output/field_example_test_lateral/area_000089.asc
nrows	150
cellsize	66.66666667
xllcorner	0
ncols	150
yllcorner	0
NODATA_value	-9999
[rows 17 to 33 of 150, columns 74 to 110 of 150]
4.444444444888888938e+03 4.444444444888888938e+03 4.444444444888888938e+03 4.444444444888888938e+03 4.444444444888888938e+03 4.444444444888888938e+03 4.444444444888888938e+03 4.444444444888888938e+03 4.444444444888888938e+03 4.444444444888888938e+03 4.444444444888888938e+03 4.444444444888888938e+03 4.444444444888888938e+03 4.444444444888888938e+03 8.888888889777777877e+03 8.888888889777777877e+03 1.333333333466666591e+04 1.333333333466666591e+04 8.000000000799998816e+04 2.666666666933333545e+04 4.444444444888888938e+03 1.777777777955554193e+05 4.444444444888888938e+03 4.444444444888888938e+03 3.555555555911111151e+04 8.888888889777777877e+03 4.444444444888888938e+03 4.444444444888888938e+03 8.888888889777777877e+03 4.444444444888888938e+03 4.444444444888888938e+03 4.444444444888888938e+03 4.444444444888888938e+03 8.888888889777777877e+03 8.888888889777777877e+03 8.888888889777777877e+03 8.888888889777777877e+03
4.444444444888888938e+03 4.444444444888888938e+03 4.444444444888888938e+03 4.444444444888888938e+03 4.444444444888888938e+03 4.444444444888888938e+03 4.444444444888888938e+03 4.444444444888888938e+03 8.888888889777777877e+03 8.888888889777777877e+03 4.444444444888888938e+03 4.444444444888888938e+03 8.888888889777777877e+03 8.888888889777777877e+03 8.888888889777777877e+03 1.333333333466666591e+04 2.666666666933333545e+04 4.444444444888888938e+03 4.444444444888888938e+03 8.888888889777775330e+04 2.133333333546664799e+05 8.444444445288887073e+04 8.000000000799998816e+04 6.222222222844445059e+04 1.777777777955555575e+04 8.888888889777777877e+03 4.444444444888888938e+03 4.444444444888888938e+03 1.777777777955555575e+04 1.333333333466666591e+04 4.444444444888888938e+03 4.444444444888888938e+03 4.444444444888888938e+03 4.444444444888888938e+03 4.444444444888888938e+03 4.444444444888888938e+03 4.444444444888888938e+03
8.888888889777777877e+03 8.888888889777777877e+03 8.888888889777777877e+03 1.333333333466666591e+04 4.444444444888888938e+03 4.444444444888888938e+03 8.888888889777777877e+03 1.333333333466666591e+04 2.222222222444444560e+04 8.888888889777777877e+03 4.444444444888888938e+03 4.444444444888888938e+03 1.333333333466666591e+04 2.666666666933333545e+04 1.333333333466666591e+04 1.333333333466666591e+04 4.444444444888889120e+04 4.444444444888888938e+03 8.888888889777777877e+03 4.444444444888888938e+03 4.044444444848893909e+05 8.888888889777777877e+03 4.444444444888888938e+03 8.888888889777777877e+03 4.444444444888888938e+03 4.444444444888888938e+03 4.444444444888888938e+03 4.444444444888888938e+03 2.666666666933333545e+04 2.222222222444444560e+04 8.888888889777777877e+03 4.444444444888888938e+03 4.444444444888888938e+03 4.444444444888888938e+03 8.888888889777777877e+03 1.333333333466666591e+04 1.777777777955555575e+04
1.333333333466666591e+04 1.333333333466666591e+04 2.666666666933333545e+04 8.888888889777777877e+03 4.444444444888888938e+03 4.444444444888888938e+03 8.888888889777777877e+03 4.888888889377778105e+04 1.333333333466666591e+04 8.888888889777777877e+03 4.444444444888888938e+03 4.444444444888888938e+03 8.888888889777777877e+03 1.333333333466666591e+04 5.777777778355556075e+04 8.444444445288887073e+04 1.555555555711110064e+05 4.444444444888888938e+03 8.888888889777777877e+03 1.333333333466666591e+04 4.222222222644450376e+05 1.333333333466666591e+04 8.888888889777777877e+03 4.444444444888888938e+03 4.444444444888888938e+03 4.444444444888888938e+03 4.444444444888888938e+03 8.888888889777777877e+03 5.777777778355556075e+04 1.333333333466666591e+04 8.888888889777777877e+03 8.888888889777777877e+03 4.444444444888888938e+03 4.444444444888888938e+03 4.444444444888888938e+03 1.333333333466666591e+04 2.222222222444444560e+04
1.777777777955555575e+04 4.444444444888888938e+03 5.333333333866667090e+04 8.888888889777777877e+03 4.444444444888888938e+03 4.444444444888888938e+03 8.888888889777777877e+03 7.555555556311110558e+04 1.333333333466666591e+04 8.888888889777777877e+03 4.444444444888888938e+03 4.444444444888888938e+03 4.444444444888888938e+03 1.333333333466666591e+04 8.888888889777777877e+03 8.888888889777777877e+03 4.444444444888888938e+03 1.777777777955554193e+05 4.444444444888888938e+03 4.577777778235563310e+05 4.444444444888888938e+03 1.333333333466666591e+04 8.888888889777777877e+03 4.444444444888888938e+03 4.444444444888888938e+03 4.444444444888888938e+03 8.888888889777777877e+03 8.888888889777777877e+03 8.444444445288887073e+04 1.333333333466666591e+04 1.333333333466666591e+04 8.888888889777777877e+03 8.888888889777777877e+03 4.444444444888888938e+03 4.444444444888888938e+03 4.444444444888888938e+03 4.444444444888888938e+03
2.222222222444444560e+04 4.444444444888888938e+03 7.111111111822222301e+04 8.888888889777777877e+03 4.444444444888888938e+03 8.888888889777777877e+03 4.444444444888888938e+03 1.022222222324444010e+05 3.555555555911111151e+04 2.222222222444444560e+04 1.333333333466666591e+04 4.444444444888888938e+03 4.444444444888888938e+03 4.444444444888888938e+03 4.444444444888888938e+03 4.444444444888888938e+03 8.888888889777777877e+03 4.444444444888888938e+03 1.911111111302220670e+05 4.933333333826676244e+05 3.111111111422222530e+04 1.333333333466666591e+04 8.888888889777777877e+03 4.444444444888888938e+03 4.444444444888888938e+03 1.333333333466666591e+04 4.444444444888888938e+03 1.333333333466666591e+04 1.111111111222221662e+05 4.444444444888888938e+03 5.333333333866667090e+04 2.666666666933333545e+04 1.333333333466666591e+04 4.444444444888888938e+03 4.444444444888888938e+03 4.444444444888888938e+03 4.444444444888888938e+03
1.022222222324444010e+05 4.444444444888888938e+03 8.888888889777775330e+04 4.444444444888888938e+03 8.888888889777777877e+03 1.333333333466666591e+04 8.888888889777777877e+03 1.733333333506665367e+05 2.666666666933333545e+04 1.777777777955555575e+04 8.888888889777777877e+03 4.444444444888888938e+03 4.444444444888888938e+03 4.444444444888888938e+03 4.444444444888888938e+03 4.444444444888888938e+03 4.444444444888888938e+03 4.444444444888888938e+03 4.444444444888888938e+03 6.977777778475552332e+05 4.444444444888888938e+03 8.888888889777777877e+03 4.444444444888888938e+03 4.444444444888888938e+03 4.444444444888888938e+03 2.222222222444444560e+04 4.444444444888888938e+03 8.888888889777777877e+03 1.333333333466665936e+05 7.555555556311110558e+04 1.777777777955555575e+04 1.333333333466666591e+04 8.888888889777777877e+03 4.444444444888888938e+03 4.444444444888888938e+03 8.888888889777777877e+03 8.888888889777777877e+03
1.777777777955555575e+04 1.288888889017776964e+05 9.777777778755551844e+04 4.444444444888888938e+03 4.444444444888888938e+03 2.177777777995553624e+05 1.822222222404443019e+05 4.444444444888888938e+03 4.444444444888888938e+03 4.444444444888888938e+03 4.444444444888888938e+03 4.444444444888888938e+03 4.444444444888888938e+03 8.888888889777777877e+03 8.888888889777777877e+03 8.888888889777777877e+03 8.888888889777777877e+03 8.888888889777777877e+03 4.444444444888888938e+03 7.244444445168883540e+05 1.777777777955555575e+04 4.444444444888888938e+03 8.888888889777777877e+03 4.444444444888888938e+03 4.444444444888888938e+03 3.111111111422222530e+04 4.444444444888888938e+03 8.888888889777777877e+03 2.444444444688886579e+05 2.222222222444444560e+04 1.777777777955555575e+04 1.333333333466666591e+04 8.888888889777777877e+03 4.444444444888888938e+03 4.444444444888888938e+03 8.888888889777777877e+03 1.333333333466666591e+04
1.333333333466666591e+04 1.777777777955555575e+04 2.533333333586664230e+05 4.444444444888888938e+03 2.666666666933331289e+05 4.000000000400000135e+04 3.555555555911111151e+04 3.111111111422222530e+04 1.333333333466666591e+04 8.888888889777777877e+03 4.444444444888888938e+03 4.444444444888888938e+03 1.333333333466666591e+04 2.222222222444444560e+04 3.555555555911111151e+04 4.888888889377778105e+04 6.222222222844445059e+04 7.555555556311110558e+04 8.888888889777775330e+04 7.333333334066660609e+05 4.444444444888888938e+03 1.333333333466666591e+04 4.444444444888888938e+03 8.888888889777777877e+03 4.444444444888888938e+03 8.888888889777777877e+03 4.000000000400000135e+04 2.577777778035553056e+05 4.444444444888888938e+03 4.444444444888888938e+03 1.777777777955555575e+04 1.333333333466666591e+04 8.888888889777777877e+03 4.444444444888888938e+03 4.444444444888888938e+03 1.777777777955555575e+04 3.555555555911111151e+04
4.444444444888888938e+03 4.444444444888888938e+03 4.444444444888888938e+03 5.333333333866676548e+05 4.444444444888889120e+04 3.555555555911111151e+04 2.666666666933333545e+04 4.444444444888888938e+03 1.333333333466666591e+04 8.888888889777777877e+03 4.444444444888888938e+03 4.444444444888888938e+03 8.888888889777777877e+03 1.333333333466666591e+04 4.444444444888888938e+03 4.444444444888888938e+03 8.888888889777777877e+03 1.066666666773332836e+05 1.155555555671110487e+05 9.466666667613310274e+05 1.777777777955555575e+04 4.444444444888888938e+03 4.444444444888888938e+03 2.222222222444444560e+04 4.444444444888888938e+03 4.444444444888888938e+03 4.311111111542228609e+05 3.777777778155559208e+05 7.555555556311110558e+04 5.777777778355556075e+04 2.666666666933333545e+04 1.777777777955555575e+04 8.888888889777777877e+03 4.444444444888888938e+03 4.444444444888888938e+03 4.444444444888888938e+03 8.888888889777777877e+03
8.888888889777777877e+03 8.888888889777777877e+03 8.888888889777777877e+03 5.911111111702227499e+05 4.444444444888888938e+03 4.444444444888888938e+03 4.444444444888888938e+03 1.777777777955555575e+04 1.333333333466666591e+04 8.888888889777777877e+03 4.444444444888888938e+03 4.444444444888888938e+03 1.333333333466666591e+04 2.666666666933333545e+04 5.333333333866667090e+04 7.111111111822222301e+04 9.333333334266663587e+04 4.444444444888888938e+03 4.444444444888888938e+03 4.444444444888888938e+03 1.017777777879552683e+06 8.888888889777777877e+03 4.444444444888888938e+03 2.666666666933333545e+04 4.444444444888888938e+03 4.577777778235563310e+05 4.444444444888888938e+03 3.555555555911111151e+04 1.333333333466666591e+04 8.888888889777777877e+03 8.888888889777777877e+03 4.444444444888888938e+03 4.444444444888888938e+03 4.444444444888888938e+03 4.444444444888888938e+03 4.444444444888888938e+03 4.444444444888888938e+03
2.222222222444444560e+04 3.555555555911111151e+04 6.533333333986666985e+05 4.444444444888888938e+03 4.444444444888888938e+03 4.444444444888888938e+03 4.444444444888888938e+03 4.444444444888888938e+03 4.444444444888888938e+03 4.444444444888888938e+03 4.444444444888888938e+03 4.444444444888888938e+03 8.888888889777777877e+03 8.888888889777777877e+03 8.888888889777777877e+03 8.888888889777777877e+03 8.888888889777777877e+03 1.333333333466666591e+04 2.666666666933333545e+04 4.000000000400000135e+04 8.888888889777777877e+03 1.048888888993774774e+06 4.444444444888888938e+03 3.111111111422222530e+04 4.800000000480008894e+05 8.888888889777777877e+03 8.888888889777777877e+03 8.888888889777777877e+03 8.888888889777777877e+03 8.888888889777777877e+03 4.444444444888888938e+03 4.444444444888888938e+03 4.444444444888888938e+03 4.444444444888888938e+03 1.333333333466666591e+04 4.444444444888888938e+03 4.444444444888888938e+03
4.444444444888888938e+03 8.888888889777777877e+03 6.711111111782221124e+05 4.444444444888888938e+03 8.888888889777777877e+03 8.888888889777777877e+03 8.888888889777777877e+03 8.888888889777777877e+03 8.888888889777777877e+03 1.333333333466666591e+04 4.444444444888888938e+03 4.444444444888888938e+03 4.444444444888888938e+03 4.444444444888888938e+03 4.444444444888888938e+03 4.444444444888888938e+03 8.888888889777777877e+03 8.888888889777777877e+03 8.888888889777777877e+03 4.444444444888888938e+03 4.444444444888888938e+03 4.444444444888888938e+03 1.062222222328441683e+06 5.200000000520010944e+05 4.444444444888888938e+03 4.444444444888888938e+03 4.444444444888888938e+03 4.444444444888888938e+03 4.444444444888888938e+03 4.444444444888888938e+03 4.444444444888888938e+03 4.444444444888888938e+03 4.444444444888888938e+03 8.888888889777777877e+03 2.666666666933333545e+04 8.888888889777777877e+03 4.444444444888888938e+03
1.333333333466666591e+04 4.444444444888888938e+03 8.888888889777759323e+05 2.088888889097775973e+05 8.000000000799998816e+04 6.666666667333334044e+04 5.333333333866667090e+04 4.000000000400000135e+04 2.666666666933333545e+04 8.888888889777777877e+03 4.444444444888888938e+03 4.444444444888888938e+03 4.444444444888888938e+03 4.444444444888888938e+03 4.444444444888888938e+03 4.444444444888888938e+03 4.444444444888888938e+03 4.444444444888888938e+03 4.444444444888888938e+03 8.888888889777777877e+03 1.333333333466666591e+04 4.444444444888888938e+03 1.613333333494673949e+06 2.222222222444444560e+04 1.777777777955555575e+04 1.333333333466666591e+04 8.888888889777777877e+03 4.444444444888888938e+03 4.444444444888888938e+03 4.444444444888888938e+03 4.444444444888888938e+03 4.444444444888888938e+03 8.888888889777777877e+03 8.888888889777777877e+03 4.888888889377778105e+04 8.888888889777777877e+03 8.888888889777777877e+03
1.333333333466666591e+04 9.244444445368867600e+05 8.888888889777777877e+03 4.444444444888888938e+03 1.155555555671110487e+05 7.111111111822222301e+04 5.333333333866667090e+04 3.555555555911111151e+04 2.222222222444444560e+04 1.333333333466666591e+04 4.444444444888888938e+03 4.444444444888888938e+03 8.888888889777777877e+03 8.888888889777777877e+03 1.333333333466666591e+04 4.444444444888888938e+03 4.444444444888888938e+03 8.888888889777777877e+03 1.333333333466666591e+04 4.444444444888888938e+03 8.888888889777777877e+03 2.666666666933333545e+04 1.657777777943563648e+06 1.333333333466666591e+04 8.888888889777777877e+03 4.444444444888888938e+03 4.444444444888888938e+03 2.222222222444444560e+04 1.333333333466666591e+04 4.444444444888888938e+03 4.444444444888888938e+03 8.888888889777777877e+03 8.888888889777777877e+03 1.333333333466666591e+04 7.111111111822222301e+04 2.222222222444444560e+04 8.888888889777777877e+03
9.600000000959975878e+05 4.444444444888888938e+03 4.444444444888888938e+03 4.444444444888888938e+03 8.888888889777777877e+03 3.111111111422222530e+04 1.333333333466666591e+04 1.333333333466666591e+04 8.888888889777777877e+03 4.444444444888888938e+03 4.444444444888888938e+03 4.444444444888888938e+03 8.888888889777777877e+03 1.333333333466666591e+04 3.111111111422222530e+04 4.444444444888888938e+03 4.444444444888888938e+03 8.888888889777777877e+03 1.333333333466666591e+04 3.111111111422222530e+04 4.444444444888888938e+03 8.888888889777777877e+03 1.675555555723119527e+06 4.444444444888888938e+03 4.444444444888888938e+03 4.444444444888888938e+03 4.000000000400000135e+04 8.888888889777777877e+03 4.444444444888888938e+03 4.444444444888888938e+03 4.444444444888888938e+03 8.888888889777777877e+03 1.333333333466666591e+04 2.666666666933333545e+04 9.777777778755551844e+04 4.444444444888888938e+03 8.888888889777777877e+03
9.955555556551084155e+05 2.666666666933333545e+04 1.777777777955555575e+04 8.888888889777777877e+03 4.444444444888888938e+03 1.333333333466666591e+04 1.333333333466666591e+04 8.888888889777777877e+03 8.888888889777777877e+03 4.444444444888888938e+03 4.444444444888888938e+03 4.444444444888888938e+03 8.888888889777777877e+03 1.333333333466666591e+04 4.888888889377778105e+04 8.888888889777777877e+03 4.444444444888888938e+03 4.444444444888888938e+03 8.888888889777777877e+03 1.333333333466666591e+04 4.888888889377778105e+04 4.444444444888888938e+03 1.800000000180010684e+06 1.155555555671110487e+05 8.888888889777777877e+03 5.777777778355556075e+04 1.333333333466666591e+04 8.888888889777777877e+03 4.444444444888888938e+03 4.444444444888888938e+03 8.888888889777777877e+03 8.888888889777777877e+03 1.333333333466666591e+04 4.444444444888889120e+04 1.333333333466665936e+05 2.666666666933333545e+04 1.333333333466666591e+04
