output/field_example_test_lateral/area_000022.asc
nrows	150
cellsize	66.66666667
xllcorner	0
ncols	150
yllcorner	0
NODATA_value	-9999
[rows 34 to 50 of 150, columns 74 to 110 of 150]
1.333333333466666591e+04 8.888888889777777877e+03 4.444444444888888938e+03 1.777777777955555575e+04 1.333333333466666591e+04 8.888888889777777877e+03 4.444444444888888938e+03 4.444444444888888938e+03 4.444444444888888938e+03 8.888888889777777877e+03 8.888888889777777877e+03 2.222222222444444560e+04 3.555555555911111151e+04 5.333333333866667090e+04 2.088888889097775973e+05 4.444444444888888938e+03 1.333333333466666591e+04 1.333333333466666591e+04 4.444444444888888938e+03 1.777777777955555575e+04 2.111111111322237644e+06 8.888888889777775330e+04 8.888888889777777877e+03 4.444444444888888938e+03 4.444444444888888938e+03 3.555555555911111151e+04 8.888888889777777877e+03 4.444444444888888938e+03 8.888888889777777877e+03 4.444444444888888938e+03 4.444444444888888938e+03 4.444444444888888938e+03 4.444444444888888938e+03 4.444444444888888938e+03 4.444444444888888938e+03 4.444444444888888938e+03 4.444444444888888938e+03
4.444444444888888938e+03 4.444444444888888938e+03 4.444444444888888938e+03 4.444444444888888938e+03 8.888888889777777877e+03 4.444444444888888938e+03 4.444444444888888938e+03 4.444444444888888938e+03 8.888888889777777877e+03 1.777777777955555575e+04 4.444444444888888938e+03 4.444444444888888938e+03 4.444444444888888938e+03 4.444444444888888938e+03 4.444444444888888938e+03 2.311111111342220102e+05 4.444444444888888938e+03 1.777777777955555575e+04 4.444444444888888938e+03 2.151111111326236278e+06 4.444444444888888938e+03 5.777777778355556075e+04 7.555555556311110558e+04 1.777777777955555575e+04 8.888888889777777877e+03 4.444444444888888938e+03 2.222222222444444560e+04 1.333333333466666591e+04 4.444444444888888938e+03 4.444444444888888938e+03 4.444444444888888938e+03 4.444444444888888938e+03 4.444444444888888938e+03 4.444444444888888938e+03 1.333333333466666591e+04 8.888888889777777877e+03 4.444444444888888938e+03
8.888888889777777877e+03 4.000000000400000135e+04 3.111111111422222530e+04 2.222222222444444560e+04 8.888888889777777877e+03 4.444444444888888938e+03 4.444444444888888938e+03 8.888888889777777877e+03 8.888888889777777877e+03 3.111111111422222530e+04 8.888888889777777877e+03 4.444444444888888938e+03 8.888888889777777877e+03 8.888888889777777877e+03 2.533333333586664230e+05 4.444444444888888938e+03 2.271111111338232178e+06 2.262222222448454704e+06 2.222222222444456071e+06 1.777777777955555575e+04 8.888888889777777877e+03 4.444444444888888938e+03 4.888888889377778105e+04 5.333333333866667090e+04 1.333333333466666591e+04 8.888888889777777877e+03 4.444444444888888938e+03 4.444444444888888938e+03 4.444444444888888938e+03 4.444444444888888938e+03 4.444444444888888938e+03 8.888888889777777877e+03 8.888888889777777877e+03 8.888888889777777877e+03 3.111111111422222530e+04 8.888888889777777877e+03 4.444444444888888938e+03
5.333333333866667090e+04 8.888888889777777877e+03 4.444444444888888938e+03 4.444444444888888938e+03 4.444444444888888938e+03 4.444444444888888938e+03 4.444444444888888938e+03 1.333333333466666591e+04 2.666666666933333545e+04 7.111111111822222301e+04 1.333333333466666591e+04 8.888888889777777877e+03 4.444444444888888938e+03 1.333333333466666591e+04 4.444444444888888938e+03 2.542222222476445138e+06 4.444444444888888938e+03 1.777777777955555575e+04 4.444444444888888938e+03 4.000000000400000135e+04 1.333333333466666591e+04 4.444444444888888938e+03 8.888888889777777877e+03 3.555555555911111151e+04 3.555555555911111151e+04 2.222222222444444560e+04 1.333333333466666591e+04 4.444444444888888938e+03 4.444444444888888938e+03 4.444444444888888938e+03 8.888888889777777877e+03 8.888888889777777877e+03 1.333333333466666591e+04 1.333333333466666591e+04 5.333333333866667090e+04 8.888888889777777877e+03 4.444444444888888938e+03
6.222222222844445059e+04 4.444444444888888938e+03 3.111111111422222530e+04 2.222222222444444560e+04 1.333333333466666591e+04 4.444444444888888938e+03 4.444444444888888938e+03 4.444444444888888938e+03 4.444444444888888938e+03 4.444444444888888938e+03 9.333333334266663587e+04 1.333333333466666591e+04 4.444444444888888938e+03 8.888888889777777877e+03 2.577777778035555035e+06 4.444444444888888938e+03 4.444444444888888938e+03 8.888888889777777877e+03 4.444444444888888938e+03 2.222222222444444560e+04 1.333333333466666591e+04 8.888888889777777877e+03 4.444444444888888938e+03 2.222222222444444560e+04 8.888888889777777877e+03 8.888888889777777877e+03 4.444444444888888938e+03 4.444444444888888938e+03 4.444444444888888938e+03 8.888888889777777877e+03 8.888888889777777877e+03 1.333333333466666591e+04 1.333333333466666591e+04 1.777777777955555575e+04 8.000000000799998816e+04 8.888888889777777877e+03 8.888888889777777877e+03
4.444444444888888938e+03 5.333333333866667090e+04 1.777777777955555575e+04 1.333333333466666591e+04 8.888888889777777877e+03 4.444444444888888938e+03 4.444444444888888938e+03 8.888888889777777877e+03 8.888888889777777877e+03 8.888888889777777877e+03 4.444444444888888938e+03 1.111111111222221662e+05 4.444444444888888938e+03 8.888888889777777877e+03 2.764444444720881991e+06 4.444444444888888938e+03 4.444444444888888938e+03 4.444444444888888938e+03 4.444444444888888938e+03 8.888888889777777877e+03 8.888888889777777877e+03 8.888888889777777877e+03 4.444444444888888938e+03 1.333333333466666591e+04 4.444444444888888938e+03 4.444444444888888938e+03 4.444444444888888938e+03 4.444444444888888938e+03 4.444444444888888938e+03 8.888888889777777877e+03 1.333333333466666591e+04 1.333333333466666591e+04 1.777777777955555575e+04 1.777777777955555575e+04 1.111111111222221662e+05 1.333333333466666591e+04 4.444444444888888938e+03
2.222222222444444560e+04 1.777777777955555575e+04 1.333333333466666591e+04 8.888888889777777877e+03 4.444444444888888938e+03 4.444444444888888938e+03 4.444444444888888938e+03 8.888888889777777877e+03 1.333333333466666591e+04 1.333333333466666591e+04 2.666666666933333545e+04 1.466666666813332413e+05 4.444444444888888938e+03 2.791111111390214413e+06 4.444444444888888938e+03 1.777777777955554193e+05 2.222222222444444560e+04 1.333333333466666591e+04 8.888888889777777877e+03 4.444444444888888938e+03 4.444444444888888938e+03 4.444444444888888938e+03 4.444444444888888938e+03 4.444444444888888938e+03 4.444444444888888938e+03 4.444444444888888938e+03 4.444444444888888938e+03 4.444444444888888938e+03 8.888888889777777877e+03 8.888888889777777877e+03 1.333333333466666591e+04 1.777777777955555575e+04 1.777777777955555575e+04 2.222222222444444560e+04 1.466666666813332413e+05 8.888888889777777877e+03 4.444444444888888938e+03
2.222222222444444560e+04 1.777777777955555575e+04 1.333333333466666591e+04 8.888888889777777877e+03 4.444444444888888938e+03 4.444444444888888938e+03 8.888888889777777877e+03 8.888888889777777877e+03 1.333333333466666591e+04 1.777777777955555575e+04 4.444444444888888938e+03 4.444444444888888938e+03 2.977777778075541370e+06 4.444444444888888938e+03 4.444444444888888938e+03 8.888888889777777877e+03 1.377777777915554761e+05 8.888888889777777877e+03 4.444444444888888938e+03 4.444444444888888938e+03 4.444444444888888938e+03 4.444444444888888938e+03 4.444444444888888938e+03 4.444444444888888938e+03 4.444444444888888938e+03 4.444444444888888938e+03 8.888888889777777877e+03 8.888888889777777877e+03 8.888888889777777877e+03 2.222222222444444560e+04 4.444444444888888938e+03 3.555555555911111151e+04 4.444444444888888938e+03 2.666666666933333545e+04 1.822222222404443019e+05 8.888888889777777877e+03 4.444444444888888938e+03
1.777777777955555575e+04 1.333333333466666591e+04 8.888888889777777877e+03 4.444444444888888938e+03 4.444444444888888938e+03 4.444444444888888938e+03 8.888888889777777877e+03 1.333333333466666591e+04 2.666666666933333545e+04 4.444444444888888938e+03 3.048888889193761162e+06 3.022222222524428740e+06 1.777777777955555575e+04 2.666666666933333545e+04 8.888888889777777877e+03 4.444444444888888938e+03 1.333333333466666591e+04 1.111111111222221662e+05 7.111111111822222301e+04 5.333333333866667090e+04 4.000000000400000135e+04 2.666666666933333545e+04 1.333333333466666591e+04 4.444444444888888938e+03 4.444444444888888938e+03 8.888888889777777877e+03 8.888888889777777877e+03 1.333333333466666591e+04 1.333333333466666591e+04 3.555555555911111151e+04 4.444444444888888938e+03 4.444444444888889120e+04 4.444444444888888938e+03 4.444444444888888938e+03 2.222222222444442450e+05 8.888888889777777877e+03 4.444444444888888938e+03
1.333333333466666591e+04 8.888888889777777877e+03 4.444444444888888938e+03 4.444444444888888938e+03 8.888888889777777877e+03 4.444444444888888938e+03 8.888888889777777877e+03 2.222222222444444560e+04 1.777777777955555575e+04 3.111111111422203481e+06 2.666666666933333545e+04 4.444444444888888938e+03 1.333333333466666591e+04 1.333333333466666591e+04 1.333333333466666591e+04 4.444444444888888938e+03 8.888888889777777877e+03 2.666666666933333545e+04 8.888888889777777877e+03 8.888888889777777877e+03 4.444444444888888938e+03 4.444444444888888938e+03 4.444444444888888938e+03 4.444444444888888938e+03 4.444444444888888938e+03 8.888888889777777877e+03 1.333333333466666591e+04 1.333333333466666591e+04 1.777777777955555575e+04 5.333333333866667090e+04 4.444444444888888938e+03 5.777777778355556075e+04 4.444444444888888938e+03 4.444444444888888938e+03 2.400000000239997753e+05 8.888888889777777877e+03 4.444444444888888938e+03
4.444444444888888938e+03 4.444444444888888938e+03 4.444444444888888938e+03 8.888888889777777877e+03 1.333333333466666591e+04 4.444444444888888938e+03 8.888888889777777877e+03 1.333333333466666591e+04 5.777777778355556075e+04 3.124444444756869692e+06 4.444444444888888938e+03 2.222222222444444560e+04 8.888888889777777877e+03 8.888888889777777877e+03 8.888888889777777877e+03 8.888888889777777877e+03 4.444444444888888938e+03 1.333333333466666591e+04 8.888888889777777877e+03 4.444444444888888938e+03 4.444444444888888938e+03 4.444444444888888938e+03 4.444444444888888938e+03 4.444444444888888938e+03 8.888888889777777877e+03 8.888888889777777877e+03 1.333333333466666591e+04 1.777777777955555575e+04 1.777777777955555575e+04 7.555555556311110558e+04 4.444444444888888938e+03 7.111111111822222301e+04 4.444444444888888938e+03 4.444444444888888938e+03 2.622222222484442173e+05 8.888888889777777877e+03 4.444444444888888938e+03
2.133333333546681330e+06 8.888888889777777877e+03 4.444444444888888938e+03 1.333333333466666591e+04 1.777777777955555575e+04 8.888888889777777877e+03 4.444444444888888938e+03 4.444444444888888938e+03 3.195555555875089485e+06 4.444444444888888938e+03 4.444444444888888938e+03 4.444444444888888938e+03 4.444444444888888938e+03 4.444444444888888938e+03 4.444444444888888938e+03 4.444444444888888938e+03 4.444444444888888938e+03 4.444444444888888938e+03 4.444444444888888938e+03 4.444444444888888938e+03 4.444444444888888938e+03 4.444444444888888938e+03 8.888888889777777877e+03 1.333333333466666591e+04 4.444444444888888938e+03 1.333333333466666591e+04 1.333333333466666591e+04 1.777777777955555575e+04 2.222222222444444560e+04 9.777777778755551844e+04 4.444444444888888938e+03 8.888888889777775330e+04 4.444444444888888938e+03 4.444444444888888938e+03 2.666666666933331289e+05 1.777777777955555575e+04 4.444444444888888938e+03
2.146666666881347541e+06 8.888888889777777877e+03 4.444444444888888938e+03 1.777777777955555575e+04 4.444444444888888938e+03 3.111111111422222530e+04 8.888888889777777877e+03 4.444444444888888938e+03 3.213333333654644433e+06 1.333333333466666591e+04 8.888888889777777877e+03 4.444444444888888938e+03 4.444444444888888938e+03 4.444444444888888938e+03 4.444444444888888938e+03 4.444444444888888938e+03 4.444444444888888938e+03 4.444444444888888938e+03 4.444444444888888938e+03 4.444444444888888938e+03 4.444444444888888938e+03 8.888888889777777877e+03 8.888888889777777877e+03 2.666666666933333545e+04 4.444444444888888938e+03 8.888888889777777877e+03 2.666666666933333545e+04 1.777777777955555575e+04 2.222222222444444560e+04 1.244444444568888139e+05 4.444444444888888938e+03 4.444444444888888938e+03 1.236000000123652071e+07 1.226222222344895825e+07 1.221777777900006622e+07 1.194222222341693565e+07 1.191555555674760044e+07
4.444444444888888938e+03 2.164444444660902489e+06 2.666666666933333545e+04 4.444444444888888938e+03 8.888888889777777877e+03 4.444444444888888938e+03 4.444444444888889120e+04 3.226666666989310645e+06 4.444444444888888938e+03 4.444444444888888938e+03 4.444444444888888938e+03 8.888888889777777877e+03 4.444444444888888938e+03 8.888888889777777877e+03 1.333333333466666591e+04 8.888888889777777877e+03 8.888888889777777877e+03 8.888888889777777877e+03 4.444444444888888938e+03 4.444444444888888938e+03 8.888888889777777877e+03 8.888888889777777877e+03 1.333333333466666591e+04 4.444444444888889120e+04 4.444444444888888938e+03 4.444444444888888938e+03 4.444444444888888938e+03 4.888888889377778105e+04 4.444444444888888938e+03 1.511111111262221239e+05 4.444444444888888938e+03 1.238222222346096672e+07 4.444444444888888938e+03 3.555555555911111151e+04 4.444444444888888938e+03 4.444444444888888938e+03 4.888888889377778105e+04
4.444444444888888938e+03 4.444444444888888938e+03 2.195555555775123648e+06 3.267111111437351629e+07 4.444444444888888938e+03 3.256444444769622013e+07 3.255555555880644545e+07 2.927555555847958848e+07 2.926222222514492646e+07 2.666666666933333545e+04 1.333333333466666591e+04 8.888888889777777877e+03 4.444444444888888938e+03 1.333333333466666591e+04 6.222222222844445059e+04 3.555555555911111151e+04 2.222222222444444560e+04 8.888888889777777877e+03 4.444444444888888938e+03 8.888888889777777877e+03 4.444444444888888938e+03 1.333333333466666591e+04 1.333333333466666591e+04 6.666666667333334044e+04 4.444444444888888938e+03 4.444444444888888938e+03 8.888888889777777877e+03 1.777777777955555575e+04 7.555555556311110558e+04 1.257333333459120244e+07 1.241777777902008034e+07 2.222222222444444560e+04 4.444444444888888938e+03 2.666666666933333545e+04 4.444444444888888938e+03 2.222222222444444560e+04 2.222222222444444560e+04
2.666666666933333545e+04 3.495555555904561281e+07 3.487555555903764069e+07 4.444444444888888938e+03 3.264888889214907959e+07 7.111111111822222301e+04 4.444444444888888938e+03 8.888888889777777877e+03 4.444444444888888938e+03 2.922666666958582774e+07 4.444444444888888938e+03 1.777777777955555575e+04 4.444444444888888938e+03 8.444444445288887073e+04 4.444444444888888938e+03 4.444444444888888938e+03 4.444444444888888938e+03 4.444444444888888938e+03 8.888888889777777877e+03 1.333333333466666591e+04 4.444444444888888938e+03 1.333333333466666591e+04 3.111111111422222530e+04 1.155555555671110487e+05 8.888888889777777877e+03 8.888888889777777877e+03 4.444444444888888938e+03 4.444444444888888938e+03 1.321333333465524763e+07 4.444444444888888938e+03 4.444444444888888938e+03 1.333333333466666591e+04 4.444444444888888938e+03 8.888888889777777877e+03 1.333333333466666591e+04 1.777777777955555575e+04 1.777777777955555575e+04
3.499111111460471153e+07 4.444444444888888938e+03 6.666666667333334044e+04 4.444444444888888938e+03 8.888888889777777877e+03 6.222222222844445059e+04 4.444444444888888938e+03 4.444444444888888938e+03 8.888888889777777877e+03 4.444444444888888938e+03 2.920444444736139104e+07 1.200000000119999313e+05 9.777777778755551844e+04 4.444444444888888938e+03 4.444444444888888938e+03 1.333333333466666591e+04 4.444444444888888938e+03 8.888888889777777877e+03 2.666666666933333545e+04 4.444444444888888938e+03 4.444444444888888938e+03 4.444444444888888938e+03 4.444444444888888938e+03 4.444444444888888938e+03 1.200000000119999313e+05 1.422222222364443587e+05 1.325777777910413966e+07 1.322666666798991524e+07 4.444444444888888938e+03 5.555555556111119222e+05 4.444444444888888938e+03 4.444444444888888938e+03 8.888888889777777877e+03 4.444444444888888938e+03 8.888888889777777877e+03 1.333333333466666591e+04 1.333333333466666591e+04
