output/field_example_test_lateral/area_000095.asc
nrows	150
cellsize	66.66666667
xllcorner	0
ncols	150
yllcorner	0
NODATA_value	-9999
[rows 68 to 84 of 150, columns 74 to 110 of 150]
4.444444444888888938e+03 4.444444444888888938e+03 1.333333333466666591e+04 4.000000000400000135e+04 4.755555556031119777e+05 4.444444444888888938e+03 4.444444444888888938e+03 4.444444444888888938e+03 4.444444444888888938e+03 4.444444444888888938e+03 4.444444444888888938e+03 4.444444444888888938e+03 4.444444444888888938e+03 4.444444444888888938e+03 4.444444444888888938e+03 4.444444444888888938e+03 8.888888889777777877e+03 7.555555556311110558e+04 4.444444444888888938e+03 8.000000000799998816e+04 4.444444444888888938e+03 8.888888889777777877e+03 1.777777777955555575e+04 1.777777777955555575e+04 2.222222222444444560e+04 4.444444444888888938e+03 1.333333333466666591e+04 4.444444444888888938e+03 4.444444444888888938e+03 4.444444444888888938e+03 4.444444444888888938e+03 4.444444444888888938e+03 4.444444444888888938e+03 4.444444444888888938e+03 4.444444444888888938e+03 9.600000000959975878e+05 4.444444444888888938e+03
4.444444444888888938e+03 4.444444444888888938e+03 2.666666666933333545e+04 8.888888889777777877e+03 4.444444444888888938e+03 4.622222222684452427e+05 4.444444444888888938e+03 4.444444444888888938e+03 4.444444444888888938e+03 4.444444444888888938e+03 4.444444444888888938e+03 4.444444444888888938e+03 4.444444444888888938e+03 4.444444444888888938e+03 4.444444444888888938e+03 4.444444444888888938e+03 1.333333333466666591e+04 4.888888889377778105e+04 4.444444444888888938e+03 4.000000000400000135e+04 3.111111111422222530e+04 4.444444444888888938e+03 1.333333333466666591e+04 1.333333333466666591e+04 1.333333333466666591e+04 4.444444444888888938e+03 4.444444444888888938e+03 4.444444444888888938e+03 4.444444444888888938e+03 4.444444444888888938e+03 8.888888889777777877e+03 8.888888889777777877e+03 8.888888889777777877e+03 8.888888889777777877e+03 9.288888889817756135e+05 8.888888889777777877e+03 4.444444444888888938e+03
4.444444444888888938e+03 4.444444444888888938e+03 1.777777777955555575e+04 4.444444444888888938e+03 1.333333333466666591e+04 1.466666666813332413e+05 2.888888889177776873e+05 2.800000000279998640e+05 2.577777778035553056e+05 1.777777777955555575e+04 8.888888889777777877e+03 8.888888889777777877e+03 8.888888889777777877e+03 8.888888889777777877e+03 4.444444444888888938e+03 4.444444444888888938e+03 4.444444444888888938e+03 4.000000000400000135e+04 1.777777777955555575e+04 1.777777777955555575e+04 2.222222222444444560e+04 4.444444444888888938e+03 8.888888889777777877e+03 8.888888889777777877e+03 4.444444444888888938e+03 4.444444444888888938e+03 4.444444444888888938e+03 4.444444444888888938e+03 4.444444444888888938e+03 8.888888889777777877e+03 1.777777777955555575e+04 3.111111111422222530e+04 4.444444444888889120e+04 8.755555556431093719e+05 4.444444444888888938e+03 3.111111111422222530e+04 4.444444444888888938e+03
4.444444444888888938e+03 4.444444444888888938e+03 8.888888889777777877e+03 8.888888889777777877e+03 1.333333333466666591e+04 1.288888889017776964e+05 4.444444444888888938e+03 8.888888889777777877e+03 4.444444444888888938e+03 2.266666666893331276e+05 1.288888889017776964e+05 9.333333334266663587e+04 3.111111111422222530e+04 1.777777777955555575e+04 8.888888889777777877e+03 4.444444444888888938e+03 4.444444444888888938e+03 3.111111111422222530e+04 1.333333333466666591e+04 1.333333333466666591e+04 1.333333333466666591e+04 4.444444444888888938e+03 4.444444444888888938e+03 4.444444444888888938e+03 4.444444444888888938e+03 4.444444444888888938e+03 4.444444444888888938e+03 8.888888889777777877e+03 8.888888889777777877e+03 8.888888889777777877e+03 4.444444444888888938e+03 4.444444444888888938e+03 8.044444445248877164e+05 8.888888889777777877e+03 4.444444444888888938e+03 2.222222222444444560e+04 4.444444444888888938e+03
4.444444444888888938e+03 4.444444444888888938e+03 4.444444444888888938e+03 8.888888889777777877e+03 8.888888889777777877e+03 2.222222222444444560e+04 9.333333334266663587e+04 4.444444444888888938e+03 4.444444444888888938e+03 7.111111111822222301e+04 2.222222222444444560e+04 2.222222222444444560e+04 4.888888889377778105e+04 3.111111111422222530e+04 1.333333333466666591e+04 4.444444444888888938e+03 1.333333333466666591e+04 1.333333333466666591e+04 8.888888889777777877e+03 8.888888889777777877e+03 4.444444444888888938e+03 4.444444444888888938e+03 4.444444444888888938e+03 4.444444444888888938e+03 4.444444444888888938e+03 8.888888889777777877e+03 8.888888889777777877e+03 8.888888889777777877e+03 1.333333333466666591e+04 1.333333333466666591e+04 1.333333333466666591e+04 7.377777778515549144e+05 4.444444444888889120e+04 1.333333333466666591e+04 4.444444444888888938e+03 8.888888889777777877e+03 8.888888889777777877e+03
4.444444444888888938e+03 4.444444444888888938e+03 4.444444444888888938e+03 4.444444444888888938e+03 8.888888889777777877e+03 8.888888889777777877e+03 7.555555556311110558e+04 8.888888889777777877e+03 4.444444444888888938e+03 4.444444444888889120e+04 1.777777777955555575e+04 1.777777777955555575e+04 1.777777777955555575e+04 1.333333333466666591e+04 1.333333333466666591e+04 4.444444444888888938e+03 8.888888889777777877e+03 8.888888889777777877e+03 4.444444444888888938e+03 4.444444444888888938e+03 4.444444444888888938e+03 4.444444444888888938e+03 4.444444444888888938e+03 8.888888889777777877e+03 8.888888889777777877e+03 8.888888889777777877e+03 1.333333333466666591e+04 2.666666666933333545e+04 4.000000000400000135e+04 6.888888889577775262e+05 7.111111111822217936e+05 4.444444444888888938e+03 3.111111111422222530e+04 8.888888889777777877e+03 8.888888889777777877e+03 4.444444444888888938e+03 4.444444444888888938e+03
8.888888889777777877e+03 4.444444444888888938e+03 4.444444444888888938e+03 4.444444444888888938e+03 4.444444444888888938e+03 8.888888889777777877e+03 5.333333333866667090e+04 8.888888889777777877e+03 4.444444444888888938e+03 2.666666666933333545e+04 1.333333333466666591e+04 1.333333333466666591e+04 1.333333333466666591e+04 1.333333333466666591e+04 8.888888889777777877e+03 8.888888889777777877e+03 4.444444444888888938e+03 4.444444444888888938e+03 4.444444444888888938e+03 4.444444444888888938e+03 4.444444444888888938e+03 8.888888889777777877e+03 1.777777777955555575e+04 2.666666666933333545e+04 2.222222222444444560e+04 4.444444444888888938e+03 1.333333333466666591e+04 4.444444444888888938e+03 4.444444444888888938e+03 6.177777778395558707e+05 1.333333333466666591e+04 4.444444444888888938e+03 8.888888889777777877e+03 1.777777777955555575e+04 4.444444444888888938e+03 4.444444444888888938e+03 4.444444444888888938e+03
8.888888889777777877e+03 8.888888889777777877e+03 4.444444444888888938e+03 4.444444444888888938e+03 4.444444444888888938e+03 4.444444444888888938e+03 3.555555555911111151e+04 8.888888889777777877e+03 4.444444444888888938e+03 1.333333333466666591e+04 8.888888889777777877e+03 8.888888889777777877e+03 8.888888889777777877e+03 8.888888889777777877e+03 8.888888889777777877e+03 4.444444444888888938e+03 4.444444444888888938e+03 4.444444444888888938e+03 4.444444444888888938e+03 8.888888889777777877e+03 8.888888889777777877e+03 8.888888889777777877e+03 4.444444444888888938e+03 4.444444444888888938e+03 3.111111111422222530e+04 2.666666666933333545e+04 3.555555555911111151e+04 4.888888889377787127e+05 5.822222222804450430e+05 1.333333333466666591e+04 1.333333333466666591e+04 8.888888889777777877e+03 4.444444444888888938e+03 8.888888889777777877e+03 4.444444444888888938e+03 4.444444444888888938e+03 4.444444444888888938e+03
8.000000000799998816e+04 5.333333333866667090e+04 3.555555555911111151e+04 1.777777777955555575e+04 4.444444444888888938e+03 8.888888889777777877e+03 1.333333333466666591e+04 8.888888889777777877e+03 4.444444444888888938e+03 4.444444444888888938e+03 4.444444444888888938e+03 4.444444444888888938e+03 4.444444444888888938e+03 4.444444444888888938e+03 4.444444444888888938e+03 4.444444444888888938e+03 4.444444444888888938e+03 8.888888889777777877e+03 1.777777777955555575e+04 2.666666666933333545e+04 6.222222222844445059e+04 8.444444445288887073e+04 4.444444444888888938e+03 8.888888889777777877e+03 3.377777778115557157e+05 4.133333333746672142e+05 4.266666667093339493e+05 4.444444444888888938e+03 7.555555556311110558e+04 1.333333333466666591e+04 8.888888889777777877e+03 8.888888889777777877e+03 4.444444444888888938e+03 4.444444444888888938e+03 4.444444444888888938e+03 4.444444444888888938e+03 8.888888889777777877e+03
1.333333333466666591e+04 1.333333333466666591e+04 8.888888889777777877e+03 8.888888889777777877e+03 8.888888889777777877e+03 4.444444444888888938e+03 4.444444444888888938e+03 4.444444444888888938e+03 4.444444444888888938e+03 4.444444444888888938e+03 4.444444444888888938e+03 4.444444444888888938e+03 4.444444444888888938e+03 4.444444444888888938e+03 4.444444444888888938e+03 4.444444444888888938e+03 4.444444444888888938e+03 4.444444444888888938e+03 1.333333333466666591e+04 2.222222222444444560e+04 8.888888889777777877e+03 1.777777777955555575e+04 1.111111111222221662e+05 3.200000000320000690e+05 4.444444444888888938e+03 3.555555555911111151e+04 8.888888889777777877e+03 4.444444444888888938e+03 5.777777778355556075e+04 8.888888889777777877e+03 8.888888889777777877e+03 4.444444444888888938e+03 4.444444444888888938e+03 4.444444444888888938e+03 4.444444444888888938e+03 8.888888889777777877e+03 8.888888889777777877e+03
1.333333333466666591e+04 8.888888889777777877e+03 8.888888889777777877e+03 4.444444444888888938e+03 4.444444444888888938e+03 4.444444444888888938e+03 4.444444444888888938e+03 4.444444444888888938e+03 4.444444444888888938e+03 8.888888889777777877e+03 8.888888889777777877e+03 8.888888889777777877e+03 1.333333333466666591e+04 8.888888889777777877e+03 8.888888889777777877e+03 8.888888889777777877e+03 4.444444444888888938e+03 4.444444444888888938e+03 4.444444444888888938e+03 4.444444444888888938e+03 4.444444444888888938e+03 4.444444444888888938e+03 4.444444444888888938e+03 2.000000000199998321e+05 4.444444444888888938e+03 2.666666666933333545e+04 4.444444444888888938e+03 1.777777777955555575e+04 1.777777777955555575e+04 1.777777777955555575e+04 4.444444444888888938e+03 4.444444444888888938e+03 4.444444444888888938e+03 4.444444444888888938e+03 1.333333333466666591e+04 2.222222222444444560e+04 1.333333333466666591e+04
8.888888889777777877e+03 8.888888889777777877e+03 4.444444444888888938e+03 4.444444444888888938e+03 4.444444444888888938e+03 4.444444444888888938e+03 8.888888889777777877e+03 4.444444444888888938e+03 8.888888889777777877e+03 1.777777777955555575e+04 1.333333333466666591e+04 2.666666666933333545e+04 1.333333333466666591e+04 1.333333333466666591e+04 1.333333333466666591e+04 8.888888889777777877e+03 4.444444444888888938e+03 4.444444444888888938e+03 4.444444444888888938e+03 1.333333333466666591e+04 2.222222222444444560e+04 3.111111111422222530e+04 3.555555555911111151e+04 1.511111111262221239e+05 4.444444444888888938e+03 1.777777777955555575e+04 4.444444444888888938e+03 1.333333333466666591e+04 1.333333333466666591e+04 8.888888889777777877e+03 4.444444444888888938e+03 4.444444444888888938e+03 4.444444444888888938e+03 8.888888889777777877e+03 4.444444444888888938e+03 4.444444444888888938e+03 6.533333333986666985e+05
8.888888889777777877e+03 4.444444444888888938e+03 4.444444444888888938e+03 4.444444444888888938e+03 4.444444444888888938e+03 1.333333333466666591e+04 1.333333333466666591e+04 4.444444444888888938e+03 8.888888889777777877e+03 3.111111111422222530e+04 4.444444444888889120e+04 1.777777777955555575e+04 1.777777777955555575e+04 1.777777777955555575e+04 1.333333333466666591e+04 8.888888889777777877e+03 8.888888889777777877e+03 4.444444444888888938e+03 4.444444444888888938e+03 4.444444444888888938e+03 4.444444444888888938e+03 4.444444444888888938e+03 5.777777778355556075e+04 8.444444445288887073e+04 4.444444444888888938e+03 8.888888889777777877e+03 4.444444444888888938e+03 8.888888889777777877e+03 8.888888889777777877e+03 4.444444444888888938e+03 4.444444444888888938e+03 4.444444444888888938e+03 1.333333333466666591e+04 4.444444444888888938e+03 1.333333333466666591e+04 6.133333333946670173e+05 4.444444444888888938e+03
4.444444444888888938e+03 4.444444444888888938e+03 4.444444444888888938e+03 4.444444444888888938e+03 8.888888889777777877e+03 2.222222222444444560e+04 2.222222222444444560e+04 4.444444444888888938e+03 4.444444444888888938e+03 8.888888889777775330e+04 2.222222222444444560e+04 2.222222222444444560e+04 2.222222222444444560e+04 1.777777777955555575e+04 1.333333333466666591e+04 1.333333333466666591e+04 8.888888889777777877e+03 4.444444444888888938e+03 4.444444444888888938e+03 4.444444444888888938e+03 1.333333333466666591e+04 4.444444444888889120e+04 4.444444444888888938e+03 3.555555555911111151e+04 4.444444444888889120e+04 8.888888889777777877e+03 4.444444444888888938e+03 4.444444444888888938e+03 4.444444444888888938e+03 4.444444444888888938e+03 4.444444444888888938e+03 1.333333333466666591e+04 6.222222222844445059e+04 4.444444444888888938e+03 4.133333333746672142e+05 5.911111111702227499e+05 5.777777778355556075e+04
4.444444444888888938e+03 4.444444444888888938e+03 4.444444444888888938e+03 8.888888889777777877e+03 8.888888889777777877e+03 4.444444444888889120e+04 3.111111111422222530e+04 4.444444444888888938e+03 4.444444444888888938e+03 1.200000000119999313e+05 2.666666666933333545e+04 2.666666666933333545e+04 2.222222222444444560e+04 1.777777777955555575e+04 5.333333333866667090e+04 3.555555555911111151e+04 2.222222222444444560e+04 1.333333333466666591e+04 4.444444444888888938e+03 4.444444444888888938e+03 8.888888889777777877e+03 1.777777777955555575e+04 1.333333333466666591e+04 1.777777777955555575e+04 2.666666666933333545e+04 4.444444444888888938e+03 4.444444444888888938e+03 4.444444444888888938e+03 8.888888889777777877e+03 1.333333333466666591e+04 2.222222222444444560e+04 2.666666666933333545e+04 4.444444444888888938e+03 3.955555555951115675e+05 4.444444444888888938e+03 4.444444444888888938e+03 1.111111111222221662e+05
4.444444444888888938e+03 4.444444444888888938e+03 8.888888889777777877e+03 8.888888889777777877e+03 1.333333333466666591e+04 4.444444444888888938e+03 8.444444445288887073e+04 4.444444444888888938e+03 4.444444444888888938e+03 3.822222222604448325e+05 2.133333333546664799e+05 1.688888889057776541e+05 1.333333333466665936e+05 1.022222222324444010e+05 3.555555555911111151e+04 2.666666666933333545e+04 1.777777777955555575e+04 8.888888889777777877e+03 4.444444444888888938e+03 4.444444444888888938e+03 4.444444444888888938e+03 8.888888889777777877e+03 8.888888889777777877e+03 1.333333333466666591e+04 1.777777777955555575e+04 4.444444444888888938e+03 4.444444444888888938e+03 4.444444444888888938e+03 4.444444444888888938e+03 4.444444444888888938e+03 4.444444444888888938e+03 4.444444444888888938e+03 3.155555555871111574e+05 4.444444444888888938e+03 4.444444444888888938e+03 4.444444444888889120e+04 4.888888889377778105e+04
8.888888889777777877e+03 8.888888889777777877e+03 4.444444444888888938e+03 1.333333333466666591e+04 1.333333333466666591e+04 1.777777777955555575e+04 9.333333334266663587e+04 4.311111111542228609e+05 4.222222222644450376e+05 1.333333333466666591e+04 1.333333333466666591e+04 1.333333333466666591e+04 8.888888889777777877e+03 8.888888889777777877e+03 8.888888889777777877e+03 4.444444444888888938e+03 4.444444444888888938e+03 4.444444444888888938e+03 4.444444444888888938e+03 4.444444444888888938e+03 4.444444444888888938e+03 4.444444444888888938e+03 4.444444444888888938e+03 8.888888889777777877e+03 8.888888889777777877e+03 4.444444444888888938e+03 4.444444444888888938e+03 1.333333333466666591e+04 2.222222222444444560e+04 4.888888889377778105e+04 7.111111111822222301e+04 2.933333333626665990e+05 8.888888889777777877e+03 4.444444444888888938e+03 4.444444444888888938e+03 3.555555555911111151e+04 3.555555555911111151e+04
