output/field_example_test_lateral/area_000094.asc
nrows	150
cellsize	66.66666667
xllcorner	0
ncols	150
yllcorner	0
NODATA_value	-9999
[rows 51 to 67 of 150, columns 74 to 110 of 150]
1.777777777955555575e+04 1.333333333466666591e+04 8.888888889777777877e+03 4.444444444888888938e+03 4.444444444888888938e+03 1.333333333466666591e+04 2.666666666933333545e+04 1.422222222364443587e+05 8.888888889777777877e+03 1.333333333466666591e+04 4.444444444888888938e+03 4.444444444888888938e+03 4.444444444888888938e+03 9.333333334266663587e+04 4.444444444888888938e+03 2.666666666933333545e+04 4.444444444888888938e+03 2.891555555844371393e+07 2.888444444732950255e+07 8.888888889777777877e+03 4.444444444888888938e+03 8.888888889777777877e+03 4.444444444888888938e+03 1.279555555683566257e+07 4.444444444888888938e+03 2.222222222444444560e+04 8.888888889777777877e+03 8.888888889777777877e+03 8.888888889777777877e+03 8.888888889777777877e+03 8.888888889777777877e+03 8.888888889777777877e+03 4.444444444888888938e+03 4.444444444888888938e+03 4.444444444888888938e+03 4.444444444888888938e+03 4.444444444888888938e+03
1.333333333466666591e+04 8.888888889777777877e+03 4.444444444888888938e+03 4.444444444888888938e+03 4.444444444888888938e+03 4.444444444888888938e+03 4.444444444888888938e+03 8.888888889777777877e+03 1.644444444608887716e+05 2.222222222444444560e+04 4.444444444888888938e+03 4.444444444888888938e+03 8.888888889777777877e+03 1.111111111222221662e+05 4.444444444888888938e+03 4.444444444888888938e+03 2.897333333622724935e+07 4.444444444888888938e+03 2.666666666933333545e+04 8.888888889777777877e+03 4.444444444888888938e+03 4.444444444888888938e+03 8.888888889777777877e+03 4.444444444888888938e+03 1.276888889016632736e+07 4.000000000400000135e+04 1.333333333466666591e+04 1.333333333466666591e+04 1.333333333466666591e+04 1.333333333466666591e+04 4.444444444888888938e+03 1.777777777955555575e+04 8.888888889777777877e+03 8.888888889777777877e+03 4.444444444888888938e+03 4.444444444888888938e+03 4.444444444888888938e+03
8.888888889777777877e+03 4.444444444888888938e+03 4.444444444888888938e+03 4.444444444888888938e+03 8.888888889777777877e+03 1.333333333466666591e+04 4.444444444888888938e+03 4.444444444888888938e+03 4.444444444888888938e+03 2.000000000199998321e+05 4.444444444888888938e+03 8.888888889777777877e+03 4.444444444888888938e+03 4.444444444888888938e+03 1.155555555671110487e+05 2.902222222512101009e+07 1.777777777955555575e+04 1.777777777955555575e+04 1.333333333466666591e+04 8.888888889777777877e+03 4.444444444888888938e+03 4.444444444888888938e+03 8.888888889777777877e+03 2.222222222444444560e+04 1.244444444568888139e+05 1.260000000126053765e+07 4.444444444888888938e+03 3.111111111422222530e+04 1.777777777955555575e+04 8.888888889777777877e+03 4.444444444888888938e+03 3.111111111422222530e+04 1.333333333466666591e+04 8.888888889777777877e+03 8.888888889777777877e+03 8.888888889777777877e+03 4.444444444888888938e+03
4.444444444888888938e+03 4.444444444888888938e+03 8.888888889777777877e+03 4.444444444888888938e+03 8.888888889777777877e+03 2.666666666933333545e+04 8.888888889777777877e+03 4.444444444888888938e+03 8.888888889777777877e+03 1.333333333466666591e+04 2.088888889097775973e+05 4.444444444888888938e+03 2.666666666933333545e+04 4.444444444888888938e+03 2.918666666958184168e+07 4.444444444888889120e+04 1.777777777955555575e+04 1.333333333466666591e+04 1.333333333466666591e+04 8.888888889777777877e+03 4.444444444888888938e+03 4.444444444888888938e+03 8.888888889777777877e+03 1.777777777955555575e+04 8.000000000799998816e+04 4.444444444888888938e+03 1.258666666792587005e+07 4.444444444888888938e+03 4.000000000400000135e+04 8.888888889777777877e+03 4.444444444888888938e+03 4.888888889377778105e+04 1.333333333466666591e+04 1.333333333466666591e+04 1.333333333466666591e+04 8.888888889777777877e+03 8.888888889777777877e+03
4.444444444888888938e+03 4.444444444888888938e+03 1.777777777955555575e+04 8.888888889777777877e+03 4.444444444888888938e+03 1.333333333466666591e+04 4.000000000400000135e+04 8.888888889777777877e+03 4.444444444888888938e+03 4.444444444888888938e+03 2.982666666964561865e+07 8.888888889777777877e+03 2.924888889181026444e+07 2.921777778069605306e+07 8.888888889777777877e+03 4.444444444888888938e+03 3.555555555911111151e+04 1.333333333466666591e+04 8.888888889777777877e+03 8.888888889777777877e+03 4.444444444888888938e+03 4.444444444888888938e+03 1.333333333466666591e+04 4.444444444888888938e+03 7.111111111822222301e+04 4.444444444888888938e+03 8.888888889777777877e+03 1.253333333458719961e+07 4.444444444888888938e+03 4.444444444888888938e+03 5.777777778355556075e+04 1.777777777955555575e+04 1.777777777955555575e+04 1.777777777955555575e+04 1.333333333466666591e+04 1.333333333466666591e+04 8.888888889777777877e+03
4.444444444888888938e+03 4.444444444888888938e+03 2.666666666933333545e+04 1.333333333466666591e+04 4.444444444888888938e+03 2.666666666933333545e+04 4.444444444888888938e+03 5.333333333866667090e+04 4.444444444888888938e+03 2.985777778075983003e+07 1.777777777955555575e+04 2.959111111406658962e+07 8.888888889777777877e+03 4.444444444888888938e+03 1.333333333466666591e+04 4.444444444888888938e+03 1.777777777955555575e+04 1.333333333466666591e+04 8.888888889777777877e+03 4.444444444888888938e+03 4.444444444888888938e+03 8.888888889777777877e+03 1.333333333466666591e+04 5.777777778355556075e+04 8.888888889777777877e+03 4.444444444888888938e+03 1.333333333466666591e+04 1.248444444569341838e+07 1.243111111235474795e+07 4.444444444888888938e+03 8.000000000799998816e+04 2.222222222444444560e+04 1.066666666773332836e+05 8.000000000799998816e+04 5.777777778355556075e+04 3.555555555911111151e+04 2.222222222444444560e+04
4.444444444888888938e+03 4.444444444888888938e+03 8.888888889777777877e+03 4.444444444888889120e+04 4.444444444888888938e+03 4.444444444888888938e+03 3.000444444744111225e+07 2.996888889188201353e+07 2.987555555853937939e+07 4.444444444888888938e+03 1.333333333466666591e+04 3.244444444768889807e+05 4.444444444888888938e+03 4.444444444888888938e+03 4.444444444888888938e+03 4.444444444888888938e+03 4.444444444888888938e+03 8.888888889777777877e+03 8.888888889777777877e+03 4.444444444888888938e+03 4.444444444888888938e+03 8.888888889777777877e+03 1.333333333466666591e+04 2.666666666933333545e+04 4.444444444888888938e+03 8.888888889777777877e+03 1.333333333466666591e+04 3.555555555911111151e+04 4.444444444888888938e+03 1.241333333457519114e+07 4.444444444888888938e+03 1.422222222364443587e+05 4.444444444888888938e+03 4.444444444888888938e+03 4.444444444888888938e+03 4.444444444888888938e+03 4.444444444888888938e+03
4.444444444888888938e+03 1.777777777955555575e+04 4.444444444888888938e+03 3.017333333634683117e+07 8.888888889777777877e+03 3.003555555855532363e+07 4.444444444888888938e+03 3.555555555911111151e+04 8.888888889777777877e+03 4.444444444888888938e+03 8.888888889777777877e+03 4.444444444888888938e+03 3.155555555871111574e+05 4.444444444888888938e+03 4.444444444888888938e+03 4.444444444888888938e+03 4.444444444888888938e+03 4.444444444888888938e+03 4.444444444888888938e+03 4.444444444888888938e+03 4.444444444888888938e+03 8.888888889777777877e+03 8.888888889777777877e+03 1.333333333466666591e+04 4.444444444888888938e+03 8.888888889777777877e+03 8.888888889777777877e+03 8.888888889777777877e+03 8.888888889777777877e+03 4.444444444888888938e+03 1.231111111234273948e+07 4.444444444888888938e+03 4.444444444888888938e+03 4.444444444888888938e+03 4.444444444888888938e+03 4.444444444888888938e+03 1.777777777955555575e+04
4.444444444888888938e+03 4.444444444888888938e+03 3.022222222524059191e+07 4.444444444888888938e+03 3.010666666967352107e+07 6.222222222844445059e+04 1.777777777955555575e+04 4.444444444888888938e+03 1.777777777955555575e+04 4.444444444888888938e+03 4.444444444888888938e+03 4.888888889377778105e+04 4.444444444888888938e+03 2.533333333586664230e+05 8.888888889777775330e+04 6.666666667333334044e+04 4.444444444888889120e+04 2.666666666933333545e+04 1.333333333466666591e+04 4.444444444888888938e+03 4.444444444888888938e+03 4.444444444888888938e+03 4.444444444888888938e+03 4.444444444888888938e+03 4.444444444888888938e+03 4.444444444888888938e+03 4.444444444888888938e+03 4.444444444888888938e+03 4.444444444888888938e+03 8.888888889777777877e+03 1.216000000121650659e+07 4.444444444888888938e+03 1.777777777955555575e+04 8.888888889777777877e+03 4.444444444888888938e+03 8.888888889777777877e+03 3.555555555911111151e+04
4.444444444888888938e+03 3.024888889190991595e+07 4.444444444888888938e+03 1.777777777955555575e+04 4.444444444888888938e+03 1.333333333466666591e+04 4.444444444888889120e+04 1.333333333466666591e+04 8.888888889777777877e+03 4.444444444888888938e+03 4.444444444888888938e+03 4.000000000400000135e+04 4.444444444888888938e+03 1.333333333466665936e+05 1.777777777955555575e+04 1.333333333466666591e+04 1.333333333466666591e+04 8.888888889777777877e+03 8.888888889777777877e+03 4.444444444888888938e+03 4.444444444888888938e+03 4.444444444888888938e+03 4.444444444888888938e+03 4.444444444888888938e+03 4.444444444888888938e+03 4.444444444888888938e+03 4.444444444888888938e+03 4.444444444888888938e+03 4.444444444888888938e+03 7.022222222924440866e+05 4.444444444888888938e+03 1.143555555669956654e+07 4.444444444888888938e+03 8.888888889777777877e+03 4.444444444888888938e+03 1.333333333466666591e+04 1.288888889017776964e+05
3.102666666976520047e+07 4.444444444888888938e+03 8.888888889777777877e+03 8.888888889777777877e+03 4.444444444888888938e+03 8.888888889777777877e+03 2.666666666933333545e+04 1.333333333466666591e+04 8.888888889777777877e+03 4.444444444888888938e+03 4.444444444888888938e+03 3.111111111422222530e+04 4.444444444888888938e+03 1.066666666773332836e+05 1.777777777955555575e+04 1.333333333466666591e+04 8.888888889777777877e+03 8.888888889777777877e+03 4.444444444888888938e+03 4.444444444888888938e+03 4.444444444888888938e+03 8.888888889777777877e+03 8.888888889777777877e+03 8.888888889777777877e+03 8.888888889777777877e+03 8.888888889777777877e+03 8.888888889777777877e+03 8.888888889777777877e+03 6.888888889577775262e+05 4.444444444888888938e+03 4.444444444888888938e+03 4.444444444888888938e+03 1.140000000114045292e+07 8.888888889777777877e+03 4.444444444888888938e+03 1.555555555711110064e+05 8.888888889777777877e+03
4.444444444888888938e+03 7.644444445208880352e+05 4.444444444888888938e+03 4.444444444888888938e+03 4.444444444888888938e+03 4.444444444888888938e+03 1.333333333466666591e+04 8.888888889777777877e+03 8.888888889777777877e+03 4.444444444888888938e+03 4.444444444888888938e+03 2.222222222444444560e+04 4.444444444888888938e+03 8.444444445288887073e+04 1.333333333466666591e+04 1.333333333466666591e+04 8.888888889777777877e+03 4.444444444888888938e+03 4.444444444888888938e+03 4.444444444888888938e+03 4.444444444888888938e+03 8.888888889777777877e+03 1.333333333466666591e+04 2.666666666933333545e+04 1.333333333466666591e+04 1.333333333466666591e+04 1.333333333466666591e+04 6.266666667293335777e+05 6.711111111782221124e+05 4.444444444888888938e+03 4.444444444888888938e+03 3.555555555911111151e+04 4.444444444888888938e+03 1.133777777891200408e+07 1.733333333506665367e+05 8.888888889777777877e+03 4.444444444888888938e+03
4.444444444888888938e+03 4.444444444888888938e+03 7.511111111862214748e+05 4.444444444888888938e+03 8.888888889777777877e+03 4.444444444888888938e+03 4.444444444888888938e+03 4.444444444888888938e+03 4.444444444888888938e+03 4.444444444888888938e+03 4.444444444888888938e+03 1.333333333466666591e+04 4.444444444888888938e+03 6.222222222844445059e+04 1.333333333466666591e+04 8.888888889777777877e+03 8.888888889777777877e+03 4.444444444888888938e+03 4.444444444888888938e+03 4.444444444888888938e+03 8.888888889777777877e+03 8.888888889777777877e+03 1.333333333466666591e+04 4.444444444888888938e+03 3.555555555911111151e+04 5.377777778315565083e+05 5.955555556151116034e+05 4.444444444888888938e+03 3.111111111422222530e+04 4.444444444888888938e+03 4.444444444888888938e+03 1.777777777955555575e+04 4.444444444888888938e+03 2.222222222444444560e+04 1.113777777889198996e+07 4.444444444888888938e+03 8.888888889777777877e+03
4.444444444888888938e+03 1.333333333466666591e+04 4.444444444888888938e+03 7.244444445168883540e+05 4.444444444888888938e+03 4.444444444888888938e+03 4.444444444888888938e+03 4.444444444888888938e+03 4.444444444888888938e+03 4.444444444888888938e+03 4.444444444888888938e+03 4.444444444888888938e+03 4.444444444888888938e+03 4.444444444888889120e+04 8.888888889777777877e+03 8.888888889777777877e+03 4.444444444888888938e+03 4.444444444888888938e+03 4.444444444888888938e+03 1.333333333466666591e+04 3.111111111422222530e+04 4.444444444888888938e+03 1.333333333466666591e+04 3.111111111422222530e+04 4.666666667133341543e+05 4.444444444888888938e+03 4.888888889377778105e+04 4.444444444888888938e+03 1.333333333466666591e+04 1.333333333466666591e+04 4.444444444888888938e+03 8.888888889777777877e+03 1.777777777955555575e+04 1.777777777955555575e+04 4.444444444888888938e+03 1.110666666777776554e+07 1.333333333466666591e+04
4.444444444888888938e+03 8.888888889777777877e+03 4.444444444888888938e+03 1.333333333466666591e+04 6.888888889577775262e+05 8.888888889777777877e+03 8.888888889777777877e+03 8.888888889777777877e+03 8.888888889777777877e+03 4.444444444888888938e+03 4.444444444888888938e+03 4.444444444888888938e+03 4.444444444888888938e+03 2.666666666933333545e+04 8.888888889777777877e+03 4.444444444888888938e+03 4.444444444888888938e+03 4.444444444888888938e+03 4.444444444888888938e+03 4.444444444888888938e+03 8.888888889777777877e+03 2.977777778075555107e+05 3.466666667013335391e+05 4.177777778195561259e+05 8.888888889777777877e+03 4.444444444888888938e+03 4.000000000400000135e+04 4.444444444888888938e+03 8.888888889777777877e+03 8.888888889777777877e+03 4.444444444888888938e+03 1.333333333466666591e+04 1.333333333466666591e+04 1.333333333466666591e+04 3.111111111422222530e+04 4.444444444888888938e+03 1.104444444554931670e+07
4.444444444888888938e+03 4.444444444888888938e+03 8.888888889777777877e+03 4.444444444888888938e+03 5.377777778315565083e+05 1.333333333466665936e+05 1.111111111222221662e+05 8.888888889777775330e+04 7.111111111822222301e+04 2.222222222444444560e+04 1.333333333466666591e+04 4.444444444888888938e+03 4.444444444888888938e+03 1.333333333466666591e+04 4.444444444888888938e+03 4.444444444888888938e+03 4.444444444888888938e+03 4.444444444888888938e+03 8.888888889777777877e+03 1.777777777955555575e+04 2.533333333586664230e+05 4.444444444888888938e+03 3.555555555911111151e+04 8.888888889777777877e+03 5.777777778355556075e+04 4.444444444888888938e+03 2.666666666933333545e+04 8.888888889777777877e+03 4.444444444888888938e+03 4.444444444888888938e+03 8.888888889777777877e+03 8.888888889777777877e+03 8.888888889777777877e+03 8.888888889777777877e+03 4.444444444888888938e+03 4.444444444888888938e+03 4.444444444888888938e+03
4.444444444888888938e+03 4.444444444888888938e+03 4.444444444888888938e+03 5.200000000520010944e+05 4.444444444888888938e+03 4.444444444888888938e+03 8.888888889777777877e+03 8.888888889777777877e+03 4.444444444888888938e+03 4.000000000400000135e+04 2.666666666933333545e+04 1.777777777955555575e+04 8.888888889777777877e+03 4.444444444888888938e+03 4.444444444888888938e+03 4.444444444888888938e+03 8.888888889777777877e+03 1.777777777955555575e+04 1.244444444568888139e+05 2.266666666893331276e+05 4.444444444888888938e+03 1.333333333466666591e+04 1.777777777955555575e+04 4.444444444888888938e+03 4.888888889377778105e+04 4.444444444888888938e+03 1.777777777955555575e+04 4.444444444888888938e+03 4.444444444888888938e+03 4.444444444888888938e+03 4.444444444888888938e+03 4.444444444888888938e+03 4.444444444888888938e+03 4.444444444888888938e+03 8.888888889777777877e+03 4.444444444888888938e+03 9.911111112102195621e+05
