output/field_example_test_lateral/area_000065.asc
nrows	150
cellsize	66.66666667
xllcorner	0
ncols	150
yllcorner	0
NODATA_value	-9999
[rows 51 to 67 of 150, columns 0 to 36 of 150]
1.333333333466666591e+04 1.333333333466666591e+04 8.888888889777777877e+03 4.444444444888888938e+03 4.444444444888888938e+03 8.888888889777777877e+03 2.666666666933333545e+04 4.444444444888888938e+03 4.444444444888888938e+03 5.333333333866667090e+04 4.444444444888888938e+03 8.888888889777777877e+03 3.111111111422222530e+04 4.444444444888888938e+03 1.777777777955555575e+04 1.777777777955555575e+04 3.111111111422222530e+04 4.444444444888888938e+03 1.777777777955555575e+04 2.222222222444444560e+04 2.222222222444444560e+04 2.222222222444444560e+04 2.222222222444444560e+04 4.444444444888889120e+04 4.444444444888888938e+03 2.666666666933333545e+04 3.111111111422222530e+04 4.444444444888888938e+03 4.933333333826676244e+05 4.444444444888888938e+03 8.888888889777777877e+03 1.911111111302220670e+05 8.888888889777777877e+03 4.444444444888888938e+03 2.666666666933333545e+04 2.222222222444444560e+04 1.333333333466666591e+04
1.777777777955555575e+04 1.777777777955555575e+04 1.333333333466666591e+04 8.888888889777777877e+03 4.444444444888888938e+03 4.444444444888888938e+03 1.777777777955555575e+04 4.444444444888888938e+03 4.444444444888888938e+03 2.222222222444444560e+04 2.222222222444444560e+04 4.444444444888888938e+03 1.333333333466666591e+04 1.333333333466666591e+04 1.333333333466666591e+04 1.333333333466666591e+04 1.333333333466666591e+04 1.333333333466666591e+04 1.333333333466666591e+04 1.777777777955555575e+04 1.777777777955555575e+04 1.777777777955555575e+04 1.777777777955555575e+04 3.555555555911111151e+04 4.444444444888888938e+03 2.222222222444444560e+04 2.666666666933333545e+04 4.444444444888888938e+03 4.444444444888888938e+03 4.666666667133341543e+05 3.377777778115557157e+05 7.555555556311110558e+04 5.333333333866667090e+04 3.555555555911111151e+04 2.222222222444444560e+04 8.888888889777777877e+03 4.444444444888888938e+03
2.222222222444444560e+04 2.222222222444444560e+04 1.777777777955555575e+04 1.333333333466666591e+04 8.888888889777777877e+03 4.444444444888888938e+03 8.888888889777777877e+03 4.444444444888888938e+03 8.888888889777777877e+03 8.888888889777777877e+03 1.333333333466666591e+04 4.444444444888888938e+03 8.888888889777777877e+03 8.888888889777777877e+03 8.888888889777777877e+03 8.888888889777777877e+03 8.888888889777777877e+03 8.888888889777777877e+03 8.888888889777777877e+03 1.333333333466666591e+04 1.333333333466666591e+04 1.333333333466666591e+04 1.333333333466666591e+04 2.666666666933333545e+04 4.444444444888888938e+03 1.777777777955555575e+04 1.777777777955555575e+04 4.444444444888888938e+03 8.888888889777777877e+03 1.155555555671110487e+05 4.000000000400000135e+04 1.777777777955555575e+04 1.777777777955555575e+04 1.333333333466666591e+04 8.888888889777777877e+03 8.888888889777777877e+03 4.444444444888888938e+03
2.666666666933333545e+04 2.666666666933333545e+04 2.222222222444444560e+04 1.777777777955555575e+04 1.333333333466666591e+04 8.888888889777777877e+03 4.444444444888888938e+03 4.444444444888888938e+03 4.444444444888888938e+03 4.444444444888888938e+03 4.444444444888888938e+03 4.444444444888888938e+03 4.444444444888888938e+03 4.444444444888888938e+03 4.444444444888888938e+03 4.444444444888888938e+03 4.444444444888888938e+03 4.444444444888888938e+03 4.444444444888888938e+03 8.888888889777777877e+03 8.888888889777777877e+03 8.888888889777777877e+03 8.888888889777777877e+03 8.888888889777777877e+03 1.333333333466666591e+04 1.333333333466666591e+04 1.333333333466666591e+04 4.444444444888888938e+03 8.888888889777777877e+03 1.022222222324444010e+05 1.777777777955555575e+04 1.777777777955555575e+04 1.333333333466666591e+04 1.333333333466666591e+04 8.888888889777777877e+03 4.444444444888888938e+03 4.444444444888888938e+03
2.222222222444444560e+04 2.222222222444444560e+04 1.777777777955555575e+04 1.333333333466666591e+04 8.888888889777777877e+03 4.444444444888888938e+03 4.444444444888888938e+03 4.444444444888888938e+03 4.444444444888888938e+03 4.444444444888888938e+03 4.444444444888888938e+03 4.444444444888888938e+03 4.444444444888888938e+03 4.444444444888888938e+03 4.444444444888888938e+03 4.444444444888888938e+03 4.444444444888888938e+03 4.444444444888888938e+03 4.444444444888888938e+03 4.444444444888888938e+03 4.444444444888888938e+03 4.444444444888888938e+03 4.444444444888888938e+03 4.444444444888888938e+03 8.888888889777777877e+03 8.888888889777777877e+03 8.888888889777777877e+03 4.444444444888888938e+03 8.888888889777777877e+03 7.111111111822222301e+04 1.777777777955555575e+04 1.333333333466666591e+04 1.333333333466666591e+04 8.888888889777777877e+03 8.888888889777777877e+03 4.444444444888888938e+03 4.444444444888888938e+03
1.777777777955555575e+04 1.777777777955555575e+04 1.333333333466666591e+04 8.888888889777777877e+03 4.444444444888888938e+03 4.444444444888888938e+03 8.888888889777777877e+03 1.333333333466666591e+04 4.444444444888888938e+03 8.888888889777777877e+03 8.888888889777777877e+03 1.333333333466666591e+04 4.444444444888888938e+03 8.888888889777777877e+03 8.888888889777777877e+03 8.888888889777777877e+03 1.333333333466666591e+04 8.888888889777777877e+03 4.444444444888888938e+03 4.444444444888888938e+03 4.444444444888888938e+03 4.444444444888888938e+03 4.444444444888888938e+03 4.444444444888888938e+03 4.444444444888888938e+03 4.444444444888888938e+03 4.444444444888888938e+03 4.444444444888888938e+03 8.888888889777777877e+03 4.444444444888889120e+04 1.333333333466666591e+04 1.333333333466666591e+04 8.888888889777777877e+03 8.888888889777777877e+03 4.444444444888888938e+03 4.444444444888888938e+03 4.444444444888888938e+03
1.333333333466666591e+04 1.333333333466666591e+04 8.888888889777777877e+03 4.444444444888888938e+03 4.444444444888888938e+03 8.888888889777777877e+03 1.333333333466666591e+04 2.222222222444444560e+04 4.444444444888888938e+03 1.333333333466666591e+04 1.333333333466666591e+04 2.222222222444444560e+04 4.444444444888888938e+03 1.333333333466666591e+04 1.333333333466666591e+04 1.333333333466666591e+04 2.666666666933333545e+04 8.888888889777777877e+03 4.444444444888888938e+03 1.333333333466666591e+04 8.888888889777777877e+03 4.444444444888888938e+03 1.333333333466666591e+04 4.444444444888888938e+03 4.444444444888888938e+03 4.444444444888888938e+03 4.444444444888888938e+03 4.444444444888888938e+03 4.444444444888888938e+03 1.333333333466666591e+04 2.222222222444444560e+04 8.888888889777777877e+03 8.888888889777777877e+03 4.444444444888888938e+03 4.444444444888888938e+03 4.444444444888888938e+03 4.444444444888888938e+03
4.444444444888888938e+03 4.444444444888888938e+03 4.444444444888888938e+03 4.444444444888888938e+03 8.888888889777777877e+03 1.333333333466666591e+04 1.777777777955555575e+04 3.111111111422222530e+04 4.444444444888888938e+03 1.777777777955555575e+04 4.000000000400000135e+04 8.888888889777777877e+03 4.444444444888888938e+03 1.777777777955555575e+04 1.777777777955555575e+04 1.777777777955555575e+04 4.888888889377778105e+04 8.888888889777777877e+03 4.444444444888888938e+03 2.666666666933333545e+04 8.888888889777777877e+03 4.444444444888888938e+03 2.222222222444444560e+04 8.888888889777777877e+03 8.888888889777777877e+03 8.888888889777777877e+03 4.444444444888888938e+03 4.444444444888888938e+03 4.444444444888888938e+03 4.444444444888888938e+03 8.888888889777777877e+03 8.888888889777777877e+03 4.444444444888888938e+03 4.444444444888888938e+03 4.444444444888888938e+03 4.444444444888888938e+03 8.888888889777777877e+03
4.444444444888888938e+03 4.444444444888888938e+03 4.444444444888888938e+03 2.666666666933333545e+04 4.444444444888888938e+03 1.777777777955555575e+04 2.222222222444444560e+04 4.000000000400000135e+04 4.444444444888888938e+03 2.222222222444444560e+04 5.333333333866667090e+04 4.444444444888888938e+03 8.888888889777777877e+03 2.222222222444444560e+04 2.222222222444444560e+04 7.111111111822222301e+04 4.444444444888888938e+03 4.444444444888888938e+03 3.555555555911111151e+04 1.333333333466666591e+04 4.444444444888888938e+03 8.888888889777777877e+03 3.555555555911111151e+04 1.333333333466666591e+04 1.333333333466666591e+04 8.888888889777777877e+03 8.888888889777777877e+03 4.444444444888888938e+03 4.444444444888888938e+03 4.444444444888888938e+03 4.444444444888888938e+03 4.444444444888888938e+03 4.444444444888888938e+03 4.444444444888888938e+03 4.444444444888888938e+03 8.888888889777777877e+03 1.777777777955555575e+04
1.346666666801335756e+06 1.346666666801335756e+06 1.342222222356446786e+06 1.302222222352446057e+06 1.288888889017779147e+06 1.262222222348445328e+06 1.235555555679111509e+06 1.191111111230221810e+06 1.124444444556887262e+06 1.088888888997775503e+06 4.444444444888888938e+03 7.600000000759991817e+05 7.511111111862214748e+05 7.377777778515549144e+05 7.066666667373329401e+05 6.044444445048893103e+05 8.888888889777777877e+03 4.444444444888888938e+03 5.333333333866667090e+04 4.444444444888888938e+03 8.888888889777777877e+03 4.888888889377778105e+04 4.444444444888888938e+03 3.111111111422222530e+04 1.333333333466666591e+04 1.333333333466666591e+04 8.888888889777777877e+03 8.888888889777777877e+03 8.888888889777777877e+03 8.888888889777777877e+03 4.444444444888888938e+03 4.444444444888888938e+03 4.444444444888888938e+03 4.444444444888888938e+03 1.333333333466666591e+04 2.222222222444444560e+04 3.555555555911111151e+04
4.444444444888888938e+03 4.444444444888888938e+03 4.444444444888888938e+03 8.888888889777777877e+03 2.222222222444444560e+04 4.444444444888888938e+03 1.777777777955555575e+04 2.222222222444444560e+04 2.666666666933333545e+04 4.444444444888888938e+03 1.000000000099997269e+06 1.644444444608887716e+05 1.333333333466665936e+05 4.444444444888888938e+03 4.444444444888888938e+03 4.444444444888888938e+03 5.822222222804450430e+05 5.644444445008896291e+05 5.422222222764453618e+05 4.177777778195561259e+05 3.244444444768889807e+05 2.577777778035553056e+05 2.355555555791108927e+05 1.777777777955554193e+05 1.466666666813332413e+05 1.155555555671110487e+05 9.333333334266663587e+04 7.111111111822222301e+04 5.333333333866667090e+04 3.555555555911111151e+04 2.222222222444444560e+04 1.333333333466666591e+04 4.444444444888888938e+03 4.444444444888888938e+03 8.888888889777777877e+03 1.777777777955555575e+04 2.666666666933333545e+04
8.888888889777777877e+03 8.888888889777777877e+03 4.444444444888888938e+03 4.444444444888888938e+03 8.888888889777777877e+03 8.888888889777777877e+03 1.333333333466666591e+04 1.777777777955555575e+04 2.222222222444444560e+04 2.222222222444444560e+04 2.222222222444444560e+04 2.666666666933333545e+04 2.666666666933333545e+04 1.288888889017776964e+05 4.444444444888888938e+03 4.444444444888888938e+03 8.888888889777777877e+03 1.333333333466666591e+04 4.444444444888888938e+03 6.222222222844445059e+04 8.444444445288887073e+04 4.444444444888888938e+03 1.777777777955555575e+04 1.777777777955555575e+04 1.333333333466666591e+04 1.333333333466666591e+04 8.888888889777777877e+03 8.888888889777777877e+03 4.444444444888888938e+03 4.444444444888888938e+03 4.444444444888888938e+03 4.444444444888888938e+03 4.444444444888888938e+03 4.444444444888888938e+03 4.444444444888888938e+03 4.444444444888888938e+03 8.888888889777777877e+03
1.333333333466666591e+04 1.333333333466666591e+04 8.888888889777777877e+03 4.444444444888888938e+03 4.444444444888888938e+03 4.444444444888888938e+03 8.888888889777777877e+03 1.333333333466666591e+04 1.777777777955555575e+04 1.777777777955555575e+04 1.777777777955555575e+04 2.222222222444444560e+04 2.222222222444444560e+04 2.222222222444444560e+04 9.777777778755551844e+04 4.444444444888888938e+03 4.444444444888888938e+03 8.888888889777777877e+03 1.333333333466666591e+04 8.888888889777777877e+03 3.555555555911111151e+04 8.000000000799998816e+04 1.777777777955555575e+04 1.333333333466666591e+04 1.333333333466666591e+04 8.888888889777777877e+03 8.888888889777777877e+03 4.444444444888888938e+03 4.444444444888888938e+03 4.444444444888888938e+03 4.444444444888888938e+03 1.333333333466666591e+04 8.888888889777777877e+03 4.444444444888888938e+03 4.444444444888888938e+03 4.444444444888888938e+03 4.444444444888888938e+03
8.888888889777777877e+03 8.888888889777777877e+03 4.444444444888888938e+03 4.444444444888888938e+03 4.444444444888888938e+03 4.444444444888888938e+03 4.444444444888888938e+03 8.888888889777777877e+03 1.333333333466666591e+04 1.333333333466666591e+04 1.333333333466666591e+04 1.777777777955555575e+04 1.777777777955555575e+04 1.777777777955555575e+04 1.777777777955555575e+04 7.111111111822222301e+04 1.333333333466666591e+04 4.444444444888888938e+03 8.888888889777777877e+03 4.444444444888888938e+03 3.111111111422222530e+04 4.444444444888889120e+04 1.333333333466666591e+04 1.333333333466666591e+04 8.888888889777777877e+03 8.888888889777777877e+03 4.444444444888888938e+03 4.444444444888888938e+03 4.444444444888888938e+03 4.444444444888888938e+03 1.333333333466666591e+04 2.666666666933333545e+04 8.888888889777777877e+03 8.888888889777777877e+03 4.444444444888888938e+03 4.444444444888888938e+03 4.444444444888888938e+03
4.000000000400000135e+04 4.000000000400000135e+04 3.555555555911111151e+04 2.666666666933333545e+04 1.777777777955555575e+04 8.888888889777777877e+03 4.444444444888888938e+03 4.444444444888888938e+03 8.888888889777777877e+03 8.888888889777777877e+03 8.888888889777777877e+03 1.333333333466666591e+04 1.333333333466666591e+04 1.333333333466666591e+04 1.333333333466666591e+04 4.000000000400000135e+04 1.333333333466666591e+04 8.888888889777777877e+03 4.444444444888888938e+03 4.444444444888888938e+03 2.222222222444444560e+04 2.666666666933333545e+04 1.333333333466666591e+04 8.888888889777777877e+03 8.888888889777777877e+03 4.444444444888888938e+03 4.444444444888888938e+03 4.444444444888888938e+03 4.444444444888888938e+03 8.888888889777777877e+03 4.888888889377778105e+04 1.333333333466666591e+04 1.333333333466666591e+04 8.888888889777777877e+03 8.888888889777777877e+03 4.444444444888888938e+03 4.444444444888888938e+03
5.777777778355556075e+04 5.777777778355556075e+04 4.888888889377778105e+04 4.000000000400000135e+04 3.111111111422222530e+04 1.333333333466666591e+04 8.888888889777777877e+03 4.444444444888888938e+03 4.444444444888888938e+03 4.444444444888888938e+03 4.444444444888888938e+03 8.888888889777777877e+03 8.888888889777777877e+03 8.888888889777777877e+03 8.888888889777777877e+03 2.666666666933333545e+04 8.888888889777777877e+03 8.888888889777777877e+03 4.444444444888888938e+03 4.444444444888888938e+03 1.333333333466666591e+04 1.333333333466666591e+04 8.888888889777777877e+03 8.888888889777777877e+03 4.444444444888888938e+03 4.444444444888888938e+03 4.444444444888888938e+03 4.444444444888888938e+03 8.888888889777777877e+03 8.888888889777777877e+03 7.555555556311110558e+04 1.777777777955555575e+04 1.333333333466666591e+04 1.333333333466666591e+04 8.888888889777777877e+03 4.444444444888888938e+03 4.444444444888888938e+03
4.444444444888888938e+03 4.444444444888888938e+03 4.444444444888888938e+03 4.444444444888888938e+03 4.444444444888888938e+03 1.333333333466666591e+04 8.888888889777777877e+03 4.444444444888888938e+03 4.444444444888888938e+03 4.444444444888888938e+03 4.444444444888888938e+03 4.444444444888888938e+03 4.444444444888888938e+03 4.444444444888888938e+03 4.444444444888888938e+03 1.333333333466666591e+04 8.888888889777777877e+03 4.444444444888888938e+03 4.444444444888888938e+03 4.444444444888888938e+03 4.444444444888888938e+03 4.444444444888888938e+03 4.444444444888888938e+03 4.444444444888888938e+03 4.444444444888888938e+03 4.444444444888888938e+03 4.444444444888888938e+03 8.888888889777777877e+03 8.888888889777777877e+03 1.333333333466666591e+04 1.066666666773332836e+05 4.444444444888888938e+03 3.111111111422222530e+04 1.333333333466666591e+04 8.888888889777777877e+03 4.444444444888888938e+03 4.444444444888888938e+03
