output/field_example_test_lateral/area_000066.asc
nrows	150
cellsize	66.66666667
xllcorner	0
ncols	150
yllcorner	0
NODATA_value	-9999
[rows 0 to 16 of 150, columns 0 to 36 of 150]
1.333333333466666591e+04 1.333333333466666591e+04 8.888888889777777877e+03 4.444444444888888938e+03 4.444444444888888938e+03 4.444444444888888938e+03 3.111111111422222530e+04 2.666666666933333545e+04 2.222222222444444560e+04 1.777777777955555575e+04 1.333333333466666591e+04 8.888888889777777877e+03 4.444444444888888938e+03 4.444444444888888938e+03 4.444444444888888938e+03 4.444444444888888938e+03 4.444444444888888938e+03 4.444444444888888938e+03 4.444444444888888938e+03 4.444444444888888938e+03 4.444444444888888938e+03 4.444444444888888938e+03 4.444444444888888938e+03 4.444444444888888938e+03 4.444444444888888938e+03 4.444444444888888938e+03 4.444444444888888938e+03 4.444444444888888938e+03 4.444444444888888938e+03 4.444444444888888938e+03 4.444444444888888938e+03 4.444444444888888938e+03 4.444444444888888938e+03 4.444444444888888938e+03 4.444444444888888938e+03 4.444444444888888938e+03 4.444444444888888938e+03
4.444444444888888938e+03 4.444444444888888938e+03 4.444444444888888938e+03 8.888888889777777877e+03 4.444444444888888938e+03 7.111111111822222301e+04 3.111111111422222530e+04 2.666666666933333545e+04 2.222222222444444560e+04 1.777777777955555575e+04 1.333333333466666591e+04 8.888888889777777877e+03 4.444444444888888938e+03 4.444444444888888938e+03 8.888888889777777877e+03 8.888888889777777877e+03 8.888888889777777877e+03 1.777777777955555575e+04 8.888888889777777877e+03 8.888888889777777877e+03 8.888888889777777877e+03 4.444444444888888938e+03 4.444444444888888938e+03 8.888888889777777877e+03 1.333333333466666591e+04 8.888888889777777877e+03 1.333333333466666591e+04 8.888888889777777877e+03 8.888888889777777877e+03 4.444444444888888938e+03 4.444444444888888938e+03 8.888888889777777877e+03 8.888888889777777877e+03 1.333333333466666591e+04 8.888888889777777877e+03 8.888888889777777877e+03 1.333333333466666591e+04
2.222222222444442450e+05 2.222222222444442450e+05 2.044444444648887147e+05 1.866666666853331844e+05 1.555555555711110064e+05 6.666666667333334044e+04 5.333333333866667090e+04 4.000000000400000135e+04 2.666666666933333545e+04 1.777777777955555575e+04 8.888888889777777877e+03 4.444444444888888938e+03 4.444444444888888938e+03 4.444444444888888938e+03 8.888888889777777877e+03 1.333333333466666591e+04 1.333333333466666591e+04 4.000000000400000135e+04 1.333333333466666591e+04 1.333333333466666591e+04 8.888888889777777877e+03 4.444444444888888938e+03 4.444444444888888938e+03 8.888888889777777877e+03 2.666666666933333545e+04 1.333333333466666591e+04 2.666666666933333545e+04 1.333333333466666591e+04 8.888888889777777877e+03 4.444444444888888938e+03 4.444444444888888938e+03 8.888888889777777877e+03 1.333333333466666591e+04 2.666666666933333545e+04 1.333333333466666591e+04 1.333333333466666591e+04 2.666666666933333545e+04
4.444444444888888938e+03 4.444444444888888938e+03 8.888888889777777877e+03 4.444444444888888938e+03 2.222222222444444560e+04 1.333333333466666591e+04 8.888888889777777877e+03 8.888888889777777877e+03 8.888888889777777877e+03 4.444444444888888938e+03 4.444444444888888938e+03 4.444444444888888938e+03 1.333333333466666591e+04 4.444444444888888938e+03 4.444444444888888938e+03 1.777777777955555575e+04 1.777777777955555575e+04 7.111111111822222301e+04 1.777777777955555575e+04 1.333333333466666591e+04 8.888888889777777877e+03 4.444444444888888938e+03 4.444444444888888938e+03 8.888888889777777877e+03 1.333333333466666591e+04 7.111111111822222301e+04 1.777777777955555575e+04 1.333333333466666591e+04 8.888888889777777877e+03 4.444444444888888938e+03 4.444444444888888938e+03 8.888888889777777877e+03 1.333333333466666591e+04 4.444444444888889120e+04 1.777777777955555575e+04 1.777777777955555575e+04 5.333333333866667090e+04
8.888888889777777877e+03 8.888888889777777877e+03 4.444444444888888938e+03 4.444444444888888938e+03 8.888888889777777877e+03 8.888888889777777877e+03 8.888888889777777877e+03 4.444444444888888938e+03 4.444444444888888938e+03 4.444444444888888938e+03 4.444444444888888938e+03 4.444444444888888938e+03 2.666666666933333545e+04 4.444444444888888938e+03 4.444444444888888938e+03 4.444444444888888938e+03 2.666666666933333545e+04 1.111111111222221662e+05 1.777777777955555575e+04 1.333333333466666591e+04 8.888888889777777877e+03 4.444444444888888938e+03 4.444444444888888938e+03 8.888888889777777877e+03 1.333333333466666591e+04 1.066666666773332836e+05 1.777777777955555575e+04 1.333333333466666591e+04 8.888888889777777877e+03 4.444444444888888938e+03 4.444444444888888938e+03 1.333333333466666591e+04 2.666666666933333545e+04 8.888888889777775330e+04 2.222222222444444560e+04 8.444444445288887073e+04 8.888888889777777877e+03
8.888888889777777877e+03 8.888888889777777877e+03 4.444444444888888938e+03 4.444444444888888938e+03 4.444444444888888938e+03 4.444444444888888938e+03 4.444444444888888938e+03 4.444444444888888938e+03 4.444444444888888938e+03 4.444444444888888938e+03 4.444444444888888938e+03 8.888888889777777877e+03 4.000000000400000135e+04 8.888888889777777877e+03 4.444444444888888938e+03 4.444444444888888938e+03 4.444444444888888938e+03 1.644444444608887716e+05 1.777777777955555575e+04 2.666666666933333545e+04 1.333333333466666591e+04 4.444444444888888938e+03 4.444444444888888938e+03 8.888888889777777877e+03 1.333333333466666591e+04 1.422222222364443587e+05 4.444444444888889120e+04 2.666666666933333545e+04 1.333333333466666591e+04 4.444444444888888938e+03 4.444444444888888938e+03 4.444444444888888938e+03 8.888888889777777877e+03 4.444444444888888938e+03 2.000000000199998321e+05 4.444444444888888938e+03 4.444444444888888938e+03
4.000000000400000135e+04 4.000000000400000135e+04 3.555555555911111151e+04 2.222222222444444560e+04 8.888888889777777877e+03 4.444444444888888938e+03 4.444444444888888938e+03 4.444444444888888938e+03 8.888888889777777877e+03 8.888888889777777877e+03 4.444444444888888938e+03 8.888888889777777877e+03 6.222222222844445059e+04 8.888888889777777877e+03 4.444444444888888938e+03 4.444444444888888938e+03 8.888888889777777877e+03 1.955555555751109496e+05 4.000000000400000135e+04 8.888888889777777877e+03 4.444444444888888938e+03 4.444444444888888938e+03 4.444444444888888938e+03 8.888888889777777877e+03 1.333333333466666591e+04 2.044444444648887147e+05 1.333333333466666591e+04 8.888888889777777877e+03 4.444444444888888938e+03 4.444444444888888938e+03 8.888888889777777877e+03 4.444444444888888938e+03 4.444444444888888938e+03 1.777777777955555575e+04 2.133333333546664799e+05 1.777777777955555575e+04 8.888888889777777877e+03
8.888888889777777877e+03 8.888888889777777877e+03 4.444444444888888938e+03 4.444444444888888938e+03 4.444444444888888938e+03 4.444444444888888938e+03 8.888888889777777877e+03 8.888888889777777877e+03 1.333333333466666591e+04 1.333333333466666591e+04 4.444444444888888938e+03 8.888888889777777877e+03 8.444444445288887073e+04 8.888888889777777877e+03 4.444444444888888938e+03 4.444444444888888938e+03 1.333333333466666591e+04 2.577777778035553056e+05 4.444444444888888938e+03 4.444444444888888938e+03 4.444444444888888938e+03 4.444444444888888938e+03 8.888888889777777877e+03 8.888888889777777877e+03 2.666666666933333545e+04 2.355555555791108927e+05 8.888888889777777877e+03 4.444444444888888938e+03 4.444444444888888938e+03 8.888888889777777877e+03 1.333333333466666591e+04 4.444444444888888938e+03 8.888888889777777877e+03 4.444444444888888938e+03 2.577777778035553056e+05 4.444444444888888938e+03 4.444444444888888938e+03
1.777777777955555575e+04 1.777777777955555575e+04 1.333333333466666591e+04 8.888888889777777877e+03 4.444444444888888938e+03 8.888888889777777877e+03 1.333333333466666591e+04 1.333333333466666591e+04 1.777777777955555575e+04 2.222222222444444560e+04 4.444444444888888938e+03 4.444444444888888938e+03 1.066666666773332836e+05 8.888888889777777877e+03 4.444444444888888938e+03 4.444444444888888938e+03 4.444444444888888938e+03 2.666666666933331289e+05 1.777777777955555575e+04 8.888888889777777877e+03 4.444444444888888938e+03 4.444444444888888938e+03 8.888888889777777877e+03 1.333333333466666591e+04 2.933333333626665990e+05 4.444444444888888938e+03 4.444444444888888938e+03 4.444444444888888938e+03 8.888888889777777877e+03 1.333333333466666591e+04 2.222222222444444560e+04 4.444444444888888938e+03 4.444444444888888938e+03 1.333333333466666591e+04 2.755555555831109523e+05 2.222222222444444560e+04 4.444444444888888938e+03
1.333333333466666591e+04 1.333333333466666591e+04 8.888888889777777877e+03 4.444444444888888938e+03 4.444444444888888938e+03 1.333333333466666591e+04 1.777777777955555575e+04 1.777777777955555575e+04 2.222222222444444560e+04 3.111111111422222530e+04 4.444444444888888938e+03 4.444444444888888938e+03 1.244444444568888139e+05 8.888888889777777877e+03 4.444444444888888938e+03 4.444444444888888938e+03 8.888888889777777877e+03 2.933333333626665990e+05 4.444444444888888938e+03 4.444444444888888938e+03 8.888888889777777877e+03 8.888888889777777877e+03 4.444444444888888938e+03 1.333333333466666591e+04 3.155555555871111574e+05 4.444444444888888938e+03 4.444444444888888938e+03 8.888888889777777877e+03 1.333333333466666591e+04 1.777777777955555575e+04 3.111111111422222530e+04 4.444444444888888938e+03 4.444444444888888938e+03 8.888888889777777877e+03 3.155555555871111574e+05 4.444444444888888938e+03 4.444444444888888938e+03
4.444444444888888938e+03 4.444444444888888938e+03 4.444444444888888938e+03 4.444444444888888938e+03 8.888888889777777877e+03 1.777777777955555575e+04 2.222222222444444560e+04 2.222222222444444560e+04 2.666666666933333545e+04 4.000000000400000135e+04 4.444444444888888938e+03 4.444444444888888938e+03 1.422222222364443587e+05 4.444444444888888938e+03 8.888888889777777877e+03 4.444444444888888938e+03 3.155555555871111574e+05 4.444444444888888938e+03 8.888888889777777877e+03 4.444444444888888938e+03 1.333333333466666591e+04 1.333333333466666591e+04 8.888888889777777877e+03 4.444444444888888938e+03 3.244444444768889807e+05 4.444444444888888938e+03 1.777777777955555575e+04 4.444444444888888938e+03 1.777777777955555575e+04 5.333333333866667090e+04 4.444444444888888938e+03 8.888888889777777877e+03 8.888888889777777877e+03 4.444444444888888938e+03 3.244444444768889807e+05 4.444444444888888938e+03 4.444444444888888938e+03
4.444444444888888938e+03 4.444444444888888938e+03 1.333333333466666591e+04 4.444444444888888938e+03 1.333333333466666591e+04 2.222222222444444560e+04 2.666666666933333545e+04 5.333333333866667090e+04 4.444444444888889120e+04 4.444444444888888938e+03 8.888888889777777877e+03 4.444444444888888938e+03 1.555555555711110064e+05 4.444444444888888938e+03 1.333333333466666591e+04 4.444444444888888938e+03 3.244444444768889807e+05 4.444444444888888938e+03 1.333333333466666591e+04 4.444444444888888938e+03 2.222222222444444560e+04 1.777777777955555575e+04 4.444444444888888938e+03 8.346666667501570657e+06 4.444444444888888938e+03 2.222222222444444560e+04 4.444444444888888938e+03 8.888888889777777877e+03 4.444444444888888938e+03 8.000000000799998816e+04 4.444444444888888938e+03 1.333333333466666591e+04 4.444444444888888938e+03 3.422222222564446274e+05 4.444444444888888938e+03 4.444444444888888938e+03 8.888888889777777877e+03
1.013333333434703015e+07 1.013333333434703015e+07 1.012888888990214095e+07 1.010222222323280573e+07 1.008000000100835972e+07 1.004444444544924609e+07 9.964444445441240445e+06 9.880000000988345593e+06 9.875555556543456391e+06 9.604444445405215025e+06 9.591111112070547417e+06 9.573333334290990606e+06 9.551111112066544592e+06 9.368888889826087281e+06 9.333333334266973659e+06 9.306666667597638443e+06 9.293333334262970835e+06 8.746666667541598901e+06 8.733333334206931293e+06 8.702222223092706874e+06 8.684444445313150063e+06 8.653333334198925644e+06 8.377777778615795076e+06 4.444444444888888938e+03 8.000000000800212845e+06 7.986666667465545237e+06 7.955555556351320818e+06 7.622222222984630615e+06 7.595555556315295398e+06 7.577777778535738587e+06 7.480000000748176128e+06 7.213333334054823965e+06 7.195555556275267154e+06 7.186666667385488749e+06 6.835555556239241734e+06 6.813333334014795721e+06 6.800000000680128112e+06
4.444444444888888938e+03 4.444444444888888938e+03 8.888888889777777877e+03 1.333333333466666591e+04 1.777777777955555575e+04 4.444444444888888938e+03 4.888888889377778105e+04 4.444444444888888938e+03 2.222222222444442450e+05 4.444444444888888938e+03 4.444444444888888938e+03 1.333333333466666591e+04 2.222222222444444560e+04 2.666666666933333545e+04 8.888888889777777877e+03 4.444444444888888938e+03 2.177777777995553624e+05 4.444444444888888938e+03 1.333333333466666591e+04 8.888888889777777877e+03 4.444444444888888938e+03 2.533333333586664230e+05 1.333333333466666591e+04 4.444444444888888938e+03 8.888888889777777877e+03 4.444444444888888938e+03 3.244444444768889807e+05 1.333333333466666591e+04 8.888888889777777877e+03 1.333333333466666591e+04 4.444444444888888938e+03 2.533333333586664230e+05 4.444444444888888938e+03 4.444444444888888938e+03 1.333333333466666591e+04 4.444444444888888938e+03 6.222222222844445059e+04
4.444444444888888938e+03 4.444444444888888938e+03 4.444444444888888938e+03 8.888888889777777877e+03 1.333333333466666591e+04 1.333333333466666591e+04 1.777777777955555575e+04 8.888888889777777877e+03 4.444444444888888938e+03 2.133333333546664799e+05 4.444444444888888938e+03 8.888888889777777877e+03 1.777777777955555575e+04 2.222222222444444560e+04 4.444444444888888938e+03 2.000000000199998321e+05 4.444444444888888938e+03 8.888888889777777877e+03 8.888888889777777877e+03 4.444444444888888938e+03 2.355555555791108927e+05 8.888888889777777877e+03 4.444444444888888938e+03 8.888888889777777877e+03 4.444444444888888938e+03 1.777777777955555575e+04 3.022222222524444223e+05 8.888888889777777877e+03 4.444444444888888938e+03 8.888888889777777877e+03 4.444444444888888938e+03 4.444444444888888938e+03 2.355555555791108927e+05 4.444444444888888938e+03 8.888888889777777877e+03 1.777777777955555575e+04 3.555555555911111151e+04
8.888888889777777877e+03 8.888888889777777877e+03 4.444444444888888938e+03 4.444444444888888938e+03 8.888888889777777877e+03 8.888888889777777877e+03 1.333333333466666591e+04 4.444444444888888938e+03 8.888888889777777877e+03 1.866666666853331844e+05 8.888888889777777877e+03 4.444444444888888938e+03 1.333333333466666591e+04 1.777777777955555575e+04 4.444444444888888938e+03 1.866666666853331844e+05 4.444444444888888938e+03 4.444444444888888938e+03 4.444444444888888938e+03 8.888888889777777877e+03 2.177777777995553624e+05 4.444444444888888938e+03 4.444444444888888938e+03 4.444444444888888938e+03 1.333333333466666591e+04 4.444444444888888938e+03 2.888888889177776873e+05 4.444444444888888938e+03 4.444444444888888938e+03 4.444444444888888938e+03 4.444444444888888938e+03 2.133333333546664799e+05 4.444444444888888938e+03 8.888888889777777877e+03 4.444444444888888938e+03 1.333333333466666591e+04 2.666666666933333545e+04
1.333333333466666591e+04 1.333333333466666591e+04 8.888888889777777877e+03 4.444444444888888938e+03 4.444444444888888938e+03 4.444444444888888938e+03 8.888888889777777877e+03 4.444444444888888938e+03 8.888888889777777877e+03 1.644444444608887716e+05 8.888888889777777877e+03 4.444444444888888938e+03 8.888888889777777877e+03 1.333333333466666591e+04 4.444444444888888938e+03 8.888888889777777877e+03 1.688888889057776541e+05 8.888888889777777877e+03 4.444444444888888938e+03 4.444444444888888938e+03 8.888888889777777877e+03 2.000000000199998321e+05 1.777777777955555575e+04 4.444444444888888938e+03 8.888888889777777877e+03 4.444444444888888938e+03 8.888888889777777877e+03 2.711111111382220406e+05 1.333333333466666591e+04 4.444444444888888938e+03 4.444444444888888938e+03 8.888888889777777877e+03 1.911111111302220670e+05 4.444444444888888938e+03 4.444444444888888938e+03 8.888888889777777877e+03 1.777777777955555575e+04
