output/field_example_test_lateral/area_000035.asc
nrows	150
cellsize	66.66666667
xllcorner	0
ncols	150
yllcorner	0
NODATA_value	-9999
[rows 0 to 16 of 150, columns 37 to 73 of 150]
4.444444444888888938e+03 4.444444444888888938e+03 4.444444444888888938e+03 4.444444444888888938e+03 4.444444444888888938e+03 4.444444444888888938e+03 4.444444444888888938e+03 4.444444444888888938e+03 4.444444444888888938e+03 4.444444444888888938e+03 4.444444444888888938e+03 4.444444444888888938e+03 4.444444444888888938e+03 4.444444444888888938e+03 4.444444444888888938e+03 4.444444444888888938e+03 4.444444444888888938e+03 4.444444444888888938e+03 4.444444444888888938e+03 4.444444444888888938e+03 4.444444444888888938e+03 4.444444444888888938e+03 4.444444444888888938e+03 4.444444444888888938e+03 4.444444444888888938e+03 4.444444444888888938e+03 4.444444444888888938e+03 4.444444444888888938e+03 4.444444444888888938e+03 4.444444444888888938e+03 4.444444444888888938e+03 4.444444444888888938e+03 4.444444444888888938e+03 4.444444444888888938e+03 4.444444444888888938e+03 4.444444444888888938e+03 4.444444444888888938e+03
1.333333333466666591e+04 8.888888889777777877e+03 4.444444444888888938e+03 4.444444444888888938e+03 8.888888889777777877e+03 1.777777777955555575e+04 4.444444444888888938e+03 4.444444444888888938e+03 8.888888889777777877e+03 8.888888889777777877e+03 1.333333333466666591e+04 1.333333333466666591e+04 8.888888889777777877e+03 8.888888889777777877e+03 4.444444444888888938e+03 1.333333333466666591e+04 4.444444444888888938e+03 4.444444444888888938e+03 8.888888889777777877e+03 8.888888889777777877e+03 1.333333333466666591e+04 1.333333333466666591e+04 8.888888889777777877e+03 4.444444444888888938e+03 4.444444444888888938e+03 1.333333333466666591e+04 1.333333333466666591e+04 8.888888889777777877e+03 4.444444444888888938e+03 4.444444444888888938e+03 1.777777777955555575e+04 8.888888889777777877e+03 4.444444444888888938e+03 8.888888889777777877e+03 1.333333333466666591e+04 4.444444444888888938e+03 4.444444444888888938e+03
2.666666666933333545e+04 8.888888889777777877e+03 4.444444444888888938e+03 4.444444444888888938e+03 8.888888889777777877e+03 3.555555555911111151e+04 8.888888889777777877e+03 4.444444444888888938e+03 4.444444444888888938e+03 1.333333333466666591e+04 2.666666666933333545e+04 2.666666666933333545e+04 1.333333333466666591e+04 4.444444444888888938e+03 4.444444444888888938e+03 2.666666666933333545e+04 4.444444444888888938e+03 4.444444444888888938e+03 8.888888889777777877e+03 1.333333333466666591e+04 2.666666666933333545e+04 2.666666666933333545e+04 8.888888889777777877e+03 4.444444444888888938e+03 4.444444444888888938e+03 2.222222222444444560e+04 2.666666666933333545e+04 8.888888889777777877e+03 4.444444444888888938e+03 4.444444444888888938e+03 3.555555555911111151e+04 8.888888889777777877e+03 4.444444444888888938e+03 1.333333333466666591e+04 2.222222222444444560e+04 4.444444444888888938e+03 4.444444444888888938e+03
1.333333333466666591e+04 8.888888889777777877e+03 4.444444444888888938e+03 4.444444444888888938e+03 8.888888889777777877e+03 5.777777778355556075e+04 8.888888889777777877e+03 4.444444444888888938e+03 4.444444444888888938e+03 8.888888889777777877e+03 4.444444444888889120e+04 5.777777778355556075e+04 1.333333333466666591e+04 4.444444444888888938e+03 4.444444444888888938e+03 4.000000000400000135e+04 4.444444444888888938e+03 8.888888889777777877e+03 4.444444444888888938e+03 1.333333333466666591e+04 4.444444444888889120e+04 4.000000000400000135e+04 8.888888889777777877e+03 4.444444444888888938e+03 4.444444444888888938e+03 3.111111111422222530e+04 4.000000000400000135e+04 8.888888889777777877e+03 4.444444444888888938e+03 4.444444444888888938e+03 5.333333333866667090e+04 4.444444444888888938e+03 4.444444444888888938e+03 2.222222222444444560e+04 3.111111111422222530e+04 4.444444444888888938e+03 4.444444444888888938e+03
2.666666666933333545e+04 1.333333333466666591e+04 4.444444444888888938e+03 4.444444444888888938e+03 8.888888889777777877e+03 8.000000000799998816e+04 8.888888889777777877e+03 4.444444444888888938e+03 4.444444444888888938e+03 8.888888889777777877e+03 1.155555555671110487e+05 8.888888889777777877e+03 4.444444444888888938e+03 4.444444444888888938e+03 4.444444444888888938e+03 5.333333333866667090e+04 4.444444444888888938e+03 1.333333333466666591e+04 8.888888889777777877e+03 4.444444444888888938e+03 1.777777777955555575e+04 9.777777778755551844e+04 8.888888889777777877e+03 4.444444444888888938e+03 4.444444444888888938e+03 4.000000000400000135e+04 5.333333333866667090e+04 8.888888889777777877e+03 4.444444444888888938e+03 4.444444444888888938e+03 6.666666667333334044e+04 4.444444444888888938e+03 4.444444444888888938e+03 3.111111111422222530e+04 4.000000000400000135e+04 4.444444444888888938e+03 4.444444444888888938e+03
8.888888889777777877e+03 4.444444444888888938e+03 4.444444444888888938e+03 4.444444444888888938e+03 8.888888889777777877e+03 1.022222222324444010e+05 8.888888889777777877e+03 4.444444444888888938e+03 4.444444444888888938e+03 8.888888889777777877e+03 1.377777777915554761e+05 4.444444444888888938e+03 4.444444444888888938e+03 8.888888889777777877e+03 4.444444444888888938e+03 6.666666667333334044e+04 4.444444444888888938e+03 1.777777777955555575e+04 1.333333333466666591e+04 8.888888889777777877e+03 4.444444444888888938e+03 1.288888889017776964e+05 4.444444444888888938e+03 8.888888889777777877e+03 8.888888889777777877e+03 4.444444444888889120e+04 6.666666667333334044e+04 4.444444444888888938e+03 8.888888889777777877e+03 8.888888889777777877e+03 7.555555556311110558e+04 4.444444444888888938e+03 4.444444444888888938e+03 4.000000000400000135e+04 4.888888889377778105e+04 4.444444444888888938e+03 4.444444444888888938e+03
8.888888889777777877e+03 4.444444444888888938e+03 4.444444444888888938e+03 8.888888889777777877e+03 8.888888889777777877e+03 1.244444444568888139e+05 4.444444444888888938e+03 8.888888889777777877e+03 8.888888889777777877e+03 4.444444444888888938e+03 1.600000000159998890e+05 4.444444444888888938e+03 4.444444444888888938e+03 1.777777777955555575e+04 8.888888889777777877e+03 7.555555556311110558e+04 4.444444444888888938e+03 2.222222222444444560e+04 1.777777777955555575e+04 1.333333333466666591e+04 8.888888889777777877e+03 1.377777777915554761e+05 4.444444444888888938e+03 1.333333333466666591e+04 5.777777778355556075e+04 4.444444444888888938e+03 7.555555556311110558e+04 4.444444444888888938e+03 1.333333333466666591e+04 1.333333333466666591e+04 8.444444445288887073e+04 4.444444444888888938e+03 4.444444444888888938e+03 9.777777778755551844e+04 4.444444444888888938e+03 4.444444444888888938e+03 1.422222222364443587e+05
4.444444444888888938e+03 4.444444444888888938e+03 4.444444444888888938e+03 8.888888889777777877e+03 2.222222222444444560e+04 1.600000000159998890e+05 8.888888889777777877e+03 1.333333333466666591e+04 4.444444444888888938e+03 1.777777777955554193e+05 4.444444444888888938e+03 4.444444444888888938e+03 4.444444444888888938e+03 8.888888889777777877e+03 1.288888889017776964e+05 1.333333333466666591e+04 4.444444444888888938e+03 4.444444444888888938e+03 3.786666667045291513e+06 3.742222222596404143e+06 3.706666667037294246e+06 3.684444444812850561e+06 3.515555555907078553e+06 3.502222222572412342e+06 3.444444444788858760e+06 3.377777778115527704e+06 3.346666667001306545e+06 3.262222222548420541e+06 2.893333333622655366e+06 2.866666666953322943e+06 2.760000000275993254e+06 2.742222222496438306e+06 2.697777778047550935e+06 2.684444444712884724e+06 2.577777778035555035e+06 2.546666666921333876e+06 2.297777778007564601e+06
4.444444444888888938e+03 8.888888889777777877e+03 8.888888889777777877e+03 4.444444444888888938e+03 4.444444444888888938e+03 4.444444444888888938e+03 1.777777777955554193e+05 1.777777777955555575e+04 4.444444444888888938e+03 1.911111111302220670e+05 4.444444444888888938e+03 8.888888889777777877e+03 8.888888889777777877e+03 4.444444444888888938e+03 4.711111111582202837e+06 4.577777778235526755e+06 4.444444444888888938e+03 3.808888889269735198e+06 4.444444444888888938e+03 1.777777777955555575e+04 8.888888889777777877e+03 2.666666666933333545e+04 4.444444444888888938e+03 4.000000000400000135e+04 4.444444444888888938e+03 2.222222222444444560e+04 4.444444444888888938e+03 3.600000000360002741e+05 8.888888889777777877e+03 4.444444444888888938e+03 1.333333333466666591e+04 3.555555555911111151e+04 4.444444444888888938e+03 4.444444444888888938e+03 2.222222222444444560e+04 2.400000000239997753e+05 1.777777777955555575e+04
8.888888889777777877e+03 1.333333333466666591e+04 1.333333333466666591e+04 8.888888889777777877e+03 4.444444444888888938e+03 8.888888889777777877e+03 4.444444444888888938e+03 5.302222222752466798e+06 5.102222222732452676e+06 5.088888889397785068e+06 4.884444444932881743e+06 4.866666667153324932e+06 4.782222222700430080e+06 4.764444444920873269e+06 4.444444444888888938e+03 4.444444444888888938e+03 4.564444444900859147e+06 4.444444444888888938e+03 8.888888889777777877e+03 1.333333333466666591e+04 4.444444444888888938e+03 8.888888889777777877e+03 1.333333333466666591e+04 3.111111111422222530e+04 4.444444444888888938e+03 1.777777777955555575e+04 4.444444444888888938e+03 3.511111111462224508e+05 4.444444444888888938e+03 4.444444444888888938e+03 8.888888889777777877e+03 1.333333333466666591e+04 1.777777777955555575e+04 1.333333333466666591e+04 4.444444444888888938e+03 2.355555555791108927e+05 8.888888889777777877e+03
1.333333333466666591e+04 1.777777777955555575e+04 2.666666666933333545e+04 4.444444444888888938e+03 8.888888889777777877e+03 4.444444444888888938e+03 5.355555556091137230e+06 3.555555555911111151e+04 4.444444444888888938e+03 8.888888889777777877e+03 8.888888889777777877e+03 7.111111111822222301e+04 4.444444444888888938e+03 3.555555555911111151e+04 4.444444444888888938e+03 4.444444444888888938e+03 7.466666667413326213e+05 4.444444444888888938e+03 4.444444444888888938e+03 4.444444444888888938e+03 8.888888889777777877e+03 4.444444444888888938e+03 8.888888889777777877e+03 1.333333333466666591e+04 1.333333333466666591e+04 1.333333333466666591e+04 4.444444444888888938e+03 8.888888889777777877e+03 3.288888889217778924e+05 4.444444444888888938e+03 4.444444444888888938e+03 8.888888889777777877e+03 1.333333333466666591e+04 8.888888889777777877e+03 4.444444444888888938e+03 2.222222222444442450e+05 4.444444444888888938e+03
7.031111111814366654e+06 7.008888889589920640e+06 8.888888889777777877e+03 4.444444444888888938e+03 4.444444444888888938e+03 5.386666667205361649e+06 4.444444444888888938e+03 2.222222222444444560e+04 8.888888889777777877e+03 4.444444444888888938e+03 4.444444444888888938e+03 6.222222222844445059e+04 4.444444444888888938e+03 1.333333333466666591e+04 1.777777777955555575e+04 8.888888889777777877e+03 4.444444444888888938e+03 7.200000000719995005e+05 4.444444444888888938e+03 4.444444444888888938e+03 4.444444444888888938e+03 4.444444444888888938e+03 4.444444444888888938e+03 8.888888889777777877e+03 8.888888889777777877e+03 8.888888889777777877e+03 4.444444444888888938e+03 1.333333333466666591e+04 3.200000000320000690e+05 1.777777777955555575e+04 4.444444444888888938e+03 4.444444444888888938e+03 8.888888889777777877e+03 4.444444444888888938e+03 2.666666666933333545e+04 4.444444444888888938e+03 1.866666666853331844e+05
4.444444444888888938e+03 4.444444444888888938e+03 6.946666667361471802e+06 6.915555556247247383e+06 5.400000000540029258e+06 4.444444444888888938e+03 8.888888889777777877e+03 8.888888889777777877e+03 8.888888889777777877e+03 4.444444444888888938e+03 4.444444444888888938e+03 4.888888889377778105e+04 4.444444444888888938e+03 8.888888889777777877e+03 1.333333333466666591e+04 4.444444444888888938e+03 8.888888889777777877e+03 1.777777777955555575e+04 6.800000000679998193e+05 8.888888889777777877e+03 4.444444444888888938e+03 4.444444444888888938e+03 4.444444444888888938e+03 4.444444444888888938e+03 4.444444444888888938e+03 4.444444444888888938e+03 8.888888889777777877e+03 1.333333333466666591e+04 2.666666666933331289e+05 4.444444444888888938e+03 8.888888889777777877e+03 4.444444444888888938e+03 4.444444444888888938e+03 4.444444444888888938e+03 1.777777777955555575e+04 4.444444444888888938e+03 1.555555555711110064e+05
1.777777777955555575e+04 4.444444444888888938e+03 4.444444444888888938e+03 1.777777777955555575e+04 1.506666666817338672e+06 8.888888889777777877e+03 4.444444444888888938e+03 4.444444444888888938e+03 4.444444444888888938e+03 4.444444444888888938e+03 8.888888889777777877e+03 8.888888889777777877e+03 2.666666666933333545e+04 4.444444444888888938e+03 8.888888889777777877e+03 4.444444444888888938e+03 1.333333333466666591e+04 1.777777777955555575e+04 1.777777777955555575e+04 6.266666667293335777e+05 8.888888889777777877e+03 8.888888889777777877e+03 4.444444444888888938e+03 4.444444444888888938e+03 4.444444444888888938e+03 4.444444444888888938e+03 8.888888889777777877e+03 8.888888889777777877e+03 1.333333333466666591e+04 2.400000000239997753e+05 1.333333333466666591e+04 8.888888889777777877e+03 4.444444444888888938e+03 4.444444444888888938e+03 8.888888889777777877e+03 4.444444444888888938e+03 1.777777777955555575e+04
4.444444444888888938e+03 1.333333333466666591e+04 4.444444444888888938e+03 8.888888889777777877e+03 1.493333333482671762e+06 4.444444444888888938e+03 4.444444444888888938e+03 1.333333333466666591e+04 8.888888889777777877e+03 4.444444444888888938e+03 4.444444444888888938e+03 4.444444444888888938e+03 1.777777777955555575e+04 4.444444444888888938e+03 4.444444444888888938e+03 8.888888889777777877e+03 1.333333333466666591e+04 1.333333333466666591e+04 3.111111111422222530e+04 4.444444444888888938e+03 5.733333333906673361e+05 8.888888889777777877e+03 2.222222222444444560e+04 1.333333333466666591e+04 4.444444444888888938e+03 4.444444444888888938e+03 4.444444444888888938e+03 8.888888889777777877e+03 1.333333333466666591e+04 5.777777778355556075e+04 1.511111111262221239e+05 1.333333333466666591e+04 8.888888889777777877e+03 4.444444444888888938e+03 4.444444444888888938e+03 4.444444444888888938e+03 8.888888889777777877e+03
4.444444444888888938e+03 8.888888889777777877e+03 4.444444444888888938e+03 4.444444444888888938e+03 4.444444444888888938e+03 1.475555555703115882e+06 3.111111111422222530e+04 8.888888889777777877e+03 4.444444444888888938e+03 4.444444444888888938e+03 4.444444444888888938e+03 4.444444444888888938e+03 8.888888889777777877e+03 4.444444444888888938e+03 4.444444444888888938e+03 8.888888889777777877e+03 8.888888889777777877e+03 1.333333333466666591e+04 1.333333333466666591e+04 4.444444444888888938e+03 4.888888889377778105e+04 4.977777778275565361e+05 1.777777777955555575e+04 1.333333333466666591e+04 8.888888889777777877e+03 4.444444444888888938e+03 4.444444444888888938e+03 8.888888889777777877e+03 8.888888889777777877e+03 4.444444444888889120e+04 2.666666666933333545e+04 1.066666666773332836e+05 1.333333333466666591e+04 8.888888889777777877e+03 4.444444444888888938e+03 4.444444444888888938e+03 8.888888889777777877e+03
4.444444444888888938e+03 4.444444444888888938e+03 4.444444444888888938e+03 8.888888889777777877e+03 4.444444444888888938e+03 1.435555555699115153e+06 4.444444444888888938e+03 4.444444444888888938e+03 3.555555555911111151e+04 2.666666666933333545e+04 1.777777777955555575e+04 8.888888889777777877e+03 4.444444444888888938e+03 4.444444444888888938e+03 4.444444444888888938e+03 4.444444444888888938e+03 8.888888889777777877e+03 8.888888889777777877e+03 1.333333333466666591e+04 2.666666666933333545e+04 1.777777777955555575e+04 4.533333333786674193e+05 1.777777777955555575e+04 1.333333333466666591e+04 8.888888889777777877e+03 4.444444444888888938e+03 4.444444444888888938e+03 4.444444444888888938e+03 8.888888889777777877e+03 3.111111111422222530e+04 2.222222222444444560e+04 2.222222222444444560e+04 6.666666667333334044e+04 2.222222222444444560e+04 8.888888889777777877e+03 4.444444444888888938e+03 4.444444444888888938e+03
