output/field_example_test_lateral/area_000054.asc
nrows	150
cellsize	66.66666667
xllcorner	0
ncols	150
yllcorner	0
NODATA_value	-9999
[rows 34 to 50 of 150, columns 0 to 36 of 150]
4.444444444888888938e+03 4.444444444888888938e+03 4.444444444888888938e+03 8.888888889777777877e+03 1.333333333466666591e+04 1.777777777955555575e+04 2.222222222444444560e+04 1.288888889017776964e+05 4.444444444888888938e+03 4.444444444888888938e+03 8.888888889777777877e+03 4.444444444888888938e+03 2.800000000279998640e+05 8.888888889777777877e+03 4.444444444888888938e+03 1.333333333466666591e+04 1.333333333466666591e+04 1.777777777955555575e+04 1.333333333466666591e+04 4.444444444888888938e+03 2.622222222484442173e+05 8.888888889777777877e+03 4.444444444888888938e+03 4.444444444888888938e+03 1.911111111302220670e+05 4.444444444888888938e+03 8.888888889777777877e+03 8.888888889777777877e+03 4.444444444888888938e+03 1.333333333466666591e+04 1.333333333466666591e+04 1.777777777955555575e+04 8.888888889777777877e+03 4.444444444888888938e+03 3.688888889257780975e+05 2.977777778075555107e+05 8.888888889777777877e+03
2.777777778055548202e+06 2.777777778055548202e+06 2.773333333610659465e+06 2.755555555831104517e+06 2.733333333606660832e+06 2.702222222492439672e+06 2.662222222488441039e+06 2.600000000259998720e+06 2.462222222468447872e+06 2.422222222464449238e+06 2.408888889129783027e+06 2.391111111350228079e+06 2.297777778007564601e+06 2.008888889089792268e+06 1.982222222420458449e+06 1.968888889085791539e+06 1.844444444628900383e+06 1.822222222404455533e+06 1.791111111290232744e+06 1.711111111282231286e+06 1.435555555699115153e+06 4.444444444888888938e+03 1.342222222356446786e+06 1.333333333466668846e+06 1.320000000132001936e+06 4.444444444888888938e+03 2.222222222444444560e+04 4.444444444888888938e+03 8.888888889777777877e+03 1.777777777955555575e+04 3.555555555911111151e+04 4.444444444888888938e+03 4.444444444888888938e+03 3.911111111502226559e+05 4.444444444888888938e+03 4.444444444888888938e+03 4.444444444888888938e+03
4.444444444888888938e+03 4.444444444888888938e+03 8.888888889777777877e+03 8.888888889777777877e+03 1.333333333466666591e+04 1.777777777955555575e+04 3.555555555911111151e+04 4.444444444888888938e+03 3.111111111422222530e+04 4.444444444888888938e+03 4.444444444888888938e+03 8.444444445288887073e+04 4.444444444888888938e+03 1.333333333466666591e+04 4.444444444888888938e+03 1.066666666773332836e+05 4.444444444888888938e+03 8.888888889777777877e+03 6.222222222844445059e+04 4.444444444888888938e+03 4.444444444888888938e+03 1.422222222364448244e+06 4.444444444888888938e+03 4.444444444888888938e+03 4.444444444888888938e+03 1.111111111222220352e+06 1.008888888989774976e+06 9.777777778755530016e+05 9.600000000959975878e+05 9.333333334266644670e+05 8.622222223084428115e+05 7.777777778555545956e+05 7.688888889657768887e+05 4.444444444888888938e+03 4.444444444888888938e+03 1.777777777955555575e+04 1.333333333466666591e+04
4.444444444888888938e+03 4.444444444888888938e+03 4.444444444888888938e+03 4.444444444888888938e+03 8.888888889777777877e+03 1.333333333466666591e+04 1.333333333466666591e+04 1.777777777955555575e+04 1.777777777955555575e+04 8.888888889777777877e+03 6.666666667333334044e+04 4.444444444888888938e+03 8.888888889777777877e+03 8.888888889777777877e+03 3.555555555911111151e+04 2.222222222444444560e+04 4.444444444888889120e+04 4.444444444888888938e+03 1.777777777955555575e+04 4.000000000400000135e+04 4.444444444888888938e+03 4.444444444888888938e+03 6.222222222844445059e+04 4.444444444888888938e+03 4.444444444888888938e+03 9.333333334266663587e+04 4.444444444888888938e+03 8.888888889777777877e+03 1.333333333466666591e+04 4.888888889377778105e+04 4.444444444888888938e+03 4.000000000400000135e+04 4.444444444888888938e+03 3.600000000360002741e+05 3.155555555871111574e+05 4.444444444888888938e+03 4.444444444888888938e+03
1.333333333466666591e+04 1.333333333466666591e+04 8.888888889777777877e+03 4.444444444888888938e+03 4.444444444888888938e+03 8.888888889777777877e+03 8.888888889777777877e+03 1.333333333466666591e+04 1.333333333466666591e+04 4.444444444888888938e+03 3.111111111422222530e+04 3.111111111422222530e+04 4.444444444888888938e+03 4.444444444888888938e+03 3.111111111422222530e+04 1.777777777955555575e+04 3.555555555911111151e+04 4.444444444888888938e+03 1.333333333466666591e+04 1.777777777955555575e+04 1.777777777955555575e+04 1.777777777955555575e+04 3.111111111422222530e+04 4.444444444888888938e+03 4.444444444888888938e+03 3.111111111422222530e+04 5.333333333866667090e+04 4.444444444888888938e+03 8.888888889777777877e+03 2.222222222444444560e+04 2.222222222444444560e+04 3.111111111422222530e+04 4.444444444888888938e+03 4.000000000400000135e+04 8.888888889777777877e+03 2.755555555831109523e+05 1.777777777955555575e+04
1.777777777955555575e+04 1.777777777955555575e+04 1.333333333466666591e+04 8.888888889777777877e+03 4.444444444888888938e+03 4.444444444888888938e+03 4.444444444888888938e+03 8.888888889777777877e+03 8.888888889777777877e+03 4.444444444888888938e+03 2.222222222444444560e+04 2.222222222444444560e+04 4.444444444888888938e+03 4.444444444888888938e+03 2.222222222444444560e+04 1.333333333466666591e+04 2.666666666933333545e+04 4.444444444888888938e+03 8.888888889777777877e+03 1.333333333466666591e+04 1.333333333466666591e+04 1.333333333466666591e+04 1.333333333466666591e+04 1.333333333466666591e+04 1.333333333466666591e+04 1.333333333466666591e+04 1.777777777955555575e+04 3.111111111422222530e+04 4.444444444888888938e+03 1.777777777955555575e+04 1.777777777955555575e+04 2.222222222444444560e+04 4.444444444888888938e+03 3.555555555911111151e+04 4.444444444888888938e+03 4.444444444888888938e+03 2.444444444688886579e+05
4.444444444888888938e+03 4.444444444888888938e+03 4.444444444888888938e+03 4.444444444888888938e+03 4.444444444888888938e+03 4.444444444888888938e+03 4.444444444888888938e+03 4.444444444888888938e+03 4.444444444888888938e+03 4.444444444888888938e+03 1.333333333466666591e+04 1.333333333466666591e+04 4.444444444888888938e+03 4.444444444888888938e+03 1.333333333466666591e+04 8.888888889777777877e+03 1.333333333466666591e+04 8.888888889777777877e+03 4.444444444888888938e+03 8.888888889777777877e+03 8.888888889777777877e+03 8.888888889777777877e+03 8.888888889777777877e+03 8.888888889777777877e+03 8.888888889777777877e+03 8.888888889777777877e+03 1.333333333466666591e+04 2.222222222444444560e+04 4.444444444888888938e+03 1.333333333466666591e+04 1.333333333466666591e+04 1.777777777955555575e+04 1.777777777955555575e+04 8.888888889777777877e+03 4.444444444888888938e+03 5.777777778355556075e+04 6.666666667333334044e+04
8.444444445288887073e+04 8.444444445288887073e+04 7.111111111822222301e+04 5.777777778355556075e+04 4.444444444888889120e+04 3.111111111422222530e+04 1.777777777955555575e+04 8.888888889777777877e+03 4.444444444888888938e+03 4.444444444888888938e+03 4.444444444888888938e+03 4.444444444888888938e+03 4.444444444888888938e+03 4.444444444888888938e+03 4.444444444888888938e+03 4.444444444888888938e+03 4.444444444888888938e+03 4.444444444888888938e+03 4.444444444888888938e+03 4.444444444888888938e+03 4.444444444888888938e+03 4.444444444888888938e+03 4.444444444888888938e+03 4.444444444888888938e+03 4.444444444888888938e+03 4.444444444888888938e+03 8.888888889777777877e+03 1.333333333466666591e+04 4.444444444888888938e+03 8.888888889777777877e+03 8.888888889777777877e+03 1.333333333466666591e+04 1.333333333466666591e+04 4.444444444888888938e+03 3.111111111422222530e+04 2.222222222444444560e+04 4.888888889377778105e+04
4.444444444888888938e+03 4.444444444888888938e+03 4.444444444888888938e+03 4.444444444888888938e+03 4.444444444888888938e+03 4.444444444888888938e+03 4.444444444888888938e+03 4.444444444888888938e+03 4.444444444888888938e+03 4.444444444888888938e+03 4.444444444888888938e+03 4.444444444888888938e+03 4.444444444888888938e+03 4.444444444888888938e+03 4.444444444888888938e+03 4.444444444888888938e+03 4.444444444888888938e+03 4.444444444888888938e+03 4.444444444888888938e+03 4.444444444888888938e+03 4.444444444888888938e+03 4.444444444888888938e+03 4.444444444888888938e+03 4.444444444888888938e+03 4.444444444888888938e+03 4.444444444888888938e+03 4.444444444888888938e+03 4.444444444888888938e+03 4.444444444888888938e+03 4.444444444888888938e+03 4.444444444888888938e+03 8.888888889777777877e+03 8.888888889777777877e+03 4.444444444888888938e+03 2.222222222444444560e+04 1.777777777955555575e+04 3.555555555911111151e+04
2.666666666933333545e+04 2.666666666933333545e+04 2.222222222444444560e+04 1.777777777955555575e+04 1.333333333466666591e+04 8.888888889777777877e+03 4.444444444888888938e+03 4.444444444888888938e+03 8.888888889777777877e+03 1.333333333466666591e+04 4.444444444888888938e+03 8.888888889777777877e+03 8.888888889777777877e+03 8.888888889777777877e+03 8.888888889777777877e+03 8.888888889777777877e+03 8.888888889777777877e+03 8.888888889777777877e+03 8.888888889777777877e+03 1.333333333466666591e+04 4.444444444888888938e+03 8.888888889777777877e+03 8.888888889777777877e+03 8.888888889777777877e+03 1.333333333466666591e+04 4.444444444888888938e+03 4.444444444888888938e+03 4.444444444888888938e+03 4.444444444888888938e+03 4.444444444888888938e+03 4.444444444888888938e+03 4.444444444888888938e+03 4.444444444888888938e+03 4.444444444888888938e+03 1.333333333466666591e+04 1.333333333466666591e+04 2.222222222444444560e+04
2.222222222444444560e+04 2.222222222444444560e+04 1.777777777955555575e+04 1.333333333466666591e+04 8.888888889777777877e+03 4.444444444888888938e+03 4.444444444888888938e+03 8.888888889777777877e+03 1.333333333466666591e+04 2.222222222444444560e+04 4.444444444888888938e+03 1.333333333466666591e+04 1.333333333466666591e+04 1.333333333466666591e+04 1.333333333466666591e+04 1.333333333466666591e+04 1.333333333466666591e+04 1.333333333466666591e+04 2.666666666933333545e+04 8.888888889777777877e+03 4.444444444888888938e+03 1.333333333466666591e+04 1.333333333466666591e+04 1.333333333466666591e+04 2.222222222444444560e+04 8.888888889777777877e+03 4.444444444888888938e+03 1.333333333466666591e+04 8.888888889777777877e+03 8.888888889777777877e+03 4.444444444888888938e+03 4.444444444888888938e+03 4.444444444888888938e+03 4.444444444888888938e+03 4.444444444888888938e+03 8.888888889777777877e+03 1.333333333466666591e+04
1.333333333466666591e+04 1.333333333466666591e+04 8.888888889777777877e+03 4.444444444888888938e+03 4.444444444888888938e+03 4.444444444888888938e+03 8.888888889777777877e+03 1.333333333466666591e+04 4.000000000400000135e+04 4.444444444888888938e+03 8.888888889777777877e+03 1.777777777955555575e+04 1.777777777955555575e+04 1.777777777955555575e+04 3.111111111422222530e+04 4.444444444888888938e+03 1.777777777955555575e+04 1.777777777955555575e+04 4.000000000400000135e+04 4.444444444888888938e+03 8.888888889777777877e+03 1.777777777955555575e+04 1.777777777955555575e+04 1.777777777955555575e+04 3.555555555911111151e+04 4.444444444888888938e+03 8.888888889777777877e+03 2.666666666933333545e+04 1.333333333466666591e+04 8.888888889777777877e+03 8.888888889777777877e+03 8.888888889777777877e+03 4.444444444888888938e+03 4.444444444888888938e+03 4.444444444888888938e+03 4.444444444888888938e+03 4.444444444888888938e+03
4.444444444888888938e+03 4.444444444888888938e+03 4.444444444888888938e+03 8.888888889777777877e+03 4.444444444888888938e+03 8.888888889777777877e+03 1.333333333466666591e+04 5.777777778355556075e+04 4.444444444888888938e+03 8.888888889777777877e+03 1.333333333466666591e+04 2.222222222444444560e+04 2.222222222444444560e+04 2.222222222444444560e+04 4.000000000400000135e+04 4.444444444888888938e+03 2.222222222444444560e+04 6.222222222844445059e+04 8.888888889777777877e+03 4.444444444888888938e+03 1.333333333466666591e+04 2.222222222444444560e+04 2.222222222444444560e+04 2.222222222444444560e+04 4.444444444888889120e+04 4.444444444888888938e+03 1.333333333466666591e+04 1.111111111222221662e+05 6.666666667333334044e+04 4.888888889377778105e+04 3.111111111422222530e+04 1.777777777955555575e+04 8.888888889777777877e+03 8.888888889777777877e+03 4.444444444888888938e+03 4.444444444888888938e+03 4.444444444888888938e+03
4.444444444888888938e+03 4.444444444888888938e+03 1.777777777955555575e+04 8.888888889777777877e+03 4.444444444888888938e+03 1.333333333466666591e+04 7.555555556311110558e+04 4.444444444888888938e+03 8.888888889777777877e+03 1.333333333466666591e+04 1.777777777955555575e+04 2.666666666933333545e+04 4.888888889377778105e+04 4.444444444888888938e+03 4.888888889377778105e+04 4.444444444888888938e+03 2.666666666933333545e+04 7.555555556311110558e+04 4.444444444888888938e+03 8.888888889777777877e+03 1.777777777955555575e+04 4.888888889377778105e+04 4.444444444888888938e+03 7.111111111822222301e+04 8.888888889777777877e+03 4.444444444888888938e+03 1.288888889017776964e+05 8.888888889777777877e+03 4.444444444888888938e+03 4.444444444888888938e+03 4.444444444888888938e+03 4.444444444888888938e+03 4.444444444888888938e+03 1.777777777955555575e+04 8.888888889777777877e+03 8.888888889777777877e+03 8.888888889777777877e+03
1.977777777975569479e+06 1.977777777975569479e+06 1.973333333530680509e+06 1.946666666861346690e+06 1.924444444636901841e+06 1.888888889077790082e+06 1.866666666853345232e+06 1.742222222396454075e+06 1.728888889061787166e+06 1.702222222392453346e+06 1.680000000168008497e+06 1.542222222376450431e+06 1.502222222372449702e+06 1.444444444588893093e+06 1.422222222364448244e+06 1.271111111238223268e+06 1.262222222348445328e+06 1.226666666789333569e+06 1.133333333446665201e+06 1.106666666777331382e+06 1.066666666773330653e+06 9.466666667613310274e+05 8.888888889777759323e+05 8.666666667533316649e+05 7.822222223004434491e+05 4.444444444888888938e+03 1.466666666813332413e+05 4.444444444888888938e+03 4.444444444888888938e+03 4.444444444888888938e+03 8.888888889777777877e+03 8.888888889777777877e+03 4.444444444888888938e+03 3.111111111422222530e+04 1.333333333466666591e+04 1.333333333466666591e+04 8.888888889777777877e+03
4.444444444888888938e+03 4.444444444888888938e+03 4.444444444888888938e+03 8.888888889777777877e+03 2.666666666933333545e+04 4.444444444888888938e+03 4.444444444888889120e+04 4.444444444888888938e+03 1.333333333466666591e+04 4.444444444888888938e+03 1.155555555671110487e+05 8.888888889777777877e+03 4.444444444888888938e+03 1.333333333466666591e+04 4.444444444888888938e+03 9.333333334266663587e+04 4.444444444888888938e+03 1.333333333466666591e+04 1.777777777955555575e+04 2.666666666933333545e+04 9.777777778755551844e+04 4.444444444888888938e+03 1.333333333466666591e+04 8.888888889777777877e+03 4.444444444888888938e+03 7.555555556311103282e+05 5.777777778355561895e+05 8.888888889777777877e+03 8.888888889777777877e+03 4.444444444888888938e+03 2.222222222444444560e+04 8.888888889777777877e+03 4.444444444888888938e+03 9.333333334266663587e+04 4.444444444888889120e+04 2.666666666933333545e+04 1.333333333466666591e+04
8.888888889777777877e+03 8.888888889777777877e+03 4.444444444888888938e+03 4.444444444888888938e+03 8.888888889777777877e+03 1.333333333466666591e+04 3.555555555911111151e+04 4.444444444888888938e+03 8.888888889777777877e+03 5.777777778355556075e+04 8.888888889777777877e+03 4.444444444888889120e+04 4.444444444888888938e+03 8.888888889777777877e+03 4.444444444888888938e+03 8.000000000799998816e+04 4.444444444888888938e+03 8.888888889777777877e+03 1.333333333466666591e+04 2.222222222444444560e+04 2.222222222444444560e+04 7.111111111822222301e+04 8.888888889777777877e+03 4.444444444888888938e+03 1.333333333466666591e+04 1.333333333466666591e+04 4.444444444888888938e+03 5.600000000560007757e+05 4.444444444888888938e+03 2.933333333626665990e+05 2.844444444728887756e+05 2.444444444688886579e+05 1.200000000119999313e+05 2.222222222444444560e+04 1.777777777955555575e+04 1.333333333466666591e+04 8.888888889777777877e+03
