output/field_example_test_lateral/area_000005.asc
nrows	150
cellsize	66.66666667
xllcorner	0
ncols	150
yllcorner	0
NODATA_value	-9999
[rows 0 to 16 of 150, columns 74 to 110 of 150]
4.444444444888888938e+03 4.444444444888888938e+03 4.444444444888888938e+03 4.444444444888888938e+03 4.444444444888888938e+03 4.444444444888888938e+03 4.444444444888888938e+03 4.444444444888888938e+03 4.444444444888888938e+03 4.444444444888888938e+03 4.444444444888888938e+03 4.444444444888888938e+03 4.444444444888888938e+03 4.444444444888888938e+03 4.444444444888888938e+03 4.444444444888888938e+03 4.444444444888888938e+03 4.444444444888888938e+03 4.444444444888888938e+03 4.444444444888888938e+03 4.444444444888888938e+03 4.444444444888888938e+03 4.444444444888888938e+03 4.444444444888888938e+03 4.444444444888888938e+03 4.444444444888888938e+03 4.444444444888888938e+03 4.444444444888888938e+03 4.444444444888888938e+03 4.444444444888888938e+03 1.057777777883552713e+06 4.444444444888888938e+03 4.444444444888888938e+03 4.444444444888888938e+03 9.600000000959975878e+05 4.444444444888888938e+03 4.444444444888888938e+03
1.777777777955555575e+04 4.444444444888888938e+03 4.444444444888888938e+03 1.333333333466666591e+04 1.333333333466666591e+04 8.888888889777777877e+03 2.222222222444444560e+04 1.333333333466666591e+04 4.444444444888888938e+03 4.444444444888888938e+03 8.888888889777777877e+03 8.888888889777777877e+03 8.888888889777777877e+03 8.888888889777777877e+03 1.777777777955555575e+04 8.888888889777777877e+03 8.888888889777777877e+03 8.888888889777777877e+03 8.888888889777777877e+03 4.444444444888888938e+03 4.444444444888888938e+03 8.888888889777777877e+03 1.333333333466666591e+04 4.444444444888888938e+03 1.333333333466666591e+04 4.444444444888888938e+03 1.333333333466666591e+04 8.888888889777777877e+03 8.888888889777777877e+03 1.080000000107997563e+06 4.444444444888888938e+03 1.048888888993774774e+06 4.444444444888888938e+03 9.777777778755530016e+05 4.444444444888888938e+03 9.511111112062198808e+05 8.888888889777777877e+03
3.111111111422222530e+04 4.444444444888888938e+03 4.444444444888888938e+03 2.222222222444444560e+04 7.111111111822222301e+04 4.444444444888889120e+04 1.777777777955555575e+04 8.888888889777777877e+03 4.444444444888888938e+03 4.444444444888888938e+03 8.888888889777777877e+03 1.333333333466666591e+04 1.333333333466666591e+04 1.333333333466666591e+04 4.000000000400000135e+04 4.444444444888888938e+03 2.222222222444444560e+04 1.333333333466666591e+04 8.888888889777777877e+03 4.444444444888888938e+03 4.444444444888888938e+03 8.888888889777777877e+03 1.333333333466666591e+04 2.222222222444444560e+04 1.777777777955555575e+04 4.444444444888888938e+03 4.444444444888888938e+03 2.222222222444444560e+04 1.128888889001776231e+06 4.444444444888888938e+03 4.444444444888888938e+03 4.444444444888888938e+03 1.031111111214219243e+06 8.888888889777777877e+03 4.444444444888888938e+03 4.444444444888888938e+03 9.288888889817756135e+05
4.444444444888889120e+04 4.444444444888888938e+03 8.888888889777777877e+03 1.200000000119999313e+05 2.222222222444444560e+04 1.333333333466666591e+04 4.444444444888888938e+03 4.444444444888888938e+03 4.444444444888888938e+03 4.444444444888888938e+03 8.888888889777777877e+03 1.333333333466666591e+04 1.777777777955555575e+04 1.777777777955555575e+04 6.222222222844445059e+04 2.666666666933333545e+04 1.777777777955555575e+04 2.222222222444444560e+04 8.888888889777777877e+03 4.444444444888888938e+03 4.444444444888888938e+03 8.888888889777777877e+03 1.333333333466666591e+04 1.777777777955555575e+04 4.888888889377778105e+04 4.444444444888888938e+03 4.444444444888888938e+03 4.444444444888888938e+03 1.146666666781332111e+06 8.888888889777777877e+03 4.444444444888888938e+03 4.444444444888888938e+03 2.666666666933333545e+04 8.888888889777777877e+03 4.444444444888888938e+03 4.444444444888888938e+03 8.888888889777777877e+03
5.333333333866667090e+04 8.888888889777777877e+03 1.422222222364443587e+05 8.888888889777777877e+03 4.444444444888888938e+03 4.444444444888888938e+03 4.444444444888888938e+03 4.444444444888888938e+03 4.444444444888888938e+03 8.888888889777777877e+03 8.888888889777777877e+03 1.333333333466666591e+04 1.777777777955555575e+04 2.222222222444444560e+04 1.111111111222221662e+05 2.222222222444444560e+04 3.555555555911111151e+04 8.888888889777777877e+03 4.444444444888888938e+03 1.333333333466666591e+04 4.444444444888888938e+03 4.444444444888888938e+03 1.333333333466666591e+04 1.777777777955555575e+04 7.555555556311110558e+04 4.444444444888888938e+03 4.444444444888888938e+03 8.888888889777777877e+03 1.168888889005776960e+06 1.333333333466666591e+04 8.888888889777777877e+03 4.444444444888888938e+03 1.333333333466666591e+04 8.888888889777777877e+03 4.444444444888888938e+03 4.444444444888888938e+03 8.888888889777777877e+03
4.444444444888888938e+03 2.266666666893331276e+05 1.777777777955555575e+04 1.333333333466666591e+04 8.888888889777777877e+03 4.444444444888888938e+03 4.444444444888888938e+03 4.444444444888888938e+03 8.888888889777777877e+03 8.888888889777777877e+03 1.333333333466666591e+04 2.666666666933333545e+04 4.444444444888888938e+03 2.222222222444444560e+04 1.600000000159998890e+05 4.888888889377778105e+04 8.888888889777777877e+03 4.444444444888888938e+03 4.444444444888888938e+03 2.222222222444444560e+04 4.444444444888888938e+03 4.444444444888888938e+03 8.888888889777777877e+03 1.777777777955555575e+04 1.022222222324444010e+05 4.444444444888888938e+03 4.444444444888888938e+03 1.191111111230221810e+06 4.444444444888888938e+03 4.444444444888888938e+03 4.444444444888888938e+03 4.444444444888888938e+03 4.444444444888888938e+03 4.444444444888888938e+03 4.444444444888888938e+03 4.444444444888888938e+03 8.888888889777777877e+03
3.022222222524444223e+05 4.444444444888888938e+03 4.444444444888888938e+03 4.444444444888888938e+03 4.444444444888888938e+03 4.444444444888888938e+03 8.888888889777777877e+03 4.444444444888888938e+03 8.888888889777777877e+03 1.333333333466666591e+04 1.333333333466666591e+04 4.888888889377778105e+04 4.444444444888888938e+03 4.444444444888888938e+03 2.400000000239997753e+05 4.444444444888888938e+03 4.444444444888888938e+03 4.444444444888888938e+03 8.888888889777777877e+03 3.111111111422222530e+04 4.444444444888888938e+03 4.444444444888888938e+03 1.777777777955555575e+04 4.444444444888888938e+03 1.244444444568888139e+05 4.444444444888888938e+03 1.324444444576890906e+06 1.311111111242223997e+06 9.777777778755551844e+04 8.888888889777775330e+04 1.333333333466666591e+04 4.444444444888888938e+03 4.444444444888888938e+03 4.444444444888888938e+03 4.444444444888888938e+03 4.444444444888888938e+03 4.444444444888888938e+03
3.288888889217778924e+05 8.888888889777777877e+03 8.888888889777777877e+03 8.888888889777777877e+03 8.888888889777777877e+03 4.444444444888888938e+03 1.333333333466666591e+04 8.888888889777777877e+03 4.444444444888888938e+03 1.333333333466666591e+04 1.777777777955555575e+04 7.111111111822222301e+04 4.444444444888888938e+03 4.444444444888888938e+03 2.577777778035553056e+05 8.888888889777777877e+03 4.444444444888888938e+03 8.888888889777777877e+03 1.333333333466666591e+04 3.555555555911111151e+04 4.444444444888888938e+03 3.555555555911111151e+04 4.444444444888888938e+03 4.444444444888888938e+03 1.480000000148004852e+06 1.346666666801335756e+06 8.888888889777777877e+03 8.888888889777777877e+03 8.888888889777777877e+03 4.444444444888888938e+03 6.666666667333334044e+04 5.333333333866667090e+04 4.000000000400000135e+04 2.666666666933333545e+04 1.333333333466666591e+04 4.444444444888888938e+03 4.444444444888888938e+03
3.600000000360002741e+05 1.333333333466666591e+04 1.333333333466666591e+04 1.333333333466666591e+04 4.444444444888888938e+03 8.888888889777777877e+03 4.444444444888888938e+03 2.666666666933333545e+04 4.444444444888888938e+03 8.888888889777777877e+03 3.555555555911111151e+04 8.000000000799998816e+04 4.444444444888888938e+03 4.444444444888888938e+03 2.666666666933331289e+05 4.444444444888888938e+03 1.777777777955555575e+04 4.444444444888888938e+03 1.777777777955555575e+04 4.444444444888888938e+03 1.933333333526679780e+06 1.853333333518678322e+06 1.848888889073789353e+06 1.840000000184011413e+06 3.466666667013335391e+05 4.444444444888888938e+03 4.444444444888888938e+03 4.444444444888888938e+03 4.444444444888888938e+03 4.444444444888888938e+03 4.444444444888888938e+03 4.444444444888888938e+03 4.444444444888888938e+03 4.444444444888888938e+03 4.444444444888888938e+03 4.444444444888888938e+03 4.444444444888888938e+03
3.866666667053337442e+05 1.777777777955555575e+04 2.666666666933333545e+04 8.888888889777777877e+03 4.444444444888888938e+03 1.333333333466666591e+04 4.444444444888888938e+03 3.555555555911111151e+04 8.888888889777777877e+03 4.444444444888888938e+03 2.813333333614658099e+06 2.764444444720881991e+06 2.675555555823107250e+06 2.657777778043552302e+06 2.644444444708886091e+06 2.364444444680895656e+06 8.888888889777777877e+03 4.444444444888888938e+03 4.444444444888888938e+03 2.204444444664901122e+06 2.444444444688886579e+05 4.444444444888888938e+03 4.444444444888888938e+03 4.444444444888888938e+03 4.444444444888888938e+03 3.333333333666668041e+05 4.444444444888888938e+03 4.444444444888888938e+03 4.444444444888888938e+03 4.444444444888888938e+03 4.444444444888888938e+03 4.444444444888888938e+03 4.444444444888888938e+03 4.444444444888888938e+03 4.444444444888888938e+03 4.444444444888888938e+03 4.444444444888888938e+03
4.355555555991117726e+05 3.555555555911111151e+04 4.444444444888888938e+03 4.444444444888888938e+03 4.444444444888888938e+03 2.222222222444444560e+04 8.888888889777777877e+03 4.444444444888888938e+03 3.062222222528427374e+06 3.013333333634651266e+06 1.777777777955554193e+05 4.444444444888888938e+03 8.888888889777777877e+03 4.444444444888888938e+03 8.888888889777777877e+03 4.444444444888888938e+03 2.324444444676897023e+06 2.297777778007564601e+06 2.271111111338232178e+06 8.888888889777777877e+03 4.444444444888888938e+03 2.311111111342220102e+05 1.333333333466665936e+05 4.444444444888888938e+03 4.444444444888888938e+03 4.444444444888888938e+03 3.155555555871111574e+05 2.977777778075555107e+05 2.800000000279998640e+05 4.444444444888888938e+03 1.066666666773332836e+05 9.333333334266663587e+04 8.444444445288887073e+04 6.222222222844445059e+04 4.000000000400000135e+04 1.333333333466666591e+04 4.444444444888888938e+03
4.488888889337785076e+05 4.444444444888888938e+03 4.444444444888888938e+03 8.888888889777777877e+03 8.888888889777777877e+03 4.444444444888888938e+03 3.142222222536424641e+06 3.106666666977314744e+06 4.444444444888888938e+03 4.444444444888888938e+03 8.888888889777777877e+03 1.733333333506665367e+05 4.444444444888888938e+03 4.444444444888888938e+03 4.444444444888888938e+03 4.444444444888888938e+03 1.777777777955555575e+04 1.777777777955555575e+04 2.222222222444444560e+04 2.666666666933333545e+04 4.444444444888888938e+03 8.888888889777775330e+04 4.444444444888888938e+03 1.244444444568888139e+05 4.444444444888888938e+03 4.444444444888888938e+03 8.888888889777777877e+03 4.444444444888888938e+03 4.444444444888888938e+03 2.622222222484442173e+05 5.777777778355556075e+04 3.555555555911111151e+04 4.444444444888888938e+03 1.333333333466666591e+04 1.333333333466666591e+04 1.777777777955555575e+04 8.888888889777777877e+03
4.533333333786674193e+05 4.444444444888888938e+03 4.444444444888888938e+03 3.431111111454192549e+06 3.413333333674637601e+06 3.395555555895082653e+06 4.444444444888888938e+03 4.444444444888888938e+03 2.666666666933333545e+04 8.888888889777777877e+03 4.444444444888888938e+03 1.333333333466666591e+04 1.511111111262221239e+05 8.888888889777777877e+03 4.444444444888888938e+03 4.444444444888888938e+03 8.888888889777777877e+03 1.333333333466666591e+04 1.777777777955555575e+04 1.777777777955555575e+04 4.444444444888888938e+03 8.000000000799998816e+04 4.444444444888888938e+03 8.888888889777777877e+03 1.066666666773332836e+05 8.888888889777777877e+03 4.444444444888888938e+03 4.444444444888888938e+03 5.777777778355556075e+04 1.777777777955555575e+04 1.777777777955555575e+04 1.777777777955555575e+04 2.666666666933333545e+04 4.444444444888888938e+03 8.888888889777777877e+03 8.888888889777777877e+03 4.444444444888888938e+03
4.262222222648393363e+06 3.800000000379957724e+06 3.453333333678636234e+06 4.444444444888888938e+03 4.444444444888888938e+03 8.888888889777777877e+03 2.311111111342220102e+05 4.444444444888888938e+03 4.444444444888888938e+03 8.888888889777777877e+03 4.444444444888888938e+03 8.888888889777777877e+03 1.333333333466666591e+04 1.244444444568888139e+05 8.888888889777777877e+03 4.444444444888888938e+03 4.444444444888888938e+03 8.888888889777777877e+03 1.333333333466666591e+04 1.333333333466666591e+04 4.444444444888888938e+03 6.666666667333334044e+04 4.444444444888888938e+03 4.444444444888888938e+03 8.000000000799998816e+04 1.333333333466666591e+04 4.444444444888888938e+03 4.444444444888888938e+03 3.111111111422222530e+04 1.333333333466666591e+04 1.333333333466666591e+04 1.333333333466666591e+04 1.333333333466666591e+04 1.777777777955555575e+04 8.888888889777777877e+03 4.444444444888888938e+03 4.444444444888888938e+03
4.444444444888888938e+03 3.377777778115557157e+05 4.444444444888888938e+03 4.444444444888888938e+03 4.444444444888888938e+03 4.444444444888888938e+03 4.444444444888888938e+03 2.177777777995553624e+05 8.888888889777777877e+03 4.444444444888888938e+03 4.444444444888888938e+03 4.444444444888888938e+03 8.888888889777777877e+03 8.888888889777777877e+03 1.022222222324444010e+05 3.111111111422222530e+04 1.333333333466666591e+04 4.444444444888888938e+03 8.888888889777777877e+03 8.888888889777777877e+03 4.444444444888888938e+03 5.333333333866667090e+04 4.444444444888888938e+03 4.444444444888888938e+03 5.777777778355556075e+04 1.333333333466666591e+04 8.888888889777777877e+03 4.444444444888888938e+03 8.888888889777777877e+03 1.333333333466666591e+04 8.888888889777777877e+03 8.888888889777777877e+03 8.888888889777777877e+03 8.888888889777777877e+03 4.444444444888888938e+03 4.444444444888888938e+03 4.444444444888888938e+03
4.444444444888888938e+03 3.555555555911111151e+04 2.933333333626665990e+05 2.800000000279998640e+05 4.444444444888888938e+03 4.444444444888888938e+03 4.444444444888888938e+03 4.444444444888888938e+03 1.955555555751109496e+05 1.333333333466666591e+04 8.888888889777777877e+03 4.444444444888888938e+03 4.444444444888888938e+03 4.444444444888888938e+03 5.333333333866667090e+04 1.333333333466666591e+04 1.333333333466666591e+04 8.888888889777777877e+03 4.444444444888888938e+03 4.444444444888888938e+03 8.888888889777777877e+03 3.555555555911111151e+04 4.444444444888888938e+03 4.444444444888888938e+03 4.000000000400000135e+04 8.888888889777777877e+03 8.888888889777777877e+03 4.444444444888888938e+03 4.444444444888888938e+03 4.444444444888888938e+03 4.444444444888888938e+03 4.444444444888888938e+03 4.444444444888888938e+03 4.444444444888888938e+03 4.444444444888888938e+03 4.444444444888888938e+03 4.444444444888888938e+03
1.777777777955555575e+04 1.333333333466666591e+04 8.888888889777777877e+03 4.444444444888888938e+03 2.622222222484442173e+05 8.888888889777777877e+03 4.444444444888888938e+03 4.444444444888888938e+03 1.777777777955555575e+04 1.555555555711110064e+05 4.444444444888888938e+03 4.444444444888888938e+03 4.444444444888888938e+03 4.444444444888888938e+03 3.111111111422222530e+04 1.333333333466666591e+04 8.888888889777777877e+03 8.888888889777777877e+03 4.444444444888888938e+03 4.444444444888888938e+03 8.888888889777777877e+03 1.777777777955555575e+04 4.444444444888888938e+03 4.444444444888888938e+03 2.222222222444444560e+04 8.888888889777777877e+03 4.444444444888888938e+03 4.444444444888888938e+03 4.444444444888888938e+03 4.444444444888888938e+03 4.444444444888888938e+03 4.444444444888888938e+03 4.444444444888888938e+03 4.444444444888888938e+03 4.444444444888888938e+03 4.444444444888888938e+03 8.888888889777777877e+03
