output/field_example_test_lateral/area_000007.asc
nrows	150
cellsize	66.66666667
xllcorner	0
ncols	150
yllcorner	0
NODATA_value	-9999
[rows 102 to 118 of 150, columns 111 to 147 of 150]
8.888888889777777877e+03 4.444444444888888938e+03 4.444444444888888938e+03 4.444444444888888938e+03 4.444444444888888938e+03 8.666666667533316649e+05 4.444444444888888938e+03 6.911111111802358180e+06 8.888888889777777877e+03 4.444444444888888938e+03 9.333333334266663587e+04 4.444444444888888938e+03 8.888888889777777877e+03 4.444444444888888938e+03 1.333333333466666591e+04 4.444444444888888938e+03 8.888888889777777877e+03 1.333333333466666591e+04 3.555555555911111151e+04 4.524444444896856323e+06 4.426666667109293863e+06 4.444444444888888938e+03 1.911111111302234931e+06 4.444444444888888938e+03 4.444444444888888938e+03 4.444444444888888938e+03 4.444444444888888938e+03 4.444444444888888938e+03 4.444444444888888938e+03 1.333333333466666591e+04 8.888888889777777877e+03 8.888888889777777877e+03 8.888888889777777877e+03 4.444444444888888938e+03 1.333333333466666591e+04 8.888888889777777877e+03 8.888888889777777877e+03
4.444444444888889120e+04 6.222222222844445059e+04 4.444444444888888938e+03 8.888888889777777877e+03 8.533333334186651045e+05 4.444444444888888938e+03 8.888888889777777877e+03 4.444444444888888938e+03 6.880000000688133761e+06 4.444444444888888938e+03 4.444444444888888938e+03 1.111111111222221662e+05 8.888888889777777877e+03 4.444444444888888938e+03 1.777777777955555575e+04 4.444444444888888938e+03 1.777777777955555575e+04 4.444444444888888938e+03 4.595555556015083566e+06 8.888888889777777877e+03 4.444444444888888938e+03 4.444444444888888938e+03 2.222222222444444560e+04 1.871111111298234202e+06 8.888888889777777877e+03 8.888888889777777877e+03 8.888888889777777877e+03 4.444444444888888938e+03 8.888888889777777877e+03 2.666666666933333545e+04 1.333333333466666591e+04 1.333333333466666591e+04 8.888888889777777877e+03 4.444444444888888938e+03 2.666666666933333545e+04 1.333333333466666591e+04 1.333333333466666591e+04
4.444444444888888938e+03 8.888888889777777877e+03 8.000000000799988629e+05 8.177777778595542768e+05 4.444444444888888938e+03 1.333333333466666591e+04 4.444444444888888938e+03 8.888888889777777877e+03 4.444444444888888938e+03 6.853333334018798545e+06 6.208888889509864151e+06 6.155555556171193719e+06 6.040000000604074448e+06 4.444444444888888938e+03 2.222222222444444560e+04 4.444444444888888938e+03 4.680000000467978418e+06 4.653333333798643202e+06 4.444444444888888938e+03 8.888888889777777877e+03 4.444444444888888938e+03 1.333333333466666591e+04 4.444444444888888938e+03 8.888888889777777877e+03 1.844444444628900383e+06 4.444444444888888938e+03 1.333333333466666591e+04 8.888888889777777877e+03 4.000000000400000135e+04 1.777777777955555575e+04 1.777777777955555575e+04 1.333333333466666591e+04 8.888888889777777877e+03 4.444444444888888938e+03 4.444444444888889120e+04 1.777777777955555575e+04 1.333333333466666591e+04
4.444444444888888938e+03 4.444444444888888938e+03 7.200000000719995005e+05 8.888888889777777877e+03 4.444444444888888938e+03 8.888888889777777877e+03 4.444444444888888938e+03 4.444444444888888938e+03 4.444444444888888938e+03 6.400000000640001381e+05 4.444444444888888938e+03 4.000000000400000135e+04 4.444444444888888938e+03 6.017777778379628435e+06 6.008888889489850029e+06 4.693333333802646026e+06 4.444444444888888938e+03 4.444444444888888938e+03 4.000000000400000135e+04 4.444444444888888938e+03 4.444444444888888938e+03 8.888888889777777877e+03 4.444444444888888938e+03 8.888888889777777877e+03 1.333333333466666591e+04 1.804444444624899654e+06 1.777777777955565834e+06 1.631111111274229828e+06 4.888888889377778105e+04 2.666666666933333545e+04 4.444444444888888938e+03 2.666666666933333545e+04 8.888888889777777877e+03 4.444444444888888938e+03 1.244444444568888139e+05 5.777777778355556075e+04 3.555555555911111151e+04
8.888888889777777877e+03 6.888888889577775262e+05 1.333333333466666591e+04 8.888888889777777877e+03 4.444444444888888938e+03 4.444444444888888938e+03 4.444444444888888938e+03 4.444444444888888938e+03 6.266666667293335777e+05 4.444444444888888938e+03 8.888888889777777877e+03 4.444444444888888938e+03 1.777777777955555575e+04 4.444444444888888938e+03 1.777777777955555575e+04 1.271111111238223268e+06 8.888888889777777877e+03 4.444444444888888938e+03 4.444444444888888938e+03 2.666666666933333545e+04 8.888888889777777877e+03 4.444444444888888938e+03 4.444444444888888938e+03 8.888888889777777877e+03 1.333333333466666591e+04 8.888888889777777877e+03 1.288888889017776964e+05 4.444444444888888938e+03 1.524444444596894551e+06 4.444444444888888938e+03 4.444444444888888938e+03 2.488888889137775404e+05 2.177777777995553624e+05 1.955555555751109496e+05 8.888888889777777877e+03 4.444444444888888938e+03 4.444444444888888938e+03
4.444444444888895960e+05 2.266666666893331276e+05 8.888888889777777877e+03 8.888888889777777877e+03 4.444444444888888938e+03 4.444444444888888938e+03 8.888888889777777877e+03 5.777777778355561895e+05 2.666666666933333545e+04 8.888888889777777877e+03 4.444444444888888938e+03 8.888888889777777877e+03 4.444444444888888938e+03 1.333333333466666591e+04 1.777777777955555575e+04 1.257777777903556358e+06 1.333333333466666591e+04 8.888888889777777877e+03 4.444444444888888938e+03 4.444444444888888938e+03 8.888888889777777877e+03 4.444444444888888938e+03 4.444444444888888938e+03 8.888888889777777877e+03 4.444444444888888938e+03 4.444444444888888938e+03 1.200000000119999313e+05 4.444444444888888938e+03 4.444444444888888938e+03 1.506666666817338672e+06 1.484444444592893822e+06 4.444444444888888938e+03 4.444444444888888938e+03 4.444444444888888938e+03 5.777777778355556075e+04 4.000000000400000135e+04 1.333333333466666591e+04
5.333333333866667090e+04 2.133333333546664799e+05 8.888888889777777877e+03 4.444444444888888938e+03 4.444444444888888938e+03 4.444444444888888938e+03 8.888888889777777877e+03 5.600000000560007757e+05 1.333333333466666591e+04 8.888888889777777877e+03 4.444444444888888938e+03 4.444444444888888938e+03 8.888888889777777877e+03 1.333333333466666591e+04 4.444444444888888938e+03 1.222222222344444599e+06 4.444444444888888938e+03 1.777777777955555575e+04 1.333333333466666591e+04 8.888888889777777877e+03 4.444444444888888938e+03 4.444444444888888938e+03 4.444444444888888938e+03 8.888888889777777877e+03 1.777777777955555575e+04 9.333333334266663587e+04 8.888888889777777877e+03 1.333333333466666591e+04 4.444444444888888938e+03 1.333333333466666591e+04 4.444444444888888938e+03 1.217777777899555629e+06 8.888888889777777877e+03 4.444444444888888938e+03 4.444444444888888938e+03 8.888888889777777877e+03 2.222222222444444560e+04
2.666666666933333545e+04 2.000000000199998321e+05 8.888888889777777877e+03 4.444444444888888938e+03 4.444444444888888938e+03 8.888888889777777877e+03 1.333333333466666591e+04 5.466666667213342153e+05 8.888888889777777877e+03 8.888888889777777877e+03 4.444444444888888938e+03 4.444444444888888938e+03 8.888888889777777877e+03 4.444444444888888938e+03 8.888888889777777877e+03 1.208888889009777689e+06 4.444444444888889120e+04 2.222222222444444560e+04 1.777777777955555575e+04 1.333333333466666591e+04 8.888888889777777877e+03 4.444444444888888938e+03 4.444444444888888938e+03 4.444444444888888938e+03 8.888888889777777877e+03 6.222222222844445059e+04 4.444444444888888938e+03 8.888888889777777877e+03 4.444444444888888938e+03 4.444444444888888938e+03 3.111111111422222530e+04 1.200000000119999750e+06 4.444444444888888938e+03 1.333333333466666591e+04 8.888888889777777877e+03 4.444444444888888938e+03 4.444444444888888938e+03
2.222222222444444560e+04 1.555555555711110064e+05 8.888888889777777877e+03 4.444444444888888938e+03 4.444444444888888938e+03 8.888888889777777877e+03 1.333333333466666591e+04 5.200000000520010944e+05 4.444444444888888938e+03 4.444444444888888938e+03 4.444444444888888938e+03 4.444444444888888938e+03 4.444444444888888938e+03 8.888888889777777877e+03 4.444444444888889120e+04 4.444444444888888938e+03 1.102222222332442412e+06 1.333333333466666591e+04 8.888888889777777877e+03 4.444444444888888938e+03 4.444444444888888938e+03 4.444444444888888938e+03 4.444444444888888938e+03 4.444444444888888938e+03 8.888888889777777877e+03 4.444444444888889120e+04 4.444444444888888938e+03 4.444444444888888938e+03 8.888888889777777877e+03 2.666666666933333545e+04 2.222222222444444560e+04 2.666666666933333545e+04 1.111111111222220352e+06 1.333333333466666591e+04 8.888888889777777877e+03 4.444444444888888938e+03 4.444444444888888938e+03
4.444444444888888938e+03 1.377777777915554761e+05 8.888888889777777877e+03 4.444444444888888938e+03 4.444444444888888938e+03 8.888888889777777877e+03 3.111111111422222530e+04 4.977777778275565361e+05 2.666666666933333545e+04 1.333333333466666591e+04 4.444444444888888938e+03 4.444444444888888938e+03 1.333333333466666591e+04 2.222222222444444560e+04 8.888888889777777877e+03 8.888888889777777877e+03 1.084444444552886533e+06 4.444444444888888938e+03 4.444444444888888938e+03 8.888888889777777877e+03 8.888888889777777877e+03 8.888888889777777877e+03 4.444444444888888938e+03 4.444444444888888938e+03 4.444444444888888938e+03 3.111111111422222530e+04 4.444444444888888938e+03 4.444444444888888938e+03 1.333333333466666591e+04 1.777777777955555575e+04 2.222222222444444560e+04 4.444444444888888938e+03 1.080000000107997563e+06 4.444444444888888938e+03 4.444444444888888938e+03 8.888888889777777877e+03 8.888888889777777877e+03
1.066666666773332836e+05 1.777777777955555575e+04 8.888888889777777877e+03 4.444444444888888938e+03 4.444444444888888938e+03 1.777777777955555575e+04 4.444444444888888938e+03 4.355555555991117726e+05 8.888888889777777877e+03 8.888888889777777877e+03 4.444444444888888938e+03 4.444444444888888938e+03 4.444444444888888938e+03 4.444444444888888938e+03 4.444444444888888938e+03 4.444444444888888938e+03 1.066666666773330653e+06 1.200000000119999313e+05 1.022222222324444010e+05 8.000000000799998816e+04 5.777777778355556075e+04 3.555555555911111151e+04 1.777777777955555575e+04 4.444444444888888938e+03 4.444444444888888938e+03 1.777777777955555575e+04 4.444444444888888938e+03 8.888888889777777877e+03 1.333333333466666591e+04 1.777777777955555575e+04 1.777777777955555575e+04 8.444444445288887073e+04 4.444444444888888938e+03 9.777777778755530016e+05 5.777777778355556075e+04 4.444444444888889120e+04 2.666666666933333545e+04
7.555555556311110558e+04 8.888888889777777877e+03 4.444444444888888938e+03 4.444444444888888938e+03 8.888888889777777877e+03 8.888888889777777877e+03 1.777777777955555575e+04 4.177777778195561259e+05 4.444444444888888938e+03 4.444444444888888938e+03 4.444444444888888938e+03 4.444444444888888938e+03 8.888888889777777877e+03 1.333333333466666591e+04 1.777777777955555575e+04 6.222222222844445059e+04 9.377777778715533204e+05 4.444444444888888938e+03 8.888888889777777877e+03 8.888888889777777877e+03 8.888888889777777877e+03 8.888888889777777877e+03 8.888888889777777877e+03 8.888888889777777877e+03 4.444444444888888938e+03 8.888888889777777877e+03 4.444444444888888938e+03 8.888888889777777877e+03 1.333333333466666591e+04 1.333333333466666591e+04 1.777777777955555575e+04 4.444444444888889120e+04 4.444444444888888938e+03 9.111111112022201996e+05 8.888888889777777877e+03 4.444444444888888938e+03 4.444444444888888938e+03
5.333333333866667090e+04 8.888888889777777877e+03 4.444444444888888938e+03 4.444444444888888938e+03 4.444444444888888938e+03 4.444444444888888938e+03 4.444444444888888938e+03 3.911111111502226559e+05 2.222222222444444560e+04 1.333333333466666591e+04 4.444444444888888938e+03 4.444444444888888938e+03 8.888888889777777877e+03 1.333333333466666591e+04 4.000000000400000135e+04 4.444444444888888938e+03 8.666666667533316649e+05 8.888888889777777877e+03 4.444444444888888938e+03 4.444444444888888938e+03 4.444444444888888938e+03 4.444444444888888938e+03 4.444444444888888938e+03 4.444444444888888938e+03 4.444444444888888938e+03 4.444444444888888938e+03 4.444444444888888938e+03 8.888888889777777877e+03 8.888888889777777877e+03 1.333333333466666591e+04 1.777777777955555575e+04 2.222222222444444560e+04 1.333333333466666591e+04 8.933333334226647858e+05 5.333333333866667090e+04 4.444444444888889120e+04 3.555555555911111151e+04
3.555555555911111151e+04 4.444444444888888938e+03 4.444444444888888938e+03 4.444444444888888938e+03 8.888888889777777877e+03 1.333333333466666591e+04 7.555555556311110558e+04 2.844444444728887756e+05 4.444444444888888938e+03 4.444444444888888938e+03 4.444444444888888938e+03 4.444444444888888938e+03 1.333333333466666591e+04 2.222222222444444560e+04 4.444444444888888938e+03 8.888888889777777877e+03 8.488888889737762511e+05 1.777777777955555575e+04 1.333333333466666591e+04 8.888888889777777877e+03 4.444444444888888938e+03 4.444444444888888938e+03 4.444444444888888938e+03 4.444444444888888938e+03 4.444444444888888938e+03 4.444444444888888938e+03 4.444444444888888938e+03 4.444444444888888938e+03 8.888888889777777877e+03 1.333333333466666591e+04 1.777777777955555575e+04 8.888888889777777877e+03 4.444444444888888938e+03 8.222222223044431303e+05 4.444444444888888938e+03 4.444444444888888938e+03 4.444444444888888938e+03
2.222222222444444560e+04 4.444444444888888938e+03 4.444444444888888938e+03 8.888888889777777877e+03 1.333333333466666591e+04 5.777777778355556075e+04 2.666666666933333545e+04 2.222222222444442450e+05 2.666666666933333545e+04 1.333333333466666591e+04 4.444444444888888938e+03 4.444444444888888938e+03 4.444444444888888938e+03 4.444444444888888938e+03 4.444444444888888938e+03 8.888888889777777877e+03 8.177777778595542768e+05 8.888888889777777877e+03 4.444444444888888938e+03 4.444444444888888938e+03 8.888888889777777877e+03 8.888888889777777877e+03 8.888888889777777877e+03 8.888888889777777877e+03 8.888888889777777877e+03 4.444444444888888938e+03 4.444444444888888938e+03 4.444444444888888938e+03 8.888888889777777877e+03 1.333333333466666591e+04 4.444444444888888938e+03 4.444444444888888938e+03 8.888888889777777877e+03 7.733333334106657421e+05 3.555555555911111151e+04 1.333333333466666591e+04 8.888888889777777877e+03
8.888888889777777877e+03 4.444444444888888938e+03 8.888888889777777877e+03 2.222222222444444560e+04 4.000000000400000135e+04 2.222222222444444560e+04 2.222222222444444560e+04 1.822222222404443019e+05 1.333333333466666591e+04 8.888888889777777877e+03 4.444444444888888938e+03 4.444444444888888938e+03 1.333333333466666591e+04 2.666666666933333545e+04 4.888888889377778105e+04 7.111111111822222301e+04 1.600000000159998890e+05 6.355555556191112846e+05 8.888888889777777877e+03 4.444444444888888938e+03 1.066666666773332836e+05 8.444444445288887073e+04 6.666666667333334044e+04 4.888888889377778105e+04 3.111111111422222530e+04 1.777777777955555575e+04 4.444444444888888938e+03 4.444444444888888938e+03 8.888888889777777877e+03 8.888888889777777877e+03 1.777777777955555575e+04 2.666666666933333545e+04 3.555555555911111151e+04 7.600000000759991817e+05 4.444444444888888938e+03 1.777777777955555575e+04 1.333333333466666591e+04
4.444444444888888938e+03 4.444444444888888938e+03 8.888888889777777877e+03 1.333333333466666591e+04 1.777777777955555575e+04 1.777777777955555575e+04 2.222222222444444560e+04 1.422222222364443587e+05 1.333333333466666591e+04 8.888888889777777877e+03 4.444444444888888938e+03 4.444444444888888938e+03 8.888888889777777877e+03 1.333333333466666591e+04 1.777777777955555575e+04 8.000000000799998816e+04 4.444444444888888938e+03 4.444444444888888938e+03 6.177777778395558707e+05 2.622222222484442173e+05 8.888888889777777877e+03 4.444444444888888938e+03 4.444444444888888938e+03 4.444444444888888938e+03 4.444444444888888938e+03 4.444444444888888938e+03 4.444444444888888938e+03 4.444444444888888938e+03 4.444444444888888938e+03 4.444444444888888938e+03 4.444444444888888938e+03 4.444444444888888938e+03 4.444444444888888938e+03 7.155555556271106470e+05 5.777777778355556075e+04 4.444444444888889120e+04 2.666666666933333545e+04
