output/field_example_test_lateral/area_000046.asc
nrows	150
cellsize	66.66666667
xllcorner	0
ncols	150
yllcorner	0
NODATA_value	-9999
[rows 85 to 101 of 150, columns 37 to 73 of 150]
4.444444444888888938e+03 8.888888889777777877e+03 8.888888889777777877e+03 4.444444444888888938e+03 8.888888889777777877e+03 2.666666666933333545e+04 1.333333333466666591e+04 8.888888889777777877e+03 8.888888889777777877e+03 8.888888889777777877e+03 4.444444444888888938e+03 4.444444444888888938e+03 1.333333333466666591e+04 1.333333333466666591e+04 8.888888889777777877e+03 4.444444444888888938e+03 4.444444444888888938e+03 4.444444444888888938e+03 4.444444444888888938e+03 4.444444444888888938e+03 4.444444444888888938e+03 1.333333333466666591e+04 4.444444444888888938e+03 1.777777777955555575e+04 8.888888889777777877e+03 4.444444444888888938e+03 8.888888889777777877e+03 8.888888889777777877e+03 8.888888889777777877e+03 4.444444444888888938e+03 8.888888889777777877e+03 3.111111111422222530e+04 1.777777777955555575e+04 1.777777777955555575e+04 4.888888889377778105e+04 8.888888889777777877e+03 4.444444444888888938e+03
4.444444444888888938e+03 4.444444444888888938e+03 4.444444444888888938e+03 4.444444444888888938e+03 4.444444444888888938e+03 1.333333333466666591e+04 8.888888889777777877e+03 8.888888889777777877e+03 4.444444444888888938e+03 4.444444444888888938e+03 4.444444444888888938e+03 4.444444444888888938e+03 4.444444444888888938e+03 4.444444444888888938e+03 4.444444444888888938e+03 4.444444444888888938e+03 4.444444444888888938e+03 4.444444444888888938e+03 8.888888889777777877e+03 8.888888889777777877e+03 4.444444444888888938e+03 2.222222222444444560e+04 4.444444444888888938e+03 3.555555555911111151e+04 8.888888889777777877e+03 4.444444444888888938e+03 1.333333333466666591e+04 1.333333333466666591e+04 1.333333333466666591e+04 4.444444444888888938e+03 8.888888889777777877e+03 5.333333333866667090e+04 2.222222222444444560e+04 7.555555556311110558e+04 4.444444444888888938e+03 4.444444444888888938e+03 8.888888889777777877e+03
3.111111111422222530e+04 4.444444444888888938e+03 4.444444444888888938e+03 4.444444444888888938e+03 4.444444444888888938e+03 4.444444444888888938e+03 4.444444444888888938e+03 4.444444444888888938e+03 4.444444444888888938e+03 4.444444444888888938e+03 4.444444444888888938e+03 4.444444444888888938e+03 4.444444444888888938e+03 4.444444444888888938e+03 4.444444444888888938e+03 4.444444444888888938e+03 4.444444444888888938e+03 1.333333333466666591e+04 1.333333333466666591e+04 1.333333333466666591e+04 4.444444444888888938e+03 3.111111111422222530e+04 4.444444444888888938e+03 5.333333333866667090e+04 8.888888889777777877e+03 4.444444444888888938e+03 1.777777777955555575e+04 1.777777777955555575e+04 2.222222222444444560e+04 4.444444444888888938e+03 4.444444444888888938e+03 4.444444444888888938e+03 1.555555555711110064e+05 4.444444444888888938e+03 4.444444444888888938e+03 8.888888889777777877e+03 4.444444444888888938e+03
4.444444444888888938e+03 8.888888889777777877e+03 8.888888889777777877e+03 8.888888889777777877e+03 4.444444444888888938e+03 4.444444444888888938e+03 4.444444444888888938e+03 4.444444444888888938e+03 4.444444444888888938e+03 8.888888889777777877e+03 8.888888889777777877e+03 8.888888889777777877e+03 8.888888889777777877e+03 8.888888889777777877e+03 1.333333333466666591e+04 4.444444444888888938e+03 4.444444444888888938e+03 2.222222222444444560e+04 1.777777777955555575e+04 1.777777777955555575e+04 4.444444444888888938e+03 4.444444444888889120e+04 8.888888889777777877e+03 7.111111111822222301e+04 4.444444444888888938e+03 4.444444444888888938e+03 2.666666666933333545e+04 4.444444444888889120e+04 4.444444444888888938e+03 4.444444444888888938e+03 1.333333333466666591e+04 4.444444444888888938e+03 1.688888889057776541e+05 4.444444444888888938e+03 8.888888889777777877e+03 1.333333333466666591e+04 4.444444444888888938e+03
6.026666667269406840e+06 4.444444444888888938e+03 4.444444444888889120e+04 8.888888889777777877e+03 8.888888889777777877e+03 8.888888889777777877e+03 8.888888889777777877e+03 4.444444444888888938e+03 8.888888889777777877e+03 4.444444444888888938e+03 3.111111111422222530e+04 4.444444444888888938e+03 4.444444444888888938e+03 2.222222222444444560e+04 2.222222222444444560e+04 4.444444444888888938e+03 4.444444444888888938e+03 3.111111111422222530e+04 4.000000000400000135e+04 4.444444444888888938e+03 4.444444444888888938e+03 4.444444444888888938e+03 1.288888889017776964e+05 4.444444444888888938e+03 4.444444444888888938e+03 8.888888889777777877e+03 3.111111111422222530e+04 5.777777778355556075e+04 4.444444444888888938e+03 4.444444444888888938e+03 8.888888889777777877e+03 2.222222222444444560e+04 4.444444444888888938e+03 1.866666666853331844e+05 4.444444444888888938e+03 1.777777777955555575e+04 8.888888889777777877e+03
4.444444444888888938e+03 5.991111111710293218e+06 4.444444444888888938e+03 1.333333333466666591e+04 1.333333333466666591e+04 1.333333333466666591e+04 4.444444444888888938e+03 8.888888889777777877e+03 1.333333333466666591e+04 4.444444444888888938e+03 4.444444444888889120e+04 4.444444444888888938e+03 4.444444444888888938e+03 5.333333333866667090e+04 4.444444444888888938e+03 8.888888889777777877e+03 4.444444444888888938e+03 8.000000000799998816e+04 4.444444444888888938e+03 8.888888889777777877e+03 4.444444444888888938e+03 8.888888889777777877e+03 1.511111111262221239e+05 4.444444444888888938e+03 4.444444444888888938e+03 1.155555555671110487e+05 6.666666667333334044e+04 4.444444444888888938e+03 4.444444444888888938e+03 4.444444444888888938e+03 8.888888889777777877e+03 2.182222222440457437e+06 2.146666666881347541e+06 2.133333333546681330e+06 1.933333333526679780e+06 1.902222222412456991e+06 1.875555555743123172e+06
5.777777778355556075e+04 4.444444444888888938e+03 5.875555556143173948e+06 4.444444444888888938e+03 3.111111111422222530e+04 8.888888889777777877e+03 4.444444444888888938e+03 2.666666666933333545e+04 4.444444444888888938e+03 8.888888889777777877e+03 5.333333333866667090e+04 4.444444444888888938e+03 4.444444444888888938e+03 6.666666667333334044e+04 4.444444444888888938e+03 1.333333333466666591e+04 4.444444444888888938e+03 9.333333334266663587e+04 4.444444444888888938e+03 1.333333333466666591e+04 8.888888889777777877e+03 4.444444444888888938e+03 4.444444444888888938e+03 3.315555555887085386e+06 1.244444444568888139e+05 4.444444444888888938e+03 4.444444444888888938e+03 4.444444444888888938e+03 8.888888889777777877e+03 8.888888889777777877e+03 2.208888889109789860e+06 1.333333333466666591e+04 4.444444444888888938e+03 8.888888889777777877e+03 2.222222222444444560e+04 4.444444444888888938e+03 4.444444444888888938e+03
1.333333333466666591e+04 1.333333333466666591e+04 1.333333333466666591e+04 5.853333333918727934e+06 4.444444444888888938e+03 1.777777777955555575e+04 3.111111111422222530e+04 4.444444444888888938e+03 4.444444444888888938e+03 7.111111111822222301e+04 4.444444444888888938e+03 8.888888889777777877e+03 4.444444444888888938e+03 8.000000000799998816e+04 4.444444444888888938e+03 1.777777777955555575e+04 1.022222222324444010e+05 4.444444444888888938e+03 4.444444444888888938e+03 4.044444444848838262e+06 1.777777777955555575e+04 4.444444444888888938e+03 3.337777778111529071e+06 4.444444444888888938e+03 3.031111111414206214e+06 3.017777778079540003e+06 3.008888889189762529e+06 2.982222222520430107e+06 2.955555555851097684e+06 4.444444444888888938e+03 2.226666666889344808e+06 8.888888889777777877e+03 8.888888889777777877e+03 4.444444444888888938e+03 1.333333333466666591e+04 4.444444444888888938e+03 3.111111111422222530e+04
8.888888889777777877e+03 8.888888889777777877e+03 4.444444444888888938e+03 4.444444444888888938e+03 5.804444445024946705e+06 5.573333333890708163e+06 5.546666667221372947e+06 4.444444444888888938e+03 8.888888889777777877e+03 8.000000000799998816e+04 4.444444444888888938e+03 1.333333333466666591e+04 4.444444444888888938e+03 4.702222222692424431e+06 4.271111111538171768e+06 4.262222222648393363e+06 4.235555555979058146e+06 4.088888889297725633e+06 4.080000000407948159e+06 4.444444444888888938e+03 4.004444444844839629e+06 3.995555555955062155e+06 4.444444444888888938e+03 8.888888889777777877e+03 4.444444444888888938e+03 4.444444444888888938e+03 1.777777777955555575e+04 1.777777777955555575e+04 4.444444444888888938e+03 2.924444444736876525e+06 4.444444444888888938e+03 4.444444444888888938e+03 4.444444444888888938e+03 4.444444444888888938e+03 8.888888889777777877e+03 1.333333333466666591e+04 1.333333333466666591e+04
4.444444444888888938e+03 4.444444444888888938e+03 8.888888889777777877e+03 2.222222222444442450e+05 4.444444444888888938e+03 4.444444444888888938e+03 2.666666666933333545e+04 5.475555556103145704e+06 4.906666667157327756e+06 4.884444444932881743e+06 4.795555556035097688e+06 4.773333333810651675e+06 4.724444444916870445e+06 4.444444444888888938e+03 3.422222222564446274e+05 4.444444444888888938e+03 4.444444444888888938e+03 3.555555555911111151e+04 4.444444444888888938e+03 2.222222222444444560e+04 4.444444444888888938e+03 6.444444445088889915e+05 4.444444444888888938e+03 4.444444444888888938e+03 4.444444444888888938e+03 4.444444444888888938e+03 8.888888889777777877e+03 1.333333333466666591e+04 4.444444444888888938e+03 8.888888889777777877e+03 6.755555556231109658e+05 1.333333333466666591e+04 8.888888889777777877e+03 4.444444444888888938e+03 4.444444444888888938e+03 8.888888889777777877e+03 8.888888889777777877e+03
2.666666666933333545e+04 4.000000000400000135e+04 2.044444444648887147e+05 4.444444444888888938e+03 4.444444444888888938e+03 2.222222222444444560e+04 4.444444444888888938e+03 5.644444445008896291e+05 8.888888889777777877e+03 4.444444444888888938e+03 1.333333333466666591e+04 3.111111111422222530e+04 4.444444444888888938e+03 4.444444444888888938e+03 3.377777778115557157e+05 4.444444444888888938e+03 4.444444444888888938e+03 8.888888889777777877e+03 1.333333333466666591e+04 1.777777777955555575e+04 4.444444444888888938e+03 1.777777777955555575e+04 6.133333333946670173e+05 4.444444444888888938e+03 4.444444444888888938e+03 4.444444444888888938e+03 4.444444444888888938e+03 8.888888889777777877e+03 4.444444444888888938e+03 8.888888889777777877e+03 6.577777778435555520e+05 4.444444444888888938e+03 1.333333333466666591e+04 8.888888889777777877e+03 4.444444444888888938e+03 4.444444444888888938e+03 4.444444444888888938e+03
8.888888889777777877e+03 1.333333333466666591e+04 1.422222222364443587e+05 4.444444444888888938e+03 4.444444444888888938e+03 8.888888889777777877e+03 8.888888889777777877e+03 5.555555556111119222e+05 4.444444444888888938e+03 4.444444444888888938e+03 8.888888889777777877e+03 1.333333333466666591e+04 1.333333333466666591e+04 4.444444444888888938e+03 3.244444444768889807e+05 4.444444444888888938e+03 4.444444444888888938e+03 4.444444444888888938e+03 8.888888889777777877e+03 1.333333333466666591e+04 4.444444444888888938e+03 8.888888889777777877e+03 3.555555555911111151e+04 5.644444445008896291e+05 1.777777777955555575e+04 8.888888889777777877e+03 4.444444444888888938e+03 4.444444444888888938e+03 4.444444444888888938e+03 4.444444444888888938e+03 4.444444444888888938e+03 6.311111111742224311e+05 4.444444444888888938e+03 4.444444444888888938e+03 4.444444444888888938e+03 4.444444444888888938e+03 4.444444444888888938e+03
8.888888889777777877e+03 1.333333333466666591e+04 1.200000000119999313e+05 4.444444444888888938e+03 4.444444444888888938e+03 4.444444444888888938e+03 4.444444444888888938e+03 5.377777778315565083e+05 3.111111111422222530e+04 4.444444444888888938e+03 4.444444444888888938e+03 8.888888889777777877e+03 8.888888889777777877e+03 4.444444444888888938e+03 1.333333333466666591e+04 2.977777778075555107e+05 1.333333333466666591e+04 8.888888889777777877e+03 4.444444444888888938e+03 8.888888889777777877e+03 4.444444444888888938e+03 1.333333333466666591e+04 1.777777777955555575e+04 5.377777778315565083e+05 1.777777777955555575e+04 1.333333333466666591e+04 8.888888889777777877e+03 4.444444444888888938e+03 4.444444444888888938e+03 1.333333333466666591e+04 4.888888889377778105e+04 4.444444444888888938e+03 5.555555556111119222e+05 8.888888889777777877e+03 8.888888889777777877e+03 8.888888889777777877e+03 4.444444444888888938e+03
8.888888889777777877e+03 1.333333333466666591e+04 5.333333333866667090e+04 4.888888889377778105e+04 4.444444444888888938e+03 4.444444444888888938e+03 8.888888889777777877e+03 4.977777778275565361e+05 8.888888889777777877e+03 2.222222222444444560e+04 8.888888889777777877e+03 4.444444444888888938e+03 4.444444444888888938e+03 8.888888889777777877e+03 4.444444444888888938e+03 2.755555555831109523e+05 8.888888889777777877e+03 4.444444444888888938e+03 4.444444444888888938e+03 4.444444444888888938e+03 8.888888889777777877e+03 1.333333333466666591e+04 8.888888889777777877e+03 5.155555556071121828e+05 3.111111111422222530e+04 2.222222222444444560e+04 1.333333333466666591e+04 4.444444444888888938e+03 4.444444444888888938e+03 8.888888889777777877e+03 1.777777777955555575e+04 4.444444444888888938e+03 5.377777778315565083e+05 5.333333333866667090e+04 4.000000000400000135e+04 2.666666666933333545e+04 1.777777777955555575e+04
8.888888889777777877e+03 1.333333333466666591e+04 3.555555555911111151e+04 3.555555555911111151e+04 4.444444444888888938e+03 4.444444444888888938e+03 1.333333333466666591e+04 4.755555556031119777e+05 4.444444444888888938e+03 4.444444444888888938e+03 8.888888889777777877e+03 4.444444444888888938e+03 4.444444444888888938e+03 8.888888889777777877e+03 2.222222222444444560e+04 2.177777777995553624e+05 1.777777777955555575e+04 1.333333333466666591e+04 4.444444444888888938e+03 4.444444444888888938e+03 8.888888889777777877e+03 4.444444444888888938e+03 4.444444444888888938e+03 4.711111111582230660e+05 4.444444444888888938e+03 4.444444444888888938e+03 4.444444444888888938e+03 4.444444444888888938e+03 4.444444444888888938e+03 4.444444444888888938e+03 8.888888889777777877e+03 4.444444444888888938e+03 6.222222222844445059e+04 4.133333333746672142e+05 4.444444444888888938e+03 1.333333333466666591e+04 8.888888889777777877e+03
8.888888889777777877e+03 8.888888889777777877e+03 2.222222222444444560e+04 2.666666666933333545e+04 4.444444444888888938e+03 4.444444444888888938e+03 4.444444444888888938e+03 4.533333333786674193e+05 2.666666666933333545e+04 8.888888889777777877e+03 4.444444444888888938e+03 4.444444444888888938e+03 4.444444444888888938e+03 8.888888889777777877e+03 1.333333333466666591e+04 1.777777777955554193e+05 2.222222222444444560e+04 4.444444444888888938e+03 4.444444444888888938e+03 4.444444444888888938e+03 8.888888889777777877e+03 2.222222222444444560e+04 4.000000000400000135e+04 4.577777778235563310e+05 4.000000000400000135e+04 1.777777777955555575e+04 1.333333333466666591e+04 8.888888889777777877e+03 4.444444444888888938e+03 4.444444444888888938e+03 8.888888889777777877e+03 4.444444444888889120e+04 1.333333333466666591e+04 4.444444444888888938e+03 4.000000000400004792e+05 4.444444444888888938e+03 4.444444444888888938e+03
4.444444444888888938e+03 8.888888889777777877e+03 8.888888889777777877e+03 2.222222222444444560e+04 4.444444444888888938e+03 8.888888889777777877e+03 1.333333333466666591e+04 4.177777778195561259e+05 4.444444444888888938e+03 1.333333333466666591e+04 8.888888889777777877e+03 4.444444444888888938e+03 4.444444444888888938e+03 8.888888889777777877e+03 8.888888889777777877e+03 1.555555555711110064e+05 8.888888889777777877e+03 1.333333333466666591e+04 4.444444444888888938e+03 4.444444444888888938e+03 8.888888889777777877e+03 1.333333333466666591e+04 8.888888889777777877e+03 3.688888889257780975e+05 4.444444444888888938e+03 1.777777777955555575e+04 1.333333333466666591e+04 8.888888889777777877e+03 4.444444444888888938e+03 4.444444444888888938e+03 8.888888889777777877e+03 2.222222222444444560e+04 8.888888889777777877e+03 4.444444444888888938e+03 2.266666666893331276e+05 1.466666666813332413e+05 1.333333333466666591e+04
