output/field_example_test_lateral/area_000049.asc
nrows	150
cellsize	66.66666667
xllcorner	0
ncols	150
yllcorner	0
NODATA_value	-9999
[rows 34 to 50 of 150, columns 0 to 36 of 150]
2.804444444724880625e+06 2.804444444724880625e+06 2.800000000279991888e+06 2.786666666945325676e+06 2.764444444720881991e+06 2.720000000271994621e+06 2.675555555823107250e+06 2.662222222488441039e+06 2.586666666925332509e+06 2.551111111366222613e+06 2.711111111382220406e+05 2.577777778035553056e+05 4.444444444888888938e+03 8.888888889777777877e+03 4.444444444888888938e+03 8.888888889777777877e+03 1.333333333466666591e+04 4.444444444888888938e+03 3.555555555911111151e+04 2.444444444688886579e+05 4.444444444888888938e+03 8.888888889777777877e+03 4.444444444888888938e+03 8.888888889777777877e+03 4.444444444888888938e+03 1.733333333506665367e+05 4.444444444888888938e+03 2.222222222444444560e+04 1.333333333466666591e+04 8.888888889777777877e+03 4.444444444888888938e+03 1.777777777955555575e+04 8.888888889777777877e+03 4.444444444888888938e+03 3.511111111462224508e+05 8.888888889777777877e+03 4.444444444888888938e+03
4.444444444888888938e+03 4.444444444888888938e+03 4.444444444888888938e+03 8.888888889777777877e+03 1.333333333466666591e+04 3.555555555911111151e+04 4.444444444888888938e+03 2.222222222444444560e+04 2.666666666933333545e+04 4.444444444888888938e+03 2.120000000212015118e+06 2.026666666869348148e+06 2.017777777979570208e+06 1.995555555755125359e+06 1.933333333526679780e+06 1.920000000192012871e+06 1.880000000188012142e+06 1.808888889069788624e+06 1.795555555735121714e+06 1.448888889033782063e+06 1.440000000144004123e+06 1.360000000136002665e+06 1.346666666801335756e+06 1.324444444576890906e+06 1.306666666797335027e+06 1.111111111222220352e+06 4.444444444888888938e+03 9.688888889857752947e+05 9.422222223164421739e+05 4.444444444888888938e+03 8.888888889777777877e+03 3.111111111422222530e+04 4.444444444888888938e+03 3.777777778155559208e+05 1.777777777955555575e+04 1.333333333466666591e+04 8.888888889777777877e+03
8.888888889777777877e+03 8.888888889777777877e+03 4.444444444888888938e+03 4.444444444888888938e+03 8.888888889777777877e+03 1.333333333466666591e+04 1.777777777955555575e+04 1.777777777955555575e+04 2.222222222444444560e+04 4.444444444888888938e+03 8.444444445288887073e+04 4.444444444888888938e+03 1.333333333466666591e+04 4.888888889377778105e+04 4.444444444888888938e+03 2.666666666933333545e+04 5.333333333866667090e+04 4.444444444888888938e+03 6.222222222844445059e+04 4.444444444888888938e+03 4.444444444888888938e+03 6.666666667333334044e+04 1.333333333466666591e+04 4.444444444888888938e+03 1.333333333466666591e+04 4.444444444888888938e+03 1.093333333442664472e+06 4.444444444888888938e+03 4.444444444888888938e+03 9.066666667573313462e+05 8.088888889697765699e+05 7.955555556351100095e+05 7.600000000759991817e+05 4.444444444888888938e+03 2.666666666933333545e+04 2.222222222444444560e+04 1.777777777955555575e+04
1.333333333466666591e+04 1.333333333466666591e+04 8.888888889777777877e+03 4.444444444888888938e+03 4.444444444888888938e+03 8.888888889777777877e+03 1.333333333466666591e+04 1.333333333466666591e+04 1.777777777955555575e+04 4.444444444888888938e+03 7.111111111822222301e+04 4.444444444888888938e+03 8.888888889777777877e+03 8.888888889777777877e+03 3.555555555911111151e+04 2.222222222444444560e+04 4.444444444888889120e+04 4.444444444888888938e+03 1.777777777955555575e+04 4.000000000400000135e+04 4.444444444888888938e+03 5.333333333866667090e+04 4.444444444888888938e+03 8.888888889777777877e+03 8.888888889777777877e+03 4.444444444888888938e+03 9.777777778755551844e+04 1.333333333466666591e+04 4.444444444888888938e+03 4.444444444888888938e+03 8.888888889777775330e+04 4.000000000400000135e+04 4.444444444888888938e+03 3.688888889257780975e+05 4.444444444888888938e+03 4.444444444888888938e+03 4.444444444888888938e+03
8.888888889777777877e+03 8.888888889777777877e+03 4.444444444888888938e+03 4.444444444888888938e+03 4.444444444888888938e+03 4.444444444888888938e+03 8.888888889777777877e+03 8.888888889777777877e+03 1.333333333466666591e+04 4.444444444888888938e+03 3.111111111422222530e+04 3.111111111422222530e+04 4.444444444888888938e+03 4.444444444888888938e+03 3.111111111422222530e+04 1.777777777955555575e+04 3.555555555911111151e+04 4.444444444888888938e+03 1.333333333466666591e+04 1.777777777955555575e+04 1.777777777955555575e+04 1.777777777955555575e+04 3.111111111422222530e+04 4.444444444888888938e+03 4.444444444888888938e+03 3.111111111422222530e+04 2.222222222444444560e+04 4.000000000400000135e+04 4.444444444888888938e+03 2.222222222444444560e+04 2.222222222444444560e+04 2.666666666933333545e+04 4.444444444888888938e+03 1.066666666773332836e+05 2.266666666893331276e+05 1.466666666813332413e+05 1.777777777955555575e+04
3.111111111422222530e+04 3.111111111422222530e+04 2.666666666933333545e+04 1.777777777955555575e+04 8.888888889777777877e+03 4.444444444888888938e+03 4.444444444888888938e+03 4.444444444888888938e+03 8.888888889777777877e+03 4.444444444888888938e+03 2.222222222444444560e+04 2.222222222444444560e+04 4.444444444888888938e+03 4.444444444888888938e+03 2.222222222444444560e+04 1.333333333466666591e+04 2.666666666933333545e+04 4.444444444888888938e+03 8.888888889777777877e+03 1.333333333466666591e+04 1.333333333466666591e+04 1.333333333466666591e+04 1.333333333466666591e+04 1.333333333466666591e+04 1.333333333466666591e+04 1.333333333466666591e+04 1.777777777955555575e+04 3.111111111422222530e+04 4.444444444888888938e+03 1.777777777955555575e+04 1.777777777955555575e+04 2.222222222444444560e+04 4.444444444888888938e+03 9.777777778755551844e+04 4.444444444888888938e+03 6.666666667333334044e+04 1.200000000119999313e+05
4.444444444888888938e+03 4.444444444888888938e+03 4.444444444888888938e+03 4.444444444888888938e+03 4.444444444888888938e+03 4.444444444888888938e+03 4.444444444888888938e+03 4.444444444888888938e+03 4.444444444888888938e+03 4.444444444888888938e+03 1.333333333466666591e+04 1.333333333466666591e+04 4.444444444888888938e+03 4.444444444888888938e+03 1.333333333466666591e+04 8.888888889777777877e+03 1.333333333466666591e+04 8.888888889777777877e+03 4.444444444888888938e+03 8.888888889777777877e+03 8.888888889777777877e+03 8.888888889777777877e+03 8.888888889777777877e+03 8.888888889777777877e+03 8.888888889777777877e+03 8.888888889777777877e+03 1.333333333466666591e+04 2.222222222444444560e+04 4.444444444888888938e+03 1.333333333466666591e+04 1.333333333466666591e+04 1.777777777955555575e+04 1.333333333466666591e+04 8.888888889777777877e+03 7.111111111822222301e+04 4.444444444888888938e+03 5.777777778355556075e+04
8.888888889777775330e+04 8.888888889777775330e+04 7.555555556311110558e+04 6.222222222844445059e+04 4.888888889377778105e+04 3.555555555911111151e+04 2.222222222444444560e+04 8.888888889777777877e+03 4.444444444888888938e+03 4.444444444888888938e+03 4.444444444888888938e+03 4.444444444888888938e+03 4.444444444888888938e+03 4.444444444888888938e+03 4.444444444888888938e+03 4.444444444888888938e+03 4.444444444888888938e+03 4.444444444888888938e+03 4.444444444888888938e+03 4.444444444888888938e+03 4.444444444888888938e+03 4.444444444888888938e+03 4.444444444888888938e+03 4.444444444888888938e+03 4.444444444888888938e+03 4.444444444888888938e+03 8.888888889777777877e+03 1.333333333466666591e+04 4.444444444888888938e+03 8.888888889777777877e+03 8.888888889777777877e+03 1.333333333466666591e+04 8.888888889777777877e+03 4.444444444888888938e+03 6.222222222844445059e+04 4.444444444888888938e+03 4.000000000400000135e+04
4.444444444888888938e+03 4.444444444888888938e+03 4.444444444888888938e+03 4.444444444888888938e+03 4.444444444888888938e+03 4.444444444888888938e+03 4.444444444888888938e+03 4.444444444888888938e+03 4.444444444888888938e+03 4.444444444888888938e+03 4.444444444888888938e+03 4.444444444888888938e+03 4.444444444888888938e+03 4.444444444888888938e+03 4.444444444888888938e+03 4.444444444888888938e+03 4.444444444888888938e+03 4.444444444888888938e+03 4.444444444888888938e+03 4.444444444888888938e+03 4.444444444888888938e+03 4.444444444888888938e+03 4.444444444888888938e+03 4.444444444888888938e+03 4.444444444888888938e+03 4.444444444888888938e+03 4.444444444888888938e+03 4.444444444888888938e+03 4.444444444888888938e+03 4.444444444888888938e+03 4.444444444888888938e+03 8.888888889777777877e+03 4.444444444888888938e+03 8.888888889777777877e+03 4.444444444888889120e+04 4.444444444888888938e+03 2.666666666933333545e+04
2.666666666933333545e+04 2.666666666933333545e+04 2.222222222444444560e+04 1.777777777955555575e+04 1.333333333466666591e+04 8.888888889777777877e+03 4.444444444888888938e+03 4.444444444888888938e+03 8.888888889777777877e+03 1.333333333466666591e+04 4.444444444888888938e+03 8.888888889777777877e+03 8.888888889777777877e+03 8.888888889777777877e+03 8.888888889777777877e+03 8.888888889777777877e+03 8.888888889777777877e+03 8.888888889777777877e+03 8.888888889777777877e+03 1.333333333466666591e+04 4.444444444888888938e+03 8.888888889777777877e+03 8.888888889777777877e+03 8.888888889777777877e+03 1.333333333466666591e+04 4.444444444888888938e+03 4.444444444888888938e+03 4.444444444888888938e+03 4.444444444888888938e+03 4.444444444888888938e+03 4.444444444888888938e+03 4.444444444888888938e+03 4.444444444888888938e+03 4.444444444888888938e+03 3.111111111422222530e+04 4.444444444888888938e+03 1.333333333466666591e+04
2.222222222444444560e+04 2.222222222444444560e+04 1.777777777955555575e+04 1.333333333466666591e+04 8.888888889777777877e+03 4.444444444888888938e+03 4.444444444888888938e+03 8.888888889777777877e+03 1.333333333466666591e+04 2.222222222444444560e+04 4.444444444888888938e+03 1.333333333466666591e+04 1.333333333466666591e+04 1.333333333466666591e+04 1.333333333466666591e+04 1.333333333466666591e+04 1.333333333466666591e+04 1.333333333466666591e+04 2.666666666933333545e+04 8.888888889777777877e+03 4.444444444888888938e+03 1.333333333466666591e+04 1.333333333466666591e+04 1.333333333466666591e+04 2.222222222444444560e+04 8.888888889777777877e+03 4.444444444888888938e+03 1.333333333466666591e+04 8.888888889777777877e+03 8.888888889777777877e+03 4.444444444888888938e+03 4.444444444888888938e+03 4.444444444888888938e+03 4.444444444888888938e+03 1.333333333466666591e+04 8.888888889777777877e+03 4.444444444888888938e+03
1.333333333466666591e+04 1.333333333466666591e+04 8.888888889777777877e+03 4.444444444888888938e+03 4.444444444888888938e+03 4.444444444888888938e+03 8.888888889777777877e+03 1.333333333466666591e+04 4.000000000400000135e+04 4.444444444888888938e+03 8.888888889777777877e+03 1.777777777955555575e+04 1.777777777955555575e+04 1.777777777955555575e+04 3.111111111422222530e+04 4.444444444888888938e+03 1.777777777955555575e+04 1.777777777955555575e+04 4.000000000400000135e+04 4.444444444888888938e+03 8.888888889777777877e+03 1.777777777955555575e+04 1.777777777955555575e+04 1.777777777955555575e+04 3.555555555911111151e+04 4.444444444888888938e+03 8.888888889777777877e+03 2.666666666933333545e+04 1.333333333466666591e+04 8.888888889777777877e+03 8.888888889777777877e+03 8.888888889777777877e+03 4.444444444888888938e+03 4.444444444888888938e+03 4.444444444888888938e+03 4.444444444888888938e+03 4.444444444888888938e+03
4.444444444888888938e+03 4.444444444888888938e+03 4.444444444888888938e+03 4.444444444888888938e+03 8.888888889777777877e+03 8.888888889777777877e+03 4.444444444888888938e+03 6.666666667333334044e+04 4.444444444888888938e+03 8.888888889777777877e+03 1.333333333466666591e+04 2.222222222444444560e+04 2.222222222444444560e+04 2.222222222444444560e+04 4.000000000400000135e+04 4.444444444888888938e+03 2.222222222444444560e+04 6.222222222844445059e+04 8.888888889777777877e+03 4.444444444888888938e+03 1.333333333466666591e+04 2.222222222444444560e+04 2.222222222444444560e+04 2.222222222444444560e+04 4.444444444888889120e+04 4.444444444888888938e+03 1.333333333466666591e+04 1.111111111222221662e+05 6.666666667333334044e+04 4.888888889377778105e+04 3.111111111422222530e+04 1.777777777955555575e+04 8.888888889777777877e+03 4.444444444888888938e+03 4.444444444888888938e+03 4.444444444888888938e+03 4.444444444888888938e+03
4.444444444888888938e+03 4.444444444888888938e+03 8.888888889777777877e+03 1.777777777955555575e+04 4.444444444888888938e+03 1.333333333466666591e+04 8.888888889777777877e+03 7.555555556311110558e+04 4.444444444888888938e+03 2.666666666933333545e+04 4.444444444888888938e+03 2.666666666933333545e+04 4.888888889377778105e+04 4.444444444888888938e+03 4.888888889377778105e+04 4.444444444888888938e+03 2.666666666933333545e+04 7.555555556311110558e+04 8.888888889777777877e+03 4.444444444888888938e+03 1.777777777955555575e+04 2.666666666933333545e+04 2.666666666933333545e+04 2.666666666933333545e+04 5.333333333866667090e+04 4.444444444888888938e+03 1.377777777915554761e+05 8.888888889777777877e+03 4.444444444888888938e+03 4.444444444888888938e+03 4.444444444888888938e+03 4.444444444888888938e+03 8.888888889777777877e+03 8.888888889777777877e+03 8.888888889777777877e+03 8.888888889777777877e+03 4.444444444888888938e+03
1.897777777967568021e+06 1.897777777967568021e+06 1.893333333522679051e+06 1.866666666853345232e+06 1.840000000184011413e+06 1.817777777959566563e+06 1.751111111286232015e+06 1.733333333506676136e+06 1.640000000164007768e+06 1.555555555711117340e+06 1.520000000152005581e+06 1.502222222372449702e+06 1.422222222364448244e+06 1.360000000136002665e+06 1.337777777911557816e+06 1.195555555675110780e+06 1.182222222340443870e+06 1.142222222336443141e+06 1.035555555659108097e+06 1.017777777879552683e+06 1.004444444544886122e+06 8.533333334186651045e+05 8.177777778595542768e+05 7.822222223004434491e+05 7.333333334066660609e+05 6.711111111782221124e+05 2.977777778075555107e+05 4.444444444888888938e+03 4.444444444888888938e+03 4.444444444888888938e+03 8.888888889777777877e+03 1.333333333466666591e+04 1.333333333466666591e+04 1.333333333466666591e+04 1.333333333466666591e+04 8.888888889777777877e+03 4.444444444888888938e+03
4.444444444888888938e+03 4.444444444888888938e+03 1.333333333466666591e+04 4.444444444888888938e+03 1.333333333466666591e+04 4.888888889377778105e+04 4.444444444888888938e+03 1.333333333466666591e+04 7.555555556311110558e+04 4.444444444888888938e+03 8.888888889777777877e+03 4.888888889377778105e+04 8.888888889777777877e+03 1.333333333466666591e+04 8.888888889777775330e+04 4.444444444888888938e+03 8.888888889777777877e+03 2.666666666933333545e+04 4.444444444888888938e+03 4.444444444888888938e+03 1.288888889017776964e+05 4.444444444888888938e+03 4.444444444888888938e+03 1.777777777955555575e+04 4.444444444888888938e+03 4.444444444888888938e+03 2.222222222444442450e+05 2.888888889177776873e+05 8.888888889777777877e+03 4.444444444888888938e+03 2.666666666933333545e+04 3.555555555911111151e+04 1.777777777955555575e+04 4.444444444888889120e+04 2.666666666933333545e+04 1.333333333466666591e+04 4.444444444888888938e+03
4.444444444888888938e+03 4.444444444888888938e+03 4.444444444888888938e+03 4.444444444888888938e+03 8.888888889777777877e+03 4.000000000400000135e+04 4.444444444888888938e+03 8.888888889777777877e+03 8.888888889777777877e+03 6.222222222844445059e+04 4.444444444888888938e+03 4.444444444888889120e+04 4.444444444888888938e+03 8.888888889777777877e+03 2.222222222444444560e+04 6.222222222844445059e+04 4.444444444888888938e+03 8.888888889777777877e+03 1.333333333466666591e+04 2.222222222444444560e+04 2.222222222444444560e+04 8.000000000799998816e+04 4.444444444888888938e+03 4.444444444888888938e+03 8.888888889777777877e+03 8.888888889777777877e+03 4.444444444888888938e+03 2.044444444648887147e+05 2.711111111382220406e+05 2.577777778035553056e+05 2.177777777995553624e+05 4.444444444888888938e+03 7.555555556311110558e+04 2.666666666933333545e+04 2.222222222444444560e+04 1.777777777955555575e+04 1.333333333466666591e+04
