output/field_example_test_lateral/area_000042.asc
nrows	150
cellsize	66.66666667
xllcorner	0
ncols	150
yllcorner	0
NODATA_value	-9999
[rows 0 to 16 of 150, columns 37 to 73 of 150]
4.444444444888888938e+03 4.444444444888888938e+03 4.444444444888888938e+03 4.444444444888888938e+03 4.444444444888888938e+03 4.444444444888888938e+03 4.444444444888888938e+03 4.444444444888888938e+03 4.444444444888888938e+03 4.444444444888888938e+03 4.444444444888888938e+03 4.444444444888888938e+03 4.444444444888888938e+03 4.444444444888888938e+03 4.444444444888888938e+03 4.444444444888888938e+03 4.444444444888888938e+03 4.444444444888888938e+03 4.444444444888888938e+03 4.444444444888888938e+03 4.444444444888888938e+03 4.444444444888888938e+03 4.444444444888888938e+03 4.444444444888888938e+03 4.444444444888888938e+03 4.444444444888888938e+03 4.444444444888888938e+03 4.444444444888888938e+03 4.444444444888888938e+03 4.444444444888888938e+03 4.444444444888888938e+03 4.444444444888888938e+03 4.444444444888888938e+03 4.444444444888888938e+03 4.444444444888888938e+03 4.444444444888888938e+03 4.444444444888888938e+03
1.333333333466666591e+04 8.888888889777777877e+03 4.444444444888888938e+03 4.444444444888888938e+03 8.888888889777777877e+03 1.777777777955555575e+04 8.888888889777777877e+03 4.444444444888888938e+03 4.444444444888888938e+03 8.888888889777777877e+03 1.333333333466666591e+04 1.333333333466666591e+04 8.888888889777777877e+03 4.444444444888888938e+03 4.444444444888888938e+03 1.777777777955555575e+04 4.444444444888888938e+03 8.888888889777777877e+03 8.888888889777777877e+03 4.444444444888888938e+03 1.333333333466666591e+04 1.333333333466666591e+04 8.888888889777777877e+03 4.444444444888888938e+03 4.444444444888888938e+03 1.333333333466666591e+04 1.333333333466666591e+04 8.888888889777777877e+03 4.444444444888888938e+03 4.444444444888888938e+03 1.777777777955555575e+04 8.888888889777777877e+03 4.444444444888888938e+03 8.888888889777777877e+03 1.333333333466666591e+04 4.444444444888888938e+03 4.444444444888888938e+03
2.666666666933333545e+04 8.888888889777777877e+03 4.444444444888888938e+03 4.444444444888888938e+03 8.888888889777777877e+03 4.000000000400000135e+04 8.888888889777777877e+03 4.444444444888888938e+03 4.444444444888888938e+03 8.888888889777777877e+03 2.666666666933333545e+04 2.666666666933333545e+04 8.888888889777777877e+03 4.444444444888888938e+03 4.444444444888888938e+03 3.111111111422222530e+04 4.444444444888888938e+03 1.333333333466666591e+04 1.333333333466666591e+04 4.444444444888888938e+03 2.222222222444444560e+04 2.666666666933333545e+04 8.888888889777777877e+03 4.444444444888888938e+03 4.444444444888888938e+03 2.222222222444444560e+04 2.666666666933333545e+04 8.888888889777777877e+03 4.444444444888888938e+03 4.444444444888888938e+03 3.555555555911111151e+04 4.444444444888888938e+03 4.444444444888888938e+03 1.777777777955555575e+04 2.222222222444444560e+04 4.444444444888888938e+03 4.444444444888888938e+03
1.777777777955555575e+04 4.444444444888888938e+03 4.444444444888888938e+03 8.888888889777777877e+03 8.888888889777777877e+03 6.222222222844445059e+04 8.888888889777777877e+03 4.444444444888888938e+03 4.444444444888888938e+03 8.888888889777777877e+03 4.000000000400000135e+04 4.888888889377778105e+04 8.888888889777777877e+03 4.444444444888888938e+03 4.444444444888888938e+03 4.444444444888889120e+04 4.444444444888888938e+03 1.777777777955555575e+04 1.777777777955555575e+04 4.444444444888888938e+03 3.111111111422222530e+04 4.000000000400000135e+04 8.888888889777777877e+03 4.444444444888888938e+03 4.444444444888888938e+03 3.111111111422222530e+04 4.000000000400000135e+04 8.888888889777777877e+03 4.444444444888888938e+03 4.444444444888888938e+03 4.888888889377778105e+04 4.444444444888888938e+03 4.444444444888888938e+03 2.666666666933333545e+04 3.111111111422222530e+04 4.444444444888888938e+03 4.444444444888888938e+03
8.888888889777777877e+03 4.444444444888888938e+03 4.444444444888888938e+03 8.888888889777777877e+03 1.333333333466666591e+04 8.444444445288887073e+04 4.444444444888888938e+03 8.888888889777777877e+03 4.444444444888888938e+03 8.888888889777777877e+03 1.022222222324444010e+05 4.444444444888888938e+03 4.444444444888888938e+03 8.888888889777777877e+03 4.444444444888888938e+03 5.777777778355556075e+04 4.444444444888888938e+03 2.222222222444444560e+04 2.666666666933333545e+04 4.444444444888888938e+03 4.444444444888888938e+03 8.444444445288887073e+04 8.888888889777777877e+03 4.444444444888888938e+03 4.444444444888888938e+03 4.000000000400000135e+04 5.333333333866667090e+04 8.888888889777777877e+03 4.444444444888888938e+03 4.444444444888888938e+03 6.222222222844445059e+04 4.444444444888888938e+03 4.444444444888888938e+03 3.555555555911111151e+04 4.000000000400000135e+04 4.444444444888888938e+03 4.444444444888888938e+03
8.888888889777777877e+03 4.444444444888888938e+03 4.444444444888888938e+03 8.888888889777777877e+03 1.333333333466666591e+04 1.066666666773332836e+05 4.444444444888888938e+03 1.333333333466666591e+04 4.444444444888888938e+03 1.777777777955555575e+04 1.155555555671110487e+05 4.444444444888888938e+03 8.888888889777777877e+03 1.333333333466666591e+04 4.444444444888888938e+03 7.555555556311110558e+04 4.444444444888888938e+03 2.666666666933333545e+04 3.555555555911111151e+04 4.444444444888888938e+03 4.444444444888888938e+03 1.022222222324444010e+05 4.444444444888888938e+03 8.888888889777777877e+03 4.444444444888888938e+03 4.888888889377778105e+04 6.666666667333334044e+04 4.444444444888888938e+03 8.888888889777777877e+03 8.888888889777777877e+03 7.111111111822222301e+04 4.444444444888888938e+03 4.444444444888888938e+03 4.444444444888889120e+04 4.888888889377778105e+04 4.444444444888888938e+03 8.888888889777777877e+03
4.444444444888888938e+03 4.444444444888888938e+03 4.444444444888888938e+03 8.888888889777777877e+03 2.222222222444444560e+04 1.466666666813332413e+05 8.888888889777777877e+03 4.444444444888888938e+03 1.777777777955555575e+04 1.422222222364443587e+05 4.444444444888888938e+03 4.444444444888888938e+03 1.333333333466666591e+04 1.777777777955555575e+04 8.888888889777775330e+04 4.444444444888888938e+03 4.444444444888888938e+03 4.444444444888888938e+03 7.111111111822222301e+04 4.444444444888888938e+03 4.444444444888888938e+03 1.155555555671110487e+05 1.333333333466666591e+04 4.444444444888888938e+03 4.444444444888888938e+03 1.244444444568888139e+05 4.444444444888888938e+03 8.888888889777777877e+03 1.333333333466666591e+04 8.444444445288887073e+04 8.888888889777777877e+03 4.444444444888888938e+03 4.444444444888888938e+03 5.333333333866667090e+04 5.777777778355556075e+04 4.444444444888888938e+03 1.466666666813332413e+05
4.444444444888888938e+03 8.888888889777777877e+03 8.888888889777777877e+03 4.444444444888888938e+03 4.444444444888888938e+03 4.444444444888888938e+03 1.644444444608887716e+05 4.444444444888888938e+03 4.911111111602216959e+06 1.555555555711110064e+05 4.444444444888888938e+03 4.444444444888888938e+03 4.600000000459972769e+06 4.577777778235526755e+06 4.444444444888888938e+03 4.444444444888888938e+03 4.444444444888888938e+03 3.755555555931070354e+06 3.742222222596404143e+06 3.662222222588406876e+06 3.648888889253740665e+06 3.631111111474185716e+06 3.497777778127523605e+06 3.462222222568413708e+06 3.408888889229748864e+06 3.395555555895082653e+06 3.235555555879088119e+06 3.222222222544421908e+06 2.817777778059546836e+06 2.800000000279991888e+06 2.711111111382217146e+06 2.693333333602662198e+06 2.666666666933329776e+06 2.631111111374219880e+06 2.568888889145777561e+06 2.502222222472446505e+06 4.444444444888888938e+03
8.888888889777777877e+03 1.333333333466666591e+04 1.333333333466666591e+04 4.444444444888888938e+03 8.888888889777777877e+03 8.888888889777777877e+03 4.444444444888888938e+03 5.106666667177341878e+06 4.444444444888888938e+03 4.728888889361759648e+06 4.720000000471981242e+06 4.711111111582202837e+06 4.444444444888888938e+03 4.444444444888888938e+03 4.457777778223518282e+06 4.431111111554183066e+06 3.768888889265736565e+06 4.444444444888888938e+03 4.444444444888888938e+03 4.444444444888888938e+03 8.888888889777777877e+03 1.333333333466666591e+04 1.777777777955555575e+04 4.444444444888889120e+04 4.444444444888888938e+03 3.111111111422222530e+04 4.444444444888888938e+03 4.444444444888888938e+03 3.866666667053337442e+05 4.444444444888888938e+03 4.444444444888888938e+03 1.777777777955555575e+04 2.666666666933333545e+04 4.444444444888888938e+03 4.444444444888888938e+03 4.444444444888888938e+03 2.337777778011563234e+06
1.333333333466666591e+04 1.777777777955555575e+04 1.777777777955555575e+04 4.444444444888888938e+03 8.888888889777777877e+03 5.177777778295569122e+06 5.155555556071123108e+06 8.888888889777777877e+03 1.777777777955555575e+04 4.444444444888888938e+03 4.444444444888888938e+03 6.666666667333334044e+04 3.111111111422222530e+04 4.444444444888888938e+03 2.222222222444444560e+04 4.444444444888888938e+03 6.488888889537778450e+05 6.311111111742224311e+05 4.444444444888888938e+03 8.888888889777777877e+03 4.444444444888888938e+03 8.888888889777777877e+03 1.333333333466666591e+04 1.777777777955555575e+04 2.222222222444444560e+04 2.222222222444444560e+04 4.444444444888888938e+03 4.444444444888888938e+03 3.777777778155559208e+05 4.444444444888888938e+03 4.444444444888888938e+03 8.888888889777777877e+03 1.333333333466666591e+04 8.888888889777777877e+03 4.444444444888888938e+03 2.222222222444442450e+05 4.444444444888888938e+03
3.555555555911111151e+04 4.444444444888888938e+03 4.444444444888888938e+03 2.222222222444444560e+04 5.204444444964904338e+06 4.444444444888888938e+03 2.222222222444444560e+04 8.888888889777777877e+03 4.444444444888888938e+03 1.333333333466666591e+04 1.777777777955555575e+04 4.444444444888889120e+04 4.444444444888888938e+03 1.777777777955555575e+04 1.777777777955555575e+04 8.888888889777777877e+03 4.444444444888888938e+03 4.444444444888888938e+03 6.177777778395558707e+05 4.444444444888888938e+03 4.444444444888888938e+03 4.444444444888888938e+03 8.888888889777777877e+03 1.333333333466666591e+04 1.777777777955555575e+04 1.333333333466666591e+04 4.444444444888888938e+03 4.444444444888888938e+03 3.555555555911113624e+05 8.888888889777777877e+03 4.444444444888888938e+03 4.444444444888888938e+03 8.888888889777777877e+03 4.444444444888888938e+03 8.888888889777777877e+03 2.000000000199998321e+05 4.444444444888888938e+03
4.000000000400000135e+04 8.888888889777777877e+03 4.444444444888888938e+03 5.240000000524017960e+06 4.444444444888888938e+03 4.444444444888888938e+03 8.888888889777777877e+03 8.888888889777777877e+03 4.444444444888888938e+03 8.888888889777777877e+03 1.333333333466666591e+04 3.555555555911111151e+04 4.444444444888888938e+03 1.333333333466666591e+04 1.333333333466666591e+04 4.444444444888888938e+03 4.444444444888888938e+03 5.911111111702227499e+05 4.444444444888888938e+03 4.444444444888888938e+03 4.444444444888888938e+03 4.444444444888888938e+03 4.444444444888888938e+03 8.888888889777777877e+03 1.333333333466666591e+04 8.888888889777777877e+03 4.444444444888888938e+03 1.777777777955555575e+04 3.111111111422222530e+04 2.977777778075555107e+05 1.333333333466666591e+04 8.888888889777777877e+03 4.444444444888888938e+03 4.444444444888888938e+03 2.666666666933333545e+04 4.444444444888888938e+03 1.644444444608887716e+05
7.040000000704145059e+06 6.928888889581914991e+06 6.911111111802358180e+06 1.648888889053785708e+06 4.444444444888888938e+03 4.444444444888888938e+03 4.444444444888888938e+03 4.444444444888888938e+03 4.444444444888888938e+03 4.444444444888888938e+03 8.888888889777777877e+03 2.666666666933333545e+04 4.444444444888888938e+03 8.888888889777777877e+03 8.888888889777777877e+03 4.444444444888888938e+03 1.777777777955555575e+04 1.777777777955555575e+04 5.466666667213342153e+05 4.888888889377778105e+04 1.777777777955555575e+04 8.888888889777777877e+03 4.444444444888888938e+03 4.444444444888888938e+03 8.888888889777777877e+03 4.444444444888888938e+03 8.888888889777777877e+03 1.333333333466666591e+04 1.333333333466666591e+04 2.800000000279998640e+05 8.888888889777777877e+03 4.444444444888888938e+03 4.444444444888888938e+03 4.444444444888888938e+03 1.777777777955555575e+04 4.444444444888888938e+03 1.422222222364443587e+05
6.666666667333334044e+04 4.444444444888888938e+03 1.333333333466666591e+04 4.444444444888888938e+03 1.635555555719118798e+06 8.888888889777777877e+03 4.444444444888888938e+03 4.444444444888888938e+03 8.888888889777777877e+03 4.444444444888888938e+03 4.444444444888888938e+03 8.888888889777777877e+03 1.333333333466666591e+04 4.444444444888888938e+03 4.444444444888888938e+03 8.888888889777777877e+03 1.333333333466666591e+04 1.777777777955555575e+04 4.933333333826676244e+05 4.444444444888888938e+03 1.777777777955555575e+04 1.333333333466666591e+04 8.888888889777777877e+03 4.444444444888888938e+03 4.444444444888888938e+03 4.444444444888888938e+03 8.888888889777777877e+03 8.888888889777777877e+03 1.333333333466666591e+04 2.400000000239997753e+05 1.333333333466666591e+04 8.888888889777777877e+03 4.444444444888888938e+03 4.444444444888888938e+03 8.888888889777777877e+03 4.444444444888888938e+03 1.777777777955555575e+04
4.444444444888888938e+03 1.333333333466666591e+04 8.888888889777777877e+03 4.444444444888888938e+03 4.444444444888888938e+03 1.608888889049784979e+06 3.555555555911111151e+04 2.666666666933333545e+04 1.333333333466666591e+04 8.888888889777777877e+03 4.444444444888888938e+03 4.444444444888888938e+03 4.444444444888888938e+03 4.444444444888888938e+03 4.444444444888888938e+03 8.888888889777777877e+03 1.333333333466666591e+04 4.444444444888888938e+03 8.444444445288887073e+04 3.822222222604448325e+05 8.888888889777777877e+03 4.444444444888888938e+03 4.444444444888888938e+03 4.444444444888888938e+03 4.444444444888888938e+03 4.444444444888888938e+03 4.444444444888888938e+03 8.888888889777777877e+03 1.333333333466666591e+04 2.044444444648887147e+05 1.777777777955555575e+04 1.333333333466666591e+04 8.888888889777777877e+03 4.444444444888888938e+03 4.444444444888888938e+03 4.444444444888888938e+03 8.888888889777777877e+03
4.444444444888888938e+03 8.888888889777777877e+03 4.444444444888888938e+03 8.888888889777777877e+03 1.333333333466666591e+04 1.564444444600895280e+06 3.555555555911111151e+04 2.666666666933333545e+04 1.333333333466666591e+04 8.888888889777777877e+03 4.444444444888888938e+03 4.444444444888888938e+03 4.444444444888888938e+03 4.444444444888888938e+03 4.444444444888888938e+03 8.888888889777777877e+03 8.888888889777777877e+03 5.777777778355556075e+04 2.222222222444444560e+04 4.444444444888888938e+03 3.644444444808891858e+05 3.555555555911111151e+04 2.666666666933333545e+04 1.777777777955555575e+04 8.888888889777777877e+03 4.444444444888888938e+03 4.444444444888888938e+03 8.888888889777777877e+03 8.888888889777777877e+03 1.333333333466666591e+04 1.777777777955554193e+05 5.333333333866667090e+04 1.333333333466666591e+04 8.888888889777777877e+03 4.444444444888888938e+03 4.444444444888888938e+03 8.888888889777777877e+03
4.444444444888888938e+03 4.444444444888888938e+03 4.444444444888888938e+03 4.444444444888888938e+03 8.888888889777777877e+03 1.511111111262227641e+06 4.444444444888888938e+03 4.444444444888888938e+03 8.888888889777777877e+03 4.444444444888888938e+03 8.888888889777777877e+03 8.888888889777777877e+03 1.333333333466666591e+04 4.444444444888888938e+03 4.444444444888888938e+03 4.444444444888888938e+03 8.888888889777777877e+03 3.555555555911111151e+04 1.777777777955555575e+04 8.888888889777777877e+03 4.444444444888888938e+03 3.111111111422222457e+05 1.777777777955555575e+04 1.333333333466666591e+04 8.888888889777777877e+03 4.444444444888888938e+03 4.444444444888888938e+03 4.444444444888888938e+03 8.888888889777777877e+03 4.444444444888889120e+04 2.222222222444444560e+04 5.333333333866667090e+04 3.555555555911111151e+04 2.222222222444444560e+04 8.888888889777777877e+03 4.444444444888888938e+03 4.444444444888888938e+03
