output/field_example_test_lateral/area_000057.asc
nrows	150
cellsize	66.66666667
xllcorner	0
ncols	150
yllcorner	0
NODATA_value	-9999
[rows 51 to 67 of 150, columns 37 to 73 of 150]
4.444444444888888938e+03 4.444444444888888938e+03 1.777777777955555575e+04 3.555555555911111151e+04 5.777777778355556075e+04 8.000000000799998816e+04 9.777777778755551844e+04 1.155555555671110487e+05 8.488888889737762511e+05 4.444444444888888938e+03 8.888888889777777877e+03 4.444444444888888938e+03 4.444444444888888938e+03 4.444444444888888938e+03 4.444444444888888938e+03 4.444444444888888938e+03 4.444444444888888938e+03 8.888888889777777877e+03 1.333333333466666591e+04 1.777777777955555575e+04 2.222222222444444560e+04 5.333333333866667090e+04 1.288888889017776964e+05 8.400000000839985441e+05 8.888888889777777877e+03 4.444444444888888938e+03 3.555555555911111151e+04 8.888888889777777877e+03 4.444444444888888938e+03 1.777777777955555575e+04 4.444444444888888938e+03 4.444444444888888938e+03 4.444444444888888938e+03 4.444444444888888938e+03 4.444444444888888938e+03 4.444444444888888938e+03 4.444444444888888938e+03
4.444444444888888938e+03 4.444444444888888938e+03 8.888888889777777877e+03 8.888888889777777877e+03 8.888888889777777877e+03 4.444444444888888938e+03 4.444444444888888938e+03 4.444444444888888938e+03 4.444444444888888938e+03 8.755555556431093719e+05 4.444444444888888938e+03 4.444444444888888938e+03 8.888888889777777877e+03 8.888888889777777877e+03 8.888888889777777877e+03 4.444444444888888938e+03 4.444444444888888938e+03 1.333333333466666591e+04 1.777777777955555575e+04 2.222222222444444560e+04 2.666666666933333545e+04 4.444444444888888938e+03 4.444444444888888938e+03 4.444444444888888938e+03 9.466666667613310274e+05 4.444444444888888938e+03 5.333333333866667090e+04 4.444444444888888938e+03 8.888888889777777877e+03 2.666666666933333545e+04 8.888888889777777877e+03 4.444444444888888938e+03 4.444444444888888938e+03 4.444444444888888938e+03 4.444444444888888938e+03 4.444444444888888938e+03 8.888888889777777877e+03
4.444444444888888938e+03 4.444444444888888938e+03 4.444444444888888938e+03 4.444444444888888938e+03 4.444444444888888938e+03 8.888888889777777877e+03 1.333333333466666591e+04 1.777777777955555575e+04 2.222222222444444560e+04 9.644444445408864412e+05 6.222222222844445059e+04 5.333333333866667090e+04 4.000000000400000135e+04 2.666666666933333545e+04 1.333333333466666591e+04 4.444444444888888938e+03 4.444444444888888938e+03 4.444444444888888938e+03 1.333333333466666591e+04 2.222222222444444560e+04 3.555555555911111151e+04 4.888888889377778105e+04 6.666666667333334044e+04 8.444444445288887073e+04 4.444444444888888938e+03 1.013333333434663829e+06 4.444444444888888938e+03 4.444444444888888938e+03 1.333333333466666591e+04 4.888888889377778105e+04 8.888888889777777877e+03 4.444444444888888938e+03 4.444444444888888938e+03 8.888888889777777877e+03 8.888888889777777877e+03 8.888888889777777877e+03 4.444444444888888938e+03
4.444444444888888938e+03 4.444444444888888938e+03 4.444444444888888938e+03 8.888888889777777877e+03 1.333333333466666591e+04 1.777777777955555575e+04 2.222222222444444560e+04 2.666666666933333545e+04 3.111111111422222530e+04 1.044444444548885804e+06 4.444444444888888938e+03 4.444444444888888938e+03 4.444444444888888938e+03 4.444444444888888938e+03 4.444444444888888938e+03 4.444444444888888938e+03 4.444444444888888938e+03 4.444444444888888938e+03 4.444444444888888938e+03 8.888888889777777877e+03 8.888888889777777877e+03 1.333333333466666591e+04 1.333333333466666591e+04 4.444444444888888938e+03 3.555555555911111151e+04 1.066666666773330653e+06 1.777777777955555575e+04 4.444444444888888938e+03 6.666666667333334044e+04 4.444444444888888938e+03 8.888888889777777877e+03 4.444444444888888938e+03 4.444444444888888938e+03 8.888888889777777877e+03 1.333333333466666591e+04 1.333333333466666591e+04 1.333333333466666591e+04
4.444444444888888938e+03 4.444444444888888938e+03 8.888888889777777877e+03 4.444444444888888938e+03 8.888888889777777877e+03 1.777777777955555575e+04 2.666666666933333545e+04 3.555555555911111151e+04 4.444444444888889120e+04 4.444444444888888938e+03 1.066666666773330653e+06 8.888888889777777877e+03 8.888888889777777877e+03 8.888888889777777877e+03 4.444444444888888938e+03 1.333333333466666591e+04 4.444444444888888938e+03 4.444444444888888938e+03 4.444444444888888938e+03 4.444444444888888938e+03 8.888888889777777877e+03 8.888888889777777877e+03 1.333333333466666591e+04 2.666666666933333545e+04 1.333333333466666591e+04 1.333333333466666591e+04 1.111111111222220352e+06 4.444444444888888938e+03 7.111111111822222301e+04 1.777777777955555575e+04 8.888888889777777877e+03 4.444444444888888938e+03 4.444444444888888938e+03 8.888888889777777877e+03 1.333333333466666591e+04 3.111111111422222530e+04 4.444444444888888938e+03
4.444444444888888938e+03 8.888888889777777877e+03 1.777777777955555575e+04 4.444444444888888938e+03 4.444444444888888938e+03 4.444444444888888938e+03 4.444444444888888938e+03 4.444444444888888938e+03 4.444444444888888938e+03 4.444444444888888938e+03 4.444444444888888938e+03 1.115555555667109322e+06 2.222222222444444560e+04 8.888888889777777877e+03 4.444444444888888938e+03 2.222222222444444560e+04 8.888888889777777877e+03 4.444444444888888938e+03 4.444444444888888938e+03 4.444444444888888938e+03 4.444444444888888938e+03 8.888888889777777877e+03 8.888888889777777877e+03 8.888888889777777877e+03 8.888888889777777877e+03 8.888888889777777877e+03 8.888888889777777877e+03 1.133333333446665201e+06 4.444444444888888938e+03 1.022222222324444010e+05 8.888888889777777877e+03 4.444444444888888938e+03 4.444444444888888938e+03 8.888888889777777877e+03 3.555555555911111151e+04 4.444444444888888938e+03 3.452444444789154083e+07
1.333333333466666591e+04 2.222222222444444560e+04 5.333333333866667090e+04 8.888888889777777877e+03 4.444444444888888938e+03 4.444444444888888938e+03 4.444444444888888938e+03 8.888888889777777877e+03 1.333333333466666591e+04 2.222222222444444560e+04 4.444444444888888938e+03 1.124444444556887262e+06 4.444444444888888938e+03 4.444444444888888938e+03 8.888888889777777877e+03 3.555555555911111151e+04 8.888888889777777877e+03 8.888888889777777877e+03 4.444444444888888938e+03 4.444444444888888938e+03 4.444444444888888938e+03 4.444444444888888938e+03 4.444444444888888938e+03 4.444444444888888938e+03 4.444444444888888938e+03 4.444444444888888938e+03 4.444444444888888938e+03 4.444444444888888938e+03 1.164444444560887991e+06 1.271111111238223268e+06 1.333333333466666591e+04 4.444444444888888938e+03 1.333333333466666591e+04 4.444444444888888938e+03 4.444444444888888938e+03 3.459555555900973827e+07 2.666666666933333545e+04
4.444444444888888938e+03 4.444444444888888938e+03 8.888888889777777877e+03 7.555555556311110558e+04 8.888888889777777877e+03 8.888888889777777877e+03 4.444444444888888938e+03 8.888888889777777877e+03 1.777777777955555575e+04 2.666666666933333545e+04 1.191111111230221810e+06 4.444444444888888938e+03 4.444444444888888938e+03 8.888888889777777877e+03 4.888888889377778105e+04 1.333333333466666591e+04 1.333333333466666591e+04 8.888888889777777877e+03 8.888888889777777877e+03 4.444444444888888938e+03 4.444444444888888938e+03 4.444444444888888938e+03 4.444444444888888938e+03 4.444444444888888938e+03 4.444444444888888938e+03 4.444444444888888938e+03 8.888888889777777877e+03 1.333333333466666591e+04 4.444444444888888938e+03 4.444444444888888938e+03 1.302222222352446057e+06 4.444444444888888938e+03 4.444444444888888938e+03 3.521777778129396588e+07 3.460888889234440029e+07 4.444444444888888938e+03 8.888888889777777877e+03
4.444444444888888938e+03 8.888888889777777877e+03 4.444444444888888938e+03 4.444444444888888938e+03 8.888888889777775330e+04 1.333333333466666591e+04 4.444444444888888938e+03 4.444444444888888938e+03 4.444444444888888938e+03 8.888888889777777877e+03 8.888888889777777877e+03 1.222222222344444599e+06 4.444444444888888938e+03 6.222222222844445059e+04 4.444444444888888938e+03 3.111111111422222530e+04 1.333333333466666591e+04 1.333333333466666591e+04 8.888888889777777877e+03 4.444444444888888938e+03 4.444444444888888938e+03 8.888888889777777877e+03 8.888888889777777877e+03 1.333333333466666591e+04 4.444444444888888938e+03 8.888888889777777877e+03 4.444444444888888938e+03 4.444444444888888938e+03 4.444444444888888938e+03 4.444444444888888938e+03 4.444444444888888938e+03 3.655111111476016790e+07 3.523555555907351524e+07 8.888888889777777877e+03 5.866666667253338965e+05 4.444444444888888938e+03 4.444444444888888938e+03
4.444444444888888938e+03 8.888888889777777877e+03 1.333333333466666591e+04 8.888888889777777877e+03 9.777777778755551844e+04 2.222222222444444560e+04 4.444444444888888938e+03 4.444444444888888938e+03 4.444444444888888938e+03 4.444444444888888938e+03 8.888888889777777877e+03 8.888888889777777877e+03 1.306666666797335027e+06 4.444444444888888938e+03 4.000000000400000135e+04 1.777777777955555575e+04 1.777777777955555575e+04 1.333333333466666591e+04 8.888888889777777877e+03 4.444444444888888938e+03 4.444444444888888938e+03 8.888888889777777877e+03 1.333333333466666591e+04 2.666666666933333545e+04 8.888888889777777877e+03 4.444444444888888938e+03 1.333333333466666591e+04 8.888888889777777877e+03 8.888888889777777877e+03 8.888888889777777877e+03 4.444444444888888938e+03 3.657333333698460460e+07 8.888888889777777877e+03 4.444444444888888938e+03 4.444444444888888938e+03 5.733333333906673361e+05 4.444444444888888938e+03
9.777777778755551844e+04 4.444444444888888938e+03 1.777777777955555575e+04 2.177777777995553624e+05 4.444444444888888938e+03 1.288888889017776964e+05 4.444444444888888938e+03 8.888888889777777877e+03 4.444444444888888938e+03 4.444444444888888938e+03 4.444444444888888938e+03 4.444444444888888938e+03 8.888888889777777877e+03 1.328888889021779876e+06 1.413333333474670304e+06 2.222222222444444560e+04 1.777777777955555575e+04 1.333333333466666591e+04 8.888888889777777877e+03 4.444444444888888938e+03 4.444444444888888938e+03 8.888888889777777877e+03 1.333333333466666591e+04 1.777777777955555575e+04 4.000000000400000135e+04 4.444444444888888938e+03 8.888888889777777877e+03 1.777777777955555575e+04 4.000000000400000135e+04 4.444444444888888938e+03 3.659555555920904130e+07 4.444444444888888938e+03 8.888888889777777877e+03 4.444444444888888938e+03 8.888888889777777877e+03 4.444444444888888938e+03 5.466666667213342153e+05
2.222222222444444560e+04 1.333333333466665936e+05 1.733333333506665367e+05 4.444444444888888938e+03 2.488888889137775404e+05 2.533333333586664230e+05 4.000000000400004792e+05 4.444444444888888938e+03 8.888888889777777877e+03 4.444444444888888938e+03 4.444444444888888938e+03 4.444444444888888938e+03 4.444444444888888938e+03 8.888888889777777877e+03 1.431111111254226184e+06 4.444444444888888938e+03 3.555555555911111151e+04 1.333333333466666591e+04 8.888888889777777877e+03 4.444444444888888938e+03 4.444444444888888938e+03 8.888888889777777877e+03 1.333333333466666591e+04 1.777777777955555575e+04 6.222222222844445059e+04 8.888888889777777877e+03 4.444444444888888938e+03 1.333333333466666591e+04 4.444444444888888938e+03 3.671555555922099948e+07 4.444444444888888938e+03 2.222222222444444560e+04 8.888888889777777877e+03 4.444444444888888938e+03 4.444444444888888938e+03 4.444444444888888938e+03 9.777777778755551844e+04
8.888888889777777877e+03 1.333333333466666591e+04 2.222222222444444560e+04 4.444444444888888938e+03 1.333333333466666591e+04 1.333333333466666591e+04 2.666666666933333545e+04 4.622222222684452427e+05 4.800000000480008894e+05 4.444444444888888938e+03 8.888888889777777877e+03 4.444444444888888938e+03 4.444444444888888938e+03 4.444444444888888938e+03 4.444444444888888938e+03 1.457777777923560003e+06 1.511111111262227641e+06 1.333333333466666591e+04 8.888888889777777877e+03 4.444444444888888938e+03 8.888888889777777877e+03 4.444444444888888938e+03 1.333333333466666591e+04 1.777777777955555575e+04 1.022222222324444010e+05 1.333333333466666591e+04 4.444444444888888938e+03 2.666666666933333545e+04 3.676888889255964756e+07 4.444444444888888938e+03 6.666666667333334044e+04 1.333333333466666591e+04 8.888888889777777877e+03 4.444444444888888938e+03 4.444444444888888938e+03 8.444444445288887073e+04 8.888888889777777877e+03
8.888888889777777877e+03 8.888888889777777877e+03 8.888888889777777877e+03 8.888888889777777877e+03 8.888888889777777877e+03 8.888888889777777877e+03 2.222222222444444560e+04 4.444444444888888938e+03 1.777777777955555575e+04 5.244444444968899479e+05 5.422222222764453618e+05 4.444444444888888938e+03 4.444444444888888938e+03 4.444444444888888938e+03 4.444444444888888938e+03 8.888888889777777877e+03 4.444444444888888938e+03 1.551111111266228370e+06 8.888888889777777877e+03 4.444444444888888938e+03 1.333333333466666591e+04 4.444444444888888938e+03 8.888888889777777877e+03 1.777777777955555575e+04 4.444444444888888938e+03 1.200000000119999313e+05 4.444444444888888938e+03 3.684000000367784500e+07 4.444444444888888938e+03 4.000000000400000135e+04 1.333333333466666591e+04 1.333333333466666591e+04 8.888888889777777877e+03 4.444444444888888938e+03 4.444444444888888938e+03 7.111111111822222301e+04 4.444444444888888938e+03
4.444444444888888938e+03 4.444444444888888938e+03 4.444444444888888938e+03 4.444444444888888938e+03 4.444444444888888938e+03 8.888888889777777877e+03 8.888888889777777877e+03 1.333333333466666591e+04 1.333333333466666591e+04 4.444444444888888938e+03 2.666666666933333545e+04 5.911111111702227499e+05 6.088888889497781638e+05 4.444444444888888938e+03 4.444444444888888938e+03 4.444444444888888938e+03 1.333333333466666591e+04 1.573333333490673220e+06 8.888888889777777877e+03 4.444444444888888938e+03 4.444444444888888938e+03 2.222222222444444560e+04 1.333333333466666591e+04 4.444444444888888938e+03 2.666666666933333545e+04 3.703111111480800062e+07 3.690666667035115510e+07 2.222222222444444560e+04 3.555555555911111151e+04 1.777777777955555575e+04 1.777777777955555575e+04 8.888888889777777877e+03 8.888888889777777877e+03 4.444444444888888938e+03 4.444444444888888938e+03 5.777777778355556075e+04 4.444444444888888938e+03
4.444444444888888938e+03 4.444444444888888938e+03 4.444444444888888938e+03 4.444444444888888938e+03 4.444444444888888938e+03 4.444444444888888938e+03 8.888888889777777877e+03 8.888888889777777877e+03 8.888888889777777877e+03 2.222222222444444560e+04 1.333333333466666591e+04 1.333333333466666591e+04 6.355555556191112846e+05 4.444444444888888938e+03 4.444444444888888938e+03 4.444444444888888938e+03 4.444444444888888938e+03 4.444444444888888938e+03 1.600000000160007039e+06 4.444444444888888938e+03 8.888888889777777877e+03 4.444444444888888938e+03 2.666666666933333545e+04 3.712888889259552211e+07 3.710666667037108541e+07 4.000000000400000135e+04 3.555555555911111151e+04 1.777777777955555575e+04 1.777777777955555575e+04 1.333333333466666591e+04 1.333333333466666591e+04 1.333333333466666591e+04 4.444444444888888938e+03 4.444444444888888938e+03 8.888888889777777877e+03 4.000000000400000135e+04 4.444444444888888938e+03
8.888888889777777877e+03 8.888888889777777877e+03 1.333333333466666591e+04 8.888888889777777877e+03 4.444444444888888938e+03 4.444444444888888938e+03 4.444444444888888938e+03 4.444444444888888938e+03 8.888888889777777877e+03 8.888888889777777877e+03 8.888888889777777877e+03 8.888888889777777877e+03 8.888888889777777877e+03 6.622222222884444054e+05 4.444444444888888938e+03 4.444444444888888938e+03 4.444444444888888938e+03 4.444444444888888938e+03 4.444444444888888938e+03 1.613333333494673949e+06 1.333333333466666591e+04 8.888888889777777877e+03 3.718666667037905753e+07 8.888888889777777877e+03 4.444444444888888938e+03 3.111111111422222530e+04 4.444444444888888938e+03 3.111111111422222530e+04 1.333333333466666591e+04 1.333333333466666591e+04 8.888888889777777877e+03 8.888888889777777877e+03 8.888888889777777877e+03 4.444444444888888938e+03 4.444444444888888938e+03 1.777777777955555575e+04 1.333333333466666591e+04
