output/field_example_test_lateral/area_000051.asc
nrows	150
cellsize	66.66666667
xllcorner	0
ncols	150
yllcorner	0
NODATA_value	-9999
[rows 102 to 118 of 150, columns 0 to 36 of 150]
4.444444444888888938e+03 4.444444444888888938e+03 4.444444444888888938e+03 8.888888889777777877e+03 8.888888889777777877e+03 8.888888889777777877e+03 4.444444444888888938e+03 8.888888889777777877e+03 2.222222222444444560e+04 8.888888889777777877e+03 4.444444444888888938e+03 1.111111111222221662e+05 7.111111111822222301e+04 5.333333333866667090e+04 4.000000000400000135e+04 2.666666666933333545e+04 1.777777777955555575e+04 8.888888889777777877e+03 4.444444444888888938e+03 4.444444444888888938e+03 4.444444444888888938e+03 4.444444444888888938e+03 4.444444444888888938e+03 4.444444444888888938e+03 4.444444444888888938e+03 4.444444444888888938e+03 4.444444444888888938e+03 4.444444444888888938e+03 4.444444444888888938e+03 1.075555555663108593e+06 4.444444444888888938e+03 4.444444444888888938e+03 4.444444444888888938e+03 1.333333333466666591e+04 8.888888889777777877e+03 4.444444444888888938e+03 4.444444444888888938e+03
6.400000000640001381e+05 6.400000000640001381e+05 6.355555556191112846e+05 1.333333333466666591e+04 1.333333333466666591e+04 8.888888889777777877e+03 4.444444444888888938e+03 4.444444444888888938e+03 2.488888889137775404e+05 2.088888889097775973e+05 1.866666666853331844e+05 6.666666667333334044e+04 5.777777778355556075e+04 4.888888889377778105e+04 4.000000000400000135e+04 3.111111111422222530e+04 2.222222222444444560e+04 1.333333333466666591e+04 4.444444444888888938e+03 4.444444444888888938e+03 4.444444444888888938e+03 4.444444444888888938e+03 4.444444444888888938e+03 4.444444444888888938e+03 4.444444444888888938e+03 4.444444444888888938e+03 4.444444444888888938e+03 8.888888889777777877e+03 4.800000000480008894e+05 4.444444444888888938e+03 5.777777778355561895e+05 4.444444444888888938e+03 2.666666666933333545e+04 8.888888889777777877e+03 4.444444444888888938e+03 8.888888889777777877e+03 4.444444444888888938e+03
4.444444444888888938e+03 4.444444444888888938e+03 4.444444444888888938e+03 6.000000000600004569e+05 5.866666667253338965e+05 4.444444444888888938e+03 2.711111111382220406e+05 2.622222222484442173e+05 4.444444444888888938e+03 4.444444444888888938e+03 4.444444444888888938e+03 4.444444444888888938e+03 4.444444444888888938e+03 4.444444444888888938e+03 4.444444444888888938e+03 4.444444444888888938e+03 4.444444444888888938e+03 4.444444444888888938e+03 4.444444444888888938e+03 4.444444444888888938e+03 8.888888889777777877e+03 8.888888889777777877e+03 8.888888889777777877e+03 8.888888889777777877e+03 8.888888889777777877e+03 1.333333333466666591e+04 4.444444444888888938e+03 4.444444444888888938e+03 4.622222222684452427e+05 2.222222222444444560e+04 4.444444444888888938e+03 5.377777778315565083e+05 4.444444444888888938e+03 4.444444444888888938e+03 1.333333333466666591e+04 8.888888889777777877e+03 8.888888889777777877e+03
8.888888889777777877e+03 8.888888889777777877e+03 4.444444444888888938e+03 8.888888889777777877e+03 4.444444444888888938e+03 5.511111111662230687e+05 2.533333333586664230e+05 8.888888889777777877e+03 4.444444444888888938e+03 4.444444444888888938e+03 4.444444444888888938e+03 4.444444444888888938e+03 4.444444444888888938e+03 4.444444444888888938e+03 4.444444444888888938e+03 4.444444444888888938e+03 4.444444444888888938e+03 4.444444444888888938e+03 4.444444444888888938e+03 4.444444444888888938e+03 8.888888889777777877e+03 1.333333333466666591e+04 1.333333333466666591e+04 1.333333333466666591e+04 2.666666666933333545e+04 1.555555555711110064e+05 4.444444444888888938e+03 4.488888889337785076e+05 4.444444444888888938e+03 1.333333333466666591e+04 4.444444444888888938e+03 8.888888889777777877e+03 4.933333333826676244e+05 6.666666667333334044e+04 4.888888889377778105e+04 3.555555555911111151e+04 2.222222222444444560e+04
8.888888889777777877e+03 8.888888889777777877e+03 4.444444444888888938e+03 4.444444444888888938e+03 8.888888889777777877e+03 1.333333333466666591e+04 1.333333333466666591e+04 2.266666666893331276e+05 1.911111111302220670e+05 8.888888889777777877e+03 4.444444444888888938e+03 6.222222222844445059e+04 4.888888889377778105e+04 4.000000000400000135e+04 3.111111111422222530e+04 2.222222222444444560e+04 1.333333333466666591e+04 4.444444444888888938e+03 4.444444444888888938e+03 1.777777777955555575e+04 3.111111111422222530e+04 4.888888889377778105e+04 7.111111111822222301e+04 9.333333334266663587e+04 1.022222222324444010e+05 4.444444444888888938e+03 4.222222222644450376e+05 4.444444444888888938e+03 8.888888889777777877e+03 8.888888889777777877e+03 4.444444444888888938e+03 4.000000000400000135e+04 4.444444444888888938e+03 3.733333333706670091e+05 4.888888889377778105e+04 4.000000000400000135e+04 3.111111111422222530e+04
1.333333333466666591e+04 1.333333333466666591e+04 8.888888889777777877e+03 4.444444444888888938e+03 4.444444444888888938e+03 8.888888889777777877e+03 8.888888889777777877e+03 1.333333333466666591e+04 1.777777777955555575e+04 1.733333333506665367e+05 1.333333333466665936e+05 5.777777778355556075e+04 4.444444444888889120e+04 3.555555555911111151e+04 2.666666666933333545e+04 1.777777777955555575e+04 8.888888889777777877e+03 4.444444444888888938e+03 4.444444444888888938e+03 4.444444444888888938e+03 4.444444444888888938e+03 4.444444444888888938e+03 4.444444444888888938e+03 4.444444444888888938e+03 4.444444444888888938e+03 2.355555555791108927e+05 1.333333333466666591e+04 8.888888889777777877e+03 4.444444444888888938e+03 4.444444444888888938e+03 2.666666666933333545e+04 8.888888889777777877e+03 4.444444444888888938e+03 3.200000000320000690e+05 4.444444444888888938e+03 4.444444444888888938e+03 4.444444444888888938e+03
1.777777777955555575e+04 1.777777777955555575e+04 1.333333333466666591e+04 8.888888889777777877e+03 4.444444444888888938e+03 4.444444444888888938e+03 4.444444444888888938e+03 8.888888889777777877e+03 1.333333333466666591e+04 2.222222222444444560e+04 8.888888889777777877e+03 8.888888889777777877e+03 8.888888889777777877e+03 4.444444444888888938e+03 4.444444444888888938e+03 4.444444444888888938e+03 4.444444444888888938e+03 4.444444444888888938e+03 4.444444444888888938e+03 4.444444444888888938e+03 4.444444444888888938e+03 4.444444444888888938e+03 4.444444444888888938e+03 4.444444444888888938e+03 4.444444444888888938e+03 2.088888889097775973e+05 1.333333333466666591e+04 8.888888889777777877e+03 4.444444444888888938e+03 4.444444444888888938e+03 1.777777777955555575e+04 4.444444444888888938e+03 4.444444444888888938e+03 9.333333334266663587e+04 2.088888889097775973e+05 1.333333333466666591e+04 8.888888889777777877e+03
1.333333333466666591e+04 1.333333333466666591e+04 8.888888889777777877e+03 4.444444444888888938e+03 4.444444444888888938e+03 4.444444444888888938e+03 4.444444444888888938e+03 4.444444444888888938e+03 8.888888889777777877e+03 1.333333333466666591e+04 4.444444444888888938e+03 4.444444444888888938e+03 4.444444444888888938e+03 4.444444444888888938e+03 4.444444444888888938e+03 4.444444444888888938e+03 8.888888889777777877e+03 8.888888889777777877e+03 4.444444444888888938e+03 4.444444444888888938e+03 1.777777777955555575e+04 3.111111111422222530e+04 4.888888889377778105e+04 1.066666666773332836e+05 1.555555555711110064e+05 3.555555555911111151e+04 1.333333333466666591e+04 8.888888889777777877e+03 4.444444444888888938e+03 4.444444444888888938e+03 8.888888889777777877e+03 4.444444444888888938e+03 6.222222222844445059e+04 2.666666666933333545e+04 1.822222222404443019e+05 8.888888889777777877e+03 4.444444444888888938e+03
4.444444444888888938e+03 4.444444444888888938e+03 4.444444444888888938e+03 8.888888889777777877e+03 8.888888889777777877e+03 8.888888889777777877e+03 4.444444444888888938e+03 4.444444444888888938e+03 4.444444444888888938e+03 4.444444444888888938e+03 4.444444444888888938e+03 4.444444444888888938e+03 4.444444444888888938e+03 4.444444444888888938e+03 1.333333333466666591e+04 1.333333333466666591e+04 1.333333333466666591e+04 8.888888889777777877e+03 4.444444444888888938e+03 4.444444444888888938e+03 4.444444444888888938e+03 8.888888889777777877e+03 8.888888889777777877e+03 3.555555555911111151e+04 4.444444444888889120e+04 1.777777777955555575e+04 1.333333333466666591e+04 8.888888889777777877e+03 4.444444444888888938e+03 4.444444444888888938e+03 8.888888889777777877e+03 4.888888889377778105e+04 4.444444444888888938e+03 2.222222222444444560e+04 2.666666666933333545e+04 1.511111111262221239e+05 1.155555555671110487e+05
9.333333334266663587e+04 9.333333334266663587e+04 8.000000000799998816e+04 6.222222222844445059e+04 4.444444444888889120e+04 2.666666666933333545e+04 1.333333333466666591e+04 4.444444444888888938e+03 4.444444444888888938e+03 4.444444444888888938e+03 4.444444444888888938e+03 4.444444444888888938e+03 1.333333333466666591e+04 8.888888889777777877e+03 3.111111111422222530e+04 1.777777777955555575e+04 1.333333333466666591e+04 8.888888889777777877e+03 4.444444444888888938e+03 4.444444444888888938e+03 4.444444444888888938e+03 4.444444444888888938e+03 8.888888889777777877e+03 2.222222222444444560e+04 2.666666666933333545e+04 1.333333333466666591e+04 1.333333333466666591e+04 8.888888889777777877e+03 4.444444444888888938e+03 4.444444444888888938e+03 8.888888889777777877e+03 2.666666666933333545e+04 1.333333333466666591e+04 4.444444444888888938e+03 2.222222222444444560e+04 1.333333333466666591e+04 1.777777777955555575e+04
4.444444444888888938e+03 4.444444444888888938e+03 4.444444444888888938e+03 4.444444444888888938e+03 4.444444444888888938e+03 4.444444444888888938e+03 4.444444444888888938e+03 4.444444444888888938e+03 8.888888889777777877e+03 8.888888889777777877e+03 8.888888889777777877e+03 4.444444444888888938e+03 2.222222222444444560e+04 4.444444444888889120e+04 2.222222222444444560e+04 1.777777777955555575e+04 1.333333333466666591e+04 8.888888889777777877e+03 8.888888889777777877e+03 4.444444444888888938e+03 4.444444444888888938e+03 4.444444444888888938e+03 4.444444444888888938e+03 1.333333333466666591e+04 1.333333333466666591e+04 8.888888889777777877e+03 8.888888889777777877e+03 8.888888889777777877e+03 4.444444444888888938e+03 4.444444444888888938e+03 8.888888889777777877e+03 1.333333333466666591e+04 8.888888889777777877e+03 4.444444444888888938e+03 1.333333333466666591e+04 8.888888889777777877e+03 1.333333333466666591e+04
1.333333333466666591e+04 1.333333333466666591e+04 8.888888889777777877e+03 4.444444444888888938e+03 4.444444444888888938e+03 4.444444444888888938e+03 4.444444444888888938e+03 8.888888889777777877e+03 1.333333333466666591e+04 1.333333333466666591e+04 1.333333333466666591e+04 8.888888889777777877e+03 7.111111111822222301e+04 2.666666666933333545e+04 2.222222222444444560e+04 1.777777777955555575e+04 1.333333333466666591e+04 1.333333333466666591e+04 8.888888889777777877e+03 8.888888889777777877e+03 4.444444444888888938e+03 4.444444444888888938e+03 4.444444444888888938e+03 4.444444444888888938e+03 4.444444444888888938e+03 4.444444444888888938e+03 4.444444444888888938e+03 4.444444444888888938e+03 4.444444444888888938e+03 4.444444444888888938e+03 4.444444444888888938e+03 4.444444444888888938e+03 4.444444444888888938e+03 4.444444444888888938e+03 4.444444444888888938e+03 4.444444444888888938e+03 8.888888889777777877e+03
8.888888889777777877e+03 8.888888889777777877e+03 4.444444444888888938e+03 4.444444444888888938e+03 8.888888889777777877e+03 8.888888889777777877e+03 8.888888889777777877e+03 1.333333333466666591e+04 1.777777777955555575e+04 1.777777777955555575e+04 4.444444444888888938e+03 3.333333333666668041e+05 2.311111111342220102e+05 1.911111111302220670e+05 1.511111111262221239e+05 1.155555555671110487e+05 8.444444445288887073e+04 5.777777778355556075e+04 3.555555555911111151e+04 1.777777777955555575e+04 8.888888889777777877e+03 4.444444444888888938e+03 4.444444444888888938e+03 4.444444444888888938e+03 4.444444444888888938e+03 4.444444444888888938e+03 4.444444444888888938e+03 4.444444444888888938e+03 4.444444444888888938e+03 4.444444444888888938e+03 4.444444444888888938e+03 4.444444444888888938e+03 4.444444444888888938e+03 4.444444444888888938e+03 4.444444444888888938e+03 4.444444444888888938e+03 4.444444444888888938e+03
4.444444444888888938e+03 4.444444444888888938e+03 4.444444444888888938e+03 8.888888889777777877e+03 2.222222222444444560e+04 4.444444444888888938e+03 2.666666666933333545e+04 4.444444444888888938e+03 4.000000000400000135e+04 4.444444444888888938e+03 4.444444444888888938e+03 3.511111111462224508e+05 8.888888889777777877e+03 8.888888889777777877e+03 1.333333333466666591e+04 1.333333333466666591e+04 1.333333333466666591e+04 8.888888889777777877e+03 8.888888889777777877e+03 4.444444444888888938e+03 4.444444444888888938e+03 4.444444444888888938e+03 1.333333333466666591e+04 8.888888889777777877e+03 8.888888889777777877e+03 1.333333333466666591e+04 8.888888889777777877e+03 4.444444444888888938e+03 4.444444444888888938e+03 8.888888889777777877e+03 1.333333333466666591e+04 8.888888889777777877e+03 8.888888889777777877e+03 1.333333333466666591e+04 8.888888889777777877e+03 4.444444444888888938e+03 4.444444444888888938e+03
7.911111111902211560e+05 7.911111111902211560e+05 7.866666667453323025e+05 7.555555556311103282e+05 7.333333334066660609e+05 7.022222222924440866e+05 6.488888889537778450e+05 6.133333333946670173e+05 5.866666667253338965e+05 5.377777778315565083e+05 3.644444444808891858e+05 4.444444444888888938e+03 4.444444444888888938e+03 4.444444444888888938e+03 4.444444444888888938e+03 8.888888889777777877e+03 8.888888889777777877e+03 8.888888889777777877e+03 4.444444444888888938e+03 4.444444444888888938e+03 4.444444444888888938e+03 8.888888889777777877e+03 2.222222222444444560e+04 1.333333333466666591e+04 1.333333333466666591e+04 2.666666666933333545e+04 8.888888889777777877e+03 4.444444444888888938e+03 4.444444444888888938e+03 8.888888889777777877e+03 2.666666666933333545e+04 1.333333333466666591e+04 1.333333333466666591e+04 2.666666666933333545e+04 8.888888889777777877e+03 8.888888889777777877e+03 8.888888889777777877e+03
4.444444444888888938e+03 4.444444444888888938e+03 2.222222222444444560e+04 8.888888889777777877e+03 4.444444444888888938e+03 4.444444444888889120e+04 4.444444444888888938e+03 1.777777777955555575e+04 4.444444444888888938e+03 8.888888889777777877e+03 1.555555555711110064e+05 8.888888889777777877e+03 4.444444444888888938e+03 4.444444444888888938e+03 4.444444444888888938e+03 4.444444444888888938e+03 4.444444444888888938e+03 4.444444444888888938e+03 4.444444444888888938e+03 4.444444444888888938e+03 4.444444444888888938e+03 8.888888889777777877e+03 3.555555555911111151e+04 1.777777777955555575e+04 1.777777777955555575e+04 4.000000000400000135e+04 8.888888889777777877e+03 4.444444444888888938e+03 4.444444444888888938e+03 8.888888889777777877e+03 4.000000000400000135e+04 1.777777777955555575e+04 4.444444444888888938e+03 5.333333333866667090e+04 1.333333333466666591e+04 1.333333333466666591e+04 8.888888889777777877e+03
4.444444444888888938e+03 4.444444444888888938e+03 4.444444444888888938e+03 1.333333333466666591e+04 4.444444444888888938e+03 8.888888889777777877e+03 3.111111111422222530e+04 4.444444444888888938e+03 8.888888889777777877e+03 4.444444444888888938e+03 3.111111111422222530e+04 1.111111111222221662e+05 7.111111111822222301e+04 5.333333333866667090e+04 3.555555555911111151e+04 1.777777777955555575e+04 8.888888889777777877e+03 4.444444444888888938e+03 4.444444444888888938e+03 4.444444444888888938e+03 8.888888889777777877e+03 8.888888889777777877e+03 1.333333333466666591e+04 7.555555556311110558e+04 4.444444444888888938e+03 5.333333333866667090e+04 8.888888889777777877e+03 4.444444444888888938e+03 4.444444444888888938e+03 8.888888889777777877e+03 7.111111111822222301e+04 4.444444444888888938e+03 4.444444444888888938e+03 7.555555556311110558e+04 1.777777777955555575e+04 2.666666666933333545e+04 1.333333333466666591e+04
