output/field_example_test_lateral/area_000058.asc
nrows	150
cellsize	66.66666667
xllcorner	0
ncols	150
yllcorner	0
NODATA_value	-9999
[rows 51 to 67 of 150, columns 37 to 73 of 150]
4.444444444888888938e+03 4.444444444888888938e+03 1.777777777955555575e+04 3.555555555911111151e+04 5.777777778355556075e+04 8.444444445288887073e+04 1.066666666773332836e+05 1.288888889017776964e+05 8.177777778595542768e+05 4.444444444888888938e+03 4.444444444888888938e+03 4.444444444888888938e+03 4.444444444888888938e+03 4.444444444888888938e+03 4.444444444888888938e+03 4.444444444888888938e+03 4.444444444888888938e+03 8.888888889777777877e+03 1.333333333466666591e+04 1.777777777955555575e+04 2.222222222444444560e+04 5.333333333866667090e+04 6.222222222844445059e+04 8.622222223084428115e+05 8.888888889777777877e+03 4.444444444888888938e+03 3.555555555911111151e+04 8.888888889777777877e+03 4.444444444888888938e+03 1.777777777955555575e+04 4.444444444888888938e+03 4.444444444888888938e+03 4.444444444888888938e+03 4.444444444888888938e+03 4.444444444888888938e+03 4.444444444888888938e+03 2.924444444736876525e+06
4.444444444888888938e+03 4.444444444888888938e+03 8.888888889777777877e+03 8.888888889777777877e+03 8.888888889777777877e+03 4.444444444888888938e+03 4.444444444888888938e+03 4.444444444888888938e+03 4.444444444888888938e+03 8.444444445288873976e+05 8.888888889777777877e+03 4.444444444888888938e+03 8.888888889777777877e+03 8.888888889777777877e+03 8.888888889777777877e+03 4.444444444888888938e+03 4.444444444888888938e+03 1.333333333466666591e+04 1.777777777955555575e+04 2.222222222444444560e+04 2.666666666933333545e+04 4.444444444888888938e+03 4.444444444888888938e+03 4.444444444888888938e+03 8.888888889777759323e+05 4.444444444888888938e+03 5.777777778355556075e+04 8.888888889777777877e+03 4.444444444888888938e+03 2.666666666933333545e+04 4.444444444888888938e+03 4.444444444888888938e+03 4.444444444888888938e+03 4.444444444888888938e+03 4.444444444888888938e+03 8.888888889777777877e+03 4.444444444888888938e+03
4.444444444888888938e+03 4.444444444888888938e+03 4.444444444888888938e+03 4.444444444888888938e+03 4.444444444888888938e+03 8.888888889777777877e+03 1.333333333466666591e+04 1.777777777955555575e+04 2.222222222444444560e+04 9.333333334266644670e+05 6.222222222844445059e+04 5.333333333866667090e+04 4.000000000400000135e+04 2.666666666933333545e+04 1.333333333466666591e+04 4.444444444888888938e+03 4.444444444888888938e+03 4.444444444888888938e+03 1.333333333466666591e+04 2.222222222444444560e+04 3.555555555911111151e+04 4.888888889377778105e+04 6.666666667333334044e+04 8.444444445288887073e+04 9.822222223204418551e+05 6.222222222844445059e+04 4.444444444888888938e+03 4.444444444888888938e+03 8.888888889777777877e+03 4.444444444888889120e+04 8.888888889777777877e+03 4.444444444888888938e+03 4.444444444888888938e+03 8.888888889777777877e+03 8.888888889777777877e+03 4.444444444888888938e+03 4.444444444888888938e+03
4.444444444888888938e+03 4.444444444888888938e+03 4.444444444888888938e+03 8.888888889777777877e+03 1.333333333466666591e+04 1.777777777955555575e+04 2.222222222444444560e+04 2.666666666933333545e+04 3.111111111422222530e+04 9.733333334306641482e+05 4.444444444888888938e+03 4.444444444888888938e+03 4.444444444888888938e+03 4.444444444888888938e+03 4.444444444888888938e+03 4.444444444888888938e+03 4.444444444888888938e+03 4.444444444888888938e+03 4.444444444888888938e+03 8.888888889777777877e+03 8.888888889777777877e+03 1.333333333466666591e+04 1.333333333466666591e+04 4.444444444888888938e+03 3.111111111422222530e+04 1.097777777887553442e+06 4.444444444888888938e+03 4.444444444888888938e+03 6.222222222844445059e+04 4.444444444888888938e+03 8.888888889777777877e+03 4.444444444888888938e+03 4.444444444888888938e+03 8.888888889777777877e+03 1.333333333466666591e+04 1.333333333466666591e+04 2.222222222444444560e+04
4.444444444888888938e+03 4.444444444888888938e+03 8.888888889777777877e+03 4.444444444888888938e+03 8.888888889777777877e+03 1.777777777955555575e+04 2.666666666933333545e+04 3.555555555911111151e+04 4.444444444888889120e+04 1.026666666769330390e+06 8.888888889777777877e+03 8.888888889777777877e+03 8.888888889777777877e+03 8.888888889777777877e+03 4.444444444888888938e+03 1.333333333466666591e+04 4.444444444888888938e+03 4.444444444888888938e+03 4.444444444888888938e+03 4.444444444888888938e+03 8.888888889777777877e+03 8.888888889777777877e+03 1.333333333466666591e+04 2.666666666933333545e+04 1.333333333466666591e+04 1.333333333466666591e+04 1.133333333446665201e+06 4.444444444888888938e+03 7.111111111822222301e+04 1.333333333466666591e+04 8.888888889777777877e+03 4.444444444888888938e+03 4.444444444888888938e+03 8.888888889777777877e+03 1.333333333466666591e+04 1.777777777955555575e+04 4.444444444888888938e+03
4.444444444888888938e+03 8.888888889777777877e+03 1.777777777955555575e+04 4.444444444888888938e+03 4.444444444888888938e+03 4.444444444888888938e+03 4.444444444888888938e+03 4.444444444888888938e+03 4.444444444888888938e+03 4.444444444888888938e+03 1.075555555663108593e+06 1.333333333466666591e+04 1.333333333466666591e+04 8.888888889777777877e+03 4.444444444888888938e+03 2.222222222444444560e+04 8.888888889777777877e+03 4.444444444888888938e+03 4.444444444888888938e+03 4.444444444888888938e+03 4.444444444888888938e+03 8.888888889777777877e+03 8.888888889777777877e+03 8.888888889777777877e+03 8.888888889777777877e+03 8.888888889777777877e+03 1.333333333466666591e+04 1.173333333450665930e+06 1.262222222348445328e+06 1.333333333466666591e+04 8.888888889777777877e+03 4.444444444888888938e+03 4.444444444888888938e+03 8.888888889777777877e+03 3.555555555911111151e+04 4.444444444888888938e+03 3.455111111456086487e+07
1.333333333466666591e+04 2.222222222444444560e+04 5.333333333866667090e+04 8.888888889777777877e+03 4.444444444888888938e+03 4.444444444888888938e+03 8.888888889777777877e+03 1.333333333466666591e+04 1.777777777955555575e+04 2.222222222444444560e+04 4.444444444888888938e+03 1.115555555667109322e+06 1.333333333466666591e+04 4.444444444888888938e+03 8.888888889777777877e+03 3.555555555911111151e+04 8.888888889777777877e+03 8.888888889777777877e+03 4.444444444888888938e+03 4.444444444888888938e+03 4.444444444888888938e+03 4.444444444888888938e+03 4.444444444888888938e+03 4.444444444888888938e+03 4.444444444888888938e+03 8.888888889777777877e+03 8.888888889777777877e+03 8.888888889777777877e+03 8.888888889777777877e+03 1.302222222352446057e+06 4.444444444888888938e+03 4.444444444888888938e+03 1.333333333466666591e+04 4.444444444888888938e+03 4.444444444888888938e+03 3.462222222567906231e+07 4.444444444888888938e+03
4.444444444888888938e+03 4.444444444888888938e+03 4.444444444888888938e+03 7.111111111822222301e+04 8.888888889777777877e+03 4.444444444888888938e+03 4.444444444888888938e+03 8.888888889777777877e+03 1.777777777955555575e+04 2.222222222444444560e+04 4.444444444888888938e+03 4.444444444888888938e+03 1.142222222336443141e+06 4.444444444888888938e+03 6.222222222844445059e+04 1.333333333466666591e+04 1.333333333466666591e+04 8.888888889777777877e+03 8.888888889777777877e+03 4.444444444888888938e+03 4.444444444888888938e+03 4.444444444888888938e+03 4.444444444888888938e+03 4.444444444888888938e+03 4.444444444888888938e+03 4.444444444888888938e+03 4.444444444888888938e+03 4.444444444888888938e+03 4.444444444888888938e+03 4.444444444888888938e+03 1.324444444576890906e+06 4.444444444888888938e+03 4.444444444888888938e+03 3.524444444796328992e+07 3.463555555901372433e+07 4.444444444888888938e+03 2.222222222444444560e+04
4.444444444888888938e+03 8.888888889777777877e+03 8.888888889777777877e+03 4.444444444888888938e+03 8.888888889777775330e+04 4.444444444888888938e+03 4.444444444888888938e+03 4.444444444888888938e+03 4.444444444888888938e+03 1.333333333466666591e+04 4.444444444888889120e+04 5.777777778355556075e+04 7.111111111822222301e+04 1.288888889017779147e+06 4.444444444888888938e+03 1.777777777955555575e+04 1.333333333466666591e+04 1.333333333466666591e+04 8.888888889777777877e+03 4.444444444888888938e+03 4.444444444888888938e+03 8.888888889777777877e+03 8.888888889777777877e+03 1.333333333466666591e+04 4.444444444888888938e+03 4.444444444888888938e+03 4.444444444888888938e+03 4.444444444888888938e+03 4.444444444888888938e+03 8.888888889777777877e+03 1.337777777911557816e+06 4.444444444888888938e+03 3.525777778129795194e+07 4.444444444888888938e+03 5.866666667253338965e+05 4.444444444888888938e+03 4.444444444888888938e+03
4.444444444888888938e+03 8.888888889777777877e+03 1.333333333466666591e+04 1.333333333466666591e+04 9.777777778755551844e+04 1.333333333466666591e+04 4.444444444888888938e+03 4.444444444888888938e+03 4.444444444888888938e+03 4.444444444888888938e+03 8.888888889777777877e+03 8.888888889777777877e+03 8.888888889777777877e+03 1.311111111242223997e+06 2.222222222444444560e+04 1.777777777955555575e+04 1.777777777955555575e+04 1.333333333466666591e+04 8.888888889777777877e+03 4.444444444888888938e+03 4.444444444888888938e+03 8.888888889777777877e+03 1.333333333466666591e+04 2.666666666933333545e+04 8.888888889777777877e+03 4.444444444888888938e+03 8.888888889777777877e+03 8.888888889777777877e+03 8.888888889777777877e+03 4.444444444888888938e+03 4.444444444888888938e+03 3.660444444809881598e+07 1.333333333466666591e+04 4.444444444888888938e+03 4.444444444888888938e+03 5.733333333906673361e+05 4.444444444888888938e+03
9.777777778755551844e+04 4.444444444888888938e+03 1.777777777955555575e+04 2.222222222444442450e+05 4.444444444888888938e+03 1.200000000119999313e+05 4.444444444888888938e+03 8.888888889777777877e+03 4.444444444888888938e+03 4.444444444888888938e+03 4.444444444888888938e+03 4.444444444888888938e+03 8.888888889777777877e+03 8.888888889777777877e+03 1.368888889025780605e+06 2.222222222444444560e+04 1.777777777955555575e+04 1.333333333466666591e+04 8.888888889777777877e+03 4.444444444888888938e+03 4.444444444888888938e+03 8.888888889777777877e+03 1.333333333466666591e+04 1.777777777955555575e+04 4.000000000400000135e+04 4.444444444888888938e+03 8.888888889777777877e+03 1.333333333466666591e+04 3.555555555911111151e+04 4.444444444888888938e+03 3.668000000366190076e+07 3.666666667032723874e+07 8.888888889777777877e+03 4.444444444888888938e+03 8.888888889777777877e+03 4.444444444888888938e+03 5.511111111662230687e+05
2.222222222444444560e+04 1.333333333466665936e+05 1.733333333506665367e+05 4.444444444888888938e+03 2.622222222484442173e+05 2.711111111382220406e+05 4.088888889297783026e+05 4.444444444888888938e+03 8.888888889777777877e+03 4.444444444888888938e+03 4.444444444888888938e+03 4.444444444888888938e+03 4.444444444888888938e+03 4.444444444888888938e+03 8.888888889777777877e+03 1.426666666809337214e+06 1.777777777955555575e+04 1.333333333466666591e+04 8.888888889777777877e+03 4.444444444888888938e+03 4.444444444888888938e+03 8.888888889777777877e+03 1.333333333466666591e+04 1.777777777955555575e+04 6.666666667333334044e+04 4.444444444888888938e+03 4.444444444888888938e+03 1.333333333466666591e+04 4.444444444888888938e+03 3.676444444811476022e+07 4.444444444888888938e+03 3.555555555911111151e+04 8.888888889777777877e+03 4.444444444888888938e+03 4.444444444888888938e+03 8.888888889777777877e+03 8.888888889777777877e+03
8.888888889777777877e+03 1.333333333466666591e+04 2.222222222444444560e+04 4.444444444888888938e+03 2.222222222444444560e+04 4.444444444888888938e+03 1.333333333466666591e+04 4.577777778235563310e+05 4.755555556031119777e+05 4.444444444888888938e+03 8.888888889777777877e+03 4.444444444888888938e+03 4.444444444888888938e+03 4.444444444888888938e+03 4.444444444888888938e+03 8.888888889777777877e+03 1.475555555703115882e+06 1.333333333466666591e+04 8.888888889777777877e+03 4.444444444888888938e+03 8.888888889777777877e+03 4.444444444888888938e+03 1.333333333466666591e+04 1.777777777955555575e+04 9.333333334266663587e+04 4.444444444888888938e+03 8.888888889777777877e+03 4.444444444888888938e+03 3.679111111478408426e+07 4.444444444888888938e+03 3.555555555911111151e+04 1.333333333466666591e+04 8.888888889777777877e+03 4.444444444888888938e+03 4.444444444888888938e+03 4.444444444888888938e+03 8.000000000799998816e+04
8.888888889777777877e+03 8.888888889777777877e+03 8.888888889777777877e+03 8.888888889777777877e+03 8.888888889777777877e+03 8.888888889777777877e+03 1.333333333466666591e+04 1.333333333466666591e+04 1.777777777955555575e+04 5.200000000520010944e+05 5.377777778315565083e+05 4.444444444888888938e+03 8.888888889777777877e+03 4.444444444888888938e+03 4.444444444888888938e+03 4.444444444888888938e+03 4.444444444888888938e+03 1.506666666817338672e+06 8.888888889777777877e+03 4.444444444888888938e+03 1.333333333466666591e+04 8.888888889777777877e+03 4.444444444888888938e+03 2.222222222444444560e+04 1.377777777915554761e+05 4.444444444888888938e+03 1.777777777955555575e+04 3.689777778146138042e+07 9.777777778755551844e+04 2.222222222444444560e+04 1.777777777955555575e+04 1.333333333466666591e+04 8.888888889777777877e+03 4.444444444888888938e+03 4.444444444888888938e+03 6.666666667333334044e+04 8.888888889777777877e+03
4.444444444888888938e+03 4.444444444888888938e+03 4.444444444888888938e+03 4.444444444888888938e+03 4.444444444888888938e+03 8.888888889777777877e+03 8.888888889777777877e+03 1.333333333466666591e+04 1.333333333466666591e+04 4.444444444888888938e+03 2.666666666933333545e+04 5.866666667253338965e+05 6.088888889497781638e+05 4.444444444888888938e+03 4.444444444888888938e+03 4.444444444888888938e+03 8.888888889777777877e+03 1.777777777955555575e+04 1.546666666821339400e+06 4.444444444888888938e+03 4.444444444888888938e+03 2.666666666933333545e+04 4.444444444888888938e+03 4.444444444888888938e+03 8.888888889777777877e+03 3.711555555926086009e+07 3.696888889257957786e+07 4.444444444888888938e+03 5.333333333866667090e+04 1.777777777955555575e+04 1.777777777955555575e+04 1.333333333466666591e+04 8.888888889777777877e+03 4.444444444888888938e+03 4.444444444888888938e+03 5.333333333866667090e+04 4.444444444888888938e+03
4.444444444888888938e+03 4.444444444888888938e+03 4.444444444888888938e+03 4.444444444888888938e+03 4.444444444888888938e+03 4.444444444888888938e+03 8.888888889777777877e+03 8.888888889777777877e+03 8.888888889777777877e+03 2.222222222444444560e+04 1.333333333466666591e+04 1.333333333466666591e+04 6.355555556191112846e+05 8.888888889777777877e+03 4.444444444888888938e+03 4.444444444888888938e+03 4.444444444888888938e+03 4.444444444888888938e+03 1.555555555711117340e+06 4.444444444888888938e+03 8.888888889777777877e+03 4.444444444888888938e+03 3.555555555911111151e+04 4.444444444888888938e+03 3.716888889259950817e+07 4.000000000400000135e+04 4.000000000400000135e+04 4.444444444888888938e+03 3.111111111422222530e+04 1.777777777955555575e+04 1.333333333466666591e+04 1.333333333466666591e+04 8.888888889777777877e+03 4.444444444888888938e+03 4.444444444888888938e+03 4.000000000400000135e+04 4.444444444888888938e+03
8.888888889777777877e+03 8.888888889777777877e+03 1.333333333466666591e+04 8.888888889777777877e+03 4.444444444888888938e+03 4.444444444888888938e+03 4.444444444888888938e+03 4.444444444888888938e+03 8.888888889777777877e+03 8.888888889777777877e+03 8.888888889777777877e+03 8.888888889777777877e+03 8.888888889777777877e+03 6.666666667333332589e+05 8.888888889777777877e+03 4.444444444888888938e+03 4.444444444888888938e+03 4.444444444888888938e+03 4.444444444888888938e+03 1.568888889045784250e+06 4.444444444888888938e+03 3.727111111483191699e+07 4.444444444888888938e+03 3.718666667037905753e+07 4.444444444888888938e+03 3.111111111422222530e+04 4.444444444888888938e+03 3.555555555911111151e+04 1.333333333466666591e+04 1.333333333466666591e+04 1.333333333466666591e+04 8.888888889777777877e+03 8.888888889777777877e+03 4.444444444888888938e+03 4.444444444888888938e+03 1.777777777955555575e+04 1.333333333466666591e+04
