output/field_example_test_lateral/area_000082.asc
nrows	150
cellsize	66.66666667
xllcorner	0
ncols	150
yllcorner	0
NODATA_value	-9999
[rows 68 to 84 of 150, columns 111 to 147 of 150]
1.032888888992215507e+07 8.888888889777777877e+03 4.444444444888888938e+03 1.822222222404443019e+05 2.666666666933333545e+04 1.777777777955555575e+04 8.888888889777777877e+03 4.444444444888888938e+03 4.444444444888888938e+03 1.333333333466666591e+04 4.444444444888888938e+03 1.333333333466666591e+04 5.777777778355556075e+04 5.911111111702227499e+05 5.155555556071121828e+05 4.444444444888895960e+05 4.444444444888888938e+03 3.777777778155559208e+05 4.444444444888888938e+03 2.577777778035553056e+05 2.044444444648887147e+05 3.555555555911111151e+04 1.777777777955555575e+04 1.333333333466666591e+04 8.888888889777777877e+03 8.888888889777777877e+03 4.444444444888888938e+03 4.444444444888888938e+03 4.444444444888888938e+03 1.333333333466666591e+04 1.333333333466666591e+04 4.444444444888888938e+03 4.444444444888888938e+03 4.444444444888888938e+03 4.444444444888888938e+03 4.444444444888888938e+03 4.444444444888888938e+03
1.030666666769770905e+07 4.444444444888888938e+03 2.000000000199998321e+05 8.888888889777777877e+03 4.444444444888888938e+03 4.444444444888888938e+03 4.444444444888888938e+03 4.444444444888888938e+03 4.444444444888888938e+03 2.222222222444444560e+04 8.888888889777777877e+03 4.444444444888888938e+03 6.800000000679998193e+05 4.444444444888888938e+03 4.000000000400000135e+04 8.888888889777777877e+03 4.444444444888888938e+03 3.111111111422222530e+04 4.444444444888888938e+03 1.333333333466666591e+04 1.777777777955555575e+04 1.511111111262221239e+05 1.066666666773332836e+05 7.555555556311110558e+04 5.333333333866667090e+04 3.111111111422222530e+04 1.777777777955555575e+04 4.444444444888888938e+03 4.444444444888888938e+03 4.444444444888888938e+03 4.444444444888888938e+03 4.444444444888888938e+03 4.444444444888888938e+03 4.444444444888888938e+03 4.444444444888888938e+03 4.444444444888888938e+03 4.444444444888888938e+03
4.444444444888888938e+03 1.026666666769370623e+07 8.888888889777777877e+03 4.444444444888888938e+03 4.444444444888888938e+03 4.444444444888888938e+03 4.444444444888888938e+03 4.444444444888888938e+03 4.444444444888889120e+04 4.444444444888888938e+03 8.088888889697765699e+05 7.022222222924440866e+05 4.444444444888888938e+03 8.888888889777777877e+03 4.444444444888888938e+03 3.111111111422222530e+04 4.444444444888888938e+03 2.222222222444444560e+04 4.444444444888888938e+03 8.888888889777777877e+03 1.333333333466666591e+04 2.666666666933333545e+04 1.333333333466666591e+04 1.333333333466666591e+04 8.888888889777777877e+03 8.888888889777777877e+03 4.444444444888888938e+03 4.444444444888888938e+03 4.444444444888888938e+03 4.444444444888888938e+03 4.444444444888888938e+03 4.444444444888888938e+03 8.888888889777777877e+03 4.444444444888888938e+03 1.333333333466666591e+04 8.888888889777777877e+03 1.333333333466666591e+04
1.333333333466666591e+04 1.005333333433902450e+07 4.444444444888888938e+03 2.222222222444444560e+04 1.333333333466666591e+04 4.444444444888888938e+03 4.444444444888888938e+03 1.333333333466666591e+04 8.844444445328870788e+05 8.222222223044431303e+05 4.444444444888888938e+03 9.333333334266663587e+04 8.888888889777777877e+03 4.444444444888888938e+03 4.444444444888888938e+03 1.333333333466666591e+04 1.333333333466666591e+04 8.888888889777777877e+03 8.888888889777777877e+03 4.444444444888888938e+03 8.888888889777777877e+03 1.333333333466666591e+04 8.888888889777777877e+03 8.888888889777777877e+03 8.888888889777777877e+03 4.444444444888888938e+03 4.444444444888888938e+03 4.444444444888888938e+03 4.444444444888888938e+03 1.333333333466666591e+04 8.888888889777777877e+03 8.888888889777777877e+03 1.333333333466666591e+04 4.444444444888888938e+03 2.222222222444444560e+04 1.333333333466666591e+04 2.666666666933333545e+04
8.888888889777777877e+03 8.888888889777777877e+03 1.001333333433502167e+07 4.444444444888888938e+03 4.444444444888888938e+03 4.444444444888888938e+03 4.444444444888888938e+03 4.444444444888888938e+03 9.066666667573313462e+05 8.888888889777777877e+03 4.444444444888888938e+03 4.000000000400000135e+04 4.888888889377778105e+04 3.555555555911111151e+04 2.222222222444444560e+04 8.888888889777777877e+03 8.888888889777777877e+03 8.888888889777777877e+03 4.444444444888888938e+03 4.444444444888888938e+03 4.444444444888888938e+03 4.444444444888888938e+03 4.444444444888888938e+03 4.444444444888888938e+03 4.444444444888888938e+03 4.444444444888888938e+03 4.444444444888888938e+03 4.444444444888888938e+03 8.888888889777777877e+03 2.222222222444444560e+04 1.333333333466666591e+04 1.333333333466666591e+04 1.777777777955555575e+04 4.444444444888888938e+03 3.111111111422222530e+04 4.444444444888889120e+04 1.333333333466666591e+04
4.444444444888888938e+03 4.444444444888888938e+03 4.444444444888888938e+03 9.973333334331018850e+06 8.888888889777777877e+03 4.444444444888888938e+03 4.444444444888888938e+03 9.333333334266644670e+05 4.444444444888888938e+03 8.888888889777777877e+03 4.444444444888888938e+03 2.222222222444444560e+04 1.333333333466666591e+04 8.888888889777777877e+03 8.888888889777777877e+03 8.888888889777777877e+03 4.444444444888888938e+03 4.444444444888888938e+03 4.444444444888888938e+03 4.444444444888888938e+03 4.444444444888888938e+03 4.444444444888888938e+03 4.444444444888888938e+03 4.444444444888888938e+03 4.444444444888888938e+03 4.444444444888888938e+03 4.444444444888888938e+03 1.333333333466666591e+04 4.444444444888888938e+03 1.333333333466666591e+04 4.000000000400000135e+04 1.777777777955555575e+04 2.222222222444444560e+04 4.444444444888888938e+03 8.444444445288887073e+04 4.444444444888889120e+04 2.666666666933333545e+04
4.444444444888888938e+03 4.444444444888888938e+03 8.888888889777777877e+03 4.444444444888888938e+03 9.942222223216794431e+06 4.444444444888888938e+03 9.466666667613310274e+05 4.444444444888888938e+03 8.888888889777777877e+03 4.444444444888888938e+03 4.444444444888888938e+03 8.888888889777777877e+03 8.888888889777777877e+03 8.888888889777777877e+03 4.444444444888888938e+03 4.444444444888888938e+03 4.444444444888888938e+03 4.444444444888888938e+03 4.444444444888888938e+03 4.444444444888888938e+03 1.333333333466666591e+04 8.888888889777777877e+03 1.333333333466666591e+04 8.888888889777777877e+03 8.888888889777777877e+03 4.444444444888888938e+03 4.444444444888888938e+03 2.222222222444444560e+04 4.444444444888888938e+03 8.888888889777777877e+03 6.666666667333334044e+04 2.222222222444444560e+04 2.666666666933333545e+04 8.888888889777777877e+03 1.377777777915554761e+05 4.444444444888888938e+03 1.333333333466666591e+04
2.666666666933333545e+04 3.555555555911111151e+04 8.533333334186651045e+05 8.711111111982205184e+05 4.444444444888888938e+03 9.053333334238953888e+06 4.444444444888888938e+03 1.333333333466666591e+04 8.888888889777777877e+03 4.444444444888888938e+03 4.444444444888888938e+03 4.444444444888888938e+03 4.444444444888888938e+03 4.444444444888888938e+03 4.444444444888888938e+03 4.444444444888888938e+03 4.444444444888888938e+03 8.888888889777777877e+03 4.444444444888888938e+03 8.888888889777777877e+03 2.222222222444444560e+04 1.333333333466666591e+04 4.444444444888889120e+04 1.777777777955555575e+04 4.444444444888888938e+03 8.888888889777777877e+03 4.444444444888888938e+03 3.111111111422222530e+04 8.888888889777777877e+03 4.444444444888888938e+03 4.444444444888888938e+03 9.777777778755551844e+04 3.111111111422222530e+04 1.555555555711110064e+05 4.444444444888888938e+03 3.111111111422222530e+04 1.333333333466666591e+04
4.444444444888888938e+03 8.088888889697765699e+05 4.444444444888888938e+03 8.888888889777777877e+03 4.444444444888888938e+03 4.444444444888888938e+03 8.093333334142886102e+06 4.444444444888888938e+03 4.444444444888888938e+03 8.888888889777777877e+03 8.888888889777777877e+03 4.444444444888888938e+03 4.444444444888888938e+03 4.444444444888888938e+03 4.444444444888888938e+03 8.888888889777777877e+03 8.888888889777777877e+03 1.333333333466666591e+04 4.444444444888888938e+03 8.888888889777777877e+03 3.555555555911111151e+04 7.111111111822222301e+04 8.888888889777777877e+03 4.444444444888888938e+03 4.444444444888888938e+03 1.333333333466666591e+04 4.444444444888888938e+03 4.000000000400000135e+04 1.333333333466666591e+04 8.888888889777777877e+03 4.444444444888888938e+03 4.444444444888888938e+03 2.933333333626665990e+05 9.777777778755551844e+04 8.444444445288887073e+04 4.000000000400000135e+04 1.333333333466666591e+04
7.866666667453323025e+05 8.888888889777777877e+03 4.444444444888888938e+03 4.444444444888888938e+03 8.888888889777777877e+03 3.555555555911111151e+04 4.444444444888888938e+03 8.031111111914437264e+06 1.333333333466666591e+04 1.333333333466666591e+04 8.888888889777777877e+03 8.888888889777777877e+03 8.888888889777777877e+03 4.444444444888888938e+03 8.888888889777777877e+03 1.333333333466666591e+04 1.333333333466666591e+04 1.777777777955555575e+04 4.444444444888888938e+03 8.888888889777777877e+03 1.200000000119999313e+05 4.444444444888888938e+03 4.444444444888888938e+03 4.444444444888888938e+03 8.888888889777777877e+03 2.222222222444444560e+04 4.444444444888888938e+03 4.444444444888888938e+03 6.222222222844445059e+04 1.333333333466666591e+04 8.888888889777777877e+03 4.444444444888888938e+03 4.000000000400004792e+05 4.444444444888888938e+03 8.888888889777777877e+03 8.888888889777777877e+03 2.222222222444444560e+04
1.333333333466666591e+04 8.888888889777777877e+03 4.444444444888888938e+03 4.444444444888888938e+03 8.888888889777777877e+03 8.888888889777777877e+03 4.444444444888888938e+03 4.444444444888888938e+03 8.004444445245102048e+06 2.666666666933333545e+04 1.333333333466666591e+04 1.333333333466666591e+04 8.888888889777777877e+03 4.444444444888888938e+03 1.333333333466666591e+04 1.777777777955555575e+04 3.555555555911111151e+04 4.444444444888888938e+03 4.444444444888888938e+03 8.888888889777777877e+03 1.377777777915554761e+05 1.777777777955555575e+04 8.888888889777777877e+03 4.444444444888888938e+03 1.333333333466666591e+04 3.111111111422222530e+04 4.444444444888888938e+03 4.444444444888888938e+03 4.444444444888888938e+03 8.000000000799998816e+04 1.333333333466666591e+04 4.222222222644450376e+05 1.333333333466666591e+04 8.888888889777777877e+03 4.444444444888888938e+03 4.444444444888888938e+03 4.444444444888888938e+03
1.333333333466666591e+04 8.888888889777777877e+03 4.444444444888888938e+03 4.444444444888888938e+03 4.444444444888888938e+03 4.444444444888888938e+03 3.555555555911111151e+04 5.777777778355556075e+04 7.960000000796210021e+06 4.888888889377778105e+04 4.444444444888889120e+04 2.666666666933333545e+04 1.333333333466666591e+04 4.444444444888888938e+03 4.444444444888888938e+03 3.555555555911111151e+04 4.444444444888889120e+04 4.444444444888888938e+03 4.444444444888888938e+03 8.888888889777777877e+03 1.688888889057776541e+05 4.444444444888888938e+03 4.444444444888888938e+03 8.888888889777777877e+03 1.777777777955555575e+04 4.000000000400000135e+04 4.444444444888888938e+03 4.444444444888888938e+03 8.888888889777777877e+03 6.533333333986666985e+05 5.644444445008896291e+05 1.155555555671110487e+05 8.888888889777777877e+03 4.444444444888888938e+03 4.444444444888888938e+03 4.444444444888888938e+03 4.444444444888888938e+03
1.333333333466666591e+04 8.888888889777777877e+03 4.444444444888888938e+03 4.444444444888888938e+03 1.333333333466666591e+04 2.666666666933333545e+04 1.777777777955555575e+04 4.444444444888888938e+03 4.000000000400000135e+04 7.804444445225087926e+06 4.444444444888888938e+03 8.888888889777777877e+03 4.444444444888888938e+03 4.444444444888888938e+03 4.444444444888888938e+03 8.888888889777775330e+04 8.888888889777777877e+03 4.444444444888888938e+03 8.888888889777777877e+03 4.444444444888888938e+03 1.866666666853331844e+05 8.888888889777777877e+03 4.444444444888888938e+03 1.333333333466666591e+04 2.222222222444444560e+04 4.888888889377778105e+04 4.444444444888888938e+03 4.444444444888888938e+03 6.800000000679998193e+05 4.444444444888888938e+03 4.444444444888888938e+03 4.444444444888888938e+03 1.022222222324444010e+05 8.888888889777775330e+04 7.111111111822222301e+04 3.111111111422222530e+04 2.222222222444444560e+04
1.333333333466666591e+04 8.888888889777777877e+03 4.444444444888888938e+03 4.444444444888888938e+03 8.888888889777777877e+03 1.333333333466666591e+04 1.777777777955555575e+04 3.555555555911111151e+04 3.111111111422222530e+04 4.444444444888888938e+03 7.760000000776195899e+06 4.444444444888888938e+03 4.444444444888888938e+03 4.444444444888888938e+03 8.888888889777777877e+03 1.066666666773332836e+05 8.888888889777777877e+03 4.444444444888888938e+03 1.333333333466666591e+04 4.444444444888888938e+03 2.044444444648887147e+05 8.888888889777777877e+03 4.444444444888888938e+03 4.444444444888888938e+03 8.888888889777775330e+04 4.444444444888888938e+03 8.888888889777777877e+03 4.444444444888888938e+03 6.888888889577775262e+05 4.444444444888888938e+03 8.888888889777777877e+03 4.444444444888888938e+03 4.444444444888888938e+03 4.444444444888888938e+03 8.888888889777777877e+03 3.111111111422222530e+04 2.222222222444444560e+04
1.333333333466666591e+04 8.888888889777777877e+03 4.444444444888888938e+03 4.444444444888888938e+03 8.888888889777777877e+03 1.333333333466666591e+04 1.333333333466666591e+04 1.333333333466666591e+04 1.333333333466666591e+04 1.333333333466666591e+04 4.444444444888888938e+03 7.724444445217082277e+06 4.444444444888888938e+03 4.444444444888888938e+03 1.937777777971568750e+06 1.920000000192012871e+06 1.800000000180010684e+06 1.777777777955565834e+06 1.755555555731120985e+06 1.720000000172009226e+06 1.693333333502675407e+06 1.462222222368448973e+06 1.404444444584892364e+06 1.391111111250225455e+06 1.311111111242223997e+06 1.213333333454666659e+06 1.200000000119999750e+06 1.097777777887553442e+06 3.911111111502226559e+05 3.822222222604448325e+05 4.444444444888888938e+03 4.444444444888888938e+03 4.444444444888888938e+03 4.444444444888888938e+03 4.444444444888888938e+03 4.444444444888888938e+03 4.444444444888888938e+03
8.888888889777777877e+03 8.888888889777777877e+03 4.444444444888888938e+03 4.444444444888888938e+03 8.888888889777777877e+03 8.888888889777777877e+03 8.888888889777777877e+03 8.888888889777777877e+03 8.888888889777777877e+03 4.444444444888888938e+03 1.777777777955555575e+04 7.693333334102857858e+06 4.444444444888888938e+03 1.951111111306235660e+06 4.444444444888888938e+03 8.888888889777777877e+03 8.888888889777777877e+03 1.333333333466666591e+04 1.777777777955555575e+04 1.777777777955555575e+04 2.222222222444444560e+04 4.444444444888889120e+04 4.444444444888888938e+03 7.111111111822222301e+04 4.444444444888888938e+03 4.444444444888888938e+03 8.888888889777775330e+04 8.888888889777777877e+03 4.444444444888888938e+03 4.444444444888888938e+03 3.600000000360002741e+05 2.044444444648887147e+05 8.888888889777777877e+03 8.888888889777777877e+03 4.444444444888888938e+03 4.444444444888888938e+03 4.444444444888888938e+03
8.888888889777777877e+03 4.444444444888888938e+03 4.444444444888888938e+03 4.444444444888888938e+03 4.444444444888888938e+03 4.444444444888888938e+03 4.444444444888888938e+03 4.444444444888888938e+03 4.444444444888888938e+03 4.444444444888888938e+03 4.444444444888888938e+03 4.444444444888888938e+03 7.680000000768190250e+06 4.444444444888888938e+03 4.444444444888888938e+03 4.444444444888888938e+03 4.444444444888888938e+03 8.888888889777777877e+03 1.333333333466666591e+04 1.333333333466666591e+04 1.777777777955555575e+04 1.777777777955555575e+04 2.222222222444444560e+04 6.222222222844445059e+04 4.444444444888888938e+03 4.444444444888888938e+03 7.555555556311110558e+04 4.444444444888888938e+03 4.444444444888888938e+03 4.444444444888888938e+03 1.466666666813332413e+05 4.444444444888888938e+03 1.866666666853331844e+05 8.888888889777777877e+03 8.888888889777777877e+03 8.888888889777777877e+03 8.888888889777777877e+03
