output/field_example_test_lateral/area_000033.asc
nrows	150
cellsize	66.66666667
xllcorner	0
ncols	150
yllcorner	0
NODATA_value	-9999
[rows 85 to 101 of 150, columns 74 to 110 of 150]
4.444444444888888938e+03 4.444444444888889120e+04 4.444444444888888938e+03 1.777777777955555575e+04 3.244444444768889807e+05 1.866666666853331844e+05 8.888888889777777877e+03 8.888888889777777877e+03 4.444444444888888938e+03 4.444444444888888938e+03 4.444444444888888938e+03 1.333333333466666591e+04 8.888888889777777877e+03 4.444444444888888938e+03 4.444444444888888938e+03 4.444444444888888938e+03 4.444444444888888938e+03 4.444444444888888938e+03 8.888888889777777877e+03 1.777777777955555575e+04 1.777777777955555575e+04 4.444444444888888938e+03 4.444444444888888938e+03 4.444444444888888938e+03 4.444444444888888938e+03 4.444444444888888938e+03 4.444444444888888938e+03 1.333333333466666591e+04 2.444444444688886579e+05 2.711111111382220406e+05 4.355555555991117726e+05 1.777777777955555575e+04 1.333333333466666591e+04 1.333333333466666591e+04 8.888888889777777877e+03 8.888888889777777877e+03 4.444444444888888938e+03
4.444444444888888938e+03 4.444444444888888938e+03 5.333333333866667090e+04 3.600000000360002741e+05 4.444444444888888938e+03 8.888888889777777877e+03 8.888888889777777877e+03 4.444444444888888938e+03 4.444444444888888938e+03 4.444444444888888938e+03 4.444444444888888938e+03 2.666666666933333545e+04 8.888888889777777877e+03 4.444444444888888938e+03 1.333333333466666591e+04 4.444444444888888938e+03 4.444444444888888938e+03 4.444444444888888938e+03 4.444444444888888938e+03 8.888888889777777877e+03 8.888888889777777877e+03 4.444444444888888938e+03 4.444444444888888938e+03 4.444444444888888938e+03 4.444444444888888938e+03 8.888888889777777877e+03 8.888888889777777877e+03 2.222222222444442450e+05 4.444444444888888938e+03 8.888888889777777877e+03 1.288888889017776964e+05 1.333333333466666591e+04 1.333333333466666591e+04 8.888888889777777877e+03 8.888888889777777877e+03 4.444444444888888938e+03 4.444444444888888938e+03
4.444444444888888938e+03 8.888888889777777877e+03 4.355555555991117726e+05 4.444444444888888938e+03 8.888888889777777877e+03 4.444444444888888938e+03 4.444444444888888938e+03 4.444444444888888938e+03 4.444444444888888938e+03 8.888888889777777877e+03 8.888888889777777877e+03 4.888888889377778105e+04 8.888888889777777877e+03 4.444444444888888938e+03 2.222222222444444560e+04 8.888888889777777877e+03 4.444444444888888938e+03 4.444444444888888938e+03 4.444444444888888938e+03 4.444444444888888938e+03 4.444444444888888938e+03 4.444444444888888938e+03 8.888888889777777877e+03 1.777777777955555575e+04 2.666666666933333545e+04 1.111111111222221662e+05 2.044444444648887147e+05 4.444444444888888938e+03 4.444444444888888938e+03 4.444444444888888938e+03 1.066666666773332836e+05 1.333333333466666591e+04 8.888888889777777877e+03 8.888888889777777877e+03 4.444444444888888938e+03 4.444444444888888938e+03 4.444444444888888938e+03
4.444444444888888938e+03 4.577777778235563310e+05 4.444444444888888938e+03 8.888888889777777877e+03 4.444444444888888938e+03 4.444444444888888938e+03 4.444444444888888938e+03 4.444444444888888938e+03 4.444444444888888938e+03 1.777777777955555575e+04 6.666666667333334044e+04 4.444444444888888938e+03 4.444444444888888938e+03 4.444444444888888938e+03 4.000000000400000135e+04 8.888888889777777877e+03 8.888888889777777877e+03 8.888888889777777877e+03 4.444444444888888938e+03 4.444444444888888938e+03 4.444444444888888938e+03 4.444444444888888938e+03 1.333333333466666591e+04 2.222222222444444560e+04 3.555555555911111151e+04 3.111111111422222530e+04 8.444444445288887073e+04 4.444444444888888938e+03 4.444444444888888938e+03 4.444444444888889120e+04 2.222222222444444560e+04 3.555555555911111151e+04 8.888888889777777877e+03 4.444444444888888938e+03 4.444444444888888938e+03 4.444444444888888938e+03 4.444444444888888938e+03
4.444444444888888938e+03 4.711111111582230660e+05 8.888888889777777877e+03 4.444444444888888938e+03 8.888888889777777877e+03 4.444444444888888938e+03 8.888888889777777877e+03 8.888888889777777877e+03 4.444444444888888938e+03 9.333333334266663587e+04 4.444444444888888938e+03 4.444444444888888938e+03 4.444444444888888938e+03 1.333333333466666591e+04 5.333333333866667090e+04 1.333333333466666591e+04 1.333333333466666591e+04 8.888888889777777877e+03 8.888888889777777877e+03 8.888888889777777877e+03 4.444444444888888938e+03 4.444444444888888938e+03 4.444444444888888938e+03 8.888888889777777877e+03 1.333333333466666591e+04 1.333333333466666591e+04 7.555555556311110558e+04 4.444444444888888938e+03 4.444444444888888938e+03 3.111111111422222530e+04 1.777777777955555575e+04 2.222222222444444560e+04 8.888888889777777877e+03 4.444444444888888938e+03 4.444444444888888938e+03 4.444444444888888938e+03 8.888888889777777877e+03
1.920000000192012871e+06 4.444444444888888938e+03 4.444444444888888938e+03 4.444444444888888938e+03 2.222222222444444560e+04 4.444444444888888938e+03 1.333333333466666591e+04 1.333333333466666591e+04 8.888888889777777877e+03 1.155555555671110487e+05 1.333333333466666591e+04 4.444444444888888938e+03 4.444444444888888938e+03 8.444444445288887073e+04 4.444444444888888938e+03 8.888888889777775330e+04 5.777777778355556075e+04 4.444444444888889120e+04 3.111111111422222530e+04 1.777777777955555575e+04 8.888888889777777877e+03 4.444444444888888938e+03 4.444444444888888938e+03 8.888888889777777877e+03 8.888888889777777877e+03 1.333333333466666591e+04 5.333333333866667090e+04 4.444444444888888938e+03 4.444444444888888938e+03 2.222222222444444560e+04 1.333333333466666591e+04 1.333333333466666591e+04 4.444444444888888938e+03 4.444444444888888938e+03 4.444444444888888938e+03 1.333333333466666591e+04 2.666666666933333545e+04
8.888888889777777877e+03 1.426666666809337214e+06 8.888888889777777877e+03 2.666666666933333545e+04 4.444444444888888938e+03 4.444444444888888938e+03 3.111111111422222530e+04 4.444444444888888938e+03 1.288888889017776964e+05 4.444444444888888938e+03 4.444444444888888938e+03 4.444444444888888938e+03 4.444444444888888938e+03 8.888888889777775330e+04 1.866666666853331844e+05 8.888888889777775330e+04 7.555555556311110558e+04 6.666666667333334044e+04 1.777777777955555575e+04 1.333333333466666591e+04 8.888888889777777877e+03 4.444444444888888938e+03 4.444444444888888938e+03 4.444444444888888938e+03 8.888888889777777877e+03 2.666666666933333545e+04 1.777777777955555575e+04 4.444444444888888938e+03 4.444444444888888938e+03 1.333333333466666591e+04 8.888888889777777877e+03 4.444444444888888938e+03 4.444444444888888938e+03 4.444444444888888938e+03 4.444444444888888938e+03 4.444444444888888938e+03 4.444444444888888938e+03
8.888888889777777877e+03 1.333333333466666591e+04 1.386666666805336485e+06 1.337777777911557816e+06 1.293333333462668117e+06 1.071111111218219623e+06 1.062222222328441683e+06 1.017777777879552683e+06 8.755555556431093719e+05 8.888888889777777877e+03 8.888888889777777877e+03 4.444444444888888938e+03 8.888888889777777877e+03 2.977777778075555107e+05 4.444444444888888938e+03 4.444444444888888938e+03 8.888888889777777877e+03 4.444444444888888938e+03 4.444444444888889120e+04 3.111111111422222530e+04 2.222222222444444560e+04 1.333333333466666591e+04 4.444444444888888938e+03 4.444444444888888938e+03 8.888888889777777877e+03 1.333333333466666591e+04 8.888888889777777877e+03 4.444444444888888938e+03 4.444444444888888938e+03 4.444444444888888938e+03 4.444444444888888938e+03 4.444444444888888938e+03 4.444444444888888938e+03 4.444444444888888938e+03 8.888888889777777877e+03 8.888888889777777877e+03 4.444444444888888938e+03
8.888888889777777877e+03 2.222222222444444560e+04 2.222222222444444560e+04 1.333333333466666591e+04 4.444444444888888938e+03 2.088888889097775973e+05 8.888888889777777877e+03 4.444444444888888938e+03 4.444444444888888938e+03 8.533333334186651045e+05 8.355555556391096907e+05 3.422222222564446274e+05 3.244444444768889807e+05 4.444444444888888938e+03 1.333333333466666591e+04 8.888888889777777877e+03 4.444444444888888938e+03 4.444444444888888938e+03 4.444444444888888938e+03 4.444444444888888938e+03 4.444444444888888938e+03 4.444444444888888938e+03 4.444444444888888938e+03 4.444444444888888938e+03 4.444444444888888938e+03 4.444444444888888938e+03 4.444444444888888938e+03 4.444444444888888938e+03 4.444444444888888938e+03 4.444444444888888938e+03 4.444444444888888938e+03 4.444444444888888938e+03 8.888888889777777877e+03 1.777777777955555575e+04 2.666666666933333545e+04 2.222222222444444560e+04 4.444444444888888938e+03
4.444444444888888938e+03 1.333333333466666591e+04 1.777777777955555575e+04 8.888888889777777877e+03 4.444444444888888938e+03 1.911111111302220670e+05 8.888888889777777877e+03 4.444444444888888938e+03 8.888888889777777877e+03 4.444444444888888938e+03 3.555555555911111151e+04 4.444444444888895960e+05 4.444444444888888938e+03 1.777777777955555575e+04 1.333333333466666591e+04 8.888888889777777877e+03 4.444444444888888938e+03 4.444444444888888938e+03 4.444444444888888938e+03 4.444444444888888938e+03 4.444444444888888938e+03 8.888888889777777877e+03 4.444444444888888938e+03 4.444444444888888938e+03 4.444444444888888938e+03 4.444444444888888938e+03 4.444444444888888938e+03 4.444444444888888938e+03 8.888888889777777877e+03 8.888888889777777877e+03 1.333333333466666591e+04 4.444444444888888938e+03 8.888888889777777877e+03 4.444444444888888938e+03 8.888888889777777877e+03 4.000000000400000135e+04 7.111111111822222301e+04
4.444444444888888938e+03 4.444444444888888938e+03 1.333333333466666591e+04 4.444444444888888938e+03 8.888888889777777877e+03 1.688888889057776541e+05 8.888888889777777877e+03 4.444444444888888938e+03 4.444444444888888938e+03 1.777777777955555575e+04 1.333333333466666591e+04 4.444444444888888938e+03 4.311111111542228609e+05 4.444444444888888938e+03 4.444444444888888938e+03 4.444444444888888938e+03 4.444444444888888938e+03 5.333333333866667090e+04 4.000000000400000135e+04 3.111111111422222530e+04 2.222222222444444560e+04 8.888888889777777877e+03 4.444444444888888938e+03 4.444444444888888938e+03 8.888888889777777877e+03 8.888888889777777877e+03 1.333333333466666591e+04 4.444444444888888938e+03 8.888888889777777877e+03 1.333333333466666591e+04 2.666666666933333545e+04 4.444444444888888938e+03 1.777777777955555575e+04 4.444444444888888938e+03 4.444444444888888938e+03 4.444444444888888938e+03 7.466666667413326213e+05
4.444444444888888938e+03 4.444444444888888938e+03 4.444444444888888938e+03 4.444444444888888938e+03 8.888888889777777877e+03 1.511111111262221239e+05 4.444444444888888938e+03 4.444444444888888938e+03 4.444444444888888938e+03 8.888888889777777877e+03 8.888888889777777877e+03 4.444444444888888938e+03 1.333333333466666591e+04 4.044444444848893909e+05 9.777777778755551844e+04 8.888888889777775330e+04 8.000000000799998816e+04 2.222222222444444560e+04 1.777777777955555575e+04 1.333333333466666591e+04 8.888888889777777877e+03 4.444444444888888938e+03 4.444444444888888938e+03 4.444444444888888938e+03 8.888888889777777877e+03 1.333333333466666591e+04 2.666666666933333545e+04 4.444444444888888938e+03 8.888888889777777877e+03 2.222222222444444560e+04 4.444444444888889120e+04 4.444444444888888938e+03 8.888888889777777877e+03 2.666666666933333545e+04 4.444444444888888938e+03 7.333333334066660609e+05 4.444444444888888938e+03
4.444444444888888938e+03 4.444444444888888938e+03 4.444444444888888938e+03 4.444444444888888938e+03 1.333333333466666591e+04 4.444444444888888938e+03 1.288888889017776964e+05 8.888888889777777877e+03 4.444444444888888938e+03 4.444444444888888938e+03 4.444444444888888938e+03 8.888888889777777877e+03 1.333333333466666591e+04 3.111111111422222530e+04 2.533333333586664230e+05 1.822222222404443019e+05 8.888888889777777877e+03 4.444444444888888938e+03 4.444444444888888938e+03 4.444444444888888938e+03 4.444444444888888938e+03 4.444444444888888938e+03 4.444444444888888938e+03 1.333333333466666591e+04 2.222222222444444560e+04 3.555555555911111151e+04 4.444444444888889120e+04 4.444444444888888938e+03 8.888888889777777877e+03 4.444444444888888938e+03 2.666666666933333545e+04 7.555555556311110558e+04 5.377777778315565083e+05 6.222222222844447242e+05 6.488888889537778450e+05 6.222222222844445059e+04 8.888888889777777877e+03
2.222222222444444560e+04 1.333333333466666591e+04 4.444444444888888938e+03 4.444444444888888938e+03 4.444444444888888938e+03 1.777777777955555575e+04 8.888888889777777877e+03 8.888888889777775330e+04 1.333333333466666591e+04 4.444444444888888938e+03 4.444444444888888938e+03 8.888888889777777877e+03 1.333333333466666591e+04 1.333333333466666591e+04 6.222222222844445059e+04 4.444444444888888938e+03 1.688888889057776541e+05 4.000000000400000135e+04 3.111111111422222530e+04 2.222222222444444560e+04 1.333333333466666591e+04 4.444444444888888938e+03 4.444444444888888938e+03 8.888888889777777877e+03 1.333333333466666591e+04 1.777777777955555575e+04 5.777777778355556075e+04 5.333333333866667090e+04 4.444444444888888938e+03 1.333333333466666591e+04 4.133333333746672142e+05 4.444444444888895960e+05 4.000000000400000135e+04 1.333333333466666591e+04 2.222222222444444560e+04 2.222222222444444560e+04 3.555555555911111151e+04
1.333333333466666591e+04 8.888888889777777877e+03 4.444444444888888938e+03 4.444444444888888938e+03 4.444444444888888938e+03 8.888888889777777877e+03 4.444444444888888938e+03 5.777777778355556075e+04 1.333333333466666591e+04 4.444444444888888938e+03 4.444444444888888938e+03 8.888888889777777877e+03 8.888888889777777877e+03 4.000000000400000135e+04 1.777777777955555575e+04 4.444444444888888938e+03 1.244444444568888139e+05 7.555555556311110558e+04 4.444444444888889120e+04 1.333333333466666591e+04 8.888888889777777877e+03 4.444444444888888938e+03 4.444444444888888938e+03 1.333333333466666591e+04 2.666666666933333545e+04 4.444444444888889120e+04 6.222222222844445059e+04 1.422222222364443587e+05 2.000000000199998321e+05 3.866666667053337442e+05 4.444444444888888938e+03 2.666666666933333545e+04 3.555555555911111151e+04 8.888888889777777877e+03 1.777777777955555575e+04 1.777777777955555575e+04 2.222222222444444560e+04
4.444444444888888938e+03 4.444444444888888938e+03 8.888888889777777877e+03 4.444444444888888938e+03 4.444444444888888938e+03 4.444444444888888938e+03 4.444444444888888938e+03 3.555555555911111151e+04 1.333333333466666591e+04 8.888888889777777877e+03 4.444444444888888938e+03 4.444444444888888938e+03 8.888888889777777877e+03 2.666666666933333545e+04 1.333333333466666591e+04 1.333333333466666591e+04 1.333333333466666591e+04 1.333333333466666591e+04 2.666666666933333545e+04 2.666666666933333545e+04 1.333333333466666591e+04 4.444444444888888938e+03 4.444444444888888938e+03 8.888888889777777877e+03 1.333333333466666591e+04 1.333333333466666591e+04 1.777777777955555575e+04 1.333333333466666591e+04 1.600000000159998890e+05 4.444444444888888938e+03 1.333333333466666591e+04 2.222222222444444560e+04 3.111111111422222530e+04 4.444444444888888938e+03 1.333333333466666591e+04 1.333333333466666591e+04 1.333333333466666591e+04
9.777777778755551844e+04 7.555555556311110558e+04 4.888888889377778105e+04 3.111111111422222530e+04 1.333333333466666591e+04 4.444444444888888938e+03 4.444444444888888938e+03 1.777777777955555575e+04 8.888888889777777877e+03 8.888888889777777877e+03 4.444444444888888938e+03 4.444444444888888938e+03 8.888888889777777877e+03 1.333333333466666591e+04 8.888888889777777877e+03 8.888888889777777877e+03 8.888888889777777877e+03 8.888888889777777877e+03 1.333333333466666591e+04 8.888888889777777877e+03 8.888888889777777877e+03 4.444444444888888938e+03 4.444444444888888938e+03 8.888888889777777877e+03 8.888888889777777877e+03 1.333333333466666591e+04 8.888888889777777877e+03 4.444444444888888938e+03 1.333333333466665936e+05 4.444444444888888938e+03 8.888888889777777877e+03 1.777777777955555575e+04 2.222222222444444560e+04 4.444444444888888938e+03 8.888888889777777877e+03 8.888888889777777877e+03 4.444444444888888938e+03
