output/field_example_test_lateral/elevation_000034.asc
nrows	150
cellsize	66.66666667
xllcorner	0
ncols	150
yllcorner	0
NODATA_value	-9999
[rows 68 to 84 of 150, columns 37 to 73 of 150]
3.242166416361674237e+02 3.462852471305320137e+02 3.462330620615910561e+02 3.408739734267565495e+02 3.355190966482147701e+02 3.521863088017555583e+02 3.620787289283462087e+02 3.341878853569046441e+02 2.955974598130277400e+02 2.479205109728486605e+02 1.929020835307808852e+02 1.415257564032870619e+02 7.198873838081728138e+01 8.016791732842268914e+01 7.357475436676759273e+01 9.145123738981926920e+01 7.597314609594344859e+01 1.218565600764966774e+02 1.407363521591276196e+02 2.019829974384996945e+02 2.594352085459532304e+02 3.099817284587595054e+02 3.555745126233536553e+02 3.978236578946771260e+02 4.326056023635774750e+02 4.589340380074413019e+02 4.658780420321190263e+02 4.705995812494186907e+02 4.801972344509008508e+02 4.948334543090721809e+02 5.116007546309963345e+02 5.263787804491138331e+02 5.220385518226325985e+02 4.854538894503365896e+02 4.814451951085008545e+02 4.789732568741113141e+02 4.919769653000871585e+02
2.668805171163598402e+02 3.134488983158357200e+02 2.911058290454912481e+02 2.728569078076554888e+02 2.608206052167751636e+02 3.050193136638324631e+02 3.217696639294452439e+02 2.863130060206480607e+02 2.453293826810218832e+02 2.005231184942591938e+02 1.590695890453297068e+02 1.012822825649679146e+02 8.082917197695543621e+01 7.198873837415061416e+01 9.667149005926520999e+01 1.018749192621311863e+02 1.296079681433149062e+02 9.295468728331432828e+01 1.310450589145275444e+02 1.520719505324671843e+02 2.453446018924844623e+02 2.948371263835599052e+02 3.239615108253140647e+02 3.594090740812747526e+02 3.985790353257186212e+02 4.332307825382210353e+02 4.379047184527289005e+02 4.229275827405062387e+02 4.264629230077158013e+02 4.370052585175216109e+02 4.495716320948201314e+02 4.640002995363996661e+02 4.651280697291584261e+02 4.223018949669622089e+02 4.199557042428581894e+02 4.127222801663050973e+02 4.479843978035182204e+02
2.668805171096931872e+02 2.784957099434358838e+02 2.561032662596781506e+02 2.125251665674888386e+02 1.978751912219212841e+02 2.541858881241183781e+02 2.762621608656658623e+02 2.386311757595588574e+02 1.908220312593571464e+02 1.476196598815016046e+02 1.039442364464060660e+02 8.878942068605149984e+01 7.059935100694868026e+01 9.704683889044785872e+01 1.090832470888287560e+02 1.670290038500701542e+02 1.768782706265037916e+02 1.578753041372287953e+02 1.103886363985717338e+02 1.667099822254116930e+02 2.136163618651981437e+02 2.409130232643604472e+02 2.704439615266128385e+02 3.096786591257263694e+02 3.596246417377006424e+02 3.762502632358043115e+02 3.749818624742692919e+02 3.520576765384901137e+02 3.562417761645293126e+02 3.670738555646372561e+02 3.788382056349563527e+02 3.984453808336464249e+02 4.018944204678292635e+02 3.660267770183847347e+02 3.660267770250513877e+02 4.401410277214445728e+02 5.046053012711189467e+02
2.903311433625451627e+02 2.257826863786829392e+02 1.943329569162013968e+02 1.920722680541347245e+02 1.432952101403235758e+02 2.138189336152428837e+02 2.351139582697547894e+02 1.960528208177514102e+02 1.508587942800663484e+02 1.096509553116327709e+02 8.667442526320128593e+01 6.877771252346695974e+01 8.106652388539954757e+01 8.106652389206621478e+01 1.710906845162095351e+02 2.208285773929904678e+02 2.351815004517973193e+02 2.039004648647650981e+02 1.713720895183941479e+02 1.278739450685453960e+02 1.820571609300977229e+02 1.867154963590701300e+02 2.217454290435991879e+02 2.706710328498529066e+02 3.042896237843151539e+02 3.098847399339202866e+02 3.208572884628211455e+02 2.810326852574116288e+02 2.902951183477843529e+02 3.026332703280980923e+02 3.124362751059170478e+02 3.477384027475620201e+02 3.288182880299366388e+02 3.990758675367185901e+02 4.345825897515321685e+02 4.769037853684976653e+02 5.260284177734353079e+02
3.246038802925795608e+02 2.775071093641394100e+02 2.244023193703293373e+02 1.553196098411328023e+02 1.432952101336569228e+02 1.907593795257134275e+02 1.988436639386701756e+02 1.615503137801643732e+02 1.178158307666896718e+02 9.938130051616073501e+01 6.623005251737247079e+01 8.944871183105782109e+01 9.784687460586070529e+01 1.536378497616253753e+02 2.138894261684137064e+02 2.679935273074964925e+02 2.844836053442934940e+02 2.482351036281188215e+02 1.915589008545039462e+02 1.854917943143054231e+02 1.415093783252599451e+02 1.415093783319265981e+02 1.900392805243046155e+02 2.272248099678970448e+02 2.328831585455539255e+02 1.960471016814003065e+02 2.637066870556232629e+02 2.211414315476382910e+02 2.330858411222857285e+02 2.470499183265146144e+02 2.615548692826479282e+02 2.850663192458394519e+02 3.511460717883921347e+02 4.133873793971194459e+02 4.422950352624638981e+02 4.704948163290268894e+02 4.946514994056106502e+02
3.215150375791311603e+02 2.821294318750755679e+02 2.358361531128764170e+02 1.806666635066064259e+02 1.184168532826290345e+02 1.479953746293188885e+02 1.509306753454425234e+02 1.254436487359221104e+02 6.125004681458656819e+01 6.383123213116756745e+01 9.941087581066305745e+01 1.189274943111862370e+02 1.454209328184311971e+02 1.907041805022123242e+02 2.521584250999489427e+02 3.107688540176956167e+02 3.290423407536017066e+02 2.884528562504725642e+02 2.406341262569719675e+02 2.256591817447635435e+02 1.808506354427469773e+02 1.641438510511637219e+02 1.563680757365651743e+02 1.656361095488370268e+02 1.752158254302637204e+02 1.856325122371494558e+02 2.002325604694043761e+02 2.619690923120482466e+02 2.670919683528312021e+02 3.080375452501191944e+02 3.241777377680094787e+02 2.920925862850021986e+02 3.568747264318951693e+02 3.962168333698891161e+02 3.833798972531627101e+02 4.083166412678128836e+02 4.350768092798714974e+02
2.732515456053449725e+02 2.353685811971100748e+02 2.015682058509507044e+02 1.737982749041114516e+02 1.334085685622742119e+02 8.669386695074700810e+01 8.914409970134030914e+01 5.863418671371638169e+01 6.125004680791990097e+01 9.155492628371021624e+01 1.159454854211870583e+02 1.616767836928059410e+02 1.978352151045883716e+02 2.394522113628653130e+02 2.957756069004415167e+02 3.543587264113309061e+02 3.731978034177187737e+02 3.349718268555934060e+02 2.918544193194603622e+02 2.478838815810086089e+02 2.018262925651813475e+02 2.336200665458311789e+02 2.299429205797283089e+02 1.944626400406022242e+02 2.067193184962637247e+02 2.456504116632795842e+02 2.323115718927888906e+02 2.925501943515780567e+02 3.273646675097310208e+02 3.253487414960737851e+02 3.686922824545191020e+02 3.644023046942103861e+02 3.247855045154152549e+02 3.479479501985755405e+02 4.041054094330964404e+02 4.571054810247730984e+02 4.882524293592325080e+02
2.223973492050694460e+02 1.754036006986369216e+02 1.415776701414881131e+02 1.354825118635461081e+02 1.055850121819686080e+02 8.528656597296418340e+01 5.711941853969056382e+01 5.863418670704971447e+01 9.260694612715830942e+01 8.634464576598468000e+01 1.584743751302731027e+02 2.112118808945747617e+02 2.576143368986561768e+02 2.952587362617146027e+02 3.439060030978383224e+02 3.989311310160637731e+02 4.180027417293867984e+02 3.809310493153098491e+02 3.314050825025414611e+02 2.825156572838610600e+02 2.344540047174457698e+02 2.874396140417485412e+02 2.868762407799523544e+02 2.326860914376764811e+02 2.839155436619717534e+02 3.059457062174353155e+02 3.026785590322446069e+02 2.850181872712296354e+02 3.528265597596156340e+02 3.901973201039248806e+02 3.824015789679900763e+02 4.204820385834807439e+02 4.069197740241129964e+02 3.759830678301085527e+02 4.395528533304988628e+02 4.914840560489690802e+02 5.366781002291439790e+02
1.796634625392301814e+02 1.283647785505986860e+02 9.303878169653417274e+01 9.914103501071834046e+01 7.503853075125007877e+01 5.477920302101473027e+01 7.460554208739398518e+01 5.863418671371638169e+01 1.299674930277378166e+02 1.042737697664768888e+02 1.683268420055685226e+02 2.272863530243001833e+02 2.801081069766324276e+02 3.349330418435929460e+02 3.896460431330338565e+02 4.387293064026791285e+02 4.598188893732408928e+02 4.255062010815470330e+02 3.781672382556969865e+02 3.233990533389637108e+02 2.737866511855870613e+02 3.304096594428665981e+02 3.320192469319904944e+02 2.752230940922420928e+02 3.330291030125583234e+02 3.760365315315298176e+02 3.720024028224333961e+02 3.242390377464673179e+02 3.885762715962453058e+02 4.384401702937603318e+02 4.241679897908331327e+02 4.719503863323688506e+02 4.703932450151961575e+02 4.498842353298953185e+02 4.296192535913622237e+02 4.791021681493235178e+02 5.381876996486220150e+02
1.426530566468477730e+02 1.125942794444425488e+02 8.416254143983417180e+01 5.245174584434722931e+01 5.245174585101389653e+01 7.892919992013662522e+01 1.247506838671081510e+02 1.641244290539134454e+02 1.781605819427295785e+02 1.266873226918256563e+02 1.514589478563106013e+02 1.910679099218224621e+02 2.464864328988685429e+02 3.153129110269876492e+02 3.873973003095524064e+02 4.551458528909223560e+02 4.921673736351482376e+02 4.754784267463550691e+02 4.263882858392748290e+02 3.740777406568130345e+02 3.200514741615759817e+02 3.754745185562362053e+02 3.785822238202138124e+02 3.233774456617513806e+02 3.767504073932951769e+02 4.276217258077272731e+02 4.240567163296880153e+02 3.684241537833987650e+02 4.301092820045898293e+02 4.823329664447467167e+02 4.711355638212551185e+02 5.133442457378788504e+02 5.378779560524903900e+02 5.217676390597786167e+02 4.793120274882567173e+02 5.221278711426583641e+02 5.760905643194186041e+02
1.070187994018599937e+02 7.677049291917532514e+01 4.992346683908930061e+01 8.595472308087367708e+01 6.895816949918193473e+01 1.220270167580481910e+02 1.750889122629337180e+02 2.250398750629718450e+02 2.284082984760699446e+02 1.843215534346512072e+02 1.567226869754466350e+02 1.806834550178845973e+02 2.447121664218024080e+02 3.181963737835752113e+02 3.866543556053221664e+02 4.495866335661704625e+02 4.982300467105465600e+02 5.108711979189041017e+02 4.811481575793995376e+02 4.256323086585899205e+02 3.737206552142972669e+02 4.258269897000369042e+02 4.304218984952838127e+02 3.863671763480364234e+02 4.093913015103568114e+02 4.693362871215867926e+02 4.705064873464688731e+02 4.177310340682607830e+02 4.761542593551186542e+02 5.306760347802608067e+02 5.310469701133395120e+02 5.535182386907652017e+02 5.948202606312254375e+02 5.730461345101803090e+02 5.531239787277469304e+02 5.667640925262447809e+02 6.256454006656822457e+02
6.978601238617710578e+01 4.830233194380767969e+01 8.148790293607534352e+01 1.279708639021427672e+02 1.326454025554055534e+02 1.740809883188051970e+02 2.292606098439376581e+02 2.797782174410983771e+02 2.796439379058141412e+02 2.269550095247859076e+02 2.224549035724854207e+02 2.441311173083541917e+02 2.194967249352274337e+02 2.798305938721502457e+02 3.478447428907274457e+02 4.099022079416247948e+02 4.791756274775698330e+02 5.260820244899704221e+02 5.241742795654322435e+02 4.808414991124512312e+02 4.370611729510441137e+02 4.818361850636170516e+02 4.803010671108651195e+02 4.641947201070590836e+02 4.794478978868379500e+02 5.059297522214559422e+02 5.186624498857153185e+02 4.753748212514882994e+02 5.236946609076810546e+02 5.818105536925440902e+02 5.947296227979711603e+02 6.180660586756710018e+02 6.515895884353883503e+02 6.410980547458825640e+02 6.296793435941530106e+02 6.376243619075295328e+02 6.784306590235346448e+02
4.673397609735062019e+01 5.985606327919993674e+01 1.209423885216517078e+02 1.707644772709610663e+02 2.021143225739494369e+02 2.409189558727973406e+02 2.866946284363257860e+02 3.346800445219826656e+02 3.340062843609660490e+02 2.860011094667817133e+02 2.870034493551577270e+02 2.876631538535457935e+02 2.194967249418940867e+02 2.571042896312748098e+02 3.014485707500280114e+02 3.676593776074991524e+02 4.436777220604268450e+02 5.223097306594542033e+02 5.615280541616908749e+02 5.471320411500904584e+02 5.121500651168115610e+02 5.467111271435373965e+02 5.506885327421102829e+02 5.446837259227576169e+02 5.553663750867738145e+02 5.728800636551853813e+02 5.743375686567749199e+02 5.481073837266543478e+02 5.905146067475103564e+02 6.312398038919765213e+02 6.605365434595382794e+02 6.897395259961851934e+02 7.078039688127586260e+02 7.041383125157688028e+02 6.978125712211158316e+02 7.079729931730120143e+02 7.345248907440180801e+02
7.240307014839447675e+01 1.232473600119109705e+02 1.148078420230976349e+02 1.796971892297876821e+02 2.410721345557040820e+02 2.958963108051354425e+02 3.450869123673647891e+02 3.864299833369827297e+02 3.911096379455206602e+02 3.533264790246637972e+02 3.512967934177037819e+02 3.409145677293400354e+02 2.858687421591030784e+02 3.341643933738574788e+02 3.630216453418275933e+02 3.785928032754239325e+02 4.441963664715669324e+02 5.189190639322711149e+02 5.856989324093715368e+02 6.016947731830503017e+02 5.945967674903286024e+02 6.102074381095715125e+02 6.162916576980783248e+02 6.145368336179734570e+02 6.242541477364283082e+02 6.392132074978493392e+02 6.446892120687987244e+02 6.278654654311386594e+02 6.651334250478736294e+02 6.927299492649028707e+02 7.135147712081053442e+02 7.312647163625593976e+02 7.337088218726041760e+02 7.173329020871452713e+02 7.043864828030447143e+02 7.204729042392533529e+02 7.449836975999522792e+02
1.301430431915204053e+02 1.760644960170086790e+02 1.723485291030262374e+02 1.751083533290684500e+02 2.327524500460008596e+02 2.941918605971775946e+02 3.585602833881013112e+02 4.191786128104220097e+02 4.441421984175251509e+02 4.272087159289587817e+02 4.212729645370112053e+02 4.090842246356205578e+02 3.715411725883828922e+02 3.942868344647661729e+02 4.380324554955244025e+02 4.509154838128682741e+02 4.960866168781786882e+02 5.587314424991299120e+02 6.055205047663038158e+02 6.247149511554192713e+02 6.306839818033718075e+02 6.399854596185919036e+02 6.316196804341504958e+02 6.217750349208265561e+02 6.371796391555641321e+02 6.603959395651146451e+02 6.842762753650332570e+02 6.934681999511118420e+02 7.095966817875458901e+02 7.132114072734941601e+02 7.070912166282787439e+02 7.171865010580671651e+02 7.047834723181562140e+02 6.674799407506025091e+02 6.377106789327667684e+02 6.688239854552342649e+02 7.074791139203709918e+02
1.764716076609570621e+02 2.262189495413966824e+02 2.320593902651816904e+02 2.429579601721487450e+02 2.426009520605889236e+02 2.945450512092952522e+02 3.560816264247642380e+02 4.231866047146004917e+02 4.802882895360149860e+02 4.899184688320481769e+02 4.866022069551787581e+02 4.751490651114115167e+02 4.599913462259796688e+02 4.731048594386627428e+02 4.978008885658929898e+02 5.195276339957418941e+02 5.477665511471499258e+02 5.784927928636054730e+02 5.905134773718777979e+02 5.797860853859790495e+02 5.854723864398008573e+02 6.041754932830664302e+02 5.846448214715311451e+02 5.586084966207882871e+02 5.857326895128666138e+02 6.193108533308968617e+02 6.626729620874295961e+02 6.935801907816230596e+02 6.993998337217865355e+02 6.768290107503672743e+02 6.432243129037336757e+02 6.667440365075663067e+02 6.566074617190579374e+02 6.129854945483556321e+02 5.692751531451217488e+02 6.146582665736463014e+02 6.603219878033656869e+02
2.168786606076572241e+02 2.642714523104295381e+02 2.904361848867129652e+02 3.146478607178640914e+02 3.148411056290395891e+02 3.520313243458535339e+02 4.000465326821779968e+02 4.580695889029860837e+02 4.970643164189630738e+02 5.046083842100581478e+02 5.010927222372932874e+02 4.964698570183460333e+02 4.939452046916935615e+02 4.997902052730113951e+02 5.118183159609862400e+02 5.266146775551032988e+02 5.428466767084661342e+02 5.500338516882106887e+02 5.341354794196585090e+02 5.134296620974999996e+02 5.206738247048909898e+02 5.542747108306286918e+02 5.412235809917671077e+02 4.956367730193833268e+02 5.283931894463748904e+02 5.702698655227943618e+02 6.157717171128089149e+02 6.621157679501236544e+02 6.629729020281364456e+02 6.211100699674793759e+02 5.789935857704542741e+02 6.063204240118679991e+02 6.003898248913136513e+02 5.620865585610931703e+02 5.131966341602683315e+02 5.662087331328439177e+02 6.149028386544044906e+02
