output/field_example_test_lateral/elevation_000056.asc
nrows	150
cellsize	66.66666667
xllcorner	0
ncols	150
yllcorner	0
NODATA_value	-9999
[rows 51 to 67 of 150, columns 74 to 110 of 150]
1.833148923706800986e+02 1.231435763938857519e+02 1.570387404841794989e+02 1.584264933185805830e+02 1.322556674010113511e+02 1.322688235277315982e+02 1.174946562048702674e+02 1.212657473257622911e+02 1.201380373323804491e+02 1.208335646010127675e+02 1.219957466529176884e+02 1.239342716702384593e+02 1.273623231811288292e+02 1.273623231877954964e+02 1.281730289491803489e+02 1.281730289558470020e+02 1.332763190306969818e+02 1.332763190373636348e+02 1.405404677295350666e+02 1.699970283389529868e+02 1.435416267524554996e+02 1.599062004680990867e+02 1.688551209356186007e+02 2.621015297891008231e+02 3.026689434333326858e+02 3.486418323453471544e+02 3.914424286302796645e+02 3.881301965910634522e+02 3.442389897756313530e+02 3.338946577589580329e+02 3.828564551635907947e+02 4.418972251433093561e+02 5.099456333617744690e+02 5.764555518787941537e+02 6.231557176791436632e+02 6.391237819596225336e+02 6.141810636445219416e+02
1.856653196560702099e+02 1.486374946027451358e+02 1.141760824889277615e+02 1.124037665433877748e+02 1.138831809997479070e+02 1.155260867854212705e+02 1.249710659001114408e+02 1.193501941596969544e+02 1.223099049943307648e+02 1.245110123373268323e+02 1.372431560917368643e+02 1.513311931453741579e+02 1.694783052268605275e+02 1.895064413721785002e+02 1.879271324380024168e+02 1.541816519242860579e+02 1.306008547817636156e+02 1.328274855315580112e+02 1.347945351461238204e+02 1.385893518721577777e+02 1.771867591455813908e+02 2.180009188534153282e+02 2.650831481572540724e+02 3.138257629246999159e+02 3.563181007856800306e+02 3.905414886899995395e+02 4.331626588793225778e+02 4.379205818234760272e+02 4.076299517188325012e+02 3.987341536657689289e+02 3.822518902583728391e+02 4.276071914963829954e+02 4.802834105726504390e+02 5.432396636784775410e+02 6.105122290702458940e+02 6.602537493886815128e+02 6.513671151254588949e+02
1.299574986387972615e+02 1.265093880198601539e+02 1.104213432486323256e+02 1.261217040717164366e+02 1.425854752569374284e+02 1.777529692694162975e+02 1.736706358202009710e+02 1.737450309157991057e+02 1.977029323362279172e+02 1.915233092986084387e+02 1.507221449492679994e+02 1.889848721297578891e+02 2.210799241591933253e+02 2.379052304337681960e+02 2.354883135739560203e+02 1.974059024548414527e+02 1.980869884840947748e+02 2.077381293432455607e+02 1.786194579929949668e+02 1.406158969865286394e+02 1.865579453311428608e+02 2.256127344471490233e+02 2.754909324173359551e+02 3.249799336244495862e+02 3.719749148661570075e+02 4.192374436450691633e+02 4.614138514952499008e+02 4.804300030617497441e+02 4.757253771035487944e+02 4.684571429376665606e+02 4.430301498482164675e+02 4.417041966351494580e+02 4.872936026275953623e+02 5.495700559863220178e+02 6.161855827019768412e+02 6.749081369083525033e+02 6.802867253301587880e+02
1.234154837003310945e+02 1.088803548288220497e+02 1.494324093226927630e+02 1.525991168602733978e+02 1.868159084785413029e+02 2.297718080676483510e+02 2.353097245219828153e+02 2.303085458911287162e+02 2.535757330977822335e+02 2.496989284414334236e+02 2.131776628280267971e+02 1.824920162699028197e+02 2.456351115414702520e+02 2.868880618662934694e+02 2.719149036095245151e+02 2.600591254702565607e+02 2.640479424670346589e+02 2.589756069386868376e+02 2.254214463260238119e+02 1.884343843734734776e+02 1.459417683720225227e+02 1.944335016173995712e+02 2.385631093046725937e+02 2.765635996417760794e+02 3.279338397140335246e+02 3.925895496574049162e+02 4.416100561199025378e+02 4.804589761542447377e+02 5.091885916003323587e+02 5.191837277171416645e+02 5.099582431345037321e+02 5.092629208948981159e+02 5.484563720646783622e+02 5.709311965833662725e+02 6.320052183076247729e+02 6.930684260821861926e+02 7.066421809225815878e+02
1.067707000067758116e+02 1.467617534139251347e+02 1.655607749057242586e+02 1.908087041985765779e+02 2.277707985428068582e+02 2.747370995271048741e+02 3.043684256091680140e+02 2.973388973683987047e+02 3.181462085935874029e+02 3.007832888906504536e+02 2.599590892023688298e+02 2.094753470668033231e+02 2.781581891578261434e+02 3.305341943544809737e+02 3.254931634229325255e+02 3.231573669961372843e+02 3.230143114048257758e+02 2.942275066294141084e+02 2.345796637027387419e+02 1.459417683786891757e+02 1.901260713839664049e+02 1.508887193389762444e+02 2.002995624996500794e+02 2.101682536172557150e+02 2.728237144142897250e+02 3.323281850385872076e+02 3.861174169292787610e+02 4.352313086415095427e+02 4.880900278784657758e+02 5.258317003825546863e+02 5.522741151289810659e+02 5.686925322362673114e+02 5.971848932973061892e+02 6.290420324768150522e+02 6.684266533358359084e+02 7.128799124244852692e+02 7.322679525407038454e+02
1.242145784089847211e+02 1.501332126807362499e+02 1.872000027742047621e+02 2.249948907621867988e+02 2.679734188692988823e+02 3.202400708759315080e+02 3.661276515507557860e+02 3.669390269004189804e+02 3.684686576462469247e+02 3.155769137208764050e+02 2.479910582786142754e+02 2.726906741052961252e+02 3.214529222283821355e+02 3.764224598968695545e+02 3.838789749272411882e+02 3.815613651579791963e+02 3.537741365076998363e+02 2.968608329168795876e+02 2.270933873615937841e+02 2.374978045519264356e+02 2.241528231628414289e+02 1.980952535486981390e+02 1.556904655860817570e+02 1.884200801501759202e+02 2.010971183016779378e+02 2.743868621593210264e+02 3.281655313435359176e+02 3.843616940715191390e+02 4.350450104528698603e+02 4.850385240775175362e+02 5.261866671862188696e+02 5.581874928732949002e+02 5.908617980063979758e+02 6.250531418465834577e+02 6.623566180128863152e+02 7.016261787872098239e+02 7.329841862288437824e+02
1.721342721893767305e+02 1.844227917297590977e+02 2.177932695634846709e+02 2.577006975907106039e+02 3.061601385922309646e+02 3.625744348156517844e+02 4.160964946128499946e+02 4.286620799810982589e+02 3.970714768397865555e+02 3.344272190196286374e+02 2.762454268802013075e+02 3.244409493954821642e+02 3.732777774480820767e+02 4.249545557997935816e+02 4.398115474263645979e+02 4.149375769373068579e+02 3.573136386870830847e+02 2.932830016719075843e+02 2.973760792581821306e+02 2.928178052894236316e+02 2.516683983069044359e+02 2.070053167197969515e+02 1.779323756062097459e+02 1.601415336473921229e+02 1.690677798878755027e+02 2.261854804935781544e+02 2.849673862320366879e+02 3.312161913815501180e+02 3.788230394559652723e+02 4.234951967618886215e+02 4.607101539915925059e+02 4.951744191230917522e+02 5.294227579717387471e+02 5.647960380778141598e+02 6.034064604517295720e+02 6.477738901058826286e+02 6.998497666972859861e+02
2.072112712947310911e+02 2.463522458744836001e+02 2.609173192358353504e+02 3.018966337812559573e+02 3.472362126327655005e+02 4.034120057426756034e+02 4.581647463248689860e+02 4.730842608032698990e+02 4.352574561473406902e+02 3.781318237299503267e+02 3.085707286780374261e+02 3.618546584586246695e+02 4.186586620329699713e+02 4.692213314248028837e+02 4.763953589448886987e+02 4.243849135440568716e+02 3.599359175018756218e+02 3.546228030944597549e+02 3.605372080856532193e+02 3.290656370032257314e+02 2.793992838265668865e+02 2.392629954871507891e+02 2.264421428404293692e+02 2.032146573014060777e+02 1.649006892637294186e+02 2.177375295357764742e+02 2.441388189369549764e+02 2.844733803619636774e+02 3.216714934506521786e+02 3.564811948176403575e+02 3.913154062331037721e+02 4.257751749933563588e+02 4.600892774212675818e+02 4.962757765656181164e+02 5.377903260952151641e+02 5.905675508367747852e+02 6.442172061583688674e+02
2.454926604452273580e+02 2.917347439609803246e+02 3.216635838924478890e+02 3.573279660655825865e+02 3.993557490405584076e+02 4.460500387814002465e+02 4.948196390041436530e+02 5.023391982925244292e+02 4.491507661815512620e+02 3.897524648788424884e+02 3.440662267621063393e+02 3.984228579129593868e+02 4.579924433179028256e+02 5.084184193694023861e+02 5.041220641621595746e+02 4.389490736207474129e+02 4.226053479597597970e+02 4.206386970996126706e+02 4.150126257482263554e+02 3.685860335303858619e+02 3.299905184606387252e+02 2.934554645091440648e+02 2.594277379773162693e+02 2.165670299847918443e+02 1.973308517716271808e+02 1.692294232945386341e+02 2.083199366635292620e+02 2.475286734328024352e+02 2.571768970433637946e+02 2.938530458371342320e+02 3.299971020854997050e+02 3.646038249602311794e+02 3.992158667334308575e+02 4.369820745949015190e+02 4.831488718594059719e+02 5.325470399405531907e+02 5.951197767460761270e+02
2.421740116203812363e+02 3.039333673608579716e+02 3.614187805855901843e+02 4.049949638435081170e+02 4.463230051382338388e+02 4.884299000094893017e+02 5.247127879603563088e+02 5.270265846847352122e+02 4.748185389388779640e+02 4.082118009288415692e+02 3.921852172428370977e+02 4.409110100858670762e+02 4.988053969556276002e+02 5.489097957769711229e+02 5.442248073985879273e+02 4.963101257653490279e+02 4.897625763404292911e+02 4.862696627932364208e+02 4.579067744820174539e+02 4.258995189491591304e+02 3.861484917249386513e+02 3.443086319147476502e+02 2.936132082035780400e+02 2.294758096182881388e+02 1.791842626458397660e+02 1.819915421752338602e+02 1.731093515109573104e+02 1.761096213349873096e+02 2.101426906147596583e+02 2.421480550283705213e+02 2.778152783623481241e+02 3.150124561785390256e+02 3.505951232832471192e+02 3.908450630962639138e+02 4.330786750963923737e+02 4.836285314338173293e+02 5.577405278309496452e+02
2.331454198415874828e+02 3.036263682641132959e+02 3.526494973027749325e+02 3.931509681586438205e+02 4.361436260505503810e+02 4.819248620428072059e+02 5.256552320159887586e+02 5.448981550500236608e+02 5.127525121162117330e+02 4.562443348682984379e+02 4.487656279247162843e+02 4.983046092523692323e+02 5.473154234265749665e+02 5.929571414029566085e+02 5.926743380231708898e+02 5.577874173879301907e+02 5.500887189744479429e+02 5.297064627884607262e+02 4.936253942622269619e+02 4.500498847140199246e+02 4.030214125705819015e+02 3.557933374538565090e+02 3.055267202204661885e+02 2.500077996741372317e+02 1.890091950337283322e+02 1.863957627275444509e+02 2.269661529465735441e+02 1.885636766148918468e+02 1.799346722318813079e+02 1.955359022850900601e+02 2.393776210149359827e+02 2.777482212992671862e+02 3.128238805021811686e+02 3.492008768443513986e+02 3.916061907217479643e+02 4.690727315375350486e+02 5.408829659307757538e+02
2.395191136169840149e+02 2.824367165001369244e+02 2.931426026923823542e+02 3.307017924580684962e+02 3.752344138196098697e+02 4.304789005729255109e+02 4.965852290118978658e+02 5.429937625334445102e+02 5.452445387068935361e+02 5.088275855575404307e+02 5.160152575770320027e+02 5.604149049044002595e+02 6.080458920077076073e+02 6.351022622901266459e+02 6.310918068782851833e+02 6.045797833486500394e+02 5.680592704982084342e+02 5.217171640033674294e+02 4.742531894930700105e+02 4.217356661211612163e+02 3.736275309749837561e+02 3.170462231163747902e+02 2.728130196238901704e+02 2.112522245090649449e+02 2.606332694247186055e+02 2.752643450410403716e+02 2.725507252108292846e+02 2.358864651518297251e+02 2.129463056541015078e+02 1.840756933317252901e+02 2.167708154546936328e+02 2.466453731623767567e+02 2.715680123005882365e+02 3.075191297307305831e+02 3.891853210877598030e+02 4.658371298367030136e+02 5.220325221674063414e+02
2.082235869292107111e+02 2.272566858665199732e+02 2.272566858731866262e+02 2.590505498413645000e+02 3.128423832084236551e+02 3.761384374220027667e+02 4.511407293198871571e+02 5.284696138774609153e+02 5.714019335941226245e+02 5.641647567934638801e+02 5.894565830597344984e+02 6.297276938336831336e+02 6.545480343214936738e+02 6.529960530413128481e+02 6.227002282388309595e+02 5.855382137352886502e+02 5.437013047914593926e+02 4.817067642712068505e+02 4.200057525619118337e+02 3.823287164419152759e+02 3.355241912519447283e+02 2.973020054709730289e+02 2.336790389029704329e+02 2.767645146166541963e+02 3.191258102987989105e+02 3.361488647483397472e+02 3.082215643610308575e+02 2.509783601424792039e+02 2.556496512890325619e+02 2.310877309364063024e+02 1.880977118603546216e+02 2.220557068639433567e+02 1.956026042311139577e+02 3.108770063904186713e+02 3.872063840337923466e+02 4.414949597539614956e+02 4.875516700475878338e+02
2.830742694397819719e+02 2.455577075443726471e+02 2.698453040059984573e+02 3.081889024332232339e+02 3.066089424332978410e+02 3.499745025009424921e+02 4.243344496918733171e+02 5.010429723700440263e+02 5.737617978531005747e+02 6.181021841781794137e+02 6.490702113962053090e+02 6.798774126900735837e+02 6.754101931700539581e+02 6.335563787205754807e+02 5.749900900187280968e+02 5.272701464567210223e+02 4.894778414222781180e+02 4.609174098649637585e+02 4.009919762906150709e+02 3.361396261549572841e+02 3.013799346710986811e+02 2.521055520888987189e+02 2.869594310298654136e+02 3.280936701859180857e+02 3.725974064207232459e+02 3.856269659420245830e+02 3.482468372867151629e+02 3.051525942097331949e+02 2.763669659561850835e+02 2.417714257767378001e+02 1.880977118670212747e+02 1.920271312638845700e+02 1.920271312705512230e+02 3.054943259457473346e+02 3.454869461058220281e+02 4.073775474155512484e+02 4.350409474491734727e+02
3.390626730784160259e+02 2.792105762572717254e+02 3.040140019566950400e+02 3.354848979026262441e+02 3.588623088567247237e+02 3.919032576452748913e+02 4.219459072355224407e+02 4.804428841347722141e+02 5.493189590122318577e+02 6.237352502055090326e+02 6.901220623429436500e+02 7.099169001001366723e+02 6.684637206177638973e+02 5.950341928430752887e+02 5.269303819337608275e+02 4.698807887046824590e+02 4.230712265896133317e+02 4.203414681216939357e+02 3.843074406789997397e+02 3.296222007204715396e+02 2.654433888280789802e+02 2.521055520955653719e+02 3.215369916948523041e+02 3.718540743495427705e+02 4.192656275905650887e+02 4.285323463840243789e+02 3.886013859171810623e+02 3.434697173501784278e+02 3.093882644979275369e+02 2.632831437705775102e+02 1.947180203545207746e+02 2.328807746896857225e+02 1.981740302535521607e+02 2.512173015088177408e+02 3.260044588030057753e+02 3.711390142281213116e+02 3.666391375615716584e+02
3.878642522496676293e+02 3.325177619379625185e+02 3.292091869938582818e+02 3.699885283914757679e+02 4.072028653114595613e+02 4.419948437666550376e+02 4.835707821557365378e+02 5.306148485012964784e+02 5.958230474311178568e+02 6.606097013547212100e+02 7.158023305397246077e+02 7.134727682400711046e+02 6.523811876930226390e+02 5.790683689675236110e+02 5.125388567340033887e+02 4.558412509257080956e+02 4.070866460994684530e+02 3.606488229429418197e+02 3.480159081956734326e+02 2.869695504213125332e+02 3.090129910529544190e+02 3.197799600992241267e+02 3.339215916341962611e+02 4.023889803376620762e+02 4.603117279810029459e+02 4.691743574046528806e+02 4.263061200938610682e+02 3.807962243777103026e+02 3.224145051677402307e+02 3.080068853930222303e+02 2.721126734118782338e+02 2.467156122605408086e+02 2.327810837886353852e+02 2.033506610508349866e+02 2.834672505581962128e+02 3.121601431766637234e+02 2.982882796169440667e+02
4.406875151059863924e+02 3.911914633809143425e+02 3.737294772647605896e+02 4.071829625794911749e+02 4.479459000399127149e+02 4.923177115856481123e+02 5.365216075122107213e+02 5.894351769092745599e+02 6.441621097243692020e+02 7.030525514955990047e+02 7.330737225700675026e+02 7.114067470938717861e+02 6.482897557441303888e+02 5.766920836121710181e+02 5.093520381777424859e+02 4.509382025754899814e+02 4.157054685130576672e+02 3.685902813977456844e+02 3.103826642300538765e+02 3.325654585647441763e+02 2.869695504279791862e+02 3.398739346781003974e+02 3.886452631090474483e+02 4.424023004199884781e+02 5.001941669134065478e+02 5.088264468343949147e+02 4.598110014961924321e+02 3.967088854141196634e+02 3.832785266681907501e+02 3.451371327433774354e+02 3.022669589845884275e+02 2.646412288671789952e+02 2.181338769133600408e+02 2.062587915551914080e+02 2.549459787533978101e+02 2.527009047602633416e+02 3.140174396010419855e+02
