output/field_example_test_lateral/elevation_000064.asc
nrows	150
cellsize	66.66666667
xllcorner	0
ncols	150
yllcorner	0
NODATA_value	-9999
[rows 0 to 16 of 150, columns 37 to 73 of 150]
5.966400827199590822e+02 6.237381398588422599e+02 6.176819612991469057e+02 5.830262893729253619e+02 5.495680090975505436e+02 5.293926085538015514e+02 5.450583091070175215e+02 5.660711585713545446e+02 5.641556715467004324e+02 5.403025620961285540e+02 5.212938005103695787e+02 5.280700763778189639e+02 5.522018171998898879e+02 5.793142663867977262e+02 5.822085243342893364e+02 5.688545572068450156e+02 5.820667660640392569e+02 5.849628383585102256e+02 5.867157136731259470e+02 6.027954475092245730e+02 6.029943212692569432e+02 5.904072707567405587e+02 6.085278232467609314e+02 6.320451975412247521e+02 6.330258898762043600e+02 6.173288061422562123e+02 6.188709545152019018e+02 6.407652924269291361e+02 6.665133560542950590e+02 6.684731153438857518e+02 6.546168263252010320e+02 6.670517030347652963e+02 6.631337955967063635e+02 6.455636727354703908e+02 6.475071717628868555e+02 6.685748791411223237e+02 6.788729388361143720e+02
5.593785089863388293e+02 5.997726135478864080e+02 5.948272743714619537e+02 5.489685711459311506e+02 5.082382537422269593e+02 4.774928806424670711e+02 5.049878099393458228e+02 5.361641986501942938e+02 5.349244496125343176e+02 5.004223961067770006e+02 4.720856960706627774e+02 4.811938629779975258e+02 5.146400506912958690e+02 5.515427927354380699e+02 5.493402942209860385e+02 5.185155901621899375e+02 5.463078547375182552e+02 5.428720565499658051e+02 5.400413877632613548e+02 5.698931580346918508e+02 5.693305447650660653e+02 5.393060197388796269e+02 5.687155377916309362e+02 6.035391567620016531e+02 6.015353508956466158e+02 5.708588969781673086e+02 5.715231885937311063e+02 6.025021352804059234e+02 6.382686620858496553e+02 6.350049277819730378e+02 6.033642228886716339e+02 6.321158983643877036e+02 6.286354774027349777e+02 5.963450648880919971e+02 5.984264843191025420e+02 6.340214814845635374e+02 6.441116789219132670e+02
5.126231852854447197e+02 5.637996866994786842e+02 5.590669648383982349e+02 5.068853602566620111e+02 4.532228356559682538e+02 4.133279045169546180e+02 4.519993906439180478e+02 4.805964261789518446e+02 4.845640998955159375e+02 4.475150892549545460e+02 4.081602434623354725e+02 4.212837182504119369e+02 4.674836350826130911e+02 5.040683763536658262e+02 4.971720844320949482e+02 4.540766283756269672e+02 4.908075497876552618e+02 4.813681896717768041e+02 4.759822759135868750e+02 5.174435517739732404e+02 5.172686771449011758e+02 4.740544885735447451e+02 5.162375735601849556e+02 5.570115509087734154e+02 5.510715449560062780e+02 5.080068206116780516e+02 5.087386523847254125e+02 5.522469175108384434e+02 5.917776536112451140e+02 5.822147038905366117e+02 5.370318726578894939e+02 5.769203398466133876e+02 5.739564730179586149e+02 5.307575353407218017e+02 5.333189408141583954e+02 5.793857807685451462e+02 5.893448858014711504e+02
4.735340507381167754e+02 5.294855176150621219e+02 5.210473582025429096e+02 4.679469765605618363e+02 4.086177464667836716e+02 3.606184460743784825e+02 4.000252986544194300e+02 4.101498974849586148e+02 4.241842834012368826e+02 3.965165792763867785e+02 3.541501510115112978e+02 3.717622778565333306e+02 4.300596421216237673e+02 4.432690131622454714e+02 4.416595821775664490e+02 3.960497855468230455e+02 4.357114079962507844e+02 4.220493966010938038e+02 4.160197460997604821e+02 4.639590794867019667e+02 4.653318682055677300e+02 4.168422917368169465e+02 4.650839269374541232e+02 5.063770110481231086e+02 4.976798543798975629e+02 4.488215819742335384e+02 4.538631972502216740e+02 5.042208131173867400e+02 5.383430182948023912e+02 5.270188297212254156e+02 4.756574073805741136e+02 5.194712696012047672e+02 5.175252837377720425e+02 4.702143540056978281e+02 4.738453040813488997e+02 5.239448502449321268e+02 5.337324355822112238e+02
4.686783563757969091e+02 4.938078471336654047e+02 4.755136945045773018e+02 4.335680362331821698e+02 3.729843192912197196e+02 3.180904855037102834e+02 3.329696065664684852e+02 3.411744495975648306e+02 3.609212428933503816e+02 3.554497053631030212e+02 3.098285087900035251e+02 3.557390853725575539e+02 3.827203528561221333e+02 3.813042678951389917e+02 3.859020387668986132e+02 3.466289779779460787e+02 3.860324452693708395e+02 3.690537442586746124e+02 3.639164562840677490e+02 4.143026800788827586e+02 4.176289110215274150e+02 3.686100583437776663e+02 4.176959401972984551e+02 4.484946673125839425e+02 4.424797308073726185e+02 3.954994825585499711e+02 4.081376920309947991e+02 4.653565182065319163e+02 4.749564949859315561e+02 4.727219509464326848e+02 4.212067856859363246e+02 4.590782335578520588e+02 4.596383015416591320e+02 4.137744713479222014e+02 4.210966216292177364e+02 4.714220031101622226e+02 4.799049713889980922e+02
4.475154044170974998e+02 4.443132472351134084e+02 4.093453446260779174e+02 4.047882832920150236e+02 3.704781862407883750e+02 3.239807316433622191e+02 2.659700979513068546e+02 2.801488888229159784e+02 3.098685520054968379e+02 3.093473307819833167e+02 2.768514993608760619e+02 3.059414216559690658e+02 3.173901336049793258e+02 3.224895839644534590e+02 3.223526092286511471e+02 3.038204411255629793e+02 3.343187785955353775e+02 3.201761165278422823e+02 3.189679326350719748e+02 3.674519890606804893e+02 3.724436947685294967e+02 3.274839467662836796e+02 3.755752206273624552e+02 3.756950981983372913e+02 3.766853966492938071e+02 3.471370960722532004e+02 3.871974527884659665e+02 4.032603517300314024e+02 4.096102199373654571e+02 4.188546597830297742e+02 3.698117745017477773e+02 3.880686825764011587e+02 3.917952215158597937e+02 3.396546867550810020e+02 3.795238254428875848e+02 4.163287541446161413e+02 4.234441587615031608e+02
4.083260003389534631e+02 3.887610031140494016e+02 3.427711680587036653e+02 3.514016605372074196e+02 3.270702445106132927e+02 2.921004149459842552e+02 2.325881544629484949e+02 2.331651329812978588e+02 2.517844527544948789e+02 2.563429432691225998e+02 2.568157972986305708e+02 2.380929059633353972e+02 2.554937954807767539e+02 2.767453937186468238e+02 2.665455975628603369e+02 2.809267555827386218e+02 2.538921112610896955e+02 2.834478056371887078e+02 2.798084777410106199e+02 3.156353220554368590e+02 2.571905554286810798e+02 2.917612074499857044e+02 3.223213867964678911e+02 3.090667406925480805e+02 3.105419508107532351e+02 3.301804291905528430e+02 3.013145288426317734e+02 3.266825111608746397e+02 3.555918760416568034e+02 3.615263761973454280e+02 3.132124224134301471e+02 3.198497205888958774e+02 3.267877867856386160e+02 3.336278257669310392e+02 3.415874527328941213e+02 3.505155730864994439e+02 3.738908251881669571e+02
3.664211602439039552e+02 3.292176048525924443e+02 2.817408465959704813e+02 2.857428328805922888e+02 2.694155681863824157e+02 2.580498706165197973e+02 2.348106056531484569e+02 1.908863118826310199e+02 1.954072509497045473e+02 2.004272425877455248e+02 2.052572563614992305e+02 2.102151906395295384e+02 2.155544822240031522e+02 2.207788190756685651e+02 2.260697800918237590e+02 2.314695543307347521e+02 2.359726282911757949e+02 2.411776001510847891e+02 2.455674038305195381e+02 2.510797360012328170e+02 2.571905554220144268e+02 2.628087610419275393e+02 2.628087610485941923e+02 2.681744636164674489e+02 2.740465171229724319e+02 2.803041537031327266e+02 2.856392219356844748e+02 2.916337078900778579e+02 2.982609623564142112e+02 3.042121372494208913e+02 3.183892374192528791e+02 3.606457202058385292e+02 3.449939252963464469e+02 3.822097083735571914e+02 4.047557390544833424e+02 4.112944155811331939e+02 3.645110800436171985e+02
3.213065851198322207e+02 2.860903856098663596e+02 2.296972531354855676e+02 2.230232878219332235e+02 2.198323503210833394e+02 1.772702257997867150e+02 1.832245211471547179e+02 2.236112217585399264e+02 2.193539300494504971e+02 2.448730711829004463e+02 2.382094216404194071e+02 2.648791334642851893e+02 2.701492529090958215e+02 2.542900807335398952e+02 2.811575437301759166e+02 2.866405042773724858e+02 2.862555047020829306e+02 2.953316267107032900e+02 2.545044353125970531e+02 2.701523938165389040e+02 2.977967180368791560e+02 3.219617852420713007e+02 3.234034427988722200e+02 2.992789134099688795e+02 3.307883349564428386e+02 3.395891662545440113e+02 3.410855750158688124e+02 3.446616060925625220e+02 3.504362729270648060e+02 3.156667572715365964e+02 3.616163103058358388e+02 4.044142783324933816e+02 4.088729585486557312e+02 3.805856131170377239e+02 4.343206126729882044e+02 4.628247717101132821e+02 4.567619113847636072e+02
2.637637787381065664e+02 2.472728933557778248e+02 2.030735909827177181e+02 1.613173700334982641e+02 1.680213278946929165e+02 1.930673834361513457e+02 2.333292722197533351e+02 2.710963407973237054e+02 2.713983070014634222e+02 2.834509862409640277e+02 2.868446855789534311e+02 2.931056845108827815e+02 3.239980236774784998e+02 3.014560214455879077e+02 3.114495530735308080e+02 3.427831319652391358e+02 3.389489149334791591e+02 3.315516983657668675e+02 2.742111316718936109e+02 3.252494973000329992e+02 3.620566104362865758e+02 3.691580164498647036e+02 3.654513980567360818e+02 3.496135122885448254e+02 3.564905487053417801e+02 3.967075256107386281e+02 4.033858815398770616e+02 4.029605249248082259e+02 3.910636014549401125e+02 3.318610825459431908e+02 3.941919021286261682e+02 4.474515157393454388e+02 4.615771150219709398e+02 4.513284753370762132e+02 4.196101494196011572e+02 4.823847863164318142e+02 5.254384612686521905e+02
2.095935972311224589e+02 2.006383184929651691e+02 1.504987699742963514e+02 2.086840326906021232e+02 2.204664783402949411e+02 2.315716879791962981e+02 2.781063141076520537e+02 3.257219426772593351e+02 3.329124593794907696e+02 3.413712157404438017e+02 3.441755208208830368e+02 3.404732530824026639e+02 3.752706992482367241e+02 3.529430912894285939e+02 3.585125601958951052e+02 3.928466380285119612e+02 3.851340398747039444e+02 3.525342500978580915e+02 3.014374687369868298e+02 3.711372721150254392e+02 4.208105829144341214e+02 4.298138118361999886e+02 4.211222089831687185e+02 4.057937665522424595e+02 4.082843060330079652e+02 4.320819409812073104e+02 4.659331153450424949e+02 4.610829335748317703e+02 4.233626429964314184e+02 3.530297169277406510e+02 4.259327392676532327e+02 4.831964111130807851e+02 5.153928302274200632e+02 5.036486966828990717e+02 4.485473201543397863e+02 5.080902058490049171e+02 5.591976161181706857e+02
1.766864701941108819e+02 1.384707510263520760e+02 2.000374010835444665e+02 2.434679656315293244e+02 2.772103513296950723e+02 2.917586595986994098e+02 3.321694691186950763e+02 3.809659249234309186e+02 3.988813793011840403e+02 4.091516111379100948e+02 4.117362865567907306e+02 4.005822937687563012e+02 4.310533576087543679e+02 4.107831073720736299e+02 4.139490117063417642e+02 4.365881302089421183e+02 3.996253665271914883e+02 3.363581823008287301e+02 3.689558366030916545e+02 4.155366539766576466e+02 4.651846435453863364e+02 4.916751262720379714e+02 4.851340862072776758e+02 4.697149983039278709e+02 4.681720428525284774e+02 4.913507019842404020e+02 5.171683047666247148e+02 4.966683740228419879e+02 4.396519796821995101e+02 3.748695066452511924e+02 4.320698979270533187e+02 4.957751378921288392e+02 5.517285728449653561e+02 5.458838256278515928e+02 4.956811843157362318e+02 4.945340434999750414e+02 5.552185800771896993e+02
1.317840504523589118e+02 1.317840504590255648e+02 2.271223648862086861e+02 2.813722574499847724e+02 3.221351033668182708e+02 3.538386196287497114e+02 3.904171734849670656e+02 4.299676700190055953e+02 4.586853140196359959e+02 4.749866194476901455e+02 4.829654786880636266e+02 4.754873530495378873e+02 4.882200937910136531e+02 4.750023263169562142e+02 4.748784761186088872e+02 4.823624930725218292e+02 4.348013306204474588e+02 3.884459552916513303e+02 3.633129120102826164e+02 4.196508825564253584e+02 4.784655696539489895e+02 5.304618180291369072e+02 5.482487277678527562e+02 5.397262551267608615e+02 5.357027268317185644e+02 5.545446368059465385e+02 5.578643038226175577e+02 5.027648755872161246e+02 4.437153183729708985e+02 3.990917689885267237e+02 4.728069255047128649e+02 5.367331733964097111e+02 5.876764020012117271e+02 5.917301538494843953e+02 5.496382616765448574e+02 5.545082689679168197e+02 5.426463133601350819e+02
1.699495384920874130e+02 1.433016267079301258e+02 2.167262343406322884e+02 2.711959634381064461e+02 3.208894924298668911e+02 3.637811616942700539e+02 4.038233766035357348e+02 4.406374684093536302e+02 4.633683213923027893e+02 4.908262750059415680e+02 5.209842040529174483e+02 5.389201147615646050e+02 5.536713822453380089e+02 5.446480468985746484e+02 5.404021274740177887e+02 5.286616302957868356e+02 4.759270263903727027e+02 4.335560935642658364e+02 3.841439238628461226e+02 4.259112367683108573e+02 4.780383508764662679e+02 5.354044569301578349e+02 5.863113032373656779e+02 6.057375037826574271e+02 6.065913589814210809e+02 6.187685687856137520e+02 5.900649381514730294e+02 5.342782534418148543e+02 4.808642924901240576e+02 4.250059227029533986e+02 4.822257029874156160e+02 5.533944692515467523e+02 6.184416722528033006e+02 6.392968027317034512e+02 6.113712192962248082e+02 6.175384049814661012e+02 5.796582945876995154e+02
2.298484143789675329e+02 2.130751413347985306e+02 1.640167925238332884e+02 2.291704788482313688e+02 2.778457953504201896e+02 3.193243053219406988e+02 3.565270705878076001e+02 3.955422478943308420e+02 3.977433952369788130e+02 4.390969238658371978e+02 4.973110441559039714e+02 5.469339917993767131e+02 5.896980297287040003e+02 6.067337432946111448e+02 6.040542411276758230e+02 5.714022511848614840e+02 5.266838420612663185e+02 4.770646616180594037e+02 4.410961838267054986e+02 4.160031346107842296e+02 4.655226661816172395e+02 5.238001898101596225e+02 5.867002599181034839e+02 6.414844098092888771e+02 6.669050096529003895e+02 6.715510570745360610e+02 6.299968237830452154e+02 5.753819532904244625e+02 5.132620760602384280e+02 4.541000721623183836e+02 5.180718220790794248e+02 5.735398822153481433e+02 6.396686063231626349e+02 6.821241114819431459e+02 6.777552219218653136e+02 6.766517540635255727e+02 6.346547838754046325e+02
2.915309765079827002e+02 2.600295107502774954e+02 2.212435804760816893e+02 1.825762855553920190e+02 2.371527508749924777e+02 2.559523976577984570e+02 2.992859388688653439e+02 3.282562294473472662e+02 3.226555252917551684e+02 3.782881452637739699e+02 4.425578508081804898e+02 5.105190505109239325e+02 5.782081366949388439e+02 6.298836312024083099e+02 6.442705587439223791e+02 6.235403978776196254e+02 5.786468696504181253e+02 5.367698116617863207e+02 4.970848699333665195e+02 4.653336065924328295e+02 4.526536593773217305e+02 5.151260103007041380e+02 5.832193173087309788e+02 6.422522589904939423e+02 6.897344157640025060e+02 7.080583477777294092e+02 6.763790580937650248e+02 6.132178637011719502e+02 5.479515424758701556e+02 4.930481866371925435e+02 5.054324189036850044e+02 5.673706100538313422e+02 6.332102480054113585e+02 6.964140097469079365e+02 7.319674713487718236e+02 7.343200892698729376e+02 6.982926940684892543e+02
3.438656005027801825e+02 3.084038218177766453e+02 2.679884524997570452e+02 2.378475878491109654e+02 1.956103038982678584e+02 1.956103039049345114e+02 2.548944261863049405e+02 2.517413346892801371e+02 3.064583630589708605e+02 3.784752208549921875e+02 4.512015891998375423e+02 5.116854108840847175e+02 5.654916658380672061e+02 6.132571173181307813e+02 6.476883185884914838e+02 6.556401858102549340e+02 6.343998663704931005e+02 5.939126209025467915e+02 5.520961383847156867e+02 5.367296881633534440e+02 5.006705890351933022e+02 4.909378951426712661e+02 5.466142445775143415e+02 6.104365048634441564e+02 6.788121652296919137e+02 7.286438666165441873e+02 7.117134478947341449e+02 6.513686367922842919e+02 5.890694418388322902e+02 5.380142923789420593e+02 5.557881427919675161e+02 5.646796167932706112e+02 6.186921592695910022e+02 6.823955021676254091e+02 7.490578894600308786e+02 7.866517976130467105e+02 7.711303597878644496e+02
