output/field_example_test_lateral/elevation_000041.asc
nrows	150
cellsize	66.66666667
xllcorner	0
ncols	150
yllcorner	0
NODATA_value	-9999
[rows 0 to 16 of 150, columns 0 to 36 of 150]
8.938372320123140653e-04 6.137874108448585275e+01 1.249776559389468389e+02 1.735710409155592515e+02 1.907730345143693285e+02 2.155246097776602028e+02 2.349140338424218442e+02 2.766887944316739549e+02 3.263534907398707787e+02 3.849043039353870768e+02 4.514295704449262416e+02 5.189871108956912167e+02 5.706459647156069650e+02 5.862167604841301909e+02 5.612930570843002442e+02 5.275311382057324181e+02 4.973006567320564955e+02 4.792126514204487080e+02 4.980140210935262530e+02 5.297195779647203153e+02 5.669619420374027641e+02 5.992394572625598812e+02 5.948749186800331472e+02 5.616718130235655053e+02 5.336805321191940266e+02 5.233914240593558134e+02 5.305008352594403505e+02 5.575039196230001153e+02 5.947617137847678350e+02 6.292009235566582674e+02 6.304271185994080042e+02 6.082068017287913335e+02 5.866203527857893505e+02 5.623688994157671459e+02 5.565255158186008657e+02 5.554920087840605447e+02 5.634267920210891134e+02
8.462296066984677690e-05 6.492143614653308248e+01 1.249589949019369612e+02 1.510323149844109309e+02 1.459176090489850992e+02 1.802875251443901163e+02 2.249899168598601022e+02 2.740104639356379153e+02 3.295259725747362722e+02 3.929008590393973464e+02 4.614911302409290101e+02 5.232027043468677903e+02 5.531801122869593428e+02 5.630476806828252165e+02 5.298745614763068943e+02 4.907306866010720228e+02 4.551299020971733285e+02 4.263874821940599418e+02 4.555948757684774932e+02 4.923057471884830534e+02 5.351481054988277037e+02 5.779963101339527611e+02 5.728252999641239285e+02 5.254384422849337852e+02 4.864868871129453964e+02 4.761308504992513804e+02 4.824390450335453124e+02 5.179754419010279207e+02 5.625893614386096715e+02 6.065280125975484680e+02 6.015170259646480417e+02 5.645826478129994257e+02 5.503619743787377274e+02 5.134419382874222038e+02 5.114944634149424587e+02 5.093061006304124021e+02 5.172762454714396654e+02
1.082983629405184312e-04 6.117153644476741903e+01 9.954857360517763709e+01 9.470401483804444354e+01 1.343197564721293986e+02 1.766180690903703123e+02 2.241223059336948324e+02 2.781411241799938807e+02 3.399960723434890042e+02 4.087968032282669810e+02 4.728174519370720645e+02 5.022661812808370314e+02 4.953158448584179041e+02 5.137977390273018727e+02 4.901569615549939840e+02 4.410855135787376753e+02 3.980867346823138178e+02 3.610564585675952003e+02 3.979283599729508296e+02 4.410514387508325171e+02 4.955707931165766809e+02 5.446559946021378664e+02 5.394647716119769711e+02 4.846174717686736813e+02 4.241153218861589949e+02 4.079846692880205410e+02 4.194607986219924101e+02 4.677432780380344184e+02 5.236154588787445618e+02 5.709385341320876250e+02 5.567844187641281906e+02 5.036171521130718816e+02 4.930771500761589436e+02 4.474939514340492224e+02 4.481684897355862631e+02 4.423118023915299091e+02 4.508285791622082570e+02
2.682931819736126796e-04 2.264901021259855085e+01 4.965461531503581227e+01 8.626558358667416826e+01 1.268737008058017608e+02 1.725715772460203539e+02 2.251809832932068218e+02 2.853070649107041845e+02 3.528623209002835779e+02 4.243160867064815989e+02 4.651124831655898788e+02 4.559153757672173128e+02 4.214016517075673960e+02 4.584358777399839369e+02 4.585077988021241140e+02 4.034057578042186947e+02 3.499919620499027815e+02 3.081601394937680993e+02 3.482364849429926039e+02 3.984452556259536777e+02 4.575357473356357900e+02 5.099460253549306117e+02 5.051734717714586509e+02 4.481860815877532787e+02 3.867800209134796319e+02 3.403718805903971543e+02 3.767399286061561838e+02 4.276879410769608398e+02 4.869109344072911085e+02 5.355490686944906429e+02 5.181188462411764704e+02 4.446564674424137138e+02 4.314831271906143684e+02 3.866268075554704637e+02 3.901590693814233646e+02 3.775017901789642565e+02 3.865397608296332805e+02
1.026078096045774778e-03 6.408159312050551648e+01 1.103598364947515762e+02 1.425259457532004603e+02 1.828341520904063771e+02 2.270650417847280096e+02 2.760453642026543548e+02 3.351516920394482781e+02 3.861364658613399001e+02 4.278328982920320982e+02 4.331426159235931550e+02 3.958378350142452859e+02 3.538424904202356629e+02 4.044590431635712093e+02 4.221226153472915144e+02 3.765576713268798699e+02 3.152625494487091942e+02 2.673502882296536427e+02 3.091759853892214664e+02 3.599708286377783111e+02 4.221897668994373021e+02 4.768262083754373748e+02 4.719026803541632944e+02 4.143305226060965083e+02 3.510624133287064979e+02 2.980765595332184716e+02 3.397442367130444723e+02 3.922086669373430823e+02 4.525634085493180692e+02 5.032894324213427240e+02 4.937210777151234993e+02 4.292291777062884535e+02 3.590234604079043947e+02 3.341803753557577465e+02 3.501772080153585875e+02 3.183842496478137605e+02 3.548233380844993121e+02
1.620812103562621219e-04 7.010420111824662115e+01 1.288826665551482051e+02 1.799791955453791559e+02 2.295430385186419358e+02 2.767684366300518946e+02 3.215944214859432577e+02 3.600856762612992270e+02 3.867996892444427317e+02 3.993603455329721896e+02 3.911978553032379295e+02 3.440182031843887103e+02 2.947487748378041488e+02 3.526907095159359642e+02 3.809493039374582963e+02 3.478372602929880486e+02 2.890782873315156394e+02 2.344556978203618485e+02 2.697743782428657369e+02 3.248673868950261294e+02 3.897921518197936166e+02 4.466753044832492492e+02 4.392173186615686404e+02 3.820071276343092563e+02 3.192756794731913033e+02 2.642447444745027383e+02 3.066728556885781813e+02 3.581743535994600052e+02 4.191924166884172109e+02 4.688201705656254603e+02 4.687684902270048610e+02 4.166524286081092328e+02 3.515629331265377004e+02 2.882964303659292113e+02 2.941367262249029295e+02 2.822280235483774504e+02 3.452925570501544144e+02
1.031439668570789539e-03 4.329235864413902135e+01 9.696675834607087552e+01 1.584206227600748491e+02 2.223313191934479960e+02 2.802396850094933711e+02 3.259931272745557749e+02 3.393105019719488951e+02 3.351238132417169595e+02 3.386316095665919761e+02 3.425774798892953186e+02 2.967366657608853870e+02 2.438940059828361200e+02 2.985881271176299947e+02 3.414199232555104686e+02 3.253991716808060914e+02 2.617281167809724707e+02 2.066625988647930399e+02 2.733600808713622428e+02 3.321674492362620867e+02 3.841100177106396814e+02 4.180531522433103646e+02 4.066498316107422397e+02 3.475817975687065768e+02 2.897636792707693871e+02 2.346612728152639136e+02 2.714988037796730396e+02 3.264934450247076825e+02 3.858602549515306919e+02 4.188545781430378270e+02 4.212220924362432015e+02 4.030555255954868130e+02 3.581992654480489477e+02 3.002374536581279472e+02 2.369830887416273981e+02 2.959492887271769632e+02 3.492954697786277620e+02
9.004964844020473154e-04 7.079969298052347426e+01 1.345659534607801788e+02 1.912252126500471547e+02 2.398413038513747892e+02 2.738337662244940134e+02 2.886666999029088174e+02 2.810659956602395937e+02 2.703285172410297150e+02 2.729710667147678009e+02 2.923557462483244649e+02 2.545971528513898363e+02 2.006455956574371839e+02 2.565457617184878814e+02 3.034432098574793599e+02 2.980170407355419684e+02 2.494384160402519228e+02 1.806155359823563344e+02 2.380184818449162094e+02 2.997510862626513699e+02 3.408769201275356977e+02 3.716323677205509739e+02 3.646645716783580724e+02 3.266826005298725590e+02 2.599617685144421557e+02 2.080544865990901258e+02 2.698646836592884029e+02 3.272858662388748030e+02 3.536895883041859747e+02 3.486859319205714769e+02 3.490444391418019450e+02 3.511365664018711641e+02 3.215341474049610611e+02 2.712759852336402560e+02 2.122626361049078128e+02 2.659590335939234365e+02 3.309689028072438646e+02
3.039551361081488530e-04 6.251888163447522828e+01 1.282648255695462467e+02 1.864890388404063799e+02 2.167349794914612744e+02 2.239075678278265684e+02 2.273480515944639535e+02 2.174195631243372588e+02 2.084919271608488032e+02 2.093221117680395196e+02 2.423248405649594304e+02 2.220783144345643336e+02 1.638228290113877108e+02 2.188905421765090864e+02 2.605222392922934773e+02 2.558785234281721728e+02 2.129467587984768215e+02 1.554363964382581855e+02 2.253090985721215418e+02 2.729817568481735179e+02 2.834364613739903120e+02 3.102587058908923723e+02 3.017381045729881635e+02 2.887690806859316126e+02 2.457334486932975040e+02 1.820062897152416781e+02 2.535471218600420116e+02 2.959243164055900479e+02 2.905557038760828164e+02 2.746028159755473439e+02 2.775461595647682884e+02 2.843250197210784904e+02 2.822742344731143476e+02 2.413307586288000550e+02 1.922953070995683618e+02 2.524227404842336000e+02 2.964451105302538849e+02
8.298376701672485626e-04 6.419039854374119614e+01 1.226487084688616420e+02 1.570892774278217132e+02 1.627691645199920174e+02 1.647156567010239030e+02 1.655879490532188925e+02 1.581352149029505370e+02 1.531007040751823638e+02 1.522651288124729376e+02 1.934846594219167173e+02 1.836309500129863750e+02 1.313559214601614258e+02 1.864390166628802490e+02 2.033019556633939544e+02 2.007590582112922561e+02 1.641635197080133537e+02 1.313731291676961064e+02 1.909756632227342266e+02 2.217774546616509781e+02 2.262948089057134951e+02 2.403716136039078606e+02 2.357939628013613174e+02 2.327417699270735909e+02 1.922334375294990707e+02 1.548386875241515099e+02 2.170224559620621392e+02 2.375941201249322319e+02 2.147438716306833157e+02 2.058004316746099960e+02 2.169810468494719373e+02 2.212935807472259171e+02 2.273606225398409038e+02 2.189545678324569735e+02 1.733071191190933007e+02 2.086210735551207733e+02 2.445630181026894832e+02
2.906530451806879503e-04 6.142951464192729816e+01 9.311870261101134361e+01 1.070145791877758654e+02 1.024429530296058033e+02 1.084180999647124395e+02 1.040357064069263373e+02 1.043407337613484600e+02 9.924550455629695023e+01 1.011023309151308069e+02 1.441148433043591695e+02 1.339398341827653098e+02 1.019567675959087723e+02 1.465978452565128975e+02 1.451229254872781951e+02 1.382520568696673706e+02 9.920963572475898218e+01 1.435681493916394800e+02 1.596269265510532875e+02 1.477754195652441922e+02 1.842709604894347137e+02 1.775371541764662879e+02 1.768362323233127995e+02 1.735440530623610300e+02 1.180982308566219814e+02 1.624004331954994313e+02 1.730194592847928163e+02 1.703394557106154537e+02 1.228685040416756067e+02 1.471339280377324883e+02 1.712649495273600735e+02 1.653722880461711497e+02 1.717059440511692117e+02 1.796961608098372665e+02 1.690677222048466319e+02 1.477262308070165773e+02 1.906514643524906774e+02
7.157339202923989003e-04 4.415180599863860778e+01 5.018580701508124520e+01 6.042343769171367285e+01 4.993959963592023144e+01 6.684178568533953069e+01 4.614535101217290247e+01 6.597805706037379991e+01 4.179295773823102422e+01 6.512509229803697508e+01 9.058192275986711195e+01 6.382012794586218973e+01 8.893080065246174115e+01 9.824405486523244235e+01 9.866898016133359306e+01 6.674503150441319121e+01 9.931984617193521103e+01 1.114770402244652985e+02 1.063512682943623417e+02 9.635983077217601078e+01 1.293497860853202326e+02 1.217436919273216063e+02 1.327531520514854435e+02 1.109013413019455925e+02 9.509777703491549516e+01 1.246215038732467661e+02 9.241094523525732995e+01 9.632020531911862804e+01 9.966016876921696621e+01 1.035821676997592391e+02 1.079204283348242228e+02 1.121279928746928505e+02 1.164455729166453608e+02 1.208528313209342002e+02 1.250890748692683161e+02 1.284835687489348288e+02 1.327931234180203717e+02
7.999942757707127414e-04 3.312463993377053662e+00 6.930149399065222759e+00 1.054840504916336741e+01 1.346805016243913045e+01 1.690695319851141676e+01 1.991687535537277753e+01 2.323472999344858181e+01 2.619146006592652043e+01 2.893550356663824985e+01 3.187526709131724800e+01 3.528361759045189672e+01 3.877023755120745108e+01 4.288746144396208138e+01 4.288746145062874859e+01 4.640455439798827086e+01 5.004965001912618305e+01 5.352100312752933320e+01 5.742263321393065212e+01 6.118730573941861195e+01 6.493735728819854103e+01 6.841565487397744505e+01 7.310637711789478033e+01 7.727648122902984085e+01 8.091696525170009124e+01 8.552648544524546992e+01 1.217339707015878361e+02 9.959398113545364595e+01 1.184851174538269163e+02 1.518020191511033943e+02 1.674509064961739284e+02 1.689109186490841523e+02 1.717847634113057040e+02 1.747266209159729158e+02 1.846825265178975997e+02 1.634549536227626163e+02 1.819804303932793914e+02
5.812062313701293458e-04 5.214460475847756982e+01 7.634483595301705350e+01 7.406724594347332413e+01 4.202470902475188552e+01 7.056027420885391166e+01 6.771487796999223008e+01 7.730956651389161038e+01 8.332710237639723516e+01 5.089621722041142249e+01 4.205561974787881496e+01 9.378139334991776366e+01 6.729664219385637125e+01 4.288746145062874859e+01 1.051945291024799900e+02 1.015944848731057704e+02 8.948257632316284571e+01 7.581296112731298820e+01 1.145189454252322179e+02 1.196495386107867489e+02 9.062957183551534968e+01 7.403455520746443597e+01 1.377450384177934382e+02 1.353820571834933446e+02 1.330153002216127049e+02 1.452799344315574501e+02 1.177354490791001069e+02 1.577391562700906036e+02 1.706253989583943849e+02 1.513411320647433342e+02 1.965322991806830260e+02 2.214070389643722763e+02 2.300343287111181780e+02 2.332694930950370917e+02 2.320352750859607625e+02 2.153356100618375706e+02 2.117744706033302009e+02
1.030222211979432180e-03 6.422459153237565488e+01 1.197170955571757105e+02 1.299787901650340700e+02 1.180510798164123969e+02 1.229288922003329105e+02 1.221651291434048261e+02 1.341652451879145076e+02 1.245870661866063358e+02 6.731283631015233482e+01 1.259628885778050886e+02 1.527045452620197921e+02 1.595001317719209055e+02 1.678735703660687477e+02 1.695922799576632940e+02 1.554843829766149668e+02 1.103190981867340668e+02 1.444518798660027983e+02 1.727989890896496092e+02 1.733279358528888281e+02 1.559559902018402227e+02 1.144180131879305407e+02 1.784749463458073819e+02 1.936455268478036658e+02 1.903554674309109771e+02 1.980895715777492399e+02 1.819287615096503998e+02 1.479060905361325808e+02 2.006297165743349353e+02 2.077727147934745062e+02 1.838343917755076120e+02 2.467748560155955033e+02 2.815332125525069955e+02 2.947735308596433583e+02 2.923285626147212497e+02 2.773194239236311773e+02 2.627970671030841459e+02
4.734480801185067837e-04 6.771526508562499203e+01 1.371591449104686831e+02 1.834280394428016052e+02 1.905245126645761786e+02 1.916671494747440931e+02 1.860745548017726207e+02 1.947532958965984164e+02 1.552450116922553889e+02 9.132911198759734361e+01 1.522623419781018299e+02 1.856333331612219411e+02 2.163815644551337982e+02 2.352884809770969241e+02 2.344874302131314039e+02 1.940913647450648227e+02 1.837997209070503857e+02 1.518113751773712750e+02 2.169864406039924347e+02 2.319907885866058734e+02 1.994731748760855510e+02 1.445489131446578597e+02 2.115832177383376518e+02 2.509519306044081475e+02 2.552740630013578595e+02 2.587673869885352929e+02 2.219121019246987032e+02 1.686865504334687955e+02 2.240680409615819144e+02 2.472999058713009504e+02 2.083594354301571059e+02 2.606667758430397726e+02 2.924794711139664969e+02 3.249599597157040876e+02 3.484364190660337499e+02 3.418974120337093723e+02 3.225082740431988100e+02
5.265489708478624442e-04 6.257053066856630608e+01 1.325621580631078302e+02 1.994174415196611960e+02 2.424790296793665050e+02 2.578955747905656608e+02 2.531373045016429160e+02 2.468956442520193093e+02 1.910281895421631475e+02 1.209741239322163580e+02 1.387865526081704388e+02 1.387865526148370918e+02 2.136606047642069655e+02 2.748846446297094417e+02 2.896782039797675452e+02 2.598124880608461353e+02 2.438154870175125666e+02 1.859333215566434774e+02 2.526719044051482967e+02 2.756810264354066931e+02 2.351062442045839020e+02 1.724689383539225105e+02 2.267830493683041482e+02 2.849674699298461746e+02 3.164866153188767726e+02 3.075645603016174618e+02 2.528777153715043653e+02 1.904264017258518038e+02 2.353801182809249610e+02 2.803216066894200935e+02 2.741991183550223923e+02 2.413395742080461730e+02 2.413395742147128260e+02 3.113310165239674916e+02 3.728755537972041907e+02 4.010622877612749448e+02 3.882426971697833551e+02
