output/field_example_test_lateral/elevation_000085.asc
nrows	150
cellsize	66.66666667
xllcorner	0
ncols	150
yllcorner	0
NODATA_value	-9999
[rows 0 to 16 of 150, columns 111 to 147 of 150]
9.801398741549553506e+02 9.544484925997051050e+02 9.386541426970379689e+02 9.173057092180351901e+02 9.075745997609860751e+02 8.970170026683880451e+02 8.881346945357881850e+02 8.830098518772744001e+02 8.958455982103440647e+02 8.900483324457132994e+02 8.642191666051483026e+02 8.441211157785410251e+02 8.489554946419633552e+02 8.640796574713439213e+02 8.717078673025912394e+02 8.815166361978265286e+02 8.913199895422018244e+02 9.048621227070386794e+02 9.343496505126001921e+02 9.760546950900479715e+02 1.025458123076811717e+03 1.077532872281739401e+03 1.104699868432012863e+03 1.090006586503936660e+03 1.074318657574928011e+03 1.085835007046493047e+03 1.112277071826951442e+03 1.138675557743954187e+03 1.126756847065861848e+03 1.084860719672934010e+03 1.041020091960157515e+03 1.003224350673165077e+03 9.764133197231317354e+02 9.687332661812996548e+02 9.758844758556675743e+02 1.001385266982016560e+03 1.035501997345056679e+03
9.410098275280740836e+02 9.099362125246763071e+02 9.037059021639947787e+02 8.721550199027592498e+02 8.660146927639951855e+02 8.547157677006648555e+02 8.451716179977344154e+02 8.358670987605919436e+02 8.636174288123717133e+02 8.613226755367745682e+02 8.241683821139949941e+02 7.944281031137796845e+02 8.035406523653390423e+02 8.259930265725002982e+02 8.291314696580327563e+02 8.401871381938201466e+02 8.495041598105717640e+02 8.576258458761924430e+02 8.943542660734135552e+02 9.419227069018322709e+02 9.953018842109479465e+02 1.060049420298556015e+03 1.079055456156517721e+03 1.048445375593178142e+03 1.020566797322071693e+03 1.036079828074089164e+03 1.074560248092118627e+03 1.115476683237065799e+03 1.105558682644822056e+03 1.053081724328285645e+03 1.003924858866032764e+03 9.613552919709294429e+02 9.267153256761263265e+02 9.201834249278532525e+02 9.263962956706172918e+02 9.598452135234855405e+02 9.987486796736912993e+02
8.873476000857895087e+02 8.493640188268252587e+02 8.446865571009166160e+02 8.110244583990896672e+02 8.066677407818144729e+02 7.928427411753258411e+02 7.834928905123964569e+02 7.707299554607565142e+02 8.115402156037682744e+02 8.146277197603587865e+02 7.710754770296993001e+02 7.277583190242772844e+02 7.453002935196769840e+02 7.587569305485532141e+02 7.652152749649295629e+02 7.804339540302156593e+02 7.900696816422401980e+02 7.946149835021542458e+02 8.428155179992089643e+02 9.020305988059611764e+02 9.771484482505265987e+02 1.037522235245341335e+03 1.038523837276949507e+03 9.919403195091661019e+02 9.449839669346966957e+02 9.682850479561408292e+02 1.029837342300182172e+03 1.078476272509752562e+03 1.071854128455307318e+03 1.014567901920890677e+03 9.532097754218798400e+02 9.054967069479977226e+02 8.614612988295768901e+02 8.502737883648495654e+02 8.614293945021369154e+02 9.044648924351117785e+02 9.474420155899407519e+02
8.390433170087488861e+02 8.035935751056905474e+02 7.726356543287430441e+02 7.553230589020316756e+02 7.507399798720044828e+02 7.322406659684378383e+02 7.251125275349199910e+02 7.084129057268002043e+02 7.562163489293584462e+02 7.636028436301852480e+02 7.212417780291858662e+02 6.677648299013214910e+02 7.035917743615965492e+02 6.909756592690956722e+02 7.030167609807497229e+02 7.237155063699588027e+02 7.334991863964753520e+02 7.861883921409199729e+02 8.457464580231095397e+02 9.135260805444678454e+02 9.846199819253217811e+02 1.015567812020629844e+03 9.923560997937235015e+02 9.358942319251401614e+02 8.730960048498490096e+02 9.236714209855679201e+02 9.854945949480210174e+02 1.036121975449954107e+03 1.034501267698649826e+03 9.789040247096074836e+02 9.124293268193639506e+02 8.553104823089691990e+02 8.150127160822642054e+02 7.810715231166583408e+02 8.160860226890828244e+02 8.544481924544628555e+02 9.023116925372671631e+02
8.005944499957192875e+02 7.615235273395425111e+02 7.279146508108949547e+02 7.078469170782739184e+02 7.144237034187909785e+02 6.760141377419214450e+02 6.786048343742305633e+02 6.520554568689184407e+02 7.001546359490193936e+02 7.025642554993480644e+02 6.814525499197352474e+02 6.206051312020890691e+02 6.469150781474302221e+02 6.230215560101818255e+02 6.498486758058976420e+02 6.824400206091034988e+02 7.546410682101316070e+02 8.267309844731058774e+02 8.892326162927475934e+02 9.485522334277026175e+02 9.908402055637252488e+02 9.829106098754307368e+02 9.341863894449849113e+02 8.815368178564554000e+02 8.187293830379142037e+02 8.729829266191015904e+02 9.435318037177041788e+02 9.821481635046440033e+02 9.891781527028803112e+02 9.477918378690274039e+02 8.796537105085973280e+02 8.177322532935817208e+02 7.675548870172362967e+02 7.390677043728393301e+02 7.748203831391904259e+02 8.069800225655623080e+02 8.641436582064978893e+02
8.632499748537342157e+02 8.163573167535639641e+02 7.593199947750500769e+02 6.878187553163180610e+02 6.572042166017334921e+02 6.329516914455512051e+02 6.110872680779320945e+02 6.079271136982933967e+02 6.361417602305468790e+02 6.418784274431948234e+02 6.366702719003047832e+02 5.808963713579604473e+02 5.841451457582836611e+02 6.472262393708429045e+02 6.990670264310659832e+02 7.396780326630675972e+02 7.657707778192821024e+02 8.273162319677609275e+02 8.952540465420894407e+02 9.615320526973108599e+02 9.816426579262023324e+02 9.465701897714305915e+02 8.856297546432191439e+02 8.284276404986479747e+02 7.766405827700398277e+02 8.548244354172593376e+02 9.032182715675444342e+02 9.097020199453021405e+02 9.290884748119608503e+02 9.326716845480641496e+02 8.915957223843149677e+02 8.379202126609264951e+02 7.779210558963096673e+02 7.082384665418040868e+02 7.399190455409412834e+02 8.027577674735496203e+02 8.690989962211601778e+02
8.962012349410717889e+02 8.619876019777594820e+02 8.036509805153306161e+02 7.557758460077611744e+02 7.131589553609577479e+02 6.988763685969017843e+02 6.489534668390184606e+02 5.812917883590854444e+02 5.598253152729682824e+02 5.927290025625487715e+02 5.864292984401890863e+02 5.481428498901717603e+02 5.929693275416501592e+02 6.267805959855751325e+02 6.884395763284368286e+02 7.539995214655251630e+02 8.186010786357857114e+02 8.733885917162303940e+02 9.282604240032520693e+02 9.715173756659671653e+02 9.633617148676477200e+02 9.034711657554050817e+02 8.421335013398552292e+02 7.878194044539002334e+02 7.425551160613882757e+02 8.085988631353424125e+02 8.351503766256286099e+02 8.325048603419432993e+02 8.772914967107628854e+02 8.929741440717267551e+02 8.544034069103818183e+02 8.052308843953495625e+02 7.484632321077384631e+02 6.822558141827641975e+02 7.461172566335111469e+02 8.022854277175116522e+02 8.588391443549369342e+02
8.916447345622445937e+02 8.897553768618322465e+02 8.585187858947405175e+02 8.133527634646361548e+02 7.777865003928717442e+02 7.473668030385829297e+02 6.978914718228189713e+02 6.484488630556693352e+02 5.981678239475759256e+02 5.299453541569140498e+02 5.201789514841747177e+02 5.417441985771843065e+02 5.417441985838510163e+02 6.079845471162985859e+02 6.809336212410513554e+02 7.541276207720776483e+02 8.242906665732866713e+02 8.811000585676442824e+02 9.295665613211192522e+02 9.648828516235912502e+02 9.455480551507027940e+02 8.731113185063898072e+02 8.030758085331457323e+02 7.500644745374835338e+02 7.143223697403893766e+02 7.444203632287669734e+02 7.809470550393515396e+02 7.695765661770025190e+02 8.202016422638879476e+02 8.426429495033481771e+02 8.127364375798273386e+02 7.638012744249142543e+02 7.146700572197349857e+02 6.579106034029747434e+02 7.007610796809070735e+02 7.526419086064901194e+02 8.107539540805456681e+02
8.609661460488655393e+02 8.874575633077887460e+02 8.850767905087382132e+02 8.591694499315443636e+02 8.219224445020186067e+02 7.678263143324797966e+02 7.194673548991669350e+02 6.679577381583042097e+02 6.106361802318446053e+02 5.522251365037803907e+02 5.028951800997458008e+02 5.649797550182629493e+02 6.067052489734273877e+02 6.539583942174107278e+02 7.080675391238274869e+02 7.555988822021004125e+02 7.919041330807094710e+02 8.372966864396503297e+02 8.896644540963498002e+02 9.423744517281839990e+02 9.428524685930818805e+02 8.863746087477788933e+02 8.218843584281540871e+02 7.596512008849196036e+02 6.923828333515909890e+02 7.179148740901681549e+02 7.291619529964777939e+02 7.163011457043351129e+02 7.573905878922305419e+02 7.882143448642575549e+02 7.746402033220250587e+02 7.231214383855060532e+02 6.811903438275262488e+02 6.365579763346751179e+02 7.032550583667082265e+02 7.588295740390929041e+02 8.079853173110938087e+02
8.169225523519002081e+02 8.372191583660624019e+02 8.600524347540123244e+02 8.510170457579890808e+02 8.144431273642826454e+02 7.543903209147208599e+02 6.881605170594011724e+02 6.331784520376573937e+02 6.049617398258681078e+02 5.504846623865714719e+02 4.904276684610568964e+02 5.546730186853699252e+02 6.141283098353183050e+02 6.594740266994381273e+02 6.924038390633404561e+02 6.979748123747987165e+02 7.342865936677618492e+02 7.852903568318901080e+02 8.521386819410661246e+02 9.169632779158223457e+02 9.340562378910265124e+02 8.981033615970267192e+02 8.415652836933048775e+02 7.813847498724633169e+02 7.279160470385965027e+02 6.558178133036435611e+02 6.792121406689195737e+02 6.719818434420848234e+02 6.954569059159445032e+02 7.299432653844430661e+02 7.188586163787598480e+02 6.819136498992533006e+02 6.341442978088872451e+02 6.160700911202526413e+02 6.634429755210937856e+02 7.190489533927917591e+02 7.922639306221373090e+02
7.630997126428864021e+02 7.705494971473711985e+02 8.073312390343612606e+02 8.006362028256796748e+02 7.690737302096547410e+02 7.422636374301370097e+02 6.850970595314249749e+02 6.229455847074259509e+02 5.627933123505587218e+02 5.368786721062484730e+02 4.777885278535505336e+02 5.378601508406969742e+02 5.749244863917160728e+02 6.148992576452932326e+02 6.355212474651276580e+02 6.372708017760107850e+02 6.847919329310572039e+02 7.462703835689268317e+02 8.214138961927050104e+02 8.904087104431733906e+02 9.008713672457381563e+02 8.695234938284747841e+02 8.452512478748565172e+02 8.071743379293857288e+02 7.477571777425646360e+02 6.833988474036802927e+02 6.178779894916351623e+02 6.415050751957534203e+02 6.423208136476266645e+02 6.590787713638709420e+02 6.361939493814297748e+02 6.308561162685052750e+02 5.883819831775635976e+02 6.490895295905572766e+02 6.984353540147874355e+02 7.512532597026446410e+02 8.119685922892682584e+02
6.947138571641955878e+02 7.071167256443403630e+02 7.466690118670403535e+02 7.253049364000646619e+02 7.001261053629571052e+02 7.015097521684526782e+02 6.776782735082692852e+02 6.223667289868554917e+02 5.597040037178119292e+02 5.000452662204791068e+02 4.655542007642380895e+02 4.882911875000453392e+02 5.156560663329748877e+02 5.467848640659439070e+02 5.812758328408571060e+02 6.326556307786237312e+02 6.932771938970702195e+02 7.636445988204153537e+02 8.376510961623403091e+02 8.768480360288037900e+02 8.597204635289845100e+02 8.123900078174087867e+02 7.952366676583156959e+02 8.000903124721053246e+02 7.688902562684863824e+02 7.126251110473217523e+02 6.502884379483570001e+02 5.836869073185565640e+02 5.942619224177745991e+02 6.088661042204100795e+02 5.433725212489182468e+02 5.592101202936778463e+02 5.888572503218067595e+02 6.260907684154633444e+02 6.680794423768253409e+02 7.219791290942833939e+02 7.799810467990776033e+02
6.234695191382675148e+02 6.750867627179707142e+02 6.892748393472396629e+02 6.489162046703705755e+02 6.261972496474571699e+02 6.324217094130247006e+02 6.358710078383841164e+02 6.120892855047926560e+02 5.598854015983243926e+02 4.982199969272874682e+02 4.572801650501448307e+02 5.077111448360727195e+02 5.598058145920708739e+02 6.018216286311823069e+02 6.424208461837414461e+02 6.879843617590670419e+02 7.423499174061521444e+02 8.055891118885205060e+02 8.484885774876714777e+02 8.487241975931349316e+02 8.077030743705342957e+02 7.648918273913931216e+02 7.265725656043904337e+02 7.643378577587071732e+02 7.629904096645996106e+02 7.119581659941560474e+02 6.554951554849583317e+02 6.114495141535553557e+02 5.520895746706912632e+02 5.755450675198110275e+02 5.433725212422515369e+02 5.722268129581218545e+02 6.050209157451949977e+02 6.664548000268656551e+02 7.132281236880293136e+02 7.374868785327753358e+02 7.895512134664553514e+02
5.802456774500003576e+02 6.232539146747661789e+02 6.348566271180011427e+02 5.833384625010404534e+02 5.590843876480900008e+02 5.612765933740290620e+02 5.690884515222297750e+02 5.673294202515838833e+02 5.253965246851535085e+02 4.890963166976613934e+02 4.480332737136272385e+02 5.156402061693090673e+02 5.848369300194901825e+02 6.439216606965193250e+02 6.944329186866470991e+02 7.434597423310090107e+02 7.937513286983788703e+02 8.345852723584167734e+02 8.432792255603870899e+02 8.125662300258925370e+02 7.602895249655859971e+02 7.111528373736989579e+02 6.713366430144068318e+02 7.234829715529357372e+02 7.456935882264347129e+02 7.167413098310308897e+02 6.659029315907732780e+02 6.181284795529804796e+02 5.696046554673334867e+02 5.231471479122581059e+02 5.875492868152881556e+02 6.295707416292100334e+02 6.650877682705468033e+02 6.634218392976222276e+02 7.255357719886034147e+02 7.852546981608550141e+02 8.361641769610658912e+02
5.121320298099317370e+02 5.606735841305256827e+02 5.731952689630934401e+02 5.308609165915951280e+02 5.013300932761590047e+02 5.011017299156516174e+02 5.041877943337566421e+02 5.109052029875516610e+02 4.746113226286900613e+02 4.314840099783075402e+02 4.829217458026368490e+02 5.262666965376491817e+02 5.857706355886525671e+02 6.416435998731998325e+02 6.983648774942273576e+02 7.535372529443835674e+02 8.145813337455934970e+02 8.435908225238692921e+02 8.176860979177155286e+02 7.627593621673987627e+02 7.107858971652926812e+02 6.639599096851926561e+02 6.237267912219070922e+02 6.757805475398811268e+02 7.120881903177930781e+02 6.939116784685163566e+02 6.376651388427889060e+02 5.838452005414399082e+02 5.571702846309841561e+02 5.101571193971000753e+02 5.867383570077463446e+02 6.605730841220839693e+02 7.121392989194090433e+02 7.250677844013356435e+02 7.272078514174622796e+02 7.873041038814690182e+02 8.494170336906120156e+02
5.288308489646950648e+02 4.847911295527961215e+02 5.100347922980778321e+02 4.411785224385023412e+02 4.862593313210327324e+02 4.584664931051177064e+02 4.494868360533090481e+02 4.560249628564827731e+02 4.147478552714287616e+02 4.395579879246655537e+02 4.707631637295272640e+02 5.061759942348078312e+02 5.485818853966241022e+02 6.007103085124589370e+02 6.647931012001674844e+02 7.436424795491843724e+02 8.095840260198010583e+02 8.271445815382057845e+02 7.809540643336426911e+02 7.187341221851979753e+02 6.599166279794382035e+02 6.107389683016756408e+02 5.832631384524300984e+02 6.374291225989418308e+02 6.708746262024042153e+02 6.570816254731481649e+02 6.171917969096190291e+02 5.684502244964320425e+02 5.170550445569650719e+02 4.983093230124545130e+02 5.753697438028967781e+02 6.564932686005763571e+02 7.312949969469510734e+02 7.817419130911274578e+02 7.909635793017482683e+02 8.004421759345322016e+02 8.524533141339801432e+02
5.714611502981724698e+02 5.227582084066311836e+02 4.572138520992059512e+02 4.411785224318356882e+02 4.659454505643817015e+02 4.450010447654611880e+02 4.045973730807747870e+02 3.986713950648633045e+02 4.487591561479893585e+02 4.800423892474918262e+02 5.200516823306832066e+02 5.565130969452389991e+02 5.987499869327572242e+02 6.490505119086091099e+02 7.130983961099467479e+02 7.683988840743677429e+02 8.030364447001527424e+02 7.966236180155375450e+02 7.747531523487939467e+02 7.201803897238485206e+02 6.577949359455848253e+02 5.986510113372786464e+02 5.498436485565364364e+02 6.040724996429839848e+02 6.159796462198369227e+02 6.030407353604107357e+02 5.636062840983203159e+02 5.233926742965712720e+02 4.795386074248120849e+02 5.572746355057713572e+02 6.285331795260551644e+02 6.995660111699587560e+02 7.645860261319518258e+02 8.157710739056036573e+02 8.456774654246461296e+02 8.670241834886051038e+02 8.986795565840211566e+02
