output/field_example_test_lateral/elevation_000077.asc
nrows	150
cellsize	66.66666667
xllcorner	0
ncols	150
yllcorner	0
NODATA_value	-9999
[rows 17 to 33 of 150, columns 0 to 36 of 150]
7.334086556956868289e-04 6.718302589903848343e+01 1.353634293515309253e+02 1.959195788104345297e+02 2.482555782064900143e+02 2.914273789747450678e+02 3.097265426954240297e+02 2.963091772507378323e+02 2.399190039432469916e+02 1.743000401712102416e+02 2.368456382549723287e+02 2.927186423076092865e+02 3.228235922445525148e+02 3.162825576457177021e+02 2.651132874792982079e+02 2.141301381129891581e+02 2.014026123885285529e+02 2.726721004108226225e+02 3.158697475896353808e+02 2.931576875952815726e+02 2.486643738459793553e+02 2.226379853951594328e+02 2.912863724823664029e+02 3.483049046370572341e+02 3.464292998968295478e+02 2.867362675271256194e+02 2.124269908512733025e+02 2.601799141475484021e+02 2.966364411884962919e+02 3.366448626294513815e+02 3.282702641231019811e+02 2.696196666085359652e+02 2.010148527342224725e+02 2.682950426594020428e+02 3.319638938193816671e+02 3.594604212342040910e+02 3.478158141293887411e+02
5.274751909392564990e-04 6.374376203727762658e+01 9.927587464342306589e+01 1.525012870721244553e+02 2.141726668154049378e+02 2.815342214097341298e+02 3.350879087802321123e+02 3.354103806707503850e+02 2.882226801620147967e+02 2.410070249451212021e+02 2.310789179861556306e+02 3.011267367290642483e+02 3.580336897122476785e+02 3.632515333583141341e+02 3.215970584712067648e+02 2.801285863068337676e+02 2.363457769325771380e+02 3.063951420265820502e+02 3.534377860129173996e+02 3.459347351403666266e+02 3.042506613969584350e+02 2.539893283407363924e+02 3.123311773253091701e+02 3.759379611680329845e+02 3.857505188801374629e+02 3.367114930071961680e+02 2.912468642094498819e+02 2.609659985025435844e+02 3.302662947328448695e+02 3.803239464452107654e+02 3.664898361191519598e+02 3.010660479335710420e+02 2.288305666944818313e+02 2.795773417816799906e+02 3.473563081623287303e+02 4.094431131580238343e+02 4.160873983956428788e+02
6.543567491435646000e-04 3.480996715516770479e+01 8.837575733093495955e+01 1.456466528612115781e+02 2.088518654062440874e+02 2.780465649684555274e+02 3.435172987080237590e+02 3.697635765325840680e+02 3.511943984862861043e+02 3.130219968859257733e+02 2.756848154785670886e+02 3.154659909048291979e+02 3.780689619773611412e+02 4.095615501452293188e+02 3.850425194797512063e+02 3.327941315614923496e+02 2.760341033717048163e+02 3.215404697175283104e+02 3.827709163018601544e+02 3.919333024797201688e+02 3.491245138106550030e+02 2.913362070994450619e+02 3.494519293713804018e+02 4.044407128628840269e+02 4.298855918196252901e+02 4.046012558095630425e+02 3.549734461768684355e+02 2.983100530257268019e+02 3.639782573068461602e+02 4.161753763328783862e+02 4.006961816341092799e+02 3.332328113845042594e+02 2.610210581818246283e+02 3.200853654646140853e+02 3.854710690029042439e+02 4.504251290274279995e+02 4.731153124473987646e+02
7.308854398706160797e-04 6.376069965723498711e+01 1.030890399903891534e+02 1.544554453695305369e+02 2.116765639442956228e+02 2.751997025071265739e+02 3.397153031471501095e+02 3.838431017987796849e+02 3.969689069922535509e+02 3.810613138096229591e+02 3.438461357908585683e+02 3.507873343289796253e+02 4.090251775716138809e+02 4.544582540348522457e+02 4.363169683836741228e+02 3.814512080575304935e+02 3.285151716884234361e+02 3.479471531527275374e+02 4.065797575703403481e+02 4.367782469259395270e+02 4.080191974171434595e+02 3.555654029750891141e+02 3.473298960607356207e+02 4.118031559624296278e+02 4.673041747864348849e+02 4.560406707383981484e+02 4.013442748683183368e+02 3.395592989831562249e+02 4.007037826680864327e+02 4.511824591508236608e+02 4.347756372713229212e+02 3.672484592901423639e+02 2.965541912525811767e+02 3.626690134377137156e+02 4.251332128766653682e+02 4.872714334905940063e+02 5.078588136763011107e+02
7.572089623980787559e-04 6.345816909924971583e+01 1.175692779199742404e+02 1.614962119577431281e+02 2.069673181953317851e+02 2.564529650667454348e+02 3.038608201060542910e+02 3.642174229286890750e+02 4.096847582107766357e+02 4.294930068752634611e+02 4.168312613338933943e+02 4.180524976806414656e+02 4.406692376599121417e+02 4.937154423473503471e+02 4.839540479965086206e+02 4.347541242376338460e+02 3.904339146086946357e+02 4.106515228844924081e+02 4.362388225576347054e+02 4.855897998578999477e+02 4.680664223587658626e+02 4.240204087701378057e+02 3.932569471182980010e+02 4.478035691589697080e+02 5.032529759003429604e+02 5.004805544655442873e+02 4.461785070978922931e+02 3.855706501881842883e+02 4.383883260905074053e+02 4.873238103022098926e+02 4.706888518787267230e+02 4.043147687576981752e+02 3.354339867975416496e+02 4.029720509150500334e+02 4.668734524333679587e+02 5.210044886594859008e+02 5.362696691990771569e+02
2.914550873057958737e-04 5.730805670099361748e+01 7.426027634487576279e+01 1.102571895129859882e+02 1.514664906019716284e+02 2.017305243054392747e+02 2.583774951500864745e+02 3.223733831283399240e+02 3.912917453980991809e+02 4.508357179756283131e+02 4.786259235086538979e+02 4.861405231416737820e+02 5.024851286699162074e+02 5.357289201746341405e+02 5.300171287500049857e+02 4.920656911833845584e+02 4.635706081878168447e+02 4.803367739512604544e+02 5.003721164691955892e+02 5.355659133072595068e+02 5.252390437474391547e+02 4.770247027717871902e+02 4.643925756172386627e+02 4.848173958288156200e+02 5.432927247312937880e+02 5.457758897391975097e+02 4.960034598808189230e+02 4.439949616838308089e+02 4.666356902268678937e+02 5.239766067284124347e+02 5.098804627782344028e+02 4.467450622417929935e+02 3.850761453691062002e+02 4.024662446170835324e+02 4.747490988321442842e+02 5.440646905695817850e+02 5.575532918696424076e+02
1.560245990706205258e-04 2.826707325688840200e+01 8.975027073503636643e+01 1.441599587901891084e+02 1.905032359378904800e+02 2.159226052790378958e+02 2.630639545432699720e+02 3.172657084215136365e+02 3.788177654325671142e+02 4.442993234557546316e+02 5.039277131468701327e+02 5.394846000899258343e+02 5.574495892294847863e+02 5.679502822443032528e+02 5.596798520856395953e+02 5.419968089909896207e+02 5.307068732711662733e+02 5.442718335564267136e+02 5.652798109509361666e+02 5.862371669015427642e+02 5.777322488792253807e+02 5.431240587644632569e+02 5.377738774144403351e+02 5.503836811354562997e+02 5.894571885133591422e+02 5.941814188755050736e+02 5.538673957329987161e+02 5.114979948287925140e+02 5.257745571791502925e+02 5.668970479688022124e+02 5.547253502062217194e+02 4.969168982269633830e+02 4.413630196588295576e+02 4.539894820102229005e+02 5.152056678208135736e+02 5.742855190167377941e+02 5.768145564349839560e+02
4.209342604524442038e-04 2.301645361320899852e+01 5.525665315702190838e+01 1.311272427421251621e+02 1.864075882940713029e+02 2.256862165765705299e+02 2.687930703078043280e+02 3.174204198232312137e+02 3.725048768065839226e+02 4.331359827613108564e+02 4.940807057976786609e+02 5.416781974364494090e+02 5.531634876469195206e+02 5.389777163054972107e+02 5.204278468362615513e+02 5.182433191858575583e+02 5.230824996701487635e+02 5.461395740580178426e+02 5.772006841175252703e+02 6.073038478575600720e+02 6.129476930209995089e+02 6.008716539343399745e+02 5.982399828693457948e+02 6.088328266241029496e+02 6.300050051738580805e+02 6.378568975345091303e+02 6.196189726906512760e+02 5.863821742629263554e+02 5.970666904005194056e+02 6.142495004539219963e+02 6.050911636144111299e+02 5.557489677494684202e+02 5.088028282723488473e+02 5.173723118076865148e+02 5.679718201865176752e+02 6.140890238886871657e+02 6.053092048665196216e+02
9.909489495779951872e-04 6.211956836680025873e+01 1.033663970574006754e+02 1.029514001074489329e+02 1.376220617652418525e+02 1.757800682028644701e+02 2.183825993577962663e+02 2.668728552531862306e+02 3.233978817570035744e+02 3.887954437997722721e+02 4.599860976650914495e+02 5.171628980312392514e+02 5.113605188221820299e+02 4.707138403537087470e+02 4.373955538884174530e+02 4.450980694511215461e+02 4.519776625643524426e+02 4.882149648069089380e+02 5.333845509060589620e+02 5.812986689639694760e+02 5.909384818528239975e+02 5.868387770577339779e+02 5.872418298471625349e+02 5.955787467454688340e+02 6.194483157163741680e+02 6.452190283272218494e+02 6.582212514392065259e+02 6.510186894099607571e+02 6.563158991561272160e+02 6.662460031999834200e+02 6.563818630167256742e+02 6.271043611414518182e+02 5.876494123020847837e+02 5.937105909803909753e+02 6.346383752537202554e+02 6.605338172741485323e+02 6.376596599967899692e+02
7.446615011087333704e-04 6.597711126909125312e+01 1.291700509198241491e+02 1.652122747269568777e+02 1.940389193679530422e+02 2.323675275153152882e+02 2.742175341969783631e+02 3.192370207356811989e+02 3.686017204773244771e+02 4.279118310311445157e+02 4.742552006044693371e+02 4.912543029000683532e+02 4.623533253135447580e+02 4.081767203288336532e+02 3.605730328959767235e+02 3.732629749113851290e+02 3.817815040797007100e+02 4.291035273661911447e+02 4.919619508239227912e+02 5.395465282064106987e+02 5.291307790911871507e+02 5.212442878846155736e+02 5.216204827702724742e+02 5.263410572238127543e+02 5.622505972227347684e+02 6.100279300544855232e+02 6.418939616063219091e+02 6.449739132987375569e+02 6.475241677604165034e+02 6.653428564615202276e+02 6.815978061644551644e+02 6.786808285605023912e+02 6.670072670316013728e+02 6.699570105558226487e+02 6.876183626685059380e+02 7.007645371864007302e+02 6.831561685870165093e+02
1.012335675538303306e-03 6.270399360651219212e+01 1.276108674384631172e+02 1.788065069107813088e+02 2.277913392637378536e+02 2.777052237539371049e+02 3.246346796704519306e+02 3.685815189523896720e+02 4.063928067476480237e+02 4.409661606826659863e+02 4.581678757397605182e+02 4.520217799455106160e+02 4.044803413770940210e+02 3.514987770605489459e+02 2.985906774732312101e+02 3.124243763791458832e+02 3.259982487883793851e+02 3.924662283857717853e+02 4.651546590127124432e+02 4.918724389295317678e+02 4.620355116756086318e+02 4.511926357520303554e+02 4.527389282299619140e+02 4.582930138409269603e+02 5.080423794775815054e+02 5.613610345939702029e+02 5.978798023723959432e+02 5.844323033049680589e+02 5.795674955580199139e+02 6.113570075302876603e+02 6.538547646572342273e+02 6.834184806343419041e+02 6.944210706909867667e+02 6.871600518008237941e+02 6.864974834232488092e+02 6.916104289397150069e+02 7.001414877569146711e+02
6.267355589466023363e-04 4.045519538711783269e+01 8.779151494819542734e+01 1.418462083225230685e+02 2.025587396308987707e+02 2.655876812218143073e+02 3.265796182784294501e+02 3.747290347616123540e+02 3.901990226075553210e+02 3.976494141408724659e+02 4.001193986746099540e+02 4.017628223871165005e+02 3.580240232432272478e+02 2.989334882530802702e+02 2.471403841006016080e+02 2.591831570113359930e+02 3.291430323087476495e+02 3.981907390154543123e+02 4.453624415311996358e+02 4.487886564811462335e+02 4.037767628033126357e+02 3.870837304214781511e+02 3.909808523011098487e+02 4.022265999367709242e+02 4.656520980167156267e+02 5.322928117561858699e+02 5.482762756173730168e+02 5.156983365646857465e+02 5.100274428651243852e+02 5.541058076266257331e+02 6.016527385227408331e+02 6.491806699403078937e+02 6.582217774055732207e+02 6.308821734749305961e+02 6.235920467762693988e+02 6.272904859286551300e+02 6.655948203182553016e+02
3.170922192848684134e-04 4.297902525259473094e+01 9.147370552447287650e+01 1.462755502772435534e+02 2.068064705854328054e+02 2.691212816752357639e+02 3.209603871502142738e+02 3.367032513165324872e+02 3.269780911117939581e+02 3.211602177536865383e+02 3.322432886486765824e+02 3.384847388643045747e+02 3.200177575102209175e+02 2.608902170501323781e+02 2.038783713354442568e+02 2.636642807211696891e+02 3.305149364180689986e+02 3.814318200930408693e+02 3.973680571652533899e+02 3.996459714511839820e+02 3.648108458071772020e+02 3.260320633407704918e+02 3.339809467903616564e+02 3.959564755388546473e+02 4.606563812751770115e+02 5.103929760463452681e+02 5.015104388578353678e+02 4.552079812353647412e+02 4.532782189814374760e+02 5.008056888171154810e+02 5.593907847500115622e+02 6.092083862025059489e+02 6.096102014089348131e+02 5.699292604701997789e+02 5.544367403383416786e+02 5.604680767465661120e+02 6.074609582529873251e+02
8.199519982150405440e-04 4.781713120387205862e+01 1.013943467478725040e+02 1.593081196483940403e+02 2.165939890671822639e+02 2.656383823205577528e+02 2.803440772086182164e+02 2.727589927942288455e+02 2.579903311310853269e+02 2.422923271601907800e+02 2.798115690117742247e+02 2.766914013414094597e+02 2.660970657886924187e+02 2.301155502342880084e+02 1.743778011506831831e+02 2.457774503013721414e+02 2.987576621230575711e+02 3.406057317298236740e+02 3.408771976848848340e+02 3.437066330083063121e+02 3.100079767140304057e+02 2.797136196672466895e+02 3.233293120114679482e+02 3.916804501616292669e+02 4.547866600486140669e+02 4.745895416385532712e+02 4.526189260531197078e+02 4.015645445409919034e+02 4.075473954576895608e+02 4.639690251893833874e+02 5.282723529427548783e+02 5.672122223914576580e+02 5.518498990813615137e+02 5.339777815543916404e+02 4.916892414360097519e+02 5.047018202086817382e+02 5.580028441498476468e+02
6.973477946781249165e-04 5.722718995772752493e+01 1.175839570448433875e+02 1.737111219735500640e+02 2.071282862466040342e+02 2.220012241096611092e+02 2.146164899335096266e+02 2.087500069814945505e+02 1.992469689612716763e+02 1.819184098909727254e+02 2.173129859919448847e+02 2.199996109321970152e+02 1.941128669205382664e+02 1.974586600278070705e+02 1.492048453018473140e+02 2.068496221155478736e+02 2.658825714203437087e+02 2.821924273481835144e+02 2.855568300011445899e+02 2.843339960115455369e+02 2.527424175962426602e+02 2.527424176029093132e+02 3.366901901851850880e+02 4.014747531613119236e+02 4.281756259480226277e+02 4.182980230804355983e+02 3.931340577782070795e+02 3.529265943403453889e+02 4.124949815785602709e+02 4.641075747162384459e+02 5.177911191298425138e+02 5.259362332743758088e+02 4.920416206267316284e+02 4.841237635399023134e+02 4.459099061903762617e+02 4.609776297096340159e+02 5.185768091603956691e+02
2.601217420032892001e-04 6.359566377831312423e+01 1.117309063948279970e+02 1.444387201688405185e+02 1.518959397592757909e+02 1.553408511679166963e+02 1.477340305200499131e+02 1.536511189687154513e+02 1.525034840579835986e+02 1.321083776453250209e+02 1.429346669734974569e+02 1.470491192546081436e+02 1.365895245552326855e+02 1.539790670732948854e+02 1.291478665647644846e+02 1.811967130075481123e+02 2.142152291172184562e+02 2.211232948001691909e+02 2.391652306301052704e+02 2.194986130412486034e+02 2.749353134582227653e+02 3.108230121988652854e+02 3.526830411341949230e+02 3.788694233468646644e+02 3.757986221663073820e+02 3.436200319721766618e+02 3.328666075743454371e+02 3.202784939657154268e+02 3.798235600649164780e+02 4.444900650786642586e+02 4.928011676562055641e+02 4.881459183620767135e+02 4.379005697692563217e+02 4.239893486074382736e+02 4.068564751968498854e+02 4.626888538397117827e+02 5.154738621528947533e+02
6.625584866388835358e-04 5.110655277629899729e+01 3.156039897932205562e+01 8.525825845052264640e+01 8.758408569119306719e+01 9.107991579487162426e+01 8.632692802762809947e+01 1.116750159507799935e+02 1.154576542387120526e+02 9.805470253292651250e+01 7.281924996468015365e+01 8.034137808461953512e+01 8.727999953170204606e+01 1.034332485075597674e+02 1.299182977672168704e+02 1.571875583959438814e+02 1.440816341413186024e+02 1.622946922952819193e+02 1.828826637212142430e+02 2.342080241040659701e+02 2.727984005943638977e+02 3.030209170590333656e+02 3.290152492799050492e+02 3.219254852444299217e+02 3.127158465416507056e+02 2.773210846623904899e+02 2.773210846690571429e+02 3.462274894524798015e+02 3.977401077447175908e+02 4.338820624365873186e+02 4.530379747365590788e+02 4.485810245903503528e+02 4.092706252784494723e+02 3.632221300272385633e+02 4.091449132491863452e+02 4.524177352526194795e+02 4.829138897658539804e+02
