output/field_example_test_lateral/elevation_000097.asc
nrows	150
cellsize	66.66666667
xllcorner	0
ncols	150
yllcorner	0
NODATA_value	-9999
[rows 85 to 101 of 150, columns 74 to 110 of 150]
5.241154129487246109e+02 5.544713788129303111e+02 5.339245012399971984e+02 4.660106282355721987e+02 4.024829220176576428e+02 3.919022694725807128e+02 3.553948987009392795e+02 4.213190365905536510e+02 4.752698593788286416e+02 5.231658310336198383e+02 5.619125718441428035e+02 5.996641354534083348e+02 6.356646703613895397e+02 6.744441804411319481e+02 7.227608843093440782e+02 7.597639797754176243e+02 7.749644851405436157e+02 7.549663674298243450e+02 7.135229047984134922e+02 7.540621927443464756e+02 7.950034059595548115e+02 8.418672366806789569e+02 8.759956622150688190e+02 9.037732894901708960e+02 9.177413934097021411e+02 8.966720178711532299e+02 8.359125661756049794e+02 7.675399049059698200e+02 7.056145881401414499e+02 6.494417034949593699e+02 6.079534975777961563e+02 6.303799083351655099e+02 6.630713773444284698e+02 6.937666941317469309e+02 6.840873385441502705e+02 6.408854419240606148e+02 6.500978870721347675e+02
4.851628168124914282e+02 5.049978726473235042e+02 5.037473993821369049e+02 4.613248204560125032e+02 3.975055530789936711e+02 3.283416092866271470e+02 3.779329930838378573e+02 4.250540040050433390e+02 4.772878218709701628e+02 5.284639184171720672e+02 5.929864048661225979e+02 6.480852039239007354e+02 6.900736197561330982e+02 7.254539299319371821e+02 7.549512572893818287e+02 7.672558560806742207e+02 7.453200385921115867e+02 6.977427253551262538e+02 6.482644339361064567e+02 6.880122303994144204e+02 7.351952997726484682e+02 7.793670436995662385e+02 8.234257016551947572e+02 8.730975853407123850e+02 9.049220496599397165e+02 9.005145362207380231e+02 8.450751453379612030e+02 7.777792645196034300e+02 7.200525083731960194e+02 6.916659829534899018e+02 6.379819264707188040e+02 6.782841495240949143e+02 7.151981719493359151e+02 7.460426403906741371e+02 7.275255159898872535e+02 7.072031336195951781e+02 7.114227885818677350e+02
4.402430198298226287e+02 4.563316857930694823e+02 4.549695696476419471e+02 4.274984423134712870e+02 3.941943266171134042e+02 3.567332126101550216e+02 3.283416092799604940e+02 3.806841129228605496e+02 4.391162616728927901e+02 5.100732359578808541e+02 5.847889739963176226e+02 6.532524323955549335e+02 6.967815335380233819e+02 7.260786260347999814e+02 7.388826834909539230e+02 7.362761103870698207e+02 6.971517084966194489e+02 6.491453199826596574e+02 5.963432036576979272e+02 6.366679376316740218e+02 6.772971830398150814e+02 7.197458402448338575e+02 7.697441564658690822e+02 8.189421608522102360e+02 8.703909110958504698e+02 8.957556074669578265e+02 8.713448951042959152e+02 8.157915578829441756e+02 7.649190864972127883e+02 7.089683361064386418e+02 6.724313410043126851e+02 7.173038035862216475e+02 7.620425862849650684e+02 7.981689590110188419e+02 7.903411402099665111e+02 7.778561008548317659e+02 7.809142683138713892e+02
4.007035307506341724e+02 4.152662056858374626e+02 3.916308757202353945e+02 3.802822495094272881e+02 3.418580881842631243e+02 3.005777096993404029e+02 3.619353881435823723e+02 3.995742017583949632e+02 4.572604503459446619e+02 5.268722470884954419e+02 5.950439499790139735e+02 6.389797157079813132e+02 6.463681785442125829e+02 6.795989901766781713e+02 6.793796939140413542e+02 6.843132677812842530e+02 6.544746392520098652e+02 6.045215055242315429e+02 5.555926399415884589e+02 5.923183377592814622e+02 6.296678781346600999e+02 6.719308315235558666e+02 7.154202985423731889e+02 7.676657447287743707e+02 8.201024267181200003e+02 8.727172736360728322e+02 8.875623229412885848e+02 8.562767787812855431e+02 7.985481243643296239e+02 7.365019730154484705e+02 7.189273882950089956e+02 7.642906145112491458e+02 8.078050859919666209e+02 8.465668627119400753e+02 8.512658023155627234e+02 8.414163164071769643e+02 8.359078402726011063e+02
3.558060005585479644e+02 3.515792744786650701e+02 3.554192616104738249e+02 3.166435902097390453e+02 2.742833432035644137e+02 2.984768131292977387e+02 3.535158199189420998e+02 4.189867495738534444e+02 4.918238194602049020e+02 5.484441199974862684e+02 5.878010616527841421e+02 5.907744971855082667e+02 5.852148955185720069e+02 6.214616069378449765e+02 6.117365920248329303e+02 6.200349215853963187e+02 6.182293388657311652e+02 5.711701431366091128e+02 5.225901421141099945e+02 5.564626963279761185e+02 5.921468372639604922e+02 6.273802933367990136e+02 6.695184884286124998e+02 7.161576315417790966e+02 7.757811056491656245e+02 8.406543915402612583e+02 8.830003046517583698e+02 8.824138212414778764e+02 8.353619219160322018e+02 7.859214848022644446e+02 7.732029729444200257e+02 8.153780167565346346e+02 8.591224872700980768e+02 8.826155358830945943e+02 8.783657402129481397e+02 8.551216873079008565e+02 8.318049270038233090e+02
2.933220674618323187e+02 2.554260430103039710e+02 3.054216220200721637e+02 2.718868541798248657e+02 3.274499022824886652e+02 3.582529426614804038e+02 3.993550579271395691e+02 4.587078141412994796e+02 5.090045271662002619e+02 5.412774329080507414e+02 5.432038039007788939e+02 5.331166790670117734e+02 5.290812423085501450e+02 5.647002932412610789e+02 5.478302653267762707e+02 5.571420229913486537e+02 5.715864333191298101e+02 5.429306930703410217e+02 4.949814759666577970e+02 5.268086408931039841e+02 5.555065504409187724e+02 5.888606719906285889e+02 6.257662441361725314e+02 6.731723704042279905e+02 7.321532426065015215e+02 7.960782005801509058e+02 8.653102985239744385e+02 9.033042232321656684e+02 8.858568661700358007e+02 8.445365132858073594e+02 8.359925073917513600e+02 8.739672730584591136e+02 8.952687711290423067e+02 8.884336829046657158e+02 8.560163130105522669e+02 8.117113243962539855e+02 7.780048660363025874e+02
2.288502452227446611e+02 2.347851632027862081e+02 2.482087977742457952e+02 3.123190193907715297e+02 3.646172464412319982e+02 4.085507976215937447e+02 4.445711280924224411e+02 4.774769874585675211e+02 4.976051254838959608e+02 4.935522628305124044e+02 4.880322616114451080e+02 4.765420996273265359e+02 4.814859524594889990e+02 5.079549722231307669e+02 4.896743411333224572e+02 4.989867120827670988e+02 5.158173172920413663e+02 5.058674197559420236e+02 4.711210065312452002e+02 4.944127814352162886e+02 5.212077486438075766e+02 5.520001188391000824e+02 5.882136666976070956e+02 6.323191327978698837e+02 6.871603136075907514e+02 7.595796905056020023e+02 8.404174017071165963e+02 9.076651267324582477e+02 9.269052208914332596e+02 9.095235345008047716e+02 9.042022416959450766e+02 9.190587684189317770e+02 9.061518049559952033e+02 8.652602779818754470e+02 8.084394221544065431e+02 7.596610963068973206e+02 7.177979092436639803e+02
2.870560122056626824e+02 2.935864104598491053e+02 2.487618558703137808e+02 3.113209109681756672e+02 3.631333592854526842e+02 4.100685022055976674e+02 4.436822044523956379e+02 4.511714479484933236e+02 4.459880154878920280e+02 4.342171191929029987e+02 4.368254543764500113e+02 4.232216690448213967e+02 4.568175129105841279e+02 4.469278827922523760e+02 4.373477528231332485e+02 4.472696222508646997e+02 4.622580513723377749e+02 4.460077404842141959e+02 5.017576508138589020e+02 5.446749419246934849e+02 5.777309183220514797e+02 6.104652870397156903e+02 6.459776097024639512e+02 6.867908873878088798e+02 7.395871589438415867e+02 7.820036538259940926e+02 8.474479524016013556e+02 9.102445013961348650e+02 9.490010550772183251e+02 9.605912398410947617e+02 9.581470206208366562e+02 9.410883036325126341e+02 8.902659534530331484e+02 8.259279851909416266e+02 7.633258397253558769e+02 7.080034599997615032e+02 6.616793401552894238e+02
3.418898833062586959e+02 3.404435859821824124e+02 3.004345364958581399e+02 2.644668107111768336e+02 3.252073893483969300e+02 3.719421011482559152e+02 4.037498387838152780e+02 3.888905727449854339e+02 3.852146803958860346e+02 3.781316367158246408e+02 3.994877331549081987e+02 3.865982918359248970e+02 4.145865819279629818e+02 3.811514735576458293e+02 3.912684736257832583e+02 4.015695611411426285e+02 4.170069895460295015e+02 4.706725040844481214e+02 5.246777942191204147e+02 5.775788934815375342e+02 6.218415359942952136e+02 6.615199142185824712e+02 6.993897422961836128e+02 7.346373000716776005e+02 7.700045860970095646e+02 8.045910354066401169e+02 8.420110037530306499e+02 8.787095585462908502e+02 9.269505523695362399e+02 9.601665054834711555e+02 9.677048176694521544e+02 9.344462023856824544e+02 8.850282421852749621e+02 8.318876207394090443e+02 7.729740869750706906e+02 7.138029668120134374e+02 6.571625366408266018e+02
3.987919499814350957e+02 3.571398148235505232e+02 2.644668107178434866e+02 3.147100913553331338e+02 2.802589922767545545e+02 3.399459110905937109e+02 3.572628173378685688e+02 3.181206965610066959e+02 3.264468934826076634e+02 3.359834018279015595e+02 3.460494171195801414e+02 3.539505650925648297e+02 3.641572377544772507e+02 4.192128200383037324e+02 4.462444608008407840e+02 4.569731981941409344e+02 4.207592692846404248e+02 4.358075186551524212e+02 5.048593545305022303e+02 5.624944199425335682e+02 6.148008978706407106e+02 6.641506593441026780e+02 7.088133494122033653e+02 7.341704298808718931e+02 7.467490449630743115e+02 7.543331275223857801e+02 7.848702790081080138e+02 8.300255018243331051e+02 8.780088772321328179e+02 9.299714609687222264e+02 9.492344034353361621e+02 9.039417150308178179e+02 8.461023540118420669e+02 7.941450679336402345e+02 7.682017556764508299e+02 7.228190087645991753e+02 6.667938096191154500e+02
4.400261803879314471e+02 4.187170551158493481e+02 3.615656816513307490e+02 3.684424329175673734e+02 3.379141092201279548e+02 2.918020841124322828e+02 3.024820492953751341e+02 3.574812831152138415e+02 3.468016467959334932e+02 3.965438730143242765e+02 4.069626418035243773e+02 3.791607969676038010e+02 3.783753705508715370e+02 4.423419793884333444e+02 4.918949448410801324e+02 5.059407961342882345e+02 4.895192775195401964e+02 4.879406322614427154e+02 4.609026466189164921e+02 5.222982481994540649e+02 5.704597716858843341e+02 6.311616645765827798e+02 6.792480537959082767e+02 6.837487939498106471e+02 6.862920685199668469e+02 6.937207729943098684e+02 7.343931705526820224e+02 7.764800024718693976e+02 8.319697155725503990e+02 8.930708204535163759e+02 9.277284134185622406e+02 9.048067642728092324e+02 8.446152853048499765e+02 7.836153439378331313e+02 7.280624169885250012e+02 6.952174206676043013e+02 6.394064221845986822e+02
4.535099020763702242e+02 4.730733773289716169e+02 4.488103603612996721e+02 4.077173683163375131e+02 3.469196037056692035e+02 2.918020841190989358e+02 3.527597313365066611e+02 3.921359082184247882e+02 4.365715217791126292e+02 4.555556364134602063e+02 4.670479015695380554e+02 4.301562564811263201e+02 4.676758513785089804e+02 4.717925392312089912e+02 5.293273974820405101e+02 5.612102824302266981e+02 5.474697485237670662e+02 5.047018094396723313e+02 5.165468769766926016e+02 4.864304772076591235e+02 5.524914123433788973e+02 6.003895743825062254e+02 6.377808127484680654e+02 6.245877500157824898e+02 6.238214206872962677e+02 6.535884668620773255e+02 6.863794463652122886e+02 7.299176425092672389e+02 7.870721889882436244e+02 8.489643675608182321e+02 9.057601984456929358e+02 9.018424739069311045e+02 8.440095104514613240e+02 7.814406500670509104e+02 7.246983168042902435e+02 6.730393656701900227e+02 6.992301840877488530e+02
4.476535569452942127e+02 4.987061566900990215e+02 4.924522433645585693e+02 4.400405768797796782e+02 3.844472885931809287e+02 3.124506446588046060e+02 3.684406751519964587e+02 4.334263494049850465e+02 4.783367355369090319e+02 5.164789654039080915e+02 5.248242519642291199e+02 4.947052869996097684e+02 5.306289371737235570e+02 5.297331248231839709e+02 5.800601980941634110e+02 6.045928636811852357e+02 5.840190303990376606e+02 5.397901765318063099e+02 5.598607824731860774e+02 5.197250111749522148e+02 5.135969379250877864e+02 5.717771386408278431e+02 5.862262507153129718e+02 5.663912048920420830e+02 5.866990179931814282e+02 6.119325156827175078e+02 6.434022079201340603e+02 6.845843812032253481e+02 7.444294322939840640e+02 8.182711095010167810e+02 8.921877241327823640e+02 9.050947443274036459e+02 8.494318958929002292e+02 7.891169654004534095e+02 7.371199671453864539e+02 6.995592446224745800e+02 7.445437716911352481e+02
4.393174788192214351e+02 5.019845635128469894e+02 5.162472777083271467e+02 4.662664256365700908e+02 3.984543673706521645e+02 3.360461702208041288e+02 3.951817419367630464e+02 4.486028352816397842e+02 5.074843996202159815e+02 5.513551030364985763e+02 5.722399232324739842e+02 5.664657415511571799e+02 5.853788833347653053e+02 5.905137411936207172e+02 6.300909933560205900e+02 6.379339820750457193e+02 5.933382247290485338e+02 6.014072069262418836e+02 6.050439409152857024e+02 5.597843880976291757e+02 5.699420317561194906e+02 5.365464015048215742e+02 5.365464015114882841e+02 5.695823891985488672e+02 6.078335582216567445e+02 6.416412333742657665e+02 6.758270556845465080e+02 7.163465035846259070e+02 7.611106829152133741e+02 8.300483601463157584e+02 9.032423526765084034e+02 9.233104162524484764e+02 8.825777948897051601e+02 8.299223165154046455e+02 7.807369351406208580e+02 7.317301123540250956e+02 7.836219657781103933e+02
4.221883752594219459e+02 4.981677638173810010e+02 5.367377187905993878e+02 5.064029889534065774e+02 4.451711063389644210e+02 3.979001906767805394e+02 3.701986009603757566e+02 4.348032683595111507e+02 4.972558062914524726e+02 5.442126806357409805e+02 5.845251820776484237e+02 6.186369917079390461e+02 6.472018897839562896e+02 6.592044797941628076e+02 6.816231741173115779e+02 6.566502839296600769e+02 6.405832822823304014e+02 6.626198362544035945e+02 6.535572116635282782e+02 6.051609501647544676e+02 6.169174021509558088e+02 5.760953827195137364e+02 5.687342209932738797e+02 6.004446642840085815e+02 6.349346439220511229e+02 6.719484274880869634e+02 7.095340141867542343e+02 7.528149352958838563e+02 8.042443865164212866e+02 8.661327917784998363e+02 9.289581850891744352e+02 9.424042949212373514e+02 8.929411798290034312e+02 8.338225368325204272e+02 7.790507140367196826e+02 7.879592182462660048e+02 8.283682856093462306e+02
4.269392172422947738e+02 4.964149744190534079e+02 5.525430342076855368e+02 5.435615204744780158e+02 4.930706785365259179e+02 4.520606529169856458e+02 3.973349598638514522e+02 4.136436671659441799e+02 4.512011329178746450e+02 4.965595803451734014e+02 5.507365129447541676e+02 6.117621458906086218e+02 6.774990122637645982e+02 7.241440919080713456e+02 7.397774885879856583e+02 7.082139654685498726e+02 7.015996095190705546e+02 7.113756431706474359e+02 7.034993465359498259e+02 6.559905256897578738e+02 6.639082078353970928e+02 6.213741653698918981e+02 6.099486783710080999e+02 6.412912196366165745e+02 6.745298114116327497e+02 7.105138826095954983e+02 7.496274934835457771e+02 7.930888697379346013e+02 8.460904944732092190e+02 9.065021056903751742e+02 9.606622046676255877e+02 9.616837088678187229e+02 9.063241545465763238e+02 8.453025684564029234e+02 8.220563632484380605e+02 8.494908762131655067e+02 8.803165132150325007e+02
4.403482922495328467e+02 5.056282177478329913e+02 5.684333555429275293e+02 5.770397109948663683e+02 5.257317930330958689e+02 4.596172331926651964e+02 4.592770281643055341e+02 4.427202067901490636e+02 4.881140598996088897e+02 5.370937982952626726e+02 5.906156604047191649e+02 6.546530577600401557e+02 7.170541867103203231e+02 7.736787725995111487e+02 7.929898139542748368e+02 7.700429328032743115e+02 7.677921023789774608e+02 7.700722244877272260e+02 7.577456034673134582e+02 7.133216923732090891e+02 7.152068681696985095e+02 6.760967705515241732e+02 6.647785128299308326e+02 6.943943877395264508e+02 7.272689578696179069e+02 7.623218026065430877e+02 8.006651414363566346e+02 8.437082051467697283e+02 8.930976865855628830e+02 9.503177008736651032e+02 9.969305833890682607e+02 9.862211772583898437e+02 9.259037017014296680e+02 9.115182054836727730e+02 8.773963338377014907e+02 9.068600015268807510e+02 9.324703492382478771e+02
