output/field_example_test_lateral/elevation_000059.asc
nrows	150
cellsize	66.66666667
xllcorner	0
ncols	150
yllcorner	0
NODATA_value	-9999
[rows 17 to 33 of 150, columns 111 to 147 of 150]
6.845155332845791918e+02 6.435194518681928457e+02 6.055993716286442350e+02 5.537219831009498421e+02 4.952383194462495908e+02 4.298794701053389531e+02 4.870460944235792340e+02 5.213168409528009306e+02 4.997129685612586627e+02 4.603595346852811758e+02 4.165722630982998567e+02 4.740980100840229170e+02 5.419166939055979810e+02 6.172490226223443415e+02 6.939938002200240135e+02 7.454648390466783212e+02 7.701301801411653969e+02 7.702934126770463763e+02 7.699047732987251038e+02 7.331275193728724844e+02 6.816110485699250603e+02 6.454281379740813236e+02 6.127672849163724322e+02 5.582541216245648457e+02 5.071792275564354213e+02 5.420372957017909812e+02 5.221668310214431585e+02 4.702037809906111647e+02 4.787980000351282683e+02 5.313424197451777218e+02 5.680832197454816423e+02 6.249122101145193255e+02 6.891051242778379446e+02 7.551024359449330632e+02 8.155411930378354555e+02 8.594898988599895802e+02 9.015331246420707885e+02
7.220420014612955129e+02 6.723121002619072897e+02 6.113610079946568021e+02 5.474039922963884237e+02 4.884547045189206074e+02 4.124389345006724170e+02 4.522937728759558240e+02 4.722875221859571298e+02 4.446337182680030651e+02 4.012111682471553422e+02 4.540371850409908916e+02 5.260071325386790022e+02 5.934537948733379835e+02 6.601370236420113997e+02 7.151303899208793382e+02 7.389766998197966359e+02 7.256795684905549706e+02 6.948549243668825284e+02 7.052026818196492286e+02 6.939214205339055752e+02 6.338697769263380906e+02 5.830519048429957820e+02 5.707006795124138989e+02 5.409220004231306120e+02 4.790686210588228278e+02 4.940032676495779924e+02 4.566520815048012878e+02 4.925609508149226485e+02 4.987110213502991201e+02 5.026431377278780701e+02 5.765246263754645497e+02 6.306445931790784698e+02 6.955783610940948165e+02 7.482354026734894887e+02 7.963750705902014033e+02 8.436061284193415304e+02 8.921140121247454999e+02
7.025186234178662517e+02 6.542807992068969725e+02 6.035254362658852187e+02 5.401883655084156999e+02 4.617559733228742402e+02 4.511041894255484408e+02 3.902463801705946480e+02 4.194949542137966887e+02 3.835429727746990238e+02 4.442123723116839074e+02 4.842065172970953313e+02 5.458484703925253143e+02 6.164854930168592091e+02 6.841945271990979336e+02 7.178281185692596864e+02 7.026905677974855280e+02 6.605705679118901799e+02 6.202842614419614620e+02 6.419562688443061234e+02 6.486076897874437464e+02 5.961268488236004259e+02 5.390569182720315666e+02 5.052721895232668317e+02 5.103174525963729593e+02 4.793252161241856584e+02 4.416252055795491742e+02 4.921671629781392880e+02 5.259221377246044540e+02 5.251600044162665881e+02 5.288085990772012792e+02 5.320670926803893508e+02 6.073521967964669557e+02 6.541971487305137316e+02 6.932762047297803747e+02 7.374485219319859652e+02 7.907647291142525319e+02 8.464144133493031177e+02
6.458926872406631219e+02 5.961306258523505903e+02 5.520485079340745642e+02 5.130834512588626239e+02 5.170788634187753132e+02 4.831689555438333059e+02 4.298865628987057335e+02 3.670211184169621674e+02 4.075572284613893999e+02 4.589887361401569024e+02 5.202859442138467330e+02 5.708544160677629407e+02 6.357769436108386572e+02 6.893823467460949814e+02 6.911482544652845945e+02 6.492120011251919323e+02 6.026688701897350029e+02 5.543021073123449014e+02 6.008889186584686968e+02 6.038785846580933594e+02 5.552025629356033960e+02 5.028112256249904135e+02 4.611035292497598448e+02 4.664162714119981388e+02 4.267913895197089573e+02 4.819432085614700441e+02 5.274482023613270485e+02 5.673833962410753884e+02 5.752553573059715291e+02 5.805141381281806616e+02 5.700264631648349223e+02 5.653769407297799034e+02 5.935989526167167014e+02 6.260710241760766621e+02 6.829062540134520987e+02 7.463223273594686589e+02 8.056363471649362964e+02
6.962588436719266838e+02 6.499265520785330636e+02 6.082530110591334278e+02 5.719197396250341399e+02 5.419094029720478147e+02 4.843352778191975290e+02 4.283520311563803489e+02 3.586610637363978071e+02 4.118901749727746164e+02 4.632988364319325001e+02 5.220527880958695732e+02 5.871840138293052860e+02 6.489174963783776775e+02 6.749448252999488886e+02 6.535690719274023195e+02 6.025117395109444942e+02 5.486423067295743294e+02 5.025780092715308456e+02 5.541711543073378152e+02 5.528055170653084360e+02 5.087574491072307978e+02 4.682302141772116215e+02 4.313178876955961982e+02 4.119391592668259818e+02 4.660867922628906399e+02 4.846323379055889973e+02 5.360825746877184201e+02 5.972928171752905655e+02 6.385453449081459212e+02 6.460492300103364869e+02 6.189112554110892006e+02 6.145400554281608265e+02 6.540898339144686133e+02 6.515261606662954819e+02 6.734723294388660406e+02 7.182736204617683597e+02 7.744858791999826053e+02
7.390710338347502102e+02 6.928443426382156076e+02 6.483445065244349053e+02 5.960568467371696215e+02 5.311924791165147326e+02 4.625991006803212144e+02 4.002703962327339013e+02 3.510257146222932079e+02 4.176922332789995949e+02 4.695477532593896512e+02 5.324381769537391165e+02 5.981527376006326904e+02 6.401697827616459335e+02 6.389414425255458809e+02 6.018795241292053788e+02 5.580944797621895077e+02 5.063000545243385204e+02 4.596251237892761878e+02 5.070312845559950006e+02 4.948065163811754701e+02 4.434794448942076315e+02 4.380859524753245182e+02 3.982275199118165006e+02 4.517633996518749200e+02 4.928579486080272432e+02 5.343496166388013080e+02 5.772194321563426911e+02 6.372616325247557825e+02 6.918145771680602820e+02 6.972332213609151950e+02 6.830908166441854519e+02 6.762678584535409527e+02 6.921811950866729148e+02 6.955646813749839339e+02 7.342761404204737801e+02 7.373864627411837773e+02 7.892101552181529769e+02
7.205304110981667236e+02 6.704487652535680127e+02 6.234486863264007752e+02 5.748130362809334883e+02 5.162517930372148385e+02 4.504887927382107478e+02 3.917901919614474195e+02 3.437087778396955287e+02 3.949685362074643535e+02 4.630654900635285003e+02 5.314076203897826645e+02 5.839787752442721285e+02 5.948259505922875405e+02 5.881212738694740665e+02 5.495345413478661385e+02 5.100483188645421819e+02 4.718803332811780251e+02 4.239004074490564449e+02 4.516658009185308060e+02 4.345156284082012235e+02 3.738622803491631998e+02 3.839606880168233829e+02 4.463264473086188104e+02 4.975720384216594994e+02 5.402735248225500300e+02 5.853990792353865800e+02 6.333069862019233369e+02 6.849044533267665429e+02 7.401628558303863201e+02 7.566286001995795232e+02 7.515611216975598836e+02 7.425611929892597800e+02 7.515689465816686834e+02 7.576826909487430157e+02 7.702340964509717196e+02 7.987174921172853601e+02 8.343814367371682010e+02
6.611265548207411484e+02 6.061188282469754540e+02 5.574932370436107476e+02 5.130140331415033188e+02 4.647591979480055784e+02 4.019302747763794059e+02 3.801506028492946712e+02 3.369195566534504565e+02 3.369195566601171095e+02 4.585558158370079695e+02 5.030954921454243163e+02 5.483244586260909728e+02 5.384373100260236242e+02 5.252780504409048490e+02 4.905211679157255276e+02 4.539083049051269541e+02 4.404097157678201597e+02 4.081408868656056939e+02 3.788566913311232156e+02 3.584085673967703656e+02 4.082208604336643702e+02 4.315110397123755206e+02 4.554467990580143351e+02 5.176653153628327573e+02 5.823404713524068939e+02 6.378121875844680062e+02 6.887698043560093311e+02 7.350735604066364886e+02 7.786895657936033786e+02 8.088978796362690673e+02 8.163678869643539429e+02 8.100326173102791927e+02 8.161009931012881680e+02 8.231958893016292222e+02 8.327890230067998800e+02 8.621946852402282957e+02 8.936704427325450979e+02
6.057435750207863521e+02 5.432357154098884848e+02 4.908174541291541004e+02 4.466338015367244907e+02 4.088022579855666550e+02 3.768689208486503048e+02 3.518837382658434194e+02 3.298323716938261327e+02 3.733741365891165742e+02 4.114073013670325736e+02 4.646974151766020213e+02 5.097857186065900805e+02 5.006264269431443381e+02 4.497469539826447544e+02 4.224826224242649459e+02 4.079710219567853642e+02 3.776076805428065768e+02 3.759303053712058613e+02 3.452064323958547902e+02 3.627979787741275572e+02 4.178558218597312361e+02 4.667962145770958955e+02 5.011563734224438917e+02 5.322854409305084573e+02 5.908310870598756992e+02 6.514280085766746424e+02 7.064219480569952339e+02 7.406979894222631629e+02 7.754079216255921665e+02 8.117090153049509809e+02 8.432907533690029140e+02 8.585813574254017340e+02 8.673370577060395590e+02 8.764667160429708019e+02 8.894013442322431047e+02 9.141217230698160847e+02 9.444364657596634061e+02
6.615543683175352498e+02 6.036410422944904894e+02 5.474948577868642587e+02 5.031829096574030586e+02 4.649568623617035996e+02 4.310132593141018447e+02 3.996532265042540644e+02 3.713010357964568584e+02 3.198024757171529586e+02 3.726574308755352263e+02 4.298402699622478167e+02 4.695548814216138567e+02 4.574865813366806719e+02 4.094864150476498139e+02 3.623194968241091374e+02 3.256860229779865108e+02 3.311686480819180929e+02 3.369172038287824194e+02 3.459556807784839521e+02 3.922046270489099129e+02 4.364206056089701633e+02 4.899301431225916303e+02 5.326456424482458942e+02 5.692541587656565980e+02 6.097711150570600012e+02 6.512466411217782252e+02 6.770480376840317831e+02 6.844693915881166504e+02 7.230612598322173881e+02 7.709575049351954021e+02 8.207256334923235954e+02 8.407704834861054906e+02 8.488891026045972694e+02 8.600127035918401361e+02 8.736173805766724172e+02 9.015290098773483578e+02 9.368425893342981681e+02
7.107098631222793301e+02 6.584514883931561826e+02 6.104772939833280816e+02 5.670964358861277788e+02 5.264160339324652114e+02 4.849760675287368485e+02 4.352983994113188828e+02 3.750415812790823793e+02 3.198024757104863056e+02 3.636928489990623348e+02 3.953273079849269607e+02 4.250542833390886699e+02 4.085227546806421515e+02 3.644987817930255574e+02 3.157393309281953293e+02 3.480696151597859966e+02 3.711462415868575135e+02 3.952646915715592399e+02 3.994322470727422569e+02 3.649492153930203813e+02 4.275106139859760219e+02 4.787918854546805960e+02 5.205907089031218220e+02 5.474434160124466189e+02 5.723459805636654210e+02 6.083398024193170386e+02 6.159186107155891250e+02 6.206622273766481612e+02 6.738025907120465945e+02 7.331779953153321685e+02 7.788488686311115998e+02 7.804855985084213899e+02 7.820449035039557657e+02 7.942939133504818301e+02 8.034959199257048112e+02 8.401831719569215693e+02 8.845434014880424911e+02
7.325279467331808974e+02 7.055677269127970703e+02 6.657875903505644146e+02 6.242776397978259411e+02 5.820400221979980415e+02 5.344662584473529705e+02 4.733186118485334646e+02 4.183378132941264198e+02 3.685025525102004167e+02 3.082465481529231397e+02 3.553994204333470179e+02 3.722378263533690870e+02 3.568436792908692610e+02 3.047520617251545900e+02 3.566906907307828760e+02 3.832204362416742924e+02 3.946707813116360057e+02 4.403377836770328031e+02 4.467631824863265706e+02 4.278219476060651800e+02 3.863778982022287778e+02 4.427526880765865940e+02 4.788832966955956749e+02 4.866710640485237604e+02 5.144602588166393389e+02 5.530123046573917236e+02 5.518195012137809954e+02 6.067028212677125794e+02 6.534661630930220326e+02 6.923188634236599910e+02 7.277925158936022854e+02 7.142914184226443695e+02 7.102380001304852613e+02 7.274188016958977414e+02 7.357194337582008075e+02 7.817478191657482967e+02 8.362040620181594477e+02
7.178959558168370449e+02 7.066347853876035288e+02 6.701781888161710867e+02 6.320900432421109372e+02 5.972345738875676489e+02 5.614223631838051460e+02 5.150540907362019425e+02 4.651408378318292307e+02 4.120945704731323644e+02 3.586172151572170606e+02 2.935517986564312309e+02 3.294740882140985150e+02 2.919076945091929360e+02 3.473959415745035244e+02 3.656602787338096050e+02 4.090604273323664870e+02 4.452243326197589681e+02 4.903981711467606033e+02 5.052276063533575439e+02 4.647627437371431256e+02 4.529359482764242557e+02 4.068548363722155727e+02 4.188620578410555595e+02 4.310980102166224697e+02 4.506447476278759723e+02 5.077316790195843623e+02 5.118076726954301989e+02 5.566591517802197586e+02 5.962709296456063157e+02 6.497419282681014465e+02 6.679965855651391848e+02 6.522582480528602673e+02 6.434324108892467393e+02 6.770210234733910966e+02 7.238204581281514720e+02 7.752467638583359530e+02 8.329127873081816915e+02
6.860449601378346642e+02 6.717270784289096355e+02 6.204271269298734524e+02 5.768286980788276423e+02 5.420854072419776912e+02 5.477882508669445087e+02 5.221523742926930254e+02 4.778228156771837121e+02 4.269133727999625307e+02 3.735330591527066417e+02 3.245017527358108964e+02 2.787818582948474955e+02 3.300852805509961172e+02 3.709210059604196204e+02 4.218608848085261229e+02 4.440534154390363710e+02 4.904782571081910305e+02 5.418725895776275365e+02 5.606006875338727014e+02 5.259794955564129850e+02 5.027459242350850559e+02 4.850213740533342843e+02 4.699652217567133903e+02 4.813827534373679100e+02 4.481923622787303430e+02 4.644838646152574597e+02 4.794318696777015134e+02 4.957997208451991469e+02 5.613126566281908936e+02 5.871879155784032491e+02 6.151969532041659932e+02 5.981312932707922982e+02 6.618289934923778901e+02 7.222157113810408191e+02 7.708311283702504397e+02 8.198554918464444654e+02 8.712689057220086397e+02
6.510279687146860397e+02 6.301307287530142958e+02 5.685205764800463157e+02 5.110439203750910906e+02 4.693208345093951834e+02 4.968712753506114268e+02 4.870071376838714059e+02 4.411299360704900892e+02 3.920321278299334722e+02 3.437159737682680429e+02 3.172964924877408066e+02 2.728091519721276654e+02 3.435923312110409711e+02 4.082302133243464368e+02 4.602721874520477172e+02 5.041331256410542778e+02 5.431040786349346945e+02 5.854326412812556555e+02 6.176245339271351895e+02 6.002102184294094513e+02 5.797842334895146905e+02 5.704974472978353788e+02 5.328002934986799346e+02 5.373616678583355224e+02 5.535563854502668164e+02 5.243938500824914399e+02 5.418547365655679187e+02 5.157263993886772369e+02 5.185308206012977053e+02 5.342827009190641547e+02 5.534544153836300211e+02 6.151437872089298935e+02 6.732275351866879873e+02 7.265807150354476107e+02 7.730296521942782420e+02 8.182866436830539669e+02 8.652875306675412048e+02
6.168886952119903526e+02 5.905116076998725703e+02 5.202254355937741366e+02 4.554332864211320384e+02 4.060058235830144895e+02 4.453411323484432955e+02 4.376786587572906910e+02 3.925614236614360379e+02 3.416332049479637476e+02 2.733946335354162898e+02 2.643469251831662632e+02 3.194014887813704036e+02 3.862552896291860520e+02 4.491019834868586145e+02 5.057137763955578862e+02 5.544461398796952381e+02 5.956950543319155713e+02 6.333606661848192516e+02 6.640639060334113992e+02 6.688431136410767976e+02 6.581613631426638449e+02 6.473467946367644572e+02 6.090333606348295916e+02 6.034474614940030506e+02 6.071729101855829640e+02 5.975855099342732046e+02 5.969715743101024827e+02 5.495573719014374774e+02 5.857046835251646826e+02 5.935989452100142216e+02 6.098333555778474420e+02 5.832372381051438879e+02 6.421374276202324154e+02 6.872327245733215477e+02 7.258236351024851274e+02 7.675048206213267576e+02 8.151887073177230150e+02
5.869919602329423469e+02 5.560583640029029766e+02 4.785817607018283866e+02 4.038636744729415682e+02 3.571714473535497518e+02 3.894286952076926696e+02 3.776076321815361894e+02 3.381733822380333550e+02 2.780961189653964993e+02 2.578756348278105861e+02 2.746000895796739201e+02 3.492594867411394830e+02 3.982190308837528505e+02 4.572240698558196073e+02 5.167491817468539921e+02 5.646546705573056215e+02 5.993316847236287686e+02 6.331550583005334829e+02 6.657902841905441846e+02 6.910356553774772692e+02 7.084891678656570093e+02 7.053286281503663986e+02 6.908671801723033923e+02 6.770908701539560752e+02 6.754503823331240255e+02 6.704772029049818229e+02 6.395011977158524132e+02 5.921954905196042773e+02 6.360757537755738440e+02 6.518730626659790914e+02 6.469710268280375658e+02 5.832372381118105977e+02 6.054914408314615457e+02 6.340453819839498237e+02 6.687441600122893988e+02 7.116198995912185410e+02 7.660447669925591754e+02
