output/field_example_test_lateral/elevation_000052.asc
nrows	150
cellsize	66.66666667
xllcorner	0
ncols	150
yllcorner	0
NODATA_value	-9999
[rows 17 to 33 of 150, columns 111 to 147 of 150]
6.831554412013113051e+02 6.214205606257200998e+02 5.584942526781869674e+02 5.228975870169367681e+02 4.824180292349976185e+02 4.246429304362411585e+02 4.505421688185319340e+02 4.476034647672189521e+02 4.106098806310387204e+02 4.678503798432926715e+02 5.144001277204818052e+02 5.566238947211096502e+02 5.887312096558279109e+02 6.254577849400558307e+02 6.654006258500965032e+02 7.106964022543063493e+02 7.457350910793165895e+02 7.695091194095433593e+02 7.777158970911066262e+02 7.487772218585241717e+02 7.010511654265822017e+02 6.469189215801814044e+02 5.943740923028458383e+02 5.510513711521256255e+02 5.548940856506330874e+02 5.836944602934191835e+02 5.488344208194752127e+02 4.686164199477491366e+02 4.915003427454215057e+02 5.205503155439735110e+02 5.791865968467277526e+02 6.522118151340284840e+02 7.179166318354677969e+02 7.593526117994227889e+02 7.852033225844160143e+02 8.240078312568856518e+02 8.719800191839080981e+02
7.023803407652552551e+02 6.540363365337012738e+02 6.095243765853301738e+02 5.673629960064330362e+02 5.170116265649660363e+02 4.609275461167837875e+02 4.041208503566467130e+02 3.946973219871740639e+02 4.428124823667611167e+02 4.748254892164322314e+02 5.193831099626008836e+02 5.667591863756779276e+02 6.150616336869717315e+02 6.638964082196897607e+02 7.044750469091906098e+02 7.306509103157425216e+02 7.299144493972994496e+02 7.130971472920689394e+02 7.185938427309167764e+02 7.097461676138784696e+02 6.551062219400769209e+02 6.113260210963002237e+02 5.857738988117198460e+02 5.533363588507970690e+02 5.024426918360582022e+02 5.406065684090028753e+02 5.229844590025852540e+02 4.585929291941071710e+02 4.982078574110637419e+02 5.338024357802336226e+02 5.888572248999849990e+02 6.496729038956477780e+02 6.973607989455180132e+02 7.380997757843501859e+02 7.806015936810638323e+02 8.268046163825551957e+02 8.737712912974519668e+02
6.685934266274533684e+02 6.386545970874142313e+02 6.027485166827743797e+02 5.638444442958519858e+02 5.118085177780099571e+02 4.441816045459906945e+02 4.365894685568997033e+02 3.854587723983445358e+02 4.367541014465014086e+02 4.690068813940588370e+02 5.008277670894275388e+02 5.306218326492574988e+02 5.951308845534413194e+02 6.577021781516771171e+02 7.062311534712303001e+02 7.086202589110002918e+02 6.822537307541001610e+02 6.421224775735868207e+02 6.572103874864533282e+02 6.622484092722664855e+02 6.156594596195346867e+02 5.602972187293860316e+02 5.265384131718601566e+02 5.232918393305333211e+02 4.701759898477095589e+02 4.874637277572036851e+02 4.899853106153165641e+02 4.498722878619362859e+02 4.657232243257078608e+02 4.853578678640254225e+02 5.499899017648175459e+02 6.031851968316805142e+02 6.291961447856364202e+02 6.766416316174937720e+02 7.301166701922061293e+02 7.804299900103372920e+02 8.283537659336969909e+02
6.281777975674729078e+02 5.861689491475259501e+02 5.492723157088065591e+02 5.158030238800706684e+02 4.855260582378064669e+02 4.933833168811250403e+02 4.514489861191647151e+02 3.779652713079624391e+02 4.150385746036175760e+02 4.292087233483933346e+02 4.440748020028037786e+02 5.120481011273861895e+02 5.868073590373938941e+02 6.542254385924964026e+02 6.857377822749600682e+02 6.669812340889212692e+02 6.215242577288593111e+02 5.754532762228960792e+02 6.120281186862481491e+02 6.092970256629405412e+02 5.711313425063000295e+02 5.168591714601930107e+02 4.663364373832814067e+02 4.780285183819044050e+02 4.656728913945544264e+02 4.290004852242632865e+02 4.383942358212941031e+02 4.959458813740135952e+02 5.163668416088974027e+02 5.106611089219322253e+02 5.139606034477601497e+02 5.358552050273771101e+02 5.635587026880715484e+02 6.268705490824042954e+02 6.825001499118251331e+02 7.288002922540531472e+02 7.799857371825266910e+02
6.881330395704351304e+02 6.459484472880652675e+02 6.085591498788392073e+02 5.750006061569309850e+02 5.457232285802405158e+02 5.229687884981424304e+02 4.543237332306894700e+02 3.702648671321134088e+02 3.907743342018021053e+02 4.073553196606521851e+02 4.576065326872367223e+02 5.147979925590472021e+02 5.819941450131306055e+02 6.401305754654982820e+02 6.487086736255157575e+02 6.138448791863436327e+02 5.708284726439167116e+02 5.226306077796295995e+02 5.591233423380623435e+02 5.443428351815831547e+02 5.275400062147717790e+02 4.760116696611373186e+02 4.168412866799862400e+02 4.090987928539843779e+02 4.170065857258655910e+02 4.535287964743280895e+02 4.858910286337209641e+02 5.309961069221194521e+02 5.692279453150846393e+02 5.521813828872133172e+02 5.753093479211912609e+02 5.742059938558921885e+02 6.163542672874052641e+02 6.021358646476430749e+02 6.366416561541187775e+02 6.848780041225589912e+02 7.433836851519799893e+02
7.437883763469274072e+02 6.998131061625718985e+02 6.599665753231817007e+02 6.230855090442615847e+02 5.839127946060930299e+02 5.297171090489596281e+02 4.648577486354432722e+02 4.167136270931797526e+02 3.574331813236245807e+02 4.134377595849215368e+02 4.571190355572825865e+02 5.183497277538699564e+02 5.834555355252621212e+02 6.164368083099159321e+02 6.012204154901108950e+02 5.620305672678251767e+02 5.240214459312810504e+02 4.781065875577261295e+02 5.066853222911045123e+02 4.839001727715568677e+02 4.707494213034744917e+02 4.436627097043072467e+02 3.979184315821693190e+02 4.412898249817213241e+02 4.566410917306861279e+02 4.886685404659854726e+02 5.269187586427652832e+02 5.757990959592186755e+02 6.199227401678487013e+02 6.118978720135247613e+02 6.210996079933273677e+02 6.243835021672088033e+02 6.647371626206158908e+02 6.503182916419846151e+02 6.941528245501269794e+02 7.017950571005438860e+02 7.558376619175663791e+02
7.491761785324531502e+02 6.985555992605688971e+02 6.531464236828483081e+02 6.119884320788528385e+02 5.717475631649997467e+02 5.254960195754009646e+02 4.663766256420232139e+02 4.081375269646212587e+02 3.492937647375562733e+02 3.849680447098827472e+02 4.371530591856470664e+02 5.067790783427441283e+02 5.666403704462658197e+02 5.747434040717118933e+02 5.376815895230513433e+02 4.974530982012271920e+02 4.943135654845840463e+02 4.392711213309718232e+02 4.513476142703228788e+02 4.354278793056333825e+02 4.253218582299988384e+02 3.854254471437717484e+02 4.327885201921393445e+02 4.652949657434869550e+02 5.024879816437489239e+02 5.389025106393453370e+02 5.788861218823511763e+02 6.235740102072419404e+02 6.711082650570884880e+02 6.779707059497939099e+02 6.821422832774894687e+02 6.901308909547358326e+02 7.106460155281233710e+02 7.154442957420172888e+02 7.296123688631154209e+02 7.635277764277791448e+02 8.012830007958032184e+02
7.088374200984408162e+02 6.504912616215290200e+02 6.001973289779117522e+02 5.572200339313824315e+02 5.193672805061129338e+02 4.845914090552176390e+02 4.542142162398506002e+02 4.162066361784069954e+02 3.782345790600880377e+02 3.383809649936107462e+02 4.246818934512301666e+02 4.922548868625330556e+02 5.337145402845015951e+02 5.259420016155258963e+02 4.806598598530352433e+02 4.333333557685580786e+02 4.494129550875962309e+02 4.283530567366811965e+02 3.854086892282749091e+02 4.053080388268099910e+02 3.704293409443047835e+02 4.305481747187183714e+02 4.713691350424219877e+02 4.819610127407416371e+02 5.412849092971990785e+02 5.872324407629782854e+02 6.284222925526182735e+02 6.707517266776533233e+02 7.127005993235479764e+02 7.395158064292380686e+02 7.483089707660750491e+02 7.598526467040971966e+02 7.754926139594065262e+02 7.837295832948801717e+02 7.945108136697812142e+02 8.262343543689353282e+02 8.606347683039516596e+02
6.755056998741125653e+02 6.050937777568768752e+02 5.476076111478973871e+02 5.013153235701742574e+02 4.631632708222953738e+02 4.311255848711507497e+02 4.037755423679365663e+02 3.799061242718184985e+02 3.576222609766389269e+02 3.383809649869440932e+02 3.932463105318039425e+02 4.513306276563066604e+02 4.825261029906737349e+02 4.656710395825012370e+02 4.276305894266635619e+02 3.788806447108912039e+02 3.386042298509171360e+02 3.438537809943409798e+02 3.498167886980793924e+02 3.562364878650849960e+02 3.954936578490287502e+02 4.454595874102198536e+02 4.885521554826719921e+02 5.175854286508277937e+02 5.542174878020357482e+02 5.926240877452139557e+02 6.299752454572258102e+02 6.684576528733608711e+02 7.123145762266431120e+02 7.584621600832280137e+02 7.977356983932832009e+02 8.182941030368624524e+02 8.313284965561159652e+02 8.404593885450192374e+02 8.533798468340476120e+02 8.791183415628962621e+02 9.112725127731335988e+02
7.066718713238890359e+02 6.484632614807188702e+02 5.962429325702331653e+02 5.474473762475969352e+02 5.090615180097901771e+02 4.735056637590780042e+02 4.373472762504353568e+02 4.246135455808548045e+02 3.892972289378633377e+02 3.328236999429942671e+02 3.786636412698123877e+02 4.164529476471540761e+02 4.236178840417525748e+02 3.874009981131970335e+02 3.811389015354357070e+02 3.312329938093774331e+02 3.387145109400837555e+02 3.566069021335757725e+02 3.839274328503937568e+02 3.725662877767153986e+02 3.738113287749449682e+02 4.241078086475673672e+02 4.545877755015735033e+02 4.787291624781890391e+02 5.102084076465813496e+02 5.496201293524875382e+02 5.770755684068897153e+02 6.149875036194101767e+02 6.663750227786058531e+02 7.325036699998606764e+02 7.876690789482497621e+02 8.198133547092061235e+02 8.242237725486032787e+02 8.285568859840834648e+02 8.381136400787933098e+02 8.658888461610215472e+02 9.020754441792898888e+02
7.254123523616306102e+02 6.939288490857250054e+02 6.436908669433145178e+02 6.014307762483089164e+02 5.635126220451338668e+02 5.258874936886456908e+02 4.885308905140489060e+02 4.482208069330160924e+02 3.999325335216433928e+02 3.691149881124132435e+02 3.219077661115085789e+02 3.686502398119881718e+02 3.677208364839771662e+02 3.155652414758411055e+02 3.220315243696227867e+02 3.696416104415977202e+02 3.557930234128420466e+02 3.873087656662895597e+02 4.169771307313997113e+02 4.415200727082371941e+02 4.350909869897035378e+02 3.917906820948522295e+02 4.030385028409166353e+02 4.164322977549263101e+02 4.664932467127273412e+02 5.061557510047516644e+02 5.115384644229424111e+02 5.600433757684025977e+02 6.200038690481829917e+02 6.894534078706369655e+02 7.551169495936949261e+02 7.722305313273019465e+02 7.627735220776722826e+02 7.632066002068213493e+02 7.662929412488911112e+02 8.023045076469859396e+02 8.472865426123715906e+02
7.204420405796638534e+02 7.170942772243034824e+02 6.846118333300485119e+02 6.484874131747631054e+02 6.140040301308118842e+02 5.801753643406390211e+02 5.333307830740033069e+02 4.871488931449012512e+02 4.455954677034674205e+02 4.047078499060065155e+02 3.623479411491825886e+02 3.089114201666308190e+02 3.049254113131725035e+02 3.468556760186624501e+02 3.510019877082966104e+02 3.854539423986720976e+02 4.232480439129593037e+02 4.267897369505822098e+02 4.640917305943860924e+02 4.960607069520735308e+02 4.865121824157665742e+02 4.373743346335110118e+02 4.482105385868591725e+02 4.691199908900512696e+02 4.340561807491765762e+02 4.474540456395870933e+02 5.079353518265332355e+02 5.540366044482094594e+02 6.195708599628753745e+02 6.843831112050302181e+02 7.233091216980583340e+02 7.248961416129716326e+02 6.965299726634625586e+02 6.981324278187613572e+02 6.997324248789871035e+02 7.429375185263240837e+02 7.974079757050401440e+02
6.937062372437763997e+02 7.011159976087042196e+02 6.721237845355157106e+02 6.388380167904495011e+02 6.107367664026830880e+02 5.980961909472612206e+02 5.657424734139451630e+02 5.249372076908371128e+02 4.823463818175820848e+02 4.390607196565229629e+02 3.903086827625131718e+02 3.143662203975413831e+02 2.985656389010505336e+02 3.570384011236450306e+02 3.932248357232464286e+02 4.169676583721416137e+02 4.523439285808026398e+02 4.798494549577368957e+02 5.151007429731266711e+02 5.497048538221099534e+02 5.399832000849518181e+02 4.909608593204512204e+02 5.022168566613332246e+02 5.233604696047317475e+02 4.922994239107671319e+02 4.983992324274195767e+02 4.677511225626090550e+02 5.399560898571618281e+02 6.116542471652639961e+02 6.585395919679526742e+02 6.713273571621772362e+02 6.669166120863351352e+02 6.475495414513858350e+02 6.475495414580525448e+02 6.879372429087374030e+02 7.366078108589679232e+02 7.950111202906034578e+02
6.609300633913180718e+02 6.618276552006270776e+02 6.163318494037600885e+02 5.749566040833783518e+02 5.424924892786115151e+02 5.558128056012503748e+02 5.464198441070801664e+02 5.135158423391025053e+02 4.759563655715547839e+02 4.365666426544649426e+02 3.964613342240687643e+02 3.525932339218962284e+02 2.942005255562812067e+02 3.423022116085188600e+02 3.946246495065154249e+02 4.493545441548579902e+02 4.907121956082880843e+02 5.265246101338083236e+02 5.652922673411983396e+02 6.020663125154326281e+02 5.959905434682626719e+02 5.551363409302127820e+02 5.650510003574142956e+02 5.815463912869404339e+02 5.519518729799825678e+02 5.238369137137858615e+02 4.807455217734315056e+02 5.351934279351161194e+02 5.894265128493896100e+02 6.076644364735878980e+02 6.209233963184821050e+02 6.173788286586661798e+02 6.627142939642189958e+02 6.955294937652383851e+02 7.351596263869085988e+02 7.848827205712212844e+02 8.396657288710147213e+02
6.259709902605434308e+02 6.203653142083979901e+02 5.644325649481539813e+02 5.075889534073713776e+02 4.672180626055393873e+02 4.861839315435349249e+02 4.939436464942047564e+02 4.572824818138050773e+02 4.219983146662614786e+02 3.956845446551311625e+02 3.617989655675548875e+02 3.366028057614406634e+02 2.942005255496145537e+02 3.586329358788757418e+02 4.290902632062471866e+02 4.872918884016658581e+02 5.341070021450021841e+02 5.736690513652192749e+02 6.111291482577451006e+02 6.486111953721558621e+02 6.475728126516393104e+02 6.324038782560645586e+02 6.345487789295666516e+02 6.359999354591901692e+02 5.959257369036956788e+02 5.549079820716943914e+02 5.174953837909436061e+02 5.012027984839276087e+02 5.589622874146568847e+02 5.493534383752535177e+02 5.965706218564977235e+02 5.965272324360623770e+02 6.485400970698791525e+02 6.893762672408532808e+02 7.352950888314994700e+02 7.908021925724497123e+02 8.478651070192369161e+02
5.885712120377486372e+02 5.817079294892961343e+02 5.204511828244477556e+02 4.553656160033509650e+02 4.053247989555609365e+02 4.175645008622970522e+02 4.305777724405010076e+02 3.997477730246529291e+02 3.550475882769468399e+02 3.459326674046468497e+02 2.776691349399671935e+02 2.844142327117793343e+02 3.487681462171751718e+02 4.077456230453773856e+02 4.698076349264441092e+02 5.260683820147550023e+02 5.732003840007106419e+02 6.132182780934454058e+02 6.481945413033638488e+02 6.809092638279630592e+02 6.991244153574521079e+02 7.015046876129132443e+02 7.014587574909547811e+02 6.792707136123193550e+02 6.388163997909608725e+02 5.928202298053630557e+02 5.590893546647603216e+02 5.250520628583915368e+02 5.250702714396649071e+02 5.757777738897187874e+02 5.687517044540921916e+02 5.866621616969960087e+02 6.074658946154955856e+02 6.436415126626611709e+02 6.929696002717463443e+02 7.548407877787981306e+02 8.109626086573042585e+02
5.496230091063250711e+02 5.473933660341836003e+02 4.831882142217863247e+02 4.144081610971635996e+02 3.577281007083064424e+02 3.567125929912378979e+02 3.640013367731709764e+02 3.533078081707936917e+02 3.075000719885400713e+02 2.714387221270147847e+02 2.778394869462149472e+02 3.122907706732480051e+02 3.659042881405669618e+02 4.277187268500710502e+02 4.818982387768472222e+02 5.279930754044137302e+02 5.683553001362363375e+02 6.031122135791177925e+02 6.277562539339737668e+02 6.591979096941586249e+02 6.923496691279334527e+02 7.229001276815073425e+02 7.407479431205001674e+02 7.250359952519880835e+02 6.827589037056569623e+02 6.418740043329387390e+02 6.012920746971489052e+02 5.579417628426256215e+02 5.845931818269829137e+02 6.043351887812195855e+02 5.973466924303271526e+02 6.214602700385703429e+02 6.328087858512188859e+02 6.334596881933730401e+02 6.682866443964973087e+02 7.137652975790711025e+02 7.687948287689440576e+02
