output/field_example_test_lateral/elevation_000078.asc
nrows	150
cellsize	66.66666667
xllcorner	0
ncols	150
yllcorner	0
NODATA_value	-9999
[rows 85 to 101 of 150, columns 0 to 36 of 150]
-2.112353554516879436e-03 6.445420486857491937e+01 1.236779870781800383e+02 1.564947398999558175e+02 1.622644735417231914e+02 1.234133109908870409e+02 1.066060202922010660e+02 1.076789236870400543e+02 8.093467495944055656e+01 1.215801103457628045e+02 1.153690117841807421e+02 1.194690376246811638e+02 1.299188415364566822e+02 8.877998344062852709e+01 3.240373502024139896e+01 5.445579619783003267e+01 8.823037704640877621e+01 5.457966310081267380e+01 8.888376315657504279e+01 1.027002053261058592e+02 9.376092610271400929e+01 7.691407372373159035e+01 4.565714353342868037e+01 2.635245632068360422e+01 5.480665426223472991e+01 5.790983712848746023e+01 3.973351608149803127e+01 5.126193719178366592e+01 2.929324272398454099e+01 2.929324273065120821e+01 4.738343149969334434e+01 6.594831116992467912e+01 6.296104163687126487e+01 3.302916858034476633e+01 3.348834246690145733e+01 6.610177194044774751e+01 3.539347986200863971e+01
1.008188810563525294e-03 5.951326007689026198e+01 1.239014689474739583e+02 1.826197125812124114e+02 2.066814966074575750e+02 1.856624597954199487e+02 1.772254465221063526e+02 1.656350917075880602e+02 1.164865250500386225e+02 1.665365418795231847e+02 1.707488804342580693e+02 1.790263538311047284e+02 1.730723402779169930e+02 1.210905104634834686e+02 4.903817223360789512e+01 1.066905937855025712e+02 1.426757643966604121e+02 1.426299332295505451e+02 1.548087332150923885e+02 1.615607304309964434e+02 1.338864693817046714e+02 8.862969233023575555e+01 1.115191471471067644e+02 1.082304273590303296e+02 9.906593193733482394e+01 1.233811721450464489e+02 1.129482971403525937e+02 1.087738813153758457e+02 8.289090819338535709e+01 3.563162540479343221e+01 6.522257868047275053e+01 1.039443993194930869e+02 1.038568281844259076e+02 4.435839958449040665e+01 7.057915003787036312e+01 3.348834247356812455e+01 3.900390828532082566e+01
5.630024091932132229e-04 5.390504155946876352e+01 1.153971595574674609e+02 1.811147976453886201e+02 2.364249273089222356e+02 2.450463083300120388e+02 2.439091478128449353e+02 2.076170072731069354e+02 1.581113724227451485e+02 2.130088004898550480e+02 2.311004312854446994e+02 2.362120503445625559e+02 2.015019642522703123e+02 1.339762281458945097e+02 6.587239021027875197e+01 1.235411906108501654e+02 1.835356809781859795e+02 2.176134462030008478e+02 2.229105002493370193e+02 1.946058456060671062e+02 1.380112694386368730e+02 1.530068270287288499e+02 1.599641709481860232e+02 1.614089896148182390e+02 1.591829851723317120e+02 1.732465812116988104e+02 1.678749746292442921e+02 1.567863482223335154e+02 1.119769870805512824e+02 4.434809704273893516e+01 1.036970531219331235e+02 1.436288142497460854e+02 1.482074328497355111e+02 1.071345181227868721e+02 1.088996285225492926e+02 1.058259741316957587e+02 7.126881202584611685e+01
5.599783355097360258e-04 5.176045405683472467e+01 1.108313815982056383e+02 1.776264457941379646e+02 2.460171898801571047e+02 2.906377632941142792e+02 2.944289747444012164e+02 2.558603315153846722e+02 2.080005868948413763e+02 2.559035496543285149e+02 2.879722852292073298e+02 2.709911462615625055e+02 2.109421844215408441e+02 1.396813388582634161e+02 8.411241426222102291e+01 1.588209957562640398e+02 2.214101557614329465e+02 2.664747928444900822e+02 2.730328582674002291e+02 2.300308935746496104e+02 1.767803293411730579e+02 2.161855533813842953e+02 2.179127577531600650e+02 2.202393116531029591e+02 2.210517223470300792e+02 2.291633922368760068e+02 2.194920794489139269e+02 1.793984800048412751e+02 1.180691169996852778e+02 5.361945103954134595e+01 1.137835905146750264e+02 1.708864369343909857e+02 1.940467765691418833e+02 1.757833494809626416e+02 1.677249013680232963e+02 1.603788016312508091e+02 1.500472456696661823e+02
2.193157008885190538e-04 4.711737422197263925e+01 1.007794884244598848e+02 1.624887614468323136e+02 2.312668320496392198e+02 2.971189488317606333e+02 3.304727111391704852e+02 3.129828790941347165e+02 2.667752281677383621e+02 3.145059342149558006e+02 3.318057142200210592e+02 2.909082056266261702e+02 2.286841024906320570e+02 1.763615459372724388e+02 1.043467739383805224e+02 1.655735184978312020e+02 2.306511283171854245e+02 2.920360740159482020e+02 3.090982301491026760e+02 2.680021741571698612e+02 2.222031414978965529e+02 2.678865258339920956e+02 2.803197301192101918e+02 2.839487196508767397e+02 2.826724337034088421e+02 2.804373356508414759e+02 2.450168637981720963e+02 1.739405169439819758e+02 8.764611091644739815e+01 6.118771771978897078e+01 1.113764057098763232e+02 1.760272325271220097e+02 2.303721789161320999e+02 2.450128881334820790e+02 2.365350001897854781e+02 2.278505183057516490e+02 2.113265874795779382e+02
7.118648873034817606e-04 4.370154738848695075e+01 9.303091890152734322e+01 1.496533387041462220e+02 2.146769762027215904e+02 2.853891757462399710e+02 3.471945876367942105e+02 3.607015795262475422e+02 3.317884420463698234e+02 3.672066463853611822e+02 3.662202719599902139e+02 3.162576632736535203e+02 2.477019675955381786e+02 1.839741603360857312e+02 1.248159108633048078e+02 1.801458638003365138e+02 2.440079474446406493e+02 3.115091222044080155e+02 3.413593411304806864e+02 3.023685845409468698e+02 2.847635948311776701e+02 3.068272748157953060e+02 3.413524487287041893e+02 3.436027927974503200e+02 3.305654441639831589e+02 3.010717333517157499e+02 2.487434850959365349e+02 1.795687135345183094e+02 1.180118703890130405e+02 6.966449873426900297e+01 1.341725005205254604e+02 1.843396707573978119e+02 2.405494618346455979e+02 2.887315024315100800e+02 3.023755705606794777e+02 2.940770432145353652e+02 2.539335962261452835e+02
1.057974232122931490e-04 4.504850393569758182e+01 9.311406374103624728e+01 1.478043598572903647e+02 2.109028222689342442e+02 2.825752768996305804e+02 3.556306655573924900e+02 4.005570970711874565e+02 3.991660671539119676e+02 4.130726712242634449e+02 3.819186494230514768e+02 3.158914253577461295e+02 2.472484678188100986e+02 1.839712119079192405e+02 1.471109180871887361e+02 1.866440292885942540e+02 2.550646565521260527e+02 3.268915326000785626e+02 3.738576059246395289e+02 3.599249194206680613e+02 3.508543580654012999e+02 3.694977525911902489e+02 3.857001308196202558e+02 3.680233247788986546e+02 3.265593707191016506e+02 2.793801597698346768e+02 2.297847703534529558e+02 1.887219206454041398e+02 1.397561251422043824e+02 7.787384242544230517e+01 1.250900168091914821e+02 1.766268869658613312e+02 2.335794928897884688e+02 2.929772316697839187e+02 3.410495734142219248e+02 3.429179724283360997e+02 3.018158338731838057e+02
5.251066882157676965e-04 5.869536141967132181e+01 9.762131883095914020e+01 1.513992016788873514e+02 2.122997601295114123e+02 2.804797982266658778e+02 3.524495167670342539e+02 4.104020421469287498e+02 4.436992033254109060e+02 4.409169392388110396e+02 3.833901410092519200e+02 3.151949076942349848e+02 2.549464341618040635e+02 2.170571058086454173e+02 1.724531013429849224e+02 2.175570281929562384e+02 2.605290231001285406e+02 3.254424054457394391e+02 3.958575595799325697e+02 4.168539329960319151e+02 4.170033262643492549e+02 4.254165976002316825e+02 4.075740961018840380e+02 3.591948876402594237e+02 2.922127981187528007e+02 2.313536104812560836e+02 1.766039679660883053e+02 1.481470724833266104e+02 1.377379667096534206e+02 8.557428324587137070e+01 1.275778637839278105e+02 1.745611124685420350e+02 2.293562848379307297e+02 2.915206548434862839e+02 3.534038008765076597e+02 3.813001497231722396e+02 3.594487807548708247e+02
5.776861490948468182e-04 3.091629890451115514e+01 9.537608606531561861e+01 1.590616218802692003e+02 2.145535746762978704e+02 2.693604202138024561e+02 3.219228512839268888e+02 3.896317639406826174e+02 4.421948228773292726e+02 4.610570654390953678e+02 4.233720992303878461e+02 3.588849123349542083e+02 3.017048844712377900e+02 2.525528408339557416e+02 2.009497469818381887e+02 2.474035320685786985e+02 3.005014843482422862e+02 3.618684739717657521e+02 4.238277384578874489e+02 4.701051310982836640e+02 4.719461965267235541e+02 4.506548492121150389e+02 4.008628324544507677e+02 3.329373079629606309e+02 2.728707584558947588e+02 2.202567770819506450e+02 2.229816614338233194e+02 1.765618317527044212e+02 1.152292446430487445e+02 9.212609746053598769e+01 1.241437908677520738e+02 1.633052041219972352e+02 2.194124439709486580e+02 2.810264329222046626e+02 3.484640833397696724e+02 4.054739905682889685e+02 4.099393290858482146e+02
9.093511609199692730e-04 5.943424648321833104e+01 8.080881350853684353e+01 1.211211979347114607e+02 1.672334186686067881e+02 2.193581992496824000e+02 2.801256025995279515e+02 3.507007150247617346e+02 4.222280923176339229e+02 4.712788251203473919e+02 4.559584094933114216e+02 4.019410944082112565e+02 3.464219197149635079e+02 2.871499679332853248e+02 2.333099624628128765e+02 2.784204382346559328e+02 3.341033256014678727e+02 3.991747321714715326e+02 4.656184522608893985e+02 5.030039630916477904e+02 4.908113186503564407e+02 4.436685519649448111e+02 3.770914212627270672e+02 3.189690080931763418e+02 2.658106623297078386e+02 2.773274157539136127e+02 2.558790669848112884e+02 2.054134825059560683e+02 1.519786925498158610e+02 1.017134297928938196e+02 1.639613595725429320e+02 2.037562864413586396e+02 2.312148418107986458e+02 2.835388838241231610e+02 3.529050484027080756e+02 4.206991115130216485e+02 4.562642718400442163e+02
9.272038830275845713e-04 6.591225360150758661e+01 1.269765721036221180e+02 1.754740402200663141e+02 2.213651793202735405e+02 2.686920190173895548e+02 3.185852153085435248e+02 3.718324198204600179e+02 4.265102792738671837e+02 4.704573711202069148e+02 4.811042018621940883e+02 4.475126109067066977e+02 3.866063694918371993e+02 3.249108860519044697e+02 2.713981828701340078e+02 3.131571503980281932e+02 3.678295503832670761e+02 4.334910034752334695e+02 4.987156331935912021e+02 5.256316736183620151e+02 4.822191413608168773e+02 4.187912902902666019e+02 3.592180702810751427e+02 3.151221015442550311e+02 2.768196804504821102e+02 3.111538833437944618e+02 2.551502269217637320e+02 1.846868858007397876e+02 1.161206118569640608e+02 1.248302956409630866e+02 1.793053266257599319e+02 2.368274561341469564e+02 2.810525263320007525e+02 3.200835202520506755e+02 3.626335603774586502e+02 4.239143118051103443e+02 4.828739863449389418e+02
4.805603177988873511e-04 6.718204433635141015e+01 1.280289105871063384e+02 1.834540010834907662e+02 2.309283868056970448e+02 2.736051221730629663e+02 3.095115202418908780e+02 3.394952895131908690e+02 3.845769671043731250e+02 4.447951926484076353e+02 4.854234047524102493e+02 4.785561662989405818e+02 4.275405667588522647e+02 3.733209562300862672e+02 3.186373424336259745e+02 3.548883872629738221e+02 4.055251305136193309e+02 4.684918301746299676e+02 5.295689774868375252e+02 5.442227957999824639e+02 4.910378274676286878e+02 4.315604893292778002e+02 3.913747113538962594e+02 3.796836277750533100e+02 3.699503501862157577e+02 3.303744195550698350e+02 2.585451371738546982e+02 1.877436794380247989e+02 1.258444041191475407e+02 1.709934916924602533e+02 1.684020515754020266e+02 2.336386350489094923e+02 2.808772628713907125e+02 3.069957650609066491e+02 3.556508385390332592e+02 4.142170861524328416e+02 4.792060236823590458e+02
5.824372680692733702e-04 2.616654893270640869e+01 9.306201064458689132e+01 1.459270732205320940e+02 1.861841094317242948e+02 2.287194325545326308e+02 2.485416025932777586e+02 2.786784906547383116e+02 3.363013730253584299e+02 4.043467486913209541e+02 4.742331303051919349e+02 5.023440903390642802e+02 4.763669978570582657e+02 4.260958143473172299e+02 3.800622160594140269e+02 4.100468188734893147e+02 4.512984835123783682e+02 5.077675193226923511e+02 5.634217190067928414e+02 5.723383112301635265e+02 5.248670956172684328e+02 4.773926792575990135e+02 4.502428089406428171e+02 4.342254735729945310e+02 3.969604633634726838e+02 3.295058162079623116e+02 2.556833680047901112e+02 1.904760068706826530e+02 1.358504664272664684e+02 1.915741748928607251e+02 2.206328332915017540e+02 2.115830816002595327e+02 2.416969015694704410e+02 2.895668838043140454e+02 3.432884855288471044e+02 4.052914961693347777e+02 4.747286632347759792e+02
3.049596236187619280e-04 5.631260357822258555e+01 6.413061611843203025e+01 9.403503576038050937e+01 1.275194940336296838e+02 1.643933136548967866e+02 2.053838729762567823e+02 2.593834783372900006e+02 3.204043815517642884e+02 3.887419387075026407e+02 4.607500840395580326e+02 5.113699650700892221e+02 5.104904366140315233e+02 4.870445023864576797e+02 4.593920176454929560e+02 4.727009550430423701e+02 5.094899059097932081e+02 5.525122346067315675e+02 5.993478545171655014e+02 6.046764887207185666e+02 5.630692400154442794e+02 5.278485918007291957e+02 4.907700706260676498e+02 4.483890020998913997e+02 3.992636205933433189e+02 3.323936505251526228e+02 2.543424433963444358e+02 1.876416334796664671e+02 1.459577710947031619e+02 2.131941939721324388e+02 2.581572828673943150e+02 2.735215193310951349e+02 2.872503204811711157e+02 2.934157247736919203e+02 3.443310240417850991e+02 4.049022441286389835e+02 4.755065712435779233e+02
6.311853426452303673e-04 7.022834327282104994e+01 1.196123930002855360e+02 1.525025549679442918e+02 1.889916817637287352e+02 2.262899526136447719e+02 2.656975942629827614e+02 3.111646145113148805e+02 3.706008218953285791e+02 4.242963850633054790e+02 4.726903157446357113e+02 5.012488945662050241e+02 5.103648885491818419e+02 5.187681575970595986e+02 5.176198001731494287e+02 5.331553106441734826e+02 5.617087925177072520e+02 5.966957911143123283e+02 6.282210014243239584e+02 6.288452468001017905e+02 5.855516862837647523e+02 5.250363740361628970e+02 4.735940445304938180e+02 4.120455901698499588e+02 3.580213866339622086e+02 3.089397092563566503e+02 2.514944638412032702e+02 1.804989822451718737e+02 1.576759201228813367e+02 2.168032250187504530e+02 2.662585764154649723e+02 3.088025972403108312e+02 3.358500907059035967e+02 3.462350824061799699e+02 3.601117004556415395e+02 4.135026419450288699e+02 4.820276424673852489e+02
3.896722993865653220e-04 6.087611144743566882e+01 1.256164683053166300e+02 1.900682886672350378e+02 2.419460768417268639e+02 2.838611325424832899e+02 3.215307173273397439e+02 3.574631125619864065e+02 3.952058395517260010e+02 4.269503563143688893e+02 4.471178506157214088e+02 4.476933791084383074e+02 4.537721487602349271e+02 4.865567675513766517e+02 5.012562859208912300e+02 5.250037446407912967e+02 5.553263041158301121e+02 5.902199041356021780e+02 6.225527516487132971e+02 6.233090720416445265e+02 5.687401734285383554e+02 5.073328987885702759e+02 4.281493489885931467e+02 3.630057165422326761e+02 3.058231516877427794e+02 2.554598176530417390e+02 2.224883947782843165e+02 2.399692957449098571e+02 2.131935793344962633e+02 1.761732813236982622e+02 2.385194987700837430e+02 3.025918719461091655e+02 3.563682072973517734e+02 3.894781232913134090e+02 4.212790524923551061e+02 4.669080122009758611e+02 5.172900271200361431e+02
2.648306943097510470e-04 5.573283358704699708e+01 1.194197811465515855e+02 1.873972750082328673e+02 2.495876149997164930e+02 2.953764662707836237e+02 3.293031351567315710e+02 3.494902593261361403e+02 3.658462072214628051e+02 3.734693911716947810e+02 3.865177733030103582e+02 3.828286860649358232e+02 3.910829898066077135e+02 4.327677775764624357e+02 4.344804126945005578e+02 4.642471182172509998e+02 4.984900416998997343e+02 5.404877192587478021e+02 5.913004944536373841e+02 6.073243805103691102e+02 5.519263342613309078e+02 4.724517563462371754e+02 4.065506773235089213e+02 3.541818445542817244e+02 3.116148567309017494e+02 3.228923221416892488e+02 2.925940969610421121e+02 2.946734805077541637e+02 2.507453553266697384e+02 1.897590856362956231e+02 2.485474837309816110e+02 2.981613942620516582e+02 3.417254483447821372e+02 3.724924817771062635e+02 4.257153204630394612e+02 4.865434755945988172e+02 5.516150970401164386e+02
