output/field_example_test_lateral/elevation_000054.asc
nrows	150
cellsize	66.66666667
xllcorner	0
ncols	150
yllcorner	0
NODATA_value	-9999
[rows 119 to 135 of 150, columns 74 to 110 of 150]
5.450647752874049274e+02 4.945058043016246643e+02 4.900792120098749365e+02 4.841125933686209351e+02 4.282239615672811510e+02 3.752741780093290913e+02 3.446017319221599564e+02 3.018203769214328531e+02 3.018203769280995061e+02 3.700008471147160662e+02 4.420994196430648913e+02 5.109537835617330188e+02 5.652669680832422046e+02 6.109172682538426216e+02 6.593717914417852626e+02 7.080327689768646451e+02 7.510552467624729616e+02 7.714890528837703414e+02 7.456386381588474705e+02 6.919498703279466554e+02 6.399059943142948441e+02 6.952041945032143531e+02 7.570170656725898652e+02 7.944012791591126188e+02 7.835666517622150877e+02 7.307021722090174762e+02 6.807092347941230628e+02 6.334632500286758159e+02 5.800925285882914295e+02 5.067204388748180008e+02 5.386892470936559221e+02 5.481283174359348322e+02 5.162807455612773992e+02 4.762140712194310481e+02 4.762140712260977011e+02 5.430309272015655324e+02 6.096889072108289156e+02
4.954738762707382307e+02 4.378511212091905236e+02 4.307418309244926036e+02 4.319636535512776732e+02 3.765095158701182640e+02 3.107899219858179549e+02 2.894047194848268987e+02 3.344274113171026670e+02 3.018203769280995061e+02 3.659822168907028299e+02 4.360543686842687521e+02 5.065399542589818793e+02 5.693178499923956224e+02 6.136384118985311034e+02 6.727566887825950062e+02 7.312846643703102245e+02 7.597043079074245497e+02 7.421570822245267891e+02 6.943239292542691601e+02 6.424145276497782788e+02 5.870270008983928847e+02 6.464486135427667932e+02 7.071094789831776097e+02 7.671695568395358578e+02 7.889884514129508943e+02 7.593495268751988760e+02 7.158751968876719047e+02 6.617535176724226176e+02 5.942012937553575966e+02 5.279404723463400160e+02 4.694486490737729127e+02 4.912937042459593044e+02 4.558659907541045300e+02 5.168038121551364839e+02 5.474411271746915872e+02 5.909190207174367515e+02 6.454784176596097041e+02
4.963603858556201089e+02 4.334028136271689391e+02 3.744913950758127044e+02 3.795307843087921924e+02 3.356157102347610817e+02 2.759569985933503631e+02 3.295507438886825753e+02 3.621297071723836893e+02 3.341992020458936281e+02 3.894209857630028750e+02 4.519137691742026277e+02 5.042925971051059832e+02 5.353862092424678849e+02 5.972562351148529842e+02 6.646513090636616425e+02 7.250848382393263591e+02 7.351603170632693036e+02 6.942948079482890762e+02 6.466675257834434660e+02 5.929032312719301672e+02 5.414889697851355095e+02 5.992678294160712085e+02 6.677271478192370751e+02 7.353410294966844276e+02 7.633342595221876081e+02 7.414581738469242964e+02 7.055937118913026325e+02 6.612861336580709803e+02 6.029144156483483812e+02 5.454586356143523744e+02 4.964292033639459305e+02 4.316757866332486628e+02 4.894819540109135687e+02 5.326975297971667942e+02 5.679276147769536465e+02 6.046823643927949661e+02 6.469942162849705483e+02
5.077445526989945392e+02 4.450831990792802912e+02 3.819178324361034242e+02 3.174551312494580202e+02 2.858332877779942010e+02 2.670507278220378566e+02 3.272281631506981512e+02 3.811476473924590209e+02 3.965341205522257724e+02 3.824485461240581117e+02 4.199674246310254944e+02 4.639332028988040406e+02 5.225655565732145078e+02 5.890444887750073804e+02 6.599719625662943372e+02 7.132412529760406414e+02 7.030450933276671321e+02 6.494278575366255382e+02 5.952264146152381272e+02 5.503253770067618689e+02 5.020623108021745793e+02 5.624881974978923154e+02 6.332262794125861092e+02 7.009418981514813822e+02 7.212629144607011540e+02 6.859778722840933369e+02 6.508037664429858751e+02 6.171790591230052314e+02 5.872742559368390403e+02 5.468205892853566183e+02 4.862460327349555769e+02 4.154858517349506997e+02 4.765141073793373607e+02 4.947819723527123870e+02 5.231139259612135675e+02 5.568595602360722978e+02 5.959434494767779142e+02
4.835658123485007991e+02 4.460777089856372868e+02 3.974708266917187416e+02 3.606903819347874105e+02 3.178828148759355940e+02 2.598756914408230045e+02 3.173474568607067567e+02 3.794774628536857222e+02 4.324847655310910568e+02 4.387712967929044794e+02 4.797683880256731754e+02 5.218669611014282737e+02 5.693920330095663758e+02 6.293702986696745256e+02 6.777689432225139399e+02 6.983732293856496653e+02 6.670013804814147989e+02 6.054547528546210060e+02 5.461348271967106029e+02 5.031176215181383213e+02 4.676686941119935454e+02 5.300779546911306852e+02 6.009144358355252962e+02 6.681311412606547719e+02 6.805469604310703744e+02 6.314679637191333086e+02 5.859956648543361553e+02 5.581064391675740808e+02 5.272977574810623764e+02 5.120523495509816030e+02 4.761204821415940387e+02 3.903044705550931894e+02 4.434193091185216531e+02 4.321569070194177584e+02 4.628979186096447052e+02 4.982557455792979795e+02 5.389051391562375102e+02
4.434832819685663026e+02 4.069210395034140788e+02 3.841867403317160097e+02 3.543478120716770263e+02 3.130167302181334321e+02 2.513822994438365015e+02 3.077917872974898614e+02 3.748559346606816689e+02 4.472647449768879255e+02 4.975329579806053744e+02 5.353391453721978905e+02 5.801073932710260124e+02 6.162375318829189155e+02 6.503122417659856183e+02 6.728872229639437137e+02 6.700816440623008248e+02 6.200256168320747747e+02 5.616060077528337615e+02 4.991225693555931571e+02 4.487966880505930476e+02 4.379248924211440226e+02 4.974186300758848347e+02 5.702909328623373995e+02 6.410872947997530673e+02 6.492383721604695666e+02 5.889084078258867976e+02 5.227755656466532628e+02 5.106430412595017856e+02 4.755243933447714539e+02 4.498885378938456370e+02 4.549435076580547843e+02 4.237548570686897733e+02 3.903044705484265364e+02 4.435665028163536476e+02 5.005827263731092671e+02 5.452774597041295692e+02 5.877128365471737652e+02
4.119271486633259087e+02 3.634883440445402130e+02 3.368941467860973944e+02 3.167856813125536064e+02 2.904227432723590141e+02 2.424826969810025332e+02 3.171084940508554268e+02 4.027946696139286473e+02 4.820912855967431483e+02 5.411887956043118493e+02 5.801012887336381709e+02 6.080589120329325397e+02 6.215250712386297209e+02 6.257199725563585844e+02 6.237072892104540642e+02 6.311985936748877748e+02 5.846039785464499801e+02 5.143672421649093849e+02 4.604005618233355221e+02 3.994796227161261299e+02 4.485236898978475892e+02 5.066720197467699336e+02 5.719605482443276969e+02 6.294546731693228594e+02 6.283673324213864362e+02 5.784838558271989086e+02 5.104282665338523088e+02 4.461981446703666734e+02 4.375270510341632644e+02 4.026414647836712106e+02 4.107813087875517226e+02 3.725820277987857594e+02 4.385723777629777373e+02 4.947065163771509901e+02 5.435327202861292335e+02 5.954049210054897685e+02 6.429305056143680304e+02
4.026843869603143276e+02 3.599636394689054555e+02 3.039733351250179112e+02 2.685160916535166393e+02 2.652892721221438705e+02 2.333932368897679623e+02 3.104641740770064189e+02 3.965823457450919705e+02 4.805163283112237309e+02 5.457834896806265306e+02 5.742900603916759792e+02 5.827601957029829691e+02 5.698235384595785717e+02 5.606940634820956575e+02 5.582621369091132237e+02 5.784605007119502034e+02 5.659258569750012384e+02 5.007407547391926528e+02 4.251454804430928789e+02 3.732564549331668218e+02 4.455138755623654561e+02 4.978427743355937878e+02 5.617995106526698237e+02 6.096665686951341740e+02 5.978648032443345528e+02 5.438211122456574458e+02 4.942181227605992149e+02 4.393716379704593464e+02 3.841900927595126518e+02 3.676312025773531786e+02 3.562619358847211970e+02 3.881728608969087304e+02 4.470727138503852416e+02 5.107826167222012259e+02 5.786067022773431745e+02 6.401896080336853174e+02 6.950737178448653140e+02
3.567964942552058005e+02 3.235668323242948077e+02 2.920673722489731290e+02 2.625267877977680087e+02 2.191601718456496144e+02 2.865431719412687812e+02 3.390078218521547342e+02 4.177909300579628393e+02 4.865112440171374715e+02 5.186302527611974256e+02 5.218425534346490622e+02 5.238053922158518390e+02 5.049044012518377258e+02 4.899774480183436935e+02 4.921121396477321923e+02 5.384503313417425261e+02 5.429357593042294639e+02 4.968345170731779490e+02 4.285488482953550715e+02 3.494303531691499529e+02 4.072055534794260439e+02 4.813587997211323000e+02 5.446895059470620026e+02 5.678036020891702265e+02 5.583872194042788806e+02 5.056051424301531938e+02 4.472747067007111923e+02 4.021819281315470676e+02 3.540101988201988661e+02 3.420748784159580964e+02 4.047426033271366919e+02 4.236048822622985313e+02 4.529946650201077887e+02 5.050061465551425499e+02 5.684442747872839163e+02 6.405362942627119764e+02 7.118395723591970636e+02
3.042784466165283561e+02 2.838997813340583320e+02 2.411766369810518995e+02 2.049295438776199774e+02 2.768528496839282411e+02 3.361252001977347845e+02 3.905861845566155353e+02 4.370383364167352056e+02 4.646680687523752908e+02 4.627452650089092003e+02 4.612225052522916826e+02 4.660047017431805898e+02 4.440528233063398602e+02 4.230465376918158995e+02 4.356075267606798889e+02 4.982434244873712714e+02 5.042105679928886843e+02 4.602259329584344414e+02 3.983430411986037143e+02 3.271681818963195383e+02 3.980443402677120162e+02 4.676441074056903631e+02 5.030134709480554989e+02 5.017255584994348965e+02 5.057756417607738513e+02 4.696099248668676296e+02 4.114896950113748062e+02 3.642764984716278036e+02 3.284245943810072959e+02 3.850473425115315536e+02 4.388572464532090862e+02 4.747822475653146626e+02 5.135530924089350719e+02 5.562215931708863081e+02 6.090635014603429909e+02 6.731461539240762022e+02 7.165102769106774758e+02
2.626545958745736016e+02 2.320763576808994344e+02 1.975903351595956678e+02 1.975903351662623209e+02 2.871369007818845489e+02 3.563738976698992360e+02 4.018722946069630666e+02 4.188873440377604425e+02 4.111880088776003959e+02 4.026868788876873282e+02 4.051855654334111705e+02 4.181891228695469636e+02 4.103940314178610720e+02 3.599027981802177578e+02 4.165826807791470401e+02 4.558862867922995861e+02 4.468406229151165121e+02 4.241451704430377845e+02 3.648803785562627127e+02 3.044655619383045746e+02 3.175917529430729473e+02 4.303080127541861657e+02 4.355789792865816707e+02 4.276309421100700661e+02 4.403978953587904357e+02 4.360502929481796173e+02 3.989207041602400068e+02 3.598954071447468550e+02 3.202013555846738200e+02 3.774933344589223907e+02 4.410810672487145894e+02 5.048912342618211824e+02 5.582011096584315055e+02 6.076106658862886434e+02 6.491114727771785056e+02 6.876151005008963466e+02 6.968811240503941917e+02
2.126285609085793737e+02 1.895437896687744797e+02 2.336674295919085296e+02 2.584457657463478313e+02 2.957737087225572736e+02 3.309219006567718111e+02 3.678373620254749881e+02 3.659245924321917869e+02 3.513457967160151156e+02 3.460522824951882512e+02 3.542768556968505891e+02 3.857451184446110233e+02 3.711435210006215470e+02 3.169200201676683264e+02 3.693395223471014219e+02 3.996694688214777784e+02 3.826847447091250274e+02 3.706345153304408200e+02 3.243462544925039879e+02 2.864176943570583376e+02 3.472561694450585605e+02 3.755986475485174196e+02 3.653178481620831803e+02 3.586179000194351261e+02 3.783065796818042941e+02 3.852075393565267518e+02 3.485474164750398245e+02 3.067296126925579074e+02 3.601995386899197342e+02 3.996424481612874615e+02 4.631949841004532118e+02 5.352407019392517213e+02 5.887720659801240117e+02 6.274982983644091519e+02 6.510265791295012150e+02 6.719540181515078530e+02 6.609654834555726666e+02
1.817212473685978864e+02 1.843748436486766309e+02 2.231539831443695618e+02 2.265779838990899577e+02 2.457943513948921179e+02 2.817205649853415821e+02 3.168224240553828395e+02 3.105546138184353140e+02 2.929035549508913050e+02 2.923491383039719267e+02 3.304896068243374998e+02 3.338848379912301425e+02 3.250152247120545326e+02 2.795944070359548164e+02 3.301256643405520776e+02 3.302234954837238092e+02 3.199237795798620709e+02 3.099139714369410967e+02 2.594534829173545631e+02 2.959038340384139474e+02 3.137584448273937596e+02 2.721946772214573684e+02 3.086239769494387701e+02 3.056471109919501146e+02 3.419033810281275692e+02 3.431518305190309093e+02 2.914270967833963368e+02 3.354377787291000459e+02 3.905955560662579842e+02 4.471476957220527879e+02 4.977800716121438427e+02 5.480445466494186348e+02 5.810194976109866047e+02 5.960671278495171919e+02 5.960618783627662651e+02 6.257228114453417902e+02 6.179855771136097928e+02
2.211125788935303262e+02 1.901116677094158263e+02 1.882811154746454179e+02 1.905909182505301089e+02 1.905909182571967619e+02 1.944655075635429569e+02 2.580042106551820211e+02 2.683100845928635749e+02 2.354312400251211841e+02 2.675506104793294071e+02 2.742809097422909872e+02 2.727124340169094694e+02 2.689982974230846366e+02 2.462750871139984383e+02 2.809219465268981821e+02 2.620785570052507865e+02 2.774215093602722391e+02 2.363665415097672735e+02 2.398474001693245157e+02 2.437786926351395778e+02 2.474732584440770040e+02 2.511462031195966631e+02 2.554063724294033193e+02 2.831675921702718597e+02 3.117261690225914776e+02 3.133003393449844225e+02 2.815695864027021003e+02 2.815695864093687533e+02 3.704962547369335084e+02 4.432110690642229542e+02 4.911686460507600600e+02 5.217075307641887321e+02 5.263528983593129169e+02 5.310560785998563915e+02 5.313758414728597472e+02 5.709596155101392014e+02 5.706570463340167407e+02
2.744666902401469315e+02 2.831432037988717525e+02 2.663532918249015893e+02 2.335797773162153987e+02 2.377094431124430400e+02 1.982326913825525310e+02 1.990332312906949142e+02 2.352295715897844843e+02 2.036844226195376280e+02 2.058389262846562247e+02 2.080635120316623841e+02 2.108501973055149108e+02 2.142894967799764743e+02 2.178538669723800751e+02 2.214418832307626701e+02 2.250336641779062461e+02 2.296955575988723410e+02 2.751955637445429943e+02 2.934782575584676465e+02 2.884018943004015227e+02 2.599693705208281926e+02 2.998628272224119655e+02 2.863133244987882904e+02 2.621238573687917892e+02 2.667960719169577715e+02 2.712996834701760349e+02 3.006877566621282654e+02 3.129646376071746658e+02 3.648932751145968041e+02 4.066116562486144517e+02 4.417270646984518407e+02 4.591875616283317072e+02 4.597495510511621433e+02 4.606503688030033459e+02 4.705507767833134380e+02 5.098225377119140376e+02 5.115719278048566707e+02
3.410141931107622213e+02 3.542936328306314522e+02 3.235373322579964679e+02 2.924716143812710811e+02 2.608877647568525049e+02 2.089611625889168920e+02 2.424378498825391830e+02 2.036844226128709749e+02 2.394873274859991170e+02 2.503116597775320145e+02 2.277443334010092144e+02 2.324183182334204218e+02 2.554934101550778109e+02 2.776064732255736089e+02 2.460435867518943951e+02 2.700594686427629654e+02 2.951042716146276348e+02 3.055093926824089294e+02 3.326601749374831343e+02 3.199854887832197505e+02 2.737135110095072150e+02 3.293207650416417778e+02 3.378143547131610944e+02 3.428086203657292117e+02 3.410800431187950039e+02 3.124505127165094223e+02 2.791956640967383123e+02 2.844377178497280738e+02 3.374054267760529342e+02 3.571467765707042190e+02 3.575497638825355580e+02 4.021507039377918886e+02 3.972872387321078236e+02 3.858752049532170076e+02 4.334078503751950961e+02 4.388845134541862194e+02 4.389894048316970157e+02
4.057060278260545374e+02 4.052999690687557859e+02 3.633680533327546982e+02 2.989982866837552820e+02 2.294838719438664896e+02 2.660480521347674880e+02 2.971009579852100160e+02 2.783393740987107208e+02 2.906934881648705300e+02 2.698321581490550329e+02 2.943245425701545628e+02 3.018428209481029967e+02 2.726298404711573653e+02 3.240566921011261456e+02 3.214524432873383830e+02 3.226703014612591573e+02 3.420692996238327055e+02 3.575195950830758989e+02 3.692078804975170101e+02 3.443514521577145047e+02 2.880996170254913977e+02 3.525456321158674200e+02 3.919331510683592228e+02 4.051415312973939535e+02 3.918415848838346847e+02 3.915433249635588027e+02 3.566642981800474104e+02 3.350261774803538515e+02 2.928054686163152951e+02 3.295143644686838797e+02 3.416145035825113609e+02 3.541456596314172884e+02 3.466147883971366355e+02 3.343846702683698595e+02 3.771066557303255991e+02 3.742464972897598727e+02 3.743771781140584380e+02
