output/field_example_test_lateral/elevation_000050.asc
nrows	150
cellsize	66.66666667
xllcorner	0
ncols	150
yllcorner	0
NODATA_value	-9999
[rows 85 to 101 of 150, columns 111 to 147 of 150]
6.600266716734691954e+02 6.169145639300486437e+02 5.527730870117213726e+02 4.845613569701305323e+02 4.216501673350029478e+02 3.627705168193555778e+02 3.138167840233755896e+02 2.932274967688980496e+02 3.538016977013776341e+02 3.949332940260525788e+02 4.361998614068281199e+02 4.781001718189534699e+02 5.094319064197811713e+02 5.253106532502346226e+02 5.363977484319798350e+02 5.428354507496718497e+02 5.611952215511815893e+02 5.683798909370523234e+02 5.814153666459367287e+02 5.662487132921746706e+02 5.499529010096237016e+02 5.712316836408807603e+02 6.177775869274994420e+02 5.979354930231493199e+02 5.358124127194794255e+02 5.845122235651176652e+02 5.663918716144638665e+02 6.040052613863831539e+02 6.408569307098883883e+02 6.801363401835953937e+02 7.262826808881724219e+02 7.853789149852627816e+02 8.525983789061712059e+02 9.087244459888466963e+02 9.026101456992271324e+02 8.944558223861639590e+02 8.891912932068759119e+02
6.673040419527161475e+02 6.260451950146541549e+02 5.727376791449089524e+02 5.158476796663119330e+02 4.587549787589243238e+02 3.968211992414531437e+02 3.090662235340740267e+02 2.972868378340335767e+02 3.424680405295299579e+02 3.420336618419730712e+02 4.111845030176864952e+02 4.696699413583744445e+02 5.287522884319104151e+02 5.771046453363054525e+02 6.018673921848070449e+02 6.108163396311023234e+02 6.268703800686886325e+02 6.376431239244082008e+02 6.450192978651820113e+02 6.294724070487957306e+02 6.199160881955558580e+02 6.361167321604095832e+02 6.641095304422492518e+02 6.300552123557965842e+02 5.732470611079605760e+02 6.241793636925036708e+02 6.229549421550759689e+02 6.625911149267983546e+02 7.008607353323653797e+02 7.390412146590789462e+02 7.805466842583555263e+02 8.299368373357174278e+02 8.927052398013767061e+02 9.520351562848560434e+02 9.639857496877609719e+02 9.602127105102814539e+02 9.472621461912852965e+02
6.461888501064792081e+02 5.936481868065865228e+02 5.394437277812676257e+02 4.913298526328168236e+02 4.365716935740530857e+02 3.801145544915039522e+02 3.116349326409730907e+02 3.371677723733820926e+02 3.048897717300595218e+02 3.120218798097251351e+02 3.607554083972813714e+02 4.210486245082143455e+02 5.068825824503634863e+02 5.739554982685151572e+02 6.279418580528288203e+02 6.646999116220356427e+02 6.869431332115395890e+02 7.024831607751806359e+02 7.111480679692961075e+02 6.991820225290334747e+02 6.956601036387618251e+02 7.073513366808679166e+02 7.193449272572406699e+02 6.739022309733225029e+02 6.171579258403794483e+02 6.600103309070343585e+02 6.904711293130304739e+02 7.254882815702155767e+02 7.691360614512686880e+02 8.088058929293586061e+02 8.474564623764985072e+02 8.895880700780115831e+02 9.385050419349155391e+02 9.944433839897261578e+02 1.022856922732896805e+03 1.027635310931333379e+03 1.016392656810315316e+03
6.046228087509615534e+02 5.585647069606694686e+02 4.999977233041922773e+02 4.370758241603774081e+02 3.788289680548261913e+02 3.266014946417699889e+02 3.621912127374182546e+02 3.749148404570888147e+02 3.616005350948777277e+02 3.106857894597579843e+02 3.165335016728035953e+02 3.914139344887911420e+02 4.536580146729276635e+02 5.275248806893150686e+02 6.051476737457697936e+02 6.598775606296907199e+02 6.933909977659064907e+02 7.197572441141978743e+02 7.445601785781167337e+02 7.561557152751162221e+02 7.649211140116304932e+02 7.768955621773483244e+02 7.725895252020364978e+02 7.255958236990958312e+02 6.726152002498736238e+02 7.129064630900760449e+02 7.580466311852406989e+02 7.966270119118033790e+02 8.344982667537553880e+02 8.791726680257655744e+02 9.138966279106290358e+02 9.482332223170226371e+02 9.842670321679336212e+02 1.020233574095133918e+03 1.046324874528138935e+03 1.066042746636120910e+03 1.077855874694812428e+03
5.618521677714013549e+02 5.204427380157943617e+02 4.754299908695317640e+02 4.376331504795197702e+02 3.868891831945250033e+02 3.266014946484366419e+02 3.540536038415518760e+02 4.137740402659509300e+02 4.092954660954374617e+02 3.782290253277660099e+02 3.573451272472500477e+02 3.257294986524329374e+02 3.956428778100943191e+02 4.794244628060363880e+02 5.556731612937657019e+02 6.194240998025395584e+02 6.340816746243714306e+02 6.696888049392973699e+02 7.127781177058230924e+02 7.470679844138724093e+02 7.809086862371950701e+02 8.128919707211148307e+02 8.180170053157173697e+02 7.900613130332565106e+02 7.417050166576291303e+02 7.808006530040983080e+02 8.202851029933192422e+02 8.646576481127258376e+02 8.951826810113986994e+02 9.193754694923043189e+02 9.381576325291025569e+02 9.596312845878329654e+02 9.794509891557432866e+02 9.935646966850456465e+02 1.000188154183618281e+03 1.037732613199585558e+03 1.073298576495172028e+03
5.102774120182975253e+02 4.955569732422919174e+02 4.403396243864645498e+02 3.964626526821228367e+02 3.456945095417125344e+02 3.921181752553185902e+02 4.339332539083600864e+02 4.623555007485039710e+02 4.438124719212069635e+02 4.108166122603145141e+02 3.763070482990877395e+02 3.295607162649693009e+02 3.505389104982401705e+02 4.325166397637230489e+02 5.151998138025950311e+02 5.678246941045683798e+02 5.646205326567092015e+02 6.029909317836846867e+02 6.430355343416727010e+02 6.881503756375651619e+02 7.384861488583519531e+02 7.978915058667477069e+02 8.391494106584988231e+02 8.440860623369898121e+02 8.200024941688529907e+02 8.550264346453747066e+02 8.834543814741871302e+02 9.048466914304799502e+02 9.128781959586497123e+02 9.034442210364518360e+02 8.878143602008078688e+02 9.063005674922441131e+02 9.214779771283607488e+02 9.277840140845864880e+02 9.384551281130537745e+02 9.727240918529147393e+02 1.027364873438252971e+03
4.574436815122955977e+02 4.569159315807406188e+02 4.253569420577187543e+02 3.653903178168384898e+02 4.034325624112528317e+02 4.474277675234069989e+02 4.937209893917005843e+02 5.079235108042478259e+02 4.743280057514145938e+02 4.229954125430648446e+02 3.699109029281016774e+02 3.339377526432980403e+02 3.900966594872189148e+02 4.417713540912805570e+02 4.904793536194099488e+02 5.012569767781133123e+02 5.042935675694166662e+02 5.265437383955603536e+02 5.745112409428228375e+02 6.283263794539149103e+02 6.892809423572460901e+02 7.571963245658818096e+02 8.272253632104042254e+02 8.809298676877464231e+02 8.868760426886227606e+02 9.024327394181061663e+02 9.106471567973363790e+02 8.976932984246802789e+02 8.755677445578560310e+02 8.421771974145746071e+02 8.138905261899601555e+02 8.493420434177496645e+02 8.592821577791922891e+02 8.588616780513339108e+02 8.966478617649972875e+02 9.555698312775050454e+02 1.017131129600288205e+03
4.592430864499261816e+02 3.962758584438704474e+02 3.827472713301550016e+02 4.337048207658038450e+02 4.556986888205772175e+02 5.032931754462572371e+02 5.425523905360205390e+02 5.420953311415602229e+02 5.034008720862067321e+02 4.528425348536734987e+02 3.992140157423843903e+02 3.396161982895248457e+02 3.862778854667453743e+02 4.100744432284745358e+02 4.432017804166310952e+02 4.322257710949472767e+02 4.677918400677020259e+02 5.527743800061572301e+02 6.246778313892438064e+02 6.803025859331633001e+02 7.397384951457513580e+02 8.008897302134424763e+02 8.548563800898523368e+02 8.913089547974483366e+02 8.908413896824849871e+02 8.924072836085866811e+02 8.813158628551271931e+02 8.445660466460265070e+02 8.110787369939477003e+02 7.740364896318051251e+02 7.528743954249265471e+02 7.787261604638223389e+02 8.100416726583068794e+02 8.836035264451664943e+02 9.346177104928642621e+02 9.676632676565666316e+02 1.022132800521247077e+03
4.173906123274528568e+02 4.526510135892106064e+02 4.246862992421179683e+02 4.812874311988590534e+02 5.209560712991210494e+02 5.663296215929752861e+02 5.878419736895231154e+02 5.550738999229040473e+02 4.940988305283083264e+02 4.380993487032491771e+02 3.917157996389279333e+02 3.815843111640022585e+02 3.482438620026350691e+02 3.866202149387390818e+02 3.907460440652828311e+02 4.494205634206857667e+02 5.030904286928516171e+02 5.628121523182162491e+02 6.228249566427109585e+02 6.729824556683111041e+02 7.432912717228987276e+02 8.104595464156309390e+02 8.468185124689414351e+02 8.519512110214556060e+02 8.296997779488917786e+02 8.315937751405156177e+02 8.300943818069642930e+02 7.885017098186887097e+02 7.451918131691227245e+02 7.159478339366817181e+02 7.574466468350110517e+02 7.932315605323576619e+02 8.405818099612578180e+02 8.965049390048524174e+02 9.596790702466657876e+02 1.012286226792773959e+03 1.060400617851594689e+03
4.723397191926080154e+02 5.060180128120280187e+02 4.937015509806359432e+02 4.936452149689014846e+02 5.629854117548533168e+02 6.182341908497309078e+02 6.310122132988259409e+02 5.848683506179960432e+02 5.259002985367817473e+02 4.750140130414275177e+02 4.399324165998225453e+02 4.285118498998078280e+02 3.904698994400939114e+02 3.564588916678785608e+02 3.896511588796532237e+02 4.271249401656979785e+02 4.584652713136239868e+02 5.111916236819974984e+02 5.749035435345531369e+02 6.526097747521569090e+02 7.321967695690725577e+02 7.911963998154263891e+02 7.938114158501438169e+02 7.904785188091877899e+02 7.518898823937659017e+02 7.630150058805289746e+02 7.744292607045704244e+02 7.427883696131390252e+02 6.809050067225273324e+02 7.022319955189005896e+02 7.026711685491809476e+02 7.460121103770994750e+02 8.174486606462562577e+02 8.866132497965587618e+02 9.452953661686681244e+02 9.993630822077309404e+02 1.052724851464176481e+03
5.077455863963627394e+02 5.506520892131571827e+02 5.609660621907602263e+02 5.479089700240760976e+02 6.059763343876229555e+02 6.621940178111136674e+02 6.691693846669472805e+02 6.209082156788296061e+02 5.670260835389210570e+02 5.276318789333166706e+02 4.996290514551367892e+02 4.675120387993953273e+02 4.331098773838310763e+02 3.985391295737039741e+02 3.647551641388421331e+02 4.024882733397302559e+02 4.914575505778047386e+02 5.656634035436259182e+02 6.259862843532713441e+02 6.887118254114503770e+02 7.426063089671162061e+02 7.566079629669014821e+02 7.286865935452689200e+02 7.249821395678495719e+02 6.800176486087324292e+02 7.003537795905608618e+02 7.233301905075290961e+02 6.976709112695116346e+02 6.724455374484997492e+02 6.450029429501682898e+02 7.120393532110811066e+02 7.723364357999143976e+02 8.013379220270559244e+02 8.454564607069462454e+02 8.957480512593883759e+02 9.511702003008001611e+02 1.010518972666341142e+03
5.076336642810317699e+02 5.730182431036531625e+02 6.205281960116807340e+02 6.101975600066581364e+02 6.581875771155265511e+02 7.063276333953695030e+02 7.077934906551884069e+02 6.618753422352773441e+02 6.179220775137870305e+02 5.857229880062827760e+02 5.471293760490311797e+02 4.948763901374089755e+02 4.352864887582404094e+02 3.734700016194297518e+02 4.106981358028809836e+02 4.549572439845932195e+02 5.086356616730195697e+02 5.775253042191692430e+02 6.304560629505381257e+02 6.916720177435220194e+02 7.269903375043909364e+02 7.089883645057002468e+02 6.601399791968425461e+02 6.591199065864648219e+02 6.159776138506110783e+02 6.550615769631883722e+02 6.654177045615340376e+02 6.497079809680445805e+02 6.106492642576843082e+02 6.667042617625023695e+02 7.198021878338570332e+02 7.732833960014177137e+02 8.170330373877858392e+02 8.600700631912334302e+02 9.070851343589987437e+02 9.551504450885532833e+02 9.995651467347154266e+02
5.527783545259885614e+02 6.048714253391917737e+02 6.664772050021574614e+02 6.802172973858572504e+02 7.158997231794264735e+02 7.505627875634737620e+02 7.427419768163400704e+02 7.007244067314621816e+02 6.485158670770179015e+02 5.958882196774181921e+02 5.435600822538108332e+02 4.799580293036569856e+02 3.983648047287330769e+02 4.067580282227059456e+02 3.816103566836034133e+02 4.495602227434377482e+02 4.906970660505321575e+02 5.452361773505245992e+02 6.107438144679974812e+02 6.712637637266499269e+02 6.892610270066289786e+02 6.526539092824210684e+02 5.964255538440588680e+02 5.862504823091410344e+02 5.661715129616045488e+02 5.958969560435702988e+02 6.141449018383279963e+02 5.799972971295577508e+02 5.992193378518531972e+02 6.232318880305593893e+02 6.799179246071740863e+02 7.353682580813350569e+02 7.734099027729000682e+02 8.160115820914767255e+02 8.670801200926098318e+02 9.089889330938336798e+02 9.446006327339659947e+02
6.065695468089088536e+02 6.573200563219293144e+02 7.092606299990715115e+02 7.526719020756004284e+02 7.773835321535101457e+02 7.850010008032991209e+02 7.551720102601227609e+02 6.953923252620965059e+02 6.278145607230286487e+02 5.593861197584716365e+02 4.994258860318046800e+02 4.490958271020243728e+02 4.131799621488572143e+02 4.316261211665181463e+02 3.862586915300847750e+02 4.250470435307017283e+02 4.872478312159727807e+02 5.401385997535116985e+02 5.941390454253952385e+02 6.426763360135828407e+02 6.452547639391189023e+02 6.000597962852742739e+02 5.529818590935984730e+02 5.137456190889039362e+02 5.262338916752529485e+02 5.403558300942364667e+02 5.562734836115087091e+02 6.148989466643116657e+02 6.643369690003198684e+02 6.797760467749077407e+02 6.583916186961141648e+02 6.831408600713932628e+02 7.120748112164244503e+02 7.711896380875324439e+02 8.323317257211100468e+02 8.489284075875481221e+02 9.008326051927859908e+02
6.709647876961242901e+02 7.167909731359809484e+02 7.683473995878582627e+02 8.014057002358817954e+02 8.095558427856931303e+02 7.834488022781225709e+02 7.432245017311018955e+02 6.941971751340648780e+02 6.349292479303942400e+02 5.657315664083234878e+02 5.060544112278192870e+02 4.419306379095818897e+02 4.741596354120467822e+02 4.647292711062288504e+02 3.862586915367514280e+02 4.186256980285006080e+02 4.513078465782325566e+02 4.869310124325757556e+02 5.509711932952790221e+02 6.083134908889114740e+02 5.969876777968388524e+02 5.464029249208376768e+02 4.925324083865860985e+02 5.473188117872443854e+02 5.801635279858728609e+02 6.028143653886265838e+02 6.088260483116633850e+02 6.542497009513828061e+02 7.076518767700704302e+02 7.412761621448532878e+02 7.213219374945350637e+02 7.352096831548511773e+02 7.525224566699258730e+02 7.525392590843946437e+02 7.867576382808672406e+02 8.332230475094092981e+02 8.894470189212192963e+02
7.448900435335214070e+02 7.865264574942847275e+02 8.165101571118531183e+02 8.273675957322856220e+02 7.995440114107656200e+02 7.473108608274628750e+02 6.948043592660663990e+02 6.503881816398485398e+02 6.060307904635025125e+02 5.492657003409542540e+02 4.762597086888911804e+02 5.043871568113339663e+02 5.303139738708954383e+02 5.054248036528067587e+02 4.317332719055810344e+02 3.931086058543669424e+02 3.997700995426209829e+02 4.675578930717030062e+02 5.279062864426995247e+02 5.742257719945864665e+02 5.548615945811006895e+02 4.782166867292271490e+02 4.782166867292271490e+02 5.263312575687906474e+02 5.800249826349682962e+02 6.359423525297163451e+02 6.705162061011968717e+02 7.076487852516473822e+02 7.566599807009745291e+02 7.984306880392562107e+02 7.876511111514537333e+02 7.964464983023173090e+02 8.081947034991831060e+02 8.066495393719720823e+02 8.409043602361284684e+02 8.794317886834780893e+02 9.268241203599208120e+02
8.228951688544671015e+02 8.416926968605308730e+02 8.447131420539218425e+02 8.167466558925548270e+02 7.660829091317199300e+02 7.125500945903952470e+02 6.514002338461256159e+02 5.889715698340397694e+02 5.785700135973588658e+02 5.141254599614421750e+02 5.500906687260707031e+02 5.646362717765215393e+02 5.750813822190109477e+02 5.363911048672165407e+02 4.752225526752826568e+02 4.131031580921838327e+02 4.419388191867450928e+02 4.099988167636928438e+02 4.858767174055347482e+02 5.389540271998475873e+02 5.238554656022332665e+02 4.782166867225604960e+02 5.326950371455864115e+02 5.744956886159981195e+02 6.233932822394148161e+02 6.754962111702773200e+02 7.286531363241740564e+02 7.715434502727391646e+02 8.125150899813294245e+02 8.542270097048151456e+02 8.569345810583730554e+02 8.649742175949659213e+02 8.736542944605680532e+02 8.749589843442629444e+02 9.048762415198524423e+02 9.386960189521960274e+02 9.779084252741105274e+02
