output/field_example_test_lateral/elevation_000027.asc
nrows	150
cellsize	66.66666667
xllcorner	0
ncols	150
yllcorner	0
NODATA_value	-9999
[rows 0 to 16 of 150, columns 0 to 36 of 150]
8.938372320123140653e-04 5.461982551769542482e+01 1.150260498857610401e+02 1.749658973387410299e+02 2.232398890328639993e+02 2.669983380517533647e+02 3.087459089096190610e+02 3.697599267631421185e+02 4.355096602683238984e+02 4.886109636169882151e+02 5.088875128321108150e+02 5.121596799862384159e+02 5.157765344548714666e+02 5.190183688702389873e+02 5.239668798598416970e+02 5.466723265637335771e+02 5.800624569287132317e+02 6.209161963936721804e+02 6.655454861532986115e+02 7.028207891529995095e+02 6.984022419581190206e+02 6.594894799079889935e+02 6.158973195382462791e+02 5.775715672691686677e+02 5.508212246873404183e+02 5.448604272790090590e+02 5.568640596762465975e+02 5.876982178284624752e+02 6.272427098761371553e+02 6.444047817969991456e+02 6.216193811591141412e+02 5.971416460754957143e+02 5.849108924182120290e+02 5.752424948868688261e+02 5.748681497989823583e+02 5.750614644205561490e+02 5.624136231305020601e+02
8.462296066984677690e-05 5.856369888422118919e+01 1.186669905556175024e+02 1.694700371418967109e+02 1.871029815712468007e+02 2.356694054703149277e+02 3.014723436619953532e+02 3.714677017453852841e+02 4.365564071372890567e+02 4.706329648129978978e+02 4.725683329479031158e+02 4.721794406414492755e+02 4.767751038807099917e+02 4.799004304759779416e+02 4.805722864122349733e+02 5.100064107599114891e+02 5.479669778302192071e+02 5.929022985447687688e+02 6.427286752278624817e+02 6.881158023332901621e+02 6.792112357885794154e+02 6.284537763817837686e+02 5.795466512302363071e+02 5.367138971833513779e+02 5.025509362214720568e+02 4.976451184304435742e+02 5.094432289459242043e+02 5.509278589009309144e+02 6.045097804190253328e+02 6.209495296046078465e+02 5.847868617545505003e+02 5.505310769540942601e+02 5.410622977134637495e+02 5.294719577859824540e+02 5.316861683155257197e+02 5.391356228481947710e+02 5.133991765839356276e+02
1.082983629405184312e-04 6.308200909927478506e+01 1.093429348101973204e+02 1.241721912161987831e+02 1.802337226673392934e+02 2.423083730916792149e+02 3.105166895804200635e+02 3.762907310009194362e+02 4.161996723159393241e+02 4.160940012781936161e+02 4.144770089689748147e+02 4.122500024684144364e+02 4.202044284335424891e+02 4.241175008724883924e+02 4.224135380362435512e+02 4.611354286068183796e+02 5.061430591767472720e+02 5.587107078810511211e+02 6.186439407610616854e+02 6.653142873013235885e+02 6.483211959411337375e+02 5.906071337273081099e+02 5.306730160523839004e+02 4.831621534333125965e+02 4.399203442393421142e+02 4.300987558826610098e+02 4.471287109634768626e+02 5.098848322462193323e+02 5.706618318336983293e+02 5.867610395091513737e+02 5.389019075723770129e+02 4.884068325882500403e+02 4.790460105719178614e+02 4.617156300736530170e+02 4.676073830027769986e+02 4.826813054995417360e+02 4.475909500535580605e+02
2.682931819736126796e-04 2.971118356833336804e+01 6.667048124563858380e+01 1.227044811932825752e+02 1.852090508908893867e+02 2.538660453571826281e+02 3.166924651769483603e+02 3.559063441459620094e+02 3.635809792920510404e+02 3.498883065051124959e+02 3.566416821788760672e+02 3.524616160529186004e+02 3.661915074705170241e+02 3.711333317885051883e+02 4.315145569299784825e+02 4.923223206838862325e+02 5.445451809422391989e+02 5.915125237832778566e+02 6.291526332353664657e+02 6.368086711657787191e+02 6.096572684719757262e+02 5.531738417235666248e+02 4.909601635944889040e+02 4.372965957192880637e+02 3.961282830988438945e+02 3.631665239464631441e+02 4.101952733480312645e+02 4.733871969783408531e+02 5.365971411116948957e+02 5.565841222778218480e+02 5.016066843164110765e+02 4.337318285150370798e+02 4.289753874974416021e+02 3.942254483650812631e+02 4.050621974434948243e+02 4.275369604433960262e+02 3.859462247087893729e+02
1.026078096045774778e-03 6.536449074276910665e+01 1.193066793969146033e+02 1.698319152362440150e+02 2.209639000820472745e+02 2.669752032161277953e+02 2.916556911967555834e+02 3.007350763866896273e+02 3.050434157745196444e+02 2.831741440455378438e+02 3.140684797641977752e+02 2.962573139435513667e+02 3.246776656400576258e+02 3.735613352746741498e+02 4.292965221414632424e+02 4.888082131704245512e+02 5.433906084609801610e+02 5.894925053103693244e+02 6.037783676734261462e+02 5.856134414296999466e+02 5.464119627326136879e+02 5.141930518630056213e+02 4.567914632959707433e+02 4.021292702868757942e+02 3.568269381236391382e+02 3.208145750012757276e+02 3.745637955410460336e+02 4.385731234517493817e+02 5.022822545397888803e+02 5.340230155887651335e+02 5.017258393167371082e+02 4.316997676074780657e+02 3.607551751242128830e+02 3.410596579927430980e+02 3.487464053040634440e+02 3.767988519029701706e+02 3.409594136647461369e+02
1.620812103562621219e-04 6.101218373413911422e+01 1.207942639715826090e+02 1.759487430503080247e+02 2.164897130904326161e+02 2.392242713812175623e+02 2.285835053040972582e+02 2.369785410107461985e+02 2.578280197143836290e+02 2.316888217253833204e+02 2.585554896046980389e+02 3.160220915586567116e+02 3.740637294584731194e+02 4.187318568808254327e+02 4.696416740511032799e+02 5.073299291197402567e+02 5.281444344141647207e+02 5.458022345292184809e+02 5.508991666622305274e+02 5.127286665027805839e+02 4.709902669507114297e+02 4.783800994414120851e+02 4.269804110262182348e+02 3.722825196964016072e+02 3.255931494467034781e+02 2.866435755511491266e+02 3.419526576339424082e+02 4.024526217826746688e+02 4.591308742063548038e+02 5.067787734704156719e+02 4.938949564188345676e+02 4.301801899152710575e+02 3.600730853531757703e+02 2.970408688071850065e+02 2.965669862992789376e+02 3.244226214564670840e+02 3.055814613620215141e+02
1.031439668570789539e-03 6.616629468215957388e+01 1.037164959959717550e+02 1.299255908434915909e+02 1.725548601433977751e+02 1.862648427948286098e+02 1.548531430996254130e+02 1.747226504052944165e+02 1.988789749538795206e+02 2.651084553704080804e+02 3.165314415166462254e+02 3.606110541944196939e+02 4.155377532211066978e+02 4.557335730615349689e+02 4.836647393949460252e+02 4.805411590846857735e+02 4.602808143633956774e+02 4.684009552305975035e+02 4.863916631078523096e+02 4.465626051979961630e+02 3.975256202308676166e+02 4.306782817081640360e+02 4.072375816031115505e+02 3.452719143899815890e+02 2.980681540420360420e+02 2.570310845438414731e+02 3.099042409077174511e+02 3.618575202431046591e+02 4.240620551143841794e+02 4.801748617443772673e+02 4.819875451782446589e+02 4.328245991939139117e+02 3.659294419612906495e+02 3.028134657022285978e+02 2.503297655717671262e+02 2.633535584974332551e+02 3.338613029247136410e+02
9.004964844020473154e-04 4.978788763361537661e+01 4.187873723585357055e+01 6.217850723103550337e+01 1.261078534595387879e+02 1.242489319642271397e+02 1.831496593539075377e+02 2.299707347317297206e+02 2.647398929210877441e+02 3.068593368009466644e+02 3.619479389504490427e+02 4.003690792081250720e+02 4.315805601031476044e+02 4.447019689228424681e+02 4.481994414629446055e+02 4.215397598330337132e+02 3.753999385827916058e+02 3.844336769288382811e+02 4.175974232039366143e+02 3.904563792615991247e+02 3.360277424130737813e+02 3.855862438758041435e+02 3.887562044474906884e+02 3.362200771099549002e+02 2.727619570955048403e+02 2.308497259141150835e+02 2.717393230346221458e+02 3.274034310168065076e+02 3.930017860062221757e+02 4.525969408035225001e+02 4.544856893583971669e+02 4.031043372443267572e+02 3.523346052887375777e+02 2.935479745750056964e+02 2.251397776834421052e+02 2.663643103301905057e+02 3.278745469175466951e+02
3.039551361081488530e-04 1.698460149981629286e+01 7.602071277702054886e+01 1.141895177022579446e+02 9.397962131549329001e+01 1.616505073283932461e+02 2.201793189524805712e+02 2.732808829085765296e+02 3.179829247160114960e+02 3.501032498107213655e+02 3.779413076866817960e+02 3.854020207904184758e+02 3.879014538885856496e+02 3.796754429318768302e+02 3.873194815730028608e+02 3.464551450830367685e+02 2.976017322408297900e+02 3.098663040030639308e+02 3.553106430175838568e+02 3.418694140752253361e+02 2.844135870177840388e+02 3.418905928012970321e+02 3.649432767152205770e+02 3.320164101192240196e+02 2.703346235945540457e+02 2.082565726672927156e+02 2.769386403321389025e+02 3.364004455688916551e+02 3.904438094959709815e+02 4.221694104970093235e+02 4.194830404636751382e+02 3.690920276299796683e+02 3.061520945310578554e+02 2.515635233713624643e+02 2.067250251383686361e+02 2.646274641802581300e+02 3.226026803503884253e+02
8.298376701672485626e-04 6.199638484462796839e+01 1.094766445618010664e+02 1.578947972517343885e+02 1.617391765835217541e+02 2.042730463217509964e+02 2.622931915639252338e+02 3.042513804091213956e+02 3.335493305672763995e+02 3.378464450998055781e+02 3.349433871208571531e+02 3.164516015023174873e+02 3.089997551044374404e+02 3.004884214120377237e+02 3.175946007780735272e+02 2.836100214979858833e+02 2.309961651278726151e+02 2.474517271628634489e+02 2.989663363799657532e+02 2.935393050829969752e+02 2.386482003068771860e+02 2.925064674592782126e+02 3.303937827752706085e+02 3.119641826127627269e+02 2.526854348103395296e+02 1.859478414570299663e+02 2.434498293251986638e+02 3.059856471064246648e+02 3.540105964565427143e+02 3.576288610465078932e+02 3.606556353348566404e+02 3.311052811568970355e+02 2.873243642207173707e+02 2.366620246781802166e+02 1.903510102061054852e+02 2.506030812456370427e+02 2.836214094056065846e+02
2.906530451806879503e-04 6.672867622186400638e+01 1.350638538846904169e+02 1.902355771114066556e+02 2.196888637295196816e+02 2.478487846695626615e+02 2.772666748879263423e+02 2.869348082397668236e+02 2.847982139746204098e+02 2.685701166803333422e+02 2.568289176865550871e+02 2.381726638380227712e+02 2.320675272191124634e+02 2.259326895502717889e+02 2.437892020804146398e+02 2.323669432375724853e+02 1.726769812897535417e+02 1.933914178512467856e+02 2.461778461746297353e+02 2.440704109984272066e+02 1.986229159810285694e+02 2.525622760136501768e+02 2.895616094452536800e+02 2.770378178853378586e+02 2.324345317209161408e+02 1.643277093855252247e+02 2.304147949772179516e+02 2.855211384993813226e+02 2.930072988653210473e+02 2.774847008181603769e+02 2.772852961103910729e+02 2.730276897119640580e+02 2.264087231608627917e+02 1.658858326810288020e+02 1.876750843457168401e+02 2.100199070508815282e+02 2.159676833284471513e+02
7.157339202923989003e-04 6.241556217912227567e+01 1.297513945160779372e+02 1.892146947054545194e+02 2.172723107047665110e+02 2.291986034842024367e+02 2.317694526514512745e+02 2.173761661048046960e+02 2.058851755489579887e+02 1.854788842089878642e+02 1.794439018614904171e+02 1.699919230703638107e+02 1.671393838392606881e+02 1.606779238170886401e+02 1.763790187505007623e+02 1.708202281237846876e+02 1.193029994584268536e+02 1.682634704130534544e+02 1.864090257640251878e+02 1.817001145807267619e+02 1.643418119489177798e+02 2.211569649830634603e+02 2.340914813053687169e+02 2.253101049147309993e+02 1.820356525920770423e+02 1.370045256091773354e+02 2.101682224726908430e+02 2.379635666845524895e+02 2.206145096369278349e+02 1.937179953958413137e+02 1.929283331705882176e+02 1.961841003584917473e+02 1.809164971933599873e+02 1.688441080320190792e+02 1.385864970981698434e+02 1.422751153041633074e+02 1.464174713000940642e+02
7.999942757707127414e-04 6.537438031811163341e+01 1.257806323114745481e+02 1.573406884916554702e+02 1.578712773922580936e+02 1.565525336985498654e+02 1.456071291732640987e+02 1.383226452804395308e+02 1.243072038011277556e+02 1.058515118841799278e+02 1.143018986829607826e+02 1.143924505264487408e+02 1.088961712636476165e+02 1.021202797378091560e+02 1.167072327679865396e+02 1.010429574448526182e+02 8.286589024836500528e+01 1.230708201265177451e+02 1.344319772240389739e+02 1.207674022583771460e+02 1.608193895877713544e+02 1.813895981956828223e+02 1.739801625943647139e+02 1.691915289997884884e+02 1.174399803245992331e+02 1.011520432401457015e+02 1.707580419166530703e+02 1.731280231361854192e+02 1.683016278261843865e+02 1.157547128930303018e+02 1.196412795723750406e+02 1.241075250029555832e+02 1.279819936767480328e+02 1.325614164970866966e+02 1.631597223363669684e+02 1.551813895803633159e+02 1.889236609952368724e+02
5.812062313701293458e-04 6.297381377098201227e+01 9.349040348349387841e+01 8.977851859797144130e+01 8.456106306325115440e+01 2.126928545615014698e+01 5.559958151029028528e+01 8.006450690818797966e+01 3.052275873879137080e+01 3.416849482603305432e+01 7.830381745973851082e+01 4.157081753433510585e+01 4.407639072610146513e+01 4.749503483863517062e+01 5.060513110016395188e+01 5.358377191798829386e+01 5.756756601875894575e+01 8.541455655192731911e+01 1.053243976581275518e+02 7.129547123321076185e+01 1.251127232704788241e+02 1.272611897675880925e+02 1.202844863928730632e+02 8.900721183295698324e+01 9.226833663282901909e+01 9.572872097911707101e+01 1.004201247710665257e+02 1.048668387545482830e+02 1.089083725780721181e+02 1.296284089187943778e+02 1.266375797605808344e+02 1.626722915645326566e+02 1.322641116176183971e+02 1.680668080082119502e+02 1.741498582766360244e+02 1.868341619846680146e+02 2.070603774176371985e+02
1.030222211979432180e-03 4.524167225870764497e+01 4.991609855692504993e+01 1.236084274616836076e+01 1.560356232440142854e+01 1.829598847153968322e+01 2.149870183888715403e+01 2.500219721486056912e+01 3.475882025269493170e+01 6.314402209793937004e+01 3.863274680869638189e+01 4.149398573786645272e+01 5.620338344999237279e+01 8.495246401041983120e+01 8.292959330518269212e+01 6.031900568749993141e+01 1.046497689561847579e+02 6.327166685282532654e+01 6.742401113807453328e+01 7.129547122654409463e+01 7.490212337341580451e+01 7.875050887148078971e+01 8.286904165414136969e+01 1.076739393474548052e+02 1.281544677254508713e+02 1.483700789667618096e+02 1.517502430014793902e+02 1.446733835776432215e+02 1.288552503568121210e+02 1.665519236656859334e+02 1.464608123827605937e+02 1.828462322225457797e+02 1.844983644328061700e+02 2.270531036959618518e+02 2.255397362379101764e+02 2.297390972712239545e+02 2.404747341442888455e+02
4.734480801185067837e-04 3.246663855710428592e+00 6.724958663775931100e+00 3.925459844005289511e+01 3.955982008493795377e+01 3.767002880833301504e+01 2.356470841223898205e+01 5.721374062375680580e+01 5.796559223620513990e+01 6.848962844312944753e+01 8.786521890620221598e+01 5.363629336467249686e+01 1.080040944222200494e+02 1.053957717287996303e+02 1.275448674998879426e+02 1.371903136428749121e+02 1.262805287341911651e+02 8.959127297677828494e+01 1.355421440450654984e+02 1.399541803756072511e+02 1.005396459533227187e+02 1.247664984936351829e+02 1.424311770671702106e+02 1.529233227203757224e+02 1.652814063472033297e+02 1.771161484753236550e+02 1.880218430329454122e+02 1.558321923215190168e+02 1.804299007134553676e+02 2.059547004459935238e+02 2.021102794090151065e+02 1.750879380564530834e+02 2.327394123921559412e+02 2.752674233478600172e+02 2.842153526828590202e+02 2.822433088431159263e+02 2.864996284733744574e+02
5.265489708478624442e-04 4.778728153175955384e+01 4.137514824896395282e+01 7.958553785144279402e+01 8.611360576706954362e+01 6.778555391506833416e+01 1.093760657876081837e+02 1.132884879004815275e+02 1.055715581014114690e+02 1.165348789871310942e+02 8.875619655894365678e+01 1.334315382803400212e+02 1.599224399462322026e+02 1.605069186154098873e+02 1.666434107257468895e+02 1.897186700449719865e+02 1.799228672491994132e+02 1.237260095662465176e+02 1.744169658543183346e+02 1.940261684708207781e+02 1.772131491471819231e+02 1.374564343882712478e+02 1.783658988946506270e+02 2.040859229426493187e+02 2.152575554816270653e+02 2.186303159003770418e+02 2.239599614709647142e+02 2.095905571462816113e+02 1.818619585293082537e+02 2.307258200111807867e+02 2.365353568138067999e+02 1.929605087894815370e+02 2.424174136853972641e+02 2.984455122222341856e+02 3.374914302245869067e+02 3.409947618102880824e+02 3.418045737206258536e+02
