output/field_example_test_lateral/elevation_000081.asc
nrows	150
cellsize	66.66666667
xllcorner	0
ncols	150
yllcorner	0
NODATA_value	-9999
[rows 85 to 101 of 150, columns 37 to 73 of 150]
3.933285044951267651e+01 5.504309831814039455e+01 3.987535645515701788e+01 3.987535646182368509e+01 4.332764136819003653e+01 5.850714312923454230e+01 4.538449745244731304e+01 4.584497892046778134e+01 7.802228633010280134e+01 5.512876612420846811e+01 1.054773721208188277e+02 1.593862721249179231e+02 2.189823280160337049e+02 2.781072581097087664e+02 3.267129805635331650e+02 3.579880669527518080e+02 3.838644805894265915e+02 4.099583334270787986e+02 4.368006000684858918e+02 4.577860788690503000e+02 4.777004089583364816e+02 4.847603135545128339e+02 4.644415203045971907e+02 4.435849072175481638e+02 4.841761018499026363e+02 4.914011585943698037e+02 4.521926107453305121e+02 4.456273959612001363e+02 4.871019722596786323e+02 4.857689197733494666e+02 4.959484428150091730e+02 4.540372658664160781e+02 4.311545694566712541e+02 4.390367925007652730e+02 5.001795416051105576e+02 5.588453786728510977e+02 5.679257875829082423e+02
9.863305952922077324e+01 5.750463026925361021e+01 8.903486157526792510e+01 5.988901803662413670e+01 6.909070480212811560e+01 4.538449744578064582e+01 4.538449745244731304e+01 7.371577854969829957e+01 1.104851639433712478e+02 9.384417562435054094e+01 6.103983479352311292e+01 1.243759746981212402e+02 1.976293638948231433e+02 2.695662859711398482e+02 3.223985328665398242e+02 3.577390149731198221e+02 3.745760454641589376e+02 3.886648935500631978e+02 4.012228368615138834e+02 4.054750160601288371e+02 4.265215331786479851e+02 4.380160181721713002e+02 4.036301022913066276e+02 3.833076548213286969e+02 4.299155339657081640e+02 4.398702934470673540e+02 3.949329944084331601e+02 3.834954354398576584e+02 4.286454422622962852e+02 4.225459419225282431e+02 4.333350639428911109e+02 4.199095638221801323e+02 3.663833340876746547e+02 4.304993690474672690e+02 4.832477829401052531e+02 5.070706452998277882e+02 4.970243190000617233e+02
1.393943985889121961e+02 1.532214278468885595e+02 1.177146253767927533e+02 1.294787059595980452e+02 1.024360203446916842e+02 1.078752358573327257e+02 1.193462437861321916e+02 1.448681080167515631e+02 1.298379162879520266e+02 6.103983480018978014e+01 8.700669832897486344e+01 1.037982221204427873e+02 1.812196545096127522e+02 2.335802247864453989e+02 2.756440467392224605e+02 3.061873857767031382e+02 3.091616354514336535e+02 3.189195211788848496e+02 3.296242180742764845e+02 3.354061057557083814e+02 3.791476637982203215e+02 3.937383949991517511e+02 3.521867468897333993e+02 3.314272409690661902e+02 3.802608639857887169e+02 3.955085297321029429e+02 3.453650877655232421e+02 3.279466578324099828e+02 3.748907133506461946e+02 3.646782826151044787e+02 3.714021582952023550e+02 3.702733927474786810e+02 3.232870811234402026e+02 3.887757794338562576e+02 4.410358715937704801e+02 4.380413559175958085e+02 4.294704376202449225e+02
1.457897125869027946e+02 1.919592975321811252e+02 1.649500982661982391e+02 1.912842077727233630e+02 1.597120236067092378e+02 1.722856665532146678e+02 1.927093416596472082e+02 1.970732835660340641e+02 1.357767707504637826e+02 6.521914529635360225e+01 1.041096053328320323e+02 9.009566791635263883e+01 1.504239614060049064e+02 1.881608388172039383e+02 2.278835938732211730e+02 2.359141304298481714e+02 2.390079931703554337e+02 2.492115155513313596e+02 2.616027892569011328e+02 2.774874674244872494e+02 3.365261790124139907e+02 3.510109040316532401e+02 3.244634994393191505e+02 2.863802105690817257e+02 3.335348454405432790e+02 3.479540767189517965e+02 3.203706520881199822e+02 2.746499914959484272e+02 3.266841195001917413e+02 3.132937402475540694e+02 3.129610938105117839e+02 3.046745558656568278e+02 2.863985075244675613e+02 3.542969652798433913e+02 3.904153932556898212e+02 3.678866783880531557e+02 3.702249059960572595e+02
1.832468648065793673e+02 2.314308838394798897e+02 2.157119494737798959e+02 2.545087990322154496e+02 2.347153653149027548e+02 2.433192464120221246e+02 2.637006504000408427e+02 2.359721520628755798e+02 1.839616468716089344e+02 1.340729164184489548e+02 7.301142730549973692e+01 7.847167035840693927e+01 1.195516569181704511e+02 1.493405016129401304e+02 1.643327577967986315e+02 1.727392550307919805e+02 1.839213026780661835e+02 1.929017577250548641e+02 2.046291854660943841e+02 2.587491693568709934e+02 2.928459647080149466e+02 2.988755755992977470e+02 2.934706925214186413e+02 2.507475088431959023e+02 2.916390971654009263e+02 2.885616605924669784e+02 2.695770366347019831e+02 2.249418222403775189e+02 2.774414227353602769e+02 2.661049870287753265e+02 2.722614075172070329e+02 2.381228860147674595e+02 2.945164098532972616e+02 3.375860701589808741e+02 3.431249071884593604e+02 2.991931291543273801e+02 3.329127888251333616e+02
2.260649974849150965e+02 2.761088090467449661e+02 2.721055016606769072e+02 3.161682158674227594e+02 3.130599100139925213e+02 3.155822501744074771e+02 3.176225954812096575e+02 2.766144211631722669e+02 2.248054633571892964e+02 1.780496334923608117e+02 1.328290041579207923e+02 9.189221076283249090e+01 8.760667851849285626e+01 9.300181020791208653e+01 9.889558398621709046e+01 1.298399962436905923e+02 1.511561914136089229e+02 1.492794885131181672e+02 1.965545511447612625e+02 2.221011754905058524e+02 2.345070588773780571e+02 2.453425446259557248e+02 2.525528608621228841e+02 2.191596861142826072e+02 2.431365197353380552e+02 2.441215332123816779e+02 2.004637132162206115e+02 1.786543439659265005e+02 1.841896040615764321e+02 2.320531252933755866e+02 2.211522881037333832e+02 2.089591165503233015e+02 2.536757654230248136e+02 2.936934752243609523e+02 2.969891510352389332e+02 2.551156856240885418e+02 2.779111621095828468e+02
2.747241663707773682e+02 3.258095373311736012e+02 3.336910171981275539e+02 3.729664647600070566e+02 3.803676552840854015e+02 3.701134645738661675e+02 3.343379192724528366e+02 2.614915275618735109e+02 1.436392552980534560e+02 1.723348925729243319e+02 1.144613457290879239e+02 1.472321419238107865e+02 1.437920081241485377e+02 1.065712254407701209e+02 1.344428609739419755e+02 1.050022194744497597e+02 1.098677375798715730e+02 1.308208505307582925e+02 1.656853515025537149e+02 1.684862840523030059e+02 1.756717223508429697e+02 1.988520921635475531e+02 2.011549757060248851e+02 2.005459828379760268e+02 1.800876895775542437e+02 2.004079518200656764e+02 1.607888599507203367e+02 1.650941832589461455e+02 1.701091521734763035e+02 1.764404424845640733e+02 1.826212212042158285e+02 1.876485166177612882e+02 1.948742846308443859e+02 2.486444453681405378e+02 2.537248308773891665e+02 2.248317387713870232e+02 2.187820881239787525e+02
3.299777939756107230e+02 3.798842101551525161e+02 3.978403094726987206e+02 4.164142630022246294e+02 4.043230206821272077e+02 3.678429869266944365e+02 3.179159140635322842e+02 2.375301112631978526e+02 1.338981708128900152e+02 1.338981708062233622e+02 1.793248164199789301e+02 1.918056675319822943e+02 1.971182401074885604e+02 2.017774569166054164e+02 1.759933654597192856e+02 1.193499104254577361e+02 1.600586818329903736e+02 1.177322716789204122e+02 1.224111167871565584e+02 1.269929193058812444e+02 1.317097061980113608e+02 1.370331308587400372e+02 1.422740845484852628e+02 1.470721000573454660e+02 1.519962934290124679e+02 1.519962934356791209e+02 2.045231335809569373e+02 1.995370515034151140e+02 2.263648360130355570e+02 2.323591023430004725e+02 2.446519499786117819e+02 2.244555645081084094e+02 2.420906806562075815e+02 2.035911595344656746e+02 2.080604146154177272e+02 2.080604146220843802e+02 2.606828385405743234e+02
3.917416134526938549e+02 4.345950634281691123e+02 4.505745862512678173e+02 4.310517701115683167e+02 3.858878956800850801e+02 3.259328414912067160e+02 2.723630145913872980e+02 2.181272912397355412e+02 1.485107449750213959e+02 1.899557647030019041e+02 2.350644570078009963e+02 2.517402012436856467e+02 2.564615455754207005e+02 2.465938578788911286e+02 1.912275720781217103e+02 1.354488714190750045e+02 1.957604809122165364e+02 2.053680265440264066e+02 1.827902458951933227e+02 1.807672483149017069e+02 1.844053291975521063e+02 1.959491972995860465e+02 1.939267916577233279e+02 1.577567268631838715e+02 1.973515242000144383e+02 2.257785060072589260e+02 2.476819206560187183e+02 2.534580576889137546e+02 2.567444281989497199e+02 2.871201234331451815e+02 3.111968583003626918e+02 3.017119663932012941e+02 2.747451796824379358e+02 2.335450172672576343e+02 2.220561210497192803e+02 2.977388880930769801e+02 3.251608413754992739e+02
4.593705023727516163e+02 4.845009864960424011e+02 4.732604280031014241e+02 4.156586129356962829e+02 3.456009006230533487e+02 2.803255486523617037e+02 2.217976086730289182e+02 1.700802733182253519e+02 2.011846346534387635e+02 2.378501598172003071e+02 2.820247253303899129e+02 3.149514662156021245e+02 3.140091696519251627e+02 2.759351777508707642e+02 2.242782176637936118e+02 1.534395730146276549e+02 2.159889238431523211e+02 2.593802024637399199e+02 2.522977918572459828e+02 2.452793034713905342e+02 2.481576186423294814e+02 2.540162679410468058e+02 2.226498013795235806e+02 1.701770655841061171e+02 2.335036314809303519e+02 2.751629905931864641e+02 3.105189095281176037e+02 3.167650707109835366e+02 3.161333547689668535e+02 3.287154778123102119e+02 3.658849828669792714e+02 3.522966580383907171e+02 2.465650786882480645e+02 2.375763362486766823e+02 2.706749141193458854e+02 3.436249435907728866e+02 3.931105894453567089e+02
5.213872155163061279e+02 5.256220609078786765e+02 4.831719869102147982e+02 4.135994434215222668e+02 3.452869504809803516e+02 2.853211522544935974e+02 2.325443876525839073e+02 1.844363430045945904e+02 2.447511787848956999e+02 2.858364676780042828e+02 3.292842272795746794e+02 3.652021731919531362e+02 3.551583744529922342e+02 3.045695763289757565e+02 2.373095739195302940e+02 1.718879879188307598e+02 2.414799757264297000e+02 2.952318192930407008e+02 3.185705055223085651e+02 3.177519812476818402e+02 3.200062840584054129e+02 3.011793049158343933e+02 2.518082449742220774e+02 1.849470089114284690e+02 2.451605486758468544e+02 3.005155047293529833e+02 3.522292287808461992e+02 3.794656681440814623e+02 3.826065584467908707e+02 3.885478664763058418e+02 4.084643701230916122e+02 3.797311220101228741e+02 3.153043351913199785e+02 2.522882099892299834e+02 3.161022165373514099e+02 3.606221875134361881e+02 4.239185267270801774e+02
5.475482581264585633e+02 5.389240945226250687e+02 4.781629117504568853e+02 4.075201144321978290e+02 3.430101185066992571e+02 2.871854468602538759e+02 2.364310814146641633e+02 2.003447324607956546e+02 2.746788520126061712e+02 3.320811127673435408e+02 3.713260792581287433e+02 4.041139795120847111e+02 3.785931255424992514e+02 3.089140011221236364e+02 2.420241946550584373e+02 1.890947870169249825e+02 2.444485666208800296e+02 3.026029622741650087e+02 3.567539475074861457e+02 3.842207266268660533e+02 3.768403308841993749e+02 3.216214126535831497e+02 2.621781318180557037e+02 2.311473153956095814e+02 2.070889860774539670e+02 2.759482706026505525e+02 3.465623142806213082e+02 4.098707069217866206e+02 4.428960378377789766e+02 4.505728247246282763e+02 4.555158499540605135e+02 4.081660826861065061e+02 3.341191903294810572e+02 2.675563535177364543e+02 3.346575555491479577e+02 4.041953921876055347e+02 4.654645905007427018e+02
5.549509736460672684e+02 5.486490489334433960e+02 4.856203807603465066e+02 4.151101681255923950e+02 3.504644989452345385e+02 3.007428767635645386e+02 2.762037513080385907e+02 2.168698071713521642e+02 2.772213719489479899e+02 3.399038856707377363e+02 4.002011069769321239e+02 4.351560769300261313e+02 4.072311866892994772e+02 3.419621475194851428e+02 2.829208940829084895e+02 2.097660065222819128e+02 2.671441671949963848e+02 3.213216879872879304e+02 3.863321720131423263e+02 4.283671707572299852e+02 4.154992516919660375e+02 3.586443746034229889e+02 3.065947880332090563e+02 2.737515682168304920e+02 2.212600780058826047e+02 2.746507477384569711e+02 3.372055533259259050e+02 4.059919537490018229e+02 4.686116128133824077e+02 4.992030393145054177e+02 4.823247228960062216e+02 4.159782670714534447e+02 3.402746169565754712e+02 2.851601781433415681e+02 3.494195188589338272e+02 4.055999049795821634e+02 4.772540352024766435e+02
5.630838501797876461e+02 5.623290635017490331e+02 5.028497356376488483e+02 4.372357275820225482e+02 3.920264810823721291e+02 3.429651183718045218e+02 2.897637159877379531e+02 2.325989141378749991e+02 2.794034617194844827e+02 3.349628570134294137e+02 3.990953864815867860e+02 4.520323768208338038e+02 4.341922933536278606e+02 3.776248046794133870e+02 3.085345854082966071e+02 2.532878306491827800e+02 2.383602701199165779e+02 3.076936750946505867e+02 3.832765019677418081e+02 4.475115192733171057e+02 4.488805315577353099e+02 3.962701438810224204e+02 3.371646267133912716e+02 2.809365340008904468e+02 2.359694179751471950e+02 2.733300839977176793e+02 3.256023767587834072e+02 3.925501239470838755e+02 4.637432827595116009e+02 5.177774866110084986e+02 5.059373851740431292e+02 4.391474253322614345e+02 3.800878794082792069e+02 3.336495160522511014e+02 3.146773007015005987e+02 3.895339805400045634e+02 4.674666155705925803e+02
5.743463503763824747e+02 5.763223756668407987e+02 5.172170436275038128e+02 4.497777726888614893e+02 3.881427441446641069e+02 3.311916756637527897e+02 2.866681737239721883e+02 2.488138358642504784e+02 3.058341350680379946e+02 3.771446337288416544e+02 4.293323162182884403e+02 4.750284954001456867e+02 4.565851126702299894e+02 3.931519255787541738e+02 3.323811333851217569e+02 3.018463857531783674e+02 2.575737530348187647e+02 3.211638474874961844e+02 3.958954336535247762e+02 4.666489351949664979e+02 4.809455405578684122e+02 4.314211080195407249e+02 3.707452952151329555e+02 3.191272661565021735e+02 2.817623589053044384e+02 2.578126595358010036e+02 3.182574076056678223e+02 3.890317264617942214e+02 4.636265848540508614e+02 5.271452089657520901e+02 5.325963396913919041e+02 4.834673511288908685e+02 4.327656061497918358e+02 3.865939398655489754e+02 3.370757345934054001e+02 4.029900741540183162e+02 4.550172366025140036e+02
5.949049302045294780e+02 5.913345324554834406e+02 5.318760957869209278e+02 4.659019918116920280e+02 4.070109809620235524e+02 3.707451755987971183e+02 3.244917929662062193e+02 2.672514940994766448e+02 3.402201599441816597e+02 3.990870289568685507e+02 4.619196887237561100e+02 4.998688071444769889e+02 4.821152457291319706e+02 4.304032085731864754e+02 3.797521294734439721e+02 3.330725886594294138e+02 2.805507567017980364e+02 3.432309644161229016e+02 4.168198085771187493e+02 4.901893931626050289e+02 5.138026396139285907e+02 4.699228930430064679e+02 4.168888324456937085e+02 3.668219740774878233e+02 3.230957286757186466e+02 2.729583346145392966e+02 3.268648357395242670e+02 3.915061742945395054e+02 4.629276901200881298e+02 5.316924972863830590e+02 5.616125423174926254e+02 5.358099263855635854e+02 4.833536247260112191e+02 4.316979496754473757e+02 3.953031964587864877e+02 3.709290828360252021e+02 4.431713557747179379e+02
6.133580998386502188e+02 6.033928053846119610e+02 5.423081243420442661e+02 4.762433133351427728e+02 4.172179660359654463e+02 3.657316923731950737e+02 3.162157977836116629e+02 2.869971090130435414e+02 3.513227689107393417e+02 4.102614495007711639e+02 4.687921894329450083e+02 5.128879690149341286e+02 4.986141683817382955e+02 4.357220570435873697e+02 3.710722062538268347e+02 3.131638392030951081e+02 3.393501946254974655e+02 3.719409338306811605e+02 4.416422721583501243e+02 5.171434153042746402e+02 5.474254440248245146e+02 5.151443005689383199e+02 4.638270777041587394e+02 4.096709915773407715e+02 3.529335051853323080e+02 2.918147037711850658e+02 3.351279554637742422e+02 3.905611607188387211e+02 4.548303901962258351e+02 5.236063153462707760e+02 5.794293823475319414e+02 5.778141464062872501e+02 5.331717777988359330e+02 4.866890507111248212e+02 4.409951649158870168e+02 3.934125421502933477e+02 4.554559556180360573e+02
