output/field_example_test_lateral/elevation_000067.asc
nrows	150
cellsize	66.66666667
xllcorner	0
ncols	150
yllcorner	0
NODATA_value	-9999
[rows 102 to 118 of 150, columns 74 to 110 of 150]
6.068556157515627092e+02 6.603844503252345248e+02 7.224136208158657837e+02 7.762798216370723594e+02 7.683309505804863875e+02 7.313085047909983132e+02 7.339693043662122136e+02 7.433973190285873898e+02 7.886951523536525883e+02 8.306341090973024848e+02 8.685526455196128381e+02 8.897106111410619178e+02 8.856675638100673496e+02 8.829139520126055913e+02 8.770393112056194695e+02 8.862439090000009401e+02 8.905621126065525459e+02 8.974404219821524293e+02 9.144605780142105687e+02 9.283742869809183276e+02 9.296805428252840784e+02 9.131565214055178785e+02 9.520196943725769643e+02 9.825799630489547098e+02 9.883443175227735082e+02 9.548481332560750161e+02 8.965076898156853531e+02 8.310564653310491394e+02 7.590999285581683580e+02 7.344017558632403961e+02 7.195027849573255025e+02 7.134841924211268633e+02 7.424759733345028963e+02 7.072547478503265665e+02 6.510262056924181024e+02 7.023606771614018953e+02 7.610785402824952826e+02
6.511849656799092827e+02 6.983718965069468823e+02 7.567444621182581841e+02 8.070497763431051226e+02 8.264467056032876826e+02 8.124494171431259701e+02 8.083193882080164485e+02 8.131510031086610297e+02 8.320235823797149806e+02 8.521576826966841054e+02 8.668263759718344090e+02 8.597387520271921630e+02 8.293570155057059310e+02 8.283851605097377160e+02 8.196418300166961899e+02 8.540292436836626848e+02 8.817472699890519152e+02 8.950418492373927393e+02 8.930216646201538424e+02 8.808739060794316629e+02 8.774140098389483455e+02 8.402475334354695633e+02 8.843810392148691335e+02 9.355358252909541079e+02 9.689500217543001099e+02 9.724494512963127590e+02 9.351122609132179377e+02 8.715526506991699307e+02 8.125033365492408848e+02 7.917135747299747663e+02 7.775867532450301951e+02 7.746782896897866522e+02 7.949241243914690358e+02 7.518895363767271647e+02 6.975099926570181879e+02 7.446989141582049569e+02 8.014967000611717367e+02
6.992870220484123820e+02 7.481422122825878205e+02 7.989342551182089665e+02 8.498753888697883667e+02 8.701811211334587597e+02 8.554682336954808761e+02 8.360356119748460060e+02 8.253291619484270996e+02 8.207180743945494896e+02 8.045038293850899436e+02 8.166566662191519299e+02 8.084170850938714921e+02 7.650967562721142485e+02 7.670818599807305418e+02 7.513561655765911382e+02 7.930046641500796341e+02 8.370607106853395862e+02 8.418555512639336484e+02 8.295096450990984067e+02 8.151971553754482329e+02 8.192216340514071362e+02 7.749590918745727777e+02 8.245948507618719532e+02 8.759883257177282303e+02 9.305032814008958439e+02 9.629572483151750930e+02 9.600895791713686549e+02 9.254714384667620379e+02 8.753301497336609600e+02 8.562649574002416557e+02 8.437005376010745294e+02 8.405641904045364754e+02 8.488533194887364743e+02 8.035462951497006543e+02 7.551653987041891014e+02 7.946649049435815186e+02 8.458101310278229903e+02
7.493622785042053920e+02 7.970026389843454808e+02 8.472763095246974672e+02 8.772928688800776627e+02 8.697840579499660407e+02 8.310300609723598200e+02 7.847836602337374643e+02 7.689819945777694556e+02 7.673051321066774335e+02 7.329433852186421063e+02 7.660499937293220682e+02 7.551930037702923073e+02 7.063301351438711890e+02 7.219784236997329572e+02 6.889007761154634863e+02 7.405499762160413866e+02 7.889704094139262907e+02 7.824932315435899000e+02 7.612383217422350299e+02 7.496443835557868169e+02 7.641586623529079816e+02 7.206859790871767473e+02 7.688594744143640582e+02 8.252051613554374399e+02 8.789494003870408960e+02 9.317702766489592250e+02 9.625719286992435855e+02 9.641828013360197929e+02 9.425326865647360819e+02 9.280342589881084905e+02 9.169709010843280339e+02 9.104195145087170431e+02 9.046973888906470620e+02 8.623587125687622574e+02 8.278036736122116963e+02 8.572072024769418022e+02 8.943927875474215625e+02
7.973219774302580163e+02 8.457341365507014643e+02 8.772085914345095716e+02 8.809617522241024972e+02 8.458985873881923681e+02 7.838620117532661880e+02 7.208928070535888537e+02 6.989608672331108892e+02 7.011619326115660442e+02 6.712185043088167049e+02 7.134169032286697529e+02 7.038228297003369107e+02 6.517709401416926767e+02 6.679236447986238545e+02 6.393386186072424380e+02 6.966935282662329882e+02 7.466703917264621850e+02 7.428482124742990891e+02 6.962556602987222050e+02 6.880150543842923980e+02 7.100322919737881193e+02 6.754655300012904036e+02 7.252741190995674287e+02 7.776136496906058255e+02 8.333827534831111734e+02 8.830660935790493795e+02 9.350482246970391316e+02 9.728401712577630178e+02 9.940408650541977522e+02 9.954039657758582962e+02 9.861921485548283499e+02 9.719790857721980046e+02 9.500662701230932043e+02 9.196762511766206671e+02 8.993548983852614356e+02 9.116462446102495960e+02 9.368624663753728328e+02
8.464853442466373963e+02 8.701947617479154360e+02 8.762112110710806974e+02 8.564013428261905574e+02 8.077665590222495666e+02 7.471736639398156967e+02 6.789582098341647907e+02 6.310371317206542017e+02 6.279130593249228696e+02 6.193006073628899912e+02 6.646376703216417354e+02 6.556875799757376626e+02 6.021754404001932244e+02 6.052628364736276581e+02 5.971232909119758006e+02 6.597801051722684633e+02 6.978712386082675039e+02 6.950461766830189845e+02 6.435407850281253559e+02 6.310695089510289790e+02 6.501073768756609752e+02 6.380376686239652599e+02 6.879644306036709622e+02 7.413136049279885356e+02 7.858190660772212368e+02 8.352609155574801889e+02 8.869234656589313772e+02 9.471533937201784283e+02 9.956284865547331719e+02 1.023919068872816865e+03 1.010617348000964171e+03 9.781127499875860849e+02 9.414276920119708620e+02 9.091568367496935252e+02 8.911966743998830225e+02 8.884828747315369810e+02 9.070313363636053055e+02
8.571303445381615802e+02 8.461417364614191001e+02 8.349266108331374880e+02 8.022848739758948113e+02 7.745319573543080196e+02 7.147129725139571974e+02 6.545320514538220777e+02 5.993180326808653717e+02 5.572075749967195861e+02 5.778014740143288464e+02 6.127868764790038085e+02 6.036365969398277684e+02 5.611411476498852835e+02 5.402592964490198710e+02 5.985747621055295440e+02 6.237372198391634583e+02 6.292152840360417940e+02 6.357325450134732137e+02 5.993782554602448727e+02 5.790869197201622001e+02 5.923655730491190070e+02 6.521532554170830736e+02 6.938334767227485145e+02 7.027246428447806466e+02 7.398231944565048934e+02 7.857600236053626759e+02 8.414822907402673309e+02 9.057641859504374224e+02 9.712808591061465222e+02 1.005212733244085030e+03 9.834348968269290481e+02 9.330120235999979741e+02 8.798575928499665224e+02 8.340075520463900602e+02 8.179436885122344165e+02 8.074150141660248892e+02 8.262187266921401942e+02
8.176886977160951346e+02 7.784077257860099053e+02 7.737008456347283527e+02 7.361029693916174210e+02 7.531550570538258853e+02 7.348521618424040298e+02 6.918754039266443669e+02 6.352970388382594820e+02 5.689449116203014682e+02 5.101648998291631756e+02 5.616439557909330915e+02 5.519346396012779223e+02 4.917725576161077470e+02 5.430839117567293215e+02 5.634914650474061091e+02 5.493119270516269808e+02 5.529430009789224414e+02 5.692156576904012582e+02 5.299565681013855283e+02 5.490348528894639912e+02 6.048084150457526675e+02 6.250249220472110210e+02 6.572030642693492837e+02 7.130742247478558511e+02 7.723426120402092465e+02 8.284380286067796533e+02 8.809324720972255136e+02 9.383693654885677233e+02 9.776671452557919793e+02 9.748713797489881472e+02 9.342540022595719620e+02 8.892945121890223845e+02 8.239953783135010781e+02 7.573097154506732522e+02 7.401350341427407784e+02 7.204535905317366087e+02 7.548129961516992807e+02
7.556339620820355094e+02 7.085041035403338583e+02 7.088999398938269678e+02 6.680118091025766489e+02 7.091311337406586972e+02 7.172659345171255154e+02 6.919170536313233697e+02 6.288165986480072434e+02 5.534055398898075282e+02 4.783605967016501950e+02 5.052276679546678224e+02 4.948515962112836633e+02 4.590986777929703067e+02 5.131326715041421949e+02 5.087199830951719264e+02 4.666634903703262012e+02 4.831771968787826381e+02 5.022137958088882783e+02 5.484407808047508297e+02 5.934692419824623357e+02 5.888452280143908411e+02 6.552565292774474983e+02 7.080529168231662425e+02 7.588511868521557062e+02 8.147386479163922104e+02 8.642198540502403148e+02 9.177431803678080087e+02 9.532162420397889946e+02 9.632335411341632607e+02 9.368570025452263508e+02 8.853197491976783340e+02 8.425150533070517440e+02 8.158652596124696856e+02 7.539796646255700807e+02 6.730812785361135866e+02 6.555212360056036687e+02 6.947283204354349664e+02
7.057859859009440697e+02 6.463504345763951733e+02 6.422886300231245968e+02 6.063519702302014593e+02 6.557006026795949083e+02 6.637375933230305236e+02 6.746948734827078624e+02 6.414270368680248566e+02 5.755636522537873816e+02 5.121430721716710650e+02 4.348216069354803608e+02 4.195732624221467404e+02 4.546297927807295878e+02 4.724161081208515043e+02 4.409358430349274158e+02 4.717428245522871748e+02 5.245340843942739184e+02 5.578884739939866222e+02 5.910184017745800702e+02 6.169664581132867625e+02 6.486369871644927798e+02 6.529136998236876934e+02 7.029070603325856155e+02 7.611083762089147058e+02 8.260533268845580324e+02 8.902716221374304268e+02 9.269811963513901674e+02 9.304044585968367755e+02 9.227637236881762419e+02 8.889365904140225894e+02 8.371960660968888988e+02 7.876552255738462236e+02 7.809579454807358161e+02 7.275919151864991363e+02 6.619672856696843155e+02 6.060729503557419093e+02 6.514910521934972394e+02
6.718856960510531735e+02 6.126338873155488045e+02 5.659336388720316791e+02 5.528638273857815193e+02 5.975319307256669390e+02 5.960474392321725645e+02 6.327939233813568762e+02 6.329639966404607776e+02 5.856248881750836972e+02 5.193058704165734980e+02 4.592846929652791914e+02 3.941905082726341334e+02 3.983989110576600297e+02 4.158079825119568227e+02 4.814862560587843632e+02 5.260921699241976057e+02 5.226996940742269544e+02 5.561635836030897053e+02 5.967288667975371936e+02 6.441767283483386564e+02 6.856011181380889639e+02 7.128986341127240394e+02 7.556096115543590486e+02 8.061283564507047004e+02 8.623868085140989024e+02 8.978498650356486905e+02 8.944745440525496178e+02 8.685062342042314185e+02 8.596742123207191071e+02 8.543312546678756689e+02 7.971716429226772789e+02 7.375906075754202220e+02 7.345675713417546149e+02 6.956033640186154798e+02 6.454264814971023725e+02 5.726402892950359274e+02 6.151110652924818396e+02
7.097666914544862493e+02 6.495042704166919521e+02 5.783206492435311930e+02 5.087521073149605400e+02 5.291640709267873035e+02 5.295934842083380545e+02 5.808205871430088791e+02 5.956274519803308749e+02 5.601233628724172604e+02 4.968220162071876302e+02 4.312098310758141793e+02 3.785829029216457116e+02 4.371812493624336184e+02 4.810340528416805910e+02 5.296871741243348879e+02 5.756600458712923682e+02 5.892333282816367728e+02 6.089849364144215542e+02 6.279598520540757818e+02 6.799035871744538326e+02 7.258083701002929047e+02 7.702457584499107952e+02 8.103097312930885892e+02 8.560616712615399138e+02 8.838944246063329047e+02 8.778200648700964166e+02 8.444661658500995145e+02 7.967121205579446723e+02 7.919155760617627493e+02 8.148787746220075405e+02 7.973388138262331495e+02 7.391276077707917693e+02 6.721116293323049149e+02 6.590945947663869902e+02 6.038569266695708393e+02 5.429378435712126247e+02 5.858052097640514830e+02
7.177155838469848277e+02 6.491632231160552919e+02 5.768770689743001867e+02 5.134361896066358213e+02 4.620169983845633510e+02 4.698780678074741672e+02 5.239066887743445022e+02 5.380754613784544063e+02 5.408429996525137540e+02 4.909071521170014307e+02 4.280628717372288747e+02 3.673590523587066627e+02 4.221245613581554608e+02 4.813393322002116292e+02 5.453910612658078207e+02 6.092617611698062774e+02 6.494656101177324672e+02 6.718389915618071200e+02 6.866897641852236802e+02 7.309347100446899503e+02 7.757637824242148099e+02 8.185738666683735119e+02 8.628391573167218667e+02 8.876786861829505142e+02 8.789020730369719558e+02 8.407704113603490441e+02 7.838921692957005689e+02 7.316137104806874731e+02 7.249669039693814057e+02 7.670333421076912828e+02 7.818882432205185751e+02 7.474742901521758540e+02 6.810474825615807504e+02 6.093774626957567762e+02 5.690159376625482537e+02 5.429378435645459149e+02 5.944722531375497283e+02
7.257726399976918401e+02 6.846326194125740585e+02 6.190030884006141605e+02 5.625292716787041627e+02 4.898443565482061786e+02 4.190250872812087550e+02 4.580377253496562844e+02 4.722515079990905633e+02 4.930831589724958235e+02 4.751462563208257848e+02 4.249408393726932900e+02 3.561022223798077562e+02 4.098282099175081044e+02 4.710967786694205870e+02 5.375841779055522238e+02 6.066872384518784429e+02 6.707739846773798718e+02 7.201328300040804606e+02 7.485498698297853934e+02 7.905643809713938026e+02 8.272950167429971771e+02 8.622541199650933095e+02 8.913374231450189882e+02 8.925042790302153435e+02 8.527495779619723635e+02 7.909487415970262418e+02 7.342115057521509698e+02 6.768849340589736130e+02 6.650897716942818079e+02 7.099939150010501407e+02 7.472528866002613768e+02 7.417350389996663580e+02 6.992000712292968956e+02 6.508163671411023188e+02 5.942083722349098025e+02 5.236093728433529577e+02 5.543976351915446230e+02
7.200485551896250627e+02 7.062221986085097569e+02 6.531699690701440204e+02 5.771502534832006859e+02 5.056275680802499437e+02 4.489394046955645763e+02 3.779595776147428978e+02 4.134278740728204298e+02 4.262937126118360993e+02 4.277015513721478328e+02 3.880756105871845421e+02 3.442278128238606314e+02 4.121265340680814688e+02 4.801324605006707316e+02 5.397668188296811422e+02 5.970365600002023712e+02 6.460261826415961650e+02 7.163722477261496806e+02 7.795320696898418191e+02 8.192703739216942722e+02 8.381605409880828574e+02 8.602809446576263781e+02 8.822807316985634998e+02 8.758053787581715142e+02 8.158749903217992596e+02 7.473148766312434645e+02 6.867532795787356008e+02 6.368226991232012324e+02 6.125381578279107089e+02 6.622718007389669310e+02 7.009796769556312483e+02 7.026786704612831045e+02 6.732479670538739356e+02 6.384156116081228447e+02 5.823980063109527237e+02 5.038947765887050991e+02 5.126062033664134105e+02
7.021135517456398247e+02 7.075721253094495751e+02 6.696822410524450788e+02 6.134551775384784378e+02 5.510785272020752927e+02 4.844662029333860005e+02 4.127287795524584340e+02 3.368980684911845742e+02 3.584133300586794917e+02 3.701942550900160427e+02 3.250356100879748169e+02 3.895230841508371782e+02 3.982192280374818552e+02 4.403647991033044491e+02 4.896889941648139484e+02 5.484457926278648756e+02 6.283933715057095242e+02 7.089232674702344639e+02 7.760113942815864903e+02 7.959952703142829478e+02 7.828955004070979840e+02 8.015101182150896193e+02 8.426093006920723383e+02 8.576674418054260514e+02 8.200384444532205634e+02 7.534088082242858491e+02 6.957229779662828832e+02 6.387185867561254327e+02 5.765547417163644468e+02 6.103560696183430991e+02 6.441852213893337193e+02 6.432510424749857521e+02 6.337393244370060756e+02 5.941105073564135637e+02 5.521946204266654377e+02 4.858521218848331955e+02 5.510873883026802105e+02
6.831454769880135700e+02 6.654651989019253051e+02 6.502309216299324817e+02 6.138267145355262073e+02 5.499834061742168387e+02 4.786319815109344518e+02 4.099289558131829949e+02 3.474807026864203294e+02 3.074720430666292259e+02 3.056679177612626859e+02 3.726622685958713532e+02 4.238399491199077715e+02 4.648659389819741250e+02 5.038439107741472185e+02 5.485194974730519561e+02 5.998565583182340788e+02 6.554071627443346415e+02 7.289052478058896440e+02 7.675930883951087935e+02 7.511982468989094741e+02 7.078860871376284649e+02 7.453820204480645089e+02 7.862618246179495145e+02 8.225364593283958357e+02 8.078512396516402987e+02 7.417060346234341068e+02 6.626472988209295636e+02 5.992411659348713329e+02 5.478317779696494654e+02 5.478317779629827555e+02 5.818920812305218533e+02 5.823666290754885040e+02 5.865218937979858538e+02 5.432753461602255811e+02 5.273222302730647471e+02 4.858521218781665425e+02 5.498233366554618442e+02
