output/field_example_test_lateral/elevation_000002.asc
nrows	150
cellsize	66.66666667
xllcorner	0
ncols	150
yllcorner	0
NODATA_value	-9999
[rows 0 to 16 of 150, columns 0 to 36 of 150]
8.938372320123140653e-04 5.515020318015756118e+01 1.171941847816769382e+02 1.814475934228398444e+02 2.384945157568944865e+02 2.886179320668153423e+02 3.313778444881290852e+02 3.606779338486787196e+02 3.624811088517537883e+02 3.468371939767371828e+02 3.353159345802216080e+02 3.471756762434479811e+02 3.587680893186801541e+02 3.740998706155057789e+02 3.905713062880059283e+02 4.077369664963417222e+02 4.259538843730535973e+02 4.390433125740963760e+02 4.396033477397945148e+02 4.463285479743349242e+02 4.545328054494945036e+02 4.582732949114212602e+02 4.616154701335778441e+02 4.679093857439455633e+02 4.741469726090772951e+02 4.712750550474579541e+02 4.626477031837527534e+02 4.543198863273906909e+02 4.489471198029305583e+02 4.549417383675341284e+02 4.597025982865599190e+02 4.632204593753859854e+02 4.692380938437826785e+02 4.755217637566706799e+02 4.750823217517303192e+02 4.692316666702521388e+02 4.647940072990797375e+02
8.462296066984677690e-05 5.962342730376595767e+01 1.227437239232285151e+02 1.812613285494048228e+02 2.163474544526988552e+02 2.670793641688558182e+02 3.145273643575009146e+02 3.469052880981710132e+02 3.444305132802991807e+02 3.192207076579495606e+02 2.987796150174517038e+02 3.218680948905652031e+02 3.292409105854034124e+02 3.499327465777693078e+02 3.675794188705530132e+02 3.882145697809999092e+02 4.128052773749221842e+02 4.273387515806765578e+02 4.200816343393516945e+02 4.306100309841098692e+02 4.432302398188876964e+02 4.442449692605261475e+02 4.475064290854377305e+02 4.581731042628993009e+02 4.691157252983794592e+02 4.650792707548383191e+02 4.514971595148659844e+02 4.394232922460852819e+02 4.293511631285452950e+02 4.423799307888066323e+02 4.457103051378360306e+02 4.491137944923527812e+02 4.591901718127575123e+02 4.702885745081562732e+02 4.698527470880817987e+02 4.598358308394513756e+02 4.520581293260194684e+02
1.082983629405184312e-04 6.610556394992099172e+01 1.194075044277526985e+02 1.489535569349849311e+02 2.138788356160810622e+02 2.696143997040103955e+02 2.943031718310242013e+02 3.174530227112826424e+02 3.124150277250175236e+02 2.816463482594409697e+02 2.506372751421542944e+02 2.800846360835755604e+02 2.876118003915603936e+02 3.207855116474196393e+02 3.285920925858378610e+02 3.661064192646217066e+02 4.020363551510709499e+02 4.080461194932565263e+02 3.896997515492431035e+02 4.078933919284476133e+02 4.217855633090899801e+02 4.202965445403319791e+02 4.259696277899871006e+02 4.480107105685529518e+02 4.609007001238028920e+02 4.548125549932889271e+02 4.363751956198138373e+02 4.170182577108811302e+02 4.017070838352298097e+02 4.215774387707966753e+02 4.221378583487435208e+02 4.275698194460603645e+02 4.467157345264473634e+02 4.626526234143357215e+02 4.623469673403901652e+02 4.471450643130491471e+02 4.327420681116586252e+02
2.682931819736126796e-04 3.593026848387890482e+01 8.150967041570741856e+01 1.497868559692357451e+02 2.196326353454177251e+02 2.582019386972128245e+02 2.495664412296968351e+02 2.759537310631812375e+02 2.715972945919066319e+02 2.415027164074405732e+02 2.066856619616256125e+02 2.257743092731624017e+02 2.654106673915287047e+02 2.761737913727862406e+02 3.202506018537640671e+02 3.620746147147638112e+02 3.923269344586978491e+02 3.867706492643703768e+02 3.590846599613715284e+02 3.855868103118056638e+02 3.910525016953004069e+02 3.917949362487290728e+02 4.219853679740162988e+02 4.378790300780820530e+02 4.483811733612323565e+02 4.419195500242937555e+02 4.200941046625299577e+02 3.958006260428554697e+02 3.747919200919826608e+02 3.982962022299100795e+02 3.943369927069357459e+02 4.100790152538790494e+02 4.352131400178276976e+02 4.551017821936063115e+02 4.555785545848856373e+02 4.364912098664804034e+02 4.124457529229454735e+02
1.026078096045774778e-03 6.777740823111408019e+01 1.269006967382868538e+02 1.811546988864017749e+02 2.238762939601215862e+02 2.288382934169606528e+02 1.968439176300037730e+02 2.279390510388308542e+02 2.222722160083448273e+02 1.928784957126051722e+02 1.686960881866677084e+02 1.962384427086621770e+02 2.274768807716228309e+02 2.747546883609655879e+02 3.205338502723368492e+02 3.603976235126975212e+02 3.765844674098933069e+02 3.622384871470242729e+02 3.287583191038425525e+02 3.583865689581871834e+02 3.556991717591051838e+02 3.873010824187529124e+02 4.066746909801013885e+02 4.168597824295488863e+02 4.293220203086747233e+02 4.258353833343545602e+02 4.026662624311206855e+02 3.755212831152066997e+02 3.505150157727219948e+02 3.736083641249834386e+02 3.719770670610325851e+02 4.066063013546140041e+02 4.298985469288814443e+02 4.455903678008853035e+02 4.503090663675970973e+02 4.378606370857846173e+02 4.231322946443171418e+02
1.620812103562621219e-04 6.142711422081998052e+01 1.270262807736030339e+02 1.859157471480102970e+02 2.045544865261294945e+02 1.871342861998936371e+02 1.453881204000263949e+02 1.760570855806669783e+02 1.644517763168302906e+02 1.339658998037355389e+02 1.837320916285593455e+02 2.182673344458655436e+02 2.478739634156722218e+02 2.811056196610368829e+02 3.150303073670334584e+02 3.431841243399744599e+02 3.495435910960582078e+02 3.291090233364720348e+02 2.986031923496552167e+02 3.311125579332901339e+02 3.318025997626625099e+02 3.679040519902113715e+02 3.928774496137540382e+02 3.856798676700876172e+02 4.046011768114631195e+02 4.063565377491116237e+02 3.833629643552873176e+02 3.559578407425892692e+02 3.286881711166126365e+02 3.396595156569622986e+02 3.727762649738223786e+02 3.896092986657348547e+02 4.079817748999507785e+02 4.298385718911590061e+02 4.380780488043773744e+02 4.244637563116212391e+02 4.010911606233354973e+02
1.031439668570789539e-03 6.091296750507057567e+01 1.246049900098318375e+02 1.719415967849696187e+02 1.610318347349560213e+02 1.201559573035741266e+02 9.895501904306827612e+01 1.226453330598442761e+02 9.629514656706024311e+01 1.328311382580633904e+02 1.608297849168394293e+02 1.902722667656088333e+02 2.067928821657594938e+02 2.399750770620411515e+02 2.781405590663358112e+02 3.111232345318412627e+02 3.120961050230330898e+02 2.898400890087893345e+02 2.696961064698490986e+02 2.966223257814200451e+02 3.460458366919886544e+02 3.742397880788448674e+02 3.726791725921537477e+02 3.496641581616104304e+02 3.763932770682294517e+02 3.843090438241888478e+02 3.617090294487948086e+02 3.363608956596229405e+02 3.095136001547566025e+02 3.373887934803726125e+02 3.531783413373603366e+02 3.570052691702270522e+02 3.831394077737286352e+02 4.117317867479142137e+02 4.204711012808145938e+02 4.077025993211841524e+02 3.930224462085913046e+02
9.004964844020473154e-04 6.566162237067126739e+01 1.227668972907957965e+02 1.357940768447770665e+02 1.088839911492701020e+02 5.302958011667783467e+01 5.967893716830830897e+01 6.654447270597978559e+01 7.313904559627982849e+01 8.205357042351432995e+01 1.285680052422292192e+02 1.519204489617764011e+02 1.328640320089021714e+02 1.926371371321736206e+02 2.418545634764830083e+02 2.703262075999767831e+02 2.641359542065555956e+02 2.393703242303624279e+02 2.939454344051104613e+02 3.301301697544821536e+02 3.550389346441997418e+02 3.633583441459897472e+02 3.459456213106403197e+02 3.124770506330882540e+02 3.456167091939761349e+02 3.594067800358507725e+02 3.381896668668096595e+02 3.136182768572266468e+02 2.939433057074283511e+02 3.034283088359046019e+02 3.130529002082992633e+02 3.234856572033501152e+02 3.616514099423200150e+02 3.923765814842891473e+02 3.979546937067007093e+02 3.806310363789294797e+02 4.098671142855211542e+02
3.039551361081488530e-04 6.640286934899579308e+01 9.271775717489134649e+01 8.845412439569463459e+01 4.029025819486035687e+01 9.360389646790399354e+01 1.078620644394973027e+02 1.023263985004358716e+02 1.287476364503988009e+02 1.383256195898375438e+02 9.542728568323674665e+01 1.025682192354047686e+02 1.105143486670122854e+02 1.622720283851938348e+02 2.104822678430095664e+02 2.187393347807853843e+02 2.032071713228152987e+02 2.604932635317971972e+02 3.036408210557477219e+02 3.336318466233526010e+02 3.435073221441332407e+02 3.384970996917788284e+02 3.097996687040465531e+02 2.752083155188653905e+02 3.097166506019054282e+02 3.287937683147738426e+02 3.129972488227255099e+02 2.820788115134245118e+02 3.251836831822229783e+02 3.465715550678411887e+02 3.539181491499232379e+02 3.604380744018334326e+02 3.394260038455461199e+02 3.724320934558184035e+02 3.671679189003960460e+02 3.848044946378436748e+02 4.095248230892696597e+02
8.298376701672485626e-04 4.700600827731730647e+01 1.778949415966226866e+01 2.603585636452367069e+01 7.866485152672494507e+01 1.216877486807160125e+02 1.506439767300640824e+02 1.453959051032190359e+02 1.769775403266588683e+02 1.932361585144263358e+02 1.760545733834343878e+02 1.465928524915360072e+02 1.637717961358261505e+02 1.249641785569031498e+02 1.758304263381455144e+02 1.670830035506698152e+02 2.197102021241923921e+02 2.534663637459283621e+02 2.786712484102997109e+02 3.063749893009222092e+02 3.030625764832673212e+02 3.017017185171231972e+02 2.732533213363784625e+02 2.398489417225599993e+02 2.837250332371199306e+02 2.944242747024007940e+02 2.667662367917142774e+02 3.061663065282906473e+02 3.375582973816444792e+02 3.715011835776408589e+02 3.891870761449376914e+02 3.904688489842166632e+02 3.743399696289632175e+02 3.548186296842210936e+02 3.831946390237787909e+02 4.042461282893264638e+02 4.122984164329467944e+02
2.906530451806879503e-04 6.899832464919421149e+00 3.559064881589230822e+01 7.061468344348509163e+01 7.107515774712315704e+01 1.250498051416632990e+02 1.733461902445885983e+02 1.949301018286920453e+02 2.208100972523755274e+02 2.522983123126303724e+02 2.471188530329034165e+02 2.121163968461366096e+02 2.134886354928681556e+02 1.745789701278577297e+02 1.384259858639853746e+02 1.476732487298706360e+02 1.955477523493455010e+02 1.919880252336497790e+02 2.359113283271356352e+02 2.649265284167657342e+02 2.521808220017881581e+02 2.588153089502557691e+02 2.243824456783028438e+02 2.650767133080759095e+02 2.398489417292266523e+02 2.505621809441288690e+02 2.959806706824493290e+02 3.318898690135115430e+02 3.639231165133266472e+02 3.932112046844741258e+02 4.087923916220453862e+02 4.095890189235440744e+02 4.022238823531756111e+02 3.955113166980802362e+02 4.027329942137081389e+02 4.199472330917861882e+02 4.336645890618518138e+02
7.157339202923989003e-04 4.644339940454865001e+01 5.911943403290111831e+01 1.013945775489767556e+02 1.293363758360795259e+02 1.196861563339263910e+02 1.743402498564159941e+02 2.227182317220035941e+02 2.613663367882813873e+02 2.900397364860087350e+02 3.026980775147881673e+02 2.831556568447168729e+02 2.545169102908717775e+02 2.058530882982562105e+02 2.024078775278969715e+02 2.004360735580196717e+02 1.611073291871074389e+02 1.695832602616419535e+02 1.805380794441443868e+02 2.263966158886002518e+02 1.966615529631143033e+02 2.077718337073040402e+02 2.551086421982144259e+02 2.947792127253520107e+02 2.939076276251944364e+02 2.973987661881582198e+02 3.263076803474648386e+02 3.595589298000375038e+02 3.866747389831355690e+02 4.031783732447592001e+02 4.025969765857848301e+02 3.957537924439902781e+02 4.023706452455719500e+02 4.115643421158961814e+02 4.201438849108481577e+02 4.278795143217429313e+02 4.376649494392454471e+02
7.999942757707127414e-04 6.460722257529960189e+01 1.025191843289518800e+02 1.406189634676666174e+02 1.780770687463308093e+02 1.718803054905877445e+02 1.692551777993482460e+02 2.092303389609594433e+02 2.640293964577797965e+02 3.122145732968560878e+02 3.403052370871672565e+02 3.304696391742461401e+02 2.938011318623996999e+02 2.570649859055395723e+02 2.584115527266072263e+02 2.302923992542547182e+02 1.957935805155826472e+02 2.299666460170445532e+02 2.344499797319668914e+02 1.966615529564476503e+02 2.352186379600587713e+02 2.572778469143695474e+02 2.896667354374227443e+02 3.230678239634449938e+02 3.420797183452899048e+02 3.450670821743829606e+02 3.626568987370162063e+02 3.789072091202746719e+02 3.923295533541186728e+02 3.877549861385713257e+02 3.714965529790108576e+02 3.466136261618480603e+02 3.674468814389063596e+02 3.918101339013176698e+02 3.975740093136397491e+02 3.981857383501577488e+02 4.142667208994429302e+02
5.812062313701293458e-04 6.574424297196736688e+01 1.303337723291843133e+02 1.820438397468086578e+02 2.189999501531211763e+02 2.238960784443829937e+02 2.187214446178220726e+02 2.433219982157271488e+02 2.706581831239939220e+02 3.149755586246398025e+02 3.571025546511921220e+02 3.614311021028352684e+02 3.358671033497018925e+02 3.110365487533092050e+02 2.962931037999792352e+02 2.669543791651485662e+02 2.360859495497638818e+02 2.747881090569230764e+02 2.769802693186305191e+02 2.427098611760634981e+02 2.581136140775655008e+02 2.985400855823302777e+02 3.274312646597137473e+02 3.573905611818960892e+02 3.736290252556108840e+02 3.756774341495161025e+02 3.714328565934819153e+02 3.650640910752756554e+02 3.646498251627980380e+02 3.496658565608252616e+02 3.237448657531424487e+02 2.926486354110681418e+02 3.266337763058534165e+02 3.566138272784128844e+02 3.500595344743245505e+02 3.499868523685894388e+02 3.751483643770737331e+02
1.030222211979432180e-03 5.874177313583813742e+01 1.247551433223164281e+02 1.894711482045026401e+02 2.430958785593675771e+02 2.685702885589133189e+02 2.776613295813912146e+02 2.884889672718836664e+02 3.145838979488089535e+02 3.426958031947004883e+02 3.723545014881963766e+02 3.886070420764174855e+02 3.782348930021821047e+02 3.573171820146242794e+02 3.359842820284514460e+02 3.100190017836221728e+02 2.812035114360579655e+02 3.144389471982353257e+02 3.174816228603602895e+02 2.900205995741411016e+02 3.019594544700677829e+02 3.309721566049869921e+02 3.610942221279146338e+02 3.768890784791716442e+02 3.761853808939198984e+02 3.615806221266703915e+02 3.410742481026903192e+02 3.137632830936366872e+02 3.126976062625880104e+02 3.052297068892714833e+02 2.695330856919503617e+02 2.437070713468434349e+02 2.869230824469648837e+02 3.126415785442381434e+02 2.928299045085407215e+02 2.994674843197372525e+02 3.258209847054114903e+02
4.734480801185067837e-04 6.670509107071508481e+01 1.349476674561629181e+02 1.921384407298239410e+02 2.363703582788539279e+02 2.719603364216025625e+02 3.036317446415533254e+02 3.304854914623674063e+02 3.537248106961403664e+02 3.738054868773360226e+02 3.909311200187099757e+02 4.048402597449639302e+02 4.027317921799889859e+02 3.921751370132005832e+02 3.748866034136212306e+02 3.495744709252369375e+02 3.302248827142781806e+02 3.521183472304842326e+02 3.551426532509292429e+02 3.376961758133448370e+02 3.473768986293166563e+02 3.660380821443710033e+02 3.772287135117131811e+02 3.699856663002629489e+02 3.510938315537136418e+02 3.207182287817139468e+02 2.891210425336391268e+02 2.527975232616865924e+02 2.532719114327794614e+02 2.520232046530065020e+02 2.090187226582003461e+02 2.029023564452138544e+02 2.552228121162591492e+02 2.672247921283411642e+02 2.329294172709626594e+02 2.682300301685890531e+02 2.664645059470217348e+02
5.265489708478624442e-04 6.412225845372888955e+01 1.092798186798215880e+02 1.510059534118110207e+02 1.922190907924383794e+02 2.356335726540887379e+02 2.866614225933640228e+02 3.293221053712349544e+02 3.627316086945465941e+02 3.743189138944333649e+02 3.728854443643698460e+02 3.853123250822782779e+02 3.961889886691876086e+02 4.022459750378417880e+02 3.940007436510997536e+02 3.803478484323313751e+02 3.730949732804413657e+02 3.796090706764932179e+02 3.804873154284767907e+02 3.764349119990368990e+02 3.809484526439121055e+02 3.799881720137195202e+02 3.646377318160886603e+02 3.402689364250349513e+02 3.052556645279065037e+02 2.753157126183297692e+02 2.353681361285483433e+02 1.893427314187741786e+02 1.913119396599429365e+02 2.030722418877649602e+02 1.534510743235387054e+02 1.761680682565564382e+02 2.110147836685968059e+02 2.162723578521787999e+02 1.907060633250235355e+02 2.193062112400730257e+02 2.748971975808448178e+02
