output/field_example_test_lateral/elevation_000019.asc
nrows	150
cellsize	66.66666667
xllcorner	0
ncols	150
yllcorner	0
NODATA_value	-9999
[rows 51 to 67 of 150, columns 0 to 36 of 150]
6.474411239618605351e-04 6.037850410145463087e+01 1.259807781166140188e+02 1.888994114747269180e+02 2.519143957696232405e+02 3.091501203283546033e+02 3.386067184479281877e+02 3.271037586427031556e+02 3.199148448715870359e+02 3.136439587748164968e+02 3.133710001039493704e+02 2.691290016814257342e+02 2.645224616510176929e+02 2.579926618638376681e+02 2.657057767394124426e+02 2.716661330340450036e+02 2.707940938839978458e+02 2.458128001050194200e+02 2.540688580191204835e+02 2.639487796208408668e+02 2.744751959104916068e+02 2.834211638115659753e+02 2.834051584316181334e+02 3.278629512392168408e+02 3.688500125666799931e+02 3.557676413392230756e+02 3.534442371720466554e+02 3.928804908439946075e+02 3.911053472201093655e+02 4.210611425141913173e+02 4.190729716011924211e+02 4.221525955132669878e+02 4.759529004658144231e+02 5.351866877029362968e+02 5.995068960786911703e+02 6.606201379134779472e+02 7.133517929394034809e+02
2.991442671798761992e-04 5.108905016540592925e+01 1.105485183888622061e+02 1.767428307109761931e+02 2.468406681112578838e+02 3.127545939407480091e+02 3.592874960040527412e+02 3.811051458847393860e+02 3.858653802079500679e+02 3.860862988521080297e+02 3.780623015212859741e+02 3.443388875574559620e+02 3.427923455892108677e+02 3.338435818497148375e+02 3.404521339748132505e+02 3.429600007277013560e+02 3.379262979142988002e+02 3.121416590108870537e+02 3.180217148965136289e+02 3.263048775342024328e+02 3.358790024936316740e+02 3.457308822009248388e+02 3.546501766471793644e+02 3.759300388893203149e+02 4.033715401502269060e+02 4.055587366030450767e+02 3.936505573976613732e+02 4.416186151434295084e+02 4.520913991539957806e+02 4.527053824663023534e+02 4.579184411059763420e+02 4.618795967996814511e+02 4.687630842151380648e+02 5.187587305095793226e+02 5.820246400337924797e+02 6.542561477452659346e+02 7.221284977918213599e+02
5.382406089261300560e-04 5.464468768894816009e+01 1.168327399203050732e+02 1.834262376036258502e+02 2.467552731733294138e+02 2.887701576604585512e+02 3.325332174763797752e+02 3.694642356587482936e+02 3.942729416881325051e+02 4.136095901958328795e+02 4.221012914417963202e+02 4.167258618122842790e+02 4.187223496336519588e+02 4.110810846277433939e+02 4.173502788794650087e+02 4.176680583653407552e+02 4.106019187720019659e+02 3.835124777439331751e+02 3.880876935654823114e+02 3.951229476272092711e+02 4.045548699771248948e+02 4.160452073088677594e+02 4.305883365749288032e+02 4.465985859200618506e+02 4.622185003652854220e+02 4.628263238529400496e+02 4.413418685425338026e+02 4.840025132532709904e+02 5.138103733656947725e+02 5.008844838663198402e+02 5.024591430418696518e+02 5.059436145044325599e+02 5.101204454463801312e+02 5.599352259340263345e+02 6.225098037688729846e+02 6.907351110577574218e+02 7.323058725921949872e+02
9.405933839789771796e-05 6.449443118359906180e+01 1.304910684078690224e+02 1.860950630964653953e+02 2.183872222934853937e+02 2.369445290503865920e+02 2.820597205985516780e+02 3.211326965816020902e+02 3.422785015070908798e+02 3.811938508570567592e+02 4.082460342444489925e+02 4.314795513870554942e+02 4.524598558073130334e+02 4.586692593082275948e+02 4.562675440102320863e+02 4.575885786167929155e+02 4.541368987759249194e+02 4.438761397039320968e+02 4.464361817592514967e+02 4.549887733181806198e+02 4.668780977799195853e+02 4.805921637686660688e+02 4.972805582763646157e+02 5.135131533226382317e+02 5.272718147528594272e+02 5.274970582634130096e+02 5.010759697505155259e+02 5.367379446728212997e+02 5.714677751840575866e+02 5.560945870287790740e+02 5.549329430961716980e+02 5.576069795207883999e+02 5.614220143489728798e+02 6.119587560106313049e+02 6.650566674509568657e+02 7.187932107541078040e+02 7.309122102883384287e+02
4.552373030990004800e-04 5.999122463294286689e+01 1.050281524908552058e+02 1.523729778406125206e+02 1.573251791895975771e+02 1.932918445159886005e+02 2.361225298697740129e+02 2.537984364478742521e+02 2.965227225936183117e+02 3.181947832103072642e+02 3.530125679202336642e+02 3.865020996377701863e+02 4.207075288449011055e+02 4.260640644128763483e+02 4.110751561485611774e+02 4.163451321831190626e+02 4.254655704114455830e+02 4.228441799432258676e+02 4.317534332685017375e+02 4.508697407956349821e+02 4.725200574775369660e+02 4.913191973811834714e+02 5.138794462221537742e+02 5.386469170810000833e+02 5.634259919805822392e+02 5.772851089496139139e+02 5.792138088538237071e+02 5.933556932670201149e+02 6.290807625162634622e+02 6.187401177071645861e+02 6.172203412193240410e+02 6.196057810480558601e+02 6.253975023454768234e+02 6.665458775752455267e+02 7.136384855940389116e+02 7.392495642270749840e+02 7.187392059870659295e+02
9.620149528071391450e-04 1.143676102311169807e+01 6.903688130313518911e+01 1.051105296264918536e+02 1.080513309298664666e+02 1.637191293995003889e+02 1.731549033043830548e+02 2.149060087361372098e+02 2.334968874167996660e+02 2.651320158308963642e+02 2.965923910560414924e+02 3.359250129383163426e+02 3.639261881695957754e+02 3.634641597719078163e+02 3.464246847561799996e+02 3.562762304225215644e+02 3.630048700297962796e+02 3.523886641519537761e+02 3.636803939191530617e+02 3.913397126245876052e+02 4.222504555294903525e+02 4.365099831062318003e+02 4.665438526328715056e+02 4.975229543186335377e+02 5.385970438364919346e+02 5.789687586404703552e+02 6.213727783425806592e+02 6.548539197810414407e+02 6.845058124213501287e+02 6.865850806900062935e+02 6.883989296390811887e+02 6.905982132492861183e+02 6.969504342204124896e+02 7.217357577178312340e+02 7.387202250471215166e+02 7.328055630180381286e+02 7.058112739981386312e+02
1.585375988990400783e-04 4.598325037944447047e+01 2.817723319377971336e+01 4.132606867773167636e+01 9.815285613209388771e+01 1.285419813369182407e+02 1.258558170369840212e+02 1.579428113280168020e+02 2.033596124686009716e+02 2.138400387342289548e+02 2.500578763738273835e+02 2.848286116296111459e+02 2.929241591292669113e+02 2.940622568650688891e+02 2.859357587042250088e+02 3.013137389349695354e+02 3.068049229340264219e+02 2.770483425180115091e+02 3.001787366526104961e+02 3.252219258151623080e+02 3.518062111889573771e+02 3.789813636477010732e+02 4.078732826226344628e+02 4.395623533252652919e+02 4.789229362512712669e+02 5.438570061951464822e+02 6.128935638894541853e+02 6.684113937042723137e+02 7.172423929709057120e+02 7.471144563182176626e+02 7.571831090648900044e+02 7.550934643545023164e+02 7.487976768865883059e+02 7.327966842924467983e+02 7.081992823973673694e+02 6.802779083269786042e+02 6.466450351965521577e+02
4.462850991293150407e-04 6.435311016975639120e+01 9.281740708138755735e+01 1.012240794405392990e+02 6.039729146870338639e+01 7.225016402533368876e+01 8.490533844622967763e+01 1.386855090976243616e+02 1.518845073926831333e+02 1.741592225777849592e+02 2.055253259089582798e+02 2.177143718429595083e+02 2.246198435321221325e+02 2.311302170821771824e+02 2.320383872024435163e+02 2.615264699284200560e+02 2.411420163637701251e+02 3.046083638903444921e+02 3.508659649893214123e+02 3.830226312901061760e+02 4.128451701101250251e+02 4.379952258564581484e+02 4.682841856773911218e+02 4.678050805953162694e+02 5.057065440688651279e+02 5.343560727887132771e+02 5.815592748015834559e+02 6.403366351922509239e+02 7.081743468217262034e+02 7.689256788339008608e+02 7.867198529842377184e+02 7.643930804859901400e+02 7.317175120601102662e+02 6.922439931538361861e+02 6.392015674379215397e+02 5.949687438381828315e+02 5.688446193624380385e+02
5.062654624056582434e-04 6.555890317655337185e+01 1.245005401234415388e+02 1.502697436326697584e+02 1.364584663331192189e+02 1.420994243773862138e+02 1.468395523502802860e+02 1.046054889730386179e+02 1.152025204277576620e+02 1.265341495065151207e+02 1.387111391225559203e+02 1.519672751182732782e+02 1.651368308545899595e+02 1.777645154210220255e+02 1.916264572972411599e+02 2.080294425059943535e+02 2.307549513236309053e+02 2.988851126480172411e+02 3.487273770399408477e+02 3.876221139100871937e+02 4.317285381411706453e+02 4.799318008595181482e+02 5.138493950463696365e+02 5.173491692935411947e+02 5.439874845034831878e+02 5.824154234497914331e+02 6.262206661906648151e+02 6.803932100670169802e+02 7.426925177665146975e+02 7.811414734898872894e+02 7.696892991140447293e+02 7.196790337968104723e+02 6.717000862023834316e+02 6.255342643588062401e+02 5.767560889284663972e+02 5.191124218335362457e+02 4.949385875032336344e+02
9.885879683443981290e-04 6.206385006832852724e+01 1.264064521421556009e+02 1.804804543438251869e+02 2.005439876782160127e+02 2.109712457720745249e+02 2.018940206149976007e+02 1.796422080563535246e+02 1.644989018756083965e+02 1.720631055375837093e+02 1.773046123320156937e+02 2.086171255225522714e+02 2.230290171003166222e+02 2.057351350007363067e+02 2.492163056140975357e+02 2.800145864677208465e+02 2.873709630742683316e+02 2.658816587406104759e+02 2.964702444957414968e+02 3.342751816712572008e+02 4.017249907618692646e+02 4.725824605599955248e+02 5.268204458840706366e+02 5.672241571490748129e+02 5.933545511249361653e+02 6.293399840182394200e+02 6.755858527732286802e+02 7.260037574029555572e+02 7.693360244453883752e+02 7.741508759579924117e+02 7.349704286352891813e+02 6.707019346256382732e+02 6.096571049616388791e+02 5.612263349872566778e+02 5.166303839838080876e+02 4.720160690492126605e+02 4.301381233348047317e+02
6.792166669057083479e-04 6.705435279066557541e+01 1.236396967766681172e+02 1.719220436225199364e+02 2.134119789746003448e+02 2.498589162996810558e+02 2.655126158017276339e+02 2.571147862841397114e+02 2.242700074072229484e+02 2.268541035196105895e+02 2.310159301324050887e+02 2.504843467480175150e+02 2.751647859511618890e+02 2.420440897640751245e+02 2.959752896665104345e+02 3.366725373963212178e+02 3.450087576665146116e+02 3.034621112499571041e+02 3.340351366144689109e+02 3.654068428461548024e+02 3.902696327251836692e+02 4.374241335048163251e+02 4.953921651553901029e+02 5.610385856925971666e+02 6.301104788896350328e+02 6.826056497243231433e+02 7.247712122380556821e+02 7.684161552297676963e+02 7.861922667793427308e+02 7.509324290075567205e+02 6.837349425397551386e+02 6.202815503521430855e+02 5.584312421705392353e+02 5.065349161734131371e+02 4.649230142611718861e+02 4.235981068992882115e+02 3.815590762014340953e+02
3.095820745989581735e-04 3.356285153425737633e+01 7.471670505289301900e+01 1.218194234791269395e+02 1.755212270832782053e+02 2.361252881415963998e+02 2.949052691242478090e+02 3.194408966631872886e+02 2.949763992348737247e+02 2.929291900093227810e+02 2.960612346265432393e+02 3.087529321524133934e+02 3.149628391102856426e+02 3.047740446492380784e+02 3.042289288896828907e+02 3.702954345354011139e+02 3.901324961067659274e+02 3.506201644828083772e+02 3.809281047105137077e+02 4.125470738107392776e+02 4.457286584059200436e+02 4.879609241651668299e+02 5.412001269732783157e+02 6.075194568854017234e+02 6.722604719895471135e+02 7.341481552034254037e+02 7.727246654297850910e+02 7.931562437520855156e+02 7.763940972332341062e+02 7.146095720707013470e+02 6.390291968686016162e+02 5.675730881283299141e+02 5.113889111428039200e+02 4.617069930743055011e+02 4.204771012635940792e+02 3.852241519872964091e+02 3.421568926920984381e+02
8.517285258632341979e-04 6.667700475483397327e+01 1.229826201707399775e+02 1.682583973301810261e+02 2.205226372211980390e+02 2.754829277945934223e+02 3.297383668697921735e+02 3.729201196152384341e+02 3.662788723105193753e+02 3.662977316222317654e+02 3.704461063997620158e+02 3.782050793468675352e+02 3.761286442496227096e+02 3.717996392475255334e+02 3.516395219596735160e+02 4.005720591810428459e+02 4.371646638995841840e+02 4.109328608439404320e+02 4.387463812802666325e+02 4.701926118064741900e+02 5.044514037965842022e+02 5.446076380906398526e+02 5.987809934559917338e+02 6.574450663966190405e+02 7.221379110234834116e+02 7.667171288088582060e+02 7.878344463695660806e+02 7.800658586947273534e+02 7.542003857905244786e+02 6.797179689506230034e+02 5.953406921204774562e+02 5.233593689724309570e+02 4.654025240381362210e+02 4.189196860683098294e+02 3.805046964601058903e+02 3.479136236942056826e+02 3.197059508600802360e+02
-2.161618358024713742e-03 6.075166967919851402e+01 1.277330071781105687e+02 1.981177950920670696e+02 2.609271313650183970e+02 3.151085730997828023e+02 3.638807729506839337e+02 4.023656806795474381e+02 4.190620741616522764e+02 4.286126442997266395e+02 4.397339535191495656e+02 4.505119056269652447e+02 4.464740412867176929e+02 4.462005222045922324e+02 4.152007213191497499e+02 4.382098580063565691e+02 4.894399400976402603e+02 4.869415807656483253e+02 5.028115365911244226e+02 5.350705979393395637e+02 5.687938958609552174e+02 6.071674990159559684e+02 6.531344295478846789e+02 7.102140336794279847e+02 7.525234900503369317e+02 7.687255598899389497e+02 7.530466190886735376e+02 7.222036492195392157e+02 7.348776581476245155e+02 7.049521306924913233e+02 6.502988067501477190e+02 5.834545599597045111e+02 5.287293187046940375e+02 4.791138363809614020e+02 4.419252987935157648e+02 4.095069750427770146e+02 3.753040856867152684e+02
-2.229181703625709998e-03 5.614632448385434316e+01 1.208045606443352114e+02 1.913077792266066979e+02 2.592628906662140480e+02 3.119889671040738790e+02 3.532641057563028539e+02 3.796089872801612159e+02 4.012672727066697576e+02 4.255515821235919702e+02 4.572437515760195197e+02 4.930086465989288627e+02 5.100202150230097118e+02 5.113263848974593202e+02 4.862550099099480008e+02 5.018183864604941959e+02 5.402121428062988571e+02 5.547697733871016226e+02 5.675326032384258497e+02 5.902095751754646926e+02 6.210989323142152898e+02 6.572226916049555712e+02 6.968383030498837343e+02 7.340060465731542081e+02 7.520653685320839941e+02 7.337642051788135404e+02 6.916502162529668567e+02 6.521508063282581134e+02 6.935494822086311615e+02 7.118825803980832916e+02 6.902865729716933174e+02 6.466665358393445331e+02 5.909178698140108281e+02 5.475293511786284171e+02 5.109448675279163012e+02 4.770165701237879716e+02 4.442861595178049470e+02
-6.136218851422298691e-03 6.073816775762654174e+01 1.245328184184933349e+02 1.852738451105534807e+02 2.254289352432637656e+02 2.650057869016841323e+02 3.059285653605909943e+02 3.152689294675905671e+02 3.362608943761202909e+02 3.666618398870761553e+02 4.223508876430678924e+02 4.835741511985086731e+02 5.346162414642493559e+02 5.527204077243209213e+02 5.483971338758058209e+02 5.559944237967627032e+02 5.721533358921592480e+02 5.753624370508902075e+02 5.683769746695996901e+02 5.784673156847483142e+02 6.070198331653883770e+02 6.433674085089876371e+02 6.816593296836215359e+02 7.055993631686667413e+02 7.135373876569334470e+02 6.785360206403221355e+02 6.340449673326817219e+02 5.873763434394528531e+02 6.368905156415956981e+02 6.854575002794621241e+02 7.085000938167763707e+02 6.882234903284951315e+02 6.488885136002821810e+02 6.084729865967884734e+02 5.707115711216780483e+02 5.360752927778179355e+02 5.061299813859485539e+02
-5.699245925908344272e-03 6.919232884773124681e+01 1.150005436615299175e+02 1.400952687590102244e+02 1.714386428921025072e+02 2.102726833979295975e+02 2.475323965879575212e+02 2.453617310812420556e+02 2.879895977656960895e+02 3.457549953193086480e+02 4.077315920302232257e+02 4.710973946064883080e+02 5.221368703374680535e+02 5.351795421895567415e+02 5.385800470516619498e+02 5.304013199458395320e+02 5.396697402771948191e+02 5.327812035410314593e+02 5.004798933567816448e+02 5.052680240477750431e+02 5.414335586415450052e+02 5.852008108487514164e+02 6.325390676826311847e+02 6.395861887092688676e+02 6.549724020221866567e+02 6.300632749948396167e+02 5.796742441760353586e+02 5.327621217961894899e+02 5.860444687618562511e+02 6.386469076788490611e+02 6.909567086972818970e+02 6.945487399801169204e+02 6.566897286125888513e+02 6.116439175395032635e+02 5.687195587293634844e+02 5.296137428173782382e+02 4.942495915612081490e+02
