output/field_example_test_lateral/elevation_000013.asc
nrows	150
cellsize	66.66666667
xllcorner	0
ncols	150
yllcorner	0
NODATA_value	-9999
[rows 17 to 33 of 150, columns 111 to 147 of 150]
8.843506626113311313e+02 8.265704462003994877e+02 7.790429062318761453e+02 7.370814292688055502e+02 7.006431166599247717e+02 6.521333712493646999e+02 6.054400371792052056e+02 5.583138912174986217e+02 4.885563186227101369e+02 4.734266351543356564e+02 5.361554466797117584e+02 5.896575123633901967e+02 6.463293805550270008e+02 7.028260325718910053e+02 7.558330910346134033e+02 8.057388825112085442e+02 8.462637304943808658e+02 8.538515539245269110e+02 8.287221154994286962e+02 7.898831567380599381e+02 8.061584866730867134e+02 7.929599687349700616e+02 7.535529871027376885e+02 7.003164551167512855e+02 6.352600956220043145e+02 5.718286048890204256e+02 5.185114539645594505e+02 5.722578715001857290e+02 5.810307580926694300e+02 5.440375520080742717e+02 5.968072572183688180e+02 6.364432999550267596e+02 6.682568369041039205e+02 6.998092036987077336e+02 7.336869780879088694e+02 7.723523081774061438e+02 8.188340970236407657e+02
9.252070907175307184e+02 8.808935343071128727e+02 8.273293852045578660e+02 7.699357106069012389e+02 7.155529112759982127e+02 6.641110631452423831e+02 6.167921257442684464e+02 5.720462934524838374e+02 5.224747774403286940e+02 4.601900585697412680e+02 5.309593575195596031e+02 5.834439364726679287e+02 6.470177955102367378e+02 7.130005179097689734e+02 7.703533064448893128e+02 8.165298503807260886e+02 8.335340505501520738e+02 8.085833599075747316e+02 7.583889706838687061e+02 7.124229839079451949e+02 7.508927779740876076e+02 7.496509441094791555e+02 7.088502829552271578e+02 6.674599953791379221e+02 6.061174263619856220e+02 4.929487142381249782e+02 5.339815067023971551e+02 5.101892016885799990e+02 5.237181317284029092e+02 5.868605053994169793e+02 6.405962936166895361e+02 6.886914181144212534e+02 7.281175805351360850e+02 7.628190222081072989e+02 7.971368572462147313e+02 8.336900251688941808e+02 8.742262216664817061e+02
9.373997022237795136e+02 8.931887171630768307e+02 8.187846122666456949e+02 7.446209101926976928e+02 6.771364708269439916e+02 6.197133756462534393e+02 5.690697701677852365e+02 5.226399440075518896e+02 5.063543827287654722e+02 4.495344497454335055e+02 5.024234428841019167e+02 5.720036735759134672e+02 6.389478903278222788e+02 6.877947210533147882e+02 7.378030232055195938e+02 7.911820278592691693e+02 7.966024473425476344e+02 7.489689064321612477e+02 6.960792732052022984e+02 6.435934052748648355e+02 6.902525770760538535e+02 6.825159749076871094e+02 6.550514457425981618e+02 6.008119665445262854e+02 5.704242941794060471e+02 5.320178663601534481e+02 4.929487142314583252e+02 5.388765548985085161e+02 5.798338885504022073e+02 6.298999739108278391e+02 6.863018149830195398e+02 7.358867028587729919e+02 7.779485781154446613e+02 8.151165610887717321e+02 8.508388345522816962e+02 8.871562022398916270e+02 9.249234961903927115e+02
9.206768456523549276e+02 8.884023445639214742e+02 8.108745932069064111e+02 7.340186550529081160e+02 6.673862602206547763e+02 6.099763597843744947e+02 5.575545842018068470e+02 5.064125408072514460e+02 4.612080195280620387e+02 4.400736442222195137e+02 5.018805822598233704e+02 5.652755021801496014e+02 6.054370872912609229e+02 6.420811883554368933e+02 7.027703460456646098e+02 7.618373055585029761e+02 7.588047631685309398e+02 7.012365650672677475e+02 6.386991021695699828e+02 5.873554566044666672e+02 6.321406014672620586e+02 6.111084847190666096e+02 5.876253645303936537e+02 5.254310596189342277e+02 5.247444793751384395e+02 4.795670804930192617e+02 5.287460893871336793e+02 4.929487142381249782e+02 5.683110223473913720e+02 6.280900357292853187e+02 6.927972480346882094e+02 7.412129067827760309e+02 7.777861370559110128e+02 8.113994486979673866e+02 8.470022667245107186e+02 8.838067576832880832e+02 9.216439613326061817e+02
9.066363266066766755e+02 8.865850904151965324e+02 8.085169045149475551e+02 7.317298718711704169e+02 6.660935128382827770e+02 6.100744878128807613e+02 5.602937444012314927e+02 5.149820304360059708e+02 4.908633407793823835e+02 4.321395639858795334e+02 4.823706188138420430e+02 5.315483946442468550e+02 5.672126094521510140e+02 6.247572639358320430e+02 6.867654991302230201e+02 7.391631982143215964e+02 7.248818386857675478e+02 6.608279142116884941e+02 5.952775271208408867e+02 5.421520484500681505e+02 5.756352683777307675e+02 5.423835540928741921e+02 5.203981892545642722e+02 4.555381378370574907e+02 4.646048254427238930e+02 5.257687395969539921e+02 4.795670804996859147e+02 5.683465427084000794e+02 5.301638927545443494e+02 6.067023441005785571e+02 6.544321224631564746e+02 6.975458724378631814e+02 7.194691620103815239e+02 7.567542201563773006e+02 7.930444294357587296e+02 8.317812823789145114e+02 8.679033728801819052e+02
9.164035623601387215e+02 9.022394005996319493e+02 8.464547838416863215e+02 7.814379515928652609e+02 7.196823514246885907e+02 6.639678085074361888e+02 6.122517692784185783e+02 5.557398273655879848e+02 4.895837747011020724e+02 4.235897723909774868e+02 4.846732605678042773e+02 5.089491826147138340e+02 5.531839271651233503e+02 6.115345584886350707e+02 6.730394184734484497e+02 7.181311896639767838e+02 6.939124987971744076e+02 6.241921239963978678e+02 5.577997497323224252e+02 5.066113092703861867e+02 5.188412709639574132e+02 5.059133258892005642e+02 4.421188482961778163e+02 4.858220203676075357e+02 4.671707530941166624e+02 5.644382000952589351e+02 6.175929310110540200e+02 6.294007093681442484e+02 5.996465948856669002e+02 5.616951463653289238e+02 5.913313046242914197e+02 6.242548969339853784e+02 6.589237869652696418e+02 6.957321575551538899e+02 7.346842200491042831e+02 7.846163923145155650e+02 8.480727357929580421e+02
9.087016139839153084e+02 9.038176337430827516e+02 8.561317185357793278e+02 7.898094558421715874e+02 7.229151497102693611e+02 6.622890953728754084e+02 6.091007459377366331e+02 5.453089675393163134e+02 4.769241869812793766e+02 4.145060850622243720e+02 4.670858942769498299e+02 4.768427741523348118e+02 5.390348229899974513e+02 6.045636831970900857e+02 6.666211376043719383e+02 6.903356963950952832e+02 6.620295686814371265e+02 6.115609116558333653e+02 5.592482115712025461e+02 5.136837258197167557e+02 4.665289787668638724e+02 4.722484265492390705e+02 4.327240085245798014e+02 5.007598641746270118e+02 5.362526677669770834e+02 5.981704862624741281e+02 6.484296646856452071e+02 6.742790003337598819e+02 6.581583652231424821e+02 5.975957570418502200e+02 6.501800196309046669e+02 6.842061412584782829e+02 7.202523096438916355e+02 7.563554122546480585e+02 7.941832896141356741e+02 7.993721220150328008e+02 8.515925913471882041e+02
8.642107199292246378e+02 8.762984414827336650e+02 8.279278168444541279e+02 7.490685960459161379e+02 6.713803038087120285e+02 6.039855146184752357e+02 5.473128313802113780e+02 5.249659823382534114e+02 4.720565881185509056e+02 4.059084338420634595e+02 4.306902470989177232e+02 4.786108245086870738e+02 5.351533384849933555e+02 5.969398075291912846e+02 6.517901934626798948e+02 6.553471312401054547e+02 6.127067291884111455e+02 5.673435089712638728e+02 5.230124995929492115e+02 4.838574935319849146e+02 4.602844861109568342e+02 4.330804794206160864e+02 4.252750242500092668e+02 5.023345446712721696e+02 5.513675029550925046e+02 5.995357315778695693e+02 6.411359987995646179e+02 6.813021954891561336e+02 6.964832440576714134e+02 6.804360248394103792e+02 6.519618079686064220e+02 7.169387426527686102e+02 7.673272546857059524e+02 8.095448228150094110e+02 8.455889224086420199e+02 8.618545902512132670e+02 8.946976205151286194e+02
8.122278226234186604e+02 8.440632480757271878e+02 8.283022067268815363e+02 7.586926820410134269e+02 6.754508030334673094e+02 5.989887885957707567e+02 5.321168286289134812e+02 4.728710194017912727e+02 4.304929391852963931e+02 3.983969837152953346e+02 4.485124811866646155e+02 4.906199057892501401e+02 5.284768030466448181e+02 5.860167852002016389e+02 6.311577862426662477e+02 6.189799680156999102e+02 5.693105285324317038e+02 5.204494110403569493e+02 4.831801897704899034e+02 4.510236233812626097e+02 4.102165011792112637e+02 4.159034388023555380e+02 4.503295105641752230e+02 4.495278420331983398e+02 5.142800656228365597e+02 5.437221617316981792e+02 5.901211108121784719e+02 6.574482819692196927e+02 7.098656078915987564e+02 7.334718814402285716e+02 7.268894734697453259e+02 7.063473445890883795e+02 7.669700932943284215e+02 8.238562872242277990e+02 8.710413184605943115e+02 9.125144942853828525e+02 9.515381068152798889e+02
7.644989554571105828e+02 8.186758593126489814e+02 8.227649371710192554e+02 7.747181633776734770e+02 7.094442152112388840e+02 6.452165079924407110e+02 5.872380202883666698e+02 5.336056991231599795e+02 4.695537389433642943e+02 3.913673289605186483e+02 4.249577756478917081e+02 4.504000022403415642e+02 5.119406443170866510e+02 5.722941671946873612e+02 5.933552003984242447e+02 5.719359019025210955e+02 5.288959473134892733e+02 4.758679009726948266e+02 4.377672888962711681e+02 4.005399844669031495e+02 4.557332982391415612e+02 4.616705803979396023e+02 5.069328765859952455e+02 5.156955776489731988e+02 4.722300908164543216e+02 4.722300908231209746e+02 5.412007997343376928e+02 6.174692750534541119e+02 6.950492252178302124e+02 7.469834613165255632e+02 7.715127256810043264e+02 7.697325768257128402e+02 7.545630666999305731e+02 7.974002378721016839e+02 8.455163007624931879e+02 8.992760052723843955e+02 9.644912916617718111e+02
7.520539213120833892e+02 8.034811483727540917e+02 8.018279754597660940e+02 7.442793092139697819e+02 6.894296518173417780e+02 6.376012376210057937e+02 5.931065894341896865e+02 5.493878212521217392e+02 4.856828049394647451e+02 4.342116933492291082e+02 3.777482178321067181e+02 4.306690914984671963e+02 4.881833478760469802e+02 5.402823378983435987e+02 5.401766522988433508e+02 4.953399440876870585e+02 4.751611050592413790e+02 4.365524875515775420e+02 3.895173141632653255e+02 4.476631644254431990e+02 4.960993078002432526e+02 5.272248059323147800e+02 5.690206216978314160e+02 5.756380097255140527e+02 5.374346222458420925e+02 4.901231077637432918e+02 5.563313310295374094e+02 6.170859568959203898e+02 6.664638971761322637e+02 7.195920186621274297e+02 7.618085910766517372e+02 7.937151184583125314e+02 7.921856505033949816e+02 8.428681344574956711e+02 8.890574578937394108e+02 9.373149375630657687e+02 9.808551124321796806e+02
7.458014835388319170e+02 7.962753860213080088e+02 7.839426960459375096e+02 7.126210948497296158e+02 6.404136129931354162e+02 5.820524406179799826e+02 5.330161662899459998e+02 5.220623815471486751e+02 4.837871241835101728e+02 4.424505356684312574e+02 4.028575474596867707e+02 3.632436067238326132e+02 4.409681486072996677e+02 4.962008804049392552e+02 4.806156908807668060e+02 4.288510850667662453e+02 3.724162284195105599e+02 3.787111353836742182e+02 4.232646065330444003e+02 4.556008821232468904e+02 5.079093843311082992e+02 5.697173578013549786e+02 6.189981670480676712e+02 6.296498236634538443e+02 5.906536826850809803e+02 5.637567335728437001e+02 5.190173807475051717e+02 5.755867339697239231e+02 6.130691321071576567e+02 6.583805167203429392e+02 7.143250352283337179e+02 7.803176687912753096e+02 8.279729961429468403e+02 8.492812251774245169e+02 8.918715953936994083e+02 9.394472963084600678e+02 9.916717574723701318e+02
7.471465633970068438e+02 8.017384825154866803e+02 7.840274098757258798e+02 7.158365134974312696e+02 6.430284398649175728e+02 5.766852780494645003e+02 5.155129028050023408e+02 4.676885727317555279e+02 4.319309386064968521e+02 4.014001730477025944e+02 3.750869276451405199e+02 3.531413411781226159e+02 4.187922558515094238e+02 4.392925535691873051e+02 4.207163354562717927e+02 3.620199770583103600e+02 3.858434033175054765e+02 4.184315883900647464e+02 4.131188649604655438e+02 4.593725675008623170e+02 5.107657654036863732e+02 5.729849049786350861e+02 6.384688759503141000e+02 6.726437853474886879e+02 6.582670170505284659e+02 6.082797423384641888e+02 5.918959590259686365e+02 5.428665238017532602e+02 5.428665238084199700e+02 5.989453206593501591e+02 6.643561962614527374e+02 7.403208524566082360e+02 8.212348234817987986e+02 8.887421577041070577e+02 9.375219297990149698e+02 9.824155057309266112e+02 1.028781660606249034e+03
7.817984541780376730e+02 8.130800903273325275e+02 7.867731521768937455e+02 7.247527524250372153e+02 6.594126401318885655e+02 5.981715041030565772e+02 5.621605846232031354e+02 5.232266979346071594e+02 4.858647051629602629e+02 4.516504938725033185e+02 4.042105166503821465e+02 3.459786096981440551e+02 3.881322423894903864e+02 3.405015696099428624e+02 3.512669484791433661e+02 4.021210833369233342e+02 3.941051846334210609e+02 4.527112149400540488e+02 4.662346387010584294e+02 4.530324887458165790e+02 5.033133161894188561e+02 5.634460685043305830e+02 6.324485644951405448e+02 6.941284147525773278e+02 7.063322056456827340e+02 6.729733036272002664e+02 6.501366383426889115e+02 5.998883433599927457e+02 5.593472578788091596e+02 6.222920720449866394e+02 6.774547943396642040e+02 7.488117938586410673e+02 8.244071408751390209e+02 8.845925513909409119e+02 9.310643825755564649e+02 9.730864031098742544e+02 1.014842494226781582e+03
8.006659443725997107e+02 8.014131701616746568e+02 7.676176693341627697e+02 7.232988192067056161e+02 6.792667747202540340e+02 6.389378150689943823e+02 6.038151766185605993e+02 5.669299564235728894e+02 5.192698859297264562e+02 4.570513523074273508e+02 4.000506131932701237e+02 3.690337973285029420e+02 3.339700161279916415e+02 3.405015696032762094e+02 3.732383270484968989e+02 4.287884256189041139e+02 4.470871435361812019e+02 4.885546252393788222e+02 5.217188788580756409e+02 5.098040954160998695e+02 4.995706740361410994e+02 5.580759971030306588e+02 6.269204314854935092e+02 7.005666195457678214e+02 7.467786755832672725e+02 7.377497533979645823e+02 6.933375878534568528e+02 6.392207174988925544e+02 5.854161204773058671e+02 5.917541410708020067e+02 6.695770223121899107e+02 7.363565348899298897e+02 7.877753676189662428e+02 8.346656648975022108e+02 8.745577751284779424e+02 9.138289268041736477e+02 9.561173374832865193e+02
7.966152357866041029e+02 7.664314850636849314e+02 7.127213376710574266e+02 6.673150943582963919e+02 6.307154698707195166e+02 6.067293341951441334e+02 5.849842273126067766e+02 5.607681692208271897e+02 5.170787871837763987e+02 4.592515770290801811e+02 3.971950305317703283e+02 3.339700161213249885e+02 3.655127703342411110e+02 3.971559619871948144e+02 4.303445740027893294e+02 4.300984148804689084e+02 4.762979751390468550e+02 5.218414666006671041e+02 5.679624044017715505e+02 5.726773339383482835e+02 5.653471371032336492e+02 5.499678222543121819e+02 6.106245657222609680e+02 6.879801522027059946e+02 7.632625701840547663e+02 7.782854925851387407e+02 7.310470944135767013e+02 6.710504641280404030e+02 6.160354582930574452e+02 6.464134020030894590e+02 6.287292450196241589e+02 6.903177929394616967e+02 7.386223561743879600e+02 7.738627736461037330e+02 8.091689179115644492e+02 8.490729192520657307e+02 8.968658855660452218e+02
7.733175828413675390e+02 7.155893450773487530e+02 6.582864654341218511e+02 6.033540946129717213e+02 5.634163574099537755e+02 5.318182150149082190e+02 5.200153637940505860e+02 5.188872955091342192e+02 4.788318265215550014e+02 4.255549882406102142e+02 3.637527298205332613e+02 3.288492820877011695e+02 3.571861178233258443e+02 4.298220755058677014e+02 4.747641429804710356e+02 4.774935932443113416e+02 5.085026718550863620e+02 5.527119130551309354e+02 6.025313391654552788e+02 6.371424921304306963e+02 6.341981068577698579e+02 5.932932553298003313e+02 6.485506724097086817e+02 7.213774215396123282e+02 7.944102845353521616e+02 8.146086855394692066e+02 7.657202061901466550e+02 7.041196128447185174e+02 6.513353962379794666e+02 6.982847516933915131e+02 6.976975935932636048e+02 6.614668282724109076e+02 6.853886801455533941e+02 7.148146795535383262e+02 7.506162002492465035e+02 7.951222574037898312e+02 8.521362436948646746e+02
