output/field_example_test_lateral/elevation_000095.asc
nrows	150
cellsize	66.66666667
xllcorner	0
ncols	150
yllcorner	0
NODATA_value	-9999
[rows 34 to 50 of 150, columns 0 to 36 of 150]
7.121775659861302862e-04 6.791585301039761191e+01 1.129964901505185821e+02 1.382878705999155216e+02 1.382983251500480151e+02 1.453525914859943668e+02 1.434421115551850789e+02 1.360311236722965020e+02 1.580107884556141187e+02 1.188576108299229475e+02 1.721162063033528113e+02 1.742770957176653326e+02 1.742328796403160993e+02 1.388046621159508618e+02 1.795310175998222917e+02 2.216510080742554010e+02 2.212251674309061116e+02 2.358465970171345134e+02 2.330937505777208969e+02 1.773737746256455807e+02 2.079809125164225350e+02 2.524772017796277339e+02 2.658655784823829435e+02 2.685530132362463291e+02 2.741021453295022638e+02 2.704187769175254061e+02 2.156876157513000578e+02 2.826138795726674857e+02 3.238188117355391000e+02 3.308891899029218848e+02 3.326088070686836886e+02 3.447277284021332662e+02 3.295928779260799502e+02 2.951318779882117269e+02 3.246805914382767924e+02 3.204656720594845751e+02 3.511966270713274980e+02
8.690999111148535342e-05 5.185502084708510750e+01 6.696127800442847899e+01 7.816269502932105695e+01 7.453547986794264091e+01 9.566140902789757661e+01 4.214647001869646203e+01 8.644263363848342863e+01 1.071525425493161521e+02 8.363612393835629177e+01 1.210611762229774371e+02 1.031318480845338854e+02 1.160518476094859892e+02 1.293813269634500500e+02 1.064552565817002687e+02 1.542372693403312951e+02 1.177559148503122941e+02 1.729779631390755128e+02 1.865956102356195743e+02 1.766031449030272427e+02 1.487479446761877568e+02 1.951559717672912200e+02 1.985933600236583914e+02 2.026336057527663570e+02 2.104334709530199632e+02 2.220789561473274034e+02 1.894852232133625023e+02 2.363739177020465831e+02 2.631352433009776632e+02 2.624740255050973019e+02 2.678501972200598402e+02 2.862709258742248721e+02 2.568087021284655975e+02 2.898444633765454341e+02 2.822313770120630352e+02 3.560439951233727811e+02 4.135375300071494280e+02
1.037417951141603092e-03 5.878626275602942819e+00 1.240955497377046157e+01 1.902692443707679359e+01 2.527239791712525729e+01 3.137407102358835687e+01 3.712664034192926721e+01 4.347528825100719274e+01 4.954245347254232001e+01 5.468585907713846694e+01 6.103039756081594192e+01 6.756160112441506271e+01 7.316677514230845247e+01 7.922409449211619403e+01 7.922409449878286125e+01 8.730519751369322989e+01 9.612088596020204534e+01 1.061960131172694162e+02 1.154188475777475134e+02 1.230123174376521007e+02 1.285623787668955060e+02 1.285623787735621590e+02 1.359065564069748291e+02 1.440127022500968792e+02 1.525031806517515065e+02 1.602736808179923855e+02 1.677000331420015584e+02 1.776242104262718726e+02 1.874722231246734054e+02 1.979764585821495189e+02 2.090172982212122861e+02 2.200739881463200334e+02 2.300060307784340523e+02 2.454435684810632949e+02 3.039236498978197574e+02 3.649876218228724838e+02 4.243627866718971973e+02
9.583065128124913876e-04 5.424109925950632771e+01 8.012790023585471033e+01 8.570645261816973459e+01 8.583345496626552062e+01 7.018875064988250756e+01 9.405227962521324514e+01 9.173546161984809544e+01 8.878582124629429018e+01 8.747127744656403081e+01 6.345867747432771466e+01 1.298230441395263881e+02 1.080116019749224563e+02 1.248040314157800594e+02 1.473782172981632357e+02 1.297535834498644078e+02 1.630686205154682114e+02 1.715341505897031595e+02 1.730105106478769983e+02 1.660991894676859033e+02 1.510167375984106286e+02 1.703276956928137622e+02 1.540383491703106245e+02 1.888682077271056698e+02 2.047280948482910503e+02 1.811376592971667208e+02 2.097527128453749299e+02 2.396387190957917426e+02 2.268391886610413053e+02 2.567965212562231727e+02 2.837035136929917485e+02 2.852246971225122252e+02 2.976255580551724051e+02 2.452451208379626166e+02 2.616866817308327882e+02 3.299176990162755487e+02 3.868116873016023760e+02
6.724052898605182074e-05 6.279541395273573556e+01 1.201091838147348341e+02 1.487033375893280720e+02 1.495707217926625390e+02 1.350206428980019098e+02 1.445447370327715646e+02 1.458735718504521515e+02 1.342905198534718920e+02 1.350808178686791337e+02 1.531268499925513424e+02 1.664799486089255254e+02 1.545879771832658491e+02 1.932118719597629592e+02 1.914540105527573246e+02 1.834022527861419007e+02 1.939480710101904606e+02 2.333776033212935772e+02 2.326044137309025075e+02 1.978040483680497630e+02 1.992528612120313483e+02 2.087264669910899215e+02 2.066355003196219400e+02 2.493441401576849898e+02 2.411217855781135597e+02 2.329742518430890925e+02 2.356555086592315149e+02 2.862933307308691724e+02 2.926927931832208287e+02 2.890425932236263407e+02 3.425446787843854963e+02 3.519682531669192826e+02 3.544561806102252604e+02 3.053378047559000947e+02 3.232297413844642620e+02 2.880289700763666474e+02 3.465509152248231999e+02
5.271809323556161378e-04 5.961949522254327860e+01 1.239882207064676010e+02 1.827560834497408280e+02 2.113072972399057790e+02 2.098039036077526873e+02 2.144134038985768598e+02 2.126120028045159245e+02 1.908070924140266982e+02 1.950624077192690038e+02 2.091974994396859984e+02 2.169384622548942048e+02 2.086362667823247818e+02 2.525123004901743400e+02 2.459391692995347967e+02 2.407477609322427838e+02 2.455123933792079356e+02 2.911099236333111548e+02 2.915298521363139344e+02 2.452893494888789974e+02 2.540716604215271843e+02 2.588007934589356864e+02 2.620320976540547235e+02 3.038424718096347874e+02 2.923739812757116283e+02 2.893961235805799674e+02 2.906896737900504490e+02 3.066019868164727882e+02 3.524323469923393759e+02 3.384568630516283747e+02 3.874014945542275541e+02 4.153038998025660362e+02 3.995546579200676547e+02 3.540022584088206941e+02 3.657112977876716968e+02 3.383393975451687652e+02 3.112653615209089821e+02
6.341017935509080149e-04 5.620028512465033543e+01 1.192000760977024072e+02 1.836056781939496148e+02 2.396130094653926221e+02 2.719654257760300311e+02 2.887425505888666066e+02 2.891086200022177763e+02 2.590021103292105522e+02 2.631883143741964091e+02 2.722681084989392275e+02 2.766355769303686429e+02 2.717002915579666933e+02 3.134715137581614499e+02 3.086059165852551018e+02 3.054117438984376918e+02 3.075855211987800431e+02 3.491439200926392914e+02 3.500381078566674660e+02 3.028584444446833004e+02 3.115293782126298083e+02 3.150649819139423471e+02 3.222562072466544123e+02 3.415310776661485193e+02 3.462078506272539471e+02 3.464102820896702610e+02 3.484630964354686853e+02 3.585593381379485436e+02 4.057585624956345214e+02 3.950840677003129713e+02 4.477789429906057990e+02 4.662050097687838388e+02 4.199426193239291365e+02 4.180128988597124362e+02 3.787693894199141482e+02 3.112653615275756351e+02 3.577911743530198123e+02
2.963495960579561983e-04 6.444146051197029124e+01 1.270519969830510405e+02 1.806364365547955799e+02 2.241542445735577189e+02 2.826467962350527614e+02 3.347117627761533640e+02 3.527394065254828774e+02 3.370405833280777870e+02 3.382774548721849328e+02 3.437639876704392350e+02 3.470539215935196466e+02 3.459479091225838374e+02 3.796402662340091752e+02 3.791908874742796911e+02 3.791204573521063708e+02 3.850302906764309796e+02 4.059020445983855438e+02 4.101144004250811577e+02 3.684319548454960227e+02 3.752437579800895833e+02 3.792943769661891906e+02 3.873256753570809678e+02 4.017525634952888254e+02 4.079424452855071195e+02 4.100072834871371583e+02 4.131691774469076677e+02 4.202931666313927508e+02 4.655609791165446154e+02 4.602318932538618697e+02 5.049161492704770922e+02 5.136872224051154490e+02 4.672883750479167588e+02 4.670806372408387119e+02 4.120278254883685918e+02 3.477489959298067106e+02 3.920938888679785350e+02
3.729900226939581679e-04 6.176072528044063148e+01 9.031939499385957504e+01 1.373688166666456425e+02 2.022665548857600299e+02 2.707958523847773336e+02 3.389487824610836810e+02 3.924513608826039217e+02 4.041240549597396807e+02 4.103024085875475180e+02 4.151796427194436774e+02 4.197552463804165086e+02 4.253117888679274188e+02 4.424162582913243114e+02 4.473975163320169486e+02 4.518148599929790521e+02 4.605136019401529666e+02 4.750067033981761142e+02 4.731340870011542847e+02 4.424447850672812024e+02 4.477318199509505803e+02 4.528381765057922621e+02 4.612511188238042337e+02 4.726777270947095531e+02 4.792770758313569672e+02 4.827078810183423911e+02 4.869908992984900351e+02 4.939179127119156760e+02 5.327054994684359599e+02 5.389353171625834875e+02 5.608373150987337112e+02 5.660875483667558683e+02 5.209033798035918608e+02 5.143211040487848322e+02 4.529707806714899334e+02 4.287380319386475094e+02 3.986071912495229412e+02
7.474223959858894515e-04 3.543621772493088429e+01 1.017974764253789033e+02 1.688778612913866084e+02 2.179052284217904401e+02 2.818445902800761473e+02 3.468515405909378160e+02 4.008562939273259076e+02 4.242692252303668283e+02 4.402581600773618220e+02 4.436371892441470663e+02 4.502094540594500813e+02 4.608741491159181578e+02 4.692251316876495366e+02 4.692582000016637380e+02 4.808005536742296044e+02 4.949895071185771940e+02 5.145746419873180457e+02 5.225420702179205819e+02 5.156026963355674297e+02 5.193683839074245725e+02 5.258986458555200443e+02 5.355469890292642958e+02 5.446479282048180721e+02 5.499105134614779899e+02 5.531717940374562659e+02 5.582999024767877927e+02 5.691164943809396846e+02 5.940594407828098156e+02 6.124113398262325063e+02 6.295550940007253757e+02 6.237231088230217892e+02 5.832430964517859593e+02 5.717993877182069582e+02 5.247400221103702052e+02 4.828435313830447058e+02 4.389893995054918037e+02
1.003401931288566782e-03 4.632291742083268815e+01 1.025117553189081860e+02 1.672016272696388057e+02 2.349092459925787750e+02 3.012210768248249337e+02 3.476720188137534819e+02 3.698861005289492141e+02 3.769765989521398524e+02 4.034200178643368417e+02 3.931272415629652528e+02 3.998737338121541711e+02 4.159860023742373301e+02 4.249199281971514210e+02 4.158702486489334547e+02 4.341158731147800154e+02 4.493573821398892960e+02 4.900888124456616879e+02 5.220816310734595618e+02 5.355617806770178504e+02 5.431782898531899946e+02 5.527141678851609186e+02 5.682822262014824446e+02 5.734036228464235592e+02 5.725843624061309356e+02 5.713666877990829107e+02 5.743069709087419596e+02 5.859545766269842488e+02 6.114265581477915248e+02 6.415443879050671967e+02 6.704900191084436756e+02 6.741850070922080249e+02 6.521031818005126297e+02 6.354774473779730215e+02 5.865877978898689662e+02 5.360850738251125449e+02 4.894818341817467626e+02
5.215015373671257927e-04 5.255506593521289460e+01 1.127210011582928360e+02 1.795243169835605102e+02 2.455679155321046210e+02 2.894083731827891484e+02 2.994085458359083418e+02 3.070277915342667256e+02 3.185063236060742611e+02 3.454977306165919231e+02 3.212493543991964771e+02 3.305031597403833530e+02 3.551404357057414245e+02 3.751108921937067748e+02 3.448371558205661813e+02 3.836660719209256172e+02 3.903913557967122188e+02 4.379176483266649598e+02 4.847335913791121698e+02 4.869424995238238694e+02 4.923632032316518234e+02 5.009738732509243277e+02 5.311396007971537756e+02 5.252605612459577742e+02 5.194462263298908056e+02 5.155198786135613318e+02 5.163645926882195454e+02 5.264103214349180462e+02 5.620256909209085734e+02 6.038577790520100734e+02 6.554866507785674230e+02 6.954206738792015585e+02 7.088116473428669906e+02 6.917928273724630799e+02 6.461960089937037992e+02 6.031699985213431319e+02 5.605461756614167825e+02
5.362004194064120752e-04 5.877860339820332314e+01 1.227450571076435182e+02 1.852398824752240500e+02 2.304221330720336596e+02 2.405608813285689678e+02 2.390129055370688604e+02 2.406380447738033013e+02 2.848174714938612055e+02 2.883517894782713711e+02 2.473086753830954478e+02 2.625452663477635724e+02 3.146012836080762440e+02 3.251999191179682498e+02 2.887021144335829490e+02 3.280019645242272190e+02 3.355103870552061380e+02 3.993661172122373273e+02 4.396228760673485567e+02 4.234827593359382263e+02 4.276401103020614300e+02 4.388505562054630786e+02 4.763899554016492175e+02 4.600237826894158957e+02 4.519247270512988734e+02 4.475134933291257084e+02 4.470742040153136259e+02 4.613826101040219214e+02 5.077259600728190776e+02 5.499696394284031840e+02 6.127841231945620848e+02 6.791831382657015865e+02 7.280085363444659379e+02 7.307511828601535626e+02 7.080057668598765304e+02 6.784527946887765211e+02 6.414729757492707449e+02
7.765128874837588270e-04 6.276104324759757702e+01 1.212929784769551844e+02 1.562165052168679722e+02 1.878126068758404585e+02 1.833040590134246202e+02 1.818495736441479096e+02 1.928296829548824292e+02 2.427315285171379173e+02 2.323934298460695231e+02 1.805458233367166372e+02 2.268965259956646605e+02 2.598189491847093109e+02 2.717232361925452437e+02 2.420060577929565682e+02 2.641156340752099254e+02 3.257668696106891275e+02 3.803261428081492568e+02 3.927138873377442678e+02 3.596291579037272186e+02 3.666201888117593626e+02 3.838447644894329187e+02 4.218505057885745941e+02 3.965516818107894323e+02 3.892741835852133363e+02 3.858989011061123051e+02 3.827347855036252895e+02 4.211444956734630409e+02 4.691263149990056718e+02 5.362873599191559606e+02 6.039206277747994136e+02 6.693677936827156145e+02 7.140744544418769237e+02 7.287162925867913827e+02 7.292570571747949089e+02 7.256294729186996619e+02 7.194636056146431429e+02
7.453121899500275314e-04 5.509769134879840635e+01 8.488048890506362909e+01 1.022474474786057357e+02 1.348168091827599824e+02 1.269137502914158091e+02 1.286005181946682399e+02 1.787015631094661785e+02 1.906757680587081154e+02 1.629295952656482314e+02 1.312668431360900740e+02 1.752163411703656379e+02 1.978035478053573968e+02 2.136697060629455223e+02 2.043854806014096255e+02 2.619666896010105006e+02 3.172160497193510764e+02 3.461799623962358510e+02 3.443526678336032774e+02 3.020410005365043276e+02 3.112916167558972802e+02 3.571937943466199386e+02 3.664077195249045076e+02 3.375055290994703796e+02 3.344600244997445202e+02 3.331444272184813826e+02 3.957095848199933812e+02 4.543907168853262988e+02 5.027600561546295239e+02 5.484369023649359178e+02 5.907519339778306176e+02 6.275682590175599671e+02 6.705622289241998715e+02 6.723197369254273781e+02 6.776919485055555015e+02 7.067937166923876475e+02 7.348025535977326399e+02
7.383993904984666136e-04 7.338048931699978183e+00 1.675176521032738464e+01 7.058333665049543981e+01 8.010646213741584631e+01 7.420994457622271057e+01 1.113789144760806664e+02 1.314989850513833858e+02 1.333089548172106902e+02 8.466508563316213554e+01 9.281326169549755889e+01 1.035221341786687361e+02 1.593298705597395610e+02 1.604768701612676409e+02 2.142905394857067165e+02 2.502259007473592760e+02 2.808416949323624863e+02 2.883057330981629320e+02 2.926310595592182153e+02 2.505934560216639113e+02 2.851065093489486344e+02 2.913262061793679436e+02 2.948228894382316412e+02 2.859812878732638524e+02 2.865000197712566887e+02 3.489049939388600023e+02 3.998525349160294695e+02 4.424670984901754309e+02 4.805772503227481138e+02 5.016392255879251252e+02 5.306058805750114971e+02 5.763481380945039518e+02 6.177931806847290090e+02 6.042201427970480836e+02 6.045833235380925998e+02 6.440451724614030127e+02 6.871555798236086048e+02
3.567392915062994737e-04 5.343858151594641015e+01 6.939009820543458318e+01 2.981676916575032266e+01 3.659972992201367958e+01 4.380364063207120040e+01 5.177347741562250860e+01 5.984459232284429220e+01 6.969491135581310459e+01 1.216017893231050522e+02 1.484373059329653870e+02 1.542852968036774826e+02 1.190788694662760463e+02 1.656502576369628628e+02 1.918729578889272886e+02 1.995333421228132806e+02 2.237876109894498597e+02 2.254246517673869619e+02 2.335885932124737110e+02 2.239812401555012400e+02 2.016720093825604749e+02 2.113151276375573104e+02 2.229131459149098760e+02 2.454844320147145993e+02 2.962435127822428171e+02 3.243531764577829222e+02 3.522261148373124229e+02 3.906006803890848005e+02 4.298827938359265772e+02 4.388437083895447017e+02 4.791196823482029004e+02 5.291028298202149927e+02 5.647879229889517774e+02 5.396219396233990437e+02 5.392288622090153467e+02 5.846548860188353274e+02 6.360366817217496873e+02
