output/field_example_test_lateral/elevation_000062.asc
nrows	150
cellsize	66.66666667
xllcorner	0
ncols	150
yllcorner	0
NODATA_value	-9999
[rows 119 to 135 of 150, columns 0 to 36 of 150]
6.025055614415440047e-04 5.791012769082340128e+01 1.204435028946018775e+02 1.807662028186011014e+02 2.214655087011072112e+02 2.432957019834753396e+02 2.481004661368365305e+02 2.602491752803219924e+02 2.962614429710802142e+02 2.878283693198164883e+02 2.894543274748868953e+02 2.947223992947283477e+02 3.280262093070111860e+02 3.652897191292357775e+02 4.131504110863622259e+02 4.736154227655524096e+02 5.185204724482945267e+02 5.298177947619653878e+02 4.991018603700691187e+02 4.456545106931758369e+02 3.947310547450658191e+02 3.448438166293575478e+02 3.083400039936875032e+02 2.759058153780794100e+02 3.253601684036397046e+02 3.271782591740451949e+02 3.957557534597816584e+02 4.603650714700759181e+02 4.573169635300129130e+02 3.957544597674267379e+02 3.315341487320458214e+02 3.667961930506302224e+02 3.566401880818335712e+02 3.045311803020387060e+02 3.138675968387146895e+02 3.650246563554730415e+02 4.196268073317345397e+02
1.027672979363799567e-03 4.850047819927596038e+01 1.036982447390563919e+02 1.647736260726049693e+02 2.275446494911714694e+02 2.849539515032097938e+02 3.142574948399112031e+02 3.241544421088992749e+02 3.567158301533683584e+02 3.553438591591044542e+02 3.572108085747124164e+02 3.614410012050717000e+02 3.976704436520430477e+02 4.266748111573334086e+02 4.575544781503049308e+02 4.925946127010708437e+02 5.095580736895202563e+02 4.963955553836273111e+02 4.463537516193852071e+02 3.948958531252251305e+02 3.416087858620173279e+02 2.943725694561820205e+02 2.529029188247004925e+02 2.425373469524975008e+02 2.691192658401876088e+02 3.297032701353241464e+02 3.957090895292417372e+02 4.508088699723620039e+02 4.367074424674394777e+02 3.660121003427248638e+02 2.952878291273381706e+02 3.067085853048581043e+02 2.993385217891246270e+02 2.665845273703779981e+02 3.296889054335117066e+02 3.847667473140994048e+02 4.399806088146384013e+02
7.943426433736947793e-04 4.488749671445663125e+01 9.634739990085667216e+01 1.550502580696450536e+02 2.206842945104781961e+02 2.898554075376946457e+02 3.510087187132024837e+02 3.839551842187181023e+02 4.053399975176570251e+02 4.126818610061136496e+02 4.160596257771175033e+02 4.191762330788367308e+02 4.332856748457525669e+02 4.403160644860990374e+02 4.454715170566375946e+02 4.639176474942404411e+02 4.580369841952531829e+02 4.525300628716130404e+02 4.003019505303615233e+02 3.433733404166828223e+02 2.973908185825947612e+02 2.521159655227386907e+02 2.048992923944630320e+02 2.194300484889091081e+02 2.740907930814101405e+02 3.352085491859540980e+02 3.987245914403640086e+02 4.465478832613004556e+02 4.324230530332006879e+02 3.708652696180092789e+02 3.049264118990364523e+02 2.450037204971747826e+02 2.259204151636081974e+02 2.749723987555855729e+02 2.987948586618706486e+02 3.485720059278494318e+02 4.071155207603999884e+02
6.077576988459919283e-04 4.942785530825171492e+01 1.040079525547556472e+02 1.639206379727705496e+02 2.298598699507810750e+02 2.986488810301582362e+02 3.581484369449178189e+02 3.966236135983372151e+02 4.050536819916616764e+02 4.090832421651522850e+02 4.116278893754417254e+02 4.009190235250634942e+02 4.008377850518977539e+02 3.864203125811619088e+02 3.754493339567346766e+02 4.036716281717954757e+02 3.930453185907453530e+02 4.049782005825102260e+02 3.590325218853755587e+02 3.005599352111813118e+02 2.511227702803278419e+02 2.164024281467014816e+02 1.786845262602521700e+02 2.282049078662550698e+02 2.858994787700135589e+02 3.482469957398133147e+02 4.044437534556777223e+02 4.296086028225472546e+02 4.219802347254494066e+02 3.718622582448273306e+02 3.124156911064072233e+02 2.628771034939425135e+02 1.999041404655101815e+02 2.353237267867974651e+02 2.910258231649646632e+02 3.511961910154698785e+02 4.149834935245675069e+02
8.934453430491992717e-04 6.439307685627032640e+01 1.198606895760645443e+02 1.722229663979490510e+02 2.259017091785340483e+02 2.700775997318533541e+02 3.301076770206415176e+02 3.608042770354432491e+02 3.468971102569171876e+02 3.477712616508384826e+02 3.567936461667844696e+02 3.290569022891471604e+02 3.336204063095210017e+02 3.200653241202988397e+02 3.032280814904727322e+02 3.392813011983714091e+02 3.265984283852093313e+02 3.527950986220429854e+02 3.225820864182197170e+02 2.641451057868120529e+02 2.102566914072485247e+02 1.705235306986734827e+02 1.596283165685872234e+02 2.258629737355372242e+02 2.928214072916527471e+02 3.514373043000371695e+02 3.784592935044352089e+02 3.772800413136548627e+02 3.833749570752492559e+02 3.605497755239891262e+02 3.021935670025551985e+02 2.343949025689371695e+02 1.809098265864405164e+02 2.333985533682293863e+02 2.927276777002888366e+02 3.567876810861015997e+02 4.149300465275987904e+02
7.297683629578630886e-04 3.550450807023726441e+01 7.895899723669801062e+01 1.286258054748644213e+02 1.850430138855305700e+02 2.555536900338055659e+02 3.090548130559260471e+02 3.114479786799854537e+02 2.757074338383676491e+02 2.772390846817202146e+02 2.930714657138931898e+02 2.581579692896660276e+02 2.702548133927772369e+02 2.603599270625670101e+02 2.386038790676246322e+02 2.789365952174267704e+02 2.622714272394360933e+02 3.022326544840175302e+02 2.950963496559851933e+02 2.349576717645040844e+02 1.756918264652426558e+02 1.306339217362184115e+02 1.925504470041155685e+02 2.447421789297212626e+02 3.004880894374421132e+02 3.268407371760691262e+02 3.206140661902009015e+02 3.106944753995453539e+02 3.207167769373392048e+02 3.245038656223842963e+02 2.932582802835143525e+02 2.304488099448174410e+02 1.643177643290848948e+02 2.246921770196603063e+02 2.906481549387168570e+02 3.540873399142645894e+02 3.837751153830832322e+02
7.490062246791534062e-04 6.732177490484554028e+01 1.244287074705096785e+02 1.740150391486924946e+02 2.182674122465958249e+02 2.576922596162054901e+02 2.703403217748122529e+02 2.583373057407513329e+02 2.103278040957499400e+02 2.114459733422234819e+02 2.321055954105198964e+02 1.945343011904029993e+02 2.160868471096273709e+02 2.244768987593542420e+02 1.796717949915588406e+02 2.244502231497447724e+02 2.041826344256462278e+02 2.519794656923851903e+02 2.600871873012056312e+02 2.307749734681243297e+02 1.726966265642191445e+02 1.131497962787968845e+02 1.828166477965525871e+02 2.393760838025269777e+02 2.731569321251339488e+02 2.714527784637306240e+02 2.562781176910289105e+02 2.451424582955771143e+02 2.552799795800561071e+02 2.647705746078033826e+02 2.583909647030562837e+02 2.143715879183182835e+02 1.476081894479698349e+02 2.107953186298940693e+02 2.772164056710611817e+02 3.289967362610493637e+02 3.239530543581803954e+02
8.434929797819746763e-04 6.064166223774531517e+01 1.220103020798774622e+02 1.760430028125124124e+02 2.021729949403389242e+02 2.145310010517047203e+02 2.039376057469563932e+02 2.009269137445256774e+02 1.491825353605171358e+02 1.503226691576946337e+02 1.730725489686131766e+02 1.341438870529142662e+02 1.815634363381684864e+02 1.808812547378781233e+02 1.303268611627914595e+02 1.744818691192436120e+02 1.526292874671954962e+02 1.990017282851019331e+02 2.015924417964022837e+02 1.942698389290545151e+02 1.020426178932011396e+02 9.521807174047918920e+01 1.522978583167216868e+02 2.074767767309823512e+02 2.158111292375288315e+02 2.087529960317462780e+02 1.962505034950758045e+02 1.863109701996282013e+02 1.967429145325180855e+02 2.037651484441245486e+02 2.055330867274747959e+02 1.681179751345524664e+02 1.315857668029625529e+02 2.034728452487276797e+02 2.637558512155723633e+02 2.850529807949143901e+02 2.590268047541203487e+02
1.429767699543175422e-04 6.187821826476798037e+01 1.094841805137752146e+02 1.391282267202154515e+02 1.418068306749507599e+02 1.478486781580951401e+02 1.314790923198075632e+02 1.409071885166316633e+02 8.960997861390906394e+01 9.066887522391753862e+01 1.107266465872419587e+02 7.973956828992687917e+01 1.276133343099452304e+02 1.262613491985592304e+02 8.778920187343142345e+01 1.264991342592221173e+02 1.078574837266091180e+02 1.473061675038917997e+02 1.421262660286646735e+02 1.367578855979685102e+02 1.208656105489401966e+02 7.994243351329507163e+01 1.366265683183494559e+02 1.654147708183196812e+02 1.519272231731028455e+02 1.439028497346302231e+02 1.387866844018751920e+02 1.347435191718230101e+02 1.449521677405688536e+02 1.493808891940641956e+02 1.533001660103498693e+02 1.071827676658004975e+02 1.640993999219725481e+02 2.075704279155370102e+02 2.226470019598480974e+02 2.278163571653502686e+02 1.977203688874356260e+02
5.250393224475372435e-04 3.708482161788265330e+01 2.113506370255211309e+01 7.934085740474937154e+01 7.379756191363671292e+01 8.797756301458817063e+01 6.464228732732949823e+01 8.055869804070562168e+01 4.067619478414789569e+01 2.378161744703533031e+01 6.000482643638624580e+01 3.397011188810664351e+01 6.424305812620698930e+01 6.709819714735731111e+01 5.304701235319268449e+01 7.710285471734293594e+01 6.732863584827141779e+01 9.560225393994655008e+01 9.398243755706930358e+01 7.908306257679970486e+01 5.651697896169955015e+01 8.094798058521965345e+01 1.031497941566429546e+02 1.108879483133670476e+02 9.420254683713834254e+01 8.240562379499216661e+01 6.539760068685947658e+01 9.398285928574588866e+01 6.722864502432318545e+01 1.065760449858925938e+02 1.099722434892156997e+02 8.812557257206417205e+01 1.468430485557608449e+02 1.640619890232663352e+02 1.560734074512767791e+02 1.561429131030566850e+02 1.524323536020825713e+02
8.525719864423890286e-04 2.087868744378282404e+00 2.113506369588544587e+01 2.946182670589775654e+01 7.269405354276914366e+00 9.396427252465961999e+00 1.145817243959906229e+01 1.346492285322763749e+01 1.531222008637010390e+01 1.665467380316968615e+01 1.851656328370349058e+01 2.837670175591888011e+01 3.301631652471295553e+01 4.540214565851367468e+01 2.553367562226737775e+01 2.749677274426248275e+01 3.219709922323049511e+01 3.273069939867797729e+01 5.981405816707951573e+01 3.728096880521244572e+01 3.992115668765044489e+01 4.259925837053351927e+01 4.519878903963626726e+01 6.407461932768961788e+01 4.905154465702321431e+01 5.123518827693478528e+01 5.327052653623170642e+01 5.580344956983239513e+01 5.871321116720856992e+01 6.252729218606491202e+01 7.670264918459169223e+01 6.972825120117859399e+01 1.054539014892635151e+02 1.052005855953820088e+02 1.157900464911688516e+02 7.659496792028252798e+01 8.985015122704569990e+01
1.055712493094864519e-03 3.052238523081570420e+01 5.026502382860064344e+00 7.269405347610248036e+00 2.709414549088518598e+01 2.152575658043380358e+01 4.293795429858413826e+01 2.685225742908846058e+01 5.483691110380899403e+01 2.402951845187664759e+01 4.111018062518294158e+01 2.109377880239877712e+01 2.321986242628367947e+01 2.553367561560071053e+01 4.703491784497457928e+01 5.403300550031772786e+01 2.981781775406427570e+01 3.162519155163658269e+01 3.380553872217553391e+01 4.579909460590998549e+01 6.983006556136692211e+01 7.651128453436390942e+01 8.150387600553278844e+01 4.905154465035654709e+01 6.142679422850579840e+01 7.352458711756676735e+01 7.848038411039627249e+01 7.767302668790917153e+01 8.760155379999969227e+01 1.036756673890609051e+02 6.252729219273157923e+01 6.550410760670072818e+01 6.793060981463365522e+01 7.002322254989189787e+01 7.230024688331455707e+01 8.881472806581210477e+01 7.659496792694919520e+01
6.668860199496171514e-04 5.335714181693668223e+01 4.414272919420805152e+01 7.051734854974277766e+01 6.735252370306284320e+01 7.316692282092283506e+01 5.557699017972985445e+01 7.585547693992775464e+01 8.495718239606446787e+01 1.037827105215480543e+02 9.225020526452541958e+01 4.841244491005544148e+01 9.379805129659536078e+01 9.285720090767048873e+01 9.978717736844134834e+01 6.863557776682057465e+01 4.981516746003779161e+01 1.049178267269150666e+02 1.119395859180205832e+02 1.163431319505292549e+02 1.120989244324093761e+02 1.224381673022935644e+02 1.145869967867127031e+02 1.073235183772718244e+02 6.682158057375241356e+01 1.072755218242959074e+02 1.273704720385449036e+02 9.860633141550438552e+01 1.248851869380681876e+02 1.494404519524771331e+02 1.344116714930898979e+02 1.049803936874732813e+02 8.084956964456804940e+01 7.648847212725142697e+01 7.751441424007042258e+01 9.425154777506129733e+01 1.430438272413421714e+02
9.954945408904289968e-04 6.714618885969458972e+01 1.082576310630349639e+02 1.229672218062581805e+02 1.182535796102686305e+02 1.159892991968240779e+02 1.078806769975145414e+02 1.047716101786090945e+02 1.400829629638792539e+02 1.491888373642749173e+02 1.323433844091528897e+02 7.811568334739259001e+01 1.357890847941505683e+02 1.537536815651855875e+02 1.543462280927548136e+02 1.335188994688628270e+02 7.209234798706738445e+01 1.289629652142290865e+02 1.684083608086456252e+02 1.869038627191144428e+02 1.754527243665897629e+02 1.830848751670791614e+02 1.594310523447939545e+02 1.297239626056982331e+02 8.119108207840170621e+01 1.449935998032048303e+02 1.801668022139099890e+02 1.739434616690090252e+02 1.740740258308395312e+02 1.963234259339746188e+02 1.676418379679817292e+02 1.645268587111396812e+02 1.699457934533709533e+02 1.547929079293341772e+02 9.341636895407901875e+01 1.444961282554858144e+02 1.832742350291631794e+02
6.150653335567355436e-04 6.659644483859942454e+01 1.319893769956603080e+02 1.726227517137883183e+02 1.756242446731607174e+02 1.717944749854135011e+02 1.703836171840354723e+02 1.522500058804861567e+02 1.955808710927174729e+02 2.013696141276922731e+02 1.609253068629072914e+02 1.056066747515350812e+02 1.655280210109803818e+02 2.112970476603414909e+02 2.150182226843783724e+02 1.772313135702877105e+02 1.369674050004166759e+02 1.019205798819696724e+02 1.719649939038693276e+02 2.295708437823021484e+02 2.401882871578721677e+02 2.379214752569140501e+02 2.017322661971896025e+02 1.557782277056230384e+02 9.825058841312319657e+01 1.624673366014617386e+02 2.153568167147382155e+02 2.412687507842398702e+02 2.339241331040038574e+02 2.344976583402660708e+02 2.218973524799100687e+02 2.285226275932463977e+02 2.343086734194349390e+02 1.948465015494805641e+02 1.599423684267562464e+02 1.176530911636594965e+02 1.932747371730067698e+02
3.941939063904486293e-04 5.977242729107907593e+01 1.255176044926868713e+02 1.885232529871764200e+02 2.262524248849297805e+02 2.331583704278479274e+02 2.390462026138388296e+02 2.111663724948860192e+02 2.482528854701478451e+02 2.422332466756687666e+02 1.869096129143367193e+02 1.332723299034492754e+02 1.969335730964164100e+02 2.525746873389281859e+02 2.603832669432698594e+02 2.252900358696080900e+02 1.787183103967412592e+02 1.235253920306373630e+02 1.816526676566456899e+02 2.492865129478640824e+02 2.952880535239166306e+02 2.859843238013633595e+02 2.401737228083640332e+02 1.952000914856660359e+02 1.396213113087028148e+02 1.249285324346319754e+02 2.084225226688057830e+02 2.759195316617549452e+02 2.918972780162708887e+02 2.885973180045082813e+02 2.817401710397457464e+02 2.929720232940824189e+02 2.818586607822643373e+02 2.308378613388655936e+02 1.795430188551150650e+02 1.323606043006284096e+02 2.020989431760967534e+02
9.994328150162378431e-04 5.235587736964019712e+01 1.116828801064124690e+02 1.765896589982183116e+02 2.394402382585121245e+02 2.817624527470980524e+02 2.978498717524244057e+02 2.801469178936135904e+02 3.012316428121084186e+02 2.726916976330933835e+02 2.172065219700039620e+02 1.637069629023342259e+02 2.282130372023659959e+02 2.853660312662275942e+02 2.877382577006609381e+02 2.278850756557941963e+02 1.587861831011526021e+02 1.876427373432779575e+02 2.216485318881158832e+02 2.809947993404193198e+02 3.326622312402827788e+02 3.256819433530754395e+02 2.731530527075804571e+02 2.138368491416225936e+02 1.792540313332422102e+02 1.415439936326134216e+02 2.164413467356415026e+02 2.928967621250014304e+02 3.426651960121227489e+02 3.491483869638763053e+02 3.474038180511357723e+02 3.512670429470181261e+02 3.121785197780571366e+02 2.721867041951930446e+02 2.158000391804770572e+02 1.483413544692270420e+02 2.163940334100488485e+02
