output/field_example_test_lateral/elevation_000094.asc
nrows	150
cellsize	66.66666667
xllcorner	0
ncols	150
yllcorner	0
NODATA_value	-9999
[rows 34 to 50 of 150, columns 111 to 147 of 150]
5.098453965977365101e+02 4.616977228037674763e+02 4.097784271973809496e+02 3.638624618779633124e+02 3.244882325957541980e+02 2.900834357643481667e+02 2.470443893314697732e+02 2.827482793631463096e+02 2.770034385344298471e+02 3.503636050743887154e+02 4.035103903747155414e+02 4.647719694718280721e+02 5.203700023020504659e+02 5.651151274041404804e+02 6.075416273685191300e+02 6.361518562701312476e+02 6.171485274151572185e+02 5.666750998648576569e+02 5.219293376347771982e+02 5.251186664545306257e+02 4.692034930931982899e+02 4.560386933136857124e+02 4.750360826734354873e+02 4.495579083512756711e+02 4.943375440303048549e+02 5.363246015627502175e+02 5.777627096169984497e+02 5.970750865756318717e+02 5.871208573652845644e+02 6.272372762580221206e+02 6.344015956543004222e+02 6.060011976007398289e+02 5.787354387058297789e+02 6.322528749078203418e+02 6.565210116433430585e+02 6.967015422583381223e+02 7.519177092612595743e+02
4.678559964780725409e+02 4.078389079021049497e+02 3.552249041445531930e+02 2.387858970679923800e+02 2.872940606031413608e+02 2.410257133356129486e+02 2.875861650026020584e+02 3.344882741703475517e+02 3.453951321484034906e+02 3.107886052518175006e+02 3.882554982228830340e+02 4.465384859237681781e+02 4.906507729391560702e+02 5.399076219547216624e+02 6.002206757642530874e+02 6.507700130439766326e+02 6.561800725224097732e+02 6.292510599993079268e+02 5.872727339394575665e+02 5.732964886675673597e+02 5.180500578759596237e+02 5.081846533223364304e+02 5.183169998020067624e+02 5.164925607453126304e+02 4.846593592701323132e+02 5.356655885166310327e+02 5.897490001978934515e+02 6.361794580590536725e+02 6.415848209297926132e+02 6.774336778904788616e+02 6.792867081106138585e+02 6.419398036166436441e+02 5.979353487713786990e+02 6.199527751825905852e+02 6.808317054112741289e+02 7.307616441340553592e+02 7.812271345955404058e+02
4.198580915801442188e+02 3.541089305073461446e+02 2.719495412967738730e+02 2.368324101138225330e+02 2.354730077041195386e+02 2.506119394482346934e+02 3.232085746977548979e+02 3.741190559367718151e+02 4.046363325893640877e+02 3.879805599835975158e+02 3.461587800064156681e+02 3.947430298334789427e+02 4.521506455751623434e+02 5.224468730201889457e+02 5.903865574463633266e+02 6.433560349526396749e+02 6.753554109786663275e+02 6.765511296017058385e+02 6.580435062705940936e+02 6.223791504894479658e+02 5.770073021187756694e+02 5.663334581028426555e+02 5.729477589095465646e+02 5.686517640839807655e+02 5.171912020919097586e+02 5.256945329212410343e+02 5.903348081752449161e+02 6.528738817602938980e+02 6.914977210473663263e+02 7.250404938702138224e+02 7.208177376474752691e+02 6.817481738172006089e+02 6.365111626181106885e+02 6.778696503363888723e+02 6.647551908882446696e+02 7.084605865370815536e+02 7.619979002291632924e+02
3.684112283304696120e+02 3.134253862181659542e+02 2.611748052555134905e+02 2.307366825901327729e+02 2.702803939458226523e+02 2.601432992640330326e+02 3.291751030323196687e+02 4.060866353042575270e+02 4.503265481819488514e+02 4.433186155679620128e+02 4.249337284261727632e+02 3.843427885375409119e+02 4.549809218121483241e+02 5.132831798366090652e+02 5.592131597949643265e+02 6.068236213180790628e+02 6.544428612213686165e+02 6.889414279348250147e+02 7.014429391417257875e+02 6.835236084875436973e+02 6.460767664097913894e+02 6.321204555950633903e+02 6.335042909200614076e+02 6.121454495186435452e+02 5.521985500445412072e+02 5.544578565357843445e+02 5.903447103828183344e+02 6.478753390048584606e+02 7.141304784334691931e+02 7.667375599238843051e+02 7.659551468361897832e+02 7.289874944263792713e+02 6.839923868987846163e+02 7.233280753844716173e+02 7.013903690148156329e+02 7.403084683761206861e+02 7.916118560970494400e+02
3.113651995145696674e+02 2.703456445518441456e+02 2.250455494654274275e+02 2.705136904942555134e+02 2.881902854319961307e+02 3.181270690028950980e+02 3.257706121329345024e+02 4.077672200954478967e+02 4.734452321313937091e+02 4.992611273270574657e+02 4.831419058000818154e+02 4.612839024614318646e+02 4.217993621467754224e+02 4.705271046890622983e+02 5.203482527878834389e+02 5.626370890462991383e+02 6.059885273141212565e+02 6.695682513708816259e+02 7.098629716247208989e+02 7.255133210776172064e+02 7.187532012455774293e+02 7.033370205936344064e+02 6.971154451713833851e+02 6.490162630298707427e+02 5.908734871813284144e+02 5.903742557683541463e+02 6.313298834427737347e+02 6.827092227668183568e+02 7.468371006440264637e+02 8.045120709753958863e+02 8.121431817569539362e+02 7.751112280164454660e+02 7.319283560279394578e+02 7.675637863333164432e+02 7.450145775093234306e+02 7.795007153529592188e+02 8.268593930289792979e+02
2.667952395445180969e+02 2.182455009267929711e+02 2.480067383997138961e+02 2.700916563425955133e+02 3.285326468106580933e+02 3.504440452588401058e+02 3.813235552340986487e+02 4.131834609230216415e+02 4.764206167449240183e+02 5.352424064250691345e+02 5.449111839673729492e+02 5.171525738343138983e+02 4.840224698921326763e+02 4.541744195897524037e+02 4.770969279314316509e+02 5.078374058149997268e+02 5.803920566114245503e+02 6.320154856666518981e+02 6.841456174540118127e+02 7.268519507730392206e+02 7.594886310613201204e+02 7.660913941802501768e+02 7.485542919189099393e+02 6.934282496597990075e+02 6.360803386807887136e+02 6.356454929089680945e+02 6.797444062620113527e+02 7.273808666657510003e+02 7.869712783604747983e+02 8.450974483796545655e+02 8.586385957013105781e+02 8.234148184819738390e+02 7.847533317146459240e+02 8.183117862324145335e+02 8.000791704554050057e+02 8.322218195672437560e+02 8.714908894327137432e+02
2.105394828775215217e+02 2.568320320932765526e+02 2.631057902876162302e+02 3.085079840713555654e+02 3.578498468324694954e+02 4.083948147533976112e+02 4.256211693545967023e+02 4.666558918165235355e+02 5.107472127071602586e+02 5.643375651231029906e+02 5.954696427438345836e+02 5.765624293794815003e+02 5.264501713022784770e+02 5.069698527857407271e+02 5.169245451987959541e+02 5.238096443233006312e+02 5.480427037206322893e+02 5.834535977259425863e+02 6.361990062929367014e+02 6.931222117309779378e+02 7.529030681806887060e+02 7.987385333598713260e+02 7.927977704188376720e+02 7.439178220140129270e+02 6.910410587228919894e+02 6.932302168831023437e+02 7.397282341756472306e+02 7.861019172651697318e+02 8.344878847220555826e+02 8.870622767333464935e+02 9.048125646892923442e+02 8.775428805924271956e+02 8.504496483198153101e+02 8.779627122813197957e+02 8.691781691862237267e+02 8.974111696300061567e+02 9.307466667168372396e+02
2.553899960404135925e+02 2.878258018381571901e+02 3.180501459166650875e+02 3.615571481364172541e+02 4.026725134248963514e+02 4.481299231371781389e+02 4.842514564808577120e+02 5.202133800987596715e+02 5.614247966248175317e+02 6.037400011904454686e+02 6.398626818080473413e+02 6.261610332277435873e+02 5.829987918722208633e+02 5.631557467136076411e+02 5.667184029708218986e+02 5.732665502124443719e+02 5.827411174093756472e+02 6.285822958388876032e+02 6.402575893002460816e+02 6.882145175972771085e+02 7.458532318911883294e+02 8.074773195710866958e+02 8.348909680641754676e+02 8.078206810259923714e+02 7.573735007286726386e+02 7.663539730551950697e+02 8.025761811210717269e+02 8.488186361251634935e+02 8.859777551167439924e+02 9.202005296564582295e+02 9.403642013915050484e+02 9.337895303954653627e+02 9.239969603065657111e+02 9.358696775323712700e+02 9.396303474481136391e+02 9.601442269917224621e+02 9.878135916558868530e+02
2.527679873943243933e+02 2.771567419711414573e+02 3.193421034089443538e+02 3.745245092779571223e+02 4.300871439439413848e+02 4.834757299958916406e+02 5.288588801290494530e+02 5.702909604704660751e+02 6.100531580802456801e+02 6.462096944637287379e+02 6.743993365938780471e+02 6.724852266565844729e+02 6.467862447878709418e+02 6.254131111939672110e+02 6.249219867199569762e+02 6.308241198216053363e+02 6.408598344891995566e+02 6.571874995300396449e+02 6.955368598534441844e+02 7.383028244029516145e+02 7.875040521584819544e+02 8.377395252739640910e+02 8.778966109756522656e+02 8.653393553799750180e+02 8.316923720982382520e+02 8.466384860112680144e+02 8.633811399374585562e+02 8.820783500366043199e+02 8.951870409121113425e+02 9.095354587806446034e+02 9.255014560647859980e+02 9.405493007369739189e+02 9.469172084739356023e+02 9.525001958307665291e+02 9.569622473294876954e+02 9.694334298922703965e+02 9.940971963288815232e+02
2.091809332724390345e+02 2.091809332791056875e+02 2.762774365706302433e+02 3.347488280581292202e+02 4.033578439643022762e+02 4.609996053705315262e+02 5.156743987196103944e+02 5.681353074478352028e+02 6.140078335184111893e+02 6.451414368105763515e+02 6.740670711368493357e+02 6.990365431576569790e+02 7.033335440563841985e+02 6.904229283093828826e+02 6.903535187305523095e+02 6.964469438882493932e+02 7.062531673440964823e+02 7.189825015609744696e+02 7.517839317862194548e+02 7.896375684313393322e+02 8.360254918673786051e+02 8.723291144737939931e+02 9.008056078764399217e+02 9.049092046860137089e+02 8.946656173058875083e+02 8.909283616887582866e+02 8.722348408163175009e+02 8.554711617135108099e+02 8.410037838778024479e+02 8.478411871196027505e+02 8.634921245608429672e+02 8.972490480309323857e+02 9.010072530094396370e+02 9.050938923070804094e+02 9.068795790487112072e+02 9.145527266653239167e+02 9.447777832370425131e+02
2.660790499026266502e+02 2.696224611217913321e+02 2.230282397037081807e+02 2.893023956138885069e+02 3.444858137337318453e+02 4.016593579820493574e+02 4.630791959421795241e+02 5.250279188032483262e+02 5.761384542550748620e+02 5.889400922515939101e+02 6.287271483448064373e+02 6.827325614125210222e+02 7.235239834889200665e+02 7.414300908785950242e+02 7.493339579907481038e+02 7.584709752305160464e+02 7.682201036816084070e+02 7.815680564868403053e+02 8.045507644055113587e+02 8.322158526138209709e+02 8.554327701304237053e+02 8.592794388845151161e+02 8.669282446635756969e+02 8.839323300286422409e+02 8.930448017041848061e+02 8.727954721349772171e+02 8.258202322576486267e+02 7.874591258190474719e+02 7.717373423405348376e+02 7.802656218414906562e+02 8.022687587560787961e+02 8.460109728474882331e+02 8.422915101496965917e+02 8.475973776389803334e+02 8.464715128725928253e+02 8.561484199461200433e+02 8.889865063267396863e+02
3.259838414169869338e+02 3.148257560122652876e+02 2.795021134105156762e+02 2.340956866668009297e+02 2.842000633285876461e+02 3.450766595780946204e+02 4.165413620323995474e+02 4.886715539860979902e+02 5.191511843479746631e+02 5.260497353231480702e+02 5.831502346448099843e+02 6.472596439677987519e+02 7.088869890272376324e+02 7.386484439293714104e+02 7.543554826962805464e+02 7.713430624107481890e+02 7.774777059199529958e+02 7.858878124128634681e+02 8.000055294160696349e+02 8.199050179811512180e+02 8.169361246545342965e+02 7.915745395811726439e+02 7.883511227938245156e+02 8.192751462919929963e+02 8.488640837903566307e+02 8.323522899412733977e+02 7.830966123061491544e+02 7.227324350681758460e+02 7.060957128513712178e+02 7.182010893521744492e+02 7.769455007047591835e+02 7.892523934517683983e+02 7.851430409389723764e+02 7.956796667123641100e+02 7.891175635846511796e+02 8.134267357315471827e+02 8.713232270674808433e+02
3.800076679054239435e+02 3.384987474710143260e+02 2.546081420166831037e+02 2.397401712289857301e+02 2.969110208192147979e+02 3.592152398799885873e+02 4.214344122458512061e+02 4.543873643139027649e+02 4.549868998944625105e+02 5.168159768520959005e+02 5.802075974673061864e+02 6.416830952750220831e+02 6.786483432780798921e+02 6.853393572352422325e+02 6.973379402036032388e+02 7.268809198376418408e+02 7.209133227172986835e+02 7.255665859186814259e+02 7.356938354616388551e+02 7.683192153415521943e+02 7.574243325334655310e+02 7.132567781893900474e+02 7.142842226835011843e+02 7.607065391320896879e+02 7.951177697564938853e+02 7.818597760045572613e+02 7.364631086156971378e+02 6.984856703735315477e+02 6.460113842494846494e+02 7.055755774620279226e+02 7.452015640464528587e+02 7.312324840663916348e+02 7.319778637488341246e+02 7.569349223261087900e+02 7.493543846774228996e+02 8.128185809046631221e+02 8.679336092311854145e+02
3.793606493311037866e+02 3.251681240176934580e+02 2.851402339674561404e+02 2.469367093064633139e+02 3.053062070913612160e+02 3.569605274730189421e+02 3.901863176938433071e+02 3.894149110923528951e+02 4.565260524669256483e+02 5.206199624426257060e+02 5.733427349087754692e+02 6.136235252214660250e+02 6.205742111252304767e+02 6.185562440263411190e+02 6.345385384316402906e+02 6.654076975588380947e+02 6.504312392856813858e+02 6.552720015672954332e+02 6.685884707554043871e+02 7.118393901468996319e+02 6.976464643650812150e+02 6.444023481002573135e+02 6.565028109983036302e+02 7.201888854486177252e+02 7.336229829943176810e+02 7.248145619931125339e+02 6.809786639618607751e+02 6.402552684850380729e+02 6.067498688148529027e+02 6.728533964219660675e+02 7.032879469591904353e+02 6.708017182864590495e+02 7.043779843432672578e+02 6.978715907824748683e+02 7.503336181160854039e+02 7.775311292434357711e+02 8.282418325250100679e+02
4.095379872815954627e+02 3.596399020260134876e+02 3.214314173337737088e+02 2.921603901628712947e+02 2.590780733740580217e+02 3.206874946361107845e+02 3.265589463079893449e+02 3.966064995750631397e+02 4.516393709635140112e+02 4.900523892757248063e+02 5.302205990199345251e+02 5.662930404124313100e+02 5.566549570075870861e+02 5.522114532284687130e+02 5.974686158338121231e+02 5.978132794096950420e+02 5.822064069793995031e+02 5.901916283415343969e+02 6.105029739749779765e+02 6.657864655102750930e+02 6.462616140613964717e+02 5.837304908977029072e+02 6.300808481370286245e+02 6.785718393397083901e+02 6.738406301132171166e+02 6.619428182852481086e+02 6.248287555111741085e+02 5.807561681472215014e+02 5.732894271316177992e+02 6.349362139254018302e+02 6.576439114926504317e+02 6.291728733279695689e+02 6.512724685197625831e+02 6.791707730866121437e+02 7.129730842088777081e+02 7.574926652064920063e+02 8.121263874025448786e+02
4.465682402562025004e+02 4.018021853235506455e+02 3.639016619346197103e+02 3.272599102632005383e+02 3.060592409290889577e+02 2.708973497281141363e+02 3.270619181813446517e+02 3.697077058865650656e+02 4.084613909860455578e+02 4.446810081951908842e+02 4.844877841149042865e+02 5.079286367526809727e+02 4.948501955995654953e+02 5.027623556583924369e+02 5.510872768977377518e+02 5.315523063679618190e+02 5.203240115356933302e+02 5.319598339903421902e+02 5.968519112444313350e+02 6.239212995692948880e+02 6.014043854778670948e+02 5.391686395893589179e+02 5.920144330160306936e+02 6.377046434964078117e+02 6.318582725122901138e+02 5.876985051730802070e+02 5.717014101175157066e+02 5.279272971339642027e+02 5.779851070992334598e+02 5.804866935990971797e+02 6.008705549059013720e+02 6.517583080819027828e+02 6.928354545529145980e+02 7.231990297040188125e+02 7.550857430128345413e+02 7.934554380761522907e+02 8.447566558646069552e+02
4.970440466531734955e+02 4.510100843119813590e+02 4.033706697463563842e+02 3.620104294844620654e+02 3.206179002513191563e+02 3.134655071465085712e+02 2.823086869766614768e+02 3.306976004253112933e+02 3.680834772143375062e+02 4.057526671881201992e+02 4.380242139029391524e+02 4.407118824624513422e+02 4.358087980511569413e+02 4.935404276114900313e+02 5.063369615014154874e+02 4.676760768300391646e+02 4.652643954703319196e+02 5.291644859002142312e+02 5.630536940704457720e+02 5.654193928560658833e+02 5.542714259702505615e+02 4.994315070371519028e+02 5.539808868746996495e+02 5.941489380158402582e+02 5.801152492302603605e+02 5.390523891442887816e+02 5.014697176273430728e+02 5.603191620580026893e+02 5.559685039479927582e+02 6.063276019592192370e+02 6.477085016032651765e+02 6.881520160634684089e+02 7.328307058830107508e+02 7.719079166060424768e+02 8.064780576746236420e+02 8.428806179120703064e+02 8.861646193570412606e+02
