output/field_example_test_lateral/elevation_000038.asc
nrows	150
cellsize	66.66666667
xllcorner	0
ncols	150
yllcorner	0
NODATA_value	-9999
[rows 85 to 101 of 150, columns 74 to 110 of 150]
6.046898210467786612e+02 5.624112263055297944e+02 5.206177043789862182e+02 4.964892179498249334e+02 4.591118714344436285e+02 4.954383223602917496e+02 5.741515688772842623e+02 6.414107162166889111e+02 7.033604053322188747e+02 7.555665119834546886e+02 8.021768023493237934e+02 8.319750754132753627e+02 8.707191395373888554e+02 9.160021223912791584e+02 9.321057811986424895e+02 9.193979032606181363e+02 8.844528409739097015e+02 8.316302954900131681e+02 7.853908847313516617e+02 7.410947237987005565e+02 7.601087596452646267e+02 7.811981226401353524e+02 7.724294777991024148e+02 7.515220144156593278e+02 7.224488273301559502e+02 6.935287815235072912e+02 6.474654057802526950e+02 5.832562233238228373e+02 5.224291286985151146e+02 4.732455821255671253e+02 4.690230592052968177e+02 5.186070566545193969e+02 5.629648105878682145e+02 6.073908062093451008e+02 6.063082404384654183e+02 6.494105075933219950e+02 6.735898577232294429e+02
5.416599202138500004e+02 4.935861073044225122e+02 4.574508421188225498e+02 4.292720553963629868e+02 5.064984346271660911e+02 5.590968165587953536e+02 6.147750343509349022e+02 6.822427196993851339e+02 7.293675328549976484e+02 7.568622333659704964e+02 7.728090749898667582e+02 7.739602910864454088e+02 8.220643376586629074e+02 8.738272514225761824e+02 8.858822065769238634e+02 9.082981266017856115e+02 9.114535906505835783e+02 8.902667180297338518e+02 8.588950085237120220e+02 8.182998328175126517e+02 8.262392304609014673e+02 8.113876829825975392e+02 7.715067252328747145e+02 7.254981456194639122e+02 6.726935036539576913e+02 6.337155036527337870e+02 6.228212343678096659e+02 5.770485586005606820e+02 5.096257165407196794e+02 5.313137425932835640e+02 5.012113194398882570e+02 5.539104120977739285e+02 6.070960371578654531e+02 6.517499242443653884e+02 6.820936861356852887e+02 6.990912559810003586e+02 6.925629597489422622e+02
4.727946751277462454e+02 3.752366184409142988e+02 3.917001269453340910e+02 4.650074800378670261e+02 5.298569411213849207e+02 6.021208319852700015e+02 6.561403848179945726e+02 6.967910031693634210e+02 7.126005271842602724e+02 7.019397805828624541e+02 7.073584409525985848e+02 7.151563010037411914e+02 7.824859211313727201e+02 8.251604102790314528e+02 8.229245358143390376e+02 8.640558764975584154e+02 8.936208083627177530e+02 9.119280698558767426e+02 9.070258331067756217e+02 8.865187481468653914e+02 8.584455119553927034e+02 7.995232104916381104e+02 7.329939883535711260e+02 6.727113340603951883e+02 6.181178765560263173e+02 5.681081009675980340e+02 5.681081009609313242e+02 5.453578594786520171e+02 5.782246264202480006e+02 5.786439748314280678e+02 5.388719088022187407e+02 5.962639905847177033e+02 6.493852726452006436e+02 6.985934086568786370e+02 7.189426990601505167e+02 7.004672681288177500e+02 6.614365070964943243e+02
4.077878597480247436e+02 3.637770333678126349e+02 4.131527453924927045e+02 4.605771883329824732e+02 5.305313965713290827e+02 6.048368151453524888e+02 6.512571539160436487e+02 6.658890914796535299e+02 6.570376902628224798e+02 6.300049988209391358e+02 6.361537806276469382e+02 7.052757495021799059e+02 7.617567951667679154e+02 7.678117616387661428e+02 7.620373167865667483e+02 8.027685670177789916e+02 8.415840154022495199e+02 8.850832366599969419e+02 9.125216223789246897e+02 9.107947596909009462e+02 8.603818970526003795e+02 7.887169820222192129e+02 7.216534956976813646e+02 6.668102423007795778e+02 6.223104662828270648e+02 6.233705716422650767e+02 5.858882068651648751e+02 6.189960209238813604e+02 6.341576692783399949e+02 6.003804004038208859e+02 5.875051783718438401e+02 6.387587623503051191e+02 6.943013651546124265e+02 7.253824570162672671e+02 7.107232814684471123e+02 6.642274892556449686e+02 6.011710713697779056e+02
3.424335116385936999e+02 3.616178629522063943e+02 3.888230927680933746e+02 4.445055419137711965e+02 5.150806753665068527e+02 5.800385051546326167e+02 5.972562180872681665e+02 6.002432567528693426e+02 5.796133194065166663e+02 5.637841345092836036e+02 6.377937053910010263e+02 6.977862018257312684e+02 7.274511433659401973e+02 7.085501629487717992e+02 7.095444405255401534e+02 7.463605048235265258e+02 7.882183950641865522e+02 8.350344789214973389e+02 8.848639172973417999e+02 9.124698312782174980e+02 8.882595738687676885e+02 8.273952591256705773e+02 7.684563131083185681e+02 7.137975558221751271e+02 6.758914857891046495e+02 6.531780785671450076e+02 6.191499871762094926e+02 6.739724396192659697e+02 6.867527489804862171e+02 6.482646550188552510e+02 6.427874898632427403e+02 6.861437221013587759e+02 7.281576464906970614e+02 7.302323903508466856e+02 6.816640714131120831e+02 6.083435546351847734e+02 5.441270205550783885e+02
3.678719418423283400e+02 4.030027255921524443e+02 4.266275372016021379e+02 4.608523221385813713e+02 4.945187794003791169e+02 5.294026171078639891e+02 5.303417234062824264e+02 5.438963375480393552e+02 5.010276379216695659e+02 5.481856728208267668e+02 6.120163727933254449e+02 6.719994592188268143e+02 6.871387572153873862e+02 6.472494337636153432e+02 6.780827026725347650e+02 6.905647464262408448e+02 7.367044452077651613e+02 7.889143967028104498e+02 8.396100029889075813e+02 8.999651878402271450e+02 9.127201194024617052e+02 8.764446299618306284e+02 8.173404489864597053e+02 7.655583178613935615e+02 7.281624119192093758e+02 6.900913210289998005e+02 6.590778790090041639e+02 7.188780082731680068e+02 7.370781425094997985e+02 7.055436299752319655e+02 7.058064292680115841e+02 7.426080193170372468e+02 7.559793820873438790e+02 7.206270899217820443e+02 6.405327336544065702e+02 5.586892239273602172e+02 4.891058541319083020e+02
3.656339088618653932e+02 3.901823837982764189e+02 4.061803822077981749e+02 4.200391529794833332e+02 4.287550070501681034e+02 4.718992195635285611e+02 4.611417397190613769e+02 4.766940842309877553e+02 4.623953435551681537e+02 5.385562868456244132e+02 6.060257640783776196e+02 6.400747577939465600e+02 6.474116726078955253e+02 6.046593365707527710e+02 6.155774297423300823e+02 6.515698463057484560e+02 6.943903370033963256e+02 7.462457773420081821e+02 8.154560941131238678e+02 8.837834633846746328e+02 9.320318995000645828e+02 9.171881087987054570e+02 8.682260794963360695e+02 8.217424254277111686e+02 7.732547681067171652e+02 7.241569506117714354e+02 7.140647581261667938e+02 7.663602643591759715e+02 7.870475455540556595e+02 7.763366472450068159e+02 7.745134777843384200e+02 7.840368506188428910e+02 7.573909552595264358e+02 7.074531254028305511e+02 6.434826275248948377e+02 5.679897535782043860e+02 4.966497486215038180e+02
3.219889876436533314e+02 3.298684931604649364e+02 3.395589258500849610e+02 3.512151580597717384e+02 3.984607887248238285e+02 4.270768205525520784e+02 3.975611942530644001e+02 4.121385438453798429e+02 4.780870525499528867e+02 5.381119045980108240e+02 5.818189158587946395e+02 5.786726068373039880e+02 5.939938012417215987e+02 5.686273589823813381e+02 6.412542699419338987e+02 6.978431085470588187e+02 7.388145207751865655e+02 7.905390474063225383e+02 8.317977135315981059e+02 8.913168009229235622e+02 9.439382736017374782e+02 9.525827130627634460e+02 9.246190442593049283e+02 8.748581303683582746e+02 8.263214633352404235e+02 7.798542234480669322e+02 7.782032343665900953e+02 8.148162149748487764e+02 8.462288958031467700e+02 8.422845928085876039e+02 8.285675299364577313e+02 7.905834009562929623e+02 7.275656560752516953e+02 6.511561277085631900e+02 5.964479255929223882e+02 5.561420053565818762e+02 4.850896998741509947e+02
3.839385358832395241e+02 3.533621421675547367e+02 3.905068590593197086e+02 4.072415039855386567e+02 3.683328440695456720e+02 3.791102320183658207e+02 4.351965818113147293e+02 4.673586685636877291e+02 4.374750225045762591e+02 5.000312404014069330e+02 5.344199824525559279e+02 5.024213433112435609e+02 5.265590834650635088e+02 5.816962677012843415e+02 6.430594078893371943e+02 7.052896975315030659e+02 7.633061627979997184e+02 8.085426853713713626e+02 8.473270067501752010e+02 8.913470236258451678e+02 9.364535347663061202e+02 9.691057932197784339e+02 9.661446913802794825e+02 9.332538725962143644e+02 8.850950555166896265e+02 8.494574480333525344e+02 8.507709688346476469e+02 8.744793808218054210e+02 8.849502488832422387e+02 8.693815260708297501e+02 8.335543652175629177e+02 7.711865811142812390e+02 6.780976550479098250e+02 5.919959604973560090e+02 5.221870128271880276e+02 5.115252155256479227e+02 4.803056451868251884e+02
4.510732194640604575e+02 4.380697575308203682e+02 4.414203540868736013e+02 4.567662193313969397e+02 4.488361581485326610e+02 4.078335285360402054e+02 4.703400509031603747e+02 5.171209367367712275e+02 5.083535506471084204e+02 4.608078100917111328e+02 4.770741714181367001e+02 5.392373001662189154e+02 5.291006450934120267e+02 5.955609807736356061e+02 6.544990449959349235e+02 7.078667731759092021e+02 7.502173345930624464e+02 7.696940023047989143e+02 8.024480068325721049e+02 8.458064648632298486e+02 8.969035231945823625e+02 9.549331530138181279e+02 9.888119146067026577e+02 9.742218841743170969e+02 9.430688767395326977e+02 9.169331055111409796e+02 9.090813474796947276e+02 9.033545210569166102e+02 8.765679294668889270e+02 8.404935756976179846e+02 7.951200120989786910e+02 7.414910817751575678e+02 6.608534753062663185e+02 5.771739418799791110e+02 5.027405265855281300e+02 4.404438234055612611e+02 4.404438233988946081e+02
5.295264732676013182e+02 5.238246648004244435e+02 5.154051534715925982e+02 5.253668376159209856e+02 5.078709830004895025e+02 4.424257803146758192e+02 5.078890129375213291e+02 5.619362834540520453e+02 5.660535558505642939e+02 5.248194282562159287e+02 5.271471971411546065e+02 5.791373369335672123e+02 5.702951523311819528e+02 5.618692253605205451e+02 6.241262060986049391e+02 6.708264815671748238e+02 7.075024952535138709e+02 7.092124230135603966e+02 7.500941559016437168e+02 7.989153028330234747e+02 8.585367935522913285e+02 9.257208151669286735e+02 9.826868833540813739e+02 9.794311569438399374e+02 9.482089121217384218e+02 9.203504301122865172e+02 9.053851116856508270e+02 8.821543238411693437e+02 8.286211395991496147e+02 7.781979729447770069e+02 7.322482720112323022e+02 7.183751476281744317e+02 6.652084681829709325e+02 5.910922328587132597e+02 5.176838672248397870e+02 4.530541782956061070e+02 4.867683361047286894e+02
5.941534819745796767e+02 6.015697368598342791e+02 5.930973749948361728e+02 5.948958524185156875e+02 5.486676625954288511e+02 4.826019524759220758e+02 5.479343252133592159e+02 6.011692458416806630e+02 6.215397200320533102e+02 5.949872944173466749e+02 5.854612558272699516e+02 6.287663446337490996e+02 6.165985860540437216e+02 6.234934988035855667e+02 5.912409365120392977e+02 6.199151639849892490e+02 6.538410852879633239e+02 7.042995810783017987e+02 7.558071099021962027e+02 8.117410198049605015e+02 8.749164317007113141e+02 9.407038774042399609e+02 9.778155670329088025e+02 9.507182813669028292e+02 8.968341441225342123e+02 8.557675446379964797e+02 8.462721204405698927e+02 8.381003460402606606e+02 7.872601129024187685e+02 7.174924689912263602e+02 6.679519128066999656e+02 6.627915483215016366e+02 6.299182083685091129e+02 5.841958333960891423e+02 5.295978505476269902e+02 4.688214391380317352e+02 5.215345544930152073e+02
6.058297716707379550e+02 6.450814553619014760e+02 6.583026438079734817e+02 6.499250521492062944e+02 6.012688784974354803e+02 5.478836479365708101e+02 5.484645326934660261e+02 6.146516843459264692e+02 6.672587762475529871e+02 6.650420620701778489e+02 6.519913712081365702e+02 6.848525465173979683e+02 6.655758702585557103e+02 6.694450775423147206e+02 6.263101081230920499e+02 6.277445591785543684e+02 6.817963072089800107e+02 7.287483653866718214e+02 7.760871273110183211e+02 8.276847031041364744e+02 8.859551554091160597e+02 9.424694351027338826e+02 9.620510440182306411e+02 9.094145216066292505e+02 8.446009534090139823e+02 7.853993715139072265e+02 7.766558593372828909e+02 7.749764027819967396e+02 7.541953855070157715e+02 6.994811121606808229e+02 6.233249540280858128e+02 5.880576688938098187e+02 5.845916285905717587e+02 5.431811999799549540e+02 4.900011624288856638e+02 5.312464071922702260e+02 5.516117816332897519e+02
5.745052439912428781e+02 6.372147534171552934e+02 6.847138583905608584e+02 6.925387670609252382e+02 6.690862787542431533e+02 6.239006213252146154e+02 6.251135189757644639e+02 6.193724804443452285e+02 6.883644120729696851e+02 7.307202533715446862e+02 7.247013960419641307e+02 7.446793015119664005e+02 7.168298721721992024e+02 7.072328339544034179e+02 6.659674764510814384e+02 6.816649832528610204e+02 6.614361473042081343e+02 6.986947310680413921e+02 7.417174720618786523e+02 7.946953407108475176e+02 8.594715966518040204e+02 9.286621589936609098e+02 9.486807201709518722e+02 8.943169660222475841e+02 8.274291499181790641e+02 7.659243924329852007e+02 7.107995371496701864e+02 7.096819108360280097e+02 6.980226560144790255e+02 6.574639249664483032e+02 6.110578866216502547e+02 5.409868544415635370e+02 5.206376380689488315e+02 5.046940030060305844e+02 4.900011624355523168e+02 5.588092014432724000e+02 6.046375947606038608e+02
5.802509980080627656e+02 6.279613559896939705e+02 6.714935417213897608e+02 7.055994314349239858e+02 7.172760055595726953e+02 7.026006950464560532e+02 7.037390515759632308e+02 6.748705714356510725e+02 7.234946834060067431e+02 7.825344564831358412e+02 7.943534231640851431e+02 8.026480508243986378e+02 7.706792785214415744e+02 7.303491766754516448e+02 7.154214958007187306e+02 7.149808952801101896e+02 6.614361473108748442e+02 6.938515047713551667e+02 7.342558383972522051e+02 7.940183272756779616e+02 8.613003932258999384e+02 9.279361406924401763e+02 9.423263893782625473e+02 8.791696539314449410e+02 8.065317492835214352e+02 7.447098495301684125e+02 6.945507543745624162e+02 6.531521562463284454e+02 6.228088989696286717e+02 5.946422204887794578e+02 5.712055922872710880e+02 5.864885699670359145e+02 5.473104937447546945e+02 5.697004222037109002e+02 5.420959202875817482e+02 5.611096111746676343e+02 6.354864968176234470e+02
5.324203953639814699e+02 5.737417366015112066e+02 6.201857200720078254e+02 6.775361815233652578e+02 7.255979292018697606e+02 7.602879195328266633e+02 7.694916654562767917e+02 7.424967041642648837e+02 7.822357105467423253e+02 8.245088682377111127e+02 8.569218322467520466e+02 8.546642737225404289e+02 8.181972831012548113e+02 7.807212478336949744e+02 7.660916590011627250e+02 7.478060885524603236e+02 7.278231521972851397e+02 7.436651816721648629e+02 7.644472510106130585e+02 8.077040593831382012e+02 8.712505980893985225e+02 9.396844445496969911e+02 9.589696503239194953e+02 9.064418137246619835e+02 8.420331770473138704e+02 7.874425440336642623e+02 7.391865273538430756e+02 7.041293545844150685e+02 6.718440869007898755e+02 6.160511650612568246e+02 6.311481884212522573e+02 6.009162372472844709e+02 5.902973315932550804e+02 6.290403751491797948e+02 6.025121212296195381e+02 6.157161472948929486e+02 6.782675982855204211e+02
4.718194863907876311e+02 5.134927667715681991e+02 5.643238315738649362e+02 6.257536809258464245e+02 6.980859389687616385e+02 7.702136180602137756e+02 8.187102218658333186e+02 8.164301431633913353e+02 8.463647607770791410e+02 8.731430675632715293e+02 8.951063018629978387e+02 8.932954373609502454e+02 8.694775958741778368e+02 8.374221452104789023e+02 8.218236926729058496e+02 8.068625042855217089e+02 7.950172411802184342e+02 8.048795444470389384e+02 8.213529465190542851e+02 8.576046621462626263e+02 9.053612109427079986e+02 9.630637717880676973e+02 9.833549094588815933e+02 9.412357067532531119e+02 8.886959660246513977e+02 8.345650922637134954e+02 7.917437250547819758e+02 7.402170313374139141e+02 6.671700828010209534e+02 6.800386075864985287e+02 6.656318067280503783e+02 6.494495827952529226e+02 6.405480814727743564e+02 6.868801987057890983e+02 6.687222713397831058e+02 6.804136218797053743e+02 7.381487021093896601e+02
