output/field_example_test_lateral/elevation_000018.asc
nrows	150
cellsize	66.66666667
xllcorner	0
ncols	150
yllcorner	0
NODATA_value	-9999
[rows 51 to 67 of 150, columns 37 to 73 of 150]
7.450871167092134328e+02 7.179092709559708965e+02 6.644083336038983134e+02 6.146578189301967541e+02 5.737438813807422093e+02 5.379408050178087706e+02 5.061792754485016417e+02 4.745569802153898422e+02 4.406655504617067436e+02 3.991359848689415344e+02 3.397338582667992455e+02 2.876258820818196682e+02 2.255458367170281520e+02 2.961702878925669324e+02 3.484009769209474712e+02 3.821379129925920779e+02 3.794605483094213128e+02 4.167781376975129319e+02 4.510628620524170174e+02 4.419191747523883009e+02 3.793948846994421160e+02 3.021909333762440610e+02 2.255361661030784717e+02 1.562407251288102543e+02 1.562407251221436013e+02 1.989819707524944192e+02 1.948816649587959944e+02 1.442579101846501430e+02 2.018787929859173005e+02 2.316489400959861769e+02 2.118227826053378067e+02 1.776197629492219505e+02 1.151053965222344999e+02 1.170309804027546221e+02 1.170309804094212893e+02 1.493961800770709374e+02 1.551556978668588158e+02
7.371101844755934280e+02 7.020506330925154543e+02 6.560034938609340998e+02 6.124610800310223340e+02 5.747683658534288043e+02 5.434935341787592051e+02 5.181023153508418773e+02 4.865174500825013979e+02 4.499188386678712277e+02 4.041207369417139148e+02 3.471745962740112077e+02 2.834284266566024257e+02 2.099724525072793710e+02 2.667674349869658386e+02 3.013116085809930382e+02 3.257316370938377759e+02 3.027084375449537106e+02 3.503752808510418504e+02 4.004503742009734424e+02 4.125246563021378279e+02 3.785922820660944694e+02 3.263492396859385849e+02 2.719023524190802732e+02 2.275457092886619819e+02 1.961937557510260604e+02 1.338168353494762073e+02 1.206549426082174392e+02 1.323040483334685291e+02 1.702908619082395774e+02 1.816299849220297347e+02 1.621099875442635323e+02 1.341039277744662570e+02 1.151053965155678327e+02 1.557003732192530379e+02 1.397396653974037406e+02 1.978576333761582191e+02 1.953496789763603090e+02
7.126491601490836274e+02 6.564095495767832062e+02 6.047471514120093161e+02 5.599323045257356171e+02 5.208749949603387677e+02 4.871596391041275069e+02 4.765012118975980115e+02 4.425770555390637924e+02 4.118413318944059256e+02 3.692487046034100899e+02 3.156596643041793300e+02 2.514594772484597911e+02 1.965173826426961057e+02 2.365318632755284796e+02 2.489413467412003627e+02 2.665570967112199128e+02 2.368030356387839390e+02 2.920689951210668482e+02 3.509292543473049477e+02 3.704888282093814951e+02 3.346745971899709957e+02 3.010274638865193992e+02 2.734317820507683336e+02 2.370727481277003221e+02 2.019773668366489119e+02 1.628337640042752241e+02 1.240976182968595793e+02 1.100382805828085964e+02 1.256541498415015212e+02 1.119423406499768419e+02 1.129884038699545812e+02 1.139541741774310850e+02 1.337193583275720528e+02 1.963459067159387246e+02 2.326545693675286657e+02 2.548738121703430863e+02 2.540312820013444082e+02
6.818741422558597378e+02 6.165962532076248408e+02 5.544472013071767833e+02 5.057220663599982799e+02 4.649197682420109459e+02 4.271751741175485222e+02 4.206559996551627023e+02 3.835155756461999772e+02 3.685513997663204577e+02 3.294743773231137993e+02 2.834558691573952274e+02 2.277565514688091923e+02 2.368874432390335016e+02 1.797405491948534291e+02 2.044074588435883300e+02 2.058083235539563134e+02 1.833148557311463094e+02 2.409298834348595335e+02 3.096432180167727211e+02 3.292158565903349654e+02 2.919287258441777908e+02 2.437389896253525308e+02 2.277630283641324525e+02 1.916401532385375219e+02 1.575337210276442477e+02 1.226659351851257327e+02 1.083097019672165544e+02 1.280062669968289129e+02 1.100382805894752636e+02 1.184133274709433863e+02 1.146268867976945387e+02 1.283619750159397768e+02 1.907450302450675110e+02 2.459448862505999216e+02 2.943571207411365549e+02 3.264598521849002850e+02 3.258120094275076895e+02
6.436661091257687985e+02 5.822029112601112502e+02 5.165291837257501584e+02 4.628323717797728705e+02 4.200671660120364663e+02 3.839978422396231963e+02 3.569525803418135297e+02 3.303960811467587178e+02 3.048555843250195494e+02 2.810361096540228232e+02 2.595069361319863219e+02 2.803397102391607518e+02 2.817431090125749051e+02 2.292777152876473394e+02 1.612832082669134479e+02 1.492784746316225437e+02 1.400589509528365681e+02 2.164052122678773173e+02 2.717341054265927482e+02 2.840228643974001557e+02 2.512139347244687428e+02 2.025084056637511765e+02 1.612196465147291349e+02 1.498061606638989076e+02 1.064126324428004153e+02 1.064126324494670826e+02 1.273597082738098152e+02 1.624078139361707258e+02 1.606608050923997268e+02 1.184133274776100535e+02 1.421985845354389824e+02 1.416982850703724068e+02 1.900520070792950378e+02 2.501359449807466717e+02 3.142731406308470241e+02 3.719315660359735034e+02 4.000304083102669210e+02
6.102313383683725760e+02 5.520474121985021156e+02 5.048561387299133116e+02 4.654553996269453364e+02 4.319955679404942543e+02 4.323423181931840418e+02 4.154258802636635437e+02 3.973599253279595587e+02 3.558089309522731014e+02 3.396797845696842160e+02 3.265864983706247813e+02 3.409092736232162224e+02 3.338164080861915863e+02 2.812964046629308541e+02 2.347072782949331042e+02 1.976330023171252321e+02 1.400589509461699151e+02 1.813821069912818587e+02 2.222341776140036984e+02 2.268685843444924899e+02 2.155910304263145463e+02 1.651445278239815480e+02 1.115019917044072315e+02 1.034940518655137538e+02 1.213445721267805197e+02 1.064126324494670826e+02 1.600659285887711860e+02 2.065617615696154417e+02 2.178583778289264501e+02 2.187194523838062423e+02 2.265459743222973827e+02 2.119097506157065425e+02 1.716752654444425161e+02 2.432235269260745270e+02 3.158088613431718841e+02 3.757730920718222478e+02 4.262414518805837247e+02
6.395489531194315305e+02 5.986934254526521499e+02 5.586135896437900783e+02 5.227367465081432556e+02 4.937922068992987192e+02 4.880944433440475905e+02 4.738055274857196082e+02 4.518266166777381727e+02 4.157037433918599163e+02 4.030720921450788410e+02 3.941197555733382956e+02 4.010738259290524184e+02 3.810195103638788510e+02 3.403818444339915459e+02 2.946191316621010969e+02 2.417256378996299020e+02 1.863812207001602133e+02 1.256043542497913137e+02 1.679049807016677960e+02 1.714887493024687046e+02 1.638769036867500688e+02 1.462198406554865642e+02 1.011077984121403261e+02 1.145032556611511581e+02 1.188753873135209460e+02 1.521013659508655280e+02 1.954230236228816011e+02 2.483025541287313445e+02 2.842438291902943206e+02 2.833378726758098765e+02 2.952371655550426794e+02 2.551981136016361802e+02 1.930174864915731803e+02 2.280917115351084590e+02 2.784708937531099195e+02 3.351717433944835420e+02 3.955679895760570730e+02
6.249593893982248574e+02 6.087150844792708995e+02 5.766802443065092802e+02 5.475173479989148291e+02 5.299501397691705051e+02 5.162869095007400801e+02 4.986278151782385066e+02 4.839403237619809488e+02 4.650116497985948740e+02 4.529073201835520308e+02 4.426946233663884414e+02 4.291407776706636810e+02 3.952765404597595875e+02 3.529761733404319557e+02 3.057386640554247492e+02 2.479455075133447224e+02 1.926840794372516541e+02 1.526996862200279850e+02 1.091828549617755613e+02 1.344156890358903524e+02 9.686520104088285166e+01 9.894009972887404558e+01 1.348139448140188676e+02 1.262458218149198785e+02 1.972077193198344958e+02 2.190019165833406021e+02 2.354639877053676287e+02 2.956311988833139708e+02 3.473924857089821217e+02 3.526045081342513754e+02 3.472202250502025436e+02 2.909857948703251509e+02 2.451586305044231153e+02 2.273640978194795252e+02 2.975122775304739662e+02 3.551560025490027215e+02 4.066651595503000181e+02
5.686114815234255957e+02 5.652031726171319406e+02 5.234968679617808220e+02 4.872818127371514265e+02 4.829323051789530155e+02 4.731726177980190755e+02 4.426162266445100499e+02 4.445263277391661632e+02 4.363368813578044296e+02 4.299961171473929085e+02 4.203529755856909560e+02 4.043101640305219462e+02 3.567158454792442512e+02 3.103772142819083797e+02 2.677003888142601795e+02 2.306193973121863507e+02 1.832532302940628881e+02 1.292911709168432424e+02 1.152040345002052533e+02 9.563402986597351685e+01 9.686520103421618444e+01 1.019088821765759576e+02 1.465922435266479340e+02 1.915133627711816757e+02 2.457149388648672357e+02 2.881080558064894603e+02 3.051171907541313431e+02 3.517723711500041759e+02 4.066416983038251374e+02 4.217491725605875104e+02 3.895816377225358451e+02 3.354526058119169534e+02 3.128679771925413320e+02 2.579001512899728255e+02 2.726487237215254709e+02 3.114304601716773959e+02 3.670654743255386734e+02
5.057431120115692806e+02 5.053170588363906290e+02 4.581216800088677701e+02 4.063099392840146038e+02 4.033661020341869516e+02 3.965815033407370152e+02 3.674564289852724528e+02 3.680029052144437287e+02 3.625448377781384579e+02 3.612261228107318516e+02 3.530801832222768439e+02 3.556290464265350693e+02 3.132149394638595936e+02 2.605334960521228140e+02 2.184201020413370031e+02 1.826813239007295522e+02 1.497353178113770582e+02 1.150662608205290525e+02 9.379825451544803627e+01 1.018454423184798969e+02 1.400127124295737246e+02 1.553373193906884069e+02 1.334764978010455820e+02 1.941302703084467112e+02 2.647007972041019457e+02 3.314498499699690228e+02 3.751124484853025933e+02 4.176465279051516859e+02 4.617537047770621257e+02 4.793096368351576189e+02 4.433070393554240241e+02 4.018557714898151971e+02 3.541891606062490609e+02 3.104757248970633441e+02 3.030595517790214899e+02 3.421901303234836860e+02 3.767623630890886375e+02
4.429154328537575225e+02 4.379714469441134952e+02 3.984141625889631086e+02 3.343460526459145399e+02 3.218984574740599669e+02 3.240458361144804940e+02 2.968949094532512163e+02 2.934624954900110083e+02 2.878927299390320513e+02 2.926697195199337784e+02 2.796894408538300354e+02 2.935448264427961931e+02 2.748520575757273718e+02 2.190434115533649617e+02 1.739076170714789953e+02 1.433790601213014213e+02 1.205341471267109483e+02 9.252671518723887800e+01 1.161316986585797792e+02 1.220052490404294616e+02 1.844138001018300486e+02 2.053117699924898716e+02 1.628901514177304648e+02 2.247710228293539956e+02 2.828444952472084992e+02 3.386009873321943360e+02 3.906747962469281106e+02 4.395548011022364676e+02 4.982159478270182831e+02 5.264991052181302393e+02 5.072314775080073446e+02 4.586984122686803858e+02 4.094533450773475920e+02 3.734091731452663225e+02 3.439327784270512325e+02 3.835855224353585413e+02 4.240230590748440704e+02
3.724911621500090746e+02 3.597355152886389646e+02 3.410167950775173153e+02 2.967374675997300528e+02 2.496462150783064544e+02 2.713836366547061516e+02 2.369832848564781500e+02 2.297328070461671530e+02 2.219430264872881651e+02 2.428907648602306892e+02 2.110326025517704807e+02 2.393129906333843735e+02 2.283872002627245763e+02 1.809405732367074222e+02 1.055983744283685724e+02 1.025558477761077398e+02 9.132015095269811411e+01 1.213354989712162393e+02 1.440725298464408013e+02 1.770228150172231665e+02 2.244711742111386457e+02 2.592451300462666950e+02 2.429304564672013385e+02 2.068068598045555007e+02 2.406711620823829492e+02 2.926810440223435990e+02 3.520350060692694001e+02 4.220590817411938360e+02 4.939125027178189384e+02 5.529474650960931967e+02 5.570375779044732099e+02 5.173045866633228798e+02 4.764950664473431061e+02 4.358654758455732576e+02 4.014429465070812739e+02 4.379056376755655151e+02 4.779347919559130560e+02
3.083525228695164628e+02 2.857323569958077769e+02 2.636462451767797575e+02 2.425443597216479077e+02 2.247783803483218605e+02 2.089545370227263561e+02 1.912977526377368633e+02 1.760755147306597621e+02 1.599907203180333113e+02 1.395851197580887231e+02 1.624308798632211506e+02 1.749073872578819646e+02 1.815052006086847314e+02 1.386927057452510041e+02 1.235179397096365221e+02 9.003364911466812259e+01 1.037449195561399478e+02 1.477511882845431614e+02 1.842337403271835683e+02 2.217640406768580021e+02 2.717649236918381348e+02 3.167021558908725183e+02 3.123984862004260208e+02 2.700170750540308404e+02 3.096854444024151007e+02 3.002236862652460445e+02 3.586110478106348296e+02 4.239223323406786221e+02 4.960136378977061895e+02 5.664176284854918322e+02 6.001670093344317820e+02 5.836676183604409971e+02 5.428121512501971893e+02 5.051507713947349885e+02 4.892464843076868988e+02 5.054833958481498826e+02 5.441437447759468569e+02
3.854235851178603980e+02 3.545958418613421941e+02 3.237926537536055775e+02 2.939688604199742485e+02 2.890987237092285227e+02 2.839382081918989797e+02 2.556038740893931447e+02 2.426063901624805510e+02 1.999613388844621511e+02 1.402691289685960498e+02 1.238723359658633996e+02 1.132692276832189435e+02 1.400712112964623657e+02 8.861341584202362753e+01 8.807398180180793190e+01 1.170690265862197492e+02 1.317338135624735287e+02 1.875254572098711776e+02 2.344890576188475393e+02 2.764827488234792554e+02 3.214373971677054556e+02 3.684711058897653402e+02 3.754666793242363383e+02 3.461070837177923636e+02 3.786928667776132329e+02 3.688143489268775852e+02 3.722125616587005084e+02 4.286397516860654946e+02 4.942693229322949833e+02 5.654509260583934065e+02 6.268242805050698507e+02 6.340891646710149416e+02 6.119578038409247256e+02 5.881852971781860333e+02 5.760534840177485876e+02 5.868063879035543096e+02 6.130954530247873890e+02
4.512109823770304047e+02 4.164401222052088087e+02 3.856653863802272895e+02 3.565569443343027842e+02 3.531875763592719295e+02 3.451139597900685203e+02 3.206356706975903421e+02 2.899671445442400568e+02 2.434774711608985456e+02 1.972910453217578493e+02 1.625852689230997612e+02 1.356399131718082174e+02 9.528894786118780758e+01 8.550523787471111348e+01 1.138632305534340787e+02 1.486218796432071088e+02 1.863908499555999470e+02 2.364780247855750872e+02 2.892016213814910657e+02 3.324657777932072236e+02 3.741207469624296209e+02 4.110353907255387753e+02 4.301838785351434353e+02 4.293073722857454300e+02 4.468667314375963429e+02 4.416686117623733594e+02 4.460481665189460614e+02 4.875049735722525952e+02 5.478045716723465830e+02 6.014738316315408611e+02 6.445287633843435060e+02 6.575041919695381694e+02 6.432278873862535420e+02 6.312531375367694864e+02 6.172591601486407171e+02 6.218433904776356940e+02 6.365723728632425491e+02
4.944264816204882891e+02 4.629480370394556417e+02 4.337921802733857248e+02 4.082940799932606524e+02 3.913903406363327235e+02 3.693598298525575956e+02 3.376551342010005214e+02 2.975779026667713083e+02 2.486108756943813205e+02 1.923080323761070076e+02 1.370945090295377895e+02 1.158566804555506451e+02 8.550523786804444626e+01 8.550523787471111348e+01 1.345071260597497371e+02 1.795652048989580010e+02 2.247346854349702596e+02 2.696003111292212111e+02 3.130131318919561636e+02 3.528053738105198249e+02 3.902636477712390501e+02 4.181468104710484113e+02 4.425120737294757305e+02 4.647774213037715185e+02 4.895487839383690130e+02 5.012592016031513253e+02 5.151441712752734929e+02 5.418521270277610711e+02 5.773621842368770558e+02 6.061591744185838024e+02 6.222263336107662326e+02 6.236069441180092099e+02 5.947103843679008151e+02 5.951792769267003678e+02 5.664368601362428990e+02 5.719304893441353670e+02 5.831402369014100486e+02
4.719604706282528923e+02 4.391705092890704805e+02 4.121570845255847644e+02 3.815824046633308058e+02 3.534563011937095780e+02 3.256891505014557424e+02 2.934455868240044083e+02 2.548496806132899053e+02 2.051524313726702644e+02 1.578711555189234446e+02 1.204482134445118362e+02 8.255578118171942492e+01 1.149275549286015519e+02 1.317612869323608038e+02 1.004392965997061680e+02 1.632263489737665623e+02 2.103143453670298868e+02 2.490292786057629826e+02 2.823894473474210827e+02 3.189541016518762149e+02 3.568836673484761377e+02 3.669501304976364509e+02 3.964614691273759490e+02 4.270062974213358871e+02 4.643066068816152097e+02 4.940582252273964627e+02 5.192296173669925565e+02 5.336025478062865659e+02 5.544691783015110786e+02 5.524326686776747692e+02 5.588163719746873994e+02 5.677564813857177342e+02 5.314787091131662464e+02 5.390273382679669112e+02 5.014306889266348435e+02 5.065129825970618640e+02 5.167915257859229996e+02
