output/field_example_test_lateral/elevation_000073.asc
nrows	150
cellsize	66.66666667
xllcorner	0
ncols	150
yllcorner	0
NODATA_value	-9999
[rows 85 to 101 of 150, columns 0 to 36 of 150]
-2.112353554516879436e-03 6.200427011166949143e+01 9.629543712619187090e+01 1.079118838718490139e+02 1.029825124542474271e+02 1.055618614918123086e+02 1.017949637113325707e+02 1.137224110018076004e+02 1.003657086735304631e+02 8.383974997509911020e+01 1.234932972836878804e+02 1.195259804988317285e+02 8.363198317125778658e+01 6.561882682254579890e+01 3.258458742294818222e+01 6.589893677795741667e+01 3.653196483588609311e+01 8.313345133114104613e+01 3.412167310102642404e+01 8.819621350390552550e+01 6.828420418035365458e+01 3.972878656465545077e+01 2.690284650013958867e+01 2.820650592475845997e+01 3.498781909027158576e+01 3.009782833748026576e+01 2.976276068233470085e+01 2.976276068900136806e+01 3.066683250332023292e+01 3.066683250998690013e+01 3.442353388365555844e+01 4.313194236949509275e+01 3.627738010124383550e+01 5.271879617531218543e+01 3.729168328672282229e+01 6.436538709514410073e+01 3.934309639214235688e+01
1.008188810563525294e-03 6.440433093091307626e+01 1.249653319208022424e+02 1.615227750189351354e+02 1.673864740058529037e+02 1.662354673654866417e+02 1.697819180375526287e+02 1.688504168608108102e+02 1.260040403494037093e+02 1.508046887404030940e+02 1.599162874669141274e+02 1.590863556032099098e+02 1.365916338173670113e+02 9.258744712091153417e+01 4.474278543255034890e+01 8.993602887198842666e+01 1.269644455546671082e+02 1.418700430398220362e+02 1.521348585568755425e+02 1.315698432362653421e+02 9.880586626193077393e+01 4.464258412729983405e+01 8.022431456171283060e+01 6.298803424958269659e+01 8.108115004719648766e+01 7.703784656631718519e+01 9.015342396684231119e+01 9.623277621755724454e+01 7.812772023589310777e+01 3.203784192297574407e+01 4.932262342839316460e+01 3.442353389032222566e+01 6.266145877910866346e+01 6.163145772172291004e+01 8.757709850521661110e+01 9.811277395231077492e+01 6.294783920996792403e+01
5.630024091932132229e-04 5.926565684795523481e+01 1.237817964211362352e+02 1.851764475644249046e+02 2.213005932715666120e+02 2.282974466088495831e+02 2.344438580943828185e+02 2.079146197655034882e+02 1.627209261607629855e+02 2.057327526783140001e+02 2.166821002111539087e+02 2.146751659498075355e+02 1.744642796600170414e+02 1.262917660261214650e+02 6.069733399825170039e+01 1.206319348124000470e+02 1.661638069572823326e+02 2.008813489559555023e+02 2.041341717292021372e+02 1.594879290415966864e+02 1.000692164647251587e+02 1.193481362536467287e+02 1.220540987570012845e+02 1.139348097997458353e+02 1.231448781723448604e+02 1.275939052812002785e+02 1.437769727519019796e+02 1.369545791881701007e+02 8.958527202828339853e+01 3.203784192964241129e+01 8.585319759841624432e+01 1.136824012522237979e+02 1.220649188295223979e+02 1.280937400290002870e+02 1.315512246943346213e+02 1.296531897722166491e+02 1.258696099936839659e+02
5.599783355097360258e-04 5.275083167273996310e+01 1.125503043764738464e+02 1.778084526877320855e+02 2.401182798921622066e+02 2.784578574604816481e+02 2.858692804885910164e+02 2.516750533316061365e+02 2.065160998246824988e+02 2.440245562865563898e+02 2.713712221076943933e+02 2.574449595829159421e+02 2.070456306335370869e+02 1.405436537140557220e+02 7.783064419963537262e+01 1.331674749771916026e+02 1.960604082558861592e+02 2.438696162780148597e+02 2.439612735438392974e+02 1.936786825385989630e+02 1.389792871404878269e+02 1.830155528401221829e+02 1.816058963095799754e+02 1.772235744257672536e+02 1.817349777581474370e+02 1.912043274776414421e+02 1.977559171603084280e+02 1.610811731508384526e+02 9.692516092243511139e+01 4.401047567503795221e+01 1.128952188209299976e+02 1.626718445651675609e+02 1.878009578092131164e+02 1.956409261499767922e+02 1.897685046886410873e+02 1.847893926066336405e+02 1.920122857593735546e+02
2.193157008885190538e-04 4.725858175911447745e+01 1.009636765206953442e+02 1.620108967444797656e+02 2.285701663707535829e+02 2.908720156605799048e+02 3.217099423577788002e+02 3.040820664309967469e+02 2.612825434516244059e+02 2.813171140801845240e+02 3.119729878236223044e+02 2.827332736604810748e+02 2.147735700249104980e+02 1.469349883430318755e+02 9.461225420718398027e+01 1.417525917901180321e+02 2.072359752212583714e+02 2.710225455189793706e+02 2.806791697226121869e+02 2.330826426469674857e+02 1.847499726753731863e+02 2.338984904359482471e+02 2.475822834407204596e+02 2.486975589497259307e+02 2.492740882386254668e+02 2.534448122795447773e+02 2.330798931771203115e+02 1.778728682084929176e+02 1.213464793178621477e+02 5.432435953976815313e+01 1.126149102056942866e+02 1.732493453957474401e+02 2.276268852088059305e+02 2.555315587149036674e+02 2.534035700605660679e+02 2.462109050505117978e+02 2.490991573451940440e+02
7.118648873034817606e-04 4.370651096516088074e+01 9.298151587790833617e+01 1.492879616048952585e+02 2.133393448651186759e+02 2.819391707681378989e+02 3.401820954836799729e+02 3.496452958090507650e+02 3.214087194267962673e+02 3.374566587596067961e+02 3.480410196252320247e+02 3.044625373873737999e+02 2.258790879590708016e+02 1.422856047293173276e+02 1.120065125553050507e+02 1.740943338590879250e+02 2.308434786470357096e+02 2.965134867872076256e+02 3.161939226545484303e+02 2.698355639195015669e+02 2.502944256166924220e+02 2.747774860867564826e+02 3.142059541708480879e+02 3.182917196563355446e+02 3.077919686677515756e+02 2.854179990267115272e+02 2.429526234774660622e+02 1.838620051786803060e+02 1.221808398698658635e+02 6.251704939485479429e+01 1.146587802228560093e+02 1.728957980229561429e+02 2.334564386125978785e+02 2.883510426966548152e+02 3.134515368738279903e+02 3.115147197421130727e+02 3.064628219014514912e+02
1.057974232122931490e-04 4.503932868479549967e+01 9.306060850976146526e+01 1.475805633986844612e+02 2.101498256596993599e+02 2.804233190076575397e+02 3.502485577502191063e+02 3.891482112824602382e+02 3.844230400969271386e+02 3.925347870540743429e+02 3.696230945617179486e+02 3.055068600570575654e+02 2.323305038302677872e+02 1.668697771841833912e+02 1.319581074096160194e+02 1.725544684127348489e+02 2.416774788842100179e+02 3.128477842538204641e+02 3.523993007399789121e+02 3.324555691452570727e+02 3.215043586100522361e+02 3.428011388327112172e+02 3.639378311779761930e+02 3.538926773252604221e+02 3.161877738477282946e+02 2.671813325142246072e+02 2.139496645616481487e+02 1.785982141452828955e+02 1.314296611988507664e+02 7.031513034383362992e+01 1.201902746926947714e+02 1.744523543617202392e+02 2.302821376035986418e+02 2.900661582628885071e+02 3.446578187159460640e+02 3.698670534881127878e+02 3.649335134772338165e+02
5.251066882157676965e-04 5.868527186957880559e+01 9.758260934671632469e+01 1.512640345761600713e+02 2.118637613671238284e+02 2.792192204375077154e+02 3.492528295298218382e+02 4.038466686084192361e+02 4.324682059839988710e+02 4.325719242356145742e+02 3.778883242086010341e+02 3.071553662171140786e+02 2.424424763099525535e+02 2.021364099920872093e+02 1.562328182941803334e+02 2.021080786594644962e+02 2.467164451053571952e+02 3.121877270717738497e+02 3.809662375669677772e+02 3.956148652000974835e+02 3.934129309683236784e+02 4.026321100530948911e+02 3.866387157179721612e+02 3.408406850854627237e+02 2.836982775025751948e+02 2.256958311366369685e+02 1.552071922606822909e+02 1.239872463456600258e+02 9.790140313615889056e+01 7.733607431438835533e+01 1.398890775438067067e+02 1.896199936037668010e+02 2.243769891475362499e+02 2.797504183428288798e+02 3.406174851773337195e+02 3.957853583176440679e+02 4.167258660484001780e+02
5.776861490948468182e-04 3.091272546677978994e+01 9.534925420997218737e+01 1.589652767268586615e+02 2.142777227570976493e+02 2.686748067980209953e+02 3.204600497786446454e+02 3.867195424645229878e+02 4.379541173046976610e+02 4.573437510316607018e+02 4.198154222650946963e+02 3.521235542808498735e+02 2.907938083954104513e+02 2.383876729431952128e+02 1.847317707452988316e+02 2.322457093957108327e+02 2.869412054639793723e+02 3.496740267515032201e+02 4.114504798753241062e+02 4.537621759696719437e+02 4.509390031065472613e+02 4.228520267298499675e+02 3.740086684798626493e+02 3.045124346678308598e+02 2.325707397192854273e+02 1.988784700699408461e+02 2.108215058214944406e+02 1.774143500126739923e+02 1.324339134734803451e+02 8.496081520239275164e+01 1.156062104659104079e+02 1.521103796973504814e+02 2.052106598244621978e+02 2.620666112673121120e+02 3.242980775792653958e+02 3.898541916018388633e+02 4.480056734649839996e+02
9.093511609199692730e-04 5.943028284749377832e+01 8.079705603115768042e+01 1.210891655883891929e+02 1.671452809694838209e+02 2.191307903021522350e+02 2.795846029622040874e+02 3.495651000663215200e+02 4.203850268328822608e+02 4.690294193100360189e+02 4.522764542730985795e+02 3.950893935392356866e+02 3.361033461115130194e+02 2.737317317545558808e+02 2.177616850819210583e+02 2.641617845432349441e+02 3.214805519314674598e+02 3.881167160069644524e+02 4.549240901989737154e+02 4.886463965081446190e+02 4.646983596836798256e+02 4.030941952238650856e+02 3.356438665956608816e+02 2.756819323016090948e+02 2.900038128617252369e+02 2.690763276004506679e+02 2.612851917386733476e+02 2.170852000245595548e+02 1.592944521808859406e+02 9.496175096694675233e+01 1.586105529527478950e+02 2.005718931470518100e+02 2.128666168919500592e+02 2.630001179367439477e+02 3.192050776627950199e+02 3.824386555003313219e+02 4.499513858977690006e+02
9.272038830275845713e-04 6.590742274503570286e+01 1.269588471659846789e+02 1.754280048616075476e+02 2.212609965111930705e+02 2.684703903116422907e+02 3.181475764551702810e+02 3.710619569474075661e+02 4.254057375066820441e+02 4.687766476863670277e+02 4.773965940681871984e+02 4.410432759980816968e+02 3.769554638759170189e+02 3.125285092996633125e+02 2.569805658112301217e+02 3.001028787892367404e+02 3.564602303920917166e+02 4.237373153658232354e+02 4.891048100502856641e+02 5.093484141264879668e+02 4.553483807618260926e+02 3.803587215196957914e+02 3.203986863585835181e+02 2.756819323082757478e+02 3.325581398999995031e+02 3.270105975434190100e+02 2.867146832481782894e+02 2.184573415719229672e+02 1.557520609684789576e+02 1.047685013021515914e+02 1.684987652490744665e+02 2.233896909599971252e+02 2.586400589960882144e+02 2.801652427377584331e+02 3.293627960094070772e+02 3.880780807529981757e+02 4.560126731557068638e+02
4.805603177988873511e-04 6.717724639987933699e+01 1.280118870805980293e+02 1.834120132199501541e+02 2.308395408314031840e+02 2.734341587708273664e+02 3.092159245337290940e+02 3.390443657553047956e+02 3.838673575585702906e+02 4.435203687388562344e+02 4.827953600896910302e+02 4.725712586591677677e+02 4.187191791492415973e+02 3.623396537690585433e+02 3.057726879970690561e+02 3.432924147406648672e+02 3.955675909674241666e+02 4.602853679007993151e+02 5.222044495031067299e+02 5.329558510682026053e+02 4.733483202677905979e+02 4.113986496987760688e+02 3.532503101764326061e+02 3.466781575878418948e+02 3.739028006973301785e+02 3.548540603686369650e+02 2.906499557148712825e+02 2.203859884257720694e+02 1.592996945460470215e+02 1.143992022401801449e+02 1.745505542631810840e+02 2.072620217815150738e+02 2.455575063435921948e+02 2.854984385979728927e+02 3.334582225818584789e+02 3.916056773161552655e+02 4.601794756181144521e+02
5.824372680692733702e-04 2.616569930676069333e+01 9.305402397023733840e+01 1.459047537536934840e+02 1.861326850162121787e+02 2.286117252970552158e+02 2.483717722867624502e+02 2.783971831829867369e+02 3.357755505802016387e+02 4.032493978129817265e+02 4.717261779526955365e+02 4.964971431422833348e+02 4.681101638486392744e+02 4.161302809750361575e+02 3.690645331669194888e+02 4.002206069618796391e+02 4.428854898321940823e+02 5.011125626757778377e+02 5.581092034990812181e+02 5.645232233149657759e+02 5.119334408432499117e+02 4.543135994868171110e+02 4.169371216059450376e+02 4.187576333689519288e+02 4.147371009657373406e+02 3.710303080247352341e+02 3.014427981279912387e+02 2.360015674031115225e+02 1.865220768417524084e+02 1.236838662659598356e+02 1.546532984952945924e+02 1.934650826131378949e+02 2.338720313241746283e+02 2.788985525556064431e+02 3.307587452448785257e+02 3.917472190356001533e+02 4.621658669317667432e+02
3.049596236187619280e-04 5.631452847592761657e+01 6.413151571895818392e+01 9.403311284257578961e+01 1.275006650343306944e+02 1.643356729729591450e+02 2.052530793362232657e+02 2.590752830222126590e+02 3.196776456174310397e+02 3.870748585023187047e+02 4.572003590926351535e+02 5.044853434143370805e+02 5.001411526155682736e+02 4.762702951715442055e+02 4.499191893128692072e+02 4.644963549774391822e+02 5.028508226823113887e+02 5.475294379811886074e+02 5.961190651828420641e+02 6.004967259094934207e+02 5.543068864450154933e+02 5.105819653338116382e+02 4.808370461847632100e+02 4.539437403387461245e+02 4.166484724654135903e+02 3.676024548515007382e+02 3.032050170467385897e+02 2.410423322794245848e+02 1.848096894627090307e+02 1.325783259063075263e+02 1.595608701970832328e+02 1.909736001909431025e+02 2.269640651019944642e+02 2.768395889645576631e+02 3.316249335544388259e+02 3.942033013406737609e+02 4.657368435189738989e+02
6.311853426452303673e-04 7.024039643073058414e+01 1.196394563246418272e+02 1.525209642952989952e+02 1.889190975114809703e+02 2.260820582265103553e+02 2.653237819579071015e+02 3.104207169790882404e+02 3.687092533760829838e+02 4.199410141945287478e+02 4.643696586233493804e+02 4.852789690128424240e+02 4.890681152826616085e+02 4.997225496439720587e+02 5.071536865454680196e+02 5.259621514628892101e+02 5.565948390355169977e+02 5.937551897771550102e+02 6.276711895302724997e+02 6.305214574601906179e+02 5.929484866189667400e+02 5.421363468496200539e+02 4.868880721444128881e+02 4.333170870841847204e+02 3.740388396786892713e+02 3.276065973005086676e+02 2.906116537781185230e+02 2.469436982562532137e+02 1.946471863318381565e+02 1.428009725196802719e+02 2.005844898393959284e+02 2.442914600852761282e+02 2.853406855177276498e+02 2.938528334123956824e+02 3.425510065406767808e+02 4.004604312240288095e+02 4.714685555573063880e+02
3.896722993865653220e-04 6.091369225085084338e+01 1.257385935354841138e+02 1.902489796071679677e+02 2.418864456328633139e+02 2.834745843190365804e+02 3.208441519809077818e+02 3.562135885639003732e+02 3.916664707597171855e+02 4.167539639942270924e+02 4.281189441897059282e+02 4.246672496019043024e+02 4.218197837923272573e+02 4.584917035953029085e+02 4.870275171919510626e+02 5.157185272890258148e+02 5.497268863033719981e+02 5.884808098693234797e+02 6.251090562380840083e+02 6.326127276567095805e+02 5.830600430220436010e+02 5.259744635825480827e+02 4.503831372820595220e+02 3.833168034348857418e+02 3.235862646367262982e+02 2.702077632145826556e+02 2.342651283705750416e+02 2.026727997892510018e+02 1.743236057567700925e+02 1.507177982418007218e+02 1.792107794581145868e+02 2.706045684186129847e+02 3.290666189249279796e+02 3.596091467415984084e+02 4.022328593190142101e+02 4.550279920530985009e+02 5.071442419681670799e+02
2.648306943097510470e-04 5.582246840126123288e+01 1.197716030025232641e+02 1.880369276227613682e+02 2.497346941740842396e+02 2.948578007657989701e+02 3.281817806187464157e+02 3.482250870292856462e+02 3.616487952328408255e+02 3.611620920904690024e+02 3.596464978087794861e+02 3.568483594391583438e+02 3.501121138475813268e+02 3.900732426581224104e+02 4.193372446912304099e+02 4.522451272227226582e+02 4.916416797940997299e+02 5.385836456586247323e+02 5.946600011450946113e+02 6.182597224879120859e+02 5.681764414425196037e+02 4.921988011575062956e+02 4.273392594468130028e+02 3.737984209140682879e+02 3.292090307655062134e+02 3.290337498982644320e+02 2.912776464646515819e+02 2.577201183837643725e+02 2.140390063552362108e+02 1.626224650095547304e+02 2.030816968420909348e+02 2.733416610095954411e+02 3.303462485353887814e+02 3.615872804380352363e+02 4.161924591818834642e+02 4.783146015460063154e+02 5.430702287290197319e+02
