output/field_example_test_lateral/elevation_000096.asc
nrows	150
cellsize	66.66666667
xllcorner	0
ncols	150
yllcorner	0
NODATA_value	-9999
[rows 85 to 101 of 150, columns 111 to 147 of 150]
6.765936002300976497e+02 7.208808266421241342e+02 7.676682039295892537e+02 7.928748103270640968e+02 7.826580190957068908e+02 7.436187383885683175e+02 6.955934448047254364e+02 6.360237979863713917e+02 5.800181135696004731e+02 5.300584420548944991e+02 4.814243542179473252e+02 4.296033292069851655e+02 3.640233529793491698e+02 4.004597622319562333e+02 4.100351711862286948e+02 3.825789033192326656e+02 3.444610995480440465e+02 4.136253363393238942e+02 4.809354658447577435e+02 5.344805864647901217e+02 5.826081906558480341e+02 6.222348451107219489e+02 6.400358284466491341e+02 6.390591610821734321e+02 6.363652203155670577e+02 6.326844549074963879e+02 6.460994330493580264e+02 6.985508241658700399e+02 7.111341461279228042e+02 6.670246040959596030e+02 6.115106381027302405e+02 6.125236363213351751e+02 6.171613477390427533e+02 6.516412050508573657e+02 6.785235031041983120e+02 7.222861362131285432e+02 7.771382836350526304e+02
7.503342195004380528e+02 7.818971608876473738e+02 8.000981480858775967e+02 7.906182354276878641e+02 7.535091379502734981e+02 6.938282782158099735e+02 6.381327912751867188e+02 5.857939897814362666e+02 5.327251730947128863e+02 4.759794872827426957e+02 4.358268911041014917e+02 3.825157472415648385e+02 4.125367796293879792e+02 4.427341294031928101e+02 4.389869273767324671e+02 3.871012604633129968e+02 3.510831908220086461e+02 4.054469960977193637e+02 4.403300570442726780e+02 5.002972828444535480e+02 5.666384760396641695e+02 6.177999787966089116e+02 6.625894109011265982e+02 6.927269360331996495e+02 7.043746647470909465e+02 7.035815603323958385e+02 7.147935144153850615e+02 7.542860388539069163e+02 7.614528998210535065e+02 7.167592522421555259e+02 6.652767290970978138e+02 6.674389412146232416e+02 6.634820446646978098e+02 7.156877080012477563e+02 7.249268525045072238e+02 7.623210322559708629e+02 8.131499478134646779e+02
8.051499506036522007e+02 8.121636732811033426e+02 7.919194841704168084e+02 7.576754593371751980e+02 7.038553035587393651e+02 6.443868181945830429e+02 5.794225040639820463e+02 5.280237510524920026e+02 4.885384610626330186e+02 4.577042889731948208e+02 4.008819715654916536e+02 4.369892908544580337e+02 4.390615252322896254e+02 4.840123237700591972e+02 4.739274041227070597e+02 3.994602714370892613e+02 3.980390410237767469e+02 3.612897557431818996e+02 4.222620770318736163e+02 4.733730563818909332e+02 5.192687293005982383e+02 5.742484530921898340e+02 6.408926586817621001e+02 6.930011857192661182e+02 7.347858055584027852e+02 7.607234422518613428e+02 7.820863340106760688e+02 8.076869281565554957e+02 8.104276101083186177e+02 7.713428213249119381e+02 7.282555940918504120e+02 7.282162503881611428e+02 7.179671711542654293e+02 7.659062653989345790e+02 8.012486046776677995e+02 8.081779519923256885e+02 8.549056981245968245e+02
8.189038490049289294e+02 7.913505076039020878e+02 7.466342138993876461e+02 7.038698629610382795e+02 6.588552845192090217e+02 5.995454468738194009e+02 5.346724673999333390e+02 4.821638403607161649e+02 4.444079759650386450e+02 4.161585935876396434e+02 4.498338574248870145e+02 4.799463476942354418e+02 4.945770814657313963e+02 5.330124207754874988e+02 5.224595713849895446e+02 4.663899358244573250e+02 4.257638071480251938e+02 3.940388884317670772e+02 3.709386174501405549e+02 4.221773441567179930e+02 4.648703737166243286e+02 5.320421313415872646e+02 5.934590056633712720e+02 6.539270483030225023e+02 7.151078717522538000e+02 7.593726970767584135e+02 7.988194718414415547e+02 8.361733257878071299e+02 8.508583914963381858e+02 8.333597502255595373e+02 7.987288973477743639e+02 7.961231636996184307e+02 7.827172683210550304e+02 8.241218941886664879e+02 8.655166816360255098e+02 8.748016007991765264e+02 9.101400175300016144e+02
7.809947533560595048e+02 7.412838059026551036e+02 6.998559776999462656e+02 6.515386831856689014e+02 6.106574373811512260e+02 5.720424070672560219e+02 5.355321009717977176e+02 4.875137023593772483e+02 4.311097774539725833e+02 4.369328700757368438e+02 4.811017104051899196e+02 5.206381514090495557e+02 5.527308579246873705e+02 5.862362187429595224e+02 5.727236939797569448e+02 5.127172540127540969e+02 4.383404178397237843e+02 3.709386174568072079e+02 4.078686031423020495e+02 3.798718975854397399e+02 4.461129637278406790e+02 4.847175239290327795e+02 5.467344529178299126e+02 6.141196476700140465e+02 6.660490289813469644e+02 7.127674220704158188e+02 7.628227180399763938e+02 8.209369586578268354e+02 8.617475208863472744e+02 8.743376843075322995e+02 8.657072541947483160e+02 8.637206871514393924e+02 8.520958653255269155e+02 8.876991577435393310e+02 9.174364447026904372e+02 9.378502258614437324e+02 9.654590225352566222e+02
7.207599960686347913e+02 6.914814176139906294e+02 6.500587147857022501e+02 6.124991994723144444e+02 5.661307309860666237e+02 5.337383979870668327e+02 4.968037808354558820e+02 4.493000934691451107e+02 4.595598539870822492e+02 4.623923981455775447e+02 4.720142938777668746e+02 5.220239371122409011e+02 5.855457117623665226e+02 6.315551304835091742e+02 6.192429965272262962e+02 5.596487685081254995e+02 4.916040748311044126e+02 4.411287556252083277e+02 4.309486256131162349e+02 3.845033683205344914e+02 4.144234264800705887e+02 4.801331744742324190e+02 5.334964052876076721e+02 5.676471802663730841e+02 6.118388051443105269e+02 6.615544388892375309e+02 7.222601134015892512e+02 7.831604606213965099e+02 8.410644548009796608e+02 8.715540145786965240e+02 8.790413104808851585e+02 8.936817339940597549e+02 9.027035335517580279e+02 9.195577461125873242e+02 9.303868073258904587e+02 9.416588939932815947e+02 9.674213736580659315e+02
6.588374851278347251e+02 6.536058280737595396e+02 6.059303246410837573e+02 5.689816976407798848e+02 5.500448613097684074e+02 5.047327774425385769e+02 4.690177371536718738e+02 5.063175137110313244e+02 4.979191263905737515e+02 4.964550582981543698e+02 5.045894155011665703e+02 5.586434223966131185e+02 6.201391053230282751e+02 6.695673718421043077e+02 6.620564506509854255e+02 6.090119728477687886e+02 5.548828403750985672e+02 5.091589778368768862e+02 4.527139107848707340e+02 3.845033683272011444e+02 3.938870195656872397e+02 4.304275425846930148e+02 4.721234855231752476e+02 5.155064898243447260e+02 5.643533514981457984e+02 6.202152899028467345e+02 6.839637379583641632e+02 7.509788058094766257e+02 8.000815336445728008e+02 8.240644368861716202e+02 8.233650251715029071e+02 8.578179735418299288e+02 8.740349955717862258e+02 8.821987944100031882e+02 8.770526505042353165e+02 8.790707532209945612e+02 9.122277150638541343e+02
6.093991187301671744e+02 6.089591749344679101e+02 5.745394447949900041e+02 5.260691777672849412e+02 5.004165612177620801e+02 4.869508700671017323e+02 5.378022729805824156e+02 5.580712596352334458e+02 5.487180978598536285e+02 5.450819186661577760e+02 5.528795934598259691e+02 6.083628105536192834e+02 6.607778765284525662e+02 7.037906863034895650e+02 6.957837329341099348e+02 6.521782987177399491e+02 5.927966675053567087e+02 5.236214743969891288e+02 4.634630802031819030e+02 4.270606002330029014e+02 3.922098175138844454e+02 4.561653184795042648e+02 5.099801389363848898e+02 5.614051559112051564e+02 6.112362625109929013e+02 6.585766972132777255e+02 7.020474588769289994e+02 7.317095739184343302e+02 7.486476402100489622e+02 7.566451851597252016e+02 7.570056202157325060e+02 7.994569266689684355e+02 8.065100263651673913e+02 8.138288955804243869e+02 8.110853399362896425e+02 8.126926749402833821e+02 8.544624320726862834e+02
5.840315370930456993e+02 5.520438553976321145e+02 5.342013415385540611e+02 5.206038620798129841e+02 5.665183534968304002e+02 5.318607717440428360e+02 5.900474634485365186e+02 6.238376040757929104e+02 6.116776889775514974e+02 6.058595411806592210e+02 6.153742321743311550e+02 6.629785183295316529e+02 7.102074270289845117e+02 7.292968436509482899e+02 7.012978787744646070e+02 6.474764647646400135e+02 5.779835359534107511e+02 5.116498601379876163e+02 4.799684692246645454e+02 4.406658057596722529e+02 3.983450688780743008e+02 4.025706565946257456e+02 4.609214164632670645e+02 5.409396347560581262e+02 5.996409182167855079e+02 6.462191740606198209e+02 6.714829316082712012e+02 6.702510007417389488e+02 7.026192005865847250e+02 6.898427813670944033e+02 6.976422876582066692e+02 7.361380907003581342e+02 7.372650967358177923e+02 7.483274501570389248e+02 7.514481273351268555e+02 7.590492369474724228e+02 8.143630868564300727e+02
5.817080013193138939e+02 5.876874935513528726e+02 5.566493240171906791e+02 6.088475824854516532e+02 6.301108053310337027e+02 6.051140875817724236e+02 6.085313943807443593e+02 6.752752015063070985e+02 6.811673755620831798e+02 6.757092445007814376e+02 6.876721269838203625e+02 7.251424215912148838e+02 7.440445365260598010e+02 7.266438060414368465e+02 6.764198785156667100e+02 6.059463809806154586e+02 5.187835427524680654e+02 4.227677670653543487e+02 4.553546814671223615e+02 4.103667788988404936e+02 4.465011867519036173e+02 4.133060483875357818e+02 4.500237563370157545e+02 4.991714828346425179e+02 5.512664899957624129e+02 6.025254575449883987e+02 6.090204659052213856e+02 6.130037650221497643e+02 6.464198625916337733e+02 6.229777633473341893e+02 6.641289634752371285e+02 6.661525533888186601e+02 6.738147983321824768e+02 6.916378766886231233e+02 6.992043194334562486e+02 7.659277797779485581e+02 8.255697560143984219e+02
6.276501838645236830e+02 5.893726684220439438e+02 6.187441078664836596e+02 6.376136733952959048e+02 6.807983856749988263e+02 6.790861494395096543e+02 6.674456059665228622e+02 7.190119822743922668e+02 7.539839411469241668e+02 7.519770674332307863e+02 7.641282850270654308e+02 7.690413890241029549e+02 7.500955639939789990e+02 7.050516885489433889e+02 6.340928918839756534e+02 5.637412709107102273e+02 5.009148071554980675e+02 4.664936213775192755e+02 4.227677670586876957e+02 4.649210223637987838e+02 4.982607028529106969e+02 4.825661211524502505e+02 4.334483710437835953e+02 4.466100610219488658e+02 5.078838239423864707e+02 5.460590017153152758e+02 5.386701318968293890e+02 5.746378070427065268e+02 5.843685322131733528e+02 5.742121400540933109e+02 6.123809412490720661e+02 5.926730839820903611e+02 6.194217968297112975e+02 6.486540657072305294e+02 6.897588531837723167e+02 7.371079920690407334e+02 7.925696199554299710e+02
6.672195454672980759e+02 6.148281034419754860e+02 6.507479870296608624e+02 6.752293034695932192e+02 7.161351275119254751e+02 7.437105822860747821e+02 7.344545850916148311e+02 7.770889594391990158e+02 8.185733547089329250e+02 8.226381073712882426e+02 8.110982195520211917e+02 7.727041271185976257e+02 7.234149125022817088e+02 6.613581031732052224e+02 6.129510154012899648e+02 5.598071883472434820e+02 5.014646747383679326e+02 4.343679615318549736e+02 4.773903956982738919e+02 5.060606311379250997e+02 5.497023610955634467e+02 5.454283029456400982e+02 5.314533912061433512e+02 5.111220364464559225e+02 4.633838367057024925e+02 4.767448864601142873e+02 4.899538591546731823e+02 5.046232532283145815e+02 5.187861908297252285e+02 5.334490701666886707e+02 5.517276785680645617e+02 6.139955072451487013e+02 6.633065015507660291e+02 7.014554769272607473e+02 7.383420912862012528e+02 7.795534985772346772e+02 8.299962975497617208e+02
7.119262886030752497e+02 6.748751115504203426e+02 6.468451355504977300e+02 6.814057006560900618e+02 7.347332193135727039e+02 7.865338168740086076e+02 8.056256273283036080e+02 8.383961690242200575e+02 8.716836490470154786e+02 8.643950140962791693e+02 8.100611843961128216e+02 7.401086287979460394e+02 6.721854443854384726e+02 6.072926335047637849e+02 5.473874170672153241e+02 5.031421833205789653e+02 4.677346257436996666e+02 4.405073320976725313e+02 4.889823482065136773e+02 5.422582927462079851e+02 5.890511278630175411e+02 6.151450794401259827e+02 6.063272510191740139e+02 5.579388704035716273e+02 4.945079230267185721e+02 5.449270398597241183e+02 5.600712652947021297e+02 5.670309621155884088e+02 5.674787005088905971e+02 6.044896182609213611e+02 6.178667412687901788e+02 5.850143079013339502e+02 6.521440445974980094e+02 6.978117537013781657e+02 7.357059305890356882e+02 7.672516921719310403e+02 8.227963087970724700e+02
7.609587553302191054e+02 7.225432366949453353e+02 6.751309723429435508e+02 7.127108844773766805e+02 7.466449227291089983e+02 8.016819315845908704e+02 8.584273963860908907e+02 8.989326603042303532e+02 9.130931938637500025e+02 8.849397014878379650e+02 8.206369406534305426e+02 7.490234617312437422e+02 6.846395932081067031e+02 6.268551436548312950e+02 6.055859068395528766e+02 5.560411343422778145e+02 5.038601190847522275e+02 4.482755922627893028e+02 5.176859396588594109e+02 5.791500101214902543e+02 6.257122363799757068e+02 6.650229096453966804e+02 6.546137522803990123e+02 5.990870770663982512e+02 5.323871055072617082e+02 5.874193463561163071e+02 6.227861427109857004e+02 6.335144557427083782e+02 6.335985491925719089e+02 6.457588927071303715e+02 6.715667619204576795e+02 6.434446596759966042e+02 6.113943780882099190e+02 6.481867478435370913e+02 6.903603955786261395e+02 7.523617685188681889e+02 8.163709032560150263e+02
8.071937556572808035e+02 7.612390138830388651e+02 7.087808114761276101e+02 7.600333951490027857e+02 7.942670859522688716e+02 8.449264178273421066e+02 9.025636397474229398e+02 9.333133298122565975e+02 9.244861885378130637e+02 8.876961003948717917e+02 8.380023017509978445e+02 7.850675202556535623e+02 7.344569779849106226e+02 6.894046579428702444e+02 6.371525736703954408e+02 5.665684077870165538e+02 5.127171043205059959e+02 4.569084741994361138e+02 5.171391305061863477e+02 5.830476302657928045e+02 6.493856652618510452e+02 6.966607064241637772e+02 6.943941708808425801e+02 6.469333367551562333e+02 5.992384797158856600e+02 5.863068351021775015e+02 6.451059079534173861e+02 6.930910561252225079e+02 7.008237883896950962e+02 7.023246191141086001e+02 7.197258476067738684e+02 6.751408244764902520e+02 6.113943780948766289e+02 6.659403495383866129e+02 7.208157912512828034e+02 7.539445402596693384e+02 8.047840823780546771e+02
8.531502408119400798e+02 8.024198034050992874e+02 7.494307911994725373e+02 7.832518663683658815e+02 8.410984860420227278e+02 8.889075527449781475e+02 9.338400454448099026e+02 9.359593994878835019e+02 8.976266850217847377e+02 8.430524008030172354e+02 8.012255730728913932e+02 7.711477339363000283e+02 7.342978888089709244e+02 6.904051594376786625e+02 6.314131271645320567e+02 5.510882624915789165e+02 4.698022969981645929e+02 5.043313072785747408e+02 5.299983121294874309e+02 5.863420870814987893e+02 6.492826389554209072e+02 7.078155654897572049e+02 7.288518333222385763e+02 7.087325526045685820e+02 6.692156901813654031e+02 6.290637962979556050e+02 6.727558750729758685e+02 7.294900852215914711e+02 7.647564640564070260e+02 7.617714518966475907e+02 7.643705064182519209e+02 7.098466660170216755e+02 6.859231464375515088e+02 6.479046114361584614e+02 7.110611487858068358e+02 7.730336827818525762e+02 8.313390413787699345e+02
9.008910529161894374e+02 8.510738458140358489e+02 8.069498571494978023e+02 8.250357404931852443e+02 8.819759033934893750e+02 9.335700395202726440e+02 9.534109190407783672e+02 9.177371891576480039e+02 8.494791798167067327e+02 7.875880924329915160e+02 7.386827322594906491e+02 7.079398570468165417e+02 6.795207135304037820e+02 6.472577126736232458e+02 5.977397600713034080e+02 5.445705175612239373e+02 4.784995744307167911e+02 5.238110011043050918e+02 5.631519064011426963e+02 6.049859103710931549e+02 6.553823393550208039e+02 7.055950298291915033e+02 7.447914267765838758e+02 7.540469668589912544e+02 7.316827060516285428e+02 6.832563199309154243e+02 7.138811142014249072e+02 7.624295574090026548e+02 8.151839570884374098e+02 8.231780492627781314e+02 8.156729389883799968e+02 7.721318719960643193e+02 7.351449507289966050e+02 6.816169967765032425e+02 6.878907772433053651e+02 7.427874936128680474e+02 8.075859371987809254e+02
