output/field_example_test_lateral/elevation_000044.asc
nrows	150
cellsize	66.66666667
xllcorner	0
ncols	150
yllcorner	0
NODATA_value	-9999
[rows 17 to 33 of 150, columns 0 to 36 of 150]
7.334086556956868289e-04 6.237452919145123786e+01 1.293473274601656726e+02 1.873063707446523267e+02 2.387601576101572505e+02 2.822925688767103907e+02 3.024637503575265214e+02 2.902026043561914435e+02 2.397036891979562370e+02 1.935205558656868448e+02 1.828392404328762666e+02 2.441914335172690471e+02 3.045890258493874398e+02 3.476289595776269152e+02 3.483606525362372395e+02 3.157721706564308306e+02 2.833423608390833124e+02 2.367867819574666726e+02 2.914442234279614468e+02 3.272862326183203550e+02 2.969716055732480413e+02 2.294160920951199216e+02 2.888138912133477447e+02 3.410799513486612682e+02 3.856105256030462556e+02 3.674513913286469915e+02 3.039459013114998811e+02 2.321039590187454849e+02 2.908225986253800670e+02 3.336054064669583568e+02 3.322116600892943552e+02 2.983316485364954360e+02 2.610072875587915746e+02 3.168370416336986182e+02 3.872844352747567314e+02 4.386148907456619668e+02 4.341919508631910958e+02
5.274751909392564990e-04 4.036428415887741750e+01 8.789861398284176630e+01 1.430699519129544228e+02 2.056173457578825889e+02 2.732334218695373238e+02 3.265207606675032821e+02 3.273491529088382777e+02 2.860962789710193874e+02 2.473594901464910265e+02 2.117778989279699431e+02 2.476712985024518616e+02 3.043552137700255003e+02 3.640353307569877188e+02 3.919642730408289140e+02 3.734627155562823191e+02 3.251400245142219205e+02 2.712910251726059414e+02 3.201644595710552608e+02 3.577119744934038295e+02 3.312323816523019104e+02 2.636802338779991146e+02 3.218284438695204699e+02 3.759721324583954356e+02 4.151624910244764806e+02 4.022659612824977557e+02 3.440053042045357756e+02 2.902324421685006541e+02 2.731891508541931444e+02 3.407958751699947584e+02 3.785153710619475760e+02 3.559789292170507906e+02 2.955902486086292811e+02 3.595345235510981183e+02 4.215268604781005592e+02 4.802490774335520882e+02 4.946933938172116996e+02
6.543567491435646000e-04 4.244073714990056345e+01 8.987732867723532593e+01 1.435735025922700174e+02 2.047096194246535106e+02 2.725485135215706691e+02 3.365641006376896485e+02 3.611128158206658441e+02 3.416306278203216493e+02 2.985080689717363498e+02 2.896140905963366663e+02 2.596154066068862676e+02 3.103274304453228183e+02 3.702315576037577785e+02 4.237238754633812619e+02 4.170773282810375235e+02 3.663358874170292552e+02 3.105151874686843598e+02 3.517480262746188373e+02 3.902136215743756225e+02 3.728016180058534701e+02 3.245935461242033284e+02 3.117126404561135473e+02 3.785682700346018805e+02 4.359571891678128281e+02 4.397267577768310503e+02 3.953387201429961806e+02 3.516392759921341167e+02 3.023013783324212795e+02 3.674735970162381591e+02 4.166676902921344663e+02 3.994852573815537653e+02 3.355349386574391701e+02 3.988265458067203895e+02 4.619884362210881363e+02 5.139097364430252810e+02 5.260408689538357976e+02
7.308854398706160797e-04 4.538359120622718734e+01 9.459451734541511314e+01 1.475921195208985353e+02 2.058391925321738256e+02 2.698248032556149383e+02 3.340327985802443891e+02 3.768746168803417618e+02 3.858319146870362601e+02 3.672289615362806217e+02 3.596588923840026268e+02 3.164258676529252625e+02 3.264624663916684426e+02 3.994379052958054217e+02 4.537299110525154333e+02 4.598811708837445167e+02 4.149979117240966389e+02 3.643409234531607126e+02 3.764416350430899456e+02 4.259522971417437702e+02 4.226558872198071413e+02 3.858729448497583689e+02 3.469257295270604686e+02 3.890400648877846379e+02 4.547985394315933263e+02 4.802083399325469486e+02 4.528030759985658733e+02 3.967855188807473610e+02 3.349544475269015607e+02 3.981912799540027095e+02 4.484246039942025845e+02 4.467390422974213493e+02 4.064938892492655214e+02 3.938353605797645400e+02 4.660969328252061246e+02 5.323217133400580678e+02 5.361865240303867495e+02
7.572089623980787559e-04 6.103817266194351987e+01 1.103942591076556710e+02 1.552324470041915845e+02 2.025207386250943102e+02 2.527771809027119616e+02 3.000676565450588100e+02 3.601946482491455299e+02 4.052682996213626438e+02 4.258641841052435666e+02 4.204598947464339176e+02 3.838967334098376796e+02 3.914253468327611927e+02 4.105088590023725033e+02 4.750407206699013045e+02 5.064534370993556536e+02 4.805743416475219760e+02 4.280382073485373553e+02 4.286809139737653709e+02 4.678819247240919594e+02 4.733704814324577796e+02 4.357718098086909890e+02 3.961223418236102134e+02 4.149214483947953340e+02 4.702886806981092604e+02 5.178005726155166712e+02 4.970196117755630212e+02 4.375949440679652298e+02 3.777505366786951413e+02 3.912919505707145049e+02 4.657957947002618084e+02 4.971096965806123080e+02 4.801836471716117671e+02 4.376407114935569780e+02 4.993750782014201945e+02 5.549086146426222967e+02 5.555539469542051165e+02
2.914550873057958737e-04 3.064937611089146685e+01 6.609277670444579655e+01 1.056301824285174433e+02 1.495316176217666566e+02 1.986058898778734374e+02 2.553092305782625999e+02 3.202826050370534858e+02 3.904134427405745100e+02 4.502299799707900547e+02 4.730529134791640899e+02 4.592983760638224453e+02 4.650108998324367917e+02 4.788515068371808638e+02 5.175234559470193290e+02 5.560752287379383461e+02 5.418285778310309979e+02 5.026784946176676954e+02 5.006913503928445266e+02 5.114161538891501664e+02 5.215662097304006011e+02 4.779963137809764930e+02 4.634016147336446352e+02 4.763688416421711622e+02 5.001565869279394860e+02 5.518001996794945399e+02 5.382995231052229883e+02 4.814595932179147439e+02 4.247709311015322555e+02 4.297195458165847413e+02 4.865962234902473256e+02 5.396389348856616834e+02 5.366272300205868078e+02 4.936272927506512360e+02 5.143901189830195335e+02 5.754927561455409659e+02 5.646405345064300718e+02
1.560245990706205258e-04 3.453002062107568548e+01 7.290600013107652444e+01 1.146819492435920012e+02 1.588711444914274864e+02 2.066354004619233820e+02 2.596524114520727835e+02 3.191732686949111439e+02 3.841595529139435143e+02 4.518277025524950545e+02 5.079983432686390188e+02 5.261963298179812227e+02 5.384814029483742388e+02 5.513197564389557783e+02 5.709870891822506564e+02 5.918199791660322262e+02 5.896915012743746729e+02 5.773681794448865503e+02 5.749065390857729199e+02 5.728609097068708707e+02 5.736393604091489351e+02 5.415747953578132865e+02 5.344350867507271232e+02 5.437787073591038052e+02 5.609236760917106039e+02 5.943712426690946131e+02 5.825712478204753779e+02 5.302396231395667883e+02 4.800903766431060262e+02 4.863230120311095561e+02 5.032528917274052560e+02 5.682456508563923308e+02 5.869132429659166519e+02 5.545947979959946679e+02 5.690613591864392902e+02 6.100443602531063334e+02 5.924326212325750021e+02
4.209342604524442038e-04 6.361632948163061485e+01 1.079297413308206046e+02 1.481533174580995365e+02 1.895361918260178982e+02 2.342882901606549240e+02 2.844281827583233735e+02 3.399414179902753972e+02 3.926668119991093135e+02 4.574006975395896575e+02 5.157389143851052040e+02 5.516396060053034489e+02 5.744609162084871059e+02 5.777922667927892917e+02 5.718125476332903645e+02 5.772613863253353657e+02 5.823397149790597496e+02 5.973220230142152332e+02 6.161146494522637340e+02 6.218571270501263371e+02 6.164269843412571390e+02 6.010412721869477082e+02 5.960088850719688480e+02 6.032825844011804293e+02 6.199346904779417855e+02 6.384092968497247966e+02 6.276651302786053748e+02 5.853538670172240472e+02 5.467611995995886218e+02 5.509420075278771947e+02 5.667511445592745076e+02 5.919886425005378214e+02 6.379517864106489924e+02 6.220030631040515345e+02 6.316069832418717169e+02 6.550885070126010987e+02 6.235999103321520352e+02
9.909489495779951872e-04 5.807499022039235825e+01 7.570796561263161095e+01 1.109742817057490925e+02 1.506465382558474460e+02 1.954328457161526842e+02 2.479536990879549307e+02 3.103474064759457178e+02 3.888285831206999887e+02 4.554213782556873298e+02 4.838849486634629216e+02 5.146883461010786505e+02 5.466128471500119304e+02 5.394055221933222128e+02 5.071081023324205717e+02 5.104252422166691758e+02 5.135225949848385198e+02 5.481390985857010492e+02 5.922231053174100452e+02 6.098646519016496086e+02 6.023850615676669804e+02 5.936822700386910583e+02 5.924684488345143336e+02 5.978441806820648026e+02 6.207514356840923710e+02 6.482975040390439290e+02 6.600515859678642983e+02 6.453812156983317436e+02 6.203850645944665985e+02 6.220988641134723593e+02 6.363507070887603732e+02 6.557802732809418558e+02 6.916216164347988524e+02 6.903641471177319318e+02 6.953873930422380454e+02 6.951981659693493611e+02 6.326750275382047448e+02
7.446615011087333704e-04 3.083847657758566285e+01 1.030781377483647532e+02 1.605599638401388063e+02 2.076409016803297618e+02 2.485630463791975444e+02 2.988325189885653117e+02 3.600527176654332493e+02 4.119420642374916497e+02 4.412687781280789636e+02 4.249392444893584297e+02 4.627077802899831909e+02 4.993483708762282731e+02 4.844806708457879836e+02 4.362057852012253534e+02 4.392955024744944694e+02 4.420599785948935505e+02 4.929972389288476506e+02 5.470376871259829841e+02 5.550945644926036948e+02 5.375049396510306678e+02 5.279954024561874348e+02 5.284598378695827705e+02 5.285332588976024226e+02 5.642061090918693935e+02 6.124088439570650735e+02 6.484380578380433917e+02 6.709225763031249699e+02 6.741302561453657063e+02 6.827633739115959770e+02 6.997949082491447825e+02 7.202445853367646578e+02 7.403824830769592609e+02 7.495549695076874741e+02 7.508258715104425391e+02 7.317796720815450726e+02 6.740027577241918380e+02
1.012335675538303306e-03 6.006296084103412625e+01 1.039896451317457036e+02 1.610780492632964069e+02 2.235520523002911375e+02 2.887311335130063981e+02 3.430472578591495108e+02 3.874608340988111195e+02 4.149860792111081764e+02 4.044459087246320337e+02 3.638592603626524351e+02 4.096716770448132365e+02 4.495937078076929652e+02 4.291906383801690481e+02 3.716578151892538813e+02 3.754831248682680211e+02 3.821995595459243305e+02 4.435066485654711528e+02 5.036564199563366060e+02 5.089515746082508940e+02 4.665766153252766912e+02 4.561934654903627120e+02 4.602600133956506170e+02 4.577396537944458146e+02 5.033393427901881410e+02 5.513169649522720874e+02 5.998870458795689729e+02 6.386315869791103523e+02 6.531979599864332613e+02 6.769480032446497262e+02 7.062999360100054673e+02 7.332984732295431058e+02 7.413922633839797527e+02 7.563149612715550347e+02 7.575021455329024320e+02 7.504815235060192435e+02 7.190823447697588335e+02
6.267355589466023363e-04 4.623374453986562571e+01 9.678817264656817088e+01 1.544144970205714458e+02 2.192637311709260359e+02 2.878268172919945869e+02 3.475039602837970847e+02 3.757489383794393234e+02 3.774314366307812065e+02 3.469792466249581935e+02 3.088103357168108118e+02 3.611728614906103871e+02 4.026418336647264482e+02 3.773058938592170648e+02 3.134973889307055401e+02 3.180964358385526793e+02 3.316471058286131779e+02 4.034717028341684681e+02 4.669501626078105687e+02 4.678962833720601111e+02 4.094794604168901060e+02 3.919229059210337596e+02 4.027760664500415828e+02 4.014906875838420319e+02 4.458898929378458433e+02 4.985683755544380347e+02 5.605134385568453581e+02 5.734910277778227510e+02 5.796806929307286964e+02 6.159857479935728861e+02 6.590780434699748866e+02 6.929809720530020059e+02 6.784125672640229823e+02 7.061912385974424069e+02 6.999489818481075645e+02 7.126824602569247418e+02 7.150814601448518033e+02
3.170922192848684134e-04 4.770405675204441565e+01 1.018272429324833865e+02 1.631276499781878329e+02 2.295984526396454726e+02 2.916014812178447073e+02 3.241587218633995917e+02 3.220362373690760478e+02 3.213544136475080109e+02 2.816595805782674802e+02 2.619680961604068443e+02 3.186968463865028411e+02 3.578132990949985128e+02 3.283052086717813154e+02 2.604126685932439500e+02 2.648647607720106407e+02 3.311698826134673368e+02 3.970795562843471203e+02 4.340149317876613395e+02 4.310808908315627264e+02 3.819919010285664172e+02 3.330120424846718379e+02 3.634647637269370080e+02 3.580756352152040449e+02 4.074326307926772870e+02 4.693733213664380628e+02 5.168176792334551237e+02 5.048290676943182689e+02 5.074814579063450992e+02 5.557759525217411465e+02 6.216009643657415609e+02 6.403316777782169993e+02 6.059615475822489543e+02 6.400504203621097759e+02 6.235272687773971256e+02 6.369807419505546022e+02 6.512352508443850638e+02
8.199519982150405440e-04 5.265072839764115287e+01 1.119913178523630393e+02 1.761198938672760335e+02 2.363205928853037676e+02 2.705798026727086381e+02 2.705968854979451521e+02 2.570694019060929918e+02 2.576453339125381490e+02 2.219744701544795760e+02 2.227738271452041374e+02 2.863849960088766124e+02 3.078761246604897224e+02 2.767960208845250918e+02 2.122785913346174311e+02 2.541090977683930703e+02 3.075808344455334691e+02 3.597575625052509167e+02 3.771236763510948435e+02 3.865673603531620302e+02 3.456692121387260386e+02 2.925180222781099815e+02 3.066057227210769156e+02 3.629532746969949812e+02 4.182243591245653533e+02 4.600825600602532859e+02 4.642764661806290860e+02 4.383906532651377574e+02 4.488329926213409067e+02 5.183775460338174526e+02 5.859759427914464140e+02 5.903824223091320391e+02 5.424461040017532696e+02 5.689404342221849902e+02 5.487191358945520960e+02 5.606907370087451454e+02 5.739532749874509818e+02
6.973477946781249165e-04 5.883833817509370334e+01 1.218390124437509314e+02 1.801613690835728221e+02 2.112467810324308175e+02 2.180245188763002204e+02 2.121319733300981625e+02 1.947262182371252948e+02 1.866053368270173394e+02 1.689749317608416845e+02 2.270179211680171818e+02 2.563967020082250770e+02 2.466876514381962977e+02 2.236269771841553506e+02 1.814046071517268217e+02 1.814046071583934747e+02 2.583875773754448915e+02 3.089244251228300868e+02 3.149254102092922949e+02 3.323086629951514510e+02 3.081576856650372065e+02 2.585058074345674299e+02 3.083589265951274569e+02 3.640076761904451246e+02 4.112144970749178583e+02 4.195952987516577650e+02 3.930540610940263377e+02 3.794284987959501905e+02 4.413071670157904691e+02 5.075713332681852421e+02 5.596972740485755367e+02 5.467320353495582594e+02 4.878679167772486380e+02 4.979602131294568608e+02 4.812199825681037737e+02 4.945505798012980563e+02 5.068645522926829017e+02
2.601217420032892001e-04 6.392944348083427286e+01 1.209995084049112393e+02 1.500824751588423283e+02 1.470699077941487758e+02 1.570705401615550443e+02 1.591162803337137461e+02 1.403488290733539827e+02 1.186734593835156488e+02 1.700593284425347917e+02 1.991542608003493342e+02 2.026097580534392080e+02 1.985282121531470239e+02 1.482443229037649814e+02 1.929272360222888665e+02 2.192560762963134380e+02 2.440715040337684059e+02 2.479101932860302782e+02 2.558750485542740307e+02 2.703487883813818371e+02 2.630122303734182765e+02 2.328174482890598256e+02 2.993882910128996286e+02 3.551084388680030202e+02 3.792521595759152433e+02 3.698724375535335298e+02 3.231107416377834625e+02 3.718898920434733100e+02 4.361549561688597692e+02 4.956290617782710797e+02 5.214291248100607845e+02 5.066258782939625007e+02 4.404012698190944661e+02 4.340597165376308340e+02 4.220428917660365755e+02 4.386498327583449282e+02 4.535006932776938697e+02
6.625584866388835358e-04 6.209357387986935350e+01 8.562185729867354667e+01 9.307184545860661729e+01 7.653280369525630533e+01 1.153570047410537001e+02 1.169291745126206052e+02 9.508537526967660369e+01 8.833092072937050432e+01 1.318949725850126526e+02 1.409140623576969915e+02 1.426936090419206664e+02 1.484204455999349648e+02 1.196995919849203602e+02 1.567747124567415256e+02 1.808261202561157006e+02 1.870532839263157143e+02 1.826567922800709596e+02 2.121735056759663109e+02 2.122866083398466515e+02 1.961759507827431150e+02 2.538599694593358151e+02 2.970123341561580901e+02 3.215795518211886588e+02 3.240717554024622018e+02 3.072898230334274672e+02 2.870795990056978439e+02 3.547278421426329373e+02 4.184443102928629514e+02 4.513780529599847000e+02 4.603542972440218364e+02 4.625545990440283504e+02 4.296223311859022260e+02 3.758667896959629502e+02 3.697354376039291992e+02 3.917962021972347202e+02 4.166466032714421885e+02
