output/field_example_test_lateral/elevation_000066.asc
nrows	150
cellsize	66.66666667
xllcorner	0
ncols	150
yllcorner	0
NODATA_value	-9999
[rows 51 to 67 of 150, columns 74 to 110 of 150]
1.845101585926102246e+02 2.374274350009816885e+02 2.678956163852700456e+02 2.570391492076245754e+02 2.149042739558021253e+02 1.480275344504061081e+02 1.766633149514459831e+02 1.632373807018307161e+02 1.259828781667639390e+02 1.436081117736300143e+02 1.279767431764350647e+02 1.288947277141598988e+02 1.288947277208265518e+02 1.303667172849764881e+02 1.495706337064760874e+02 1.336899535614673766e+02 1.467901668624645026e+02 2.035381494262498450e+02 1.826421844569941300e+02 1.408583906258301113e+02 1.408583906324967643e+02 1.416241718331941115e+02 1.659737903656244669e+02 2.670546655117533419e+02 3.278882390316704800e+02 3.768087038038102037e+02 4.143843630994114733e+02 4.256236913829808373e+02 4.179519100221193071e+02 4.173345692590563658e+02 4.194708794115650790e+02 4.813686772036410844e+02 5.477274061419363989e+02 6.042879217522089448e+02 5.977748252632313779e+02 5.405092401668894126e+02 4.816024908576033567e+02
1.760529726332260623e+02 2.099149342398334852e+02 1.602969726376161645e+02 1.945117452836732639e+02 1.660234537299154454e+02 1.386059203816673460e+02 1.465702654777251723e+02 1.232974256228050365e+02 1.408676352225119217e+02 1.259828781734306062e+02 1.435970929334752100e+02 1.368074575414401295e+02 1.715691429848616281e+02 1.866434361266096857e+02 1.874971334097519389e+02 2.090582697395279581e+02 2.089484683139711763e+02 2.512833307120387474e+02 2.377921367631869316e+02 2.011749097490556153e+02 1.799152396443740827e+02 1.440772060207820573e+02 2.002894367872658279e+02 2.447529690878687347e+02 3.138518845303054263e+02 3.709034284509498320e+02 4.156462160578246881e+02 4.507321316816427270e+02 4.715128226882012541e+02 4.825902150658382652e+02 4.871340931261105425e+02 5.062621097448120508e+02 5.686374386271874073e+02 6.292814075643545948e+02 6.356508080557999847e+02 5.909897192438827460e+02 5.458599851663506115e+02
1.235773066998173846e+02 1.646242334497539730e+02 1.528974635116404386e+02 1.450300268265581849e+02 1.171061277144774238e+02 1.255485892759792534e+02 1.202466770656189254e+02 1.475026443638177795e+02 1.583762110788200346e+02 1.875936048149438591e+02 1.848308121374335826e+02 1.562033268131180819e+02 2.170805018232788655e+02 2.533106661284023460e+02 2.522133937687598575e+02 2.650683258805342462e+02 2.777956761798809566e+02 2.989382572823873829e+02 2.830350608555134500e+02 2.189846968373371965e+02 2.030764774464707330e+02 1.810267241156915361e+02 1.494715389708406121e+02 2.207430316293083763e+02 2.730996065770411292e+02 3.257320080592422755e+02 3.725752870669898584e+02 4.246169866787049045e+02 4.665273527498515023e+02 5.047466463931613134e+02 5.378221059211859938e+02 5.676538846997631254e+02 6.089998540592029030e+02 6.541249194689524984e+02 6.711584781919171974e+02 6.469834457245832482e+02 5.983834779599103513e+02
1.445139341961693162e+02 1.115647750665676057e+02 1.130481610714830083e+02 1.135077559598434078e+02 1.426635883299638010e+02 1.171061277211440910e+02 1.569577514490351007e+02 1.904433404276025499e+02 2.228656343609752355e+02 2.376980953540275436e+02 1.935692147751012158e+02 2.261564591279596925e+02 2.695006449100147279e+02 3.121697033885149608e+02 3.230796433351030146e+02 3.306101336464590190e+02 3.459167923612371283e+02 3.533333425716797365e+02 3.148370182779925130e+02 2.549842822003249978e+02 2.006765075359402601e+02 1.764247853525390610e+02 1.718182703214398543e+02 1.546651689891101285e+02 2.270898628771553831e+02 2.777436411873521251e+02 3.227610180725478699e+02 3.685528555661877022e+02 4.163558862244345846e+02 4.729004261938100626e+02 5.191183997862153774e+02 5.626558912275289686e+02 6.077331265666375657e+02 6.495138543573179959e+02 6.780687914066938902e+02 6.776174634491997040e+02 6.422752023864994726e+02
1.085326137969169622e+02 1.355950838662167541e+02 1.130481610781496755e+02 1.168925547477905980e+02 1.752951183844751597e+02 2.057907680109991020e+02 2.207450773881010946e+02 2.303610284809162465e+02 2.824204252033297848e+02 2.878131028002196672e+02 2.679682874018112102e+02 2.304359279007880730e+02 2.843392051794289159e+02 3.464613809943356841e+02 3.902152487044197642e+02 3.994027305631645959e+02 4.068947170729480831e+02 3.790032774260970996e+02 3.166545894977190869e+02 2.517141784060977159e+02 2.535908136030381854e+02 1.872551176013961083e+02 1.621010351531214440e+02 1.613257452829801650e+02 1.592315631394739626e+02 2.325245337097573781e+02 2.728359055321383266e+02 3.119271644899629905e+02 3.635027563940040523e+02 4.122267769177740888e+02 4.589199264824284796e+02 5.067522911973715622e+02 5.563784288984485329e+02 5.965991925583699640e+02 6.408233695869113262e+02 6.707886985390805421e+02 6.692573758690049317e+02
1.241626018472766901e+02 1.294551999734957803e+02 1.499111235946629677e+02 1.765708943339566588e+02 2.114032883186905281e+02 2.541317495052316815e+02 2.895463881892912354e+02 2.914940865882545040e+02 3.395056410913853711e+02 3.496659615155990650e+02 3.146132540333496195e+02 2.590924503315757761e+02 3.159803733981525511e+02 3.797898780472476119e+02 4.391620045943142827e+02 4.597820956305560003e+02 4.405683388188853655e+02 3.821349486942705767e+02 3.147826304344641812e+02 3.159339544714132444e+02 3.068059436701125264e+02 2.534772216236069937e+02 2.099377264431734602e+02 2.048617734437514173e+02 1.621967331367012548e+02 2.113544783500163646e+02 2.257435195652026039e+02 2.711811644637328413e+02 3.118933696168320466e+02 3.530809280685538170e+02 3.971127962711159398e+02 4.486877946416741452e+02 5.085203503121329618e+02 5.252708725703579375e+02 5.772700064351901119e+02 6.350711488256431494e+02 6.680219686088267963e+02
1.274088290347928307e+02 1.740170544198406049e+02 2.065417760807013394e+02 2.080439277539379361e+02 2.489864660754698491e+02 2.948670418987509834e+02 3.472341527001518671e+02 3.613394026723121328e+02 3.984532794526007820e+02 3.994989248372646102e+02 3.568537337487713899e+02 2.901237189428791226e+02 3.465233496997262819e+02 4.125888707374916748e+02 4.766244372529606608e+02 4.994751455318616991e+02 4.514203224053635495e+02 3.881972602319852399e+02 3.785634989011094262e+02 3.828057864976941005e+02 3.490427673881177952e+02 2.981943722573388413e+02 2.608334422030923747e+02 2.356949529012373148e+02 2.085762845573152333e+02 1.678960307258987541e+02 2.144544941104842337e+02 2.381481311939036516e+02 2.703743078483610134e+02 3.033523713243168913e+02 3.479082286228338035e+02 4.051466011869848103e+02 4.460033858840442917e+02 4.568783838107524957e+02 5.235808764834642943e+02 5.808546499843087076e+02 6.369974686638385037e+02
1.968461603036720931e+02 2.404861371220500246e+02 2.602318887360059421e+02 2.600757311006837540e+02 2.976943664673392504e+02 3.413261685742637610e+02 3.931313953681133171e+02 4.353318395515318002e+02 4.549674038536046510e+02 4.360051995473415900e+02 3.798107279197412254e+02 3.229162262150175593e+02 3.790875379122384174e+02 4.457196632233184914e+02 5.115150214101806796e+02 5.343897212904881826e+02 4.923653083341920933e+02 4.491846243583203204e+02 4.456538820511379981e+02 4.398027661757807891e+02 3.962379587447221070e+02 3.528378287702972216e+02 3.140369253883937404e+02 2.781324272997478602e+02 2.341084940297382104e+02 2.027964219162608686e+02 1.734138799746185953e+02 2.206286554734855940e+02 2.302048611112597882e+02 2.690227759702343064e+02 3.134346171465899147e+02 3.572212771858175415e+02 3.670195887460556605e+02 4.190979677355376793e+02 4.712990250340332068e+02 5.288927813137926250e+02 5.841297676758944135e+02
2.465542519138951718e+02 2.896244538426923327e+02 3.250392400580577146e+02 3.278266992041196204e+02 3.618963162238450764e+02 4.012602648743106784e+02 4.451649963053577039e+02 4.902628262556276013e+02 5.001961988370446193e+02 4.515801065897003923e+02 3.946380366407806264e+02 3.607287358218674740e+02 4.160201703639526727e+02 4.819817587598699902e+02 5.482206954146917042e+02 5.748455648968202922e+02 5.419576752351673576e+02 5.252023836461041810e+02 5.082658623341445718e+02 4.822643586786908259e+02 4.417181023925095928e+02 3.974099639446039305e+02 3.482116299402293862e+02 2.885281963103647627e+02 2.393540434632022595e+02 1.874335273436171576e+02 1.883340682717517325e+02 1.781660808715951134e+02 2.256500259313394281e+02 2.432586388557106716e+02 2.812706832945856945e+02 2.906898878674820139e+02 3.332750739694757840e+02 3.760741849560645846e+02 4.244780376721141124e+02 4.728225655608190436e+02 5.332452073763057570e+02
2.816630692419683442e+02 3.301620017318885516e+02 3.674235277372292785e+02 3.905907008502651934e+02 4.220837178925453372e+02 4.594149300560411007e+02 4.992819027316493816e+02 5.333519823041423251e+02 5.355758793053814770e+02 4.895635972891074630e+02 4.354784460369340309e+02 4.113820317872641681e+02 4.614227642477608811e+02 5.237199057837962073e+02 5.865292900467480877e+02 6.149593648195514106e+02 5.968640043478610551e+02 5.662577856248451553e+02 5.246476491169933070e+02 4.823138061475154359e+02 4.386598529364821957e+02 3.893812248679410004e+02 3.326927743149047387e+02 2.724481124453149619e+02 2.047879733254153223e+02 2.395040937469439370e+02 2.040689389488590848e+02 1.812563069249708008e+02 2.100096655550030675e+02 2.116165685900437836e+02 2.336471856007173642e+02 2.655657056945229897e+02 2.981761125071413403e+02 3.377595447787400644e+02 3.772321445003533995e+02 4.188082781858661292e+02 4.886869307747995776e+02
2.701389015167994785e+02 3.205448649885124155e+02 3.524487556630388099e+02 3.841730427075059993e+02 4.209736201235133422e+02 4.639393275374324617e+02 5.103397529668433208e+02 5.517782387889301390e+02 5.656513110965780697e+02 5.401655120484321060e+02 4.941440014675226848e+02 4.719959371725254300e+02 5.209274903701120820e+02 5.718699672234843092e+02 6.210821423459341304e+02 6.316848314609034105e+02 5.984202107924650136e+02 5.509475718079628450e+02 4.886023309192024726e+02 4.351739401107333833e+02 3.932871184280851367e+02 3.508080281013281478e+02 2.867711072250467055e+02 2.216544057173380224e+02 2.612237571752045255e+02 2.963092838371775315e+02 2.778941976511040934e+02 2.303006712779391307e+02 1.861962014819049216e+02 2.082846707957162380e+02 2.273935564423053393e+02 2.399432567269771539e+02 2.697744438857212685e+02 3.021761280901297368e+02 3.356306570377644789e+02 4.108264912371949436e+02 4.866090142450421467e+02
2.304404109586815821e+02 2.760131483028068828e+02 2.837944631350358691e+02 3.183839477029698060e+02 3.606683415580193923e+02 4.141780480511699807e+02 4.711221316448027778e+02 5.304303736969973215e+02 5.701690483215669474e+02 5.793044252244732206e+02 5.598699978808074320e+02 5.441304320582172522e+02 5.825938571501849310e+02 6.259378328158735485e+02 6.451080783296898744e+02 6.195556442056881679e+02 5.626038041565207095e+02 5.086773734151838084e+02 4.513481680372771621e+02 3.875434344379048071e+02 3.354816667825591026e+02 3.246929334262368343e+02 2.903890051433634198e+02 2.337685236327482698e+02 2.979347414923334441e+02 3.465367556639365034e+02 3.356558417323740855e+02 2.822694877351970604e+02 2.339733447466330176e+02 1.902342203941672665e+02 1.961329975455779504e+02 1.961329975522446034e+02 2.474616179779943081e+02 2.713773616061617986e+02 3.298844258702351908e+02 4.025422457886489269e+02 4.669067421796049189e+02
1.944132313179436835e+02 2.135779331993728647e+02 2.135779332060395177e+02 2.433856523468546698e+02 3.008572310333516953e+02 3.651905432741823461e+02 4.253065171181708592e+02 4.832282786517916975e+02 5.462041553313179065e+02 5.930808960348305163e+02 6.181083251717236635e+02 6.203849493154702941e+02 6.469566943182263685e+02 6.592875733899077204e+02 6.411584533696430981e+02 5.935070622586061972e+02 5.286145682215710622e+02 4.635582184250606588e+02 4.171175723706450071e+02 3.651507380009020949e+02 3.268761273557810227e+02 2.653314282950988741e+02 2.524418379974925699e+02 2.792181407653025644e+02 3.332877498098363276e+02 3.864412005362492550e+02 3.828930444801530939e+02 3.300113544981556970e+02 2.737535222019549792e+02 2.314737604916987550e+02 1.935880792338859351e+02 2.225670900334206692e+02 2.362041725900175209e+02 2.463798397096256565e+02 3.208022583518185797e+02 3.875139152546416881e+02 4.288150276595649757e+02
2.679147066254161587e+02 2.300917269534118930e+02 2.724709773805585087e+02 3.028191644213012523e+02 2.843329901398395236e+02 3.198376313793658596e+02 3.729161275208852544e+02 4.338166989805914682e+02 5.020269367432433114e+02 5.762713704924746025e+02 6.424779345420243999e+02 6.754442603748561851e+02 6.790222402581659935e+02 6.544321205884824622e+02 6.155761599216439208e+02 5.567792993950537266e+02 4.931764087448800069e+02 4.482026821018117175e+02 3.830708823252786033e+02 3.500699016131818553e+02 2.872763822651081114e+02 3.002642627936070312e+02 3.313985576500465413e+02 3.508875319214998285e+02 3.663773849894276395e+02 4.237660413868118781e+02 4.224596413871052505e+02 3.696634712200605009e+02 3.138501927603185209e+02 2.797354766381998274e+02 2.259578914117734314e+02 1.970316250102794982e+02 2.134682743746916742e+02 2.338611374430311969e+02 2.570205351604683415e+02 3.361394631871375509e+02 3.732537953009724561e+02
3.151013171013055398e+02 2.591172994065403259e+02 3.120923436126141155e+02 3.449955019599493653e+02 3.318256033407522523e+02 3.784029362371379648e+02 3.813692615173735021e+02 4.325652286621443068e+02 4.950417569699129672e+02 5.710585823520860913e+02 6.500548693769140982e+02 6.884073098615842810e+02 6.631764966288808409e+02 6.115434220278061730e+02 5.668425257210122936e+02 5.220667565533087782e+02 4.758797245056555312e+02 4.103273131582218411e+02 3.728953010277248836e+02 3.107063812997151331e+02 3.484113680275634692e+02 3.447027966796766236e+02 3.876366678016899527e+02 4.237694380940730525e+02 4.299076575918497269e+02 4.676862903394933255e+02 4.584499243736306084e+02 4.036745916785153554e+02 3.607191134610973791e+02 2.952389376186143863e+02 2.848873954307795771e+02 2.384777867266100202e+02 2.014447402925354993e+02 2.220825675749408674e+02 2.522240261353190931e+02 2.907884275283358875e+02 3.168331659262273661e+02
3.577057873088238580e+02 3.022967795057915055e+02 3.035378560665986356e+02 3.486398280369851932e+02 3.791479011805867003e+02 4.123576483948839950e+02 4.403013667459387079e+02 4.820861920298213477e+02 5.416275369064125016e+02 6.049226648189261368e+02 6.673928438658398363e+02 6.813567318347378432e+02 6.299217955601329777e+02 5.675207552932283761e+02 5.080029928285568985e+02 4.721335215629767958e+02 4.338594144475644043e+02 3.971777163485904794e+02 3.340881467958888607e+02 3.615178835111767057e+02 3.928897097375210024e+02 3.960032652220436944e+02 4.331589924783800711e+02 4.841321202340816967e+02 5.005533351023854038e+02 5.193409465881561573e+02 4.890156287116179783e+02 4.428693646117083631e+02 3.755951263304251029e+02 3.664565157372286990e+02 3.268802278033639368e+02 2.852555175661735234e+02 2.703387175557846263e+02 2.068828221226629864e+02 2.268541757726598291e+02 2.581807204978168215e+02 2.549335114737292827e+02
4.049325886631463050e+02 3.513207503801078246e+02 3.418073333919491006e+02 3.747611654668901906e+02 4.156555093031911952e+02 4.553252117724968571e+02 4.956751473123542837e+02 5.360004508450679168e+02 5.904372554208663360e+02 6.514269798864346512e+02 6.877653909263514151e+02 6.734629775371116693e+02 6.229496788697221064e+02 5.652452817063110615e+02 5.034893974022726866e+02 4.287440455004137334e+02 3.870187541803290401e+02 3.580392098477627769e+02 3.848035742466494185e+02 3.340881468025555137e+02 4.046133032689164679e+02 4.493023888205586900e+02 4.823691496964272005e+02 5.299370248341539309e+02 5.669859502044308783e+02 5.687102208189504609e+02 5.216677234122897744e+02 4.602252542949954091e+02 4.479878064426271749e+02 4.199288329005356672e+02 3.851218827417776538e+02 3.522830932833737165e+02 3.201563610592823466e+02 2.068828221293296394e+02 2.108686748310290398e+02 2.142595217541833961e+02 2.650816599403625560e+02
