output/field_example_test_lateral/elevation_000098.asc
nrows	150
cellsize	66.66666667
xllcorner	0
ncols	150
yllcorner	0
NODATA_value	-9999
[rows 85 to 101 of 150, columns 111 to 147 of 150]
6.909781227203009166e+02 7.430891954666009269e+02 7.907034906552626126e+02 8.104377767809893385e+02 7.871153439528716262e+02 7.421267959586564302e+02 6.924517185868521665e+02 6.356950561695977058e+02 5.660316761236575758e+02 5.069108583688085332e+02 4.456446710942736331e+02 3.657968551339431542e+02 3.657968551272765012e+02 4.150039854972383750e+02 4.279222758746695376e+02 3.931092975115785748e+02 3.479713156871826527e+02 4.078675131429078533e+02 4.636866130891992839e+02 5.209895413862957412e+02 5.657849652784152568e+02 6.034705801483206642e+02 6.227697946422231325e+02 6.236106420665711312e+02 6.259723409886802301e+02 6.246207023977062818e+02 6.378716412068505406e+02 6.889266363322728921e+02 6.996662977659216267e+02 6.549369102127780025e+02 6.017856527408868033e+02 6.017460308674812950e+02 6.058313855424488565e+02 6.371888269997109546e+02 6.622898671466763290e+02 7.041681907178722213e+02 7.583941540047778744e+02
7.466704639521451554e+02 7.957231445361088618e+02 8.206233999398376682e+02 8.059343245044401556e+02 7.596005244433856660e+02 6.952960722887014526e+02 6.380282971262614637e+02 5.789771605960154375e+02 5.099123683098796960e+02 4.398558246287258271e+02 4.338273310986611477e+02 3.790207167961786467e+02 4.256453301523939103e+02 4.671348227466496041e+02 4.712497153874768401e+02 3.583260847779553160e+02 3.551014063035435697e+02 4.072309431384413756e+02 4.506368697136828132e+02 4.892637047905812437e+02 5.333238490600547266e+02 5.916253340193945860e+02 6.423481424144465564e+02 6.789507334188077721e+02 6.948998935365216312e+02 6.948046240660731883e+02 7.057461608357569958e+02 7.445020249806149195e+02 7.485887945012833598e+02 7.021395589000145492e+02 6.511570820061319864e+02 6.518545952649096762e+02 6.480521489733412182e+02 6.975789114343980373e+02 7.068123383586419095e+02 7.435554942142605341e+02 7.948451829108853417e+02
8.089003483334879547e+02 8.302955293999159494e+02 8.220490272896195165e+02 7.802856197994397007e+02 7.137457245199884710e+02 6.482362889536641433e+02 5.836432818191844945e+02 5.285513644924508299e+02 4.643113020876177188e+02 3.973316176586503161e+02 3.973316176519836631e+02 4.490702275110369328e+02 4.626305640532529537e+02 5.149390521269933743e+02 5.125812873393881546e+02 4.603749908404783469e+02 4.130046773922138641e+02 3.667974780134637172e+02 4.134006892527610262e+02 4.413896076933222048e+02 4.912482699076772406e+02 5.529233407855580253e+02 6.233100599724665472e+02 6.884188492349968556e+02 7.338742612842031576e+02 7.557807123475390654e+02 7.759208451883214366e+02 8.003387155699567757e+02 7.986072162558563150e+02 7.562372394646199609e+02 7.116996002145784814e+02 7.100513565318206020e+02 6.998930006707331586e+02 7.470748220914441617e+02 7.824919950893556688e+02 7.897933975452305049e+02 8.378355106210807435e+02
8.452110785223471794e+02 8.330455927674187251e+02 7.970223742377078224e+02 7.396986149588806256e+02 6.758989489507732742e+02 6.030552927037562085e+02 5.382602823087917159e+02 4.835974431955261252e+02 4.401359965053671885e+02 4.087525110279548812e+02 4.602937326725707408e+02 5.065904289689695474e+02 5.227313840031428072e+02 5.632968931272904456e+02 5.572715226949781027e+02 5.093920754243526403e+02 4.654294684776960480e+02 4.261302150841316347e+02 3.777688447689474742e+02 4.365911072073400874e+02 4.872863403983500916e+02 5.494183068170736988e+02 6.087324332618005656e+02 6.618463514492017339e+02 7.200122503881680132e+02 7.612231999329059136e+02 7.991630337272264342e+02 8.344660762729712360e+02 8.423900626672397038e+02 8.202511684629674846e+02 7.825932296500967595e+02 7.781538845788599019e+02 7.641522443565969525e+02 8.063665770338504899e+02 8.490618382840242475e+02 8.587781681446654147e+02 8.959367022661776900e+02
8.236436331923355283e+02 8.020236527292702249e+02 7.518174070281911554e+02 6.991211497890527653e+02 6.431000328718802166e+02 6.030270270422113299e+02 5.502972962148299985e+02 4.937983422647336624e+02 4.292327311039191500e+02 4.448390722284012782e+02 5.053927982469328981e+02 5.542871437024850820e+02 5.844592074097248542e+02 6.148875663760001089e+02 6.011478142694402322e+02 5.541393201971998224e+02 4.976348833632782203e+02 4.401869980618243403e+02 4.249748429991610692e+02 3.885600065199027995e+02 4.528281366457970876e+02 4.903606174791420358e+02 5.558980034507733308e+02 6.223744025647152966e+02 6.702020483445709260e+02 7.155563036079249741e+02 7.653028148256428267e+02 8.222014647265715439e+02 8.593456025037977497e+02 8.652337849033214070e+02 8.535210953030206156e+02 8.494268526563300838e+02 8.360624217082344103e+02 8.735243338785675178e+02 9.057596563797457065e+02 9.274833855095195077e+02 9.566525763488477878e+02
7.576684537924062397e+02 7.557128080421274490e+02 7.099888921673652931e+02 6.538377712740458492e+02 6.029681537609749284e+02 5.522886875652233130e+02 5.113102226344085466e+02 4.495342555174452173e+02 4.928185638166917215e+02 5.083084784205321967e+02 5.087016907116531570e+02 5.653946790408073184e+02 6.239087757861798309e+02 6.587620364904732924e+02 6.331491687297362887e+02 5.682847817782638913e+02 5.089378942622519730e+02 4.741428950189340412e+02 4.361742119366850261e+02 4.259783557277744421e+02 3.988310388483770907e+02 4.819231123082347494e+02 5.395216758341208561e+02 5.709965617828900122e+02 6.134106766111250408e+02 6.634032348528310195e+02 7.248810620777330769e+02 7.849386715196900468e+02 8.397288401319997320e+02 8.670759315946808101e+02 8.736701928685110943e+02 8.867855930663217805e+02 8.924410597023751279e+02 9.111178526812399241e+02 9.278112219649532335e+02 9.411042154885863056e+02 9.672673744990271416e+02
6.900896378592665314e+02 7.021690236202576898e+02 6.672110286288437919e+02 6.183876866256199492e+02 5.612178089207037601e+02 5.170766584554028213e+02 4.646086981316291826e+02 4.495342555241118703e+02 5.220297569261394983e+02 5.650219921091555761e+02 5.615229433314345897e+02 6.110248314615373602e+02 6.605533177943354985e+02 6.948662465820481202e+02 6.648079305056998010e+02 6.040149549217919684e+02 5.545161643791381039e+02 5.116604948640424482e+02 4.772854403042782110e+02 4.508939089342931084e+02 4.044274034984728132e+02 4.567240534155549767e+02 4.832198325827674807e+02 5.206019229721907777e+02 5.660044075991446562e+02 6.213329439355086379e+02 6.857187291693860516e+02 7.510826398846656957e+02 7.951670817486632359e+02 8.199334392492061170e+02 8.203961860457640114e+02 8.544956842820320162e+02 8.711828201844579098e+02 8.812369378924158809e+02 8.789188357393984461e+02 8.823108036732121491e+02 9.155251500207064055e+02
6.326191662885449887e+02 6.398219784272656625e+02 6.124251925524453100e+02 5.819193138074575700e+02 5.516226618606136753e+02 4.878481493653591201e+02 5.297012178928902131e+02 5.271933419633230642e+02 5.310181744948447431e+02 5.979611230204152434e+02 6.182455814083524501e+02 6.614265120347962466e+02 7.073839784973056339e+02 7.252964472766028621e+02 6.917721657150862029e+02 6.417979883938081684e+02 5.927248029685920301e+02 5.462094275702091863e+02 5.022896376317675049e+02 4.584499565397497349e+02 4.095546159478664663e+02 4.392360623113755196e+02 5.140051088341341483e+02 5.729212659138090658e+02 6.188582601210438270e+02 6.632362792800449824e+02 7.032327055968908098e+02 7.253734896794625229e+02 7.403253603123444009e+02 7.525888594470965245e+02 7.553624104855330188e+02 7.980770878502677306e+02 8.062979411677757753e+02 8.154136273929052550e+02 8.143201649792780472e+02 8.166569782787059921e+02 8.587944496172672189e+02
6.009775138622812847e+02 5.657817364456927862e+02 5.448528756461623743e+02 5.270591493786224646e+02 5.107206644155480717e+02 5.196118254043033176e+02 5.758729823154387759e+02 6.020571695964329137e+02 6.019117955568085563e+02 6.216329524919336791e+02 6.762163991279987840e+02 7.169834819291124859e+02 7.415716941176672208e+02 7.310791054272765450e+02 6.871953383547835301e+02 6.364091814359391037e+02 5.876910418151668409e+02 5.392652856495951710e+02 4.903760561221279204e+02 4.573181090411804917e+02 4.153181696222646906e+02 4.757212359790549385e+02 5.276670094181739614e+02 5.852663652044298033e+02 6.268670600001040611e+02 6.592482540146717156e+02 6.731777460854975743e+02 6.591731729774170390e+02 6.910813505101740475e+02 6.871394237653423716e+02 6.971377928687574013e+02 7.350731337246080557e+02 7.366400053182621832e+02 7.494838368112323224e+02 7.536955531917342341e+02 7.617506054259827124e+02 8.188380945750446926e+02
6.018632282729823828e+02 6.089807554266606076e+02 5.678435602485644722e+02 5.965889948672069067e+02 5.733804271609753869e+02 5.705568571969141658e+02 5.820383773140516723e+02 6.519854087890500978e+02 6.737876736667805062e+02 6.869826441799139047e+02 7.319682151084327870e+02 7.581944657107165995e+02 7.546503712679838145e+02 7.118465453162247059e+02 6.457549628475846930e+02 5.880846183337623643e+02 5.400328404406945992e+02 5.028964890782484645e+02 4.751388684513558474e+02 4.258749947022618016e+02 4.229542291282626252e+02 4.758404319425684434e+02 5.185760307870536963e+02 5.552688771874098848e+02 5.834873257145268326e+02 6.139472735832816852e+02 6.142649005550729271e+02 5.998457940694268018e+02 6.288475493627988726e+02 6.241335990953847386e+02 6.654118789819291351e+02 6.619465611757939314e+02 6.696890813367634792e+02 6.893303189984997061e+02 6.977414720292548509e+02 7.694133443949965567e+02 8.308017054336129377e+02
6.574921555702624119e+02 6.094666464918307156e+02 6.354042160031905269e+02 6.616068046116552068e+02 6.401703951565090165e+02 6.273476185292116725e+02 6.280128377706416813e+02 6.911101447065823322e+02 7.439747011054743098e+02 7.588525456102545377e+02 7.813419949236787261e+02 7.785459266194725387e+02 7.414129875849334894e+02 6.765482960686591696e+02 6.042780685158381857e+02 5.400208374218933614e+02 4.911844854761232568e+02 4.586953828928929511e+02 4.368773347466006953e+02 4.707656445282055984e+02 4.229542291349292782e+02 4.345010108292814834e+02 4.829943922355883501e+02 5.193860269838481827e+02 5.277162302565185428e+02 5.550291194910211061e+02 5.545921722037180643e+02 5.503035501241655538e+02 5.596861243678764595e+02 5.951338386409734085e+02 6.105635593452477679e+02 5.856667478247176177e+02 6.109378404932004969e+02 6.417559747644703521e+02 6.875496959709824978e+02 7.390633538420916011e+02 7.970721864858970775e+02
7.037894020516018827e+02 6.436739415458966960e+02 6.882116197959705914e+02 7.166336936727099101e+02 7.084562115800964648e+02 6.901276979058702636e+02 6.824311323695636702e+02 7.406386625419296479e+02 7.981605388347400094e+02 8.195327635830140025e+02 8.074091481580777554e+02 7.642805634989844066e+02 7.022532079869763493e+02 6.446567722321257179e+02 5.979748417596109675e+02 5.485313431467416194e+02 4.999180801108250307e+02 4.469992592053541216e+02 4.819523679542943455e+02 5.157771229666545878e+02 5.091000035372833281e+02 4.984170817033539720e+02 4.528008112059095538e+02 4.640925814870505519e+02 4.746413259608969497e+02 4.872453398231502888e+02 4.998786427846192737e+02 5.113928756745949045e+02 5.227566681039992318e+02 5.350397175496370892e+02 5.493932032402027517e+02 6.046236089579505233e+02 6.555165363709503481e+02 6.986195068810504836e+02 7.390909249005673018e+02 7.826037445454403496e+02 8.345529698422192268e+02
7.536180890263661922e+02 7.140778518307603235e+02 6.893302509870443373e+02 7.440745027198249772e+02 7.720912065091016530e+02 7.581985148040984086e+02 7.472218519486010564e+02 7.969748931555554918e+02 8.449400393319617706e+02 8.515929407493850931e+02 7.988285454648340647e+02 7.270448871302965017e+02 6.576870185150618227e+02 5.942608051439896144e+02 5.370125135725959353e+02 4.919334110963647504e+02 4.566024304752535272e+02 4.704982299765718494e+02 4.902785905626870431e+02 5.453453260097790007e+02 5.770011024314588894e+02 5.521195356013687388e+02 5.352028827911667577e+02 5.327035883210839984e+02 5.000653175594676441e+02 5.387519844744321063e+02 5.650720946034817871e+02 5.682938871037119952e+02 5.732152383215573082e+02 5.719051235295785318e+02 5.835377030795951896e+02 5.748710510114972294e+02 6.400865385455905425e+02 6.900261992963409057e+02 7.319931728394965376e+02 7.651918501347123538e+02 8.231519334893257565e+02
8.065787850631394349e+02 7.701313111434561733e+02 7.243142316322388297e+02 7.719047313969431343e+02 8.218298971101069128e+02 8.284282225531205768e+02 8.207025793157736189e+02 8.642034055197154885e+02 8.875655636088023357e+02 8.711011581243951696e+02 8.088960773872094023e+02 7.371960412605490092e+02 6.729504897106403405e+02 6.165873270855131523e+02 5.908254158786199923e+02 5.371516780020790520e+02 4.814253159496735179e+02 4.652316272487396418e+02 5.338395773692122930e+02 5.891553068925977641e+02 6.292073499888307424e+02 6.229021090359552772e+02 6.163096598885978210e+02 5.849686994347699738e+02 5.326533872643586847e+02 5.796916084913556233e+02 6.157907735092669554e+02 6.278703653545419456e+02 6.272404568083682079e+02 6.158635627395412939e+02 6.310715799710426381e+02 6.278807212162439555e+02 5.966894697169341271e+02 6.350718525665497509e+02 6.822605383827743708e+02 7.455134574681245567e+02 8.106551133824243607e+02
8.554483716068992862e+02 8.137500650676829537e+02 7.649187941481135340e+02 8.087496754771627820e+02 8.587350155239726064e+02 8.949724004819623815e+02 8.953780867116707896e+02 9.141000183287474101e+02 9.115891142087563139e+02 8.804783981202874656e+02 8.304266322334374308e+02 7.785319293921165809e+02 7.263427285278883119e+02 6.761178134060659204e+02 6.140579033130300104e+02 5.493662744269239511e+02 5.167044476060657416e+02 4.715865337585643147e+02 5.338436465839000675e+02 5.986841222780352609e+02 6.608038668428220035e+02 6.856334974779117601e+02 6.801551310819365881e+02 6.378699554539876999e+02 5.934712824858357862e+02 5.807382044602170481e+02 6.359629576212241773e+02 6.829803438494006969e+02 6.865201785127463836e+02 6.707496709668745325e+02 6.871000533481023922e+02 6.556766820795295416e+02 5.966894697236008369e+02 6.521732737734031389e+02 7.147964637789310700e+02 7.583174821503340581e+02 8.164271718160590581e+02
9.024074220033215852e+02 8.588536134709586349e+02 8.133844751759255587e+02 8.550417318089414493e+02 9.004339301614420492e+02 9.417466780838992690e+02 9.467558165674312249e+02 9.261243755277299670e+02 8.894857429372086699e+02 8.425517422521340904e+02 8.068321443073973569e+02 7.846652821646432585e+02 7.440521335947520356e+02 6.909306915962084759e+02 6.333938518997814526e+02 5.944836015170850487e+02 5.438708376362241097e+02 4.773705077149085696e+02 4.921348318467989884e+02 5.935503763554286252e+02 6.662702222243900678e+02 7.188801255106399140e+02 7.286172986977061328e+02 7.035166910664341913e+02 6.615440344569499302e+02 6.209656338693054067e+02 6.630541117947876728e+02 7.180386605359822170e+02 7.485122906655542465e+02 7.343881627492972939e+02 7.418582935888583734e+02 6.923042416311459419e+02 6.696811347409781092e+02 6.307298609838160246e+02 7.054061384780590060e+02 7.642006823556823747e+02 8.201418953551060440e+02
9.486557986699627918e+02 9.100138548818837307e+02 8.769224335073513430e+02 8.972573483293062964e+02 9.463407950407161024e+02 9.694373826504177032e+02 9.464828640953691092e+02 8.984501041556138716e+02 8.384111898960786675e+02 7.908847369968491421e+02 7.500122855810819829e+02 7.456104044833653006e+02 7.129009443260122225e+02 6.892228419364005276e+02 6.475430645595565693e+02 5.945869563321928126e+02 5.440584274978065196e+02 4.851440384519507347e+02 5.509381947846711682e+02 6.130049067567613292e+02 6.736685526364677798e+02 7.225913298477613580e+02 7.577842588864604068e+02 7.540692151633647882e+02 7.251710409077909389e+02 6.741804664013285446e+02 7.039737500503598540e+02 7.515909277754486766e+02 8.015506610270597321e+02 8.018673733488024027e+02 7.976671511672307133e+02 7.552648587217767044e+02 7.184826194849789545e+02 6.630295145649174628e+02 6.694951545684140228e+02 7.208192870063040800e+02 7.793774818034897862e+02
