output/field_example_test_lateral/elevation_000047.asc
nrows	150
cellsize	66.66666667
xllcorner	0
ncols	150
yllcorner	0
NODATA_value	-9999
[rows 102 to 118 of 150, columns 74 to 110 of 150]
5.258305726235797692e+02 5.707791748982357376e+02 6.261637947252983167e+02 6.930249065943812639e+02 7.668996152924961507e+02 8.299876472332609865e+02 8.489989291779205587e+02 8.545145315510957289e+02 8.660723327081535672e+02 8.718422654815971100e+02 8.828688819015399076e+02 8.986237225172299077e+02 9.009860692019432236e+02 8.929826562650143842e+02 8.816057668337437008e+02 8.857554133528897182e+02 8.834824832735921518e+02 8.794414192440557372e+02 8.736937260486369041e+02 8.658964464755771360e+02 8.782175817033934209e+02 9.223278721512981519e+02 9.523886840828239428e+02 9.572429198623883622e+02 9.275863641289543011e+02 8.762225001648660054e+02 8.234409071320972089e+02 7.598066457601246384e+02 7.163980540151485457e+02 7.349000356156202542e+02 7.013391222251093495e+02 6.496221272748216506e+02 6.520857016757476003e+02 6.963664406773237943e+02 7.390931216599434492e+02 7.880591108857101972e+02 8.381034842114682988e+02
5.745096216708124075e+02 6.195499479225824189e+02 6.766900713767347497e+02 7.372962088601620962e+02 8.042426822086575839e+02 8.497986982364423056e+02 8.640271295548861872e+02 8.587107936068973686e+02 8.405943442707015265e+02 8.171061319215640424e+02 8.235637682673908557e+02 8.535331583342366457e+02 8.465131727270760393e+02 8.355594496412445551e+02 8.200771435470659299e+02 8.438776122762288878e+02 8.399491878645637826e+02 8.315090273597335226e+02 8.222201002262343081e+02 7.840705869740767184e+02 8.190439586972862571e+02 8.613268654318814015e+02 9.102474407674883423e+02 9.425816100115395102e+02 9.494420668235276253e+02 9.204091007137525366e+02 8.660963448727502509e+02 8.147464600060195608e+02 7.652702855293115363e+02 7.818426346676224057e+02 7.397395652637090961e+02 6.877567461463595464e+02 6.865423684497295653e+02 7.325557426477116678e+02 7.845364887241180440e+02 8.327209935204596150e+02 8.759850321838329137e+02
6.201876692259046422e+02 6.737038601471197126e+02 7.275890115620256893e+02 7.868375263105731392e+02 8.272236802388875958e+02 8.373454361634986753e+02 8.184777574605321888e+02 8.143733731704362526e+02 7.787109424742316151e+02 7.447850312711890410e+02 7.615453394800836122e+02 8.038877438080299953e+02 7.856870386595987839e+02 7.739584987213630711e+02 7.528739218037496812e+02 7.884154373903828628e+02 7.833717052379355437e+02 7.718745068111356886e+02 7.672107827355764584e+02 7.197115257977884539e+02 7.581826597712965849e+02 8.056067277043626973e+02 8.529799824601905129e+02 9.040950955652472203e+02 9.377443355655206005e+02 9.443795686311289046e+02 9.168358615103871898e+02 8.682899233428909156e+02 8.216275790605299107e+02 8.283697757204737400e+02 7.810308437214338255e+02 7.328446736278481239e+02 7.287683275176713096e+02 7.727852237938850521e+02 8.276010746457675396e+02 8.826848687042556776e+02 9.089783466407537844e+02
6.654006769630990448e+02 7.218049050411451617e+02 7.803530104279186617e+02 8.184728632434311066e+02 8.243473690299036889e+02 7.961385789224920018e+02 7.518710712394664597e+02 7.546300839364922695e+02 7.229334777494192394e+02 6.784066316366548790e+02 7.294156147858900567e+02 7.558838007691601888e+02 7.272749483736929506e+02 7.308166804073746334e+02 6.905279454005680009e+02 7.356486636348238335e+02 7.301938125428190460e+02 7.136922172976882166e+02 7.171415566161464312e+02 6.671669470727937323e+02 7.085159502996831407e+02 7.515277089349925745e+02 8.010608253492767972e+02 8.494620825377550091e+02 9.022050898469784670e+02 9.383903532991337215e+02 9.484210524076298725e+02 9.259109094343427842e+02 8.835553787178662333e+02 8.766817521209731012e+02 8.195401841201128263e+02 7.955153782267349243e+02 7.841297747067050068e+02 8.207168853177144001e+02 8.712107966892654076e+02 9.225036334010417249e+02 9.338697166035434520e+02
7.208977120841373107e+02 7.667899443951943113e+02 8.143433976173024575e+02 8.283282998400360384e+02 7.975297464302049093e+02 7.395939202405558035e+02 6.857421674927810500e+02 6.860854667381926220e+02 6.773458053940987611e+02 6.287493163722543841e+02 6.867628012213591546e+02 7.079874121325181022e+02 6.720885534573424138e+02 6.822996521483881907e+02 6.375128893318362771e+02 6.902895297701433037e+02 6.968189434108128353e+02 6.568218728498325163e+02 6.720094919167441958e+02 6.227718060398312900e+02 6.629037998628409696e+02 7.059656314434956812e+02 7.483326761165317293e+02 7.985300086428268287e+02 8.497942428245056590e+02 9.076021991072649371e+02 9.498789505398624442e+02 9.648535744347636864e+02 9.460359177255822942e+02 9.285835914703540084e+02 8.846335478205173786e+02 8.648083300323105505e+02 8.531486219144851475e+02 8.805953870036271383e+02 9.167301840441641616e+02 9.575333990828621609e+02 9.560096351287407970e+02
7.783381719691838043e+02 8.103062211050071255e+02 8.302435405275385847e+02 8.116456974691452615e+02 7.584357499122077115e+02 6.972706647317480702e+02 6.269455777575681168e+02 6.190189809149655957e+02 6.238090209826492583e+02 5.851538595968223717e+02 6.442361867656378536e+02 6.616386945585005606e+02 6.199575505888780071e+02 6.330579832277661581e+02 5.883042403765865629e+02 6.458212652027079912e+02 6.540967568504026985e+02 6.076336868793848680e+02 6.301335417712301705e+02 5.840037253331249758e+02 6.237267523222282080e+02 6.598563878077998197e+02 7.016862461719611019e+02 7.463927865642781398e+02 8.016911791911857108e+02 8.607456173398238661e+02 9.274986830401788893e+02 9.750595483335042672e+02 9.891785231821779689e+02 9.726097599847112178e+02 9.457992082449321742e+02 9.255162237293064891e+02 9.163924892623231244e+02 9.296762219447875850e+02 9.536351919927030849e+02 9.790792779604730640e+02 9.773673681591158129e+02
8.070349462222077364e+02 8.107034741729009966e+02 8.030292879658334186e+02 7.745010602713310846e+02 7.266771631484264162e+02 6.632040873074017782e+02 6.055712692004404971e+02 5.541309159497388919e+02 5.600812521363459382e+02 5.457839997495883608e+02 5.998650807327227312e+02 6.173513286926882984e+02 5.706211192701711070e+02 5.750290720508035065e+02 5.423218741594500898e+02 6.003071468080936484e+02 6.085818319929055633e+02 5.600883711964080476e+02 5.810289279151988922e+02 5.499828316126505570e+02 5.811073094323108990e+02 6.162003386649208778e+02 6.556424939835065970e+02 7.010579473245413737e+02 7.551261810175445817e+02 8.201447499743643448e+02 8.933339425789337156e+02 9.581377905863502065e+02 9.775776071854718339e+02 9.690468642386317697e+02 9.414935343826045937e+02 9.161527352396757351e+02 9.029851761995832931e+02 8.998761907354746654e+02 9.167495387024617912e+02 9.449381925490257572e+02 9.691597592428200869e+02
7.780476389102682333e+02 7.554289580491686138e+02 7.458865429509662590e+02 7.068472603466535702e+02 7.016289251833310345e+02 6.733126288561793444e+02 6.183688010749025352e+02 5.560980764034521826e+02 4.935400658540292511e+02 5.199676889778027089e+02 5.363590247178512982e+02 5.691272576239886121e+02 5.531252135606561069e+02 4.992145875228320051e+02 5.013557732866695460e+02 5.438409496254326996e+02 5.549758868499924347e+02 5.152850124466913257e+02 5.152850124533580356e+02 5.856889092627566242e+02 6.365738592768100261e+02 6.750343568639393652e+02 7.135468486725685580e+02 7.559237861955965627e+02 8.044678802075594604e+02 8.640048115145096972e+02 9.122077960664393004e+02 9.369420682733532431e+02 9.243744792180158356e+02 9.237887507097926800e+02 8.840559982737469227e+02 8.476758482533692813e+02 8.339557885679846549e+02 8.203551399157023525e+02 8.376643274330589293e+02 8.787158887916914409e+02 9.279856415426887679e+02
7.083474307345834404e+02 6.854988664082835612e+02 6.812042268309999145e+02 6.358023794060483169e+02 6.417610637531952307e+02 6.531809373385849540e+02 6.307392467320484002e+02 5.837761608466255439e+02 5.228106794396366013e+02 4.414790495149572962e+02 4.741730213110630530e+02 5.165929847093548233e+02 5.140048258177203024e+02 4.522894846828064033e+02 4.884405821049281258e+02 4.663036610100748476e+02 4.865221497980093091e+02 5.483279345411185659e+02 5.808440960818761596e+02 6.234282742405317777e+02 6.732799524349383091e+02 7.189082265366437241e+02 7.628901277500161768e+02 8.083556154731205652e+02 8.532786277524536445e+02 8.906035185137391181e+02 9.067541662971666483e+02 8.919697072820525818e+02 8.563901532252073139e+02 8.695640242732889647e+02 8.286596986701708829e+02 7.814676434611980085e+02 7.649824607995067254e+02 7.383085421981287482e+02 7.707244321425339422e+02 8.179047264692659382e+02 8.677318894062676691e+02
6.415604034628479440e+02 6.200069949662070030e+02 6.215828220797548056e+02 5.731408381901799203e+02 5.734860872432087717e+02 6.079551866305714611e+02 6.068934155135883657e+02 5.692569075853350569e+02 5.101154764032973503e+02 4.132035930633918497e+02 4.228009754129079170e+02 4.594280394152450526e+02 4.659366975477279311e+02 4.214607370962327764e+02 4.392162947795399077e+02 5.070716886041326461e+02 5.507377982011108770e+02 5.347403352474370877e+02 5.684109531020041004e+02 6.083150171741411896e+02 6.543610890432205451e+02 7.058264046605935391e+02 7.633382001644389447e+02 8.239894168606085714e+02 8.734541985269573843e+02 8.857971912885793699e+02 8.676386188612065098e+02 8.297546907763024819e+02 7.916500547467727529e+02 8.169530738180986873e+02 7.821536666921058440e+02 7.299872690288186732e+02 7.238786710910738975e+02 6.776520821477631671e+02 7.166699349468268565e+02 7.605155438561434948e+02 8.135157876109072959e+02
5.889506177919950005e+02 5.621245692516357622e+02 5.723227926191997312e+02 5.213650060559294843e+02 5.116478074527693138e+02 5.568803148205806792e+02 5.649765098278169262e+02 5.238446974711913526e+02 4.704046706509840305e+02 4.097315670428071144e+02 3.884085281204506828e+02 3.884085281271173358e+02 4.020564708456353173e+02 4.506697035091423800e+02 4.939691391396430049e+02 5.486740099493201797e+02 6.032240905086449629e+02 6.042644832594222635e+02 5.961858907504127956e+02 6.481186080567975978e+02 6.939220669423204981e+02 7.461028532442319374e+02 7.973708836968364722e+02 8.486808376195959909e+02 8.701974127994579931e+02 8.496057435029956650e+02 8.057878430412295074e+02 7.678939907407251440e+02 7.348037536528770488e+02 7.724075037818493001e+02 7.542453499892091031e+02 6.865030342183515586e+02 6.792605437418824295e+02 6.327377821817201493e+02 6.706341719770831560e+02 7.155397395542719323e+02 7.612855718969223062e+02
5.815601173446195844e+02 5.212468374016392545e+02 5.270439562877933213e+02 4.927941985125413566e+02 4.553432033971095052e+02 5.076295288859701031e+02 5.193852437887021551e+02 4.820969868810481671e+02 4.316672302194820077e+02 3.759158322127540828e+02 4.168219053740509139e+02 3.884085281271173358e+02 4.460045141539512201e+02 4.890052961254640422e+02 5.354520353051009351e+02 5.884368792529799066e+02 6.487346482653132398e+02 6.683720861003158689e+02 6.444754827673110640e+02 6.870040085250175252e+02 7.383105591705470943e+02 7.867816518217878183e+02 8.357198654032955574e+02 8.616745554488746848e+02 8.451504712105171393e+02 7.955655267813730234e+02 7.465161209077476769e+02 7.004556999932810868e+02 6.890163512517663094e+02 7.369045385589986381e+02 7.380256143165416916e+02 6.845301901715509985e+02 6.226968569112865453e+02 5.956709206110427886e+02 6.351842291758504189e+02 6.753111265834319283e+02 7.180934534240607263e+02
5.841082558187816858e+02 5.204221778855244338e+02 4.725898212897233748e+02 4.412085312444944520e+02 4.132466487553392653e+02 4.524272563417532638e+02 4.679717519627547517e+02 4.375793956999968941e+02 3.985881021170611689e+02 3.654267084796964014e+02 4.294817923462920248e+02 4.592848126713784040e+02 5.002840286561869334e+02 5.466335529204008026e+02 5.851911571803560719e+02 6.305374385268692095e+02 6.840762199609806657e+02 7.209184069347838886e+02 7.009963979318861220e+02 7.387249347324576547e+02 7.819625213137491073e+02 8.308255050694202737e+02 8.590723694368431325e+02 8.504545112386916799e+02 8.106094471840816595e+02 7.494874798199518864e+02 6.903730217877305222e+02 6.445682838423571184e+02 6.503307961501543559e+02 7.072128899826827819e+02 7.191175864733904746e+02 6.821179587198017771e+02 6.283513065413578715e+02 5.658893918638989362e+02 6.038396708013179932e+02 6.418315023131376620e+02 6.836793202958966731e+02
6.068113118726315633e+02 5.659986706021948066e+02 5.264803627958684729e+02 4.865293480466512506e+02 4.336281640725526358e+02 3.782242184267706193e+02 4.079239521260053607e+02 3.935151834772817097e+02 3.488867691120117343e+02 4.068083856969822705e+02 4.637046493652827621e+02 5.158707397711798421e+02 5.586215727696413751e+02 6.018344618133039603e+02 6.441096495222752765e+02 6.804194649911962642e+02 7.258680563777766110e+02 7.679511195461674333e+02 7.642791894048992845e+02 7.919652066323427562e+02 8.302287686182968400e+02 8.601464266705951331e+02 8.601002914291412935e+02 8.226371852142347052e+02 7.646871115834636612e+02 7.087615418778854064e+02 6.497158533692229412e+02 5.976284838294427573e+02 6.415099037455132702e+02 6.760858170096258846e+02 6.855777833699662551e+02 6.495034658511918906e+02 5.950849831156555183e+02 5.413499004906410619e+02 5.773273212547380808e+02 6.131780905989712664e+02 6.470754477256423343e+02
6.501865809277020389e+02 6.111921463308631246e+02 5.704886650500830001e+02 5.179042326202851427e+02 4.498926243849486468e+02 3.908140833381876291e+02 3.439407927601963593e+02 3.315839064090538955e+02 3.811218107582909624e+02 3.932514513214128442e+02 4.566107551517804382e+02 5.177196492437994948e+02 5.643997248814137038e+02 6.096072013031127881e+02 6.590809106028507358e+02 7.124449876740845866e+02 7.654421659328742180e+02 8.081228242288195815e+02 8.246028139183422354e+02 8.401429824883152833e+02 8.569542414199726181e+02 8.675510139114971935e+02 8.406340538856380817e+02 7.805395699720463654e+02 7.220920873794678982e+02 6.688421059564260531e+02 6.190510853289131319e+02 5.655502225837526566e+02 5.900392344610226019e+02 6.281733941741634908e+02 6.389520383049863312e+02 6.086370896016218239e+02 5.797186030092373130e+02 5.204781210112995495e+02 5.550386934657001348e+02 5.757881754251142183e+02 6.030920418093920716e+02
6.409117036931355642e+02 6.082444702918336361e+02 5.803411848132424211e+02 5.312694567550680631e+02 4.846472490911270370e+02 4.253204112347552268e+02 3.525470425390331570e+02 3.222656369212786558e+02 3.859351084347340475e+02 4.302661239873297632e+02 4.388217791737700963e+02 4.747490384040768276e+02 5.160187217518213174e+02 5.632568490700253960e+02 6.248229901425210073e+02 6.927818734366111357e+02 7.615521419369375735e+02 8.206098563661803382e+02 8.397556156331031616e+02 8.313099864790333413e+02 8.219129544413374333e+02 8.295917427080427160e+02 8.063477063219893353e+02 7.440133253892656739e+02 6.787266870334741498e+02 6.260095086728310889e+02 5.942240792000277452e+02 5.684182383609401086e+02 5.250581517355018377e+02 5.796613856136133336e+02 5.878982878857509604e+02 5.560127819193937739e+02 5.464362650914890764e+02 5.009658223181633616e+02 5.427152580963672790e+02 5.309292830102004928e+02 5.611390142139888439e+02
5.857076954910688755e+02 5.486318078884369243e+02 5.471790108808561399e+02 5.255502036852317360e+02 4.837618467150782067e+02 4.313202764307330312e+02 3.733859147025830794e+02 3.145329241751067002e+02 3.666700522672408056e+02 4.278163927795487780e+02 4.844371238710227772e+02 5.247025363368908302e+02 5.667016068594099352e+02 6.081010209238766038e+02 6.428476267176374677e+02 7.030546883690385584e+02 7.685865158018060583e+02 8.169534848816557542e+02 8.086185390690590111e+02 7.693398503800083290e+02 7.400395248337871408e+02 7.647449578966134141e+02 7.875039081032637114e+02 7.578656194357947697e+02 6.896286020803523797e+02 6.237399329320058996e+02 5.657426458907402775e+02 5.276115971878589335e+02 4.953146159866689686e+02 5.290157340715639975e+02 5.336376244447310455e+02 5.172979746483745203e+02 5.049481193791032183e+02 4.829962490657785565e+02 5.033121293404572612e+02 5.673889636764752140e+02 5.660828537900819128e+02
