output/field_example_test_lateral/elevation_000049.asc
nrows	150
cellsize	66.66666667
xllcorner	0
ncols	150
yllcorner	0
NODATA_value	-9999
[rows 34 to 50 of 150, columns 37 to 73 of 150]
5.539188088886743344e+02 5.919733256221064721e+02 5.951189121382496978e+02 6.384451429755089293e+02 6.915397117099602156e+02 7.575780745275918662e+02 8.258905771398327715e+02 8.425818013592145235e+02 8.057961389631183238e+02 7.619664301748997559e+02 7.380893672505296763e+02 7.675755051806225993e+02 7.740545209396483415e+02 7.456800186045189776e+02 7.128728105849627354e+02 7.489715130577025093e+02 7.922565370146328405e+02 8.213862458478016606e+02 8.335884855868525847e+02 8.261568063098932271e+02 8.162976178865769725e+02 8.281381745390955302e+02 8.133568059967219597e+02 7.774571016126485574e+02 7.275536594566374333e+02 6.869863144346974195e+02 6.526548406345862077e+02 6.236419523473776962e+02 6.370882234664443331e+02 6.287658727805815033e+02 5.974891797125801531e+02 5.468334186207687253e+02 4.868684839602684633e+02 4.225260495901326863e+02 3.520060212776153321e+02 3.048970093353403286e+02 2.523283850982791137e+02
5.809028593333703157e+02 6.307385525518417353e+02 6.555148218294564231e+02 6.916228602761725597e+02 7.376596902081790859e+02 7.918326949470930458e+02 8.516282195647379467e+02 8.770433904293242904e+02 8.562552069482007937e+02 8.276865488893241718e+02 8.074625884555636048e+02 8.130092474688538005e+02 8.178792613621908458e+02 8.094320277819064131e+02 7.976240767416913968e+02 8.169099668854432821e+02 8.305389915272369308e+02 8.253016422306735649e+02 7.996210258274669513e+02 7.618154558539512209e+02 7.501942990683770631e+02 7.888935810970765488e+02 8.121740523962382667e+02 8.089343756822391924e+02 7.800644142074744423e+02 7.441706433075499945e+02 7.098348073606663320e+02 6.806038082521354227e+02 6.613174361682437166e+02 6.346472476219363443e+02 6.035941951878395457e+02 5.592305909759318183e+02 4.908685607326102627e+02 4.174042536350754062e+02 3.494975693994497874e+02 2.926613753698629807e+02 2.440881366751183350e+02
5.712619321102938557e+02 6.334928861104552880e+02 6.912480050083358947e+02 7.383819839079876601e+02 7.839189170936670052e+02 8.309938028749942305e+02 8.702629852663791326e+02 8.769141636721453779e+02 8.521649534981961551e+02 8.221449943542518213e+02 7.976319174578945876e+02 7.925413830665721662e+02 8.072016533635542146e+02 8.254691386912802500e+02 8.425284561950893476e+02 8.444886706780848726e+02 8.243267649056621167e+02 7.915172386117154701e+02 7.422257304778530624e+02 6.960957187948828278e+02 6.844103947067794707e+02 7.299519296636465242e+02 7.779468206663678984e+02 8.032296603308361682e+02 7.879496336849711042e+02 7.459834928673394643e+02 7.022262318913824402e+02 6.619753100584335925e+02 6.258203061070636295e+02 5.843334740427756060e+02 5.512298599906766867e+02 5.439235043469759603e+02 5.002708632600343890e+02 4.298094050588036907e+02 3.554933276018306856e+02 2.903687289665186313e+02 2.367542370126291758e+02
5.710953356094920537e+02 6.275812760135723920e+02 6.801461618242112763e+02 7.309433708639404585e+02 7.825365994547989885e+02 8.327187068092416666e+02 8.602679643707643891e+02 8.424697674990983387e+02 8.004205726315409493e+02 7.633033829582517455e+02 7.313990192924679832e+02 7.290327287485930583e+02 7.549246349739036077e+02 7.901720499295907985e+02 8.237290862348385190e+02 8.203790361244598444e+02 7.791355491267424895e+02 7.370876442722601496e+02 6.904066864767183915e+02 6.393535080120757357e+02 6.264618312452483906e+02 6.770849654438574134e+02 7.273233174288918690e+02 7.722773795392689635e+02 7.652266537236284876e+02 7.034240661679293680e+02 6.506337094467824045e+02 6.013058708643519594e+02 5.584389704465270370e+02 5.214932840155407803e+02 4.875060914074275047e+02 4.916844522860670850e+02 4.869694820211822730e+02 4.468745972356862808e+02 3.909535972202563698e+02 3.233674981462495452e+02 2.293975400671775731e+02
5.317299881069483263e+02 5.809591504441914367e+02 6.297925350606731172e+02 6.835308383962927792e+02 7.407581645347025869e+02 8.079337158831136776e+02 8.259830340092494225e+02 7.898816579920309096e+02 7.473942352366100295e+02 7.031993452208423605e+02 6.677240827885236740e+02 6.708551322534460724e+02 7.051247718272571774e+02 7.483774431016234985e+02 7.928047926775515180e+02 7.857396911549835750e+02 7.347762870986755388e+02 6.838227915133827537e+02 6.431268612057074279e+02 5.929518117044756309e+02 5.772149507252124749e+02 6.269109913695958767e+02 6.857911240710891434e+02 7.393503911451070962e+02 7.440642066707555387e+02 6.831393543534317132e+02 6.061915078342933612e+02 5.451032499967004696e+02 4.948789643805210972e+02 4.517889340381237275e+02 4.325421391777031772e+02 4.284183658062698328e+02 4.344072849863892429e+02 4.225661652641683190e+02 3.858869257559215953e+02 3.355189745912520607e+02 2.767007896278574890e+02
4.863844187318995296e+02 5.284316300859896955e+02 5.789821832038958291e+02 6.419517420945445565e+02 7.226185827940008721e+02 7.864727496565922138e+02 7.895151460090337423e+02 7.443492910884737057e+02 6.956137233403875371e+02 6.551604651535857329e+02 6.174872761493689950e+02 6.260609135917345611e+02 6.609115733466031770e+02 7.163231082667458622e+02 7.658505655631441869e+02 7.533116914609948935e+02 6.948973279495216957e+02 6.365172807846925025e+02 5.957948825052317261e+02 5.682970973475740948e+02 5.343691375638367163e+02 5.886450997574445410e+02 6.479863288559321290e+02 7.064328252720647470e+02 7.344373283317801224e+02 6.951155633548584092e+02 6.212621629358261544e+02 5.529252398777417739e+02 4.937543521895790377e+02 4.425374837077625898e+02 3.960993799809194797e+02 3.633035601532352530e+02 3.724544813620775585e+02 3.646573284013082343e+02 3.297292071811373262e+02 2.978597221960201296e+02 2.655795421049568859e+02
5.329129916002551681e+02 5.760140488532217660e+02 6.286341758934933068e+02 6.838660705043029111e+02 7.450100516476232997e+02 7.763192248951678494e+02 7.531681914771206721e+02 7.017148199989330806e+02 6.523440351396405958e+02 6.121510442066132782e+02 5.777094634840692606e+02 5.909578998879038636e+02 6.549552695553387593e+02 7.101294102888352882e+02 7.476489448601778349e+02 7.274260038806436341e+02 6.604632545570567572e+02 5.954515727116815924e+02 5.434735232554730828e+02 5.406160768370384631e+02 5.021342854473487023e+02 5.544310840416133033e+02 6.033289267723781677e+02 6.669050995055348494e+02 7.183328966707470045e+02 7.060692785963148026e+02 6.599976139906719936e+02 5.993850067433659206e+02 5.474501454580514519e+02 4.992231639877005591e+02 4.534672702809984344e+02 3.955811806442479792e+02 3.198099188997257443e+02 2.882311962284532001e+02 2.616361730084595933e+02 2.384535213664495075e+02 2.183911785759590316e+02
5.801136860887324929e+02 6.299810615824219440e+02 6.783148609307457946e+02 7.299136506147078762e+02 7.608163426497578712e+02 7.526894134354597554e+02 7.068244359851692025e+02 6.580755623175219853e+02 6.094769386854206914e+02 5.733827724748458650e+02 5.444615643906815876e+02 5.807790164286628851e+02 6.289853093519471940e+02 6.825002676221407683e+02 7.279355150372404069e+02 7.101733085969200374e+02 6.477358170670843265e+02 5.834170967083218784e+02 5.272631247523809179e+02 4.837817623254786668e+02 4.741241002033989957e+02 5.204144555129638547e+02 5.905548454383181252e+02 6.565043328214597977e+02 6.967521725911121848e+02 6.939912191852631622e+02 6.793009886989804045e+02 6.463675399056425022e+02 6.036787267936367698e+02 5.538974431454239493e+02 5.001079019984032925e+02 4.432060701494484078e+02 3.974966893309551210e+02 3.623616664252870692e+02 3.280726031893644290e+02 2.871477675174087949e+02 2.403396811647832578e+02
6.388091756559828127e+02 6.834244069920330276e+02 7.307802445742977397e+02 7.578170317605605533e+02 7.531086005518670845e+02 7.191648481014223080e+02 6.657109943263350260e+02 6.133635438275682645e+02 5.678140856929423990e+02 5.282557445352888408e+02 5.212284605521692811e+02 5.823439638379145435e+02 6.305948711822589985e+02 6.746653079229109835e+02 7.106913962604032804e+02 6.920440357360098460e+02 6.278572019588913236e+02 5.601932372724188554e+02 5.132098169156651011e+02 4.488335862706217654e+02 4.511101604149033051e+02 5.176640221813111111e+02 5.806584283962599784e+02 6.223966054669576806e+02 6.486100926989932987e+02 6.340485458950720385e+02 6.531362697427938429e+02 6.594520130325290665e+02 6.289162632604826513e+02 5.689743132254941429e+02 5.077041445971339613e+02 4.533161296869354260e+02 4.216814050095794641e+02 3.887481446202222060e+02 3.534808541520379208e+02 2.971203532119980082e+02 2.434134261467408749e+02
7.011715633420321865e+02 7.415281966648791467e+02 7.639798042867422510e+02 7.569985339202175965e+02 7.220040742433317291e+02 6.695738665399144338e+02 6.220700086358070848e+02 5.752559139793672784e+02 5.318130039492225478e+02 4.873131758816010688e+02 5.318411020869164076e+02 5.572788392289315880e+02 5.849453979705159554e+02 6.409928205512985642e+02 6.907012007616367555e+02 6.749458514255526325e+02 6.081838730809981826e+02 5.352302542313993854e+02 4.680340438701815060e+02 4.160024749259201258e+02 4.698661209416022757e+02 5.074058215334509896e+02 5.363448150488670763e+02 5.823322877925226067e+02 5.891108038486669329e+02 5.547935279835234041e+02 5.920057011597342580e+02 6.305793089735616377e+02 6.251839508773971374e+02 5.667623307028210320e+02 5.003815858903581102e+02 4.389439168781933063e+02 3.833939672496178446e+02 3.400378521464317600e+02 3.342674737827413196e+02 2.929838303909799606e+02 2.116687694195166216e+02
7.686450156751944860e+02 7.797175015925869275e+02 7.669821464801884758e+02 7.299073558081530564e+02 6.744184835010730694e+02 6.222235084810836270e+02 5.724829292395046423e+02 5.340016136150070452e+02 5.004471509015468769e+02 4.651379879436470333e+02 4.975222635777653863e+02 5.054698689345515845e+02 5.649014623836517330e+02 6.270951471685012848e+02 6.777639008779010510e+02 6.666900855375411084e+02 6.013126906630711801e+02 5.275190146162664178e+02 4.586894064901078991e+02 3.953751736050451768e+02 4.321269524175868355e+02 4.457514924608179854e+02 4.884117444103133607e+02 5.290147006982642779e+02 5.281263484457803088e+02 4.840423609656031658e+02 5.362226207868339998e+02 5.933768632675898971e+02 6.133290915139419894e+02 5.647554204311494459e+02 4.988678559153360652e+02 4.362249197308138378e+02 3.789119330604071365e+02 3.273210387098022238e+02 2.797025454459852085e+02 2.768150934117227280e+02 2.359295418452345245e+02
8.080779248928150764e+02 7.802147620355657409e+02 7.397991344866020427e+02 6.851015129872344005e+02 6.323254420688850814e+02 5.759528461903651078e+02 5.276680832465613094e+02 4.882540674665650613e+02 4.579870203933341486e+02 4.576981921857085922e+02 4.380409048556193738e+02 4.983561614156693054e+02 5.603360754832582415e+02 6.224346689984560044e+02 6.674058450977211123e+02 6.674022542094702430e+02 6.105785866381703499e+02 5.414171887465753343e+02 4.776614961534204440e+02 4.320818941219420708e+02 3.640110364314269304e+02 3.924992171750105285e+02 4.314026996992143381e+02 4.647764021567165855e+02 4.636584100356852787e+02 4.249211750700793573e+02 4.858382417017330681e+02 5.534131539064163690e+02 5.931297163127497925e+02 5.705351587311781714e+02 5.070512051746582642e+02 4.499865337051907659e+02 3.923603866300247205e+02 3.387578351325009294e+02 2.866558445265551995e+02 2.269760397071751470e+02 2.192724532782351048e+02
8.025464178195014711e+02 7.464664995186784608e+02 6.928733228161884199e+02 6.419112214198701167e+02 5.911043132197419254e+02 5.425173454032674272e+02 4.891744544957078347e+02 4.431091420450782152e+02 4.164211984597224046e+02 4.050220918105820829e+02 4.586267272528803574e+02 5.049264527468426422e+02 5.495835693684554144e+02 5.920932293145893937e+02 6.440967490312802965e+02 6.666206883560477081e+02 6.304567709550084373e+02 5.640273591570298777e+02 4.981345727383812232e+02 4.357057491338347290e+02 3.937515242489187699e+02 3.314838151667343595e+02 3.738393483333705376e+02 3.874600426319998405e+02 3.892712389286251096e+02 3.761356581137322337e+02 4.373060905815222554e+02 5.086329153526422147e+02 5.717075076442764612e+02 5.617872055242505667e+02 4.932132954996307603e+02 4.159372594186145307e+02 3.516391240906696680e+02 2.961695952239158487e+02 2.476334747875090727e+02 2.114540966090805796e+02 1.824438377519416292e+02
7.864961600718079353e+02 7.172750030327865716e+02 6.518682054799985508e+02 5.979714975763613438e+02 5.527368776154954730e+02 5.144707605520462721e+02 4.840481342961663245e+02 4.894743013525822448e+02 4.465402092950576503e+02 3.862297226017967091e+02 4.222251982946845033e+02 4.593921852778786956e+02 4.965540096344228118e+02 5.554386763163882961e+02 6.049210033320287039e+02 6.484489507703980280e+02 6.337105986257687391e+02 5.755175862352710965e+02 5.167726379240663164e+02 4.702553416522107455e+02 3.466472032293071379e+02 3.374802808903964433e+02 3.043480521834688375e+02 3.215096804419268892e+02 3.224877727647939878e+02 3.702597658808448386e+02 4.298140652063940479e+02 4.996834035935839893e+02 5.628078186925350792e+02 5.624986408178998545e+02 4.980519217240368448e+02 4.291261568282337748e+02 3.690034621046908683e+02 3.173829047076490610e+02 3.043629993948899255e+02 2.625308758568591543e+02 2.115866392754391256e+02
7.928342643526975735e+02 7.501581294006714415e+02 6.974387211379162181e+02 6.473786368187138578e+02 6.012244617388869301e+02 5.489255321743501099e+02 5.420886700037744959e+02 5.211983569343574345e+02 4.751055225847846373e+02 4.217070623837680614e+02 3.613475121679925337e+02 4.093582100162723805e+02 4.737979131397115111e+02 5.098303815722312606e+02 5.716805526163717559e+02 6.283220794001997547e+02 6.221315357330317966e+02 5.628137679820973744e+02 5.104898900429744231e+02 4.605776702897375117e+02 4.144211185101360684e+02 3.770832308126376233e+02 3.345387804582202307e+02 2.798837101669304275e+02 3.167593976348229035e+02 3.611055646752457164e+02 4.196471509998754641e+02 4.903922852698004249e+02 5.561622751900998765e+02 5.715071308459612283e+02 5.323861456114107114e+02 4.801123542506582567e+02 4.293027874763204750e+02 3.844885190683021392e+02 3.435660101566404592e+02 2.858403382709935840e+02 2.366041098011974668e+02
7.997514149129063981e+02 7.755449539621397435e+02 7.166372875607182777e+02 6.609170959394145939e+02 6.140822299343955137e+02 5.949984184869077808e+02 5.642392364881578715e+02 5.209043281460757271e+02 4.643133454935322675e+02 4.047694091221913482e+02 3.434743119972877707e+02 3.589180328006351033e+02 4.225980737168776500e+02 4.932379747499662130e+02 5.587035095422999120e+02 6.139609052615047631e+02 6.064899159740882624e+02 5.402767768962891068e+02 4.649631439747716968e+02 4.042120090811820887e+02 3.651567344474928518e+02 3.470256353407845040e+02 3.198896593655302354e+02 2.650012331851719409e+02 3.102082520549543574e+02 3.597648107357788376e+02 4.218820567120503142e+02 4.901207867147276147e+02 5.450776067297482541e+02 5.608836370677578316e+02 5.377439192400739785e+02 4.956273425510435118e+02 4.512979869166343860e+02 4.002438863860315905e+02 3.499733069940810992e+02 3.006466621184835049e+02 2.684364388015150098e+02
7.948017231497528883e+02 7.893654498417782861e+02 7.428160345044806263e+02 6.867643084846981765e+02 6.317369082862230698e+02 5.851127736918850815e+02 5.394980648666019079e+02 4.879710809050899343e+02 4.470280062338619018e+02 3.966820841635724832e+02 3.298604884404212498e+02 3.710410441458897708e+02 4.263902785721774649e+02 4.866000358542165714e+02 5.486834153593614474e+02 6.019110615878182671e+02 5.982377401862921715e+02 5.325558780731042816e+02 4.566170033229180945e+02 3.888836234096820021e+02 3.287496854777694466e+02 2.871147581026496027e+02 2.853689029836764348e+02 2.494060193340749834e+02 3.198913675320139305e+02 3.800927101464073985e+02 4.266490917594448433e+02 4.646492400122091340e+02 5.079647962051855643e+02 5.117679981026569180e+02 5.013496772386769180e+02 4.546325270011807334e+02 4.124212397639724372e+02 3.825766012009563610e+02 3.530726182572293510e+02 3.169102262070832694e+02 2.774720452319663764e+02
