output/field_example_test_lateral/elevation_000015.asc
nrows	150
cellsize	66.66666667
xllcorner	0
ncols	150
yllcorner	0
NODATA_value	-9999
[rows 102 to 118 of 150, columns 37 to 73 of 150]
2.219922019288288197e+02 2.979210620500787741e+02 3.641526980186038713e+02 4.352441410890914426e+02 5.010118626003356326e+02 5.621082156416775888e+02 6.073314191668110880e+02 6.120740329726027085e+02 5.873139903601133938e+02 5.703657514045174821e+02 5.945301820274238480e+02 5.617293973423279567e+02 4.999277119335947077e+02 4.419022553963087603e+02 3.934736035248256485e+02 3.483974462773120990e+02 4.209455298424866214e+02 4.939631347073922711e+02 5.250719582767255815e+02 4.786514866315312133e+02 4.159497666112948764e+02 3.566798458234187592e+02 4.072435733199274637e+02 4.314598259560580686e+02 4.930305152896764866e+02 5.621269111764277113e+02 6.327010011607080742e+02 6.705532995026311482e+02 6.437618291331087903e+02 5.820548166014449407e+02 5.200762779023915527e+02 5.740653859276727644e+02 5.736100489655694901e+02 5.308581173235359074e+02 4.791605021330348677e+02 5.204058609447450863e+02 5.636514703295473510e+02
2.798036874564623986e+02 2.701088283812900386e+02 3.482295257647707558e+02 3.964005937344426798e+02 4.579611186676897319e+02 5.262633820904343338e+02 5.939072501125090184e+02 6.368638122409074640e+02 6.544983702807599002e+02 6.503915662494317758e+02 6.550273138373557913e+02 6.036763101875620805e+02 5.404233482140707565e+02 4.847360748202518153e+02 4.315391068481634420e+02 3.847710997906238504e+02 4.557639475874241271e+02 5.249765126978367107e+02 5.459326493693146176e+02 4.923412174562048449e+02 4.309085558430721790e+02 3.791910003319909492e+02 4.387592017059104705e+02 4.837248532100308012e+02 5.073542947708194788e+02 5.657350933163157833e+02 6.331600744564017305e+02 6.921384893041353052e+02 6.839312714155227013e+02 6.293175984300443133e+02 5.740999286852569412e+02 6.242074489035319402e+02 6.235475481429830324e+02 5.739532321166565225e+02 5.175946974137879124e+02 5.570257089879044088e+02 6.032692706006371282e+02
3.434127065835030521e+02 3.324912783031434742e+02 3.234636107565776229e+02 3.926592688097774726e+02 4.605631003339714766e+02 5.172795006906206936e+02 5.582626610066347439e+02 6.200271116631639643e+02 6.766753071404732509e+02 7.069141877594751122e+02 7.000673388179171752e+02 6.490591319635339005e+02 5.924583595084693570e+02 5.322472030893962938e+02 4.795837050624494395e+02 4.273993600167103750e+02 4.947334314254989636e+02 5.588599274799888690e+02 5.730911776799343897e+02 5.286458740775888145e+02 4.697153978901525875e+02 4.039332706454900404e+02 4.332727953771291141e+02 4.948561798641887322e+02 5.536466097121568737e+02 6.086913544119852304e+02 6.690876075669276588e+02 7.208990668012515926e+02 7.246159086806496816e+02 6.800680558403591931e+02 6.350715214789908032e+02 6.774884209608319452e+02 6.717600210309557269e+02 6.191437841754068359e+02 5.647304514855128446e+02 6.054462267764549779e+02 6.482563984356780793e+02
4.115667420220897270e+02 4.008906087991825302e+02 3.938259069932711895e+02 3.823461596911483298e+02 4.252525135041311728e+02 4.749335781092222533e+02 5.356039175126887812e+02 6.010888635247848697e+02 6.685424064830427824e+02 7.201357666497348191e+02 7.293707840006780998e+02 6.999381424146722566e+02 6.457614733235159292e+02 5.928304458105117192e+02 5.350517629166838560e+02 4.787564102325185900e+02 5.396775364631575940e+02 5.953789767459546738e+02 5.964922637196663118e+02 5.391184410456954765e+02 4.736009875133485139e+02 4.318360060362475679e+02 4.686036042198660425e+02 4.959382201984318499e+02 5.465279188177839842e+02 6.071031527745736867e+02 6.761387828927286137e+02 7.432966528154295247e+02 7.635081930040893212e+02 7.340253317058636640e+02 7.055622276664352057e+02 7.344103182881293606e+02 7.220534768572672419e+02 6.709449393116125293e+02 6.239476288997665279e+02 6.659468247040240385e+02 7.054191496658022515e+02
4.285896796329777771e+02 4.558471529817514920e+02 4.630697285719668912e+02 4.541540180476125101e+02 4.871164578492282544e+02 5.295586826653384378e+02 5.849097652271786956e+02 6.337365667164461911e+02 6.774676646841871843e+02 7.058048039553692661e+02 7.272023801605034805e+02 7.282048655787912139e+02 7.024200133958622700e+02 6.560267083425711689e+02 6.002271550515647505e+02 5.414436206028028664e+02 5.915941460312288882e+02 6.359735104942774342e+02 6.202459699973978786e+02 5.567144923178955196e+02 5.068254587405787106e+02 4.659912100421371406e+02 5.093018592006633867e+02 5.501277262145239320e+02 5.980981324236216778e+02 6.529367636316571861e+02 7.167465390210649048e+02 7.661450619598514322e+02 7.912067311495021613e+02 7.828928082623936007e+02 7.751438466211534433e+02 7.867560297663427491e+02 7.719796252422215730e+02 7.299627718162923884e+02 6.968763476221663495e+02 7.332497057628155517e+02 7.632397245275119531e+02
3.969740350190917866e+02 4.561137548299275863e+02 4.997399303548028797e+02 5.186291715612961752e+02 5.467343925258444415e+02 5.799672193951214467e+02 6.124841538725082728e+02 6.327990598675223737e+02 6.414338078727051879e+02 6.459501025307855571e+02 6.853269732664001594e+02 7.145112024088377893e+02 7.302520908681573246e+02 7.130464106255197976e+02 6.747434973580227506e+02 6.201352912376647737e+02 6.464174512596459863e+02 6.806290451203979046e+02 6.484125108766482981e+02 5.951176848749960300e+02 5.505673854921440125e+02 5.087463367761492350e+02 5.526079084445442504e+02 6.024931692021988283e+02 6.500078254201148411e+02 7.023145459896601324e+02 7.408252853981344970e+02 7.609918697726538994e+02 7.639818652707593856e+02 7.631224936394447695e+02 7.790953564936066869e+02 8.020353631149266675e+02 8.081668881995187803e+02 7.909691528878082636e+02 7.706354040772295093e+02 7.759699659812789605e+02 7.809271076882046145e+02
3.386475252773053626e+02 4.202958216917235745e+02 4.878131612649756335e+02 5.227230565753918654e+02 5.531226402372120674e+02 5.842365225668230551e+02 5.962009960874644321e+02 5.802540766328099835e+02 5.722040629324350220e+02 5.804393946744016830e+02 6.244720980120730474e+02 6.683664481550252958e+02 7.130646761602508832e+02 7.453500157352553970e+02 7.364047133826225036e+02 7.027217025506763548e+02 7.170762057210715739e+02 7.279276368400282990e+02 6.890818491437436251e+02 6.471972308964893728e+02 6.059580319784687390e+02 5.626474163824506149e+02 6.064707319835872568e+02 6.523887974261664340e+02 7.006509672278240259e+02 7.290143956787314892e+02 7.283590052266108614e+02 7.057253090834902878e+02 6.940432003463174624e+02 6.877731257207911995e+02 7.216329745367943360e+02 7.691006914963414829e+02 8.024395379971346074e+02 8.078416378290204420e+02 7.827961718659212238e+02 7.574805847540388868e+02 7.308237978088849331e+02
3.477844315585201116e+02 4.016203006447876760e+02 4.510400867576751125e+02 4.698808764353200900e+02 5.071226575919208130e+02 5.485034829496166822e+02 5.513665028439108937e+02 5.149389378579165850e+02 4.991413574428745505e+02 5.307930733881114520e+02 5.712565082228768460e+02 6.103451667687997997e+02 6.739254036249428736e+02 7.415401070972444586e+02 7.777681227852914390e+02 7.733787729951799292e+02 7.710439184017342313e+02 7.585216297734473301e+02 7.298726032298901600e+02 7.009443523772516755e+02 6.683126566132532389e+02 6.283770613900287572e+02 6.630000124328097399e+02 7.052481842963115923e+02 7.293443934801547357e+02 7.208281393816968148e+02 6.857469048789914723e+02 6.357836124649497833e+02 6.210061329178533924e+02 6.131964775670232939e+02 6.606795028179976725e+02 7.138519626526151569e+02 7.691301381396228862e+02 7.812949103466588667e+02 7.399545068681654811e+02 6.985724060162892783e+02 6.611657329326749277e+02
3.051952777723102486e+02 3.602788455846380202e+02 3.999719168368268356e+02 4.125835836008010347e+02 4.622776017637408472e+02 5.029732352474476329e+02 5.023641830366327667e+02 4.571318649984149260e+02 4.486880311096095966e+02 4.843773710498954301e+02 5.276309655735811930e+02 5.868379573124514081e+02 6.529257482537699389e+02 7.225814772114231346e+02 7.771048666363349184e+02 7.774177927212325585e+02 7.520604847343840902e+02 7.250731041995425130e+02 7.089249479792584907e+02 7.130972643580406611e+02 7.091468233816680140e+02 6.968127963891704439e+02 7.217334196363730143e+02 7.374107061145300577e+02 7.257336768682620232e+02 6.877916018262147873e+02 6.279796618468652696e+02 5.716187123690389171e+02 5.567609831913919152e+02 5.530615639517147883e+02 6.038276251188912056e+02 6.695639543018639870e+02 7.345485047615297844e+02 7.494278679051850531e+02 6.992221649013395108e+02 6.421843299181123257e+02 5.984846079063562456e+02
2.684377179970097700e+02 3.227699805195192653e+02 3.383726681487138990e+02 3.796809489219058946e+02 4.160844301825524099e+02 4.520245814909239925e+02 4.562144608864944644e+02 4.059316034182380690e+02 4.376759205083120037e+02 4.818954514495429748e+02 5.324433426216497764e+02 5.915479673071272373e+02 6.582269714170076895e+02 7.252745070102143927e+02 7.620484938689490946e+02 7.396490016376326366e+02 6.858640987094844377e+02 6.408728878903873465e+02 6.263415301531857722e+02 6.655654879763857252e+02 6.975416403457578554e+02 7.261875422941093348e+02 7.481154101356891033e+02 7.312728911091973032e+02 6.927182064407159032e+02 6.374328122693830210e+02 5.824867034635997243e+02 5.171880893224522424e+02 5.009606310921240606e+02 5.053350185403682531e+02 5.631014684991944250e+02 6.343974576345898413e+02 7.061878747327975816e+02 7.241525174662466497e+02 6.670496331522139144e+02 6.019182236836318225e+02 5.481465380608158284e+02
2.352435763451534285e+02 2.734380572827948299e+02 3.111692424967004058e+02 3.462739697463970288e+02 3.590645549551399540e+02 3.934970457822351477e+02 4.047310222750663797e+02 3.773318960046294137e+02 4.266612602421442944e+02 4.747886825112900056e+02 5.310637885239285652e+02 5.907992443531262552e+02 6.539197120214696497e+02 7.101783246335244257e+02 7.279630985720127683e+02 6.835398748163747769e+02 6.260794329392443842e+02 5.610321644204805125e+02 5.404523240598319944e+02 5.887642151072219576e+02 6.405160337363524832e+02 6.965552638073592107e+02 7.212296554231982100e+02 6.949072060765516881e+02 6.385991428135856722e+02 5.862481095488254823e+02 5.373322240219278001e+02 5.029983771300651938e+02 4.504269726038212980e+02 5.131543889412921544e+02 5.727867433446239147e+02 6.329902257482132200e+02 6.890947738847326036e+02 7.137616483947808774e+02 6.679176030136832196e+02 6.046960447346722276e+02 5.456142806982339835e+02
2.972467513896589821e+02 2.547072080534597092e+02 2.706747255005366242e+02 2.882530551481070802e+02 3.055089754341628350e+02 3.239828453898998077e+02 3.429709585657051889e+02 3.651156325553706097e+02 3.651156325620372627e+02 4.199749640096427470e+02 4.788129710123674272e+02 5.430421514611912244e+02 6.151316251191915399e+02 6.826750414691423430e+02 6.904645121454777836e+02 6.356035420388323018e+02 5.691239591077677460e+02 5.118198099874779246e+02 4.650846524282341647e+02 5.211258922905224154e+02 5.874255613149724695e+02 6.508977652466548989e+02 6.692415369500288307e+02 6.527621278796517572e+02 5.896691635480951845e+02 5.312288253715332758e+02 4.875236692624289958e+02 4.524088843691203579e+02 4.196917698060719886e+02 4.793824554006544645e+02 5.332574707582004976e+02 5.913686241553019727e+02 6.569162720295589679e+02 6.962910584603990856e+02 6.759809697048907537e+02 6.140313765314396051e+02 5.512256129813014240e+02
3.393355760681272955e+02 2.826256156697990036e+02 3.319528303957051776e+02 3.517715408390134257e+02 3.628939132696435763e+02 3.736069338375687039e+02 3.826394751038619120e+02 4.206361070443766152e+02 4.173466992624866521e+02 4.262270660665296873e+02 4.782476287775099877e+02 5.393506163868642034e+02 6.077554604188470648e+02 6.622721361614376292e+02 6.556721603594545513e+02 5.941834085719152654e+02 5.237797360247681127e+02 4.617490251153599843e+02 4.124250573887475184e+02 4.718953361549669694e+02 5.412869215962712133e+02 6.044026532600910286e+02 6.145433708714245995e+02 6.134490928593885428e+02 5.507336883641354461e+02 4.832441696593893994e+02 4.396513422081769136e+02 4.040409942217233947e+02 3.942938319495938231e+02 4.372715771034581849e+02 4.880839863993717245e+02 5.485393382289109923e+02 6.157440812792971201e+02 6.752572855898024500e+02 6.738279809647124239e+02 6.146153687554351563e+02 5.519020077332123719e+02
3.753053296501366844e+02 3.142235963187078482e+02 3.713739241559366064e+02 4.157712657095827353e+02 4.279299029728941264e+02 4.326008693587800167e+02 4.381368631578929467e+02 4.580455124609493964e+02 4.730400221457944667e+02 4.845942542902978971e+02 5.273040123338045078e+02 5.800076437202185389e+02 6.207323270113525950e+02 6.374708468915143840e+02 6.204948306134150471e+02 5.569837730422265167e+02 4.856776269249413645e+02 4.223106378738559670e+02 3.710952632505163251e+02 4.313322028061881497e+02 5.005177547750881786e+02 5.609645362616315651e+02 5.600970429167738303e+02 5.808147885779270609e+02 5.437697339915067687e+02 4.738749026007648695e+02 4.045973599519612094e+02 3.630969627525543046e+02 4.161426886123347799e+02 4.614713337786499778e+02 5.064293608369210347e+02 5.551058189762268285e+02 6.072963228290612960e+02 6.555085283200558024e+02 6.732754912732664252e+02 6.384288994741542638e+02 5.895052450046559898e+02
4.138994355333565522e+02 3.503767379892179861e+02 4.109126650604926567e+02 4.624199280965201524e+02 4.933877945145957824e+02 4.990680227741284511e+02 5.010883637174841283e+02 5.165658109390953996e+02 5.359164233284757302e+02 5.508919413202423812e+02 5.807869037599953117e+02 6.023573692683548870e+02 6.004548537264603283e+02 5.790605451316404242e+02 5.769699181480392554e+02 5.210100272437134663e+02 4.519813471522376176e+02 3.889916968920522322e+02 3.369026636313104746e+02 3.921313955860297824e+02 4.645334008673852395e+02 5.209046258573629302e+02 5.032348655070529162e+02 5.397843468984500532e+02 5.292678028902544156e+02 4.679283494676881787e+02 4.004121671490464678e+02 3.419503540554169376e+02 3.907339836355666307e+02 4.270682979079685992e+02 4.654181726769558622e+02 5.089707074251663244e+02 5.606655939592524192e+02 6.199773980538382148e+02 6.430673513758024455e+02 6.252791725919186092e+02 5.849295955610582496e+02
4.237117574378547147e+02 4.084200783034469282e+02 4.158497335775468287e+02 4.796690413046190997e+02 5.371385869857887201e+02 5.647779900402623525e+02 5.689509347924282565e+02 5.807004943722245116e+02 5.980330214999038390e+02 6.037191780574145241e+02 6.000806491539135550e+02 5.790634107498581216e+02 5.473567200992639528e+02 5.029778418699722238e+02 5.232806933837932775e+02 4.860006188074312377e+02 4.211433416777438197e+02 3.593619960749103939e+02 3.078100795701104175e+02 3.857139988360680150e+02 4.509457690826519070e+02 4.791638755623635006e+02 4.475790852732883991e+02 4.960069418896765114e+02 5.128025335887700749e+02 4.695848754211172036e+02 3.971407173361031937e+02 3.229679616356910401e+02 3.466238546315892108e+02 3.761387161265936925e+02 4.140520403694461038e+02 4.558660037109081600e+02 5.206842781792280448e+02 5.818634788888133471e+02 5.900046752740714737e+02 5.841956214679371442e+02 5.384992241734785239e+02
4.761630507387024522e+02 4.714786493029951657e+02 4.778094696927571476e+02 4.943914093246139601e+02 5.555209599049022700e+02 6.110367352512237176e+02 6.297287324534944446e+02 6.335774452970608763e+02 6.256407107566993773e+02 6.007045897093562417e+02 5.674627136753373406e+02 5.184212934868120328e+02 4.736109356500145964e+02 4.273984388612156522e+02 4.685888015763512158e+02 4.589121439846021531e+02 3.922872698698381555e+02 3.323559371616772751e+02 2.808687113761918113e+02 3.525703207524048821e+02 4.196545065306431184e+02 4.353933813211129404e+02 3.940791295166148984e+02 4.437498438386168687e+02 4.827112143137570115e+02 4.665500465940910999e+02 4.093417379961177289e+02 3.554615985673892737e+02 2.924091264831301373e+02 3.280189378099884721e+02 3.762508598391081591e+02 4.466506927277452519e+02 5.126000517701936587e+02 5.469869292126700202e+02 5.319349104749090884e+02 5.381817970724428051e+02 4.921206693947949589e+02
