output/field_example_test_lateral/elevation_000087.asc
nrows	150
cellsize	66.66666667
xllcorner	0
ncols	150
yllcorner	0
NODATA_value	-9999
[rows 0 to 16 of 150, columns 111 to 147 of 150]
9.785711105979531794e+02 9.530199076717585740e+02 9.380076417531818151e+02 9.176504252318635508e+02 9.104317850006802928e+02 9.040808419889078777e+02 9.009758963828883225e+02 8.997776622961461044e+02 9.108775454713365889e+02 8.997414336662508276e+02 8.722419540982648414e+02 8.518699837861331616e+02 8.564407379360776531e+02 8.714751015027522953e+02 8.795006884031031404e+02 8.897857772496197413e+02 8.992939821691674069e+02 9.101457308720088122e+02 9.385111353070454925e+02 9.793871098438354466e+02 1.026635967209203500e+03 1.072249555535211584e+03 1.083310601644509234e+03 1.060651496835610033e+03 1.042069423025284550e+03 1.052872353977142438e+03 1.080822969146862306e+03 1.111758055674585194e+03 1.109628494795872257e+03 1.072775318702953200e+03 1.031851460555875519e+03 9.961069667679288386e+02 9.708074337219226209e+02 9.633120894707539037e+02 9.699366446138636775e+02 9.938591288592415367e+02 1.026222072828745240e+03
9.393311639483426916e+02 9.086656793424649550e+02 9.031885111361235658e+02 8.728875885421435896e+02 8.694089840863175596e+02 8.625780735118856910e+02 8.600112420041674568e+02 8.558202012139914814e+02 8.803363183619666188e+02 8.716567059833467965e+02 8.330264390355453088e+02 8.033306405296318644e+02 8.120646648746236451e+02 8.341290497038412468e+02 8.375043507869886525e+02 8.486771499579214151e+02 8.575648957061538340e+02 8.637254760112551821e+02 8.992680541383581385e+02 9.457666242685281759e+02 9.969459090418080223e+02 1.055281669439280222e+03 1.058338241060861719e+03 1.020199157226402235e+03 9.904163999013752573e+02 1.004636323947732421e+03 1.043677963095955647e+03 1.088677450787270800e+03 1.088806736154065902e+03 1.042591412680643998e+03 9.974796421256684198e+02 9.579036058329744492e+02 9.258218323136724166e+02 9.194362133867992952e+02 9.250524358037794173e+02 9.557774757934097352e+02 9.919436147485596393e+02
8.855199270529340083e+02 8.488049074268593586e+02 8.446448508229648269e+02 8.127122598815000174e+02 8.111859659047800051e+02 8.018802023029104475e+02 8.015168107889156772e+02 7.956418600636407064e+02 8.300226281091295277e+02 8.255986642662835493e+02 7.809827857586797109e+02 7.381843937694814031e+02 7.552097767131112960e+02 7.683327548646807372e+02 7.746938341399720684e+02 7.894888868260676418e+02 7.983375641762123678e+02 8.019602961660714300e+02 8.488046526361003998e+02 9.064583434826288340e+02 9.788399888841993288e+02 1.032901085512301961e+03 1.020178208560647477e+03 9.676681108838508862e+02 9.216572023832839022e+02 9.421173833879203130e+02 1.000623149677667698e+03 1.052667700897656232e+03 1.055857031728004813e+03 1.005372547784727544e+03 9.505899918639241832e+02 9.075800315615997533e+02 8.670228785139034926e+02 8.564850060730723271e+02 8.664072999603804419e+02 9.051656825114876028e+02 9.443678374902686983e+02
8.371290885060111577e+02 8.033380027209143464e+02 7.740564702249786251e+02 7.586960853621642400e+02 7.567251383011735015e+02 7.420070821508630843e+02 7.463978249806848453e+02 7.389518007514183182e+02 7.708192428265698481e+02 7.740045492147717141e+02 7.318531941856383582e+02 6.792149469285236592e+02 7.144023157885935689e+02 7.018876615706259372e+02 7.136692012535399954e+02 7.336945734832137305e+02 7.423905628155928298e+02 7.930872091474641365e+02 8.510161775974497687e+02 9.170743781309117821e+02 9.852999070055742550e+02 1.010268745252747522e+03 9.792073529150694640e+02 9.186897585908928932e+02 8.603145118266050986e+02 9.024460256819231745e+02 9.597484955377417464e+02 1.013421131409686836e+03 1.020463146484568483e+03 9.709417228562996343e+02 9.110210750012519156e+02 8.631509238505132089e+02 8.261345648662328358e+02 7.936041327480035079e+02 8.251697637321253751e+02 8.595540352458788220e+02 9.028460394515392409e+02
7.982327221242641144e+02 7.613358423190023814e+02 7.286250856945929399e+02 7.152896529899987854e+02 7.197219297254227968e+02 6.850850058859157343e+02 6.986083622460904508e+02 6.895948812842400457e+02 6.998983886273184680e+02 7.128221937138778230e+02 6.927040802940787216e+02 6.321713897574743442e+02 6.584507979806041931e+02 6.343661115435824058e+02 6.612396416292350523e+02 6.929762469928514292e+02 7.606656381333700665e+02 8.298825495416147078e+02 8.921949239004948140e+02 9.502062283274623269e+02 9.900972844622207276e+02 9.802081053214340045e+02 9.295007149899429351e+02 8.736914441224336088e+02 8.142388263515166500e+02 8.588898044599271770e+02 9.225723254336354557e+02 9.668244506553442079e+02 9.788763007379433247e+02 9.420021564518093555e+02 8.791466793593998545e+02 8.231000330355076358e+02 7.887993898140151714e+02 7.544487763265512967e+02 7.869898329844830869e+02 8.161594113699695754e+02 8.679787748157440319e+02
8.586851031705990636e+02 8.145632670651255012e+02 7.602573972861750917e+02 6.906802072316544354e+02 6.622754570986995759e+02 6.381026369396877271e+02 6.656819515355401791e+02 6.539192072316641315e+02 6.278203343223262891e+02 6.618343850954091749e+02 6.495202723943358478e+02 5.911262144075493552e+02 5.941919736558797922e+02 6.584773806883388261e+02 7.091597458052575575e+02 7.479302317381692546e+02 7.722199252810600001e+02 8.310206245361348465e+02 8.967243616523165883e+02 9.599906624311577161e+02 9.744684622473512263e+02 9.417571928240822672e+02 8.856075154348019396e+02 8.287644093642762755e+02 7.758260444575107613e+02 8.420075820257163741e+02 8.890403352681336173e+02 9.007486486904493859e+02 9.226699008114242133e+02 9.297314607400689965e+02 8.858663698426698829e+02 8.233471384872597127e+02 7.580460922620253541e+02 7.243626266219571335e+02 7.542640586246508292e+02 8.121253644815309372e+02 8.719943462251119399e+02
8.876222415542129056e+02 8.570143249437315944e+02 8.020114039040551006e+02 7.576963391278341078e+02 7.195955145461495022e+02 6.683245031804195833e+02 6.068035902843259919e+02 5.826396710793613920e+02 5.826192425971847797e+02 5.987164397384618724e+02 5.948105662943216885e+02 5.519968170741010454e+02 6.039952574763265147e+02 6.375374281135299270e+02 6.980955208190556505e+02 7.608684293584243505e+02 8.221760168309020855e+02 8.747346931773795404e+02 9.272648879136634150e+02 9.663326060946922098e+02 9.483587552786643755e+02 8.883482953472818053e+02 8.366418300176851517e+02 7.892485823485077390e+02 7.416015030490053732e+02 8.003494183874159944e+02 8.341973820517264357e+02 8.274886822064432863e+02 8.737911988934670262e+02 8.950869359378363015e+02 8.644589946851485820e+02 8.211567701388657952e+02 7.604363428933459090e+02 6.998166812256348521e+02 7.600253367786139052e+02 8.112937636017688874e+02 8.621158390193219248e+02
8.762269206143013207e+02 8.787239961561546124e+02 8.506999161981841553e+02 8.141351945470261171e+02 7.644535183523317983e+02 7.143544993410163215e+02 6.698840362745938819e+02 6.211212893908129900e+02 5.493654042646347762e+02 5.357219765650485215e+02 5.076234816422591507e+02 5.477143971246259753e+02 5.477143971312926851e+02 6.180352293594006596e+02 6.897883565312855580e+02 7.597811823114694789e+02 8.263774788811332428e+02 8.808156692019729235e+02 9.266582332455934647e+02 9.561269084427152620e+02 9.232837794999389871e+02 8.460164224460614832e+02 7.748842836364415234e+02 7.418822346513002230e+02 7.113915393749617806e+02 7.657512271015019678e+02 7.678982670350834496e+02 7.629326953990123457e+02 8.147158813042613019e+02 8.507065673525793272e+02 8.346905901390566669e+02 7.856232210836645891e+02 7.437645611789520217e+02 6.771032516119645379e+02 7.173347477285402647e+02 7.658899119483546656e+02 8.187589731318204258e+02
8.411169453417008981e+02 8.616712687627964442e+02 8.573665163981372643e+02 8.403055531500423285e+02 8.074787878779018229e+02 7.654539745646799247e+02 7.168370382987133098e+02 6.637014896883723623e+02 6.121956444125663666e+02 5.153152889615796539e+02 5.076234816355924977e+02 5.745436131613198540e+02 6.173091255580915231e+02 6.636284213954926372e+02 7.158403821969179717e+02 7.613127427724467680e+02 7.958329860489701559e+02 8.391034281711338281e+02 8.880736588831673544e+02 9.323818453065842959e+02 9.087621355992718009e+02 8.311385676850717346e+02 7.539025592494886041e+02 6.856950044519626317e+02 6.856950044452959219e+02 7.170525147293741384e+02 6.999227730734302213e+02 7.071544586188335870e+02 7.768963998158233153e+02 7.958898330976916213e+02 7.919497634044673759e+02 7.500755535602128248e+02 7.044975438757458051e+02 6.557230896966659657e+02 7.206254707698116135e+02 7.732241166683108986e+02 8.176611126723627194e+02
7.948021529476824298e+02 7.992775798191992180e+02 7.974405863843268207e+02 8.084248222914982307e+02 8.090194675087602718e+02 7.789243998911397284e+02 7.224736159639412563e+02 6.647867506210440069e+02 6.218550182015937935e+02 5.617427355942826352e+02 4.929027590117790965e+02 5.629076417914951662e+02 6.245572190487672515e+02 6.695545500196119519e+02 7.017334506659598219e+02 7.070398369883845362e+02 7.415381282570803023e+02 7.898926950849609057e+02 8.529701693039736483e+02 9.123267444137286475e+02 9.148628248191904504e+02 8.649610355357299341e+02 7.994172612409248586e+02 7.548665812353675619e+02 7.196235065849120929e+02 6.559708293983096610e+02 6.312955304803934951e+02 6.996167567584612925e+02 7.420838194285727241e+02 7.387929552306818550e+02 7.402256453796258029e+02 7.035473871790635485e+02 6.646635262833202660e+02 6.357756311893466545e+02 6.828089007135520205e+02 7.374657007328167992e+02 8.052703962998592715e+02
7.423073753365372340e+02 7.258540152507807761e+02 7.150723863118848840e+02 7.300378696206598761e+02 7.643874380365363095e+02 7.627015643716624709e+02 7.110462533818124484e+02 6.478729558134133413e+02 5.858567343769143463e+02 5.486462226802686928e+02 4.786529862580527492e+02 5.451992340713392196e+02 5.844391741404569984e+02 6.256668606682810605e+02 6.465370315081260060e+02 6.481184567529029437e+02 6.940837698220491347e+02 7.521541189402893224e+02 8.237560597904778206e+02 8.942461952547549799e+02 9.127222893086924387e+02 8.820476439778072972e+02 8.429394495265594287e+02 8.095011030605187443e+02 7.643037678844076481e+02 6.996426276145687098e+02 6.312955304737267852e+02 6.675238104223566324e+02 6.863659889097517635e+02 6.799722066010658637e+02 6.758547871336194248e+02 6.527255515183895795e+02 6.086597461433302669e+02 6.674938124574912308e+02 7.173692912704927949e+02 7.691961291900171318e+02 8.257539698674650026e+02
6.798769857743541252e+02 6.543831087027579088e+02 6.325852628158436346e+02 6.529333141205950142e+02 7.101560202060071560e+02 7.295578936995366348e+02 7.013667387826219510e+02 6.414514267242391270e+02 5.763674929326945175e+02 5.110356181552907060e+02 4.646488282358642437e+02 4.910091699797798128e+02 5.217640290475320626e+02 5.555352697653273708e+02 5.915934481189368626e+02 6.420510102482982120e+02 6.987085458581344710e+02 7.628069510912769147e+02 8.317052515023489150e+02 8.846553552246721210e+02 8.813564612234579272e+02 8.448820969246326058e+02 8.236728100878024179e+02 8.207924705788714164e+02 7.923140601667222427e+02 7.386385295496534127e+02 6.753209757307771497e+02 6.001404329858441997e+02 6.322811546767361506e+02 6.263480751831210682e+02 6.221916849945085914e+02 5.796346001384243891e+02 6.069642213334143435e+02 6.430876814259755747e+02 6.854199636323728555e+02 7.400024292318420294e+02 7.972216404609968095e+02
6.179190133827918316e+02 6.092627625809712981e+02 5.539444307176040638e+02 5.987357110874322643e+02 6.600376572532894670e+02 6.775800049001333036e+02 6.671726136296700815e+02 6.258278684199273130e+02 5.778330620565119489e+02 5.207186313392733155e+02 4.545841731578726694e+02 5.264238912957531511e+02 5.760675311843572217e+02 6.170784542363471701e+02 6.562788998528272941e+02 6.994562303997950039e+02 7.502259234682439910e+02 8.095778697423470476e+02 8.516021845834396800e+02 8.605150933808356513e+02 8.326888945575678918e+02 7.844962937933382818e+02 7.461734367194029574e+02 7.831611015498331199e+02 7.932259509859277387e+02 7.510605625425408789e+02 6.914272026780811302e+02 6.385681955256470701e+02 5.636286080369637830e+02 5.862674857779421700e+02 5.538824943232538089e+02 5.835601218678680198e+02 6.169238392658719476e+02 6.810365016825705879e+02 7.315438930646123481e+02 7.563118576544661664e+02 8.083932234726052002e+02
5.519088604748968692e+02 5.480897758821648722e+02 4.997797617030615811e+02 5.550937888954816799e+02 6.182762779899641146e+02 6.225121666272909806e+02 6.175166175760322176e+02 5.675751546819944906e+02 5.227219948201109219e+02 4.875239746593596237e+02 4.420843712045444818e+02 5.269221992011404154e+02 6.052049522230217917e+02 6.653715413805067556e+02 7.128395060163007884e+02 7.579946166913395018e+02 8.041106517027379823e+02 8.412073523169519831e+02 8.478572773356299876e+02 8.180753021785108103e+02 7.668058387262110500e+02 7.198257021369487347e+02 6.731097620267729553e+02 7.284707824817241999e+02 7.618107970289289597e+02 7.492216702267511437e+02 7.082171587854901418e+02 6.569934189420763460e+02 5.972547517284210699e+02 5.286176661418550111e+02 5.905253314148889103e+02 6.371433876535066929e+02 6.723418712945314155e+02 6.787263557837176222e+02 7.444911499948022993e+02 8.060227789337735658e+02 8.563045208861034325e+02
4.879162161881129691e+02 4.719560831338029629e+02 4.565846452965307662e+02 5.320620747783718798e+02 5.744931477205725514e+02 5.659243812067059025e+02 5.680365358500295088e+02 5.179787514105277069e+02 4.619341379543390076e+02 4.218441108203036833e+02 4.859259591642065743e+02 5.472398272464758975e+02 6.100366416396166187e+02 6.673287671700678629e+02 7.228242095168538981e+02 7.746021586809954442e+02 8.293991592373257618e+02 8.494779488740040279e+02 8.190950438199598693e+02 7.595512858388002542e+02 7.035809400218280416e+02 6.533515455659614872e+02 6.095111649731600210e+02 6.683531572962945120e+02 7.131816801117861360e+02 7.045007127265419058e+02 6.608827345745207822e+02 6.273417548746569992e+02 5.838583957804071360e+02 5.140330013369443805e+02 5.763566652826725658e+02 6.399987561779396401e+02 7.014241041263127272e+02 7.383808592636826234e+02 7.481212894180368949e+02 8.104448422624944897e+02 8.730202172897295441e+02
5.348808423193507906e+02 5.009155964222056241e+02 4.565846452898641132e+02 4.974224412235762429e+02 5.044660723205236081e+02 5.060555683285655846e+02 5.186625590594541109e+02 4.798825636209510321e+02 4.410380303697220938e+02 4.099456083541012390e+02 4.530280111986897964e+02 5.042363762004106320e+02 5.613268529121224901e+02 6.230644023466173849e+02 6.903779884347926554e+02 7.661796201313518395e+02 8.245442202578990418e+02 8.314108504164565829e+02 7.779716998465131610e+02 7.086751759661057122e+02 6.425396290910086918e+02 5.864558279111712409e+02 5.568482267413394311e+02 6.169237860577957235e+02 6.495167498847548586e+02 6.307926764635922154e+02 5.657950375933860414e+02 5.729118253060676125e+02 5.396409888086911906e+02 5.010002013402111629e+02 5.594334118049996505e+02 6.234815050729047243e+02 6.930556250222100516e+02 7.616260243609594909e+02 8.102311764188576717e+02 8.258915533103812550e+02 8.807199953761120241e+02
5.806566525181622183e+02 5.438873881557284449e+02 5.011540201707898063e+02 4.345707517323573938e+02 4.183822043807829232e+02 4.626828766907984800e+02 4.628637147970651426e+02 4.403315451544833081e+02 3.955780325636501971e+02 4.704359602579328907e+02 5.203333201516938971e+02 5.687584507838929540e+02 6.188447222855676273e+02 6.731534159819217393e+02 7.366395852599642922e+02 7.866211655007545005e+02 8.120874915963016747e+02 8.008358076609875980e+02 7.710209802901079001e+02 7.084485847694592167e+02 6.375643922536280570e+02 5.700953001410907746e+02 5.150397954958923492e+02 5.723074827001047424e+02 5.715744906608282463e+02 5.516727552094642988e+02 4.443150334716306702e+02 5.152093715177040849e+02 4.808615105118377073e+02 5.557925217964286730e+02 6.156700532866241247e+02 6.769130364172901864e+02 7.393891477260171996e+02 7.990521851913058526e+02 8.491485102805003180e+02 8.849029471778289917e+02 9.234508433626299393e+02
