output/field_example_test_lateral/elevation_000100.asc
nrows	150
cellsize	66.66666667
xllcorner	0
ncols	150
yllcorner	0
NODATA_value	-9999
[rows 102 to 118 of 150, columns 37 to 73 of 150]
5.797296191682148674e+02 5.786714794868415765e+02 5.097239014822810077e+02 4.378031929861384128e+02 3.796509742532602445e+02 3.344012099731313015e+02 3.011879541205675537e+02 3.537520497467370433e+02 3.992991925537749580e+02 4.701223876449534487e+02 5.473174515060530894e+02 5.760581379646669120e+02 5.351522045724262853e+02 4.736279151660056073e+02 4.017036341623226008e+02 3.325727846584721874e+02 2.830369451624580961e+02 3.391448883845259274e+02 3.899227861342395727e+02 4.470548211250366535e+02 5.053185605354186691e+02 5.238115009288356987e+02 4.860367422146117065e+02 4.344863845013287573e+02 3.763874237086599237e+02 3.072468041800656806e+02 3.230164874067998539e+02 2.894699855917388049e+02 3.391294324987462687e+02 3.967979228816192290e+02 4.640302282051382008e+02 5.373053146767438193e+02 5.986789550646085445e+02 6.035362754059124200e+02 5.578427709173151925e+02 5.071764240507943668e+02 4.738281701290750334e+02
5.968662342531782770e+02 6.011220539573495216e+02 5.461429912296617886e+02 4.847772930218794727e+02 4.237995540012589117e+02 3.723439799354671891e+02 3.234384977084872048e+02 3.877355222541213493e+02 4.467909084023272612e+02 5.064415383262802948e+02 5.709867258779307804e+02 5.875489132720608723e+02 5.345032956877543029e+02 4.690888366994993817e+02 4.085202916113436800e+02 3.660658191596467645e+02 3.076284301911224475e+02 3.625173145339368830e+02 4.319967875193832469e+02 5.001377912160830306e+02 5.371110442794916935e+02 5.210410681053289181e+02 4.582665838163274543e+02 3.967564755522284941e+02 3.427124585176909477e+02 3.683407572155501839e+02 3.660172592948901524e+02 3.107437615869379783e+02 3.522745696022883521e+02 4.024480553020046045e+02 4.646632233923112949e+02 5.375617097219819698e+02 6.086983630382935644e+02 6.351330223037774658e+02 6.018324473904490333e+02 5.543483444707180752e+02 4.872272937828233239e+02
6.022980485003790818e+02 6.240802270315357418e+02 5.933846337928988532e+02 5.316630121482135110e+02 4.678549940508127634e+02 4.097386665872782032e+02 3.505864404505993548e+02 4.159649696389747078e+02 4.800722909043987556e+02 5.417727117101667318e+02 5.928172281599973985e+02 5.953074924150471361e+02 5.303911854312674450e+02 4.587507569965715106e+02 3.973346025341749623e+02 3.456407875791896913e+02 3.779635171263931852e+02 4.093111075649485997e+02 4.711087364838505778e+02 5.371820006579375786e+02 5.615834224279195723e+02 5.092024765170556293e+02 4.420990194369757660e+02 3.864223521239512138e+02 3.427124585243576007e+02 4.023099244347653780e+02 3.972649338301048374e+02 3.357432416237286361e+02 3.547153294658953655e+02 3.936268223954861583e+02 4.584194090180928356e+02 5.333956912413578948e+02 6.107739146091636258e+02 6.605608162165676731e+02 6.371440996709274032e+02 5.768885099176226277e+02 5.188705920408813199e+02
5.840809307658583975e+02 6.287568839653664554e+02 6.278733224020662647e+02 5.782391458182877386e+02 5.180819639846571363e+02 4.538124482660268768e+02 4.048884338500857325e+02 3.934023838207712629e+02 4.580363895156506828e+02 5.304572460863258812e+02 5.977293152177692264e+02 6.141208063489613096e+02 5.629487408029165181e+02 5.034115871521809709e+02 4.448077020849866017e+02 3.806634132685005056e+02 3.935828920868590899e+02 4.524540983134351677e+02 5.125311593167448336e+02 5.733497791775670294e+02 5.890455285245201367e+02 5.360747447922043420e+02 4.717547107995486044e+02 3.911921247732081497e+02 4.072481147781458048e+02 4.433654600569222453e+02 4.287368850290633873e+02 3.653050161476414814e+02 3.975180144942864899e+02 4.276630084829873226e+02 4.640716871814961451e+02 5.356236787255056697e+02 6.124669018898104014e+02 6.726407112160310362e+02 6.548633062718972724e+02 5.831933304562001013e+02 5.779787935554822980e+02
5.497149944216541826e+02 6.182453349590238076e+02 6.533422062555886214e+02 6.292959324187628454e+02 5.712689797851313642e+02 5.170582675389257474e+02 4.712312359909179804e+02 4.424753696497411397e+02 4.413626051903534062e+02 5.194822588864797126e+02 5.966985220459480388e+02 6.355499309806864403e+02 6.053989070810126805e+02 5.490624942006486435e+02 4.862037075291508472e+02 4.195415079087109120e+02 4.316647438212501697e+02 4.872664104391537876e+02 5.511364508740842894e+02 6.089216766105818124e+02 6.168592693764639989e+02 5.634318781332375465e+02 4.898965070889925641e+02 4.277361364364356859e+02 4.714892032514709967e+02 4.923038607302635228e+02 4.569564955099669419e+02 3.992317472103442242e+02 4.378609450988774938e+02 4.737009656852441140e+02 5.102750476408328950e+02 5.533911075133989925e+02 6.260979723190179129e+02 6.932243090932809082e+02 6.859989986630359908e+02 6.280595815342029482e+02 6.382172348973996350e+02
5.461999411242611586e+02 6.076610028066950235e+02 6.627798668366524453e+02 6.702816845332723688e+02 6.365640776742012577e+02 5.825319374308044189e+02 5.372408456641244356e+02 5.046453561457107071e+02 4.783802614000156268e+02 5.170377293532587828e+02 5.916729937085596021e+02 6.490452999280155382e+02 6.293334326293463619e+02 5.575740522803628210e+02 4.859709306936888993e+02 4.769594200855183885e+02 4.779396824583458852e+02 5.276012231789972020e+02 5.885837621799184944e+02 6.428767938477611779e+02 6.374001334306574336e+02 5.673328706135744142e+02 4.942192051943733304e+02 4.836777471167258113e+02 5.050200658494964614e+02 5.349748175659796061e+02 4.921016916779033181e+02 4.401664740451757893e+02 4.823128896292585637e+02 5.250008893384721205e+02 5.660088728833253526e+02 6.100972088589992381e+02 6.687776434980131626e+02 7.280885714658518282e+02 7.284430243559027076e+02 6.800172394468094126e+02 7.020469901307264990e+02
5.267250068320935270e+02 5.898490332315326441e+02 6.543689870373081021e+02 7.019696259203910813e+02 6.907362656101545326e+02 6.468447757977294259e+02 6.055190699639180139e+02 5.638060519140674387e+02 5.286365862531606581e+02 5.855614614626175580e+02 6.029323661636217366e+02 6.694972031068158458e+02 6.602114374051728873e+02 5.969700732012084927e+02 5.366374835062772490e+02 5.381242286663602954e+02 5.358807540193495242e+02 5.767157036749357530e+02 6.308184413485192863e+02 6.806268586511279182e+02 6.717858495338222156e+02 6.087552733731605485e+02 5.474956284943418723e+02 5.443823090890613230e+02 5.602142078935565905e+02 5.777313652921095581e+02 5.207720736823090419e+02 5.012634289596110193e+02 5.244252935890123126e+02 5.814943754521726760e+02 6.290909134984287903e+02 6.732204123088480401e+02 7.196299900267301837e+02 7.700858502127970269e+02 7.781099651236854697e+02 7.487349623638147023e+02 7.530393322256230704e+02
5.279027191523778129e+02 5.870775312202389387e+02 6.518763497136847036e+02 7.137667181998565411e+02 7.360140102492890719e+02 7.135351238954008295e+02 6.652194240819305833e+02 6.131511772005490002e+02 5.980950778219935273e+02 6.477013687206402892e+02 6.619304171146885665e+02 7.088816581939047410e+02 7.013741514842843117e+02 6.465469761037546732e+02 5.973808824009958016e+02 6.071057138346543525e+02 6.078263585174951231e+02 6.401080591724139595e+02 6.795972757072752302e+02 7.218154940391387981e+02 7.146793072549457975e+02 6.631094762297710759e+02 6.131295009569530521e+02 6.128555512720687375e+02 6.229283880973803207e+02 6.290334810820006624e+02 5.815279610544522484e+02 5.690234179880676493e+02 5.954343178172210855e+02 6.399594729658298320e+02 6.941424076266204111e+02 7.351291787192068341e+02 7.694142568223414855e+02 8.040959958556542233e+02 8.217759178718395106e+02 8.174029711785593690e+02 8.134613772933199698e+02
5.363584958172183406e+02 5.845367399901717818e+02 6.423168538670614680e+02 7.094716460054462459e+02 7.666306617359905431e+02 7.631195413162167824e+02 7.209255715842057270e+02 6.837760263118121884e+02 6.744800533487141365e+02 7.117102517527763439e+02 7.262444686591649088e+02 7.588375588043577409e+02 7.486726281051627439e+02 7.034020634350829368e+02 6.689810607418297650e+02 6.796752869464853575e+02 6.826821249066940709e+02 7.011530562906465320e+02 7.285264316048198907e+02 7.565783323769504705e+02 7.576220451709892814e+02 7.305440152307107837e+02 6.903759301337960324e+02 6.900611677874412635e+02 6.939049285008744619e+02 6.916383118802890522e+02 6.538099481763510994e+02 6.445489228966411019e+02 6.767490497923366775e+02 7.063513697199115313e+02 7.365355567549681837e+02 7.599191752890740190e+02 7.638179300786052863e+02 7.895888117974313900e+02 8.175693374492836938e+02 8.439577748523290666e+02 8.637212708260117324e+02
6.038757190259202616e+02 6.403609867857619520e+02 6.874853216611708149e+02 7.413976861623685863e+02 7.938757312711391023e+02 8.000879138707704215e+02 7.748452956733693782e+02 7.501249967702349295e+02 7.425718590746108703e+02 7.605726447668328092e+02 7.814824135985287512e+02 7.992701380388793950e+02 7.880873366982103789e+02 7.574808015249986966e+02 7.301968796470843017e+02 7.188528396812993151e+02 7.043479986375003818e+02 7.025150042640201491e+02 7.205336686814507630e+02 7.485801275698405561e+02 7.731672993741885875e+02 7.772648417808201202e+02 7.684334742445155371e+02 7.670358676022003692e+02 7.627207689906333599e+02 7.502874140930977092e+02 7.288691214758662227e+02 7.189203158507693843e+02 7.282415921811578983e+02 7.356819929630888737e+02 7.341239186912357582e+02 7.232027732756663454e+02 6.907496934666590960e+02 7.236149912678614555e+02 7.633035822654496769e+02 8.140392549887959603e+02 8.526830134308130482e+02
6.651097314401317817e+02 6.940459549705705058e+02 7.329478564062010264e+02 7.756593871185694979e+02 8.081969065220780521e+02 7.997960851429814966e+02 7.700797567313194349e+02 7.429755364371619635e+02 7.311692183243119416e+02 7.425511910993324136e+02 7.682168161855372546e+02 7.929256803513236491e+02 7.858253825671390587e+02 7.518055644951235763e+02 7.171872053601266543e+02 6.863813936102056914e+02 6.479438574187277027e+02 6.351335302792623452e+02 6.533256539537786693e+02 6.944311447228792531e+02 7.405549098390268909e+02 7.734572820470241368e+02 7.989655355587742633e+02 8.051136044167078580e+02 7.867494139834473117e+02 7.661684129504521934e+02 7.512901800010622537e+02 7.320973712514636418e+02 7.169623814459882851e+02 6.894723096241870053e+02 6.750537386105127098e+02 6.654588285250852095e+02 6.168683908545651775e+02 6.551337775157802525e+02 7.057153061385375850e+02 7.591640218151176214e+02 8.168703370561986503e+02
6.538522321883459654e+02 6.868074791714238927e+02 7.259816695195908096e+02 7.664010078857078270e+02 7.863702982927192124e+02 7.616219098933412397e+02 7.141782103886762343e+02 6.733208916175540253e+02 6.565311490586125274e+02 6.689081857717642379e+02 7.096914120755200202e+02 7.554606247493267119e+02 7.513547354647703287e+02 6.988963226462902867e+02 6.542221932861416462e+02 6.182994612438718605e+02 5.851349617017525588e+02 5.556056266634407166e+02 5.926095413900267204e+02 6.377563008320256586e+02 6.799492285539823797e+02 7.253018456723829104e+02 7.759526681495802904e+02 7.821930545159301573e+02 7.435149737157344134e+02 7.100849032143516979e+02 7.078960137264616606e+02 6.750344872709692936e+02 6.662180054026458720e+02 6.205453820028207019e+02 6.044509094516718051e+02 6.065473707459650541e+02 5.561475095111726432e+02 5.994676739870100164e+02 6.487072687169862775e+02 7.109710754839267111e+02 7.766591380109503007e+02
5.905032614564707956e+02 6.283073373464338829e+02 6.739362947443983103e+02 7.278332720567713068e+02 7.457833213310252631e+02 7.059590811893820046e+02 6.580851969686113989e+02 6.088822560384720646e+02 5.742628121425167365e+02 5.980541998978675338e+02 6.614598283762885558e+02 7.164805365512294202e+02 7.166565721024408049e+02 6.543544883675530173e+02 5.870895295365480706e+02 5.509820715099592690e+02 5.166999745317209545e+02 5.026958152850287433e+02 5.418514079012137472e+02 5.794286674234271004e+02 6.178628231343458310e+02 6.833129390704727939e+02 7.464219585727516915e+02 7.482551745929811204e+02 6.943882439680274956e+02 6.440849622944250541e+02 6.483915971873676654e+02 6.101747964094323606e+02 6.137919036618192195e+02 5.567614304286299785e+02 5.361977006262194436e+02 5.491131656926237383e+02 5.075569220889403823e+02 5.503177838890369458e+02 6.026557191232025161e+02 6.657096949016151939e+02 7.298622852049270477e+02
5.258524265889399203e+02 5.674526298579902459e+02 6.249689030103145342e+02 6.861359028228791885e+02 7.048866248506265038e+02 6.598221899940510866e+02 6.041795569572553859e+02 5.559804318808675134e+02 5.108915035817747707e+02 5.591584255068753464e+02 6.224124502674508221e+02 6.807712544394001952e+02 6.866057828156140204e+02 6.388359868090498139e+02 5.734406982829518711e+02 4.983374834356776546e+02 4.650166629158047726e+02 4.652697359020247063e+02 4.929670943734034836e+02 5.349143688343523309e+02 5.970409713069412874e+02 6.647307540381486888e+02 7.242326151448133942e+02 7.207045354876900092e+02 6.546208457874439546e+02 5.861950467926475312e+02 5.852138428621673256e+02 5.508169075162928721e+02 5.661729294920736493e+02 5.209661158005599191e+02 4.717506669710906522e+02 4.858849194932775504e+02 4.682853538142538241e+02 5.097251706815735588e+02 5.601351644112630765e+02 6.210281970623897223e+02 6.973376344653258911e+02
4.709493370330750963e+02 5.190779536865532009e+02 5.826400951456862458e+02 6.483337451090158083e+02 6.685831973548785072e+02 6.196325645796185881e+02 5.616346064482369229e+02 5.102556688686199209e+02 4.660195603448932502e+02 5.213040995418157308e+02 5.865289982332380987e+02 6.457874060862077386e+02 6.528946388282284943e+02 5.979544772723412507e+02 5.380839866743074253e+02 4.864233026963977977e+02 4.273081859882585150e+02 4.439998577660375076e+02 4.950984942664686059e+02 5.312367224688705392e+02 5.871987565000046061e+02 6.501646020021000822e+02 7.061349587145158466e+02 7.062525047007617331e+02 6.456047012626544301e+02 5.764710522660130891e+02 5.138252916573551374e+02 4.984848494816334892e+02 5.180349023735338960e+02 4.791743705441797943e+02 4.241268032701341895e+02 4.261132671719756786e+02 4.989311680658655064e+02 5.602482700659902548e+02 6.127350907711064565e+02 6.628776577963038790e+02 7.118297716282179408e+02
4.253093945301832832e+02 4.782713666577163849e+02 5.460079768289849653e+02 6.161168665341290307e+02 6.396488961730520941e+02 5.854138166606802542e+02 5.198408574983855033e+02 4.734610945038542695e+02 4.291588815051313759e+02 4.870403380069382138e+02 5.517295858963580031e+02 6.104645785305179970e+02 6.231196264227080519e+02 5.651277377389924368e+02 4.970772578096047027e+02 4.429558380671856526e+02 4.039927281754691535e+02 4.395540421332802907e+02 4.624133432195824298e+02 5.222880061980096116e+02 5.765560995502007700e+02 6.315112622700656857e+02 6.807632468553193803e+02 6.951028613462106023e+02 6.427937550256513077e+02 5.741851672469275627e+02 5.097739627900814412e+02 4.530581130803323617e+02 4.614976530204576193e+02 4.407137679493262112e+02 3.841728271990518238e+02 4.332940534556318539e+02 4.957037295133129078e+02 5.631462370286153600e+02 6.247849737847817551e+02 6.661761827321063265e+02 7.043422797107190263e+02
3.861830024702887840e+02 4.421664063986437441e+02 5.138089458360367416e+02 5.904624600698733730e+02 6.194292427336019955e+02 5.790670107204043688e+02 5.112696418452607645e+02 4.396415173750981467e+02 3.974901480398690978e+02 4.545043229869827996e+02 5.139752516738511758e+02 5.706468365919909047e+02 5.997783511107734284e+02 5.726583509812470538e+02 5.068159466099594397e+02 4.423538984392243378e+02 3.851353798984911236e+02 3.964595575433455110e+02 4.416410080666670979e+02 4.808215251053289876e+02 5.290496248267022565e+02 5.839970864565842703e+02 6.465296102692068416e+02 6.809516378188208137e+02 6.530775892149392803e+02 5.864985487788615046e+02 5.186821679310538684e+02 4.565191378069616803e+02 4.068125650852863942e+02 3.774166195355871309e+02 3.599143105989886067e+02 4.247715129711984332e+02 4.944613799484201877e+02 5.607380284803558652e+02 5.979394108581744831e+02 6.099302819454072733e+02 6.478199592307250896e+02
