output/field_example_test_lateral/elevation_000017.asc
nrows	150
cellsize	66.66666667
xllcorner	0
ncols	150
yllcorner	0
NODATA_value	-9999
[rows 102 to 118 of 150, columns 74 to 110 of 150]
6.038766766994691579e+02 6.440280579244938508e+02 6.956069977718634618e+02 7.500401865269336668e+02 8.101372178301288614e+02 8.506471729764813290e+02 8.639022568660277557e+02 8.595946222419714786e+02 8.711309309026161145e+02 8.758386808827448249e+02 8.649655779139498009e+02 8.369300860087898855e+02 7.976190277245184461e+02 7.454508165502023758e+02 7.901229624283405428e+02 8.417903514939207525e+02 8.595938985946925186e+02 8.338265551910366185e+02 8.022740605883370790e+02 8.370657177633730726e+02 8.916424805139996579e+02 9.459337423498898261e+02 9.447943469805687755e+02 8.870849857358323334e+02 8.242463149101247382e+02 7.729455482891191878e+02 7.250412799439616265e+02 6.836939590024272775e+02 6.859024287902720971e+02 7.122172650380008463e+02 7.677233670145395763e+02 8.085525470191195154e+02 8.292085440038018760e+02 8.376104509004929923e+02 8.197020988765616494e+02 7.768766391424433095e+02 7.197916033702744016e+02
6.490267212160298413e+02 7.007957134268857544e+02 7.489454515427036085e+02 8.021741280033174917e+02 8.395628649095384617e+02 8.554808532338616942e+02 8.498655225773832171e+02 8.578321653523609029e+02 8.524260710128022538e+02 8.337351835271904292e+02 8.516136505122221934e+02 8.621331822695707388e+02 8.473991923371472694e+02 8.210665636532426106e+02 8.510993242314034433e+02 8.926485659665964931e+02 9.100652153344436783e+02 8.979359308112444751e+02 8.867772060371310090e+02 8.973576157257583645e+02 9.383598647618741779e+02 9.832570187538999562e+02 9.812864822399610603e+02 9.291308665863790566e+02 8.722772342208164673e+02 8.123475671093578967e+02 7.525675948017469636e+02 7.469983482569242597e+02 7.522506446889306062e+02 7.776121201328234065e+02 8.225825243058642400e+02 8.537054518979279010e+02 8.647961979152598815e+02 8.432395532502202968e+02 8.005410265814666673e+02 7.361701140532851468e+02 6.745352731708760530e+02
7.008300260169379499e+02 7.509793307616192806e+02 8.014969535314577342e+02 8.329880684637926151e+02 8.378659045619657491e+02 8.163161873174025231e+02 7.815904071266945721e+02 8.076422325789787919e+02 7.998205677153412125e+02 7.630869688957088783e+02 7.963831576361180851e+02 8.368771700735491095e+02 8.649617426885762370e+02 8.804300849111391472e+02 9.015859976836608212e+02 9.197839427357757813e+02 9.166486110990954330e+02 9.089569715082883476e+02 9.225923052532451720e+02 9.474823014192132860e+02 9.788421020458334851e+02 1.010474188531106051e+03 1.013029556617434991e+03 9.786723423889476408e+02 9.201199863845321261e+02 8.624731930359751004e+02 8.091270500042870708e+02 8.176056388456239574e+02 8.248840425022845011e+02 8.475194547815788155e+02 8.628396125058227426e+02 8.644856358583480187e+02 8.468880514964220083e+02 8.136742166710397441e+02 7.573679424569952516e+02 7.134678030602181025e+02 6.675872126756360103e+02
7.515049911794309310e+02 8.001894332458124381e+02 8.298417308680421911e+02 8.324132602347918919e+02 8.048271615740677589e+02 7.572068747855181527e+02 7.137939556946586208e+02 7.501722433234730261e+02 7.437975422203234075e+02 6.985503485259089302e+02 7.408045881234586432e+02 7.856087267669691983e+02 8.359086281090683315e+02 8.710303030662985293e+02 8.847979136275450855e+02 8.856930507886288524e+02 8.602663056751327986e+02 8.445998920310747735e+02 8.791822919450285099e+02 9.143900102043564857e+02 9.531202991851098432e+02 9.903145373345440703e+02 1.016253928846374379e+03 1.010417047578807455e+03 9.749741922518630872e+02 9.218669168721314691e+02 8.788212560919290581e+02 8.909583538077961293e+02 8.884453756814632470e+02 8.821748843863564389e+02 8.591980228521106255e+02 8.283217987156724575e+02 7.855460770001668607e+02 7.652925162890120419e+02 7.097659905708687802e+02 6.516287999183608690e+02 6.143276957556074649e+02
8.001129316496680985e+02 8.237269119351608424e+02 8.219421816587855574e+02 8.000167281741292982e+02 7.560266859775651938e+02 7.051072598274523671e+02 6.554556528541479565e+02 6.960448474349510661e+02 6.921308510657179340e+02 6.453172354880580315e+02 6.875994770901749007e+02 7.384757370566998134e+02 7.873020919959850517e+02 8.279089260856256942e+02 8.224033358832259637e+02 8.254557388669450120e+02 7.909549970120098124e+02 7.714894176694070893e+02 8.022637686343499581e+02 8.474394264986786993e+02 8.910219892219766962e+02 9.357731672275118626e+02 9.843659000286154424e+02 1.013286132749785111e+03 1.012501460611341031e+03 9.872398361594497374e+02 9.507307593588158170e+02 9.387020214039538359e+02 9.012834490193579313e+02 8.596805398875428637e+02 8.096088230397758707e+02 7.671989579772363186e+02 7.198545069607332607e+02 7.069945685764324708e+02 6.645322120165035358e+02 6.093306727394266318e+02 5.486210663050942458e+02
8.037678657648086755e+02 8.028535485977868120e+02 7.789192141173766686e+02 7.395039282767769464e+02 7.199194555609263944e+02 6.580470241667652544e+02 6.065477301729229112e+02 6.412266991382057313e+02 6.407246282261930901e+02 6.008501890112472665e+02 6.459874059387954048e+02 6.951245952028464217e+02 7.471886434648641853e+02 7.735397294570724398e+02 7.509373181644986062e+02 7.544016773484332816e+02 7.419715159367390243e+02 7.040039955273732630e+02 7.448960417643687606e+02 7.887254730993039402e+02 8.329087140542196721e+02 8.821418086632282893e+02 9.299716391125857626e+02 9.822087589475310097e+02 1.017016593760392198e+03 1.025545135925054410e+03 9.981580456742576644e+02 9.362898112392081202e+02 8.670893412490443097e+02 8.063140402296127149e+02 7.530994653369679099e+02 7.073984793704235017e+02 6.684349174978985957e+02 6.356364671162180002e+02 6.066829448178839357e+02 5.828849894847198811e+02 6.107551536202478246e+02
7.512051964606364436e+02 7.538663600054807148e+02 7.175530481292081504e+02 6.779783439984289544e+02 6.832002829602648717e+02 6.281248963790687867e+02 5.653244925853688301e+02 5.766842728862086460e+02 5.794206671849294707e+02 5.635420870139265617e+02 6.106142488553094836e+02 6.643794596587247270e+02 7.166934973194905751e+02 7.198843395518239276e+02 6.817825932291420941e+02 6.872500476589558502e+02 6.727776853687190624e+02 6.566930424194921443e+02 7.015881212575167183e+02 7.443764389206593250e+02 7.858915042148908014e+02 8.266060341163276917e+02 8.770397818499736786e+02 9.298761891196381839e+02 9.890349365976834406e+02 1.027479112037700588e+03 1.021847477527728188e+03 9.684729956959166657e+02 9.117850713762384203e+02 8.561123854220545581e+02 8.015639273559512503e+02 7.572781977295088609e+02 7.170671845976004306e+02 6.765117861916021411e+02 6.330456248889397557e+02 6.507645714212648045e+02 6.677164122128467625e+02
6.878423752478440747e+02 6.998871350231329416e+02 6.633378414445974158e+02 6.209213168578021396e+02 6.490864796439481097e+02 6.255497303193261587e+02 5.667054978135081456e+02 5.120570400771787263e+02 5.191714830486965866e+02 5.728743964289923269e+02 6.231856189570609104e+02 6.530367976132648664e+02 6.716177896489207342e+02 6.659845988460219814e+02 6.215881381172957845e+02 6.430947660486191353e+02 6.034677730249003389e+02 6.275771403235600019e+02 6.734232687567439370e+02 7.079739834427011829e+02 7.381748446725379154e+02 7.777322414165824966e+02 8.233001394222748104e+02 8.821881144270515733e+02 9.454947197395079002e+02 1.010776502507129180e+03 1.034350701297195656e+03 1.004965896750836009e+03 9.616424057731028370e+02 9.066970411164013512e+02 8.600302634689139722e+02 8.144323455151375128e+02 7.652471178580827882e+02 7.199471800237550951e+02 6.764313322797023602e+02 7.166106346480564753e+02 7.189295027745050675e+02
6.279767845442394218e+02 6.453129218033175221e+02 6.146114741019456460e+02 5.690879559847644487e+02 6.104556653229144558e+02 6.042953606344560740e+02 5.485127198473152248e+02 4.793395746899012693e+02 5.109826079046443965e+02 5.526899411642818905e+02 5.842330682917227023e+02 5.924860177278212632e+02 6.039377586534272950e+02 6.098719170553505364e+02 5.663082120153322876e+02 5.945069972812748347e+02 5.685177943961654137e+02 6.293204292729211602e+02 6.669124905608621248e+02 6.643037054123713006e+02 6.943101553388012235e+02 7.317351111753041550e+02 7.786015770958950952e+02 8.380755595498434332e+02 9.121889341606266726e+02 9.911473808525478262e+02 1.020663489657881655e+03 1.004465232497742022e+03 9.844235958938912745e+02 9.544474237745116625e+02 9.187458874384763021e+02 8.685145392087830487e+02 8.206000838884198174e+02 7.711123963765431881e+02 7.306102622949208580e+02 7.705987426687272546e+02 7.615325243542217777e+02
5.734708257211907494e+02 5.866391645277161615e+02 5.750466033414179492e+02 5.230789203212185612e+02 5.694042566613788949e+02 5.731320235329501429e+02 5.426229561639468102e+02 4.968611507242776497e+02 4.434567250830471039e+02 5.082350665538933185e+02 5.148929005145522524e+02 5.217618777174379829e+02 5.355120599463214148e+02 5.530390292275069442e+02 5.182124856000690443e+02 5.383439014597224741e+02 5.979613518919587705e+02 6.020570363961587645e+02 6.275530379299435708e+02 6.744770696293571746e+02 7.287918451377714746e+02 7.767759882641948934e+02 8.293109366864798631e+02 8.843747499458073662e+02 9.473140660235022779e+02 9.896224350839463568e+02 9.817346085891232406e+02 9.452588465472606458e+02 9.488529308554716408e+02 9.566644975223166512e+02 9.505182830463107848e+02 9.221761003251502871e+02 8.758956411485222588e+02 8.355359154233499339e+02 7.970109046265874895e+02 8.235625449689541711e+02 7.968626557904842684e+02
5.239073769430921175e+02 5.301917008699155076e+02 5.315044292101229075e+02 4.812132118602204969e+02 5.198590873562283150e+02 5.163242126084594474e+02 4.976237651822301018e+02 4.546386387822587949e+02 4.177493298533386223e+02 4.667217204576690506e+02 4.417512226039327174e+02 4.568322998739068339e+02 4.732479922411408779e+02 4.919061976999344665e+02 5.549534309223430455e+02 5.895788302890357500e+02 6.278241183893352400e+02 6.679917640651426609e+02 6.804138644354560483e+02 7.198621082485644820e+02 7.677185647657188383e+02 8.245734672583132578e+02 8.781299569612141340e+02 9.338271849803963960e+02 9.697931570325255279e+02 9.698652906848326438e+02 9.319024081250699965e+02 8.747848483238727795e+02 8.717547093806329030e+02 9.106241366680653755e+02 9.395250890452746262e+02 9.492049205372414917e+02 9.295586880924992101e+02 9.030863300373861193e+02 8.686278147916634680e+02 8.781409173330118847e+02 8.355382457123664608e+02
5.262832756525147033e+02 4.758078520704237917e+02 4.870625067148620246e+02 4.437687166498755005e+02 4.578288598726169880e+02 4.549670980129380951e+02 4.401930435457893509e+02 3.890841919329910183e+02 4.021716701743831663e+02 4.184105313577106813e+02 4.635347563965324298e+02 4.999667557545545833e+02 5.346208117169854859e+02 5.450998516113428423e+02 5.685441249615698780e+02 6.253216258478636291e+02 6.759429712218197892e+02 7.179421238243231755e+02 7.481564321122360752e+02 7.827397439587313102e+02 8.246719356386013260e+02 8.739633565896634764e+02 9.296550127496565210e+02 9.652563880547779718e+02 9.685006945957010203e+02 9.350144084472799477e+02 8.759278562718303647e+02 8.105427420047582245e+02 7.956965118202797385e+02 8.429854027703643169e+02 8.972955882629130429e+02 9.312145607986152527e+02 9.375374776644479198e+02 9.391361796187571827e+02 9.300784027273355150e+02 9.220894313769410928e+02 8.781729113264451598e+02
5.299527628040834770e+02 4.784952484223285296e+02 4.327890496125092454e+02 4.347277571236667200e+02 3.943179786840306633e+02 4.079376420301890676e+02 3.689280902849371842e+02 4.219599289356222585e+02 4.664163426667999488e+02 4.828134101578882564e+02 4.905065830649229497e+02 5.333285529069460154e+02 5.711356208327380273e+02 5.994487968029294507e+02 6.325253927775239617e+02 6.724103211307652828e+02 7.203231975902291424e+02 7.720913812523245952e+02 8.116281354165362245e+02 8.473082457355445740e+02 8.860963887337966298e+02 9.295710907385411019e+02 9.647134906888594514e+02 9.717713562183269005e+02 9.406473522781551537e+02 8.847486265739916007e+02 8.288418929425811257e+02 7.711960089178193130e+02 7.284047615450945159e+02 7.859112981576672610e+02 8.399005077813236539e+02 8.843576246229674780e+02 8.814913866263070759e+02 9.089687508527454156e+02 9.317619600344233959e+02 9.453337598296599253e+02 9.295325089054056207e+02
5.724957279978792712e+02 5.234193786147994842e+02 4.664112989511676233e+02 3.925582742310210733e+02 3.647460324979936672e+02 3.466495460748341202e+02 4.107855963594265631e+02 4.643185301070548689e+02 5.029680399600589453e+02 5.433909503757922721e+02 5.546321971321430055e+02 5.692679790294138229e+02 6.157679878920849887e+02 6.522246067025624825e+02 6.858310047908286151e+02 7.268457206180908088e+02 7.620156677575158710e+02 7.975649259201918539e+02 8.338727750102523260e+02 8.685553477302605643e+02 9.062573415104794776e+02 9.574268617048726355e+02 9.751988298232621446e+02 9.481950422237621297e+02 8.934723005876613797e+02 8.379356040194319348e+02 7.795766820261558223e+02 7.285727767349078476e+02 6.808484238675055167e+02 7.356462014472670035e+02 7.939216759226942486e+02 8.268978417138679333e+02 8.045382060122574330e+02 8.413394130609659669e+02 8.866869622493146608e+02 9.202027638787154729e+02 9.439456044670523625e+02
5.734200226273040926e+02 5.295560577669017448e+02 4.820884851908763835e+02 4.373735612850085772e+02 3.935809801893332747e+02 3.348009404096007984e+02 4.003445573766514940e+02 4.704150615140910077e+02 5.375294174984288702e+02 5.815461348935120895e+02 6.137080187496408143e+02 6.257774983863270108e+02 6.651693221669673903e+02 6.984189100521374485e+02 7.258717069866122529e+02 7.487486708932743795e+02 7.569275124348602048e+02 7.605620072233542714e+02 7.899312010303420948e+02 8.239690532465039041e+02 8.892839747707874949e+02 9.478613002789476241e+02 9.543807215936309376e+02 9.053706070419535763e+02 8.489150788754649284e+02 7.896505718142132082e+02 7.379705534906086086e+02 6.872135014131304160e+02 6.416084965811154461e+02 6.991895839964516881e+02 7.608982396779858846e+02 7.723140780160015311e+02 7.325622286385799953e+02 7.759543189436813009e+02 8.182757284720597681e+02 8.610448870933549870e+02 9.104239899018316464e+02
5.251772737717959671e+02 4.841556043165219307e+02 4.471006650714205648e+02 4.134756889131045909e+02 3.732820503206303897e+02 3.243138994247951246e+02 3.924169519733844140e+02 4.667519322126269685e+02 5.418379155874670232e+02 6.051611928665158757e+02 6.450870099388711196e+02 6.684562905735148206e+02 6.903714781839579473e+02 7.051070672257868637e+02 7.128300201000786274e+02 7.128218049811579249e+02 6.992121972845610571e+02 6.937667482498634399e+02 7.391620764782446713e+02 8.018752852045378177e+02 8.704653603653293885e+02 9.305733855997226556e+02 9.286366520411548890e+02 8.693455991068439062e+02 8.036300086100711724e+02 7.484923752598834881e+02 6.973489249090258681e+02 6.524251768159809899e+02 6.075145748699087562e+02 6.700375883403789885e+02 7.209832736174137153e+02 7.222650555205754017e+02 6.749033369993908309e+02 7.140589600071998575e+02 7.543643181219521239e+02 8.027544329043053040e+02 8.525080646658423120e+02
4.666935708381323593e+02 4.227756627409581256e+02 3.882758505565274163e+02 3.626118544196694984e+02 3.071827894963013819e+02 3.724313034824772330e+02 4.191411960448841114e+02 4.915450451505687397e+02 5.578869323960113888e+02 5.965977362897551757e+02 6.193782614366962207e+02 6.405341569441367255e+02 6.546528114791101416e+02 6.544009855574234962e+02 6.537676474148405532e+02 6.463855683893787045e+02 6.315474304259812470e+02 6.761652331497031128e+02 7.286225251095265776e+02 7.901535825926711141e+02 8.585966088087692469e+02 9.179232039473529312e+02 9.051159201354444122e+02 8.384152382492278548e+02 7.678977876903845754e+02 7.082433607372762481e+02 6.609616050289193936e+02 6.183033317416742420e+02 5.770300948460982227e+02 6.345334658389489277e+02 6.703835844846332748e+02 6.738259634601746484e+02 6.284779681342787399e+02 6.631922610178221476e+02 7.018031078557917226e+02 7.438980772410133113e+02 7.979016575300487375e+02
