output/field_example_test_lateral/elevation_000037.asc
nrows	150
cellsize	66.66666667
xllcorner	0
ncols	150
yllcorner	0
NODATA_value	-9999
[rows 68 to 84 of 150, columns 111 to 147 of 150]
3.772234681910396148e+02 4.180955598353280607e+02 4.101554071591929187e+02 3.925009104112954788e+02 4.345203181495574540e+02 5.017766732713641318e+02 5.739657481254898812e+02 6.373568078560358572e+02 6.464106764170508086e+02 5.957123007316951089e+02 5.283448791537269926e+02 5.170171776687376450e+02 5.071205997071809293e+02 5.084088135014100658e+02 4.936594083883357484e+02 5.153174669012227014e+02 5.421295371027147212e+02 6.156206107626300081e+02 6.749572701628495679e+02 7.180540535107355709e+02 7.703058795365308242e+02 8.234318283165373487e+02 8.842690133330770550e+02 9.467506550776319045e+02 9.835744693106551040e+02 9.725889229760625767e+02 9.264682771487891841e+02 8.860833104073224149e+02 8.418210151404568933e+02 7.835398012176669909e+02 7.471568013855963954e+02 7.485384822096324342e+02 7.398606056569101384e+02 7.734610364607306110e+02 8.120445501831536603e+02 8.563246999461883888e+02 9.090149607658441937e+02
3.654275851644055706e+02 3.646860765491392158e+02 3.483301441382602661e+02 3.969624606272837468e+02 4.519675572115594946e+02 5.179035464047736923e+02 5.908340970584540628e+02 6.321305774989818929e+02 6.129870357049255745e+02 5.552711639170785247e+02 4.908212097881783507e+02 4.407030321111843136e+02 4.829543434563865389e+02 4.633420044675843315e+02 5.240159355354812760e+02 5.689392883433768020e+02 5.971399351643195814e+02 5.864892706444190935e+02 6.333975935138644218e+02 6.857924389393077718e+02 7.354319328107683305e+02 7.865694722939319945e+02 8.459625995998561621e+02 9.068749352890566797e+02 9.687104191232322137e+02 9.955392848793583198e+02 9.744264497164209615e+02 9.314154491234234001e+02 8.873023865038489930e+02 8.460958956281389192e+02 8.054676065699424043e+02 8.029344990661844577e+02 7.853904532954148863e+02 8.142812523086527108e+02 8.497491847998256844e+02 8.932527150089014185e+02 9.416457813431992463e+02
3.224979382743114797e+02 3.047503847113570714e+02 3.534018361887484048e+02 4.094272753102773095e+02 4.749137252444016895e+02 5.489617324768599929e+02 5.999940442947143993e+02 6.077619707416474739e+02 5.677313291419202415e+02 5.173161542990119415e+02 4.530373496485092915e+02 3.955644769251082380e+02 4.531554333024931225e+02 4.440301865136879655e+02 5.027547600340246277e+02 5.643031253593846941e+02 6.244212863793623001e+02 6.507983214844821305e+02 6.327002230734221939e+02 6.641351424082937456e+02 7.023629346196787537e+02 7.486208688091344357e+02 8.046672367577363048e+02 8.715933080038736307e+02 9.447582083360050547e+02 9.938612213473916199e+02 9.928619949498402093e+02 9.668512418558949548e+02 9.392109802948697279e+02 9.091721629518908685e+02 8.718195479939092820e+02 8.660287020664775355e+02 8.506352109853155525e+02 8.591765476162136110e+02 8.970898820741419968e+02 9.359350709963945292e+02 9.836420655037261440e+02
2.631377498211463148e+02 3.274221996232988658e+02 3.917713886123395923e+02 4.499352444243023683e+02 5.090089779743485678e+02 5.643969755424392361e+02 5.926643963602017493e+02 5.734856501188604625e+02 5.255037449247769246e+02 4.725012586001749355e+02 4.393933938119945424e+02 3.955644769184415850e+02 4.154267525200172599e+02 4.892161623787053486e+02 5.510411948511870150e+02 6.105499765807887798e+02 6.610430033868045712e+02 7.059602413314215710e+02 7.060432207092579802e+02 7.248412920493900629e+02 7.614140506833230120e+02 8.022625491993417199e+02 8.562583121353577553e+02 9.064626141618435895e+02 9.530137747163665836e+02 9.710788644018836067e+02 9.583418187333201104e+02 9.454532085491670159e+02 9.492942690372802872e+02 9.461020668834690923e+02 9.338235769688559458e+02 9.290278937595713842e+02 9.161314427828642692e+02 9.204494058174251450e+02 9.513566801991710236e+02 9.873724664742528603e+02 1.027254247998576602e+03
2.621317080262056152e+02 3.092918223062075640e+02 3.780719549809348905e+02 4.395496345046058195e+02 4.990734911220551453e+02 5.504696821724202209e+02 5.620030053900530902e+02 5.241061612203088771e+02 4.804866088696194879e+02 4.313904269208778715e+02 3.738521536028782180e+02 4.347895430422681784e+02 4.681900234302160584e+02 4.971734815460773689e+02 5.583153320884249524e+02 6.270345550618665129e+02 6.979306169173062244e+02 7.451189004508886455e+02 7.678354859727893427e+02 7.888179903160969388e+02 8.148836597950379428e+02 8.456870809624487038e+02 8.795467654817717857e+02 9.072394617571426352e+02 9.315677502999486705e+02 9.251617314785314647e+02 8.883121265470397248e+02 8.739212120885539434e+02 9.058238717681371099e+02 9.293100325537603794e+02 9.379353433308236845e+02 9.521309864219698511e+02 9.599315842762167676e+02 9.697235357786977374e+02 9.939787507036118086e+02 1.026177858525806414e+03 1.061825202021129144e+03
2.313440235089838382e+02 2.984971080130591758e+02 3.385099850912160946e+02 3.844467719380514836e+02 4.561737626629248439e+02 5.178420394185405939e+02 5.225462952784863546e+02 4.807113671722851223e+02 4.283444906058908259e+02 3.886510712449534140e+02 3.552103656453452913e+02 4.299142630080316394e+02 5.003525032462709987e+02 5.564560938305506852e+02 6.047828354962498452e+02 6.663341223699278544e+02 7.166881394602713726e+02 7.525964384727578818e+02 7.791355174930292833e+02 7.986881178378766890e+02 8.141305164375143022e+02 8.305627687655241971e+02 8.465836697450627071e+02 8.519373406605135415e+02 8.839007699904999527e+02 8.773661586383434496e+02 8.235693631939481065e+02 8.019570733646074814e+02 8.404512416429971609e+02 8.789436771201947067e+02 8.770978656565557685e+02 9.109855676941817819e+02 9.220632389075427682e+02 9.332403241671803471e+02 9.605704813157327635e+02 9.937097040330481832e+02 1.028311012701579784e+03
2.349437447434387423e+02 2.844426125126984175e+02 2.909265933168930474e+02 3.736607912764068260e+02 4.374305445114454756e+02 4.707408415958709611e+02 4.680711435556347055e+02 4.379193016690555282e+02 3.885139823117817173e+02 3.293392587733627579e+02 3.966605929834818198e+02 4.566352141380361331e+02 5.327022447672169392e+02 5.961446909702866606e+02 6.438162810106178995e+02 6.814487014143313672e+02 6.996809826306268860e+02 7.030195511424806227e+02 7.377163713489707106e+02 7.481770896271847278e+02 7.571300253146158639e+02 7.682428879124677223e+02 7.812739713749182329e+02 7.900443936269397227e+02 8.345599438046274372e+02 8.345976934223152739e+02 7.858759869500725017e+02 7.389915731876808422e+02 7.860482660354956579e+02 8.237024684461134711e+02 8.073534383290943879e+02 8.479560752074056609e+02 8.465278064988440292e+02 8.523486095385454746e+02 8.861251296296609326e+02 9.214749581356942372e+02 9.550437464427151326e+02
2.750806079105823301e+02 2.399175438900194024e+02 2.769948400271049422e+02 3.344702041466047149e+02 3.840679618494219767e+02 4.025742819213026564e+02 3.977283311580760596e+02 3.908888112589436332e+02 3.481932162706096392e+02 3.132469853644022919e+02 3.798003746165900338e+02 4.539460217882451047e+02 5.292883989890732437e+02 5.948793168242366391e+02 6.329872748353017187e+02 6.504542284418635063e+02 6.421543060128922207e+02 6.413914764513907585e+02 6.838037003635530482e+02 6.882557228218660157e+02 6.938542853080190298e+02 7.031912727036871047e+02 7.171642141148093970e+02 7.355496061653108200e+02 7.955288822277959753e+02 7.949496195631610362e+02 7.457147957592874263e+02 6.920364778982019516e+02 7.397536029740949743e+02 7.661378294128268180e+02 7.429815884824436125e+02 7.842044765732591713e+02 7.714343686188527727e+02 7.801505794341258024e+02 8.172760367579820695e+02 8.504275402547200429e+02 8.963182977125444495e+02
2.815154593824217955e+02 2.496891287734159732e+02 2.453458474089098615e+02 2.983555269627929647e+02 3.215133897491808739e+02 3.516172103171421099e+02 3.392917838924172429e+02 3.356197747322654550e+02 2.954263207860696525e+02 3.449284418113022639e+02 4.048732186059423270e+02 4.746762526649798701e+02 5.325334153570273656e+02 5.621521805137897445e+02 5.762184730472843057e+02 5.899220151962719001e+02 5.746568370934005543e+02 5.839523703035058588e+02 6.341463763064945169e+02 6.330357595042735284e+02 6.370059809400034965e+02 6.454560411001416469e+02 6.596117358862172750e+02 7.272722778704250004e+02 7.674339746203658024e+02 7.552234564816994862e+02 7.075151468583059113e+02 6.521910892446201160e+02 7.022556806703823895e+02 7.042111179720652672e+02 6.866598731243572047e+02 7.263777910167830214e+02 7.027672390391787758e+02 7.298757215340875746e+02 7.595595365523558939e+02 7.995338812169910625e+02 8.503366617087775694e+02
2.697398218613046765e+02 2.910866368928197971e+02 2.860947152427116293e+02 2.515753285880451244e+02 2.965688779112663269e+02 3.082325616711297016e+02 3.008817376551934899e+02 2.803717734195328717e+02 2.902172368409247838e+02 3.023671598042289475e+02 3.116435917132766917e+02 4.405941357298742105e+02 4.854299041144211628e+02 4.895622489744661152e+02 5.065878187313143712e+02 5.304560828911785393e+02 5.054651429216423253e+02 5.513236759921308021e+02 5.816919191743960482e+02 5.827311667947736851e+02 5.865606042152325017e+02 5.943900390510251555e+02 6.557138059345785450e+02 7.087268255987670500e+02 7.223565136044730934e+02 6.988565692416384536e+02 6.693489234569015025e+02 6.166521320870646150e+02 6.594781950751927297e+02 6.436835057310634056e+02 6.390045385363296191e+02 6.757855013431466205e+02 6.559846024518625427e+02 6.838024909863320318e+02 7.171433959630757045e+02 7.588394343715473269e+02 8.122511917191840212e+02
3.267921648046907990e+02 3.153871552348336422e+02 3.115116148392255582e+02 2.828271682652942332e+02 2.566203206633992977e+02 2.624320258179453731e+02 2.700078683607208632e+02 3.221699511827112588e+02 2.904379467747078820e+02 3.015224979813550021e+02 3.519627607635360391e+02 4.108566751817908766e+02 4.094969786406161916e+02 4.052757388841100692e+02 4.423948529207089564e+02 4.596368459793196735e+02 4.565873341354952117e+02 5.177912297279681297e+02 5.124811604165074641e+02 5.465304895621368360e+02 5.398656477274339522e+02 5.983703211638799075e+02 6.491107163949488950e+02 6.686205077472427547e+02 6.617552001409136437e+02 6.362137486051096857e+02 6.361937614441740152e+02 5.849805596333984568e+02 6.118814443079520515e+02 5.830141286819031166e+02 5.997854130042297811e+02 6.195965504830395503e+02 6.454578971084572458e+02 6.748034355580349484e+02 7.096271470260375054e+02 7.528507788169490595e+02 8.078786299716041412e+02
3.767185460655180691e+02 3.796930594114405153e+02 3.549026761426080157e+02 3.169256798077926192e+02 2.767650207732939407e+02 2.629329018794816761e+02 3.110879112237558957e+02 3.576118110796101064e+02 3.754934375698781537e+02 3.012501775858505084e+02 3.091699875937694628e+02 3.660913524463193198e+02 3.281562708572118936e+02 3.393590580464735922e+02 3.521830218792962341e+02 3.911307268610225947e+02 4.476540667460806731e+02 4.769173500883510997e+02 4.563942314305941181e+02 4.890215950051026539e+02 5.497785375987903080e+02 5.865814307501736948e+02 6.079193956329470439e+02 6.051874449821930284e+02 5.861297650355584210e+02 5.771980961350260486e+02 5.932621699451747190e+02 5.566827233301614797e+02 5.566827233368281895e+02 5.997450444235536224e+02 6.371041163017362123e+02 6.617814137518599864e+02 6.863104787111493579e+02 7.142454892217555198e+02 7.469237308164765636e+02 7.895472745989683290e+02 8.430924484408307080e+02
4.321986359335980978e+02 4.349012294563106593e+02 3.995876470992858458e+02 3.595795879426886472e+02 3.350769076163097679e+02 3.113044798372106357e+02 2.703898590893178380e+02 3.457651004715905287e+02 4.031887248075580601e+02 4.086339964668617881e+02 3.868680738662629324e+02 3.281562708505452406e+02 3.868007387512875539e+02 4.180523530922645818e+02 4.192870502601021485e+02 3.694101353749453551e+02 3.819949334213114867e+02 4.104051368185949400e+02 4.672056242022541710e+02 4.935849550022086873e+02 5.167324576838851726e+02 5.275512517887782451e+02 5.411790881982644805e+02 5.504093763519207414e+02 5.086087957850975272e+02 5.222474571692573591e+02 5.375747126311060811e+02 5.791987354510250725e+02 6.017742734665184798e+02 6.298674960603493673e+02 6.677552979761442202e+02 7.046623581068033673e+02 7.343840381030729532e+02 7.632424953591926169e+02 7.948972842555326679e+02 8.328361879370036149e+02 8.835255314624095035e+02
4.780489515013292134e+02 4.762158352669944748e+02 4.343512273172606228e+02 4.049614313721441476e+02 3.635620257541123124e+02 3.175826463440155862e+02 2.746034152096417529e+02 3.335922537572249098e+02 3.965312313133513840e+02 4.457793136916661751e+02 4.436015178113331672e+02 4.170732850132978342e+02 4.234345450139317677e+02 4.706646521841996673e+02 4.573902224897677797e+02 4.355863345352249780e+02 4.519859027126639717e+02 4.003562633672138418e+02 4.125915891222571190e+02 4.266427882048075162e+02 4.406654146434962627e+02 4.535676449657562443e+02 4.679809726550637379e+02 4.840448362631476016e+02 5.473368734074779240e+02 5.641159280438662336e+02 5.830724090594616200e+02 6.091881697489297949e+02 6.443340503454955979e+02 6.745628558268091410e+02 7.084626570417655103e+02 7.472085305434929978e+02 7.872355097781428412e+02 8.214851626652326786e+02 8.545833731915812450e+02 8.904525540260096932e+02 9.329931387044670146e+02
5.375700822798150966e+02 5.086973505410599046e+02 4.577613837327497777e+02 4.019264034178189604e+02 3.497836014906719697e+02 3.066073578060278351e+02 2.783425969880257185e+02 3.254108019430662466e+02 3.845417840589718708e+02 4.451563889114865447e+02 4.821203087746978326e+02 4.918440644337816821e+02 4.968557540099255334e+02 5.117955092811976670e+02 5.153544428310428884e+02 5.016109784027403862e+02 5.104598131925520192e+02 4.587423035482526075e+02 4.634980876375370258e+02 5.047298924683616406e+02 5.089919847796740555e+02 4.930162600110222115e+02 5.309436925909233196e+02 5.132223483636772698e+02 5.707298337273056177e+02 6.078505536575256656e+02 6.256156117388087523e+02 6.524261547489984423e+02 6.844919241630185525e+02 7.232671277536185244e+02 7.603234979484357154e+02 7.995701482822126991e+02 8.417842496204370946e+02 8.862660858719222006e+02 9.233541483489204893e+02 9.585714297325849884e+02 9.961378129776761625e+02
5.900189042395502383e+02 5.452231508477624402e+02 4.971440705644495210e+02 4.365937374634561365e+02 3.666147175862570862e+02 3.486208801799634216e+02 2.833773645025223686e+02 3.258675919581827429e+02 3.706993986973874371e+02 4.123560298423761310e+02 4.728709375165296933e+02 5.266126768873976971e+02 5.573402169688916956e+02 5.710675122005466164e+02 5.777910237778208966e+02 5.684483689964611131e+02 5.705162411379362766e+02 5.220853475382934903e+02 5.218737707353583346e+02 5.655759989384972641e+02 5.730127624372373702e+02 5.375180065246178174e+02 5.849009323838247383e+02 5.853117652572597081e+02 5.579408964161326594e+02 6.032126890352927830e+02 6.525944648819322538e+02 6.961365256299961857e+02 7.333749135362709239e+02 7.725272848156272403e+02 8.185125454680464827e+02 8.613113232440266529e+02 9.032820167783605712e+02 9.456903932627220684e+02 9.888670015556049293e+02 1.021350442648660533e+03 1.054387175267147086e+03
6.322991975614086186e+02 5.814896208751616768e+02 5.126691109654204865e+02 4.426145778824117656e+02 4.291070624168037284e+02 3.879772625445802987e+02 3.348653854341895340e+02 2.902090688867409654e+02 3.334136325795816447e+02 3.915604902004621977e+02 4.557189447741408799e+02 5.206532292222891556e+02 5.791568895580533081e+02 6.177428831166133705e+02 6.376295601358767726e+02 6.353940127649808574e+02 6.333457028201662524e+02 5.930680256838014657e+02 5.935032280367186104e+02 6.135423514681998540e+02 6.270678553328943963e+02 5.869984565465202877e+02 6.355277520827875151e+02 6.405487516370433241e+02 5.938640020151608496e+02 6.366009543388316843e+02 6.868376151671594698e+02 7.360610100341397128e+02 7.859259614407412755e+02 8.306533392125475075e+02 8.743234257804099343e+02 9.235368032281652404e+02 9.609153536258787653e+02 9.907335469896208906e+02 1.016609007676495366e+03 1.034515609699082233e+03 1.061529422064181745e+03
