output/field_example_test_lateral/elevation_000065.asc
nrows	150
cellsize	66.66666667
xllcorner	0
ncols	150
yllcorner	0
NODATA_value	-9999
[rows 0 to 16 of 150, columns 37 to 73 of 150]
5.929798717856265284e+02 6.215338072779534286e+02 6.172594861455746695e+02 5.820039894613165643e+02 5.470666016849519337e+02 5.257328713975741721e+02 5.429252342448409081e+02 5.669838068979096306e+02 5.695127757837105946e+02 5.469233716457848686e+02 5.281419461350694746e+02 5.348733107156176629e+02 5.586949010346343130e+02 5.850565436420096148e+02 5.868516287149593609e+02 5.730885943050122933e+02 5.863848440474054087e+02 5.890876846619727303e+02 5.902809198236249131e+02 6.065927251109529834e+02 6.082682499308536990e+02 5.963822600809893402e+02 6.143078079743560238e+02 6.371369752166685885e+02 6.362164302386687496e+02 6.195278262173218309e+02 6.203503468830472229e+02 6.415558166507298665e+02 6.648169565647249328e+02 6.610750696536259738e+02 6.449727822350538418e+02 6.582613492770155972e+02 6.593927017355018734e+02 6.449332488626217810e+02 6.498438601365999148e+02 6.719883269401682355e+02 6.885605744421234249e+02
5.559332953884986637e+02 5.975572518256374224e+02 5.937056500223209241e+02 5.458869553353524680e+02 5.025980382922739409e+02 4.695954748962820418e+02 5.000610670429840070e+02 5.363011917775937718e+02 5.401374999993491883e+02 5.062365734383969311e+02 4.774408256261015140e+02 4.866831157672285713e+02 5.203555897917532320e+02 5.568369227344298906e+02 5.534148974076757668e+02 5.215133613019737595e+02 5.500935128106798402e+02 5.464991593586471481e+02 5.433561634881590408e+02 5.736110269931156154e+02 5.748971749044787884e+02 5.458703012849780407e+02 5.749948733870679689e+02 6.087962506580238369e+02 6.040411956915570499e+02 5.716733113416721608e+02 5.714074775820145078e+02 6.020356382112953497e+02 6.354977381701426111e+02 6.268424949767615999e+02 5.928025612517991476e+02 6.231684844431254078e+02 6.261607445664400302e+02 5.982859395011839752e+02 6.049213608728587133e+02 6.410574893894613524e+02 6.586377172575960230e+02
5.097950725640622522e+02 5.617554466646329274e+02 5.573294711754889477e+02 5.015037735366759648e+02 4.431832298054339390e+02 3.998632036977905955e+02 4.438508476005354169e+02 4.813557877246895487e+02 4.901178335307597536e+02 4.517779204206195232e+02 4.100292913666256140e+02 4.238111453172904248e+02 4.715344093671227483e+02 5.077649086966454774e+02 4.996269246772323527e+02 4.541857628793592880e+02 4.930495441932485505e+02 4.833595595849632787e+02 4.788130421269503927e+02 5.208640849767008376e+02 5.227970837855885975e+02 4.807218974773392119e+02 5.229030108366898730e+02 5.624273065995627121e+02 5.527834931046322708e+02 5.074482237132680780e+02 5.068928460637354760e+02 5.497690191708518341e+02 5.860516157296030997e+02 5.722469679915726601e+02 5.249811698153182533e+02 5.675201629362227322e+02 5.724638516062505005e+02 5.351064061275613994e+02 5.451210546073269825e+02 5.924799703266344295e+02 6.111673810470218768e+02
4.714537728124701061e+02 5.280030357607130327e+02 5.194476207910959147e+02 4.609530212965603369e+02 3.950940993504925700e+02 3.426583205299330075e+02 3.888394082666558234e+02 4.091151759959624883e+02 4.313206363888879764e+02 3.989676968511301993e+02 3.511780577190054942e+02 3.704560703381904432e+02 4.330062289266243738e+02 4.449025940295824739e+02 4.416715699183345691e+02 3.920970199115259334e+02 4.351152568494100024e+02 4.210967011013681827e+02 4.183255052678961192e+02 4.665100327785194168e+02 4.691374897036277503e+02 4.223380815280497131e+02 4.716936440228009815e+02 5.122307436833251586e+02 4.993318619462978631e+02 4.475325653255692373e+02 4.509463945697849567e+02 4.983647444985685979e+02 5.244024676164003722e+02 5.132005895622359049e+02 4.613985180927248280e+02 5.081965442454703634e+02 5.127779258969169405e+02 4.753042527636370664e+02 4.900197295156057748e+02 5.440485878302946503e+02 5.625538596002663780e+02
4.675411541057729323e+02 4.946400830577052261e+02 4.761785936011046942e+02 4.257459327393232229e+02 3.570101236330885968e+02 2.971359816934912601e+02 3.154756645405693689e+02 3.362573251505404528e+02 3.755736684145891786e+02 3.568327695611028503e+02 3.011939613007339176e+02 3.558574959307810559e+02 3.874987160295749504e+02 3.810952539520964706e+02 3.849006481927158916e+02 3.391246046588811396e+02 3.819022457259420662e+02 3.645572480820158034e+02 3.658912041516875320e+02 4.142986446460250249e+02 4.138307801476656778e+02 3.704160329681577650e+02 4.240567847719535735e+02 4.584167625888463817e+02 4.467837704332347357e+02 3.925105074939856991e+02 4.037512568802279702e+02 4.510984117954218391e+02 4.507752083295145553e+02 4.505292762712965668e+02 4.045287900585735201e+02 4.438803402162262159e+02 4.427834288394443547e+02 4.220390966043908065e+02 4.417906287351740389e+02 5.029567828654294885e+02 5.155080817728371585e+02
4.485232875926601537e+02 4.468516877239501355e+02 4.113755542430723153e+02 3.982143734234925887e+02 3.562230111396852408e+02 3.030961872769888146e+02 2.431051319493116978e+02 2.919334418560545146e+02 3.094140176678325815e+02 2.991715302610578533e+02 2.623475096413465621e+02 3.089173544172168135e+02 3.229117260893563639e+02 3.198462728433933080e+02 3.201766591133845168e+02 2.959347596323434004e+02 3.342248003835821919e+02 3.134248556814423523e+02 3.213287974725047320e+02 3.620822756815248908e+02 3.488938132193422916e+02 3.195280742281443622e+02 3.822590394588248159e+02 3.952629582572885170e+02 3.946465391520677031e+02 3.382038405819424156e+02 3.855138899093537361e+02 3.811224648200226852e+02 3.749535598307313080e+02 3.786780513567745174e+02 3.569207679021802733e+02 3.791108730797787985e+02 3.815126837910732434e+02 3.755106028598675607e+02 4.290857242731025849e+02 4.672350683344681670e+02 4.608255501739783995e+02
4.134856729397896515e+02 3.945518550447843609e+02 3.470464455418695593e+02 3.434483197504905547e+02 3.094021766099553474e+02 2.666446672186709748e+02 2.080733340572924135e+02 2.449265148679187121e+02 2.047070108670495756e+02 2.302778905806364662e+02 2.421217622045201665e+02 2.188483565539494862e+02 2.650599554022331290e+02 2.706126709546027200e+02 2.471496677581343988e+02 2.703392949000440808e+02 2.819409543214466112e+02 2.644008712604086782e+02 2.965594044673641179e+02 3.063165487873395705e+02 2.891305371271284343e+02 2.727130648197568803e+02 3.262684062384875574e+02 3.307080988241295927e+02 3.396766635790984878e+02 3.004259569554166660e+02 3.410038217530483848e+02 3.008985943661265878e+02 3.073877352571495294e+02 3.141187658118685135e+02 3.206710493104931743e+02 3.266882811578541919e+02 3.340968863101587658e+02 3.423290601382082627e+02 3.949738825052054949e+02 4.205197656077621673e+02 4.003929131123297793e+02
3.750731171148883050e+02 3.435205870088220763e+02 2.909586763973342727e+02 2.783002635691031514e+02 2.531045222844537079e+02 2.307957853793554648e+02 1.792629091096034699e+02 1.845359009595492523e+02 1.891565217163739874e+02 1.891565217230406404e+02 1.941633201001041300e+02 1.991557133422042227e+02 2.051311990802864216e+02 2.107101249590518819e+02 2.157412291603752976e+02 2.206867099819480416e+02 2.206867099886146946e+02 2.266415795249498899e+02 2.349930703210080196e+02 2.431616282785986698e+02 2.499260246374793155e+02 2.555979323107871437e+02 2.618602845589887806e+02 2.686164904673939304e+02 2.757753962607185940e+02 2.821284704651631614e+02 2.896718479743130956e+02 3.213187180666791960e+02 3.176910706360113181e+02 3.422724019180124628e+02 3.739885960137594338e+02 3.402086845465169063e+02 3.906650493776102735e+02 3.970589045104309776e+02 3.534936487123601410e+02 3.619801798158528641e+02 3.699008322239596964e+02
3.344077042927088428e+02 3.038594542458632759e+02 2.640711104014828834e+02 2.194292047159216281e+02 2.132454398347775282e+02 1.709829345863148831e+02 2.226996514620430503e+02 2.217295362949319042e+02 2.472452504526681309e+02 2.454670122347277470e+02 2.255988123638599916e+02 2.534753117315132442e+02 2.630058222612593113e+02 2.531054305345834905e+02 2.600502542898495904e+02 2.485725013892234472e+02 2.443208444255367340e+02 2.383887838175568561e+02 2.847335661867114140e+02 3.071021565140051734e+02 3.120200398287074108e+02 3.065608117117591291e+02 2.699594620740912774e+02 2.880592377550987635e+02 3.173065997715577282e+02 3.465099660812807656e+02 3.440042323274225851e+02 3.383967280436694978e+02 3.260702442267352126e+02 3.457918809549535126e+02 4.003856085704929910e+02 4.392176205351568115e+02 4.441072290897627681e+02 4.367579484179811402e+02 3.779868279775874953e+02 4.246278802686145468e+02 4.367228127709046817e+02
2.898374451182759231e+02 2.624223366038360155e+02 2.299106274881666252e+02 2.058399053285732236e+02 1.611669398995961444e+02 2.008944145660063612e+02 2.573877846132667742e+02 2.687563916514371840e+02 2.990375962746304594e+02 2.899813926592917710e+02 2.803069722250511404e+02 2.839757588038072527e+02 3.198466291901899012e+02 3.001330892687120127e+02 3.022018431961603824e+02 3.348627237085343609e+02 3.371599018147997526e+02 3.081964119367727903e+02 2.699384745182670144e+02 3.350315768464632242e+02 3.722140961202643439e+02 3.637306230363523127e+02 3.607800056886979974e+02 3.497873007203349971e+02 3.500083675027531172e+02 4.007933980130712257e+02 4.083198249981687127e+02 4.091155108835666283e+02 4.066997713756187522e+02 3.544280804640620204e+02 4.215449729592825179e+02 4.803119734211212517e+02 4.958285606476017620e+02 4.670111096581210290e+02 4.056134374720382425e+02 4.635236166197667558e+02 5.018344062499542133e+02
2.383291868141544683e+02 2.136740120412297017e+02 1.978274389330569534e+02 1.515916346896876519e+02 2.058056318198845531e+02 2.466588077193899267e+02 2.964756939658158785e+02 3.366636285241315818e+02 3.471503790087794528e+02 3.472095652391342924e+02 3.438940217564424984e+02 3.358280806044874112e+02 3.731452069999208447e+02 3.525394973084034405e+02 3.542799326568535321e+02 3.943384240609005928e+02 3.893770649975273273e+02 3.494753532254163133e+02 2.953176906555233927e+02 3.664602612290001389e+02 4.224687213850316994e+02 4.297783804577745173e+02 4.253261767460290343e+02 4.109827812547755457e+02 4.019311631333223431e+02 4.468933143393654177e+02 4.747140569586898664e+02 4.737386016926317893e+02 4.425404569639798069e+02 3.771864209165810280e+02 4.495004188320833691e+02 5.071931296008629602e+02 5.354452299148694010e+02 5.068128498349013284e+02 4.369605529410036411e+02 4.970939941382808911e+02 5.460287764202452081e+02
1.848200399637678117e+02 1.821877247165456311e+02 1.413763852810149615e+02 2.063543836241755400e+02 2.517176679520034384e+02 3.004178479163869042e+02 3.462729979463607606e+02 3.925690979713719457e+02 4.076412522816302157e+02 4.131362542869854906e+02 4.131347713212830399e+02 3.991228247066974859e+02 4.305862419929948715e+02 4.112473515035505898e+02 4.132729283889627254e+02 4.384238333650523600e+02 3.989885423261555388e+02 3.295670797863071471e+02 3.611392074225245779e+02 4.092445916097100280e+02 4.631426470481456477e+02 4.940445086656976059e+02 4.910187814837331075e+02 4.744373579285402798e+02 4.619583091785471538e+02 5.070353844821072471e+02 5.280773251026032540e+02 5.096359198408337079e+02 4.577901300978939503e+02 3.981992548868903441e+02 4.534578608899839196e+02 5.143239595681832270e+02 5.640885831514891606e+02 5.456051651950967880e+02 4.877579755735163758e+02 4.860800545539140671e+02 5.490308440796342211e+02
1.272911848468830129e+02 1.316969208969443912e+02 1.783699835656207142e+02 2.316765383546181170e+02 2.916825462970845138e+02 3.470473111389346172e+02 3.934374916118234751e+02 4.328887995474783565e+02 4.586300389638645356e+02 4.727064663754452454e+02 4.803755686855010936e+02 4.736752485091711264e+02 4.875820013992570807e+02 4.757898353964309308e+02 4.762408477921783856e+02 4.852657397396003489e+02 4.346957291911790549e+02 3.845493448545116166e+02 3.572308469964290225e+02 4.160994966107479058e+02 4.778994688059810301e+02 5.333546161032165855e+02 5.540473972543829859e+02 5.437022932220417033e+02 5.334347786039900257e+02 5.575175382530477464e+02 5.655532633313896440e+02 5.152210124478893931e+02 4.613783242491842316e+02 4.208801625761653327e+02 4.903223101803114901e+02 5.498359279157231185e+02 5.955172224374068719e+02 5.909539185281951177e+02 5.450696385824059007e+02 5.505398234024463591e+02 5.382319007838467542e+02
1.546714363929698095e+02 1.614811587254821461e+02 1.442566206526064718e+02 1.979566757250104843e+02 2.781448982310907354e+02 3.452820854246435829e+02 3.939161406824952110e+02 4.300714672864942827e+02 4.505774374688310218e+02 4.770075150902858923e+02 5.079755159366554267e+02 5.320009129324923833e+02 5.502193936838616537e+02 5.446301097815221510e+02 5.425376187716434515e+02 5.319629960825370745e+02 4.773051928613894574e+02 4.326303465548350573e+02 3.798776520797886178e+02 4.241597299647904151e+02 4.791286418218352310e+02 5.390152308637702845e+02 5.914452453891257164e+02 6.096164449587696481e+02 6.067831560650062102e+02 6.212469703496077500e+02 5.963576944817564254e+02 5.443144583669871963e+02 4.949750524199086499e+02 4.445473841861420397e+02 5.003170072535685335e+02 5.624461946520103766e+02 6.218456343285635057e+02 6.384310515458308828e+02 6.093762384268281949e+02 6.172883754285290934e+02 5.787635826343786221e+02
2.179191573252652461e+02 1.774411909287271953e+02 1.783443895814450286e+02 1.577688179521654774e+02 2.370849985979650398e+02 3.009081362778360358e+02 3.437036847504842285e+02 3.815313455092041863e+02 3.858750286655132982e+02 4.245041252624584445e+02 4.803367656993580113e+02 5.314443831148178106e+02 5.782202425519584494e+02 6.035835093299557457e+02 6.055947276531087482e+02 5.747821175939842533e+02 5.296355494766119136e+02 4.783262132704556393e+02 4.408686390080429192e+02 4.144599040307218161e+02 4.670919142984975565e+02 5.278867934970122633e+02 5.922843431589458305e+02 6.466686939198724531e+02 6.692742812040032732e+02 6.745225766417723889e+02 6.347094007682570691e+02 5.823042191546868480e+02 5.237181952411391421e+02 4.695545244333229107e+02 5.119749055996653055e+02 5.739632963536059833e+02 6.393326540075631783e+02 6.813573576517416086e+02 6.772686370845940473e+02 6.785212270783758868e+02 6.370683082449488666e+02
2.722439201547890661e+02 2.025617267865724216e+02 2.141013121872703664e+02 1.675739682894414386e+02 2.244593112625058495e+02 2.403559537607337688e+02 2.944059644131567666e+02 3.156843817068293561e+02 3.177255174263125923e+02 3.681807403002198384e+02 4.275299275432596460e+02 4.939964278059277376e+02 5.642655481072033581e+02 6.220243314986242922e+02 6.446545882414292237e+02 6.269897542882399648e+02 5.826474159952932723e+02 5.403800468924990810e+02 4.998090521662076640e+02 4.669628510114986284e+02 4.540478446829663994e+02 5.196289382640741223e+02 5.895871298051835083e+02 6.488906534487817908e+02 6.951113062201571893e+02 7.114462091452984396e+02 6.792711232638321235e+02 6.171325763490940517e+02 5.532652765334980813e+02 4.975816240547864027e+02 5.462239222621424233e+02 5.843828384532264408e+02 6.411475624694256794e+02 6.990803176218352064e+02 7.322656494798361564e+02 7.365848643260436575e+02 7.030270669031009447e+02
3.340750810378096958e+02 2.891355593059639091e+02 2.596279239255761127e+02 2.252742740197677733e+02 1.799055250705823994e+02 1.799055250772490524e+02 1.820991554740570848e+02 2.533301322951665782e+02 3.102731416718412447e+02 3.723181755832897579e+02 4.391553824987986445e+02 5.017085055316895250e+02 5.585982415961381093e+02 6.091515567264891615e+02 6.472573714484639140e+02 6.591091975768142674e+02 6.392658101027698194e+02 5.990005098602570115e+02 5.568074187817660459e+02 5.415678264475865262e+02 5.047649521090774556e+02 4.951910301662575762e+02 5.529512013939939834e+02 6.179102745555131833e+02 6.860123981438167675e+02 7.337874752415331159e+02 7.136280951781202475e+02 6.522733878102903873e+02 5.888298414269212344e+02 5.372526192137312364e+02 5.442158440615262407e+02 5.817500808333841178e+02 6.297575987937967739e+02 6.881214999379891424e+02 7.506812011220439445e+02 7.880256188164129298e+02 7.759453060632969255e+02
