output/field_example_test_lateral/elevation_000063.asc
nrows	150
cellsize	66.66666667
xllcorner	0
ncols	150
yllcorner	0
NODATA_value	-9999
[rows 85 to 101 of 150, columns 37 to 73 of 150]
9.935651649339209257e+01 7.197787334378543278e+01 8.044592086369583228e+01 6.827160497621656532e+01 5.111446924515236390e+01 9.458445046493783082e+01 1.578542105848289907e+02 2.128668664104958737e+02 2.593377258819380700e+02 3.066507384429179410e+02 3.527764438591217981e+02 3.879633311447053075e+02 4.104526254681413207e+02 4.372525149526703672e+02 4.615698879130101204e+02 4.725925468360371156e+02 4.919550536730574208e+02 5.104440140788739768e+02 5.280357892693109534e+02 5.506308553557720415e+02 5.476354702685056282e+02 5.144219746541839413e+02 5.094942852165461886e+02 5.128514915909092906e+02 5.438035654363505955e+02 5.312454273853491031e+02 5.073384463825643138e+02 4.977552861362377712e+02 5.353163896040518921e+02 5.404656757590632878e+02 5.025403703746952715e+02 4.405453121715432871e+02 4.188109740101335774e+02 4.301108316896283554e+02 4.886093669172389014e+02 5.376470771974563831e+02 5.507964329824392280e+02
1.480547132389343972e+02 1.415189093863774019e+02 1.394658345459075690e+02 1.086235324022522946e+02 7.903704464263779528e+01 5.816824505899536035e+01 1.508019606211126131e+02 2.154507016907705292e+02 2.652437774237596386e+02 3.100354089364243464e+02 3.531722625596180478e+02 3.948274930785910328e+02 4.312993829112124899e+02 4.522208478359929700e+02 4.609702333506485274e+02 4.635195149017877725e+02 4.643122641810463733e+02 4.590690685157888993e+02 4.670159318114089615e+02 5.006873975885134769e+02 4.935956430893935476e+02 4.443515038040515037e+02 4.347993715558148438e+02 4.426015314639832354e+02 4.867704814234678565e+02 4.764882963482421019e+02 4.266419565533481659e+02 4.162675132805449039e+02 4.637435889814166217e+02 4.623643955610818921e+02 4.531186405242537489e+02 3.994312398482193203e+02 3.528182272607948562e+02 3.982751743766238519e+02 4.407261170823731504e+02 4.825029580849428044e+02 4.937522125770838102e+02
2.065963320560727823e+02 2.077767226697087040e+02 1.915672288757656361e+02 1.503721314683409958e+02 1.097881012064234625e+02 6.245330038768660330e+01 1.210266517723786279e+02 1.812601963879176878e+02 2.262518029767410326e+02 2.650644326813971361e+02 3.069428681221643842e+02 3.555614899816454795e+02 3.996739440424001941e+02 4.010565749516748042e+02 4.006110870970032352e+02 3.985182014141331592e+02 3.952234438011986981e+02 3.907869761644748792e+02 4.017269496161120514e+02 4.464713049688085675e+02 4.448762286349154920e+02 3.838863499134345716e+02 3.665861790139622371e+02 3.825951449086472280e+02 4.379887607588703986e+02 4.227192925982201928e+02 3.628200569491007172e+02 3.477745793249682720e+02 3.930312204115616055e+02 3.812600053371050421e+02 3.873948558812042506e+02 3.598532917768133643e+02 3.150350811577397963e+02 3.632593633260433421e+02 3.899092228958208466e+02 4.297094532370657021e+02 4.374463983409925731e+02
2.663563224029225580e+02 2.637873172881931509e+02 2.199787485898068837e+02 1.499995292967725220e+02 1.004842435053649865e+02 6.245330039435327052e+01 1.140429187051766320e+02 1.457081676359709945e+02 1.807419324491897328e+02 2.093626212903420480e+02 2.622721472786348613e+02 3.190100392150108632e+02 3.488056380120354447e+02 3.340035397917448563e+02 3.300661953395077148e+02 3.272363590448676973e+02 3.248655193128086012e+02 3.262616527885414826e+02 3.452154293267898311e+02 3.993984872239061019e+02 4.018578320618555608e+02 3.541128003545948104e+02 3.043697683908230829e+02 3.527110538468243135e+02 3.949831269587353972e+02 3.769126992706089254e+02 3.117494431944257371e+02 2.929728616726159203e+02 3.235053502655519537e+02 3.099112626720458366e+02 3.120658171689448750e+02 3.139594637220919822e+02 2.877938531735952665e+02 3.221639527989885323e+02 3.594249498335392445e+02 3.757430545787648271e+02 3.804299926927281490e+02
3.252291291051407711e+02 2.940652665628593354e+02 2.318885458725372075e+02 1.810239058319569665e+02 1.628878339496953060e+02 1.160481425974737135e+02 7.035257371301531748e+01 1.108394975785294321e+02 1.395706569648852451e+02 2.037302849161819154e+02 2.550260946441483725e+02 2.905044916905276295e+02 2.872312639205441656e+02 2.665469371121296831e+02 2.637235141756002577e+02 2.603808048587596318e+02 2.587543004743687902e+02 2.653666068834667726e+02 3.216070067133007342e+02 3.478485935497455444e+02 3.550083321422968652e+02 3.168026873435013044e+02 2.645872263684850054e+02 3.144681629820265698e+02 3.443279913882189476e+02 3.268831628037875703e+02 2.854692459523911339e+02 2.506235090273593471e+02 2.636674202699978764e+02 2.612765252872917472e+02 2.440828436902412193e+02 2.609474831321041961e+02 2.760662706291383302e+02 3.006546655590811383e+02 3.214557788217138068e+02 3.357079517284968233e+02 3.180878185383818959e+02
3.763873103565225051e+02 3.324514559378248464e+02 2.735807384491130847e+02 2.536459167264748373e+02 2.100241363813783551e+02 1.651640220008338247e+02 1.196534281045031349e+02 7.803416239518477937e+01 1.331232089254370408e+02 1.735367770754490380e+02 2.166146879693046969e+02 2.422787044898242925e+02 2.276933465610410678e+02 2.058986550611219855e+02 2.071356595146434074e+02 1.990723857239581776e+02 1.949414121750375841e+02 2.514045255550348656e+02 2.807976429845749635e+02 2.944682604676498272e+02 3.003754100980496560e+02 2.833488836412487331e+02 2.310062158385684938e+02 2.793885898945533768e+02 2.844174968950395055e+02 2.697075798138456548e+02 2.167348132665519529e+02 2.221487391857345699e+02 2.278911124504213035e+02 2.342878671961516659e+02 2.710369111851708794e+02 2.511207876751709591e+02 2.586110416453084326e+02 2.666641358223605494e+02 2.744765257580560274e+02 2.819064379288457189e+02 2.885850114752796571e+02
4.226223452378896468e+02 3.791166728971929274e+02 3.371116871633113874e+02 3.006782010677234780e+02 2.454415849312827334e+02 1.807553326579358668e+02 1.219855940775745893e+02 1.234493945452535257e+02 8.545361086686831698e+01 1.357727688824796530e+02 1.807922427964253131e+02 1.801609418332371035e+02 1.777039888788132771e+02 1.564677288688228884e+02 1.658958093244941381e+02 1.523895366055868692e+02 1.599571694056450895e+02 2.116117760818910085e+02 2.289525293764791911e+02 2.523855551231209233e+02 2.475401124611259718e+02 2.354854118976132895e+02 2.008221072423154965e+02 2.414468465161267261e+02 2.363368854533134709e+02 2.054709108741068917e+02 2.498882138310360403e+02 2.597742794068979038e+02 2.728794889986098724e+02 2.864542188918636612e+02 2.656773543074207851e+02 2.511207876818376121e+02 3.286385829284288889e+02 3.440268347422201032e+02 3.437100993709444765e+02 3.394676176611823166e+02 3.437241680000930160e+02
4.623813556741949924e+02 4.248267594084329630e+02 3.699573158267051554e+02 3.030230112133189095e+02 2.359742670658362158e+02 1.742988764788066760e+02 1.763197825478496270e+02 1.313802371743278457e+02 1.057453285110648267e+02 9.278407540729764946e+01 1.403674860484255191e+02 1.098849865575671032e+02 1.151948194246727866e+02 1.196341711032671782e+02 1.239039202290655624e+02 1.283052572192984826e+02 1.566678726712980279e+02 1.739439555072060557e+02 1.977415337334142862e+02 2.037739479409207490e+02 2.097605160180266921e+02 1.677566442986511959e+02 1.778256110731811930e+02 2.154963989863964855e+02 1.930939404649368782e+02 2.447764817574075664e+02 2.691798707302948515e+02 3.020956488428486750e+02 3.289578016231887432e+02 3.371429662762287762e+02 3.102529006201961579e+02 2.705000499315698903e+02 3.387085676693274650e+02 3.836284200635392381e+02 4.072981432603381791e+02 4.041627977281472681e+02 4.072088936117280582e+02
4.806419309316294175e+02 4.269600236018381452e+02 3.590668685100727657e+02 2.922054208411261129e+02 2.327653016397215140e+02 2.409379121237645052e+02 2.180899254379910133e+02 1.637173733611950013e+02 9.278407541396431668e+01 1.360318440094949892e+02 1.017927503100884934e+02 1.357582144270303957e+02 1.609652945329975751e+02 1.490285050852717745e+02 1.340484082224571409e+02 1.461437853880663624e+02 1.358075753857423535e+02 1.410891449023081918e+02 1.465369468621897795e+02 1.514502388762667806e+02 1.582202550683728077e+02 2.160136830730003794e+02 1.755809389274585044e+02 1.810500342134671428e+02 2.410754753513560615e+02 2.773953073410516481e+02 3.101859831034300328e+02 3.452110683114539142e+02 3.812804131962965926e+02 3.849322024066257768e+02 3.523950658960797568e+02 3.133320384121922189e+02 2.996117828401035013e+02 3.723085981608869020e+02 4.321285213683626125e+02 4.627383431482741116e+02 4.739590967610302528e+02
4.911038522554125052e+02 4.355076136758427197e+02 3.664008743136686235e+02 2.998606542575355434e+02 2.978383851892386929e+02 2.894330493593444658e+02 2.321362909165921451e+02 1.689223529270545612e+02 1.071562221289744770e+02 1.685811886208273052e+02 1.700659328922073428e+02 1.745368774983915330e+02 1.897900260270403123e+02 2.191669617449513794e+02 2.124309042514595092e+02 1.580775512157981950e+02 2.087935055417305534e+02 2.179668492912314832e+02 2.134802260058339414e+02 1.542190299137200213e+02 2.110504026805310787e+02 2.594591028982306398e+02 2.569249641461107103e+02 1.989695028629286924e+02 2.565997833690631182e+02 3.055495127863147786e+02 3.519584813058883128e+02 3.880134769092550187e+02 4.260212151892895918e+02 4.275904046653560613e+02 3.906649285951295383e+02 3.533061297325142505e+02 3.176855437908584463e+02 3.761402283060619993e+02 4.240603354753483814e+02 4.806183431880609191e+02 5.237079898802163598e+02
5.056498056093918763e+02 4.542603405126358211e+02 3.913018323709792412e+02 3.567255415272168193e+02 3.566409856555688407e+02 3.225891592179169152e+02 2.634351750433447137e+02 1.946860413590977714e+02 1.238881974463053695e+02 1.905449829406117885e+02 2.321297321949315062e+02 2.310268599369306912e+02 2.374765841147807635e+02 2.673336143962066558e+02 2.456950631027191605e+02 1.795362819166535076e+02 2.507909889255885787e+02 2.890517379224235697e+02 2.868117851671050857e+02 2.745849928385371186e+02 2.717555391252137156e+02 3.098900660189523251e+02 2.997264669062585085e+02 2.543597134846484664e+02 2.232129254568689589e+02 2.874409033263053743e+02 3.532367589778350521e+02 4.179926903674875120e+02 4.631598045331898561e+02 4.664445103082022115e+02 4.240423847143746912e+02 4.081258762537735834e+02 3.734228572440061953e+02 3.426279167859273116e+02 4.066645619157403075e+02 4.743959987632899811e+02 5.380758523595452516e+02
5.245914398506583893e+02 4.997126533391360681e+02 4.528200107000923822e+02 4.165952412916029743e+02 3.855056238044429620e+02 3.223275465011647043e+02 2.466556078672528542e+02 1.723351052599425088e+02 1.396051929912185869e+02 2.169358253481574650e+02 2.758350773961274740e+02 2.920357278966192212e+02 2.951141073241605568e+02 3.094244254906467972e+02 2.669864445423962138e+02 2.016040819407422475e+02 2.667168889177750657e+02 3.271370886879939235e+02 3.539191120743096803e+02 3.480773064910942480e+02 3.422469790967423364e+02 3.644170495258891265e+02 3.369898156438030696e+02 2.891316174812273516e+02 2.378912200177253453e+02 2.899702335024071544e+02 3.515765857494985198e+02 4.204379480319570916e+02 4.837544954392938621e+02 5.043002904326899625e+02 4.767325329549820481e+02 4.539872088604327587e+02 4.046285399543289145e+02 3.596368590747047165e+02 4.179807643868008995e+02 4.764955315159364773e+02 5.352421359096504148e+02
5.351062437627937243e+02 5.358991650489159611e+02 4.984656312768441921e+02 4.453000811195346955e+02 3.803341912593326128e+02 3.131094230844020103e+02 2.498313944852362454e+02 2.101301766325686060e+02 1.573947429404330194e+02 2.209098519796292237e+02 2.952884788072785227e+02 3.496225079103941766e+02 3.537123886817790890e+02 3.470188616641966064e+02 2.975733643557479695e+02 2.250083720131779046e+02 2.678346030311367940e+02 3.347037503722855263e+02 3.931377080153910129e+02 4.168182977068719879e+02 4.130908829972009357e+02 4.173289497281890590e+02 3.738403752454719324e+02 3.197814539344988134e+02 2.531346617746324057e+02 2.959494100431961101e+02 3.566603643286047713e+02 4.254162167805395143e+02 4.962157546994903896e+02 5.408963704260191889e+02 5.338273408201068833e+02 4.915507076244258542e+02 4.435531181795597604e+02 4.099447768710147102e+02 3.840923141071189093e+02 4.372554152054767087e+02 5.004742239860280506e+02
5.416080370492569500e+02 5.504129967070657585e+02 4.953238872452869259e+02 4.252015101913764283e+02 3.550871368471019309e+02 2.896818436564988133e+02 2.324862737983676482e+02 1.801803429762836970e+02 2.265786363303858764e+02 2.719769113682245347e+02 3.338057590257949983e+02 3.931378289944115636e+02 4.051726175025108319e+02 3.725998957490371026e+02 3.124130339838805526e+02 2.493575657842377211e+02 2.985841477298184827e+02 3.435148461148957040e+02 4.063094820239713840e+02 4.645514458538506233e+02 4.752188940856748900e+02 4.548106683998974518e+02 4.042336956094173388e+02 3.385811801616920889e+02 2.718501128631446591e+02 3.239200916734736779e+02 3.651753469936896863e+02 4.245165834058396968e+02 4.927529681238817147e+02 5.555002571612478732e+02 5.726288300144711911e+02 5.370959144263097187e+02 4.957445602714190045e+02 4.525635353779846923e+02 4.002279339362817723e+02 4.480510697757803200e+02 5.056857555734029006e+02
5.491178907028128151e+02 5.562479123991946608e+02 4.954897540954953570e+02 4.224354711848541797e+02 3.532817868261016656e+02 2.887736831938664182e+02 1.980036644373315085e+02 1.937099476915477112e+02 2.484255516284156613e+02 3.213461357766545916e+02 3.834042582372510992e+02 4.320711018302764614e+02 4.351544418943206551e+02 3.799045667141183458e+02 3.201882759113085513e+02 2.750316798609157445e+02 3.383628374920589863e+02 3.830816358017277707e+02 4.411489913341137594e+02 4.998623749268721781e+02 5.120357353498524162e+02 4.590979394822628024e+02 3.941739456431141093e+02 3.373022842241338708e+02 3.336695628784698897e+02 2.980053833701003896e+02 3.552349696732221105e+02 4.188384806435674363e+02 4.897713686112605274e+02 5.616982114770787575e+02 6.034567534860236719e+02 5.861224656304739256e+02 5.415377416103491441e+02 4.841706540565626824e+02 4.183323427661646292e+02 4.574638427556333227e+02 5.081131600139615330e+02
5.679601701302094625e+02 5.643426674451143299e+02 5.011060698308349970e+02 4.296458628850733703e+02 3.645671127063201311e+02 3.068648837436545591e+02 2.705827409631122578e+02 2.108959703798498424e+02 2.814067704658334037e+02 3.368901961384769379e+02 4.045934962389322891e+02 4.637834944482042374e+02 4.653133490899908793e+02 4.123198375537841116e+02 3.553566222257937852e+02 3.027994676859195238e+02 3.479546670335377030e+02 4.197265896361655564e+02 4.763391348918736412e+02 5.340590820275810984e+02 5.444606809321207948e+02 4.938003307507636919e+02 4.356003243288888029e+02 3.949829367961277740e+02 3.763333549589206086e+02 3.153151014670005452e+02 3.644324061975020186e+02 4.208635425934315322e+02 4.861329535437409959e+02 5.568215224938282972e+02 6.152007991659062327e+02 6.124861512692618817e+02 5.549776270085282022e+02 4.883522022058880339e+02 4.376075326592651891e+02 5.014827006557846403e+02 5.542664789770119569e+02
5.846465757371508971e+02 5.713920913989318251e+02 5.062144584401299880e+02 4.349506357223045256e+02 3.702707129797739185e+02 3.129285975046833528e+02 2.606110355937998406e+02 2.269415451519043927e+02 2.804794619855477436e+02 3.480679338274148336e+02 4.204234697947591144e+02 4.855664490681791108e+02 4.965352713668237925e+02 4.497400224029851188e+02 3.941191657366212553e+02 3.343695168455401472e+02 3.906284098568029890e+02 4.354737197384588399e+02 5.046094191476335595e+02 5.671624277223901345e+02 5.796566040235512673e+02 5.354822201384378104e+02 4.902495667246403173e+02 4.546974747710104339e+02 4.049443945767180821e+02 3.342055713366995064e+02 3.362075674814177546e+02 4.328816912787107754e+02 4.955913708188058422e+02 5.643743299170885166e+02 6.266520139843770494e+02 6.322433996289656761e+02 5.748393861840235104e+02 5.249118676629079800e+02 4.588346517493357624e+02 5.139268735700825346e+02 5.705694190026823662e+02
