output/field_example_test_lateral/elevation_000028.asc
nrows	150
cellsize	66.66666667
xllcorner	0
ncols	150
yllcorner	0
NODATA_value	-9999
[rows 119 to 135 of 150, columns 111 to 147 of 150]
7.984341004502450687e+02 8.735921051907702122e+02 9.509091114965136740e+02 9.924232763821944445e+02 9.794824263518861471e+02 9.432616010833060045e+02 9.146443858740623227e+02 9.260154924920061603e+02 9.593015071451214908e+02 9.938617943244800017e+02 1.016415594532096748e+03 9.876515590313089206e+02 9.254262407172222993e+02 8.675408895389524560e+02 8.098180005769378340e+02 7.486926516251763815e+02 7.375886953855070942e+02 7.462447204876469868e+02 7.416603873621571665e+02 6.927106502396853784e+02 6.946371245428383645e+02 7.541308218460326316e+02 8.160133208145618937e+02 8.727456115230415890e+02 9.298327056853997874e+02 9.909707856538778969e+02 1.052451803985138895e+03 1.098969915934476376e+03 1.093014614510904948e+03 1.035892701123121242e+03 9.692952153317041848e+02 9.023276086608591413e+02 8.521496291600648192e+02 8.324075579575805932e+02 8.861730256009565210e+02 9.325328001447697943e+02 9.699508940730599988e+02
8.228498444793638100e+02 8.874935162250998246e+02 9.479585168921629474e+02 9.885865333300372413e+02 1.003181720699621565e+03 9.895666280322654984e+02 9.717553875042068512e+02 9.715418514608068108e+02 9.820152775182721143e+02 1.006650832360836375e+03 1.027371263539174379e+03 1.014526599824735854e+03 9.728063560356735024e+02 9.146391533013552362e+02 8.611264544929703106e+02 8.108474661063970643e+02 8.052004242096315920e+02 8.159494106952500942e+02 7.854560349418004535e+02 7.415064830182037667e+02 7.460624517435816188e+02 7.447142805841617701e+02 7.856709049039689035e+02 8.336630507144438980e+02 8.888061229042646119e+02 9.511606781440725626e+02 1.021399259777130055e+03 1.089091846405694923e+03 1.101155015091921996e+03 1.048219591329062951e+03 9.874051519994258115e+02 9.469734235466435166e+02 9.002272865814341003e+02 8.970556220289191742e+02 8.819486047546508871e+02 9.500160618210247776e+02 1.014156378023100842e+03
8.687615520645570086e+02 8.985327152732049854e+02 9.105090179897233611e+02 9.482136352275924764e+02 9.757236359662595078e+02 9.777232966571258430e+02 9.563629536428348956e+02 9.366585066014275753e+02 9.225863412024838226e+02 9.546341980227817885e+02 9.951493395501438499e+02 1.013758451097395664e+03 9.964901923409373694e+02 9.607766764453622272e+02 9.235773862272679935e+02 8.819526666636960499e+02 8.773758040302435575e+02 8.773465869039807785e+02 8.284577330239027333e+02 8.089812832471205866e+02 8.073303889428051434e+02 8.051452114239391449e+02 8.473642999141773089e+02 8.915595156257541021e+02 9.459110756947064829e+02 9.943428204049132546e+02 1.044324963711678720e+03 1.092439638892456514e+03 1.110776537599759422e+03 1.085290381287380569e+03 1.045970405694579313e+03 9.994194075982983350e+02 9.574140673277811402e+02 9.577318797607866827e+02 9.189380839602698643e+02 9.673805336712953249e+02 1.030705248345041809e+03
8.683922342855609031e+02 8.620179121427491964e+02 8.425261785619518378e+02 8.816640683570651618e+02 9.256988336610105534e+02 9.307827396562977356e+02 8.927316142922638846e+02 8.576272568755401835e+02 8.452054300028808029e+02 8.911696943669036273e+02 9.371839480288240338e+02 9.773416481214455871e+02 9.742526194498178711e+02 9.622315974566841987e+02 9.570655939760938509e+02 9.461493968504541954e+02 9.435259183207444948e+02 9.311116275709547381e+02 8.935069109345229208e+02 8.800017596219269080e+02 8.759574566597716512e+02 8.747507825385705473e+02 9.133032057306745628e+02 9.482164420094720754e+02 9.775160340257928056e+02 9.963372920701368685e+02 1.014768049649749742e+03 1.052835373449785720e+03 1.083605588226713962e+03 1.098522144226415548e+03 1.085443580106340278e+03 1.058017101693206996e+03 1.019963839976865074e+03 1.003431903416074192e+03 9.826882331944441376e+02 9.790979461183823105e+02 1.039729446497236722e+03
8.289447939045260227e+02 7.928424326874114740e+02 7.728792534137189705e+02 8.223793528698897717e+02 8.742483305130396047e+02 8.795326359010941815e+02 8.333251886087401772e+02 7.851955210561425247e+02 7.800882564296906594e+02 8.300075313406133546e+02 8.881217517724642221e+02 9.262960578514699819e+02 9.087423240284568919e+02 8.999571527013303012e+02 9.247658617402063328e+02 9.462065810851711376e+02 9.659874264343792447e+02 9.655756695484050169e+02 9.487728893733082032e+02 9.378321508529161292e+02 9.344874115129216534e+02 9.367023528567629000e+02 9.537788695278997011e+02 9.663836450764819119e+02 9.542059539653665752e+02 9.304842703625641889e+02 9.343252078044666860e+02 9.770059238531970323e+02 1.020852457257416859e+03 1.064078260052390078e+03 1.088220954944448522e+03 1.094115950291486115e+03 1.082655333232135945e+03 1.064999213795823607e+03 1.048948075290615634e+03 1.034000466318431336e+03 1.061101597301447327e+03
7.791594161530284737e+02 7.268185829288524928e+02 7.139542248934130839e+02 7.711943791858271879e+02 8.276978313313104536e+02 8.322009057580260105e+02 7.815713436597256987e+02 7.267853295764881523e+02 7.286655584993828825e+02 7.864705845543346641e+02 8.558323015227232418e+02 8.747906603739278353e+02 8.364899093981147189e+02 8.207620801824116370e+02 8.556282692389972908e+02 8.935630761450941009e+02 9.348202600091024124e+02 9.406658015146847447e+02 9.276676945238017424e+02 9.209869054674828703e+02 9.220018273397801067e+02 9.254938429197466121e+02 9.306773594872495323e+02 9.279745234879426334e+02 8.883602288862667820e+02 8.443720312593537756e+02 8.546618623087180140e+02 9.035344502523828396e+02 9.529572427111763773e+02 9.978427690891235216e+02 1.046762916682052719e+03 1.079851982510043172e+03 1.103649264212353046e+03 1.113671171620123232e+03 1.111277123567539775e+03 1.103376380460577138e+03 1.120239449374618289e+03
7.209396853886613599e+02 6.671974113308223195e+02 6.645111359019086876e+02 7.277308331452442189e+02 7.875779016987339674e+02 7.899450618588982707e+02 7.362628659738013539e+02 6.773278944148212304e+02 6.870687137741101651e+02 7.563421091239130192e+02 8.257158453571938708e+02 8.351990637966640634e+02 7.745915996429357619e+02 7.499668933302128835e+02 7.899604341346343972e+02 8.416270312688908461e+02 8.872957396220281225e+02 8.775042643565640219e+02 8.551004677052593479e+02 8.490772486742715728e+02 8.537329337710757500e+02 8.577452093103144080e+02 8.606612750986978426e+02 8.603235890486803328e+02 8.335295458341156518e+02 7.648112855310853320e+02 7.984917988068508521e+02 8.402427599722790319e+02 8.811481127616345930e+02 9.296669467486907479e+02 9.750788177150043339e+02 1.019598092785716631e+03 1.067856087202979097e+03 1.100365031372770773e+03 1.127441818420571281e+03 1.150613904516554612e+03 1.173241885514519254e+03
6.729499405995214829e+02 6.135099468975369064e+02 6.221066791771503404e+02 6.921700194646900854e+02 7.541354238464327864e+02 7.503864848903552911e+02 6.969132110300488421e+02 6.329767402988727554e+02 6.847105581172619395e+02 7.495970834741249291e+02 8.062113429308350305e+02 8.048342406351948739e+02 7.552432853907206436e+02 6.913710627527802899e+02 7.399313630362756840e+02 7.962325382264987184e+02 8.414815341184024646e+02 8.255133733884927096e+02 7.775734618057641683e+02 7.728816149402714473e+02 7.820828569943395223e+02 7.859973132985128359e+02 7.869521967630852259e+02 7.927486203568821566e+02 7.795199514182423854e+02 7.107299925435085015e+02 7.457245527725189049e+02 7.787534110528038127e+02 8.162237118190240608e+02 8.557342429986686057e+02 9.005546681717469255e+02 9.528049745018854537e+02 9.969505539852243601e+02 1.037664138113153967e+03 1.084252509774401688e+03 1.119757973242517892e+03 1.153443679949809621e+03
6.297546516617036332e+02 5.648062208171388647e+02 6.250266531759698410e+02 6.917686301978725396e+02 7.271772797566553663e+02 7.064142773630163674e+02 6.579692102294274036e+02 6.008991889275079075e+02 6.680322380091179184e+02 7.348706012383282768e+02 7.777346053476975385e+02 7.696249313538493197e+02 7.113868027808114221e+02 6.467568982724685611e+02 6.984230505533572568e+02 7.560196131347104256e+02 7.979689648918333660e+02 7.743013419116407476e+02 7.153470096034878907e+02 7.052828649558601910e+02 7.208055609107241253e+02 7.234996868171921278e+02 7.184000122206296055e+02 7.277295085744490279e+02 7.318256883448236749e+02 6.684212404249403789e+02 6.949528204356616925e+02 7.310082472701484448e+02 7.457277461349551686e+02 7.864291828164386970e+02 8.359641930348362848e+02 8.813922563114015247e+02 9.230119458649504622e+02 9.683152469507332398e+02 1.008115674736665596e+03 1.046133789735355549e+03 1.086413442501849886e+03
5.877002265297660415e+02 5.297896498547806914e+02 6.081956091217634821e+02 6.691752515399787171e+02 6.898662255026813455e+02 6.466562502078471653e+02 6.036386035651026987e+02 5.714171356114837863e+02 6.425582254219614242e+02 6.922538992629412178e+02 7.398083084068623521e+02 7.333011824344924889e+02 6.739984396870930823e+02 6.079457378878940972e+02 6.617088762195335221e+02 7.196019811123702539e+02 7.537606960213231559e+02 7.306492810728535687e+02 6.633198785260991599e+02 6.442405808931273441e+02 6.828890291640070700e+02 6.713867865183599406e+02 6.553040458275727360e+02 6.545173825785170720e+02 6.817640021127537011e+02 6.339808802839048667e+02 6.476558210254711412e+02 6.839120369299250797e+02 6.855104413936146557e+02 7.307315299865546194e+02 7.772740790848747565e+02 8.181813625802660681e+02 8.583524428315521391e+02 8.949742057094521215e+02 9.319435592824206651e+02 9.721470707976608310e+02 1.019500051605747672e+03
5.528769649060176334e+02 4.980530666861690747e+02 5.707457568730178536e+02 6.373215846615753435e+02 6.564463270850033041e+02 6.029723472007002556e+02 5.333471006163208585e+02 5.592184783059667552e+02 5.921168543624776248e+02 6.497521692792795420e+02 7.003005736441277804e+02 6.963302615978649328e+02 6.392971796878637178e+02 5.733161582901565225e+02 6.279340523505600231e+02 6.905251013184958992e+02 6.985377958283012276e+02 6.920013796614153989e+02 6.461805434498388649e+02 5.952200220396737222e+02 6.389133347437955308e+02 6.262094180070547509e+02 6.274102370518950238e+02 5.676073441345806714e+02 6.308102173559082075e+02 6.047374704361636759e+02 6.047374704428303858e+02 6.216311625525613636e+02 6.402295398796737800e+02 6.900348188823811597e+02 7.312264548462566154e+02 7.642221147768474339e+02 7.957945174845967813e+02 8.295019319765309547e+02 8.671554131218628072e+02 9.113408411646530567e+02 9.688401404455782995e+02
5.326197079687026417e+02 4.702168092810982785e+02 5.392484766281856992e+02 6.028933051729651424e+02 6.240454796963368835e+02 6.025359495503086009e+02 5.517285137416517955e+02 4.901027598663474691e+02 5.505526329082091479e+02 6.104500850210313274e+02 6.578402353361985888e+02 6.555526666733471757e+02 6.048605772018253219e+02 5.420240695767183752e+02 6.132559033355834117e+02 6.518333367257250757e+02 6.319808874102440086e+02 6.434429067323121672e+02 6.103607519691165635e+02 5.573793249529442164e+02 5.892030812050586519e+02 5.815743031808400474e+02 6.004122751560495317e+02 5.676073441279139615e+02 5.846318251522412766e+02 6.522134764811620471e+02 6.656829573876757422e+02 6.565503665340725092e+02 6.867617767952411896e+02 6.669141295539826615e+02 6.879305817487477270e+02 7.128777567258699719e+02 7.418561305698918886e+02 7.757779934591662823e+02 8.159841876201973037e+02 8.649727151939424630e+02 9.269481921600863643e+02
4.769710760288007805e+02 4.449758267363646382e+02 5.084835289029585397e+02 5.577751923266882841e+02 5.681436027074475987e+02 5.653331867375950424e+02 5.236961091548614604e+02 4.629933389390562297e+02 5.171298676318770049e+02 5.673112803621939975e+02 6.019391366270248227e+02 6.016337825530650889e+02 5.671097730103343793e+02 5.128033289776814172e+02 5.817414169755957118e+02 5.977765736444649747e+02 5.507060578350436799e+02 5.773399499124119529e+02 5.702127148519704178e+02 5.232728665612247596e+02 5.232728665678914695e+02 5.356101218551841612e+02 5.495804018790377086e+02 6.092460246044119003e+02 6.487877857891212443e+02 7.001567963470021141e+02 7.245316416952260852e+02 6.986103914766166554e+02 7.309391520862535572e+02 7.056041259030847641e+02 7.392353295386208174e+02 7.695075212488681018e+02 8.052782621029972461e+02 8.413911455775138393e+02 8.799361562724579926e+02 9.232799197512873661e+02 9.748187532372558053e+02
4.110863736214524238e+02 4.551119584400431108e+02 4.802403128999010846e+02 4.937831240634077403e+02 5.029490624262605252e+02 5.058162554036608185e+02 4.953133858882205800e+02 4.419639332614154910e+02 4.730185507926980222e+02 5.150632124927169571e+02 5.215826961658315213e+02 5.298861107646675919e+02 5.187800066019050291e+02 4.862328327279275868e+02 5.520273826453972106e+02 5.507085828192339250e+02 4.712379580939551147e+02 5.298418242172986083e+02 5.060228027202307430e+02 5.658609606750422927e+02 5.960349307638289247e+02 5.947468494476795513e+02 5.866989398880056115e+02 6.452474899612327590e+02 6.974935135260503785e+02 7.449881509447615144e+02 7.755682592446753461e+02 7.487740000766797266e+02 7.828936182550415879e+02 7.559483803191359357e+02 7.971586582036087520e+02 8.350823918615434422e+02 8.722705765917006602e+02 9.163403639884174936e+02 9.566600717532148792e+02 9.965184176466871122e+02 1.039884319562305336e+03
4.039068781672103228e+02 4.195234576658046990e+02 4.221367106132427125e+02 4.264584734082710611e+02 3.856046669891023271e+02 4.434126144955484961e+02 4.505499542626417337e+02 4.408035301539578654e+02 4.152594809957537905e+02 4.486704708583895922e+02 4.353504205861693777e+02 4.677526701797919486e+02 4.492312481164480573e+02 4.995339069961581799e+02 5.308183135482929629e+02 5.190992719689921842e+02 4.712379580872884617e+02 4.849153291426450778e+02 5.531376167808657556e+02 6.071438159750147179e+02 6.541985680543560875e+02 6.582233188148162526e+02 6.480217958705953833e+02 6.469770990462343434e+02 7.012670272997428356e+02 7.749435107120957582e+02 8.218871348246019579e+02 8.080104688220872049e+02 8.433036798177726041e+02 8.219077257050888647e+02 8.635534004699464958e+02 9.092329409057520024e+02 9.483372464458710738e+02 9.870595713615840623e+02 1.033374031549275969e+03 1.069981077206217833e+03 1.106850297855655299e+03
3.603026572351269579e+02 3.655607798715175250e+02 3.707348342343800596e+02 3.760530105645820527e+02 3.800972546751182790e+02 3.800972546817849320e+02 3.866287923383970906e+02 3.926136359548539190e+02 3.976277367726285092e+02 4.033695521326031326e+02 4.084911764907998304e+02 4.142444456991066204e+02 4.525000766083864505e+02 4.733714829765419267e+02 4.868088391011737031e+02 4.563487780905966247e+02 5.216120524127113640e+02 5.604475555968665503e+02 6.050893333635020781e+02 6.556829106034000461e+02 6.998391430933911579e+02 7.220176015634045825e+02 7.137397078212519546e+02 7.032048190146895195e+02 7.435332763927123096e+02 7.949276387322547635e+02 8.610758206871737457e+02 8.749580624343283262e+02 9.100032673886261136e+02 9.025940371673611935e+02 9.386434658455322051e+02 9.809980599409739170e+02 1.020710625622380348e+03 1.048765612991714534e+03 1.073883709300028613e+03 1.097380679639549953e+03 1.126886754881200204e+03
4.217384951690452226e+02 4.234043245268456985e+02 4.247729233400295925e+02 4.352536299108331264e+02 3.970475697973661227e+02 4.273946832093598118e+02 4.359551153222203652e+02 4.550949280742977407e+02 4.549747936122938086e+02 4.574924270829920374e+02 4.614737146294040144e+02 4.364321823054653464e+02 4.236220279085079596e+02 4.298566527717937333e+02 4.374085568874560295e+02 4.902060795409219622e+02 5.430151686091844567e+02 5.895099895377128405e+02 6.311755056029762727e+02 6.750021118775656532e+02 7.185506738050588638e+02 7.637417871990787717e+02 7.765586789393179288e+02 7.723076078761533836e+02 8.074335072485762339e+02 8.503096678184083430e+02 8.991041270349253409e+02 9.431744209243523756e+02 9.710308569803847831e+02 9.828661437947675950e+02 1.008307293363605822e+03 1.033359821261444267e+03 1.051017682607795678e+03 1.053563666506674508e+03 1.045523574765872354e+03 1.044039828961478861e+03 1.077665893422455156e+03
