output/field_example_test_lateral/elevation_000061.asc
nrows	150
cellsize	66.66666667
xllcorner	0
ncols	150
yllcorner	0
NODATA_value	-9999
[rows 17 to 33 of 150, columns 0 to 36 of 150]
7.334086556956868289e-04 6.234239231384268720e+01 1.288751345443340597e+02 1.860669865327176069e+02 2.340203177936027998e+02 2.675489132886462471e+02 2.829655288241924609e+02 2.754894706540474658e+02 2.266044411517532637e+02 1.665835690387388013e+02 2.258323507015677762e+02 2.782809894565396007e+02 3.099509989913229333e+02 3.112538043946875632e+02 3.090845397780897201e+02 2.630255090367740536e+02 2.058700193981051711e+02 2.624020540936302837e+02 3.106713325966300658e+02 3.184973533353021367e+02 2.753356105029086507e+02 2.184430679326833058e+02 2.775021674456645542e+02 3.268484636825415350e+02 3.523759379247592278e+02 3.376264434734565043e+02 2.950551417218795223e+02 2.308806759702751208e+02 3.061257563017435928e+02 3.605358575936200509e+02 3.658969760917486838e+02 3.191112148677256073e+02 2.614709021797086166e+02 3.086789075376530036e+02 3.687039110199120273e+02 4.026407218074110119e+02 3.875122617889012417e+02
5.274751909392564990e-04 4.205931913814089285e+01 9.126895364414659184e+01 1.483227362110854131e+02 2.119830032125009325e+02 2.739348581133048697e+02 3.224571577632098069e+02 3.189770806880479768e+02 2.716809753461240007e+02 2.214776631311761150e+02 2.189260206492845100e+02 2.814280701349687774e+02 3.399412845260578706e+02 3.665665240267888407e+02 3.572294929090622873e+02 3.085944118613995784e+02 2.623345166781990656e+02 2.560729645016886025e+02 3.263775315640534700e+02 3.512114965435558815e+02 3.116451005250804087e+02 2.529792304013301987e+02 3.109534763115837563e+02 3.640475794112343237e+02 3.977716392549941133e+02 3.810356235617877587e+02 3.192002053798873362e+02 2.574103635902889096e+02 3.237706367397708505e+02 3.889835991687115211e+02 4.005372375663765183e+02 3.524753823440726705e+02 2.936875955218717991e+02 3.447164192193577037e+02 4.034656319380198966e+02 4.536255371290318976e+02 4.527820343984433293e+02
6.543567491435646000e-04 4.275107238174585689e+01 9.065671445482311697e+01 1.449056191265166547e+02 2.063062881731297011e+02 2.729144812242380453e+02 3.345177485847174239e+02 3.544342799139599833e+02 3.309442699073910035e+02 2.870187851456925046e+02 2.857706090268272874e+02 2.757483450366826219e+02 3.442785764750489079e+02 3.993766828542724170e+02 4.032122039491940768e+02 3.641996816571706290e+02 3.270157800813025233e+02 2.923046480117571946e+02 3.516345607946083760e+02 3.867244760681957700e+02 3.634813945153028385e+02 3.143455975518081118e+02 3.032104094300042902e+02 3.672856394114264162e+02 4.230068584546749548e+02 4.130855968307303101e+02 3.535679521626284441e+02 2.871152345441586817e+02 3.614520723715140775e+02 4.181510972649507494e+02 4.340723336388741700e+02 3.894101857597663070e+02 3.307371734071751916e+02 3.825804548842207282e+02 4.414744294212098339e+02 4.958532196396157019e+02 5.073209001838191057e+02
7.308854398706160797e-04 4.529305178637255125e+01 9.431750468175640378e+01 1.470896094624566501e+02 2.050873658689007186e+02 2.685046639614122341e+02 3.314547338739707811e+02 3.719991061760467801e+02 3.783017199268114155e+02 3.592623279314788647e+02 3.564739058479252662e+02 3.204628213330652216e+02 3.594288137147684665e+02 4.207188363381595764e+02 4.504151864797669873e+02 4.288619790994149525e+02 3.845208068326896864e+02 3.405163607012621014e+02 3.614929731967129101e+02 4.188590103774432123e+02 4.152052152123236510e+02 3.774742091947834979e+02 3.413041176644594543e+02 3.997101773609425663e+02 4.525855489702097998e+02 4.462054201674307023e+02 3.871134547627627285e+02 3.194829200264703104e+02 3.761072644921908363e+02 4.382107734737176656e+02 4.668440798740995774e+02 4.380596432293551743e+02 3.754341914273029488e+02 4.308323068118846777e+02 4.804246783652274075e+02 5.296220495855109220e+02 5.326646847407793075e+02
7.572089623980787559e-04 6.032467822646092515e+01 1.085246773527344715e+02 1.523684686495550125e+02 1.993517999234985041e+02 2.496665748435297871e+02 2.963803695814401635e+02 3.550832663127038131e+02 3.984932382061249427e+02 4.186957036173476467e+02 4.171015075346622325e+02 3.825916851889315922e+02 4.013889971041876379e+02 4.565804956016153824e+02 4.983149895477445739e+02 4.837482499803579685e+02 4.389856482358364929e+02 3.979606342449897056e+02 4.128315234763539365e+02 4.580947573212820316e+02 4.654804699240482933e+02 4.283694160468317023e+02 3.875694724113066627e+02 4.374140852500162282e+02 4.877175900282939551e+02 4.832168499769059622e+02 4.280178939849469657e+02 3.749216580558351666e+02 3.668976338004820263e+02 4.356969812138722205e+02 4.910491771121050988e+02 4.865323526438860426e+02 4.477825612250621248e+02 4.428772361727412203e+02 5.170757782745483837e+02 5.544785398034152877e+02 5.293122776632710611e+02
2.914550873057958737e-04 2.870950304634042993e+01 6.258042363419897214e+01 1.004865570043481569e+02 1.458408953553959577e+02 1.952808012739812114e+02 2.512779769560561647e+02 3.144782802940610509e+02 3.821871944132203680e+02 4.400916034453143766e+02 4.642052963763640605e+02 4.494732474879389770e+02 4.673186816256778116e+02 5.043887981160650043e+02 5.415665921792559629e+02 5.336199648831167224e+02 4.970601415836578099e+02 4.690663856258545366e+02 4.816422749054936503e+02 4.983002241726578632e+02 5.121313329869277595e+02 4.696658044187021801e+02 4.561685604513227190e+02 4.743785553576694269e+02 5.275032230039668093e+02 5.266663880617174982e+02 4.796715499918818182e+02 4.361626246907765676e+02 4.022345579497849144e+02 4.426545492050756820e+02 5.102439877880192967e+02 5.383906583729152544e+02 5.248408249704070840e+02 4.930945757033246082e+02 5.526812222815665336e+02 5.728542920169333001e+02 5.175219181832289905e+02
1.560245990706205258e-04 5.644675949111759650e+01 1.051093553080169443e+02 1.441672401576763605e+02 1.629849992060760826e+02 2.060020159962977004e+02 2.541820868396343371e+02 3.087692166659692816e+02 3.699785737250986131e+02 4.339718282082013729e+02 4.889433512862179896e+02 5.084502468395403412e+02 5.368880146943497493e+02 5.595762475989760105e+02 5.759807562257703921e+02 5.712814723268407988e+02 5.546516901758304812e+02 5.438169906254942134e+02 5.527047013594135478e+02 5.583695167010467912e+02 5.628338792459713886e+02 5.325960869669224849e+02 5.268520619916931764e+02 5.377117624834522758e+02 5.737495685988939158e+02 5.754002461552333898e+02 5.366305215180329924e+02 4.970699440933682354e+02 4.538868566226122425e+02 4.689804627718322081e+02 5.226310278090704742e+02 5.799210447698743565e+02 5.865104214508705809e+02 5.506794819299146866e+02 5.955403060818508720e+02 6.033032459906188478e+02 5.487047606345573740e+02
4.209342604524442038e-04 2.744556225455476905e+01 9.045674364850394511e+01 1.454179620179205301e+02 1.810227303904938196e+02 2.195479005906896646e+02 2.621986707752217285e+02 3.101674255223147156e+02 3.642365828436903712e+02 4.235828678504929030e+02 4.839812697891221092e+02 5.360920652263417878e+02 5.700085840523327079e+02 5.725582607412213747e+02 5.620368442179690192e+02 5.562432757704341384e+02 5.548517497637814131e+02 5.692521768268330788e+02 5.925300523358475857e+02 6.062056149645743517e+02 6.052257022754934042e+02 5.914452128408530598e+02 5.877637894957640583e+02 5.970160846937935730e+02 6.166204445119262800e+02 6.209129581324847322e+02 5.978705253939350541e+02 5.558123502367533320e+02 5.163316731785248521e+02 5.308593808117943809e+02 5.529097982753823999e+02 6.111942240334892631e+02 6.414702505178804586e+02 6.211033055234813673e+02 6.360459432218758593e+02 6.409431980999193001e+02 5.895683297211163563e+02
9.909489495779951872e-04 5.527503855562976298e+01 6.772403599629787152e+01 9.930480520322589655e+01 1.336037745462298290e+02 1.708636208785093800e+02 2.124513881180849069e+02 2.597362357507160482e+02 3.146848305838205420e+02 3.784282189888278936e+02 4.504772838309856979e+02 5.246865009077837385e+02 5.525333652632998565e+02 5.323808080312422817e+02 4.948072762015845569e+02 4.888048725344480090e+02 4.891512417826330648e+02 5.230561532529480928e+02 5.691529986021009790e+02 5.969841322529414356e+02 5.940287291110705610e+02 5.852593301565043475e+02 5.839987429965157162e+02 5.917415189737333776e+02 6.147532705976022953e+02 6.377061314410386785e+02 6.385818254300344279e+02 6.173085642766424144e+02 5.855650166686372131e+02 5.981902528583385674e+02 6.166554089770024802e+02 6.561497506645551994e+02 6.957483426149481147e+02 6.898659293630832963e+02 6.949102619713047488e+02 6.865636892876921138e+02 6.397834783747182428e+02
7.446615011087333704e-04 5.966899633083783527e+01 1.126399549781527440e+02 1.542782219202330225e+02 1.941755116837414619e+02 2.286161885426921003e+02 2.702583806961244477e+02 3.156061977541119745e+02 3.656219400478647117e+02 4.266928136271911853e+02 4.802103355792037291e+02 5.214859746189406451e+02 5.180299565080042612e+02 4.726765030794808808e+02 4.251515669227178478e+02 4.166228707922857097e+02 4.194042497427363969e+02 4.690792611264346874e+02 5.204211445643965135e+02 5.517418110263687367e+02 5.331215090719472300e+02 5.212888789675589578e+02 5.205673265183157810e+02 5.252053676551668104e+02 5.618770962600448229e+02 6.103441589856832934e+02 6.419897302759998183e+02 6.487116617434601267e+02 6.419073838039049633e+02 6.547774579547229905e+02 6.771262390303817256e+02 7.080501884051354864e+02 7.378215795635074983e+02 7.449426471155737772e+02 7.440423976829289359e+02 7.271115327307628604e+02 6.954203442456290531e+02
1.012335675538303306e-03 4.762500417005035303e+01 9.921640259502518688e+01 1.535174534042132848e+02 2.114434146446668592e+02 2.717841724897240283e+02 3.234601900347473702e+02 3.714435064319187632e+02 4.141091585565459354e+02 4.514569479120557389e+02 4.802267199716771415e+02 4.885397240572333430e+02 4.737772959074212622e+02 4.245585574017568433e+02 3.652881544920592773e+02 3.512895240972302986e+02 3.619187123148093406e+02 4.225839162174975172e+02 4.874244242816533301e+02 5.010063156628882552e+02 4.640282404031784154e+02 4.500428564506599400e+02 4.514825982110043014e+02 4.569034916236948902e+02 5.071758935763063505e+02 5.609343647276449474e+02 6.063989114107863543e+02 6.102756326970159080e+02 6.126574135658897831e+02 6.366388003573248398e+02 6.698619026355801225e+02 7.082522396863216727e+02 7.398661687164496925e+02 7.415707725881654824e+02 7.343331627642161266e+02 7.274480073401596201e+02 7.209244506530378658e+02
6.267355589466023363e-04 4.122932989974576401e+01 8.779960902014235558e+01 1.403249554647622972e+02 1.995247833630658647e+02 2.648875305550684516e+02 3.315711423218221512e+02 3.903812983547043700e+02 4.227202308614134267e+02 4.260841846823913670e+02 4.284029359714671727e+02 4.242838051654931633e+02 4.173479716311088623e+02 3.752419876873537987e+02 3.311439668933620624e+02 2.908585534651174953e+02 3.281722776710434459e+02 3.936517872082413305e+02 4.546454831315957108e+02 4.553361551714732514e+02 4.040753644239998721e+02 3.851336868654973387e+02 3.904826548672411946e+02 4.012481557264955541e+02 4.603728672108335900e+02 5.209509746427174832e+02 5.498366321830916377e+02 5.325747225244587071e+02 5.288636933553524386e+02 5.649355759856622399e+02 6.102485948951150476e+02 6.616441474421319526e+02 6.994550206800508931e+02 6.823830825422197677e+02 6.689285408592146496e+02 6.662795766181860699e+02 6.831045483548050470e+02
3.170922192848684134e-04 4.294578000264174733e+01 9.128075984106116891e+01 1.463249982958767816e+02 2.087437720502018408e+02 2.763180153707363047e+02 3.392139267538667013e+02 3.749245545285041885e+02 3.815948381204183875e+02 3.566545298673636921e+02 3.657958310559204733e+02 3.562128479109163663e+02 3.527613685513601354e+02 3.158341354842427791e+02 2.823973900547009066e+02 2.544892506968256498e+02 3.203228959070543169e+02 3.876584248023182795e+02 4.233720760675167298e+02 4.077550858699535183e+02 3.667327811923077547e+02 3.263194319191783848e+02 3.375020457505070226e+02 4.034871365616688763e+02 4.631605112465358616e+02 4.920936505525916118e+02 4.878721484393844889e+02 4.533352698357516601e+02 4.506933730048475581e+02 4.956933468865339592e+02 5.549095069172000194e+02 6.274728948462625340e+02 6.497795740781753011e+02 6.125217734387463224e+02 5.945558721874607500e+02 5.900717059828456286e+02 6.061610998294422643e+02
8.199519982150405440e-04 4.696918453590568276e+01 1.000334595841472378e+02 1.599385842561714810e+02 2.249062204574483985e+02 2.858513385708297392e+02 3.189845984616185888e+02 3.209917865424654906e+02 3.247228347905087844e+02 2.863618999134544083e+02 3.185086237720266809e+02 2.936402312855112768e+02 2.827876394741328454e+02 2.470253219414631474e+02 2.248961365929038436e+02 2.248961365995704966e+02 3.018118027905752001e+02 3.631192032050801117e+02 3.781263619536455280e+02 3.438444874971158924e+02 3.077634250843642576e+02 2.832250726761630517e+02 3.464893593151522850e+02 4.075380395869674999e+02 4.423552179297129214e+02 4.363704702169484335e+02 4.163858079585940573e+02 3.883388410052277209e+02 3.914874094168463898e+02 4.480280784071717335e+02 5.221119645438966472e+02 5.941949633513879689e+02 6.078155706962573959e+02 5.519782185594934845e+02 5.274920571455535310e+02 5.198728660413328271e+02 5.339917139427866459e+02
6.973477946781249165e-04 5.233966348502675459e+01 1.110491833286683487e+02 1.741422773221691784e+02 2.328874112731627122e+02 2.636079908304034234e+02 2.624390965124231911e+02 2.552301378009746600e+02 2.612196932381964984e+02 2.303618491351717807e+02 2.727013024078534613e+02 2.553540827252274141e+02 2.043657636904335959e+02 1.884711218226571816e+02 2.491794712736372048e+02 2.787172684761943060e+02 3.088468298652373392e+02 3.257851331325903175e+02 3.240762933390015519e+02 2.917184556411322092e+02 2.365866433359288408e+02 2.959622585176524012e+02 3.488088422074916366e+02 3.892666321937095404e+02 3.957797074788092004e+02 3.845129955382481057e+02 3.511997621038497641e+02 3.334740935524728229e+02 3.869181788239345110e+02 4.553698473805994809e+02 5.248037147130720541e+02 5.675620752561094378e+02 5.698439932243595649e+02 5.251956207023819161e+02 4.695138735619459567e+02 4.593920311262723999e+02 4.755175450554150416e+02
2.601217420032892001e-04 5.826870763807029618e+01 1.202958483612212888e+02 1.769899392934177058e+02 2.062114246378879443e+02 2.043789059349905699e+02 1.963639793783316918e+02 1.911997511312326310e+02 1.894330962523475534e+02 1.818287914641750547e+02 2.322254911402963558e+02 2.153167277835670461e+02 1.485473101620228249e+02 2.049690786416216213e+02 2.402319190629820582e+02 2.568080792665099921e+02 2.652828728249390338e+02 2.593518954657464519e+02 2.552254265468149299e+02 2.390939667657502810e+02 2.019596838567997281e+02 2.654523315742840737e+02 3.127991370058450684e+02 3.495942057558157217e+02 3.481243767967726512e+02 3.188539675618346223e+02 3.008191942764236728e+02 3.008191942830903258e+02 3.792556230987607364e+02 4.525294114180484826e+02 4.990084023105754341e+02 5.109304052805167089e+02 5.171117468295816479e+02 4.854189957518116785e+02 4.440380534088898230e+02 4.061386110540559571e+02 4.450119059083972388e+02
6.625584866388835358e-04 6.188771537714975324e+01 1.174351867077590299e+02 1.450317286844475859e+02 1.476526675460527827e+02 1.380875850445748085e+02 1.353255515851097641e+02 1.366991801869086771e+02 1.174399234413106115e+02 1.662735764839334536e+02 1.853486674267854823e+02 1.791221334708386053e+02 1.226551076105028812e+02 1.776671094321510793e+02 1.775775925358240102e+02 1.855498894678284501e+02 1.916711337677907920e+02 1.905538863481076532e+02 1.937593039546764544e+02 1.603039555380863419e+02 2.063662797306983521e+02 2.267476440006932989e+02 2.735235693637465602e+02 2.937901547587842401e+02 2.857102338199172777e+02 2.649095086751669328e+02 3.223862169362400891e+02 3.571182364691434827e+02 3.967092718069204693e+02 4.331171537467668031e+02 4.415111705970699632e+02 4.468389325508516663e+02 4.525335569164465142e+02 4.356905393812225498e+02 4.013146930398829682e+02 3.741544705252582617e+02 4.268086412035833632e+02
