output/field_example_test_lateral/elevation_000086.asc
nrows	150
cellsize	66.66666667
xllcorner	0
ncols	150
yllcorner	0
NODATA_value	-9999
[rows 51 to 67 of 150, columns 111 to 147 of 150]
5.561145197721996283e+02 5.073889947963668305e+02 4.902093036575578822e+02 4.573479675529537758e+02 4.149099722044157375e+02 3.564827576230048294e+02 3.200878562482820939e+02 3.384913357885179153e+02 3.010993293144152858e+02 3.093960262652117876e+02 3.603937920642727590e+02 3.509651901451155709e+02 3.882037355374478693e+02 4.202913130879672963e+02 4.322506279397728122e+02 4.307948042552962420e+02 3.997105923010420838e+02 4.282090143772183524e+02 3.925312132635915532e+02 4.447379261874351641e+02 4.505538108744212877e+02 4.452443227043589786e+02 4.929872540362005680e+02 5.312963515043404641e+02 5.413323149107847030e+02 5.243668773494507604e+02 4.836875017970555746e+02 5.442724411231356498e+02 5.890256624371269254e+02 6.477973229487768094e+02 6.907833460261530263e+02 7.320141254078813517e+02 7.740951728090499273e+02 8.169658366744891964e+02 8.664076106833914537e+02 9.077516711026325993e+02 9.486592155309375585e+02
6.015604755746066985e+02 5.624263055145671615e+02 5.323546398778364619e+02 4.830274524473184670e+02 4.194805277239341876e+02 3.936698487935325943e+02 3.445415739505169768e+02 3.760247003597735898e+02 3.539324305783302975e+02 3.637889808642719913e+02 3.208946456132460412e+02 3.262624978782931180e+02 3.494505849412261682e+02 3.832461487927258759e+02 3.541430420832967343e+02 3.615599326362117267e+02 3.684533854463905413e+02 3.760751167595386733e+02 3.820341670650581705e+02 3.901487177483150504e+02 4.096584160546797762e+02 4.461839004734774221e+02 4.563218929844836680e+02 4.857207322035463903e+02 4.948934144098390107e+02 4.622440481206558047e+02 5.300998874147632023e+02 5.882043106886765145e+02 6.415867572645629480e+02 6.910664591372260475e+02 7.380354752531595750e+02 7.804688495175900016e+02 8.209057035924197407e+02 8.587547276041667601e+02 8.924626479989866539e+02 9.191959741804317900e+02 9.522391531072626094e+02
6.429290158039558492e+02 6.002493754344238823e+02 5.434941023664799786e+02 4.885970983115456647e+02 4.583011596173737985e+02 4.044074492488921919e+02 3.766278241692537563e+02 4.189392675470232348e+02 4.070080746080424206e+02 4.101561355021214013e+02 3.880078181536518969e+02 3.437387827539898240e+02 3.357461789646198440e+02 3.429792142620097479e+02 3.737096672400677448e+02 4.016497848039843461e+02 4.244050196869741853e+02 4.360956324616558959e+02 4.218018210635883634e+02 4.437196611495450611e+02 4.027964265074486434e+02 4.102160237976546568e+02 4.166656965369191994e+02 4.265123034103555710e+02 4.382419362962480704e+02 4.984815708473943232e+02 5.443539390816547439e+02 6.026214472248600487e+02 6.585194032718421795e+02 7.029496058695305010e+02 7.427607979204295816e+02 7.825447454432321592e+02 8.208825149204917579e+02 8.508393766667073805e+02 8.613446567740697901e+02 8.625873766469267139e+02 9.011763549514442957e+02
6.625626202765341759e+02 6.363490461436909982e+02 5.833006474259249217e+02 5.316631042467622592e+02 4.737560585831035382e+02 4.283047421878355863e+02 4.480140859813981251e+02 4.668055652472955899e+02 4.659829802173644566e+02 4.712733801866525027e+02 4.307787332124298700e+02 3.721133236865435947e+02 4.155292114630286164e+02 4.102338821636489001e+02 3.768975037012252756e+02 4.314126326226412402e+02 4.677831793761159247e+02 4.911142360471488928e+02 4.936177700901306480e+02 5.007259844807167610e+02 4.879828440935133926e+02 4.697216690600477023e+02 4.394543767046861262e+02 4.295052484563188955e+02 4.395998998930009520e+02 4.998344180534624570e+02 5.491247873186709967e+02 5.949412117080183862e+02 6.322131280697765305e+02 6.651522104767384462e+02 6.990258967398892764e+02 7.379672360442734771e+02 7.749752949851165340e+02 7.980004607175934552e+02 7.929677356043648615e+02 7.941250700486885989e+02 8.516726581599200472e+02
6.506389813277805843e+02 6.568027513097296151e+02 6.257807163526898648e+02 5.701959557812645016e+02 5.098475552838816043e+02 4.968166288281339007e+02 4.868948862083053086e+02 5.295756600208767395e+02 5.298494502954379186e+02 5.218781447457680542e+02 4.701029150689175253e+02 4.080217240589248036e+02 4.631101212667734330e+02 4.590832535069836240e+02 4.042850919111658641e+02 4.501546565682824053e+02 4.831626138893395250e+02 5.214848539175363840e+02 5.554821472647890914e+02 5.595083299811728921e+02 5.328494683557247527e+02 4.826238353045155236e+02 5.016246062289330325e+02 4.978703324276672788e+02 5.033267253534167480e+02 4.606851013511744100e+02 5.166320584909298077e+02 5.585693759426850420e+02 6.013568681323885130e+02 6.170758520225627990e+02 6.442913746619774429e+02 6.834346921502161649e+02 7.290903071809708536e+02 7.316716424893774047e+02 7.216114475407989630e+02 7.843297275187154582e+02 8.542797415923174640e+02
6.148022227748679143e+02 6.470924756465889232e+02 6.504385013584295621e+02 6.195959941220866085e+02 5.728734427669297702e+02 5.694549229194479949e+02 5.384340081410077801e+02 5.842985080296160731e+02 5.909240993133807933e+02 5.618798248205583832e+02 5.089850797338037864e+02 4.491629726380270426e+02 5.070639241083150068e+02 5.073238724002194431e+02 4.669629934207944189e+02 4.355739530291369874e+02 4.355739530358036404e+02 5.077298064829014947e+02 5.749852985848347089e+02 5.836645527365288899e+02 5.276305816371167339e+02 5.411698814164228679e+02 5.678870385790572755e+02 5.620183065318816489e+02 5.608285161286311222e+02 5.228351320040367227e+02 4.817565555090459384e+02 5.352634143639186277e+02 5.563118898479015115e+02 5.968293007202805711e+02 5.592708414634209930e+02 6.363435311647533581e+02 6.732042475161002812e+02 6.758101581950046466e+02 6.827615687565628377e+02 7.631898570346367023e+02 8.197814387183245799e+02
5.568238003314397702e+02 6.111262077771751819e+02 6.479631283167562970e+02 6.572702077460013470e+02 6.396130104562632823e+02 6.357763306559808143e+02 6.005310700637860464e+02 6.357783542379172559e+02 6.323831538200450950e+02 5.738053888395189688e+02 5.084666412410247744e+02 5.149448695852670426e+02 5.599812304653211186e+02 5.630115369023552603e+02 5.202047262423761822e+02 4.668373680533387642e+02 5.037185431837314695e+02 5.472613699440398705e+02 6.068087676549904472e+02 6.145211053682866122e+02 5.614417799449573749e+02 5.974761744578497655e+02 6.250347279401883043e+02 6.249390249785197966e+02 6.183131413232698605e+02 5.754540210946091747e+02 5.346482110833030674e+02 5.009613744030622797e+02 5.433437890528957723e+02 5.721659842748329083e+02 5.592708414567542832e+02 5.834494792646136148e+02 6.093773368066448484e+02 6.364217183205942092e+02 6.734414675786300677e+02 7.210106107330258283e+02 7.777776074977231247e+02
5.005121555885573912e+02 5.565149899363790382e+02 6.188273102718610517e+02 6.637295749611869269e+02 6.880148573404701438e+02 6.905925824921381491e+02 6.732029236467651572e+02 6.834272363949571627e+02 6.708052618575811721e+02 6.129771591885991029e+02 5.549041289483512855e+02 5.851049266231950696e+02 6.205603077173706197e+02 6.177383982841055285e+02 5.675880148201315478e+02 5.134106242622569880e+02 5.264159417317450789e+02 5.924507020028544275e+02 6.482795128160765898e+02 6.574240057812020268e+02 6.187108998807839271e+02 6.100421803338632571e+02 6.618397664839316121e+02 6.856831008005576678e+02 6.725023403276580893e+02 6.249938115458188577e+02 5.774906087157598904e+02 5.419720666838912848e+02 5.192407773276315766e+02 5.329019409764997590e+02 5.818707425000173998e+02 6.230507322979611899e+02 6.600413039067080945e+02 6.969181182368843110e+02 7.308303321960119092e+02 7.747534197037937247e+02 8.238869102565079174e+02
4.447854924061953739e+02 5.078511174206589658e+02 5.715740651614082708e+02 6.367188394859616665e+02 6.819939103205582569e+02 7.131472933564234609e+02 7.254042512515034105e+02 7.325458916745094484e+02 7.117489165265079691e+02 6.611136737868438331e+02 6.129042939020183667e+02 6.489690882829881957e+02 6.811124736937802027e+02 6.712151466423027841e+02 6.200363164310207367e+02 5.695204149830590268e+02 5.772572080659049334e+02 6.356492454987640031e+02 6.942953717253740251e+02 7.094924209095775041e+02 6.802090610935651966e+02 6.499837293448467790e+02 7.013395678373275359e+02 7.356077551688575795e+02 7.216367531294476976e+02 6.697866766375672114e+02 6.163099792287908940e+02 5.676650586659430928e+02 5.933875335166526384e+02 5.955697733959391371e+02 5.591887099531600143e+02 6.047356050992203791e+02 6.564350123075863621e+02 7.113417830635189603e+02 7.703126444605400138e+02 8.223357484303295450e+02 8.700404179818764305e+02
4.008452501551795422e+02 4.630444839387730553e+02 5.310911694602658599e+02 5.877126680489611772e+02 6.365106436443314806e+02 6.836470580433893929e+02 7.129487318487402945e+02 7.371302125228638715e+02 7.411883560835319713e+02 7.185814845214644038e+02 6.830936376152661751e+02 7.098096922014044594e+02 7.367034474021207870e+02 7.232686814099944286e+02 6.780350773974569165e+02 6.374430607072675912e+02 6.397068143729748044e+02 6.885244381494633217e+02 7.418022954087139169e+02 7.622324428090239508e+02 7.372483913303060490e+02 7.057749927526241436e+02 7.214813191994903718e+02 7.738667172641094112e+02 7.667674340740625212e+02 7.137785048067457865e+02 6.561706830099086574e+02 6.098904913467493998e+02 6.530713643102947117e+02 6.519348253677692355e+02 6.174233258105859932e+02 5.844611556033055422e+02 6.494865729904587397e+02 7.003182170639940978e+02 7.622620554567359932e+02 8.237581219056273767e+02 8.722993535658853261e+02
4.252067200534561948e+02 4.646494306841469211e+02 4.930505063227790856e+02 5.361389078783839750e+02 5.885574225107068287e+02 6.169462774906145341e+02 6.523289784606414514e+02 6.987698040453478825e+02 7.332336298057238082e+02 7.532429587560503705e+02 7.530809377271544918e+02 7.683522736901667258e+02 7.777882002868959717e+02 7.646250718556902939e+02 7.399104497668630529e+02 7.109748098633143627e+02 7.092552121888996908e+02 7.497058377702006737e+02 7.850180441647627276e+02 8.072161083474063616e+02 7.966025060536278488e+02 7.691868578051529539e+02 7.759735152743187427e+02 8.157227939578478981e+02 8.137119766328073638e+02 7.624219157134150464e+02 7.066141056517196830e+02 6.632579768941735665e+02 7.037629349730910917e+02 7.008158807063533686e+02 6.628859297062747373e+02 6.045990726432371503e+02 6.196227703087358805e+02 6.887763492861373607e+02 7.448276054922590674e+02 7.856368339265295617e+02 8.242842487618053156e+02
4.051741982795066406e+02 4.121404818053604231e+02 4.441396147095202309e+02 4.959694761286552875e+02 5.500354796786884890e+02 5.421795604554174588e+02 5.859841438362499275e+02 6.337381545842121113e+02 6.892854680082257346e+02 7.315010337500738160e+02 7.631520714925444508e+02 7.746105848160987080e+02 7.645959784921903974e+02 7.572383805337069589e+02 7.616980836655998246e+02 7.595893529617227387e+02 7.627486069085324516e+02 7.797683149551244242e+02 7.928711998167707407e+02 8.163562452159384293e+02 8.322564047783446313e+02 8.308364833025748339e+02 8.359594755302427984e+02 8.649686994389193160e+02 8.643299540172831712e+02 8.196389836672800584e+02 7.726187378567652786e+02 7.299824823057754202e+02 7.523398382694251723e+02 7.324187902318014949e+02 6.799858256012100810e+02 6.297769148557757717e+02 6.656359046344164199e+02 6.576341892884973959e+02 6.958114792306212166e+02 7.419808310866769716e+02 8.056678530638631628e+02
3.607296203724783936e+02 3.625451852862730107e+02 4.083294120171230475e+02 4.695995227157059162e+02 5.058782525022282357e+02 4.763250963796425594e+02 5.188616874128164227e+02 5.712511174583293041e+02 6.227609763229321516e+02 6.760579265029780345e+02 7.283997012225178196e+02 7.309903639776215414e+02 6.965240259879207088e+02 6.872673058133614177e+02 7.139661621843162038e+02 7.228299356294739937e+02 7.289322076009046896e+02 7.338144123163531276e+02 7.292327129103629204e+02 7.722893913332693501e+02 8.094361605905634178e+02 8.425746097306999900e+02 8.750581128560660318e+02 9.035665172166926595e+02 9.107316921842876809e+02 8.862201033982740910e+02 8.406250575015041022e+02 8.044715584106512551e+02 7.888267267010583055e+02 7.337416378130885732e+02 6.712543607836424826e+02 6.877201070921621522e+02 6.899526316889429154e+02 7.131409787363056694e+02 6.996044398445496881e+02 7.483855636740914861e+02 8.067344090546750977e+02
3.010472913622061242e+02 3.388202993177021654e+02 3.997084742738016985e+02 4.545767649122655598e+02 4.642316822998660086e+02 4.202689702177235063e+02 4.634721577091538052e+02 5.088703103472141720e+02 5.613313092422414456e+02 6.298001290178302725e+02 6.873551288318664092e+02 6.785313691543025243e+02 6.279732537000784305e+02 6.149580711916705695e+02 6.393656024636520669e+02 6.459807535906796829e+02 6.520290761447655541e+02 6.554486720713920249e+02 6.541894781379915003e+02 7.014363176184598387e+02 7.490200458318705614e+02 7.982101800070018953e+02 8.507859247588689868e+02 8.931200858358896539e+02 9.262817784518481403e+02 9.300394506065026690e+02 9.043129252202990074e+02 8.614811726271650514e+02 8.010189657190638854e+02 7.356929660197367866e+02 7.025165045638647143e+02 7.461491291612352370e+02 7.471346747928466812e+02 7.513946459621500935e+02 7.464377777108479677e+02 7.514213266471832640e+02 8.102390760881341976e+02
2.813862913174257869e+02 3.407489565786372623e+02 3.890731155084615693e+02 4.218387853738961439e+02 4.183756923671995196e+02 3.744091689586798566e+02 4.144549273215263838e+02 4.533151673468449872e+02 5.190328113368178720e+02 5.964449163354383927e+02 6.488220597607302125e+02 6.306389980818300955e+02 5.698213188968181839e+02 5.508471484901289159e+02 5.725155717961717983e+02 5.713244094963946509e+02 5.774825993874457026e+02 5.818705034452740392e+02 5.902807586792182519e+02 6.389767759014246167e+02 6.854817932172624069e+02 7.401054628180520467e+02 7.917078124671585329e+02 8.433907496866457905e+02 9.007369701962580848e+02 9.371097196786432733e+02 9.334042005597508478e+02 8.777189611321800840e+02 8.145646334540249427e+02 7.612756079820902642e+02 7.450678073669477044e+02 7.959558095687015111e+02 8.089495209647164984e+02 8.035873840619394741e+02 8.000903693615114207e+02 8.047776856989576117e+02 8.176816458682448001e+02
2.905035944500289133e+02 3.151392668186869628e+02 3.419312551387926646e+02 3.611211343978955597e+02 3.033788082391386070e+02 3.387153868893477693e+02 3.809048152501890172e+02 4.486236674613609807e+02 5.242952504195965275e+02 5.889352299745996788e+02 6.030215463777414016e+02 5.708929117084126119e+02 5.386945137782525990e+02 4.946187631916040459e+02 5.269918412914071268e+02 5.065184005646976857e+02 5.150115237816401077e+02 5.187359475866513776e+02 5.502069992929508544e+02 5.828245832094745538e+02 6.276901871196273532e+02 6.808775366868003402e+02 7.332256734088011854e+02 7.922493297214693939e+02 8.528614184716791442e+02 9.167763220143799572e+02 9.464064218649448321e+02 9.188828238158383783e+02 8.635830286945675880e+02 8.094059907591760066e+02 7.951272900413748630e+02 8.412017886427090616e+02 8.750885949165711963e+02 8.652918335594467862e+02 8.619765175777234845e+02 8.654559860018172230e+02 8.722300978627896484e+02
2.648716245690662277e+02 2.777060933532882245e+02 2.918518416590959532e+02 2.827550353689944131e+02 3.028109676522535096e+02 3.599616597419186519e+02 4.270383890124612094e+02 4.882860526834573989e+02 5.412438474966580770e+02 5.664022648866944110e+02 5.472622973038854752e+02 4.988460707809737187e+02 5.011744887896522300e+02 4.550879250026937939e+02 4.766839547545112055e+02 4.454430723437027382e+02 4.635673127897434824e+02 4.828854883194355239e+02 5.032138376383032892e+02 5.262270981870817650e+02 5.833293694576161670e+02 6.348988574054737910e+02 6.839624786802645531e+02 7.402132575773972576e+02 8.110711231230262683e+02 8.865660341370692095e+02 9.382345161600101164e+02 9.503275644314182955e+02 9.200789000059969567e+02 8.677743755184197880e+02 8.568159092711880476e+02 8.975676133250111661e+02 9.350706483037142789e+02 9.319426983747691793e+02 9.297225927889463719e+02 9.325908857265859524e+02 9.382532247439049797e+02
