output/field_example_test_lateral/elevation_000003.asc
nrows	150
cellsize	66.66666667
xllcorner	0
ncols	150
yllcorner	0
NODATA_value	-9999
[rows 119 to 135 of 150, columns 111 to 147 of 150]
7.424052233160372225e+02 7.426286723233598650e+02 7.394401843597642028e+02 7.324109916853392406e+02 7.230866634235801484e+02 7.095074652430254218e+02 6.939469497310051338e+02 6.750091892155072628e+02 6.954860484846446980e+02 7.138803420214712787e+02 7.261199844573363862e+02 7.224701622627430879e+02 7.070491637869731676e+02 6.888161510292992489e+02 6.718840469495033858e+02 6.580208634265934506e+02 6.393002951517213432e+02 6.225208629347068836e+02 6.056431988631312606e+02 6.275402337140910731e+02 6.666337777297482035e+02 6.960625913370424769e+02 7.122238446718212117e+02 7.235410366617189766e+02 7.322392812896489431e+02 7.388345055332534912e+02 7.435193954430582153e+02 7.462098952011386928e+02 7.458026224117774063e+02 7.421634114652495100e+02 7.359431873221473097e+02 7.259654583695059955e+02 7.107908208984545126e+02 6.908226497854928994e+02 7.124509666335300153e+02 7.260513968791509569e+02 7.352372368077178635e+02
7.418710817605953025e+02 7.427185861255545660e+02 7.419729084344752437e+02 7.385029119921142637e+02 7.309976885469264971e+02 7.213098775222696304e+02 7.079999224737484838e+02 6.936383388255954969e+02 7.093357614142030343e+02 7.232341651094908457e+02 7.322380070224278370e+02 7.287188703784926247e+02 7.165592460187908728e+02 7.029909095937583743e+02 6.917707390218347427e+02 6.788860114115477700e+02 6.645772271979049037e+02 6.474855591120177678e+02 6.194118806648275495e+02 6.501969173643325348e+02 6.572145335252746463e+02 6.770281687741868382e+02 6.950796416133927096e+02 7.105768969856685544e+02 7.233283246695007165e+02 7.333418764627710971e+02 7.407836606433766065e+02 7.457661797652377800e+02 7.468569069059454932e+02 7.444878696090131598e+02 7.393429157708608273e+02 7.302922976741831462e+02 7.170245482925599845e+02 6.993110792963116182e+02 7.217648705282349511e+02 7.323842065491746780e+02 7.394311319663881932e+02
7.370513834247204841e+02 7.384015669305239271e+02 7.409011859775213225e+02 7.413189978289842657e+02 7.378056904736870365e+02 7.302957154796690702e+02 7.212985806977922039e+02 7.112452503607779590e+02 7.222952460095061724e+02 7.317680381671485748e+02 7.375453242361248840e+02 7.339996486284117054e+02 7.251907422357090809e+02 7.174400749716186283e+02 7.090009516116793975e+02 6.988875514107583058e+02 6.858677978625240712e+02 6.670633693165075329e+02 6.518836946472220006e+02 6.389912526455125317e+02 6.775560071892906535e+02 6.998667789240741968e+02 7.137887867772876689e+02 7.243092646855363910e+02 7.325701798003600516e+02 7.387190351819764373e+02 7.432308797207123234e+02 7.462481007119149581e+02 7.475319085063359807e+02 7.461148181318282013e+02 7.417489137747959376e+02 7.342993267985488046e+02 7.233482720324268485e+02 7.073202080642668079e+02 7.259301637559088931e+02 7.367235739039504097e+02 7.427294771038768886e+02
7.291596370123867246e+02 7.314376362902578421e+02 7.375343859328362441e+02 7.414659169058741099e+02 7.415275210766353666e+02 7.378877222362788189e+02 7.321641734083236770e+02 7.268924984645540235e+02 7.322795874212258695e+02 7.386848112440688965e+02 7.417605890211217456e+02 7.386224038206543128e+02 7.343111767308316757e+02 7.294655310448295040e+02 7.234609725995271674e+02 7.151354590655624861e+02 7.026130113053906143e+02 6.903441502431307981e+02 6.765796335963398178e+02 6.523261618050748893e+02 6.851164552066555871e+02 7.070684145196380541e+02 7.194506047043048511e+02 7.280673308005466424e+02 7.350188589054990871e+02 7.392377889017416237e+02 7.426484556788263944e+02 7.451800044987867295e+02 7.471628719205898506e+02 7.469953994213684609e+02 7.438698893280032962e+02 7.383161617910217274e+02 7.293222823246317148e+02 7.175150346156526666e+02 7.190649042730389056e+02 7.344795125530796440e+02 7.417677770576826788e+02
7.186213364597844020e+02 7.243927886258221633e+02 7.333236999410884209e+02 7.401969170004995249e+02 7.433561583778554223e+02 7.424265140976724524e+02 7.401375058877730453e+02 7.381760201500246694e+02 7.395993103801554298e+02 7.422162972561982315e+02 7.441639955034814875e+02 7.429624376050925321e+02 7.406600171255741998e+02 7.377892850949993999e+02 7.338778177224463661e+02 7.265739491272371424e+02 7.186931681164902557e+02 7.087448266975951583e+02 6.931864324424253709e+02 6.784732777351171080e+02 6.717170521121026923e+02 6.995065664007629493e+02 7.038491232045695369e+02 7.210922054985495606e+02 7.267092638050179403e+02 7.329715205886028571e+02 7.383610104056563159e+02 7.429752303605580437e+02 7.466405368836527714e+02 7.476687838363811807e+02 7.458666629636333028e+02 7.416427103404375885e+02 7.350132348921355288e+02 7.268839623651941793e+02 7.329384652067313937e+02 7.283476207849151933e+02 7.370835397308126176e+02
7.080452040313192583e+02 7.222011481402360005e+02 7.327480070553654059e+02 7.386414067461302011e+02 7.426889151454745388e+02 7.425166768975060450e+02 7.405118201309880988e+02 7.381587330746091311e+02 7.366340314341240401e+02 7.390876353563490966e+02 7.418522209642278540e+02 7.421074938271289057e+02 7.400599927458360980e+02 7.384249827077379678e+02 7.381190402298069557e+02 7.354273139238000567e+02 7.306479564949554515e+02 7.212727725214582506e+02 7.098286209591177567e+02 7.066262609047221304e+02 6.967857399765915716e+02 6.886070946649043663e+02 7.117179690225864306e+02 7.159306454312849155e+02 7.259696973471989168e+02 7.345348758965941443e+02 7.405423775937460960e+02 7.442578254941898876e+02 7.468081444036479297e+02 7.482317409055483495e+02 7.472643977697952096e+02 7.443005136337922067e+02 7.399397779126088608e+02 7.347886388085286171e+02 7.395977168765946317e+02 7.336835729363323253e+02 7.404215683906527374e+02
7.065748352938740027e+02 7.197055895219642707e+02 7.298982409611237472e+02 7.378082082497172678e+02 7.400963256954422604e+02 7.378164748406495619e+02 7.326879012573199361e+02 7.277709481915584320e+02 7.223758320843594447e+02 7.291583886188379893e+02 7.365603260121133644e+02 7.373181240213864385e+02 7.310853168252563137e+02 7.285007963448182409e+02 7.331271336703501902e+02 7.366042826595675024e+02 7.365551267557518713e+02 7.324801181681904154e+02 7.263349601488210965e+02 7.218740830836194391e+02 7.150263929708665955e+02 7.046953686628569358e+02 7.171205524218040637e+02 7.272271266585710237e+02 7.327264851000574026e+02 7.383190844860916968e+02 7.426788473697596373e+02 7.455710036083322620e+02 7.475500465406606736e+02 7.486776000427061035e+02 7.482315365433397574e+02 7.464252136152305184e+02 7.438273359278464341e+02 7.408421650730111878e+02 7.433729044560018338e+02 7.382130308535057566e+02 7.431285942174208685e+02
7.193565577538602156e+02 7.269930827858105431e+02 7.331472600970971598e+02 7.371134083982985885e+02 7.354963559847161605e+02 7.279410327143932591e+02 7.198518973183374783e+02 7.108400798620347132e+02 7.033457857421310564e+02 7.174889923691904414e+02 7.298207898251222332e+02 7.306438821222886872e+02 7.207891826592033340e+02 7.103890307065100842e+02 7.209506193496753212e+02 7.309457789091122777e+02 7.366452374745413181e+02 7.384944629137602305e+02 7.367949415919231342e+02 7.331453867087511753e+02 7.269120702831403378e+02 7.194993098663946967e+02 7.274483623723396022e+02 7.342296354699903986e+02 7.390863493384138110e+02 7.423706042616929608e+02 7.450432751616542646e+02 7.469772862183015150e+02 7.482504862095356657e+02 7.490754292243905184e+02 7.489521854659727751e+02 7.479986802646494652e+02 7.467820402371978616e+02 7.450380616567844072e+02 7.458056199204492032e+02 7.418877028239445508e+02 7.452947558688485969e+02
7.211140043888999571e+02 7.203938508839538599e+02 7.242511516223204353e+02 7.307926099779773494e+02 7.286098292518545350e+02 7.156917655152051339e+02 7.001543346048948706e+02 6.855728242385239355e+02 6.829770767911635403e+02 7.047513576358276168e+02 7.223863786487128209e+02 7.222475775510190488e+02 7.076095697052413698e+02 6.900211989377125974e+02 7.066224344629315510e+02 7.198625396221323172e+02 7.316107408226935149e+02 7.377888896458254067e+02 7.402325025334902193e+02 7.391939607997680923e+02 7.363016114341412504e+02 7.315583682936043033e+02 7.363179622563841349e+02 7.403993954441006053e+02 7.434328604902406141e+02 7.455399874177493302e+02 7.470452165867395706e+02 7.481629318007060192e+02 7.489233180266010095e+02 7.493783223134705622e+02 7.494305361659554592e+02 7.491170996301358400e+02 7.484455263354165027e+02 7.476705744821679218e+02 7.474469165885160464e+02 7.447380671621363035e+02 7.469500280310212474e+02
7.064011095412130317e+02 6.932664164147763586e+02 7.065349346904412187e+02 7.198152923306942057e+02 7.199666053652185838e+02 7.024153109695496369e+02 6.789427807949778071e+02 6.562293510089452866e+02 6.613120973271297771e+02 6.929395272076836818e+02 7.147917795881003258e+02 7.117781766163351449e+02 6.923509891028456877e+02 6.679503072165869071e+02 6.882256600677903862e+02 7.076782488447910282e+02 7.230312929765976833e+02 7.306426120799723094e+02 7.357835643782105990e+02 7.389391394316065771e+02 7.400647286455367748e+02 7.389380879541979539e+02 7.405939584549851133e+02 7.425657297525571039e+02 7.443311509134874768e+02 7.458830705511097676e+02 7.471505212751077352e+02 7.481992767302240281e+02 7.489506242959723750e+02 7.493749030581581110e+02 7.495873243641531189e+02 7.495767092098815283e+02 7.493977059555126061e+02 7.490483344031064235e+02 7.483574563740630765e+02 7.468528989039862154e+02 7.481531489501836631e+02
6.841849173523447689e+02 6.597136327727669141e+02 6.836012315563237962e+02 7.051132858604219109e+02 7.098895273541221513e+02 6.890890412110874195e+02 6.590224246969494288e+02 6.262596175881843692e+02 6.651984972908011287e+02 6.932320290214497618e+02 7.062105320858274808e+02 6.968855015270206650e+02 6.743541043946485161e+02 6.447904272085975208e+02 6.676980831627669204e+02 6.955882483213675869e+02 7.161487051684227936e+02 7.161061979122309822e+02 7.244450986769213614e+02 7.328233642805829504e+02 7.345471962820292902e+02 7.326310478715743102e+02 7.350975341928468652e+02 7.367719829448046767e+02 7.401189948875974096e+02 7.427038446730409760e+02 7.450266862695485770e+02 7.470571949836809154e+02 7.482741803577614519e+02 7.488727598273129615e+02 7.493790190480749516e+02 7.496420807137837983e+02 7.497221211106208330e+02 7.495805099080143918e+02 7.491037236621101556e+02 7.483410096895656807e+02 7.489765919693392107e+02
6.579447780481565360e+02 6.234803880627823673e+02 6.568850493815986056e+02 6.861160638399240952e+02 6.974241666887226074e+02 6.759221849370425161e+02 6.401578158152715332e+02 6.020931099168128640e+02 6.459186443639085837e+02 6.802878116541272675e+02 6.903237872097334957e+02 6.711176874091790978e+02 6.489773170047508302e+02 6.215417124597341854e+02 6.630424188432199344e+02 6.866487425954317132e+02 7.046432692444657278e+02 6.954759255542752499e+02 7.106552847539189770e+02 7.237502903405840016e+02 7.229290875357206687e+02 7.151469628787891679e+02 7.222165817239384751e+02 7.282785229735005714e+02 7.334066959230990506e+02 7.377381661101695727e+02 7.425346613327574232e+02 7.458580729145544410e+02 7.470819797348624434e+02 7.482131175139563766e+02 7.489958224536538864e+02 7.494976391028238822e+02 7.497696679357719631e+02 7.497867947621230087e+02 7.495916514026951063e+02 7.493758096330627723e+02 7.494408228929055440e+02
6.275698881012427819e+02 5.871195266088160452e+02 6.269996347126473211e+02 6.591586619393939372e+02 6.810670128680681046e+02 6.665316613860719599e+02 6.207856241175990135e+02 5.778812331773403912e+02 6.254742519922489237e+02 6.607452881977937977e+02 6.661210012756688457e+02 6.486518559944898925e+02 6.069026691944870890e+02 6.437539456487126017e+02 6.361501929780466753e+02 6.742503025369921943e+02 6.871722875052621475e+02 6.704840152606681158e+02 6.975089991847270312e+02 7.100535264911239892e+02 7.021549891186742798e+02 7.217252505742247877e+02 7.319759712804591345e+02 7.371197720824472981e+02 7.399518497019528240e+02 7.428408457920053252e+02 7.424396160080970049e+02 7.448522605685632243e+02 7.472588166989222600e+02 7.487043078992181790e+02 7.493272450629328887e+02 7.496407128597426208e+02 7.498176954354530608e+02 7.498870225669795673e+02 7.498629921333433686e+02 7.498238236956336777e+02 7.498098692512091930e+02
5.823176592516708752e+02 5.532696256283820730e+02 5.965193557960201360e+02 6.340792993456816475e+02 6.609736870922116623e+02 6.563635871606609271e+02 6.135269613367333932e+02 5.532058408153950495e+02 6.004544841426557014e+02 6.308135202488861069e+02 6.251937358702883785e+02 6.268432925220163270e+02 5.965651292801145473e+02 6.499984804012968880e+02 6.687162573887568442e+02 6.493602111368830947e+02 6.579901637174247071e+02 6.880537842134502853e+02 6.806698548330509766e+02 6.874386385531232690e+02 6.948702498919911932e+02 7.177938598928162719e+02 7.299746854539818059e+02 7.377404654331903657e+02 7.426959626647059167e+02 7.455116439489861477e+02 7.460418878866588557e+02 7.472315905925112247e+02 7.482101893301445443e+02 7.489192294530772642e+02 7.493432092825414657e+02 7.495873262208430106e+02 7.497436878817969728e+02 7.498349222686640587e+02 7.498931889793966548e+02 7.499304060396510749e+02 7.499476987239067967e+02
5.127670194195316071e+02 5.415513169226426271e+02 5.725529121910063850e+02 6.038455557185651514e+02 6.315369603646589667e+02 6.415250422029414494e+02 6.191432337440471656e+02 5.865344826926873338e+02 5.532058408087283397e+02 5.959855172434446331e+02 5.694064843940204810e+02 5.808483757991241418e+02 6.287071335200620297e+02 6.597419614286561682e+02 6.890325907782381591e+02 6.856907368850971807e+02 6.855064261264424204e+02 7.040236686018962473e+02 7.046376724912011014e+02 7.139581683496392088e+02 7.162964682433682810e+02 7.049419105774816217e+02 7.212331555942073464e+02 7.331134762655071881e+02 7.410661063424150825e+02 7.455039671788082387e+02 7.473153337601656858e+02 7.482399277632923713e+02 7.484496846716131131e+02 7.481965439423325961e+02 7.486997035678081147e+02 7.491815214696895282e+02 7.494150657569103942e+02 7.496208697286677989e+02 7.497708269488837232e+02 7.498831727964028460e+02 7.499422459840919828e+02
5.064743476408352763e+02 5.200516960549814485e+02 5.478322680035224721e+02 5.558199810361541040e+02 5.868467695978862366e+02 6.031801072463603077e+02 5.879918869522241494e+02 5.412429184478744446e+02 5.864733752608944997e+02 5.532058408153950495e+02 5.982786575545048890e+02 6.278836921132960924e+02 6.559809403340177596e+02 6.831794323222243293e+02 7.029472064093555446e+02 7.104976813258238053e+02 7.096309464582204782e+02 7.177807639434795419e+02 7.231600907704983001e+02 7.287430652028619988e+02 7.272945044817645339e+02 7.115741995055540201e+02 7.267095621623543593e+02 7.347451298943118445e+02 7.399296022834309952e+02 7.435591596329762751e+02 7.463019806905930409e+02 7.474803154922383328e+02 7.472228160543938884e+02 7.460913155867283422e+02 7.481530678481881296e+02 7.483045639621733471e+02 7.488664868198634395e+02 7.492858449725098353e+02 7.495773640598384873e+02 7.497690396560901718e+02 7.498901598542555575e+02
4.808742910528332004e+02 4.874951767874880488e+02 4.944592998273629973e+02 5.018162676952204606e+02 5.529273846857981880e+02 5.216986369303161837e+02 5.287613096392020680e+02 5.831471202343479945e+02 6.187097726490992500e+02 6.094677817465027374e+02 5.697057573858493242e+02 6.221764075846293736e+02 6.566361403267675314e+02 6.846988898090534121e+02 7.049179316954355272e+02 7.182499911836051751e+02 7.240517411512450963e+02 7.288950326165667093e+02 7.333405506965073073e+02 7.363490233008384394e+02 7.343879451878008240e+02 7.289400211316059313e+02 7.196354269951336846e+02 7.245016440605450043e+02 7.347897321244042814e+02 7.404350386445634058e+02 7.435514836516258583e+02 7.454529931241081613e+02 7.441183774047672159e+02 7.471316974614628634e+02 7.473874317859762186e+02 7.487101652901216085e+02 7.490600986973254294e+02 7.495820970415475131e+02 7.497815024340826540e+02 7.498705360075292674e+02 7.499333446835580617e+02
