output/field_example_test_lateral/elevation_000000.asc
nrows	150
cellsize	66.66666667
xllcorner	0
ncols	150
yllcorner	0
NODATA_value	-9999
[rows 51 to 67 of 150, columns 74 to 110 of 150]
1.005835162021401663e+00 1.005589629262805262e+00 1.005821353583313815e+00 1.005123979054494798e+00 1.002332144115130275e+00 9.997108440808316621e-01 9.993604900484753806e-01 9.964368946016514128e-01 9.932116700482778171e-01 9.934631174265954323e-01 9.934951121346531355e-01 9.932397181338331604e-01 9.934312540146126302e-01 9.939738868777630021e-01 9.936127460761802199e-01 9.973372564283200514e-01 1.000483644641920300e+00 1.003313445384522717e+00 1.006511326139690077e+00 1.006745344325541858e+00 1.006729550094410675e+00 1.006500344038042005e+00 1.007411085551806806e+00 1.006713714564054563e+00 1.006933568636369847e+00 1.007512996684974960e+00 1.007706666408632268e+00 1.007141782516626227e+00 1.007141782516626227e+00 1.007514828296538711e+00 1.007534810489007615e+00 1.007706491598877152e+00 1.007987332151762061e+00 1.007779717135438791e+00 1.007401921356403607e+00 1.007732783738589211e+00 1.008290207722897902e+00
1.005959387808135208e+00 1.006027902717449463e+00 1.005909413204161940e+00 1.006075637090748653e+00 1.005784168851132199e+00 1.002493057691641987e+00 1.002472758417281451e+00 9.993155589431338415e-01 9.967799822910622387e-01 9.936981423936200875e-01 9.930470428801190241e-01 9.938466946260010593e-01 9.940251247713927096e-01 9.933356131467787620e-01 9.935627000691197308e-01 9.972764243234414350e-01 1.000496407672090804e+00 9.999727436361469657e-01 1.003279979264781963e+00 1.006965945672152030e+00 1.007208816521080630e+00 1.007084501608590976e+00 1.006713707897387788e+00 1.007293251018671398e+00 1.006801475865006568e+00 1.007600393333419220e+00 1.007587412451480091e+00 1.007141775849959453e+00 1.007141782516626227e+00 1.007398137338215927e+00 1.007279613213706515e+00 1.007388640440750383e+00 1.007679786100015074e+00 1.008004707308384207e+00 1.007427260986427209e+00 1.007425481043539905e+00 1.008079445279888242e+00
1.005476561844201644e+00 1.005715054184839419e+00 1.006053632440962131e+00 1.005272693290854891e+00 1.005976700253216283e+00 1.005724023126949973e+00 1.002819096856674808e+00 1.002255848015821016e+00 9.991490852582938231e-01 9.962700899969254564e-01 9.933651651314254760e-01 9.939844220509086448e-01 9.938455426147050353e-01 9.932851915607044946e-01 9.939178309751737217e-01 9.937677421014434742e-01 9.967404758044808855e-01 1.000671763742268405e+00 1.003617011865819419e+00 1.006246731787211246e+00 1.006331942040268990e+00 1.007157837854072202e+00 1.007356531662457755e+00 1.007065880046108752e+00 1.007076129723786906e+00 1.006801482531673342e+00 1.006780107460587104e+00 1.007264215205803337e+00 1.007782681282563431e+00 1.007846976723329790e+00 1.007312366377931090e+00 1.007326837677855691e+00 1.007916723720807539e+00 1.007427254319760435e+00 1.007841031941882237e+00 1.007993370866343552e+00 1.008066361578299208e+00
1.005332675708027423e+00 1.005203586122769277e+00 1.005272686624188117e+00 1.005571661113765281e+00 1.005285430024646320e+00 1.005971199090212487e+00 1.006087193331607343e+00 1.002438662162649541e+00 9.995990501689663299e-01 1.000026419332809446e+00 9.962275722365313557e-01 9.933651717980921392e-01 9.935123357818543832e-01 9.933456564971099301e-01 9.939742220923596383e-01 9.940735652791572452e-01 9.936646538900503201e-01 9.967942206194775334e-01 9.998840186755790782e-01 1.003128713221071555e+00 1.006824951647358635e+00 1.007349594296552242e+00 1.007334279510845310e+00 1.007495936411442417e+00 1.007343443333482025e+00 1.007543248433608207e+00 1.007546057032375098e+00 1.006992751031361655e+00 1.007695962687488622e+00 1.007542912717087624e+00 1.007327828054273455e+00 1.007312359711264316e+00 1.007480232905996198e+00 1.007302620089890688e+00 1.007393902797510732e+00 1.008048787593403439e+00 1.007529096733113860e+00
1.005832479367624099e+00 1.005252742334144855e+00 1.005867164518502666e+00 1.005417259654344697e+00 1.006075633467960140e+00 1.005400731440285966e+00 1.005918331660940357e+00 1.006229111073827731e+00 1.003042892562365784e+00 9.998622425864128749e-01 9.962132935783127863e-01 9.968045708598106680e-01 9.933899967027803868e-01 9.936452528620757230e-01 9.934739326169071960e-01 9.935811859122707368e-01 9.935387662697237054e-01 9.973690038332522212e-01 9.970353577767595565e-01 1.000067100590469771e+00 1.003294989700931339e+00 1.006306070947685205e+00 1.006831177071912053e+00 1.007070945333029321e+00 1.007562792715913425e+00 1.007030176048454573e+00 1.007135462038576179e+00 1.007758951104328560e+00 1.007781518601196247e+00 1.007278526729510570e+00 1.007286220644445507e+00 1.007696652406458337e+00 1.007312366377931090e+00 1.007374048975106628e+00 1.007833166641750600e+00 1.008044210039363175e+00 1.008287397700796229e+00
1.005380965712571406e+00 1.005988262678431111e+00 1.005739051196971046e+00 1.005417266321011471e+00 1.005582635882497966e+00 1.005777564536813884e+00 1.006306196521938423e+00 1.006389767127462642e+00 1.005550651103141790e+00 1.002425855984050429e+00 9.994858928692159639e-01 9.966928804822694499e-01 9.937484015752496846e-01 9.933456564971099301e-01 9.936651623060183125e-01 9.934739392835738592e-01 9.942226822185135093e-01 9.938036436851883648e-01 9.973723270465155721e-01 1.000807238397224186e+00 1.004064698182572046e+00 1.006365840093382369e+00 1.006868022668812257e+00 1.006831183738578828e+00 1.007030169381787799e+00 1.007350414919775394e+00 1.007170417093794068e+00 1.007299872880268676e+00 1.007520666211736859e+00 1.007261526819982489e+00 1.007591014879111180e+00 1.007610617397473485e+00 1.007891457573721006e+00 1.007790865646951639e+00 1.007498018416502772e+00 1.007824715289365791e+00 1.008209515386174981e+00
1.005604710517380207e+00 1.005803293305180590e+00 1.005986576647449615e+00 1.005413643844524918e+00 1.005735172667426625e+00 1.005925033903606325e+00 1.006081551969568721e+00 1.005550657769808565e+00 1.006379832401702368e+00 1.006190029567492372e+00 1.003209428237026524e+00 1.000263841282584165e+00 9.967275469911420771e-01 9.940699190996584722e-01 9.940735350702263329e-01 9.934789122287411844e-01 9.938651442556823978e-01 9.940465801884152963e-01 9.938036503518550280e-01 9.971847647535904136e-01 1.000710957758087494e+00 1.003464832931797890e+00 1.007274150658980627e+00 1.007460289931322528e+00 1.007304764222881621e+00 1.007625791959398720e+00 1.007074895616414167e+00 1.007134850359401756e+00 1.007422953404021104e+00 1.007261520153315715e+00 1.007309547096342905e+00 1.007274142278001383e+00 1.007379702391369980e+00 1.008057059299957148e+00 1.007887477231625750e+00 1.007790141149239371e+00 1.007790147815906145e+00
1.005167053825448020e+00 1.005936701635005370e+00 1.005413650511191692e+00 1.005511753431377331e+00 1.005541348040944083e+00 1.006114511664217837e+00 1.005832798557434238e+00 1.005717087619044880e+00 1.006385401982927030e+00 1.006078524318013701e+00 1.003253322059471486e+00 1.000141108682547131e+00 1.000158293016843114e+00 9.967576430776672325e-01 9.937528778211793812e-01 9.933247133932072703e-01 9.933884070272156475e-01 9.941410352728135003e-01 9.940506954970083076e-01 9.974923057623633627e-01 1.000479451548162979e+00 9.997781331067723265e-01 1.002560566506952799e+00 1.005715156547971167e+00 1.006962341167802810e+00 1.007074888949747393e+00 1.007232447333950009e+00 1.007134850359401756e+00 1.007057479340638606e+00 1.007313261335226917e+00 1.007261526819982489e+00 1.007371487453673220e+00 1.007456431655673113e+00 1.008038679804622140e+00 1.008112388261232617e+00 1.007818153144633966e+00 1.008280829902472808e+00
1.005724216476235444e+00 1.005939869494316019e+00 1.005906410945454965e+00 1.005665050436563845e+00 1.005812710126072540e+00 1.006210231485884288e+00 1.005943204937515878e+00 1.005729239484693949e+00 1.006014552354862923e+00 1.006439796021113775e+00 1.006150602177503073e+00 1.002890129271206021e+00 9.997717853956633594e-01 9.967189889183099005e-01 9.940248087345507910e-01 9.938764569602323018e-01 9.936415989039552032e-01 9.935798345099654538e-01 9.936248923697642566e-01 9.944153292281266987e-01 9.961698152514290028e-01 1.000619264996480684e+00 1.004164837676504218e+00 1.007353433342750959e+00 1.006958934352348622e+00 1.006990762849314658e+00 1.007167078938466132e+00 1.007436906800061704e+00 1.007117801543769176e+00 1.007384421567402599e+00 1.007500589756343379e+00 1.007274142278001383e+00 1.007786527140195121e+00 1.007634787251172170e+00 1.008078644879459640e+00 1.007963979845310831e+00 1.007818159811300740e+00
1.005501566053076834e+00 1.005353887538708912e+00 1.006003827225227631e+00 1.005723075252902721e+00 1.005909466187679513e+00 1.006069050090973915e+00 1.006201055209489326e+00 1.005603310189946198e+00 1.005703862170644669e+00 1.006072876117765524e+00 1.005708340205980322e+00 1.006511027722182039e+00 1.003242425009334582e+00 9.995157664653125940e-01 9.966782928164856781e-01 9.939838660412373406e-01 9.935798411766321170e-01 9.940803761036089981e-01 9.937704314040650688e-01 9.936248990364309197e-01 9.937981696595427072e-01 9.970950564077605272e-01 1.000580879907975840e+00 1.003855383552727298e+00 1.007474552529002976e+00 1.007430248500972070e+00 1.006944005917656870e+00 1.007275637286035419e+00 1.007173982599868678e+00 1.007666768204568353e+00 1.007777157233189280e+00 1.007968260295479590e+00 1.008026025198674791e+00 1.008078227795255577e+00 1.007890216883188916e+00 1.008205318987954735e+00 1.007535065663066387e+00
1.005561143083867570e+00 1.005888656427181393e+00 1.005992097554363029e+00 1.006048770804196968e+00 1.005583760388354175e+00 1.005583760388354175e+00 1.005603303523279424e+00 1.005945827306272244e+00 1.006185655245986466e+00 1.005956968256712658e+00 1.006354677828679600e+00 1.005871992691375283e+00 1.002751075640968548e+00 9.995454139264827731e-01 1.000350588094339743e+00 9.971803993486711981e-01 9.943055428654175021e-01 9.938184488732133559e-01 9.936785067318318898e-01 9.936124596390080166e-01 9.942085169348443552e-01 9.973427607646760951e-01 1.000352760212508851e+00 1.003950520022683257e+00 1.006780857721371492e+00 1.006695994006004513e+00 1.006944171159951829e+00 1.007748822385915011e+00 1.007838369493175845e+00 1.007439725557824239e+00 1.007586785058602441e+00 1.007822433252035133e+00 1.007671923247055457e+00 1.008056998099523094e+00 1.008035994483181375e+00 1.008300761391088818e+00 1.007944651960938076e+00
1.005893970736133403e+00 1.005359278789445199e+00 1.005432115776188962e+00 1.005834370891573792e+00 1.005665696615034799e+00 1.006009289908973425e+00 1.006005864336262823e+00 1.005603310189946198e+00 1.005679035461418236e+00 1.005881065918599715e+00 1.006612229166428785e+00 1.005960538605618515e+00 1.006014562116156918e+00 1.003487485096654419e+00 9.998131046402339850e-01 9.973372977180786636e-01 9.940721221844160960e-01 9.940425253988239840e-01 9.937837096736402698e-01 9.939628488047045352e-01 9.941875250674209186e-01 9.943746439338202459e-01 9.970394319864790411e-01 1.000595095463966855e+00 1.003551687403491988e+00 1.006610920572434731e+00 1.006487054156140371e+00 1.006918902317941233e+00 1.007829691438095976e+00 1.007782148748500806e+00 1.007205254502676395e+00 1.007408748247772046e+00 1.007408754914438820e+00 1.008003373382229562e+00 1.007780271251826232e+00 1.007780277918493006e+00 1.007887573465690911e+00
1.005681399051215452e+00 1.005997763832332526e+00 1.005317470514538458e+00 1.005788895953696249e+00 1.005665689948368025e+00 1.005754018139695560e+00 1.006275634665906749e+00 1.006280353576568531e+00 1.006198664099759554e+00 1.006109320918964878e+00 1.006009796947464396e+00 1.006518608638394596e+00 1.006109234507807093e+00 1.006675931336742158e+00 1.003490244408185461e+00 9.997439701461672268e-01 9.972061822652491525e-01 9.939369331478939973e-01 9.943082929881786880e-01 9.937837163403069329e-01 9.938772277478441497e-01 9.942161789952121964e-01 9.973381602516949718e-01 1.000649953376018919e+00 1.003849386703460356e+00 1.003817925643666120e+00 1.006817834747843809e+00 1.007741729023576838e+00 1.007365622355031132e+00 1.007365629021697906e+00 1.007766757770401034e+00 1.007432815626768896e+00 1.007591697165232558e+00 1.007591614736761176e+00 1.008078122215618766e+00 1.007780277918493006e+00 1.008093661956421361e+00
1.005959774199429724e+00 1.005848593045176376e+00 1.005451995454534009e+00 1.005451995454534009e+00 1.005924252544694752e+00 1.005991021598471979e+00 1.005924760982827237e+00 1.005717661076647396e+00 1.005628257384574065e+00 1.006213791720001138e+00 1.006009803614131171e+00 1.006604262876847233e+00 1.006283927054154148e+00 1.006329121468580112e+00 1.003418311955040609e+00 1.000256497046549287e+00 9.973971757568663721e-01 9.943981441801078569e-01 9.944086636122718703e-01 9.938772277478441497e-01 9.940823171570827288e-01 9.940614505969654902e-01 9.942932232069358056e-01 9.972114902366916445e-01 9.999248444123898238e-01 1.003988648672162087e+00 1.006894279016737226e+00 1.007730828991393990e+00 1.007745241401955427e+00 1.007637437281716508e+00 1.007809592769726148e+00 1.007478594623670620e+00 1.007456363893650675e+00 1.007873085416301606e+00 1.007868955644938280e+00 1.008239348263061608e+00 1.007838053676803014e+00
1.005467580295058561e+00 1.005634291268228120e+00 1.005468143361220701e+00 1.005867096793441551e+00 1.005867341852052732e+00 1.005863969954550186e+00 1.005717654409980621e+00 1.006325285910097511e+00 1.005797816916350396e+00 1.006359699871420377e+00 1.006585923760582757e+00 1.006334170414777018e+00 1.006543931780596868e+00 1.006519080656977705e+00 1.005994853965929137e+00 1.003364129095960289e+00 9.998025722575246688e-01 9.967569781384149064e-01 9.937454117221168337e-01 9.942335821740994062e-01 9.943713204777766546e-01 9.942198332776690517e-01 9.942286921181084924e-01 9.975686245248974737e-01 1.000577272338905699e+00 1.000557939896109971e+00 1.004182827652043919e+00 1.006829480836463953e+00 1.007526417715937317e+00 1.007552556351473338e+00 1.007483383263455989e+00 1.007679552766132192e+00 1.007895559148660691e+00 1.007807551208647512e+00 1.007718971316047929e+00 1.008150049620343047e+00 1.008361989902511580e+00
1.005242039067475668e+00 1.005468136694553927e+00 1.005916636765835870e+00 1.005589707827717172e+00 1.005589714494383946e+00 1.005566196788192146e+00 1.005634547617146435e+00 1.005712343062539205e+00 1.006170653377576496e+00 1.005813220225373783e+00 1.006299933720173234e+00 1.006255261980307569e+00 1.006207458613428640e+00 1.006207451946761866e+00 1.006840382617806506e+00 1.002925412304709996e+00 9.997764809429694477e-01 9.973220017098333168e-01 9.969345662608743996e-01 9.943739386060220786e-01 9.942818274165331482e-01 9.945580622528964465e-01 9.943031098466648121e-01 9.944922311064054998e-01 9.971618295605275684e-01 1.000993940128456217e+00 1.004087709401858541e+00 1.007183799424812065e+00 1.007411488982046244e+00 1.007630957471503441e+00 1.007848063842670117e+00 1.007376501189852114e+00 1.007568990661682484e+00 1.007718964649381155e+00 1.007962804222456876e+00 1.007742748409866218e+00 1.008121936362967874e+00
1.005438172722966428e+00 1.006005335097868603e+00 1.005468143361220701e+00 1.005632460801472394e+00 1.005940530307270819e+00 1.005566196788192146e+00 1.005464119732477624e+00 1.005709585971247710e+00 1.006214671053999421e+00 1.005943768491086354e+00 1.006376139318250429e+00 1.005994830087921343e+00 1.006385489763600871e+00 1.006394776195111529e+00 1.005836655096338461e+00 1.006577223948585731e+00 1.003765371631253345e+00 1.000215238007640783e+00 9.975184835429389274e-01 9.942818340831998114e-01 9.945850108902577480e-01 9.945102812228678868e-01 9.945137575717030165e-01 9.943031165133314753e-01 9.945805591274599067e-01 9.973814815650529075e-01 1.000781771378378648e+00 1.004422724419301138e+00 1.007519082904477337e+00 1.007386865056461023e+00 1.007386871723127797e+00 1.007407584265552547e+00 1.007662862396482506e+00 1.007904824083679651e+00 1.007534990584207479e+00 1.007918148693993654e+00 1.008037146062804368e+00
