output/field_example_test_lateral/elevation_000012.asc
nrows	150
cellsize	66.66666667
xllcorner	0
ncols	150
yllcorner	0
NODATA_value	-9999
[rows 85 to 101 of 150, columns 111 to 147 of 150]
3.183810555406541312e+02 2.802265134421350012e+02 3.196882024429667695e+02 3.635400067670943258e+02 4.298394409588172493e+02 5.052186351044256867e+02 5.869214815842328790e+02 6.591572969246682305e+02 6.892210990376106565e+02 6.686627140191839089e+02 6.256067081658526376e+02 5.998800465832114241e+02 5.366801843166931576e+02 5.621075511489715382e+02 5.934510497717410544e+02 6.321981364761658142e+02 6.746059935345331269e+02 7.263847640870725400e+02 7.814831999455167306e+02 8.441680535266195875e+02 9.009259858776730425e+02 9.540011373342263141e+02 9.835874250068363835e+02 9.890983277468518509e+02 9.716361768108608885e+02 9.461251929528575602e+02 9.708206876123049369e+02 9.656171923606705150e+02 9.189136261057025195e+02 8.592833726560016885e+02 8.066448402624679375e+02 7.807926671834022727e+02 7.505843169693125674e+02 6.879176347239024381e+02 7.460306963292763385e+02 8.020241705424734846e+02 8.410359345401012661e+02
2.802265134488016542e+02 3.218227834501581697e+02 3.576332416015487183e+02 3.849433230111999933e+02 4.384256324792403916e+02 5.037551966012217690e+02 5.791260895771422383e+02 6.556599173444590178e+02 7.130343855125872778e+02 7.184622019122290340e+02 6.952410872566910029e+02 6.491408645488086222e+02 6.017928304180175019e+02 6.077187089109932003e+02 6.410614183057584796e+02 6.783708138111302333e+02 7.247903957068344880e+02 7.749040804600202819e+02 8.352732694229198387e+02 8.945749484639812863e+02 9.541488304419289079e+02 9.867272669957364997e+02 9.858825393727709070e+02 9.594472159886018972e+02 9.168097992372214549e+02 8.796333376135523849e+02 9.160041978122216051e+02 9.179821895280092576e+02 8.779310360111762748e+02 8.421274972756918942e+02 7.973786539271131915e+02 7.366365691884868738e+02 7.251517902403844573e+02 6.729709334621883272e+02 7.309503171724498998e+02 7.600323766082625525e+02 8.215980565168844123e+02
3.202955911581441342e+02 2.859290267468322213e+02 3.381361109366116580e+02 3.914444582073864467e+02 4.518613628445912695e+02 5.191356004359696499e+02 5.907557622097206149e+02 6.607193290127494265e+02 7.121899945969154260e+02 7.432412197897801889e+02 7.415202878455337441e+02 7.150730114336721499e+02 6.774136194590907962e+02 6.835967211678459989e+02 6.952575835673065967e+02 7.358659016295782749e+02 7.796029748762382496e+02 8.342917762893011968e+02 8.895648166929680656e+02 9.496682565221299228e+02 9.881645870329783747e+02 9.874693777941077997e+02 9.529496668171459532e+02 9.078532415730911680e+02 8.659268966291687093e+02 8.208158136899669444e+02 8.621020030755444168e+02 8.655664621865986419e+02 8.298267936619165539e+02 7.858117750947438935e+02 7.562258473431890025e+02 7.287742203489849544e+02 6.797667449685108068e+02 6.591949179437361863e+02 6.909141245408766281e+02 7.479755861108089903e+02 8.110597534322824913e+02
3.486302546108551610e+02 2.902981471953609116e+02 3.489052094036331368e+02 3.992598049865943040e+02 4.663361995290032951e+02 5.291382382943082803e+02 5.792474072476107949e+02 6.230565908857864770e+02 6.723789141574188761e+02 7.259703081405264129e+02 7.593863495446483967e+02 7.586893719747379237e+02 7.501043868616118289e+02 7.582354680015872646e+02 7.692915513135332048e+02 8.026918651203923218e+02 8.447189921362036102e+02 8.917317224425663653e+02 9.464752392134633965e+02 9.862987161566067016e+02 1.004918297578232455e+03 9.653044724416674853e+02 9.051355858956629845e+02 8.464091794857031346e+02 8.235968238929156087e+02 7.710582276631894274e+02 8.068291402904218330e+02 8.040563473334154878e+02 7.886417690107251701e+02 7.370849861326022392e+02 6.981959940728908123e+02 6.896037378646379921e+02 6.509905490806904709e+02 6.507304505740562490e+02 7.111078387480877154e+02 7.558929049767735933e+02 8.122069417672909140e+02
3.589519261627202127e+02 3.238723105268058475e+02 2.976399341324867578e+02 3.942877705543282332e+02 4.528909442260807054e+02 4.866281195164031033e+02 5.251375285674885163e+02 5.732743283197771689e+02 6.236247756312579895e+02 6.869158608266700412e+02 7.380075879296661014e+02 7.426105933706653559e+02 7.588422358833639692e+02 7.834346224476696534e+02 8.171862408523028307e+02 8.589288190523838011e+02 9.023917857498770445e+02 9.431836318602986466e+02 9.745814967949596621e+02 9.904365302624507876e+02 9.948549434303899943e+02 9.521858402110426596e+02 8.935111605683958942e+02 8.307017237701726344e+02 7.720118857613501859e+02 7.277036455847817251e+02 7.436500912970747095e+02 7.422126113857675591e+02 7.399404717975559151e+02 6.978206479422899520e+02 6.516443319710427886e+02 6.352650453685461116e+02 6.386390803536185103e+02 7.153828449973225361e+02 7.592488548642563728e+02 8.090014706402780575e+02 8.587524662062410243e+02
3.598650396822436619e+02 2.976399341391534108e+02 3.198351335836379690e+02 3.755767284775262169e+02 3.927536320950620166e+02 4.312275638045444452e+02 4.785329188678639980e+02 5.360732127384777641e+02 6.117278747215494832e+02 6.712727253898156050e+02 6.894106309831257704e+02 6.702102863445197727e+02 6.976139460293362617e+02 7.317179834178973579e+02 7.856136836672122854e+02 8.444888691410824322e+02 9.035646760841144669e+02 9.462930153551358217e+02 9.501637767583034702e+02 9.375057727853254619e+02 9.541398086242568297e+02 9.396785861611989503e+02 9.092827648811858126e+02 8.646092966317079345e+02 8.133510077232518825e+02 7.530150299375681016e+02 6.800667960730858113e+02 6.837494656932544785e+02 6.851302982573471354e+02 6.543381945555175889e+02 6.212932560740540566e+02 6.509412884742316692e+02 6.892876384068017614e+02 7.350692746768419283e+02 7.892284082286104194e+02 8.461153217535970725e+02 9.016846979907966215e+02
3.180245328902338429e+02 3.015802812173008078e+02 3.357308611529064137e+02 3.490015861892121620e+02 4.098225253484187647e+02 4.760271511266565767e+02 5.289321356454883016e+02 5.767006187092342770e+02 6.186181789982379087e+02 6.342589554167294636e+02 6.279288903828728508e+02 5.944899694007459630e+02 6.323610542773182033e+02 6.561114486411369171e+02 7.197692827543668272e+02 7.929690705885972193e+02 8.695199069165809078e+02 9.126367194750620229e+02 8.923942844703233277e+02 8.635068865807845668e+02 8.940606006328763442e+02 8.822219712281519151e+02 8.799732841378220201e+02 8.606737832161186361e+02 8.095692496057625931e+02 7.487733884582531800e+02 6.876417773959210535e+02 6.325757211587794018e+02 6.303514901752211017e+02 6.095436968358192189e+02 6.471857559615751825e+02 6.506696430426023880e+02 6.786569069528826503e+02 7.377019362160546052e+02 7.971892800904993237e+02 8.507471714010964661e+02 9.036565770016009083e+02
3.764973996481413678e+02 3.620757794293080565e+02 3.098760356220948324e+02 3.662275888117362115e+02 4.205396848091510265e+02 4.791804745545670130e+02 5.307171554430728975e+02 5.711846512807834415e+02 5.858867993745459444e+02 5.682266325930976336e+02 5.538450121862761080e+02 5.343909582830655154e+02 5.751204525417041395e+02 6.361927079910526572e+02 7.050121345759431506e+02 7.826745729079058265e+02 8.569111628756546679e+02 8.778501838739578034e+02 8.370805734625153036e+02 7.957549999332186417e+02 8.290417597057016792e+02 8.109679199790263056e+02 8.142965158614836128e+02 8.178940727713641081e+02 7.963275981541528381e+02 7.504697914162991310e+02 6.996521351552846681e+02 6.508971622659927334e+02 5.976936764682332068e+02 6.132925537856401661e+02 6.639952368128142552e+02 7.042814104629370604e+02 7.364373870686411010e+02 7.286462246869219825e+02 7.646268687073187493e+02 8.088818938212492640e+02 8.633720449031825410e+02
4.215523369062631787e+02 3.972223068920212654e+02 3.620869358583346980e+02 3.188346281353536824e+02 3.821150701073589744e+02 4.381559642473816325e+02 4.915797785995393951e+02 5.300360122246731862e+02 5.305674591101279702e+02 4.975213218215230881e+02 4.825464927486380020e+02 5.261139203497383505e+02 5.735673557645393430e+02 6.298141993359220123e+02 6.968590180373633984e+02 7.737356801244787903e+02 8.444005259911657504e+02 8.515374818061033011e+02 7.910023581347558093e+02 7.395700290958567393e+02 7.582329510268917829e+02 7.401395326596021960e+02 7.425911836948229166e+02 7.498537785099097164e+02 7.530812302542291263e+02 7.095270242345718543e+02 6.623808595498661589e+02 6.196650322693262751e+02 5.986600891731471847e+02 5.857564512097466149e+02 6.775906485142572819e+02 7.467827405438405322e+02 7.860842489028577802e+02 8.008348570696413162e+02 8.096530807787003141e+02 8.518668816687589924e+02 8.995208858240638392e+02
4.485310790056104793e+02 4.019592182454895237e+02 3.589498321551134836e+02 3.504113670618530705e+02 3.271035740501902751e+02 3.982636699958989084e+02 4.530482523217691551e+02 4.720072991875607613e+02 4.622234336031634143e+02 4.363817213605532856e+02 4.751584106973596136e+02 5.186165836861440539e+02 5.674953321153657271e+02 6.243780545348934083e+02 6.917388627265456762e+02 7.686215581102574106e+02 8.383090070221405767e+02 8.348861714483189189e+02 7.685747205080011781e+02 6.922160838798947680e+02 6.905219926673316877e+02 6.758154463495268374e+02 6.776251468153250244e+02 6.809263884008256582e+02 6.994314548231504887e+02 6.704963343460849501e+02 6.237565678278895120e+02 5.935477782607583777e+02 5.684836510782785126e+02 6.367643333544791631e+02 6.937825469037762787e+02 7.558474945617293770e+02 8.015911756436686346e+02 8.437256499741505422e+02 8.691760371189984653e+02 9.051378355920625154e+02 9.478513134659301613e+02
4.715068177314581135e+02 4.101370759368073777e+02 4.075951911751256489e+02 3.401348749283491770e+02 3.317160925210562255e+02 3.824721745257099883e+02 3.945853155357291371e+02 4.189051634240565818e+02 3.947485778867880981e+02 4.550750809952815530e+02 5.141688110672571383e+02 5.650247201465742819e+02 6.179585807023589723e+02 6.768904889161650544e+02 7.410966797141967390e+02 8.042244830826247153e+02 8.462531472353053914e+02 8.288413234131952549e+02 7.651872137783484504e+02 6.919928807885742117e+02 6.276341539358121508e+02 6.198336478841133612e+02 6.238799738220361633e+02 6.184495171970862657e+02 6.406970152306796535e+02 6.314565342536241133e+02 5.911258241433157536e+02 5.524521445667501212e+02 6.045234339074565924e+02 6.491759077611947077e+02 6.871288913592620702e+02 7.110233204964298466e+02 7.698066056804989330e+02 8.371581504283110462e+02 8.999683892992103438e+02 9.498381297793727072e+02 9.925378668565305134e+02
4.749022815113254978e+02 4.749796994707022577e+02 4.471674416276714510e+02 3.980662093519945302e+02 3.693935041135820825e+02 3.387507696743742827e+02 3.432351235953493074e+02 3.643454926786629926e+02 3.652743207926953346e+02 4.369543045830066035e+02 4.919943485720339709e+02 5.489432926514532483e+02 6.117672736972159555e+02 6.818057445990654060e+02 7.532851995424381357e+02 8.160093458678213665e+02 8.355564105585373227e+02 8.128946003716361020e+02 7.719687425579960518e+02 7.161440944221535574e+02 6.433551775639605239e+02 5.716614273079493387e+02 5.841854657949872944e+02 5.643718091167477269e+02 5.971472179675928373e+02 5.829572272679079106e+02 5.375831538986354872e+02 5.849388856075522654e+02 5.819199376650732347e+02 6.045127446504219506e+02 6.319535250255721621e+02 6.915585256748086067e+02 7.603685114195214965e+02 8.326517491381138143e+02 8.934193108891071233e+02 9.428841735414119967e+02 9.884361049730598552e+02
5.411046844733015178e+02 5.310170325689770152e+02 4.819068148248468901e+02 4.375053190967286127e+02 3.990127303624861383e+02 3.892313628479132035e+02 3.882258552009934647e+02 3.496817944171061185e+02 3.851131545745543008e+02 4.448124235539605706e+02 5.185887479924664376e+02 5.888828778719349657e+02 6.475281695726987437e+02 7.067465128993513872e+02 7.654545148949903250e+02 8.063775383044126102e+02 7.964665077350863385e+02 7.578583225299154265e+02 7.254896364641710989e+02 7.078116241968032227e+02 6.497209575645050563e+02 5.823352154713204527e+02 5.240806439189001367e+02 5.273538159490013868e+02 5.532413568965807826e+02 5.220103518448017894e+02 5.761117219714383282e+02 6.051618925079418432e+02 6.328681611346995624e+02 6.644699943440162997e+02 6.926208351506633107e+02 6.773821449335544003e+02 7.496240187429121988e+02 8.033016601050017016e+02 8.492665950288100021e+02 8.948068000588419864e+02 9.430250843059011459e+02
6.090151736279750594e+02 5.733955865167315551e+02 5.248358233098513210e+02 4.838438108757823670e+02 4.508687818734758253e+02 4.375099799228364077e+02 4.259121680558898220e+02 3.987272258880644813e+02 3.546317148676126294e+02 3.546317148742792824e+02 4.971583566398937251e+02 5.717774577624774111e+02 6.245958890862253838e+02 6.712737854299812170e+02 7.303967350794806634e+02 7.684934443800235613e+02 7.429966682771873820e+02 6.977311647464073303e+02 6.574481882487962139e+02 6.688617327993315484e+02 6.434752582352036825e+02 5.770495152091971249e+02 4.980644084827223992e+02 4.980644084827223992e+02 5.070252420369272386e+02 5.533938696038986791e+02 5.897297164912878316e+02 6.386916764366523012e+02 6.784453925788021706e+02 7.180282870756064995e+02 7.505919360802045048e+02 7.355463266426343125e+02 7.228679785030492440e+02 7.575434710754977914e+02 7.978141766618314250e+02 8.442245550132620338e+02 8.989501392401679141e+02
6.654183816320835376e+02 6.214671468601983406e+02 5.791885572676037555e+02 5.410471680543482762e+02 5.111363255971140802e+02 4.813343404282572351e+02 4.524084264741786114e+02 4.122353354305251969e+02 3.608159181107785116e+02 3.583581120331647867e+02 4.620611715205391192e+02 5.140141952701133050e+02 5.584551785388251801e+02 6.183325504637576842e+02 6.944563236324008813e+02 7.243698476461572682e+02 6.888754364741918153e+02 6.419432306286108769e+02 5.963325375839717708e+02 6.077192400713114466e+02 6.075450338784628457e+02 5.709204554659263522e+02 5.305266335686008006e+02 4.980644084760557462e+02 5.522862589276933249e+02 5.915926230016307272e+02 6.340404666503153521e+02 6.807773585912498220e+02 7.271030458639359040e+02 7.685519723063398487e+02 8.052914045840041126e+02 7.996101003090548147e+02 7.865559523623983296e+02 8.158373764919199402e+02 8.568349454181973215e+02 8.986140086776510998e+02 9.447632356211831848e+02
7.021618275794137389e+02 6.640344723835056584e+02 6.242344443225293844e+02 5.824270930553068411e+02 5.308125667161979209e+02 4.800462185413213660e+02 4.417985857997852577e+02 3.810779878698365906e+02 4.066958484240302596e+02 3.644678539217163689e+02 4.170638312274134591e+02 4.557202336927210808e+02 5.009258979153651126e+02 5.780218527175472900e+02 6.562987931774022172e+02 6.795349099345603463e+02 6.424114783926791006e+02 5.960478402906477413e+02 5.473295785981371182e+02 5.467966970662890844e+02 5.574775799520598412e+02 5.258480136199441404e+02 4.858116291494105781e+02 5.440234898497456015e+02 5.940744038893062680e+02 6.428982201831507837e+02 6.821051278690332538e+02 7.267908249647470029e+02 7.782602165787369586e+02 8.189300145599970620e+02 8.511032743687522952e+02 8.615586605646609542e+02 8.535593176119583632e+02 8.876220368712046138e+02 9.182400745104910129e+02 9.540242509698982758e+02 9.929574547522248622e+02
6.849003964328162510e+02 6.495252291962860909e+02 6.119342578325451996e+02 5.694082833179230647e+02 5.214882585969495494e+02 4.690844322402402895e+02 4.048114357823970977e+02 4.409138470373030714e+02 4.480184204553102632e+02 4.182190778509426536e+02 3.747987951859435043e+02 4.172565676612959464e+02 4.878819403359643161e+02 5.668343791390389015e+02 6.251475435540918397e+02 6.357272034742487676e+02 5.961451001568414085e+02 5.558456282672121915e+02 5.197801214767266629e+02 4.884051091146026238e+02 5.088383429412709233e+02 4.711879776345724053e+02 5.217283683042284110e+02 5.542980675167494837e+02 6.063515717929319635e+02 6.637528366803347808e+02 7.211419225152191075e+02 7.653418032166349576e+02 8.027430441920670319e+02 8.319189009313814722e+02 8.613895740346288221e+02 8.893882650032494439e+02 9.063327974269489005e+02 9.251199081762051719e+02 9.376153787163267452e+02 9.639011598877418692e+02 9.960602865591465616e+02
