output/field_example_test_lateral/elevation_000039.asc
nrows	150
cellsize	66.66666667
xllcorner	0
ncols	150
yllcorner	0
NODATA_value	-9999
[rows 34 to 50 of 150, columns 74 to 110 of 150]
2.517121105166604025e+02 2.661681066373708973e+02 3.304432983958790260e+02 3.805189691182145566e+02 4.217816243891784893e+02 4.680096010248580001e+02 5.184795261765525538e+02 5.777125838769541133e+02 6.244131326688285526e+02 6.511964149935830619e+02 6.530784180906624670e+02 6.382084182499806957e+02 5.993800421374234020e+02 5.373773393613128064e+02 4.731654948287805951e+02 4.213400666600338127e+02 4.682809661239896286e+02 4.757464079479312886e+02 4.767057759509068546e+02 4.351014392879850448e+02 3.742543499707248884e+02 3.021533273446685257e+02 3.658134663086285627e+02 4.217769987692691984e+02 4.779387430814765025e+02 5.345476964315253099e+02 5.896382900340105380e+02 6.384203972622541414e+02 6.727146406583859743e+02 6.577066569345585094e+02 5.990178729715529471e+02 5.365912126073820900e+02 4.780197123405700381e+02 4.329913434598647086e+02 3.888571791017625401e+02 4.267486180391002790e+02 4.815895597458462589e+02
2.928868276109388376e+02 3.263036443731920144e+02 3.693172672666231620e+02 4.219236760132105246e+02 4.709458473697562795e+02 5.130398329753434155e+02 5.660036056289543467e+02 6.041194372975569422e+02 6.124582027069807282e+02 5.927396533524113238e+02 5.829536105856801669e+02 5.817337784241182135e+02 5.795054472185862551e+02 5.266716054702221754e+02 4.570938612952802487e+02 3.822418893291075506e+02 4.031539742891110905e+02 4.114006731975047160e+02 4.326965469398663231e+02 4.023117654016805318e+02 3.467346240778831543e+02 2.923433255185444750e+02 3.313620200384559098e+02 3.796450190703002932e+02 4.407856677958671412e+02 5.123779068122132685e+02 5.830633816743089710e+02 6.386637945486988883e+02 6.480885642173791439e+02 6.219928137414444791e+02 5.622911775376524020e+02 4.906221772935762715e+02 4.318449794554913979e+02 3.898464087316002065e+02 3.665598184301189235e+02 4.247466767911841998e+02 4.874651551021349860e+02
2.860939305873719718e+02 3.220097430744879716e+02 3.567695594709699662e+02 4.145701529514969366e+02 4.769416266170813401e+02 5.398152336985793909e+02 5.889994196226144823e+02 6.044470865311775469e+02 5.721100014419705531e+02 5.185392405027595260e+02 5.034826580813062264e+02 5.064611762659363876e+02 5.307494125953875255e+02 5.229337472195929877e+02 4.720316049954523123e+02 4.118195154187000639e+02 3.274928359945730563e+02 3.405328935333378126e+02 3.818045578732213698e+02 3.686602583115273433e+02 3.312785451493490996e+02 2.841035109126609086e+02 3.382848383946899844e+02 3.912333268231424768e+02 4.516928281974127231e+02 5.216565275503556904e+02 5.893419789247000153e+02 6.189986420213940619e+02 6.009505296703804333e+02 5.590622875454500900e+02 5.342718019258054483e+02 4.601396235587720867e+02 3.907521127467130100e+02 3.376515375417234850e+02 3.694746010917320973e+02 4.188906841572531334e+02 4.775083033552651273e+02
2.274235748815307261e+02 2.780080409910177650e+02 3.459270679317919530e+02 4.058354254692280279e+02 4.661449462643356014e+02 5.280516572609000150e+02 5.799993007539562768e+02 5.850156103670321954e+02 5.217981083606837274e+02 4.481193733845027509e+02 4.280827442826662832e+02 4.285807530460821226e+02 4.574615979238684531e+02 4.826060457964379111e+02 4.690175196659571952e+02 4.113678157041641725e+02 3.389371182665911988e+02 2.715614749200130404e+02 3.329409739319416985e+02 3.194362915633978446e+02 2.699341351304631189e+02 3.271873141370558642e+02 3.482690204405053578e+02 3.991399002758309962e+02 4.614765906031416876e+02 5.313994363834195838e+02 5.857521906195950123e+02 5.819382266494661735e+02 5.369398393523539426e+02 4.924172808592781507e+02 5.103611907580499292e+02 4.793729191532075333e+02 4.253968405360307088e+02 3.665650968689216711e+02 3.062709448274431452e+02 3.746471812737771074e+02 4.364630995218689691e+02
2.171207007699187841e+02 2.556668225213443861e+02 3.011857744604018876e+02 3.552730188225181109e+02 4.186189524798724619e+02 4.910082788076478550e+02 5.606194033652777762e+02 5.686908434672834574e+02 5.057253836311626287e+02 4.303841366670410480e+02 3.608040400951048241e+02 3.570296452141713530e+02 3.808824110100038638e+02 4.269096344791178694e+02 4.353902056959096285e+02 3.994493298637690941e+02 3.283280524218431538e+02 2.394901675723502308e+02 2.883897756274167250e+02 2.545048960121204402e+02 2.899127021212760269e+02 3.044113825348986779e+02 3.903598054509173494e+02 4.493641167708837543e+02 5.019701762614514564e+02 5.562046612342534218e+02 5.725896957203441389e+02 5.394185770009817134e+02 4.795255325022062607e+02 4.248701594215472710e+02 4.664382394384133477e+02 4.617829193381966775e+02 4.084731436040397625e+02 3.447586796938178395e+02 2.848498598038356135e+02 3.383622399420379452e+02 4.020087817770678384e+02
2.089826773058541676e+02 2.573893162991186614e+02 2.975951536940597748e+02 3.555190468199653537e+02 4.196642188284938015e+02 4.903815527815751238e+02 5.534045761125872787e+02 5.562113261333695391e+02 4.936700389757033918e+02 4.173638972688631839e+02 3.464893447763863605e+02 2.949617226924658553e+02 3.143764939927077080e+02 3.646664465865428042e+02 3.757272035539517674e+02 3.466206109386901630e+02 3.186922618528007547e+02 2.760171784547199536e+02 2.394901675656835778e+02 2.984774922422874397e+02 3.302038500005322135e+02 3.724572963805710515e+02 4.392782572377810197e+02 4.971375051834852457e+02 5.463522434443536895e+02 5.708452802368577750e+02 5.471538037851129275e+02 4.862326598214095270e+02 4.248886586636259608e+02 3.653176966214760455e+02 4.147333272459068212e+02 4.184761971047313978e+02 3.877742225161664464e+02 3.341435636371849114e+02 2.681872205198766324e+02 3.314412036736092091e+02 3.739594967779070771e+02
2.010446916912445943e+02 2.211130039528436555e+02 2.882979973214428355e+02 3.554413334647534839e+02 4.234545570305245974e+02 4.932595774127945560e+02 5.474332755617231214e+02 5.424341083671228034e+02 4.904429932825921128e+02 4.149019309157866360e+02 3.333571164031981198e+02 2.607071604270670377e+02 2.607071604204003847e+02 2.948318410853865998e+02 3.012117945154803351e+02 2.745907730899044168e+02 2.725378675963482351e+02 2.253152427845177499e+02 2.731588111197628450e+02 3.126355255212725979e+02 3.686244701198806979e+02 4.271776682826989600e+02 4.837520270773061952e+02 5.403632252781992520e+02 5.689741483826145441e+02 5.575536581110794714e+02 5.133906544017648912e+02 4.427026443553274930e+02 3.725377023466411401e+02 3.156479493749292828e+02 3.552910829851298331e+02 3.528517463974540078e+02 3.396949365474270621e+02 2.967190567675771717e+02 2.511025026636859536e+02 2.959468306727571871e+02 3.149351870798289497e+02
1.944054372299060844e+02 2.358270564857244551e+02 2.913931271565838870e+02 3.607135466162308148e+02 4.356764018361989770e+02 5.021766341585530995e+02 5.288554233419270076e+02 5.061535659678576735e+02 4.634309750727412052e+02 4.268339809118267567e+02 3.736011812523623803e+02 3.257792773826356552e+02 2.847139835821176348e+02 2.264452186305557575e+02 2.463177700801201127e+02 2.015794033464820529e+02 2.106903404459513638e+02 2.723144957613285442e+02 3.114009659156612315e+02 3.568514749714460095e+02 4.097172636359760531e+02 4.651629160022163205e+02 5.245214714366061344e+02 5.605429131927995741e+02 5.575076679018555978e+02 5.221283509842049853e+02 4.645776768088495032e+02 4.028985365751527752e+02 3.328280287265090465e+02 2.774219789910184204e+02 2.900144254228540035e+02 2.883182206216540067e+02 2.817861339351879337e+02 2.511201209536340002e+02 2.517926408325358807e+02 2.289304983040513548e+02 2.617399809235387238e+02
1.877558104420320149e+02 2.276252018569711879e+02 2.933716701965718130e+02 3.746280093833825617e+02 4.504934442411394571e+02 4.925129830909683051e+02 4.940763536049178128e+02 4.504150337025573094e+02 4.056630288713269010e+02 3.975447444245600650e+02 3.691846491864129689e+02 3.256677720066260804e+02 2.744018572144753421e+02 2.229602420905796407e+02 1.891404997039142302e+02 2.273638252598245515e+02 2.542969392038239675e+02 2.878703894355128909e+02 3.547813291329972003e+02 4.029014962933277388e+02 4.536232976723881052e+02 5.075270038058080218e+02 5.443146383881648944e+02 5.513647497860644080e+02 5.217134358934591774e+02 4.670404725253859510e+02 4.141722297598190039e+02 3.612833402406629375e+02 3.250995706446834674e+02 2.802264828636023708e+02 2.365410590716572301e+02 2.435426114485479729e+02 2.075119758214299850e+02 2.097526861932460633e+02 2.119168113567785383e+02 2.139712859858395575e+02 2.166610235580633912e+02
1.825901633283061472e+02 2.417793279917515008e+02 3.115871998217957071e+02 3.881630190257153572e+02 4.432219027259877748e+02 4.423808183322752825e+02 4.474454918072166265e+02 4.091016072821767580e+02 3.469552872026460477e+02 3.365498347597388715e+02 3.245598758490464206e+02 2.758377519912465914e+02 2.289176460197609799e+02 1.774991306395457968e+02 2.165871563403602806e+02 2.619465381241339514e+02 2.882133536226956494e+02 3.278919549304653742e+02 3.745786850088782103e+02 4.393102392900648283e+02 4.965275616086152581e+02 5.310218051239414763e+02 5.359231526126793597e+02 5.155871827546736768e+02 4.693357282844894485e+02 4.150448093578090720e+02 3.591398603070760487e+02 3.122716353741183184e+02 2.710820017457069184e+02 2.326742233332258536e+02 2.211449726447608555e+02 2.029213703185703821e+02 2.212307982572447145e+02 2.254262152193487907e+02 2.289403303648625183e+02 2.492864092139380716e+02 2.680922064574131696e+02
1.768914008931863293e+02 2.440926019948192049e+02 3.196772847977403558e+02 3.873659866900376301e+02 4.040651715780728068e+02 3.759773357972397889e+02 3.867615329657407415e+02 3.828982522514070865e+02 3.320069269323594199e+02 2.731043418809428545e+02 2.709190689829567873e+02 2.312425528329153508e+02 1.658322758481335484e+02 2.076935405880602445e+02 2.524411395905558209e+02 2.781841333868011930e+02 3.233094395117012141e+02 3.658586743707831488e+02 4.191302489123267492e+02 4.784339237663761537e+02 5.187973841809869100e+02 5.220193508437474748e+02 4.942790549732380896e+02 4.503511040167797432e+02 4.272104940121022310e+02 3.655042656662046738e+02 3.144711721289575621e+02 2.710638934316546624e+02 2.347195446654988018e+02 2.203166561372081276e+02 1.981776624492345888e+02 2.500436512369541049e+02 2.638626919245185718e+02 2.941397898482910023e+02 2.818999641139599248e+02 2.636103676835693364e+02 3.144316652584506642e+02
2.194258360670516197e+02 2.692938387008127279e+02 3.359137099195330620e+02 3.726584638133715544e+02 3.550808457586315399e+02 3.092882770394096497e+02 3.253028416075338782e+02 3.387903641398983154e+02 3.111266263797357965e+02 2.692820527180769545e+02 2.099834820949907623e+02 2.035299317959337202e+02 1.575590342924587048e+02 2.219931922067536050e+02 2.684934002047691592e+02 3.169429756102248348e+02 3.629706908178081903e+02 4.093429717611913929e+02 4.563720620391343914e+02 5.050584367562021271e+02 5.183875893768250762e+02 4.881221222469633290e+02 4.337554665617603291e+02 3.842616571090405273e+02 3.779775805346731090e+02 3.285539309476436074e+02 2.788719045312139428e+02 2.391665896217039631e+02 2.261834016658967812e+02 1.930642813722907078e+02 2.347099998860742005e+02 2.762833902720481660e+02 3.169972864622482120e+02 3.519442437744627910e+02 3.443948707431094363e+02 2.972189361404270471e+02 3.520816385280360805e+02
2.139186434620933710e+02 2.726591900687595285e+02 3.242319490963732846e+02 3.329129269310701034e+02 2.944005630763541035e+02 2.500104772588487378e+02 2.698679040282494270e+02 2.839670560797547978e+02 2.520857285727206829e+02 2.395453052802938316e+02 2.061499493233694409e+02 1.606392253002619270e+02 1.503777948649796201e+02 2.516300093897793886e+02 3.131988468971971429e+02 3.583946631832064327e+02 4.038739358589132848e+02 4.477748640791627395e+02 4.878669486191209899e+02 5.148598518279410428e+02 4.956050741738168881e+02 4.402609352295702934e+02 3.815108154334720325e+02 3.263020731520932713e+02 3.244034091051263431e+02 2.830023689872649584e+02 2.478569676800531738e+02 2.269192907672295689e+02 1.877928408775769356e+02 2.278992340269713850e+02 2.635250549859330249e+02 3.098553704883778437e+02 3.594737337396888961e+02 4.009089231422034345e+02 3.948514099520241416e+02 3.491594166350848241e+02 3.582863316015443047e+02
1.994631004994849661e+02 2.402064803273059965e+02 2.842400416910460876e+02 2.796196722117556419e+02 2.326073678455642835e+02 1.993787602520043265e+02 2.355220418568643197e+02 2.310147707484767921e+02 1.922669721895523480e+02 1.893617318145188904e+02 1.768119361181423415e+02 1.382114637523645229e+02 2.004815722608065585e+02 2.617755888073652955e+02 3.259328451702799612e+02 3.625630298055116327e+02 3.983138404788078333e+02 4.366655848312801140e+02 4.717993129910094012e+02 4.877499364631341905e+02 4.596064262237604225e+02 4.012627875062177054e+02 3.381140000585475605e+02 2.799207924222569090e+02 2.740954791154390477e+02 2.309773623374480280e+02 2.142334914148582641e+02 1.822455532164810279e+02 2.205880120197522842e+02 2.671435068875065895e+02 3.052639892345396788e+02 3.471385670468813487e+02 3.989157569119356026e+02 4.440583553064827811e+02 4.347640755135781205e+02 4.113483870619940035e+02 4.154509016115455324e+02
1.415117814762605803e+02 1.887365232581184671e+02 2.302672514978800109e+02 2.259216639899747463e+02 1.716769531249418890e+02 1.579749042755049402e+02 1.885220460147742187e+02 1.797772878244433628e+02 1.482265742543514762e+02 1.462243726935381858e+02 1.283026386948433810e+02 1.659271302142294360e+02 2.107916280405068505e+02 2.594043269256260373e+02 2.978908502023057281e+02 3.029666639239740675e+02 3.394536953905499672e+02 3.816959464773630657e+02 4.216604307640296838e+02 4.396845936974469282e+02 4.103101741494299972e+02 3.617742478477409236e+02 3.072004388872744585e+02 2.709506067243326584e+02 2.241110824655361000e+02 2.184128396784045663e+02 1.769063623887022629e+02 2.013732627464688107e+02 2.191457922769052118e+02 3.025197126944970023e+02 3.570637480662713301e+02 3.942763903623071542e+02 4.407364723464248755e+02 4.885461471979504608e+02 4.936757556938001130e+02 4.769353396111000052e+02 4.776279559901024641e+02
1.721766568752073852e+02 1.279521003634804117e+02 1.813063381503928326e+02 1.791021525945374719e+02 1.454667236264446615e+02 1.190967808282170921e+02 1.368149687067466118e+02 1.223235896750636016e+02 1.241177381629093048e+02 1.256134120147441848e+02 1.410572805076862437e+02 1.303680746955708400e+02 1.616602452817952553e+02 2.096641595133887108e+02 2.398511693891807397e+02 2.355887522132709080e+02 2.772110241329943392e+02 3.307292634589133513e+02 3.489736885034846523e+02 3.841942812776023288e+02 3.734114492338950981e+02 3.130862036993613629e+02 2.637062863340347008e+02 1.647882996333444794e+02 2.139370969123525583e+02 1.713479867810791859e+02 2.038159048261723854e+02 2.000528896292624950e+02 2.545668783304598151e+02 3.140994118975128799e+02 3.697081522608172577e+02 4.227163279461802858e+02 4.789431411373535070e+02 5.265912046793077934e+02 5.510158575889156509e+02 5.447003162684294466e+02 5.456064708762804685e+02
1.614671383156842808e+02 1.227839169917536850e+02 1.173157104164734221e+02 1.135622809244284497e+02 1.157021117577421876e+02 1.411771353531530053e+02 1.190967808348837593e+02 1.505505088111225120e+02 1.636445507563437900e+02 1.343424402620834428e+02 1.744085911560225668e+02 1.536471278876027782e+02 1.323661261259241826e+02 1.617796102887541849e+02 1.793370903304492003e+02 1.807885264419913369e+02 2.298113273096769831e+02 2.683350934901891947e+02 2.822950764221806708e+02 3.315660603610659223e+02 3.298780643432972965e+02 2.774084209119336606e+02 1.756444693119678391e+02 2.099216488234945075e+02 1.647882996266778264e+02 2.163826293538569701e+02 2.225947258812059317e+02 2.457602116087370518e+02 2.221937129452601880e+02 2.789100252782841949e+02 3.265497116826706474e+02 3.958010443659056818e+02 4.664506658409978286e+02 5.316957692213792370e+02 5.778045539755946720e+02 6.009021326823609570e+02 6.122656257957487469e+02
