output/field_example_test_lateral/elevation_000075.asc
nrows	150
cellsize	66.66666667
xllcorner	0
ncols	150
yllcorner	0
NODATA_value	-9999
[rows 102 to 118 of 150, columns 111 to 147 of 150]
8.627346090281140505e+02 8.729701450445977571e+02 8.286567753961528524e+02 7.776997650543208920e+02 8.335606782288710974e+02 8.856103357558735070e+02 8.970430150463519112e+02 8.615167878521307330e+02 8.056699356183047485e+02 7.508443769459146324e+02 6.883686611689624897e+02 6.280512461737069998e+02 5.718917530250339496e+02 5.498761588778531859e+02 5.297529683719252489e+02 5.625338503611957321e+02 5.463227183992712526e+02 5.063403596539970977e+02 4.510308929208300128e+02 4.952340175982288883e+02 5.657718586087369204e+02 6.300299872880993917e+02 6.565147480226816015e+02 6.569777331631565858e+02 6.559364454472133730e+02 5.993441536227926463e+02 6.329281510507121311e+02 6.729753686235154646e+02 7.167525174898878504e+02 7.726684126014291678e+02 8.408051819552575807e+02 8.974582954743518712e+02 8.919647569093785933e+02 8.803478296494337201e+02 9.104319874529567187e+02 9.466150959054471059e+02 9.888744927939615081e+02
9.016560145321968776e+02 9.165715743755872609e+02 8.769559675775494725e+02 8.319060927809192663e+02 8.849884679403023711e+02 9.111481001396825832e+02 8.855739884006911780e+02 8.194173402495794107e+02 7.539141392626943343e+02 7.083455370515663390e+02 6.577350260360331049e+02 6.015447161125941875e+02 6.274482677016322896e+02 6.218505463051554898e+02 6.085361077644938632e+02 6.182573048750419957e+02 5.891098332630250525e+02 4.603237986176250729e+02 4.603237986109584199e+02 5.014319113582416207e+02 5.670556593090191200e+02 6.413442351120123703e+02 7.016996641209916561e+02 7.231812218248500130e+02 7.112914992169446577e+02 6.609947197344126835e+02 6.700733015066261942e+02 7.209181937122751833e+02 7.664034150303094748e+02 8.162714286805346546e+02 8.789182684003108079e+02 9.387356984829367548e+02 9.516425181408092158e+02 9.518285170139562297e+02 9.695435398531487863e+02 1.005140758734886504e+03 1.042984460481869974e+03
9.422761475697305968e+02 9.617357240064435473e+02 9.306497599105758809e+02 8.937367586009430624e+02 9.290527214439719046e+02 9.241374960299831400e+02 8.664037066376860139e+02 7.960098610368172558e+02 7.295228932390493810e+02 6.694503871842965737e+02 6.258442159987674813e+02 6.015447161192608974e+02 6.188586901719726256e+02 6.840848409459267714e+02 6.786303251232807270e+02 6.540685197902057553e+02 5.954890637434209566e+02 5.303398321078408344e+02 4.693667539571786165e+02 5.291148056930309167e+02 5.846934456682420205e+02 6.552171777089993157e+02 7.134003257131402052e+02 7.640276816348542752e+02 7.650499348747159729e+02 7.281840438700354525e+02 7.294233873937361068e+02 7.774482489260980174e+02 8.257650147912746661e+02 8.726978196879430243e+02 9.232373864756669946e+02 9.790344597041465704e+02 1.006640590851145248e+03 1.015533740789491844e+03 1.032354557418479544e+03 1.060191619263023767e+03 1.094721281787985617e+03
9.770132902985434384e+02 1.001371011940962603e+03 9.902101165402312972e+02 9.607936837876286518e+02 9.696462039421385271e+02 9.305468734807964211e+02 8.603843418848591682e+02 7.897163662671613338e+02 7.255438579761342908e+02 6.672644116699212873e+02 6.854631890734083299e+02 6.743911290534017553e+02 6.921330605735726067e+02 7.341567010906651376e+02 7.173599573306290722e+02 6.589581220974775988e+02 5.924761475842223035e+02 5.306650068804007105e+02 4.771372494019385044e+02 5.141562771924019444e+02 5.671001072787349813e+02 6.281797626896027396e+02 7.032459370007793495e+02 7.747537688904885727e+02 8.103230182110868327e+02 7.999481469942193144e+02 8.012039947293329760e+02 8.379671426083993993e+02 8.878866342703615828e+02 9.293259536208682903e+02 9.675020488270109809e+02 1.001001144954415281e+03 1.015444757667508952e+03 1.021079042202604910e+03 1.032478157552246330e+03 1.057919368663450086e+03 1.093310886947080689e+03
9.737308432426295894e+02 1.005018270071811230e+03 1.023293597467850418e+03 1.015929337889859994e+03 9.931084118794032065e+02 9.270637798645326484e+02 8.555725084922081578e+02 7.917068661594761352e+02 7.370516093076944344e+02 7.014117526537072536e+02 7.478241930622845075e+02 7.502673614247544265e+02 7.637941489219939513e+02 7.737224060244570865e+02 7.298035944069979450e+02 6.581474948956408753e+02 5.890965201583786666e+02 5.341553716534070873e+02 4.842160102058857092e+02 5.428457404909677280e+02 5.796491694741271203e+02 6.335733030004621469e+02 6.995010689712860312e+02 7.732569443237265432e+02 8.330710415876204706e+02 8.558791432400083750e+02 8.673055417012665202e+02 8.922794253461961489e+02 9.207487540798917962e+02 9.442994565055669227e+02 9.624904345553624125e+02 9.706180950767894728e+02 9.610240716819687350e+02 9.595860393500489636e+02 9.654844944230342207e+02 9.916773404511558283e+02 1.042322981295131513e+03
9.175672906016219486e+02 9.656939187983093689e+02 1.000927117316924068e+03 1.022672686020333117e+03 1.013230284052272168e+03 9.670224846932801483e+02 9.069767335212731041e+02 8.488605739513129720e+02 7.977792323760329509e+02 7.445673493004819647e+02 7.951412262563900413e+02 8.221139275924296044e+02 8.247359032837229051e+02 7.932148237894227805e+02 7.227333171259674600e+02 6.416969872530364682e+02 5.706022860789084916e+02 5.081900209467795548e+02 4.889124253191711205e+02 5.451713273417358323e+02 6.038824200496038657e+02 6.682870021463046442e+02 7.286311558875854644e+02 7.851324943757431356e+02 8.261615841681613119e+02 8.514965788489512306e+02 8.635142468556346103e+02 8.840597115283472931e+02 8.908244856929413800e+02 8.902087823383384375e+02 9.021742862826819191e+02 9.028996479004690627e+02 8.904651788510943788e+02 8.870079421871548675e+02 8.869879779940570188e+02 9.356720786773283862e+02 9.939977053858781346e+02
8.590620374930242633e+02 9.029466412492647578e+02 9.467264102470096532e+02 9.930835887865391669e+02 1.015279844848716607e+03 9.927502435192324128e+02 9.311149539497700971e+02 8.681204135077099409e+02 8.117789441999645987e+02 8.113081611291042918e+02 8.542190021832485627e+02 8.738041094572049587e+02 8.570829092623540646e+02 8.024411552084160348e+02 7.370513818511965383e+02 6.865565453788514105e+02 6.262517282137241637e+02 5.660905070507392338e+02 4.962577669919988352e+02 5.529212345377237625e+02 5.949866814964182140e+02 6.478867841035425954e+02 7.044241761972839413e+02 7.458863574710507010e+02 7.670365147283521310e+02 7.937029011017634730e+02 7.958532065994633058e+02 8.241354541767400406e+02 8.188670593326427252e+02 8.190459670132753445e+02 8.365105854229520901e+02 8.349069417471563384e+02 8.243504786840909446e+02 8.219267887534945203e+02 8.849641623614952550e+02 9.527102983760487405e+02 1.025393526294678622e+03
8.014197932296278850e+02 8.441224730626272503e+02 8.946833551692964193e+02 9.433158438534424022e+02 9.910939579976945879e+02 1.004075486014708531e+03 9.725430274943283848e+02 9.196739043536742884e+02 8.741323977230646278e+02 8.823560802892917536e+02 9.015308671102017115e+02 8.929386358436116780e+02 8.546778755398322573e+02 8.052924357043361852e+02 7.523224054746976890e+02 6.977673012820997656e+02 6.338968084032280785e+02 5.781367314048670778e+02 5.121276470701019434e+02 5.106086886793146959e+02 5.245741685367650007e+02 5.948862221881963706e+02 6.525875165049018278e+02 6.763745754788628801e+02 7.150910185169908573e+02 7.203090090787536610e+02 7.269225315837511516e+02 7.407768537561452149e+02 7.429843718375030903e+02 7.519056730427290631e+02 7.917163329757048587e+02 7.753915506311643639e+02 7.670110337237756539e+02 8.207083461380906328e+02 8.837771870040600106e+02 9.500952122075061652e+02 1.019441880553049714e+03
7.531755453616406157e+02 7.974602363094975317e+02 8.426363512009728538e+02 8.968338225811692155e+02 9.538025811053746565e+02 9.911367167902125175e+02 9.996213314069551643e+02 9.773846846109512398e+02 9.412941642385090972e+02 9.424436986086028583e+02 9.205062097436048134e+02 8.739237345490846565e+02 8.112355206040148232e+02 7.575793540576779606e+02 7.114999770845108742e+02 6.642204067456331131e+02 6.146872847205758035e+02 5.447885520181048378e+02 5.748984889255370945e+02 5.671675785846636018e+02 5.803903246144659533e+02 5.455283500957054912e+02 5.936212761554020290e+02 6.368954103446301360e+02 6.496692278267178153e+02 6.537731577971975412e+02 6.753995828146854592e+02 6.530782574529586100e+02 6.773714904201603986e+02 7.111268892084057143e+02 7.387763113015690806e+02 7.210677496277461387e+02 7.851784153002010953e+02 8.520808982776377434e+02 9.095890010573530162e+02 9.572181974651809924e+02 1.006447049130442906e+03
7.157315875164467798e+02 7.538565855021792004e+02 7.976362280362835691e+02 8.483558488640679798e+02 8.998098337025346609e+02 9.564556254321813640e+02 9.958500850235072903e+02 1.011499655395511127e+03 9.964825154581775450e+02 9.650139756715695967e+02 9.035593394990867182e+02 8.314473174671765037e+02 7.641063325252911227e+02 7.050176961970034881e+02 6.553612877702040578e+02 6.242121463193427644e+02 5.721632633543442807e+02 6.064885487683359315e+02 6.245070624712499239e+02 6.228930055528601315e+02 6.245461148464315784e+02 6.066334704077873994e+02 5.623103355608673155e+02 5.747854844408717554e+02 5.864148671596693703e+02 5.977043694972982166e+02 6.114315883965037983e+02 6.225939374058360727e+02 6.369197113285199521e+02 6.531884094431279664e+02 6.777318630260666623e+02 7.356586786685718380e+02 7.849570723944515294e+02 8.356545642650943364e+02 8.798684626262921711e+02 8.950925276397907737e+02 9.529994770607203236e+02
6.800717184291004287e+02 7.137490771861437224e+02 7.523663143796131862e+02 7.950160968898022702e+02 8.489585391699373531e+02 9.047138489991885990e+02 9.647270898099460510e+02 1.003186156072767744e+03 1.001079772229769105e+03 9.543564412759924380e+02 8.919529454179847789e+02 8.295452972479465643e+02 7.737858357670199894e+02 7.186297601568030586e+02 6.599074497682087213e+02 5.938294222467014833e+02 5.721632633610109906e+02 6.352704420829054470e+02 6.793819197802047256e+02 6.816283978430741399e+02 6.758743628724483870e+02 6.434513178842192929e+02 5.928288717486695987e+02 6.286622946781977816e+02 6.195020266084181912e+02 6.222728868586533508e+02 6.701888438243275914e+02 6.535232449933891985e+02 6.930432775741683145e+02 7.116168177017842709e+02 6.811164499551314293e+02 6.998879719387990690e+02 7.236146286796688400e+02 7.874483391695766841e+02 8.170311288618329399e+02 8.759679226584603384e+02 9.408157352375739038e+02
6.418683591645644810e+02 6.703620558478460225e+02 7.038543260033512752e+02 7.480392894744130672e+02 7.984191568015296525e+02 8.589383439241686347e+02 9.185207507638616562e+02 9.752703505461226996e+02 9.826053736906912945e+02 9.185370124995198466e+02 8.428120037381813745e+02 7.767170189171057473e+02 7.230186449714731225e+02 6.862135774722072483e+02 6.260706768395818926e+02 6.468172012663727628e+02 6.214904227977054916e+02 6.751429992697309217e+02 7.288133657691328153e+02 7.396363728039040097e+02 7.047517849077937626e+02 6.460780888554496642e+02 6.328228138724143719e+02 6.716401579649723317e+02 6.580325898169847960e+02 7.069871950984405657e+02 7.303939513293154278e+02 6.998628506667780584e+02 7.076905177549529071e+02 7.612615757888440839e+02 7.577042961444873299e+02 7.654475032633193905e+02 7.858983247302658128e+02 7.563430059614233869e+02 8.082812288221616654e+02 8.658452658412435312e+02 9.304798374381390431e+02
5.957677221657546625e+02 6.239091620577268031e+02 6.596802430607756378e+02 7.049511466463186480e+02 7.589159177036829078e+02 8.148856081460471614e+02 8.811130070182600775e+02 9.459538417730238962e+02 9.748123977976455308e+02 9.298038884602690359e+02 8.460616187738222607e+02 7.701403785604638870e+02 7.094245430382221684e+02 6.591690427111924464e+02 6.260706768462486025e+02 6.815311351681752967e+02 6.769499462397013758e+02 7.236919198509245916e+02 7.777923617319265759e+02 7.890956258506820404e+02 7.423221584565588955e+02 6.859083914578731083e+02 6.767628773788375156e+02 7.170986454834905999e+02 7.008405546748059578e+02 7.606827936680654147e+02 7.874154510701007439e+02 7.522326379251920798e+02 7.495022950918473725e+02 8.033045843175669916e+02 8.358716727760667027e+02 8.385669294887248952e+02 8.392237796215871413e+02 7.841231614093831013e+02 8.117995124824444702e+02 8.594876254721104942e+02 9.203017441499613369e+02
5.528568441494426224e+02 5.770957987791296091e+02 6.218913389946052348e+02 6.736753159886246749e+02 7.223725739789915679e+02 7.806011269427851857e+02 8.467491620198735518e+02 9.081365807262917542e+02 9.585119137809364247e+02 9.451671768064472872e+02 8.790189591182711411e+02 8.173300238967135556e+02 7.506060563316494836e+02 6.804588053462886137e+02 6.617715788931386669e+02 7.153579259830989940e+02 7.535608987195934105e+02 7.692942021687551915e+02 8.273808919468193608e+02 8.362544282700896474e+02 7.879592905525661308e+02 7.343363171646474257e+02 7.279457528548364280e+02 7.685657134488506017e+02 7.508947363256723975e+02 8.027572455292688574e+02 8.415195624641996801e+02 8.125625048339705927e+02 8.013466137348425491e+02 8.551679149753903175e+02 9.042709284394939004e+02 9.107519825360081995e+02 8.776242633847110710e+02 8.183711921392231261e+02 8.658969609797371731e+02 9.043357843007358952e+02 9.589853043236394115e+02
5.925753806284748180e+02 6.322961656340905847e+02 6.152385438561440196e+02 6.424898020946822044e+02 6.915909565535951060e+02 7.513609581052645581e+02 8.115380543773114823e+02 8.771338816029814325e+02 9.407723835292225658e+02 9.593220161967623199e+02 9.100314635796956964e+02 8.264037910847545163e+02 7.500258600488632510e+02 7.447880059640891659e+02 7.073750966961868016e+02 7.570770281092123923e+02 8.164714221389054956e+02 8.385359049281219086e+02 8.811055701594439142e+02 8.863162658901882196e+02 8.422859258944960175e+02 7.955431679353021082e+02 7.905336990472330854e+02 8.274465360148565196e+02 8.127489695039239450e+02 8.584895256941904336e+02 8.993665506964592851e+02 8.793808686675855597e+02 8.659453985359732542e+02 9.119133145865770302e+02 9.619366728413531291e+02 9.691486919598695522e+02 9.209120682107719631e+02 8.589451070261580981e+02 9.182251604104404805e+02 9.662727185409394224e+02 1.007749575494765281e+03
6.082618693605306817e+02 6.672082040372117717e+02 6.795842090615861935e+02 6.846166727018397751e+02 6.878216792650067646e+02 7.256334662602976096e+02 7.796776912110614148e+02 8.458863690864831142e+02 9.188086684863835671e+02 9.696006738765926229e+02 9.402580838256500328e+02 8.679695171332491554e+02 8.024803720469286645e+02 7.897520369875406914e+02 7.742245959605720600e+02 8.203452636229618520e+02 8.670941591834214250e+02 9.096663406516258874e+02 9.335078148113033194e+02 9.344576771067198706e+02 9.078002487664376758e+02 8.689663049491528000e+02 8.693981060160646166e+02 8.880635086032079926e+02 8.880588412486589505e+02 9.224153973444833809e+02 9.595309558985616150e+02 9.525282378913739194e+02 9.485424020856125935e+02 9.700589733224848032e+02 1.014736782643124570e+03 1.018045743670076604e+03 9.688875829235364563e+02 9.074895421127000645e+02 9.685844804215705608e+02 1.022107768989300780e+03 1.069936050553900941e+03
6.120366795150595181e+02 6.833633949442707944e+02 7.300576989268824946e+02 7.356513949890239701e+02 7.455271467031086559e+02 7.890036369555441524e+02 7.996298360468800865e+02 8.578454179711675351e+02 9.250048110640626646e+02 9.848374963953003771e+02 9.755257917104262333e+02 9.197116757985430695e+02 8.666719177875249898e+02 8.577140973814159679e+02 8.546939291306244968e+02 8.954631906484006549e+02 9.259519007916104556e+02 9.469309979434721072e+02 9.527036965995802120e+02 9.527710491769233840e+02 9.484979044848596459e+02 9.371211106969359435e+02 9.396984732090612624e+02 9.543372017107449210e+02 9.642863215052607302e+02 9.866825938691291640e+02 1.009718714301861155e+03 1.016749765560831634e+03 1.020309311929385444e+03 1.035695660064368667e+03 1.058213150481961520e+03 1.061447859821463226e+03 1.031052914860941428e+03 9.859764797081872985e+02 9.798484267800309908e+02 1.031595062855974220e+03 1.089340505814079734e+03
