output/field_example_test_lateral/elevation_000032.asc
nrows	150
cellsize	66.66666667
xllcorner	0
ncols	150
yllcorner	0
NODATA_value	-9999
[rows 68 to 84 of 150, columns 0 to 36 of 150]
-9.284786081597235646e-03 3.270844781180089456e+01 9.116779138630451484e+01 1.515149703128241470e+02 1.875544662922237364e+02 2.367668470592045935e+02 2.919234402328345936e+02 3.440279639505881164e+02 3.736388014763626870e+02 3.725315180199100382e+02 3.766108065887564749e+02 3.834312885316288657e+02 3.936356089271929477e+02 4.044282420989191564e+02 4.394882331037890140e+02 4.499245087916069110e+02 4.693099650936714511e+02 4.683314198359367992e+02 4.274891543948481853e+02 4.190845498026927203e+02 4.538256807133379880e+02 4.977304071455981216e+02 5.051238084410368856e+02 5.575807050248320138e+02 6.230623446532873686e+02 6.973309635942099476e+02 7.587833688398802678e+02 7.470611920491314777e+02 6.913425029176903536e+02 6.422295196621063269e+02 6.008303852788285440e+02 5.891333183647946043e+02 5.441856461318427591e+02 4.981813088856295053e+02 4.511223257002379228e+02 4.028966508496411620e+02 3.642907256661881661e+02
-8.841558885565268047e-03 6.014244721659618875e+01 8.327134727479230492e+01 1.260213583363314029e+02 1.961715293151342223e+02 2.584344705203922103e+02 3.001094401007642318e+02 3.107979656122815300e+02 3.069384693014027903e+02 3.009620598342839912e+02 3.055437524712659183e+02 3.133876446879016271e+02 3.241979028431593406e+02 3.367248491178662562e+02 3.793569734542415404e+02 3.815007167604342158e+02 4.182621136166853830e+02 4.122033744220515814e+02 3.700044707621580073e+02 3.631062001905607985e+02 3.976386717611975428e+02 4.379598420553182905e+02 4.936950281327985977e+02 5.561719700813591771e+02 6.321007792709821160e+02 7.047012129604923985e+02 7.346440219226037698e+02 7.015412493608071145e+02 6.337924732730056121e+02 5.690331634049360900e+02 5.219131581796871160e+02 5.355182220076442263e+02 5.003302783990389457e+02 4.484301168725568232e+02 3.998550584435109840e+02 3.544480114101870072e+02 3.116048592939605442e+02
-1.187182211340317983e-02 6.583853595801741676e+01 1.264932135152287458e+02 1.714021270127053072e+02 2.138470231248149389e+02 2.475083822956762276e+02 2.599170373116558608e+02 2.446162285177043145e+02 2.367470912200224689e+02 2.356209735922751918e+02 2.432886715280061196e+02 2.528501983315221651e+02 2.631666397149072054e+02 2.796712713438967626e+02 3.192508083078210461e+02 3.237604071648179911e+02 3.633794465395057500e+02 3.457305538855906093e+02 3.207292184521407421e+02 3.826777668178689851e+02 4.451128245784396995e+02 4.962219349987960868e+02 5.464938726733792009e+02 5.991779233380148071e+02 6.513983736529651196e+02 7.058366799179409554e+02 7.021319323963855368e+02 6.454789500234271600e+02 5.801744548301908253e+02 5.088479898125783620e+02 4.514642721120977740e+02 4.686661254969433799e+02 4.676995739706858899e+02 4.166504942987419895e+02 3.635140114568071112e+02 3.147080658467585863e+02 2.716053329339861193e+02
-1.212530564061327712e-02 6.677786042844954295e+01 1.278939814846981875e+02 1.648968264674927582e+02 1.862564577024294294e+02 1.927441085040773032e+02 1.953235508893283452e+02 1.728737539728404045e+02 1.731060064923946982e+02 1.797012656380089481e+02 1.905999924772712006e+02 2.018973521702584719e+02 2.096555693914369556e+02 2.468977732705026824e+02 2.499076533193810690e+02 2.886829516821252355e+02 3.076542208284403159e+02 2.794170952837741879e+02 3.265662800580899443e+02 3.835365015330963274e+02 4.470253421919853736e+02 5.093831503172428370e+02 5.651584875289718184e+02 6.099532091052267333e+02 6.641021478431209744e+02 6.940808971531369025e+02 6.665357939150420634e+02 6.003425907154437482e+02 5.301309888477943559e+02 4.642577127772788117e+02 3.943016827705055789e+02 3.975140579244157379e+02 4.167304594771310917e+02 4.123879696165234918e+02 3.945203201045559922e+02 3.630622129898219441e+02 3.160550705181404965e+02
-1.235763134756366621e-02 6.531484352323097653e+01 9.626133037061892139e+01 1.093344695513948182e+02 1.222170072183665326e+02 1.292718931389466661e+02 1.429706830959293598e+02 1.057124229375865383e+02 1.188404528532237521e+02 1.323980292259225564e+02 1.452773788851052075e+02 1.582975025406021246e+02 1.728317425117689652e+02 1.885725206734199730e+02 2.038146391992619897e+02 2.233641289180104934e+02 2.451343923264375633e+02 3.112868975429468037e+02 3.265060051130752754e+02 3.884232166564110571e+02 4.500449559013430871e+02 4.985037644443702902e+02 5.348657123915799048e+02 5.960216265120182015e+02 6.532823793603670310e+02 6.662888712209003188e+02 6.198907421374773321e+02 5.578316780648166286e+02 4.896068667243833943e+02 4.310462598059952484e+02 3.908684437314948923e+02 3.251414361820915246e+02 3.396615040353117365e+02 3.526121056427878671e+02 3.774291954800190183e+02 3.809945253402423191e+02 3.468260332760340248e+02
-1.261290963286170949e-02 4.691788621538678683e+01 3.106451742219478973e+01 4.382013699944508289e+01 5.607507906666238995e+01 6.879501003163646544e+01 8.422107312825757219e+01 1.416210012590272243e+02 1.736652815639113214e+02 1.989061563857975159e+02 1.958997851858054560e+02 2.043456215568357095e+02 2.408633091693933466e+02 2.419273549174769471e+02 2.493015648924655636e+02 2.920077631650401031e+02 3.000549317086437213e+02 3.466502630311038615e+02 3.859587031047776691e+02 3.792737037027037559e+02 4.170464816251332536e+02 4.616501424121706805e+02 5.246275859038812541e+02 5.896184138760547739e+02 6.420725736159204189e+02 6.359951709814273499e+02 5.787491765308632239e+02 5.118406045995553768e+02 4.511830767827036652e+02 3.939382662638437296e+02 3.484303239263452383e+02 3.196451092783312333e+02 2.618927229077547736e+02 2.759502971027444005e+02 3.287098070921566659e+02 3.561525699227983068e+02 3.368004827885022792e+02
-1.259887497779694533e-02 1.261781200158915972e+01 7.066761265251722079e+01 1.051187132885574584e+02 1.029428256859722808e+02 1.236008104210151402e+02 1.524560642353333719e+02 1.536834576827891397e+02 2.125190632636946759e+02 2.538644078995827726e+02 2.522933138398143171e+02 2.620075751816490879e+02 3.031724187063521185e+02 3.022197465830538476e+02 3.046280294746340473e+02 3.516071516280357514e+02 3.703890108989304508e+02 3.960942726519006669e+02 4.382339298469133269e+02 4.444583815442205150e+02 4.656101154476541524e+02 5.046545249304062963e+02 5.467353340161456572e+02 6.056708942209021416e+02 6.329994335256216118e+02 6.040275025882758655e+02 5.399131911877501580e+02 4.723698722724508912e+02 4.117403237110389682e+02 3.599651273778287646e+02 3.119684091739439964e+02 2.735171221656096918e+02 2.520732461688831165e+02 2.064419042869858174e+02 2.729421849528687858e+02 3.121376922176967810e+02 2.940827556658957747e+02
-1.182446389282054700e-02 6.046805916474674802e+01 1.060836069139650562e+02 1.527006531396770015e+02 1.560010039466426406e+02 1.926683455511346494e+02 2.099210768891396981e+02 2.087297350393445186e+02 2.547546438396117310e+02 3.022370112986122308e+02 3.140922742973426693e+02 3.299091519006556155e+02 3.635164465891293730e+02 3.662588325933183455e+02 3.696530954201494978e+02 4.023466992266403963e+02 4.380726083753984312e+02 4.614396623513262625e+02 4.816366966726727128e+02 4.959661251005732083e+02 5.142503764795064853e+02 5.425809235717423462e+02 5.783554150416458697e+02 6.123552078469241451e+02 6.108294423494003240e+02 5.599155674714033921e+02 4.994180469025310458e+02 4.350808561829198311e+02 3.775837761942392490e+02 3.267023547301704980e+02 2.816459681458245541e+02 2.393774492651983508e+02 2.038814093083788634e+02 1.712597492092037896e+02 2.391532583389693798e+02 2.582165629115020238e+02 2.400514316491520788e+02
-1.233531440926656508e-02 6.451085418493990176e+01 1.305121568463538608e+02 1.855697981716087668e+02 2.137162363860222456e+02 2.465555301088331248e+02 2.756938635542601901e+02 2.752955181920211203e+02 3.074816429525549211e+02 3.494383457043230123e+02 3.732117514705682311e+02 3.903585616061470205e+02 4.054656519403736752e+02 4.146321579762166607e+02 4.259935299931391910e+02 4.503381200381847975e+02 4.756854186596212912e+02 4.836441410007677177e+02 4.761993910329784967e+02 4.755712145072132557e+02 4.841098547027722816e+02 5.137215115659500952e+02 5.511050803760898589e+02 5.849173079167546803e+02 5.800240207914039274e+02 5.209923840599204823e+02 4.542059227979963794e+02 3.971215901009889535e+02 3.442817988747145819e+02 2.976623219327853462e+02 2.536625278929192575e+02 2.124862525441492096e+02 1.751775261258302407e+02 1.435033096333470439e+02 2.043273275214590967e+02 2.183220313464888136e+02 1.771184078171199303e+02
-1.231360642530858474e-02 5.408275805663365077e+01 1.153761552406864297e+02 1.813012484830220217e+02 2.453539093837444227e+02 2.952178661305692344e+02 3.255518364480003584e+02 3.369191546095266290e+02 3.558343866588698461e+02 3.769714842923803531e+02 3.866622844614773840e+02 3.875108600730685566e+02 3.787099715516816900e+02 3.842326311618302270e+02 4.067017095867594207e+02 4.356865415270690960e+02 4.596521497057005945e+02 4.459201471673804917e+02 4.070387618635850231e+02 3.992274371618498208e+02 3.993774524947867235e+02 4.387127803075376846e+02 4.879317723549015113e+02 5.418203655252229964e+02 5.466041757727838331e+02 4.865590084787219212e+02 4.169952650208704199e+02 3.568716340269554621e+02 3.093177398842663024e+02 2.671161468662097604e+02 2.296992309743110638e+02 1.899418449328860561e+02 1.509139724237400912e+02 1.202835077027848030e+02 1.605288972327105625e+02 1.744032180746961558e+02 1.393598568377987306e+02
-1.175404137831404308e-02 4.859490408214510637e+01 1.046809390041176044e+02 1.685989915713404628e+02 2.374455347668520915e+02 2.999530454947110911e+02 3.288922625531804442e+02 3.360359443667697974e+02 3.414302228536563462e+02 3.443698329153116902e+02 3.351962372118205167e+02 3.342366426307659708e+02 3.025473800045422763e+02 3.060618579713636791e+02 3.397214046461446628e+02 3.787043820722844316e+02 4.146720091482454222e+02 3.918083617089762356e+02 3.334543612942849222e+02 3.194366992257895390e+02 3.191905791944749922e+02 3.680770980753875392e+02 4.346300444350515590e+02 4.991162948333569602e+02 5.160617747456110465e+02 4.580864142845524611e+02 3.855589766284223856e+02 3.231502250369856597e+02 2.730458600347964193e+02 2.328456022276326678e+02 2.003183272821152627e+02 1.733033022852089289e+02 1.502401849879605038e+02 1.518577264878724407e+02 9.779386524735215858e+01 1.242940274261431028e+02 1.078462441646836538e+02
-1.238002420839382986e-02 4.851297805687241294e+01 1.042064727303427816e+02 1.667459837988619427e+02 2.314909797058351160e+02 2.814084439453237110e+02 2.783943519830588116e+02 2.758090668996173349e+02 2.761979366079208944e+02 2.753076007411785895e+02 2.663819912569137500e+02 2.710504660929720444e+02 2.300458572500757555e+02 2.346674632066117283e+02 2.764602274294872473e+02 3.281628275656906908e+02 3.676782263954390260e+02 3.440259845465429294e+02 2.692782930185627492e+02 2.484875634200469392e+02 2.568793564783841248e+02 3.205612399268798640e+02 3.900251443159318114e+02 4.571858801964781378e+02 4.917606104925878299e+02 4.783867173974045954e+02 4.352819875477075584e+02 3.791368708380955468e+02 3.316935966104895215e+02 2.840619512063418597e+02 2.670283797974485651e+02 2.457618029946226557e+02 2.098135187208218326e+02 1.825259345645162909e+02 1.311776105140310165e+02 7.179489878827729399e+01 8.116068609584777960e+01
-9.029305900752564173e-03 5.386787764171254622e+01 1.137833083827315619e+02 1.750115555976620101e+02 2.276633061375033549e+02 2.403982448761392448e+02 2.129678401076578496e+02 2.063819338229320692e+02 2.070107990651707439e+02 2.066872482034296752e+02 2.007787583819669237e+02 2.112900608110176677e+02 1.688771652367750278e+02 1.798167633152265807e+02 2.322279790905840571e+02 2.834578994514914143e+02 3.213987261864211860e+02 3.040649820429288184e+02 2.494794934860360911e+02 1.838297706813113734e+02 2.248103551968436022e+02 2.823242023510902072e+02 3.469149502621420993e+02 4.029054271092285262e+02 4.510617496982455918e+02 4.735319318542679525e+02 4.654832591582191981e+02 4.326253756184519261e+02 3.847093402830468563e+02 3.480822641845119847e+02 3.256229369872310713e+02 2.898862653651938217e+02 2.397277398530871437e+02 1.836570663735355993e+02 1.272559588798322494e+02 7.707457304058924308e+01 4.947771958195055930e+01
-9.113343604378211851e-03 6.459182930236218567e+01 1.277535549038582019e+02 1.721807268408103084e+02 1.934296542227318128e+02 1.875090763090280461e+02 1.459835653088677532e+02 1.421702400607589709e+02 1.460812636311412120e+02 1.454347128036254446e+02 1.427097550760568936e+02 1.565176417042266337e+02 1.170140562973756175e+02 1.496807725441310879e+02 1.917497989543191750e+02 2.377833564557595309e+02 2.681571702039328216e+02 2.572322241511872107e+02 2.052585943768782499e+02 1.436515112224304005e+02 1.903763354112229820e+02 2.465839810928004283e+02 3.023227561716513492e+02 3.459154421578051597e+02 3.874241086899240827e+02 4.342008302989104891e+02 4.614716722568498426e+02 4.590265024446921416e+02 4.257219517099468931e+02 3.795684294247166122e+02 3.307550753856472170e+02 2.789915820814707104e+02 2.208713573275196040e+02 1.454544728234093327e+02 7.233059565274743363e+01 4.666726468233011360e+01 7.249683250323387540e+01
-5.870896034375905348e-03 6.423993829633332098e+01 1.087252677025828262e+02 1.222109688091966149e+02 1.315874360290135314e+02 1.239237695082528177e+02 8.771481276326227317e+01 8.657832488599152043e+01 9.361489080449878486e+01 8.654206605514730200e+01 9.127620620254853634e+01 9.883523539906371980e+01 8.266699784696311326e+01 1.097641481348107959e+02 1.463914294645062739e+02 1.925233536929911224e+02 2.031882320164263263e+02 2.025760695280748678e+02 1.617480017349656976e+02 1.099682500067872297e+02 1.592977223842862600e+02 2.130099117373466981e+02 2.742311247589352661e+02 2.770641793775494079e+02 3.235352849727684088e+02 3.733987971294849899e+02 4.263164355745825560e+02 4.445148258925099753e+02 4.091006967852757157e+02 3.537267426234724326e+02 2.862233362042796330e+02 2.281100806949233117e+02 1.715859684221134955e+02 1.273756295083408361e+02 8.946496040599760136e+01 4.666726467566344638e+01 8.761089756224690461e+01
-5.747164454343884482e-03 3.974360515930087701e+01 6.744106707969149284e+01 6.310578105165054552e+01 7.254709865919561196e+01 5.655364405390131566e+01 4.327592571962106405e+01 4.310968070243824002e+01 2.108548331456276514e+01 2.981238655023382478e+01 5.579074039541237084e+01 4.441346697111398356e+01 6.638196714961632949e+01 6.042935319213365375e+01 9.707216720671621601e+01 1.348093786448869196e+02 1.376632079485907241e+02 1.434775777922836824e+02 1.024066547291025131e+02 8.116466426492405617e+01 1.327717928656126389e+02 2.030950173285838787e+02 2.383804769475069065e+02 2.148182880137933353e+02 2.604588013376920230e+02 3.203830883858377661e+02 3.817441557658806346e+02 4.096406281986068052e+02 3.665893615299137309e+02 3.014100324535376672e+02 2.358706036555831247e+02 1.736097480060673206e+02 1.200734388736049283e+02 4.277793796117315850e+01 4.323272683443313014e+01 9.475438357155258018e+01 1.247274351710102849e+02
-2.138278403929988383e-03 1.328872309755367409e+00 6.557389600870855872e+00 3.381932147034860670e+00 3.381932153701527444e+00 6.901793429593506168e+00 6.901793436260172498e+00 7.913622659954707927e+00 2.108548330789609793e+01 1.000796387056272252e+01 1.323913364982224117e+01 1.444713011049314488e+01 1.451470657313987189e+01 1.451470657980653911e+01 2.988792002090434607e+01 7.793514044755208658e+01 7.528359942883382416e+01 8.453416530858146416e+01 4.509320127314500581e+01 9.356860696427929724e+01 1.360781462619421802e+02 1.748659758831829265e+02 1.879611280835141542e+02 1.594970803742574788e+02 2.109208582416167701e+02 2.731708173671729583e+02 3.298161949640184503e+02 3.734777404580567577e+02 3.441912961909843034e+02 2.592012730203177284e+02 1.849078915913957815e+02 1.248285062387235627e+02 7.790957969092832514e+01 4.186789559782150860e+01 4.227340988774368924e+01 1.030228601893093128e+02 1.555179522661928502e+02
