output/field_example_test_lateral/elevation_000070.asc
nrows	150
cellsize	66.66666667
xllcorner	0
ncols	150
yllcorner	0
NODATA_value	-9999
[rows 68 to 84 of 150, columns 74 to 110 of 150]
4.463571334433509605e+02 4.020309067394199474e+02 3.945783160397376719e+02 3.919015405047961735e+02 4.306337301952533494e+02 4.724531849288686658e+02 5.159040263069189223e+02 5.589476422616937725e+02 6.111475344941061394e+02 6.665391671377790317e+02 6.987872387490068604e+02 6.838266315792830028e+02 6.226774271961360228e+02 5.596384217612975362e+02 5.045868879977177244e+02 4.690780470687538468e+02 4.145548771406993183e+02 3.609001151457552510e+02 4.039584958139816422e+02 4.144459388783130294e+02 4.071150777805273151e+02 4.601938032896302389e+02 5.023083000616239815e+02 5.536168174101395607e+02 6.065883827568239894e+02 6.194053695906798112e+02 5.743947771146463310e+02 5.312403893485188746e+02 5.145899555375126511e+02 4.668839741497282603e+02 4.178749549932221612e+02 3.715878749619021733e+02 3.170588717142730957e+02 2.676019065232194407e+02 2.329304997279584484e+02 2.184779707155497306e+02 2.656202274968429151e+02
5.059372696497852075e+02 4.682569535947570785e+02 4.601897420268273891e+02 4.445183635143527567e+02 4.719493934305724565e+02 5.094416751130697776e+02 5.561179659736966414e+02 6.081118592174864261e+02 6.576724588640666980e+02 7.062129211400987288e+02 7.197174455366115353e+02 6.754310090347511277e+02 6.131678361794965895e+02 5.512000112245675609e+02 4.930907617894648070e+02 4.397240410225510345e+02 4.017207222123997781e+02 3.774814183249632720e+02 4.380308574185232828e+02 4.737397704040651547e+02 4.536527092294304566e+02 5.012995626292963607e+02 5.549925239142071405e+02 6.028407769098047311e+02 6.489497974150344817e+02 6.574049520730434324e+02 6.272696775600171577e+02 5.922728850911310019e+02 5.560554498310707459e+02 5.075316937813771005e+02 4.426165027180672382e+02 3.656197108493395262e+02 3.005177810876417652e+02 2.375353796039028396e+02 2.284553222528749359e+02 2.209752828484942881e+02 2.518376554382026882e+02
5.402174434737447655e+02 5.302486409803713059e+02 5.267034617397491729e+02 5.160942238225552501e+02 5.275684345095337449e+02 5.599940909192844174e+02 6.010971418290542942e+02 6.545548773211139633e+02 7.094954168168351316e+02 7.390681581737803754e+02 7.250142930116578555e+02 6.768956679281766355e+02 6.218575890102091535e+02 5.680594467820650380e+02 5.104353185255370704e+02 4.596180276006223835e+02 4.021767226951675980e+02 4.332332428290713437e+02 4.796178569959652691e+02 5.241346023415695754e+02 5.074300295659716085e+02 5.562665258217390374e+02 6.052822061791852093e+02 6.550591928943209723e+02 6.817169388291781615e+02 6.737273200737213301e+02 6.372284403170351652e+02 5.947506178103111552e+02 5.493475203819579065e+02 4.976931786201273553e+02 4.309783367223047321e+02 2.523632712930922537e+02 2.523632712864256007e+02 2.642712789501289308e+02 2.919302728505380173e+02 2.830094524658207433e+02 2.262973726938719494e+02
5.121746787491185842e+02 5.327700298147468629e+02 5.547535020159801888e+02 5.720615056741720537e+02 5.930193353939511098e+02 6.187209456365352480e+02 6.571932173533708692e+02 7.021061940594166799e+02 7.492512164038165565e+02 7.580412516367123317e+02 7.089001206896191434e+02 6.432043129259974421e+02 5.828570433721778272e+02 5.311667613778049599e+02 4.958741876455244437e+02 4.305938976142367665e+02 4.426084083765497894e+02 4.791114480454036197e+02 5.294796268354614313e+02 5.761184368098312234e+02 5.699837758727807113e+02 6.139105514471712013e+02 6.611453850741318092e+02 6.889449808531926465e+02 6.868637847380416588e+02 6.527205357315831407e+02 5.988514607992921128e+02 5.493005220222819389e+02 5.004954917905205889e+02 4.490157376721878677e+02 3.905206517863971953e+02 3.287951903361825998e+02 2.643385230164744826e+02 2.754809255876256771e+02 3.340107562667957950e+02 3.368224945063867608e+02 2.963772136826008818e+02
4.436843674237374557e+02 4.764821924626684790e+02 5.210583381658531152e+02 5.621726573484245364e+02 6.060663948970775436e+02 6.549509182403600107e+02 7.058813859095051839e+02 7.517113654317384999e+02 7.809188211135870006e+02 7.628186125369153388e+02 7.026836961611281822e+02 6.382299314403840071e+02 5.773263355374060666e+02 5.306679951685980541e+02 4.643664487621593935e+02 4.667667441741431844e+02 4.915868677999066563e+02 5.284184052014280724e+02 5.745265657879554055e+02 6.295225727175850352e+02 6.396417465996132705e+02 6.777103276215285632e+02 7.000243279762489692e+02 6.964655610251679718e+02 6.634425204504882458e+02 6.098982549779694864e+02 5.564959566439430318e+02 4.999319944519924093e+02 4.497727500368786195e+02 3.987605824816719746e+02 3.460504051571658124e+02 2.858440642776736240e+02 2.643385230231411356e+02 2.826261536877124172e+02 3.848265736395931640e+02 3.925034149219175674e+02 3.507038963195004726e+02
3.706490837991132139e+02 4.064876786664883639e+02 4.573855522969191725e+02 5.092173604970947167e+02 5.668626713580559908e+02 6.328479881018769220e+02 7.028877463290858714e+02 7.686629863528570468e+02 7.940863902924062359e+02 7.492212474003966918e+02 6.858205903123814551e+02 6.360047949613680203e+02 5.688021760222397916e+02 5.008333317486652163e+02 5.193652895881169798e+02 5.326451251401782656e+02 5.322706620906956232e+02 5.756664731942848903e+02 6.280396455869555439e+02 6.757683356114267781e+02 7.089620734483187334e+02 7.221568822524752704e+02 7.104749013590291042e+02 6.732472334076082916e+02 6.198133604171098341e+02 5.689295197356722156e+02 5.124042108266709192e+02 4.605771543327074369e+02 4.066095677020622361e+02 3.587022331898216976e+02 3.047818534713268264e+02 3.343621083646087300e+02 2.977495263784061308e+02 3.596576147795687461e+02 4.267346871567179960e+02 4.383992522628584538e+02 4.005025456834621878e+02
4.273583208730037768e+02 4.659825030730107756e+02 4.582395122625200656e+02 4.994214281133641862e+02 5.595729033892059761e+02 6.261278973425507957e+02 7.005501648580557230e+02 7.726715811203216617e+02 7.941234370104449454e+02 7.369602552213137869e+02 6.610523045026061482e+02 5.997632173171824661e+02 5.539285739098478416e+02 5.275034024013774570e+02 5.738769029640449162e+02 6.030364467900719774e+02 5.996819487902561150e+02 6.166565417595490999e+02 6.764928228098993941e+02 7.277406748153987337e+02 7.486025479818339363e+02 7.308770727779759682e+02 6.890468859159766453e+02 6.298763216907263995e+02 5.741172733020621308e+02 5.240995548017950796e+02 4.779625922847400830e+02 4.219950992892892145e+02 3.754356551143500837e+02 3.206380111162698086e+02 3.047818534779934794e+02 3.726671826996221739e+02 3.656592418193901040e+02 4.132793004211583821e+02 4.667915358467025158e+02 4.760157018062607790e+02 4.462988204995916703e+02
4.708294289711707847e+02 5.129062691386582173e+02 5.153230680634654846e+02 5.595434648861905771e+02 5.728951051416777318e+02 6.319912177826755624e+02 7.054411433909455127e+02 7.828043148090157501e+02 8.077562186923727268e+02 7.530939612355141435e+02 6.941680797987261258e+02 6.430157254858593205e+02 6.002095930752271897e+02 5.606668048469798578e+02 6.107237735593779462e+02 6.610461682883349113e+02 6.706443383554277489e+02 6.812089671350936442e+02 7.294571721462980349e+02 7.590484437091781729e+02 7.517741585254831307e+02 7.087052110460766698e+02 6.466549924513207088e+02 5.909956491729967638e+02 5.286094311317764323e+02 4.724035160299849849e+02 4.440548564724638823e+02 4.144556612378403884e+02 3.494720156456923519e+02 3.870923353144641510e+02 3.701804631836754993e+02 4.200077459208871460e+02 4.498327360771644408e+02 4.828451747508644871e+02 5.001245673624518986e+02 4.871936703250384539e+02 4.506842883722435431e+02
4.749600242163888311e+02 5.359148885420415809e+02 5.839367281469420732e+02 6.052183275121581119e+02 6.445419244070059221e+02 6.873908310975086806e+02 7.437082701050356945e+02 8.084386077776446200e+02 8.324977737319566131e+02 7.915800672153063715e+02 7.417287366643679434e+02 6.902834469565600557e+02 6.461784314479411933e+02 6.008508298654212467e+02 6.491978573239468915e+02 7.024484867098227596e+02 7.402500442597795427e+02 7.495692609815928336e+02 7.693955631295779085e+02 7.640219019380441523e+02 7.297897464136127610e+02 6.718275889829160405e+02 6.060057095761865185e+02 5.452429443575349524e+02 5.144462414109068504e+02 4.645292488238457054e+02 3.960780079124133977e+02 3.771504101195839667e+02 4.270673227679491220e+02 4.411462763054232141e+02 4.427739390055435820e+02 4.907792816088738164e+02 5.185804206723340712e+02 5.243230842976165604e+02 5.001404641963390532e+02 4.626881673689101149e+02 4.116952987470770609e+02
5.164565387725492656e+02 5.766827827453494137e+02 6.307874190984857705e+02 6.707599127282761629e+02 7.122667782485716543e+02 7.479035542550121818e+02 7.874871708558611090e+02 8.311157520060996831e+02 8.560616693827349764e+02 8.351150604946840303e+02 7.891348323537971510e+02 7.452833668884862846e+02 6.996064444528523154e+02 6.504642468932088377e+02 6.945736851435615336e+02 7.471888151617625908e+02 7.935317198627079733e+02 8.022991747966332241e+02 7.790205940450687194e+02 7.358969459168013145e+02 6.831792124605967729e+02 6.380781915034973508e+02 5.957117700454103897e+02 5.387156504177123679e+02 4.668024939494984551e+02 4.211708391172967367e+02 4.535615661118597473e+02 4.442764051818026587e+02 4.930559474027182887e+02 5.124104458445322052e+02 5.217350317489685949e+02 5.475717297090479860e+02 5.498382545372357981e+02 5.155761376000755263e+02 4.641796141832523972e+02 4.150056833303930830e+02 3.734095496125707996e+02
5.692457833490714165e+02 6.240822957441720291e+02 6.829813563559982867e+02 7.220721982444169953e+02 7.472127697288879062e+02 7.612647354458633799e+02 7.803122434290429510e+02 8.128539641614204356e+02 8.443039638899319925e+02 8.542655545226097047e+02 8.339950714806907399e+02 8.017850952232452073e+02 7.549157060330356899e+02 7.124948128572067390e+02 7.532864886114434739e+02 7.958323212303632772e+02 8.325090508043900854e+02 8.177335152827787397e+02 7.574788398430576990e+02 6.872858451865123470e+02 6.244859128559901364e+02 5.874295574615161968e+02 5.491377307207301328e+02 5.043000332042936407e+02 4.405386512276398321e+02 4.211708391239633897e+02 4.805044022483714912e+02 5.152976740712257424e+02 5.523738583048369719e+02 5.858022854490646978e+02 5.918301065988214305e+02 5.812337662535055642e+02 5.394594584153159076e+02 4.780382139403025121e+02 4.198131450463806686e+02 3.533088452791707823e+02 3.372274950167457064e+02
6.222672552608814840e+02 6.779293487997492775e+02 7.175350506100049870e+02 7.331396314941325727e+02 7.223701232005925021e+02 7.032367564930243589e+02 7.106539939535311987e+02 7.518235085073350774e+02 8.024962115728230856e+02 8.259732978265491283e+02 8.385057746049459411e+02 8.344377015846565655e+02 8.140081011420232926e+02 7.867912496006384799e+02 8.153262168139584674e+02 8.531977301764250115e+02 8.650328967652754955e+02 8.206101820016963302e+02 7.458418804105610889e+02 6.700696060314649003e+02 5.990509357480493691e+02 5.438034998741385380e+02 5.023799270820401262e+02 4.703492472776280806e+02 4.698012656522030852e+02 4.778968519199657408e+02 5.290265245741035187e+02 5.779967196148966195e+02 6.207018548959648570e+02 6.403136767541552672e+02 6.273043197111223890e+02 5.738026036590756576e+02 5.040223449496817807e+02 4.379630550754565093e+02 3.775240084909652865e+02 4.009542537525416606e+02 4.141923194555984082e+02
6.797457922420585419e+02 7.137582032516197614e+02 7.252974809515619654e+02 7.022100751390096320e+02 6.540088369634585206e+02 6.259067115936926484e+02 6.383471451253874420e+02 6.973087738167319003e+02 7.499143892448346378e+02 7.606387415872923157e+02 7.977127705676899723e+02 8.231386015747331157e+02 8.418239085007334097e+02 8.502051020971259732e+02 8.743457738655198455e+02 8.947108252341691923e+02 8.790266555107004933e+02 8.172035993375471890e+02 7.467374718092535204e+02 6.827322085225317778e+02 6.406317217812535318e+02 5.815637761608001028e+02 5.062973427445004404e+02 5.260658049380868988e+02 5.118973973486768614e+02 5.423224361856874793e+02 5.865530537902858441e+02 6.392777591447110126e+02 6.699580651075186779e+02 6.664596661428855668e+02 6.298345105041049692e+02 5.774242978110027025e+02 5.116911449813677564e+02 4.629710387283608952e+02 4.244616987992429813e+02 3.775240084976319395e+02 4.446250269548450547e+02
7.158041764727316831e+02 7.196442225823373064e+02 6.962235213975236547e+02 6.496302501327562595e+02 6.005495936980198621e+02 5.488006123595670260e+02 5.927550863665956058e+02 6.505267924222505371e+02 6.940494562861376835e+02 6.936626460835483385e+02 7.332896998515315090e+02 7.700363679954743930e+02 8.131101342344788918e+02 8.485733533136683491e+02 8.849439074745084781e+02 9.102219161739651554e+02 8.837378422190010951e+02 8.227804772754036549e+02 7.582604505504135659e+02 7.014068527707960357e+02 6.527894004664002523e+02 5.978560942828413545e+02 5.346615847519590261e+02 5.813423465954349467e+02 5.641745445797830598e+02 6.068671547174990337e+02 6.458818430645786748e+02 6.876982965470655245e+02 6.988315852053827939e+02 6.542500307777762600e+02 5.901249282813847685e+02 5.404018898916639273e+02 4.897072354775909844e+02 4.195102847781561195e+02 4.019571760264507247e+02 4.434064874567538368e+02 4.451115656738872417e+02
7.066394530879131253e+02 6.838266996538048943e+02 6.410080582291777773e+02 5.968673150927289726e+02 5.463195215623841250e+02 4.968913432157204397e+02 5.503755438457791342e+02 6.113931348340828436e+02 6.279704027883203707e+02 6.337521959927975104e+02 6.711227444810717770e+02 7.118811289350214793e+02 7.555263771683321465e+02 8.021709945877137216e+02 8.522977352280321384e+02 8.958127100075950011e+02 8.706789928064466721e+02 7.942203929260116411e+02 7.184010304042512871e+02 6.596218848451314898e+02 6.108318491259960865e+02 5.696355266514099185e+02 5.965711149682535961e+02 6.332116102592391371e+02 6.256344386790109411e+02 6.665222284282136798e+02 7.067903723582377324e+02 7.236671614345693797e+02 6.995596705142005476e+02 6.449356913854988989e+02 5.771401696461382471e+02 4.983297833452751888e+02 4.431068892896059310e+02 4.738240148741863322e+02 4.702887950190411743e+02 4.976278203263483420e+02 4.979446941030084872e+02
6.511207582181707494e+02 6.183607196824326593e+02 5.840267462066860844e+02 5.381832837579179341e+02 4.993776865841996937e+02 4.555864488467224191e+02 5.163722383760726871e+02 5.597289340557392734e+02 5.598407796611062395e+02 6.062900070175925293e+02 6.099931382753825346e+02 6.526044926912318260e+02 7.016030184989856480e+02 7.585639034356262300e+02 8.243503261040241341e+02 8.835412987769127540e+02 8.766875867376799079e+02 8.127748708511343239e+02 7.607180557927115387e+02 7.000439222199854612e+02 6.329944332400425537e+02 5.696355266580766283e+02 6.297721454354452817e+02 6.845347069490389913e+02 6.937306497714713487e+02 7.303235842438199370e+02 7.478184365615450133e+02 7.338057962511553569e+02 6.780790102844031253e+02 6.071326004032291621e+02 5.406693365036348951e+02 4.849348849863185364e+02 4.431068892962725840e+02 4.943798590753189615e+02 5.335760653547511083e+02 5.688824496235549759e+02 5.637440143620901836e+02
5.972451386341296029e+02 5.470899643468155773e+02 5.298927942916794791e+02 4.854660043111265963e+02 4.460818228029767170e+02 4.210244628227695785e+02 4.859969072650908402e+02 4.931239528097195262e+02 5.211734746311461777e+02 5.545721750093168794e+02 6.014618005564728946e+02 6.529138021242051764e+02 7.088619071400274834e+02 7.691766137243873800e+02 8.307831278358752343e+02 8.838398467913331160e+02 8.890063161810112433e+02 8.438963507561389861e+02 7.705606701396052358e+02 6.990584164250432195e+02 6.362770303531569880e+02 6.207647037985677798e+02 6.746181916606465165e+02 7.262806017188026999e+02 7.616371473033657367e+02 7.754467960966150031e+02 7.578918085830287055e+02 7.197342663929568971e+02 6.704504648665503055e+02 6.103361315014187767e+02 5.448726262359194834e+02 4.739152505194043101e+02 4.854335835214870940e+02 5.294887830803562565e+02 5.796726766138531275e+02 6.296912988399998312e+02 6.378302551174200516e+02
