output/field_example_test_lateral/elevation_000014.asc
nrows	150
cellsize	66.66666667
xllcorner	0
ncols	150
yllcorner	0
NODATA_value	-9999
[rows 34 to 50 of 150, columns 74 to 110 of 150]
3.192832734181531578e+02 2.811578576433316243e+02 3.479633723518506940e+02 3.871692381209067548e+02 4.412483755796793616e+02 5.038099955887273609e+02 5.726911231639618336e+02 6.341063195674198596e+02 6.398091475370952139e+02 5.945451368246376660e+02 5.317178058937643073e+02 4.714047679764539680e+02 4.283299866829285065e+02 3.875874951218762021e+02 3.474998549032783330e+02 3.961757344085117438e+02 3.987481836619549540e+02 3.514040892591109468e+02 2.842343920152151213e+02 3.389255993171999535e+02 3.683883364124345121e+02 3.582401096583186586e+02 4.101303564153892012e+02 4.586032032256338198e+02 4.854379348104768042e+02 4.955006596969311090e+02 5.598759018407654366e+02 6.079635637257006238e+02 6.372196652654840818e+02 6.555064302435154104e+02 7.030958550966056464e+02 7.091883386579627313e+02 7.244223683394708360e+02 7.455163177989443284e+02 7.696393031929783319e+02 7.924060093190532825e+02 7.805252387011772726e+02
2.614165301683664211e+02 2.982101654365931154e+02 3.403795594507660667e+02 3.922299468332749939e+02 4.519416381825793110e+02 5.185276163388469968e+02 5.849290627455632148e+02 6.189280719470541499e+02 6.008445245944246835e+02 5.606103379040553136e+02 5.269542020035383985e+02 4.677997026516429742e+02 4.015566560771972036e+02 3.573639863234666905e+02 3.223747836510606248e+02 3.517657946539461022e+02 3.540070920071022442e+02 3.251173986720561402e+02 2.842343920085484683e+02 3.468407559319875304e+02 4.000217947840640704e+02 4.035357633082990105e+02 3.957392019397244667e+02 4.521523782551437876e+02 5.075516905266978824e+02 5.472013252722099423e+02 5.678615124796732516e+02 6.288339667063497700e+02 6.844399755289656468e+02 7.146730884283385876e+02 7.489282444460582155e+02 7.606833422909155615e+02 7.598534086896794406e+02 7.493373048604760243e+02 7.412658589058194138e+02 7.526932856881368252e+02 7.487660758168574375e+02
3.033159481368452930e+02 3.496654345822921641e+02 3.860451981910447330e+02 4.122550404262761958e+02 4.666403726333493864e+02 5.283264984375388167e+02 5.842736746524792579e+02 5.899577807217989402e+02 5.458251977726584983e+02 5.014260949366578188e+02 4.944558321279956772e+02 4.724053916798962405e+02 4.342099599635768072e+02 3.944533004806773988e+02 3.490797712511091504e+02 2.911137327509491115e+02 3.088095242201248993e+02 2.712734937623184237e+02 3.329350083046935538e+02 3.838313308221533475e+02 4.293221234432518827e+02 4.412651573542154892e+02 4.244011087075741102e+02 4.437544384305332414e+02 4.983163981608250879e+02 5.554143978879434371e+02 6.098021400226658670e+02 6.444302019759185214e+02 7.022409185867958286e+02 7.550073171582944269e+02 7.748308869958627838e+02 7.592978012422291840e+02 7.298767672830543916e+02 6.913656450050785907e+02 6.611312301110616545e+02 6.825418404319489127e+02 7.081989462031589255e+02
2.979128287795440997e+02 3.583516838827786728e+02 3.980275710433156178e+02 4.217758283728592232e+02 4.740701192792890879e+02 5.315565350252625194e+02 5.752396802975387118e+02 5.592904825995124156e+02 5.039535884233083607e+02 4.406295019694098869e+02 4.297490199895844967e+02 4.286009055542047577e+02 4.136271586136750784e+02 3.791347358332825479e+02 3.381994798278115013e+02 2.980927233057915373e+02 2.565748555813985945e+02 3.148311522379159442e+02 3.386755629521201740e+02 3.914804147508141341e+02 4.511221282537680395e+02 4.885463548075278482e+02 4.812698376735867782e+02 4.688531258294009376e+02 5.007706305031480269e+02 5.505977993286704759e+02 6.117172854469411050e+02 6.769643428928277444e+02 7.354679916396933095e+02 7.675605363234017204e+02 7.568455089308741890e+02 7.202575168854989442e+02 6.679581997551903214e+02 6.226813259923494570e+02 5.799309804704848830e+02 6.097442550590736801e+02 6.621338068635004674e+02
2.295519179125844573e+02 3.336312250352750084e+02 3.516598929168790733e+02 4.088388998015053630e+02 4.707145194498781393e+02 5.296946934191006449e+02 5.506412628219246699e+02 5.229679252009690344e+02 4.674520299978068465e+02 4.088426257781571280e+02 3.587846093793012301e+02 3.591180643166316599e+02 3.642936011810865011e+02 3.274708754611775703e+02 2.898535164573585803e+02 2.428555707491700275e+02 2.996503264001606226e+02 3.319397882314716526e+02 3.826011283693493965e+02 4.271806193768592266e+02 4.842251933970784989e+02 5.346731361346221547e+02 5.406908700462557817e+02 5.107326290022715511e+02 5.494920463115746543e+02 5.981897145987371687e+02 6.526996116644164658e+02 7.126173845033086991e+02 7.502391581043830229e+02 7.489708432396159878e+02 7.162674382806252424e+02 6.621976135314666863e+02 6.105473172635910259e+02 5.581040007882718328e+02 5.129111537624530683e+02 5.659191009946936219e+02 6.207713807295781407e+02
2.146469862315955481e+02 2.800306194139529907e+02 3.358378130638606081e+02 3.960523414056166871e+02 4.606025404890899040e+02 5.143227317773263394e+02 5.141665870695549074e+02 4.717752052866661074e+02 4.265951385036565853e+02 3.751419620413485632e+02 3.250602956873797211e+02 2.896893865070884999e+02 3.067796905955337365e+02 2.757666463255951612e+02 2.289365808614905973e+02 2.874946901367746364e+02 3.294373969456257782e+02 3.775430507568718781e+02 4.232368010519294899e+02 4.721324528861223371e+02 5.226898063752677217e+02 5.756843263548422556e+02 5.923964773625448288e+02 5.646079682967427971e+02 6.049492841341991607e+02 6.489552531790184275e+02 6.995504805100948715e+02 7.332498605571523740e+02 7.351969606714847032e+02 7.069238046238601783e+02 6.578292732437618042e+02 6.089393866020067208e+02 5.554465830458750588e+02 5.082127473328102383e+02 4.629984333105664405e+02 5.238948224226643333e+02 5.833865674067699274e+02
2.300884845999206334e+02 2.822250021386554977e+02 3.265357246425592734e+02 3.907738995176309800e+02 4.561852085162121853e+02 4.900709884592670846e+02 4.691206125785136578e+02 4.173622918159164215e+02 3.705597480367437129e+02 3.399772681297679355e+02 2.955567682658710282e+02 2.490874967432250457e+02 2.555652515670486480e+02 2.151523596044210365e+02 2.667929337513441510e+02 2.971857066151714548e+02 3.474650072033520019e+02 4.067313996156482858e+02 4.599543993364014227e+02 5.101160609429268789e+02 5.606108003226515848e+02 6.085412409940998941e+02 6.381432689213380627e+02 6.306023185787593093e+02 6.619807871268385497e+02 7.020302239904430053e+02 7.265241087681087038e+02 7.225644513647258691e+02 6.926184175093201247e+02 6.432359461133285095e+02 5.984506091859508388e+02 5.539709839616156160e+02 5.108302722124774959e+02 4.639919902409681640e+02 4.221453770227949462e+02 4.868790466721357575e+02 5.494877402832386224e+02
2.050983057180215781e+02 2.442318499017781619e+02 3.070208372278142406e+02 3.761937837560930120e+02 4.370454649615346625e+02 4.514093795593183813e+02 4.084233920977044932e+02 3.560856122412752143e+02 3.032842168358297386e+02 3.049581214548906019e+02 2.669529890069251223e+02 2.438681231353603209e+02 2.023587630046376660e+02 2.537730184764139949e+02 2.527176333850151480e+02 2.798016762829416280e+02 3.415712147644714491e+02 4.026044230910756596e+02 4.512130905490241730e+02 4.995604893530148161e+02 5.521548340636172725e+02 6.072682362244353271e+02 6.585355181907730184e+02 6.910034590972004480e+02 7.166284902892014088e+02 7.303618871331575519e+02 7.161495298584237617e+02 6.813692433914890216e+02 6.285320554163645284e+02 5.799745173941763596e+02 5.322015476189872061e+02 4.968016845804289687e+02 4.703980102330284012e+02 4.285780193794701631e+02 3.869458621196210402e+02 4.535805836378757476e+02 5.162393111309477263e+02
1.796647340070425969e+02 2.406004788447346527e+02 3.031360306091380039e+02 3.712192224048808384e+02 4.092262916902333814e+02 4.077988661914163231e+02 3.560909909571028606e+02 2.944696381541751293e+02 2.461703263056387812e+02 2.543460177503873183e+02 2.375843091721062592e+02 1.900222699801556701e+02 2.423582834654178555e+02 2.847546204405944650e+02 3.216497164800419455e+02 3.313063760722399138e+02 3.222308167109774217e+02 3.570072861920768901e+02 3.964537464380315441e+02 4.483216610207789472e+02 5.057630523324509113e+02 5.715044730405381870e+02 6.446520783185580967e+02 7.065825919687194983e+02 7.299456914558404605e+02 7.110808165144592294e+02 6.738084540259231972e+02 6.189739691870887555e+02 5.677108201236795821e+02 5.151644200062006576e+02 4.722596706917310030e+02 4.347252489019898576e+02 4.483139477425709174e+02 3.976990624106340420e+02 3.556212263911167497e+02 4.225967962085765066e+02 4.825199593081488842e+02
1.678552512512788439e+02 1.986170714901994074e+02 2.930461656114604239e+02 3.477696088692016474e+02 3.545404432002585509e+02 3.541801645671651499e+02 3.072954814773296448e+02 2.426916670792100490e+02 2.082331249246641391e+02 2.162238249300696680e+02 1.773427543563547033e+02 2.407196517931848234e+02 2.791987700874610141e+02 3.242679239920375949e+02 3.739570462221994376e+02 3.907010100223664608e+02 3.777024662314859142e+02 4.196518017484543748e+02 4.589715343517891597e+02 4.611919378824001683e+02 5.149222875555583414e+02 5.784321689937950168e+02 6.483245592621374271e+02 7.032631348943064040e+02 7.048381616231682756e+02 6.585662512697984994e+02 6.094743519862818175e+02 5.596993869991699739e+02 5.067750965247591353e+02 4.607280740124498948e+02 4.162793571098333700e+02 3.801269709018686171e+02 4.151457106214839996e+02 3.893600930169318417e+02 3.271364712239935102e+02 3.922654677258233846e+02 4.466873810235601923e+02
1.559213032524622520e+02 2.167035938485135205e+02 2.698171731951281913e+02 3.012924589485479032e+02 2.900917977421999012e+02 2.905327939105864630e+02 2.684744010471634397e+02 1.944019819429456959e+02 1.988319070771837573e+02 1.658123762856521068e+02 2.028152958941137740e+02 2.548658528845303408e+02 3.193459223154395659e+02 3.696813602105339669e+02 4.146333201718707073e+02 4.508956999548839235e+02 4.439533625170988103e+02 4.794589297194368100e+02 5.190262641777475210e+02 5.226188683549897860e+02 5.669932438801482704e+02 6.226912648593290669e+02 6.645290256421891399e+02 6.810841770761546741e+02 6.670795198899509160e+02 6.099361007294012325e+02 5.483003153679447905e+02 4.989024909947729611e+02 4.550860943487690520e+02 4.104407292262485498e+02 3.703451145452972355e+02 3.322616959784972437e+02 3.762428353252574311e+02 3.603209275443383603e+02 3.000761373158479728e+02 3.608698330447896296e+02 4.028951149776057150e+02
1.418661414177474285e+02 2.083941042963315056e+02 2.332668545959497237e+02 2.366108674367844742e+02 2.258796814828540391e+02 2.292988560835183023e+02 2.300359527001455149e+02 1.735251894936091901e+02 1.556911478226102474e+02 2.099054760391366301e+02 2.596139244931290477e+02 3.054399636909016635e+02 3.584622465232288846e+02 4.158533080411762626e+02 4.594448516878330224e+02 4.956635836419243333e+02 5.142661476104925669e+02 5.387858888245507387e+02 5.762689959993360844e+02 5.886417654233088115e+02 6.221024162215155684e+02 6.460313215522644441e+02 6.436872500111636555e+02 6.206408377560292138e+02 6.176571191968416770e+02 5.662222745424570576e+02 5.011108285750196387e+02 4.462136563028694241e+02 4.050855801121312538e+02 3.690643842795118985e+02 3.296831689822058138e+02 2.894010502618737632e+02 3.269904883939402112e+02 3.134777151591920301e+02 2.755977852856893264e+02 3.298457347179764270e+02 3.424267311749800342e+02
1.295075369703440344e+02 1.772956276137499572e+02 1.593444542748419508e+02 1.758669416936953382e+02 1.766192670306542141e+02 1.778230102619063473e+02 1.888525979449727572e+02 1.472300110687887127e+02 1.650811356382261010e+02 1.977481136396618240e+02 2.743031450257046231e+02 3.469519543326522921e+02 3.952385320875997650e+02 4.355154002631308572e+02 4.646100662829645103e+02 4.985547589769548722e+02 5.365286011856497908e+02 5.800254602266423944e+02 6.176669667783061186e+02 6.389774727831521659e+02 6.469261963476536721e+02 6.266328906875089615e+02 5.911123641404592490e+02 5.426320286490960143e+02 5.524148921451258047e+02 5.315175133142956838e+02 4.625377560657086065e+02 4.051291828884692450e+02 3.623643960752040130e+02 3.295963103214096463e+02 2.995261323302520964e+02 2.597047749818954117e+02 2.303121400800810079e+02 2.418149614609166065e+02 2.732230292193584091e+02 2.867855806752622811e+02 2.829837804557180334e+02
1.635231911532878826e+02 1.295075369636773814e+02 1.454534622490477602e+02 1.373594776188403159e+02 1.542822384319544256e+02 1.324898371423413721e+02 1.385107222131022411e+02 1.702103398190699011e+02 1.976609596386155943e+02 2.306016850135268896e+02 2.864546050631856247e+02 3.400042647646512251e+02 3.805977555659716813e+02 4.009850950953958773e+02 4.041134855005518034e+02 4.451795406414819922e+02 4.987134062781136663e+02 5.633882669610026142e+02 6.114198549749112317e+02 6.340740115114775790e+02 6.202764743393079243e+02 5.716142725638670754e+02 5.189496870027329578e+02 4.674568228038257871e+02 4.892881724691958993e+02 4.906863526793479764e+02 4.331261632509006176e+02 3.639768167780308090e+02 3.227162388974704186e+02 2.921066953964144659e+02 2.695910209214012525e+02 2.585298556521070736e+02 2.266958576245262691e+02 2.199046747423059287e+02 2.199046747489725817e+02 2.233228254206318582e+02 2.266450974714581434e+02
1.271560964731903312e+02 1.433509823777152405e+02 1.295075369703440344e+02 1.306864926738275301e+02 1.324898371356747191e+02 1.464408115219818853e+02 1.353319815441441278e+02 1.615026544972038494e+02 1.688892345018735455e+02 1.800500692813728563e+02 2.369798234897666873e+02 2.861154193911653465e+02 3.290198514862214552e+02 3.310794320441278273e+02 3.317381555964882978e+02 3.899708327619355828e+02 4.566623371106901459e+02 5.236880808330259924e+02 5.716166468181064602e+02 5.851359555769302006e+02 5.745546377484923823e+02 5.162767539577670277e+02 4.536512394616171377e+02 4.006538050455296229e+02 4.474841765072231397e+02 4.477812371166118623e+02 3.982343218976822641e+02 3.470442558359650320e+02 2.742200211454606347e+02 2.149051204893534077e+02 2.422533709057221927e+02 2.121569172818927029e+02 2.157876083773289793e+02 2.654919649403498738e+02 2.778678779471952112e+02 2.715810124711186972e+02 2.720985834428814769e+02
1.370225215487010075e+02 1.517991196488378307e+02 1.527169132657243154e+02 1.593968751977427871e+02 1.942604196235058964e+02 1.987812221144240823e+02 1.766150575893552457e+02 1.386122687783310141e+02 1.386122687849976671e+02 1.464077157746028490e+02 1.843662087907714806e+02 2.343282257095806358e+02 2.573781398603535990e+02 2.557737008241769274e+02 3.238678431659320154e+02 3.921255689524385843e+02 4.548789137810234138e+02 4.902334706312573758e+02 5.079617097912456529e+02 5.271100305613786077e+02 5.284468995689195481e+02 4.682615307383426853e+02 4.020967690315210916e+02 3.472831981197048208e+02 3.984647973428633918e+02 3.976992498001007448e+02 3.520019053445350323e+02 2.960950362785029029e+02 2.398273530128398079e+02 2.115054188864081652e+02 2.071610374931375702e+02 2.564325314568971521e+02 2.873651804183182321e+02 3.226320426989106522e+02 3.358822850055939853e+02 3.273227073034152568e+02 3.233372356849608877e+02
2.025745909587272422e+02 2.146644253098221498e+02 2.014688300110568946e+02 2.526547475387249335e+02 2.563514174132929497e+02 2.459633711602915298e+02 1.938356248722537885e+02 1.650106053509395281e+02 1.494860668764135880e+02 1.413840258209170031e+02 1.434554704087925074e+02 1.713936240634571391e+02 1.908738650504037651e+02 2.552414119775047538e+02 3.250621794460171259e+02 3.812168646816115825e+02 4.168311745141143092e+02 4.213613069461275131e+02 4.367237390816932248e+02 4.943091276325909007e+02 4.911484811562739310e+02 4.282718717305711493e+02 3.597561220882545854e+02 3.018452944186737454e+02 3.425577297485600070e+02 3.323268233941336121e+02 3.017733238770507569e+02 2.579623878097154375e+02 2.228707464875859330e+02 2.020820961366614199e+02 2.549353114342715116e+02 2.953480954723523269e+02 3.356376644516748229e+02 3.715850705259575761e+02 3.999713014328280565e+02 3.954846828177855969e+02 3.870813781662525344e+02
