output/field_example_test_lateral/elevation_000022.asc
nrows	150
cellsize	66.66666667
xllcorner	0
ncols	150
yllcorner	0
NODATA_value	-9999
[rows 102 to 118 of 150, columns 111 to 147 of 150]
7.113932320824825410e+02 6.621777995266992320e+02 6.038126793391381852e+02 5.452490170712758299e+02 4.768965314028804414e+02 4.356625762100845805e+02 4.765300067462317202e+02 5.208659446946675189e+02 5.424291610527337753e+02 5.110725680271754072e+02 4.688527419835749015e+02 4.296656339271237925e+02 3.841336356354308350e+02 4.345060783279336647e+02 4.343903842528562222e+02 4.614818853958475415e+02 4.636357425967922836e+02 4.192907240380875464e+02 4.715072016724134869e+02 4.526382653335385839e+02 5.023231233849696764e+02 4.951774348475329930e+02 4.633059154645062563e+02 5.052314807882655145e+02 5.316706264038574545e+02 6.152931256835702243e+02 6.595594457863380740e+02 6.996720073639668271e+02 7.470627660337947873e+02 7.946720148898621119e+02 8.423414273736756286e+02 8.991517692521412073e+02 9.405324458183822571e+02 9.568345389890905608e+02 9.419370801321164208e+02 9.706758840095193364e+02 1.006001491332558203e+03
6.685054238732381009e+02 6.171776976799164913e+02 5.562557174890363285e+02 4.982268496644418292e+02 4.506547494614897005e+02 4.356625762167512335e+02 5.096399895702153344e+02 5.684034593115674170e+02 5.828374102500337131e+02 5.501281497084089551e+02 4.929296076212945650e+02 4.047533248727284558e+02 4.055025378375973446e+02 3.921837173936449972e+02 3.970956370895134455e+02 4.022725771273105693e+02 4.082786937718171316e+02 4.623247914769325462e+02 4.991201497628611037e+02 5.394914186522299815e+02 5.555658029268154223e+02 5.277722884695584753e+02 5.242541807487727965e+02 4.799713946425763424e+02 5.349963125229369325e+02 5.730001292986775070e+02 5.855186548543222216e+02 6.328895916539100881e+02 6.852339058026577732e+02 7.355437188357389005e+02 7.924126811730664031e+02 8.492186615296227501e+02 9.025242915358547862e+02 9.094869721893762744e+02 8.728937770681716302e+02 9.067300837392244830e+02 9.485855814469731513e+02
6.279711604999596375e+02 5.860827057777166829e+02 5.453185244160914635e+02 4.783149484820680186e+02 5.180047200794265336e+02 5.050400586769402480e+02 5.630900035195572855e+02 6.020142737850478625e+02 5.968246649145286256e+02 5.432984732970147661e+02 4.885115511456573358e+02 4.191229714914359192e+02 4.351747559828712042e+02 4.569024863944673029e+02 4.551289167467523384e+02 4.525803208065521517e+02 4.187657166432996974e+02 4.744643052001213732e+02 5.246613125763277594e+02 5.769452149835761929e+02 6.071742445680891933e+02 5.910589855311706060e+02 4.799713946492429955e+02 5.431462473178859227e+02 4.946245359733518399e+02 4.946245359800184929e+02 5.360788120194083604e+02 5.829021228423054026e+02 6.395799388186553642e+02 6.929029109013464449e+02 7.426191127908009548e+02 8.100558078991974753e+02 8.552087247197792976e+02 8.536639954810158315e+02 8.135368667639170326e+02 8.520250882896932580e+02 9.040984608071247521e+02
5.759894198866408033e+02 5.662646952472381372e+02 5.072326534056197147e+02 5.473293126680773639e+02 5.851261858276789098e+02 5.814028508757972986e+02 6.158035181701355896e+02 6.237900997499127698e+02 5.837549597181409808e+02 5.232903780380221406e+02 4.466980870710168006e+02 4.876541944107539734e+02 4.913181626871489698e+02 5.026400594789279239e+02 5.130209773965981412e+02 5.018058289355873285e+02 4.745225305961461686e+02 4.367274907364541718e+02 5.038133851210672560e+02 5.737715399255723696e+02 6.371683938804355876e+02 6.590057852943363059e+02 6.421217826532445088e+02 5.991746751542112861e+02 5.516182410853614329e+02 5.055390398441120965e+02 5.542932503836145770e+02 5.731958508978779037e+02 6.099886380218459863e+02 6.579050700734104566e+02 7.259806169209339259e+02 7.845668635316577593e+02 7.936311427295108842e+02 7.852048731250459923e+02 7.659706909083530491e+02 8.113821095010983981e+02 8.681848314401415792e+02
5.296135369346977768e+02 5.296135369280310670e+02 5.714762152900218553e+02 6.102284543279915852e+02 6.493420567352981152e+02 6.557695793694837221e+02 6.547806416252990402e+02 6.187966931027644932e+02 5.469873568236886285e+02 4.720488973942714779e+02 5.044633899451696379e+02 5.492747203969843213e+02 5.579532740719258754e+02 5.614848737169370452e+02 5.717428349965061898e+02 5.375807840627634278e+02 4.875103706338438769e+02 4.472538382607418157e+02 5.044382976889586416e+02 5.706880221000901656e+02 6.407653032784021434e+02 6.970881313140174598e+02 6.972991473485942606e+02 6.518250191935871953e+02 5.968506376583211477e+02 5.745623102321953866e+02 5.241704859030048738e+02 5.811213746791395351e+02 6.109483712140212219e+02 6.572915899192322513e+02 7.125033239211441014e+02 7.444417611962937826e+02 7.297583593589835118e+02 7.167699518314856277e+02 7.814724491382658016e+02 8.482807227044673937e+02 9.084225744500166684e+02
5.993980420755250407e+02 5.601941678398155773e+02 6.199680063374723886e+02 6.721679749783327225e+02 6.993207596923156188e+02 6.909171784014041577e+02 6.533653687323674149e+02 6.034488253562790305e+02 5.438120201108526999e+02 4.720488974009381309e+02 5.372117338201564962e+02 5.947168823105757838e+02 6.268206047010181692e+02 6.259429005122381113e+02 6.209229956287416599e+02 5.713631261341806749e+02 5.271623984431295185e+02 4.593506746856402287e+02 5.143329558713659253e+02 5.781815336724259851e+02 6.491342389955243561e+02 7.160891857364089219e+02 7.377673146588208510e+02 7.029938491661758917e+02 6.625924535264098267e+02 6.110995696223717459e+02 5.933176335044253165e+02 5.396458668949902631e+02 5.396458669016569729e+02 6.112554096312006777e+02 6.708089701190359619e+02 6.845261670530616129e+02 6.677793777476221067e+02 7.190490426444054037e+02 7.763813191683459536e+02 8.386232679268688344e+02 9.031737178757608717e+02
6.519140963081493965e+02 5.951083381655803350e+02 6.571871779577560346e+02 7.134499026860202093e+02 7.286528612851399203e+02 6.827231412190432138e+02 6.183695858145920283e+02 5.569134506886625786e+02 5.028874873425554597e+02 5.252424113090133915e+02 5.763721640975375067e+02 6.371082834334733889e+02 6.839153586336424269e+02 6.872111917167295587e+02 6.563131393278296173e+02 6.094350358445033180e+02 5.411611910010527708e+02 4.717678298654578271e+02 5.247825368129098251e+02 5.863470737967843434e+02 6.561598075462188717e+02 7.282911791860710764e+02 7.727925352794691207e+02 7.606929176417720555e+02 7.161550550652862057e+02 6.734028000964497096e+02 6.355356644631021936e+02 5.751339448804808399e+02 6.010522347525256919e+02 5.615353840886785974e+02 6.269818533202766275e+02 6.239490090178414903e+02 6.881068387180588388e+02 7.488204575738079711e+02 8.038847411384228963e+02 8.588072296211374805e+02 9.151029322626001203e+02
6.896087504584584167e+02 6.330976286927033243e+02 6.927848832718448193e+02 7.444916590577425950e+02 7.404234406762318486e+02 6.785815698222596666e+02 6.054526661407711572e+02 5.333766788880017202e+02 5.601271137595913387e+02 5.899661859350560462e+02 6.280502161149377116e+02 6.813632542516147623e+02 7.287636337048713813e+02 7.296336985242321589e+02 6.840902489241011608e+02 6.158601377026718637e+02 5.462338743754330608e+02 4.838944724820964893e+02 5.287915468671988037e+02 5.883294377980291756e+02 6.542403307722033787e+02 7.254820798304612026e+02 7.884682760789132772e+02 8.021113826849860970e+02 7.671997885171397229e+02 7.296735707227733201e+02 6.781583102790675639e+02 6.168695183135391744e+02 6.517453521636265350e+02 6.279877507310320652e+02 5.829610626570524801e+02 6.387190208376799774e+02 6.885539251044713183e+02 7.153293574002312880e+02 7.656339175584116674e+02 8.190470341521098590e+02 8.777770766607879978e+02
7.321389146672722745e+02 6.753142909391535795e+02 7.314905407105466111e+02 7.747101906157365647e+02 7.552531396355013840e+02 6.877474638558359175e+02 6.142041259684883698e+02 5.540044328880172770e+02 6.147606225699311153e+02 6.449377032066290667e+02 6.873586175449148641e+02 7.301684751772049822e+02 7.670700064212740017e+02 7.497274608338332200e+02 6.865249741222943385e+02 6.156041617212264327e+02 5.482549358878715111e+02 4.969725383594446839e+02 5.622647879009576855e+02 6.046972721207462200e+02 6.636681361170507216e+02 7.311608563892972370e+02 7.996449334887930718e+02 8.340633365513792796e+02 8.090287921994157614e+02 7.450043745249777203e+02 6.789607022833893097e+02 6.857825709912067396e+02 6.936897839425049597e+02 6.499355435611355460e+02 6.456878745445004597e+02 6.030929792399726921e+02 6.494785483776914816e+02 7.216753353933465860e+02 7.828198985770618492e+02 8.224501048799214686e+02 8.769598630510572548e+02
7.798857812653475321e+02 7.230071805571357118e+02 7.807974959822581695e+02 8.063151787079908672e+02 7.726879698477822558e+02 7.069481683545858459e+02 6.477243349578868674e+02 5.755694942859180401e+02 6.294186536916030263e+02 6.840389924573053122e+02 7.350543883013873483e+02 7.830695207816455650e+02 8.006253968622936554e+02 7.626789564908359580e+02 6.954871996174769038e+02 6.304018503004696186e+02 5.791407896663976089e+02 5.104298903070081792e+02 5.590743329754810702e+02 6.090285071682121725e+02 6.647510646837466766e+02 7.290969523286271397e+02 7.996843094988978464e+02 8.493273016843005507e+02 8.384218273840305073e+02 7.809418793265024306e+02 7.235263304043352264e+02 7.408968280321704469e+02 7.138172839609432003e+02 7.163147645853742915e+02 6.820402720842600957e+02 6.191629200819960488e+02 6.779758131776352457e+02 7.267111765908381358e+02 7.519321120029932217e+02 8.053004300596049916e+02 8.631942812380269743e+02
7.999465935067518103e+02 7.850954751267533993e+02 8.260670109618447441e+02 8.294076503781458314e+02 7.753456960729486127e+02 7.094544712829482478e+02 6.468531588883510040e+02 5.971746402056395482e+02 6.454531736550422920e+02 7.170099722299947871e+02 7.702940298633449174e+02 8.180574779702855039e+02 8.161531095904770154e+02 7.582845228352133518e+02 6.898782486274865278e+02 6.274417584056889154e+02 5.734182104230319510e+02 5.228264091952327135e+02 5.591380092156500723e+02 6.012595318305628780e+02 6.497708592647845762e+02 7.080468578674672244e+02 7.786478687496842213e+02 8.531528353995634006e+02 8.672521074397036500e+02 8.208241863995129961e+02 7.700596361423079088e+02 7.749838729360740217e+02 7.667282758603307684e+02 7.700658484879360230e+02 7.256218517068460869e+02 6.801381473002451230e+02 6.432533641545948058e+02 6.846247777504426040e+02 7.492653229054963049e+02 7.904715447135207569e+02 8.488153693183768382e+02
8.614317303305153928e+02 8.519262482320225445e+02 8.708950401680421010e+02 8.459683134448307555e+02 7.846504660132958406e+02 7.235124864206444499e+02 6.782871954622148678e+02 6.223255269268141774e+02 6.781819140014906679e+02 7.282442410793487397e+02 7.938009198494154361e+02 8.441101095432574084e+02 8.283238414704668457e+02 7.620007818421692036e+02 6.897293954245886880e+02 6.228876473206746596e+02 5.754182932424996579e+02 5.371079504325186917e+02 6.051375351636576170e+02 6.574248052654525054e+02 7.009272971245662802e+02 7.546668267370462218e+02 8.159089147547903167e+02 8.815917364971298866e+02 9.034961080246836218e+02 8.665567671502277562e+02 8.228869429311197337e+02 8.237927484903591449e+02 8.225276683366245152e+02 8.211166962633265030e+02 7.774543469413457615e+02 7.317028283448813681e+02 7.100931742197849417e+02 6.645790421728331694e+02 7.124589814081286931e+02 7.716313224407722373e+02 8.344180943071738739e+02
9.276476043476305904e+02 9.153733375576721301e+02 9.038006494765627394e+02 8.465060940707554664e+02 7.793201750268752903e+02 7.163584135187375068e+02 6.583955479384594582e+02 6.727522204770813232e+02 7.158297765571417131e+02 7.724816440729254055e+02 8.264316122572530503e+02 8.695255269507896401e+02 8.448054142308906194e+02 7.773773617116260084e+02 7.066878886906015396e+02 6.675503027719918236e+02 6.163674580410230419e+02 5.531617903660106776e+02 6.147461842460500065e+02 6.764123760941973842e+02 7.412852812993090765e+02 8.012721840566274523e+02 8.609291348300436084e+02 9.151999046229157102e+02 9.435212517151298925e+02 9.240082736430204022e+02 8.838922140887442538e+02 8.814141579521567564e+02 8.827606477325051628e+02 8.718562822256428717e+02 8.269671385600915983e+02 7.915026748867323931e+02 7.453217060517090431e+02 6.790700245285452183e+02 7.221061722971747940e+02 7.732785648834365020e+02 8.321346302711044700e+02
9.741502522996171365e+02 9.646751401031590376e+02 9.231766805630614954e+02 8.550794305030650548e+02 7.888951930864959650e+02 7.313295181494229382e+02 6.841367038130323408e+02 7.293545992852650670e+02 7.640324426526275374e+02 8.156246304552634001e+02 8.722284967318386180e+02 8.984154507954982591e+02 8.595429964062191175e+02 7.986896610212733094e+02 7.589183962750987575e+02 7.104798254292680895e+02 6.479498266256806573e+02 5.707375015198844039e+02 6.303748263381847892e+02 6.747397589293029796e+02 7.366510207406715836e+02 8.046860926335943986e+02 8.732182502832646378e+02 9.307311691043479414e+02 9.709006941603098539e+02 9.736397342733467895e+02 9.526080870215791947e+02 9.465638452470565198e+02 9.429198987235730556e+02 9.123597595833180094e+02 8.625642873616360475e+02 8.043854992258562788e+02 7.491899256899049533e+02 6.945162755593268002e+02 7.609413817655912453e+02 8.168717213085363937e+02 8.723233713730181762e+02
9.635845545909672865e+02 9.734194966320370668e+02 9.264775909344443789e+02 8.579853255618917274e+02 7.954178141186193898e+02 7.450454962038771782e+02 7.147623844922784428e+02 7.712652484915948889e+02 8.176308709740770837e+02 8.587138629628489070e+02 9.097735680478082259e+02 9.239892536119406259e+02 8.794947762671980627e+02 8.209093035498909785e+02 7.700053848840789215e+02 7.187760144988450293e+02 6.572762216677377864e+02 5.983164386182422732e+02 5.979766078559433709e+02 6.663561157738911334e+02 7.349406838665260011e+02 7.983579841353009670e+02 8.449745957887151917e+02 8.998016260656568193e+02 9.606365542987114168e+02 1.001626010138819197e+03 1.013478224229376337e+03 1.007727904342679835e+03 9.782218750865349648e+02 9.182497277708953334e+02 8.531061549215969535e+02 7.896317012313992336e+02 7.454693105214981870e+02 7.084112269421030987e+02 7.574751803910409080e+02 8.118669776668629083e+02 8.709897164918100998e+02
9.278903174500816249e+02 9.636026528353027061e+02 9.515476570783275747e+02 8.980350642971619664e+02 8.451806918289181567e+02 7.974758565601413238e+02 7.586821838823645976e+02 7.722748853663971431e+02 8.267059477847178641e+02 8.893631937670340903e+02 9.393862225312180954e+02 9.316674019840011169e+02 8.656397816625137693e+02 7.876614653487725946e+02 7.288216875223046145e+02 6.818957216363659199e+02 6.417623935833062205e+02 6.573106938107184760e+02 6.191939286645819038e+02 6.806157949423404716e+02 7.288019514952178497e+02 7.481241626200863948e+02 7.978001677283282334e+02 8.580147305411928755e+02 9.248882756027290952e+02 9.916763043242898448e+02 1.040082953592629565e+03 1.040543765740128492e+03 9.866883070744065662e+02 9.214753094225708310e+02 8.633988257541506073e+02 8.373500370300448594e+02 7.899715386603517118e+02 7.251600656232899382e+02 7.597451661862195351e+02 8.145066983868716761e+02 8.736303010505495195e+02
8.788308682486604084e+02 9.435984435315173187e+02 9.722277797494716651e+02 9.466887636187617545e+02 8.958915399967054327e+02 8.490253155584591696e+02 8.137376986405849948e+02 8.236445459145096493e+02 8.658237048399004152e+02 9.211668840917343459e+02 9.676815393872714139e+02 9.513952869391175682e+02 8.830435581695709288e+02 8.211882813651432116e+02 7.702679371366036776e+02 7.346503346819303033e+02 6.842528890456263753e+02 7.081134253233869913e+02 6.800618959346218162e+02 6.489581100504277629e+02 6.852817303861786513e+02 7.464187295740231320e+02 8.102162124664633893e+02 8.755833052370378482e+02 9.350608862346620072e+02 9.898369152669268942e+02 1.038233544964662315e+03 1.058734203367058399e+03 1.024993834040272077e+03 9.640953520302467723e+02 9.167383108614650382e+02 8.572384246177936120e+02 7.989580701765743243e+02 7.428906726887073546e+02 7.986723508588993354e+02 8.260756245793895687e+02 8.785782169678434457e+02
