output/field_example_test_lateral/elevation_000033.asc
nrows	150
cellsize	66.66666667
xllcorner	0
ncols	150
yllcorner	0
NODATA_value	-9999
[rows 68 to 84 of 150, columns 37 to 73 of 150]
3.034360233526998059e+02 3.283150890064548548e+02 3.346995963563283567e+02 3.360337060626719676e+02 3.318050814140704006e+02 3.499015495992603064e+02 3.620353189999599977e+02 3.329953135752720641e+02 2.928235486266160592e+02 2.513178837238268954e+02 2.117221734172249512e+02 1.722224028355989560e+02 1.296964003469851718e+02 8.172679598755370023e+01 9.341738235964831460e+01 7.417106346641953962e+01 7.417106347308620684e+01 1.034571207578964334e+02 1.621573152935745554e+02 2.165968405182416632e+02 2.676147921568378365e+02 3.120694850447113708e+02 3.542801248223257176e+02 3.919392067073013664e+02 4.250505883759490757e+02 4.463840534373658784e+02 4.582115716083884536e+02 4.711787590512620909e+02 4.796411145166587744e+02 4.927726803284224957e+02 5.101599386166512886e+02 5.248072587145993566e+02 5.198666024591881296e+02 4.837710980157731910e+02 4.794859234777655388e+02 4.772161501778032289e+02 4.898583869092491341e+02
2.431763279781271194e+02 2.927392281261434164e+02 2.771758085551262525e+02 2.685396537667299413e+02 2.553917481875823228e+02 3.010617191739633540e+02 3.210635577681197219e+02 2.865652554556212976e+02 2.435479787822745266e+02 1.982439855611186204e+02 1.596887816804874376e+02 1.349812068173339412e+02 1.134630462118946355e+02 7.228147331322399793e+01 7.228147331989066515e+01 1.085776997644248780e+02 1.096682335327252531e+02 9.217483576454671379e+01 1.562723441250812186e+02 2.106307884483026385e+02 2.568443765757565416e+02 2.767979681322669308e+02 3.094625372444731966e+02 3.496762241561306723e+02 3.930806670809433854e+02 4.063805815179628098e+02 4.156550178486515392e+02 4.319882291229304769e+02 4.292047425018911326e+02 4.356376839489279291e+02 4.493377439918984351e+02 4.637463573674195345e+02 4.644327597067828037e+02 4.235179394359413436e+02 4.210574115785105391e+02 4.144024193366263376e+02 4.474531503709821436e+02
2.431763279714604664e+02 2.560777140481733340e+02 2.253723324309976022e+02 2.111058011663154161e+02 1.910666719544585135e+02 2.481777922970963743e+02 2.720793483305684504e+02 2.383498190150520202e+02 1.873664714168891692e+02 1.447500274768704855e+02 1.091925060571646355e+02 6.943600129525130171e+01 6.945984873456158937e+01 1.064444700335279634e+02 1.317707943796702068e+02 1.613515658215372071e+02 1.605652718575169331e+02 1.491065100787949405e+02 1.077324393124078483e+02 1.689193204255832086e+02 2.163369054298916865e+02 2.144975295921585712e+02 2.527153915135825741e+02 3.041355159089914082e+02 3.470272151259376301e+02 3.508437984953476985e+02 3.631495579733756358e+02 3.675683080228942572e+02 3.641449688267346119e+02 3.697653287156841770e+02 3.827203684847287946e+02 4.016314805984695795e+02 4.045948415736746142e+02 3.711573915052121606e+02 3.711573915118788136e+02 4.399450209670208096e+02 5.012312070667396142e+02
2.725304582076523161e+02 2.075756652618879912e+02 1.778459670005969429e+02 1.825092335464758264e+02 1.345994455217945642e+02 2.033091607049025242e+02 2.136277902371716664e+02 1.942129952157221169e+02 8.786865495152841277e+01 9.005721148049825331e+01 9.202555461212280363e+01 6.749176853815079369e+01 6.749176854481746091e+01 1.349307218183712678e+02 1.774396251567927152e+02 2.170577011309043485e+02 2.189276624198087973e+02 1.890284740235641436e+02 1.609374018079462019e+02 1.235388141694317170e+02 1.762924510732212298e+02 1.565242147631931573e+02 2.122819014296404134e+02 2.621451474394851289e+02 2.937289882383494728e+02 2.949595108200173286e+02 3.233789573521847274e+02 3.038331880109271310e+02 3.043908559278387997e+02 3.121018161074884461e+02 3.220422234361413416e+02 3.545327377888525575e+02 3.370715467851121048e+02 4.009927362525912145e+02 4.336889542834174449e+02 4.735775403821805867e+02 5.205981906202636083e+02
3.075237442546334137e+02 2.610774538266334162e+02 2.103118651350751804e+02 1.432228339022267676e+02 1.345994455151279112e+02 1.757444316255474064e+02 1.583912921880293823e+02 1.438887982260966112e+02 8.407620553913679373e+01 8.012478965061876579e+01 6.481945664033771948e+01 9.210103863520978962e+01 1.061257081758833607e+02 1.507907061438388610e+02 2.124090279305130480e+02 2.632466003990719514e+02 2.672094020172607998e+02 2.286745879391512233e+02 1.800946593597019501e+02 1.785537043191284852e+02 1.389240900083521240e+02 1.912540617758810981e+02 1.744740840184439605e+02 2.290004384139721481e+02 2.350722237577820692e+02 2.668724464119172239e+02 2.777248837697530917e+02 2.413331953202219609e+02 2.528151504500840190e+02 2.633479843158320932e+02 2.760174886927763396e+02 2.971957924587075581e+02 3.569186883940692496e+02 4.131123939197439086e+02 4.384551046899485414e+02 4.642651387627855115e+02 4.872234841013158757e+02
3.066765414938049616e+02 2.679147224776476719e+02 2.231987197974995070e+02 1.685563948531151368e+02 1.092190274392793867e+02 1.471938156359313723e+02 1.311119968779720466e+02 8.979191667778256658e+01 7.597162337172315461e+01 6.245575326258811799e+01 8.974296206660130792e+01 9.955594890968231425e+01 1.434871504700492437e+02 1.918711829339367227e+02 2.527706446023298952e+02 3.082163078660753968e+02 3.133689184135576511e+02 2.689017665664900960e+02 2.243329596961943935e+02 2.159364314803179923e+02 1.679175678011093851e+02 2.253852910103362603e+02 2.298026212129898056e+02 1.899249242373209370e+02 2.001766936104926913e+02 2.109768200924876282e+02 2.225965634936175377e+02 2.760399873749672679e+02 3.071272925718025135e+02 2.933311763784763002e+02 3.270166376192387929e+02 3.031224364799816726e+02 3.615393035003593809e+02 3.963778864373809938e+02 3.829189872977152049e+02 4.045499828091282666e+02 4.287316350672056160e+02
2.552492518668167065e+02 2.174876220664298216e+02 1.934783785583343558e+02 1.549230686553110843e+02 8.940443384272579408e+01 1.122176803526322999e+02 1.034240619076430931e+02 6.052790564490069869e+01 6.052790565156736591e+01 9.484087216307837309e+01 1.324669612885664947e+02 1.650052423943007796e+02 2.003015839887233938e+02 2.443567491957103073e+02 3.005341018421017338e+02 3.558771554802662536e+02 3.627279204025211357e+02 3.188654610515752097e+02 2.756988950577560900e+02 2.399345141976032778e+02 1.990538994391737617e+02 2.589369737581452569e+02 2.686288086095576659e+02 2.207985977087342633e+02 2.596762816711595292e+02 2.610259205211797280e+02 2.524357042125579653e+02 3.067886284440995723e+02 3.452057207481181536e+02 3.290804748469302012e+02 3.678810981073311837e+02 3.677598523412531790e+02 3.326153466893622408e+02 3.520824580379156146e+02 3.899071639475442907e+02 4.339112319613956288e+02 4.739188770059515718e+02
2.002200135570294321e+02 1.526710588967558806e+02 1.453407451052219130e+02 1.313553813727479849e+02 1.007959820118817476e+02 5.660034843212618938e+01 5.756671596421068671e+01 1.020040873728881650e+02 6.572853405799506277e+01 1.290599853368325967e+02 1.787588773092808765e+02 2.266116896482887739e+02 2.694274126601818580e+02 3.055851862509330203e+02 3.528104324552713251e+02 4.045557046432423363e+02 4.135942770488829865e+02 3.713689164707521400e+02 3.235876603115924581e+02 2.791005644292403076e+02 2.334461173512069934e+02 2.940731085728712060e+02 3.050971025392520914e+02 2.555698609406109370e+02 3.084919971559022542e+02 3.198676677423086403e+02 3.153435327703862754e+02 3.024579443300975186e+02 3.678790801122100333e+02 3.853274346795515726e+02 3.824633202105592886e+02 4.196660270975741014e+02 4.083935278418678081e+02 3.806993451320307713e+02 4.216856001748367362e+02 4.593615679119983497e+02 5.080076750869837952e+02
1.495393752667968954e+02 1.047418106330862599e+02 1.034992785846038430e+02 6.915612000859825059e+01 5.497034842336607596e+01 5.497034843003274318e+01 8.969967869384024084e+01 1.406161628208673449e+02 1.442298341910785098e+02 1.101493477705149928e+02 1.820730894507836410e+02 2.388222995624081193e+02 2.907341470191738608e+02 3.448335805309685611e+02 3.998078124245238314e+02 4.468975017561867844e+02 4.606805509983348088e+02 4.226857214635244873e+02 3.751794337826369770e+02 3.213263276763306635e+02 2.724536410241215094e+02 3.332787529325843821e+02 3.451264477583063695e+02 2.949111815963715912e+02 3.479450776089925057e+02 3.842798002568826519e+02 3.803188534933740925e+02 3.392260691353189941e+02 3.941715548705780634e+02 4.365527737852337395e+02 4.229424705512119544e+02 4.683368059823702652e+02 4.687618096760682533e+02 4.506516799132365918e+02 4.338793204045474567e+02 4.860981886084996404e+02 5.393587902710289654e+02
9.720661303696016375e+01 8.085808592582743870e+01 5.314786409442552895e+01 5.314786410109219617e+01 8.003438813393103146e+01 9.259431565462085700e+01 1.454814600392527666e+02 1.902386742626752607e+02 1.949489973292020011e+02 1.466659597124669006e+02 1.504249519737824414e+02 1.991113631784471920e+02 2.564136760039094156e+02 3.240843987114017750e+02 3.959003026199791293e+02 4.638208014138045883e+02 4.975203190485221967e+02 4.778327405692685375e+02 4.265179690292970918e+02 3.728337094785648560e+02 3.177599883203355375e+02 3.782118690685057913e+02 3.910984323306665260e+02 3.414695008912486287e+02 3.913911366405959029e+02 4.382068212773392020e+02 4.333798708140120084e+02 3.829656749971509839e+02 4.280881842788525660e+02 4.767040348632888822e+02 4.692245921844698273e+02 5.092494978861210484e+02 5.338271368890838176e+02 5.194011403054773837e+02 4.809718023533891937e+02 5.223302478968142850e+02 5.745993563626329887e+02
8.837549259819513736e+01 5.080141544726902225e+01 7.654684875554025325e+01 5.906417922003943488e+01 1.142478463904892010e+02 1.545451546648725412e+02 2.078906562821764226e+02 2.506610114586551958e+02 2.388115945116640546e+02 1.862881342516001268e+02 2.093690677242254594e+02 1.935651841999948033e+02 2.563720185964725715e+02 3.280120505696692135e+02 3.975635970722560160e+02 4.623828919933516204e+02 5.109432235466162524e+02 5.184191950085851204e+02 4.847971223261585578e+02 4.259370667117712514e+02 3.710878811169811797e+02 4.299865935464939639e+02 4.452691354358042304e+02 4.054662126504239836e+02 4.255065838532724456e+02 4.823587609353492098e+02 4.808806696756116708e+02 4.353068875517358833e+02 4.914350552426195691e+02 5.182487962545103528e+02 5.307958181377963456e+02 5.502738617894376603e+02 5.904995843145496792e+02 5.701519266751224677e+02 5.511777607828887540e+02 5.643514836566577060e+02 6.214309670832832353e+02
4.892778113551435837e+01 6.904646949822611646e+01 1.035623115840877517e+02 1.331859982053846920e+02 1.689346511088117779e+02 2.152484310096712932e+02 2.714150265488520972e+02 3.079240561075603182e+02 2.851841764427750263e+02 2.359307120746638589e+02 2.492785170579281271e+02 2.572070170268642642e+02 2.325827997863636085e+02 2.917305237677340983e+02 3.606832125036854677e+02 4.255318139753309765e+02 4.960522730234284836e+02 5.407053504588467376e+02 5.316232548660022985e+02 4.834767223103998504e+02 4.352063336080536260e+02 4.876211435871994695e+02 5.029146761053790442e+02 4.836609063751464532e+02 4.964854146037746432e+02 5.201802345995731685e+02 5.222537889417362749e+02 5.008173407314623660e+02 5.504498566568690876e+02 5.855939893477639089e+02 6.009174478274649118e+02 6.163073943863187196e+02 6.479498347938889538e+02 6.369406390575832120e+02 6.254200626666387279e+02 6.329918326042836725e+02 6.729683901736343614e+02
7.322830780631950631e+01 4.892778114218102559e+01 1.339172839318252670e+02 1.850820805435316743e+02 2.331787121470096338e+02 2.736889509835362446e+02 3.211290971261465188e+02 3.604618714130191393e+02 3.418433648126631397e+02 2.928805370113597633e+02 2.999207927192625789e+02 3.001436992542215307e+02 2.325827997930302615e+02 2.702697581167316230e+02 3.153081338141984133e+02 3.838239619392443842e+02 4.619593407312323734e+02 5.396985076528734453e+02 5.722604270093474952e+02 5.530979603923963168e+02 5.140788895709738426e+02 5.461730014404560052e+02 5.748592355580257163e+02 5.645963119736725275e+02 5.733670666510117826e+02 5.887105556652502401e+02 5.904930101182959561e+02 5.793489944397166482e+02 6.130672755487254335e+02 6.536607503898547975e+02 6.742024581900174098e+02 6.899481747155729181e+02 7.040836392768766245e+02 6.986484053750382373e+02 6.915507348847215781e+02 7.012194548540350070e+02 7.269741971501335911e+02
9.648035729740171007e+01 1.305400255445102857e+02 1.233512320466072083e+02 1.840963268012164349e+02 2.478145286702224723e+02 3.122569957599642407e+02 3.655003433650664988e+02 4.037913496139056519e+02 3.978246696888587621e+02 3.590603983233358463e+02 3.613401569668344564e+02 3.567280263003688674e+02 3.011377653431010799e+02 3.523156767516422860e+02 3.811976136911685558e+02 3.959252140512190294e+02 4.633278638951653647e+02 5.377069492690264951e+02 6.006150734328393810e+02 6.097163599415781619e+02 5.995439111027657191e+02 6.138745045614240325e+02 6.269438622715199472e+02 6.266757886421385138e+02 6.364269305238708512e+02 6.506765155353626824e+02 6.588383563024571004e+02 6.627245924879468930e+02 6.820245684428982713e+02 7.001686195939034860e+02 7.134954012599939688e+02 7.272544226117718154e+02 7.248042095992054783e+02 7.069132429097547856e+02 6.930677721462424188e+02 7.089077509605290288e+02 7.321285425958167252e+02
1.327116294023215914e+02 1.775390956649123382e+02 1.766716947936356235e+02 1.805352915952825015e+02 2.375430167061945781e+02 2.988883915510958786e+02 3.631594000937495821e+02 4.235017649546912253e+02 4.481983183587701660e+02 4.335194178523145183e+02 4.334711632200222198e+02 4.292129388153604737e+02 3.920777652913142788e+02 4.161428648874482974e+02 4.600472724353452918e+02 4.708336450379532607e+02 5.151690905491486774e+02 5.759284929035039795e+02 6.182604392228114421e+02 6.296497316864530376e+02 6.313322366902813201e+02 6.318958942901684850e+02 6.195238493314880088e+02 6.080867707656949506e+02 6.255913651771903687e+02 6.507751382798423947e+02 6.778702710752251051e+02 7.024714597955918407e+02 7.090387199353646110e+02 6.932796078605672392e+02 6.698192536700336177e+02 6.943213523704163208e+02 6.900661949380200895e+02 6.539081888063504948e+02 6.239258258148666982e+02 6.545759814797413583e+02 6.911486314677965765e+02
1.660571245492062644e+02 2.233767349645942204e+02 2.334772406062315895e+02 2.454188720301111459e+02 2.456764269220380754e+02 2.958927491857451173e+02 3.557529769798820780e+02 4.223265995570289419e+02 4.813040242902832802e+02 4.966438731213988831e+02 5.002121089364104591e+02 4.963458283357285268e+02 4.832908492345495119e+02 4.964585690755261567e+02 5.194961129929836261e+02 5.384284190844784916e+02 5.643496513726162220e+02 5.915860455614906641e+02 5.954857423076196028e+02 5.799470120962482724e+02 5.839072214460909436e+02 5.919002379426883635e+02 5.606201384932122664e+02 5.319800696782116347e+02 5.613206857273219157e+02 5.960999945330338505e+02 6.368356288877392899e+02 6.802753431664963273e+02 6.811831954114983319e+02 6.416527115490705455e+02 6.036674609920601142e+02 6.403516348146034716e+02 6.396854699568214073e+02 5.986800712593942535e+02 5.560652781637719499e+02 5.997160395895621150e+02 6.419951469933050703e+02
2.087735231709849018e+02 2.611375036231068520e+02 2.894469940599119582e+02 3.135781782630461976e+02 3.147534759793780381e+02 3.508785793246120193e+02 3.978883260309418120e+02 4.559180446283454557e+02 4.974165494737728750e+02 5.105956977792839666e+02 5.121477730864630757e+02 5.120279015040642889e+02 5.105100596845531413e+02 5.148345406316599338e+02 5.248388407121669843e+02 5.375824024490035526e+02 5.515554207109159961e+02 5.547359010161593460e+02 5.326105065157611307e+02 5.088057033483144664e+02 5.193414433214205701e+02 5.404978286708509359e+02 5.058679774106215064e+02 4.643383606908657271e+02 4.985048650813882318e+02 5.389452269104587003e+02 5.932900261091447192e+02 6.449562999807159258e+02 6.418598173625991876e+02 5.919291756733261991e+02 5.431552715140252303e+02 5.836087993396955653e+02 5.835956089125522794e+02 5.488374571290822814e+02 5.031640249218722261e+02 5.521043885215289038e+02 5.957505635751084583e+02
