output/field_example_test_lateral/elevation_000001.asc
nrows	150
cellsize	66.66666667
xllcorner	0
ncols	150
yllcorner	0
NODATA_value	-9999
[rows 68 to 84 of 150, columns 74 to 110 of 150]
2.499132066746348642e+02 2.499589689776587136e+02 2.499962389563291083e+02 2.500031773700308406e+02 2.500048913418762879e+02 2.500053418230866669e+02 2.500054061924769826e+02 2.500052585192159142e+02 2.500046626822957307e+02 2.500033732915244400e+02 2.500009139725187026e+02 2.499951944546826610e+02 2.499825935502285006e+02 2.499469841903317331e+02 2.498280104022305750e+02 2.490829343448870077e+02 2.480105303996033683e+02 2.490476315612762903e+02 2.494115998145541653e+02 2.488041047147497125e+02 2.465245784226659680e+02 2.435673651641791366e+02 2.410640448737254076e+02 2.276694346080175251e+02 2.442106667648350253e+02 2.479414821659344454e+02 2.485515590349846491e+02 2.494779126520996329e+02 2.494855003450852564e+02 2.499007667767250496e+02 2.499839066869860176e+02 2.499974072004918071e+02 2.500018167818795121e+02 2.500033423464499265e+02 2.500027025676064625e+02 2.500011951141684392e+02 2.500020870029366904e+02
2.498043129515548628e+02 2.499337275602038630e+02 2.499837309746941401e+02 2.499999122739199606e+02 2.500043301975225063e+02 2.500053387987057363e+02 2.500055055091856389e+02 2.500054486785801089e+02 2.500050967253560259e+02 2.500043202454135098e+02 2.500028521410392273e+02 2.499999405531897025e+02 2.499923345237166359e+02 2.499563226789640851e+02 2.497103144870880840e+02 2.497667302662801205e+02 2.493529821446803396e+02 2.497648181668984364e+02 2.498315763496508168e+02 2.495048900758494597e+02 2.487554274242459940e+02 2.457278918556626479e+02 2.326603901681370701e+02 2.292708006573712112e+02 2.432854001816883454e+02 2.422529102861682873e+02 2.461780074707176880e+02 2.482888818227120566e+02 2.496847094008902275e+02 2.499372260201499500e+02 2.499870664035246364e+02 2.499980339687095352e+02 2.500016029995792337e+02 2.500022635599744660e+02 2.500008353227632938e+02 2.499989970983836542e+02 2.499994700732874549e+02
2.499337207527827900e+02 2.499767396563984505e+02 2.499976640604208171e+02 2.500033882571702009e+02 2.500050297828723842e+02 2.500054726458314178e+02 2.500055843851898771e+02 2.500055443975064975e+02 2.500050758385617371e+02 2.500038403539334126e+02 2.500013225718361412e+02 2.499951187226625393e+02 2.499759473086117794e+02 2.499175936794894710e+02 2.499561524823998013e+02 2.499386356058611796e+02 2.498230442586452114e+02 2.499352796391394804e+02 2.499409462576853400e+02 2.498318131280599914e+02 2.493954881415983209e+02 2.473764895849616607e+02 2.436320418453910577e+02 2.431022951159017396e+02 2.317424815378255403e+02 2.443567515141254489e+02 2.473882646219240939e+02 2.489771894138473840e+02 2.496675685354902612e+02 2.498815403119641019e+02 2.499678653645594295e+02 2.499930826198505827e+02 2.499999692003391942e+02 2.500003688125417796e+02 2.499989848164191528e+02 2.499966063877511431e+02 2.499964417526940963e+02
2.499751818124242106e+02 2.499957876925743960e+02 2.500018559009937462e+02 2.500043082899403259e+02 2.500052418320969423e+02 2.500055286269657699e+02 2.500056330021580209e+02 2.500056188008122433e+02 2.500053177171310779e+02 2.500045191810523875e+02 2.500028295237079874e+02 2.499992745824435758e+02 2.499908856101879451e+02 2.499782533067427153e+02 2.499926252492117840e+02 2.499855275048408032e+02 2.499597433901810177e+02 2.499793749722512928e+02 2.499600883417309660e+02 2.498485887771700220e+02 2.494621864121579620e+02 2.484321902214468309e+02 2.474568534596434404e+02 2.408822303309399615e+02 2.438240808831889694e+02 2.338897244916284421e+02 2.429792402874792572e+02 2.472819269121057744e+02 2.490830479017892856e+02 2.497380148808954630e+02 2.499384253585092779e+02 2.499886437195189615e+02 2.499972026843432502e+02 2.499957712920964923e+02 2.499966162953166986e+02 2.499920290955353721e+02 2.499974110304952717e+02
2.499520144089334224e+02 2.499864943139485831e+02 2.499929482722282899e+02 2.500026038586028960e+02 2.500048970872076950e+02 2.500054432795990635e+02 2.500056064573650190e+02 2.500056489368230359e+02 2.500055189279785566e+02 2.500049968303320327e+02 2.500039433237753030e+02 2.500020457154445523e+02 2.499982966444736405e+02 2.499985921256027552e+02 2.499997843928472321e+02 2.499949701580236194e+02 2.499933094570318417e+02 2.499882059548725692e+02 2.499668769538839683e+02 2.499024739433183981e+02 2.497162693661196897e+02 2.490948738661606399e+02 2.459014861715562290e+02 2.473271150252145389e+02 2.436610243242201932e+02 2.353138985632420770e+02 2.456286582671655481e+02 2.481958359589885674e+02 2.494298852699521092e+02 2.497983569498577481e+02 2.499427491596510436e+02 2.499839502031723271e+02 2.499884263461725880e+02 2.499757060286453054e+02 2.499880201698122733e+02 2.499832259406087758e+02 2.499957057769218807e+02
2.498244172822021198e+02 2.499334348295796815e+02 2.499913116393243229e+02 2.500030722705311632e+02 2.500050900383496355e+02 2.500054079509522751e+02 2.500055289126614468e+02 2.500056118958540878e+02 2.500056112219054967e+02 2.500053662913726384e+02 2.500047780647126672e+02 2.500037480033570034e+02 2.500026408999747218e+02 2.500028938639697742e+02 2.500013484053024797e+02 2.499986692715401091e+02 2.499919907666358370e+02 2.499707133272390251e+02 2.499012519152056200e+02 2.497082806803697963e+02 2.492501525338577721e+02 2.483142738370355858e+02 2.491534129578731722e+02 2.488532594968326919e+02 2.470464268199994535e+02 2.447450211839838232e+02 2.373313872432186145e+02 2.461795464015003461e+02 2.482580568253001161e+02 2.494681354198474139e+02 2.498519265456935727e+02 2.499508749674022567e+02 2.499485870270588350e+02 2.498796929815719636e+02 2.499496027247355414e+02 2.499906939228283704e+02 2.499981609645412277e+02
2.499448681203863316e+02 2.499829069473658478e+02 2.499882870643633339e+02 2.500030043968160953e+02 2.500046539708777402e+02 2.500052371660666779e+02 2.500054311350202738e+02 2.500055567672881125e+02 2.500056427673454778e+02 2.500056039639179346e+02 2.500053501015542849e+02 2.500049585639893905e+02 2.500044933174739015e+02 2.500038964868344067e+02 2.500024262182510597e+02 2.500000792507023561e+02 2.499955348888887841e+02 2.499837919235804975e+02 2.499506293848744463e+02 2.498605798928126092e+02 2.496828039534137531e+02 2.494483624291794399e+02 2.497827544620558058e+02 2.495793089406732008e+02 2.489540506527744128e+02 2.475662772650977672e+02 2.463117139657787789e+02 2.390384495820263737e+02 2.464415007900871899e+02 2.489842086570635331e+02 2.495334894993124806e+02 2.497978415506749172e+02 2.496534315980899805e+02 2.499406299716039541e+02 2.499849807893378397e+02 2.499955520327573595e+02 2.499991964814155665e+02
2.499905097514754573e+02 2.499984746627414722e+02 2.500026712327655503e+02 2.500018091086081995e+02 2.500048721066813187e+02 2.500053976023656332e+02 2.500055084961377361e+02 2.500055549304181852e+02 2.500056445254627420e+02 2.500057110682223822e+02 2.500056998882818391e+02 2.500055769262563103e+02 2.500052788315566659e+02 2.500045624030294960e+02 2.500033041438804560e+02 2.500013406935777880e+02 2.499983045094433578e+02 2.499921926751201511e+02 2.499767567540883704e+02 2.499475751023376802e+02 2.498883631195926682e+02 2.499023268393441413e+02 2.499389359124331236e+02 2.498480815079610409e+02 2.495949108937714129e+02 2.487290914804651720e+02 2.400627814460420382e+02 2.400627814393753852e+02 2.473237338474018543e+02 2.465302231058533096e+02 2.482035241563571333e+02 2.490869886246360068e+02 2.498554086504854865e+02 2.499635672800123700e+02 2.499935544360496351e+02 2.499981899389522368e+02 2.499985271861791034e+02
2.499992814981048639e+02 2.500035673763471209e+02 2.500044913925844412e+02 2.500048106043196015e+02 2.500051585769761004e+02 2.500054310195800724e+02 2.500055331365309996e+02 2.500056020382399424e+02 2.500056518799074752e+02 2.500057294173436446e+02 2.500058030465672516e+02 2.500058070987238352e+02 2.500056066577544982e+02 2.500050647621771702e+02 2.500040150126629044e+02 2.500024967705928987e+02 2.500003511810919861e+02 2.499968994907289357e+02 2.499919673777651781e+02 2.499836788032078232e+02 2.499755756860320730e+02 2.499830913939450454e+02 2.499797490298360287e+02 2.499471330026272256e+02 2.498157380135722292e+02 2.492839275119154365e+02 2.476983707044866776e+02 2.409791448552278155e+02 2.428536920396458072e+02 2.485719182510977703e+02 2.495086371483744188e+02 2.497686321375499290e+02 2.498917824049984233e+02 2.499832006874425758e+02 2.499958982366867417e+02 2.499972508721013185e+02 2.499947673363815284e+02
2.500014591105412478e+02 2.500036374820559786e+02 2.500033628575208127e+02 2.500048564840430174e+02 2.500051907821789428e+02 2.500053277708062183e+02 2.500054514516600932e+02 2.500055779525844741e+02 2.500056630138654441e+02 2.500057317329701618e+02 2.500058123770935197e+02 2.500058677563723677e+02 2.500057895813453115e+02 2.500054046098971412e+02 2.500046553193651846e+02 2.500034771129737976e+02 2.500018759801311887e+02 2.500001627335885530e+02 2.499981560464592008e+02 2.499963739071891951e+02 2.499942036640359220e+02 2.499925469483691813e+02 2.499833705336913852e+02 2.499323294093355514e+02 2.496781923532603571e+02 2.489891165591681386e+02 2.452004601398710975e+02 2.419006180994766737e+02 2.476131498624878020e+02 2.491189032984088669e+02 2.497965193345482078e+02 2.499426626099861437e+02 2.499753419290971124e+02 2.499895837817222457e+02 2.499948862274290207e+02 2.499908551188485717e+02 2.499822107379263798e+02
2.499924554921629749e+02 2.499997196328415896e+02 2.500040656410833435e+02 2.500045249886745751e+02 2.500049085568886085e+02 2.500051288088685908e+02 2.500053484662543326e+02 2.500055039589234411e+02 2.500056055875949994e+02 2.500057203984607384e+02 2.500058099929497644e+02 2.500058819137729529e+02 2.500058796634898783e+02 2.500056789624325688e+02 2.500051677045158840e+02 2.500042981030425437e+02 2.500032953107803735e+02 2.500021021416300187e+02 2.500009404525442847e+02 2.499993101592385756e+02 2.499965281428937942e+02 2.499876460126964162e+02 2.499615501628435084e+02 2.499110246748378756e+02 2.496387155621109173e+02 2.479003458088165530e+02 2.488087256410030079e+02 2.479570228699601557e+02 2.431215771052852119e+02 2.483111370486037686e+02 2.497009258219615901e+02 2.499201730579136722e+02 2.499662131360454111e+02 2.499814591324502544e+02 2.499824336214048230e+02 2.499656990213008783e+02 2.499018999222045352e+02
2.499979683015721150e+02 2.500030457372566275e+02 2.500045856486089235e+02 2.500050878924747906e+02 2.500052235195579442e+02 2.500053231900083404e+02 2.500053134540186477e+02 2.500054101666557926e+02 2.500055369095972537e+02 2.500056594083755499e+02 2.500057519983079715e+02 2.500058378357233835e+02 2.500059001939772543e+02 2.500058439804151931e+02 2.500055418095082871e+02 2.500050605863566204e+02 2.500042832558031307e+02 2.500030847613022047e+02 2.500014273834230210e+02 2.499992718138570638e+02 2.499951475188696577e+02 2.499761894248491103e+02 2.498546295990353201e+02 2.496372999153990691e+02 2.491695764092698369e+02 2.496305379922831378e+02 2.496099552365031400e+02 2.483714774793179174e+02 2.438708412982328753e+02 2.485447652071080142e+02 2.492171869806954305e+02 2.496235717321969503e+02 2.498485795061851320e+02 2.498816887966492857e+02 2.499311205504819782e+02 2.498001750983294187e+02 2.499614372988856701e+02
2.499924013347713583e+02 2.500012161444986134e+02 2.500041770416086422e+02 2.500050624368755336e+02 2.500052985669431678e+02 2.500054097167338227e+02 2.500054672955464525e+02 2.500055182289019342e+02 2.500055278124656581e+02 2.500056027370342235e+02 2.500056861830932746e+02 2.500057772072289595e+02 2.500058752550882275e+02 2.500059173702059070e+02 2.500057391419306043e+02 2.500051617585264410e+02 2.500041088109139480e+02 2.500025529311541845e+02 2.500003277611987471e+02 2.499976045268925873e+02 2.499906454948546184e+02 2.499582964791076449e+02 2.499663051904575184e+02 2.499038187851472514e+02 2.497482583447195736e+02 2.498888307651729974e+02 2.497191875865464681e+02 2.489736004317547611e+02 2.464295120189323427e+02 2.447499305633449751e+02 2.460686485392038207e+02 2.493343775646430061e+02 2.488855664784793476e+02 2.493351661967053587e+02 2.496007909334393275e+02 2.499246735303042044e+02 2.499755969656597472e+02
2.499805802566938553e+02 2.499971495185702679e+02 2.500031812251988868e+02 2.500044591718933873e+02 2.500048656579066062e+02 2.500052182746691471e+02 2.500054063260386386e+02 2.500055403504694311e+02 2.500056140968515024e+02 2.500056727153765053e+02 2.500057466777711852e+02 2.500058288007092528e+02 2.500059110169961798e+02 2.500059457079208016e+02 2.500056104696807893e+02 2.500045848852065546e+02 2.500029010008958892e+02 2.500008253772159321e+02 2.499984788458602054e+02 2.499951322392902568e+02 2.499877198572944792e+02 2.499927498577986000e+02 2.499892188609303503e+02 2.499595367403564978e+02 2.499393525827612734e+02 2.499417773214644001e+02 2.497098053440454635e+02 2.481978471833812989e+02 2.454430899378739070e+02 2.486100160056240327e+02 2.492462798294986612e+02 2.478026604808449349e+02 2.496358472583619914e+02 2.498572337806952817e+02 2.499171501942018381e+02 2.499624976138285035e+02 2.499893082611679347e+02
2.499846621846017740e+02 2.499967517913186725e+02 2.500007823232484441e+02 2.500011205860523944e+02 2.500032392825655734e+02 2.500041626267293964e+02 2.500050016005933458e+02 2.500053894467237114e+02 2.500055640325407751e+02 2.500056356242180868e+02 2.500057361367097712e+02 2.500058400766343141e+02 2.500059491899834256e+02 2.500060043318986516e+02 2.500058200711003735e+02 2.500051536238622987e+02 2.500039960406105308e+02 2.500024103563575011e+02 2.500005623541152602e+02 2.499984930693925378e+02 2.499963781549958242e+02 2.499976719303283232e+02 2.499925211128318665e+02 2.499874157499600926e+02 2.499798642517243934e+02 2.498899892443015176e+02 2.495921099356535535e+02 2.492682274007550518e+02 2.486960830075370268e+02 2.460492472358935458e+02 2.493258484440291625e+02 2.496966749834267887e+02 2.498545404431252166e+02 2.499643516993811829e+02 2.499818756029307565e+02 2.499893543860562772e+02 2.499950069893712339e+02
2.499389749654150137e+02 2.499793740440791794e+02 2.499811354865498458e+02 2.499952660859317177e+02 2.499955739355638400e+02 2.500018093782617541e+02 2.500041858901069531e+02 2.500050744398712652e+02 2.500054224628392490e+02 2.500056027371060452e+02 2.500057191675493868e+02 2.500058264208592504e+02 2.500059387678077485e+02 2.500060225124793476e+02 2.500059552726341963e+02 2.500055915243760580e+02 2.500048146523088235e+02 2.500036599518008131e+02 2.500023439059608563e+02 2.500009305012534924e+02 2.499997550594843290e+02 2.499985971096997730e+02 2.499964401820565456e+02 2.499928433748571877e+02 2.499788362078424200e+02 2.499563084881529562e+02 2.499082073671790170e+02 2.498179372492896846e+02 2.493962444393235103e+02 2.465078189814628047e+02 2.493115773089519109e+02 2.497459174900891128e+02 2.499291549032884063e+02 2.499808609193653126e+02 2.499925701457007676e+02 2.499953634503857813e+02 2.499968117636728380e+02
2.498008047770301800e+02 2.499413865289543821e+02 2.499253275670317862e+02 2.499720424856743932e+02 2.499990391655890676e+02 2.500036439270250526e+02 2.500045752706108146e+02 2.500051787990077514e+02 2.500055471126939040e+02 2.500056752504046926e+02 2.500057373952878947e+02 2.500057641820109495e+02 2.500058443312784391e+02 2.500059302314370768e+02 2.500059816639504504e+02 2.500058502344372755e+02 2.500054046685960429e+02 2.500047108160437404e+02 2.500037576829673185e+02 2.500027497330884785e+02 2.500015488527130003e+02 2.499999885665059196e+02 2.499981372145282137e+02 2.499961168223464085e+02 2.499935826436702371e+02 2.499885946858936165e+02 2.499777542960417236e+02 2.499270240422956419e+02 2.495808955945145158e+02 2.492534550773289084e+02 2.472051963200613898e+02 2.492684461780183369e+02 2.498311356175957201e+02 2.499638589426843396e+02 2.499904685480746025e+02 2.499951064124855975e+02 2.499958839274522688e+02
