output/field_example_test_lateral/elevation_000026.asc
nrows	150
cellsize	66.66666667
xllcorner	0
ncols	150
yllcorner	0
NODATA_value	-9999
[rows 51 to 67 of 150, columns 0 to 36 of 150]
6.474411239618605351e-04 6.530723181960435397e+01 1.270201259562058311e+02 1.623693066253243273e+02 1.818515927247607351e+02 1.796204544323570929e+02 1.657221375500485578e+02 1.688161107248082260e+02 1.705403889041035939e+02 1.545774627756532595e+02 1.627264342832144450e+02 1.842499632474192026e+02 2.066676109380287016e+02 2.601667687470628039e+02 2.691591470439631735e+02 2.584325500739248582e+02 2.679691839990479139e+02 3.112822585683369994e+02 3.176402160320899952e+02 3.022469880624761345e+02 3.463415681455207391e+02 3.575837552468189529e+02 3.627633838254737384e+02 4.210058447945966122e+02 4.565404323257559440e+02 4.402881395252741754e+02 3.849963950987846601e+02 4.282132881754458253e+02 4.291619362212744591e+02 4.636545340512508346e+02 4.603914202945427405e+02 5.008474607389864559e+02 5.296675666072688955e+02 5.897645266413792342e+02 6.547562888320403545e+02 7.213004431103311163e+02 7.719706533621371136e+02
2.991442671798761992e-04 5.390612309066718666e+01 1.134315720296848582e+02 1.732136636098971110e+02 2.268748875288913212e+02 2.487756230754864930e+02 2.441607083702645582e+02 2.366584652082301545e+02 2.342297561579832745e+02 2.259110111409281956e+02 2.313065709492302346e+02 2.468647285865970105e+02 2.662982840878341335e+02 2.889204972186003602e+02 3.299289329678029503e+02 3.228055326060683683e+02 3.311914603388895557e+02 3.489486987701690737e+02 3.828442630512377605e+02 3.708708961647865863e+02 3.861156382138740355e+02 4.256131869532263181e+02 4.280506196641231895e+02 4.504290109792892736e+02 4.978841570675381831e+02 4.843748174787985477e+02 4.286817411880170425e+02 4.801885981360943561e+02 4.936295349583408552e+02 4.965559732507330182e+02 5.081234917604887755e+02 5.283149197146979077e+02 5.807178675635001355e+02 6.122746025322187506e+02 6.710506531053939625e+02 7.342214672554651997e+02 7.825819645838619181e+02
5.382406089261300560e-04 4.833101431524702463e+01 1.037678585432121281e+02 1.660670359026375991e+02 2.320730294498591491e+02 2.893602858710104897e+02 3.106804152303083697e+02 3.063636803449413719e+02 3.052384006108849803e+02 3.024899526895569011e+02 3.066627539772470641e+02 3.167618973453801914e+02 3.319035591271970134e+02 3.494728085228483678e+02 3.847219604101206301e+02 3.890763277501743573e+02 3.982890449146413516e+02 4.111603414760088526e+02 4.419456161016165083e+02 4.397407923752122088e+02 4.503843523388207473e+02 4.862295689048129361e+02 4.963690612401864541e+02 5.164719838624924932e+02 5.379660220421385475e+02 5.300681574427783289e+02 4.780490773698372209e+02 5.242670659051531175e+02 5.582165364081474763e+02 5.488143480156836631e+02 5.614900971885333547e+02 5.819203187867620954e+02 6.292361965500517726e+02 6.775831229153045570e+02 7.149528670538226152e+02 7.505852589336675464e+02 7.707611779711927511e+02
9.405933839789771796e-05 4.662419381817379360e+01 1.012103993799715909e+02 1.635862756473499076e+02 2.312810677335645835e+02 2.958390580876667855e+02 3.432390642897866542e+02 3.587571018629223545e+02 3.634541774919136969e+02 3.662273291455341564e+02 3.722827149941351763e+02 3.798954306496239610e+02 3.919922010869692599e+02 4.082959344270246334e+02 4.297923662119566757e+02 4.438598138355364426e+02 4.551675109695992205e+02 4.677955195539842634e+02 4.843590402529062544e+02 4.928227033241573736e+02 5.077521958529802077e+02 5.320488840285368042e+02 5.536565251292596486e+02 5.760531883892241467e+02 5.935171951869513123e+02 5.810366336730529611e+02 5.368688532759782674e+02 5.764486484030919655e+02 6.162355319980715649e+02 6.074664660582615170e+02 6.222641833930348412e+02 6.447576128476017630e+02 6.853208575721804436e+02 7.132951991729099745e+02 7.229730970931705087e+02 7.164122211500265394e+02 7.078914682270160483e+02
4.552373030990004800e-04 5.361214757428005839e+01 1.139210987826936758e+02 1.782603738464470950e+02 2.412458455059726248e+02 2.888788575438967996e+02 3.209761386024005105e+02 3.428621646948729449e+02 3.493503963282887526e+02 3.572534686810574271e+02 3.737183324129969719e+02 3.846593180397678680e+02 3.964422961869156552e+02 4.099016755334719164e+02 4.260913225416435921e+02 4.388751847834546993e+02 4.505126162689999205e+02 4.613129252049602087e+02 4.671189609278922603e+02 4.726657027729610832e+02 4.953233378747644338e+02 5.210111897874918441e+02 5.507805132057153514e+02 5.847486240492071374e+02 6.166209986680653401e+02 6.257393094016969144e+02 6.125496966129169323e+02 6.279823361862329421e+02 6.728419015525748819e+02 6.714307314420750572e+02 6.885912841024502313e+02 7.099298637275844612e+02 7.205265883773231508e+02 7.098617470707412167e+02 6.810684124237097876e+02 6.399191959433093189e+02 6.270749915891343562e+02
9.620149528071391450e-04 6.362055345037998677e+01 1.272935958860924188e+02 1.791725123356543463e+02 2.139891877877390698e+02 2.417336961973555844e+02 2.591856595979644453e+02 2.843280147664731885e+02 2.823321271639079555e+02 2.854493174449380604e+02 3.160777606290218387e+02 3.262195669826140261e+02 3.401421770267926945e+02 3.526630587819078073e+02 3.690439766201861289e+02 3.800827069312073263e+02 3.930441449123117081e+02 4.076653727693317251e+02 4.049838230868327855e+02 4.008777475230830873e+02 4.367654088779958670e+02 4.574803797111703147e+02 4.982665023991966109e+02 5.419864303057495363e+02 5.952525981872828424e+02 6.392223143118604867e+02 6.714386913173822222e+02 6.940593047735832215e+02 7.294528160958230956e+02 7.350721539043039456e+02 7.457583879111714396e+02 7.392765391627775671e+02 7.109143444154101417e+02 6.711766023861699750e+02 6.163468879336188593e+02 5.665454846019206343e+02 5.580042797486436257e+02
1.585375988990400783e-04 5.874122323100002063e+01 9.941876714860299558e+01 1.374366175286332634e+02 1.725784096502770808e+02 1.707568199896360284e+02 2.080466928286745940e+02 2.132857642581988955e+02 2.100186611433865664e+02 2.076083459442770049e+02 2.318337396897152018e+02 2.538641704467112845e+02 2.753196561758261964e+02 2.869219169305066544e+02 3.064280886294201878e+02 3.145969293871668242e+02 3.293783099019271390e+02 3.564798972162366226e+02 3.414637636626256949e+02 3.304240538313154048e+02 3.645654170860543104e+02 4.020082096268784539e+02 4.441863840264879855e+02 4.920079715547394130e+02 5.468006092097870123e+02 6.149898180394266092e+02 6.795507560837656911e+02 7.377582959963785925e+02 7.736903536921844307e+02 7.792191678775752735e+02 7.569896131381893838e+02 7.183694739266913984e+02 6.634750574161801069e+02 6.115945553957355969e+02 5.585207114546518596e+02 5.042902202847178046e+02 4.991469718580929111e+02
4.462850991293150407e-04 1.120311137295854564e+01 5.980179219213908226e+01 1.010697669602976561e+02 1.134029410855567193e+02 1.116939877561969183e+02 1.455296610366358436e+02 1.459223874274771333e+02 1.471421737472983295e+02 1.412131760294974754e+02 1.510905955138742911e+02 2.030622088903706981e+02 2.175382197000191695e+02 2.256297136977997013e+02 2.579397111451429510e+02 2.541970376434995842e+02 2.889024893019343949e+02 2.987119792340656659e+02 2.835991323859771001e+02 3.425521077332789446e+02 4.018790946169652898e+02 4.501984212484537125e+02 4.945197817551846811e+02 5.395928194583910908e+02 5.857837523052530742e+02 6.241055942867202475e+02 6.818099275648116873e+02 7.409898535631141385e+02 7.821390236727759202e+02 7.667866743798235802e+02 7.259390152814436306e+02 6.685659773649435920e+02 6.148323401380678206e+02 5.577439065333214785e+02 5.045506616890284022e+02 4.536292228927150063e+02 4.482310752791067898e+02
5.062654624056582434e-04 4.594550816139922489e+01 2.774869456793794953e+01 3.973044008269008742e+01 5.152265350245794906e+01 6.265289256637215232e+01 7.471191578308656744e+01 8.586932403668596692e+01 9.751731643700421159e+01 1.078650350701593510e+02 1.185254396330664690e+02 1.335426845955824149e+02 1.890255158173548580e+02 1.779270700243137071e+02 1.941359046029013768e+02 2.092672113703509922e+02 2.250515303844344999e+02 2.426458209640818495e+02 2.660474128078456602e+02 3.372207406999404498e+02 3.985998943093511002e+02 4.521131373296519769e+02 4.998832545331299002e+02 5.433298777543953975e+02 5.864792446832212818e+02 6.300868927340453638e+02 6.830020861757270723e+02 7.370359085570040634e+02 7.581249653039177474e+02 7.283416358789792184e+02 6.731340134613659529e+02 6.193460887279971985e+02 5.639334647211978790e+02 5.160742215272725844e+02 4.651599422634851067e+02 4.119463541271741178e+02 4.028114757011030633e+02
9.885879683443981290e-04 6.490211557230144024e+01 9.363084386210167054e+01 1.124316721216471393e+02 1.181881634980746014e+02 1.225072964380186704e+02 1.288758040636597002e+02 1.263999416552870656e+02 1.546684292396365379e+02 1.521310919244880040e+02 1.610416600540386582e+02 1.686735239436125369e+02 1.561961067658442914e+02 2.152528973520035152e+02 2.531283841165890749e+02 2.672830083472048841e+02 2.636031115418222726e+02 2.968468732194401696e+02 3.248595770168866466e+02 3.058284294794647167e+02 3.602502188783853398e+02 4.155942754916590047e+02 4.563241082114171832e+02 4.954610258555704263e+02 5.374442802397670675e+02 5.777094778522606475e+02 6.456567418865299715e+02 7.127808202833559790e+02 7.222208174715456153e+02 6.762397357000609190e+02 6.246577757476662782e+02 5.699766726505896486e+02 5.210978297704375564e+02 4.736772082221668825e+02 4.360184383580975123e+02 4.097130179537505796e+02 3.608907080078810168e+02
6.792166669057083479e-04 6.813177193718345848e+01 1.193508183523432962e+02 1.587249100480039488e+02 1.801638238740662530e+02 1.869966799934153414e+02 1.891218701823586343e+02 1.816105977528846154e+02 1.945369148974583595e+02 1.991627463766807011e+02 2.065296186710172606e+02 2.092278897768833303e+02 2.028952600927945014e+02 2.109135078973638997e+02 2.766668376377085110e+02 3.192872641040855228e+02 3.260972616822034524e+02 3.268170114798537043e+02 3.761832183226104576e+02 3.729998513740209205e+02 3.414223374972393685e+02 3.695634184448343831e+02 4.023479121284075859e+02 4.412413871647298720e+02 4.899252605200798598e+02 5.592017704018244331e+02 6.370653486847180602e+02 6.975284250411109497e+02 6.884945805680425792e+02 6.327403368962292234e+02 5.760122946025384181e+02 5.291165697266219468e+02 4.821707196946863974e+02 4.376871852813517307e+02 3.956561223034132695e+02 3.651391823988330998e+02 3.294600521328865170e+02
3.095820745989581735e-04 4.115680234764344902e+01 9.101762470373559211e+01 1.466988023359986926e+02 2.034360109759477950e+02 2.472134040702654829e+02 2.546725273790884785e+02 2.466492000589513225e+02 2.524761126299987382e+02 2.529443868981143169e+02 2.570686805085280184e+02 2.555527361064178251e+02 2.523985072491374240e+02 2.595074505459042484e+02 2.742791060937306042e+02 3.399200149164672666e+02 3.824591391775703073e+02 3.751130772543478429e+02 4.227135504216835784e+02 4.276516256619902379e+02 3.852749274386131333e+02 4.142577654793271336e+02 4.451034201155278538e+02 4.815829495106772811e+02 5.305770631214471678e+02 5.940486400218113658e+02 6.630273683367838657e+02 6.940428867021325914e+02 6.567328983871966557e+02 5.921420939766477431e+02 5.341026932716429201e+02 4.876484571049173837e+02 4.500092331342499392e+02 4.083281979713382839e+02 3.631788184581307064e+02 3.240813147208775149e+02 3.022889544252352607e+02
8.517285258632341979e-04 6.859484872844318204e+01 1.305158991076655184e+02 1.880841374802579651e+02 2.386132638620866544e+02 2.879605976705063313e+02 3.199212068983778181e+02 3.181649317217894577e+02 3.207711612159076822e+02 3.152617999580539276e+02 3.153735450876976074e+02 3.094793834452391934e+02 3.075038683309040266e+02 3.133033423801210233e+02 3.217029910145527083e+02 3.752866286429609772e+02 4.288327479959054358e+02 4.291561047962258044e+02 4.717162995374852130e+02 4.798208512532630721e+02 4.425164993409835574e+02 4.696156504582133948e+02 5.002567258253093883e+02 5.345085926630807762e+02 5.764962855597124189e+02 6.331177074135160865e+02 6.891511933227113786e+02 6.899708204205749098e+02 6.202054844910662723e+02 5.491759535582830267e+02 4.922377703800594304e+02 4.483379797255007588e+02 4.133019859912640186e+02 3.844475060204356396e+02 3.591642796675514546e+02 3.792742490373431110e+02 3.399979898504236644e+02
-2.161618358024713742e-03 5.628489436478449193e+01 1.201492805391175409e+02 1.906904852188995676e+02 2.640819733882092919e+02 3.246276911365010847e+02 3.656550755338878957e+02 3.831586138230721303e+02 3.912604938065304054e+02 3.842525378928640407e+02 3.824245088629392058e+02 3.723906391777602494e+02 3.706271902825888560e+02 3.761538162420204685e+02 3.872359648923831514e+02 4.128154495352276285e+02 4.756906635003846304e+02 4.947927736809282351e+02 5.146835846232236236e+02 5.354403057096116072e+02 5.193988398999347282e+02 5.337887152982445969e+02 5.664612394880034572e+02 5.995048703313865417e+02 6.361392918709245805e+02 6.789135836753516742e+02 7.229611508072882771e+02 7.140490876957861701e+02 6.511836037579497543e+02 5.865165200682449722e+02 5.356003155774911875e+02 4.918622033255657016e+02 4.574020074671258271e+02 4.546502211024554754e+02 4.185293925155929173e+02 4.279029380226708668e+02 3.834573510765332571e+02
-2.229181703625709998e-03 5.509003982833588253e+01 1.190544316143989505e+02 1.905945845123768834e+02 2.638839193583243059e+02 3.240730643228845338e+02 3.689913272231028145e+02 4.042974099097555154e+02 4.329312144711551014e+02 4.451873314648872793e+02 4.508937080420141683e+02 4.406687006712565449e+02 4.395903815054091410e+02 4.452841464908908051e+02 4.571122761379072585e+02 4.773007058495191473e+02 5.231916089867220307e+02 5.528585186683956181e+02 5.687090050814817914e+02 5.825832369813007290e+02 5.850776929116558449e+02 6.030734694360708090e+02 6.325442152346469129e+02 6.635775471668811178e+02 6.945706176862028087e+02 7.282120576402878669e+02 7.560265369228595773e+02 7.440879854681783172e+02 6.901441574578039990e+02 6.362463244938800244e+02 5.846440670054507791e+02 5.449834904799745345e+02 5.266318564596859915e+02 5.172669004233613350e+02 4.826968321514195281e+02 4.769658349359200429e+02 4.362064769545538638e+02
-6.136218851422298691e-03 6.015798889328590349e+01 1.265390722987953325e+02 1.909044257270822982e+02 2.380122170118939664e+02 2.820143202167085406e+02 3.263452556240897593e+02 3.668872573737217522e+02 4.132923636837485901e+02 4.556328133294487657e+02 4.886357201755029109e+02 4.934816528846237134e+02 4.953160159039056225e+02 5.013197056952816979e+02 5.133525282001400001e+02 5.305538433846184034e+02 5.525652326169996513e+02 5.644391391388542161e+02 5.599285946600028865e+02 5.678080124831448074e+02 5.886780091909112116e+02 6.192850383269991426e+02 6.554646050717102526e+02 6.834249926180905277e+02 7.029832881469556014e+02 7.320019942621532891e+02 7.615046839264632581e+02 7.664784622180970928e+02 7.358789030847563026e+02 6.853813368346163770e+02 6.428021137367284155e+02 6.146361507927705361e+02 5.892408218883791733e+02 5.663744939286666522e+02 5.390189978459626445e+02 5.152379612375857505e+02 4.829825818549047654e+02
-5.699245925908344272e-03 6.529330663329965034e+01 1.271495543149935514e+02 1.560973660107892158e+02 1.891773998504296230e+02 2.301028897589432063e+02 2.833339136443931352e+02 3.055208513656683067e+02 3.639681602102375564e+02 4.243365942056479980e+02 4.735177063440773395e+02 4.767878747486382167e+02 4.766249921791361999e+02 4.808414482711293090e+02 4.946598675770919158e+02 5.060514718957311402e+02 5.207889187471594141e+02 5.207646914849796076e+02 4.928736862752409138e+02 4.982728418602377474e+02 5.324722487612303894e+02 5.757853580110719349e+02 6.244699817298901507e+02 6.359300184763525294e+02 6.434435747057136723e+02 6.808767347633246345e+02 7.286527458908630024e+02 7.575782451215141009e+02 7.574708143060780685e+02 7.258691223738162535e+02 6.822405676722237331e+02 6.376457212786142463e+02 5.994014076617105502e+02 5.654114519536586840e+02 5.325465718793918768e+02 5.011949648747065567e+02 4.692773834110782332e+02
