output/field_example_test_lateral/elevation_000009.asc
nrows	150
cellsize	66.66666667
xllcorner	0
ncols	150
yllcorner	0
NODATA_value	-9999
[rows 17 to 33 of 150, columns 37 to 73 of 150]
1.796385265969600198e+02 1.946014464472985992e+02 1.431067329762904308e+02 1.992057682638891549e+02 1.477509665877760767e+02 1.830209019981999745e+02 1.980232130282867331e+02 1.614999517835115057e+02 1.660020029013815872e+02 1.709447944998334776e+02 1.760725077817392616e+02 2.039829584638574431e+02 2.267054731413697368e+02 2.313396193377011514e+02 2.156400363763283394e+02 2.115240469319992371e+02 2.046230233407059416e+02 2.088209742033005512e+02 2.204148619709951049e+02 2.778211094112991191e+02 3.287073022180799171e+02 3.772526681322078161e+02 4.185006442763927339e+02 4.583013263247850659e+02 4.846928012202431546e+02 4.756509587555172516e+02 4.729692709980208178e+02 4.849925208869013886e+02 5.186724644504430444e+02 5.292191596717744915e+02 5.356563301978605978e+02 5.058505444074650654e+02 5.012916163480782075e+02 4.710047404873233745e+02 4.837881666025483582e+02 5.479258797734214568e+02 5.995662342931365174e+02
1.272428969559737340e+02 1.312153441042568147e+02 1.347114064763168244e+02 1.394713193334260382e+02 1.753740721307651711e+02 1.477509665944427297e+02 1.528965096288705752e+02 2.043087606969494630e+02 1.938701895159523474e+02 2.092533955144128868e+02 2.096543956030842821e+02 2.391657503289676754e+02 2.465427208155891208e+02 2.645517887365510319e+02 2.441694024967843859e+02 2.359479003758915781e+02 2.757031884091070992e+02 2.777475943587485290e+02 2.834807017196407628e+02 2.468357900523582487e+02 3.143034455239114777e+02 3.639880041580063903e+02 3.836291556227330943e+02 4.391766806237437777e+02 4.998858951963716208e+02 5.322723791033117777e+02 5.366078477549447143e+02 5.494782919433072266e+02 5.691680334030153290e+02 5.978954268287581044e+02 5.981698732443327344e+02 5.640780515653312932e+02 5.593484224717644793e+02 5.161185038770406663e+02 5.223864615028729759e+02 5.619539496684858477e+02 6.226709510309356119e+02
1.712291391221833408e+02 1.902297005949997413e+02 1.936159698359400920e+02 1.605566092228036439e+02 2.042980187305564073e+02 2.111406319969240712e+02 1.714303091630183928e+02 2.248599942248129651e+02 2.553647852753375389e+02 2.738032735378350253e+02 2.755290151219024324e+02 2.824956499598324626e+02 2.871771613568995463e+02 2.981772152176812938e+02 3.009252855922927097e+02 2.703508804267000869e+02 2.952012587120531180e+02 3.315868575882491882e+02 3.322673748414233046e+02 3.169638345080880981e+02 2.740571419720361632e+02 3.258808117599559182e+02 2.966782811577021448e+02 3.864278693195415713e+02 4.839801910675564613e+02 5.467027967074346861e+02 5.800839257467476955e+02 6.008280861282399883e+02 6.231801190788945632e+02 6.457019824503572636e+02 6.503644403439753887e+02 6.291595059105267183e+02 6.153622037580521464e+02 5.696945721747869129e+02 5.737170709922562537e+02 6.062177007405327913e+02 6.587393449396275855e+02
2.373996647205194961e+02 2.301710914623017175e+02 2.322301026814726015e+02 1.812275433100773512e+02 2.294828179079514996e+02 2.554621412687765769e+02 2.402573303068537598e+02 1.993298006024270990e+02 2.603613620410341696e+02 3.079614231671508264e+02 3.388274494393056102e+02 3.444164809706769574e+02 3.428296113017496509e+02 3.487880776151717441e+02 3.518150585764059883e+02 3.076205817684904105e+02 3.445471440914735126e+02 3.506319985963769454e+02 3.810434689205966379e+02 3.747281967604527608e+02 3.394319538112138730e+02 2.966782811510354918e+02 2.966782811577021448e+02 3.015122399065596142e+02 4.550888768166656178e+02 5.197532844713733766e+02 5.570420233107261083e+02 5.878121260744362644e+02 6.191931085003873250e+02 6.520295085814649383e+02 6.804260946483960879e+02 6.859189783151318807e+02 6.717379663290573717e+02 6.330656228166145638e+02 6.384922268829091081e+02 6.634622413286144820e+02 7.089727265402608509e+02
2.968545191073546334e+02 2.796276703414001190e+02 2.694207476191556339e+02 2.053286891985503644e+02 2.553337828936716107e+02 2.930659059000014395e+02 2.922642735205634494e+02 2.588609923048420001e+02 2.241412969052651647e+02 2.978490754307085808e+02 3.636884279182195883e+02 4.005840224683794872e+02 4.060548350110851175e+02 4.087370079893842671e+02 3.989152677200212338e+02 3.525696960860157105e+02 3.639748486281676492e+02 4.007559480124816105e+02 4.030906540977764507e+02 4.276869244453382066e+02 4.055733679860871348e+02 3.610318094716168389e+02 3.142003703544793893e+02 3.761897286238427682e+02 4.219734859711363129e+02 4.601283125010940012e+02 4.939463852610912795e+02 5.284167494645265606e+02 5.664481976542786015e+02 6.105183214964926037e+02 6.649961443286891836e+02 7.065034632692495506e+02 7.209669120347389253e+02 7.034288189308344954e+02 7.056789354088465416e+02 7.247358476670279970e+02 7.397408176654033696e+02
3.400197850064486147e+02 3.330215421431560685e+02 3.178742208393903752e+02 2.710497601674947532e+02 2.389786304313717835e+02 3.081193869110251171e+02 3.350084826083293592e+02 3.016207093570446318e+02 2.420692961012451576e+02 3.059847473450315647e+02 3.669009671407478663e+02 4.227753476802266164e+02 4.605800574571999846e+02 4.698112322224126274e+02 4.437994496878275186e+02 4.042305443703996843e+02 4.128475966716938501e+02 4.286055617435329168e+02 4.426884954169548223e+02 4.805607703452500914e+02 4.643505550108669127e+02 4.162549982634157004e+02 3.719828398349256418e+02 3.369261773682464991e+02 3.626386717994260493e+02 3.926630796072361136e+02 4.267421623055054170e+02 4.652475199128913346e+02 5.094442860610612911e+02 5.623467735930395293e+02 6.258010977578544498e+02 6.955155953599446548e+02 7.526962073066023322e+02 7.607163340391559814e+02 7.547315638134310802e+02 7.374845467608549825e+02 7.118681723577184357e+02
3.773996432052225600e+02 3.874145981465646855e+02 3.714972234362934387e+02 3.215307957046331353e+02 2.626434991935288394e+02 3.276409480103235410e+02 3.729773596495638799e+02 3.508834301467634305e+02 3.080509308986428891e+02 2.662228457151094858e+02 3.327220864896054309e+02 4.074989837229840077e+02 4.743165407337576767e+02 5.115743072274265728e+02 5.014829680826142635e+02 4.657508484466458185e+02 4.704381746621886577e+02 4.788136561511377636e+02 4.904544204481459815e+02 5.288916627244298070e+02 5.163147459729997308e+02 4.684509375044178796e+02 4.186836460760682144e+02 3.570413831784459830e+02 4.030401134201425180e+02 4.342694565496623795e+02 4.695419542749762059e+02 5.069579443299917330e+02 5.522938604668294147e+02 6.022648076306830944e+02 6.644513786342934054e+02 7.315200228392586723e+02 7.739345847489539665e+02 7.716174352436019035e+02 7.410220159318104152e+02 7.011289704164826162e+02 6.495127400135996822e+02
4.015092676239028719e+02 4.366801680945794146e+02 4.162633081327157356e+02 3.562651678605358256e+02 2.890976597399607044e+02 3.550095433527239948e+02 4.061045651359145836e+02 3.911872516344600967e+02 3.293101236927404898e+02 2.662228457217761388e+02 3.376473932430974969e+02 4.053108688660727807e+02 4.651517159648690267e+02 5.245663480053586909e+02 5.453368480046935929e+02 5.337320044963701093e+02 5.368752845592325684e+02 5.387926269465529003e+02 5.475441869719472834e+02 5.770312402614515577e+02 5.597960027037942154e+02 5.123474663224723145e+02 4.515507974020985671e+02 3.798662632244459019e+02 4.423266334389186909e+02 4.834740594500177053e+02 5.154006462983353458e+02 5.551851063714528891e+02 5.981147708574825401e+02 6.508376590473595797e+02 7.041160699640687426e+02 7.583581947405756409e+02 7.757895383383564649e+02 7.456136655201380563e+02 6.913594909678791964e+02 6.413730269724890150e+02 5.920007486902901519e+02
4.247141304276465803e+02 4.712554291189015316e+02 4.516182162843675769e+02 3.884819513366844035e+02 3.187805112861462362e+02 3.845193486463608679e+02 4.389098092183930930e+02 4.296724042910166759e+02 3.726845223491731645e+02 3.131685369347900405e+02 2.978141815603175360e+02 3.658314967939847406e+02 4.459972229675664153e+02 5.106047576240334251e+02 5.579593779721625424e+02 5.863379129303801847e+02 6.016631526851849685e+02 6.048394094122556908e+02 6.122957962843604491e+02 6.198134448008976278e+02 5.813878178251461577e+02 5.159124677111453821e+02 4.459365845109550719e+02 4.040413312020525609e+02 4.778282091584611067e+02 5.334915019162037879e+02 5.706361368524948148e+02 6.052452167872946802e+02 6.512726932684407757e+02 6.984618464689202710e+02 7.483422641151755670e+02 7.745717498957774296e+02 7.553471259039800998e+02 7.000331908896363302e+02 6.437724947117732199e+02 5.867449811730626834e+02 5.384553190657301229e+02
4.614228974635320242e+02 5.039401188128989020e+02 4.827606134593102638e+02 4.242920336977593934e+02 3.504296385249525656e+02 4.154391773558462546e+02 4.721278162358634631e+02 4.735424024187617533e+02 4.253911473820779747e+02 3.726646294051247992e+02 3.693142284868020511e+02 3.294487925590640884e+02 4.041027200806372548e+02 4.681838916628302059e+02 5.301952248371532050e+02 5.811446766913726378e+02 6.273498830896023719e+02 6.599434885933952728e+02 6.692479035098526765e+02 6.409471107584317906e+02 5.805745264108282981e+02 5.192464515658596156e+02 4.757924859887463640e+02 4.295446986638514204e+02 4.863694105290747416e+02 5.467633940474935343e+02 6.084802941481175367e+02 6.590161165740576052e+02 6.990774250570419781e+02 7.462335046864083097e+02 7.726192615353579640e+02 7.631778639750458524e+02 7.224390622686793222e+02 6.591328400098885822e+02 5.969456709560352010e+02 5.446463093305436587e+02 4.954138671282426003e+02
5.179245777320888919e+02 5.418800286762208316e+02 5.025484422597098728e+02 4.363372581667570103e+02 3.840828952604992423e+02 4.471582686091498999e+02 5.006881814359238660e+02 5.186355969025464674e+02 4.907203269927051110e+02 4.389389310114475506e+02 4.218220940182445702e+02 3.560850171756881650e+02 3.669008154031352547e+02 4.175613394230054496e+02 4.749114475227501089e+02 5.382820010347651305e+02 6.080735199046644084e+02 6.716971267813177064e+02 7.032147633882328819e+02 6.769697629640666037e+02 6.161833578430171201e+02 5.571949841637185727e+02 5.049251930242454023e+02 4.584036936348329050e+02 4.874969118390363860e+02 5.362538099215471448e+02 6.027124851124523275e+02 6.705059068843311252e+02 7.336278423276675085e+02 7.687793836641661755e+02 7.639909139307194437e+02 7.294364348800207836e+02 6.736939037742255323e+02 6.181787872516844118e+02 5.596329556529977935e+02 5.066336456968194284e+02 4.617859056326301470e+02
5.727135426238454556e+02 5.847139104258801581e+02 5.403379552110523036e+02 4.867159442057367755e+02 4.331112617371491638e+02 4.408488321982547973e+02 5.040274385489558995e+02 5.537752309020365828e+02 5.460833995707906752e+02 5.053828445024395819e+02 4.545621586584991292e+02 3.883787714852136901e+02 4.289538593449508994e+02 4.096189602181559053e+02 4.615810448055597135e+02 5.204889416757042682e+02 5.871817999982343963e+02 6.577686180315539559e+02 7.136232639953096850e+02 7.052740236985143838e+02 6.492969813216221837e+02 5.889056043852542643e+02 5.355986592660403858e+02 4.928188364197105784e+02 5.354201263386534038e+02 5.760760999068015735e+02 6.207681133262532285e+02 6.848895864532671567e+02 7.458576274870689531e+02 7.584841457456992657e+02 7.286600035660303547e+02 6.768200443503438919e+02 6.270848007751134219e+02 5.741779955185734252e+02 5.256207690599540001e+02 4.763449993091048214e+02 4.307949389683034838e+02
6.185328026338806922e+02 6.254531972450085959e+02 5.943905003758301291e+02 5.410420547768077313e+02 4.911862091720668673e+02 4.951877736464916211e+02 5.073893487622152065e+02 5.714697476161903751e+02 5.924698575227287165e+02 5.584429436733437342e+02 4.955756885800031455e+02 4.249400795137258910e+02 4.797108453843991924e+02 4.744596506410575785e+02 4.530388775945962720e+02 5.129162295557456446e+02 5.788988078917694793e+02 6.523199873159394429e+02 7.197928946663904526e+02 7.303194917264918331e+02 6.800685129981335422e+02 6.211417102271057047e+02 5.708656358341889927e+02 5.343467241654661848e+02 5.784600956080007563e+02 6.271006925027703574e+02 6.731380601772851833e+02 7.239401215452193128e+02 7.528725291307326870e+02 7.298841872932150636e+02 6.752909410424365433e+02 6.243097537672914541e+02 5.752538587787322513e+02 5.352507498192069306e+02 4.914204039711898986e+02 4.486875342862842331e+02 4.047148026515738479e+02
6.252631468876776353e+02 6.499868960714450168e+02 6.382499678435544865e+02 6.047379483143715788e+02 5.581187729611751820e+02 5.573103813042862384e+02 5.627635799082016774e+02 5.840716880104930624e+02 6.313872531550827034e+02 6.042777056230306698e+02 5.352508096296784288e+02 4.649462592529464473e+02 5.252895240102570824e+02 5.326967143459238514e+02 4.866056382709963373e+02 5.203957985099470989e+02 5.786761392768407859e+02 6.531485392211193357e+02 7.312635218307241303e+02 7.564810560121348999e+02 7.122459552688375197e+02 6.577145170621074612e+02 6.149077655793929580e+02 5.872390925700009348e+02 6.310091047827161219e+02 6.749321617229080630e+02 7.226296492099363604e+02 7.501960752489693505e+02 7.379340084300641820e+02 6.918315921558192940e+02 6.265502000801835720e+02 5.679626162560492730e+02 5.240863147111966782e+02 4.886195145904396213e+02 4.638283160512273184e+02 4.209942244852067006e+02 3.800052620001215473e+02
5.880096704416147304e+02 6.359672127339342751e+02 6.625970979846572391e+02 6.554310906717367970e+02 6.308262930432750863e+02 6.268307098145243117e+02 6.256508112783968727e+02 6.390777828524470578e+02 6.722590628598226203e+02 6.459341405712395954e+02 5.730290785090172676e+02 5.088812773766345572e+02 5.695516794568519572e+02 5.769905217026623632e+02 5.262680966952884773e+02 5.712609858641142182e+02 6.209252194534030878e+02 6.891313233058596097e+02 7.605451065502190886e+02 7.878937080048980306e+02 7.488388197276364053e+02 7.035590897228332778e+02 6.704744237869418839e+02 6.557057505268442128e+02 6.904245911958919351e+02 7.232502363578188351e+02 7.515795839550182791e+02 7.530447527544972672e+02 7.097355050027100560e+02 6.411074791969732587e+02 5.784058632988362660e+02 5.193513059644908481e+02 4.719032597484979874e+02 4.369669500191523639e+02 4.459045620695583239e+02 4.006600121403942012e+02 3.537243134071429154e+02
5.468918689941660887e+02 5.963746073487067179e+02 6.480949196526745482e+02 6.818186628276870351e+02 6.906798413700839774e+02 6.948737933022507605e+02 6.932180327806315745e+02 7.049061397686050441e+02 7.218924300897660942e+02 6.849305125354469510e+02 6.180426807125218147e+02 5.583479950193978993e+02 6.169748072991023946e+02 6.221489092700030596e+02 5.724587111770684942e+02 6.192713886084745809e+02 6.750657381924987703e+02 7.333789413379749931e+02 7.958586050714674229e+02 8.212833812754766996e+02 7.908703173727784588e+02 7.596284023749865355e+02 7.331481670215576969e+02 7.185470775860566164e+02 7.259494168341311706e+02 7.336324822205543796e+02 7.446184481128157131e+02 7.355016876806612345e+02 6.733367556661905837e+02 5.977227991819086128e+02 5.298604811290147154e+02 4.737176477180460665e+02 4.274634968831369406e+02 3.898091782532478646e+02 4.082264121220148354e+02 4.001190384975820962e+02 3.621367849853240273e+02
5.018740370334082854e+02 5.517403645064506463e+02 6.087770802251275200e+02 6.654065286894361861e+02 7.002875487609159109e+02 7.264415344862881057e+02 7.465790772444984214e+02 7.653400942775188014e+02 7.741749519104336059e+02 7.335746223674102566e+02 6.765311059544227419e+02 6.155861869536933000e+02 6.698922612723343946e+02 6.713521196742299253e+02 6.276424722609806395e+02 6.772062792863226832e+02 7.292162467136901114e+02 7.877298409884388093e+02 8.293183515276268736e+02 8.444095221989842912e+02 8.185567933228455786e+02 7.824313113313039594e+02 7.470101775704006286e+02 7.168099068871960071e+02 6.947849656530348739e+02 6.759770918651236116e+02 6.887731133903973841e+02 7.108862205177258602e+02 6.923186140355552425e+02 6.409028727500626701e+02 5.805582629202192493e+02 5.226715117668744597e+02 4.664192357046727579e+02 4.042239108200898272e+02 3.446525142739744183e+02 3.583604218883527324e+02 3.242445136149709697e+02
