output/field_example_test_lateral/elevation_000045.asc
nrows	150
cellsize	66.66666667
xllcorner	0
ncols	150
yllcorner	0
NODATA_value	-9999
[rows 0 to 16 of 150, columns 0 to 36 of 150]
8.938372320123140653e-04 6.110777096274009779e+01 1.237169773217599982e+02 1.757953917315932131e+02 1.971832605538745042e+02 2.223940840067675708e+02 2.416385119981537173e+02 2.825267937835640737e+02 3.308713844861311486e+02 3.876217862660147944e+02 4.518249514672134524e+02 5.162967833975818621e+02 5.632015644172206521e+02 5.707542951819085602e+02 5.403233136723176813e+02 5.026813401384254689e+02 4.698213372645162167e+02 4.502897922062938392e+02 4.697835099859038337e+02 5.028250413690589653e+02 5.418077548923497488e+02 5.761880124764708171e+02 5.739148304076489921e+02 5.406572667531210072e+02 5.121386694251654035e+02 5.013786685091097297e+02 5.082690554763305499e+02 5.355452187587127355e+02 5.740710609090893968e+02 6.125485264416342943e+02 6.244528506101646599e+02 6.073704802870339563e+02 5.884964055437910702e+02 5.659418621285612971e+02 5.595349493294938839e+02 5.578640580648810783e+02 5.652698345924762862e+02
8.462296066984677690e-05 6.473513122093036998e+01 1.206716807002974576e+02 1.560094754232871708e+02 1.538343304684613599e+02 1.879234659802636997e+02 2.320306994083293830e+02 2.800478644351924800e+02 3.340585643581503632e+02 3.953461862260023736e+02 4.610905828923114314e+02 5.186974825436288938e+02 5.421784121221371606e+02 5.463293979196549799e+02 5.069652060200712640e+02 4.636689840858787193e+02 4.253851418867146208e+02 3.948844297511489003e+02 4.252321882850269503e+02 4.634535723979156501e+02 5.082380367966620156e+02 5.537239485293112011e+02 5.510907858573283420e+02 5.039374363299372135e+02 4.646821590356114484e+02 4.540708302937587177e+02 4.602198089016478093e+02 4.959177382656856707e+02 5.416836592973048710e+02 5.900549996878851289e+02 5.972865509999859341e+02 5.669544901568424393e+02 5.549230460208160594e+02 5.205613348261697411e+02 5.173823827701056643e+02 5.143948497535338902e+02 5.217285006682712947e+02
1.082983629405184312e-04 2.502791923973763133e+01 9.061413530051203225e+01 1.036949619283112014e+02 1.432970578313134240e+02 1.852492438539894408e+02 2.319770626013307435e+02 2.846762858761499047e+02 3.445352298577461738e+02 4.103912891187896435e+02 4.696766165598713201e+02 4.914533800595904154e+02 4.798547174711407592e+02 4.961232694842800015e+02 4.653511765970442298e+02 4.111422210142203539e+02 3.655759254699598841e+02 3.269943895381621246e+02 3.650286118874674912e+02 4.096805711706478519e+02 4.663903013977790124e+02 5.182288998597566660e+02 5.160719122621389943e+02 4.622971065203831813e+02 4.022822236917705823e+02 3.862028334389914335e+02 3.975421013241981996e+02 4.456859313344685347e+02 5.025748825550643915e+02 5.547802100124932849e+02 5.551602400475003378e+02 5.106230085794540514e+02 5.019679563299930010e+02 4.593988626181663903e+02 4.578973802377720972e+02 4.511669153407316912e+02 4.589121552368159769e+02
2.682931819736126796e-04 5.619528429419408155e+01 6.229544611742528559e+01 9.817158621014235109e+01 1.380745863490442105e+02 1.828732835763256048e+02 2.341110609402556690e+02 2.922078217034691647e+02 3.568130678936385607e+02 4.236432151776568276e+02 4.550849329794026517e+02 4.400209575141731762e+02 4.007678121003332308e+02 4.379356115591802450e+02 4.328773133815008123e+02 3.709958122788997912e+02 3.152074850398248600e+02 2.727723568014185389e+02 3.137062601823303112e+02 3.652473345795722253e+02 4.261435716436238295e+02 4.808188607256044520e+02 4.791457212224077580e+02 4.245467103810275376e+02 3.647659992394245023e+02 3.191278511104823679e+02 3.551370088300252519e+02 4.058055569224252963e+02 4.658223966002766474e+02 5.194400249327495658e+02 5.185431917867291531e+02 4.564377432308667153e+02 4.452803813879874610e+02 4.030735622277262564e+02 4.031528565324119313e+02 3.898840476319192021e+02 3.980994197022246226e+02
1.026078096045774778e-03 7.266955098915740052e+01 1.209891609462135591e+02 1.534183502774567103e+02 1.935844392514904087e+02 2.367707876760626107e+02 2.834133306948739914e+02 3.391021956546669003e+02 3.858132486462889119e+02 4.230448766060675325e+02 4.186502763892077610e+02 3.750346215064974444e+02 3.287445907853066842e+02 3.810858962039761764e+02 3.964548961012631025e+02 3.436681292656650726e+02 2.766616814945600709e+02 2.315477437439613482e+02 2.739593766374014763e+02 3.255485471301774396e+02 3.887543085261593774e+02 4.442262006527867015e+02 4.414830068829295442e+02 3.881967977496516937e+02 3.285310398222082426e+02 2.771509410907426059e+02 3.185791731220583642e+02 3.707519483633279265e+02 4.314907967990524185e+02 4.863598396176351457e+02 4.928982598806018132e+02 4.419577844512727438e+02 3.784688158123755670e+02 3.547400919596435074e+02 3.673097496504466903e+02 3.339646938309618918e+02 3.673267915090538622e+02
1.620812103562621219e-04 7.324185699692110063e+01 1.349443948635975801e+02 1.886847385037497133e+02 2.405113688446974720e+02 2.865393162230445796e+02 3.253413489740263458e+02 3.569725666992837887e+02 3.731547944390300131e+02 3.827165141201639926e+02 3.714420842854980265e+02 3.193087448907711519e+02 2.660813755142549439e+02 3.265157204937232223e+02 3.548263930569631270e+02 3.185324178396199954e+02 2.671632938139486555e+02 1.990205722154555872e+02 2.343600637324296656e+02 2.897702378061302397e+02 3.542734006803091802e+02 4.086621891708341536e+02 4.010646143068527181e+02 3.508035106104587726e+02 2.952084360580150815e+02 2.436080723412033535e+02 2.861639699967570323e+02 3.375690327061318499e+02 3.984099921931868948e+02 4.502837150229718759e+02 4.584184673443167526e+02 4.329334547945598501e+02 3.751721447849840843e+02 3.119250936208838425e+02 3.156742191601090326e+02 2.991762622581527467e+02 3.541468237981837888e+02
1.031439668570789539e-03 4.595351481357577228e+01 1.025642308183789595e+02 1.690059380633476849e+02 2.377202164591382996e+02 2.934184274552021066e+02 3.178488432364570144e+02 3.161239808019967086e+02 3.086133845822769786e+02 3.124745943528764656e+02 3.174250120193669886e+02 2.685574928788307716e+02 2.123297408615378572e+02 2.690962966445749203e+02 3.121673661060970062e+02 2.893105892661444614e+02 2.251905436136437970e+02 1.714122796094778209e+02 2.390908999523038005e+02 2.978200286796918022e+02 3.449657836561511886e+02 3.647815138073916046e+02 3.541168194781876082e+02 3.071110522490401422e+02 2.611253514212390883e+02 2.147226106360342044e+02 2.524025479823303044e+02 3.072155161972423230e+02 3.667575876960615346e+02 4.026489648757742543e+02 4.006487328955656153e+02 4.013018572660086534e+02 3.716257140675469373e+02 3.192534890715310212e+02 2.612541841018303330e+02 2.711999344681940443e+02 3.429582047686926103e+02
9.004964844020473154e-04 6.404962602567391627e+01 1.340087451580805293e+02 1.956829003022073437e+02 2.432565861162847227e+02 2.631887187276324767e+02 2.641099572375723028e+02 2.395119060160892843e+02 2.338210592401377710e+02 2.396052750104272491e+02 2.612810791083837785e+02 2.229907280485525973e+02 1.665479935205134439e+02 2.240311422263741292e+02 2.699112704426254936e+02 2.534133141176105255e+02 1.802983114513710632e+02 1.466585049196231978e+02 2.086801998662142523e+02 2.628103318149082952e+02 2.994165584500847785e+02 2.986740011839228828e+02 2.979309694075568586e+02 2.567580981480655282e+02 2.134554185551851049e+02 1.900150937628070835e+02 2.549699751785887258e+02 3.118524600120194918e+02 3.410063641539748005e+02 3.396395349813776647e+02 3.337847431606317627e+02 3.426924786539127581e+02 3.396368572825479077e+02 2.873755093420293178e+02 2.304747553508790929e+02 2.868309889490496403e+02 3.485717094060775594e+02
3.039551361081488530e-04 6.168689388073700286e+01 1.277196085802576135e+02 1.834042052416494641e+02 2.013085326410987932e+02 1.941378915267754905e+02 1.883697482683381565e+02 1.698258312693057235e+02 1.656068187420951290e+02 1.711277668294452496e+02 2.059741113307693752e+02 1.869956662210465481e+02 1.274275255512206968e+02 1.824120670928651577e+02 2.218097931642565186e+02 2.188129476366497670e+02 1.804813079625848218e+02 1.263394234298001919e+02 1.767921888582479255e+02 2.265384321225401152e+02 2.367076346535974096e+02 2.288552291223828945e+02 2.307724196048897625e+02 2.153112385602744325e+02 1.543356701734225283e+02 2.111419945409975298e+02 2.586305359258984140e+02 2.861669827356743099e+02 2.839558690256098998e+02 2.703958723048697266e+02 2.678635544298938385e+02 2.782281231163785264e+02 2.920058150526947998e+02 2.664980194376923350e+02 2.083744370250348652e+02 2.772972841335191561e+02 3.282591528439756416e+02
8.298376701672485626e-04 6.361594436945620856e+01 1.189726090989495049e+02 1.393417198640675565e+02 1.327372094191353824e+02 1.198267515369779233e+02 1.174006737559571150e+02 1.112840375523648078e+02 1.063932094204916439e+02 1.076234440994997215e+02 1.504648629101031929e+02 1.447342616320458148e+02 9.314699470054846131e+01 1.411820832973348274e+02 1.600575879890166391e+02 1.570179228248565266e+02 1.490802481601497504e+02 1.063464156771586460e+02 1.390653747344209989e+02 1.726668810004766215e+02 1.766781866022014071e+02 1.663195799346650290e+02 1.624940468445885244e+02 1.647501926965994699e+02 1.289729796504846036e+02 1.785362812109461856e+02 2.160219655066889004e+02 2.295714894729657374e+02 2.216433075640291008e+02 2.037158426273459213e+02 2.084067001609632825e+02 2.098615601999306932e+02 2.264189321338011780e+02 2.208996746997424907e+02 1.866346818626420543e+02 2.496894212913371689e+02 2.922523739461250898e+02
2.906530451806879503e-04 5.482197231625546152e+01 7.582902201110596252e+01 7.481553960924254909e+01 6.811528878440935841e+01 6.002658751570606199e+01 6.187995782915848508e+01 6.403587527467993823e+01 5.944268608301232604e+01 4.857898021161937407e+01 9.333585888903506600e+01 9.626030533842758530e+01 6.337613089913648423e+01 8.405682015449143307e+01 1.063732541104658225e+02 9.919272840638340938e+01 1.021933251256482578e+02 1.007661597107380800e+02 7.931980063163184980e+01 1.080500055200487424e+02 1.271507447801446489e+02 1.212724654732514011e+02 9.875813281181406467e+01 1.094873058807213368e+02 1.333617702191395438e+02 1.024344232061264108e+02 1.605090616307658422e+02 1.670881490428084533e+02 1.691658557754922754e+02 1.465050675455956082e+02 1.665771927560349184e+02 1.426883293727097737e+02 1.705921348790838294e+02 1.567252170446480193e+02 2.049677785552392493e+02 2.378894005923053214e+02 2.437992362213730360e+02
7.157339202923989003e-04 3.234163005985955408e+00 6.651683586989105557e+00 1.028674447795261315e+01 1.364652334129238653e+01 1.642517190624680623e+01 1.927111937927815433e+01 2.255500008987206328e+01 2.587348683613608458e+01 2.857895699302078185e+01 3.231502633361769483e+01 3.608306657408887475e+01 3.931263044876254753e+01 4.306754465167023227e+01 4.694596632989316731e+01 5.005916244483837119e+01 5.334658449750891407e+01 5.687365184467041956e+01 5.987562243313759325e+01 6.349991189494465260e+01 6.736576278782398219e+01 7.063315002873325454e+01 7.435308658730006925e+01 1.018137328158052810e+02 8.656249200961183021e+01 9.784314468062818548e+01 1.289284365558605430e+02 9.507364183736156349e+01 9.825080656721107175e+01 1.013494795565165560e+02 1.055911890259996113e+02 1.341324641802744395e+02 1.516310460377125082e+02 1.392323447339215079e+02 1.801237830109915876e+02 1.911801709644368543e+02 1.914270761386908077e+02
7.999942757707127414e-04 3.517902898866911698e+01 3.573540922111173757e+01 6.049579097386803994e+01 5.569606324977899448e+01 3.005530131918940739e+01 3.963498102830876491e+01 7.239579675774086809e+01 8.068871372673007158e+01 4.669079129109397996e+01 7.481636558030577078e+01 8.106895690185069725e+01 8.164201452966290162e+01 1.040605257766898575e+02 1.006505125950588564e+02 6.546933951859541878e+01 8.351691081040135600e+01 1.113989964798218892e+02 1.016731607032112095e+02 1.144665280037084614e+02 1.132130956684314924e+02 8.422851755250052008e+01 1.192699524436102791e+02 8.133182088937918763e+01 1.152889028474331070e+02 9.174248546904449597e+01 9.507364183069489627e+01 1.080185466486555583e+02 1.430692684821790124e+02 1.611434918539782757e+02 1.623882625661889563e+02 1.123441125499085445e+02 1.177318518209260390e+02 1.230449212587538454e+02 1.287587255561335553e+02 1.336344849709099094e+02 1.378686606906846350e+02
5.812062313701293458e-04 5.949572353047113893e+01 9.305173838883389692e+01 1.072998432114446956e+02 1.040576182757658898e+02 9.532609819131415918e+01 1.250823846465551696e+02 1.207133260995285440e+02 1.222079377498726274e+02 6.805685018211562465e+01 1.142793646472750453e+02 1.413005622376583119e+02 1.400936884340992776e+02 1.475586453412391563e+02 1.483100127412017741e+02 1.427849632621103524e+02 9.696121140244362380e+01 1.536848394685237338e+02 1.617101927891008586e+02 1.658951339658342476e+02 1.183283096486279220e+02 1.481424357037044217e+02 1.738256644542665583e+02 1.628886318128880646e+02 1.598332954132676775e+02 1.741381005053555953e+02 1.647011219195929073e+02 1.507193333071425343e+02 1.370986836124763784e+02 1.882746026533648376e+02 1.938189196510867305e+02 1.410027302567843321e+02 1.867158467258409473e+02 1.938608571487208962e+02 1.947935931791564883e+02 1.719860593027124196e+02 1.668046740401268266e+02
1.030222211979432180e-03 6.387371188519406928e+01 1.241113783319897550e+02 1.591312481937980579e+02 1.629472220608818134e+02 1.610351243544357658e+02 1.714122160092054798e+02 1.762903221312086544e+02 1.572175580298982425e+02 9.231241709843172316e+01 1.436071613884819840e+02 1.942855277696553458e+02 2.028624068549260073e+02 2.033383605501560965e+02 2.059040734731348721e+02 1.863484686248734477e+02 1.245524598215300927e+02 1.836347506731611645e+02 2.225129892859911536e+02 2.186851005541790016e+02 1.820734858214126177e+02 1.522081414400641393e+02 2.083716106269850741e+02 2.354989017832040474e+02 2.239411507732108930e+02 2.338118860731418067e+02 1.854087147231104495e+02 1.599040171047242325e+02 1.927764833305343757e+02 2.229271556752503045e+02 2.235809147684720983e+02 1.701550724866597193e+02 2.268598471457632115e+02 2.599231175161225451e+02 2.605461199491085154e+02 2.528020942163553286e+02 2.165640202176964522e+02
4.734480801185067837e-04 6.019252034933724360e+01 1.258019924313102678e+02 1.860821902690954914e+02 2.173048327651552825e+02 2.208566893879446127e+02 2.245320695945537750e+02 2.293168238895215154e+02 1.841370412884726306e+02 1.197335715125354483e+02 1.805011612153203089e+02 2.257028536765714932e+02 2.633864920135409307e+02 2.665629182532815094e+02 2.650573153037094585e+02 2.182368659230224921e+02 1.574545703386364153e+02 2.151469216064184593e+02 2.621241438633605867e+02 2.665934552171046334e+02 2.286032250872234783e+02 1.771137555089451610e+02 2.427664491053237157e+02 2.875320486914229718e+02 2.893264231958506798e+02 2.846917134360155046e+02 2.351910119842028166e+02 1.801254923795262357e+02 2.327039179208326800e+02 2.662227167499287361e+02 2.570734121377550423e+02 2.005252035394201471e+02 2.568233738090050906e+02 3.041691678331768571e+02 3.268277686492330645e+02 3.243822081721337440e+02 2.832416063677868010e+02
5.265489708478624442e-04 5.632164610842031749e+01 1.208493507195711487e+02 1.874794060721574738e+02 2.449888315560009744e+02 2.731770029475842421e+02 2.779567060240125898e+02 2.703983230729910474e+02 2.165642557408877451e+02 1.510103650703622691e+02 2.110456416578782353e+02 2.649829589337053335e+02 3.033023502874257247e+02 3.269599227032675230e+02 3.143180681516477080e+02 2.574345529527964800e+02 2.352339694641148355e+02 2.050470025291658658e+02 2.773293391077613137e+02 3.024953890930743796e+02 2.626979384855162039e+02 2.033393274223842013e+02 2.534957950334697614e+02 3.136552148105535025e+02 3.462639347311310871e+02 3.283732342185279549e+02 2.708547498782857019e+02 2.025227746926577197e+02 2.608781549188148574e+02 3.013047420520807691e+02 2.964861236743686277e+02 2.592513786221288683e+02 2.401712310028255786e+02 3.059691206748611307e+02 3.635642949666286654e+02 3.829226952974293567e+02 3.583210131693153357e+02
