output/field_example_test_lateral/elevation_000008.asc
nrows	150
cellsize	66.66666667
xllcorner	0
ncols	150
yllcorner	0
NODATA_value	-9999
[rows 68 to 84 of 150, columns 37 to 73 of 150]
4.876761492303510295e+02 4.465956989869752647e+02 4.259749099630114983e+02 3.887055704853667066e+02 3.510766898783303986e+02 3.349630369559399128e+02 3.166493147218692457e+02 3.052018174574684508e+02 3.123768980435085609e+02 2.809103121257469411e+02 2.353377979319873816e+02 1.903104154772134109e+02 1.496123123277675973e+02 1.148447014440973390e+02 8.596858105891023172e+01 8.596858106557689894e+01 1.272147402202869273e+02 1.051818591340649505e+02 1.680406559777458142e+02 2.228030914980533055e+02 2.727814141937068939e+02 2.974487329652124572e+02 3.048702316748925227e+02 3.519848834085611315e+02 3.750800971973961282e+02 4.132315694331347800e+02 4.487630815609121555e+02 4.485713530290875610e+02 4.811116963389538341e+02 5.189647632457387090e+02 5.591171246732978943e+02 5.610768309618237026e+02 5.244399854732133690e+02 5.155363816713372671e+02 4.687836523162955586e+02 4.707299425065424998e+02 4.792921242445445387e+02
4.262782612265663715e+02 3.862452736551823591e+02 3.483895429432977267e+02 3.325488143265950498e+02 2.824343226388667176e+02 2.648299031913010140e+02 2.435850589183788202e+02 2.295126344828092897e+02 2.458001619571731453e+02 2.314384889867168056e+02 1.791848211404782489e+02 1.381023347813692226e+02 1.195242946231859946e+02 8.343835945779926533e+01 1.085137996642099267e+02 1.456863955974340570e+02 1.726964329261138005e+02 1.616494536580335080e+02 1.209778628734963206e+02 1.815872277403847193e+02 2.301610988134558227e+02 2.266891491338026867e+02 2.298075646203095630e+02 2.865017827192684763e+02 3.081929026531906288e+02 3.684476080684629551e+02 3.880345015773052069e+02 3.802025296579352016e+02 4.179687319481365648e+02 4.650449263082371658e+02 5.070240387398062012e+02 5.075981353080695726e+02 4.650654786038054453e+02 4.552429316349988540e+02 4.172538377361140647e+02 4.172538377427807177e+02 4.476101857112872153e+02
3.739154905080584967e+02 3.322883237083311769e+02 2.954107768813594248e+02 2.621463539745972753e+02 2.306701650003239763e+02 2.031255375200565823e+02 1.789760451460328170e+02 1.582246569767727351e+02 1.901850603952001961e+02 1.836747600223515917e+02 1.286110780267951554e+02 1.116825825299392534e+02 8.082210701787292351e+01 1.038584748265298572e+02 1.055974504343687244e+02 1.803204387139037692e+02 2.127361354359453003e+02 1.914881015242000615e+02 1.209778628801629878e+02 1.320296645139372629e+02 1.843398718643833831e+02 1.505073024037309892e+02 1.637856961233933646e+02 2.163534989916731206e+02 2.712527874792311877e+02 3.263970067421710723e+02 3.318308593404211138e+02 3.230649548658423669e+02 3.662092969786367576e+02 4.140078120083577460e+02 4.469242487825274566e+02 4.450127424341854407e+02 4.369205773002872775e+02 3.833648793409916493e+02 4.373974182494505385e+02 4.698476006361987629e+02 5.027243344150605253e+02
4.408814473089700527e+02 4.026133259558880013e+02 3.678835304730266671e+02 3.344896852532379512e+02 3.013841394115610797e+02 2.647249824099665148e+02 2.123599718889938117e+02 1.887451440818486503e+02 1.226213915798116147e+02 1.418663366651781530e+02 1.165643622308930389e+02 7.827985001632869455e+01 1.152343983904967217e+02 1.314076941973599446e+02 1.318931916026936904e+02 1.881884725954022315e+02 2.373816315816489180e+02 2.332992672517703738e+02 1.961454665678285494e+02 1.989070890431399903e+02 1.505073023970643362e+02 2.081126561712966918e+02 1.632691792927388974e+02 1.816124347691714718e+02 2.485414031872406326e+02 2.806362056679956254e+02 2.790160893538240430e+02 2.769696956954296070e+02 3.218171422983162415e+02 3.695854043449919004e+02 3.729683094048352245e+02 3.771274093962785514e+02 3.894564287220783854e+02 3.568104757749742930e+02 4.183709246553247567e+02 4.573768018584014499e+02 5.000797029397514279e+02
5.063218378171040399e+02 4.717405738440229470e+02 4.397762655033498618e+02 4.043543982675311668e+02 3.656339362349550015e+02 3.204372830056901194e+02 2.719765027154038535e+02 2.213553943836323867e+02 1.575462510845970314e+02 8.375705129786284431e+01 7.569307036823629176e+01 8.045320994026765504e+01 1.341305965610579278e+02 1.743286266290613185e+02 1.873122319215535185e+02 1.806511642953147998e+02 2.422461576306389475e+02 2.715268645150586622e+02 2.695593122204389829e+02 2.618516087102740926e+02 2.226021992504877574e+02 2.370074344139609650e+02 2.760056424575821552e+02 2.556961293540009592e+02 2.008259155475534214e+02 2.137159577901250032e+02 2.259128057732209811e+02 2.388176980310981037e+02 2.881536608409773521e+02 3.231605260107378967e+02 2.970235524115360590e+02 3.111894562310495758e+02 3.257124271572660064e+02 3.426716569835432438e+02 3.656191629572379611e+02 3.931534561043878853e+02 4.599315076746355544e+02
5.189906893338350073e+02 4.902102248758348537e+02 4.680852504005179640e+02 4.260570470658373097e+02 3.767721202619773635e+02 3.253662849170093523e+02 2.727178835646253106e+02 2.173073391823232043e+02 1.526040292457358589e+02 7.367927093753731072e+01 9.309029410932232906e+01 1.102631009810996119e+02 1.637514916066994317e+02 2.098098053934597544e+02 2.405343029506454684e+02 2.389216736560721586e+02 2.285577644724936306e+02 2.629637980015691596e+02 2.931705876000990543e+02 3.141394909337759032e+02 3.006784173467333403e+02 3.053382863681499089e+02 3.254107077983177305e+02 3.041940438962628832e+02 2.373310452678179843e+02 2.852453921792383653e+02 2.896855535758210749e+02 2.964236201843798426e+02 2.600374198056604200e+02 2.752682843297453132e+02 3.340098699884371172e+02 3.721892428126460004e+02 3.882471545063538088e+02 3.627433178254480595e+02 4.158322844817470809e+02 4.461966439803097728e+02 4.294884565113054578e+02
4.618412082518188981e+02 4.325574029067335573e+02 4.386929975856143074e+02 3.912052413409747373e+02 3.327552536278360549e+02 2.752910300614920516e+02 2.225986917910176146e+02 1.742684696480789341e+02 1.293611717300527459e+02 9.671290422669125064e+01 7.367927093087064350e+01 1.325447102514030178e+02 1.599882615899513780e+02 2.159823634889208961e+02 2.659229193026255302e+02 2.887335189633053574e+02 2.815002334242255415e+02 3.258874540965258575e+02 3.472791088022407280e+02 3.449791352928844503e+02 3.692633028601225078e+02 3.767513876211670549e+02 3.872456747631301823e+02 3.416494830649945698e+02 2.782927654559224493e+02 3.398368466433167896e+02 3.537347264560158919e+02 3.369594288918777920e+02 3.493613911817807889e+02 3.524762221793799881e+02 3.325100128030565543e+02 4.028330810237999344e+02 4.335231762446913990e+02 3.944254731604050903e+02 4.476831000649813745e+02 4.837729271430855533e+02 4.884151267028279335e+02
3.937716018615491294e+02 3.640530137534876189e+02 3.920934677321060917e+02 3.580854034380112125e+02 2.895276056016435291e+02 2.232672890233113492e+02 1.672186315176398068e+02 1.204831719161974064e+02 8.780581975720582477e+01 7.019558372287707471e+01 1.205784850852923000e+02 1.630557562401095879e+02 2.083445006923761298e+02 2.170026058237833411e+02 2.604511588647519602e+02 3.059630998805469062e+02 3.354743606247976686e+02 3.738460557129029667e+02 4.083199027404954222e+02 3.998981003685991595e+02 4.077163450765485209e+02 4.429274972160367838e+02 4.402412086867742573e+02 3.866049554406508832e+02 3.240745126442960213e+02 3.825651766901775659e+02 4.201178432622745049e+02 3.988458119502685690e+02 4.316975453760165919e+02 4.222525985765347514e+02 3.736386044159340827e+02 4.314637325228199529e+02 4.757939674621125619e+02 4.592518672542090599e+02 4.382270146743962869e+02 4.815208542667952543e+02 5.294624925307460899e+02
3.347456060420378208e+02 3.048311283803962510e+02 3.496830565324919462e+02 3.483783943962749845e+02 3.088920606338676862e+02 2.586395647785012670e+02 1.998543068105208533e+02 1.330935840825559637e+02 6.757047310901364767e+01 7.287078459241344319e+01 1.362825715408741303e+02 1.925309696193093885e+02 2.425397944947746680e+02 2.710354932760588440e+02 3.055966365174999169e+02 3.420699098965046687e+02 3.815653881136510677e+02 4.237219464399825029e+02 4.625247914945801995e+02 4.587868559897160026e+02 4.607332487809056829e+02 4.968402970029925996e+02 4.901974455375847697e+02 4.357785919292641665e+02 3.770032151120196886e+02 4.336352864318824913e+02 4.801815605051237981e+02 4.671994103455539857e+02 4.946332173069802707e+02 4.670885163274516003e+02 4.205782212026635989e+02 4.731628266225317248e+02 5.202572841991938049e+02 5.176909821298463612e+02 4.744544854904156637e+02 5.124126289023645313e+02 5.578414284508684204e+02
2.871368510563244740e+02 2.573091072953401977e+02 3.070188122876730858e+02 3.079437149944136536e+02 2.779504754103623441e+02 2.461523965948990735e+02 1.886808566832399947e+02 1.293926055488206259e+02 6.757047310234698045e+01 7.510997218694316757e+01 1.304143206292858110e+02 1.837648305914491118e+02 2.489750642869986450e+02 3.013036707998181782e+02 3.482353295132060111e+02 3.897756878443736355e+02 4.260398377886084518e+02 4.689223243274846595e+02 5.121337667250635377e+02 5.216434992593061679e+02 5.291152725541376185e+02 5.408992722097016213e+02 5.397329210442119347e+02 4.902476479581540616e+02 4.402704704284983563e+02 4.906389065976134134e+02 5.389276051733475015e+02 5.365812029284868458e+02 5.550201757894221828e+02 5.189794959789441009e+02 4.781034200825346829e+02 5.220982668327139891e+02 5.660536562718608593e+02 5.629210859926786270e+02 5.188942277087356842e+02 5.502912017696555722e+02 5.955206981245047473e+02
2.485053142481060888e+02 2.185113172792454179e+02 2.654177133271668367e+02 2.581698534959160725e+02 2.192776667543625990e+02 2.058814655751453984e+02 1.475997405918082848e+02 9.551075743487082548e+01 6.589409968626173963e+01 9.663262805357504703e+01 8.075671350829207995e+01 1.635751287947668686e+02 2.191743716168796823e+02 2.866103331199373656e+02 3.400727467133085611e+02 3.921365534479953681e+02 4.487573972330880565e+02 5.028470107956933361e+02 5.467836357624624952e+02 5.764113177505217891e+02 5.936762325054995699e+02 5.982061776851066952e+02 5.914335324807573215e+02 5.505910436954019360e+02 5.179883263180635140e+02 5.539549224591756911e+02 5.979870195486711282e+02 6.059361252058042737e+02 6.131872528020174968e+02 5.764373049689535264e+02 5.602315596103092048e+02 5.777195355403498525e+02 6.153714845716033324e+02 6.031936372429212270e+02 5.849032552153654478e+02 5.945723344620981834e+02 6.389386260882906754e+02
2.154325006833868486e+02 1.859659754814585995e+02 2.155336427968272517e+02 2.001900876447647590e+02 1.584623647153640320e+02 1.621239432995604943e+02 7.296345793954483838e+01 6.337015752755001330e+01 8.660171490405242878e+01 9.854588311531944100e+01 1.300182436121718013e+02 1.201432914674922756e+02 1.988834307282783982e+02 2.480093739897784815e+02 2.873430828158114991e+02 3.540906235126477668e+02 4.267587979575812938e+02 4.832090411091476767e+02 5.336588045339412929e+02 5.811429627814786727e+02 6.225886781483849290e+02 6.410053943859134051e+02 6.302670070851067976e+02 6.075448854632685425e+02 5.954242495258695271e+02 6.177388885290516782e+02 6.486385932412944157e+02 6.678171192154169375e+02 6.693285435865732325e+02 6.501412633192045405e+02 6.392906602895600372e+02 6.518499897483603718e+02 6.712574191669730226e+02 6.642243236604515459e+02 6.544971972057903713e+02 6.604264416379339764e+02 6.957170076218742452e+02
2.789011407786397285e+02 2.229477661765707524e+02 1.520889946146633918e+02 1.238748745768380815e+02 9.854029181966619433e+01 1.228102231685889763e+02 6.144984485338900271e+01 6.878821109338805684e+01 1.063133379315846128e+02 1.041599447241337089e+02 1.719162213021453169e+02 1.814848402491612092e+02 1.640870454664045042e+02 1.977488432479861444e+02 2.735463194795868276e+02 3.348469709513203156e+02 3.795405504487541748e+02 4.295133858041332360e+02 4.846207118725890837e+02 5.456316121527827363e+02 6.081106019201994286e+02 6.295159169354296864e+02 6.138742370963633448e+02 5.944408579811062054e+02 5.982293080657434530e+02 6.233388731220272803e+02 6.574576900256572571e+02 6.892942774842357494e+02 7.012877604663775628e+02 6.854765785309889452e+02 6.732341833212149140e+02 6.883355735034843974e+02 7.105852811653096524e+02 7.164262774639259987e+02 7.152315518817168822e+02 7.264759235336993015e+02 7.532541537129376366e+02
3.083960386275134056e+02 2.670868328422361060e+02 2.261238813604560676e+02 1.888574091053343977e+02 1.379154968107839636e+02 6.074816913392462681e+01 6.028536253482490537e+01 9.632693612866296462e+01 1.137638377879561062e+02 1.544342769409062441e+02 2.066779224406654123e+02 2.374812576215105082e+02 2.213206140765586269e+02 2.570564752296183997e+02 2.441164346818787578e+02 2.809611995244651439e+02 3.243906659744721424e+02 3.763226145506260991e+02 4.398470628666543121e+02 5.157849501384378073e+02 5.828352886664831658e+02 5.890324138654049193e+02 5.517365710405508707e+02 5.202956421187633396e+02 5.311162592338655486e+02 5.682908205953093557e+02 6.140324348650303818e+02 6.633664514121500133e+02 6.769258520493241349e+02 6.469436905864566825e+02 6.200960324938939721e+02 6.498825443098641017e+02 6.896884662573964988e+02 7.109358573018944298e+02 7.102963639259600086e+02 7.305445374152157001e+02 7.587173255470603408e+02
2.864419296194859612e+02 2.782278061267108455e+02 2.510796292797063529e+02 2.023314995101596594e+02 1.347735767505921558e+02 5.956810225499684464e+01 5.956810225499684464e+01 1.145328821809319493e+02 1.596918995421789020e+02 2.062902984200578089e+02 2.428915420895150419e+02 2.858302905291681100e+02 2.833948106448858084e+02 3.171864720168103986e+02 3.011514561145447146e+02 3.357520542070095644e+02 3.812918968147792498e+02 4.289900129519891721e+02 4.805882527397036483e+02 5.391581565561497200e+02 5.687728010675659789e+02 5.454383554001788070e+02 4.930155911244760887e+02 4.468408426467936465e+02 4.640915790990388246e+02 5.130857561239107554e+02 5.706546076259485289e+02 6.257156026616283953e+02 6.370425319216725484e+02 5.986830887769548326e+02 5.572745497424682526e+02 5.995189962747583650e+02 6.433311240564925129e+02 6.564026775349484524e+02 6.392545787187461883e+02 6.709712903532879409e+02 7.133769284953372107e+02
2.171124912558858568e+02 2.291409834712183624e+02 2.263433193265336740e+02 1.765591510819390635e+02 1.311790447548156067e+02 9.077383949723369483e+01 5.956810224833017742e+01 1.080132009496555554e+02 1.586594494532864132e+02 2.232183046578994094e+02 2.838631920972582066e+02 3.237027407382667548e+02 3.489832826052787595e+02 3.786281043619036950e+02 3.708544684284739787e+02 3.997947032712070836e+02 4.357204861572334949e+02 4.821302357828724894e+02 5.179414315252134884e+02 5.455554363186715818e+02 5.385700770877149353e+02 4.936597819828315892e+02 4.412537097834066913e+02 3.858683531051563023e+02 4.209779934380387658e+02 4.715740587818362997e+02 5.318819866878843641e+02 5.864361347509599227e+02 5.940539569693627300e+02 5.527649728887058700e+02 5.049859696553716617e+02 5.524773730982134339e+02 6.018608701408355728e+02 6.035057685326374894e+02 5.616131262064096745e+02 6.084360492181905329e+02 6.582935609360009721e+02
1.361476498746877724e+02 1.755080470607461223e+02 1.859814089476530228e+02 1.426683393653300129e+02 6.939405578265362351e+01 5.789260476182295179e+01 9.080120882361333656e+01 5.956810225499684464e+01 1.565375963738511302e+02 2.284009103616614311e+02 2.934775589606294375e+02 3.548615282087531000e+02 3.988926341669827593e+02 4.244784994682717638e+02 4.328860820245882337e+02 4.529204361995451791e+02 4.774313065889363088e+02 5.011548412673550388e+02 5.067553767392914210e+02 5.050868512719652585e+02 4.910916877770664541e+02 4.504505059524005901e+02 3.943306523514270907e+02 3.415746609455528642e+02 3.832182519902322611e+02 4.362477942078459705e+02 4.969286222929337100e+02 5.452921418260918927e+02 5.480050415625427149e+02 5.092005722803573349e+02 4.617882836172470320e+02 5.143572271421655842e+02 5.618212283084865248e+02 5.516351424214326471e+02 4.984006590488834263e+02 5.512317508808100683e+02 6.022279793391893463e+02
