output/field_example_test_lateral/elevation_000082.asc
nrows	150
cellsize	66.66666667
xllcorner	0
ncols	150
yllcorner	0
NODATA_value	-9999
[rows 0 to 16 of 150, columns 111 to 147 of 150]
9.854864672112727249e+02 9.571287018754765086e+02 9.411555297435355669e+02 9.237636065004736565e+02 9.072652634333584274e+02 8.942367288606583315e+02 8.822867784344769007e+02 8.778510140478992980e+02 8.949355119404381185e+02 8.956921251015540975e+02 8.703727569340726404e+02 8.490405789232449933e+02 8.524946020046854755e+02 8.653769318461532976e+02 8.660633443848935258e+02 8.672702141022551814e+02 8.734057572402859932e+02 9.021803554873392841e+02 9.448645557050563184e+02 9.969582100857368232e+02 1.052713127069799839e+03 1.102713001936893988e+03 1.115848999552072883e+03 1.094991312148072666e+03 1.077416265747809121e+03 1.087411796574294158e+03 1.112596884502574312e+03 1.138094931971518918e+03 1.127287259579489273e+03 1.088003483154489004e+03 1.046904480388400998e+03 1.011524046000720546e+03 9.864855899479132404e+02 9.794356227717191814e+02 9.863853950389002421e+02 1.010629883060235329e+03 1.043187469098856809e+03
9.425597149382625730e+02 9.075584659228563851e+02 8.954049383340166059e+02 8.772211857927632082e+02 8.598769016103162812e+02 8.474700459067821612e+02 8.336637242395481735e+02 8.252976166429106115e+02 8.592741778329153703e+02 8.646247081765791336e+02 8.274274447593530795e+02 7.957986075818752170e+02 8.036015752224360540e+02 8.233967537487347954e+02 8.195906323298235066e+02 8.194566482444600979e+02 8.204665954195028235e+02 8.572592529910053827e+02 9.054314052021373982e+02 9.628079510336727935e+02 1.023286046644004614e+03 1.085199963360043512e+03 1.090171187217221359e+03 1.055498451925001746e+03 1.027627465198524760e+03 1.041272516260072052e+03 1.077277850109465362e+03 1.115987376922644671e+03 1.106679874068043546e+03 1.057738941080314817e+03 1.012063737531675542e+03 9.725242698995464252e+02 9.403746414151770523e+02 9.343896378395289730e+02 9.403397193918394805e+02 9.717572984201292456e+02 1.008500706060149355e+03
8.833606502571094552e+02 8.420231945598949324e+02 8.303448975881967726e+02 8.095631640349787403e+02 7.905183852136958649e+02 7.802970321754057750e+02 7.636635526770548950e+02 7.531477752049829633e+02 8.020970371317855552e+02 8.142877999247958769e+02 7.704328026186782381e+02 7.244260426945190829e+02 7.411443907358636807e+02 7.508226452563070552e+02 7.510431660370260261e+02 7.512438851339112489e+02 7.500766728376556784e+02 7.977916214380124984e+02 8.548033133935859951e+02 9.249960331499257791e+02 1.012125438502180032e+03 1.061650800947996004e+03 1.047344413326330596e+03 1.002496743531404491e+03 9.607882150257343028e+02 9.809612141335343267e+02 1.036164099043513488e+03 1.080937203382175767e+03 1.073328758396123021e+03 1.020393250942521945e+03 9.643494062464426406e+02 9.205936089108585065e+02 8.799557600050545716e+02 8.696476113159211536e+02 8.800383200316246075e+02 9.200392932106956323e+02 9.601983237549072783e+02
8.356501994967056817e+02 7.863603361394096964e+02 7.690089329359728936e+02 7.443567135330937390e+02 7.227630454832338955e+02 7.173987704693538490e+02 6.964263801959158400e+02 6.847187153021498034e+02 7.422320059725252577e+02 7.606904883378136901e+02 7.165107165335944046e+02 6.600835242202726931e+02 6.922434202315519087e+02 6.776916114830933111e+02 6.860309457704307761e+02 6.866869167656457194e+02 7.411515514539762535e+02 8.009281825967752866e+02 8.681557293786519267e+02 9.423035876067851859e+02 1.010246228130051463e+03 1.025812047035197793e+03 9.897727419597094922e+02 9.488678946711406752e+02 9.007140512358317892e+02 9.429721323224461003e+02 9.967301798927085201e+02 1.041237517392241443e+03 1.035430679512049210e+03 9.841990395516518220e+02 9.254330318888652300e+02 8.739796082385905720e+02 8.368721951847834362e+02 8.051317358824029498e+02 8.378119798671832541e+02 8.733370963255275683e+02 9.177246714940284846e+02
7.979359033078984567e+02 7.558069321417247011e+02 7.198439421911079990e+02 6.885518216223861145e+02 6.600849867954199226e+02 6.771318939265173640e+02 6.358139534821419829e+02 6.236289170403903199e+02 6.826286300014688777e+02 7.030085412985276889e+02 6.688400924625999551e+02 6.100000951908480147e+02 6.251430537428032039e+02 6.047100411932051429e+02 6.346998132019185732e+02 6.811596720358629682e+02 7.438212291376859184e+02 8.114335627836129561e+02 8.859866052473167883e+02 9.619407065813577447e+02 1.005708624510162736e+03 9.860371757674988658e+02 9.350119719419287776e+02 8.902781592664846357e+02 8.558298317423480057e+02 9.015636803981900584e+02 9.595196332716708412e+02 9.913813792701374723e+02 9.916369747341902894e+02 9.470591732258099000e+02 8.932505927399362236e+02 8.385816192748050071e+02 7.928314339873825247e+02 7.653679432885627421e+02 7.989981791781333413e+02 8.286331920543541401e+02 8.816958011418445267e+02
8.692150406425209894e+02 8.270849462521732676e+02 7.910132317814446878e+02 7.511384359632068026e+02 7.001804316790418170e+02 6.206578532601480447e+02 5.920582318145949330e+02 5.707493727484988995e+02 6.174862319075142523e+02 6.361151434777640361e+02 6.304732877177633554e+02 5.688762587937555963e+02 5.626274071578498024e+02 6.283787978705364594e+02 6.840779201589175500e+02 7.329050941896708764e+02 7.638385065457899827e+02 8.266318265800176732e+02 8.984153680055269433e+02 9.688577175097727832e+02 9.840599099445503271e+02 9.369437741436933038e+02 8.810488345524350962e+02 8.281938145215367513e+02 8.200137248508378889e+02 8.871760334311866245e+02 9.207477504036413620e+02 9.248443688801241933e+02 9.367309000720725862e+02 9.071503173926455474e+02 8.580593090655351034e+02 8.282410164237647905e+02 7.906803007192548876e+02 7.357720132184942941e+02 7.655175910155594465e+02 8.234936279332733875e+02 8.843779733562629417e+02
9.082578170476135710e+02 8.894212635545081866e+02 8.549802203295423624e+02 7.959728892204469730e+02 7.225507293709282521e+02 7.001869453519490207e+02 6.571654731519614643e+02 6.065501749358869574e+02 5.412577406932044823e+02 5.779919070739167637e+02 5.866964354073801360e+02 5.361282426146165108e+02 5.388898761590675122e+02 5.974427007935080383e+02 6.671827311323829690e+02 7.419400540755741531e+02 8.183712603949636559e+02 8.796115106780928272e+02 9.370526948760129926e+02 9.791705768183461487e+02 9.619860965389170815e+02 8.988893118027719993e+02 8.329832034237020935e+02 7.716376574345653125e+02 8.217581905969988156e+02 8.537091477450480852e+02 8.566289280823473291e+02 8.525900893827255231e+02 8.730460986217062782e+02 8.743453751535354286e+02 8.182544090880501244e+02 7.700380874230502286e+02 7.422301306270791201e+02 7.111807688586781069e+02 7.686676585696050097e+02 8.178030174682252209e+02 8.699018904405329522e+02
8.945292902777354129e+02 9.112997442391022105e+02 8.915281062754417007e+02 8.464551945939543884e+02 7.916955101812862949e+02 7.541221989887020527e+02 7.043919737758926658e+02 6.437247025760890438e+02 5.759489104272790883e+02 5.089533341584294703e+02 5.342766865806046326e+02 5.085217612228954067e+02 5.805623483298596739e+02 6.482673007902963036e+02 7.139620100636431062e+02 7.781773263543900612e+02 8.401462925025116419e+02 8.981389134544848503e+02 9.491617126035444016e+02 9.786505176327169693e+02 9.368176592636249325e+02 8.637522789753409143e+02 7.956243944199233056e+02 7.392100187371305537e+02 7.730779049563564058e+02 7.901682522367378851e+02 7.888489135323710570e+02 7.818350537749948899e+02 8.192887828492119979e+02 8.390538363514365301e+02 8.029199469112344332e+02 7.332935609193212940e+02 6.795124795472225969e+02 7.047809683883227763e+02 7.172510650938532990e+02 7.675547465280646975e+02 8.227768061287531509e+02
8.452084322768563425e+02 8.823451392441620555e+02 8.948176953737670374e+02 8.755165768346852246e+02 8.257576935502431752e+02 7.582704655049301437e+02 7.025358974794589813e+02 6.407918217901060416e+02 5.749394252849185705e+02 5.199939366717545681e+02 4.820188706561136769e+02 5.250952163455300479e+02 5.861220732861705756e+02 6.553937667877233935e+02 7.215711387764887377e+02 7.711841227619976280e+02 8.087097897772786155e+02 8.593786030811766068e+02 9.212335488425343328e+02 9.590225609782797846e+02 9.439951669409492752e+02 8.954097052312246205e+02 8.412708415808235713e+02 7.769308150902161287e+02 6.971972052265415414e+02 7.272174522487157446e+02 7.277205447851740701e+02 7.225371510804145601e+02 7.662539807634619820e+02 7.998480944046712011e+02 7.796926420625811716e+02 7.268618981681987634e+02 6.798213701783330407e+02 6.467393594917707560e+02 7.115954764766734115e+02 7.747709583279229264e+02 8.221772486229766628e+02
8.027818430750978678e+02 8.172302838168708377e+02 8.537175664751995328e+02 8.633808587210706946e+02 8.161768747077970829e+02 7.371211430432804264e+02 6.583532384432647859e+02 5.972953430990348807e+02 5.674522778017535529e+02 5.213671026942312210e+02 4.706259949001366749e+02 5.272850644966175651e+02 5.883400660348795554e+02 6.472994780710461100e+02 6.808433784958299384e+02 7.100629408948674381e+02 7.507643410699324704e+02 8.123915470233046108e+02 8.757126244574525344e+02 9.263296604553964926e+02 9.171697293181173336e+02 8.845677826726951025e+02 8.496271543012268239e+02 7.918384337844541960e+02 7.299021534687271924e+02 6.506258276231563968e+02 6.779477099042534292e+02 6.720057551103068363e+02 7.216471665932306223e+02 7.547652957304371739e+02 7.434578549384973485e+02 6.846623968091124652e+02 6.134313861693723311e+02 6.644211957518137979e+02 6.933829948994190318e+02 7.433504043154384817e+02 8.061827973243249517e+02
7.485103576353195649e+02 7.477616249388289589e+02 7.913272415019081336e+02 8.242748087175343699e+02 7.944416021109263966e+02 7.196506406685299453e+02 6.432257841889921792e+02 5.784089011262663007e+02 5.254993662478808574e+02 4.891290673405144389e+02 4.597755840967184326e+02 4.824140146261084396e+02 5.475021373250699526e+02 6.030341485434247488e+02 6.172969247573307712e+02 6.465735574002269459e+02 7.015752492429710401e+02 7.693991344821062057e+02 8.439327747794460493e+02 8.858943805034339221e+02 8.637736796595420401e+02 8.199125665832068535e+02 8.127802445411014105e+02 7.952504209860450146e+02 7.403835912610288688e+02 6.705911895766020052e+02 6.085776036142809744e+02 6.323310312406679259e+02 6.765913789969166601e+02 6.952685236545588623e+02 7.011382682044300054e+02 6.535308204078351082e+02 5.910651099778920070e+02 6.295844039142328938e+02 6.928742284288675819e+02 7.461849713634009049e+02 8.039187815694683650e+02
6.787916246863026117e+02 6.836026311377734146e+02 7.374909873172076686e+02 7.777301963237594009e+02 7.658588268107155272e+02 7.021837237451724150e+02 6.286154162044975919e+02 5.655893394278265305e+02 5.330460961712710741e+02 4.982473333251593317e+02 4.523105778144655460e+02 4.971523867425460708e+02 5.140119055825223313e+02 5.435057061895138304e+02 5.810990579734432231e+02 6.417563611302124400e+02 7.111256971137489700e+02 7.852828794289511052e+02 8.439420344744147542e+02 8.457151833066941435e+02 8.002462327933689039e+02 7.491588694537380206e+02 7.409810591689815737e+02 7.622055971426206042e+02 7.549570389275107800e+02 7.104964385117860957e+02 6.485542547218806249e+02 5.724083354078881030e+02 6.138160060393637423e+02 6.313344852079907241e+02 6.505631101591342258e+02 6.165199318242930531e+02 5.733740080108535722e+02 6.046789998820738674e+02 6.459555317853424867e+02 7.011539752650911623e+02 7.623293864177821888e+02
6.057449275937138964e+02 6.386411733735014877e+02 6.821529966854817530e+02 7.195627418210424366e+02 7.176015330020135252e+02 6.868102522495197491e+02 6.180640985730992725e+02 5.478108286818116994e+02 4.934772497105997786e+02 4.707115537274412986e+02 4.434148710706122074e+02 5.165656149008857483e+02 5.651002586490927797e+02 6.040490161891976868e+02 6.456789453197806097e+02 6.965443575522494939e+02 7.629787691402705150e+02 8.137923477455872217e+02 8.316371857246631407e+02 8.026849380027316556e+02 7.474101140632110400e+02 6.951608986866123132e+02 6.605965628232412428e+02 7.131172371456718793e+02 7.390133999097014339e+02 7.174046948616888812e+02 6.627219695512470707e+02 5.993653401033344608e+02 5.366925852994253319e+02 5.853610908371983896e+02 5.979841187749678966e+02 5.584919995624287594e+02 5.584919995690954693e+02 6.349162682487991560e+02 6.861839528595101001e+02 7.169163964139190739e+02 7.708618776601736045e+02
5.765179305921852801e+02 5.799875891565229722e+02 6.284091737219288234e+02 6.423444154536757651e+02 6.403699406599145050e+02 6.430617566079804419e+02 6.070493823815821770e+02 5.360879785279809084e+02 4.700418429788164190e+02 4.276095433449760890e+02 4.791743286957856185e+02 5.335587539107143584e+02 6.011365759347290805e+02 6.553207844387399064e+02 7.031178688329556508e+02 7.512298874107810889e+02 7.998227348739596891e+02 8.263322474978152741e+02 8.012100035576984283e+02 7.469346752906219535e+02 6.953256796209432196e+02 6.447714688750195364e+02 6.037850887140322129e+02 6.578474146409404284e+02 7.015073578154529059e+02 6.873866304350932523e+02 6.308589014804661019e+02 5.684558423656890227e+02 5.148487829042918520e+02 5.202654120434229981e+02 5.367205323621428761e+02 5.966892684367489892e+02 5.934143231629931279e+02 6.526888965501069606e+02 7.181531658591928817e+02 7.711439541201965540e+02 8.200920571142844437e+02
5.049498979806333523e+02 5.341449195136423214e+02 5.717146118084559703e+02 5.669273862596793379e+02 5.587516107811848087e+02 5.695447227526242386e+02 5.756226049139805809e+02 5.325155876276691060e+02 4.719741234112465236e+02 4.176254488593978635e+02 4.522609064602692115e+02 5.214179906107763145e+02 5.933020251585196547e+02 6.519028805139698761e+02 7.078248481663358689e+02 7.595725317041886910e+02 8.113004468978932664e+02 8.101536201849153258e+02 7.568623216439480075e+02 6.978847391226458967e+02 6.404948959989997093e+02 5.986358772434722368e+02 5.593205844136748510e+02 6.151764879481759181e+02 6.598378527309314450e+02 6.443228647750361233e+02 5.884541477795825131e+02 5.472230838106299871e+02 5.003204804006591075e+02 5.640882749360949902e+02 5.946402482100999123e+02 6.355438472768278189e+02 6.629565828305812829e+02 6.531089607656413136e+02 7.108401673175150108e+02 7.718044797701404605e+02 8.354854605454040666e+02
5.075736079875858877e+02 4.865487391474328547e+02 5.179557646688502928e+02 5.043348040702847470e+02 4.871017008366607683e+02 4.906876192713394857e+02 5.180648150630372584e+02 4.893424233389778806e+02 4.523243598720925434e+02 4.094412950134388893e+02 4.702020026594564683e+02 5.032538229917918784e+02 5.495448418230516836e+02 6.053400010308213268e+02 6.707807735038902592e+02 7.462903200706587086e+02 7.995475112740443819e+02 7.870947091191579830e+02 7.226322316978364597e+02 6.537781527511808690e+02 5.956751007920779557e+02 5.484947049385663149e+02 5.226883473545003653e+02 5.786525537079846799e+02 6.149256987484479851e+02 6.007715022133675120e+02 5.438763873383625196e+02 4.822567777996712266e+02 5.411821603984477633e+02 5.852030978622021848e+02 6.406789080465530333e+02 6.840230334440935849e+02 7.223354570632425293e+02 7.216529209512763146e+02 7.216410401115134619e+02 7.784112731030274972e+02 8.399607018109780938e+02
5.494811098859045160e+02 5.159351062553075735e+02 4.676100041172569490e+02 4.732968443404417371e+02 4.304439107124637758e+02 4.189155392857521747e+02 4.600191198033961086e+02 4.530958090268582055e+02 3.950334017734168128e+02 4.406745494347538283e+02 4.781319420559727860e+02 5.306384841979730709e+02 5.913664464177793434e+02 6.515878897032556551e+02 7.119806154161675522e+02 7.623286111887833840e+02 7.820239289872309882e+02 7.629129022182213475e+02 7.236610648845477272e+02 6.681006718899387806e+02 6.104295271384480657e+02 5.493055918552868206e+02 4.922378452564132090e+02 5.486089518743431199e+02 5.603451143762559923e+02 5.536177738656051588e+02 5.137815999688878037e+02 4.696193249199812385e+02 5.327668929374538038e+02 5.984255557955295899e+02 6.668807769152526816e+02 7.228232325863049255e+02 7.646831655626197062e+02 7.844779951489152836e+02 7.949110550184183239e+02 8.005758252138487023e+02 8.549004053529798739e+02
