output/field_example_test_lateral/elevation_000053.asc
nrows	150
cellsize	66.66666667
xllcorner	0
ncols	150
yllcorner	0
NODATA_value	-9999
[rows 17 to 33 of 150, columns 37 to 73 of 150]
4.108028909002250089e+02 4.037808673728922599e+02 3.603882340229583860e+02 3.191752954158683337e+02 2.845492442664885857e+02 2.469954081505745762e+02 2.076590019275572274e+02 2.661590008191843140e+02 3.174400831648690655e+02 3.560238696753316958e+02 3.683683088630724001e+02 4.146425735668684069e+02 4.686286879512540509e+02 5.319338581734714353e+02 5.989777491718441524e+02 6.365870214189559420e+02 6.294029137228710624e+02 5.852426496482690936e+02 5.453042216927583468e+02 5.417749346033061784e+02 5.456763393922694831e+02 5.101775850623295696e+02 4.740992499640622100e+02 5.199795212579772397e+02 5.855490515746325855e+02 6.557469285855664793e+02 7.117418699193661951e+02 7.055173151818316910e+02 6.552136389431435646e+02 6.031890382992152126e+02 6.148234921726055973e+02 6.175161499333729580e+02 6.608007694924915540e+02 7.192518080621058516e+02 7.788004685614382652e+02 8.289779924570852927e+02 8.274272404437618889e+02
4.649274957506382862e+02 4.453157886344622511e+02 4.040518127139563944e+02 3.546299018579524045e+02 2.962107003134479442e+02 2.417282144303302402e+02 2.606372056955954690e+02 2.269610808024607138e+02 2.864894678345700072e+02 3.045554687009327495e+02 3.620048981343557557e+02 4.071325083606227508e+02 4.540334834507040682e+02 5.059923865981981521e+02 5.570207662776125517e+02 6.209985449057486449e+02 6.540051334259329678e+02 6.382363420655220807e+02 6.193801561273345442e+02 6.115281787984706625e+02 6.031937351053892371e+02 5.558890365687011581e+02 5.062538945484102442e+02 5.607803173974899664e+02 6.031610854344810377e+02 6.660397705773616508e+02 7.277045883001652555e+02 7.473229143617135151e+02 7.192349181027718714e+02 6.696741247568500057e+02 6.841072023075138304e+02 6.894114892097425127e+02 7.250944872582949756e+02 7.700375142739217154e+02 8.260725326844957408e+02 8.642892178206295739e+02 8.738030656033413379e+02
4.943718889683079851e+02 4.535046759284443851e+02 4.042242035026077360e+02 3.470639394873024912e+02 2.783641731975835683e+02 3.063106985209046229e+02 3.034005902849241352e+02 2.902624188633105291e+02 2.459330378285730774e+02 2.979074270972711815e+02 3.208035389294630590e+02 3.540951536025360724e+02 3.958428461506576355e+02 4.424659158462689561e+02 5.109440315970046527e+02 5.907347435833298732e+02 6.512635289304334947e+02 6.843639279161160403e+02 6.862707908857613575e+02 6.792942782704536739e+02 6.496826960598740470e+02 6.051172359817157940e+02 5.556852778354118527e+02 5.573564869196733298e+02 6.036679718866771509e+02 6.610204860121361889e+02 7.278618021199451960e+02 7.829875426245353083e+02 7.756184592269621589e+02 7.420275925287967311e+02 7.570180708403152039e+02 7.649722781918371766e+02 7.890637077977528406e+02 8.210425788729794476e+02 8.526933102138857521e+02 8.680753985550205698e+02 8.695032637786421219e+02
4.770549056857523169e+02 4.167804172049675344e+02 3.715325840312091259e+02 3.163364932964540799e+02 3.231611182996092566e+02 3.613074725693275582e+02 3.586972704097112228e+02 3.400917896603784811e+02 2.969482581301813866e+02 2.610515430676891242e+02 2.610515430743557772e+02 2.976727347261420960e+02 3.401824042022655590e+02 3.946688221534255945e+02 4.658824761339290035e+02 5.465501161049420489e+02 6.264847831989806082e+02 6.780064510889706071e+02 7.095598815593535846e+02 7.211197810148463532e+02 7.022981753210292482e+02 6.584329075112098053e+02 6.142148619254883215e+02 6.076501561916992387e+02 6.517722645611851249e+02 7.067536431495472016e+02 7.626923685483310464e+02 8.136426238228103784e+02 8.192194311067552235e+02 8.013400874477209754e+02 7.956797139806744781e+02 7.876309325713020826e+02 8.012321554413347258e+02 8.245417260869812708e+02 8.335188443120837292e+02 8.155318318040681334e+02 8.088263670055531520e+02
4.625544646490304217e+02 3.481202260833148898e+02 3.481202260766482368e+02 3.738398178912707408e+02 3.767178337981504228e+02 4.125538661117493007e+02 4.141445560840575695e+02 3.783330276809800239e+02 3.332032987911636042e+02 3.016344994538052902e+02 2.722451995884003395e+02 3.247394173625638132e+02 3.778988836571799652e+02 4.342729427196024972e+02 4.933884179735038060e+02 5.472089968119933019e+02 5.861633235476597292e+02 6.304677182592938607e+02 6.812366084668765325e+02 7.175969858476649961e+02 7.329799953282868046e+02 7.165005857294797806e+02 6.817474598129412016e+02 6.708279435944451734e+02 7.127362110820658927e+02 7.562853925387108802e+02 8.050570404539332685e+02 8.316021975815154974e+02 8.193515354006857478e+02 7.891161951059501689e+02 7.610644549903470306e+02 7.304600257317540581e+02 7.446975457278776958e+02 7.822711783154755949e+02 7.849084833124676379e+02 7.467435854130123971e+02 7.374397504644338142e+02
4.843274802116665114e+02 4.202255120680501932e+02 3.788361729134661005e+02 4.290493708682459442e+02 4.427723037193005666e+02 4.610747261614880586e+02 4.583700871912317893e+02 4.122535803464938340e+02 3.705887938314686494e+02 3.366915809568027385e+02 3.114288012333681763e+02 2.925108351329243419e+02 3.607405039938904565e+02 4.196687208843622443e+02 4.706582047115737168e+02 4.890698729733294954e+02 5.259472089057519497e+02 5.743719573766433086e+02 6.234024782509775378e+02 6.797641735866563977e+02 7.229715370589660779e+02 7.510517573780720113e+02 7.506364409254174461e+02 7.426670637328825251e+02 7.798944355005852458e+02 8.077428102006871313e+02 8.255287585260127798e+02 8.147465614318629150e+02 7.825474547729268124e+02 7.349565951685636946e+02 6.911796286611738651e+02 6.622533293089547897e+02 6.826889002384630203e+02 7.367176589680756251e+02 7.349171505921266316e+02 6.836795576359514826e+02 6.702916080338494567e+02
5.336766441188786985e+02 4.750723645612457062e+02 4.146792597649952086e+02 4.683424230058636226e+02 5.089825805884016177e+02 5.221712485034971678e+02 4.956441842716208726e+02 4.501878784971592040e+02 4.094501144797317238e+02 3.781784822055797122e+02 3.719053417252110307e+02 3.443767440982602466e+02 3.120183047478324738e+02 3.762991290503259165e+02 4.250170322797444555e+02 4.314107520389251249e+02 4.728147731574809427e+02 5.136917421144380569e+02 5.653414593316829269e+02 6.192698253876908439e+02 6.824627111616920274e+02 7.357548590561060564e+02 7.797318880961761352e+02 8.053069293162982376e+02 8.229346602697354456e+02 8.219024065185368499e+02 8.015083189517544042e+02 7.704587759152686885e+02 7.249572836065757429e+02 6.820308359584226992e+02 6.362457299124237124e+02 5.967121514484911131e+02 6.464870202601423443e+02 6.985658745076322020e+02 6.959605717580302553e+02 6.281795427077354361e+02 6.079640048802050387e+02
5.819354414100297390e+02 5.208203115279550275e+02 4.544670271096529177e+02 5.103117821521814221e+02 5.622079134581264270e+02 5.755333967516282883e+02 5.384355057542766190e+02 4.926692067367239360e+02 4.573593382107439425e+02 4.326380998786269743e+02 4.137763890361636072e+02 3.774124746321292037e+02 3.236596506960670467e+02 3.408688613468900144e+02 3.647218913633562352e+02 3.910152053229193712e+02 4.205853264965741118e+02 4.604924637183354434e+02 5.066168543415618046e+02 5.606019041075553559e+02 6.230135856862229957e+02 6.926908537696788244e+02 7.654846788105259066e+02 8.193956220526928291e+02 8.211826143005037011e+02 7.908787683039465719e+02 7.447735076416048514e+02 7.057713796462935534e+02 6.680511990842279602e+02 6.272610725922261281e+02 5.895501312843720143e+02 5.495225393238860079e+02 6.086253389918281300e+02 6.654202634245496029e+02 6.704357534855624863e+02 6.178237241895170655e+02 5.482388052008445811e+02
5.992183147993160901e+02 5.367963851538869449e+02 5.027021779668249906e+02 5.541265423624615778e+02 6.080900540715118723e+02 6.204099045028794990e+02 5.818108450664909697e+02 5.403435477536557983e+02 5.061861245090996135e+02 4.676660571821747112e+02 4.253049321981169442e+02 3.803474936005210907e+02 3.367448618205395974e+02 3.888514501633601412e+02 4.268853101616514323e+02 4.643273530489080940e+02 4.808446411482669873e+02 4.754545882114661026e+02 5.160232497786687418e+02 5.651089842978321940e+02 6.254168332511683275e+02 6.953327355790329420e+02 7.673119073541198532e+02 8.137671504006335681e+02 7.914420849487939904e+02 7.373302234209180597e+02 6.883900965351402874e+02 6.425224230085070758e+02 6.074448081065808083e+02 5.763430046696654472e+02 5.444717093198473776e+02 5.102449518932593264e+02 5.743706094443962229e+02 6.346543204594233885e+02 6.434893946649212921e+02 5.813160754717476948e+02 5.081363092624985143e+02
6.507133657526097750e+02 6.075935902307664946e+02 5.697398611920320946e+02 5.976614623873221035e+02 6.504915973031096428e+02 6.568097892594472569e+02 6.189302495729681368e+02 5.661882708077120014e+02 5.079376842355533199e+02 4.580702680799561222e+02 4.200696327090305999e+02 3.687472826026915982e+02 3.513567509119699253e+02 4.196207001584563727e+02 4.752110012815230107e+02 5.193386497281361471e+02 5.471756601615818454e+02 5.466758248936528162e+02 5.815602642906114852e+02 6.201573217433199261e+02 6.775878439996117777e+02 7.437469767284139834e+02 7.890394447258490800e+02 7.929095881261936256e+02 7.518720545293592750e+02 6.885575169061221459e+02 6.312067299097760724e+02 5.885616168885809429e+02 5.516446145790574747e+02 5.228228680465289244e+02 4.980684537223067991e+02 4.762012818144553989e+02 5.434926162798190035e+02 6.053279182808906853e+02 6.267843922250930291e+02 5.857174467973444507e+02 5.159892832896662185e+02
7.069447317963118849e+02 6.799788577850191587e+02 6.469666187814684690e+02 6.674710462289491488e+02 6.901618828007613047e+02 6.678629844903822459e+02 6.077236874397602833e+02 5.453900989336376597e+02 4.895039229837762491e+02 4.420235988344467728e+02 4.005280683151215726e+02 3.814780022745266592e+02 3.713931775838270255e+02 4.189291903045399295e+02 4.758494375189563357e+02 5.344211954658995865e+02 5.858173643411000739e+02 6.114989602484714624e+02 6.442447737447322424e+02 6.857133928322352858e+02 7.266094449839490608e+02 7.783613707087737339e+02 7.948758376597447750e+02 7.614898751142133051e+02 6.997689716693733999e+02 6.405912395932502932e+02 5.830346977098049592e+02 5.365868009486954406e+02 5.032354586293828334e+02 4.739721914717060827e+02 4.480393939190771562e+02 4.470569518592646432e+02 5.135656153514671587e+02 5.682991955452411048e+02 5.879070779383121135e+02 5.626302733147222170e+02 4.954992811421370220e+02
7.156136824968311885e+02 7.219432792238116008e+02 7.182945703954371766e+02 7.296909271540403097e+02 7.193887953611116473e+02 6.558472271425735016e+02 5.842269166777033433e+02 5.240446668312836209e+02 4.766450327237170654e+02 4.403026813938786859e+02 4.138562800587398556e+02 4.420460028803669275e+02 4.382869566437909157e+02 4.073620117583923275e+02 4.738252949531174067e+02 5.271399524033025727e+02 5.709514140512285394e+02 6.096664857846523091e+02 6.447609419033054792e+02 7.035014382182444024e+02 7.631133489537904779e+02 7.963942279479122135e+02 7.775852138450029543e+02 7.169878840471632202e+02 6.535148059500845648e+02 5.903049241292885654e+02 5.384193796334054696e+02 4.920219304958142743e+02 4.554399319089390588e+02 4.297298364405035045e+02 4.067295879277694439e+02 4.579520552911550340e+02 4.924106810166699120e+02 5.238769455522398175e+02 5.304780368104044328e+02 5.347026307837388686e+02 4.923436493915372694e+02
6.687918498748949787e+02 6.999020046150839107e+02 7.272726856010864367e+02 7.523472849098669712e+02 7.435820483075328866e+02 6.872270843307624091e+02 6.254643525997024653e+02 5.653029728113244801e+02 5.182763134597656745e+02 4.779083441379415831e+02 4.415530235028705874e+02 4.896942800701377223e+02 4.925498144368178259e+02 4.632458827759472797e+02 4.393785096737054801e+02 4.729979615867718508e+02 5.130404486319984017e+02 5.615644790108244706e+02 6.229476075666325414e+02 6.952755332756728421e+02 7.665135322087336363e+02 7.879179176070352923e+02 7.510100576450466860e+02 6.792174397053261146e+02 6.080540244490811119e+02 5.470521508015796144e+02 4.949466183447900676e+02 4.505029818998779660e+02 4.135784442852170741e+02 3.843483156559287863e+02 3.843483156492621333e+02 4.164676071654747602e+02 4.545870095401213007e+02 4.584632215845487622e+02 4.653004998074625860e+02 4.864574245225340405e+02 4.525887543486938398e+02
5.978404107693646665e+02 6.377032387152786441e+02 6.808458845560763848e+02 7.316068126972447772e+02 7.551000283087986418e+02 7.268442323865619983e+02 6.697290718871295212e+02 6.143633653353487034e+02 5.599674495394830274e+02 5.132703370569454364e+02 4.740572063767557438e+02 5.272896442347783932e+02 5.338311771595627988e+02 4.992563938759017788e+02 4.693618804207600874e+02 5.245745798933810420e+02 5.461399336509556406e+02 6.014372888770426471e+02 6.636798873656933893e+02 7.257530274180646757e+02 7.796944910382547960e+02 7.710600609642650625e+02 7.142706814819931651e+02 6.639816680142758969e+02 6.151972790783842129e+02 5.704838868258405000e+02 5.270910643030432539e+02 4.817392728816892600e+02 4.237626834231406292e+02 4.410845020831736178e+02 4.264295288615300592e+02 3.648417263740859653e+02 4.002753798433981842e+02 3.891268792291900240e+02 4.020265061399749129e+02 4.330203171470494681e+02 4.145418735234942460e+02
5.334045571532992653e+02 5.764662757318192234e+02 6.307656700070079978e+02 6.925042998901019473e+02 7.375339278178900031e+02 7.503615642916296338e+02 7.185904438815334743e+02 6.602184500799037323e+02 6.028354579321270421e+02 5.555284257310948988e+02 5.124555790717026866e+02 5.664150580472806951e+02 5.666453929286283255e+02 5.566826603882178688e+02 5.059417246346857837e+02 5.515917905644923849e+02 6.003240007435208554e+02 6.448866106123025475e+02 7.059525568372833959e+02 7.684063159884844936e+02 7.988077697038733049e+02 7.592544012430636258e+02 6.788116760458340195e+02 6.169287261168815348e+02 5.687013080718983247e+02 5.284080798658998219e+02 4.934530556630564320e+02 4.630564041647247109e+02 4.946676208557872769e+02 5.002000900919663309e+02 4.588195519333480092e+02 4.075065533064923784e+02 3.384216304188078084e+02 3.220761359915817366e+02 3.621089983605304496e+02 3.730178233893786910e+02 3.622394967018369698e+02
4.818913031964692664e+02 5.252544784377887481e+02 5.790523352104073638e+02 6.381635592983365086e+02 7.049527693644723740e+02 7.513832355127051414e+02 7.526917875793321855e+02 7.059328997945309538e+02 6.543997207029767651e+02 6.016522072911255918e+02 5.594399797135929475e+02 6.145238720212943235e+02 6.204730882269383301e+02 6.091760332695572515e+02 5.507585337598642354e+02 5.978156401414780703e+02 6.460564547189879931e+02 6.996103618454235402e+02 7.511621077844663432e+02 8.044773876856961579e+02 8.197158437233441646e+02 7.688772637705819761e+02 7.136867594428301800e+02 6.575796811843679279e+02 6.134347731445309364e+02 5.748858548071584664e+02 5.385255032628479057e+02 5.077205562357653434e+02 5.497223901101800720e+02 5.457752232245056803e+02 4.914763476533270818e+02 4.239313989285777211e+02 3.834439298625724746e+02 3.577825834542887264e+02 2.993494165311479946e+02 3.176747201347873784e+02 2.964916375043055154e+02
4.367308253533933566e+02 4.739516543009136171e+02 5.272201956802483664e+02 5.899135331464950696e+02 6.624389588984652164e+02 7.394222796403460052e+02 7.804107344030429658e+02 7.594622525224768879e+02 7.064461624940576030e+02 6.553981397348444489e+02 6.197577882054949896e+02 6.713518882742474716e+02 6.820479628044350875e+02 6.623578586760575035e+02 6.045847465659755926e+02 6.557325670329126979e+02 7.041382744292748157e+02 7.509585302775000173e+02 8.011772156212375648e+02 8.334703752865536899e+02 8.390996665167955371e+02 8.075428618671077174e+02 7.561542461828909154e+02 7.108486836358965775e+02 6.683244128403503055e+02 6.258688039128356877e+02 5.924872429499548616e+02 5.630020707750794600e+02 5.971555058517270709e+02 5.856015457611080137e+02 5.302477417556598311e+02 4.765458788056250796e+02 4.352659038512852021e+02 3.863095090085274137e+02 3.311592390241906401e+02 2.760218247971283745e+02 3.321319167933596077e+02
