output/field_example_test_lateral/elevation_000076.asc
nrows	150
cellsize	66.66666667
xllcorner	0
ncols	150
yllcorner	0
NODATA_value	-9999
[rows 102 to 118 of 150, columns 37 to 73 of 150]
6.027479534972738975e+02 6.125617957229288777e+02 5.622873502782200603e+02 4.940170164666313326e+02 4.313443379105724489e+02 3.790051200915864342e+02 3.726777092940823763e+02 3.319696748771395960e+02 3.127146235210736336e+02 3.705664052814212823e+02 4.455666700392325197e+02 5.144815459007043046e+02 5.169499194981731307e+02 4.583593202938705531e+02 3.941188506815731216e+02 3.360940071805219986e+02 3.781203709180768442e+02 4.504733141269081784e+02 5.142822079398695223e+02 5.716412218221493049e+02 6.009023212326931116e+02 5.678652605182610387e+02 5.020402041208963624e+02 4.273122911592014361e+02 3.473954037736482974e+02 3.461836657141930118e+02 3.481031320697410933e+02 4.377114900754262408e+02 4.914970840979139552e+02 5.547768660083506802e+02 6.147907342116590144e+02 6.295283015016019590e+02 6.014235680558288095e+02 5.566083411316606089e+02 5.012333819919483062e+02 4.289561182494028913e+02 4.757559075580918488e+02
5.832524781598109485e+02 6.142392468028447183e+02 5.932572931662571136e+02 5.378853403908955215e+02 4.850355271555856689e+02 4.398444369859043377e+02 4.081803045500080316e+02 3.757409526424071373e+02 3.350035450404815265e+02 4.047443272854036991e+02 4.665673841109919522e+02 5.332779298923718443e+02 5.434235244022668212e+02 4.905654237883662745e+02 4.265236098605121242e+02 3.673185939825227706e+02 4.107490412508121835e+02 4.573746736587353894e+02 5.238741212654446144e+02 5.882987213820584884e+02 5.953884250995507728e+02 5.456716178567543238e+02 4.910348737481647277e+02 4.444668043231012575e+02 3.754989676188661747e+02 3.904096477058470782e+02 3.745739879340974312e+02 4.262339919968491699e+02 4.830675913869302462e+02 5.450998069571709266e+02 6.109882406788631215e+02 6.603296449388797100e+02 6.433364479415864707e+02 5.775734316453790598e+02 5.125588664308785383e+02 4.618330338202908933e+02 5.126242261943207268e+02
5.422978371118961149e+02 5.980902914399503061e+02 6.172378711480020002e+02 5.892304706702955173e+02 5.381485144442834780e+02 4.914718700689186903e+02 4.514994790471329793e+02 4.065512848115621978e+02 3.602304245969111776e+02 4.388042764741999235e+02 5.055222051940067445e+02 5.595160159995840559e+02 5.734693375650350617e+02 5.263681015047324081e+02 4.671590298384294329e+02 4.036494348953729059e+02 4.456793546147637812e+02 4.970083829171126695e+02 5.561064561022817543e+02 6.079843376863176445e+02 5.880630960824551039e+02 5.051504532968017998e+02 4.171061650410780430e+02 4.171061650344113900e+02 4.423825844269701406e+02 4.507950180410207395e+02 4.266947329621764311e+02 4.247783859913533888e+02 4.729852931936641767e+02 5.333620468051531134e+02 6.064854194093858268e+02 6.742959665970008700e+02 6.719698940984075080e+02 6.052321594353696810e+02 5.282597880507203172e+02 5.071012095942108431e+02 5.583769765707802435e+02
5.029283592104161471e+02 5.728604134985159817e+02 6.273980448962978471e+02 6.275673067599360593e+02 5.857354374280740785e+02 5.393798922693248414e+02 4.869365556120172869e+02 4.351140948539053852e+02 3.866206999896241427e+02 4.483672264768750892e+02 5.144891723178475331e+02 5.770969810709257217e+02 6.037120371189973866e+02 5.720501932874856266e+02 5.087177643739132691e+02 4.469538052637332157e+02 4.841590842655824645e+02 5.347222390612041636e+02 5.920757709576107573e+02 6.376802537523964247e+02 6.121720306841623369e+02 5.340592473036812180e+02 4.827634172065186817e+02 4.557566326433197332e+02 5.041869733432451426e+02 5.176365503599105296e+02 4.843373284160125536e+02 4.733276583857571040e+02 5.148234396693443387e+02 5.709619422961455939e+02 6.394311416680708362e+02 7.030384693858260334e+02 7.048865183001944388e+02 6.441926754505872168e+02 5.806449616329855417e+02 5.627063842612808457e+02 6.124000249838161380e+02
4.916848906251755693e+02 5.628499919756260397e+02 6.293833463566227238e+02 6.581574640344991849e+02 6.334623546318082390e+02 5.785626975700409957e+02 5.194668429038032400e+02 4.646175664456887375e+02 4.151044374299252127e+02 4.616814169954304248e+02 5.186923228128714527e+02 5.795830154534535268e+02 6.272720715404533394e+02 6.104031718804881166e+02 5.536103263711011095e+02 5.041969621354220408e+02 5.267399036420119955e+02 5.769017810608524996e+02 6.312365109423211607e+02 6.742357360805184499e+02 6.507191143820473371e+02 5.890034010297334817e+02 5.296218341476198930e+02 5.150578938040498542e+02 5.326713221257955411e+02 5.742153017734378864e+02 5.509746687397993128e+02 5.354072930146332965e+02 5.721172543555718448e+02 6.177684129304794851e+02 6.791112136834981357e+02 7.390190634644401371e+02 7.457743661118878435e+02 6.970102989006268217e+02 6.453656613723170494e+02 6.318942827766135224e+02 6.819356130022520119e+02
4.999232663626758608e+02 5.598002449474973901e+02 6.244452807265006413e+02 6.755081765714718358e+02 6.671263234082284725e+02 6.136367987770431682e+02 5.538032358318351953e+02 5.011185898987811242e+02 4.524988323151045506e+02 4.708956155536719734e+02 5.190382442965711789e+02 5.797562303274858095e+02 6.429487767843908159e+02 6.479852420827089645e+02 5.993767920711065926e+02 5.783143835562478898e+02 5.957307569777831304e+02 6.333864371242488005e+02 6.757021620128040240e+02 7.140241879908235205e+02 6.967297832958863637e+02 6.430616300743408829e+02 5.916975651347437406e+02 5.790186597986478318e+02 5.918820507613315840e+02 6.339112174680512908e+02 6.246883427923802401e+02 6.136362808893125020e+02 6.436884608284791511e+02 6.803471646409236655e+02 7.256098106884500112e+02 7.769426056372809626e+02 7.894901714536213149e+02 7.634678998458019805e+02 7.223779678467792564e+02 7.165800896818968795e+02 7.550975290105726572e+02
4.991764299059128689e+02 5.590183344742480358e+02 6.250293363085071405e+02 6.854294130657741562e+02 6.957737481794862333e+02 6.505433381708360230e+02 5.967373560058969133e+02 5.408636690030776890e+02 4.990456661478697242e+02 5.407406880101862043e+02 5.487917014209110675e+02 6.137549090978795903e+02 6.677009965119248136e+02 6.918547793650571975e+02 6.681527234530606165e+02 6.543889298750067383e+02 6.719327021712065289e+02 6.941781001966786562e+02 7.219758685464300925e+02 7.472480665705478486e+02 7.401023404002531834e+02 7.086362273024234355e+02 6.648983734844717901e+02 6.507476093118621066e+02 6.622889584497658007e+02 6.964168629691454271e+02 7.002521043269043730e+02 6.969164604260317901e+02 7.150457592192732363e+02 7.409959010677233664e+02 7.720155421647796175e+02 8.010651147639822511e+02 8.097691379901715436e+02 8.069106970468164945e+02 7.974810160643851304e+02 8.013388875564834279e+02 8.203438068377902255e+02
4.995543476354702648e+02 5.592344573802103014e+02 6.258639428342811470e+02 6.921706838363659244e+02 7.228271412887796714e+02 6.953344011181480937e+02 6.384064604489227577e+02 5.802676753378801777e+02 5.620486105771224175e+02 6.017228410843102893e+02 6.068348743669533860e+02 6.560217663693933901e+02 7.099133121377876705e+02 7.349938367373119945e+02 7.235424243374603748e+02 7.100724032942498525e+02 7.079861353380496212e+02 7.045100299760807729e+02 7.157560664796480978e+02 7.396299646503356371e+02 7.589836250578247245e+02 7.566465547717982645e+02 7.425089857471871255e+02 7.265853839688707012e+02 7.370333852217054300e+02 7.463387170609712484e+02 7.433567052279472591e+02 7.308556174302265163e+02 7.342342793639481897e+02 7.481296468067565684e+02 7.651742109947499557e+02 7.711382901684738727e+02 7.597663952880263878e+02 7.851013621849015180e+02 8.083862573213028782e+02 8.313373256953025248e+02 8.335620163273551952e+02
5.023988772604726023e+02 5.590904855720181104e+02 6.227355750443184661e+02 6.898610391604637471e+02 7.403408066981646698e+02 7.289347115327520896e+02 6.814162660205267912e+02 6.429034295687667964e+02 6.302776046316770362e+02 6.606348411303015382e+02 6.694034899908256193e+02 7.095513990788347201e+02 7.388880054636865680e+02 7.408126550712883045e+02 7.163475495980776486e+02 6.893542936947316093e+02 6.657654067157185409e+02 6.435339681102275335e+02 6.490343843152013505e+02 6.845203609963317604e+02 7.297981051974325055e+02 7.625925052409360205e+02 7.857871839923853940e+02 7.831411279113879118e+02 7.728438871332260760e+02 7.472945532893745622e+02 7.165106964159687095e+02 6.798984617084586262e+02 6.797993807814472120e+02 6.917476788930114253e+02 7.080801231005573300e+02 7.058127897439318303e+02 6.828270379423372560e+02 7.177972168040759016e+02 7.579678054901352198e+02 8.023140420608086743e+02 8.044250428983956454e+02
5.194076461564543479e+02 5.731043673545955244e+02 6.351620673460647595e+02 7.016175101322741057e+02 7.511339369055331190e+02 7.495034831414636756e+02 7.211178718217436199e+02 6.961640989029068578e+02 6.864292103440275241e+02 7.007759798969311760e+02 7.180870993568936456e+02 7.383862992432027568e+02 7.382115849127835645e+02 7.093711320240129226e+02 6.623192678236258644e+02 6.232037242835795041e+02 5.888762342942480927e+02 5.774452822494115480e+02 5.807933267143644116e+02 6.268284913160879341e+02 6.745331230823956048e+02 7.236260320295427846e+02 7.727902617745181715e+02 7.824920698991642212e+02 7.516643437395965748e+02 7.021465117900758059e+02 6.583362490363460893e+02 6.159478225579493937e+02 6.130942579558113721e+02 6.267885300431968290e+02 6.496510204354434563e+02 6.545471953138091976e+02 6.118585135016462573e+02 6.528898377984399986e+02 7.073619672455205318e+02 7.628060923405564608e+02 7.730200902346014118e+02
5.871723937715245256e+02 6.269609330091482207e+02 6.826366157789935869e+02 7.260516951446757048e+02 7.427529165723894948e+02 7.239803999803715442e+02 6.951188537365712818e+02 6.690154010002567020e+02 6.577192212221798400e+02 6.680005804798464624e+02 6.924358168584307123e+02 7.159620299781089443e+02 7.060461241047936483e+02 6.564545962755156552e+02 6.070193499186449344e+02 5.582563249457078882e+02 5.194400364109320662e+02 5.198178576535005959e+02 5.250533830836940297e+02 5.717346415820929906e+02 6.242567848454361865e+02 6.863694297104652833e+02 7.444121138944514087e+02 7.553898273957571519e+02 7.075017433037161254e+02 6.538132421393656841e+02 6.045659063551170220e+02 5.598510648458003516e+02 5.510648244843615657e+02 5.672430430214495800e+02 6.189340109453564764e+02 6.098565189447999728e+02 5.573003203401983683e+02 6.029167820396065736e+02 6.624992313427562749e+02 7.242956449128598706e+02 7.503934107940182230e+02
6.498473123398407552e+02 6.791155081757885910e+02 7.130981662270206698e+02 7.286542757317790802e+02 7.074018898242451314e+02 6.647459212068160923e+02 6.279508414837916916e+02 5.938623411868746871e+02 5.791953193994562525e+02 5.908630207196066522e+02 6.296506127711393219e+02 6.724398982194658174e+02 6.674241542332896415e+02 6.101522608520119775e+02 5.522826182367340380e+02 5.062962123384183428e+02 4.639424385310675802e+02 4.710279111293102119e+02 4.801207334354675709e+02 5.303021981121009958e+02 5.891903234232562454e+02 6.525706507263058711e+02 7.149913673622987744e+02 7.290168435047610274e+02 6.729250723487659798e+02 6.085249901975167859e+02 5.537346422919559927e+02 5.239043259364207188e+02 4.944046508384071785e+02 5.504496153659154061e+02 5.871669679429644475e+02 5.700208166679800570e+02 5.124870808032765126e+02 5.604771339439513440e+02 6.203819021900728785e+02 6.789921290273202885e+02 7.221029559787243670e+02
6.453919462314753446e+02 6.783361970198720883e+02 7.079047099662457185e+02 7.016977294042616222e+02 6.542377160237679163e+02 6.069121267132480853e+02 5.621188628932212623e+02 5.272320988882431720e+02 4.981020108433488645e+02 5.207177742128897080e+02 5.788805315505823046e+02 6.293534302733844470e+02 6.335387482441560678e+02 5.725574702135560301e+02 5.048007355027248195e+02 4.599514263797447597e+02 4.193698083612717369e+02 4.280608140870883744e+02 4.902914206652379221e+02 5.301204439883991881e+02 5.554068302092545082e+02 6.200967618304205189e+02 6.897032052631481065e+02 7.116365565171847720e+02 6.696908283209861565e+02 6.125657976721872728e+02 5.495249306267525071e+02 4.867942904840932670e+02 4.583568354579767856e+02 5.124922589431268989e+02 5.506169851745730739e+02 5.326293001610251849e+02 4.734977947213175185e+02 5.218268232201837691e+02 5.758307954729971243e+02 6.361650087353774552e+02 6.916152790572423328e+02
5.874128496145152667e+02 6.302762752019417576e+02 6.741945222455674411e+02 6.671625412765673673e+02 6.099872609718404419e+02 5.502041533992002087e+02 5.061300432556437272e+02 4.704026216447130082e+02 4.371411525529534856e+02 4.811359757498748877e+02 5.341921631921171638e+02 5.863836586768837833e+02 6.080691394310819078e+02 5.672985767955806296e+02 4.947672207545005563e+02 4.232584189918561606e+02 3.820978630993157026e+02 4.368580741105671450e+02 4.683177081348691217e+02 4.775863572645430963e+02 5.380850754413853565e+02 6.056311288459177149e+02 6.716970579298647408e+02 6.910355756174752742e+02 6.372064889941675574e+02 5.748422756191848748e+02 5.371311053401219624e+02 4.870294484279635867e+02 4.286613949136765882e+02 4.775788755775704999e+02 5.108338163024057508e+02 4.966024331109381933e+02 4.386160231772966540e+02 4.837829089597723851e+02 5.360998421261316480e+02 5.965823994211704075e+02 6.587002589423889276e+02
5.285106907302726995e+02 5.853104055473731933e+02 6.383343994920634259e+02 6.348656904648875070e+02 5.741836460216294427e+02 5.076154702579913760e+02 4.525582787766817887e+02 4.181087118557835538e+02 3.951002389273793938e+02 4.383440893720047598e+02 4.843769143559818531e+02 5.339543290204065897e+02 5.755074604381106838e+02 5.526337394765797626e+02 4.843173578845173211e+02 4.154019455309010027e+02 3.563651891570107750e+02 4.050134536793880784e+02 4.098374240530433781e+02 4.648604363224538929e+02 5.253455643762353020e+02 5.912614982253376184e+02 6.547720074148687672e+02 6.782119990214557674e+02 6.298167266774730706e+02 5.600143146302291370e+02 4.941564583922846623e+02 4.443790405177043681e+02 4.024755496473452467e+02 4.316947095343595606e+02 4.652700397785459927e+02 4.595023200732577493e+02 4.073484593711038428e+02 4.503151711351907807e+02 4.989447501236355151e+02 5.571456479972193847e+02 6.169773410196568193e+02
4.838484549817245011e+02 5.477202905114301075e+02 6.074925675578455184e+02 6.084041443511410989e+02 5.449151890430628100e+02 4.747720445598469610e+02 4.137106840642463226e+02 3.632244319808181672e+02 3.632244319741515142e+02 3.827509308910950381e+02 4.311322071447752933e+02 4.930058762055697912e+02 5.454359056880974777e+02 5.349828824772583857e+02 4.688809447493537164e+02 3.974936732971976880e+02 3.337180683633307581e+02 3.512735230509103985e+02 4.114471161875199527e+02 4.652920270688108531e+02 5.182661560115757311e+02 5.736812377426575722e+02 6.276592413375277602e+02 6.633415677392914631e+02 6.462139927754451492e+02 5.946987185410341681e+02 5.389986037393333618e+02 4.853304670255590736e+02 4.247784560901945383e+02 3.703078292512392409e+02 4.206022975898191589e+02 4.130794854696748075e+02 3.798031526021372315e+02 4.161972938807937794e+02 4.612628688511970836e+02 5.172178265188380237e+02 5.863726244265649257e+02
4.472685731879162745e+02 5.164694445670845653e+02 5.844375793004566049e+02 5.945796138924882825e+02 5.549115638640209909e+02 5.037043699295051056e+02 4.584203046139595017e+02 4.214672633380225193e+02 3.873996612627756235e+02 3.312974991496664643e+02 3.930695932692569272e+02 4.588109893790185083e+02 5.192209108339603745e+02 5.199775735305390754e+02 4.566335583169887400e+02 3.827403166951555136e+02 3.151086969320817275e+02 3.204241575908848176e+02 3.732719585608631405e+02 4.185289474973313304e+02 4.676580149945048106e+02 5.225940954219904597e+02 5.822880183702038721e+02 6.391308861461553761e+02 6.421333220786914353e+02 5.956666100897978140e+02 5.391928423057654527e+02 4.817281321425369356e+02 4.157072534693872967e+02 3.462847635240111686e+02 3.714917265325514109e+02 3.479448710673399887e+02 3.849097940413047922e+02 4.256893726291567077e+02 4.720174419044004708e+02 5.268122598337275804e+02 5.923289376672844355e+02
