output/field_example_test_lateral/elevation_000080.asc
nrows	150
cellsize	66.66666667
xllcorner	0
ncols	150
yllcorner	0
NODATA_value	-9999
[rows 68 to 84 of 150, columns 37 to 73 of 150]
5.323964966886384218e+02 6.129449231966423213e+02 6.436397229852632336e+02 6.134570041407229155e+02 5.709565289492160218e+02 5.277479549621855313e+02 4.841692174068467693e+02 4.361815042433669873e+02 3.986934111069699611e+02 3.571477931845805642e+02 3.150656567175886948e+02 2.665860197756184107e+02 2.091779759770883800e+02 2.451964000565971560e+02 2.467886986230529658e+02 2.214633701597990409e+02 2.738804505652155399e+02 3.076093081293410592e+02 3.020057016325857262e+02 2.626359730863725872e+02 2.128862820998584482e+02 1.594856440067654546e+02 9.985635327033358521e+01 1.401268994574600981e+02 1.387386035507873316e+02 1.084135287186702072e+02 7.923117124843345493e+01 1.063654832058120832e+02 1.275659729379915319e+02 1.710172559900824751e+02 2.145818206494589049e+02 2.530089593044450282e+02 2.919960735173648914e+02 3.375730134593491698e+02 3.952536350672462504e+02 4.519580499628631287e+02 4.646208014259960919e+02
5.652245757146062033e+02 6.159520869617189192e+02 6.191300806868449627e+02 5.875947533047074103e+02 5.699709191902411476e+02 5.444590707139128654e+02 5.122271686550403729e+02 4.795062702964735308e+02 4.490676705588992377e+02 4.116004024416146763e+02 3.592932655661771264e+02 3.037884315411536136e+02 2.418377537548131500e+02 1.807866724495234791e+02 1.972850054063308107e+02 1.387826139119908646e+02 2.144847022722081817e+02 2.719557291060652915e+02 2.846497295405920909e+02 2.565726566798842327e+02 2.097910638023300294e+02 1.536847727196230835e+02 1.272684011162057658e+02 8.373283388571059049e+01 1.079907446026110449e+02 7.728328182787086575e+01 8.343537173798048912e+01 1.117759822390702169e+02 1.789365277420604912e+02 2.302599182183003848e+02 2.777636960522362983e+02 3.191681654954082319e+02 3.584827389111187586e+02 3.996548932455175986e+02 4.453881213911293457e+02 4.945563581620286868e+02 5.053884601760630630e+02
5.709320627727558985e+02 6.043883759794550770e+02 5.778337930837930116e+02 5.272632002200782608e+02 5.135850852177247816e+02 4.945607732163514356e+02 4.748508162866634734e+02 4.605732190296795352e+02 4.604196754127524400e+02 4.417689958957041654e+02 4.014151354886767535e+02 3.407444496579236102e+02 2.794545014414338198e+02 2.164618641849082792e+02 1.546223026430547236e+02 1.387826139053242116e+02 1.813771366253246811e+02 2.288948412856459242e+02 2.446404437527470179e+02 2.150342655791184541e+02 1.840143715096413075e+02 1.542405902828447495e+02 1.254397646832509281e+02 8.270490855444396061e+01 7.728328182120419854e+01 1.224078442037179713e+02 1.682967983192646102e+02 2.102336085853265502e+02 2.491036066482035949e+02 2.923394349207857772e+02 3.445381446129385949e+02 3.871056110501351668e+02 4.260350122727123789e+02 4.639239619480782721e+02 5.000209405248064627e+02 5.289327546629049266e+02 5.360572044459319159e+02
5.518622432035755310e+02 5.815116233016714204e+02 5.308506772933417324e+02 4.655285109044569367e+02 4.492845332468135666e+02 4.402873608471874718e+02 3.968050297091010066e+02 3.860936893162798356e+02 4.190889156676390144e+02 4.369182372380457764e+02 4.231225909823689335e+02 3.790637678033402267e+02 3.160859160506403214e+02 2.608806172434817654e+02 2.044742829467880370e+02 1.602156012722234379e+02 1.211708250440635766e+02 1.859309584725117190e+02 1.976726081355041629e+02 1.668661687116856740e+02 1.379913869012352166e+02 1.242082639824299832e+02 8.945245901465854388e+01 7.486886200602300789e+01 1.014889098924684987e+02 1.073850532353063869e+02 2.181718420926139856e+02 2.650526971962349876e+02 3.041202512920860954e+02 3.413693890732114369e+02 3.780041786955682710e+02 4.158230951876687982e+02 4.518611867638463764e+02 4.868980869512852223e+02 5.144032030080096547e+02 5.216508856950620157e+02 5.194471421209066193e+02
5.380907569207887491e+02 5.660771708250084657e+02 5.188430143419855085e+02 4.518272998800489972e+02 3.873752895793599009e+02 3.849268928914298158e+02 3.303108929963589162e+02 3.097872872167770311e+02 3.550185222585377005e+02 4.006679239024724666e+02 4.156908399281849711e+02 3.945814589361787625e+02 3.439877019163148475e+02 2.712293821247169490e+02 1.884783939429317741e+02 1.044459456000457465e+02 1.044459455933790792e+02 1.466877583613898253e+02 1.484194311584759021e+02 1.196886752340057427e+02 1.107200849753098026e+02 7.382894155430423666e+01 7.486886199935634068e+01 8.306517534479111475e+01 1.345841970276291306e+02 1.873704158097649213e+02 2.357342316745454696e+02 2.653824143363357280e+02 2.940733345874075439e+02 3.229844694598959336e+02 3.393893062742031361e+02 3.719021660948732801e+02 4.104642220169054667e+02 4.464413615280634531e+02 4.696855380563914650e+02 4.619528513990358647e+02 4.545362369155436113e+02
5.107057978545030323e+02 5.476556011102649109e+02 5.201362279140782903e+02 4.525579671128155042e+02 3.840490900924476136e+02 3.226521572996133500e+02 3.053655629354886401e+02 2.413260744577024752e+02 3.060240772450833333e+02 3.428639672685978326e+02 3.706439142140861236e+02 3.716882907662266007e+02 3.365489521697140844e+02 2.832246195365985386e+02 2.140212050207603340e+02 1.714134825329885530e+02 1.415793624696955817e+02 8.620709511427693883e+01 9.530774282143978837e+01 9.814259326064174616e+01 7.219843414053967479e+01 7.785382165890042927e+01 9.973636783897883618e+01 1.316601055900069923e+02 9.854799133991528493e+01 1.584602816788710129e+02 1.975118431010768631e+02 2.087021902359750811e+02 2.278729388341571109e+02 2.597030163680578312e+02 2.716584703486905710e+02 3.175668817939680935e+02 3.574140713228437107e+02 3.993341922064329879e+02 4.032956735636071244e+02 3.936469838426879733e+02 3.852420387940475734e+02
4.722456153436571071e+02 5.220470725447771656e+02 5.146157598383146023e+02 4.497208445687099356e+02 3.806603839306445707e+02 3.197273994553072498e+02 2.694698066602763333e+02 2.413260744510358222e+02 2.679188563149338052e+02 2.786334122908911581e+02 3.033044280637848829e+02 3.220399713643961377e+02 2.902564580913502823e+02 2.473618938294692953e+02 2.088429157648689340e+02 1.736415748701683412e+02 1.379120634634881810e+02 7.966395991128942455e+01 7.199800303936821422e+01 7.057213689939666779e+01 9.825814227277270163e+01 1.139498852558151469e+02 1.702407979773655597e+02 1.794075730806338811e+02 1.195495926256413526e+02 1.167166368521945969e+02 1.315389831573693300e+02 1.455447414312834553e+02 1.604702950483526820e+02 1.790878806337483127e+02 2.316287479958975268e+02 2.710684665634590260e+02 3.055673147679538602e+02 3.357557346026574692e+02 3.369122347737172163e+02 3.315484684579441250e+02 3.249178945918275758e+02
4.330516549143217730e+02 4.956500810306813491e+02 5.144601473449561126e+02 4.792961883234760876e+02 4.201019193037506625e+02 3.648554287512982910e+02 3.069256090581217222e+02 2.276568084686475402e+02 1.975817750498857777e+02 2.153496927075104281e+02 2.381267236146757682e+02 2.696668860035338753e+02 2.503930408427203531e+02 2.006280578241474473e+02 1.643894540235070565e+02 1.345288709765493991e+02 1.187135173882269044e+02 7.145215374413770348e+01 6.869085050586966190e+01 9.389606279007921330e+01 1.056850407110142669e+02 1.764248068677125616e+02 2.284649195500246606e+02 2.216922550812269037e+02 1.515219800532024976e+02 1.817648958400594665e+02 2.018362841942751231e+02 1.919785012610976196e+02 1.901453590834024681e+02 2.260079597381415795e+02 2.043610231330315798e+02 2.213396411136970698e+02 2.402524848226591985e+02 2.588069108654059960e+02 2.788846464199189654e+02 2.836607794135737208e+02 3.403400045317403055e+02
3.986835956746783154e+02 4.641998673587797839e+02 4.872037815920336925e+02 4.872725127980045841e+02 4.539898660903674568e+02 4.025954539909884033e+02 3.311784054326956834e+02 2.811343679148679939e+02 2.201344034799745941e+02 1.600867353071239165e+02 1.870748070991148779e+02 2.155595588408299363e+02 2.011855421715226839e+02 1.567218432090940325e+02 1.242842986916677432e+02 1.054257841647523435e+02 9.164865720068577559e+01 6.695920260890559916e+01 9.370685376775546160e+01 1.079819552918695962e+02 1.650079160396045665e+02 2.294715625178251344e+02 2.814667317195288661e+02 2.703872805597666229e+02 2.204633359966978219e+02 1.951448116545275298e+02 2.545172461009783547e+02 2.587352304452243175e+02 2.616669731366741303e+02 2.420113213459251256e+02 2.722061359710510828e+02 2.857936770908470407e+02 3.105446068904064987e+02 2.686418895667827087e+02 2.683253421778035772e+02 3.379862727818102712e+02 3.292837574019757199e+02
3.981608873337117416e+02 4.227509444239467484e+02 4.252269872311782706e+02 4.497486467611040553e+02 4.496170945363298301e+02 4.154984941326835042e+02 3.703821009258320487e+02 3.210556282352146695e+02 2.645662617625996518e+02 1.995414753859472228e+02 1.229849270204568512e+02 1.545133851226350146e+02 1.471323134985635761e+02 1.013092790851409148e+02 8.630792252643510665e+01 7.542766951558586186e+01 6.502017247636611330e+01 1.045252301181807724e+02 1.335006353660506306e+02 1.618559081599988190e+02 2.118540584517525360e+02 2.766305485686908128e+02 3.289396174971738560e+02 3.242202340625694887e+02 2.843983012329374560e+02 2.305794914937403917e+02 2.915056346857273866e+02 3.272684279287868776e+02 3.340048912498514255e+02 2.979324063963071012e+02 2.996078755476813740e+02 3.481563096081249569e+02 3.834658206614799951e+02 3.839660802284575425e+02 3.347146661580098908e+02 3.818599211780864948e+02 3.806968441943683388e+02
3.655790791218840923e+02 3.546990206033258914e+02 3.498045815847286804e+02 3.924529130575101590e+02 4.053288116545661524e+02 3.779924433485748523e+02 3.570876509864952482e+02 3.230008451721078018e+02 2.733056088154031613e+02 2.081794321661896277e+02 1.418993993467592247e+02 8.967971799869111749e+01 9.489253976516472733e+01 8.550064880557496849e+01 6.278608713920944950e+01 6.251379242549901960e+01 1.042233349337810893e+02 1.508824336914526612e+02 1.931219853721680977e+02 2.261171909838007821e+02 2.666901255403171831e+02 3.227161398129480858e+02 3.731321884462992102e+02 3.669229043810398707e+02 3.023833262568508644e+02 2.862669931424987908e+02 2.957315384629793584e+02 3.605755523256471520e+02 3.866447868133958536e+02 3.574972507942723041e+02 3.463269958678009175e+02 3.988259722484282292e+02 4.425577312660170151e+02 4.394012512225024807e+02 3.946965109886433538e+02 3.989230879982334272e+02 4.382934391528912101e+02
3.180675428255096335e+02 2.822088400482313659e+02 2.807304993089012441e+02 3.322524601371989661e+02 3.459218615969513166e+02 3.160433903270545670e+02 2.977418415201830726e+02 2.816308581564246083e+02 2.384794117328225411e+02 1.939588248904258592e+02 1.389375457918386587e+02 7.583975332157038451e+01 7.481542408790798504e+01 6.029425852394211205e+01 6.164082715509531596e+01 8.487265430245118125e+01 1.515826936474722970e+02 2.037131721350350801e+02 2.516927100777761268e+02 2.933212996865930791e+02 3.274550346608336895e+02 3.724604570645592503e+02 4.178146608573570120e+02 4.097620908306865886e+02 3.552780726222643466e+02 3.460502552420226152e+02 3.535417256385385940e+02 3.718208849520433432e+02 4.301884057253555511e+02 4.178848956737656408e+02 4.015123697066540558e+02 4.507053655736131645e+02 4.944702909177771062e+02 4.831438879654349421e+02 4.602844380187624438e+02 4.484369281308160566e+02 4.909223696304966325e+02
2.657900401880899039e+02 2.161219878033863608e+02 2.207342126770294328e+02 2.742278015172665278e+02 2.785945230990583923e+02 2.741639522655387395e+02 2.314196503762670716e+02 2.183181820133371787e+02 1.994420876811215066e+02 1.495941440617768308e+02 1.048141181901704329e+02 8.090172082816467025e+01 5.789423294508004858e+01 7.878220765054142305e+01 9.090599284763570154e+01 9.774273493689274517e+01 1.611293410829103436e+02 2.206312926837240411e+02 2.700861902524074480e+02 3.182828852624585352e+02 3.701956269434894580e+02 4.212282205501398948e+02 4.615778483184053584e+02 4.585912661095130716e+02 4.164627526286233206e+02 4.122852830600596121e+02 4.177952732001515415e+02 4.280640189302992553e+02 4.776243999661748489e+02 4.828074672184251313e+02 4.674466664942827379e+02 5.094880008091382706e+02 5.503360737155695688e+02 5.473364875331229769e+02 5.307034237430553958e+02 5.104158011667271921e+02 5.525326149822273010e+02
2.040136189634301900e+02 1.552636872958252354e+02 1.687382075500038354e+02 2.194831242854176310e+02 2.106165297268697998e+02 2.145268058786769245e+02 2.068910722037045105e+02 1.567676311636728599e+02 1.499629312937777570e+02 1.169212481584647776e+02 9.017694982740881926e+01 5.443121998939011519e+01 7.767976323792815663e+01 8.991940474855411480e+01 1.380314760731637591e+02 1.324732038746602711e+02 1.462549405401383353e+02 1.845362944314509832e+02 2.288812823561459311e+02 2.825694382719439091e+02 3.548698419582273687e+02 4.272169951144043694e+02 4.905888554958954160e+02 5.029605286087335685e+02 4.894730892059051257e+02 4.857819486069524828e+02 4.893384756390241250e+02 4.964005177977946914e+02 5.283730462405443404e+02 5.516045768239420113e+02 5.412252954639862992e+02 5.771615889152162708e+02 6.035956970144012530e+02 6.099366785470203922e+02 6.025954925264204576e+02 5.843375529260447365e+02 6.149300219905136373e+02
1.512145671787789638e+02 1.017773227761079085e+02 1.458734230030254935e+02 1.584190277020824453e+02 1.433484755394040917e+02 1.539503565857017122e+02 1.659274242877324923e+02 1.429979788265587217e+02 9.451669270496998365e+01 6.145178779347237707e+01 5.079669496403345619e+01 8.193595434836014135e+01 8.699273311853599466e+01 1.482959250473220720e+02 1.902790206230138779e+02 1.756054082627734090e+02 2.059964041927879634e+02 2.389989060073843063e+02 2.794028406371765527e+02 3.273600064481265690e+02 3.750110674447583392e+02 4.442880795803532124e+02 5.149120013506453688e+02 5.507023097257517747e+02 5.544537154617560191e+02 5.548186346354156058e+02 5.563336840666460148e+02 5.642584852766333370e+02 5.857233405015406333e+02 6.044209112066565694e+02 6.059173670891369738e+02 6.176901682242238394e+02 6.250532410116288702e+02 6.298037079156308664e+02 6.430880365172803295e+02 6.496068340251468953e+02 6.712674701394390695e+02
8.074167995875848192e+01 6.598420174635185731e+01 9.853844875237278700e+01 1.012202389481953020e+02 7.125657397342314425e+01 1.035750024419576221e+02 1.090445831541890982e+02 1.060257028672443482e+02 7.855094427661481404e+01 4.663701098156528957e+01 6.804352693062925539e+01 7.565181013176083979e+01 1.418687721141605778e+02 1.943274533328172708e+02 2.415368661069535960e+02 2.315090395297530961e+02 2.646291627708548617e+02 3.036762190543265092e+02 3.429108641501397301e+02 3.862729728260144384e+02 4.353896277414349925e+02 4.873567427129836460e+02 5.296839200550713258e+02 5.521960922538218028e+02 5.698720775124975262e+02 5.757308457450518517e+02 5.671156645167245642e+02 5.700412854178837279e+02 5.901369208747153152e+02 6.040520757717882816e+02 6.052527820078800005e+02 5.920628852356401239e+02 5.744012749505851616e+02 5.742042128457291028e+02 6.134890202984172447e+02 6.471204511547801985e+02 6.738087784897883239e+02
4.826947474672552829e+01 3.860404942732812117e+01 4.157222830851333129e+01 4.157222831517999850e+01 6.326997641060117417e+01 4.285904746823302958e+01 4.485170609867365243e+01 4.485170610534031965e+01 4.663701097489862235e+01 7.603614742390806214e+01 7.396157219649003878e+01 1.427791742724023436e+02 1.939827932279084166e+02 2.442413364881002735e+02 2.926997748605477341e+02 2.988886498221197598e+02 3.299315652437051085e+02 3.639329383112540768e+02 4.071643562163208685e+02 4.432142002357584261e+02 4.780817810393307923e+02 5.051201770263383537e+02 5.059717470084813726e+02 4.958575897203829186e+02 5.280712595314655573e+02 5.352581462366874803e+02 5.074957167360448693e+02 5.061243663944166542e+02 5.409416432842898530e+02 5.490749827625570560e+02 5.553507110515829481e+02 5.229506860486767437e+02 5.036345727105996843e+02 5.051847050500833234e+02 5.529608750679166178e+02 6.004799041673618376e+02 6.325335190909592029e+02
