output/field_example_test_lateral/elevation_000048.asc
nrows	150
cellsize	66.66666667
xllcorner	0
ncols	150
yllcorner	0
NODATA_value	-9999
[rows 34 to 50 of 150, columns 111 to 147 of 150]
5.088750731930455231e+02 5.525378279430120756e+02 5.263521886311044682e+02 4.682213762775932082e+02 4.019648794818810416e+02 3.349314905782554206e+02 3.308957133165221194e+02 3.235106421388975946e+02 2.636586911634452122e+02 2.680787596964142949e+02 2.729758242160059467e+02 2.879228008229770808e+02 3.525944116734518161e+02 4.101020702160125211e+02 4.540373030992535632e+02 4.951145482351381020e+02 5.312626079419333109e+02 5.424364211908460902e+02 5.552444917370381745e+02 5.918133044240286154e+02 6.345357334516143055e+02 6.866373535607863232e+02 7.241692790743510386e+02 7.394923740569738584e+02 7.280587202447690061e+02 7.060177090017145929e+02 6.711260087912260133e+02 6.718115997291181429e+02 6.235292547500228011e+02 6.678283691103607680e+02 6.633337801648416416e+02 6.348248731994883656e+02 6.757067065716531715e+02 6.798189293326637426e+02 7.224303171804494923e+02 7.656459989426083439e+02 8.198468851344215409e+02
4.866930210372966599e+02 5.123018462180871211e+02 4.735580537343902279e+02 4.128979277782441386e+02 3.633352555477428041e+02 3.351177487989212977e+02 2.786925387728271630e+02 2.557399019862972978e+02 3.054872128592432432e+02 3.079694120769627830e+02 3.368962356705368961e+02 3.341937958056800539e+02 3.161014513036083713e+02 3.757952483648911652e+02 3.859946721476904372e+02 4.367110870288011029e+02 4.708891476981529536e+02 4.784107608577795077e+02 4.906828250448411382e+02 5.289249303872337578e+02 5.773162475950759926e+02 6.332723119600167365e+02 6.915797961939315428e+02 7.305640401223599838e+02 7.566811363006588635e+02 7.584844210471852648e+02 7.389320609007780831e+02 7.273845683758631822e+02 6.773262913864190295e+02 7.216801187029346920e+02 7.275000126850792412e+02 6.843215049768560903e+02 6.996146589349574469e+02 7.463379184701706208e+02 7.493381844642445913e+02 8.019448060670110863e+02 8.566748934054654683e+02
4.514523469143206853e+02 4.632320233906228850e+02 4.122972065231894589e+02 3.462693465077373958e+02 2.996432596728511726e+02 2.958681858166600591e+02 2.477669806302386917e+02 2.986136686808090985e+02 3.298253458857561782e+02 3.563408491172922368e+02 3.885276488506374903e+02 3.865625408833000165e+02 3.799772440114396659e+02 3.424062570444015137e+02 3.571903782781564587e+02 3.765733612276749227e+02 3.977006016381595828e+02 4.191922111070609844e+02 4.425767085814328539e+02 4.693932120853261267e+02 5.255162801213139119e+02 5.883104321575336826e+02 6.376397634116234485e+02 6.846347385248035380e+02 7.395201253266035337e+02 7.816510174564419913e+02 7.994723683840409194e+02 7.868240911907342934e+02 7.438136274325581780e+02 7.673517260489636556e+02 7.834296428550082965e+02 7.427658963432718338e+02 7.522476734096414930e+02 8.042381380354663634e+02 8.066559115292138813e+02 8.489479394741625811e+02 8.986211350993989981e+02
4.200971378760531252e+02 4.099487380916393136e+02 3.540134434721971957e+02 2.788595936581725141e+02 2.825886311799222312e+02 2.409896172475464766e+02 2.606960273940055686e+02 2.699798704111415191e+02 3.303367814893180139e+02 3.934225470082047309e+02 4.305552182346060590e+02 4.400953778269563372e+02 4.287394916576568562e+02 4.183047091465455196e+02 3.872936257325595193e+02 4.306806936101985457e+02 4.535138281664860642e+02 4.844690065677525581e+02 5.180895485347728027e+02 5.330980299209149962e+02 5.055890831012343369e+02 5.394448867186041525e+02 5.813680217267925627e+02 6.333225736700933339e+02 6.965541387382344283e+02 7.701693618465302507e+02 8.349528124971860734e+02 8.455164516051943338e+02 8.186493565667942676e+02 8.354437558118810330e+02 8.457984471512194204e+02 8.111184392692060783e+02 8.158585295080447395e+02 8.660368833791081897e+02 8.779918034292105631e+02 9.140936845220820715e+02 9.545239256346732191e+02
3.805295056022903850e+02 3.497017873177323395e+02 2.979923141610034349e+02 2.605169897762233404e+02 2.342201748560485726e+02 2.665740455063602212e+02 2.875134737779994794e+02 3.499855081221317619e+02 3.590314916342227889e+02 4.027386241176350836e+02 4.524009070093248397e+02 4.924979689255061999e+02 4.927610726846999114e+02 4.840448184681436032e+02 4.663071635045197354e+02 4.372166993872702960e+02 4.962263569023867262e+02 5.367138794133377360e+02 5.770683578790470847e+02 5.865613403768860508e+02 5.424230151292235860e+02 5.803016273371971465e+02 6.215966384453042792e+02 6.746915349370991635e+02 7.392459504964651842e+02 8.057719198569137689e+02 8.716377646197403237e+02 9.001392213775362734e+02 8.941907706337701711e+02 9.022266523214143490e+02 9.063395433674693322e+02 8.867894410256116089e+02 8.885955562749298906e+02 9.286384048942917389e+02 9.523313010041300686e+02 9.785335920132182537e+02 1.009681728516981252e+03
3.197448408917701954e+02 2.843575679754065959e+02 2.270649695072096677e+02 2.270649695138763207e+02 2.811028983125586933e+02 2.811433102763083411e+02 3.364017538468208954e+02 3.964881667257589584e+02 4.137287109474694944e+02 4.464573820432089519e+02 4.855267734631111693e+02 5.312563868587903926e+02 5.593487143554136765e+02 5.569633563448148834e+02 5.276242388664561531e+02 4.873938537770081325e+02 4.991837133511276647e+02 5.672743615244696684e+02 6.178321053530103200e+02 6.301682967850033492e+02 5.871817448065924054e+02 6.242057171835616600e+02 6.698040509676166039e+02 7.202359547777272155e+02 7.839963410349967035e+02 8.529612816658893735e+02 9.027393864584895482e+02 9.260259053720728843e+02 9.188787439037876084e+02 9.211544688304987858e+02 9.365512876689037967e+02 9.440844696869532982e+02 9.536558058416502490e+02 9.703134300474215479e+02 9.799990921341529884e+02 9.902325965105828800e+02 1.011740352491798490e+03
2.142245863904051362e+02 2.193450634506841368e+02 2.770225484629277730e+02 2.913351818017615074e+02 3.086253797535150056e+02 3.393349456591715239e+02 3.790238216140439249e+02 4.326440754044354549e+02 4.706755618939372425e+02 5.020444806704234679e+02 5.368569601030787908e+02 5.762872746485974176e+02 6.158073012293804140e+02 6.199197633558069356e+02 5.872525754562092288e+02 5.492089429711529647e+02 5.594315409247310527e+02 5.712656746481129630e+02 6.363374012378105817e+02 6.720940193950178809e+02 6.416827283538619895e+02 6.794816851575774308e+02 7.215589339796118793e+02 7.750835154031911998e+02 8.299476849142899937e+02 8.868934551189075819e+02 9.138006607411538198e+02 8.990254894241545571e+02 8.666650012482206193e+02 8.647252196946283220e+02 9.017599250397338437e+02 9.318301868208279757e+02 9.548151969254329288e+02 9.525639875733971849e+02 9.311371759000696784e+02 9.311044894315243710e+02 9.511659637133329852e+02
2.297703822235277187e+02 2.683365754541349020e+02 3.080569093178300477e+02 3.412050276508417710e+02 3.630688218258908933e+02 3.944265080465813753e+02 4.316703757297137827e+02 4.737423293608690642e+02 5.213313873235838400e+02 5.567541135863807540e+02 5.904160396789795868e+02 6.261335387061817528e+02 6.597494422584846916e+02 6.726498510722233277e+02 6.545285809178191130e+02 6.212914120387240473e+02 6.272167258808624410e+02 6.273660648516208767e+02 6.756453503994442826e+02 7.206019648632054668e+02 7.055983988418291801e+02 7.456982409394612432e+02 7.847952780127261576e+02 8.283433841890217764e+02 8.789024637843284609e+02 9.064002921205513985e+02 8.922451323979615836e+02 8.472304472956027439e+02 8.042068856880921430e+02 7.984023088169130915e+02 8.386857592685051941e+02 8.785640303792275745e+02 9.143819258905972447e+02 9.029475832528190722e+02 8.617577711816617239e+02 8.589925631625532105e+02 8.954408168868510529e+02
2.158915671870386745e+02 2.665720463690462338e+02 3.083868271094687543e+02 3.493187276524765252e+02 3.907066234966366665e+02 4.333225713318421413e+02 4.725659750004567172e+02 5.109385087833982197e+02 5.465930478891583562e+02 5.749910688581701379e+02 6.045678608570965480e+02 6.390115612575353907e+02 6.751342221805363124e+02 7.033587240455804022e+02 7.028059539572107042e+02 6.941527154608870660e+02 6.985359839410740506e+02 6.950957047944392571e+02 7.296208818986222013e+02 7.716641092581944577e+02 7.751127371630788048e+02 8.145784153688515516e+02 8.468479880686647903e+02 8.794735464288164621e+02 9.062190294626271907e+02 8.988896254154421968e+02 8.583446368027367726e+02 8.011370842395846239e+02 7.494189671389860905e+02 7.403111311068961413e+02 7.816662857469153778e+02 8.308933779498333934e+02 8.650172265344417610e+02 8.488887950193633287e+02 7.988410828436331030e+02 8.044113191237131559e+02 8.514181329761363486e+02
2.736697649130313152e+02 2.247300845737242412e+02 2.753900238173300181e+02 3.166659272084577310e+02 3.757939925695648071e+02 4.243745245991318598e+02 4.679442313577677055e+02 5.055125277537588318e+02 5.275984828191949418e+02 5.295465629803586580e+02 5.603252652371199929e+02 5.982348972654011732e+02 6.421803038047878545e+02 6.872206626399237166e+02 7.015603673321828637e+02 7.181484393450150492e+02 7.400412320850836068e+02 7.560354158988550353e+02 7.855168878606101543e+02 8.182263578077836428e+02 8.367699872983114346e+02 8.529979074731990067e+02 8.627281278472548820e+02 8.847469602157032114e+02 9.009679548084169483e+02 8.763195366178788390e+02 8.127035511996317609e+02 7.590390437943590314e+02 7.044846886046780128e+02 6.928567122499833886e+02 7.392345705105435627e+02 7.939041884955715886e+02 8.083243465000857668e+02 7.983877996973914151e+02 7.430989252504433580e+02 7.718966852951169813e+02 8.078259086403052152e+02
3.147879858353414306e+02 2.247300845803908942e+02 2.312174726074474904e+02 2.935441498516478305e+02 3.367787061301094695e+02 3.840950481330204411e+02 4.285388362110135745e+02 4.705541869458925248e+02 4.777146512736431987e+02 4.725806629790265561e+02 5.077071019128388798e+02 5.523978822672040678e+02 6.059323605503016097e+02 6.486765776019344685e+02 6.432370602353603317e+02 6.731615114785549849e+02 7.151806959912674984e+02 7.517233994483250399e+02 7.910804066174794116e+02 8.286365844472024946e+02 8.433448379390293894e+02 8.289605867643601869e+02 8.035009012357244274e+02 8.311070368790651628e+02 8.632494292620117449e+02 8.500352347004144349e+02 7.896667172050132422e+02 7.211661382045571145e+02 6.662887520448343821e+02 6.528586111642538299e+02 7.062641528215968947e+02 7.498452335006818430e+02 7.528186728759002335e+02 7.516841057557136310e+02 7.048307600846346759e+02 7.337654054546450197e+02 7.918312000411596046e+02
3.641696159586174417e+02 3.179524957521448414e+02 2.845695994778131990e+02 2.420910682848720512e+02 2.957365229260810224e+02 3.402380250799785699e+02 3.899063800111303522e+02 4.286370513542988192e+02 4.248380945414966732e+02 4.236500539393358622e+02 4.676363212355276460e+02 5.199925987871190500e+02 5.738190134143395653e+02 5.991044334670942817e+02 5.777926142053602234e+02 6.163847934687012184e+02 6.574059393509784286e+02 7.012307650091510141e+02 7.501306471495001915e+02 8.005389552384461922e+02 8.081211903938524301e+02 7.704417316340923207e+02 7.299999588455619914e+02 7.731884142013102519e+02 8.184747933653234213e+02 8.213031438415051753e+02 7.821603763786472427e+02 7.312284189755422403e+02 6.769844627616516846e+02 6.167986505202708258e+02 6.758866573899540526e+02 6.926802811020944546e+02 6.995635691497087691e+02 6.953877046422703643e+02 6.740719914388860161e+02 7.249500623823240630e+02 7.824334270464230485e+02
4.138973034122550416e+02 3.783999973937167738e+02 3.319689481313846500e+02 3.007441538418030973e+02 2.529293414637889441e+02 3.055376023392488491e+02 3.514849400709882730e+02 3.809238305852210260e+02 3.725345606144651924e+02 4.294010813037058369e+02 4.837051949474553112e+02 5.293996827607082878e+02 5.499121971589971736e+02 5.426498986038802741e+02 5.211300323577132758e+02 5.591537341153914440e+02 6.016393664843352553e+02 6.513236822493648788e+02 7.112948660605904934e+02 7.647966245825899705e+02 7.655684113814415923e+02 7.182260493646506347e+02 6.675973397373230682e+02 7.202777886307359267e+02 7.720570562051790375e+02 7.792090088529812419e+02 7.387311545830581281e+02 6.945603932713082713e+02 6.460939240520583553e+02 5.873990964905406145e+02 6.397225783646367745e+02 6.321334785274293608e+02 6.587672853664623744e+02 6.373756854547845023e+02 6.694578967768488837e+02 7.209945281543458577e+02 7.778226921813658237e+02
4.682001796898343287e+02 4.336705709887338571e+02 3.760573794052929770e+02 3.174216020923569204e+02 3.049578816801646894e+02 2.641171971068048947e+02 3.191356728798012909e+02 3.222678866647515861e+02 3.800552426666330348e+02 4.318258877427253992e+02 4.683520029861209650e+02 5.014521362943866620e+02 4.984058183051569699e+02 4.857563102855808665e+02 4.753770882818877226e+02 5.134532915157089974e+02 5.598766920365887927e+02 6.159589334868063588e+02 6.772303528583215666e+02 7.290419591669567581e+02 7.226333163995466293e+02 6.715822445585953346e+02 6.159416237472472631e+02 6.733288954172280683e+02 7.269211406225560950e+02 7.330525837086422598e+02 6.925200256085756791e+02 6.476378403071782941e+02 6.085065769834042158e+02 5.601386759710580918e+02 6.036943577541302375e+02 5.834745201496084519e+02 6.042885913669000502e+02 6.430249846731113621e+02 6.874982675651716590e+02 7.251186263961869827e+02 7.760339270629286830e+02
5.246807189192086298e+02 4.833557007923949982e+02 4.179637327779254292e+02 3.671250500600098121e+02 3.249464385391121368e+02 3.200485499300634160e+02 2.756463297838428161e+02 3.279005164597220983e+02 3.664353505631784742e+02 3.976998288221733446e+02 4.322862706429770014e+02 4.608830604782446585e+02 4.438323335968447623e+02 4.329575765979449784e+02 4.914892814916900079e+02 5.523378144187464613e+02 5.997597078237608912e+02 6.384677896502037129e+02 6.663389757020302113e+02 6.825298975712440779e+02 6.757491010812314016e+02 6.277284417109535752e+02 5.712558803660588183e+02 6.311225113944177565e+02 6.828567748779079238e+02 6.831808123393468577e+02 6.446444697448728220e+02 6.000544228939460254e+02 5.649673537179058940e+02 5.357039342590429669e+02 5.561418750288340789e+02 6.087961035807691133e+02 6.480240709526959790e+02 6.801662568516969714e+02 7.187167661613609653e+02 7.609053555348144755e+02 8.095978019292906538e+02
5.841952410218159457e+02 5.338756879873533308e+02 4.694637330336386185e+02 4.166114363605429389e+02 3.759935289373695468e+02 3.718972236501171551e+02 3.333145763205280332e+02 2.860655874783321906e+02 3.294447002361760610e+02 3.557435442775837942e+02 3.966464541585108918e+02 4.200823981939192322e+02 3.919621894559089696e+02 4.379434945629161575e+02 4.956584959339278385e+02 5.556608188774497421e+02 5.965609136975816682e+02 6.100700609938056687e+02 6.069364449261191794e+02 6.123156074250573511e+02 6.170188580714949467e+02 5.825441824798051584e+02 5.314754410387495227e+02 5.931929398598230136e+02 6.368354242082045857e+02 6.204283558004614179e+02 5.974517685970163257e+02 5.501495450434808845e+02 5.145350257948222179e+02 5.742634174654864410e+02 6.156894320327833157e+02 6.561888519944998279e+02 6.895803172612544358e+02 7.273540820695523053e+02 7.642738220185669888e+02 8.043361881821170982e+02 8.488269382096073059e+02
6.379035660355878008e+02 5.894983649567975590e+02 5.328240876174880896e+02 4.787196720467084106e+02 4.450168565857033514e+02 4.217515519381819900e+02 3.738686979644763255e+02 3.136204585585728637e+02 2.955448325334166952e+02 3.028349010971963367e+02 3.549593556635388154e+02 3.860096209302080865e+02 3.652552683239038060e+02 4.285851640394248534e+02 4.799098029820073066e+02 5.193935152953450824e+02 5.498834301021527153e+02 5.451873072840778605e+02 5.366953954659898045e+02 5.407623678503218798e+02 5.469247902209995118e+02 5.273227722417085488e+02 4.956759023239299609e+02 5.648893577458411528e+02 5.888238779272562624e+02 5.544645831854587641e+02 5.383177309358237608e+02 4.904189765948431159e+02 5.265606207881986620e+02 5.696745880145330148e+02 6.174650129516155630e+02 6.711513527733753790e+02 7.305234166772658000e+02 7.776419032846756636e+02 8.181833399661459225e+02 8.576468266333196198e+02 8.987608889347745844e+02
