output/field_example_test_lateral/elevation_000023.asc
nrows	150
cellsize	66.66666667
xllcorner	0
ncols	150
yllcorner	0
NODATA_value	-9999
[rows 68 to 84 of 150, columns 0 to 36 of 150]
-9.284786081597235646e-03 5.664590704328156789e+01 6.568364564374473957e+01 9.630452604345821044e+01 1.311429726490777341e+02 1.707969084312162522e+02 2.162322621504702909e+02 2.802672685561679486e+02 3.477778532047539670e+02 4.059898395498703394e+02 4.285538064554044695e+02 4.151225114292059288e+02 4.156790737284711099e+02 4.223436392392773087e+02 4.430792125990249701e+02 4.479709603483162255e+02 4.653027704875571544e+02 4.624179300716565422e+02 4.195203403505276469e+02 4.235746899261225167e+02 4.678706808383252564e+02 5.246911630398712987e+02 5.693971539268005699e+02 5.584840174558294166e+02 5.656033549676757275e+02 6.064213841915501462e+02 6.070227924664559396e+02 5.658755854466464825e+02 6.124253731538184411e+02 6.657153709135905046e+02 6.722345097704712771e+02 6.203699703726986172e+02 5.682145384290736274e+02 5.217480275980826718e+02 4.796723569033277386e+02 4.421064254561911753e+02 4.082405758246408141e+02
-8.841558885565268047e-03 2.685355006750614848e+01 9.393409755672021788e+01 1.473553838619202168e+02 1.868861963334455822e+02 2.258797596923675144e+02 2.737077799185481695e+02 3.175920943375974161e+02 3.596719926824788445e+02 3.805780738940183028e+02 3.703439794007327350e+02 3.397259395031841791e+02 3.415249553618133973e+02 3.457868349623574318e+02 3.833488986443512658e+02 3.684660593411102809e+02 4.012938936896755990e+02 3.963232391253951619e+02 3.564012316595423044e+02 3.663058396493503324e+02 4.248827839607117767e+02 4.870497149696020642e+02 5.181010474364793481e+02 4.952259157480154386e+02 5.091205638389901083e+02 5.636374064022276116e+02 5.678499850007381156e+02 5.165741597333003483e+02 5.798290705178635562e+02 6.429541836821733796e+02 6.475366561392472704e+02 5.823415524900348146e+02 5.111071929824392441e+02 4.647610563687916283e+02 4.193511079957756351e+02 3.787557839104046593e+02 3.425058207613114405e+02
-1.187182211340317983e-02 6.671052223822172778e+01 1.289203754065319458e+02 1.864903013332779551e+02 2.311592639450206832e+02 2.669914309602075377e+02 2.982386494926066689e+02 3.184449842150290806e+02 3.305665834147580426e+02 3.276779563839302796e+02 2.942267807189554105e+02 2.746559816345766762e+02 2.788281479295623626e+02 2.865654417650441701e+02 3.261522098064920669e+02 3.019583800831093185e+02 3.253918209616421109e+02 3.201631727876265927e+02 3.027977436427607358e+02 3.682334247741293893e+02 4.217271999610888429e+02 4.628059662822682867e+02 4.665763690918468001e+02 4.342750779883036785e+02 4.788871706138641002e+02 5.237194903242403825e+02 5.304625521278870792e+02 5.165741597266336385e+02 5.760825800232190659e+02 6.341861781732694681e+02 6.319047778171365053e+02 5.697378418370590225e+02 4.963458022149479234e+02 4.235759561022633193e+02 3.712908718629537361e+02 3.271778711577767353e+02 2.878510024529567772e+02
-1.212530564061327712e-02 6.220342342571385785e+01 1.285339297563599814e+02 1.894225524543798826e+02 2.265408835215384045e+02 2.510398711315649223e+02 2.631831388643309992e+02 2.623976667803241867e+02 2.648256202983695857e+02 2.604448120044438042e+02 2.271058111184951542e+02 2.199491559447615430e+02 2.257829232736275742e+02 2.389169051903552372e+02 2.748159930029134443e+02 2.441811078783004803e+02 2.598022661755735498e+02 2.505382462881728998e+02 2.900274354752432373e+02 3.393709982074439040e+02 3.891726677089754958e+02 4.187403423348502542e+02 4.039255732674919841e+02 3.900370550257964055e+02 4.390164980796776035e+02 4.746382287558626558e+02 4.707540195769259412e+02 5.314004124000272213e+02 5.952552095958578775e+02 6.359957535388040242e+02 6.212306982704124039e+02 5.747329464486618917e+02 5.190516556958930323e+02 4.686114208989711756e+02 4.268322483810334234e+02 3.892812342448817731e+02 3.452978572470907466e+02
-1.235763134756366621e-02 6.558552353584713046e+01 1.260583705732416604e+02 1.613962059741201642e+02 1.717934183705015130e+02 1.890243727820170534e+02 1.874642772722470738e+02 1.926465369329648070e+02 1.975722423625871613e+02 1.849536567949882340e+02 1.714676614185202936e+02 1.740348738728518470e+02 1.783473611413774051e+02 2.151886146221631861e+02 2.288924141886828068e+02 1.932501323697657369e+02 2.074758299677031914e+02 2.242450289406440902e+02 2.843223775326014220e+02 3.234812359173951677e+02 3.507857074888133866e+02 3.658946912693533022e+02 3.375286042095031576e+02 3.599096625633637245e+02 3.875601881912857039e+02 4.200581869162117528e+02 4.756302798732089059e+02 5.381387252069494025e+02 5.995594718152420910e+02 6.164356681250153542e+02 5.857066132875482936e+02 5.306449359823660643e+02 4.842847148884738999e+02 4.548899729940932843e+02 4.316846130974848847e+02 4.144652256041475766e+02 3.831703257650415253e+02
-1.261290963286170949e-02 6.405173659634138517e+01 9.231932427088322868e+01 1.021283301627254616e+02 1.066089301036584374e+02 1.281954276526398644e+02 9.296193381869518646e+01 1.377976408330464437e+02 1.509627630819744013e+02 1.134970147018664051e+02 1.247301279922513686e+02 1.351169012625386188e+02 1.448384550754715860e+02 1.569488627610048468e+02 1.720178121958169584e+02 2.230112574749106216e+02 2.642528666744422594e+02 2.799853186295201795e+02 2.498097435808122100e+02 2.661880724844036195e+02 2.841238964436503807e+02 3.049971888552596511e+02 3.495228186341886385e+02 3.992819616780800516e+02 4.374881949877913030e+02 4.776478127797187199e+02 5.204343403598946907e+02 5.719414047012290894e+02 6.025465720405659340e+02 5.844454779500902077e+02 5.315657904280043340e+02 4.782561650467759478e+02 4.246950792663826064e+02 3.845542691237945974e+02 3.694987438167206619e+02 3.752849665205862379e+02 3.584398434643373434e+02
-1.259887497779694533e-02 4.561747435664568684e+01 2.706344333562752524e+01 3.816049915406559023e+01 4.874078595734935959e+01 5.952337289428468381e+01 6.881800804243974312e+01 8.069510064172892783e+01 9.407276915509977755e+01 1.523684047174329805e+02 1.820448323385293463e+02 1.781943919419729809e+02 1.735656514394387102e+02 1.925316524643265552e+02 2.190750538211813421e+02 2.556442822067904501e+02 3.005991200936874748e+02 3.290118641357445881e+02 3.068341123133207020e+02 3.130266980736558367e+02 3.153685356701614069e+02 3.488877513295335575e+02 3.886539733127134468e+02 4.350702198243262160e+02 4.851357675536793863e+02 5.272984661573302674e+02 5.685395252262335362e+02 5.911991204172466041e+02 5.808807408474444856e+02 5.423711557501708285e+02 4.816809384557857925e+02 4.226013339973002871e+02 3.738360019634557148e+02 3.257772399021936280e+02 2.922896326574073669e+02 3.063358589120560396e+02 3.070952232008621650e+02
-1.182446389282054700e-02 1.100722161340533312e+01 6.872398391357899072e+01 1.042307087370088823e+02 1.065230915928972308e+02 1.085482767867162863e+02 1.190048018914930168e+02 1.478892062845840485e+02 1.490563109386098120e+02 1.639111764172374421e+02 2.184642625384982750e+02 2.243881003034836965e+02 2.510574258517601436e+02 2.600171536725262627e+02 2.574847823693167470e+02 2.949531195291971244e+02 3.406418114320031236e+02 3.783604294953981935e+02 3.665508277584941084e+02 3.672375710502555535e+02 3.684212038038853620e+02 3.800198860101102696e+02 4.304807561657323731e+02 4.808595796447444854e+02 5.282791980153531313e+02 5.728491732070103808e+02 5.926421882983671594e+02 5.773920489826347193e+02 5.403366727048186249e+02 4.850322869948367384e+02 4.312949220425297767e+02 3.745723950698423437e+02 3.253522986418175833e+02 2.848810338186620470e+02 2.347072073481417931e+02 2.373497556094288541e+02 2.411606071700083760e+02
-1.233531440926656508e-02 6.006442765557134322e+01 1.056391591244682218e+02 1.552147104894040979e+02 1.671921350975410974e+02 1.660672728390542545e+02 1.860494016882137487e+02 2.001901863864514723e+02 2.089986221781518054e+02 2.238352236608467933e+02 2.462042616599725875e+02 2.890323426288248356e+02 2.990713822446585937e+02 3.286185061656547646e+02 3.223617148032892601e+02 3.351562735587285147e+02 3.818184926259675080e+02 4.259531370550372458e+02 4.292057314380026583e+02 4.283534677846412819e+02 4.271475223388644622e+02 4.329349348167990570e+02 4.785940454397717190e+02 5.262666165833517198e+02 5.735770842054215564e+02 5.961848324637519454e+02 5.793394781232724426e+02 5.389492325955752676e+02 4.830640094771680424e+02 4.319377686935328597e+02 3.786333886851948023e+02 3.301065140639332185e+02 2.817947834887102658e+02 2.432643435913057033e+02 2.239411022708801511e+02 1.733097476497859475e+02 1.769077739963012448e+02
-1.231360642530858474e-02 6.454830497482876694e+01 1.309774811541197153e+02 1.881507127070741774e+02 2.232093921817888713e+02 2.289745407681227789e+02 2.576032487052934812e+02 2.657144388255409808e+02 2.755222966238599724e+02 2.892741318169485680e+02 3.065801642116385892e+02 3.433354327246671573e+02 3.564097247495593592e+02 3.866814902297082881e+02 3.879796588649858222e+02 3.981324623755681955e+02 4.317739600040200116e+02 4.695540749995025180e+02 4.897014005194984065e+02 4.912607273872216638e+02 4.895410094711932061e+02 4.957783012925073649e+02 5.304357928159170115e+02 5.752460689171905415e+02 6.017639535468472332e+02 5.886161731361339662e+02 5.445047332287467725e+02 4.836875433523323977e+02 4.300683419330944162e+02 3.781337777993228997e+02 3.341241959635227659e+02 2.882882320431986045e+02 2.432476815612085659e+02 1.992635411190226193e+02 1.671224455452260997e+02 1.568424945133786252e+02 1.177547694915366918e+02
-1.175404137831404308e-02 5.436855394091144689e+01 1.162490375828787563e+02 1.828939382692064441e+02 2.462125844645116786e+02 2.853871246291590182e+02 3.104271142823126866e+02 3.248848869880446273e+02 3.352603085358556996e+02 3.471408426358984229e+02 3.620815400171730403e+02 3.816851240304588373e+02 3.996880871598673934e+02 4.197500699336256957e+02 4.356688046147667706e+02 4.538263959803790613e+02 4.804398360043569483e+02 5.063242032001692792e+02 5.221870571282280480e+02 5.262948824568096597e+02 5.362561516761599023e+02 5.505729116382572101e+02 5.769503884421499151e+02 6.048632092201277146e+02 6.071645333824062618e+02 5.635550811368757422e+02 4.953301396319814103e+02 4.339842096808116594e+02 3.770967727793397444e+02 3.318270029377312085e+02 2.901808186415777300e+02 2.538433475773659325e+02 2.118309336119585566e+02 1.637797282239673109e+02 1.196404723438953113e+02 9.424325217757393602e+01 1.078896864219628924e+02
-1.238002420839382986e-02 4.971652859253985213e+01 1.076104463415738195e+02 1.731297703578334790e+02 2.405195638706124157e+02 2.936684395964842906e+02 3.133075042560589623e+02 3.315328457830779030e+02 3.384462590978065464e+02 3.452529931430153169e+02 3.529966698408419461e+02 3.571943945267450999e+02 3.603018856545547237e+02 3.772996254152101301e+02 4.045430445535244530e+02 4.363745562085678671e+02 4.698213991800209328e+02 4.877739690005714124e+02 4.778811072676782032e+02 4.760876258527526943e+02 5.037275308978577186e+02 5.319784498266465107e+02 5.650080863344143154e+02 5.952817683876152159e+02 5.922009716569948523e+02 5.294417022508278023e+02 4.539011725631887657e+02 3.868658612879083307e+02 3.323455241987104500e+02 2.877203859895524261e+02 2.497579420167216711e+02 2.162638497546267331e+02 1.860342909055938776e+02 1.594389651749401935e+02 1.748499224305131179e+02 1.316762848247659576e+02 6.325709886371934232e+01
-9.029305900752564173e-03 5.354065921563844199e+01 1.149744037107715116e+02 1.822495658704731056e+02 2.441286874898443671e+02 2.703151487109549862e+02 2.581400658698374286e+02 2.852776654082671257e+02 2.824268105344166884e+02 2.863961453214068342e+02 2.928913800861922709e+02 2.899339486455218093e+02 2.808025007374520783e+02 2.977160299157739018e+02 3.348930727142753767e+02 3.766459662142941056e+02 4.239061546406004481e+02 4.331502201416240041e+02 3.997245851462531050e+02 3.927124063416424633e+02 4.285445842214890604e+02 4.660989788591361958e+02 5.100652811047588671e+02 5.583634947354177029e+02 5.788010114411061977e+02 5.534121475641246661e+02 5.026860989955386003e+02 4.404229434322469388e+02 3.911294873742827463e+02 3.495124368662566781e+02 3.133684336225922493e+02 2.811909962665675948e+02 2.518184715378304759e+02 2.251278278674322451e+02 2.083450411340838571e+02 1.401540474082033825e+02 5.901699314435273891e+01
-9.113343604378211851e-03 6.012199923216682862e+01 1.265082685061057219e+02 1.911073194210382837e+02 2.305408645219342816e+02 2.270086733911434465e+02 1.923975332171964112e+02 2.266457955549978180e+02 2.163941155195306862e+02 2.200861181489278522e+02 2.298404958668950542e+02 2.239911009834773097e+02 2.005257722061952563e+02 2.309379571783309473e+02 2.705366158183759353e+02 3.228663454469356111e+02 3.731551825869223080e+02 3.747224286423058857e+02 3.279433240498231612e+02 3.172004461233161692e+02 3.566866369991108741e+02 4.016361599693559583e+02 4.584780227320929384e+02 5.008067233756092946e+02 5.392060605491474234e+02 5.558344267058081414e+02 5.367457654224817816e+02 4.969155164115371690e+02 4.526053086918258828e+02 4.105119882024571325e+02 3.722342651911216649e+02 3.372908058126075730e+02 3.042905983946657784e+02 2.688821170827594074e+02 2.131074213248073193e+02 1.416296165925410264e+02 8.473503027285367750e+01
-5.870896034375905348e-03 6.676741892049237492e+01 1.311999445034097675e+02 1.724003434425346768e+02 1.810539252100656711e+02 1.748615403509472515e+02 1.329358060351543429e+02 1.702179596479675183e+02 1.545032285409822634e+02 1.593930872850689582e+02 1.756790304704503001e+02 1.833442012094115796e+02 1.403403759516368154e+02 1.758981349308311053e+02 2.219766225262245314e+02 2.761501163509990988e+02 3.246062397258510259e+02 3.207242297240211997e+02 2.674003740162539771e+02 2.577617010352055900e+02 2.995968044564101547e+02 3.548869647968652430e+02 4.203958297475163022e+02 4.333354697974708643e+02 4.772482750764126536e+02 5.223793530786560950e+02 5.423220447843223155e+02 5.212523891337050372e+02 4.740133052591087903e+02 4.242432354585399139e+02 3.777858730172686137e+02 3.351453689683868333e+02 2.950832335958352246e+02 2.540327370061763190e+02 2.015174710667505167e+02 1.276166619908732685e+02 4.795334476579629523e+01
-5.747164454343884482e-03 6.724270418631571999e+01 1.046622992042445475e+02 1.130645648102221088e+02 1.161740948755871727e+02 1.196068240280110615e+02 8.319317883471627795e+01 1.187748233811011858e+02 9.864860130876354560e+01 1.052946692977252638e+02 1.330939323172569857e+02 1.396415400726444318e+02 9.535384440152004970e+01 1.346468443344851380e+02 1.816070396903737674e+02 2.326326208703566465e+02 2.777127180253782512e+02 2.710765101189358575e+02 2.147725073893494709e+02 2.113282018614146978e+02 2.549778028468311959e+02 3.229475753953803974e+02 3.815152112854007100e+02 3.689142403726148700e+02 4.182274747044249921e+02 4.680355426022702545e+02 5.132103831003511232e+02 5.027008483358656008e+02 4.417540883845800295e+02 3.821901904150892051e+02 3.285003624246901381e+02 2.804036564842439816e+02 2.367526615263112149e+02 1.959048107762629343e+02 1.550371989295241804e+02 1.135136457822732723e+02 7.516958684105584609e+01
-2.138278403929988383e-03 5.005500560359300266e+01 5.167252372249036085e+01 4.997202359350070822e+01 5.678814127038041448e+01 3.099627680640877614e+01 4.668777015681083498e+01 6.778699274950690778e+01 4.703026401549347213e+01 7.161249744451762922e+01 7.130416660122413930e+01 8.448707079955994459e+01 5.965828948989950931e+01 1.023697727782551681e+02 1.427000161295517557e+02 1.878284990394122360e+02 2.308276731858889548e+02 2.244338257510398478e+02 1.667112345418337895e+02 1.742842303146092604e+02 2.501095204798921259e+02 3.177457136387059222e+02 3.440297138375564145e+02 3.110687876539482772e+02 3.599176574640912918e+02 4.222322375598367898e+02 4.805700260302723450e+02 4.791840537947114740e+02 4.085827245991127938e+02 3.365337822866806619e+02 2.750300694553407084e+02 2.218710292800536195e+02 1.746925438523336993e+02 1.318054603306120782e+02 9.249048503898515605e+01 7.053748100993173864e+01 4.474176049327448368e+01
