output/field_example_test_lateral/elevation_000004.asc
nrows	150
cellsize	66.66666667
xllcorner	0
ncols	150
yllcorner	0
NODATA_value	-9999
[rows 0 to 16 of 150, columns 111 to 147 of 150]
8.274001630895890003e+02 8.571787965323575236e+02 8.821763224297734496e+02 9.000660386643918400e+02 9.082138866692913552e+02 9.184353847846105054e+02 9.309319179492414378e+02 9.440449783829766375e+02 9.551531727965500522e+02 9.633124815734261119e+02 9.695249040155445073e+02 9.709939316083269887e+02 9.688772476399949483e+02 9.720757960455389366e+02 9.765788079480889792e+02 9.789421980043815665e+02 9.777085530156130062e+02 9.786592474568914213e+02 9.812046875204559910e+02 9.840461293603830200e+02 9.851753467766799304e+02 9.856073101285355733e+02 9.869666883760227165e+02 9.901665235505205374e+02 9.930270464834371751e+02 9.952691849202889216e+02 9.959134982976650008e+02 9.943239650121765862e+02 9.911748527771803765e+02 9.869568467660938040e+02 9.819837048156854280e+02 9.767487519531621274e+02 9.728469504336376303e+02 9.766285391608001873e+02 9.816190665056174112e+02 9.862256064414367529e+02 9.900959681222600466e+02
8.086928003767410473e+02 8.405449566996985595e+02 8.676734477181631746e+02 8.857156181751615804e+02 8.880170371992538776e+02 9.017242861678546433e+02 9.177924715378320570e+02 9.344708260608331329e+02 9.466978273070772048e+02 9.551393737814190672e+02 9.640011503971148841e+02 9.647418283316247880e+02 9.587434450762407323e+02 9.646439145988206292e+02 9.719350093343540493e+02 9.743244410361126029e+02 9.708112493963091083e+02 9.721885382346279130e+02 9.763319196932984596e+02 9.807534310145183554e+02 9.812088737002455900e+02 9.815275392327445161e+02 9.861665162639985738e+02 9.902671784392580321e+02 9.935033740863356115e+02 9.954003381800339412e+02 9.949833031948248845e+02 9.919125965578243722e+02 9.870276184518722857e+02 9.807435502231235205e+02 9.734109559670348517e+02 9.652766446685998289e+02 9.570444958756254437e+02 9.651146874596748830e+02 9.728811082254228495e+02 9.796279218947578329e+02 9.853292125301807118e+02
7.845917450411398022e+02 8.178505595154963430e+02 8.514215804327412798e+02 8.549327968107146489e+02 8.577917488118761185e+02 8.776890066186241484e+02 9.010788774470441922e+02 9.251274487579456718e+02 9.302249829874346005e+02 9.427810277466734306e+02 9.543907625065637603e+02 9.539536152712096282e+02 9.440202239804084456e+02 9.540220739863749486e+02 9.638567725835542888e+02 9.660226883937849607e+02 9.601342372898830035e+02 9.625458472956210016e+02 9.694802977557344548e+02 9.747022766006191432e+02 9.744687489999234913e+02 9.802678772539803731e+02 9.855032262322374663e+02 9.901614401692954743e+02 9.934061524386905830e+02 9.942412537847903877e+02 9.926800386202799018e+02 9.880405509491066596e+02 9.804511986120717211e+02 9.706530913189009198e+02 9.592812333669191958e+02 9.466194309711775077e+02 9.326446899792292697e+02 9.463251174790718778e+02 9.582905470571150772e+02 9.686085605956218387e+02 9.777343052844497606e+02
7.598478524912811736e+02 8.001713352919432509e+02 8.288008580133666783e+02 8.166752336072850085e+02 8.291779565470434363e+02 8.587772420110575240e+02 8.906226782075863184e+02 9.122888695654719413e+02 9.119030450750728960e+02 9.293885416946079658e+02 9.426678401940378080e+02 9.394959665052650735e+02 9.287189555466563888e+02 9.422234708460122192e+02 9.537262721103637659e+02 9.547081936388550503e+02 9.481303638458073237e+02 9.542795480963045520e+02 9.605236518260207959e+02 9.666635945402144898e+02 9.748113320213958559e+02 9.819465926998648229e+02 9.877164824170105248e+02 9.910576702113528427e+02 9.919683990162768623e+02 9.909832696215398755e+02 9.875858490345617611e+02 9.820906778597158109e+02 9.731504392304649400e+02 9.596796109104253674e+02 9.436392713094304554e+02 9.262050475171843118e+02 9.071390068326418259e+02 9.256644935305810122e+02 9.418489753364424359e+02 9.564291315490324905e+02 9.704761818329317293e+02
7.987730717520605594e+02 7.740473593261823453e+02 8.074200655698857645e+02 7.868249750496637489e+02 8.280347849847335056e+02 8.587566310474395550e+02 8.826612017513175488e+02 8.899990061833846084e+02 8.926523794004604042e+02 9.199418046926653005e+02 9.270764767748371469e+02 9.175563796191272559e+02 9.136739319110648694e+02 9.293165265013071803e+02 9.412209660946974736e+02 9.384206060636008715e+02 9.522605192296185805e+02 9.620361980558222967e+02 9.694355711382701202e+02 9.743450262960437840e+02 9.803351938620414785e+02 9.851259213315582883e+02 9.884870339410931592e+02 9.894517163566480349e+02 9.874805428866535522e+02 9.833056636562112089e+02 9.815765452401896027e+02 9.714558081421836278e+02 9.627650915950094941e+02 9.498181559634156201e+02 9.284315537033068040e+02 9.061361527822336939e+02 8.828576950533339414e+02 9.051738158543250847e+02 9.255078282827270186e+02 9.455047792260083952e+02 9.631473407519648617e+02
8.330596677718949650e+02 8.098393422844267207e+02 7.868249750429970391e+02 8.177590852300349979e+02 8.023877283133522269e+02 8.385406169667292033e+02 8.602435977322437566e+02 8.605713091171377300e+02 8.934214261319771140e+02 9.116817806440756158e+02 9.088214843178759565e+02 8.934871776688399905e+02 9.011592283917750592e+02 9.099469731600801197e+02 9.309715887893669333e+02 9.314167729902475230e+02 9.446427346326097449e+02 9.589237635088990146e+02 9.703896870100874139e+02 9.789184461424389383e+02 9.833612026918129914e+02 9.842786491921343668e+02 9.832715845455797989e+02 9.842855482519591988e+02 9.789068821081326632e+02 9.720518011017381923e+02 9.721255244004436236e+02 9.588459980572594077e+02 9.434155178364641188e+02 9.447519332654319442e+02 9.156843156411515565e+02 8.874634007497933226e+02 8.604293504581193019e+02 8.858704506677307791e+02 9.111356272584914677e+02 9.346596507945653229e+02 9.550479248551019964e+02
8.613311565288325937e+02 8.356576106827845933e+02 8.087605597415007423e+02 8.414995736774282022e+02 8.409969599689882216e+02 8.162950869774318789e+02 8.256879878857910171e+02 8.608712924672032614e+02 8.859508925839963922e+02 8.938139269889044272e+02 8.811492622228948903e+02 9.069888689909327013e+02 9.240470321917993033e+02 9.303285376963887074e+02 9.219595456167281782e+02 9.391579815595010814e+02 9.528360242032882752e+02 9.621598582788733438e+02 9.726593792471164761e+02 9.798605010144923426e+02 9.797553965272812775e+02 9.754582810166342597e+02 9.677717185252899981e+02 9.738299803807494754e+02 9.689246046552568714e+02 9.576661096302821079e+02 9.602936060167590995e+02 9.418218435189926367e+02 9.194432094705151712e+02 9.334439940240849864e+02 9.150234138274074667e+02 8.716486391486801040e+02 8.398509367584068741e+02 8.687785883113531327e+02 8.969319459318180634e+02 9.227606702130551639e+02 9.453091795339997816e+02
8.829163636882166202e+02 8.573817287992047795e+02 8.318464558756459155e+02 8.635482510295546490e+02 8.692890854882257372e+02 8.541324492434553122e+02 8.518614015569137337e+02 8.395939614969138347e+02 8.700465126640219751e+02 8.666512848959738449e+02 8.974266855189199532e+02 9.202365037540644153e+02 9.367727291743452724e+02 9.446853486928677057e+02 9.397334944118534850e+02 9.494408354872406335e+02 9.605278670780285211e+02 9.703904762540890943e+02 9.762268486448061822e+02 9.764595824891898701e+02 9.703664159472419897e+02 9.579539960113368124e+02 9.442419199622478345e+02 9.587923098079457986e+02 9.577757470623815834e+02 9.411238173320340366e+02 9.478058975910665822e+02 9.231246758413506086e+02 8.912030171750088812e+02 9.097213094495486985e+02 9.042291006432948279e+02 8.725456064700920251e+02 8.207432193754235641e+02 8.518789387535878177e+02 8.815014201196916019e+02 9.084893537118355198e+02 9.329115103170646535e+02
9.018850191703239716e+02 8.805549901156182386e+02 8.556530878805705242e+02 8.841625732851338171e+02 8.919003538892749248e+02 8.716692083514097931e+02 8.395939615035805446e+02 8.642561601319176816e+02 8.532763730871047301e+02 8.720444588586209420e+02 8.993900421385022810e+02 9.233505367655752707e+02 9.411723623252227071e+02 9.525613110256273330e+02 9.565803810116578916e+02 9.603478036595143976e+02 9.693550145237220477e+02 9.752414087899481956e+02 9.750323376687679229e+02 9.680345433163424786e+02 9.536049909237751763e+02 9.368840144792324054e+02 9.156322049027920684e+02 9.398650714356065237e+02 9.426898453827725461e+02 9.220126514184247526e+02 9.354855282768734241e+02 9.069872890130817495e+02 8.611964029887931247e+02 8.678352764307205689e+02 8.725247364592736403e+02 8.492164897929390008e+02 8.018452755900077591e+02 8.340269649071801723e+02 8.627137369406372045e+02 8.910516278165362110e+02 9.155718442972690809e+02
9.216463923079728602e+02 9.011206701351185302e+02 8.797725258391260468e+02 9.033315665465748907e+02 9.087262478668512813e+02 8.883583093149219394e+02 8.641602788204165790e+02 8.826000358339459808e+02 8.847949111864804763e+02 8.992035484320340402e+02 9.004663484757149945e+02 9.173789462030948698e+02 9.339190247421703361e+02 9.507892560537765121e+02 9.634510655810933031e+02 9.708705077915846005e+02 9.755977224499501972e+02 9.755916857839000613e+02 9.680585592051121466e+02 9.526373400088320977e+02 9.343508054731044012e+02 9.102069093400051543e+02 8.844404796805606566e+02 9.180532757487466142e+02 9.245157471251131938e+02 8.999691944437093980e+02 9.224921688904397570e+02 9.097766136688679808e+02 8.669435893184984252e+02 8.140917201878670539e+02 8.218340623644731977e+02 8.179428545405703517e+02 7.838225050329241412e+02 8.107426367697166825e+02 8.401819770004117345e+02 8.721649479237586320e+02 9.091259403207969854e+02
9.354862825278447644e+02 9.199988041179632319e+02 9.041152097902316882e+02 9.217474406132021159e+02 9.244931176544537266e+02 9.079077346110774442e+02 8.908485864881234875e+02 9.021390793108940898e+02 9.135494155299466001e+02 9.219689409244022045e+02 9.252848589099670562e+02 9.332454407004134964e+02 9.439817271974873165e+02 9.534563271105133708e+02 9.647300883936669607e+02 9.732451632430016844e+02 9.768321366942509485e+02 9.704421717722909762e+02 9.546588325634696730e+02 9.353249341534357200e+02 9.100180752275221039e+02 8.832206206625185132e+02 8.520332795346645298e+02 8.939721901490813707e+02 9.033090226529864140e+02 8.749343885790746072e+02 9.059816386982655558e+02 9.025791273907610730e+02 8.672326061861527933e+02 8.201392483539215164e+02 7.629311149317326226e+02 7.597164087628931384e+02 8.166229010211926607e+02 8.538543248509272416e+02 8.803299320770533996e+02 9.046927402115393306e+02 9.292809591681881329e+02
9.476807614300076921e+02 9.377130791418907165e+02 9.284360337719994050e+02 9.389657511117650301e+02 9.397749807065730465e+02 9.279605507013436636e+02 9.181958419713695321e+02 9.255746939304385705e+02 9.303051546185229199e+02 9.306092206744864370e+02 9.268163462106168708e+02 9.284964113823430125e+02 9.378987813617450229e+02 9.478594419388526831e+02 9.574052987285109566e+02 9.675043732992204468e+02 9.723060745174509520e+02 9.606244118870339435e+02 9.403678255297144233e+02 9.135095140564283156e+02 8.857062747867649932e+02 8.532635778594120666e+02 8.196520068794102372e+02 8.672661331937655405e+02 8.773244148986055961e+02 8.477242085327523000e+02 8.872360536018396715e+02 8.883005653502474388e+02 8.431782835298629379e+02 7.875042654438469754e+02 7.317256728542438395e+02 7.956440291876757556e+02 8.454974334300379724e+02 8.837838963280929647e+02 9.103325389329596646e+02 9.301313259849741826e+02 9.469938565338146645e+02
9.567299114160827003e+02 9.524671225791169036e+02 9.481869324295909109e+02 9.514094727785201258e+02 9.517489124793687552e+02 9.463321242154456741e+02 9.392185657652476038e+02 9.338794728305301760e+02 9.239496524381374911e+02 9.107210191367425978e+02 8.906003845003488095e+02 8.891597529313074801e+02 9.054301621253533767e+02 9.207806860912986622e+02 9.376833786024498067e+02 9.519593946325419438e+02 9.632091731744181970e+02 9.541186000718865898e+02 9.235106506201523189e+02 8.926223315083027501e+02 8.576652276764471026e+02 8.247705554316454482e+02 7.881081367013688350e+02 8.347355188915664712e+02 8.362176735902892233e+02 8.190362911982889500e+02 8.697569060357881199e+02 8.787090022706755690e+02 8.433277141638250214e+02 7.875799585249824304e+02 7.151222768137557750e+02 7.903690895874018452e+02 8.457336762794600418e+02 8.837752528137095851e+02 9.094517756152215497e+02 9.274913711902619298e+02 9.414229832953599271e+02
9.544159006270932650e+02 9.482906515945794581e+02 9.431804275139558058e+02 9.465071165831990356e+02 9.512025597244706887e+02 9.489691640883980881e+02 9.365925610244005384e+02 9.198350083570609286e+02 8.944423821051883579e+02 8.692538881720716972e+02 8.401052219949360733e+02 8.383358343828808756e+02 8.624655599153892354e+02 8.883473742228188712e+02 9.117852983343796041e+02 9.346405102317137334e+02 9.514575347333461650e+02 9.479644918807596241e+02 9.183654310133333638e+02 8.728506482035373892e+02 8.307041980852757206e+02 7.924191671267132051e+02 7.585918750172336331e+02 7.876513332993197309e+02 7.730808442453123916e+02 8.239860243070440902e+02 8.509341213369684738e+02 8.592858807359129969e+02 8.212825990497473185e+02 7.601338574065698594e+02 6.978535513514395916e+02 7.658515260709100403e+02 8.188711564425842653e+02 8.551498475031146427e+02 8.803424283768724763e+02 8.994902263905133850e+02 9.155098538850337491e+02
9.418126514735196224e+02 9.279686032376729372e+02 9.175720149704796995e+02 9.248641130396251810e+02 9.391042507269695534e+02 9.385959148203861560e+02 9.167059062632504265e+02 8.901029475558653985e+02 8.596907092359782609e+02 8.230133846170582501e+02 7.874995758762173637e+02 7.898221078794588266e+02 8.235582505987972581e+02 8.570215860478966761e+02 8.882298082246285276e+02 9.150540621386542171e+02 9.364117705654017527e+02 9.448960228999460469e+02 9.311318010127542948e+02 9.004685768154901098e+02 8.678830909858149880e+02 8.296091801027889687e+02 7.763942727689626508e+02 7.244915165751439190e+02 7.586941020564576093e+02 7.895768958814338703e+02 7.995036737710855732e+02 8.252411640465537630e+02 8.114754040835264277e+02 7.581110736841899325e+02 6.817222590330031835e+02 7.406289608220492937e+02 7.864980829701431730e+02 8.181783821165477093e+02 8.428527860958199653e+02 8.640671872544348844e+02 8.918898822592248052e+02
9.219092245214429795e+02 9.057435754718324006e+02 8.879658782120777687e+02 9.057846170268093147e+02 9.246454206206266235e+02 9.247865802692349462e+02 8.970960858319980389e+02 8.588614779440742950e+02 8.209555708581542603e+02 7.812494349951946333e+02 7.393207477604676114e+02 7.490499890851224336e+02 7.941726376460173924e+02 8.323045566014112637e+02 8.635499933799286509e+02 8.901158475165487971e+02 9.119954078056171056e+02 9.327973069733939155e+02 9.386177951216133124e+02 9.239874041845013153e+02 8.970590941953930724e+02 8.563860674273699942e+02 8.117432231302690298e+02 7.586798848000496491e+02 6.903678253517531402e+02 7.304626826347771384e+02 7.399670495679699798e+02 7.831225516572817469e+02 7.814906695824031431e+02 7.320686382175307472e+02 6.657155482333631653e+02 7.145404646538074758e+02 7.489607343898660474e+02 7.774022327876003828e+02 8.030280348863421978e+02 8.343710669040443690e+02 8.692082091707741256e+02
9.013974667763061461e+02 8.820189728304995924e+02 8.625637468965480821e+02 8.868646752900181127e+02 9.101324415739456981e+02 9.099544059413957484e+02 8.781202885258439892e+02 8.337650833486093234e+02 7.868525840986476396e+02 7.429073009739432791e+02 6.964853215801089164e+02 7.303627344392516534e+02 7.733721771138563099e+02 8.070743564484129138e+02 8.325671094746966219e+02 8.575727968551501590e+02 8.861670205387041506e+02 9.143989813956673061e+02 9.319900805141653564e+02 9.309765375603130906e+02 9.104052151356439708e+02 8.805773174414598543e+02 8.428844963845619986e+02 7.943699906748962576e+02 7.333457589724154104e+02 6.535672249762902766e+02 6.898098422343265383e+02 7.326841504433097043e+02 7.361216372836364599e+02 6.963217815428359927e+02 6.512214835028973994e+02 6.773111443091239607e+02 7.060795145773049626e+02 7.367382640211685612e+02 7.696095030168869471e+02 8.056482207560359257e+02 8.459537864200930244e+02
