output/field_example_test_lateral/elevation_000060.asc
nrows	150
cellsize	66.66666667
xllcorner	0
ncols	150
yllcorner	0
NODATA_value	-9999
[rows 119 to 135 of 150, columns 74 to 110 of 150]
6.226042507062240929e+02 5.710176394288428128e+02 5.729020985617047472e+02 5.725854210856598456e+02 5.379886102896307420e+02 4.863525348498592393e+02 4.139709847834296852e+02 3.429193755507917558e+02 2.884742344263501082e+02 3.423957839708578490e+02 4.095579244022736134e+02 4.807247210840199614e+02 5.346482156063991624e+02 5.790643968006195337e+02 6.238273545345432467e+02 6.739827964966036689e+02 7.237451988367149625e+02 7.529563848720853230e+02 7.324299930942083847e+02 6.822181433189279005e+02 6.322334612544517540e+02 6.824912058012461102e+02 7.339335317076933052e+02 7.832725853823620810e+02 7.910239730651093168e+02 7.491948198253396640e+02 6.884248202668688918e+02 6.370885723434876127e+02 5.742747802631138256e+02 5.135206552039149983e+02 5.425309223675078556e+02 5.465475065036595197e+02 5.294254180561491694e+02 4.899551441304113268e+02 5.449637010726610242e+02 5.635642351438866626e+02 6.020580993217255354e+02
5.820427129862240463e+02 5.112782303679757092e+02 5.037054194871179220e+02 5.089433438576735398e+02 5.073125950985585177e+02 4.511993127693609722e+02 3.873331923491656426e+02 3.349002903745566755e+02 2.793815986331958356e+02 3.414676555124711967e+02 4.078894658463042333e+02 4.737728787220928552e+02 5.162976585188890795e+02 5.588932369845188077e+02 6.013916892002002896e+02 6.665982246825150241e+02 7.211931433253021169e+02 7.246965298261748103e+02 6.835740256827451731e+02 6.351697159587431543e+02 5.819126201687178082e+02 6.313567499533784257e+02 6.899988555907330010e+02 7.485913706573933268e+02 7.800632889621234654e+02 7.648630307918252811e+02 7.143965560141855349e+02 6.488019808657502381e+02 5.842535131926351823e+02 5.266263916941302341e+02 4.813119735306878511e+02 5.002726559687138206e+02 4.685750731337522552e+02 5.238757085053931633e+02 5.709914850648627862e+02 6.140350295432933763e+02 6.521525663261849104e+02
5.706427896553856272e+02 5.026086077468150393e+02 4.345421569449084132e+02 4.381798416752813523e+02 4.573532813092609786e+02 4.461095892526892044e+02 3.962253316230163023e+02 2.952460464587511524e+02 2.701969148436562023e+02 3.382291458107718540e+02 3.901409008671748779e+02 4.320664381276947665e+02 4.478046920846024932e+02 5.053954436861512818e+02 5.813591586193371086e+02 6.585007570055532824e+02 7.040733065641636585e+02 6.863400709789632401e+02 6.379929414035616446e+02 5.877828090772650285e+02 5.394347793389097205e+02 5.906294158972754076e+02 6.476232450177496958e+02 7.023919440855285075e+02 7.547236706400005914e+02 7.581778326175325446e+02 7.189249584191292115e+02 6.646132134199707480e+02 6.059645473005208487e+02 5.600251860182712562e+02 5.029958626268436319e+02 4.485045250362206275e+02 4.813770105701866555e+02 5.166534558949065286e+02 5.568503270561341196e+02 6.152044257487938239e+02 6.611900303183001597e+02
5.593777351421474577e+02 5.034292490108768447e+02 4.345935683217236942e+02 3.662606367184761211e+02 3.817973527023976317e+02 3.884449477051162489e+02 3.813905265219993339e+02 3.308575482363164610e+02 2.620040934992330790e+02 2.927097592828208121e+02 3.294906953977071566e+02 3.712343148954931848e+02 4.265421340701871031e+02 4.923839659240697415e+02 5.696328382222077380e+02 6.476865843336588568e+02 6.752387269329726678e+02 6.355962198905464220e+02 5.877062896698134864e+02 5.431342678514273530e+02 5.033440297277624040e+02 5.539719047123453493e+02 5.995425931990387198e+02 6.658120662035912574e+02 7.285852695635092005e+02 7.318801100251569096e+02 6.861418550075525218e+02 6.403541081845694407e+02 6.028545664475578860e+02 5.592765445911466031e+02 5.031628568876757868e+02 4.653195899078875186e+02 4.314996100883525969e+02 4.612929216381365336e+02 5.327636916766706463e+02 5.805809862665123546e+02 6.202449333104834750e+02
5.145213872576637186e+02 4.966889299982797183e+02 4.383920283308888202e+02 3.706622615824987292e+02 3.035608282404010652e+02 3.153596325625297823e+02 3.198247729034621329e+02 3.011282651159806960e+02 2.536852176451023695e+02 3.253298425758410986e+02 3.803351622345664964e+02 4.183543501695456257e+02 4.742972412533002284e+02 5.355106849267076541e+02 6.051351268768636373e+02 6.539424456426309007e+02 6.498036224525947091e+02 5.954599735177816910e+02 5.343251485785806381e+02 4.871450853454319940e+02 4.728564077826108019e+02 5.197974530008845022e+02 5.872063806311348344e+02 6.569675310643309558e+02 7.121937682195066373e+02 7.030722013414730327e+02 6.504863275409758216e+02 5.977188251111772388e+02 5.575105240187180016e+02 5.232659585174441190e+02 4.810925584310289196e+02 4.158848038160412557e+02 4.688548651420212536e+02 5.040811776688096870e+02 5.021245016975675526e+02 5.331349771414119232e+02 5.684108745415638850e+02
4.467377339301181109e+02 4.549745693551311092e+02 4.244246349125328948e+02 3.727093017409242179e+02 3.148417776309588589e+02 2.453373227695728929e+02 2.289705341187283523e+02 2.389001891798413055e+02 2.915401138785564967e+02 3.304701303800900405e+02 3.902887140363533831e+02 4.572098607964364874e+02 5.178571994339246203e+02 5.806371768570226095e+02 6.292354046488283075e+02 6.524111059796091467e+02 6.207598759829907067e+02 5.598755346250158027e+02 4.964603509791710394e+02 4.351786309498255605e+02 4.909709201933242753e+02 5.341849271132880403e+02 5.969579183794381834e+02 6.631406609426152272e+02 7.000156464440584614e+02 6.733709976318060626e+02 6.158961986119074936e+02 5.604673135801656372e+02 5.156555296040810390e+02 4.812274593556737159e+02 4.482689568182192943e+02 4.046369151571130374e+02 4.654294418326011282e+02 5.235610721151261941e+02 5.550367914184130314e+02 5.873159655678465469e+02 6.175979206411059295e+02
3.789467613629062157e+02 3.911369459423170838e+02 3.787042350106395929e+02 3.205830642275756190e+02 2.697361110643458915e+02 2.147111276362569185e+02 2.587672711618158701e+02 2.776004285214258971e+02 3.277242126972990377e+02 3.795083785365141580e+02 4.378734102639181742e+02 5.004182505769981617e+02 5.557179179466182859e+02 5.996108853914245174e+02 6.264502401679061450e+02 6.316299218173777490e+02 5.808891741210144346e+02 5.169303311014695055e+02 4.652695948892774140e+02 4.079568309228727117e+02 4.568064025906515440e+02 5.190496072632539608e+02 5.868106588244606883e+02 6.516629614797644763e+02 6.777752947002644532e+02 6.372352082473389601e+02 5.803508081321125474e+02 5.264694416729195154e+02 4.821792784870611968e+02 4.473730779997229092e+02 4.193899441299070645e+02 3.952935333198653325e+02 4.542325427410777365e+02 5.186553290370869718e+02 5.803260165401105724e+02 6.306900750624952252e+02 6.710306454450056890e+02
3.184540813287385390e+02 3.293225171941737131e+02 3.327255346935598936e+02 2.726275273380585418e+02 2.003358398759543775e+02 2.567835745034946058e+02 2.703617828532658791e+02 3.096105819223913045e+02 3.419648250969592596e+02 3.950606760524686933e+02 4.591863748605317141e+02 5.213344540637959881e+02 5.577138324486434158e+02 5.699093143376176158e+02 5.741166752423364414e+02 5.931092152644586122e+02 5.685404994327650456e+02 5.047775027803434114e+02 4.338188084444406627e+02 3.848509405113020421e+02 4.545646203693157759e+02 5.070996034863869113e+02 5.726376389372210269e+02 6.285997650148651701e+02 6.417044779360446682e+02 6.284415609622338934e+02 5.891548615153845958e+02 5.421792216564333557e+02 4.967614064472210771e+02 4.555278787631413593e+02 4.219897681091840127e+02 3.870451746216215270e+02 4.496836066102671907e+02 5.136522829802401020e+02 5.692339335156783591e+02 6.217844231718377159e+02 6.716812674780878751e+02
2.779784703375130448e+02 2.745735132326347525e+02 2.846343430299870079e+02 2.531270861635370011e+02 2.003358398692877245e+02 2.730979159722921281e+02 3.204980184797725542e+02 3.547916737470970929e+02 3.915131809813192945e+02 4.388259774641339277e+02 4.826081705109400559e+02 5.148712642630761138e+02 5.088520728665595811e+02 5.023597772098940482e+02 5.059003826424034855e+02 5.437937818103448535e+02 5.404323181904367175e+02 4.965888181990987391e+02 4.357152554692781905e+02 3.621764829479078003e+02 4.184349969125361213e+02 4.906930703133825205e+02 5.543660077476014294e+02 5.808102014055609743e+02 5.779743675065744810e+02 5.828062663577073863e+02 5.536106993224404960e+02 5.067654430680234441e+02 4.575862214509517685e+02 4.163725462990470874e+02 3.728664713429272979e+02 4.228337401118861862e+02 4.361854662714289930e+02 4.748878862343642595e+02 5.219303876639368127e+02 5.790066940445850605e+02 6.494428947825226714e+02
2.264710275045699461e+02 2.280670025316857448e+02 2.344463964604976809e+02 1.861502924620406532e+02 2.536032849799883024e+02 3.095282518266996590e+02 3.599594403588718592e+02 3.987905991965774888e+02 4.288191970221390648e+02 4.560326309566834766e+02 4.694481560085793035e+02 4.736568409832694329e+02 4.475204717668929675e+02 4.322833728592995612e+02 4.450794406892614461e+02 4.970722576007403859e+02 4.975262091347113369e+02 4.526834736331169893e+02 4.033055577907028351e+02 3.406778198093446122e+02 4.115493137206649408e+02 4.799990995296670917e+02 5.132005938768739952e+02 5.115174591868105267e+02 5.068610495010253203e+02 5.203686641206162449e+02 5.192441405065206936e+02 4.696612484164465400e+02 4.116916858719439460e+02 3.577735155032587500e+02 3.928711919067036433e+02 4.322876376458391405e+02 4.798070675914179901e+02 5.237465953607227220e+02 5.704165355817880254e+02 6.237074813097980268e+02 6.875593744786408479e+02
1.734040777370598221e+02 2.063556180878901500e+02 1.854275662149833579e+02 1.759842891117857562e+02 2.503530799483367844e+02 3.139649395308592830e+02 3.581477924335537182e+02 3.900534978568423412e+02 4.028970862981245773e+02 4.118268732993566346e+02 4.112812291754522107e+02 4.142843326455319470e+02 4.083971575518889381e+02 3.676522129601202096e+02 4.106555875589103266e+02 4.539894862596293592e+02 4.529257563980970076e+02 4.062985536599227885e+02 3.615862313222694411e+02 3.191700018268057306e+02 3.968457854221848038e+02 4.470233699604528397e+02 4.466367737865170398e+02 4.421625947480080754e+02 4.421513269139742874e+02 4.605013672158655709e+02 4.743512021298641343e+02 4.450568143938186836e+02 4.109418901212266633e+02 3.765951343224563743e+02 3.428010633365429385e+02 4.019081674075922024e+02 4.718002785236120076e+02 5.456699098696798274e+02 6.167694357815962576e+02 6.678027571641703162e+02 7.085083698799732019e+02
1.705079404532425258e+02 1.731280737477724188e+02 1.759842891051191032e+02 1.801523115689754775e+02 2.417811447449427362e+02 2.803163929127708229e+02 3.034359761870963439e+02 3.306031219100972294e+02 3.312108344205147432e+02 3.401983377867375680e+02 3.494845319652894204e+02 3.567047171772525758e+02 3.635833015608049550e+02 3.269568179894583295e+02 3.712679697762519027e+02 4.061113737992504866e+02 4.065830646938569544e+02 3.650704718982863142e+02 3.148606669947470778e+02 2.967557866282515420e+02 3.711504467851550544e+02 3.804814795301577988e+02 3.768408234548145401e+02 3.836856448113917395e+02 3.880705413014940177e+02 4.084156752260070107e+02 4.196098899007942578e+02 4.071130997502502282e+02 3.652195019513253555e+02 3.273385718045573185e+02 3.832274398397530035e+02 4.507543815718782980e+02 5.182179419715865833e+02 5.814989603120291122e+02 6.359881471686903751e+02 6.797485740375028627e+02 6.998261321843219775e+02
2.512538429838365346e+02 2.469398288001520712e+02 2.422693087942152488e+02 2.361780971261752597e+02 1.877073693563886820e+02 2.439169102348503770e+02 2.170513337551304858e+02 2.164145196023317510e+02 2.648279703960466804e+02 2.758059817709086019e+02 3.023347131073312539e+02 3.016497458654046113e+02 3.188142112308603942e+02 2.959746021005542502e+02 3.274343976956012625e+02 3.452277127401847565e+02 3.423380417579906521e+02 3.298129013255863811e+02 2.724559909836081033e+02 3.092838066496170200e+02 2.621420311121540863e+02 2.999697399973646839e+02 3.173269768367728147e+02 3.496482474449566666e+02 3.437356512503276349e+02 3.759409850671991649e+02 3.656665968307372054e+02 3.576896786799983943e+02 3.116560539658149764e+02 3.751403150165569400e+02 4.223871271590462015e+02 4.696208591372853220e+02 5.321965416828248863e+02 5.799846428374606830e+02 6.061731597439293182e+02 6.450446639797290800e+02 6.600083031480892259e+02
3.134409535151052069e+02 3.141832359442691995e+02 3.079745848084641580e+02 2.704878421922928169e+02 2.507775433281321398e+02 1.939676228530391882e+02 1.965737111384098341e+02 1.965737111450764871e+02 2.022306687104005221e+02 2.477672306281720012e+02 2.445846299780586151e+02 2.448147389157919349e+02 2.763032924281993132e+02 2.744416015850790700e+02 2.617718900896916807e+02 2.925613666704966249e+02 2.626573830233304534e+02 2.454039460216049235e+02 2.484027154352502293e+02 2.522247042281656491e+02 2.554716286303812751e+02 2.599698446434290418e+02 2.943066600214739879e+02 3.162963374427525878e+02 3.082410663962704120e+02 3.328583150594339486e+02 3.175560806451963458e+02 2.954683851510926047e+02 3.506913675516800026e+02 3.944005671887769608e+02 4.318097217714964131e+02 4.681863790378471322e+02 5.085794218063725793e+02 5.271720943984983023e+02 5.441026060810818308e+02 5.929020261007282215e+02 6.082163726421982801e+02
3.764111505275897684e+02 3.781686745099032123e+02 3.650763627568050538e+02 3.257333612544181847e+02 2.921488660786853302e+02 2.509997204975417162e+02 1.965737111450764871e+02 2.577123009095475936e+02 2.609407626395353077e+02 2.108934240255439931e+02 2.158391783591784758e+02 2.198565705968031807e+02 2.237189425645227345e+02 2.276773665524828232e+02 2.317611954028012065e+02 2.358075496470299015e+02 2.395419098476026818e+02 2.499310396522926681e+02 2.651497947380026403e+02 2.915409303121142557e+02 2.947959445439445290e+02 3.013823459291529616e+02 2.669756460496413411e+02 2.713153802079787056e+02 2.752505336198382793e+02 2.789420734582379851e+02 2.826491519362052145e+02 2.873120219517998066e+02 2.873120219584664596e+02 3.762690505084631241e+02 3.887478880571411537e+02 4.183569284187087760e+02 4.593626258964534941e+02 4.630761208493404411e+02 4.828216556912875035e+02 5.417038955704239243e+02 5.458158897216329706e+02
4.410712760220653195e+02 4.393516652085974670e+02 4.115247833146684684e+02 3.637602347756337622e+02 2.991999123786075074e+02 2.322464683657078410e+02 2.730144038494271399e+02 3.039075578173051895e+02 3.045612163746388319e+02 2.538462664511677360e+02 2.812650244536382615e+02 2.622134456809492917e+02 2.312038514870892527e+02 2.505379040040776601e+02 2.840200926580830014e+02 2.722372753540959138e+02 2.950142053372886721e+02 2.597253056902695789e+02 2.590033120529372468e+02 3.092813709317162534e+02 3.374329174568119925e+02 3.543720408497982817e+02 3.456696826431386853e+02 3.424239982668623270e+02 2.752505336265049323e+02 3.076899480895672809e+02 3.319349631502512921e+02 3.350384496543267119e+02 2.961579681040190053e+02 3.425181702275339148e+02 3.429817661560908846e+02 3.336179227145426580e+02 4.058477913376432866e+02 4.023660934365711341e+02 4.486502436141172439e+02 4.930259546668751227e+02 4.822857292613962272e+02
4.977516954709025754e+02 4.710010509827494047e+02 4.239016701662476976e+02 3.672741576741171912e+02 2.989471058442945832e+02 2.322464683723744940e+02 2.905382662948065899e+02 3.446459718131251861e+02 3.487335624204670239e+02 2.993144730467698196e+02 3.363986384614181588e+02 3.185459880875254157e+02 2.812698235887845613e+02 3.367859114023863185e+02 3.458797297000625690e+02 3.390841324948268038e+02 3.478758214641262043e+02 3.537627383586155929e+02 3.251755836490498268e+02 2.874920215852739034e+02 3.449346186589080503e+02 3.885576420618529596e+02 4.116141418994902210e+02 4.099283820578631889e+02 3.735732651914511280e+02 3.598226297993904268e+02 3.762072663826920689e+02 3.787387295102245162e+02 3.570340267923495503e+02 3.037958414829647609e+02 3.084852934974336449e+02 3.284960198057188450e+02 3.638226543921134635e+02 3.639627249045000781e+02 4.066273107821726853e+02 4.407934142739495655e+02 4.386064155371366269e+02
