output/field_example_test_lateral/elevation_000089.asc
nrows	150
cellsize	66.66666667
xllcorner	0
ncols	150
yllcorner	0
NODATA_value	-9999
[rows 34 to 50 of 150, columns 111 to 147 of 150]
5.526851024246557245e+02 5.259200508554419002e+02 4.778760327921600606e+02 4.237537119742903542e+02 3.640170759709847630e+02 2.950884098689550115e+02 2.997160592950337445e+02 2.538569427647896930e+02 2.828691974758198739e+02 2.599949299746296560e+02 3.337478480377068308e+02 3.884284724125417938e+02 4.400751683540253794e+02 4.794354193207358321e+02 5.242785027642767091e+02 5.714872982285847911e+02 5.841775987554236735e+02 5.570709008075527890e+02 5.236796217410960708e+02 5.292594620857439622e+02 5.124747768356305642e+02 5.100333278283488880e+02 5.026840896191635011e+02 5.189876175641163627e+02 4.715036445872718218e+02 4.728714574221414182e+02 5.411644319519252804e+02 5.608486463205759947e+02 5.545926418208838413e+02 6.065545551307403684e+02 6.098757853768041741e+02 6.074655924508193721e+02 5.743812550064759535e+02 6.041431754436351866e+02 6.411414544779428297e+02 6.864914717563332260e+02 7.481145885774402586e+02
5.076235132194713060e+02 4.674996857494923006e+02 4.195890266544484462e+02 3.728139635222947277e+02 3.304995474821667472e+02 2.912123606406225349e+02 2.483377521690397316e+02 2.950490891226431813e+02 3.005824648037340694e+02 2.773945077247873314e+02 3.464140521869228451e+02 3.962408228927494065e+02 4.560809871000899989e+02 5.148736939424808270e+02 5.618200242887500053e+02 6.015537514939270523e+02 6.236592314669375128e+02 6.168181120856213511e+02 5.965294816709518955e+02 5.998191856012380185e+02 5.700348539888597088e+02 5.630833400136742739e+02 5.564006607590895328e+02 5.647910611086690551e+02 5.124356918510785590e+02 5.132981413261334183e+02 5.776205289618160350e+02 6.196770117129041182e+02 5.984782953303855493e+02 6.520779664959624142e+02 6.651349994963635481e+02 6.553193860650238776e+02 6.055686389027771384e+02 6.170342080635883804e+02 6.769123589752031194e+02 7.281114156158178048e+02 7.829623634973706885e+02
4.598189997326581988e+02 4.152335550917139813e+02 3.580997729368071418e+02 2.674541580663640161e+02 2.854828911529389757e+02 2.430445264770949905e+02 2.918477575750777646e+02 3.295323642946247560e+02 3.433222038871907102e+02 3.451468555025867886e+02 3.124706215041698556e+02 3.882022184855958358e+02 4.509867308836088569e+02 5.055985362234014815e+02 5.504611223459520488e+02 5.900449617986434987e+02 6.235129231374453411e+02 6.473187384699663198e+02 6.549335552849222495e+02 6.589528901046895726e+02 6.378312812019854618e+02 6.237888496607613433e+02 6.138380646259132618e+02 6.132965389786385231e+02 5.579110448923505601e+02 5.550413564813908351e+02 6.174955380464130030e+02 6.660371721560462674e+02 6.481728936612157668e+02 7.023491117382909579e+02 7.203165454892822481e+02 6.883749810286503816e+02 6.437187289212937458e+02 6.780860513680229360e+02 6.662074035609757630e+02 7.115325145858251972e+02 7.682653800948687604e+02
4.066802108233911781e+02 3.555527956330268466e+02 3.077194161980777380e+02 2.621499028715610393e+02 2.526784851607787061e+02 2.400409163500701766e+02 2.400409163567368296e+02 3.514010883055745467e+02 3.912778849886418016e+02 3.980095167255371962e+02 3.868271487574218668e+02 3.493017767215933986e+02 4.140956883455584148e+02 4.605054827295738278e+02 4.997184505812875273e+02 5.425070945502444602e+02 5.821300065719817667e+02 6.254560126928538466e+02 6.634540942820386817e+02 6.954053314896705160e+02 7.003180044688008365e+02 6.883171130952393924e+02 6.749149277445543476e+02 6.655181790299495788e+02 6.092065344982898978e+02 6.015400290159050201e+02 6.616755509137806257e+02 7.129040782872642694e+02 7.031520967803968460e+02 7.544636094232463392e+02 7.669152229219082528e+02 7.159225827377214273e+02 6.941690277821202244e+02 7.319988078028667360e+02 7.124020095158683716e+02 7.507495388095618409e+02 8.032985991514273110e+02
3.481343061253752467e+02 2.710917298864543454e+02 2.306025532646642944e+02 2.542138637710349371e+02 2.369033895852008982e+02 2.490030293666683576e+02 2.920287065707126999e+02 3.730999304539836317e+02 4.253621597284886775e+02 4.516939720468486144e+02 4.432063113681816162e+02 4.237224618851759601e+02 3.803411440589112544e+02 4.019502111799225759e+02 4.500628472577292314e+02 4.977908391637726027e+02 5.258130954498844858e+02 5.768324579791121778e+02 6.311488979703885889e+02 6.874378857835067720e+02 7.318418535623761727e+02 7.447711642327583377e+02 7.366536590746180764e+02 7.208397852845191665e+02 6.672015060590479152e+02 6.556428372719760773e+02 7.117274922423256385e+02 7.644645205131479315e+02 7.644290567172753299e+02 8.103001312660205713e+02 8.159561590321847007e+02 7.713146974057307261e+02 7.527838453939523333e+02 7.900446808153220672e+02 7.718301211544209082e+02 8.063957085856534377e+02 8.486957151561191495e+02
2.688509714825855212e+02 2.526585025188908276e+02 2.306025532579976414e+02 2.334713537550508988e+02 2.664457309073470697e+02 2.943254115445511161e+02 3.357669447398921534e+02 3.746516112803684564e+02 4.314337181465958224e+02 4.841506042236240432e+02 5.030750498203997836e+02 4.800944674688578289e+02 4.304914888004099112e+02 4.368506782287155374e+02 4.314369564787238573e+02 4.557094126240000378e+02 5.153621472727299988e+02 5.724103800016795276e+02 6.203176300753204941e+02 6.709513518859093892e+02 7.206153018836422461e+02 7.629057136039433544e+02 7.870915303023539309e+02 7.758179214383183080e+02 7.331857575784595156e+02 7.203008646700418467e+02 7.687766663830403786e+02 8.209022335086557405e+02 8.328891502053505747e+02 8.696733937148912901e+02 8.734405240739657756e+02 8.389665628597310842e+02 8.224672653446950790e+02 8.558380514912255421e+02 8.467506808526258055e+02 8.764369393139714930e+02 9.111313877128139893e+02
2.627205471310444409e+02 2.269656523472586684e+02 2.550429913220444860e+02 2.641503542376215705e+02 3.174331118249141355e+02 3.697514987561657449e+02 3.865542893016499306e+02 4.266633933212112311e+02 4.667499929813778863e+02 5.162156265557450752e+02 5.524682739597687942e+02 5.340715217802984398e+02 4.845548873479640974e+02 4.821343790001019443e+02 4.799567381347179662e+02 4.920705957377327309e+02 4.926283622346752509e+02 5.228681055858853597e+02 5.699287613141735847e+02 6.216474209724200364e+02 6.795723801974651224e+02 7.435463527543334976e+02 8.006447597606097588e+02 8.225674592233738167e+02 8.074374199431141506e+02 7.987646726892947981e+02 8.321956818662691830e+02 8.767714251107056498e+02 9.010030513565756110e+02 9.215798118848570084e+02 9.268269116724877676e+02 9.140649414740391876e+02 8.999454360348526052e+02 9.215610755250926331e+02 9.251963413822645634e+02 9.459600730044838883e+02 9.733138369002656418e+02
2.212303898548461518e+02 2.590037997182593585e+02 2.835306891522576507e+02 3.142285806682609177e+02 3.690112111173870630e+02 4.186075701126562763e+02 4.468581926485311442e+02 4.775911243296828843e+02 5.140117405727725099e+02 5.543738080838060114e+02 5.930828798396019010e+02 5.845987785636723402e+02 5.444769562679867931e+02 5.349096930276350577e+02 5.329875758914296284e+02 5.407366419083260780e+02 5.439781996007889120e+02 5.535042092828324485e+02 5.724217655852143025e+02 6.140297704091273090e+02 6.635727290492441170e+02 7.228418017090095873e+02 7.884760081108648819e+02 8.485813964103867875e+02 8.762952535365160429e+02 8.803080337127927351e+02 8.946095826233261050e+02 9.117037714102665404e+02 9.215106533966878715e+02 9.300834374088865388e+02 9.393218791855724703e+02 9.510040499257299871e+02 9.527166904957448423e+02 9.570583857529755960e+02 9.508432742042266455e+02 9.608408593995864067e+02 9.822807879911022155e+02
2.212021103790497705e+02 2.662896060794987534e+02 3.052261427278766064e+02 3.484503252373127680e+02 3.926641859286918930e+02 4.377895131252805072e+02 4.785773383907317680e+02 5.161871527625778526e+02 5.525092599687449137e+02 5.906707666038739717e+02 6.244269013695176227e+02 6.307494101345863555e+02 6.101221237112654308e+02 5.954559755521366924e+02 5.927804756148857450e+02 5.976968613302228732e+02 6.010815019600233882e+02 6.034949915792423099e+02 6.326234289472040473e+02 6.720341341587163697e+02 7.175361521403806364e+02 7.691611027550062545e+02 8.323916562990020793e+02 8.853785539926846013e+02 9.185918695155191926e+02 9.185904760858355758e+02 9.008732999290073167e+02 8.840189571647197226e+02 8.691126706443133116e+02 8.721737534457937500e+02 8.822619950359634231e+02 9.181073137289550914e+02 9.287695883497146951e+02 9.174221726972059514e+02 8.931075047830122458e+02 9.006862869528398505e+02 9.218257054095583953e+02
2.651647838746946491e+02 2.303007192179842377e+02 2.870111385551380181e+02 3.342806087911793611e+02 3.665357674964051853e+02 4.076462795354827335e+02 4.598660111457875814e+02 5.006165581315863733e+02 5.383142792637446519e+02 5.775863067233347010e+02 6.171638968682843824e+02 6.515363542977685256e+02 6.656270841722742944e+02 6.584960171209193049e+02 6.578349019239541349e+02 6.619307225840985893e+02 6.654657308016418256e+02 6.680668103333778163e+02 6.967397887433451160e+02 7.307272252114350977e+02 7.771219672401523439e+02 8.174111977920322261e+02 8.563210461486527265e+02 8.960018685024668912e+02 9.176093254633055949e+02 8.964245959233414851e+02 8.487682211199791027e+02 8.107139923936139212e+02 7.970587484079666183e+02 8.018153344544031143e+02 8.161159086498527131e+02 8.647539666984580435e+02 8.665597424966761082e+02 8.451429865549407623e+02 8.251115571914547218e+02 8.274731373132664203e+02 8.594975205294207399e+02
2.506372848763748209e+02 2.358525703268095128e+02 2.796657493828908514e+02 3.041718540412632592e+02 3.283117415751962085e+02 3.755027032467660888e+02 4.186580658344707331e+02 4.519256575361169439e+02 4.874334987467560154e+02 5.241861838357312990e+02 5.691730646965182814e+02 6.312752872305903793e+02 6.794840198247569560e+02 7.046634092579915887e+02 7.128140933550196223e+02 7.199040997408491194e+02 7.244529498351793109e+02 7.311753216177896775e+02 7.521794593300231782e+02 7.802168201228671478e+02 8.095377753550646958e+02 8.267648236843833729e+02 8.242458230712014711e+02 8.511240723158672381e+02 8.794670049727947116e+02 8.557482610637398466e+02 7.951291469769184914e+02 7.395181287053850383e+02 7.275393264092947447e+02 7.352546811404346272e+02 7.564324578359703537e+02 8.177042299617853587e+02 8.149421844006442370e+02 7.717824696368669493e+02 7.635153266805405110e+02 7.720164071015141189e+02 8.376473643749105804e+02
3.414626483391993474e+02 2.926056394961457841e+02 2.450062445342020965e+02 2.786376521993392430e+02 3.200418746108300070e+02 3.553185974514167924e+02 3.729796994946115092e+02 4.055745243924718579e+02 4.374460215387823041e+02 4.590324025645645065e+02 5.202008454710448859e+02 5.905616518346997736e+02 6.585757634501147777e+02 6.899982939132454476e+02 7.058418875918212052e+02 7.223271645288028822e+02 7.251754222806896450e+02 7.305039912287913921e+02 7.455695671575238066e+02 7.719417996514384868e+02 7.909142769642176063e+02 7.814244390458715088e+02 7.559239581935613614e+02 7.956398264896118917e+02 8.312442730049220927e+02 8.106616524365773557e+02 7.508132528021336611e+02 6.796562414256957254e+02 6.634320124937016772e+02 6.735722604175867900e+02 7.399518226655972057e+02 7.697932205828776659e+02 7.588686880290093768e+02 7.104358129005271394e+02 7.090509016743130815e+02 7.669754427067065308e+02 8.296492500255059213e+02
3.998004445909131732e+02 3.424117076253390337e+02 2.450062445408687495e+02 2.526831992428394358e+02 2.950340215430491071e+02 3.160505615926873588e+02 3.442959256967383794e+02 3.681746812590041031e+02 3.838013994330277683e+02 4.465198055211671999e+02 5.150302730813862127e+02 5.828418882556467224e+02 6.233139458620368032e+02 6.303882836519736657e+02 6.433253599785087999e+02 6.740391935411754503e+02 6.660203852627799961e+02 6.686840451336157685e+02 6.810184598757739423e+02 7.223713085784376062e+02 7.380739558829169482e+02 7.090155607232973125e+02 6.944513345203988592e+02 7.432621775195641476e+02 7.813926167499862458e+02 7.621452496299822315e+02 7.103770813836965772e+02 6.652749960229878070e+02 6.051295872918944951e+02 6.627709210131179134e+02 6.958743760368651010e+02 7.037300543789884841e+02 6.913314380610688659e+02 6.559306308129839636e+02 7.193904061871852491e+02 7.725344188912939671e+02 8.276607228524172797e+02
4.497264147217951518e+02 3.996372287125573166e+02 3.261702626845979580e+02 2.954894299242469060e+02 2.637781990433924193e+02 2.961981227245595392e+02 3.225909256917675521e+02 3.247733053928801610e+02 3.814411369478946767e+02 4.408175821684952211e+02 5.031720163364595351e+02 5.520610327533031523e+02 5.627883818760158192e+02 5.618882673699241650e+02 5.799025093391634300e+02 6.174833182419627065e+02 5.974489376270923913e+02 6.004707926992455214e+02 6.158358285611765268e+02 6.681104054031210353e+02 6.817874206511061175e+02 6.426587909142592707e+02 6.439779573155485650e+02 6.980201423994402603e+02 7.273281661383815617e+02 7.095764922046690799e+02 6.628721384750609786e+02 6.183291502016937784e+02 5.730528463186076351e+02 6.094388056441999879e+02 6.247316541117775159e+02 6.389457577790711866e+02 6.101207832669856543e+02 6.374728033354588206e+02 6.751428721316814290e+02 7.225762497885654057e+02 7.808365413216710067e+02
4.877027079950695452e+02 4.192499683449169083e+02 3.724186959027730381e+02 3.345087624935758868e+02 3.025624402634739454e+02 2.727755868196268239e+02 2.788940998636871882e+02 3.145981450083581876e+02 3.384758274615717824e+02 3.900764020056407162e+02 4.509402311178102423e+02 5.028799361799105441e+02 4.997477338669622213e+02 4.969792214598584223e+02 5.473427228585125022e+02 5.649314041217859312e+02 5.319901198013249086e+02 5.389234419759570756e+02 5.601201135092634331e+02 6.254065456878114446e+02 6.346785230865322092e+02 5.837637072916672878e+02 6.115612602616711229e+02 6.562049193836577388e+02 6.655211547459983876e+02 6.494664437146672071e+02 6.136352911150275986e+02 5.813676258383113691e+02 5.513114143772839952e+02 5.450583105934467767e+02 5.651156641787582657e+02 5.731768954764313548e+02 5.971442171323861885e+02 6.453654088208198800e+02 7.026284564679881441e+02 7.556993868836658521e+02 8.131130931648464184e+02
5.251922055868545840e+02 4.671040994596360179e+02 4.200370286695517166e+02 3.777929162063588819e+02 3.685021143659026279e+02 3.298695015719592334e+02 3.244543339909018300e+02 2.863391083247566939e+02 2.918648040595828661e+02 3.177031068957738285e+02 3.949148661329446668e+02 4.451987453885234913e+02 4.413345870030881315e+02 4.492953155010806086e+02 5.068361738233027154e+02 5.136508752751514066e+02 4.730694125940818822e+02 4.831626548624510633e+02 5.456613836360787673e+02 5.967187379357197869e+02 5.967052997701641743e+02 5.459035297581855275e+02 5.567036145365789253e+02 6.065037869073590855e+02 6.159529358069687532e+02 5.769812968769552981e+02 5.536886779736679500e+02 5.503268704208169311e+02 5.211749124177744079e+02 5.458833214225412576e+02 5.538337090839801249e+02 6.070718564469201510e+02 6.524479828717117016e+02 6.941187279758986506e+02 7.437150206198618889e+02 7.964141131184447886e+02 8.502386946583619647e+02
5.702812835769732374e+02 5.199812381857851733e+02 4.687970352994958603e+02 4.532602335507096427e+02 4.177776080520428650e+02 3.836219776383130693e+02 3.140903951886473919e+02 2.988255223696422718e+02 3.168158274861893915e+02 2.999769046977973517e+02 3.300719997245136028e+02 3.937665181352463719e+02 3.876267167446044368e+02 4.347036047537390573e+02 4.519295116456460164e+02 4.520619116743862946e+02 4.195189698670849907e+02 4.827560079946381393e+02 5.313333736912182985e+02 5.579111266708437142e+02 5.522429510263541488e+02 5.159696241025094423e+02 5.013400643378039376e+02 5.623630357107103919e+02 5.640855414827581171e+02 5.281948478500381725e+02 4.897640065189261236e+02 5.039734196431707005e+02 5.347054193378215814e+02 5.391756696049467337e+02 6.019082600907496499e+02 6.535622259553513231e+02 7.036306072742735296e+02 7.541838237787521848e+02 8.021911718182042250e+02 8.510474991749817946e+02 9.006932109587966124e+02
