output/field_example_lateral_ON/discharge_000010.asc
nrows	150
cellsize	66.66666667
xllcorner	0
ncols	150
yllcorner	0
NODATA_value	-9999
[rows 0 to 16 of 150, columns 74 to 110 of 150]
1.408359458542122436e-04 1.408359458542122436e-04 1.408359458542122436e-04 1.408359458542122436e-04 1.408359458542122436e-04 1.408359458542122436e-04 1.408359458542122436e-04 1.408359458542122436e-04 1.408359458542122436e-04 1.408359458542122436e-04 1.408359458542122436e-04 1.408359458542122436e-04 1.408359458542122436e-04 1.408359458542122436e-04 1.408359458542122436e-04 1.408359458542122436e-04 1.408359458542122436e-04 1.408359458542122436e-04 1.408359458542122436e-04 1.408359458542122436e-04 1.408359458542122436e-04 1.408359458542122436e-04 1.408359458542122436e-04 1.408359458542122436e-04 1.408359458542122436e-04 1.408359458542122436e-04 1.408359458542122436e-04 1.408359458542122436e-04 1.408359458542122436e-04 1.408359458542122436e-04 1.408359458542122436e-04 1.408359458542122436e-04 1.408359458542122436e-04 1.408359458542122436e-04 1.408359458542122436e-04 1.408359458542122436e-04 1.408359458542122436e-04
2.816718917084244872e-04 1.408359458542122436e-04 1.408359458542122436e-04 5.633437834168489745e-04 2.816718917084244872e-04 1.408359458542122436e-04 1.408359458542122436e-04 2.816718917084244872e-04 2.816718917084244872e-04 5.633437834168489745e-04 1.408359458542122436e-04 4.225078375626367309e-04 2.816718917084244872e-04 2.816718917084244872e-04 1.408359458542122436e-04 1.408359458542122436e-04 2.816718917084244872e-04 2.816718917084244872e-04 2.816718917084244872e-04 4.225078375626367309e-04 2.816718917084244872e-04 4.225078375626367309e-04 2.816718917084244872e-04 2.816718917084244872e-04 1.408359458542122436e-04 1.408359458542122436e-04 4.225078375626367309e-04 1.408359458542122436e-04 2.816718917084244872e-04 2.816718917084244872e-04 4.225078375626367309e-04 1.408359458542122436e-04 4.225078375626367309e-04 1.408359458542122436e-04 4.225078375626367309e-04 4.225078375626367309e-04 2.816718917084244872e-04
2.816718917084244872e-04 1.408359458542122436e-04 1.408359458542122436e-04 1.126687566833697732e-03 2.816718917084244872e-04 1.408359458542122436e-04 1.408359458542122436e-04 2.816718917084244872e-04 4.225078375626367309e-04 1.126687566833697732e-03 1.408359458542122436e-04 8.450156751252733533e-04 4.225078375626367309e-04 2.816718917084244872e-04 1.408359458542122436e-04 1.408359458542122436e-04 2.816718917084244872e-04 4.225078375626367309e-04 4.225078375626367309e-04 8.450156751252733533e-04 4.225078375626367309e-04 8.450156751252733533e-04 4.225078375626367309e-04 2.816718917084244872e-04 1.408359458542122436e-04 1.408359458542122436e-04 7.041797292710611639e-04 2.816718917084244872e-04 1.408359458542122436e-04 4.225078375626367309e-04 8.450156751252733533e-04 1.408359458542122436e-04 7.041797292710611639e-04 1.408359458542122436e-04 7.041797292710611639e-04 8.450156751252733533e-04 4.225078375626367309e-04
1.408359458542122436e-04 1.408359458542122436e-04 2.816718917084244872e-04 1.690031350250546490e-03 2.816718917084244872e-04 1.408359458542122436e-04 1.408359458542122436e-04 2.816718917084244872e-04 4.225078375626367309e-04 1.830867296104758679e-03 1.408359458542122436e-04 1.408359458542122111e-03 4.225078375626367309e-04 2.816718917084244872e-04 1.408359458542122436e-04 1.408359458542122436e-04 2.816718917084244872e-04 4.225078375626367309e-04 5.633437834168489745e-04 5.633437834168489745e-04 2.253375133667395898e-03 5.633437834168489745e-04 4.225078375626367309e-04 1.408359458542122436e-04 1.408359458542122436e-04 2.816718917084244872e-04 9.858516209794855427e-04 5.633437834168489745e-04 1.408359458542122436e-04 1.408359458542122436e-04 1.408359458542122111e-03 1.408359458542122436e-04 9.858516209794855427e-04 1.408359458542122436e-04 9.858516209794855427e-04 1.830867296104758679e-03 4.225078375626367309e-04
1.408359458542122436e-04 1.408359458542122436e-04 2.816718917084244872e-04 2.394211079521608304e-03 2.816718917084244872e-04 1.408359458542122436e-04 1.408359458542122436e-04 2.816718917084244872e-04 4.225078375626367309e-04 2.535047025375820710e-03 1.408359458542122436e-04 1.971703241958971085e-03 4.225078375626367309e-04 2.816718917084244872e-04 1.408359458542122436e-04 1.408359458542122436e-04 2.816718917084244872e-04 4.225078375626367309e-04 5.633437834168489745e-04 7.041797292710611639e-04 3.520898646355307554e-03 8.450156751252733533e-04 2.816718917084244872e-04 1.408359458542122436e-04 1.408359458542122436e-04 2.816718917084244872e-04 1.690031350250546490e-03 8.450156751252733533e-04 1.408359458542122436e-04 1.408359458542122436e-04 1.830867296104758679e-03 1.408359458542122436e-04 1.267523512687909922e-03 1.408359458542122436e-04 3.098390808792670335e-03 1.408359458542122436e-04 1.408359458542122436e-04
1.408359458542122436e-04 1.408359458542122436e-04 2.816718917084244872e-04 3.098390808792670335e-03 2.816718917084244872e-04 1.408359458542122436e-04 1.408359458542122436e-04 2.816718917084244872e-04 4.225078375626367309e-04 3.239226754646882742e-03 1.408359458542122436e-04 2.535047025375820710e-03 4.225078375626367309e-04 2.816718917084244872e-04 1.408359458542122436e-04 1.408359458542122436e-04 4.225078375626367309e-04 8.450156751252733533e-04 5.633437834168489745e-04 7.041797292710611639e-04 5.351765942460068835e-03 1.408359458542122436e-04 2.816718917084244872e-04 1.408359458542122436e-04 1.408359458542122436e-04 2.816718917084244872e-04 1.408359458542122436e-04 2.816718917084245523e-03 1.408359458542122436e-04 1.408359458542122436e-04 1.408359458542122436e-04 2.253375133667395898e-03 1.408359458542122111e-03 1.408359458542122436e-04 3.520898646355307554e-03 2.816718917084244872e-04 2.816718917084244872e-04
1.408359458542122436e-04 1.408359458542122436e-04 2.816718917084244872e-04 3.802570538063732367e-03 2.816718917084244872e-04 1.408359458542122436e-04 1.408359458542122436e-04 4.225078375626367309e-04 8.450156751252733533e-04 3.943406483917944773e-03 1.408359458542122436e-04 3.098390808792670335e-03 4.225078375626367309e-04 2.816718917084244872e-04 1.408359458542122436e-04 1.408359458542122436e-04 1.408359458542122436e-04 2.816718917084244872e-04 1.267523512687909922e-03 1.971703241958971085e-03 6.619289455147980492e-03 4.225078375626367309e-04 4.225078375626367309e-04 1.408359458542122436e-04 1.408359458542122436e-04 2.816718917084244872e-04 4.225078375626367309e-04 3.239226754646882742e-03 1.408359458542122436e-04 2.816718917084244872e-04 1.408359458542122436e-04 1.408359458542122436e-04 3.943406483917944773e-03 1.408359458542122436e-04 3.943406483917944773e-03 4.225078375626367309e-04 1.408359458542122436e-04
1.408359458542122436e-04 1.408359458542122436e-04 2.816718917084244872e-04 4.506750267334794398e-03 2.816718917084244872e-04 1.408359458542122436e-04 1.408359458542122436e-04 1.408359458542122436e-04 1.408359458542122436e-04 5.210929996605856429e-03 1.408359458542122436e-04 3.661734592209519960e-03 4.225078375626367309e-04 2.816718917084244872e-04 2.816718917084244872e-04 1.408359458542122436e-04 1.408359458542122436e-04 2.816718917084244872e-04 1.408359458542122436e-04 1.408359458542122436e-04 8.872664588815372053e-03 8.450156751252733533e-04 2.816718917084244872e-04 1.408359458542122436e-04 1.408359458542122436e-04 2.816718917084244872e-04 4.225078375626367309e-04 3.943406483917944773e-03 1.408359458542122436e-04 4.225078375626367309e-04 2.816718917084244872e-04 1.408359458542122436e-04 4.365914321480581992e-03 1.408359458542122436e-04 4.647586213189006804e-03 1.408359458542122436e-04 2.816718917084244872e-04
1.408359458542122436e-04 1.408359458542122436e-04 2.816718917084244872e-04 5.210929996605856429e-03 2.816718917084244872e-04 1.408359458542122436e-04 1.408359458542122436e-04 4.225078375626367309e-04 7.041797292710611639e-04 6.196781617585343273e-03 1.408359458542122436e-04 4.647586213189006804e-03 4.225078375626367309e-04 4.225078375626367309e-04 2.816718917084244872e-04 1.408359458542122436e-04 1.408359458542122436e-04 2.816718917084244872e-04 7.041797292710611639e-04 2.816718917084244872e-04 1.028102404735748744e-02 1.408359458542122436e-04 1.408359458542122436e-04 1.408359458542122436e-04 1.408359458542122436e-04 4.225078375626367309e-04 8.450156751252733533e-04 4.647586213189006804e-03 1.408359458542122436e-04 5.633437834168489745e-04 4.225078375626367309e-04 2.816718917084244872e-04 1.408359458542122436e-04 9.295172426378006669e-03 1.408359458542122436e-04 1.408359458542122436e-04 8.450156751252733533e-04
1.408359458542122436e-04 1.408359458542122436e-04 2.816718917084244872e-04 5.915109725876918460e-03 2.816718917084244872e-04 1.408359458542122436e-04 1.408359458542122436e-04 1.408359458542122436e-04 2.816718917084244872e-04 4.225078375626367309e-04 1.112603972248275667e-02 1.408359458542122436e-04 1.408359458542122111e-03 8.450156751252733533e-04 4.225078375626367309e-04 1.408359458542122436e-04 1.408359458542122436e-04 2.816718917084244872e-04 4.225078375626367309e-04 1.267523512687909922e-03 1.070353188492012206e-02 2.816718917084244872e-04 2.816718917084244872e-04 1.408359458542122436e-04 1.408359458542122436e-04 1.408359458542122436e-04 1.408359458542122436e-04 5.915109725876918460e-03 1.408359458542122436e-04 1.135137723584932340e-01 1.128095926292222023e-01 1.098520377662838693e-01 1.091478580370128376e-01 1.087253501994502186e-01 9.886683398965577518e-02 9.844432615209315618e-02 9.520509939744641048e-02
1.408359458542122436e-04 1.408359458542122436e-04 2.816718917084244872e-04 6.900961346856405304e-03 2.816718917084244872e-04 1.408359458542122436e-04 1.408359458542122436e-04 2.816718917084244872e-04 1.408359458542122436e-04 1.408359458542122436e-04 1.197105539760802591e-02 2.112539187813183492e-03 5.633437834168489745e-04 4.225078375626367309e-04 2.816718917084244872e-04 1.408359458542122436e-04 1.408359458542122436e-04 2.816718917084244872e-04 4.225078375626367309e-04 5.633437834168489745e-04 1.267523512687908360e-02 4.225078375626367309e-04 2.816718917084244872e-04 1.408359458542122436e-04 1.408359458542122436e-04 2.816718917084244872e-04 2.816718917084244872e-04 1.408359458542122436e-04 1.198513899219325191e-01 1.408359458542122436e-04 2.394211079521608304e-03 2.816718917084244872e-04 1.408359458542122436e-04 4.225078375626367309e-04 1.408359458542122436e-04 2.957554862938457929e-03 1.408359458542122436e-04
1.408359458542122436e-04 1.408359458542122436e-04 2.816718917084244872e-04 7.745977021981679742e-03 4.225078375626367309e-04 1.408359458542122436e-04 1.408359458542122436e-04 2.816718917084244872e-04 4.225078375626367309e-04 2.816718917084244872e-04 1.521028215225489130e-02 7.041797292710611639e-04 5.633437834168489745e-04 4.225078375626367309e-04 2.816718917084244872e-04 1.408359458542122436e-04 1.408359458542122436e-04 2.816718917084244872e-04 5.633437834168489745e-04 8.450156751252733533e-04 1.126687566833697732e-03 1.492861026054646822e-02 2.816718917084244872e-04 1.408359458542122436e-04 1.408359458542122436e-04 2.816718917084244872e-04 4.225078375626367309e-04 1.219639291097456141e-01 1.408359458542122436e-04 1.408359458542122436e-04 2.816718917084244872e-04 1.971703241958971085e-03 1.408359458542122436e-04 2.816718917084244872e-04 5.633437834168489745e-04 2.816718917084244872e-04 1.971703241958971085e-03
1.408359458542122436e-04 1.408359458542122436e-04 2.816718917084244872e-04 8.872664588815372053e-03 1.408359458542122436e-04 1.408359458542122436e-04 1.408359458542122436e-04 2.816718917084244872e-04 4.225078375626367309e-04 5.633437834168489745e-04 1.633696971908859402e-02 5.633437834168489745e-04 4.225078375626367309e-04 2.816718917084244872e-04 1.408359458542122436e-04 1.408359458542122436e-04 1.408359458542122436e-04 1.408359458542122436e-04 1.408359458542122436e-04 1.408359458542122436e-04 2.816718917084244872e-04 2.816718917084244872e-04 1.591446188152595420e-02 1.408359458542122436e-04 1.408359458542122436e-04 2.816718917084244872e-04 1.232314526224334711e-01 1.408359458542122436e-04 1.408359458542122111e-03 1.408359458542122436e-04 1.408359458542122436e-04 1.549195404396334300e-03 2.816718917084244872e-04 1.408359458542122436e-04 4.225078375626367309e-04 1.408359458542122436e-04 1.690031350250546490e-03
1.408359458542122436e-04 1.408359458542122436e-04 9.436008372232218208e-03 1.408359458542122436e-04 5.633437834168489745e-04 1.408359458542122436e-04 1.408359458542122436e-04 4.225078375626367309e-04 8.450156751252733533e-04 1.844950890690179313e-02 1.408359458542122436e-04 4.225078375626367309e-04 2.816718917084244872e-04 1.408359458542122436e-04 1.408359458542122436e-04 4.225078375626367309e-04 1.408359458542122436e-04 1.408359458542122436e-04 1.408359458542122436e-04 1.408359458542122436e-04 1.408359458542122436e-04 1.408359458542122436e-04 1.408359458542122436e-04 1.647780566494280730e-02 1.408359458542122436e-04 1.408359458542122436e-04 1.243581401892671218e-01 5.633437834168489745e-04 5.633437834168489745e-04 4.225078375626367309e-04 1.408359458542122436e-04 9.858516209794855427e-04 4.225078375626367309e-04 1.408359458542122436e-04 2.816718917084244872e-04 1.408359458542122436e-04 7.041797292710611639e-04
1.126687566833696821e-02 1.408359458542122436e-04 1.028102404735748744e-02 2.816718917084244872e-04 1.408359458542122436e-04 1.408359458542122436e-04 1.408359458542122436e-04 2.816718917084244872e-04 4.225078375626367309e-04 1.943536052788128604e-02 4.225078375626367309e-04 2.816718917084244872e-04 1.408359458542122436e-04 1.408359458542122436e-04 1.408359458542122436e-04 8.450156751252733533e-04 1.408359458542122436e-04 2.816718917084244872e-04 2.816718917084244872e-04 1.408359458542122436e-04 1.408359458542122436e-04 1.408359458542122436e-04 1.408359458542122436e-04 1.675947755665123384e-02 1.408359458542122436e-04 1.257664996478091990e-01 5.633437834168489745e-04 4.225078375626367309e-04 4.225078375626367309e-04 4.225078375626367309e-04 1.408359458542122436e-04 5.633437834168489745e-04 2.816718917084244872e-04 2.816718917084244872e-04 1.408359458542122436e-04 1.408359458542122436e-04 4.225078375626367309e-04
1.408359458542122436e-04 2.211124349911133824e-02 1.408359458542122436e-04 1.408359458542122436e-04 1.408359458542122436e-04 1.408359458542122436e-04 1.408359458542122436e-04 1.408359458542122436e-04 1.408359458542122436e-04 1.999870431129813914e-02 2.816718917084244872e-04 1.408359458542122436e-04 1.408359458542122436e-04 1.408359458542122436e-04 2.816718917084244872e-04 1.267523512687909922e-03 1.408359458542122436e-04 4.225078375626367309e-04 4.225078375626367309e-04 2.816718917084244872e-04 1.408359458542122436e-04 2.816718917084244872e-04 2.816718917084244872e-04 1.408359458542122436e-04 1.435118288254391972e-01 4.225078375626367309e-04 4.225078375626367309e-04 4.225078375626367309e-04 2.816718917084244872e-04 2.816718917084244872e-04 2.816718917084244872e-04 2.816718917084244872e-04 1.408359458542122436e-04 1.408359458542122436e-04 1.408359458542122436e-04 1.408359458542122436e-04 1.408359458542122436e-04
2.816718917084244872e-04 2.267458728252819133e-02 1.408359458542122436e-04 2.816718917084244872e-04 1.408359458542122436e-04 2.816718917084244872e-04 2.816718917084244872e-04 1.408359458542122436e-04 2.816718917084244872e-04 2.056204809471499223e-02 1.408359458542122436e-04 1.408359458542122436e-04 2.816718917084244872e-04 2.816718917084244872e-04 1.408359458542122436e-04 1.830867296104758679e-03 1.408359458542122436e-04 5.633437834168489745e-04 5.633437834168489745e-04 4.225078375626367309e-04 1.408359458542122436e-04 5.633437834168489745e-04 1.408359458542122436e-04 1.447793523381270542e-01 4.225078375626367309e-04 2.816718917084244872e-04 2.816718917084244872e-04 2.816718917084244872e-04 2.816718917084244872e-04 1.408359458542122436e-04 1.408359458542122436e-04 1.408359458542122436e-04 1.408359458542122436e-04 1.408359458542122436e-04 1.408359458542122436e-04 1.408359458542122436e-04 1.408359458542122436e-04
