output/field_example_lateral_ON/discharge_000065.asc
nrows	150
cellsize	66.66666667
xllcorner	0
ncols	150
yllcorner	0
NODATA_value	-9999
[rows 17 to 33 of 150, columns 111 to 147 of 150]
1.408359458542122436e-04 2.816718917084244872e-04 4.225078375626367309e-04 7.323469184419042523e-03 4.225078375626367309e-04 2.816718917084244872e-04 1.408359458542122436e-04 1.408359458542122436e-04 2.816718917084244872e-04 2.816718917084244872e-04 4.929258104897431617e-03 1.408359458542122436e-04 1.408359458542122436e-04 1.408359458542122436e-04 2.816718917084244872e-04 1.408359458542122436e-04 1.549195404396334300e-03 1.408359458542122436e-04 1.408359458542122436e-04 9.858516209794855427e-04 1.549195404396334300e-03 2.816718917084244872e-04 1.408359458542122436e-04 1.408359458542122436e-04 2.816718917084244872e-04 6.760125401002192898e-03 1.408359458542122436e-04 1.408359458542122436e-04 1.408359458542122436e-04 4.225078375626367309e-04 2.816718917084244872e-04 1.408359458542122436e-04 1.408359458542122436e-04 2.816718917084244872e-04 7.041797292710611639e-04 1.408359458542122436e-04 4.225078375626367309e-04
1.408359458542122436e-04 2.816718917084244872e-04 4.225078375626367309e-04 5.774273780022706054e-03 4.225078375626367309e-04 2.816718917084244872e-04 1.408359458542122436e-04 1.408359458542122436e-04 1.408359458542122436e-04 2.816718917084244872e-04 1.690031350250546490e-03 2.816718917084245523e-03 2.816718917084244872e-04 1.408359458542122436e-04 1.408359458542122436e-04 1.408359458542122436e-04 1.126687566833697732e-03 1.408359458542122436e-04 4.225078375626367309e-04 4.225078375626367309e-04 8.450156751252733533e-04 2.816718917084244872e-04 1.408359458542122436e-04 1.408359458542122436e-04 2.816718917084244872e-04 7.041797292710611639e-04 5.633437834168493648e-03 3.943406483917944773e-03 2.394211079521608304e-03 4.225078375626367309e-04 2.816718917084244872e-04 1.408359458542122436e-04 1.408359458542122436e-04 1.408359458542122436e-04 4.225078375626367309e-04 1.408359458542122436e-04 1.408359458542122436e-04
1.408359458542122436e-04 2.816718917084244872e-04 4.225078375626367309e-04 3.802570538063732367e-03 1.408359458542122111e-03 8.450156751252733533e-04 4.225078375626367309e-04 1.408359458542122436e-04 1.408359458542122436e-04 2.816718917084244872e-04 1.267523512687909922e-03 5.633437834168489745e-04 1.830867296104758679e-03 5.633437834168489745e-04 1.408359458542122436e-04 1.408359458542122436e-04 7.041797292710611639e-04 1.408359458542122436e-04 2.816718917084244872e-04 2.816718917084244872e-04 4.225078375626367309e-04 2.816718917084244872e-04 1.408359458542122436e-04 1.408359458542122436e-04 2.816718917084244872e-04 2.816718917084244872e-04 1.408359458542122111e-03 1.408359458542122436e-04 1.267523512687909922e-03 1.408359458542122111e-03 9.858516209794855427e-04 7.041797292710611639e-04 2.816718917084244872e-04 1.408359458542122436e-04 1.408359458542122436e-04 1.408359458542122436e-04 1.408359458542122436e-04
1.408359458542122436e-04 2.816718917084244872e-04 5.633437834168489745e-04 2.675882971230033117e-03 4.225078375626367309e-04 4.225078375626367309e-04 2.816718917084244872e-04 1.408359458542122436e-04 1.408359458542122436e-04 2.816718917084244872e-04 8.450156751252733533e-04 4.225078375626367309e-04 8.450156751252733533e-04 2.816718917084244872e-04 2.816718917084244872e-04 1.408359458542122436e-04 2.816718917084244872e-04 1.408359458542122436e-04 1.408359458542122436e-04 1.408359458542122436e-04 1.408359458542122436e-04 1.408359458542122436e-04 1.408359458542122436e-04 1.408359458542122436e-04 1.408359458542122436e-04 2.816718917084244872e-04 8.450156751252733533e-04 1.408359458542122436e-04 8.450156751252733533e-04 2.816718917084244872e-04 2.816718917084244872e-04 1.408359458542122436e-04 1.408359458542122436e-04 1.408359458542122436e-04 1.408359458542122436e-04 1.408359458542122436e-04 2.816718917084244872e-04
1.408359458542122436e-04 4.225078375626367309e-04 4.225078375626367309e-04 1.690031350250546490e-03 4.225078375626367309e-04 2.816718917084244872e-04 2.816718917084244872e-04 1.408359458542122436e-04 1.408359458542122436e-04 2.816718917084244872e-04 4.225078375626367309e-04 2.816718917084244872e-04 4.225078375626367309e-04 2.816718917084244872e-04 1.408359458542122436e-04 1.408359458542122436e-04 1.408359458542122436e-04 1.408359458542122436e-04 1.408359458542122436e-04 1.408359458542122436e-04 1.408359458542122436e-04 1.408359458542122436e-04 1.408359458542122436e-04 1.408359458542122436e-04 1.408359458542122436e-04 1.408359458542122436e-04 4.225078375626367309e-04 1.408359458542122436e-04 4.225078375626367309e-04 2.816718917084244872e-04 1.408359458542122436e-04 1.408359458542122436e-04 1.408359458542122436e-04 1.408359458542122436e-04 4.225078375626367309e-04 2.816718917084244872e-04 4.225078375626367309e-04
2.816718917084244872e-04 2.816718917084244872e-04 2.816718917084244872e-04 9.858516209794855427e-04 2.816718917084244872e-04 2.816718917084244872e-04 1.408359458542122436e-04 1.408359458542122436e-04 1.408359458542122436e-04 1.408359458542122436e-04 1.408359458542122436e-04 1.408359458542122436e-04 1.408359458542122436e-04 1.408359458542122436e-04 1.408359458542122436e-04 1.408359458542122436e-04 1.408359458542122436e-04 1.408359458542122436e-04 2.816718917084244872e-04 4.225078375626367309e-04 4.225078375626367309e-04 2.816718917084244872e-04 2.816718917084244872e-04 1.408359458542122436e-04 1.408359458542122436e-04 1.408359458542122436e-04 1.408359458542122436e-04 1.408359458542122436e-04 1.408359458542122436e-04 1.408359458542122436e-04 1.408359458542122436e-04 1.408359458542122436e-04 1.408359458542122436e-04 2.816718917084244872e-04 7.041797292710611639e-04 4.225078375626367309e-04 5.633437834168489745e-04
1.408359458542122436e-04 1.408359458542122436e-04 1.408359458542122436e-04 4.225078375626367309e-04 2.816718917084244872e-04 1.408359458542122436e-04 1.408359458542122436e-04 1.408359458542122436e-04 1.408359458542122436e-04 1.408359458542122436e-04 1.408359458542122436e-04 1.408359458542122436e-04 1.408359458542122436e-04 1.408359458542122436e-04 1.408359458542122436e-04 1.408359458542122436e-04 2.816718917084244872e-04 2.816718917084244872e-04 2.816718917084244872e-04 8.450156751252733533e-04 8.450156751252733533e-04 4.225078375626367309e-04 2.816718917084244872e-04 2.816718917084244872e-04 2.816718917084244872e-04 1.408359458542122436e-04 1.408359458542122436e-04 1.408359458542122436e-04 1.408359458542122436e-04 1.408359458542122436e-04 1.408359458542122436e-04 1.408359458542122436e-04 2.816718917084244872e-04 2.816718917084244872e-04 1.126687566833697732e-03 5.633437834168489745e-04 1.971703241958971085e-03
1.408359458542122436e-04 1.408359458542122436e-04 1.408359458542122436e-04 1.408359458542122436e-04 1.408359458542122436e-04 1.408359458542122436e-04 1.408359458542122436e-04 1.408359458542122436e-04 2.816718917084244872e-04 4.225078375626367309e-04 4.225078375626367309e-04 1.408359458542122436e-04 2.816718917084244872e-04 2.816718917084244872e-04 2.816718917084244872e-04 1.408359458542122436e-04 2.816718917084244872e-04 4.225078375626367309e-04 4.225078375626367309e-04 1.267523512687909922e-03 1.408359458542122111e-03 4.225078375626367309e-04 4.225078375626367309e-04 4.225078375626367309e-04 2.816718917084244872e-04 2.816718917084244872e-04 2.816718917084244872e-04 2.816718917084244872e-04 1.408359458542122436e-04 1.408359458542122436e-04 2.816718917084244872e-04 4.225078375626367309e-04 1.408359458542122436e-04 7.041797292710611639e-04 1.408359458542122436e-04 3.802570538063732367e-03 4.225078375626367309e-04
2.816718917084244872e-04 5.633437834168489745e-04 1.408359458542122436e-04 1.408359458542122436e-04 1.408359458542122436e-04 1.408359458542122436e-04 1.408359458542122436e-04 2.816718917084244872e-04 2.816718917084244872e-04 8.450156751252733533e-04 7.041797292710611639e-04 1.408359458542122436e-04 4.225078375626367309e-04 7.041797292710611639e-04 1.408359458542122436e-04 1.408359458542122436e-04 2.816718917084244872e-04 4.225078375626367309e-04 5.633437834168489745e-04 1.830867296104758679e-03 1.971703241958971085e-03 1.408359458542122436e-04 9.858516209794855427e-04 4.225078375626367309e-04 4.225078375626367309e-04 4.225078375626367309e-04 4.225078375626367309e-04 2.816718917084244872e-04 1.408359458542122436e-04 1.408359458542122436e-04 2.816718917084244872e-04 8.450156751252733533e-04 1.408359458542122436e-04 9.858516209794855427e-04 2.816718917084244872e-04 4.929258104897431617e-03 5.633437834168489745e-04
2.816718917084244872e-04 1.126687566833697732e-03 2.816718917084244872e-04 2.816718917084244872e-04 1.408359458542122436e-04 1.408359458542122436e-04 2.816718917084244872e-04 2.816718917084244872e-04 4.225078375626367309e-04 1.971703241958971085e-03 1.408359458542122436e-04 1.408359458542122436e-04 7.041797292710611639e-04 9.858516209794855427e-04 1.408359458542122436e-04 1.408359458542122436e-04 2.816718917084244872e-04 4.225078375626367309e-04 9.858516209794855427e-04 4.506750267334794398e-03 1.408359458542122436e-04 1.267523512687909922e-03 5.633437834168489745e-04 5.633437834168489745e-04 5.633437834168489745e-04 5.633437834168489745e-04 8.450156751252733533e-04 4.225078375626367309e-04 1.408359458542122436e-04 1.408359458542122436e-04 4.225078375626367309e-04 1.690031350250546490e-03 1.408359458542122436e-04 2.816718917084244872e-04 6.900961346856405304e-03 5.633437834168489745e-04 4.225078375626367309e-04
2.816718917084244872e-04 1.830867296104758679e-03 4.225078375626367309e-04 2.816718917084244872e-04 1.408359458542122436e-04 1.408359458542122436e-04 2.816718917084244872e-04 4.225078375626367309e-04 4.225078375626367309e-04 2.675882971230033117e-03 1.408359458542122436e-04 1.408359458542122436e-04 9.858516209794855427e-04 1.408359458542122111e-03 1.408359458542122436e-04 1.408359458542122436e-04 2.816718917084244872e-04 4.225078375626367309e-04 1.408359458542122436e-04 6.055945671731130867e-03 1.408359458542122436e-04 7.323469184419042523e-03 5.070094050751644023e-03 4.084242429772157179e-03 2.957554862938457929e-03 1.971703241958971085e-03 7.041797292710611639e-04 4.225078375626367309e-04 1.408359458542122436e-04 1.408359458542122436e-04 2.816718917084244872e-04 1.408359458542122436e-04 1.971703241958971085e-03 7.464305130273254929e-03 1.408359458542122436e-04 1.408359458542122436e-04 1.408359458542122436e-04
4.225078375626367309e-04 2.675882971230033117e-03 4.225078375626367309e-04 2.816718917084244872e-04 1.408359458542122436e-04 1.408359458542122436e-04 2.816718917084244872e-04 7.041797292710611639e-04 1.267523512687909922e-03 3.380062700501095148e-03 1.408359458542122436e-04 1.408359458542122436e-04 2.675882971230033117e-03 1.408359458542122436e-04 1.408359458542122436e-04 1.408359458542122436e-04 2.816718917084244872e-04 4.225078375626367309e-04 5.633437834168489745e-04 6.196781617585343273e-03 7.886812967835891280e-03 1.408359458542122436e-04 2.816718917084244872e-04 2.816718917084244872e-04 4.225078375626367309e-04 2.816718917084244872e-04 2.816718917084244872e-04 1.408359458542122436e-04 1.408359458542122436e-04 1.408359458542122436e-04 2.816718917084244872e-04 7.041797292710611639e-04 1.408359458542122436e-04 1.014018810150327590e-02 2.816718917084244872e-04 2.816718917084244872e-04 2.816718917084244872e-04
4.225078375626367309e-04 3.661734592209519960e-03 4.225078375626367309e-04 2.816718917084244872e-04 2.816718917084244872e-04 1.408359458542122436e-04 1.408359458542122436e-04 1.408359458542122436e-04 1.408359458542122436e-04 4.929258104897431617e-03 1.408359458542122436e-04 1.408359458542122436e-04 3.098390808792670335e-03 2.816718917084244872e-04 1.408359458542122436e-04 1.408359458542122436e-04 2.816718917084244872e-04 8.450156751252733533e-04 1.408359458542122436e-04 1.492861026054646822e-02 1.408359458542122436e-04 2.816718917084244872e-04 1.408359458542122436e-04 1.408359458542122436e-04 1.408359458542122436e-04 2.816718917084244872e-04 1.408359458542122436e-04 1.408359458542122436e-04 1.408359458542122436e-04 1.408359458542122436e-04 1.408359458542122436e-04 2.816718917084244872e-04 1.126687566833697732e-03 1.183021945175381437e-02 4.225078375626367309e-04 1.267523512687909922e-03 8.450156751252733533e-04
1.690031350250546490e-03 4.225078375626369585e-03 8.450156751252733533e-04 4.225078375626367309e-04 2.816718917084244872e-04 1.408359458542122436e-04 1.408359458542122436e-04 5.633437834168489745e-04 1.408359458542122111e-03 1.549195404396334300e-03 6.760125401002192898e-03 1.408359458542122436e-04 3.661734592209519960e-03 2.816718917084244872e-04 1.408359458542122436e-04 1.408359458542122436e-04 5.633437834168489745e-04 1.408359458542122436e-04 1.126687566833697732e-03 1.802700106933915331e-02 1.408359458542122436e-04 1.408359458542122436e-04 1.408359458542122436e-04 1.408359458542122436e-04 2.816718917084244872e-04 1.408359458542122436e-04 1.408359458542122436e-04 1.408359458542122436e-04 1.408359458542122436e-04 2.816718917084244872e-04 2.816718917084244872e-04 1.408359458542122436e-04 2.816718917084244872e-04 1.225272728931644899e-02 1.971703241958971085e-03 5.633437834168489745e-04 4.225078375626367309e-04
8.450156751252733533e-04 2.675882971230033117e-03 5.633437834168493648e-03 4.225078375626367309e-04 2.816718917084244872e-04 1.408359458542122436e-04 1.408359458542122436e-04 1.408359458542122436e-04 2.816718917084244872e-04 2.816718917084244872e-04 4.225078375626367309e-04 7.464305130273254929e-03 4.084242429772157179e-03 2.816718917084244872e-04 1.408359458542122436e-04 1.408359458542122436e-04 2.267458728252819133e-02 2.182957160740291169e-02 2.028037620300656568e-02 5.633437834168489745e-04 2.816718917084245523e-03 2.112539187813183492e-03 1.549195404396334300e-03 9.858516209794855427e-04 4.225078375626367309e-04 1.408359458542122436e-04 1.408359458542122436e-04 1.408359458542122436e-04 2.816718917084244872e-04 2.816718917084244872e-04 4.225078375626367309e-04 4.225078375626367309e-04 1.408359458542122436e-04 1.464693836883804515e-02 1.408359458542122436e-04 1.408359458542122436e-04 1.408359458542122436e-04
1.408359458542122436e-04 1.408359458542122436e-04 9.436008372232218208e-03 4.225078375626367309e-04 2.816718917084244872e-04 1.408359458542122436e-04 1.408359458542122436e-04 1.408359458542122436e-04 1.408359458542122436e-04 1.408359458542122436e-04 2.816718917084244872e-04 8.450156751252737436e-03 8.590992697106948975e-03 1.337941485615014130e-02 1.408359458542122436e-04 2.351960295765347098e-02 2.816718917084244872e-04 1.408359458542122436e-04 1.126687566833697732e-03 4.225078375626367309e-04 4.225078375626367309e-04 4.225078375626367309e-04 2.816718917084244872e-04 2.816718917084244872e-04 1.408359458542122436e-04 1.408359458542122436e-04 1.408359458542122436e-04 2.816718917084244872e-04 2.816718917084244872e-04 4.225078375626367309e-04 4.225078375626367309e-04 5.633437834168489745e-04 5.633437834168489745e-04 1.704114944835966039e-02 1.690031350250546490e-03 1.408359458542122111e-03 9.858516209794855427e-04
2.816718917084244872e-04 5.633437834168489745e-04 1.014018810150327590e-02 4.225078375626367309e-04 2.816718917084244872e-04 2.816718917084244872e-04 1.408359458542122436e-04 1.408359458542122436e-04 1.408359458542122436e-04 2.816718917084244872e-04 4.225078375626367309e-04 1.408359458542122436e-04 1.408359458542122436e-04 1.366108674785856437e-02 2.408294674107032407e-02 2.816718917084244872e-04 2.816718917084244872e-04 1.408359458542122436e-04 5.633437834168489745e-04 4.225078375626367309e-04 2.816718917084244872e-04 2.816718917084244872e-04 2.816718917084244872e-04 1.408359458542122436e-04 1.408359458542122436e-04 1.408359458542122436e-04 1.408359458542122436e-04 2.816718917084244872e-04 7.041797292710611639e-04 1.549195404396334300e-03 1.408359458542122436e-04 1.126687566833697732e-03 1.408359458542122436e-04 1.746365728592230021e-02 2.816718917084244872e-04 1.408359458542122436e-04 1.408359458542122436e-04
