output/field_example_lateral_ON/discharge_000097.asc
nrows	150
cellsize	66.66666667
xllcorner	0
ncols	150
yllcorner	0
NODATA_value	-9999
[rows 119 to 135 of 150, columns 74 to 110 of 150]
2.816718917084244872e-04 1.408359458542122436e-04 1.408359458542122436e-04 1.408359458542122436e-04 2.816718917084244872e-04 4.225078375626367309e-04 5.633437834168489745e-04 7.605141076127467335e-03 4.225078375626367309e-04 4.225078375626367309e-04 1.408359458542122436e-04 2.816718917084244872e-04 2.816718917084244872e-04 1.408359458542122436e-04 4.225078375626367309e-04 4.225078375626367309e-04 2.816718917084244872e-04 8.083983292031736434e-02 4.225078375626367309e-04 2.816718917084244872e-04 1.408359458542122436e-04 1.408359458542122436e-04 1.408359458542122436e-04 1.408359458542122436e-04 1.408359458542122436e-04 1.408359458542122436e-04 1.408359458542122436e-04 2.816718917084244872e-04 2.816718917084244872e-04 1.408359458542122436e-04 9.858516209794855427e-04 7.745977021981679742e-03 4.225078375626367309e-04 2.816718917084244872e-04 1.408359458542122436e-04 1.408359458542122436e-04 2.816718917084244872e-04
1.408359458542122436e-04 2.816718917084244872e-04 2.816718917084244872e-04 1.408359458542122436e-04 1.408359458542122436e-04 1.408359458542122436e-04 1.408359458542122436e-04 8.872664588815372053e-03 8.450156751252733533e-04 2.816718917084244872e-04 1.408359458542122436e-04 4.225078375626367309e-04 4.225078375626367309e-04 1.408359458542122436e-04 2.816718917084244872e-04 8.450156751252733533e-04 8.365655183740149103e-02 1.126687566833697732e-03 7.041797292710611639e-04 5.633437834168489745e-04 4.225078375626367309e-04 2.816718917084244872e-04 1.408359458542122436e-04 1.408359458542122436e-04 1.408359458542122436e-04 2.816718917084244872e-04 1.408359458542122436e-04 2.816718917084244872e-04 4.225078375626367309e-04 4.225078375626367309e-04 9.154336480523795130e-03 1.408359458542122436e-04 4.225078375626367309e-04 2.816718917084244872e-04 1.408359458542122436e-04 1.408359458542122436e-04 2.816718917084244872e-04
1.408359458542122436e-04 5.633437834168489745e-04 4.225078375626367309e-04 2.816718917084244872e-04 1.408359458542122436e-04 2.816718917084244872e-04 5.633437834168489745e-04 1.056269593906591052e-02 1.408359458542122436e-04 1.408359458542122436e-04 2.816718917084244872e-04 5.633437834168489745e-04 5.633437834168489745e-04 2.816718917084244872e-04 1.408359458542122436e-04 1.408359458542122436e-04 8.450156751252672904e-02 1.408359458542122436e-04 9.858516209794855427e-04 7.041797292710611639e-04 4.225078375626367309e-04 2.816718917084244872e-04 1.408359458542122436e-04 2.816718917084244872e-04 2.816718917084244872e-04 4.225078375626367309e-04 1.408359458542122436e-04 2.816718917084244872e-04 4.225078375626367309e-04 9.858516209794855427e-04 9.717680263940641286e-03 4.225078375626367309e-04 2.816718917084244872e-04 1.408359458542122436e-04 1.408359458542122436e-04 1.408359458542122436e-04 2.816718917084244872e-04
2.816718917084244872e-04 7.041797292710611639e-04 5.633437834168489745e-04 4.225078375626367309e-04 1.408359458542122436e-04 2.816718917084244872e-04 1.408359458542122436e-04 1.098520377662854514e-02 1.408359458542122436e-04 2.816718917084244872e-04 4.225078375626367309e-04 1.267523512687909922e-03 1.408359458542122436e-04 4.225078375626367309e-04 1.408359458542122436e-04 8.534658318765196705e-02 2.816718917084244872e-04 5.633437834168489745e-04 1.408359458542122436e-04 1.408359458542122436e-04 1.408359458542122436e-04 1.408359458542122436e-04 1.408359458542122436e-04 4.225078375626367309e-04 8.450156751252733533e-04 1.408359458542122436e-04 1.408359458542122436e-04 2.816718917084244872e-04 4.225078375626367309e-04 1.211189134346223745e-02 4.225078375626367309e-04 2.816718917084244872e-04 1.408359458542122436e-04 1.408359458542122436e-04 2.816718917084244872e-04 1.408359458542122436e-04 2.816718917084244872e-04
4.225078375626367309e-04 8.450156751252733533e-04 7.041797292710611639e-04 7.041797292710611639e-04 1.408359458542122436e-04 1.408359458542122436e-04 4.225078375626367309e-04 1.112603972248275667e-02 1.408359458542122436e-04 8.450156751252733533e-04 1.408359458542122436e-04 1.549195404396334300e-03 1.408359458542122436e-04 5.633437834168489745e-04 8.590992697106879239e-02 1.408359458542122436e-04 1.408359458542122436e-04 1.408359458542122436e-04 2.816718917084244872e-04 1.408359458542122436e-04 1.408359458542122436e-04 2.816718917084244872e-04 1.408359458542122436e-04 1.549195404396334300e-03 2.816718917084244872e-04 1.408359458542122436e-04 1.408359458542122436e-04 2.816718917084244872e-04 4.225078375626367309e-04 1.309774296444171822e-02 4.225078375626367309e-04 2.816718917084244872e-04 1.408359458542122436e-04 2.816718917084244872e-04 4.225078375626367309e-04 1.408359458542122436e-04 2.816718917084244872e-04
5.633437834168489745e-04 9.858516209794855427e-04 8.450156751252733533e-04 9.858516209794855427e-04 1.408359458542122436e-04 1.408359458542122436e-04 4.103959462191917873e-01 4.096917664899206168e-01 3.982840548757276555e-01 3.977207110923107192e-01 3.963123516337683783e-01 3.954673359586429737e-01 3.930731248791209942e-01 8.675494264619403040e-02 1.408359458542122436e-04 1.408359458542122436e-04 1.408359458542122436e-04 1.408359458542122436e-04 1.408359458542122436e-04 1.408359458542122436e-04 2.816718917084244872e-04 4.225078375626367309e-04 2.816718917084244872e-04 2.253375133667395898e-03 2.816718917084244872e-04 1.408359458542122436e-04 1.408359458542122436e-04 2.816718917084244872e-04 4.225078375626367309e-04 1.366108674785856437e-02 2.816718917084244872e-04 1.408359458542122436e-04 1.408359458542122436e-04 4.225078375626367309e-04 5.633437834168489745e-04 2.816718917084244872e-04 1.408359458542122436e-04
7.041797292710611639e-04 1.408359458542122436e-04 4.808139191463088324e-01 4.788422159043495552e-01 2.816718917084244872e-04 4.111001259484629577e-01 1.408359458542122436e-04 1.408359458542122436e-04 2.816718917084244872e-04 4.225078375626367309e-04 5.633437834168489745e-04 7.041797292710611639e-04 1.408359458542122436e-04 3.058956743953500923e-01 1.408359458542122436e-04 2.816718917084244872e-04 2.816718917084244872e-04 2.816718917084244872e-04 1.408359458542122436e-04 2.816718917084244872e-04 4.225078375626367309e-04 5.633437834168489745e-04 2.816718917084245523e-03 1.408359458542122436e-04 1.408359458542122436e-04 2.816718917084244872e-04 1.408359458542122436e-04 2.816718917084244872e-04 1.492861026054646822e-02 1.408359458542122436e-04 1.408359458542122436e-04 1.408359458542122436e-04 2.816718917084244872e-04 5.633437834168489745e-04 7.041797292710611639e-04 4.225078375626367309e-04 1.408359458542122436e-04
4.832081302258308120e-01 4.822222786048511733e-01 2.816718917084244872e-04 1.408359458542122436e-04 4.772930204999529802e-01 1.408359458542122436e-04 2.816718917084244872e-04 1.408359458542122436e-04 1.408359458542122436e-04 2.816718917084244872e-04 4.225078375626367309e-04 5.633437834168489745e-04 5.633437834168489745e-04 1.408359458542122436e-04 3.049098227743704537e-01 3.039239711533908150e-01 1.408359458542122436e-04 5.633437834168489745e-04 1.408359458542122436e-04 4.225078375626367309e-04 5.633437834168489745e-04 3.520898646355307554e-03 1.408359458542122436e-04 1.408359458542122436e-04 2.816718917084244872e-04 4.225078375626367309e-04 2.816718917084244872e-04 1.408359458542122436e-04 1.521028215225489130e-02 1.408359458542122436e-04 1.408359458542122436e-04 2.816718917084244872e-04 1.408359458542122436e-04 9.858516209794855427e-04 8.450156751252733533e-04 1.408359458542122436e-04 6.478453509293768085e-03
1.408359458542122436e-04 8.450156751252733533e-04 1.408359458542122436e-04 7.041797292710611639e-04 1.408359458542122436e-04 6.506620698464625485e-02 1.408359458542122436e-04 5.633437834168489745e-04 1.408359458542122436e-04 1.408359458542122436e-04 2.816718917084244872e-04 4.225078375626367309e-04 4.225078375626367309e-04 5.633437834168489745e-04 2.816718917084244872e-04 1.408359458542122436e-04 3.029381195324111764e-01 3.020931038572857719e-01 2.996988927777637923e-01 1.408359458542122436e-04 7.041797292710611639e-04 3.802570538063732367e-03 1.408359458542122436e-04 2.816718917084244872e-04 4.225078375626367309e-04 5.633437834168489745e-04 1.408359458542122436e-04 1.577362593567174093e-02 1.408359458542122436e-04 1.408359458542122436e-04 2.816718917084244872e-04 4.225078375626367309e-04 2.816718917084244872e-04 1.971703241958971085e-03 1.408359458542122436e-04 1.408359458542122436e-04 6.900961346856405304e-03
7.041797292710611639e-04 7.041797292710611639e-04 4.225078375626367309e-04 1.408359458542122436e-04 1.408359458542122436e-04 1.408359458542122436e-04 6.450286320122942951e-02 1.408359458542122436e-04 2.816718917084244872e-04 1.408359458542122436e-04 1.408359458542122436e-04 2.816718917084244872e-04 2.816718917084244872e-04 4.225078375626367309e-04 1.408359458542122436e-04 2.816718917084244872e-04 4.225078375626367309e-04 1.690031350250546490e-03 1.408359458542122436e-04 2.987130411567841537e-01 2.973046816982418128e-01 2.960371581855537060e-01 2.829394152211099356e-01 2.825169073835472333e-01 1.408359458542122436e-04 2.797001884664625515e-01 2.789960087371913811e-01 2.785735008996286788e-01 2.623773671263917584e-01 2.619548592888290561e-01 2.615323514512663539e-01 2.458995614614472025e-01 1.408359458542122436e-04 2.253375133667395898e-03 1.408359458542122436e-04 2.816718917084244872e-04 1.408359458542122436e-04
5.633437834168489745e-04 5.633437834168489745e-04 2.816718917084244872e-04 1.408359458542122436e-04 5.633437834168489745e-04 6.323533968854157250e-02 1.408359458542122436e-04 2.816718917084244872e-04 1.408359458542122436e-04 1.408359458542122436e-04 1.408359458542122436e-04 1.408359458542122436e-04 1.408359458542122436e-04 2.816718917084244872e-04 1.408359458542122436e-04 2.816718917084244872e-04 1.408359458542122111e-03 1.408359458542122436e-04 1.126687566833697732e-03 1.408359458542122436e-04 4.225078375626367309e-04 9.154336480523795130e-03 1.408359458542122436e-04 1.408359458542122436e-04 2.813902198167133606e-01 4.225078375626367309e-04 1.408359458542122436e-04 2.816718917084244872e-04 1.408359458542122436e-04 1.408359458542122436e-04 1.521028215225489130e-02 1.408359458542122436e-04 2.447728738946135518e-01 2.416744830858210125e-01 2.412519752482583935e-01 2.408294674106957745e-01 2.333651622804228387e-01
4.225078375626367309e-04 4.225078375626367309e-04 1.408359458542122436e-04 2.816718917084244872e-04 1.408359458542122436e-04 8.450156751252733533e-04 6.154530833829105485e-02 1.408359458542122436e-04 8.450156751252733533e-04 5.633437834168489745e-04 2.816718917084244872e-04 1.408359458542122436e-04 1.408359458542122436e-04 1.408359458542122436e-04 1.408359458542122436e-04 2.816718917084244872e-04 9.858516209794855427e-04 1.408359458542122436e-04 8.450156751252733533e-04 1.408359458542122436e-04 1.408359458542122436e-04 9.013500534669583591e-03 1.408359458542122436e-04 2.816718917084244872e-04 4.225078375626367309e-04 4.225078375626367309e-04 2.816718917084244872e-04 1.408359458542122436e-04 1.408359458542122436e-04 1.450610242298383361e-02 5.633437834168489745e-04 1.408359458542122436e-04 5.633437834168489745e-04 2.816718917084244872e-04 1.408359458542122436e-04 7.041797292710617710e-03 2.816718917084244872e-04
2.816718917084244872e-04 2.816718917084244872e-04 1.408359458542122436e-04 2.816718917084244872e-04 7.041797292710611639e-04 2.816718917084244872e-04 1.408359458542122436e-04 6.084112860901998848e-02 1.408359458542122436e-04 1.408359458542122436e-04 1.408359458542122436e-04 2.816718917084244872e-04 1.408359458542122436e-04 1.408359458542122436e-04 1.408359458542122436e-04 1.408359458542122436e-04 7.041797292710611639e-04 1.408359458542122436e-04 5.633437834168489745e-04 1.408359458542122436e-04 7.041797292710611639e-04 8.027648913690102819e-03 2.816718917084244872e-04 1.408359458542122436e-04 2.816718917084244872e-04 2.816718917084244872e-04 1.408359458542122436e-04 1.408359458542122436e-04 1.408359458542119899e-02 1.408359458542122436e-04 1.408359458542122436e-04 2.816718917084244872e-04 4.225078375626367309e-04 1.408359458542122436e-04 2.816718917084244872e-04 6.478453509293768085e-03 1.408359458542122436e-04
1.408359458542122436e-04 1.408359458542122436e-04 1.408359458542122436e-04 2.816718917084244872e-04 1.408359458542122436e-04 1.408359458542122436e-04 2.253375133667395898e-03 1.408359458542122436e-04 5.732022996266465664e-02 2.816718917084244872e-04 1.267523512687909922e-03 8.450156751252733533e-04 5.633437834168489745e-04 2.816718917084244872e-04 1.408359458542122436e-04 1.408359458542122436e-04 4.225078375626367309e-04 1.408359458542122436e-04 2.816718917084244872e-04 4.225078375626367309e-04 5.633437834168489745e-04 6.900961346856405304e-03 1.408359458542122436e-04 1.408359458542122436e-04 1.408359458542122436e-04 1.408359458542122436e-04 2.816718917084244872e-04 5.633437834168489745e-04 8.450156751252733533e-04 1.239356323517066052e-02 1.408359458542122436e-04 1.408359458542122436e-04 2.816718917084244872e-04 1.408359458542122436e-04 2.816718917084244872e-04 1.408359458542122436e-04 5.915109725876918460e-03
1.408359458542122436e-04 1.408359458542122436e-04 1.408359458542122436e-04 2.816718917084244872e-04 5.633437834168489745e-04 9.858516209794855427e-04 9.858516209794855427e-04 1.408359458542122436e-04 1.408359458542122436e-04 5.647521428753937700e-02 7.041797292710611639e-04 5.633437834168489745e-04 4.225078375626367309e-04 2.816718917084244872e-04 1.408359458542122436e-04 1.408359458542122436e-04 1.408359458542122436e-04 1.408359458542122436e-04 2.816718917084244872e-04 4.225078375626367309e-04 4.225078375626367309e-04 2.253375133667395898e-03 4.084242429772157179e-03 2.816718917084244872e-04 1.408359458542122436e-04 1.408359458542122436e-04 1.408359458542122436e-04 2.816718917084244872e-04 4.225078375626367309e-04 1.211189134346223745e-02 2.816718917084244872e-04 1.408359458542122436e-04 1.408359458542122436e-04 1.408359458542122436e-04 2.816718917084244872e-04 5.070094050751644023e-03 1.408359458542122436e-04
4.225078375626367309e-04 1.408359458542122436e-04 1.408359458542122436e-04 1.408359458542122436e-04 2.816718917084244872e-04 4.225078375626367309e-04 4.225078375626367309e-04 4.225078375626367309e-04 7.041797292710611639e-04 5.436267509972617790e-02 4.225078375626367309e-04 2.816718917084244872e-04 1.408359458542122436e-04 1.408359458542122436e-04 1.408359458542122436e-04 1.408359458542122436e-04 1.408359458542122436e-04 1.408359458542122436e-04 2.816718917084244872e-04 2.816718917084244872e-04 4.225078375626367309e-04 1.690031350250546490e-03 8.450156751252733533e-04 2.816718917084245523e-03 4.225078375626367309e-04 1.408359458542122436e-04 1.408359458542122436e-04 2.816718917084244872e-04 4.225078375626367309e-04 1.168938350589960283e-02 4.225078375626367309e-04 2.816718917084244872e-04 1.408359458542122436e-04 1.408359458542122436e-04 2.816718917084244872e-04 5.633437834168489745e-04 3.802570538063732367e-03
4.225078375626367309e-04 2.816718917084244872e-04 1.408359458542122436e-04 1.408359458542122436e-04 2.816718917084244872e-04 2.816718917084244872e-04 2.816718917084244872e-04 1.408359458542122436e-04 1.408359458542122436e-04 5.309515158703825843e-02 1.408359458542122436e-04 1.408359458542122436e-04 2.816718917084244872e-04 2.816718917084244872e-04 2.816718917084244872e-04 2.816718917084244872e-04 1.408359458542122436e-04 1.408359458542122436e-04 1.408359458542122436e-04 2.816718917084244872e-04 2.816718917084244872e-04 1.267523512687909922e-03 7.041797292710611639e-04 1.971703241958971085e-03 2.816718917084244872e-04 1.408359458542122436e-04 1.408359458542122436e-04 2.816718917084244872e-04 4.225078375626367309e-04 1.070353188492012206e-02 4.225078375626367309e-04 2.816718917084244872e-04 1.408359458542122436e-04 1.408359458542122436e-04 1.408359458542122436e-04 2.816718917084244872e-04 3.098390808792670335e-03
