output/field_example_lateral_ON/discharge_000058.asc
nrows	150
cellsize	66.66666667
xllcorner	0
ncols	150
yllcorner	0
NODATA_value	-9999
[rows 85 to 101 of 150, columns 0 to 36 of 150]
1.408359458542122436e-04 1.408359458542122436e-04 1.408359458542122436e-04 2.816718917084244872e-04 5.633437834168489745e-04 2.816718917084244872e-04 1.408359458542122436e-04 1.408359458542122436e-04 1.408359458542122436e-04 2.816718917084244872e-04 1.408359458542122436e-04 2.816718917084244872e-04 4.225078375626367309e-04 2.957554862938457929e-03 2.816718917084244872e-04 1.408359458542122436e-04 1.408359458542122436e-04 4.225078375626367309e-04 7.041797292710611639e-04 8.590992697106948975e-03 2.816718917084244872e-04 1.408359458542122436e-04 1.408359458542122436e-04 1.408359458542122436e-04 2.816718917084244872e-04 1.126687566833697732e-03 4.225078375626367309e-04 2.816718917084244872e-04 2.816718917084244872e-04 1.408359458542122436e-04 1.408359458542122436e-04 1.408359458542122436e-04 1.408359458542122436e-04 2.816718917084244872e-04 2.253375133667397806e-02 1.101196260634130120e+00 5.633437834168489745e-04
4.225078375626367309e-04 4.225078375626367309e-04 2.816718917084244872e-04 1.408359458542122436e-04 1.408359458542122436e-04 1.408359458542122436e-04 1.408359458542122436e-04 1.408359458542122436e-04 4.225078375626367309e-04 4.225078375626367309e-04 1.408359458542122436e-04 2.816718917084244872e-04 7.041797292710611639e-04 3.802570538063732367e-03 2.816718917084244872e-04 1.408359458542122436e-04 1.408359458542122436e-04 1.408359458542122436e-04 1.408359458542122436e-04 9.717680263940641286e-03 1.408359458542122436e-04 2.816718917084244872e-04 1.408359458542122436e-04 1.408359458542122436e-04 2.816718917084244872e-04 1.549195404396334300e-03 5.633437834168489745e-04 4.225078375626367309e-04 4.225078375626367309e-04 2.816718917084244872e-04 1.408359458542122436e-04 2.816718917084244872e-04 5.633437834168489745e-04 1.408359458542122436e-04 1.124293355754206303e+00 4.225078375626367309e-04 4.225078375626367309e-04
5.633437834168489745e-04 5.633437834168489745e-04 4.225078375626367309e-04 2.816718917084244872e-04 1.408359458542122436e-04 1.408359458542122436e-04 2.816718917084244872e-04 1.408359458542122436e-04 7.041797292710611639e-04 7.041797292710611639e-04 1.408359458542122436e-04 1.408359458542122436e-04 1.408359458542122436e-04 4.929258104897431617e-03 2.816718917084244872e-04 1.408359458542122436e-04 1.408359458542122436e-04 2.816718917084244872e-04 5.633437834168489745e-04 1.084436783077433360e-02 4.225078375626367309e-04 1.408359458542122436e-04 2.816718917084244872e-04 2.816718917084244872e-04 1.408359458542122436e-04 4.225078375626367309e-04 2.253375133667395898e-03 5.633437834168489745e-04 5.633437834168489745e-04 4.225078375626367309e-04 1.408359458542122436e-04 2.816718917084244872e-04 1.408359458542122436e-04 1.126265058996164026e+00 4.225078375626367309e-04 2.816718917084244872e-04 2.816718917084244872e-04
2.816718917084244872e-04 2.816718917084244872e-04 1.408359458542122436e-04 1.408359458542122436e-04 1.408359458542122436e-04 2.816718917084244872e-04 4.225078375626367309e-04 1.408359458542122436e-04 9.858516209794855427e-04 9.858516209794855427e-04 1.408359458542122436e-04 1.408359458542122436e-04 2.816718917084244872e-04 5.492601888314281242e-03 2.816718917084244872e-04 1.408359458542122436e-04 1.408359458542122436e-04 2.816718917084244872e-04 1.408359458542122436e-04 1.112603972248275667e-02 2.816718917084244872e-04 1.408359458542122436e-04 4.225078375626367309e-04 1.408359458542122436e-04 7.041797292710611639e-04 2.816718917084245523e-03 1.408359458542122436e-04 1.408359458542122436e-04 1.690031350250546490e-03 1.408359458542122436e-04 1.408359458542122436e-04 2.816718917084244872e-04 1.126969238725434641e+00 1.408359458542122436e-04 7.041797292710611639e-04 1.408359458542122436e-04 1.408359458542122436e-04
1.408359458542122436e-04 1.408359458542122436e-04 1.408359458542122436e-04 2.816718917084244872e-04 2.816718917084244872e-04 4.225078375626367309e-04 5.633437834168489745e-04 1.408359458542122436e-04 2.253375133667395898e-03 1.408359458542122436e-04 2.816718917084244872e-04 2.816718917084244872e-04 1.408359458542122436e-04 6.337617563439555679e-03 1.408359458542122436e-04 2.816718917084244872e-04 1.408359458542122436e-04 5.633437834168489745e-04 1.408359458542122436e-04 1.408359458542122436e-04 1.197105539760802591e-02 1.408359458542122436e-04 5.633437834168489745e-04 1.408359458542122436e-04 1.408359458542122436e-04 1.305126710230900322e+00 2.816718917084244872e-04 1.300056616180151892e+00 1.297380733208923553e+00 1.295549865912819953e+00 1.295127358075257584e+00 1.294282342400132846e+00 1.293718998616716354e+00 1.408359458542122436e-04 1.408359458542122436e-04 2.816718917084244872e-04 1.408359458542122436e-04
1.408359458542122436e-04 1.408359458542122436e-04 2.816718917084244872e-04 4.225078375626367309e-04 4.225078375626367309e-04 5.633437834168489745e-04 7.041797292710611639e-04 1.408359458542122436e-04 2.675882971230033117e-03 1.408359458542122436e-04 4.225078375626367309e-04 4.225078375626367309e-04 1.408359458542122436e-04 1.408359458542122436e-04 6.900961346856405304e-03 1.408359458542122436e-04 2.816718917084244872e-04 1.408359458542122436e-04 1.348081673716407858e+00 1.408359458542122436e-04 1.346250806420304258e+00 1.334138915076849674e+00 7.041797292710611639e-04 1.305971725906025060e+00 1.305690054014316814e+00 2.816718917084244872e-04 1.301183303746984876e+00 7.041797292710611639e-04 2.394211079521608304e-03 1.408359458542122436e-04 5.633437834168489745e-04 1.408359458542122436e-04 1.408359458542122436e-04 1.663272520538206234e-01 1.408359458542122436e-04 1.408359458542122436e-04 2.816718917084244872e-04
1.408359458542122436e-04 1.408359458542122436e-04 4.225078375626367309e-04 1.126687566833697732e-03 5.633437834168489745e-04 7.041797292710611639e-04 8.450156751252733533e-04 2.816718917084244872e-04 2.816718917084245523e-03 1.372868800186733518e+00 1.372587128295025272e+00 1.372023784511608779e+00 2.816718917084244872e-04 2.816718917084244872e-04 1.360616072897424811e+00 1.353010931821302165e+00 1.349067525337386719e+00 1.348645017499824350e+00 1.408359458542122436e-04 1.347095822095428996e+00 1.408359458542122436e-04 1.408359458542122436e-04 1.333153063455870813e+00 2.591381403717509663e-02 4.225078375626367309e-04 1.408359458542122436e-04 2.816718917084244872e-04 5.633437834168489745e-04 1.690031350250546490e-03 5.633437834168489745e-04 1.408359458542122436e-04 2.816718917084244872e-04 1.408359458542122436e-04 1.408359458542122436e-04 1.657639082704037981e-01 4.225078375626367309e-04 4.225078375626367309e-04
1.387515738555562317e+00 1.387515738555562317e+00 1.386952394772145825e+00 1.385544035313604594e+00 1.384980691530188102e+00 1.384699019638479855e+00 1.381600628829689148e+00 1.381037285046272656e+00 1.377938894237481948e+00 8.450156751252733533e-04 1.408359458542122436e-04 2.816718917084244872e-04 1.370897096944775795e+00 1.369911245323796933e+00 2.816718917084244872e-04 5.633437834168489745e-04 3.661734592209519960e-03 1.408359458542122436e-04 1.408359458542122436e-04 4.225078375626367309e-04 1.408359458542122436e-04 9.858516209794855427e-04 1.408359458542122436e-04 2.535047025375824353e-02 1.408359458542122436e-04 2.816718917084244872e-04 1.408359458542122436e-04 4.225078375626367309e-04 1.549195404396334300e-03 1.408359458542122436e-04 2.816718917084244872e-04 1.408359458542122436e-04 2.816718917084244872e-04 7.041797292710611639e-04 1.650597285411327664e-01 5.633437834168489745e-04 5.633437834168489745e-04
1.408359458542122436e-04 1.408359458542122436e-04 1.408359458542122436e-04 4.225078375626367309e-04 1.408359458542122436e-04 1.408359458542122111e-03 1.408359458542122436e-04 1.408359458542122436e-04 4.084242429772157179e-03 1.408359458542122436e-04 4.225078375626367309e-04 1.408359458542122436e-04 5.633437834168489745e-04 8.872664588815372053e-03 1.408359458542122436e-04 4.225078375626367309e-04 7.041797292710611639e-04 2.675882971230033117e-03 1.408359458542122436e-04 2.816718917084244872e-04 5.633437834168489745e-04 2.816718917084244872e-04 1.408359458542122436e-04 2.506879836204981699e-02 1.408359458542122436e-04 1.408359458542122436e-04 1.408359458542122436e-04 2.816718917084244872e-04 1.126687566833697732e-03 2.816718917084244872e-04 1.408359458542122436e-04 1.408359458542122436e-04 2.816718917084244872e-04 4.225078375626367309e-04 5.633437834168489745e-04 1.630880252991738777e-01 7.041797292710611639e-04
2.816718917084244872e-04 2.816718917084244872e-04 1.408359458542122436e-04 2.816718917084244872e-04 4.225078375626367309e-04 5.633437834168489745e-04 2.816718917084244872e-04 1.408359458542122436e-04 3.661734592209519960e-03 1.408359458542122436e-04 2.816718917084244872e-04 2.816718917084244872e-04 1.408359458542122436e-04 8.731828642961160514e-03 1.408359458542122436e-04 2.816718917084244872e-04 5.633437834168489745e-04 2.253375133667395898e-03 1.408359458542122436e-04 1.408359458542122436e-04 4.225078375626367309e-04 1.408359458542122436e-04 2.816718917084244872e-04 1.408359458542122436e-04 2.422378268692453734e-02 2.816718917084244872e-04 1.408359458542122436e-04 1.408359458542122436e-04 7.041797292710611639e-04 2.816718917084244872e-04 1.408359458542122436e-04 1.408359458542122436e-04 2.816718917084244872e-04 4.225078375626367309e-04 8.450156751252733533e-04 1.408359458542122436e-04 1.606938142196523700e-01
2.816718917084244872e-04 2.816718917084244872e-04 1.408359458542122436e-04 1.408359458542122436e-04 2.816718917084244872e-04 4.225078375626367309e-04 1.408359458542122436e-04 2.816718917084244872e-04 2.957554862938457929e-03 2.816718917084244872e-04 1.408359458542122436e-04 1.408359458542122436e-04 2.816718917084244872e-04 8.450156751252737436e-03 2.816718917084244872e-04 1.408359458542122436e-04 4.225078375626367309e-04 7.041797292710611639e-04 1.408359458542122111e-03 1.408359458542122436e-04 2.816718917084244872e-04 1.408359458542122436e-04 1.408359458542122436e-04 2.309709512009083116e-02 1.408359458542122436e-04 4.225078375626367309e-04 2.816718917084244872e-04 1.408359458542122436e-04 2.816718917084244872e-04 2.816718917084244872e-04 1.408359458542122436e-04 1.408359458542122436e-04 2.816718917084244872e-04 2.816718917084244872e-04 2.816718917084244872e-04 7.041797292710611639e-04 1.408359458542122436e-04
4.225078375626367309e-04 4.225078375626367309e-04 2.816718917084244872e-04 1.408359458542122436e-04 1.408359458542122436e-04 2.816718917084244872e-04 1.408359458542122436e-04 2.816718917084244872e-04 2.253375133667395898e-03 2.816718917084244872e-04 1.408359458542122436e-04 1.408359458542122436e-04 2.816718917084244872e-04 7.745977021981679742e-03 1.408359458542122436e-04 1.408359458542122436e-04 2.816718917084244872e-04 5.633437834168489745e-04 9.858516209794855427e-04 1.408359458542122436e-04 1.408359458542122436e-04 2.816718917084244872e-04 5.633437834168489745e-04 2.816718917084244872e-04 2.197040755325712497e-02 5.633437834168489745e-04 4.225078375626367309e-04 2.816718917084244872e-04 1.408359458542122436e-04 1.408359458542122436e-04 1.408359458542122436e-04 1.408359458542122436e-04 1.408359458542122436e-04 1.408359458542122436e-04 1.408359458542122436e-04 1.408359458542122436e-04 1.408359458542122436e-04
4.225078375626367309e-04 4.225078375626367309e-04 2.816718917084244872e-04 1.408359458542122436e-04 1.408359458542122436e-04 1.408359458542122436e-04 1.408359458542122436e-04 5.633437834168489745e-04 5.633437834168489745e-04 9.858516209794855427e-04 1.408359458542122436e-04 1.408359458542122436e-04 2.816718917084244872e-04 6.760125401002192898e-03 4.225078375626367309e-04 2.816718917084244872e-04 1.408359458542122436e-04 4.225078375626367309e-04 7.041797292710611639e-04 1.408359458542122436e-04 1.408359458542122436e-04 1.408359458542122436e-04 1.408359458542122436e-04 1.408359458542122436e-04 1.929452458202707277e-02 1.971703241958971085e-03 5.633437834168489745e-04 4.225078375626367309e-04 2.816718917084244872e-04 1.408359458542122436e-04 1.408359458542122436e-04 2.816718917084244872e-04 4.225078375626367309e-04 5.633437834168489745e-04 7.041797292710611639e-04 1.408359458542122436e-04 2.605464998302930990e-02
8.450156751252733533e-04 8.450156751252733533e-04 7.041797292710611639e-04 5.633437834168489745e-04 2.816718917084244872e-04 1.408359458542122436e-04 1.408359458542122436e-04 2.816718917084244872e-04 4.225078375626367309e-04 7.041797292710611639e-04 1.408359458542122436e-04 1.408359458542122436e-04 1.408359458542122436e-04 5.774273780022706054e-03 5.633437834168489745e-04 1.408359458542122436e-04 1.408359458542122436e-04 2.816718917084244872e-04 4.225078375626367309e-04 1.408359458542122436e-04 1.408359458542122436e-04 2.816718917084244872e-04 4.225078375626367309e-04 1.408359458542122436e-04 1.901285269031864622e-02 1.408359458542122436e-04 1.267523512687909922e-03 4.225078375626367309e-04 2.816718917084244872e-04 1.408359458542122436e-04 1.408359458542122436e-04 2.816718917084244872e-04 4.225078375626367309e-04 5.633437834168489745e-04 7.041797292710611639e-04 1.549195404396334300e-03 2.577297809132088335e-02
8.450156751252733533e-04 8.450156751252733533e-04 7.041797292710611639e-04 5.633437834168489745e-04 4.225078375626367309e-04 2.816718917084244872e-04 1.408359458542122436e-04 1.408359458542122436e-04 2.816718917084244872e-04 4.225078375626367309e-04 1.408359458542122436e-04 2.816718917084244872e-04 7.041797292710611639e-04 4.647586213189006804e-03 1.408359458542122436e-04 2.816718917084244872e-04 1.408359458542122436e-04 1.408359458542122436e-04 2.816718917084244872e-04 1.408359458542122436e-04 4.225078375626367309e-04 5.633437834168489745e-04 7.041797292710611639e-04 1.521028215225489130e-02 2.816718917084245523e-03 5.633437834168489745e-04 2.816718917084244872e-04 7.041797292710611639e-04 4.225078375626367309e-04 1.408359458542122436e-04 1.408359458542122436e-04 2.816718917084244872e-04 4.225078375626367309e-04 5.633437834168489745e-04 7.041797292710611639e-04 1.408359458542122436e-04 2.394211079521611080e-02
9.858516209794855427e-04 9.858516209794855427e-04 8.450156751252733533e-04 7.041797292710611639e-04 5.633437834168489745e-04 4.225078375626367309e-04 2.816718917084244872e-04 1.408359458542122436e-04 1.408359458542122436e-04 2.816718917084244872e-04 1.408359458542122436e-04 2.816718917084244872e-04 4.225078375626367309e-04 2.675882971230033117e-03 1.408359458542122111e-03 8.450156751252733533e-04 4.225078375626367309e-04 1.408359458542122436e-04 1.408359458542122436e-04 1.408359458542122436e-04 1.408359458542122436e-04 1.408359458542122436e-04 1.408359458542122436e-04 1.394275863956698745e-02 2.535047025375820710e-03 1.408359458542122436e-04 1.408359458542122436e-04 1.408359458542122436e-04 1.408359458542122436e-04 1.408359458542122436e-04 1.408359458542122436e-04 2.816718917084244872e-04 4.225078375626367309e-04 5.633437834168489745e-04 1.408359458542122436e-04 2.267458728252819133e-02 1.408359458542122436e-04
7.041797292710611639e-04 7.041797292710611639e-04 5.633437834168489745e-04 4.225078375626367309e-04 2.816718917084244872e-04 1.408359458542122436e-04 1.408359458542122436e-04 1.408359458542122436e-04 1.408359458542122436e-04 1.408359458542122436e-04 1.408359458542122436e-04 2.816718917084244872e-04 2.816718917084244872e-04 9.858516209794855427e-04 1.267523512687909922e-03 4.225078375626367309e-04 2.816718917084244872e-04 1.408359458542122436e-04 1.408359458542122436e-04 2.816718917084244872e-04 4.225078375626367309e-04 7.041797292710611639e-04 1.337941485615014130e-02 2.816718917084244872e-04 1.408359458542122436e-04 2.253375133667395898e-03 1.267523512687909922e-03 4.225078375626367309e-04 2.816718917084244872e-04 1.408359458542122436e-04 1.408359458542122436e-04 2.816718917084244872e-04 4.225078375626367309e-04 5.633437834168489745e-04 1.971703241958971085e-03 1.971703241958971259e-02 1.549195404396334300e-03
