output/field_example_lateral_ON/discharge_000024.asc
nrows	150
cellsize	66.66666667
xllcorner	0
ncols	150
yllcorner	0
NODATA_value	-9999
[rows 119 to 135 of 150, columns 74 to 110 of 150]
2.816718917084244872e-04 4.225078375626367309e-04 5.633437834168489745e-04 7.041797292710611639e-04 1.408359458542122436e-04 1.605529782738016747e-02 1.647780566494280730e-02 1.408359458542122436e-04 8.295237210813045936e-02 1.126687566833697732e-03 5.633437834168489745e-04 4.225078375626367309e-04 1.126687566833697732e-03 7.041797292710611639e-04 4.225078375626367309e-04 1.408359458542122436e-04 1.408359458542122436e-04 1.408359458542122436e-04 1.408359458542122436e-04 1.408359458542122436e-04 1.408359458542122436e-04 1.408359458542122436e-04 1.408359458542122436e-04 1.408359458542122436e-04 1.408359458542122436e-04 1.408359458542122436e-04 1.408359458542122436e-04 1.408359458542122436e-04 1.408359458542122436e-04 1.408359458542122436e-04 1.408359458542122436e-04 1.408359458542122436e-04 1.408359458542122436e-04 2.816718917084244872e-04 8.450156751252733533e-04 1.408359458542122436e-04 1.408359458542122436e-04
1.408359458542122436e-04 1.408359458542122436e-04 2.816718917084244872e-04 4.225078375626367309e-04 5.633437834168489745e-04 1.408359458542122436e-04 1.408359458542122436e-04 1.004160293940520449e-01 1.408359458542122436e-04 4.225078375626367309e-04 4.225078375626367309e-04 4.225078375626367309e-04 2.816718917084244872e-04 2.816718917084244872e-04 1.408359458542122436e-04 1.408359458542122436e-04 1.408359458542122436e-04 2.816718917084244872e-04 4.225078375626367309e-04 2.816718917084244872e-04 1.408359458542122436e-04 1.408359458542122436e-04 1.408359458542122436e-04 1.408359458542122436e-04 1.408359458542122436e-04 1.408359458542122436e-04 1.408359458542122436e-04 1.408359458542122436e-04 2.816718917084244872e-04 2.816718917084244872e-04 2.816718917084244872e-04 2.816718917084244872e-04 1.408359458542122436e-04 2.816718917084244872e-04 1.408359458542122111e-03 2.816718917084244872e-04 1.408359458542122436e-04
2.816718917084244872e-04 2.816718917084244872e-04 1.408359458542122436e-04 1.408359458542122436e-04 1.408359458542122436e-04 8.450156751252733533e-04 1.018243888525941082e-01 1.408359458542122436e-04 5.633437834168489745e-04 4.225078375626367309e-04 2.816718917084244872e-04 2.816718917084244872e-04 2.816718917084244872e-04 1.408359458542122436e-04 1.408359458542122436e-04 1.408359458542122436e-04 2.816718917084244872e-04 4.225078375626367309e-04 8.450156751252733533e-04 1.408359458542122436e-04 2.816718917084244872e-04 4.225078375626367309e-04 1.408359458542122436e-04 1.408359458542122436e-04 4.225078375626367309e-04 2.816718917084244872e-04 2.816718917084244872e-04 2.816718917084244872e-04 4.225078375626367309e-04 4.225078375626367309e-04 7.041797292710611639e-04 1.408359458542122436e-04 2.816718917084244872e-04 1.408359458542122436e-04 2.112539187813183492e-03 2.816718917084244872e-04 1.408359458542122436e-04
2.816718917084244872e-04 4.225078375626367309e-04 4.225078375626367309e-04 4.225078375626367309e-04 1.408359458542122436e-04 1.408359458542122436e-04 1.033735842569903779e-01 9.858516209794855427e-04 5.633437834168489745e-04 2.816718917084244872e-04 2.816718917084244872e-04 1.408359458542122436e-04 1.408359458542122436e-04 1.408359458542122436e-04 1.408359458542122436e-04 1.408359458542122436e-04 5.633437834168489745e-04 5.633437834168489745e-04 1.126687566833697732e-03 1.408359458542122436e-04 4.225078375626367309e-04 7.041797292710611639e-04 1.408359458542122436e-04 1.408359458542122436e-04 7.041797292710611639e-04 4.225078375626367309e-04 4.225078375626367309e-04 4.225078375626367309e-04 5.633437834168489745e-04 5.633437834168489745e-04 9.858516209794855427e-04 1.408359458542122436e-04 4.225078375626367309e-04 1.408359458542122436e-04 2.675882971230033117e-03 2.816718917084244872e-04 1.408359458542122436e-04
1.408359458542122436e-04 4.225078375626367309e-04 5.633437834168489745e-04 9.858516209794855427e-04 1.408359458542122436e-04 1.043594358779698222e-01 4.225078375626367309e-04 4.225078375626367309e-04 2.816718917084244872e-04 1.408359458542122436e-04 1.408359458542122436e-04 1.408359458542122436e-04 1.408359458542122436e-04 1.408359458542122436e-04 1.408359458542122436e-04 2.816718917084244872e-04 8.450156751252733533e-04 1.830867296104758679e-03 1.408359458542122436e-04 2.816718917084244872e-04 5.633437834168489745e-04 9.858516209794855427e-04 1.408359458542122436e-04 1.408359458542122436e-04 9.858516209794855427e-04 5.633437834168489745e-04 5.633437834168489745e-04 5.633437834168489745e-04 7.041797292710611639e-04 7.041797292710611639e-04 1.267523512687909922e-03 1.408359458542122436e-04 5.633437834168489745e-04 1.408359458542122436e-04 3.239226754646882742e-03 2.816718917084244872e-04 1.408359458542122436e-04
1.408359458542122436e-04 2.816718917084244872e-04 8.450156751252733533e-04 7.041797292710611639e-04 1.064719750657829173e-01 1.408359458542122436e-04 1.408359458542122436e-04 2.816718917084244872e-04 2.816718917084244872e-04 1.408359458542122436e-04 1.408359458542122436e-04 1.408359458542122436e-04 2.816718917084244872e-04 1.408359458542122436e-04 2.816718917084244872e-04 2.816718917084244872e-04 1.267523512687909922e-03 2.253375133667395898e-03 1.408359458542122436e-04 4.225078375626367309e-04 1.690031350250546490e-03 2.816718917084244872e-04 1.408359458542122436e-04 1.408359458542122436e-04 1.408359458542122111e-03 1.267523512687909922e-03 1.408359458542122436e-04 7.041797292710611639e-04 1.549195404396334300e-03 1.408359458542122436e-04 1.549195404396334300e-03 1.408359458542122436e-04 1.408359458542122436e-04 8.450156751252733533e-04 3.943406483917944773e-03 2.816718917084244872e-04 1.408359458542122436e-04
1.408359458542122436e-04 2.816718917084244872e-04 1.408359458542122436e-04 1.126687566833697732e-03 1.087253501994502186e-01 9.858516209794855427e-04 5.633437834168489745e-04 2.816718917084244872e-04 1.408359458542122436e-04 1.408359458542122436e-04 1.408359458542122436e-04 4.225078375626367309e-04 4.225078375626367309e-04 2.816718917084244872e-04 1.408359458542122436e-04 4.225078375626367309e-04 3.943406483917944773e-03 1.408359458542122436e-04 1.408359458542122436e-04 5.633437834168489745e-04 2.112539187813183492e-03 1.408359458542122436e-04 2.816718917084244872e-04 1.408359458542122436e-04 1.408359458542122436e-04 2.957554862938457929e-03 1.408359458542122436e-04 2.394211079521608304e-03 1.408359458542122436e-04 2.816718917084244872e-04 1.830867296104758679e-03 1.408359458542122436e-04 1.408359458542122436e-04 5.070094050751644023e-03 1.408359458542122436e-04 1.408359458542122436e-04 2.816718917084244872e-04
1.408359458542122436e-04 2.816718917084244872e-04 4.225078375626367309e-04 1.408359458542122436e-04 1.094295299287212503e-01 1.408359458542122436e-04 2.816718917084244872e-04 1.408359458542122436e-04 1.408359458542122436e-04 1.408359458542122436e-04 1.408359458542122436e-04 2.816718917084244872e-04 1.267523512687909922e-03 1.408359458542122436e-04 1.408359458542122436e-04 2.816718917084244872e-04 4.647586213189006804e-03 1.408359458542122436e-04 2.816718917084244872e-04 2.816718917084245523e-03 1.408359458542122436e-04 2.816718917084244872e-04 4.225078375626367309e-04 2.816718917084244872e-04 1.408359458542122436e-04 3.380062700501095148e-03 1.408359458542122436e-04 2.535047025375820710e-03 1.408359458542122436e-04 2.394211079521608304e-03 1.408359458542122436e-04 1.408359458542122436e-04 5.492601888314281242e-03 1.408359458542122436e-04 4.225078375626367309e-04 1.408359458542122436e-04 4.225078375626367309e-04
1.408359458542122436e-04 2.816718917084244872e-04 1.111195612789717263e-01 1.102745456038464883e-01 2.816718917084244872e-04 4.225078375626367309e-04 1.408359458542122436e-04 1.408359458542122436e-04 1.408359458542122436e-04 1.408359458542122436e-04 2.816718917084244872e-04 2.816718917084244872e-04 1.690031350250546490e-03 2.816718917084244872e-04 2.816718917084244872e-04 1.408359458542122436e-04 5.210929996605856429e-03 1.408359458542122436e-04 4.225078375626367309e-04 1.408359458542122436e-04 3.098390808792670335e-03 8.450156751252733533e-04 1.408359458542122436e-04 4.225078375626367309e-04 1.408359458542122436e-04 3.802570538063732367e-03 1.408359458542122436e-04 1.408359458542122436e-04 1.643555488118617347e-01 1.615388298947776080e-01 1.533703450352336406e-01 1.529478371976710216e-01 1.470327274717943555e-01 1.466102196342317365e-01 1.459060399049607049e-01 1.450610242298354668e-01 5.633437834168489745e-04
1.408359458542122436e-04 1.118237410082427580e-01 1.408359458542122436e-04 1.408359458542122436e-04 1.408359458542122436e-04 1.408359458542122436e-04 1.408359458542122436e-04 1.408359458542122436e-04 1.408359458542122436e-04 2.816718917084244872e-04 2.816718917084244872e-04 4.225078375626367309e-04 2.112539187813183492e-03 1.408359458542122436e-04 1.956211287914955410e-01 1.949169490622245093e-01 1.408359458542122436e-04 1.408359458542122436e-04 1.864667923109721293e-01 1.857626125817010976e-01 1.826642217729085582e-01 1.792841590724076062e-01 1.781574715055739555e-01 1.742140650216561781e-01 1.735098852923851465e-01 1.729465415089683211e-01 1.659047442162580044e-01 1.654822363786953854e-01 5.633437834168489745e-04 5.633437834168493648e-03 1.408359458542122436e-04 1.408359458542122436e-04 2.816718917084244872e-04 4.225078375626367309e-04 2.816718917084244872e-04 1.408359458542122436e-04 1.440751726088560225e-01
4.615193945642787621e-01 1.408359458542122436e-04 2.816718917084244872e-04 1.408359458542122436e-04 1.408359458542122436e-04 1.408359458542122436e-04 1.408359458542122436e-04 2.816718917084244872e-04 1.408359458542122436e-04 2.816718917084244872e-04 4.225078375626367309e-04 3.520898646355307554e-03 1.408359458542122436e-04 1.970294882500376044e-01 1.126687566833697732e-03 1.408359458542122436e-04 1.892835112280562559e-01 1.884384955529310179e-01 1.408359458542122436e-04 2.816718917084245523e-03 1.408359458542122436e-04 1.408359458542122436e-04 3.661734592209519960e-03 1.408359458542122436e-04 2.816718917084244872e-04 3.098390808792670335e-03 1.408359458542122436e-04 2.816718917084244872e-04 4.225078375626367309e-04 1.408359458542122436e-04 5.351765942460068835e-03 4.225078375626367309e-04 1.408359458542122436e-04 2.816718917084244872e-04 1.408359458542122436e-04 3.661734592209519960e-03 1.408359458542122436e-04
1.408359458542122436e-04 3.492731457184541921e-01 1.408359458542122436e-04 1.408359458542122436e-04 4.225078375626367309e-04 1.408359458542122436e-04 2.816718917084244872e-04 4.225078375626367309e-04 2.816718917084244872e-04 4.225078375626367309e-04 1.408359458542122436e-04 2.016770744632264134e-01 1.980153398710170487e-01 1.408359458542122436e-04 7.041797292710611639e-04 1.408359458542122436e-04 7.041797292710611639e-04 7.041797292710611639e-04 8.450156751252733533e-04 8.450156751252733533e-04 1.830867296104758679e-03 1.408359458542122436e-04 3.239226754646882742e-03 1.408359458542122436e-04 1.408359458542122436e-04 2.816718917084244872e-04 2.675882971230033117e-03 1.408359458542122436e-04 2.816718917084244872e-04 1.408359458542122436e-04 4.506750267334794398e-03 1.408359458542122436e-04 2.816718917084244872e-04 1.408359458542122436e-04 1.408359458542122436e-04 3.239226754646882742e-03 1.408359458542122436e-04
2.816718917084244872e-04 1.408359458542122436e-04 3.485689659891830217e-01 3.471606065306406808e-01 2.816718917084244872e-04 1.408359458542122436e-04 4.225078375626367309e-04 1.408359458542122436e-04 2.044937933803105401e-01 2.035079417593310958e-01 2.029445979759142704e-01 4.225078375626367309e-04 4.225078375626367309e-04 2.816718917084244872e-04 1.408359458542122436e-04 4.225078375626367309e-04 5.633437834168489745e-04 5.633437834168489745e-04 7.041797292710611639e-04 7.041797292710611639e-04 1.549195404396334300e-03 1.408359458542122436e-04 8.450156751252733533e-04 2.253375133667395898e-03 1.408359458542122436e-04 1.408359458542122436e-04 9.858516209794855427e-04 1.549195404396334300e-03 1.408359458542122436e-04 8.450156751252733533e-04 8.450156751252733533e-04 2.675882971230033117e-03 1.408359458542122436e-04 1.408359458542122436e-04 1.408359458542122436e-04 1.267523512687909922e-03 1.690031350250546490e-03
1.408359458542122436e-04 1.408359458542122436e-04 1.126687566833697732e-03 1.408359458542122436e-04 3.460339189638068080e-01 1.408359458542122436e-04 5.633437834168489745e-04 1.408359458542122436e-04 2.050571371637273654e-01 2.816718917084244872e-04 2.816718917084244872e-04 2.816718917084244872e-04 2.816718917084244872e-04 2.816718917084244872e-04 1.408359458542122436e-04 2.816718917084244872e-04 4.225078375626367309e-04 4.225078375626367309e-04 5.633437834168489745e-04 5.633437834168489745e-04 1.267523512687909922e-03 1.408359458542122436e-04 7.041797292710611639e-04 7.041797292710611639e-04 1.267523512687909922e-03 1.408359458542122436e-04 7.041797292710611639e-04 7.041797292710611639e-04 7.041797292710611639e-04 7.041797292710611639e-04 7.041797292710611639e-04 7.041797292710611639e-04 1.690031350250546490e-03 1.408359458542122436e-04 1.408359458542122436e-04 9.858516209794855427e-04 1.267523512687909922e-03
2.816718917084244872e-04 7.041797292710611639e-04 2.816718917084244872e-04 2.957554862938457929e-03 1.408359458542122436e-04 3.425130203174509558e-01 3.413863327506170831e-01 3.404004811296374444e-01 1.408359458542122436e-04 1.408359458542122436e-04 1.408359458542122436e-04 1.408359458542122436e-04 1.408359458542122436e-04 1.408359458542122436e-04 1.408359458542122436e-04 1.408359458542122436e-04 2.816718917084244872e-04 2.816718917084244872e-04 4.225078375626367309e-04 4.225078375626367309e-04 5.633437834168489745e-04 5.633437834168489745e-04 5.633437834168489745e-04 5.633437834168489745e-04 5.633437834168489745e-04 5.633437834168489745e-04 5.633437834168489745e-04 5.633437834168489745e-04 5.633437834168489745e-04 5.633437834168489745e-04 5.633437834168489745e-04 5.633437834168489745e-04 1.267523512687909922e-03 1.408359458542122436e-04 1.408359458542122436e-04 7.041797292710611639e-04 9.858516209794855427e-04
2.816718917084244872e-04 1.408359458542122436e-04 2.253375133667395898e-03 5.633437834168489745e-04 5.633437834168489745e-04 4.225078375626367309e-04 2.816718917084244872e-04 1.408359458542122436e-04 1.347800001824784044e-01 1.408359458542122436e-04 1.408359458542122436e-04 1.408359458542122436e-04 1.408359458542122436e-04 1.408359458542122436e-04 1.408359458542122436e-04 1.408359458542122436e-04 1.408359458542122436e-04 1.408359458542122436e-04 2.816718917084244872e-04 2.816718917084244872e-04 4.225078375626367309e-04 4.225078375626367309e-04 4.225078375626367309e-04 4.225078375626367309e-04 4.225078375626367309e-04 4.225078375626367309e-04 4.225078375626367309e-04 4.225078375626367309e-04 4.225078375626367309e-04 4.225078375626367309e-04 4.225078375626367309e-04 4.225078375626367309e-04 4.225078375626367309e-04 7.041797292710611639e-04 1.408359458542122436e-04 4.225078375626367309e-04 4.225078375626367309e-04
2.816718917084244872e-04 1.549195404396334300e-03 5.633437834168489745e-04 4.225078375626367309e-04 4.225078375626367309e-04 2.816718917084244872e-04 1.408359458542122436e-04 1.408359458542122436e-04 1.408359458542122436e-04 1.342166563990615791e-01 2.816718917084244872e-04 2.816718917084244872e-04 2.816718917084244872e-04 2.816718917084244872e-04 2.816718917084244872e-04 1.408359458542122436e-04 1.408359458542122436e-04 1.408359458542122436e-04 1.408359458542122436e-04 1.408359458542122436e-04 2.816718917084244872e-04 2.816718917084244872e-04 2.816718917084244872e-04 2.816718917084244872e-04 2.816718917084244872e-04 2.816718917084244872e-04 2.816718917084244872e-04 2.816718917084244872e-04 2.816718917084244872e-04 2.816718917084244872e-04 2.816718917084244872e-04 2.816718917084244872e-04 2.816718917084244872e-04 4.225078375626367309e-04 1.408359458542122436e-04 2.816718917084244872e-04 2.816718917084244872e-04
