output/field_example_lateral_ON/discharge_000080.asc
nrows	150
cellsize	66.66666667
xllcorner	0
ncols	150
yllcorner	0
NODATA_value	-9999
[rows 68 to 84 of 150, columns 37 to 73 of 150]
1.408359458542122436e-04 1.408359458542122436e-04 1.408359458542122436e-04 1.408359458542122436e-04 2.816718917084244872e-04 2.816718917084244872e-04 5.633437834168489745e-04 1.408359458542122436e-04 2.816718917084244872e-04 3.422313484257367977e-02 2.816718917084244872e-04 1.408359458542122436e-04 1.408359458542122436e-04 2.816718917084244872e-04 4.225078375626367309e-04 1.549195404396334300e-03 7.041797292710611639e-04 9.788098236868805202e-01 1.408359458542122436e-04 1.126687566833697732e-03 4.225078375626367309e-04 4.225078375626367309e-04 2.816718917084244872e-04 1.408359458542122436e-04 1.408359458542122436e-04 2.816718917084244872e-04 4.225078375626367309e-04 2.464629052448717716e-02 1.408359458542122436e-04 4.225078375626367309e-04 4.225078375626367309e-04 9.858516209794855427e-04 7.041797292710611639e-04 4.225078375626367309e-04 1.408359458542122436e-04 1.408359458542122436e-04 2.816718917084244872e-04
1.408359458542122436e-04 1.408359458542122436e-04 1.408359458542122436e-04 1.408359458542122436e-04 1.408359458542122436e-04 1.408359458542122436e-04 2.816718917084244872e-04 1.408359458542122436e-04 1.408359458542122436e-04 1.408359458542122436e-04 3.563149430111581251e-02 2.816718917084244872e-04 1.408359458542122436e-04 1.408359458542122436e-04 5.633437834168489745e-04 7.041797292710611639e-04 9.820490504415279043e-01 1.408359458542122436e-04 4.225078375626367309e-04 2.816718917084244872e-04 2.816718917084244872e-04 2.816718917084244872e-04 2.816718917084244872e-04 1.408359458542122436e-04 1.408359458542122436e-04 2.816718917084244872e-04 1.408359458542122436e-04 1.408359458542122436e-04 2.408294674107032407e-02 3.098390808792670335e-03 2.394211079521608304e-03 1.126687566833697732e-03 4.225078375626367309e-04 2.816718917084244872e-04 1.408359458542122436e-04 1.408359458542122436e-04 1.408359458542122436e-04
2.816718917084244872e-04 2.816718917084244872e-04 2.816718917084244872e-04 1.408359458542122436e-04 1.408359458542122436e-04 1.408359458542122436e-04 1.408359458542122436e-04 4.225078375626367309e-04 5.633437834168489745e-04 7.041797292710611639e-04 1.408359458542122436e-04 3.619483808453266560e-02 2.816718917084244872e-04 1.408359458542122436e-04 1.408359458542122436e-04 1.408359458542122436e-04 9.900766993552192474e-01 7.886812967835891280e-03 1.408359458542122436e-04 1.408359458542122436e-04 1.408359458542122436e-04 1.408359458542122436e-04 1.408359458542122436e-04 1.408359458542122436e-04 1.408359458542122436e-04 2.816718917084244872e-04 5.633437834168489745e-04 2.013954025715235241e-02 1.408359458542122436e-04 1.408359458542122436e-04 1.408359458542122436e-04 1.408359458542122436e-04 5.633437834168489745e-04 4.225078375626367309e-04 2.816718917084244872e-04 1.408359458542122436e-04 1.408359458542122436e-04
4.647586213189006804e-03 4.225078375626367309e-04 4.225078375626367309e-04 4.225078375626367309e-04 1.408359458542122436e-04 1.408359458542122436e-04 1.408359458542122436e-04 1.408359458542122436e-04 2.816718917084244872e-04 4.225078375626367309e-04 5.633437834168489745e-04 3.718068970551215852e-02 1.408359458542122436e-04 1.408359458542122436e-04 9.926117463805954610e-01 9.921892385430327588e-01 7.041797292710611639e-04 1.408359458542122436e-04 7.745977021981679742e-03 1.408359458542122436e-04 1.408359458542122436e-04 1.408359458542122436e-04 1.408359458542122436e-04 1.408359458542122436e-04 1.408359458542122436e-04 1.408359458542122436e-04 2.816718917084244872e-04 4.225078375626367309e-04 1.873118079861021967e-02 2.394211079521608304e-03 2.112539187813183492e-03 7.041797292710611639e-04 5.633437834168489745e-04 4.225078375626367309e-04 2.816718917084244872e-04 1.408359458542122436e-04 1.408359458542122436e-04
2.816718917084244872e-04 5.492601888314281242e-03 1.408359458542122436e-04 1.126687566833697732e-03 2.816718917084244872e-04 1.408359458542122436e-04 1.408359458542122436e-04 1.408359458542122436e-04 1.408359458542122436e-04 1.408359458542122436e-04 1.408359458542122436e-04 1.408359458542122436e-04 1.032749990949026309e+00 9.930342542181581633e-01 1.408359458542122436e-04 1.126687566833697732e-03 2.816718917084244872e-04 1.408359458542122436e-04 1.408359458542122436e-04 7.323469184419042523e-03 6.760125401002192898e-03 8.450156751252733533e-04 5.633437834168489745e-04 2.816718917084244872e-04 1.408359458542122436e-04 1.408359458542122436e-04 2.816718917084244872e-04 4.225078375626367309e-04 1.619613377323438075e-02 1.408359458542122436e-04 1.408359458542122436e-04 1.267523512687909922e-03 5.633437834168489745e-04 4.225078375626367309e-04 2.816718917084244872e-04 1.408359458542122436e-04 1.408359458542122436e-04
1.126687566833697732e-03 1.408359458542122111e-03 7.182633238564830117e-03 8.872664588815372053e-03 2.816718917084244872e-04 1.408359458542122436e-04 1.408359458542122436e-04 2.816718917084244872e-04 2.816718917084244872e-04 2.816718917084244872e-04 2.816718917084244872e-04 1.033313334732442801e+00 1.408359458542122436e-04 2.253375133667395898e-03 7.041797292710611639e-04 8.450156751252733533e-04 1.408359458542122436e-04 1.408359458542122436e-04 1.408359458542122436e-04 2.816718917084244872e-04 5.070094050751644023e-03 4.225078375626367309e-04 2.816718917084244872e-04 1.408359458542122436e-04 1.408359458542122436e-04 1.408359458542122436e-04 2.816718917084244872e-04 2.816718917084244872e-04 1.506944620640067976e-02 4.225078375626367309e-04 2.816718917084244872e-04 1.408359458542122436e-04 5.633437834168489745e-04 4.225078375626367309e-04 2.816718917084244872e-04 1.408359458542122436e-04 1.408359458542122436e-04
1.408359458542122436e-04 1.408359458542122436e-04 1.408359458542122436e-04 1.408359458542122436e-04 9.576844318086429747e-03 1.408359458542122436e-04 1.408359458542122436e-04 2.816718917084244872e-04 9.858516209794855427e-04 1.408359458542122436e-04 1.035989217703671139e+00 1.035285037974400524e+00 1.408359458542122111e-03 7.041797292710611639e-04 7.041797292710611639e-04 5.633437834168489745e-04 7.041797292710611639e-04 2.816718917084244872e-04 1.408359458542122436e-04 1.408359458542122436e-04 2.112539187813183492e-03 2.675882971230033117e-03 1.408359458542122111e-03 8.450156751252733533e-04 2.816718917084244872e-04 1.408359458542122436e-04 1.408359458542122436e-04 2.816718917084244872e-04 4.225078375626367309e-04 1.394275863956698745e-02 1.408359458542122436e-04 1.408359458542122436e-04 5.633437834168489745e-04 4.225078375626367309e-04 2.816718917084244872e-04 1.408359458542122436e-04 1.408359458542122436e-04
2.816718917084244872e-04 7.041797292710611639e-04 9.858516209794855427e-04 1.408359458542122111e-03 1.140771161419117975e-02 1.408359458542122436e-04 2.816718917084244872e-04 1.408359458542122436e-04 1.408359458542122436e-04 1.038524264729045354e+00 1.408359458542122436e-04 2.816718917084244872e-04 1.408359458542122436e-04 1.267523512687909922e-03 5.633437834168489745e-04 5.633437834168489745e-04 4.225078375626367309e-04 2.816718917084244872e-04 1.408359458542122436e-04 1.408359458542122436e-04 1.830867296104758679e-03 1.408359458542122436e-04 9.858516209794855427e-04 4.225078375626367309e-04 2.816718917084244872e-04 1.408359458542122436e-04 1.408359458542122436e-04 2.816718917084244872e-04 4.225078375626367309e-04 1.126687566833696821e-02 2.394211079521608304e-03 2.112539187813183492e-03 1.267523512687909922e-03 9.858516209794855427e-04 4.225078375626367309e-04 2.816718917084244872e-04 1.408359458542122436e-04
2.816718917084244872e-04 1.408359458542122436e-04 1.408359458542122436e-04 1.408359458542122436e-04 1.408359458542122436e-04 1.183021945175381437e-02 1.408359458542122436e-04 5.633437834168489745e-04 1.038946772566607724e+00 1.408359458542122436e-04 1.126687566833697732e-03 4.225078375626367309e-04 1.408359458542122436e-04 7.041797292710611639e-04 4.225078375626367309e-04 4.225078375626367309e-04 4.225078375626367309e-04 2.816718917084244872e-04 1.408359458542122436e-04 1.408359458542122436e-04 7.041797292710611639e-04 8.450156751252733533e-04 4.225078375626367309e-04 4.225078375626367309e-04 2.816718917084244872e-04 1.408359458542122436e-04 1.408359458542122436e-04 2.816718917084244872e-04 4.225078375626367309e-04 5.633437834168489745e-04 9.717680263940641286e-03 1.408359458542122436e-04 1.408359458542122436e-04 1.408359458542122436e-04 4.225078375626367309e-04 2.816718917084244872e-04 1.408359458542122436e-04
1.408359458542122436e-04 1.408359458542122436e-04 1.408359458542122436e-04 1.408359458542122436e-04 1.408359458542122436e-04 1.408359458542122436e-04 1.225272728931644899e-02 1.052467023368603538e+00 5.633437834168489745e-04 1.408359458542122436e-04 2.816718917084244872e-04 2.816718917084244872e-04 2.816718917084244872e-04 2.816718917084244872e-04 2.816718917084244872e-04 2.816718917084244872e-04 2.816718917084244872e-04 2.816718917084244872e-04 1.408359458542122436e-04 1.408359458542122436e-04 4.225078375626367309e-04 4.225078375626367309e-04 2.816718917084244872e-04 2.816718917084244872e-04 2.816718917084244872e-04 1.408359458542122436e-04 1.408359458542122436e-04 2.816718917084244872e-04 4.225078375626367309e-04 4.225078375626367309e-04 4.225078375626367309e-04 8.590992697106948975e-03 1.408359458542122436e-04 1.408359458542122436e-04 1.408359458542122436e-04 2.816718917084244872e-04 1.408359458542122436e-04
5.633437834168489745e-04 1.408359458542122436e-04 2.816718917084244872e-04 2.816718917084244872e-04 2.816718917084244872e-04 5.633437834168489745e-04 1.408359458542122436e-04 1.079366689026741044e+00 1.408359458542122436e-04 2.816718917084244872e-04 1.408359458542122436e-04 1.408359458542122436e-04 1.408359458542122436e-04 1.408359458542122436e-04 1.408359458542122436e-04 1.408359458542122436e-04 1.408359458542122436e-04 1.408359458542122436e-04 1.408359458542122436e-04 1.408359458542122436e-04 1.408359458542122436e-04 1.408359458542122436e-04 1.408359458542122436e-04 1.408359458542122436e-04 1.408359458542122436e-04 1.408359458542122436e-04 1.408359458542122436e-04 2.816718917084244872e-04 2.816718917084244872e-04 2.816718917084244872e-04 4.225078375626367309e-04 4.506750267334794398e-03 3.380062700501095148e-03 2.535047025375820710e-03 8.450156751252733533e-04 4.225078375626367309e-04 2.816718917084244872e-04
4.225078375626367309e-04 8.450156751252733533e-04 1.408359458542122436e-04 4.225078375626367309e-04 8.450156751252733533e-04 1.408359458542122436e-04 1.080634212539428152e+00 1.408359458542122436e-04 2.661799376644616300e-02 1.408359458542122436e-04 1.408359458542122436e-04 1.408359458542122436e-04 1.408359458542122436e-04 1.408359458542122436e-04 1.408359458542122436e-04 1.408359458542122436e-04 1.408359458542122436e-04 1.408359458542122436e-04 1.408359458542122436e-04 1.408359458542122436e-04 1.408359458542122436e-04 1.408359458542122436e-04 1.408359458542122436e-04 1.408359458542122436e-04 1.408359458542122436e-04 1.408359458542122436e-04 1.408359458542122436e-04 1.408359458542122436e-04 1.408359458542122436e-04 2.816718917084244872e-04 2.816718917084244872e-04 3.380062700501095148e-03 7.041797292710611639e-04 5.633437834168489745e-04 1.408359458542122111e-03 8.450156751252733533e-04 4.225078375626367309e-04
4.225078375626367309e-04 5.633437834168489745e-04 9.858516209794855427e-04 1.267523512687909922e-03 1.408359458542122436e-04 1.081901736052115259e+00 1.408359458542122436e-04 2.816718917084244872e-04 1.408359458542122436e-04 2.619548592888352317e-02 2.816718917084244872e-04 2.816718917084244872e-04 2.816718917084244872e-04 2.816718917084244872e-04 2.816718917084244872e-04 2.816718917084244872e-04 1.408359458542122436e-04 4.225078375626367309e-04 1.408359458542122436e-04 2.816718917084244872e-04 2.816718917084244872e-04 4.225078375626367309e-04 2.816718917084244872e-04 2.816718917084244872e-04 2.816718917084244872e-04 1.408359458542122436e-04 1.408359458542122436e-04 1.408359458542122436e-04 1.408359458542122436e-04 1.408359458542122436e-04 2.816718917084244872e-04 1.267523512687909922e-03 1.690031350250546490e-03 5.633437834168489745e-04 4.225078375626367309e-04 4.225078375626367309e-04 2.816718917084244872e-04
4.225078375626367309e-04 5.633437834168489745e-04 7.041797292710611639e-04 1.408359458542122436e-04 1.084718454969197721e+00 1.083169259564802367e+00 2.816718917084244872e-04 1.408359458542122436e-04 1.408359458542122436e-04 2.563214214546667008e-02 1.408359458542122436e-04 2.126622782398605860e-02 4.225078375626367309e-04 4.225078375626367309e-04 5.633437834168489745e-04 1.408359458542122436e-04 2.816718917084244872e-04 7.041797292710611639e-04 1.408359458542122436e-04 4.225078375626367309e-04 4.225078375626367309e-04 8.450156751252733533e-04 4.225078375626367309e-04 4.225078375626367309e-04 1.408359458542122436e-04 4.225078375626367309e-04 2.816718917084244872e-04 1.408359458542122436e-04 1.408359458542122436e-04 1.408359458542122436e-04 2.816718917084244872e-04 8.450156751252733533e-04 1.126687566833697732e-03 4.225078375626367309e-04 4.225078375626367309e-04 2.816718917084244872e-04 2.816718917084244872e-04
4.225078375626367309e-04 1.549195404396334300e-03 1.408359458542122436e-04 1.086267650373593074e+00 5.633437834168489745e-04 5.633437834168489745e-04 2.816718917084244872e-04 1.408359458542122436e-04 1.408359458542122436e-04 2.816718917084244872e-04 2.478712647034139044e-02 1.408359458542122436e-04 2.013954025715235241e-02 1.985786836544392586e-02 1.408359458542122436e-04 1.408359458542122436e-04 1.126687566833697732e-03 1.408359458542122436e-04 2.816718917084244872e-04 5.633437834168489745e-04 1.408359458542122111e-03 5.633437834168489745e-04 5.633437834168489745e-04 1.408359458542122436e-04 7.041797292710611639e-04 4.225078375626367309e-04 2.816718917084244872e-04 2.816718917084244872e-04 1.408359458542122436e-04 1.408359458542122436e-04 1.408359458542122436e-04 5.633437834168489745e-04 7.041797292710611639e-04 2.816718917084244872e-04 2.816718917084244872e-04 2.816718917084244872e-04 1.408359458542122436e-04
4.225078375626367309e-04 1.408359458542122436e-04 1.090633564695070890e+00 1.408359458542122436e-04 1.408359458542122436e-04 2.816718917084244872e-04 4.225078375626367309e-04 1.408359458542122436e-04 1.408359458542122436e-04 4.225078375626367309e-04 4.225078375626367309e-04 2.394211079521608304e-03 1.408359458542122436e-04 1.408359458542122436e-04 1.844950890690179313e-02 1.690031350250544712e-02 1.394275863956698745e-02 1.267523512687908360e-02 1.225272728931644899e-02 1.140771161419117975e-02 8.590992697106948975e-03 6.337617563439555679e-03 5.351765942460068835e-03 4.929258104897431617e-03 3.239226754646882742e-03 2.394211079521608304e-03 1.690031350250546490e-03 9.858516209794855427e-04 5.633437834168489745e-04 2.816718917084244872e-04 1.408359458542122436e-04 2.816718917084244872e-04 4.225078375626367309e-04 1.408359458542122436e-04 1.408359458542122436e-04 1.408359458542122436e-04 1.408359458542122436e-04
1.408359458542122436e-04 1.091619416316049751e+00 2.816718917084244872e-04 2.394211079521608304e-03 1.690031350250546490e-03 1.408359458542122436e-04 1.408359458542122436e-04 2.816718917084244872e-04 1.408359458542122436e-04 1.408359458542122436e-04 2.816718917084244872e-04 2.112539187813183492e-03 1.408359458542122436e-04 1.126687566833697732e-03 2.816718917084244872e-04 7.041797292710611639e-04 1.971703241958971085e-03 1.408359458542122436e-04 4.225078375626367309e-04 7.041797292710611639e-04 1.408359458542122436e-04 1.408359458542122111e-03 2.816718917084244872e-04 1.408359458542122436e-04 8.450156751252733533e-04 2.816718917084244872e-04 2.816718917084244872e-04 2.816718917084244872e-04 1.408359458542122436e-04 1.408359458542122436e-04 1.408359458542122436e-04 1.408359458542122436e-04 1.408359458542122436e-04 1.408359458542122436e-04 1.408359458542122436e-04 1.408359458542122436e-04 1.408359458542122436e-04
