output/field_example_lateral_ON/discharge_000016.asc
nrows	150
cellsize	66.66666667
xllcorner	0
ncols	150
yllcorner	0
NODATA_value	-9999
[rows 119 to 135 of 150, columns 74 to 110 of 150]
5.633437834168489745e-04 8.450156751252733533e-04 1.126687566833697732e-03 1.464693836883804515e-02 1.408359458542122436e-04 8.562825507936037972e-02 1.408359458542122111e-03 1.408359458542122436e-04 5.633437834168489745e-04 2.816718917084244872e-04 1.408359458542122436e-04 1.971703241958971085e-03 9.858516209794855427e-04 7.041797292710611639e-04 4.225078375626367309e-04 1.408359458542122436e-04 1.408359458542122436e-04 1.408359458542122436e-04 1.408359458542122436e-04 1.408359458542122436e-04 1.408359458542122436e-04 1.408359458542122436e-04 1.408359458542122436e-04 1.408359458542122436e-04 1.408359458542122436e-04 1.408359458542122436e-04 1.408359458542122436e-04 1.408359458542122436e-04 1.408359458542122436e-04 1.408359458542122436e-04 1.408359458542122436e-04 1.408359458542122436e-04 1.408359458542122436e-04 1.408359458542122436e-04 4.225078375626367309e-04 4.225078375626367309e-04 1.408359458542122436e-04
1.408359458542122436e-04 1.408359458542122436e-04 1.408359458542122436e-04 1.408359458542122436e-04 1.492861026054646822e-02 8.590992697106879239e-02 1.408359458542122436e-04 1.267523512687909922e-03 1.408359458542122436e-04 1.408359458542122436e-04 1.408359458542122436e-04 5.633437834168489745e-04 2.816718917084244872e-04 1.408359458542122436e-04 1.408359458542122436e-04 1.408359458542122436e-04 1.408359458542122436e-04 1.408359458542122436e-04 1.408359458542122436e-04 1.408359458542122436e-04 1.408359458542122436e-04 1.408359458542122436e-04 1.408359458542122436e-04 1.408359458542122436e-04 1.408359458542122436e-04 1.408359458542122436e-04 1.408359458542122436e-04 1.408359458542122436e-04 1.408359458542122436e-04 2.816718917084244872e-04 2.816718917084244872e-04 2.816718917084244872e-04 2.816718917084244872e-04 1.408359458542122436e-04 7.041797292710611639e-04 7.041797292710611639e-04 1.408359458542122436e-04
1.408359458542122436e-04 1.408359458542122436e-04 1.408359458542122436e-04 2.816718917084244872e-04 1.535111809810910284e-02 8.633243480863141139e-02 2.816718917084244872e-04 1.408359458542122436e-04 9.858516209794855427e-04 5.633437834168489745e-04 2.816718917084244872e-04 2.816718917084244872e-04 1.408359458542122436e-04 1.408359458542122436e-04 1.408359458542122436e-04 1.408359458542122436e-04 2.816718917084244872e-04 2.816718917084244872e-04 2.816718917084244872e-04 2.816718917084244872e-04 2.816718917084244872e-04 4.225078375626367309e-04 1.408359458542122436e-04 2.816718917084244872e-04 2.816718917084244872e-04 2.816718917084244872e-04 2.816718917084244872e-04 2.816718917084244872e-04 2.816718917084244872e-04 4.225078375626367309e-04 7.041797292710611639e-04 1.408359458542122436e-04 4.225078375626367309e-04 1.408359458542122436e-04 9.858516209794855427e-04 9.858516209794855427e-04 1.408359458542122436e-04
1.408359458542122436e-04 2.816718917084244872e-04 2.816718917084244872e-04 1.408359458542122436e-04 1.019652247984483145e-01 1.408359458542122436e-04 4.225078375626367309e-04 2.816718917084244872e-04 1.408359458542122436e-04 2.816718917084244872e-04 1.408359458542122436e-04 1.408359458542122436e-04 1.408359458542122436e-04 1.408359458542122436e-04 1.408359458542122436e-04 4.225078375626367309e-04 4.225078375626367309e-04 4.225078375626367309e-04 4.225078375626367309e-04 4.225078375626367309e-04 4.225078375626367309e-04 7.041797292710611639e-04 1.408359458542122436e-04 4.225078375626367309e-04 4.225078375626367309e-04 4.225078375626367309e-04 4.225078375626367309e-04 4.225078375626367309e-04 4.225078375626367309e-04 5.633437834168489745e-04 9.858516209794855427e-04 1.408359458542122436e-04 5.633437834168489745e-04 1.408359458542122436e-04 1.267523512687909922e-03 1.267523512687909922e-03 1.408359458542122436e-04
1.408359458542122436e-04 2.816718917084244872e-04 4.225078375626367309e-04 4.225078375626367309e-04 1.408359458542122436e-04 1.043594358779698222e-01 5.633437834168489745e-04 4.225078375626367309e-04 2.816718917084244872e-04 1.408359458542122436e-04 1.408359458542122436e-04 1.408359458542122436e-04 1.408359458542122436e-04 1.408359458542122436e-04 2.816718917084244872e-04 7.041797292710611639e-04 5.633437834168489745e-04 9.858516209794855427e-04 1.408359458542122436e-04 5.633437834168489745e-04 5.633437834168489745e-04 9.858516209794855427e-04 1.408359458542122436e-04 1.408359458542122436e-04 9.858516209794855427e-04 5.633437834168489745e-04 5.633437834168489745e-04 5.633437834168489745e-04 5.633437834168489745e-04 7.041797292710611639e-04 1.267523512687909922e-03 1.408359458542122436e-04 7.041797292710611639e-04 2.816718917084244872e-04 1.408359458542122436e-04 2.816718917084245523e-03 1.408359458542122436e-04
1.408359458542122436e-04 2.816718917084244872e-04 4.225078375626367309e-04 1.064719750657829173e-01 1.054861234448034729e-01 1.408359458542122436e-04 1.126687566833697732e-03 5.633437834168489745e-04 2.816718917084244872e-04 1.408359458542122436e-04 1.408359458542122436e-04 2.816718917084244872e-04 2.816718917084244872e-04 1.408359458542122436e-04 2.816718917084244872e-04 1.126687566833697732e-03 7.041797292710611639e-04 1.267523512687909922e-03 1.408359458542122436e-04 7.041797292710611639e-04 1.830867296104758679e-03 1.408359458542122436e-04 1.408359458542122436e-04 2.816718917084244872e-04 1.267523512687909922e-03 1.267523512687909922e-03 1.408359458542122436e-04 7.041797292710611639e-04 1.408359458542122111e-03 1.408359458542122436e-04 1.549195404396334300e-03 1.408359458542122436e-04 1.408359458542122436e-04 1.126687566833697732e-03 2.816718917084244872e-04 3.239226754646882742e-03 1.408359458542122436e-04
1.408359458542122436e-04 2.816718917084244872e-04 1.075986626326165679e-01 1.408359458542122436e-04 4.225078375626367309e-04 2.816718917084244872e-04 2.816718917084244872e-04 1.408359458542122436e-04 1.408359458542122436e-04 1.408359458542122436e-04 1.408359458542122436e-04 5.633437834168489745e-04 4.225078375626367309e-04 2.816718917084244872e-04 1.408359458542122436e-04 1.549195404396334300e-03 2.112539187813183492e-03 1.408359458542122436e-04 2.816718917084244872e-04 2.816718917084245523e-03 1.408359458542122436e-04 1.408359458542122436e-04 1.408359458542122436e-04 2.816718917084244872e-04 2.957554862938457929e-03 1.408359458542122436e-04 2.816718917084244872e-04 2.253375133667395898e-03 1.408359458542122436e-04 2.816718917084244872e-04 1.971703241958971085e-03 1.408359458542122436e-04 1.408359458542122436e-04 2.816718917084244872e-04 4.788422159043219210e-03 1.408359458542122436e-04 1.408359458542122436e-04
1.408359458542122436e-04 1.083028423618875996e-01 1.408359458542122436e-04 1.408359458542122436e-04 1.408359458542122436e-04 1.408359458542122436e-04 1.408359458542122436e-04 1.408359458542122436e-04 1.408359458542122436e-04 1.408359458542122436e-04 2.816718917084244872e-04 8.450156751252733533e-04 5.633437834168489745e-04 4.225078375626367309e-04 1.408359458542122436e-04 3.943406483917944773e-03 1.408359458542122436e-04 1.408359458542122436e-04 3.380062700501095148e-03 1.408359458542122436e-04 1.408359458542122436e-04 2.816718917084244872e-04 2.816718917084244872e-04 1.408359458542122436e-04 3.520898646355307554e-03 2.816718917084244872e-04 2.675882971230033117e-03 1.408359458542122436e-04 2.816718917084244872e-04 2.535047025375820710e-03 1.408359458542122436e-04 1.408359458542122436e-04 1.408359458542122436e-04 5.633437834168489745e-04 5.351765942460068835e-03 2.816718917084244872e-04 1.408359458542122436e-04
1.088661861453044249e-01 1.408359458542122436e-04 1.408359458542122436e-04 1.408359458542122436e-04 1.408359458542122436e-04 1.408359458542122436e-04 1.408359458542122436e-04 1.408359458542122436e-04 2.816718917084244872e-04 2.816718917084244872e-04 1.408359458542122436e-04 1.267523512687909922e-03 7.041797292710611639e-04 5.633437834168489745e-04 1.408359458542122436e-04 4.365914321480581992e-03 1.408359458542122436e-04 1.408359458542122436e-04 3.802570538063732367e-03 1.408359458542122436e-04 2.816718917084244872e-04 4.225078375626367309e-04 4.225078375626367309e-04 1.408359458542122436e-04 1.408359458542122436e-04 6.619289455147980492e-03 1.408359458542122436e-04 1.408359458542122436e-04 3.098390808792670335e-03 1.408359458542122436e-04 1.408359458542122436e-04 2.816718917084244872e-04 1.408359458542122436e-04 6.196781617585343273e-03 1.408359458542122436e-04 1.408359458542122436e-04 2.816718917084244872e-04
4.488441594373976939e-01 3.394146295086578058e-01 2.816718917084244872e-04 2.816718917084244872e-04 2.816718917084244872e-04 1.408359458542122436e-04 1.408359458542122436e-04 4.225078375626367309e-04 4.225078375626367309e-04 4.225078375626367309e-04 2.816718917084244872e-04 1.408359458542122111e-03 8.450156751252733533e-04 5.351765942460068835e-03 4.647586213189006804e-03 1.408359458542122436e-04 1.408359458542122436e-04 4.225078375626369585e-03 2.816718917084244872e-04 1.408359458542122436e-04 1.408359458542122436e-04 1.267523512687909922e-03 1.408359458542122436e-04 2.816718917084244872e-04 1.408359458542122436e-04 7.182633238564830117e-03 1.408359458542122436e-04 3.380062700501095148e-03 2.816718917084244872e-04 1.408359458542122436e-04 2.816718917084244872e-04 4.225078375626367309e-04 2.816718917084244872e-04 1.408359458542122436e-04 6.619289455147980492e-03 1.408359458542122436e-04 4.225078375626367309e-04
4.225078375626367309e-04 1.408359458542122436e-04 3.387104497793866353e-01 4.225078375626367309e-04 2.816718917084244872e-04 1.408359458542122436e-04 1.408359458542122436e-04 2.816718917084244872e-04 1.898468550114730813e-01 1.888610033904936369e-01 1.878751517695141926e-01 1.873118079860973673e-01 1.843542531231590342e-01 1.784391433972823682e-01 1.773124558304487175e-01 1.770307839387403048e-01 1.754815885343440351e-01 1.750590806967814161e-01 1.699889866460299881e-01 1.687214631333421311e-01 1.675947755665084804e-01 1.664680879996748297e-01 1.626655174616112587e-01 1.623838455699028460e-01 1.618205017864860207e-01 1.542153607103588786e-01 1.518211496308373709e-01 1.481594150386280062e-01 1.466102196342317365e-01 1.459060399049607049e-01 1.430893209878765782e-01 1.425259772044597528e-01 1.408359458542092768e-01 1.402726020707924515e-01 1.388642426122503881e-01 1.319632812653942777e-01 1.285832185648933257e-01
2.816718917084244872e-04 1.408359458542122436e-04 1.408359458542122111e-03 3.364570746457188899e-01 1.408359458542122436e-04 1.408359458542122436e-04 5.633437834168489745e-04 1.905510347407441130e-01 1.408359458542122436e-04 4.225078375626367309e-04 1.408359458542122436e-04 5.633437834168489745e-04 4.225078375626367309e-04 9.858516209794855427e-04 1.408359458542122436e-04 1.267523512687909922e-03 1.408359458542122436e-04 7.041797292710611639e-04 8.450156751252733533e-04 8.450156751252733533e-04 8.450156751252733533e-04 1.408359458542122436e-04 2.253375133667395898e-03 1.408359458542122436e-04 1.408359458542122436e-04 2.253375133667395898e-03 1.408359458542122436e-04 1.408359458542122111e-03 2.816718917084244872e-04 2.535047025375820710e-03 1.408359458542122436e-04 1.126687566833697732e-03 1.408359458542122436e-04 1.126687566833697732e-03 1.408359458542122436e-04 3.098390808792670335e-03 1.408359458542122436e-04
1.408359458542122436e-04 2.816718917084244872e-04 8.450156751252733533e-04 1.408359458542122436e-04 3.357528949164477194e-01 1.408359458542122436e-04 1.913960504158693510e-01 1.408359458542122436e-04 1.408359458542122436e-04 2.816718917084244872e-04 1.408359458542122436e-04 2.816718917084244872e-04 2.816718917084244872e-04 4.225078375626367309e-04 4.225078375626367309e-04 5.633437834168489745e-04 5.633437834168489745e-04 5.633437834168489745e-04 7.041797292710611639e-04 7.041797292710611639e-04 7.041797292710611639e-04 7.041797292710611639e-04 7.041797292710611639e-04 7.041797292710611639e-04 7.041797292710611639e-04 7.041797292710611639e-04 7.041797292710611639e-04 1.267523512687909922e-03 1.408359458542122436e-04 8.450156751252733533e-04 1.549195404396334300e-03 1.408359458542122436e-04 8.450156751252733533e-04 9.858516209794855427e-04 9.858516209794855427e-04 9.858516209794855427e-04 9.858516209794855427e-04
1.408359458542122436e-04 2.816718917084244872e-04 4.225078375626367309e-04 1.408359458542122436e-04 1.408359458542122436e-04 3.351895511330307831e-01 1.402726020707924515e-01 1.408359458542122436e-04 1.408359458542122436e-04 1.408359458542122436e-04 1.408359458542122436e-04 1.408359458542122436e-04 1.408359458542122436e-04 2.816718917084244872e-04 2.816718917084244872e-04 4.225078375626367309e-04 4.225078375626367309e-04 4.225078375626367309e-04 5.633437834168489745e-04 5.633437834168489745e-04 5.633437834168489745e-04 5.633437834168489745e-04 5.633437834168489745e-04 5.633437834168489745e-04 5.633437834168489745e-04 5.633437834168489745e-04 5.633437834168489745e-04 5.633437834168489745e-04 5.633437834168489745e-04 7.041797292710611639e-04 7.041797292710611639e-04 7.041797292710611639e-04 7.041797292710611639e-04 8.450156751252733533e-04 8.450156751252733533e-04 8.450156751252733533e-04 8.450156751252733533e-04
1.408359458542122436e-04 2.816718917084244872e-04 1.408359458542122436e-04 1.971703241958971085e-03 2.535047025375820710e-03 3.380062700501095148e-03 1.408359458542122436e-04 1.398500942332298325e-01 2.816718917084244872e-04 1.408359458542122436e-04 1.408359458542122436e-04 1.408359458542122436e-04 1.408359458542122436e-04 1.408359458542122436e-04 1.408359458542122436e-04 2.816718917084244872e-04 2.816718917084244872e-04 2.816718917084244872e-04 4.225078375626367309e-04 4.225078375626367309e-04 4.225078375626367309e-04 4.225078375626367309e-04 4.225078375626367309e-04 4.225078375626367309e-04 4.225078375626367309e-04 4.225078375626367309e-04 4.225078375626367309e-04 4.225078375626367309e-04 4.225078375626367309e-04 5.633437834168489745e-04 5.633437834168489745e-04 5.633437834168489745e-04 5.633437834168489745e-04 7.041797292710611639e-04 7.041797292710611639e-04 7.041797292710611639e-04 7.041797292710611639e-04
1.408359458542122436e-04 1.408359458542122436e-04 1.690031350250546490e-03 4.225078375626367309e-04 4.225078375626367309e-04 2.816718917084244872e-04 1.408359458542122436e-04 1.392867504498130071e-01 1.384417347746877691e-01 2.816718917084244872e-04 7.041797292710611639e-04 4.225078375626367309e-04 1.408359458542122436e-04 1.408359458542122436e-04 1.408359458542122436e-04 1.408359458542122436e-04 1.408359458542122436e-04 1.408359458542122436e-04 2.816718917084244872e-04 2.816718917084244872e-04 2.816718917084244872e-04 2.816718917084244872e-04 2.816718917084244872e-04 2.816718917084244872e-04 2.816718917084244872e-04 2.816718917084244872e-04 2.816718917084244872e-04 2.816718917084244872e-04 2.816718917084244872e-04 4.225078375626367309e-04 4.225078375626367309e-04 4.225078375626367309e-04 4.225078375626367309e-04 5.633437834168489745e-04 5.633437834168489745e-04 5.633437834168489745e-04 5.633437834168489745e-04
1.408359458542122436e-04 9.858516209794855427e-04 4.225078375626367309e-04 2.816718917084244872e-04 2.816718917084244872e-04 1.408359458542122436e-04 2.816718917084244872e-04 2.816718917084244872e-04 1.408359458542122436e-04 1.377375550454167374e-01 2.816718917084244872e-04 1.408359458542122436e-04 2.816718917084244872e-04 2.816718917084244872e-04 1.408359458542122436e-04 1.408359458542122436e-04 1.408359458542122436e-04 1.408359458542122436e-04 1.408359458542122436e-04 1.408359458542122436e-04 1.408359458542122436e-04 1.408359458542122436e-04 1.408359458542122436e-04 1.408359458542122436e-04 1.408359458542122436e-04 1.408359458542122436e-04 1.408359458542122436e-04 1.408359458542122436e-04 1.408359458542122436e-04 2.816718917084244872e-04 2.816718917084244872e-04 2.816718917084244872e-04 2.816718917084244872e-04 4.225078375626367309e-04 4.225078375626367309e-04 4.225078375626367309e-04 4.225078375626367309e-04
