output/field_example_lateral_ON/discharge_000008.asc
nrows	150
cellsize	66.66666667
xllcorner	0
ncols	150
yllcorner	0
NODATA_value	-9999
[rows 85 to 101 of 150, columns 111 to 147 of 150]
2.392802720062995048e-01 2.816718917084244872e-04 1.408359458542122436e-04 1.408359458542122436e-04 1.408359458542122436e-04 1.647780566494280730e-02 1.436526647712962207e-02 1.408359458542119899e-02 2.816718917084244872e-04 1.408359458542122436e-04 2.816718917084244872e-04 1.408359458542122436e-04 7.041797292710611639e-04 4.225078375626367309e-04 2.816718917084244872e-04 2.816718917084244872e-04 2.816718917084244872e-04 2.816718917084244872e-04 1.408359458542122436e-04 1.408359458542122436e-04 1.408359458542122436e-04 1.408359458542122436e-04 1.408359458542122436e-04 1.408359458542122436e-04 1.408359458542122436e-04 1.408359458542122436e-04 2.816718917084244872e-04 2.816718917084244872e-04 1.408359458542122436e-04 1.408359458542122436e-04 2.816718917084244872e-04 1.098520377662854514e-02 3.380062700501095148e-03 1.408359458542122436e-04 1.408359458542122436e-04 1.408359458542122436e-04 1.408359458542122436e-04
1.408359458542122436e-04 2.113947547271666505e-01 2.109722468896040315e-01 1.760449323177651348e-02 1.732282134006808694e-02 1.408359458542122436e-04 2.816718917084244872e-04 1.408359458542122436e-04 9.999352155649064364e-03 1.408359458542122436e-04 8.309320805398525897e-03 7.886812967835891280e-03 6.337617563439555679e-03 8.450156751252733533e-04 4.225078375626367309e-04 4.225078375626367309e-04 4.225078375626367309e-04 2.816718917084244872e-04 2.816718917084244872e-04 2.816718917084244872e-04 1.408359458542122436e-04 2.816718917084244872e-04 4.225078375626367309e-04 1.408359458542122436e-04 1.408359458542122436e-04 2.816718917084244872e-04 2.816718917084244872e-04 7.041797292710611639e-04 1.408359458542122436e-04 2.816718917084244872e-04 1.408359458542122436e-04 1.464693836883804515e-02 2.535047025375820710e-03 2.394211079521608304e-03 1.971703241958971085e-03 1.408359458542122111e-03 4.225078375626367309e-04
1.408359458542122436e-04 1.408359458542122436e-04 2.816718917084244872e-04 1.929452458202656207e-01 1.408359458542122436e-04 2.816718917084244872e-04 1.408359458542122436e-04 1.408359458542122436e-04 1.408359458542122436e-04 9.576844318086429747e-03 2.816718917084244872e-04 1.408359458542122436e-04 4.225078375626367309e-04 4.929258104897431617e-03 3.380062700501095148e-03 2.535047025375820710e-03 1.690031350250546490e-03 1.126687566833697732e-03 5.633437834168489745e-04 1.408359458542122436e-04 1.408359458542122436e-04 5.633437834168489745e-04 7.041797292710611639e-04 1.408359458542122436e-04 1.408359458542122436e-04 2.816718917084244872e-04 4.225078375626367309e-04 1.549195404396334300e-03 2.816718917084244872e-04 1.408359458542122436e-04 4.225078375626367309e-04 1.802700106933915331e-02 2.816718917084244872e-04 1.408359458542122436e-04 1.408359458542122436e-04 2.816718917084244872e-04 7.041797292710611639e-04
1.408359458542122436e-04 1.408359458542122436e-04 2.816718917084244872e-04 2.816718917084244872e-04 1.922410660909945890e-01 1.408359458542122436e-04 1.408359458542122436e-04 1.408359458542122436e-04 1.408359458542122436e-04 4.225078375626367309e-04 2.816718917084244872e-04 1.408359458542122436e-04 2.816718917084244872e-04 9.858516209794855427e-04 4.225078375626367309e-04 2.816718917084244872e-04 2.816718917084244872e-04 1.408359458542122436e-04 1.408359458542122436e-04 1.408359458542122436e-04 1.408359458542122436e-04 8.450156751252733533e-04 9.858516209794855427e-04 1.408359458542122436e-04 2.816718917084244872e-04 1.408359458542122436e-04 4.225078375626367309e-04 1.408359458542122436e-04 2.112539187813183492e-03 2.816718917084244872e-04 1.408359458542122436e-04 1.971703241958971259e-02 5.633437834168489745e-04 4.225078375626367309e-04 2.816718917084244872e-04 1.408359458542122436e-04 1.408359458542122436e-04
1.408359458542122436e-04 1.408359458542122436e-04 1.408359458542122436e-04 1.408359458542122436e-04 1.408359458542122436e-04 1.916777223075777636e-01 4.225078375626367309e-04 1.408359458542122436e-04 1.408359458542122436e-04 1.408359458542122436e-04 1.408359458542122436e-04 1.408359458542122436e-04 1.408359458542122436e-04 5.633437834168489745e-04 2.816718917084244872e-04 2.816718917084244872e-04 1.408359458542122436e-04 1.408359458542122436e-04 1.408359458542122436e-04 1.408359458542122436e-04 2.816718917084244872e-04 2.112539187813183492e-03 2.816718917084244872e-04 1.408359458542122436e-04 4.225078375626367309e-04 1.408359458542122436e-04 2.816718917084244872e-04 5.633437834168489745e-04 1.408359458542122436e-04 2.535047025375820710e-03 2.013954025715235241e-02 1.408359458542122436e-04 9.858516209794855427e-04 7.041797292710611639e-04 4.225078375626367309e-04 2.816718917084244872e-04 1.408359458542122436e-04
1.408359458542122436e-04 1.408359458542122436e-04 2.816718917084244872e-04 1.126687566833697732e-03 1.549195404396334300e-03 1.909735425783067320e-01 1.408359458542122436e-04 4.225078375626367309e-04 1.408359458542122436e-04 1.408359458542122436e-04 1.408359458542122436e-04 1.408359458542122436e-04 1.408359458542122436e-04 2.816718917084244872e-04 1.408359458542122436e-04 1.408359458542122436e-04 1.408359458542122436e-04 1.408359458542122436e-04 1.408359458542122436e-04 2.816718917084244872e-04 2.816718917084244872e-04 2.816718917084245523e-03 2.816718917084244872e-04 1.408359458542122436e-04 5.633437834168489745e-04 1.408359458542122436e-04 2.816718917084244872e-04 4.225078375626367309e-04 7.041797292710611639e-04 2.929387673767621519e-02 2.647715782059194972e-02 2.816718917084244872e-04 1.408359458542122436e-04 1.408359458542122436e-04 1.408359458542122436e-04 1.408359458542122436e-04 2.816718917084244872e-04
1.408359458542122436e-04 4.225078375626367309e-04 7.041797292710611639e-04 2.816718917084244872e-04 4.225078375626367309e-04 1.408359458542122436e-04 1.885793314987852243e-01 1.408359458542122436e-04 1.408359458542122111e-03 1.126687566833697732e-03 8.450156751252733533e-04 5.633437834168489745e-04 2.816718917084244872e-04 1.408359458542122436e-04 1.408359458542122436e-04 1.408359458542122436e-04 1.408359458542122436e-04 1.408359458542122436e-04 2.816718917084244872e-04 2.816718917084244872e-04 4.225078375626367309e-04 3.520898646355307554e-03 1.408359458542122436e-04 2.816718917084244872e-04 7.041797292710611639e-04 1.408359458542122436e-04 5.633437834168489745e-04 1.408359458542122436e-04 3.084307214207256120e-02 2.816718917084244872e-04 1.408359458542122436e-04 5.774273780022706054e-03 1.408359458542122436e-04 1.408359458542122436e-04 2.816718917084244872e-04 4.225078375626367309e-04 4.225078375626367309e-04
1.408359458542122436e-04 1.408359458542122436e-04 1.408359458542122436e-04 1.408359458542122436e-04 1.408359458542122436e-04 1.408359458542122436e-04 1.380192269371277591e-02 1.740732290758019718e-01 4.225078375626367309e-04 2.816718917084244872e-04 1.408359458542122436e-04 1.408359458542122436e-04 1.408359458542122436e-04 1.408359458542122436e-04 1.408359458542122436e-04 1.408359458542122436e-04 4.225078375626367309e-04 1.408359458542122436e-04 2.816718917084244872e-04 4.225078375626367309e-04 4.225078375626367309e-04 4.506750267334794398e-03 2.816718917084244872e-04 4.225078375626367309e-04 8.450156751252733533e-04 1.408359458542122436e-04 2.816718917084244872e-04 3.239226754646890721e-02 5.633437834168489745e-04 2.816718917084244872e-04 1.408359458542122436e-04 2.816718917084244872e-04 5.210929996605856429e-03 4.084242429772157179e-03 3.239226754646882742e-03 2.253375133667395898e-03 1.267523512687909922e-03
1.408359458542122436e-04 2.816718917084244872e-04 4.225078375626367309e-04 5.633437834168489745e-04 1.408359458542122436e-04 1.337941485615014130e-02 1.408359458542122436e-04 1.721015258338430831e-01 2.816718917084244872e-04 1.408359458542122436e-04 2.816718917084244872e-04 2.816718917084244872e-04 2.816718917084244872e-04 2.816718917084244872e-04 1.408359458542122436e-04 1.408359458542122436e-04 7.041797292710611639e-04 1.408359458542122436e-04 2.816718917084244872e-04 8.450156751252733533e-04 1.408359458542122436e-04 1.408359458542122436e-04 4.929258104897431617e-03 1.408359458542122111e-03 1.408359458542122436e-04 1.408359458542122436e-04 3.309644727573997358e-02 1.408359458542122436e-04 1.408359458542122436e-04 1.408359458542122436e-04 1.408359458542122436e-04 1.408359458542122436e-04 2.816718917084244872e-04 5.633437834168489745e-04 4.225078375626367309e-04 4.225078375626367309e-04 4.225078375626367309e-04
1.408359458542122436e-04 1.408359458542122436e-04 1.408359458542122436e-04 1.408359458542122436e-04 1.295690701858750668e-02 1.408359458542122436e-04 2.816718917084244872e-04 1.716790179962804641e-01 1.408359458542122436e-04 4.225078375626367309e-04 4.225078375626367309e-04 4.225078375626367309e-04 7.041797292710611639e-04 2.816718917084244872e-04 1.408359458542122436e-04 1.408359458542122436e-04 9.858516209794855427e-04 1.408359458542122436e-04 2.816718917084244872e-04 1.267523512687909922e-03 1.408359458542122436e-04 5.929193320462364247e-02 5.886942536706100265e-02 5.365849537045511153e-02 5.196846402020455225e-02 5.070094050751663278e-02 1.718198539421387366e-02 1.408359458542122436e-04 1.408359458542122436e-04 1.408359458542122436e-04 1.408359458542122436e-04 1.408359458542122436e-04 1.408359458542122436e-04 1.408359458542122436e-04 2.816718917084244872e-04 2.816718917084244872e-04 2.816718917084244872e-04
4.225078375626367309e-04 7.041797292710611639e-04 2.816718917084244872e-04 1.183021945175381437e-02 2.816718917084244872e-04 1.408359458542122436e-04 1.408359458542122436e-04 1.408359458542122436e-04 1.708340023211552261e-01 1.408359458542122436e-04 9.858516209794855427e-04 1.126687566833697732e-03 2.816718917084244872e-04 1.408359458542122436e-04 1.408359458542122436e-04 2.816718917084244872e-04 1.267523512687909922e-03 1.408359458542122436e-04 5.633437834168489745e-04 1.408359458542122436e-04 6.112280050072841503e-02 1.408359458542122436e-04 1.408359458542122436e-04 1.408359458542122436e-04 9.858516209794855427e-04 1.408359458542122436e-04 1.408359458542122436e-04 1.675947755665123384e-02 2.816718917084244872e-04 2.816718917084244872e-04 2.816718917084244872e-04 1.408359458542122436e-04 1.408359458542122436e-04 1.408359458542122436e-04 1.408359458542122436e-04 1.408359458542122436e-04 1.408359458542122436e-04
1.408359458542122436e-04 1.408359458542122436e-04 1.112603972248275667e-02 1.408359458542122436e-04 1.408359458542122436e-04 2.816718917084244872e-04 4.225078375626367309e-04 5.633437834168489745e-04 1.701298225918841944e-01 1.408359458542122436e-04 2.675882971230033117e-03 4.225078375626367309e-04 2.816718917084244872e-04 1.408359458542122436e-04 1.408359458542122436e-04 2.816718917084244872e-04 1.690031350250546490e-03 2.816718917084244872e-04 1.408359458542122436e-04 7.041797292710611639e-04 6.281283185097895350e-02 1.408359458542122111e-03 5.633437834168489745e-04 1.408359458542122436e-04 2.816718917084244872e-04 4.225078375626367309e-04 1.408359458542122436e-04 2.816718917084244872e-04 1.577362593567174093e-02 1.154854756004539129e-02 2.816718917084244872e-04 2.816718917084244872e-04 2.816718917084244872e-04 2.816718917084244872e-04 1.408359458542122436e-04 1.408359458542122436e-04 1.408359458542122436e-04
1.830867296104758679e-03 9.717680263940641286e-03 2.816718917084244872e-04 1.408359458542122436e-04 1.408359458542122436e-04 2.816718917084244872e-04 7.041797292710611639e-04 1.830867296104758679e-03 1.408359458542122436e-04 1.673131036748000677e-01 1.408359458542122436e-04 1.408359458542122436e-04 1.408359458542122436e-04 1.408359458542122436e-04 1.408359458542122436e-04 2.816718917084244872e-04 7.323469184419022227e-02 7.112215265637712724e-02 7.055880887296030191e-02 6.422119130952101684e-02 2.816718917084244872e-04 1.408359458542122436e-04 7.041797292710611639e-04 4.225078375626367309e-04 1.408359458542122436e-04 2.816718917084244872e-04 1.408359458542122436e-04 2.816718917084244872e-04 3.661734592209519960e-03 1.408359458542122436e-04 1.056269593906591052e-02 1.014018810150327590e-02 4.225078375626367309e-04 2.816718917084244872e-04 2.816718917084244872e-04 2.816718917084244872e-04 7.041797292710611639e-04
1.408359458542122436e-04 7.182633238564830117e-03 2.816718917084244872e-04 1.408359458542122436e-04 1.408359458542122436e-04 2.816718917084244872e-04 4.225078375626367309e-04 5.633437834168489745e-04 1.408359458542122436e-04 1.408359458542122436e-04 1.640738769201533220e-01 2.816718917084244872e-04 1.408359458542122436e-04 2.816718917084244872e-04 1.408359458542122436e-04 7.450221535687807928e-02 2.816718917084244872e-04 1.408359458542122436e-04 6.055945671731130867e-03 1.408359458542122436e-04 1.408359458542122436e-04 1.408359458542122436e-04 1.408359458542122436e-04 4.225078375626367309e-04 2.816718917084244872e-04 1.408359458542122436e-04 1.408359458542122436e-04 2.816718917084244872e-04 3.098390808792670335e-03 1.408359458542122436e-04 2.816718917084244872e-04 1.408359458542122436e-04 8.872664588815372053e-03 2.957554862938457929e-03 2.535047025375820710e-03 1.971703241958971085e-03 4.225078375626367309e-04
5.633437834168493648e-03 1.126687566833697732e-03 2.816718917084244872e-04 1.408359458542122436e-04 1.408359458542122436e-04 2.816718917084244872e-04 2.816718917084244872e-04 1.408359458542122436e-04 1.408359458542122436e-04 1.704114944835966039e-02 1.408359458542122436e-04 1.463285477425233239e-01 1.408359458542122436e-04 1.408359458542122436e-04 7.619224670712855529e-02 5.633437834168489745e-04 4.225078375626367309e-04 1.408359458542122436e-04 2.816718917084244872e-04 5.633437834168493648e-03 5.633437834168489745e-04 4.225078375626367309e-04 2.816718917084244872e-04 1.408359458542122436e-04 2.816718917084244872e-04 1.408359458542122436e-04 1.408359458542122436e-04 2.816718917084244872e-04 2.394211079521608304e-03 2.816718917084244872e-04 1.408359458542122436e-04 1.408359458542122436e-04 1.267523512687909922e-03 4.084242429772157179e-03 1.408359458542122436e-04 1.408359458542122436e-04 7.041797292710611639e-04
2.816718917084244872e-04 7.041797292710611639e-04 2.816718917084244872e-04 1.408359458542122436e-04 1.408359458542122436e-04 1.408359458542122436e-04 1.408359458542122436e-04 2.816718917084244872e-04 1.408359458542122436e-04 1.675947755665123384e-02 1.408359458542122436e-04 1.408359458542122436e-04 1.456243680132522922e-01 7.675559049054538063e-02 2.816718917084244872e-04 5.633437834168489745e-04 4.225078375626367309e-04 2.816718917084244872e-04 1.408359458542122436e-04 5.633437834168489745e-04 4.365914321480581992e-03 2.816718917084244872e-04 1.408359458542122436e-04 2.816718917084244872e-04 1.408359458542122436e-04 1.408359458542122436e-04 1.408359458542122436e-04 2.816718917084244872e-04 1.690031350250546490e-03 2.816718917084244872e-04 1.408359458542122436e-04 1.408359458542122436e-04 9.858516209794855427e-04 5.633437834168489745e-04 3.239226754646882742e-03 2.816718917084244872e-04 1.408359458542122436e-04
1.408359458542122436e-04 4.225078375626367309e-04 1.408359458542122436e-04 1.408359458542122436e-04 1.408359458542122436e-04 2.816718917084244872e-04 4.225078375626367309e-04 5.633437834168489745e-04 1.619613377323438075e-02 1.408359458542122436e-04 1.408359458542122436e-04 2.816718917084244872e-04 4.225078375626367309e-04 6.802376184758458788e-02 1.408359458542122436e-04 1.408359458542122436e-04 4.225078375626367309e-04 2.816718917084244872e-04 1.408359458542122436e-04 4.225078375626367309e-04 4.225078375626367309e-04 3.520898646355307554e-03 8.450156751252733533e-04 4.225078375626367309e-04 2.816718917084244872e-04 1.408359458542122436e-04 1.408359458542122436e-04 1.408359458542122436e-04 1.126687566833697732e-03 2.816718917084244872e-04 1.408359458542122436e-04 1.408359458542122436e-04 7.041797292710611639e-04 4.225078375626367309e-04 5.633437834168489745e-04 2.253375133667395898e-03 8.450156751252733533e-04
