output/field_example_lateral_ON/discharge_000036.asc
nrows	150
cellsize	66.66666667
xllcorner	0
ncols	150
yllcorner	0
NODATA_value	-9999
[rows 0 to 16 of 150, columns 111 to 147 of 150]
1.408359458542122436e-04 1.408359458542122436e-04 1.408359458542122436e-04 1.408359458542122436e-04 1.408359458542122436e-04 1.408359458542122436e-04 1.408359458542122436e-04 1.408359458542122436e-04 1.408359458542122436e-04 1.408359458542122436e-04 1.408359458542122436e-04 1.408359458542122436e-04 1.408359458542122436e-04 1.408359458542122436e-04 1.408359458542122436e-04 1.408359458542122436e-04 1.408359458542122436e-04 1.408359458542122436e-04 1.408359458542122436e-04 1.408359458542122436e-04 1.408359458542122436e-04 1.408359458542122436e-04 1.408359458542122436e-04 1.408359458542122436e-04 1.408359458542122436e-04 1.408359458542122436e-04 1.408359458542122436e-04 1.408359458542122436e-04 1.408359458542122436e-04 1.408359458542122436e-04 1.408359458542122436e-04 1.408359458542122436e-04 1.408359458542122436e-04 1.408359458542122436e-04 1.408359458542122436e-04 1.408359458542122436e-04 1.408359458542122436e-04
4.225078375626367309e-04 2.816718917084244872e-04 2.816718917084244872e-04 4.225078375626367309e-04 2.816718917084244872e-04 1.408359458542122436e-04 1.408359458542122436e-04 2.816718917084244872e-04 4.225078375626367309e-04 2.816718917084244872e-04 2.816718917084244872e-04 2.816718917084244872e-04 2.816718917084244872e-04 4.225078375626367309e-04 2.816718917084244872e-04 2.816718917084244872e-04 2.816718917084244872e-04 2.816718917084244872e-04 2.816718917084244872e-04 1.408359458542122436e-04 2.816718917084244872e-04 2.816718917084244872e-04 1.408359458542122436e-04 2.816718917084244872e-04 2.816718917084244872e-04 5.633437834168489745e-04 2.816718917084244872e-04 1.408359458542122436e-04 1.408359458542122436e-04 2.816718917084244872e-04 5.633437834168489745e-04 1.408359458542122436e-04 2.816718917084244872e-04 4.225078375626367309e-04 2.816718917084244872e-04 2.816718917084244872e-04 2.816718917084244872e-04
7.041797292710611639e-04 4.225078375626367309e-04 4.225078375626367309e-04 8.450156751252733533e-04 2.816718917084244872e-04 1.408359458542122436e-04 1.408359458542122436e-04 2.816718917084244872e-04 8.450156751252733533e-04 4.225078375626367309e-04 4.225078375626367309e-04 4.225078375626367309e-04 4.225078375626367309e-04 8.450156751252733533e-04 4.225078375626367309e-04 4.225078375626367309e-04 4.225078375626367309e-04 5.633437834168489745e-04 1.408359458542122436e-04 1.408359458542122436e-04 5.633437834168489745e-04 5.633437834168489745e-04 1.408359458542122436e-04 1.408359458542122436e-04 4.225078375626367309e-04 1.267523512687909922e-03 2.816718917084244872e-04 1.408359458542122436e-04 1.408359458542122436e-04 2.816718917084244872e-04 1.126687566833697732e-03 1.408359458542122436e-04 4.225078375626367309e-04 8.450156751252733533e-04 4.225078375626367309e-04 4.225078375626367309e-04 4.225078375626367309e-04
9.858516209794855427e-04 5.633437834168489745e-04 5.633437834168489745e-04 1.408359458542122111e-03 1.408359458542122436e-04 1.408359458542122436e-04 2.816718917084244872e-04 2.816718917084244872e-04 1.690031350250546490e-03 1.408359458542122436e-04 5.633437834168489745e-04 5.633437834168493648e-03 4.365914321480581992e-03 3.098390808792670335e-03 2.394211079521608304e-03 1.690031350250546490e-03 9.858516209794855427e-04 1.408359458542122436e-04 1.408359458542122436e-04 1.408359458542122436e-04 8.450156751252733533e-04 8.450156751252733533e-04 1.408359458542122436e-04 1.408359458542122436e-04 2.816718917084244872e-04 2.112539187813183492e-03 2.816718917084244872e-04 1.408359458542122436e-04 1.408359458542122436e-04 2.816718917084244872e-04 1.690031350250546490e-03 1.408359458542122436e-04 5.633437834168489745e-04 4.084242429772157179e-03 2.675882971230033117e-03 1.971703241958971085e-03 1.267523512687909922e-03
1.267523512687909922e-03 7.041797292710611639e-04 2.394211079521608304e-03 2.816718917084244872e-04 1.408359458542122436e-04 1.408359458542122436e-04 2.816718917084244872e-04 4.225078375626367309e-04 2.816718917084245523e-03 1.408359458542122436e-04 6.478453509293768085e-03 1.408359458542122436e-04 2.816718917084244872e-04 2.816718917084244872e-04 1.408359458542122436e-04 1.408359458542122436e-04 1.408359458542122436e-04 1.408359458542122436e-04 1.408359458542122436e-04 2.816718917084244872e-04 1.126687566833697732e-03 1.126687566833697732e-03 1.408359458542122436e-04 1.408359458542122436e-04 2.816718917084244872e-04 2.816718917084245523e-03 2.816718917084244872e-04 1.408359458542122436e-04 1.408359458542122436e-04 2.816718917084244872e-04 2.253375133667395898e-03 1.408359458542122436e-04 5.070094050751644023e-03 2.816718917084244872e-04 1.408359458542122436e-04 1.408359458542122436e-04 1.408359458542122436e-04
1.690031350250546490e-03 3.520898646355307554e-03 2.816718917084244872e-04 1.408359458542122436e-04 1.408359458542122436e-04 1.408359458542122436e-04 2.816718917084244872e-04 4.225078375626367309e-04 1.056269593906591052e-02 7.464305130273254929e-03 7.041797292710611639e-04 4.225078375626367309e-04 1.408359458542122436e-04 1.408359458542122436e-04 1.408359458542122436e-04 1.408359458542122436e-04 1.408359458542122436e-04 1.408359458542122436e-04 1.408359458542122436e-04 2.816718917084244872e-04 1.549195404396334300e-03 1.549195404396334300e-03 1.408359458542122436e-04 1.408359458542122436e-04 2.816718917084244872e-04 3.520898646355307554e-03 2.816718917084244872e-04 1.408359458542122436e-04 1.408359458542122436e-04 2.816718917084244872e-04 2.675882971230033117e-03 6.900961346856405304e-03 1.408359458542122111e-03 1.126687566833697732e-03 8.450156751252733533e-04 5.633437834168489745e-04 2.816718917084244872e-04
5.633437834168493648e-03 1.408359458542122436e-04 1.408359458542122436e-04 1.408359458542122436e-04 1.408359458542122436e-04 2.816718917084244872e-04 2.816718917084244872e-04 1.183021945175381437e-02 1.408359458542122436e-04 1.408359458542122436e-04 1.408359458542122436e-04 1.408359458542122436e-04 1.408359458542122436e-04 1.408359458542122436e-04 1.408359458542122436e-04 2.816718917084244872e-04 2.816718917084244872e-04 2.816718917084244872e-04 1.408359458542122436e-04 2.816718917084244872e-04 3.520898646355307554e-03 1.408359458542122436e-04 1.408359458542122436e-04 1.408359458542122436e-04 2.816718917084244872e-04 4.225078375626369585e-03 2.816718917084244872e-04 1.408359458542122436e-04 1.408359458542122436e-04 2.816718917084244872e-04 1.014018810150327590e-02 1.408359458542122436e-04 1.408359458542122436e-04 1.408359458542122436e-04 1.408359458542122436e-04 1.408359458542122436e-04 1.408359458542122436e-04
6.196781617585343273e-03 2.816718917084244872e-04 2.816718917084244872e-04 1.408359458542122436e-04 1.408359458542122436e-04 2.816718917084244872e-04 4.225078375626367309e-04 1.281607107273329514e-02 4.225078375626367309e-04 2.816718917084244872e-04 1.408359458542122436e-04 1.408359458542122436e-04 1.408359458542122436e-04 2.816718917084244872e-04 2.816718917084244872e-04 4.225078375626367309e-04 4.225078375626367309e-04 4.225078375626367309e-04 1.408359458542122436e-04 2.816718917084244872e-04 4.084242429772157179e-03 4.225078375626367309e-04 1.408359458542122436e-04 1.408359458542122436e-04 2.816718917084244872e-04 4.929258104897431617e-03 2.816718917084244872e-04 1.408359458542122436e-04 1.408359458542122436e-04 5.633437834168489745e-04 1.070353188492012206e-02 4.225078375626367309e-04 2.816718917084244872e-04 1.408359458542122436e-04 1.408359458542122436e-04 1.408359458542122436e-04 2.816718917084244872e-04
7.605141076127467335e-03 7.041797292710611639e-04 2.816718917084244872e-04 1.408359458542122436e-04 1.408359458542122436e-04 5.633437834168489745e-04 1.408359458542122436e-04 1.323857891029592976e-02 2.816718917084244872e-04 1.408359458542122436e-04 1.408359458542122436e-04 2.816718917084244872e-04 2.816718917084244872e-04 4.225078375626367309e-04 4.225078375626367309e-04 5.633437834168489745e-04 5.633437834168489745e-04 5.633437834168489745e-04 2.816718917084244872e-04 1.408359458542122436e-04 4.929258104897431617e-03 1.408359458542122436e-04 1.408359458542122436e-04 1.408359458542122436e-04 2.816718917084244872e-04 5.633437834168493648e-03 1.408359458542122436e-04 2.816718917084244872e-04 1.408359458542122436e-04 1.239356323517066052e-02 8.450156751252733533e-04 5.633437834168489745e-04 4.225078375626367309e-04 2.816718917084244872e-04 1.408359458542122436e-04 5.633437834168489745e-04 4.225078375626367309e-04
1.408359458542122436e-04 1.408359458542122436e-04 2.816718917084244872e-04 1.408359458542122436e-04 1.408359458542122436e-04 2.816718917084244872e-04 1.436526647712962207e-02 1.408359458542122436e-04 1.408359458542122436e-04 1.408359458542122436e-04 2.816718917084244872e-04 4.225078375626367309e-04 4.225078375626367309e-04 5.633437834168489745e-04 5.633437834168489745e-04 7.041797292710611639e-04 1.267523512687909922e-03 1.408359458542122436e-04 4.225078375626367309e-04 1.408359458542122436e-04 5.351765942460068835e-03 2.816718917084244872e-04 1.408359458542122436e-04 1.408359458542122436e-04 2.816718917084244872e-04 6.196781617585343273e-03 1.408359458542122436e-04 1.408359458542122436e-04 3.027972835865570811e-02 1.408359458542122436e-04 1.408359458542122436e-04 1.408359458542122436e-04 1.408359458542122436e-04 2.816718917084244872e-04 1.408359458542122436e-04 1.126687566833697732e-03 8.450156751252733533e-04
2.816718917084244872e-04 4.225078375626367309e-04 1.408359458542122436e-04 2.816718917084244872e-04 2.816718917084244872e-04 1.408359458542122436e-04 1.408359458542122436e-04 1.478777431469225669e-02 2.816718917084244872e-04 1.408359458542122436e-04 4.225078375626367309e-04 5.633437834168489745e-04 5.633437834168489745e-04 7.041797292710611639e-04 7.041797292710611639e-04 2.112539187813183492e-03 1.408359458542122436e-04 1.408359458542122436e-04 7.041797292710611639e-04 1.408359458542122436e-04 5.915109725876918460e-03 2.816718917084244872e-04 1.408359458542122436e-04 1.408359458542122436e-04 2.816718917084244872e-04 7.041797292710617710e-03 1.408359458542122436e-04 3.084307214207256120e-02 1.408359458542122436e-04 1.718198539421387366e-02 1.408359458542122436e-04 2.816718917084244872e-04 1.408359458542122436e-04 5.633437834168489745e-04 1.408359458542122436e-04 2.535047025375820710e-03 4.225078375626367309e-04
1.188655383009530747e-01 1.408359458542122436e-04 1.408359458542122436e-04 1.128095926292222023e-01 1.122462488458053770e-01 1.116829050623885516e-01 1.070353188491997426e-01 1.066128110116371236e-01 9.140252885938283944e-02 1.408359458542122436e-04 1.126687566833697732e-03 1.408359458542122436e-04 1.408359458542122111e-03 1.408359458542122436e-04 1.408359458542122436e-04 3.098390808792670335e-03 1.408359458542122436e-04 1.408359458542122436e-04 6.689707428075093720e-02 6.196781617585343273e-03 1.408359458542122436e-04 7.041797292710611639e-04 1.408359458542122436e-04 2.816718917084244872e-04 1.408359458542122436e-04 3.929322889332535762e-02 3.211059565476048067e-02 2.816718917084244872e-04 1.408359458542122436e-04 5.633437834168489745e-04 1.619613377323438075e-02 6.196781617585343273e-03 5.774273780022706054e-03 4.788422159043219210e-03 4.225078375626369585e-03 1.267523512687909922e-03 4.225078375626367309e-04
1.408359458542122436e-04 1.177388507341194240e-01 1.171755069507025987e-01 2.816718917084244872e-04 1.408359458542122436e-04 4.365914321480581992e-03 1.408359458542122436e-04 2.816718917084244872e-04 1.408359458542122436e-04 9.055751318425760144e-02 8.379738778325569737e-02 8.252986427056784036e-02 8.224819237885942769e-02 8.055816102860895167e-02 7.999481724519212633e-02 7.957230940762950733e-02 7.605141076127434896e-02 6.788292590173038155e-02 1.408359458542122436e-04 5.971444104218628229e-02 5.196846402020455225e-02 5.084177645337084606e-02 5.056010456166241951e-02 5.013759672409977969e-02 3.985657267674221071e-02 2.816718917084244872e-04 4.225078375626367309e-04 2.816718917084244872e-04 1.408359458542122436e-04 4.225078375626367309e-04 1.408359458542122436e-04 9.717680263940641286e-03 1.408359458542122436e-04 1.408359458542122436e-04 2.816718917084244872e-04 2.816718917084244872e-04 7.041797292710611639e-04
2.816718917084244872e-04 1.408359458542122436e-04 3.661734592209519960e-03 1.408359458542122436e-04 1.408359458542122436e-04 1.408359458542122436e-04 4.084242429772157179e-03 1.408359458542122436e-04 2.816718917084244872e-04 1.408359458542122436e-04 6.196781617585343273e-03 2.816718917084244872e-04 1.408359458542122436e-04 2.816718917084244872e-04 1.408359458542122436e-04 2.816718917084244872e-04 7.886812967835891280e-03 1.408359458542122436e-04 4.225078375626367309e-04 7.605141076127467335e-03 1.408359458542122436e-04 1.408359458542122436e-04 2.816718917084244872e-04 1.408359458542122436e-04 9.717680263940641286e-03 1.408359458542122436e-04 1.408359458542122436e-04 2.816718917084244872e-04 1.408359458542122436e-04 2.816718917084244872e-04 1.408359458542122436e-04 9.013500534669583591e-03 4.225078375626367309e-04 2.816718917084244872e-04 1.408359458542122436e-04 1.408359458542122436e-04 1.408359458542122436e-04
1.408359458542122436e-04 1.408359458542122436e-04 1.549195404396334300e-03 1.830867296104758679e-03 1.408359458542122436e-04 2.816718917084244872e-04 1.408359458542122436e-04 3.520898646355307554e-03 1.408359458542122436e-04 1.408359458542122436e-04 1.408359458542122436e-04 5.492601888314281242e-03 1.408359458542122436e-04 1.408359458542122436e-04 1.408359458542122436e-04 7.323469184419042523e-03 2.816718917084244872e-04 1.408359458542122436e-04 2.816718917084244872e-04 1.408359458542122436e-04 7.323469184419042523e-03 2.816718917084244872e-04 1.408359458542122436e-04 1.408359458542122436e-04 9.295172426378006669e-03 1.408359458542122436e-04 1.408359458542122436e-04 1.408359458542122436e-04 1.408359458542122436e-04 1.408359458542122436e-04 1.408359458542122436e-04 2.816718917084244872e-04 8.309320805398525897e-03 2.816718917084244872e-04 1.408359458542122436e-04 1.408359458542122436e-04 1.408359458542122436e-04
1.408359458542122436e-04 1.408359458542122436e-04 1.267523512687909922e-03 1.408359458542122111e-03 1.408359458542122436e-04 1.408359458542122436e-04 1.549195404396334300e-03 1.690031350250546490e-03 1.408359458542122436e-04 1.408359458542122436e-04 1.971703241958971085e-03 1.126687566833697732e-03 2.253375133667395898e-03 1.408359458542122436e-04 1.408359458542122436e-04 6.900961346856405304e-03 1.408359458542122436e-04 1.408359458542122436e-04 1.408359458542122436e-04 1.408359458542122436e-04 6.760125401002192898e-03 1.408359458542122436e-04 1.408359458542122436e-04 1.408359458542122436e-04 2.816718917084244872e-04 8.590992697106948975e-03 7.041797292710611639e-04 4.225078375626367309e-04 2.816718917084244872e-04 1.408359458542122436e-04 1.408359458542122436e-04 2.816718917084244872e-04 2.816718917084244872e-04 7.323469184419042523e-03 1.690031350250546490e-03 1.408359458542122111e-03 9.858516209794855427e-04
1.408359458542122436e-04 1.408359458542122436e-04 9.858516209794855427e-04 1.126687566833697732e-03 1.408359458542122436e-04 1.408359458542122436e-04 1.267523512687909922e-03 7.041797292710611639e-04 8.450156751252733533e-04 1.408359458542122436e-04 1.549195404396334300e-03 9.858516209794855427e-04 1.830867296104758679e-03 1.408359458542122436e-04 1.408359458542122436e-04 2.535047025375820710e-03 4.084242429772157179e-03 4.225078375626367309e-04 1.408359458542122436e-04 1.408359458542122436e-04 6.055945671731130867e-03 2.816718917084244872e-04 1.408359458542122436e-04 1.408359458542122436e-04 1.408359458542122436e-04 6.337617563439555679e-03 1.267523512687909922e-03 1.126687566833697732e-03 7.041797292710611639e-04 2.816718917084244872e-04 1.408359458542122436e-04 1.408359458542122436e-04 2.816718917084244872e-04 1.690031350250546490e-03 3.520898646355307554e-03 1.408359458542122436e-04 1.408359458542122436e-04
