output/field_example_lateral_ON/discharge_000009.asc
nrows	150
cellsize	66.66666667
xllcorner	0
ncols	150
yllcorner	0
NODATA_value	-9999
[rows 119 to 135 of 150, columns 74 to 110 of 150]
5.633437834168489745e-04 8.450156751252733533e-04 2.816718917084244872e-04 1.591446188152595420e-02 5.633437834168489745e-04 1.408359458542122436e-04 2.816718917084244872e-04 7.872729373250426932e-02 1.408359458542122436e-04 2.394211079521608304e-03 1.549195404396334300e-03 1.126687566833697732e-03 7.041797292710611639e-04 4.225078375626367309e-04 1.408359458542122436e-04 1.408359458542122436e-04 1.408359458542122436e-04 1.408359458542122436e-04 1.408359458542122436e-04 1.408359458542122436e-04 1.408359458542122436e-04 1.408359458542122436e-04 1.408359458542122436e-04 1.408359458542122436e-04 1.408359458542122436e-04 1.408359458542122436e-04 1.408359458542122436e-04 1.408359458542122436e-04 1.408359458542122436e-04 1.408359458542122436e-04 1.408359458542122436e-04 1.408359458542122436e-04 1.408359458542122436e-04 1.408359458542122436e-04 1.408359458542122436e-04 1.408359458542122436e-04 1.408359458542122436e-04
1.408359458542122436e-04 1.408359458542122436e-04 1.408359458542122436e-04 1.408359458542122436e-04 1.704114944835966039e-02 1.408359458542122436e-04 7.943147346177530099e-02 1.408359458542122436e-04 4.225078375626367309e-04 4.225078375626367309e-04 2.816718917084244872e-04 2.816718917084244872e-04 2.816718917084244872e-04 1.408359458542122436e-04 1.408359458542122436e-04 1.408359458542122436e-04 1.408359458542122436e-04 1.408359458542122436e-04 1.408359458542122436e-04 1.408359458542122436e-04 1.408359458542122436e-04 1.408359458542122436e-04 1.408359458542122436e-04 1.408359458542122436e-04 1.408359458542122436e-04 1.408359458542122436e-04 1.408359458542122436e-04 1.408359458542122436e-04 1.408359458542122436e-04 1.408359458542122436e-04 1.408359458542122436e-04 1.408359458542122436e-04 1.408359458542122436e-04 1.408359458542122436e-04 1.408359458542122436e-04 2.816718917084244872e-04 2.816718917084244872e-04
1.408359458542122436e-04 1.408359458542122436e-04 1.408359458542122436e-04 2.816718917084244872e-04 1.408359458542122436e-04 9.689513074769688650e-02 1.408359458542122436e-04 2.816718917084244872e-04 1.408359458542122436e-04 2.816718917084244872e-04 2.816718917084244872e-04 1.408359458542122436e-04 1.408359458542122436e-04 1.408359458542122436e-04 1.408359458542122436e-04 2.816718917084244872e-04 2.816718917084244872e-04 2.816718917084244872e-04 2.816718917084244872e-04 2.816718917084244872e-04 2.816718917084244872e-04 4.225078375626367309e-04 1.408359458542122436e-04 2.816718917084244872e-04 2.816718917084244872e-04 2.816718917084244872e-04 2.816718917084244872e-04 2.816718917084244872e-04 2.816718917084244872e-04 2.816718917084244872e-04 4.225078375626367309e-04 1.408359458542122436e-04 2.816718917084244872e-04 2.816718917084244872e-04 2.816718917084244872e-04 4.225078375626367309e-04 4.225078375626367309e-04
2.816718917084244872e-04 1.408359458542122436e-04 2.816718917084244872e-04 1.408359458542122436e-04 1.408359458542122436e-04 1.408359458542122436e-04 9.872599804380156885e-02 4.225078375626367309e-04 2.816718917084244872e-04 1.408359458542122436e-04 1.408359458542122436e-04 1.408359458542122436e-04 1.408359458542122436e-04 1.408359458542122436e-04 2.816718917084244872e-04 4.225078375626367309e-04 4.225078375626367309e-04 4.225078375626367309e-04 4.225078375626367309e-04 4.225078375626367309e-04 4.225078375626367309e-04 7.041797292710611639e-04 1.408359458542122436e-04 4.225078375626367309e-04 4.225078375626367309e-04 4.225078375626367309e-04 4.225078375626367309e-04 4.225078375626367309e-04 4.225078375626367309e-04 4.225078375626367309e-04 7.041797292710611639e-04 1.408359458542122436e-04 4.225078375626367309e-04 4.225078375626367309e-04 4.225078375626367309e-04 5.633437834168489745e-04 5.633437834168489745e-04
4.225078375626367309e-04 1.408359458542122436e-04 2.816718917084244872e-04 4.225078375626367309e-04 2.816718917084244872e-04 9.957101371892680686e-02 1.408359458542122436e-04 8.450156751252733533e-04 5.633437834168489745e-04 2.816718917084244872e-04 1.408359458542122436e-04 1.408359458542122436e-04 1.408359458542122436e-04 4.225078375626367309e-04 4.225078375626367309e-04 5.633437834168489745e-04 5.633437834168489745e-04 9.858516209794855427e-04 1.408359458542122436e-04 5.633437834168489745e-04 5.633437834168489745e-04 9.858516209794855427e-04 1.408359458542122436e-04 1.408359458542122436e-04 9.858516209794855427e-04 5.633437834168489745e-04 5.633437834168489745e-04 5.633437834168489745e-04 5.633437834168489745e-04 5.633437834168489745e-04 9.858516209794855427e-04 1.408359458542122436e-04 5.633437834168489745e-04 5.633437834168489745e-04 1.408359458542122436e-04 1.126687566833697732e-03 1.267523512687909922e-03
5.633437834168489745e-04 2.816718917084244872e-04 1.408359458542122436e-04 4.225078375626367309e-04 5.633437834168489745e-04 1.005568653399062512e-01 2.816718917084244872e-04 1.408359458542122436e-04 1.408359458542122436e-04 1.408359458542122436e-04 1.408359458542122436e-04 1.408359458542122436e-04 2.816718917084244872e-04 7.041797292710611639e-04 5.633437834168489745e-04 7.041797292710611639e-04 7.041797292710611639e-04 1.267523512687909922e-03 1.408359458542122436e-04 7.041797292710611639e-04 1.830867296104758679e-03 1.408359458542122436e-04 1.408359458542122436e-04 2.816718917084244872e-04 1.267523512687909922e-03 1.267523512687909922e-03 1.408359458542122436e-04 7.041797292710611639e-04 1.267523512687909922e-03 1.408359458542122436e-04 1.267523512687909922e-03 1.408359458542122436e-04 1.408359458542122436e-04 1.267523512687909922e-03 1.408359458542122436e-04 2.675882971230033117e-03 1.408359458542122436e-04
7.041797292710611639e-04 4.225078375626367309e-04 1.408359458542122436e-04 2.816718917084244872e-04 1.021060607443025209e-01 2.816718917084244872e-04 5.633437834168489745e-04 2.816718917084244872e-04 1.408359458542122436e-04 1.408359458542122436e-04 2.816718917084244872e-04 2.816718917084244872e-04 1.408359458542122436e-04 1.126687566833697732e-03 1.408359458542122436e-04 1.408359458542122111e-03 2.253375133667395898e-03 1.408359458542122436e-04 1.408359458542122436e-04 2.816718917084245523e-03 1.408359458542122436e-04 1.408359458542122436e-04 1.408359458542122436e-04 2.816718917084244872e-04 2.957554862938457929e-03 1.408359458542122436e-04 2.816718917084244872e-04 2.112539187813183492e-03 1.408359458542122436e-04 2.816718917084244872e-04 1.549195404396334300e-03 1.408359458542122436e-04 1.408359458542122436e-04 1.549195404396334300e-03 2.816718917084244872e-04 3.098390808792670335e-03 1.408359458542122436e-04
1.408359458542122436e-04 5.633437834168489745e-04 1.408359458542122436e-04 1.028102404735735526e-01 1.408359458542122436e-04 1.408359458542122436e-04 1.408359458542122436e-04 1.408359458542122436e-04 1.408359458542122436e-04 1.408359458542122436e-04 5.633437834168489745e-04 4.225078375626367309e-04 2.816718917084244872e-04 1.267523512687909922e-03 1.408359458542122436e-04 3.943406483917944773e-03 1.408359458542122436e-04 1.408359458542122436e-04 2.816718917084244872e-04 3.380062700501095148e-03 2.816718917084244872e-04 1.408359458542122436e-04 2.816718917084244872e-04 1.408359458542122436e-04 3.520898646355307554e-03 1.408359458542122436e-04 2.535047025375820710e-03 1.408359458542122436e-04 2.816718917084244872e-04 1.971703241958971085e-03 1.408359458542122436e-04 2.816718917084244872e-04 1.408359458542122436e-04 1.830867296104758679e-03 3.661734592209519960e-03 1.408359458542122436e-04 1.408359458542122436e-04
4.282821113426795168e-01 4.278596035051168145e-01 4.270145878299914100e-01 1.408359458542122436e-04 1.408359458542122436e-04 1.408359458542122436e-04 1.408359458542122436e-04 1.408359458542122436e-04 2.816718917084244872e-04 1.408359458542122436e-04 8.450156751252733533e-04 5.633437834168489745e-04 1.690031350250546490e-03 1.408359458542122436e-04 1.408359458542122436e-04 4.506750267334794398e-03 1.408359458542122436e-04 1.408359458542122436e-04 3.943406483917944773e-03 1.408359458542122436e-04 1.408359458542122436e-04 2.816718917084244872e-04 4.225078375626367309e-04 1.408359458542122436e-04 3.802570538063732367e-03 2.816718917084245523e-03 1.408359458542122436e-04 2.816718917084244872e-04 2.394211079521608304e-03 1.408359458542122436e-04 2.816718917084244872e-04 4.225078375626367309e-04 1.408359458542122436e-04 5.774273780022706054e-03 1.408359458542122436e-04 1.408359458542122436e-04 2.816718917084244872e-04
1.408359458542122436e-04 1.408359458542122436e-04 1.408359458542122436e-04 3.236410035729835877e-01 2.816718917084244872e-04 2.816718917084244872e-04 2.816718917084244872e-04 1.408359458542122436e-04 4.225078375626367309e-04 2.816718917084244872e-04 1.408359458542122436e-04 1.549195404396334300e-03 1.830867296104758679e-03 1.408359458542122436e-04 4.929258104897431617e-03 1.408359458542122436e-04 1.408359458542122436e-04 2.816718917084244872e-04 1.408359458542122436e-04 4.365914321480581992e-03 1.408359458542122436e-04 4.225078375626367309e-04 5.633437834168489745e-04 1.408359458542122436e-04 6.900961346856405304e-03 1.408359458542122436e-04 1.408359458542122436e-04 2.957554862938457929e-03 2.816718917084244872e-04 1.408359458542122436e-04 4.225078375626367309e-04 5.633437834168489745e-04 1.408359458542122436e-04 6.196781617585343273e-03 1.408359458542122436e-04 2.816718917084244872e-04 4.225078375626367309e-04
1.408359458542122436e-04 1.408359458542122436e-04 7.041797292710611639e-04 1.408359458542122436e-04 3.222326441144412468e-01 3.160358624968549468e-01 1.408359458542122436e-04 1.408359458542122436e-04 9.858516209794855427e-04 1.408359458542122436e-04 1.408359458542122436e-04 2.816718917084244872e-04 1.535111809810878469e-01 1.499902823347326886e-01 1.492861026054616569e-01 1.437935007171476098e-01 1.433709928795849908e-01 1.415401255834803085e-01 1.409767818000634831e-01 1.399909301790840388e-01 1.347800001824784044e-01 1.343574923449157854e-01 1.319632812653942777e-01 1.311182655902690397e-01 1.295690701858727700e-01 1.223864369473082331e-01 1.208372415429119634e-01 1.204147337053493444e-01 1.171755069507025987e-01 1.154854756004521227e-01 1.139362801960558530e-01 1.132321004667848213e-01 1.118237410082427580e-01 1.108378893872633136e-01 1.032327483111361716e-01 1.028102404735735526e-01 1.016835529067399019e-01
4.225078375626367309e-04 1.408359458542122436e-04 2.816718917084244872e-04 2.816718917084244872e-04 6.055945671731130867e-03 1.408359458542122436e-04 3.151908468217295423e-01 3.147683389841668400e-01 3.133599795256244991e-01 3.122332919587906264e-01 1.408359458542122436e-04 1.540745247645046723e-01 1.408359458542122436e-04 4.225078375626367309e-04 4.225078375626367309e-04 1.408359458542122436e-04 1.549195404396334300e-03 1.408359458542122436e-04 7.041797292710611639e-04 7.041797292710611639e-04 1.408359458542122436e-04 1.830867296104758679e-03 1.408359458542122436e-04 1.267523512687909922e-03 1.408359458542122436e-04 1.267523512687909922e-03 1.408359458542122436e-04 1.408359458542122436e-04 1.267523512687909922e-03 1.267523512687909922e-03 1.408359458542122436e-04 7.041797292710611639e-04 7.041797292710611639e-04 1.267523512687909922e-03 1.408359458542122436e-04 7.041797292710611639e-04 1.408359458542122436e-04
2.816718917084244872e-04 1.408359458542122436e-04 1.408359458542122436e-04 1.408359458542122436e-04 5.210929996605856429e-03 1.408359458542122436e-04 2.816718917084244872e-04 1.408359458542122436e-04 9.858516209794855427e-04 1.408359458542122436e-04 3.115291122295194559e-01 1.408359458542122436e-04 1.408359458542122436e-04 2.816718917084244872e-04 2.816718917084244872e-04 4.225078375626367309e-04 4.225078375626367309e-04 5.633437834168489745e-04 5.633437834168489745e-04 5.633437834168489745e-04 5.633437834168489745e-04 5.633437834168489745e-04 5.633437834168489745e-04 5.633437834168489745e-04 5.633437834168489745e-04 5.633437834168489745e-04 5.633437834168489745e-04 5.633437834168489745e-04 5.633437834168489745e-04 5.633437834168489745e-04 5.633437834168489745e-04 5.633437834168489745e-04 5.633437834168489745e-04 5.633437834168489745e-04 5.633437834168489745e-04 5.633437834168489745e-04 5.633437834168489745e-04
1.408359458542122436e-04 1.408359458542122436e-04 2.816718917084244872e-04 4.084242429772157179e-03 8.450156751252733533e-04 1.408359458542122436e-04 1.408359458542122436e-04 5.633437834168489745e-04 1.408359458542122436e-04 1.408359458542122436e-04 1.563278998981719736e-01 8.450156751252733533e-04 1.408359458542122436e-04 1.408359458542122436e-04 1.408359458542122436e-04 2.816718917084244872e-04 2.816718917084244872e-04 4.225078375626367309e-04 4.225078375626367309e-04 4.225078375626367309e-04 4.225078375626367309e-04 4.225078375626367309e-04 4.225078375626367309e-04 4.225078375626367309e-04 4.225078375626367309e-04 4.225078375626367309e-04 4.225078375626367309e-04 4.225078375626367309e-04 4.225078375626367309e-04 4.225078375626367309e-04 4.225078375626367309e-04 4.225078375626367309e-04 4.225078375626367309e-04 4.225078375626367309e-04 4.225078375626367309e-04 4.225078375626367309e-04 4.225078375626367309e-04
1.408359458542122436e-04 2.816718917084244872e-04 3.098390808792670335e-03 5.633437834168489745e-04 5.633437834168489745e-04 1.408359458542122436e-04 1.408359458542122436e-04 2.816718917084244872e-04 1.408359458542122436e-04 2.816718917084244872e-04 1.561870639523177673e-01 4.225078375626367309e-04 2.816718917084244872e-04 1.408359458542122436e-04 1.408359458542122436e-04 1.408359458542122436e-04 1.408359458542122436e-04 2.816718917084244872e-04 2.816718917084244872e-04 2.816718917084244872e-04 2.816718917084244872e-04 2.816718917084244872e-04 2.816718917084244872e-04 2.816718917084244872e-04 2.816718917084244872e-04 2.816718917084244872e-04 2.816718917084244872e-04 2.816718917084244872e-04 2.816718917084244872e-04 2.816718917084244872e-04 2.816718917084244872e-04 2.816718917084244872e-04 2.816718917084244872e-04 2.816718917084244872e-04 2.816718917084244872e-04 2.816718917084244872e-04 2.816718917084244872e-04
4.225078375626367309e-04 2.394211079521608304e-03 2.816718917084244872e-04 4.225078375626367309e-04 2.816718917084244872e-04 1.408359458542122436e-04 1.408359458542122436e-04 1.408359458542122436e-04 2.816718917084244872e-04 1.408359458542122436e-04 2.492796241619560371e-02 1.308365936985606270e-01 1.408359458542122436e-04 2.816718917084244872e-04 1.408359458542122436e-04 1.408359458542122436e-04 1.408359458542122436e-04 1.408359458542122436e-04 1.408359458542122436e-04 1.408359458542122436e-04 1.408359458542122436e-04 1.408359458542122436e-04 1.408359458542122436e-04 1.408359458542122436e-04 1.408359458542122436e-04 1.408359458542122436e-04 1.408359458542122436e-04 1.408359458542122436e-04 1.408359458542122436e-04 1.408359458542122436e-04 1.408359458542122436e-04 1.408359458542122436e-04 1.408359458542122436e-04 1.408359458542122436e-04 1.408359458542122436e-04 1.408359458542122436e-04 1.408359458542122436e-04
2.816718917084244872e-04 1.549195404396334300e-03 1.408359458542122436e-04 2.816718917084244872e-04 1.408359458542122436e-04 1.408359458542122436e-04 2.816718917084244872e-04 4.225078375626367309e-04 1.408359458542122436e-04 2.450545457863296389e-02 1.408359458542122436e-04 1.305549218068522144e-01 4.225078375626367309e-04 2.816718917084244872e-04 2.816718917084244872e-04 2.816718917084244872e-04 1.408359458542122436e-04 1.408359458542122436e-04 1.408359458542122436e-04 1.408359458542122436e-04 1.408359458542122436e-04 1.408359458542122436e-04 1.408359458542122436e-04 1.408359458542122436e-04 1.408359458542122436e-04 1.408359458542122436e-04 1.408359458542122436e-04 1.408359458542122436e-04 1.408359458542122436e-04 1.408359458542122436e-04 1.408359458542122436e-04 1.408359458542122436e-04 1.408359458542122436e-04 1.408359458542122436e-04 1.408359458542122436e-04 1.408359458542122436e-04 1.408359458542122436e-04
