output/field_example_lateral_ON/discharge_000017.asc
nrows	150
cellsize	66.66666667
xllcorner	0
ncols	150
yllcorner	0
NODATA_value	-9999
[rows 85 to 101 of 150, columns 111 to 147 of 150]
1.408359458542122436e-04 1.408359458542122436e-04 2.323793106594504443e-02 1.844950890690132406e-01 1.408359458542122436e-04 1.408359458542122436e-04 1.408359458542122436e-04 1.408359458542122436e-04 1.408359458542122436e-04 2.394211079521608304e-03 5.633437834168489745e-04 1.408359458542122436e-04 8.450156751252733533e-04 4.225078375626367309e-04 4.225078375626367309e-04 2.816718917084244872e-04 2.816718917084244872e-04 2.816718917084244872e-04 1.408359458542122436e-04 1.408359458542122436e-04 2.816718917084244872e-04 5.633437834168489745e-04 2.816718917084244872e-04 1.408359458542122436e-04 1.408359458542122436e-04 2.816718917084244872e-04 9.858516209794855427e-04 5.633437834168489745e-04 2.816718917084244872e-04 1.408359458542122436e-04 4.225078375626367309e-04 1.971703241958971085e-03 6.478453509293768085e-03 1.408359458542122436e-04 1.408359458542122436e-04 1.408359458542122436e-04 1.408359458542122436e-04
1.408359458542122436e-04 2.281542322838240461e-02 1.408359458542122436e-04 7.041797292710611639e-04 1.815375342060749075e-01 1.811150263685122885e-01 2.816718917084244872e-04 1.408359458542122436e-04 2.816718917084244872e-04 3.098390808792670335e-03 1.408359458542122436e-04 5.210929996605856429e-03 3.802570538063732367e-03 2.957554862938457929e-03 2.112539187813183492e-03 1.549195404396334300e-03 9.858516209794855427e-04 4.225078375626367309e-04 1.408359458542122436e-04 1.408359458542122436e-04 2.816718917084244872e-04 1.267523512687909922e-03 2.816718917084244872e-04 1.408359458542122436e-04 1.408359458542122436e-04 2.816718917084244872e-04 1.971703241958971085e-03 1.408359458542122436e-04 4.225078375626367309e-04 1.408359458542122436e-04 2.816718917084244872e-04 2.535047025375820710e-03 7.745977021981679742e-03 9.858516209794855427e-04 7.041797292710611639e-04 5.633437834168489745e-04 4.225078375626367309e-04
2.225207944496555151e-02 1.408359458542122436e-04 4.225078375626367309e-04 1.408359458542122436e-04 2.816718917084244872e-04 1.804108466392412569e-01 2.816718917084244872e-04 1.408359458542122436e-04 9.858516209794852825e-03 6.337617563439555679e-03 5.774273780022706054e-03 2.816718917084244872e-04 2.816718917084244872e-04 2.816718917084244872e-04 2.816718917084244872e-04 1.408359458542122436e-04 1.408359458542122436e-04 1.408359458542122436e-04 1.408359458542122436e-04 1.408359458542122436e-04 2.816718917084244872e-04 1.971703241958971085e-03 2.816718917084244872e-04 1.408359458542122436e-04 1.408359458542122436e-04 2.816718917084244872e-04 2.675882971230033117e-03 2.816718917084244872e-04 5.633437834168489745e-04 2.816718917084244872e-04 1.408359458542122436e-04 1.267523512687908360e-02 1.830867296104758679e-03 2.816718917084244872e-04 1.408359458542122436e-04 1.408359458542122436e-04 1.408359458542122436e-04
8.450156751252733533e-04 1.408359458542122436e-04 2.816718917084244872e-04 1.408359458542122436e-04 4.225078375626367309e-04 5.633437834168489745e-04 1.790024871806991935e-01 1.028102404735748744e-02 1.408359458542122436e-04 1.408359458542122436e-04 1.408359458542122436e-04 1.408359458542122436e-04 1.408359458542122436e-04 1.408359458542122436e-04 1.408359458542122436e-04 1.408359458542122436e-04 1.408359458542122436e-04 1.408359458542122436e-04 2.816718917084244872e-04 1.408359458542122436e-04 2.816718917084244872e-04 2.675882971230033117e-03 2.816718917084244872e-04 1.408359458542122436e-04 1.408359458542122436e-04 2.816718917084244872e-04 1.408359458542122436e-04 3.661734592209519960e-03 1.408359458542122436e-04 4.225078375626367309e-04 1.309774296444171822e-02 1.408359458542122436e-04 1.408359458542122436e-04 1.408359458542122111e-03 1.267523512687909922e-03 9.858516209794855427e-04 7.041797292710611639e-04
5.633437834168489745e-04 1.408359458542122436e-04 1.408359458542122436e-04 2.816718917084244872e-04 4.225078375626367309e-04 2.816718917084244872e-04 7.041797292710611639e-04 1.678764474582168931e-01 2.816718917084244872e-04 1.408359458542122436e-04 1.408359458542122436e-04 1.408359458542122436e-04 1.408359458542122436e-04 1.408359458542122436e-04 1.408359458542122436e-04 1.408359458542122436e-04 1.408359458542122436e-04 4.225078375626367309e-04 4.225078375626367309e-04 1.408359458542122436e-04 2.816718917084244872e-04 3.380062700501095148e-03 2.816718917084244872e-04 1.408359458542122436e-04 1.408359458542122436e-04 2.816718917084244872e-04 4.225078375626367309e-04 3.943406483917944773e-03 2.098455593227763205e-02 2.070288404056920550e-02 6.760125401002192898e-03 1.408359458542122436e-04 1.690031350250546490e-03 1.549195404396334300e-03 1.267523512687909922e-03 9.858516209794855427e-04 7.041797292710611639e-04
2.816718917084244872e-04 1.408359458542122436e-04 1.408359458542122436e-04 2.816718917084244872e-04 1.408359458542122436e-04 1.408359458542122436e-04 1.408359458542122436e-04 1.674539396206542741e-01 1.408359458542122436e-04 2.816718917084244872e-04 2.816718917084244872e-04 2.816718917084244872e-04 2.816718917084244872e-04 2.816718917084244872e-04 1.408359458542122436e-04 2.816718917084244872e-04 1.408359458542122436e-04 7.041797292710611639e-04 7.041797292710611639e-04 1.408359458542122436e-04 1.408359458542122436e-04 4.084242429772157179e-03 1.408359458542122436e-04 2.816718917084244872e-04 2.816718917084244872e-04 4.225078375626367309e-04 1.408359458542122436e-04 2.605464998302930990e-02 4.225078375626367309e-04 2.816718917084244872e-04 1.408359458542122436e-04 6.337617563439555679e-03 2.816718917084244872e-04 1.408359458542122436e-04 1.408359458542122436e-04 1.408359458542122436e-04 1.408359458542122436e-04
1.408359458542122436e-04 1.408359458542122436e-04 1.408359458542122436e-04 1.408359458542122436e-04 2.816718917084244872e-04 4.225078375626367309e-04 1.408359458542122436e-04 1.464693836883804515e-02 1.525253293601084026e-01 4.225078375626367309e-04 4.225078375626367309e-04 4.225078375626367309e-04 4.225078375626367309e-04 2.816718917084244872e-04 1.408359458542122436e-04 4.225078375626367309e-04 1.408359458542122436e-04 9.858516209794855427e-04 9.858516209794855427e-04 1.408359458542122436e-04 1.408359458542122436e-04 4.506750267334794398e-03 1.408359458542122436e-04 4.225078375626367309e-04 4.225078375626367309e-04 1.408359458542122436e-04 2.689966565815458954e-02 1.408359458542122436e-04 1.408359458542122436e-04 2.816718917084244872e-04 1.408359458542122436e-04 4.225078375626367309e-04 3.802570538063732367e-03 2.816718917084244872e-04 1.408359458542122436e-04 1.408359458542122436e-04 1.408359458542122436e-04
1.408359458542122436e-04 1.408359458542122436e-04 1.408359458542122436e-04 1.408359458542122436e-04 1.408359458542122436e-04 1.408359458542122436e-04 1.422443053127541053e-02 1.408359458542122436e-04 1.408359458542122436e-04 1.515394777391289582e-01 5.633437834168489745e-04 5.633437834168489745e-04 4.225078375626367309e-04 1.408359458542122436e-04 2.816718917084244872e-04 5.633437834168489745e-04 1.408359458542122436e-04 1.267523512687909922e-03 1.126687566833697732e-03 2.816718917084244872e-04 1.408359458542122436e-04 4.788422159043219210e-03 2.816718917084244872e-04 5.633437834168489745e-04 2.915304079182200192e-02 2.858969700840514883e-02 1.126687566833697732e-03 8.450156751252733533e-04 2.816718917084244872e-04 1.408359458542122436e-04 1.408359458542122436e-04 2.816718917084244872e-04 2.816718917084244872e-04 3.098390808792670335e-03 2.253375133667395898e-03 1.690031350250546490e-03 1.126687566833697732e-03
1.408359458542122436e-04 1.408359458542122436e-04 4.225078375626367309e-04 7.041797292710611639e-04 1.267523512687908360e-02 1.323857891029592976e-02 1.408359458542122436e-04 1.408359458542122436e-04 8.450156751252733533e-04 1.408359458542122436e-04 1.494269385513158632e-01 1.408359458542122436e-04 7.041797292710611639e-04 1.408359458542122436e-04 4.225078375626367309e-04 7.041797292710611639e-04 2.816718917084244872e-04 1.408359458542122436e-04 6.746041806416776254e-02 6.492537103879204852e-02 6.436202725537522318e-02 5.915109725876942920e-02 5.788357374608150974e-02 5.732022996266465664e-02 1.408359458542122436e-04 1.408359458542122436e-04 1.408359458542122436e-04 1.408359458542122436e-04 4.225078375626367309e-04 2.816718917084244872e-04 1.408359458542122436e-04 1.408359458542122436e-04 1.408359458542122436e-04 4.225078375626367309e-04 2.816718917084244872e-04 2.816718917084244872e-04 2.816718917084244872e-04
1.408359458542122436e-04 2.816718917084244872e-04 4.225078375626367309e-04 5.633437834168489745e-04 1.154854756004539129e-02 2.816718917084244872e-04 1.408359458542122436e-04 5.633437834168489745e-04 1.408359458542122436e-04 2.816718917084244872e-04 4.225078375626367309e-04 1.478777431469195935e-01 7.605141076127434896e-02 7.506555914029490462e-02 7.464305130273228561e-02 7.393887157346125394e-02 7.154466049393974625e-02 7.084048076466871458e-02 2.675882971230033117e-03 1.408359458542122436e-04 1.408359458542122436e-04 1.126687566833697732e-03 1.408359458542122436e-04 1.408359458542122436e-04 2.718133754986301609e-02 1.408359458542122436e-04 1.408359458542122436e-04 1.408359458542122436e-04 1.408359458542122436e-04 1.408359458542122436e-04 1.408359458542122436e-04 1.408359458542122436e-04 1.408359458542122436e-04 1.408359458542122436e-04 1.408359458542122436e-04 1.408359458542122436e-04 1.408359458542122436e-04
2.816718917084244872e-04 4.225078375626367309e-04 1.408359458542122436e-04 8.872664588815372053e-03 1.690031350250546490e-03 2.816718917084244872e-04 1.408359458542122436e-04 4.225078375626367309e-04 1.408359458542122436e-04 2.816718917084244872e-04 4.225078375626367309e-04 7.168549643979395258e-02 1.408359458542122436e-04 1.408359458542122436e-04 1.408359458542122436e-04 1.549195404396334300e-03 2.816718917084244872e-04 1.408359458542122436e-04 2.816718917084244872e-04 2.535047025375820710e-03 1.408359458542122436e-04 8.450156751252733533e-04 1.408359458542122436e-04 1.408359458542122436e-04 1.408359458542122436e-04 2.661799376644616300e-02 2.816718917084244872e-04 2.816718917084244872e-04 2.816718917084244872e-04 2.816718917084244872e-04 2.816718917084244872e-04 2.816718917084244872e-04 1.408359458542122436e-04 1.408359458542122436e-04 1.408359458542122436e-04 1.408359458542122436e-04 1.408359458542122436e-04
1.408359458542122436e-04 1.408359458542122436e-04 8.168484859544314358e-03 4.225078375626367309e-04 1.267523512687909922e-03 2.816718917084244872e-04 1.408359458542122436e-04 2.816718917084244872e-04 1.408359458542122436e-04 2.816718917084244872e-04 1.408359458542122436e-04 1.408359458542122436e-04 7.084048076466871458e-02 2.816718917084244872e-04 1.408359458542122436e-04 2.816718917084244872e-04 1.126687566833697732e-03 1.408359458542122436e-04 1.408359458542122436e-04 1.971703241958971085e-03 2.816718917084244872e-04 1.408359458542122436e-04 5.633437834168489745e-04 1.408359458542122436e-04 2.253375133667395898e-03 1.408359458542122436e-04 2.366043890350768425e-02 4.225078375626367309e-04 4.225078375626367309e-04 4.225078375626367309e-04 4.225078375626367309e-04 2.816718917084244872e-04 2.816718917084244872e-04 2.816718917084244872e-04 2.816718917084244872e-04 2.816718917084244872e-04 2.816718917084244872e-04
7.041797292710611639e-04 7.041797292710617710e-03 4.225078375626367309e-04 2.816718917084244872e-04 8.450156751252733533e-04 2.816718917084244872e-04 1.408359458542122436e-04 1.408359458542122436e-04 1.408359458542122436e-04 1.408359458542122436e-04 2.816718917084244872e-04 6.915044941441823856e-02 9.858516209794855427e-04 2.816718917084244872e-04 1.408359458542122436e-04 1.408359458542122436e-04 2.816718917084244872e-04 7.041797292710611639e-04 1.408359458542122436e-04 1.408359458542122111e-03 2.816718917084244872e-04 1.408359458542122436e-04 4.225078375626367309e-04 1.408359458542122436e-04 1.267523512687909922e-03 5.633437834168489745e-04 1.408359458542122436e-04 2.267458728252819133e-02 2.168873566154869842e-02 5.633437834168489745e-04 1.408359458542122436e-04 7.041797292710611639e-04 4.225078375626367309e-04 4.225078375626367309e-04 4.225078375626367309e-04 4.225078375626367309e-04 4.225078375626367309e-04
8.450156751252733533e-04 5.210929996605856429e-03 2.816718917084244872e-04 1.408359458542122436e-04 5.633437834168489745e-04 1.408359458542122436e-04 1.408359458542122436e-04 1.408359458542122436e-04 1.408359458542122436e-04 2.816718917084244872e-04 4.225078375626367309e-04 6.872794157685561955e-02 1.408359458542122436e-04 8.450156751252733533e-04 2.816718917084244872e-04 1.408359458542122436e-04 1.408359458542122436e-04 4.225078375626367309e-04 1.408359458542122436e-04 8.450156751252733533e-04 4.225078375626367309e-04 1.408359458542122436e-04 2.816718917084244872e-04 1.408359458542122436e-04 9.858516209794855427e-04 4.225078375626367309e-04 1.408359458542122436e-04 7.041797292710611639e-04 1.408359458542122436e-04 1.999870431129813914e-02 1.492861026054646822e-02 1.464693836883804515e-02 5.633437834168489745e-04 5.633437834168489745e-04 5.633437834168489745e-04 1.408359458542122111e-03 8.450156751252733533e-04
3.520898646355307554e-03 1.267523512687909922e-03 2.816718917084244872e-04 1.408359458542122436e-04 2.816718917084244872e-04 1.408359458542122436e-04 1.408359458542122436e-04 1.408359458542122436e-04 2.816718917084244872e-04 1.408359458542122436e-04 1.408359458542122436e-04 6.802376184758458788e-02 1.408359458542122436e-04 1.408359458542122436e-04 4.225078375626367309e-04 2.816718917084244872e-04 1.408359458542122436e-04 1.408359458542122436e-04 1.408359458542122436e-04 4.225078375626367309e-04 2.816718917084244872e-04 2.816718917084244872e-04 1.408359458542122436e-04 1.408359458542122436e-04 7.041797292710611639e-04 2.816718917084244872e-04 1.408359458542122436e-04 4.225078375626367309e-04 2.675882971230033117e-03 2.816718917084244872e-04 1.971703241958971085e-03 1.408359458542122436e-04 1.267523512687908360e-02 2.816718917084245523e-03 2.112539187813183492e-03 5.633437834168489745e-04 4.225078375626367309e-04
1.549195404396334300e-03 8.450156751252733533e-04 2.816718917084244872e-04 1.408359458542122436e-04 1.408359458542122436e-04 1.408359458542122436e-04 1.408359458542122436e-04 2.816718917084244872e-04 2.816718917084244872e-04 7.041797292710611639e-04 1.422443053127541053e-02 1.408359458542122436e-04 5.323598753289247171e-02 1.408359458542122436e-04 4.225078375626367309e-04 2.816718917084244872e-04 1.408359458542122436e-04 1.408359458542122436e-04 1.408359458542122436e-04 1.408359458542122436e-04 1.408359458542122436e-04 1.408359458542122436e-04 1.408359458542122436e-04 1.408359458542122436e-04 4.225078375626367309e-04 1.408359458542122436e-04 2.816718917084244872e-04 4.225078375626367309e-04 2.112539187813183492e-03 1.408359458542122436e-04 1.830867296104758679e-03 1.408359458542122436e-04 9.154336480523795130e-03 6.055945671731130867e-03 7.041797292710611639e-04 5.633437834168489745e-04 4.225078375626367309e-04
5.633437834168489745e-04 5.633437834168489745e-04 1.408359458542122436e-04 1.408359458542122436e-04 1.408359458542122436e-04 1.408359458542122436e-04 2.816718917084244872e-04 2.816718917084244872e-04 4.225078375626367309e-04 1.408359458542122436e-04 1.323857891029592976e-02 1.408359458542122436e-04 1.408359458542122436e-04 5.267264374947561861e-02 1.408359458542122436e-04 4.225078375626367309e-04 2.816718917084244872e-04 2.816718917084244872e-04 1.408359458542122436e-04 1.408359458542122436e-04 1.408359458542122436e-04 1.408359458542122436e-04 1.408359458542122436e-04 1.408359458542122436e-04 1.408359458542122436e-04 1.408359458542122436e-04 2.816718917084244872e-04 4.225078375626367309e-04 1.549195404396334300e-03 1.408359458542122436e-04 1.549195404396334300e-03 1.408359458542122436e-04 2.535047025375820710e-03 1.408359458542122436e-04 5.210929996605856429e-03 7.041797292710611639e-04 5.633437834168489745e-04
