output/field_example_lateral_ON/discharge_000088.asc
nrows	150
cellsize	66.66666667
xllcorner	0
ncols	150
yllcorner	0
NODATA_value	-9999
[rows 85 to 101 of 150, columns 0 to 36 of 150]
2.816718917084244872e-04 2.816718917084244872e-04 1.408359458542122436e-04 1.408359458542122436e-04 1.408359458542122436e-04 2.816718917084244872e-04 1.408359458542122436e-04 2.816718917084244872e-04 1.267523512687909922e-03 1.408359458542122111e-03 1.408359458542122436e-04 1.408359458542122436e-04 2.816718917084244872e-04 1.408359458542122436e-04 4.788422159043219210e-03 1.408359458542122436e-04 1.408359458542122436e-04 2.816718917084244872e-04 1.239356323517066052e-02 2.816718917084244872e-04 1.408359458542122436e-04 1.408359458542122436e-04 1.690031350250546490e-03 1.408359458542122436e-04 1.408359458542122436e-04 1.408359458542122436e-04 1.408359458542122436e-04 1.289212248349384415e+00 2.816718917084244872e-04 1.286395529432301954e+00 1.408359458542122436e-04 1.259495863774164448e+00 1.259214191882456202e+00 1.255552457290249002e+00 1.253580754048291279e+00 1.251468214860479433e+00 1.250764035131208818e+00
1.408359458542122436e-04 1.408359458542122436e-04 1.408359458542122436e-04 2.816718917084244872e-04 2.816718917084244872e-04 4.225078375626367309e-04 1.408359458542122436e-04 5.633437834168489745e-04 2.816718917084245523e-03 2.816718917084244872e-04 1.408359458542122436e-04 2.816718917084244872e-04 4.225078375626367309e-04 1.408359458542122436e-04 5.210929996605856429e-03 1.408359458542122436e-04 1.408359458542122436e-04 1.309774296444171822e-02 1.408359458542122436e-04 4.225078375626367309e-04 2.816718917084244872e-04 1.327801297513414136e+00 1.830867296104758679e-03 1.325125414542185798e+00 2.816718917084244872e-04 2.816718917084244872e-04 1.292733146995737492e+00 3.239226754646882742e-03 1.287240545107426692e+00 5.633437834168489745e-04 1.408359458542122436e-04 1.408359458542122436e-04 3.098390808792670335e-03 1.549195404396334300e-03 2.816718917084244872e-04 4.225078375626367309e-04 9.858516209794855427e-04
1.408359458542122436e-04 1.408359458542122436e-04 1.408359458542122436e-04 5.633437834168489745e-04 4.225078375626367309e-04 5.633437834168489745e-04 2.816718917084244872e-04 7.041797292710611639e-04 2.957554862938457929e-03 1.370333753161359303e+00 1.408359458542122436e-04 4.225078375626367309e-04 1.408359458542122436e-04 5.915109725876918460e-03 1.408359458542122436e-04 2.816718917084244872e-04 1.408359458542122436e-04 1.408359458542122436e-04 1.343997431286638289e+00 1.329350492917809490e+00 1.328787149134392997e+00 5.633437834168489745e-04 1.325688758325602290e+00 1.408359458542122436e-04 1.324562070758769305e+00 1.293437326725008107e+00 1.408359458542122436e-04 3.098390808792670335e-03 1.408359458542122436e-04 1.408359458542122436e-04 1.408359458542122436e-04 4.225078375626367309e-04 2.535047025375820710e-03 1.408359458542122111e-03 1.408359458542122436e-04 2.816718917084244872e-04 7.041797292710611639e-04
1.408359458542122436e-04 1.408359458542122436e-04 1.382304808558959763e+00 1.382023136667251517e+00 1.381037285046272656e+00 1.380192269371147917e+00 4.225078375626367309e-04 1.375122175320399487e+00 1.374277159645274748e+00 4.225078375626367309e-04 1.369629573432088687e+00 1.408359458542122436e-04 1.357236010196925857e+00 1.356954338305217611e+00 1.350616720741782073e+00 1.349349197229094965e+00 1.348926689391532596e+00 1.344701611015908904e+00 1.408359458542122436e-04 1.267523512687909922e-03 1.408359458542122436e-04 4.225078375626367309e-04 1.408359458542122436e-04 1.408359458542122436e-04 3.070223619621834793e-02 2.816718917084244872e-04 1.408359458542122436e-04 2.816718917084244872e-04 2.675882971230033117e-03 1.408359458542122436e-04 2.816718917084244872e-04 1.408359458542122436e-04 2.253375133667395898e-03 1.408359458542122436e-04 1.126687566833697732e-03 1.408359458542122436e-04 4.225078375626367309e-04
1.383149824234084502e+00 1.383149824234084502e+00 1.408359458542122436e-04 2.816718917084244872e-04 2.816718917084244872e-04 3.098390808792670335e-03 1.375967190995524225e+00 2.816718917084244872e-04 4.225078375626367309e-04 2.816718917084244872e-04 1.408359458542122436e-04 1.368784557756963949e+00 1.408359458542122436e-04 2.816718917084244872e-04 1.408359458542122436e-04 8.450156751252733533e-04 3.943406483917944773e-03 1.408359458542122436e-04 1.408359458542122436e-04 4.225078375626367309e-04 5.633437834168489745e-04 2.816718917084244872e-04 1.408359458542122436e-04 3.013889241280149484e-02 1.408359458542122436e-04 2.816718917084244872e-04 1.408359458542122436e-04 1.408359458542122436e-04 2.253375133667395898e-03 1.408359458542122436e-04 1.408359458542122436e-04 1.408359458542122436e-04 1.830867296104758679e-03 1.408359458542122436e-04 8.450156751252733533e-04 1.408359458542122436e-04 2.816718917084244872e-04
1.408359458542122436e-04 1.408359458542122436e-04 5.633437834168489745e-04 1.408359458542122436e-04 1.408359458542122436e-04 2.957554862938457929e-03 4.225078375626367309e-04 1.408359458542122436e-04 2.816718917084244872e-04 1.408359458542122436e-04 2.816718917084244872e-04 1.126687566833696821e-02 4.225078375626367309e-04 1.408359458542122436e-04 2.816718917084244872e-04 4.225078375626367309e-04 1.408359458542122436e-04 3.661734592209519960e-03 1.408359458542122436e-04 2.816718917084244872e-04 4.225078375626367309e-04 1.408359458542122436e-04 2.816718917084244872e-04 2.985722052109306829e-02 1.408359458542122436e-04 1.408359458542122436e-04 1.408359458542122436e-04 1.408359458542122436e-04 4.225078375626367309e-04 1.549195404396334300e-03 1.408359458542122436e-04 1.408359458542122436e-04 1.408359458542122111e-03 1.408359458542122436e-04 5.633437834168489745e-04 1.408359458542122436e-04 1.408359458542122436e-04
1.408359458542122436e-04 1.408359458542122436e-04 2.816718917084244872e-04 1.408359458542122436e-04 4.225078375626367309e-04 5.633437834168489745e-04 1.830867296104758679e-03 2.816718917084244872e-04 1.408359458542122436e-04 1.408359458542122436e-04 2.816718917084244872e-04 1.042185999321169898e-02 2.816718917084244872e-04 2.816718917084244872e-04 1.408359458542122436e-04 2.816718917084244872e-04 1.408359458542122436e-04 2.957554862938457929e-03 2.816718917084244872e-04 1.408359458542122436e-04 2.816718917084244872e-04 1.408359458542122436e-04 4.225078375626367309e-04 5.633437834168489745e-04 2.830802511669672228e-02 4.225078375626367309e-04 2.816718917084244872e-04 1.408359458542122436e-04 2.816718917084244872e-04 4.225078375626367309e-04 8.450156751252733533e-04 1.408359458542122436e-04 9.858516209794855427e-04 1.408359458542122436e-04 2.816718917084244872e-04 1.408359458542122436e-04 1.408359458542122436e-04
2.816718917084244872e-04 2.816718917084244872e-04 1.408359458542122436e-04 1.408359458542122436e-04 2.816718917084244872e-04 4.225078375626367309e-04 5.633437834168489745e-04 1.126687566833697732e-03 1.408359458542122436e-04 1.408359458542122436e-04 2.816718917084244872e-04 9.576844318086429747e-03 1.408359458542122436e-04 1.408359458542122436e-04 1.408359458542122436e-04 1.408359458542122436e-04 2.816718917084244872e-04 2.253375133667395898e-03 2.816718917084244872e-04 1.408359458542122436e-04 1.408359458542122436e-04 2.816718917084244872e-04 4.225078375626367309e-04 1.408359458542122436e-04 2.760384538742565591e-02 4.225078375626367309e-04 2.816718917084244872e-04 1.408359458542122436e-04 1.408359458542122436e-04 2.816718917084244872e-04 7.041797292710611639e-04 1.408359458542122436e-04 5.633437834168489745e-04 1.408359458542122436e-04 1.408359458542122436e-04 1.408359458542122436e-04 1.408359458542122436e-04
4.225078375626367309e-04 4.225078375626367309e-04 2.816718917084244872e-04 1.408359458542122436e-04 1.408359458542122436e-04 2.816718917084244872e-04 4.225078375626367309e-04 8.450156751252733533e-04 1.408359458542122436e-04 1.408359458542122436e-04 2.816718917084244872e-04 4.225078375626367309e-04 8.450156751252737436e-03 2.816718917084244872e-04 1.408359458542122436e-04 1.408359458542122436e-04 1.408359458542122436e-04 1.690031350250546490e-03 2.816718917084244872e-04 1.408359458542122436e-04 1.408359458542122436e-04 2.816718917084244872e-04 1.408359458542122436e-04 5.633437834168489745e-04 2.689966565815458954e-02 1.126687566833697732e-03 4.225078375626367309e-04 2.816718917084244872e-04 1.408359458542122436e-04 1.408359458542122436e-04 4.225078375626367309e-04 1.408359458542122436e-04 2.816718917084244872e-04 1.408359458542122436e-04 1.408359458542122436e-04 1.408359458542122436e-04 2.816718917084244872e-04
5.633437834168489745e-04 5.633437834168489745e-04 4.225078375626367309e-04 2.816718917084244872e-04 1.408359458542122436e-04 1.408359458542122436e-04 2.816718917084244872e-04 2.816718917084244872e-04 4.225078375626367309e-04 1.408359458542122436e-04 2.816718917084244872e-04 1.408359458542122436e-04 7.464305130273254929e-03 4.225078375626367309e-04 2.816718917084244872e-04 1.408359458542122436e-04 4.225078375626367309e-04 5.633437834168489745e-04 5.633437834168489745e-04 1.408359458542122436e-04 1.408359458542122436e-04 1.408359458542122436e-04 2.816718917084244872e-04 1.408359458542122436e-04 2.506879836204981699e-02 1.408359458542122436e-04 5.633437834168489745e-04 4.225078375626367309e-04 2.816718917084244872e-04 1.408359458542122436e-04 1.408359458542122436e-04 1.408359458542122436e-04 1.408359458542122436e-04 1.408359458542122436e-04 2.816718917084244872e-04 5.633437834168489745e-04 8.450156751252733533e-04
7.041797292710611639e-04 7.041797292710611639e-04 5.633437834168489745e-04 4.225078375626367309e-04 2.816718917084244872e-04 1.408359458542122436e-04 1.408359458542122436e-04 1.408359458542122436e-04 2.816718917084244872e-04 1.408359458542122436e-04 2.816718917084244872e-04 4.225078375626367309e-04 6.337617563439555679e-03 5.633437834168489745e-04 4.225078375626367309e-04 1.408359458542122436e-04 2.816718917084244872e-04 4.225078375626367309e-04 2.816718917084244872e-04 1.408359458542122436e-04 1.408359458542122436e-04 2.816718917084244872e-04 4.225078375626367309e-04 5.633437834168489745e-04 2.464629052448717716e-02 8.450156751252733533e-04 7.041797292710611639e-04 5.633437834168489745e-04 4.225078375626367309e-04 2.816718917084244872e-04 1.408359458542122436e-04 1.408359458542122436e-04 1.408359458542122436e-04 1.408359458542122436e-04 1.408359458542122436e-04 2.816718917084244872e-04 4.225078375626367309e-04
7.041797292710611639e-04 7.041797292710611639e-04 5.633437834168489745e-04 4.225078375626367309e-04 2.816718917084244872e-04 1.408359458542122436e-04 1.408359458542122436e-04 1.408359458542122436e-04 1.408359458542122436e-04 1.408359458542122436e-04 2.816718917084244872e-04 7.041797292710611639e-04 4.788422159043219210e-03 7.041797292710611639e-04 1.408359458542122436e-04 1.408359458542122436e-04 1.408359458542122436e-04 2.816718917084244872e-04 1.408359458542122436e-04 1.408359458542122436e-04 2.816718917084244872e-04 4.225078375626367309e-04 5.633437834168489745e-04 7.041797292710611639e-04 2.309709512009083116e-02 8.450156751252733533e-04 7.041797292710611639e-04 5.633437834168489745e-04 4.225078375626367309e-04 2.816718917084244872e-04 1.408359458542122436e-04 1.408359458542122436e-04 2.816718917084244872e-04 2.816718917084244872e-04 2.816718917084244872e-04 1.408359458542122436e-04 1.408359458542122436e-04
2.816718917084244872e-04 2.816718917084244872e-04 1.408359458542122436e-04 1.408359458542122436e-04 1.408359458542122436e-04 2.816718917084244872e-04 2.816718917084244872e-04 1.408359458542122436e-04 1.408359458542122436e-04 1.408359458542122436e-04 2.816718917084244872e-04 2.816718917084244872e-04 4.225078375626369585e-03 1.408359458542122436e-04 4.225078375626367309e-04 2.816718917084244872e-04 1.408359458542122436e-04 1.408359458542122436e-04 1.408359458542122436e-04 1.408359458542122436e-04 1.408359458542122436e-04 1.408359458542122436e-04 1.408359458542122436e-04 1.408359458542122436e-04 1.506944620640067976e-02 6.337617563439555679e-03 7.041797292710611639e-04 5.633437834168489745e-04 4.225078375626367309e-04 2.816718917084244872e-04 1.408359458542122436e-04 1.408359458542122436e-04 4.225078375626367309e-04 8.450156751252733533e-04 1.267523512687909922e-03 1.690031350250546490e-03 1.957619647373549931e-02
2.816718917084244872e-04 2.816718917084244872e-04 1.408359458542122436e-04 1.971703241958971085e-03 1.549195404396334300e-03 1.126687566833697732e-03 7.041797292710611639e-04 4.225078375626367309e-04 1.408359458542122436e-04 1.408359458542122436e-04 1.408359458542122436e-04 2.816718917084244872e-04 7.041797292710611639e-04 3.098390808792670335e-03 8.450156751252733533e-04 4.225078375626367309e-04 1.408359458542122436e-04 1.408359458542122436e-04 2.816718917084244872e-04 5.633437834168489745e-04 1.267523512687909922e-03 1.549195404396334300e-03 2.253375133667395898e-03 1.464693836883804515e-02 1.408359458542122436e-04 2.816718917084244872e-04 5.210929996605856429e-03 1.267523512687909922e-03 8.450156751252733533e-04 4.225078375626367309e-04 1.408359458542122436e-04 1.408359458542122436e-04 2.816718917084244872e-04 4.225078375626367309e-04 5.633437834168489745e-04 1.563278998981752765e-02 1.830867296104758679e-03
1.408359458542122436e-04 1.408359458542122436e-04 5.351765942460068835e-03 9.858516209794855427e-04 8.450156751252733533e-04 7.041797292710611639e-04 5.633437834168489745e-04 4.225078375626367309e-04 2.816718917084244872e-04 1.408359458542122436e-04 1.408359458542122436e-04 2.816718917084244872e-04 2.816718917084244872e-04 1.690031350250546490e-03 4.225078375626367309e-04 2.816718917084244872e-04 1.408359458542122436e-04 1.408359458542122436e-04 2.816718917084244872e-04 4.225078375626367309e-04 1.408359458542122436e-04 1.408359458542122436e-04 1.408359458542122436e-04 1.225272728931644899e-02 1.408359458542122436e-04 1.408359458542122436e-04 3.380062700501095148e-03 4.225078375626367309e-04 2.816718917084244872e-04 2.816718917084244872e-04 1.408359458542122436e-04 1.408359458542122436e-04 2.816718917084244872e-04 4.225078375626367309e-04 1.408359458542122436e-04 1.492861026054646822e-02 1.408359458542122436e-04
5.915109725876918460e-03 5.915109725876918460e-03 2.816718917084244872e-04 2.253375133667395898e-03 1.971703241958971085e-03 1.690031350250546490e-03 1.408359458542122111e-03 9.858516209794855427e-04 2.816718917084244872e-04 1.408359458542122436e-04 1.408359458542122436e-04 1.408359458542122436e-04 2.816718917084244872e-04 9.858516209794855427e-04 2.816718917084244872e-04 2.816718917084244872e-04 1.408359458542122436e-04 1.408359458542122436e-04 2.816718917084244872e-04 4.225078375626367309e-04 5.633437834168489745e-04 1.070353188492012206e-02 1.154854756004539129e-02 2.816718917084244872e-04 1.408359458542122436e-04 1.408359458542122436e-04 2.675882971230033117e-03 4.225078375626367309e-04 2.816718917084244872e-04 1.408359458542122436e-04 1.408359458542122436e-04 1.408359458542122436e-04 2.816718917084244872e-04 4.225078375626367309e-04 1.323857891029592976e-02 1.408359458542122436e-04 1.267523512687909922e-03
1.408359458542122436e-04 1.408359458542122436e-04 1.408359458542122436e-04 1.408359458542122436e-04 1.408359458542122436e-04 1.408359458542122436e-04 1.408359458542122436e-04 2.816718917084244872e-04 5.633437834168489745e-04 2.816718917084244872e-04 1.408359458542122436e-04 1.408359458542122436e-04 1.408359458542122436e-04 4.225078375626367309e-04 2.816718917084244872e-04 1.408359458542122436e-04 1.408359458542122436e-04 1.408359458542122436e-04 2.816718917084244872e-04 4.225078375626367309e-04 1.126687566833697732e-03 9.858516209794852825e-03 4.225078375626367309e-04 2.816718917084244872e-04 1.408359458542122436e-04 1.408359458542122436e-04 1.971703241958971085e-03 4.225078375626367309e-04 2.816718917084244872e-04 1.408359458542122436e-04 1.408359458542122436e-04 2.816718917084244872e-04 4.225078375626367309e-04 1.267523512687909922e-03 1.084436783077433360e-02 1.408359458542122436e-04 5.633437834168489745e-04
