output/field_example_lateral_ON/discharge_000074.asc
nrows	150
cellsize	66.66666667
xllcorner	0
ncols	150
yllcorner	0
NODATA_value	-9999
[rows 34 to 50 of 150, columns 111 to 147 of 150]
2.816718917084244872e-04 1.408359458542122436e-04 1.239356323517066052e-02 2.816718917084244872e-04 2.816718917084244872e-04 2.816718917084244872e-04 1.408359458542122436e-04 1.408359458542122436e-04 2.816718917084244872e-04 4.225078375626367309e-04 1.408359458542122111e-03 1.408359458542122436e-04 1.408359458542122436e-04 4.225078375626367309e-04 3.872988510990850453e-02 2.760384538742565591e-02 2.619548592888352317e-02 2.816718917084244872e-04 2.816718917084244872e-04 2.816718917084244872e-04 2.816718917084244872e-04 2.816718917084244872e-04 1.408359458542122436e-04 1.408359458542122436e-04 1.408359458542122436e-04 1.408359458542122436e-04 2.816718917084244872e-04 1.408359458542122436e-04 2.816718917084244872e-04 4.225078375626367309e-04 1.408359458542122436e-04 2.112539187813183492e-03 1.859034485275600640e-02 1.408359458542122436e-04 2.816718917084244872e-04 9.858516209794855427e-04 7.041797292710611639e-04
2.816718917084244872e-04 4.225078375626367309e-04 1.408359458542122436e-04 1.366108674785856437e-02 4.225078375626367309e-04 4.225078375626367309e-04 1.408359458542122436e-04 1.408359458542122436e-04 2.816718917084244872e-04 4.225078375626367309e-04 1.971703241958971085e-03 2.816718917084244872e-04 1.408359458542122436e-04 3.971573673088799744e-02 1.408359458542122436e-04 1.126687566833697732e-03 1.408359458542122111e-03 1.408359458542122436e-04 1.408359458542122436e-04 1.408359458542122436e-04 1.408359458542122436e-04 1.408359458542122436e-04 1.408359458542122436e-04 1.408359458542122436e-04 2.816718917084244872e-04 2.816718917084244872e-04 4.225078375626367309e-04 1.408359458542122436e-04 2.816718917084244872e-04 7.041797292710611639e-04 5.633437834168489745e-04 2.394211079521608304e-03 1.915368863617285949e-02 2.816718917084244872e-04 1.408359458542122436e-04 1.408359458542122436e-04 1.408359458542122436e-04
1.408359458542122436e-04 2.816718917084244872e-04 8.450156751252733533e-04 1.549195404396331438e-02 8.450156751252733533e-04 2.816718917084244872e-04 1.408359458542122436e-04 1.408359458542122436e-04 2.816718917084244872e-04 4.225078375626367309e-04 2.535047025375820710e-03 1.408359458542122436e-04 4.098326024357591690e-02 2.816718917084244872e-04 1.408359458542122436e-04 9.858516209794855427e-04 4.225078375626367309e-04 8.450156751252733533e-04 5.633437834168489745e-04 2.816718917084244872e-04 1.408359458542122436e-04 1.408359458542122436e-04 1.408359458542122436e-04 1.408359458542122436e-04 5.633437834168489745e-04 4.225078375626367309e-04 7.041797292710611639e-04 1.408359458542122436e-04 1.408359458542122436e-04 1.408359458542122436e-04 9.858516209794855427e-04 2.337876701179925770e-02 1.408359458542122436e-04 1.408359458542122436e-04 1.408359458542122436e-04 1.408359458542122436e-04 1.408359458542122436e-04
2.816718917084244872e-04 1.408359458542122436e-04 1.408359458542122436e-04 1.619613377323438075e-02 4.225078375626367309e-04 2.816718917084244872e-04 1.408359458542122436e-04 1.408359458542122436e-04 2.816718917084244872e-04 1.126687566833697732e-03 1.408359458542122436e-04 4.450415888993124874e-02 5.633437834168489745e-04 4.225078375626367309e-04 1.408359458542122436e-04 5.633437834168489745e-04 2.816718917084244872e-04 2.816718917084244872e-04 1.408359458542122436e-04 1.408359458542122436e-04 1.408359458542122436e-04 1.408359458542122436e-04 2.816718917084244872e-04 2.816718917084244872e-04 8.450156751252733533e-04 1.267523512687909922e-03 1.408359458542122436e-04 2.816718917084244872e-04 2.816718917084244872e-04 1.408359458542122436e-04 1.408359458542122436e-04 2.774468133327986918e-02 3.802570538063732367e-03 3.239226754646882742e-03 2.535047025375820710e-03 1.830867296104758679e-03 1.126687566833697732e-03
2.816718917084244872e-04 4.225078375626367309e-04 7.041797292710611639e-04 1.661864161079702057e-02 2.816718917084244872e-04 1.408359458542122436e-04 1.408359458542122436e-04 1.408359458542122436e-04 2.816718917084244872e-04 1.408359458542122436e-04 4.703920591530708767e-02 1.408359458542122436e-04 1.408359458542122436e-04 4.225078375626367309e-04 2.816718917084244872e-04 2.816718917084244872e-04 1.408359458542122436e-04 1.408359458542122436e-04 1.408359458542122436e-04 1.408359458542122436e-04 1.408359458542122436e-04 4.225078375626367309e-04 1.408359458542122436e-04 4.225078375626367309e-04 2.957554862938457929e-03 2.816718917084244872e-04 1.408359458542122436e-04 1.408359458542122436e-04 1.126687566833697732e-03 1.408359458542122436e-04 2.844886106255093555e-02 2.816718917084244872e-04 4.225078375626367309e-04 4.225078375626367309e-04 4.225078375626367309e-04 4.225078375626367309e-04 4.225078375626367309e-04
1.408359458542122436e-04 4.225078375626367309e-04 1.408359458542122436e-04 1.788616512348494003e-02 2.816718917084244872e-04 1.408359458542122436e-04 1.408359458542122436e-04 2.816718917084244872e-04 2.816718917084244872e-04 4.830672942799500713e-02 4.225078375626367309e-04 9.858516209794855427e-04 5.633437834168489745e-04 2.816718917084244872e-04 2.816718917084244872e-04 1.408359458542122436e-04 1.408359458542122436e-04 1.408359458542122436e-04 1.408359458542122436e-04 1.408359458542122436e-04 2.816718917084244872e-04 7.041797292710611639e-04 2.816718917084244872e-04 1.408359458542122436e-04 1.408359458542122436e-04 3.520898646355307554e-03 1.408359458542122436e-04 1.408359458542122436e-04 1.267523512687909922e-03 2.929387673767621519e-02 5.633437834168489745e-04 1.408359458542122436e-04 1.408359458542122436e-04 2.816718917084244872e-04 2.816718917084244872e-04 2.816718917084244872e-04 2.816718917084244872e-04
1.408359458542122436e-04 2.816718917084244872e-04 5.633437834168489745e-04 1.830867296104757985e-02 1.408359458542122436e-04 1.408359458542122436e-04 1.408359458542122436e-04 2.816718917084244872e-04 4.957425294068292659e-02 2.816718917084244872e-04 2.816718917084244872e-04 2.816718917084244872e-04 2.816718917084244872e-04 1.408359458542122436e-04 1.408359458542122436e-04 1.408359458542122436e-04 1.408359458542122436e-04 1.408359458542122436e-04 2.816718917084244872e-04 2.816718917084244872e-04 2.816718917084244872e-04 1.126687566833697732e-03 1.408359458542122436e-04 5.084177645337084606e-02 5.027843266995399296e-02 4.915174510312028677e-02 4.534917456505652839e-02 4.478583078163967529e-02 4.295496348553490273e-02 1.408359458542122436e-04 1.408359458542122436e-04 4.225078375626367309e-04 2.816718917084244872e-04 1.408359458542122436e-04 1.408359458542122436e-04 1.408359458542122436e-04 1.408359458542122436e-04
2.816718917084244872e-04 1.408359458542122436e-04 1.957619647373549931e-02 1.408359458542122436e-04 1.408359458542122436e-04 1.408359458542122436e-04 2.816718917084244872e-04 5.056010456166241951e-02 2.816718917084244872e-04 2.816718917084244872e-04 1.408359458542122436e-04 1.408359458542122436e-04 1.408359458542122436e-04 1.408359458542122436e-04 1.408359458542122436e-04 1.408359458542122436e-04 1.408359458542122436e-04 2.816718917084244872e-04 5.633437834168489745e-04 1.408359458542122436e-04 7.041797292710611639e-04 1.408359458542122436e-04 5.295431564118404516e-02 1.408359458542122436e-04 8.450156751252733533e-04 1.408359458542122436e-04 2.816718917084244872e-04 2.816718917084244872e-04 9.858516209794855427e-04 1.239356323517066052e-02 1.408359458542122436e-04 1.408359458542122436e-04 1.408359458542122436e-04 1.408359458542122436e-04 1.408359458542122436e-04 1.408359458542122436e-04 1.408359458542122436e-04
4.225078375626367309e-04 1.999870431129813914e-02 1.408359458542122436e-04 1.408359458542122436e-04 1.408359458542122436e-04 1.408359458542122436e-04 5.140512023678769915e-02 1.408359458542122436e-04 1.408359458542122436e-04 1.408359458542122436e-04 1.408359458542122436e-04 1.408359458542122436e-04 1.408359458542122436e-04 1.408359458542122436e-04 2.816718917084244872e-04 2.816718917084244872e-04 1.408359458542122436e-04 2.816718917084244872e-04 9.858516209794855427e-04 1.408359458542122436e-04 5.520769077485145754e-02 5.422183915387196462e-02 5.633437834168489745e-04 5.633437834168489745e-04 4.225078375626367309e-04 2.816718917084244872e-04 1.408359458542122436e-04 1.408359458542122436e-04 8.450156751252733533e-04 1.408359458542122436e-04 1.197105539760802591e-02 2.816718917084244872e-04 2.816718917084244872e-04 2.816718917084244872e-04 2.816718917084244872e-04 2.816718917084244872e-04 2.816718917084244872e-04
2.385760922770284731e-01 1.408359458542122436e-04 1.408359458542122436e-04 1.408359458542122436e-04 2.816718917084244872e-04 1.408359458542122436e-04 5.154595618264191242e-02 1.408359458542122436e-04 1.408359458542122436e-04 1.408359458542122436e-04 2.816718917084244872e-04 2.816718917084244872e-04 1.408359458542122436e-04 2.816718917084244872e-04 4.225078375626367309e-04 4.225078375626367309e-04 2.816718917084244872e-04 1.408359458542122436e-04 4.225078375626367309e-04 5.774273780022729646e-02 5.633437834168489745e-04 4.225078375626367309e-04 4.225078375626367309e-04 4.225078375626367309e-04 4.225078375626367309e-04 2.816718917084244872e-04 1.408359458542122436e-04 1.408359458542122436e-04 5.633437834168489745e-04 9.858516209794855427e-04 4.225078375626367309e-04 9.999352155649064364e-03 4.225078375626367309e-04 4.225078375626367309e-04 4.225078375626367309e-04 1.267523512687909922e-03 8.450156751252733533e-04
2.816718917084244872e-04 2.175915363447517292e-01 2.170281925613349039e-01 2.164648487779180785e-01 2.160423409403554595e-01 2.154789971569386342e-01 1.946352771705160967e-01 1.428076490961681655e-01 1.408359458542122436e-04 2.816718917084244872e-04 7.041797292710611639e-04 1.408359458542122436e-04 2.816718917084244872e-04 4.225078375626367309e-04 5.633437834168489745e-04 5.633437834168489745e-04 4.225078375626367309e-04 1.408359458542122436e-04 5.872858942120678938e-02 1.408359458542122436e-04 7.041797292710611639e-04 2.816718917084244872e-04 2.816718917084244872e-04 2.816718917084244872e-04 2.816718917084244872e-04 2.816718917084244872e-04 1.408359458542122436e-04 1.408359458542122436e-04 2.816718917084244872e-04 8.450156751252733533e-04 2.816718917084244872e-04 1.408359458542122436e-04 9.013500534669583591e-03 2.535047025375820710e-03 1.971703241958971085e-03 5.633437834168489745e-04 4.225078375626367309e-04
1.408359458542122436e-04 4.225078375626367309e-04 2.816718917084244872e-04 1.408359458542122436e-04 1.408359458542122436e-04 2.056204809471499223e-02 1.408359458542122436e-04 1.408359458542122436e-04 1.421034693668971338e-01 1.413992896376261021e-01 1.404134380166466578e-01 4.225078375626367309e-04 1.408359458542122436e-04 5.633437834168489745e-04 7.041797292710611639e-04 1.408359458542122436e-04 1.126687566833697732e-03 5.943276915047785575e-02 2.816718917084244872e-04 1.408359458542122436e-04 1.408359458542122436e-04 1.408359458542122436e-04 1.408359458542122436e-04 1.408359458542122436e-04 1.408359458542122436e-04 1.408359458542122436e-04 1.408359458542122436e-04 1.408359458542122436e-04 2.816718917084244872e-04 4.225078375626367309e-04 1.408359458542122436e-04 2.816718917084244872e-04 1.408359458542122111e-03 4.225078375626369585e-03 2.112539187813183492e-03 5.633437834168489745e-04 4.225078375626367309e-04
5.633437834168489745e-04 2.816718917084244872e-04 1.408359458542122436e-04 1.408359458542122436e-04 1.999870431129813914e-02 1.408359458542122436e-04 2.816718917084244872e-04 4.225078375626367309e-04 1.408359458542122436e-04 5.633437834168489745e-04 1.408359458542122436e-04 1.388642426122503881e-01 1.360475236951662614e-01 1.354841799117494361e-01 1.346391642366241981e-01 1.174571788424110114e-01 1.170346710048483924e-01 1.408359458542122436e-04 1.408359458542122436e-04 1.408359458542122436e-04 1.408359458542122436e-04 1.408359458542122436e-04 1.408359458542122436e-04 1.408359458542122436e-04 1.408359458542122436e-04 1.408359458542122436e-04 1.408359458542122436e-04 1.408359458542122436e-04 1.408359458542122436e-04 2.816718917084244872e-04 1.408359458542122436e-04 7.041797292710611639e-04 5.633437834168489745e-04 5.633437834168489745e-04 1.408359458542122111e-03 1.408359458542122111e-03 8.450156751252733533e-04
4.225078375626367309e-04 1.408359458542122436e-04 2.816718917084244872e-04 5.633437834168489745e-04 1.971703241958971259e-02 1.408359458542122436e-04 1.408359458542122436e-04 2.816718917084244872e-04 1.408359458542122436e-04 2.816718917084244872e-04 2.112539187813183492e-03 5.633437834168489745e-04 2.816718917084244872e-04 1.408359458542122436e-04 1.633696971908859402e-02 1.408359458542122436e-04 1.408359458542122436e-04 5.605270644997673718e-02 1.408359458542122436e-04 2.816718917084244872e-04 2.816718917084244872e-04 2.816718917084244872e-04 2.816718917084244872e-04 2.816718917084244872e-04 2.816718917084244872e-04 2.816718917084244872e-04 2.816718917084244872e-04 1.408359458542122436e-04 1.408359458542122436e-04 1.408359458542122436e-04 1.408359458542122436e-04 4.225078375626367309e-04 4.225078375626367309e-04 4.225078375626367309e-04 8.450156751252733533e-04 4.225078375626367309e-04 4.225078375626367309e-04
2.816718917084244872e-04 1.408359458542122436e-04 1.408359458542122436e-04 1.408359458542122436e-04 1.887201674446443295e-02 4.225078375626367309e-04 2.816718917084244872e-04 1.408359458542122436e-04 1.408359458542122436e-04 1.267523512687909922e-03 7.041797292710611639e-04 4.225078375626367309e-04 1.408359458542122436e-04 5.633437834168489745e-04 1.619613377323438075e-02 1.408359458542122436e-04 1.408359458542122436e-04 1.408359458542122436e-04 5.548936266655988409e-02 5.450351104558039117e-02 4.225078375626367309e-04 4.225078375626367309e-04 4.225078375626367309e-04 4.225078375626367309e-04 4.225078375626367309e-04 4.225078375626367309e-04 2.816718917084244872e-04 2.816718917084244872e-04 1.408359458542122436e-04 1.408359458542122436e-04 1.408359458542122436e-04 1.408359458542122436e-04 2.816718917084244872e-04 2.816718917084244872e-04 4.225078375626367309e-04 2.816718917084244872e-04 2.816718917084244872e-04
1.408359458542122436e-04 2.816718917084244872e-04 4.225078375626367309e-04 5.633437834168489745e-04 1.816783701519336658e-02 2.816718917084244872e-04 1.408359458542122436e-04 1.408359458542122436e-04 1.408359458542122436e-04 9.858516209794855427e-04 5.633437834168489745e-04 2.816718917084244872e-04 4.225078375626367309e-04 1.408359458542122436e-04 2.816718917084244872e-04 1.492861026054646822e-02 1.408359458542122436e-04 1.408359458542122436e-04 7.041797292710611639e-04 1.408359458542122436e-04 5.323598753289247171e-02 5.267264374947561861e-02 1.408359458542122436e-04 9.858516209794855427e-04 1.690031350250546490e-03 1.126687566833697732e-03 7.041797292710611639e-04 2.816718917084244872e-04 2.816718917084244872e-04 1.408359458542122436e-04 1.408359458542122436e-04 1.408359458542122436e-04 1.408359458542122436e-04 1.408359458542122436e-04 1.408359458542122436e-04 1.408359458542122436e-04 1.408359458542122436e-04
1.408359458542122436e-04 1.408359458542122436e-04 2.816718917084244872e-04 1.126687566833697732e-03 1.718198539421387366e-02 4.225078375626367309e-04 2.816718917084244872e-04 1.408359458542122436e-04 1.408359458542122436e-04 7.041797292710611639e-04 4.225078375626367309e-04 1.408359458542122436e-04 2.816718917084244872e-04 1.408359458542122436e-04 1.408359458542122436e-04 1.464693836883804515e-02 2.816718917084244872e-04 1.408359458542122436e-04 4.225078375626367309e-04 2.816718917084244872e-04 1.408359458542122436e-04 4.225078375626367309e-04 5.112344834507927260e-02 2.253375133667395898e-03 4.225078375626367309e-04 2.816718917084244872e-04 1.408359458542122436e-04 4.225078375626367309e-04 2.816718917084244872e-04 2.816718917084244872e-04 2.816718917084244872e-04 1.408359458542122436e-04 1.408359458542122436e-04 1.408359458542122436e-04 1.408359458542122436e-04 1.408359458542122436e-04 1.408359458542122436e-04
