output/field_example_lateral_ON/discharge_000012.asc
nrows	150
cellsize	66.66666667
xllcorner	0
ncols	150
yllcorner	0
NODATA_value	-9999
[rows 34 to 50 of 150, columns 0 to 36 of 150]
1.056269593906591052e-02 1.056269593906591052e-02 1.042185999321169898e-02 9.154336480523795130e-03 4.225078375626367309e-04 1.408359458542122436e-04 7.041797292710611639e-04 4.225078375626367309e-04 2.816718917084244872e-04 2.816718917084244872e-04 2.816718917084244872e-04 1.408359458542122436e-04 1.408359458542122436e-04 1.408359458542122436e-04 1.408359458542122436e-04 2.816718917084244872e-04 1.126687566833697732e-03 1.126687566833697732e-03 2.816718917084244872e-04 1.408359458542122436e-04 1.408359458542122436e-04 4.225078375626367309e-04 5.633437834168489745e-04 5.210929996605856429e-03 8.450156751252733533e-04 4.225078375626367309e-04 1.408359458542122436e-04 1.408359458542122436e-04 2.957554862938457929e-03 4.225078375626367309e-04 2.816718917084244872e-04 1.408359458542122436e-04 1.408359458542122436e-04 2.816718917084244872e-04 5.633437834168489745e-04 1.830867296104758679e-03 2.253375133667395898e-03
1.408359458542122436e-04 1.408359458542122436e-04 2.816718917084244872e-04 1.408359458542122436e-04 8.168484859544314358e-03 7.745977021981679742e-03 6.619289455147980492e-03 4.929258104897431617e-03 4.365914321480581992e-03 1.267523512687909922e-03 8.450156751252733533e-04 5.633437834168489745e-04 2.816718917084244872e-04 1.408359458542122436e-04 1.408359458542122436e-04 2.816718917084244872e-04 7.041797292710611639e-04 7.041797292710611639e-04 2.816718917084244872e-04 1.408359458542122436e-04 1.408359458542122436e-04 4.225078375626367309e-04 5.633437834168489745e-04 4.084242429772157179e-03 4.225078375626367309e-04 2.816718917084244872e-04 1.408359458542122436e-04 1.408359458542122436e-04 2.394211079521608304e-03 2.816718917084244872e-04 2.816718917084244872e-04 1.408359458542122436e-04 1.408359458542122436e-04 5.633437834168489745e-04 9.858516209794855427e-04 2.816718917084244872e-04 1.408359458542122436e-04
2.816718917084244872e-04 2.816718917084244872e-04 1.408359458542122436e-04 1.408359458542122436e-04 1.408359458542122436e-04 2.816718917084244872e-04 2.816718917084244872e-04 8.450156751252733533e-04 1.408359458542122436e-04 2.675882971230033117e-03 1.408359458542122111e-03 9.858516209794855427e-04 5.633437834168489745e-04 2.816718917084244872e-04 1.408359458542122436e-04 1.408359458542122436e-04 4.225078375626367309e-04 4.225078375626367309e-04 1.408359458542122436e-04 1.408359458542122436e-04 2.816718917084244872e-04 4.225078375626367309e-04 4.225078375626367309e-04 3.380062700501095148e-03 1.408359458542122436e-04 2.816718917084244872e-04 1.408359458542122436e-04 1.408359458542122436e-04 1.830867296104758679e-03 2.816718917084244872e-04 1.408359458542122436e-04 1.408359458542122436e-04 2.816718917084244872e-04 2.816718917084244872e-04 1.408359458542122436e-04 1.408359458542122436e-04 2.816718917084244872e-04
5.633437834168489745e-04 5.633437834168489745e-04 4.225078375626367309e-04 2.816718917084244872e-04 1.408359458542122436e-04 1.408359458542122436e-04 1.408359458542122436e-04 5.633437834168489745e-04 1.408359458542122436e-04 4.225078375626367309e-04 7.041797292710611639e-04 2.816718917084244872e-04 2.816718917084244872e-04 1.408359458542122436e-04 1.408359458542122436e-04 1.408359458542122436e-04 1.408359458542122436e-04 1.408359458542122436e-04 1.408359458542122436e-04 1.408359458542122436e-04 2.816718917084244872e-04 2.816718917084244872e-04 1.126687566833697732e-03 5.633437834168489745e-04 1.549195404396334300e-03 2.816718917084244872e-04 1.408359458542122436e-04 5.633437834168489745e-04 8.450156751252733533e-04 2.816718917084244872e-04 1.408359458542122436e-04 1.408359458542122436e-04 1.408359458542122436e-04 1.408359458542122436e-04 2.816718917084244872e-04 4.225078375626367309e-04 5.633437834168489745e-04
8.450156751252733533e-04 8.450156751252733533e-04 7.041797292710611639e-04 5.633437834168489745e-04 4.225078375626367309e-04 2.816718917084244872e-04 1.408359458542122436e-04 2.816718917084244872e-04 1.408359458542122436e-04 2.816718917084244872e-04 4.225078375626367309e-04 1.408359458542122436e-04 1.408359458542122436e-04 1.408359458542122436e-04 1.408359458542122436e-04 1.408359458542122436e-04 1.408359458542122436e-04 1.408359458542122436e-04 1.408359458542122436e-04 1.408359458542122436e-04 1.408359458542122436e-04 2.816718917084244872e-04 7.041797292710611639e-04 4.225078375626367309e-04 8.450156751252733533e-04 2.816718917084244872e-04 1.408359458542122436e-04 4.225078375626367309e-04 5.633437834168489745e-04 1.408359458542122436e-04 1.408359458542122436e-04 1.408359458542122436e-04 1.408359458542122436e-04 1.408359458542122436e-04 1.408359458542122436e-04 1.408359458542122436e-04 1.408359458542122436e-04
9.858516209794855427e-04 9.858516209794855427e-04 8.450156751252733533e-04 7.041797292710611639e-04 5.633437834168489745e-04 4.225078375626367309e-04 2.816718917084244872e-04 1.408359458542122436e-04 1.408359458542122436e-04 1.408359458542122436e-04 1.408359458542122436e-04 1.408359458542122436e-04 1.408359458542122436e-04 1.408359458542122436e-04 2.816718917084244872e-04 4.225078375626367309e-04 2.816718917084244872e-04 2.816718917084244872e-04 1.408359458542122436e-04 1.408359458542122436e-04 1.408359458542122436e-04 1.408359458542122436e-04 4.225078375626367309e-04 2.816718917084244872e-04 4.225078375626367309e-04 2.816718917084244872e-04 1.408359458542122436e-04 2.816718917084244872e-04 2.816718917084244872e-04 1.408359458542122436e-04 1.408359458542122436e-04 1.408359458542122436e-04 2.816718917084244872e-04 2.816718917084244872e-04 2.816718917084244872e-04 2.816718917084244872e-04 1.521028215225489130e-02
1.549195404396334300e-03 1.549195404396334300e-03 1.408359458542122111e-03 1.126687566833697732e-03 8.450156751252733533e-04 5.633437834168489745e-04 2.816718917084244872e-04 1.408359458542122436e-04 1.408359458542122436e-04 1.408359458542122436e-04 1.408359458542122436e-04 1.408359458542122436e-04 2.816718917084244872e-04 1.408359458542122436e-04 5.633437834168489745e-04 8.450156751252733533e-04 4.225078375626367309e-04 2.816718917084244872e-04 2.816718917084244872e-04 1.408359458542122436e-04 1.408359458542122436e-04 1.408359458542122436e-04 1.408359458542122436e-04 1.408359458542122436e-04 1.408359458542122436e-04 1.408359458542122436e-04 1.408359458542122436e-04 1.408359458542122436e-04 1.408359458542122436e-04 1.408359458542122436e-04 4.225078375626367309e-04 9.858516209794855427e-04 1.549195404396334300e-03 2.394211079521608304e-03 2.957554862938457929e-03 1.436526647712962207e-02 1.408359458542122436e-04
2.816718917084244872e-04 2.816718917084244872e-04 1.408359458542122436e-04 1.408359458542122436e-04 1.408359458542122436e-04 1.408359458542122436e-04 1.408359458542122436e-04 1.408359458542122436e-04 2.816718917084244872e-04 2.816718917084244872e-04 2.816718917084244872e-04 2.816718917084244872e-04 4.225078375626367309e-04 1.408359458542122436e-04 8.450156751252733533e-04 1.408359458542122111e-03 4.225078375626367309e-04 4.225078375626367309e-04 2.816718917084244872e-04 2.816718917084244872e-04 1.408359458542122436e-04 1.408359458542122436e-04 1.408359458542122436e-04 1.408359458542122436e-04 1.408359458542122436e-04 1.408359458542122436e-04 1.408359458542122436e-04 1.408359458542122436e-04 1.408359458542122436e-04 1.408359458542122436e-04 2.816718917084244872e-04 2.816718917084244872e-04 4.225078375626367309e-04 1.408359458542122436e-04 1.408359458542122436e-04 1.098520377662854514e-02 5.633437834168489745e-04
5.633437834168489745e-04 5.633437834168489745e-04 4.225078375626367309e-04 2.816718917084244872e-04 1.408359458542122436e-04 1.408359458542122436e-04 1.408359458542122436e-04 2.816718917084244872e-04 4.225078375626367309e-04 4.225078375626367309e-04 4.225078375626367309e-04 4.225078375626367309e-04 5.633437834168489745e-04 1.408359458542122436e-04 2.535047025375820710e-03 5.633437834168489745e-04 1.126687566833697732e-03 5.633437834168489745e-04 1.408359458542122436e-04 5.633437834168489745e-04 2.816718917084244872e-04 2.816718917084244872e-04 1.408359458542122436e-04 1.408359458542122436e-04 5.633437834168489745e-04 1.408359458542122436e-04 4.225078375626367309e-04 2.816718917084244872e-04 1.408359458542122436e-04 1.408359458542122436e-04 1.408359458542122436e-04 2.816718917084244872e-04 2.816718917084244872e-04 7.041797292710611639e-04 1.267523512687909922e-03 8.872664588815372053e-03 1.408359458542122436e-04
4.225078375626367309e-04 4.225078375626367309e-04 2.816718917084244872e-04 1.408359458542122436e-04 1.408359458542122436e-04 2.816718917084244872e-04 2.816718917084244872e-04 4.225078375626367309e-04 5.633437834168489745e-04 5.633437834168489745e-04 5.633437834168489745e-04 1.126687566833697732e-03 1.408359458542122436e-04 1.408359458542122436e-04 3.380062700501095148e-03 1.549195404396334300e-03 2.816718917084244872e-04 1.408359458542122436e-04 1.408359458542122436e-04 9.858516209794855427e-04 4.225078375626367309e-04 2.816718917084244872e-04 1.408359458542122436e-04 1.408359458542122436e-04 9.858516209794855427e-04 1.408359458542122436e-04 8.450156751252733533e-04 2.816718917084244872e-04 1.408359458542122436e-04 1.408359458542122436e-04 1.408359458542122436e-04 1.408359458542122436e-04 2.816718917084244872e-04 4.225078375626367309e-04 4.225078375626367309e-04 1.126687566833697732e-03 7.041797292710617710e-03
2.816718917084244872e-04 2.816718917084244872e-04 1.408359458542122436e-04 1.408359458542122436e-04 2.816718917084244872e-04 4.225078375626367309e-04 4.225078375626367309e-04 5.633437834168489745e-04 7.041797292710611639e-04 7.041797292710611639e-04 7.041797292710611639e-04 1.267523512687909922e-03 1.408359458542122436e-04 3.802570538063732367e-03 1.690031350250546490e-03 2.816718917084244872e-04 1.408359458542122436e-04 1.408359458542122436e-04 1.408359458542122436e-04 1.690031350250546490e-03 4.225078375626367309e-04 2.816718917084244872e-04 1.408359458542122436e-04 1.408359458542122436e-04 1.408359458542122111e-03 1.408359458542122436e-04 1.267523512687909922e-03 2.816718917084244872e-04 2.816718917084244872e-04 1.408359458542122436e-04 1.408359458542122436e-04 1.408359458542122436e-04 2.816718917084244872e-04 2.816718917084244872e-04 4.225078375626367309e-04 5.633437834168489745e-04 6.196781617585343273e-03
1.408359458542122436e-04 1.408359458542122436e-04 1.408359458542122436e-04 5.633437834168489745e-04 1.408359458542122436e-04 5.633437834168489745e-04 5.633437834168489745e-04 1.408359458542122111e-03 1.408359458542122436e-04 8.450156751252733533e-04 8.450156751252733533e-04 1.408359458542122111e-03 2.816718917084244872e-04 2.718133754986301609e-02 2.323793106594504443e-02 1.408359458542122436e-04 2.816718917084244872e-04 1.408359458542122436e-04 1.408359458542122436e-04 2.394211079521608304e-03 4.225078375626367309e-04 2.816718917084244872e-04 1.408359458542122436e-04 2.816718917084244872e-04 1.690031350250546490e-03 1.408359458542122436e-04 1.690031350250546490e-03 1.126687566833697732e-03 7.041797292710611639e-04 4.225078375626367309e-04 1.408359458542122436e-04 1.408359458542122436e-04 1.408359458542122436e-04 2.816718917084244872e-04 4.225078375626367309e-04 5.633437834168489745e-04 1.549195404396334300e-03
1.408359458542122436e-04 1.408359458542122436e-04 4.394081510651439565e-02 4.365914321480596910e-02 4.281412753968068946e-02 4.168743997284698327e-02 4.084242429772170363e-02 3.957490078503378417e-02 3.549065835526159923e-02 3.506815051769895941e-02 3.380062700501103995e-02 3.239226754646890721e-02 2.929387673767621519e-02 1.408359458542122436e-04 1.408359458542122436e-04 2.084371998642341878e-02 2.816718917084244872e-04 1.408359458542122436e-04 2.816718917084244872e-04 2.957554862938457929e-03 1.408359458542122436e-04 4.225078375626367309e-04 1.408359458542122436e-04 8.590992697106948975e-03 6.337617563439555679e-03 5.915109725876918460e-03 3.520898646355307554e-03 7.041797292710611639e-04 5.633437834168489745e-04 4.225078375626367309e-04 2.816718917084244872e-04 1.408359458542122436e-04 1.408359458542122436e-04 2.816718917084244872e-04 4.225078375626367309e-04 4.225078375626367309e-04 9.858516209794855427e-04
4.464499483578546202e-02 4.464499483578546202e-02 2.816718917084244872e-04 1.408359458542122436e-04 8.450156751252733533e-04 1.408359458542122436e-04 5.633437834168489745e-04 2.535047025375820710e-03 1.408359458542122436e-04 2.816718917084244872e-04 4.225078375626367309e-04 1.549195404396334300e-03 1.408359458542122436e-04 1.408359458542122111e-03 9.858516209794855427e-04 1.408359458542122436e-04 1.999870431129813914e-02 1.746365728592230021e-02 1.704114944835966039e-02 1.309774296444171822e-02 1.281607107273329514e-02 1.183021945175381437e-02 9.999352155649064364e-03 7.041797292710611639e-04 2.816718917084244872e-04 1.408359458542122436e-04 5.633437834168489745e-04 1.549195404396334300e-03 9.858516209794855427e-04 7.041797292710611639e-04 4.225078375626367309e-04 1.408359458542122436e-04 1.408359458542122436e-04 2.816718917084244872e-04 2.816718917084244872e-04 4.225078375626367309e-04 4.225078375626367309e-04
1.408359458542122436e-04 1.408359458542122436e-04 2.816718917084244872e-04 1.408359458542122436e-04 2.816718917084244872e-04 4.225078375626367309e-04 4.225078375626367309e-04 5.633437834168489745e-04 1.830867296104758679e-03 1.408359458542122436e-04 2.816718917084244872e-04 1.267523512687909922e-03 1.408359458542122436e-04 2.816718917084244872e-04 5.633437834168489745e-04 2.816718917084244872e-04 2.394211079521608304e-03 1.408359458542122436e-04 5.633437834168489745e-04 1.408359458542122436e-04 7.041797292710611639e-04 5.633437834168489745e-04 7.041797292710611639e-04 4.225078375626367309e-04 2.816718917084244872e-04 1.408359458542122436e-04 4.225078375626367309e-04 2.816718917084244872e-04 1.408359458542122436e-04 1.408359458542122436e-04 1.408359458542122436e-04 1.408359458542122436e-04 1.408359458542122436e-04 1.408359458542122436e-04 2.816718917084244872e-04 2.816718917084244872e-04 2.816718917084244872e-04
2.816718917084244872e-04 2.816718917084244872e-04 1.408359458542122436e-04 1.408359458542122436e-04 1.408359458542122436e-04 2.816718917084244872e-04 2.816718917084244872e-04 4.225078375626367309e-04 5.633437834168489745e-04 1.126687566833697732e-03 1.408359458542122436e-04 4.225078375626367309e-04 7.041797292710611639e-04 1.408359458542122436e-04 4.225078375626367309e-04 1.408359458542122436e-04 9.858516209794855427e-04 1.267523512687909922e-03 2.816718917084244872e-04 1.408359458542122436e-04 5.633437834168489745e-04 4.225078375626367309e-04 1.408359458542122436e-04 4.225078375626367309e-04 2.816718917084244872e-04 1.408359458542122436e-04 1.408359458542122436e-04 1.408359458542122436e-04 1.408359458542122436e-04 1.408359458542122436e-04 1.408359458542122436e-04 1.408359458542122436e-04 1.408359458542122436e-04 1.408359458542122436e-04 1.408359458542122436e-04 1.408359458542122436e-04 2.816718917084244872e-04
4.225078375626367309e-04 4.225078375626367309e-04 2.816718917084244872e-04 1.408359458542122436e-04 1.408359458542122436e-04 1.408359458542122436e-04 1.408359458542122436e-04 2.816718917084244872e-04 4.225078375626367309e-04 8.450156751252733533e-04 1.408359458542122436e-04 2.816718917084244872e-04 4.225078375626367309e-04 1.408359458542122436e-04 2.816718917084244872e-04 1.408359458542122436e-04 7.041797292710611639e-04 8.450156751252733533e-04 2.816718917084244872e-04 1.408359458542122436e-04 4.225078375626367309e-04 1.408359458542122436e-04 1.408359458542122436e-04 1.408359458542122436e-04 1.408359458542122436e-04 1.408359458542122436e-04 1.408359458542122436e-04 1.408359458542122436e-04 1.408359458542122436e-04 4.225078375626367309e-04 2.816718917084244872e-04 2.816718917084244872e-04 1.408359458542122436e-04 1.408359458542122436e-04 1.408359458542122436e-04 1.408359458542122436e-04 1.408359458542122436e-04
