output/field_example_lateral_ON/discharge_000055.asc
nrows	150
cellsize	66.66666667
xllcorner	0
ncols	150
yllcorner	0
NODATA_value	-9999
[rows 119 to 135 of 150, columns 111 to 147 of 150]
1.408359458542122436e-04 2.816718917084244872e-04 2.816718917084244872e-04 1.408359458542122436e-04 2.816718917084244872e-04 2.816718917084244872e-04 2.816718917084244872e-04 3.126557997963520102e-02 7.041797292710611639e-04 5.633437834168489745e-04 4.225078375626367309e-04 2.816718917084244872e-04 1.408359458542122436e-04 1.408359458542122436e-04 1.408359458542122436e-04 1.408359458542122436e-04 1.408359458542122436e-04 4.225078375626367309e-04 4.225078375626367309e-04 1.408359458542122436e-04 2.816718917084244872e-04 4.225078375626367309e-04 2.816718917084244872e-04 2.816718917084244872e-04 1.619613377323438075e-02 2.112539187813183492e-03 9.858516209794855427e-04 7.041797292710611639e-04 4.225078375626367309e-04 1.408359458542122436e-04 1.408359458542122436e-04 4.225078375626367309e-04 7.464305130273254929e-03 1.408359458542122436e-04 1.408359458542122436e-04 1.408359458542122436e-04 5.633437834168489745e-04
1.408359458542122436e-04 4.225078375626367309e-04 4.225078375626367309e-04 2.816718917084244872e-04 1.408359458542122436e-04 4.225078375626367309e-04 3.239226754646890721e-02 2.816718917084244872e-04 7.041797292710611639e-04 4.225078375626367309e-04 2.816718917084244872e-04 1.408359458542122436e-04 1.408359458542122436e-04 1.408359458542122436e-04 2.816718917084244872e-04 2.816718917084244872e-04 1.408359458542122436e-04 1.126687566833697732e-03 1.408359458542122436e-04 1.408359458542122436e-04 2.816718917084244872e-04 4.225078375626367309e-04 5.633437834168489745e-04 1.760449323177651348e-02 1.408359458542122436e-04 2.816718917084244872e-04 8.450156751252733533e-04 5.633437834168489745e-04 2.816718917084244872e-04 1.408359458542122436e-04 1.408359458542122436e-04 2.816718917084244872e-04 8.450156751252737436e-03 2.816718917084244872e-04 1.408359458542122436e-04 1.690031350250546490e-03 8.450156751252733533e-04
2.816718917084244872e-04 5.633437834168489745e-04 5.633437834168489745e-04 4.225078375626367309e-04 1.408359458542122436e-04 3.337811916744840013e-02 1.408359458542122436e-04 1.408359458542122436e-04 1.408359458542122436e-04 1.408359458542122436e-04 1.408359458542122436e-04 1.408359458542122436e-04 2.816718917084244872e-04 2.816718917084244872e-04 7.041797292710611639e-04 1.408359458542122436e-04 1.408359458542122436e-04 1.549195404396334300e-03 1.408359458542122436e-04 1.408359458542122436e-04 2.816718917084244872e-04 4.225078375626367309e-04 5.633437834168489745e-04 1.873118079861021967e-02 2.816718917084244872e-04 1.408359458542122436e-04 1.408359458542122436e-04 1.408359458542122436e-04 1.408359458542122436e-04 1.408359458542122436e-04 1.408359458542122436e-04 1.408359458542122436e-04 1.408359458542122436e-04 9.013500534669583591e-03 2.394211079521608304e-03 5.633437834168489745e-04 4.225078375626367309e-04
2.816718917084245523e-03 1.601304704362355447e-01 1.594262907069645130e-01 1.408359458542122436e-04 1.408359458542122436e-04 3.365979105915682668e-02 1.408359458542122436e-04 1.408359458542122436e-04 1.408359458542122436e-04 2.816718917084244872e-04 1.408359458542122436e-04 2.816718917084244872e-04 4.225078375626367309e-04 4.225078375626367309e-04 9.858516209794855427e-04 1.408359458542122436e-04 1.408359458542122436e-04 1.971703241958971085e-03 1.408359458542122436e-04 1.408359458542122436e-04 2.816718917084244872e-04 4.225078375626367309e-04 2.042121214886077896e-02 1.408359458542122436e-04 7.041797292710611639e-04 4.225078375626367309e-04 1.408359458542122436e-04 1.408359458542122436e-04 1.408359458542122436e-04 2.816718917084244872e-04 2.816718917084244872e-04 1.408359458542122436e-04 2.816718917084244872e-04 1.183021945175381437e-02 1.408359458542122436e-04 1.408359458542122436e-04 4.225078375626367309e-04
1.656230723245495917e-01 1.830867296104758679e-03 1.408359458542122436e-04 1.580179312484224496e-01 1.577362593567140370e-01 1.235131245141418838e-01 1.408359458542122436e-04 2.816718917084244872e-04 5.633437834168489745e-04 2.816718917084244872e-04 1.408359458542122436e-04 4.225078375626367309e-04 5.633437834168489745e-04 1.549195404396334300e-03 1.408359458542122436e-04 2.816718917084244872e-04 2.816718917084244872e-04 2.253375133667395898e-03 1.408359458542122436e-04 1.408359458542122436e-04 2.816718917084244872e-04 4.225078375626367309e-04 2.084371998642341878e-02 2.816718917084244872e-04 1.408359458542122436e-04 1.408359458542122436e-04 1.408359458542122436e-04 1.408359458542122436e-04 2.816718917084244872e-04 5.633437834168489745e-04 4.225078375626367309e-04 1.408359458542122436e-04 1.239356323517066052e-02 1.408359458542122436e-04 1.267523512687909922e-03 9.858516209794855427e-04 4.225078375626367309e-04
5.633437834168489745e-04 1.408359458542122436e-04 1.690031350250546490e-03 1.408359458542122436e-04 2.816718917084244872e-04 1.408359458542122436e-04 1.230906166765792648e-01 1.222456010014540267e-01 1.216822572180372014e-01 1.408359458542122436e-04 7.041797292710611639e-04 1.408359458542122436e-04 2.253375133667395898e-03 2.816718917084244872e-04 1.408359458542122436e-04 1.408359458542122436e-04 2.957554862938457929e-03 2.816718917084244872e-04 1.408359458542122436e-04 2.816718917084244872e-04 1.408359458542122436e-04 2.253375133667397806e-02 2.168873566154869842e-02 4.225078375626367309e-04 2.816718917084244872e-04 1.408359458542122436e-04 1.408359458542122436e-04 1.408359458542122436e-04 2.816718917084244872e-04 1.267523512687909922e-03 1.746365728592230021e-02 1.690031350250544712e-02 4.225078375626369585e-03 3.943406483917944773e-03 1.690031350250546490e-03 1.267523512687909922e-03 4.225078375626367309e-04
1.408359458542122436e-04 2.816718917084244872e-04 4.225078375626367309e-04 1.126687566833697732e-03 1.408359458542122436e-04 1.408359458542122436e-04 5.633437834168489745e-04 1.408359458542122436e-04 1.408359458542122436e-04 1.204147337053493444e-01 1.121054128999511706e-01 2.394211079521608304e-03 4.225078375626367309e-04 1.408359458542122436e-04 2.816718917084244872e-04 2.816718917084244872e-04 1.408359458542122436e-04 3.520898646355307554e-03 1.408359458542122436e-04 1.408359458542122436e-04 2.323793106594504443e-02 1.408359458542122436e-04 1.408359458542122436e-04 1.408359458542122436e-04 1.408359458542122436e-04 1.408359458542122436e-04 1.408359458542122436e-04 4.225078375626367309e-04 1.408359458542122436e-04 1.408359458542122436e-04 1.929452458202707277e-02 2.816718917084244872e-04 1.408359458542122436e-04 4.225078375626367309e-04 2.816718917084244872e-04 2.816718917084244872e-04 7.041797292710611639e-04
1.408359458542122436e-04 1.408359458542122436e-04 2.816718917084244872e-04 8.450156751252733533e-04 1.408359458542122436e-04 1.408359458542122436e-04 2.816718917084244872e-04 2.816718917084244872e-04 8.027648913690102819e-03 1.408359458542122436e-04 1.408359458542122436e-04 1.085845142535960123e-01 9.999352155648942586e-02 9.928934182721839419e-02 9.830349020623894984e-02 9.774014642282212451e-02 9.717680263940529917e-02 8.844497399644450641e-02 8.464240345838093538e-02 8.407905967496411004e-02 1.408359458542122436e-04 1.408359458542122436e-04 1.408359458542122436e-04 5.633437834168489745e-04 2.816718917084244872e-04 1.408359458542122436e-04 1.408359458542122436e-04 7.041797292710611639e-04 1.408359458542122436e-04 1.985786836544392586e-02 1.408359458542122436e-04 1.408359458542122436e-04 1.408359458542122436e-04 1.408359458542122436e-04 1.408359458542122436e-04 1.408359458542122436e-04 1.408359458542122436e-04
5.633437834168489745e-04 2.816718917084244872e-04 1.408359458542122436e-04 5.633437834168489745e-04 1.408359458542122436e-04 1.408359458542122436e-04 1.408359458542122436e-04 1.408359458542122436e-04 7.323469184419042523e-03 1.408359458542122436e-04 1.408359458542122436e-04 8.309320805398525897e-03 1.408359458542122436e-04 7.041797292710611639e-04 1.408359458542122436e-04 1.408359458542122436e-04 8.450156751252737436e-03 1.408359458542122436e-04 2.816718917084244872e-04 1.408359458542122436e-04 6.027778482560313539e-02 5.915109725876942920e-02 5.872858942120678938e-02 1.408359458542122436e-04 1.408359458542122436e-04 2.816718917084244872e-04 1.408359458542122436e-04 3.901155700161693107e-02 3.802570538063743816e-02 5.633437834168489745e-04 4.225078375626367309e-04 2.816718917084244872e-04 1.408359458542122436e-04 1.408359458542122436e-04 1.408359458542122436e-04 1.408359458542122436e-04 1.408359458542122436e-04
1.408359458542122436e-04 1.408359458542122436e-04 1.408359458542122436e-04 2.816718917084244872e-04 1.408359458542122436e-04 1.408359458542122436e-04 2.816718917084244872e-04 6.760125401002192898e-03 4.225078375626367309e-04 1.408359458542122436e-04 7.745977021981679742e-03 2.816718917084244872e-04 1.408359458542122436e-04 2.816718917084244872e-04 2.816718917084244872e-04 1.408359458542122436e-04 7.886812967835891280e-03 4.225078375626367309e-04 1.408359458542122436e-04 2.816718917084244872e-04 5.633437834168489745e-04 2.816718917084244872e-04 1.408359458542122436e-04 5.760190185437308319e-02 1.408359458542122436e-04 1.408359458542122436e-04 3.985657267674221071e-02 1.408359458542122436e-04 1.408359458542122436e-04 1.718198539421387366e-02 1.408359458542122436e-04 1.408359458542122436e-04 2.816718917084244872e-04 1.408359458542122436e-04 4.225078375626367309e-04 2.816718917084244872e-04 2.816718917084244872e-04
4.225078375626367309e-04 2.816718917084244872e-04 1.408359458542122436e-04 1.408359458542122436e-04 1.408359458542122436e-04 4.225078375626367309e-04 6.196781617585343273e-03 1.408359458542122436e-04 2.816718917084244872e-04 1.408359458542122436e-04 7.182633238564830117e-03 1.408359458542122436e-04 1.408359458542122436e-04 1.408359458542122436e-04 1.408359458542122436e-04 2.816718917084244872e-04 7.605141076127467335e-03 2.816718917084244872e-04 2.816718917084244872e-04 1.408359458542122436e-04 4.225078375626367309e-04 1.408359458542122436e-04 5.633437834168489745e-04 1.408359458542122436e-04 5.647521428753937700e-02 5.422183915387196462e-02 1.408359458542122436e-04 1.408359458542122436e-04 1.408359458542122436e-04 1.408359458542122436e-04 1.661864161079702057e-02 4.225078375626367309e-04 2.816718917084244872e-04 1.408359458542122436e-04 8.450156751252733533e-04 4.225078375626367309e-04 4.225078375626367309e-04
5.070094050751644023e-03 8.450156751252733533e-04 4.225078375626367309e-04 1.408359458542122436e-04 1.408359458542122436e-04 2.816718917084244872e-04 1.408359458542122436e-04 5.210929996605856429e-03 1.408359458542122436e-04 7.041797292710611639e-04 1.408359458542122436e-04 6.196781617585343273e-03 4.225078375626367309e-04 1.408359458542122436e-04 1.408359458542122436e-04 2.816718917084244872e-04 6.478453509293768085e-03 1.408359458542122436e-04 1.408359458542122436e-04 1.408359458542122436e-04 2.816718917084244872e-04 1.408359458542122436e-04 2.816718917084244872e-04 4.225078375626367309e-04 1.690031350250546490e-03 1.394275863956698745e-02 1.408359458542122436e-04 2.816718917084244872e-04 1.408359458542122436e-04 1.408359458542122436e-04 1.408359458542122436e-04 1.563278998981752765e-02 1.478777431469225669e-02 1.394275863956698745e-02 2.253375133667395898e-03 1.690031350250546490e-03 1.126687566833697732e-03
3.661734592209519960e-03 4.225078375626367309e-04 2.816718917084244872e-04 1.408359458542122436e-04 1.408359458542122436e-04 1.408359458542122436e-04 4.647586213189006804e-03 2.816718917084244872e-04 1.408359458542122436e-04 5.633437834168489745e-04 1.408359458542122436e-04 5.351765942460068835e-03 1.408359458542122436e-04 1.408359458542122436e-04 1.408359458542122436e-04 1.408359458542122436e-04 2.816718917084244872e-04 5.915109725876918460e-03 2.816718917084244872e-04 1.408359458542122436e-04 1.408359458542122436e-04 1.408359458542122436e-04 2.816718917084244872e-04 4.225078375626367309e-04 1.126687566833697732e-03 1.408359458542122436e-04 1.352025080200435284e-02 4.225078375626367309e-04 2.816718917084244872e-04 1.408359458542122436e-04 1.408359458542122436e-04 5.633437834168489745e-04 4.225078375626367309e-04 1.408359458542122436e-04 1.042185999321169898e-02 2.816718917084244872e-04 1.408359458542122436e-04
2.816718917084245523e-03 4.225078375626367309e-04 2.816718917084244872e-04 1.408359458542122436e-04 1.408359458542122436e-04 9.858516209794855427e-04 1.408359458542122436e-04 3.239226754646882742e-03 1.408359458542122436e-04 4.225078375626367309e-04 1.408359458542122436e-04 2.816718917084244872e-04 4.788422159043219210e-03 4.225078375626367309e-04 1.408359458542122436e-04 1.408359458542122436e-04 2.816718917084244872e-04 4.788422159043219210e-03 4.225078375626367309e-04 2.816718917084244872e-04 1.408359458542122436e-04 1.408359458542122436e-04 2.816718917084244872e-04 2.816718917084244872e-04 7.041797292710611639e-04 1.408359458542122436e-04 1.267523512687908360e-02 4.225078375626367309e-04 2.816718917084244872e-04 1.408359458542122436e-04 1.408359458542122436e-04 2.816718917084244872e-04 2.816718917084244872e-04 1.408359458542122436e-04 8.590992697106948975e-03 1.408359458542122111e-03 4.225078375626367309e-04
1.971703241958971085e-03 4.225078375626367309e-04 2.816718917084244872e-04 1.408359458542122436e-04 1.408359458542122436e-04 5.633437834168489745e-04 1.408359458542122436e-04 2.816718917084245523e-03 1.408359458542122436e-04 2.816718917084244872e-04 1.408359458542122436e-04 2.816718917084244872e-04 3.802570538063732367e-03 1.408359458542122436e-04 1.408359458542122436e-04 1.408359458542122436e-04 2.816718917084244872e-04 5.633437834168489745e-04 3.802570538063732367e-03 7.041797292710611639e-04 2.816718917084244872e-04 1.408359458542122436e-04 1.408359458542122436e-04 2.816718917084244872e-04 2.816718917084244872e-04 2.816718917084244872e-04 1.197105539760802591e-02 1.408359458542122436e-04 1.408359458542122436e-04 1.408359458542122436e-04 1.408359458542122436e-04 1.408359458542122436e-04 1.408359458542122436e-04 1.408359458542122436e-04 7.745977021981679742e-03 5.633437834168489745e-04 8.450156751252733533e-04
1.126687566833697732e-03 4.225078375626367309e-04 2.816718917084244872e-04 1.408359458542122436e-04 1.408359458542122436e-04 2.816718917084244872e-04 1.126687566833697732e-03 5.633437834168489745e-04 9.858516209794855427e-04 1.408359458542122436e-04 1.408359458542122436e-04 9.858516209794855427e-04 2.816718917084244872e-04 2.394211079521608304e-03 2.816718917084244872e-04 1.408359458542122436e-04 1.408359458542122436e-04 2.816718917084244872e-04 2.816718917084245523e-03 1.408359458542122436e-04 2.816718917084244872e-04 1.408359458542122436e-04 1.408359458542122436e-04 1.408359458542122436e-04 1.408359458542122436e-04 1.408359458542122436e-04 9.717680263940641286e-03 1.690031350250546490e-03 1.549195404396334300e-03 5.633437834168489745e-04 2.816718917084244872e-04 1.408359458542122436e-04 1.408359458542122436e-04 4.225078375626367309e-04 6.760125401002192898e-03 2.816718917084244872e-04 4.225078375626367309e-04
5.633437834168489745e-04 2.816718917084244872e-04 2.816718917084244872e-04 1.408359458542122436e-04 1.408359458542122436e-04 2.816718917084244872e-04 7.041797292710611639e-04 4.225078375626367309e-04 7.041797292710611639e-04 1.408359458542122436e-04 1.408359458542122436e-04 7.041797292710611639e-04 1.408359458542122436e-04 1.690031350250546490e-03 2.816718917084244872e-04 1.408359458542122436e-04 1.408359458542122436e-04 9.858516209794855427e-04 5.633437834168489745e-04 1.126687566833697732e-03 1.408359458542122436e-04 1.408359458542122436e-04 1.408359458542122436e-04 2.816718917084244872e-04 4.225078375626367309e-04 3.520898646355307554e-03 1.408359458542122436e-04 5.774273780022706054e-03 1.408359458542122436e-04 4.225078375626367309e-04 2.816718917084244872e-04 1.408359458542122436e-04 1.408359458542122436e-04 2.816718917084244872e-04 6.337617563439555679e-03 1.408359458542122436e-04 1.408359458542122436e-04
