output/field_example_lateral_ON/discharge_000091.asc
nrows	150
cellsize	66.66666667
xllcorner	0
ncols	150
yllcorner	0
NODATA_value	-9999
[rows 119 to 135 of 150, columns 111 to 147 of 150]
1.971703241958971085e-03 1.408359458542122436e-04 1.408359458542122436e-04 2.816718917084244872e-04 1.408359458542122436e-04 1.408359458542122436e-04 2.816718917084244872e-04 3.168808781719784085e-02 1.408359458542122436e-04 1.408359458542122436e-04 2.816718917084244872e-04 2.816718917084244872e-04 2.816718917084244872e-04 2.816718917084244872e-04 2.816718917084244872e-04 2.816718917084244872e-04 2.816718917084244872e-04 1.408359458542122436e-04 1.408359458542122436e-04 4.225078375626367309e-04 8.450156751252733533e-04 1.267523512687909922e-03 1.549195404396334300e-03 2.816718917084244872e-04 1.408359458542122436e-04 7.041797292710611639e-04 2.619548592888352317e-02 8.450156751252733533e-04 7.041797292710611639e-04 5.633437834168489745e-04 4.225078375626367309e-04 2.816718917084244872e-04 1.408359458542122436e-04 1.408359458542122436e-04 1.408359458542122436e-04 1.408359458542122436e-04 1.408359458542122436e-04
2.535047025375820710e-03 1.408359458542122436e-04 1.408359458542122436e-04 2.816718917084244872e-04 5.633437834168489745e-04 1.408359458542122436e-04 1.408359458542122436e-04 3.196975970890626739e-02 5.774273780022706054e-03 5.070094050751644023e-03 4.225078375626369585e-03 3.520898646355307554e-03 2.816718917084245523e-03 2.112539187813183492e-03 1.549195404396334300e-03 9.858516209794855427e-04 4.225078375626367309e-04 1.408359458542122436e-04 1.408359458542122436e-04 2.816718917084244872e-04 5.633437834168489745e-04 8.450156751252733533e-04 2.253375133667395898e-03 1.971703241958971085e-03 1.408359458542122436e-04 1.408359458542122436e-04 2.788551727913408246e-02 1.408359458542122111e-03 7.041797292710611639e-04 5.633437834168489745e-04 4.225078375626367309e-04 2.816718917084244872e-04 1.408359458542122436e-04 1.408359458542122436e-04 2.816718917084244872e-04 4.225078375626367309e-04 2.816718917084244872e-04
3.098390808792670335e-03 1.408359458542122436e-04 1.408359458542122436e-04 5.633437834168489745e-04 1.408359458542122436e-04 8.450156751252733533e-04 1.408359458542122436e-04 3.872988510990850453e-02 1.408359458542122436e-04 4.225078375626367309e-04 4.225078375626367309e-04 2.816718917084244872e-04 2.816718917084244872e-04 2.816718917084244872e-04 1.408359458542122436e-04 1.408359458542122436e-04 1.408359458542122436e-04 1.408359458542122436e-04 1.408359458542122436e-04 1.408359458542122436e-04 1.408359458542122436e-04 1.408359458542122436e-04 2.816718917084244872e-04 2.675882971230033117e-03 4.929258104897431617e-03 2.830802511669672228e-02 1.408359458542122436e-04 1.408359458542122436e-04 5.633437834168489745e-04 4.225078375626367309e-04 2.816718917084244872e-04 1.408359458542122436e-04 1.408359458542122436e-04 2.816718917084244872e-04 4.225078375626367309e-04 8.450156751252733533e-04 4.225078375626367309e-04
3.661734592209519960e-03 1.408359458542122436e-04 1.408359458542122436e-04 8.450156751252733533e-04 1.408359458542122436e-04 4.154660402699277000e-02 4.041991646015906381e-02 4.225078375626367309e-04 7.041797292710611639e-04 2.816718917084244872e-04 2.816718917084244872e-04 2.816718917084244872e-04 1.408359458542122436e-04 1.408359458542122436e-04 1.408359458542122436e-04 1.408359458542122436e-04 1.408359458542122436e-04 4.225078375626367309e-04 1.408359458542122436e-04 1.408359458542122436e-04 1.408359458542122436e-04 2.816718917084244872e-04 4.225078375626367309e-04 5.633437834168489745e-04 1.408359458542122436e-04 3.492731457184474614e-02 2.816718917084244872e-04 1.408359458542122436e-04 5.633437834168489745e-04 4.225078375626367309e-04 2.816718917084244872e-04 1.408359458542122436e-04 1.408359458542122436e-04 5.633437834168489745e-04 1.408359458542122111e-03 1.408359458542122111e-03 8.450156751252733533e-04
4.225078375626369585e-03 1.408359458542122436e-04 1.408359458542122436e-04 2.816718917084244872e-04 4.309579943138911601e-02 1.408359458542122436e-04 7.041797292710611639e-04 2.816718917084244872e-04 2.816718917084244872e-04 2.816718917084244872e-04 1.408359458542122436e-04 1.408359458542122436e-04 1.408359458542122436e-04 1.408359458542122436e-04 1.408359458542122436e-04 1.408359458542122436e-04 4.225078375626367309e-04 7.041797292710611639e-04 2.816718917084244872e-04 1.408359458542122436e-04 1.408359458542122436e-04 1.408359458542122436e-04 1.408359458542122436e-04 1.408359458542122436e-04 3.605400213867845233e-02 1.408359458542122436e-04 1.267523512687909922e-03 1.126687566833697732e-03 4.225078375626367309e-04 2.816718917084244872e-04 1.408359458542122436e-04 1.408359458542122436e-04 1.408359458542122436e-04 8.450156751252733533e-04 3.520898646355307554e-03 5.633437834168489745e-04 4.225078375626367309e-04
4.788422159043219210e-03 1.408359458542122436e-04 1.408359458542122436e-04 4.394081510651439565e-02 1.408359458542122436e-04 2.816718917084244872e-04 2.816718917084244872e-04 2.816718917084244872e-04 1.408359458542122436e-04 1.408359458542122436e-04 1.408359458542122436e-04 1.408359458542122436e-04 1.408359458542122436e-04 2.816718917084244872e-04 2.816718917084244872e-04 1.408359458542122436e-04 7.041797292710611639e-04 1.126687566833697732e-03 2.816718917084244872e-04 1.408359458542122436e-04 1.408359458542122436e-04 2.816718917084244872e-04 2.816718917084244872e-04 5.633437834168489745e-04 3.689901781380373197e-02 1.408359458542122436e-04 7.041797292710611639e-04 5.633437834168489745e-04 4.225078375626367309e-04 2.816718917084244872e-04 1.408359458542122436e-04 1.408359458542122436e-04 4.225078375626367309e-04 4.647586213189006804e-03 1.408359458542122436e-04 1.408359458542122436e-04 4.225078375626367309e-04
1.408359458542122436e-04 1.408359458542122436e-04 1.408359458542122436e-04 4.464499483578546202e-02 2.816718917084244872e-04 1.408359458542122436e-04 1.408359458542122436e-04 1.408359458542122436e-04 1.408359458542122436e-04 1.408359458542122436e-04 1.408359458542122436e-04 1.408359458542122436e-04 4.225078375626367309e-04 4.225078375626367309e-04 4.225078375626367309e-04 1.408359458542122436e-04 9.858516209794855427e-04 1.549195404396334300e-03 2.816718917084244872e-04 1.408359458542122436e-04 1.408359458542122436e-04 2.816718917084244872e-04 4.225078375626367309e-04 1.408359458542122436e-04 3.943406483917957089e-02 2.253375133667395898e-03 5.633437834168489745e-04 4.225078375626367309e-04 2.816718917084244872e-04 1.408359458542122436e-04 1.408359458542122436e-04 1.408359458542122436e-04 5.351765942460068835e-03 1.408359458542122111e-03 1.267523512687909922e-03 9.858516209794855427e-04 4.225078375626367309e-04
5.351765942460068835e-03 1.408359458542122436e-04 4.520833861920231511e-02 1.408359458542122436e-04 2.816718917084244872e-04 1.408359458542122436e-04 1.408359458542122436e-04 1.408359458542122436e-04 2.816718917084244872e-04 1.408359458542122436e-04 2.816718917084244872e-04 1.408359458542122436e-04 7.041797292710611639e-04 9.858516209794855427e-04 1.408359458542122436e-04 1.408359458542122436e-04 1.267523512687909922e-03 2.253375133667395898e-03 2.816718917084244872e-04 1.408359458542122436e-04 1.408359458542122436e-04 2.816718917084244872e-04 7.041797292710611639e-04 4.098326024357591690e-02 1.408359458542122436e-04 1.408359458542122436e-04 8.450156751252733533e-04 5.633437834168489745e-04 2.816718917084244872e-04 1.408359458542122436e-04 1.408359458542122436e-04 2.816718917084244872e-04 7.323469184419042523e-03 1.408359458542122436e-04 7.041797292710611639e-04 5.633437834168489745e-04 4.225078375626367309e-04
2.226616303955031573e-01 2.167465206696264912e-01 2.816718917084244872e-04 1.408359458542122436e-04 1.408359458542122436e-04 2.816718917084244872e-04 2.816718917084244872e-04 1.408359458542122436e-04 4.225078375626367309e-04 2.816718917084244872e-04 4.225078375626367309e-04 1.408359458542122436e-04 1.971703241958971085e-03 2.816718917084244872e-04 1.408359458542122436e-04 1.408359458542122436e-04 3.802570538063732367e-03 1.408359458542122436e-04 1.408359458542122436e-04 2.816718917084244872e-04 2.816718917084244872e-04 1.408359458542122436e-04 1.408359458542122436e-04 4.168743997284698327e-02 5.633437834168489745e-04 4.225078375626367309e-04 1.408359458542122436e-04 1.408359458542122436e-04 1.408359458542122436e-04 1.408359458542122436e-04 1.408359458542122436e-04 2.816718917084244872e-04 7.886812967835891280e-03 1.549195404396334300e-03 7.041797292710611639e-04 5.633437834168489745e-04 4.225078375626367309e-04
4.225078375626367309e-04 1.408359458542122436e-04 1.708340023211552261e-01 1.408359458542122436e-04 5.633437834168489745e-04 4.225078375626367309e-04 1.408359458542122436e-04 2.816718917084244872e-04 5.633437834168489745e-04 4.225078375626367309e-04 5.633437834168489745e-04 1.408359458542122436e-04 2.535047025375820710e-03 1.408359458542122436e-04 2.816718917084244872e-04 1.408359458542122436e-04 4.365914321480581992e-03 1.408359458542122436e-04 2.816718917084244872e-04 4.225078375626367309e-04 4.225078375626367309e-04 1.408359458542122436e-04 4.225078375626383637e-02 1.408359458542122436e-04 2.816718917084244872e-04 1.408359458542122436e-04 1.408359458542122436e-04 1.408359458542122436e-04 1.408359458542122436e-04 1.408359458542122436e-04 2.816718917084244872e-04 2.816718917084244872e-04 1.126687566833696821e-02 2.816718917084244872e-04 1.408359458542122436e-04 1.408359458542122436e-04 1.408359458542122436e-04
2.816718917084244872e-04 2.816718917084244872e-04 1.408359458542122436e-04 1.701298225918841944e-01 1.692848069167589564e-01 2.816718917084244872e-04 1.408359458542122436e-04 1.408359458542122436e-04 1.549195404396334300e-03 1.408359458542122436e-04 1.408359458542122436e-04 3.380062700501095148e-03 1.408359458542122436e-04 2.816718917084244872e-04 4.225078375626367309e-04 4.647586213189006804e-03 1.408359458542122436e-04 1.408359458542122436e-04 8.450156751252733533e-04 1.408359458542122436e-04 1.408359458542122436e-04 4.436332294407703547e-02 1.408359458542122436e-04 9.858516209794855427e-04 4.225078375626367309e-04 1.408359458542122436e-04 1.408359458542122436e-04 2.816718917084244872e-04 2.816718917084244872e-04 2.816718917084244872e-04 1.408359458542122436e-04 1.394275863956698745e-02 1.408359458542122436e-04 1.408359458542122111e-03 1.267523512687909922e-03 9.858516209794855427e-04 7.041797292710611639e-04
1.408359458542122436e-04 1.408359458542122436e-04 1.408359458542122436e-04 5.633437834168489745e-04 1.408359458542122436e-04 1.677356115123626867e-01 1.408359458542122436e-04 1.647780566494243537e-01 1.629471893533196714e-01 1.306957577527064207e-01 1.305549218068522144e-01 1.301324139692895954e-01 1.263298434312260243e-01 1.257664996478091990e-01 1.237947964058502964e-01 1.232314526224334711e-01 1.183021945175362494e-01 1.178796866799736304e-01 1.153446396545979163e-01 1.142179520877642657e-01 4.478583078163967529e-02 1.408359458542122436e-04 1.267523512687909922e-03 1.408359458542122436e-04 1.408359458542122436e-04 1.408359458542122436e-04 1.408359458542122436e-04 5.633437834168489745e-04 4.225078375626367309e-04 1.408359458542122436e-04 1.478777431469225669e-02 1.408359458542122436e-04 1.830867296104758679e-03 1.549195404396334300e-03 1.267523512687909922e-03 9.858516209794855427e-04 7.041797292710611639e-04
4.225078375626367309e-04 1.408359458542122436e-04 1.408359458542122436e-04 2.816718917084244872e-04 4.225078375626367309e-04 9.858516209794855427e-04 1.659047442162580044e-01 1.408359458542122436e-04 1.126687566833696821e-02 2.084371998642341878e-02 1.408359458542122436e-04 2.816718917084244872e-04 2.816718917084244872e-04 1.408359458542122436e-04 1.408359458542122111e-03 1.408359458542122436e-04 1.408359458542122436e-04 2.253375133667395898e-03 1.408359458542122436e-04 1.408359458542122436e-04 6.900961346856403222e-02 1.408359458542122436e-04 1.408359458542122436e-04 1.408359458542122436e-04 1.408359458542122436e-04 1.408359458542122436e-04 1.408359458542122436e-04 2.464629052448717716e-02 2.380127484936189752e-02 2.309709512009083116e-02 1.408359458542122436e-04 1.408359458542122436e-04 1.408359458542122436e-04 1.408359458542122436e-04 1.408359458542122436e-04 1.408359458542122436e-04 1.408359458542122436e-04
2.816718917084244872e-04 1.408359458542122436e-04 1.408359458542122436e-04 2.816718917084244872e-04 8.450156751252733533e-04 1.408359458542122436e-04 5.633437834168489745e-04 1.408359458542122436e-04 1.112603972248275667e-02 2.070288404056920550e-02 1.408359458542122436e-04 1.408359458542122436e-04 1.408359458542122436e-04 2.816718917084244872e-04 4.225078375626367309e-04 5.633437834168489745e-04 8.450156751252733533e-04 7.041797292710611639e-04 5.633437834168489745e-04 2.816718917084244872e-04 1.408359458542122436e-04 6.830543373929300055e-02 6.746041806416776254e-02 1.408359458542122436e-04 2.816718917084244872e-04 2.816718917084244872e-04 2.506879836204981699e-02 1.408359458542122436e-04 1.408359458542122436e-04 1.408359458542122436e-04 7.745977021981679742e-03 6.760125401002192898e-03 1.408359458542122436e-04 1.408359458542122436e-04 1.408359458542122436e-04 1.408359458542122436e-04 1.408359458542122436e-04
1.408359458542122436e-04 1.408359458542122436e-04 1.408359458542122436e-04 2.816718917084244872e-04 4.225078375626367309e-04 1.408359458542122436e-04 2.816718917084244872e-04 1.408359458542122436e-04 1.098520377662854514e-02 1.408359458542122436e-04 2.028037620300656568e-02 2.816718917084244872e-04 1.408359458542122436e-04 1.408359458542122436e-04 2.816718917084244872e-04 4.225078375626367309e-04 7.041797292710611639e-04 5.633437834168489745e-04 4.225078375626367309e-04 1.408359458542122436e-04 2.816718917084244872e-04 4.225078375626367309e-04 1.408359458542122436e-04 6.675623833489673087e-02 6.112280050072841503e-02 6.041862077145734866e-02 1.408359458542122436e-04 2.816718917084244872e-04 1.408359458542122436e-04 1.408359458542122436e-04 2.816718917084244872e-04 4.225078375626367309e-04 6.337617563439555679e-03 5.633437834168489745e-04 2.816718917084244872e-04 9.858516209794855427e-04 7.041797292710611639e-04
2.816718917084244872e-04 1.408359458542122436e-04 1.408359458542122436e-04 1.408359458542122436e-04 1.408359458542122436e-04 1.408359458542122436e-04 1.408359458542122436e-04 1.408359458542122436e-04 1.056269593906591052e-02 1.408359458542122436e-04 1.985786836544392586e-02 1.408359458542122436e-04 2.816718917084244872e-04 1.408359458542122436e-04 1.408359458542122436e-04 2.816718917084244872e-04 5.633437834168489745e-04 4.225078375626367309e-04 2.816718917084244872e-04 1.408359458542122436e-04 2.816718917084244872e-04 1.408359458542122436e-04 5.351765942460068835e-03 1.408359458542122436e-04 2.816718917084244872e-04 1.408359458542122436e-04 3.464564268013631959e-02 4.225078375626367309e-04 2.816718917084244872e-04 1.408359458542122436e-04 1.408359458542122436e-04 2.816718917084244872e-04 1.408359458542122436e-04 5.351765942460068835e-03 3.098390808792670335e-03 5.633437834168489745e-04 4.225078375626367309e-04
7.041797292710611639e-04 4.225078375626367309e-04 1.408359458542122436e-04 1.408359458542122436e-04 2.816718917084244872e-04 4.225078375626367309e-04 5.633437834168489745e-04 9.999352155649064364e-03 1.408359458542122436e-04 1.408359458542122436e-04 2.816718917084244872e-04 1.929452458202707277e-02 1.408359458542122436e-04 1.408359458542122436e-04 1.408359458542122436e-04 1.408359458542122436e-04 4.225078375626367309e-04 2.816718917084244872e-04 1.408359458542122436e-04 1.408359458542122436e-04 1.408359458542122436e-04 2.816718917084244872e-04 4.647586213189006804e-03 1.408359458542122436e-04 1.408359458542122436e-04 2.816718917084244872e-04 3.380062700501103995e-02 5.633437834168489745e-04 4.225078375626367309e-04 2.816718917084244872e-04 1.408359458542122436e-04 1.408359458542122436e-04 1.408359458542122436e-04 2.112539187813183492e-03 5.633437834168489745e-04 1.408359458542122111e-03 8.450156751252733533e-04
