output/field_example_lateral_ON/discharge_000052.asc
nrows	150
cellsize	66.66666667
xllcorner	0
ncols	150
yllcorner	0
NODATA_value	-9999
[rows 17 to 33 of 150, columns 111 to 147 of 150]
1.408359458542122436e-04 1.408359458542122436e-04 2.816718917084244872e-04 4.788422159043219210e-03 2.816718917084244872e-04 1.408359458542122436e-04 1.408359458542122436e-04 2.112539187813183492e-03 2.816718917084244872e-04 1.408359458542122436e-04 1.408359458542122436e-04 2.394211079521608304e-03 1.408359458542122436e-04 1.408359458542122436e-04 1.408359458542122436e-04 2.816718917084244872e-04 2.675882971230033117e-03 2.816718917084244872e-04 1.408359458542122436e-04 1.408359458542122436e-04 2.394211079521608304e-03 1.408359458542122436e-04 1.408359458542122436e-04 2.816718917084244872e-04 4.225078375626367309e-04 5.492601888314281242e-03 4.365914321480581992e-03 5.633437834168489745e-04 2.816718917084244872e-04 2.816718917084244872e-04 1.408359458542122436e-04 1.408359458542122436e-04 1.408359458542122436e-04 7.041797292710611639e-04 1.408359458542122111e-03 5.633437834168489745e-04 8.450156751252733533e-04
5.633437834168489745e-04 1.408359458542122436e-04 1.267523512687909922e-03 8.450156751252733533e-04 2.253375133667395898e-03 1.408359458542122436e-04 1.408359458542122436e-04 1.549195404396334300e-03 2.816718917084244872e-04 1.408359458542122436e-04 5.633437834168489745e-04 5.633437834168489745e-04 1.126687566833697732e-03 1.408359458542122436e-04 1.408359458542122436e-04 2.816718917084244872e-04 1.971703241958971085e-03 2.816718917084244872e-04 1.408359458542122436e-04 1.408359458542122436e-04 1.126687566833697732e-03 9.858516209794855427e-04 1.408359458542122436e-04 2.816718917084244872e-04 2.816718917084244872e-04 4.929258104897431617e-03 1.408359458542122436e-04 3.520898646355307554e-03 1.126687566833697732e-03 7.041797292710611639e-04 4.225078375626367309e-04 1.408359458542122436e-04 1.408359458542122436e-04 4.225078375626367309e-04 4.225078375626367309e-04 8.450156751252733533e-04 4.225078375626367309e-04
4.225078375626367309e-04 1.408359458542122436e-04 9.858516209794855427e-04 7.041797292710611639e-04 1.690031350250546490e-03 2.816718917084244872e-04 1.408359458542122436e-04 9.858516209794855427e-04 2.816718917084244872e-04 1.408359458542122436e-04 4.225078375626367309e-04 4.225078375626367309e-04 7.041797292710611639e-04 1.408359458542122436e-04 1.408359458542122436e-04 2.816718917084244872e-04 1.267523512687909922e-03 2.816718917084244872e-04 1.408359458542122436e-04 1.408359458542122436e-04 8.450156751252733533e-04 8.450156751252733533e-04 1.408359458542122436e-04 1.408359458542122436e-04 2.816718917084244872e-04 1.408359458542122436e-04 4.365914321480581992e-03 1.408359458542122436e-04 2.112539187813183492e-03 1.267523512687909922e-03 8.450156751252733533e-04 4.225078375626367309e-04 1.408359458542122436e-04 2.816718917084244872e-04 2.816718917084244872e-04 4.225078375626367309e-04 2.816718917084244872e-04
2.816718917084244872e-04 1.408359458542122436e-04 7.041797292710611639e-04 5.633437834168489745e-04 1.267523512687909922e-03 2.816718917084244872e-04 1.408359458542122436e-04 5.633437834168489745e-04 2.816718917084244872e-04 1.408359458542122436e-04 2.816718917084244872e-04 2.816718917084244872e-04 4.225078375626367309e-04 1.408359458542122436e-04 1.408359458542122436e-04 2.816718917084244872e-04 5.633437834168489745e-04 2.816718917084244872e-04 1.408359458542122436e-04 1.408359458542122436e-04 5.633437834168489745e-04 5.633437834168489745e-04 1.408359458542122436e-04 1.408359458542122436e-04 4.225078375626367309e-04 2.112539187813183492e-03 7.041797292710611639e-04 1.408359458542122111e-03 4.225078375626367309e-04 2.816718917084244872e-04 2.816718917084244872e-04 2.816718917084244872e-04 1.408359458542122436e-04 1.408359458542122436e-04 1.408359458542122436e-04 1.408359458542122436e-04 1.408359458542122436e-04
1.408359458542122436e-04 1.408359458542122436e-04 4.225078375626367309e-04 4.225078375626367309e-04 8.450156751252733533e-04 2.816718917084244872e-04 1.408359458542122436e-04 2.816718917084244872e-04 1.408359458542122436e-04 1.408359458542122436e-04 1.408359458542122436e-04 1.408359458542122436e-04 1.408359458542122436e-04 1.408359458542122436e-04 1.408359458542122436e-04 1.408359458542122436e-04 1.408359458542122436e-04 1.408359458542122436e-04 1.408359458542122436e-04 1.408359458542122436e-04 2.816718917084244872e-04 2.816718917084244872e-04 1.408359458542122436e-04 2.816718917084244872e-04 2.816718917084244872e-04 1.267523512687909922e-03 5.633437834168489745e-04 9.858516209794855427e-04 2.816718917084244872e-04 2.816718917084244872e-04 1.408359458542122436e-04 1.408359458542122436e-04 1.408359458542122436e-04 1.408359458542122436e-04 1.408359458542122436e-04 1.408359458542122436e-04 1.408359458542122436e-04
1.408359458542122436e-04 1.408359458542122436e-04 1.408359458542122436e-04 2.816718917084244872e-04 5.633437834168489745e-04 1.408359458542122436e-04 1.408359458542122436e-04 1.408359458542122436e-04 1.408359458542122436e-04 1.408359458542122436e-04 1.408359458542122436e-04 1.408359458542122436e-04 1.408359458542122436e-04 1.408359458542122436e-04 1.408359458542122436e-04 1.408359458542122436e-04 1.408359458542122436e-04 1.408359458542122436e-04 1.408359458542122436e-04 1.408359458542122436e-04 1.408359458542122436e-04 1.408359458542122436e-04 1.408359458542122436e-04 1.408359458542122436e-04 2.816718917084244872e-04 8.450156751252733533e-04 4.225078375626367309e-04 5.633437834168489745e-04 2.816718917084244872e-04 1.408359458542122436e-04 1.408359458542122436e-04 1.408359458542122436e-04 2.816718917084244872e-04 2.816718917084244872e-04 1.408359458542122436e-04 1.408359458542122436e-04 4.225078375626367309e-04
1.408359458542122436e-04 1.408359458542122436e-04 1.408359458542122436e-04 1.408359458542122436e-04 2.816718917084244872e-04 1.408359458542122436e-04 1.408359458542122436e-04 1.408359458542122436e-04 1.408359458542122436e-04 2.816718917084244872e-04 4.225078375626367309e-04 4.225078375626367309e-04 2.816718917084244872e-04 1.408359458542122436e-04 1.408359458542122436e-04 4.225078375626367309e-04 2.816718917084244872e-04 4.225078375626367309e-04 2.816718917084244872e-04 1.408359458542122436e-04 1.408359458542122436e-04 1.408359458542122436e-04 1.408359458542122436e-04 1.408359458542122436e-04 1.408359458542122436e-04 5.633437834168489745e-04 2.816718917084244872e-04 2.816718917084244872e-04 1.408359458542122436e-04 1.408359458542122436e-04 1.408359458542122436e-04 1.408359458542122436e-04 8.450156751252733533e-04 2.816718917084244872e-04 1.408359458542122436e-04 1.408359458542122436e-04 1.126687566833697732e-03
1.408359458542122111e-03 8.450156751252733533e-04 4.225078375626367309e-04 1.408359458542122436e-04 1.408359458542122436e-04 1.408359458542122436e-04 1.408359458542122436e-04 2.816718917084244872e-04 2.816718917084244872e-04 2.816718917084244872e-04 8.450156751252733533e-04 8.450156751252733533e-04 2.816718917084244872e-04 1.408359458542122436e-04 1.408359458542122436e-04 7.041797292710611639e-04 4.225078375626367309e-04 8.450156751252733533e-04 2.816718917084244872e-04 2.816718917084244872e-04 2.816718917084244872e-04 2.816718917084244872e-04 1.408359458542122436e-04 1.408359458542122436e-04 1.408359458542122436e-04 2.816718917084244872e-04 1.408359458542122436e-04 1.408359458542122436e-04 1.408359458542122436e-04 1.408359458542122436e-04 1.408359458542122436e-04 4.225078375626367309e-04 1.267523512687909922e-03 2.816718917084244872e-04 1.408359458542122436e-04 1.408359458542122436e-04 1.690031350250546490e-03
2.816718917084244872e-04 2.816718917084244872e-04 1.408359458542122436e-04 1.408359458542122436e-04 1.408359458542122436e-04 1.408359458542122436e-04 2.816718917084244872e-04 2.816718917084244872e-04 4.225078375626367309e-04 4.225078375626367309e-04 1.267523512687909922e-03 1.549195404396334300e-03 2.816718917084244872e-04 1.408359458542122436e-04 1.408359458542122436e-04 2.816718917084244872e-04 2.112539187813183492e-03 4.225078375626367309e-04 4.225078375626367309e-04 4.225078375626367309e-04 4.225078375626367309e-04 2.816718917084244872e-04 2.816718917084244872e-04 1.408359458542122436e-04 1.408359458542122436e-04 1.408359458542122436e-04 1.408359458542122436e-04 1.408359458542122436e-04 1.408359458542122436e-04 2.816718917084244872e-04 2.816718917084244872e-04 7.041797292710611639e-04 1.690031350250546490e-03 1.408359458542122436e-04 2.816718917084244872e-04 2.816718917084244872e-04 2.394211079521608304e-03
2.816718917084244872e-04 1.408359458542122436e-04 1.408359458542122436e-04 1.408359458542122436e-04 1.408359458542122436e-04 2.816718917084244872e-04 2.816718917084244872e-04 4.225078375626367309e-04 4.225078375626367309e-04 5.633437834168489745e-04 3.380062700501095148e-03 2.816718917084244872e-04 1.408359458542122436e-04 1.408359458542122436e-04 4.225078375626367309e-04 1.408359458542122436e-04 2.957554862938457929e-03 5.633437834168489745e-04 5.633437834168489745e-04 5.633437834168489745e-04 4.225078375626367309e-04 4.225078375626367309e-04 2.816718917084244872e-04 2.816718917084244872e-04 1.408359458542122436e-04 1.408359458542122436e-04 1.408359458542122436e-04 4.225078375626367309e-04 7.041797292710611639e-04 9.858516209794855427e-04 4.225078375626367309e-04 2.816718917084245523e-03 2.816718917084244872e-04 1.408359458542122436e-04 1.408359458542122436e-04 3.098390808792670335e-03 5.633437834168489745e-04
1.408359458542122436e-04 1.408359458542122436e-04 1.408359458542122436e-04 1.408359458542122436e-04 2.816718917084244872e-04 2.816718917084244872e-04 4.225078375626367309e-04 4.225078375626367309e-04 5.633437834168489745e-04 5.633437834168489745e-04 4.365914321480581992e-03 1.408359458542122436e-04 1.408359458542122436e-04 1.408359458542122436e-04 7.041797292710611639e-04 1.408359458542122436e-04 4.506750267334794398e-03 7.041797292710611639e-04 1.408359458542122436e-04 3.098390808792670335e-03 1.971703241958971085e-03 1.408359458542122111e-03 8.450156751252733533e-04 2.816718917084244872e-04 2.816718917084244872e-04 1.408359458542122436e-04 1.408359458542122436e-04 1.408359458542122436e-04 2.816718917084244872e-04 5.633437834168489745e-04 1.830867296104758679e-03 5.492601888314281242e-03 6.055945671731130867e-03 1.408359458542122436e-04 2.816718917084244872e-04 4.225078375626369585e-03 4.225078375626367309e-04
1.408359458542122436e-04 1.408359458542122436e-04 2.816718917084244872e-04 1.408359458542122436e-04 2.816718917084244872e-04 4.225078375626367309e-04 4.225078375626367309e-04 5.633437834168489745e-04 5.633437834168489745e-04 7.041797292710611639e-04 5.210929996605856429e-03 2.816718917084244872e-04 1.408359458542122436e-04 1.408359458542122436e-04 2.816718917084244872e-04 5.915109725876918460e-03 1.408359458542122436e-04 4.929258104897431617e-03 4.506750267334794398e-03 9.858516209794855427e-04 5.633437834168489745e-04 2.816718917084244872e-04 1.408359458542122436e-04 1.408359458542122436e-04 5.633437834168489745e-04 2.816718917084244872e-04 1.408359458542122436e-04 1.408359458542122436e-04 1.408359458542122436e-04 1.408359458542122436e-04 1.408359458542122436e-04 1.408359458542122436e-04 1.408359458542122436e-04 6.337617563439555679e-03 5.210929996605856429e-03 5.633437834168489745e-04 4.225078375626367309e-04
1.408359458542122436e-04 4.225078375626367309e-04 4.225078375626367309e-04 1.408359458542122436e-04 2.816718917084244872e-04 7.041797292710611639e-04 1.267523512687909922e-03 5.633437834168489745e-04 7.041797292710611639e-04 7.041797292710611639e-04 6.337617563439555679e-03 2.816718917084244872e-04 1.408359458542122436e-04 1.408359458542122436e-04 2.816718917084244872e-04 6.055945671731130867e-03 5.633437834168493648e-03 1.408359458542122436e-04 1.408359458542122436e-04 2.816718917084244872e-04 2.816718917084244872e-04 1.408359458542122436e-04 1.408359458542122436e-04 1.408359458542122436e-04 9.858516209794855427e-04 2.816718917084244872e-04 1.408359458542122436e-04 1.408359458542122436e-04 2.816718917084244872e-04 1.408359458542122436e-04 1.408359458542122436e-04 1.408359458542122436e-04 1.408359458542122436e-04 1.197105539760802591e-02 7.041797292710611639e-04 5.633437834168489745e-04 4.225078375626367309e-04
2.816718917084244872e-04 7.041797292710611639e-04 7.041797292710611639e-04 1.408359458542122436e-04 1.408359458542122436e-04 2.816718917084244872e-04 5.633437834168489745e-04 2.253375133667395898e-03 3.098390808792670335e-03 4.084242429772157179e-03 1.168938350589960283e-02 2.816718917084244872e-04 1.408359458542122436e-04 1.408359458542122436e-04 1.408359458542119899e-02 1.352025080200435284e-02 1.408359458542122436e-04 4.225078375626367309e-04 2.816718917084244872e-04 1.408359458542122436e-04 1.408359458542122436e-04 1.408359458542122436e-04 1.408359458542122436e-04 1.408359458542122436e-04 1.549195404396334300e-03 2.816718917084244872e-04 1.408359458542122436e-04 1.408359458542122436e-04 2.816718917084244872e-04 4.225078375626367309e-04 2.816718917084244872e-04 2.816718917084244872e-04 2.816718917084244872e-04 1.366108674785856437e-02 7.041797292710611639e-04 5.633437834168489745e-04 4.225078375626367309e-04
2.816718917084244872e-04 1.830867296104758679e-03 2.816718917084244872e-04 1.408359458542122436e-04 1.408359458542122436e-04 1.408359458542122436e-04 2.816718917084244872e-04 1.408359458542122436e-04 1.408359458542122436e-04 1.408359458542122436e-04 1.408359458542122436e-04 1.239356323517066052e-02 1.408359458542122436e-04 1.450610242298383361e-02 1.408359458542122436e-04 1.408359458542122436e-04 1.408359458542122111e-03 9.858516209794855427e-04 7.041797292710611639e-04 4.225078375626367309e-04 1.408359458542122436e-04 1.408359458542122436e-04 1.408359458542122436e-04 2.816718917084244872e-04 2.112539187813183492e-03 2.816718917084244872e-04 1.408359458542122436e-04 1.408359458542122436e-04 2.816718917084244872e-04 4.225078375626367309e-04 5.633437834168489745e-04 9.858516209794855427e-04 1.450610242298383361e-02 1.408359458542122436e-04 1.408359458542122436e-04 1.408359458542122436e-04 1.408359458542122436e-04
4.225078375626367309e-04 2.535047025375820710e-03 2.816718917084244872e-04 2.816718917084244872e-04 1.408359458542122436e-04 1.408359458542122436e-04 1.408359458542122436e-04 2.816718917084244872e-04 4.225078375626367309e-04 1.408359458542122436e-04 1.408359458542122436e-04 2.816718917084244872e-04 2.844886106255093555e-02 1.267523512687909922e-03 2.816718917084244872e-04 1.408359458542122436e-04 1.408359458542122436e-04 1.408359458542122436e-04 1.408359458542122436e-04 1.408359458542122436e-04 1.408359458542122436e-04 1.408359458542122436e-04 2.816718917084244872e-04 2.816718917084244872e-04 2.816718917084245523e-03 2.816718917084244872e-04 1.408359458542122436e-04 1.408359458542122436e-04 2.816718917084244872e-04 4.225078375626367309e-04 5.633437834168489745e-04 1.408359458542122436e-04 1.591446188152595420e-02 1.408359458542122436e-04 1.267523512687909922e-03 9.858516209794855427e-04 7.041797292710611639e-04
4.225078375626367309e-04 3.380062700501095148e-03 4.225078375626367309e-04 2.816718917084244872e-04 1.408359458542122436e-04 1.408359458542122436e-04 1.408359458542122436e-04 2.816718917084244872e-04 4.225078375626367309e-04 9.858516209794855427e-04 1.267523512687909922e-03 1.408359458542122436e-04 2.901220484596778865e-02 1.408359458542122436e-04 8.450156751252733533e-04 7.041797292710611639e-04 5.633437834168489745e-04 4.225078375626367309e-04 2.816718917084244872e-04 1.408359458542122436e-04 1.408359458542122436e-04 1.408359458542122436e-04 2.816718917084244872e-04 4.225078375626367309e-04 3.520898646355307554e-03 2.816718917084244872e-04 1.408359458542122436e-04 1.408359458542122436e-04 2.816718917084244872e-04 7.041797292710611639e-04 1.267523512687909922e-03 7.041797292710611639e-04 1.760449323177651348e-02 1.549195404396334300e-03 1.408359458542122436e-04 1.408359458542122436e-04 1.408359458542122436e-04
