output/field_example_lateral_ON/discharge_000007.asc
nrows	150
cellsize	66.66666667
xllcorner	0
ncols	150
yllcorner	0
NODATA_value	-9999
[rows 119 to 135 of 150, columns 0 to 36 of 150]
1.239356323517066052e-02 1.239356323517066052e-02 1.225272728931644899e-02 1.183021945175381437e-02 8.450156751252733533e-04 4.225078375626367309e-04 2.816718917084244872e-04 2.816718917084244872e-04 2.816718917084244872e-04 1.408359458542122436e-04 1.408359458542122436e-04 1.408359458542122436e-04 1.408359458542122436e-04 1.408359458542122436e-04 5.633437834168489745e-04 5.633437834168489745e-04 8.450156751252733533e-04 1.408359458542122436e-04 1.408359458542122436e-04 2.394211079521608304e-03 1.408359458542122436e-04 1.408359458542122436e-04 1.549195404396334300e-03 2.816718917084244872e-04 1.408359458542122436e-04 1.408359458542122436e-04 2.816718917084244872e-04 1.408359458542122436e-04 3.802570538063732367e-03 1.408359458542122436e-04 2.816718917084244872e-04 1.408359458542122436e-04 1.408359458542122436e-04 2.816718917084244872e-04 4.225078375626367309e-04 5.633437834168489745e-04 4.225078375626369585e-03
1.408359458542122436e-04 1.408359458542122436e-04 1.408359458542122436e-04 2.816718917084244872e-04 2.816718917084244872e-04 2.816718917084244872e-04 2.816718917084244872e-04 1.408359458542122436e-04 1.408359458542122436e-04 1.408359458542122436e-04 1.408359458542122436e-04 1.408359458542122436e-04 1.408359458542122436e-04 2.816718917084244872e-04 8.450156751252733533e-04 7.041797292710611639e-04 1.126687566833697732e-03 1.408359458542122436e-04 1.408359458542122436e-04 2.816718917084245523e-03 1.408359458542122436e-04 1.408359458542122436e-04 2.112539187813183492e-03 2.816718917084244872e-04 1.408359458542122436e-04 2.816718917084244872e-04 1.408359458542122436e-04 5.633437834168489745e-04 4.225078375626369585e-03 4.225078375626367309e-04 2.816718917084244872e-04 1.408359458542122436e-04 1.408359458542122436e-04 2.816718917084244872e-04 4.225078375626367309e-04 5.633437834168489745e-04 5.351765942460068835e-03
4.225078375626367309e-04 4.225078375626367309e-04 2.816718917084244872e-04 1.408359458542122436e-04 1.408359458542122436e-04 1.408359458542122436e-04 1.408359458542122436e-04 1.408359458542122436e-04 1.408359458542122436e-04 1.408359458542122436e-04 2.816718917084244872e-04 2.816718917084244872e-04 1.408359458542122436e-04 2.816718917084244872e-04 1.267523512687909922e-03 8.450156751252733533e-04 1.408359458542122111e-03 1.408359458542122436e-04 1.408359458542122436e-04 3.239226754646882742e-03 1.408359458542122436e-04 1.408359458542122436e-04 2.675882971230033117e-03 2.816718917084244872e-04 1.408359458542122436e-04 4.225078375626367309e-04 1.408359458542122436e-04 1.408359458542122436e-04 5.351765942460068835e-03 4.225078375626367309e-04 2.816718917084244872e-04 1.408359458542122436e-04 1.408359458542122436e-04 2.816718917084244872e-04 4.225078375626367309e-04 5.633437834168489745e-04 7.323469184419042523e-03
5.633437834168489745e-04 5.633437834168489745e-04 4.225078375626367309e-04 2.816718917084244872e-04 1.408359458542122436e-04 1.408359458542122436e-04 1.408359458542122436e-04 1.408359458542122436e-04 2.816718917084244872e-04 2.816718917084244872e-04 4.225078375626367309e-04 4.225078375626367309e-04 2.816718917084244872e-04 1.408359458542122436e-04 1.690031350250546490e-03 9.858516209794855427e-04 1.690031350250546490e-03 1.408359458542122436e-04 1.408359458542122436e-04 3.661734592209519960e-03 1.408359458542122436e-04 1.408359458542122436e-04 3.239226754646882742e-03 1.408359458542122436e-04 2.816718917084244872e-04 5.633437834168489745e-04 1.408359458542122436e-04 2.816718917084244872e-04 6.055945671731130867e-03 7.041797292710611639e-04 2.816718917084244872e-04 1.408359458542122436e-04 2.816718917084244872e-04 1.408359458542122436e-04 5.633437834168489745e-04 1.126687566833697732e-03 8.309320805398525897e-03
4.225078375626367309e-04 4.225078375626367309e-04 2.816718917084244872e-04 1.408359458542122436e-04 1.408359458542122436e-04 2.816718917084244872e-04 2.816718917084244872e-04 2.816718917084244872e-04 4.225078375626367309e-04 4.225078375626367309e-04 5.633437834168489745e-04 5.633437834168489745e-04 4.225078375626367309e-04 1.408359458542122436e-04 1.971703241958971085e-03 1.126687566833697732e-03 1.971703241958971085e-03 1.408359458542122436e-04 1.408359458542122436e-04 4.084242429772157179e-03 1.408359458542122436e-04 1.408359458542122436e-04 3.661734592209519960e-03 1.408359458542122436e-04 4.225078375626367309e-04 7.041797292710611639e-04 1.408359458542122436e-04 2.816718917084244872e-04 7.605141076127467335e-03 1.408359458542122436e-04 1.408359458542122436e-04 5.633437834168489745e-04 1.408359458542122436e-04 1.408359458542122436e-04 1.408359458542122436e-04 2.816718917084244872e-04 9.717680263940641286e-03
2.816718917084244872e-04 2.816718917084244872e-04 1.408359458542122436e-04 1.408359458542122436e-04 2.816718917084244872e-04 4.225078375626367309e-04 4.225078375626367309e-04 4.225078375626367309e-04 5.633437834168489745e-04 5.633437834168489745e-04 7.041797292710611639e-04 7.041797292710611639e-04 5.633437834168489745e-04 1.408359458542122436e-04 2.253375133667395898e-03 1.267523512687909922e-03 2.253375133667395898e-03 1.408359458542122436e-04 1.408359458542122436e-04 4.506750267334794398e-03 1.408359458542122436e-04 1.408359458542122436e-04 4.084242429772157179e-03 1.408359458542122436e-04 5.633437834168489745e-04 9.858516209794855427e-04 1.408359458542122436e-04 1.408359458542122436e-04 8.168484859544314358e-03 2.816718917084244872e-04 1.408359458542122436e-04 7.041797292710611639e-04 2.816718917084244872e-04 2.816718917084244872e-04 1.408359458542122436e-04 1.408359458542122436e-04 1.028102404735748744e-02
1.408359458542122436e-04 1.408359458542122436e-04 1.408359458542122436e-04 2.816718917084244872e-04 4.225078375626367309e-04 5.633437834168489745e-04 5.633437834168489745e-04 5.633437834168489745e-04 1.267523512687909922e-03 1.408359458542122436e-04 8.450156751252733533e-04 1.408359458542122436e-04 1.549195404396334300e-03 1.408359458542122436e-04 1.408359458542122436e-04 3.661734592209519960e-03 2.675882971230033117e-03 1.408359458542122436e-04 1.408359458542122436e-04 4.929258104897431617e-03 1.408359458542122436e-04 2.816718917084244872e-04 1.408359458542122436e-04 4.365914321480581992e-03 1.690031350250546490e-03 1.408359458542122436e-04 2.816718917084244872e-04 1.408359458542122436e-04 8.309320805398525897e-03 1.408359458542122436e-04 9.858516209794855427e-04 1.408359458542122436e-04 4.225078375626367309e-04 4.225078375626367309e-04 2.816718917084244872e-04 1.408359458542122436e-04 1.070353188492012206e-02
0.000000000000000000e+00 1.408359458542122436e-04 7.454446614064146326e-01 9.858516209794855427e-04 1.408359458542122436e-04 7.041797292710611639e-04 7.041797292710611639e-04 1.408359458542122436e-04 7.378395203302859917e-01 1.408359458542122436e-04 7.285443479039065418e-01 1.971703241958971085e-03 1.408359458542122436e-04 7.222067303404660077e-01 7.219250584487575395e-01 7.213617146653406031e-01 1.408359458542122436e-04 1.408359458542122436e-04 5.210929996605856429e-03 1.408359458542122436e-04 2.816718917084244872e-04 4.225078375626367309e-04 2.816718917084244872e-04 6.337617563439555679e-03 1.408359458542122436e-04 7.041797292710611639e-04 4.225078375626367309e-04 8.590992697106948975e-03 1.408359458542122436e-04 1.267523512687909922e-03 1.408359458542122436e-04 2.816718917084244872e-04 5.633437834168489745e-04 5.633437834168489745e-04 1.408359458542122436e-04 5.633437834168489745e-04 1.084436783077433360e-02
7.465713489732485053e-01 7.465713489732485053e-01 4.225078375626367309e-04 7.441771378937265258e-01 7.438954660020180576e-01 7.431912862727468871e-01 7.422054346517672485e-01 7.405154033015164394e-01 1.408359458542122436e-04 7.355861451966182463e-01 1.408359458542122436e-04 7.255867930409676259e-01 7.253051211492591577e-01 2.816718917084244872e-04 2.816718917084244872e-04 1.408359458542122436e-04 7.146015892643373668e-01 7.137565735892119623e-01 7.053064168379579169e-01 6.998138149496427873e-01 6.993913071120800851e-01 6.940395411696191896e-01 6.933353614403480192e-01 6.862935641476363147e-01 6.858710563100736124e-01 6.846035327973855056e-01 6.838993530681143351e-01 6.833360092846973988e-01 6.743225087500264170e-01 6.739000009124637147e-01 6.723508055080671397e-01 6.408035536367187035e-01 6.398177020157390649e-01 6.389726863406136603e-01 6.378459987737797876e-01 6.374234909362170853e-01 6.231990604049394422e-01
0.000000000000000000e+00 4.225078375626367309e-04 2.816718917084244872e-04 1.408359458542122436e-04 5.633437834168489745e-04 1.408359458542122436e-04 8.450156751252733533e-04 2.112539187813183492e-03 1.408359458542122436e-04 1.408359458542122436e-04 6.619289455147980492e-03 1.408359458542122436e-04 2.675882971230033117e-03 1.408359458542122436e-04 1.408359458542122436e-04 5.633437834168489745e-04 1.408359458542122436e-04 8.168484859544314358e-03 1.408359458542122436e-04 1.408359458542122436e-04 4.929258104897431617e-03 1.408359458542122436e-04 2.816718917084244872e-04 2.816718917084244872e-04 4.225078375626367309e-04 5.633437834168489745e-04 4.225078375626367309e-04 2.816718917084244872e-04 1.408359458542122436e-04 1.408359458542122436e-04 3.126557997963520102e-02 5.633437834168489745e-04 1.408359458542122436e-04 4.225078375626367309e-04 1.408359458542122436e-04 2.675882971230033117e-03 1.408359458542122436e-04
1.408359458542122436e-04 1.408359458542122436e-04 2.816718917084244872e-04 1.408359458542122436e-04 4.225078375626367309e-04 5.633437834168489745e-04 1.408359458542122436e-04 1.830867296104758679e-03 1.408359458542122436e-04 1.408359458542122436e-04 3.943406483917944773e-03 2.394211079521608304e-03 1.408359458542122436e-04 2.394211079521608304e-03 1.408359458542122436e-04 2.816718917084244872e-04 1.408359458542122436e-04 7.745977021981679742e-03 1.408359458542122436e-04 1.408359458542122436e-04 1.408359458542122436e-04 4.506750267334794398e-03 1.408359458542122436e-04 1.408359458542122436e-04 2.816718917084244872e-04 4.225078375626367309e-04 2.816718917084244872e-04 1.408359458542122436e-04 1.408359458542122436e-04 3.098390808792677448e-02 1.408359458542122436e-04 1.408359458542122436e-04 2.816718917084244872e-04 2.816718917084244872e-04 1.408359458542122436e-04 2.394211079521608304e-03 1.408359458542122436e-04
2.816718917084244872e-04 2.816718917084244872e-04 1.408359458542122436e-04 1.408359458542122436e-04 2.816718917084244872e-04 4.225078375626367309e-04 5.633437834168489745e-04 7.041797292710611639e-04 4.225078375626367309e-04 1.408359458542122436e-04 3.661734592209519960e-03 1.408359458542122436e-04 2.112539187813183492e-03 1.408359458542122436e-04 2.112539187813183492e-03 1.408359458542122436e-04 1.408359458542122436e-04 2.816718917084244872e-04 7.182633238564830117e-03 1.408359458542122436e-04 2.816718917084244872e-04 1.408359458542122436e-04 3.943406483917944773e-03 1.408359458542122436e-04 1.408359458542122436e-04 2.816718917084244872e-04 1.408359458542122436e-04 2.816718917084244872e-04 5.633437834168489745e-04 3.013889241280149484e-02 2.816718917084244872e-04 1.408359458542122436e-04 1.408359458542122436e-04 1.408359458542122436e-04 8.450156751252733533e-04 7.041797292710611639e-04 7.041797292710611639e-04
4.225078375626367309e-04 4.225078375626367309e-04 2.816718917084244872e-04 1.408359458542122436e-04 1.408359458542122436e-04 2.816718917084244872e-04 4.225078375626367309e-04 5.633437834168489745e-04 2.816718917084244872e-04 1.408359458542122436e-04 3.239226754646882742e-03 1.408359458542122436e-04 1.830867296104758679e-03 1.408359458542122436e-04 2.816718917084244872e-04 1.690031350250546490e-03 1.408359458542122436e-04 2.816718917084244872e-04 6.337617563439555679e-03 2.816718917084244872e-04 1.408359458542122436e-04 1.408359458542122436e-04 5.633437834168489745e-04 2.957554862938457929e-03 2.816718917084244872e-04 1.408359458542122436e-04 1.408359458542122436e-04 1.408359458542122436e-04 1.408359458542122436e-04 2.971638457523885501e-02 7.041797292710611639e-04 2.816718917084244872e-04 1.408359458542122436e-04 1.408359458542122436e-04 5.633437834168489745e-04 5.633437834168489745e-04 4.225078375626367309e-04
5.633437834168489745e-04 5.633437834168489745e-04 4.225078375626367309e-04 2.816718917084244872e-04 1.408359458542122436e-04 1.408359458542122436e-04 2.816718917084244872e-04 4.225078375626367309e-04 1.408359458542122436e-04 2.816718917084244872e-04 2.675882971230033117e-03 1.408359458542122436e-04 1.549195404396334300e-03 1.408359458542122436e-04 1.408359458542122436e-04 1.549195404396334300e-03 1.408359458542122436e-04 2.816718917084244872e-04 5.633437834168493648e-03 2.816718917084244872e-04 1.408359458542122436e-04 1.408359458542122436e-04 2.816718917084244872e-04 2.253375133667395898e-03 2.816718917084244872e-04 1.408359458542122436e-04 1.408359458542122436e-04 2.816718917084244872e-04 7.041797292710611639e-04 2.873053295425936210e-02 1.408359458542122436e-04 2.816718917084244872e-04 1.408359458542122436e-04 1.408359458542122436e-04 2.816718917084244872e-04 4.225078375626367309e-04 2.816718917084244872e-04
7.041797292710611639e-04 7.041797292710611639e-04 5.633437834168489745e-04 4.225078375626367309e-04 2.816718917084244872e-04 1.408359458542122436e-04 1.408359458542122436e-04 2.816718917084244872e-04 1.408359458542122436e-04 2.816718917084244872e-04 2.112539187813183492e-03 1.408359458542122436e-04 1.267523512687909922e-03 1.408359458542122436e-04 1.408359458542122436e-04 1.267523512687909922e-03 1.408359458542122436e-04 2.816718917084244872e-04 4.929258104897431617e-03 2.816718917084244872e-04 1.408359458542122436e-04 1.408359458542122436e-04 2.816718917084244872e-04 1.690031350250546490e-03 1.408359458542122436e-04 1.408359458542122436e-04 1.408359458542122436e-04 2.816718917084244872e-04 1.408359458542122436e-04 2.774468133327986918e-02 5.633437834168489745e-04 4.225078375626367309e-04 2.816718917084244872e-04 1.408359458542122436e-04 1.408359458542122436e-04 2.816718917084244872e-04 1.408359458542122436e-04
2.816718917084244872e-04 2.816718917084244872e-04 1.408359458542122436e-04 1.408359458542122436e-04 1.408359458542122436e-04 1.408359458542122436e-04 1.408359458542122436e-04 1.408359458542122436e-04 1.408359458542122436e-04 2.816718917084244872e-04 1.549195404396334300e-03 1.408359458542122436e-04 9.858516209794855427e-04 1.408359458542122436e-04 1.408359458542122436e-04 9.858516209794855427e-04 1.408359458542122436e-04 2.816718917084244872e-04 4.365914321480581992e-03 1.408359458542122436e-04 1.408359458542122436e-04 1.408359458542122436e-04 1.408359458542122436e-04 1.267523512687909922e-03 1.408359458542122436e-04 1.408359458542122436e-04 4.225078375626367309e-04 5.633437834168489745e-04 9.858516209794855427e-04 2.689966565815458954e-02 2.394211079521608304e-03 2.816718917084244872e-04 1.408359458542122436e-04 1.408359458542122436e-04 1.408359458542122436e-04 1.408359458542122436e-04 1.408359458542122436e-04
1.408359458542122436e-04 1.408359458542122436e-04 1.830867296104758679e-03 1.549195404396334300e-03 1.126687566833697732e-03 7.041797292710611639e-04 2.816718917084244872e-04 1.408359458542122436e-04 1.408359458542122436e-04 2.816718917084244872e-04 9.858516209794855427e-04 1.408359458542122436e-04 7.041797292710611639e-04 1.408359458542122436e-04 1.408359458542122436e-04 7.041797292710611639e-04 1.408359458542122436e-04 2.816718917084244872e-04 1.549195404396334300e-03 2.394211079521608304e-03 4.225078375626367309e-04 1.408359458542122436e-04 1.408359458542122436e-04 8.450156751252733533e-04 1.408359458542122436e-04 1.408359458542122436e-04 1.408359458542122436e-04 2.816718917084244872e-04 1.408359458542122436e-04 2.337876701179925770e-02 2.816718917084244872e-04 1.971703241958971085e-03 1.549195404396334300e-03 9.858516209794855427e-04 4.225078375626367309e-04 1.408359458542122436e-04 1.408359458542122436e-04
