output/field_example_lateral_ON/discharge_000075.asc
nrows	150
cellsize	66.66666667
xllcorner	0
ncols	150
yllcorner	0
NODATA_value	-9999
[rows 0 to 16 of 150, columns 111 to 147 of 150]
1.408359458542122436e-04 1.408359458542122436e-04 1.408359458542122436e-04 1.408359458542122436e-04 1.408359458542122436e-04 1.408359458542122436e-04 1.408359458542122436e-04 1.408359458542122436e-04 1.408359458542122436e-04 1.408359458542122436e-04 1.408359458542122436e-04 1.408359458542122436e-04 1.408359458542122436e-04 1.408359458542122436e-04 1.408359458542122436e-04 1.408359458542122436e-04 1.408359458542122436e-04 1.408359458542122436e-04 1.408359458542122436e-04 1.408359458542122436e-04 1.408359458542122436e-04 1.408359458542122436e-04 1.408359458542122436e-04 1.408359458542122436e-04 1.408359458542122436e-04 1.408359458542122436e-04 1.408359458542122436e-04 1.408359458542122436e-04 1.408359458542122436e-04 1.408359458542122436e-04 1.408359458542122436e-04 1.408359458542122436e-04 1.408359458542122436e-04 1.408359458542122436e-04 1.408359458542122436e-04 1.408359458542122436e-04 1.408359458542122436e-04
4.225078375626367309e-04 4.225078375626367309e-04 2.816718917084244872e-04 2.816718917084244872e-04 1.408359458542122436e-04 1.408359458542122436e-04 2.816718917084244872e-04 2.816718917084244872e-04 4.225078375626367309e-04 2.816718917084244872e-04 2.816718917084244872e-04 2.816718917084244872e-04 4.225078375626367309e-04 2.816718917084244872e-04 2.816718917084244872e-04 2.816718917084244872e-04 1.408359458542122436e-04 1.408359458542122436e-04 2.816718917084244872e-04 2.816718917084244872e-04 5.633437834168489745e-04 2.816718917084244872e-04 2.816718917084244872e-04 1.408359458542122436e-04 1.408359458542122436e-04 2.816718917084244872e-04 4.225078375626367309e-04 4.225078375626367309e-04 2.816718917084244872e-04 1.408359458542122436e-04 1.408359458542122436e-04 4.225078375626367309e-04 2.816718917084244872e-04 2.816718917084244872e-04 4.225078375626367309e-04 2.816718917084244872e-04 2.816718917084244872e-04
8.450156751252733533e-04 8.450156751252733533e-04 4.225078375626367309e-04 2.816718917084244872e-04 1.408359458542122436e-04 1.408359458542122436e-04 2.816718917084244872e-04 4.225078375626367309e-04 8.450156751252733533e-04 4.225078375626367309e-04 4.225078375626367309e-04 4.225078375626367309e-04 8.450156751252733533e-04 1.267523512687909922e-03 8.450156751252733533e-04 4.225078375626367309e-04 1.408359458542122436e-04 1.408359458542122436e-04 2.816718917084244872e-04 4.225078375626367309e-04 1.267523512687909922e-03 4.225078375626367309e-04 2.816718917084244872e-04 1.408359458542122436e-04 1.408359458542122436e-04 2.816718917084244872e-04 8.450156751252733533e-04 8.450156751252733533e-04 2.816718917084244872e-04 1.408359458542122436e-04 1.408359458542122436e-04 7.041797292710611639e-04 4.225078375626367309e-04 4.225078375626367309e-04 8.450156751252733533e-04 4.225078375626367309e-04 4.225078375626367309e-04
2.253375133667395898e-03 5.633437834168489745e-04 8.450156751252733533e-04 4.225078375626367309e-04 1.408359458542122436e-04 1.408359458542122436e-04 2.816718917084244872e-04 4.225078375626367309e-04 1.830867296104758679e-03 1.408359458542122436e-04 5.633437834168489745e-04 1.408359458542122111e-03 1.830867296104758679e-03 4.225078375626367309e-04 2.816718917084244872e-04 1.408359458542122436e-04 1.408359458542122436e-04 1.408359458542122436e-04 2.816718917084244872e-04 4.225078375626367309e-04 2.253375133667395898e-03 8.450156751252733533e-04 4.225078375626367309e-04 1.408359458542122436e-04 1.408359458542122436e-04 2.816718917084244872e-04 1.549195404396334300e-03 1.267523512687909922e-03 2.816718917084244872e-04 1.408359458542122436e-04 1.408359458542122436e-04 9.858516209794855427e-04 5.633437834168489745e-04 5.633437834168489745e-04 1.408359458542122111e-03 5.633437834168489745e-04 8.450156751252733533e-04
2.957554862938457929e-03 1.267523512687909922e-03 2.816718917084244872e-04 1.408359458542122436e-04 1.408359458542122436e-04 1.408359458542122436e-04 2.816718917084244872e-04 4.225078375626367309e-04 2.535047025375820710e-03 1.408359458542122436e-04 2.112539187813183492e-03 2.394211079521608304e-03 4.225078375626367309e-04 2.816718917084244872e-04 1.408359458542122436e-04 1.408359458542122436e-04 2.816718917084244872e-04 1.408359458542122436e-04 2.816718917084244872e-04 8.450156751252733533e-04 3.661734592209519960e-03 4.225078375626367309e-04 2.816718917084244872e-04 1.408359458542122436e-04 1.408359458542122436e-04 2.816718917084244872e-04 1.408359458542122436e-04 3.239226754646882742e-03 2.816718917084244872e-04 2.816718917084244872e-04 1.408359458542122436e-04 1.408359458542122436e-04 1.830867296104758679e-03 2.112539187813183492e-03 1.408359458542122436e-04 1.690031350250546490e-03 1.408359458542122436e-04
1.549195404396334300e-03 1.408359458542122436e-04 1.408359458542122436e-04 2.816718917084244872e-04 1.408359458542122436e-04 1.408359458542122436e-04 2.816718917084244872e-04 4.225078375626367309e-04 3.239226754646882742e-03 1.408359458542122436e-04 5.070094050751644023e-03 4.225078375626367309e-04 2.816718917084244872e-04 1.408359458542122436e-04 1.408359458542122436e-04 1.408359458542122436e-04 5.633437834168489745e-04 1.408359458542122436e-04 2.816718917084244872e-04 5.070094050751644023e-03 1.408359458542122436e-04 1.408359458542122436e-04 1.408359458542122436e-04 1.408359458542122436e-04 1.408359458542122436e-04 2.816718917084244872e-04 4.225078375626367309e-04 3.802570538063732367e-03 4.225078375626367309e-04 1.408359458542122436e-04 2.816718917084244872e-04 1.408359458542122436e-04 1.408359458542122436e-04 4.084242429772157179e-03 2.816718917084245523e-03 8.450156751252733533e-04 7.041797292710611639e-04
1.408359458542122436e-04 9.858516209794855427e-04 7.041797292710611639e-04 2.816718917084244872e-04 1.408359458542122436e-04 1.408359458542122436e-04 4.225078375626367309e-04 4.225078375626367309e-04 3.802570538063732367e-03 5.774273780022706054e-03 4.225078375626367309e-04 2.816718917084244872e-04 1.408359458542122436e-04 1.408359458542122436e-04 2.816718917084244872e-04 1.408359458542122436e-04 8.450156751252733533e-04 1.408359458542122436e-04 5.633437834168493648e-03 1.408359458542122436e-04 2.816718917084244872e-04 2.816718917084244872e-04 1.408359458542122436e-04 1.408359458542122436e-04 2.816718917084244872e-04 2.816718917084244872e-04 8.450156751252733533e-04 4.647586213189006804e-03 2.816718917084244872e-04 1.408359458542122436e-04 4.225078375626367309e-04 2.816718917084244872e-04 1.408359458542122436e-04 8.872664588815372053e-03 1.690031350250546490e-03 1.267523512687909922e-03 8.450156751252733533e-04
1.408359458542122111e-03 2.816718917084244872e-04 1.408359458542122436e-04 1.408359458542122436e-04 2.816718917084244872e-04 1.408359458542122436e-04 1.408359458542122436e-04 7.041797292710611639e-04 1.028102404735748744e-02 1.408359458542122436e-04 1.408359458542122436e-04 1.408359458542122436e-04 1.408359458542122436e-04 2.816718917084244872e-04 4.225078375626367309e-04 2.816718917084244872e-04 1.408359458542122436e-04 9.858516209794855427e-04 6.900961346856405304e-03 5.633437834168489745e-04 4.225078375626367309e-04 2.816718917084244872e-04 1.408359458542122436e-04 2.816718917084244872e-04 1.408359458542122436e-04 4.225078375626367309e-04 5.915109725876918460e-03 1.408359458542122436e-04 1.408359458542122436e-04 2.816718917084244872e-04 1.408359458542122436e-04 1.140771161419117975e-02 1.028102404735748744e-02 8.450156751252733533e-04 1.408359458542122436e-04 2.816718917084244872e-04 2.816718917084244872e-04
1.408359458542122436e-04 1.408359458542122436e-04 1.408359458542122436e-04 2.816718917084244872e-04 4.225078375626367309e-04 2.816718917084244872e-04 1.408359458542122436e-04 2.816718917084244872e-04 1.168938350589960283e-02 2.816718917084244872e-04 2.816718917084244872e-04 1.408359458542122436e-04 2.816718917084244872e-04 4.225078375626367309e-04 5.633437834168489745e-04 5.633437834168489745e-04 1.408359458542122436e-04 1.408359458542122436e-04 1.408359458542122436e-04 8.027648913690102819e-03 4.225078375626367309e-04 1.408359458542122436e-04 2.816718917084244872e-04 4.225078375626367309e-04 1.408359458542122436e-04 2.816718917084244872e-04 6.619289455147980492e-03 1.408359458542122436e-04 7.041797292710611639e-04 1.408359458542122436e-04 1.211189134346223745e-02 2.816718917084244872e-04 2.816718917084244872e-04 2.816718917084244872e-04 5.633437834168489745e-04 1.408359458542122436e-04 1.408359458542122436e-04
2.816718917084244872e-04 1.408359458542122436e-04 2.816718917084244872e-04 4.225078375626367309e-04 8.450156751252733533e-04 1.408359458542122436e-04 1.408359458542122436e-04 1.408359458542122436e-04 1.197105539760802591e-02 4.225078375626367309e-04 1.408359458542122436e-04 2.816718917084244872e-04 4.225078375626367309e-04 5.633437834168489745e-04 7.041797292710611639e-04 8.450156751252733533e-04 1.408359458542122436e-04 1.408359458542122436e-04 2.816718917084244872e-04 8.731828642961160514e-03 2.816718917084244872e-04 1.408359458542122436e-04 4.225078375626367309e-04 5.633437834168489745e-04 1.408359458542122436e-04 3.295561132988576031e-02 2.577297809132088335e-02 2.549130619961245681e-02 2.436461863277875062e-02 2.351960295765347098e-02 1.408359458542122436e-04 1.408359458542122436e-04 1.408359458542122436e-04 1.408359458542122436e-04 1.408359458542122436e-04 2.816718917084244872e-04 1.408359458542122436e-04
2.816718917084244872e-04 1.408359458542122436e-04 4.225078375626367309e-04 5.633437834168489745e-04 1.126687566833697732e-03 1.408359458542122436e-04 2.816718917084244872e-04 1.408359458542122436e-04 1.408359458542122436e-04 1.267523512687908360e-02 1.408359458542122436e-04 4.225078375626367309e-04 5.633437834168489745e-04 7.041797292710611639e-04 8.450156751252733533e-04 1.126687566833697732e-03 1.408359458542122436e-04 2.816718917084244872e-04 1.408359458542122436e-04 9.717680263940641286e-03 2.816718917084244872e-04 5.633437834168489745e-04 1.408359458542122436e-04 7.041797292710611639e-04 3.408229889671946650e-02 7.041797292710611639e-04 1.408359458542122436e-04 1.408359458542122436e-04 7.041797292710611639e-04 1.408359458542122436e-04 1.098520377662854514e-02 1.408359458542122436e-04 1.408359458542122436e-04 1.408359458542122436e-04 1.408359458542122436e-04 1.408359458542122436e-04 2.816718917084244872e-04
1.408359458542122436e-04 2.816718917084244872e-04 5.633437834168489745e-04 1.408359458542122436e-04 1.830867296104758679e-03 1.408359458542122436e-04 9.858516209794736251e-02 9.576844318086323582e-02 9.548677128915482315e-02 8.238902832471363402e-02 8.210735643300522135e-02 7.464305130273228561e-02 7.393887157346125394e-02 6.886877752270982589e-02 6.788292590173038155e-02 6.675623833489673087e-02 6.520704293050046119e-02 6.450286320122942951e-02 6.393951941781260417e-02 5.140512023678769915e-02 5.112344834507927260e-02 4.732087780701551422e-02 4.647586213189023457e-02 4.605335429432759475e-02 1.408359458542122436e-04 1.408359458542122436e-04 5.633437834168489745e-04 1.408359458542122436e-04 2.816718917084244872e-04 2.816718917084244872e-04 1.408359458542122436e-04 1.056269593906591052e-02 8.309320805398525897e-03 2.816718917084244872e-04 2.816718917084244872e-04 4.225078375626367309e-04 8.450156751252733533e-04
1.163304912755773607e-01 1.156263115463063290e-01 1.150629677628895037e-01 1.028102404735735526e-01 1.023877326360109336e-01 1.001343575023436322e-01 1.408359458542122436e-04 2.253375133667395898e-03 1.408359458542122436e-04 1.408359458542122436e-04 7.182633238564830117e-03 1.408359458542122436e-04 4.365914321480581992e-03 1.408359458542122436e-04 1.408359458542122436e-04 2.816718917084244872e-04 4.225078375626367309e-04 1.408359458542122436e-04 2.535047025375820710e-03 1.408359458542122436e-04 3.661734592209519960e-03 1.408359458542122436e-04 1.408359458542122436e-04 1.408359458542122436e-04 1.084436783077433360e-02 1.408359458542122436e-04 1.408359458542122436e-04 1.408359458542122436e-04 1.408359458542122436e-04 1.408359458542122436e-04 2.816718917084244872e-04 2.112539187813183492e-03 1.408359458542122436e-04 7.605141076127467335e-03 1.971703241958971085e-03 1.408359458542122111e-03 4.225078375626367309e-04
4.225078375626367309e-04 1.408359458542122436e-04 1.154854756004539129e-02 1.408359458542122436e-04 2.816718917084244872e-04 9.858516209794855427e-04 1.408359458542122436e-04 1.830867296104758679e-03 2.816718917084244872e-04 1.408359458542122436e-04 1.408359458542122436e-04 6.760125401002192898e-03 1.408359458542122436e-04 4.084242429772157179e-03 1.408359458542122436e-04 1.408359458542122436e-04 2.816718917084244872e-04 1.408359458542122436e-04 2.112539187813183492e-03 1.408359458542122436e-04 2.816718917084244872e-04 3.239226754646882742e-03 1.408359458542122436e-04 1.408359458542122436e-04 9.999352155649064364e-03 5.633437834168489745e-04 4.225078375626367309e-04 2.816718917084244872e-04 1.408359458542122436e-04 1.408359458542122436e-04 1.408359458542122436e-04 5.633437834168489745e-04 8.450156751252733533e-04 1.408359458542122436e-04 5.070094050751644023e-03 5.633437834168489745e-04 4.225078375626367309e-04
2.816718917084244872e-04 1.408359458542122436e-04 1.140771161419117975e-02 1.408359458542122436e-04 1.408359458542122436e-04 2.816718917084244872e-04 5.633437834168489745e-04 1.549195404396334300e-03 1.408359458542122436e-04 1.408359458542122436e-04 1.408359458542122436e-04 6.337617563439555679e-03 1.408359458542122436e-04 2.816718917084244872e-04 3.520898646355307554e-03 1.408359458542122436e-04 1.408359458542122436e-04 1.408359458542122436e-04 1.690031350250546490e-03 1.408359458542122436e-04 1.408359458542122436e-04 2.816718917084245523e-03 1.408359458542122436e-04 1.408359458542122436e-04 2.816718917084244872e-04 9.295172426378006669e-03 1.408359458542122436e-04 1.408359458542122436e-04 1.408359458542122436e-04 1.408359458542122436e-04 1.408359458542122436e-04 2.816718917084244872e-04 5.633437834168489745e-04 1.408359458542122436e-04 1.971703241958971085e-03 2.394211079521608304e-03 4.225078375626367309e-04
1.408359458542122436e-04 2.816718917084244872e-04 8.450156751252733533e-04 9.858516209794852825e-03 1.408359458542122436e-04 1.408359458542122436e-04 4.225078375626367309e-04 5.633437834168489745e-04 8.450156751252733533e-04 1.408359458542122436e-04 5.774273780022706054e-03 1.408359458542122436e-04 2.816718917084244872e-04 1.408359458542122436e-04 2.816718917084244872e-04 2.957554862938457929e-03 1.408359458542122436e-04 1.408359458542122436e-04 1.267523512687909922e-03 1.408359458542122436e-04 1.408359458542122436e-04 1.267523512687909922e-03 1.267523512687909922e-03 1.408359458542122436e-04 1.408359458542122436e-04 3.661734592209519960e-03 5.210929996605856429e-03 8.450156751252733533e-04 5.633437834168489745e-04 2.816718917084244872e-04 1.408359458542122436e-04 1.408359458542122436e-04 4.225078375626367309e-04 1.408359458542122436e-04 1.690031350250546490e-03 1.408359458542122436e-04 1.690031350250546490e-03
1.408359458542122436e-04 2.816718917084244872e-04 4.225078375626367309e-04 9.576844318086429747e-03 2.816718917084244872e-04 1.408359458542122436e-04 2.816718917084244872e-04 4.225078375626367309e-04 7.041797292710611639e-04 1.408359458542122436e-04 1.408359458542122436e-04 5.210929996605856429e-03 2.816718917084244872e-04 1.408359458542122436e-04 1.408359458542122436e-04 2.394211079521608304e-03 2.816718917084244872e-04 1.408359458542122436e-04 4.225078375626367309e-04 5.633437834168489745e-04 1.408359458542122436e-04 9.858516209794855427e-04 9.858516209794855427e-04 1.408359458542122436e-04 1.408359458542122436e-04 3.380062700501095148e-03 1.408359458542122436e-04 3.943406483917944773e-03 5.633437834168489745e-04 4.225078375626367309e-04 2.816718917084244872e-04 1.408359458542122436e-04 2.816718917084244872e-04 1.408359458542122436e-04 1.267523512687909922e-03 1.408359458542122436e-04 8.450156751252733533e-04
