output/field_example_lateral_ON/discharge_000005.asc
nrows	150
cellsize	66.66666667
xllcorner	0
ncols	150
yllcorner	0
NODATA_value	-9999
[rows 51 to 67 of 150, columns 37 to 73 of 150]
1.408359458542122436e-04 1.408359458542122436e-04 1.408359458542122436e-04 1.408359458542122436e-04 2.816718917084244872e-04 2.816718917084244872e-04 4.225078375626367309e-04 1.267523512687909922e-03 4.225078375626367309e-04 1.408359458542122436e-04 1.408359458542122436e-04 9.858516209794855427e-04 7.041797292710611639e-04 8.450156751252733533e-04 8.450156751252733533e-04 6.760125401002192898e-03 1.408359458542122436e-04 1.408359458542122436e-04 2.816718917084244872e-04 5.070094050751644023e-03 2.816718917084244872e-04 1.408359458542122436e-04 1.408359458542122436e-04 2.816718917084244872e-04 4.225078375626367309e-04 8.450156751252733533e-04 1.408359458542122436e-04 7.805128119241189211e-01 5.633437834168489745e-04 1.126687566833697732e-03 1.408359458542122436e-04 2.816718917084244872e-04 1.408359458542122436e-04 1.267523512687909922e-03 1.408359458542122436e-04 1.408359458542122111e-03 4.225078375626367309e-04
1.408359458542122436e-04 1.408359458542122436e-04 2.816718917084244872e-04 2.816718917084244872e-04 2.816718917084244872e-04 4.225078375626367309e-04 4.225078375626367309e-04 5.633437834168489745e-04 1.830867296104758679e-03 2.816718917084244872e-04 1.408359458542122436e-04 1.408359458542122436e-04 1.267523512687909922e-03 8.450156751252733533e-04 9.858516209794855427e-04 7.745977021981679742e-03 1.408359458542122436e-04 2.816718917084244872e-04 1.408359458542122436e-04 6.055945671731130867e-03 2.816718917084244872e-04 1.408359458542122436e-04 1.408359458542122436e-04 2.816718917084244872e-04 4.225078375626367309e-04 1.830867296104758679e-03 7.809353197616816233e-01 1.408359458542122436e-04 4.225078375626367309e-04 1.408359458542122436e-04 7.041797292710611639e-04 1.408359458542122436e-04 4.225078375626367309e-04 7.041797292710611639e-04 8.450156751252733533e-04 4.225078375626367309e-04 2.816718917084244872e-04
2.816718917084244872e-04 2.816718917084244872e-04 2.816718917084244872e-04 4.225078375626367309e-04 4.225078375626367309e-04 4.225078375626367309e-04 5.633437834168489745e-04 5.633437834168489745e-04 7.041797292710611639e-04 2.253375133667395898e-03 2.816718917084244872e-04 1.408359458542122436e-04 1.408359458542122436e-04 1.549195404396334300e-03 2.535047025375820710e-03 2.253375133667397806e-02 3.070223619621834793e-02 3.112474403378098775e-02 3.774403348892901161e-02 2.816718917084244872e-04 1.408359458542122436e-04 1.408359458542122436e-04 2.816718917084244872e-04 2.816718917084244872e-04 4.225078375626367309e-04 7.855829059748713483e-01 2.675882971230033117e-03 4.225078375626367309e-04 2.816718917084244872e-04 2.816718917084244872e-04 1.408359458542122436e-04 4.225078375626367309e-04 2.816718917084244872e-04 5.633437834168489745e-04 7.041797292710611639e-04 2.816718917084244872e-04 1.408359458542122436e-04
4.225078375626367309e-04 4.225078375626367309e-04 4.225078375626367309e-04 4.225078375626367309e-04 5.633437834168489745e-04 5.633437834168489745e-04 5.633437834168489745e-04 1.267523512687909922e-03 1.042185999321169898e-02 1.239356323517066052e-02 1.521028215225489130e-02 1.577362593567174093e-02 1.591446188152595420e-02 1.408359458542122436e-04 1.873118079861021967e-02 1.408359458542122436e-04 1.408359458542122436e-04 2.816718917084244872e-04 3.858904916405429125e-02 1.408359458542122436e-04 1.408359458542122436e-04 1.408359458542122436e-04 4.225078375626367309e-04 4.225078375626367309e-04 7.867095935417052210e-01 2.816718917084244872e-04 1.408359458542122436e-04 2.112539187813183492e-03 1.408359458542122436e-04 1.408359458542122436e-04 1.408359458542122436e-04 2.816718917084244872e-04 1.408359458542122436e-04 4.225078375626367309e-04 5.633437834168489745e-04 1.408359458542122436e-04 2.816718917084244872e-04
1.126687566833697732e-03 1.971703241958971085e-03 2.816718917084245523e-03 3.802570538063732367e-03 4.788422159043219210e-03 5.915109725876918460e-03 7.605141076127467335e-03 8.450156751252737436e-03 4.225078375626367309e-04 7.041797292710611639e-04 1.408359458542122436e-04 2.816718917084244872e-04 4.225078375626367309e-04 1.802700106933915331e-02 1.408359458542122436e-04 2.816718917084244872e-04 1.408359458542122436e-04 4.225078375626367309e-04 1.408359458542122436e-04 3.971573673088799744e-02 1.408359458542122436e-04 1.408359458542122436e-04 1.408359458542122436e-04 7.960047659680846710e-01 8.027648913690102819e-03 1.408359458542122436e-04 1.408359458542122436e-04 1.408359458542122436e-04 1.690031350250546490e-03 1.267523512687909922e-03 2.816718917084244872e-04 1.408359458542122436e-04 1.408359458542122436e-04 2.816718917084244872e-04 4.225078375626367309e-04 1.408359458542122436e-04 2.816718917084244872e-04
2.816718917084244872e-04 2.816718917084244872e-04 4.225078375626367309e-04 4.225078375626367309e-04 4.225078375626367309e-04 8.450156751252733533e-04 1.408359458542122436e-04 7.041797292710611639e-04 2.816718917084244872e-04 5.633437834168489745e-04 1.408359458542122436e-04 2.816718917084244872e-04 8.450156751252733533e-04 5.633437834168489745e-04 1.408359458542122436e-04 1.408359458542122436e-04 2.816718917084244872e-04 2.816718917084244872e-04 5.633437834168489745e-04 1.408359458542122436e-04 4.041991646015906381e-02 1.408359458542122436e-04 7.965681097515016074e-01 1.408359458542122436e-04 2.816718917084244872e-04 7.745977021981679742e-03 2.816718917084244872e-04 1.408359458542122436e-04 1.408359458542122436e-04 1.408359458542122436e-04 8.450156751252733533e-04 2.816718917084244872e-04 1.408359458542122436e-04 1.408359458542122436e-04 2.816718917084244872e-04 1.408359458542122436e-04 2.816718917084244872e-04
1.408359458542122436e-04 2.816718917084244872e-04 2.816718917084244872e-04 2.816718917084244872e-04 2.816718917084244872e-04 4.225078375626367309e-04 1.408359458542122436e-04 4.225078375626367309e-04 1.408359458542122436e-04 4.225078375626367309e-04 1.408359458542122436e-04 2.816718917084244872e-04 4.225078375626367309e-04 2.816718917084244872e-04 1.408359458542122436e-04 1.408359458542122436e-04 1.408359458542122436e-04 1.408359458542122436e-04 1.408359458542122436e-04 2.816718917084244872e-04 1.408359458542122436e-04 4.084242429772170363e-02 7.972722894807727778e-01 2.816718917084244872e-04 1.408359458542122436e-04 4.225078375626367309e-04 6.760125401002192898e-03 1.408359458542122436e-04 1.408359458542122436e-04 1.408359458542122436e-04 1.408359458542122436e-04 4.225078375626367309e-04 2.816718917084244872e-04 1.408359458542122436e-04 1.408359458542122436e-04 1.408359458542122436e-04 2.816718917084244872e-04
1.408359458542122436e-04 1.408359458542122436e-04 1.408359458542122436e-04 1.408359458542122436e-04 1.408359458542122436e-04 1.408359458542122436e-04 1.408359458542122436e-04 1.408359458542122436e-04 1.408359458542122436e-04 1.408359458542122436e-04 1.408359458542122436e-04 1.408359458542122436e-04 1.408359458542122436e-04 1.408359458542122436e-04 1.408359458542122436e-04 1.408359458542122436e-04 1.408359458542122436e-04 1.408359458542122436e-04 1.408359458542122436e-04 1.408359458542122436e-04 1.408359458542122436e-04 8.388188935077718345e-01 1.408359458542122436e-04 2.816718917084244872e-04 1.408359458542122436e-04 2.816718917084244872e-04 4.225078375626367309e-04 6.055945671731130867e-03 4.647586213189006804e-03 4.225078375626369585e-03 1.408359458542122436e-04 1.408359458542122436e-04 1.408359458542122436e-04 1.408359458542122436e-04 1.408359458542122436e-04 1.408359458542122436e-04 1.408359458542122436e-04
1.408359458542122436e-04 1.408359458542122436e-04 1.408359458542122436e-04 1.408359458542122436e-04 1.408359458542122436e-04 1.408359458542122436e-04 1.408359458542122436e-04 1.408359458542122436e-04 1.408359458542122436e-04 1.408359458542122436e-04 1.408359458542122436e-04 1.408359458542122436e-04 1.408359458542122436e-04 1.408359458542122436e-04 1.408359458542122436e-04 2.816718917084244872e-04 2.816718917084244872e-04 2.816718917084244872e-04 7.041797292710611639e-04 2.816718917084244872e-04 8.392414013453345367e-01 1.408359458542122436e-04 4.225078375626367309e-04 1.408359458542122436e-04 1.408359458542122436e-04 1.408359458542122436e-04 2.816718917084244872e-04 4.225078375626367309e-04 7.041797292710611639e-04 1.408359458542122436e-04 3.802570538063732367e-03 2.957554862938457929e-03 8.450156751252733533e-04 5.633437834168489745e-04 2.816718917084244872e-04 1.408359458542122436e-04 1.408359458542122436e-04
1.408359458542122436e-04 1.408359458542122436e-04 2.816718917084244872e-04 2.816718917084244872e-04 2.816718917084244872e-04 2.816718917084244872e-04 4.225078375626367309e-04 2.816718917084244872e-04 1.408359458542122436e-04 2.816718917084244872e-04 2.816718917084244872e-04 4.225078375626367309e-04 2.816718917084244872e-04 1.408359458542122436e-04 2.816718917084244872e-04 2.816718917084244872e-04 4.225078375626367309e-04 4.225078375626367309e-04 1.408359458542122436e-04 8.610709729527408207e-01 2.070288404056920550e-02 1.408359458542122436e-04 1.408359458542122436e-04 1.408359458542122436e-04 2.816718917084244872e-04 1.408359458542122436e-04 1.408359458542122436e-04 2.816718917084244872e-04 4.225078375626367309e-04 1.408359458542122436e-04 4.225078375626367309e-04 1.408359458542122436e-04 1.830867296104758679e-03 9.858516209794855427e-04 5.633437834168489745e-04 1.408359458542122436e-04 1.408359458542122436e-04
1.408359458542122436e-04 2.816718917084244872e-04 2.816718917084244872e-04 4.225078375626367309e-04 4.225078375626367309e-04 4.225078375626367309e-04 8.450156751252733533e-04 4.225078375626367309e-04 2.816718917084244872e-04 1.408359458542122436e-04 4.225078375626367309e-04 8.450156751252733533e-04 4.225078375626367309e-04 2.816718917084244872e-04 1.408359458542122436e-04 4.225078375626367309e-04 4.225078375626367309e-04 5.633437834168489745e-04 8.624793324112831616e-01 1.408359458542122436e-04 2.816718917084244872e-04 2.013954025715235241e-02 1.408359458542122436e-04 5.633437834168489745e-04 1.408359458542122436e-04 1.408359458542122436e-04 1.408359458542122436e-04 1.408359458542122436e-04 1.408359458542122436e-04 1.408359458542122436e-04 1.408359458542122436e-04 1.408359458542122436e-04 4.225078375626367309e-04 2.816718917084244872e-04 2.816718917084244872e-04 2.816718917084244872e-04 1.408359458542122436e-04
1.408359458542122436e-04 2.816718917084244872e-04 4.225078375626367309e-04 4.225078375626367309e-04 5.633437834168489745e-04 5.633437834168489745e-04 1.408359458542122111e-03 5.633437834168489745e-04 4.225078375626367309e-04 1.408359458542122436e-04 2.816718917084244872e-04 8.450156751252733533e-04 1.408359458542122111e-03 4.225078375626367309e-04 1.408359458542122436e-04 2.816718917084244872e-04 8.450156751252733533e-04 1.408359458542122111e-03 8.630426761947000980e-01 2.816718917084244872e-04 1.408359458542122436e-04 1.408359458542122436e-04 1.957619647373549931e-02 4.225078375626367309e-04 2.816718917084244872e-04 2.816718917084244872e-04 1.408359458542122436e-04 1.408359458542122436e-04 1.408359458542122436e-04 1.408359458542122436e-04 1.408359458542122436e-04 1.408359458542122436e-04 1.408359458542122436e-04 1.408359458542122436e-04 1.408359458542122436e-04 1.408359458542122436e-04 1.408359458542122436e-04
1.408359458542122436e-04 2.816718917084244872e-04 4.225078375626367309e-04 5.633437834168489745e-04 5.633437834168489745e-04 7.041797292710611639e-04 7.041797292710611639e-04 2.112539187813183492e-03 5.633437834168489745e-04 2.816718917084244872e-04 1.408359458542122436e-04 1.408359458542122436e-04 1.126687566833697732e-03 1.971703241958971085e-03 1.408359458542122436e-04 2.816718917084244872e-04 1.408359458542122436e-04 8.662819029493474821e-01 1.408359458542122436e-04 1.408359458542122436e-04 1.408359458542122436e-04 1.408359458542122436e-04 9.858516209794855427e-04 1.732282134006808694e-02 9.858516209794855427e-04 5.633437834168489745e-04 2.816718917084244872e-04 2.816718917084244872e-04 2.816718917084244872e-04 2.816718917084244872e-04 2.816718917084244872e-04 1.408359458542122436e-04 1.408359458542122436e-04 1.408359458542122436e-04 1.408359458542122436e-04 1.408359458542122436e-04 1.408359458542122436e-04
2.816718917084244872e-04 2.816718917084244872e-04 4.225078375626367309e-04 5.633437834168489745e-04 7.041797292710611639e-04 7.041797292710611639e-04 8.450156751252733533e-04 8.450156751252733533e-04 2.816718917084245523e-03 5.633437834168489745e-04 1.408359458542122436e-04 1.408359458542122436e-04 2.816718917084244872e-04 1.267523512687909922e-03 3.520898646355307554e-03 4.225078375626367309e-04 8.671269186244728866e-01 1.408359458542122436e-04 1.549195404396334300e-03 5.633437834168489745e-04 1.408359458542122436e-04 1.408359458542122436e-04 7.041797292710611639e-04 1.408359458542122436e-04 1.605529782738016747e-02 1.408359458542122436e-04 4.225078375626367309e-04 4.225078375626367309e-04 4.225078375626367309e-04 4.225078375626367309e-04 2.816718917084244872e-04 2.816718917084244872e-04 1.408359458542122436e-04 2.816718917084244872e-04 2.816718917084244872e-04 4.225078375626367309e-04 2.816718917084244872e-04
2.816718917084244872e-04 4.225078375626367309e-04 4.225078375626367309e-04 5.633437834168489745e-04 7.041797292710611639e-04 8.450156751252733533e-04 8.450156751252733533e-04 9.858516209794855427e-04 9.858516209794855427e-04 3.520898646355307554e-03 2.816718917084244872e-04 1.408359458542122436e-04 1.408359458542122436e-04 5.633437834168489745e-04 1.408359458542122436e-04 8.724786845669337820e-01 1.408359458542122436e-04 4.225078375626367309e-04 4.225078375626367309e-04 4.225078375626367309e-04 2.816718917084244872e-04 1.408359458542122436e-04 4.225078375626367309e-04 2.816718917084244872e-04 1.408359458542122436e-04 1.535111809810910284e-02 1.436526647712962207e-02 1.549195404396334300e-03 9.858516209794855427e-04 4.225078375626367309e-04 4.225078375626367309e-04 2.816718917084244872e-04 1.408359458542122436e-04 4.225078375626367309e-04 8.450156751252733533e-04 4.225078375626367309e-04 2.816718917084244872e-04
2.816718917084244872e-04 4.225078375626367309e-04 5.633437834168489745e-04 5.633437834168489745e-04 1.267523512687909922e-03 2.112539187813183492e-03 7.464305130273254929e-03 9.295172426378006669e-03 1.070353188492012206e-02 1.197105539760802591e-02 1.605529782738016747e-02 1.408359458542122436e-04 1.408359458542122436e-04 8.450156751252733533e-04 8.729011924044964843e-01 1.408359458542122436e-04 1.126687566833697732e-03 4.225078375626367309e-04 2.816718917084244872e-04 2.816718917084244872e-04 2.816718917084244872e-04 1.408359458542122436e-04 2.816718917084244872e-04 1.408359458542122436e-04 2.816718917084244872e-04 5.633437834168489745e-04 1.408359458542122436e-04 1.168938350589960283e-02 1.098520377662854514e-02 1.408359458542122436e-04 9.436008372232218208e-03 1.408359458542122436e-04 6.337617563439555679e-03 5.633437834168493648e-03 4.225078375626369585e-03 3.239226754646882742e-03 2.394211079521608304e-03
1.126687566833697732e-03 1.690031350250546490e-03 2.394211079521608304e-03 3.239226754646882742e-03 3.520898646355307554e-03 4.365914321480581992e-03 4.225078375626367309e-04 4.225078375626367309e-04 2.816718917084244872e-04 1.408359458542122436e-04 2.816718917084244872e-04 1.675947755665123384e-02 1.408359458542122436e-04 1.126687566833697732e-03 8.731828642962049525e-01 1.408359458542122436e-04 2.816718917084244872e-04 2.816718917084244872e-04 2.816718917084244872e-04 1.408359458542122436e-04 1.408359458542122436e-04 1.408359458542122436e-04 1.408359458542122436e-04 1.408359458542122436e-04 1.408359458542122436e-04 2.816718917084244872e-04 2.816718917084244872e-04 2.816718917084244872e-04 1.408359458542122436e-04 1.056269593906591052e-02 1.408359458542122436e-04 8.450156751252737436e-03 8.450156751252733533e-04 4.225078375626367309e-04 4.225078375626367309e-04 4.225078375626367309e-04 4.225078375626367309e-04
