output/field_example_lateral_ON/elevation_000036.asc
nrows	150
cellsize	66.66666667
xllcorner	0
ncols	150
yllcorner	0
NODATA_value	-9999
[rows 85 to 101 of 150, columns 0 to 36 of 150]
-1.512353554486879073e-03 4.100164836516056965e+01 8.927360687554748608e+01 1.444755529281563327e+02 2.063099972887843876e+02 2.732527004421421566e+02 3.408265230485123993e+02 3.857362312740597758e+02 4.165483864016078996e+02 4.210320332024138565e+02 4.113979747744257338e+02 3.660780127207821693e+02 3.148897658506308517e+02 2.632858444580493824e+02 2.820603173961808352e+02 3.512714187081419936e+02 4.064622528619678974e+02 4.011788308699919412e+02 3.526592825602835433e+02 3.085621520351870117e+02 2.783429992625416389e+02 3.337876356852862614e+02 3.940454581353129129e+02 4.276506348817160301e+02 4.092725971531161235e+02 3.984188937118673266e+02 3.504620895566568493e+02 2.941469788534097347e+02 2.236421631022724341e+02 1.570751253718846669e+02 1.187795278746400811e+02 5.302124346534069588e+01 5.068533008506504700e+01 7.816933175278232682e+01 9.491732968959428263e+01 1.362323594597228578e+02 1.953463169230738856e+02
1.608188810593525224e-03 5.363050964653903208e+01 1.134297488409424801e+02 1.808667953190131641e+02 2.444275342424262192e+02 3.048039969523612740e+02 3.529974977784725070e+02 3.729348126517745072e+02 3.744565418627765894e+02 3.569391836586736986e+02 3.546321333171119363e+02 3.178211373474624111e+02 2.636081483656636237e+02 2.122400448110400646e+02 2.708875151957068965e+02 3.197658142476151966e+02 3.655491523370392315e+02 3.505403527539770607e+02 2.966907882724553360e+02 2.448956258297121735e+02 2.384529344981714587e+02 3.017195577282835757e+02 3.652402875381734475e+02 3.740841120295894484e+02 3.391234124119757780e+02 3.441787926599942011e+02 3.019610520226902963e+02 2.578991248577430042e+02 2.155339934360827669e+02 1.436603009460482383e+02 8.063473824884104602e+01 4.878565038386992114e+01 5.262558520143585383e+01 8.586190130278281174e+01 1.359246905181636578e+02 1.813526798119252419e+02 2.319632046190815799e+02
1.163002409223213261e-03 4.955716784419252008e+01 1.071156061498138143e+02 1.730166775510179207e+02 2.426559035318904307e+02 3.043366204231119809e+02 3.295891538891955861e+02 3.152019846261890734e+02 3.041516046153393518e+02 2.819245294157350372e+02 2.845177805894428502e+02 2.765327345202242668e+02 2.247540571762329762e+02 1.748998496651535106e+02 2.234689552819623941e+02 2.854851916093841169e+02 3.189648893319455851e+02 2.957947538702364909e+02 2.462437779860319722e+02 1.877540679143745876e+02 2.438818914474260566e+02 3.032315506447595226e+02 3.325917628991900301e+02 3.207144177451698965e+02 2.743131536002579196e+02 2.871573292896628686e+02 2.530140336463495601e+02 2.063166105687117806e+02 1.867750403234831253e+02 1.223763615143114123e+02 4.696756010055125330e+01 5.039340580344347131e+01 9.576487012985489855e+01 1.384043080701908082e+02 1.783199693717807577e+02 2.288135051761349530e+02 2.806830396370797871e+02
1.159978335539736064e-03 5.351153267444571071e+01 1.149301777979102610e+02 1.826317748479470140e+02 2.471858162484776358e+02 2.844305764059124613e+02 2.841442664259538446e+02 2.469608986018085375e+02 2.355465780530473126e+02 2.109663409421375206e+02 2.156686251771797629e+02 2.242888742204198707e+02 1.876362490543391743e+02 1.440335437325662156e+02 2.058646753633290132e+02 2.615552356540669052e+02 2.718414337420213087e+02 2.291257203447000563e+02 1.859885123517334193e+02 1.537650322032163217e+02 2.236379899620586116e+02 2.677896856034066104e+02 2.721830113125861317e+02 2.648714078359468544e+02 2.155075318058152334e+02 2.233285832022842783e+02 2.142261151326897561e+02 1.585396211732440008e+02 1.486565957997054852e+02 5.990756871162713537e+01 5.523392066715729953e+01 4.696756009388458608e+01 1.041683470645854612e+02 1.599345497567616121e+02 2.188237949475384596e+02 2.720472982655269334e+02 3.241993306979329077e+02
8.193157009185191193e-04 5.991339845880671078e+01 1.258755457853097397e+02 1.891368159960271385e+02 2.264671982360524680e+02 2.315234655757749351e+02 2.309587053410414796e+02 1.864634010664452717e+02 1.885470989001879616e+02 1.487688382693501978e+02 1.530770057523679668e+02 1.679209770469901457e+02 1.331502611614224350e+02 1.168736719300889604e+02 1.833481966930631870e+02 2.171409952178543961e+02 2.204822452905650607e+02 1.815780824425545461e+02 1.106212064039843739e+02 1.389357691073925594e+02 1.751020343753379507e+02 2.120819111625873745e+02 2.040169025212274789e+02 2.120208663218893719e+02 1.636642780588127550e+02 1.586886516243994834e+02 1.615181877123392553e+02 1.422090227218797054e+02 9.286069292134654063e+01 4.423365423013954256e+01 4.407256030334298202e+01 8.502491690429324933e+01 1.127794018648668128e+02 1.634294693293593923e+02 2.223552337051696384e+02 2.805582280341770911e+02 3.285206443769675957e+02
1.311864887333481691e-03 6.521127137681341424e+01 1.282310279549024585e+02 1.649337842005317896e+02 1.696766216497980508e+02 1.660830755867631581e+02 1.796846484357863289e+02 1.345130999019955311e+02 1.319604321041516641e+02 1.029390912623057233e+02 9.967234473206087841e+01 1.154332694598030287e+02 8.053343499881523826e+01 1.113780908495344875e+02 1.467819606549961122e+02 1.510235518439393729e+02 1.496227086617667794e+02 1.526769933664965322e+02 1.143863354147885900e+02 6.018018348726934619e+01 1.312903511888595744e+02 1.472993975132599189e+02 1.375168209883053407e+02 1.526305982641790706e+02 1.380607311669973001e+02 9.495924922175090899e+01 9.488856906971457761e+01 1.006942566694586532e+02 6.989729096229416427e+01 4.145466751325948707e+01 5.634251607073298374e+01 8.239983535871016329e+01 1.205641326030812195e+02 1.700428486147809508e+02 2.163924165037917930e+02 2.418112837227778300e+02 2.794959784376923153e+02
7.057974232422931874e-04 5.811020939446342481e+01 9.698298464959580656e+01 1.068275263336596765e+02 1.051805457469296243e+02 9.604602370027723168e+01 1.268194044532586560e+02 1.090997368853255551e+02 6.883312479430098563e+01 7.315982136815291881e+01 5.215753436779458951e+01 6.790138831498315142e+01 6.959712126983338010e+01 4.498160851562374063e+01 8.958115832785483690e+01 8.595504198928388462e+01 4.555657314279318371e+01 9.521356042749151527e+01 5.143429625047454579e+01 2.704505690331370005e+01 8.613419652798980053e+01 8.926563766033820002e+01 8.020732870839499640e+01 9.776652353035355247e+01 6.823434056492544642e+01 7.034771777408160176e+01 3.473916061691351587e+01 3.673141434935301675e+01 3.891335713840108923e+01 5.935462477326986175e+01 4.745707518023486671e+01 8.156255633459056753e+01 1.102869620714930505e+02 1.424470686040114629e+02 1.815500762095459493e+02 1.801376105062194029e+02 2.218217383426553226e+02
1.125106688245767735e-03 8.020785381643504408e+00 4.830271394077225722e+01 5.173715494190498987e+01 5.232820432277249267e+01 3.791165592278278496e+01 7.367730870804977883e+01 7.193431950866515479e+01 2.583410995606719140e+01 3.258734712659018129e+01 1.527880499669893233e+01 1.653186521684471444e+01 1.835770218112108765e+01 2.148763427781300095e+01 2.882370042717245084e+01 2.328528755577755760e+01 3.474742913410899092e+01 2.543383517830800145e+01 2.704505689664703283e+01 3.715154280481384319e+01 2.949505486839910162e+01 4.453763641951358920e+01 3.139564139316741276e+01 3.263543699083381711e+01 3.358228422223447041e+01 3.473916061024684865e+01 3.618752726333511305e+01 3.891983035605807828e+01 6.753651278909062228e+01 9.636877558773461772e+01 5.673634902067649222e+01 5.370686373176321382e+01 5.902712615457821954e+01 1.104702202172527876e+02 1.424889917938999986e+02 1.260253061182096843e+02 1.795942993186553451e+02
1.177686149124846857e-03 1.350658045510244376e+00 2.970183191666843303e+00 1.816433840964997160e+01 5.566861568499209767e+00 1.506204069438712345e+01 1.041500204605868518e+01 1.210407079604842906e+01 1.332382670042611217e+01 1.332382670709277939e+01 2.192747271177243817e+01 1.527880500336559955e+01 1.786988260563723685e+01 1.893474411699506632e+01 2.049188891166004112e+01 2.139751836606928492e+01 2.252571703422732696e+01 3.449865358585842046e+01 4.403572031412873145e+01 6.161063867496603308e+01 6.224051115534678047e+01 2.949505487506576884e+01 3.704303163615239924e+01 3.493497171908644816e+01 3.554119786187089147e+01 3.473916061691351587e+01 7.689752369275737465e+01 9.417304039817874184e+01 5.842931909033163151e+01 1.100084488862837162e+02 1.346820779986979915e+02 1.273131428815858470e+02 1.132522665935495354e+02 6.822487062958317949e+01 1.109381177263568645e+02 7.791011176532795446e+01 1.345506067014503913e+02
1.509351160949969420e-03 4.505384032647819481e+01 3.906983386735852548e+01 5.566861561832543437e+00 1.795857676823739268e+01 7.897870398779041956e+00 1.782138148440680681e+01 1.210407080271509628e+01 1.632057885952697873e+01 6.857746014933736944e+01 6.247081026212178756e+01 5.306508266971112420e+01 7.203346629947654378e+01 3.308028010980746103e+01 7.076378786161924950e+01 7.805870617444631421e+01 6.398896221226345205e+01 7.923314871645703761e+01 8.332858024084603699e+01 8.864104307471170330e+01 8.327654835096463160e+01 4.031806345931522628e+01 6.096365577707857852e+01 7.721556662125712478e+01 1.044437246076295764e+02 1.147535262221200014e+02 1.439810624786372841e+02 1.446904672335754753e+02 1.228473879368886088e+02 8.134517817798941053e+01 1.341370042892353922e+02 1.482098802580901520e+02 1.502550567481480073e+02 1.272081203069604243e+02 7.791011175866128724e+01 1.170729644387954806e+02 8.661486697820623704e+01
1.527203883057584501e-03 5.635452679253359776e+01 7.924576451176174885e+01 7.324108018832717448e+01 5.387823516366350418e+01 5.843438725471987993e+01 7.084879837959032045e+01 5.669749478559587175e+01 5.081854854506803321e+01 1.072893141375172945e+02 1.190107892433397296e+02 1.168026370782567369e+02 1.175666411429526192e+02 5.735492777154956201e+01 1.009621608389226566e+02 1.241932061245550329e+02 1.080867779188409941e+02 1.333290290826388969e+02 1.389061358482445030e+02 1.420949738712316446e+02 1.356665496244884821e+02 9.600479678614867396e+01 5.664866361389614724e+01 1.148399100846030620e+02 1.496076588664637086e+02 1.794135587723758931e+02 2.101313681041203836e+02 2.057234370685960982e+02 1.647021717893149741e+02 1.470552090968573964e+02 1.008646798405948175e+02 1.008646798472614847e+02 1.614927639412270253e+02 1.692862971237748582e+02 1.437777919271655662e+02 1.469707828506374767e+02 1.419544249716356603e+02
1.080560317828887281e-03 6.274987614513499778e+01 1.131276656401954170e+02 1.217967830839423868e+02 1.097823417788344074e+02 1.116736790901495766e+02 1.293057055137612679e+02 1.040915512815739135e+02 8.187546749529636259e+01 1.396132828571687412e+02 1.762055884450251142e+02 1.809763411154623896e+02 1.680124019694350466e+02 1.249837543323038318e+02 9.383968780902418416e+01 1.508313668432698194e+02 1.651341880821661618e+02 1.759627767548188615e+02 2.044641094659520775e+02 2.060827916522390524e+02 1.777546806622152360e+02 1.313496586007612166e+02 6.862419715131443354e+01 1.294139582208306933e+02 1.910500763705391591e+02 2.318857372555299321e+02 2.651902980881039298e+02 2.516347153761656728e+02 2.372958443666651078e+02 1.974086674564647979e+02 1.542250032564004414e+02 1.144789542265218643e+02 1.703309933922211883e+02 2.027341810594010099e+02 1.986361585969108319e+02 1.924026373682827398e+02 1.830641791470709165e+02
1.182437268099273409e-03 6.568987648811432223e+01 1.303253653224823552e+02 1.701399757965285460e+02 1.726242740573981393e+02 1.701102974278958584e+02 1.772517590730100778e+02 1.687381086974826587e+02 1.259696319227134609e+02 1.417048305304798248e+02 2.040553918231487103e+02 2.378412445355114073e+02 2.211762769863223070e+02 1.787783236323994061e+02 1.198759972171191919e+02 1.716732128504198727e+02 2.195130116814142127e+02 2.343716731278150576e+02 2.627243799892123661e+02 2.539746456682725011e+02 2.054886073798268171e+02 1.337601590639049220e+02 7.890365023273385248e+01 8.978468857336443421e+01 1.965110969617666115e+02 2.656834824382615921e+02 3.096843922023836058e+02 3.109093356399886829e+02 2.971565671355884888e+02 2.490591026287331999e+02 1.981731023610605291e+02 1.523597497881426079e+02 1.382245977520926203e+02 1.950591958051708446e+02 2.130452462310721273e+02 2.304512183998630803e+02 2.273887718523252204e+02
9.049596236487619664e-04 5.990028297303027927e+01 1.260197239680808536e+02 1.899624890775607753e+02 2.279729060679115662e+02 2.332220134863773637e+02 2.371823838926404449e+02 2.249202418141750002e+02 1.772858368289468558e+02 1.874255812419179392e+02 2.422656647496930873e+02 2.818060999661649930e+02 2.599750342922889104e+02 1.993475113772720135e+02 1.478742642058462593e+02 2.015205861711587261e+02 2.552297785568682116e+02 2.960983987136139604e+02 3.099320163630013099e+02 2.752612392788312832e+02 2.166532755927863150e+02 1.611323733341766911e+02 9.173751255259850268e+01 1.419533743217871233e+02 1.996778355112791132e+02 2.679855559264210001e+02 3.314800341385625302e+02 3.625343192697370114e+02 3.477870838243396179e+02 2.964836326053647326e+02 2.430008141731436524e+02 2.008760515496284143e+02 1.952698303585144401e+02 1.571990360053771383e+02 1.571990360120437913e+02 2.388470192377851333e+02 2.741086042603345732e+02
1.231185342675230297e-03 5.375405237030660288e+01 1.156558149031814082e+02 1.841055327385767555e+02 2.497216148539805260e+02 2.889965171743922383e+02 2.998155300707540505e+02 2.762280544397455060e+02 2.383607610876144918e+02 2.421654001115255710e+02 2.950023988258076884e+02 3.217433467738605941e+02 2.871491546772509196e+02 2.395604925530504659e+02 1.795902166886221210e+02 2.429279447590501206e+02 2.911548374805544199e+02 3.380735413253260617e+02 3.437987549636099516e+02 2.976753271608527029e+02 2.289039255009823535e+02 1.624519789173874358e+02 1.033987378633612906e+02 1.449144782314720317e+02 2.019448483893196453e+02 2.656039914929242514e+02 3.331967913930243412e+02 3.890822206619164945e+02 3.896013737732658342e+02 3.429726815432884450e+02 2.929928363783348004e+02 2.557311085330066192e+02 2.193940961519789710e+02 1.735440768415738262e+02 2.202841323047512390e+02 2.770080660827130146e+02 3.226737363698633203e+02
9.896722994165653604e-04 5.061184193504660556e+01 1.095492023935718890e+02 1.763409722192541267e+02 2.464411738295110297e+02 3.095297225444124933e+02 3.444187959801375314e+02 3.395207073892341896e+02 3.102733359717540793e+02 3.116029758284216769e+02 3.358332995274629411e+02 3.590662294248174931e+02 3.174837736421893055e+02 2.509521164195596725e+02 2.165436443169254517e+02 2.626988358420596796e+02 3.243976060850852150e+02 3.691669225224540014e+02 3.591816608071385417e+02 2.991530691151466499e+02 2.299299418991884068e+02 1.645877860513855353e+02 1.159533642395814041e+02 1.775525920625482854e+02 2.185609569655142934e+02 2.766380340328900616e+02 3.430197560807874879e+02 4.073297287575894075e+02 4.274312622959271266e+02 3.916628367666264694e+02 3.479353391785529084e+02 2.998558450601586287e+02 2.789997101250190781e+02 2.305078903727351474e+02 1.994653647315041383e+02 2.767256951961376217e+02 3.460836623207991352e+02
8.648306943397510854e-04 5.863887763653264074e+01 1.220034717233104118e+02 1.882722571325361116e+02 2.482786444052966033e+02 3.025053109137206206e+02 3.501563575633716709e+02 3.815224115642500351e+02 3.845049723409914577e+02 3.844115809241737907e+02 3.969069690329954483e+02 3.919018158087217216e+02 3.325258114981460267e+02 2.765165260169031853e+02 2.865032344368558483e+02 3.045822679029251958e+02 3.668082981412708818e+02 3.977476922887158821e+02 3.719186937461074081e+02 3.098576793942725089e+02 2.464481230758680681e+02 1.961534985832409461e+02 1.292391779192023478e+02 1.763834312300381839e+02 2.263900719701488811e+02 2.839642363974539876e+02 3.503254693023903883e+02 4.200293090918052030e+02 4.616862955333169793e+02 4.454007351592114787e+02 3.933899037387881776e+02 3.698108829131365383e+02 3.217635315754391172e+02 2.831791642763154186e+02 2.181553906352604884e+02 2.851879414212816073e+02 3.487756459855646654e+02
