output/field_example_lateral_ON/elevation_000041.asc
nrows	150
cellsize	66.66666667
xllcorner	0
ncols	150
yllcorner	0
NODATA_value	-9999
[rows 102 to 118 of 150, columns 74 to 110 of 150]
6.984461304501144241e+02 7.650535161489822258e+02 8.032739198449694413e+02 7.987730463654107780e+02 8.043843402053731779e+02 8.473289884452728984e+02 8.683088201997722990e+02 8.503064559369078097e+02 8.100337282657279729e+02 7.543655968599889547e+02 7.033688981874498722e+02 6.510799487647149135e+02 6.059037196405477061e+02 6.591203448713074522e+02 6.635347545162005645e+02 6.168307478858926061e+02 5.754304095705862210e+02 5.409059821567151403e+02 5.409059821633818501e+02 6.108006918508689296e+02 6.891452784893399439e+02 7.574500050911817652e+02 7.891843107226103484e+02 7.744555104206194756e+02 7.132158086697155568e+02 6.422752230919044223e+02 6.290793255383786118e+02 6.386838535016325977e+02 6.528019877541012193e+02 6.937749289681071332e+02 7.322589982892055787e+02 7.844099697250497911e+02 8.381358065833861701e+02 8.917745176240167666e+02 9.079331269719398279e+02 8.782598963249500912e+02 8.238508275396458203e+02
6.856431985369807762e+02 7.495556596037945383e+02 8.174660127738585516e+02 8.608618185330587949e+02 8.686441627641231662e+02 8.810370786296375627e+02 8.574126642621756673e+02 8.113721472987557490e+02 7.516260291508939417e+02 6.992617101931580237e+02 6.472105318347557841e+02 6.018370046456603859e+02 5.568537469227679821e+02 6.132220880734354296e+02 6.179748002855042159e+02 5.742050993951041846e+02 5.145045673926115342e+02 5.646015934938772034e+02 6.007454502215457524e+02 6.500210052839158834e+02 7.051596713008432289e+02 7.365727912460340576e+02 7.375577644749998854e+02 7.336309964042443426e+02 6.873349378057527019e+02 6.293569695608501888e+02 5.794855913766758704e+02 5.939000189199330180e+02 6.409835083631121506e+02 6.391173086073522427e+02 6.843038913283888860e+02 7.374765496221092462e+02 8.004179507690208766e+02 8.686833358728167696e+02 9.199395869877911309e+02 9.141780418037392337e+02 8.675041273283146666e+02
7.392938141131863858e+02 7.933637155984375795e+02 8.491216837561685225e+02 8.992428990519948684e+02 9.109136351680742791e+02 8.798438744481676395e+02 8.251781092966411961e+02 7.558095839018569677e+02 6.968764794543435528e+02 6.421618600536008898e+02 5.976838297193322660e+02 5.552241466496363955e+02 5.145725384725178628e+02 5.670342917706897197e+02 5.649357304633027752e+02 5.263330772181911925e+02 4.910592320871127185e+02 5.518074382598654211e+02 6.105021149218971459e+02 6.648207294798039584e+02 6.902968475292270796e+02 6.794052856898038044e+02 6.751624768955241507e+02 6.825298901979252832e+02 6.448490932672435747e+02 6.075360651967449712e+02 5.443948720429016248e+02 5.902508543061156843e+02 5.940471265555819400e+02 6.585643557821988452e+02 6.896220108109026796e+02 7.425321221398991156e+02 8.006524300682572175e+02 8.650616659688638492e+02 9.262667969952163958e+02 9.483987205939858995e+02 9.255608332086227392e+02
7.980727312555858362e+02 8.470492439305478456e+02 8.855548206343613629e+02 9.126447023265317284e+02 9.084710955633760250e+02 8.560538609020161402e+02 7.810474759155606534e+02 7.073096776550680715e+02 6.419830190465436317e+02 5.913159986752625628e+02 5.483160624643101073e+02 5.108354883638490378e+02 4.781138981616392130e+02 5.113272482891703135e+02 5.022466135653680226e+02 4.592244983911441523e+02 5.105871025475572083e+02 5.569517044962217369e+02 6.209797994622082342e+02 6.585644625646847317e+02 6.478110230033604466e+02 6.092922966036736625e+02 6.121007696340620896e+02 6.251814160118734662e+02 5.889577415597890422e+02 5.502545673311027485e+02 5.163497509776035486e+02 5.476282276018183666e+02 6.280617397765868191e+02 6.942567788580302022e+02 7.413527587702799337e+02 7.531355197617651811e+02 8.008538996387105726e+02 8.587460031170313641e+02 9.224413940141770354e+02 9.731950740575035752e+02 9.691493660659407396e+02
8.549690009505645776e+02 8.763358690324391773e+02 8.821271703033285121e+02 8.758074939627684898e+02 8.832751927772643512e+02 8.625165742376574372e+02 8.034071195445727653e+02 7.353222606185722725e+02 6.892624168983156778e+02 6.474068273471756356e+02 6.019611582231582361e+02 5.580538522578945049e+02 5.071987439920309839e+02 4.411359751925778028e+02 4.254247949993799693e+02 4.560887178630324001e+02 4.560887178696990532e+02 5.412167322785086299e+02 6.092542094182446135e+02 6.260188726961231396e+02 5.884644315455232118e+02 5.407936682490754947e+02 5.537574925472544010e+02 5.645681962392180822e+02 5.276554591282275624e+02 4.871888004715654006e+02 5.472640997777259599e+02 5.973704697320864625e+02 6.404437070989818039e+02 7.046648541709117808e+02 7.693252554069167672e+02 8.129245988341032216e+02 8.479221814783760465e+02 8.971629304311945816e+02 9.542272304298209065e+02 9.867793331615065426e+02 9.738145991667038288e+02
8.645570706087092958e+02 8.553677854205996027e+02 8.336046609791242190e+02 7.962352616495968505e+02 8.301246927247227632e+02 8.459922605633539661e+02 8.270357614028686157e+02 7.851284246325591312e+02 7.246889655691412599e+02 6.573959116182418256e+02 5.951163311233377726e+02 5.399383377642118376e+02 4.894908208419927860e+02 4.438357330502404352e+02 4.052516317600910156e+02 4.761775250045418488e+02 5.190038157667346468e+02 5.626944521198669236e+02 5.977251412307743976e+02 5.862207115289446619e+02 5.359370210444237728e+02 4.770693171523080878e+02 5.085697771913488623e+02 5.040311322776235556e+02 4.547967206057599014e+02 4.816610931235849762e+02 5.145443910961864731e+02 5.836713848744458346e+02 6.464398441290701385e+02 7.006964264814903345e+02 7.703203652759281113e+02 8.279544052428252598e+02 8.798960900296524414e+02 9.295151271533852650e+02 9.691342557198142913e+02 9.706248360608481107e+02 9.371870655646042678e+02
8.252563542442462676e+02 7.923705007582693725e+02 7.717402252713939106e+02 7.215231157343832820e+02 7.626917962990296473e+02 8.042984844473917292e+02 8.202268492648795473e+02 8.029619512740696337e+02 7.564246649307768848e+02 6.953166381601191688e+02 6.287942433359224879e+02 5.592301848057404641e+02 4.976657517550358421e+02 4.424412020648676389e+02 3.899393700222474877e+02 4.642776727496364515e+02 5.137057238311989522e+02 5.475281448489918148e+02 5.499961190684398389e+02 5.330525529931578603e+02 4.868443582337652060e+02 4.343820348502891306e+02 4.080136715607566771e+02 4.254115567859678322e+02 4.887500507235894247e+02 5.417063545138378231e+02 5.773770828962398127e+02 5.633822208096873965e+02 6.013336585362676487e+02 6.757435559749906133e+02 7.418478472630379201e+02 7.974462520605479767e+02 8.608614430826518173e+02 9.169856470466619385e+02 9.558547294801794578e+02 9.379595739678023847e+02 8.822312809157293714e+02
7.774114187353379748e+02 7.301064516669276827e+02 7.129015402658575340e+02 6.584478551455913475e+02 7.044767837961495616e+02 7.468885315249669929e+02 7.759253763882725252e+02 7.821169023803532809e+02 7.552813902585993446e+02 6.918364313219379937e+02 6.157550100076001627e+02 5.440106387067792184e+02 4.804761880068471100e+02 4.243010270858841864e+02 3.743223365129024387e+02 4.201358573111285750e+02 4.605351109251710682e+02 4.946923326226198014e+02 4.986195757767436021e+02 4.603758277107802428e+02 4.377459199680981783e+02 3.878346570554043637e+02 4.153600608685242719e+02 4.667077734397388440e+02 5.192589253534788440e+02 5.827949766811159407e+02 6.312862653479903656e+02 6.282094266498318120e+02 6.396076281457313826e+02 6.587999836230272876e+02 7.037797147592615374e+02 7.568806647059757324e+02 8.188809912087768907e+02 8.850825954090111054e+02 9.324369546152402108e+02 9.039362481720236246e+02 8.381050387085698503e+02
7.391031464370622643e+02 6.749338652081097507e+02 6.584695542553241694e+02 6.063907007678751597e+02 6.510267837153953678e+02 7.000702094574478451e+02 7.084845962764386513e+02 7.276447282333402882e+02 7.342520601281630661e+02 7.069952713683851471e+02 6.541972688355375567e+02 5.904283836443034943e+02 5.249177093204972380e+02 4.602120220578908061e+02 4.076445364433698160e+02 3.521626882025757368e+02 4.040466460458177949e+02 4.117649226940760059e+02 4.278173765802171715e+02 4.128204189296027948e+02 3.664709918015170160e+02 4.235977270943424742e+02 4.583913888183358836e+02 5.091630535379092066e+02 5.668042953941267115e+02 6.178786785552438232e+02 6.765023598989461107e+02 6.923076688533560628e+02 6.983895782472852716e+02 7.269463048577126756e+02 7.599822985740232753e+02 8.048302540808200547e+02 8.581503792336191054e+02 9.025631707463729754e+02 9.141423720392288033e+02 8.718050158820775550e+02 8.012507045326037769e+02
7.180489582341170944e+02 6.622285022832099912e+02 5.955160236263261595e+02 5.627315041433864735e+02 6.089676810807794709e+02 6.451508233816226721e+02 6.365089916797717251e+02 6.754528910250015770e+02 6.802033690657636953e+02 6.911829750553271197e+02 6.612495576148252212e+02 5.913385191105383001e+02 5.075709571012076253e+02 4.266545772428380587e+02 3.521626882092423898e+02 3.850169694771571471e+02 3.285812436464503321e+02 3.283796741237547394e+02 3.739514637374907124e+02 3.430302444657513092e+02 3.771534499329712276e+02 4.197545087016133039e+02 4.897066710175366779e+02 5.502656157965520833e+02 6.102803483457992115e+02 6.661652952064669080e+02 7.116579429066734974e+02 7.533748334930464807e+02 7.641607395959928226e+02 7.911958709349004266e+02 8.139107773332552824e+02 8.417595300890743601e+02 8.734924114315465431e+02 8.985994080929502843e+02 8.906535886141130050e+02 8.337741667899638287e+02 7.680958428024720206e+02
7.059829066808486004e+02 6.552370986707798011e+02 5.894304843466047714e+02 5.273847836597387868e+02 5.526555192691561160e+02 5.875989118998749063e+02 5.752285953917632924e+02 6.180668705798992733e+02 6.140126893150970773e+02 6.479686109935994409e+02 6.496876036540586483e+02 6.134818153376892269e+02 5.551521262462983941e+02 4.834399527765777407e+02 4.361106314029003670e+02 4.210940974339968079e+02 3.686583176613600585e+02 3.115474363418960024e+02 3.220982690874675995e+02 3.857204202450133153e+02 4.359561192930052016e+02 4.810758876716507189e+02 4.906573761950698440e+02 5.415338109153569803e+02 6.058825830197346249e+02 6.729383547679377671e+02 7.389614898204907831e+02 7.920907254842121574e+02 8.108002113646824682e+02 8.140634763828970790e+02 8.082373611047172517e+02 8.155324491138984513e+02 8.208527954258968293e+02 8.557395738631299764e+02 8.606833626525508407e+02 8.034644377358395104e+02 7.377729955218388795e+02
7.032467455718689280e+02 6.564332903223864832e+02 5.929028214453820738e+02 5.342876531063025141e+02 4.838800199501055772e+02 5.403960964744549074e+02 5.218724391519895107e+02 5.639336266183568114e+02 5.516015733243548311e+02 5.914221736040609585e+02 5.946378731689119377e+02 6.007492518399438950e+02 5.795072739175046763e+02 5.376892316999421837e+02 4.892991476161134301e+02 4.182117268952708287e+02 3.397724420443599911e+02 3.063038045840714290e+02 3.674483609061027209e+02 4.257718429669292277e+02 4.831170013638613341e+02 5.304856766683426486e+02 5.631978035997669849e+02 6.011301675520178378e+02 6.316772033564590174e+02 6.969901440748242294e+02 7.654840235139872675e+02 8.029634600616282114e+02 7.981474726718815873e+02 7.738192626887961296e+02 7.372501595034439106e+02 7.413818276804972811e+02 7.450749230536926007e+02 7.983721498320498995e+02 8.281499547007048250e+02 8.062652881212609373e+02 7.438044607560597115e+02
7.056574710293947419e+02 6.628899205691803900e+02 5.962254587887116486e+02 5.347792204166017882e+02 4.838800199434389242e+02 5.047974197071764593e+02 4.739437902816541168e+02 5.133192710367775362e+02 4.958998582842913265e+02 5.272467067251709523e+02 5.228751445996518896e+02 5.407933677024628878e+02 5.578820713971438181e+02 5.351041124507414679e+02 4.881547790659635098e+02 4.210725535958372916e+02 3.567134880583673748e+02 2.994474635301574494e+02 3.665741262565136367e+02 4.245622969304376397e+02 4.866379754244608193e+02 5.360642161476579304e+02 5.808302251419254389e+02 6.270357863552111439e+02 6.771931998417176146e+02 7.302083812659461728e+02 7.715907122625905004e+02 7.726456787269714823e+02 7.486274629736788029e+02 7.070257945757900870e+02 6.616024696872049162e+02 6.660605652987200074e+02 6.742994528073570564e+02 7.338497323737198030e+02 7.916421079758640644e+02 7.962714714180210649e+02 7.405280330240778994e+02
7.049612245886412438e+02 6.880934714654356412e+02 6.306017006924337238e+02 5.767167626465687817e+02 5.050853262803364032e+02 4.526608531818911842e+02 4.292041272644464129e+02 4.615250569790873669e+02 4.478324502424324010e+02 4.556180893735214568e+02 4.511943714026153884e+02 4.705357555387482762e+02 5.076733289364907478e+02 4.921356081717149777e+02 4.392297494282647676e+02 3.955876794953381932e+02 3.462236688702449214e+02 2.913840950436538151e+02 3.400191386250593837e+02 4.009984131146541699e+02 4.425680595449983343e+02 4.881155773819996853e+02 5.373998085118317931e+02 5.869622634155506375e+02 6.595550532006232061e+02 7.242637325530905628e+02 7.434275399596903071e+02 7.189264750155231241e+02 6.747393190079451415e+02 6.534625172659464170e+02 5.971295756955329352e+02 6.007402475552866008e+02 6.151714130565903815e+02 6.881196507935533191e+02 7.608713669812182161e+02 7.824288978592719559e+02 7.368399426215875110e+02
6.925707416354626957e+02 7.050451386207536189e+02 6.582954376627865258e+02 5.963237523947531145e+02 5.500434472688554024e+02 5.017918701869563165e+02 4.485785638740736090e+02 4.004220270961585584e+02 4.192686649115275372e+02 3.885721616616854135e+02 3.880319857391214100e+02 4.097032173682708844e+02 4.564048277179546744e+02 4.385484697182454852e+02 3.763374175508644157e+02 3.289320125900169955e+02 2.802709443959466284e+02 2.973068654059773053e+02 3.195799566011915545e+02 3.493358104040363514e+02 3.868397089688879191e+02 4.335829280399290155e+02 4.916175070898203217e+02 5.675664146149067619e+02 6.472503070113848480e+02 7.069251578845343147e+02 7.021369189739447165e+02 6.541241833588218242e+02 6.061687945166943337e+02 5.994074455217025843e+02 5.447240982195961578e+02 5.438723701274730047e+02 6.086860663773388751e+02 6.730590361037342291e+02 7.337361181954664744e+02 7.561923761862512947e+02 7.268193736919504317e+02
6.799143571295462607e+02 7.140281767697730402e+02 6.866080857936885877e+02 6.459073597551458761e+02 5.949945588199594795e+02 5.455906776978710013e+02 4.922188716625805114e+02 4.312671981959554728e+02 3.693722907034659215e+02 3.490487076172279899e+02 3.340191525643936075e+02 3.699257147472200700e+02 4.045930891187912266e+02 3.880409638072616190e+02 2.937120856159110645e+02 2.682476579394325427e+02 2.969614521253129169e+02 3.287432117826265880e+02 3.626110555529315320e+02 3.980588420463738544e+02 4.386148568578198024e+02 4.903748863207184172e+02 5.461690578570878642e+02 6.134098002255966549e+02 6.672207342285038294e+02 6.902561993185717029e+02 6.608254531272696113e+02 6.015822890653402055e+02 5.470935927097681315e+02 5.509703160811341149e+02 5.002397312526643987e+02 5.063706406902512640e+02 5.665853898230265031e+02 6.356946999323557748e+02 7.025483273750986655e+02 7.175771272876808098e+02 6.792666167277578779e+02
6.843201135935377124e+02 6.975408585326202910e+02 6.784948903766404555e+02 6.624359301936417523e+02 6.320719231615951230e+02 5.916236794589817691e+02 5.336405460647730479e+02 4.771900322408753254e+02 4.297896106302393946e+02 3.986386684203081927e+02 3.594132852208188069e+02 3.112795121277758312e+02 3.486664837526461156e+02 3.483758612691091798e+02 3.075941966694566077e+02 2.682476579327658897e+02 3.191976849899466515e+02 3.618916434703791083e+02 4.036433580890669077e+02 4.512385734843645082e+02 4.968802516717476578e+02 5.441708491991504388e+02 6.007306687346965646e+02 6.448341682131438120e+02 6.683475408909449698e+02 6.560326509014363410e+02 6.131785052352443017e+02 5.546494637874353657e+02 4.963990838442082350e+02 5.077106574940492578e+02 4.592825157779195138e+02 5.097645745232919694e+02 5.724707111246502791e+02 6.378427933630327971e+02 6.773524504261743004e+02 6.769001680871409690e+02 6.332785745721348576e+02
