output/field_example_lateral_ON/elevation_000052.asc
nrows	150
cellsize	66.66666667
xllcorner	0
ncols	150
yllcorner	0
NODATA_value	-9999
[rows 68 to 84 of 150, columns 74 to 110 of 150]
4.453127647969597547e+02 3.788721861021938366e+02 3.126619735087987806e+02 2.965885684466507541e+02 3.611130191818144226e+02 4.102555929454590569e+02 4.384385660493708201e+02 4.971109045415168453e+02 5.620793307019605436e+02 6.123573783833920743e+02 5.914773042830684062e+02 5.335633821261008052e+02 4.739573741781328522e+02 4.266032904504899079e+02 4.124097746858645905e+02 4.037263155497391267e+02 3.655319720941160426e+02 3.193619653467203534e+02 2.707600297379081553e+02 2.498399889658236930e+02 2.185623815078007226e+02 2.634185511718924317e+02 2.661623585721719678e+02 2.541550415866363437e+02 2.702500918151991982e+02 3.394657344664153129e+02 3.902227865915931488e+02 4.362021793081116812e+02 4.762692808418427148e+02 5.237099113778621131e+02 5.641777202454665030e+02 6.051537904054229102e+02 6.490171555852881511e+02 6.920025860854418625e+02 7.356937775918235047e+02 7.703942595899070511e+02 7.613323915034757192e+02
4.897001445686989882e+02 4.314198415744515387e+02 3.752507559961845800e+02 3.119750974531360725e+02 3.692633821902151681e+02 4.272382537186043692e+02 4.824354044169186864e+02 5.367317978757237142e+02 5.953373980435409294e+02 6.404046351781915973e+02 6.302568511213555666e+02 5.787791661916397743e+02 5.314283319556412835e+02 4.961573685961809019e+02 4.795665159012117442e+02 4.545138433823726700e+02 4.125330892850863052e+02 3.605574462415711992e+02 3.068475798336016851e+02 2.612741566694533617e+02 2.293598329383333976e+02 2.230689142971881154e+02 2.350679631242722394e+02 2.801101191334528266e+02 3.205157510139759438e+02 3.617162457119990222e+02 4.221318728094207131e+02 4.714454628989739717e+02 5.114092378298997801e+02 5.428620495541766786e+02 5.593834988735405886e+02 5.667655783999792902e+02 5.978814722670421133e+02 6.392010369960713660e+02 6.882056365456382991e+02 7.358280409532527528e+02 7.254408582131965204e+02
4.874404931572451005e+02 4.310575235348182446e+02 3.778467203394735634e+02 3.267476205134949510e+02 3.782665154036437229e+02 4.209208178294651361e+02 4.592568338733124733e+02 5.219504357224730029e+02 5.926209528428393014e+02 6.550250795654792455e+02 6.625420758236056145e+02 6.267249290270751771e+02 5.842427149475103079e+02 5.453859994851842430e+02 5.072667697656926293e+02 4.683697819767986061e+02 4.220931914420733619e+02 3.674617386762554361e+02 3.092966251588699151e+02 2.498343442026744583e+02 2.672885069039878658e+02 2.230689143038547684e+02 2.469532598003743828e+02 2.836329419852731348e+02 3.220766011966558153e+02 3.629108141601584521e+02 4.103571500479387737e+02 4.557475004376927927e+02 4.893769072175845167e+02 5.008903652120252445e+02 5.025133264743255950e+02 4.999900823019517588e+02 5.360377920392900251e+02 5.845716193498668645e+02 6.469858716248880910e+02 7.017547540660063987e+02 6.923900316309579921e+02
4.697594390437479319e+02 4.322261948697056937e+02 3.979950217793575575e+02 3.432296112881547288e+02 3.267476205201616040e+02 3.713279769528434713e+02 4.308896420659298769e+02 5.030254779827947118e+02 5.856254140004868987e+02 6.613270695957470480e+02 6.764965312928000003e+02 6.337229473033797831e+02 5.793545274409433432e+02 5.263799656048443012e+02 4.715439558367380641e+02 4.303712521815880905e+02 3.857620235684281056e+02 3.332229672595481702e+02 2.731412307307600713e+02 3.131878672795577927e+02 3.217278061908397717e+02 2.883051081867070025e+02 2.290730575495215362e+02 2.587090233392308960e+02 2.863174684781585029e+02 3.189516551944841467e+02 3.672665898163216980e+02 4.054306975470386192e+02 4.334211994423708916e+02 4.291431533100196134e+02 4.387688349897331364e+02 4.423608712973129968e+02 4.880922149697893246e+02 5.461254019614781328e+02 6.149411639762674895e+02 6.718123047665701506e+02 6.598682890975217106e+02
4.457568842759579297e+02 3.707067966088072808e+02 3.707067966021406278e+02 4.047631139527643995e+02 3.926552825492786951e+02 3.932139314881105747e+02 4.801352950657578162e+02 5.571051534806434802e+02 6.223148466794359592e+02 6.785407702098202662e+02 6.717292918781565731e+02 6.076991137015882032e+02 5.376486202564910855e+02 4.756143177623022211e+02 4.211209126901326840e+02 3.744619148089722671e+02 3.463146818274658472e+02 2.957650436505719540e+02 3.334751550273788325e+02 3.694599862589391819e+02 3.714507210930493670e+02 3.268122123965175092e+02 2.652193782999246991e+02 2.340003146929067270e+02 2.373282824668274316e+02 2.415725431154672549e+02 3.260702905315972657e+02 3.393741118208113221e+02 3.602462649155202143e+02 3.480307087215940101e+02 3.869959133080257061e+02 4.412367160446551679e+02 4.988624287609648604e+02 5.640309969311477971e+02 6.239710673785916697e+02 6.422301635755347888e+02 6.110436732779680824e+02
4.554565174984246028e+02 3.907789016649018663e+02 4.267432392530579932e+02 4.610221344354691269e+02 4.622753073232940437e+02 4.501110922002908410e+02 4.969799875624586889e+02 5.775346631477769961e+02 6.565622981105009330e+02 6.930129719585519297e+02 6.716815645352656929e+02 6.235096681645748049e+02 5.696302137719065968e+02 5.148856468377061901e+02 4.558725865044951320e+02 3.865756282167372433e+02 3.173541469593740203e+02 3.484102456780493640e+02 3.871379731361573704e+02 4.243027526367655469e+02 4.201137294055558868e+02 3.852548125030901360e+02 3.266325130133213293e+02 2.767942754645121113e+02 2.703887949072810670e+02 2.428822917331485769e+02 2.891740989534657160e+02 2.495918133422145502e+02 2.879140821824724981e+02 3.676694686502596596e+02 4.301671165677315116e+02 4.793690553811221662e+02 5.294181533982605288e+02 5.784297982464021288e+02 6.135228096882077580e+02 6.013434688255529181e+02 5.482910972103693439e+02
4.655509547524666232e+02 4.147071483900489284e+02 4.662692137186526224e+02 5.068000015537602962e+02 5.310465598251329311e+02 5.204512178066172510e+02 5.692871660321241052e+02 6.275033361807612664e+02 6.805562528426263498e+02 6.813728854316675552e+02 6.397980182021442488e+02 5.923649028925452740e+02 5.582695765237263004e+02 5.135822546778922515e+02 4.589665520645284005e+02 3.982572051002921967e+02 3.338041597203017545e+02 3.874341894944953424e+02 4.356029994370279610e+02 4.763487493368230048e+02 4.768020711459658401e+02 4.419878812095308263e+02 3.836757467013002838e+02 3.379661959900379884e+02 2.962723784640780877e+02 2.926887018855076121e+02 2.495918133355478972e+02 2.950939880324394835e+02 3.352587980550572979e+02 3.812788610322157865e+02 4.259745612406102282e+02 4.675325742727418401e+02 5.081104054638317962e+02 5.424123870865440722e+02 5.735244193893313422e+02 5.516927445228831175e+02 4.927897616657573394e+02
5.031818772416397110e+02 4.609902587739854312e+02 4.527500762076833780e+02 5.191677912073120069e+02 5.769759400788653920e+02 5.964831432044450139e+02 6.347226511569699596e+02 6.823885280023898758e+02 7.007045120354183609e+02 6.613669379464886333e+02 5.971682573693980203e+02 5.404775664741252967e+02 5.061306354557157761e+02 4.726623151105295619e+02 4.249778275741698508e+02 3.625426434833458416e+02 3.735955212465000841e+02 4.232896735655484122e+02 4.774932192428716462e+02 5.229693665938373215e+02 5.277202736245224060e+02 4.883041458813411850e+02 4.423355362412931981e+02 4.015318210295868084e+02 3.581313526621916594e+02 3.291901465543282370e+02 2.937037116088381481e+02 2.560127995246106707e+02 3.107864498038659349e+02 3.374917213484912395e+02 3.731432146195002701e+02 4.116307801327059224e+02 4.474009381179095612e+02 5.004727076827553560e+02 5.239885511617195561e+02 4.919483283887170160e+02 4.420503801618054922e+02
5.551704102866578978e+02 5.155675693934877017e+02 4.832218503771233600e+02 5.129173807917543400e+02 5.828642297216583756e+02 6.476795072718658730e+02 6.945971040177759050e+02 7.195772354251599836e+02 7.003690128766809266e+02 6.396965837479735910e+02 5.745096300343109306e+02 5.154906957596394932e+02 4.640515577965658736e+02 4.247949510557442068e+02 3.910661121644936884e+02 4.277245951474449726e+02 4.232890795950421534e+02 4.720062786608989995e+02 5.194715257806622049e+02 5.613793244668406714e+02 5.627824236843850940e+02 5.280029407013961418e+02 4.738691309298858982e+02 4.093200982341684266e+02 3.619104084869259168e+02 3.235119282109914707e+02 2.728234577261887353e+02 2.954880556232209869e+02 2.614507286756668805e+02 2.656320827846467978e+02 3.182480511161277263e+02 3.528588661970694034e+02 3.920052153492446223e+02 4.446392224561405442e+02 4.686191211863455237e+02 4.428501118588732197e+02 3.967500220521442884e+02
6.102038002199988114e+02 5.679775944186931156e+02 5.229409693432496624e+02 5.763730617816240738e+02 5.812242311979211991e+02 6.533032915523900783e+02 7.204050013696981978e+02 7.345012168933754992e+02 6.850145342029368294e+02 6.197177114041558070e+02 5.581892765299718349e+02 5.044559419311898409e+02 4.577278654456533786e+02 4.164974103511659678e+02 4.504508904168734489e+02 4.853238553122322401e+02 4.820726916552337116e+02 5.244110750013658162e+02 5.683081255707380706e+02 5.877411482760242052e+02 5.662042009307406261e+02 5.213111800964437634e+02 4.563462202544295110e+02 3.168882967435916953e+02 3.086123435929072798e+02 2.889197001339238682e+02 3.224439921572066510e+02 3.002147728882542879e+02 2.936739551123330330e+02 2.885200477090335198e+02 2.716461654966100809e+02 3.196141961072246431e+02 2.934229760408625793e+02 3.787822997546701913e+02 4.015283054722756333e+02 4.003315403187346533e+02 3.583894683519407067e+02
6.691298971689652717e+02 6.177471489658382779e+02 5.702603354357231638e+02 6.267887906882109519e+02 6.307106182683997986e+02 6.910417622702891549e+02 7.442086936122852876e+02 7.380366395535410220e+02 6.778754331441266459e+02 6.116657106895278275e+02 5.521276168787495635e+02 5.000550749746859651e+02 4.538921450984727244e+02 4.378040429891206031e+02 4.897020770803919731e+02 5.371376852989488953e+02 5.469320367840822428e+02 5.831470987200207219e+02 6.018163968624883182e+02 5.861800285844585687e+02 5.400498075219128395e+02 4.798682740236369568e+02 4.228265486938660729e+02 3.648420065383287465e+02 3.060820812481820212e+02 3.477450991577295554e+02 3.717574096172101576e+02 3.738320632178342748e+02 3.632950944123280692e+02 3.316779158890977897e+02 3.090578495772289216e+02 2.772882111107431342e+02 2.795877077963361330e+02 2.842489698719926423e+02 3.470811677859999236e+02 3.522523015907812578e+02 3.077782647946526140e+02
7.242334438353814221e+02 6.763236952878887678e+02 6.259586297757675766e+02 6.794627457096269154e+02 6.851670068571389720e+02 7.425758852951904601e+02 7.702879228110298300e+02 7.381982373963124928e+02 6.717739073534012277e+02 6.074854613132433769e+02 5.513589859233345578e+02 5.010662149319952618e+02 5.055212451322344123e+02 4.638765169931451169e+02 5.246239310910926861e+02 5.756633508107396437e+02 6.099675482773128579e+02 6.237226444759655806e+02 6.096167663127630476e+02 5.661547143090255076e+02 4.978009133468235063e+02 4.318052001875583414e+02 3.824029248374238819e+02 3.264566770304482475e+02 3.672748444767647698e+02 3.887989032374960061e+02 4.331205206408907316e+02 4.421287993092564648e+02 4.134856075889149452e+02 3.757468810812172251e+02 3.425258078768879386e+02 3.363321314812728815e+02 2.828304574229470632e+02 2.996308938838704989e+02 2.894088377021179213e+02 2.955060593015321047e+02 3.506751687979221970e+02
7.824619382088924340e+02 7.366912539905356425e+02 6.920799503190784208e+02 7.368479420099820345e+02 7.444479478698513049e+02 7.873127282513919454e+02 7.888541019648139354e+02 7.254957492640824057e+02 6.548447720295007457e+02 5.970218613865205270e+02 5.522081351403267035e+02 5.623758858664750733e+02 5.382440786932475021e+02 4.924470968117854568e+02 5.561383332880802755e+02 6.163584592124224173e+02 6.446723334018072364e+02 6.301659040948455868e+02 5.882675503498149965e+02 5.293402833545735575e+02 4.773053551760656887e+02 4.176471828829204469e+02 3.478848275695545453e+02 3.883268804732725812e+02 4.022846187130974158e+02 4.479748555409731807e+02 4.876930530222056746e+02 4.965416840256230557e+02 4.599488353570311574e+02 4.173531092117973458e+02 3.987972599051847737e+02 3.726495677427208193e+02 3.277889103877082562e+02 3.254992668652308794e+02 3.244529672983832711e+02 2.894088377087845743e+02 3.491188224642853015e+02
8.238792284921332794e+02 8.047638847006235210e+02 7.706313102740640488e+02 7.926454044757348356e+02 8.106557783076178794e+02 8.291072341164770023e+02 8.191266105574339917e+02 7.568736925446077066e+02 6.919954680131705800e+02 6.414913385278573514e+02 6.019830593691888225e+02 6.072497710747292103e+02 5.613959025357158907e+02 5.237854239409182355e+02 5.859896107199274411e+02 6.424418965808378061e+02 6.510828388673095333e+02 6.088621082857713418e+02 5.452203207613086988e+02 4.874638994945264585e+02 4.300867553312198766e+02 3.704499275165484846e+02 3.946853631155188964e+02 4.246663312055966344e+02 4.586273286532649536e+02 4.993589260372686454e+02 5.415054771531295046e+02 5.462574950483158318e+02 5.074440730934218777e+02 4.730236477963575794e+02 4.297326773157341222e+02 3.740447441043049253e+02 3.807979133559368279e+02 3.591984949079898684e+02 3.456114998197476780e+02 3.305226172861642340e+02 2.986148380882951301e+02
8.449296081171261221e+02 8.539221892691717812e+02 8.408237586465701270e+02 8.488849045404524531e+02 8.638521493784081713e+02 8.749660359154258913e+02 8.532113211803798549e+02 7.972657898744373597e+02 7.435963957189528628e+02 6.943096554984367685e+02 6.600452565600907064e+02 6.335671943695074333e+02 5.962733852919570836e+02 5.595488321930812390e+02 6.180570716865803433e+02 6.633793749921726430e+02 6.441463782065685564e+02 5.742278036582894174e+02 5.035090759850319841e+02 4.418315224883071437e+02 3.904669214355307076e+02 4.256645639215831807e+02 4.443764640829560335e+02 4.713195491323301667e+02 5.081791686367304237e+02 5.514811022701729826e+02 5.919643686933854951e+02 5.916305188511521465e+02 5.499467404277509104e+02 4.891384672822466655e+02 4.285766297732349130e+02 4.236844007776681451e+02 4.280722409014460936e+02 4.204411384771774465e+02 4.033724138276655253e+02 3.554383593975846907e+02 3.523339031439928704e+02
8.600892328965431943e+02 8.624231242223896743e+02 8.427680617008875288e+02 8.308200975079463433e+02 8.498924170156448099e+02 8.729743018592987482e+02 8.758228643350939819e+02 8.460663290614082825e+02 7.977517632231126754e+02 7.561280649969210117e+02 7.164214944920234984e+02 6.795219425991361959e+02 6.405603195051949115e+02 6.012971839260156912e+02 6.603498077472448813e+02 6.859117047411214116e+02 6.463081878980184456e+02 5.762510242407082615e+02 5.100161434084137113e+02 4.527720518174995732e+02 4.023681842373683253e+02 4.350583475180663982e+02 4.728041332836737638e+02 5.206133096803167746e+02 5.571660060023492633e+02 6.005573706700000685e+02 6.384188759699686671e+02 6.256239537936426132e+02 5.615284216513389310e+02 4.956121803353731821e+02 4.868910439416054032e+02 4.839160830525260621e+02 4.911599143146170832e+02 4.889278983915787080e+02 4.520390457026919080e+02 4.118356876183949566e+02 3.827660225949026653e+02
8.486682857229344563e+02 8.256552007713657986e+02 7.819533271293374810e+02 7.485668536911971387e+02 7.846931156245794909e+02 8.326316417702698800e+02 8.657297217929184399e+02 8.746298697810184422e+02 8.532729690342100639e+02 8.138531909295711557e+02 7.764982897983948078e+02 7.354223629975538188e+02 6.895900492214025235e+02 6.500399248690058585e+02 6.982060251063456917e+02 6.998334175169362652e+02 6.374988363258628397e+02 5.683424876722756380e+02 5.083986291760351151e+02 4.581527161224156544e+02 4.157781615687154613e+02 4.715672051822174922e+02 5.113954281264821020e+02 5.471785055922703123e+02 6.090463703915060023e+02 6.477651878154405267e+02 6.832664390325459181e+02 6.637961839866827631e+02 6.036725282976547078e+02 5.516539542037181718e+02 5.524647800203254064e+02 5.501830322685611918e+02 5.542580178747596165e+02 5.378124778793371661e+02 5.007260770349709560e+02 4.571166649929212440e+02 4.058313241181047601e+02
