output/field_example_lateral_ON/elevation_000096.asc
nrows	150
cellsize	66.66666667
xllcorner	0
ncols	150
yllcorner	0
NODATA_value	-9999
[rows 0 to 16 of 150, columns 0 to 36 of 150]
1.493837232042314212e-03 5.543475870388500226e+01 1.184781698041797853e+02 1.835188952504537383e+02 2.369126113998168819e+02 2.614499441327576506e+02 2.923026283315132900e+02 3.288507531553613603e+02 3.647233765328675190e+02 4.017907412208681421e+02 4.430174371903692645e+02 4.890901973160957255e+02 5.388870807565949690e+02 5.874367834327866831e+02 6.211481658590840880e+02 6.069811601618044961e+02 5.649167950322871548e+02 5.224057653139217337e+02 4.864865114027876416e+02 4.614507540196107698e+02 4.557476628394875320e+02 4.640184079236279331e+02 4.772115807853887191e+02 5.059886761348381015e+02 5.459669958348562204e+02 5.868083392783155432e+02 5.974951570002552899e+02 5.668806810783740957e+02 5.296726406341238089e+02 4.966462329354944814e+02 4.734220098042145537e+02 4.712186341765122961e+02 4.904785425888038617e+02 5.074033516826963250e+02 5.370701153986256031e+02 5.769557804672296015e+02 6.166591475795557926e+02
6.846229606998467882e-04 5.969440787072652910e+01 1.243535588491618995e+02 1.835853532902984000e+02 2.172253395074776563e+02 2.174625092690130828e+02 2.554036827093746354e+02 2.944621308296371467e+02 3.275993448281438987e+02 3.648365069029472352e+02 4.071424329311117276e+02 4.550937995532314631e+02 5.080321534985485528e+02 5.611669596703387697e+02 6.016659741214572250e+02 5.858343681920814561e+02 5.333704164820471760e+02 4.864026637071031587e+02 4.466174446333563992e+02 4.145964998527737748e+02 4.104670494344227905e+02 4.213170862692694527e+02 4.313766626073161774e+02 4.672069935786684596e+02 5.140907154182256136e+02 5.666984335128958037e+02 5.769281385596539167e+02 5.352414989638718907e+02 4.927409212666221947e+02 4.557235695838160723e+02 4.252304317274247865e+02 4.228969574493926302e+02 4.536806389621639823e+02 4.615535014965076357e+02 4.979948201742718084e+02 5.448646424583280350e+02 5.959073980526211471e+02
7.082983629705184424e-04 6.405504759170911200e+01 1.231341753754898320e+02 1.492609538307019648e+02 1.633787731965816761e+02 1.532876608596619121e+02 2.218547150941916755e+02 2.378766974907978522e+02 2.726090271502749260e+02 3.125956089597447658e+02 3.584414238097120347e+02 4.113645612812762806e+02 4.713296535689775055e+02 5.308529349741587566e+02 5.628808680882177669e+02 5.501841049382377378e+02 4.938938388015915848e+02 4.367594876319511741e+02 3.932499488854105607e+02 3.534009474923727225e+02 3.446697076697207081e+02 3.614323119475097883e+02 3.710261057564755447e+02 4.157615783278613435e+02 4.772335342409188002e+02 5.364975393681615969e+02 5.460604483286638242e+02 4.955613237880623387e+02 4.416241842784470464e+02 3.991341048778200502e+02 3.623631169626704036e+02 3.585555291089299317e+02 3.920960490013392246e+02 3.993044843032508879e+02 4.473764939345438165e+02 5.059720684788707672e+02 5.645029806485301833e+02
8.682931820036127180e-04 5.950130748982094531e+01 9.442968273717440297e+01 8.071000293482673271e+01 1.085926797750914830e+02 1.768892743311543825e+02 1.953161663090938873e+02 2.514740868148226127e+02 3.126048685855013218e+02 3.603131198602255836e+02 4.031597681512538998e+02 4.516288551960750510e+02 4.876495074127992098e+02 5.037823064908062065e+02 5.047575649615346833e+02 5.082471129610099752e+02 4.567283469604170705e+02 3.947121930848649640e+02 3.456335351789363131e+02 3.089614920886617142e+02 2.788875903636694602e+02 3.152303629164666177e+02 3.194329921489788831e+02 3.786920905222792726e+02 4.441548045604429262e+02 5.070758814558359973e+02 5.181315326998075079e+02 4.600316311171179677e+02 3.945167327208898200e+02 3.509370972200081269e+02 3.091229509059557472e+02 2.998124373865563825e+02 3.174640206761687864e+02 3.558551999394362610e+02 4.030766308062167127e+02 4.714154476336961466e+02 5.352263812884560821e+02
1.626078096075774708e-03 1.957214995358992482e+01 4.476978810300997225e+01 1.067717642229714272e+02 1.575539012702165280e+02 2.039950873107171674e+02 2.550776923797494362e+02 2.994298588201377243e+02 3.496304471517465799e+02 4.024897499640453589e+02 4.386527660799791875e+02 4.638077013959356805e+02 4.601731137877824267e+02 4.390953330728488595e+02 4.366430422627513508e+02 4.593887527545115290e+02 4.260285354892075134e+02 3.613137157258207708e+02 3.034722179970631828e+02 2.686166218599028070e+02 2.353477628621462259e+02 2.517763895405419419e+02 2.934088509425836264e+02 3.467358218267942789e+02 4.139416947098648052e+02 4.818921536353812485e+02 4.982766735956930120e+02 4.490837997786529741e+02 3.812304180057214467e+02 3.111258234926498289e+02 2.747001519776192708e+02 2.468520384762886977e+02 2.724520638811782760e+02 3.205331652820293016e+02 3.920018875062860957e+02 4.643546256177833698e+02 5.157913545270055238e+02
7.620812103862621874e-04 5.962790278981715630e+01 1.064879017790885740e+02 1.551614546011838343e+02 2.024752156165912709e+02 2.519864165874607238e+02 2.995944731894275037e+02 3.495039077586264966e+02 3.861780940354414611e+02 4.181357195539033000e+02 4.331435081807717324e+02 4.331955540561338012e+02 4.070707668005958340e+02 3.639974984049103455e+02 3.682573085939280872e+02 4.128345364075878479e+02 4.169188350712835245e+02 3.688324607045332186e+02 3.033210637816344502e+02 2.370308420161227900e+02 2.026519186816284162e+02 2.599205926854100426e+02 3.070641901576578334e+02 3.511189199414652649e+02 4.117616991971461289e+02 4.640659415604716287e+02 4.696974513198311456e+02 4.469856158098494348e+02 3.871293065577218044e+02 3.145208438609821542e+02 2.431830769468476490e+02 2.139836305284503908e+02 2.657471458286846087e+02 3.120127026147349625e+02 3.910129950242737209e+02 4.586017269561636454e+02 4.860497693900625222e+02
1.631439668600789469e-03 5.266561185210594687e+01 1.097514504697494573e+02 1.725390693622393314e+02 2.390642006227179195e+02 2.940581935174181467e+02 3.360969653889381448e+02 3.652858876918376154e+02 3.740215357373362508e+02 3.808953727220696237e+02 3.790634120965026455e+02 3.818784445583120259e+02 3.407725132532451084e+02 2.953387915324123014e+02 3.082092094008156664e+02 3.669896370038805458e+02 3.875474104775372552e+02 3.469182037853142901e+02 2.990601575724127201e+02 2.420809390335958540e+02 1.780653938699836658e+02 2.194745442104997153e+02 2.720073770560664457e+02 3.391084479363431683e+02 4.012808018199128810e+02 4.254550566245536061e+02 4.104382642483072345e+02 4.180773514034809182e+02 3.858950537600450730e+02 3.284296882307401120e+02 2.650922697147233862e+02 2.042235556293650802e+02 1.793826652612003159e+02 2.902329203343815607e+02 3.810328756156532677e+02 4.357407873014225856e+02 4.487245639126211358e+02
1.500496484432047462e-03 4.916577602709492112e+01 1.056137264145880579e+02 1.694793230430796029e+02 2.374320009056635286e+02 2.969969177765347013e+02 3.261241378139526432e+02 3.235369980859267116e+02 3.107518369683810420e+02 3.095898901759905470e+02 3.110893606535802292e+02 3.261070638695446746e+02 2.852471260886581490e+02 2.361263185209066080e+02 2.566180424611349054e+02 3.262551712757114615e+02 3.470910969461666014e+02 3.172850904964269034e+02 2.598211883111251836e+02 2.039352273076094662e+02 1.556409237781859645e+02 2.099786856650080438e+02 2.687143703818900349e+02 3.291657319501308052e+02 3.770019257017123095e+02 3.734921189034891995e+02 3.367585231714955967e+02 3.671728919500891948e+02 3.556166140208832758e+02 2.951404370609141665e+02 2.314782083899882252e+02 1.779822106343254120e+02 2.313846550185566571e+02 2.856767255725571317e+02 3.512130365405171801e+02 3.889753500638047967e+02 3.956522943604688862e+02
9.039551361381488372e-04 5.302870021194732431e+01 1.129972190328855959e+02 1.777810582214553108e+02 2.381756381749507625e+02 2.710820000491571591e+02 2.790259980631121834e+02 2.514778568465915498e+02 2.381603167821189970e+02 2.363298087703358590e+02 2.443357968790138273e+02 2.666396820017820346e+02 2.373868928812010211e+02 1.862813944654030252e+02 2.448390944978134769e+02 2.898411173278558408e+02 2.927575753586915539e+02 2.918957906293364317e+02 2.596332054662077553e+02 1.991638648433840046e+02 1.354729339187651931e+02 2.092872518367536259e+02 2.700392969198903188e+02 3.147075405414720990e+02 3.305116677621300596e+02 3.174940240799714388e+02 2.702260469289300886e+02 3.131739658842051881e+02 3.170648874412376585e+02 2.836037007344671679e+02 2.215110858014132589e+02 1.590726455183504982e+02 2.220111868893771714e+02 2.844616841605152331e+02 3.190259419079275176e+02 3.205394080763312559e+02 3.261447140673822673e+02
1.429837670197248601e-03 5.868052143069504467e+01 1.211362053666767622e+02 1.784746816882243650e+02 2.095391386061771470e+02 2.128814696408126110e+02 2.186889879450482965e+02 1.842313299284574271e+02 1.702447241456713414e+02 1.689973422382169588e+02 1.835387939858340474e+02 2.002877584962189417e+02 1.968199791986192508e+02 1.485066179285554142e+02 2.040194578177965354e+02 2.406367325827385173e+02 2.306981727318533899e+02 2.372239608463319485e+02 2.332772489308298702e+02 1.801424443800543713e+02 1.127997879849879297e+02 1.807788523302913575e+02 2.348094714706758737e+02 2.648086986453682243e+02 2.635229816483188188e+02 2.599342417853402480e+02 2.107193994444550356e+02 2.567217406109512012e+02 2.565648245160173815e+02 2.476493769190825844e+02 2.032743014573265441e+02 1.397947034100060364e+02 2.043980470652875852e+02 2.496852861561571899e+02 2.562578019194357353e+02 2.487562637231199858e+02 2.570412643679015900e+02
8.906530452106879887e-04 6.236190944193531749e+01 1.184048398885057765e+02 1.475858553692299608e+02 1.525669319874119481e+02 1.465834386806906195e+02 1.495356153729800326e+02 1.261204579787920608e+02 1.076776589556853594e+02 1.093438657040785955e+02 1.404359962985367360e+02 1.370797724580539239e+02 1.405906233611956964e+02 1.156792957139610394e+02 1.727149320201806972e+02 1.825719917150462095e+02 1.700009117142036814e+02 1.778953181179741421e+02 1.902281027848417807e+02 1.600128609981182706e+02 8.989546708823273491e+01 1.471868544073452370e+02 1.928174040203864479e+02 1.875556870024847171e+02 1.919431843668472197e+02 2.023895027388552421e+02 1.561509050980854170e+02 1.992275793775428951e+02 1.933110559420516665e+02 1.953693295884551446e+02 1.573331248329173206e+02 1.206358362154330592e+02 1.676607014652572616e+02 1.929558043196332164e+02 1.886070051198188366e+02 1.863548023286180637e+02 1.994334152792812915e+02
1.315733920322398939e-03 5.421565286189874655e+01 8.602753063085873464e+01 9.059748615077086242e+01 9.031366085867415450e+01 7.988065080700000919e+01 8.310270087109545045e+01 9.330509881760760038e+01 5.647131462629835852e+01 7.936902801480901815e+01 8.684841191728769161e+01 8.208949702294610518e+01 7.448182473935868586e+01 1.128167574981286947e+02 1.350206353647942592e+02 1.219606707028821688e+02 1.161040210660029288e+02 1.223504575793695324e+02 1.330622976685469894e+02 1.244314101935862169e+02 6.762703114312539299e+01 7.730845952706087587e+01 1.281371761924557404e+02 9.573806168234706604e+01 1.375650109307611615e+02 1.437260755817045776e+02 1.062814567236186463e+02 1.392054823960607450e+02 1.381191493558015395e+02 1.463451128312344451e+02 9.583735369037614760e+01 1.252918968781891920e+02 1.373065787044499189e+02 1.277800318429724342e+02 1.258281160754648198e+02 1.381708751405252542e+02 1.529436413438242823e+02
1.399994275800712888e-03 2.737823198387133949e+00 4.398626516546586629e+01 2.824698673156173001e+01 1.119629924527755982e+01 1.363749643624307772e+01 1.668579812053540579e+01 5.141393646435351172e+01 3.550031712791895444e+01 4.990141453542518235e+01 2.984349952286175878e+01 4.171835198849255022e+01 5.795909804832175638e+01 7.088198483115188253e+01 8.484054775345626354e+01 5.868035988267070024e+01 7.716550309133731389e+01 7.704191619808973712e+01 8.202192302222356091e+01 8.130483013298143646e+01 5.260516371468747820e+01 4.805418407071925913e+01 5.398607509290626183e+01 7.976691933134731016e+01 9.948851716779257970e+01 9.503171226451560472e+01 6.484616630188409658e+01 9.194461569433451587e+01 9.879367364037484833e+01 1.104679903088709381e+02 7.583828054197407198e+01 8.097998315410482917e+01 9.237315119188380663e+01 1.045111364505744262e+02 9.825999124874714141e+01 1.137478088822537927e+02 1.052643978763090757e+02
1.181206231400129276e-03 3.303714823799543154e+01 6.542631620746681698e+00 8.541847481606392734e+00 1.170812394414465807e+01 3.519016841055665878e+01 2.981562609300265976e+01 1.668579812720207300e+01 1.878617252120338321e+01 2.119417323421955146e+01 2.346749254300245013e+01 2.559984394385086759e+01 2.766057104956676937e+01 2.981843258867441193e+01 3.196409155923416279e+01 3.405351708649835984e+01 3.631716164682721626e+01 3.849045159766006208e+01 4.091051834047346603e+01 4.314306180427055892e+01 4.528200536648041918e+01 5.295674960335008308e+01 5.111430339293670500e+01 5.398444182049434659e+01 5.739132510750618366e+01 6.033421089337203824e+01 8.311119562685094309e+01 6.484616630855076380e+01 6.767747419229554851e+01 7.115812728531656717e+01 1.061114370945303307e+02 7.981506865626408853e+01 8.300707491799465743e+01 8.605408349483313657e+01 8.868941707712615141e+01 9.129253242125066947e+01 9.372102603731318027e+01
1.630222212009432327e-03 5.007295849545713651e+01 5.745789145693158417e+01 4.059466334093783502e+01 2.464058523655643640e+01 5.811764956839137142e+01 6.025465417510467603e+01 6.295427659420088418e+01 4.910607429540706903e+01 7.995978941020125319e+01 8.980056601931397608e+01 6.488828009792852924e+01 4.488605236851196878e+01 4.887364154883639600e+01 4.205369807058175269e+01 6.810959077692982078e+01 7.054441860583214918e+01 6.389535932340407243e+01 8.483408399836888236e+01 7.104340637638924250e+01 9.019546893557490819e+01 7.964205163467531179e+01 1.003175227718623717e+02 1.132964259164967160e+02 5.739132511417285087e+01 7.677502380804855875e+01 7.477940434414330184e+01 1.042767995636357199e+02 1.269605839050713456e+02 1.358195826384558131e+02 1.377837801421976849e+02 1.371403969720876717e+02 1.327557612141715140e+02 1.202655391149926487e+02 1.534979366201266942e+02 1.620633095533318908e+02 1.602100161600557158e+02
1.073448080148506822e-03 6.485458275105607129e+01 1.033055895155639377e+02 1.158644023788511106e+02 1.076791451710054019e+02 1.001278178831320957e+02 1.021719483559465118e+02 1.150205514884797680e+02 1.165388731785993031e+02 9.415894587749177447e+01 1.403557488799933139e+02 1.389917831142440150e+02 1.447341224110137432e+02 1.152023157504837627e+02 5.963622241112773992e+01 1.113930188028427892e+02 1.380524108208797998e+02 1.286241253853921762e+02 1.222000401851160944e+02 1.132939861440534912e+02 1.165453944285789163e+02 1.148900975094054502e+02 1.555028411912681747e+02 1.642520202241072127e+02 1.728977576530141107e+02 1.643506998047549814e+02 1.308602335737606381e+02 9.067973704802774648e+01 1.527965853367457498e+02 1.904586448319021201e+02 1.881324404877117331e+02 1.820582852795702991e+02 1.785316895192507616e+02 1.828412179456872479e+02 1.722020143224497986e+02 2.203852517962253046e+02 2.222524756800344221e+02
1.126548970877862483e-03 6.581548045300560545e+01 1.297889679916501393e+02 1.725415103138942925e+02 1.744075228015678931e+02 1.617129912830029070e+02 1.577252814726231520e+02 1.735285560289911189e+02 1.680881215383274707e+02 1.293647229877133782e+02 1.778148207889040862e+02 2.072272362370200938e+02 2.019211423206768927e+02 1.511321566879956322e+02 8.257643599933328460e+01 1.522387288777976835e+02 1.948909837901467768e+02 1.956307193032735370e+02 1.766714503168800547e+02 1.642398689824947269e+02 1.588670280790031484e+02 1.612930676913487105e+02 2.127405067894171111e+02 2.242048962046706606e+02 2.310016891182896188e+02 2.083958587055498981e+02 1.613258008324148420e+02 1.013432816137504346e+02 1.640686540869686212e+02 2.239353561418227514e+02 2.418011228808968269e+02 2.360900036233541925e+02 2.306228814730295085e+02 2.420545221062285464e+02 2.105067878035605702e+02 2.568521694277718552e+02 2.878173429416947897e+02
