output/field_example_lateral_ON/elevation_000095.asc
nrows	150
cellsize	66.66666667
xllcorner	0
ncols	150
yllcorner	0
NODATA_value	-9999
[rows 34 to 50 of 150, columns 37 to 73 of 150]
5.155065838334149930e+02 4.604292480597310941e+02 4.049634183915665631e+02 3.289134610618144166e+02 3.448319307522844497e+02 3.674854660727619375e+02 3.333732468882888043e+02 3.999995153115369249e+02 4.731502906682169964e+02 5.257519504428678374e+02 5.757420812679249593e+02 6.181036767837308616e+02 6.552003832889647583e+02 6.966865211115110696e+02 7.487893179158032808e+02 7.861677422029707714e+02 7.925964954167259293e+02 7.628157403311092821e+02 7.115517752990473355e+02 6.668226157937167500e+02 6.811708346445146844e+02 7.338876440382207420e+02 7.653947153149333644e+02 7.567061235499843406e+02 7.140987304110391278e+02 6.540236115339739627e+02 5.995431862747786909e+02 5.436778874384734763e+02 4.963947067025316642e+02 5.297163238945311150e+02 5.253897382847919744e+02 4.819835216779191569e+02 5.284212854901614946e+02 5.412620169166832511e+02 5.715675726845787494e+02 6.045979858944082252e+02 6.476503258015477513e+02
4.748075934625481977e+02 4.404644893562424954e+02 3.694795464383255990e+02 4.037393938281009582e+02 4.064010231111583948e+02 4.288132787137541300e+02 3.989169378154341530e+02 3.634513625924632834e+02 4.277545427416986854e+02 4.831562583709639966e+02 5.313922374262095900e+02 5.619429530961433557e+02 5.960075085456403485e+02 6.443744084144351518e+02 6.977112157134815789e+02 7.597217033802737660e+02 8.027047457836206377e+02 8.029977771342787491e+02 7.667813901392497655e+02 7.370053076461583714e+02 7.457668473099890889e+02 7.787805497395587508e+02 7.784310157250993143e+02 7.316640023337399725e+02 6.643408234337097156e+02 6.045471528142904845e+02 5.479364068390761986e+02 5.011267090476770250e+02 4.500626080534755147e+02 4.644473568681964366e+02 4.819209174456244682e+02 4.391035653257089848e+02 4.691106301758894688e+02 5.064974284630588954e+02 5.155605217346134168e+02 5.496964602110846272e+02 6.058155632561442872e+02
4.036255146705678385e+02 4.036255146639011855e+02 4.465593662469564720e+02 4.599449356072850037e+02 4.696616417838407074e+02 4.846818271676838208e+02 4.473251573404007218e+02 3.931801842204333184e+02 3.966009543080490403e+02 4.508422138788053530e+02 5.021177485467816837e+02 5.042095799965429137e+02 5.438821958267037644e+02 5.915688326121219234e+02 6.506735494181299373e+02 7.211680390400615579e+02 7.945568629594456525e+02 8.281955831877708079e+02 8.160630245560704452e+02 8.009939085826665632e+02 8.043970827529436747e+02 8.119708386971501568e+02 7.765324806864890661e+02 6.966308329295623025e+02 6.207040825089394502e+02 5.560674058321324082e+02 5.025407762696214036e+02 4.579366248421000023e+02 4.224809415795704695e+02 3.946963910711991161e+02 4.426963362805432780e+02 4.045291603008726042e+02 4.460799468533888898e+02 4.445931845990500051e+02 4.841843528512926582e+02 5.433060447417753949e+02 6.080833561032153511e+02
4.287877313019473036e+02 4.634924724289862183e+02 5.087591648321550224e+02 5.267885183666173816e+02 5.345043020548205277e+02 5.310978325671511584e+02 4.805043538679412904e+02 4.276046334704471974e+02 4.515655761924807052e+02 4.250239621937427614e+02 4.523384504488996072e+02 4.891003678419763787e+02 5.319261979217916405e+02 5.825487064946819373e+02 6.440348777486436802e+02 7.159123390477035400e+02 7.886805765614226402e+02 8.157705165243748979e+02 8.029772198918362847e+02 7.931349237903426683e+02 7.976196368356032735e+02 8.095197723029588133e+02 7.900427737124106216e+02 7.356066243657528503e+02 6.721274330722478680e+02 6.121880357704189919e+02 5.564999486067476937e+02 4.925939158355835161e+02 4.409186080152669547e+02 3.946963910645324631e+02 4.128361300644952507e+02 3.753208740604953846e+02 3.945300678290665815e+02 4.612838564251813409e+02 5.277275648570314388e+02 5.806971107041312052e+02 6.285858277666981166e+02
4.592394261853327748e+02 5.091694513397177957e+02 5.554130335538878853e+02 5.926078982553709693e+02 5.969412107109395720e+02 5.651822045503811296e+02 5.215458758151179381e+02 4.643787574202410724e+02 4.821178222145898644e+02 4.250239622004094144e+02 4.721035124534628835e+02 5.270286861639559675e+02 5.751083658430170544e+02 6.298937150403049827e+02 6.865772249979950175e+02 7.492939673187931930e+02 7.893667187075816400e+02 7.771905169557752515e+02 7.357785067116747086e+02 7.233761905257174476e+02 7.310891639505856574e+02 7.701959984926768357e+02 7.876474156061943859e+02 7.562936684411006354e+02 6.944132174191853437e+02 6.318657789144792787e+02 5.746925676695511811e+02 5.385593878702159145e+02 4.871838214642018556e+02 4.196973252903123921e+02 3.635937593386944968e+02 3.496814145751350793e+02 4.050034398277411469e+02 4.706595680739318937e+02 5.369642501200717106e+02 5.799360210802757365e+02 5.955059357709535561e+02
4.949593778954001095e+02 5.518503865850701686e+02 5.981367492786242792e+02 6.417741007002024389e+02 6.425124771309842799e+02 5.914480186341987746e+02 5.263512735696911022e+02 5.147438162858824171e+02 5.198545859578188129e+02 4.687380458287379383e+02 5.141428380274657002e+02 5.643851515901469611e+02 6.219792236607104314e+02 6.759841552603760420e+02 7.324156079242548003e+02 7.693444551665425024e+02 7.708614070732435266e+02 7.329555660127517740e+02 6.662287843093250785e+02 6.452692448330728894e+02 6.610189556226378045e+02 7.150825534575934626e+02 7.589897961250608205e+02 7.500527335040902699e+02 7.004176518829737006e+02 6.454244725633988082e+02 5.965083174644088331e+02 5.547522907661622185e+02 5.019589846094293648e+02 4.517282081507693761e+02 3.882471626119650523e+02 3.308062255784438435e+02 3.994014519666954470e+02 4.699669831724915525e+02 5.230681931836304557e+02 5.339533817887200939e+02 5.346122578116925297e+02
5.485346732918483212e+02 5.534037789412955135e+02 6.287947420912429379e+02 6.795723473690833316e+02 6.778408388811175200e+02 6.244085069318757633e+02 5.726272276029741306e+02 5.665413521627093587e+02 5.646690270255448922e+02 5.198694440130462908e+02 5.626859775299866442e+02 6.150318914686112066e+02 6.682358937301147535e+02 7.241716831247355231e+02 7.589857877534949466e+02 7.633193112556156166e+02 7.353947801346698725e+02 6.804152155757261653e+02 6.232764526850723996e+02 5.706769010730422451e+02 6.128047996634771835e+02 6.695369202427193613e+02 7.247518841069446580e+02 7.237353761759587769e+02 6.639178159985552838e+02 6.029687419565344726e+02 5.508154811586880442e+02 5.125394173031916125e+02 4.883552432421399772e+02 4.431844588701530938e+02 3.793728819589815089e+02 3.143129958965159858e+02 3.881278749878408121e+02 4.451551208310402217e+02 4.898760428385103296e+02 4.771275197449614325e+02 4.803492867719337482e+02
6.095814614945608128e+02 5.954172571072386972e+02 6.504414707159016871e+02 7.113969183519199078e+02 7.130641648652085678e+02 6.582157897008407872e+02 6.344366006915222442e+02 6.230496274286516609e+02 6.074358646450366450e+02 5.849863083762801352e+02 6.250285167969750546e+02 6.688793734318109045e+02 7.205018879756825072e+02 7.544173579086576638e+02 7.550173629120743044e+02 7.252845826360580759e+02 6.811012304630027074e+02 6.344041421410811381e+02 5.750060030084903246e+02 5.219210141088503860e+02 5.642084706575104747e+02 6.298156330331340769e+02 6.938988425805811175e+02 6.993413263507233069e+02 6.333672088916164284e+02 5.590231317877442052e+02 4.969092030236329265e+02 4.462810499285179731e+02 4.402724809737929945e+02 3.996576881632612412e+02 3.600667681464598786e+02 2.974515636812255934e+02 3.559971155556338545e+02 4.196441548358068303e+02 4.482706489242019643e+02 4.172828088484898217e+02 4.455495600913627072e+02
6.773771422865461318e+02 6.462091688445619866e+02 6.971783941298675700e+02 7.491348646638671198e+02 7.554574979810479363e+02 7.193519936245329518e+02 7.002989722069229401e+02 6.863577598134926347e+02 6.719819027270769993e+02 6.578443928074268570e+02 6.944445869258562425e+02 7.273359720510387660e+02 7.551071868767024853e+02 7.606733126922382553e+02 7.249154481655032214e+02 6.663648503824982754e+02 6.162264562014613603e+02 5.955890046561097506e+02 5.366961650569569429e+02 4.835208803450845494e+02 5.496905243998307924e+02 6.089047663024184658e+02 6.645955369175693477e+02 6.926618319992123816e+02 6.514941393127382980e+02 5.784898549405222639e+02 5.072336428778074833e+02 4.422962507937677969e+02 3.810061034640144157e+02 3.419565170528867384e+02 3.082510999398606373e+02 2.818539704017414351e+02 3.457920334389478398e+02 3.791667187669431769e+02 3.985746499119462101e+02 3.774943555333169343e+02 4.122512581962904505e+02
7.400810620719256576e+02 7.077544295312966369e+02 7.492265843254670017e+02 7.922053786701712852e+02 8.000041884999337753e+02 7.790242450159985310e+02 7.582470577228712045e+02 7.419044513564193721e+02 7.297377513264273148e+02 7.237337999334251890e+02 7.383741577075520581e+02 7.532160464246151150e+02 7.556717143952313336e+02 7.409151990732669901e+02 6.831038856231323280e+02 6.161699478531727436e+02 5.556200913062056088e+02 5.455191456624753528e+02 5.017118993385544741e+02 4.499669900860766916e+02 4.972053592823211261e+02 5.579614332912152577e+02 6.233711344474816087e+02 6.767032383745298603e+02 6.594286097022177273e+02 5.958670672516130935e+02 5.285424884501478573e+02 4.672503878480472963e+02 4.282393327353988752e+02 3.895834275187988851e+02 3.342900568429496388e+02 2.680678528663095221e+02 3.172341591260008613e+02 3.109579407909611746e+02 3.391035473261527500e+02 4.032359119864697163e+02 4.583368403098081671e+02
7.808048054407094014e+02 7.743593241849322339e+02 8.081398222683574204e+02 8.266469995134162900e+02 8.171087176058834984e+02 7.883210195492794128e+02 7.608898757709588381e+02 7.396983508709964781e+02 7.299145870898123576e+02 7.264735429103935758e+02 7.242402374792708315e+02 7.108561790400359541e+02 7.040505276633685980e+02 7.020822315328259720e+02 6.758979261854476590e+02 6.157323821112339601e+02 5.495076287944865499e+02 4.869903027827954247e+02 4.469550038950216049e+02 4.212455377395901905e+02 4.932419729913977449e+02 5.543533853859144074e+02 6.119941209612276225e+02 6.601538955524030143e+02 6.586866286926873499e+02 6.092885950508812130e+02 5.522603791328391480e+02 5.017169268866319385e+02 4.539885347091781682e+02 3.900032630084555763e+02 3.201337379010115001e+02 2.544778522683936330e+02 2.742015161241776582e+02 3.368241506706465884e+02 3.848200021899434091e+02 4.305069139467547643e+02 4.788865284427024562e+02
7.924848782746362303e+02 8.271240877267304086e+02 8.435078879383605681e+02 8.287865859294447546e+02 7.928366341209928123e+02 7.473601095156841438e+02 7.136410205858154541e+02 6.864132995404565918e+02 6.785343661983541779e+02 6.741576548265624069e+02 6.676177438745871768e+02 6.496069070623108246e+02 6.393141965807814131e+02 6.374543101724063945e+02 6.473162012855076455e+02 6.176539106979964799e+02 5.573878602669167321e+02 4.980540837350937409e+02 4.556825049131021501e+02 3.963409721622654729e+02 4.586461432273552532e+02 5.059180670268855238e+02 5.724520921308765082e+02 6.366067561690949788e+02 6.405109428117220887e+02 5.802917175688180578e+02 5.164401914465951222e+02 4.618461214197693607e+02 4.417016677445789128e+02 3.931355726787958247e+02 3.202622115628951178e+02 2.424767783098357370e+02 2.811111890877467090e+02 3.225680041513380161e+02 3.653184060335833578e+02 4.077650564120743866e+02 4.399465713284769777e+02
7.873361848893160868e+02 8.315090152370735268e+02 8.395945006843527381e+02 8.022267569337161603e+02 7.463017719349337540e+02 6.994639795051746205e+02 6.615955637408059147e+02 6.345508711751316469e+02 6.234928403425977876e+02 6.166633903380272841e+02 6.093568211560655072e+02 5.912947665675492317e+02 5.787276115709883015e+02 5.660476743948867124e+02 5.994463375576790440e+02 5.984775393185444727e+02 5.474119651846775696e+02 4.842397322606653915e+02 4.232008829465323743e+02 3.738055664347163543e+02 4.214241694429200038e+02 4.881767527268586377e+02 5.582295058453802312e+02 6.208453773742173780e+02 6.290408887475282427e+02 5.720020764736622141e+02 5.046720788071107791e+02 4.431729644845332245e+02 3.882241930377728636e+02 3.790184078850949163e+02 3.381858964801265302e+02 2.844265329773298845e+02 2.225972530441423771e+02 2.631254381757988199e+02 3.064267286553427425e+02 3.556935201985622825e+02 4.220506084693874413e+02
7.507417921483919372e+02 8.118185153389161997e+02 8.206430222899906539e+02 7.646362738150963878e+02 7.037378584345884747e+02 6.520406604969855380e+02 6.105054821303233439e+02 6.069024344714850940e+02 5.736279060363646067e+02 5.647405744155757930e+02 5.582037019148575610e+02 5.401642907766448616e+02 5.403019461324698796e+02 4.998620760974589530e+02 5.458341825532347684e+02 5.629072444937459068e+02 5.395489271100063888e+02 4.800869720310784601e+02 4.240773700922598550e+02 3.549866602898173369e+02 4.269937697604419782e+02 4.906803346077390415e+02 5.510410156353526645e+02 6.055383596262013270e+02 6.213208728947616919e+02 5.688273547564356249e+02 4.976586038122139257e+02 4.323691302832265251e+02 3.754317043855412521e+02 3.257796781425354311e+02 3.193570806200945640e+02 2.759211962933276254e+02 2.102524768848578844e+02 2.697105626082797016e+02 3.079054165106427376e+02 3.593391986933149838e+02 4.220618015557209333e+02
7.203835544680877092e+02 7.956364496561925534e+02 8.124947631373275954e+02 7.589403609973401217e+02 6.988540464477758860e+02 6.451809932180699434e+02 5.990274402159885767e+02 5.587202599368739584e+02 5.574460289668310224e+02 5.178844499390587544e+02 5.214361310333202937e+02 4.916544093052763174e+02 4.967657862298852365e+02 4.474410072291142342e+02 4.781415896951239120e+02 5.109409010326628504e+02 5.113284980708939997e+02 4.584317360936035470e+02 3.907700794633366286e+02 3.333164974381850811e+02 3.972630326651167820e+02 4.464672996472687601e+02 5.122212062954056364e+02 5.803115712148694456e+02 6.139153611863406468e+02 5.874122828750763574e+02 5.311084569868918379e+02 4.714528050884046024e+02 4.138868368039853181e+02 3.440689716058804493e+02 2.729318088537322637e+02 2.374814036155398753e+02 2.102524768781912314e+02 2.461670778090598901e+02 3.003865729071308692e+02 3.611374743430931744e+02 4.298135542365819788e+02
7.571917096777743836e+02 8.047091527914257085e+02 8.167692328862481190e+02 7.836344031430838868e+02 7.390204819124468258e+02 6.856432275777355017e+02 6.418642772439566215e+02 5.842267173564531504e+02 5.136597724374669269e+02 5.077421707874077583e+02 4.645614585743761040e+02 4.520136717371230475e+02 4.618276946605944886e+02 4.034920982217740857e+02 4.080113234466990093e+02 4.520723223648736848e+02 4.683910630934460073e+02 4.452071787334831470e+02 3.825622681034385550e+02 3.131907665579635136e+02 3.621569702154497463e+02 4.330294626513874618e+02 4.922104357516147388e+02 5.439078206279093592e+02 5.939604707045640453e+02 5.839851329901777035e+02 5.249137304709799992e+02 4.615878064632325959e+02 4.193758154443395938e+02 3.622456803968576651e+02 3.162047540658907678e+02 2.633361199106469144e+02 2.030426278910952647e+02 2.614824892013496083e+02 2.952706421633338323e+02 3.577476243401777083e+02 4.291418252037898924e+02
7.784333695178351036e+02 7.928321151552497668e+02 7.873398827676941210e+02 7.738467154089979658e+02 7.557444019139328475e+02 7.164684126975375875e+02 6.568089886786760871e+02 5.945301962855345437e+02 5.398451898735829673e+02 4.682582897076242716e+02 4.393053423845921657e+02 4.171673252255023954e+02 4.368871134872717903e+02 4.028783005768752332e+02 3.428259046195063888e+02 3.877706072317226926e+02 4.077480626892878490e+02 4.152112135039701570e+02 3.692475585050761993e+02 2.941444585632341955e+02 3.358487473918776800e+02 3.855021672166888038e+02 4.432069381316126169e+02 5.111966012208264942e+02 5.743670392206465749e+02 5.711291030217148545e+02 5.090646679436157456e+02 4.394217076943986058e+02 3.746229247548918693e+02 3.473988272406555780e+02 2.996757514106009239e+02 2.214147184170679736e+02 1.940790136794304317e+02 2.475065747060238834e+02 3.047624122134338336e+02 3.681495229864900125e+02 4.292502703656732024e+02
