output/field_example_lateral_ON/elevation_000083.asc
nrows	150
cellsize	66.66666667
xllcorner	0
ncols	150
yllcorner	0
NODATA_value	-9999
[rows 17 to 33 of 150, columns 37 to 73 of 150]
2.435178839174518259e+02 2.372051935980797737e+02 1.954244221017783048e+02 1.643555728838386472e+02 1.299202032605933539e+02 1.990311995497096120e+02 2.815082778881654804e+02 3.492898689351551411e+02 3.854756740692960193e+02 3.899048496180512871e+02 3.577370985997472417e+02 3.141949035956744183e+02 3.238579624305565972e+02 3.824500239317483192e+02 3.891943273355367978e+02 4.137978705121259964e+02 3.932413533196013304e+02 3.325490216532575118e+02 2.660644209381755445e+02 2.052463855450689323e+02 2.729031756562290525e+02 3.402239990343607019e+02 3.902557476070688836e+02 4.320037641581784555e+02 4.260691707600922200e+02 3.748916760742291672e+02 3.172505909203410397e+02 3.773529031307000992e+02 4.228450806426940858e+02 4.670118777033484889e+02 4.678756647543088434e+02 4.320494538324572318e+02 3.733308103215105689e+02 3.115798484307858303e+02 2.564462926439362604e+02 3.157391029760162269e+02 3.806133810714218839e+02
3.056076339750591160e+02 2.734071531361677216e+02 2.282886044041444507e+02 1.584160652538002694e+02 1.356085698786163789e+02 1.912784488815037491e+02 2.596591840364125687e+02 3.371897234933839513e+02 4.041829579824385519e+02 4.325721228020180433e+02 4.168364596304226666e+02 3.771766937482834123e+02 3.755653052347506105e+02 4.236299727699020536e+02 4.555234465832271553e+02 4.574440090280878621e+02 4.099684071207744296e+02 3.402159503533337670e+02 2.747273203398543728e+02 2.175266655911442797e+02 2.784008629140644189e+02 3.453215791647580204e+02 4.132679559453754337e+02 4.626469316457859691e+02 4.632488726835264856e+02 4.154493302924030331e+02 3.593817822175530523e+02 4.008495359502599626e+02 4.629880584337843743e+02 5.098999143957640854e+02 5.081654048849509309e+02 4.584168517284098812e+02 3.867889767638969261e+02 3.179859060647102638e+02 2.564462926506029135e+02 3.132565295038349973e+02 3.765336920681605193e+02
3.449368500830719313e+02 2.947803624529804551e+02 2.228968471629951864e+02 1.846058186823899803e+02 1.417606266522931264e+02 1.827547881838173680e+02 2.578456609116576033e+02 3.396948457638758327e+02 4.060432668059866046e+02 4.493988868709047892e+02 4.622297175206912243e+02 4.459562853072499706e+02 4.375824128779980811e+02 4.837802796271317902e+02 5.029867263274317111e+02 4.738811049874040577e+02 4.077727031890411808e+02 3.385070783967763077e+02 2.756716968725204993e+02 2.298341675373559383e+02 2.868128092624597798e+02 3.422411418629479840e+02 4.107601959974629153e+02 4.742738570437351200e+02 4.972350121958323257e+02 4.667138860730007650e+02 4.090976572142887449e+02 4.565467621376846523e+02 5.046588271196762321e+02 5.462403987528161906e+02 5.285369791399339192e+02 4.625731449437080300e+02 3.893626240524967557e+02 3.215187860753159157e+02 2.706121744540138252e+02 3.192866253272431436e+02 3.764556948466986910e+02
3.494006492890740105e+02 2.964217031341061102e+02 2.638426377759181491e+02 2.168631962938709705e+02 1.496451535558143462e+02 2.097030228406485151e+02 2.666835335223244101e+02 3.159950487427846610e+02 3.684475627519375962e+02 4.297018524996700535e+02 4.781510319523430326e+02 5.052094084029820351e+02 5.053173838501681416e+02 5.370305999721773560e+02 5.326173428568851023e+02 4.758855686649192194e+02 4.088106237175391584e+02 3.488164543172057961e+02 3.067643596622560835e+02 2.536832354005095453e+02 2.493492645960869822e+02 3.293372338081957196e+02 4.018391234505607486e+02 4.708360377593656381e+02 5.230247578857751023e+02 5.130672796186735241e+02 4.673393830770043564e+02 5.122062313103358520e+02 5.609878783147130434e+02 5.808127462078508643e+02 5.439340903146825212e+02 4.743866862027372804e+02 4.065138121881627171e+02 3.541262063395857922e+02 2.857029921928614726e+02 3.243026453385497234e+02 3.825987659361862825e+02
3.875750745087854625e+02 3.453332484071081581e+02 2.905249799407398541e+02 2.227844021749553463e+02 1.567998579012399603e+02 1.832382956083536953e+02 2.202028234088820113e+02 2.653959764515357165e+02 3.198995428788290951e+02 3.839740910134107139e+02 4.629091547657068304e+02 5.308887893281910237e+02 5.677214484593753241e+02 5.819262773002691347e+02 5.488742681103052519e+02 4.811413974531120630e+02 4.130249759045454994e+02 3.532570828829262837e+02 3.021428656746816728e+02 3.003688360578067318e+02 2.621979237910543361e+02 3.271743936699369897e+02 3.955874758366325068e+02 4.679899443076970442e+02 5.342670864150367152e+02 5.564270073489735751e+02 5.353114894117512677e+02 5.710406277687050078e+02 6.078090896701659176e+02 6.021880095637210388e+02 5.429301937279838057e+02 4.729156534677816808e+02 4.079182671989768778e+02 3.519292047644150898e+02 3.018125819532824607e+02 3.622279205383726435e+02 3.983940830717006065e+02
4.142679217388116513e+02 3.471744389930771035e+02 2.794542498541298414e+02 2.126001477819353624e+02 1.649256751452893468e+02 2.195578086417955035e+02 2.399718039117885553e+02 3.060858451184856790e+02 3.623243095939375849e+02 4.186743843841109083e+02 4.709059833298179569e+02 5.379882907804783372e+02 5.961382831050623281e+02 6.053601028695796913e+02 5.518777594513436497e+02 4.837786980862954351e+02 4.202773804785495031e+02 3.644401424150148614e+02 3.618200518611383814e+02 3.280905949385824556e+02 2.770709256689810900e+02 3.454606687205447315e+02 3.983007033694391339e+02 4.625194561037499170e+02 5.301696945402788970e+02 5.854349672639270921e+02 6.005078982829968481e+02 6.343841024059846632e+02 6.477090314416407182e+02 6.135923101545297413e+02 5.464833999680305396e+02 4.791133503972969265e+02 4.164472823266461887e+02 3.771652702777119543e+02 3.200551770876148225e+02 3.958321253391706023e+02 4.498995415285015724e+02
4.044455369115698318e+02 3.404365826659647496e+02 2.836650676292788376e+02 2.406008276216209936e+02 1.741123332161168946e+02 2.302771003403125292e+02 2.814640717026177867e+02 3.026300036025825193e+02 3.509654011366993700e+02 4.064606715605322620e+02 4.689034112851910550e+02 5.436712288906034019e+02 6.098529550437652915e+02 6.225522703487627041e+02 5.658585779996553811e+02 5.007999074937540058e+02 4.430481966445491366e+02 4.336094499244955500e+02 4.049352327105729614e+02 3.562224930116742030e+02 2.929183483452871428e+02 3.231523709745843007e+02 3.919144399487514079e+02 4.616752247379466212e+02 5.236795951295728173e+02 5.824806658360589608e+02 6.331675815784670931e+02 6.718702540061096897e+02 6.647972390034908585e+02 6.053243692830972122e+02 5.356777702308842208e+02 4.701448184907549148e+02 4.017982272549499498e+02 3.200551770942814755e+02 3.398304271193743489e+02 4.071127250506257838e+02 4.593087498950652048e+02
4.017512186151863034e+02 3.395481160552361644e+02 2.840457854917781333e+02 2.332678624683625799e+02 1.823553934391349287e+02 2.154777856132253646e+02 2.807213575000236574e+02 3.382382412843406883e+02 3.933166688441502288e+02 4.506077285022972774e+02 5.085546945615366781e+02 5.633429882426347604e+02 6.250511192375970495e+02 6.454321440699960704e+02 6.095565955742360984e+02 5.552901444619230915e+02 5.122525988255816856e+02 4.835948695351458468e+02 4.421293629453902554e+02 3.845124592076659837e+02 3.108472909181489854e+02 3.678225425730725533e+02 3.759379126628166432e+02 4.182199889137103241e+02 4.779052470785672995e+02 5.450370734437428837e+02 6.186562720810944711e+02 6.785315940169190299e+02 6.706296245576676256e+02 5.995953517875249190e+02 5.258172746747380870e+02 4.628954717127963363e+02 4.042297895311052685e+02 4.111336560865428282e+02 3.644612581678687206e+02 3.768586982487668706e+02 4.106875603742200838e+02
3.992935385195877984e+02 3.429679112648298656e+02 2.928642055135063629e+02 2.533581702843513028e+02 1.924067310038301741e+02 2.524752522392340950e+02 2.665861755922455814e+02 3.067754178752596204e+02 3.767493002457851503e+02 4.462297747209722161e+02 5.064410073582398013e+02 5.647526357544742268e+02 6.226002742010629163e+02 6.597202585773183046e+02 6.380633443862329841e+02 5.821454234867933337e+02 5.255800215099070556e+02 4.880163762635677358e+02 4.436810841923881412e+02 3.923472615418662599e+02 3.308281534791990453e+02 3.974279883782376146e+02 4.401867197182840528e+02 4.806867530374943840e+02 4.909940303001002349e+02 5.492768057171824694e+02 6.209395961586285466e+02 6.900179457207932501e+02 6.924549716222186362e+02 6.304707723201896670e+02 5.626620093719164970e+02 5.062140240657399204e+02 4.690859759695997582e+02 4.560277198497175846e+02 4.001853316820656801e+02 4.379541036935542593e+02 4.232208004166083697e+02
4.062854269039245310e+02 3.567056869296998229e+02 3.003965042591186716e+02 2.307892324355516394e+02 2.019536529427099651e+02 2.743715710435697588e+02 3.210536234445868331e+02 3.521041519417651102e+02 3.627078272297360400e+02 4.061762269880347844e+02 4.613829340542280875e+02 5.240770994112700691e+02 5.932197017333853637e+02 6.529760226256132682e+02 6.416315986083197913e+02 5.787957613372979040e+02 5.115725682333800250e+02 4.500403832841395229e+02 4.008248942645548141e+02 3.562099319300706952e+02 3.932327436700225576e+02 4.448222275748716470e+02 4.942958818407325339e+02 5.350513556408859586e+02 5.594779959608556510e+02 6.016317278943378142e+02 6.589059132275185675e+02 7.188713466701813104e+02 7.235274815958536010e+02 6.673866383244610461e+02 6.051318080613995107e+02 5.552369886183367953e+02 5.172287917461542293e+02 4.690096755190889439e+02 4.430484822534455702e+02 4.849910589351634940e+02 4.609308718410891856e+02
3.559761821913298263e+02 3.126717883160917495e+02 2.762770807493919278e+02 2.701946683843344772e+02 2.129250752080865254e+02 2.796092558963983947e+02 3.280994103040163168e+02 3.642860549687274556e+02 3.993982679656718915e+02 4.417339858346062442e+02 4.773211974533776925e+02 5.343865157524369351e+02 5.996021797051387239e+02 6.560787695671853044e+02 6.450972072617272488e+02 5.798245621178708689e+02 5.102568615179708900e+02 4.469729284493925547e+02 4.041710927203405959e+02 3.731764755190822598e+02 4.274452157740212783e+02 4.715378639225849042e+02 5.158734712403892217e+02 5.597279879552266948e+02 6.052151502275914936e+02 6.526643265951397552e+02 7.054914229268061945e+02 7.537362680636247205e+02 7.598519708765209089e+02 7.098476000616506099e+02 6.537117353022182442e+02 6.074335923500301533e+02 5.591288166734977949e+02 5.389779772472375043e+02 4.937749965090658293e+02 5.310479445918460897e+02 5.055655146059380627e+02
4.003146704987344151e+02 3.621518736116630635e+02 3.286465137221813961e+02 2.934910306565921587e+02 2.230184189599152091e+02 2.500552569938999170e+02 2.818461784846876981e+02 3.170337116815159106e+02 3.678218555169015644e+02 4.188835386961498557e+02 4.716957805377723503e+02 5.320367832792388754e+02 6.000122504780414374e+02 6.604436299908904857e+02 6.550751380524205842e+02 5.892335317717964926e+02 5.237758728465269087e+02 4.819220273306024751e+02 4.469131796187829195e+02 3.933162726586386384e+02 4.113662970213179619e+02 4.418908623779529989e+02 4.773051911796659397e+02 5.281638792292189919e+02 5.848734178739786103e+02 6.466073548893737097e+02 7.141712524431860629e+02 7.776858243695156716e+02 7.944315934142065316e+02 7.547926989134126643e+02 7.104374051955421692e+02 6.676368272811737370e+02 6.285880458980127514e+02 5.831243720894328817e+02 5.665015432842587870e+02 5.781216791542304918e+02 5.678257306516214840e+02
4.570405524680878671e+02 4.143848235366839958e+02 3.692283189841504054e+02 3.037670944783625941e+02 2.349026125027946534e+02 2.928694473017458222e+02 3.372564257723453807e+02 3.750217544732992678e+02 3.720265390787657793e+02 4.148815393524691899e+02 4.652228035281746088e+02 5.258226651029949608e+02 5.989623140209885150e+02 6.701403590114332474e+02 6.781712280536377193e+02 6.241110978890116030e+02 5.694880764154921735e+02 5.324780934703916273e+02 4.806008865074031746e+02 4.171246485666709987e+02 4.603680979417782169e+02 4.939556223317322861e+02 5.310029121807965566e+02 5.366232423819533324e+02 5.859130638575768444e+02 6.471454265469255915e+02 7.187310784976604054e+02 7.901203589700251086e+02 8.173266537465262900e+02 7.935824525539296701e+02 7.600623079010434822e+02 7.299802509309382685e+02 6.962572950276144184e+02 6.543171084503543398e+02 6.441241122166571813e+02 6.469114655619073346e+02 6.364775142110188426e+02
5.045014216283638007e+02 4.462327360967564687e+02 3.769418645528945717e+02 3.089155081120960062e+02 2.470809513129691481e+02 3.186384556867863012e+02 3.794877279836598518e+02 4.235700011066418256e+02 4.332920036490725124e+02 4.749919911283413967e+02 5.228820433386016475e+02 5.763817327991100683e+02 6.363047543882599939e+02 6.981526627112893948e+02 7.102823632117705301e+02 6.642387362273287863e+02 6.142209212734603625e+02 5.474016005874605071e+02 4.804154952459151104e+02 4.442755731012851470e+02 4.926447882122535020e+02 5.330716585818856856e+02 5.725293980589331113e+02 5.951097569697335530e+02 6.401338119644768767e+02 6.948248100193152368e+02 7.581383388982967517e+02 8.010669709138570624e+02 8.024861008780711700e+02 7.759723021256698985e+02 7.511903571144997613e+02 7.508032833780558803e+02 7.388213960994661420e+02 7.240592356784263757e+02 7.188234005471796308e+02 7.203448523469298834e+02 7.101688989389771223e+02
5.051835562727698630e+02 4.418042382081448523e+02 3.761610562018062751e+02 3.145221755235494925e+02 2.583666084042412194e+02 3.108712348139612232e+02 3.819613650930926383e+02 4.497774335925749369e+02 4.960048834098419093e+02 5.322946236234043909e+02 5.847749872867652812e+02 6.342789059240413962e+02 6.842133553040848710e+02 7.292287794994854266e+02 7.427110658128766545e+02 7.019121401881050133e+02 6.283287478807939124e+02 5.588803928217946577e+02 5.062709473539017040e+02 4.965185867116433087e+02 4.919455614942778539e+02 5.313369928450644011e+02 5.817628924529041115e+02 6.412781909766439412e+02 6.933977114757727804e+02 7.475609959749181144e+02 7.843211712968471829e+02 7.898515336866820462e+02 7.609558378959951597e+02 7.143189691429432742e+02 6.794984749240921929e+02 7.110162166294733197e+02 7.225254538056701676e+02 7.363465441043489363e+02 7.456871255163565593e+02 7.621144774688157213e+02 7.705229261320133674e+02
4.565219158999318552e+02 4.267062004115754235e+02 3.801183379897300938e+02 3.298894198853147373e+02 2.707589107359409013e+02 3.391630332770594123e+02 3.887930826469270755e+02 4.507714921917882407e+02 5.132125405459033800e+02 5.708154676315332381e+02 6.143806259940059817e+02 6.577905951771240325e+02 6.992958198293672467e+02 7.387033222622369522e+02 7.620970042393745416e+02 7.321543075781302150e+02 6.686742097711722863e+02 6.091875064330653231e+02 5.573342127910080990e+02 5.528795243958260244e+02 5.469724173783598644e+02 5.592951405915408714e+02 6.232920955672262835e+02 6.834586863874271785e+02 7.438489278095332793e+02 7.803721756858018352e+02 7.847237501673708948e+02 7.546703059023622018e+02 7.019761985119973815e+02 6.529866254254914111e+02 6.079538629463869484e+02 6.519024448759957977e+02 6.544692085506248986e+02 6.879587306917472915e+02 6.926676556309441821e+02 7.331454385110212115e+02 7.668962799768871719e+02
4.422491559992664065e+02 3.774947403294319770e+02 3.303925776721526404e+02 2.919536297853552469e+02 2.857609353659063345e+02 3.382094959481881347e+02 3.986559332409224226e+02 4.631810611832729592e+02 5.186395206555073401e+02 5.604129730408870955e+02 5.807225795470353660e+02 6.144984429263835182e+02 6.558267692908078743e+02 7.014469950340343303e+02 7.486573788753131566e+02 7.549746524079902201e+02 7.188394615400380872e+02 6.561705701032634579e+02 6.265139570436725762e+02 6.175888046652813728e+02 6.117924186770376309e+02 6.164628497577663211e+02 6.710969478268669945e+02 7.352922670475091991e+02 7.775040149713581741e+02 7.853545426826900666e+02 7.547562201026009916e+02 7.012991564862555833e+02 6.486967884915110290e+02 5.941308028667471035e+02 5.487712567443085163e+02 5.934292385143971842e+02 5.844180217987772039e+02 6.252192993046952552e+02 6.251904645796546447e+02 6.722446531790409381e+02 7.208949481077588644e+02
