output/field_example_lateral_ON/elevation_000039.asc
nrows	150
cellsize	66.66666667
xllcorner	0
ncols	150
yllcorner	0
NODATA_value	-9999
[rows 68 to 84 of 150, columns 74 to 110 of 150]
4.620738362004194073e+02 4.041335745671208315e+02 3.697097011271512201e+02 3.079129477630779661e+02 3.659868179751874209e+02 4.291294229789787096e+02 4.680687117735906781e+02 5.375422274934281859e+02 6.121419831400028215e+02 6.511324601965444572e+02 6.219575894307033650e+02 5.646200817317711653e+02 5.052132783568818013e+02 4.551919580059151258e+02 4.446236664764276725e+02 4.234050059946850979e+02 3.804167873493208276e+02 3.284248962204966915e+02 2.818232054957708783e+02 2.138223476791023643e+02 2.324938251254189368e+02 2.853383754056269481e+02 3.198661888619917022e+02 3.196295398546818092e+02 2.926303560720783707e+02 3.481507107439269930e+02 3.835468686437169481e+02 4.369219035740118784e+02 4.951458602527891344e+02 5.549661501916185671e+02 5.967423037430850172e+02 6.363436427484584783e+02 6.783359542486297187e+02 7.194958853338962399e+02 7.445117448932235220e+02 7.085713834540883909e+02 6.529582176563526446e+02
5.055897443511851748e+02 4.453628247382228551e+02 3.763169303448549954e+02 3.246295265896353044e+02 3.947660015469447785e+02 4.521978967000132457e+02 5.163619631307389000e+02 5.785954780436944702e+02 6.413121531256044818e+02 6.769376458097638078e+02 6.507587814135865756e+02 6.026169809392882826e+02 5.514268591155411059e+02 5.077193552811285144e+02 4.697476895667116992e+02 4.239158007622129958e+02 3.624585709414533881e+02 2.849637530140826698e+02 2.407394093643894166e+02 2.373243196969121129e+02 2.196503133772932301e+02 2.652981374901751792e+02 2.901154716348482907e+02 2.634951708802270787e+02 3.195853026479742311e+02 3.625522928883717100e+02 4.127975078995352760e+02 4.579001808073536495e+02 5.017351047892675524e+02 5.321007172738685540e+02 5.353633208486436388e+02 5.722239950922530625e+02 6.157803414102389752e+02 6.644282126170608080e+02 7.058509389493892741e+02 6.789270260302478164e+02 6.018640980773967613e+02
5.053180068773713174e+02 4.479711225975447064e+02 4.038387296875017682e+02 3.413429231064268379e+02 3.908491248335086539e+02 4.459218382281893582e+02 5.088595106685101541e+02 5.791192428933539986e+02 6.487880425351639815e+02 6.789064066466753502e+02 6.481081221019439909e+02 5.998079237341609087e+02 5.461019994810359321e+02 4.932388959444958232e+02 4.467960019834578134e+02 3.921893587428984347e+02 3.295375405916848877e+02 2.670925126497349424e+02 3.059336164702017982e+02 3.081311932559052593e+02 2.739512422984067825e+02 2.262931608332626183e+02 2.694824032057782119e+02 2.329707361906420431e+02 3.094397147248761257e+02 3.520108940144703524e+02 3.923330650160574464e+02 4.269580550991258292e+02 4.664935570355710297e+02 4.746841543721427001e+02 4.665130426984862879e+02 5.068658928586686443e+02 5.585773200450382774e+02 6.217876766874181840e+02 6.707894884368760131e+02 6.523339355105550794e+02 5.825798467576054236e+02
4.949565583402966240e+02 4.377325840743265530e+02 3.933043449072972066e+02 3.602134070744037899e+02 3.965011357341352323e+02 4.453195239118069253e+02 5.046261976264729583e+02 5.756491277572814624e+02 6.470360551998674055e+02 6.618600575274692801e+02 6.098319732838363052e+02 5.533309392340862587e+02 5.025590732722681082e+02 4.462842663158838832e+02 3.984350419087213595e+02 3.681776618332773978e+02 3.273098039029574693e+02 2.851961783463038955e+02 3.404821383764100915e+02 3.603938674084534455e+02 3.352474834676398814e+02 2.870067276564175245e+02 2.329707361839753901e+02 2.737685957795519016e+02 2.969114269596025224e+02 3.121380146069488433e+02 3.451358317558766657e+02 3.836480415135561657e+02 4.176773894613743323e+02 4.120218130920398494e+02 4.086480497602419177e+02 4.585555791388497369e+02 5.209867414980458307e+02 5.911965569219609051e+02 6.368673794370496353e+02 6.236205623609572513e+02 5.866389842910789412e+02
5.286412329455333747e+02 4.734333820163865880e+02 4.333589761998240419e+02 4.184405600824461544e+02 3.937346092162445643e+02 4.619578658626787160e+02 5.346787290799532002e+02 6.027795554187254083e+02 6.559161826714604331e+02 6.475607456128068407e+02 5.770783569342116834e+02 5.055701197869159955e+02 4.492586044332941810e+02 4.275896670622884699e+02 3.878834064982465861e+02 3.426518467001408794e+02 3.107353969698359606e+02 3.478663341473026094e+02 3.515638860426927863e+02 4.069232254664077004e+02 3.947318111364447759e+02 3.410949624846787742e+02 2.909084053858762786e+02 2.395021703447033872e+02 2.703422499730928052e+02 2.869985282560117525e+02 3.014415901025279254e+02 3.416330084679378274e+02 3.575192107306709772e+02 3.517554905406033754e+02 4.104978731125059426e+02 4.712008376063074024e+02 5.335006332858802125e+02 5.835895324870469949e+02 5.975618732185062072e+02 5.668608301051668832e+02 5.503049325371059695e+02
5.648774262357009093e+02 5.118354819725715856e+02 4.702072704460470618e+02 4.237655362814674049e+02 4.597229089648157583e+02 4.678567503740442248e+02 5.270545675911843091e+02 5.969756137744413991e+02 6.589601179439475800e+02 6.465095845202459941e+02 5.758209514521306573e+02 5.018260869945609670e+02 4.376956377975216697e+02 3.842700532084615475e+02 3.551379473361023429e+02 3.342871997160947899e+02 3.815720657184322135e+02 4.021380862284236173e+02 4.006802174772097942e+02 4.533712003345473818e+02 4.511436214864296517e+02 3.968165982897709227e+02 3.351509081143308890e+02 2.802591553375258400e+02 2.462836245976234579e+02 2.503342358571658224e+02 2.503342358638324754e+02 2.927263772810291016e+02 3.006916481812969550e+02 3.627925327401639493e+02 4.177293532854371847e+02 4.653746884097564589e+02 5.052455654899465003e+02 5.503101252429726173e+02 5.601741479862650976e+02 5.105637674903778702e+02 4.921146848433518244e+02
6.046847941837073677e+02 5.524591259441883722e+02 4.993658748156028082e+02 4.477859155897473897e+02 5.039943917682596179e+02 5.323331822242231510e+02 5.754273603630408616e+02 6.300021711201444532e+02 6.782539823201849458e+02 6.552165739733751479e+02 5.798589054669846519e+02 5.076629964032543967e+02 4.486262278635524581e+02 4.115388279376909395e+02 3.564459663674791159e+02 3.947978032334819432e+02 4.344548046938452899e+02 4.697862113689676562e+02 4.601289735536462899e+02 5.080364654050805484e+02 5.068827881452405677e+02 4.521260587988921316e+02 3.907551303180036371e+02 3.425661277346046631e+02 3.351744673919327511e+02 3.051060906618708941e+02 2.808325064934171564e+02 2.571105885245385707e+02 3.055237361657138422e+02 3.399939342375823799e+02 3.806704512784596091e+02 4.164676052767738952e+02 4.578983147167379002e+02 5.032401235588719146e+02 5.199841475640372437e+02 4.871019031673067730e+02 4.296806447824822612e+02
6.519885109802048646e+02 5.913059771798458542e+02 5.343359115582287586e+02 4.751129837070670874e+02 5.208746432226525940e+02 5.746603884011082073e+02 6.264547964356273724e+02 6.753591134730372687e+02 7.045893195197254499e+02 6.741910656800349670e+02 6.125739866048538715e+02 5.499711727342752283e+02 4.865579018573594112e+02 4.224282785449835842e+02 3.706640847563531906e+02 4.101728261435055174e+02 4.772665945679808033e+02 5.246072008472148127e+02 5.270006768373973500e+02 5.670735646693826766e+02 5.619048675562448807e+02 5.112905856055051572e+02 4.637902496461574060e+02 4.244245838299051456e+02 3.958683377106257808e+02 3.574490325051219202e+02 3.217973987547329102e+02 2.935307156750048989e+02 2.637033182114943770e+02 3.036095311613385661e+02 3.306912243080988105e+02 3.620567270056609459e+02 3.946537374176610911e+02 4.415561715811245449e+02 4.611651123516686539e+02 4.361400754239585922e+02 4.103624606396454624e+02
6.989797441328985315e+02 6.396415533144142955e+02 5.772116169618927870e+02 5.302929746861078684e+02 5.133907659083027966e+02 5.726891529306683424e+02 6.378868277630289185e+02 7.003157030356539963e+02 7.188529298502240863e+02 6.676312191944604137e+02 5.999654822964048435e+02 5.465426752870831706e+02 4.768440652754110829e+02 4.109855609194882504e+02 3.869426783294321694e+02 4.377662340714451261e+02 4.900345445879089539e+02 5.552211722874220641e+02 5.936359228655586548e+02 6.229580637880955010e+02 6.106368387645281928e+02 5.708356352901081436e+02 5.278985100357325564e+02 4.876330654490643042e+02 4.475948165895472926e+02 4.031549885501808035e+02 3.426948746393571810e+02 2.637033182181610300e+02 2.994211555135790377e+02 2.695178783339611641e+02 2.734460134335088242e+02 3.166211336838310899e+02 3.296728689507615968e+02 3.769559750906243494e+02 3.858469855313313701e+02 3.662667532339662557e+02 3.651205780457101469e+02
7.527001181307188062e+02 6.899962166572669275e+02 6.321017980345700380e+02 5.872735045586680371e+02 5.287469123625915017e+02 5.718205753876361541e+02 6.411158399733741362e+02 7.118258183669605614e+02 7.221557241442286568e+02 6.591304387837319609e+02 5.816046802988250874e+02 5.076863108108661322e+02 4.608532929753405938e+02 4.394749493058709504e+02 4.080403428222621187e+02 4.681446900928809782e+02 5.333925598140809825e+02 5.927003583960961350e+02 6.446908235550616837e+02 6.611625818788876359e+02 6.329049271079340997e+02 5.858750727476218572e+02 5.369866415842373044e+02 4.910558468445269682e+02 4.506677516928834279e+02 4.049384263679265814e+02 3.476063401973107148e+02 2.781604398364391386e+02 3.269135112342500520e+02 3.137149316989398358e+02 2.914358225534054441e+02 2.783191585486173381e+02 3.083996539908710020e+02 3.288276227772880702e+02 3.237041876861251239e+02 2.980922846793032477e+02 3.055514623196146431e+02
7.933911159149323566e+02 7.424023407915893813e+02 6.927685542440757445e+02 6.390018905654653736e+02 5.891493963465860588e+02 6.042256438560145853e+02 6.751385889940514744e+02 7.362704005362227235e+02 7.360258685453726457e+02 6.688570416870234112e+02 5.918023775048645803e+02 5.424171370785217050e+02 5.049169310061859619e+02 4.835972047780888374e+02 4.380415025434507470e+02 5.087198354993970497e+02 5.742274276087847511e+02 6.361770354676640409e+02 6.697985743474793026e+02 6.630411062144206653e+02 6.142588563139826192e+02 5.534401186338676553e+02 4.956592833391571276e+02 4.426995405848591076e+02 3.941334217117934031e+02 3.711712488695280854e+02 3.024566550522353054e+02 3.528790650454949969e+02 3.692557500111915942e+02 3.426582961742440716e+02 2.928370152187558801e+02 2.991127085226108875e+02 2.831269924386149341e+02 2.862096559823774555e+02 2.890965394630109131e+02 3.260509823365559328e+02 3.544162343718435295e+02
8.239025146530786969e+02 7.986209841761501593e+02 7.464265327360805031e+02 6.955151085844096315e+02 6.554548203255046701e+02 6.588395356615893661e+02 7.162616467632391277e+02 7.694513143598735496e+02 7.620193622389147095e+02 6.933185856159473133e+02 6.335855363251930612e+02 5.821790949850635570e+02 5.349533202046061433e+02 4.825962143124826866e+02 4.986132169386547730e+02 5.558167957824109635e+02 6.227711795978057125e+02 6.644722024552938819e+02 6.688390620152956672e+02 6.405233454077138049e+02 5.996277443756448520e+02 5.502108599061949690e+02 4.984353176122352806e+02 4.463171201589526049e+02 3.924927929120088947e+02 3.266318029655562327e+02 3.710562439672552273e+02 4.124047575295446677e+02 4.180706145283788828e+02 3.777629234109393224e+02 3.277027089206815162e+02 3.457839639295700067e+02 3.476308985703668668e+02 3.371628369505713749e+02 3.057609596073139642e+02 2.957341618814558615e+02 2.957341618881225145e+02
8.385515300659404829e+02 8.397939226664193484e+02 7.987043552900889836e+02 7.607365092003855125e+02 7.278536221901786121e+02 7.197768884484038381e+02 7.654167716446515897e+02 8.098680609845064282e+02 7.978575051112200072e+02 7.376605699317267408e+02 6.762630195800580850e+02 6.227974672162587240e+02 5.682084936270994149e+02 5.209186335122564060e+02 5.679135184833334051e+02 6.122945384575355092e+02 6.618833624477690591e+02 6.765924127737214349e+02 6.427458446664321627e+02 5.886050744682131608e+02 5.472082005990868083e+02 5.105877300591901644e+02 4.514974834428058443e+02 4.075826899580532086e+02 3.469084815805536550e+02 3.906883154507698919e+02 4.254677454871995224e+02 4.651089222511217827e+02 4.523875845024256819e+02 3.843816137568355771e+02 3.671977991463310218e+02 3.803713282368038904e+02 4.049052046456863536e+02 3.839495104371039247e+02 3.787677066063943130e+02 3.500493000211487811e+02 3.038186333125291299e+02
8.520378106754786813e+02 8.708734227677449553e+02 8.488356349462030721e+02 8.223306117462241218e+02 8.032138859828170325e+02 7.900308741890222564e+02 8.199888207266324116e+02 8.534715445378720915e+02 8.388880523637076294e+02 7.833307551710435064e+02 7.262316468460990109e+02 6.664712306680814891e+02 6.151676573345296219e+02 5.684602461995305021e+02 6.243385532564093410e+02 6.722746301572027505e+02 6.934549492191455329e+02 6.698896669550563274e+02 6.048772086697176746e+02 5.393404898731829462e+02 4.820601160426752472e+02 4.711554527136338493e+02 4.289053866111214006e+02 3.617843580514307860e+02 3.469084815872203080e+02 4.046343726222304440e+02 4.677797242908823705e+02 5.126577411685358356e+02 4.947438897068975052e+02 4.283470080340438244e+02 4.232807997478285529e+02 3.932133507151677350e+02 4.518705222617372215e+02 4.372676393345352608e+02 4.184584544288874781e+02 3.038186333191957829e+02 3.537802087115378527e+02
8.641668729429793530e+02 8.689074260864372263e+02 8.464414450005180015e+02 8.259997253170056410e+02 8.342562784808137621e+02 8.466391765000039413e+02 8.691854704553874171e+02 8.869717057957409452e+02 8.748876817806258259e+02 8.358256681405439394e+02 7.773047667325714656e+02 7.228519161112278653e+02 6.690426578112405878e+02 6.258846544265074954e+02 6.816432920538078406e+02 7.105707512145309011e+02 7.039522537199088674e+02 6.602935963816830736e+02 5.939938622086311852e+02 5.261564419435768514e+02 4.642246795391898786e+02 4.090409513878128678e+02 3.808987142388428992e+02 4.198686414461738536e+02 4.109079143397121356e+02 4.518639524569437640e+02 5.097121887250643795e+02 5.588691081022558365e+02 5.443552261494183995e+02 4.827135916430557927e+02 4.796820722371614920e+02 4.787117064014400967e+02 5.066475691849639702e+02 4.872971867608930552e+02 4.431124914362784466e+02 4.231980882765066099e+02 3.869866822319425523e+02
8.503951717610145806e+02 8.296454489169591398e+02 7.881178038910650230e+02 7.563673972347288554e+02 7.945951977424300594e+02 8.279046870446053390e+02 8.566733839853511654e+02 8.704283852518011599e+02 8.820579898512784212e+02 8.697045296218442445e+02 8.341406694557238097e+02 7.815155999514838641e+02 7.353577710306987001e+02 6.927157311269825186e+02 7.269845246173611031e+02 7.224272300753945046e+02 6.839145870530436468e+02 6.305543996217094218e+02 5.833601342427243708e+02 5.189510076302267407e+02 4.536681575296631195e+02 4.403844648577597809e+02 3.957775209953663875e+02 4.594241790666296765e+02 4.821415454705889942e+02 5.178242561406267441e+02 5.624083001705863580e+02 6.080756497139087742e+02 5.989671987733833021e+02 5.459395118367932582e+02 5.480331225017805536e+02 5.552432224382142749e+02 5.626920508044819371e+02 5.303351832914081569e+02 5.018896040881886620e+02 4.643603119217683570e+02 4.217609095969110058e+02
8.094684774597319574e+02 7.705930256232340980e+02 7.271663875014436371e+02 6.846367757542883510e+02 7.285413816527297968e+02 7.700343495653607988e+02 8.013102851723164122e+02 8.045313721149171897e+02 8.441757681481070676e+02 8.713316880474569643e+02 8.707932585041060065e+02 8.441483527989395270e+02 8.015485019133668629e+02 7.655539682372159405e+02 7.635844735673357491e+02 7.100293413547379942e+02 6.393300846439727820e+02 5.852671405629364472e+02 5.401767278868255744e+02 5.012091918271302688e+02 4.838705499970318442e+02 4.182096853066072981e+02 4.261205886829291103e+02 4.806418024909687574e+02 5.330598943073675855e+02 5.746321126295215436e+02 6.199818009770388016e+02 6.581304785987507557e+02 6.563485850218523865e+02 6.160753988985429714e+02 6.194088929302769202e+02 6.231227488475909695e+02 6.081451464115446015e+02 5.777103769383891176e+02 5.420050677211577295e+02 4.980130582436522673e+02 4.471107222379889663e+02
