output/field_example_lateral_ON/elevation_000053.asc
nrows	150
cellsize	66.66666667
xllcorner	0
ncols	150
yllcorner	0
NODATA_value	-9999
[rows 34 to 50 of 150, columns 111 to 147 of 150]
6.087093554830922812e+02 5.509455939069936221e+02 6.038708786783666937e+02 6.559190981056085548e+02 7.193202746734575612e+02 7.629396527350962742e+02 7.540023325419618914e+02 7.036645888624309464e+02 6.483224029738402123e+02 5.899648465026401709e+02 5.359052002041761398e+02 4.851631407206145354e+02 4.359377781510734735e+02 4.989529336985653458e+02 5.508731860251550643e+02 6.006785671846733976e+02 6.516243479026639989e+02 6.983490553634901516e+02 7.682705624532657112e+02 8.399768020890719527e+02 8.724522783890936353e+02 8.280344893001705486e+02 7.664881999015719884e+02 7.303536339645656881e+02 6.949647130125553076e+02 7.199043176018777785e+02 7.582702231823891452e+02 7.969437697760081392e+02 7.886126805094341989e+02 7.426747657551992461e+02 6.853284134800793481e+02 6.197396348053927113e+02 6.047886739032352352e+02 6.727252670645125363e+02 7.047928776920489327e+02 7.513331488346466358e+02 8.063584986591125698e+02
5.759399877462719815e+02 5.179472976218045233e+02 5.656816445954717665e+02 6.327920315917805283e+02 6.771753901290815065e+02 7.247717145600147433e+02 7.245785987459621538e+02 6.636776417728822253e+02 6.000897938137254641e+02 5.720923486226539580e+02 5.339845144466100919e+02 4.866911856298499970e+02 4.243349945425306942e+02 4.622393333776872737e+02 5.066244716376223778e+02 5.553949807195351696e+02 6.085148871673885651e+02 6.766123301347014376e+02 7.527011323585207947e+02 8.287110259501303062e+02 8.634611389477407783e+02 8.156886616977403719e+02 7.452762283450589393e+02 6.772907932075517010e+02 6.772907932008849912e+02 6.500974456086466944e+02 7.135846383221715996e+02 7.549152627363022248e+02 7.570566299015499681e+02 7.111013495691317985e+02 6.471007683294060371e+02 5.822613092495392948e+02 6.086316532027752828e+02 6.445026495196020733e+02 6.916766286506077677e+02 7.480252411939524109e+02 8.074460383494581492e+02
5.425021260385677806e+02 4.889345674632751866e+02 5.489597424509363464e+02 5.772708551308891174e+02 6.272621903511676464e+02 6.866637085923957784e+02 7.004774733815804666e+02 6.460817443348970528e+02 5.774790901790092903e+02 5.131798441907396864e+02 4.874005637585074737e+02 4.531220515405063907e+02 4.134584224340130163e+02 4.725620047774234536e+02 5.287603406257511551e+02 5.746680940792037973e+02 6.078912395493307486e+02 6.659393501644691469e+02 7.368043880406420385e+02 8.123477064766575495e+02 8.636280690775429321e+02 8.357284182531002443e+02 7.762973747337399573e+02 7.379546303015312105e+02 7.074445268296261702e+02 6.500974456019799845e+02 6.810066593083880662e+02 7.008925867673348193e+02 7.129666503760876139e+02 6.869230541140708510e+02 6.459241628147580059e+02 5.822613092428725849e+02 6.153495128048996321e+02 6.791050924785220104e+02 7.270811734868320855e+02 7.622153159265451450e+02 8.158576636418141561e+02
5.390216846753072559e+02 4.627652737939134795e+02 4.982488100563411990e+02 5.121065440622163578e+02 5.846173214303671557e+02 6.497150913917195112e+02 6.787342332538034952e+02 6.426783798210362875e+02 5.725053674312226804e+02 5.029213759476780297e+02 4.393856136819750304e+02 3.961628076803226577e+02 4.472360674279435671e+02 4.607536174448876523e+02 4.965447708695141387e+02 5.381788497106743989e+02 5.907208063287793038e+02 6.523166049723786273e+02 7.282132014297277465e+02 8.060134941434174607e+02 8.619631572654776619e+02 8.511947481790048187e+02 8.155772566260624217e+02 7.811595932117965049e+02 7.413997640983283191e+02 6.850742654163223051e+02 6.126321477538243698e+02 6.443382666909235468e+02 6.539781087107903659e+02 6.499901931710411418e+02 6.061768499195669619e+02 5.697429718926103988e+02 6.318222929555698784e+02 6.701456984179498022e+02 7.134202936010825624e+02 7.601372778916660309e+02 8.142518519861355344e+02
5.440164139238072494e+02 4.783292153815981465e+02 4.249303018391320279e+02 4.941661807847928003e+02 5.464190177770620949e+02 6.039636046602350916e+02 6.504384239043459957e+02 6.320569779991005817e+02 5.686370287593362036e+02 5.036670505110481599e+02 4.508183931158545192e+02 3.844319514793201051e+02 4.452072392864683366e+02 4.936344979785313853e+02 5.358453225797259165e+02 5.811826805770585906e+02 6.332257030296721041e+02 6.922428877977969250e+02 7.514868540032348392e+02 8.205250635196349549e+02 8.516410060576622527e+02 8.300733078020493849e+02 7.963084104354742294e+02 7.651800285414681184e+02 7.448171447621519974e+02 6.934577191134693521e+02 6.300544867977928334e+02 5.667040505825551691e+02 5.889083990220885880e+02 6.062106214391025105e+02 5.468605831942808209e+02 6.165252962456389696e+02 6.700879979302964102e+02 7.225921824742416675e+02 7.666320796647996758e+02 8.104754179144842965e+02 8.570439593111478871e+02
5.381901729510655059e+02 4.742559918966684904e+02 3.994927017302287595e+02 4.435207126985099535e+02 5.008406822583364146e+02 5.676431079617755131e+02 6.219355103074433373e+02 6.135528190109022262e+02 5.570506538635349898e+02 4.898881200476142794e+02 4.239670173143149441e+02 3.732482749234894754e+02 4.339397881930529479e+02 4.600137850010665943e+02 5.064480102690374679e+02 5.580232886911484229e+02 6.167624739330483408e+02 6.832530390857504017e+02 7.535240440316182458e+02 8.142666727110583906e+02 8.168890633840698001e+02 7.706154379711676938e+02 7.275030786972783972e+02 6.933349375880216030e+02 7.099996173532916828e+02 6.972853455445878126e+02 6.450532320839531621e+02 5.830871195163655329e+02 5.277590038737309897e+02 5.634771493787867485e+02 5.300324295204081864e+02 6.177560926293829198e+02 6.998353828086360409e+02 7.645540640361215310e+02 8.134567253849655799e+02 8.553813749011557093e+02 8.968345143843479264e+02
4.999851645987432107e+02 4.431223403838272361e+02 3.787891562688824365e+02 4.366959077271564524e+02 5.012864754574155199e+02 5.601839103644780380e+02 5.831604658511409980e+02 5.779465120956683677e+02 5.501677584470988904e+02 4.955762862393025330e+02 4.275838804504203381e+02 3.628706154382414866e+02 3.972951685469598715e+02 4.441116422971194879e+02 4.952049267740874257e+02 5.525620600178544919e+02 6.174925809375982908e+02 6.883963638918218066e+02 7.566172463088356608e+02 7.963390556050399027e+02 7.744412592207362422e+02 7.145981208406225278e+02 6.569365172435606155e+02 6.162856723602437796e+02 6.571695434236185065e+02 6.721215291201029913e+02 6.398986460847216904e+02 5.781500748651549202e+02 5.238430899575134845e+02 5.057145928729171374e+02 5.834260862053307619e+02 6.413418699311541786e+02 7.116771532882470410e+02 7.691754633164360939e+02 8.135765411815797279e+02 8.472570011071571798e+02 8.830672151538872185e+02
4.581576627602668168e+02 4.104346727076091383e+02 3.595715197428639271e+02 4.261371763318770718e+02 4.899451850412261820e+02 5.206874785034838169e+02 5.158579889178166695e+02 5.102233845463433681e+02 5.086557351436400154e+02 4.672232457232380511e+02 4.108243400100567442e+02 3.532888532656940015e+02 3.915949150102727003e+02 4.439737236140372829e+02 5.003699542279992443e+02 5.627498739113926831e+02 6.294691672242191771e+02 6.927489644381993230e+02 7.364264910670416384e+02 7.561730621429097710e+02 7.197724879156255611e+02 6.625367325584226137e+02 6.015022274578491306e+02 5.541448591852145000e+02 5.987665330404580573e+02 6.311400379955044855e+02 6.117635509402241496e+02 5.156661144595409496e+02 5.077244040155712810e+02 4.942906178320558865e+02 5.926849358405785324e+02 6.520332236235224173e+02 6.839180639116930251e+02 7.232665453036047438e+02 7.689052744552810736e+02 7.834343974691005315e+02 8.245326793043706175e+02
4.099794935299052554e+02 3.693706513509284264e+02 3.400070626183911031e+02 4.122837646232983388e+02 4.552167828843118969e+02 4.553699241707637952e+02 4.409093458493922526e+02 4.347983408785568145e+02 4.439180992110019019e+02 4.252009244282241411e+02 3.908253758594780152e+02 3.442088095472491318e+02 4.142516644422778995e+02 4.627217795022792757e+02 5.190497993222749074e+02 5.810061696920018903e+02 6.350159801180271870e+02 6.617505709557548244e+02 6.825124234535987853e+02 7.004678573551183263e+02 6.695823977060113066e+02 6.100304193451988795e+02 5.546629779171020118e+02 5.053231202907011834e+02 5.529013690916557380e+02 5.806848800317438872e+02 5.719743396704858469e+02 5.286348332936771612e+02 4.933293261063953423e+02 4.853493412294992595e+02 5.617514462601740206e+02 6.080237063739714358e+02 6.211112980069372043e+02 6.664432346569980155e+02 7.097491346778523393e+02 7.154640533618583049e+02 7.713931732530002137e+02
3.668753758401041409e+02 3.067165543520946471e+02 3.481999483817966166e+02 3.859648223019142961e+02 3.958072611642178344e+02 3.792700200153229275e+02 3.656165509739980735e+02 3.621634019329900411e+02 3.713524274303571815e+02 3.737373027087743367e+02 3.282002231220203043e+02 3.950879017243623821e+02 4.532667256316998987e+02 5.061843312494681868e+02 5.510417526594949322e+02 5.885577957104778761e+02 5.981693513979669206e+02 5.946013980650295707e+02 6.327727465651480543e+02 6.359174462230683957e+02 6.205666090146874012e+02 5.637248345523963735e+02 5.104786174952411670e+02 4.648980729598695234e+02 5.158447715954597470e+02 5.154466279608485593e+02 5.180180361884575859e+02 4.700638510556286178e+02 4.759215759342449132e+02 5.040997692339711875e+02 5.103188277565953399e+02 5.364974318443597667e+02 5.656593430690625155e+02 6.021322361192420658e+02 6.440084149564524978e+02 6.999127160643225807e+02 7.612574036987596173e+02
3.201193591144838138e+02 2.806278729857771168e+02 2.936323151322110903e+02 3.387459126630349715e+02 3.414832985746241434e+02 2.930492544159873773e+02 2.968863729781249958e+02 3.008965344310205978e+02 3.050078807729612436e+02 3.202157025338637482e+02 3.192083361655449494e+02 4.005196312999638053e+02 4.624141404275628702e+02 5.064863364726842860e+02 5.334232323263018998e+02 5.473929192395709151e+02 5.291614621333629884e+02 5.333393847661666314e+02 5.798791116494854805e+02 5.738415503856347186e+02 5.644171535808877707e+02 5.162873059157010402e+02 4.687192814010483630e+02 4.295443015573369507e+02 4.754570618903741206e+02 4.441417574184732757e+02 4.550762372046565929e+02 5.125889554928315874e+02 5.133447334578213486e+02 5.504576558216662079e+02 5.532636054435964752e+02 5.441268268251662903e+02 5.731781632752174573e+02 6.376618076858761697e+02 6.881455843801810488e+02 7.404594229723475109e+02 7.975630722672528918e+02
2.720349273009653075e+02 2.753762636528953749e+02 2.786006507871960025e+02 2.825411071130543519e+02 2.861576750485047569e+02 3.047317898061582468e+02 3.217176255912825695e+02 3.444390805356798637e+02 3.417404853156254489e+02 3.111801378081378289e+02 3.164827187719729977e+02 3.827019296864802982e+02 4.252810824827412262e+02 4.628813152137272482e+02 4.644808921549236516e+02 4.860198919671487943e+02 4.533012445562322910e+02 4.991923490858828245e+02 5.213461411531438898e+02 5.181227335609625015e+02 5.063972370486066552e+02 4.637140558832658712e+02 4.153296954720951248e+02 4.642806499920952774e+02 4.295443015640036037e+02 4.763896524451327537e+02 5.084847675722472218e+02 5.550688542144959001e+02 5.911180158058558618e+02 6.010254571102433374e+02 6.056428061839600332e+02 5.965693036832986991e+02 6.336193161653808374e+02 6.225136070397445565e+02 6.627434076504426912e+02 7.236009643945677681e+02 7.876557173158482783e+02
2.950727798164568298e+02 3.343324854543886886e+02 3.251535302350429220e+02 3.312171916798887992e+02 2.948515238443353610e+02 3.419806968003862835e+02 3.622878927093440211e+02 3.749446076197664297e+02 3.740144839356852344e+02 3.901100101232194106e+02 3.775242153777662111e+02 3.275951137952413319e+02 3.884996996267699956e+02 4.013259754559145449e+02 3.825390508607122797e+02 4.309728455053851235e+02 4.023506318853769699e+02 4.491557194883478701e+02 4.650957111552345964e+02 4.733000567264978145e+02 4.486132010128066554e+02 3.996249820577976379e+02 4.596960695700536803e+02 5.020799093831399773e+02 5.014672331291091041e+02 5.116442789920878909e+02 5.569232965600197076e+02 5.997829799794801602e+02 6.531186695250780758e+02 6.691788314264001656e+02 6.687328584063169501e+02 6.653811948256168307e+02 6.767640082467881939e+02 6.795268938282310955e+02 6.884556239015133769e+02 7.293640032774038673e+02 7.932628316307284422e+02
3.525738026189079051e+02 3.960688717234494902e+02 3.914618298687512379e+02 3.637165299343948845e+02 3.069204949387720944e+02 3.689841954645992246e+02 4.142665115690745097e+02 4.257023144920282789e+02 4.234596979885482142e+02 4.429057544311742163e+02 4.125080738664384512e+02 3.867029562983705659e+02 3.364268814051446270e+02 3.364268814118112800e+02 3.583857285475266394e+02 3.932976360365202595e+02 3.616541921284754721e+02 4.010828904827787369e+02 4.219593167119745090e+02 3.902479840444665342e+02 4.254078778252823554e+02 3.899279140223256377e+02 4.602401603092226878e+02 5.247084213432948445e+02 5.615821656511462834e+02 5.743361344167585685e+02 6.111929592637981159e+02 6.530905254212971158e+02 6.971077053589586967e+02 7.350338662753262042e+02 7.377321929007185872e+02 7.381634316373409774e+02 7.392282152160800024e+02 7.416131266148804571e+02 7.436495033439446161e+02 7.790683216915208504e+02 8.138600635540273061e+02
4.196715531556645828e+02 4.551951436322527229e+02 4.464200693285177977e+02 3.913345663357145554e+02 3.229454802302958569e+02 3.986804184729421081e+02 4.557693159568657393e+02 4.836247162126552439e+02 4.790264837424088569e+02 4.895242291914005364e+02 4.598682865334961889e+02 4.235023745143883502e+02 3.684784028968259690e+02 3.988084209364739650e+02 3.462781046444314939e+02 3.528389391222847848e+02 3.966017033013691844e+02 3.676781152970120843e+02 3.676781153036787373e+02 3.717857548115204622e+02 3.774731664211901148e+02 4.259028708319647762e+02 4.683317273952988558e+02 5.277059062079184741e+02 5.867511711904778622e+02 6.285805792342258655e+02 6.653956074075794049e+02 7.050570134438552259e+02 7.458351417555566059e+02 7.821251833364613049e+02 8.013462902166307913e+02 8.102490774235036497e+02 8.081114348015238420e+02 8.109878144008109757e+02 8.135309151650868671e+02 8.444639851877285537e+02 8.782556006394075894e+02
4.862250809813288015e+02 5.062692004664750129e+02 4.798519036563882310e+02 4.183793221113344885e+02 3.399774486685238912e+02 4.052824923898395468e+02 4.725557387151663420e+02 5.274137163239179245e+02 5.340181270400411222e+02 5.285222752622753433e+02 4.846062606975126528e+02 4.228591886794189918e+02 4.138682023107487566e+02 4.505612124918300765e+02 4.378896912271173392e+02 4.227154411794939506e+02 4.254081312792921494e+02 3.802323977739692396e+02 4.199071215762527345e+02 4.236238038283855758e+02 4.242074936677771007e+02 3.935838321552723755e+02 4.597698030214594382e+02 5.175224557547212498e+02 5.742769581216864481e+02 6.236098949360882671e+02 6.687901716616518115e+02 7.123029553824677578e+02 7.539400082496548521e+02 7.911465197211432496e+02 8.230470417356268626e+02 8.530447785257841815e+02 8.689961895503391816e+02 8.791985780756822351e+02 8.876214588839452517e+02 9.111128682243456751e+02 9.403754315557725931e+02
5.470944733424943252e+02 5.428869792305390547e+02 4.882206000945155893e+02 4.210074642583360855e+02 3.563831559516274297e+02 4.202267615464720052e+02 4.897560365884930320e+02 5.550933020931471447e+02 5.796005567314862219e+02 5.449081759313736484e+02 4.823658133016502916e+02 4.769256896794133240e+02 4.646873461849776845e+02 4.989496848280606400e+02 5.008709303195332723e+02 4.722937015078773015e+02 4.397477588151871828e+02 3.978563286635017562e+02 4.637998325564569768e+02 4.800960939069536835e+02 4.647690551741069385e+02 4.548228888405994326e+02 4.116016004291267905e+02 4.756968660476266564e+02 5.286698622917859893e+02 5.790421774342291883e+02 6.255538299207305499e+02 6.700984004074562108e+02 7.111971529280151572e+02 7.445789920515427411e+02 7.829863516548366533e+02 8.374185178968053833e+02 8.812077264447879088e+02 9.067144896496585034e+02 9.133189234696327503e+02 9.313185732694395256e+02 9.582512806188142349e+02
