output/field_example_lateral_ON/elevation_000099.asc
nrows	150
cellsize	66.66666667
xllcorner	0
ncols	150
yllcorner	0
NODATA_value	-9999
[rows 17 to 33 of 150, columns 111 to 147 of 150]
6.015997266001280650e+02 5.311727852482897561e+02 4.698587413626090097e+02 5.465780241233325114e+02 6.081232401377770884e+02 6.547654241353451425e+02 6.873978132496055196e+02 6.980976705919739516e+02 6.919437832715772174e+02 6.750811899400583798e+02 6.264603072172030807e+02 6.171955120061689968e+02 6.718820812485741953e+02 6.538858871566202424e+02 5.978460923878471931e+02 5.720299541186140004e+02 5.720299541252807103e+02 6.513840899160314848e+02 7.174991814525614018e+02 7.397122974539623783e+02 7.073884180020986605e+02 6.591440433219255510e+02 7.025716638498486191e+02 7.045675878697978760e+02 6.519148612030728600e+02 5.875612200100000564e+02 6.051544788960942469e+02 6.754624793152088387e+02 7.196147450955688782e+02 7.656866645839072589e+02 8.134414421318018640e+02 8.500935483739878009e+02 8.808184466506712624e+02 9.102789243604779585e+02 9.422608043551756509e+02 9.810047678185842415e+02 1.032384334793767721e+03
6.189837709484773995e+02 5.627272711219505936e+02 4.926506684038634489e+02 5.583512955838288008e+02 6.115448375591822696e+02 6.536658436507104852e+02 6.955874228963305086e+02 7.340491365846983172e+02 7.488562587387808662e+02 7.330198058054666035e+02 6.927495692639652134e+02 6.575765340575464961e+02 7.102373567788923765e+02 7.090921937133407482e+02 6.663985925041923792e+02 6.160514716383647738e+02 6.126345753780744872e+02 6.652159148533387452e+02 7.385488220250492759e+02 7.866709869696070427e+02 7.669292832111993903e+02 7.154504511570218028e+02 7.339628998916973615e+02 7.391879263632504262e+02 6.799275743848625098e+02 6.299208369243275456e+02 6.617051671678052571e+02 6.338809806471014099e+02 6.782023841134478062e+02 7.261822895596737908e+02 7.572374405642923421e+02 7.854142092403130846e+02 8.134634784472744968e+02 8.437086008969234854e+02 8.787729426935617312e+02 9.252223651364070065e+02 9.748029923411079380e+02
6.209332063817620337e+02 5.624354064811519720e+02 5.200909288016625851e+02 5.326206406049551560e+02 5.667362528650423883e+02 6.071905732949589947e+02 6.651453489066099110e+02 7.276327426735977042e+02 7.784494160805234060e+02 7.832595789617104174e+02 7.495749941338368671e+02 7.061423980137874423e+02 7.535136222213358224e+02 7.655930115937010214e+02 7.248449123361253896e+02 6.694867987608448630e+02 6.627954130773990755e+02 7.152876258344009557e+02 7.775595924691344862e+02 8.314843075324382653e+02 8.238119460585489833e+02 7.789954617777029853e+02 7.889185415851542302e+02 7.766716202130095326e+02 7.482937263005234172e+02 6.849996873093640488e+02 7.190152040597396308e+02 6.984995303395529618e+02 6.609882974793106314e+02 6.792600963789116122e+02 7.007440831102371703e+02 7.256496389603386206e+02 7.536542890431577462e+02 7.853936346777893505e+02 8.224562936884989313e+02 8.675411941520775372e+02 9.236443808567529459e+02
6.616655478663127496e+02 6.042655038237775216e+02 5.543115185631997974e+02 5.881778470266128807e+02 5.903156435051982953e+02 6.421800471161146788e+02 6.662884408476543285e+02 7.281908969002126923e+02 7.896789294645585642e+02 8.234167677901788238e+02 8.090618917842401743e+02 7.700793010615680032e+02 7.877642963070487667e+02 8.206463444564714109e+02 7.930882050841665887e+02 7.331935298254155668e+02 7.248893084270142708e+02 7.774447861129692683e+02 8.297117093240341319e+02 8.794826063432988121e+02 8.825838032622195897e+02 8.514758022501328014e+02 8.566072708442549128e+02 8.470196915557146440e+02 8.172539690847116844e+02 7.564336239234891082e+02 7.779309201283410857e+02 7.356495291678254489e+02 7.317022063495874136e+02 7.005328696351500639e+02 7.372171008692566829e+02 7.660131382506524460e+02 7.977331478897581292e+02 8.300074380026012477e+02 8.652231514221111865e+02 9.062406852906505037e+02 9.589899709070474501e+02
7.040837274318917025e+02 6.455063509979024730e+02 6.002445551961528736e+02 6.147876114461323596e+02 6.485196089069949039e+02 6.526914456452766444e+02 6.946519333224684942e+02 7.316231336926738322e+02 7.882278658402715337e+02 8.484765110027439050e+02 8.581024461623700290e+02 8.461715223835782353e+02 8.531099925741975767e+02 8.790484333919256414e+02 8.572518479923458017e+02 8.074550757816041369e+02 8.011427474175910675e+02 8.431466021942030693e+02 8.922425932528976773e+02 9.256995209521300012e+02 9.353932659404146079e+02 9.257983017448849523e+02 9.283243540119264026e+02 9.201909132943810619e+02 8.811623728511196987e+02 8.412209245809298181e+02 8.397378431132241303e+02 7.949664497718787288e+02 7.878329551254361149e+02 7.349151980905699020e+02 7.696385515119355887e+02 8.074352792737234950e+02 8.422956990042209782e+02 8.808591989506477375e+02 9.180984775277339622e+02 9.572357861106594328e+02 1.001826834145651901e+03
7.490107159502123295e+02 6.956303519727559888e+02 6.573022590299011654e+02 6.715345689652789360e+02 6.875788039093785073e+02 7.194452982165771573e+02 7.273543777666944834e+02 7.726657493508321295e+02 8.248647829790245396e+02 8.786305168713693092e+02 9.168464272599400147e+02 9.196299425458751102e+02 9.226248632479376965e+02 9.309791395906270282e+02 9.169440283197748158e+02 8.881317610365933888e+02 8.841938056564002864e+02 9.105185808221729076e+02 9.316553291168912665e+02 9.442890238414149735e+02 9.490629551511436830e+02 9.518594994695565674e+02 9.656502753853167178e+02 9.682827399155154353e+02 9.531741699043914195e+02 9.282720211649231032e+02 8.988719609408365159e+02 8.657271871407598383e+02 8.329013921011279535e+02 7.839270760732866847e+02 7.947592334177974180e+02 8.484415763444028471e+02 8.917149235331604586e+02 9.322107540307952149e+02 9.773491956569179138e+02 1.018601956231144868e+03 1.058948406300231454e+03
8.016392621239103846e+02 7.618019366183339116e+02 7.293428836684087173e+02 7.375243701988844123e+02 7.486090547949194161e+02 7.805629473805182670e+02 7.883849895984706109e+02 8.241376391739960354e+02 8.693573989897779484e+02 9.227123956051578944e+02 9.554945931694545607e+02 9.584070106637774416e+02 9.460400272995865407e+02 9.401833294311320515e+02 9.476906149474901895e+02 9.454831181626965417e+02 9.422366754227953152e+02 9.364679937466320325e+02 9.191795924452137569e+02 8.972669121011959987e+02 8.989563957169106061e+02 9.016229308500031721e+02 9.374702303898507125e+02 9.662657083738132542e+02 9.849502761968520872e+02 9.807313094212645410e+02 9.640180195140158048e+02 9.360730483379044244e+02 8.897073377903117262e+02 8.418932238116649387e+02 8.445015393499795664e+02 8.915219245271827049e+02 9.450267676444965446e+02 9.904493292737437287e+02 1.032459365050981887e+03 1.079660552256421852e+03 1.116969087028154036e+03
8.625603838204650629e+02 8.332080634412789095e+02 8.087980580482732194e+02 8.066484696056425037e+02 8.133616365437110289e+02 8.303548405962027346e+02 8.483630958542211147e+02 8.777666249921315966e+02 9.143654607844680413e+02 9.503008208931747731e+02 9.623188678093974886e+02 9.358771074554985034e+02 8.957983120623392779e+02 8.813084361585198394e+02 9.113041202860758858e+02 9.312079878795530021e+02 9.308562546312309678e+02 9.047328296388587887e+02 8.638574805525261127e+02 8.293497502931915051e+02 8.376316268103901166e+02 8.393761961524411390e+02 8.802712483483163624e+02 9.215066429184261096e+02 9.592435420988347232e+02 9.810961140523148742e+02 9.955285322871388871e+02 9.840879670962330010e+02 9.543821716348658128e+02 9.091992112651741991e+02 9.072383225286093875e+02 9.521843593545364683e+02 9.979942232313302384e+02 1.047467257456235075e+03 1.080849244527638120e+03 1.108802599154510972e+03 1.134065822223090890e+03
8.917042043867616030e+02 8.644020714031300940e+02 8.440963120968198155e+02 8.329470179263510090e+02 8.269662430736779015e+02 8.259706259334494689e+02 8.469052168535897636e+02 8.767582510936579183e+02 9.118825785981755416e+02 9.429847330077860761e+02 9.392172616125386639e+02 8.906178618345509221e+02 8.346771380367091524e+02 8.125837475581489571e+02 8.472037697526836837e+02 8.819804988749891663e+02 8.873652426086745209e+02 8.509619506881145981e+02 8.085699692948543316e+02 7.659866517914948645e+02 7.828839042833416215e+02 7.832206191287381216e+02 8.269915335151887348e+02 8.805230693303660701e+02 8.986385682149348213e+02 9.335392129807528363e+02 9.753831276977272182e+02 1.002797622400990349e+03 1.003124748837734387e+03 9.817876154960213171e+02 9.793910291761966391e+02 1.020253559303954376e+03 1.054296592558263683e+03 1.077975939641690729e+03 1.080086495609871690e+03 1.071801171208836422e+03 1.080647580094130262e+03
8.649850225999862232e+02 8.153901438179900651e+02 7.964401713698929370e+02 7.836476717492402031e+02 7.725072858941257437e+02 7.570141030537083680e+02 7.847374609190412684e+02 8.195704568740812874e+02 8.622283122894740472e+02 9.080875553807927645e+02 9.074253523969182424e+02 8.524630584918845670e+02 7.938496652383220180e+02 7.500165154931170264e+02 7.840926575468276951e+02 8.225901916661916857e+02 8.322754085115738008e+02 8.041185991137128894e+02 7.562987257082206725e+02 7.119357219317638510e+02 7.505262805018049903e+02 7.363960884936268485e+02 7.864841202215662861e+02 8.330789461324753802e+02 8.375923626481497877e+02 8.812068289087950461e+02 9.284909390736570458e+02 9.849550219288283870e+02 1.025635090036883639e+03 1.038119435514222914e+03 1.042902206718687694e+03 1.063450990447861159e+03 1.078214629009753480e+03 1.064355442115129790e+03 1.034863401991259707e+03 9.895385452027658175e+02 1.018534224130326038e+03
8.197521759194091828e+02 7.525079028204572751e+02 7.324428032013918255e+02 7.206246082195827967e+02 7.096893408497173823e+02 6.849795994361240901e+02 7.174944129810271534e+02 7.589029825519073711e+02 8.149356191262373841e+02 8.703478461653772911e+02 8.779503190941051116e+02 8.187111463580064310e+02 7.541520540675827533e+02 7.046935577001971751e+02 7.151866379755977050e+02 7.599168157795153320e+02 7.673567252341774747e+02 7.649662673367786283e+02 7.156643793076602833e+02 6.687388171591599075e+02 7.120230696882257462e+02 6.945753313311465718e+02 7.419528746812379723e+02 7.810920620354678476e+02 7.853102341923020049e+02 8.268428569615438164e+02 8.838240255828139880e+02 9.498318880348208495e+02 1.014526676644585564e+03 1.039209079692361911e+03 1.036475796540406918e+03 1.051924056002002317e+03 1.049762337226796717e+03 1.013214334320887360e+03 9.720628849920095718e+02 9.230813009927975372e+02 9.641755503834837100e+02
8.037364976686342288e+02 7.375154262790138091e+02 6.719004817107247618e+02 6.624246515957380552e+02 6.687774511495449588e+02 6.259188021189182791e+02 6.628049806776436981e+02 7.124127672720165947e+02 7.737742523001431891e+02 8.353236003427862215e+02 8.578913538461448525e+02 8.099879050773757854e+02 7.436030663550178588e+02 6.795185694746581930e+02 6.518748413763653389e+02 7.007775002962542885e+02 7.021932674741117353e+02 7.161384280089737331e+02 6.799915649822119121e+02 6.311385835993297633e+02 6.728621276460474974e+02 6.569745041338695728e+02 6.862335346943957575e+02 7.194189504452560868e+02 7.591509453085693622e+02 8.158753706773729846e+02 8.794105315513021424e+02 9.471686675912411602e+02 9.997034992092103494e+02 9.983319717640395083e+02 9.675275170170707497e+02 9.991245131501149217e+02 9.999833463737155625e+02 9.607600448465960881e+02 9.157669908929732401e+02 8.710495198989999608e+02 9.181437908581341389e+02
7.592755121503435021e+02 7.159615504324287940e+02 6.640443752960887878e+02 6.075071225276333280e+02 6.250815096445084009e+02 5.812409695896953963e+02 6.218603564534089401e+02 6.736897201367822845e+02 7.352692322849507036e+02 7.984382602632994121e+02 8.337894376559072498e+02 8.122966684226826146e+02 7.473700991346020146e+02 6.788775955620975537e+02 6.163404717535037207e+02 6.363405412121086329e+02 6.388887860444834814e+02 6.586294917523200638e+02 6.316474510113391716e+02 5.977708338420765131e+02 6.228653278075046273e+02 6.918897240950740297e+02 7.324191271682378783e+02 7.699282071655113668e+02 8.141904091541681510e+02 8.621880403716520505e+02 9.201322116708652175e+02 9.636900568972533847e+02 9.763369812282091971e+02 9.476439209480554382e+02 8.972261678582516424e+02 9.361698018448140601e+02 9.395943621635692580e+02 9.061521982499251635e+02 8.646529601734359858e+02 8.295885714367969967e+02 8.743685582073302385e+02
7.270973580669020748e+02 6.665382594819960786e+02 6.154080528616657375e+02 5.709681554300095740e+02 5.831875658597998608e+02 5.445249989631040535e+02 5.872306236971229509e+02 6.376545243117857353e+02 6.950221977091096051e+02 7.525573465931922783e+02 8.061998996245566786e+02 8.071710142418644409e+02 7.498389452044057180e+02 6.842114967666025223e+02 6.247343420965866017e+02 5.733191857549940096e+02 5.811834839747990600e+02 5.946358436568395973e+02 5.705729910152959974e+02 6.328507622344388892e+02 6.743594989659308112e+02 7.107013584581096666e+02 7.726989575467375744e+02 8.212246449724210606e+02 8.637003453247311882e+02 9.112669351053621085e+02 9.456668607832361886e+02 9.572943304880540154e+02 9.384472815429816137e+02 8.893252708798161166e+02 8.346578138248212326e+02 8.669931219592078833e+02 8.701816985412393706e+02 8.574708499929763548e+02 8.063135006062350385e+02 7.965187818491676808e+02 8.607005371845183390e+02
7.583712871188241706e+02 7.091314475960995196e+02 6.560696943785654867e+02 5.964498886401496520e+02 5.288163392632278601e+02 5.134479306574427255e+02 5.553059765544473976e+02 5.998792113570300444e+02 6.512463001498076665e+02 7.159535423212076921e+02 7.801291324355707957e+02 7.970576341941797409e+02 7.489567408623594247e+02 6.877213598542351747e+02 6.302709671269171849e+02 5.889774973826484938e+02 5.322087637124196817e+02 5.382975827044874677e+02 6.113828255857375780e+02 6.717640475441237413e+02 7.227360215908264536e+02 7.630080476698261691e+02 8.112859464294053851e+02 8.669549627070307452e+02 9.053755224815287193e+02 9.338111300694068859e+02 9.356321510600996589e+02 9.125857854331611634e+02 8.731108026580602655e+02 8.441791887505236218e+02 7.822240361041485812e+02 7.912387617679021332e+02 8.049460998037332047e+02 8.076206504907390809e+02 7.517439841930473676e+02 8.048450932608367339e+02 8.531342793775841074e+02
7.613517708216238589e+02 7.103261611402969038e+02 6.472348274155276613e+02 5.858840595112038727e+02 5.428882305853594517e+02 4.883502754699007937e+02 5.179144547713165139e+02 5.601938146687579092e+02 6.152087294644414897e+02 6.845323261646832407e+02 7.550093681781260102e+02 7.728095880019782271e+02 7.395106881372345242e+02 6.888323936230066238e+02 6.254399252283385522e+02 5.589990341345841216e+02 5.095269548943297764e+02 5.716661410077203982e+02 6.259560458859039045e+02 6.793004023488110761e+02 7.294771471996407399e+02 7.926960974167778886e+02 8.467884291306091882e+02 8.853439882807530239e+02 9.015115662458574661e+02 9.090367467643717418e+02 8.900787879939296090e+02 8.400378428196221421e+02 7.947826190874563963e+02 8.074423113020670826e+02 7.726428570156001570e+02 7.174880662998727985e+02 7.613352085120505990e+02 7.560211490074285621e+02 7.204259723974150802e+02 7.204259724040817900e+02 8.327721988654061533e+02
7.432505343088666905e+02 7.073312902279991476e+02 6.484540369304395426e+02 5.771806673819564821e+02 5.128411131264319920e+02 4.703247337750955808e+02 5.132829761556284893e+02 5.625911084822819248e+02 6.203537183800010553e+02 6.850176059606168337e+02 7.388984838701019271e+02 7.330165571649725962e+02 6.869567925631655498e+02 6.469023995663528694e+02 6.190608310968339083e+02 5.588713806533262414e+02 4.951867217261601013e+02 5.575282731041752413e+02 5.875078428254432765e+02 6.414688503378578162e+02 7.090101329597072208e+02 7.800352397220320881e+02 8.403393490241966219e+02 8.580719740072742070e+02 8.431775201563708606e+02 8.472302517718678700e+02 8.322759029645316105e+02 7.742654550533325164e+02 7.191808090140477816e+02 7.529611404099790661e+02 7.350862970607990974e+02 6.761395409979667193e+02 7.084125585093401014e+02 6.874149833937204903e+02 7.496632996967457530e+02 7.929244412032220453e+02 8.458207071428882955e+02
