output/field_example_lateral_ON/elevation_000013.asc
nrows	150
cellsize	66.66666667
xllcorner	0
ncols	150
yllcorner	0
NODATA_value	-9999
[rows 51 to 67 of 150, columns 74 to 110 of 150]
3.039702185011159372e+02 3.036109418513598257e+02 3.102479955973147980e+02 2.626834647653239472e+02 3.071331623165647216e+02 3.384669686985051271e+02 3.290577143348336335e+02 3.329654867103416791e+02 3.072181582946125218e+02 2.740948914865268193e+02 2.408590465417985911e+02 2.188049694664271385e+02 1.848600380076023555e+02 2.341573897054868496e+02 2.916226001468972981e+02 3.146121033155619671e+02 3.104875776342370273e+02 3.049564255035994620e+02 3.065438479211902632e+02 3.149914641365908210e+02 2.855659911286036277e+02 3.337318632841678436e+02 3.333380457194831479e+02 3.178387425432343889e+02 3.179256478183131662e+02 3.078297521460225425e+02 3.141478677964947224e+02 3.575646259858109488e+02 3.608248296446581662e+02 3.348574678360357666e+02 3.274444024334420078e+02 3.363109861051353278e+02 3.278897561761462498e+02 3.679883786144558258e+02 3.779460626112744990e+02 3.546040521273474155e+02 3.984279521633701506e+02
2.417047769419244219e+02 2.381191595598112940e+02 2.509422862409514607e+02 2.151273895403569441e+02 2.644076554954695553e+02 2.681626966980334146e+02 2.620766542908659744e+02 2.653210299403243084e+02 2.542493778046126067e+02 2.467671995365011810e+02 1.982611866799042275e+02 1.848600380009357025e+02 2.409834716657729814e+02 2.850964123370648622e+02 3.349716436941768052e+02 3.774715388890325016e+02 3.763964559546869850e+02 3.685701828725627820e+02 3.702858943746470004e+02 3.809233737574071483e+02 3.477533357084561771e+02 3.641427839783416971e+02 3.946664495071019587e+02 3.735256004991599070e+02 3.674465803056465347e+02 3.600901463813349892e+02 3.646751197121083692e+02 3.782039112955470159e+02 4.096112070633753888e+02 3.841747982503654271e+02 3.744212792081652310e+02 3.763459956857216184e+02 3.714645198470095693e+02 3.825608420483015948e+02 4.201120760841978949e+02 3.997671419606962786e+02 4.448501805220685128e+02
1.957249101407565490e+02 1.820198918121706981e+02 1.958691450220706258e+02 1.760305367273108175e+02 1.753470349003680724e+02 1.901628630577419301e+02 2.129754766818075211e+02 1.836633535711453931e+02 2.050943689983864147e+02 1.856957625447379883e+02 1.791872449164229124e+02 2.298776960736688579e+02 2.812519202300576353e+02 3.369602160846635002e+02 3.876696268943682639e+02 4.277329767601730168e+02 4.429910150460134446e+02 4.385072577198736212e+02 4.393896300194759874e+02 4.344261097004421117e+02 4.188200117792315496e+02 4.231334593791946190e+02 4.524561108135203540e+02 4.285480516494731091e+02 4.195707563661408699e+02 4.144390182684290380e+02 4.182248132601269504e+02 4.299336549907498579e+02 4.444714707539383767e+02 4.341207176161490224e+02 4.207264629897546797e+02 4.209622894849928230e+02 4.203162529614058371e+02 4.305302757587092515e+02 4.453911656491136455e+02 4.475347597930473285e+02 4.903013899981388590e+02
1.636179573393441444e+02 1.644849911802226927e+02 1.655606704177654649e+02 1.666175266510489905e+02 1.666175266577156435e+02 1.688512586522962522e+02 1.705463082606314629e+02 1.719056468609435626e+02 1.735715063454402696e+02 1.750788450602340731e+02 1.777938441303646186e+02 2.333671827459990595e+02 2.833235431665976876e+02 3.382924800389843654e+02 3.911461897781414905e+02 4.378867962519623234e+02 4.752039007884407056e+02 4.954868240422833310e+02 5.044124652451789075e+02 4.979345849910131392e+02 4.901964410414583426e+02 4.947043652380426693e+02 5.078113281233848397e+02 4.906283579982980996e+02 4.817054072194404739e+02 4.779330486637837225e+02 4.811587850633454195e+02 4.906149033577817704e+02 4.998275787185260128e+02 4.915414933660154588e+02 4.731642972655691324e+02 4.738948724857770571e+02 4.764196610615765621e+02 4.853187591192138370e+02 4.941164693791301943e+02 5.005836591221660683e+02 5.364377346767454355e+02
1.919975185344293038e+02 1.841356363967529433e+02 1.914528207982324659e+02 2.026614961466328282e+02 1.747924879835439640e+02 2.014196525757482732e+02 2.058887333855429915e+02 1.933848411990683189e+02 1.998220974088171999e+02 2.000444946167627620e+02 2.175883341531221333e+02 1.833572509812850626e+02 2.401419018401948904e+02 2.886292569610401415e+02 3.408525954559818842e+02 3.939992536977476334e+02 4.511480560453156841e+02 4.939580155797091265e+02 5.285244007414528369e+02 5.462815611940702638e+02 5.505464808010979141e+02 5.601298438521910157e+02 5.716035856309244991e+02 5.600106085623223180e+02 5.540298438590450587e+02 5.517071997486282271e+02 5.545780272220675897e+02 5.619025381716096490e+02 5.674946067813311856e+02 5.591486871183640233e+02 5.351485323849831275e+02 5.370045793034515782e+02 5.411709047335225478e+02 5.482095893501067394e+02 5.513787305386935031e+02 5.596038962948043718e+02 5.827829688612777090e+02
2.480313999187349054e+02 2.289513166014226329e+02 2.475966214614662988e+02 1.876726179354849933e+02 1.866830737547925594e+02 2.304547789513413534e+02 2.582785228890239750e+02 2.627506977835230941e+02 2.639529532531563518e+02 2.624921026560394921e+02 2.415175134487455182e+02 2.319194147107121751e+02 1.888640412973927596e+02 2.389129821834305858e+02 2.857042942614248773e+02 3.419603954954602614e+02 3.964429267790046083e+02 4.488507689887114225e+02 5.026577413040726015e+02 5.314608201113533141e+02 5.475910687947351789e+02 5.729470002451962500e+02 6.043857938221533459e+02 6.207098376344024473e+02 6.251717563994279772e+02 6.246989847382959624e+02 6.275508162805720076e+02 6.340719098691369027e+02 6.395287455568153518e+02 6.326077877333250399e+02 6.056847397745768831e+02 6.093394125099748635e+02 6.145888110389075791e+02 6.199005353786751584e+02 6.172537042486151222e+02 6.233276321077920556e+02 6.348136718102650775e+02
3.176679398288914058e+02 2.873833117604061727e+02 3.097178564552774560e+02 2.828247106353454683e+02 2.511409239623771441e+02 2.065761399285046878e+02 2.797235459029205913e+02 3.232089904053451050e+02 3.297542066745078841e+02 3.108528462440461908e+02 2.821767108206120156e+02 2.604760671830146634e+02 2.293385523070670615e+02 1.940085275283832971e+02 2.413538044059531842e+02 2.857147353277746333e+02 3.400369222188416529e+02 4.029787281450888372e+02 4.566178374813431446e+02 4.705405782290497427e+02 4.826283233681219258e+02 5.254004546454699494e+02 5.858646743074684764e+02 6.331299399151293983e+02 6.559210848122140760e+02 6.513149821628315976e+02 6.539383697906883981e+02 6.630447261199035438e+02 6.787897529029304451e+02 6.823362901856755798e+02 6.747321686442685404e+02 6.789010653021452981e+02 6.870545193200064205e+02 6.937895376670121550e+02 6.877522367541695303e+02 6.911772370696742200e+02 6.952171872272430164e+02
3.810446943044415775e+02 3.503547854289468546e+02 3.592124098104557106e+02 3.256975117374528850e+02 2.777490757439905451e+02 2.217456981243742575e+02 2.906646070609692742e+02 3.572133579854103118e+02 3.801943793274680843e+02 3.545842142140884903e+02 3.177732835076561742e+02 2.702628913406015840e+02 2.344215699399144057e+02 2.246678050945970995e+02 1.986383898343880503e+02 2.253638896772789337e+02 2.963627168673982624e+02 3.589819311420249619e+02 4.044759365193608005e+02 4.030085723788242262e+02 4.136478714761731226e+02 4.759819026038159109e+02 5.468004559594265857e+02 6.119917726193705221e+02 6.251864952791389669e+02 6.000019260889674797e+02 6.028824261116521939e+02 6.128238942662105728e+02 6.510818051900346290e+02 6.719764302610418554e+02 6.818767687767660846e+02 6.947343294747810205e+02 7.148148049973044635e+02 7.354487901585091549e+02 7.414408786165935226e+02 7.469973883184406986e+02 7.492369837028597885e+02
4.348380204237384987e+02 4.081820868648642318e+02 3.801121331073485408e+02 3.174531619838695633e+02 2.436207813330528893e+02 2.759815702642435440e+02 3.312801483802782627e+02 3.888264576451521179e+02 4.220544943586266982e+02 4.022310221317646892e+02 3.518875042254695700e+02 2.945137684965411040e+02 2.460758643154292145e+02 2.252848492694760409e+02 2.252802491558662439e+02 2.030465296362136769e+02 2.629244290826063661e+02 3.181304046513597541e+02 3.456458325482042824e+02 3.398151794108302397e+02 4.029693560164060386e+02 4.741042619859982779e+02 5.458028289426633819e+02 5.922136098075519612e+02 5.798219236447316689e+02 5.376454939345458115e+02 5.378044248926512410e+02 5.503187315989791841e+02 5.993727441687693727e+02 6.101755918358047666e+02 6.206606953030194518e+02 6.355234273631946280e+02 6.711767111951933202e+02 7.067585185085065405e+02 7.224747678423353818e+02 7.371163286912417334e+02 7.582258848968888287e+02
4.742216346668022879e+02 4.378540646809194072e+02 3.772464931312828753e+02 3.232702632642664753e+02 2.584408762599845772e+02 2.822188361162984052e+02 3.370825468440079931e+02 4.027297322603946554e+02 4.549047596830195062e+02 4.416845255016229430e+02 3.876093627276659959e+02 3.285536592912367269e+02 2.825883414732612096e+02 2.484461749468264031e+02 2.483492162925863909e+02 2.030465296428803299e+02 2.535633640340072361e+02 2.782969128669556653e+02 2.811126129404589165e+02 3.355567807140146215e+02 4.000957662476046721e+02 4.700693469555056367e+02 5.276768568301613413e+02 5.560548305078758631e+02 5.253908670977920110e+02 4.804892038448910512e+02 4.759826484701573577e+02 4.937779896791405463e+02 5.479673163661009312e+02 5.383462695687956057e+02 5.464320773802546682e+02 5.673627016233001541e+02 6.230640075417142043e+02 6.416308415418470759e+02 6.545384738905215727e+02 6.701768326708294126e+02 7.101878451260772636e+02
4.878334729373263485e+02 4.278687893394786101e+02 3.545132339808363326e+02 2.825580242457060081e+02 3.124501321027686345e+02 3.413446903514478095e+02 3.831417419933252972e+02 4.390434857684194299e+02 4.876634390470339326e+02 4.794395074335659501e+02 4.253727641832594486e+02 3.672455052781384666e+02 3.154916603330038356e+02 3.031609908774575501e+02 2.684832027938580268e+02 2.406048002588007364e+02 2.083705472998912001e+02 2.336189391387709122e+02 2.799091661441884185e+02 3.315789782867050803e+02 3.835646363266832850e+02 4.328015442204764440e+02 4.900831672400322532e+02 5.109636729171567708e+02 4.813374025886988079e+02 4.315420448331655052e+02 4.178996369348278108e+02 4.636151300841715965e+02 4.950043552685680766e+02 4.660888523785445727e+02 4.738938616569215583e+02 5.342051064424031210e+02 5.525440145148435249e+02 5.705713461513288394e+02 5.805949409570247326e+02 6.006433199873951025e+02 6.607904180324153458e+02
4.950113901492964601e+02 4.286849506238278309e+02 3.598555621713624078e+02 2.978573123388058548e+02 3.538358836018678630e+02 3.953218969923665327e+02 4.354640456664149042e+02 4.802935714510926459e+02 5.240341542041697949e+02 5.177447437171739466e+02 4.643920794837461017e+02 4.018048093568763761e+02 3.827083420022667610e+02 3.397803831203514164e+02 3.050564720566545134e+02 2.735757193852447813e+02 2.618728732986076011e+02 2.135356797800341724e+02 2.627447606769577533e+02 2.938208138234891749e+02 3.344557640556717502e+02 3.908054339491843052e+02 4.435528518074087856e+02 4.519177616088711034e+02 4.471541673820881897e+02 3.909627735654821663e+02 3.743051355367335873e+02 4.286286667136700999e+02 4.435646746311610400e+02 3.956376821955495870e+02 4.355457167582936222e+02 4.722555210523216260e+02 4.741136176292490632e+02 5.124396003895418517e+02 5.097001239644184807e+02 5.582388417409188150e+02 6.125507901184889761e+02
4.882122211406965562e+02 4.224444540477443866e+02 3.643976356497913685e+02 3.135414820093875505e+02 3.821701860667341180e+02 4.330871051466665449e+02 4.784004105492185204e+02 5.232886143020841700e+02 5.603945972597664422e+02 5.569745073562758080e+02 5.082727197805660353e+02 4.620267928976516600e+02 4.241539466409615784e+02 3.852839360776060857e+02 3.515461437595978964e+02 3.243654152393516483e+02 2.935225635647415174e+02 2.454286514304859850e+02 2.186367649517281961e+02 2.558234040052173270e+02 2.935014159068118715e+02 3.467477829885577307e+02 3.877084370101059108e+02 3.902069279090191571e+02 4.071036220445899971e+02 3.837853015267625665e+02 3.351655501114029221e+02 3.767372021100509869e+02 3.894533057799636140e+02 3.493028857572252264e+02 3.686273708682367101e+02 3.907549481194304803e+02 4.115500824161253490e+02 4.347623432307718758e+02 4.609835906228125282e+02 5.150562642861071936e+02 5.747827016416382548e+02
4.825231218726643192e+02 4.092998094272211347e+02 3.629199615654076752e+02 3.301174929574913222e+02 3.877983972219344082e+02 4.258313646083181538e+02 4.782605410421955412e+02 5.350479319398773441e+02 5.869369257724431463e+02 5.951572551020084347e+02 5.575886578956084350e+02 5.171748158059706384e+02 4.765482928546182393e+02 4.372089256888410773e+02 4.038189680081826509e+02 3.577502048601076581e+02 2.991687650858922893e+02 2.459808654236612426e+02 2.602205738034069213e+02 2.230951330026413473e+02 2.378440724594613016e+02 2.420961771657794372e+02 3.247930617925836714e+02 3.339226457706083693e+02 3.608017876236428947e+02 3.461852649679818228e+02 3.056238423398574469e+02 3.056238423465240999e+02 3.244854597477584548e+02 3.811708402084364593e+02 4.348931090697756758e+02 4.747614940616743411e+02 4.818666076762006583e+02 4.901777666969795177e+02 5.305367638775852583e+02 5.022127617545684188e+02 5.295419363940247877e+02
4.849670131552028920e+02 4.392107392240820332e+02 3.991731267569309693e+02 3.720734076080369164e+02 3.553389273256070169e+02 4.131334881957992025e+02 4.747791782314835132e+02 5.409004616061662318e+02 6.031795558401456674e+02 6.264481304092032588e+02 6.007841434155849356e+02 5.605286777412530910e+02 5.165223233794195039e+02 4.679808162868951626e+02 4.138373636229611066e+02 3.533577224363833693e+02 2.834536787278184420e+02 2.953716244518666372e+02 2.929187761482877477e+02 2.530572085927521755e+02 2.277940834843277571e+02 2.736988889259757229e+02 2.708606126558223082e+02 3.033079140738477122e+02 3.160823654823211086e+02 2.874965997846248911e+02 3.451636578894684817e+02 3.591828984435244365e+02 4.025122300145833947e+02 4.240283648554656111e+02 4.824894468595982744e+02 5.412572163584770806e+02 5.561607844134422294e+02 5.564864030708785094e+02 5.967468907586895739e+02 5.808608256225912783e+02 5.975260426495116235e+02
5.268991837651631158e+02 4.759139548641682040e+02 4.376705472812059838e+02 4.089492497109271198e+02 3.720325818320382041e+02 4.233447802744621526e+02 4.818025893359018710e+02 5.474117951011776313e+02 6.108523818049461624e+02 6.331265623989175992e+02 5.964993720906142016e+02 5.455861290621240869e+02 4.951204729487706686e+02 4.452356031106904766e+02 3.844741279178170430e+02 3.204775282416687787e+02 3.482974009911508801e+02 3.537811607619752294e+02 3.353146611321697605e+02 2.661160304237613445e+02 2.741374405074367360e+02 2.330954377475737260e+02 2.584064603509792732e+02 2.525920229131023120e+02 2.645636737086448989e+02 3.275680383132765314e+02 3.791928091343243068e+02 4.205778294233201677e+02 4.613140486167233121e+02 4.995604003303262743e+02 5.420206295777487639e+02 5.903408166476383485e+02 6.282859564245968613e+02 6.306070532624484031e+02 6.641070570128864574e+02 6.600625970176452029e+02 6.714450259606207965e+02
5.656454118622031046e+02 5.144474039498778666e+02 4.753277537291330646e+02 4.347626205959459185e+02 3.911864940447266008e+02 4.342780041752951092e+02 4.884413605479463172e+02 5.519387781293978605e+02 6.136887551960203382e+02 6.262680421881775601e+02 5.640860684806826839e+02 4.951610137722511240e+02 4.364519151947781666e+02 3.890081485157448924e+02 3.490788298168750998e+02 3.204775282483354317e+02 3.889971826945873090e+02 4.099849685426107726e+02 3.780785149727096837e+02 3.359030607054163511e+02 3.131878583227953641e+02 2.804890167919647297e+02 2.378068257838187094e+02 2.628996983137889174e+02 2.766214134818501407e+02 3.638293729498120683e+02 4.219443345440061535e+02 4.709415380796002069e+02 5.176533081153643252e+02 5.612811410620255401e+02 6.021961468791805601e+02 6.430518249914728131e+02 6.799059508465250019e+02 7.012329898398617161e+02 7.244434500266485202e+02 7.323396224122559488e+02 7.424305682688632260e+02
