output/field_example_lateral_ON/elevation_000073.asc
nrows	150
cellsize	66.66666667
xllcorner	0
ncols	150
yllcorner	0
NODATA_value	-9999
[rows 51 to 67 of 150, columns 111 to 147 of 150]
6.453867207792176259e+02 5.980899034237578462e+02 5.377062703218178967e+02 4.892235818454191758e+02 4.284629664906437938e+02 4.880517837210489915e+02 5.535773907937868898e+02 6.186322147106477587e+02 6.493780367020589210e+02 6.430625660267983221e+02 6.143380065266666179e+02 5.728195023554936824e+02 5.421123039912455397e+02 5.493098107135988357e+02 5.096976516240202955e+02 4.529864973430479722e+02 5.200052521163429446e+02 5.845412393408608978e+02 6.138034490596667183e+02 5.918848489074001691e+02 5.383047785926380584e+02 5.143261445620912582e+02 4.622499622474061880e+02 5.153012540584319368e+02 5.608015801939402536e+02 6.166316217698060882e+02 6.328302637631170455e+02 6.398787535834685514e+02 6.779352293000861209e+02 7.351060534904569295e+02 8.033378563992757790e+02 8.726192764568619396e+02 9.121316375344266589e+02 9.022281886084298321e+02 9.168017016948174387e+02 9.493016055013559935e+02 9.838538288028402121e+02
6.724938275618720809e+02 6.330092514554430636e+02 5.784957589795765216e+02 5.167951289670832011e+02 4.456571002246177500e+02 4.969939284612648294e+02 5.576657408858455938e+02 6.247801061941369198e+02 6.838383869460617461e+02 6.994689200815878394e+02 6.697368448164560277e+02 6.338363658733463808e+02 6.025257874528533648e+02 5.573610761610566442e+02 4.826689786826560749e+02 4.989177782073055596e+02 5.330939028486570805e+02 5.946407869708683620e+02 6.482024428784698102e+02 6.411315543317402899e+02 6.007899360019480355e+02 5.623789728280910367e+02 5.062931836432520072e+02 4.790605896560606425e+02 5.396817487683517811e+02 5.763417745595464794e+02 5.703064621923546156e+02 6.087817896350588853e+02 6.732013403920720975e+02 7.415131671876840755e+02 8.098746903491902458e+02 8.619926530216537230e+02 8.665815805016547984e+02 8.296160419850289145e+02 8.577294246545284295e+02 8.910921023626135593e+02 9.299943017041243820e+02
6.941628803697846024e+02 6.406591570999341911e+02 5.770579391204001922e+02 5.163863404915965702e+02 4.619289208138289951e+02 5.057080034956687200e+02 5.662739529743125786e+02 6.335815160904719505e+02 7.013033842539740590e+02 7.396030171032443832e+02 7.252976187161850703e+02 6.774659224931564268e+02 6.137572852909147514e+02 5.541154803777327515e+02 5.017599970536984983e+02 5.508692602094832864e+02 5.832882910783914667e+02 6.312014581216528768e+02 6.826899002458101222e+02 6.862400222249923445e+02 6.429188449104129859e+02 5.828443711531830331e+02 5.672586270187651962e+02 5.249538321403019836e+02 4.934238192405227323e+02 5.235639159752643081e+02 5.815538065112439199e+02 6.443568674065428468e+02 6.976158452847587341e+02 7.594007750781132700e+02 8.115933094357294522e+02 8.257234756600951187e+02 8.169180255870845713e+02 7.720619830294874646e+02 8.039786005648646778e+02 8.408985874371340969e+02 8.833809933835605079e+02
7.096508615037942036e+02 6.483398628882620187e+02 5.847020960987867966e+02 5.282026529361560279e+02 4.799894394788596514e+02 5.381359550663881919e+02 5.789294468173914083e+02 6.377579722633945494e+02 7.032524706845954370e+02 7.594218804516295904e+02 7.627047205823278091e+02 7.140469887072368920e+02 6.610691416789373989e+02 5.968283809260365160e+02 5.243562175096690225e+02 5.862901415701899168e+02 6.329079491442500967e+02 6.728801533125310925e+02 7.197590005163006026e+02 7.260341228990942000e+02 6.821206495396500031e+02 6.378633848356914768e+02 6.005601601350138026e+02 5.663784927846980963e+02 5.054982338098104719e+02 5.579926537368174877e+02 6.140541777348734058e+02 6.725152033932859013e+02 7.235333242095948663e+02 7.663391189182702874e+02 7.847400449675805021e+02 7.692321417839299329e+02 7.576612265183034651e+02 7.263200415195573214e+02 7.614199614343923486e+02 8.052441919180641889e+02 8.725484327927838422e+02
7.133160060287535771e+02 6.476605771878502082e+02 5.860763261549009258e+02 5.316345233877726741e+02 4.999761644965563505e+02 5.304960836868134493e+02 5.824093003569053053e+02 6.413882794994167398e+02 7.072609414274146502e+02 7.703117958569237089e+02 7.903063198655711403e+02 7.434921803810759684e+02 6.738407299684112104e+02 6.058588891186850560e+02 5.466699971514342451e+02 5.892435454598762590e+02 6.431090889401783670e+02 7.068258509798138221e+02 7.552733415380420183e+02 7.646862442113834959e+02 7.262577698275530338e+02 6.815614360976682065e+02 6.438912347590779746e+02 5.804332192561358852e+02 5.578738812995110266e+02 5.226807996172855155e+02 5.942699471251441992e+02 6.575479604594264629e+02 6.963664186632547626e+02 7.316445055129721595e+02 7.387638455761266414e+02 7.083289168071316908e+02 6.845950171596313112e+02 7.424404709688512867e+02 8.058790382485475448e+02 8.496238797413749353e+02 8.889681293198066214e+02
7.239578294036032275e+02 6.563870288296576518e+02 5.986269179042923270e+02 5.828779594761577982e+02 5.253082909297065726e+02 5.709009343055359977e+02 5.898499254168822290e+02 6.470069238733303791e+02 7.108475487881698882e+02 7.760297924155129294e+02 8.111302424675747034e+02 7.721517140836008366e+02 6.950111025679601653e+02 6.261872683602687175e+02 5.848329873036379922e+02 5.846327069934250176e+02 6.575618150616996900e+02 7.227759782662162706e+02 7.826245349519197134e+02 8.019044116244315319e+02 7.683734883463662300e+02 7.226215914670152642e+02 6.626052242931167484e+02 6.202590577326177481e+02 5.727553063584595066e+02 5.329472795571692814e+02 5.884957946716862125e+02 6.153820985981900549e+02 6.491324454436936549e+02 6.731249270151271276e+02 6.819281053252785796e+02 6.558807688186293490e+02 6.558807688252960588e+02 7.217445766388868833e+02 8.046640397384891230e+02 8.775046946707107054e+02 9.341692242340940311e+02
7.660233751861684368e+02 7.035437262327977805e+02 6.554302054964709896e+02 6.189154942391929808e+02 5.618024998388179938e+02 5.688832707229711332e+02 6.247544646648867683e+02 6.573617779589344536e+02 7.175233942491676089e+02 7.811385384131516503e+02 8.286489220534725746e+02 8.009742219052255905e+02 7.333785046987700298e+02 6.734519575590438762e+02 6.283304508091483740e+02 6.108352472305833771e+02 6.746557477329990888e+02 7.427828707956291510e+02 8.047262585057454771e+02 8.361979394258081584e+02 8.140650908938546308e+02 7.616886240835229955e+02 7.120390294057809797e+02 6.630670051560191496e+02 6.138067038336637324e+02 5.551858009530884601e+02 5.488848623824231936e+02 5.606047885789736256e+02 5.752619373729691006e+02 6.323849160586499920e+02 6.244684017429470941e+02 6.827038489627358331e+02 7.170574844857297876e+02 7.584336643068285184e+02 8.041436345762249402e+02 8.652494823722801129e+02 9.281015654601091001e+02
7.966268002030444677e+02 7.499047831029348572e+02 6.944990696818478000e+02 6.296393971056016881e+02 6.129065935589659375e+02 6.156335608307881557e+02 6.222388897761828730e+02 6.863923315215524781e+02 7.347595456834704919e+02 7.955478412074527341e+02 8.476637162542015176e+02 8.334003931538244387e+02 7.753936714844005564e+02 7.196262003355586785e+02 6.789912123532358237e+02 6.418971852111570797e+02 6.812209861227792089e+02 7.391822778291646046e+02 8.041015917301601803e+02 8.582476836276109680e+02 8.485163919379365325e+02 8.032288360302190995e+02 7.515618578065530073e+02 7.000344518882961893e+02 6.465367664225902899e+02 5.853736902005344973e+02 5.993290508322559162e+02 6.173031079105700201e+02 6.308596143970340790e+02 5.936694849729042289e+02 6.094179403458115303e+02 6.723778239842140465e+02 7.140543918235069896e+02 7.432089785358610925e+02 7.962798691355377514e+02 8.560851035303774097e+02 9.148917093013880049e+02
8.124301557426339286e+02 7.896779518385811798e+02 7.362040894943921785e+02 6.828481656213676843e+02 6.688553439668756937e+02 6.688132006012455122e+02 6.742125558369236842e+02 6.829688287132382811e+02 7.374286618012271219e+02 8.030464709529786660e+02 8.662395197639690423e+02 8.684362971694741873e+02 8.198167754968573036e+02 7.699305122301328765e+02 7.298164946552426500e+02 6.913496024557931605e+02 7.013863833795297751e+02 7.732016539344356261e+02 8.367773635408093469e+02 8.827612349425920684e+02 8.699118636273789207e+02 8.048009602870799881e+02 7.374878536142526855e+02 6.801875826518994472e+02 6.328823795200969471e+02 6.521387976836319922e+02 6.591950725918618446e+02 6.759941030923616836e+02 6.718720245217995171e+02 6.318505950661560746e+02 6.560032585276679811e+02 6.318550917949007726e+02 6.742627506448269514e+02 7.325159097717462373e+02 7.916228974554064735e+02 8.378251631937229149e+02 8.690648119711752315e+02
7.966111796975977768e+02 8.145633719883506956e+02 7.899058107949484793e+02 7.442991711000026953e+02 7.313684646714987139e+02 7.294686376347999612e+02 7.330706816017091114e+02 7.373150904683822091e+02 7.852100217394568062e+02 8.400493566404750254e+02 8.963269734997144269e+02 9.062246413878457361e+02 8.676881786515228896e+02 8.290882972560311828e+02 7.921595489175017519e+02 7.531471997161733043e+02 7.627155368884025393e+02 7.758134764970683364e+02 8.436823411753799746e+02 9.040557578016223488e+02 8.974379998236936444e+02 8.377580532987975630e+02 7.743415404088757441e+02 7.218886785969511948e+02 6.752038563236010305e+02 7.196006397647111044e+02 7.239379328578825152e+02 7.303632502429779834e+02 6.856232536660899086e+02 6.930847821858376392e+02 6.733093162370513483e+02 6.318550918015674824e+02 6.505848333284158116e+02 7.147365807533165025e+02 7.553133379192985331e+02 7.853565276613306878e+02 8.231756643808524814e+02
7.640099633966607371e+02 8.145342818875403736e+02 8.299603811268002573e+02 8.095491824047614955e+02 7.981143211427472579e+02 7.957351833437502364e+02 7.989540745901800847e+02 8.038490705591874530e+02 8.397961175397880424e+02 8.894156818366476500e+02 9.281312574322237197e+02 9.370536842063671656e+02 9.135668949685608595e+02 8.866659695652767823e+02 8.591311516312813410e+02 8.246110295046476040e+02 8.314030921004163019e+02 8.357361472310950603e+02 8.852832940690062742e+02 9.349429335255442766e+02 9.303543350782310881e+02 8.782562487960979070e+02 8.242450172040472580e+02 7.704374511132946282e+02 7.268619284405993994e+02 7.770759404935935208e+02 7.872131070069343650e+02 7.716599040450670373e+02 7.237741163245973439e+02 7.299734643258731239e+02 7.180185109956134966e+02 7.045083257291704513e+02 7.076881708414335890e+02 6.768282944405995067e+02 7.091763903897586943e+02 7.488308070517273336e+02 8.114159391296324202e+02
7.173466996718133259e+02 7.967569948619674278e+02 8.467321338593427527e+02 8.565472465848797583e+02 8.506802569910880720e+02 8.508761027626347868e+02 8.577974289632389855e+02 8.687582071259276972e+02 8.943302382687185172e+02 9.242372784492217761e+02 9.397933061748309456e+02 9.248546776226065731e+02 9.021360182410505786e+02 8.952611832124352986e+02 8.960990254110286060e+02 8.907299911963956447e+02 8.990616329836489058e+02 9.016337669986526180e+02 9.411432334261402275e+02 9.678979273713606517e+02 9.613027529834375855e+02 9.275225824485014527e+02 8.767875459675607317e+02 8.323961045057507135e+02 7.895844914524278693e+02 8.322967697515689451e+02 8.424053703355606331e+02 7.936559620194665285e+02 7.739881969068384251e+02 7.782926854664892744e+02 7.795883773445841598e+02 7.708152672680122350e+02 7.430099166103797188e+02 6.974081793791173141e+02 7.502789046017993542e+02 7.872893399416075226e+02 8.239961161026137688e+02
6.925828785010764932e+02 7.687661286150274691e+02 8.321220837828446975e+02 8.415036695328830092e+02 8.295843802971721743e+02 8.362034657844220646e+02 8.555785889245287308e+02 8.719691091920672079e+02 8.968559891362311873e+02 9.196355296143013902e+02 9.075693689298948357e+02 8.644600107600160754e+02 8.281099503408993314e+02 8.344464366030346127e+02 8.646708171006874863e+02 8.923684861832207389e+02 9.241547853334125193e+02 9.514192685938381828e+02 9.719855830800894410e+02 9.735099728280480349e+02 9.596062565296830371e+02 9.523458429533761773e+02 9.293862891595233577e+02 8.998339430293781334e+02 8.650197166674292930e+02 8.842060182379411799e+02 8.891498626712735813e+02 8.462255087865356700e+02 8.302233430497929021e+02 8.351865541344126314e+02 8.423623780641316898e+02 8.170438578933028566e+02 7.786538854767713929e+02 7.201181462078316144e+02 7.823446169515740394e+02 8.333895044873817142e+02 8.724735660647708073e+02
7.405348467947915196e+02 7.913914190299942675e+02 8.107715991740780055e+02 7.900177253840989806e+02 7.539556564972281194e+02 7.657470290567752045e+02 8.035296252729959861e+02 8.106399630573105242e+02 8.448405233789782187e+02 8.794492778245346472e+02 8.591606368161268392e+02 8.023878432877529576e+02 7.505038207508936239e+02 7.578564892995767650e+02 7.975755999789370208e+02 8.402751439656459524e+02 8.931365997115244681e+02 9.333467921485397483e+02 9.488480791527947531e+02 9.300769722523452856e+02 8.992154611658065733e+02 9.243761407153150458e+02 9.408995223410905737e+02 9.399307798489392098e+02 9.330250600510081540e+02 9.443971267579222513e+02 9.413195481378608065e+02 9.088824112713390377e+02 8.938189463425304666e+02 8.976996858007959190e+02 8.930603219669160353e+02 8.501688294280637592e+02 7.859493541654771889e+02 7.435867331729454008e+02 7.840656024000055595e+02 8.453679332136589437e+02 9.065398857658033194e+02
7.712999214392895055e+02 7.926681229293667457e+02 7.705283015657079204e+02 7.217568086265906686e+02 6.773263682160709322e+02 6.968080667335432281e+02 7.452147435315322355e+02 7.440631547207538006e+02 7.926395665425030757e+02 8.344461097526134381e+02 8.090866327128782132e+02 7.465317276407765803e+02 6.869251296146303503e+02 6.924304879458749156e+02 7.351350257162654316e+02 7.871003452705309655e+02 8.397254531173772421e+02 8.925514150497876926e+02 9.034759039256232427e+02 8.664112118412392647e+02 8.278764490513266310e+02 8.655255819250430704e+02 9.054857690757297632e+02 9.185544496663554810e+02 9.371660130894229042e+02 9.620290388663968315e+02 9.782600356975133309e+02 9.731364779037165817e+02 9.604755462745604291e+02 9.593209351931685660e+02 9.229351654964999625e+02 8.637831134753841980e+02 8.185490811840688821e+02 7.727056327924397010e+02 8.196885521990407142e+02 8.514022400040838647e+02 9.052225516428640049e+02
7.708527904716003150e+02 7.638320312278651727e+02 7.169034626833645234e+02 6.644367928193072430e+02 6.099359614880995650e+02 6.523586374303763478e+02 6.838618226514091702e+02 6.865256177217180493e+02 7.543197848156788723e+02 7.892378966053927343e+02 7.591924943038005722e+02 6.967367335650511677e+02 6.349364060947294774e+02 6.413240154212154494e+02 6.875002565676135191e+02 7.369655076947539101e+02 7.955133502518481237e+02 8.523689394815792184e+02 8.585449969326546125e+02 8.137641542478058909e+02 7.661820811715157333e+02 8.126665597999029842e+02 8.532171841206503586e+02 8.501176874016488227e+02 8.823722076937580141e+02 9.270677151073534787e+02 9.641198613564594098e+02 9.953290050956672985e+02 1.011349066962642610e+03 1.004610836998488026e+03 9.600122704375918374e+02 9.094396323377391127e+02 8.529913440375556775e+02 8.362667315223801552e+02 8.161597195697139568e+02 8.579577163857751430e+02 9.222790697032106664e+02
7.193717165070986539e+02 7.202056323749973217e+02 6.721805160292927894e+02 6.131158502699762494e+02 5.606289067067871201e+02 6.048874629781512340e+02 6.102943566114682881e+02 6.787795668966417679e+02 7.405060939055288145e+02 7.478712159184855182e+02 7.032403440990927947e+02 6.497776609673665007e+02 5.904113974483029779e+02 6.007203230349924752e+02 6.487270510676029289e+02 6.960406123958738362e+02 7.600224494037706791e+02 8.184417271258943174e+02 8.173930227316661785e+02 7.687580877138825599e+02 7.163260696221698254e+02 7.694034720796971669e+02 7.931836694447609943e+02 7.813185633534329781e+02 8.225160569265982531e+02 8.659900446382786185e+02 9.143945354242507619e+02 9.724455484498656688e+02 1.014905521560950774e+03 1.029218106883972268e+03 1.004485171100306729e+03 9.574140021345793912e+02 9.180221297337357100e+02 9.014880715269933944e+02 8.572751130422924462e+02 8.923812389284365736e+02 9.339369411924824362e+02
