output/field_example_lateral_ON/elevation_000016.asc
nrows	150
cellsize	66.66666667
xllcorner	0
ncols	150
yllcorner	0
NODATA_value	-9999
[rows 0 to 16 of 150, columns 0 to 36 of 150]
1.493837232042314212e-03 6.474271736938116817e+01 1.264013984203074301e+02 1.769332746768513402e+02 2.126129090368535799e+02 2.295451493529830316e+02 2.466998082472476597e+02 2.654438502622998612e+02 2.734793091273694472e+02 2.783542972693403499e+02 3.012540427316517366e+02 3.307799113736942900e+02 3.465406377335084471e+02 3.628344995054786750e+02 3.594437308007841807e+02 3.707309176276124276e+02 3.946991776992434211e+02 4.155102779226068606e+02 4.372043197487579391e+02 4.453179549289330339e+02 4.578442199908021735e+02 5.018049345373211736e+02 5.524317806792408874e+02 6.091130361493659393e+02 6.730037597972195726e+02 7.432124768898014509e+02 8.035308960075605000e+02 8.101326012075116978e+02 7.706974965756379561e+02 7.249579481935268177e+02 6.828627043107475174e+02 6.460444021084264250e+02 6.152872585800264460e+02 5.942940574418528286e+02 5.995751054705435763e+02 6.099541623039688147e+02 6.369796944969644983e+02
6.846229606998467882e-04 6.044717698845811071e+01 1.043147137926434453e+02 1.490734510887723445e+02 1.819057538138099801e+02 1.874057715986363633e+02 2.041593787493952448e+02 2.292044947852213568e+02 2.305017663588393475e+02 2.266228574746775450e+02 2.512245634535645706e+02 2.930682011442789872e+02 2.989892480774567503e+02 3.237433916492126968e+02 3.074434820384707905e+02 3.193059946910817644e+02 3.538418930213060776e+02 3.689297994307628983e+02 4.007032399504221871e+02 3.993268934247396373e+02 4.680092125556872134e+02 5.289925228044294272e+02 5.859667694122326793e+02 6.412933880444791157e+02 6.999213359195476869e+02 7.590669677839368887e+02 8.040934473682856378e+02 7.932135631947970751e+02 7.382826979883291187e+02 6.862170656666047535e+02 6.412360274990952576e+02 6.023228789398409617e+02 5.683993820253957665e+02 5.399354831098853538e+02 5.518604201841210397e+02 5.593443646319025220e+02 5.937129861978676217e+02
7.082983629705184424e-04 2.383993032542211665e+01 6.690417788571990343e+01 1.078706153034625146e+02 1.210298411930391040e+02 1.225664238354257520e+02 1.542129199351215050e+02 1.645864255973188506e+02 1.691251843460657085e+02 1.669837885882938622e+02 1.829109741814617962e+02 2.398251662836743208e+02 2.337396108485157527e+02 2.597632274403313772e+02 2.275280808381605482e+02 2.513758345998119523e+02 2.777568815070878827e+02 3.051449279611982206e+02 3.343606716971291348e+02 3.671206528165274108e+02 4.363089195797747948e+02 5.082601874829354074e+02 5.647835526667938666e+02 6.204282519389910249e+02 6.792981175405628846e+02 7.344308529079027039e+02 7.814371757967176109e+02 7.629433255804202645e+02 6.985704846002482782e+02 6.329036727959531845e+02 5.815529056314284162e+02 5.388110701457063669e+02 5.011293727207897746e+02 4.665947193002284052e+02 4.848349272344560177e+02 4.919439088462269751e+02 5.337387297214600039e+02
8.682931820036127180e-04 7.083050296371853948e-04 1.608492422815360356e+01 3.537014305922685509e+01 5.361491463704155080e+01 6.884208776131750085e+01 8.284322728811368108e+01 9.755844039253526034e+01 1.115800304647845422e+02 1.257506932044146737e+02 1.417376354130919367e+02 1.978036197111980243e+02 1.686148683680349620e+02 1.910848813298844959e+02 2.613471728789308486e+02 3.135131393174072514e+02 3.484385153256421290e+02 3.802235091736923778e+02 4.138627179195319172e+02 4.170285528526276835e+02 4.176704803353798638e+02 4.566178529964815311e+02 5.077745206116784402e+02 5.647946115759327768e+02 6.293479613781159969e+02 7.006873173799361894e+02 7.537347803639340782e+02 7.282445150740521740e+02 6.597643358071799184e+02 5.894415741424838870e+02 5.289254883462783710e+02 4.812140707099885049e+02 4.400232311889633934e+02 4.022270328869202558e+02 4.215753926169349484e+02 4.335471602977758607e+02 4.841502698082156826e+02
1.626078096075774708e-03 6.165174105115259806e+01 9.387706541136304850e+01 1.090515663825180326e+02 1.232736711557789135e+02 1.271663643465959552e+02 1.218057806405060433e+02 1.583424245142627456e+02 1.691279289792068425e+02 1.985443865241271624e+02 2.057828365192734452e+02 1.686148683613683090e+02 2.141995308930276849e+02 2.193032811733307881e+02 2.930532308410357132e+02 3.543010246557907976e+02 4.030427311334819365e+02 4.451258454362869088e+02 4.786859009115241861e+02 4.794171873560092649e+02 4.850007274402004782e+02 5.072128976906603270e+02 5.251057462447346325e+02 5.818399003999774095e+02 6.469593012875646991e+02 7.119736575082972649e+02 7.289772019021143024e+02 6.895151438912148478e+02 6.200582716482754222e+02 5.509159071776844030e+02 4.894602919065587798e+02 4.357368023607489818e+02 3.906159254788713042e+02 3.506916821390988162e+02 3.640651410652649247e+02 3.960461625617000436e+02 4.499135087782214555e+02
7.620812103862621874e-04 6.394928502565432638e+01 1.240767367335045606e+02 1.654086566954328816e+02 1.895838066443608625e+02 1.919209385703099997e+02 1.850567140193182638e+02 1.885565931443016439e+02 2.328411099734922800e+02 2.561844044223879564e+02 2.603679373288848069e+02 2.425562759541143976e+02 2.102551546391140960e+02 2.580329583746482740e+02 2.843503976246229286e+02 3.369711383658712975e+02 3.968530894612886186e+02 4.628866148413803216e+02 5.252395984982098298e+02 5.420096912590720422e+02 5.526334166589957704e+02 5.710572705172160113e+02 5.884488464514720363e+02 6.295978930862443121e+02 6.839992778432161913e+02 7.181781171517196753e+02 6.986254176291780595e+02 6.377287951124328629e+02 5.751156572976510688e+02 5.114443879440704563e+02 4.544307578921109325e+02 4.020486097028386894e+02 3.537481510174973778e+02 3.108762321775504915e+02 3.381479315442546181e+02 4.116103791433057495e+02 4.837367078157728315e+02
1.631439668600789469e-03 5.354343312376234110e+01 1.125416527189420464e+02 1.729044109483481009e+02 2.279995164578569415e+02 2.541487053467537578e+02 2.532734408678465741e+02 2.530676058861792797e+02 2.686233791161591853e+02 3.186142275326221238e+02 3.250107915153387239e+02 2.918026393888562211e+02 2.444144947658428748e+02 2.984494877546042062e+02 3.462240515373584913e+02 3.885606054763329098e+02 4.429381626533331087e+02 5.012150871521425870e+02 5.613372949817685367e+02 5.930298623307879780e+02 6.054498376327940150e+02 6.221525671394790606e+02 6.434654398681038856e+02 6.729044906801284469e+02 7.020679670289255228e+02 7.023301957941143883e+02 6.614754621225107485e+02 5.920842056070189301e+02 5.236021191675545197e+02 4.677826476071376192e+02 4.174112533491733643e+02 3.718793348818556979e+02 3.263413866876592238e+02 2.843299850294814064e+02 3.538637047774569169e+02 4.171310655855573373e+02 4.751712421003289251e+02
1.500496484432047462e-03 4.813771864566516712e+01 1.030194128398617721e+02 1.644076277307643750e+02 2.296808402663878326e+02 2.886694086504552388e+02 3.171241785422358817e+02 3.216155566869985591e+02 3.307436206303746644e+02 3.735297201864465819e+02 3.792150730092511139e+02 3.312084275458549314e+02 3.143354203450316504e+02 2.985959217518559967e+02 3.625822112170894229e+02 4.293505209128015281e+02 4.891274483747928343e+02 5.427080122992277893e+02 5.816905064822627764e+02 5.920346345663142529e+02 5.856347469147480069e+02 5.982543673143283058e+02 6.260574779371121394e+02 6.588741893200001414e+02 6.770396296481629861e+02 6.674618203921863824e+02 6.109370779527727109e+02 5.468634388331952323e+02 4.793797364477079554e+02 4.208669597686778729e+02 3.749925476570177807e+02 3.382705009128887355e+02 3.027977445864336801e+02 2.621175302572178225e+02 3.216427936607915967e+02 3.725127639488679279e+02 4.264629631901843823e+02
9.039551361381488372e-04 4.732123171910497916e+01 1.015487069709413532e+02 1.616498283546157211e+02 2.267740281531281710e+02 2.938370824292642851e+02 3.526846231556539237e+02 3.829072794809927132e+02 3.978415064737590114e+02 4.298675196906688711e+02 4.328097894985228322e+02 3.984455798470626178e+02 3.860134892391336621e+02 3.485148561053365484e+02 3.658515315786669930e+02 4.302294362405341417e+02 5.002607538144637829e+02 5.566065895728715986e+02 5.675649540711750660e+02 5.454935392225347641e+02 5.105662720577074651e+02 5.230016543976879575e+02 5.634893650174703907e+02 6.104249973415627437e+02 6.175873459807095287e+02 6.236140809771899285e+02 5.686581061859319561e+02 4.990515687107966869e+02 4.379362689356289025e+02 3.807445758865676453e+02 3.331941349248664324e+02 2.934631690208934174e+02 2.865702016825090368e+02 2.427002016827119348e+02 2.759699353878622787e+02 3.241349526224408919e+02 3.819844678208537516e+02
1.429837670197248601e-03 6.317970408525344794e+01 1.257380793007581445e+02 1.839153456117754217e+02 2.411457552705401213e+02 3.000472714063953958e+02 3.566451138195710655e+02 4.033586894322161811e+02 4.419432446047090366e+02 4.725257502024088581e+02 4.837582964903970151e+02 4.705585651236891067e+02 4.436527504839052654e+02 4.088360393837628521e+02 4.224702113372658800e+02 4.728627027446553370e+02 5.291832387066523324e+02 5.548047201764729834e+02 5.304123349015804934e+02 4.800064124715619300e+02 4.354098483326691280e+02 4.530737818314172500e+02 5.104866171976113947e+02 5.576017062049464812e+02 5.511189434183077083e+02 5.732934602866977229e+02 5.337837974456188022e+02 4.584357950677155600e+02 3.957599818960428024e+02 3.423395640889237939e+02 2.965267751111986740e+02 2.605903925396631280e+02 2.347079931640939776e+02 2.263152427796254358e+02 2.977036197738400460e+02 3.412825832130342860e+02 3.967987944614761773e+02
8.906530452106879887e-04 6.388661296623892838e+01 9.887601478286214274e+01 1.481579116810125072e+02 2.033059652988734740e+02 2.621220048181074844e+02 3.219692330798256421e+02 3.699749040646975118e+02 4.224989272019022337e+02 4.659513968951279139e+02 5.019220490512794299e+02 5.168344716592878285e+02 5.044033868967440526e+02 4.755383370629062938e+02 4.856737241055234335e+02 5.241960912601633709e+02 5.479540661610373036e+02 5.324163647197461842e+02 4.798316051978087557e+02 4.252713654976635667e+02 3.704851447966889850e+02 4.120800656049209465e+02 4.677678075270451359e+02 5.057603935266199642e+02 4.843460091026163354e+02 5.232174032404294621e+02 5.171740013289759190e+02 4.493857049160818633e+02 3.637369426482939048e+02 3.029741229045397404e+02 2.588648853288596570e+02 2.259766526520316745e+02 2.043470298530898788e+02 2.584802841630752255e+02 3.126987125370439458e+02 3.746509619522338426e+02 4.274097429096968312e+02
1.315733920322398939e-03 3.999828186042144296e+01 1.046502177931524642e+02 1.649691065435617077e+02 2.139517039763880746e+02 2.496391467567154336e+02 2.770137819949802065e+02 3.227360150919772082e+02 3.699640085838651089e+02 4.209650564833037834e+02 4.795863663404895192e+02 5.207003383157350527e+02 5.354564468408574385e+02 5.286278117736884496e+02 5.375503862643679440e+02 5.514016262243577557e+02 5.384827557237557585e+02 4.984625862728122456e+02 4.364816885981364294e+02 3.758487898069709559e+02 3.244422805148326461e+02 3.746752620924555686e+02 4.366202869281827361e+02 4.558496237698091136e+02 4.218900648825998587e+02 4.740135529028148085e+02 4.983580541059914708e+02 4.661740680053492838e+02 3.972890610979598591e+02 3.372735433898372435e+02 2.857426611013208344e+02 2.402291859810515859e+02 2.001641510499277103e+02 2.251765101422721500e+02 3.053386885680407090e+02 3.624593445449193609e+02 4.085076210992946244e+02
1.399994275800712888e-03 5.696351361063209850e+01 1.021203685683189093e+02 1.344846638032614123e+02 1.733200932130682475e+02 1.884799194424290931e+02 2.269770941489322809e+02 2.688820326773140437e+02 3.168128774491063382e+02 3.763270021651908337e+02 4.366218753554371119e+02 4.923413949154381726e+02 5.037360356398267527e+02 4.972790748333803776e+02 5.140611256282252270e+02 5.273791502337114707e+02 5.040713508498410533e+02 4.501011344008391575e+02 3.947194768582096458e+02 3.370956719394105789e+02 2.868834115316362272e+02 3.451105877131937518e+02 4.012966545588220697e+02 4.087050293016046112e+02 3.658323772586157361e+02 4.184241390178999609e+02 4.673299811340926908e+02 4.734978003180162887e+02 4.335836570353600905e+02 3.802865343772529627e+02 3.272511238813382306e+02 2.641147946124223154e+02 1.899249578688388453e+02 2.242833625711988645e+02 2.655209761133116899e+02 3.122248282152719412e+02 3.532271845131806458e+02
1.181206231400129276e-03 2.199382956226440200e+01 4.823785648637058898e+01 7.729384907641048130e+01 1.090879354700070962e+02 1.421972387918511060e+02 1.798510548831566780e+02 2.233524070761725682e+02 2.748121619447408648e+02 3.347508201446482872e+02 4.025716181614349125e+02 4.550706049160918383e+02 4.377086326035578736e+02 4.137409846677982728e+02 4.444448654348328205e+02 4.753661817043332007e+02 4.611550073887464691e+02 4.085981599322647071e+02 3.523492078304541906e+02 3.024112867148170949e+02 2.541558083985714518e+02 3.135825419592825938e+02 3.655837961333209023e+02 3.650512597224930573e+02 3.161203816061932343e+02 3.719789450741907899e+02 4.292485757221447216e+02 4.589538585110740314e+02 4.446903075653181645e+02 3.899352291594674966e+02 3.382073977116047558e+02 2.804204120914160967e+02 2.254731849099301826e+02 1.674252920732442362e+02 2.207247227392145135e+02 2.631002279782656501e+02 3.094938720505898004e+02
1.630222212009432327e-03 6.270186742022934823e+01 1.042312174420478925e+02 1.415168639038450351e+02 1.820187917601658967e+02 2.029776902223079276e+02 2.407244004430015991e+02 2.800711663979403170e+02 3.298696892011259933e+02 3.731217622043643587e+02 4.107325836871170281e+02 4.170544751764966236e+02 3.835169517496414642e+02 3.301426267244076485e+02 3.767472400120767588e+02 4.222544105449176186e+02 4.230024868255289334e+02 3.724089113392259378e+02 3.185419762146967742e+02 2.691642479361506730e+02 2.247211826716601877e+02 2.828434387556987417e+02 3.295747558320690018e+02 3.245147719285752146e+02 2.720015914796177299e+02 3.264340578289162522e+02 3.770213257024772133e+02 4.236621867820022658e+02 4.294569481053123354e+02 3.753885851175140260e+02 3.062093011677907270e+02 2.485979725864744410e+02 2.134804912960913725e+02 1.511558080098461119e+02 1.881206762842724913e+02 2.337416582730920709e+02 2.961913307903524810e+02
1.073448080148506822e-03 6.934990591995828879e+01 1.382312128028179359e+02 1.927225544253290366e+02 2.363008030637219576e+02 2.694426063131490423e+02 2.981189140876545025e+02 3.270425893724359412e+02 3.551341388529971255e+02 3.715725261135365258e+02 3.808394501061689539e+02 3.700468766337768329e+02 3.192490321199948653e+02 2.637405742307416858e+02 3.189029248948900204e+02 3.736987968792634547e+02 3.880286397018510343e+02 3.415129324528892312e+02 2.861188741730765059e+02 2.420785394385706013e+02 1.980478160614613614e+02 2.504468980177730373e+02 2.893167236657517378e+02 2.856105349293217159e+02 2.325005860684770482e+02 2.780498454296875366e+02 3.261856794119733536e+02 3.796711014824487620e+02 4.038070450853373927e+02 3.739181226963661970e+02 3.108799414746473531e+02 2.420227574646548589e+02 1.807386688542858337e+02 1.370525506811252399e+02 1.942510686260114028e+02 2.357668347253757304e+02 2.692390026221431754e+02
1.126548970877862483e-03 7.363503781430706852e+01 1.405767621917725307e+02 1.994563808203510575e+02 2.521002971355027285e+02 2.902952433333942963e+02 3.058224120352190312e+02 3.158453779885066410e+02 3.203896910879643087e+02 3.122133105816510010e+02 3.152635241311746199e+02 3.174572276344927673e+02 2.669220804844950976e+02 2.084624801969696648e+02 2.685971174317204486e+02 3.263251943831504036e+02 3.445157151891963849e+02 3.304306404023795380e+02 2.808377317801245567e+02 2.196649015125620110e+02 1.737444618844607476e+02 2.045024737394320766e+02 2.400648867754653963e+02 2.455836035799560761e+02 1.975560373251651072e+02 2.269491393865652356e+02 2.676073707486929152e+02 3.290355791490425190e+02 3.553308707229214178e+02 3.484451462250099212e+02 3.202362914668386225e+02 2.667503312169767469e+02 1.970064158805181478e+02 1.226213972367096119e+02 1.605411119380650007e+02 1.933163959944658359e+02 2.205785007505973567e+02
