output/field_example_lateral_ON/elevation_000079.asc
nrows	150
cellsize	66.66666667
xllcorner	0
ncols	150
yllcorner	0
NODATA_value	-9999
[rows 34 to 50 of 150, columns 111 to 147 of 150]
6.015268829107300235e+02 5.283371330496695464e+02 4.776435328494990813e+02 4.134273832916533138e+02 4.671217734436583555e+02 5.276967405267407685e+02 5.961675953648776840e+02 6.639630401074828114e+02 6.942884018763877521e+02 6.777995896375464326e+02 6.397954024734335690e+02 6.067593328387774818e+02 5.751102069079234980e+02 5.399586373587737853e+02 4.903249783880230552e+02 4.302650633810033582e+02 4.233027273131328911e+02 4.873720178048801586e+02 5.637343085280019750e+02 6.450619230406153974e+02 7.264416949050731773e+02 7.778511278417914809e+02 8.111039516154128250e+02 8.190629183938923461e+02 8.124659424670597900e+02 8.091415507571649641e+02 8.204985008679033172e+02 7.896844113541641264e+02 7.432137588343294965e+02 6.966614289223317655e+02 6.551737716287716466e+02 5.967673167070581712e+02 6.118471958673960671e+02 6.701485689071542993e+02 6.990159542860294550e+02 7.507413838888901410e+02 8.122301199712335347e+02
5.868056131612280524e+02 5.117483138881245850e+02 4.423376216175424247e+02 3.959340028454681715e+02 4.657381341423898675e+02 5.200135049953088355e+02 5.878184856140420607e+02 6.458491758446133417e+02 6.473277856268800861e+02 6.077595786581612174e+02 5.713670656050218213e+02 5.406009040485714650e+02 5.256086663129344743e+02 4.831371523305040228e+02 4.545345385420739603e+02 4.115298592901706343e+02 4.115298592968372873e+02 4.870229789856779803e+02 5.780660193607729980e+02 6.752640589570311249e+02 7.406256052515735746e+02 7.685570719125877304e+02 7.777873820972466774e+02 7.689522408060793168e+02 7.354583227949607362e+02 7.350485339184746181e+02 7.524954948410509132e+02 7.440600370477817478e+02 6.929760104030196999e+02 6.561892322998222653e+02 6.336934628548333421e+02 5.967673167003914614e+02 6.217050975403004713e+02 6.800079654328375227e+02 7.431118087247016319e+02 8.023053908920556978e+02 8.604547803998882500e+02
5.852349619222878800e+02 5.125230130880690922e+02 4.412280597240272186e+02 3.797604789760629274e+02 4.322491487408451007e+02 5.054387600333461137e+02 5.783929269627890335e+02 6.163800987031218028e+02 5.952922020159129488e+02 5.444362975827209539e+02 4.994562555086172893e+02 5.033014849644235937e+02 4.528748373208250086e+02 3.883122566815102914e+02 3.960485662431307219e+02 4.602183946909031533e+02 4.890909620520422436e+02 5.492392386198431495e+02 6.310836367003737450e+02 6.951106573098243189e+02 7.249829993731306104e+02 7.134096379322586472e+02 7.137358406084008493e+02 7.065707087993948790e+02 6.625717338332199233e+02 6.665797427871218588e+02 6.896824182482454262e+02 6.926106281758774230e+02 6.484738178301478229e+02 6.043381116411929952e+02 6.138258144085957611e+02 5.860665581118156524e+02 6.511475175680307075e+02 6.702098270769507735e+02 7.376847072017320670e+02 8.082089301707454752e+02 8.698788954278472829e+02
5.580151478014463464e+02 5.067186161495130250e+02 4.399048913907116116e+02 3.647722914712978763e+02 4.230343783362476984e+02 4.925046308618592548e+02 5.590700065598510946e+02 5.772864839419149803e+02 5.362543413122994025e+02 4.873021674588500218e+02 4.400024252601882040e+02 4.546584266139010424e+02 4.211418088767485415e+02 3.795118418632561657e+02 4.367748958661907750e+02 4.782056045268793127e+02 5.444690875168533921e+02 6.086824896550201629e+02 6.672570046052458110e+02 6.978414550572297230e+02 6.836686250268295453e+02 6.470723985720273959e+02 6.508411296882769648e+02 6.476566756081192580e+02 6.008708866651013523e+02 6.073079090045977182e+02 6.478035763291569538e+02 6.389860647198464676e+02 5.968966708829689196e+02 5.528776727465070735e+02 5.665736478647742160e+02 6.123600569643232348e+02 6.812036569444462657e+02 7.232016130609739548e+02 7.254152155992192093e+02 7.719861676894557831e+02 8.305764645177476950e+02
5.225575231771032350e+02 4.629866337907993739e+02 4.113634501419044796e+02 3.495648929239337122e+02 4.085577505731972110e+02 4.758748857107059393e+02 5.325962647940137913e+02 5.372828415722257205e+02 4.909347937977661331e+02 4.373271773899672326e+02 3.952375763818454857e+02 4.059567749455089825e+02 3.710569004918447718e+02 3.710569004985114248e+02 4.343619773414398537e+02 5.118929408576656215e+02 5.817715589943412624e+02 6.461996689514514856e+02 6.796659562826930596e+02 6.674199345446604639e+02 6.275191362182908961e+02 5.862672094977270945e+02 5.970628620739316830e+02 5.947902309565039332e+02 5.491340894615379966e+02 5.620136556484211496e+02 5.992123132242771817e+02 5.816902953287943774e+02 5.337149292430997320e+02 5.905605004616287488e+02 6.271007938148102312e+02 6.625514404945466822e+02 6.953143198814179868e+02 7.506962256903151456e+02 7.847035661777289306e+02 8.223013031794542940e+02 8.710721726586158411e+02
4.865768676572237155e+02 4.509438027166533516e+02 3.822390755890980927e+02 3.360706911964970800e+02 3.974243218876256947e+02 4.584537269753466830e+02 4.856185671533640971e+02 4.865916841451773394e+02 4.530850758914127141e+02 4.013544698162338591e+02 3.651477065794308601e+02 3.586638006540446781e+02 4.090314058764104175e+02 4.378147100642027567e+02 4.914957520576262482e+02 5.554364860135600566e+02 6.220460005587760861e+02 6.600879770082945015e+02 6.550792004297666153e+02 6.200124954211304384e+02 5.780068067077430669e+02 5.331254538705721870e+02 5.539753433429256120e+02 5.378955839874134881e+02 5.052244663057655885e+02 5.480124355801243610e+02 5.529344803500067655e+02 5.135815181281705009e+02 5.355306465768264843e+02 6.119630360772429185e+02 6.713644556263353707e+02 7.160172064247291246e+02 7.562057726818293304e+02 7.952405141099964112e+02 8.412387721890004286e+02 8.821174065219563545e+02 9.241418068020525425e+02
4.207486588997912804e+02 4.209955790040867782e+02 3.824341459010057065e+02 3.243390907646925712e+02 3.750988170476737196e+02 4.105807244487115781e+02 4.150069514247711595e+02 4.199453529306726409e+02 4.158072422256922209e+02 3.837782775531576362e+02 3.442166950449834530e+02 3.952354082015352219e+02 4.431158632671329087e+02 4.999904192036585755e+02 5.512392520805570939e+02 6.066870753037522945e+02 6.431594149476928806e+02 6.439723442537022038e+02 6.134737997216943768e+02 5.662084497735664854e+02 5.279668647846076510e+02 4.933888635311114399e+02 5.018895097258041460e+02 4.606338881119299913e+02 4.844458338944745606e+02 5.168086065381759227e+02 4.971926662090332911e+02 5.462613016745135610e+02 5.135815181348372107e+02 5.992293021108358744e+02 6.617422001989023101e+02 7.250356302498761352e+02 7.739409568368275814e+02 8.339980960683743660e+02 8.843874932343506998e+02 9.290825223522768965e+02 9.698908970899216229e+02
3.490929628434510050e+02 3.633861054003523350e+02 3.579725380927384890e+02 3.209623847829655574e+02 3.069347649292042206e+02 3.528974268665286331e+02 3.521153597334875940e+02 3.591384225527313561e+02 3.666418777659202988e+02 3.284246790185732152e+02 3.776316222750469365e+02 3.843554426889999718e+02 4.746041536235655371e+02 5.382576927465445351e+02 5.892614625972638578e+02 6.246231612469805441e+02 6.297412220154039915e+02 6.031402616807599770e+02 5.565311582051227788e+02 5.131371585930635320e+02 4.728968808175450818e+02 4.770573920190687431e+02 4.452796039558896268e+02 4.834069262980675035e+02 4.706564712358855900e+02 4.808061901016062052e+02 5.406001982733179148e+02 5.874201573642250196e+02 5.916363437581618427e+02 5.549889547423586009e+02 6.395926105760775044e+02 6.891084425279456127e+02 7.583785137135135983e+02 8.251478240506335169e+02 8.770643877148180536e+02 9.200754886820346883e+02 9.592085268270258211e+02
2.955134222632808587e+02 3.179977720601512488e+02 3.249236245041531106e+02 2.885658234426380773e+02 2.929715902569005834e+02 2.981379602955396422e+02 3.028678557062561936e+02 3.074776488005151123e+02 3.116742594375054978e+02 3.510958379691308551e+02 3.741526807956324774e+02 3.812376460850319972e+02 4.619171866163239315e+02 5.247090328017262664e+02 5.704706317441325609e+02 5.889624985966564736e+02 5.860311444376698091e+02 5.450418468329960433e+02 5.017064347655431220e+02 4.603664246474958190e+02 4.194712345520670738e+02 4.297268259421743437e+02 4.888011651573328891e+02 5.170988800384526485e+02 5.034984619834894488e+02 5.439356177591222377e+02 5.487642638187916191e+02 6.159239838578995432e+02 6.516163527766429979e+02 6.396373978507958782e+02 5.979586219334645421e+02 6.784130223592625271e+02 7.400193404958567953e+02 7.864125642288636300e+02 8.304687159683178379e+02 8.646228727062627968e+02 9.038461328089291555e+02
2.732518997447439233e+02 2.758437539405712187e+02 2.807109344732938894e+02 3.223940942377223564e+02 3.316821624279988896e+02 3.553892260154153746e+02 3.599670559496389615e+02 3.613907694094293106e+02 3.248710706301060895e+02 3.195816923496130926e+02 3.502239451428915231e+02 3.704777636071987104e+02 4.198027282474719755e+02 4.761562044803829394e+02 5.224677351564450873e+02 5.299004606759825720e+02 5.354556554197679361e+02 4.922071506731907107e+02 4.472024695942994299e+02 4.062720384220227743e+02 4.587800011171929668e+02 4.900563305163857422e+02 5.283802720189701176e+02 5.656809089393047998e+02 5.830996808831558837e+02 6.052499074386086022e+02 6.125000863722527811e+02 6.292324993201957568e+02 6.934454261511834829e+02 7.006709875930546332e+02 6.667251076259556157e+02 6.341313307918024975e+02 6.956630956025302339e+02 7.413733508107940224e+02 7.866600176518386434e+02 7.996164083093830186e+02 8.527955742592660044e+02
3.344339676438435163e+02 3.385054667047149906e+02 3.440506900783375954e+02 3.063698406423820302e+02 3.541493489875780938e+02 3.912761157574633444e+02 4.122670745542669692e+02 4.108798781684463393e+02 3.965363024246364034e+02 3.857207048518131955e+02 3.288748307982610868e+02 3.350129806468739275e+02 3.828802287263908966e+02 4.309756992210388375e+02 4.638483092135126071e+02 4.712465279720841522e+02 4.813885074052227537e+02 4.437593714037473660e+02 3.923731639234775912e+02 4.417381501892875804e+02 4.575901400698289194e+02 4.942177456437518117e+02 5.352911914311254122e+02 5.816955517341563109e+02 6.316880180581238164e+02 6.736209249328381929e+02 6.824194451698540433e+02 6.895440215320163588e+02 7.377626794187634687e+02 7.493630429243298749e+02 7.032041134329243732e+02 6.341313307984692074e+02 6.606644795469984501e+02 6.955051301326433304e+02 7.328489637596702551e+02 7.867682568181667193e+02 8.457281072107583668e+02
3.839951597656583999e+02 3.968515674667042390e+02 3.964735158778653954e+02 3.629496330142699776e+02 3.282865505098610015e+02 3.889172000360159132e+02 4.419947902581515677e+02 4.689115608173667056e+02 4.664198051764673778e+02 4.322097089932863128e+02 3.924666123273128733e+02 3.802153321153321599e+02 3.446871224196549974e+02 3.943254283399084557e+02 4.006567021379061089e+02 4.216292417554964231e+02 4.256332748036145404e+02 3.797617078757818376e+02 4.057325864409145879e+02 4.519666808555791704e+02 5.055625491327758709e+02 5.442416745708394501e+02 5.848915133559301012e+02 6.278582665823529396e+02 6.734456445786462382e+02 7.177847187825063884e+02 7.510235708355403403e+02 7.616968959845248719e+02 7.855559728639228751e+02 7.928026075632972152e+02 7.440361750179146156e+02 6.896121047381921016e+02 7.196554005809941827e+02 7.043785229039445994e+02 7.370437379840936956e+02 7.887042817907156405e+02 8.461574293944003102e+02
4.201866192879709274e+02 4.536252792209359654e+02 4.427920230034365545e+02 4.009262380291169734e+02 3.421057818396668040e+02 3.946026968539646305e+02 4.525265279464247214e+02 5.043768442550402256e+02 5.118092732367103963e+02 4.748429460150284740e+02 4.375345783310116872e+02 3.875660046772410965e+02 3.913966587899933529e+02 3.532845233367920628e+02 3.580502345582920043e+02 3.622727203067055939e+02 3.679015427603813464e+02 3.898676363550668498e+02 4.233383383355910041e+02 4.583099812900956067e+02 5.183028221086510712e+02 5.825103024509546685e+02 6.309932620861573014e+02 6.734809054915488105e+02 7.149284254012521842e+02 7.572411128984556399e+02 7.961663255602112486e+02 8.231572946062556184e+02 8.445480001522400926e+02 8.399739155462873441e+02 7.989782490453233095e+02 7.630197299011666701e+02 7.600277720111351982e+02 7.575994169819862236e+02 7.637361892104476055e+02 7.978938590275490697e+02 8.497595688705775956e+02
4.817577913541892940e+02 5.019462407501383723e+02 4.677363703510756068e+02 4.093662625480416182e+02 3.556660269500665663e+02 4.081334947446028991e+02 4.698368579504303852e+02 5.295099966810676051e+02 5.428429690974165851e+02 4.977810507932517794e+02 4.389833730834902781e+02 4.291033493435002129e+02 4.274734516011965297e+02 4.151140155457941887e+02 4.082313234362189291e+02 3.727313678620328119e+02 3.719278586275560201e+02 3.767183627642145893e+02 3.935837993855979562e+02 4.541292888320724046e+02 5.176098957895210333e+02 5.848794068900615457e+02 6.328161441425232852e+02 6.738921480610426897e+02 7.061711142241201742e+02 7.440426784721410058e+02 7.874319020876282593e+02 8.308590446163325396e+02 8.679727517701047645e+02 8.785326046079561593e+02 8.643710751491034898e+02 8.426949771956062705e+02 8.182551691847318125e+02 8.161557464404762641e+02 8.160940124250199688e+02 8.507692188348765967e+02 8.917073566604548205e+02
5.467256477357583435e+02 5.456180060917928358e+02 5.004543011874742433e+02 4.382572233054204389e+02 3.695995858885480629e+02 4.126712298601243560e+02 4.849032508999315496e+02 5.528779346077220680e+02 5.697784075826306207e+02 5.306443711764640057e+02 4.773151756829511783e+02 4.763429192455749330e+02 4.821172125938221598e+02 4.716162377808301471e+02 4.384309143685920844e+02 3.902948983978936326e+02 4.413474553462971244e+02 4.356355304451740267e+02 3.861995194103843119e+02 4.029564875895351861e+02 4.979948969194326196e+02 5.446051472377901064e+02 5.845309712107258520e+02 6.286522252714495380e+02 6.397283460769973544e+02 6.823687256710970814e+02 7.347868638278507660e+02 7.913102259685282434e+02 8.465305766797760043e+02 8.788904941022526600e+02 8.995402147615591275e+02 9.004852484830147432e+02 8.851671859438798720e+02 8.826635242680110878e+02 8.835580217782049885e+02 9.146576412065122668e+02 9.501879089968853123e+02
6.044462815679452206e+02 5.692022838139507712e+02 5.040026106773537435e+02 4.385050106129409073e+02 3.833583181150169139e+02 4.452107900307099726e+02 5.056518030545501574e+02 5.729302838344558495e+02 5.942172443810266032e+02 5.482106461120457652e+02 5.283717084709238634e+02 5.296262883301894817e+02 5.341903929237432749e+02 4.923983843659406716e+02 4.175169027384661149e+02 4.527653080383627753e+02 4.923779991207388207e+02 4.839137291777892074e+02 3.861995194170509649e+02 3.967113638288273592e+02 4.549266871205588245e+02 4.830118365824358762e+02 5.280884980629431311e+02 5.686523323241318622e+02 5.687693673995023573e+02 6.237382916286406953e+02 6.869685159993186971e+02 7.533476724180111432e+02 7.950021744153548298e+02 8.322820615938742321e+02 8.800066282790771766e+02 9.172352372726261365e+02 9.372020221193287171e+02 9.434778807788511585e+02 9.524491838366677712e+02 9.777182595277448627e+02 1.008808370238505177e+03
6.319971442561624144e+02 5.715901942549818386e+02 4.992203329668776632e+02 4.300886546842511962e+02 3.833583181216835669e+02 4.458765433193508443e+02 5.178971929955633868e+02 5.900776480773087087e+02 6.235836242428237028e+02 5.998505586603381516e+02 5.851753833229101929e+02 5.853272030584661252e+02 5.697168324866090643e+02 5.076677258510725892e+02 4.367651114825868603e+02 4.978015340301256515e+02 5.423866655507018777e+02 5.356552367825656802e+02 4.755977027855022357e+02 4.701712682365522937e+02 4.143107223875875320e+02 4.143107223942541850e+02 4.838009741180488277e+02 4.971822779498940577e+02 5.642219738795639614e+02 6.305841892297204367e+02 6.903492909839860658e+02 7.274379174412382554e+02 7.331481404774277735e+02 7.790762788623735560e+02 8.331839315428320560e+02 8.950160950038418832e+02 9.355311339978037495e+02 9.472935118900724092e+02 9.626971390144589122e+02 9.885733846941271850e+02 1.019681389739427345e+03
