output/field_example_lateral_ON/elevation_000062.asc
nrows	150
cellsize	66.66666667
xllcorner	0
ncols	150
yllcorner	0
NODATA_value	-9999
[rows 85 to 101 of 150, columns 74 to 110 of 150]
8.144683179200363838e+02 7.751386588756386118e+02 7.295033024829775741e+02 6.838297079387449457e+02 7.288836432838007795e+02 7.741228585487618830e+02 8.224112771542772862e+02 8.559586715855183456e+02 8.790575974080948072e+02 8.835134173684612051e+02 8.629323622200379305e+02 8.230960433325755048e+02 7.863519254121250697e+02 7.505161273631488257e+02 6.820929661980670744e+02 6.105723179201098674e+02 5.468654272751055032e+02 4.922412684928657995e+02 4.421943904341944176e+02 4.129910362506474257e+02 4.796011451197322231e+02 5.431314110424881392e+02 5.873193085233709780e+02 6.187850228516889501e+02 6.523422623102270563e+02 7.110598341116376560e+02 7.395264090403877617e+02 7.144775530696831538e+02 6.651076565036507873e+02 6.199471270272410948e+02 5.942859126818040068e+02 5.837410359814514322e+02 5.436749877092481711e+02 4.766935273969950799e+02 4.075566611698743031e+02 3.459619453630152748e+02 3.844137150140667245e+02
7.665755567918751012e+02 7.263130911627589512e+02 6.733317798011789819e+02 6.262925873820980769e+02 6.699459944222193144e+02 7.164885063418216760e+02 7.573640554232691784e+02 7.980292097964228333e+02 8.458696434420869537e+02 8.803827709603111771e+02 8.930860292772297271e+02 8.689605947026446984e+02 8.161538315358286582e+02 7.443493598539276945e+02 6.701078888944662140e+02 6.016519679779703438e+02 5.391172668032739921e+02 4.963494831240031431e+02 4.818230766671615584e+02 4.271699129497397962e+02 4.622175456636409763e+02 5.339348021168002560e+02 6.042154593307529922e+02 6.589330792460001476e+02 7.047712303437411947e+02 7.457690047907158259e+02 7.833853601525435124e+02 7.653676228242143225e+02 7.258313739933901161e+02 6.861834568751911547e+02 6.493897308515250870e+02 6.033071605311873782e+02 5.454047711368031059e+02 4.834060928166049393e+02 4.230150590588326054e+02 3.621322504178692725e+02 4.240078448467753560e+02
7.131842138742467796e+02 6.840384777611396885e+02 6.314770859528506435e+02 5.810868300833948297e+02 6.222375800682997351e+02 6.576018679136645915e+02 6.942117884416227298e+02 7.409466658039324329e+02 7.903694024096622570e+02 8.474622022071082483e+02 8.857620836148350918e+02 8.792348200141767620e+02 8.154292997962107847e+02 7.402237681713586426e+02 6.729342883370433128e+02 6.159840681039814854e+02 5.884554029900150454e+02 5.484993792543649533e+02 4.934603297106712034e+02 4.440869950758395817e+02 4.950380283638205015e+02 5.249927140832405712e+02 5.788403206517212993e+02 6.424143468748276291e+02 7.128098166194979513e+02 7.819408579775463295e+02 8.135874881726606418e+02 7.906788783948018136e+02 7.425224615792797067e+02 6.918670769767898037e+02 6.410680950354942524e+02 5.834465453920787468e+02 5.114559219117600719e+02 4.456376247564007826e+02 3.855259273166457206e+02 4.185227685254767493e+02 4.651316430696359703e+02
6.507145293043764696e+02 6.456285967390015230e+02 5.975271991634264168e+02 5.445668104155099627e+02 5.737000229138476470e+02 6.024909798761682396e+02 6.405285458381738408e+02 6.835626639609973836e+02 7.393722780638591985e+02 8.004008246290433135e+02 8.647477915951175191e+02 8.834788014853063487e+02 8.373492193844995199e+02 7.763186622858221426e+02 7.199032085124869127e+02 6.768358290549690537e+02 6.264276541809953187e+02 5.509522236733401996e+02 4.697622170739646776e+02 4.961642622743772222e+02 5.368538629400085256e+02 5.861749853934300063e+02 6.379928776680734472e+02 6.883246487764279209e+02 7.484524065098260053e+02 8.083084886155539834e+02 8.208044183146340629e+02 7.747025029187692553e+02 7.048301474475954365e+02 6.446775191968804393e+02 5.918095166722563363e+02 5.434607073860692026e+02 5.016474691879715238e+02 4.573169959226524952e+02 4.030491900513004566e+02 4.649482981813363835e+02 5.048681071652205219e+02
5.847252855634842490e+02 5.871476997070388961e+02 5.710505688855972721e+02 5.144212642133087456e+02 5.242567765784184530e+02 5.544312114511807295e+02 5.906756814362732939e+02 6.348836796756903595e+02 6.913842497510979683e+02 7.652169091641651448e+02 8.466223342740283897e+02 8.716130630363035152e+02 8.205564515429213088e+02 7.607690986621976208e+02 7.070547322686193183e+02 6.780551355069079591e+02 6.293217602699700137e+02 5.628674989973249012e+02 4.885045770130878395e+02 5.021563564023689992e+02 5.391156653559669394e+02 5.974289612895138362e+02 6.615419183950596107e+02 7.288359232669191670e+02 7.867701357429226618e+02 8.297490421050830491e+02 8.151163383132993658e+02 7.407360405087372328e+02 6.621963437181045720e+02 5.937112778748004303e+02 5.378590631307852163e+02 4.943693227722807251e+02 4.578952343181464357e+02 4.262069831401854572e+02 4.505213781749872055e+02 4.830665991890359123e+02 5.405224455956166594e+02
5.174039287708797019e+02 5.253212061858912421e+02 5.230526637918882216e+02 4.882351784094872187e+02 5.384909132311838675e+02 5.932734671910726547e+02 6.370339166182201325e+02 6.800127234296904817e+02 7.300792094859182271e+02 7.947905386453990104e+02 8.595007091710778013e+02 8.682268680931463223e+02 8.104046954298484025e+02 7.448782355554560581e+02 6.859236601128053508e+02 6.333788936971726571e+02 5.952978809693092899e+02 5.289003718460470509e+02 5.519111880110726815e+02 5.158783915617487992e+02 5.737834512770411948e+02 6.094954774505966952e+02 6.646792399454642464e+02 7.268862599294307074e+02 7.914399979821379247e+02 8.416929189739639696e+02 8.217686522317327444e+02 7.512851586158116106e+02 6.784802581732762974e+02 6.164781861467380395e+02 5.839178037607565557e+02 5.397307372019138256e+02 4.947521450620674841e+02 4.456899061370801860e+02 4.893156251500912504e+02 5.271193064956341914e+02 5.768748532352991560e+02
4.552717939925614701e+02 4.678727879771111589e+02 4.562468944377418438e+02 5.237030903514213378e+02 5.821612799873544191e+02 6.359103904340940971e+02 6.864929047374987476e+02 7.329508859389864028e+02 7.801388204330826284e+02 8.313894498604092860e+02 8.812544435710051403e+02 8.712278875488993890e+02 8.001795351197105219e+02 7.269480689548800001e+02 6.658429319148535797e+02 6.152590854918079231e+02 5.733857529059497438e+02 5.615985122397879650e+02 6.083605041239262619e+02 5.973229452146922540e+02 5.592850579006812950e+02 6.136060259028131441e+02 6.700319066588083388e+02 7.310131816693177598e+02 7.958223265777565985e+02 8.473163996928880124e+02 8.258423212935750826e+02 7.551042059232275960e+02 6.827929025018564744e+02 6.218117944280518259e+02 5.874892601975991511e+02 5.324192430593672043e+02 4.744784349554725509e+02 4.876824657956631199e+02 5.261619846912935827e+02 5.742113009416361820e+02 6.217940867440950115e+02
3.992605893529309355e+02 4.205299744018981301e+02 4.951710389164148296e+02 5.596166984237030420e+02 6.214117573822113627e+02 6.781817224012341967e+02 7.308031495448008172e+02 7.803967688679636012e+02 8.280249641979613671e+02 8.733128804900333080e+02 9.074172114370031750e+02 8.940428870357825417e+02 8.326829642442445447e+02 7.691541011336908014e+02 7.080312878766372933e+02 6.591154714549498976e+02 6.266530501488841765e+02 6.000919930060214256e+02 6.572819635202388326e+02 6.601320911671572276e+02 6.107027965369236426e+02 6.140884465812920325e+02 6.725671337748738097e+02 7.339621553079252863e+02 7.993428840953819190e+02 8.516206635851020792e+02 8.273021900292952751e+02 7.522794485451951232e+02 6.744193972425599668e+02 6.058750100275666455e+02 5.473830746274265948e+02 5.133499583560450219e+02 4.966318786277720960e+02 5.360871165060142403e+02 5.739336418624714042e+02 6.242724044504561789e+02 6.774801335199867935e+02
3.965932393830565843e+02 4.532992632603400693e+02 5.037891483203654275e+02 5.583198470432935210e+02 6.194553098608561186e+02 6.768075268407835665e+02 7.299537159737791399e+02 7.811971913460228052e+02 8.311581732136596656e+02 8.774228449898510007e+02 9.140827443734362987e+02 9.163470664011387044e+02 8.766482725921405290e+02 8.134228321125218599e+02 7.557349544322909196e+02 7.138408076710054502e+02 6.782448192917491951e+02 6.475373341412630452e+02 7.037650519275254055e+02 7.114252119537093222e+02 6.645396918370437334e+02 6.679333067598975049e+02 6.775199809651024907e+02 7.357874410699540704e+02 8.028949226469906080e+02 8.595528329760682027e+02 8.345868250109929249e+02 7.573377409925188886e+02 6.778624238766395820e+02 6.073808442554538942e+02 6.090868471470103032e+02 5.709266232107062251e+02 5.252059837156615458e+02 5.777262513001401203e+02 6.295038387257236536e+02 6.779017388528621950e+02 7.240648202178955444e+02
4.595891456492348084e+02 4.277045728491643217e+02 4.495996435467548054e+02 5.179944583786901831e+02 5.787380979707348843e+02 6.331562429509978074e+02 6.839627771578601596e+02 7.372728479011730087e+02 7.886134330484213706e+02 8.363843414276961994e+02 8.887405636465097132e+02 9.208437432418697881e+02 9.093851963816343869e+02 8.602857974767116502e+02 8.136956132802060893e+02 7.698562657657598720e+02 7.362783131754912347e+02 7.072365961714734794e+02 7.552481500462143913e+02 7.643264521905223319e+02 7.221717103228436372e+02 7.245818575159770489e+02 7.317123677104792705e+02 7.846431173128875116e+02 8.387763825729571181e+02 8.827440196278088251e+02 8.530721604946037360e+02 7.738216467931459874e+02 6.992570952631807586e+02 6.580654245895958638e+02 6.644071020649543016e+02 6.168790311803224995e+02 5.598318313082870645e+02 6.270273921992665009e+02 6.792319427004571253e+02 7.363188063090401556e+02 7.639464824433375725e+02
5.100483898205219475e+02 4.969151327924357133e+02 4.708279284821144870e+02 4.817209259388761780e+02 5.398281138709877496e+02 5.828938188381710006e+02 6.370238946647011744e+02 6.957539022887069677e+02 7.391060210820544398e+02 7.866868477982368404e+02 8.422633005354194893e+02 9.031269621601907147e+02 9.327398894473044493e+02 9.119104550720271618e+02 8.687436578808444665e+02 8.328118837653438504e+02 8.006556044176450087e+02 7.885699170914325578e+02 8.087902979927819160e+02 8.212430581540025969e+02 7.874314346986814144e+02 7.886509872655174149e+02 7.966396529388248382e+02 8.392473567294462100e+02 8.879087581632194315e+02 9.131495010827469514e+02 8.836298196336128967e+02 8.200268576714299797e+02 7.683274512753363297e+02 7.210002455680840967e+02 7.170068837358409155e+02 6.606054953168196562e+02 6.005739237842165039e+02 6.492034644635593850e+02 7.199307439269722408e+02 7.784013185896542382e+02 7.890324162174756566e+02
5.346316907977593473e+02 5.329897185683227008e+02 4.708279284887811400e+02 5.229774210119711597e+02 5.180634186806613570e+02 5.781561871614682104e+02 6.342671570835242392e+02 6.723783522622183000e+02 6.825782954530582174e+02 7.351582314412985397e+02 8.008671490609506236e+02 8.754867935606497440e+02 9.346916064485880042e+02 9.413137057662622738e+02 9.154787521181228840e+02 8.870540694767573768e+02 8.659407474127664273e+02 8.592126450826608561e+02 8.721519887085908067e+02 8.793976541662715363e+02 8.606742658446386258e+02 8.603636053806495738e+02 8.691510508669231285e+02 8.978954166874001430e+02 9.199994400563299450e+02 9.266066518703933070e+02 9.095764833741759503e+02 8.771558809195977346e+02 8.392008021806535680e+02 7.916855747291879197e+02 7.685171735027940940e+02 7.039638759655073272e+02 6.517867009739275090e+02 7.073548661038690852e+02 7.631863910168622169e+02 8.134829172651899398e+02 8.038569772227903059e+02
5.482422341634537588e+02 5.704065767828964226e+02 5.494172959634465769e+02 5.520118002038584564e+02 5.774397893865715332e+02 5.566043270585257687e+02 5.854179004475962529e+02 6.206692271049778356e+02 6.702502777670659952e+02 7.288440281173935773e+02 7.970670139855616299e+02 8.711754376109098530e+02 9.286520095969973454e+02 9.314475917491179189e+02 9.037822740270117947e+02 8.767854077194441516e+02 8.657444281827355326e+02 8.669931637494546521e+02 8.873582583163395157e+02 9.120125612306835592e+02 9.208186446826930478e+02 9.250444247028067366e+02 9.252506578699276361e+02 9.208081487622266650e+02 9.036248425888411475e+02 8.813800353805650047e+02 8.929473759008672005e+02 9.001034053236769523e+02 8.873626413514411979e+02 8.610851213627945526e+02 8.150108993503678221e+02 7.656203777847008496e+02 7.165137267011889435e+02 7.663480339170743036e+02 8.220514941937856292e+02 8.481319314762978365e+02 8.149102959535269974e+02
5.443685694937385051e+02 6.004782183845419468e+02 6.184959688179829982e+02 6.202443721733530992e+02 6.263989595127241046e+02 6.132238618780778552e+02 6.177425953473787104e+02 6.692148792521370524e+02 7.221739728449404083e+02 7.778240377728251360e+02 8.412933199085452998e+02 8.901439943320252723e+02 9.136520567313672245e+02 8.940341548271113652e+02 8.451065857224858746e+02 8.065879289374827295e+02 8.010841241520514586e+02 8.028262817809504668e+02 8.389000412496017134e+02 8.890936945715150159e+02 9.267415572364079708e+02 9.414633373041497180e+02 9.205703273761662331e+02 8.881043037620136147e+02 8.435159678390939462e+02 8.077256672323708244e+02 8.284530326716069339e+02 8.696700302514965415e+02 8.969675601657484094e+02 8.971400373985846954e+02 8.707072913316497988e+02 8.363469541294471128e+02 7.954287433761537613e+02 8.298184497949592924e+02 8.717783186028131013e+02 8.738697852370207784e+02 8.145024961796555090e+02
5.286087929419626334e+02 5.957397775903403954e+02 6.538742980702080558e+02 6.820687376869782383e+02 6.863765407023414582e+02 6.745557509655775448e+02 6.692584505794560528e+02 7.212678391941929021e+02 7.741244589139014352e+02 8.301942211428428209e+02 8.692712203308643666e+02 8.828410098309781233e+02 8.647280162980302975e+02 8.469045765578654255e+02 7.893532112680555883e+02 7.364168148512018206e+02 7.303796271876084347e+02 7.340150385290528448e+02 7.842992805537842287e+02 8.404556301214564655e+02 8.974827515847334780e+02 9.145788588406763893e+02 8.742868855208150762e+02 8.283083984111985956e+02 7.822020080536926798e+02 7.372896331915666224e+02 7.634939531467015286e+02 8.192544964797340299e+02 8.693602650420859845e+02 8.940447335099809152e+02 8.886803003525187705e+02 8.808026444238438444e+02 8.733535273590538281e+02 8.945994151748693639e+02 9.144674482913310385e+02 8.942914939486391859e+02 8.234631408634016907e+02
5.223190498370717023e+02 5.856022379776411526e+02 6.531001571490173774e+02 7.141004655301729827e+02 7.447043738771573089e+02 7.410723835241788038e+02 7.325500384678837236e+02 7.782291251820500975e+02 8.300832234927224818e+02 8.640026951637760249e+02 8.693360998129591053e+02 8.437326391091422693e+02 8.004394076578186059e+02 7.981562210024081878e+02 7.445522546382878772e+02 6.795287783469066198e+02 6.668997282595090610e+02 6.775119491119399981e+02 7.353251690363034641e+02 7.991550160320924761e+02 8.626304801395571076e+02 8.805721236050706011e+02 8.333877014894254671e+02 7.731489220384336249e+02 7.237418747660734653e+02 6.781102459844639725e+02 7.216291342305609078e+02 7.752541393235637770e+02 8.228655477935487852e+02 8.498949909948315735e+02 8.365312727302366511e+02 8.594935669245373902e+02 8.815805630603065310e+02 9.087471027681407350e+02 9.311244371256358363e+02 9.171220582444608453e+02 8.660893952484634610e+02
5.144037157575997981e+02 5.784931558700683354e+02 6.467707148935767236e+02 7.160609403964509738e+02 7.758969503835967316e+02 8.037680488254338798e+02 8.032831824765081592e+02 8.420630416268425051e+02 8.692225030471807941e+02 8.714259329077774510e+02 8.388193069388292997e+02 7.850992248313679056e+02 7.361177088384616809e+02 7.480604034517693890e+02 7.069344162809529735e+02 6.482219370670759417e+02 6.077232790295041696e+02 6.455973178047422607e+02 6.967003088591085316e+02 7.629668086719645999e+02 8.295948776494551566e+02 8.474333705407817661e+02 7.994105233744561474e+02 7.363060706575693075e+02 6.741113704483616402e+02 6.336493227516804154e+02 6.813520834844796354e+02 7.316819550512934711e+02 7.882856678031142792e+02 7.944366943392836902e+02 7.600164541059256180e+02 7.932421962870581638e+02 8.264781382570446340e+02 8.631777953211723116e+02 9.048780970502219816e+02 9.236913223915654498e+02 8.963960940230605274e+02
