output/field_example_lateral_ON/elevation_000020.asc
nrows	150
cellsize	66.66666667
xllcorner	0
ncols	150
yllcorner	0
NODATA_value	-9999
[rows 85 to 101 of 150, columns 37 to 73 of 150]
9.119520501238244492e+01 1.403860041624826920e+02 1.707925573833639703e+02 2.093172692843033644e+02 2.337228988642102649e+02 2.653893859319757098e+02 3.075114247162007928e+02 3.560644174162199533e+02 4.150302311632615897e+02 4.441099196300035032e+02 4.284904249546772235e+02 4.261102310252935013e+02 4.361624775570414840e+02 4.509661092475200235e+02 4.571990103850058631e+02 4.664090713476597898e+02 4.779605468251135676e+02 5.051146586281945474e+02 4.886337246339946887e+02 5.166303903534241044e+02 5.489457236290875244e+02 5.446200163093482161e+02 5.458912025729457582e+02 5.807533867124230937e+02 5.857652881993402616e+02 5.901652723280267310e+02 6.291605721760012102e+02 6.498607524418814592e+02 6.659711189217988476e+02 6.810780634328954193e+02 6.922645658273013396e+02 7.122053172525053242e+02 7.355829156069124792e+02 7.567544132830548733e+02 7.657100022296576753e+02 7.606445461968800146e+02 7.558826752670875067e+02
1.333350574260286407e+02 1.589279845807195386e+02 2.141845254112627117e+02 2.469503577363882698e+02 2.867705335600473973e+02 3.224736057365431634e+02 3.603778326621433052e+02 4.038750306516635078e+02 4.558911986458729189e+02 4.888259255999531092e+02 4.918931841144744794e+02 4.951372596203713670e+02 5.050797688362277995e+02 5.173105140031466362e+02 5.256241910753353750e+02 5.342503098264251093e+02 5.449149817731490657e+02 5.606744439480734172e+02 5.620535979141349117e+02 5.787184952965837965e+02 5.950049706649323298e+02 6.023583226222808662e+02 6.114285593560449570e+02 6.304322330553516167e+02 6.405965948829370973e+02 6.489608371006802372e+02 6.682483612965774000e+02 6.771125806073805506e+02 6.653911787621751728e+02 6.516644835457774434e+02 6.424353293799604216e+02 6.760391389678584346e+02 6.942337094465692644e+02 7.278826804343157164e+02 7.266361872211027730e+02 6.948436498637423711e+02 6.887302948425549403e+02
1.470560652445686856e+02 1.981872178439233778e+02 2.344845995833684356e+02 2.876366556595486372e+02 3.313009013068389663e+02 3.773912615070448737e+02 4.133886908318092992e+02 4.483258707061635846e+02 4.803763210560896937e+02 4.993499495105301662e+02 5.066012099277688776e+02 5.158430197270193958e+02 5.293297091891181481e+02 5.414456639812941603e+02 5.508689655130388019e+02 5.564166183714033878e+02 5.616492081245355621e+02 5.724165555334348028e+02 5.829841923884367816e+02 5.890785732373113888e+02 5.846515289395043737e+02 5.950407515802569378e+02 6.141473815332579989e+02 6.250147124520095758e+02 6.259224525089649660e+02 6.328134251761941869e+02 6.500382942295643716e+02 6.473203737822088897e+02 6.120038701627145201e+02 5.809032265238050741e+02 5.764045567714902063e+02 6.175710733393940473e+02 6.362577106642085027e+02 6.869180703991078190e+02 6.742779600443467416e+02 6.272667092422748283e+02 6.273091977386779945e+02
1.734031227579921790e+02 2.127112209358930954e+02 2.712805201796555252e+02 3.232515871060035124e+02 3.687700667832269232e+02 4.028543761280784565e+02 4.249592723352284906e+02 4.485389745114179618e+02 4.584745989025099107e+02 4.522426008281798886e+02 4.555979333383486392e+02 4.661798373687323647e+02 4.831014271393792114e+02 4.951181188786526377e+02 5.049296675865007842e+02 5.073059312004983781e+02 5.076406723106126151e+02 5.185825850025431691e+02 5.347070905684108766e+02 5.420020451210025385e+02 5.168511752903289107e+02 5.307818535583415951e+02 5.659853563059425596e+02 5.648103478085027973e+02 5.560716827234822404e+02 5.632460655464116144e+02 5.987740877624701170e+02 6.007680084011079771e+02 5.575912389786443555e+02 5.137000752890457989e+02 5.172006716661530845e+02 5.458492685889937093e+02 6.085003599872190989e+02 6.463396683569188781e+02 6.211139045516250690e+02 5.657497565803148518e+02 5.762682533053514362e+02
1.786981790769169152e+02 2.386851787314809314e+02 2.834897580337275258e+02 3.331061433003573597e+02 3.705718199679521945e+02 3.788352628051368356e+02 3.727893814875081375e+02 4.023052049808457582e+02 4.006192939632802563e+02 3.892593578994422501e+02 3.918816663573382471e+02 4.029600124765564715e+02 4.243467285806783025e+02 4.347268471690409228e+02 4.457098526797248041e+02 4.447631963946883502e+02 4.391530566672122404e+02 4.519371562997051797e+02 4.748137661234312077e+02 4.840129098528047393e+02 4.474020222381648750e+02 4.672986887610253461e+02 5.134834845918832116e+02 4.992024405950268715e+02 4.805514813080844192e+02 4.961177437174983993e+02 5.482819853184547583e+02 5.536094540568547018e+02 5.081883871989778072e+02 4.579539979863324675e+02 4.681641010939391663e+02 5.353499524636281421e+02 5.937048694467008545e+02 6.055535781199897656e+02 5.653575384822336218e+02 5.089724716761195396e+02 5.717008498584675635e+02
1.908957414154263859e+02 2.441322822785157598e+02 2.875661651159146572e+02 3.205178705962160279e+02 3.266627380979452369e+02 3.181422989941810897e+02 3.087980894897485769e+02 3.461463230335857588e+02 3.407076904371438104e+02 3.285593069032709082e+02 3.320628572851587137e+02 3.424894154616347919e+02 3.827285096788569945e+02 3.772348902393926551e+02 3.914738033806097519e+02 3.870120680576263794e+02 3.731437054535264224e+02 3.888469903686066118e+02 4.378108711389407972e+02 4.327107360871734159e+02 3.858124260205496512e+02 4.283843748591505118e+02 4.674531481285330869e+02 4.548943803091075324e+02 4.092009323047979592e+02 4.551630318463311937e+02 5.032931293630018104e+02 5.074842200112933597e+02 4.648231961565279562e+02 4.104680594833264990e+02 4.724023314810977467e+02 5.302390173544590652e+02 5.648653597029577895e+02 5.577988560095573121e+02 5.190785005782893222e+02 4.676550797168832787e+02 5.336952671702274529e+02
1.822464883672564042e+02 2.122935186044962848e+02 2.470349420589761564e+02 2.718024873977286120e+02 2.627979238559129271e+02 2.527954072717880365e+02 2.512657533595093184e+02 2.944095029705435991e+02 2.872198511112683832e+02 2.735212678086652431e+02 2.788317601436526729e+02 2.946561391779355290e+02 3.352793182632813682e+02 3.216658864357131051e+02 3.570864608272501073e+02 3.485702629920559730e+02 3.119766981694322681e+02 3.587073949922970542e+02 3.919969489817336807e+02 3.807588014753282550e+02 3.385582330538244946e+02 3.859475667733944988e+02 4.153067594685969652e+02 3.992154651133700440e+02 3.579250780461608201e+02 4.128680516666117910e+02 4.557890315047822014e+02 4.562428281616541312e+02 4.203100307020640685e+02 3.768030956880591020e+02 4.369792649993761984e+02 4.993698009262606661e+02 5.096019216151070168e+02 4.904759926125742595e+02 4.634707528165261010e+02 4.314013266094272581e+02 5.007741683128159593e+02
1.276848948704660813e+02 1.609857317370887699e+02 1.949823284087261754e+02 2.062366833265888317e+02 1.997045476130761585e+02 1.950008896290078440e+02 2.044818579513891166e+02 2.533285186511484426e+02 2.410547258011850715e+02 2.236388224392061375e+02 2.306568627700509921e+02 2.784806387519746522e+02 2.810818174153827727e+02 2.770258526631191671e+02 3.064716207222141975e+02 2.856082192882060440e+02 2.705374399030154677e+02 3.277947733307149178e+02 3.345579225931180645e+02 3.164969694474170296e+02 2.988440129636810525e+02 3.492963711246386538e+02 3.549202631685440679e+02 3.249776003401905768e+02 3.125473428351647840e+02 3.792008801038128354e+02 3.960359115850757803e+02 3.965688235743871246e+02 3.622625748273322870e+02 3.480324602254981983e+02 4.202593242734291721e+02 4.659569107689026737e+02 4.517859609383777411e+02 4.400901723346739800e+02 3.825860591799667532e+02 4.441513406556921382e+02 4.994382323428677637e+02
7.097439503168371289e+01 1.213255567006173550e+02 1.153869036186772092e+02 1.485506203939015677e+02 1.441793351184272751e+02 1.462894658338743454e+02 1.893155472153656831e+02 2.173076257263660693e+02 2.156706921125394842e+02 1.782725715403539368e+02 2.225474098097463695e+02 2.340277925985848810e+02 2.222171958999746550e+02 2.557901191946926076e+02 2.588942832164398737e+02 2.178644711419782993e+02 2.637953363339249790e+02 2.900028211234134687e+02 2.883581833340893468e+02 2.516419762589334539e+02 2.679463515832063081e+02 2.978095313085792668e+02 2.916810393475258252e+02 2.509682926130070655e+02 3.011142425177997666e+02 3.376358254237474057e+02 3.354303193139000427e+02 3.292850697611696660e+02 3.073356766760941809e+02 3.612118402137310795e+02 4.104575843424728987e+02 4.226550338546324497e+02 3.910416200687781156e+02 3.814038159026864037e+02 3.490962513004628818e+02 4.128210109275113382e+02 4.537230265314371991e+02
1.101900397078661626e+02 7.823927265020761013e+01 8.276925268590986207e+01 8.800907841534383635e+01 9.396443803975333253e+01 1.379636233298081152e+02 1.238212879305818319e+02 1.696055524959663217e+02 1.750260703461833884e+02 1.488403254107641374e+02 1.829839230299977828e+02 1.694403535811304380e+02 1.946207164307317328e+02 2.042032927265281330e+02 2.039433161504352654e+02 1.821040292697144878e+02 2.217886649858320709e+02 2.296598463995525492e+02 2.316066781369575835e+02 2.284806101252279689e+02 2.063863549346032471e+02 2.394677099423762172e+02 2.386661267413870746e+02 2.166615822978198196e+02 2.488109781648126670e+02 2.903431021613277494e+02 2.797501800843128876e+02 2.676427354625275257e+02 3.196519747878713815e+02 3.520242023181127706e+02 3.693790804342903016e+02 3.632201876229991058e+02 3.452252223903500408e+02 3.093297433133664072e+02 3.582289311868449317e+02 3.895456852867125122e+02 3.930363772679613703e+02
1.386344975305260334e+02 1.297153734815336747e+02 1.391560878621341431e+02 1.367982833413342121e+02 1.390632272544237082e+02 1.031247124997608040e+02 1.083059143135302804e+02 1.141421460423259049e+02 1.191287266296318990e+02 1.241587093433777085e+02 1.298574904864082384e+02 1.349954212109156799e+02 1.398836762782247831e+02 1.444546278447944019e+02 1.444546278514610549e+02 1.512499548030197047e+02 1.594358489208956371e+02 1.664469001080556438e+02 1.718656026763034390e+02 1.718656026829700920e+02 1.773940225094760024e+02 1.773940225161426554e+02 1.939006402375452467e+02 2.133599531651925361e+02 2.344699765198355976e+02 2.537650292721751555e+02 2.316561027916960995e+02 2.685610806220227573e+02 2.897148970550634886e+02 2.972201155462047950e+02 3.054897987938353481e+02 3.086957297918194172e+02 2.716987452124270703e+02 3.000055239217146550e+02 3.198691576157851273e+02 3.289568174321461811e+02 3.288095546466029191e+02
1.903999050612177939e+02 1.867006096558019124e+02 1.953387148539902114e+02 1.939314545503150384e+02 1.568754421757668354e+02 1.777499077203200955e+02 1.801325757939861774e+02 1.773004765205891999e+02 1.408622026535251166e+02 1.789545117834704797e+02 1.923140946173649866e+02 1.961631799390326591e+02 1.726101210558333321e+02 1.618746285357583758e+02 2.004165434190418580e+02 1.772762174398601474e+02 2.103514560565532747e+02 2.236864926664547966e+02 1.950917800787686360e+02 2.234173752339386283e+02 2.361413342299237854e+02 2.401259503015456858e+02 1.884625882553819167e+02 1.947401879447115789e+02 2.009849419422841095e+02 2.068555934453846419e+02 2.112935447503301134e+02 2.181426832024900193e+02 2.253908790082989810e+02 2.326628597380829433e+02 2.406347091707031893e+02 2.482701442749773264e+02 2.482701442816439794e+02 2.544893702707307455e+02 2.544893702773973985e+02 2.632967724995391450e+02 2.707804501753232671e+02
2.577267930936596940e+02 2.549731727529184013e+02 2.573327710040351803e+02 2.459621121651289855e+02 2.010344257561234258e+02 2.486711800200854725e+02 2.516813738431004879e+02 2.208208238912558556e+02 1.668508390858336554e+02 2.204447084943304560e+02 2.502073232978691522e+02 2.451749877980079475e+02 1.959279362189358835e+02 2.413273809089839403e+02 2.553060244014036755e+02 2.462484579331304531e+02 2.122395175359688153e+02 2.652748934831440124e+02 2.617078500101231384e+02 2.294434021026357868e+02 2.788998146415360679e+02 3.033125257485248767e+02 2.913309452503598891e+02 2.872776150789745202e+02 2.838461407008113611e+02 2.656588010822148931e+02 2.354002795560082006e+02 2.808831955919026768e+02 2.821991914048560375e+02 2.837294391394742092e+02 3.122411790575765167e+02 3.173964011426101592e+02 3.031452180882505445e+02 2.755012170020855820e+02 3.202259077308113433e+02 3.215853611951737321e+02 2.940716830638813803e+02
3.357368721421873943e+02 3.325963329575398575e+02 3.241999829805694731e+02 2.792588596143915538e+02 2.584417499214856093e+02 3.052186914673210367e+02 3.075105068127147092e+02 2.575817526501964494e+02 1.962927608984723804e+02 2.564530874582760589e+02 2.994463363722125564e+02 2.870260785069729081e+02 2.284398148947375091e+02 2.838218657919177303e+02 3.146925965926956223e+02 2.958158335009335360e+02 2.385779099551290869e+02 2.983047912615319319e+02 3.098582934090116510e+02 2.599007436579747150e+02 3.131411887158923832e+02 3.543470282415714223e+02 3.712031886495001913e+02 3.670281379957621652e+02 3.315505983391212226e+02 2.721863362985811818e+02 2.966791378430439750e+02 3.373370218358109014e+02 3.464938452646234737e+02 3.484504989446975856e+02 3.674063560240162474e+02 3.618675945496358395e+02 3.056149616175035817e+02 3.416763909103080437e+02 3.805709533912428810e+02 3.799043924527099989e+02 3.755901644044567433e+02
3.983804880356225340e+02 4.042350922037087457e+02 3.871912591862093223e+02 3.421593815533875045e+02 3.236527774822690731e+02 3.610022023527199053e+02 3.502145178472211455e+02 2.875739096822687202e+02 2.291040917935190180e+02 2.927568752134990859e+02 3.418490519836512362e+02 3.276806907788190415e+02 2.662334915114593628e+02 3.315850217108987295e+02 3.604744847857785430e+02 3.247871718974858481e+02 2.666082576677522411e+02 3.245936471616288941e+02 3.566791102680672338e+02 3.386640779812444180e+02 3.053673576925144744e+02 3.621662873214539218e+02 4.110884197124889852e+02 4.161877286661789412e+02 3.702839584452540294e+02 3.047395311516002607e+02 3.508119256676202440e+02 3.857652156177135225e+02 4.161893559769454214e+02 4.187947021621863541e+02 4.258996896204994869e+02 3.937530872760370926e+02 3.288180553263829324e+02 3.950038327519803829e+02 4.384695245133302706e+02 4.491022341085437688e+02 4.549042131849107591e+02
4.025810287215196013e+02 4.385411701028680795e+02 4.414156060081117516e+02 4.154336759870612354e+02 3.976974387405247171e+02 4.182134671985892282e+02 3.836988960912853486e+02 3.230590833316338717e+02 2.663768530935779495e+02 3.309927344431416145e+02 3.819366376664844438e+02 3.684508991528616662e+02 3.073363484590380494e+02 3.735103208126643040e+02 4.000038531743368253e+02 3.566800589013828926e+02 2.972151635041934128e+02 3.583557947949279310e+02 4.073439473919040097e+02 4.030837293478377319e+02 3.640271964607192672e+02 3.509393780451638918e+02 4.176395144812132685e+02 4.537738680047168600e+02 4.256215911863857286e+02 3.774982322019382082e+02 3.501190248836473984e+02 4.218564069334966575e+02 4.724932078534199036e+02 4.856335669022952857e+02 4.630066259966908433e+02 4.062929447373730909e+02 3.528415778663014635e+02 4.188780005096987793e+02 4.773644926564678599e+02 5.092659006861778153e+02 5.266560812331317720e+02
3.658859294123973882e+02 4.302392646987464104e+02 4.778756144763714246e+02 4.827768762474339610e+02 4.710064788904341526e+02 4.748004776435506074e+02 4.264221177725655139e+02 3.655964123261616123e+02 3.097794054607101657e+02 3.741228523222014815e+02 4.206939458715461342e+02 4.093069861957634998e+02 3.513752395032219624e+02 4.150557561070135080e+02 4.367244215937423064e+02 3.903296093523737795e+02 3.306758096424083533e+02 3.934966919045027112e+02 4.499453664904027619e+02 4.575842137974261732e+02 4.244204191074557571e+02 3.840636591935822821e+02 4.468433516345252201e+02 4.960535224225942557e+02 4.813392826203993309e+02 4.352905114030352820e+02 3.835171776464222262e+02 4.371587923177078210e+02 5.064799773073199844e+02 5.366116415597645073e+02 5.022287941713126997e+02 4.475390052766472877e+02 3.807012893714147026e+02 4.379318477508061846e+02 4.763504963748706587e+02 5.171499419001722799e+02 5.622065493442383968e+02
