output/field_example_lateral_ON/elevation_000027.asc
nrows	150
cellsize	66.66666667
xllcorner	0
ncols	150
yllcorner	0
NODATA_value	-9999
[rows 51 to 67 of 150, columns 37 to 73 of 150]
6.164359049830600270e+02 5.542035318761463714e+02 5.413777489065687405e+02 5.895829153104225497e+02 6.456096510853176369e+02 6.743061827346382415e+02 6.489269860950155362e+02 5.836264127449749139e+02 5.152619285068034287e+02 5.126741716267423499e+02 5.046594295117021716e+02 4.631172289350894289e+02 4.249560919267816530e+02 3.819407128974680177e+02 3.112282762414795343e+02 3.770516866880102498e+02 4.398583920238140195e+02 4.839864029084496337e+02 5.038685941258394791e+02 4.754315330064497402e+02 4.099872639853194869e+02 3.456039802258963505e+02 2.881547488544231328e+02 2.355524390665798080e+02 1.943819777212353586e+02 2.421109340274427382e+02 2.945811714434682358e+02 3.004622426814863161e+02 3.012473217556120062e+02 3.212595873896102034e+02 2.985506150928956117e+02 2.397771785458503189e+02 1.726300856486832913e+02 2.405780019241775847e+02 2.853784616626729189e+02 2.887310816369630402e+02 2.700735476720640804e+02
5.777188956929417145e+02 5.071374768564676856e+02 4.908233036325734133e+02 5.434417987972381070e+02 5.936417044419963531e+02 6.376337660619070675e+02 6.366628273310019495e+02 5.801358000944430842e+02 5.114248951035724531e+02 4.484332010874517778e+02 4.500824977038363386e+02 4.126247134495629325e+02 3.703218947747931793e+02 3.496088749540186882e+02 2.896054175621972036e+02 3.569226310819648802e+02 3.942859345998312506e+02 4.316602255970297506e+02 4.699128379573395478e+02 4.758416477779210823e+02 4.400777613065017704e+02 3.880564474537003434e+02 3.317350383210371660e+02 2.735601702320247455e+02 2.140268539502148428e+02 1.684161232740195544e+02 2.412582429184462569e+02 2.396149701934167524e+02 2.349525630160889875e+02 2.592303343971713048e+02 2.619294678659502438e+02 2.242466242821465698e+02 1.584061458071017512e+02 1.768452646782391184e+02 2.367098263273502994e+02 2.297054502292500331e+02 2.158520321417038019e+02
5.678396347835298457e+02 5.007452076923488562e+02 4.474467345954373627e+02 4.970172125412024116e+02 5.472341407513799822e+02 5.973805292017690363e+02 6.208427050497004984e+02 5.901379572642757694e+02 5.200287056846444784e+02 4.511893051985333045e+02 3.906521553916330163e+02 3.539384485608822501e+02 3.226740387987753707e+02 2.943844392529666720e+02 2.691024043867369642e+02 3.145391104684874222e+02 3.311136236210273296e+02 3.780242879051820637e+02 4.134388025767607928e+02 4.380321402056346756e+02 4.392480220013546273e+02 3.941579160530849322e+02 3.374398295777362478e+02 2.821943896999003414e+02 2.303485060866787535e+02 1.684161232673529014e+02 2.041644806669482648e+02 1.927679350294748701e+02 1.847779975092548455e+02 1.652450840784293860e+02 2.027464593809007170e+02 1.658013622030157137e+02 1.469417952669789713e+02 1.679109746651907074e+02 1.923214650535160217e+02 1.825921809811436844e+02 1.766279679877875708e+02
5.525469525393925778e+02 4.895906373858932170e+02 4.153545304175195838e+02 4.527650375524107744e+02 4.966929226603311918e+02 5.458171939205956278e+02 5.947016863131289028e+02 6.007765457878620055e+02 5.605472897907056904e+02 5.003765358546025936e+02 4.510133908834793033e+02 4.039011345506659723e+02 3.862786589254944829e+02 3.407224221934962998e+02 2.982420274840448542e+02 2.470035704853403047e+02 2.809810295918705378e+02 3.246061182577381601e+02 3.295956837465511171e+02 3.766010495571323986e+02 4.043717557969862355e+02 3.931344050883450905e+02 3.530778375887609286e+02 3.076737511773985716e+02 2.582791759437787391e+02 2.053850085245527737e+02 1.363567899724030497e+02 1.653669968976793712e+02 1.395007256717271957e+02 1.531427116804564434e+02 1.440001941911545487e+02 1.449534088086189456e+02 1.460715849814989156e+02 1.475618546874047468e+02 1.493558630656250159e+02 1.509080187459063040e+02 1.523582106734610875e+02
5.086331471824201458e+02 4.542938452400082383e+02 3.868287698276980677e+02 3.977939676296522862e+02 4.429376253078241916e+02 5.029867514451775037e+02 5.641419815867512852e+02 5.995999721288771980e+02 5.926478261266130403e+02 5.571029728852300877e+02 5.070839117513510814e+02 4.663645542697150859e+02 4.250091414450496359e+02 3.814420512212946051e+02 3.336483575110293032e+02 2.809682857703065793e+02 2.211148927679348049e+02 2.611519383538440593e+02 2.484783097058241310e+02 3.024822197201687572e+02 3.560001506566276248e+02 3.571570716937865768e+02 3.142660619813703420e+02 2.753407891184542677e+02 2.359981473716468940e+02 1.774502152040924727e+02 1.651414828930067245e+02 1.363567899657363967e+02 1.612974249813754284e+02 1.421609679710801117e+02 1.604309380374815248e+02 1.785062207879720688e+02 1.888796743526499426e+02 1.810767068816604990e+02 1.810830855523970513e+02 1.675286781810670789e+02 1.684314283003539572e+02
4.665483516665790376e+02 4.283190033283310640e+02 4.004741676678886506e+02 3.474504600621609711e+02 4.032948237104847635e+02 4.626004440708446168e+02 5.220545605454271936e+02 5.789471644453780073e+02 6.072376969415436179e+02 5.966246716234777523e+02 5.633725347537923653e+02 5.163080767821801373e+02 4.728589915031678288e+02 4.277803310074251044e+02 3.783879921766301209e+02 3.224858335943577572e+02 2.681168608598826495e+02 1.948247065499338078e+02 1.780149258318585908e+02 2.518767250408037910e+02 3.087262053146207563e+02 3.119512271235882395e+02 2.643091502644745105e+02 2.187771836580327545e+02 1.924756980921166019e+02 1.632655110399525427e+02 1.329680535277159947e+02 1.746465922961431261e+02 1.901064815160308399e+02 1.998545171917995447e+02 1.940070446039276248e+02 2.309315979078933196e+02 2.431196534244945440e+02 2.344965630338500659e+02 1.967621034078036359e+02 2.318674860642982765e+02 2.383886619719439182e+02
4.210996847750978986e+02 3.827273021207561783e+02 3.778038344473833376e+02 3.216754630899923200e+02 3.652970016080677169e+02 4.222802616959927491e+02 4.863587139637920700e+02 5.401868109486568983e+02 5.876886611206044790e+02 6.102134073634184688e+02 5.935896182101083696e+02 5.565217573839184979e+02 5.148792427076577951e+02 4.714035519788357647e+02 4.231466441544685040e+02 3.594509545614768058e+02 2.906362303599897814e+02 2.419259584903722100e+02 1.780149258251919377e+02 2.167078670060055288e+02 2.498721808587710029e+02 2.612798435077435784e+02 2.190620843811819043e+02 1.318727047669249259e+02 1.658918275191048792e+02 1.292132233326408368e+02 1.674856573883033661e+02 1.986838557718115226e+02 2.337951523733050294e+02 2.622461554750760229e+02 2.550991257910636705e+02 2.702104231464420536e+02 3.013505104853209673e+02 2.796605757310136369e+02 2.246035769183752961e+02 2.754929010428006109e+02 3.065839160438011390e+02
3.749990314715925024e+02 3.401317514746339157e+02 3.468428298576552606e+02 3.002848821544177440e+02 3.665012282566519275e+02 4.203420240860452282e+02 4.507850469412460370e+02 4.957369484754033238e+02 5.452723661503846415e+02 5.875432864290448833e+02 5.833075231104899103e+02 5.476283354415469375e+02 5.076631390331016860e+02 4.719557272331205695e+02 4.396328515794848499e+02 3.931874543107047089e+02 3.419836697959636922e+02 2.873874716726063525e+02 2.275335516542075993e+02 1.528299867692437601e+02 1.746156659999976739e+02 2.091166653201813972e+02 1.830420743340314687e+02 1.235379373204649482e+02 1.255545664540909883e+02 1.619224356401836644e+02 1.771010547479504282e+02 2.312459868203222300e+02 2.797297950136591567e+02 3.187040048887973285e+02 3.260966182924195209e+02 3.350810669472642189e+02 3.532714188741293810e+02 3.124552833099273812e+02 2.583230474487310175e+02 3.147798151780164631e+02 3.604634377579561715e+02
4.231423942232999025e+02 3.673452029750584984e+02 2.999857538015965588e+02 2.801065207163419473e+02 3.388520925421484549e+02 3.857965542241479397e+02 3.968265003654147449e+02 4.492424884090949604e+02 5.074859276375387935e+02 5.503481386084346241e+02 5.473716606491609582e+02 4.984147646993314424e+02 4.502956878112973413e+02 4.110223332585674711e+02 4.046396509833996333e+02 3.875825980971998206e+02 3.490176933234343437e+02 3.011400284160428100e+02 2.414646624468513494e+02 1.911643438092277165e+02 1.181605022156090143e+02 1.666915805421304242e+02 1.212314987457480697e+02 1.257451048650624585e+02 1.623405657492606053e+02 1.811314168806832470e+02 2.268745270341872811e+02 2.418415790848640370e+02 2.970656744446808375e+02 3.589671211613830337e+02 3.974346368343705080e+02 4.030888920796455750e+02 3.998513147717360425e+02 3.465109004859994570e+02 2.980040867975111496e+02 3.547174909759623915e+02 4.041071373338499484e+02
4.297356346209728031e+02 3.656544068267493230e+02 3.081570397753951056e+02 2.633823494103722282e+02 3.140505745868517238e+02 3.320759185479179791e+02 3.907275554620829894e+02 4.284812122164183847e+02 4.622999832018397228e+02 5.060679593868335360e+02 5.072091338531127462e+02 4.541231165345078011e+02 3.933735469211575264e+02 3.421387676213264513e+02 3.337269866114012871e+02 3.377978221952211584e+02 3.038622540713294029e+02 2.595705642827890642e+02 2.200043693605427393e+02 1.567415072827621145e+02 1.478644088621685739e+02 1.181605022089423471e+02 1.293399628958538585e+02 1.313586364549985035e+02 1.920579411963488496e+02 2.310851058945555678e+02 2.723294505262265375e+02 3.100274716219557831e+02 3.526213181686115945e+02 4.045706563825239073e+02 4.554807067363693136e+02 4.681009466993567116e+02 4.391968697264232446e+02 3.896954573844251968e+02 3.454828440164156405e+02 3.983917244262832469e+02 4.407562025647723658e+02
4.278798943637277716e+02 3.645936889142659538e+02 3.035152563801084398e+02 2.492023884327654457e+02 2.772477487782323351e+02 3.271212705813574644e+02 3.555011928231890010e+02 3.645387903646359291e+02 4.093681093388864269e+02 4.613229690706372139e+02 4.681388660299124922e+02 4.165314947538721526e+02 3.524717543931874957e+02 2.945412200967903118e+02 2.568955916663121002e+02 2.707643818499363420e+02 2.573542400091473610e+02 2.057561903861673898e+02 1.683715326992425503e+02 1.446997346683166938e+02 1.153264693900090947e+02 1.315838232586890513e+02 1.181605022156090143e+02 1.912498058005518260e+02 2.409389416576538849e+02 2.853682686012228373e+02 3.299086340065282457e+02 3.730653467962278569e+02 4.163122400222264332e+02 4.620353371002403833e+02 5.045400847275832348e+02 5.210652567686082648e+02 4.885236111417476081e+02 4.465095342716812752e+02 4.026267913944574275e+02 4.538646322506747310e+02 4.756078580236105040e+02
3.865026188755285830e+02 3.489309225892669133e+02 2.983978609847750931e+02 2.355052946910886646e+02 2.680645032121398685e+02 2.933959097268718779e+02 2.949143430578134826e+02 3.050975339338764343e+02 3.643143864394949105e+02 4.196084194649520782e+02 4.302839336915145623e+02 3.822099451377604851e+02 3.201947416396097310e+02 2.567323661396874854e+02 2.034139995207376330e+02 2.071815541601924906e+02 2.058417955654350919e+02 1.240313995039412163e+02 1.430100102576174379e+02 1.124930692924323097e+02 1.365541183487333114e+02 1.375200515712375591e+02 1.335400458719819028e+02 1.983707511115956947e+02 2.521253895516337593e+02 3.028085463937410395e+02 3.483638190468025755e+02 3.923014736752029989e+02 4.384375187498011996e+02 4.880019153441336925e+02 5.360404421315024592e+02 5.606919036944889285e+02 5.457891933648578515e+02 5.069669756416000723e+02 4.708184222338310860e+02 5.046132560472480009e+02 5.001938939035301246e+02
3.322905611454136192e+02 2.959172721575744163e+02 2.612262301958094213e+02 2.224386446442851764e+02 2.182982934364948449e+02 2.471954282105779441e+02 2.326127609096777746e+02 2.698069274866400065e+02 3.239623520041663483e+02 3.776611408413262438e+02 3.912848188493931048e+02 3.479056027498477306e+02 2.912916385557545027e+02 2.475160188319561030e+02 2.035371297853333488e+02 1.442444259683059045e+02 1.604586672257106557e+02 1.234626621061400442e+02 1.094250862364825139e+02 1.415270595793449502e+02 1.560695079052219114e+02 1.981494209890819889e+02 1.942413350719093046e+02 1.582592115180221413e+02 2.185039981202673403e+02 2.673910135807698225e+02 3.118867337365576304e+02 3.533458963794465717e+02 3.998344319453273670e+02 4.581731104029699964e+02 5.228498785882576385e+02 5.669109529443462634e+02 5.828550997276738599e+02 5.713356579370175723e+02 5.470084723212739846e+02 5.527510657468648105e+02 5.176681960990391644e+02
3.930895671252199577e+02 3.582014332407413804e+02 3.225029458708599464e+02 2.784807369585589640e+02 2.313118169318244384e+02 2.026831142218359787e+02 1.916327686269436015e+02 2.290692403814310012e+02 2.788212233419399695e+02 3.314343228606362004e+02 3.454455216682617333e+02 3.120658361777563528e+02 2.587612760378275993e+02 2.055402184737394293e+02 1.650544665000367388e+02 1.145642923908245052e+02 1.374212816630054874e+02 1.064259566660837208e+02 1.378934685111504734e+02 1.582095985074959685e+02 2.005952589800238002e+02 2.395100713247922215e+02 2.257799747083008128e+02 1.582592115246887943e+02 1.759532365233058329e+02 2.293232200743452438e+02 2.685803075027799309e+02 2.966049586054881502e+02 3.557613784129954411e+02 4.239984007232333738e+02 4.839627533113921913e+02 5.392356969637255588e+02 5.787963721473907981e+02 6.058646337301846643e+02 6.047801393101285612e+02 5.800556223279864980e+02 5.169392521426915437e+02
4.479590512102992648e+02 4.202012269657045067e+02 3.764338972952949689e+02 3.283969214006795596e+02 2.793154554739945752e+02 2.457637045527336852e+02 2.162518551665700670e+02 1.752502239418700754e+02 2.353425980104296400e+02 2.812336922713617469e+02 2.876100712997388200e+02 2.778944574726540964e+02 2.255658023429256502e+02 1.742894577675739072e+02 9.993849917928265825e+01 9.993849917928265825e+01 1.028744806776506522e+02 1.392233097374316060e+02 1.450139766046457623e+02 1.914874080019949076e+02 2.415213877413148680e+02 2.833514863603880372e+02 2.667793453530844090e+02 2.167177773310819475e+02 2.356149371416711631e+02 2.017039132573364384e+02 2.204619873973707342e+02 2.908636411002808018e+02 3.512706897816335641e+02 3.913134665637668377e+02 4.367864294392305737e+02 4.854931513758143637e+02 5.367114593581173949e+02 5.930893853685632848e+02 6.239387821599913195e+02 5.927809676073625269e+02 5.194047900475983397e+02
4.586950970973364292e+02 4.540047568663894708e+02 4.253654602738487256e+02 3.762080746086048748e+02 3.301402752348040508e+02 2.869420898443017904e+02 2.279169106761144974e+02 1.621192150141523030e+02 1.973209531014346965e+02 2.314762132156314749e+02 2.354390082737198497e+02 2.332538407281388970e+02 1.945274700372898735e+02 1.495301412728570938e+02 1.326339958597733357e+02 9.993849917261599103e+01 1.383401282012565332e+02 1.495340756530747228e+02 1.809103818845509863e+02 2.230973238360389814e+02 2.803011586701389888e+02 3.254041378686911798e+02 3.087539010238602941e+02 2.869707151676489616e+02 2.918878113538280559e+02 2.725008980984453615e+02 2.382334470955211714e+02 2.526501605071282768e+02 3.200725868602150399e+02 3.380324553877246672e+02 3.814953364389673425e+02 4.332220546719976824e+02 4.937614906593649380e+02 5.616852257811743812e+02 6.224322962125938830e+02 6.101690523011999403e+02 5.530222746250426553e+02
4.213948104163465018e+02 4.454382575597135769e+02 4.446673016171869222e+02 4.160003461406478777e+02 3.701485938033818570e+02 3.041772815434046606e+02 2.427052913811474468e+02 2.009655622633526377e+02 1.427424966005258682e+02 1.837757505293591009e+02 1.983460319660357243e+02 1.790321646349676428e+02 1.657245612722041415e+02 1.190100696729922447e+02 9.650262411862286172e+01 1.438254242141472048e+02 9.993849917928265825e+01 1.855076647227200795e+02 2.182843517288527835e+02 2.600248130664556356e+02 3.125199926304982796e+02 3.685553836868554640e+02 3.742802208605653504e+02 3.627315735040843947e+02 3.578845184474543544e+02 3.163319686262033201e+02 2.701297201431086705e+02 3.078629708508797762e+02 2.877653306683880601e+02 3.490068739462174676e+02 4.149647985510177932e+02 4.748289182943855735e+02 5.306600360705797357e+02 5.898155873557274163e+02 6.356973299454516564e+02 6.205825149929048621e+02 5.558232188525701076e+02
