output/field_example_lateral_ON/elevation_000026.asc
nrows	150
cellsize	66.66666667
xllcorner	0
ncols	150
yllcorner	0
NODATA_value	-9999
[rows 17 to 33 of 150, columns 74 to 110 of 150]
3.466896077059384993e+02 2.977202622535891692e+02 2.457522880837111643e+02 3.056708573700644820e+02 3.542294597056316547e+02 3.828375941618815546e+02 3.802602810700512350e+02 3.619369438062457220e+02 3.408675913218710321e+02 3.575387954660545802e+02 3.772455695037336909e+02 3.433136189271705803e+02 2.754480196247333197e+02 3.406789060783918330e+02 3.676011315105947688e+02 3.764042853010917611e+02 3.720431972188065401e+02 3.718385399465040564e+02 3.614929735453312105e+02 3.844983754962931926e+02 3.961711452875211990e+02 3.513351563705332410e+02 3.481222388130042305e+02 3.107813498687208948e+02 3.653445801732174232e+02 3.813804092524661087e+02 4.255347129454299875e+02 4.767616581629632151e+02 5.291915429441291963e+02 5.885590158488221277e+02 6.521906356821582449e+02 7.132981140465784620e+02 7.233314243063288131e+02 7.079829730515513120e+02 7.380680068526977493e+02 7.761503261148905040e+02 7.827254129683911970e+02
3.852463082290964280e+02 3.361705184019349986e+02 2.978545610032692821e+02 2.694810676559283138e+02 3.449009904836452733e+02 4.102486015397722099e+02 4.406537336272123184e+02 4.340165219600175419e+02 4.187917695220119185e+02 4.259042289094811622e+02 4.200018031184692973e+02 3.595573257739634414e+02 3.003445960888479362e+02 3.540708466740152289e+02 3.816145843304727805e+02 4.145483694467037594e+02 4.406205773834627166e+02 4.425670795807172340e+02 4.353039979318283486e+02 4.495862225753638199e+02 4.427989345183382852e+02 3.964591213675886365e+02 3.700866942554765160e+02 3.637571288675284791e+02 3.211136782416604092e+02 3.211136782483270622e+02 3.715288846822769528e+02 4.296945420531519062e+02 4.764686185751247649e+02 5.400201949167768589e+02 6.135547327620753322e+02 6.744640469286365487e+02 6.754453079506483846e+02 6.334211026552679868e+02 6.786417101964863150e+02 7.233544877004944738e+02 7.196220169661598902e+02
4.313888866613230562e+02 3.805008233560237727e+02 3.449106742619380839e+02 2.869652293897355548e+02 3.523209801011880700e+02 4.137217683925106826e+02 4.673379949957974304e+02 4.973822588576476278e+02 4.953062220236142821e+02 4.969454777367190559e+02 4.575692841501984276e+02 4.000297088340852270e+02 3.585750180139374947e+02 3.249954817154954867e+02 3.249954817221621397e+02 3.939664642307801614e+02 4.675581553875975374e+02 5.136206701496500955e+02 5.119557763377712263e+02 5.138174430439904654e+02 4.774457841865689716e+02 4.349701032462850776e+02 4.263344014041903733e+02 4.008931239421023633e+02 3.540173400005586473e+02 3.280712745925013110e+02 3.770798739437624931e+02 4.023272235993098320e+02 4.703959369660437915e+02 5.372659738773204481e+02 5.870573259880175101e+02 6.322302851467778737e+02 6.248086381956759396e+02 5.736339209856593016e+02 6.241664842301995577e+02 6.700220158893085909e+02 6.677337547065487797e+02
4.738205504923930675e+02 4.138904092977217601e+02 3.550700466097624144e+02 3.459027757091124613e+02 3.115830709408746202e+02 3.766550534092607450e+02 4.518577609616718860e+02 5.219696525123108586e+02 5.575365280429352879e+02 5.536453820389438079e+02 5.051494407311450914e+02 4.547389135488564875e+02 4.086475435751910936e+02 3.454524457892856049e+02 3.894530350017063824e+02 4.423366794779521456e+02 5.085284932786202603e+02 5.700177496551559670e+02 5.829706251170825908e+02 5.604962934572930635e+02 5.184814430053630758e+02 4.849551945456176441e+02 4.562051391636994708e+02 4.157029915986390733e+02 4.017067582200994593e+02 3.866304931557694431e+02 3.402794589246066721e+02 4.015476019197225810e+02 4.551125483335047761e+02 4.960854612703880093e+02 5.452154398199712659e+02 5.837903617363339208e+02 5.758707170482414313e+02 5.237068272267939619e+02 5.751032976191039552e+02 6.122129177306197789e+02 6.128936040800629144e+02
5.109040963760546106e+02 4.502842252721925433e+02 4.056325923180709196e+02 3.700407200187640910e+02 3.253709647353149990e+02 3.717457544561740406e+02 4.384142716968175932e+02 5.187737301300921899e+02 5.864304972185533416e+02 5.968715640429549012e+02 5.561443849288988304e+02 4.959276309767705015e+02 4.200171251566821411e+02 3.695463813256207573e+02 4.298851610529002301e+02 4.897863066151559792e+02 5.541902027247139131e+02 6.122949080839973703e+02 6.366358737413561357e+02 6.074474519618427166e+02 5.692909381191033162e+02 5.297489222366800732e+02 4.943004309222028496e+02 4.800100993374088034e+02 4.546814869394244170e+02 4.288863404140821558e+02 3.901371815242563343e+02 3.526674950272336559e+02 4.054092530523253117e+02 4.535259061682008337e+02 4.993697561214005987e+02 5.285170719785080564e+02 5.273848304762287853e+02 4.808540006186962046e+02 5.326792528507568250e+02 5.417231882977002897e+02 5.554208171329895549e+02
5.489262200613302412e+02 4.942211799735306954e+02 4.478751624799592150e+02 4.034991023632550764e+02 3.405486069971536267e+02 3.829578541571864321e+02 4.486422567901861953e+02 5.282562447645244674e+02 6.038492901353564548e+02 6.286891182381539238e+02 5.771274267269557186e+02 5.110619182332104060e+02 4.621836397204502305e+02 4.183477371401339155e+02 4.074448651933126939e+02 4.789399733052974284e+02 5.557228512963928324e+02 6.311286959531181537e+02 6.746979315064025968e+02 6.598327115908660971e+02 6.179513024859171537e+02 5.801493522263409659e+02 5.526951560825682463e+02 5.268677884240031517e+02 4.896601850653868837e+02 4.326165444304152743e+02 3.526674950339003090e+02 4.020874067021737233e+02 3.659329691581498309e+02 4.165888257225446978e+02 4.521053280840522461e+02 4.623614033210018874e+02 4.708040453478509448e+02 4.434227874265988021e+02 4.806451683559901653e+02 4.767823368502163248e+02 4.958375387077356891e+02
5.895343641947514470e+02 5.370096260095010621e+02 4.959433048064062177e+02 4.340454316582383854e+02 3.578884447817645196e+02 4.086206645316462982e+02 4.694588609998622815e+02 5.424167869144855558e+02 6.168733031092118608e+02 6.546686556900506275e+02 6.256771788303342419e+02 5.674254505422690045e+02 5.137871495983418981e+02 4.738774518093368897e+02 4.338243772303296169e+02 4.898365848508973954e+02 5.586213294536158855e+02 6.335967093488338833e+02 6.952347212938758503e+02 6.981721386480545561e+02 6.629320980376635362e+02 6.195394875576913591e+02 5.689833862938619404e+02 5.316505540078356944e+02 4.828537636199084204e+02 4.034970271315846730e+02 4.306078212355625396e+02 4.473678731510599960e+02 4.162151606535559267e+02 3.766951261207667585e+02 3.855224060309785159e+02 3.950366257781096238e+02 4.044744270796889509e+02 4.127633628305750335e+02 4.211583633060727720e+02 4.297478625293951495e+02 4.392220916629959788e+02
6.289205599772669757e+02 5.724857083527899704e+02 5.020283514250848498e+02 4.341436698731956767e+02 3.761689454854023325e+02 4.449289867202388109e+02 4.872075721275779188e+02 5.473011362962646444e+02 6.149307085710410092e+02 6.711230753032814391e+02 6.671322930948140311e+02 6.193185046868509289e+02 5.698971682156520728e+02 5.174437738374549554e+02 4.654700602662236406e+02 5.033437796643230513e+02 5.722838959842262057e+02 6.470684436484425532e+02 7.125994947141913372e+02 7.191367660362557217e+02 6.685928063100775489e+02 6.084126465792276122e+02 5.496577697164353822e+02 4.930276432462211460e+02 4.474958184571312358e+02 4.854220637644869498e+02 4.972345788723612259e+02 4.879627897185549728e+02 4.458461098565146017e+02 3.957260565942767130e+02 4.376626374480384243e+02 4.637799181710153675e+02 4.706919633087075567e+02 4.775970628602754573e+02 4.542801404964750418e+02 4.777780733860150804e+02 5.039059542728040242e+02
6.667230993611144640e+02 6.104290345935253299e+02 5.461318288682991806e+02 4.767217560485895547e+02 3.962032208767418524e+02 4.523614074352159946e+02 4.957002455427591485e+02 5.392836621174768652e+02 6.069934478119571395e+02 6.738721090191589838e+02 7.009392686783470481e+02 6.743991941782149979e+02 6.174544964321919451e+02 5.575514340899344461e+02 5.038159602240372692e+02 5.509005330929657021e+02 5.957129389224987790e+02 6.674298776611498170e+02 7.319832645130027231e+02 7.313167405728853510e+02 6.752066469614150037e+02 6.133291402152564160e+02 5.569394818285541078e+02 5.270772581768433156e+02 4.778520844904359706e+02 5.356033768899400229e+02 5.506233235376282664e+02 5.203253893945354775e+02 4.796679399881308541e+02 4.174582230091823476e+02 4.737156156466714947e+02 5.139025971391208714e+02 5.331667256699907966e+02 5.435330673159066919e+02 5.290321707014975345e+02 5.021902151831113770e+02 5.537324736416468340e+02
6.700787476874553477e+02 6.120102806598243887e+02 5.526279138064879817e+02 4.892615591145440703e+02 4.181203916038612078e+02 3.962032208834085054e+02 4.485297473005392135e+02 5.114012040445510365e+02 5.823517140464200565e+02 6.575466406453818990e+02 7.176850880662462941e+02 7.149357241693173819e+02 6.619619522386394692e+02 6.028038244737085734e+02 5.513051384809497222e+02 5.966229798937879423e+02 6.547067439857329418e+02 7.158111297620009736e+02 7.584199095757670648e+02 7.412345467594500406e+02 6.824884770619511301e+02 6.246426219780411202e+02 5.776722140519541426e+02 5.202977894358275535e+02 5.245294700452496954e+02 5.765348652969437353e+02 5.914038041637656988e+02 5.504598114050850199e+02 4.946932971875115754e+02 4.429966815798355810e+02 4.692584403810697609e+02 5.274793837032287911e+02 5.583300921162606301e+02 5.850464388705963756e+02 5.841148622605173841e+02 5.418712102624476756e+02 5.914530530152062511e+02
6.392029575788482134e+02 5.675625682428725440e+02 5.065504331916492333e+02 4.536586272461720455e+02 4.804711337699100113e+02 4.674546905281856652e+02 4.504974112563769495e+02 5.001478396729838209e+02 5.741397825762594493e+02 6.535009425370380995e+02 7.276242429548107111e+02 7.515977993917665572e+02 7.111169079937045581e+02 6.628295634588524763e+02 6.171040612367831955e+02 6.396729026710416974e+02 7.027666673844055367e+02 7.628059316087146726e+02 7.859835636864607977e+02 7.409697400611216835e+02 6.766824796088976655e+02 6.164557817027813371e+02 5.617962795697972069e+02 5.750485920268781683e+02 5.753179849518733135e+02 6.221221650385309658e+02 6.305462446488547812e+02 5.767341400280384960e+02 5.064215048388094260e+02 5.153658649967961765e+02 4.853978141761531333e+02 5.118791392702063945e+02 5.118791392768730475e+02 5.829093229256524182e+02 6.208721475641640382e+02 5.882325773317211315e+02 6.383123723478679494e+02
6.358205489509681456e+02 5.548093096690922721e+02 4.981725224265965721e+02 4.536586272528386985e+02 5.132767973886943764e+02 5.313032114577624725e+02 5.045560673200864699e+02 5.466104509628950154e+02 5.883201611697079443e+02 6.597513017987885178e+02 7.375696815149494796e+02 7.886533912583778374e+02 7.706864744724755383e+02 7.273000771813802885e+02 6.952186672480253264e+02 7.104742450310671984e+02 7.525220459528758283e+02 8.018185751345193921e+02 8.072424476211707542e+02 7.487956739734751181e+02 6.839246125536059253e+02 6.283167850088922251e+02 5.939001692113769195e+02 6.268935922478626708e+02 6.320502931265216375e+02 6.731495844845654801e+02 6.737741672486740754e+02 6.175466287447126206e+02 5.570499541734968716e+02 5.820199674877278539e+02 5.541574784501173099e+02 5.270211989484505466e+02 5.663240359381265989e+02 6.158192853877950483e+02 6.630038921215364098e+02 6.402924974746193811e+02 6.964548444218895611e+02
6.478138973037303003e+02 5.947855729505497493e+02 5.445008495221724161e+02 4.960619147309846539e+02 5.141623259622041360e+02 5.732106234769721596e+02 5.684555325378167936e+02 6.060133667538041209e+02 6.553473849714100652e+02 7.101327181298706819e+02 7.770652505062950013e+02 8.171473829616862758e+02 8.100848993573223424e+02 7.850861866952385526e+02 7.677992543448017386e+02 7.773931006494220810e+02 8.040569523884090586e+02 8.334069856784025205e+02 8.339457954400382960e+02 7.930419191107019969e+02 7.336869098560479188e+02 6.858595948282197696e+02 6.415912112015366802e+02 6.539023681438320637e+02 6.902211656933743598e+02 7.278651448404705206e+02 7.238136745772110316e+02 6.707143527196564037e+02 6.169615089676411799e+02 6.448289475218560938e+02 6.128686112287393826e+02 5.631091977114031124e+02 6.116804805507397305e+02 6.616854559091982537e+02 7.083356522523164358e+02 6.968076079185460685e+02 7.493356924024104728e+02
7.030500466707304668e+02 6.489145507005981699e+02 5.933922226129293449e+02 5.452991954140215967e+02 5.580980077082861044e+02 6.062628419693055548e+02 6.408757857864461585e+02 6.771679014310615230e+02 7.176104048595733502e+02 7.685513228715191190e+02 8.066120837275457234e+02 8.175382673404053548e+02 7.963656884102380218e+02 7.717741431213989927e+02 7.635493592133576612e+02 7.690350635245517879e+02 7.944630900812202299e+02 8.248061452250503862e+02 8.456327749247905103e+02 8.297462281404566511e+02 7.918509042412048302e+02 7.426102284525762798e+02 7.011734680425612396e+02 7.130776490519796198e+02 7.328893316051895681e+02 7.797690161192515461e+02 7.774268628210246561e+02 7.319348896471194621e+02 6.865144894018268360e+02 7.038686197913376645e+02 6.616954678078891448e+02 6.069923033588314638e+02 6.642819286940093662e+02 7.098685263998372648e+02 7.586666644875494967e+02 7.582402000774861790e+02 8.034530553042346810e+02
7.573910574810502112e+02 7.029130994388451654e+02 6.527121694482920020e+02 6.035076127498291498e+02 6.120413648869102872e+02 6.612433043874760870e+02 7.048966531878909336e+02 7.468486903961165808e+02 7.760083308001113664e+02 7.996217048038405437e+02 8.061590928967157197e+02 7.809364933106477338e+02 7.348456418360048019e+02 6.979257278887464508e+02 6.947469421277335186e+02 6.962992983309451347e+02 7.310564907992289818e+02 7.736931048205318575e+02 8.222983193660016923e+02 8.467177957805131427e+02 8.332737834922452294e+02 8.049143549423440618e+02 7.704360699765136360e+02 7.800589193108112340e+02 7.942516243885442009e+02 8.274989850724383587e+02 8.286944010157926641e+02 8.016990861981189482e+02 7.619139081855204267e+02 7.616218466360803632e+02 7.152452188885378064e+02 6.692365413420947107e+02 6.831371013212429943e+02 7.518788415461750674e+02 8.091688473181918653e+02 8.235812910768648862e+02 8.575206987370672778e+02
7.887144970712242866e+02 7.601113745869527065e+02 7.136686504546465812e+02 6.735731607017658007e+02 6.785329643663440038e+02 7.181588180722782226e+02 7.609371363985009111e+02 7.841096113592772099e+02 7.863082194162943779e+02 7.760591937164714409e+02 7.681558863092533329e+02 7.228265658716593407e+02 6.736364600019535374e+02 6.250738135542925420e+02 6.221659760244829158e+02 6.244596296805244720e+02 6.679306967143443217e+02 7.245719359364476304e+02 7.784088336482050181e+02 8.280336640550709717e+02 8.429045420880560187e+02 8.425469613462975076e+02 8.355249879350900528e+02 8.435474332387610730e+02 8.521009033372752128e+02 8.604707477834915608e+02 8.554623402345697514e+02 8.458429338713100378e+02 8.313044085220457191e+02 8.168486680636050323e+02 7.765480967527397524e+02 7.439171130319414260e+02 7.462515430980432711e+02 7.979957015781166092e+02 8.556687893081716538e+02 8.840967808010748286e+02 8.971877640726969503e+02
7.839181893697295891e+02 7.936613732636249097e+02 7.769100151116297184e+02 7.505541741023238274e+02 7.519771002786551435e+02 7.746723705148740464e+02 7.867647872839256706e+02 7.699683916278647757e+02 7.403074811451966752e+02 7.023794047598250927e+02 7.134503661264235461e+02 6.700926491212455858e+02 6.170820604773384730e+02 5.668844161348723674e+02 5.583404570938873803e+02 5.678753193030428292e+02 6.243930234974676523e+02 6.786178519774556435e+02 7.395903322891077778e+02 7.908342267997105637e+02 7.946894790681368477e+02 8.202158625868120225e+02 8.409398195901352437e+02 8.592711895446232120e+02 8.537053723613145166e+02 8.331792062535198511e+02 8.094148503984133640e+02 8.296763538286253379e+02 8.484715073059381893e+02 8.538016248403761210e+02 8.389559929711471113e+02 8.240586491863646188e+02 8.176172482063989264e+02 8.580635928347290928e+02 8.905660581526771011e+02 8.993868664618634057e+02 8.818239054236082666e+02
