output/field_example_lateral_ON/elevation_000063.asc
nrows	150
cellsize	66.66666667
xllcorner	0
ncols	150
yllcorner	0
NODATA_value	-9999
[rows 85 to 101 of 150, columns 37 to 73 of 150]
1.053529819114666992e+02 1.507194819793713805e+02 1.848424723592769396e+02 1.663157048303895635e+02 1.636747649627122314e+02 2.090918068595451587e+02 2.654845183909133652e+02 3.336953529703117169e+02 3.884292120433532887e+02 3.759555071503192494e+02 3.270689905360054013e+02 2.775047078256226314e+02 2.912059375196304813e+02 2.588168720842117523e+02 2.974605234945997267e+02 2.895175391812732641e+02 3.042268407888414572e+02 3.122702446583169831e+02 3.285049951436241713e+02 3.702910019082563622e+02 3.624837745200804306e+02 3.771312401203154536e+02 4.393913590805723288e+02 4.531664785118816781e+02 4.441747038087653436e+02 4.782129443129073252e+02 4.888058531744080142e+02 4.864032393285362446e+02 5.028348486217709592e+02 5.179625805145690265e+02 5.626669801403361362e+02 6.109793279913932338e+02 6.717698047930301755e+02 7.171325630528469901e+02 7.536651788357853547e+02 7.834742414988498922e+02 8.126717173627284865e+02
1.405827365881297339e+02 1.936142445840969799e+02 2.354101730889759665e+02 2.203533664132353067e+02 2.100044282458378859e+02 2.543469633777983745e+02 3.043171640517145988e+02 3.612734807433770357e+02 4.222692391243932661e+02 4.273748702047078609e+02 3.859644678049161257e+02 3.425628688035072855e+02 3.547451449986411944e+02 3.227468308056617730e+02 3.443037543949633914e+02 3.519779331779017753e+02 3.636441211270687290e+02 3.732398200159929615e+02 3.846715349270099864e+02 4.261970647371813925e+02 4.236497389208885238e+02 4.312076076558241766e+02 4.831883915944932824e+02 5.066940688656075054e+02 5.033132896682426463e+02 5.431764344598784646e+02 5.520527319585602299e+02 5.557406454407820320e+02 5.688729195773926222e+02 5.823633841691350881e+02 6.185642992099697040e+02 6.648531386720662795e+02 7.016696662895002419e+02 7.240840233524820633e+02 7.240268542411430417e+02 7.252687290431861129e+02 7.631043802244344079e+02
1.822961056206671060e+02 2.377833738646309314e+02 2.846904827821718982e+02 2.792584321158542480e+02 2.688166447277772022e+02 3.070220070178656897e+02 3.570352133168557884e+02 4.072941200141067952e+02 4.537711753609826246e+02 4.771366152763255286e+02 4.547741147289282253e+02 4.159485028599407883e+02 4.158544324847550229e+02 4.017791836983728331e+02 4.134660951756966369e+02 4.227657839288926311e+02 4.324175896403811521e+02 4.415160855914249964e+02 4.509072992413616134e+02 4.853865054201886551e+02 4.895840491118075875e+02 4.960487379978795843e+02 5.290264403534807798e+02 5.642331287683849723e+02 5.670764679699916542e+02 6.009121378073203914e+02 6.154992473779691409e+02 6.218569156437011998e+02 6.338322331955168920e+02 6.502807277505980892e+02 6.740214017341838826e+02 6.949829255512100872e+02 6.988512423742821511e+02 6.831037838612248834e+02 6.521176303514693018e+02 6.570554126818375380e+02 7.063592351768018034e+02
2.350163095328454403e+02 2.824404923526697075e+02 3.320322531171478317e+02 3.420258679918681537e+02 3.403277746784252713e+02 3.721969480451493837e+02 4.108806972881981778e+02 4.598172166296722594e+02 4.956542551837480346e+02 5.168133851615335743e+02 5.060149797462601668e+02 4.876736235140305666e+02 4.809260912903419580e+02 4.741963258758145798e+02 4.811406083704620755e+02 4.895052246989444598e+02 4.978040656789646050e+02 5.070897826710656204e+02 5.184305345512218537e+02 5.384832905221572901e+02 5.506193736703764898e+02 5.604678016451629219e+02 5.785024715108228293e+02 6.018085355652312955e+02 6.186089226661538305e+02 6.358331618826066460e+02 6.399813960743294956e+02 6.394887921563424698e+02 6.500670620300275004e+02 6.709758500933177174e+02 6.868434901662695893e+02 6.793522203307441032e+02 6.549228760554155997e+02 6.167988239346990440e+02 5.797672429106094114e+02 5.961728672831366111e+02 6.547223114306916614e+02
2.772795696226556288e+02 3.250415614504512973e+02 3.691623952985111146e+02 3.977219146671353656e+02 4.106146089552082117e+02 4.330958087748475691e+02 4.584543831599201553e+02 4.838388248380886694e+02 4.951350848025169284e+02 5.036215810120936567e+02 5.076168928836489727e+02 5.030110842545425953e+02 4.929821080938325508e+02 4.922159750778955072e+02 4.998122837049108398e+02 5.065933668089166417e+02 5.127105703500985783e+02 5.231480224485611643e+02 5.334598283314487617e+02 5.478797646907422632e+02 5.623761420115457668e+02 5.710978530894907408e+02 5.683238645447144108e+02 5.813984412429381337e+02 6.026322684302251673e+02 6.118964742424053611e+02 5.935568080374035844e+02 5.839316995944446944e+02 5.942533234748290170e+02 6.325098024622151343e+02 6.424602550623111483e+02 6.301775030756916749e+02 5.864219780432881635e+02 5.486914406056281450e+02 5.155534777066305878e+02 5.660636910929993064e+02 6.072529607972031727e+02
2.674205638182521056e+02 3.183039898256591869e+02 3.652338511010960360e+02 4.038594684935964665e+02 4.258171942653765427e+02 4.375352539982210374e+02 4.455725262333418186e+02 4.483552595660270867e+02 4.356783248151185148e+02 4.383867837175512250e+02 4.496511616677303209e+02 4.496440987679226851e+02 4.330750332886457272e+02 4.362395072671973253e+02 4.484610423451635484e+02 4.546909448297534482e+02 4.577729412232304753e+02 4.701219038379054496e+02 4.775681913030206829e+02 4.911909269644533538e+02 5.097192883694348211e+02 5.229483394728098347e+02 4.996202916317163840e+02 5.117944505301150571e+02 5.491998537335616675e+02 5.575853458459921512e+02 5.279652466079553506e+02 5.113427499438917039e+02 5.289752296356756460e+02 5.830584615569513289e+02 5.871301834296854167e+02 5.735737832470892954e+02 5.241339070537812859e+02 4.763497458720149211e+02 4.712298106012160019e+02 5.359888990049601034e+02 5.574027477417201908e+02
2.176330308148916686e+02 2.704330160157416003e+02 3.209105655311592500e+02 3.670693421307265112e+02 3.739408681413758586e+02 3.768519020568049314e+02 3.789893030644254850e+02 3.796930104946548568e+02 3.643691215173213322e+02 3.643476411321753972e+02 3.841251866570747779e+02 3.946153467946236901e+02 3.586170399203443253e+02 3.676599453885152116e+02 3.866814678268129910e+02 3.914650568000105864e+02 3.888254749529525043e+02 4.059198523642635337e+02 4.080524738226037584e+02 4.214525043936502584e+02 4.452984044378154067e+02 4.617673341456553544e+02 4.287949184305869608e+02 4.439876013662272953e+02 4.891501073426576340e+02 4.921753294542866115e+02 4.851679643935333388e+02 4.362448494652444992e+02 4.860195485005108935e+02 5.338832217258138826e+02 5.403498824002699621e+02 5.090951828418375271e+02 4.713543145685308673e+02 4.148448403671190476e+02 4.644064957254290675e+02 4.954962203478575020e+02 5.029396987555201690e+02
1.686429757945667234e+02 2.229133937520966811e+02 2.764916948419939331e+02 3.169455248428652681e+02 3.055345516964263766e+02 3.028241928330043606e+02 3.037411018010329826e+02 3.138680786450052551e+02 3.011002635997924131e+02 2.927984121861350104e+02 3.339472629154299739e+02 3.368096622044313904e+02 2.968897004873714423e+02 3.054121852091262213e+02 3.430174137170873223e+02 3.342711237695288560e+02 3.212114352719617045e+02 3.574444064676219455e+02 3.426617574590151207e+02 3.558722646174153397e+02 3.977988665459676554e+02 3.996409361256409056e+02 3.638314594939280937e+02 3.850766383391028853e+02 4.315049723615928201e+02 4.269502141826495176e+02 4.332640203321890908e+02 3.809901698045247826e+02 4.354253112328288466e+02 4.745835576885900764e+02 4.759225929462235172e+02 4.768870517827994604e+02 4.249716575452991947e+02 3.784080922508033495e+02 4.156137130048666108e+02 4.280770158767940643e+02 4.365858038044786440e+02
1.292715992832524421e+02 1.864327867259122229e+02 2.270614334877362239e+02 2.570132844719836953e+02 2.340809609388006152e+02 2.293987769836676023e+02 2.233701347347588069e+02 2.640304704307576458e+02 2.500910333017579035e+02 2.340766582183091487e+02 2.727061179570937952e+02 2.716895002258063414e+02 2.450577094091023866e+02 2.581451098246016613e+02 2.935513360774915554e+02 2.841524590693780397e+02 2.676891049658680117e+02 3.040322624457339771e+02 2.822323728174307007e+02 3.196335151355291373e+02 3.348422230376917810e+02 3.293151389770459332e+02 3.018724170099985713e+02 3.571537984411846196e+02 3.641564171352065387e+02 3.628567511873764602e+02 3.814160254900295968e+02 3.347912180693603545e+02 3.851260976797231024e+02 4.060525138125394164e+02 4.080982202451164653e+02 4.281261662335522260e+02 4.015448092487339977e+02 3.491547072501505795e+02 3.452988546681285129e+02 3.590475730031781154e+02 3.730775169636119131e+02
1.318267532663028021e+02 1.538864435666655481e+02 1.624570516561609850e+02 1.803576786638033411e+02 1.639251712630195641e+02 1.658651017974147237e+02 1.251541906804829551e+02 2.141173857334658237e+02 2.171163487801964891e+02 1.823320411599270017e+02 2.109197162564331904e+02 2.122233598057810298e+02 1.981773268070076881e+02 2.309098820022505549e+02 2.386780889703263711e+02 2.461680928195056595e+02 2.245959483595736970e+02 2.546458678201314285e+02 2.401060456653338520e+02 2.631088074014363656e+02 2.746466219794929202e+02 2.699637266663482933e+02 2.580829362086776655e+02 3.043678046188059056e+02 2.607404068044120891e+02 3.091439491199121221e+02 3.278786791726817569e+02 2.992270102695298419e+02 3.209704094022856111e+02 3.477921845878368572e+02 3.447130887678040949e+02 3.699792268441820511e+02 3.674104572795029071e+02 3.261170118481526288e+02 3.864078141878045471e+02 4.220344348572237436e+02 4.459051228155377089e+02
9.028263019134035972e+01 9.028263019800702693e+01 9.633974817678944191e+01 1.020027364675497097e+02 1.020027364742163769e+02 1.083100270690042493e+02 1.147869959772364865e+02 1.721636158497669271e+02 1.354762648851986739e+02 1.411309009607709584e+02 1.481249537120868069e+02 1.554344365619753319e+02 1.623700234327016858e+02 1.699586825850650200e+02 1.768323410050748521e+02 1.843672563503700133e+02 1.912348327467600768e+02 1.977726711886893156e+02 2.046791211806717001e+02 2.123210817788761346e+02 2.203335339769705001e+02 2.275275305407544693e+02 2.342163351632371189e+02 2.410419655092750020e+02 2.480266400282729364e+02 2.569875834870625226e+02 2.660988829988935436e+02 2.734379090131561156e+02 2.734379090198227686e+02 2.821658387805976531e+02 2.909273909134267342e+02 2.993977778477775473e+02 3.091894185908134318e+02 3.251289746800271132e+02 3.903750844619571581e+02 4.395263616218952620e+02 4.914766271583912385e+02
1.045216111723119070e+02 1.504647814650069506e+02 1.545731522171338668e+02 1.283548693837662711e+02 1.526024957551106525e+02 1.708901090653816368e+02 1.706796562959755192e+02 1.259248101651741507e+02 1.423934875384336181e+02 1.921683800616573592e+02 2.169391633046930394e+02 2.237959798209134590e+02 2.252901960020651302e+02 2.300902359357693570e+02 2.108467396475506348e+02 2.436218204154898501e+02 2.514184637936118349e+02 2.163459998025524555e+02 2.397326681794738477e+02 2.598498155437129071e+02 2.834694205111180736e+02 2.810109819918874905e+02 2.939968874664682517e+02 2.619125622260220325e+02 2.960855104573554399e+02 3.193745983348179607e+02 3.291153739968996206e+02 3.305935858682598223e+02 3.287440323293371307e+02 3.272759894090920056e+02 3.488116058660249337e+02 3.337315859802388331e+02 3.797244861981657209e+02 3.796104396361802173e+02 3.558110742154464674e+02 4.271272698492709878e+02 4.952800556405670704e+02
1.654100860156903252e+02 2.006599189149531242e+02 2.005605901306054761e+02 1.588244745761345484e+02 1.735201460100372799e+02 2.095777113622597483e+02 2.002930511318982383e+02 1.970504960903767824e+02 1.519352898607279485e+02 2.111188160429774427e+02 2.554629950109692231e+02 2.822071508973857021e+02 2.875670961572726014e+02 2.844801291134982648e+02 2.733795731732218997e+02 2.927385953374354131e+02 3.040326696574370544e+02 2.887194962127767326e+02 2.412111638674230676e+02 2.957951026208552889e+02 3.368888060162643114e+02 3.388595716701666447e+02 3.472971816555249234e+02 3.303322156610661295e+02 2.930508527639836416e+02 3.496135871372221118e+02 3.892278411159823008e+02 3.945020660559408157e+02 3.920102335991687710e+02 3.875047583077859485e+02 3.927939930222196381e+02 4.222961222396140215e+02 4.343968884446124434e+02 3.836684233178430077e+02 4.158457516411272081e+02 4.499866383899375251e+02 5.092972897121441065e+02
2.143545064603029005e+02 2.509986949697234877e+02 2.449831464694395322e+02 2.040699804580386569e+02 1.828396446623311533e+02 2.450698851194348720e+02 2.504527635398658560e+02 2.558908606969800701e+02 2.204024325786105010e+02 1.824957647387720669e+02 2.518344356273257745e+02 3.061832314403068835e+02 3.427218217688105142e+02 3.477880189721844886e+02 3.439144364045920952e+02 3.588288678503751612e+02 3.628184476796507170e+02 3.279282327006098967e+02 2.605187404510072611e+02 3.336522003244207326e+02 3.842201610162436509e+02 4.004602088113024934e+02 4.098402728894099027e+02 3.762236619969410185e+02 3.191766854322731888e+02 3.772072217950802155e+02 4.280202236053526121e+02 4.543387578493158685e+02 4.608222808740607093e+02 4.582588951748575710e+02 4.594826613001886244e+02 4.785464776782138756e+02 4.878297225491846234e+02 4.492081893395086354e+02 4.121565697771328018e+02 4.674716055850289536e+02 5.030777175170015880e+02
2.579940275631358304e+02 2.970984932463618975e+02 2.923286095269160114e+02 2.476230557474669638e+02 2.354975417575304846e+02 2.923129644279071613e+02 3.047696618244224851e+02 3.120298691908107571e+02 2.765006189584851768e+02 2.456598474860353463e+02 2.153579145083586752e+02 2.960362576256347324e+02 3.664577436880952632e+02 4.064500145198098835e+02 4.131713099243352190e+02 4.239427651785882745e+02 3.968454346442460405e+02 3.376561203284466615e+02 2.806212162906073786e+02 3.529635807949689479e+02 4.181495268329621808e+02 4.564251916632649113e+02 4.634932024265906421e+02 4.264055448351585369e+02 3.892324059358952013e+02 3.604084523440344583e+02 4.271375714082574859e+02 4.688568597867524090e+02 5.083547654634154469e+02 5.313898309328094456e+02 5.336656796154625226e+02 5.452075827345413472e+02 5.436831191438583346e+02 4.993108914119948736e+02 4.633784765180549812e+02 4.352773935614621337e+02 4.352773935681287867e+02
2.888829682971457942e+02 3.358231542145025514e+02 3.419349011708659987e+02 3.071490537250517718e+02 2.960347888437081565e+02 3.450050997068486254e+02 3.619885961433697616e+02 3.592378968355534994e+02 3.133273837979323844e+02 2.440857070374610771e+02 2.762213273396464501e+02 3.121410484089890360e+02 3.776594423431914720e+02 4.392930255560142996e+02 4.721602655229373795e+02 4.759966437626890183e+02 4.318624106333768964e+02 3.713262288796055373e+02 3.054781965431349704e+02 3.727026253489154328e+02 4.280040862399901016e+02 4.832154494250656285e+02 5.073182148375659040e+02 4.925347555392871755e+02 4.578438778404976688e+02 4.260480117408417868e+02 3.949853572456528923e+02 3.949853572523195453e+02 5.023693643089920897e+02 5.762748281179821106e+02 6.047326142306128531e+02 6.141937202516595562e+02 5.903237379262606055e+02 5.480121958302821668e+02 5.074936295007230456e+02 4.553970703501050252e+02 4.912792849535155710e+02
2.876898564225780319e+02 3.550800519021400987e+02 3.893737512619977679e+02 3.776351409223817086e+02 3.688691928836777265e+02 3.913874416232590079e+02 4.169546664909104834e+02 3.904246205031876684e+02 3.259829502544370143e+02 2.924282022806042960e+02 2.693392227953054885e+02 3.225059632496971176e+02 3.823421437201885169e+02 4.465065818616425872e+02 5.018551697837878010e+02 5.128212111721552446e+02 4.703352917296704163e+02 4.155552468617885893e+02 3.613801217015314933e+02 3.429846087487674140e+02 4.137176229784604971e+02 4.794708844980215190e+02 5.308161623785322263e+02 5.419944902069514683e+02 5.232332970201949820e+02 4.816234278230242580e+02 4.279879452521386725e+02 4.464338559494194669e+02 5.141212539843662626e+02 5.874096474435411892e+02 6.469396235240971009e+02 6.691452280491120064e+02 6.403501766567131881e+02 5.978259927340745890e+02 5.454527089334007997e+02 4.998875380743546089e+02 4.848217100088133407e+02
