output/field_example_lateral_ON/elevation_000018.asc
nrows	150
cellsize	66.66666667
xllcorner	0
ncols	150
yllcorner	0
NODATA_value	-9999
[rows 51 to 67 of 150, columns 0 to 36 of 150]
1.247441123991860574e-03 6.488313144559079149e+01 1.163479353131922807e+02 1.470781711332268173e+02 2.062159976993547161e+02 2.733760318689451196e+02 3.345820503286084886e+02 3.648753749571359322e+02 3.682159724657356037e+02 3.758535287644574510e+02 4.089105665836010530e+02 4.408095470865579841e+02 4.484788949277276515e+02 4.480052762206245234e+02 4.520896383098017850e+02 4.573068528446682990e+02 4.517413673555828382e+02 4.562440245457353853e+02 4.912490190278973046e+02 5.364725361275073965e+02 5.623594433602676190e+02 5.599073594168181671e+02 5.497544686408500638e+02 5.511047349113637210e+02 5.420923396401443597e+02 5.426316200375142671e+02 5.094997578444587703e+02 5.201845822913348911e+02 5.291638192961315781e+02 4.884373349262641568e+02 5.288585982982707492e+02 5.713284922397792798e+02 6.253338343010316294e+02 6.824715200367721764e+02 7.473394954726356900e+02 7.953056341435311651e+02 8.130891075895625590e+02
8.991442672098762376e-04 3.130848792547960713e+01 7.008876895505420634e+01 1.266256500446948934e+02 1.876993821355858074e+02 2.553648183426577987e+02 3.267742227863417952e+02 3.892204452568162196e+02 4.202414012063294990e+02 4.362182402368086400e+02 4.579365271452496700e+02 4.737628797127025564e+02 4.705754261049593765e+02 4.694883115295435232e+02 4.764812109819356465e+02 4.931517167333066709e+02 5.030978763594702627e+02 5.133330816462513440e+02 5.346176421394079625e+02 5.546765051333543397e+02 5.470206959078782347e+02 5.188809554744292427e+02 4.809850993800122865e+02 4.817521447466413633e+02 4.714323971420017187e+02 4.728246957347007537e+02 4.421724231063711272e+02 4.603351449846784931e+02 4.664501340209569094e+02 4.449712708625394271e+02 4.790728768268295994e+02 5.240466835728935848e+02 5.768111610674328631e+02 6.399021885939004051e+02 7.114392295404295510e+02 7.788946015678460526e+02 7.940863778846880905e+02
1.138240608956130094e-03 6.453720790038735799e+01 1.148047606581800153e+02 1.406169282651727883e+02 1.950392332578697960e+02 2.583981780277467806e+02 3.283664618078675517e+02 3.884764282410531564e+02 4.171471173344887120e+02 4.332374464447261744e+02 4.507261084918223446e+02 4.441376674519040080e+02 4.174535794086368128e+02 4.133688660375455584e+02 4.210019740264815482e+02 4.598559446887992976e+02 4.807689362793826717e+02 4.951857990253258777e+02 5.128601588186754725e+02 5.189194483389265997e+02 5.012148147644843448e+02 4.536438102820895892e+02 4.085859625669541515e+02 4.135391318103107778e+02 4.048486029228569691e+02 3.958418635733985980e+02 3.843812869235559901e+02 4.213599253748143951e+02 4.067605767488963693e+02 4.553435891862238236e+02 5.169940642168380691e+02 5.426088721039291158e+02 5.934699555685825771e+02 6.540535953977270083e+02 7.199744361949675522e+02 7.683894837279165131e+02 7.536789131447477530e+02
6.940593384278977021e-04 5.944619501585729893e+01 1.231534330432474178e+02 1.865805749468952399e+02 2.423013882733735898e+02 2.934761261867686244e+02 3.365671183954414118e+02 3.570671462581393030e+02 3.592611305854747457e+02 3.695339116084651891e+02 3.991623944411343814e+02 3.874018772513430235e+02 3.439535760648822134e+02 3.420167271505457052e+02 3.537701324255077111e+02 4.028587815065689028e+02 4.129290256116358364e+02 4.253477279204382171e+02 4.478874618636224341e+02 4.529290615365475787e+02 4.442854806503917757e+02 3.953981355623440663e+02 3.450009497795528546e+02 3.554731716148862688e+02 3.576764054579358003e+02 3.225609479586942712e+02 3.416620361068977445e+02 3.667680742273106489e+02 4.411379204593515055e+02 4.934533171333239920e+02 5.347813693537382278e+02 5.890214129993817096e+02 6.402637645644107351e+02 6.992676185678426464e+02 7.403233806438303191e+02 7.434896565198915823e+02 7.050563483022015134e+02
1.055237303129000518e-03 5.440720315859928036e+01 1.168417505656250057e+02 1.854267535670516907e+02 2.512805867139031477e+02 2.896092322985175542e+02 2.982449340121673345e+02 2.899471881735410648e+02 2.876863862342275411e+02 3.026069656859933161e+02 3.361400614804218776e+02 3.266377675989062936e+02 2.774939483896291677e+02 2.761073009623522125e+02 2.945724650735672299e+02 3.459778142115732749e+02 3.407564997273273093e+02 3.500802765522222444e+02 3.922439968503109071e+02 3.817921526285152822e+02 3.739917050044775237e+02 3.326287021701463118e+02 2.910131620619398518e+02 3.044330400094122524e+02 2.922117296604279204e+02 3.545772882087820221e+02 3.932417014295405124e+02 3.955511633158394602e+02 4.577810837553894316e+02 5.223732351787324433e+02 5.784521780955942631e+02 6.320491731459874245e+02 6.801378317669682474e+02 7.296572559620196898e+02 7.406354588098456588e+02 7.062064454200279897e+02 6.442284265488037818e+02
1.562014952837139075e-03 5.427310593309672271e+01 1.160024080737527754e+02 1.812996516722142530e+02 2.343862182319195711e+02 2.384354248777976295e+02 2.286216956651494741e+02 2.166654902794129214e+02 2.189022619131605154e+02 2.578695319965628983e+02 2.683081672985487671e+02 2.684815139058758859e+02 2.217254875748053564e+02 2.178347393055731800e+02 2.683229615558890941e+02 2.855121886626860146e+02 2.742598336986619074e+02 2.900283371999595943e+02 3.394046205405827550e+02 3.257402459018815648e+02 2.604112974976158625e+02 2.502806438870659633e+02 2.447116795252745760e+02 2.626945982032141842e+02 3.020159350713893218e+02 3.509763162398457439e+02 4.065613663590708029e+02 4.532254741389870105e+02 4.571736243356229465e+02 5.072695347930276739e+02 5.667876936163661412e+02 6.368060407268784502e+02 7.084006229717537053e+02 7.446187805706183553e+02 7.184569241706127514e+02 6.539940910347007730e+02 5.904476499388174489e+02
7.585375989290401438e-04 5.901738597870951963e+01 1.211349507135984283e+02 1.753100552720965766e+02 1.902312922602368133e+02 1.758718370330647076e+02 1.601345026506913882e+02 1.512979457445379694e+02 1.757911021380212730e+02 1.912541625639187828e+02 2.042191398294279736e+02 2.126644948966587378e+02 1.754015482992465422e+02 1.761765276430027143e+02 2.264082654943466650e+02 2.281293176302797576e+02 2.138310311402874220e+02 2.603382209206360471e+02 2.827576235396722382e+02 2.776351694755336439e+02 2.621171689761093262e+02 2.228476796282381827e+02 2.870717992244775587e+02 3.279181059427640434e+02 3.472608120101851910e+02 3.941075928687101850e+02 4.425293158974025687e+02 4.888599684912930456e+02 5.186378756082666541e+02 5.563462722287861197e+02 6.125334552938684283e+02 6.721674591192058870e+02 7.298342444202365868e+02 7.369803351637627884e+02 6.864205710001029956e+02 6.082957980428944893e+02 5.366464797725151357e+02
1.046285099159314971e-03 6.244664653528151632e+01 1.155248930970829946e+02 1.351463767034777277e+02 1.177129990189094286e+02 1.109410951300504848e+02 1.034549701202736713e+02 1.179573675389440410e+02 1.012510298289961526e+02 1.243255273628956132e+02 1.514324329358411205e+02 1.525783625004659427e+02 1.353982477335127612e+02 1.402186061448483088e+02 1.792812169434335487e+02 1.762065669639859209e+02 1.704320931432066573e+02 2.023413646635583518e+02 2.291408942830735782e+02 2.325877264334534402e+02 1.982707926131549527e+02 2.576142976676333092e+02 3.031548456065877417e+02 3.621747263408109916e+02 4.093978786227362434e+02 4.509432057365133915e+02 4.958830681838140890e+02 5.404550251705111350e+02 5.807206617039524872e+02 6.181940331163995097e+02 6.624981995510163415e+02 7.170331194451970305e+02 7.481037456751137142e+02 7.228259896272259084e+02 6.456763382620835046e+02 5.624803202892682066e+02 4.915357303341215811e+02
1.106265462435658282e-03 5.302467314340448468e+01 7.690769495864938676e+01 8.264578019571325740e+01 3.793713347771596744e+01 4.587706874553144587e+01 5.365227824325909722e+01 6.133348965408151088e+01 6.764200357260629914e+01 7.590037845869115074e+01 8.481211431010471813e+01 9.339302403654502882e+01 1.004582753432689373e+02 1.090356587967693258e+02 1.187830157652229843e+02 1.270679432306310588e+02 1.357509740763671005e+02 1.462132734081497745e+02 1.573051583301164271e+02 1.717715035278620519e+02 2.387523703399132557e+02 2.932801458307760640e+02 3.465302504959817043e+02 4.022746024474793103e+02 4.571629291329863918e+02 5.056339771571724100e+02 5.494329366826788146e+02 5.916300932448920094e+02 6.326730364455423796e+02 6.721117404292139099e+02 7.109183891622718647e+02 7.454515428483091455e+02 7.499184104823116286e+02 7.138449287057192123e+02 6.586762743417826869e+02 5.977085780748153638e+02 5.417829789075020699e+02
1.588587968374398059e-03 7.297590076018187766e+00 1.561918834632512265e+01 2.471580367805712797e+01 6.310193780575301759e+01 9.144408175444499420e+01 1.096380706005439976e+02 1.092358663092646083e+02 9.299305529211211763e+01 1.372232072870662307e+02 1.465216606958674390e+02 1.521430084955984512e+02 1.328870613845667492e+02 1.767060526860541358e+02 1.835876481831180058e+02 1.599304504419717148e+02 1.842640042908407736e+02 2.136009795464712226e+02 2.194043075711126392e+02 1.825403294504691303e+02 2.449466939316070011e+02 2.918537578550947273e+02 3.500223673932678707e+02 4.094993776984896385e+02 4.623361785566801245e+02 5.132705885008839459e+02 5.557506776593685345e+02 5.930023706710594524e+02 6.322616343326085371e+02 6.723933923035084490e+02 7.109959938743683097e+02 7.406632396266251135e+02 7.248247030787982794e+02 6.691127864729268140e+02 6.183626378694987125e+02 5.805744846550820739e+02 5.409778043478157770e+02
1.279216666935708386e-03 5.449170910882430263e+01 8.184621567409406850e+01 9.108834270101688446e+01 1.055040619878096635e+02 1.229550691428865150e+02 1.479984950221698625e+02 1.322049565292782063e+02 1.241387963641148389e+02 1.771330674680500863e+02 1.999833149866791473e+02 1.784675788123530538e+02 1.969342201598562099e+02 2.347202290708159467e+02 2.454351377227543196e+02 2.392445283898809123e+02 2.114370856591693268e+02 2.652517586476713518e+02 2.705954890378715731e+02 2.526104636660423921e+02 2.118821428821289885e+02 2.792705218690379638e+02 3.310483501518053799e+02 3.696188246755126556e+02 4.245688744559059842e+02 4.727251390926106751e+02 4.974605343062763154e+02 5.328937528794773471e+02 5.757184359662178395e+02 6.176049069897849222e+02 6.619751407904940379e+02 7.100505671577974454e+02 6.921205838780915656e+02 6.250775967647473408e+02 5.629690366904394523e+02 5.188210250428182917e+02 4.861824820350962568e+02
9.095820746289582119e-04 6.199217176551160691e+01 1.185269423809612306e+02 1.501275268440154775e+02 1.629962629732205244e+02 1.771787588697370381e+02 1.870489165343116724e+02 1.802387960722674336e+02 1.762189549516283193e+02 1.846509010154313444e+02 2.373706664038020051e+02 2.387630184821155410e+02 2.293736621791519212e+02 2.797130073518160884e+02 3.076694723005572882e+02 3.031860313816092116e+02 2.563652481349060395e+02 3.136600995425208112e+02 3.307108443646708906e+02 3.022356010476374877e+02 2.716612630200709191e+02 2.358684870807360028e+02 2.868132059605278528e+02 3.379174555723971594e+02 3.814096832374043515e+02 4.276199348577587216e+02 4.212049678170120615e+02 4.615840783553264828e+02 5.193988111547453173e+02 5.446820887567533873e+02 6.196039718955183844e+02 6.834439514020847355e+02 6.650925272849852945e+02 5.880881366882749717e+02 5.147660649992805020e+02 4.666811746320176439e+02 4.268586769653783790e+02
1.451728525893234128e-03 5.717676583765219789e+01 1.178756766545348711e+02 1.749202157020729658e+02 2.129936180442548732e+02 2.358750543327946900e+02 2.432474805450602275e+02 2.401471063935297252e+02 2.349441826125550676e+02 2.413672979255605924e+02 2.541845927965404996e+02 2.927196329930365550e+02 2.827410251439762305e+02 2.902709416713960309e+02 3.476177535928312068e+02 3.526490861561579209e+02 3.084110338353596035e+02 3.637857122969003854e+02 3.794357690911854775e+02 3.410159116922255294e+02 2.781404170817527870e+02 2.358684870874026558e+02 2.531773560982205424e+02 2.748050375660022837e+02 3.438008823346140730e+02 3.661837502001262692e+02 3.578797266761904439e+02 3.959000088262604322e+02 4.482708777266034872e+02 5.303865171018364890e+02 6.114335363397730134e+02 6.746675042925465959e+02 6.579906769446756698e+02 5.840725979573322775e+02 5.049696971038236484e+02 4.315240956939499029e+02 3.841861461455653171e+02
-1.561618357994713595e-03 4.766535370815937256e+01 1.009940781754081343e+02 1.588291601134071982e+02 2.172321313299973724e+02 2.708681898431864283e+02 2.997972917915634525e+02 3.031684886947362543e+02 2.979775947193712113e+02 3.027400107945642276e+02 3.102501868744745366e+02 3.298158659963618220e+02 3.378498423839292855e+02 3.343307836900382881e+02 3.863476204770421987e+02 4.030751643894752192e+02 3.670137184333601112e+02 4.144535557102943244e+02 4.143672638840118339e+02 3.500402995761207308e+02 3.343198239204070319e+02 2.800632574498455369e+02 3.119758854974564883e+02 3.139890258016209827e+02 3.006664968268284497e+02 3.208823971309772105e+02 3.880173956750052753e+02 4.423340686738341674e+02 4.958777126340949621e+02 5.484259435531313329e+02 6.206754806335356989e+02 6.799428329439947447e+02 6.646040525202784011e+02 5.992525132264604508e+02 5.278623583841865639e+02 4.855161341720674386e+02 4.463539513591416039e+02
-1.629181703595709635e-03 4.234818908934896342e+01 8.985711667507086986e+01 1.435759435048105956e+02 2.036147654134065306e+02 2.682185359004708971e+02 3.286337342042829732e+02 3.610229140439846560e+02 3.638777941307498054e+02 3.697193146092399729e+02 3.726425267393926219e+02 3.880206121870905349e+02 3.987358617862689130e+02 3.871890766305595548e+02 4.270909807496936992e+02 4.577353532906282680e+02 4.339867009208095965e+02 4.694694327400035831e+02 4.584293005363984435e+02 4.008736514261505022e+02 3.860765258282125387e+02 3.304744674524387733e+02 3.542081052024814198e+02 3.325945495656425237e+02 3.282144552971639655e+02 3.612250411723366028e+02 4.009295948278073070e+02 4.737260125297992772e+02 5.463125439505460008e+02 6.035964690893216584e+02 6.593364527826023505e+02 6.887201435545196091e+02 6.649929734669051413e+02 6.180600614192499052e+02 5.727886547061630154e+02 5.367407618500063791e+02 5.058557132568164434e+02
-5.536218851392299412e-03 3.743886215053183975e+01 8.187189536810819845e+01 1.333627246200267393e+02 1.921535166601937874e+02 2.587259618445608567e+02 3.306381399756436394e+02 3.915415627315336451e+02 4.219974888947438671e+02 4.372721789657744580e+02 4.399576028693732042e+02 4.526187779615899558e+02 4.621010614594489425e+02 4.535266653484935659e+02 4.820736026862481935e+02 5.148517677326086641e+02 5.094612410887019678e+02 5.233892722537170812e+02 5.110403659995116072e+02 4.593387769757069918e+02 4.428664194660987619e+02 3.887757570298031169e+02 4.061385867626747199e+02 4.069156537749580593e+02 3.656724348458679970e+02 4.122134541969941779e+02 4.583528056262480277e+02 5.210286879568336644e+02 5.876976976600813032e+02 6.481798342208600161e+02 6.773735445160450581e+02 6.649625782580891382e+02 6.273911626889324680e+02 5.774894558187356779e+02 5.480251246971960200e+02 5.260079420100580592e+02 5.140087723907580539e+02
-5.099245925878344993e-03 6.138799620159064574e+01 1.268902643712949896e+02 1.835938665255752937e+02 2.384206372761191233e+02 2.937281611022227139e+02 3.479520557938460001e+02 3.983777768582638146e+02 4.395585061335241335e+02 4.765751195462614191e+02 4.971537912440595051e+02 5.115032649701808509e+02 5.203818546058674883e+02 5.226085621963746917e+02 5.410173107387490745e+02 5.601931029001410707e+02 5.712014514354441417e+02 5.816891171819364672e+02 5.663543793449606483e+02 5.260480888273312985e+02 5.056984565568513972e+02 4.561288177268496611e+02 4.710945120927107723e+02 4.638510320594799623e+02 4.106378636196346861e+02 4.601446732222085529e+02 5.163937947756360245e+02 5.722493443412631677e+02 6.322169040377665397e+02 6.658638489956367721e+02 6.555249740358716508e+02 6.180832187995192726e+02 5.642523783388355696e+02 5.180615319888332806e+02 4.739739657331453486e+02 4.566294068921233134e+02 4.531740927870594078e+02
