output/field_example_lateral_ON/elevation_000037.asc
nrows	150
cellsize	66.66666667
xllcorner	0
ncols	150
yllcorner	0
NODATA_value	-9999
[rows 0 to 16 of 150, columns 111 to 147 of 150]
8.433593612284179244e+02 8.444412344592715272e+02 8.532885531967917814e+02 8.677564289466695300e+02 8.840360312744728617e+02 8.718317694215138545e+02 8.369811007098097662e+02 8.052111330333605110e+02 7.869138997685728327e+02 8.051474819082449130e+02 8.238166861516388053e+02 8.353616988966014105e+02 8.598741625423665482e+02 8.831432684217509177e+02 9.130608595046695655e+02 9.519399864017132131e+02 9.953599738664169081e+02 1.036126998587751586e+03 1.048877219739497605e+03 1.028760878186879154e+03 1.010618235664943199e+03 1.020889945366008078e+03 1.044079173195016210e+03 1.054142961212968430e+03 1.034860024048355399e+03 1.019159272849830359e+03 1.036088903981752537e+03 1.058287510815473524e+03 1.053991526869094059e+03 1.027361468370418606e+03 1.007255233084227257e+03 1.016307746849774162e+03 1.012784856719973732e+03 1.010006196525654673e+03 1.030069238426325910e+03 1.059796317151996163e+03 1.095401552098266393e+03
7.985106937762947155e+02 8.026934353493161325e+02 8.121612996408356366e+02 8.275209827825284492e+02 8.581015953465301891e+02 8.485161428209426049e+02 8.026083137419082050e+02 7.640233211799198898e+02 7.360546252293164571e+02 7.706095492680002508e+02 7.854089325868096694e+02 7.913845218060431534e+02 8.263604375105238660e+02 8.412322840175293095e+02 8.767086555103118144e+02 9.198704565063629843e+02 9.672625626699517625e+02 1.016081203970499701e+03 1.022281809357806083e+03 9.872335952702433133e+02 9.582675373259382923e+02 9.742735709531466455e+02 1.014110631630332364e+03 1.027790255295148654e+03 9.973983068944568231e+02 9.700810956695817140e+02 9.987693656301462397e+02 1.032936956884975871e+03 1.028264898821899806e+03 9.893110697303311554e+02 9.579023939343323946e+02 9.816965817681451654e+02 9.710300243114876366e+02 9.615747493121446041e+02 9.883791990272105750e+02 1.021637522846562661e+03 1.060671692096135757e+03
7.368520431676431599e+02 7.425633459557061542e+02 7.520816023436124169e+02 7.729142894488979891e+02 8.217773694027497413e+02 8.131670982649793586e+02 7.600913818407453846e+02 7.083323410913843645e+02 6.726646639449930944e+02 7.191144204056002991e+02 7.308697820666134248e+02 7.320836042089754301e+02 7.728606678398476788e+02 7.849745681703719811e+02 8.305754355720723652e+02 8.783542847439206298e+02 9.323004961847331060e+02 9.869162139225188639e+02 9.814048127995775985e+02 9.329835282267649745e+02 8.885321303962881530e+02 9.131550186007881393e+02 9.715300849426201921e+02 9.869353456663016004e+02 9.496590048585748036e+02 9.089064818283559362e+02 9.512523711708785186e+02 9.928523245545928830e+02 9.875533502567516280e+02 9.403571915024687087e+02 8.955883411476573883e+02 9.282404981414158556e+02 9.093724382979875145e+02 8.957066561140682097e+02 9.290408988617684827e+02 9.678945953115267002e+02 1.013845353640890153e+03
6.778947915107678455e+02 6.848530833966569844e+02 6.923576255964227357e+02 7.378217156394234735e+02 7.907960488849976173e+02 7.781160708117224658e+02 7.218943432085599170e+02 6.628556854402614817e+02 6.187715683971708813e+02 6.707500811662463320e+02 6.801679314384158488e+02 6.775761784802947432e+02 7.107905148956281209e+02 7.488670558313245920e+02 7.936946193597308365e+02 8.475439970595220984e+02 9.135313247463428752e+02 9.596895743595915746e+02 9.399535552497189883e+02 8.827177051369797027e+02 8.266469159551126040e+02 8.756238995477305025e+02 9.310841971789202489e+02 9.461140718304911843e+02 9.049783407518028753e+02 8.573584931308499790e+02 9.064799712091268020e+02 9.515953130057292810e+02 9.460202966386374328e+02 8.943414130316174351e+02 8.419333236595479093e+02 8.711051238120556945e+02 8.475704295455634565e+02 8.377808035287936264e+02 8.765000186511367701e+02 9.221374857750018919e+02 9.762921398047061530e+02
6.242020955491830136e+02 6.334718470015566254e+02 6.477705277423146981e+02 7.159146300597475374e+02 7.637430258096396756e+02 7.431950545127629084e+02 6.873375079919958353e+02 6.292078773122018447e+02 5.744542204498698084e+02 6.317565834818276471e+02 6.365108945356209915e+02 7.042014238041651879e+02 7.547965593422725306e+02 8.026601564417646841e+02 8.412069749781279597e+02 8.785397101115463556e+02 9.149809717417401771e+02 9.264942937339280888e+02 8.972728425921623057e+02 8.380127549972279439e+02 7.789639386876302751e+02 8.321988528735157615e+02 8.950131336879253467e+02 9.087900533823153637e+02 8.653044397034293524e+02 8.139719768441827910e+02 8.662617215072144745e+02 9.125463937581237133e+02 9.075059450528983689e+02 8.563370722002540560e+02 7.992325366095485606e+02 8.078701024701953202e+02 7.912962281055341691e+02 8.496178817536425640e+02 9.108202127062800173e+02 9.652757860984959279e+02 1.019067805537911227e+03
5.759817835971653039e+02 5.859370297991398502e+02 6.525082181439028091e+02 7.134974956619179238e+02 7.358475504357817272e+02 7.059632547692493745e+02 6.482743606674190460e+02 6.010318447967308657e+02 5.744542204432030985e+02 5.983793475729648890e+02 6.506969312293549592e+02 7.132448660325893570e+02 7.796179264820353865e+02 8.247092431753820847e+02 8.468689610754789783e+02 8.587274799186706105e+02 8.708721087088871400e+02 8.746839792553483903e+02 8.460294030678638819e+02 7.954058535364778209e+02 7.381191976134932702e+02 8.071165378256209806e+02 8.607091920668085550e+02 8.743208188340677225e+02 8.297485044571640174e+02 7.761486401780550750e+02 8.294539694292890317e+02 8.745854182819809921e+02 8.701859370813364194e+02 8.246726190616390113e+02 7.821868529754937072e+02 7.537397016243952521e+02 7.841817012270320220e+02 8.305620949804923612e+02 8.869004062114898943e+02 9.506355106343265788e+02 1.020015537123653303e+03
5.331499122950590390e+02 5.969997785307194818e+02 6.548485655186060512e+02 6.967848471489969597e+02 7.003179330154495119e+02 6.611302398920968244e+02 6.106126212368775441e+02 5.507834098886070251e+02 6.035307845717029522e+02 6.496818368389311900e+02 6.952214527618648390e+02 7.430170848514003410e+02 7.851268620882667619e+02 8.007951319667271264e+02 7.931281722728029990e+02 7.905191421685206024e+02 7.969407675572405196e+02 8.081040954871482427e+02 8.076973394122037462e+02 7.541631512313288113e+02 7.009488577282437518e+02 7.652431432764852843e+02 8.251231933835313157e+02 8.413797176251581504e+02 7.972727647435223162e+02 7.422722324575431685e+02 7.939617857669790055e+02 8.328638728315619346e+02 8.286035450550010637e+02 7.891460561854315756e+02 7.558268058312980884e+02 7.365399969193640572e+02 7.906568527142821949e+02 8.508189872694716769e+02 9.207168337956678670e+02 9.872531605378967470e+02 1.047311534683291256e+03
5.023686558519246432e+02 5.634412447790856504e+02 6.214137715037471708e+02 6.527678389210744854e+02 6.545000432223772577e+02 6.186480096075547408e+02 5.767531720920459293e+02 5.301965015392378291e+02 5.868460254570737789e+02 6.474361199239405096e+02 7.032854227361609674e+02 7.364893559193023975e+02 7.503034540946546258e+02 7.411065722235846351e+02 7.249297140000149966e+02 7.166390177660373411e+02 7.227214407256376489e+02 7.432085696624392313e+02 7.654874592901815049e+02 7.249599588076061991e+02 6.673942979725283067e+02 7.283236248812604572e+02 7.925160803221669994e+02 8.088389064029740894e+02 7.671931864715841130e+02 7.115295101951071501e+02 7.582289938906275211e+02 7.748785537668978805e+02 7.771239286435034046e+02 7.435699204634229318e+02 7.127176065277863017e+02 7.428707094083059701e+02 7.825900748897408903e+02 8.393066888200105495e+02 9.126156165446597015e+02 9.841433094173499967e+02 1.034383908665586432e+03
5.184496317166556310e+02 5.641752174694823907e+02 5.874886650919665954e+02 5.884512791649336805e+02 5.951361241418513828e+02 5.698221940319039049e+02 5.364925396066978465e+02 5.128775932605053640e+02 5.810803665065408268e+02 6.435346335107701634e+02 6.792264397541746348e+02 6.842214112121462222e+02 6.863732979057837156e+02 6.762122768672692246e+02 6.614157721505093832e+02 6.497234756237406827e+02 6.543572833926444900e+02 6.927112682313020287e+02 7.258636458795702993e+02 6.997821654794457800e+02 6.367641426423155053e+02 7.087889842842512280e+02 7.597658699038204304e+02 7.688025765227714601e+02 7.388982354468407721e+02 6.835865714316759068e+02 7.093860975878080808e+02 7.069201999511255963e+02 7.181234869341731155e+02 6.857027447186768541e+02 7.432637297114567900e+02 7.801294296512202209e+02 8.253745798536141365e+02 8.737099037535454045e+02 9.250994398658207274e+02 9.637190383020248419e+02 9.826143267308893883e+02
4.866071024679118295e+02 5.227404267068201307e+02 5.255154673649005872e+02 5.214997513483680223e+02 5.295483626954462579e+02 5.197870481802568747e+02 4.850306558968441095e+02 5.455058600422379413e+02 5.925014512322123892e+02 6.242165826776212043e+02 6.261202478776139060e+02 6.218214978592925490e+02 6.212885835023412255e+02 6.176653274210201516e+02 6.071816066185547243e+02 5.915324653177369782e+02 6.023741483099512379e+02 6.578721793561346658e+02 6.849235953759990707e+02 6.674683295107000731e+02 6.075346954967427564e+02 6.704491669299098930e+02 7.169256403964699302e+02 7.110509240821368167e+02 7.150342500387337168e+02 6.917385285952079812e+02 6.448434759166747199e+02 6.390347746150961257e+02 6.555321671426715966e+02 6.991608251282654010e+02 7.526648329888647595e+02 8.057880438408341206e+02 8.469593971381777919e+02 8.760876421586717697e+02 8.954835851028702791e+02 9.035117528113373737e+02 9.393845228767090703e+02
4.493856634771037761e+02 4.629150665443242474e+02 4.633686348538011543e+02 4.633487562492464349e+02 4.728418486021903959e+02 4.548444822189833303e+02 5.097247512877464146e+02 5.498283068149663677e+02 5.704126835296019635e+02 5.730464367345815617e+02 5.674396000500706805e+02 5.637375860177692175e+02 5.634852914110749680e+02 5.668559074194228060e+02 5.691651904599536920e+02 5.401825160871067055e+02 5.917359871837529681e+02 6.241002826131164056e+02 6.367931723921058165e+02 6.324725396184487636e+02 5.814227250273995651e+02 6.298088746110446436e+02 6.624446784511745818e+02 6.424293693793754301e+02 6.612671506476451668e+02 6.593131423825973343e+02 6.213273196675557983e+02 6.726066118512203502e+02 6.604861013754466512e+02 6.773650093286689753e+02 7.421078908567137660e+02 7.936081855110618335e+02 8.244645827290183888e+02 8.268753569614906382e+02 8.260161361313738553e+02 8.663497618026477767e+02 9.260497831239968036e+02
3.952257376790465173e+02 4.002939420930786127e+02 4.061417938267750856e+02 4.121241135136447156e+02 4.262764691628577793e+02 4.709740565000437869e+02 4.952470215310028152e+02 5.107909424470147997e+02 5.139836463957047954e+02 5.142447746123185652e+02 5.134234535804581583e+02 5.140451935516875892e+02 5.170866371399262107e+02 5.334447012736602574e+02 4.963536664644244070e+02 5.162322505897458313e+02 5.567046588215066549e+02 5.647455239270665288e+02 5.870986873998427882e+02 5.886541570526952682e+02 5.624792430999303861e+02 5.538971694944647197e+02 5.530030017345313809e+02 5.692907908599887605e+02 6.220260790989932502e+02 6.038619199173539300e+02 6.577850794731666610e+02 7.046815701205499636e+02 7.286786346510605199e+02 7.265557123885494093e+02 7.066111341899669469e+02 7.633631289624515830e+02 7.782699007575899941e+02 7.736035127555941244e+02 8.154301635477630725e+02 8.635966972274549107e+02 9.268727565337840133e+02
3.963827477294555024e+02 4.125295971552835113e+02 4.648472134946575238e+02 4.707229505501458107e+02 4.222292979203132290e+02 4.288245790277565561e+02 4.360178342208732829e+02 4.433848539662292296e+02 4.500924980169780270e+02 4.574979325839958619e+02 4.644707752039251432e+02 4.703388021487149331e+02 4.772034505601567389e+02 4.847551661821970583e+02 5.097365455841181756e+02 5.046141836311537645e+02 5.110978900508371794e+02 5.160879720378593447e+02 5.229963039263299152e+02 5.295980844969310510e+02 5.343550169010586615e+02 5.415027134117896139e+02 5.540878240664769692e+02 6.045800667389481760e+02 5.853197126597733586e+02 6.457602311263170805e+02 6.961760903823014814e+02 7.432161261232971583e+02 7.821167485554987024e+02 7.825651189652378434e+02 7.690500017358685909e+02 7.289632293057725292e+02 7.289632293124392390e+02 8.119977999923444258e+02 8.664210740725903861e+02 9.104765343948623695e+02 9.471856681391930124e+02
5.023721315393314057e+02 4.508330846164892023e+02 5.018252135726078791e+02 5.196620516203095121e+02 5.005367273537497681e+02 4.955177553852053052e+02 5.026672149139001817e+02 5.039808995491661676e+02 4.842370450078378212e+02 5.213120881747989870e+02 5.220022048936485817e+02 4.919801938548903877e+02 5.341573297502807236e+02 5.444913330806525664e+02 5.163543225856103618e+02 5.521786572817655951e+02 5.676921902440357144e+02 5.290745969816434808e+02 5.859802921029917115e+02 5.893673813014365805e+02 5.545997923151319355e+02 6.024040055024734102e+02 6.189263300496866123e+02 6.406980543665345067e+02 6.055666239906366854e+02 6.777159598855591867e+02 7.322462135645135959e+02 7.785924375144187479e+02 8.181757224227438883e+02 8.342760951534369269e+02 8.154379586790779513e+02 7.539211261727159581e+02 7.920428771687611516e+02 8.391673179864592385e+02 9.072130976000017881e+02 9.570225552822347481e+02 9.998222560120669868e+02
5.444295753383455576e+02 5.237932115806906950e+02 5.035254647488858382e+02 5.556256817525702445e+02 5.709329718202307049e+02 5.666367090903745520e+02 5.664072870003261642e+02 5.299552901760932855e+02 5.584882114294209714e+02 5.753609602843495168e+02 5.603926120090943641e+02 5.169597495346640699e+02 5.679008588695282924e+02 5.940640347779336707e+02 5.808137405034260610e+02 5.477566191437072121e+02 6.016972088917422070e+02 6.355611418415031721e+02 6.499772798109067935e+02 6.335048199104869582e+02 5.796610256248153519e+02 6.395663452969080254e+02 6.787454291748413198e+02 6.844660053315690220e+02 6.296756442271097285e+02 6.874745238647014958e+02 7.234767024306783014e+02 7.677771401096570116e+02 8.191275661099905392e+02 8.604095663920055586e+02 8.576822418069284595e+02 8.226934758202945659e+02 7.925362719951151576e+02 8.495592348794572217e+02 9.098905888792330643e+02 9.587757083687009754e+02 1.006516920936674410e+03
5.943286357406735760e+02 5.878357644331126721e+02 5.482536716764835774e+02 5.566992527997601883e+02 6.092215739590119483e+02 6.315579995969786751e+02 6.190354963015139447e+02 5.680992129998528526e+02 6.127043742784992446e+02 6.171971883199473723e+02 5.649378427710863662e+02 5.535581147399775546e+02 5.669982628445858381e+02 6.241313159686540075e+02 6.231950353397027129e+02 5.710239990297399117e+02 6.285457308971710972e+02 6.774355200357348394e+02 7.012897328981800911e+02 6.741879477420005742e+02 6.077988736890632708e+02 6.774652132147579096e+02 7.231152232665613155e+02 7.288072428587774994e+02 6.937996601172889086e+02 6.577511721493755203e+02 6.577511721560422302e+02 7.207147811764147036e+02 7.893338850833750939e+02 8.611355435754928749e+02 8.994579445796616710e+02 8.904816624120952611e+02 8.577349461493904528e+02 8.303356364190169643e+02 8.688570308590677769e+02 9.155287019579546950e+02 9.701008197259635608e+02
6.453724631830685894e+02 6.414086483681767277e+02 5.970586767238693255e+02 5.964337153816829868e+02 6.425781057808076184e+02 6.809696092095176709e+02 6.637077761013615600e+02 6.106293007595432982e+02 6.525751138996481586e+02 6.525336536808529218e+02 5.989432062862567818e+02 5.912395713720861750e+02 6.007546655813881671e+02 6.551602799483708850e+02 6.556240642222164752e+02 6.023638641636594002e+02 6.114423677889390092e+02 6.738644373420282818e+02 7.248631156319620459e+02 7.045729650662254926e+02 6.371569991690720371e+02 6.932778569055622029e+02 7.500636884656896655e+02 7.722131065369997032e+02 7.461429516999692169e+02 6.831929094995833793e+02 7.142053532380733714e+02 7.286547297144873028e+02 7.841334536369043917e+02 8.527835064025711063e+02 9.236204525273310537e+02 9.425955462120882657e+02 9.136512235702995213e+02 8.727192078384941851e+02 8.772715313644122261e+02 9.443044433852993507e+02 1.003540772520354267e+03
