output/field_example_lateral_ON/elevation_000092.asc
nrows	150
cellsize	66.66666667
xllcorner	0
ncols	150
yllcorner	0
NODATA_value	-9999
[rows 68 to 84 of 150, columns 0 to 36 of 150]
-8.684786081567235499e-03 6.234594499970025083e+01 1.195253583970771416e+02 1.639371741882710865e+02 1.994215572747903309e+02 2.418796540746438097e+02 2.949527441498546523e+02 3.443754245378788710e+02 3.931717953268330916e+02 4.272561292581891053e+02 4.314448453705250017e+02 4.245625180323049790e+02 4.694825794971068262e+02 5.205780907718661865e+02 5.571949457080926322e+02 5.835171521200749112e+02 5.831177233780691722e+02 5.683092240526588057e+02 5.679248933820772436e+02 6.002793821764713584e+02 6.026308412009113908e+02 5.739605634606273270e+02 6.095008394452065659e+02 6.289644197910726007e+02 6.150072410520195945e+02 5.735561699584688995e+02 5.126102201462754238e+02 4.549626277364554880e+02 3.996746427681894716e+02 4.127079284253604214e+02 4.839733849322432775e+02 5.468816664940972032e+02 5.993692053173085696e+02 6.012313366281326807e+02 5.373992160787768171e+02 4.552060079903423002e+02 3.767680384947361745e+02
-8.241558885535267900e-03 5.535906014291441579e+01 1.165431730994357906e+02 1.799424413705021664e+02 2.402250827573311653e+02 2.859072809575791325e+02 3.240834742632328016e+02 3.510756492178716712e+02 3.696956447462979440e+02 3.736740941464338448e+02 3.711277111103020729e+02 3.635494088093656160e+02 4.134655108387997871e+02 4.631257892484310901e+02 5.140071808776535818e+02 5.715515517134859920e+02 6.106233688435918339e+02 6.229994429260491415e+02 6.264645315011791809e+02 6.407412200972353276e+02 6.457871533193732603e+02 6.392955567644518169e+02 6.452830908440972735e+02 6.239693222309759904e+02 5.807829598971604810e+02 5.204282806642220294e+02 4.632680731252184501e+02 4.037209010081464839e+02 3.495232964447732797e+02 4.049871569486819567e+02 4.472690479737278793e+02 5.051985230803510944e+02 5.631069384749500841e+02 5.902693492515481921e+02 5.563016361831465701e+02 4.783375732191178145e+02 4.027257071259986105e+02
-1.127182211337317969e-02 5.777188569493411308e+01 1.191590676023873101e+02 1.825973163556095926e+02 2.354874038562267629e+02 2.790650246907924270e+02 3.020177324960777696e+02 2.972599961748997544e+02 3.068958410471043408e+02 3.118373165613400602e+02 3.158376176202417014e+02 3.127760837440314390e+02 3.586058324173630467e+02 4.071525768462905717e+02 4.685058268065336620e+02 5.324278042991415987e+02 5.937080612379222657e+02 6.131645337516692962e+02 6.061889610938619626e+02 6.127964442702892711e+02 6.232861077932407170e+02 6.367797218023234791e+02 6.315522194091610118e+02 5.906193998240105429e+02 5.288612046183412758e+02 4.719582047174156969e+02 4.152940458740334861e+02 3.649557017621078785e+02 3.148810055912434791e+02 3.592912695236604463e+02 4.060566362574152777e+02 4.589394767638226540e+02 5.121302582678330282e+02 5.638719523801757987e+02 5.703467042557824698e+02 5.286806063318748556e+02 4.681465659790368932e+02
-1.152530564058327697e-02 5.650808918711594941e+01 9.869176837339122699e+01 1.389121682210548272e+02 1.892892635824661056e+02 2.348798262539680195e+02 2.431933706314671895e+02 2.261921222364116488e+02 2.395891768246894458e+02 2.534419672992956976e+02 2.671810431785598325e+02 2.709774043918736197e+02 3.109261512122547515e+02 3.614522125420239149e+02 4.254959808329709858e+02 5.007784009604309290e+02 5.636561746434181259e+02 5.638808636145403170e+02 5.315336270544175932e+02 5.389811371676070166e+02 5.521024933051456856e+02 5.908163679250538962e+02 5.966027142872857212e+02 5.432450547533711642e+02 4.825379171697180141e+02 4.227478027273085672e+02 3.741113437981926495e+02 3.293492599246736745e+02 2.871278550430207588e+02 3.245444324271757637e+02 3.619513065611261595e+02 4.061343536306987971e+02 4.650795380361373077e+02 5.275530879684761203e+02 5.654327283399893531e+02 5.645590184454307519e+02 5.286514849738703106e+02
-1.175763134753366607e-02 1.448470174428311097e+01 3.327443145128869872e+01 9.204373434854221614e+01 1.389144567901850849e+02 1.743454837244035502e+02 1.867817646616469176e+02 1.544422790554436631e+02 1.773133957143408850e+02 2.024222736833349359e+02 2.298738772552769660e+02 2.772678113626499226e+02 3.329571466284884877e+02 4.017154806221763010e+02 4.709392014241968809e+02 5.213754808542017827e+02 5.369903464849364809e+02 5.080170230540517196e+02 4.572271187514920712e+02 4.647010450308092118e+02 4.828241525654264592e+02 5.408229930274069375e+02 5.637897226689358376e+02 5.095111539850740314e+02 4.402151944998045678e+02 3.815113936898609950e+02 3.338391633138634802e+02 2.954728623362434519e+02 2.649276405052528958e+02 2.838944450300676863e+02 3.130864789859084567e+02 3.577528764639369570e+02 4.151225442220302284e+02 4.723348806709894347e+02 5.339647455652033159e+02 5.718098632289909347e+02 5.609243761540503783e+02
-1.201290963283170934e-02 5.456886940537512487e+01 8.286375085125300188e+01 5.989166221279111824e+01 7.753531609454670104e+01 9.745448418570190086e+01 1.198446346795583537e+02 1.852196798376780009e+02 2.275466147321280630e+02 2.693026032763316948e+02 2.808782150830373894e+02 3.222901430439678165e+02 3.786758771365458642e+02 4.381820113902619482e+02 4.993476700059972586e+02 5.247280172031843222e+02 4.993847062339397667e+02 4.451386412536283501e+02 3.917780326185337572e+02 3.989783943052592008e+02 4.228799547379101114e+02 4.999339922657633224e+02 5.410222900229995275e+02 5.233700201331539574e+02 4.746232124938262018e+02 4.250506528164806923e+02 3.808966408017766412e+02 3.391531934025004489e+02 2.921631646351215181e+02 2.401925062728984130e+02 2.655882127699225634e+02 3.072421762035359052e+02 3.587250920103012390e+02 4.135005233590721900e+02 4.880537665586697926e+02 5.539968862102380172e+02 5.570567863050691813e+02
-1.199887497776694519e-02 6.166081794910456892e+01 1.158736148725164696e+02 1.327312146244098301e+02 1.384277174807318715e+02 1.664080997396624753e+02 1.543669216433276006e+02 2.211092965490750260e+02 2.746809977901028788e+02 3.102181293167795957e+02 3.512557825643635852e+02 3.719590866468437866e+02 4.256070259188877003e+02 4.825036842111735496e+02 5.168379281500131128e+02 5.047243875738781185e+02 4.500721396613834031e+02 3.928150820741326470e+02 3.359946218666421487e+02 3.408186133516250607e+02 4.046393263867235532e+02 4.599731070426856263e+02 5.135185092247448893e+02 5.098531191530196338e+02 4.640187137484309119e+02 4.173795536818620917e+02 3.768533740195716746e+02 3.335426653703123065e+02 2.808481259819384945e+02 2.382092906448743292e+02 2.145192991204462771e+02 2.555251252481321558e+02 3.137611636101342469e+02 3.943235383240952956e+02 4.749179431012440773e+02 5.388993442223115835e+02 5.367752895239498230e+02
-1.122446389279054685e-02 5.841940821629061986e+01 1.205212415415505660e+02 1.765038232104742235e+02 2.076044484093558253e+02 2.246727352551198464e+02 2.184749936061428741e+02 2.209501638091049642e+02 2.772948080276461269e+02 3.398750415285379063e+02 3.969688315638587710e+02 4.356401691209896967e+02 4.789629232154518377e+02 5.124360171588516550e+02 5.144123335507325692e+02 4.752693708520002929e+02 4.092938016133555834e+02 3.436130432512392758e+02 2.894722856920822665e+02 2.992193457657921272e+02 3.574139219533632286e+02 4.251101950959214832e+02 4.872380625077350373e+02 4.843166415581118258e+02 4.216979913032785703e+02 3.569849541916011617e+02 3.248848776844498616e+02 2.894555712104844361e+02 2.484879311866735634e+02 1.900507911707610731e+02 2.313909411533067271e+02 2.866439017716432431e+02 3.372018888878380949e+02 4.066741997438099361e+02 4.801642204475051585e+02 5.283736436480002112e+02 5.197441124623999258e+02
-1.173531440923656494e-02 5.334610443664580970e+01 1.137216746441193607e+02 1.790588429375734165e+02 2.412197894896741843e+02 2.802954183993114725e+02 2.838511402944875499e+02 2.824032725194352906e+02 3.232328972908402420e+02 3.814875033924163859e+02 4.376693336817414206e+02 4.869435581910979636e+02 5.135345542450702396e+02 5.191531527056064306e+02 4.899192162334329055e+02 4.312842709506505230e+02 3.703447808863166415e+02 3.064383846635574287e+02 2.489635127400584338e+02 3.041685029138537857e+02 3.650574213784326503e+02 4.215025697345563458e+02 4.693875618366436697e+02 4.641644606579284300e+02 4.023888980965025439e+02 3.323634019979357390e+02 2.664642558202821760e+02 2.348149532350286961e+02 2.030372050000755166e+02 1.728479345396679605e+02 2.171609903526275502e+02 2.684967092542201499e+02 3.274799545026287433e+02 3.949419907207776532e+02 4.573213852389121143e+02 4.943005959758814356e+02 4.928147770679277642e+02
-1.171360642527858459e-02 5.125184670939022169e+01 1.089408221582093574e+02 1.734172475962322437e+02 2.406414227091872817e+02 3.023066776712204273e+02 3.380718125189010266e+02 3.512552747731616591e+02 3.843371056658101566e+02 4.275664339764670672e+02 4.792738615462003509e+02 5.090062807485264784e+02 5.070562089105775385e+02 4.866492937746529606e+02 4.467210908621800058e+02 3.904728363967271889e+02 3.287618124287499199e+02 2.735523204543064821e+02 2.192978497884796525e+02 2.829142135846433348e+02 3.206506880311818009e+02 3.844922058750547649e+02 4.451857834278526411e+02 4.444980503254864743e+02 3.925779339467810019e+02 3.293360173324747961e+02 2.637658044911327693e+02 1.927032210640965673e+02 1.499088706589444655e+02 2.080000702006384756e+02 2.593950175972436227e+02 3.086631545858484174e+02 3.611429594251019353e+02 4.079726342141001396e+02 4.320408344172996635e+02 4.335217172991238499e+02 4.448849526800506169e+02
-1.115404137828404293e-02 6.445404600372447135e+01 1.203244695532840467e+02 1.826145608051418208e+02 2.386455988842237161e+02 2.934697883118072923e+02 3.455215383069846666e+02 3.937423091213457269e+02 4.356432956173292155e+02 4.693308643717722362e+02 4.955332191640077326e+02 4.888211268735415729e+02 4.609039540162786466e+02 4.202674726038850963e+02 4.116211313564555780e+02 3.490498838854765609e+02 2.926524133399930747e+02 2.403069179335888350e+02 1.919174499627294210e+02 2.366125558161562594e+02 3.011187349692658017e+02 3.678828851769228550e+02 4.241905420676129097e+02 4.200713566498326372e+02 3.571058760585935943e+02 2.895984438246201762e+02 2.308687051018648333e+02 1.927656593983187747e+02 1.342623174077327803e+02 1.972338113289829380e+02 2.583248771755933149e+02 3.069095656327182837e+02 3.582360067208481951e+02 3.762259278327289280e+02 3.673545205026632061e+02 3.606918734633213148e+02 3.855044620711133803e+02
-1.178002420836382971e-02 3.368468445774547604e+01 1.057412285183850145e+02 1.427368352013849631e+02 1.911133407033392473e+02 2.478356361256994944e+02 3.124982474945574040e+02 3.807467130804190560e+02 4.350946051832214039e+02 4.579577678038994009e+02 4.660901402488816530e+02 4.403063200838001308e+02 3.930465782334240998e+02 3.502108206834539033e+02 3.710218910446635050e+02 3.355956629081024971e+02 2.615041269654583971e+02 2.060145057552534240e+02 1.680855731007665668e+02 2.382138264899092519e+02 2.994992816303382028e+02 3.551235360618360914e+02 3.984416277335399172e+02 4.001975769131761353e+02 3.556445407829861551e+02 2.948985231077865592e+02 2.307381899778308139e+02 1.615042008540274594e+02 1.198492865289920388e+02 1.834660544273456821e+02 2.270355631949525446e+02 2.892643331775825573e+02 3.241854381742817282e+02 3.121760548211938726e+02 2.954274110757045833e+02 2.889330341899466248e+02 3.287225540297670818e+02
-8.429305900722564027e-03 6.100006799177671724e+01 8.501669122289916913e+01 1.348830082915692117e+02 1.904618154546089954e+02 2.531211563357035743e+02 3.210539658307152990e+02 3.782380789798513092e+02 3.985541416703015329e+02 3.983733457470698909e+02 4.131009193655904710e+02 3.768265662412545680e+02 3.313383832489641350e+02 2.844536826302602321e+02 3.274746669042114036e+02 3.236090090819939178e+02 2.655899544264487417e+02 2.032086977076652090e+02 1.460392924426602974e+02 2.055355139819646126e+02 2.553770793082806279e+02 3.077513611877352560e+02 3.561366356450571971e+02 3.582134136708726260e+02 3.225459475184622988e+02 2.605597234627584839e+02 1.966697358764340606e+02 1.538068745749270647e+02 1.068598758969620377e+02 1.514420000985845718e+02 2.100873665269732555e+02 2.628750126441967154e+02 2.756060017638875479e+02 2.427297073024493557e+02 2.296059837849725511e+02 2.277012928672539829e+02 2.759052157777452976e+02
-8.513343604348211704e-03 6.758606330077442692e+01 1.308816290864817518e+02 1.823734336033522254e+02 2.368054540226439428e+02 2.915908328210755371e+02 3.357177348582964100e+02 3.493880094212506151e+02 3.311054939203748404e+02 3.247200050960012732e+02 3.513214320838758908e+02 3.247210974247809077e+02 2.736394130277212184e+02 2.289169736445730905e+02 2.857919989776514171e+02 3.052328075367080942e+02 2.578626786173080063e+02 1.923373369797067767e+02 1.257184057269283102e+02 1.563302632461976884e+02 2.010049078534725311e+02 2.635895532316274057e+02 3.029236952373937584e+02 2.969666398887005130e+02 2.982340690855571097e+02 2.661049557201421862e+02 1.991158943562706725e+02 1.217769556281246821e+02 9.467038325058608450e+01 1.505748616388401615e+02 2.030669964502731659e+02 2.352836894144478777e+02 2.273928349089711958e+02 1.818983319217639689e+02 1.729866585311937399e+02 1.765224044156377943e+02 2.238651128303589815e+02
-5.270896034345906069e-03 7.197046118342575483e+01 1.342704608754241349e+02 1.810070054175344296e+02 2.418497476859573965e+02 2.989754593470404984e+02 3.189210751841118849e+02 2.992649277690179588e+02 2.561533791522462025e+02 2.516615014583542802e+02 2.933606636191645407e+02 2.870808411459624949e+02 2.300884123777136381e+02 1.818004452913666285e+02 2.443112872459510072e+02 2.771669993283294389e+02 2.584993196213497981e+02 2.042247652792282793e+02 1.457831488284146531e+02 9.604074272614204233e+01 1.600617221468827722e+02 2.290467055199733011e+02 2.435015403003177710e+02 2.288330186585546073e+02 2.437706586790733922e+02 2.438150264843993114e+02 2.060607309590390059e+02 1.462178811175376723e+02 8.225617406547938515e+01 1.386429165939370307e+02 1.713191755680171582e+02 1.894079753159128074e+02 1.788971009236178418e+02 1.302195468499832316e+02 1.246522936314297283e+02 1.341106707642273932e+02 1.713360107406517159e+02
-5.147164454313885203e-03 4.450898929645549629e+01 9.912240384770956325e+01 1.660208039164146214e+02 2.298577807245033853e+02 2.793891756086202918e+02 2.777779314878174546e+02 2.367313769205432834e+02 1.900588133801786626e+02 1.892863406049114019e+02 2.399374324658964497e+02 2.459753404807750314e+02 1.961615439278848783e+02 1.414063477954611585e+02 1.968353449211363397e+02 2.378076261798659345e+02 2.276442180032219653e+02 1.955757203889099856e+02 1.375528095310961305e+02 7.609766106551336406e+01 1.409733032904169931e+02 1.894818085842054245e+02 1.949963150657408733e+02 1.607117639735254500e+02 1.840331190394392991e+02 1.902831620374068962e+02 1.780879949389490946e+02 1.343630957324846804e+02 6.823112398852738636e+01 1.001471727114380457e+02 1.308137470449751163e+02 1.298139927745161515e+02 1.273748125313989732e+02 8.615417412838378652e+01 8.108733253749667824e+01 1.098238727488623709e+02 1.165735773016122039e+02
-1.538278403899988236e-03 5.671348013323403592e+01 1.179029105449025536e+02 1.781369614013437968e+02 2.183852695920062956e+02 2.360690469484295022e+02 2.249914110947375150e+02 1.850609134608840520e+02 1.363806292983928188e+02 1.375497298300697366e+02 1.900890855512409701e+02 2.024648105581804600e+02 1.600291789408434227e+02 1.065869009393671121e+02 1.572048074921171690e+02 1.854570848262858078e+02 1.645875316137092170e+02 1.552754899727787858e+02 1.190028858476376001e+02 5.755496693950570375e+01 7.401298706151393958e+01 1.359481932661316534e+02 1.351608319098243953e+02 9.866307154184738692e+01 1.376286961157399560e+02 1.276860210935389972e+02 1.196595376239419153e+02 5.142644809814656526e+01 8.583569877620507782e+01 5.406037088030751647e+01 4.661950606592662893e+01 6.804814956397801495e+01 6.669978446260167004e+01 4.669509344627581271e+01 4.804389530146261933e+01 4.957737613813871747e+01 5.564733590043778833e+01
