output/field_example_lateral_ON/elevation_000060.asc
nrows	150
cellsize	66.66666667
xllcorner	0
ncols	150
yllcorner	0
NODATA_value	-9999
[rows 34 to 50 of 150, columns 37 to 73 of 150]
4.326302665226984914e+02 3.591361351560979642e+02 3.076151482322059678e+02 3.722314961117767211e+02 3.883953725186239012e+02 3.243055214319950892e+02 3.823904975459515754e+02 3.636782299581944926e+02 3.931972936404163761e+02 4.291074897585700683e+02 4.810515942092249588e+02 5.405699991615402951e+02 6.104135954640859154e+02 6.826284664927774202e+02 7.142536519773925647e+02 6.826480042023855503e+02 6.123063768218154337e+02 5.926729016852939367e+02 5.979766785047743269e+02 6.423583925736942319e+02 6.935750562384261002e+02 7.197898225062200481e+02 7.511133696510676145e+02 7.635529519974439836e+02 7.423567418888017073e+02 6.976439655039989702e+02 6.363755549935293629e+02 5.774991839712895398e+02 5.248355859099273175e+02 4.742913820946019428e+02 5.228644151207420236e+02 5.247809687646141583e+02 4.739085213833412809e+02 4.096912576071109697e+02 4.344726853228021923e+02 4.812585833963494224e+02 5.236261541554238192e+02
4.418296645341300746e+02 3.941728680996562844e+02 3.251072861064544099e+02 3.946233656295137280e+02 4.267015242691945787e+02 4.105592799621819040e+02 4.340423331721555087e+02 4.324128369867477772e+02 4.136597359720285567e+02 4.565612041213434509e+02 4.840431213616001855e+02 5.311709171933475773e+02 6.001576923515879116e+02 6.732843770907711587e+02 7.310959725267334761e+02 7.207377812213748030e+02 6.699056160089627383e+02 6.573563423284567762e+02 6.609923690568549546e+02 6.991552168950455552e+02 7.388698721781580616e+02 7.773303879746920302e+02 7.901020459463885572e+02 7.649821608453767112e+02 7.144631546725194085e+02 6.502652106842267585e+02 5.943360159825551818e+02 5.402668455739343472e+02 4.903774936696272562e+02 4.392357748209476540e+02 4.699434830900381712e+02 4.783814767161266559e+02 4.345129150120005761e+02 3.738958645311200257e+02 4.243587352743334122e+02 4.433289986234889284e+02 4.919601601869794649e+02
4.619584466756190864e+02 4.026059898010955749e+02 3.420690111810549183e+02 4.025342821978303505e+02 4.576533068432228788e+02 4.817294590224740318e+02 5.062044310506376519e+02 4.997265646534339680e+02 4.543152228871376224e+02 4.924813181214026372e+02 5.308040071052579378e+02 5.721381473357959067e+02 6.155321722806683056e+02 6.851397919701634009e+02 7.543570951960468847e+02 7.667970689046328516e+02 7.349482380815737770e+02 7.270729808382177453e+02 7.314936908292465887e+02 7.592984158100139211e+02 7.832243855568118533e+02 8.032528226176380031e+02 7.963325960688941905e+02 7.454450741258414155e+02 6.729677028748698149e+02 6.050063588638328156e+02 5.470688713156999938e+02 4.993239201695691349e+02 4.591098666454990962e+02 4.254193340296675956e+02 3.969826991048196874e+02 4.225272186407840991e+02 3.936317649932728386e+02 3.438612182091437148e+02 3.772342899578185325e+02 4.315086386419249607e+02 4.529750874382532970e+02
4.639692150499814147e+02 4.191090521213867532e+02 3.617257738813372612e+02 3.906965413629503701e+02 4.496748550477915387e+02 5.076304168484276715e+02 5.537710422615596144e+02 5.500356575587682073e+02 5.025624939204935799e+02 5.411421164165703885e+02 5.810103968308598041e+02 6.230696677476090599e+02 6.737168822361845741e+02 7.282779655783159569e+02 7.888537142656572314e+02 8.117140025861887125e+02 7.969786674324416254e+02 7.849383127748490097e+02 7.806120346460531891e+02 7.797691681422251122e+02 7.726130964372134713e+02 7.770326997365036732e+02 7.771431334054741455e+02 7.566998813541322306e+02 7.099179643884120878e+02 6.487799513411168846e+02 5.981613291195974398e+02 5.544054620929581461e+02 5.148754651871771557e+02 4.738624064546570480e+02 4.169110759051669675e+02 3.607659084124930473e+02 3.371691172435755561e+02 3.166254590098583890e+02 3.486465603237841719e+02 3.870524729423767667e+02 4.469922663418938100e+02
4.178391610360516779e+02 3.891158398249048673e+02 4.229971342173745938e+02 4.534342291104106835e+02 4.467778524075637279e+02 5.105685856187582772e+02 5.718048540178734811e+02 5.922126444612690648e+02 5.602246428811743044e+02 5.963030846559694282e+02 6.412803566592479001e+02 6.849882683481733920e+02 7.304968848328107924e+02 7.839766708053035700e+02 8.207680362032527910e+02 8.262390388175459748e+02 8.003408353884655071e+02 7.731015394291698613e+02 7.507706581050498471e+02 7.364359215016821736e+02 7.021690500363941965e+02 7.074475144267339601e+02 7.177677204142655683e+02 7.373235034114777591e+02 7.284045477754461899e+02 6.899456667713280922e+02 6.447594406200339563e+02 6.005245188393752187e+02 5.567633427610275021e+02 5.076694199860001504e+02 4.509826906202482064e+02 3.942601972761785305e+02 3.547108553646747851e+02 3.166254590031917360e+02 3.834663293104268291e+02 4.327853746936602874e+02 4.637623184517362915e+02
4.217243729359693702e+02 4.185106773429698137e+02 4.709628835627895000e+02 5.099048389978624414e+02 5.055968513934664088e+02 5.092695761566457691e+02 5.711622703392555422e+02 6.298076041575416184e+02 6.260945096878476761e+02 6.637795210161438035e+02 7.027300470899890570e+02 7.506554722867550709e+02 7.896381066124763493e+02 8.223411180174183528e+02 8.304109098894415411e+02 8.004942981378903823e+02 7.496459504859629988e+02 7.079132159827054238e+02 6.736660685139422640e+02 6.715040599775281862e+02 6.266762629224134571e+02 6.337517393597833006e+02 6.469430560905432230e+02 6.925398827831206745e+02 7.148741003661937157e+02 6.904230649405304803e+02 6.415550490451279302e+02 5.915837727284856555e+02 5.449423862137447259e+02 4.959929613993184034e+02 4.307341855055937003e+02 3.605199905935276661e+02 3.063079566999032295e+02 3.028288398551362661e+02 4.110720863479224363e+02 4.696704644367794685e+02 5.164786911554455173e+02
4.466723021735999737e+02 4.522342458172993815e+02 5.099905982529155608e+02 5.562968216608734338e+02 5.667848107638106967e+02 5.625847756424411727e+02 6.093061137203840190e+02 6.652940999610293602e+02 6.962738238198984391e+02 7.344253808318957226e+02 7.639131653583259549e+02 7.906045577323210409e+02 8.151849704401180361e+02 8.312018254852241625e+02 8.082107394304896388e+02 7.509862469013531836e+02 6.958925337198348871e+02 6.410306955350839644e+02 5.991061005647392221e+02 6.057099431000639242e+02 5.586401156776428252e+02 5.679642332574368311e+02 5.830029974020795862e+02 6.359391664627693217e+02 6.820142170760346971e+02 6.634606458650682725e+02 5.991427608487907719e+02 5.396339760043380238e+02 4.886455994456374583e+02 4.478250739244327860e+02 4.143785578789268129e+02 3.493087024228785253e+02 2.827943302123882177e+02 3.470210728687022197e+02 4.028132050777059021e+02 4.538640584139735665e+02 5.059499179064423515e+02
4.806524246572712968e+02 5.157961377120143425e+02 5.120104344029988397e+02 5.801938140905483579e+02 6.229723681314599162e+02 6.271208622267804458e+02 6.695888351825519749e+02 7.133578956516554399e+02 7.562500864829692091e+02 7.776882913031184899e+02 7.834448812996707829e+02 7.754336848940322398e+02 7.688998788445551327e+02 7.941672132678942262e+02 7.729977151299684692e+02 7.056281322702636771e+02 6.410579079059996275e+02 5.908076062458513888e+02 5.383652781438732973e+02 5.403487210649093413e+02 4.989287560819192890e+02 5.108356135444094548e+02 5.287706957983128859e+02 5.958438179776006791e+02 6.545934964105528024e+02 6.376766690225325647e+02 5.634086662234020650e+02 4.901714308351378691e+02 4.300641756363542640e+02 3.799374060820463228e+02 3.752075809720221287e+02 3.332192608874917141e+02 2.682326052788197330e+02 3.060897058283607066e+02 3.496368068863357621e+02 3.988220087491245067e+02 4.544259581058514641e+02
5.228579729930884241e+02 5.693764143378468816e+02 5.644647663244531941e+02 5.829325182143991242e+02 6.499193477272762038e+02 6.929349478547012495e+02 7.348051181908284661e+02 7.643769122198555124e+02 7.820867234716210987e+02 7.722542307706465863e+02 7.459804260304962327e+02 7.089199618364004891e+02 7.055197044040104402e+02 7.465284489990334578e+02 7.389774751143237381e+02 6.664411506424636400e+02 5.921762326305533861e+02 5.428371926261161207e+02 5.045444187157541478e+02 4.662951591963771421e+02 4.478019024381724194e+02 4.605620799753459664e+02 5.235747098671058666e+02 5.884611291503894108e+02 6.414285569903661326e+02 6.295864229540475208e+02 5.632874910258623231e+02 4.917198698147179243e+02 4.271701648779824723e+02 3.685915415206025614e+02 3.145086865421257585e+02 2.987623863310556089e+02 2.559033072349447764e+02 3.154144366491061646e+02 3.645033941547135896e+02 4.130622110115068040e+02 4.657860754789824114e+02
5.743235566523771922e+02 6.225352224725967289e+02 6.218051657375041259e+02 6.370317591966794453e+02 6.918381324955640821e+02 7.457713195400023096e+02 7.732466478748414147e+02 7.753827695886035372e+02 7.571751508896139740e+02 7.281530627461221457e+02 6.826599930234572184e+02 6.393661811110650888e+02 6.463792604374513076e+02 7.026194433437611906e+02 7.187315216782299103e+02 6.579310766588656634e+02 5.796973641436158005e+02 5.062844589380379148e+02 4.578623555307814286e+02 4.370485964016021967e+02 4.057354587906980328e+02 4.720520979270343673e+02 5.310354389196036209e+02 5.843177674641192425e+02 6.260953784942676066e+02 6.254318774771597873e+02 5.671667471599275814e+02 4.976262383590096761e+02 4.332349528955884352e+02 3.744425519299487632e+02 3.159760075650821705e+02 2.670379052116289245e+02 2.438119023908783163e+02 2.797047177176692685e+02 3.214259637602041266e+02 3.688515855700080124e+02 4.211250443094907041e+02
6.413552106900127683e+02 6.832182153628552896e+02 6.860473432418118591e+02 6.999574563152375504e+02 7.469099161845686012e+02 7.752289757676666113e+02 7.706213013442187503e+02 7.403830925871475301e+02 6.955924814060495009e+02 6.595910252573512480e+02 6.249041830037226646e+02 5.772093632680326891e+02 5.943851035458088745e+02 6.628652648350748677e+02 7.051813184430617412e+02 6.660304688559941724e+02 5.902454648423461094e+02 5.172547056250423338e+02 4.562374356884622557e+02 4.026284007738151445e+02 3.792840501437536886e+02 4.420713785378246143e+02 4.949731586130405390e+02 5.443727024406732653e+02 5.961877834789191866e+02 6.176831233281816367e+02 5.770733670747861197e+02 5.084755420324635793e+02 4.442979767538068927e+02 4.018537857059949374e+02 3.532785457560133295e+02 2.965082854489247097e+02 2.340867283739564755e+02 2.951730614372294212e+02 3.438967760365648587e+02 3.923581408902067551e+02 4.381834554769486658e+02
7.178390217005703562e+02 7.502450771328626615e+02 7.559718477023961896e+02 7.674284737702158736e+02 7.862680222689888296e+02 7.752226565409192744e+02 7.367384867137307083e+02 6.816945946396284626e+02 6.333703251044865965e+02 5.882261849513849938e+02 5.802301828534315291e+02 5.239198583867002981e+02 5.873794896345356165e+02 6.455800600533399347e+02 6.841250090821004051e+02 6.623205103698589937e+02 5.915258387917431264e+02 5.181360760093924682e+02 4.548652844595841884e+02 4.017563222570522612e+02 3.572021348048667733e+02 4.075880174193338235e+02 4.495562466182344679e+02 5.013562413261619213e+02 5.533687620210210980e+02 5.936501517061165032e+02 5.669821116872907396e+02 4.975332173562495655e+02 4.266672924666308973e+02 3.634280258783149975e+02 3.368637172147492720e+02 2.876905997657210037e+02 2.223963724742040995e+02 2.740308447441161661e+02 3.241573898582717561e+02 3.471732966898553627e+02 3.994342677716364278e+02
7.953756719656348650e+02 8.105575569839594436e+02 8.179097532276809943e+02 8.194704756298187931e+02 7.963388289056127860e+02 7.483423438719297565e+02 6.838831162352159936e+02 6.268543732385093108e+02 5.722614790846165533e+02 5.278427115038866759e+02 5.347377374272748511e+02 4.831949679880696635e+02 5.456991847596029857e+02 6.039853908827649320e+02 6.557775071101316371e+02 6.541847611966629756e+02 5.911935426811966181e+02 5.168692032022181593e+02 4.494189065943643868e+02 3.907838250161644282e+02 3.389893379306054726e+02 3.643176195566283013e+02 4.045499917215255437e+02 4.578508068410426972e+02 5.189786244825057793e+02 5.682806828675700217e+02 5.531711849009608386e+02 4.855317524773765854e+02 4.124566621018795445e+02 3.464541282672134344e+02 2.880240019080653155e+02 2.459319435256359441e+02 2.110330652209483446e+02 2.410427078340908906e+02 2.807445051907438938e+02 3.378325074175666032e+02 4.010667500803241978e+02
8.300174264934242956e+02 8.288469542363737901e+02 8.293046612661571544e+02 8.244220676627502371e+02 7.767166758425213402e+02 7.058448397871845827e+02 6.354242712469892922e+02 5.734197376784063636e+02 5.213183933651411053e+02 4.774785621038664658e+02 4.883787614698794641e+02 4.469915282880588165e+02 5.044501594818797230e+02 5.663006780896827195e+02 6.228041647549346180e+02 6.443321197138028538e+02 6.010625555422773232e+02 5.270038216057890850e+02 4.559868896756740924e+02 3.954093068010767524e+02 3.577236142443883296e+02 3.129256899802466023e+02 3.667439015692758062e+02 4.246257797753773389e+02 4.885673871508699335e+02 5.435133633574045007e+02 5.425208239688107597e+02 4.808563006312389234e+02 4.096895759112140354e+02 3.457616418343540090e+02 2.914694140175934081e+02 2.454519868890166947e+02 2.024708451059521224e+02 2.601515371550645455e+02 2.976637789070081794e+02 3.479863470513952848e+02 4.087602033775096970e+02
8.025275332672542845e+02 7.775101802132204512e+02 7.777192003627936856e+02 7.960003550945249344e+02 7.799041779070296343e+02 7.204577716129605278e+02 6.506386597788634845e+02 5.889887878759892601e+02 5.376541339584367734e+02 4.973110467977878102e+02 4.311821661576099132e+02 4.156851040418639514e+02 4.706337558560243224e+02 5.255618328036115372e+02 5.757149953802139635e+02 6.178906466928323198e+02 5.951858851245305004e+02 5.250115476817609306e+02 4.502974178567582726e+02 3.820983274434451573e+02 3.272003464664722401e+02 2.949226961945783501e+02 3.375880291211996109e+02 3.932926119654410400e+02 4.590730470427601517e+02 5.169058221967962936e+02 5.328516593426538748e+02 4.802218196292420203e+02 4.100927363370603302e+02 3.454013621443139641e+02 2.909757517061249814e+02 2.527672850761572079e+02 1.928120074295500501e+02 2.446947179405019028e+02 2.897037460476580009e+02 3.524081911917915022e+02 4.186514347850313129e+02
7.626033841980103034e+02 7.156856434783517216e+02 7.085752420358994641e+02 7.486937446276627952e+02 7.672997117613447244e+02 7.416141571188602484e+02 6.877028726017624649e+02 6.269210029537144919e+02 5.579257579537793390e+02 4.918974945680388373e+02 4.338757898096403665e+02 3.901457789392450195e+02 4.357164959360591752e+02 4.735462665744323658e+02 5.380058365707466237e+02 5.879597816970297117e+02 5.842060380553704135e+02 5.223361290257391829e+02 4.491470326249500999e+02 3.826659596070515477e+02 3.269327003690489164e+02 2.815637770947781746e+02 3.419973994161131827e+02 3.885051442444728309e+02 4.292321384604280183e+02 4.848598641465979426e+02 5.166222152697014280e+02 4.825503654265800719e+02 4.116544947242053922e+02 3.416757869296479271e+02 2.800849688870786736e+02 2.246342767270193974e+02 1.828540105673053517e+02 2.067437590006866230e+02 2.843301304132405676e+02 3.588722623693545870e+02 4.223474162449313098e+02
7.154405650904965341e+02 6.581527401502991097e+02 6.420476383317551381e+02 6.890001381555281341e+02 7.352576817427309379e+02 7.377141070980499080e+02 6.829708244613283341e+02 6.135637840069962294e+02 5.451344749072919740e+02 4.805751447998109143e+02 4.219340218511829335e+02 3.714807192060620196e+02 3.876684834016455738e+02 4.500279480470545082e+02 5.007996815807379676e+02 5.514422660591641261e+02 5.671926584683598094e+02 5.271579987350344254e+02 4.539620102517877172e+02 3.815715011674544712e+02 3.190263355113642660e+02 2.677690430627608293e+02 3.141999197481720216e+02 3.404066470645568074e+02 3.898695788079554632e+02 4.487733837949244275e+02 4.979829200016483810e+02 4.757637896260845309e+02 4.081149970896055379e+02 3.395498434246547390e+02 2.815203100273071186e+02 2.360544946924858607e+02 1.750276687420100359e+02 2.347208395093865363e+02 2.964857739869907505e+02 3.624514761337026130e+02 3.968343576981291676e+02
