output/field_example_lateral_ON/elevation_000028.asc
nrows	150
cellsize	66.66666667
xllcorner	0
ncols	150
yllcorner	0
NODATA_value	-9999
[rows 68 to 84 of 150, columns 0 to 36 of 150]
-8.684786081567235499e-03 5.633061946734935077e+01 1.156083078298419764e+02 1.786401491094412393e+02 2.422081662683527838e+02 2.930335616947279505e+02 3.426512450885299472e+02 3.923662496461244586e+02 4.376450894604811879e+02 4.694550112487939373e+02 4.881776592182421268e+02 5.031741031386868030e+02 5.166143241041029341e+02 5.359312663253796245e+02 5.439154167541801144e+02 5.493200443102638246e+02 5.696677140025267363e+02 5.951422484871411598e+02 6.126188929955210369e+02 5.940803248104205068e+02 5.565397394093438379e+02 5.121800261564662833e+02 4.941587800757003492e+02 4.942264112234664140e+02 4.777207501301110710e+02 5.294825857249386445e+02 5.871206565446940431e+02 6.301204083474668778e+02 6.138248481054009744e+02 5.455631543050498067e+02 4.789166499935571437e+02 4.175652634476969638e+02 3.690160288942243483e+02 3.244771199282872658e+02 2.846550800374719756e+02 2.993733113690839787e+02 3.341947273289316627e+02
-8.241558885535267900e-03 6.533721751638915975e+01 1.173830353811862324e+02 1.822783786983089556e+02 2.476481534937641129e+02 3.035757778114790995e+02 3.575787557399557954e+02 4.051154624723670281e+02 4.255477222974066080e+02 4.156717365891296367e+02 4.212031031241905339e+02 4.326528795246923664e+02 4.446390719950572930e+02 4.788718492134249232e+02 4.760212351469832583e+02 4.748982071802068958e+02 5.071736544237601265e+02 5.461556539288581007e+02 5.893216337489593570e+02 6.070550591361351280e+02 5.973873366703770671e+02 5.812514527935777551e+02 5.648208573494058555e+02 5.664370778926099774e+02 5.383200301749767505e+02 5.820000495208273605e+02 6.306699094304760820e+02 6.500148847255870805e+02 5.966020736147332855e+02 5.085301089735164624e+02 4.263097891620270161e+02 3.673410059713270925e+02 3.204647142406454350e+02 2.810079679164520599e+02 2.474210086030994944e+02 2.526979524644682158e+02 2.682821619234412083e+02
-1.127182211337317969e-02 3.584504079018375933e+01 1.049915951944345238e+02 1.714136989178065846e+02 2.095122122483280407e+02 2.661246599487419076e+02 3.273853617410404695e+02 3.794543293384267599e+02 3.801003877670293605e+02 3.455576598513341082e+02 3.497963934596426725e+02 3.618285199897806024e+02 3.766777656640877012e+02 4.179399744611768597e+02 4.056140150093984289e+02 4.030244497190010975e+02 4.438690121942180440e+02 4.962384825020093331e+02 5.410302689671093503e+02 5.699644379000374101e+02 5.912029173191494920e+02 6.116957961835845481e+02 6.225163249012538245e+02 6.275860672102047602e+02 6.099231671349751878e+02 6.437663042316137307e+02 6.664703239923528599e+02 6.598013458967012639e+02 6.026220001110500561e+02 5.279360337557955063e+02 4.751169454271876020e+02 4.233495964825150395e+02 3.816584902956589644e+02 3.349269982015166534e+02 2.800391807340791388e+02 2.115925530501809533e+02 2.115925530435143003e+02
-1.152530564058327697e-02 6.231644183670036341e+01 9.125802661593391463e+01 1.378505661205452952e+02 2.026742158688433904e+02 2.633887802410741870e+02 3.163610003043800702e+02 3.357114734475868545e+02 3.265783502929286328e+02 2.807402995438057474e+02 2.860218521947549561e+02 2.996374077691212960e+02 3.204350440688061212e+02 3.643546909450448084e+02 3.414365121251332766e+02 3.459688130477682648e+02 3.979888007256093374e+02 4.509183553110332809e+02 4.936076380858876291e+02 4.982773217183420229e+02 5.349957489454008055e+02 5.841270054929317439e+02 6.237835646342684868e+02 6.568733885848266709e+02 6.691369726650322036e+02 6.795409438387250702e+02 6.694680907654175144e+02 6.470162662048719540e+02 6.190215797719866941e+02 5.759198077818440424e+02 5.246401380158482652e+02 4.670439511675043036e+02 4.009704671452496427e+02 3.374957565149006200e+02 2.763118945776205919e+02 2.720650850046287701e+02 2.434199529855908679e+02
-1.175763134753366607e-02 6.625003864209620019e+01 1.286182044989865574e+02 1.765760405532952291e+02 2.179209544600104209e+02 2.480342431112466102e+02 2.697511711206844325e+02 2.700043873563083707e+02 2.701243202609272771e+02 2.236856727402042395e+02 2.304777748495252752e+02 2.448715055336968476e+02 3.026593204588787103e+02 3.165304023493076215e+02 2.808242898249470159e+02 3.086134981370849459e+02 3.645858519283816008e+02 4.237834498153277423e+02 4.299657527021630017e+02 4.275268994811749508e+02 4.768186064978416994e+02 5.294959489167199536e+02 5.814350867394379065e+02 6.368186369406732865e+02 6.688139908288886772e+02 6.579955273447001218e+02 6.239832037430439868e+02 5.818948855675031382e+02 5.881073260622550833e+02 5.802199300070088839e+02 5.315013476266385624e+02 4.658739003757936530e+02 4.021427965484749052e+02 3.469088865849337822e+02 3.379264993945026276e+02 2.998309119456459939e+02 2.471110336156597498e+02
-1.201290963283170934e-02 6.527318186211667239e+01 1.245763187788461011e+02 1.594706429891558912e+02 1.733849778333546965e+02 1.827160266474125478e+02 1.904393603406768989e+02 1.978940953784752992e+02 2.126283843165881535e+02 1.737876629827799491e+02 1.815266988305230313e+02 2.385818211673203564e+02 2.668122024234921241e+02 2.575150606204913402e+02 2.415452261132626290e+02 3.055962823372453272e+02 3.647821877174905580e+02 3.888097252750140456e+02 3.643402642703679817e+02 3.690962434967114518e+02 4.265592198041812821e+02 4.799373131468748284e+02 5.383919731442845205e+02 5.958669624180894289e+02 6.392960279604146763e+02 6.145039650746689404e+02 5.568896424153289217e+02 5.075299200955347487e+02 5.198503171881498020e+02 5.448575087314992516e+02 5.421414158081017831e+02 5.039709662799070315e+02 4.496149491800381952e+02 4.100613904031637276e+02 3.794163355111721216e+02 3.367543584045922103e+02 2.902252121614223483e+02
-1.199887497776694519e-02 5.580183519235480105e+01 8.382078813504837456e+01 3.837190065628106339e+01 6.755840859494216488e+01 1.144954905832619545e+02 9.594800545717076545e+01 1.397439140900535506e+02 1.499014666530408988e+02 1.304785096505169690e+02 1.738080640337974216e+02 2.003651798461720261e+02 2.084123752969159113e+02 1.929087832423085445e+02 2.440989011199467598e+02 2.937396113771358159e+02 3.401396811570666046e+02 3.516788892164371418e+02 2.964572460797158442e+02 3.389852619550615600e+02 3.916396916805805972e+02 4.382294245473997307e+02 4.984045774798165667e+02 5.674093437421532826e+02 6.052612445165307236e+02 5.705151195362614089e+02 5.020385538338283027e+02 4.410856594129391510e+02 4.451494855418814041e+02 4.913289924179210288e+02 5.186628642178103519e+02 5.174169564711006615e+02 4.894605661922589093e+02 4.550633008995607725e+02 4.164151453811599595e+02 3.741174893426461949e+02 3.306323385178873764e+02
-1.122446389279054685e-02 1.020269366084108853e+01 2.172589201096955236e+01 3.338920512838370058e+01 4.442836947858638297e+01 5.664815737240862603e+01 6.741560364808721317e+01 7.932944548135724006e+01 9.088982316546649542e+01 1.038339476941166737e+02 1.181191371025294359e+02 1.342118440065210336e+02 1.496195387961315930e+02 1.656046272367509289e+02 1.863468388540075580e+02 2.507623692397177706e+02 2.985883106366808306e+02 3.171598947950937486e+02 2.964572460730491912e+02 3.301091645761762265e+02 3.715410519429372584e+02 4.335871305131603322e+02 5.026707900221074397e+02 5.684277299222662805e+02 5.775871066100735334e+02 5.243710887692694769e+02 4.589690447674752818e+02 3.869072843154802968e+02 3.780623066295339640e+02 4.261435843204690173e+02 4.718821027389603273e+02 4.814071994464688373e+02 4.746715859180048369e+02 4.444758094613634398e+02 4.054347783212048171e+02 3.645867744872755907e+02 3.238826582595602304e+02
-1.173531440923656494e-02 5.470774844211402410e+01 8.056704581763833062e+01 1.050089714865166144e+02 1.066973084857986009e+02 1.155959772862094184e+02 1.196528838274900863e+02 1.215835739730174936e+02 1.217963986163356083e+02 1.593933029258789986e+02 1.702010876390413898e+02 2.058916966014157595e+02 2.124696948055666326e+02 2.267057739942444812e+02 2.451111319498312753e+02 2.129764735022900766e+02 2.353487286963548968e+02 2.624080194977451583e+02 3.350115846752718767e+02 3.840684306252234705e+02 4.293355503120802723e+02 4.804454370967110890e+02 5.408933826517122725e+02 5.761512860091098673e+02 5.538176387044071589e+02 4.883484729121727810e+02 4.220775759873268385e+02 3.760585312219936895e+02 3.192545550826260978e+02 3.733245873895852469e+02 4.162942641153844647e+02 4.140227751500504496e+02 4.212098442801042211e+02 3.951209034125947710e+02 3.536427123246378414e+02 3.122526479447122938e+02 2.730185564970975065e+02
-1.171360642527858459e-02 6.304985751729004306e+01 1.216187979438703763e+02 1.605571143695156593e+02 1.712671499989897654e+02 1.808796541725528186e+02 1.803854037396243939e+02 1.807636948070193625e+02 1.871185121731956258e+02 1.734192177646754658e+02 2.216935670110020453e+02 2.664591790288428683e+02 2.813557845392148806e+02 2.926800626594235837e+02 2.939771408056726045e+02 2.451584620728292805e+02 2.899636438751517744e+02 2.963026219273529591e+02 3.576533817418501826e+02 4.243831722981659595e+02 4.810839703568154277e+02 5.322506944708993615e+02 5.696788053007622921e+02 5.704080108926635830e+02 5.262170363697509856e+02 4.543431828428277299e+02 3.846994044381979165e+02 3.278667124125544774e+02 2.793501933564930368e+02 3.231798454341821412e+02 3.558100589914665193e+02 3.415995871861574642e+02 3.541002136339241133e+02 3.539737171726603719e+02 3.028850705879859220e+02 2.572134927301513585e+02 2.183586536052443137e+02
-1.115404137828404293e-02 5.968062490310705925e+01 1.245183982221838477e+02 1.869758222760182207e+02 2.272069981365933984e+02 2.469513749460523684e+02 2.482595736102393857e+02 2.524717900077659181e+02 2.556344269959019186e+02 2.157099820294578478e+02 2.622266742817143950e+02 3.129801095144521810e+02 3.512804251922542562e+02 3.590015370433075077e+02 3.298083955584310161e+02 2.843626024575347628e+02 3.167217005101501854e+02 3.584466411106272972e+02 3.686804352450736246e+02 4.260152992445188715e+02 4.927002729744361886e+02 5.584372184040256570e+02 5.809037164769762285e+02 5.482522480794148123e+02 4.864854673773568265e+02 4.206941486456386201e+02 3.510568623920906361e+02 2.931900480600944547e+02 2.467498551982516517e+02 2.631218099427282482e+02 2.921657892134651320e+02 2.725780747323623814e+02 2.891448732357632707e+02 3.089289521852026610e+02 2.687566660084992805e+02 2.135156040085907989e+02 1.724049524919726650e+02
-1.178002420836382971e-02 5.598396027884539450e+01 1.188579751864012053e+02 1.835400636726636208e+02 2.421119670993613795e+02 2.841832703865806593e+02 3.058210082764499020e+02 3.184794129286897260e+02 3.123089494691440677e+02 2.672329959188201087e+02 3.092343623618735933e+02 3.609926439124473632e+02 4.077411877842976082e+02 4.119102704456446418e+02 3.589491664774103015e+02 3.377431942824916291e+02 3.847026592568530532e+02 3.963684850099991195e+02 4.365773167322151949e+02 4.787859825295480505e+02 5.290231872620815921e+02 5.778917507404613616e+02 5.716442163291673069e+02 5.109691284768812238e+02 4.476168175722391993e+02 3.876854897438019520e+02 3.493321662559592369e+02 3.066017675711925676e+02 2.628340604951917499e+02 2.079672575583459206e+02 2.270881360256850314e+02 2.091430943338605459e+02 2.290158972359158440e+02 2.626388441784465044e+02 2.391284562528294089e+02 1.797243975246547052e+02 1.405189336237098985e+02
-8.429305900722564027e-03 6.368846138895955278e+01 1.270734485173033903e+02 1.791119100756745866e+02 2.193674011883123285e+02 2.696667897598084096e+02 3.112252523799822939e+02 3.468708353541983342e+02 3.561007714859173916e+02 3.286365531405811566e+02 3.640976782016119273e+02 4.119606265737626813e+02 4.582321914634032396e+02 4.594342808544652712e+02 4.146647712528002785e+02 3.984790642476218636e+02 4.448940006763720021e+02 4.621287593425040541e+02 4.971865278443079887e+02 5.394078795775870958e+02 5.721795311212125625e+02 5.941774601015134749e+02 5.618972080913454192e+02 4.815965747052963479e+02 4.065695973035969928e+02 3.464863169677972223e+02 2.990542997421548534e+02 2.596938595236298397e+02 2.255611089038671651e+02 1.958801264885846649e+02 1.711764654294953800e+02 1.519731916062932839e+02 1.901096959850235351e+02 2.080231446290314068e+02 1.985074913000758272e+02 1.201467306041998171e+02 1.156624537857742894e+02
-8.513343604348211704e-03 6.007262322261717458e+01 1.004822765232602535e+02 1.345396945270976516e+02 1.775226907951763735e+02 2.228198704917308532e+02 2.722847591380644872e+02 3.315487148750349888e+02 3.766580320494838929e+02 3.915052755124359010e+02 4.288056719648236026e+02 4.675663185677223055e+02 5.077516825986340905e+02 5.101136892701928218e+02 4.779598675482691306e+02 4.686953789713144261e+02 4.986474510622999787e+02 5.312224002231237137e+02 5.528043997515513865e+02 5.703119941355107585e+02 5.767598542964697117e+02 5.850602087342421100e+02 5.695960390694285707e+02 5.202215434313638980e+02 4.549171907744145074e+02 3.998723388163651293e+02 3.494399461894816454e+02 3.105159277444235499e+02 2.767650651721258441e+02 2.452857748013807679e+02 2.314524139482297755e+02 1.847597370397800489e+02 1.238163404907783729e+02 1.577968041117078712e+02 1.596248369039478519e+02 1.149580966892392979e+02 6.853193889577985942e+01
-5.270896034345906069e-03 2.511043114544796850e+01 5.483330299705152555e+01 8.816777804485850822e+01 1.265771287208463463e+02 1.714701962907408301e+02 2.251787189565530127e+02 2.895370613374377626e+02 3.616167096337802604e+02 4.297972104686895136e+02 4.823111030873308778e+02 5.245821847240858915e+02 5.475974859703444508e+02 5.477188756771757880e+02 5.329062033202085331e+02 5.320333375544799992e+02 5.507818577419672010e+02 5.666961609393649724e+02 5.604257012021465698e+02 5.414359984095615346e+02 5.177991450169537302e+02 5.305751579796188935e+02 5.531574240580717969e+02 5.439456067996354705e+02 5.052500438664819740e+02 4.515378761063563502e+02 4.068589889721847612e+02 3.677510917672707933e+02 3.314114025682067108e+02 3.068374244370015731e+02 2.735396149901137051e+02 2.200434652077483975e+02 1.573225904066554506e+02 9.206295402110080772e+01 1.160136098192552510e+02 9.604424283064335555e+01 6.616121232320557510e+01
-5.147164454313885203e-03 6.174231161853211347e+01 1.089891599379612757e+02 1.437211940449031999e+02 1.847429835281187707e+02 2.301301456537278796e+02 2.805912941062603636e+02 3.374148909739139981e+02 4.060781019885140495e+02 4.650340940261913261e+02 5.141234512773281722e+02 5.475938414360113029e+02 5.457874241288178609e+02 5.258261175683452393e+02 5.077717643446590614e+02 5.221367358334640585e+02 5.444527416190228450e+02 5.481604280799645039e+02 5.208853725395230185e+02 4.754630686401310413e+02 4.381894240253201360e+02 4.608892041834292854e+02 5.138926414121424386e+02 5.400270445474603775e+02 5.324021037089520405e+02 5.001698542099946394e+02 4.605423935239550133e+02 4.198075919621718413e+02 3.813234088041108407e+02 3.392627668081262868e+02 2.929879999071608268e+02 2.418055237876733656e+02 1.864148950978643313e+02 1.277315346036896813e+02 6.376423578327715092e+01 6.345534966986798509e+01 5.774647509806452916e+01
-1.538278403899988236e-03 5.611154550601551705e+01 1.151270778241297421e+02 1.758883196246505065e+02 2.314557948818824116e+02 2.849900022273704963e+02 3.370902845523752944e+02 3.841890214796864598e+02 4.269788436280343831e+02 4.654376567166101495e+02 4.982168623174666777e+02 5.228973583078889078e+02 5.040089432020145068e+02 4.592649180471472619e+02 4.242506157418561656e+02 4.575633283177057251e+02 4.988013807902985945e+02 5.026085954739792214e+02 4.607940496126832386e+02 4.141075418585843977e+02 3.646089364716789305e+02 4.104444771307812516e+02 4.578728066463501705e+02 5.047652192700313662e+02 5.205838724838230291e+02 5.093957989006880780e+02 4.727718444215739169e+02 4.245416418037558515e+02 3.702820919639958674e+02 3.139093629977421074e+02 2.526149666556214015e+02 2.090606723131255649e+02 1.720105539547841431e+02 1.225403634228395902e+02 6.274716099418048998e+01 5.558698600620234487e+01 1.111512112253078186e+02
