output/field_example_lateral_ON/elevation_000003.asc
nrows	150
cellsize	66.66666667
xllcorner	0
ncols	150
yllcorner	0
NODATA_value	-9999
[rows 17 to 33 of 150, columns 111 to 147 of 150]
7.213722961814826249e+02 7.446820222105293396e+02 7.705069014549023905e+02 8.018997463160307007e+02 8.367526354526135037e+02 8.688380106063850690e+02 8.869637921241336471e+02 8.984345246258458246e+02 8.966285229794139013e+02 9.139354400555477014e+02 9.410710081706588426e+02 9.269120350965879425e+02 8.890847384276484036e+02 9.256274437004101401e+02 9.611680614884769511e+02 9.861702791534792141e+02 9.932197386601612834e+02 9.941285630705738185e+02 9.944548263273970861e+02 9.841740612905880425e+02 9.718280406356840331e+02 9.645710299698375820e+02 1.001838369172075886e+03 1.043585143851952353e+03 1.079905620499824636e+03 1.120260824455192505e+03 1.161529468893608964e+03 1.197121530692462329e+03 1.211952432123307744e+03 1.208519201699057703e+03 1.182527884167160892e+03 1.189745977874830260e+03 1.200539066813630370e+03 1.215687910419343098e+03 1.242062685351117580e+03 1.267958387563450287e+03 1.302181894408218795e+03
7.396501737668081660e+02 7.578963703318498801e+02 7.702935532983530038e+02 7.977903444746795003e+02 8.261575554924096423e+02 8.362025284073797593e+02 8.332923304718161717e+02 8.479114720282584585e+02 8.206235651148699617e+02 8.546299908132156133e+02 8.801473669006379623e+02 8.651291871622570397e+02 8.141934960834923913e+02 8.569795593466059245e+02 8.981825136751837135e+02 9.269469270615693404e+02 9.280819782605768751e+02 9.355719288732642553e+02 9.537869109381636008e+02 9.807443658599112268e+02 1.010070002424607083e+03 1.034585039113386529e+03 1.065283634430647908e+03 1.092093343214300603e+03 1.110916548231167553e+03 1.137756254873667331e+03 1.165956398049588870e+03 1.176297036804870459e+03 1.160106136395249450e+03 1.157980512155640099e+03 1.119796453015306497e+03 1.127349954965409097e+03 1.138889622400711460e+03 1.171184967695673322e+03 1.201257478361650328e+03 1.238014121877956541e+03 1.277479055800843071e+03
6.995227528649485293e+02 7.045318176332634721e+02 7.010852183188408162e+02 7.354394746925667050e+02 7.672989927074177103e+02 7.610659862357631482e+02 7.569215763959343803e+02 7.827471986536880877e+02 7.534407433384553769e+02 8.003173410361972628e+02 8.010015855281450285e+02 7.982869091936410086e+02 7.471793754805424896e+02 7.938701848935337466e+02 8.392322356418820846e+02 8.480651520165487227e+02 8.542836844616225562e+02 8.688635563557679689e+02 8.927135308314366284e+02 9.377326427935556694e+02 9.889769203889345590e+02 1.031124978324610311e+03 1.063861364773806599e+03 1.073950132697192430e+03 1.056613684991363698e+03 1.086846248466019915e+03 1.124399620597740068e+03 1.126339243961484271e+03 1.092187180422730080e+03 1.102378047524217664e+03 1.059981671617091251e+03 1.067515379457318204e+03 1.101297534128789721e+03 1.134378367839262864e+03 1.172941965482209298e+03 1.211500103630387457e+03 1.252388077476539138e+03
6.484267528787901256e+02 6.422246797174658468e+02 6.271764655879650263e+02 6.779334244253807356e+02 6.944202900035263610e+02 6.822089132313143409e+02 6.812104512852166636e+02 7.190402649166356923e+02 6.952752019493519811e+02 7.356091448999230806e+02 7.102755374204328973e+02 7.154630500060520717e+02 6.904443972644794485e+02 7.524687644531859405e+02 7.628669867937262552e+02 7.699225444019692759e+02 7.870747641211406744e+02 8.089135014915667625e+02 8.515326322796286149e+02 8.979903192002724381e+02 9.420549159547422278e+02 9.831912398307449621e+02 1.015133091262971107e+03 1.020469963225930655e+03 9.846059168260621846e+02 1.027801676504256420e+03 1.070579080011519409e+03 1.069057094927395156e+03 1.025381543121793356e+03 1.048396328214869527e+03 1.006196960113503110e+03 1.034357786123030337e+03 1.068839033975426219e+03 1.110281839550130144e+03 1.146635447612314692e+03 1.180885269889366555e+03 1.226877576413750603e+03
5.979827040684895110e+02 5.843815733632352476e+02 5.618123674390809583e+02 6.182773175806066774e+02 6.291051404393419944e+02 6.108339032531679322e+02 6.190343647009231063e+02 6.621293035582002631e+02 6.384357484890224441e+02 6.693044482987132824e+02 6.149943834615518199e+02 6.281918009127672349e+02 6.420414591909036517e+02 7.062722847316150592e+02 6.838921572376822269e+02 6.976282192618169802e+02 7.404262449847888092e+02 7.763028195893634802e+02 8.061445256079306318e+02 8.457243293445370682e+02 8.892180695912367128e+02 9.324664626283889675e+02 9.440061073765019728e+02 9.552945839560188688e+02 9.224153308652275882e+02 9.708836375257079681e+02 1.011952747183702627e+03 1.010800831418424877e+03 9.626692968489963960e+02 9.925517131170636276e+02 9.686686572507942401e+02 1.005495026568818048e+03 1.047180006541495459e+03 1.098156813292659081e+03 1.105901525511525506e+03 1.150785750513418179e+03 1.202459166508855333e+03
5.455967323498186943e+02 5.473268068493981673e+02 5.015104760077671244e+02 5.698769209474307900e+02 5.867168800567625340e+02 5.443397871832870578e+02 5.851748630873158845e+02 6.089248565920868259e+02 5.824118979124262978e+02 5.948181216446787403e+02 6.515007059557328830e+02 6.955937611408040766e+02 7.088358997726777488e+02 6.642511522514326998e+02 7.269813697864661890e+02 7.535316339409778266e+02 7.169887852744963084e+02 7.293609041104601829e+02 7.446915485830702437e+02 8.118766583003591677e+02 8.317385259352165576e+02 8.674408578121796154e+02 8.713859520528691291e+02 8.843635035721159738e+02 8.720578675294133291e+02 9.124920660727808581e+02 9.434897298419550680e+02 9.500237180538759958e+02 9.080068996577298321e+02 9.277675867301754806e+02 9.878990952295851002e+02 1.023564629642830482e+03 1.018986891447446055e+03 1.053490751296330018e+03 1.115033743436472832e+03 1.172986662835299967e+03 1.222103723632230867e+03
4.735602927955845303e+02 4.842252475070748119e+02 5.424849499355151465e+02 5.015104760144337774e+02 5.234364130577522474e+02 5.780453047525520560e+02 5.581199798531503120e+02 5.686703927278765605e+02 5.957674462078913393e+02 6.488504485416796115e+02 6.863044904954703043e+02 7.418780957188907905e+02 7.619723190450321226e+02 7.242407230343775382e+02 7.311649751685772571e+02 7.916676293498277346e+02 7.925699294022559798e+02 7.946865359967205222e+02 8.095680003576331956e+02 7.650659273102986617e+02 7.785182252047185330e+02 7.921484656742727566e+02 8.051090504738455138e+02 8.196950526070770593e+02 8.326785741468540891e+02 8.466446550628304522e+02 8.629067356969964067e+02 8.819994780559638912e+02 9.473634204465269022e+02 9.862846588211940571e+02 9.598922424924109009e+02 9.846260844965609067e+02 1.035620136898359988e+03 1.062354413473211025e+03 1.098893682361094079e+03 1.141981532434596829e+03 1.192121438337332393e+03
5.409302750716165065e+02 5.524248360283062311e+02 5.767170525848472380e+02 5.773427525123146324e+02 5.870106614217156675e+02 6.069594670070717939e+02 6.066189170774839567e+02 6.467880622913795605e+02 6.585977558739278948e+02 6.545218332665402841e+02 7.180195783503095299e+02 7.781060187046310830e+02 8.142466924106175838e+02 7.863608631712306760e+02 7.788329590905033228e+02 8.258817387256038955e+02 8.625968031647634007e+02 8.648319967092727438e+02 8.671661184747017614e+02 8.139324482631172941e+02 8.499283032516525509e+02 8.441031553235476395e+02 8.472973940620698841e+02 8.910857069780125812e+02 8.933851791735859251e+02 8.860895026564938917e+02 9.146226636306287219e+02 9.465587299675062241e+02 9.932377276200372762e+02 1.036821140650467441e+03 1.010774394321543355e+03 1.044674582790835984e+03 1.077905060103766573e+03 1.113910521640204706e+03 1.144100370965626098e+03 1.179108725677168422e+03 1.222875919652545463e+03
6.229998107812758690e+02 6.314592749022926910e+02 6.474656690607163227e+02 6.483894679592491457e+02 6.535586276202976705e+02 6.674521407683959069e+02 6.757233151687751160e+02 6.911964674232248171e+02 7.295209304922262845e+02 7.090606544269027154e+02 7.603025528890153737e+02 8.212362503185020159e+02 8.669855327460769558e+02 8.504417583575836943e+02 8.385050013769138104e+02 8.731182168450047811e+02 9.190139260074045069e+02 9.360060826770909443e+02 9.268157141446869218e+02 8.716624429162393426e+02 9.109678451443099902e+02 9.016975205727933371e+02 8.986704646914549812e+02 9.527531108169408753e+02 9.628085225841731472e+02 9.511850250927162733e+02 9.581540265085957344e+02 1.004967010523047520e+03 1.049795207620547217e+03 1.090031396894961517e+03 1.073238578760512382e+03 1.107842448927656051e+03 1.140424572492774814e+03 1.170087661497387671e+03 1.198380431180012692e+03 1.226365143052073563e+03 1.258618359637592675e+03
7.142094306567154263e+02 7.198026471625527165e+02 7.296797250061164277e+02 7.280554923211414007e+02 7.288039932979705782e+02 7.376336355009236740e+02 7.474930039191317519e+02 7.569162126093985989e+02 7.966859489554979064e+02 7.764976512341896751e+02 8.236239491494426375e+02 8.733187521572859850e+02 9.196647988091615389e+02 9.183851789659166798e+02 9.153860498358945961e+02 9.337474985386737671e+02 9.709253507608851805e+02 1.002407314331162183e+03 9.893092928982590593e+02 9.432735415171728164e+02 9.626471170767354124e+02 9.655127877513929207e+02 9.615159614298084989e+02 1.006845573589635137e+03 1.037545668327970816e+03 1.024078415235733019e+03 1.022167653639407831e+03 1.067325924350941932e+03 1.107580819420179978e+03 1.144978039588232605e+03 1.142847167063807092e+03 1.171711049772481374e+03 1.201686115551258126e+03 1.228795680689998790e+03 1.252898647400976870e+03 1.276467565500728142e+03 1.301246986580614475e+03
7.962531536959868390e+02 8.036713556920109340e+02 8.120519212130219557e+02 8.101116819997771472e+02 8.096186461316192435e+02 8.157639959727335963e+02 8.246541801503584566e+02 8.318555982689484836e+02 8.646215960309651791e+02 8.554942394745113461e+02 8.900080099969075036e+02 9.357821333122196847e+02 9.666915606547157722e+02 9.760350886192229609e+02 9.806093548617806164e+02 9.986505075388652131e+02 1.026092892275057920e+03 1.051460901278466281e+03 1.048393152865289949e+03 1.020417430053475869e+03 1.032699596074731062e+03 1.037116782466008999e+03 1.036659466366538027e+03 1.068420737691094700e+03 1.101339650660521102e+03 1.097333017470419918e+03 1.096912462415579512e+03 1.128959080073368796e+03 1.166314015865620831e+03 1.190982409863203429e+03 1.201926248000297846e+03 1.220314539713860086e+03 1.239653329809704928e+03 1.263026597244700270e+03 1.286843952517759817e+03 1.310731815960557469e+03 1.334472473798709643e+03
8.146890331660209768e+02 8.348367166100384793e+02 8.532782293030737719e+02 8.676432558516243034e+02 8.771204571549105822e+02 8.879900425046255350e+02 8.988906630605431474e+02 9.074519483188174718e+02 9.238432765226314132e+02 9.299100929734136116e+02 9.514548955809859763e+02 9.721520911956456530e+02 9.775878360136644005e+02 9.696064715532653508e+02 9.780428798948520352e+02 1.001992696342721956e+03 1.034173927028721664e+03 1.066891239296817275e+03 1.086890481362863966e+03 1.087164079911245608e+03 1.095111924202681394e+03 1.100051320727736993e+03 1.103025233337036525e+03 1.119642085605103603e+03 1.139879575978992534e+03 1.149089508197330133e+03 1.157594568181053319e+03 1.176728349309889381e+03 1.195038197014875777e+03 1.203853784297308266e+03 1.205255605561890889e+03 1.217357669352780704e+03 1.219431869575068959e+03 1.243598148435672556e+03 1.270931819199319989e+03 1.300673922922519751e+03 1.331526686678349279e+03
7.597688866252300386e+02 7.981464517012971100e+02 8.134278172832051723e+02 8.482185500921867742e+02 8.796250130920766424e+02 9.066979941205574960e+02 9.260978164015433549e+02 9.274293765848570956e+02 9.319150336063876239e+02 9.412630380779907000e+02 9.578559230714456589e+02 9.556451662338151891e+02 9.331033866458712964e+02 8.996081343869185503e+02 9.129826708423061064e+02 9.499898576113157560e+02 9.940036934908325748e+02 1.040620931333368162e+03 1.074087829493149684e+03 1.095173999314592493e+03 1.104739726406065756e+03 1.109061438047300044e+03 1.103096907645178817e+03 1.110408460165675478e+03 1.125932099686268657e+03 1.136514463201111994e+03 1.152069724110933521e+03 1.168390353578140093e+03 1.175525609615703615e+03 1.169487148513409011e+03 1.162462345455071272e+03 1.185238567464262587e+03 1.222281156173085492e+03 1.261624496521620131e+03 1.294102564566692081e+03 1.322309943822886680e+03 1.352698420353996880e+03
7.141120148870578532e+02 7.405801711786189117e+02 7.528018367168408531e+02 7.941483499308075125e+02 8.305356762641549722e+02 8.634881017514512678e+02 8.827948872463499583e+02 8.692546595935027653e+02 8.721792255547916284e+02 8.832132281050110123e+02 9.119636545515666057e+02 9.046550059471202303e+02 8.676126731455018444e+02 8.283943478548383155e+02 8.591369884674498962e+02 9.046246928726749275e+02 9.550312842081268627e+02 9.993302795541922023e+02 1.032390860300585928e+03 1.060678845818577201e+03 1.062957595871093645e+03 1.071729289351946136e+03 1.053952610760117295e+03 1.063088375197663709e+03 1.084504771997634407e+03 1.092108925187582599e+03 1.110680299365756582e+03 1.130348275036334371e+03 1.136457899492217621e+03 1.131525526581177928e+03 1.167383672779055814e+03 1.207681025027754231e+03 1.246110553498158424e+03 1.282021284976755396e+03 1.313438380354125229e+03 1.339806767474905428e+03 1.362920319351553189e+03
6.673891171424343156e+02 6.732187417759670325e+02 7.075443893635996346e+02 7.419178331331812615e+02 7.765449463919853770e+02 8.152330045562307532e+02 8.147813198026523196e+02 7.922590021627299848e+02 8.040901110108291050e+02 8.235716013922123011e+02 8.435326586756605138e+02 8.439102140660538680e+02 8.047251183480334475e+02 8.580489902618566020e+02 8.488270158601077355e+02 8.658655655585378099e+02 9.201365142965915993e+02 9.579894350070198925e+02 9.863756345884024768e+02 1.016279153541055848e+03 1.011350729167218219e+03 1.025980033437576822e+03 1.004378594827256165e+03 1.019377209680079773e+03 1.037227822455698970e+03 1.053231413849982573e+03 1.069971136782427493e+03 1.087012804028313212e+03 1.104391236968182966e+03 1.132111999193209158e+03 1.165089791640685007e+03 1.204879732538118105e+03 1.246696520872226756e+03 1.281238822968786963e+03 1.308814335406324290e+03 1.331452644675825695e+03 1.348155845909050640e+03
6.040746127778817254e+02 6.390045137178532286e+02 6.784946710339007723e+02 6.903414092957024195e+02 7.380578933054353001e+02 7.504356006882094334e+02 7.582680446278264981e+02 7.189854822965462517e+02 7.564199094565684618e+02 7.885807766808176211e+02 7.663245902292100027e+02 7.799993080552594620e+02 8.418107345228784197e+02 8.924068945915749964e+02 9.289094022717071084e+02 9.311091206323425240e+02 8.927155556672762486e+02 9.110748853996839216e+02 9.309752907285705987e+02 9.790920890212490804e+02 9.593189807184139681e+02 9.787836780367202891e+02 1.026950296523970110e+03 1.030113721471257122e+03 1.080783906615165506e+03 1.093201317277956832e+03 1.113125743939735003e+03 1.127804321040559216e+03 1.142701679675709102e+03 1.157428933008082140e+03 1.175214191575153563e+03 1.202380634881232027e+03 1.219396467318322266e+03 1.247489820413412417e+03 1.276479937690230145e+03 1.299643984426087627e+03 1.322480298908217037e+03
6.640002508114660031e+02 6.221106689626177513e+02 6.329019876566258063e+02 6.454023909142788398e+02 6.983632073434345102e+02 6.830430716548272585e+02 6.970769818928383756e+02 7.436044301363756404e+02 7.361108895935695955e+02 7.479496573044898469e+02 7.743308362930657722e+02 7.754892019607676730e+02 8.539076643668946645e+02 9.259504051242454352e+02 9.750237029538847082e+02 9.807535179901069569e+02 9.466744842248698433e+02 9.769176743850201774e+02 9.860813225230195940e+02 9.593189807117472583e+02 1.003754843309959369e+03 1.030043834392292865e+03 1.062467028838919759e+03 1.092907962152626851e+03 1.113761091452259734e+03 1.125144430885821748e+03 1.136829675310599896e+03 1.151156861835049540e+03 1.155683672280137671e+03 1.151686639228481454e+03 1.160755653451947182e+03 1.160719288206082865e+03 1.154945604174014079e+03 1.200301844038403260e+03 1.238808218478289518e+03 1.273982086579361294e+03 1.313401914769786799e+03
