output/field_example_lateral_ON/elevation_000000.asc
nrows	150
cellsize	66.66666667
xllcorner	0
ncols	150
yllcorner	0
NODATA_value	-9999
[rows 17 to 33 of 150, columns 0 to 36 of 150]
1.333408655725686759e-03 5.013991638264040374e-01 5.027630925334182210e-01 5.028268067863995716e-01 5.037078996667132547e-01 5.041262847054944762e-01 5.050812621781074485e-01 5.058124771653585983e-01 5.066829919996010956e-01 5.070671833970376019e-01 5.073316018114447656e-01 5.080964052567443767e-01 5.090498084864949480e-01 5.101291681298437686e-01 5.107838649266526199e-01 5.112895004723663206e-01 5.122669660873334641e-01 5.125821030335591111e-01 5.127261633234246885e-01 5.139756057584476956e-01 5.141795799922688204e-01 5.146817570389956575e-01 5.153542760543490253e-01 5.160154630294923050e-01 5.175705737760638581e-01 5.177885294288380180e-01 5.181006141458069925e-01 5.188001295658434264e-01 5.196137410501322496e-01 5.200938557752988745e-01 5.210234462787799448e-01 5.221072511987644438e-01 5.220085717844935580e-01 5.227691140875078135e-01 5.234982919259378864e-01 5.246515355522129997e-01 5.253648566124626829e-01
1.127475190969256429e-03 5.019433590015427438e-01 5.021104537969519610e-01 5.033738848240529862e-01 5.035140826887213317e-01 5.047188532810733541e-01 5.051326408653296074e-01 5.059901797006169932e-01 5.065584940192148222e-01 5.070067585603050819e-01 5.079099576561111329e-01 5.081149857931362979e-01 5.094878283772283911e-01 5.094118982985378352e-01 5.104509089102582386e-01 5.110596900978444657e-01 5.113473499428804470e-01 5.128696574870410529e-01 5.131894178085744107e-01 5.139764968902292841e-01 5.145714472493290170e-01 5.156507031419879095e-01 5.156745901516581743e-01 5.169460045783812463e-01 5.175035897679516328e-01 5.174468793666298083e-01 5.180203693583638191e-01 5.189553500397072749e-01 5.199563846071764139e-01 5.202640915253829990e-01 5.208605626165531133e-01 5.222934438501481980e-01 5.220964074512163267e-01 5.232816550901263630e-01 5.235979956614252862e-01 5.245105279723898395e-01 5.255868880335817783e-01
1.254356749173564638e-03 5.016620784987326775e-01 5.026412172237816334e-01 5.030835332553343919e-01 5.034878236331439272e-01 5.041257478568078598e-01 5.048153809556997773e-01 5.058358394575387385e-01 5.066042826949991307e-01 5.068241578307144390e-01 5.080707899345736633e-01 5.086081074274680924e-01 5.091867683083645124e-01 5.097865867118327454e-01 5.105806178745762036e-01 5.114830278642221728e-01 5.120021828981681233e-01 5.122745629818010737e-01 5.133697470602547330e-01 5.140895105099103635e-01 5.141691710897001721e-01 5.147449387797948805e-01 5.158477950668739487e-01 5.169025781924088125e-01 5.167763884190292867e-01 5.173923563753757282e-01 5.182858649188575306e-01 5.193262690496398548e-01 5.201474092035911490e-01 5.206475216995753996e-01 5.208970217303668937e-01 5.220927132982057239e-01 5.220964141178829898e-01 5.234019754295210491e-01 5.242056042419739326e-01 5.242654271888000928e-01 5.253755869527551026e-01
1.330885439900616118e-03 5.022332996561822416e-01 5.029476123656206887e-01 5.031307945097860390e-01 5.039640978315971243e-01 5.048745711069232422e-01 5.050877556184263373e-01 5.062689252230243575e-01 5.062684276488014223e-01 5.075664020045607128e-01 5.079900912498760412e-01 5.085178227944842089e-01 5.086791672157296995e-01 5.094241503782953595e-01 5.107309830970166997e-01 5.114382063548685853e-01 5.120107520270051893e-01 5.128593460892637568e-01 5.132752251033504409e-01 5.136510395737026169e-01 5.145599630266414204e-01 5.151374025571382465e-01 5.155946598918442758e-01 5.164043980395985889e-01 5.169646470283753015e-01 5.179366944682569640e-01 5.183749225825807772e-01 5.189113239888645257e-01 5.202200261801542824e-01 5.209520069262898456e-01 5.215743526438222366e-01 5.223120142293601331e-01 5.220648546885066077e-01 5.228798904331590780e-01 5.233068663772041385e-01 5.240558652342202084e-01 5.249159668975940107e-01
1.357208962428078794e-03 5.017165992878346303e-01 5.025954566385705258e-01 5.028027672428803108e-01 5.038438059751236819e-01 5.045173744479198863e-01 5.049160995277064412e-01 5.054597979732888824e-01 5.068496197015892601e-01 5.069914907120429692e-01 5.082765888184500591e-01 5.088171874525090344e-01 5.091901234477159699e-01 5.098897522901461032e-01 5.105823112272046549e-01 5.115354058053929176e-01 5.119877996289359245e-01 5.124250131963641319e-01 5.129241968918080152e-01 5.136861501671747821e-01 5.141010115308792816e-01 5.156361133747575654e-01 5.156316591514216174e-01 5.169733169454046040e-01 5.167441719236541831e-01 5.178794539490986226e-01 5.184604078144123829e-01 5.189167757431619732e-01 5.200625069452110560e-01 5.201031766933390532e-01 5.212272917514330084e-01 5.221234812908440714e-01 5.224980309961319014e-01 5.230549507367512341e-01 5.234247986707164513e-01 5.242858586377491248e-01 5.250782894468096762e-01
8.914550873357959121e-04 5.014625175351082875e-01 5.022681030626303667e-01 5.034000683092565431e-01 5.039334076394482720e-01 5.042827098963954535e-01 5.053902494690136749e-01 5.062323729332114386e-01 5.064635718603136549e-01 5.073650758354396606e-01 5.081545078165500273e-01 5.082706944173877028e-01 5.096133359740758761e-01 5.098863585613088167e-01 5.104208790585366140e-01 5.111465185716722592e-01 5.123017815995606350e-01 5.128844461431567581e-01 5.129359991714270706e-01 5.139508874830893692e-01 5.148607126705784243e-01 5.155780431381263851e-01 5.155780498047930482e-01 5.166869814791793525e-01 5.167363888092182389e-01 5.176079775580414433e-01 5.189549893236469202e-01 5.191401976779053129e-01 5.196007036971062032e-01 5.205568076832219893e-01 5.214407460676114825e-01 5.218882911831247418e-01 5.224139225421271515e-01 5.229974645141969303e-01 5.237540459271352589e-01 5.247875330969269392e-01 5.248082922796578620e-01
7.560245991006205642e-04 5.015297987974317584e-01 5.028396733217478376e-01 5.032355604542311234e-01 5.036110580350267041e-01 5.040218778037205416e-01 5.056110369895707723e-01 5.053811746128304971e-01 5.065906133544829659e-01 5.072284106607345411e-01 5.076453451238613912e-01 5.080346185712337759e-01 5.087415501216979719e-01 5.100551276475056017e-01 5.105215851721037756e-01 5.107594783072152422e-01 5.114325203478872206e-01 5.124454489497553000e-01 5.128766453484714383e-01 5.133447734461081824e-01 5.146166569741150720e-01 5.156273087257116083e-01 5.156713431976377437e-01 5.161735931948574496e-01 5.170187143208515579e-01 5.183159962416591382e-01 5.185765819644604369e-01 5.187998321961689863e-01 5.196724802131922338e-01 5.209606572128225865e-01 5.209769988226929938e-01 5.216888606589455968e-01 5.228878918154085120e-01 5.230856607820983939e-01 5.237579302050054952e-01 5.244119436506451404e-01 5.255593275034139422e-01
1.020934260482444242e-03 5.018828860134221248e-01 5.029790726855906113e-01 5.030171600187217651e-01 5.034782837837498137e-01 5.045984178015877619e-01 5.051432918130198679e-01 5.057379432984089318e-01 5.064232663438904547e-01 5.068395296803366312e-01 5.083142881935840407e-01 5.083441731431352917e-01 5.094291279600249300e-01 5.096219236953078990e-01 5.101969599330662408e-01 5.110259540326553829e-01 5.120445528473512864e-01 5.120653007043288740e-01 5.130622111012254072e-01 5.139346352408212804e-01 5.141514207152169114e-01 5.147786195089976147e-01 5.154637001670657748e-01 5.159873700244390626e-01 5.167256548755791989e-01 5.180133167135066996e-01 5.183558195893094300e-01 5.196383405967356373e-01 5.196767047340352663e-01 5.202114228554223230e-01 5.212348021615623717e-01 5.221995252180701153e-01 5.220159949372715769e-01 5.234610411901569060e-01 5.241330176142953157e-01 5.246974426717466722e-01 5.255429806126686865e-01
1.590948949607995117e-03 5.021362940688612886e-01 5.025586033449289669e-01 5.035131031994197759e-01 5.035201780780714786e-01 5.045485949543988546e-01 5.053303927559106290e-01 5.054483239605827016e-01 5.060228094160710288e-01 5.074419269704272262e-01 5.081637276065430475e-01 5.085915424487931213e-01 5.091207992687279971e-01 5.097918531779306317e-01 5.100580808952590584e-01 5.114877531423186463e-01 5.118630092225968653e-01 5.129598053887822751e-01 5.136536978123453778e-01 5.141359218631560424e-01 5.140069274884210282e-01 5.153798121725646775e-01 5.160490537349722295e-01 5.161265592971309157e-01 5.168114771559257914e-01 5.182616629257111862e-01 5.186255886094713885e-01 5.192049558880036386e-01 5.196984771727127805e-01 5.201797029910762982e-01 5.208157018545714889e-01 5.218778261041987498e-01 5.226074738180512824e-01 5.226980230546068862e-01 5.232951315929620373e-01 5.242497513325302672e-01 5.246696074351104855e-01
1.344661501138733409e-03 5.013769616303779264e-01 5.027064350544676596e-01 5.031392252107150798e-01 5.041364471091155375e-01 5.040590535441034081e-01 5.048600422598952253e-01 5.058642489241689244e-01 5.065278374568229491e-01 5.067814139483576286e-01 5.075283895933707656e-01 5.086008681729564662e-01 5.087527381796170811e-01 5.099188955488969111e-01 5.102324471199549683e-01 5.113791930906911309e-01 5.120130439171567405e-01 5.123021302436387980e-01 5.130337668437746634e-01 5.137668583073183859e-01 5.144620445342432680e-01 5.154790917114530080e-01 5.153798188392313406e-01 5.163624391274224124e-01 5.173487965820496859e-01 5.183122888584194010e-01 5.186873732933424685e-01 5.188047824102376415e-01 5.202284933324743399e-01 5.209612749316367974e-01 5.206743034199876607e-01 5.217129712936384722e-01 5.221199912912888319e-01 5.234513543489986986e-01 5.240430744687679665e-01 5.245132514967013604e-01 5.254590323879995140e-01
1.612335675568303452e-03 5.020583117752267510e-01 5.028386893489729115e-01 5.032481795957066684e-01 5.037739316906799658e-01 5.044489561723145554e-01 5.047089632656189817e-01 5.057332106540672889e-01 5.062029211957491670e-01 5.075506227351743727e-01 5.077533521275936490e-01 5.081678759877423790e-01 5.087130071477590221e-01 5.102727613712895183e-01 5.104191214869019388e-01 5.114734973236642057e-01 5.122505195247494258e-01 5.126954490606470127e-01 5.132817137145473385e-01 5.139850275379727051e-01 5.145244953149967770e-01 5.154188874222564998e-01 5.161858392868381440e-01 5.169052459992117265e-01 5.175386122091231167e-01 5.174856520856656594e-01 5.188934120498608360e-01 5.193795003578899339e-01 5.203155832286602278e-01 5.204021926246739094e-01 5.212847518154999360e-01 5.215902188307605103e-01 5.221950989944351695e-01 5.236231405044126097e-01 5.240001342194399170e-01 5.248877468862497286e-01 5.253411247409314200e-01
1.226735558976602483e-03 5.017921046284044007e-01 5.021205956087124722e-01 5.033982738325916140e-01 5.041557235848045382e-01 5.042341184817084043e-01 5.056181062825780836e-01 5.056527007414098884e-01 5.068453960654549784e-01 5.067397419744801290e-01 5.078519303004807028e-01 5.083025821375430908e-01 5.092234571474700822e-01 5.100962260614630983e-01 5.102906384359789937e-01 5.111026349975129612e-01 5.123045542083245474e-01 5.127449466486279084e-01 5.129974499992112635e-01 5.136743286141186582e-01 5.144157393052635197e-01 5.151783580991368128e-01 5.159255963719127092e-01 5.163540782547604291e-01 5.172934884676563261e-01 5.172934951343229892e-01 5.184191194579670370e-01 5.188678634559477088e-01 5.194791421395184017e-01 5.202925121811425857e-01 5.207333934550547605e-01 5.214335996717897048e-01 5.223049600835886208e-01 5.228356537628209288e-01 5.239928358313751255e-01 5.244949222252734966e-01 5.248472440144239526e-01
9.170922193148684518e-04 5.016205665567583516e-01 5.028621745951724620e-01 5.035727051138179089e-01 5.035878684035781649e-01 5.047752193538174170e-01 5.051444666239234271e-01 5.055381739788769035e-01 5.061367185322671602e-01 5.067993475774067447e-01 5.078306522033189108e-01 5.081360844389741782e-01 5.089751588070264843e-01 5.102459163648298546e-01 5.109101541531581026e-01 5.110474706402740042e-01 5.119777096596099808e-01 5.129656870319849737e-01 5.132071577787157279e-01 5.139505293167626609e-01 5.147703047902094653e-01 5.148346578656747274e-01 5.156301089866470733e-01 5.167509111569329461e-01 5.173973202989243791e-01 5.177455104759842719e-01 5.188278496485233537e-01 5.195128229949923515e-01 5.194278353847509022e-01 5.204063153450074752e-01 5.211369739738548335e-01 5.218904090047304933e-01 5.223021194829791103e-01 5.230304355641108849e-01 5.243034383814055843e-01 5.242858846428575248e-01 5.254359245123125799e-01
1.419951998245040474e-03 5.022621469415247120e-01 5.028552348449261133e-01 5.031395173736332715e-01 5.034716066764710618e-01 5.043715089273240748e-01 5.056398604285488041e-01 5.062508661758818862e-01 5.069262655573839593e-01 5.070704819650322381e-01 5.076526776792404938e-01 5.086538947947393252e-01 5.096297986043013539e-01 5.096601133686039509e-01 5.107769505528524379e-01 5.108883131262185184e-01 5.118431201121764751e-01 5.124220009790516617e-01 5.130874920427510588e-01 5.139956734628430279e-01 5.141571029127185444e-01 5.147287463671764707e-01 5.153459009370180421e-01 5.163096193312644022e-01 5.167723839174361844e-01 5.181665381425097916e-01 5.187732894066200418e-01 5.192437858894810576e-01 5.196418869912328153e-01 5.200347309148812824e-01 5.209064481579507300e-01 5.222621723370429736e-01 5.226199372649227293e-01 5.234393057833270912e-01 5.235930357640181665e-01 5.241495568134008076e-01 5.249734401066707967e-01
1.297347794708124955e-03 5.019557436701013176e-01 5.029721837145958441e-01 5.033227008316992768e-01 5.037341584398211669e-01 5.047706624084464799e-01 5.051017815289481350e-01 5.057390063078903708e-01 5.060842773058299437e-01 5.071149094046967232e-01 5.077069939048720615e-01 5.085365582897700687e-01 5.094243648457535967e-01 5.097128996790286637e-01 5.104685553015727573e-01 5.115335141087257176e-01 5.117759742170588932e-01 5.121063235393500390e-01 5.135092006884737215e-01 5.136379064381177972e-01 5.141560958736274278e-01 5.147842602765548836e-01 5.157182658545950149e-01 5.166030080593846385e-01 5.174763226789508286e-01 5.179361484797098125e-01 5.188322720540796684e-01 5.188443253727771376e-01 5.198875204955472062e-01 5.207107580173043759e-01 5.214412657600308032e-01 5.215886366818547337e-01 5.222854523157248741e-01 5.228452786935091634e-01 5.242674286952290208e-01 5.244037058253943062e-01 5.247565593013926444e-01
8.601217420332892384e-04 5.019674681660187820e-01 5.024017344522555550e-01 5.034097743040234496e-01 5.035655468232536069e-01 5.040800373033340609e-01 5.054087442914260153e-01 5.063156821385423889e-01 5.069576566026040565e-01 5.071420779233333231e-01 5.078481544434262362e-01 5.088823027647677577e-01 5.087202217703008511e-01 5.095639157141664821e-01 5.107177414968008256e-01 5.111800657153757754e-01 5.113927697061076971e-01 5.125438135542246254e-01 5.128529810893467378e-01 5.137848740104791201e-01 5.141489422887028926e-01 5.146835364849683403e-01 5.154997206668939791e-01 5.168472744198621127e-01 5.172616900746890289e-01 5.176305294521347244e-01 5.187473384652550035e-01 5.188256772357225932e-01 5.198682835646390998e-01 5.204318615773766421e-01 5.212881709623045090e-01 5.221687357682919250e-01 5.223233065055923330e-01 5.233307969680405236e-01 5.241105863271540155e-01 5.248105990987691483e-01 5.247911957758720769e-01
1.262558486668883574e-03 5.022090635779415946e-01 5.021240107793405461e-01 5.031071044520770696e-01 5.034451236318213674e-01 5.043141469164690305e-01 5.046508717343761719e-01 5.061247380463524959e-01 5.068535277547934204e-01 5.075830372354471764e-01 5.078473820521987037e-01 5.084984503425222790e-01 5.092330134438501910e-01 5.093700875970599284e-01 5.101376564745361275e-01 5.116207867273663279e-01 5.113760721980183943e-01 5.122175331749984073e-01 5.127438949218366959e-01 5.134663766751704772e-01 5.148028188570684671e-01 5.152424514910964870e-01 5.160078162807867352e-01 5.165860571711712312e-01 5.170059473279083884e-01 5.175107047345554045e-01 5.188074773417546970e-01 5.192399351812557740e-01 5.201928046473763834e-01 5.203122601105946154e-01 5.208043516637319570e-01 5.221050446256189081e-01 5.225560395691839499e-01 5.228382601104220040e-01 5.240689690137810830e-01 5.241333018660188081e-01 5.251985780257474312e-01
