output/field_example_lateral_ON/elevation_000061.asc
nrows	150
cellsize	66.66666667
xllcorner	0
ncols	150
yllcorner	0
NODATA_value	-9999
[rows 102 to 118 of 150, columns 74 to 110 of 150]
5.787976247132419303e+02 6.467422326337640470e+02 7.079242470987734350e+02 7.687923104262620200e+02 8.238170574458316651e+02 8.751031712150173689e+02 8.894631595711845193e+02 8.748657687784084374e+02 8.514503687927655164e+02 8.135970868069393873e+02 7.737042958787972111e+02 7.260512320306912670e+02 6.770442852234342581e+02 6.877661629856123682e+02 6.590416037944413574e+02 6.273302700954894817e+02 5.766659405998020702e+02 6.069059438066728944e+02 6.563992516095316887e+02 7.182767846960421139e+02 7.801809586930145315e+02 7.890262073096365611e+02 7.512584447629291162e+02 7.324509923409450494e+02 6.849802154480663603e+02 6.381974694529427552e+02 6.019752442586113830e+02 6.574920881879097578e+02 7.180613824310047448e+02 7.289842696407329186e+02 6.919003724551482719e+02 7.262116587270459149e+02 7.628685038266530682e+02 8.054613648943951603e+02 8.483834214905939461e+02 8.949134856614194860e+02 9.098423986952126370e+02
5.640689592758501476e+02 6.095835739002152422e+02 6.649085760276016117e+02 7.325244211970085644e+02 8.133154017175218087e+02 8.736090383963232853e+02 8.733832404731832639e+02 8.344676717217430451e+02 7.987873934924240302e+02 7.646131897183699948e+02 7.286083442286261516e+02 6.867060822477856163e+02 6.321871042722491438e+02 6.312832924609901966e+02 6.160329792611491939e+02 5.740393921194125824e+02 5.501058645998599559e+02 6.026572940285046798e+02 6.578780600518492747e+02 7.158122466960107886e+02 7.612744990485572316e+02 7.475018719391321156e+02 6.968585840059745351e+02 6.884845863510967092e+02 6.343172538571512860e+02 5.647914865360751264e+02 5.983849802237666609e+02 6.464799571793467976e+02 6.832256387204680550e+02 6.759540630080413166e+02 6.364124469143941951e+02 6.742135762410024427e+02 7.102116537138687136e+02 7.475180717646352377e+02 8.001570307843333012e+02 8.602466091136743671e+02 9.041453533729004448e+02
6.236592362458244452e+02 6.623047652493887654e+02 7.108930576202958491e+02 7.737429196189311824e+02 8.412523343538784957e+02 8.756605432481766229e+02 8.457824711076750646e+02 7.903763200549286694e+02 7.436288112909843449e+02 7.113416908981699862e+02 6.811338475482175454e+02 6.684846834144217382e+02 6.345725503123136377e+02 5.740561417465656859e+02 5.694960314093084435e+02 5.149157718322663868e+02 5.720031292937555918e+02 6.150171643359983591e+02 6.674425352509744016e+02 7.191161549406673430e+02 7.369926175093888787e+02 7.093607153544894572e+02 6.449525640666885238e+02 6.371286839493562866e+02 5.972968107449777335e+02 5.375355693242693178e+02 5.873061525541203309e+02 6.217697531216430207e+02 6.312812871536823423e+02 6.052912254364798628e+02 5.915218485439739879e+02 6.456422773082911135e+02 6.526102097456785032e+02 6.977658416164755408e+02 7.518442699513248044e+02 8.148401696806512291e+02 8.832652693513524582e+02
6.775959506006869333e+02 7.251839780804492648e+02 7.707031970535661003e+02 8.185655503649661568e+02 8.673229128773713228e+02 8.693907273502325097e+02 8.114433903657997007e+02 7.485008277309436835e+02 6.948566990715203247e+02 6.594223989991171493e+02 6.498493379551269982e+02 6.167839049430355089e+02 6.191382970426362817e+02 5.810727418025118141e+02 5.172568268800044962e+02 4.891928201629594923e+02 5.559670179799910557e+02 6.010755122187100596e+02 6.580023020595386924e+02 7.040829218022864779e+02 7.007291836646101046e+02 6.618754293044203223e+02 6.253308036468505406e+02 5.719640580771996383e+02 5.623079032509117496e+02 5.142767098447201306e+02 5.427399642154042567e+02 5.733108730624563805e+02 5.652699893282069752e+02 5.387926345136921782e+02 5.643025704382046115e+02 5.963864424765110925e+02 6.390163530372822152e+02 6.867293324796399929e+02 7.414167515413687397e+02 8.057968064556060881e+02 8.783353396814089820e+02
7.406251881225633724e+02 7.854447708194528559e+02 8.352876941104293564e+02 8.706700808164999899e+02 8.909539534685964099e+02 8.715549829939214987e+02 8.114779867531493665e+02 7.443683294235024732e+02 6.846970980524284869e+02 6.313204713204243035e+02 5.931056338975095059e+02 5.738189306354112205e+02 5.748490718896306362e+02 5.699951726925032744e+02 5.223847073883623580e+02 4.681419366166790610e+02 5.199399731122053936e+02 5.850701947764632678e+02 6.454170420820861409e+02 6.747694503320885815e+02 6.568209835594565220e+02 6.131936398251989431e+02 5.701937206926016870e+02 5.483269048310010021e+02 5.086658512984105300e+02 5.055160182972779239e+02 4.849551882256811837e+02 5.216143878011362176e+02 5.044257806230574488e+02 5.639145504287827180e+02 6.160096240438206223e+02 6.604040321410782326e+02 7.027657515359927629e+02 7.475198216179820747e+02 7.962188637882890134e+02 8.510242100952567625e+02 9.151834106670406754e+02
8.036030159827041643e+02 8.475184991458494324e+02 8.784887289815878830e+02 8.935390346966436255e+02 8.844061182961461327e+02 8.659371078242496651e+02 8.264838949401589616e+02 7.783421862133702689e+02 7.293542573967590670e+02 6.793840411722190993e+02 6.206530272782987367e+02 5.478718837765558192e+02 5.176000382514685043e+02 5.327532814247006172e+02 5.051459431138034688e+02 4.501014342324409654e+02 5.154360186493120182e+02 5.700376602982257737e+02 6.165151969362939326e+02 6.345479185296175046e+02 6.032768311549448299e+02 5.654876443504351755e+02 5.269858767690902823e+02 4.963381423217386441e+02 4.872016731912369778e+02 4.554550508065960912e+02 4.697609376306788818e+02 4.697609376373455348e+02 5.356539846920927630e+02 6.045211582801171062e+02 6.640368581501184053e+02 7.146215357551741363e+02 7.663957027222310217e+02 8.096078209208817498e+02 8.531060317444170096e+02 8.981683256873731125e+02 9.375893097434066021e+02
8.594216516526548730e+02 8.839250679115965568e+02 8.864367064662089888e+02 8.642104696002857054e+02 8.278421452683269308e+02 8.156906384240564876e+02 8.010482196600825091e+02 7.783453481040546649e+02 7.456695618425295606e+02 6.936235017351193619e+02 6.337777556650447650e+02 5.918258696907022340e+02 5.352755898603874130e+02 4.797056905661735868e+02 4.531358956018316917e+02 4.314421964696884970e+02 4.742448660072961388e+02 5.210893333660183089e+02 5.759684887253265515e+02 5.906419599508976717e+02 5.564731255150677498e+02 5.159161050227311307e+02 4.839491914288391285e+02 4.569802166728658790e+02 4.350972478209804990e+02 4.869282090732778556e+02 5.273317908320105971e+02 5.363718493811353483e+02 5.898604611585143402e+02 6.503075705555663717e+02 7.138602570391121844e+02 7.588619777762448848e+02 7.958806296939686717e+02 8.302255520269452518e+02 8.667522152919794962e+02 9.072086638828329797e+02 9.311949914010527891e+02
8.623936182669594928e+02 8.787069140478910185e+02 8.549869442074138988e+02 8.093333875128847694e+02 7.653019480238165215e+02 7.546536034311739058e+02 7.378487423078452139e+02 7.269847392108215445e+02 7.246788035719132495e+02 7.076345241128981343e+02 6.730146916249631204e+02 6.303657098400205996e+02 5.746409894219210628e+02 5.333030143912785661e+02 4.841858442579496113e+02 4.447998718176195325e+02 4.120293758430638036e+02 4.800044731949764127e+02 5.323805892043227459e+02 5.400350395560568586e+02 5.110643551188891820e+02 4.702756601430249930e+02 4.381879541111495087e+02 4.121859788621587768e+02 4.763252326270633148e+02 5.288695281924873370e+02 5.712031436871153574e+02 6.082974165348338147e+02 6.588386266141135366e+02 7.028236684142154900e+02 7.384203071414798387e+02 7.567451712757487030e+02 7.621981893447908760e+02 7.776755505367036676e+02 8.211172696909346769e+02 8.743808842701538424e+02 8.983554586172817835e+02
8.315640617951208924e+02 8.473287825681439926e+02 8.046468486403479119e+02 7.574271396061243422e+02 7.101967069363876135e+02 7.120093203490890801e+02 6.700800202732307298e+02 6.624916354644038847e+02 6.666135741613904884e+02 6.813999250889339692e+02 6.698871020945879309e+02 6.445958753423547023e+02 5.989676117412134317e+02 5.343003928989966198e+02 4.597782938024021746e+02 3.871386460112835266e+02 4.185525617846234923e+02 4.481976081181123845e+02 4.732535945776937183e+02 4.755913405432424952e+02 4.664678256618547607e+02 4.245108881589256384e+02 3.894553725002758142e+02 4.459837366498902611e+02 4.871940013495434982e+02 5.441227682012935247e+02 6.068114284007111792e+02 6.606837935943717639e+02 7.002555365343848734e+02 7.206696517967849331e+02 7.155586590367763620e+02 7.008262335068247921e+02 6.851672465846312434e+02 7.180294353064296047e+02 7.711338570632481151e+02 8.311441938369652007e+02 8.617663474047093359e+02
7.971476192006640531e+02 8.171535149126169699e+02 7.660677254123212379e+02 7.038423050952925450e+02 6.629255946724821342e+02 6.708550424248220452e+02 6.177144330425400085e+02 6.018676830393430919e+02 5.992544620968329809e+02 6.278853352119128886e+02 6.175073042235292178e+02 6.126056444250082222e+02 5.944673098807078304e+02 5.546281383939414127e+02 4.980391526459767988e+02 4.298950253882965740e+02 3.599350473444890781e+02 3.990879441962174496e+02 3.972145820671136676e+02 4.100112755700519642e+02 4.118872229872047228e+02 3.679910174732032715e+02 4.003175423222852487e+02 4.386958556517220131e+02 4.835206358850787183e+02 5.395381766281724367e+02 6.062807807221814755e+02 6.737363957814616242e+02 7.026703297255658072e+02 6.863576274933610648e+02 6.501691569836453937e+02 6.356064367614155799e+02 6.221580731065556620e+02 6.658025518305979631e+02 7.236052937642964480e+02 7.825667788329402583e+02 8.306991253396844286e+02
7.650399028354521533e+02 7.917548979767043420e+02 7.565410221579329573e+02 6.955454743408523655e+02 6.229254821953664987e+02 6.289096897441870624e+02 6.072956226949585243e+02 5.481376253453986465e+02 5.392201753674842166e+02 5.652869024134378151e+02 5.528505734770837989e+02 5.480607982263285294e+02 5.441585404081248498e+02 5.466046054789255777e+02 5.185401969889379643e+02 4.685077877849358856e+02 4.078050784580731261e+02 3.326503029245586731e+02 3.253758449347600958e+02 3.695143814663601347e+02 3.461629086805705811e+02 4.030136211367103556e+02 4.437657169540256064e+02 4.806993996357591072e+02 5.232395317252609175e+02 5.787554162858467635e+02 6.418804498151563394e+02 6.840407142427660574e+02 6.781381487851742804e+02 6.312736561150493344e+02 5.847717473075989574e+02 5.761371135153802925e+02 5.733927179118659296e+02 6.212456900597604772e+02 6.802202566122277858e+02 7.494875324982716620e+02 8.082827965228131006e+02
7.271633915242780404e+02 7.544461486875031824e+02 7.263477708284729033e+02 6.654419391462747626e+02 6.210711255504061228e+02 5.668463380617110943e+02 5.827383020244902809e+02 5.466335491483822580e+02 4.888329193556756422e+02 4.992181002226065516e+02 4.930874787574823586e+02 4.815581469057102595e+02 4.804854929008075715e+02 4.988147792423833948e+02 5.108775323692651114e+02 4.839814662375856074e+02 4.273849158407751361e+02 3.779017726582034697e+02 3.111501880010467858e+02 3.228042274675792100e+02 3.924940530475127503e+02 4.456819323095807022e+02 4.874300011765759564e+02 5.293156415091688132e+02 5.719296436337514251e+02 6.183000023941573318e+02 6.682503054811674019e+02 6.821735351895418944e+02 6.472876307754652316e+02 5.844768246554931466e+02 5.272994247414748088e+02 5.231866619635737834e+02 5.763584322170639780e+02 6.328692917286560942e+02 6.944994483602796436e+02 7.579590198052497954e+02 7.989498508126117713e+02
6.698760972252039210e+02 7.172912425983923868e+02 7.146161124947599319e+02 6.519354403737416987e+02 5.829394666144668236e+02 5.323007571935254418e+02 5.430803517203876254e+02 5.146562027895640767e+02 4.853822582476409480e+02 4.382663395777435085e+02 4.505710263978180024e+02 4.203690801017610852e+02 4.173914637446561073e+02 4.398110061976190082e+02 4.758135561677496526e+02 4.706191422007281631e+02 4.314457480906859814e+02 3.766540157839394851e+02 3.043651225166124163e+02 3.608163069928263553e+02 4.021841092412661851e+02 4.588915352550836246e+02 5.190772508213373158e+02 5.727399791463660677e+02 6.195947337952153475e+02 6.580672772630097143e+02 6.830081731140381862e+02 6.639635128021257060e+02 6.067251356398876396e+02 5.448583390419864827e+02 4.783938504023320206e+02 5.309076029193390696e+02 5.890612148198403020e+02 6.388240135766172898e+02 6.899685440624100465e+02 7.362672949201256642e+02 7.702731981415041673e+02
6.220380321543450464e+02 6.850483918882584931e+02 7.144348760321483951e+02 6.793812140284170482e+02 6.129478513889664555e+02 5.457053335353235752e+02 4.908947586137884969e+02 4.620594275049847397e+02 4.370337918192491315e+02 4.141206645447546180e+02 3.933447259867584762e+02 3.748950557976480695e+02 3.574050242185012962e+02 3.935551569617998098e+02 4.277120444560184183e+02 4.310768438128263256e+02 4.005026495407162201e+02 3.488801824587060878e+02 2.947691180458950839e+02 3.381577091812462754e+02 3.877819672381170903e+02 4.451428026669533438e+02 5.094933741910325580e+02 5.767491630644922225e+02 6.328178511483299644e+02 6.603388844344466406e+02 6.659700005422503182e+02 6.358935972014572826e+02 5.730317426445770934e+02 5.083504513917230838e+02 4.489316475955685632e+02 5.105881532123153761e+02 5.514493063349644899e+02 5.894210354376159557e+02 6.496912420097041831e+02 7.087650542433053715e+02 7.184514472062278401e+02
5.792472352422736321e+02 6.507598265600480545e+02 7.016117275668378852e+02 6.987779591358415701e+02 6.459788920297876302e+02 5.921449259364617319e+02 5.469551629690786285e+02 5.162742604711455670e+02 4.867918074764881453e+02 4.770463495537902077e+02 4.435590810776726016e+02 4.326499248602335115e+02 3.884331291143732869e+02 3.292191407648957124e+02 3.694093071522804053e+02 3.762249115234279770e+02 3.652503024076505085e+02 3.325874564382564245e+02 2.865038169223893760e+02 3.705297486856794649e+02 4.310440754416040363e+02 4.856902907194988757e+02 5.457624560499677955e+02 5.914655751458049053e+02 6.145677675422617767e+02 6.120656351950655107e+02 6.158829128104683832e+02 6.016331934186566741e+02 5.382290855320214860e+02 4.792347229903627976e+02 4.221628164996988062e+02 4.592923610156266818e+02 5.087455536031494603e+02 5.799878791416282411e+02 6.436554076609645563e+02 6.720672469927851580e+02 6.535509239760935998e+02
5.359142341376493732e+02 6.138927444072642174e+02 6.892969568467981389e+02 7.166204203599477296e+02 6.889858087095230985e+02 6.419559166617984829e+02 6.055084412539506502e+02 5.751971075760642407e+02 5.482247722472551459e+02 5.252827262827165669e+02 4.978699510217706461e+02 4.693447385810069932e+02 4.222437601081691696e+02 3.719608756904081019e+02 2.951230875808970495e+02 3.181075939297290915e+02 3.157295431357754296e+02 2.712098273408349769e+02 3.426960038748645729e+02 3.939251872304740232e+02 4.673282150207630821e+02 5.202039300315478840e+02 5.581734802990210937e+02 5.709771764212068774e+02 5.595149560952272623e+02 5.481642417491790411e+02 5.596916102181266979e+02 5.696435939095973708e+02 5.169465105541953562e+02 4.500092492466672525e+02 3.992754163326542880e+02 4.654043166706276793e+02 5.194224194797758400e+02 5.826559459305021846e+02 6.213537551578286866e+02 6.242167998839250913e+02 5.876459830856709914e+02
5.749701231156464019e+02 6.312395622746588515e+02 6.925036501395376263e+02 7.226065591395139336e+02 7.123344720476793555e+02 6.817393598727080644e+02 6.497474773111225659e+02 6.205928545348980379e+02 5.944601346364374876e+02 5.652310945174940571e+02 5.332920323141204335e+02 4.965441779222850869e+02 4.510278971644057719e+02 3.921819048151322704e+02 3.384821109981868972e+02 2.634202384681053104e+02 2.552563225544462284e+02 3.191393148792490706e+02 3.680382104514529829e+02 4.356921562044835241e+02 4.851091563577429042e+02 5.177055603759073392e+02 5.271496973913195916e+02 5.147385575634173165e+02 4.955256855966371177e+02 4.833303896666632227e+02 5.042683812886579631e+02 5.370284649765673066e+02 5.071804529126098942e+02 4.427962325426279904e+02 3.769522528043801799e+02 4.343400364708162442e+02 5.017553779930761948e+02 5.582210329682128531e+02 5.677493329566838156e+02 5.694858925732697799e+02 5.279573444322153364e+02
