output/field_example_lateral_ON/elevation_000012.asc
nrows	150
cellsize	66.66666667
xllcorner	0
ncols	150
yllcorner	0
NODATA_value	-9999
[rows 119 to 135 of 150, columns 37 to 73 of 150]
3.539605207962360396e+02 4.176551489347531287e+02 4.762874610126773405e+02 4.852317209976540653e+02 4.374502084926877501e+02 3.689883224333296425e+02 2.992435422913092111e+02 2.565583286384651274e+02 3.031469803661713627e+02 3.551656766889145160e+02 4.178441095781210493e+02 4.750121333428172079e+02 4.738261713919507656e+02 4.123688630592682216e+02 3.416868180961068333e+02 2.888600451570913492e+02 3.547347442440348573e+02 4.052449831862961673e+02 4.523969006096532439e+02 5.077549728456933735e+02 5.304318627929560535e+02 4.910125900348924688e+02 4.209877017484762405e+02 3.515143982067939419e+02 2.864186649211928284e+02 2.453543331185869363e+02 2.980178436878372850e+02 3.579080172917819027e+02 4.256835231945158284e+02 4.933381481267273898e+02 5.263025908418949257e+02 5.177424742506399298e+02 5.337281232723219091e+02 5.824465335390145810e+02 6.027029841606541822e+02 5.851614141665730813e+02 5.347983555696267786e+02
3.237835092651178002e+02 3.883982018514965375e+02 4.491783917645245765e+02 4.584153839165290378e+02 4.133594924173000891e+02 3.646548726335753940e+02 3.034377939336783925e+02 2.327794262728173749e+02 2.699397489472942766e+02 3.241900503293290399e+02 3.908586460533979903e+02 4.532575609104586079e+02 4.583936065688208146e+02 4.017474111211847685e+02 3.316564317029168478e+02 2.675684217949349204e+02 3.229464962611409646e+02 3.449584437437071642e+02 4.091284297734643474e+02 4.611207935651926277e+02 5.012908358079296249e+02 4.836508346943264769e+02 4.223631920925531631e+02 3.558421583024691586e+02 3.002866123384910111e+02 2.320343610021400309e+02 2.896210383198421709e+02 3.531693452782647569e+02 4.215453550028129825e+02 4.784937563351909375e+02 4.804267023853242904e+02 4.404788728679135374e+02 4.809984082232518290e+02 5.248387125232623021e+02 5.614654191122536986e+02 5.594648499702415165e+02 5.448031907101827755e+02
3.382611612495879854e+02 3.850043839519157700e+02 4.213684884997051086e+02 4.225960871430328893e+02 3.838251751718298692e+02 3.227660448210169761e+02 2.736002533327203992e+02 2.108037999316955791e+02 2.677056324720419980e+02 3.316159409904748259e+02 3.964132106818649959e+02 4.385379230160435213e+02 4.417484544833143332e+02 4.009805042242716695e+02 3.274114966399776563e+02 2.474531808377229254e+02 2.628183171812178216e+02 3.208938683091284361e+02 3.638913440373760864e+02 4.201894283039536049e+02 4.655506582238450619e+02 4.619520715847540941e+02 4.179503040304791739e+02 3.468285792217086509e+02 2.726508162183154695e+02 2.171757934514988051e+02 2.906430017025782604e+02 3.517065458108103257e+02 4.175229164441223588e+02 4.497759513098746993e+02 4.317914830210197010e+02 3.827253781819823075e+02 4.251449039558315235e+02 4.739343828097166806e+02 5.008448453582829529e+02 4.945336847226022314e+02 5.030087931666127474e+02
2.976187165830204435e+02 3.402068742441352356e+02 3.728133183888117514e+02 3.682532503678382341e+02 3.616102230564794695e+02 3.144436367795937031e+02 2.408384020486696215e+02 1.905906495825544482e+02 2.567625867567688260e+02 3.266195724653049979e+02 3.779568732341485315e+02 3.901080303069700221e+02 3.935351952107974967e+02 3.914443914060264547e+02 3.440154229192713728e+02 2.834515623023556259e+02 2.169613121294013922e+02 2.683021224227164794e+02 3.202951672382716879e+02 3.798185311889466220e+02 4.160628492201759627e+02 4.083579115355139493e+02 3.945566418309058463e+02 3.422651795284175478e+02 2.715987969621398292e+02 2.020857530458132203e+02 2.598524468653826034e+02 3.311069975363773210e+02 3.943121511246814066e+02 4.049053880361415736e+02 3.728859971291706188e+02 3.361321851613725471e+02 3.832895506426290240e+02 4.331080168005771043e+02 4.301189787071689921e+02 4.217353952190354107e+02 4.333581639938667536e+02
2.461402028003843725e+02 3.022800606516287303e+02 3.128641448295178407e+02 3.073254194568588673e+02 3.131598276200533633e+02 2.963477249298341007e+02 2.357774632192321178e+02 1.720843589484159963e+02 2.341482551004306174e+02 2.973813278225489398e+02 3.373702053577226820e+02 3.299514625913515715e+02 3.318738704115599489e+02 3.467832740867475536e+02 3.307214061330937511e+02 2.730790043454521197e+02 1.980091312750070927e+02 2.238069020262159938e+02 2.827375424358410783e+02 3.427491121248193622e+02 3.506032616047677948e+02 3.423035373393794316e+02 3.486222284476423283e+02 3.018386167405554374e+02 2.534277542841896320e+02 1.879381800482969140e+02 2.509947842341704245e+02 3.170372494524168019e+02 3.669784253580372706e+02 3.563501957970631224e+02 3.108630477977289388e+02 2.990967473363737099e+02 3.536103259901357774e+02 3.840260954709534644e+02 3.622284360880055374e+02 3.561229391729438589e+02 3.664371367656391953e+02
2.147093070443545741e+02 2.618615158533214071e+02 2.550225090611058647e+02 2.489347377239163563e+02 2.604341022014542659e+02 2.680224237287093842e+02 2.227689516283965361e+02 1.538542406258231381e+02 2.244931322268219560e+02 2.751786654520166167e+02 2.800281717691172503e+02 2.691928889289887934e+02 2.681654968241697929e+02 2.963570981716664505e+02 2.993749529202416966e+02 2.453347386563750661e+02 1.820894041785026047e+02 2.118646588290536386e+02 2.501123065909343666e+02 2.925303892631073950e+02 2.829782273686797680e+02 2.746502434582544652e+02 2.923619924647048265e+02 2.524315638985331418e+02 1.707373306612911108e+02 1.879796956542682835e+02 2.451744729339095556e+02 3.020452522609326707e+02 3.207378387499091446e+02 3.087302067263123035e+02 2.529419884591017080e+02 2.959045300106605509e+02 3.262609389893166849e+02 3.330454812075895461e+02 2.978913796510508405e+02 2.999156684248898159e+02 3.085326325236987373e+02
2.043603876379644646e+02 2.124177701764947415e+02 2.009220910310149577e+02 1.947779254127376589e+02 2.073276530315461628e+02 2.291976119214043024e+02 1.925323834590433876e+02 1.351062825286123257e+02 1.947254454078349681e+02 2.343232185798380556e+02 2.207689397312766175e+02 2.135118272483875899e+02 2.093923668315055977e+02 2.522825570072825201e+02 2.604775702695939685e+02 2.464771930177096806e+02 2.085836809680428701e+02 1.573639723491693871e+02 1.973976965773485119e+02 2.309033477061088320e+02 2.192752091607727607e+02 2.126101731132436896e+02 2.302955727861920820e+02 2.144708802210004421e+02 1.605185784744375894e+02 2.026781247210685422e+02 2.340261898465171555e+02 2.541978903465787880e+02 2.545119454831483381e+02 2.601888205565019803e+02 2.203898649843933981e+02 2.510375067078790892e+02 2.698866848293954490e+02 2.766898222730682733e+02 2.382385324841233114e+02 2.500709234605900235e+02 2.565070315709527904e+02
1.561124359956742467e+02 1.570632565764273920e+02 1.527016221162143665e+02 1.441847434935472165e+02 1.541704028088775829e+02 1.818721516832068517e+02 1.603128846503456941e+02 1.178141325500643717e+02 1.710459180919949347e+02 1.840295113719022879e+02 1.666039958189132051e+02 1.602924611446951246e+02 1.550080607640016126e+02 1.908972637831941199e+02 1.939807491032196083e+02 1.976178859900556120e+02 1.826166899693393191e+02 1.631359938715217766e+02 1.339935357619283423e+02 1.708112484490343377e+02 1.295321522444816935e+02 1.656582514585730053e+02 1.830666039563272420e+02 1.546672077999879775e+02 1.566973996859703959e+02 1.478475554535299068e+02 1.803888860790911508e+02 1.912280690409723434e+02 1.963982226537154645e+02 2.091618928524982266e+02 2.058233913060877853e+02 1.816049771121443257e+02 2.190745785070334932e+02 2.197181762146922495e+02 1.882922428306234508e+02 2.215357499108904449e+02 1.684888389407400950e+02
1.056724103983369361e+02 1.060553564599914580e+02 1.194809730887786401e+02 9.954571692648215731e+01 1.110584418569443415e+02 8.858607127016496463e+01 9.136066026085936187e+01 1.248105067655925211e+02 1.414125799672983135e+02 1.427816273115319063e+02 1.214631138542839182e+02 1.047158943887240810e+02 1.073553675887699228e+02 1.269498603344374459e+02 1.373763235296613345e+02 1.516311488012328255e+02 1.195018008525219670e+02 1.214109984889023224e+02 1.230825990999423851e+02 1.252884762953751476e+02 1.273244160642092027e+02 1.297118642714880821e+02 1.322284841681589853e+02 1.345849754935685496e+02 1.365582814911887795e+02 1.404795575832011991e+02 1.528660641010352492e+02 1.609652697710873781e+02 1.742510692490585029e+02 1.524816778678718379e+02 1.524816778745384909e+02 1.541018602501349903e+02 1.541018602568016433e+02 1.566273231247091360e+02 1.590004188755677603e+02 1.616322277625875756e+02 1.638841129253896725e+02
7.866393741477806145e+01 8.060504021869806479e+01 8.246584897402824765e+01 8.410491917642579551e+01 8.546040547421708311e+01 9.002073424113140732e+01 9.002073424779807453e+01 9.467535831281847436e+01 9.644393337070087568e+01 9.827476956921910300e+01 1.008361017984706649e+02 1.182328798349170995e+02 1.279776753241139460e+02 1.108979727492933307e+02 1.131910491855152685e+02 1.154492506148616258e+02 1.515306569444010165e+02 1.304562421082935089e+02 1.444938656306870257e+02 1.539368209484012198e+02 1.586634948495628805e+02 1.536176799361663541e+02 1.332605590064515013e+02 1.700488893770680079e+02 1.495757731443436285e+02 1.398238851495258928e+02 1.422863474297231789e+02 1.451500828070392970e+02 1.486441728598371128e+02 1.763600044820604467e+02 1.889412893728528218e+02 1.622786846731028163e+02 1.717203733379569996e+02 2.024388696346010477e+02 2.126944748356262096e+02 1.915985939540976517e+02 1.939570908231688975e+02
1.132152466439294898e+02 1.262773818616237662e+02 1.252307383533169372e+02 1.354159120907251292e+02 9.178106974211085856e+01 1.024310776368740505e+02 1.401580318767569793e+02 1.501768242643343569e+02 1.475414819372668660e+02 1.244266792589793909e+02 1.532170077870517275e+02 1.225707640935610669e+02 1.430964300287091930e+02 1.622644085754260459e+02 1.637765873348583341e+02 1.224452178610861353e+02 1.664945456554380314e+02 1.929894310876078407e+02 2.077255737422030961e+02 2.098021951086876697e+02 2.121752898149284192e+02 2.074250662030911485e+02 2.088626295631406151e+02 2.051771590960537708e+02 2.299593604235432451e+02 2.174426704654833031e+02 2.026924474893324657e+02 1.881678315798975234e+02 2.191770703053510374e+02 2.277238442708327852e+02 2.303710050937749543e+02 2.042809723003937847e+02 1.923389637186076868e+02 1.911463262414460473e+02 2.472499048033448616e+02 2.575133511702871942e+02 2.520483886749064766e+02
1.772961340683885112e+02 1.876523231379608774e+02 1.843426931146904622e+02 1.855620713474680485e+02 1.585631404984393953e+02 1.068216882607189433e+02 1.638149049791954894e+02 2.020630917326113831e+02 1.923091890671902604e+02 1.731581933295302065e+02 1.763787697274399591e+02 2.073809434403606247e+02 2.015868366909706140e+02 2.088545832977565055e+02 2.142265458816633270e+02 1.802900153618775505e+02 1.372056069498568718e+02 1.930115438157893948e+02 2.316603580954521817e+02 2.580734977509492296e+02 2.690140155652907765e+02 2.661499513408476219e+02 2.618141709427223986e+02 2.611006843647497817e+02 2.694126532283420374e+02 2.660965557782002406e+02 2.588040478774505004e+02 2.599005530396490826e+02 2.495787668436002491e+02 2.894856567818438862e+02 2.802141991654882531e+02 2.761784096163606250e+02 2.596739301967183451e+02 2.203123931585077742e+02 2.787873084984153138e+02 3.186269559005299925e+02 3.153415498931515231e+02
2.552509859384604169e+02 2.575325383277186120e+02 2.404309433838880068e+02 2.130743575798543645e+02 1.740618622832375024e+02 1.211532839333210632e+02 1.960636419819341540e+02 2.473370620950883847e+02 2.520414661814235728e+02 2.347541395005513323e+02 2.336935093067004345e+02 2.437988218434473140e+02 2.681574827729186836e+02 2.730553861408718603e+02 2.700630558386608300e+02 2.264812597649738848e+02 1.920940328247243087e+02 1.550454573483113450e+02 2.167461799634497197e+02 2.632906509684153775e+02 3.037120345604092222e+02 3.208273807924579160e+02 3.206838683815909121e+02 3.223642448248984351e+02 3.219646877225662820e+02 3.197926695046778036e+02 3.182471079116448323e+02 3.266621958929515017e+02 2.964929480114813600e+02 3.435636091378835886e+02 3.420104679433879369e+02 3.445207805622936803e+02 3.045619982258582468e+02 2.478161296941365777e+02 3.080512252933756940e+02 3.654456292654521690e+02 3.773035877670571949e+02
3.255756767731382411e+02 2.958936646449573686e+02 2.398390686980850148e+02 1.877185532678084599e+02 1.393947939230438067e+02 1.795901071077045970e+02 2.180919402495153747e+02 2.811032625805983116e+02 3.158456448349577386e+02 3.033169882012329026e+02 2.986452701030966637e+02 2.998395588930721942e+02 3.397566674356723979e+02 3.434010649875338004e+02 3.180314421650966779e+02 2.812603232580813142e+02 2.443682387394976558e+02 2.117211512811067564e+02 1.713623692811557362e+02 2.344292454671415555e+02 2.986935209568616756e+02 3.521392835559303762e+02 3.738380338101401321e+02 3.831525100548986984e+02 3.803394474790002846e+02 3.803217203722288104e+02 3.817759787299510208e+02 3.853388749778289935e+02 3.490808691819622709e+02 3.952529295225940018e+02 4.024758581126046693e+02 3.911824628808337820e+02 3.339749175117641471e+02 2.767782222014957370e+02 3.439008391334685371e+02 4.000864139448382844e+02 4.338741939608901816e+02
3.788939952611337958e+02 3.275550222986889821e+02 2.818507675991642714e+02 2.209910253750166760e+02 1.525141994457674457e+02 2.173763962843777335e+02 2.705128976057723094e+02 3.223742433601270250e+02 3.670212211974020988e+02 3.744019297614553352e+02 3.730773827717538325e+02 3.687857217099245872e+02 4.019642482743861365e+02 4.008331094748290298e+02 3.700195425875220394e+02 3.282882635050539193e+02 2.795535323591399219e+02 1.890994871532284947e+02 1.900192019930633762e+02 1.880339258468298453e+02 2.921016095700390451e+02 3.489313498765333748e+02 3.868791396196565984e+02 4.157492964732601877e+02 4.284373875932520264e+02 4.362151260806948017e+02 4.425093627621025121e+02 4.395534817513382677e+02 4.081186005623671917e+02 4.489915830344394294e+02 4.590611762305839534e+02 4.226813647593264704e+02 3.650207696881277002e+02 3.087345588845884095e+02 3.779456429057858031e+02 4.428330087553325143e+02 4.725575320014244198e+02
4.124862962142233300e+02 3.621837703786174529e+02 2.911951961251672287e+02 2.189605727319877815e+02 1.645812689979287597e+02 2.150132917718615317e+02 2.691723818050164141e+02 3.288922781467267669e+02 3.902584092960855173e+02 4.330734024301986551e+02 4.484605021357638748e+02 4.439319818970181473e+02 4.511561988873683617e+02 4.290198558670212492e+02 3.845318490529377868e+02 3.272445180721936140e+02 2.756574339948619468e+02 2.072921598833098926e+02 2.332996167723551366e+02 1.999476585719162074e+02 2.619338528486647419e+02 3.116389609669810739e+02 3.555454114693108068e+02 3.970180544799129052e+02 4.216917959945975554e+02 4.446283481571726952e+02 4.692795230731953779e+02 4.824883903052365781e+02 4.720815839207388080e+02 5.027175271094149593e+02 5.047729252507898536e+02 4.583751430892619396e+02 3.996842449286652368e+02 3.438701386974948946e+02 4.114078976872859812e+02 4.759598972504520589e+02 4.981915294382859543e+02
4.372152807220785462e+02 3.688242099670218295e+02 3.017513020166580304e+02 2.488814913756088174e+02 1.773184875113353769e+02 2.131719527828753655e+02 2.571166225822339015e+02 3.178363715513024204e+02 3.822598790353395088e+02 4.461515433319170256e+02 4.957473840533193652e+02 4.963575928927966743e+02 4.623238574523274451e+02 4.138809059139530291e+02 3.580150165176721657e+02 3.089403488556561683e+02 2.408084342125878550e+02 2.760911087943604798e+02 2.742050089708758946e+02 2.672567171616792621e+02 2.225650228201680250e+02 2.746878444264082191e+02 3.149365240635015653e+02 3.490067509157327663e+02 3.651128171631531245e+02 3.978732032360658195e+02 4.450672408142914378e+02 4.912540837446838964e+02 5.243764862049453086e+02 5.489037751910897214e+02 5.447370982093948442e+02 4.976060924828572070e+02 4.424001898876994119e+02 3.824348510836138644e+02 4.468105380807321581e+02 5.084823673088980627e+02 5.276094493096891256e+02
