output/field_example_lateral_ON/elevation_000005.asc
nrows	150
cellsize	66.66666667
xllcorner	0
ncols	150
yllcorner	0
NODATA_value	-9999
[rows 85 to 101 of 150, columns 111 to 147 of 150]
3.495919040763361068e+02 4.149248863613859726e+02 4.385461118195694326e+02 4.181562572339764756e+02 4.116505129419682021e+02 4.227685231162430455e+02 4.345357687566552158e+02 4.488583743834074653e+02 5.035166845627452972e+02 5.500521999188139262e+02 5.801806897126336935e+02 6.161236850883774423e+02 6.629603036200234101e+02 7.219678266852954494e+02 7.806600605703208657e+02 8.236317247194912170e+02 8.660608993167436438e+02 9.134188279073379135e+02 9.666989446697941730e+02 1.024815923652818810e+03 1.082757536236635588e+03 1.127677935564729751e+03 1.134592513736435421e+03 1.092482983026447073e+03 1.040635736681728986e+03 9.820945648643886443e+02 9.367361155039552614e+02 8.981570010247235132e+02 8.632063997861204143e+02 8.400734534236061108e+02 8.076056088708655807e+02 7.560435271205492427e+02 7.856648131369234989e+02 8.354379651735872585e+02 8.848540492636875570e+02 9.443426110921080863e+02 1.010741220606358070e+03
3.835730504859569123e+02 3.967416037698823743e+02 3.841558794546415356e+02 3.952047253924836809e+02 4.479317292675980866e+02 4.622521770512542503e+02 4.913856391736442220e+02 4.914894750614133159e+02 4.748408525371389715e+02 4.930656647578039156e+02 5.152945993076232298e+02 5.436436632512608185e+02 6.133012839530637166e+02 6.750074325929998622e+02 7.185020134746815756e+02 7.592284262786394038e+02 8.031509662051287251e+02 8.530859866861842420e+02 9.103884386398722199e+02 9.742948966945092479e+02 1.038060078437144057e+03 1.084406422110073208e+03 1.091198726870274413e+03 1.048484754338457606e+03 9.951590184358931310e+02 9.430684556591666023e+02 8.854638920176438432e+02 8.562203902596874059e+02 8.317904450098407096e+02 7.957806809989984913e+02 7.855277933243836515e+02 7.446126976083744466e+02 8.041709191102773957e+02 8.346298307282323776e+02 8.791870940716363521e+02 9.361355541508914939e+02 1.016624024938440584e+03
3.619461498761247071e+02 3.701331325110735975e+02 4.062309396417507514e+02 4.446853474788662197e+02 4.899605954737519369e+02 5.251602456575068345e+02 5.453404455330318115e+02 5.483119582618302275e+02 5.416457263646303772e+02 5.264646756716455229e+02 5.743533076651690408e+02 6.065240501016992312e+02 5.840128840196282454e+02 6.148393642801977421e+02 6.512964506487847984e+02 6.926893032418805660e+02 7.400524830983742959e+02 7.951947143121274166e+02 8.598627911188229973e+02 9.337940851632878321e+02 1.004164019715401082e+03 1.018167712354372384e+03 1.033858981401534720e+03 1.003906442863790289e+03 9.541257430917850115e+02 9.093695475124990253e+02 8.729931196843760972e+02 8.093518308526704459e+02 8.043995795876040802e+02 7.843398778187964808e+02 7.432095841386055781e+02 7.315995310228893231e+02 7.988418971989855208e+02 8.682126128054409264e+02 9.289685606403763813e+02 9.829584525670937865e+02 1.030540899701876242e+03
3.619461498827913601e+02 3.664008968731322398e+02 4.150208401082638829e+02 4.520605053486107749e+02 5.083529665719912600e+02 5.664826038122535010e+02 6.036287208581120467e+02 6.122757326816015393e+02 6.116942046165623879e+02 5.732092859412231292e+02 6.240489383044941860e+02 6.645884643694342913e+02 6.470528381535572180e+02 6.503663683660763581e+02 7.014094595317531002e+02 7.465403874000234055e+02 7.991316284040683513e+02 8.523744902339880127e+02 9.123668072301283019e+02 9.556850308655442632e+02 9.685936686738333492e+02 9.438667472754242453e+02 9.654339598224845531e+02 9.647113613739295488e+02 9.122010708629014744e+02 8.704112452400012216e+02 8.378793937466321040e+02 8.047776061904240805e+02 7.453213459790287061e+02 7.441892712876132236e+02 7.100126868748847073e+02 7.836612144984683255e+02 8.457327457962403514e+02 9.094039580038469239e+02 9.729060126243697368e+02 1.031460209538334993e+03 1.084084563636146640e+03
4.608344394703279363e+02 4.179415355685145528e+02 3.755362854725436819e+02 4.404165342257788893e+02 4.981649049385394505e+02 5.607008146103268018e+02 6.186462753876470515e+02 6.614065626725429183e+02 6.671046688817085624e+02 6.298516490425877237e+02 6.772378853318070924e+02 7.222197585066829788e+02 7.137690898936486974e+02 7.084226322440471222e+02 7.524580722620455617e+02 8.059494966370058364e+02 8.564359239020366203e+02 9.102493884048913060e+02 9.442516491280686068e+02 9.468734175665915700e+02 9.168628550058283508e+02 8.648455683175826607e+02 9.095827990168991164e+02 9.180524030014314576e+02 8.775664975130646326e+02 8.214627922331386571e+02 8.120292628471194121e+02 7.725387035669168654e+02 7.294354557056768726e+02 6.868105442464564021e+02 7.483627693249865160e+02 8.057185812317427462e+02 8.618493079656988129e+02 9.168185897021180608e+02 9.775439506280330306e+02 1.035258232242959366e+03 1.086706470122709106e+03
4.999442843682410853e+02 4.644880491314910955e+02 4.285656716125509433e+02 3.843353177023080889e+02 4.506749984905150086e+02 5.138200689209735401e+02 5.927481777163227434e+02 6.596136266631353919e+02 7.054676535444421006e+02 6.971098286563670854e+02 7.308128693055173244e+02 7.803507717492944948e+02 7.871875004301874696e+02 7.844975289696392338e+02 8.160191871830439823e+02 8.634468360871326240e+02 9.141520372074810439e+02 9.447852279228151247e+02 9.433487592544604468e+02 9.089647845552959780e+02 8.520321133989438067e+02 7.968080079111392706e+02 8.500674350638553278e+02 8.616521641916543786e+02 8.287807683960465965e+02 7.991763839080650769e+02 7.549409462747942143e+02 7.541555839473531933e+02 7.317792188817720671e+02 6.729618612770260597e+02 6.799683289168165174e+02 7.761099087649229205e+02 8.129873411040938436e+02 8.745146009468462580e+02 9.385205962097255679e+02 9.898494340188351543e+02 1.038373423763363462e+03
5.333953676534717943e+02 4.814840852692577187e+02 4.376702928756535016e+02 4.119161138993338227e+02 3.918388423140419263e+02 4.589423487793686149e+02 5.402711767811771324e+02 6.309700539813179603e+02 7.140037619762611030e+02 7.621440458660872537e+02 7.933898014141956310e+02 8.308818306063047885e+02 8.611493073070893161e+02 8.630636092545605607e+02 8.937262670852827569e+02 9.217123089799192712e+02 9.460775961389553004e+02 9.447730378850023953e+02 9.109239933400934888e+02 8.531129621397045639e+02 7.958450001995033745e+02 7.382314792548048672e+02 7.919802551969271462e+02 7.980818030272187116e+02 7.632423492818069235e+02 7.358896178074854788e+02 7.200920616151446438e+02 6.957461554740881411e+02 7.086024093317849974e+02 6.729618612703593499e+02 6.996177020054846025e+02 7.266511471928705532e+02 8.035191931239500036e+02 8.599102636468815035e+02 8.932361245760483826e+02 9.356836694926925020e+02 9.854758591413350359e+02
5.342145223057306112e+02 4.787124741740198601e+02 4.406690696244906462e+02 4.314217587405697714e+02 3.961259318401923224e+02 4.579731556755068596e+02 5.314512934636221644e+02 6.179695872813321103e+02 7.068818374878973145e+02 7.762964663301634118e+02 8.313877050218669638e+02 8.772482052304219451e+02 9.094986039179897261e+02 9.202670850618906115e+02 9.282762376541845697e+02 9.351031943041800787e+02 9.318429120093866231e+02 9.109049449056492449e+02 8.582956188118482714e+02 8.035346412498120117e+02 7.430284947929965256e+02 6.888519583996383062e+02 7.332643855924762875e+02 7.328579674661223180e+02 6.902916014502418420e+02 6.921559125026761876e+02 6.493564777358875517e+02 6.584649052348711393e+02 6.584649052415378492e+02 7.146796283999229900e+02 7.583453368626836664e+02 7.903865707390151556e+02 7.741267894158636409e+02 8.066746242932644009e+02 8.437588644359335603e+02 8.880353225244871282e+02 9.443163885274653921e+02
5.494002389372371908e+02 5.217837912188660994e+02 4.932210101165049991e+02 4.547680466892580853e+02 4.010606340570374755e+02 4.541617980501283682e+02 5.211631292975087035e+02 6.071391055502541576e+02 6.735115916477383280e+02 7.377365911158948393e+02 8.069148799567327615e+02 8.622229140616168479e+02 9.022712651101958272e+02 9.053020261706515157e+02 8.873229976501945657e+02 8.810806834989020899e+02 8.688612025926777278e+02 8.599116992573003699e+02 8.087114187155970058e+02 7.533874204080235586e+02 7.038504004916973145e+02 6.481404681078772683e+02 6.657061996263784067e+02 6.715685516377005797e+02 6.233973756720811252e+02 6.325945962244423981e+02 6.886092914799534128e+02 7.182339774380131985e+02 7.244732849126417022e+02 7.633896563187026914e+02 8.079957454951324962e+02 8.477721820028285720e+02 8.478343654199408093e+02 8.595807639245649625e+02 8.981314314115048774e+02 9.386898253043380009e+02 9.869186872458654989e+02
5.915676374174839793e+02 5.521740972726748851e+02 5.038867521195110157e+02 4.623554714365129712e+02 4.345574668618343139e+02 4.088602271450807848e+02 4.998728014918254416e+02 5.626045290158514263e+02 6.217434783274441088e+02 6.841035786428045640e+02 7.453567045846964447e+02 8.091494113001690494e+02 8.662375914860939474e+02 8.606786847092980679e+02 8.241768603391319630e+02 8.136434928029386811e+02 7.937035191702487964e+02 7.979871223091464572e+02 7.591830745698475766e+02 7.074873513311415536e+02 6.642343172159824007e+02 6.408602875708230613e+02 6.002972033633265028e+02 6.095269628649682545e+02 6.570500010282961512e+02 6.233973756787478351e+02 6.903065362464222972e+02 7.432255314674782767e+02 7.792533866345964952e+02 8.125732343043562196e+02 8.508007231869665929e+02 8.884361330469401992e+02 9.112855284271812479e+02 9.288816293746159545e+02 9.621353052946767548e+02 1.000799043897901356e+03 1.043429027070768370e+03
6.004525583480258319e+02 5.484621165002643011e+02 4.988009019810462519e+02 4.376340893705008170e+02 4.227001236716711219e+02 4.125940654241447305e+02 4.629222716670612954e+02 5.210690204175983808e+02 5.681782168554277632e+02 6.179957691263145989e+02 6.766719374008951036e+02 7.642104486730733015e+02 8.296595351954498483e+02 8.132207785487180445e+02 7.672798052714335881e+02 7.654385027822436314e+02 7.188774510034972991e+02 7.237336770943080637e+02 7.126391919190886028e+02 6.608965155079300757e+02 6.207864133422132227e+02 5.869641417125139924e+02 6.423287803148853072e+02 6.529237532933618695e+02 6.978106666840538992e+02 6.936518248331581162e+02 6.565934984010046946e+02 7.269308493275285628e+02 7.698331858722651759e+02 8.011875116611004159e+02 8.388796893111414192e+02 8.819911124013937069e+02 9.230019132644250703e+02 9.670398161750935060e+02 1.014332762159788672e+03 1.055721566721271756e+03 1.096486465237655466e+03
5.700300833956514452e+02 5.310124773332639734e+02 4.675738021729380876e+02 4.909449010196693735e+02 4.710588724374790104e+02 4.182019708549679535e+02 4.691363798704796864e+02 4.993274829900832970e+02 5.079790271104885164e+02 5.656611292473012327e+02 6.618636235962851515e+02 7.546313677248019758e+02 8.000898377667319892e+02 7.688559157367046737e+02 7.164549731638534240e+02 7.177270238981911916e+02 6.623822498369221421e+02 6.542707648788654069e+02 6.534174283026619605e+02 6.162276705077401857e+02 5.722704643085876342e+02 6.308628822489499726e+02 6.753873809699265394e+02 6.995074627333509625e+02 7.414585711207261056e+02 7.485561408754182366e+02 7.311016348468175465e+02 6.878734035214463347e+02 7.075473905777911341e+02 7.319272036252458520e+02 7.899711146987668826e+02 8.419712876244982453e+02 8.826635918584390765e+02 9.458168021667388530e+02 1.007028807693374119e+03 1.053637116122028829e+03 1.095448925616003180e+03
5.189679960515123867e+02 4.940946274957979085e+02 5.292485464187049047e+02 5.388639134304634126e+02 5.044689636904820418e+02 4.703461626672474836e+02 4.260254358546680464e+02 4.530014565507429438e+02 5.050436433325115786e+02 5.756677115881109330e+02 6.612779352097913943e+02 7.421456091374452626e+02 7.714870159234372977e+02 7.291516724672130749e+02 6.707457148276324688e+02 6.700680925776132426e+02 6.406398291784603316e+02 5.956416196463032975e+02 5.953631235378860538e+02 5.573673380717963255e+02 6.100990355047611047e+02 6.338697053156759011e+02 6.786278979206165332e+02 7.279911213767759364e+02 7.770847913762847838e+02 8.067221144567291731e+02 7.835495842351244846e+02 7.642911753146470346e+02 7.472149406147149193e+02 7.913332163400574473e+02 7.676386628732479949e+02 7.942507617672235938e+02 8.681236626010534110e+02 9.231310077337774374e+02 9.608426713942243396e+02 1.001903828673626776e+03 1.039198984622320950e+03
5.655665720286989426e+02 5.225690866674297013e+02 5.738083614444800560e+02 5.770708656584957907e+02 5.345398530157604000e+02 4.823347198331403547e+02 4.538541495746489431e+02 4.335511195673810221e+02 5.099728537543777520e+02 5.880219303578553536e+02 6.584718776716258617e+02 7.199232537335585675e+02 7.345128813114073409e+02 6.917455666697956076e+02 6.523928786668367366e+02 6.090572588352963521e+02 6.071832943130489184e+02 5.814812234794470669e+02 5.417845829752768623e+02 5.959257174798758570e+02 6.458397602972657978e+02 6.891841947029187168e+02 7.232053132339489139e+02 7.623114772950762017e+02 8.071344154561046480e+02 8.520999748224105588e+02 8.492119674403480758e+02 8.394991042243149195e+02 7.983573144506120798e+02 8.484119072729897653e+02 8.506992162848970338e+02 8.655237049268093870e+02 8.321025762556579366e+02 8.649895071542995311e+02 9.035525503588615948e+02 9.493647394610114816e+02 1.018694185269384889e+03
5.623052172737560568e+02 5.863601622315044324e+02 6.163986498133307350e+02 6.072012954017687889e+02 5.451417085097959898e+02 4.893720342243496475e+02 4.756351927036502047e+02 4.391617386993145828e+02 4.991496474051771202e+02 5.413763398567816694e+02 6.147817726618179677e+02 6.838629279633304350e+02 6.875273738917735500e+02 6.301940940147225092e+02 5.778663922384265561e+02 5.836520166323015246e+02 5.500351587149393708e+02 5.271317417399417309e+02 5.488838507220706333e+02 5.743529769037478445e+02 6.418411916363312457e+02 6.970002683275199615e+02 7.547997479315628198e+02 8.041560778281882449e+02 8.437998310278708232e+02 8.851070521041589245e+02 9.097615374569231790e+02 9.019762330070911958e+02 8.595967820375179826e+02 9.024032541204519475e+02 9.320094841581335459e+02 9.316193493814819249e+02 8.825850490280984104e+02 8.806161945201388335e+02 9.433768956411431645e+02 9.881709085969796433e+02 1.028165788461691818e+03
5.925071281297066434e+02 6.427650479847927727e+02 6.620190126950153626e+02 6.336263603913632778e+02 5.818175388028123507e+02 5.436078815383635856e+02 5.126926154280266701e+02 4.842932153382825504e+02 4.482894415899992282e+02 5.235663803931150824e+02 5.950875005229240742e+02 6.465337405482960094e+02 6.422369807361233143e+02 5.790927684216303533e+02 5.014430586446058555e+02 5.070998062474457697e+02 5.144085294153248924e+02 5.697338725319578998e+02 6.109866396569709650e+02 6.272276403880697444e+02 6.161743444214096144e+02 6.860659748653721408e+02 7.412456426056445480e+02 8.037509644638477084e+02 8.657446762357394618e+02 9.162326007354914736e+02 9.499912380827073548e+02 9.561689866012276298e+02 9.324788340193230169e+02 9.660065125448500112e+02 1.000796135213988464e+03 9.920153990456597057e+02 9.415864503297271995e+02 9.391477039161924267e+02 9.423646577264394182e+02 1.015575847200039789e+03 1.073615216924256401e+03
6.286808693298986555e+02 6.814228248604282498e+02 7.003810596408436595e+02 6.665646699333343577e+02 6.284581790341178476e+02 5.846004760705549188e+02 5.391995399745184159e+02 4.894044813541827921e+02 4.680048875136237143e+02 4.571084279854514989e+02 5.467993017500255064e+02 5.965355698562512998e+02 5.921025466998694355e+02 5.484798783978618530e+02 5.014430586379392025e+02 5.212421555093549159e+02 5.701847145510399741e+02 6.105678571976063722e+02 6.530962782196735361e+02 6.861621393131292734e+02 6.798669705986942517e+02 6.613936785734859996e+02 7.282283846597820229e+02 7.970576569750886620e+02 8.558224058862963375e+02 9.065881491366076261e+02 9.484039462040248054e+02 9.929524656905051643e+02 1.006022754978398098e+03 1.028386558267057353e+03 1.059343947947555534e+03 1.051777153795196227e+03 1.010121640805765651e+03 1.006830600013659819e+03 1.007018938297384352e+03 1.013993935898710788e+03 1.078947279265188627e+03
