output/field_example_lateral_ON/elevation_000043.asc
nrows	150
cellsize	66.66666667
xllcorner	0
ncols	150
yllcorner	0
NODATA_value	-9999
[rows 51 to 67 of 150, columns 0 to 36 of 150]
1.247441123991860574e-03 5.558504761203196409e+01 1.112760989598311454e+02 1.720632234351612055e+02 2.289355981567216816e+02 2.886393186126768455e+02 3.490037291598445108e+02 4.013707474963562163e+02 4.367961728079796444e+02 4.507996751424816466e+02 4.623771858050645278e+02 4.666428993571361161e+02 4.570339231749381952e+02 4.619151997809456702e+02 4.834965407378537066e+02 5.070368900941697916e+02 5.162922822941231971e+02 5.234650653087223873e+02 5.294879804918936088e+02 4.946842992346760184e+02 4.533094351217326903e+02 4.107618037743981745e+02 4.176107089050473746e+02 3.809046872862249984e+02 3.438148398407064974e+02 3.149904906356981655e+02 3.724337117757745546e+02 3.844995372820458215e+02 4.112753971066698000e+02 4.401466403707400445e+02 4.741279711964692751e+02 5.332778060428377103e+02 6.004856582455751095e+02 6.740600802458969838e+02 7.238802056384503203e+02 7.098674732466881778e+02 6.421567869138865490e+02
8.991442672098762376e-04 5.972453281447865692e+01 8.794296209199904979e+01 1.324218152176763681e+02 1.848546784558662353e+02 2.443756946398667083e+02 3.094047312001178511e+02 3.678149054538042151e+02 3.955748638879462078e+02 3.931845431362201566e+02 4.035496103474606571e+02 4.136706025085168790e+02 3.856940218576414168e+02 3.889893040354217533e+02 4.223080375062940561e+02 4.583104730289104509e+02 4.521303716978327429e+02 4.527546187684800429e+02 4.731648385940101775e+02 4.476637471753295472e+02 3.950995537272902993e+02 3.494075398155233074e+02 3.594674559308278390e+02 3.262077859452786015e+02 2.903449612122382746e+02 3.458717095571980167e+02 3.493618138035550942e+02 4.003348635069272063e+02 4.465561435905019607e+02 4.826800828072080094e+02 5.114620035500510653e+02 5.513469647465167327e+02 6.161116878816762892e+02 6.871967024158766435e+02 7.214368172268534636e+02 6.957813429977894657e+02 6.359598717794160621e+02
1.138240608956130094e-03 3.569717096828185987e+01 1.049763774888155154e+02 1.742379697447655644e+02 2.310756301012157508e+02 2.794458177573267790e+02 3.204300347448480011e+02 3.381495173832980186e+02 3.306390343611989806e+02 3.216521387217223946e+02 3.357209584260326096e+02 3.519803579496955876e+02 3.153307668408349400e+02 3.188244657175918064e+02 3.639090162630574810e+02 4.002100796572069612e+02 3.784945907106267668e+02 3.721804374367101786e+02 4.118344376259350383e+02 4.115045687136139350e+02 3.561238703581649929e+02 2.983773941562693608e+02 3.018340273913516398e+02 2.628444020756650161e+02 3.240729348588019434e+02 3.724957378597384263e+02 3.992826557809539167e+02 4.010920037106175187e+02 4.417072358635757041e+02 4.896108845373873351e+02 5.466712354534954557e+02 5.997821541369634133e+02 6.574583029637351501e+02 6.997234423260852054e+02 6.999887304698964954e+02 6.559685568072311526e+02 6.133558866926813380e+02
6.940593384278977021e-04 6.643510349925688274e+01 1.190077646406446092e+02 1.828329607625042001e+02 2.404417129325943847e+02 2.714378676786465121e+02 2.852481917939618370e+02 2.764494752080066746e+02 2.621108442821745257e+02 2.532113614124878609e+02 2.739578889341212857e+02 2.950102396643447946e+02 2.560262293236576738e+02 2.638444392164763599e+02 3.185737140763498019e+02 3.420535359944722700e+02 3.082544256082310312e+02 2.995053471228679314e+02 3.489037816721931335e+02 3.595697533990059469e+02 3.409133640296680028e+02 2.974574618205568868e+02 2.360728900808858839e+02 2.718801244449181240e+02 3.172463262447087118e+02 3.691350351871803355e+02 4.167126027953847824e+02 4.451505169152437134e+02 4.791513326686670098e+02 5.283708059495114640e+02 5.835134947604211675e+02 6.447332782435564695e+02 6.875160683793703811e+02 6.976821132817054831e+02 6.670116486558865745e+02 6.116695210019896649e+02 5.575202161266896610e+02
1.055237303129000518e-03 6.129801935280647740e+01 1.247658017893991484e+02 1.829671417372380233e+02 2.122480537033245866e+02 2.141122831021118600e+02 2.202911154201278805e+02 2.107527453265679185e+02 2.001805092632220635e+02 1.912159045104098141e+02 2.368426177554206049e+02 2.450824216633822630e+02 2.057505446250974614e+02 2.199628604486682661e+02 2.772963068765214416e+02 2.881973348185603641e+02 2.488709553395910348e+02 2.371140546526039259e+02 2.836847241095794061e+02 2.889130050690066014e+02 2.897351546176656711e+02 2.561193191311451187e+02 2.409935492203773890e+02 2.116918511072778699e+02 2.665898066642878348e+02 3.305963758011851041e+02 4.017435125397277602e+02 4.699002524609273337e+02 5.225604154250473812e+02 5.688278161925989025e+02 6.266690608792425792e+02 6.756328391720152240e+02 7.002279940052642360e+02 6.729521668515244528e+02 6.173939377680693497e+02 5.642189486534380194e+02 5.124323920338262042e+02
1.562014952837139075e-03 6.313011896317939176e+01 1.206262328370925587e+02 1.499952320885464303e+02 1.521310463457451192e+02 1.469058073247732636e+02 1.580408692915775077e+02 1.519389915192177511e+02 1.472978296345993954e+02 1.428913309412258741e+02 1.883435709323634057e+02 1.860471928169067724e+02 1.611070969061922824e+02 2.100233602744635562e+02 2.312340989337861288e+02 2.330217051285607397e+02 2.003172874150455698e+02 1.850015637960391928e+02 2.130357210950513718e+02 2.198241838887475978e+02 2.308132253206439373e+02 1.904004737104929745e+02 1.904004737171596275e+02 2.184523019625398490e+02 3.080840471390370112e+02 3.798634693210166233e+02 4.455858796911839477e+02 5.059215249487933193e+02 5.573974771115186968e+02 6.029387025884333298e+02 6.477935928684432838e+02 6.867678257839643265e+02 6.877299937772539806e+02 6.333958122279831287e+02 5.720443739199229185e+02 5.123689396977363231e+02 4.659292518838398678e+02
7.585375989290401438e-04 5.475930992510483009e+01 8.194018465881173086e+01 8.844205180646237352e+01 8.833690695204884946e+01 8.471396249449941251e+01 1.087661581961963435e+02 1.005344874927920671e+02 1.011746087585957099e+02 1.016568226432597442e+02 1.337634848053380665e+02 1.135346616863201774e+02 1.467006142279658434e+02 1.660303835064507609e+02 1.703313606105121494e+02 1.754906908221848312e+02 1.768169888014836033e+02 1.409889962034478685e+02 1.506412674632632047e+02 1.596752211962522665e+02 1.708925712994687274e+02 2.170139331455167735e+02 2.304915449743039346e+02 2.637497978907579750e+02 3.176542216085377959e+02 3.892114656502201910e+02 4.560797019360005606e+02 5.058189290179411728e+02 5.453015297558946486e+02 5.827663462197348281e+02 6.162629056456979697e+02 6.626610509510561542e+02 6.684441029545525907e+02 6.050152351458107205e+02 5.300387452406266675e+02 4.682993589155436212e+02 4.191626691480131512e+02
1.046285099159314971e-03 7.053130066567530498e+00 1.517165435025409437e+01 2.322417522890438235e+01 3.086508915524735386e+01 3.793228318691626555e+01 4.599597128346756847e+01 5.312321236691229132e+01 5.984497399021275754e+01 6.736193650160737434e+01 7.561860159746332499e+01 8.208955085355194115e+01 9.069008926502742440e+01 1.000201847959413470e+02 1.089889437922896605e+02 1.167050188401434951e+02 1.271306283337295895e+02 1.774956916033814309e+02 2.042579956433669963e+02 1.977120301819400936e+02 1.596752212029189195e+02 2.037135056642040354e+02 1.815990258479436648e+02 2.536649398321321200e+02 3.229603277136891393e+02 3.851850307972026712e+02 4.237829036108253717e+02 4.474074510923067010e+02 4.860996500130914342e+02 5.182710603537472025e+02 5.675865559638764353e+02 6.292545394962600085e+02 6.631736011929103825e+02 6.316155890195437905e+02 5.682402753303296095e+02 5.160153181382153207e+02 4.581888433936346701e+02
1.106265462435658282e-03 5.429448377329399733e+01 8.122415468763247759e+01 8.819563250157040102e+01 8.847052810186431770e+01 8.369311707674469858e+01 1.079668079639752278e+02 9.822335694396943495e+01 9.484733457042078442e+01 1.319865372560773551e+02 1.393304462915250497e+02 1.111513589662727810e+02 1.463094921279932237e+02 1.676253687710951112e+02 1.703300348181194295e+02 1.313207324888672929e+02 1.857345997419781156e+02 2.086051817230948018e+02 2.460733000834231348e+02 2.324544628325608926e+02 2.249052266137181846e+02 1.815990258412770118e+02 1.815990258479436648e+02 2.021398117227947466e+02 2.826022383855384987e+02 3.375352198903945009e+02 3.520343609447631366e+02 3.889804255555467876e+02 4.226681914250315799e+02 4.571983648479332487e+02 5.185436141562054218e+02 5.891826607362158938e+02 6.511513398396965613e+02 6.468004290064185398e+02 5.933307477111053458e+02 5.209985318983988236e+02 4.505685534746273788e+02
1.588587968374398059e-03 6.232376676475830379e+01 1.191497809559199226e+02 1.489400480609249371e+02 1.518046985448815747e+02 1.459950462541085869e+02 1.526093051330949208e+02 1.475182851446434995e+02 1.393188286154726256e+02 1.874887111578289876e+02 1.907462011802971915e+02 1.838514509868599873e+02 1.558661773099213121e+02 2.115784858608803063e+02 2.162285828889209256e+02 1.642321181073435241e+02 2.189395330538922906e+02 2.674155231693328574e+02 2.873858493240526855e+02 2.867268931442902158e+02 2.819668293769364595e+02 2.412848687587634515e+02 2.012081455718248151e+02 2.297249773944103879e+02 2.338536623487410679e+02 2.627191911853227566e+02 2.976855804638967697e+02 3.364531800947589772e+02 3.807757940092287754e+02 4.404610637822350441e+02 5.106868683451450579e+02 5.879157895165091077e+02 6.471119035525815661e+02 6.425849257402105650e+02 5.913950339117136537e+02 5.194376112684891496e+02 4.474719056200235627e+02
1.279216666935708386e-03 5.867516986612284313e+01 1.216431098575677368e+02 1.798356282931829355e+02 2.099952609009479261e+02 2.107714701850331096e+02 2.097923098551647740e+02 2.059889245592761142e+02 1.965219241562793684e+02 2.433056403658965792e+02 2.515726018885776512e+02 2.401832595710614271e+02 1.900792941007933052e+02 2.466630742283313111e+02 2.539292392451802698e+02 2.028383335231513627e+02 2.561390513845656187e+02 3.095314343055382551e+02 3.457667114490919857e+02 3.473731593241208770e+02 3.332773308227337452e+02 2.799523417591862540e+02 2.261805003140489987e+02 2.769118369981214869e+02 3.055616706763699995e+02 2.892415567316135139e+02 3.517661459767860492e+02 3.932612877812605916e+02 4.390249597168942728e+02 4.909562858878524594e+02 5.509822492465664254e+02 6.155284281793688024e+02 6.448226587701797143e+02 6.174385574719765373e+02 5.639562221033821743e+02 5.163967719967311041e+02 4.562649149499625310e+02
9.095820746289582119e-04 5.322542885796615764e+01 1.132896823527812700e+02 1.778472735664776678e+02 2.373550807732884493e+02 2.684380092198406942e+02 2.726311661134110409e+02 2.735669723142622729e+02 2.690104314738274525e+02 2.914787451811139931e+02 3.115008272982422000e+02 2.783307816296966166e+02 2.276219090169529409e+02 2.833908691193664708e+02 2.922809432213134642e+02 2.428650434763923158e+02 3.002457492005189010e+02 3.494627132121543696e+02 3.989999735804087209e+02 4.072991860945490998e+02 3.695537589367301052e+02 3.117999143041580510e+02 2.552763583155917217e+02 3.220981977172116899e+02 3.642396579355487916e+02 3.624521659948017032e+02 3.527364736591626979e+02 4.256049183633869575e+02 4.860170643294404158e+02 5.426291879508934244e+02 5.986407521512168159e+02 6.383101293025008545e+02 6.270056080716576616e+02 5.726803914383194751e+02 5.203643053695597018e+02 4.711997306208774603e+02 4.276439224217774608e+02
1.451728525893234128e-03 5.051469064706736134e+01 1.066078108652342422e+02 1.683795302538458998e+02 2.338314588711173201e+02 2.926488207217415152e+02 3.253611010470182805e+02 3.394802286571038508e+02 3.410564648144349462e+02 3.569078767605393523e+02 3.640587528726145479e+02 3.196309304760713417e+02 2.705551636197070593e+02 3.207233373247033796e+02 3.358420605893660991e+02 2.974982956931076501e+02 3.067703198645004363e+02 3.780110473010058740e+02 4.408048769125603030e+02 4.527638297158613341e+02 4.059088469774775945e+02 3.446506950873833262e+02 2.871893585354044376e+02 3.378364092918072288e+02 3.998405974501805531e+02 4.307345136869812450e+02 4.148400904358061894e+02 4.196391571203738522e+02 4.796046513299331195e+02 5.510126057710027681e+02 6.246684290365055858e+02 6.545617991588969744e+02 6.058901475951141720e+02 5.309959732920546003e+02 4.706474948732391113e+02 4.240747814768449189e+02 3.891619753424787973e+02
-1.561618357994713595e-03 6.141477784058274381e+01 1.123263381418369420e+02 1.655919420553266832e+02 2.258384616575574171e+02 2.821224161882695398e+02 3.278768183721209653e+02 3.670753512078531458e+02 3.961904814129417218e+02 4.155126221938847948e+02 4.096562456328468329e+02 3.563829589658838017e+02 3.330248387314351248e+02 3.450342987865819850e+02 3.837922838828445151e+02 3.572216262980315946e+02 3.560237466428148423e+02 4.164488183635575638e+02 4.789994062422827596e+02 4.920701934895018894e+02 4.426331322554316898e+02 3.816164815109590904e+02 3.242272498476655755e+02 3.795967329328964297e+02 4.397013824382784719e+02 4.882227360650610422e+02 4.796536468741680324e+02 4.786050743630997317e+02 5.238672459976023674e+02 5.876138550515124734e+02 6.531083469134302959e+02 6.739011151720799262e+02 6.216296496978135337e+02 5.658209699578965228e+02 5.010899854304042265e+02 4.314511820887766476e+02 3.720295966794061542e+02
-1.629181703595709635e-03 2.565113866202863591e+01 5.830973175782823859e+01 1.199466857754385387e+02 1.843093001194231704e+02 2.360442549718534906e+02 2.847004399572200555e+02 3.424083134556101982e+02 3.930894481442531969e+02 4.366082028125819647e+02 4.488754578617151196e+02 4.180267039346921933e+02 3.997001550791009663e+02 4.026814014944278597e+02 4.393392679253490769e+02 4.217282004797147010e+02 4.159118415641123079e+02 4.661532301183565892e+02 5.214119156620938611e+02 5.316847344059453917e+02 4.827974270053218788e+02 4.321458553594156911e+02 3.673032283699561731e+02 4.236543778749793887e+02 4.843253174773324758e+02 5.389299520593582429e+02 5.470406375858932506e+02 5.493489978090742625e+02 5.844875801882265023e+02 6.301868920297032446e+02 6.830844239911938303e+02 6.965022804059912005e+02 6.591547339771985889e+02 6.048309460003831646e+02 5.369388648778763127e+02 4.802653089605043419e+02 4.367923589121418786e+02
-5.536218851392299412e-03 6.275650751932214888e+01 1.050963685037445856e+02 1.059974178925939157e+02 1.419491936931760279e+02 1.840387191620219198e+02 2.331428744679624856e+02 2.907253472189624404e+02 3.558428452716354400e+02 4.250466428019523164e+02 4.798321218104944705e+02 4.774545376829711358e+02 4.683965086270300162e+02 4.692381022568067124e+02 4.981043679596488118e+02 4.903513570285045944e+02 4.877705470631911453e+02 5.234562203938633047e+02 5.674455135316819678e+02 5.718283678624428603e+02 5.221068636859059779e+02 4.568324416847202656e+02 4.185270001186143531e+02 4.688142315977826797e+02 5.280710911039152506e+02 5.835845546696301653e+02 6.068146884285766873e+02 6.149161020401299993e+02 6.383101396778276921e+02 6.711351910385125166e+02 7.025561745807772240e+02 7.010532281870342786e+02 6.651164127093967409e+02 6.201021518857252204e+02 5.721304355963548005e+02 5.306584233507277304e+02 4.948911242976514586e+02
-5.099245925878344993e-03 6.511534878881758459e+01 1.283892907657188118e+02 1.684046932650607857e+02 2.006871797195524607e+02 2.413193258546733091e+02 2.870856753296106945e+02 3.390492221547525560e+02 4.024016909434169520e+02 4.570917764500564999e+02 5.007313169484385185e+02 5.195116029755924956e+02 5.221770563155346281e+02 5.288124848646375540e+02 5.424343753882751571e+02 5.457797724005528153e+02 5.540256827480864104e+02 5.800399878725579583e+02 6.078945057256707969e+02 6.084168404536532080e+02 5.627130657912566676e+02 5.125416872838557083e+02 4.934103601437456632e+02 5.151578935236591406e+02 5.733391960745002507e+02 6.099513928776038938e+02 6.171093068114920470e+02 6.095592068961411769e+02 6.234541116511780956e+02 6.525978790080156386e+02 6.806551557563900587e+02 6.736819722661001606e+02 6.235323643781885039e+02 5.791824555793159561e+02 5.508387825321143509e+02 5.274326530209135626e+02 4.995697497176059301e+02
