output/field_example_lateral_ON/elevation_000088.asc
nrows	150
cellsize	66.66666667
xllcorner	0
ncols	150
yllcorner	0
NODATA_value	-9999
[rows 34 to 50 of 150, columns 37 to 73 of 150]
4.330687746874835398e+02 4.029102907694155533e+02 3.733366830523937097e+02 3.212355979099911565e+02 3.119891069734728148e+02 3.659794250579992081e+02 4.096415300513227749e+02 4.518759800621837144e+02 4.986580699695314820e+02 5.354480051700360264e+02 5.573341453978015352e+02 5.989567534524209123e+02 6.425032734855180934e+02 6.917287378296991847e+02 7.523435254248838646e+02 7.993144559758735568e+02 8.135910806898589271e+02 7.887701557235137670e+02 7.504126405876044146e+02 7.405320681038188013e+02 7.464275009953494191e+02 7.581058492004051459e+02 7.961793948944670092e+02 8.201637658601771363e+02 8.059594565720716446e+02 7.634646290041863494e+02 7.053280306491446936e+02 6.544186357609459037e+02 6.032054025667757742e+02 5.576465873422356481e+02 5.137865813927443241e+02 5.573118887268260551e+02 5.432903002715360117e+02 5.783407740980858307e+02 5.804694052349519779e+02 6.332857814494946069e+02 6.969088232069865398e+02
4.181967316393699434e+02 3.469890992113784023e+02 3.469890992047117493e+02 3.832121051424576308e+02 3.774497730423967141e+02 3.376749959543104183e+02 3.567093310540935249e+02 4.119979860973555219e+02 4.615471873723398062e+02 4.666134679446556675e+02 5.037702559280214132e+02 5.448259286318331078e+02 5.894803710054458179e+02 6.437459350725916920e+02 7.085184898390626813e+02 7.792482004967223475e+02 8.228018347347208419e+02 8.247732620483368464e+02 8.075507750187192642e+02 7.997062462971140349e+02 8.036975122252674737e+02 8.145541517101335103e+02 8.308108873035592978e+02 8.229565386340726718e+02 7.770652955695619539e+02 7.114222708868686595e+02 6.532012487678344996e+02 5.988729512702013835e+02 5.580099788255166686e+02 5.157076558499038583e+02 4.753677431544159617e+02 5.106564734884687482e+02 4.928665542549326801e+02 5.087619849776676233e+02 5.394718235303365645e+02 5.942029505017372912e+02 6.641746672198087253e+02
4.087012912508392901e+02 3.644592206797166227e+02 4.048348826608667537e+02 4.398983261867633701e+02 4.350601528324216360e+02 3.935644749532291939e+02 4.116303235233477835e+02 3.821812116751043504e+02 4.131846112075245401e+02 4.708815158042848452e+02 5.133090165014182276e+02 5.490147188706332599e+02 5.727958268791155660e+02 6.223713107767823658e+02 6.815317463932705095e+02 7.482353592910936868e+02 8.111867824529037989e+02 8.239710703092856647e+02 8.089143779737770501e+02 8.035487074069636719e+02 8.062686627964869786e+02 8.146987934866660908e+02 8.288640052975279104e+02 8.097544700114294756e+02 7.413070884515497028e+02 6.681538182157819392e+02 6.048986189117330241e+02 5.524452822892318409e+02 5.088743693917234054e+02 4.838787347604035745e+02 4.436874828796126735e+02 4.590934634786097490e+02 4.499282092040864995e+02 4.787593890522446713e+02 5.333834465295591372e+02 5.949259032835957441e+02 6.634214868988915441e+02
4.437040965717547465e+02 3.886919067109355979e+02 4.485145737626282880e+02 4.925805227637171129e+02 4.914525953690028928e+02 4.541517852747493862e+02 4.569933023725143926e+02 4.102203365077915578e+02 4.101791710251863492e+02 4.376850632073606562e+02 4.702504982699101674e+02 5.081395577733840696e+02 5.568127508942242230e+02 6.140846046509757343e+02 6.797114476327617467e+02 7.491305055729296782e+02 7.954974453770477112e+02 7.817866074920451638e+02 7.416014261971798760e+02 7.377166439629432944e+02 7.411123148265573946e+02 7.488068224501654413e+02 7.888339267031276449e+02 8.033130080630256771e+02 7.649471791968488787e+02 7.100225656705378015e+02 6.552594464800415608e+02 6.011416244805544693e+02 5.360441960095155309e+02 4.577501729991549269e+02 4.221947632820090917e+02 4.060122866460194473e+02 4.294081338426885281e+02 4.815996850158440452e+02 5.397396279174278106e+02 6.025924201742469677e+02 6.635444836974351119e+02
4.244740619264193242e+02 4.540595469466770169e+02 4.909066074824446559e+02 5.398649042300384053e+02 5.461835006906237595e+02 5.150369972749341514e+02 4.920685840242700806e+02 4.435244239244858022e+02 4.434156348804324352e+02 4.753373599196667101e+02 5.138064128701106483e+02 5.547419628215484408e+02 6.056659112765401005e+02 6.597144349465512505e+02 7.200626540235052744e+02 7.616246062333486861e+02 7.630623087707699597e+02 7.216919507424273661e+02 6.651180731023417820e+02 6.594906321663225981e+02 6.645043112721355101e+02 6.741757622122380553e+02 7.272687517681530380e+02 7.698044602105475178e+02 7.613335004779047495e+02 7.183139078857138884e+02 6.694649515769249319e+02 6.145682402133760434e+02 5.505557522455976596e+02 5.016626309677636186e+02 4.481336891789990204e+02 3.854249713475095405e+02 4.444562276938343075e+02 4.909343161918864666e+02 5.474603002493154236e+02 5.988351481674619663e+02 6.198034734653632540e+02
4.935918740661193169e+02 4.661645763008734775e+02 5.294631950456574714e+02 5.825402113770217056e+02 5.941771909769555577e+02 5.560999167949413504e+02 5.001922024641814346e+02 5.050745237893469834e+02 4.975398720152086298e+02 5.051071486824534986e+02 5.547164703969709763e+02 6.055152277071227900e+02 6.554586315411866053e+02 7.100868916728788918e+02 7.473247219531926930e+02 7.548898244378032132e+02 7.224484032480489759e+02 6.593110637797104800e+02 5.956026484804008305e+02 5.875055912517766501e+02 5.948693975991534444e+02 6.070526243936240007e+02 6.704675718756199103e+02 7.293887028095550704e+02 7.295803594536774881e+02 6.779486897900924305e+02 6.297846387912356931e+02 5.870921133446527165e+02 5.448578284076046430e+02 4.935889183401914124e+02 4.364105431659781971e+02 3.674341078939403928e+02 4.172193810921173167e+02 4.809480037083017692e+02 5.346505235495316128e+02 5.546068365318201359e+02 5.515289240917139750e+02
5.464665089298038083e+02 4.990636637773407642e+02 5.673845357684980399e+02 6.200239577928973631e+02 6.342977820408762000e+02 5.930766966860774119e+02 5.467334366068439522e+02 5.696851375908634054e+02 5.587352962060018626e+02 5.587083109795319160e+02 5.986379101569143586e+02 6.517214873527992722e+02 7.071911293952944106e+02 7.430234214586314465e+02 7.496390919410434890e+02 7.240732758100781439e+02 6.720424935263404222e+02 6.114678645079067110e+02 5.380389955079267565e+02 5.240675415055291069e+02 5.347455782985223323e+02 5.519056882832952624e+02 6.272670382195487946e+02 6.970236122593238406e+02 6.967952951811297453e+02 6.371722217953482641e+02 5.768086200456658617e+02 5.366944740622221843e+02 5.034829626291666500e+02 4.470039085458154204e+02 4.016774322053566380e+02 3.503748050425230076e+02 4.133475782962117364e+02 4.703170995771507137e+02 4.888432422412062692e+02 4.855795632292410460e+02 4.889511874574573085e+02
5.802836660169609786e+02 5.351186602705458881e+02 5.840661314335228553e+02 6.489627373741878955e+02 6.718604671211438699e+02 6.335771803920929415e+02 6.139971785691723198e+02 6.243922605082922246e+02 6.265075771177049546e+02 6.271872906364387745e+02 6.583481480230414036e+02 6.971845885369183407e+02 7.416670779369901538e+02 7.515714988927259128e+02 7.182850178769717786e+02 6.705416131591215390e+02 6.266702518695024082e+02 5.704816244192244312e+02 5.257488655062313683e+02 4.663813476888873311e+02 4.819817537381088073e+02 5.495570553907267595e+02 6.214069213479800737e+02 6.815179512874099146e+02 6.724115393598505079e+02 6.031331831225122642e+02 5.343606659701895296e+02 4.797684095368776411e+02 4.754791411124305114e+02 4.393869976542010249e+02 3.638700750814365961e+02 3.341273668345480132e+02 4.025744178148394212e+02 4.362438677847773079e+02 4.194525285494498235e+02 4.127846418075513384e+02 4.517276611025975512e+02
6.270090157544860858e+02 5.783815730016862062e+02 6.203525918701160435e+02 6.751565749589040024e+02 7.137324694525767654e+02 6.979722588661404643e+02 6.842876990933458501e+02 6.880056919107317981e+02 6.967558900613886408e+02 6.997489988387231961e+02 7.163326454443982811e+02 7.406015658568717299e+02 7.610625334915430358e+02 7.390083670963988425e+02 6.721210897591201956e+02 6.029315725843255223e+02 5.818495905617409107e+02 5.314802305951471908e+02 4.787532266030788719e+02 4.270580339819415485e+02 4.940393499062095657e+02 5.572038033025310142e+02 6.204648204197103496e+02 6.701715625345506169e+02 6.625779225638664229e+02 5.991476075898133331e+02 5.307668872789231500e+02 4.698125888374912051e+02 4.156846173567703886e+02 4.124392063319793351e+02 3.712249486347134280e+02 3.191488018756456313e+02 3.826137653352093935e+02 4.000486144623744735e+02 3.463421362136049879e+02 3.780958248336449969e+02 4.188148656254554112e+02
6.762453102167251018e+02 6.364422374434390122e+02 6.565376933265768002e+02 7.122522321999535961e+02 7.548939155282137108e+02 7.557547826006635887e+02 7.442798947385559813e+02 7.389666240663623284e+02 7.352517857008535884e+02 7.243939269938520056e+02 7.180373389998658240e+02 7.315463183579303177e+02 7.459134157921337192e+02 7.219704406682064928e+02 6.544834799293930701e+02 5.813782114413704676e+02 5.137130226852826809e+02 4.960947254987689234e+02 4.459486366426700670e+02 3.979780645798605860e+02 4.538735278061424765e+02 5.171967211767487242e+02 5.869588211887736406e+02 6.513624787986814226e+02 6.546734825261443120e+02 5.972950844237570891e+02 5.309249442943274744e+02 4.691356091292104793e+02 4.118517603849206239e+02 3.608614759941978036e+02 3.280848198269550835e+02 3.034727906194252114e+02 3.595433649587633909e+02 3.691076445045102901e+02 3.463421362069383349e+02 3.882095831368026779e+02 4.354845317615312865e+02
7.358158784154571777e+02 7.022733842763857410e+02 7.155717311203023883e+02 7.587033703874354842e+02 7.822321596293053290e+02 7.715922574612411609e+02 7.461885434262377430e+02 7.223732174611172923e+02 7.000660766469333112e+02 6.767356406878013786e+02 6.532941168259420692e+02 6.700011694439300527e+02 7.044640741638246482e+02 6.999195415041218666e+02 6.441478263298997717e+02 5.745793763129765921e+02 5.042921419809355257e+02 4.411109456676533114e+02 3.979780645731939330e+02 4.247801894626584840e+02 4.696152476657799753e+02 5.246411935753105809e+02 5.834409049094700777e+02 6.373272403245730402e+02 6.441981602334728905e+02 5.968138488948745817e+02 5.394443962646550972e+02 4.894674483765663808e+02 4.445051565537362990e+02 4.010110855176570226e+02 3.487126662346886405e+02 2.897144249052366831e+02 3.231907726841350268e+02 3.111688738218447838e+02 3.845992016027021805e+02 4.424873176888865487e+02 4.924770601185264240e+02
7.841175650826131687e+02 7.713339021316372737e+02 7.779634986421277745e+02 7.918927147592579558e+02 7.767930908844575697e+02 7.407037768144077745e+02 6.944252506587304197e+02 6.593090710481675387e+02 6.284745619933087255e+02 6.237728107564342963e+02 5.834706475218498554e+02 6.073758533435975551e+02 6.591374895497971238e+02 6.635188954681690348e+02 6.422914399155425826e+02 5.956620096794830488e+02 5.424204620207075322e+02 4.896143956494137228e+02 4.324981184695082561e+02 3.660580992865292842e+02 4.260267292056003043e+02 4.696589767908218391e+02 5.440561144024437681e+02 6.143544617468331808e+02 6.238059889482523204e+02 5.630849627411336087e+02 4.973933284065260523e+02 4.415994113646654000e+02 4.209299588146892575e+02 3.886063292714360955e+02 3.601702716595411857e+02 3.209447829698701184e+02 2.682042520097703573e+02 3.368436230258583350e+02 3.983114610693168061e+02 4.535600448968068577e+02 5.012846713020888956e+02
7.991682644832694677e+02 8.217463172527449160e+02 8.231409156631685846e+02 7.931792174870553254e+02 7.451120042150679410e+02 6.853874009009988413e+02 6.360908454402666621e+02 5.936170855510630417e+02 5.603321391287621509e+02 5.670578647068892906e+02 5.229110169696309640e+02 5.690724500592547201e+02 6.105263363914929187e+02 6.000212704798868799e+02 5.950568558624202069e+02 5.675595236375468176e+02 5.334703249137920693e+02 4.847577537478745171e+02 4.214635627266330289e+02 3.442513514239804522e+02 3.735600607723154098e+02 4.477631573688955768e+02 5.301596616633858048e+02 6.007865127658477604e+02 6.140858244097021270e+02 5.558214014833010879e+02 4.860608820369605496e+02 4.228798511299025904e+02 3.674584205091553031e+02 3.278363209221196257e+02 3.278051913738268013e+02 3.075440288784715790e+02 2.540055007474299202e+02 3.208209417704014186e+02 3.553651575655118791e+02 4.148018236039096109e+02 4.915128640977046643e+02
7.778238871546629980e+02 8.243694528417076981e+02 8.248112254681612967e+02 7.688315526089952527e+02 6.977350056414665005e+02 6.330094356961425319e+02 5.782117697808955654e+02 5.326587418992081666e+02 5.051315737113384330e+02 5.100985113962170772e+02 4.756642289639818273e+02 5.269671531948179108e+02 5.555158896939021815e+02 5.301555088922474397e+02 5.253415414382001245e+02 5.212253406992803093e+02 4.838743372804193541e+02 4.437934665706204669e+02 3.901373540106149562e+02 3.272248539267449701e+02 3.846303540152896403e+02 4.522827089635284210e+02 5.293599683890648748e+02 5.929301579047006499e+02 6.121755118928361981e+02 5.581118565595878636e+02 4.851567125941429026e+02 4.193386436784983857e+02 3.632175105848353951e+02 3.148620997819547256e+02 2.723608624747304816e+02 2.764914180204432341e+02 2.419450920897127730e+02 2.829382535380792660e+02 3.453823337227543675e+02 4.127710202724968553e+02 4.855663623982916874e+02
7.412559899295555397e+02 8.116581725286519031e+02 8.198194903743827808e+02 7.627880528091053520e+02 6.900341075000034152e+02 6.234506711429021379e+02 5.664477445521418986e+02 5.177129704541210913e+02 4.740711962285433287e+02 4.428803638133901472e+02 4.357275713832303836e+02 4.942805487252983880e+02 5.037636931818830703e+02 4.630550993811486364e+02 4.543601110942101400e+02 4.560116916127953459e+02 4.471567382507105890e+02 3.984791583634564631e+02 3.586119081231742598e+02 3.107236287936814847e+02 3.785034766362061305e+02 4.310605898441288559e+02 5.004069833248623240e+02 5.744074922200250057e+02 6.131374552280841499e+02 5.822033639400558513e+02 5.237450248014397403e+02 4.636848662602943705e+02 4.095675220974102331e+02 3.518445774592462953e+02 2.862149928881038363e+02 2.255527164983130319e+02 2.827905950734967178e+02 3.265764736052732360e+02 3.607362489684591083e+02 4.194534129160247744e+02 4.826775536225045471e+02
7.751428892265817012e+02 8.147894833370500010e+02 8.165342906960643177e+02 7.780236906958165264e+02 7.271377146094826003e+02 6.646716447276022564e+02 6.154816045428102598e+02 5.629288253095692198e+02 5.105684187277144588e+02 4.606889542755698130e+02 4.019161910463455456e+02 4.576738152242751880e+02 4.562907571473916164e+02 4.051719490479735555e+02 3.893373007856794743e+02 3.903287372103557118e+02 3.959589422618262802e+02 3.648320030297473409e+02 3.272910091535139827e+02 2.949089835735142060e+02 3.451297096975197292e+02 4.226357213225543319e+02 4.916867456494765065e+02 5.489153781643833554e+02 6.000538338086670365e+02 5.846333165668939955e+02 5.225488296890127913e+02 4.573821176824727104e+02 4.098404015697947784e+02 3.448104286191410779e+02 2.755862510083507004e+02 2.137083971200263477e+02 2.813642298089902738e+02 3.320663461349532213e+02 3.688785335226380653e+02 4.254024118973782151e+02 4.787308762375272977e+02
7.842276901482032372e+02 7.821989660913419584e+02 7.742158044196751234e+02 7.501525808301583993e+02 7.375650992560797476e+02 6.916482390584603763e+02 6.236130029946054947e+02 5.533364768040285071e+02 4.868173074743353368e+02 4.230344722554212353e+02 3.778900371339182129e+02 4.107315241788840581e+02 4.008705371461982168e+02 3.675107920113525211e+02 3.310141374539878143e+02 3.297615964993386797e+02 3.383049978249313767e+02 3.283448512709081228e+02 2.941422058884245416e+02 2.813540337641759947e+02 3.269833702019786870e+02 3.837153082620192777e+02 4.492767674205148296e+02 5.220216271649816235e+02 5.837383925570284191e+02 5.734843560761649996e+02 5.078462582862627528e+02 4.363488485052152441e+02 3.714509988152113351e+02 3.351035977198118303e+02 2.701181973408151293e+02 2.029754175121541380e+02 2.564833897079038252e+02 2.933152263414955314e+02 3.554161249852455171e+02 4.145810530874455822e+02 4.456527044947296758e+02
