output/field_example_lateral_ON/elevation_000081.asc
nrows	150
cellsize	66.66666667
xllcorner	0
ncols	150
yllcorner	0
NODATA_value	-9999
[rows 85 to 101 of 150, columns 111 to 147 of 150]
3.757374047244112489e+02 3.347448258427425571e+02 3.912284098828426977e+02 4.432920358200756255e+02 4.665121474132817525e+02 4.574625432095604083e+02 5.006521331385737881e+02 5.482114994458803494e+02 6.007236198214401384e+02 6.607972907592496767e+02 7.282057282956245672e+02 7.946204207799071355e+02 8.453481083959106854e+02 8.691210234675223774e+02 8.692552258253485888e+02 8.628154354652008351e+02 8.699874609915181054e+02 8.530539865397498716e+02 8.015614246068003013e+02 7.490694474567527550e+02 6.961421787561026804e+02 6.963717753725458124e+02 7.378476616945016531e+02 7.872614789431160034e+02 8.343329485556976124e+02 8.880156074514300144e+02 9.372627241572349703e+02 9.634828625976766716e+02 9.431949854489199652e+02 9.687112717391484011e+02 9.935497115692866146e+02 1.014959908885226469e+03 1.020765601831942377e+03 1.012907377068240180e+03 1.024431702781790818e+03 1.051741446104310853e+03 1.086335310432684309e+03
3.974092753140855621e+02 3.790037815122037728e+02 3.429153804400856416e+02 3.666093717498133628e+02 3.991851251705654136e+02 4.776201378513162581e+02 5.479190933720283283e+02 6.010037268903336098e+02 6.498467193849834302e+02 6.980438963008192559e+02 7.453773023970560416e+02 7.882324582177560615e+02 8.143720391528571554e+02 8.337268913439803555e+02 8.453286731398129632e+02 8.636980995395188074e+02 8.853109011021805372e+02 8.852523043285293625e+02 8.558760576679014775e+02 8.059104127624600551e+02 7.587800736402567736e+02 7.545625856545190118e+02 7.915685020885218819e+02 8.344362748653039716e+02 8.867629548353004338e+02 9.369946905912831880e+02 9.883828995244201678e+02 1.015517080832521287e+03 1.010630412197284500e+03 1.017961247989373533e+03 1.022920884468945246e+03 1.012893222502411049e+03 9.865631034496599341e+02 9.515131332514387168e+02 9.608036086330383796e+02 9.962500798705513034e+02 1.037806738826826177e+03
4.397404157706117189e+02 4.035740576389206922e+02 3.484526886107508403e+02 3.919244118798153522e+02 4.387095414131305233e+02 4.938204713730593767e+02 5.591569288801443918e+02 6.147314523160412136e+02 6.610716001808542615e+02 6.942517075508761764e+02 7.125965760542078442e+02 7.374904958644390263e+02 7.636162022725866336e+02 7.652018276434978361e+02 7.754485804264455737e+02 8.111296146084482643e+02 8.568358868988340191e+02 8.881749423141194484e+02 8.935047685721864354e+02 8.706139633714570891e+02 8.321328850356443354e+02 8.281158181054310035e+02 8.579542982364079080e+02 8.937683725677192115e+02 9.363607989384723851e+02 9.865437248533818320e+02 1.020711894448050202e+03 1.034652482088745728e+03 1.019138808122653586e+03 1.001493716379582224e+03 9.819176350998052385e+02 9.723774776569582627e+02 9.261296016323371987e+02 8.809650793850910304e+02 8.947610984222043271e+02 9.394331759076981143e+02 9.873541249098084336e+02
4.693424020777453052e+02 4.080205777892153378e+02 3.550836846111481009e+02 4.020639247436554911e+02 4.478631794797570933e+02 4.957093507536945935e+02 5.356626462469747594e+02 5.816829143314517978e+02 6.301336646029538997e+02 6.435497880727480151e+02 6.560061861758050554e+02 6.965664592927637386e+02 6.965573274437858800e+02 6.943297348406616720e+02 7.086790636563662247e+02 7.575173057716831408e+02 8.038779909833925785e+02 8.615324163792832906e+02 9.042798761387551849e+02 9.187681429264409871e+02 9.077016999188950876e+02 9.041960937110220584e+02 9.196950756299545446e+02 9.461331207786035975e+02 9.782919608987434685e+02 1.007078371765173074e+03 1.013336305704671872e+03 1.004717126926763058e+03 9.697673871878247382e+02 9.365356794255278601e+02 9.180992123807881171e+02 9.191747990061152223e+02 8.802145521192031765e+02 8.166736519329491557e+02 8.510726058500247291e+02 8.937353923628444363e+02 9.515470147482002403e+02
5.069747344932238775e+02 4.505900365360158162e+02 4.080188985435266886e+02 3.641358820876108098e+02 4.192469569979170387e+02 4.558104984920472589e+02 4.924395468370100275e+02 5.432201044038289410e+02 5.894647894376983004e+02 5.840656818444889495e+02 6.230619105578578001e+02 6.387448773792020802e+02 6.300151866829146456e+02 6.299711552253448872e+02 6.667707041437032558e+02 6.976173329328648833e+02 7.536459863681424167e+02 8.191826741527477225e+02 8.880223168282068400e+02 9.367214507041493334e+02 9.400030798004444250e+02 9.258427320250688126e+02 9.187467792581667254e+02 9.376970571125388005e+02 9.646022443890652767e+02 9.768580832673723080e+02 9.576099424240728695e+02 9.485410234943076375e+02 9.152639823164099653e+02 8.728018469755081696e+02 8.533847318985763195e+02 8.547675083832400560e+02 8.444285387569583463e+02 8.166736519262824459e+02 8.724291148870112238e+02 9.310253326449385440e+02 9.719162445274852189e+02
5.502752457079722035e+02 4.830475930823920407e+02 4.087138493594189299e+02 3.641358820942774628e+02 4.042963552732612698e+02 4.155390205297272246e+02 4.575606904803262296e+02 5.075040451794225191e+02 5.518246139748970336e+02 5.406457515571881913e+02 5.812503065229718686e+02 5.758110485886381866e+02 5.686513519539091703e+02 5.897335559290025913e+02 6.279288775124075528e+02 6.882995717643060516e+02 7.533587656789160292e+02 8.235602962451155236e+02 8.920303829430090445e+02 9.282828141485560991e+02 9.128980021289430624e+02 8.760034822369017320e+02 8.498222082034827736e+02 8.734377288476155172e+02 9.181909773667784975e+02 9.255121383271402919e+02 8.893146964479661847e+02 8.765833449321772832e+02 8.527621301118622341e+02 8.387948729859700734e+02 7.939236599192096264e+02 7.895104401988660356e+02 7.767314533517632071e+02 8.488030228603827254e+02 9.085656762498281296e+02 9.631773967338087914e+02 1.013243698885375579e+03
5.598984341396591162e+02 4.870160747940697092e+02 4.352566562331049340e+02 4.255014796275237927e+02 3.742532629758264306e+02 4.069399034275934355e+02 4.301605198586191818e+02 4.736485411260301248e+02 5.168404337664031800e+02 5.019461394031167742e+02 5.321597997363281820e+02 5.146493212155100991e+02 5.467484643726459126e+02 6.151463543334897395e+02 6.711579824812566812e+02 7.096572495304587846e+02 7.702896442013305887e+02 8.316286712277096740e+02 8.847543553462953696e+02 8.971855904633982846e+02 8.613177374772419626e+02 8.186169952218182289e+02 7.748671086507680457e+02 8.205319168945320598e+02 8.680627006392173826e+02 8.741463549693515915e+02 8.288767357433488314e+02 8.086980201580374796e+02 7.900608673716735666e+02 7.763774421143136806e+02 7.607416816630370704e+02 7.298425132288685973e+02 7.920417819991509987e+02 8.510416653401661051e+02 9.004770068957827789e+02 9.503643823054871973e+02 1.000983720752670365e+03
5.978500075026058767e+02 5.222085356362661059e+02 5.156457365584342369e+02 4.787866564080796934e+02 4.318949304194775323e+02 3.838397032794509300e+02 3.959647283804917492e+02 4.415778714993863332e+02 4.812407396337231376e+02 4.672402238492609285e+02 4.752311708944353654e+02 5.461012897373597070e+02 6.009352248459442762e+02 6.530676344949987424e+02 7.085191765618141062e+02 7.557825216546046931e+02 7.963509632863572278e+02 8.298044408710377411e+02 8.503511216006565974e+02 8.547162323473216929e+02 8.144372764809111231e+02 7.625719896055964000e+02 7.157987168181193738e+02 7.696712325392981029e+02 8.159572365325590226e+02 8.149575351016313789e+02 8.041658140399949843e+02 7.457703262006868954e+02 7.421850383956365249e+02 7.054702301490946184e+02 6.889091385272121215e+02 7.465075999363335768e+02 7.866648727568050390e+02 8.030585620063582155e+02 8.497914467614375553e+02 8.994239053137422388e+02 9.549353281165479075e+02
6.447646479853789288e+02 5.893828439542847946e+02 5.858037530035708187e+02 5.416842412658181729e+02 4.975700482981997084e+02 4.616315354708305563e+02 3.911113951511953246e+02 3.974664691200064226e+02 4.474312416968639354e+02 4.376958665066450749e+02 4.999163200089531074e+02 5.556574040271242438e+02 6.042192048314834665e+02 6.536486545140954831e+02 7.050317084054451016e+02 7.496032959640375566e+02 7.715306057523979462e+02 7.733610668498148470e+02 7.825346165047993736e+02 7.966377911510692229e+02 7.701368431488330089e+02 7.177194063282594243e+02 6.663467331852082225e+02 7.224523846746254776e+02 7.576573645414132443e+02 7.490720041772691502e+02 7.593991955809455021e+02 7.271535906149895254e+02 6.702744680372519497e+02 6.525220457101200964e+02 6.765933953953945093e+02 7.050973752065033295e+02 7.374375543507673001e+02 8.010727770327461030e+02 8.578558814158166115e+02 8.942213866449836814e+02 9.472249344050339914e+02
7.029067710467843426e+02 6.629169300483224561e+02 6.410547230895110715e+02 5.996236109199070370e+02 5.517939271294469563e+02 4.910384240810972756e+02 4.159900289165963159e+02 4.407860359824799730e+02 4.084260408688238044e+02 4.538718660541037480e+02 4.824804290942518037e+02 5.146687002403701854e+02 5.583607829870011301e+02 6.068137917362914777e+02 6.615727490069691612e+02 7.051302233513607689e+02 7.062065210078266091e+02 7.022959402346227762e+02 7.094155408011689588e+02 7.288183019314380999e+02 7.308963326544776464e+02 6.799463564976075531e+02 6.242080043905270941e+02 6.798587290450316232e+02 6.863169142151645019e+02 6.726427664633320092e+02 6.919805535286049007e+02 6.746369084412420989e+02 6.257228814814303632e+02 6.944068780123756142e+02 7.364080055997777663e+02 7.700269675373270957e+02 7.998370121043764129e+02 7.878011993712825642e+02 8.259257795310733172e+02 8.726393779685638492e+02 9.287915168535581643e+02
7.571089219824247039e+02 7.069977368877248409e+02 6.538984986878487007e+02 6.024206002421514086e+02 5.433202265050359756e+02 4.651594674435712022e+02 4.406319708140857756e+02 4.731521075779791090e+02 4.567278705282647593e+02 4.188063650223498371e+02 4.188063650290164901e+02 4.685329896848629119e+02 5.044023177773199791e+02 5.628431419270586957e+02 6.257777576480261814e+02 6.402055441252415449e+02 6.342936390193893885e+02 6.349635712720785250e+02 6.417631478516161678e+02 6.633052590125937513e+02 6.750981584103744808e+02 6.541449788231703906e+02 5.881294272074960645e+02 6.176711963303995390e+02 6.172819150919008280e+02 5.779568277756173984e+02 6.353196509164647523e+02 5.971272926034025659e+02 6.456457066461457543e+02 6.947499087258735244e+02 7.650099429849321950e+02 8.183662386318704876e+02 8.503621283031748135e+02 8.443505921935900460e+02 8.765580327170760029e+02 9.161337095549240530e+02 9.637382230435831616e+02
7.613056581551718409e+02 6.884332705812804534e+02 6.141592006091832445e+02 5.474148173918780458e+02 5.109691289434705936e+02 5.090802833143837347e+02 4.693509894314643134e+02 5.261404792468064215e+02 5.231663320592560922e+02 4.833861023563523531e+02 4.771637514222922505e+02 4.314021879255292902e+02 4.937159829758433602e+02 5.439064533227069660e+02 5.794730035938799801e+02 5.692744482375627513e+02 5.667573242337821284e+02 5.776412596537643367e+02 5.817469752445904305e+02 6.045629950295152639e+02 6.176357581004468784e+02 6.160962265374512299e+02 5.834061041810182360e+02 5.436212662187664364e+02 5.512881931438364518e+02 5.601289043461870278e+02 5.716003518755570667e+02 5.840027214278200063e+02 5.840027214344867161e+02 6.688675437395525023e+02 7.523929221622668138e+02 8.197834886903157212e+02 8.742324568924988171e+02 9.024817384099198989e+02 9.357111508964027280e+02 9.721091072342196640e+02 1.012879834139973127e+03
7.315515705120989196e+02 6.640244372165701634e+02 6.037744969885023920e+02 6.015314303329183758e+02 5.644016677438396528e+02 5.111559186785465272e+02 5.432168359248665865e+02 5.875314767812078571e+02 5.946119549963115105e+02 5.569011717119617515e+02 5.195114017200770604e+02 4.826396741408086086e+02 4.434986583917977896e+02 4.434986583984644426e+02 5.158160536737375423e+02 4.732947109575674176e+02 5.098345779028697393e+02 5.372116512243447914e+02 5.278744554578662473e+02 5.609459793119573305e+02 5.596300042582093965e+02 5.628846837045713301e+02 5.289133856766280815e+02 5.884008137859271983e+02 5.724935445546278743e+02 6.372976542430070594e+02 6.460948743619461538e+02 6.473167223904398497e+02 5.992277126823915978e+02 6.514709441978762925e+02 7.139477175173451542e+02 7.875851698064487891e+02 8.647318488949750872e+02 9.323224705471392326e+02 9.832543000739774470e+02 1.022203704344842549e+03 1.059765632638719808e+03
7.348537439414634491e+02 6.688322249205710932e+02 6.641411726624913854e+02 6.246009955650790744e+02 5.574829404866342202e+02 5.732308964003277651e+02 6.086863537022151149e+02 6.519739914394624520e+02 6.592403557336008362e+02 6.200623253329334830e+02 5.782605085848834960e+02 5.375712454076568747e+02 4.996735371244366206e+02 4.551421461298489817e+02 4.547759267807696801e+02 4.609515344950174267e+02 4.690156994019733361e+02 4.772344322523587152e+02 4.839359966468568359e+02 4.928127995786999804e+02 5.011562855176412086e+02 5.122965794888644950e+02 5.716761981073826746e+02 6.292337417030072402e+02 6.761654380757031504e+02 6.979447413543177845e+02 7.142702530733646427e+02 6.822128749137394834e+02 6.178092175329002202e+02 6.960780949765946843e+02 7.565642596236943973e+02 8.091858374261279323e+02 8.751061878160414835e+02 9.337516630006340392e+02 9.832616768881790676e+02 1.020016392210165918e+03 1.055263533572874621e+03
7.411971203288653669e+02 7.304221665281522746e+02 6.855802178934707172e+02 6.145866788489094006e+02 6.065655788610389436e+02 6.463046385843534836e+02 6.880076698112781060e+02 7.073842088184585464e+02 7.133741820435200225e+02 6.785821188950834539e+02 6.352412754166119839e+02 5.880729794815099467e+02 5.342696818883862306e+02 4.743996023205123151e+02 5.190992322620985533e+02 5.151654923806922852e+02 5.393198818279859097e+02 5.324063139292421738e+02 5.072977119107715112e+02 5.514077189294544041e+02 5.185210335107956325e+02 5.728332979277719232e+02 6.253410855563354289e+02 6.820357157745202130e+02 7.344701008512781755e+02 7.646305162161008866e+02 7.667059346614601054e+02 7.138971359256514688e+02 6.394278331931412822e+02 7.068526102784810519e+02 7.606731404189813475e+02 8.087641196984709495e+02 8.507557882808857812e+02 8.976058018711769364e+02 9.462923166230834795e+02 9.613459756006343468e+02 1.001812174304133805e+03
7.991271868221413115e+02 7.553573774731822823e+02 6.768926223228821755e+02 6.831098754150472132e+02 6.690538571855490773e+02 7.123311841944122307e+02 7.521704410423183162e+02 7.656685625235737689e+02 7.497897548991647909e+02 6.976550123169706694e+02 6.478080891920614022e+02 5.861494910958183482e+02 5.095387511108849594e+02 4.805338773580605789e+02 5.764805187471624777e+02 5.863683871743638747e+02 5.950058163119624624e+02 5.842147754276005571e+02 5.957394479629000443e+02 5.977084852181116048e+02 5.424732701984738696e+02 6.087079235842661546e+02 6.692393246312858537e+02 7.254612057568193677e+02 7.772182736490493653e+02 8.126213162119055369e+02 8.082884408718780378e+02 7.567004948164436655e+02 7.077873253870507142e+02 6.665464215124295606e+02 7.217675304621670875e+02 7.743985511074062060e+02 8.132522969392989580e+02 8.624845620469261576e+02 8.948500791411374848e+02 8.976216025422631901e+02 9.513103512663459469e+02
8.405044369625193212e+02 7.713730933219826511e+02 7.224140319828503607e+02 7.550345276832697436e+02 7.412465161699537930e+02 7.797634117823428141e+02 7.973205148213863822e+02 7.862170756899465687e+02 7.476262637004858789e+02 6.847841662742857807e+02 6.138111729272733328e+02 5.556491435183373824e+02 5.715657060589061302e+02 5.499329892526026242e+02 6.162252827332099514e+02 6.510676633023941804e+02 6.584552101742571040e+02 6.469822073009928545e+02 6.619535561030502322e+02 6.238730045366976356e+02 6.205419254233305537e+02 5.827478444589146420e+02 6.427478873883742381e+02 7.064910707401661512e+02 7.715852282354724139e+02 8.288818144443772553e+02 8.439591854495157577e+02 8.100867717277368456e+02 7.434664649433975683e+02 6.665464215190962705e+02 7.081092370049356077e+02 7.485645313791246735e+02 7.954593403249554058e+02 8.276714607110877751e+02 8.307650147156095954e+02 8.840132595435749181e+02 9.436657626645991286e+02
