output/field_example_lateral_ON/elevation_000058.asc
nrows	150
cellsize	66.66666667
xllcorner	0
ncols	150
yllcorner	0
NODATA_value	-9999
[rows 102 to 118 of 150, columns 74 to 110 of 150]
6.006467054180924379e+02 6.672612158314399267e+02 7.291227447993368287e+02 7.910080332212193071e+02 8.490555148260725673e+02 8.839342250186236924e+02 8.845096257641259854e+02 8.689535752342665091e+02 8.447122529675997384e+02 8.128611477232580000e+02 7.651700129781007718e+02 7.137145406319827998e+02 6.598310832247625513e+02 6.675616770633093893e+02 6.225910560639633786e+02 5.649396437927697434e+02 6.105918736912644817e+02 5.972304307418563667e+02 6.469829153836074056e+02 7.167444607973579878e+02 7.644526834101990289e+02 7.472041749786197897e+02 7.017415882028325314e+02 6.938867165790064746e+02 6.595994320259867436e+02 6.067365986323993639e+02 5.449923788393059567e+02 6.021990640310237950e+02 6.146858675351404599e+02 6.705898874887468537e+02 6.545288836515861703e+02 6.906859769958874722e+02 7.281462301578375218e+02 7.752511212938276230e+02 8.253414773023832822e+02 8.814503118462854445e+02 9.156175649337311597e+02
5.882649527577650588e+02 6.334138564922770911e+02 6.889347301174085487e+02 7.572906477629296660e+02 8.335390457587710671e+02 8.843267379006596229e+02 8.716744852673258492e+02 8.329894262397826878e+02 7.841182575674382633e+02 7.466044557351800677e+02 7.106820749589860498e+02 6.680170880978000696e+02 6.109843434338175712e+02 6.093745435346520480e+02 5.876426087103393456e+02 5.267126028787588439e+02 5.671657111864553826e+02 5.619066936769982021e+02 6.375080876868133828e+02 7.048666609603729967e+02 7.243987416092044214e+02 6.871770974015023512e+02 6.399982543717925410e+02 6.378134374156605872e+02 6.268623361714136308e+02 5.746004367996814608e+02 5.111086440672398794e+02 5.445476658087882242e+02 6.056598168280496566e+02 6.351811881298887101e+02 6.047615171748719831e+02 6.381348171009672114e+02 6.766480601221047664e+02 7.202622314653800686e+02 7.770967703233861812e+02 8.372237076186523836e+02 9.011432731561262699e+02
6.464348406104290916e+02 6.836160912801112772e+02 7.314511467753233092e+02 7.933517099921302815e+02 8.568830034464667733e+02 8.787490791935600782e+02 8.393627396086802719e+02 7.759830047358007050e+02 7.218587936578700237e+02 6.772121516829679422e+02 6.471092304455980866e+02 6.345868825838509792e+02 6.089494914350655108e+02 5.495330090238959428e+02 5.452119735746359765e+02 4.924959508182220702e+02 5.093840237075087884e+02 5.759638705045840652e+02 6.471329644420951581e+02 6.926221432754076659e+02 6.813105588768194139e+02 6.400887083985543313e+02 5.843982525953741742e+02 5.740018778659368763e+02 5.763537234020813003e+02 5.400428530340240059e+02 4.821517082371221932e+02 5.348324095639929965e+02 5.691561304137762818e+02 5.876727146245324320e+02 5.618039094396636983e+02 5.912712105860937299e+02 6.266732826441510724e+02 6.741907954472444544e+02 7.306181001475283665e+02 7.996955830361450808e+02 8.785619168934139225e+02
6.996639043703402194e+02 7.445966094897165704e+02 7.884440889795714611e+02 8.347015431549609730e+02 8.795005338253012042e+02 8.692081283905397413e+02 8.000955287949192325e+02 7.267235015707361754e+02 6.633223513042402146e+02 6.117144850159921816e+02 6.058651375228232610e+02 5.664970434781029098e+02 5.809774471637731494e+02 5.524677359671410386e+02 4.920176793557805013e+02 4.637161847828392069e+02 5.166504947386002868e+02 5.793778484051374562e+02 6.401136655358102416e+02 6.609914618618591930e+02 6.248546403875583337e+02 5.818034052990639111e+02 5.656139684218198909e+02 5.099688318510802105e+02 5.106787517668992109e+02 4.991491099831084171e+02 4.564207583717170564e+02 4.774259601643101973e+02 5.002598768025202389e+02 5.260950798871898542e+02 5.751360485514761649e+02 6.312129227004460290e+02 6.819592630857372342e+02 6.926196375877207174e+02 7.444980811194242278e+02 8.094344254087861827e+02 8.859558062364981197e+02
7.608407120164204116e+02 8.032125561727692684e+02 8.503778069027529227e+02 8.832843414567922764e+02 9.004204086034510510e+02 8.719115576717357499e+02 8.030564976725048609e+02 7.269444790931752323e+02 6.594547319218750090e+02 6.004836663810848449e+02 5.483635751141513310e+02 5.119005636248492692e+02 5.276253628004110396e+02 5.314468683313934889e+02 4.967277430310402337e+02 4.434059279484722538e+02 5.070273269589669098e+02 5.705611300613026060e+02 6.158265483338465174e+02 6.256070915241323291e+02 5.816303682246532389e+02 5.249692213761421726e+02 5.183052295256145499e+02 4.948517911348770895e+02 4.438098941697069222e+02 4.332483270513338312e+02 4.844627870664896818e+02 5.240555184041307939e+02 5.565140260245477748e+02 5.870854537492656391e+02 6.232140301801392752e+02 6.700523202330234653e+02 7.233139951885987102e+02 7.604119510913599242e+02 8.010372736575507133e+02 8.530203401966731462e+02 9.154437715393288499e+02
8.211030041513644164e+02 8.625312127403598197e+02 8.901715346554475445e+02 8.998869497718966386e+02 8.882256631669297349e+02 8.673455727273756111e+02 8.220764703842276049e+02 7.677406850337653168e+02 7.112489399054987871e+02 6.528284875526934457e+02 5.937997183900390610e+02 5.289078335108741840e+02 4.672056432163948898e+02 4.830632096363634673e+02 4.558221054667894805e+02 4.243172783694811869e+02 4.882177241348895222e+02 5.303072925911312723e+02 5.727668677931687853e+02 5.860376359541226066e+02 5.475409202135556370e+02 4.947869580600527684e+02 4.514872721079157714e+02 4.497653868630504235e+02 4.074444290033476932e+02 4.745943130902734879e+02 5.207430709033526455e+02 5.670575569212852542e+02 6.081215238221520849e+02 6.493014502531880225e+02 6.863110702742328613e+02 7.247706228105880655e+02 7.687893740934807738e+02 8.193820682889008822e+02 8.599924373002800166e+02 9.002772857255454255e+02 9.334051124722416262e+02
8.718501032156887049e+02 8.945941545110795232e+02 8.913605968043577832e+02 8.657031496876529673e+02 8.265587649084120585e+02 8.145160081736064512e+02 7.987169742297633093e+02 7.729166808449596147e+02 7.302344859286621386e+02 6.654504154827596949e+02 5.932245587231935815e+02 5.263684960638967141e+02 4.693517188628774761e+02 4.232070178577305342e+02 3.980691967142240628e+02 4.272837413878428379e+02 4.481398972830396019e+02 4.788702399987879517e+02 5.205305018180491743e+02 5.373126485760470814e+02 5.113810074272584529e+02 4.810867963469440269e+02 4.433980568258858170e+02 3.990229901583487049e+02 3.933856730698355477e+02 4.712191075933378102e+02 5.588201467506203244e+02 6.129504651036691030e+02 6.608524617327749411e+02 7.023424848141196435e+02 7.447391339051774821e+02 7.749137924499773362e+02 8.055796977181756802e+02 8.417016406286991241e+02 8.765880206447911860e+02 9.118192623109922579e+02 9.254128783812928987e+02
8.656309047051046264e+02 8.814769112877808084e+02 8.549162945165888914e+02 8.058622254162036143e+02 7.589455652585601229e+02 7.493630489884429835e+02 7.318207811058661036e+02 7.203243903586352417e+02 7.156528691442172203e+02 6.865666338612852542e+02 6.374408578348297851e+02 5.750096275837166786e+02 5.210706960965609369e+02 4.673325236481611569e+02 4.158216165558087596e+02 3.770194332566201751e+02 4.062753592582199076e+02 4.238597158760640582e+02 4.684532099504628491e+02 4.778917409772557221e+02 4.631189456021089654e+02 4.323077853431681774e+02 4.051243859185109955e+02 3.724802282473956438e+02 4.465523992119797185e+02 5.190089538427041589e+02 5.750428838931542259e+02 6.463149135751737049e+02 7.073213990648893059e+02 7.434651567027887040e+02 7.656255087827773878e+02 7.682183409645670054e+02 7.728369539954784386e+02 7.932293815525346190e+02 8.313237378788434171e+02 8.810829645712234424e+02 8.943173177848419755e+02
8.305739852618858095e+02 8.462452511845798426e+02 8.000291196715347724e+02 7.494888545185435760e+02 6.989485092927303640e+02 7.031858145621099538e+02 6.586603864595439290e+02 6.515899289237056564e+02 6.580306792170900962e+02 6.740584738328669800e+02 6.614762628128856932e+02 6.231655769271338841e+02 5.686821217716826595e+02 5.169333475717751298e+02 4.683323130804973857e+02 4.181854335260839548e+02 3.547192970092722248e+02 3.846926799957282128e+02 4.144368360792587396e+02 4.254584580074258611e+02 3.932269145254622913e+02 3.908678380645516768e+02 3.521527765979165565e+02 3.899065924799235177e+02 4.546887361934172418e+02 5.294642546514428432e+02 6.084554521368515907e+02 6.780144396960745325e+02 7.250119621208946228e+02 7.347371995409545207e+02 7.229096671628948343e+02 7.046378308818971163e+02 6.930238454716524075e+02 7.256873631292288565e+02 7.805655800839864469e+02 8.425202995167251174e+02 8.641712421311387970e+02
7.948367594265175740e+02 8.142794086444766890e+02 7.582330051534401036e+02 6.910209015414880014e+02 6.471460237155439472e+02 6.581899003054451214e+02 6.017443314032377657e+02 5.857353169344953585e+02 5.870493627980232532e+02 6.288635553624598060e+02 6.502138482216175817e+02 6.421651633491940174e+02 6.094849332382588045e+02 5.680422104671899888e+02 5.174865608565202137e+02 4.592668579079211781e+02 3.981717613067302750e+02 3.305789219007102702e+02 3.521124807392951652e+02 3.697121646456578219e+02 3.318440760518285515e+02 3.318440760584952045e+02 3.846933783279444583e+02 4.308937543017316898e+02 4.669631882637013973e+02 5.316341062265537403e+02 6.076855781337530971e+02 6.822673980809058776e+02 7.097338886150821509e+02 6.886490378668357835e+02 6.486544998287661201e+02 6.340701890235649216e+02 6.240361887155439717e+02 6.699448384990325849e+02 7.342027176289342378e+02 8.048808161591057342e+02 8.413074666567322311e+02
7.645199802548651178e+02 7.893989831665031716e+02 7.466193359031857426e+02 6.809615776564020280e+02 6.032009767093300070e+02 6.108108469406760150e+02 5.888637472622320956e+02 5.267806807069878232e+02 5.209250908350369400e+02 5.653994721570165893e+02 6.046877827410063446e+02 6.088761534841170260e+02 6.003997039583244941e+02 5.776008745966167908e+02 5.242832136781653389e+02 4.620971276983647158e+02 4.039668043224602343e+02 3.627904681989654136e+02 3.076556054667045714e+02 3.135352617460729903e+02 3.722270386087749330e+02 3.980533692747320629e+02 4.365723014287564752e+02 4.786898997547502859e+02 5.291092406146451594e+02 5.821779556340366071e+02 6.473338808956236790e+02 6.893759165926509240e+02 6.785287502301719087e+02 6.281287181420776733e+02 5.797991318686034674e+02 5.719159163495934308e+02 5.714583773140266203e+02 6.234212580378232360e+02 6.892086513001821686e+02 7.630999386889900507e+02 8.199868894818812350e+02
7.392401728535463690e+02 7.623139245015265715e+02 7.112970198936732231e+02 6.445716009895580783e+02 6.001876351463037054e+02 5.423962806030675665e+02 5.578059996884724114e+02 5.193579404253239318e+02 4.635571658995700091e+02 5.073874242021084910e+02 5.436018884097373984e+02 5.388053786772600233e+02 5.408522602596890465e+02 5.449669123427872819e+02 5.209168203597976117e+02 4.639748286486277493e+02 4.041747823388186589e+02 3.485163992265425463e+02 2.953479789147318115e+02 3.424238097357333004e+02 3.897013920671163874e+02 4.450436413231334427e+02 4.930713919984663676e+02 5.403932537235680229e+02 5.827728046583619061e+02 6.370068921906733976e+02 6.759532474664257506e+02 6.816036928153384906e+02 6.431603765064397749e+02 5.787867843331656559e+02 5.211303418459657451e+02 5.179284991015993000e+02 5.717615518511405526e+02 6.303937655416548296e+02 6.960236789106349988e+02 7.634347887736264511e+02 8.041848321650737716e+02
6.975974890412684317e+02 7.326114340401092022e+02 7.093293275881075033e+02 6.346560918593439737e+02 5.585169607510864580e+02 5.051580310727511574e+02 5.153202086159334385e+02 4.806699830663248463e+02 4.259356688338368713e+02 4.418848067360694358e+02 4.698752955752225944e+02 4.638580478792092094e+02 4.719086661817752315e+02 4.824431206136571291e+02 4.887942643680570427e+02 4.534371219940717879e+02 4.046203454943313886e+02 3.461873847900517376e+02 2.867750860372153738e+02 3.265905213435125916e+02 3.790664828606167021e+02 4.370932318956037079e+02 4.994103463872612565e+02 5.646268086969904516e+02 6.265608392191808207e+02 6.661147784821381492e+02 6.823440149185192922e+02 6.555451320575760974e+02 5.983955495577164356e+02 5.374865112969098391e+02 4.721226496412570555e+02 5.239047919564295626e+02 5.820512306841897043e+02 6.324729206387665954e+02 6.855607632784414136e+02 7.339892507889352373e+02 7.710072265195784667e+02
6.440322552420793727e+02 7.025242590497182391e+02 7.160799235751676406e+02 6.693343370611740966e+02 5.945565285623798673e+02 5.210120663901769831e+02 4.612232958262524676e+02 4.301017488069488763e+02 4.028658423128704271e+02 3.794173042572529653e+02 3.615300830900648066e+02 3.991445615400785414e+02 4.097960582310441282e+02 4.154016925433090250e+02 4.359357549396918898e+02 4.094489565996478859e+02 3.641665274797901475e+02 3.263803691254473165e+02 2.785162199178082574e+02 3.487365221822174703e+02 3.933441914947179043e+02 4.485922268533140027e+02 5.107675794293342619e+02 5.755475271216540705e+02 6.307910784182249699e+02 6.525209905112104707e+02 6.538667746132587126e+02 6.129783365624833777e+02 5.599087508515812033e+02 4.997090906550181444e+02 4.429028167108866114e+02 5.025200600473557415e+02 5.424197806000520359e+02 5.802587959548221761e+02 6.416513039950555140e+02 7.030271214850557726e+02 7.152856268332590162e+02
6.010176837463289985e+02 6.728248452320689239e+02 7.155179743117439557e+02 6.952553461930860976e+02 6.325068650337958616e+02 5.725757068388746802e+02 5.229354607973015163e+02 4.890585348062483035e+02 4.569435183219484315e+02 4.141271854516712665e+02 3.650994466423938434e+02 3.344385037550542279e+02 3.654909153423880070e+02 3.509675357390695467e+02 3.747939964213804842e+02 3.703600720470599867e+02 3.236702452782028558e+02 2.637920648815695586e+02 3.212969210099132624e+02 3.525742734810241359e+02 4.072393472505801242e+02 4.677717056434192386e+02 5.274987545570589873e+02 5.789390154408996523e+02 5.972175768311370803e+02 5.939468703166098749e+02 6.020193509544919834e+02 5.744394285921055143e+02 5.210150776836350133e+02 4.695575137281699654e+02 4.175155929693610801e+02 4.512459316257458681e+02 4.992416049663153217e+02 5.699611123493684772e+02 6.345773900049692884e+02 6.650088278640878343e+02 6.481868543490151069e+02
5.614974129131571772e+02 6.388354869582719857e+02 7.066831307798194075e+02 7.163998447580531774e+02 6.811193053997225206e+02 6.286791274747264424e+02 5.876308450365504541e+02 5.507383188018903866e+02 5.090821943364813933e+02 4.591431360903671361e+02 4.108865397915836866e+02 3.645475942876429372e+02 3.067016248815061203e+02 2.873863136176128705e+02 3.235391664596659211e+02 3.120517281551379938e+02 3.046571126099184426e+02 2.637920648749029056e+02 3.263178375024468778e+02 3.899535781789842304e+02 4.494526022598125223e+02 4.946474928126658028e+02 5.269876507799679075e+02 5.394954483124088256e+02 5.304878927313682198e+02 5.218491027540507048e+02 5.349584659818808632e+02 5.411750883820989202e+02 4.929388768329072263e+02 4.391590082598175400e+02 3.973051351497881001e+02 4.491675249537690888e+02 5.092322208647766502e+02 5.727690398337725810e+02 6.140133735771605643e+02 6.172970169279271886e+02 5.816874009343359830e+02
6.074002705800455715e+02 6.635734693219118299e+02 7.057154007025475266e+02 7.181488136286101280e+02 7.083818739746291158e+02 6.786691908548054926e+02 6.433615794055775723e+02 6.055897960170514125e+02 5.626935318298112634e+02 5.075930479371482988e+02 4.585292434325268118e+02 4.082611051468086316e+02 3.648893316826061550e+02 3.225031252861575695e+02 2.606585670955271326e+02 2.398272959539206681e+02 2.495942915683174022e+02 3.116518284011783635e+02 3.660933662407506404e+02 4.181497254511289157e+02 4.603993883575716382e+02 4.762285028328213912e+02 4.735391889159742504e+02 4.704596489219866271e+02 4.582002960904360407e+02 4.514550113127391455e+02 4.653710377146043129e+02 4.961859481779152929e+02 4.837168357121095141e+02 4.386080356878495650e+02 3.793480448909132861e+02 4.402613742774590833e+02 5.043566350755053804e+02 5.524452989394570750e+02 5.646346250823997934e+02 5.649633639146626365e+02 5.239675376602070855e+02
