output/field_example_lateral_ON/elevation_000049.asc
nrows	150
cellsize	66.66666667
xllcorner	0
ncols	150
yllcorner	0
NODATA_value	-9999
[rows 51 to 67 of 150, columns 111 to 147 of 150]
5.814022509727278702e+02 5.645258384398154021e+02 5.059534969241001363e+02 4.435796606049211164e+02 3.674487096166129163e+02 4.425526383904347085e+02 5.114530977501335087e+02 5.628803146403540723e+02 5.671076034613635102e+02 5.186620817354928477e+02 4.620896163304843753e+02 4.953961949384709555e+02 4.825848514663465494e+02 5.233152756011367046e+02 5.249390090320200670e+02 4.845728711145573584e+02 4.173155427129136683e+02 4.768566526270869872e+02 5.215552394208469877e+02 5.560695006595059340e+02 5.582804934202760023e+02 5.623941956749616793e+02 5.239299828594255359e+02 4.810671921418563102e+02 4.425226875486691256e+02 4.968531189655353160e+02 5.287119165245624117e+02 5.899835963618144206e+02 6.230336415393221614e+02 6.250550125898714668e+02 6.737884155911768858e+02 7.291455939838737095e+02 7.873590283614068994e+02 8.193286100687917042e+02 8.177098563081516431e+02 8.229170927915147331e+02 8.614133603357516904e+02
6.175200887650222512e+02 5.986755747872305164e+02 5.370222952565702599e+02 4.572559009554133240e+02 3.845926295440141871e+02 4.464099695947513737e+02 5.186752687185532977e+02 5.897972626080932059e+02 6.059008210902287601e+02 5.615156313715002625e+02 5.102885161688568019e+02 5.538011478880753202e+02 5.462787438137090703e+02 5.763837135612275233e+02 5.622957228927817823e+02 4.990937733705424080e+02 4.347490964431523821e+02 5.087644633758226291e+02 5.672828038513341653e+02 6.043358317101780131e+02 6.281548481800359696e+02 6.212994469803497850e+02 5.759992859551456377e+02 5.346729200656985768e+02 4.816977082991776911e+02 4.585363043747144047e+02 5.164664578816958738e+02 5.561801387701926842e+02 5.628015905532103034e+02 6.239436604587848478e+02 6.808797751903215385e+02 7.255907468619110432e+02 7.572923487515464558e+02 7.554498172829529494e+02 7.486591822031444963e+02 7.530262977390910919e+02 8.051023466823969557e+02
6.462514193448595279e+02 6.191937426138966885e+02 5.450130813618483216e+02 4.640152674299112618e+02 4.025695135121804356e+02 4.725787335583941058e+02 5.528459292848741597e+02 6.187274809645366531e+02 6.447739202321911307e+02 6.108387935942191689e+02 5.680711781740824335e+02 6.118808219078117645e+02 6.149385070349849229e+02 6.241008853309879214e+02 5.908584788534568588e+02 5.304619429028033437e+02 4.531785495798189913e+02 5.154716105334905478e+02 5.808627101285374010e+02 6.419130684566312084e+02 6.782698760489859069e+02 6.683426475036934562e+02 6.178137350683210798e+02 5.562535301974860431e+02 5.442121386286920597e+02 5.139588291437768248e+02 4.745490489166836596e+02 5.051608530257403231e+02 5.680686333347407526e+02 6.191189863340882766e+02 6.480613690124712321e+02 6.790072635884869214e+02 7.043815202081129883e+02 6.921520514404830919e+02 6.881018327573506213e+02 7.352393937010559739e+02 7.905981914603294172e+02
6.737720486522915735e+02 6.415806989661695070e+02 5.686665231813169612e+02 5.004720193405204327e+02 4.220009646076028957e+02 4.786679835359245203e+02 5.577095799736129038e+02 6.346208756990205302e+02 6.809500942479517107e+02 6.707249209913562709e+02 6.349779107635994251e+02 6.705303637110456521e+02 6.740278314014594798e+02 6.496527620482313523e+02 5.939642426846523904e+02 5.400282756108532567e+02 4.726566431990264618e+02 5.245537126783915483e+02 5.843572419234894824e+02 6.493331460978795349e+02 7.064246594865638826e+02 7.057774488142289329e+02 6.564264762343910888e+02 6.103018092542889690e+02 5.807056624745360978e+02 5.265765449106048663e+02 5.299093730900435730e+02 4.912774950954801056e+02 5.431974361155706674e+02 5.822322374399076352e+02 5.938148513702161608e+02 6.303356865480254783e+02 6.439218604292952932e+02 6.346432857931317812e+02 6.671558988343208512e+02 7.165167321827693740e+02 7.740309745971736675e+02
7.022090846102548767e+02 6.578768953692363084e+02 5.810052977946652391e+02 5.025664629157134868e+02 4.426316691176300537e+02 5.097523255379799139e+02 5.669275659572747372e+02 6.370426561490453423e+02 6.989330861761008009e+02 7.194318456268473483e+02 7.078950696808304883e+02 7.243993711705923033e+02 7.028811748062344122e+02 6.434513027259445153e+02 5.749365130082841233e+02 5.059033169021011531e+02 5.103833145005212941e+02 5.711145625857171808e+02 6.277949139374482002e+02 6.855521734219668133e+02 7.342456875409312715e+02 7.411988308782086960e+02 6.993484048170068945e+02 6.478753085613451503e+02 5.869710355309805436e+02 5.799230319405033924e+02 5.777228861579316117e+02 5.428830868777558862e+02 5.054307716795975125e+02 5.246530556670702481e+02 5.445707877039340019e+02 5.665988286688586868e+02 5.889919796270233974e+02 6.169050358224551474e+02 6.542270747709100078e+02 7.000081690475133200e+02 7.582793476593707283e+02
7.237587886179638872e+02 6.655291226770018511e+02 5.962509352495601433e+02 5.420935389850294541e+02 4.711360088822779062e+02 4.862389144855254131e+02 5.591573319970635794e+02 6.355433700157990415e+02 6.995170048249143520e+02 7.460979435112139981e+02 7.648621674149703722e+02 7.657977449058646471e+02 7.097459164151615596e+02 6.405194263521119638e+02 5.781247396570341834e+02 5.303943733105659248e+02 5.629814373722994105e+02 5.708942022222063315e+02 6.296303697884482062e+02 6.918500535394526878e+02 7.503538198330393243e+02 7.731221516702908048e+02 7.449503963585590327e+02 6.872227794406211387e+02 6.338315099695158779e+02 6.341751946991244040e+02 6.205395024704988600e+02 5.729492150805217534e+02 5.174303023434190436e+02 5.711389931912747215e+02 6.029582014027298555e+02 6.164932729863804752e+02 6.433239000116748230e+02 6.718930088221597998e+02 7.058707292933980852e+02 7.477258687918656506e+02 7.986191094064581648e+02
7.401116987211985361e+02 6.734624345750687553e+02 6.036376380769876278e+02 5.377852439037164913e+02 5.080577416627972980e+02 5.477509023722311667e+02 5.357119065293625226e+02 5.995932442139793466e+02 6.692645831587892644e+02 7.340409609589388538e+02 7.809280825023409989e+02 7.961165832743258761e+02 7.545752772227657488e+02 6.851099831212388835e+02 6.246235498908782802e+02 5.850244053530952897e+02 5.645430881192145307e+02 6.121732966265685718e+02 6.325467397774293659e+02 6.888781107416413079e+02 7.473950177721056889e+02 7.940359376458696943e+02 7.837060038074029080e+02 7.347341281453884676e+02 6.896385207470034402e+02 6.870862700400624590e+02 6.522275815761129252e+02 5.963722507057295843e+02 5.303955573778686130e+02 5.850312459695437610e+02 6.325304220666876063e+02 6.704230816227695868e+02 7.012625870179281264e+02 7.356126144791652450e+02 7.714291180642652535e+02 8.113990025580906149e+02 8.568113716036181131e+02
7.429138414806216133e+02 6.748575848666819184e+02 6.126057837025700792e+02 5.731194257046415714e+02 5.669171065894167896e+02 5.853041367794063490e+02 5.993574980189754342e+02 5.835466977247500608e+02 6.327539044677748734e+02 6.946000200170504968e+02 7.697054613497574564e+02 8.204408171101633798e+02 7.932866848877404209e+02 7.287505856482574700e+02 6.716625085100010892e+02 6.310369967834989211e+02 5.915264849741068929e+02 6.396235447630298268e+02 6.748927497268498428e+02 6.966767483342417790e+02 7.498024949267216925e+02 8.094707856258455649e+02 8.234456359951108197e+02 7.876802064012380242e+02 7.511602408338344503e+02 7.197646277949651221e+02 6.603014013352034226e+02 5.974931487871934905e+02 5.493550861213915368e+02 5.528588358426305831e+02 6.190516171657219502e+02 6.727233309812206699e+02 7.397159717568378028e+02 7.919237089068418527e+02 8.343476544845788112e+02 8.752987421910219155e+02 9.183329779257120435e+02
7.812471774744590221e+02 7.201536376068685286e+02 6.577717124297215605e+02 6.350739199399420158e+02 6.295133834987642558e+02 6.429978093517889874e+02 6.625425201199192315e+02 6.254875988244593827e+02 6.749324285361768716e+02 7.287214705102545622e+02 7.890225826520809278e+02 8.466027345707855147e+02 8.316057117478632108e+02 7.729271888503074024e+02 7.175359361481544056e+02 6.741160446143948093e+02 6.370720046809649375e+02 6.315468394024428562e+02 6.742345747037629735e+02 7.253335788981556789e+02 7.809720479787517888e+02 8.333163339502400504e+02 8.641228665633877881e+02 8.394867817715147567e+02 7.941469815938600050e+02 7.335825155049512887e+02 6.728315039952960888e+02 6.276130415824222837e+02 5.749233666504676421e+02 5.979636169435256079e+02 5.767444880190925005e+02 6.510111680104544121e+02 7.306683231890616526e+02 8.004034280472695855e+02 8.507629951389153575e+02 8.916820361935958772e+02 9.352517134138521442e+02
8.077635326110918186e+02 7.732305475392142853e+02 7.219279561063601705e+02 7.027608568756197656e+02 6.973747774854737145e+02 7.061656387302957683e+02 7.186827536583699612e+02 6.753176980901408797e+02 7.214851015229842233e+02 7.773083681699375802e+02 8.318004192747625893e+02 8.805999758784183769e+02 8.722925772986494621e+02 8.208182360985053947e+02 7.713566323072676596e+02 7.252980156092677362e+02 6.925376322705536722e+02 6.656592021134355264e+02 7.047688552718608435e+02 7.551370969069776038e+02 8.146115290142200820e+02 8.720458101785798135e+02 8.943297334772946670e+02 8.554774330896522088e+02 7.982831589220439810e+02 7.382459189885898923e+02 6.749265149663036709e+02 6.177536945208548786e+02 6.310124029275851854e+02 6.342920148685232107e+02 5.911266300033155403e+02 6.516300916990470569e+02 7.169740433321112505e+02 7.698104926394046288e+02 8.102416098786316070e+02 8.365641658532875908e+02 8.951236068537268693e+02
8.116097591356216299e+02 8.149186539750610336e+02 7.915471726593771109e+02 7.766092622121950626e+02 7.711275824626408166e+02 7.746321219861234795e+02 7.760063759114743789e+02 7.344704618024392175e+02 7.792516352088719032e+02 8.284770101992344280e+02 8.837232076611794582e+02 9.181512391851697430e+02 9.117884108340732610e+02 8.764839933225322284e+02 8.276481135828938704e+02 7.885079888328274365e+02 7.521190047969465695e+02 7.114107492341991019e+02 7.485235585026883882e+02 7.935013975126022387e+02 8.504031503232304203e+02 9.037747215848029327e+02 9.048900876835919007e+02 8.405098870769774067e+02 7.617089139157400268e+02 7.032278408175653794e+02 6.600338361121627031e+02 6.784761495975407115e+02 6.903471699242418254e+02 6.630409257674514265e+02 6.077714559951205047e+02 6.456780414894340083e+02 6.894545534455822917e+02 7.371389386313732075e+02 7.544575495642260421e+02 8.270629854415517457e+02 8.912442207610304195e+02
7.886148585097305386e+02 8.337377540404005458e+02 8.506583576020290138e+02 8.470552547502251173e+02 8.414230915504072073e+02 8.399054918750410934e+02 8.325642970457347474e+02 8.031634617570185810e+02 8.367317441947651560e+02 8.836699901337890424e+02 9.200517540648563681e+02 9.384619837079279705e+02 9.269188380088743315e+02 9.090885356005893527e+02 8.833505389646894628e+02 8.530544414663712587e+02 8.109246573317414004e+02 7.744619254231816967e+02 8.039856650559967193e+02 8.476592008161175045e+02 8.933099868305557720e+02 9.377559433586185378e+02 9.271364519826190644e+02 8.586863205788577034e+02 7.949215884029048311e+02 7.415595345921128683e+02 7.006570019883912437e+02 7.425338683694607198e+02 7.480245546215616059e+02 7.080563941916775548e+02 6.675011434601304927e+02 6.289386744690231126e+02 6.559338399754493594e+02 6.887978556297986188e+02 7.318271323545008045e+02 7.840245638043895724e+02 8.492706927040827622e+02
7.494425936142397404e+02 8.225907160526114694e+02 8.721400880228876531e+02 8.776313253979625415e+02 8.649575473648578736e+02 8.607259116161360453e+02 8.665683443541628321e+02 8.639720919762302174e+02 8.847345670644567690e+02 9.119858236018258140e+02 9.239047196446617818e+02 9.076867666799566905e+02 8.764701856309952746e+02 8.873214864358568548e+02 8.970038305484824832e+02 8.928083966632991633e+02 8.744941492699108494e+02 8.474145567914374624e+02 8.782392362386419791e+02 9.084563990570305805e+02 9.433184070747382748e+02 9.712127967606259062e+02 9.570563303337002026e+02 8.999190586895288106e+02 8.411009461853243465e+02 7.779019758842848660e+02 7.587121318443072369e+02 8.001899816132372507e+02 8.007062182683995388e+02 7.615019626523852594e+02 7.110721368001063638e+02 6.504009283035777571e+02 6.999192040629732219e+02 7.427112502648595864e+02 7.830531714152666609e+02 8.270613873041520492e+02 8.672499899070228366e+02
7.917457574991580032e+02 8.416212438715614326e+02 8.658814577427350514e+02 8.487990481831914167e+02 8.113196541308308269e+02 8.053468030092611798e+02 8.287110569481590119e+02 8.451837778819027562e+02 8.656977157918536250e+02 8.888845980030322380e+02 8.887639248185515726e+02 8.499142050367596539e+02 8.098941077784655818e+02 8.203864348236500064e+02 8.590471892980255006e+02 8.881283896915912237e+02 9.096491043684376336e+02 9.105359527972966589e+02 9.215121074879988328e+02 9.303814684153904864e+02 9.545631764545437363e+02 9.792431312453569490e+02 9.800716473224762240e+02 9.466582182027134422e+02 8.911385020881024275e+02 8.428067291726442818e+02 8.274611252396089185e+02 8.580082650206646804e+02 8.399493277022628490e+02 7.724931278432763975e+02 7.105075192362197640e+02 7.165655759645023863e+02 6.878337283728113789e+02 7.473841367211875877e+02 7.822155793855855563e+02 8.224867969692390943e+02 8.621844945337464878e+02
8.199070140387879064e+02 8.384954083626082593e+02 8.270443630388907650e+02 7.980039615883913484e+02 7.446505244681354725e+02 7.291927900731673162e+02 7.571084668302096361e+02 7.778664657123339339e+02 7.988665418121993298e+02 8.392608539422121794e+02 8.430840355628021143e+02 7.980597642729626386e+02 7.488196125897211459e+02 7.527204591459662879e+02 7.965049050265927235e+02 8.414014060348823705e+02 8.912082942802254593e+02 9.122277789917359314e+02 8.986674485047794860e+02 8.737617493169186673e+02 9.023799701743716923e+02 9.426610764182572666e+02 9.683354780595550437e+02 9.715643866596595899e+02 9.496420499788719098e+02 9.188278836336963877e+02 9.075874855161043797e+02 9.181162776661110456e+02 8.745572159505196623e+02 8.120620055833924198e+02 7.610900231980626813e+02 7.743953527132750878e+02 7.579691969917784036e+02 7.191353461802510765e+02 7.191353461869177863e+02 7.735072796168662990e+02 8.402452204775914879e+02
8.236497099390485346e+02 8.036634010554221277e+02 7.668962077101773502e+02 7.542883325697761165e+02 6.976365482510298079e+02 6.524741135090946500e+02 7.001470375129456443e+02 7.100412048988507649e+02 7.346251045284203656e+02 7.922881836991899718e+02 7.970056248396095953e+02 7.517331389649879156e+02 6.979354945070655276e+02 6.930403482258733447e+02 7.383839079294147041e+02 7.957400926486618573e+02 8.551972905934981100e+02 8.755185867778054671e+02 8.413560457321527792e+02 8.014300927303658000e+02 8.408187222268556980e+02 8.799328939874011439e+02 9.217382749850345363e+02 9.516314020047118447e+02 9.741593022080105584e+02 9.811010186999849338e+02 9.816029480771962881e+02 9.734209279951078315e+02 9.240740506710195632e+02 8.723510996453029520e+02 8.246295182950816525e+02 8.409133258675946081e+02 8.070892714573105877e+02 7.563706176826991623e+02 7.494124674946934874e+02 8.180467821064034979e+02 8.804568014444182609e+02
7.954899751965681389e+02 7.498193950419176872e+02 7.065814338135667185e+02 7.064900405880634935e+02 6.544377654140632785e+02 5.975345600070478440e+02 6.462367870778632550e+02 6.473947261930486547e+02 6.993735624462028682e+02 7.516993371440214560e+02 7.482454127602800327e+02 7.073960486588808863e+02 6.551063738475113496e+02 6.422116940624893004e+02 6.916080560442138676e+02 7.537688074606855935e+02 8.175771864865223506e+02 8.341207747132798431e+02 7.910384221500501098e+02 7.402292184517240230e+02 7.804983302278670863e+02 8.139209724143966014e+02 8.505714688015136744e+02 8.927670563761455469e+02 9.455644898226036048e+02 9.871901692200166281e+02 1.019428135542210725e+03 1.017800223561268467e+03 9.859451767311838921e+02 9.383261521754568548e+02 9.012420523577791300e+02 9.008355353072932985e+02 8.504657326567752307e+02 8.010390004032523166e+02 7.863196415253293026e+02 8.186594482222456008e+02 8.766630849497921645e+02
