output/field_example_lateral_ON/elevation_000015.asc
nrows	150
cellsize	66.66666667
xllcorner	0
ncols	150
yllcorner	0
NODATA_value	-9999
[rows 68 to 84 of 150, columns 111 to 147 of 150]
7.624313146570448225e+02 7.781256911115357298e+02 7.777055659204015683e+02 7.760857406711846807e+02 7.556897582622497112e+02 7.050836097566834724e+02 6.563333727387707768e+02 6.461528186369432660e+02 6.350338518777308536e+02 6.880183508550729812e+02 7.372991014771006348e+02 7.234343960145153005e+02 6.680805809768810377e+02 6.121173254165346407e+02 6.409700574057422955e+02 7.074713738340100235e+02 7.747096892381654243e+02 8.119167061159035939e+02 7.886323766330588114e+02 7.304079181130991856e+02 7.762502689481219704e+02 8.316322662914332113e+02 8.744693431130797308e+02 8.476525120798539774e+02 8.237485881086388417e+02 8.610374258559945702e+02 9.017887573446097349e+02 9.032821142083997756e+02 9.380445361063888186e+02 9.820632800147456010e+02 1.010809476860124391e+03 1.014554946921484770e+03 9.884412765850246387e+02 9.408960290256670760e+02 8.952883399483208677e+02 9.264044946764979613e+02 9.672002956013600397e+02
7.532207020010033602e+02 7.381443135589456688e+02 7.158804093303182299e+02 7.132138912769705712e+02 7.044560774353793704e+02 6.510225486708999370e+02 5.969569828517902579e+02 5.909040980414730484e+02 5.859541108746517466e+02 6.456292268613942724e+02 6.948263105479678643e+02 6.743252620475132062e+02 6.190138585354153520e+02 5.846915904537950155e+02 6.427006236914764941e+02 7.015334879859547073e+02 7.537371820249852590e+02 7.734689078797007369e+02 7.385749273848191478e+02 6.848955348235883775e+02 7.349703769039383587e+02 7.927393489877161983e+02 8.287827273019943277e+02 8.014481707189570443e+02 7.485608770965319536e+02 7.969162882659135221e+02 8.406989021436208986e+02 8.313225223237731143e+02 8.768823523490237903e+02 9.253522033653450762e+02 9.789529470136499185e+02 1.014073673480780712e+03 1.022131027362850318e+03 1.003990880719889219e+03 9.780652069410559761e+02 9.922202828804170167e+02 1.028646499874488200e+03
7.026400737729703678e+02 6.614025426969416230e+02 6.383777954647538309e+02 6.439569489641871769e+02 6.517512584721947633e+02 6.039628778487403906e+02 5.499721181995448660e+02 5.445209274556672199e+02 5.459060747691238475e+02 6.066976618836700936e+02 6.530257422735732007e+02 6.262635946760220804e+02 5.503166524372709318e+02 5.780966341231091974e+02 5.906895262051950795e+02 6.604946147828306948e+02 7.128350138647322183e+02 7.228736617145800665e+02 6.963099767586036251e+02 6.460253496494149203e+02 6.989931348240320403e+02 7.652172863457135463e+02 7.837399193625948328e+02 7.437065948912884323e+02 6.908906684875107658e+02 7.396415245148193662e+02 7.807992675495954700e+02 7.701941245654819568e+02 8.169352315850941295e+02 8.730891297022353683e+02 9.280334349296574601e+02 9.831993208850534529e+02 1.017700408461621691e+03 1.038029154384482354e+03 1.042189780449450382e+03 1.059802327052747842e+03 1.088687294791079466e+03
6.508235503435130340e+02 5.907637785297472419e+02 5.647211187458519817e+02 5.803002381857868386e+02 6.000902587800646870e+02 5.622805319311693211e+02 5.118642442745581889e+02 5.040264583391098654e+02 5.121989343493562501e+02 5.733967788046986698e+02 6.112408053083355526e+02 5.891881536642738411e+02 5.232390215674071214e+02 5.550454457664953907e+02 5.849992327227053011e+02 6.273453543539183102e+02 6.606676928914165501e+02 6.603251998419957545e+02 6.559303079371679814e+02 6.129182303121026507e+02 6.838616680860037604e+02 7.347739454246853938e+02 7.382372609000420880e+02 6.966939613621286753e+02 6.437051213767878153e+02 6.779173365571267595e+02 7.217347776983153835e+02 7.201959891193881731e+02 7.700689582820913301e+02 8.240552973118228692e+02 8.834495572445038079e+02 9.322273382942090620e+02 9.715007701006436491e+02 1.011271419622473900e+03 1.038931957885566362e+03 1.067213020641844196e+03 1.099140542199981837e+03
6.045606723676356751e+02 5.513993193180068602e+02 4.970659899271382187e+02 5.341900344612139406e+02 5.458955982917817664e+02 5.173240065866174291e+02 4.819211851673561000e+02 4.652903110715575963e+02 5.173327383692582089e+02 5.494129921176787548e+02 5.600441540849017201e+02 5.529456342799913955e+02 5.006467083203713742e+02 5.142820690535760377e+02 5.535443167713616504e+02 5.840562328934994412e+02 6.001075895363442214e+02 5.996609623375788942e+02 5.991771371838394771e+02 5.838618136633414224e+02 6.495294795631668876e+02 6.912814874127564053e+02 6.788699320071350485e+02 6.472113404424260352e+02 6.053063003283002672e+02 6.053063003349669771e+02 6.732781208036917633e+02 6.807343229518940007e+02 7.308122732296641288e+02 7.893762933781132460e+02 8.426560703666848440e+02 8.794520640001574066e+02 9.165098856942533985e+02 9.505292563144016640e+02 9.817759511693981267e+02 1.014757102327589109e+03 1.052211220130096990e+03
5.491494309272221699e+02 5.102567224875020315e+02 4.499721366522451262e+02 4.654613365969224787e+02 4.812544230502227833e+02 4.712549628080716388e+02 4.304244269964409568e+02 4.602739190963800979e+02 4.789103972807631067e+02 4.941168335002302001e+02 5.064196091812217446e+02 5.052671047839425569e+02 4.948064176601793633e+02 4.716403384791292979e+02 5.159971382689960819e+02 5.225999578210434038e+02 5.533184693845200854e+02 5.505907698693072234e+02 5.451700229878407526e+02 5.970092453349567450e+02 6.348055219267872644e+02 6.408889596829143329e+02 5.854053877839978668e+02 5.839471146379265747e+02 6.447704419369835023e+02 6.607241498160832407e+02 6.343428828080683388e+02 6.913157220205785052e+02 7.334821804504582587e+02 7.628260915377496758e+02 8.192656488883887960e+02 8.237715126133032300e+02 8.562020586285507306e+02 8.863989204421321801e+02 9.184520849910285278e+02 9.552280774548797808e+02 1.000486711314208605e+03
4.711963090025152496e+02 4.634258988236568939e+02 4.265891849130204605e+02 3.955190421202162838e+02 4.276940378807509546e+02 4.206948185089979120e+02 4.268078723747979666e+02 3.958685890762398003e+02 4.047131165665721824e+02 4.515311347061836500e+02 4.682069009677097142e+02 4.366713272883325772e+02 4.445638739458095756e+02 4.520844973273572691e+02 4.614171392325316674e+02 4.716125032908570347e+02 5.173245310918515543e+02 5.110042405749964018e+02 5.451006968921280986e+02 5.713859355849598387e+02 5.845287503455297156e+02 5.948920083483889130e+02 5.603385093373872223e+02 6.263937820634924947e+02 6.758298780374301487e+02 7.043003600316950497e+02 6.985564707938397078e+02 6.638687577000579267e+02 6.849880360712872971e+02 7.495799908334241763e+02 7.879092900107010564e+02 7.739934440499919219e+02 8.000267719942804661e+02 8.299028973580086586e+02 8.643771525209704123e+02 9.061669111777953276e+02 9.637311525651439297e+02
3.964908985167072615e+02 4.039002444918355650e+02 3.523825029185094309e+02 3.600814324104475190e+02 3.681414724518012918e+02 3.762461834998252357e+02 3.845558331260811542e+02 4.134120218156596138e+02 4.359330109041957826e+02 4.160446227765417007e+02 4.237760937820658000e+02 4.722424944491087899e+02 4.959780093500091311e+02 5.169675221602808506e+02 5.220653743360636554e+02 5.247490954815655186e+02 4.845149205508101886e+02 4.936896330346820605e+02 5.039790042241999686e+02 5.148071569166398831e+02 5.258439872538997406e+02 5.386602275362946557e+02 5.916608600343188300e+02 6.414236358173242252e+02 6.904526465247728311e+02 7.343765622031579596e+02 7.503834296564323267e+02 7.382262061859812547e+02 7.481327014575601879e+02 7.144958519144053071e+02 7.398507150010591431e+02 8.105994388063560336e+02 8.364512516862143912e+02 8.709492890818644355e+02 9.051875281468232970e+02 9.420381572032101758e+02 9.821864811773173187e+02
3.295098633455917820e+02 3.385638784925570235e+02 3.935536346600542856e+02 4.212365521791570586e+02 4.115514286602426068e+02 4.387891361093314799e+02 4.442218852503528979e+02 4.389742708295925695e+02 4.710632089004893146e+02 4.765824721374482351e+02 4.546845005440924297e+02 4.704772646817668260e+02 5.239147019441799102e+02 5.618096873800676576e+02 5.780347899116477492e+02 5.655811500212362262e+02 5.111845405313380297e+02 5.519553215902566308e+02 5.644365826920319478e+02 5.710050184153260489e+02 5.816035507763999703e+02 5.959550208309550499e+02 5.691304502262416918e+02 6.034415404520700577e+02 6.659982808006127470e+02 7.324765744921411397e+02 7.810136265340948967e+02 8.019643606770266615e+02 8.029066552147403399e+02 7.578881311756523473e+02 7.983099266182239262e+02 8.493497543604095199e+02 9.013832195737867323e+02 9.131826401939060815e+02 9.541595463497621950e+02 9.912266798574919449e+02 1.030483177762334435e+03
3.769839522040684301e+02 3.905060773717669349e+02 4.259856447865294058e+02 4.686905997186654531e+02 4.730796896139294176e+02 4.757177464521600427e+02 5.039320403648161459e+02 4.871579383092163198e+02 5.203636458242810932e+02 5.198333102897886420e+02 5.102609086818271180e+02 5.183562991882679398e+02 5.256217797119038551e+02 5.751312936324095517e+02 6.168317715742033442e+02 6.007882827200660358e+02 5.417449733676454571e+02 5.905569892055483479e+02 6.234716296336745245e+02 6.341429148150710944e+02 6.434987599997342613e+02 6.444820138161404657e+02 5.971214383954921914e+02 6.454183196874110990e+02 6.561910008203452662e+02 7.056644028689198649e+02 7.754254667195579032e+02 8.336236108966023721e+02 8.484003210169601061e+02 8.109954263260316338e+02 8.511602693758130727e+02 9.017486145684395069e+02 9.554034780751914013e+02 9.761187114481441540e+02 1.011846409710162561e+03 1.048845587483452618e+03 1.085741507471291243e+03
4.099670640983883345e+02 4.413297602463719613e+02 4.721923784654407541e+02 5.063782249769002419e+02 5.322447308730675104e+02 5.287635622232205606e+02 5.620892225762727321e+02 5.515802822994926373e+02 5.679704283617728606e+02 5.768558507872479595e+02 5.758468592581407393e+02 5.771528743195915467e+02 5.791174809896446050e+02 5.975185317483078506e+02 6.476160858478905311e+02 6.392995811358658784e+02 5.866560095081129020e+02 5.916832831372342980e+02 6.529843789585455625e+02 6.920604313926918394e+02 7.049037948448132056e+02 6.809606956895268013e+02 6.292332050353356863e+02 6.650429508919214641e+02 7.013756199372450055e+02 7.368115688321524885e+02 7.859408740212530802e+02 8.510994796116353882e+02 8.934300839746258589e+02 8.747827823424843245e+02 9.146000268950285772e+02 9.564852143681725920e+02 1.006496201743753772e+03 1.039202902246025360e+03 1.068592865673248980e+03 1.101596412725235723e+03 1.135903810213792212e+03
4.223705428494358785e+02 4.712605953509931282e+02 5.123479983690436939e+02 5.495744857703660955e+02 5.802294527763594942e+02 5.869200948161019369e+02 6.188521499399371351e+02 6.202368215724793572e+02 6.333373916872116069e+02 6.429798507348657495e+02 6.462606677287137700e+02 6.460463975601365973e+02 6.428186581469028624e+02 6.573494624397095549e+02 6.804291072545960333e+02 6.857504655281044279e+02 6.380790775856607979e+02 6.403988693861047068e+02 6.542900948382501838e+02 7.191124076713806517e+02 7.519625534196030685e+02 7.279415022088668366e+02 6.679958771834676554e+02 7.027819569603847185e+02 7.398718854566508298e+02 7.821009116258260292e+02 8.274234494949138252e+02 8.856060200587137388e+02 9.393206030743489237e+02 9.431137831637274758e+02 9.812322777012965389e+02 1.011358989926350091e+03 1.037524666554879559e+03 1.052561878029789113e+03 1.072429812882972328e+03 1.101412883844192265e+03 1.134441276503530162e+03
4.150810033715992518e+02 4.622985450210744602e+02 5.093070541932270316e+02 5.576266360517167868e+02 6.022181291494691777e+02 6.355978730791265434e+02 6.643276361207883838e+02 6.822344065835799256e+02 6.979617261182929724e+02 7.078312024938188642e+02 7.154458914113588435e+02 7.194965194835214106e+02 7.145123081080154179e+02 7.260885569504808927e+02 7.426751956985107199e+02 7.431253414410230107e+02 6.991424043371822563e+02 6.976518402690852554e+02 7.090769159002161359e+02 7.298778179202730598e+02 7.858929082209544958e+02 7.710069359184129780e+02 7.141788519223821368e+02 7.506729205318229106e+02 7.885175066998674538e+02 8.294645846185355822e+02 8.790914934259453730e+02 9.298118981708054207e+02 9.826661818762092935e+02 1.004848236324804589e+03 1.019461733423362489e+03 1.023616749590041763e+03 1.016750609588755992e+03 9.962659905185087155e+02 1.010637183134657789e+03 1.044671754867438040e+03 1.080832952913106737e+03
3.758945142104085448e+02 4.156672486767891996e+02 4.735933251237958075e+02 5.245819643310830998e+02 5.809900704401815119e+02 6.247884036364944222e+02 6.633830378212164760e+02 6.964261476796827992e+02 7.196183317402342254e+02 7.245282043686729594e+02 7.424848307750152117e+02 7.640010977116509139e+02 7.751446760737693467e+02 7.905627537918353482e+02 8.059814068843129462e+02 8.031129218007563395e+02 7.703370807922545964e+02 7.641661459762898403e+02 7.717834894818428211e+02 7.854111326552194896e+02 8.288004351027993835e+02 8.201666825872397339e+02 7.712973568364902803e+02 8.047660464671972704e+02 8.469021098509011836e+02 8.878230647590929721e+02 9.302268862968718395e+02 9.797752947160012127e+02 1.012903661476425668e+03 1.018000318325125022e+03 9.998327128073211725e+02 9.729131871474597801e+02 9.632601390950819678e+02 9.184655472853636411e+02 9.469288471312670481e+02 9.815188702485565955e+02 1.023099520896551553e+03
3.275466487864455303e+02 3.901615367795415636e+02 4.296269854380581137e+02 4.845603021381958797e+02 5.329354827994694688e+02 5.754242764605667162e+02 6.173635974708347476e+02 6.563467283870194251e+02 6.751748614073367207e+02 6.654843665021652441e+02 6.965225828695377004e+02 7.396903935997985400e+02 7.726741372855726695e+02 8.029818970715911064e+02 8.321120598357852032e+02 8.475630705336902793e+02 8.430807112020100931e+02 8.360841468943357313e+02 8.420164275060669752e+02 8.510644718022412007e+02 8.827166244751239219e+02 8.767457279578628686e+02 8.426747413849327586e+02 8.714312813136808700e+02 9.048563955286425653e+02 9.466361380723245702e+02 9.778257415800469516e+02 1.005384328702612947e+03 1.011077312861507266e+03 9.857256725139112632e+02 9.412898535157875131e+02 9.024212571513974126e+02 9.058511482605149467e+02 8.570394873537181866e+02 8.896088911371489303e+02 9.280552897355395316e+02 9.786675985996739655e+02
3.721093080925139134e+02 3.350351094188001184e+02 3.893311002667497291e+02 4.434280704933502193e+02 4.841988475147862800e+02 5.247823179176182293e+02 5.695082265398286836e+02 6.157071021249189471e+02 6.057713713195947776e+02 5.953958779325669184e+02 6.388506691022728319e+02 6.819510172557131682e+02 7.192565610490263452e+02 7.563321974117480977e+02 8.025763817981420516e+02 8.399081439882755831e+02 8.718421553940256672e+02 8.935730799836836695e+02 9.086386221717947365e+02 9.198725497277531531e+02 9.320400962526639432e+02 9.274416456448528834e+02 9.191494645491062556e+02 9.376453680511385755e+02 9.572550541443803240e+02 9.732750339965293733e+02 9.750980151280615473e+02 9.830588530935542622e+02 9.754686435133213536e+02 9.303281174558370594e+02 8.826941203603835220e+02 8.356717636758357912e+02 8.509235464437641667e+02 8.087905947007018312e+02 8.438248302563663401e+02 8.879375639181052975e+02 9.423808921902275415e+02
3.853786315347491040e+02 3.398866028050768477e+02 3.885190607025749046e+02 4.071884378710126953e+02 4.472196352487679860e+02 4.833847745848171940e+02 5.428629192600022861e+02 5.654719774506339718e+02 5.332878660069437728e+02 5.371469324180703779e+02 5.857845306867718591e+02 6.250941322745238722e+02 6.580956857395507313e+02 6.989580209619482503e+02 7.434189497840922058e+02 7.906040422280372013e+02 8.468633842311379567e+02 8.928011593507544603e+02 9.306108176663318545e+02 9.462190611698983957e+02 9.357902238419414971e+02 9.218774915557718259e+02 9.344000746774701156e+02 9.546285424877971764e+02 9.553014082802333178e+02 9.366102839190170926e+02 9.104236620937765565e+02 9.193074332475486017e+02 9.259304146172631818e+02 8.808898438907609716e+02 8.259089260596014128e+02 7.781058661378903025e+02 7.902133125810821639e+02 7.702680557225125995e+02 8.077238607166656266e+02 8.536718609666836528e+02 9.102330165137864242e+02
