output/field_example_lateral_ON/elevation_000009.asc
nrows	150
cellsize	66.66666667
xllcorner	0
ncols	150
yllcorner	0
NODATA_value	-9999
[rows 51 to 67 of 150, columns 0 to 36 of 150]
1.247441123991860574e-03 6.577311491391581910e+01 1.184571800798086230e+02 1.495784947112327643e+02 2.071593544726250968e+02 2.708561273660964162e+02 3.239808196315134978e+02 3.416202244544310247e+02 3.379097611194952151e+02 3.434614937691306977e+02 3.782647493829528571e+02 4.152024025904565860e+02 4.330349561494103341e+02 4.499248668620560352e+02 4.502402236044085839e+02 4.481607390515356997e+02 4.321586560924203013e+02 4.299111327962612563e+02 4.643922037754197163e+02 4.854114474989103201e+02 5.068872405147262157e+02 5.295107589501874372e+02 5.397794320573198092e+02 5.464819078426679653e+02 5.532056518350323131e+02 5.594775492978368447e+02 5.523420381201572127e+02 5.480582039634232387e+02 5.397094858856053179e+02 5.435976075140679313e+02 5.841779884777719190e+02 6.311774066804111953e+02 6.769504070123775819e+02 7.316415346777857849e+02 7.763905020443251033e+02 7.962749552710871512e+02 7.819194965233976973e+02
8.991442672098762376e-04 3.272379566425261999e+01 7.335455724734480043e+01 1.309040482104634293e+02 1.930098150305558136e+02 2.606250385173327686e+02 3.273408694202039442e+02 3.778114347914238920e+02 3.945466970023631461e+02 4.070930235159128756e+02 4.300331779947165955e+02 4.508330243848089367e+02 4.579085531815121044e+02 4.643905059845723713e+02 4.726582344293260007e+02 4.882107529601003648e+02 4.938430759819435139e+02 4.978503380896573276e+02 5.073256784318741666e+02 5.073872217196752672e+02 5.039311594961230867e+02 5.004122372502047824e+02 4.867194605151262294e+02 4.868302134701766590e+02 4.871243562505363798e+02 4.912840390398657178e+02 4.870367458623662742e+02 4.821357319411421827e+02 4.650908403254401833e+02 4.934126844687708058e+02 5.323549036063213862e+02 5.731526903207361556e+02 6.126696284939422412e+02 6.780243211089837132e+02 7.500956234310606305e+02 8.048353418480746768e+02 8.054937485028215178e+02
1.138240608956130094e-03 6.576475956530273947e+01 1.185348050286819586e+02 1.501188477002672244e+02 2.091575619205876819e+02 2.764856338962077871e+02 3.381648771094806420e+02 3.737819414261471138e+02 3.907680332413042947e+02 4.070392772708708549e+02 4.271999824739271503e+02 4.288200596113387633e+02 4.086318998125851181e+02 4.095817600207142277e+02 4.183773525902503252e+02 4.584904042552054193e+02 4.890113153800742793e+02 5.008058666981954161e+02 4.869928365121866705e+02 4.599865617795723551e+02 4.455918983904206243e+02 4.351906013276710610e+02 4.185197924596168377e+02 4.206273871558830706e+02 4.175357381245855777e+02 4.248116094999151642e+02 4.279740719458814056e+02 4.261500827371099263e+02 4.162540079748919197e+02 4.480562049028667957e+02 4.847769265278482749e+02 5.289010630449613473e+02 5.884337684195485281e+02 6.604969304876358365e+02 7.401277992965930252e+02 7.983610323887587583e+02 7.872667250928168414e+02
6.940593384278977021e-04 6.102589060375743912e+01 1.265447673433059919e+02 1.907424134873167816e+02 2.442362454159600418e+02 2.920320715016188728e+02 3.202307583508185758e+02 3.210811142587406266e+02 3.308005139007861430e+02 3.466107235914095099e+02 3.810485826248013836e+02 3.767073994162304871e+02 3.387324354247694487e+02 3.419683919738903910e+02 3.532268335132883976e+02 4.007947483999886344e+02 4.459399199596056178e+02 4.534992873385609755e+02 4.314614150594479156e+02 3.948799377211797719e+02 3.795146841507930731e+02 3.697445995526172737e+02 3.536726655405208817e+02 3.629586673276286319e+02 3.545103618477370446e+02 3.662547162580459030e+02 3.773844260808674562e+02 3.771241717442247818e+02 4.476715934451270869e+02 5.012018634670005213e+02 5.389464524699977801e+02 5.837573991377029188e+02 6.362621856292643088e+02 6.977681719703225554e+02 7.653524287848969152e+02 7.961490256264685286e+02 7.595621568238171903e+02
1.055237303129000518e-03 5.994177755530537866e+01 1.243000041474312383e+02 1.885243104361977373e+02 2.363866297883116090e+02 2.684520710285792688e+02 2.663345900767623675e+02 2.548275987829343308e+02 2.628317409040943176e+02 2.837725240378312037e+02 3.301380622297604646e+02 3.208572707999511522e+02 2.748324020209017249e+02 2.804902254702602704e+02 2.962615619172527772e+02 3.552708928229916410e+02 3.893486226146105196e+02 3.876575620636107260e+02 3.866119569729945056e+02 3.371747258182816154e+02 3.193356533086882791e+02 3.128552511020000111e+02 2.947038725119782043e+02 3.222032042605521269e+02 2.972149449433021573e+02 3.145077050840044421e+02 3.379030979381657858e+02 4.047740401298055417e+02 4.546592084490688421e+02 5.132329328480637969e+02 5.741576085270786507e+02 6.296752589193389440e+02 6.844207355380193576e+02 7.392155299800517696e+02 7.848186068259570902e+02 7.884681346899501477e+02 7.248037163681773336e+02
1.562014952837139075e-03 5.913419778252414005e+01 1.071741255382136586e+02 1.481728040713670396e+02 1.899170308949700257e+02 2.166210418887156095e+02 2.064303101387754396e+02 1.908159169771751351e+02 1.999653969663272619e+02 2.478447725039915497e+02 2.762643621300239829e+02 2.659267656203110732e+02 2.203905995294391005e+02 2.269984223003736190e+02 2.833566281123017347e+02 3.136936110896135119e+02 3.223939419593440903e+02 3.193667106823290283e+02 3.322049700286991083e+02 3.043633214870125698e+02 2.652355277097356634e+02 2.654217693420043247e+02 2.494249987645396516e+02 2.695470002000471368e+02 3.291058871037548101e+02 3.459989149214414397e+02 3.967467854780605307e+02 4.022131645131869391e+02 4.492781015873197816e+02 5.018009243995927022e+02 5.604463400113107809e+02 6.245459419583452245e+02 6.885136512296146520e+02 7.462309909472579648e+02 7.858577536605077967e+02 7.960779817762787616e+02 7.586741307580144849e+02
7.585375989290401438e-04 8.042647293904790828e+00 5.838647494738618349e+01 1.029735354119126214e+02 1.474216217952946977e+02 1.535865358501232834e+02 1.527892435482413305e+02 1.328161348805940349e+02 1.679224265991032610e+02 2.075982004036241904e+02 2.122156014959433037e+02 2.071539382702856926e+02 1.755149811332399565e+02 2.058828986514360793e+02 2.334086401574432443e+02 2.462301910073076101e+02 2.574605012507346373e+02 2.552875877914483169e+02 2.685550763100881682e+02 2.545324519113211466e+02 2.267194651291576690e+02 2.252559999056773563e+02 2.853723522293761334e+02 3.277449563895457345e+02 3.682609203429168474e+02 4.078963300477388429e+02 4.513982764560266219e+02 4.648127128636053271e+02 5.075657947297124792e+02 5.517250981419724667e+02 5.968106197638447838e+02 6.429012075379489488e+02 6.862074372491449594e+02 7.064024613350908339e+02 7.478251423325965561e+02 7.784167803549404425e+02 7.791038334547071145e+02
1.046285099159314971e-03 4.264255262740360308e+01 2.099239536024504105e+01 7.652163460351110302e+01 9.432387811644019848e+01 9.258933523243170782e+01 1.121160483832326378e+02 9.424400363111986678e+01 1.274835258348479812e+02 1.474969110660172475e+02 1.478091219294492475e+02 1.488827502121989710e+02 1.548249747302969581e+02 1.373107791360145313e+02 1.631689305965306573e+02 1.770172962039255538e+02 2.041745988685945292e+02 1.984199923212232761e+02 2.161964763055970877e+02 1.815878169404352889e+02 1.992365626973407018e+02 2.693923218732625173e+02 3.239054920473989796e+02 3.693057827678949252e+02 4.104304725937495846e+02 4.516151899721563154e+02 4.892779825619226699e+02 5.146510397671738701e+02 5.409063171028287798e+02 5.663952098612797954e+02 5.884185620770250580e+02 6.063996604159725621e+02 6.368324174652962029e+02 6.372826530734255357e+02 6.834993108028878623e+02 7.388277069017433405e+02 7.722071081244048401e+02
1.106265462435658282e-03 6.027476150597755122e+01 7.297365203292976332e+01 3.367521471448033310e+01 4.145915981394217198e+01 4.772255040818355099e+01 5.597867674263837046e+01 6.266802783721450254e+01 6.965486286959863094e+01 7.847631752149025886e+01 8.690778599351074263e+01 9.437612710190231269e+01 1.027613919277726922e+02 1.106554288224011913e+02 1.191045581323316611e+02 1.272099915932692085e+02 1.354141845948013554e+02 1.440146853381517928e+02 1.560207398978608921e+02 2.090472144912472459e+02 2.505695906233937649e+02 2.909601492414328732e+02 3.343413996693485615e+02 3.640819300083689427e+02 3.990150733653961197e+02 4.385961878676098422e+02 4.722381544159269424e+02 4.929808271211415445e+02 5.090836281269715187e+02 5.096868745595535302e+02 5.228923935587789629e+02 5.367985945639596821e+02 5.655342879395443560e+02 5.699791607936781475e+02 6.259403467206218465e+02 6.867970920912151769e+02 7.430934262179482630e+02
1.588587968374398059e-03 6.959499340554765467e+01 1.094579973284790242e+02 1.030162394214652295e+02 1.085341999948108480e+02 6.456357956665175379e+01 1.190029204410579808e+02 9.779862805299826789e+01 8.509686581365733105e+01 1.380597592702290797e+02 1.395745312166420717e+02 1.232777442343352448e+02 1.582552595942827622e+02 1.779750715272557784e+02 1.801522487101313459e+02 1.714981932713758113e+02 1.468441216843090444e+02 1.637103182054962076e+02 2.129533647473363374e+02 1.774426055503738269e+02 2.367346894570234213e+02 2.643922479947859756e+02 2.920881853019935761e+02 3.047093877879647721e+02 3.454871028612653276e+02 3.920844777848214449e+02 4.150288212084777797e+02 4.298084470555967869e+02 4.415031780323258204e+02 4.345305371205126335e+02 4.503406690449594407e+02 4.666566999810629000e+02 5.103154070191843630e+02 5.158138472339290956e+02 5.766229131559031202e+02 6.503311746264266731e+02 7.133013950397811413e+02
1.279216666935708386e-03 6.506036492612264510e+01 1.258696689401944866e+02 1.598821885886366942e+02 1.770034376573766508e+02 1.717995704253279712e+02 1.804629501271269589e+02 1.429231959428167329e+02 1.393325072605040020e+02 1.903902772627711215e+02 2.006008001667642304e+02 1.962419485329630504e+02 1.689349371941106313e+02 2.189660671838922781e+02 2.400399521856150216e+02 2.268356852496806653e+02 2.160036656480130262e+02 2.600610996383168185e+02 2.598732899972442283e+02 2.050449690554146684e+02 1.975216464664548255e+02 2.099590120130971798e+02 2.247199374381877703e+02 2.414914263534869292e+02 3.050644910671115895e+02 3.295174372072785900e+02 3.606207463249888292e+02 3.675410746480993680e+02 3.790018397054259935e+02 3.657679052106872746e+02 3.889599790754924129e+02 4.177805846292187084e+02 4.554845716974417087e+02 5.169018412096182828e+02 5.879223367649262855e+02 6.623701803160481631e+02 6.950331888012926811e+02
9.095820746289582119e-04 5.344766138582664894e+01 1.118569558192419180e+02 1.697065167484007873e+02 2.209170685175728011e+02 2.417861527836232938e+02 2.400174960974743215e+02 2.008292966849370202e+02 2.036694479638591702e+02 2.203733104714590070e+02 2.599897441226093520e+02 2.584937297838956169e+02 2.178859447276815615e+02 2.204582464985867034e+02 2.790990451913957031e+02 2.865131333423129263e+02 2.737683763712723817e+02 3.141189203873288420e+02 2.996000665712165869e+02 2.380833795218954378e+02 2.612012404964910957e+02 2.454172015189809599e+02 2.805740053081695464e+02 2.931715447840986712e+02 2.621244341607441584e+02 2.782289122453243522e+02 2.955906871208723601e+02 3.122154582817321398e+02 3.305260246235815771e+02 3.592233767651163134e+02 3.934452941432104467e+02 4.379157383952144755e+02 5.061947198926547458e+02 5.675621245888891053e+02 6.290303635094618357e+02 6.740724794313706525e+02 6.695835570946060216e+02
1.451728525893234128e-03 4.724477392398549824e+01 1.004337383173047584e+02 1.593892141443186574e+02 2.215573119432348790e+02 2.755814077638925710e+02 2.919130216924547767e+02 2.679526866964802707e+02 2.696065890495319195e+02 2.837208463226144772e+02 3.041702483784354172e+02 3.107402925503795927e+02 2.734160216540070110e+02 2.589249796599518731e+02 3.126947225740714202e+02 3.467994537541293312e+02 3.301664607314749560e+02 3.627878713980998100e+02 3.382486989376496922e+02 2.757553027534756893e+02 3.137121480383078733e+02 2.912637420157028600e+02 3.050444606668862093e+02 3.291253213666846591e+02 2.895468604128276979e+02 3.357342404700521570e+02 3.542678139289000114e+02 3.634550705095643934e+02 3.464212803845012445e+02 3.887890098693938512e+02 4.276098909817651474e+02 4.735971434035412813e+02 5.215669858556168492e+02 5.878853969900267202e+02 6.532224277596866386e+02 6.727858713215916850e+02 6.389951364629324644e+02
-1.561618357994713595e-03 4.350087347312572206e+01 9.279417748504826591e+01 1.490334033895274217e+02 2.122506477188127292e+02 2.781105345809760365e+02 3.306653705411892474e+02 3.336649837127701517e+02 3.401064999150247559e+02 3.531480235359089193e+02 3.664545612915645165e+02 3.593803256064261404e+02 3.468646743539013642e+02 3.069772275206847780e+02 3.580484821590747515e+02 4.018027566148566052e+02 3.915000208889746318e+02 4.134828057816163209e+02 3.732420744426527222e+02 3.180252442510399646e+02 3.598072963749439737e+02 3.395189688818155105e+02 3.470438605027288190e+02 3.640362248361473121e+02 3.201100395107578720e+02 3.720582910633286247e+02 4.119896094415062180e+02 4.163993327118213301e+02 3.764342181272619428e+02 4.176167714240341411e+02 4.653713248204126103e+02 5.138622616907756537e+02 5.706226344365870773e+02 6.311832972923589296e+02 6.687556334523891337e+02 6.534923164448081252e+02 5.949812593704014034e+02
-1.629181703595709635e-03 4.369670872055887401e+01 9.338225576563118580e+01 1.501862025728889876e+02 2.142614375596266996e+02 2.834615612295992264e+02 3.479040498945776676e+02 3.839370404060995838e+02 4.021937447690525005e+02 4.193371736266425387e+02 4.322200171367941834e+02 4.237132202776214740e+02 4.113777847168751123e+02 3.665737418836891948e+02 4.118157401592119982e+02 4.569047439700425457e+02 4.549493662060586416e+02 4.652370019058768094e+02 4.197337329863978539e+02 3.674574863581327122e+02 4.068386081451382665e+02 3.911086124275288398e+02 3.935306878505700752e+02 4.020743187975149340e+02 3.541530674307848017e+02 4.087534290556591259e+02 4.570657698294546094e+02 4.594393286374652803e+02 4.121092307030654069e+02 4.562226352850688613e+02 5.044561405843697912e+02 5.602995369220270732e+02 6.130352488705451606e+02 6.625580091593556062e+02 6.702338128366612864e+02 6.266330202817183590e+02 5.562939542755241291e+02
-5.536218851392299412e-03 4.833720501569613504e+01 1.033064369807321441e+02 1.642307889844846329e+02 2.273843778822902379e+02 2.903021710782804234e+02 3.406383019837377333e+02 3.776363631840793005e+02 4.088189763668088403e+02 4.397655496596959210e+02 4.692341954502892918e+02 4.798836274543481295e+02 4.713383711001210372e+02 4.402620427659428515e+02 4.742027388933788643e+02 5.142265620202066430e+02 5.199169784180734268e+02 5.192864555886120570e+02 4.743123887362074242e+02 4.302803273905180959e+02 4.506011010167338782e+02 4.465137017928401519e+02 4.455056911368608894e+02 4.446456383168555249e+02 3.926007505586376283e+02 4.478185783523564965e+02 4.996845104882617647e+02 5.026908161806136377e+02 4.548892335069700152e+02 4.997480267076145992e+02 5.531426391956213138e+02 6.054047257830308126e+02 6.571608234916975562e+02 6.812788023736941341e+02 6.562065519011688366e+02 5.887515119182049830e+02 5.171378236441291847e+02
-5.099245925878344993e-03 5.835284473728617627e+01 1.220174688730051997e+02 1.842727291395416103e+02 2.249859283934541168e+02 2.549026088065900240e+02 2.885855216371560914e+02 3.225896891275884286e+02 3.583830790097132422e+02 3.995661316408979928e+02 4.509313463965519304e+02 4.913819484560400497e+02 5.164285234706055689e+02 5.202437974646690009e+02 5.419635398544512555e+02 5.639038150817417545e+02 5.769920882601097674e+02 5.712274937661694594e+02 5.358082858316686270e+02 5.064335968404794812e+02 5.175703942379368527e+02 5.099754568954377874e+02 5.043956412029597800e+02 4.929428922776572222e+02 4.371330501407628049e+02 4.914814851966135620e+02 5.451765487750942611e+02 5.511277633798061970e+02 5.069818774267066033e+02 5.543602987956857078e+02 6.026865333970871461e+02 6.531862287795991051e+02 6.802599369450992981e+02 6.693309441293076816e+02 6.325785668843661824e+02 5.865780897866990244e+02 5.388695237920620684e+02
