output/field_example_lateral_ON/elevation_000084.asc
nrows	150
cellsize	66.66666667
xllcorner	0
ncols	150
yllcorner	0
NODATA_value	-9999
[rows 34 to 50 of 150, columns 37 to 73 of 150]
4.560717040840054324e+02 4.029221718431274439e+02 3.664544459267118555e+02 3.113109677681771359e+02 3.344571304881604874e+02 3.038218619477413540e+02 3.461223664338895105e+02 3.954196792382594481e+02 4.531188080414036676e+02 4.981707880120544019e+02 5.147639341987407988e+02 5.575973966489854092e+02 6.028932699941697138e+02 6.590287980694553198e+02 7.205769369023877289e+02 7.615316032097344987e+02 7.636281246344485680e+02 7.294581641744649687e+02 6.739001278439483258e+02 6.728115580450547668e+02 6.862464247054344924e+02 6.955178187689000424e+02 7.339896347001267713e+02 7.806943854164576351e+02 7.935166521721191657e+02 7.607951752210265113e+02 7.058252731544531571e+02 6.554695381506338663e+02 6.067264318565877375e+02 5.646463561495298791e+02 5.223067489799047962e+02 5.563044673057927412e+02 5.415749728226318211e+02 5.783251900577865854e+02 5.827238389654576167e+02 6.306081572349406770e+02 6.871885098935366614e+02
4.684875948739649516e+02 4.030996751658051380e+02 3.392500462832855419e+02 3.742412114323806236e+02 3.775332403682455151e+02 3.215995832014830285e+02 3.667332549330645861e+02 4.034127035624047721e+02 4.342743919998385422e+02 4.339358483484720637e+02 4.698669594229004929e+02 5.112602532671498921e+02 5.578103947749248164e+02 6.135128023657389349e+02 6.777904611152827101e+02 7.454910373799697254e+02 7.941938448861885718e+02 7.852681249065124121e+02 7.488014369744244050e+02 7.479448364458223750e+02 7.629368221059320376e+02 7.741842023589299515e+02 7.962756026676364627e+02 8.104491872059724074e+02 7.814929716971555536e+02 7.189839537656508810e+02 6.595564736644899995e+02 6.030665854459546154e+02 5.584838015399579945e+02 5.211127532196952643e+02 4.829787616645430148e+02 4.956139645365932438e+02 4.893660643665477323e+02 5.087909554144833351e+02 5.398029042833452422e+02 5.931317374081140770e+02 6.569852374875687246e+02
4.386256309011670282e+02 3.921923535400487140e+02 3.578131810390103738e+02 4.187506672910356542e+02 4.224518929943343437e+02 3.827110627308903190e+02 3.446248871207670845e+02 3.629224568767183428e+02 3.851780756423673893e+02 4.405821876139154938e+02 4.924873731891793227e+02 5.324441855366848131e+02 5.612830716311387960e+02 6.125732470617110721e+02 6.738185260825233627e+02 7.423786330602273438e+02 8.035328344522935140e+02 8.210801413806819937e+02 8.086754546822262455e+02 8.040029765816365170e+02 8.056579290298915339e+02 8.109580411466154146e+02 8.255080051576502456e+02 8.176065122719361398e+02 7.610361013845158595e+02 6.838733282948218175e+02 6.155439217227542485e+02 5.592301778273439368e+02 5.121726014750532840e+02 4.728465268901176728e+02 4.726621866595695565e+02 4.334281069217022946e+02 4.451797082126494729e+02 4.780094820525377486e+02 5.423607746453481013e+02 6.119193260952938545e+02 6.792807735881882536e+02
4.494578001329131212e+02 3.940267292106876198e+02 3.817637051674730628e+02 4.584431325218612869e+02 4.719472867579104332e+02 4.311496159030846798e+02 3.783896796648527925e+02 4.210113734381397421e+02 4.454218401121702300e+02 4.220567256402328553e+02 4.559775132028626672e+02 4.959980087207936208e+02 5.463492053584479891e+02 6.049802790768596878e+02 6.718279570627470321e+02 7.431309964304432469e+02 7.986155247273518398e+02 8.052309997826500876e+02 7.891711879464946833e+02 7.829538243379050755e+02 7.629732931354300263e+02 7.641820345017753198e+02 7.977459108546611333e+02 8.132058801933213772e+02 7.793436879724706614e+02 7.230817908950004949e+02 6.657871628065656751e+02 6.112691215741958786e+02 5.555207760959299321e+02 4.902707526608608077e+02 4.243274504853210374e+02 3.997255693178125853e+02 4.237305178766910103e+02 4.801542916684443298e+02 5.437448618718007083e+02 6.122725886562252526e+02 6.746080583364617951e+02
4.372131212352081775e+02 4.100874382447822200e+02 4.563526075991823063e+02 5.079313703671198255e+02 5.176668842101711334e+02 4.757648345031580561e+02 4.188303508583755956e+02 4.764105378911024218e+02 4.976467022340369795e+02 4.595721018898279908e+02 5.031333282778720104e+02 5.459933573985389330e+02 5.983867990305171816e+02 6.534650775564178957e+02 7.158013484231444181e+02 7.627626791893395648e+02 7.809577318038511748e+02 7.602186997312886660e+02 7.246029234197164897e+02 7.273352931974018247e+02 6.970139816405370539e+02 7.022736814246745780e+02 7.454789526837477069e+02 7.857100891336406221e+02 7.766511473964615107e+02 7.328328010474753000e+02 6.816748096065243772e+02 6.243505987510753812e+02 5.587188353637136515e+02 4.941429009307199749e+02 4.422805636296706098e+02 3.765009525067357572e+02 4.289087963578863878e+02 4.878218318582281654e+02 5.520051852799792869e+02 6.118531675673872314e+02 6.407182932416314998e+02
4.860398063240504030e+02 4.391457280710118312e+02 5.031556406414314893e+02 5.541818680364337979e+02 5.531124902796559581e+02 4.907551678223995850e+02 4.699626077289959198e+02 5.243800109579261743e+02 5.417745823306254351e+02 5.052002465414259973e+02 5.505237085710531346e+02 6.015238740308592469e+02 6.511098809583198772e+02 7.055880942114965819e+02 7.444558646822332548e+02 7.611098042396293977e+02 7.444250773794200313e+02 7.017265360141943802e+02 6.597694622879884037e+02 6.646647642587940936e+02 6.363808213645205569e+02 6.465454833501410121e+02 7.008560804701962752e+02 7.532746584578051170e+02 7.490028310876347177e+02 6.967237977360041441e+02 6.468757787774824237e+02 5.993008833350579607e+02 5.497375273065539432e+02 4.810383355426066601e+02 4.125848724429096706e+02 3.566015725420851368e+02 4.210880511784020541e+02 4.874550360749485662e+02 5.502069950404923020e+02 5.845866503539557471e+02 5.805823538522321314e+02
4.789380805889945236e+02 5.074698444066455068e+02 5.479363850026637692e+02 5.959166647662830201e+02 5.938897370416702870e+02 5.435730770774672465e+02 5.269640762608315754e+02 5.720296351593784721e+02 5.773504503342375074e+02 5.648424447405577666e+02 6.089412769737134568e+02 6.559233880244482862e+02 7.068831301002373948e+02 7.387195603945215225e+02 7.447368668973016383e+02 7.246216518749256466e+02 6.886533270623093586e+02 6.529194360651407578e+02 6.034257055588070671e+02 5.983887896078165340e+02 5.852587972414285105e+02 6.005097283717067285e+02 6.656702738484875681e+02 7.264179042616827928e+02 7.197476642200911101e+02 6.594943141826388455e+02 5.990272165910313333e+02 5.571447919815161640e+02 5.145121323587698043e+02 4.570574665124987632e+02 4.093647057381576246e+02 3.377071619396851361e+02 4.111293902205534323e+02 4.716264517428296017e+02 5.198024085087856747e+02 5.303690215836795687e+02 5.181286268380281399e+02
5.122299655388339943e+02 5.622842415313818947e+02 6.028243282846815418e+02 6.405246443485475538e+02 6.450755140642324932e+02 6.068693222368680154e+02 5.979114997812557704e+02 6.177803923933424812e+02 6.330638379249498939e+02 6.356250578587333848e+02 6.696240513094713833e+02 7.144904824258045437e+02 7.451121149883541648e+02 7.435138760320940037e+02 7.101096630464388682e+02 6.654073894839889363e+02 6.249400405918064507e+02 6.055923359648792257e+02 5.684999885408888076e+02 5.360375918685789429e+02 5.413372786806642125e+02 5.987424234281926374e+02 6.617386371522087529e+02 7.142615991652554612e+02 6.974648625445563539e+02 6.274224250700922312e+02 5.591497381493832108e+02 5.044275010084976429e+02 4.915155252484386210e+02 4.433307554051968964e+02 3.727282877580823879e+02 3.179911457912162973e+02 3.564242589601381042e+02 4.217816066854486508e+02 4.703987340455794879e+02 4.720711595271073406e+02 4.640219451240710669e+02
5.567798267264357719e+02 5.735485684469067564e+02 6.214916181690495023e+02 6.750943599070733399e+02 7.000879188361509478e+02 6.806788723532512222e+02 6.734702387381781818e+02 6.840798338968947974e+02 6.955128365293772958e+02 7.077602865167174286e+02 7.261966670150217169e+02 7.502015029625409852e+02 7.626063873028224407e+02 7.231123084071673475e+02 6.603309813567909714e+02 5.998171828135870101e+02 5.831013624552159627e+02 5.380817140885335448e+02 5.245204438979707220e+02 4.961188190866084824e+02 5.453728133776206732e+02 6.002327022684693247e+02 6.588570746996256275e+02 7.058132366397095439e+02 6.888135386295410854e+02 6.247430082137167346e+02 5.577392726530204072e+02 4.972908401946104391e+02 4.414608497736488744e+02 4.064499574161162059e+02 3.370162040817620550e+02 3.022039629543695014e+02 3.405997525768316905e+02 3.728478866053773118e+02 4.100084992436848097e+02 4.153316508128999089e+02 4.202210620360795588e+02
6.111033448666986487e+02 6.453250433526518464e+02 6.555297187662501983e+02 7.120250925915790958e+02 7.522384071834878796e+02 7.488954636965240752e+02 7.403721253247252889e+02 7.392329445488311421e+02 7.389554557794823495e+02 7.318818243605329599e+02 7.238370221952440033e+02 7.344326878460927901e+02 7.449866805016906710e+02 7.144045483636563176e+02 6.485669374889320125e+02 5.820596628004119566e+02 5.236827438286732104e+02 5.088898686127035376e+02 4.576868363064925802e+02 5.076312805859803916e+02 5.513106793402399717e+02 5.975395872117525187e+02 6.463677387715866871e+02 6.858176878302962223e+02 6.788445581067087460e+02 6.219281100786593015e+02 5.588641266269529524e+02 5.002636494681055410e+02 4.447164903951140786e+02 3.895998366076882462e+02 3.869602603066917368e+02 3.445443423903915345e+02 2.798836409629444120e+02 3.025726061269492675e+02 3.343274796054675448e+02 3.702327277395233978e+02 4.430523518457007413e+02
6.751044977006125691e+02 7.103514394537797898e+02 7.160712798654416247e+02 7.602058460339519570e+02 7.848876429530001815e+02 7.745654247477685885e+02 7.489361010118319655e+02 7.253645836139507992e+02 7.044420534107050571e+02 6.886946946554679698e+02 6.566610702193607949e+02 6.694694206074170779e+02 7.023334509911798023e+02 6.948635130887952300e+02 6.378043434414416879e+02 5.734805544681091760e+02 5.152677244701877726e+02 4.643630850712767710e+02 4.313548771964996718e+02 4.648356244143872686e+02 5.015248917849257850e+02 5.470632439661511626e+02 6.005639177800178459e+02 6.554320009191359304e+02 6.601768602341506949e+02 6.148336001711766130e+02 5.609199949683993509e+02 5.151553835964327845e+02 4.745824307625780420e+02 4.404018063749612679e+02 4.051590223892892482e+02 3.435174861163670244e+02 2.643797418392831560e+02 3.268060735597970279e+02 3.869253314182885788e+02 4.323315942391265594e+02 4.829758674347471583e+02
7.419769545077465409e+02 7.712031958898095354e+02 7.792224994820045367e+02 7.957704835368714384e+02 7.826776357781948263e+02 7.457964625236137408e+02 6.975452978146396390e+02 6.609201914025444466e+02 6.294771430733878788e+02 6.257463584783994293e+02 5.857759584662395582e+02 6.060346009164913994e+02 6.575354758463902272e+02 6.655489216778934178e+02 6.293223463687583035e+02 5.757679442342588345e+02 5.232454171399742791e+02 4.772349157475601373e+02 4.451033514075780886e+02 4.037066464140815469e+02 4.461360431914438323e+02 4.987304276333113080e+02 5.632777743925514642e+02 6.280596381586395864e+02 6.354501267475004624e+02 5.782433668813798704e+02 5.160282582079303211e+02 4.611129584920693105e+02 4.364536797400992896e+02 4.132707164966657274e+02 3.847215348093463945e+02 3.178115944372369199e+02 2.504058495090057761e+02 3.241233807541673855e+02 3.831733790782145661e+02 4.342913360878579851e+02 4.813384541413175270e+02
7.748879814062343030e+02 8.130603040360231262e+02 8.242362589121729570e+02 7.986454934025875900e+02 7.511604940265594905e+02 6.900180320981388604e+02 6.391802723012779097e+02 5.951336118732413070e+02 5.611610932789832304e+02 5.663496570820345823e+02 5.237938090573145473e+02 5.668207660040910696e+02 6.103901889528035554e+02 6.149347344571185658e+02 5.908135415571830436e+02 5.375188468234950960e+02 4.809310965287296540e+02 4.479969193571425876e+02 4.112808315469652598e+02 3.832296612893555334e+02 4.396272535609671195e+02 4.964799100279025197e+02 5.570526993538778697e+02 6.138725159588979068e+02 6.191563978419208070e+02 5.641141315147373234e+02 5.000301764557531783e+02 4.400423199021641949e+02 3.841832376760821717e+02 3.424289148320818867e+02 3.447129207494946286e+02 3.077568911479032749e+02 2.368160272785649738e+02 2.914108571078230625e+02 3.295721383525489045e+02 3.913860966085238715e+02 4.698835935247396947e+02
7.546433269485804658e+02 8.103268047713581836e+02 8.252059628723992546e+02 7.732100595857056078e+02 7.023534649579650022e+02 6.369913448669824447e+02 5.820664350608611812e+02 5.372875739772470070e+02 5.084914037946543317e+02 5.115780779748819782e+02 4.779624838038408825e+02 5.237883795223764309e+02 5.551096535130576513e+02 5.494862313433286545e+02 5.500111212283097757e+02 5.268486030132579572e+02 4.701372466426967094e+02 4.032561638653331784e+02 3.557708007208731260e+02 4.132793583499650367e+02 4.598809538265461470e+02 5.034037850271477623e+02 5.509275134880576843e+02 5.999865375277356634e+02 6.053730982082228138e+02 5.512981200542041051e+02 4.876923358835252884e+02 4.291015969848684790e+02 3.767909038466635252e+02 3.295013697980881489e+02 2.808034821701930923e+02 2.788002018952905701e+02 2.241852984971270928e+02 2.593677579084965146e+02 3.211706466090852814e+02 3.945553529603843685e+02 4.700172576248384075e+02
7.166494399735329353e+02 7.954803351621142156e+02 8.170108755325153425e+02 7.627416971869924964e+02 6.934633727964928767e+02 6.299037812124879565e+02 5.754957372832824376e+02 5.281885383651276697e+02 4.821460326839946902e+02 4.504861262209645361e+02 4.407166951067239324e+02 4.853995826662768991e+02 4.936176253911427239e+02 4.823322924531605054e+02 4.864798477159158097e+02 4.891360753440962412e+02 4.626286438825127902e+02 4.018148173635449325e+02 3.372868478595476631e+02 3.957840211317253534e+02 4.269772502354831545e+02 4.568262574778926819e+02 5.191357067246383394e+02 5.808560340794066406e+02 5.923409726712995962e+02 5.396531799821871118e+02 4.757860712315700766e+02 4.176817458345662430e+02 3.676689466506889516e+02 3.392722069170446275e+02 2.909687278996808004e+02 2.273805074883964608e+02 2.136202731681613614e+02 2.729445826058741318e+02 3.377345951618175945e+02 4.103458905022060890e+02 4.781420231051801011e+02
7.525144763065228517e+02 8.025449736787650181e+02 8.106765188042228374e+02 7.597597825031098182e+02 6.937739943479817839e+02 6.321641720433478895e+02 5.805570086573301296e+02 5.500140077106924537e+02 5.125141740888988124e+02 4.706958983405962726e+02 4.106045428100392201e+02 4.316696741298686106e+02 4.375725819879756955e+02 4.217484600924778988e+02 4.217103496345413305e+02 4.274769419814260800e+02 4.320011524847329838e+02 3.910448526884402440e+02 3.202514981558860541e+02 3.485966509063338208e+02 3.717010564062010758e+02 4.385850885148670386e+02 5.090096969347575850e+02 5.650691963494068659e+02 5.815759865901246712e+02 5.323657953669741119e+02 4.664122875977121794e+02 4.042962632829601262e+02 3.496297179476566725e+02 3.004643883806019176e+02 2.621538634057042145e+02 1.981496591767976554e+02 2.344690065882052750e+02 2.756144265342730932e+02 3.465233915549609947e+02 4.182242669622925746e+02 4.640581239360255381e+02
7.722905017284551832e+02 7.890952228275266407e+02 7.848580081263913826e+02 7.577779169933758112e+02 6.996772057846187636e+02 6.342206255435590947e+02 5.726520231847123341e+02 5.177898108241173531e+02 4.778709733037376850e+02 4.649324892246517038e+02 4.263191937875419626e+02 3.764569583580438916e+02 3.962240502661460368e+02 3.688691472480322773e+02 3.635513442181211872e+02 3.621303857818948018e+02 3.796978534089751065e+02 3.678595785419494177e+02 3.283339700221115436e+02 2.964518252978285773e+02 3.527840272029007451e+02 4.157166111100254966e+02 4.784735587406108834e+02 5.401752028848071632e+02 5.675120245787503563e+02 5.384834834985279031e+02 4.727139355815800741e+02 4.054608123431622175e+02 3.458569594521894714e+02 2.932962251820851520e+02 2.459255533422539202e+02 2.299309642624752144e+02 1.811813267635173759e+02 2.608256095143930224e+02 3.400117697879311436e+02 3.968802378800389761e+02 4.122743825438360545e+02
