output/field_example_lateral_ON/elevation_000025.asc
nrows	150
cellsize	66.66666667
xllcorner	0
ncols	150
yllcorner	0
NODATA_value	-9999
[rows 34 to 50 of 150, columns 0 to 36 of 150]
1.312177566016130325e-03 1.598273026357318294e+01 3.413671900043521390e+01 5.534314029552042058e+01 1.183745471267065028e+02 1.237029745155132474e+02 1.928362886750008443e+02 2.118111370456300335e+02 2.102399356844367730e+02 2.362791188586034252e+02 2.693360265346868800e+02 3.225679289155906986e+02 3.825960736089817260e+02 4.536874945826366456e+02 5.347269386373409361e+02 6.091006968397455239e+02 6.317952452424142393e+02 5.802842377898483619e+02 5.135136104828333146e+02 4.498689856807397973e+02 3.943210236019515378e+02 3.460679974981209739e+02 3.025164272690244047e+02 3.394655391554071002e+02 3.581854617677403780e+02 3.601431607203376188e+02 4.084523699125351754e+02 4.675893454512504377e+02 5.411910009467499094e+02 6.198467725413545395e+02 6.556758945361942779e+02 6.324138729480584971e+02 5.945435388581263396e+02 5.514835291595096578e+02 4.928038507201067659e+02 4.284184673164311334e+02 3.671855806787861525e+02
6.869099911414853783e-04 5.744411380871746076e+01 8.630181735251323971e+01 1.139070577867902330e+02 1.504584954437354156e+02 1.907949779285767136e+02 2.388935945714136437e+02 2.580329133043069874e+02 2.656671145753794008e+02 2.697809488232180115e+02 3.104408359256779590e+02 3.383990444894287748e+02 3.939020762287246384e+02 4.621635359161919041e+02 5.414109164331176771e+02 6.133268129611043378e+02 6.434390834423267052e+02 6.066296809778796160e+02 5.344598333198969158e+02 4.656497025431455654e+02 4.071944301071235373e+02 3.595492938886754359e+02 3.268058118353943087e+02 3.820520548060845272e+02 4.175627391184184489e+02 4.268138993815720141e+02 4.677142796478118498e+02 5.194116278252581651e+02 5.801156067814903281e+02 6.458272944937840521e+02 6.727489008772890884e+02 6.430020646738053074e+02 6.001069992172562024e+02 5.548833760276824023e+02 5.065737361276127899e+02 4.529615516054353179e+02 3.987812954347061805e+02
1.637417951171603239e-03 6.453116833274758335e+01 1.256594392727656384e+02 1.662198919422676795e+02 2.045037871171666666e+02 2.450449055285689610e+02 2.910261143027445883e+02 3.105370425288575120e+02 3.251847780373514070e+02 3.222550197022362113e+02 3.578101199783949937e+02 4.013424328944601029e+02 4.479376888091899787e+02 5.112878795252668169e+02 5.675463267434237196e+02 6.119862224537748716e+02 6.361509517338430442e+02 6.237405255041451255e+02 5.781466410664927480e+02 5.155470756744712162e+02 4.609693178956521820e+02 4.094315763072543746e+02 3.583869026387801568e+02 3.804944332316429723e+02 4.435585245101022451e+02 4.853845351973974402e+02 5.277189601904442497e+02 5.785373518198535976e+02 6.325956136084345189e+02 6.724352435873380500e+02 6.652357311757854177e+02 6.109512626766545509e+02 5.580565674876344247e+02 5.104589516287292099e+02 4.669147516897598393e+02 4.267788963957297597e+02 3.927742563289185114e+02
1.558306512842491318e-03 6.217947926792231783e+01 1.283792713966215615e+02 1.919263658835594129e+02 2.441099598721415589e+02 2.889963577685788323e+02 3.319333216175492680e+02 3.622812029539712739e+02 3.877804131152440164e+02 3.869975934041193000e+02 4.172279549549999729e+02 4.545576889686533946e+02 5.032065326452334375e+02 5.433245717126975478e+02 5.668816512244422938e+02 5.594649831662471797e+02 5.960564912021237660e+02 6.170150787945702859e+02 6.064218728042936846e+02 5.685344910806763892e+02 5.134007550880977533e+02 4.610147415283086048e+02 4.086117104424703257e+02 4.086091317110998489e+02 4.361760986677735445e+02 4.819535837483953742e+02 5.364915267656060678e+02 6.020091252100496604e+02 6.695817658724280363e+02 6.954207525455906307e+02 6.496420911756542864e+02 5.795432432673288758e+02 5.130115479206677946e+02 4.608351139128959062e+02 4.164502003163384529e+02 3.782280217200361108e+02 3.454700115247979397e+02
6.672405290160518185e-04 6.728261008210800753e+01 1.245857525503672747e+02 1.757357761459956862e+02 2.260501984628433263e+02 2.780730939117511298e+02 3.330696867816976123e+02 3.869335349668019717e+02 4.307739696400958564e+02 4.482480346225229368e+02 4.710513257634698334e+02 4.988484161966892430e+02 5.299172106039816299e+02 5.454984719076217061e+02 5.289512616752552958e+02 4.908216237084389491e+02 5.332965654572219592e+02 5.806469598522228353e+02 6.077935182451961964e+02 6.021836051411518156e+02 5.682855278692215961e+02 5.163434774546077506e+02 4.691679246665184451e+02 4.651791454036166442e+02 4.728594646057849786e+02 5.247724493261724774e+02 5.834388465773921553e+02 6.426706804279236849e+02 7.000051165294418070e+02 7.115209169641119615e+02 6.610778361531940845e+02 5.994475736136332671e+02 5.575413702467635630e+02 5.112916643531747241e+02 4.653478427306005187e+02 4.208532294819468689e+02 3.755916474442784647e+02
1.127180932385616176e-03 3.393920609814217926e+01 7.390947239914353872e+01 1.192621816533039691e+02 1.707045725790569293e+02 2.297146027736829694e+02 2.975193002297212388e+02 3.706696745564352682e+02 4.299185204681985510e+02 4.538724668728560800e+02 4.662318357450733970e+02 4.823402778496677001e+02 5.060618129064473578e+02 5.095526997242723724e+02 4.718153125714183602e+02 4.266160009513955629e+02 4.757030209060596917e+02 5.263758958541519632e+02 5.789852680915494147e+02 6.084275657071183332e+02 6.047105511088722096e+02 5.777779502551875339e+02 5.387186191059007569e+02 5.292902670307837525e+02 5.297077582722506577e+02 5.728004324211849507e+02 6.311514488769636273e+02 6.935579029460488982e+02 7.304222056045516638e+02 7.174737092723748901e+02 6.676735358515836651e+02 6.130315280057687914e+02 5.653205356010620335e+02 5.200729614058998322e+02 4.657774362266861772e+02 4.083572162905427945e+02 3.564301285187765984e+02
1.234101793580908053e-03 3.454756361388383823e+01 7.485524322295307798e+01 1.210855032138596670e+02 1.753318681207010172e+02 2.387846205455558390e+02 3.097554096547711424e+02 3.740123069481036850e+02 4.048007311668090438e+02 4.011958797781232988e+02 4.032774455131041691e+02 4.131188488289965335e+02 4.517736537489433886e+02 4.594714576757081090e+02 4.209046113668762814e+02 3.727367048275931438e+02 4.212819569494395751e+02 4.782364444356504691e+02 5.315668832327928612e+02 5.811539108411199095e+02 6.086389726392611692e+02 6.160928223136126007e+02 6.080827363274294157e+02 5.990750333322779397e+02 6.012537498104696851e+02 6.378049025265487444e+02 6.832221639766834187e+02 7.363167345111874056e+02 7.538796503410511605e+02 7.010441359584430074e+02 6.326133930253771496e+02 5.714380310746702207e+02 5.196602478708953186e+02 4.760426567577753190e+02 4.506741622173818769e+02 3.899455901187375844e+02 4.215448600636202059e+02
8.963495960879561825e-04 5.852978556699949308e+01 1.197489636607042911e+02 1.721239776408307875e+02 2.192711351717387629e+02 2.798253936733992191e+02 3.285001962671287288e+02 3.563605972530801864e+02 3.479288396867358415e+02 3.339645719950756870e+02 3.326468640103242365e+02 3.443442214048869232e+02 3.929581462052377105e+02 4.025418442408742408e+02 3.685667828796860022e+02 3.284197156705967586e+02 3.792672838247794402e+02 4.333947224369605351e+02 4.882234274404962662e+02 5.299491685468540254e+02 5.706564957179583644e+02 6.025467088447589958e+02 6.317245686001861031e+02 6.542830346699564643e+02 6.725663638848633354e+02 7.046593616657330585e+02 7.419106478320729821e+02 7.757668702440531661e+02 7.773369089250472825e+02 7.274734411487299894e+02 6.649323729852706037e+02 6.048206219717585554e+02 5.461151299291279884e+02 4.836968949204253363e+02 4.223010796640651847e+02 4.514841630241096482e+02 4.837108416634495143e+02
9.729900227239582063e-04 5.424889043692807178e+01 1.158476886346057455e+02 1.817123799332847796e+02 2.463873596782612196e+02 2.928497194106130337e+02 3.117524516203150711e+02 3.021957357618140918e+02 2.824733365330214383e+02 2.697802032090405078e+02 2.682853231219248755e+02 2.861528816784473861e+02 3.381333515175045363e+02 3.424307096696124972e+02 3.058278164249462634e+02 2.918898229659397998e+02 3.442827229527808868e+02 4.036166421781932172e+02 4.446403536872666109e+02 4.715098115042670770e+02 5.062020993896417735e+02 5.480595522392347902e+02 6.011161203260506909e+02 6.454912859633142261e+02 6.857748082085056467e+02 7.249727682907844155e+02 7.636644706142690211e+02 7.954499494599349418e+02 7.834764530178488258e+02 7.173416862083979595e+02 6.445558181768061559e+02 5.788374392642675730e+02 5.234451157505596939e+02 4.773353260173691979e+02 4.494134627038050667e+02 5.001008912929585222e+02 5.416731559229003778e+02
1.347422396015889381e-03 5.510199690176371945e+01 1.172154955158285929e+02 1.814080980987416751e+02 2.376855328112900736e+02 2.598982187682917129e+02 2.543745658576225139e+02 2.357003279972182668e+02 2.192392269152078654e+02 2.131979337359487090e+02 2.104137892685095039e+02 2.586734688505827648e+02 2.761713045113554585e+02 2.754914448470004800e+02 2.467044889549194124e+02 3.095836856658762599e+02 3.669859448684048857e+02 4.018991576407949537e+02 4.011962421501891640e+02 4.083120973925042563e+02 4.445961064084223153e+02 4.929549037496875030e+02 5.437489662045270506e+02 5.967224388564776518e+02 6.427521700329466512e+02 6.817627174103137122e+02 7.284331105127432693e+02 7.799165865607430987e+02 7.930206392006437000e+02 7.520744436360828331e+02 6.870040338048838748e+02 6.283471384601512000e+02 5.739899378846464515e+02 5.350422063707982261e+02 5.002326555805519774e+02 4.963119807593841415e+02 5.597289731576481699e+02
1.603401931318566929e-03 6.385363007722759932e+01 1.270309251784600519e+02 1.737949918394362214e+02 1.957301691610676926e+02 1.965279156759896750e+02 1.883665963887399357e+02 1.662771632177392860e+02 1.611264214553760894e+02 1.644785627031832860e+02 1.684253201987477837e+02 2.108453668359124151e+02 2.144731966267349890e+02 1.999121670997716365e+02 2.583371877604732845e+02 3.165332155220833670e+02 3.533145023963962217e+02 3.646541726688456606e+02 3.570856750054960003e+02 3.563049246640143224e+02 3.942036834704102262e+02 4.371479314512860697e+02 4.925750248836307037e+02 5.581290187696573639e+02 5.823471310828712149e+02 6.276301606190213533e+02 6.877139956875078042e+02 7.500222136298518762e+02 7.871829081429559665e+02 7.750420315160827158e+02 7.351515483997133060e+02 6.816965617811857783e+02 6.387105080959787529e+02 5.996129944573164039e+02 5.617737500389870320e+02 5.330673777269073526e+02 5.749029580362755496e+02
1.121501537397125940e-03 5.856764004835131487e+01 9.766043139042199073e+01 1.208850304928018318e+02 1.269351947028604428e+02 1.302797890640878506e+02 1.383591332684014503e+02 9.937524244872358281e+01 1.101874317289452847e+02 1.218479968064863215e+02 1.334735178892144347e+02 1.472960761739738587e+02 1.602828325781796650e+02 1.776572832301869767e+02 2.436595703002429616e+02 2.843378727467701879e+02 3.014710011460602459e+02 3.131335177540496488e+02 3.154805225520072440e+02 3.141520369426723960e+02 3.420361372258771553e+02 3.947287214732348275e+02 4.588234381122856576e+02 5.136059009260678749e+02 5.283838634646747323e+02 5.879072786236660022e+02 6.423927729957123347e+02 7.085768081992138150e+02 7.643027458824209361e+02 7.698014132196691435e+02 7.606515041832867610e+02 7.364140510902875576e+02 7.059551885460459744e+02 6.637408244736701590e+02 6.266492577674205222e+02 5.858005250250440668e+02 6.089876589297369947e+02
1.136200419436412005e-03 1.111205617015020941e+01 6.374193690658791667e+01 4.674642028764176160e+01 5.794170934663157624e+01 6.956580229954236927e+01 8.151154346695446407e+01 1.187646865865525001e+02 1.520963296587493971e+02 1.856865270794145033e+02 1.953803337935904949e+02 2.096399271592036371e+02 2.026388178418246468e+02 2.260542663941550643e+02 2.037614004672270198e+02 2.216450668864020770e+02 2.403208402657254510e+02 2.599138389669622029e+02 2.830487125135915676e+02 3.474117324690653277e+02 3.951287291401568496e+02 3.855872121728128263e+02 4.188891602131841978e+02 4.572107827461782108e+02 5.022271988133338141e+02 5.576737688220550808e+02 6.333962453268094350e+02 6.978665575660446621e+02 7.258435499423137571e+02 7.142492415054393859e+02 7.364641817122502516e+02 7.521421278806947157e+02 7.487824982245897445e+02 7.265886641700332120e+02 6.873062509179252402e+02 6.496747371884742961e+02 6.695178102917998331e+02
1.376512887513758974e-03 4.596020319941666088e+01 2.946621216918601149e+01 8.963634484090880505e+01 1.088649766593722745e+02 1.358981878976360633e+02 1.347663868734319692e+02 1.287908363649808337e+02 1.857717061710297060e+02 2.270383461391370759e+02 2.576451910121538162e+02 2.795938745418000053e+02 2.706120807219495532e+02 2.588246855378626492e+02 2.562688672457653070e+02 2.573460829652357802e+02 2.870228941603098747e+02 3.158902007191956613e+02 3.452163575672388447e+02 3.858783734043619233e+02 4.427759602486417521e+02 4.533713951252622110e+02 4.869152662626123060e+02 5.282585062925144257e+02 5.643567696247160939e+02 6.026156539309441769e+02 6.441417199569260674e+02 6.702978877587332818e+02 6.716921116753222805e+02 6.379053978449868509e+02 6.753639516446578455e+02 7.206982535366654474e+02 7.525035629881914474e+02 7.641597267651347920e+02 7.500364315201770751e+02 7.215084096919496233e+02 7.385471468503837968e+02
1.345312189980027570e-03 6.319232799881164908e+01 8.614650947317716145e+01 1.222302724990866807e+02 1.677448047553426420e+02 1.874477156976244601e+02 1.935439305688287277e+02 1.834599230289339857e+02 1.866603706400141789e+02 2.540942314867915002e+02 3.065507300985450456e+02 3.404640044775265437e+02 3.388553519734411452e+02 3.085102055265205649e+02 3.126240545088784302e+02 3.138873723787054359e+02 3.252649005107609241e+02 3.688552029517965707e+02 4.091978999592956256e+02 4.470354775733887891e+02 4.871880567257272787e+02 5.228426467768839530e+02 5.472454008549158289e+02 5.685438978333800151e+02 5.860095680498881165e+02 5.993118966880538210e+02 6.115209939473323857e+02 6.095072419898555154e+02 6.124582974171395335e+02 5.694047613084885597e+02 6.162847867367787558e+02 6.657477767447927590e+02 7.210294143569276457e+02 7.616853214311089459e+02 7.861900812159906309e+02 7.862282492929259661e+02 7.923133451009679220e+02
1.338399390528466652e-03 6.577985044028972084e+01 1.268812932629046770e+02 1.686979289947105656e+02 2.086568258412960972e+02 2.445428774034618016e+02 2.538626232600090020e+02 2.435431461027410478e+02 2.415778961188149765e+02 2.545494139023885509e+02 3.153299960908045136e+02 3.769183199495867598e+02 3.888936137947268321e+02 3.715540809345534967e+02 3.739503420483777063e+02 3.757713983598786740e+02 3.830795473546310745e+02 4.260359917652807553e+02 4.661116489769934219e+02 5.080208563349127076e+02 5.364178099583059520e+02 5.559865663545972438e+02 5.584040510472785854e+02 5.476463545750755202e+02 5.358204291227552858e+02 5.380383076785559524e+02 5.439701161358581203e+02 5.401602228581388090e+02 5.552426575466057557e+02 5.128084688712932575e+02 5.597041629201224850e+02 6.150164759746514846e+02 6.690536138250741942e+02 7.265286004531766366e+02 7.687629447142383015e+02 7.945579460261330951e+02 7.844563123568477749e+02
9.567392915362995121e-04 6.250495461977244815e+01 1.289616779089455463e+02 1.923572899242911376e+02 2.422469888614005242e+02 2.834032822412455062e+02 3.091679277837673681e+02 3.065138350567700058e+02 3.025772477434995267e+02 3.115063690033504713e+02 3.599452727546332653e+02 4.092005470118754715e+02 4.435212916856413017e+02 4.362055137239564147e+02 4.382745319390474492e+02 4.416704351462821592e+02 4.487005681957834895e+02 4.874971156207106446e+02 5.169908743828124216e+02 5.368304699562228279e+02 5.378965892214832820e+02 5.274919824273533777e+02 5.149660436543623518e+02 4.784485735801671353e+02 4.659413125093906842e+02 4.680204425170945797e+02 4.764360082416517344e+02 4.730427653746480132e+02 4.990766414872881001e+02 4.658243117752085141e+02 5.150361222649935371e+02 5.655808256213369987e+02 6.200843106221747121e+02 6.719376693836476306e+02 7.227344764080075947e+02 7.656816728945761952e+02 7.457188595947882277e+02
