output/field_example_lateral_ON/elevation_000033.asc
nrows	150
cellsize	66.66666667
xllcorner	0
ncols	150
yllcorner	0
NODATA_value	-9999
[rows 0 to 16 of 150, columns 0 to 36 of 150]
1.493837232042314212e-03 4.477221082254357754e+01 9.631426629545359219e+01 1.551532892792292273e+02 2.195538259082816808e+02 2.837939267532005374e+02 3.327304073008812679e+02 3.522423206341080117e+02 3.648895268148335731e+02 3.816669474287189701e+02 4.093137126903947092e+02 4.401923349546479471e+02 4.568082729040713161e+02 4.815606874076593158e+02 5.118437354725186879e+02 5.451606460879685301e+02 5.824442021257957549e+02 6.231809555692151434e+02 6.572839882429531144e+02 6.510458344712114922e+02 6.206149450045300000e+02 6.000448998849948339e+02 6.205137360096636030e+02 6.535815339941314051e+02 6.836379024463294627e+02 6.767055563285800872e+02 6.392603463343162957e+02 6.002259953058131714e+02 5.659838899781677810e+02 5.378916778855982557e+02 5.205936515791570400e+02 5.371758248606641928e+02 5.506366655010178874e+02 5.689909441918445054e+02 5.731389337512456450e+02 5.779719974178347002e+02 6.028158270145019060e+02
6.846229606998467882e-04 4.853325624722953080e+01 1.038537226103109106e+02 1.649369647470187488e+02 2.267989413171597164e+02 2.825314235834110832e+02 3.073616398884205978e+02 3.105997486831575998e+02 3.203006620978542287e+02 3.352644366737258110e+02 3.713734861814177748e+02 4.086148166155693389e+02 4.117525878766404617e+02 4.414875784926554729e+02 4.739357527320829604e+02 5.079125246458438028e+02 5.477210522380494240e+02 5.940401147465755685e+02 6.372460806018416406e+02 6.244000414772178829e+02 5.776031964760442179e+02 5.424015094550106824e+02 5.743908283773721450e+02 6.155352369419948673e+02 6.587534109997991436e+02 6.543652593444594459e+02 6.069323266606362495e+02 5.630701979719664223e+02 5.261069494113305609e+02 4.946440089954482460e+02 4.682853128779565282e+02 5.011263915443893211e+02 5.075083494995403157e+02 5.358180382327589086e+02 5.310444197913931248e+02 5.301567728054928921e+02 5.625477455736748880e+02
7.082983629705184424e-04 5.807561048798264380e+01 1.208317833036237232e+02 1.797524957165063881e+02 2.158740950156531824e+02 2.393414654665204750e+02 2.436609565889404223e+02 2.460077876319236623e+02 2.554976549556164969e+02 2.741501524348859675e+02 3.260970650419699837e+02 3.492382282318744160e+02 3.497510288618105960e+02 3.860365159761662426e+02 4.173310948802901521e+02 4.529790560234908412e+02 5.021082977731202277e+02 5.613886982665176220e+02 6.072896445103251608e+02 5.830121577450103132e+02 5.238473276527544158e+02 4.711441682366725558e+02 5.124642412914902252e+02 5.678158818512396238e+02 6.199991480571467264e+02 6.190929807343826496e+02 5.667900573929716757e+02 5.115576456531007352e+02 4.691520902076804873e+02 4.342078986540076357e+02 4.029263609555354151e+02 4.475607235597454405e+02 4.486004621179176297e+02 4.822288335370433856e+02 4.689949474681276342e+02 4.662800595929383007e+02 5.082805591440449575e+02
8.682931820036127180e-04 6.356103788142528543e+01 1.221457023852430837e+02 1.432442675542857558e+02 1.503897784325139639e+02 1.648404885728684803e+02 1.735905048906024035e+02 1.834886825781385085e+02 1.926872197805708424e+02 2.389077633341747742e+02 2.589957668253372844e+02 2.961679481715867155e+02 2.962916960603616303e+02 3.491764025772717446e+02 3.589638786995895998e+02 4.091436917334962118e+02 4.726246838814032571e+02 5.472992676764930593e+02 5.733248441441173782e+02 5.346896548251783088e+02 4.732157632986812246e+02 4.123095971760573093e+02 4.613429720481659047e+02 5.234190126415144277e+02 5.808713718155744345e+02 5.826781209756138651e+02 5.285524473351658798e+02 4.694641767508933299e+02 4.188610704830360874e+02 3.803595789043354785e+02 3.473272250740504319e+02 3.962321479171569649e+02 3.937237639974067065e+02 4.230604110021952806e+02 4.076128911488104336e+02 4.111155114236109398e+02 4.676367800635215985e+02
1.626078096075774708e-03 5.778932331065273331e+01 8.754476389788918311e+01 5.799725166808143939e+01 7.388513075518802964e+01 9.146157988833262209e+01 1.101537847459254778e+02 1.294884384111868769e+02 1.510330789683257535e+02 1.752440971533202401e+02 2.014952237750673589e+02 2.301939450887667533e+02 2.606227281424144735e+02 2.994879069590771223e+02 3.729673157214320440e+02 4.465855764862342312e+02 5.078385482479432653e+02 5.495918915577086636e+02 5.409420826725696543e+02 4.863029393219523513e+02 4.241416189105944454e+02 3.644235241146357112e+02 4.183053296282839142e+02 4.843959841285266634e+02 5.456381828693973830e+02 5.510599824960324895e+02 4.905196733044259645e+02 4.333478758861867277e+02 3.810136520194188847e+02 3.370157911327397073e+02 3.022381229918286181e+02 3.482632617165226065e+02 3.464456847868184468e+02 3.585406867849115429e+02 3.504588816796958213e+02 4.107167671576281123e+02 4.757997127243412478e+02
7.620812103862621874e-04 1.459407058738446139e+01 3.162536588545416194e+01 6.317940501614689452e+01 9.242152419014178122e+01 1.270288448887299353e+02 1.545227721833925898e+02 1.790818719445384488e+02 2.067351521558543652e+02 2.350349382394121562e+02 2.694345500271242031e+02 3.050037154608947958e+02 3.137681412731587898e+02 3.575575697928579189e+02 3.927199705733339670e+02 4.579153297600310566e+02 5.203328343403993586e+02 5.357934711435007102e+02 5.039512983282242544e+02 4.435410789865043739e+02 3.805993244940649447e+02 3.238652066949662753e+02 3.812750793219909724e+02 4.500698980397331752e+02 5.148798857730118925e+02 5.271829723255523277e+02 4.692678342841992389e+02 3.984822561316281053e+02 3.490610726907735284e+02 3.037317027343451628e+02 2.651386634611008049e+02 2.887642713940992962e+02 3.090652692852690961e+02 2.970794753131365269e+02 3.527890457602509855e+02 4.135734211853906004e+02 4.765964196535975361e+02
1.631439668600789469e-03 5.780167526833039204e+01 9.038667480332179593e+01 1.244616638131760737e+02 1.414706763706091124e+02 1.528494981826437424e+02 1.923739259175549137e+02 2.264510921212562664e+02 2.586821376654055484e+02 2.959627361089681585e+02 3.317048079467434150e+02 3.694328402076262137e+02 3.791692470224243152e+02 4.188636501147441322e+02 4.519964538792528401e+02 4.904176154877280851e+02 5.235560397506152412e+02 5.057211914566416908e+02 4.522669692561173065e+02 3.992484145872167574e+02 3.428284217143518049e+02 2.890463676859086490e+02 3.485405815598929280e+02 4.187059178675738735e+02 4.868029906226601611e+02 5.109506084131777470e+02 4.616212143816954949e+02 3.900366984125106455e+02 3.221803626627487915e+02 2.735712170431129380e+02 2.350231181798078239e+02 2.594506603307045793e+02 2.477230402567930980e+02 3.079799920367864843e+02 3.688736593152099772e+02 4.232273990704997573e+02 4.727440809729865236e+02
1.500496484432047462e-03 6.414306709370578119e+01 1.262349639149331608e+02 1.729502341955699762e+02 2.007500349597465572e+02 2.133480539562936826e+02 2.282493328864645150e+02 2.739181639101375936e+02 3.118649469708676634e+02 3.487508125929270477e+02 3.906294379903933986e+02 4.194622878169296314e+02 4.331872648916223625e+02 4.469806551847130436e+02 4.548981916323982659e+02 4.806369356854389707e+02 4.962867904104331274e+02 4.655935888427204645e+02 4.040773558209245380e+02 3.466236827535751672e+02 3.045677388419792919e+02 2.583689400998679275e+02 3.183639215893547885e+02 3.877132451470924366e+02 4.565189249449159661e+02 4.924547243901242268e+02 4.779350262212482789e+02 4.302803320790902148e+02 3.749507960029567926e+02 3.220951498529723267e+02 2.655104973586826418e+02 2.005479512025432598e+02 2.548686683302757103e+02 2.985927221083155132e+02 3.352674041565240941e+02 3.817936815703516800e+02 4.314148970326181143e+02
9.039551361381488372e-04 5.775080634508476152e+01 1.201109975132159207e+02 1.842308622409289001e+02 2.416460883636423773e+02 2.739672509490378616e+02 2.870962471426739171e+02 3.267553388917047528e+02 3.619259219915921904e+02 3.926196333969940611e+02 4.199760111632822941e+02 4.302259394185499559e+02 4.174611373723973884e+02 4.012120697294161005e+02 3.878183806052302316e+02 4.261281431523515266e+02 4.475355831462364335e+02 4.154029713478683448e+02 3.589098514779298625e+02 2.967831013515188374e+02 2.535201039047078666e+02 2.311882505930508103e+02 2.874022718677351804e+02 3.563161498717060454e+02 4.145625752985798727e+02 4.567720023531982747e+02 4.705629862460421577e+02 4.426135835617951102e+02 3.822119267019201061e+02 3.148234393940618361e+02 2.464011797278672020e+02 1.793249965060393833e+02 2.128115259954647911e+02 2.434417089560399745e+02 2.793425752487633531e+02 3.395303583389920732e+02 3.960614067636681739e+02
1.429837670197248601e-03 6.545905668625499629e+01 1.140535504584739073e+02 1.752130061527662690e+02 2.426169557425006928e+02 3.045780365466691819e+02 3.390084429074403829e+02 3.618972756126084960e+02 3.756931277758366718e+02 3.853716266510113542e+02 3.970963770003149307e+02 3.926459886750052419e+02 3.549475255485514253e+02 3.207027509674784369e+02 3.123772529101765372e+02 3.560605172845402535e+02 3.956651421897245200e+02 3.820072653301211290e+02 3.178919288091248632e+02 2.580497770467491705e+02 1.971737152578669168e+02 2.335194925482286408e+02 2.806371414427100035e+02 3.309087669982506554e+02 3.633661478661729234e+02 3.978889561837546580e+02 4.314206237573670819e+02 4.276523623942704830e+02 3.881252471604175298e+02 3.322162948589588609e+02 2.688977263167802221e+02 2.155749425989302210e+02 1.504345225168447087e+02 1.987910707239198587e+02 2.691104900721576314e+02 3.284785498819429108e+02 3.495381854824783545e+02
8.906530452106879887e-04 4.156441166202925785e+01 1.017543277894419873e+02 1.680667693134352589e+02 2.390295695692944946e+02 3.022987692826034731e+02 3.316722203806394305e+02 3.380473539086057144e+02 3.195873914992199616e+02 3.200713026654873943e+02 3.331875360456538147e+02 3.382691455476694387e+02 2.952781828124915364e+02 2.496759867968093829e+02 2.489055165115673560e+02 3.001529933056767163e+02 3.463362516195074363e+02 3.442583471664714807e+02 2.903596991406471375e+02 2.253801571538924975e+02 1.727613560340635104e+02 2.145766585288542672e+02 2.613103395588370290e+02 3.035860929306757043e+02 2.980358805256354344e+02 3.385726402858834376e+02 3.772762224917140088e+02 3.775974952187507370e+02 3.533201121065940811e+02 3.005364982313221844e+02 2.601030785619426524e+02 2.040829722951124836e+02 1.318792906008678472e+02 2.043741768170894773e+02 2.641485233084261495e+02 2.937626449658783372e+02 2.870050004174771630e+02
1.315733920322398939e-03 6.657370528395964016e+01 1.183127896997813053e+02 1.798715699184911898e+02 2.392075211301129798e+02 2.707488367698030061e+02 2.740256650377468191e+02 2.784899281918399652e+02 2.413629322558406614e+02 2.445372249853396909e+02 2.660234757082355941e+02 2.823412587386582118e+02 2.425817917857943371e+02 1.943131440232633338e+02 1.994595381206183902e+02 2.533320564376838320e+02 2.948796313587678242e+02 2.974931894862774584e+02 2.610008002121356299e+02 2.161172976735371947e+02 1.728510299931805037e+02 1.413652463909239998e+02 2.193111437206374887e+02 2.631267774147033265e+02 2.381548127228170699e+02 2.818043602957761777e+02 3.137184423318323070e+02 3.086319702967963394e+02 3.095654799906460539e+02 2.812946214269771303e+02 2.171292131190676287e+02 1.621662481594775898e+02 1.138119231565676017e+02 1.786058954149700355e+02 2.308543923563748024e+02 2.347098496417153797e+02 2.244501131409979564e+02
1.399994275800712888e-03 6.101101153014493406e+01 1.218122647840910702e+02 1.776063441155791907e+02 2.048392983723184386e+02 2.065144494356226801e+02 2.025239690126363712e+02 2.120598427464160238e+02 1.690375113000780516e+02 1.736894379336457632e+02 2.184492037390886026e+02 2.268957433905631547e+02 1.961632308757432952e+02 1.496941179012522980e+02 1.599084884155709005e+02 2.160062933227179087e+02 2.326541044637108939e+02 2.373715211006402512e+02 2.274273515646052317e+02 1.694141878024828145e+02 1.022103938999661068e+02 1.620762460613413509e+02 2.158744068118405437e+02 2.254369258462563721e+02 1.863414622044875557e+02 2.342552251071969636e+02 2.453425961576041914e+02 2.380730392909521527e+02 2.436407487538054966e+02 2.445772388014873968e+02 2.131281372240523240e+02 1.639438451594100172e+02 9.662692205938817835e+01 1.521515949103606715e+02 1.817549992454697758e+02 1.736777706758121553e+02 1.677372929681503706e+02
1.181206231400129276e-03 6.427603931088164302e+01 1.147400588128706573e+02 1.411484248830160197e+02 1.430281499695036302e+02 1.363894506376336437e+02 1.258355001271444991e+02 1.435825072115639784e+02 1.042387363476219519e+02 1.125746523489894173e+02 1.605427143653135431e+02 1.624249811336657672e+02 1.546510455089201059e+02 1.082001842381603751e+02 1.378729624931379192e+02 1.638494626816390962e+02 1.730623336811090667e+02 1.795667777280526423e+02 1.860377448039723731e+02 1.425997219334810779e+02 8.041014050592038132e+01 1.483041860033428350e+02 1.769374541415993463e+02 1.800224419026014289e+02 1.426606209737001905e+02 1.834785514101642718e+02 1.831844261658335142e+02 1.731729886208667040e+02 1.699677776126976028e+02 1.835934760900905189e+02 1.705178890568097074e+02 1.292020335633106356e+02 8.014461311964716117e+01 7.915409923202005871e+01 8.909040037148899671e+01 1.237930717512412144e+02 8.809744952108444238e+01
1.630222212009432327e-03 5.166340981635711671e+01 7.175966216147949694e+01 7.854355696047429092e+01 8.280725881257168908e+01 8.092184750003893612e+01 4.339965237564555878e+01 7.678733216381388615e+01 5.143665705112469766e+01 5.399133821110314102e+01 1.022387920512128687e+02 9.649107779504187477e+01 9.940310761018730545e+01 6.424807756922521662e+01 8.055285631672988700e+01 9.607970037159476817e+01 1.258793884980103144e+02 1.261366230824502708e+02 1.292627947562471320e+02 1.117376648729351274e+02 6.463923567856329555e+01 1.086980156988969810e+02 1.104304099698538977e+02 1.229815577788045431e+02 1.075757773226430061e+02 1.320564607831293529e+02 1.239674554927311902e+02 1.209632008259500537e+02 9.834945808790982369e+01 1.317808537182315547e+02 1.221547693897736622e+02 7.365419959453721788e+01 7.520464838758327630e+01 7.711039569052697118e+01 7.891904740413225738e+01 8.085344440798122889e+01 8.306329343714672575e+01
1.073448080148506822e-03 2.226940646963605719e+00 4.535782629137797173e+00 1.837705028563872034e+01 4.166536049876513914e+01 1.342636063366726162e+01 1.516395150385182333e+01 1.777249207952453602e+01 4.062528220477337726e+01 2.355023723750570497e+01 2.694158727043705426e+01 2.951649791221138841e+01 4.967110713966609126e+01 6.255526906107878204e+01 3.881959711535718327e+01 4.944900549616286156e+01 7.296766459967356866e+01 4.129839622837050683e+01 4.349766126314585080e+01 4.768615622211418525e+01 5.832292430753339119e+01 5.203602366624370035e+01 8.350866743469531173e+01 8.327642592824531675e+01 9.251934222667445340e+01 7.287923805740022942e+01 6.183303750812848421e+01 6.545819804766695427e+01 8.339039558997583867e+01 6.605962072584752320e+01 6.890985420257264593e+01 1.102701699551613217e+02 7.803192102196163660e+01 1.223871945073884717e+02 1.149049280121056142e+02 8.491918666851933040e+01 1.216885672463382946e+02
1.126548970877862483e-03 3.328771703622221168e+01 1.800754394948870640e+01 7.738652914047467135e+00 1.003865207929553804e+01 2.456033666154199580e+01 1.681085398222593952e+01 4.386427530575274147e+01 2.114053290439219879e+01 2.355023723083903775e+01 2.864595464912381573e+01 4.303544165562747992e+01 2.951649791887805563e+01 3.229421721856363092e+01 3.469703877049963836e+01 3.690118911774474242e+01 3.878365900078757988e+01 4.139048856062540693e+01 4.995346073491162286e+01 4.633021949236425741e+01 4.853768227905263899e+01 7.275533284951153234e+01 5.472800592388836094e+01 5.590475629471273322e+01 5.758781549073416528e+01 5.918117854678160228e+01 7.007896363970681364e+01 6.411148561213518349e+01 6.605962071918085599e+01 7.204185564740539860e+01 7.357426174379610018e+01 1.374016780508743238e+02 1.651571124589322892e+02 1.772017478825905528e+02 1.722926281955409991e+02 1.774110234039006855e+02 1.696727238854984137e+02
