output/field_example_lateral_ON/elevation_000007.asc
nrows	150
cellsize	66.66666667
xllcorner	0
ncols	150
yllcorner	0
NODATA_value	-9999
[rows 102 to 118 of 150, columns 74 to 110 of 150]
6.955573480384257437e+02 7.359204125581160270e+02 7.118604808720715482e+02 6.670960959121618998e+02 7.005884643804514553e+02 6.864147737167138530e+02 6.674819826568024155e+02 6.771758617710129329e+02 6.405520194284921445e+02 6.875095890204161151e+02 6.995796286103524153e+02 6.622424592419054079e+02 7.070280079967099027e+02 7.560019387919026030e+02 8.103994249175545974e+02 8.418994510300582306e+02 8.583743873399105269e+02 8.742506813158715886e+02 8.667797146803058013e+02 8.368099244423709706e+02 7.922614729057287377e+02 7.920281907491302036e+02 7.429404831450113988e+02 6.854331648524132561e+02 7.333905501564566976e+02 7.868908583962412422e+02 8.374075732734046369e+02 8.909896406338133374e+02 9.306579984949837581e+02 9.645172589965143288e+02 9.964490144226393795e+02 9.948467670729768315e+02 9.445364085733410775e+02 8.866873419018915001e+02 8.267605152933024328e+02 7.768493013130211011e+02 7.414089413872468413e+02
7.294419942473184619e+02 7.765035495972646231e+02 7.672639429244325129e+02 7.374035124475067278e+02 7.537589765167058431e+02 7.509162259671563788e+02 7.395329519894680743e+02 7.403868128751367976e+02 7.099705706662476814e+02 7.435616589802669978e+02 7.546319150641013493e+02 7.304931466243015166e+02 7.654344177751260077e+02 8.111859055933499576e+02 8.437283849569895438e+02 8.573970469055076364e+02 8.516457165317557383e+02 8.554106504289376289e+02 8.278189204924799469e+02 7.760355311977007204e+02 7.266814645560446024e+02 7.321407511207789867e+02 7.017660233966834085e+02 6.399248842781360054e+02 6.862489130337202141e+02 7.312879541134232113e+02 7.806675065716266317e+02 8.265047840264855949e+02 8.722020527852615714e+02 9.231518925541022327e+02 9.835572828816805213e+02 1.014528766954737989e+03 9.892038384641567745e+02 9.320413339858999962e+02 8.753162887609262270e+02 8.328354038417564880e+02 8.025022219097007792e+02
7.757264501661013583e+02 8.054030602554840925e+02 8.077658454839087199e+02 8.014301519386651762e+02 8.118833967987941378e+02 8.137058407647340346e+02 8.038117731645436379e+02 7.919272340765630815e+02 7.740380894836715697e+02 7.822464954614346198e+02 7.944029179559703380e+02 7.959699865170920248e+02 8.192306898554122654e+02 8.414636587660788791e+02 8.394080112781623484e+02 8.167910383993719279e+02 7.828278723855660246e+02 8.020898189172188495e+02 7.738753828383161135e+02 7.228574129496595333e+02 6.685060714189424971e+02 6.722498898449830449e+02 6.596068595382598687e+02 6.007406920285922070e+02 6.411917160945050682e+02 6.811806402430941034e+02 7.210733716995553095e+02 7.640246497677135267e+02 8.137899711400033311e+02 8.792219141475667357e+02 9.553412228896811484e+02 1.011881651647766944e+03 1.020561225813203691e+03 9.777168853200046215e+02 9.314184301517285576e+02 8.868687591615663450e+02 8.608500113421813467e+02
7.952282282344013993e+02 7.912653927619245451e+02 7.861079199930625236e+02 7.995098420311080645e+02 8.193867349773488513e+02 8.338235727614851385e+02 8.163580599217111740e+02 7.855484551493697154e+02 7.574474083210967592e+02 7.429146089799319270e+02 7.619558415745025286e+02 7.871967051657982211e+02 8.165005427309164361e+02 8.240499573044695580e+02 7.965754932199860150e+02 7.485406915457997457e+02 7.050089339384049936e+02 7.441232730252190777e+02 7.377532697690281793e+02 6.752540947947903760e+02 6.193820037545523292e+02 6.160933077166351950e+02 6.060107150519016841e+02 5.671721364316949803e+02 5.965833774288419136e+02 6.304682953766582614e+02 6.689157285585592945e+02 7.133205197111483358e+02 7.676935620312934816e+02 8.352775942805609475e+02 9.186299846021008761e+02 1.002921870401169485e+03 1.045454148231206318e+03 1.026315833090300430e+03 9.783058445241205163e+02 9.221206531216157600e+02 8.558894979624333246e+02
7.656905005504222572e+02 7.271177304817479126e+02 7.113764748959873714e+02 7.380354795164322468e+02 7.709882188007076138e+02 8.030814507029937204e+02 7.824003404401634043e+02 7.295189783070049998e+02 6.862498049449106929e+02 6.531363387933018885e+02 6.866992915982563090e+02 7.279033406779766437e+02 7.751622474014059208e+02 7.804736238327261617e+02 7.353278901153057632e+02 6.862386895327367711e+02 6.372879884636291763e+02 6.907800869277931497e+02 7.031234496532853200e+02 6.453000173289234453e+02 5.778526916007527916e+02 5.780246051551761184e+02 5.341047856304164725e+02 5.931986648281327916e+02 6.415999880913797142e+02 6.854975574762520409e+02 7.295119898376085530e+02 7.699772616950168640e+02 8.217602626597365543e+02 8.865740513212577980e+02 9.414245181162474410e+02 1.009259795282036066e+03 1.054539600657129085e+03 1.054903403206741814e+03 1.019600623927505467e+03 9.581079441479338357e+02 8.953967085382270170e+02
7.160097473556119212e+02 6.620327459254936002e+02 6.378897841666846489e+02 6.734058950400911954e+02 7.217596294780380504e+02 7.620287652644329910e+02 7.400685258911371420e+02 6.778098305078067369e+02 6.192338850609147585e+02 5.764186276341598614e+02 6.185174613115171951e+02 6.742136165318288477e+02 7.289281320605199426e+02 7.345565574502678601e+02 6.845131226663680764e+02 6.279071936327067078e+02 5.809096411990743718e+02 6.427084848275499098e+02 6.731207301857875791e+02 6.449650197284216802e+02 5.853477826546125016e+02 5.187899983655330516e+02 5.102828675789393742e+02 5.621823192582995716e+02 6.195674562092517590e+02 6.792933373985464414e+02 7.433587554383923361e+02 8.110475590118077207e+02 8.696762021995921259e+02 9.191882155539002497e+02 9.566111594623928340e+02 9.893630788207783553e+02 1.031244208005042765e+03 1.054320958843441986e+03 1.043633214663546596e+03 1.000569658581091517e+03 9.362500849613631999e+02
6.699266954964037950e+02 6.194794572669063655e+02 5.777995521154325615e+02 6.242986340933177871e+02 6.791968327895551738e+02 7.225616265329407497e+02 7.000138342041522037e+02 6.343049803684006065e+02 5.699211973805965954e+02 5.197183301833420046e+02 5.686019834767359953e+02 6.289699253239210748e+02 6.851642063659247697e+02 6.907144897423145267e+02 6.406373146042546978e+02 5.824432711945414667e+02 5.331512135914379087e+02 5.917011777626878484e+02 6.373899579085662026e+02 6.208174643108842474e+02 5.524781943539501299e+02 4.850476902764515330e+02 5.179933956723949677e+02 5.603582200964821141e+02 6.100671553786249888e+02 6.673730105474052152e+02 7.333439395462554558e+02 8.069416192668167014e+02 8.775351163646314490e+02 9.143889492002219868e+02 9.047958047959589294e+02 9.392822675438789020e+02 9.792765291131389631e+02 1.023452162495738776e+03 1.046054879709615534e+03 1.029522739464230426e+03 9.821448673385393704e+02
6.195749669157407880e+02 5.777988402083498158e+02 5.342629320094927152e+02 5.851178518662833312e+02 6.422838170236145743e+02 6.867733962699491030e+02 6.636276946032170372e+02 5.968426369692281241e+02 5.300625190680761989e+02 4.758357139085053973e+02 5.280570133795156380e+02 5.889726521465540827e+02 6.421379415174695851e+02 6.465580389103000698e+02 5.995933430459906504e+02 5.432341857399364926e+02 4.930667241261595564e+02 5.529667689137660318e+02 6.037853506250039572e+02 5.977539297163266383e+02 5.423631228908778894e+02 4.685437357981511468e+02 5.065405866239611896e+02 5.509244425880324343e+02 6.020775804127083575e+02 6.612937716482229007e+02 7.297922029162982653e+02 8.049405162959094469e+02 8.701163729686904844e+02 8.807257723071714963e+02 8.431443181107239297e+02 8.797084738119546046e+02 9.264070779809580927e+02 9.734010202911433680e+02 1.021533641776970740e+03 1.043082702150292562e+03 1.014433621844365234e+03
5.718313880297507694e+02 5.363158150128286934e+02 4.987150652076664983e+02 5.516614811211397864e+02 6.077264550289302178e+02 6.560847299810342292e+02 6.297269561750941875e+02 5.627484495565361158e+02 4.954554794958675643e+02 4.390300455422321875e+02 4.923787772782880552e+02 5.508456591663135669e+02 5.916891011994292739e+02 5.954841952239339662e+02 5.558191958233105652e+02 5.065771184206049043e+02 4.586102095783734853e+02 5.188702201226772104e+02 5.683757063277100769e+02 5.628604466826185444e+02 5.129396214616966745e+02 4.537081899239404947e+02 4.945041900045189891e+02 5.429625102465563486e+02 5.993949368208835722e+02 6.647844647966717275e+02 7.387145880439500161e+02 8.142546396728441778e+02 8.600718420699530498e+02 8.420109540881544490e+02 7.882195898132288221e+02 8.282458037701925377e+02 8.730467869987528502e+02 9.272027105445961297e+02 9.800696345747733176e+02 1.030046857334162269e+03 1.036935763737317757e+03
5.206039765227102407e+02 4.937719860093911848e+02 4.686605807555137062e+02 5.215107033445671050e+02 5.932323336235481293e+02 6.265061144095639065e+02 5.948414693378367701e+02 5.290056621509918386e+02 4.634219545162957843e+02 4.070544044854137837e+02 4.584338227583149887e+02 5.163078478177469606e+02 5.226604464886886490e+02 5.268101406661562578e+02 4.982259843719454580e+02 4.660444758764537028e+02 4.282541757906777775e+02 4.870979806946910458e+02 5.240398539541140508e+02 5.162770332287383326e+02 4.762733443068834731e+02 4.401693127518892084e+02 4.838285816592029391e+02 5.364376366957459368e+02 5.980748496944519275e+02 6.689079535443754594e+02 7.423095231317626030e+02 8.082830580678728438e+02 8.303246453938999139e+02 7.944475043031999348e+02 7.413488607692430605e+02 7.812630422021878758e+02 8.296726962772943352e+02 8.815019808639583516e+02 9.439094799361633932e+02 1.007413853746922314e+03 1.043102479659655501e+03
4.745632807508980022e+02 4.462378705371557430e+02 4.436422250324738457e+02 5.115532273705019293e+02 5.789862820541717383e+02 5.935793423717387896e+02 5.503460214520832778e+02 4.944299683344165715e+02 4.296933684421040880e+02 3.790600362319840997e+02 4.371278881960492981e+02 4.630488936855805946e+02 4.463348249102583623e+02 4.355284920405276807e+02 4.213539755606958579e+02 4.141342012597704070e+02 4.016761913874692027e+02 4.591233254128636645e+02 4.602725500161111540e+02 4.602263137619721647e+02 4.199016607615122325e+02 4.684661837750351765e+02 5.215149656263791940e+02 5.785941379725402385e+02 6.355192328824914512e+02 6.930529629080779159e+02 7.484858369775677147e+02 7.878824587902397525e+02 7.892794993758520832e+02 7.519918298961895289e+02 7.021152957413316926e+02 7.438817399516258320e+02 7.904642590191962199e+02 8.434225948827521506e+02 9.105504845236441724e+02 9.707207026160090209e+02 1.024531348795844906e+03
4.387188086729020711e+02 4.067806518526844570e+02 4.717682931387701046e+02 5.313149220667824011e+02 5.724528760583109488e+02 5.579081791709226081e+02 5.058737072587027797e+02 4.550089426842824878e+02 4.158504187750488654e+02 3.538652136290903059e+02 3.863264667025593440e+02 3.889447946918478465e+02 3.852086341729687433e+02 3.364850350555901173e+02 3.451029924952723604e+02 3.655831168824742008e+02 4.082414045343037401e+02 4.253249735893815000e+02 3.897831117023862930e+02 3.985249505299409520e+02 4.087192871000882519e+02 4.250695023400512014e+02 5.017829132064036344e+02 5.652529950474942098e+02 6.207828254115858044e+02 6.633728382402862280e+02 7.080989002122466900e+02 7.395286132362253966e+02 7.349699390849974634e+02 6.978262281471404549e+02 6.695377094643118880e+02 7.111681408064886227e+02 7.627183418215859092e+02 8.318582471082141865e+02 8.783577544095268195e+02 9.325705702417992597e+02 9.849452283159962462e+02
4.377399863816287962e+02 3.854113695642109292e+02 4.590418078360133336e+02 5.170445516261656849e+02 5.385864542519243514e+02 5.108420248074635310e+02 4.514350307100816053e+02 3.974641333547685349e+02 3.709200408987231299e+02 3.497231004207361593e+02 3.202731426177672915e+02 3.129549417676656731e+02 3.218027637776048664e+02 3.503267682727259285e+02 3.749622009443446018e+02 3.568204142771029410e+02 3.655262201920585312e+02 3.752105064522552880e+02 4.111010114099445900e+02 4.285591457454815441e+02 4.134332103207240721e+02 4.810714261729523855e+02 4.519585926778772205e+02 5.206490597918174217e+02 5.709445502012192719e+02 6.188601875059777058e+02 6.666171277842519203e+02 6.769548856683957183e+02 6.799127845132032917e+02 6.315597377757775348e+02 6.895083450222438159e+02 7.373543784868974171e+02 7.710476564212939365e+02 7.958192921297585372e+02 8.393397783666237046e+02 8.880685944680644752e+02 9.457359901445655623e+02
4.005909418198777985e+02 3.659131610308384097e+02 4.297650745394803948e+02 4.864291187124898102e+02 4.946428445673735155e+02 4.523178764483354257e+02 3.970482765317423741e+02 3.320327075280413851e+02 3.319123063497989961e+02 2.938198797503202968e+02 3.010363278605857431e+02 3.380411610494113575e+02 3.681587929284268057e+02 3.585402990425997700e+02 3.873523180167518376e+02 4.171909241809374294e+02 4.273273916102479575e+02 4.272617695490009737e+02 4.616580206103287196e+02 4.666465857609164800e+02 4.753344448123268648e+02 5.206592286845323088e+02 5.180077584026657860e+02 4.791451099015652062e+02 5.334073696744083009e+02 5.788885919073671857e+02 6.099237536431529634e+02 6.142183685280949703e+02 6.244148270288687854e+02 6.036849394273494909e+02 6.607711581480554059e+02 7.034304025359609795e+02 7.159882669565500919e+02 7.552074849410115576e+02 7.962732210279174296e+02 8.528489192376462142e+02 9.042985530320756880e+02
4.040691971028562648e+02 3.492005340623105099e+02 4.033629545550662101e+02 4.487783048067431082e+02 4.501062065994738646e+02 4.023262909389393940e+02 3.497135474939755682e+02 3.136429946440345589e+02 2.821220439660700094e+02 3.392918876144285605e+02 3.573023526336255600e+02 3.585284307509163000e+02 3.992063020967638636e+02 4.332360020603030080e+02 4.464859955115221055e+02 4.476421275277822929e+02 4.891041210744360228e+02 4.970716926282642021e+02 5.098384520218018565e+02 5.154202508790810953e+02 5.252358073563942753e+02 5.398473276058105057e+02 5.652172551825169649e+02 5.480080265293842103e+02 5.044019957131387173e+02 5.206594664622025448e+02 5.382685800019003182e+02 5.546884205895715922e+02 5.719756280398670469e+02 5.926093962453692257e+02 6.149214887812869392e+02 6.408117226597976241e+02 6.771603036439742027e+02 7.225757732949923593e+02 7.883634239492446341e+02 8.184666538469360830e+02 8.686288419600209636e+02
3.939667315080552044e+02 3.329213036900637803e+02 3.649887677395557830e+02 4.039923066917592109e+02 4.050833004990055883e+02 3.600592537170051060e+02 3.006004624875984064e+02 2.892160560864975878e+02 2.746384207875651100e+02 3.644191620544176544e+02 4.129422548956767400e+02 4.196404378891157307e+02 4.239679063769514187e+02 4.778323264940631816e+02 5.101934128368664005e+02 5.017533159729400722e+02 5.337210482959548017e+02 5.672634108484249964e+02 5.753010345036524313e+02 5.741747397221703295e+02 5.792648489840179309e+02 5.903818400721963826e+02 6.033130132953159546e+02 5.908270326778018671e+02 5.728225951614094811e+02 5.783665765211874259e+02 6.007490191561327038e+02 6.067406632321278721e+02 6.374971377695022738e+02 6.669630638735520733e+02 6.723387348434417845e+02 6.977453882800978135e+02 6.871437686756463563e+02 7.196451085502989145e+02 7.604315819699774011e+02 8.205235319429917809e+02 8.829296637773037446e+02
3.994170541456728074e+02 3.474485982357464877e+02 3.092421204147684080e+02 3.620557768905236458e+02 3.224150734104351272e+02 3.292084739378428253e+02 3.001887255565191595e+02 2.634836358728959453e+02 3.094552915998989988e+02 3.845847476209714841e+02 4.517152470824526063e+02 4.813421753024712189e+02 4.768726456490509804e+02 5.214115749183052912e+02 5.661042768398883709e+02 5.714699354850049531e+02 5.895200571902303182e+02 6.198968220514210543e+02 6.400263967854881457e+02 6.356872324501396179e+02 6.366264112371558213e+02 6.441885460184091698e+02 6.536901763751892531e+02 6.500190995755202721e+02 6.411093257957666083e+02 6.421394702999218680e+02 6.693387531723288930e+02 6.769225006279581294e+02 6.969045934256530472e+02 7.327687096381790752e+02 7.376573873026778756e+02 7.667569392144515632e+02 7.637511428524414896e+02 7.819260039084531400e+02 8.202966404631257546e+02 8.699605147782732502e+02 9.134330476091890887e+02
