output/field_example_lateral_ON/elevation_000021.asc
nrows	150
cellsize	66.66666667
xllcorner	0
ncols	150
yllcorner	0
NODATA_value	-9999
[rows 51 to 67 of 150, columns 111 to 147 of 150]
4.589454708330890753e+02 4.141580135289514146e+02 4.261479307510898593e+02 4.140411769775977859e+02 3.662576258452228330e+02 4.225203866519764802e+02 4.690525207874696321e+02 4.877415643257132842e+02 4.661159328029627318e+02 4.020794826392583445e+02 4.566997484087234511e+02 5.035907076221091074e+02 5.215401441051299116e+02 5.127411549487593447e+02 4.706152250821116354e+02 4.128549619640663764e+02 4.476640400971224949e+02 4.858651488381127024e+02 4.917266445160407216e+02 5.004424137429847974e+02 5.047210691874527129e+02 5.242133966935392664e+02 5.180451194231047793e+02 4.766742069431177811e+02 4.407998637339965171e+02 5.035005022788141105e+02 5.558712624796303317e+02 6.072629785301662650e+02 6.570045348686393254e+02 7.095777894464201836e+02 7.473521273441041330e+02 7.770380786024355757e+02 7.976521213124697169e+02 8.088966691076042252e+02 8.066629101992380129e+02 8.446331835629757734e+02 8.920544234755727757e+02
4.990802978498625748e+02 4.500241258963936275e+02 4.643642310680078253e+02 4.137398532733180332e+02 3.733059643382940180e+02 4.075255010852483792e+02 4.694771365289377627e+02 5.221004883419168436e+02 5.110406321569493571e+02 4.679719868243960832e+02 4.384032388795048405e+02 5.071709191205883940e+02 5.610151829534448780e+02 5.571641967059758827e+02 5.022830154448259350e+02 4.356245401210784394e+02 4.864230497514452054e+02 5.280745981530785684e+02 5.565088542280734600e+02 5.749766130043262820e+02 5.778982874781709143e+02 5.890399851641863052e+02 5.616744826875312810e+02 5.212282726528243302e+02 4.949492507685462215e+02 4.576708576554286196e+02 5.113341850404735283e+02 5.587108966181218648e+02 6.102154093113140334e+02 6.520008255291244268e+02 6.894510755751585975e+02 7.252516956081626631e+02 7.356216449376514674e+02 7.386887989926519822e+02 7.337393893083432204e+02 7.834077764731711113e+02 8.419353983618085522e+02
5.394176421135308601e+02 4.889985320637076143e+02 4.991011656330157962e+02 4.429382298903695983e+02 4.748941230247318686e+02 4.344344775199019182e+02 4.984600750063654004e+02 5.496060151913497975e+02 5.574708751084691585e+02 5.200828304570582077e+02 4.645556766743681010e+02 5.255974912267022319e+02 5.872051178936650331e+02 5.930539886131883804e+02 5.443238068556595408e+02 4.993856471773923431e+02 4.653237506798916456e+02 5.122649699016601517e+02 5.706843578583155931e+02 6.229461524438520428e+02 6.477664389078544218e+02 6.453342914265584795e+02 6.030933263030379976e+02 5.579842567933969804e+02 5.031958544151122510e+02 4.924146588725879496e+02 4.715926198853292703e+02 5.210549011981535159e+02 5.567773831359817223e+02 5.882108230393333770e+02 6.299684072051959447e+02 6.518745914928310867e+02 6.668326050064678157e+02 6.672978908805241645e+02 7.170075861785074949e+02 7.737268547256763895e+02 8.373277189718097588e+02
5.815522347476294271e+02 5.313360667654715144e+02 5.374237793910374421e+02 4.837609761258005960e+02 5.270336944895914257e+02 5.142234420129274213e+02 4.854116121564782702e+02 5.547640567971380960e+02 5.954641150085153640e+02 5.669694670922245905e+02 4.969608870102596256e+02 5.565744364097413381e+02 6.107449315547800097e+02 6.308852302541320114e+02 6.009199772879330794e+02 5.466832895022614593e+02 4.878425962743871196e+02 5.514389997181070839e+02 5.913735271196838994e+02 6.546714701036186170e+02 6.988107246411715323e+02 6.870592328020410378e+02 6.319178913145652814e+02 5.590712228312056595e+02 5.498035799585915129e+02 5.107074213306381694e+02 4.715926198919959234e+02 4.814589174198024466e+02 4.995321764204686019e+02 5.234007178006804679e+02 5.513595764494784817e+02 5.802675240879989360e+02 6.134826353618946086e+02 6.840914654989783230e+02 7.556647022184801017e+02 8.187294817011324994e+02 8.799112552459258723e+02
6.263435739449306539e+02 5.772555546521999759e+02 5.788419123777156301e+02 5.262396441215096274e+02 5.740605500439393154e+02 5.703485134943896355e+02 5.197479621944136170e+02 5.828447494597299965e+02 6.328460041096012674e+02 6.152535557119728082e+02 5.690469701868272523e+02 5.415760973002959417e+02 6.075708612070325216e+02 6.604174335620524516e+02 6.415817529285413912e+02 5.798638673959288781e+02 5.121637691090156750e+02 5.650335107609341776e+02 6.261174499983407031e+02 6.867612856363004994e+02 7.346583465877321260e+02 7.177496613586362173e+02 6.516165476915830368e+02 6.015129385659625996e+02 5.952104996838919533e+02 5.831606591469540035e+02 5.650315839014122048e+02 5.361582455192727821e+02 4.989046060950620927e+02 5.638833295191088837e+02 6.085271055155341173e+02 6.404723387364956579e+02 6.790227417485891692e+02 6.914413419286784119e+02 7.484493405967596118e+02 8.119768566846596514e+02 8.803707395366055835e+02
6.741770163577385802e+02 6.269865137286459458e+02 6.217409011582238918e+02 5.730265028802790539e+02 6.152726352066764548e+02 6.115657410817282198e+02 5.569374220265098074e+02 6.180934886782392823e+02 6.707133256917228437e+02 6.675450789567574930e+02 6.255962080816012758e+02 5.743892606145977879e+02 6.374171983715457372e+02 6.895249123913923768e+02 6.752612598771329431e+02 6.158819507463879290e+02 5.395083096089692845e+02 6.072839793957854226e+02 6.691359100937731910e+02 7.216057950416388849e+02 7.685960442396977896e+02 7.515334631928166118e+02 6.858066865566577235e+02 6.661930821969019689e+02 6.650566388399339530e+02 6.595091969203210738e+02 6.236738906783225502e+02 5.805561821700895280e+02 5.125736836632727318e+02 5.725231838362957433e+02 6.222141357617450694e+02 6.784710675818429308e+02 7.233823409940697502e+02 7.574631404983438188e+02 8.002336584084739570e+02 8.517201256148642869e+02 9.045006564186271589e+02
7.242148731693271202e+02 6.804346274721219743e+02 6.574023299138300445e+02 6.355425084906572692e+02 6.451789435167818283e+02 6.505489492118356338e+02 5.973307315404767905e+02 6.584524438935287662e+02 7.082207496700614229e+02 7.129761411824100605e+02 6.668744526089164992e+02 6.106974834437253321e+02 6.706784719439392575e+02 7.203897385166150116e+02 7.034333557704721898e+02 6.338711312629446866e+02 5.684459737503304950e+02 6.079663955529433679e+02 6.798140379689674546e+02 7.518580910473514223e+02 8.017309091409970279e+02 7.928674310508465624e+02 7.481187073390840396e+02 7.351545306855421131e+02 7.304893254569764167e+02 7.052392420183488184e+02 6.559597878048118673e+02 5.938999342639447150e+02 5.351321028240478199e+02 5.392071849045381668e+02 6.108263750355381489e+02 6.695673252846404466e+02 7.174314644490307273e+02 7.576369287391262333e+02 8.003880167694745751e+02 8.416965315939852417e+02 8.746559755910382137e+02
7.756956659675990977e+02 7.421589647725680834e+02 7.190598922070322487e+02 7.012259512765790532e+02 6.985616939569405304e+02 6.979089250613716331e+02 6.478265850676215223e+02 6.686293660922356139e+02 7.377300587209998639e+02 7.522510232833085411e+02 7.063506721240032675e+02 6.508655611272104125e+02 7.075878590489377302e+02 7.547158710411616767e+02 7.362979776035880377e+02 6.700011520625387220e+02 6.020089755117797949e+02 6.436181920159201582e+02 6.894779440421906429e+02 7.591638907661720168e+02 8.267419193005995339e+02 8.348050172672825511e+02 8.179290005289682313e+02 7.939062476351773512e+02 7.613655702510088759e+02 7.059875673722235661e+02 6.419155671118505779e+02 5.728765815318753312e+02 6.043909846860952939e+02 6.040364882208205017e+02 5.696887466598053607e+02 6.299547923410949579e+02 6.629602893782331421e+02 7.037548831963028988e+02 7.512078807480218074e+02 7.825995676419126994e+02 8.206917543502947865e+02
8.119682189983900571e+02 8.052713068346931777e+02 7.859596923208564476e+02 7.717992503714477834e+02 7.599175744865939350e+02 7.527891546281745150e+02 7.036772341516987126e+02 7.190166896693042418e+02 7.772963919978565173e+02 7.933045372503310091e+02 7.487332976799187918e+02 6.963441511198174112e+02 7.489150514529901557e+02 7.930753110550570000e+02 7.735154765814170332e+02 7.076745135485911078e+02 6.412423996690614558e+02 6.819835694954267638e+02 7.329803428655390007e+02 7.955131563468179365e+02 8.602783768781985145e+02 8.812930619759263209e+02 8.501290467207954862e+02 7.998350568299856604e+02 7.476005044848149055e+02 7.002513286392843384e+02 6.592431099588102370e+02 6.004427955736609874e+02 6.555129821340655099e+02 6.475747449395496460e+02 6.392565187193820293e+02 5.950861427284370393e+02 5.950861427351037491e+02 6.556345786733774048e+02 7.102894134638810328e+02 7.220739282673565640e+02 7.774961836665237342e+02
7.999289654401422922e+02 8.290003794666392878e+02 8.413295348533860079e+02 8.406796178400950339e+02 8.266501799764745329e+02 8.128450379588128953e+02 7.670796670862392830e+02 7.773006302774298319e+02 8.263126325309010554e+02 8.384976138990535901e+02 7.963762767208346531e+02 7.499932661688504822e+02 7.960852643523938923e+02 8.358935009169862269e+02 8.148527436987290002e+02 7.510565782136658299e+02 6.889810524408883339e+02 7.258730760059203249e+02 7.750755469181453918e+02 8.349886625691270865e+02 8.922188727741538514e+02 8.984377698498311702e+02 8.397767846053517360e+02 7.654612325569057703e+02 6.970741930494394865e+02 6.353997963811543741e+02 6.353997963744876643e+02 6.603833686392711115e+02 7.067213502774189919e+02 7.056610410369873989e+02 6.987340471469459544e+02 6.535475852470309519e+02 6.534550839499710264e+02 6.208220655317948058e+02 6.579421017723490195e+02 7.299686592476266469e+02 8.055365958870301029e+02
7.528661945900768160e+02 8.050052379646531335e+02 8.456040337151351878e+02 8.779629701642343207e+02 8.856993793625067610e+02 8.723277308084874448e+02 8.380258404260530369e+02 8.434931349186140324e+02 8.779072188771679066e+02 8.851133209694082780e+02 8.502191776670085801e+02 8.162099483990176623e+02 8.508143415845430582e+02 8.826848998756329365e+02 8.609547090376602227e+02 8.038001338779758953e+02 7.503681149038420699e+02 7.826383701312437324e+02 8.234664684859864110e+02 8.767574328943751425e+02 9.252311854731628955e+02 9.162930499087588032e+02 8.501584743798190402e+02 7.781364381136482962e+02 7.147368375023974068e+02 6.665819352142259504e+02 6.902034963474790175e+02 7.270204011029186404e+02 7.673499513992003358e+02 7.701974270791308754e+02 7.567048860523996154e+02 7.123959927672113963e+02 6.834282602792992520e+02 6.407057607539986748e+02 6.983223704201831197e+02 7.367979486445897237e+02 8.044496397259421201e+02
7.044839350957996658e+02 7.550516752950697992e+02 8.081466526861349848e+02 8.664679366047379290e+02 9.056819599064695012e+02 9.154581537891951939e+02 9.041251790769335912e+02 9.035315819863382103e+02 9.148684842341649528e+02 9.202902658315124427e+02 9.070431251188822444e+02 8.894889396725588995e+02 9.127307099455688331e+02 9.262922225824777342e+02 9.074181437763334088e+02 8.714349914944812099e+02 8.311660185458537171e+02 8.488648061854371463e+02 8.848600978311941390e+02 9.226941079059951107e+02 9.590095318352168761e+02 9.381019135315300446e+02 8.665254245494876386e+02 7.949444256909807791e+02 7.343299906302002000e+02 7.344383978686685168e+02 7.236940951907520230e+02 7.804619557333319335e+02 8.275157692017593263e+02 8.364024280595961045e+02 8.039551884459768871e+02 7.586233352884839860e+02 7.109833358110035988e+02 6.628041689942818948e+02 7.310697203650233860e+02 7.842615407666309011e+02 8.258338496993768558e+02
6.557704181847932432e+02 7.090071078106479945e+02 7.693640894566087809e+02 8.300199784828896554e+02 8.867324380108543664e+02 9.123189679795807479e+02 9.085644254314623822e+02 8.915846096299834471e+02 8.835989048366600400e+02 9.002562858137628155e+02 9.190717511504417416e+02 9.338084439582816003e+02 9.400547340439708250e+02 9.320892702193277728e+02 9.281721562963346059e+02 9.185260154121186815e+02 9.094877267086149004e+02 9.238278399674363754e+02 9.444322412653275478e+02 9.658873955242892180e+02 9.848542203598364040e+02 9.651604434846976801e+02 9.155737106826771878e+02 8.514333955334140001e+02 7.998843656814610767e+02 8.060920738227873699e+02 7.723496902957024304e+02 8.273558014287909828e+02 8.803746827349754085e+02 8.908282490915796643e+02 8.489094993772117732e+02 7.938295180617383267e+02 7.383052248822324373e+02 6.857294316159888012e+02 7.312749310411402348e+02 7.826852011705865380e+02 8.375933046624732015e+02
7.054104308746261722e+02 7.533169181775815559e+02 7.888234674503084989e+02 8.084951053281304212e+02 8.354047301970425679e+02 8.695520618206726340e+02 8.654499566859360584e+02 8.216711796380582200e+02 7.995896598988849746e+02 8.316908682355749534e+02 8.767417957124334862e+02 9.060790406944021242e+02 9.013538860202189653e+02 8.687778348001795621e+02 8.759806275184657807e+02 9.033694204686089506e+02 9.280716373663115064e+02 9.515152959664247874e+02 9.515999691196999493e+02 9.449857464575837867e+02 9.628215312481534056e+02 9.735508255721995283e+02 9.539297342941379156e+02 9.179042988910359782e+02 8.746060814347454198e+02 8.734859360808920883e+02 8.321460386375142662e+02 8.792942085496362097e+02 9.292925095030539069e+02 9.368718126068970378e+02 8.891050271077127718e+02 8.290383028304819391e+02 7.719993072175045654e+02 7.133740697765687173e+02 7.371887900977216077e+02 7.790141209848673043e+02 8.333927206161644108e+02
7.502071770276694451e+02 7.709514366183284437e+02 7.639357703762169649e+02 7.376468859291946956e+02 7.733486470958117707e+02 8.159195293787676064e+02 8.145121371975188822e+02 7.651724120643925744e+02 7.178813636986233178e+02 7.654097671238864677e+02 8.133099364783993224e+02 8.557474876600715561e+02 8.432684735359138131e+02 7.945957735270735611e+02 8.017252018293426090e+02 8.420460699006449659e+02 8.836663485905405651e+02 9.200133147302219641e+02 9.036963251204762173e+02 8.662724530174967867e+02 8.983432007370893189e+02 9.394096201923861145e+02 9.638623599357795229e+02 9.633947331579695401e+02 9.475487304879571866e+02 9.358365953235804682e+02 9.033520194130001073e+02 9.357605564065042927e+02 9.759337105374770545e+02 9.784285577052636427e+02 9.307370780984009571e+02 8.744340006176149700e+02 8.138133848281067912e+02 7.667268874898203421e+02 7.548318311736977648e+02 8.077956585012977939e+02 8.647211444107616671e+02
7.542511214448337569e+02 7.412955038142794137e+02 7.133794857104413722e+02 6.666877233963144818e+02 7.137223034879746137e+02 7.633961000972404918e+02 7.651006542051504766e+02 7.133780478474776601e+02 6.574909231290165508e+02 7.054503518986475683e+02 7.610688648421420339e+02 8.041706643509386367e+02 7.844009466779265267e+02 7.279324258563769945e+02 7.355440280192243563e+02 7.828928766326349660e+02 8.397205858010055408e+02 8.722560414769177441e+02 8.449834679835228144e+02 7.924148325642089503e+02 8.348609688965235591e+02 8.814707651904299155e+02 9.331790649793247212e+02 9.643288987654523226e+02 9.714183691492551134e+02 9.752344813175707259e+02 9.689750420357011080e+02 9.861661634177938822e+02 1.009509291130314637e+03 1.011545493161402192e+03 9.794726230705446142e+02 9.239605316303849349e+02 8.732241270237585695e+02 8.284625069403401767e+02 7.917773164145941109e+02 8.378541473250674017e+02 8.955381066437961408e+02
7.130726752079053767e+02 6.795434489268599236e+02 6.455835943088848126e+02 6.060260908709875594e+02 6.614967941502576423e+02 7.156065187825515750e+02 7.190454643203283922e+02 6.680271705836239562e+02 6.092857209405154890e+02 6.600330354225762903e+02 7.175617061992373920e+02 7.519016495270435598e+02 7.272992000627619973e+02 6.705491270793786498e+02 6.834130330165805844e+02 7.429737473956237181e+02 8.108033584751731269e+02 8.270970725839788429e+02 7.847111854954557657e+02 7.335094564669541342e+02 7.757246535088287374e+02 8.289095424253301871e+02 8.813959514412454155e+02 9.215987105745897452e+02 9.189177222710065962e+02 9.451349621483825558e+02 9.547894536776258292e+02 9.639659249259374292e+02 9.886336783464385007e+02 1.010633608303687424e+03 1.009257141694285792e+03 9.796833810775932534e+02 9.323617099333259830e+02 8.886537892266705967e+02 8.395127884389137307e+02 8.782404383123811158e+02 9.306405658582802971e+02
