output/field_example_lateral_ON/elevation_000064.asc
nrows	150
cellsize	66.66666667
xllcorner	0
ncols	150
yllcorner	0
NODATA_value	-9999
[rows 17 to 33 of 150, columns 74 to 110 of 150]
4.939424269731146637e+02 4.920529608339584229e+02 5.077787300251667375e+02 5.079751490588695333e+02 4.594324309700057825e+02 3.913658865613433591e+02 3.245196485989007442e+02 3.895899128017172757e+02 4.287978253264211048e+02 4.871158032151966495e+02 5.460424538706744215e+02 5.785973387817563207e+02 5.821207023781696535e+02 5.560364214185209448e+02 4.926893952639864551e+02 4.215868158255414642e+02 3.939710417930687640e+02 3.737924691123075149e+02 4.499766471983670613e+02 5.246036603660065794e+02 5.721121509863464780e+02 5.737700510675670103e+02 5.633605671822667773e+02 5.968465424027911013e+02 5.900011709799840673e+02 5.407949144858356476e+02 4.973293403192546407e+02 4.521681269012391340e+02 4.938398406062675576e+02 5.471950777302907909e+02 6.027474947046777061e+02 6.287398436761011453e+02 6.267394624966050287e+02 6.304995888627041722e+02 6.148254719483912822e+02 5.690899031385630451e+02 6.239818264969667325e+02
5.478110626569337001e+02 5.543292843267169019e+02 5.619170660961231079e+02 5.258039379849227544e+02 4.528403079423076179e+02 3.901900208801410486e+02 3.384405913695256345e+02 3.964135754633684883e+02 4.696856339394909128e+02 5.306102525058519177e+02 5.808373826410214633e+02 6.285491305766203141e+02 6.315729080504786452e+02 5.761679022305904709e+02 5.100156426268355858e+02 4.734052785217605788e+02 4.347243335729918385e+02 3.905137634602206731e+02 4.533984775540786245e+02 5.257258365811519525e+02 5.943903036481837034e+02 6.323883090067765806e+02 6.360696449023361083e+02 6.522559969631420245e+02 6.228981959740149250e+02 5.759552266029670591e+02 5.270697351373790980e+02 5.179165492329044582e+02 4.813630682360923174e+02 5.445469356704320489e+02 6.101076696376014752e+02 6.688042206086811348e+02 6.939110820293290089e+02 6.951709572818712104e+02 6.588827911308105740e+02 6.143725440789486356e+02 6.684212413515742810e+02
5.637759190792598929e+02 6.016906927062711929e+02 5.966312192963260941e+02 5.413835546087663033e+02 4.906494011357587510e+02 4.282181303293021983e+02 3.557165419588815780e+02 4.264353128779443978e+02 4.791917512684404983e+02 5.425518193108231344e+02 6.086051733971754629e+02 6.591588691873669177e+02 6.659826767025640493e+02 6.186753050926884043e+02 5.686848175954787621e+02 5.167970632055119040e+02 4.624681208872468119e+02 4.084619635153423474e+02 4.573546943547668207e+02 5.244614208245432110e+02 5.942666457666418864e+02 6.580006231251912823e+02 6.935100161109186274e+02 7.017371601253270228e+02 6.663366754028935475e+02 6.231385522107410679e+02 5.820888541627612085e+02 5.617160450032216659e+02 5.010076032667254253e+02 5.497836251996037618e+02 6.089230184642343602e+02 6.788649966418136046e+02 7.354270002280499057e+02 7.449833916738634798e+02 7.098413675684876125e+02 6.678554167642846551e+02 7.146173484978162378e+02
5.563015911270071001e+02 6.178264667988370320e+02 6.187368355700916709e+02 5.665987288435558185e+02 4.981022891158627317e+02 4.323251790103051917e+02 3.719239646609537431e+02 4.227364568769600055e+02 4.765673666984242232e+02 5.369566771999672028e+02 6.040336644473319438e+02 6.685824730299869998e+02 6.969101728503609365e+02 6.699499118077928870e+02 6.134590219090147230e+02 5.527065755877971469e+02 4.932448775223869575e+02 4.303737880751071430e+02 4.926935052565128217e+02 5.326538265099193268e+02 5.902741264504435321e+02 6.548649198725878477e+02 7.145496124433370824e+02 7.406785103937553458e+02 7.198515438555492665e+02 6.753469442293644533e+02 6.395888633603058224e+02 5.901597262560027275e+02 5.232878475874022115e+02 5.724131664031993978e+02 6.439620604126954504e+02 7.015576416300552864e+02 7.632935524739242510e+02 7.902277725989688406e+02 7.731034129366195202e+02 7.355512882332085383e+02 7.556118601806576862e+02
5.882474984210051616e+02 6.401725900266084182e+02 6.307167383796422655e+02 5.692724502742569257e+02 5.009014581021603476e+02 4.375251489858442824e+02 3.882707808128600391e+02 4.233413863048627377e+02 4.718146707828349236e+02 5.294707495827690309e+02 5.952667380596070643e+02 6.638233116188274607e+02 7.163505244529883385e+02 7.056055006233211770e+02 6.511004287625402185e+02 5.922538364295477322e+02 5.281580192525497068e+02 4.553473069850462593e+02 4.808765493656185299e+02 5.203194143126900144e+02 5.703356418184552012e+02 6.403680331185541945e+02 7.104429177365303758e+02 7.651177731925018861e+02 7.611172090632649088e+02 7.184362461360437919e+02 6.553000093292005204e+02 5.890047926004107239e+02 5.507091529530936214e+02 6.075146101460610453e+02 6.517964053242247928e+02 7.115783090710368697e+02 7.742513837760699289e+02 8.243358624458851409e+02 8.297148732674152143e+02 8.104168178011598229e+02 8.180884945023925638e+02
6.321297990793631243e+02 6.664433485120223395e+02 6.416607861313427748e+02 5.788222656432226358e+02 5.167451475480987710e+02 4.711569098361266583e+02 4.089601856208191748e+02 4.541271393936837057e+02 4.851928372866369159e+02 5.384367604845226651e+02 6.016535004869057275e+02 6.706301055788333088e+02 7.305016285813903778e+02 7.329049172191608932e+02 6.866407801949155782e+02 6.269136721997931545e+02 5.628671594287884545e+02 4.940336660651796024e+02 4.984647158934241702e+02 5.531990782657654790e+02 6.053787167541830740e+02 6.523192238863829289e+02 7.198054820469286597e+02 7.840127721828708900e+02 7.887088369818268347e+02 7.319771365502624576e+02 6.677306623824716780e+02 6.509369491133700194e+02 6.277216085423773393e+02 5.958064087846830716e+02 6.639020070541924952e+02 7.273415859680085305e+02 7.863684967507998635e+02 8.365232235464274027e+02 8.709017228717307262e+02 8.776128636010390665e+02 8.810614154460258760e+02
6.683670892645221784e+02 6.891778506551527244e+02 6.413453928650960734e+02 5.775738533880925161e+02 5.202884574141863823e+02 4.727308150667327595e+02 4.653883985763650912e+02 4.411917081013942266e+02 4.863369311204624523e+02 5.478774375783216328e+02 6.138006740583192595e+02 6.835765165008242548e+02 7.453635193888229651e+02 7.472049577323078893e+02 6.843944018411675643e+02 6.149896509538382361e+02 5.554456192836389619e+02 5.658832802531210291e+02 5.373144721616880588e+02 5.898170324800263415e+02 6.439021604441098816e+02 7.014020780423966244e+02 7.565452346413684381e+02 8.109589325037620711e+02 8.171615364721543529e+02 7.728509065243744089e+02 7.339977089158901435e+02 7.213203869576857414e+02 6.805865145046992666e+02 6.639623017126652940e+02 6.356653695106975874e+02 6.998704818864177923e+02 7.562064428972510086e+02 8.081107120287061889e+02 8.657315912955175463e+02 9.085098545849599532e+02 9.261453712779562011e+02
7.030327274399317048e+02 7.094575919359524505e+02 6.547895244868595910e+02 5.922586041091603875e+02 5.391828201652591588e+02 5.149979284335111060e+02 4.716741143880320237e+02 5.116235736121986974e+02 5.553762670927629870e+02 5.717856426854863230e+02 6.327088260352245470e+02 7.007297916515813085e+02 7.658867059742918855e+02 7.719996193536074998e+02 7.160999965834135992e+02 6.534057615567111270e+02 6.050303747008151731e+02 6.235004331282772227e+02 5.835223555214402040e+02 6.329055606311076190e+02 6.901956566446799570e+02 7.449123578954872755e+02 8.000475911733817611e+02 8.349351311988438056e+02 8.404379661221822744e+02 8.192452052395439068e+02 7.991607819783009745e+02 7.792378136313157029e+02 7.414259807737477104e+02 6.989160939825733294e+02 6.356653695173642973e+02 6.704626812985321749e+02 7.154669404515260567e+02 7.707869776072160448e+02 8.351047200898626670e+02 9.014480674107824143e+02 9.420328837911315532e+02
7.385017728081296582e+02 7.298226728296745023e+02 6.697382856552034127e+02 6.050680828082292919e+02 5.477932662696667876e+02 5.145418295202089212e+02 4.994082832540087793e+02 5.574886495698449380e+02 6.021036506962055910e+02 6.400402788607444791e+02 6.874683539252874880e+02 7.449044314132364661e+02 7.961401129057201160e+02 8.037710046315476120e+02 7.549305862197322767e+02 7.021694791666146784e+02 6.634696059398052057e+02 6.756381059884206479e+02 6.380220670556760751e+02 6.872232162590219104e+02 7.369433105278322955e+02 7.887441343401494578e+02 8.194306632982959400e+02 8.237421659486320777e+02 8.160951275318872149e+02 8.093685064121102641e+02 8.166237037708671096e+02 8.147634335477043805e+02 7.904902697452403117e+02 7.422944919647554798e+02 6.968555032696542639e+02 7.042027742224288431e+02 7.616971411984386577e+02 8.154631434502759930e+02 8.755475525796776992e+02 9.179421374611471265e+02 9.257420241278280173e+02
7.748199857780703041e+02 7.476941560034065333e+02 6.820279690893197539e+02 6.141481981275056796e+02 5.773762193875583080e+02 5.805518456439626789e+02 5.440516822925277438e+02 5.473009636142064664e+02 5.885967553745663281e+02 6.439117128304012567e+02 7.022993567814293101e+02 7.658021726893762207e+02 8.246948394094168862e+02 8.374267300501644513e+02 7.998345090606975418e+02 7.629186161556793877e+02 7.312012792761333912e+02 7.236230241160290007e+02 7.074670256044619236e+02 7.439645795487393798e+02 7.867631033752430767e+02 8.090607636323039742e+02 7.960475170830158049e+02 7.651403436612673659e+02 7.473278097952201051e+02 7.413897308119725267e+02 7.776954177609802628e+02 8.061372114061803131e+02 8.162997807975166324e+02 7.970824589883783347e+02 7.632676828481587563e+02 7.595680155401101956e+02 8.068184461178258289e+02 8.634079858315807314e+02 9.028143965533334949e+02 9.105185702600047080e+02 8.823310982580402424e+02
8.064510322286065502e+02 7.584239372046828294e+02 6.950895081181881778e+02 6.775477121539069003e+02 6.276497657906855920e+02 6.358328054345242890e+02 5.949558651317391877e+02 5.965991934006300426e+02 6.460975939734720441e+02 6.605209428661329412e+02 7.165899483848046430e+02 7.803475707832305943e+02 8.423722426758212123e+02 8.616511355962589960e+02 8.413849398503464272e+02 8.177413021466309146e+02 7.999858461263852405e+02 7.870353686562610847e+02 7.807155717518904794e+02 8.030005689847929489e+02 8.137742736801782257e+02 7.930775656110982936e+02 7.501691005687472398e+02 6.947451437699943426e+02 6.741701691572466189e+02 6.696794102128396844e+02 7.150049161219667440e+02 7.673240208407034970e+02 8.059955119872042815e+02 8.286741958606522758e+02 8.271469730115676384e+02 8.232401593327333558e+02 8.555629842218434078e+02 8.975283413647322277e+02 9.099320782707018225e+02 8.790054644616166115e+02 8.215088781873297421e+02
8.318497789110384701e+02 8.039588045582339646e+02 7.585164954100364412e+02 7.341104222334915903e+02 6.846990162230747501e+02 6.902595134684122513e+02 6.536509590308489805e+02 6.548694645981427129e+02 6.955739345849937081e+02 7.272589673174979907e+02 7.647023905700960995e+02 8.166247387304545100e+02 8.503240789662218049e+02 8.439039634789418187e+02 8.214739993010057333e+02 8.100784270112339982e+02 8.186767941512027846e+02 8.297057997872149144e+02 8.315913459220943196e+02 8.262736621309032898e+02 7.980594041002819949e+02 7.552362620592830353e+02 6.947210009964924211e+02 6.309148070316119856e+02 6.077158059899600175e+02 6.072954150320503004e+02 6.589490960278784542e+02 7.113123362750899332e+02 7.675808369473245421e+02 8.104810946243155740e+02 8.459010314264702401e+02 8.728355045034750219e+02 8.960114546575207441e+02 9.140050767319409033e+02 8.903073248926953056e+02 8.305628646154951866e+02 7.686160254417397937e+02
8.323709256470559694e+02 8.381502799341823220e+02 8.206234933611950737e+02 7.839406568842346132e+02 7.497664161931891158e+02 7.426294507207011293e+02 7.233603220190593674e+02 7.208709595391497942e+02 7.562531725999472201e+02 7.842175843288326860e+02 8.090517456992694179e+02 8.321374138334988402e+02 8.268811989187594236e+02 7.943013353237961383e+02 7.497753992287672418e+02 7.396383007720802425e+02 7.706402777745693129e+02 7.979205583156285684e+02 8.179205884582547696e+02 8.027065508293114817e+02 7.511949060824808839e+02 6.999448923746385844e+02 6.472649913901517493e+02 5.911434503985180982e+02 5.469512868046709855e+02 5.561301382268536599e+02 6.065924729100762534e+02 6.611223299249023739e+02 7.105222159545701288e+02 7.616721359470080870e+02 8.186432820366603664e+02 8.570500233391269376e+02 8.742404223290986920e+02 8.871219712791037182e+02 8.573007116769932736e+02 7.887548598572459468e+02 7.185149836007457225e+02
7.997596181797297277e+02 8.359833261701629681e+02 8.510181253993329165e+02 8.353757950506121688e+02 8.117249622432848355e+02 7.958037410766363564e+02 7.789111125065599026e+02 7.747874354487424853e+02 7.873779324725147717e+02 7.940129818870441341e+02 7.974367932655056848e+02 8.025873587279946832e+02 7.855822207197085163e+02 7.312514973703836176e+02 6.791337788322132383e+02 6.674320369483039030e+02 6.937137004719579636e+02 7.356915895315432863e+02 7.779398912372697623e+02 7.656955702739605840e+02 7.075289821345603514e+02 6.475448521004142322e+02 5.974943356708904503e+02 5.490528787689044066e+02 5.009139043285789512e+02 5.140572381879826480e+02 5.667690366892492193e+02 6.087804073064855857e+02 6.577659637152510186e+02 7.176300128670594631e+02 7.725022486457510240e+02 8.065152672506914087e+02 8.080508848911176756e+02 8.368901028861571376e+02 8.195969413950235776e+02 7.515006264075599347e+02 6.795202350276706511e+02
7.477106037589038579e+02 8.037312171577991649e+02 8.393063961224836476e+02 8.415830285620102131e+02 8.148256434320921926e+02 7.857571289818159812e+02 7.609267385703204809e+02 7.487408805979301860e+02 7.509171847289677544e+02 7.413360860189380901e+02 7.340088664906380700e+02 7.413563914734953642e+02 7.408607485690915837e+02 6.860035925046325929e+02 6.200734580308208024e+02 6.034154411890989422e+02 6.272293057148375510e+02 6.881497651641871016e+02 7.390248326933567569e+02 7.278760058571862146e+02 6.671022181721766628e+02 6.042805442754433898e+02 5.524291678142361661e+02 5.083055418881270384e+02 4.605697749309347842e+02 5.079452444207590815e+02 5.180580979711644432e+02 5.633627891300199053e+02 6.184422703349817994e+02 6.812916030693808125e+02 7.385427892544145152e+02 7.403770582181472264e+02 7.403476237447614494e+02 7.847535852436449204e+02 7.848711260461471966e+02 7.197239755189926882e+02 6.450273537967945003e+02
7.010141548683332076e+02 7.551193307112019966e+02 8.053567037793611689e+02 8.101446091094386475e+02 7.681415036286900886e+02 7.272883732653361903e+02 6.905213379112491339e+02 6.743771375625444762e+02 6.828235864916027822e+02 6.769615772894863994e+02 6.621450673327611867e+02 6.773839332196488385e+02 6.977561598735495636e+02 6.531223192909376394e+02 5.883028585767957566e+02 5.466078378588711075e+02 5.888740175759103295e+02 6.533537014978144271e+02 7.049140186593305089e+02 6.926778787851492325e+02 6.292380427295629488e+02 5.638743114391312474e+02 5.090410799542124778e+02 4.675119628545913315e+02 4.306471664916799114e+02 4.586134919347338723e+02 5.153425361546915155e+02 5.753442855316905025e+02 6.376152072236640151e+02 6.911988025552542467e+02 7.001839624874339734e+02 6.718828722333061023e+02 6.797638825694530169e+02 7.375126334918605835e+02 7.601956391246269504e+02 7.338056817358279886e+02 6.802124249091386901e+02
6.545895168361216747e+02 7.139870360055768970e+02 7.682596776994782886e+02 7.725445785196300221e+02 7.231090053246406342e+02 6.688223190184539817e+02 6.271351865703312569e+02 5.959448393196631741e+02 6.188528157179829350e+02 6.293787051416622944e+02 5.933197748394210294e+02 6.176385281910334015e+02 6.592757436626346816e+02 6.337007185351126282e+02 5.769412684999230123e+02 5.100290403320103678e+02 5.729587872902395702e+02 6.233992305607231401e+02 6.736623184829733191e+02 6.627070795316096792e+02 5.927773886349481245e+02 5.265938832778042524e+02 4.690240675817120746e+02 4.134647946754723762e+02 4.075507386783277752e+02 4.641684598511836839e+02 5.147943015318081734e+02 5.827642230498889830e+02 6.469149317573078406e+02 6.793674136882473249e+02 6.560973625523743067e+02 6.003078987126619950e+02 6.385726417557195873e+02 6.790858882873076254e+02 7.191261939276945441e+02 7.147746711553842260e+02 6.683382637568455493e+02
