output/field_example_lateral_ON/elevation_000087.asc
nrows	150
cellsize	66.66666667
xllcorner	0
ncols	150
yllcorner	0
NODATA_value	-9999
[rows 102 to 118 of 150, columns 74 to 110 of 150]
5.777244217173366678e+02 6.232329798321796943e+02 6.299294144277482701e+02 6.933487112086156685e+02 7.580911024835188528e+02 7.755289290193892384e+02 7.492683537438249459e+02 7.953023174884791615e+02 8.265927291188035042e+02 8.305527766966883974e+02 8.030589812474639757e+02 7.544771120315532471e+02 7.064660619333010345e+02 6.898307225660948916e+02 6.960669823406473142e+02 6.894088021822585688e+02 7.535204109538144621e+02 8.101107498096332620e+02 7.996399438804240845e+02 7.314180668278900157e+02 6.627740119505034500e+02 6.080899994502884738e+02 5.733239951442135407e+02 6.252342617162693159e+02 6.666444816069235912e+02 7.048152230112583538e+02 7.113809824630986895e+02 6.736400523239250333e+02 6.627909341847962423e+02 6.694765787341350460e+02 6.900372229675932658e+02 7.363625003467172974e+02 7.979693359488635451e+02 8.676817118588394351e+02 9.182494533390337210e+02 9.326338369246039974e+02 9.041630586405718759e+02
6.318099749532379974e+02 6.772743457040498924e+02 6.886913484121565716e+02 7.393017725992918940e+02 7.941693413477369177e+02 8.333216059056805989e+02 8.244377282649493281e+02 8.452025710773224318e+02 8.408042817076010351e+02 8.033057904215100962e+02 7.481226188329353590e+02 7.025107024480834070e+02 6.490603757436268779e+02 6.293719540357184314e+02 6.304500511834241934e+02 6.918737484919794269e+02 7.521462286862231394e+02 7.944466698342041582e+02 7.892849432769850182e+02 7.320445850033653414e+02 6.651631332626292306e+02 6.032415773043804847e+02 5.455337660140065736e+02 5.755728702094262417e+02 6.133023860364800157e+02 6.548432584418561646e+02 6.566432721062861901e+02 6.186856758908761549e+02 6.050646165528668234e+02 6.182032992410319139e+02 6.383803005063281262e+02 6.911607232549572473e+02 7.552095294213878560e+02 8.266209392129088656e+02 8.973718068193995805e+02 9.379910413120642261e+02 9.353181897171056107e+02
7.020489992406809279e+02 7.251958389209330562e+02 7.575701069989916050e+02 7.958537636265009496e+02 8.462469959375728195e+02 8.776670267719655385e+02 8.796363903253165972e+02 8.730358691146022920e+02 8.260751784286533166e+02 7.595781374993314330e+02 6.957792262187871302e+02 6.409090024040838216e+02 6.258751237411157717e+02 5.772777444282156694e+02 6.305257959695626369e+02 6.873044635385779202e+02 7.282639740777889301e+02 7.657519007756503697e+02 7.762585401995837628e+02 7.398112434610056880e+02 6.772177613510938272e+02 6.157330786593009861e+02 5.674429788987170014e+02 5.066139326286190681e+02 5.554489321995158662e+02 5.919258786956523863e+02 5.916698907484079655e+02 5.794239430798753574e+02 5.517982500721468568e+02 5.847695246983713560e+02 6.465796675903675350e+02 7.095179311940090656e+02 7.707743534574138948e+02 8.234157185099704748e+02 8.667834964372665354e+02 9.192247405150022814e+02 9.498837359069680133e+02
7.638069268152431732e+02 7.876929383413017831e+02 8.176948149188125399e+02 8.507256310249002809e+02 8.798479747685735219e+02 8.893899897458315991e+02 8.766225974569310893e+02 8.636415063101713940e+02 8.236572217247609160e+02 7.557802320581437243e+02 6.877999053386151900e+02 6.272558991467992655e+02 5.740799491217547939e+02 5.477713501906371221e+02 6.113095313206697483e+02 6.509603150529147797e+02 6.975340270084442409e+02 7.115532284202295159e+02 7.391886744993532830e+02 7.248896223763678108e+02 6.742898269950992471e+02 6.079935333075140989e+02 5.414056816942137402e+02 4.936548702858149227e+02 4.696075716208688391e+02 5.239039318007828570e+02 5.270394807795715906e+02 5.114880040429706014e+02 5.644326395142140882e+02 6.067839945165951576e+02 6.663594599648969279e+02 7.150029566491654123e+02 7.392536413971025695e+02 7.715752703266828121e+02 8.227589014427049960e+02 8.792291069348538031e+02 9.387943415891185168e+02
7.610906349468090184e+02 7.894234287321456804e+02 8.237365161174267314e+02 8.585077324091802211e+02 8.726162848568442314e+02 8.528664601519298003e+02 8.169999717388309364e+02 8.124292628451343035e+02 8.041690694811748017e+02 7.485318881687668409e+02 6.820845185518666085e+02 6.197940715231829927e+02 5.663142742716656812e+02 5.230145274184767459e+02 5.715017514877575877e+02 6.179705086864814803e+02 6.504942533814197532e+02 6.538220954165681178e+02 6.944710355892789266e+02 6.909825404105860116e+02 6.435518665598696089e+02 6.006168490199243024e+02 5.535414496102532667e+02 5.070650026435725408e+02 4.513457855557975904e+02 4.574298570299161497e+02 4.737962965259449106e+02 4.944395515262784215e+02 5.217617564658361289e+02 5.922994670688852921e+02 6.391831354188066143e+02 6.778239592998446597e+02 6.791170879702433467e+02 7.222166657045939928e+02 7.762162989906067878e+02 8.431582128620594858e+02 9.169181731213374178e+02
6.981740003017430354e+02 7.333356106923489506e+02 7.766510167164785798e+02 8.257109456925375071e+02 8.354265292419983098e+02 7.948245299165706683e+02 7.514986696250579143e+02 7.509630746004758066e+02 7.700554559410287538e+02 7.455737709306779379e+02 6.859098927484326396e+02 6.168825673538515275e+02 5.549807108593680596e+02 5.018189068419647469e+02 5.420437613396725283e+02 5.795432488977878620e+02 5.892098565265345087e+02 5.998276582202822738e+02 6.552716257195763774e+02 6.521113882351356779e+02 6.041280037669085914e+02 5.509857573984301098e+02 5.093665524639042133e+02 4.717270363731046245e+02 4.346286280247210243e+02 4.870545263349670790e+02 5.242418336250451603e+02 5.557224815355008332e+02 5.822218615252797917e+02 5.610730741217723789e+02 5.902116601826513715e+02 6.235113201121224620e+02 6.710327851994508137e+02 7.270041101665354972e+02 7.960219169056132387e+02 8.751779415880250781e+02 9.306397358040686640e+02
6.309620111671362110e+02 6.732164263187457891e+02 7.300712757411001803e+02 7.864792130039833182e+02 7.972588364048937137e+02 7.472309918209057287e+02 6.935366332109285850e+02 6.884858059931788148e+02 7.223471422230032886e+02 7.207025543897134412e+02 6.954716344519886206e+02 6.408371021295888568e+02 5.629068229034393198e+02 4.827256781478651533e+02 4.967624810184329363e+02 5.245384078158539296e+02 5.251235970190911075e+02 5.839105852555260299e+02 6.190760404753648345e+02 6.107890185376712679e+02 5.633715178852493182e+02 5.129744811612363264e+02 4.601295939929829046e+02 4.147224830661354531e+02 4.729969109768842372e+02 5.255645190737847088e+02 5.681395643639551736e+02 6.076071710157159487e+02 6.382601110469734067e+02 6.178705864813406379e+02 6.476349176451290077e+02 6.796351253588660484e+02 7.192917897325739887e+02 7.745735013576011170e+02 8.346986530847028689e+02 8.999673525867294757e+02 9.324337159602767997e+02
5.757286659814745917e+02 6.272753710031038281e+02 6.890922183152545131e+02 7.492324724092514998e+02 7.663648847601928082e+02 7.118428226191932708e+02 6.456800580016126787e+02 6.321025659053502750e+02 6.627742197745517387e+02 6.622265966579458336e+02 6.667079036237589662e+02 6.429714526076497805e+02 5.832401834518822170e+02 5.246941199988332301e+02 4.501140362475659344e+02 4.574826962892667552e+02 5.060026985054611828e+02 5.362362472569500369e+02 5.680356427305399620e+02 5.623017506550708049e+02 5.197549559569297344e+02 4.715807917193001231e+02 4.416419628185658439e+02 4.010690009055161909e+02 4.624520787804127622e+02 5.272590258291287455e+02 5.936672465290278069e+02 6.497151186353920593e+02 6.877191150467251646e+02 6.855061156914680396e+02 7.140047766303606522e+02 7.438954322637974883e+02 7.785974379612271150e+02 8.226847487697218639e+02 8.790527595874450526e+02 9.178941039831943272e+02 9.138977005111265726e+02
5.354542571414887107e+02 5.890342677143768242e+02 6.504546548992182124e+02 7.125827872699360341e+02 7.448983933683839496e+02 7.159429459170268046e+02 6.498068944121372397e+02 5.826991414334169122e+02 5.940730945446783835e+02 5.954612509981640187e+02 6.072635545182782835e+02 6.131942250674348998e+02 5.954412515869191793e+02 5.432217735945591812e+02 4.844614440730818501e+02 4.187519597329922476e+02 4.485588669800470711e+02 4.224410458469055243e+02 5.037138408312277420e+02 5.052253684603463171e+02 4.676395078749898175e+02 4.335872436786888784e+02 3.823133451039982447e+02 4.302466563264436559e+02 4.643967878159618863e+02 5.176057470211848113e+02 5.808497150083651377e+02 6.500210858892659189e+02 7.152357152448186071e+02 7.494144335891944593e+02 7.745554651530061392e+02 7.987732853350719324e+02 8.275078427935656009e+02 8.634531004489332418e+02 9.016113934472326719e+02 9.177065006482787339e+02 8.863646113694437645e+02
5.018780154693713484e+02 5.521207982660728248e+02 6.086562017629128150e+02 6.679688858820242103e+02 7.207236116204477412e+02 7.130937136196959045e+02 6.532623539194443083e+02 5.877836604458326519e+02 5.289324601993716897e+02 5.336505223485512488e+02 5.433118451042925017e+02 5.513122940074151757e+02 5.700689909702101659e+02 5.581393189230890357e+02 5.157013036409374536e+02 4.579523219114590233e+02 3.895697019044587250e+02 4.186891699884898230e+02 4.559827493988305491e+02 4.488323035743757146e+02 4.041162107857112460e+02 4.052907434289867865e+02 3.692406980977946773e+02 4.040673772663442378e+02 4.521780742047823196e+02 5.063768169860799162e+02 5.696164353596249157e+02 6.415314496745803581e+02 7.137069094037917694e+02 7.662311954262642075e+02 7.808536144333719449e+02 7.901040645210761113e+02 8.089132976497687650e+02 8.427418770463425517e+02 8.808220527961345852e+02 8.938245543528164490e+02 8.463557407273845001e+02
4.706299951640279460e+02 5.077577655537502892e+02 5.649381463653617175e+02 6.350617063541537846e+02 7.013952888764094951e+02 7.088300368146067285e+02 6.573568855645959275e+02 5.943064493338949887e+02 5.341351264503884977e+02 4.806631548227290409e+02 4.856151434795336854e+02 4.813342748224962406e+02 5.235142059333758198e+02 5.346551454444303317e+02 5.132804963152443634e+02 4.529864339457360529e+02 3.718957127572907098e+02 3.916989543383470505e+02 4.170518212541178968e+02 4.060212829927500593e+02 3.410383347718423011e+02 3.528296390474266104e+02 4.094627386388987702e+02 4.379051343889991017e+02 4.661219316458685284e+02 5.176167909445927080e+02 5.827543632307858843e+02 6.582192169562883919e+02 7.230224300058696372e+02 7.426489295465563600e+02 7.250587845756815568e+02 7.229837318708874818e+02 7.357464413666277778e+02 7.819663053451666883e+02 8.412599067067443457e+02 8.662868441224073877e+02 8.170481503402850194e+02
4.422164020193688430e+02 5.009707292746367102e+02 5.668529340103975755e+02 6.378364766072297698e+02 6.935584057414392873e+02 6.974362768493166413e+02 6.630419606657521854e+02 6.094726083657932350e+02 5.479150883956042435e+02 4.904223641411797416e+02 4.403824664389370014e+02 4.160453315382908954e+02 4.774041738464882769e+02 4.797777662762158570e+02 4.745042888837891724e+02 4.571017108788175847e+02 4.080092905439693709e+02 3.458019063639695787e+02 3.792666770153205675e+02 3.766966637042335151e+02 3.410383347651756480e+02 3.864904704964880011e+02 4.220479270257126814e+02 4.751068254463767744e+02 5.195879136118508086e+02 5.698980338666597163e+02 6.262626769635230630e+02 6.874305142053336795e+02 7.170697729816396304e+02 6.972724044480648899e+02 6.538355286628842578e+02 6.485730434346425000e+02 6.643004349643899786e+02 7.345110800891690133e+02 8.004805704734907295e+02 8.418726065143978303e+02 8.348559605322205925e+02
4.964235845473498330e+02 5.522679495602777706e+02 6.101969772320176162e+02 6.569856001340879175e+02 6.749873766821946219e+02 6.576288657754325868e+02 6.256434979877966498e+02 6.191247157352316890e+02 5.849356931711546395e+02 5.317972731568627296e+02 4.778396649444549098e+02 4.160453315316242424e+02 4.391635272094542870e+02 4.194778545720115517e+02 4.109182193664427132e+02 4.248539427254802945e+02 3.981974221803558294e+02 3.294824318941394949e+02 3.496760579715892732e+02 3.253900952602598409e+02 3.797654957427537852e+02 4.241693516857637292e+02 4.684990601353497368e+02 5.145117510509071508e+02 5.697677909945834926e+02 6.207560424691848766e+02 6.736918155352764188e+02 7.039088470626224989e+02 6.900757612213189987e+02 6.396645649580173085e+02 5.887793792504141948e+02 5.801277695345823986e+02 6.390755525289736170e+02 6.898460959693566110e+02 7.513085913682926957e+02 8.130370366799745625e+02 8.365908858910916024e+02
5.033312530470134902e+02 5.682403989818266155e+02 6.311969623496935355e+02 6.533435052230298652e+02 6.341500530710389967e+02 5.936132152458249038e+02 5.596387084721341125e+02 5.892871380216801072e+02 5.973954428648019075e+02 5.666129735764310453e+02 5.103504675842896177e+02 4.521246210424616834e+02 3.847320490612642629e+02 3.602642651826000701e+02 3.401612392255912596e+02 3.743300294582955985e+02 3.766263213593655905e+02 3.441837095245746241e+02 3.065612800617586231e+02 3.711183441540500780e+02 4.257844094011052789e+02 4.719209173016098475e+02 5.202592207620875797e+02 5.681830086735559462e+02 6.171440399410170130e+02 6.697710405167208592e+02 7.010645625011142101e+02 6.942593207583936419e+02 6.538792927001588851e+02 5.913813079397019692e+02 5.336192201410729012e+02 5.336542221972409834e+02 5.827507726719078391e+02 6.417102211590947718e+02 7.105029642536956089e+02 7.751539891987476949e+02 7.993591620156011004e+02
5.469702230162557726e+02 6.044513934628317884e+02 6.394740592301784545e+02 6.259999102598649188e+02 5.784753471598713759e+02 5.329309541506669348e+02 4.906852737924771191e+02 5.420853178195370674e+02 5.753548454214795811e+02 5.771000771521889874e+02 5.418227103074649449e+02 4.966022108414309173e+02 4.477627756973805049e+02 4.130406930020013760e+02 3.724562478240202381e+02 3.078138939336693056e+02 3.295861345866017587e+02 2.905892265529025167e+02 3.467621672801142267e+02 3.777664695942814888e+02 4.440177677505171232e+02 5.119168017449334798e+02 5.705872632702084957e+02 6.222100320094115204e+02 6.648027423457861005e+02 6.953168932808451927e+02 7.009035620973413643e+02 6.645667444362378546e+02 6.038519952226596388e+02 5.473625488563185399e+02 4.857557643709837976e+02 5.355260848090964600e+02 5.959111583188290524e+02 6.605242770409390687e+02 7.184438401155457541e+02 7.511365788859902750e+02 7.372519181753654038e+02
5.816574842526352995e+02 6.215190031342410748e+02 6.253886003711992316e+02 5.896426295998986689e+02 5.307914296799649492e+02 4.749933172999550379e+02 4.307593782579880894e+02 4.851129207825343315e+02 5.363776310952980566e+02 5.515073069572791837e+02 5.336978511228639945e+02 5.185229987524601256e+02 4.857151850071396098e+02 4.388197684218153540e+02 3.796610866721719617e+02 3.228612529549424721e+02 2.743058166082108187e+02 3.313674464580137737e+02 3.819984055180893847e+02 4.281329238251820470e+02 4.576824493186807103e+02 5.183416995029679128e+02 5.851913760424653219e+02 6.442106161802876159e+02 6.773083711867807324e+02 6.792618693316622966e+02 6.764957475423225333e+02 6.234326758156954611e+02 5.587439236217118150e+02 4.987666256252750259e+02 4.548313560129638518e+02 5.256291665261088610e+02 5.827101731039292645e+02 6.318731235334979601e+02 6.914866902020118005e+02 7.089913572849065986e+02 6.694057794637278676e+02
5.678604374851441889e+02 6.061353881601191915e+02 5.948426947149777106e+02 5.419550505028754515e+02 4.860555588485495377e+02 4.285802872671544606e+02 3.797520884595382995e+02 4.383198780713416340e+02 4.910181654794843098e+02 4.988996513357053004e+02 4.707926242845629190e+02 4.868618657467703770e+02 4.681660145400276747e+02 4.227341848202635788e+02 3.703583155986744373e+02 3.165298315372087927e+02 2.648288759564915722e+02 3.147273658414875968e+02 3.781809178001304304e+02 4.426281326094720612e+02 5.051191481752410937e+02 5.563240415019358807e+02 6.023736825662305137e+02 6.323521148361107862e+02 6.386098550490829666e+02 6.159722859607343253e+02 6.352620408167859978e+02 6.140991776154828585e+02 5.615792479674125843e+02 4.988744139902585175e+02 4.278159654454383940e+02 4.874793597307534014e+02 5.299715622150814625e+02 5.962639311298622715e+02 6.588971847686615320e+02 6.669499024317553904e+02 6.240182599287095400e+02
