output/field_example_lateral_ON/elevation_000086.asc
nrows	150
cellsize	66.66666667
xllcorner	0
ncols	150
yllcorner	0
NODATA_value	-9999
[rows 51 to 67 of 150, columns 37 to 73 of 150]
7.373491609532413804e+02 7.013411769347569589e+02 6.937910147156846961e+02 6.805074619806983947e+02 7.017276771455201470e+02 6.888547863896857280e+02 6.329830587487367666e+02 5.640017993850786979e+02 4.999609466884406856e+02 4.450544913094988715e+02 4.030859951055402348e+02 3.701283587125661256e+02 3.462484175368325054e+02 3.251218547913432531e+02 3.055016757320606189e+02 2.898734788934872313e+02 2.738066319007764946e+02 3.034923927183735373e+02 2.889831929146615153e+02 2.666640605208421562e+02 3.317727549525595805e+02 3.984549793059721878e+02 4.633461776005800061e+02 5.178911580181493264e+02 5.552611181287763884e+02 5.514006119555415353e+02 4.937909929418727870e+02 4.253749679831680055e+02 3.622149606480576267e+02 3.073341415479621901e+02 2.991164310420442689e+02 2.550151161797838597e+02 1.881834189623934606e+02 2.489678702121932474e+02 3.123313220470439546e+02 3.513099545720967285e+02 3.530514485865495544e+02
6.785271387433169821e+02 6.332566065915469835e+02 6.266672309159685028e+02 6.137627668523252851e+02 6.565076689576667377e+02 6.780996876808090974e+02 6.565762160207831357e+02 6.005653823279130847e+02 5.446947453193446336e+02 4.903794377114676877e+02 4.460382087373592412e+02 4.059703388333303451e+02 4.072962541419119020e+02 3.676012085176316759e+02 3.650241805667429844e+02 3.516710282296650689e+02 3.134517720698543144e+02 2.471369037668316935e+02 2.415105641819286291e+02 3.025830151547413607e+02 3.515421910803704577e+02 4.072232662054398702e+02 4.371202146666471435e+02 4.741212275114873478e+02 5.174123966184174606e+02 5.338855470669207079e+02 4.947434515896973153e+02 4.264227828558535975e+02 3.591551213431188216e+02 2.996206281851048630e+02 2.490122298251875463e+02 2.337111412783704338e+02 1.777361755994677992e+02 2.311208222343220200e+02 2.790126841006244831e+02 2.985565850942018074e+02 2.928269069440857493e+02
6.266016108776387910e+02 5.760094106227475095e+02 5.703930636896138822e+02 5.529022017945600282e+02 6.007865921319603331e+02 6.504690110413279172e+02 6.686826514204127534e+02 6.417174416532291161e+02 5.902751931573212687e+02 5.392207879036297982e+02 4.806692724958560916e+02 4.739481827436835033e+02 4.641167020027418744e+02 4.191827247721015510e+02 4.172380412782592316e+02 3.837875397503451609e+02 3.238811377804478298e+02 2.308439491376216495e+02 2.277862348809603077e+02 2.965220321746386389e+02 3.481682166758788526e+02 3.831442084717147623e+02 3.801928710007253471e+02 4.215337801811950271e+02 4.655372315142845991e+02 5.023300683809563907e+02 4.849528024635982320e+02 4.261910648945091111e+02 3.618433146328340513e+02 3.005330948008004839e+02 2.482832428474003166e+02 2.050868428784865216e+02 1.794395166048030887e+02 1.632353128184255411e+02 2.317809219602200699e+02 2.454397915751470691e+02 2.388654686124315845e+02
5.778479091765352678e+02 5.293536274064261988e+02 5.362482424153690772e+02 4.985224715781395162e+02 5.543682270525873719e+02 6.145427192203992490e+02 6.550308847998003330e+02 6.652009159292716731e+02 6.385109013856483671e+02 5.882167008289137584e+02 5.416334921555207984e+02 5.442019296077497756e+02 5.134581359306050672e+02 4.739604921201787988e+02 4.363292543400959858e+02 3.796986435502258814e+02 3.247202261388650868e+02 2.834271073415148976e+02 2.166989528607548721e+02 2.686525038355922561e+02 3.087197221450400662e+02 3.357116153761433566e+02 3.225276742226147917e+02 3.674856974190805090e+02 4.223098310540583498e+02 4.665287539860436823e+02 4.622018417047917751e+02 4.254416929090926374e+02 3.803889872141535875e+02 3.349206641763958601e+02 2.893622904879397879e+02 2.484462471933206302e+02 2.066298589383002025e+02 1.520868338670324249e+02 1.950462248545979662e+02 1.985308163018732159e+02 1.895649699400190400e+02
5.432612859206228677e+02 4.882140293152938852e+02 4.919175039557835021e+02 4.539174491390412527e+02 5.107571961842972428e+02 5.663781221710996761e+02 6.231484230307095231e+02 6.606022398197820849e+02 6.694640123918904919e+02 6.470748119581478477e+02 6.094010338194415226e+02 6.051355501475128449e+02 5.661079713438026602e+02 5.244173107851765963e+02 4.753742401580985870e+02 4.168402412455923240e+02 3.419492573526766819e+02 2.690317670890845534e+02 2.063597899855647881e+02 2.337741319819720900e+02 2.716306278532214833e+02 2.752897339172716329e+02 2.723921336263838384e+02 3.288586424109789732e+02 3.817787836233847543e+02 4.243536268729784524e+02 4.177748301399249726e+02 3.764295225678475845e+02 3.423719622646196967e+02 3.257002751858147462e+02 2.882416938095651062e+02 2.464230479363165784e+02 2.020061814000351887e+02 1.431951885137398790e+02 1.709550963299111572e+02 1.565369653783424440e+02 1.382910113967646453e+02
5.152355539894782623e+02 4.898775098580573513e+02 4.330735442002419404e+02 4.146225806349303298e+02 4.670483575703438532e+02 5.221899417522223530e+02 5.746444630036882018e+02 6.318439980352534349e+02 6.720291671881088860e+02 6.856323293985061582e+02 6.709104884978803511e+02 6.498985582769423672e+02 6.129475012706656116e+02 5.696052137390943244e+02 5.193406496818503228e+02 4.542514492502272674e+02 3.887806492451028362e+02 3.202830804533275568e+02 2.611415673492756468e+02 1.904514483007622232e+02 2.270306156193159950e+02 2.173737046314703321e+02 2.621197153583697173e+02 2.921257117157230141e+02 3.372464289180089168e+02 3.766955808780950292e+02 3.636802295370180786e+02 3.179754563187092344e+02 2.754150810250640120e+02 2.801301515766160151e+02 2.517384667775071989e+02 2.119278591101743530e+02 1.742731232190924686e+02 1.465522762662497769e+02 1.316022851410263002e+02 1.287872346265882300e+02 1.305216821041332196e+02
4.701603159700143237e+02 4.647712650573396900e+02 4.367918464417105042e+02 3.812682039379579351e+02 4.298532856420258099e+02 4.734877349459891320e+02 5.282590147547931565e+02 5.857246345956988307e+02 6.477753264927873715e+02 6.866865482983328093e+02 6.830080347199774451e+02 6.515349038999988807e+02 6.136384403582210325e+02 5.758803453058774267e+02 5.358669321810930342e+02 4.898395905096078309e+02 4.337558431416885014e+02 3.598056188142384713e+02 2.846481620254386939e+02 2.304016932888859515e+02 1.735839792820004845e+02 1.998228100653583397e+02 2.085045302156640048e+02 2.437228398864056658e+02 2.898853868107119069e+02 3.238730499230161399e+02 3.034179366422434896e+02 2.556729854855082067e+02 2.079761741643950188e+02 2.172838714775302549e+02 2.095513885482048693e+02 1.803176563090825368e+02 1.206948205584413074e+02 1.231849247600930823e+02 1.262210598656827329e+02 1.412220452731636158e+02 1.728910728060024553e+02
4.446756709415856790e+02 4.057812870230188196e+02 4.067816029832458185e+02 3.550749269787486924e+02 3.843518748813777393e+02 4.286399496916805560e+02 4.821181708520655320e+02 5.451240917090227640e+02 6.111095973137776127e+02 6.652498094951246230e+02 6.561156121869978506e+02 6.061890682913802948e+02 5.610146189481149577e+02 5.231260334424356415e+02 4.932890328077031086e+02 4.841694575561767238e+02 4.540591107487090881e+02 4.012759561115927340e+02 3.353935081555943043e+02 2.756328439471180900e+02 2.161234123524772883e+02 1.582876940496655038e+02 1.582876940429988508e+02 1.977440912353950466e+02 2.470103417910729604e+02 2.673612611641945023e+02 2.364777972208986796e+02 1.980126640743160635e+02 1.480524203419477089e+02 1.595942827412590077e+02 1.316577308214394293e+02 1.343890350774812532e+02 1.206948205517746402e+02 1.670899907475103419e+02 2.179825098367739145e+02 2.320388265529598755e+02 2.384688380097106233e+02
4.853281714368666826e+02 4.232347550800513432e+02 3.578484798864433856e+02 3.325128510687941343e+02 3.955841494779691061e+02 4.617779979319861923e+02 5.176384235962998446e+02 5.664199255157949437e+02 6.132039082787426878e+02 6.440596247187925201e+02 6.229737756152806014e+02 5.603796503171735139e+02 5.026512375474301848e+02 4.591159624299133384e+02 4.244575483554324364e+02 4.294491910612894685e+02 4.419088184834686217e+02 4.241397254299407109e+02 3.821318803959401293e+02 3.220319295225664291e+02 2.672261832022143722e+02 2.277821037034998994e+02 1.957132411658880926e+02 1.453666736166353814e+02 2.059185474652245773e+02 2.146527971948320612e+02 1.763181669804991998e+02 1.616542914406377918e+02 1.400002407077041937e+02 1.172991187791005672e+02 1.180791412466891472e+02 1.180791412533558145e+02 1.393693976662193563e+02 2.071929888050907493e+02 2.651958821360394154e+02 3.057110247157912681e+02 3.139340649516000781e+02
4.895771200333001616e+02 4.330756619200590194e+02 3.777186144350746986e+02 3.128060346639464342e+02 3.842523508264621910e+02 4.558359866336511459e+02 5.093109405075535392e+02 5.362373740545353940e+02 5.714993207405619842e+02 6.090264644449732714e+02 5.912549778123089936e+02 5.206756774100741723e+02 4.519745616525522678e+02 4.078816779899263452e+02 3.646093777328982242e+02 3.608903333634344790e+02 3.935086378924024757e+02 4.105642905407986518e+02 4.034393458663165006e+02 3.661040350036013820e+02 3.171391308023622173e+02 2.508927699916373797e+02 1.901047868345179666e+02 1.324503921423697079e+02 1.705419043726398058e+02 1.316234577048666949e+02 1.287785843001750550e+02 1.137300025097852370e+02 1.153514424116815178e+02 1.340412260345406139e+02 1.235153167324238268e+02 1.790764260783932116e+02 1.711196749253026042e+02 2.134403059911368246e+02 2.746486496781578239e+02 3.404569870937257861e+02 3.772858979743153327e+02
4.562003781405595646e+02 4.154661961375905435e+02 3.512003194926733158e+02 2.935916880056894911e+02 3.698843650794804034e+02 4.263918055950077246e+02 4.709230882011851804e+02 4.783745554699547711e+02 5.256561796752862392e+02 5.753736493598952393e+02 5.693983450444471828e+02 5.052430196000035494e+02 4.344392170294406696e+02 3.708800064178830098e+02 3.292246225039839373e+02 2.967435500527331556e+02 3.198029426055445583e+02 3.645687677984091692e+02 3.859033163724777182e+02 3.715912676701323676e+02 3.316948554267938221e+02 2.798824897270989140e+02 2.270106976817700115e+02 1.772131327269158589e+02 1.077976653697563165e+02 1.350224454970910415e+02 1.109634157186299177e+02 1.390061041426485531e+02 1.456646952479504478e+02 1.788014253819944486e+02 2.059563113136691754e+02 2.079110916921944181e+02 2.427897095269321426e+02 2.375965655219998780e+02 3.117092098970603047e+02 3.758618752261132272e+02 4.210222363108860577e+02
4.000539552278597171e+02 3.667811691183061953e+02 3.341437888729424230e+02 2.751518590460013343e+02 3.349520522841202137e+02 3.957959458153930541e+02 4.126861350867205829e+02 4.229560694894881294e+02 4.893742916632814399e+02 5.465187894078223962e+02 5.529918416162161066e+02 4.939880336646871228e+02 4.220277993266709586e+02 3.575719843409328291e+02 3.217947205641458481e+02 2.848863235540225105e+02 2.508526060815497942e+02 3.108578709912158615e+02 3.324279045118537965e+02 3.337773239492487392e+02 2.943369356499213154e+02 2.594693203283349021e+02 2.205189795887125968e+02 1.806915274728918916e+02 1.104264002281734349e+02 1.077976653630896493e+02 1.392803622844356255e+02 1.739106779141989421e+02 2.018276305053369128e+02 2.425460146648974273e+02 2.635478033986698847e+02 2.644522684885027957e+02 3.000754439132538209e+02 2.889044414444884978e+02 3.521232275487018910e+02 4.207193580425433197e+02 4.553810464025356168e+02
3.305845894386462760e+02 3.010261936619819494e+02 2.754881835491174229e+02 2.583484324643605419e+02 3.218695457368052644e+02 3.507079624689764614e+02 3.499161581504736205e+02 4.123223838533288585e+02 4.614023573314623263e+02 5.178154439613342674e+02 5.416822502199805740e+02 4.922253889044501989e+02 4.138773980532773180e+02 3.395319262963742517e+02 2.728835778176689359e+02 2.177997363843175265e+02 2.177997363776508735e+02 2.439674851713650696e+02 2.796700900898251234e+02 2.809755798855085231e+02 2.463480778917490284e+02 2.054471812237962922e+02 1.719337650999394782e+02 1.042471575855423254e+02 1.045874323952984923e+02 1.248214375041981583e+02 1.514918851826941477e+02 2.078658369194882027e+02 2.560802696748057770e+02 2.943189033293804187e+02 3.292977895921455342e+02 3.353324926542684921e+02 3.472483789226208160e+02 3.453019491949056032e+02 4.000052751422456367e+02 4.602143771530844560e+02 4.819663689527318411e+02
3.906078539590372429e+02 3.404544383645605308e+02 2.887111259684219249e+02 2.441430420666667658e+02 2.879462696915699098e+02 2.879807907692002686e+02 3.225790683814273052e+02 3.705448324805073526e+02 4.259172992865894685e+02 4.851063555214324197e+02 5.256529341480005542e+02 5.055246583300790348e+02 4.515412492546811905e+02 3.922286454124192687e+02 3.345230908316642058e+02 2.852682581804128858e+02 2.482123777494238936e+02 1.860294211720046178e+02 2.105324294513575012e+02 2.137005779782366801e+02 1.969752806948906994e+02 1.644686873520832080e+02 1.353858420076870459e+02 1.020217307586443667e+02 1.262120895623152279e+02 1.373999720109240741e+02 1.917439615653911744e+02 2.454528091242331982e+02 2.973350494804162167e+02 3.403360276477741309e+02 3.792670939985881091e+02 4.025080325418634288e+02 4.104153627836763576e+02 4.110811100765496917e+02 4.541207997230887941e+02 5.006573604210380495e+02 5.036427142378702229e+02
4.250648867546051406e+02 3.755456465310105045e+02 3.222716632357190747e+02 2.319448069962490990e+02 2.389747304183561027e+02 2.650277068016949897e+02 3.246195553151012518e+02 3.722107228399613064e+02 4.175145512229893257e+02 4.607711737449121756e+02 4.994589339852990406e+02 4.966013179644420461e+02 4.592869054083064384e+02 4.149666177996128908e+02 3.691814613334208843e+02 3.280407224927767516e+02 2.814070209016965123e+02 2.201578026727178496e+02 1.476817358233190873e+02 1.593694621341096536e+02 1.292734317426057373e+02 1.382570493361347417e+02 1.002322467294762589e+02 1.002322467361429261e+02 1.066475210138964655e+02 1.181213559872523575e+02 1.898480861911056934e+02 2.447388318287517848e+02 2.956769946064611077e+02 3.355772361093373206e+02 3.901795071493083924e+02 4.397070821771170586e+02 4.665483253310918599e+02 4.787609530180350816e+02 5.160817152640453287e+02 5.412381553051361607e+02 5.210544457499778446e+02
4.689433855420641635e+02 4.076858110416118848e+02 3.330383565284403176e+02 2.713437960609543325e+02 2.103898484939242053e+02 2.523574581198266173e+02 2.846026574015110668e+02 3.234643790888978856e+02 3.643025521684393198e+02 4.139641135247543389e+02 4.604232552492575223e+02 4.612258712983492615e+02 4.175860955215777608e+02 3.741813251327025114e+02 3.383371255693262469e+02 3.107922293538461531e+02 2.779261670442628542e+02 2.254977792791724767e+02 1.674054361836833777e+02 1.156345551917883085e+02 1.062052705563110351e+02 9.737140319820906598e+01 1.417146131987044271e+02 1.602893499459376301e+02 1.888133375319841321e+02 1.911570778752796684e+02 1.448077246841955628e+02 2.103635067421539588e+02 2.545356202824433183e+02 3.237692317463320819e+02 3.812893108879898136e+02 4.321817457457906357e+02 4.760785066741012201e+02 5.158189645134958710e+02 5.524129840470288855e+02 5.706243009276082603e+02 5.302408045709393036e+02
5.103445011996198559e+02 4.504154931638511812e+02 3.782599013948353672e+02 3.152652494711983877e+02 2.616393408821118669e+02 1.881109716483241527e+02 2.259729953638536983e+02 2.624456397790874007e+02 3.132498734468624662e+02 3.700354505472489564e+02 4.182606081002360838e+02 4.199503715538095889e+02 3.736795289193539134e+02 3.220256317146059359e+02 2.799733212278148926e+02 2.488080352977447660e+02 2.386174538814298671e+02 1.900275413708737062e+02 1.388716508233847549e+02 1.205013117730782710e+02 9.499432828523681849e+01 1.093247441743162511e+02 1.190770494963560111e+02 1.955116025057358797e+02 2.433558524170960595e+02 2.477596997829522820e+02 2.119805002221148413e+02 1.703263988341159916e+02 2.377579231031322990e+02 2.871661135841879968e+02 3.398551242852649352e+02 3.901082017198191352e+02 4.394346856501893512e+02 4.924437930741428318e+02 5.375814625574325873e+02 5.708313116635966935e+02 5.564205966837545247e+02
