output/field_example_lateral_ON/elevation_000038.asc
nrows	150
cellsize	66.66666667
xllcorner	0
ncols	150
yllcorner	0
NODATA_value	-9999
[rows 34 to 50 of 150, columns 0 to 36 of 150]
1.312177566016130325e-03 5.814039123648873186e+01 9.228282680566132967e+01 1.019242773282942522e+02 1.287324760871300100e+02 1.233968827758953211e+02 1.762233891564297323e+02 1.939517466454878729e+02 2.433369586293631528e+02 2.884676377864469714e+02 2.882584482192934274e+02 2.922716591708974079e+02 2.937138670768997031e+02 3.420311763823509068e+02 3.966478512352330199e+02 4.600238607771848365e+02 5.291614155921292877e+02 5.815786309159726670e+02 5.588961475193115120e+02 4.908361846888055879e+02 4.263149552942171567e+02 3.743708395829021356e+02 3.737390358646919140e+02 3.495660124065697687e+02 2.959574602150005944e+02 3.350060274072725974e+02 3.756169020585094813e+02 4.127945408152300502e+02 4.552375571561075276e+02 5.108724993091336728e+02 5.798751424954923550e+02 6.256418028574407799e+02 6.086009599076849099e+02 5.426439675075201876e+02 4.777167872844155454e+02 4.214852196724247051e+02 3.728559988905045088e+02
6.869099911414853783e-04 6.434001452496875118e+01 1.253074780534350481e+02 1.615623835809923889e+02 1.791876714007342741e+02 1.722320113180867054e+02 2.138534296315551160e+02 2.591791539236082258e+02 3.050158087293248173e+02 3.235049468866165512e+02 3.569198750499228368e+02 3.532978711861616148e+02 3.547180143437690845e+02 3.588704877947425302e+02 4.095935922478948328e+02 4.688838356332336161e+02 5.351134243033343409e+02 5.938094074124181816e+02 5.851110610897545712e+02 5.274496241443684994e+02 4.699315044805497337e+02 4.313513047742997628e+02 4.066269727651380208e+02 3.456882075491926116e+02 3.610517417107210463e+02 3.310300889137373588e+02 3.528947645761763852e+02 3.528947645828430382e+02 3.995996376844287283e+02 4.655311128972737720e+02 5.413841376553478995e+02 6.146616404770356894e+02 6.260138459577030972e+02 5.791624354755814466e+02 5.218129328117005343e+02 4.670184676255414047e+02 4.121811811594944288e+02
1.637417951171603239e-03 6.034872599281146677e+01 1.265401299700566540e+02 1.898618420657651598e+02 2.301286088394757599e+02 2.318053896185799658e+02 2.645887527147713740e+02 3.123792108004320198e+02 3.626082554565200553e+02 3.839635416604085094e+02 4.173893410509975297e+02 4.187214276648387568e+02 4.222015320954974413e+02 4.278439938781617684e+02 4.658256292032261285e+02 5.205808550407341500e+02 5.721625453076484291e+02 6.144568389811970519e+02 6.140484502596016227e+02 5.687316599655864593e+02 5.225331652830212761e+02 4.758144977563165412e+02 4.202279649165184310e+02 3.819428586008469324e+02 4.180986156514758818e+02 4.050621911051973143e+02 3.721842200543322292e+02 4.019928987812849641e+02 4.355552450667370294e+02 4.805945296948875125e+02 5.511865069211588661e+02 6.251910423335727955e+02 6.424783875154578254e+02 5.869392051724678367e+02 5.224593391316642510e+02 4.637259897087872105e+02 4.119908291628201482e+02
1.558306512842491318e-03 5.694317096216629892e+01 1.206605148055013785e+02 1.877567130701020517e+02 2.504309450410263480e+02 2.896270109982789336e+02 3.200465718303471476e+02 3.610599033570114784e+02 4.099714384658973358e+02 4.407282136579143526e+02 4.620762933882564880e+02 4.726658700266588653e+02 4.822023175578094651e+02 4.944684171300197022e+02 5.166087794994266460e+02 5.444564751429539911e+02 5.791715295429894468e+02 6.137696333740965429e+02 6.328213518691062518e+02 6.126008114820117498e+02 5.704480162359349151e+02 5.141959254389140597e+02 4.525073734710500162e+02 4.308248046271118028e+02 4.676109907703881845e+02 4.599290205096945101e+02 4.074419397658503499e+02 4.445466389186589140e+02 4.849702844488073197e+02 5.294925414204493563e+02 5.894917066972816428e+02 6.529332660578023706e+02 6.677014093170188289e+02 6.237322872892957548e+02 5.657330334876651250e+02 5.082583377399146798e+02 4.503385061524085700e+02
6.672405290160518185e-04 6.722708252977076882e+01 1.264149648513255784e+02 1.819913735369399319e+02 2.385207398465156814e+02 2.932395468838292913e+02 3.470588522219824199e+02 3.964682680427342802e+02 4.301709337391321242e+02 4.443910149166616179e+02 4.530726465390250723e+02 4.611745244925965039e+02 4.814666913693927768e+02 5.023100997120114926e+02 5.061848186852880644e+02 4.945312026337490465e+02 5.240129032259915220e+02 5.719218839994344989e+02 6.101186756697798046e+02 6.296370605499412250e+02 6.081546461461823583e+02 5.579552674039694011e+02 5.089123774200127741e+02 4.918846433567271674e+02 5.042877609274550537e+02 5.036975424463208810e+02 4.494850154128661188e+02 4.870022874599429201e+02 5.321701949667257168e+02 5.840990987178018941e+02 6.359630489894393577e+02 6.867240935157815329e+02 6.898566833747961482e+02 6.354395221503043558e+02 5.699437283837519317e+02 5.074480452257964771e+02 4.500615819950475611e+02
1.127180932385616176e-03 3.696884638138422474e+01 8.123185704139200425e+01 1.324668329162459486e+02 1.910896571252296212e+02 2.562305427159452051e+02 3.249988385475081714e+02 3.790606721672485833e+02 3.941986944076670056e+02 3.886283759060361263e+02 3.902159992941942050e+02 3.920094663833160666e+02 4.253090094174748401e+02 4.578144333744659775e+02 4.541489150504907570e+02 4.158263684042354953e+02 4.574808936231930261e+02 5.056905795346993386e+02 5.590106913528500172e+02 6.081342237554440544e+02 6.294697072500217701e+02 6.113056735836833013e+02 5.742467600031792472e+02 5.578627033997640865e+02 5.608827922707394009e+02 5.540628376590373136e+02 5.008589959286699127e+02 5.399739403167562841e+02 5.823317785310597401e+02 6.356144607559251654e+02 6.910920149363668088e+02 7.208070975514328893e+02 7.039305920756999058e+02 6.502337029168742220e+02 5.859222779577501115e+02 5.245654613302166354e+02 4.741450180929334692e+02
1.234101793580908053e-03 4.098490440093614495e+01 8.828637508352635166e+01 1.420539147567899363e+02 2.016092760664195680e+02 2.602178552280051917e+02 3.131257947676616595e+02 3.321104623427042952e+02 3.285350811388623242e+02 3.206181849682524785e+02 3.220322865039982503e+02 3.221208653115464813e+02 3.733978004730440148e+02 3.934904865730312622e+02 3.947630304329953219e+02 3.485909077357012507e+02 3.915677906135560988e+02 4.426270853295185930e+02 5.028700168028755684e+02 5.678456937258052903e+02 6.163585675851340966e+02 6.436170644233376379e+02 6.399518973333221084e+02 6.269371399021830484e+02 6.251802522533880619e+02 6.120707833279972192e+02 5.640755102032435389e+02 6.049186853765853584e+02 6.447894853476806247e+02 6.877819693761838380e+02 7.338263201566579710e+02 7.417062222952901038e+02 6.907582829132492179e+02 6.257465315113998940e+02 5.819807509407241923e+02 5.192077982054041740e+02 4.561842577866675583e+02
8.963495960879561825e-04 6.227641123022213776e+01 1.261463770623418696e+02 1.757972221657608713e+02 2.176977883633449551e+02 2.449357614921587185e+02 2.659839624290145252e+02 2.632195463647956331e+02 2.615635596741909694e+02 2.577944334048573864e+02 2.618874581126680710e+02 2.639323736680673278e+02 3.178861768525465550e+02 3.300502425534817235e+02 3.360289595350615741e+02 2.943357169789373984e+02 3.372714195626525679e+02 3.887655836873482826e+02 4.500412482479059122e+02 5.127560037253774681e+02 5.807725200125456695e+02 6.303186546202799718e+02 6.643566373511653183e+02 6.819060718406018395e+02 6.875142121110092148e+02 6.725629483748971325e+02 6.373788987022234096e+02 6.755273634083272327e+02 7.093941928179666547e+02 7.428659318775071370e+02 7.681579683704663921e+02 7.503996934914528083e+02 6.826132774911746992e+02 6.053214296094752171e+02 5.442987749816985570e+02 4.988735536517020819e+02 5.152057797631010772e+02
9.729900227239582063e-04 6.433149005877173465e+01 1.247556851138620004e+02 1.608908482288130699e+02 1.805069287138171319e+02 1.837314780862427028e+02 1.993999615844226128e+02 1.942783867191537297e+02 2.029774121987111073e+02 2.031934312090088497e+02 2.101537919214977421e+02 2.142942845625688619e+02 2.638469759704015019e+02 2.720306000754758315e+02 2.708964751199208649e+02 2.511877253263128296e+02 2.926449134559089202e+02 3.427830889808458323e+02 4.003234133650523745e+02 4.648273071362876863e+02 5.314418136711940406e+02 5.837959335826551523e+02 6.386227426635189204e+02 6.809760382078703742e+02 7.136091562141212989e+02 7.175100165340813874e+02 7.052468214152947894e+02 7.177468548714848566e+02 7.344899865841316569e+02 7.597486496876130104e+02 7.817198161554699709e+02 7.643192054168491723e+02 7.011574922224185684e+02 6.446099992521352533e+02 5.870106148539858850e+02 5.370674712369525423e+02 5.787909347777426774e+02
1.347422396015889381e-03 5.697875902763409783e+01 8.917940722417137067e+01 1.020815684486005921e+02 1.136026645490368168e+02 1.146483488148469831e+02 1.399887444260069742e+02 1.311144165747888337e+02 1.598817173156607794e+02 1.552698360862159745e+02 1.648869779551114618e+02 1.717594942021925135e+02 1.997558192974145186e+02 2.264337297416952879e+02 2.076639181138491494e+02 2.667213045302538035e+02 3.254380678158976252e+02 3.724027225739469600e+02 4.168403079594871770e+02 4.527696682503056991e+02 4.825331780636003032e+02 5.325298543223389061e+02 5.845578958166510120e+02 6.393679068368646767e+02 6.955280634019345598e+02 7.132092639688465852e+02 7.001209639369328670e+02 6.917064270595463995e+02 6.819878483720184477e+02 7.151082153176625980e+02 7.591778348935908980e+02 7.735984809999002891e+02 7.428247076851394013e+02 6.888053522336052765e+02 6.362636849849304781e+02 5.833733421659651412e+02 6.313673247620511120e+02
1.603401931318566929e-03 1.071682543028972390e+01 2.296735565221930386e+01 3.580413046303426938e+01 4.812405755426906495e+01 5.963676467257078428e+01 7.261895027887939591e+01 8.376775627029016391e+01 9.761810818798943501e+01 1.103339189194805954e+02 1.241171868673755938e+02 1.375087799531693236e+02 1.511707062323918080e+02 1.669661232857487505e+02 1.884593484401243586e+02 2.573724758752949242e+02 3.069435035058401127e+02 3.371241328628219094e+02 3.745382619794352195e+02 3.897181887066161039e+02 4.312849686631435588e+02 4.783808568975385356e+02 5.337155930448708432e+02 6.015451416392406827e+02 6.639333587690415470e+02 6.716531263132624190e+02 6.370078140258390249e+02 6.227638808076991381e+02 6.143301008812479722e+02 6.635071871975636668e+02 7.222150247891817116e+02 7.606036142498362551e+02 7.672112418699477985e+02 7.382369012821756087e+02 6.879310435113336553e+02 6.396445990577277598e+02 6.825510102548973919e+02
1.121501537397125940e-03 5.552297972576730700e+01 8.265888175622248468e+01 1.071365018906821263e+02 1.066452764092898633e+02 1.052744071675407298e+02 1.321045843450676784e+02 1.187019378102367284e+02 1.592148986588101991e+02 1.630085426415907648e+02 1.928463460550338766e+02 1.985713460501681027e+02 1.882608189071649747e+02 1.996157427661456438e+02 2.113079173237833288e+02 2.218172964280744281e+02 2.487303536907081707e+02 2.771162656415764332e+02 3.079903594606232673e+02 3.434663338175653848e+02 3.852809497728136989e+02 4.357060305258112294e+02 4.981497168132714819e+02 5.716866031162583113e+02 6.337881618680991096e+02 6.289943918912766776e+02 5.724829807372429968e+02 5.513182471976783745e+02 5.556702075263639244e+02 6.166509257178256576e+02 6.717658155974301053e+02 7.289775704137443881e+02 7.662395988134089748e+02 7.723746261415109302e+02 7.482740543969613327e+02 7.098417674996032929e+02 7.346170669629224221e+02
1.136200419436412005e-03 6.313985421791639396e+01 1.225253462376115010e+02 1.618800254757859705e+02 1.687431421730999830e+02 1.665278582485292986e+02 1.730523054752722487e+02 1.598927182026958178e+02 2.022906129198686926e+02 2.343677278809486495e+02 2.411985170606406825e+02 2.574021735587921853e+02 2.312521062839905994e+02 2.379999318630532343e+02 2.498935075089031841e+02 2.775999143303023970e+02 3.185109932062558187e+02 3.401920079900381211e+02 3.484041476982622498e+02 4.010180592772475165e+02 4.459230825840600119e+02 4.917196250339544576e+02 5.472605881090479443e+02 5.921705229154456447e+02 6.133563282702057222e+02 5.888379611582599864e+02 5.355051752444308022e+02 4.829699413052613295e+02 5.221993839182561032e+02 5.695958593618336181e+02 6.255291402044059623e+02 6.817486620076191457e+02 7.418100702986489523e+02 7.822969056321365997e+02 7.933235618199632881e+02 7.805549906112049712e+02 7.989767241238231463e+02
1.376512887513758974e-03 5.896513879537728542e+01 1.232139332503706015e+02 1.855031486865814259e+02 2.231524909553627936e+02 2.291834421121320418e+02 2.286826429017575038e+02 2.189305671589249869e+02 2.327724074803398366e+02 2.900344514759320873e+02 2.976661302079059510e+02 2.998023900789809204e+02 2.865593048410714800e+02 2.863755283960785505e+02 3.165411523292469838e+02 3.175491786318261234e+02 3.650444294150378823e+02 4.057847235653889584e+02 4.086248368945643961e+02 4.566034987848527749e+02 5.094531199127832224e+02 5.471317168336610166e+02 5.747688832396507905e+02 5.860216968112284803e+02 5.752964864271917804e+02 5.330633500182864282e+02 4.911795932006145335e+02 4.408621200388395778e+02 4.813366923226250265e+02 5.276633960053371766e+02 5.783147538649312764e+02 6.393822921495528817e+02 7.011312082502170142e+02 7.645531229401256041e+02 8.070545898277052856e+02 8.241051943031477549e+02 8.180851501904780889e+02
1.345312189980027570e-03 5.280149465634455908e+01 1.128246311784800042e+02 1.788821766611700923e+02 2.427968399189954312e+02 2.824401566015943104e+02 2.890162991647261492e+02 2.823086601561844873e+02 2.888113580299811929e+02 3.403406509241551134e+02 3.584021688552853107e+02 3.560694279657244579e+02 3.479075178540671800e+02 3.496512343507984610e+02 3.677344022212529921e+02 3.795006361507319070e+02 4.034128941354374547e+02 4.605474605991340695e+02 4.761425462523073406e+02 5.198150280098070652e+02 5.534033242670014943e+02 5.702127648231185049e+02 5.574932378343569326e+02 5.331840710785195370e+02 5.239371635394682016e+02 4.782240744737731575e+02 4.333385292705465304e+02 4.070820728130272528e+02 4.435570680232754626e+02 4.873031820225716615e+02 5.396718693152173500e+02 5.992183134938269404e+02 6.667853157163057176e+02 7.291884268324647564e+02 7.869953814960462068e+02 8.092067128236903955e+02 7.837660338427158422e+02
1.338399390528466652e-03 4.775191669679083617e+01 1.024319229082570359e+02 1.650141087993370377e+02 2.337517068077886222e+02 3.000555241066970211e+02 3.413579030979913114e+02 3.475803105805803739e+02 3.558611180350421250e+02 3.899136674615380116e+02 4.212005440540867198e+02 4.184935757696884480e+02 4.137010987724607958e+02 4.166791935851749713e+02 4.311090779504448278e+02 4.458167275189363181e+02 4.662960075523944852e+02 5.115623762439820439e+02 5.415031601885904138e+02 5.615200196202292773e+02 5.676251299465204738e+02 5.460603442604136717e+02 5.032566390087470154e+02 4.640577859917798946e+02 4.589515491419741693e+02 4.352650514460440263e+02 3.711063391975357604e+02 4.297019281909533106e+02 4.815991633213627665e+02 5.253289458595838823e+02 5.670248438048483877e+02 6.035580775452069702e+02 6.370420847525708723e+02 6.964136845396442368e+02 7.582159787688030974e+02 7.740325193485158479e+02 7.277128410192372030e+02
9.567392915362995121e-04 4.581600372446687430e+01 9.804160586603475736e+01 1.575283756933410757e+02 2.231782791066685547e+02 2.929773778180264117e+02 3.584323179077388772e+02 3.997220523200464299e+02 4.215865107849847391e+02 4.449871622582948589e+02 4.656904574870588931e+02 4.704446004523470606e+02 4.676017669781845711e+02 4.715099534547969142e+02 4.858340547538510350e+02 5.031531678521402000e+02 5.221352613721418265e+02 5.455923983173859142e+02 5.658343704267863359e+02 5.586964838737260379e+02 5.368963000067125222e+02 4.969637466408011051e+02 4.508314932301072417e+02 4.012409677833577462e+02 3.964898647080513570e+02 3.826818344663100220e+02 3.437499495941375471e+02 4.039067969087766414e+02 4.614020671314193009e+02 5.037193581737429326e+02 5.379861909163274731e+02 5.493972195509635412e+02 6.011722426962408008e+02 6.666693253231718472e+02 7.346325820373317583e+02 7.413298882781035672e+02 6.823839285328895130e+02
