output/field_example_lateral_ON/elevation_000098.asc
nrows	150
cellsize	66.66666667
xllcorner	0
ncols	150
yllcorner	0
NODATA_value	-9999
[rows 0 to 16 of 150, columns 74 to 110 of 150]
6.042331272547781964e+02 6.002047208119060997e+02 6.060479017284365000e+02 6.163943467259286990e+02 6.332086461180044807e+02 6.634944465454382225e+02 7.039406086466523220e+02 7.425745549316624192e+02 7.479291152525901225e+02 7.157106751027738483e+02 6.798746077690335596e+02 6.524226871742297362e+02 6.408076500045399371e+02 6.521951404960567515e+02 6.668208402835933839e+02 6.948949127188473085e+02 7.319360501793029243e+02 7.665541259843043917e+02 7.679433707828502520e+02 7.419047662299980175e+02 7.224427920974829931e+02 7.360146160244224802e+02 7.505784186813355063e+02 7.787502258446547785e+02 8.151267415497937918e+02 8.446428853285250398e+02 8.341886107411929743e+02 8.095940054507793775e+02 7.984358767333471860e+02 8.034816234883958259e+02 8.132246334795826215e+02 8.289918440920613421e+02 8.554755246349503750e+02 8.808687645356448002e+02 8.699728296996253221e+02 8.397463631470745895e+02 8.180328552933866604e+02
5.592802384650628937e+02 5.551165625120256664e+02 5.635600322283042942e+02 5.735818706630880115e+02 5.884352378158233705e+02 6.260345477947313384e+02 6.733100093370746890e+02 7.225446188817541042e+02 7.272944473819959512e+02 6.834286067123898647e+02 6.417506606170057921e+02 6.066499089740085537e+02 5.931109060221216396e+02 6.099841875659698189e+02 6.215832348822395943e+02 6.564282324045578889e+02 7.000445117134465818e+02 7.453557137288365766e+02 7.432132218837017490e+02 7.033831689493678141e+02 6.715917838025471838e+02 6.973165600240780577e+02 7.053583447447962271e+02 7.411819717662374387e+02 7.852047600441388795e+02 8.231657626943923560e+02 8.048966885488414391e+02 7.633559516597454149e+02 7.513144231587464219e+02 7.596113011712542402e+02 7.690013574020316582e+02 7.834698607126895240e+02 8.196600722050759487e+02 8.565051286863022142e+02 8.418006014151723093e+02 7.982932296564375747e+02 7.665125240615625444e+02
4.957721944560734642e+02 4.914080958486394479e+02 5.053163879152474465e+02 5.135492164828577870e+02 5.305393417505423486e+02 5.794371328393270915e+02 6.366233492392743756e+02 6.917984876553251752e+02 6.960529647857131295e+02 6.446788268455353546e+02 5.889800607476435061e+02 5.510591810399162114e+02 5.226888530296062072e+02 5.614206805852641082e+02 5.628020307449961592e+02 6.052516732714069576e+02 6.628627000901897190e+02 7.131094854316146439e+02 7.049680276416229390e+02 6.541364383119187096e+02 6.080107601207027983e+02 6.308455022157578469e+02 6.445365308618964946e+02 6.946029268864522237e+02 7.511611993235243290e+02 7.879377210811976511e+02 7.610775855389191520e+02 7.008288745112345168e+02 6.818822465996643132e+02 6.974351302809017170e+02 7.056150074907537828e+02 7.236137588401429639e+02 7.787361841166496106e+02 8.161457682128550459e+02 7.943706244121021882e+02 7.431270483209361828e+02 6.976226452196399350e+02
4.357551294762985776e+02 4.321066400776486489e+02 4.579608742149110299e+02 4.568909245144681108e+02 4.943982800416690679e+02 5.403026049167397105e+02 6.030222868797611682e+02 6.605668021802963494e+02 6.650224017657872082e+02 6.105552866488723112e+02 5.482982475856530300e+02 4.957252582354153105e+02 4.701484591072492663e+02 5.082402907501793266e+02 5.116381907936719244e+02 5.692736670369888543e+02 6.292437364945001264e+02 6.827461025464099293e+02 6.667562917061586631e+02 6.079592733633276112e+02 5.521880076626973732e+02 5.661494688302204850e+02 6.053595452400775230e+02 6.594909848786697921e+02 7.280023665402280812e+02 7.514130973725447120e+02 7.105360123920153228e+02 6.592096327575844725e+02 6.113691107123119082e+02 6.516659776222747951e+02 6.443285910996040684e+02 6.860798525411739774e+02 7.497428340971382568e+02 7.684447309684676384e+02 7.331703400782562312e+02 6.871849355843497733e+02 6.372551962282711884e+02
3.947806719454723634e+02 3.872048500705716378e+02 3.983290867123880048e+02 4.215258591639010319e+02 4.669910449985798095e+02 5.349911653729234331e+02 5.949771290148696608e+02 6.234971648520129293e+02 6.289130398771449109e+02 6.028505041804503435e+02 5.517316112150093659e+02 4.941350517323072040e+02 4.310104002081130830e+02 4.469777161952065399e+02 4.870441090379515572e+02 5.432570713816903663e+02 6.173457754235466837e+02 6.573893805770649124e+02 6.305091327670714918e+02 5.685758196222363949e+02 5.054332075638603214e+02 5.261988741437176031e+02 5.748598995835122878e+02 6.436915319150417645e+02 7.066096637993584864e+02 7.181334610548682349e+02 6.701116789504818598e+02 6.114797571888584571e+02 5.611817800687991848e+02 6.012770195279715608e+02 5.993768422419572062e+02 6.676808828382343108e+02 7.226649255424146077e+02 7.209346986751055510e+02 6.748973057215783911e+02 6.288530675832507768e+02 5.872398583480069192e+02
4.071224835389152759e+02 3.473331393474570632e+02 3.705562476912081706e+02 4.318106238762808857e+02 4.934299363103986025e+02 5.420673675370403544e+02 5.649675256170667126e+02 5.586499714327645734e+02 5.678401013733856644e+02 5.668875637410204718e+02 5.178477317675674385e+02 4.619003797072091970e+02 4.009788600349041303e+02 4.527102799650925817e+02 4.932985876931784901e+02 5.510033687351137814e+02 6.089776644447812259e+02 6.279372310666332169e+02 5.883314292921540982e+02 5.332854875911918953e+02 4.713870050317000846e+02 5.171941040383720747e+02 5.736818367390234243e+02 6.345655997071498859e+02 6.849599987977119326e+02 6.848071805842835147e+02 6.352785095012718557e+02 5.738258531156479876e+02 5.190169183467992298e+02 5.381209697605609108e+02 6.008268216342310097e+02 6.609807407043321064e+02 6.893623727691117438e+02 6.734589691316248263e+02 6.203830242292654020e+02 5.681835013751094721e+02 5.532076273890348830e+02
3.791838454434574714e+02 3.216149253321266315e+02 3.741642605646424613e+02 4.322823494330635299e+02 4.871015001028201823e+02 5.132247756178787768e+02 5.058060554855130704e+02 4.846908973245997458e+02 5.036393142954148630e+02 5.236172127656520843e+02 4.843908796907840610e+02 4.303503528370144409e+02 3.770920652187559767e+02 4.218751629696778878e+02 4.842166604835911130e+02 5.466176685127879864e+02 5.862978214977262041e+02 5.921120413365014201e+02 5.540753472810856692e+02 4.977484789864384425e+02 4.429987002861188898e+02 5.123643302617389281e+02 5.717067940698477742e+02 6.202275086885683777e+02 6.437439899436228643e+02 6.411885783570709236e+02 6.018652016035251791e+02 5.421506162961002246e+02 4.835622020008037225e+02 5.405533087713570239e+02 5.869913210670421222e+02 6.268694858013790281e+02 6.339079444850177651e+02 6.205451545571377210e+02 5.733676771977094404e+02 5.157699306278461790e+02 5.706933877261284351e+02
3.692838090391533683e+02 2.980971334906161587e+02 3.647750633501116795e+02 4.243104984189629363e+02 4.549685582327817315e+02 4.578726140431735416e+02 4.537326056601452819e+02 4.110500502246213159e+02 4.583850238060139191e+02 4.747269076183293350e+02 4.504522958303345490e+02 4.045302427008602422e+02 3.557289757791481293e+02 4.153546233739144213e+02 4.778009126894339147e+02 5.240889737886525381e+02 5.347608449471637186e+02 5.386077721630434780e+02 5.250182626401917787e+02 4.676643845396657753e+02 4.155930210257196222e+02 4.796680734671440973e+02 5.355813434233076578e+02 5.765468612813899654e+02 5.791796439180222933e+02 5.794378078517486301e+02 5.701089781693688110e+02 5.138645913615617928e+02 4.554620536995139446e+02 4.891974726035868457e+02 5.288907227282277290e+02 5.740544784856707565e+02 5.740363365257585428e+02 5.622272236885082748e+02 5.193700799410646596e+02 4.893060434036369770e+02 5.607183188850431179e+02
3.362686947134290563e+02 2.715806937420954341e+02 3.482531683871274026e+02 3.912939395211413967e+02 3.945550422693673340e+02 3.938733009552973385e+02 3.984656367275170510e+02 3.542363820328737916e+02 4.052831210738124241e+02 4.136719420913707381e+02 4.131258063347001439e+02 3.782671447149308506e+02 3.345064270712082362e+02 4.005858675681274690e+02 4.483221933590722301e+02 4.812597849896561115e+02 4.753414156223369673e+02 4.816672251222242380e+02 4.837517885729635623e+02 4.503608373948551389e+02 3.899761295111576942e+02 4.463084274088299708e+02 5.046939516620552126e+02 5.167292924307007524e+02 5.115430889481443160e+02 5.152768752266107413e+02 5.269763476872284400e+02 4.838658145328401474e+02 4.492815039821679193e+02 4.201521048439350352e+02 4.679132593354026994e+02 5.172493090867125147e+02 5.183877022523564619e+02 5.066776480323697456e+02 4.529052863168201384e+02 5.135938032107949311e+02 5.668689167827903930e+02
3.005156161388673013e+02 2.436859421939633989e+02 3.081091155937103849e+02 3.271355741927345662e+02 3.213497979402620217e+02 3.228849018795694406e+02 3.362907198557607558e+02 3.067922242517819882e+02 3.544007124118172669e+02 3.541936773753151897e+02 3.590934542275632566e+02 3.454469559150005580e+02 3.131454272107017118e+02 3.682887087455910091e+02 4.194295391204251473e+02 4.248173520031290877e+02 4.138670169214541374e+02 4.260737442439996130e+02 4.235656774671606968e+02 4.033618231479425162e+02 3.655438354173334687e+02 4.320050299177612487e+02 4.632100373644453271e+02 4.565713863007708824e+02 4.473743088010859310e+02 4.544317384347926918e+02 4.784572743199913702e+02 4.444835624630779307e+02 3.832591742115063767e+02 4.213498111369304979e+02 3.969954319473215492e+02 4.728505990346870362e+02 4.822737466574554901e+02 4.444295483468620205e+02 4.276698520184284575e+02 4.966866932827486494e+02 5.343093368516249484e+02
2.478643962684233202e+02 2.207742369559114763e+02 2.427134581093315546e+02 2.585077000340402833e+02 2.502092087182983846e+02 2.505532174178290461e+02 2.542662767153811103e+02 2.770010867478477508e+02 3.066270358293482445e+02 3.076818516226144311e+02 3.145930750940921143e+02 2.831830694208570094e+02 3.294277384151073420e+02 3.569466274771156691e+02 3.778896052642048744e+02 3.677941646099270088e+02 3.501863602587422406e+02 3.841555449023672963e+02 3.690748030369356911e+02 3.311181772050226186e+02 3.735053316032991120e+02 4.019421650083194208e+02 4.045618969111382057e+02 4.010481082152202816e+02 3.886405746638188248e+02 4.002726836291161021e+02 4.312928188518935144e+02 4.161843508684679591e+02 3.600343758980400253e+02 3.969954319406548962e+02 4.323376310049641233e+02 4.500064215541497674e+02 4.342485311300808348e+02 3.957660693576219160e+02 4.450630926175734317e+02 4.748962955456006512e+02 4.788766284585651078e+02
2.043616864393737842e+02 2.077003045612382550e+02 2.111647687801803386e+02 2.158852903896793975e+02 2.204702714723475481e+02 2.245993683225272548e+02 2.284478023188407576e+02 2.328827715009744281e+02 2.627900816097229608e+02 2.789242201651142636e+02 2.832267769729994029e+02 2.644486237322889224e+02 2.871252927289193053e+02 2.816209176086010189e+02 3.228435737805265831e+02 3.169089669565903478e+02 3.019285651664495163e+02 3.308952848735861494e+02 2.972442252520924058e+02 3.287875736520562668e+02 3.245844234472753556e+02 3.489008129218129284e+02 3.478254504955045832e+02 3.581378432947498140e+02 3.378503899367537997e+02 3.637456171895028660e+02 3.769050550159629438e+02 3.770265381451965823e+02 3.409810636756866415e+02 3.764547042316705188e+02 3.977292145629851916e+02 4.007422278628459367e+02 3.645611717935994989e+02 3.981320063388799326e+02 4.170186542142262738e+02 4.215462036297944337e+02 4.212334200843236545e+02
2.491372207795177474e+02 2.410541303349066027e+02 2.202231290995163135e+02 2.777541216953509320e+02 2.825184337164029102e+02 2.709296985904857706e+02 2.697537955185196097e+02 2.784831034401573220e+02 2.384078880839169869e+02 2.427506487027335709e+02 2.471381135163013312e+02 2.510123696327413256e+02 2.548274202213767126e+02 2.587937590308866334e+02 2.633119394344202533e+02 2.683862040283784722e+02 2.724072998670303605e+02 2.724072998736970135e+02 2.758419541752313080e+02 2.807291924884306127e+02 2.854964077915756206e+02 2.905710088090199861e+02 2.953764328792056517e+02 3.002401895319887899e+02 3.047935945961691573e+02 3.092174338282325721e+02 3.142038119796012552e+02 3.194300458617574350e+02 3.238129375431997232e+02 3.289118270798887806e+02 3.335536524463162777e+02 3.392289791071248146e+02 3.441815625287542275e+02 3.497328393691164479e+02 3.555892979118542030e+02 3.609288380186313248e+02 3.666651825723624256e+02
2.894625181441913355e+02 2.799357305130338318e+02 2.941959498479952231e+02 3.317375303999406810e+02 3.418684026187371501e+02 3.350833250866081130e+02 3.322160318158026939e+02 3.105415752839996344e+02 2.595846108257123888e+02 3.168330076646125804e+02 3.219601899609454563e+02 3.131313753585428685e+02 2.867888270744867896e+02 3.092552505008483195e+02 2.663107508871715368e+02 3.353192662239467268e+02 3.196549415503189380e+02 3.243198652650974054e+02 2.845036094225874308e+02 3.350313171828746022e+02 3.422220826663216826e+02 3.444936808211064658e+02 3.407508428226842625e+02 3.445216594866889750e+02 3.576156602921442413e+02 3.342026235776173735e+02 3.594956542147801883e+02 3.833077520422800148e+02 3.819196052071123404e+02 3.855834884862455851e+02 3.478627896318151329e+02 3.948491074938471002e+02 4.060978730865828084e+02 4.043790795981119572e+02 4.139104294326574518e+02 3.978268238247786144e+02 4.287011144614301088e+02
3.369275645060140505e+02 3.379441349439886721e+02 3.494500884054075414e+02 3.685006758954916677e+02 4.000017152231658315e+02 3.962898241756686843e+02 3.638182827230747876e+02 2.909106944999440998e+02 3.270271470931762678e+02 3.722873857740727885e+02 3.884590876400256434e+02 3.531981868133365765e+02 3.350641566143951877e+02 3.776387968969021927e+02 3.876466814710428821e+02 3.971809613888488570e+02 3.703001260643808337e+02 3.575732610463392120e+02 3.015891412667739360e+02 3.676018094176544651e+02 3.973683718492860066e+02 3.961906953365547110e+02 3.910879186568890304e+02 3.975048991353917813e+02 3.789646897378478911e+02 4.141908610096608072e+02 4.181656428700557058e+02 4.330556610952588130e+02 4.382207772981321341e+02 4.214403133072383980e+02 3.634695204360546654e+02 4.236176512266082455e+02 4.649082082488325227e+02 4.646059201728992889e+02 4.757165535488371688e+02 4.423047437101788546e+02 4.856988487195255857e+02
3.978851408130294089e+02 4.030418754619266224e+02 4.074556823388857083e+02 4.225384630948452696e+02 4.443477711901344378e+02 4.258333122348372513e+02 3.792589781539965657e+02 3.146778356000433519e+02 3.710389419452656625e+02 4.183667595812560762e+02 4.415854881290259755e+02 4.105597210414347273e+02 3.951951240883351488e+02 4.447675858081105389e+02 4.533203923830033659e+02 4.516074621353916427e+02 4.155522143333931240e+02 3.811823069578952072e+02 3.217126111504922505e+02 3.799164326020044768e+02 4.392326979361379244e+02 4.516026174997787166e+02 4.474468823797799359e+02 4.585629170998100790e+02 4.200783465672003558e+02 4.726473226343159695e+02 4.864187593300289336e+02 4.946523939751474472e+02 4.908496647417472332e+02 4.399654236217356811e+02 3.803019714667574362e+02 4.542557443315242836e+02 5.086047487863456809e+02 5.249745866744874547e+02 5.321915805887637134e+02 4.947283074535350806e+02 5.404121717696202722e+02
4.352948795435611942e+02 4.659455809416516558e+02 4.716989891953579104e+02 4.797368027955489538e+02 4.754526083798617719e+02 4.174828215427888836e+02 3.482856915039568548e+02 3.822592488210553938e+02 4.146763295520219117e+02 4.602922873228498588e+02 4.946408285931428850e+02 4.754066108500860537e+02 4.615655733114153918e+02 5.085988519632769567e+02 5.180769096220064966e+02 4.951590114098258937e+02 4.411792163652891645e+02 3.489326408461860183e+02 3.597023833769931684e+02 4.098618674038089011e+02 4.712067829081290711e+02 5.120107518287238690e+02 5.089110447259684520e+02 5.138253461148442511e+02 4.684122730302966602e+02 5.167530757024655941e+02 5.539194201107256958e+02 5.565853049833608566e+02 5.240957823511496372e+02 4.726629573454553110e+02 3.987507019755781243e+02 4.670312030866391524e+02 5.358226317458468202e+02 5.800320197295320668e+02 5.880585408078985665e+02 5.557713118092462992e+02 5.960834224742943661e+02
