output/field_example_lateral_ON/elevation_000024.asc
nrows	150
cellsize	66.66666667
xllcorner	0
ncols	150
yllcorner	0
NODATA_value	-9999
[rows 102 to 118 of 150, columns 37 to 73 of 150]
3.353290123974763333e+02 3.926953167542254732e+02 4.352146989071211465e+02 4.585329545117747330e+02 4.688625366165993569e+02 4.669400545416024784e+02 4.216872672147052867e+02 3.670649936338029988e+02 3.122847042583196639e+02 3.154754212539845639e+02 3.869186076105223719e+02 4.005915081627630343e+02 3.599211158099453769e+02 4.238483907635485366e+02 4.442371573486645957e+02 3.995887417388846075e+02 3.415084573303883531e+02 4.046266008016896762e+02 4.637854976633166757e+02 4.738641595517872815e+02 4.423501427058797617e+02 3.967533304942074324e+02 4.622109013808255895e+02 5.159974349459267842e+02 5.067730907776032723e+02 4.628786343737466495e+02 4.124298975520786712e+02 4.645895754434260425e+02 5.250547190053119948e+02 5.704896828249368355e+02 5.567793251064515516e+02 5.066792859879137723e+02 4.567294669416918396e+02 4.108719182272319586e+02 4.410361075333009353e+02 4.919901917604137793e+02 5.611981452762487379e+02
2.924668892124611830e+02 3.490952672372806092e+02 4.093891047088669097e+02 4.594103365429725727e+02 5.004901168071744451e+02 5.113719658167773332e+02 4.798147402675928674e+02 4.225302605811758667e+02 3.711835275460217076e+02 3.531402097328640934e+02 4.155008885100082239e+02 4.192583415788531624e+02 4.102293106994164305e+02 4.669156548178219737e+02 4.838669929873211117e+02 4.429698185415227272e+02 3.840786766856303416e+02 4.458021493616984685e+02 5.058545794964919082e+02 5.189627553639398911e+02 4.640030955570052811e+02 4.457940983722438091e+02 5.046933156898306265e+02 5.597197944397697711e+02 5.598601728948617620e+02 5.124750921367989349e+02 4.587955952001427136e+02 5.034994174875787394e+02 5.618524750351650709e+02 6.097485590538532279e+02 5.974648219390251143e+02 5.436122396575728999e+02 4.878538229282683574e+02 4.403538166462482764e+02 4.776092907490397010e+02 5.240151915091513501e+02 5.816289782984309795e+02
2.499478572916837322e+02 2.981871188911378567e+02 3.574761365338035830e+02 4.231527635445434612e+02 4.904872090822980226e+02 5.386449408592885675e+02 5.274878350279758479e+02 4.817842456285549133e+02 4.402252906692839360e+02 3.974052442590433429e+02 4.559911957217414056e+02 4.616628169206899202e+02 4.631952108159467230e+02 5.111933962822576518e+02 5.201847869562132018e+02 4.606022892153717976e+02 4.376079585537810317e+02 4.926523244820911600e+02 5.496615886171084639e+02 5.594168451154323520e+02 5.153385532126310409e+02 5.019538166132344941e+02 5.551899731034079650e+02 6.073077141341748302e+02 6.110821358964981300e+02 5.661872460922177197e+02 5.219901666913979170e+02 5.436560874755097075e+02 6.029777514410289996e+02 6.502836218793981971e+02 6.381696120983821174e+02 5.818957176207047723e+02 5.240520347418882920e+02 4.761985153393198971e+02 5.175576431899082763e+02 5.640419969996419240e+02 6.221625398637029321e+02
3.020282933969184000e+02 2.911562231090066462e+02 3.630298812800460837e+02 4.261168893360156744e+02 4.868040687340297836e+02 5.431964642850355176e+02 5.654629037219642669e+02 5.459906557831076270e+02 5.005667768804012780e+02 4.497227847046983129e+02 5.050048846682703925e+02 5.118873716314999456e+02 5.269952950475193347e+02 5.516374635837555616e+02 5.636755250034150322e+02 5.182030406982257773e+02 5.007616257053940103e+02 5.478652078196562343e+02 5.984668257389336077e+02 6.003886483570299788e+02 5.811490944137964334e+02 5.690792001902136690e+02 6.131140621138046072e+02 6.578700514704379430e+02 6.631666141165258068e+02 6.278319214111240854e+02 5.985355133628800104e+02 6.134243150652174563e+02 6.523334914022472049e+02 6.930612815514956537e+02 6.808586715300100423e+02 6.270168063742728464e+02 5.733155428842435413e+02 5.221383160136954302e+02 5.634869958661971623e+02 6.147657459623782188e+02 6.674242573862234167e+02
3.448046305449362876e+02 3.506079031318268449e+02 3.318895412696557514e+02 3.763534792705630707e+02 4.498682305523204832e+02 5.276288499633383253e+02 5.801561379963172840e+02 5.929333277044579518e+02 5.646481942486578873e+02 5.103493935813527855e+02 5.623118703634397662e+02 5.712310911077221363e+02 5.970945329968228634e+02 6.170312202878238850e+02 6.226678552325101919e+02 5.881296769046058444e+02 5.780620974551462723e+02 6.122743402269868511e+02 6.558774847475770002e+02 6.640793281738092446e+02 6.539594823360175724e+02 6.451013154105927470e+02 6.798118924290190535e+02 7.037201424207764830e+02 7.071639468533631998e+02 6.900194337463498186e+02 6.769610090042144748e+02 6.870048178079555328e+02 7.092090144280949744e+02 7.321190750434287793e+02 7.235931951278806764e+02 6.851409661051114881e+02 6.301333858214990187e+02 5.829584188946115546e+02 6.246461369921146343e+02 6.685596928103410619e+02 7.202720916720053310e+02
3.881151949167557973e+02 4.076857644310544515e+02 3.673902743738769345e+02 4.086485836281436832e+02 4.440126541283622146e+02 5.008781035773736789e+02 5.669763209354175615e+02 6.253993083165432836e+02 6.212086982567366249e+02 5.798254921830267676e+02 6.270796369756742479e+02 6.396688397945496263e+02 6.714563026753713757e+02 6.848772008775164295e+02 6.807985986753466250e+02 6.622434884311346650e+02 6.587185019504818229e+02 6.818972163568017777e+02 7.113718771862721724e+02 7.282764642300305695e+02 7.247690695900216724e+02 7.162380822670563703e+02 7.202853495576983960e+02 7.169469416517762284e+02 7.081281445264833110e+02 6.966181696367457334e+02 6.997929780222683576e+02 7.063343467019647051e+02 7.144265499322035566e+02 7.352995381131762542e+02 7.495098239933153081e+02 7.320214705354629814e+02 6.992640139105936896e+02 6.586987480925571390e+02 6.957376708126648737e+02 7.259366781697407305e+02 7.507032918318355996e+02
4.386683810251985847e+02 4.553049698236729910e+02 4.100237182421633406e+02 4.540474224256856814e+02 4.981597416064855679e+02 5.505574364103621292e+02 6.065410287261269104e+02 6.566760667642331555e+02 6.779441485542558894e+02 6.584544478668623242e+02 6.948283684678266354e+02 7.133181421153190058e+02 7.241616041565099522e+02 7.206748328913608930e+02 6.997556089447847398e+02 6.803480105679673215e+02 6.817419112821099816e+02 7.039707601433472064e+02 7.337719523776160031e+02 7.588502369591701608e+02 7.558586122300836223e+02 7.291088622127526833e+02 7.004527959552241327e+02 6.694081229836704097e+02 6.543520907204778041e+02 6.374351587463551141e+02 6.504466280907472537e+02 6.531113853768783883e+02 6.509999492990148156e+02 6.841028803389738187e+02 7.268038024003639066e+02 7.530236542517410498e+02 7.520472548594484579e+02 7.387487437374985575e+02 7.458647444208693287e+02 7.471020855418097426e+02 7.346022861993105835e+02
4.933983968145926156e+02 5.033349173590356145e+02 4.621906339645477715e+02 5.026928101261351003e+02 5.534033136626593432e+02 6.030753393358838821e+02 6.586501510484032451e+02 7.001244763978456831e+02 7.259311457089582973e+02 7.290715751173140688e+02 7.471961785238389666e+02 7.516340262342513370e+02 7.283933715803898394e+02 6.956537164442069070e+02 6.517573009265163364e+02 6.192237612009350869e+02 6.230775654870483322e+02 6.555778587092191856e+02 6.957914869265616744e+02 7.381405217754082742e+02 7.365256854651969434e+02 6.913244169363433684e+02 6.461445055886323416e+02 6.060333927996615557e+02 6.008593831021453298e+02 5.642699080246399035e+02 5.987234969763294430e+02 5.888880891489843634e+02 5.813567024237687519e+02 6.269261214806629141e+02 6.771915076202857335e+02 7.322428036380076719e+02 7.663042026098996757e+02 7.690163114704585041e+02 7.451793095771214439e+02 7.134400321584665789e+02 6.726048453434328849e+02
5.462262166845936235e+02 5.478035156233554517e+02 5.351723230984404154e+02 5.560593258344076730e+02 6.049776353252451599e+02 6.546654536931976054e+02 6.890239539218214304e+02 7.084807564466086660e+02 7.190442737433977527e+02 7.370487492838341268e+02 7.537922786955056154e+02 7.354910828440438308e+02 6.854081001591542872e+02 6.389241326063638553e+02 5.946866997230870311e+02 5.526060621700574984e+02 5.596878683862014441e+02 6.001302527025285372e+02 6.544267333670919697e+02 7.060928046333127668e+02 7.069931939235317486e+02 6.545339679286117871e+02 5.978733913383246090e+02 5.469809231691111790e+02 5.409363079104596181e+02 5.063015568975489487e+02 5.451703536247897546e+02 5.279688089174715060e+02 5.224878932374535907e+02 5.715138435549642963e+02 6.320506876833055685e+02 6.901006969881736950e+02 7.440213134300578304e+02 7.492500070742510161e+02 7.018566990781453114e+02 6.542883071856243760e+02 6.087649428526876818e+02
6.035326617201224053e+02 6.108077109699249831e+02 6.097216480021369307e+02 6.261137162032719061e+02 6.564338998130372147e+02 6.779604944436965752e+02 6.755340366102274174e+02 6.556697654662284549e+02 6.534506463744875191e+02 6.846539921657952164e+02 7.179411836921603935e+02 6.995279365231709789e+02 6.402055897491228507e+02 5.837835648238747126e+02 5.395130412742684030e+02 5.007298254779050808e+02 5.120320659207781091e+02 5.598273345355304400e+02 6.184216815982679236e+02 6.758253850780140510e+02 6.802657375802206161e+02 6.220417537561370409e+02 5.612119479276802849e+02 5.119184620766926628e+02 4.714755122736345356e+02 4.577160863009245872e+02 4.929179727967879785e+02 4.716199783984115470e+02 4.741693766906917062e+02 5.328729535192559297e+02 5.892907644524531179e+02 6.549423066693199189e+02 7.173204915872930769e+02 7.247190535820816422e+02 6.654347510327684176e+02 6.002973721895265271e+02 5.530392347167536400e+02
6.485363537286463043e+02 6.652466198209353934e+02 6.728657112097613435e+02 6.785961938625565608e+02 6.715872716854327109e+02 6.519791091132624388e+02 6.255693097530484010e+02 5.850603502297529985e+02 5.842926574272200924e+02 6.308945518788258369e+02 6.757072940210863408e+02 6.607734547678635408e+02 5.955546489401940562e+02 5.366918284796047374e+02 4.958491896943885422e+02 4.606530457703271964e+02 4.823870540768622277e+02 5.268381182915140926e+02 5.874888037438607853e+02 6.519913452823511761e+02 6.624739161288847527e+02 6.090193889699705778e+02 5.542223818383463367e+02 5.143646033227945509e+02 4.748059459575845267e+02 4.178794619351833717e+02 4.338893436233694274e+02 4.182860731412778819e+02 4.548193972105663079e+02 4.984992949456446922e+02 5.548437499475162440e+02 6.251818268354822976e+02 6.965018528324523004e+02 7.106485056761940768e+02 6.593047631466419034e+02 5.883745091235759901e+02 5.214623898803195061e+02
6.341864233164844791e+02 6.612360325018556750e+02 6.821721559486258002e+02 6.715387406586056613e+02 6.363106824088736175e+02 5.880561068370478779e+02 5.515146695605452578e+02 5.199945596977252080e+02 5.274061524209085974e+02 5.848860166541242052e+02 6.390563723515222136e+02 6.281437809222984470e+02 5.559696409829331287e+02 4.857556507052514689e+02 4.497937835250060061e+02 4.336923639886325077e+02 4.747294802579457951e+02 5.219342665969589916e+02 5.809110496308294387e+02 6.393615595992986300e+02 6.456507730865566828e+02 5.884838564682750075e+02 5.185476444003688812e+02 4.600678728267168935e+02 4.344428949646130036e+02 4.069884828403074835e+02 3.767337870861271654e+02 4.161504356462341434e+02 4.593127417760003937e+02 5.073866876178375378e+02 5.632849640663094988e+02 6.287715466316866468e+02 6.933687349014400070e+02 6.973333477002837526e+02 6.356421071036934336e+02 5.704929424245259497e+02 5.117233719384909136e+02
5.695170806177665099e+02 6.093832927717752455e+02 6.487617162335620833e+02 6.351102289153013771e+02 5.792123064194300923e+02 5.259520663121448933e+02 4.782461209341716426e+02 4.659980158592755970e+02 4.810430441732848976e+02 5.493822952480105641e+02 6.122633775234388622e+02 6.093549751630853279e+02 5.442203271772076505e+02 4.702906944065410926e+02 4.030714760851105893e+02 4.255671054264659574e+02 4.622092662185281711e+02 5.041426497408853606e+02 5.666548413795168244e+02 6.247000668060200042e+02 6.312049813208348041e+02 5.745683474283223404e+02 5.048776864420381116e+02 4.399737105518086651e+02 3.827374785995332900e+02 3.454415299596266777e+02 4.001094528518079301e+02 4.581734460122484052e+02 5.033274606018457575e+02 5.493106817888153728e+02 6.005971369442767127e+02 6.556690671808288471e+02 7.019153049252247456e+02 6.984520087950058951e+02 6.409044220566788681e+02 5.783987593880342502e+02 5.242389913904195282e+02
5.056455096970835825e+02 5.608121742265980174e+02 6.093247532541871578e+02 5.965320200196504175e+02 5.337898840813122661e+02 4.689230322115883496e+02 4.194315734130704527e+02 4.202454745424062708e+02 4.842048083744804217e+02 5.490862554091870606e+02 5.963968037515054448e+02 5.956552995952777110e+02 5.430379926410314511e+02 4.745464860275887418e+02 4.128544908471617418e+02 3.705070374389783296e+02 4.194952435776456809e+02 4.883279473917374389e+02 5.507197448812599987e+02 6.047056463490882834e+02 6.175941394950647236e+02 5.718187823973547665e+02 5.035935507673751204e+02 4.358514902997602576e+02 3.760337819814404838e+02 3.254753684431574356e+02 3.903587145986683709e+02 4.523312090025193015e+02 4.906383606271048166e+02 5.334168925532404728e+02 5.856704617692415695e+02 6.427889709492225165e+02 6.923649458659371021e+02 6.968875842697052576e+02 6.409897159101785746e+02 5.754814677673103915e+02 5.144571041329344325e+02
4.579605736215913794e+02 5.204731829987709943e+02 5.730251105346467284e+02 5.615926260403639390e+02 4.973572435741817230e+02 4.293785226951786740e+02 3.709277432330036959e+02 4.275573375468189852e+02 4.774970847266452552e+02 5.186901655243219693e+02 5.650894154215965273e+02 5.702141146014356536e+02 5.074953624987202829e+02 4.249767375866227326e+02 3.478093427925857668e+02 3.591704342481805270e+02 4.057358586756178056e+02 4.455779079983119573e+02 5.114579427072951603e+02 5.783081817299495242e+02 5.918410715881636861e+02 5.450142020954561985e+02 4.959538650374993267e+02 4.312272572267566488e+02 3.670626884310739797e+02 3.084014815531504610e+02 3.758211563830528803e+02 4.154252115637041811e+02 4.244492293468897515e+02 4.751349578356775964e+02 5.347674602423027181e+02 6.043374482002899413e+02 6.752241079321997859e+02 6.968040960074872601e+02 6.470674806076162895e+02 5.833051153995472760e+02 5.233147797177597340e+02
4.219841476061612298e+02 4.856646334241339105e+02 5.410676759642760771e+02 5.305476385071814320e+02 4.648401004852748883e+02 3.978024259364106001e+02 3.403925469024642325e+02 3.920636645760254169e+02 4.293861076057586388e+02 4.759788662981409288e+02 5.261598404306051862e+02 5.485766159728767661e+02 5.134757725105147301e+02 4.500561548867268016e+02 3.851651241862859933e+02 3.192515669838498980e+02 3.634853397547682903e+02 4.281331369492636441e+02 4.970819027604641747e+02 5.588530014675584425e+02 5.648209994127989830e+02 5.104383430829475969e+02 4.523664036643074269e+02 4.145976481790435741e+02 3.604708503554016943e+02 2.911147476527790445e+02 3.456711453084324148e+02 3.542685282432555027e+02 4.035658739968433224e+02 4.593791668263501151e+02 5.235188659980149168e+02 5.957578051969026092e+02 6.671070440496375795e+02 7.000127562468911719e+02 6.599842187041220996e+02 5.999471179573988593e+02 5.437169094260727888e+02
3.881935209863081582e+02 4.537395854037365552e+02 5.153676753329463054e+02 5.051011112797507394e+02 4.339810034859425514e+02 3.649397787524248997e+02 3.137140098255471230e+02 3.473805699833678773e+02 3.831874447403569661e+02 4.292487205807909731e+02 4.760037309559339747e+02 5.165583647046796614e+02 4.911898931465076998e+02 4.227308673950319644e+02 3.671543034352127961e+02 2.983648593937722922e+02 3.620207906199935337e+02 4.286256613417830863e+02 4.899124324089654579e+02 5.411413956110394565e+02 5.418076952929951631e+02 4.784768160780934636e+02 4.121742016199119689e+02 3.590233331124307483e+02 3.290116253868488911e+02 2.739390407086576715e+02 2.999286688606200073e+02 3.439807866334040227e+02 3.942517005815518019e+02 4.525351044023796589e+02 5.190789548256949502e+02 5.905599664301238363e+02 6.569579892037662603e+02 6.932633626611723230e+02 6.777483516618441399e+02 6.382088912504132168e+02 5.942191737831225282e+02
