output/field_example_lateral_ON/elevation_000034.asc
nrows	150
cellsize	66.66666667
xllcorner	0
ncols	150
yllcorner	0
NODATA_value	-9999
[rows 102 to 118 of 150, columns 37 to 73 of 150]
4.368847496314697310e+02 4.933379556680833957e+02 5.057652262220309467e+02 4.926462138675424853e+02 4.924395799106885079e+02 4.837794979152744759e+02 4.290049119555422408e+02 3.758795545786922503e+02 3.219971141440653923e+02 2.799074094279499150e+02 3.470227181817824089e+02 4.071526523457008011e+02 4.669427680846149542e+02 5.155871873470287028e+02 5.205550210679668908e+02 4.732865917606800963e+02 4.188243853505619541e+02 4.745214517772312206e+02 5.264872667434691493e+02 5.293755090809405601e+02 4.771191095169787673e+02 5.306374311815210376e+02 5.817550646558709104e+02 5.764059890391633871e+02 5.249848817409093726e+02 4.633892611819494505e+02 4.905405762703034043e+02 5.453974468254153862e+02 6.105369504959973028e+02 6.697928731368800754e+02 6.660249536204620426e+02 6.048198516750890121e+02 5.422328361217483916e+02 4.892668487503748906e+02 5.374787620023859063e+02 5.453288496770185247e+02 6.094318179345880253e+02
4.523421218577875607e+02 5.005028457465855922e+02 5.357734340249528486e+02 5.522741503198610644e+02 5.516158044385672383e+02 5.173216579260573553e+02 4.643578398212707725e+02 4.039046439586869610e+02 3.499614287759059152e+02 3.014735328668247121e+02 3.507337936686611783e+02 4.076005922999656264e+02 4.731518874206420833e+02 5.349001998967863756e+02 5.496308592006663503e+02 5.060009056423753009e+02 4.545069249108109943e+02 5.090385515029375938e+02 5.610553540422935157e+02 5.659889491590191710e+02 5.202108182208919516e+02 5.350712868862807454e+02 6.017918276937670043e+02 6.169292441431933867e+02 5.736343231834623566e+02 5.216672766634254685e+02 5.315406341886240398e+02 5.830084854544483051e+02 6.459326185551885828e+02 7.012044860076795203e+02 6.964995424694322992e+02 6.355072454635302392e+02 5.668106678626388657e+02 5.189936120107789748e+02 5.613027395816925491e+02 5.933737407443809388e+02 6.190347762736398636e+02
4.206576942291652585e+02 4.591384115259000964e+02 5.215427893705334554e+02 5.725428363138140639e+02 5.878265081217209627e+02 5.588067645623663111e+02 4.981499929532943156e+02 4.348278202758254452e+02 3.793153171253715641e+02 3.254886302471404633e+02 3.542291217695187129e+02 4.038166097043822447e+02 4.782561053188943561e+02 5.504322428842352792e+02 5.789358008073999144e+02 5.416352718430589448e+02 4.942213100115502584e+02 5.461115421715572893e+02 5.971617454106241212e+02 6.038256972939390153e+02 5.654507701196492917e+02 5.748232132659535409e+02 6.283162253828202211e+02 6.626577688004296078e+02 6.394940678599857620e+02 5.897394032079965882e+02 5.998181167320990426e+02 6.210945562967659725e+02 6.845525146904634539e+02 7.367358013572395521e+02 7.298282901217696690e+02 6.693416059950104682e+02 6.067508302478448741e+02 5.548331001064786960e+02 6.005355526895056073e+02 6.423468742942604877e+02 6.786514075297861837e+02
3.694181894226176155e+02 4.370595948718754471e+02 5.066626225441346492e+02 5.620912612676670506e+02 5.995177214431763559e+02 5.880257223762852163e+02 5.325664475763263681e+02 4.717743007974991087e+02 4.085943815359298128e+02 3.536004663407845214e+02 3.932161081129071931e+02 4.362829422129848354e+02 4.925381857633090590e+02 5.673308591635081939e+02 6.118960234267323131e+02 5.862653061062175084e+02 5.394354753049696001e+02 5.872395835540858116e+02 6.349460466742548306e+02 6.343784276906382047e+02 6.197177277164586258e+02 6.216808047987442478e+02 6.699149297207018208e+02 7.121656375510684711e+02 7.030987596763142164e+02 6.676885449100863070e+02 6.764294384455524778e+02 6.920146331914809252e+02 7.326393279699277628e+02 7.762619984490521574e+02 7.664465237154892066e+02 7.086125927392530457e+02 6.481881526379032721e+02 5.984344790528953126e+02 6.446359508420370048e+02 6.955796380837560946e+02 7.393404927819219665e+02
4.146308702984014189e+02 4.088435786773104041e+02 4.653462844229129018e+02 5.287194951418165374e+02 5.918310515936630054e+02 6.115156583261504011e+02 5.739299772690977761e+02 5.065060307892056244e+02 4.404478700376479878e+02 3.863674812225918913e+02 4.286656438577637687e+02 4.781212746887655385e+02 5.327980144699583889e+02 5.983840360522410720e+02 6.477046554798421312e+02 6.320605874403460120e+02 5.937402300777241635e+02 6.344336916054412541e+02 6.797428407495665397e+02 6.848699184621747236e+02 6.779273503305914801e+02 6.780219660043218255e+02 7.189404403504987613e+02 7.590676954293063545e+02 7.631896119421220419e+02 7.490709463693899579e+02 7.542413207899468262e+02 7.678434635543554805e+02 7.921664008926994711e+02 8.157078795450785265e+02 8.037673075948586074e+02 7.525847918394289309e+02 7.010299875628924156e+02 6.521147563571544197e+02 6.998638838171699490e+02 7.485410917634762882e+02 7.995728364719676620e+02
4.440325478940826542e+02 4.088435786839770572e+02 4.592000389762201280e+02 5.165382217628900889e+02 5.795473482484834449e+02 6.306901090865313790e+02 6.073094255170957467e+02 5.418172070846836732e+02 4.769977459032976981e+02 4.258609229576839539e+02 4.724781468963363977e+02 5.216763744254261610e+02 5.804001712760331202e+02 6.375751478030618955e+02 6.857686341836337078e+02 6.796207535769023025e+02 6.667356774127998733e+02 6.847473773854596857e+02 7.272365286980895007e+02 7.403665283149252900e+02 7.409316449220078766e+02 7.423019887323080184e+02 7.751963121966331300e+02 7.956477831991422818e+02 7.956099289839395396e+02 7.830241494158314026e+02 7.897237132653668823e+02 7.963529687249219933e+02 8.089266761464949695e+02 8.292800563740520374e+02 8.311962362748731721e+02 8.026320793874151605e+02 7.562355934200835463e+02 7.186303549418872763e+02 7.579511279344824288e+02 8.051822696535535897e+02 8.370512231030893417e+02
4.857309125880476017e+02 4.654454380912547435e+02 4.697355629003997137e+02 5.311175535964058554e+02 6.028680910615343009e+02 6.576575581749168578e+02 6.425540227705990901e+02 5.819507236190664798e+02 5.219386382507201461e+02 4.754386068030260049e+02 5.268613812337944182e+02 5.776202256172858824e+02 6.290017282704219497e+02 6.849663736486917287e+02 7.204239356235897276e+02 7.284983052560431815e+02 7.268319628975388014e+02 7.400920524942487191e+02 7.653402867241693457e+02 7.882121610270868359e+02 7.984429431853591268e+02 8.032049066837242890e+02 8.082953629428642444e+02 7.931890025098122123e+02 7.646962105552773892e+02 7.298435552258627013e+02 7.449335174632950611e+02 7.466915782224134546e+02 7.540365739165877130e+02 7.943668196543444537e+02 8.233734167095908560e+02 8.276205164817356490e+02 8.105924605107494472e+02 7.912655333475869384e+02 8.198039583441222931e+02 8.406988910770302255e+02 8.395331693202663246e+02
5.345846973845364118e+02 5.260606316148608812e+02 5.241086726089434933e+02 5.806568762296469686e+02 6.394234148141346168e+02 6.900449590709632730e+02 6.813189227197024138e+02 6.305349462914592777e+02 5.832766304668905377e+02 5.390981548897157154e+02 5.862491787835128889e+02 6.405676147816456023e+02 6.813740500077360593e+02 7.107853628069947263e+02 7.217779867860259628e+02 7.220876539182316947e+02 7.229122900806769394e+02 7.263830256155029019e+02 7.507123210444548249e+02 7.802699040649147264e+02 8.076451782729579918e+02 8.153130685266326054e+02 7.909953534806162452e+02 7.537845632901993440e+02 7.041944746146339185e+02 6.596641740727682190e+02 6.931143339423626912e+02 6.819195003026661652e+02 6.889001979196581260e+02 7.365742093657042915e+02 7.841031687958599150e+02 7.978759765656047875e+02 8.158841607616440115e+02 8.343607881821392311e+02 8.513548278255614150e+02 8.408113279924698418e+02 8.075297040045320500e+02
5.929094802700876699e+02 5.913679815783125377e+02 5.887837445860279786e+02 6.362424909373188484e+02 6.899923778187300059e+02 7.227230441311215827e+02 7.169805142545203580e+02 6.882108357620844572e+02 6.543599374828054351e+02 6.157071613007431097e+02 6.555566063137767969e+02 6.873220559420315112e+02 7.045858159656276030e+02 6.925900679552881911e+02 6.691898777722251452e+02 6.631186339948034174e+02 6.623586139463524205e+02 6.530779678904416414e+02 6.854139546109158800e+02 7.263629891670325378e+02 7.750949281696574644e+02 7.889138168739686989e+02 7.441775224067571344e+02 6.930119660749084005e+02 6.464004184201579619e+02 5.994423666514848037e+02 6.369988085649160894e+02 6.177734560911318340e+02 6.307171957762839156e+02 6.902637209445744020e+02 7.263820819927549337e+02 7.195040462134502377e+02 7.578090183580999337e+02 8.004047534995528395e+02 8.262389506722470287e+02 8.106654480604503306e+02 7.582862487166629535e+02
6.536223747224371436e+02 6.591316765530773409e+02 6.601180089833623015e+02 6.977116882312644748e+02 7.238194633020156061e+02 7.297100555168703977e+02 7.155853352333688235e+02 7.107937144760199999e+02 7.018405256260089118e+02 6.930129567876793999e+02 7.068317785577231689e+02 7.070457058534952921e+02 6.812600445822363326e+02 6.391568287285460883e+02 6.018578758982497448e+02 5.980097434425764504e+02 5.980883568948079301e+02 5.779979630504755050e+02 6.177150881322301075e+02 6.736820187766579693e+02 7.336982459034584281e+02 7.580608624457612450e+02 7.079330795772943929e+02 6.418327658711930326e+02 5.836156219659291082e+02 5.497654790883401574e+02 5.812458012148840680e+02 5.563848919519147103e+02 5.997538093781682846e+02 6.537119769401300573e+02 6.556041269155440432e+02 6.359329371965457085e+02 6.853901092047012753e+02 7.350792655125148940e+02 7.820541793916426059e+02 7.757184560112760892e+02 7.186106687338246957e+02
7.008110170904434426e+02 7.163916665191329685e+02 7.243918800247414538e+02 7.324065247637294078e+02 7.175104429378218356e+02 6.880718491291461305e+02 6.498954455029802375e+02 6.603527359249964093e+02 6.889038941352461052e+02 7.128657397372816149e+02 7.195938737914729018e+02 6.867562746682235684e+02 6.323829290229749631e+02 5.861231594892415160e+02 5.420931736943909982e+02 5.407582208365581664e+02 5.548424459409015981e+02 5.153991791023521500e+02 5.642364971970351917e+02 6.256738405055284602e+02 6.900941837363643572e+02 7.270926354536890130e+02 7.089256421118269600e+02 6.452666550675252211e+02 5.769171281303200658e+02 5.104703646590695030e+02 5.215433643834260238e+02 5.125552527454382243e+02 5.695911418662573169e+02 6.069174079903295933e+02 5.854917122687106712e+02 5.642392453555470411e+02 6.160038798553034667e+02 6.804105545461513884e+02 7.408381694608596035e+02 7.469744053992210411e+02 6.876248512796939849e+02
6.885400911202862062e+02 7.150990697436114942e+02 7.326178226131180509e+02 7.136570701436365880e+02 6.743626793188719830e+02 6.207777651334323537e+02 5.748480109248561121e+02 5.887802521964561038e+02 6.333762216455103271e+02 6.830013390894420127e+02 6.992417467888084275e+02 6.500937214699943070e+02 5.869388155162125713e+02 5.298151366824216666e+02 4.935191002270985337e+02 4.882012448110754121e+02 5.092951638742101750e+02 4.674087110505581677e+02 5.190558192919204430e+02 5.795898701367530066e+02 6.387049380955820652e+02 6.942657241017855085e+02 7.012668717645336756e+02 6.480088448032827273e+02 5.894055778017178682e+02 5.214519599808357952e+02 4.603255695903342257e+02 4.920033692893291573e+02 5.320910953148609224e+02 5.541423171998250155e+02 5.179883918741925299e+02 5.057073993540682295e+02 5.639046718755294023e+02 6.363692673778178914e+02 7.072624602518779966e+02 7.339849786506860028e+02 6.896395483878874302e+02
6.266959775003351751e+02 6.669001722096712683e+02 6.953301784856980703e+02 6.677481501081527995e+02 6.122587058003546190e+02 5.593450622036920095e+02 5.077808159523881386e+02 5.241100670749749497e+02 5.815760879176478966e+02 6.418373753448325942e+02 6.717558521499954622e+02 6.478516283722597109e+02 5.847086256680703400e+02 5.196500272232419775e+02 4.600312121344100547e+02 4.375195520031802516e+02 4.658770847473624030e+02 4.271875610453737409e+02 4.785613471694948089e+02 5.328145411956986663e+02 5.973742701868256972e+02 6.620102031071635338e+02 6.847971803455297959e+02 6.340540813607782411e+02 5.632053695912487683e+02 5.037329416807368716e+02 4.540140149527754261e+02 4.208346250893653178e+02 4.893935099570020384e+02 5.031639064712400682e+02 4.577339888103986141e+02 4.587537140378403251e+02 5.216420109551958149e+02 5.978095463900991717e+02 6.746118068297247419e+02 7.156948957053888307e+02 7.034742575686300370e+02
5.679557675198055904e+02 6.302871009056370895e+02 6.502387853498757977e+02 6.082252352662911790e+02 5.566399823157752280e+02 5.007185267489458056e+02 4.518443720452919479e+02 4.710907831020241474e+02 5.365776809906067228e+02 5.889345953135269838e+02 6.360489543661401513e+02 6.357650985183156536e+02 5.804051340041926323e+02 5.166249177323975346e+02 4.573438000935989862e+02 4.019347254992766239e+02 4.188747327152707953e+02 3.925374880059189877e+02 4.398521606165577964e+02 4.939209028152690166e+02 5.594915709525699867e+02 6.297140809255415661e+02 6.692296924590705203e+02 6.412061815037247925e+02 5.739125112226345209e+02 5.065040680055779490e+02 4.463750567696073404e+02 3.939766239611271317e+02 4.534605452644848924e+02 4.589799437302419278e+02 4.028625472239966143e+02 4.652376039366327518e+02 5.208587495179308462e+02 5.739368550135535543e+02 6.312268850341986308e+02 6.903528233697627456e+02 6.976073070919692327e+02
5.305013848884383378e+02 5.972244055614421541e+02 6.096191595649258943e+02 5.577396748059550191e+02 4.992670215033209047e+02 4.528751830613342122e+02 4.044928188041800468e+02 4.578917038004944402e+02 4.871555347811222418e+02 5.387137676413486815e+02 5.995914400636926302e+02 6.177163557399704814e+02 5.791036380375724093e+02 5.214103499313698649e+02 4.715546538146409716e+02 4.128607955527534727e+02 3.574510022325019349e+02 3.631503166070823454e+02 4.044305290849815719e+02 4.562190700847258427e+02 5.206435144855415729e+02 5.930964812006960756e+02 6.519663941718905562e+02 6.383248115191375973e+02 5.756587860007007293e+02 5.048195060422319216e+02 4.358913615628532057e+02 3.714314933122353750e+02 4.072311527727210887e+02 4.168002266343746101e+02 3.674304311336991304e+02 4.256689487572121493e+02 4.729237281876682459e+02 5.253504471716682929e+02 5.924946711525496994e+02 6.685637584346876565e+02 7.016728064128143387e+02
5.095116716922793216e+02 5.726776061690312645e+02 5.776068414070496146e+02 5.167533820504474988e+02 4.483131454923555452e+02 4.005715689808123443e+02 3.694500430190520319e+02 4.060248833378817039e+02 4.236518684008165678e+02 4.958902707306237971e+02 5.633555886856668167e+02 5.851583866808043695e+02 5.455828601092997587e+02 5.025833321500961119e+02 4.399941158510815740e+02 3.969741883813574077e+02 3.289660797635499421e+02 3.836114284498204370e+02 4.194394254357566183e+02 4.734824281377444208e+02 5.381933947106114147e+02 6.065748507496018647e+02 6.426944760269569770e+02 6.195737316298543647e+02 5.736531479772944522e+02 5.196310621304813822e+02 4.566011859724511055e+02 4.041964700427319599e+02 3.375131322231069930e+02 3.635044876170015300e+02 3.367953085655772156e+02 3.782139935884084139e+02 4.279327831452794726e+02 4.918154890097410998e+02 5.757000996894664695e+02 6.509920358029753515e+02 6.937676419698284462e+02
4.947926562294111363e+02 5.522232647405796797e+02 5.537652135582479787e+02 4.868591974370167463e+02 4.090103080411893757e+02 3.436337726395971686e+02 3.436337726329305156e+02 3.303384956899408280e+02 3.905082734091920429e+02 4.602042446032157272e+02 5.289010517571348373e+02 5.494170569331596425e+02 5.024702729872642522e+02 4.506901810928785039e+02 4.159099498875214067e+02 3.583024216262211894e+02 3.075965394571031766e+02 3.517657384985803333e+02 4.080475704222370723e+02 4.704023794298556709e+02 5.395197771947821366e+02 6.040889212188963029e+02 6.162467145256124468e+02 5.660166301736227297e+02 5.185583012019014859e+02 4.722738927648699701e+02 4.325765060266307387e+02 3.927841754478139364e+02 3.567648453226263996e+02 3.013647113009004670e+02 3.611527962038150008e+02 4.249650681752068522e+02 4.753185005226752082e+02 5.383227618399270114e+02 5.920892731524352257e+02 6.270976519382578545e+02 6.664205826391687424e+02
