output/field_example_lateral_ON/elevation_000093.asc
nrows	150
cellsize	66.66666667
xllcorner	0
ncols	150
yllcorner	0
NODATA_value	-9999
[rows 119 to 135 of 150, columns 74 to 110 of 150]
5.185970082012371449e+02 5.268666442375794077e+02 4.953044485224309597e+02 4.325348612384384523e+02 3.762265194750509636e+02 3.344258879632135972e+02 2.993483207394697843e+02 3.329088815672287751e+02 3.790432786424028677e+02 3.892077246455659747e+02 3.945603228478238975e+02 4.348583640118595781e+02 4.289887330174364592e+02 3.705641997872772890e+02 3.056083467032308931e+02 2.453098944875570737e+02 2.896413854350925590e+02 3.277168997184751333e+02 3.558024396818207151e+02 4.076304131873646952e+02 4.723258158703543472e+02 5.424084892328950218e+02 5.964789114396469358e+02 6.033703559257522784e+02 6.094972308525467497e+02 6.186586582485680310e+02 6.476429542676081610e+02 6.366903387540787662e+02 5.873547673444426209e+02 5.196324252001406876e+02 4.524167680467378432e+02 4.961374555216142426e+02 5.617650232276832867e+02 6.308180323059463035e+02 6.899183009324279965e+02 6.940144042489343974e+02 6.471359131506800395e+02
4.666794989621020591e+02 4.632190437180075264e+02 4.648913668516875077e+02 4.325598561647246356e+02 3.851349746683292778e+02 3.419873981236962663e+02 3.026952492297253912e+02 2.691837065172985035e+02 3.321422712059348896e+02 3.332536467641650688e+02 3.428727096016648375e+02 3.801087158046897798e+02 3.815284958600474283e+02 3.591967505524650051e+02 3.182886307167070186e+02 2.796334032936250082e+02 2.453098944808904207e+02 3.204296880699105827e+02 3.901468284141859613e+02 4.524754655622242581e+02 5.091340067138427230e+02 5.545198871393724858e+02 5.674051708436296622e+02 5.441917355714477935e+02 5.454474855089420089e+02 5.568704217720074894e+02 5.986121158067383021e+02 5.961903163630648805e+02 5.513283057153095115e+02 5.013766420566202555e+02 4.288067347524245747e+02 4.877563072978460923e+02 5.545449589575805476e+02 6.224920965867449922e+02 6.651178798940122761e+02 6.555980329746403186e+02 6.025077163211959714e+02
3.972460949030054849e+02 3.911452085961776106e+02 4.044243705002086813e+02 4.074865053183701775e+02 3.877351193852269944e+02 3.501986584987880633e+02 2.999665625419615935e+02 2.445212497105189584e+02 2.961258694993283029e+02 2.830645798474412800e+02 3.025290204911269143e+02 3.130600311048627873e+02 3.087727357151752585e+02 3.054000650484716175e+02 2.750091577924360422e+02 2.312500447861633575e+02 2.909715087834660494e+02 3.292326253390388047e+02 3.914121402814639055e+02 4.584342199215666369e+02 5.151489472034652408e+02 5.387686093130936342e+02 5.229977198195881556e+02 4.820367151111640283e+02 4.864013344406967008e+02 5.041784603663891176e+02 5.557660761904899118e+02 5.481789086782523555e+02 5.059775696706578856e+02 4.604227674201606533e+02 4.062620217008029044e+02 4.665274359958045238e+02 5.322327543548977928e+02 5.916905520776856520e+02 6.229327495416731608e+02 6.125308658550062546e+02 5.596222763314000304e+02
3.294501953610387659e+02 3.236184871405345689e+02 3.359675404758326067e+02 3.476743631135329906e+02 3.507733317901310102e+02 3.206801294484844789e+02 2.824152949737739959e+02 2.240453681080570902e+02 2.567507964343348021e+02 2.541164990240040709e+02 2.346207063240152308e+02 2.507452787647347350e+02 2.402774338049189566e+02 2.333273796590193570e+02 2.180429137253716192e+02 2.771378795812165663e+02 3.311452866728097320e+02 3.791392220781216338e+02 4.247337616552578652e+02 4.687653343468364824e+02 4.936453402141743823e+02 4.964186933077803019e+02 4.677632850166223761e+02 4.260083057875745567e+02 4.346468045802120059e+02 4.911832259849610409e+02 5.118840665666344307e+02 4.912226630952174560e+02 4.493381739612387378e+02 4.127793419041609013e+02 3.862749660792573536e+02 4.630167440326741826e+02 5.297428284203077737e+02 5.624962475503161841e+02 5.624046910312249565e+02 5.609312866814884728e+02 5.177608574005947730e+02
2.728499001032969318e+02 2.670473640208836059e+02 2.737367993235992003e+02 2.763761850908621227e+02 2.912462358357366270e+02 2.842964373853649818e+02 2.485790385092686563e+02 2.303398950001736409e+02 1.965078328550458195e+02 1.991072455030955268e+02 2.014886792136111637e+02 2.038525030836900385e+02 2.057330262483606589e+02 2.079674862582403705e+02 2.302992173221792029e+02 2.502561219591386532e+02 3.211752146538563011e+02 3.708719400074075452e+02 4.114966399535577466e+02 4.355722344672956865e+02 4.378579381230219951e+02 4.374598143876928589e+02 4.251724924174706075e+02 3.779078721782255457e+02 4.281090919078743013e+02 4.652779928340955848e+02 4.607447846651477903e+02 4.225008255516391387e+02 3.801407409912896469e+02 3.544848556019683770e+02 4.239719431056613530e+02 4.758715334276262752e+02 5.048426261030590467e+02 5.016717805960997794e+02 4.937367004402073007e+02 4.954683428156847640e+02 4.787292168035427835e+02
2.330769280959597438e+02 2.186624696235143972e+02 2.244336465963382068e+02 2.093808136911960105e+02 2.444075572812583630e+02 2.398387608840801022e+02 2.265306975195888697e+02 1.917683245851713423e+02 2.196613889450775616e+02 2.200523105264573189e+02 2.378135967039771401e+02 2.315918747543442748e+02 2.152535716031753168e+02 2.383037722486977827e+02 2.125648333534507231e+02 2.587627807057075984e+02 2.755457468288468590e+02 3.187852808725463092e+02 3.646437950215726005e+02 3.748542063995094509e+02 3.762050051061834210e+02 3.795484390881908325e+02 3.709390067153786390e+02 3.440268264768827748e+02 3.941010222834324281e+02 4.207101540328452529e+02 4.047548763662182978e+02 3.597963666330426236e+02 3.219760917032183443e+02 3.842706146705830861e+02 4.303993295447839387e+02 4.479917023418958593e+02 4.440662792551568714e+02 4.320670441278157341e+02 4.287357714823813239e+02 4.304159964496354860e+02 4.201864790827298748e+02
1.932395371473286616e+02 1.667113494756718808e+02 1.695941919456745381e+02 1.951298077029517515e+02 2.104309666782054364e+02 2.026215438727734579e+02 1.861833022129655717e+02 2.282341073393018007e+02 2.381455125049191395e+02 2.667804319895308254e+02 2.732222198997226883e+02 2.830228609364985459e+02 2.825366519412000912e+02 2.575382724018283511e+02 2.485332789391244148e+02 2.172504351722704143e+02 2.172504351789370673e+02 2.734730966286340959e+02 3.143090091034603120e+02 3.123487852791226942e+02 3.202657061607482660e+02 3.396666170794427444e+02 3.008683426687506994e+02 3.262998830116114846e+02 3.530187278699842182e+02 3.651876797521936737e+02 3.541169129793628372e+02 2.913768685213657363e+02 3.421660687847460167e+02 3.766666654334798068e+02 3.917480033283727607e+02 3.816616637440350814e+02 3.767935833616243144e+02 3.670181435026646568e+02 3.745558480599885911e+02 3.833170256041265702e+02 3.363883411349673338e+02
1.667113494690052278e+02 1.859547056802353211e+02 2.032581020712804616e+02 1.739671213099665295e+02 1.771421487215995114e+02 1.805901537868136586e+02 2.008030624555867973e+02 2.479986763367666072e+02 2.775599175624784039e+02 3.114115047198616821e+02 3.250815179692415313e+02 3.356308410011779984e+02 3.257881217021260341e+02 3.174586910274744014e+02 3.066596385127662074e+02 2.671927251030562047e+02 2.646506999718922657e+02 2.231924442540421296e+02 2.703593073920686152e+02 2.545159527218747826e+02 2.771560842140516456e+02 2.957342096407484746e+02 2.886551747895608742e+02 2.567601338202398438e+02 2.927094306930013659e+02 3.120859908667817990e+02 3.109806774515228653e+02 2.711844444822341984e+02 3.142886899666604563e+02 3.237633477724625664e+02 3.279294012657726398e+02 3.175392186341080674e+02 3.193790207256753888e+02 3.125392850581663424e+02 3.354348627031905039e+02 3.349960047206881200e+02 3.030494000276373754e+02
2.271822083087581916e+02 1.953463234691023445e+02 2.396474949477360212e+02 2.296372776986937936e+02 2.383578925153609021e+02 2.399838371199057008e+02 1.939519563825106445e+02 2.373023615398499260e+02 2.701635128100735983e+02 3.292840950110136191e+02 3.740740284542044947e+02 3.910453426692588437e+02 3.838880915786642163e+02 3.832669116153912796e+02 3.543475962034514168e+02 3.187474131947266187e+02 2.883096538999207041e+02 2.556903739027373774e+02 2.282326650004981730e+02 2.313584289868198027e+02 2.348611691822392800e+02 2.384164389454291211e+02 2.410535108628468492e+02 2.429695149908439475e+02 2.458464335863342853e+02 2.491950875742108451e+02 2.528561217826569703e+02 2.555661376839131265e+02 2.595158638446445707e+02 2.638762401156699298e+02 2.680787502114148992e+02 2.718401227181252580e+02 2.747218476464344690e+02 2.774367107589640113e+02 2.801825740454887637e+02 2.830420488369724126e+02 2.952552489695627287e+02
2.524270892922163512e+02 2.841000575008260398e+02 2.931964958373560535e+02 2.879158014666942336e+02 2.979084375505540265e+02 2.885143239258171661e+02 2.467261551659311749e+02 2.072759357790649801e+02 2.661403747713158054e+02 3.248604744184823403e+02 3.817346787718287260e+02 4.265153198958159919e+02 4.398454984272055412e+02 4.356324281889078520e+02 3.986827370554221943e+02 3.560365100016533688e+02 3.131970809955023469e+02 3.144774684107317171e+02 2.700618714185437170e+02 2.856089910173919861e+02 2.903073313030141662e+02 2.842771374826185138e+02 2.504701358770755064e+02 2.589468897954404270e+02 2.998992016431418506e+02 3.044281710471558426e+02 3.102185649620854520e+02 2.707690100781169349e+02 2.957185617229282002e+02 3.205252514608013144e+02 3.197912407471652614e+02 3.206804492957730304e+02 2.847389108380095308e+02 3.025054596864412702e+02 3.056463018892726495e+02 3.192874583355672939e+02 2.882164014449506340e+02
3.089944852082164175e+02 3.183096055675743514e+02 3.567844189320624650e+02 3.547201139580853919e+02 3.587731424101212383e+02 3.295303879626059711e+02 2.942863200533954000e+02 2.587970325023302394e+02 2.192959807753567816e+02 2.788956938898952558e+02 3.483518711760095243e+02 4.228281129676934142e+02 4.741317214472924206e+02 4.766398473839722669e+02 4.383763642795502165e+02 3.858628379381915465e+02 3.631878167914440496e+02 3.650418375328058573e+02 3.186390732842917828e+02 3.421668485975555427e+02 3.358039976460530625e+02 2.844442366269033755e+02 3.286687321826942707e+02 3.471857887710142450e+02 3.561115690555086530e+02 3.652721779168938951e+02 3.559261794790517683e+02 2.920110277418981468e+02 3.358449503227607238e+02 3.687497892858605724e+02 3.786835659001685030e+02 3.773127720164619632e+02 3.764882608973798028e+02 3.803564662163673802e+02 3.684503939608069913e+02 3.219948164580085859e+02 3.708425985526794193e+02
3.698608691260157002e+02 3.705721112683650063e+02 4.133459778032965914e+02 4.202945496061316817e+02 4.037012122164865673e+02 3.578054848749484336e+02 2.945401492946089661e+02 2.570090534645435696e+02 2.272766560497692012e+02 2.867948805897904094e+02 3.438943523379048202e+02 4.195218724754823256e+02 4.782126856255316056e+02 5.052439713741078435e+02 4.853918963677933220e+02 4.408027759404985773e+02 4.187925341447152618e+02 4.194184535590060818e+02 3.736110425256628105e+02 3.994498384137976927e+02 3.686374023849285777e+02 3.108185185640914483e+02 3.729002987008012724e+02 4.188021387377093561e+02 4.281122953088558347e+02 4.338405447339731609e+02 3.997907422907690602e+02 3.562362730581784831e+02 3.245936525898457603e+02 3.886450886569244858e+02 4.375362288623020390e+02 4.463515290377194447e+02 4.517074143357017988e+02 4.509444224183924916e+02 4.048230727543325429e+02 3.488160167995765164e+02 4.051076909755626616e+02
4.332661267993971137e+02 4.310493405698877041e+02 4.658494709370806390e+02 4.646484072727211583e+02 4.134074110358608323e+02 3.593013624014936340e+02 3.208319145279085092e+02 3.113102456815845471e+02 2.772580395662654951e+02 2.407848852786616476e+02 3.214146272277624803e+02 3.871796097110254777e+02 4.569139357233036662e+02 5.087315314284871306e+02 5.258997212181135410e+02 5.042769928243375261e+02 4.819664898843732317e+02 4.790819720553934644e+02 4.337871454246215990e+02 4.482614794048971589e+02 4.056443358723226424e+02 3.373592906081674982e+02 4.091387107118317772e+02 4.653398643942595072e+02 4.953214439199130084e+02 4.949290363580842609e+02 4.535212677428723396e+02 4.056809406675493506e+02 3.500865844825966633e+02 4.254848193153571856e+02 4.765562386882834289e+02 5.137646860227670231e+02 5.216440388519845328e+02 4.951408846372845005e+02 4.452509422198996276e+02 4.150984724636472833e+02 3.903143821685285957e+02
4.888740523733692385e+02 4.959427219210622297e+02 5.166335199441376744e+02 4.945683259055926442e+02 4.465174602029546236e+02 3.955837986861583317e+02 3.811122236208304912e+02 3.438279511878457697e+02 2.695076343178622551e+02 2.471423835036541448e+02 2.896043867259324429e+02 3.478217168890027438e+02 4.170663897638953017e+02 4.922171655224312303e+02 5.505906875118729431e+02 5.638165494420351251e+02 5.495099502951580916e+02 5.413607930880182266e+02 4.973966360342143957e+02 4.856256875785286979e+02 4.212052698496337939e+02 3.639224155170030031e+02 4.173164462262915322e+02 4.798387545815489830e+02 5.342503124848817606e+02 5.418175069230651388e+02 5.008904699407801786e+02 4.465530726630753406e+02 3.780976557161337723e+02 4.383808002966248409e+02 5.054548262695049061e+02 5.578505873397199366e+02 5.750116539354006591e+02 5.404465529042820435e+02 4.899693537667170631e+02 4.263279046227988260e+02 4.594627216740699964e+02
5.053306546140350406e+02 5.452104165461050798e+02 5.630350030004075279e+02 5.352341870557080483e+02 4.901955653470585617e+02 4.486210537295395966e+02 4.088243733035079117e+02 3.511075458360696757e+02 3.038545330405509617e+02 2.551737345779498298e+02 3.192533554004445477e+02 3.666537406674084991e+02 4.302866969205082341e+02 4.980055186490430401e+02 5.534556258527908312e+02 5.919286122738778886e+02 6.072495285752388554e+02 5.997153430761729851e+02 5.622856997598912585e+02 5.180717564726575119e+02 4.560148893526217080e+02 4.019905550748670180e+02 4.114723105748179819e+02 4.798464753675605152e+02 5.468610546096917915e+02 5.779105218595016140e+02 5.505650295397508671e+02 4.892065311279346247e+02 4.330157238380094213e+02 4.178639760985248586e+02 4.957137648255446152e+02 5.691818618741326645e+02 6.101366562702131660e+02 5.884843452335132952e+02 5.276003831523332792e+02 4.575432230958854234e+02 5.111098596437940387e+02
4.790550557613130422e+02 5.463664348782381239e+02 5.906474545079537393e+02 5.767552214438052260e+02 5.349128055620233226e+02 4.933652950148962191e+02 4.507358567113824392e+02 3.945408673137966389e+02 3.339856413680362834e+02 2.639153545850310820e+02 3.212886490618341213e+02 3.679052941502966974e+02 4.274172749249612480e+02 4.643404403398165528e+02 5.107542416049815870e+02 5.728852450590386525e+02 6.214951625665206620e+02 6.419291525559933689e+02 6.165529431022807785e+02 5.592465188044441220e+02 4.983802337524394375e+02 4.471763559288362444e+02 4.566265871172063839e+02 4.706941656578269999e+02 5.420305751459067096e+02 6.026601053160313768e+02 5.926088041035518472e+02 5.381771442406861752e+02 4.888204848356933780e+02 4.442986043622706802e+02 5.009796877462234761e+02 5.693172412026378879e+02 6.278099805428678337e+02 6.249651731269414086e+02 5.702025211897801000e+02 5.173282304465720927e+02 5.029649707468112183e+02
4.558259508844858487e+02 5.321536632346937949e+02 5.948732632652387338e+02 6.019834670930457605e+02 5.692527678422237614e+02 5.211804647591250159e+02 4.622635339901721068e+02 3.945020518264498719e+02 3.401076033531845155e+02 2.790716531026258167e+02 2.797236987817888121e+02 3.447397505399856641e+02 3.885982305601286839e+02 4.011827878899476332e+02 4.594872977331261268e+02 5.291169746671246230e+02 6.042180781071650699e+02 6.596715111918564389e+02 6.540207463350864145e+02 6.046310160516059113e+02 5.526184560810961557e+02 5.004870283297781839e+02 5.063849274196289798e+02 5.134817433318308986e+02 5.773048843284311715e+02 6.366523113378947301e+02 6.363961660254362869e+02 5.861957991473144602e+02 5.311142824358312282e+02 4.811504752210220772e+02 4.927686942997354436e+02 5.691220815950507586e+02 6.401627476747295304e+02 6.619373044808944542e+02 6.235054644765773446e+02 5.820316773657789327e+02 5.364471556913463246e+02
