output/field_example_lateral_ON/elevation_000006.asc
nrows	150
cellsize	66.66666667
xllcorner	0
ncols	150
yllcorner	0
NODATA_value	-9999
[rows 17 to 33 of 150, columns 111 to 147 of 150]
7.372244356886064907e+02 7.397921062522003695e+02 7.334271080682086676e+02 7.280734201053808192e+02 7.004434180230551874e+02 7.032996715893754072e+02 7.101106635734023484e+02 7.229121795471637597e+02 7.419269550872003265e+02 7.696400302112255076e+02 7.807194010367205692e+02 7.874834267755264818e+02 8.003996753508666870e+02 8.075350313706466068e+02 8.099049269632054120e+02 8.052362609810234062e+02 7.932404511495753923e+02 7.965750059434089962e+02 8.072977468432359274e+02 8.229485653994001950e+02 8.428591671678702824e+02 8.584935051188507487e+02 8.956994957708122911e+02 9.267252606977635878e+02 9.512814353913757941e+02 9.657741701091147206e+02 9.804650385454940533e+02 1.008450373614637556e+03 1.043348238982181329e+03 1.077515157794014385e+03 1.094282001240143472e+03 1.107380556686695854e+03 1.124464294218997111e+03 1.148596910941894521e+03 1.175121898144379202e+03 1.204086004820770086e+03 1.236660717579357197e+03
6.704595395411652134e+02 6.706536744857742178e+02 6.595752487467107130e+02 6.497286657346741094e+02 6.273493188390815476e+02 6.309518394747996126e+02 6.382840260726430870e+02 6.530680981708453601e+02 6.768324777300011874e+02 7.170986361243476495e+02 7.224750053843999922e+02 7.319994746422642038e+02 7.689206319817834583e+02 8.005720077494903535e+02 8.269648943848986846e+02 8.460920450770840944e+02 8.505492088778481730e+02 8.564129596435327585e+02 8.662495096736548703e+02 8.789311932109301324e+02 8.931994907222263009e+02 9.065463963195456927e+02 9.258193192359469776e+02 9.433675728572063690e+02 9.561873166567020235e+02 9.701140928579688989e+02 9.877808112654381603e+02 1.010375695539364870e+03 1.035535065166727236e+03 1.063472300795005140e+03 1.081304962563591971e+03 1.104112601964382065e+03 1.129061618951021501e+03 1.142333807699747467e+03 1.139718871966755842e+03 1.151249300792836266e+03 1.187862213306584408e+03
5.992042284021315481e+02 6.022799485211608044e+02 5.886239593234806762e+02 5.747867463213341352e+02 5.610996905081184423e+02 5.670593464297905939e+02 5.753742189480251454e+02 5.910402279843330007e+02 6.367731498422093637e+02 6.510694222867317649e+02 6.563404117316721340e+02 6.694834753503126876e+02 7.124675943795231206e+02 7.548214323618392427e+02 7.856756407807757796e+02 8.200633911642395333e+02 8.429546510234374637e+02 8.523280382626164737e+02 8.627528996694194348e+02 8.710881127219482778e+02 8.774789247943547252e+02 8.813696851507827432e+02 8.887305467998533004e+02 8.891365720130795580e+02 8.959444395622125512e+02 9.089233198470944899e+02 9.281052125210085251e+02 9.503707644544617779e+02 9.725408325880440543e+02 1.012113454690319486e+03 1.017681699264604504e+03 1.049863401436150525e+03 1.087247214140115375e+03 1.092204043799496958e+03 1.059744556354893575e+03 1.089234638016803046e+03 1.130148216252533530e+03
5.358754595144438326e+02 5.419817491567330308e+02 5.269301458538593579e+02 5.074809380035662230e+02 5.032017185302411235e+02 5.116420608207539544e+02 5.216739695901665073e+02 5.683445504870827563e+02 5.773069642043731164e+02 5.804012626471609337e+02 5.940518868894024536e+02 6.144877728825349550e+02 6.651649008371547325e+02 7.170091223663137043e+02 7.259584987699466865e+02 7.623101288097130919e+02 7.891643920637656038e+02 7.906933317738124742e+02 8.021797804327896984e+02 8.084304765012201415e+02 8.109193872791915965e+02 8.067955394830697742e+02 8.119153823187206171e+02 8.139361007334564420e+02 8.226622795265119521e+02 8.371354153764274315e+02 8.587487045090954325e+02 8.827060050643730165e+02 9.089032418765115153e+02 9.610425725274566275e+02 9.527289476982415408e+02 9.943374042164542743e+02 1.034727185406879016e+03 1.034035347238931308e+03 9.970678350134967332e+02 1.034022833541599084e+03 1.085326813000627226e+03
4.857083217161506923e+02 4.297425133414536162e+02 4.927010084870458400e+02 4.470627745821468011e+02 4.542893207182118545e+02 4.633096964767788677e+02 5.125783804568795858e+02 5.346870739443756975e+02 5.008228174559530430e+02 5.109114486001063824e+02 5.467454860479156196e+02 5.773863423893094478e+02 6.267487241481640012e+02 6.736740396672793167e+02 6.670537134531537049e+02 7.113973181612313965e+02 7.200988396411270287e+02 7.203132753935898336e+02 7.367247765855539683e+02 7.418018097989375974e+02 7.433142628672974297e+02 7.296943504363647435e+02 7.369271924894432004e+02 7.445045053739885361e+02 7.566426802851381126e+02 7.722496967319573287e+02 7.962079282517684078e+02 8.209116495351113372e+02 8.767263807599327947e+02 9.135479154971968683e+02 8.962315038384234640e+02 9.412650935084103594e+02 9.779609833766861584e+02 9.662405255183429063e+02 9.486666518523047671e+02 9.940018864079605692e+02 1.049473160883082301e+03
4.596975367715323841e+02 4.254512676389332455e+02 4.338453672104426460e+02 4.878594308174990601e+02 4.912778774071706493e+02 5.165381891607090665e+02 4.774201147736836788e+02 4.862880051767213558e+02 5.239891757609148044e+02 5.500319403813603003e+02 5.109114486067730354e+02 5.228173889719504359e+02 5.862349694495849235e+02 6.219922699986766474e+02 6.121494581402662334e+02 6.506471825483952216e+02 6.527241963360513637e+02 6.539778683401636954e+02 6.843590488499085041e+02 6.833774997898825632e+02 6.965483899239873153e+02 6.601757924601041623e+02 6.735652797646188219e+02 6.871796570767421599e+02 7.014767088177734422e+02 7.164605139952697073e+02 7.514500437479065340e+02 7.971149909899232853e+02 8.312952541675284692e+02 8.573508096088254433e+02 8.468181660351455093e+02 8.880372862274612089e+02 9.162147042823937682e+02 8.977924354730906771e+02 9.576876536398523285e+02 1.006231533342691250e+03 1.057883137852128129e+03
4.150124938255648885e+02 4.385338242988242996e+02 4.466815659518681514e+02 5.196378911867233228e+02 5.539244518665967689e+02 5.736470267541775456e+02 5.567580801940158608e+02 5.364069044875011514e+02 5.174905368734722515e+02 5.779316042457751337e+02 5.831294724879351179e+02 5.900188146145843575e+02 5.409856722808417544e+02 5.522142835504596405e+02 5.614562970284824814e+02 5.744594844697693361e+02 5.875536962410942579e+02 6.005564664579496821e+02 6.130827493132940162e+02 6.263770354932347573e+02 6.397825612267419046e+02 6.712130875385515765e+02 7.210965916166940133e+02 7.460975248694660422e+02 7.728367253026584649e+02 7.770354583791033747e+02 7.370934280852852680e+02 7.532891041604945030e+02 7.707587638691525171e+02 7.887428018098147504e+02 8.058346176314265676e+02 8.260671066180286743e+02 8.489747794458095314e+02 8.786004446745324685e+02 9.156114805519886204e+02 9.607842670991335581e+02 1.016376076534239019e+03
4.458121919891697189e+02 4.373654314141234067e+02 4.602050814272668617e+02 5.162053889139665444e+02 5.717160444591726218e+02 6.157563176825011624e+02 6.069456943470240731e+02 5.548568451011122988e+02 5.457207214868282108e+02 6.052325323625290139e+02 6.428581722674310868e+02 6.448786454668020269e+02 6.262504163842642129e+02 6.267556929849440621e+02 5.898075798303176498e+02 6.436675939334162422e+02 6.601634556782411209e+02 6.736312736111623281e+02 6.490178697453482073e+02 6.828060226248853724e+02 6.851629310660307510e+02 7.216187080812657086e+02 7.229495742395976094e+02 7.824529678499118290e+02 8.267967586163470060e+02 8.249061568112435907e+02 7.755248497331907629e+02 8.222105549148266164e+02 8.408311202981118413e+02 8.529170510284412785e+02 8.421169722260444814e+02 8.618017771340823856e+02 8.904182660390258661e+02 9.183740749670135983e+02 9.513903444777596405e+02 9.947093076979374473e+02 1.048469639704014526e+03
4.833493628105717335e+02 4.860543076223115690e+02 4.940223455318710535e+02 5.024486256491950371e+02 5.663233388591997937e+02 6.264739624862182836e+02 6.359444698966225360e+02 5.880017288608263470e+02 6.111644965518385106e+02 5.950886262518312151e+02 6.644513223637869714e+02 7.083032682490343177e+02 7.030937778117928474e+02 6.783701770434651053e+02 6.231386042082352787e+02 6.831421440460845815e+02 7.215322670805751386e+02 7.323155989675678939e+02 7.177747885486837731e+02 7.006370120716119345e+02 7.451750878745291402e+02 7.470416754722517680e+02 7.579973249283596033e+02 8.160044041991686754e+02 8.665002612170385419e+02 8.648488536374602518e+02 8.197994996607047824e+02 8.716667302919427129e+02 9.134237891805432810e+02 9.227933645813297971e+02 8.902443121462262070e+02 9.309758810168425498e+02 9.304904561242109367e+02 9.632003195145864538e+02 9.958202166527347572e+02 1.033883353566613323e+03 1.084295764933151759e+03
5.219364107982977430e+02 5.287408098535962608e+02 5.328937933329650605e+02 5.394795988090476158e+02 5.516906093372680289e+02 6.289259455881178837e+02 6.626930836981127868e+02 6.260190598742216253e+02 6.619799149129300986e+02 6.307829775225600315e+02 6.978576724790052594e+02 7.540890369804290003e+02 7.514029861878060501e+02 6.896593898206496078e+02 6.719173186756308951e+02 6.810054468940799097e+02 7.480025884094687854e+02 7.907201014125832899e+02 7.833051579623660245e+02 7.407175511221129227e+02 7.909682751062872512e+02 7.902212041475844444e+02 7.979498182940734523e+02 8.534372859342432776e+02 9.031569198128839844e+02 8.947871771067515283e+02 8.737879679637933350e+02 9.235322667308616928e+02 9.737461171844338423e+02 9.855231543185282135e+02 9.489344406952220652e+02 9.917698645271638043e+02 1.001294759714686961e+03 1.009684488381091342e+03 1.047357158525585646e+03 1.084814381732426682e+03 1.127724608834998207e+03
5.645715953345159051e+02 5.706335155582947891e+02 5.738337279520976608e+02 5.787811408380048306e+02 5.832720138506323337e+02 6.409077764740217162e+02 6.897185982822115875e+02 6.658926573702169662e+02 7.040865207921719957e+02 6.695672239952616565e+02 7.351425982117572175e+02 7.939899408478006535e+02 7.926451593851458028e+02 7.356607893567449992e+02 7.205454557012807300e+02 7.216868536018863551e+02 7.849227125390317497e+02 8.383888267058563315e+02 8.353175115064010470e+02 7.860238859986360467e+02 8.366018977415270683e+02 8.375575861849085868e+02 8.448088318116713253e+02 8.968856344758320347e+02 9.467885306145079767e+02 9.480193023850563350e+02 9.360546159552820882e+02 9.798686652360178186e+02 1.028750800286411277e+03 1.045198793801538159e+03 1.022089163705035162e+03 1.041864679941886607e+03 1.071706059081155217e+03 1.080523074035092350e+03 1.103336710920654923e+03 1.143702073721356783e+03 1.183766280098704783e+03
6.129115014868893923e+02 6.168894639127310029e+02 6.192935800443078733e+02 6.231934296361400811e+02 6.288338597392818201e+02 6.446212917392601867e+02 7.109600123939549121e+02 7.067291204785126411e+02 7.462835717388998091e+02 7.111595731507742357e+02 7.741881811029999199e+02 8.350651880545628956e+02 8.392862654055858229e+02 7.873619253639723183e+02 7.729379952272621495e+02 7.686779361819852738e+02 8.296329547163336429e+02 8.850779843127338609e+02 8.853141274467128596e+02 8.370622963524369879e+02 8.866559316085091496e+02 8.908575837553141810e+02 9.012623387001765423e+02 9.473978241001650531e+02 9.943505142731402202e+02 1.005654408071850526e+03 1.003652159838875946e+03 1.042922849559486622e+03 1.077438665150769111e+03 1.094810372753968068e+03 1.089212253406780064e+03 1.100398817971154585e+03 1.118359473348453776e+03 1.136865975555403566e+03 1.162694047640940880e+03 1.196312042968624837e+03 1.234947857366703374e+03
6.685462994486661046e+02 6.700311230093112727e+02 6.711499629510340128e+02 6.737985661906435553e+02 6.786732723810372363e+02 6.876667868578828120e+02 7.483858101646344494e+02 7.514879178495438055e+02 7.916356587162008509e+02 7.570392894507020856e+02 8.109774728859954394e+02 8.765877105221696866e+02 8.910889539974988338e+02 8.475027047142928041e+02 8.326988303725047444e+02 8.251570376415306782e+02 8.819386996420694231e+02 9.362739579417459481e+02 9.392333841060693658e+02 8.955075851554814790e+02 9.422820055449392385e+02 9.509612335055473977e+02 9.662130472310767573e+02 1.006149507601705295e+03 1.035767727548288121e+03 1.051868749744397746e+03 1.059616430006793962e+03 1.081167479513967919e+03 1.096510461270314636e+03 1.090410757404864853e+03 1.086214172257933569e+03 1.086626436955198187e+03 1.092258726859694207e+03 1.117224498301136009e+03 1.149470761897188595e+03 1.187342276950143741e+03 1.228544694409325984e+03
7.333201057701431864e+02 7.322524186417387000e+02 7.317385731490154512e+02 7.327384177605567857e+02 7.353826541928497136e+02 7.377091447935373481e+02 7.969378371955367584e+02 8.029417574287790558e+02 8.430331983874335720e+02 8.105867978363478414e+02 8.574044139118095700e+02 9.144370477233438805e+02 9.480270376509135986e+02 9.186345602476922068e+02 9.030628668379853252e+02 8.950365760808055029e+02 9.437531027310998297e+02 9.924231941065991123e+02 9.978852379647349835e+02 9.631138486720481069e+02 1.001765138309850613e+03 1.013729519001307949e+03 1.028904738150600224e+03 1.039594015322134737e+03 1.035568392045639939e+03 1.025488452002835402e+03 1.035568850265586207e+03 1.056423316682483801e+03 1.054751707165801463e+03 1.020797552436811770e+03 1.017678132049423084e+03 1.014288682385305719e+03 1.009350260503022014e+03 1.042793481855804885e+03 1.080982628162171295e+03 1.123860502316535076e+03 1.170122881714640243e+03
8.073661214583861465e+02 8.046566199394389969e+02 8.029093896166342574e+02 8.022517874900855759e+02 8.018906317437922553e+02 7.973832495563594875e+02 8.545681097979388596e+02 8.639858894217202305e+02 9.028142816847899894e+02 8.764537659105856164e+02 9.146167308526537454e+02 9.660025297095511405e+02 1.009699725365008817e+03 9.957743708156766616e+02 9.834669983746520074e+02 9.767429010623617387e+02 1.017512202483334477e+03 1.047224153116066645e+03 1.054970998774756936e+03 1.036900254139688059e+03 1.055205290506094798e+03 1.058936379974105421e+03 1.041139285435726833e+03 1.013880863339877010e+03 9.819510374188998867e+02 9.426652172777146461e+02 9.573265941655972711e+02 9.975308480531192572e+02 9.935481243866399836e+02 9.443622823382542038e+02 9.419994267399645196e+02 9.387976820236677895e+02 9.298382634348498641e+02 9.682015789424598324e+02 1.011230656499782526e+03 1.059211870080044719e+03 1.110652522634152092e+03
8.852465013139070606e+02 8.831528473547625708e+02 8.819958036113008575e+02 8.809237979556693290e+02 8.787100338960161707e+02 8.688574344794267290e+02 9.196922247416422351e+02 9.364571699401618616e+02 9.698188808085983510e+02 9.551423102345180496e+02 9.845262182462853389e+02 1.022024445268051068e+03 1.063825017805457719e+03 1.067967337596413245e+03 1.061008544331608846e+03 1.054384038186526595e+03 1.064028891220408923e+03 1.069412557478926374e+03 1.083038793763925014e+03 1.084222816757632017e+03 1.073511053955930720e+03 1.042709275884470344e+03 1.002440251338032681e+03 9.493983433765438349e+02 9.032930241735643904e+02 8.590288899920495851e+02 8.829450980237827480e+02 9.404779794749123312e+02 9.333060302616732997e+02 8.763869826431040337e+02 8.747574620916167305e+02 8.737327399698226600e+02 8.675367706314185625e+02 9.093773025369733887e+02 9.583567042884390048e+02 1.010498134036200440e+03 1.064685752402233220e+03
9.478659294179382186e+02 9.469440523312480309e+02 9.498654393517783774e+02 9.514940895044303488e+02 9.538258949243895586e+02 9.506749993080185277e+02 9.802815956277631813e+02 1.013508606622136199e+03 1.030921383099408558e+03 1.027686868895081261e+03 1.042012269646099185e+03 1.067951963227945043e+03 1.092734500341319517e+03 1.092649758065139849e+03 1.086502694809812283e+03 1.063086913146571760e+03 1.037834232447976092e+03 1.007592321259299865e+03 1.041695812726538861e+03 1.062661787976772075e+03 1.045475168764505952e+03 9.888472066172215591e+02 9.366134292600401068e+02 8.869888294987230211e+02 8.341529520972869705e+02 7.867460462778969941e+02 8.400188378652404708e+02 8.917923252206843472e+02 8.792812906420663239e+02 8.175815957980669282e+02 8.165636723470746574e+02 8.180234105691896502e+02 8.199453659397657930e+02 8.697553474298210858e+02 9.262035507807861450e+02 9.742241612496620746e+02 1.019617965641313049e+03
