output/field_example_lateral_ON/elevation_000004.asc
nrows	150
cellsize	66.66666667
xllcorner	0
ncols	150
yllcorner	0
NODATA_value	-9999
[rows 68 to 84 of 150, columns 37 to 73 of 150]
5.498011583530249027e+02 5.023990421230406014e+02 4.595819928294875467e+02 4.135000786005916780e+02 3.795840195155944912e+02 3.494547713324614051e+02 3.185520211277041653e+02 3.050019933368258762e+02 2.771384108092574365e+02 2.689918829404737721e+02 2.330854503789592798e+02 1.895928074885794672e+02 1.178584958456211211e+02 1.113365564014529525e+02 1.101473609510562000e+02 1.713763494694426299e+02 2.099539589598990119e+02 2.684078544761394483e+02 3.290017542683401643e+02 3.859471443299383964e+02 4.184011559900343400e+02 4.301428179948820230e+02 4.393506326773533033e+02 4.465581981674974372e+02 4.528000644329022748e+02 4.620505197138240305e+02 4.743691386851925813e+02 4.778865316788716768e+02 4.608963884517023075e+02 4.298574218667623654e+02 4.448224719208002966e+02 4.529624299656700828e+02 4.968103400293140339e+02 5.431876077579329376e+02 5.944443261592930412e+02 6.390069779110762056e+02 6.779095398043284604e+02
5.406747844923438606e+02 5.149005006471252273e+02 4.916767894604788012e+02 4.644441090773033238e+02 4.403347584552467993e+02 4.167253946455895743e+02 3.896739148753389372e+02 3.650124188382517332e+02 3.349120185531091352e+02 3.061579541062012026e+02 2.601238152259280128e+02 1.965235047499590735e+02 1.335409967446641986e+02 1.058803741131779219e+02 1.095565506482169980e+02 1.825423055529993519e+02 2.281019244679462474e+02 2.696591476413526607e+02 3.217337030818407015e+02 3.650872165774662221e+02 3.700973659903094131e+02 3.654171084268728578e+02 3.726791798955926538e+02 3.846167502737657173e+02 3.986314302426399081e+02 4.171259320481534587e+02 4.544272941913802129e+02 4.868629918308338347e+02 5.030200517337997326e+02 5.017145571958573100e+02 5.140662729929028956e+02 5.180793260461661021e+02 5.547247733608521685e+02 6.045416354777960350e+02 6.469379676211020751e+02 6.878408888950281153e+02 7.277511020320152966e+02
4.696663424111698077e+02 4.534060064338143548e+02 4.517969964836873373e+02 4.450438582819866724e+02 4.406274786405674604e+02 4.363949810102089373e+02 4.130410390434610122e+02 3.792725725789894682e+02 3.415435092710918070e+02 2.997436329207840231e+02 2.471869535240622042e+02 1.893924327867428303e+02 1.094236983726896710e+02 1.058803741065112547e+02 1.153175470326914507e+02 1.678338159813179971e+02 1.874621107283902290e+02 2.036374590193982215e+02 2.727314771116203360e+02 3.171192546133553947e+02 3.076087649939809125e+02 2.904869779099482230e+02 2.990952089323745895e+02 3.135236198455174872e+02 3.302879027611341485e+02 3.498982688253724405e+02 3.994141829698621109e+02 4.544480048667847427e+02 4.892036173589174268e+02 5.164151134749556604e+02 5.477332132253466170e+02 5.721874196203442580e+02 6.017625739901474162e+02 6.340745744883848829e+02 6.575550688084498461e+02 6.848924539142773256e+02 7.210807519819471736e+02
4.100469891402063354e+02 3.765044613069095476e+02 3.741036134013597803e+02 3.731275854822570182e+02 3.774347574136324965e+02 3.871994770747773487e+02 3.785872575342680193e+02 3.370137819990266053e+02 2.956900057786313596e+02 2.540036793890270133e+02 2.014150642138690159e+02 1.246685332155621353e+02 1.144266375691775863e+02 1.044615528213759745e+02 1.503105862328446847e+02 1.331130439705293043e+02 1.648664723174744609e+02 2.006196574194183597e+02 2.307936892027937006e+02 2.575095554530807362e+02 2.597347704727491191e+02 2.209230733184239455e+02 2.343321714204319335e+02 2.496435431788701749e+02 2.670797044611215370e+02 2.875096570485318921e+02 3.541299679634323638e+02 3.985359811869180930e+02 4.296299463453327121e+02 4.698321542306164247e+02 5.229436814059722565e+02 5.555778642921577557e+02 5.846421906162514688e+02 6.039325982033124092e+02 5.998650307205197123e+02 6.203146968876112624e+02 6.650758731321948289e+02
3.584073417419447765e+02 3.273542874744265418e+02 2.981698831192285297e+02 2.980663198153786766e+02 3.043210813988128507e+02 3.215410324425351973e+02 3.349583959388640437e+02 2.911506408279650486e+02 2.431464760848964488e+02 2.021618347279809598e+02 1.664352018750468858e+02 1.390241611088098068e+02 1.014909371854015774e+02 1.418555931077642072e+02 1.565155744394920134e+02 1.866919110719033483e+02 1.527381985862079716e+02 1.648912262779369655e+02 1.764913280659827990e+02 1.885268735463220082e+02 2.000328066707135974e+02 2.309203986526263179e+02 2.658597111572279346e+02 3.011707208974207788e+02 3.371825816915991822e+02 3.517853135318051727e+02 3.168613812989298708e+02 3.357322105418997467e+02 3.587509910225018075e+02 4.258318039318571095e+02 4.754538357293518516e+02 4.942395562007845911e+02 5.290282875355230772e+02 5.415271658008608711e+02 5.255383398877714853e+02 5.560911333867393296e+02 6.167603002043460947e+02
3.143701017570821250e+02 2.826802034339697229e+02 2.577286944291157624e+02 2.325369767272489696e+02 2.373701088429163519e+02 2.566309353034028504e+02 2.856097591562115099e+02 2.555457221049229588e+02 1.972434164710976745e+02 1.579835859489316192e+02 1.261295544458925519e+02 9.837742813064792813e+01 1.148658087047813439e+02 1.581579110842904186e+02 1.994000352390536079e+02 2.402189803559205359e+02 2.327177108141515873e+02 2.305427063224370272e+02 2.221505818760392401e+02 2.372567328757243672e+02 2.092277330204029795e+02 2.707612123169956817e+02 3.239545792501673986e+02 3.318986595265129722e+02 3.798230859117119280e+02 4.077466503594397409e+02 3.871731784259400229e+02 3.949365771175839654e+02 4.208888234972308169e+02 3.897294391999483310e+02 4.102804318871052374e+02 4.327697506604362729e+02 4.576731805974026202e+02 4.849555325810567297e+02 5.518561216157035005e+02 6.046303949052512507e+02 5.998092078653704675e+02
2.722989777671200500e+02 2.405121242987116545e+02 2.180004536791998930e+02 1.982886854232697829e+02 1.781771165427593928e+02 1.964841016829324758e+02 2.371667751875558565e+02 2.279587503086008553e+02 1.828003762644532912e+02 1.192835247995849244e+02 9.518624525054941898e+01 1.226665523110791298e+02 1.648610611418530425e+02 1.959418186638441455e+02 2.372221096074204354e+02 2.851707361834788230e+02 3.123927808865618658e+02 3.085011738190258939e+02 2.826417013272441068e+02 2.975869619327677356e+02 3.087836279262249946e+02 3.263895573691735308e+02 3.776671859983174500e+02 3.914505508217426382e+02 4.106915272499725802e+02 4.594327649339458048e+02 4.581299686716581050e+02 4.607398779555521173e+02 4.820452499092893959e+02 4.508296541945517220e+02 4.626987108504023922e+02 4.996922444011118500e+02 5.324358011582614836e+02 5.375938679088228582e+02 5.856408068655391617e+02 6.470233482713991862e+02 6.642884434742456961e+02
2.426139359128468698e+02 1.974783932623919895e+02 1.790049500348629579e+02 1.614403808579310748e+02 1.441005470788650769e+02 1.441005470721984238e+02 1.847384519951393997e+02 1.789387618890243061e+02 1.497999238791645098e+02 9.220601115650583779e+01 1.054034193975358988e+02 1.417162297585835518e+02 1.780100557440250668e+02 2.290978151624079260e+02 2.823131670900384620e+02 3.309295786943872031e+02 3.737985275576043591e+02 3.789259921000787585e+02 3.544634397426019063e+02 3.688252936933176329e+02 3.845445337193705200e+02 3.991877946779667923e+02 4.365142558054455435e+02 4.538083883545504591e+02 4.699715567043025999e+02 5.022008399932610700e+02 5.263826103744177090e+02 5.294780007437740323e+02 5.442945157595059982e+02 5.209825820861587999e+02 5.304678911166536182e+02 5.631255328217710030e+02 5.986764733596423866e+02 6.054383843877257050e+02 6.421690356659631789e+02 6.866434546484822476e+02 7.299739072947108980e+02
2.271655378340102800e+02 2.326639871994690054e+02 2.313269844424360997e+02 2.242978951050252192e+02 2.076808301576470512e+02 1.860268808329922194e+02 1.209035015835728757e+02 1.209132668478709860e+02 1.189815342556115212e+02 9.220601114983917057e+01 1.378010029901579685e+02 1.716522501186137220e+02 2.192370786881353411e+02 2.700538962879909946e+02 3.225910165425465266e+02 3.763964633640024999e+02 4.112368668203266111e+02 4.251023422021797842e+02 4.209904211100336511e+02 4.322562926479973839e+02 4.492856803365028782e+02 4.684130506219674430e+02 4.911435718343028043e+02 5.091964166857267173e+02 5.255058893183470445e+02 5.479554458333240063e+02 5.709544725953596753e+02 5.834331828640403046e+02 5.939262538006620389e+02 5.894150473235151821e+02 6.008592530379467007e+02 6.253941324995487321e+02 6.511289993195794068e+02 6.710675113172283091e+02 6.994438140405834474e+02 7.303648842950186690e+02 7.583772920006279037e+02
2.972434933343621424e+02 2.903652588503552465e+02 2.893705767382554086e+02 2.840672285525879488e+02 2.605879608467211597e+02 2.176409272763429783e+02 1.642469042548395635e+02 9.698726053744424291e+01 8.905675581889573778e+01 1.275960711155793206e+02 1.706719335350148299e+02 2.134337943859453048e+02 2.590563700773223559e+02 3.147619153810306898e+02 3.575059731821694413e+02 3.905772988780756805e+02 4.027265729858801819e+02 4.114391005014873031e+02 4.197618175221728620e+02 4.337061115518885686e+02 4.568432546710561155e+02 4.832926625847102855e+02 4.991801503770590216e+02 5.075248982427604574e+02 5.171426944668281749e+02 5.316048214554410833e+02 5.499937662747287277e+02 5.680331844949258766e+02 5.815256722999196199e+02 5.925433752624969657e+02 6.136273663988366707e+02 6.380793085187571023e+02 6.541231238741183915e+02 6.782307010157462628e+02 7.054301526820228219e+02 7.221170554090939504e+02 7.264066716053636128e+02
3.727439711182773294e+02 3.546129904680395839e+02 3.401393899741453311e+02 3.123141979720236350e+02 2.669165169697526494e+02 2.104715988598980232e+02 1.525989913653283452e+02 8.586737506652467289e+01 1.229631859454497658e+02 1.640064626587855798e+02 2.054864629221628149e+02 2.472816495198985649e+02 2.900651295873322510e+02 3.288733342135274142e+02 3.422892600254950821e+02 3.463812907717326084e+02 3.414742956440539956e+02 3.482828218975470236e+02 3.612860982975265642e+02 3.762506175730226232e+02 4.094586020782793412e+02 4.438508417171902920e+02 4.424017270865567752e+02 4.461704423585528616e+02 4.535732085500866901e+02 4.642311063429565365e+02 4.800747131815813304e+02 4.984195775180378405e+02 5.060679240512010892e+02 5.235411045712997975e+02 5.593720389249058371e+02 5.878346653425467139e+02 5.905541032118437670e+02 6.224055769230357100e+02 6.580930145010735259e+02 6.632563684252611438e+02 6.584639788386558621e+02
4.016870030131045155e+02 3.737349959266074961e+02 3.393390553216617036e+02 2.939903674505139861e+02 2.313593556599226702e+02 1.672356423967110004e+02 1.010030399778072052e+02 8.586737505985800567e+01 9.499612203110106634e+01 1.557876841217863557e+02 2.007765642932443200e+02 2.349412172697522294e+02 2.702928183624758276e+02 2.903714238524458437e+02 2.730378051071994037e+02 2.721817824351782065e+02 2.723229915025936521e+02 2.818613972324312158e+02 3.007596193279047156e+02 3.214437577776236594e+02 3.658655249118796178e+02 3.772067298642982678e+02 3.692959420317606600e+02 3.760643331836740231e+02 3.865244776847169987e+02 3.983956745704101081e+02 4.129895530538234993e+02 4.280948828999432294e+02 4.261126046944512495e+02 4.614836769339791545e+02 5.002311214964279316e+02 5.149591419454975494e+02 5.208353370438944694e+02 5.582448445850358212e+02 5.921386783890070546e+02 5.979432964207959458e+02 5.909226347420017191e+02
3.595788673821856491e+02 3.304088224317478080e+02 2.957899117237353721e+02 2.468787730846744637e+02 1.907297807285344504e+02 1.353937008801781303e+02 8.356147527594346514e+01 9.553970095796159967e+01 1.321581698760595600e+02 1.121689496204642182e+02 1.674886099769967132e+02 1.850232880565913831e+02 2.299615946333842089e+02 2.347278754764848543e+02 1.920245707474134065e+02 2.022697610497027938e+02 2.130070953973491044e+02 2.246127547822825932e+02 2.590252984535987366e+02 2.964153198371939766e+02 3.209570555409981694e+02 2.851960832836539339e+02 2.977203193399882935e+02 3.119567545273692417e+02 3.267348310496400927e+02 3.428372224823242504e+02 3.584789231053113667e+02 3.737002625551785400e+02 3.878943533995926032e+02 4.053259703537024734e+02 4.241986866949911814e+02 4.441510052380897378e+02 4.653523891071041589e+02 4.881230806975701739e+02 5.139763508345913579e+02 5.420736849181085972e+02 5.977566767385707180e+02
2.890644081779415728e+02 2.686211556507751652e+02 2.574223388468300868e+02 2.012739378817369413e+02 1.502744267955132216e+02 1.051905806116316029e+02 8.146253613678638317e+01 1.334942228209438326e+02 1.655195427938149919e+02 1.659950530887299180e+02 1.307058558259826953e+02 1.687670403515008957e+02 1.957568687585218754e+02 1.749000711005631388e+02 1.981917627598546687e+02 2.293160156666250771e+02 2.594388138408693294e+02 2.695131415922371048e+02 2.420408402612729901e+02 2.532758116119326246e+02 2.654288776465200499e+02 2.897663362522592934e+02 3.358997475647385045e+02 3.678495598495579202e+02 3.751492280216487529e+02 4.080511591494163213e+02 4.189332032542805564e+02 4.282888216192582718e+02 4.364390547597240584e+02 4.711617490009887206e+02 4.663303369175364423e+02 4.989734981451931617e+02 5.375185484262123055e+02 5.473330132624543012e+02 5.844218399818731768e+02 6.162410249961917543e+02 6.081227690227776748e+02
2.188324696566713499e+02 2.054844588236695699e+02 2.121949838102551666e+02 1.680661225773414458e+02 1.240271068065449356e+02 1.083332001871243904e+02 8.146253613011971595e+01 1.428444268886134125e+02 1.980832560862994001e+02 2.069104979147740551e+02 1.918348304982615389e+02 1.477661019786920917e+02 1.589930282474692831e+02 2.041075605200122709e+02 2.375524268618680992e+02 2.393085011768446861e+02 2.625203166965828245e+02 3.149842132241142849e+02 3.171635557987828520e+02 3.156342781712775150e+02 3.185477713496292722e+02 3.307347691730328165e+02 3.429345573397386033e+02 3.921032879462658229e+02 4.369820493910559094e+02 4.524148839757860401e+02 4.856093777504179343e+02 4.950166310537558161e+02 5.025249434726853792e+02 5.212564954625022438e+02 5.219258262362332061e+02 5.559572221759235617e+02 5.891534433703968716e+02 6.190423462037341551e+02 6.514199346509601583e+02 6.842293462798390919e+02 6.811133942627167244e+02
1.885877337908077038e+02 1.449590853640609680e+02 1.686506032481295279e+02 1.318205110054097133e+02 1.117002153562838060e+02 7.811583971611973709e+01 1.045033812890193019e+02 1.750789363421584142e+02 2.286534633149204012e+02 2.596020999634522468e+02 2.416060606097065886e+02 2.173478176332696421e+02 2.187726008210266286e+02 2.267900009860322825e+02 2.705617427933021872e+02 2.730445165639808351e+02 3.036957304587814974e+02 3.488606979143048648e+02 3.899600355938671896e+02 3.886932901141994989e+02 3.829222558028615708e+02 3.891876543867088003e+02 4.008414156957877594e+02 4.243166565703276660e+02 4.796155351851970181e+02 5.160468967601027543e+02 5.456149856612264557e+02 5.689687167588323291e+02 5.741064909982499103e+02 5.870639983353720481e+02 5.906500599827643327e+02 6.208854674382982921e+02 6.521323950564690222e+02 6.833574500929629494e+02 7.182789041729851078e+02 7.398244436511886306e+02 7.472333910922960740e+02
1.221637484848445609e+02 1.005992633797892211e+02 1.282676206077732672e+02 1.031785353707864488e+02 7.477304534716462570e+01 1.205312999777003284e+02 1.501646371289901651e+02 2.094663099096149494e+02 2.676571899624801745e+02 3.071364741758603145e+02 3.102279599685365383e+02 2.950788219115059405e+02 2.918923217179836342e+02 2.860442013597739788e+02 3.063947078138942288e+02 3.245700938488283782e+02 3.429239956263522231e+02 3.945305123603055222e+02 4.395459112464313307e+02 4.620618591314233186e+02 4.548504448451953976e+02 4.577847492167020960e+02 4.686047790867153253e+02 4.880315966061740482e+02 5.351053304735403344e+02 5.729228184152456151e+02 6.012556206617092585e+02 6.225865412941809609e+02 6.332359077217043932e+02 6.443740001195010336e+02 6.541047679926438150e+02 6.775684363991632608e+02 7.047886606176579107e+02 7.317428113004251600e+02 7.520601719633966695e+02 7.526421848957090788e+02 7.451005346071556232e+02
