output/field_example_lateral_ON/elevation_000050.asc
nrows	150
cellsize	66.66666667
xllcorner	0
ncols	150
yllcorner	0
NODATA_value	-9999
[rows 17 to 33 of 150, columns 111 to 147 of 150]
6.467930261106546368e+02 6.360571907302957015e+02 5.790711532329034981e+02 5.795808498237673803e+02 6.350928985406782203e+02 6.897933910949684559e+02 6.849620264084576320e+02 6.307938431100549224e+02 6.845222782228630649e+02 7.276140058499977386e+02 7.178781100408975817e+02 6.703505200189883908e+02 7.311928449496376743e+02 7.786638686101679241e+02 7.770092963807363731e+02 7.224555954052217430e+02 6.619640633924166195e+02 7.189174141367927859e+02 7.639679071158174111e+02 7.537535898156635312e+02 6.998506928036833870e+02 7.594375763587294159e+02 7.939646363224019296e+02 7.710812268853505884e+02 7.174080803259580534e+02 6.946018030917159649e+02 7.719403758296917886e+02 8.108566699632448262e+02 8.697770795368586505e+02 9.274199550507504455e+02 9.717152402255155721e+02 9.823856292129173653e+02 9.452693786356011287e+02 8.979220811762199901e+02 9.041168681296309160e+02 9.121234533978175705e+02 9.685815478376156307e+02
6.805601559897405650e+02 6.778714329650150603e+02 6.234429700192860082e+02 6.248534741320557941e+02 6.417034770699215187e+02 7.113785601048092531e+02 7.230973508690407243e+02 6.767985627794473658e+02 7.292999253621205753e+02 7.726589051721417718e+02 7.532903642962521644e+02 7.340588469618334102e+02 7.502902098223130452e+02 8.137062166206674192e+02 8.148298969762209936e+02 7.612456744552916916e+02 7.035144280395772967e+02 7.596899922578597852e+02 8.078606020992227741e+02 7.997659871309775781e+02 7.463799849505594466e+02 7.580944730118297912e+02 8.221678888908240879e+02 8.245057074754129189e+02 8.048286478250184928e+02 7.604970712256140359e+02 7.366792743042778966e+02 7.366792743109446064e+02 8.145984787921119050e+02 8.978162900931622517e+02 9.769645205291047887e+02 1.020367830007072257e+03 1.005225328369864769e+03 9.603594463182039362e+02 9.652816503253002338e+02 9.683883872310703964e+02 1.011445781729135547e+03
7.369227650237151011e+02 7.281560344387202122e+02 6.734374336377612735e+02 6.738248080206352597e+02 6.850313162070083308e+02 7.481593735391011251e+02 7.666938936381740177e+02 7.303402204333858663e+02 7.794051234569957387e+02 8.230034219977093244e+02 8.125104502962777815e+02 8.009952896665229218e+02 8.092426342633223157e+02 8.560349238638325460e+02 8.554948515033461263e+02 8.027141250145828053e+02 7.518114166661359832e+02 8.047993665704050272e+02 8.528533621272664504e+02 8.471390028166529191e+02 7.958972579708312196e+02 7.986970851176115502e+02 8.543084237685369544e+02 8.901324703733899923e+02 8.743486188966593318e+02 8.272376056493868646e+02 7.798915472115763805e+02 8.141299168767665151e+02 8.256281451254271815e+02 8.957472335734190665e+02 9.739159985336461887e+02 1.044030646718266325e+03 1.057135082327915825e+03 1.030333056759798183e+03 1.035590851316122553e+03 1.039210835674423379e+03 1.072167810380968149e+03
8.011164545694052777e+02 7.850659815530082142e+02 7.315753530493079779e+02 7.294357096483789746e+02 7.349615995930220151e+02 7.940541259052738496e+02 8.094818137336860673e+02 7.992286562275695587e+02 8.368121007420896831e+02 8.758127772236988449e+02 8.753159026544401513e+02 8.705209653133046004e+02 8.756319757665881980e+02 9.074710227810130618e+02 8.986279392094177183e+02 8.406150033175841827e+02 8.152025858248044869e+02 8.564371509500444972e+02 9.012846951675779792e+02 8.977932594177786996e+02 8.506044637154868724e+02 8.467545460830561979e+02 8.987150514475882801e+02 9.429507039090115086e+02 9.292519550613287720e+02 8.654323561999333378e+02 8.476343632973929516e+02 8.594064194064073945e+02 9.023495174697852690e+02 9.523691069520340307e+02 1.021060479355069219e+03 1.074773999491032555e+03 1.099206735759945104e+03 1.097460480166999332e+03 1.104503024264417718e+03 1.112111660680429168e+03 1.130736385665435819e+03
8.628529566951085599e+02 8.440452834884872573e+02 7.993158575878646843e+02 7.941881224893843410e+02 7.941171954669391653e+02 8.494281698542190497e+02 8.713472380001028341e+02 8.740103642325060491e+02 9.004914142404323911e+02 9.194114536362269519e+02 9.245359576548098630e+02 9.262942866655661192e+02 9.362283580279494117e+02 9.533252095785605889e+02 9.430643082078183852e+02 9.055212811183093891e+02 8.934083457962882449e+02 9.113839752070440454e+02 9.513950151092208216e+02 9.512291782674834622e+02 9.130219747972004143e+02 9.054529825481926082e+02 9.506064399739445889e+02 9.934887195573651297e+02 9.817647925482525579e+02 9.295605854575647982e+02 9.199028621312202176e+02 9.281591167590671603e+02 9.698213293705027809e+02 1.018067484714796024e+03 1.058243797637271200e+03 1.087049241510498177e+03 1.088260282426325148e+03 1.104377185140197525e+03 1.124170930345584566e+03 1.131336997848538203e+03 1.128188382441118165e+03
8.863552404741345754e+02 8.915348481394610189e+02 8.733218073805273889e+02 8.681375979714869118e+02 8.634093642776585966e+02 9.081893034477051287e+02 9.318644615702772853e+02 9.316975160430395135e+02 9.282196408015640827e+02 9.138231151249515278e+02 9.004133657702343498e+02 9.067561079840327238e+02 9.297684447832775732e+02 9.587027146357395395e+02 9.740029296525797236e+02 9.637912514154651262e+02 9.576896350966072760e+02 9.711793371332843208e+02 9.934725633001238521e+02 1.000154193676349450e+03 9.820251258466945501e+02 9.770880845576616593e+02 1.010247974783616428e+03 1.047125316888795169e+03 1.040608608859532978e+03 1.003439411636393174e+03 9.988100199333532601e+02 1.006674219090936276e+03 1.035954789266912940e+03 1.056988219659403967e+03 1.063699954952050803e+03 1.048721048107687466e+03 1.017202245464779935e+03 1.048591833520830733e+03 1.085355474399334298e+03 1.086493848044051674e+03 1.059132207443783500e+03
8.619514160630993729e+02 9.033681912548398714e+02 9.313302858275413882e+02 9.418896369129452069e+02 9.370814291744385400e+02 9.565197183568471928e+02 9.556465224880125788e+02 9.285730165756672250e+02 8.957546255086415385e+02 8.534682026922930618e+02 8.222973376735480997e+02 8.317737842161894832e+02 8.705017636032195014e+02 9.212379385101320395e+02 9.544139505051360857e+02 9.569049111227710682e+02 9.503377786855156728e+02 9.633832880925156132e+02 9.894463235980672380e+02 1.016873414105312463e+03 1.033990483081816365e+03 1.046182862003812033e+03 1.072650669354250795e+03 1.095305097116378192e+03 1.093221485134911291e+03 1.078762774821511130e+03 1.074546797215920378e+03 1.072400437944889291e+03 1.068727866538274611e+03 1.048197965410935922e+03 1.022371463593869748e+03 9.847233762675898561e+02 9.456557943658216345e+02 9.903046744261835101e+02 1.032068718897055987e+03 1.027409805425582135e+03 9.846853589671684404e+02
8.111870089105908619e+02 8.749731353231391040e+02 9.376509091128804130e+02 9.868006303698091415e+02 9.890272870103715377e+02 9.716811582439456743e+02 9.342765558339654035e+02 8.806927256991508557e+02 8.339243038738039786e+02 7.896263171651874018e+02 7.464094178038876635e+02 7.600838194399993881e+02 8.124611882701509558e+02 8.663135259738022569e+02 9.098421388972435579e+02 8.981688323852760050e+02 8.797383774804318364e+02 8.952702890671856721e+02 9.345194781755187705e+02 9.817328075489923549e+02 1.019041204621610405e+03 1.054454449408433902e+03 1.090208720663385520e+03 1.108738673918925542e+03 1.102260753044595049e+03 1.104338632352224067e+03 1.108682372395424181e+03 1.084873469177221068e+03 1.045587097797794058e+03 9.940943494589500915e+02 9.528149343468130610e+02 9.174642926274773345e+02 8.870116708963375913e+02 9.387652270590442640e+02 9.737888862533051224e+02 9.641396121974802327e+02 9.255706270532415374e+02
8.539148258091083790e+02 9.119696676243991078e+02 9.718129454238377321e+02 1.004202874498051528e+03 9.877780848669892748e+02 9.460387079120113185e+02 8.870291044849640230e+02 8.315972068530211345e+02 7.753851125347772495e+02 7.277341459034420268e+02 6.842999783584641591e+02 7.029681528813151772e+02 7.633385482391272490e+02 8.244996025505777197e+02 8.614650382556894783e+02 8.460414393833887061e+02 7.973173865739587427e+02 8.309456380279476662e+02 8.755944531490346208e+02 9.185103728138030874e+02 9.618010566007104671e+02 1.009954338289402131e+03 1.060867892126961124e+03 1.069764094805341529e+03 1.044427561542687727e+03 1.055352296722303890e+03 1.080564305713871363e+03 1.057316612053266681e+03 9.958829506166383680e+02 9.400108933121865675e+02 8.862997273860557925e+02 8.459408205717335250e+02 8.412715651310136309e+02 8.994210284405312450e+02 9.083380801467756100e+02 8.903593625056644214e+02 8.768695278889827023e+02
8.940246848618784270e+02 9.512928340947595416e+02 9.906612298910274603e+02 9.946096767561208480e+02 9.576234332059774488e+02 8.983309449745092934e+02 8.413591330924731437e+02 7.822329338121301134e+02 7.300414817953818556e+02 6.788107429719627817e+02 6.326308906979865014e+02 6.689309890484765901e+02 7.312460205152572144e+02 7.943467123929142417e+02 8.028202956583525065e+02 7.913952492882691558e+02 7.358983725853411215e+02 7.753394470922669370e+02 8.153691709547206301e+02 8.563230997469593149e+02 9.041708647461716737e+02 9.681056664908984430e+02 1.022899742473495962e+03 1.018462873386842148e+03 9.788249884947847477e+02 9.980287696461235782e+02 1.043541735418394182e+03 1.026867348921281291e+03 9.557346652305200223e+02 8.852872510163376774e+02 8.382985672302546618e+02 7.862961857514063695e+02 8.130786594690730453e+02 8.507236137186511087e+02 8.562846017560054861e+02 8.168414037188706516e+02 8.589554671268688253e+02
9.215044299219192681e+02 9.657443672155997092e+02 9.830609361676791877e+02 9.670543179702481211e+02 9.111646939474373994e+02 8.531255074744452713e+02 7.941365002486210187e+02 7.419325112921726486e+02 6.890811307995911648e+02 6.416134348246442869e+02 5.958674182777256192e+02 6.682040185857919141e+02 7.282920955076390328e+02 7.605984628576352407e+02 7.411994672224205942e+02 7.372026099835487685e+02 6.865018595336816816e+02 7.249373318259160897e+02 7.637216331109385692e+02 7.999903778171999420e+02 8.626459401380445797e+02 9.359961261797243424e+02 9.878111341463643384e+02 9.689381592102291734e+02 9.182587873277385597e+02 9.628790196830225341e+02 1.010671022444831124e+03 1.009244169246424917e+03 9.470746873149104204e+02 8.712961130734637436e+02 8.020070258593278822e+02 7.517215649999108109e+02 7.517215649932441011e+02 7.879196091462504228e+02 7.930904672920901248e+02 7.783050577800607925e+02 8.434503438331449843e+02
9.279543678771818804e+02 9.371952427175954199e+02 9.349462112367031068e+02 9.308480019343472804e+02 8.731056648127715789e+02 8.064729694128417350e+02 7.531685906029287025e+02 7.029458649967681367e+02 6.564185562740497062e+02 6.078277542790708594e+02 5.638440325113427889e+02 6.322313745598598871e+02 6.992890831030233585e+02 7.135908389788513659e+02 6.761234736888216048e+02 6.713163731263456384e+02 6.456166285045076165e+02 6.821269843794866574e+02 7.268765828773167641e+02 7.926697412421775653e+02 8.656937592535346084e+02 9.364927815878360207e+02 9.569826903740666921e+02 9.216351254479235422e+02 8.708169619640430028e+02 9.232689317829405127e+02 9.770226052685208060e+02 9.983018254861678997e+02 9.623785801315356139e+02 9.063925834638766901e+02 8.530535125943630419e+02 8.107405372776978538e+02 7.729823066669862328e+02 7.137008932645420600e+02 7.299415170324624569e+02 7.842514186587624181e+02 8.449517059133937664e+02
8.963368696236875621e+02 8.717181113124661351e+02 8.728868605705844175e+02 8.914167667040288734e+02 8.446696811800425166e+02 7.717465526137548295e+02 7.088605957242305067e+02 6.684703225957199493e+02 6.245613698004937078e+02 5.817923153583094518e+02 5.350872882191582676e+02 6.166264994884922999e+02 6.666002069996285400e+02 6.639126592147226802e+02 6.169119295152436280e+02 6.054997474218088200e+02 6.694120772792505250e+02 7.334344375921230039e+02 7.864348599586991213e+02 8.363122722912336258e+02 9.012677944159449908e+02 9.421062349783368290e+02 9.307635168299668749e+02 8.815720969032485073e+02 8.297521981145512200e+02 8.834992237654187193e+02 9.335139159804427891e+02 9.689753102550528183e+02 9.450215741845250932e+02 8.984326343682439528e+02 8.491091230032001249e+02 8.026019453113298141e+02 7.547123250981633191e+02 6.868047521908923727e+02 7.480701452954875776e+02 7.921590055420482486e+02 8.502309332351511557e+02
8.411697339269148870e+02 7.945728115719879270e+02 8.092472176026094530e+02 8.560612828683182443e+02 8.454509509710659358e+02 7.823070731980767505e+02 7.072557639882022613e+02 6.385713903183219600e+02 5.929415409462773141e+02 5.564791767550178747e+02 5.350872882124915577e+02 5.956053211893023445e+02 6.112235677179301092e+02 6.042682473559200389e+02 5.653761732560197970e+02 6.073003983280808598e+02 6.677667174156955525e+02 7.328763608386918804e+02 8.015773349936357590e+02 8.714608758769201131e+02 9.235727017566222230e+02 9.379940190130350857e+02 9.029632063025411526e+02 8.469115313444599451e+02 7.927093134346126817e+02 8.433881026023026379e+02 8.979686400363127632e+02 9.298485712578254834e+02 9.023438055883234483e+02 8.472182520604671936e+02 7.970190229773240844e+02 7.476296045392356291e+02 7.048331596870793874e+02 6.660877721147021475e+02 7.196557427815635037e+02 7.859526136252893593e+02 8.524711394619832845e+02
7.736878239167590436e+02 7.211480844876307401e+02 7.685228112732497721e+02 8.216640372229003333e+02 8.433928275002084547e+02 8.099033514566992835e+02 7.471976084977178516e+02 6.983290926100211209e+02 6.476591789222809439e+02 5.891043153091113709e+02 5.157375352111363327e+02 5.509012040259918876e+02 5.495116799707002428e+02 5.293781488549733467e+02 6.011492862441283478e+02 6.554920185076746293e+02 6.819630229573489260e+02 7.386097433343484226e+02 8.045699550112569796e+02 8.761578822411793226e+02 9.288174484524183754e+02 9.221275974475535122e+02 8.672282808303539241e+02 8.073710603543643174e+02 7.590703321253336071e+02 8.109371139359209337e+02 8.728473360200223397e+02 8.895623616412104866e+02 8.472824408711344404e+02 7.942266898031434721e+02 7.400903880599443028e+02 6.949012248145554622e+02 6.373914321124649405e+02 6.990968017799787049e+02 7.475205909651084539e+02 7.973573651608572845e+02 8.492653342571217081e+02
7.168264568111324024e+02 6.647342374638147930e+02 7.211043088877655691e+02 7.740375674793214102e+02 8.207903614332533380e+02 8.239973897495963229e+02 7.808599564952121455e+02 7.147482327577818069e+02 6.485224140283396537e+02 5.878028659601519621e+02 5.424464220894703885e+02 4.845402069420641737e+02 4.935594641654016641e+02 5.381102329082774531e+02 6.023152326791978339e+02 6.674709639882634065e+02 7.291500753275067837e+02 7.839296055751852919e+02 8.429324605570171798e+02 8.988512434381550520e+02 9.266826138238586736e+02 8.979924453479076192e+02 8.507225707666603967e+02 7.967316625827326106e+02 7.288413723287793573e+02 7.963794662142278185e+02 8.431963352779548586e+02 8.509793254363648884e+02 8.042919142316144416e+02 7.422166723593257984e+02 6.879858606076021488e+02 6.458264528084877156e+02 6.168300513112701537e+02 6.810579202050869299e+02 7.053180864447098202e+02 7.523908725439929412e+02 8.064304515687917956e+02
6.732491133370623402e+02 6.167767911279737518e+02 6.717890595029632550e+02 7.299955514524035607e+02 7.871043162436902776e+02 8.158644557372057307e+02 7.842502847381614401e+02 7.154051348892530768e+02 6.425690208898698756e+02 5.737614236966478529e+02 5.114618114200915784e+02 4.659131067073509485e+02 5.296762805600767479e+02 5.802302914490471721e+02 6.095084468909138877e+02 6.618255919271095991e+02 7.186170645607498955e+02 7.775360479830300164e+02 8.417045696911142159e+02 9.004793763727951728e+02 9.117592844513001182e+02 8.590397362687406257e+02 7.979922498237990567e+02 7.570925087626849290e+02 6.988263701904023719e+02 7.593789475730433196e+02 7.976194465453347675e+02 8.054504154229322239e+02 7.705008006875247020e+02 7.052794007757045165e+02 6.432124065594509830e+02 5.913710936216513119e+02 6.334362385097393826e+02 6.433128701345051468e+02 6.920574990800519117e+02 7.451259447663539959e+02 8.034403502251534519e+02
