output/field_example_lateral_ON/elevation_000017.asc
nrows	150
cellsize	66.66666667
xllcorner	0
ncols	150
yllcorner	0
NODATA_value	-9999
[rows 0 to 16 of 150, columns 111 to 147 of 150]
8.212959069569535586e+02 8.291751003011422654e+02 8.128047532282154179e+02 8.055203249977261066e+02 8.086126449006759458e+02 8.311994755367142034e+02 8.552235897614655187e+02 8.443575864750125675e+02 8.076817324985737514e+02 7.735164698667950915e+02 7.526318482058951531e+02 7.654693321305164773e+02 7.705948514993131084e+02 7.682463785043457847e+02 7.683931223797345638e+02 7.698729192770910004e+02 7.670835331708296962e+02 7.697382908545339433e+02 7.847266897502070151e+02 8.079799500085526915e+02 8.228823649095883184e+02 8.448358069975249691e+02 8.582003415286824293e+02 8.823241097051439965e+02 9.108403962346011440e+02 9.305579019579943179e+02 9.598605911962522441e+02 9.969425321649638363e+02 1.033989472180926896e+03 1.061375701103978599e+03 1.071437848808673152e+03 1.073831894050043729e+03 1.075873675538379985e+03 1.102449593889016569e+03 1.139548715325335706e+03 1.175424279169002602e+03 1.229161885122459125e+03
7.952325024942250593e+02 7.993379855252653670e+02 7.676669212460044491e+02 7.600194654172128139e+02 7.604163281286777192e+02 7.929886965710486493e+02 8.301575026187008461e+02 8.201490361958636868e+02 7.722933143126159621e+02 7.317357533512434884e+02 7.015104088101837760e+02 7.304284690200945533e+02 7.311120054600510230e+02 7.261754866269503736e+02 7.272125458730201899e+02 7.297287736355813195e+02 7.237151121614268732e+02 7.258165001860272696e+02 7.420537555165163894e+02 7.745330534966225287e+02 7.783457921404350373e+02 8.091226006545887230e+02 8.120014567997535551e+02 8.416673575362493693e+02 8.759970119246706872e+02 8.845025087441858886e+02 9.203203261926222467e+02 9.624176683258936009e+02 1.002261849742484173e+03 1.027595727031640763e+03 1.031705466146437630e+03 1.032190277675399102e+03 1.027513687532528365e+03 1.065246117741206945e+03 1.108867611179133746e+03 1.166480785406638688e+03 1.226535088592390366e+03
7.561674687612638763e+02 7.540807333621620501e+02 7.069665370434594251e+02 6.951699713256781479e+02 6.965672545541810905e+02 7.447931283328612153e+02 7.923731666704987902e+02 7.823299425040006554e+02 7.278279551858363448e+02 6.751180480360452520e+02 6.376701159136213164e+02 6.777752970921810629e+02 6.742664397220640922e+02 6.652730866539317276e+02 6.689109304873758219e+02 6.744726209476881422e+02 6.619380577811364219e+02 6.640742366545191544e+02 6.909631799197511555e+02 7.170829142194058932e+02 7.180191130786382701e+02 7.499672179569936361e+02 7.503929699509051261e+02 7.832827823974043895e+02 8.143341261873757730e+02 8.219621147811669744e+02 8.702402693539858092e+02 9.167914995347299509e+02 9.625625526723239318e+02 9.628643889702142360e+02 9.723498423045347181e+02 9.731458591006372671e+02 1.035252515328855225e+03 1.098149753073712873e+03 1.150519490715870461e+03 1.187601310070513591e+03 1.240182808944027329e+03
7.210338626133325306e+02 7.146781667915810203e+02 6.507819508640848198e+02 6.323384512301038285e+02 6.411039311907634328e+02 7.037840275854262018e+02 7.571762156909337591e+02 7.438239936958788121e+02 6.860491994398867064e+02 6.276753265774584634e+02 5.826820010401595482e+02 6.266092672608107250e+02 6.205883340890496811e+02 6.057755827647305296e+02 6.140100702232820140e+02 6.321408918655795333e+02 6.022553877328494991e+02 6.168461398367559241e+02 6.319782922987092206e+02 6.490195279401960988e+02 6.648183761266991496e+02 6.818841017649972400e+02 6.996148767108977609e+02 7.185282087432419758e+02 7.399971180935388020e+02 7.826674043741360265e+02 8.315942104164283819e+02 8.762041303557654146e+02 9.086340656142647276e+02 8.907248442081521489e+02 9.209199588455197727e+02 9.687811861647791147e+02 1.026033849579193429e+03 1.090498674002893722e+03 1.156220758418232208e+03 1.208802971433581888e+03 1.241024865909680557e+03
6.884635284074452102e+02 6.807301812679371551e+02 6.341206528071350021e+02 5.728682281837701566e+02 6.336470029506963328e+02 6.869661103486397451e+02 7.215666862686059631e+02 7.058046222301613852e+02 6.482076668315752386e+02 5.870261173266436572e+02 5.363611658596355483e+02 5.766716672136985835e+02 5.836822397252510655e+02 5.489680139378959893e+02 5.625142163393270494e+02 5.794458043136824017e+02 6.394201086710417030e+02 6.797361523392186200e+02 6.849849183854672674e+02 7.192665433207745309e+02 7.245838302219592606e+02 7.360373959991593438e+02 7.705839738968238635e+02 7.784547749656633187e+02 7.899862911556051586e+02 7.722520827302057569e+02 7.944281926255719100e+02 8.194298323417078791e+02 8.484829495836625028e+02 9.060171701941463880e+02 9.684692370258289884e+02 1.018924153278864196e+03 1.069121961859758812e+03 1.126208167484693377e+03 1.167808219735927196e+03 1.183187642292646842e+03 1.179553559848213581e+03
6.385010530889766187e+02 6.334394262337160626e+02 5.912590662380705453e+02 5.329694210747458101e+02 5.926489225859043017e+02 6.425447132593466222e+02 6.750745657221707461e+02 6.639834986452710837e+02 6.132626108955973905e+02 5.514943523959063896e+02 4.952527463475973946e+02 5.098986019695042842e+02 5.267844746857156224e+02 5.905358003006415402e+02 6.100949438949706973e+02 6.426776645629611266e+02 6.839942176526961930e+02 7.334017476837891536e+02 7.476549912939209435e+02 7.835676623088172619e+02 7.926132277941238726e+02 8.068544157529179301e+02 8.304947274059092024e+02 8.449792526053387292e+02 8.543576119864804923e+02 8.504314254391752002e+02 8.674001296208414260e+02 8.904661783750914310e+02 9.144264956361810164e+02 9.575071485294190552e+02 1.008925150832424833e+03 1.065876892959103770e+03 1.106407901301837910e+03 1.135820987406233598e+03 1.139414994077022811e+03 1.119153223043264006e+03 1.110662772320856448e+03
5.739717694396078969e+02 5.715304623247163818e+02 5.540640148223873211e+02 4.948183358569397683e+02 5.524094080114869030e+02 6.029433532360686741e+02 6.166460777866911940e+02 6.145825596747225745e+02 5.731806362285718706e+02 5.392399070647290955e+02 4.952527463409307416e+02 5.541173192296575962e+02 5.900007637476895752e+02 6.284187765797299789e+02 6.658072184956973842e+02 6.978376794070530877e+02 7.402962707022910536e+02 7.798284436725406294e+02 8.075310991070186901e+02 8.331942039447965271e+02 8.529311013910004249e+02 8.708428972572947941e+02 8.921270138899682252e+02 9.073546920028575187e+02 9.176800698821458582e+02 9.233366500742000653e+02 9.382313335450260183e+02 9.598369730798058299e+02 9.839446149489162963e+02 1.012390662207422906e+03 1.046993388554580179e+03 1.083302411653301988e+03 1.099204210462023411e+03 1.093669446717842675e+03 1.083663338292693425e+03 1.044987369029013962e+03 1.051191030518941716e+03
5.077281785903550144e+02 5.106915796541412078e+02 5.015782384824523206e+02 4.560208324357191145e+02 5.194126205474925655e+02 5.412755819570633093e+02 5.564974514867835751e+02 5.594649262986525855e+02 5.223218731510618227e+02 4.739491281990136713e+02 5.329643872390267916e+02 5.897163840305255462e+02 6.397251409070624959e+02 6.789524186372752865e+02 7.123382790352172833e+02 7.421177943837244584e+02 7.709338595942168695e+02 7.940159169607334206e+02 8.098228335001608684e+02 8.290357527676828795e+02 8.547368744360234132e+02 8.761501279171210399e+02 9.001391595288355347e+02 9.148156637794800190e+02 9.270124446544439252e+02 9.433172207745964215e+02 9.559428594858006818e+02 9.785496333821665758e+02 1.001888213860397855e+03 1.014279171219201544e+03 1.028433092991813510e+03 1.051089360496235713e+03 1.049727733149672758e+03 1.018090827288974310e+03 1.017612979144496649e+03 9.755858498474319731e+02 1.021119328151155969e+03
4.466721012791664407e+02 4.601180995235601472e+02 4.387760064644699582e+02 4.230424297985495627e+02 4.339497725550789937e+02 4.764848688955989360e+02 5.036347678828352628e+02 5.043166377611810276e+02 4.721280979304407879e+02 4.591077191804670861e+02 4.845876849477052133e+02 5.815387156777825339e+02 6.497988586062880358e+02 6.901623792616780975e+02 7.108327400228541819e+02 7.263925177008488845e+02 7.384427809991009326e+02 7.379072074409203879e+02 7.469562038019380452e+02 7.639595715560595863e+02 8.052710382116323444e+02 8.164144435736236574e+02 8.522517887787070094e+02 8.556663196898614387e+02 8.656372784637190989e+02 8.920799305047789858e+02 8.964442277157071430e+02 9.288399433766888933e+02 9.552211976337636088e+02 9.535661966315980180e+02 9.569628209440455748e+02 9.917612999688158197e+02 9.891655529343678381e+02 9.453818492208691850e+02 9.457741242561010040e+02 9.297925036535388017e+02 9.862948361595380220e+02
3.900751918276128549e+02 3.969046014682608643e+02 4.034415460789372219e+02 4.095006388981563532e+02 4.151464648374244462e+02 4.229769583147601111e+02 4.313053878977758018e+02 4.394361782134618579e+02 4.465781860653333979e+02 4.561696805686591460e+02 5.112635740731836904e+02 5.660993509138869513e+02 6.158083894475909119e+02 6.483730569550064047e+02 6.527301964274117836e+02 6.612238865477022500e+02 6.679831634872393806e+02 6.655513815344670547e+02 6.757620041657245338e+02 6.982616717016809389e+02 7.514428103814396991e+02 7.515887110544766756e+02 7.909304731218785491e+02 7.844678024280292448e+02 7.997604109069850438e+02 8.159898484202818736e+02 8.267063465128896951e+02 8.765513755486679202e+02 8.842287262462967874e+02 8.823805306555933612e+02 8.849809952976472687e+02 9.293038547842813841e+02 9.287320999595784770e+02 8.822345480699117388e+02 8.772579018246449323e+02 9.321304936820483817e+02 9.916074519004346257e+02
4.335633735394753785e+02 4.352223241121267847e+02 4.636662248049894970e+02 4.692851555263407022e+02 4.514340869752974186e+02 4.896264519071460768e+02 4.877385135096313888e+02 4.953758442050328767e+02 5.084244122516876132e+02 5.099690220807241303e+02 4.726716039247743311e+02 5.266835146569203516e+02 5.783619309096612824e+02 5.828896019952009055e+02 5.856584626875899176e+02 5.937151589075216407e+02 6.010498478343245097e+02 6.040782291943999098e+02 6.152763490552833900e+02 6.632981618176366965e+02 7.033790347391642399e+02 6.945776812406828640e+02 7.308104448832910975e+02 7.174531967844271776e+02 7.545670738815574623e+02 7.414504039548205583e+02 7.729367195847388530e+02 8.035930864870313144e+02 8.106166519973161257e+02 8.165591275933533097e+02 8.222183516415905160e+02 8.687989531803953014e+02 8.632626046426535140e+02 8.287620019616668969e+02 8.804433129502057227e+02 9.352730634256563462e+02 9.928103637153126328e+02
4.969117731385460388e+02 4.964236142164868966e+02 5.048428642664397898e+02 5.268512896549224251e+02 4.933965511903468837e+02 5.425394641536742029e+02 5.474353281801162439e+02 5.559233068956789339e+02 5.661933329748561619e+02 5.463071863917097062e+02 5.031350517284088255e+02 4.887858038606756281e+02 5.374533522890930044e+02 5.174034021256018150e+02 5.267263482826338077e+02 5.360833530541025311e+02 5.449736085278204882e+02 5.555639226140267510e+02 5.898036818819335849e+02 6.312857301534630778e+02 6.483947416501540602e+02 6.450970903508707579e+02 6.738049709310383832e+02 6.679741582261164012e+02 7.017956286698259873e+02 6.913208521930464485e+02 7.084999966441381503e+02 7.174373971261605902e+02 7.551077221336258845e+02 7.595902841407825008e+02 7.688737149568638642e+02 8.076667575921309208e+02 7.848152257200782742e+02 8.442498402738722234e+02 8.932214941497957170e+02 9.423522669209818332e+02 9.856744980508668732e+02
5.585615122026265453e+02 5.664695279524614762e+02 5.624941181738711293e+02 5.780175036504986110e+02 5.420914222847081874e+02 5.908386912006319562e+02 6.105415891824592336e+02 6.182437470714480696e+02 6.077225221438019389e+02 5.572581151241311090e+02 5.512761621955321516e+02 5.436331374551535873e+02 5.037720922203913005e+02 5.410062132223803246e+02 5.787046122880053645e+02 5.871885807702091142e+02 5.781499798974436999e+02 6.075675482683209339e+02 5.725925219717928485e+02 5.831642617510075297e+02 5.929384681587171144e+02 6.038613192860489107e+02 6.160921151525639061e+02 6.276058075824696516e+02 6.397524942033414845e+02 6.524484729031668166e+02 6.655307927593555632e+02 6.792277765891047920e+02 6.934094195350925247e+02 7.090875303932066345e+02 7.244202971411244789e+02 7.437387612724035080e+02 7.678465289010101742e+02 7.992927987165168133e+02 8.471135492017225488e+02 8.998513567279651397e+02 9.643530524944467288e+02
5.998407532539656586e+02 6.355655301116516966e+02 6.254869272931895239e+02 6.247564491943270468e+02 6.113312421324144452e+02 6.282501076702664022e+02 6.746184648157989159e+02 6.806213776264526132e+02 6.447613798545002055e+02 6.001108220782085709e+02 6.031536757284883379e+02 5.878179319293273011e+02 5.407213810321009078e+02 5.920978950116507349e+02 6.058904286122017311e+02 6.349088743033828450e+02 6.173846406446454012e+02 6.569125757194166226e+02 6.563790536242414646e+02 6.478332497308854272e+02 6.283261625042987362e+02 6.657185646121398577e+02 6.805455336936583990e+02 6.850465641695003569e+02 6.769823004083324349e+02 7.124030254779519282e+02 7.231710308871480493e+02 7.501001673229669677e+02 7.388820738938612749e+02 7.740760405362879055e+02 7.718045434783954306e+02 8.059248292663410211e+02 8.335612584181845932e+02 8.163157383822826887e+02 8.502019571222278955e+02 8.953656538463816332e+02 9.530907555638045778e+02
6.680474114388031239e+02 6.981436643676088352e+02 6.930408754911492224e+02 6.908822020323470952e+02 6.855184344895311597e+02 6.955920075307197976e+02 7.313513785800087135e+02 7.345940622856485334e+02 6.957838735389949534e+02 6.551059404249650697e+02 6.607105466382662371e+02 6.262250152247647748e+02 5.847770681526443468e+02 6.399366917973320597e+02 6.649953020722874726e+02 6.735624744644538850e+02 6.708300792161269328e+02 6.863775454181370606e+02 7.246080393043120011e+02 7.179115038157930258e+02 6.828164495607775279e+02 6.966911238697367708e+02 7.428420574332396882e+02 7.518226672209829076e+02 7.381892029614797366e+02 7.437615982013569464e+02 7.889619100327507795e+02 8.109862936867214103e+02 8.068006835511489498e+02 8.144961609533560249e+02 8.456081337408718355e+02 8.457184329313633953e+02 8.827543859081080200e+02 8.558679701915414171e+02 8.901312943182759909e+02 9.327007392254580509e+02 9.867867629694688958e+02
7.369711412593120485e+02 7.509241423904317116e+02 7.535962945430330819e+02 7.545672910793250594e+02 7.556282047399272415e+02 7.657719302251485942e+02 7.842643664978342031e+02 7.856330553248769775e+02 7.598149374780455219e+02 7.212868597408248661e+02 7.157349433712985274e+02 6.662481223294083748e+02 6.446673194220077221e+02 6.857236376966915259e+02 7.278579250072243667e+02 7.303612254925927800e+02 7.324628541366905665e+02 7.467484683777162218e+02 7.675854778951739945e+02 7.690277344066976184e+02 7.538613281508824002e+02 7.626778199089681038e+02 7.825330788385268761e+02 8.220459704918541775e+02 8.086201129729691957e+02 8.105056411686085767e+02 8.263691621111893255e+02 8.755399279651268216e+02 8.804583794868497080e+02 8.835134651714220126e+02 9.018829548481407983e+02 9.094862954552712608e+02 9.188268148445451970e+02 9.028743672140785748e+02 9.373525091098804296e+02 9.755609282969240894e+02 1.025457104293983093e+03
7.542173426934249392e+02 7.562399060932472139e+02 7.604423700224801905e+02 7.673824505830521048e+02 7.753303304044021615e+02 7.863569102112878682e+02 8.021634665649669387e+02 8.159445437026088257e+02 8.075286884995124410e+02 7.901748964500263810e+02 7.707010344835169917e+02 7.320508836920919293e+02 7.226070125445114627e+02 7.417007810295589252e+02 7.835181412878130232e+02 7.931550471040353614e+02 7.999009802815166950e+02 8.131793662761866699e+02 8.297591715741333473e+02 8.360684888558805596e+02 8.298315834751879265e+02 8.362445127549380004e+02 8.505665622006926014e+02 8.860661133915062919e+02 8.834773464539343877e+02 8.851797679387392463e+02 8.950984596716302804e+02 9.287701094723731785e+02 9.557629669350869790e+02 9.584042477323559979e+02 9.715028361430639734e+02 9.787710340189165663e+02 9.771295666330755694e+02 9.626465524111229115e+02 9.958283318759765734e+02 1.031389362600358709e+03 1.072766139274755233e+03
