output/field_example_lateral_ON/elevation_000022.asc
nrows	150
cellsize	66.66666667
xllcorner	0
ncols	150
yllcorner	0
NODATA_value	-9999
[rows 102 to 118 of 150, columns 0 to 36 of 150]
1.413255872973649078e-03 6.292797649605885368e+01 1.196964788166054916e+02 1.590552912446904088e+02 1.756273407666202218e+02 2.079282510454426927e+02 2.656539881039147417e+02 3.335887848985125288e+02 4.055296821392525999e+02 4.594918781244267052e+02 4.586304855943138818e+02 4.140554235460157884e+02 3.655463729383945974e+02 3.185080358110578231e+02 3.633156174217789953e+02 3.718218415935766643e+02 3.873753365711727383e+02 3.726185080210346428e+02 3.290790619465999498e+02 2.673439908481175280e+02 2.197568611886211158e+02 1.675612685365217374e+02 1.065659733030715017e+02 1.722907715097234416e+02 2.256619416802016644e+02 2.866168144989100597e+02 3.372593525676870740e+02 3.784723636092783181e+02 4.002998453292630074e+02 3.875223019113344094e+02 3.770834229310856927e+02 3.315665518503773797e+02 2.840172094043615516e+02 2.402274802351996641e+02 1.955086191150481341e+02 2.320655639980312230e+02 2.689122098943214496e+02
1.192267061398773979e-03 5.578759706272710872e+01 6.719636835582535639e+01 9.880635235852666653e+01 1.356044130863478472e+02 1.994610147950549219e+02 2.665240152183632745e+02 3.398041574657270871e+02 4.083477476783654083e+02 4.648560445669951946e+02 4.900396207971515423e+02 4.697767043628347210e+02 4.260762448786124992e+02 3.876731255584392670e+02 4.233985543760706491e+02 4.285495113213331138e+02 4.063693623208935151e+02 3.616364422522260043e+02 3.030925831672092841e+02 2.475474044246459755e+02 1.726872960350414417e+02 1.411560716562602806e+02 1.203761162124654192e+02 1.808087214342333482e+02 2.261884068339369094e+02 2.520821330507787081e+02 3.057297944118067221e+02 3.655145071236878493e+02 4.183581792127850463e+02 4.382698485065984642e+02 4.225346235138895850e+02 3.728871243385920025e+02 3.188010570104669910e+02 2.632767714575256832e+02 2.591212908720446535e+02 2.176529167878973965e+02 2.176529167945640495e+02
1.156201969121919580e-03 2.754715982179681433e+01 9.559961313841219521e+01 1.502072160798277025e+02 1.930532514686383649e+02 2.034535648703467530e+02 2.532279966417857793e+02 3.109560686899656048e+02 3.778850851256206056e+02 4.453758335712479379e+02 4.967437521303976382e+02 5.067878030852991742e+02 4.913414910426917572e+02 4.659482924688787193e+02 4.753532565920837101e+02 4.492592056171254740e+02 3.897977471211667648e+02 3.230392399487622583e+02 2.631427119445704079e+02 2.127146215313626669e+02 2.230102101105739507e+02 1.900460546918077682e+02 1.372629309004388745e+02 1.525464593225685235e+02 1.800706219070651173e+02 2.304034645057713249e+02 2.851783022176426812e+02 3.456116382761605905e+02 4.087258419463139489e+02 4.594052638821588062e+02 4.577366307723175964e+02 4.103874432327050954e+02 3.558017521416781506e+02 3.164691328347557828e+02 3.105695089760582732e+02 2.688046637014779776e+02 2.349484453288879706e+02
1.036848139846685384e-03 6.876369606704277260e+01 1.319750296485221384e+02 1.884215893721126918e+02 2.338573143680644080e+02 2.663781453079915309e+02 3.053365827873163880e+02 3.516359943630537828e+02 3.985910895980588293e+02 4.374755480261518414e+02 4.732863022463596394e+02 5.019235399003404723e+02 5.222184913206486954e+02 5.217316074163916255e+02 5.042134834744422278e+02 4.448768581224608738e+02 3.754198223351693855e+02 3.097617702124019274e+02 2.507614296797608517e+02 2.127146215380293199e+02 2.572284563380163718e+02 2.251532228010957795e+02 1.581162719216332277e+02 2.057098839328220663e+02 2.382737142938659929e+02 2.264105538210023099e+02 2.789130953663657237e+02 3.384768334648621817e+02 4.049069436101850670e+02 4.684638877570979503e+02 4.887321306253895727e+02 4.515789775084770099e+02 4.041828587624131046e+02 3.862719031013242557e+02 3.510616591072669621e+02 2.987148053207050680e+02 2.349484453355546236e+02
1.338579638800618636e-03 6.929232598791429609e+01 1.364952170299368390e+02 1.870287311477499372e+02 2.275289190591330453e+02 2.683449439806515784e+02 3.084778450139758661e+02 3.465762462366323575e+02 3.730440602479683321e+02 3.768856692229159648e+02 4.117254540584369806e+02 4.514657171996491911e+02 4.975599680365417612e+02 5.250741121760364649e+02 5.139565022903985891e+02 4.492553114130655558e+02 3.792004536732916904e+02 3.179260724832986398e+02 3.099129873707096863e+02 2.891083428558160335e+02 2.937982780843954060e+02 2.503367720432479473e+02 1.806750759925929799e+02 2.409415995895419655e+02 2.869835406452897359e+02 2.882290058868904339e+02 2.782651187658347567e+02 3.366873772530605606e+02 4.028393516139140615e+02 4.735169859607617013e+02 5.185717339774815855e+02 5.043313097787046217e+02 4.650534221660201979e+02 4.337934117330576669e+02 3.858888774049476638e+02 3.283409083836577338e+02 2.657171562888129301e+02
9.788329706542150000e-04 6.895898185927522661e+01 1.091792834635248681e+02 1.308743383925133230e+02 1.741020885479163098e+02 2.201968358668305257e+02 2.509083672115745856e+02 2.955598136063741777e+02 3.116335892861343950e+02 3.099648423307169196e+02 3.493323605500636972e+02 3.988063335834116856e+02 4.468535921318836017e+02 5.000725104902456337e+02 5.246652323890057232e+02 4.902877404437832070e+02 4.288068771863726738e+02 3.785661539895787655e+02 3.770715712183036885e+02 3.522767466149111897e+02 3.184437550011354006e+02 2.606030642318640957e+02 2.051732992496558836e+02 2.727113595084912845e+02 3.240201936332422861e+02 3.482698631292106484e+02 3.374972952768702044e+02 3.354330115197423652e+02 3.929082393928931083e+02 4.648615200242174410e+02 5.335558885292282412e+02 5.430768163688843515e+02 5.017447022216106234e+02 4.395427077403242606e+02 3.759458960758685748e+02 3.150221675530252696e+02 3.100220975107998242e+02
8.594695960696056413e-04 5.138700042735563045e+01 4.594747912545340540e+01 6.754906680553814624e+01 1.270361753583076592e+02 1.741985249427842177e+02 1.823879578116863911e+02 2.341669503277765898e+02 2.480073689529677381e+02 2.544155494920008778e+02 3.011785450079637485e+02 3.448170171803941457e+02 3.944945377800225401e+02 4.662204092550394989e+02 5.249039139882479503e+02 5.256401670440582166e+02 4.818572059052183363e+02 4.419642313245503260e+02 4.168468373957507538e+02 3.695292950673327255e+02 3.086138947949677913e+02 2.426810040853277428e+02 2.474296122304904202e+02 2.779935013029087258e+02 3.347322856525033217e+02 3.914019931838030288e+02 3.980774212059455976e+02 3.864746372368635434e+02 4.342400410958752559e+02 4.985498707369753788e+02 5.609213882482807776e+02 5.657739551725877618e+02 5.027827961353457340e+02 4.323015139577609034e+02 3.729093905233092983e+02 3.629511209694150011e+02 3.588236540705075299e+02
7.909469283660093379e-04 1.862358964018480734e+01 8.058442297527845710e+01 1.201718203383465067e+02 9.841818190434193525e+01 1.187556275023722918e+02 1.401383542210630537e+02 1.640268505827484091e+02 1.901898660094894069e+02 2.196248522722224266e+02 2.550504898146217840e+02 2.994895824091453278e+02 3.710706504016901590e+02 4.474554175508605454e+02 5.212629033558841911e+02 5.570917190226722369e+02 5.336117980792849949e+02 4.736925577622949959e+02 4.060843325688023810e+02 3.461372896336334293e+02 2.987556529267673682e+02 2.696932501894822281e+02 2.963541939964226231e+02 3.297013187120593329e+02 3.722316486119522665e+02 4.266562385534260784e+02 4.610752182300150821e+02 4.492172321119634262e+02 4.934695539199190080e+02 5.427172377090199689e+02 5.950377750077083192e+02 5.970548907284683082e+02 5.414071886718752467e+02 4.809364819191483775e+02 4.233237902359374516e+02 4.169495246446098236e+02 4.137022687144185511e+02
1.318560720257353196e-03 6.328217301224060520e+01 1.192684025210369327e+02 1.639708544159467465e+02 1.671220828975284292e+02 1.779018640495423824e+02 2.103782673768907898e+02 2.056377773517118897e+02 2.385137986506857430e+02 2.680188378816804402e+02 3.005181610495761788e+02 3.412499635714275428e+02 3.780782440230366319e+02 4.424849640766750554e+02 5.153226939101493826e+02 5.760163769705753793e+02 5.672362096662288877e+02 5.073851513965685740e+02 4.424278442799345612e+02 3.899631885584322504e+02 3.476713881528658021e+02 3.052667275077990325e+02 3.415792695224409954e+02 3.798888539682929490e+02 4.266651584847676304e+02 4.743261125686748301e+02 5.178695677139426152e+02 5.183867396624851835e+02 5.586418094064504203e+02 5.944905485532478906e+02 6.277192325316166261e+02 6.308558883577562710e+02 5.940268709669954887e+02 5.362019980929995882e+02 4.852665887234124398e+02 4.796696998730621431e+02 4.767975972029860259e+02
9.626508231326779113e-04 6.083910748411275904e+01 1.265284110779968927e+02 1.885401064283026926e+02 2.239777735312439972e+02 2.421978963732487955e+02 2.720072282402431938e+02 2.648406250945917009e+02 2.944918605688833964e+02 3.256461037785343251e+02 3.576919028523595330e+02 3.945376911716106179e+02 4.416101636463577051e+02 4.930915195669830950e+02 5.580052138009490363e+02 6.028233470626057624e+02 5.988393003766657330e+02 5.478903464273810187e+02 4.959159026498086860e+02 4.463322902013751445e+02 3.967112183864330177e+02 3.559805958560376098e+02 3.744306752299035566e+02 4.315861280436771494e+02 4.802830766647342671e+02 5.313215033154755247e+02 5.647223715959268020e+02 5.767937166406428560e+02 5.928588249132485544e+02 6.039151513239650058e+02 6.274316308310399108e+02 6.450470071666690046e+02 6.326518384575352911e+02 5.994865508624969834e+02 5.563393786245104593e+02 5.501088525526886315e+02 5.482844511661603519e+02
1.136493224552444703e-03 6.151005437492194972e+01 1.269553022342990687e+02 1.834275471653638476e+02 2.341515756656847884e+02 2.813116040619366345e+02 3.203934928623111205e+02 3.330319105852574921e+02 3.604376217152428694e+02 3.912709818021992305e+02 4.239437633532477889e+02 4.593302139037751886e+02 5.000393050196429385e+02 5.503938298714070925e+02 5.903665376917127787e+02 6.178868156169054373e+02 6.210395282609359811e+02 5.954967332884443749e+02 5.563927758816912501e+02 5.041418954280701996e+02 4.604741128700404147e+02 4.190399314238687793e+02 4.322424513719257106e+02 4.817989076024322230e+02 5.345881158939000670e+02 5.675324225604404091e+02 5.783761074684180130e+02 5.682302956660545306e+02 5.610921537929446004e+02 5.436374788479222389e+02 5.738788109139610469e+02 6.153343848429046830e+02 6.410387393822279591e+02 6.390636891238978023e+02 6.198542238624543188e+02 6.107346709512660254e+02 6.123347574515967153e+02
1.566943005668767000e-03 3.896914092619692127e+01 8.517615812754802107e+01 1.388733538446229545e+02 1.996071755890654629e+02 2.659916260009740654e+02 3.289303069010497325e+02 3.805490733376756225e+02 4.159727808946014420e+02 4.499914078452490571e+02 4.846361384249314028e+02 5.205395343159085542e+02 5.555386950094519989e+02 5.814000403507468491e+02 5.857771508719409894e+02 5.728429222190131895e+02 5.963473344887499934e+02 6.093443201162565401e+02 5.952416128207958081e+02 5.652483470118364721e+02 5.319902767162369628e+02 4.937563770762395166e+02 5.020975783629362468e+02 5.423035764086438348e+02 5.689980951391311237e+02 5.693982114051731287e+02 5.436737909411444889e+02 5.053484696019215221e+02 4.946108675137478485e+02 4.735261395923955092e+02 5.150034433255038948e+02 5.619678682960424112e+02 6.126040754917372624e+02 6.307163549182008637e+02 6.142619016410924360e+02 5.971699671867773986e+02 5.993445225961379492e+02
9.529313338724251098e-04 4.360189381540100584e+01 9.313902205953526448e+01 1.496467845247186403e+02 2.125049481157938658e+02 2.762988668834576629e+02 3.323787726656049131e+02 3.723135766293166284e+02 4.114704784311476828e+02 4.537691580183150108e+02 4.938191765280826644e+02 5.355503726946094503e+02 5.720444000154349169e+02 5.694530764620407126e+02 5.406820030463097737e+02 4.984424587928473329e+02 5.350202837805705940e+02 5.778845030335003230e+02 5.950839541044911130e+02 5.901456215788209647e+02 5.788703014493047476e+02 5.675760541999312636e+02 5.729717835376573021e+02 5.838422338161781227e+02 5.735122818567185732e+02 5.387977078926342074e+02 4.870919365389244149e+02 4.405258951634643836e+02 4.311890865062253511e+02 4.147723377623417491e+02 4.588015236058627124e+02 5.160260895622300268e+02 5.737277041613660913e+02 5.885433914743351806e+02 5.551416817134567054e+02 5.239592782870457768e+02 5.260746503381021739e+02
8.760532530459239596e-04 5.238903693595288047e+01 1.101526984614357616e+02 1.735095881902427379e+02 2.377519551425648103e+02 2.796718027064709418e+02 2.864193710948802618e+02 3.092704908771360692e+02 3.618125424306667242e+02 4.073100739748409751e+02 4.437503407703259768e+02 5.043832879285437798e+02 5.511763155479427496e+02 5.311144427973282518e+02 4.787630855938135710e+02 4.289066334853135345e+02 4.771959921797533752e+02 5.294817805455209054e+02 5.442630844517815376e+02 5.430197115043545182e+02 5.661433666251425620e+02 5.855115909758893622e+02 5.949801815214871112e+02 5.845374552914925061e+02 5.455852309202953165e+02 4.897363587964053409e+02 4.370610502382421032e+02 3.848007466122182336e+02 3.766829083333169024e+02 3.676295402020678011e+02 4.161970611112192842e+02 4.772904227346722905e+02 5.363309329638325380e+02 5.432746658595000326e+02 4.985419527364292094e+02 4.528526504873807426e+02 4.557237924820057628e+02
1.122539642048872056e-03 6.295000687395068439e+01 1.219674724805440746e+02 1.818754090936708110e+02 2.333371284020505811e+02 2.520316814587282579e+02 2.023922263077353136e+02 2.631970500839647684e+02 3.159675394209327806e+02 3.554423679885971978e+02 4.271419944994788125e+02 4.948445343222973065e+02 5.198544949829603183e+02 4.873430439534910761e+02 4.274011437398031603e+02 3.713714715083955298e+02 4.260619182437326913e+02 4.803943647727151642e+02 4.857304735519506380e+02 4.726217079929793954e+02 5.082770919371100149e+02 5.475091997508202439e+02 5.532425666199601437e+02 5.552264929860857592e+02 5.028622121638040880e+02 4.404511454108628641e+02 3.934834602284678908e+02 3.392124868361805738e+02 3.287106493653043913e+02 3.295887079285434424e+02 3.806417382027131566e+02 4.445505094470908034e+02 5.055879224487036936e+02 5.029303504264436242e+02 4.495020590600261130e+02 3.952288663873502514e+02 4.005552057135254813e+02
1.386630198262191627e-03 2.279414033816576435e+01 8.979248853973197697e+01 1.500608227558404337e+02 2.051938480685651314e+02 2.217058677173141916e+02 2.023922263010686606e+02 2.358206991334963902e+02 2.802392701903269199e+02 3.445905309496853874e+02 4.152827322414121340e+02 4.807436553933068808e+02 4.868754424327999573e+02 4.370253888815159371e+02 3.806451554126380756e+02 3.233790730710607022e+02 3.818476228876379537e+02 4.378491009725829031e+02 4.450044910502057292e+02 4.058780438060347251e+02 4.530772165184687310e+02 4.969624005133082960e+02 4.947823245510004995e+02 5.158502861106604769e+02 4.904687423531531181e+02 4.270375762964844739e+02 3.597297733330993879e+02 3.324544562538814034e+02 2.832003344368817466e+02 3.372236496674812543e+02 3.806793278229076805e+02 4.401542091590201267e+02 4.877484687849789680e+02 4.687600267194373487e+02 4.070332365802544246e+02 3.465833957083162318e+02 3.571126912691160555e+02
6.958655020170218582e-04 5.417192536434484396e+01 5.825921521536110959e+01 1.164538306398394383e+02 1.686456129605308263e+02 1.666203109048554722e+02 2.195189490669774557e+02 2.809328630337174673e+02 3.330960607902022161e+02 3.913086262500356156e+02 4.406526668108170384e+02 4.754986746531815243e+02 4.571911021029845870e+02 3.980833500332357744e+02 3.355017833579265698e+02 2.816521166647194718e+02 3.426895492245434411e+02 3.984708352374229889e+02 4.013052568550505725e+02 3.536467711162437695e+02 4.040642524056599996e+02 4.461067140432842280e+02 4.323426244968872538e+02 4.695209756268328078e+02 4.706216383275648241e+02 4.213459474827893700e+02 3.535920355450600141e+02 2.908676774466092070e+02 2.561012952143163943e+02 3.030122397424684664e+02 3.680759105117348327e+02 4.332964662619161231e+02 4.649610547462600039e+02 4.346956783910800937e+02 3.702149327870807269e+02 3.029960450026359808e+02 3.307371181395624262e+02
