output/field_example_lateral_ON/elevation_000089.asc
nrows	150
cellsize	66.66666667
xllcorner	0
ncols	150
yllcorner	0
NODATA_value	-9999
[rows 51 to 67 of 150, columns 37 to 73 of 150]
7.517457721733429707e+02 7.258503628349955079e+02 7.117776886852797134e+02 6.954123080063782254e+02 7.147704994206807214e+02 6.981325378626546581e+02 6.377660108997205270e+02 5.672426817517413156e+02 5.062582918891532699e+02 4.680070291393549837e+02 4.184488734320872823e+02 3.665485825686056955e+02 3.458554907051651526e+02 3.261696274031563689e+02 3.094916484642012620e+02 2.943469639849147939e+02 3.363888935908782969e+02 3.378091209353824524e+02 2.755444109382221995e+02 3.170797047202837575e+02 3.647450993280405669e+02 4.256891357023307023e+02 4.855444641044310288e+02 5.397286015474384158e+02 5.787434950495465955e+02 5.544059205736729155e+02 4.848415697398453403e+02 4.104187737596944316e+02 3.432848208515109718e+02 2.871122450742394108e+02 2.565345530715563314e+02 1.975436378526710826e+02 2.401403288370485711e+02 2.863045506916332101e+02 3.309803111600469379e+02 3.791831225270761365e+02 3.879724949148040878e+02
6.961567142949647859e+02 6.550875760813927400e+02 6.432208517847949452e+02 6.276454545960101541e+02 6.705433367877769797e+02 6.905567062075979266e+02 6.644278721613802645e+02 6.077679824628050937e+02 5.563597071870539139e+02 5.023520129888299834e+02 4.511688445610336089e+02 4.093105464171866288e+02 4.145559550464362815e+02 3.863492330382663340e+02 3.535958012358760811e+02 3.348799360509341341e+02 2.685217609569076558e+02 2.952495570885931215e+02 2.578794050232654058e+02 2.578794050299320588e+02 3.312601545206258606e+02 4.078031478719887559e+02 4.750206682740965221e+02 5.192950456431462953e+02 5.570699304000470420e+02 5.424501096904472206e+02 4.799397946523870360e+02 4.075885435198157438e+02 3.380584290501622604e+02 2.813542259418674121e+02 2.364188184485639681e+02 2.204806562560130203e+02 1.831666937786272626e+02 2.400257450889500603e+02 2.931194936667959610e+02 3.357317965922683243e+02 3.296852405841697760e+02
6.431369084739156960e+02 5.927720720300433186e+02 5.837813115875338781e+02 5.642701847370002497e+02 6.134113374057840247e+02 6.634044231297821170e+02 6.789455733670802147e+02 6.509028802931127302e+02 5.986800112683980615e+02 5.446341362571876061e+02 4.841895760882358104e+02 4.773312103871587624e+02 4.717244072011789058e+02 4.267748209395617209e+02 4.131615365636442903e+02 3.653665740328460743e+02 3.068337306388302181e+02 2.400947048594970283e+02 2.762030291870495375e+02 3.083523224612204672e+02 3.543322117211836826e+02 4.066071136307810434e+02 4.382034921840659081e+02 4.797614132428002449e+02 5.235194653873118114e+02 5.217312504343855153e+02 4.830480116958440249e+02 4.261484132211112978e+02 3.820203536324394804e+02 3.279490250588603431e+02 2.598808532155314879e+02 2.103717685190493114e+02 1.731813044600724254e+02 2.152549243483264831e+02 2.538344762777286405e+02 2.917396583012825886e+02 2.887486656378255816e+02
5.923232965534392633e+02 5.418851210353196848e+02 5.476513752115610032e+02 5.075561188829640287e+02 5.652649559180473489e+02 6.268552160218130211e+02 6.666751529993424583e+02 6.741671364086943186e+02 6.440350550457317240e+02 5.908085924342162798e+02 5.432526398987374705e+02 5.446104395109716734e+02 5.159784310854740852e+02 4.781416797530609415e+02 4.485921830892754656e+02 3.978473312434829836e+02 3.363294241335011066e+02 2.614845355834394240e+02 2.217667807075320923e+02 2.829476505523061860e+02 3.218554894987275929e+02 3.697674570782378964e+02 3.836861578192833804e+02 4.344682333302383768e+02 4.841459856499770353e+02 4.793307386593743331e+02 4.378203927460635327e+02 4.089096115053273479e+02 3.889955536500035009e+02 3.513457779627792092e+02 2.991605939846079423e+02 2.349325901005939272e+02 1.654116998503136244e+02 1.932067432066403967e+02 2.130253394241594833e+02 2.465451076182972656e+02 2.366914626293998651e+02
5.549710891030449602e+02 4.972277649804086650e+02 5.008347766100685021e+02 4.614066800290485730e+02 5.199874067977258392e+02 5.771109573190511810e+02 6.343576641099718927e+02 6.700873242826568230e+02 6.743399825644520433e+02 6.481531202673902499e+02 6.084246310647992004e+02 6.016137617119110246e+02 5.614265503036965583e+02 5.116223848101730027e+02 4.487351218053453294e+02 3.868076647585215824e+02 3.317780936623549337e+02 2.934502003947079061e+02 2.106034550983470410e+02 2.391855652444926079e+02 2.780721065255021358e+02 3.217469865158570315e+02 3.320227331880285533e+02 3.950500717198015082e+02 4.475237310271897400e+02 4.321625869050519100e+02 3.803325787681395127e+02 3.379431566056620113e+02 3.376940775894656213e+02 3.378216302439285528e+02 3.106894514486603498e+02 2.475160457807103569e+02 1.554347511293102571e+02 1.677186331050884860e+02 1.965431611576897808e+02 2.007476212206100570e+02 1.747403475769804970e+02
5.544157148515400877e+02 5.052852651617637889e+02 4.399391398997020701e+02 4.212636199213722534e+02 4.749241908931236367e+02 5.314570167138267607e+02 5.845100986094782911e+02 6.411692707883734101e+02 6.788471724220112264e+02 6.866825887409939924e+02 6.667805880977457491e+02 6.411571127278953099e+02 5.996490562871781549e+02 5.481655969672967785e+02 4.845832002646830006e+02 4.287543532313985111e+02 3.795392903537334632e+02 3.129249416248065359e+02 2.547355193161307056e+02 1.937410080738510487e+02 2.268106724834657655e+02 2.639321559605274956e+02 3.278592576602528652e+02 3.785438912350969076e+02 4.098353137443907599e+02 3.862728311245997475e+02 3.262019397394875000e+02 2.712759037471300303e+02 2.720772400083876050e+02 2.832769165506138052e+02 2.818460794122398738e+02 2.471988412099102561e+02 1.987730817929849252e+02 1.308807501310844259e+02 1.681788347856878261e+02 1.355568504081173558e+02 1.386193784304703627e+02
5.038938725766297466e+02 4.768487870056328575e+02 4.402789951907196269e+02 3.876995480438323511e+02 4.371860798677209345e+02 4.815640577258002963e+02 5.365557563821027998e+02 5.941673813980796695e+02 6.559773441510661769e+02 6.903860506562438104e+02 6.732637563193334245e+02 6.366374603121755626e+02 5.973303656261600736e+02 5.583087561269406933e+02 5.121728641000263451e+02 4.570993768236023698e+02 3.856295371594473522e+02 3.105792427974805037e+02 2.388772506842911696e+02 1.836425604934772764e+02 2.229499076780835765e+02 2.400817003659158217e+02 2.779383620231471923e+02 3.275463555027149596e+02 3.617313828555450073e+02 3.391713367679915336e+02 2.806409048909642365e+02 2.172600012728776449e+02 2.094935871298651193e+02 2.249236874789255580e+02 2.300990650072566837e+02 2.029274409257319860e+02 1.805361290156970426e+02 1.308807501244177729e+02 1.327041237040626243e+02 1.454415579355371904e+02 1.355568504147840088e+02
4.685967274730719510e+02 4.246801295414512651e+02 3.876414830013716255e+02 3.622344042506167057e+02 3.925196928950383040e+02 4.359620367452619121e+02 4.894438453203464974e+02 5.537646489832773113e+02 6.239203485316337492e+02 6.692325846857916076e+02 6.412354530069613929e+02 5.854724911859232179e+02 5.409743039518132264e+02 5.073172808183794587e+02 4.905831325661705478e+02 4.604820847652413818e+02 4.005415533532906238e+02 3.326919956437621408e+02 2.852170323717457450e+02 2.322301278359470302e+02 1.684337871016074075e+02 1.579073121012754370e+02 2.259248729573283185e+02 2.788604678652768598e+02 3.082148929178272851e+02 2.887796290075806382e+02 2.383831301378574778e+02 1.919815177451276043e+02 1.589893441151224920e+02 1.789299708644175553e+02 1.795094443284624504e+02 1.438396524409185986e+02 1.283346776097879740e+02 1.369156269233860144e+02 1.555201278242121532e+02 1.571382696080678443e+02 2.095140822276345602e+02
5.146541808093353438e+02 4.624355311991505459e+02 4.011593199125425713e+02 3.427101302718603506e+02 4.047723002137043409e+02 4.696289775493704042e+02 5.303713341955769920e+02 5.877637890602480866e+02 6.368114982254335246e+02 6.460225676634435104e+02 5.959176188234937399e+02 5.314096363020069020e+02 4.768184234243441324e+02 4.370444798986086994e+02 4.274578062720777325e+02 4.345868079287593559e+02 4.153166287312249096e+02 3.777891239007778950e+02 3.340467438563067617e+02 2.737139795127876027e+02 2.191440256416847774e+02 1.579073120946087840e+02 2.030648451137522272e+02 2.231039793347817977e+02 2.520857043453412984e+02 2.377247605629900704e+02 1.993035124977542409e+02 1.634019077632859762e+02 1.473331541040520847e+02 1.215351162364789559e+02 1.433850524823471062e+02 1.249038836590868016e+02 1.665264563516496139e+02 1.649138879315183033e+02 1.991703733955469033e+02 2.353034824805488086e+02 2.619481193990573047e+02
5.134863722895989895e+02 4.526937447043142129e+02 3.863274185402740954e+02 3.243954881421875598e+02 3.964313176034615367e+02 4.561925740425216418e+02 5.278048723580419619e+02 5.882105987354166245e+02 6.313235628801871826e+02 6.229304972143553414e+02 5.536416449683537166e+02 4.788124685711708253e+02 4.167805817016429160e+02 3.822921276702714977e+02 3.533209608150700092e+02 3.748329722114931997e+02 3.857763324980668358e+02 3.763492846687470887e+02 3.562849146755380048e+02 3.163527837799966278e+02 2.580933116622483112e+02 2.046491762035629165e+02 1.441217046847492043e+02 1.850343706543411031e+02 1.963274775365922267e+02 1.869578966190911444e+02 1.688586872634149643e+02 1.515886499186921128e+02 1.176619952815097605e+02 1.433235843943420775e+02 1.215351162431456231e+02 1.379175064630673262e+02 1.933560379315259183e+02 2.220681503395734921e+02 2.484964265100978196e+02 2.940382315573813798e+02 3.279272456183546751e+02
4.840223352097476663e+02 4.406517470991611276e+02 3.788253134513043392e+02 3.058094039767839831e+02 3.591322554630964419e+02 4.265610292890235655e+02 4.951528966190608685e+02 5.563408623354342808e+02 6.077976384632577265e+02 6.097994444521814330e+02 5.483642831709694292e+02 4.736501416086798599e+02 4.044376841804019591e+02 3.420356178231633066e+02 3.001518950876521785e+02 3.106410992556098449e+02 3.220492663535620750e+02 3.203730936840451022e+02 3.385807495039763353e+02 3.328803539077491109e+02 2.943233627617804586e+02 2.438316314926476309e+02 1.902647587660448210e+02 1.287419941681048954e+02 1.524987971234413351e+02 1.536006633600067630e+02 1.117557712485415209e+02 1.138554076695947117e+02 1.576473229814617412e+02 1.856912729041372359e+02 1.836261425971787276e+02 1.848240920241978245e+02 1.881883288577264466e+02 2.411581008094371157e+02 2.951051443312943547e+02 3.429455298372297989e+02 3.780405891198786890e+02
4.354694060214624756e+02 4.021813973695817026e+02 3.445821016526458607e+02 2.883663029957025969e+02 3.542154535719177488e+02 4.200284793718026322e+02 4.655952155276505096e+02 5.221475204916356461e+02 5.770278007298800276e+02 5.997533522050518968e+02 5.595527185641037704e+02 4.871279617752883837e+02 4.170851888438401716e+02 3.584853255003048389e+02 3.140037592970223841e+02 2.498222575135989416e+02 2.571193353745760533e+02 2.474312586274622277e+02 2.927672782331000008e+02 3.151633802859971070e+02 2.917834098081035563e+02 2.478873825209254846e+02 2.008879898638635950e+02 1.565392725143602775e+02 1.153950017482750781e+02 1.085994981585121337e+02 1.251000999515076586e+02 1.185961566125218809e+02 1.912206268328100407e+02 2.377926159552744423e+02 2.495113965506544673e+02 2.437249941144815466e+02 2.461146307483590192e+02 2.548692870651530029e+02 3.268301674735243978e+02 3.858464356530759574e+02 4.218249738628339287e+02
3.777654317451496695e+02 3.630156617490609392e+02 3.314255760206978039e+02 2.717539480816647597e+02 3.395849489707340467e+02 3.813595565057997305e+02 4.296413663422321179e+02 4.820101429056904294e+02 5.334545876009500489e+02 5.738012441835957134e+02 5.581863989779994881e+02 4.932166951273237032e+02 4.181669771443554282e+02 3.511543763434112861e+02 2.914353491710181174e+02 2.433858166515539097e+02 2.024808981058899917e+02 1.768925827657688785e+02 2.417798511551933700e+02 2.737399055846927922e+02 2.569189002926960370e+02 2.105685471999395304e+02 1.163186642633239529e+02 1.448303386803345916e+02 1.085994981518454665e+02 1.246002586690054699e+02 1.766418780443050025e+02 2.084646333357176218e+02 2.403606048686679912e+02 2.850613213604572707e+02 3.177521482298758997e+02 3.088356920530980574e+02 3.083537978957746191e+02 3.062907058514908272e+02 3.671276963404528146e+02 4.324329265229227985e+02 4.619712769860806816e+02
3.237007764354097503e+02 2.968168377869994288e+02 2.986726154312984818e+02 2.550377627442198047e+02 3.034761580498208673e+02 3.500988582083113556e+02 3.868426168768740467e+02 4.391451633223865656e+02 4.952568831225052577e+02 5.368941749268389003e+02 5.501235626659578202e+02 5.150730499042209658e+02 4.597218069153633451e+02 4.035512691734303985e+02 3.521834239756976785e+02 3.030309742972304434e+02 2.430547735087696992e+02 1.768925827591022255e+02 2.081669648714324126e+02 2.160475432732600609e+02 2.047657135690619157e+02 1.732362047302013934e+02 1.145080694770423406e+02 1.060998627101786695e+02 1.314691764544094212e+02 1.793445250972108056e+02 2.239461003640108174e+02 2.674970750321003266e+02 3.052027697423285986e+02 3.372020010506179233e+02 3.761442572213295534e+02 3.770989970995340173e+02 3.766950031331094806e+02 3.673205669865890854e+02 4.172794100260563823e+02 4.749204379635012856e+02 4.961040940498367604e+02
3.865815731661674590e+02 3.354669978267175452e+02 2.615418457313406293e+02 2.406573269835932649e+02 2.833361643628416573e+02 3.198986552995667694e+02 3.780885939277138164e+02 4.180466319422414472e+02 4.408184983185291230e+02 4.762605196214855710e+02 5.134217930445921638e+02 5.065704622440377989e+02 4.654704539187394516e+02 4.193429252196945072e+02 3.754478842406451804e+02 3.284581358405846458e+02 2.767156896985054573e+02 2.155427635122209722e+02 1.431044078633156573e+02 1.600249050113968678e+02 1.274071381140003751e+02 1.412643341332332625e+02 1.034504467749581522e+02 1.333154307863958650e+02 1.162512480591879154e+02 1.752975681534147725e+02 2.222942118955721753e+02 2.791560495344563719e+02 3.260079172061297754e+02 3.733192525982968277e+02 4.164625896356459975e+02 4.382636334247360992e+02 4.469646107577103180e+02 4.395796231878070444e+02 4.747453853868685201e+02 5.181325141702125165e+02 5.210288820911727043e+02
4.068091536217426096e+02 3.510780296857295184e+02 2.903462030497915976e+02 2.280920413630078940e+02 2.625783219904269572e+02 3.072437568096131599e+02 3.219376861399530299e+02 3.605081287348580190e+02 3.694602262985291645e+02 4.174062320094582219e+02 4.669456336064293964e+02 4.694836932976994035e+02 4.220885601237716287e+02 3.748626246549293342e+02 3.339007184294695776e+02 3.000921710756578591e+02 2.747358846526905722e+02 2.237146052192663035e+02 1.634632324032085648e+02 1.111690508332543459e+02 9.897288500612218343e+01 1.005366448369292272e+02 1.383398467628344974e+02 1.665357439505117441e+02 1.667613705514860385e+02 1.324302416854983733e+02 1.990501683643798003e+02 2.425086027619075537e+02 2.874597065010123629e+02 3.498407594849950897e+02 4.070893386056860095e+02 4.523695668715630518e+02 4.883610235001449382e+02 5.060488872813131707e+02 5.347258713526902056e+02 5.596233937187748779e+02 5.449251327444799244e+02
3.717794155726554663e+02 3.128665436198310204e+02 2.621551970739310491e+02 2.162913163911874790e+02 2.506038717550842421e+02 2.511097470982454070e+02 2.456776811929820212e+02 2.964633055637920620e+02 3.083236975927332537e+02 3.652793580586017015e+02 4.214248013959817740e+02 4.278640758394955128e+02 3.781589656475262586e+02 3.225035305016128291e+02 2.769279389323220926e+02 2.405013410093864934e+02 2.343775941944926160e+02 1.880129410650807245e+02 1.323167071370262420e+02 1.183093364935543690e+02 9.824977069284540221e+01 1.400300554261259265e+02 1.647038985913151805e+02 2.033507005154811225e+02 2.074054568453335321e+02 1.917167615684818145e+02 1.520941995540188998e+02 2.016226053060608479e+02 2.368084664717435146e+02 3.006158368147474107e+02 3.620574555524171956e+02 4.174881092900265003e+02 4.726499273155225183e+02 5.113073954312781098e+02 5.497831940808273430e+02 5.819688376179091165e+02 5.703028335220135432e+02
