output/field_example_lateral_ON/elevation_000031.asc
nrows	150
cellsize	66.66666667
xllcorner	0
ncols	150
yllcorner	0
NODATA_value	-9999
[rows 34 to 50 of 150, columns 0 to 36 of 150]
1.312177566016130325e-03 1.513353969745216787e+01 3.191749405439592024e+01 5.103140460362631359e+01 7.109438816011004292e+01 1.222798060229019370e+02 1.680956919475324582e+02 2.030344215536456716e+02 2.298642060526337900e+02 2.076232607267783692e+02 2.406415830581945556e+02 2.942875524849492876e+02 3.524919282067306199e+02 4.190357346895698356e+02 4.954602192982858355e+02 5.721431597359670604e+02 6.058185520491299485e+02 5.564723528944069812e+02 4.922521133510948061e+02 4.335107840188551336e+02 3.846519049858411563e+02 3.443891008676243928e+02 3.371708101890924354e+02 2.983689923909423669e+02 3.424631570632395210e+02 3.268075675948205117e+02 3.639752762526853758e+02 4.092677145989727023e+02 4.678079505151533795e+02 5.413214590731812450e+02 6.201353037295456261e+02 6.437199547919278757e+02 6.030141124020468624e+02 5.451744523191796361e+02 4.777833153203600887e+02 4.146131169939710617e+02 3.603261574244928056e+02
6.869099911414853783e-04 5.721004030230660220e+01 8.553137621237148380e+01 1.170135160629625943e+02 1.218461722878600710e+02 1.541624447695162985e+02 2.026640367959039395e+02 2.503180006820589369e+02 2.830995660520027286e+02 2.566241630282758024e+02 3.020027934401497305e+02 3.119999349717657537e+02 3.677056296986014559e+02 4.337604476462721550e+02 5.095836348302877354e+02 5.810208168177143762e+02 6.179572647122294029e+02 5.913984371575146497e+02 5.359870553239601350e+02 4.834178980517695550e+02 4.322767519769992646e+02 3.910187623184488643e+02 3.409402290332091070e+02 3.662961138639020078e+02 3.991098856087920126e+02 3.915801235940325000e+02 3.750489629572484205e+02 4.362793941957176003e+02 4.996695904903825749e+02 5.712675842452060806e+02 6.430952040035615482e+02 6.704971279152965735e+02 6.336935337548983398e+02 5.738951250736903376e+02 5.096920848617698994e+02 4.499292832833918396e+02 3.968052847513390020e+02
1.637417951171603239e-03 6.453104838773290908e+01 1.253997946323516857e+02 1.640863397193803905e+02 1.912610625141239780e+02 2.050907239142744913e+02 2.443931403168185454e+02 2.942423058292343967e+02 3.336366769157905878e+02 3.146398824267016039e+02 3.481504920482931880e+02 3.824686660144024017e+02 4.253648877075320911e+02 4.854609993801294650e+02 5.383692933673293055e+02 5.820685869012155536e+02 6.106435329088620847e+02 6.121508188130679855e+02 5.819803020086732204e+02 5.315463425703048870e+02 4.829160513279844622e+02 4.288669439759327702e+02 3.767849903825344882e+02 4.239130044482189987e+02 4.556915762218516193e+02 4.546987893908935234e+02 4.147791276724474869e+02 4.699121465132466824e+02 5.382459665880229522e+02 6.052060600376835282e+02 6.684547605227635358e+02 6.838483039142977304e+02 6.306289481123189944e+02 5.580679030655338693e+02 4.899107238078139517e+02 4.302650719300561946e+02 3.787878182892781638e+02
1.558306512842491318e-03 6.237766218315253042e+01 1.288331082797141960e+02 1.916057808143816885e+02 2.380453641600769856e+02 2.681215416068534978e+02 2.980287500458532008e+02 3.405665183544031152e+02 3.832384922823964075e+02 3.813844351627204787e+02 4.100587946618407500e+02 4.426633455251731561e+02 4.847109967687568428e+02 5.190055079807747234e+02 5.376561462346036251e+02 5.290925431652465249e+02 5.684034956205879325e+02 5.973328147966803954e+02 6.048901553386241403e+02 5.786832711818988173e+02 5.290199715318009339e+02 4.783372942837956430e+02 4.281520680100496747e+02 4.380867423874658471e+02 4.928708280019945391e+02 5.029699869277282573e+02 4.615707780543302192e+02 5.130930024388205766e+02 5.790735332602948802e+02 6.492465445880764037e+02 6.937785564767127653e+02 6.944187714925134287e+02 6.486643075358643955e+02 5.910560409139725380e+02 5.323458529432974728e+02 4.755092011638008671e+02 4.208547759041837253e+02
6.672405290160518185e-04 6.797579280001984614e+01 1.265712607191683645e+02 1.789386602989681307e+02 2.291781507565320339e+02 2.786613862977146141e+02 3.304927217555147649e+02 3.817094543934928197e+02 4.220000962753055092e+02 4.392584122811482530e+02 4.599344621007945761e+02 4.842806840083509314e+02 5.101333869566891508e+02 5.179935470522726746e+02 4.985182597657004067e+02 4.596638915931272891e+02 5.034859732202847340e+02 5.552075726208479409e+02 5.918335514592429263e+02 6.036939087693773445e+02 5.790284041052771045e+02 5.322859635830830030e+02 4.888431965785245552e+02 4.933785842484141995e+02 5.106096265122768045e+02 5.473692651471143336e+02 5.163901474226580603e+02 5.693370230929398303e+02 6.258094339338297232e+02 6.840568589128223493e+02 7.052516527082868834e+02 6.757391019818861650e+02 6.226115118094742229e+02 5.813166077431569647e+02 5.324682663624536190e+02 4.759537951910227775e+02 4.131717034072721617e+02
1.127180932385616176e-03 3.548764910156286589e+01 7.764733666957430103e+01 1.257460633193467032e+02 1.800037672149851744e+02 2.410238212207905235e+02 3.081447833676481309e+02 3.720238648643823467e+02 4.195484535832576398e+02 4.297615573514506195e+02 4.389657359242082748e+02 4.530123475482239996e+02 4.755685958987440927e+02 4.781572376575684302e+02 4.403547219535929571e+02 3.953099124009001457e+02 4.447228266750164494e+02 4.972926796380104975e+02 5.559816720558538918e+02 5.976173727037116805e+02 6.115946755178712237e+02 5.925600695376687099e+02 5.577811129566056252e+02 5.554428333016450097e+02 5.650201934074374321e+02 6.014850566349638257e+02 5.805374028614609188e+02 6.287880427187861869e+02 6.842755162953829995e+02 7.135369513576736153e+02 6.919610478696022255e+02 6.331546849741297365e+02 5.773081849452964889e+02 5.264544009429134803e+02 4.892953405254914969e+02 4.406062340319721216e+02 3.782816243970981986e+02
1.234101793580908053e-03 3.773301718058407062e+01 8.178333112565924523e+01 1.319591515420306678e+02 1.883979129553319467e+02 2.509996565463098364e+02 3.126743647160070054e+02 3.634944652929235076e+02 3.752878642919280878e+02 3.659703703997304842e+02 3.682691631700751032e+02 3.767019263616056719e+02 4.153373989917075164e+02 4.235174382492829182e+02 3.896822768879735008e+02 3.419147845605012890e+02 3.896701699164498791e+02 4.466666625087940474e+02 5.052733528315851004e+02 5.697633059165920031e+02 6.152499448753229672e+02 6.332779338009564754e+02 6.277501877360265325e+02 6.221633575665748594e+02 6.292719557579621323e+02 6.618726354293845588e+02 6.565275397941115898e+02 6.926319428236447493e+02 7.339376138521741950e+02 7.325838123553767218e+02 6.683245521309384003e+02 5.932867197757913118e+02 5.283976813575538927e+02 4.767050974268877894e+02 4.358533705141269934e+02 4.063691481290298384e+02 4.398235354564940280e+02
8.963495960879561825e-04 6.229609315090215205e+01 1.274819712115017865e+02 1.805503858339446879e+02 2.296123509430868239e+02 2.744679257716420011e+02 3.083845917286924418e+02 3.191214996185112796e+02 3.053070457007968344e+02 2.931696833147217944e+02 2.950109232175744864e+02 3.046570558382159675e+02 3.505455632475700440e+02 3.568121938396959081e+02 3.439787450932286674e+02 2.984998977225449721e+02 3.461213440679774180e+02 3.978080479343243496e+02 4.618532828879630188e+02 5.277515584375123581e+02 5.923552955623929392e+02 6.325201468697287055e+02 6.584771848914490420e+02 6.742324712945187457e+02 6.905166195834761993e+02 7.160936804955945263e+02 7.331437523439225288e+02 7.614274329233201115e+02 7.803868359280776303e+02 7.575004442872415211e+02 6.976793084641639098e+02 6.307123774169981516e+02 5.640798547873044981e+02 4.929532017002881616e+02 4.723229759670122121e+02 4.063691481356964914e+02 4.691990710483361227e+02
9.729900227239582063e-04 6.639734698575502136e+01 1.339130211871205063e+02 1.888052588689297409e+02 2.295934090291601422e+02 2.506385704145326088e+02 2.537220565104287857e+02 2.465876403341648597e+02 2.325064031260078821e+02 2.265242892129969903e+02 2.299645389962059880e+02 2.445839668315359461e+02 2.851281746239625363e+02 2.922424049346644779e+02 2.831399160462949567e+02 2.625866385613476268e+02 3.055500151599738388e+02 3.588062702581125336e+02 4.236004874974391896e+02 4.954592346212305074e+02 5.496956332100990039e+02 5.877199122455772340e+02 6.294663976792500080e+02 6.606371258841846839e+02 6.908323854792890870e+02 7.246292890367044492e+02 7.597651246114741070e+02 7.947553433757259427e+02 8.059005776164760846e+02 7.612508682458991416e+02 6.930205987750863414e+02 6.256680715548135367e+02 5.661058142481142568e+02 5.481631945632259431e+02 5.030868020988083344e+02 4.451820540731412734e+02 5.073265448841252692e+02
1.347422396015889381e-03 6.042465075045025458e+01 1.051105952843860081e+02 1.512327816010134427e+02 1.841675441045509274e+02 1.886862236972685025e+02 1.867580504133819375e+02 1.692649082498826374e+02 1.656409377032873067e+02 1.689879579938701113e+02 1.724861629149916382e+02 2.086750417748907012e+02 2.151762690049618243e+02 2.401006944957811697e+02 2.218787612381017595e+02 2.846021135927489354e+02 3.485134295081377331e+02 4.002082466744603266e+02 4.476985367863725855e+02 4.860083840951281786e+02 4.944035981034072620e+02 5.328870530137581909e+02 5.679686872502304595e+02 6.015283523541190789e+02 6.376713540024414897e+02 6.784141962584072871e+02 7.247593299925442807e+02 7.766706666145237250e+02 8.029763371790562587e+02 7.809749834832634861e+02 7.360938199900226664e+02 6.786458282513673339e+02 6.368741682358713661e+02 5.992605738907590194e+02 5.456362127756768814e+02 4.912137636231879014e+02 5.529723556960669839e+02
1.603401931318566929e-03 1.164744665261613044e+01 6.544751341420499102e+01 1.064754102257651596e+02 1.185724828706199077e+02 1.240797322598620127e+02 1.369803773954749033e+02 9.591254916330161961e+01 1.081238958789954694e+02 1.210249525760561653e+02 1.335878959033475155e+02 1.468255932005716033e+02 1.617071447753542941e+02 1.790009796760062670e+02 2.303542060327567640e+02 2.914439955595822198e+02 3.535038084842178137e+02 4.001903387580737217e+02 4.292986715584572153e+02 4.361398440763159101e+02 4.413238742821780534e+02 4.736272779398449302e+02 5.046433756267570629e+02 5.405581814460321084e+02 5.812368789530858066e+02 6.279954797469623600e+02 6.844182515713260955e+02 7.362975712406257571e+02 7.703281936543857000e+02 7.655547923138894930e+02 7.567621895918692871e+02 7.323794619630034504e+02 7.024841209493586121e+02 6.555413443652529395e+02 6.043084389682828714e+02 5.483390791649466109e+02 6.031589984953812973e+02
1.121501537397125940e-03 4.614622824316832350e+01 2.867898600500387118e+01 4.070409504523093602e+01 5.253269053050009063e+01 6.391319298263281468e+01 7.566356682889440322e+01 1.178816420538667558e+02 1.530340670942889005e+02 1.863941415002258282e+02 1.955395395788192729e+02 1.856893345256229679e+02 2.228458040513260983e+02 2.340798541573241494e+02 2.125085351910492193e+02 2.790063877280061888e+02 3.207792019630844038e+02 3.566371338440184786e+02 3.729228926269362887e+02 3.742440039220942367e+02 4.169783092266096673e+02 4.176622129940751051e+02 4.527549277564324939e+02 4.929495266396496618e+02 5.382716973516032795e+02 5.907104986327530014e+02 6.476574767063827949e+02 7.032149434853123466e+02 7.107126586197055076e+02 6.989014083254837715e+02 7.234635176757979025e+02 7.411358403603439911e+02 7.408038455050425455e+02 7.156663579225372587e+02 6.685830464091383192e+02 6.279160255703799294e+02 6.499133579428068970e+02
1.136200419436412005e-03 6.452591369435215540e+01 9.401777774308044400e+01 1.052823393107840815e+02 1.104955909380381769e+02 1.146194158319752603e+02 8.483098721311496604e+01 1.538265193998551581e+02 1.892753992133769145e+02 2.312231511833122397e+02 2.586063361539951302e+02 2.440124878724274708e+02 2.512762860401062994e+02 2.887968704638129793e+02 2.803003754348965231e+02 2.432075236468538151e+02 2.652567488639938347e+02 2.888905875550627229e+02 3.131643875688552612e+02 3.399132620208175695e+02 3.732736220043639719e+02 4.435756387726185039e+02 4.999211453502897484e+02 5.452273483618646424e+02 5.808660604268860652e+02 6.154566354895530367e+02 6.423963688340088538e+02 6.594344203396240118e+02 6.545646838177844984e+02 6.143752228902226307e+02 6.562429872257589523e+02 7.036792324862549322e+02 7.367209774558220943e+02 7.503900018153487963e+02 7.377596381680297100e+02 7.148824458983660861e+02 7.258860302066582335e+02
1.376512887513758974e-03 6.542359498060544354e+01 1.263907058572644644e+02 1.633667107777753245e+02 1.720521613141187345e+02 1.690922850874586629e+02 1.580021554628677620e+02 1.597754506761995685e+02 2.262377996251102843e+02 2.719968154616111065e+02 3.118400621396172596e+02 3.047238589149977201e+02 3.070510261838805945e+02 3.241374134028857270e+02 3.306543096731302853e+02 2.909937845546878066e+02 3.303006687890640478e+02 3.433958069827053237e+02 3.773512645510111270e+02 4.082328698389654846e+02 4.410398232695783349e+02 4.896475692337965029e+02 5.322560334206584685e+02 5.620372520808610943e+02 5.727795358554614040e+02 5.832225942976421038e+02 5.833877562928249745e+02 5.893826882597145413e+02 5.917862578206733133e+02 5.439263766279992751e+02 5.935081240335371149e+02 6.426596122889117169e+02 6.963383027958170715e+02 7.363609066613747700e+02 7.679737698139839495e+02 7.836793687906974810e+02 7.995164441918961984e+02
1.345312189980027570e-03 5.972685127068611166e+01 1.250468504105921141e+02 1.879436413092017801e+02 2.261912003363384258e+02 2.304301538526044055e+02 2.218881806776309702e+02 2.197674352199284442e+02 2.335849203527997133e+02 3.043225138136859869e+02 3.550028959322722812e+02 3.663451916100831340e+02 3.672922700505405373e+02 3.772660626663490575e+02 3.739950483868118454e+02 3.593440285302426105e+02 3.736994358420592448e+02 4.161728961577579753e+02 4.358315640410711467e+02 4.747937306605377898e+02 4.995623794277769889e+02 5.196412469834940566e+02 5.256708915156568764e+02 5.157025437662113063e+02 5.085401615259614800e+02 5.121731879648124277e+02 5.117118594739787341e+02 5.174693529639230292e+02 5.325967547555829924e+02 4.864673408563262456e+02 5.336402632292778208e+02 5.851709453489150974e+02 6.334657414718144537e+02 6.845592418487244686e+02 7.455311645368990412e+02 7.934108078303715956e+02 8.214616317563280745e+02
1.338399390528466652e-03 5.356092003853223815e+01 1.149100076090600595e+02 1.824443282803834165e+02 2.469323196570568086e+02 2.841560540843229319e+02 2.857036932583035878e+02 2.830846374005454322e+02 2.955600252170660269e+02 3.182145832598041011e+02 3.828311291428327081e+02 4.241556353583926580e+02 4.290271510822452683e+02 4.359748919694733331e+02 4.354410587095251230e+02 4.301490515042961533e+02 4.394800408556933462e+02 4.772332754487686657e+02 4.995960686013184500e+02 5.135272749672819828e+02 5.129060654677167577e+02 4.986797988371330916e+02 4.751088427261576044e+02 4.361401838202104386e+02 4.335076436431872366e+02 4.396309435122436753e+02 4.453697270286668868e+02 4.505036765539467751e+02 4.755906458662959722e+02 4.391637866462174884e+02 4.844022522804675646e+02 5.263656972379541230e+02 5.739121716408093334e+02 6.346628952515852689e+02 7.001990501206422550e+02 7.679371325769595842e+02 7.910422287682786191e+02
9.567392915362995121e-04 5.016002611840808356e+01 1.078993141817172017e+02 1.734737294877020304e+02 2.427353839487051630e+02 3.059389159514049084e+02 3.404372900395435977e+02 3.476554627768518344e+02 3.612443154270770833e+02 3.803762491417825231e+02 4.264134820724044062e+02 4.613120848461165338e+02 4.746933832925690240e+02 4.816179925581785710e+02 4.869351708542984625e+02 4.916492806219470140e+02 5.034137756212559793e+02 5.199811346084815113e+02 5.217042772420371648e+02 5.012900434062456156e+02 4.720031757695870738e+02 4.336310991876848675e+02 4.035151494819498907e+02 3.601059818695144372e+02 3.652967913637402262e+02 3.747282736996380095e+02 3.885143812279976601e+02 3.884946988929182226e+02 4.138683967721815407e+02 4.004911030894332953e+02 4.334823550110389760e+02 4.755051761208187600e+02 5.263073386606980648e+02 5.883519089158148745e+02 6.670237439119506462e+02 7.420769671973022241e+02 7.537181197923133595e+02
