output/field_example_lateral_ON/elevation_000078.asc
nrows	150
cellsize	66.66666667
xllcorner	0
ncols	150
yllcorner	0
NODATA_value	-9999
[rows 85 to 101 of 150, columns 0 to 36 of 150]
-1.512353554486879073e-03 6.313752468101091608e+01 1.304628719801446266e+02 1.912403808046080087e+02 2.254921402220031439e+02 2.424897294950298772e+02 2.385263875384186463e+02 2.238701776269934101e+02 1.757267146879083271e+02 1.853502725064214474e+02 2.175924840201077188e+02 1.973804086573461802e+02 1.427723144437123608e+02 9.099945564148842436e+01 1.518470562106676596e+02 1.964659211909378769e+02 1.909785429174306159e+02 1.357538596094107106e+02 6.646226319489022671e+01 1.294563716024924247e+02 1.731682174722316745e+02 1.785757315251701698e+02 1.316744258235934240e+02 1.256400919633489224e+02 1.097466804410637593e+02 7.434589604281305242e+01 4.320891591558810063e+01 9.904789655948077609e+01 9.682251968504670003e+01 8.839608682559180863e+01 3.855064486714996264e+01 5.554405736578025454e+01 4.278903558623484571e+01 4.427013025777572608e+01 4.559239554446779152e+01 4.736581293301932050e+01 6.492418798703046434e+01
1.608188810593525224e-03 6.703921975478117190e+01 1.307990258873756773e+02 1.673126884378144155e+02 1.721977911430481640e+02 1.793034941534180007e+02 1.758957758581484256e+02 1.668643797929347841e+02 1.175492742511554809e+02 1.313618781998626446e+02 1.629763560500410904e+02 1.477057108918679376e+02 1.089365094882992793e+02 5.739501649433560004e+01 1.120506982962570959e+02 1.446987512726259126e+02 1.379477231328084486e+02 1.041866947394051977e+02 4.248325013697685648e+01 9.702524496232518914e+01 1.127412004737016247e+02 1.193584951983668390e+02 1.072474132067139010e+02 5.953264053589028748e+01 5.610137768087562904e+01 3.405637193548940900e+01 4.148394039312682935e+01 5.620706285710326711e+01 4.349278123778497473e+01 3.855064486048329542e+01 6.402002306499706208e+01 4.062422435171447432e+01 5.195876018937936180e+01 4.427013026444239330e+01 4.635766931820280234e+01 5.198523461079479091e+01 4.886564811551659915e+01
1.163002409223213261e-03 6.620961234184571254e+01 9.901967539398273743e+01 1.056125579972996178e+02 1.084196522921003947e+02 1.101726627812935391e+02 1.161773472296303567e+02 1.093670699327299332e+02 5.928964166106066358e+01 9.556774598427055878e+01 1.055769974411236944e+02 3.365453992944168959e+01 6.285954377978395513e+01 2.820148506559261747e+01 1.752148577031123011e+01 8.235973916984967502e+01 7.057650493169275308e+01 7.216229573242218009e+01 2.029640307448991265e+01 5.141229467927011854e+01 6.222097793700281443e+01 6.476077229884546682e+01 7.364486717451950426e+01 4.454073095443470720e+01 3.235191497048753462e+01 3.882024414919803945e+01 3.544761590791029704e+01 3.651751075788361334e+01 3.651751076455028056e+01 5.379334981590725562e+01 7.978198747992367146e+01 8.551188457724316550e+01 6.998754887392232149e+01 8.063528354881010785e+01 8.965953806269484971e+01 1.140875835964004779e+02 1.023532847256093277e+02
1.159978335539736064e-03 4.549739197904163746e+01 1.859060562978844544e+01 3.929095354633256676e+01 5.247547500240727913e+01 4.389923853637746731e+01 7.047315193810858602e+01 4.886062163782598589e+01 8.957603016149322528e+00 1.158183949467007423e+01 6.070992709946445132e+01 5.398743829393317384e+01 2.635382898226738746e+01 1.633939934972795882e+01 1.752148576364456289e+01 1.887554152154247333e+01 1.887554152820914055e+01 2.029640306782324544e+01 4.523751466857775227e+01 2.271600507850845929e+01 2.375825886544364707e+01 2.507292309902922156e+01 3.291661263330977505e+01 3.069141324917404035e+01 4.468008322043183256e+01 4.234440659596251066e+01 6.460914482630047928e+01 6.290524938648241005e+01 8.981208130551537749e+01 1.185600287750668684e+02 1.492090036547047021e+02 1.487575599605906973e+02 1.079659729362877556e+02 1.487077496723343302e+02 1.486770146965722859e+02 1.658991525071673152e+02 1.501434102043785117e+02
8.193157009185191193e-04 1.560385382857967018e+00 5.971995837028805099e+00 1.610205014128600354e+01 7.450513893447901381e+00 6.333873559804902520e+00 8.203364158881964130e+00 8.957603009482655310e+00 2.587070340963501991e+01 1.098462283888060398e+01 2.989411990293288568e+01 1.361766812805452354e+01 1.493526660132967621e+01 2.466630732564515327e+01 1.969289115029154758e+01 2.873115989594422004e+01 1.887554152820914055e+01 2.023476697517961753e+01 7.006649430139604817e+01 7.152781764617260762e+01 2.793384897652876830e+01 4.654127008817940236e+01 2.836773677226069879e+01 6.366371498521501593e+01 9.559994711955927471e+01 1.076491206670808367e+02 1.132164482883337087e+02 1.137542325397473917e+02 1.142680188804476415e+02 1.699242988755134149e+02 2.077881601480652876e+02 2.071031415475736708e+02 1.611989251135196071e+02 2.113928406775364977e+02 2.151014857858033054e+02 2.257007010643434057e+02 1.832799893988883468e+02
1.311864887333481691e-03 3.730564800988012308e+01 3.845841537469199878e+00 5.180176366161984625e+00 6.333873553138236190e+00 1.591875805076601580e+01 7.343320860412426043e+00 3.957003129953032072e+01 6.726390493512390378e+01 4.815114669805984704e+01 1.361766812138785632e+01 3.391642763917266734e+01 6.226342001376557533e+01 6.470208224539544517e+01 9.052506428719902942e+01 9.156692928797909303e+01 6.093709276520338136e+01 5.883634549669843494e+01 1.057026066922248475e+02 1.168461214704231281e+02 1.083598146924211960e+02 8.508924003641442368e+01 8.456198305411002991e+01 4.771878592145387188e+01 1.199017606870303894e+02 1.660372740158684906e+02 1.770724787663141342e+02 1.738842333400446307e+02 1.698587739422396226e+02 1.812083491939036719e+02 2.426463946555878124e+02 2.594768441163882926e+02 2.242455377429388079e+02 2.719441476745158184e+02 2.813616916051523162e+02 2.786809027412779187e+02 2.304759615343394898e+02
7.057974232422931874e-04 5.628203166843472616e+01 6.686424447487382849e+01 6.537151641897908405e+01 5.284750193398144802e+01 6.822674700096744971e+01 4.544040740973372294e+01 8.798474519126334314e+01 1.180436428516163119e+02 1.115556636387536003e+02 8.021190591202399389e+01 3.813111300411340210e+01 9.398047034137142930e+01 1.247069975795537005e+02 1.424465439125802391e+02 1.486889309875092238e+02 1.095965358049735698e+02 1.072543840704785083e+02 1.230081027953744410e+02 1.716268439653467510e+02 1.706173147600517552e+02 1.353110468375296875e+02 1.190363215065017499e+02 6.056505636475416310e+01 1.291132879459861726e+02 1.947508711293579893e+02 2.349830841242683732e+02 2.396501458207841040e+02 2.353005036080179764e+02 2.450036444478953683e+02 2.618077022274199521e+02 3.109510360425047111e+02 2.946673751300954791e+02 3.321805492396724162e+02 3.426301386647634217e+02 3.245739407875246343e+02 2.846189857421173315e+02
1.125106688245767735e-03 6.883657719887085591e+01 1.132511198969658182e+02 1.216683304552272631e+02 1.130626631389509242e+02 1.295108705234875970e+02 1.026565459433999052e+02 1.022722679447040122e+02 1.582300347434741639e+02 1.679975312206334479e+02 1.288897355583199271e+02 6.024300246409004700e+01 1.048974098715747232e+02 1.575682727470204156e+02 1.953241725011893379e+02 2.007492229886582891e+02 1.643774984682099500e+02 1.584968993010491829e+02 1.688672823482765182e+02 2.175481793787469940e+02 2.211053896377904380e+02 1.866031595970817136e+02 1.445155152172609405e+02 7.523319735889201354e+01 1.371901597107722637e+02 1.921965116822447612e+02 2.576397309934140480e+02 2.977277387780914069e+02 3.050279951059895893e+02 3.156758396447181667e+02 3.216096562667805188e+02 3.651602094629146222e+02 3.655688363606515168e+02 3.820374634031720689e+02 3.760394939425469829e+02 3.431512952739291791e+02 2.985458390920971397e+02
1.177686149124846857e-03 6.669497078266546453e+01 1.315327189946622752e+02 1.724862680093945642e+02 1.777052176525365610e+02 1.800752630901068017e+02 1.727742532410762522e+02 1.467544346520432441e+02 1.916484650575656303e+02 2.173139573334191539e+02 1.846711100910036407e+02 1.330219411057458956e+02 9.188663278644401089e+01 1.605098979978604063e+02 2.225868564770685794e+02 2.479945084579918841e+02 2.256177436281140842e+02 2.153869317849119511e+02 2.218275120241256104e+02 2.662964192227269109e+02 2.669384551684420899e+02 2.212291927510621292e+02 1.613085617020088876e+02 1.273144018937162798e+02 9.600445058612201876e+01 1.693331599255221533e+02 2.474132981228398478e+02 3.189949842798400255e+02 3.628091033477863334e+02 3.847109153946453830e+02 3.884813847888735268e+02 4.191244200966980884e+02 4.189725434239892934e+02 3.996475600447465695e+02 3.625911039222894487e+02 3.131383085285419270e+02 2.702712567233256777e+02
1.509351160949969420e-03 6.009466169607599539e+01 1.264998879340214302e+02 1.911563016697104445e+02 2.312267370137670071e+02 2.370232907624631480e+02 2.261357004807977660e+02 2.125928277854596331e+02 2.262697267867070536e+02 2.627662922445285290e+02 2.353350765770445321e+02 1.813887975321075885e+02 1.137291248263116330e+02 1.709023350774415633e+02 2.341780361264208921e+02 2.867989367309904765e+02 2.881064840385528782e+02 2.795225346259974231e+02 2.842490632667301611e+02 3.184204500809311753e+02 3.089497275193679684e+02 2.590341696875375419e+02 2.129457222091612323e+02 1.667929248444145571e+02 1.095071089285431611e+02 1.802573838609385746e+02 2.537954218053689601e+02 3.194897822603304007e+02 3.738214170274628145e+02 4.207403102521118967e+02 4.475692474839335659e+02 4.559796287023293075e+02 4.236080789093039698e+02 3.755333648447777364e+02 3.193498782768078854e+02 2.685592726964511030e+02 2.232116852368421007e+02
1.527203883057584501e-03 5.363616876951785173e+01 1.151401573557720610e+02 1.826372953347645023e+02 2.471164761400739280e+02 2.853348373816080539e+02 2.859287189447647961e+02 2.817225979473010398e+02 2.863682271595495195e+02 3.034152912671835338e+02 2.575566216090868465e+02 1.917876087247165344e+02 1.374409325990135358e+02 1.738019565615205977e+02 2.413989841858276861e+02 3.085631104430801201e+02 3.460416768536141490e+02 3.490550605867310310e+02 3.559010918104757479e+02 3.706737331412282401e+02 3.457985312616703482e+02 2.996049325473701401e+02 2.492596373054632863e+02 1.912902600941244771e+02 1.234149104243561084e+02 1.870598374493272331e+02 2.255723986394537803e+02 2.782641516052687507e+02 3.404066003028885916e+02 4.090564282613720479e+02 4.619825635730733779e+02 4.562899936119307540e+02 3.980683715259868904e+02 3.288172649854165570e+02 2.663919442430224080e+02 2.231896769022359024e+02 1.645441024659566835e+02
1.080560317828887281e-03 5.011056911431668226e+01 1.075196480078803916e+02 1.703676921637525652e+02 2.363182238519920588e+02 2.967541167133706494e+02 3.324751282786151023e+02 3.451995517987188578e+02 3.468904814182964174e+02 3.439686877494073087e+02 2.889056008528235679e+02 2.252712117322707570e+02 1.663039746203978666e+02 2.148379886911046412e+02 2.424215862939490478e+02 3.122832762139225338e+02 3.770129266491169915e+02 4.120991564441405330e+02 4.207167281105262191e+02 4.061683816067322823e+02 3.540370333330677681e+02 2.944732012912822370e+02 2.359849560343357382e+02 1.812526582758493703e+02 1.360149433599697204e+02 1.648063785202175495e+02 2.153236095930570002e+02 2.704997966859348253e+02 3.340841202255103894e+02 4.044423095849072638e+02 4.623145072867671956e+02 4.497118222696057046e+02 3.841735759939853097e+02 3.128745191347528589e+02 2.471239687446677067e+02 1.859606156694373738e+02 2.211649041575918204e+02
1.182437268099273409e-03 5.710838796949820306e+01 1.163154623582992002e+02 1.678953033231171617e+02 2.207851908581189377e+02 2.746741576191055856e+02 3.253813925950695989e+02 3.698564754736744362e+02 3.958269792604599502e+02 3.823773264955864306e+02 3.259259356337895497e+02 2.649596999588606536e+02 2.188732346092764089e+02 2.090731117683017999e+02 2.685280759017877585e+02 3.201489699914422431e+02 3.858699197330082598e+02 4.458784091817594799e+02 4.550963149673558519e+02 4.093745223272023850e+02 3.494006465283364946e+02 2.924666239252047149e+02 2.386483937890317861e+02 1.550214183006530106e+02 1.571503768551745281e+02 2.103883838231624281e+02 2.207679577609573300e+02 2.704360617727709268e+02 3.332328943290294205e+02 4.054487698197375494e+02 4.661590058376510797e+02 4.489251806235718050e+02 3.825797300509563570e+02 3.132524171199590910e+02 2.494120155762350919e+02 1.994069990809420574e+02 2.502099531817553384e+02
9.049596236487619664e-04 3.345625764056881479e+01 7.213274758885738436e+01 1.159211671746001713e+02 1.654126638328353067e+02 2.215884710263179898e+02 2.852000418453170596e+02 3.548276520461810719e+02 4.120613781310942159e+02 4.163180651753079928e+02 3.698580481157787290e+02 3.206875341212213470e+02 2.767638084548142956e+02 2.420913977282219776e+02 3.071962119811045682e+02 3.661393151484588770e+02 4.218774579904762163e+02 4.714981245147149025e+02 4.640397414514195589e+02 4.050092686518372602e+02 3.401107471180122275e+02 2.819826501139318111e+02 2.421541252882502988e+02 1.772575082137038009e+02 2.074867943527156058e+02 2.390914198923399283e+02 2.741032464493317775e+02 3.172866819542567214e+02 3.791549969030426723e+02 4.474438460689879093e+02 4.843004325887442292e+02 4.539700662351937126e+02 3.894631309096203040e+02 3.275627383501165468e+02 2.798935577043171747e+02 2.148020769977015902e+02 2.829060991916919647e+02
1.231185342675230297e-03 3.512097440656114600e+01 7.310661084431039569e+01 1.150471129034672657e+02 1.621890415090738884e+02 2.160988846798891814e+02 2.784715839110640445e+02 3.492877036973942495e+02 4.182574430018087810e+02 4.488125907451787953e+02 4.248834569262555760e+02 3.747191888200092080e+02 3.262946168741409565e+02 2.809446329122923771e+02 3.500871935609982302e+02 4.129439593265312283e+02 4.675093882284286337e+02 4.963519838324982629e+02 4.642787634209614112e+02 3.949985118123283314e+02 3.261035440058340100e+02 2.639966907774589231e+02 2.059618659141417538e+02 2.416019193465434398e+02 2.684814408269915589e+02 2.955543914385418702e+02 3.292941729099141526e+02 3.703541116855461155e+02 4.260569569963043364e+02 4.849823111663041573e+02 5.016916943930845036e+02 4.509030251644138048e+02 3.868048681696013205e+02 3.281124548563531107e+02 2.767241876923758355e+02 2.291366165300902082e+02 2.941315854935833727e+02
9.896722994165653604e-04 3.292107745708212008e+01 7.081856271442514128e+01 1.128801577097151352e+02 1.598918043794044763e+02 2.131045961354566884e+02 2.742005119940940858e+02 3.445840464145085775e+02 4.159595402499475085e+02 4.705252148619358650e+02 4.678879717492606574e+02 4.251339442891964495e+02 3.785913412869173840e+02 3.277748659375824332e+02 3.654555903888355033e+02 4.316960234873271816e+02 4.976429986195034303e+02 5.125207814758905442e+02 4.566440734337781464e+02 3.816210894173814836e+02 3.178636676806709147e+02 2.650424305754713146e+02 2.221171925430564329e+02 2.556031821283378065e+02 3.139498737812235731e+02 3.577311025909157820e+02 3.911372827044946803e+02 4.317608754928147619e+02 4.771607799847449769e+02 5.223690053479084554e+02 5.172671410812004069e+02 4.572995782125212827e+02 3.915644639325070102e+02 3.323485925846484292e+02 2.795852161381952783e+02 2.425955984136687675e+02 2.952476034973801120e+02
8.648306943397510854e-04 6.647728478426540732e+01 1.186248969797218535e+02 1.642103348894877115e+02 2.120015640136754485e+02 2.622677404918274533e+02 3.141988689380592632e+02 3.703494599316709355e+02 4.308293978568730722e+02 4.815517778443371526e+02 5.009295174913380606e+02 4.787254458113500846e+02 4.330743109123195609e+02 3.894816325218912993e+02 4.223047707964134929e+02 4.736187164472290192e+02 5.290228412099085062e+02 5.345066642979522840e+02 4.777534734348659526e+02 4.212646029522148297e+02 3.594609348304023229e+02 2.893519658642683225e+02 2.407601906449257854e+02 2.987692299387431945e+02 3.178214653524818800e+02 3.790243477107539434e+02 4.389321574150759488e+02 4.887179454403451473e+02 5.338721657673386289e+02 5.593110442377669642e+02 5.324277978654212120e+02 4.677783202071529445e+02 4.030128981972190445e+02 3.451526523108253173e+02 3.172059182691035630e+02 2.586189240998770060e+02 3.247627818828356681e+02
