output/field_example_lateral_ON/elevation_000014.asc
nrows	150
cellsize	66.66666667
xllcorner	0
ncols	150
yllcorner	0
NODATA_value	-9999
[rows 51 to 67 of 150, columns 0 to 36 of 150]
1.247441123991860574e-03 6.624252286927618627e+01 1.202203099274886569e+02 1.551267568134978205e+02 2.156124313570333584e+02 2.774678383981371894e+02 3.326618431679575565e+02 3.551730940008304742e+02 3.497711098551527016e+02 3.529505910623236673e+02 3.862283417555507867e+02 4.214919940036671164e+02 4.397216370261994030e+02 4.516209015753506151e+02 4.600969333685874858e+02 4.608004645534216479e+02 4.382349249883932316e+02 4.320913871898177945e+02 4.641588490456409204e+02 5.057468911826228464e+02 5.236539576620372145e+02 5.362412479625521655e+02 5.404854467352087113e+02 5.405234304682930997e+02 5.404120818382872358e+02 5.234835645247327420e+02 5.091720806881714338e+02 5.088465877282275756e+02 5.144132618698640727e+02 5.034452663234688430e+02 5.457116322211272745e+02 5.942430372223163886e+02 6.477125881155684510e+02 6.972681224762163765e+02 7.558762717053808728e+02 8.000850843343371253e+02 8.185677848588904908e+02
8.991442672098762376e-04 3.342982119259727369e+01 7.501379127716276685e+01 1.332931964436889132e+02 1.964778105006021178e+02 2.647440099976128636e+02 3.325835618207652828e+02 3.849870449073034138e+02 4.032434005102255128e+02 4.145440739440837206e+02 4.361047820444393892e+02 4.549670858434771503e+02 4.592251938525254786e+02 4.649730826152672876e+02 4.750463617429596752e+02 4.897594299283103396e+02 4.915410252378616178e+02 4.943254119745559478e+02 5.147147758895908964e+02 5.374790243534113188e+02 5.389588238526870327e+02 5.188343433456024059e+02 4.909297986801359457e+02 4.802892461049645476e+02 4.776133677678981826e+02 4.571812652695938937e+02 4.342616322207373400e+02 4.471948040428619606e+02 4.603359297535110386e+02 4.529297741325042352e+02 5.011997070255064273e+02 5.555331560637487200e+02 5.918923603948378513e+02 6.464076763735903342e+02 7.119588890841608873e+02 7.823635868888846971e+02 8.282252242487448939e+02
1.138240608956130094e-03 6.579152618789161977e+01 1.189648247504976268e+02 1.514504462367807207e+02 2.112953892717524980e+02 2.794414026383528835e+02 3.419185002053623066e+02 3.786712461920100736e+02 3.960091067158074907e+02 4.109197336489777399e+02 4.295866311173410281e+02 4.288498095767624250e+02 4.075014780066753701e+02 4.091885208892359174e+02 4.193923540809288966e+02 4.563396695726623875e+02 4.734759662802577509e+02 4.834887507541834566e+02 5.018498573189717149e+02 5.193778789120896136e+02 5.073460497217089937e+02 4.633755320177937165e+02 4.217624292184307251e+02 4.106806979908338917e+02 4.155248651608408750e+02 4.191089297400664009e+02 3.618183468964752478e+02 4.167398344695938590e+02 4.147787345111879631e+02 4.795492420313948969e+02 4.928500609408771425e+02 5.268461126021237533e+02 5.741994374788587265e+02 6.329034957317846875e+02 7.060702493134699580e+02 7.844274519329069335e+02 8.214183388856896499e+02
6.940593384278977021e-04 6.008153218839233745e+01 1.250285240935343865e+02 1.901533979492569415e+02 2.468033684708474027e+02 2.941812799099286622e+02 3.213090407929725529e+02 3.245735998532636017e+02 3.351048261503513572e+02 3.491313395491941378e+02 3.807596610200576492e+02 3.748872023864449829e+02 3.369991100999060336e+02 3.416851019972191921e+02 3.554654082431131314e+02 4.020005276190264567e+02 4.104282713388149091e+02 4.176438261733026707e+02 4.389069490689837494e+02 4.702269116349659726e+02 4.607826518925191976e+02 4.126317529446828871e+02 3.592186063368071132e+02 3.450757279473224912e+02 3.570071077335119867e+02 3.796260948192529554e+02 3.618183468898085948e+02 3.772706082672157777e+02 4.516806463132778617e+02 5.066008111139989865e+02 5.458447990271475874e+02 5.790860518498049032e+02 6.193112853357376935e+02 6.698018775187008487e+02 7.343276485731338425e+02 7.973279870301404344e+02 8.085144625340869879e+02
1.055237303129000518e-03 5.550284008022659776e+01 1.187457466207412580e+02 1.853390483010815615e+02 2.427925708298407983e+02 2.671904738387703446e+02 2.627685687351996080e+02 2.571441964605177191e+02 2.670601263392820215e+02 2.859934647140943298e+02 3.232375472168631632e+02 3.173532486121589500e+02 2.735578287538133964e+02 2.807879932388442512e+02 2.999489776749610996e+02 3.481596865616808145e+02 3.441048864187999357e+02 3.459022411815091118e+02 3.924590853744416563e+02 4.089065312327165316e+02 4.104370510463762685e+02 3.626292792390837576e+02 3.159489546106518674e+02 2.837860722079746552e+02 3.016245758871267526e+02 3.201700127208900994e+02 3.426275046344693465e+02 4.135336897170764132e+02 4.713110096891168155e+02 5.384464599387370072e+02 5.937805611282309428e+02 6.338306303665887071e+02 6.749233075473583767e+02 7.191001892532505053e+02 7.678759141097970087e+02 8.137497730993726464e+02 7.999523739578668255e+02
1.562014952837139075e-03 5.941958362149372164e+01 1.229669394888253038e+02 1.800136871813791117e+02 2.081433920987703914e+02 2.078496402159533432e+02 1.962683966321719140e+02 1.925485952961059581e+02 2.044102232813529554e+02 2.497504646903418859e+02 2.589313647603102027e+02 2.613741982067306253e+02 2.198508634508447130e+02 2.277714157357134752e+02 2.748528534897779423e+02 2.895383192244013912e+02 2.840635701563506359e+02 2.902234192522153648e+02 3.412380246826788834e+02 3.470021741994428908e+02 3.596496103090863130e+02 3.187176568714331211e+02 2.570272982782188365e+02 3.169497364588586379e+02 3.577883937174644302e+02 3.722104557390992454e+02 4.103844076095541595e+02 4.205013915079690037e+02 4.740280019959992046e+02 5.347976835752916713e+02 6.017760599282000840e+02 6.716322109508854510e+02 7.234843206828199982e+02 7.658478128151142528e+02 8.043141192918678826e+02 8.297126158419462172e+02 8.081715174279603389e+02
7.585375989290401438e-04 6.293496199965387206e+01 1.174777269593941043e+02 1.368520163639576310e+02 1.475165861546482233e+02 1.440513905380009021e+02 1.326634642177811827e+02 1.339389224516410195e+02 1.793529093746212482e+02 1.909822839809241941e+02 1.934231767096569001e+02 2.048865251063704136e+02 1.744410161464593898e+02 1.931412703440402083e+02 2.241926182310738227e+02 2.325195199876661150e+02 2.315181140910745228e+02 2.440971910295782266e+02 2.922115483454415994e+02 2.856693925911550309e+02 3.044657889432743900e+02 2.733548733744794959e+02 2.378394834179456723e+02 3.064724772236149306e+02 3.757150382091937786e+02 4.259940754858856735e+02 4.612289942610461821e+02 4.949523219336220450e+02 5.327866061198882335e+02 5.797837961763102612e+02 6.325142734389997941e+02 6.852876517175133131e+02 7.303823986384926457e+02 7.674997343892389381e+02 7.992913842241763405e+02 8.120088539071008427e+02 7.828945520366384017e+02
1.046285099159314971e-03 5.387117203723124703e+01 7.658306084107472600e+01 6.872551759950559358e+01 9.134248747263465873e+01 8.796174425367635763e+01 4.812002538320765410e+01 1.114616438523831761e+02 1.233994407995365918e+02 1.276745885808760335e+02 1.317897565800896587e+02 1.454360362502303019e+02 1.496095511629479233e+02 1.335020637216793773e+02 1.635734023938333621e+02 1.907270252807853694e+02 1.873629384867516023e+02 2.165655530600289183e+02 2.290137212268229234e+02 2.243731421090259630e+02 2.453101062278854840e+02 2.108367375693437111e+02 2.828623728216377344e+02 3.468187965890434157e+02 4.101846477005787506e+02 4.648335380922657123e+02 5.028876536047534387e+02 5.302312915663367221e+02 5.533703261480350193e+02 5.842541176651840260e+02 6.209311316445001694e+02 6.490272887048479333e+02 6.846619991422695648e+02 7.194725921385444281e+02 7.588205959442387893e+02 7.704822068453797783e+02 7.276748408538261401e+02
1.106265462435658282e-03 7.161701423816650092e+00 1.525648963666931301e+01 2.283611509831048991e+01 3.069626272661376021e+01 3.819193831370818515e+01 4.486512234178798053e+01 5.230449564102378446e+01 6.044419796121005106e+01 6.898144043699402062e+01 7.720726002438624391e+01 8.524658208362578193e+01 9.358225908257892911e+01 1.143518553368016768e+02 1.315191183178060612e+02 1.460108782664540001e+02 1.728014759105817006e+02 1.482047003154628726e+02 1.581393915002879567e+02 1.678411706298601018e+02 1.819881114981425867e+02 2.449515973426235576e+02 2.895943160805130674e+02 3.509109701348915564e+02 4.145880558522138131e+02 4.697405953022366702e+02 4.930560112207886050e+02 4.969681401136559771e+02 4.977879605732674122e+02 5.298874357837471507e+02 5.744227081228251564e+02 5.875725084470386719e+02 6.297384767587381020e+02 6.660931967215371969e+02 7.164930074865608276e+02 7.255169629757007215e+02 6.764250193239416831e+02
1.588587968374398059e-03 5.424542566473898830e+01 8.090751033942007098e+01 8.737263067140861494e+01 8.965167988807810673e+01 9.557485222359409249e+01 9.703867315960907547e+01 8.162069058087396911e+01 1.089833735246966171e+02 1.339526934121699071e+02 1.345370508601158974e+02 1.314614262319358033e+02 1.423952839532304608e+02 1.069180699631784961e+02 1.158096657337304833e+02 1.247121397378448791e+02 1.337986427912229885e+02 1.772362310084802175e+02 2.070480288370344795e+02 2.141607825998102612e+02 1.678411706365267548e+02 2.371443604067460456e+02 2.910449823028833976e+02 3.580366631191687361e+02 4.124507220426037861e+02 4.427208773569017239e+02 4.384002941741981658e+02 4.249000031638503287e+02 4.295876081316394561e+02 4.790500052833268683e+02 5.240454449475012098e+02 5.317088459937981497e+02 5.791132360070650975e+02 6.300046346103007409e+02 6.848828375286087748e+02 6.850764822939509031e+02 6.300250153689278250e+02
1.279216666935708386e-03 6.180708409630332767e+01 1.176552670724952208e+02 1.467931958298296422e+02 1.532486285159411636e+02 1.607636516990580446e+02 1.583874213528459336e+02 1.317890601773750063e+02 1.342397770647835955e+02 1.804375023510932579e+02 1.914370915207465771e+02 1.865486630281527312e+02 1.525600139837535494e+02 1.944219034116121065e+02 2.138507695635769039e+02 2.118549488880242393e+02 1.755036229831634955e+02 2.256916418199096768e+02 2.406898223224664548e+02 2.480831692459301223e+02 2.015101926413204865e+02 1.939090709107506427e+02 2.686893261109824493e+02 3.236810148078992029e+02 3.772591140149981470e+02 3.860617307195259400e+02 3.796337159519476359e+02 3.472265117263344791e+02 3.775782545726089552e+02 4.454762864231008734e+02 4.640798942435363870e+02 5.013721909264189662e+02 5.519684743743619038e+02 6.178481375891071821e+02 6.670882760048119735e+02 6.509282736198900920e+02 5.883710510772186808e+02
9.095820746289582119e-04 5.718080342304232744e+01 1.177294879797212985e+02 1.738798890937139561e+02 2.085294165267480935e+02 2.282794350643791574e+02 2.281023749472340398e+02 1.925009395839086039e+02 1.904272658856731084e+02 2.011691842415808082e+02 2.439572042741020823e+02 2.403882301309950833e+02 1.902512716928223711e+02 2.465532237699161158e+02 2.850064472516015712e+02 2.778785870163877689e+02 2.264992145180104615e+02 2.791708733996201204e+02 2.914535527596162297e+02 2.859510662456979162e+02 2.434053012759933949e+02 2.516758922943508026e+02 2.219853910760522808e+02 2.861765518860219117e+02 3.286835991976347486e+02 3.232226184983776989e+02 3.049357844100272814e+02 3.610145963555618209e+02 4.118994924845778769e+02 4.205496161818861083e+02 4.703329316908243527e+02 5.274561487954837276e+02 5.843140503576194078e+02 6.390851870959522785e+02 6.576402299049309477e+02 6.187368560753110387e+02 5.491930942202013739e+02
1.451728525893234128e-03 4.790962874174283570e+01 1.016617877591103110e+02 1.599344343690526102e+02 2.182133688645875509e+02 2.696576936648092442e+02 2.856256767073209062e+02 2.613552171912444351e+02 2.552593332866064202e+02 2.586429927224132825e+02 2.775232085451242483e+02 2.864563837333668630e+02 2.484746178334479225e+02 2.506248359910101726e+02 3.177969013147112491e+02 3.286181895683562288e+02 2.843946802886267733e+02 3.370670680767855174e+02 3.477990643817011005e+02 3.063952003872577166e+02 3.114874125420607811e+02 2.778184740296974837e+02 2.830809852257050920e+02 2.486632478519587153e+02 2.652497722716507838e+02 2.652497722783174368e+02 3.003340318952243138e+02 3.427520441119213501e+02 4.122698356452498274e+02 4.689797793343236663e+02 5.057964135987406848e+02 5.610853393899128605e+02 6.160988743016911258e+02 6.576159869022517341e+02 6.433003216913174356e+02 5.772408610020588640e+02 5.084517947307751911e+02
-1.561618357994713595e-03 4.336514811798178926e+01 9.230254363675055629e+01 1.477848971348984151e+02 2.096851926215329911e+02 2.744692778551073502e+02 3.267769656358235011e+02 3.280396687466609364e+02 3.260615595651482295e+02 3.234645048408214052e+02 3.335849449642353761e+02 3.297478392061530599e+02 3.262129239968769525e+02 2.966785737334452051e+02 3.509659735583456381e+02 3.820364315429680460e+02 3.501405194729527466e+02 3.973010456178388381e+02 4.007285072909717201e+02 3.533963744249609249e+02 3.649801863614470108e+02 3.195702667368706784e+02 3.176615714996988800e+02 3.192429615771398517e+02 2.870683242315151347e+02 3.223179887272696078e+02 3.629301413154263969e+02 4.047576850113950400e+02 4.092350258781166303e+02 4.702688338988598389e+02 5.377681320359600932e+02 5.972197326967491335e+02 6.503529030639203938e+02 6.722990149439334573e+02 6.278329039961583931e+02 5.451122763983271398e+02 4.647829892553498894e+02
-1.629181703595709635e-03 4.246963789228689734e+01 9.035993187768367818e+01 1.454740699024836204e+02 2.090310182252201230e+02 2.793445794131396269e+02 3.475141027950912189e+02 3.846469966161496359e+02 3.962186356928282862e+02 3.934597549053846137e+02 3.989799753985371922e+02 3.925999514651874733e+02 3.942628778696688983e+02 3.533554161703879117e+02 4.007933966136070012e+02 4.418029415551222883e+02 4.227362829940344682e+02 4.598853533024226294e+02 4.529274665121661769e+02 4.051751297888402519e+02 4.130571411282247141e+02 3.661663946983726987e+02 3.667431725157956066e+02 3.715678599288967234e+02 3.198263178750489146e+02 3.630949662495281132e+02 4.133483225526020419e+02 4.590800845362859377e+02 4.626202480245903530e+02 5.166589683527001853e+02 5.755878332183567636e+02 6.360134644360788343e+02 6.715592458752025777e+02 6.695040871292673046e+02 6.289441324087717931e+02 5.650915040789595878e+02 5.158164189420638195e+02
-5.536218851392299412e-03 4.212723483050071849e+01 9.168368692451741708e+01 1.498598050186926400e+02 2.165535240023934307e+02 2.855927389642540675e+02 3.523035664437978767e+02 4.019557085617216785e+02 4.363883340552002892e+02 4.534509487749845107e+02 4.647661316823633229e+02 4.595366701488030685e+02 4.579822408400060567e+02 4.227954383496797277e+02 4.605860568683355041e+02 5.009733117042381423e+02 5.021132176263329825e+02 5.200082656930087524e+02 5.040535483367597180e+02 4.628353486357318047e+02 4.641220455605168240e+02 4.179003213530643848e+02 4.180687447233598277e+02 4.145172607609046622e+02 3.573811182015715531e+02 4.002018375368566581e+02 4.506306443428331363e+02 5.066583798797954614e+02 5.231075267299595453e+02 5.693137705419027270e+02 6.231022748151674477e+02 6.595075373128951242e+02 6.643571363668936556e+02 6.371468564111731894e+02 5.921653235038813818e+02 5.611487782068703609e+02 5.385689950397958228e+02
-5.099245925878344993e-03 6.275995422520954037e+01 1.304814989049207838e+02 1.902980474505391157e+02 2.447248748123528514e+02 2.907143758707885581e+02 3.249762125609814234e+02 3.671321037458014871e+02 4.183351438468910146e+02 4.596294976634873706e+02 4.960963998172312017e+02 5.147598703585935027e+02 5.169561555194347875e+02 5.004859544602049937e+02 5.274349650582479399e+02 5.518382252406005364e+02 5.669595404143523183e+02 5.788737984639892602e+02 5.625183993329159193e+02 5.277549160027936068e+02 5.196151171375510103e+02 4.759447742035198416e+02 4.731555499628784673e+02 4.591343017637707931e+02 4.003953646585273987e+02 4.442852630732501780e+02 4.910967144594580986e+02 5.448533696251729452e+02 5.859293786498230929e+02 6.262366006787653987e+02 6.538219499128827010e+02 6.562836619457156075e+02 6.288462248886514772e+02 5.799670970444154818e+02 5.337621064508387008e+02 4.942168890125424809e+02 5.007319676712558021e+02
