output/field_example_lateral_ON/elevation_000074.asc
nrows	150
cellsize	66.66666667
xllcorner	0
ncols	150
yllcorner	0
NODATA_value	-9999
[rows 102 to 118 of 150, columns 74 to 110 of 150]
5.435166901249224338e+02 5.655659535320450004e+02 6.246052845271840397e+02 6.900374516642216349e+02 7.567403325953682725e+02 8.004736689929583235e+02 8.005519256982490788e+02 8.366938669962461290e+02 8.588103826181991280e+02 8.485085810989750144e+02 8.100483822205028446e+02 7.576054380904703294e+02 7.109332395791493582e+02 7.066368017556304721e+02 7.116323028243184581e+02 6.801429763719428365e+02 6.289136818047514907e+02 6.589766333473965005e+02 7.193314220937706978e+02 7.813867791065746360e+02 7.990848874576709022e+02 7.544313478776234660e+02 6.993825269655920920e+02 6.509174339279470587e+02 6.040849364295296482e+02 6.346639969530275494e+02 6.844749247138261126e+02 7.445775347638790436e+02 7.951653702496605547e+02 8.003240818101176046e+02 7.629466056095586737e+02 8.042720397206385314e+02 8.485949312566657454e+02 8.974165073218766793e+02 9.265233506501073180e+02 9.233547625287868641e+02 8.917796487279218809e+02
5.870265407150927786e+02 6.245016269132064508e+02 6.337745492338917757e+02 6.879624942140428630e+02 7.503130005634845929e+02 8.129999459568501834e+02 8.557470623166279893e+02 8.780613247673163642e+02 8.767010562380464762e+02 8.286266853148920291e+02 7.649957414247676297e+02 7.060734090917117101e+02 6.596906396753897752e+02 6.486494663390918731e+02 6.493435893013399891e+02 6.303816675913262770e+02 5.985170444255506936e+02 6.537369114442279852e+02 7.142146067534351914e+02 7.695900686217776183e+02 7.739188505111975473e+02 7.229165514793894545e+02 6.653368450344997882e+02 6.175435169541565301e+02 5.759758143848445116e+02 6.372778166233874799e+02 6.877046765545270546e+02 7.175503703869568426e+02 7.486557375797773375e+02 7.510763334927481765e+02 7.078623759198300149e+02 7.500983228141690233e+02 8.010802866154475623e+02 8.516336513894825657e+02 9.028454515916680521e+02 9.320556841719485419e+02 9.254568080893653814e+02
6.535623371171232066e+02 6.621192879453572004e+02 6.987358296666607202e+02 7.396911120406973623e+02 7.953598678560917961e+02 8.429921889786389784e+02 8.757964597614436570e+02 8.837262120463457222e+02 8.722484280124432416e+02 8.196038815293419475e+02 7.537421878904814321e+02 6.892182088919961416e+02 6.352773015739518314e+02 5.974939789316415499e+02 6.045035525653474906e+02 5.605602568842078881e+02 6.017523998932205131e+02 6.550416563837808326e+02 7.116847310299102674e+02 7.587591644642915298e+02 7.517996014588858316e+02 6.942917492843982927e+02 6.343665103779400170e+02 5.848450054685027908e+02 5.508879283481300035e+02 6.102108118466128417e+02 6.595110406252116491e+02 6.633324007170749610e+02 6.850728610612230796e+02 7.009843769569330334e+02 6.611186900327878675e+02 7.068180577796533726e+02 7.563230972699134327e+02 8.117344430669269286e+02 8.622176870392460160e+02 9.121757773897516017e+02 9.399368274328204507e+02
7.233610143391496194e+02 7.269644766474970083e+02 7.591192577048875592e+02 7.995174616720044014e+02 8.303009971238401477e+02 8.491786217747114733e+02 8.448822195166015945e+02 8.349997627393427138e+02 8.449780688320374793e+02 8.237131752354634955e+02 7.711385919865973619e+02 7.237382235866527935e+02 6.715351136339663753e+02 6.123619497024986913e+02 5.535678206151573022e+02 5.343821611488568806e+02 6.000495634350834280e+02 6.561852741544987566e+02 7.035781501142779462e+02 7.371833869795699457e+02 7.298992120104834385e+02 6.879360114334588161e+02 6.398916005987183553e+02 5.890785632260854072e+02 5.283397842866935434e+02 5.845168001702556921e+02 6.196553161222144581e+02 6.025567537994533041e+02 6.192057282490671923e+02 6.467652992593656336e+02 6.214555211176673311e+02 6.690037090982275458e+02 7.237026186981210003e+02 7.721004875286039351e+02 8.229285424536763003e+02 8.745744753437029431e+02 9.289637938380541300e+02
7.763143917057431054e+02 7.895105985299147733e+02 8.146341597782037525e+02 8.353782686196826717e+02 8.337271683147200747e+02 8.110202622954518574e+02 7.739107069707515620e+02 7.648990128935956818e+02 7.882454278666406253e+02 7.979496841708926240e+02 7.700266028275084409e+02 7.225169669735954585e+02 6.699443153930044446e+02 6.178316650333571260e+02 5.675369328579845387e+02 5.132687402759233919e+02 5.717851561465269015e+02 6.204166835525583110e+02 6.613173207784776650e+02 6.998200052756792502e+02 6.948612823399307672e+02 6.449175145771413327e+02 5.992817659996295561e+02 5.587655271245911308e+02 5.063665871027156982e+02 5.616267032930892356e+02 5.719230838311475509e+02 5.413458875715289196e+02 5.620358909350525209e+02 5.857170260998018421e+02 6.358626144645999148e+02 6.611863644044279908e+02 6.940801417912119859e+02 7.337494409419018666e+02 7.814746670077088311e+02 8.401487106842105277e+02 9.071537168980862589e+02
7.506344744221237306e+02 7.853760040389774986e+02 8.200758054429501271e+02 8.290789834145593886e+02 8.000744664983938037e+02 7.503858425421367428e+02 7.036271351363287749e+02 6.948385929764202729e+02 7.379321009313960076e+02 7.445071604604960385e+02 7.405014511367162413e+02 6.916099310683496242e+02 6.332999529258105440e+02 5.794504389583006514e+02 5.332514930446217249e+02 4.950645608893751728e+02 5.420925585379128506e+02 5.744912735452430752e+02 6.148846372992019269e+02 6.581521174813863126e+02 6.584862088602059202e+02 6.079051194858061535e+02 5.454669837406208899e+02 5.125837456761386193e+02 4.855567831844860507e+02 5.266086456780600429e+02 5.105687623400223742e+02 5.759122899720276791e+02 6.235236383960958619e+02 6.289961637726325989e+02 6.727437645042009535e+02 7.121089376339442651e+02 7.440327837827730946e+02 7.798410195428009501e+02 8.267114809282797978e+02 8.778269283324164007e+02 9.354257559820465531e+02
6.785758876760418161e+02 7.318758715785094182e+02 7.872403424005784700e+02 7.964073930046270107e+02 7.492747978482992721e+02 6.968642379739870876e+02 6.443643849943993018e+02 6.372384085733308439e+02 6.834553010932743291e+02 6.822614320843061932e+02 7.001410752904554329e+02 6.950426944380648138e+02 6.603505143865402260e+02 6.079895164272421653e+02 5.437359623560251976e+02 4.799684705143143333e+02 5.125726204605629164e+02 5.215340638300739329e+02 5.683790498469227259e+02 6.169338132566216473e+02 6.223311447104057379e+02 5.761217214973723912e+02 5.264881528599822786e+02 4.579312702306319807e+02 4.882780648228675204e+02 4.771039245980069268e+02 5.493506585652271497e+02 6.146963787974286788e+02 6.672037810527459669e+02 6.822385510367587358e+02 7.238492955863293901e+02 7.639039572328796339e+02 7.992135526230640608e+02 8.333210703992058370e+02 8.723123269787354275e+02 9.202908032457139598e+02 9.526065289981791011e+02
6.149929554923759270e+02 6.837538262450749471e+02 7.491537238538189740e+02 7.627161304088742781e+02 7.094382800452136735e+02 6.480269785460769754e+02 5.965277809454437374e+02 5.883298039973313962e+02 6.305273510537829225e+02 6.167738495045177842e+02 6.372159962364767125e+02 6.617598968725831128e+02 6.589064956268075548e+02 6.112934734804235859e+02 5.522125622968582093e+02 4.985928849322388601e+02 4.549616789025913590e+02 4.721882577820233564e+02 5.262314919642482209e+02 5.777499879201591284e+02 5.842515462435383142e+02 5.425039226534514682e+02 4.870749813533391830e+02 4.358586665298501543e+02 4.461611036572974740e+02 5.135608047379593017e+02 5.511142398591749725e+02 6.239509409548999201e+02 6.942606651259731052e+02 7.371444821840095756e+02 7.731100436210499538e+02 8.157659374518484583e+02 8.484343197437802928e+02 8.806863077175520402e+02 9.140056189116312453e+02 9.441277251406805817e+02 9.468051687879097926e+02
5.692769052138645520e+02 6.419479055186294545e+02 7.135918429714754438e+02 7.355164137717878248e+02 6.791870499284688094e+02 6.124880888131519896e+02 5.571082805927118216e+02 5.457986796098102786e+02 5.776157447551536279e+02 5.531955183833302954e+02 5.691663569239469780e+02 6.139967307444355811e+02 6.368817561750204277e+02 6.152466873398901726e+02 5.573314446170122665e+02 4.980030766341556614e+02 4.657990899062918402e+02 4.305921946820091080e+02 4.905081300295060487e+02 5.380814157292480786e+02 5.405599722356996608e+02 4.951218745005174924e+02 4.635997581036241968e+02 4.182906887866633951e+02 4.818348096084363874e+02 5.276330332182546954e+02 5.857261468677405674e+02 6.362089275594817082e+02 7.037621047412669668e+02 7.695954476951433207e+02 8.096965910879191597e+02 8.368832779842038008e+02 8.512274329958640919e+02 8.781292232758127057e+02 9.094308658841609940e+02 9.348231318786221209e+02 9.198598108217843219e+02
5.279108792290385281e+02 6.015298340905147825e+02 6.797429758331114726e+02 7.212156467587444695e+02 6.910059910158859111e+02 6.270602990337671372e+02 5.650300087517360907e+02 5.085369764725601840e+02 5.244290128223104830e+02 4.938651498908648705e+02 5.079017722638166674e+02 5.574182111549440606e+02 6.030761536220738890e+02 6.047452966801031380e+02 5.517530787324146786e+02 4.825852859222281381e+02 4.147832678268268296e+02 4.147832678201601766e+02 4.533210544714929142e+02 4.914310399764082717e+02 4.948216727513161572e+02 4.187532406115979597e+02 3.952003948918102196e+02 4.574460163928483212e+02 5.130824148052594182e+02 5.698676043736757038e+02 6.270231866030253514e+02 6.792069033889565617e+02 7.388986490456586580e+02 7.809247519873239298e+02 7.946498860119246501e+02 7.982227923649581953e+02 7.901891240564411873e+02 8.218583518459987545e+02 8.613800289163086745e+02 9.008788479402604708e+02 8.867113798309685535e+02
4.846606759030619855e+02 5.559065204068322146e+02 6.371552099439149970e+02 7.052759691762372540e+02 6.965876831345385654e+02 6.362001317879887665e+02 5.734478380540249418e+02 5.174978881483839359e+02 4.674400536832570197e+02 4.424283110874885665e+02 4.553533128868467657e+02 5.122820133607539219e+02 5.673654054848423129e+02 5.894508962127446239e+02 5.693981043887075657e+02 5.266122285308315440e+02 4.799208055565189852e+02 4.503734879777364313e+02 3.959166503970583904e+02 4.360715792575915657e+02 4.486567667451521970e+02 3.756393710875794909e+02 3.955148035968945806e+02 4.378354364642804057e+02 4.930413739791902117e+02 5.570903882387342492e+02 6.291749217985656060e+02 7.039612311015615660e+02 7.511680449720870456e+02 7.555337187378145245e+02 7.339875654106172078e+02 7.284669820556612194e+02 7.208194409012893402e+02 7.616102056694655857e+02 8.163962150718858766e+02 8.646543103563552677e+02 8.550953098729828525e+02
4.940657320149149996e+02 5.610781886699797951e+02 6.340610684324832391e+02 6.992852923368257052e+02 7.016015075644610306e+02 6.409614499257595526e+02 5.774449073589424870e+02 5.244123203616882165e+02 4.801498304090815168e+02 4.430124993927901755e+02 4.108656194135874102e+02 4.748795717613843408e+02 5.193296577570019963e+02 5.498514072190529305e+02 5.626627074758060871e+02 5.529553795959147919e+02 5.236425933713084078e+02 4.829316476207312689e+02 4.319287701375287725e+02 3.695956129814799169e+02 3.995706527566817954e+02 3.641506275330080484e+02 4.293871250905098123e+02 4.840192919535846841e+02 5.406511727106438912e+02 6.027476323108538736e+02 6.670407259111435678e+02 7.200245560721921265e+02 7.340943962140133863e+02 7.071448464446332309e+02 6.613528411315295443e+02 6.586647421577447403e+02 6.633701268655871672e+02 7.182539698059966895e+02 7.772432439507035724e+02 8.322791662995238084e+02 8.296098855520502866e+02
5.166423205249072907e+02 5.812962306675873378e+02 6.411621428237468763e+02 7.037728748409731452e+02 7.171974910936705783e+02 6.708719717320203699e+02 6.208537237942719003e+02 5.744148539180970374e+02 5.304973463856368880e+02 4.646096457405481601e+02 4.108656194069207572e+02 4.461100194127841405e+02 4.618757278972303766e+02 4.838933702008847035e+02 5.207978308851527345e+02 5.357517506130661786e+02 5.134856524964953906e+02 4.734186315608645828e+02 4.271574390148370526e+02 3.833572881544282041e+02 3.444816193774898920e+02 4.084947215603410200e+02 4.266628313394539305e+02 4.837855006050918973e+02 5.459484532472080218e+02 6.149893696639026075e+02 6.848584102276431622e+02 7.229649316300119608e+02 7.011551493071411869e+02 6.470421824886281001e+02 5.948165509308515766e+02 5.954993276414579668e+02 6.327471801204727626e+02 6.783349834365385504e+02 7.419479680133874808e+02 8.060110902439902247e+02 8.240374966317649523e+02
4.909147408146536122e+02 5.520771516737164575e+02 6.279371691066883159e+02 7.018784778124493187e+02 7.291196923150338307e+02 7.014624786933761698e+02 6.617570231610640121e+02 6.184970071729854908e+02 5.560552847685788720e+02 5.067372477724561008e+02 4.367893277946630519e+02 3.836283780824241489e+02 4.033319783869351340e+02 4.208211048421479745e+02 4.622175846449588903e+02 4.868266579545013997e+02 4.666539279849225750e+02 4.198819925646633351e+02 3.757594277545700265e+02 3.272372172093036511e+02 3.910244768865025549e+02 4.443099989808665100e+02 4.853021284999427394e+02 5.001830933418301584e+02 5.572587498743822607e+02 6.245266245564951078e+02 6.909772161092602119e+02 7.055557154221404517e+02 6.582014212828123618e+02 5.999447899670624338e+02 5.373424515044297323e+02 5.770670338919665028e+02 5.857443055092422810e+02 6.410100290852620901e+02 7.087676080886376440e+02 7.810309031227845935e+02 8.198630268812223676e+02
5.414176684637023982e+02 5.960800464488930857e+02 6.616719114322011137e+02 7.088133776269464761e+02 7.130071154782035592e+02 6.860708020066756490e+02 6.557240110785942306e+02 6.320563052368826220e+02 5.906467647829063026e+02 5.281789977317167768e+02 4.761493783665740693e+02 4.187576223645441473e+02 3.516089211402845649e+02 3.665878911488115364e+02 4.155703784858934569e+02 4.275142338607721513e+02 3.950930487994785949e+02 3.675320463162696569e+02 3.110254156989337844e+02 3.435926337456951387e+02 3.974788101437072214e+02 4.539115286649965242e+02 5.121717006466902831e+02 5.587015518267540983e+02 6.013958318128311475e+02 6.611718572533673068e+02 7.003244717583094143e+02 6.859425373886216448e+02 6.253113740177453792e+02 5.589731593715973759e+02 4.997019012443421389e+02 5.244417829420348198e+02 5.861103179797840994e+02 6.446127037654458718e+02 6.976775716275783452e+02 7.497883148564375233e+02 8.041127145262520344e+02
5.844635593933951441e+02 6.343411943635175021e+02 6.798852849116117341e+02 6.960097253577904439e+02 6.719868309724383835e+02 6.270568982874976882e+02 5.924470214288426178e+02 5.999363310145431569e+02 5.953193611677744457e+02 5.602121298986745614e+02 5.123293766264040414e+02 4.562620045041117578e+02 3.945655704518281368e+02 3.181775888860640293e+02 3.581402516175773485e+02 3.637888909167395468e+02 3.457400448891435190e+02 2.952794700702749537e+02 3.413993456106015856e+02 3.782783734243776621e+02 4.017262267956530195e+02 4.469442245405739982e+02 5.022731379468273758e+02 5.659757054198739752e+02 6.339283185645916774e+02 6.813179383932582596e+02 6.955140070987977197e+02 6.601434986214688934e+02 5.948130893677511040e+02 5.281905573996161820e+02 4.690761165840884814e+02 5.288830308868064094e+02 5.725244107612243170e+02 5.930919165894633807e+02 6.498897977385535114e+02 7.175457852783546286e+02 7.808284384379887797e+02
5.719218531464724720e+02 6.246640147935568166e+02 6.665919461659367471e+02 6.607221267079042946e+02 6.148181037860061906e+02 5.670401845813333921e+02 5.219409380067017992e+02 5.334171101091985747e+02 5.564076420766998581e+02 5.478811135032631228e+02 5.091250604244837632e+02 4.628080494448728359e+02 4.109291740067383785e+02 3.547134578197858445e+02 2.810953963667053017e+02 3.125620556891485649e+02 2.786823615783252990e+02 3.321934669590274893e+02 3.742586751216580296e+02 4.137512935691561893e+02 4.528880203276513043e+02 4.918765711724302605e+02 5.399680306097109224e+02 5.999352356288985675e+02 6.484356644255905167e+02 6.736020287277274292e+02 6.713226124547351219e+02 6.211732033598595990e+02 5.606899098998090949e+02 4.992618823310779703e+02 4.429392234022525940e+02 4.942953411545657332e+02 5.179784361332199296e+02 5.817886618917893884e+02 6.505854582332364089e+02 7.167607084181274786e+02 7.521339868721031507e+02
