output/field_example_lateral_ON/elevation_000080.asc
nrows	150
cellsize	66.66666667
xllcorner	0
ncols	150
yllcorner	0
NODATA_value	-9999
[rows 85 to 101 of 150, columns 111 to 147 of 150]
3.290354947677361679e+02 3.290354947744028209e+02 4.137582634987865049e+02 4.838641190554797618e+02 4.904698095455701150e+02 4.780272812330009060e+02 5.150874899763224448e+02 5.547532825792872018e+02 5.988255421843185786e+02 6.501844518072596202e+02 7.099844351313292918e+02 7.746547501732062528e+02 8.309043623401576042e+02 8.593444310199175789e+02 8.550253689568170330e+02 8.449742028748313487e+02 8.512213766251553579e+02 8.374735298503184140e+02 7.896046535976594214e+02 7.408680401775835662e+02 6.921967572396595187e+02 6.958507050207934981e+02 7.390513845553866759e+02 7.827535154865041704e+02 8.263285912430332019e+02 8.790079356121998444e+02 9.298344003739337040e+02 9.601091291799909868e+02 9.413772757311822943e+02 9.677040222607348596e+02 9.925074253620318814e+02 1.012730579773755721e+03 1.015520870628749094e+03 1.006214750489631683e+03 1.017871472055658614e+03 1.046240758772168419e+03 1.082500369830537466e+03
3.706788172617346504e+02 3.353108377601432721e+02 4.043079025866917959e+02 4.389018916910409303e+02 4.221602518798287633e+02 4.942869347650041618e+02 5.521251571088401988e+02 5.961958552989779037e+02 6.392830598518213492e+02 6.845855954472549456e+02 7.309009890175449300e+02 7.753446421623289098e+02 8.041719302488129415e+02 8.270224379462634943e+02 8.387553466840859073e+02 8.503594781950750985e+02 8.680834166730919605e+02 8.694091198748138822e+02 8.418656709778108507e+02 7.948279041709653256e+02 7.510768152723304638e+02 7.505481379216781761e+02 7.935384413181170657e+02 8.376014233130458706e+02 8.818541004676457078e+02 9.286687885367995250e+02 9.812791550916028882e+02 1.011867200134272707e+03 1.009694616262253135e+03 1.017521465143223168e+03 1.021228829803760959e+03 1.009063055405915975e+03 9.802777098854612632e+02 9.431109834547794435e+02 9.526535505059134721e+02 9.895191448109835619e+02 1.032833233771611731e+03
4.033568697186203735e+02 3.701943025332107595e+02 3.434391702138195228e+02 3.671247642530601638e+02 4.401337628770031074e+02 5.041440165108966198e+02 5.498071489459340455e+02 5.900695487298304442e+02 6.329479185900570428e+02 6.740482362085881505e+02 7.004476680448959769e+02 7.245318455714856327e+02 7.516269848771779607e+02 7.573339504430759916e+02 7.711254169843368800e+02 7.892851182698989305e+02 8.351321773640726178e+02 8.701746188829876019e+02 8.783357809677714840e+02 8.568194379190617838e+02 8.202398297274628476e+02 8.186974248306964910e+02 8.508569248902507525e+02 8.971926644931293140e+02 9.392680515475171887e+02 9.794431078679556322e+02 1.013854731583990088e+03 1.031333830152355176e+03 1.017327194877608576e+03 9.992906201986382939e+02 9.780254791914046564e+02 9.663944412238824953e+02 9.170310000782511679e+02 8.693103749973333834e+02 8.837325968205634581e+02 9.305270820573258561e+02 9.805638900548846095e+02
4.400733569334769868e+02 3.849171091997062035e+02 3.498365949800993917e+02 4.014455823831887074e+02 4.477385765464113092e+02 4.783089176356257894e+02 5.025580227078570488e+02 5.389227766229229246e+02 5.838263352196646565e+02 6.229311512447618497e+02 6.356849252671219119e+02 6.756598266399500972e+02 6.776922227595854338e+02 6.830132425385430679e+02 6.986546201771737969e+02 7.217716225775682233e+02 7.807616863415811395e+02 8.432452171612371785e+02 8.886683844829285590e+02 9.036585547304413240e+02 8.914795369266906846e+02 8.875446589870053913e+02 9.016849110280743389e+02 9.278043984140355178e+02 9.612578286249611210e+02 9.914040719007654161e+02 1.001329220055453220e+03 9.966568414423214790e+02 9.638350113038126210e+02 9.309195580544757149e+02 9.114774145764210971e+02 9.108849183084505512e+02 8.688950282821857627e+02 8.022624107951415908e+02 8.378801939768439979e+02 8.826618791696563449e+02 9.432746745224213782e+02
4.915918069548357039e+02 4.430092918443194208e+02 4.113322044402493134e+02 3.605269369690388430e+02 4.180270632639979453e+02 4.305046440910510341e+02 4.408982483706516859e+02 4.841212336675935148e+02 5.408772303006776383e+02 5.512549032463556387e+02 5.967239669890075220e+02 6.095411709414905772e+02 6.039573046151082281e+02 6.169806552688271495e+02 6.338686210189150643e+02 6.730044982999393142e+02 7.309447587766456991e+02 8.003178079964692415e+02 8.738920914189020550e+02 9.214025369326488999e+02 9.172825774319832135e+02 8.969050293361507329e+02 8.830901423798578662e+02 8.870595649020978044e+02 9.165962239565217260e+02 9.508232501574171920e+02 9.386428023329465304e+02 9.309698626488018363e+02 8.988407850051582955e+02 8.634772619945507586e+02 8.439479048899296458e+02 8.431810142140711832e+02 8.314895417326729330e+02 8.022624107884748810e+02 8.601317095065533067e+02 9.215739163929636106e+02 9.643648381296259231e+02
5.491950973419901629e+02 5.098044097529880787e+02 4.609667775003262022e+02 3.969675991549083278e+02 3.706926607401117053e+02 3.765980465755194473e+02 3.840711097347175951e+02 4.462242615359757565e+02 4.934015370928697166e+02 5.003889751068276155e+02 5.382066435899854469e+02 5.458062277486054654e+02 5.364610399855324658e+02 5.671137224854805936e+02 6.074846207321323845e+02 6.828811671796465816e+02 7.611612025500404570e+02 8.312991359804054810e+02 8.886988211558452804e+02 9.125295513142649497e+02 8.885663932998271548e+02 8.426593927401241899e+02 8.088459705125854953e+02 8.192475912256181800e+02 8.658375510313481982e+02 8.949100496283695065e+02 8.669365450790464820e+02 8.503774514194473113e+02 8.280585651044375481e+02 8.268971383710218106e+02 7.828545317281159441e+02 7.753663717992974398e+02 7.621855747511710888e+02 8.348190475610414296e+02 8.968033931274131874e+02 9.540352483732978044e+02 1.006560590008312829e+03
5.914439588688841241e+02 5.251930540699133871e+02 4.684276794000141422e+02 4.682128523022195736e+02 4.519154235059565963e+02 4.238907441131489691e+02 4.367950683149636006e+02 3.957639159933320343e+02 4.351343996268297474e+02 4.770459256123824048e+02 4.665894274852585113e+02 4.949528507696532529e+02 5.538957846500313735e+02 6.138058479717141154e+02 6.587947411450131767e+02 6.976214652044400282e+02 7.638738565219106249e+02 8.283791369379130174e+02 8.791509081754174986e+02 8.812939451660423629e+02 8.385063463775762784e+02 7.898109528579582275e+02 7.416193672800076229e+02 7.757997246215068117e+02 8.305711992435437878e+02 8.456891288939889364e+02 8.034919206657046971e+02 7.802109606182262951e+02 7.631815964794346883e+02 7.619461671854318183e+02 7.634476393925664297e+02 7.168668582069632293e+02 7.787302626201130806e+02 8.336999666683349233e+02 8.836079284401790801e+02 9.366512473562996774e+02 9.909043787159425847e+02
6.273808281862308149e+02 5.585985047411218147e+02 5.466998688675621452e+02 5.421517752084516815e+02 5.074212594317066873e+02 4.784982231582037571e+02 4.813022765392920519e+02 4.557721613174190338e+02 4.047956712626036051e+02 4.280660835797796153e+02 4.869542639357277380e+02 5.455643606969119901e+02 5.988348219473630252e+02 6.538084668973619955e+02 7.036639498722555572e+02 7.465263094025493729e+02 7.877249834786555311e+02 8.234523293538541111e+02 8.438602516919913796e+02 8.403698429971237829e+02 7.949344136407497672e+02 7.433197965580678783e+02 6.992032585690471933e+02 7.470520486848945438e+02 7.892910881582466800e+02 7.911209000300691514e+02 7.769266569738712178e+02 7.247832192453951166e+02 7.166016955555793402e+02 6.940119908205057300e+02 7.180849200445956058e+02 6.927372407841323820e+02 7.469666474375624148e+02 7.764327695922498833e+02 8.263109425576622016e+02 8.803463907116076825e+02 9.408766927178007791e+02
6.715096488468572034e+02 6.260668649021982901e+02 6.219923248731639660e+02 5.970415805107591041e+02 5.635797659542221254e+02 5.380152298926466301e+02 5.168971796676738677e+02 4.751037510670637403e+02 4.047956712692702581e+02 4.351678250761867162e+02 4.839820282950944375e+02 5.441952943962494373e+02 6.062113702626072609e+02 6.587815234359163696e+02 7.042627019315191319e+02 7.422812637161500788e+02 7.627425033218871704e+02 7.675850834446916906e+02 7.797127030152809084e+02 7.897697462904692429e+02 7.528557193308355409e+02 7.066185757591468928e+02 6.642676295721993256e+02 7.092391701680201095e+02 7.382491559201390601e+02 7.312067005610612114e+02 7.374344492858657532e+02 7.092368808269268357e+02 6.659110115267545780e+02 6.523156328442231597e+02 6.660709008473164658e+02 6.854935992316112561e+02 7.128413117782228028e+02 7.751588824975581247e+02 8.354647834671335431e+02 8.752252904448931758e+02 9.333460120454441267e+02
7.240285412452458331e+02 6.958969288520332839e+02 6.735570051087236152e+02 6.394518374852782472e+02 5.943425161532940137e+02 5.517845289248310792e+02 5.081418832459610826e+02 4.379747754427324367e+02 4.385452855672090209e+02 4.172973826031098383e+02 4.819875270776734624e+02 5.331955346145241492e+02 5.759667477201862766e+02 6.204341504330791395e+02 6.643883594844953677e+02 6.997021862030212560e+02 7.015349021584204365e+02 7.001108404685230653e+02 7.126504284376379701e+02 7.324030377536728338e+02 7.035926045938307425e+02 6.736091201690891239e+02 6.348225538964345560e+02 6.758944054366802447e+02 6.794054667890392238e+02 6.665636724027486935e+02 6.793819745745764749e+02 6.685296659763074558e+02 6.344427112180883341e+02 6.757173082753895414e+02 7.089554798233245947e+02 7.411037761020883181e+02 7.727754067804992246e+02 7.615987027831855585e+02 8.011709087039281485e+02 8.517858217540250507e+02 9.138305218769487510e+02
7.613806028441537137e+02 7.142045092695389030e+02 6.702021196424295795e+02 6.285942890135638663e+02 5.768500348477894022e+02 5.014023445224228794e+02 4.686089395751591269e+02 5.061981693762496093e+02 4.974204396352108688e+02 4.810666011678097789e+02 4.321163333187167837e+02 4.894482319791320037e+02 5.327713946097886719e+02 5.789777299546381073e+02 6.292547225118918277e+02 6.425946773137613945e+02 6.388756700455628561e+02 6.379891347389817611e+02 6.522860050644410421e+02 6.730519450553420029e+02 6.427412107140586386e+02 6.433983768708461639e+02 6.095020683264606305e+02 6.319877166379187656e+02 6.262435859225752210e+02 6.102585590267273119e+02 6.302056164307306290e+02 6.132892079169200770e+02 6.699782009519872190e+02 7.124161387647852735e+02 7.398556631882166812e+02 7.845554177856715796e+02 8.261247448452809294e+02 8.212890248340880817e+02 8.561727615440006502e+02 8.996552802555779635e+02 9.527676765500830243e+02
7.520727527246511954e+02 6.858953359614023384e+02 6.288923927411264003e+02 5.767096632217253500e+02 5.447091331338622240e+02 5.424030073316077960e+02 4.986670575235832530e+02 5.584308488611642360e+02 5.593822959705859148e+02 5.193052278546869047e+02 4.969242955614603261e+02 4.463931005608126270e+02 4.976211575193436261e+02 5.471453886100468935e+02 5.889331771741741477e+02 5.877598696175934947e+02 5.842346240078801429e+02 5.847050534786529852e+02 6.013384304981676678e+02 6.178713695874934047e+02 5.843016717008923706e+02 5.952073808429011024e+02 5.966850009294336132e+02 5.783133566606916247e+02 5.730086718043962719e+02 5.813674018190447441e+02 5.912353275005681326e+02 6.377292080696248604e+02 6.744887423652251073e+02 7.263834369007178111e+02 7.773058945267546278e+02 8.246872649147130687e+02 8.699437433317154955e+02 8.895105601016532546e+02 9.215085202676747258e+02 9.601015261655220456e+02 1.005392057053573353e+03
7.240893439402466356e+02 6.679600504497419706e+02 6.208654001717629853e+02 6.211550823055372348e+02 5.914038197001325443e+02 5.413746191339863572e+02 5.706658774609758211e+02 6.081644894898042821e+02 6.101551575778588585e+02 5.743276474559563667e+02 5.324270320019028304e+02 4.986293859438758318e+02 4.603623288685760144e+02 5.136679722731450966e+02 5.412238044477584253e+02 5.365460176512488033e+02 5.373405584190769559e+02 5.382582195173661148e+02 5.673089797219332695e+02 5.722989783141221096e+02 5.328351640632737372e+02 5.415762696192175554e+02 5.501564515159453777e+02 5.602448631582913094e+02 6.066641996802297854e+02 6.375469935757479334e+02 6.397299539355227580e+02 6.098664050577995113e+02 6.098664050644662211e+02 6.904349687518155179e+02 7.583265197384640715e+02 8.202618731425103533e+02 8.810738109434151966e+02 9.359053746179815789e+02 9.759413264050734824e+02 1.012952941351629988e+03 1.052331504549325700e+03
7.245359372784772631e+02 6.702904304901708201e+02 6.635988693863134813e+02 6.383092376839706503e+02 5.844424443452031710e+02 5.989525549958156034e+02 6.286795286319135130e+02 6.618060435142120923e+02 6.581596518709110342e+02 6.174760699225481630e+02 5.780070627438320798e+02 5.423215152374331183e+02 5.137321664484671828e+02 4.716394610067567328e+02 4.802378885558906063e+02 4.879909414351579358e+02 4.958232234666866702e+02 5.031884254177765001e+02 5.104629874004233443e+02 5.192027868278288452e+02 5.732391404507759489e+02 6.004329129791799460e+02 6.086404155327843455e+02 6.370889183868514465e+02 6.608433276335283608e+02 6.827347156204016301e+02 6.917892633938325844e+02 6.618644267027993919e+02 6.256241107072213481e+02 6.788566761841919970e+02 7.529524371422727427e+02 8.156643970524323777e+02 8.727772787742766241e+02 9.288201031956073166e+02 9.754184003688409348e+02 1.010156120712788265e+03 1.043653374258743497e+03
7.288300316746658609e+02 7.218422281239305676e+02 6.873586240482630956e+02 6.329255512894742424e+02 6.276593086695521606e+02 6.618594967022092987e+02 6.960017928197202082e+02 7.074088155401576614e+02 6.976031714239222765e+02 6.578950898295191791e+02 6.180667873697855157e+02 5.830659758494562084e+02 5.433567370127168488e+02 4.927398053207609792e+02 5.377111358661870781e+02 5.363960198082745592e+02 5.602342640763741883e+02 5.640377060194505248e+02 5.472028765827807320e+02 5.348383884205571803e+02 5.893972646491564547e+02 6.349323131612254656e+02 6.661116096027569711e+02 6.990744764920608532e+02 7.290608176356802232e+02 7.448328264920612583e+02 7.507781622662613472e+02 7.115001581429928592e+02 6.946935549565916972e+02 6.544577409310509211e+02 7.188029575849425328e+02 7.662886409714120646e+02 8.281783197471513631e+02 8.910375588386435766e+02 9.341182069917496165e+02 9.536875854114969115e+02 9.843681001215410333e+02
7.820968774683942684e+02 7.487168339343377284e+02 6.846751343151715901e+02 6.913273365422139705e+02 6.807659708135997789e+02 7.176014145624507137e+02 7.492742527670504842e+02 7.515301966719915754e+02 7.142547803064892378e+02 6.524081684086271480e+02 6.130056930641547979e+02 5.808418264154906865e+02 5.244385308635920637e+02 5.551019624985133305e+02 5.877757497718170043e+02 5.977891498474782566e+02 6.069834361154602220e+02 6.046861052844342339e+02 6.021136249654400672e+02 5.921479563672672839e+02 5.653033056833621686e+02 6.271916650754552620e+02 6.754105651722983339e+02 7.214512092598840809e+02 7.686701614762915824e+02 8.026867503810362905e+02 8.098268452900209695e+02 7.798942542161606752e+02 7.442954765855661208e+02 7.270928325571711639e+02 6.857850233402029971e+02 7.576535588959371808e+02 8.173112292521096833e+02 8.630114402805500049e+02 8.750503695799477555e+02 8.982362609504123157e+02 9.607927231161604595e+02
8.261692861085191453e+02 7.661036812585916778e+02 7.239237955746879152e+02 7.535033272242822022e+02 7.426823897335904121e+02 7.751585106189870658e+02 7.848356829743913750e+02 7.587721830310835003e+02 7.046593825123022725e+02 6.317744004691293185e+02 5.540388013608422852e+02 5.540388013541755754e+02 5.831405003776355898e+02 5.703408312105524374e+02 6.236221853297674897e+02 6.544204269500619375e+02 6.614266063642338622e+02 6.521315978138100036e+02 6.533228572585671827e+02 6.241316899221909580e+02 6.182002321395671061e+02 5.963648272838148614e+02 6.400965188810299651e+02 6.928131642693574577e+02 7.571494086287935943e+02 8.215615888531712017e+02 8.581104934332593075e+02 8.489679916938061979e+02 8.142250391995573864e+02 7.823306686337461997e+02 7.459423456230067586e+02 7.163548997122536548e+02 7.794263018688094462e+02 8.237150060662579563e+02 8.299149054355765429e+02 8.864799342019226742e+02 9.520098531517953688e+02
