output/field_example_lateral_ON/elevation_000057.asc
nrows	150
cellsize	66.66666667
xllcorner	0
ncols	150
yllcorner	0
NODATA_value	-9999
[rows 119 to 135 of 150, columns 37 to 73 of 150]
4.263134080281816409e+02 4.852121833558586559e+02 4.925215333187912847e+02 4.339651309220981830e+02 3.607277778261456547e+02 2.894559116603044799e+02 3.078983066927783057e+02 3.510712065020015302e+02 3.962918738168129380e+02 4.584512200222989122e+02 5.190910617425150804e+02 5.216989935423018778e+02 4.591195863894713511e+02 3.954292293646469716e+02 3.637544788795935915e+02 3.326021952802947226e+02 2.792409557555496917e+02 3.495922692437999899e+02 3.961329552292558560e+02 4.173966277151961322e+02 4.750408044638156184e+02 5.443365984387596654e+02 6.181632841690346822e+02 6.471636856280479151e+02 6.119920435638535992e+02 5.669226099664997491e+02 5.254058752824124667e+02 4.810514613667853610e+02 4.340414373746102683e+02 3.772244285996966369e+02 3.259172788726375529e+02 2.768570792149463955e+02 3.380232290181164103e+02 3.947579606779354435e+02 4.510265404406814014e+02 5.093631142593561663e+02 5.709365773603994967e+02
3.886349729465790688e+02 4.525167816797533646e+02 4.798411933229078272e+02 4.422000591084225221e+02 3.750763300785777687e+02 3.166488349595632599e+02 2.534301027209083088e+02 2.957620835971411566e+02 3.526261350086300013e+02 4.228963363206314057e+02 4.925683875493448909e+02 5.008121893557569138e+02 4.417396890600764436e+02 3.751209965126952852e+02 3.154449746139502508e+02 3.083250313892063446e+02 2.606983603273864674e+02 3.222060261107761789e+02 3.399718876105824847e+02 3.966848485190366205e+02 4.601935229976179471e+02 5.314867511478156530e+02 6.008800704094097682e+02 6.236445038618003309e+02 5.716159433051427641e+02 5.092501170323718611e+02 4.793037766724800690e+02 4.449420271445038679e+02 3.993473496350362097e+02 3.541396021656465791e+02 3.095565110215628124e+02 2.640265854383679880e+02 3.051609289018728646e+02 3.524910859218408632e+02 4.076897422953096566e+02 4.717104167568677440e+02 5.432004019180221803e+02
3.523836534612440801e+02 4.108507569030603577e+02 4.537215466634698942e+02 4.281285747416978893e+02 3.588248718226089409e+02 2.868223982774927663e+02 2.294407364914180505e+02 2.865633577671125067e+02 3.475482067078452815e+02 4.157686126262365747e+02 4.795769240423766178e+02 4.879721877893817350e+02 4.299024096682077811e+02 3.620564793929291341e+02 3.011870437253989508e+02 2.569386485274754932e+02 2.431861019007673406e+02 2.777120066622818513e+02 3.278602745081655598e+02 3.847954804664868789e+02 4.495916917905828996e+02 5.205768707679488898e+02 5.842153949356456906e+02 6.035465302404538761e+02 5.539816703819661825e+02 4.853024092910540048e+02 4.182190677943384571e+02 4.021607357900350621e+02 3.544136388101844091e+02 2.994250060871544292e+02 2.452772028459299349e+02 2.975884621056612218e+02 3.214951554073061857e+02 3.673935791677318434e+02 4.269127296352396570e+02 4.931772759096073173e+02 5.592992366151556780e+02
3.147594858311620669e+02 3.770000543941746400e+02 4.263351284159843431e+02 4.099368500922439580e+02 3.432745556472902422e+02 2.728940577614931158e+02 2.092232561352101072e+02 2.832399685281068287e+02 3.379002722289847611e+02 4.042942582811556917e+02 4.659321769317813278e+02 4.798250602590811695e+02 4.254861282219307554e+02 3.548360697836199620e+02 2.869331353884434748e+02 2.232078220396877839e+02 2.544942489075130254e+02 2.888328822367283237e+02 3.228893716307608770e+02 3.813946061738505477e+02 4.482105031127804295e+02 5.161701088348493158e+02 5.564835372630518577e+02 5.759725212619861168e+02 5.504565975661746506e+02 4.839655016237373957e+02 4.124972419417302945e+02 3.451196166689567804e+02 3.030680633898162455e+02 2.877129531727509288e+02 2.311777362779143346e+02 2.924632253730671891e+02 3.498845478111757643e+02 4.028303487654334276e+02 4.474134813336309549e+02 5.085510315587157493e+02 5.614838350257384718e+02
2.839703738051960613e+02 3.438614725693409468e+02 4.013867016071970397e+02 3.907821516609909054e+02 3.255073216202945900e+02 2.542082006127397733e+02 1.883104006353535738e+02 2.489495230654668205e+02 3.231903588212494469e+02 3.852638823646501578e+02 4.410448145604242995e+02 4.713198098442334754e+02 4.376237908450120813e+02 3.707461912241607251e+02 3.056972882432567644e+02 2.586776886280110830e+02 1.982565490181875987e+02 2.449281298370624995e+02 3.042690728686171155e+02 3.690619465706283222e+02 4.365252364929702367e+02 4.908680655111500641e+02 4.930525751658881290e+02 5.291501265460724426e+02 5.364511292262664028e+02 4.889423409592819212e+02 4.281063039189803590e+02 3.792459091161211973e+02 3.158857801657615028e+02 2.518916909562592821e+02 2.188585645498527583e+02 2.877154608798545041e+02 3.448799804889134748e+02 3.908519524224937527e+02 4.524913606532688277e+02 5.155809917233539181e+02 5.495846934444728049e+02
2.528847138587111090e+02 3.279247515616534088e+02 3.800162357687085546e+02 3.724143769349314539e+02 3.079991145149614340e+02 2.357592980347358775e+02 1.692060881201014126e+02 2.377451092337264242e+02 2.751245090084799472e+02 3.361483567995526869e+02 4.009723849455682512e+02 4.502352482703384453e+02 4.331659919786332580e+02 3.717230998414153760e+02 3.040674965693419267e+02 2.418590081167456276e+02 1.824409430315910754e+02 2.395191934191450969e+02 3.020527791008709642e+02 3.694499758393446882e+02 4.304489756104835010e+02 4.494765243784985387e+02 4.243039918869336589e+02 4.709222500709836368e+02 4.973921609317033585e+02 4.859581689382300738e+02 4.346348226020504057e+02 3.744351496727753101e+02 3.154352032602326403e+02 2.692800255084292189e+02 2.078631907336332176e+02 2.533303244913632852e+02 3.064456467394695096e+02 3.729727036665654509e+02 4.415884236280958248e+02 5.012760953279056935e+02 5.195155034906937317e+02
2.311851200905419148e+02 2.957091485791183914e+02 3.564280411896349960e+02 3.541269939600413181e+02 2.921291314466180893e+02 2.184495091447379309e+02 1.505320998572174460e+02 1.960874114475180363e+02 2.632341473107871366e+02 3.313221281222490688e+02 3.912535632964695083e+02 4.167978210462353559e+02 4.130885687188720681e+02 3.689671808278392859e+02 3.020423966913323284e+02 2.421703087761223969e+02 1.689892574370980185e+02 2.412578367175525784e+02 3.004572352135166398e+02 3.662856569652313397e+02 4.079112646065931926e+02 4.015687633433644237e+02 3.586751914572969895e+02 4.039468002488630987e+02 4.457740102152194481e+02 4.503534140648685025e+02 4.281594325757384922e+02 3.710338066730057562e+02 3.036474612116326171e+02 2.433247861866789208e+02 1.969578861576991642e+02 2.640098839875994372e+02 3.165824777377563919e+02 3.794228064281717820e+02 4.402183149668897499e+02 4.749487233620156985e+02 4.801151802968116726e+02
2.162729392416806604e+02 2.819099659209047672e+02 3.349839741001418361e+02 3.331911947044659428e+02 2.826624593424740510e+02 2.070335492161245838e+02 1.345214658033524699e+02 1.956493374632527207e+02 2.629665391607385914e+02 3.235755467608842082e+02 3.519572665976504027e+02 3.524005918122853132e+02 3.609241419851988439e+02 3.338057379050486588e+02 2.752324637921734052e+02 2.091164977203735873e+02 1.547584542324191261e+02 2.081280532767011948e+02 2.742849833526725547e+02 3.332939756700031353e+02 3.625115630683164909e+02 3.509524922326578462e+02 3.024624685222931362e+02 3.497759375583850101e+02 3.874732302880985912e+02 3.878836155512892674e+02 3.927429619971413217e+02 3.654519490574865586e+02 2.966219618279713472e+02 2.176775484713269293e+02 1.858498137189673969e+02 2.385117594904068028e+02 3.089495233241086112e+02 3.760435282873514211e+02 4.148395122294936641e+02 4.215658027409332931e+02 4.252811416520483476e+02
2.073425112083951092e+02 2.664828389784261731e+02 2.945116457136427357e+02 2.912224236061154556e+02 2.489788362212813695e+02 1.839842567265473861e+02 1.183395454774391027e+02 1.872439080111620910e+02 2.529268570402447551e+02 2.853983933177368044e+02 2.855775427807629967e+02 2.785275614646079703e+02 2.905705600093003227e+02 2.950257035222779223e+02 2.700832579433441083e+02 2.130602835364532268e+02 1.427110700642630547e+02 2.070023290849860587e+02 2.697742853946168111e+02 3.016577266406787885e+02 3.016932844978151707e+02 2.958000818781043222e+02 2.552318209361480115e+02 3.078520564114680838e+02 3.220087403211831543e+02 3.196209019807988625e+02 3.320225642882380725e+02 3.385216261333140437e+02 2.986309280697792587e+02 2.353864969105912621e+02 1.758149547614163168e+02 1.868767320752849912e+02 3.050863568954220000e+02 3.567533256149870908e+02 3.631893493701310263e+02 3.621990390768986572e+02 3.693343532376604230e+02
1.750283677351325196e+02 2.238137205870336004e+02 2.258619619587840930e+02 2.238824203160155548e+02 2.078247345515164852e+02 1.720059854429903794e+02 1.037690599321141178e+02 1.697046326545602142e+02 2.152498785104772878e+02 2.213571887073793221e+02 2.175417194558444578e+02 2.098537861841591621e+02 2.205958203223898693e+02 2.273581194190182657e+02 2.330234994401509425e+02 1.885385317884339997e+02 1.291929035512527548e+02 1.945424369599329282e+02 2.379470338491643702e+02 2.443774453011244532e+02 2.378740136433997066e+02 2.297439513621524441e+02 2.149263014854793710e+02 2.656557143696872458e+02 2.601500036236360529e+02 2.553153973466240529e+02 2.661071457040871451e+02 2.865484847316540140e+02 2.795271875870948861e+02 2.322970182492356628e+02 1.668145869144974824e+02 2.368102997467194371e+02 2.924112132135159641e+02 3.108770366695063672e+02 3.046425151765654391e+02 3.025267111519104901e+02 3.160465269386081104e+02
1.398221905338905628e+02 1.556739464887292854e+02 1.479768383306650605e+02 1.534458199258949378e+02 1.370239053566346286e+02 1.358939066197174839e+02 9.169028526358854947e+01 1.262845100991668943e+02 1.639474321898534299e+02 1.539395848975866841e+02 1.587427678018929100e+02 1.535517773458648207e+02 1.636758311297234627e+02 1.635382090860948097e+02 1.860655878670913523e+02 1.668320386973414031e+02 1.159158418531338128e+02 1.595327949533520382e+02 1.905696008351440298e+02 1.903161262731374563e+02 1.815551360594145649e+02 1.659286885576455290e+02 1.987561614880284537e+02 2.157878244103985423e+02 2.023226369436239054e+02 1.984173104801791965e+02 2.015225766894731976e+02 2.334635526751085308e+02 2.337802278167217480e+02 2.019628537441176661e+02 1.571055713386612069e+02 2.169458174274065243e+02 2.592911904094131046e+02 2.569116049574576550e+02 2.454631732319227524e+02 2.348203404233010758e+02 2.738205642845491639e+02
6.627322976300320079e+01 7.712503208765161844e+01 7.021092167044611188e+01 1.014950647399161454e+02 7.706212061359272525e+01 7.943630704037222756e+01 9.000995989896615868e+01 8.282382698666721410e+01 8.474670898094404947e+01 8.719749196144886128e+01 1.242147605114230231e+02 1.156251507336651798e+02 1.272645551600626561e+02 1.059954945596489608e+02 1.058919279978250643e+02 1.297310523458421869e+02 1.042578753914531973e+02 1.153465441640411484e+02 1.483565574980427186e+02 1.493046112876233167e+02 1.404985827759302595e+02 1.373023177988126804e+02 1.453543990185073085e+02 1.565123503482521699e+02 1.554818377404718319e+02 1.557105075064255288e+02 1.532249146913572702e+02 1.452085761064240046e+02 1.772143447341366311e+02 1.453322371346729369e+02 1.624748877754744285e+02 1.977504215638721234e+02 2.076829236791312496e+02 2.006846416689361092e+02 1.953958279679087866e+02 1.721713089814385569e+02 2.164776928951094987e+02
7.572900035319482015e+01 6.627322976966986801e+01 8.597109138562973385e+01 7.345485816642511168e+01 9.346640744761742781e+01 1.071750287855122536e+02 8.282382698000054688e+01 9.263556066174652415e+01 8.984957588907720094e+01 1.209565398735235533e+02 9.123884192037415630e+01 9.123884192704082352e+01 9.426168292247075442e+01 9.684521420944439285e+01 9.885414452237117189e+01 1.011236601718543966e+02 1.220630137108084057e+02 1.076594679863438273e+02 1.101225188598793636e+02 1.124561179368360655e+02 1.148660357054745162e+02 1.171679559072792074e+02 1.196290085857246197e+02 1.221836514704346399e+02 1.246020050522225233e+02 1.271260833556423790e+02 1.295399586899336839e+02 1.316945410320351755e+02 1.340632616798344543e+02 1.427681880063570645e+02 1.402959350261996008e+02 1.425200283156481476e+02 1.449891421574228900e+02 1.473984998454447464e+02 1.494640528981629188e+02 1.513854270449185435e+02 1.539559950114507387e+02
8.749002544533789205e+01 1.087939580000391260e+02 1.184762581807702162e+02 8.645427176975634609e+01 1.215817767948096559e+02 1.464643719435538856e+02 1.509683926737343711e+02 1.459975480817016091e+02 1.414541267114542507e+02 1.590645037540921010e+02 1.371688750447790994e+02 1.228308152640087911e+02 1.589231007659604131e+02 1.623542947395758347e+02 1.381246271222970847e+02 1.334556860293589011e+02 1.156888174406048790e+02 1.690323715485324669e+02 1.704330418244491057e+02 1.628956719677273668e+02 1.731733752968358715e+02 1.502056737598314555e+02 1.445041777366926681e+02 1.388905760718066631e+02 1.338933791581264074e+02 1.543574595838067012e+02 1.577292565993846267e+02 1.558489740281856655e+02 1.546150529234824091e+02 1.378776708169003768e+02 1.449720674812261620e+02 1.590507275121312034e+02 1.652095945711722891e+02 1.694118332165566585e+02 1.531104116149946890e+02 1.765270564660122545e+02 1.951795538395472533e+02
1.466149598713643911e+02 1.539734245716771568e+02 1.608656158169951880e+02 1.341949843337783079e+02 1.062285501768365634e+02 1.688735117374630761e+02 2.030172773736459817e+02 2.032973183601346534e+02 1.994320767705978596e+02 2.062592917758425983e+02 1.911286320309748703e+02 1.610241659969853174e+02 2.064171755592411444e+02 2.175540602733680089e+02 1.898819106025472649e+02 1.745415082295500895e+02 1.269746986281048891e+02 1.936283401957221031e+02 2.245550444989556524e+02 2.148746281722595768e+02 2.113426970060614281e+02 2.075809617030709830e+02 2.126626731133103760e+02 1.650946366429445504e+02 2.078990681263042859e+02 2.274469626232026087e+02 2.176515068620968805e+02 2.109750970115797486e+02 2.104720225108474949e+02 2.182002317542186063e+02 2.216424602113262381e+02 2.200473311909084089e+02 2.128443076103357328e+02 1.671990802955663753e+02 1.774818442276589678e+02 2.211639419604858290e+02 2.365874195667139475e+02
2.115472084386823042e+02 2.140232948111616906e+02 2.031349438338960454e+02 1.594849909280843860e+02 1.215190008343969907e+02 1.790226242155268892e+02 2.278260543519238865e+02 2.575761894115436803e+02 2.611769430251718518e+02 2.623716928013494680e+02 2.202344396405182181e+02 2.288503527641604478e+02 2.393808811486499906e+02 2.675531132384371631e+02 2.484171007016508952e+02 2.013116193351269203e+02 1.391722346160342454e+02 2.063408475215490796e+02 2.627951019032926752e+02 2.716032943021072015e+02 2.669455929257277376e+02 2.631183942089186871e+02 2.648309550801042178e+02 2.205007383549663302e+02 2.119160561331514714e+02 2.760948923578537801e+02 2.850220373702044867e+02 2.791699425545436952e+02 2.804844965160656898e+02 2.942172271495380755e+02 2.995894378710707997e+02 2.791659360926828413e+02 2.390530056977988522e+02 1.828112890443240133e+02 2.187389777970095111e+02 2.634307132291628477e+02 2.806385850507820123e+02
2.737068122304136182e+02 2.762945784183182809e+02 2.369129611084571536e+02 1.827284614356983639e+02 1.790757038788774764e+02 1.456356329153989577e+02 2.175221092961025988e+02 2.834028886399405565e+02 3.176216748999050310e+02 3.143935874299481839e+02 2.705626205682805221e+02 3.005067013935054092e+02 3.006355583648951324e+02 3.156889941345253874e+02 2.850310608868378495e+02 2.269023241588201927e+02 1.524458689042883748e+02 2.198228642021184953e+02 2.867590279135901596e+02 3.254435624997801142e+02 3.279804232135541611e+02 3.148221560772539078e+02 3.026233736667225571e+02 2.976903014093812203e+02 2.523527171799137534e+02 3.112214186931072391e+02 3.468572061014129986e+02 3.505128271594321632e+02 3.541571428746166816e+02 3.620351374061036154e+02 3.396129419574835424e+02 2.789281317311550765e+02 2.077269959885806543e+02 2.335707924289720836e+02 2.623364418028867817e+02 3.049439024584048070e+02 3.395109273727474033e+02
