output/field_example_lateral_ON/elevation_000100.asc
nrows	150
cellsize	66.66666667
xllcorner	0
ncols	150
yllcorner	0
NODATA_value	-9999
[rows 17 to 33 of 150, columns 111 to 147 of 150]
5.835261131681444340e+02 5.081052266537049036e+02 4.458350069251644072e+02 5.249562397266279277e+02 5.913496976548008206e+02 6.440561753493942660e+02 6.820933783213663446e+02 6.932206643718445775e+02 6.807930992200939500e+02 6.559552802225380219e+02 6.010546371909323398e+02 5.919984257048553218e+02 6.508086760452919179e+02 6.423474255560181518e+02 5.919517629865249546e+02 5.669640041094988874e+02 5.669640041161655972e+02 6.412671133301464579e+02 7.039683096549312040e+02 7.312181005045356414e+02 7.197244454097582320e+02 6.679077996757138180e+02 7.053544852115238655e+02 6.959789204644476968e+02 6.511760570724976560e+02 5.857063500152694360e+02 6.455945470280007612e+02 6.958934056430666715e+02 7.302133477933687118e+02 7.676395555704601747e+02 8.109963837761903278e+02 8.533908056914465305e+02 8.607470011759704676e+02 8.942828504854961693e+02 9.292160320765975712e+02 9.661806163476603615e+02 1.007448794109274104e+03
5.988264722367198374e+02 5.396437720450306870e+02 4.685780538470406213e+02 5.369834279408969451e+02 5.947727288704694502e+02 6.424329221749195540e+02 6.898974752038984661e+02 7.314454636099845857e+02 7.433469064590450444e+02 7.202672167391281164e+02 6.744692599505996213e+02 6.378869628456104692e+02 6.940967795021355187e+02 6.975732409124492506e+02 6.588263606738147473e+02 6.226155098840520168e+02 5.983598481876082360e+02 6.474530663291430983e+02 7.142099028173748820e+02 7.734982658070433672e+02 7.702295392441058084e+02 7.234922840482611264e+02 7.447288790083910044e+02 7.426568033947065715e+02 6.915663487201999260e+02 6.506583472383962317e+02 6.075000119959772746e+02 6.543136356244086755e+02 6.872484313801586495e+02 7.168365172446817724e+02 7.511291738866883634e+02 7.856666615221977281e+02 7.892196418891500116e+02 8.267350368908972769e+02 8.627029231177102702e+02 9.030135732941674860e+02 9.512582082201972753e+02
5.956617621718006603e+02 5.374174920351021001e+02 4.962669084644523991e+02 5.098935099918929836e+02 5.462517088618528760e+02 5.908919310899705124e+02 6.560276722497089850e+02 7.258945605292354912e+02 7.798619426977168132e+02 7.784544903705934757e+02 7.398335318476825933e+02 6.941877784299650784e+02 7.436425471903455673e+02 7.530183000637036912e+02 7.116488168894567252e+02 6.569028641554801879e+02 6.417942043797248743e+02 6.909827642841992201e+02 7.531940031456558700e+02 8.143822602410029958e+02 8.238119389148622531e+02 7.858916424153056823e+02 8.013578278483861368e+02 7.849864334684978076e+02 7.325932547846551870e+02 6.691918960578555016e+02 6.075000120026439845e+02 6.240383818943894312e+02 6.415983402583420911e+02 6.603269833488715221e+02 6.826953932406167951e+02 7.080591736478930898e+02 7.355613381700484297e+02 7.676026419347620049e+02 8.049459489920031956e+02 8.501386919183401005e+02 9.075461008811865895e+02
6.418287807681874710e+02 5.832668755712143138e+02 5.319568008548517355e+02 5.690911184718462437e+02 5.726439844551103988e+02 6.320031077932335393e+02 6.592587797622200014e+02 7.305632628238899997e+02 7.980173723708586522e+02 8.276897008478063071e+02 8.083683817149704964e+02 7.652395857045124785e+02 7.890775154480394349e+02 8.047747908056039705e+02 7.593460921525297636e+02 7.056260549568887654e+02 6.940481234094272622e+02 7.399732446310474643e+02 7.990280938778531663e+02 8.601001402146156352e+02 8.810529190550088288e+02 8.559718075132841477e+02 8.611796811830568004e+02 8.117549916692668148e+02 7.376632012592418732e+02 6.720516945659417161e+02 6.585472811190417133e+02 6.974883056426895109e+02 7.100060284898537475e+02 6.824578955545528061e+02 7.201882026804175894e+02 7.501781277155364478e+02 7.827756391511774154e+02 8.154488371243336360e+02 8.510723616116034691e+02 8.924513895734896778e+02 9.461048059903118883e+02
6.889323844628939923e+02 6.280464794597530727e+02 5.810171518087485083e+02 5.982348124114065513e+02 6.377862144089257299e+02 6.440781585383153924e+02 6.938120569697103974e+02 7.365992316807586349e+02 8.005141668821016765e+02 8.627517175943347638e+02 8.645932763892905086e+02 8.493261211710823773e+02 8.591489618580426395e+02 8.609873789065378560e+02 8.154252186268774949e+02 7.671829543761888317e+02 7.589986154143434760e+02 8.035493070552024619e+02 8.507677199540473794e+02 9.053428951481499780e+02 9.341410510850881792e+02 9.271401940703730133e+02 9.119783941284437105e+02 8.558299930525122363e+02 7.928582887532380710e+02 7.317443181605713107e+02 7.264694871515517889e+02 7.496507671659286416e+02 7.672736758390874456e+02 7.182538946910000277e+02 7.540589056661153791e+02 7.933845002997180700e+02 8.294778692190653828e+02 8.689936162428182342e+02 9.067971343709996290e+02 9.464463048497196951e+02 9.917904920382787850e+02
7.374055519625006809e+02 6.817894195182650492e+02 6.440618081128184258e+02 6.620743068495697798e+02 6.817370173236663504e+02 7.208023792112109049e+02 7.314365910883761899e+02 7.841862441356017825e+02 8.415437134508307508e+02 8.967075327698936462e+02 9.299486755383948093e+02 9.289429390199380805e+02 9.283344787563279397e+02 9.164650232808603505e+02 8.836042517297157701e+02 8.409586674054833111e+02 8.351388895431136916e+02 8.738241617516158612e+02 9.056522257720074549e+02 9.345280402073525465e+02 9.542551491211572738e+02 9.606967276518613517e+02 9.489313901500473776e+02 9.138692942981897431e+02 8.576051389973061987e+02 8.083989245623090483e+02 8.042306166256471442e+02 8.207492691061510186e+02 8.217226322354033528e+02 7.700830376382318718e+02 7.802789679452630480e+02 8.359070379898311103e+02 8.805717903327656586e+02 9.221482912966928325e+02 9.682723480903994187e+02 1.010288748378994796e+03 1.051420142024022198e+03
7.927882693689606413e+02 7.490392973532889300e+02 7.291403681870268656e+02 7.372717614742731485e+02 7.508661290941304287e+02 7.882365053104485924e+02 7.996175818282575847e+02 8.393166834594958345e+02 8.881162683668687805e+02 9.426422098192939529e+02 9.730858692005311923e+02 9.727155437020117006e+02 9.578079207450109607e+02 9.454550542343699817e+02 9.295339980519685241e+02 9.132333526610035506e+02 9.081429981934824127e+02 9.165476909330265016e+02 9.161889507625194256e+02 9.076354598251082280e+02 9.071350066950211612e+02 9.206692344033505151e+02 9.458465481355186739e+02 9.496190319850820742e+02 9.282593089045922170e+02 8.960320942629869023e+02 8.904188266059051102e+02 8.988593328089318675e+02 8.788406370583110174e+02 8.293222210962345571e+02 8.318744286974248325e+02 8.803031364789718509e+02 9.352934810741724050e+02 9.818798174192907027e+02 1.024900383260383023e+03 1.073153949254909321e+03 1.111248803758051736e+03
8.597351684941481835e+02 8.313260274269081265e+02 8.136121267866977860e+02 8.137474240893764090e+02 8.224187802932547129e+02 8.416765030965648293e+02 8.627904754098951798e+02 8.936289232666363205e+02 9.316497840503852785e+02 9.678865023494840898e+02 9.771508747448719987e+02 9.495403860152491688e+02 9.091044094874957864e+02 8.986532999925573222e+02 9.165332174736923889e+02 9.277670213648351591e+02 9.214965388476176713e+02 8.992244046860545268e+02 8.700990608366762444e+02 8.328363462222672524e+02 8.392088559819214879e+02 8.558599082320663456e+02 9.047306275850390875e+02 9.398659716868670557e+02 9.612563509002651472e+02 9.630222465373958585e+02 9.664842943297088596e+02 9.707899944535872692e+02 9.459047042226301301e+02 8.992216692217435821e+02 8.968448942002492004e+02 9.428413279025199927e+02 9.896568063808833813e+02 1.040265326503385495e+03 1.074508511943279245e+03 1.103136204260966679e+03 1.129010182795067294e+03
8.995440390108359452e+02 8.734995748072703918e+02 8.550462355650038262e+02 8.446950861710040499e+02 8.387582801240487242e+02 8.376882526926096943e+02 8.590966018879435069e+02 8.889299437361909213e+02 9.239841639370143866e+02 9.549415595682924049e+02 9.505587788617634715e+02 9.016737925112385028e+02 8.462850510983995491e+02 8.272592193382927235e+02 8.563034608133887104e+02 8.857774067093863550e+02 8.832257319217955001e+02 8.421655696440629981e+02 7.995398531246112270e+02 7.579040460917599376e+02 7.757128399584547651e+02 7.939852027793240268e+02 8.439300232865864473e+02 8.898069702235920886e+02 9.301567390827023019e+02 9.573921913631700136e+02 9.848347140171925957e+02 1.009673490688189872e+03 1.002837655519796613e+03 9.764031249348796564e+02 9.721754972009301810e+02 1.013624409237297073e+03 1.048025695553378910e+03 1.072017567330987731e+03 1.074712609562550142e+03 1.066544259437119308e+03 1.075410771680271637e+03
8.768096966487067903e+02 8.276539039483839133e+02 8.088534696509030937e+02 7.957532176571392029e+02 7.836811086443882459e+02 7.673010645636261415e+02 7.950064370907215334e+02 8.295865484975199706e+02 8.719626311466261086e+02 9.176367032157274934e+02 9.165606266385977960e+02 8.613789780004848353e+02 8.032629873257699273e+02 7.606172778342300944e+02 7.920334651702506790e+02 8.274763118648070304e+02 8.308125510212124709e+02 7.919686577109828249e+02 7.382356874563786278e+02 6.927273571133788437e+02 7.384551833812377026e+02 7.418092085565574507e+02 7.893624746513011132e+02 8.444943355663021975e+02 8.647136798868571077e+02 9.004722076561415633e+02 9.431804327770885266e+02 9.985348921832647875e+02 1.035666871716591686e+03 1.039488785476804651e+03 1.041032103803356677e+03 1.060783974758661088e+03 1.074881660893824801e+03 1.059924720131696859e+03 1.029824784973806800e+03 9.841577913856931445e+02 1.013050083794017837e+03
8.330345475880529875e+02 7.649972380014022519e+02 7.445187566990929326e+02 7.320106950596552906e+02 7.196218000394196679e+02 6.937567378060292640e+02 7.265034071371953814e+02 7.679620180411493493e+02 8.239273651750631871e+02 8.791018751852180912e+02 8.860460600009872678e+02 8.264909827300658662e+02 7.622225882412341207e+02 7.141857442982102384e+02 7.233039161509243513e+02 7.653008060447234584e+02 7.678643723121920175e+02 7.544232935938312039e+02 6.944253406223698448e+02 6.436158638850062061e+02 6.964415609264027580e+02 6.971559226808026324e+02 7.461919637935982337e+02 7.898608815679694999e+02 8.020028448018597373e+02 8.390221928733658388e+02 8.974059848623842299e+02 9.645342906596960120e+02 1.028199700600802316e+03 1.047753825581321053e+03 1.042471394819974421e+03 1.055613933237929359e+03 1.048926052152735110e+03 1.009650385675409211e+03 9.670861427990688526e+02 9.173435914033422023e+02 9.584262896488605747e+02
8.187826797460837724e+02 7.507440436624685844e+02 6.827601291096003706e+02 6.725844065313182227e+02 6.779071486040937771e+02 6.328884740055847260e+02 6.705778735879274564e+02 7.208171814951859915e+02 7.824764593669472106e+02 8.438172739972458203e+02 8.653305506501557147e+02 8.168944651878651939e+02 7.510022183223353522e+02 6.881790577940689673e+02 6.614195742005342709e+02 7.072674397324512938e+02 7.060837327627656350e+02 7.121757752977913469e+02 6.647555004354353514e+02 6.019228276837629892e+02 6.603760190745213094e+02 6.596197913166706712e+02 6.901062223367500792e+02 7.253404105536220641e+02 7.667976567379688504e+02 8.254535323737374028e+02 8.912279274256147801e+02 9.604780986380334298e+02 1.012456628792488573e+03 1.008077989597093392e+03 9.755007927785519541e+02 1.005013156840740862e+03 1.000938524625339028e+03 9.579680792976248540e+02 9.107069156424264520e+02 8.646602505546967450e+02 9.120358912667034019e+02
7.771935140533857975e+02 7.310914635769032657e+02 6.756910538541663982e+02 6.155890071867170263e+02 6.328033406268467616e+02 5.858397390524240791e+02 6.281790023430900192e+02 6.813560215953101533e+02 7.437021430391833974e+02 8.068051629270596550e+02 8.411581156492387663e+02 8.183480578531626861e+02 7.539724772646139854e+02 6.870871111767241928e+02 6.265339452254942216e+02 6.451146774265132535e+02 6.466889062745589172e+02 6.590061081836619223e+02 6.387026610085189304e+02 6.019228276770962793e+02 6.261568035821588865e+02 6.946874219202477434e+02 7.360901440965728852e+02 7.755435248208339090e+02 8.221476123289058933e+02 8.719621245656559267e+02 9.306096910206439361e+02 9.725444933271996888e+02 9.830553766486829090e+02 9.555993677164791507e+02 9.049560345456940240e+02 9.429136821335742979e+02 9.428959001208357904e+02 9.038732570825388848e+02 8.596604375388257040e+02 8.222773603784022498e+02 8.679914508248342599e+02
7.485771191477824686e+02 6.823050419671515101e+02 6.260039744235635908e+02 5.765866417613801787e+02 5.888533422492275804e+02 5.460906564432109462e+02 5.917256346344898930e+02 6.444646594996166868e+02 7.030671916411911297e+02 7.604814966806628718e+02 8.127849891808156144e+02 8.119296161489144197e+02 7.554036462558306084e+02 6.916908329380485156e+02 6.341410745648736338e+02 5.845262867609457089e+02 5.932642241142931425e+02 6.177221601092206811e+02 5.773121957055413986e+02 6.367319925775540241e+02 6.750661712342954388e+02 7.131850156048456029e+02 7.767094475007387473e+02 8.272384985648665179e+02 8.712964409519294122e+02 9.191308257582235228e+02 9.503170716902604909e+02 9.539326904139514909e+02 9.346754708835369456e+02 8.949988929692275406e+02 8.415797821722007939e+02 8.733825154023001005e+02 8.739828777917045954e+02 8.553161828205822985e+02 7.999388995887924239e+02 7.881777839309764886e+02 8.577404560047250470e+02
7.717902247510471625e+02 7.227243432517285555e+02 6.673495320571411185e+02 6.043071910522641019e+02 5.303885732385408573e+02 5.129041879973608502e+02 5.582287575802772608e+02 6.060307221603712833e+02 6.586218488500969670e+02 7.231557316171566754e+02 7.854551537167462811e+02 7.998580892819470591e+02 7.528169635994967166e+02 6.938705130885890640e+02 6.381783262186722823e+02 5.986506746515677833e+02 5.444505751264728133e+02 5.783422102370622042e+02 5.571850794272136227e+02 6.344036725001109289e+02 7.089245276728903491e+02 7.628056926154114308e+02 8.152686525921448037e+02 8.728304164538690202e+02 9.113291099927788537e+02 9.374308317191121205e+02 9.317944989505022022e+02 9.040032608661626909e+02 8.623105787887219549e+02 8.533721780742301917e+02 7.882319782338361165e+02 7.959756018168113769e+02 8.081856442251806811e+02 8.053977562952035214e+02 7.438162933307323783e+02 7.788278914299112330e+02 8.085621185853311772e+02
7.701006063900266554e+02 7.220105171021061778e+02 6.600270198834394932e+02 5.983895450792181236e+02 5.487114213820149189e+02 4.890882793881904718e+02 5.212378917334031030e+02 5.653110580836729469e+02 6.218204102590427738e+02 6.910302728111443002e+02 7.592168812036283043e+02 7.739297911187352383e+02 7.399929825689995369e+02 6.906486165815389313e+02 6.328257718646135572e+02 5.673889548054467014e+02 5.200403115918298909e+02 5.281726778341869704e+02 5.939966068578258955e+02 6.462146161257218182e+02 7.170849091486742282e+02 7.904903626682300910e+02 8.499525491306861795e+02 8.897604236541362752e+02 9.043086707566411633e+02 9.088282260966744843e+02 8.859684898566778202e+02 8.351696602087836254e+02 7.895826403020500948e+02 8.099973998065224805e+02 7.767023897273738839e+02 7.191014780317775603e+02 7.631394280251454347e+02 7.539672671408081897e+02 7.138862434253439915e+02 7.138862434320107013e+02 7.889487644062282925e+02
7.501574296392224142e+02 7.167453234934897637e+02 6.609650538204103896e+02 5.914148938785792780e+02 5.212574748428850171e+02 4.721215228109502391e+02 5.304882223127860925e+02 5.697934037173072284e+02 6.267029430600575779e+02 6.902853921855984254e+02 7.425384467160871509e+02 7.372742974557307889e+02 6.929002283016882302e+02 6.450059772918427825e+02 5.929891850973534702e+02 5.486304183693420100e+02 5.016403089406696836e+02 5.594329231686804178e+02 5.967529581274052362e+02 6.501412494905709991e+02 7.142693284442964341e+02 7.840631729212320806e+02 8.437979358593628376e+02 8.614715315294311040e+02 8.462437257744164754e+02 8.485440739855127958e+02 8.319224104351580991e+02 7.751758220223176750e+02 7.211983358522397793e+02 7.575650573853506557e+02 7.393980908815133262e+02 6.749744842126045796e+02 7.065635835344208999e+02 6.822842655780658561e+02 7.442701927275210210e+02 7.748339551477541818e+02 8.063645240051597511e+02
