output/field_example_lateral_ON/elevation_000051.asc
nrows	150
cellsize	66.66666667
xllcorner	0
ncols	150
yllcorner	0
NODATA_value	-9999
[rows 0 to 16 of 150, columns 0 to 36 of 150]
1.493837232042314212e-03 5.647271034998921380e+01 1.178893975501236042e+02 1.752175718660124346e+02 2.236027489466002578e+02 2.592372041807946061e+02 2.902966487297263711e+02 3.109038019420746650e+02 3.377140234231489444e+02 3.598919297442871539e+02 3.883077395440461146e+02 4.236238647577875440e+02 4.633107343088464631e+02 5.073160894533676242e+02 5.551019697565006936e+02 6.000269613594214206e+02 6.127366392041363952e+02 5.817649433946596673e+02 5.443742920310609179e+02 5.128085025573200255e+02 4.929879701518519823e+02 5.020307608682773548e+02 5.294468399132181275e+02 5.672127357853055400e+02 6.087281197017599652e+02 6.432235822093771276e+02 6.382124055435861010e+02 6.017351639936623542e+02 5.640952110199209528e+02 5.332763879681018580e+02 5.144268616361609929e+02 5.279655214653445228e+02 5.350256219977966339e+02 5.441769718451964764e+02 5.575244903372229146e+02 5.865504082015023641e+02 6.271882575262495720e+02
6.846229606998467882e-04 6.381153338022697596e+01 1.253731177653489652e+02 1.670115145708838043e+02 1.934912168186593249e+02 2.234557522456962886e+02 2.575191053979029903e+02 2.668281839248982124e+02 3.032920360864299596e+02 3.155881924082451064e+02 3.488857552443784584e+02 3.864860394190730517e+02 4.272696501692722109e+02 4.732112735014952705e+02 5.252126168292634247e+02 5.808336169237585409e+02 5.924889979620487566e+02 5.497237122169270833e+02 5.061757030343492829e+02 4.702031186367063356e+02 4.429761316885271754e+02 4.547969780775358686e+02 4.896142947997117290e+02 5.315830926246936770e+02 5.779456486693941315e+02 6.226610033819794126e+02 6.166809632578817855e+02 5.689164792073654553e+02 5.260840108646603994e+02 4.912755147906099751e+02 4.634826327410636964e+02 4.924156526972332699e+02 4.927047314239125626e+02 5.012222502401318138e+02 5.112414416853248440e+02 5.473539651890736195e+02 5.949497538192824777e+02
7.082983629705184424e-04 5.946428092941091847e+01 9.736286543628274615e+01 1.110673666261466508e+02 1.364700917286593267e+02 1.665838607856295823e+02 1.982250385154447372e+02 2.055324210098374067e+02 2.477408380153535745e+02 2.558149596622610034e+02 2.950689723629471359e+02 3.335290130333528396e+02 3.768114221810799904e+02 4.276644610558246313e+02 4.878392995425309664e+02 5.539225506297436823e+02 5.618077881388144306e+02 5.105691138940447331e+02 4.545721056798527115e+02 4.118788865548364129e+02 3.789285500113539911e+02 3.956416577074247698e+02 4.380676108024289306e+02 4.836243394063523056e+02 5.403393511167995484e+02 5.903676670510061513e+02 5.832438239454036193e+02 5.276829974150716680e+02 4.729081460567645649e+02 4.329308387360973711e+02 3.997940483757857919e+02 4.376793668221686744e+02 4.295538439322087356e+02 4.400254163964459053e+02 4.502825485408636155e+02 4.952111056958492554e+02 5.577397827092354419e+02
8.682931820036127180e-04 1.699798020658095865e+01 3.646099217474517218e+01 5.685989584004101971e+01 7.793158680473283084e+01 1.002148485612107152e+02 1.248218825367627431e+02 1.509221006096406086e+02 1.801332848219292373e+02 2.114142838416622965e+02 2.460807424310895897e+02 2.865665079474167101e+02 3.345754002167898307e+02 3.936353152367283883e+02 4.671188590781551966e+02 5.335663870928086681e+02 5.312285672623681876e+02 4.724161989751477222e+02 4.120450465620574505e+02 3.635997169789458212e+02 3.257496492716542775e+02 3.559977296363806545e+02 3.937041401929236031e+02 4.448256879737227223e+02 5.043394493656715554e+02 5.572668807750600308e+02 5.500354744627969694e+02 4.893020213326503267e+02 4.270904562795909669e+02 3.808424958510819351e+02 3.458890939723545443e+02 3.803881941014867039e+02 3.659991479612633611e+02 3.823222197733697385e+02 3.983541388839560113e+02 4.563152638196868338e+02 5.264820563694607927e+02
1.626078096075774708e-03 5.882027309025801998e+01 9.397054134604431397e+01 1.276760477433180370e+02 1.424722644217212064e+02 1.478775594021158781e+02 1.750870782578379021e+02 2.078845797054837305e+02 2.400305742481698985e+02 2.823296410830236596e+02 3.005101832092842074e+02 3.458824150887429028e+02 3.899554208319818258e+02 4.446924945044794413e+02 4.935079952993456800e+02 5.299483444135360060e+02 5.029329434174453013e+02 4.340444111454311837e+02 3.702852066420637698e+02 3.261079386612105964e+02 2.893814266390247667e+02 3.173907324117691928e+02 3.614633657224215995e+02 4.091938143605343612e+02 4.710248371737906723e+02 5.273907533226197302e+02 5.222217153539580750e+02 4.563547776945341070e+02 3.886640511900301362e+02 3.342799870491988372e+02 3.033543824694633599e+02 3.184388678280531053e+02 3.053815400279480627e+02 3.405789019799635184e+02 4.013858863558941721e+02 4.708206065451590803e+02 5.363438571720838581e+02
7.620812103862621874e-04 6.333065179343498841e+01 1.253831377786540173e+02 1.744035878816285958e+02 2.038597264011904997e+02 2.055452616060583750e+02 2.475939149656873894e+02 2.687394733082574589e+02 3.040013907708886336e+02 3.369264624543213245e+02 3.668505168376711936e+02 4.066809203302369156e+02 4.400043155378042457e+02 4.688840453857838497e+02 4.877882153492646466e+02 5.036421684371990182e+02 4.702985555253385428e+02 3.951396784855507462e+02 3.251917315160201269e+02 2.807913322034617636e+02 2.615803792617727481e+02 3.074680475363551295e+02 3.243663923912423570e+02 3.758063787797240707e+02 4.412739250602120933e+02 5.030505154661234428e+02 5.069950621749181323e+02 4.540538267687042548e+02 3.889117407786242211e+02 3.273987880727898983e+02 2.708793826138459053e+02 2.598863292096866076e+02 3.094868043097461054e+02 3.654186453239876755e+02 4.308187010868988409e+02 4.900039168872013420e+02 5.287537647211518106e+02
1.631439668600789469e-03 5.365852734775820920e+01 1.136422250859390175e+02 1.769473632123844880e+02 2.361662674709262717e+02 2.662776789673213784e+02 3.009749077341938346e+02 3.380319530859271140e+02 3.653351439900884543e+02 3.906466628447627158e+02 4.147052735354406536e+02 4.374885501594179118e+02 4.449608767004153833e+02 4.369262052498189064e+02 4.259163370157310169e+02 4.539843129512752284e+02 4.355047436985848321e+02 3.588814055452704110e+02 2.836367647755395183e+02 2.283251509485661188e+02 2.552659546574689955e+02 2.641867970430235459e+02 3.196002705645826723e+02 3.796185689761398407e+02 4.422911705794853674e+02 4.833339113886419796e+02 4.825112240488636530e+02 4.561108285352607368e+02 3.982639659838717989e+02 3.359490353493043813e+02 2.798651416882810850e+02 2.317123499732846881e+02 3.007649041062541642e+02 3.521038131481936944e+02 4.185683764877629756e+02 4.775515763262196742e+02 4.897964167428622204e+02
1.500496484432047462e-03 4.849251130730316817e+01 1.043544592230739596e+02 1.681239518953738070e+02 2.374029146433474011e+02 3.020659004130693575e+02 3.459020297538258433e+02 3.723301851420823709e+02 3.820793328085787266e+02 3.884202603617484328e+02 3.970860699719360127e+02 4.090537093692627764e+02 3.999856246317956447e+02 3.645891551629904370e+02 3.550153477485262101e+02 3.998383738956331399e+02 4.119286742722038639e+02 3.575756762670408193e+02 2.789086012642595165e+02 2.045187586441657857e+02 2.068292043135871552e+02 2.647388067649823711e+02 3.182583003575846305e+02 3.689756380455938825e+02 4.158854824086314466e+02 4.350060988581433321e+02 4.261886450770234660e+02 4.327015265300624947e+02 3.983181239216792733e+02 3.357631783299869426e+02 2.792608931946564894e+02 2.099870595882035502e+02 2.641009800808211594e+02 3.366967928320740384e+02 4.078084789395941243e+02 4.538118267081279100e+02 4.421310297621732275e+02
9.039551361381488372e-04 4.844482897396346743e+01 1.045443138217948302e+02 1.693514946777343368e+02 2.404416129264483004e+02 3.065256671848829910e+02 3.432678311519550221e+02 3.491566245386665628e+02 3.290771436413246533e+02 3.251603174659161368e+02 3.270273793140231646e+02 3.446679095183122854e+02 3.407222413908666567e+02 2.947721298324069039e+02 2.909600218353616583e+02 3.404689729404173022e+02 3.726026599239912684e+02 3.490725245344260657e+02 2.863969998886563531e+02 2.226984430817728366e+02 1.717262718480805290e+02 2.296282795624257744e+02 2.749449786309181150e+02 3.214604766650367083e+02 3.754377032662161469e+02 3.890021417325108359e+02 3.587691896602204906e+02 3.890624715186418143e+02 3.762191378726198536e+02 3.162331936765167484e+02 2.462121032303817003e+02 1.897299433277110268e+02 2.556759916864240836e+02 3.253899860266313340e+02 3.812613654317079863e+02 4.161881997536090694e+02 3.900950100397100755e+02
1.429837670197248601e-03 5.308070685184359405e+01 1.141095657481851191e+02 1.824016581267435129e+02 2.488438660971584966e+02 2.882040873181553593e+02 2.927363606698125977e+02 2.948166194284376047e+02 2.559628827323866744e+02 2.519131658855221758e+02 2.482331530229336920e+02 2.884087624921322117e+02 2.836791552714164482e+02 2.342992069531850916e+02 2.375754416714945023e+02 2.894828300022334133e+02 3.238118321129897481e+02 3.190075830716452856e+02 2.831344748956762487e+02 2.184574714229461847e+02 1.519411673379093486e+02 1.908426697015360674e+02 2.206976613202454871e+02 2.801293687649319963e+02 3.373963777644443667e+02 3.415803247397178666e+02 3.018945125770841287e+02 3.434866428792293505e+02 3.485253607848954402e+02 3.075361271069467648e+02 2.387332468990944676e+02 1.698606051057491868e+02 1.852621641114220665e+02 2.835062527240214081e+02 3.575108803033851359e+02 3.749915661025625013e+02 3.297746001715633497e+02
8.906530452106879887e-04 5.899528890565596129e+01 1.248284355191914159e+02 1.912315350782535575e+02 2.310731158113273978e+02 2.317832816726011629e+02 2.257778021701347484e+02 2.337336978416998647e+02 1.880940849797532621e+02 1.859604766338603383e+02 1.824258599903940876e+02 2.298602008620544552e+02 2.277933285124139218e+02 1.823757191198558303e+02 1.941522240253513019e+02 2.521921127349422989e+02 2.594400486282358429e+02 2.590540643701498311e+02 2.573828047094344811e+02 2.115400469924939557e+02 1.340755364778908643e+02 1.451985529068630854e+02 1.977734058638860972e+02 2.568823562355461831e+02 3.007787705176434656e+02 2.968742268557831494e+02 2.515442575468355813e+02 2.954813026139213434e+02 3.003048392147731533e+02 2.842379357280528325e+02 2.268078255736758990e+02 1.531149520451466515e+02 2.028033869890208223e+02 2.676965222658618018e+02 3.294145804392273931e+02 3.344142079814903354e+02 2.784994077025360752e+02
1.315733920322398939e-03 6.275742000753606220e+01 1.257986610042138977e+02 1.719683678849195587e+02 1.752661471466826697e+02 1.634140287208754216e+02 1.574515723813322836e+02 1.738474006004812793e+02 1.294778963868927519e+02 1.286716926302697175e+02 1.266082107695817882e+02 1.718354405084040195e+02 1.649307004101496545e+02 1.385121734108892895e+02 1.878378120127833029e+02 2.082288133445166523e+02 1.928994610227844646e+02 1.931105601453089662e+02 2.049356838995676924e+02 2.029065071130446256e+02 1.612433756092015642e+02 1.075832181880235510e+02 1.399156794119048186e+02 2.145563779188848912e+02 2.545547836684860670e+02 2.522905421066975862e+02 2.062131324189667225e+02 2.438898771215991133e+02 2.469924586477221453e+02 2.501161398020618662e+02 1.986601971060510152e+02 1.361809927662797008e+02 1.982889976782082329e+02 2.611667681085875188e+02 3.012035426269683853e+02 2.934340601117289111e+02 2.311668923895336718e+02
1.399994275800712888e-03 5.777820344785898499e+01 9.769036945294287477e+01 1.155432546850451132e+02 1.104827229839620060e+02 9.506999381853509590e+01 9.409847721277490962e+01 1.142283840226808564e+02 7.814510244820429818e+01 7.875042252433787837e+01 8.173556303504351206e+01 1.122070613700339123e+02 9.526184660215288602e+01 1.314198285988636599e+02 1.529942329532700285e+02 1.491036139034494568e+02 1.281418633267277869e+02 1.345583572357286641e+02 1.477045025342784470e+02 1.599845497783499297e+02 1.427574155178093918e+02 9.302259086252044540e+01 1.460507413697661718e+02 1.919138704609741239e+02 2.020669637615989700e+02 2.069283040419059319e+02 1.657087584688983952e+02 1.805912338817717853e+02 1.928541392985217442e+02 2.100959805867910006e+02 1.740478293676283954e+02 1.196824114621755655e+02 1.838967225806782437e+02 2.252810635729665591e+02 2.494866793356514734e+02 2.439592125799719611e+02 1.892588708274277849e+02
1.181206231400129276e-03 2.722819751137969480e+00 4.233097211504441759e+01 5.414001253961822613e+01 5.884456584205884155e+01 3.495037639348036151e+01 4.404672232713821955e+01 5.946635252096103841e+01 2.775014303132190818e+01 3.762799337723340898e+01 5.546525432182865956e+01 5.591318790624936241e+01 7.811565430375736696e+01 8.770348567870162526e+01 1.001943182341625374e+02 9.787191056296298086e+01 7.679759554775984043e+01 9.896896325858168098e+01 1.007366599389897459e+02 1.067359550386716904e+02 1.102693721142836978e+02 7.779377527684623317e+01 1.166850486027475284e+02 1.438450161952900146e+02 1.482010301709957787e+02 1.502679706013942109e+02 1.445157873350358670e+02 1.132805700102806128e+02 1.574989905236550101e+02 1.609206495943473385e+02 1.439502751037497887e+02 1.041304558197549710e+02 1.480542416214476305e+02 1.786238759583056890e+02 1.819365957333073425e+02 1.758466204125443539e+02 1.587734500723016424e+02
1.630222212009432327e-03 3.338542926040810954e+01 6.363656811305586913e+00 8.362512613339069034e+00 1.047785739986318809e+01 1.263246151568783660e+01 1.475330070686208650e+01 1.681747126708295070e+01 1.844737691909812227e+01 2.045190048564523266e+01 2.463258574696831715e+01 4.801934624902337845e+01 2.609437281081308058e+01 2.915358503845547489e+01 5.354605300202918272e+01 4.936249015426526654e+01 6.234677613857211753e+01 7.610547238006265047e+01 6.891688075386262824e+01 6.941495351176796191e+01 8.159820312609983262e+01 7.601429252473835163e+01 5.562872251463821271e+01 8.401030043134269931e+01 1.028401294636827998e+02 9.151851774981163601e+01 8.136437913880301664e+01 8.067581009422802651e+01 1.146356823957253397e+02 1.177970427355278105e+02 8.430768796948463262e+01 1.069584986453119200e+02 1.164118592221766590e+02 1.239565698102709632e+02 1.240162666373535245e+02 1.087331896163429548e+02 1.152485187561618574e+02
1.073448080148506822e-03 4.820107233505756028e+01 5.132240311340248695e+01 1.746389023423828846e+01 2.762241149696911080e+01 5.669819035401447849e+01 4.688934938780011663e+01 3.186619142215154099e+01 2.898079925701532744e+01 5.942066504833737639e+01 2.375367528750167878e+01 2.609437280414641336e+01 5.241870226499190011e+01 5.900284619222032489e+01 2.915358504512214211e+01 3.172614975154819206e+01 3.440972386721177401e+01 3.687073935727156027e+01 3.970448724072800673e+01 4.210709415317898419e+01 4.482733925343316628e+01 4.716061017671763267e+01 4.935035461288046577e+01 5.184346233370872881e+01 5.431570778344509876e+01 5.716408672950133507e+01 5.988063791877338815e+01 6.248642630522995489e+01 6.489961668065275546e+01 6.744886407845976350e+01 6.987265475660410630e+01 7.237992277650394612e+01 7.469515685644451253e+01 7.736383684991079690e+01 7.993550754917377787e+01 8.231069813930372447e+01 8.498390727693062274e+01
1.126548970877862483e-03 6.030689802730191929e+01 8.932446178834217676e+01 9.603604819246982061e+01 9.100907824501891241e+01 9.392308006441101043e+01 9.808476224883685290e+01 6.344604250799607570e+01 1.027112172003782575e+02 1.207441457104502121e+02 1.169785834326933980e+02 7.428494509398777268e+01 1.076166307424057038e+02 8.256679090256523068e+01 5.138125170875905212e+01 8.057362473349067500e+01 9.305957939546586033e+01 5.102444928457769180e+01 8.783347690713036116e+01 5.371521922423924167e+01 8.713498218029837972e+01 6.909318634816597182e+01 8.163235508916400818e+01 8.325338052783018838e+01 6.326513171368976884e+01 1.047742236270164824e+02 1.105348178969116475e+02 1.125801905648658447e+02 7.127351861182503967e+01 8.718596690796016446e+01 1.186436046523372880e+02 1.150500861293392632e+02 9.942773905836195070e+01 1.278648112058112361e+02 1.194651802505929226e+02 1.164946256709750116e+02 9.263667507132493029e+01
