output/field_example_lateral_ON/elevation_000097.asc
nrows	150
cellsize	66.66666667
xllcorner	0
ncols	150
yllcorner	0
NODATA_value	-9999
[rows 119 to 135 of 150, columns 37 to 73 of 150]
2.578825107824077350e+02 3.129909862025893972e+02 3.798993515002096615e+02 4.372462609979835975e+02 4.386681703143019604e+02 3.801118287547678278e+02 3.166324906699345547e+02 2.630073550485039959e+02 2.226613153663371634e+02 2.752652430493448037e+02 3.327088526657030911e+02 3.952697190197292798e+02 4.523227417525002352e+02 4.579373580623818043e+02 4.059362880942157403e+02 3.379517879100253595e+02 2.704513318158726065e+02 2.900745275949884672e+02 2.936204917392316247e+02 2.389446722344246155e+02 2.783967511096582257e+02 2.880532449556654910e+02 3.592825593867601697e+02 4.237272042464325068e+02 4.528437708960804002e+02 4.376108322046057424e+02 4.815818655864387097e+02 5.034954213374652454e+02 4.809578653616879365e+02 4.179774468802486922e+02 3.442946479763302250e+02 2.866310465216581633e+02 2.392213958885554348e+02 2.799292230677780253e+02 3.436955653888002757e+02 4.008241738019067952e+02 4.549270699070252135e+02
2.233291306226374502e+02 3.018068743979348483e+02 3.678430781977277775e+02 4.134612561327568869e+02 4.175404337868660605e+02 3.724155075029991622e+02 3.137358834916790329e+02 2.636866304095143505e+02 1.972011833766712812e+02 2.467800466491096927e+02 2.956372831359595921e+02 3.602584776330168665e+02 4.183326519198823803e+02 4.246209510457999272e+02 4.075149879562912361e+02 3.557187849845445271e+02 3.012084042459563307e+02 2.299286918886753313e+02 2.481996153719622669e+02 2.150016170957366342e+02 2.150016171024032872e+02 2.931398394494327704e+02 3.646723456807422963e+02 4.073244395987503594e+02 4.058926121059442949e+02 3.650538362121180285e+02 4.106699798662407375e+02 4.500290405636667401e+02 4.467967004265711921e+02 4.160909596273442617e+02 3.535093832711588675e+02 2.875449389634901536e+02 2.278594137810320319e+02 2.795151735064636682e+02 3.049832780543520698e+02 3.571170083342476005e+02 4.139921430291619231e+02
2.028628698291905721e+02 2.663093564693902522e+02 3.297744717199192905e+02 3.663376310703295644e+02 3.682963476614802403e+02 3.516099116272620790e+02 3.018672775320023902e+02 2.316773152030188498e+02 1.734812591998769449e+02 2.190931621431480494e+02 2.877456240681883628e+02 3.480267393186874187e+02 3.742317848864326493e+02 3.618983897134558561e+02 3.750019098740030472e+02 3.568904778352940070e+02 3.051475327135810858e+02 2.441435662135168059e+02 1.863507394686252212e+02 2.421636801292667087e+02 2.740141759346329309e+02 3.161050734166751681e+02 3.549087294906391321e+02 3.568150385546015286e+02 3.510044081853297371e+02 3.007272550621765959e+02 3.506898060918409783e+02 3.856881919621476413e+02 3.809210415541815564e+02 3.824286687795345188e+02 3.497116156562034348e+02 2.846907781460054139e+02 2.157615829530346332e+02 2.381383150704327818e+02 2.859582110129759940e+02 3.465968089487621455e+02 3.973285811947480966e+02
2.038343900445010775e+02 2.641211337174815412e+02 2.961766452778965117e+02 2.965582556776075194e+02 2.957637523466710263e+02 3.003425421959470327e+02 2.690121119693909009e+02 2.216547631651409347e+02 1.529454864018429134e+02 2.239381033421641121e+02 2.814338148147120364e+02 3.113640522857683663e+02 3.146435317931870941e+02 2.866851428690062562e+02 3.214653965254478294e+02 3.230872012933782003e+02 2.981837922593237522e+02 2.401858551128489978e+02 1.665265757277703358e+02 2.151206719057379644e+02 2.575960536019878191e+02 2.977409047668456878e+02 3.055039707092566346e+02 2.956096665014680980e+02 2.954830196582027497e+02 2.470957243784699244e+02 3.024870353747086824e+02 3.127652583209005002e+02 3.082189309662957726e+02 3.209590813392226210e+02 3.184806191877129322e+02 2.797301507178203224e+02 2.332278200130674293e+02 1.978199837376915013e+02 2.694301046154044457e+02 3.282275106122861530e+02 3.475395747787197820e+02
1.749006620690130376e+02 2.270432914213440370e+02 2.288139532877538045e+02 2.205017014427872084e+02 2.196306591053366049e+02 2.308653469579606963e+02 2.282285226350670371e+02 1.839380986651831336e+02 1.325214869326452458e+02 1.956643420060827907e+02 2.429799934328312077e+02 2.487299041630639920e+02 2.442433214834996136e+02 2.213365048921902201e+02 2.619921280352206168e+02 2.608692769197146504e+02 2.593831498224433290e+02 2.411728991309982177e+02 2.000261834827070686e+02 1.380573223829152596e+02 2.050075003743186244e+02 2.494848074633105455e+02 2.468065748566534410e+02 2.381618065281003283e+02 2.431059649708853669e+02 2.016132010349930965e+02 2.509513028221649904e+02 2.409711873614602666e+02 2.423314960360540056e+02 2.601150608295793063e+02 2.594917212058329596e+02 2.416101582984404104e+02 1.764068397433662483e+02 2.212495912886453482e+02 2.588789314060552442e+02 2.791250985630723562e+02 2.740447556202169039e+02
1.384853072969218033e+02 1.651716880491591439e+02 1.524944852828511443e+02 1.516016917913279656e+02 1.539046851757083232e+02 1.661609563271845502e+02 1.753488757201316730e+02 1.476073927608400425e+02 1.159319629777105973e+02 1.666158881573146289e+02 1.815300278618745722e+02 1.845932109276270978e+02 1.780874429273088424e+02 1.634945182830689134e+02 1.980427142907294069e+02 1.877387384048206798e+02 1.861131069431216645e+02 1.908119758549240998e+02 1.737371272979438004e+02 1.211497115581739479e+02 1.443018330232970925e+02 1.941916651384766794e+02 1.887109783453746559e+02 1.868287681278618209e+02 1.918011508710669375e+02 1.633419771937897451e+02 1.983981585513291463e+02 1.613231832044395446e+02 1.928742582909311523e+02 2.134346975783959408e+02 2.023964685686252949e+02 2.052569236101242325e+02 1.792802695945271694e+02 1.568365271657533242e+02 1.699847532709591178e+02 2.125604907502581398e+02 2.111983376105890216e+02
7.368983987850720041e+01 7.528515457442001946e+01 7.709344827308049730e+01 1.054021771754744350e+02 1.090269524037075115e+02 1.183011776932383725e+02 1.280371905687135268e+02 1.038423549553840672e+02 1.101173929360476507e+02 9.860606553225569826e+01 1.172500110398426187e+02 9.591866998931301680e+01 1.225023279595673102e+02 1.051160350836163246e+02 1.162545699618080448e+02 1.026172998959078910e+02 1.147445957957709908e+02 1.420978818494588438e+02 1.118633325071256905e+02 1.139493744867864962e+02 1.292196786791943452e+02 1.504360244853691029e+02 1.398353479756562479e+02 1.244447607058451695e+02 1.263863781004024105e+02 1.360729448995169548e+02 1.499823771468961127e+02 1.431655688374805493e+02 1.660151189136500136e+02 1.649974995216511502e+02 1.416337999739480153e+02 1.445472043253305685e+02 1.469196742845174128e+02 1.493895381323299318e+02 1.516181149909113230e+02 1.672678521941505778e+02 1.831851733402817786e+02
8.598137990389028573e+01 7.709908592116396164e+01 8.208197853423031631e+01 7.938739666016141427e+01 8.117078198873771555e+01 8.288026446432812122e+01 8.429846148615247614e+01 8.552301776472185679e+01 8.721338126466669394e+01 8.891223931493190946e+01 9.083878415816623431e+01 9.281118005137548721e+01 9.479140426345686876e+01 9.671338370964868147e+01 9.878186271757314785e+01 1.108717210664887176e+02 1.054616044232231218e+02 1.080782703901699477e+02 1.370853780138004367e+02 1.500292137031453308e+02 1.178805479264527634e+02 1.201623761472916954e+02 1.217613213817701450e+02 1.277997752340672832e+02 1.469202768095680938e+02 1.263863781070690777e+02 1.284939245938201680e+02 1.307171101303417231e+02 1.339092339017720406e+02 1.371631740778270228e+02 1.464266306523392416e+02 1.696217195715724984e+02 1.489000512672377283e+02 1.965075673081013861e+02 1.695848102501897756e+02 1.554712371069492463e+02 1.580075207892031983e+02
1.019119355221680507e+02 9.897075646582521813e+01 1.159134966562223923e+02 1.171592778579507979e+02 1.274703648940083696e+02 1.158458975191652058e+02 8.515785970164306207e+01 9.705332783936339069e+01 1.314345236881222547e+02 1.289858201979582475e+02 1.211797835369739715e+02 1.328341130270191570e+02 1.034073921103281322e+02 1.265122752414756917e+02 1.303454781073647553e+02 1.126235183362580443e+02 1.456029532566161322e+02 1.663466427589995646e+02 1.849240899904556557e+02 1.919838058324315853e+02 1.891629985707403421e+02 1.687462347061217258e+02 1.311308988122087271e+02 1.287952756268994108e+02 1.916129953112650526e+02 1.669336537646738066e+02 1.957735709534161117e+02 1.740594625638466937e+02 2.062579209633216806e+02 1.971342985962233456e+02 1.975827478278461342e+02 1.604784806602382901e+02 1.884664507415786261e+02 2.237954788833825148e+02 2.310097709649737396e+02 2.246891060085976619e+02 2.084397438945848364e+02
1.566566124153675332e+02 1.482049545950891627e+02 1.509570966874362625e+02 1.625600387545113676e+02 1.737953074407794531e+02 1.467255610976049525e+02 9.926787542061413205e+01 1.663590959486046472e+02 1.951553422782735652e+02 1.957649140630088880e+02 1.941878870212044319e+02 1.642503865769924118e+02 1.968623659913015729e+02 1.841629665923782966e+02 1.903933647849157182e+02 1.767327528210287824e+02 1.296252671282851168e+02 1.814688530514960405e+02 2.214817387973150176e+02 2.443143317466355882e+02 2.434453579785612476e+02 2.096393176302052552e+02 1.564128156705027948e+02 2.218017427583100414e+02 2.487539851145678540e+02 2.395156470613711122e+02 2.544205869967839249e+02 2.204796141037374468e+02 2.636108973094218868e+02 2.584116555887720210e+02 2.446807817629770057e+02 2.070911787167512728e+02 1.747734178234009335e+02 2.403736397811757683e+02 2.800183570128292558e+02 2.813164683737105065e+02 2.691570687204591650e+02
2.081830073171141464e+02 2.069575903687609184e+02 2.037347708242976410e+02 2.175185729631720903e+02 2.159571242795155968e+02 1.773371197805688269e+02 1.125041792336862869e+02 1.820423330684810423e+02 2.412732152188029033e+02 2.648244024355746546e+02 2.600278153324762229e+02 2.156877896059949649e+02 2.587685523803399974e+02 2.513582165605251930e+02 2.558107777902112900e+02 2.244605971543765008e+02 1.835616358325253543e+02 1.493943951240053138e+02 2.170986564112602082e+02 2.757657891526396838e+02 2.846149237723108172e+02 2.445072234958018669e+02 1.859297104660498974e+02 2.394609324637555403e+02 2.947675585605240371e+02 3.068587583814220352e+02 3.108282359055160669e+02 2.706934667613249985e+02 3.139431503805051307e+02 3.157518060802034938e+02 2.807850167236842367e+02 2.328432186658284877e+02 1.850375569937185105e+02 2.495811751849155939e+02 3.078303561228473200e+02 3.335578199418593499e+02 3.261372452027873692e+02
2.620056565189810271e+02 2.687041551304279778e+02 2.641292250012447198e+02 2.732182725322618921e+02 2.430754694909130933e+02 1.869876590053994221e+02 1.255828385181568905e+02 1.891057790895324615e+02 2.534138632637788930e+02 3.067407885877082094e+02 3.118691926234541256e+02 2.756105803846925255e+02 3.171929945570057043e+02 3.148150023115771319e+02 2.967446190107878010e+02 2.322646030062575733e+02 1.697711366787760596e+02 2.054476800244777337e+02 2.541294294562843561e+02 3.049656982317121674e+02 3.192165863322664450e+02 2.770031575321170862e+02 2.155047319756986610e+02 2.708717475555720853e+02 3.263304600622890916e+02 3.665500612593152709e+02 3.666940782171488422e+02 3.275753227115896493e+02 3.632873111716473886e+02 3.566656351098803839e+02 3.081255420489824246e+02 2.641087922953182101e+02 1.981345350123924050e+02 2.583568341107445576e+02 3.100562536999452732e+02 3.651810890102290728e+02 3.814776308247128895e+02
2.830857350515773874e+02 3.255573846844860668e+02 3.235468871553313761e+02 3.105832739691467737e+02 2.480014188596600491e+02 1.757620091881635744e+02 1.388925096776020212e+02 1.995889214579876523e+02 2.586493935952281049e+02 3.246598531001233141e+02 3.550237567709534119e+02 3.408923699501169153e+02 3.758763019533038232e+02 3.742686407898665379e+02 3.303297076236336238e+02 2.762190021294879898e+02 2.349936974344388148e+02 1.885603186165028262e+02 2.554638692331959362e+02 3.200102519460207304e+02 3.484832010403728759e+02 3.154438087980541354e+02 2.464645536746533878e+02 3.074773905640777798e+02 3.624151299974355425e+02 4.127469457244420710e+02 4.228433572725925842e+02 3.933026114171539120e+02 4.135110026259208666e+02 3.849620365127532864e+02 3.300492427583820927e+02 2.752853108394652395e+02 2.493918128134329777e+02 2.176413898541550509e+02 2.919114246112484352e+02 3.676149231534349724e+02 4.236906678881634889e+02
3.307693524875877529e+02 3.712818067034029355e+02 3.749822614773912619e+02 3.238616114598295326e+02 2.489704388710342755e+02 1.906353765979705486e+02 1.804946676527705449e+02 1.605299540155344289e+02 2.470474883287753016e+02 3.222872641833926650e+02 3.752121963903723554e+02 3.998648783602504295e+02 4.284600224800186083e+02 4.173959554968916450e+02 3.716582097690639443e+02 3.166897274601512891e+02 2.574306285995158987e+02 2.005182265381536979e+02 2.556350191753658692e+02 3.228050335291874262e+02 3.713146862003485467e+02 3.485837236090274018e+02 2.809154978048118778e+02 3.400500109291530748e+02 3.962975403090559894e+02 4.476071359719333032e+02 4.759381117117786744e+02 4.630594711381206139e+02 4.626462369893505411e+02 4.162687818981472674e+02 3.723187701663699158e+02 3.245223174096835805e+02 2.481704627160306131e+02 2.288636082347444471e+02 2.957486502075630028e+02 3.699433902675513082e+02 4.409460838057669321e+02
3.901192705278422750e+02 4.105800656027664104e+02 4.146950412636165311e+02 3.601285510137654455e+02 2.985531354144814600e+02 2.484724830657929431e+02 2.159281707774950689e+02 1.727404972586447514e+02 2.237761820762623302e+02 2.875140884273455981e+02 3.613474271801142095e+02 4.278323228572155585e+02 4.653567380877261712e+02 4.429767500782510297e+02 3.798600031108264830e+02 3.112406066414534962e+02 2.570982532129215201e+02 2.127620632609711890e+02 2.832468170877867237e+02 3.411714329442230564e+02 3.937576875298503296e+02 3.882291710121155006e+02 3.465708313836739762e+02 3.274626498344842958e+02 3.834513152283204818e+02 4.500990416439282740e+02 5.123006778513534982e+02 5.235098098042093397e+02 4.986442705622003473e+02 4.609011968800145951e+02 4.139557228205666775e+02 3.611414116205538107e+02 3.028366369398553388e+02 2.425055674987928001e+02 3.054766120266387475e+02 3.731083911820111894e+02 4.395284411837827179e+02
4.545064075308333713e+02 4.673153689089379554e+02 4.570545956771152873e+02 4.080664325098807694e+02 3.491866336811003748e+02 2.820799872485745823e+02 1.911236502015107135e+02 1.936993750532191711e+02 2.278942513819644375e+02 2.852871308584956296e+02 3.535652154543927850e+02 4.258444467758217797e+02 4.806741790968926011e+02 4.639143445796909759e+02 4.001733209241688769e+02 3.486989745082630066e+02 2.797208146907159971e+02 2.252156569753346389e+02 2.846398305510766704e+02 3.483942035801555903e+02 4.094184190397759266e+02 4.317266975474512947e+02 4.118959765692793553e+02 3.645274030343695699e+02 4.174998505616442799e+02 4.826093097647730019e+02 5.458504981639016478e+02 5.648539127199928771e+02 5.279180596923368967e+02 4.678932428831339507e+02 4.082730842659062205e+02 3.517690495442820975e+02 2.963021377170543360e+02 2.570514839542585719e+02 3.181545931153082734e+02 3.688146262183338422e+02 4.038617849988629587e+02
5.199549071622328711e+02 5.200245162447041594e+02 4.845231116720430009e+02 4.173795734679545717e+02 3.431347145551098947e+02 2.684779896604243845e+02 2.015899686849981265e+02 2.210392288624721573e+02 2.678664134728853696e+02 3.039151252698033545e+02 3.645412635611533574e+02 4.335085916814507527e+02 4.919307206465086892e+02 4.843681526163383069e+02 4.318972169662094416e+02 3.666565641380494185e+02 3.076967592372013769e+02 2.383657338065250997e+02 2.914164995641858695e+02 3.495069991005083239e+02 4.121976613930480653e+02 4.623242044554752965e+02 4.563419022469180959e+02 4.069628725110095502e+02 4.573849156358712094e+02 5.180178882216417833e+02 5.770091620775737056e+02 5.854971745221581614e+02 5.278012321590520060e+02 4.630229131477313445e+02 4.068237446770531847e+02 3.594770238113512733e+02 3.402367880105344398e+02 3.116045379298716398e+02 2.803253318664038147e+02 3.257889459058017110e+02 3.823759609529973318e+02
