output/field_example_lateral_ON/elevation_000068.asc
nrows	150
cellsize	66.66666667
xllcorner	0
ncols	150
yllcorner	0
NODATA_value	-9999
[rows 0 to 16 of 150, columns 37 to 73 of 150]
6.338319235498377111e+02 6.274925852883479820e+02 5.929995193889277516e+02 5.603865542384320406e+02 5.391255880276634116e+02 5.428200157591267043e+02 5.535103209226696208e+02 5.717135488069354778e+02 6.037000095032543641e+02 6.457445210876941246e+02 6.840344229034468526e+02 6.846266950630896417e+02 6.493865406844225845e+02 6.113841563471595464e+02 5.803522972676324798e+02 5.611369908916644818e+02 5.707729124024929206e+02 5.985757643187730537e+02 6.376225313090332065e+02 6.821870060258745525e+02 7.237423366590523983e+02 7.349251188175252310e+02 7.061669132079441624e+02 6.710249339265329809e+02 6.403833304810769960e+02 6.196003081042244958e+02 6.217886482651261986e+02 6.314396021686117138e+02 6.466302682946952700e+02 6.749469715641383800e+02 7.121621884264811797e+02 7.523378898255866716e+02 7.848356305427831785e+02 7.771433314016253462e+02 7.370960328576951497e+02 6.957954452972670651e+02 6.656920751499449125e+02
6.146833201954553942e+02 6.049518399680638367e+02 5.588682289529069749e+02 5.203098241299577467e+02 4.920738142976227891e+02 5.008709185251672693e+02 5.106596939739735603e+02 5.261803420444663288e+02 5.652755052262839399e+02 6.142217010462524058e+02 6.634441739004226974e+02 6.634397569177061769e+02 6.171066036062467219e+02 5.733272695027205828e+02 5.378261197082232457e+02 5.109385583004603859e+02 5.236711088296721073e+02 5.593131084891143701e+02 6.030206379038725117e+02 6.522956585511824414e+02 7.035432575414239409e+02 7.138841674901350416e+02 6.746705633215326543e+02 6.338148353863907687e+02 5.987882082817617402e+02 5.708073592769097786e+02 5.771632421980881418e+02 5.871063013186405897e+02 5.999481327878060029e+02 6.349570598382268827e+02 6.761860539288126120e+02 7.210858405951972827e+02 7.634247727670527865e+02 7.561875114571550967e+02 7.050393195267990905e+02 6.557931724888458120e+02 6.166602610265679232e+02
5.857175968473867442e+02 5.690708904292725947e+02 5.155543780042372646e+02 4.655440693535773562e+02 4.305213641059146994e+02 4.433437762842150391e+02 4.505168579295728932e+02 4.674112988032312614e+02 5.172343860038079129e+02 5.765724973711254506e+02 6.312957038284936289e+02 6.300971488563171761e+02 5.772376447358084306e+02 5.213028460919406371e+02 4.783957320782338911e+02 4.447168946084882464e+02 4.630437420004662954e+02 5.086293381661210447e+02 5.568756772263363928e+02 6.160956596500722071e+02 6.704123740546816634e+02 6.793958869565543637e+02 6.357676335519033728e+02 5.828748850305950100e+02 5.407335171290513927e+02 5.061154962547527703e+02 5.135992063857236190e+02 5.236136636765002095e+02 5.386494952804339391e+02 5.815502788234211948e+02 6.267160579443539064e+02 6.821583879315568311e+02 7.268334233595846854e+02 7.222910022104036898e+02 6.669293787791278874e+02 6.052681786364324807e+02 5.522814811161902071e+02
5.552738456725131755e+02 5.295831031412180891e+02 4.736089821607374688e+02 4.197127381945509796e+02 3.780931139304390172e+02 3.916632727904871558e+02 3.931301541650921649e+02 4.290531575275317664e+02 4.764767399302762101e+02 5.413247735801103317e+02 5.971769925890889681e+02 5.948591341825406289e+02 5.389589920657082303e+02 4.786216592528788283e+02 4.280770916678670801e+02 3.874816798293377929e+02 4.224572137754776691e+02 4.653533268299385099e+02 5.198468846859739187e+02 5.817842889235527082e+02 6.304600474050639605e+02 6.368818650519821176e+02 5.996253788050144067e+02 5.425237945615951958e+02 4.906982910788784125e+02 4.510877507659329240e+02 4.532894435236084973e+02 4.624588266663244553e+02 4.951332483954690247e+02 5.324981985494994206e+02 5.876878347441033839e+02 6.438676992831559573e+02 6.765545664344011811e+02 6.807637428522681375e+02 6.341202172284187100e+02 5.640411197142465198e+02 5.094871695862472620e+02
5.279512951427780081e+02 4.842410061952734850e+02 4.328402720615545149e+02 3.801305934732179139e+02 3.355785893666900961e+02 3.480372964529532283e+02 3.531141303940457874e+02 4.003316123019747010e+02 4.692893694980718351e+02 5.300353264862455944e+02 5.552305191641827378e+02 5.585774262714620590e+02 5.039399399653958653e+02 4.374709694928654926e+02 3.903204894410379779e+02 3.472014269930315891e+02 3.851022311327405419e+02 4.321939683119881010e+02 4.883814927738331448e+02 5.537857344667118014e+02 5.733917000827233323e+02 5.796632649840518070e+02 5.706847925355156121e+02 5.109450686278448757e+02 4.545492193343678764e+02 4.081901352508729701e+02 3.989711923774673892e+02 4.395987811347296770e+02 4.452290445696803545e+02 4.984874280234876096e+02 5.593251009713990243e+02 6.046983487627685463e+02 6.078640979791523478e+02 6.242388350752717088e+02 6.173805235898901174e+02 5.546253563925884009e+02 4.770266297003623777e+02
5.031567841440666484e+02 4.494432549230648419e+02 3.907420027424518594e+02 3.437514538721790700e+02 2.995742202780725734e+02 3.081744779334578084e+02 3.648096484285235874e+02 4.219554407081573686e+02 4.742692048931132831e+02 5.038031940942280471e+02 4.963033223399816052e+02 5.151398262773457191e+02 4.924490083713867534e+02 4.281399974449436172e+02 3.571728943467288673e+02 3.155479678479484846e+02 3.556622884955580162e+02 4.041017075897358382e+02 4.784259944375742180e+02 5.236403802922355908e+02 5.130268719069265444e+02 5.201229315574169050e+02 5.376865659945320886e+02 5.012353883686922700e+02 4.297648479417890712e+02 3.747320431907133980e+02 3.618943610161687161e+02 3.851228751304821571e+02 4.516444687987500970e+02 5.161850151029129847e+02 5.529245498394788001e+02 5.463917680483490358e+02 5.340462133233826307e+02 5.767720271826069620e+02 5.964045310087994949e+02 5.664093340428178180e+02 5.060030350857420558e+02
4.786498757340477255e+02 4.210682745717494413e+02 3.571496852314913326e+02 3.050178461411508692e+02 2.684445629396060440e+02 3.179463061966990836e+02 3.584191180593725221e+02 3.965287905951430503e+02 4.460269578211248245e+02 4.587603395828592170e+02 4.309978572264485592e+02 4.675433188355092966e+02 4.705852517240864472e+02 4.246565758911644366e+02 3.604323084148165321e+02 2.892952184568288203e+02 3.287935366979786522e+02 3.979243194766893907e+02 4.622354987476770702e+02 4.815783482510032059e+02 4.510104361063770284e+02 4.605891513336835601e+02 4.974036036515688579e+02 4.886629643437685218e+02 4.434408254959895430e+02 3.867154341890596356e+02 3.312783857182121778e+02 3.876858962225005598e+02 4.512439729822085610e+02 5.078083921123941309e+02 5.162770256463115857e+02 4.824413577444517500e+02 4.707141996412045160e+02 5.176661419180242092e+02 5.585249068605279490e+02 5.472828932846714451e+02 4.931017383297474339e+02
4.504396549295356635e+02 4.274545182253841631e+02 3.797065596937438272e+02 3.147926519864454349e+02 2.468347047844216888e+02 2.745265888866071577e+02 3.068720184281892784e+02 3.567752409738756683e+02 4.115183610340289988e+02 4.117361012537822944e+02 3.725497748181923043e+02 4.185937400997200939e+02 4.365034424457841737e+02 3.922517781068395948e+02 3.309291139455337429e+02 2.653261442687905856e+02 3.288193686669112594e+02 3.958874661778140194e+02 4.410255218125003012e+02 4.373215270031115551e+02 3.939064285659817415e+02 4.071993244038208672e+02 4.551341333167938501e+02 4.540673032793681614e+02 4.089936159169926668e+02 3.694326490492115340e+02 3.094226159824594333e+02 3.822193419496527440e+02 4.429086554799526994e+02 4.824224137274507598e+02 4.721281139021118065e+02 4.243035655207689274e+02 4.167289694197444874e+02 4.698514969830891914e+02 5.184893249973762295e+02 5.147445544156203141e+02 4.556997048495947524e+02
3.883054792826337120e+02 3.955345390423332788e+02 3.789961583378627665e+02 3.318386933927962446e+02 2.754684500536239398e+02 2.141009650061689626e+02 2.684810530237712669e+02 3.357114177559217865e+02 3.760476629799531452e+02 3.658486448373944881e+02 3.205830938760535673e+02 3.652236887658842761e+02 3.979783800137324192e+02 3.690182222989068919e+02 3.005960187430731594e+02 2.427996232266832237e+02 3.145370312547927369e+02 3.675592806306281091e+02 4.002597679898084380e+02 3.892937774913889939e+02 3.413902396978166962e+02 3.599130949556783321e+02 4.184282110815976239e+02 4.175677880809522549e+02 3.631514461021636180e+02 3.173007731893952723e+02 2.867205347884792559e+02 3.507986734195353620e+02 4.051708511164164861e+02 4.408272034096463585e+02 4.249666401431745726e+02 3.714190978895689454e+02 3.708523051928063978e+02 4.286111980278600413e+02 4.788797383024999590e+02 4.783442243899399955e+02 4.286516740109452712e+02
3.205672890795140688e+02 3.354876703060933778e+02 3.444122995281970816e+02 3.093283878200284676e+02 2.605342592585004127e+02 1.918873300160648512e+02 2.576058596269119221e+02 3.031687479506896352e+02 3.290913871528889558e+02 3.156756746106856895e+02 2.750312925429029178e+02 3.228599744902535917e+02 3.597501474255448102e+02 3.437970184477759403e+02 2.904513003766146539e+02 2.212672534245874374e+02 2.786471671627945739e+02 3.386504959352600963e+02 3.460502221352886636e+02 3.371981528952553049e+02 2.935212877501855928e+02 3.492383820694893757e+02 3.815469487735908274e+02 3.767345689655249998e+02 3.296509221458542811e+02 2.561815595742353935e+02 2.846525544854853820e+02 3.167819448851472544e+02 3.723760529864619002e+02 3.866175766431796319e+02 3.763655444189407149e+02 3.220034076224325759e+02 3.307395837938232717e+02 3.935279856163251111e+02 4.330789788552783648e+02 4.335341917440377983e+02 3.931347393152502718e+02
2.569479788410201877e+02 2.711633601978509205e+02 2.921423249989516080e+02 2.839726873703575052e+02 2.271743769339051369e+02 1.707683064328152511e+02 2.232447907480458014e+02 2.676662281927548861e+02 2.696386506483218568e+02 2.519527642934869789e+02 2.363387148095232533e+02 2.869310182584001154e+02 3.131162466159516953e+02 3.037366827108235157e+02 2.586513967302269066e+02 2.001195162669503986e+02 2.623502725630360146e+02 3.024852772846585935e+02 2.898542146732841616e+02 2.744273442374158662e+02 2.573677144574435829e+02 3.131559627057622492e+02 3.176586165132467841e+02 3.098023356166685289e+02 2.936978580019727474e+02 2.655967293005929832e+02 2.201873033317124282e+02 2.852508163775335674e+02 3.298199592088971031e+02 3.308347757735044752e+02 3.298172328742709283e+02 2.759177608805575801e+02 3.305164115719022107e+02 3.636058174205533646e+02 3.691354785087232813e+02 3.715971002117624380e+02 3.449076045517719535e+02
2.016182564144837386e+02 2.097799933490266824e+02 2.494837711323467033e+02 2.519282270583210277e+02 2.160542549239052335e+02 1.502707372453518531e+02 1.845801663195448441e+02 2.134632979406882214e+02 2.119392567378907870e+02 1.893006662999352443e+02 2.312871501783255326e+02 2.526540974486227356e+02 2.536776671988502585e+02 2.458688761359798320e+02 2.192725363938808130e+02 1.776894772336241886e+02 2.315563579959686820e+02 2.560258360085188656e+02 2.424699795454927482e+02 2.127166043958428361e+02 2.492703561264853818e+02 2.626159678790187968e+02 2.419319929264518123e+02 2.395625574234033479e+02 2.041353194694338811e+02 1.890121760181058903e+02 2.160808831955745291e+02 2.599482878822453813e+02 2.733594261481561034e+02 2.774949498706722011e+02 2.835626095174130228e+02 2.436385220369958802e+02 2.938701335474196981e+02 3.018156922526542871e+02 2.989824230392687241e+02 2.915091288289830231e+02 2.813720441226599291e+02
1.582247927092039106e+02 1.583322857585094425e+02 2.000840015812900106e+02 1.989767194866096247e+02 1.836596109640242105e+02 1.669040030465620532e+02 1.170809919965594759e+02 1.259022409193327832e+02 1.462695952687060128e+02 1.779862199400948271e+02 1.923760034829665528e+02 1.945185719003921463e+02 1.918064252262080629e+02 1.948511852830817759e+02 1.452631198698912272e+02 1.842814265262289553e+02 2.002887083953903016e+02 2.016900831770029470e+02 1.709765676948176463e+02 1.944402062140709972e+02 2.028517677412718569e+02 2.016469243540945229e+02 1.593521272094844221e+02 1.629846776658594933e+02 1.668474653801370096e+02 1.911592034498355588e+02 2.156116288460666510e+02 2.196276064380406012e+02 2.169255286235434426e+02 2.359134552004004490e+02 2.355270488788724776e+02 2.162197787121677379e+02 2.455312426935093981e+02 2.446566194894028854e+02 2.474628520715265267e+02 2.119034554996782163e+02 2.162043408405488378e+02
1.309222979632771455e+02 1.182351752317278795e+02 1.517289509565701451e+02 1.522303906255730794e+02 1.296100995277356560e+02 1.069348558842917640e+02 1.096136086083365484e+02 1.221749359327775437e+02 1.385585534414788924e+02 1.224278011714982597e+02 1.251110029520525018e+02 1.278497722943166934e+02 1.308950312037890455e+02 1.338982693353822526e+02 1.361327706726725353e+02 1.361327706793391883e+02 1.388944553039833636e+02 1.388944553106500166e+02 1.421428737353406007e+02 1.456416136304436577e+02 1.492010597416642668e+02 1.531529394044279684e+02 1.835177323736665471e+02 1.671062024996531079e+02 1.985657235941245062e+02 1.719404072578503815e+02 1.758865288250278809e+02 1.797540911881236809e+02 1.827945274521298984e+02 1.863633602756944185e+02 1.898077267872481002e+02 1.932931873639156208e+02 1.972128932793548302e+02 2.010807126343223104e+02 2.051706653757305219e+02 2.386889191718946392e+02 2.420464053720734228e+02
9.556561718184212850e+01 9.794598442632143076e+01 9.794598443298809798e+01 1.003650452575794247e+02 1.030791735044447819e+02 1.104539577451399452e+02 1.555932765576240513e+02 1.152479687521995402e+02 1.184470840000585952e+02 1.358214144165905282e+02 1.429391966591603875e+02 1.482402798962880865e+02 1.748630908379399784e+02 1.707171351661543213e+02 1.662900334674234841e+02 1.744390331770703710e+02 1.495261505674343141e+02 1.848356979945196770e+02 2.016393103683939216e+02 1.988395382077424358e+02 1.997396960614098589e+02 2.088262158925787162e+02 2.023539376200042170e+02 2.346343477941752269e+02 2.379081209638918892e+02 1.978945208329760135e+02 2.393867161631466161e+02 2.445490054937293962e+02 2.042799582811105950e+02 2.335156535944324503e+02 2.329666683249682535e+02 2.577845141446306911e+02 2.589248987679933407e+02 2.587895212742429862e+02 2.471122444064632191e+02 2.290949918064079895e+02 2.823854434939074167e+02
1.385622523996830182e+02 1.446525421948354904e+02 1.322777112406810431e+02 1.070488585593812161e+02 1.445062671470295186e+02 1.708494156191932802e+02 2.043701309941186537e+02 2.056494412266158918e+02 1.771263556094901901e+02 1.988382115127849090e+02 1.585661657810177019e+02 1.712445940689372321e+02 2.132043747845518453e+02 2.269723266199164300e+02 2.267320973753746500e+02 2.340848275368994393e+02 2.088749379780589095e+02 1.660029476179064716e+02 2.250954137960395656e+02 2.545697189365434383e+02 2.609702599974416444e+02 2.700400628938313616e+02 2.612409332650605052e+02 2.697096949733369797e+02 2.810676343794488048e+02 2.302122662901057026e+02 2.776036832481323700e+02 3.001432935639416542e+02 2.954332970330013381e+02 2.892595919350953295e+02 2.884358409367749800e+02 3.054543832617799239e+02 3.147590256723582911e+02 2.913731548791865862e+02 2.482877432208485402e+02 2.867929035112983911e+02 3.299694961463775371e+02
1.915967766985707215e+02 2.004389414672866110e+02 1.916973477798412944e+02 1.635569305563675755e+02 1.185436988766603577e+02 1.820301657815414842e+02 2.417876509881294282e+02 2.680343956684180853e+02 2.456964429096453557e+02 2.755593782184059251e+02 2.600651498303353719e+02 2.178103249681940383e+02 2.366547396028718993e+02 2.898011857012622272e+02 2.926371725289043866e+02 2.820302125613823137e+02 2.285681695948249512e+02 1.763716495248212368e+02 2.199235559381610301e+02 2.793533493789490763e+02 3.183479690981272370e+02 3.368658497261602065e+02 3.323852268196193336e+02 3.290670158202232756e+02 3.339311983654984601e+02 2.988525566047131861e+02 2.724330897193125907e+02 3.241111048751096746e+02 3.615592531195595711e+02 3.598109164295314031e+02 3.531166302766150693e+02 3.636114438712341439e+02 3.615831118516962306e+02 3.204489273669849467e+02 2.625832042154149235e+02 3.217216137873676303e+02 3.727957326285235808e+02
