output/field_example_lateral_ON/elevation_000001.asc
nrows	150
cellsize	66.66666667
xllcorner	0
ncols	150
yllcorner	0
NODATA_value	-9999
[rows 85 to 101 of 150, columns 0 to 36 of 150]
-1.512353554486879073e-03 5.468237000574643503e+01 9.420494518370020387e+01 9.294047033969691540e+01 1.255239658301981223e+02 1.550232573528194280e+02 1.417422086535624715e+02 1.281153662544251404e+02 8.533247906377475545e+01 1.021789035027882875e+02 1.547568873177900457e+02 1.940811087508861021e+02 2.216539501060592841e+02 2.299567717613641094e+02 1.992081067459632777e+02 2.155253452399735750e+02 2.324451813658645278e+02 2.513781455920024541e+02 2.961104725871518326e+02 3.284962587396049685e+02 3.497002933121031560e+02 3.757914961115608321e+02 4.050394981376029477e+02 4.222386933050761399e+02 4.257398153325304975e+02 4.474108469434083304e+02 4.626505951313908440e+02 4.709515759901771048e+02 4.698849975762860254e+02 4.583724911544967995e+02 4.365853368413185080e+02 4.136037153129872763e+02 3.883066573417266341e+02 3.585926603165244728e+02 3.278469812251393591e+02 2.979840127002642021e+02 2.700204382925282971e+02
1.608188810593525224e-03 4.806012276270400463e+01 5.951508081328221778e+01 4.680925823397053165e+01 8.066631142103035756e+01 1.091893887152344575e+02 9.791944187047714365e+01 6.141781063313232636e+01 1.192576596668091469e+02 1.586748165578214298e+02 1.954679440114948932e+02 2.351454185485572452e+02 2.692064175124804706e+02 2.767075343283743223e+02 2.554407721578022290e+02 2.772707548423530284e+02 2.847155064212805655e+02 3.100543551596326779e+02 3.265821641670323743e+02 3.586808581123885347e+02 3.826231985643732969e+02 3.998568113948828113e+02 4.200902931581647408e+02 4.415354084278366713e+02 4.471065810670629048e+02 4.604737961825933326e+02 4.708288444564080351e+02 4.716106528465490442e+02 4.616651678367046543e+02 4.421839303035073954e+02 4.192975832575480126e+02 3.903512953251042177e+02 3.645656551662289644e+02 3.450942599180111756e+02 3.247636818096224260e+02 3.029152982500808662e+02 2.812298774367531564e+02
1.163002409223213261e-03 2.599532624358182886e+01 7.529171758064615361e+00 3.221003167139118162e+00 4.472746315628213409e+01 6.224978933708776196e+01 3.575613517127253260e+01 9.852127044391772870e+01 1.522175255645881577e+02 1.989543061458358011e+02 2.374745324413928245e+02 2.712482303765957568e+02 2.975234951393958909e+02 3.110023096089145724e+02 3.103388977986562054e+02 3.240326270362190257e+02 3.345489242265294934e+02 3.515841792421056198e+02 3.696083504015460335e+02 3.897352115007361704e+02 4.104402325729550398e+02 4.272113698930470491e+02 4.394434185570680711e+02 4.535633536942693809e+02 4.646749874627430472e+02 4.717610718076878698e+02 4.743963976879846314e+02 4.657124160163081683e+02 4.469046872060631017e+02 4.247407828001037728e+02 3.965158570045609281e+02 3.672193241856369355e+02 3.341133853992457148e+02 3.062232804971521887e+02 2.856602969265921388e+02 2.644926665718471668e+02 2.390882606103056389e+02
1.159978335539736064e-03 1.603855588395651788e+00 3.221003160472451388e+00 9.322280664559825070e+00 5.365568115873707633e+00 1.487819769459691877e+01 5.759063390400567073e+01 1.008289070633318403e+02 1.481645857406465723e+02 1.951486930067857202e+02 2.355124862862240604e+02 2.683683757468757562e+02 2.833948237596558215e+02 3.006579988281194460e+02 3.160588063330131945e+02 3.330230431679000276e+02 3.421863063925255801e+02 3.582414458767815972e+02 3.771563681716519341e+02 3.971858746823314164e+02 4.160736784283520251e+02 4.343568094566792865e+02 4.521012424454561369e+02 4.655346820956665965e+02 4.739172920929023576e+02 4.771096631440758529e+02 4.703444947873555861e+02 4.538151388040292886e+02 4.316507564457881472e+02 4.030895260279549461e+02 3.738090512691166509e+02 3.404421774266290868e+02 3.075608530881037268e+02 2.724220228090495084e+02 2.432623345253323066e+02 2.208257851242844367e+02 1.969614553628836120e+02
8.193157009185191193e-04 5.702634492111663889e+01 7.864170089245338602e+01 6.970821488920273623e+01 2.163274782613238401e+01 7.542611990917674980e+00 4.294739173505797680e+01 5.736890675808756157e+01 1.096981232559520691e+02 1.548306504706175986e+02 1.966274680184053807e+02 2.321753249673299990e+02 2.271170716933721110e+02 2.497483878769783416e+02 2.735859151439875632e+02 2.996573922006800785e+02 2.982306379565418410e+02 3.205589987458316727e+02 3.457400867212720641e+02 3.709963015326939058e+02 3.901702701697195721e+02 4.199288741951907014e+02 4.469533349808652360e+02 4.656897134281239232e+02 4.738095853416438104e+02 4.731376578397470780e+02 4.601164884798051276e+02 4.397444106033027538e+02 4.125015750917403921e+02 3.822600853611981506e+02 3.478785288291707047e+02 3.146950656434732423e+02 2.788204727225586339e+02 2.442476957108497970e+02 2.084937673555737376e+02 1.794291203023926755e+02 1.538441348022087141e+02
1.311864887333481691e-03 6.444122281136803565e+01 1.163451099843227610e+02 1.144671185615241171e+02 7.139436603454616659e+01 1.226004240750616425e+01 9.750115008545188644e+00 3.894457497474385832e+01 7.498464221919476813e+01 1.179379973732242632e+02 1.583884020854813173e+02 1.866328619321418216e+02 1.670246944759929306e+02 1.934514429377934164e+02 2.245726013198428745e+02 2.532137474258392729e+02 2.459016601012579315e+02 2.765797184708437157e+02 3.090889161542800707e+02 3.430744790695337088e+02 3.829444749291494077e+02 4.195255164223380575e+02 4.471528231409076852e+02 4.598972350408184866e+02 4.626952651405221104e+02 4.647346959053271576e+02 4.481950825449773674e+02 4.222527591847273811e+02 3.924700106127395429e+02 3.583576770525509687e+02 3.232707715626960407e+02 2.863563868677147752e+02 2.518280321877437586e+02 2.143751591879043872e+02 1.791883715526467427e+02 1.452317660932646106e+02 1.162849285556399934e+02
7.057974232422931874e-04 6.612003510300235121e+01 1.287147955763036009e+02 1.499686994014554386e+02 1.126354430512139402e+02 2.036781679484974461e+01 1.133446971528029223e+01 4.238375404883505837e+01 7.044695350390738042e+01 8.886905410795938565e+01 1.170656612953185061e+02 1.351954235545468350e+02 1.130752626995304979e+02 1.415528108603955673e+02 1.710530226942066179e+02 2.030135789595012454e+02 2.588931973883201181e+02 3.118159659036058429e+02 3.466359586753999906e+02 3.749865111213081263e+02 4.024787845455584829e+02 4.277422795806305089e+02 4.439037089508806275e+02 4.423098449588831613e+02 4.452164718983773923e+02 4.534266152609594087e+02 4.368989222769999401e+02 4.048549630627257443e+02 3.694190220761061596e+02 3.340307918415732047e+02 2.964703465133007967e+02 2.591624005040713428e+02 2.225455936528732650e+02 1.874436054595821304e+02 1.466870189921099836e+02 1.143267520574847538e+02 7.008956691287852436e+01
1.125106688245767735e-03 6.064431705357095836e+01 1.249415827973005548e+02 1.731016398178803684e+02 1.543011772207316312e+02 9.572690893621461328e+01 5.062146129538376016e+01 1.397141122859309625e+01 4.280410003745875258e+01 4.953347290901486133e+01 7.381325411125845903e+01 7.290440999469612393e+01 1.454124353528791858e+02 1.951921783465713816e+02 2.296247024125966050e+02 2.609244070656132521e+02 2.938875781206929219e+02 3.265532340040715553e+02 3.554280724302925591e+02 3.779825391355149122e+02 3.999166902044530048e+02 4.193569784916766139e+02 4.269771952374777584e+02 4.162070740307335086e+02 4.237674631025827807e+02 4.419172918882948693e+02 4.276109396825667091e+02 3.877025755826261388e+02 3.464181461768365011e+02 3.066727016706045106e+02 2.697522570432764724e+02 2.314531607335947854e+02 1.927363483206763988e+02 1.593384493583548078e+02 1.214157518427073370e+02 8.100111946873403213e+01 6.748089407225097602e+01
1.177686149124846857e-03 5.920735259000614548e+01 1.240656952876501009e+02 1.827013640943831660e+02 1.906447991552524854e+02 1.452177635826751327e+02 9.348210595182376892e+01 3.652422149371698623e+01 1.619937914474819962e+01 1.851661045993762045e+01 3.557972716205300401e+01 1.024608153909151724e+02 1.557087100804027955e+02 2.122145583961641933e+02 2.536340537182647665e+02 2.863952948639579290e+02 3.038355008106325386e+02 3.010704594298387065e+02 3.199978694810060915e+02 3.437699822615685434e+02 3.705347278559419237e+02 3.965463918400845387e+02 4.005241314755285202e+02 3.867189906157023529e+02 4.119860390247959003e+02 4.278899425357279256e+02 4.121980626822429485e+02 3.758545424461270272e+02 3.228180596076350639e+02 2.790537684830749754e+02 2.397554279204821057e+02 2.039783775416759113e+02 1.666166350697458540e+02 1.232925490302146159e+02 1.005297457821049107e+02 6.748089406558430881e+01 8.129835035794995690e+01
1.509351160949969420e-03 5.775841151154375552e+01 1.214420920094921854e+02 1.852717904886063138e+02 2.182516215536343509e+02 1.932833790796347273e+02 1.366033375841392115e+02 8.511803711792404670e+01 1.619937915141486684e+01 1.983721493184798490e+01 4.803162680823048447e+01 7.614427497836260272e+01 1.403115418141568114e+02 1.867504941204605302e+02 2.270962221498987788e+02 2.659851576668874600e+02 2.722843745613782858e+02 2.462312164247316275e+02 2.716637345095248861e+02 3.036100975383296827e+02 3.410136079742374591e+02 3.650543614426289309e+02 3.630854955795879846e+02 3.605466404654848134e+02 3.995441090753505478e+02 4.077244535301464339e+02 3.849072504997798774e+02 3.509132653245454776e+02 3.070885201320488136e+02 2.505574873899243471e+02 2.092309884640537234e+02 1.725651528223205275e+02 1.386740750730395746e+02 1.212546998983472406e+02 6.571893076508695231e+01 7.672316778115870761e+01 1.031110097404588402e+02
1.527203883057584501e-03 5.536705503028277064e+01 1.156971007655401280e+02 1.797399225388433024e+02 2.316617396985696189e+02 2.254985850056937124e+02 1.743839547579977989e+02 1.183729566626770406e+02 6.745657764644386134e+01 1.964695101958868761e+01 3.428422545526008491e+01 7.301789380841734101e+01 1.088193545938547544e+02 1.474280262178683358e+02 1.914511922824111991e+02 2.289298325816480428e+02 2.259283677080616997e+02 1.947516483766729607e+02 2.286983622504214964e+02 2.729836580385765501e+02 3.146343388453780108e+02 3.219169340077266952e+02 3.194287705257107177e+02 3.639829723515938440e+02 3.905159320463590689e+02 3.820038053786742580e+02 3.520432050805467838e+02 3.170614935592459460e+02 2.760533093022422690e+02 2.296192158104798011e+02 1.786072187157061819e+02 1.428213192773020808e+02 1.086938487699321030e+02 7.948785899638518515e+01 7.361929723372844592e+01 6.571893075842028509e+01 1.115372929313412413e+02
1.080560317828887281e-03 6.583062540258016782e+01 1.179263552100195653e+02 1.803524585378075358e+02 2.387339913319882783e+02 2.509611552693787075e+02 2.076569590628910760e+02 1.533097796958343793e+02 9.426898954825290389e+01 4.382093783212858540e+01 2.268619974565856268e+01 4.790977547470314590e+01 7.621298881061770203e+01 1.113025651946811507e+02 1.517974729428435410e+02 1.803297301878392318e+02 1.645132806023014496e+02 1.522096318971335052e+02 2.022957377367726792e+02 2.450165792254324231e+02 2.764116902954362445e+02 2.744658950722330246e+02 3.244134590006069629e+02 3.628084090076407051e+02 3.680654341716315798e+02 3.435539473316634371e+02 3.101123685411461111e+02 2.764275060540749678e+02 2.430183312730479770e+02 1.960129198311797438e+02 1.537025390052808120e+02 1.171512921814589419e+02 8.925838543647891754e+01 7.476100950965003733e+01 6.372135368256469690e+01 9.451686773802163088e+01 6.571893076508695231e+01
1.182437268099273409e-03 4.031011149079190403e+01 1.048329629806092242e+02 1.724269291946301905e+02 2.378752285194247804e+02 2.711973256484452008e+02 2.453678347273416307e+02 1.870812381683660419e+02 1.261262464322298911e+02 7.973745376566517962e+01 4.877258024790639723e+01 2.481890949105945410e+01 4.956006241686115033e+01 7.648908742591429188e+01 1.136210274786542556e+02 1.250784973880567463e+02 1.007016951085964820e+02 1.573771691088911382e+02 1.957716831406640381e+02 1.967940401390528962e+02 2.282836498543586004e+02 2.877819791893593333e+02 3.312758498393121158e+02 3.455770957579486549e+02 3.353098606651414570e+02 2.988464517766753943e+02 2.598176797679623746e+02 2.242797009342496892e+02 2.224112549135240897e+02 1.628718835956154294e+02 1.190812223921686552e+02 9.620118477558477821e+01 8.637193856181724527e+01 6.206972720058615778e+01 7.033417045538189427e+01 7.265083592885960684e+01 1.284045723772902363e+02
9.049596236487619664e-04 6.634400060708911440e+01 1.079796912936969306e+02 1.649008062352602337e+02 2.274269478058749598e+02 2.797708016947539704e+02 2.725329004629201677e+02 2.202122331157839881e+02 1.630408949132179828e+02 1.152709976385353201e+02 7.530861563471451348e+01 3.785962198134767931e+01 2.676417406594920934e+01 4.415751164093619252e+01 7.163635281571821167e+01 6.471422210386104723e+01 1.174002717357624448e+02 1.306350693070326372e+02 1.571979362093753423e+02 2.206069935063520404e+02 2.645375304833943346e+02 2.954842208427396599e+02 3.077292913733825230e+02 2.998747246858414996e+02 2.922278613937068030e+02 2.529036593328054323e+02 2.113388978905705642e+02 1.732014066767770544e+02 1.829587736900535901e+02 1.417798804594577859e+02 8.337344890018742660e+01 7.631963161522308781e+01 6.023598586267896593e+01 8.226005367681494818e+01 9.188975041569840130e+01 1.542144755194242407e+02 1.720921230492714926e+02
1.231185342675230297e-03 6.864770358203033140e+01 1.386868009952785599e+02 2.000846499798414868e+02 2.540420043219948809e+02 2.962154706705436524e+02 2.982282908440681126e+02 2.552870564877928246e+02 2.048464926173737126e+02 1.529276133524680574e+02 1.097097039751522090e+02 7.286284054280118028e+01 5.753404914550359450e+01 2.738008838437884762e+01 3.343898891394719186e+01 5.783667110980250214e+01 1.161563593379852222e+02 1.521090387948800924e+02 1.797547499503205586e+02 2.171589243902618875e+02 2.484894895216083057e+02 2.598983761826612522e+02 2.533489077682903030e+02 2.400441855294481570e+02 2.369258472873202663e+02 2.037375500264317907e+02 1.652724105520212845e+02 1.277585900487434287e+02 1.338774132616658505e+02 1.055140364657729179e+02 8.036230196935953529e+01 5.794530449638989467e+01 8.350223694039068789e+01 1.026518385407600249e+02 1.451074385479856801e+02 1.879120542835263166e+02 2.219684996546859566e+02
9.896722994165653604e-04 6.683084751383503885e+01 1.390206299586996295e+02 2.027547401926789803e+02 2.566551952755380626e+02 2.998317196695707594e+02 3.180411310272928631e+02 2.945405210877079298e+02 2.457464884982059345e+02 1.971646978172390448e+02 1.469618434111253578e+02 1.050358889277150780e+02 6.700063666674388685e+01 3.912918403015429902e+01 2.846367577036760821e+01 3.003343172360496638e+01 9.155078070295716941e+01 1.060275563062028965e+02 1.175933408143983456e+02 1.585867081029366545e+02 1.929276941875275213e+02 1.941665222893688849e+02 1.892279618802983805e+02 1.753326242695803785e+02 1.622636650282426274e+02 1.513448213438293521e+02 1.146478671429785265e+02 1.079872322433595571e+02 7.408319851513050480e+01 6.183947097899978473e+01 5.543276074148902666e+01 6.810437806067230326e+01 8.581086406926804955e+01 1.335410152466220666e+02 1.817985233258737026e+02 2.243135061118339308e+02 2.562360153924110477e+02
8.648306943397510854e-04 5.286781294330160819e+01 1.113823967881324393e+02 1.736187747787858768e+02 2.275149401984103577e+02 2.813087577244530166e+02 3.181482594490609017e+02 3.200135338074950937e+02 2.895194098118074635e+02 2.378369156211996085e+02 1.858269696893840432e+02 1.411426006795836372e+02 9.898965479933417555e+01 4.342275659808202448e+01 4.742461044156332406e+01 3.282265678856663271e+01 3.169354869103221617e+01 5.011612604742591515e+01 4.183346492665360472e+01 1.044112109173131131e+02 1.215388813634389891e+02 1.212128344188423625e+02 1.252691624471291902e+02 1.285554066403222748e+02 8.797149918904611354e+01 8.829514045269093003e+01 7.966924856692101287e+01 4.912284134068227814e+01 6.136039660283310582e+01 5.249706838248287255e+01 9.091384352112952172e+01 6.817846373957542028e+01 7.845598996879883202e+01 1.345447668411931943e+02 1.750152466913427816e+02 2.167105306605947703e+02 2.597103034174161849e+02
