output/field_example_lateral_ON/elevation_000042.asc
nrows	150
cellsize	66.66666667
xllcorner	0
ncols	150
yllcorner	0
NODATA_value	-9999
[rows 34 to 50 of 150, columns 74 to 110 of 150]
6.254736916746940096e+02 6.909336868586556193e+02 7.477991362198646357e+02 7.442677548353733528e+02 6.875440650378358214e+02 6.283777488626761851e+02 5.829675492321257479e+02 5.450668299430353727e+02 5.708769132658527496e+02 5.375787311744296630e+02 5.955167706343659120e+02 6.446796603839216004e+02 6.504096691284630651e+02 6.102515712303548980e+02 5.719142314895610753e+02 5.507120400233687860e+02 4.982468196648679850e+02 5.341813973852458730e+02 5.638035294187320687e+02 6.181028218127950140e+02 6.845512135596226244e+02 7.392753559709033198e+02 7.231643571455210804e+02 6.681689209243651248e+02 6.121019198620816724e+02 5.629325911773782991e+02 6.136591404638437552e+02 6.723386596663365253e+02 7.175917533223282589e+02 6.946757697225993979e+02 6.387394093388259080e+02 6.443753466678750783e+02 7.074259321101189926e+02 7.792930850154351674e+02 8.135105490712603569e+02 7.739284772837958144e+02 7.180028890860965021e+02
5.881357724471777146e+02 6.562103738620238573e+02 7.151395354650207992e+02 7.103212453342923709e+02 6.503877968615975078e+02 5.877904298452091325e+02 5.370619164242094712e+02 5.003385107538397847e+02 5.227789527777432568e+02 4.988462725369509485e+02 5.547289874437988146e+02 6.058399887271252737e+02 6.051041045247895909e+02 5.618497066462521161e+02 5.201847262770162388e+02 5.209028942855057949e+02 4.751155257668389709e+02 5.032753662717517500e+02 5.609419523689022071e+02 6.261366814250242214e+02 6.895632470501154785e+02 7.095799743851828225e+02 6.762136953662135284e+02 6.183079702864031333e+02 5.686109885455264248e+02 5.254397323423455646e+02 5.754157470219937522e+02 6.405360923466437271e+02 6.762738950228578005e+02 6.446757879989235107e+02 5.836705491941103219e+02 5.961506811627809839e+02 6.681467004818061923e+02 7.450676482077328728e+02 7.785164676369762446e+02 7.367375647593573831e+02 6.770745481148459248e+02
5.555340062446010734e+02 6.256983201879318131e+02 6.872486495387781815e+02 6.810794263984081454e+02 6.183051112220907726e+02 5.551127732961062975e+02 5.057260945927291687e+02 4.658248501951167668e+02 4.741179887036307719e+02 4.673642869623697607e+02 5.223013174773057017e+02 5.714952399211284728e+02 5.626039011593812802e+02 5.178092973841304456e+02 4.736575127670259349e+02 4.806172858108089372e+02 4.551846664017201647e+02 5.055513323133927770e+02 5.658470047972678003e+02 6.326462626814141004e+02 6.865222785427773715e+02 6.769529655417971981e+02 6.190571257615072227e+02 5.614568176795709178e+02 5.086053571899732333e+02 4.939180513428640893e+02 5.643957044090742556e+02 6.270186724196520345e+02 6.412771034129218606e+02 5.940691104796352420e+02 5.329023537466543985e+02 5.974600394555047842e+02 6.618715533984060357e+02 7.207337878468822510e+02 7.458957687644708585e+02 7.043144622522952432e+02 6.414331870649317580e+02
5.247771724535099338e+02 5.996224115610700665e+02 6.666486124594982812e+02 6.588494421838204289e+02 5.899291816353969580e+02 5.252344419264081807e+02 4.782105160532289005e+02 4.444203357148526834e+02 4.263148029857946426e+02 4.730080522743980396e+02 5.145841647534831509e+02 5.385983519914141198e+02 5.209351384307332182e+02 4.789310202901547200e+02 4.337915807737450677e+02 4.280840281954390321e+02 4.668329948207708640e+02 5.214657536903400796e+02 5.854920165461762736e+02 6.505101548229071113e+02 6.800224063168149087e+02 6.471728325472943197e+02 5.754141492868063779e+02 5.051362369943603881e+02 4.504573515151320180e+02 5.010729089885389840e+02 5.499239154351571415e+02 6.050314286063811551e+02 6.096003303595529133e+02 5.568512978059129637e+02 4.947104131111963170e+02 5.589340763605139273e+02 6.220117090425680999e+02 6.862472227498477650e+02 7.094601821381693298e+02 6.711189285928128356e+02 6.294002296052894962e+02
5.640629573353190835e+02 6.199728463952834545e+02 6.681967339331212088e+02 6.563395794182044938e+02 5.930858723250117919e+02 5.316747610124161838e+02 4.847531121565290846e+02 4.518933548921629040e+02 4.051091515046188647e+02 4.360006107530801955e+02 4.772913530435487246e+02 4.948392141375231859e+02 4.737953295171748778e+02 4.449444075329413977e+02 4.008733056609067944e+02 4.576812173635994441e+02 5.028000408866777207e+02 5.439167032997918341e+02 6.042875703799717257e+02 6.565721080291330054e+02 6.599885499994690008e+02 6.107600931423853581e+02 5.568475768900085541e+02 4.941451778563027233e+02 4.219695837336085447e+02 4.694026861373196198e+02 5.334452849185433934e+02 5.815014112740125256e+02 5.797451835803417453e+02 5.238033698543717946e+02 4.599191519866403723e+02 5.190702311897192658e+02 5.859403188545870762e+02 6.511296125813216804e+02 6.722298330510395772e+02 6.297508506086087436e+02 5.790470077727749185e+02
5.493387972213487274e+02 5.940032866375015601e+02 6.553220708175996378e+02 6.543436286479150112e+02 5.911592831012940223e+02 5.277090923057126020e+02 4.763092974624423732e+02 4.336707864122122373e+02 3.998217420491969278e+02 3.787978696166966870e+02 4.340211987123672657e+02 4.442974967058514721e+02 4.362423991397031955e+02 4.052696191865856576e+02 3.839838318054261208e+02 4.566972176755451187e+02 5.279292481726785127e+02 5.814544984512651808e+02 6.218270689663048643e+02 6.449935390392332692e+02 6.296452421010421858e+02 5.790605335977471668e+02 5.094195923451152339e+02 4.475664373648925221e+02 3.972720196687383236e+02 4.560166330607901273e+02 4.992357268960312808e+02 5.479316415944950904e+02 5.501054373442360657e+02 4.902350581240625047e+02 4.279353192249791391e+02 4.857650457602716756e+02 5.516059929878830417e+02 6.179748451283034001e+02 6.386955083105785889e+02 5.923419649974949834e+02 5.359850998654051182e+02
4.961037954875513947e+02 5.723893324521068280e+02 6.426258088906724879e+02 6.619193892562265091e+02 6.184196606045778708e+02 5.630986254691002841e+02 5.146494933550090991e+02 4.707945520879158039e+02 4.220052624629888669e+02 3.587562350649649829e+02 3.896452367969436068e+02 3.952914733333021786e+02 3.893711508340429646e+02 3.577709936847299446e+02 4.180811576081065937e+02 4.772887806451429356e+02 5.395815624120583607e+02 5.776319957879244384e+02 5.977446739565472171e+02 6.023647005947348134e+02 5.725419690022383747e+02 5.627989308485338142e+02 5.078152977896374409e+02 4.408875789482049186e+02 3.747706372902360954e+02 4.040293420712712873e+02 4.528855550945008872e+02 5.115949887458099283e+02 5.226979176220654608e+02 4.733499729527343902e+02 3.986424865897260474e+02 4.499284217262256220e+02 5.179756631328946241e+02 5.888621554569574528e+02 6.108500457651956594e+02 5.612623669469022616e+02 4.990375364846296975e+02
4.838178411266001149e+02 5.589951446842650284e+02 6.316478386451601637e+02 6.583109404995924478e+02 6.110201636729733536e+02 5.503226352200301790e+02 5.088464476194138228e+02 4.646391713771089940e+02 4.248366473720643626e+02 3.834211504976520359e+02 3.305016722431464018e+02 3.535344098209627077e+02 3.299683160640428241e+02 3.886787076692102687e+02 4.495531419317024415e+02 4.981281715342639131e+02 5.260560782759807807e+02 5.249166953411669283e+02 5.356253794312771106e+02 5.452758128368004691e+02 5.100885518489611172e+02 5.250828449997605958e+02 5.081330108856444099e+02 4.533849024229332372e+02 3.927985980555110928e+02 3.425683218997956487e+02 4.109690178651897554e+02 4.795732879794117594e+02 4.934358815525196746e+02 4.400745596648552578e+02 3.715114072416221802e+02 4.450901370256601695e+02 5.054536318950591181e+02 5.670917825710690749e+02 5.859272996824466873e+02 5.599960197336355350e+02 5.024871175638721184e+02
4.745373484685595713e+02 5.486931874148290262e+02 6.215992707543454117e+02 6.492400196597627655e+02 5.980240081466188258e+02 5.301321571990578150e+02 4.655683004215702567e+02 4.153401685063590207e+02 3.725744681502205253e+02 3.641174419935294395e+02 3.351537317271649385e+02 3.022539206907949279e+02 3.636606045622591523e+02 4.157414065911374905e+02 4.627912548293756458e+02 4.872670324682329692e+02 4.741215395157506691e+02 4.569362257833882950e+02 4.687886990518795756e+02 4.871479007994096833e+02 4.503305968642029029e+02 4.640122657589092796e+02 4.784538906281216555e+02 4.486246662862181438e+02 3.846437400215790490e+02 3.193206474782668352e+02 3.959730995231022348e+02 4.552315864807683283e+02 4.664411649641924100e+02 4.127490832359555384e+02 3.458486342294570477e+02 4.089329644233873751e+02 4.840075106613772959e+02 5.327107782539195568e+02 5.362453654500958464e+02 5.332185646959237602e+02 4.871740737552551082e+02
4.686104426545814476e+02 5.410499525830823586e+02 6.136005764718736373e+02 6.460553861328099856e+02 5.981323582706064599e+02 5.302951085223040764e+02 4.658251126345742250e+02 4.102288203456919291e+02 3.606163484911895125e+02 3.135541350757972054e+02 2.819594864639879574e+02 3.179738491374996556e+02 3.621782265993647343e+02 4.101024787323841565e+02 4.478692089351362142e+02 4.527075599991026706e+02 4.119913561585904063e+02 3.890353965174904829e+02 4.075235346598740307e+02 4.317578294041143749e+02 3.976373507114929566e+02 3.961734833938597831e+02 4.314177581217755915e+02 4.238931485352982804e+02 3.655661160686462381e+02 2.979930922555391248e+02 3.631257640422185204e+02 4.269487850389680830e+02 4.376937565829329628e+02 3.871563477559315629e+02 3.230215867746259732e+02 3.957398002707219575e+02 4.490068009434759801e+02 4.840863225635125673e+02 4.751143554879036515e+02 4.865617589946551789e+02 4.565765599777055286e+02
4.657394229083084838e+02 5.343199830071800989e+02 6.031770060612793714e+02 6.460495422701959569e+02 6.152110636732801368e+02 5.514172441605512631e+02 4.836848873893625296e+02 4.252059884186228373e+02 3.763277403911629904e+02 3.504201618766427941e+02 3.181549825701249006e+02 2.628239003611065527e+02 3.243231531655223421e+02 3.714717999849721650e+02 4.097803611050656514e+02 4.087343295460786408e+02 3.704023466465525871e+02 3.246655929089561141e+02 3.682380247969766742e+02 3.729507490934952330e+02 3.687139179298698650e+02 3.285686990445859124e+02 3.817059183848698467e+02 3.887211920901987696e+02 3.485643072527435038e+02 2.781960975972234564e+02 3.496217828476075624e+02 3.979798943510036793e+02 4.016138236865500630e+02 3.608411045097365104e+02 3.008994855520447231e+02 3.595047570397077834e+02 4.145360024398375458e+02 4.230346448332909404e+02 4.097934959589903769e+02 4.263432003612402355e+02 4.280865045299672147e+02
4.886906406465773216e+02 5.535601050968942900e+02 6.136047427140748596e+02 6.348575467364941005e+02 6.145694708606888526e+02 5.776169730311286230e+02 5.286264068167157575e+02 4.717678830518514701e+02 4.280183689495606814e+02 3.782892410196967035e+02 3.144544723166843596e+02 2.488908589803793063e+02 2.857219835401204477e+02 3.255963152365129076e+02 3.588426843079005835e+02 3.496784726524250004e+02 3.301913517407355130e+02 2.777164708548215231e+02 3.101266673940155556e+02 3.072102617722568993e+02 3.098866004938323613e+02 2.790146375972072406e+02 3.265026630012440592e+02 3.343697071615431469e+02 3.167654353524521298e+02 2.573880362092534710e+02 3.169738472221388292e+02 3.467590929230815959e+02 3.462577620894416555e+02 3.355556692514206247e+02 2.810580063733279985e+02 3.335905750407716255e+02 3.664944002408348069e+02 3.645401509504884530e+02 3.483442640312376284e+02 3.668039766454882056e+02 3.753991734914831682e+02
4.966338808480149396e+02 5.637967878986007690e+02 6.029998141763672947e+02 5.938931624369960218e+02 5.619483448638846994e+02 5.716243409509812636e+02 5.511262095726813186e+02 5.109473390797217007e+02 4.658953524174971790e+02 4.144870449512785058e+02 3.570344802496595094e+02 2.945131251962681063e+02 2.286676623010942819e+02 2.778613422562682445e+02 2.985521584042740528e+02 2.882518326066873442e+02 2.734245963413304139e+02 2.451386906373433590e+02 2.273720657907859675e+02 2.466527281305176871e+02 2.292449220167780481e+02 2.470443121457161340e+02 2.642681800148222351e+02 2.830369478770464298e+02 2.287419356839567968e+02 2.460303381531228410e+02 2.837673513131730942e+02 2.551796241837954256e+02 2.929430322015118122e+02 2.969167346387606585e+02 2.623289250876025562e+02 3.022682747038019784e+02 3.105897677165305026e+02 3.173311009996909888e+02 2.966601673476337737e+02 3.213285955320470180e+02 3.218092943794125063e+02
4.892875597767502995e+02 5.509435679568059641e+02 5.662876236434082102e+02 5.325208696307951186e+02 4.940101641931775021e+02 5.314279357196305682e+02 5.366082980485206235e+02 5.059516912882191946e+02 4.670402784964464331e+02 4.250653515045640347e+02 3.772507232955431391e+02 3.267924631358941951e+02 2.728979884320030465e+02 2.049989795577745326e+02 2.604588936667338999e+02 2.493925995445536046e+02 1.965323451353237658e+02 1.999051984807981341e+02 2.034400793911992196e+02 2.071623787986099217e+02 2.104150648256894840e+02 2.140140091536545981e+02 2.174120853103599416e+02 2.174120853170265946e+02 2.210952164935409883e+02 2.251403040522478136e+02 2.291324109591019464e+02 2.331139102703503170e+02 2.375648597195220475e+02 2.415047853355944198e+02 2.451874831350634167e+02 2.495339164316017389e+02 2.538542843711610999e+02 2.581925185133594596e+02 2.615144564303746506e+02 2.655122092848480975e+02 2.693657419981766452e+02
4.881965754568375928e+02 5.253311133257410575e+02 5.227864009397213749e+02 4.778402745519525183e+02 4.305266894348576443e+02 4.824124413185591607e+02 4.976893318199597616e+02 4.614734936469897661e+02 4.229349261215578508e+02 3.856177658874073586e+02 3.494419605173025616e+02 3.187788805445462685e+02 2.689752088430847152e+02 1.897814144869967379e+02 2.275816456844738127e+02 1.893133009186432218e+02 2.381429536334513557e+02 2.156287054650610457e+02 2.602757702526171784e+02 2.696116860693632020e+02 2.660121524399407917e+02 2.759917313638554788e+02 2.471140380101653307e+02 2.793037489724414968e+02 2.822901418926448969e+02 2.806613156513224112e+02 2.427152267492097053e+02 2.820709292906043970e+02 2.884955064337272574e+02 2.619494044853250898e+02 2.875254430688826233e+02 2.981352025099670300e+02 3.034350777371142271e+02 3.139949552893602345e+02 2.829468633723355993e+02 3.105161599744258751e+02 3.123144494025715971e+02
4.616737843330743658e+02 4.714003985596349366e+02 4.732141563402505540e+02 4.270210891623744942e+02 3.751938745227667482e+02 4.345608491321738711e+02 4.559256317099859075e+02 4.176882168438722829e+02 3.722078621867444781e+02 3.342129736220743439e+02 2.959017691335321274e+02 2.624094104343618596e+02 2.467913742795698226e+02 1.777266133363586391e+02 1.818721381180125434e+02 2.345862942085664429e+02 2.732952831366286546e+02 2.533448434259104260e+02 3.012651277174259121e+02 3.275405045742755306e+02 3.213926615223439285e+02 3.226545351524255238e+02 2.822215584849679431e+02 3.208187681500094186e+02 3.329278082050045100e+02 2.954100184608934114e+02 3.204267820132346287e+02 3.423390237710895008e+02 3.403456001990869026e+02 2.918434465028690852e+02 3.337106682508096469e+02 3.571202619817090067e+02 3.620975077789773877e+02 3.616732852653802297e+02 3.097685120016845985e+02 3.591384941450525616e+02 3.709950884023681965e+02
4.021856481347031718e+02 4.090882306493438705e+02 4.211222753914537975e+02 3.793466584638566701e+02 3.262938803358702557e+02 3.887328282079936344e+02 4.119062490083458101e+02 3.817969859060980298e+02 3.279735276675108935e+02 2.894537103094344275e+02 2.496366450573161160e+02 2.128002616990927152e+02 2.215949365253854353e+02 1.777266133296919861e+02 2.188212021824274416e+02 2.749713550250522189e+02 3.233102291157086370e+02 3.225793060002059178e+02 3.153656472241515303e+02 3.717364901138994924e+02 3.765191685432707231e+02 3.560669940593011802e+02 3.471800380676762074e+02 3.344865149408285561e+02 3.769340641994622843e+02 3.679439594297882081e+02 3.409454597611897384e+02 3.923628777719509912e+02 3.915559237959115535e+02 3.747755719925193034e+02 3.389159810879458519e+02 3.969258535222204500e+02 4.221522138345704320e+02 4.037716993788271793e+02 3.407608799938235506e+02 3.922448562628380273e+02 4.364217765037165009e+02
