input/elevation_000000.asc
nrows	150
cellsize	0.00333333333333
xllcorner	0
ncols	150
yllcorner	0
NODATA_value	-9999
[rows 51 to 67 of 150, columns 0 to 36 of 150]
5.807744572918604484e-07 1.768547143668768213e-04 1.769686015281637091e-04 1.767460883518483846e-04 1.766357806673277576e-04 1.769330988456796288e-04 1.766267168866893743e-04 1.767753918668267218e-04 1.766285681403118046e-04 1.768282786203404173e-04 1.768070472088133726e-04 1.766354572054067184e-04 1.767637060984984386e-04 1.766350288455462234e-04 1.767446952585186449e-04 1.770646340380914766e-04 1.766266879030238361e-04 1.770142435045242121e-04 1.771243859748218943e-04 1.768664116763317201e-04 1.770208786150173662e-04 1.767391357916515808e-04 1.766145346288853655e-04 1.765936935547420200e-04 1.766246472876001014e-04 1.769440825817182974e-04 1.768139320645955377e-04 1.766109920854624514e-04 1.770916981693883394e-04 1.769596400233965018e-04 1.768569366558996807e-04 1.768631656826745609e-04 1.771626993887340695e-04 1.766254303547124753e-04 1.769560987370538024e-04 1.766113791769744531e-04 1.766959617868407500e-04
2.324776005098761980e-07 1.764826754602130936e-04 1.767408327124938400e-04 1.766668035648229912e-04 1.771436706727620854e-04 1.766328974566538045e-04 1.766233732299195920e-04 1.770748169903940575e-04 1.766703651251417108e-04 1.766940177088230140e-04 1.767234425431057530e-04 1.769149263012981103e-04 1.766353788375498639e-04 1.766375293869542728e-04 1.769353074838372463e-04 1.766438555186117731e-04 1.766875481124497934e-04 1.766067022542967564e-04 1.766565497262056344e-04 1.771365039141349401e-04 1.765925127835197672e-04 1.770507329398704108e-04 1.768492798968888697e-04 1.766211236111456132e-04 1.769927832436629905e-04 1.769011248300040055e-04 1.768120779633013291e-04 1.766179746059583894e-04 1.769402597411627110e-04 1.771722325062661564e-04 1.768828535060737645e-04 1.769865603691467173e-04 1.767157995510950145e-04 1.766149034703922631e-04 1.766131774584001860e-04 1.766140770708465987e-04 1.770502977024242567e-04
4.715739422561299909e-07 1.771275870175103521e-04 1.764753949705446536e-04 1.764802276954658799e-04 1.768325235579544811e-04 1.766171192322784082e-04 1.766262236927542740e-04 1.766294400296307670e-04 1.766188707782992071e-04 1.768686955155166819e-04 1.766381216360313916e-04 1.770505417628074067e-04 1.768636255986637512e-04 1.770421887251827017e-04 1.766480197414780988e-04 1.768911037157963790e-04 1.771221123526677400e-04 1.766279396748395415e-04 1.771425336374427256e-04 1.770718213772143985e-04 1.765886907984847776e-04 1.768989555989753965e-04 1.770304057939705601e-04 1.770647612078248793e-04 1.767594499750726306e-04 1.767194981472806816e-04 1.767237102340388124e-04 1.770362397285358408e-04 1.768507432185701723e-04 1.767216908535052531e-04 1.766080820009658867e-04 1.768202734583311248e-04 1.770873496923738334e-04 1.770162099165362754e-04 1.767082141062402000e-04 1.769555112324905203e-04 1.770202322689535645e-04
2.739267172789772040e-08 1.770635978134906137e-04 1.765826566726799620e-04 1.771402986871797815e-04 1.767325076626032542e-04 1.766270117744395520e-04 1.766201281946502887e-04 1.768528702706509740e-04 1.766347254788009789e-04 1.767871736794119437e-04 1.766229833449417194e-04 1.766428671418800232e-04 1.766341396364782461e-04 1.766334157823494012e-04 1.767814970616904326e-04 1.766503271571183290e-04 1.770480494278490373e-04 1.769221709263889665e-04 1.769681584137915555e-04 1.765993348441633230e-04 1.770980673801917217e-04 1.765805249466785402e-04 1.767426202181591078e-04 1.767345678643260701e-04 1.769479858010964866e-04 1.765702669446095362e-04 1.765583567264550693e-04 1.765808631720896518e-04 1.769629251961316117e-04 1.771439395855153160e-04 1.766132643960205645e-04 1.767822313448584202e-04 1.771272133791527395e-04 1.768339317963649941e-04 1.766426928843683097e-04 1.766458887778121301e-04 1.766881598518496522e-04
3.885706364290004517e-07 1.768853689598672680e-04 1.766179683635147072e-04 1.766867424231651905e-04 1.766283468655849374e-04 1.771257860354751620e-04 1.767265453292223053e-04 1.767719777645498458e-04 1.771450838903940064e-04 1.767297990204667424e-04 1.766345951615964417e-04 1.771574126328264787e-04 1.770069292388484717e-04 1.766388981759099339e-04 1.770435989737026872e-04 1.770440243920086843e-04 1.766844935246569099e-04 1.766157308605949467e-04 1.769651005514489596e-04 1.769399162711797599e-04 1.769753017919830653e-04 1.765696080582454205e-04 1.767687432565089370e-04 1.768153842452629748e-04 1.765728894442012364e-04 1.766423681028146350e-04 1.765589703502327544e-04 1.765691757573694971e-04 1.768604880215995153e-04 1.766216933196093674e-04 1.766742414208516355e-04 1.771071157218299832e-04 1.768024334060794365e-04 1.771453711362666291e-04 1.766496130021399295e-04 1.766371211887338491e-04 1.766500933668313403e-04
8.953482861371390380e-07 1.765107321582329693e-04 1.770214667772071894e-04 1.766337384456730596e-04 1.766210746992627955e-04 1.766417826961930735e-04 1.768629608575900960e-04 1.769434588895296093e-04 1.771696622504349622e-04 1.766374089211323575e-04 1.766257501830442625e-04 1.769008621278533367e-04 1.766480726394770411e-04 1.766189081329191197e-04 1.766293561175707951e-04 1.766379404313152019e-04 1.766705923491602287e-04 1.766067473958089209e-04 1.769119407091948950e-04 1.768778420979389679e-04 1.768093979953878610e-04 1.765706620981924869e-04 1.766202337938468307e-04 1.765624409898559411e-04 1.765570128669070676e-04 1.766657102315908549e-04 1.766591661878789596e-04 1.768335887304386869e-04 1.765789798886839904e-04 1.768952106194939791e-04 1.769204994623048280e-04 1.770573062943834339e-04 1.768316434065537719e-04 1.770742127842992873e-04 1.766475821005525923e-04 1.766390147573377678e-04 1.766396837759455333e-04
9.187093222904007210e-08 1.766815715125701633e-04 1.767141147625119282e-04 1.771094607359991315e-04 1.771013710860770793e-04 1.771686929747096333e-04 1.771082067312392092e-04 1.767613130736337735e-04 1.769319500175201812e-04 1.767359377194099282e-04 1.766296089565652465e-04 1.766385305616799699e-04 1.771254295133900059e-04 1.766363165652465989e-04 1.766370404196299603e-04 1.769337708079966897e-04 1.770400965764006842e-04 1.766086362652781222e-04 1.766052227022955499e-04 1.766092640825202449e-04 1.765740462376003714e-04 1.769046087591184715e-04 1.765751251829244877e-04 1.765544788267293962e-04 1.765746319082446504e-04 1.768455563873130040e-04 1.767394793415679875e-04 1.765671589906542792e-04 1.766134908609299982e-04 1.765742222889929653e-04 1.765779630450127686e-04 1.765851128877166619e-04 1.770445990983076734e-04 1.770399181876758040e-04 1.766555592142174489e-04 1.767165555956855000e-04 1.767556635891314365e-04
3.796184324593150344e-07 1.768099945791230462e-04 1.768990508133389168e-04 1.768328811485033142e-04 1.767612728118562733e-04 1.767573930996940875e-04 1.767613179194124726e-04 1.767485450426581513e-04 1.767496493919804815e-04 1.768269037869022147e-04 1.769389755842109830e-04 1.766362548820907556e-04 1.768181449273135042e-04 1.768159304343926792e-04 1.770581324283704457e-04 1.770884388376638759e-04 1.766221877159464694e-04 1.765976091862011751e-04 1.766167533514450194e-04 1.769741582743044326e-04 1.767459657513194532e-04 1.770724665049908748e-04 1.769797167120057033e-04 1.765841543953440595e-04 1.770614662477660944e-04 1.765883017423706296e-04 1.770813901695985010e-04 1.765732861325140497e-04 1.765697765481590378e-04 1.767139174247857986e-04 1.768913081850810359e-04 1.765693890916992723e-04 1.765822616289785705e-04 1.766602263518516291e-04 1.769202461567320219e-04 1.767504750107850057e-04 1.768127501383859107e-04
4.395987957356581884e-07 1.769876580620778433e-04 1.770645288634428640e-04 1.770734365779779557e-04 1.770612697813281680e-04 1.769186172279383587e-04 1.771217194048996116e-04 1.769790827260233658e-04 1.767557054668344833e-04 1.767470107656099682e-04 1.768293838391958985e-04 1.768124567654975909e-04 1.766406075860112233e-04 1.766273926017920609e-04 1.767842982478395723e-04 1.766553122063542025e-04 1.766597493605360971e-04 1.766180414668345458e-04 1.769990056897264988e-04 1.770274545051410810e-04 1.770966868521404167e-04 1.765826156054860999e-04 1.765819461196569394e-04 1.768071938738567368e-04 1.765740816937652852e-04 1.765831473371602537e-04 1.767035206736045517e-04 1.767871698639902781e-04 1.769529593805502861e-04 1.765795103287053514e-04 1.769415356513677560e-04 1.765822746356890253e-04 1.768537373716626802e-04 1.769027781494642384e-04 1.771643048776236080e-04 1.767039984271513448e-04 1.767212909582278251e-04
9.219213016743979915e-07 1.768697665922914803e-04 1.767294103343420067e-04 1.767300353537383257e-04 1.769426810399871283e-04 1.771256387564635302e-04 1.769049662600504056e-04 1.771820260696696286e-04 1.770358033368177775e-04 1.767556620218560743e-04 1.769587547847381375e-04 1.766499725546255063e-04 1.771103894841355528e-04 1.766445780273072775e-04 1.767431884846563884e-04 1.768221855085158384e-04 1.766136346453308606e-04 1.769669680307865245e-04 1.767411427147794005e-04 1.766226098786533071e-04 1.768047899605742460e-04 1.766638076653346222e-04 1.769925455986191289e-04 1.768474763688451638e-04 1.765809040366362074e-04 1.769031872248915521e-04 1.769250894972404877e-04 1.766201743765355632e-04 1.766540973480507017e-04 1.766143990733460244e-04 1.768415529023171205e-04 1.767535863922541507e-04 1.765869082950042928e-04 1.770288999207817197e-04 1.769244888097376838e-04 1.766983688440273504e-04 1.767000905102929849e-04
6.125500002357083738e-07 1.769207821150967064e-04 1.768231061927792854e-04 1.767521762488519839e-04 1.767290298200608983e-04 1.767364408447126057e-04 1.767233576862383164e-04 1.768900665525522016e-04 1.767935533407597002e-04 1.767608116492972326e-04 1.771028291059135356e-04 1.768790926435387400e-04 1.770506508064941930e-04 1.770390598618858309e-04 1.766827531759031017e-04 1.768035667681803287e-04 1.766290929496648436e-04 1.771569330310075535e-04 1.770422185569676661e-04 1.766224865830695221e-04 1.766209015044796818e-04 1.767269031934903638e-04 1.769216149926606607e-04 1.766625496597152688e-04 1.769807873260526368e-04 1.765826700645630235e-04 1.765890026501118189e-04 1.770002935428547025e-04 1.766410726887044258e-04 1.767000156201568460e-04 1.767749230028518143e-04 1.770956461132884390e-04 1.766752682722911802e-04 1.765835734636979012e-04 1.769013666097147598e-04 1.768042353193830624e-04 1.767028114359802738e-04
2.429154079289581550e-07 1.766522897468942720e-04 1.770065679950665136e-04 1.767061633430637641e-04 1.770283685194235814e-04 1.771716625717941439e-04 1.767263402046672955e-04 1.767216008307666405e-04 1.768191530050465554e-04 1.770188532790736781e-04 1.765971106776984142e-04 1.769899222674656129e-04 1.768722021712700509e-04 1.765917078669867915e-04 1.768287015151327897e-04 1.767003726866479938e-04 1.770978564025302196e-04 1.766480192319385583e-04 1.770258797431597023e-04 1.768964202073174097e-04 1.769394813991783137e-04 1.766228000443009402e-04 1.770356339381546035e-04 1.768699684077761872e-04 1.765815894183059742e-04 1.769153606496918964e-04 1.771314334177705001e-04 1.765801638524691294e-04 1.765619540774384104e-04 1.766556345990289605e-04 1.766585516599289483e-04 1.766755764954949760e-04 1.767471947847134715e-04 1.765658869457817945e-04 1.765861478765013608e-04 1.767614214471068109e-04 1.767233627720183665e-04
7.850618591932341925e-07 1.177302950979058546e-04 1.770758686776400007e-04 1.764818670384396678e-04 1.768987294204956155e-04 1.771738340325270484e-04 1.767335557493925676e-04 1.767263535870686566e-04 1.769378001709346964e-04 1.766519801829936627e-04 1.765888183433471446e-04 1.770058506707663756e-04 1.765949119018254780e-04 1.769837488975806639e-04 1.765779275129629184e-04 1.767813999494749467e-04 1.765937264122615410e-04 1.769156966585043044e-04 1.768530645855026452e-04 1.767836087313625899e-04 1.769897194867211328e-04 1.765661420582149261e-04 1.765782067387701893e-04 1.767607577751356175e-04 1.765724454969657905e-04 1.767108500219461754e-04 1.771088914500924946e-04 1.765931885263862151e-04 1.766879638934993571e-04 1.766596681635512788e-04 1.768503387288227304e-04 1.771027339535835641e-04 1.766659305111691243e-04 1.765751272382725669e-04 1.770405005623971681e-04 1.768072122875282576e-04 1.770975543409403674e-04
-3.174058285024694386e-03 2.167468697290556286e-05 1.770176395503023819e-04 1.764641167667367790e-04 1.764720487638029732e-04 1.769131202269951127e-04 1.770081991555719539e-04 1.769528197936594933e-04 1.769460158905949477e-04 1.765881916119426320e-04 1.771150753283833837e-04 1.765948222602118744e-04 1.769785226135017623e-04 1.766289029076135476e-04 1.765555157429790373e-04 1.765719323125453490e-04 1.766023106966872779e-04 1.768048187243351232e-04 1.770520994402136029e-04 1.767875386110108807e-04 1.768746627474162604e-04 1.765791345521090154e-04 1.768269663371041306e-04 1.765823739829356547e-04 1.769514625103668182e-04 1.768624458230809687e-04 1.768562190118538478e-04 1.770267665027653887e-04 1.765845828455650534e-04 1.765836519499934618e-04 1.766122361298818786e-04 1.771155299894731938e-04 1.769628624016455565e-04 1.765886521068275319e-04 1.769846489236384960e-04 1.765464922548469105e-04 1.771309179239061084e-04
-3.174125848370295752e-03 -8.526845871182344653e-05 -4.236830426814350894e-05 1.764597344376574043e-04 1.764576152259082580e-04 1.764792456591283228e-04 1.768173881141658715e-04 1.769470862132691610e-04 1.771400356216308364e-04 1.766206090815490581e-04 1.766467728007609409e-04 1.767248664886474183e-04 1.765902523802778516e-04 1.770314085573753966e-04 1.765772262065078439e-04 1.769747502307664438e-04 1.765821074964258480e-04 1.766091552185757203e-04 1.765820828419353220e-04 1.771268881259070976e-04 1.765864150623939663e-04 1.769550403699669610e-04 1.767082241704454200e-04 1.768226612518363904e-04 1.769842047538742406e-04 1.769814911450978364e-04 1.770088023891512802e-04 1.770916155074071297e-04 1.767379814531193762e-04 1.771505152218376563e-04 1.769679834878600682e-04 1.766819399667894739e-04 1.766890743095380170e-04 1.768588549819679072e-04 1.768639558160972809e-04 1.765998824053299787e-04 1.765379799000269998e-04
-6.349852885518092460e-03 -3.239958921696304596e-03 2.154947288117477284e-05 1.768458255226169722e-04 1.767638253268151655e-04 1.768234831706574526e-04 1.765952327593944262e-04 1.771454666027180236e-04 1.767083682966041815e-04 1.766243958677183885e-04 1.770860287739501465e-04 1.768657621494052813e-04 1.769308286312184120e-04 1.768393682901879028e-04 1.765741434345037564e-04 1.765799698361833177e-04 1.765692667176076993e-04 1.765635604515611334e-04 1.765794144191180047e-04 1.770517366917481955e-04 1.765697980447989823e-04 1.766924042594335406e-04 1.766985727420370734e-04 1.768573393171644177e-04 1.766625782191063405e-04 1.766636203706305707e-04 1.769027631262456209e-04 1.767419986325709041e-04 1.769217844158175882e-04 1.768064252825580856e-04 1.771386867173913363e-04 1.766136771619724623e-04 1.765539597743474019e-04 1.767664412910868103e-04 1.770681676607703916e-04 1.770992080220792778e-04 1.765436691831401414e-04
-6.349415912592578509e-03 -3.188520197216713689e-03 -8.522179290606573209e-05 1.175214093171346046e-04 1.769343387705389484e-04 1.765939227279412908e-04 1.765851251404917097e-04 1.766001271055384525e-04 1.768112245925858468e-04 1.766221857551931052e-04 1.768835866506717467e-04 1.767062380457478526e-04 1.770387222740069013e-04 1.767813321391926008e-04 1.769256031548108231e-04 1.771584655811720452e-04 1.771473743031444449e-04 1.768897331961984771e-04 1.770585507745688135e-04 1.765929195486335194e-04 1.765631276677335592e-04 1.768490661668037530e-04 1.769195356111556521e-04 1.770117635243445824e-04 1.766585544335736249e-04 1.766645833456668979e-04 1.768288538047694202e-04 1.767395841252020954e-04 1.769282467124848031e-04 1.767239032243304202e-04 1.770637033361524570e-04 1.765640888336235750e-04 1.769511114348825147e-04 1.765022087638668013e-04 1.765082435037102762e-04 1.767875545322285670e-04 1.765211048536172568e-04
