input/elevation_000000.asc
nrows	75
cellsize	13.3333333333
xllcorner	0
ncols	75
yllcorner	0
NODATA_value	-9999
[rows 34 to 50 of 75, columns 0 to 36 of 75]
6.681459400029050588e-01 8.873691859392827119e-01 1.249102887198206169e+00 9.334797662503607762e-01 9.334309628631894951e-01 1.006022382889747879e+00 1.123672269766024412e+00 9.334309628631894951e-01 1.239426399319329075e+00 1.055944586952309416e+00 1.295575306974992236e+00 9.347981165922680802e-01 9.683840367581165731e-01 9.374992924649484527e-01 9.386199573424274245e-01 1.322285155128799072e+00 1.154494636359959525e+00 9.384926633957102471e-01 1.062597770182465817e+00 9.440499233252797051e-01 1.459016389113413359e+00 9.440223090877881695e-01 9.433069261385136350e-01 9.453832566586131136e-01 9.467165899919464112e-01 9.466889757544549866e-01 9.463025164885512375e-01 1.017485223365176328e+00 9.489904550335434008e-01 1.373064293103910316e+00 1.017317571968724410e+00 9.559466226748267736e-01 9.557002567920533931e-01 1.385213917371173942e+00 1.431857730161208098e+00 1.041400155921991200e+00 1.352608677670962267e+00
9.571283101453299524e-01 8.860537158854447926e-01 1.171837793770805103e+00 1.461385056861984166e+00 9.634733145877267813e-01 1.384521275960807207e+00 1.092770230063789372e+00 1.165887748147426350e+00 9.663579210862516256e-01 9.719884411091963550e-01 1.279774200578093213e+00 1.115090781164769895e+00 1.299839845167553909e+00 9.373832566586128845e-01 9.372735399045419857e-01 1.363561425506575109e+00 9.373556424211214599e-01 9.371444182789492316e-01 9.612334517438461123e-01 1.283641034050631013e+00 9.427016070005203030e-01 9.416304822275602948e-01 1.092329145690327241e+00 1.408486080434685039e+00 9.453682736671870090e-01 9.447571030022521299e-01 9.631991764399254752e-01 9.476428343118280528e-01 9.493344532714418360e-01 1.417492178716567519e+00 9.573085019690426023e-01 9.573556424211218108e-01 9.573556424211218108e-01 9.571670806128053099e-01 9.586889757544551083e-01 1.262761148733074990e+00 1.198255871370539349e+00
3.848358526059494356e-01 1.184904615345935275e+00 1.068610045046532120e+00 9.453328420750854999e-01 1.280014597305134672e+00 1.130209274425170163e+00 8.772340597646214322e-01 1.158971209584878759e+00 8.812340597646215468e-01 1.134479906531526971e+00 9.409210545206796450e-01 1.019400661969379396e+00 1.041586814957444318e+00 1.033311354119174297e+00 9.359057714812684114e-01 9.360223090877881624e-01 9.360349403338534824e-01 9.358038956079580695e-01 1.132226614799160203e+00 1.345111185142217280e+00 1.277305550268463152e+00 9.402875502736688373e-01 1.104069882996348007e+00 1.243529318879631695e+00 1.057295133056698422e+00 9.436154801126672709e-01 1.100517945070827341e+00 9.493556424211215816e-01 1.072690078059229890e+00 1.103615432982482103e+00 9.585946948502968024e-01 1.208916515301293737e+00 1.385839027154315728e+00 1.159591134387580880e+00 9.585165899919465549e-01 9.597514416202765908e-01 9.996541722658374152e-01
3.141360054801964896e-01 8.153060394973443703e-01 8.166693388135297660e-01 1.097545895947010575e+00 8.759157094227141283e-01 8.758190767731952597e-01 1.233488470328479192e+00 1.044498648048714395e+00 1.030964719989966971e+00 8.798190767731953743e-01 8.797998019035457862e-01 8.810847693150383186e-01 8.825157094227142895e-01 1.125866022259054411e+00 9.346269094666188604e-01 9.346677866047750083e-01 1.449995466635813246e+00 9.345207897294791621e-01 9.359675187934463070e-01 1.267151600572562486e+00 1.321722140794296063e+00 9.389503996129772156e-01 9.395916561336788986e-01 9.407135659241339098e-01 9.420560091843039885e-01 9.439832566586130458e-01 1.025247593999624840e+00 1.292970042966157251e+00 1.372674650333233437e+00 9.600499233252799414e-01 9.600499233252799414e-01 9.600349403338539478e-01 1.080155168417150424e+00 1.325255179157005969e+00 1.070624105811773141e+00 1.035613548732283284e+00 9.612095532402491482e-01
9.497073481740431200e-01 8.128912258085071452e-01 8.166872020930251441e-01 9.430878419035633176e-01 1.153808908325223648e+00 8.744382242453696552e-01 1.084465470370532314e+00 8.759007264312881347e-01 9.802506035143371266e-01 8.784229650899433306e-01 1.023356786978403044e+00 1.029101799385112814e+00 8.825436335007086353e-01 1.160747189342030250e+00 1.451247516615818078e+00 9.331832566586129030e-01 9.331750496169050058e-01 1.094659784925444246e+00 1.429962992604342453e+00 1.183979053723353880e+00 9.719153240738540589e-01 9.378034607614997853e-01 1.023428558030178293e+00 1.020860553464263187e+00 9.427361162065339695e-01 1.333181391587470621e+00 1.307767614404823142e+00 1.034226112906648787e+00 1.209192955620849830e+00 1.454145470371810411e+00 1.152242639981325700e+00 1.061245055142111982e+00 1.208189141840516845e+00 9.653344532714420723e-01 9.639402065712090462e-01 9.626418353023760144e-01 9.981534108646638037e-01
5.503303280234939088e-01 8.131591085676791453e-01 1.436173996517116747e+00 1.142664794444366416e+00 1.148178816810502489e+00 8.729629425812388543e-01 8.742660719129449198e-01 8.756296092479055604e-01 8.769692992612003746e-01 8.785335727022095531e-01 1.302886743931261915e+00 9.174748021417542532e-01 1.293183878207293747e+00 1.049397174724868487e+00 1.122382151408796602e+00 9.317766553577067068e-01 1.463921668684495581e+00 1.358242978572679949e+00 9.947544477104333094e-01 9.360223090877881624e-01 1.213757435905625348e+00 1.044983398599382163e+00 9.364667312450294379e-01 1.047801402808534510e+00 1.304982987536403849e+00 9.413556424211215745e-01 1.356367516926275218e+00 1.184536695844427667e+00 1.388262603324017519e+00 9.466418353023757781e-01 9.479532906757609512e-01 1.029515345714274943e+00 9.667165899919467620e-01 9.653832566586133535e-01 1.395337562038041268e+00 1.187062687466861721e+00 1.433481738954687668e+00
4.097004100245241753e-01 7.304580303924925744e-01 1.079558448468967091e+00 8.718880951852225891e-01 8.716202834063407900e-01 1.392797567451905305e+00 8.744857434398619622e-01 8.757715575787029527e-01 1.153315975205470023e+00 1.340064843334606071e+00 1.323968654349175100e+00 9.116309984567760871e-01 1.273803569825494808e+00 9.778877066453196543e-01 1.355816281912162635e+00 1.024855505649139520e+00 9.302843690070430327e-01 1.369448013842419432e+00 1.211625140672852652e+00 1.045059579631005819e+00 9.337291641052234414e-01 9.347197682026291421e-01 9.373556424211214599e-01 1.115764993267831295e+00 9.399675187934464216e-01 9.413165899919463397e-01 9.426677866047750154e-01 1.271291713016292402e+00 9.452866240090942451e-01 1.210423348713787650e+00 1.235110647086293589e+00 9.649160278475076291e-01 1.194569728164542211e+00 1.034525074103195497e+00 9.870208214150661963e-01 9.626585347457208286e-01 9.639532906757611874e-01
9.885120508094518144e-01 8.643406426803811327e-01 9.125443491987808020e-01 8.702689842810142906e-01 9.321105727166903998e-01 1.218360453253630293e+00 1.457128294921521405e+00 1.148570009877645237e+00 8.771909875098216069e-01 1.380803225434126702e+00 9.102976651234426786e-01 9.102700508859511430e-01 9.102700508859511430e-01 1.313643528164507135e+00 9.293832566586128774e-01 1.231665271763013880e+00 9.290909123381372314e-01 1.094381257756422254e+00 9.310561917439070800e-01 9.319532603705700247e-01 1.092782056899322507e+00 9.357669870425562308e-01 9.369645826659942500e-01 9.383071614300433350e-01 9.397968678903920736e-01 9.411372289412914816e-01 9.425165899919463186e-01 9.438583911021991568e-01 9.453556424211215781e-01 1.378249106145887026e+00 9.573832566586132353e-01 9.573832566586132353e-01 1.081533382165428492e+00 9.599532906757610728e-01 9.612391048146020633e-01 1.023565001352344073e+00 1.227300879294942693e+00
7.189069551487856646e-01 9.422312574330113932e-01 8.667419098103812392e-01 8.705335727022094350e-01 1.408202551811082559e+00 1.111833428912897492e+00 1.321239102172597768e+00 8.785673930979547297e-01 9.214123075596183376e-01 9.579429849753955395e-01 9.556103043430548283e-01 9.088819272582759901e-01 1.305170827370832454e+00 1.008950855785957001e+00 1.452480256863476704e+00 9.256315234826639760e-01 9.259749333173000752e-01 9.292791881022557376e-01 9.320223090877880479e-01 1.368007902742207182e+00 1.131523778793770862e+00 1.279352669570627654e+00 1.002750551497351372e+00 1.199061143682981445e+00 9.399280281836298601e-01 1.325833603876881650e+00 9.426778474032740940e-01 9.440223090877881695e-01 1.420544414042302028e+00 1.244037669485339448e+00 9.559675187934466578e-01 1.163282520070508808e+00 9.586132893414934797e-01 9.692268310761449346e-01 1.387624871628938106e+00 1.327703338677835188e+00 9.613344532714420687e-01
7.030223985329324687e-01 8.681060786063459211e-01 8.705547618518891806e-01 1.159863149057413834e+00 1.229649735462718052e+00 1.056494557073497598e+00 1.321784956112797893e+00 9.960014692599349351e-01 1.314233238557031225e+00 9.061879483693716653e-01 9.074572950384117709e-01 1.312571829498790699e+00 1.463510566274830449e+00 9.092059009113051538e-01 8.869275920383518086e-01 9.280223090877879333e-01 1.046375906640247377e+00 9.285686586263630637e-01 1.261616863974731828e+00 1.413432524105341148e+00 1.417504625864919987e+00 9.480499233252797087e-01 9.480499233252797087e-01 1.431346079887451106e+00 9.413344532714417179e-01 9.412935761332855700e-01 1.441624841209035113e+00 9.440499233252797051e-01 1.306943382226065431e+00 9.547165899919465293e-01 9.546199573424276608e-01 1.057763397425626639e+00 1.370339393560516594e+00 9.571832566586132574e-01 9.572049743510016029e-01 1.284401380652215652e+00 9.599751686357091973e-01
4.733752554537166146e-01 8.683866996733375920e-01 1.405617330845721380e+00 1.227380905480963014e+00 9.406984340032711334e-01 8.560422138141414727e-01 8.987884869016014022e-01 9.001236850824609892e-01 9.014894984606975914e-01 9.028328857532694762e-01 9.041668484096117009e-01 9.055014407255894682e-01 9.068385537041951938e-01 1.064944366124493502e+00 9.769322147191599193e-01 9.279832566586128095e-01 9.293556424211213418e-01 1.468641072375066248e+00 9.299029956298283661e-01 9.333344532714415998e-01 1.034812091658180222e+00 1.458435252541999461e+00 9.466341854601131311e-01 1.403056474328422620e+00 1.020874825640049943e+00 1.294897707266275066e+00 9.426499233252796373e-01 9.440011199381084239e-01 1.081883624718964265e+00 1.053728233698603356e+00 9.532391048146020562e-01 9.533344532714418396e-01 1.030368533301118106e+00 9.556693763964465571e-01 9.866091777807971530e-01 9.585523165509374222e-01 9.598856498842707197e-01
6.755585553869615234e-01 8.697206510859905038e-01 1.324477657410783937e+00 8.734486041975166870e-01 8.737336553875114653e-01 1.010830953272634503e+00 1.092507912385814350e+00 9.507910741879856964e-01 9.046976651234426292e-01 9.371505454489535980e-01 1.222864223874636336e+00 1.162142492918999626e+00 9.102700508859511430e-01 1.100377346782271060e+00 1.047107456492375022e+00 9.938062096630355668e-01 9.293682736671867728e-01 1.027621984518699350e+00 1.104751382603284648e+00 9.312388401317093223e-01 1.063658221857794794e+00 1.161831719271459784e+00 9.453252014123871838e-01 9.453556424211215781e-01 9.714908766182179800e-01 1.094460480591482821e+00 9.439832566586130458e-01 1.389592428418950476e+00 1.175322481806520880e+00 1.146905011088872328e+00 9.518856498842707126e-01 9.520111807366076206e-01 1.275025655123139590e+00 9.544600780014521613e-01 1.454467866625878791e+00 9.600223090877884058e-01 1.118674222951833830e+00
9.695317047740684702e-01 1.447435360633644974e+00 8.721082642226927195e-01 1.131634592780677018e+00 8.903121159477991320e-01 8.785673930979547297e-01 9.583626700873664195e-01 9.060588267437788002e-01 9.062700508859511395e-01 9.062700508859511395e-01 1.193847622910747974e+00 1.039727600598124413e+00 1.098523274708812725e+00 1.283726913537070358e+00 9.955307013146893480e-01 1.466015859033709123e+00 1.465732817339911342e+00 1.450631605924760370e+00 1.118295945611585296e+00 9.316577344800178739e-01 9.815654545063463576e-01 1.228015204746546907e+00 9.880969114599220671e-01 9.438954816725892982e-01 9.440223090877881695e-01 1.202544567677240828e+00 9.453556424211215781e-01 1.325585702721583825e+00 9.459848197312370477e-01 1.271097501535146890e+00 9.503888513397398263e-01 9.516358498218846496e-01 9.529832566586131648e-01 1.467121565471129596e+00 1.455410460564814823e+00 1.310482659581502674e+00 1.410387619098213419e+00
4.276336308516889284e-01 8.758769668340418146e-01 8.758880951852225927e-01 8.758576541764883094e-01 1.040766522443476116e+00 1.135630018285588072e+00 1.028754502247060332e+00 9.072707901742804726e-01 1.355381429984495067e+00 9.869156308750989259e-01 1.204063811994010580e+00 1.064238571190621707e+00 1.078539268217596492e+00 9.968985438540363120e-01 1.410148604255091032e+00 9.940904558311323136e-01 9.848213201589899324e-01 9.386269094666188639e-01 1.203233565617237044e+00 9.357899913595750796e-01 9.339201281906748253e-01 9.373165899919462252e-01 1.368963773801965766e+00 9.425523165509371859e-01 9.406431632027096867e-01 9.410966562178380013e-01 9.424314616125670785e-01 9.437655312458780310e-01 1.269636398491131857e+00 9.473197172841236746e-01 9.506889757544549902e-01 1.050945948264044638e+00 9.533832566586131207e-01 1.246926445656742821e+00 9.587165899919465328e-01 1.158092942023137839e+00 9.584926633957104869e-01
4.004660586036713488e-01 8.796453017259517893e-01 1.426849335945202579e+00 1.246618144619935364e+00 8.772214285185560012e-01 1.408051929991863016e+00 9.087404051938732241e-01 1.117799721940468949e+00 1.457491300498616971e+00 1.367160452767187895e+00 1.211058864482149389e+00 9.247062715471651151e-01 1.435749329444451661e+00 1.093437366547662437e+00 1.338903538440081142e+00 1.002382727836262921e+00 1.464960310810054178e+00 9.462438096579112168e-01 9.372338986353326851e-01 1.416854924476408151e+00 9.343472363177541817e-01 1.062438170370258561e+00 1.155279438267662107e+00 9.393015389193699605e-01 1.421556860074263851e+00 9.440011199381084239e-01 9.453008521267798336e-01 9.999019703246370128e-01 9.480499233252797087e-01 1.345114027128424539e+00 9.486914737933148656e-01 9.520011199381085421e-01 9.533556424211216962e-01 1.454298622630940230e+00 1.302046416514378357e+00 9.553956594668624458e-01 1.411871569177217012e+00
9.607053128666930286e-01 8.930748716751450988e-01 1.166905632591462627e+00 1.444579381995224843e+00 1.169100465189375271e+00 1.219737244371221552e+00 9.099588142880894459e-01 1.404915031046998664e+00 9.129367175526179601e-01 9.843600651054045247e-01 1.144837608821324793e+00 9.233908014933271957e-01 9.233908014933271957e-01 1.454964343520291692e+00 1.043700024156059669e+00 1.087431290817151064e+00 1.095834249967440277e+00 9.386677866047750118e-01 1.177630161757401650e+00 1.112023376484690296e+00 9.386341854601130130e-01 9.365923664285922268e-01 9.370761221916819039e-01 1.058413850880196572e+00 9.427165899919462966e-01 9.855409768579153074e-01 1.445756476870905027e+00 9.467165899919464112e-01 9.860088660661643356e-01 1.300831350393226060e+00 9.518762199069156216e-01 9.500338567450380411e-01 1.364716438977386703e+00 1.109823355123961131e+00 9.540607041325985804e-01 1.106026113820379964e+00 9.567523838303828576e-01
8.215235780977689917e-01 1.168018004441558455e+00 8.955754630960954810e-01 1.112208179707153688e+00 9.129643317901093846e-01 9.116160154653499825e-01 1.282756861958868067e+00 9.114394662336955388e-01 1.092891556659383978e+00 1.383519545727685429e+00 1.109564259679727050e+00 9.863782691337237285e-01 9.220165910218376393e-01 9.220786573096735328e-01 9.221062715471650684e-01 9.221062715471650684e-01 1.254186959690581471e+00 1.243964594576253413e+00 9.400349403338535970e-01 9.400499233252797016e-01 1.215160442003536012e+00 9.398417162835717154e-01 9.397454057010909967e-01 1.371079523761720598e+00 9.427165899919462966e-01 1.078539473741858767e+00 9.886365527515563745e-01 9.467165899919464112e-01 1.121621278691095291e+00 9.533832566586131207e-01 9.532499233252798021e-01 9.663035973505287313e-01 9.513687911547746845e-01 9.518491658473244854e-01 9.560223090877884022e-01 9.711609510457397398e-01 1.030257881430350464e+00
