input/elevation_000100.asc
nrows	150
cellsize	0.00333333333333
xllcorner	0
ncols	150
yllcorner	0
NODATA_value	-9999
[rows 85 to 101 of 150, columns 111 to 147 of 150]
7.711423703496006476e-02 7.502201877803479912e-02 7.276733955063760528e-02 7.071826189534172191e-02 6.875051759283898334e-02 6.700532484272934963e-02 6.535063596965430543e-02 6.557442682576834769e-02 6.550810542390013425e-02 6.540967215093612674e-02 6.537098834427888805e-02 6.816036638004295545e-02 7.035483122863540884e-02 7.182885639276420653e-02 7.316940577022706949e-02 7.461656480625011856e-02 7.619307959886445492e-02 7.796065592448027382e-02 7.966176677613562296e-02 8.139756981002793657e-02 8.324315811054412706e-02 8.526752149642365108e-02 8.760362093186693788e-02 9.036092108889258456e-02 9.260552478007835764e-02 9.370016148730257732e-02 9.289656092145739952e-02 9.088163071007626659e-02 8.876585619760206380e-02 8.880854597668648431e-02 9.019997456732353758e-02 9.167558474335643637e-02 9.331009071541576660e-02 9.511260875498803169e-02 9.712707507589150857e-02 9.939410769094353393e-02 1.018930495534800945e-01
7.548773369460941296e-02 7.321426002930669918e-02 7.103843321767666641e-02 6.891814714148354615e-02 6.702763769644620728e-02 6.524250072043956405e-02 6.363669398887666917e-02 6.385003996773166990e-02 6.377044733027763257e-02 6.367153432843455918e-02 6.597940972462412734e-02 6.851168767002700777e-02 7.111617383193838404e-02 7.361091069864196534e-02 7.552450090182082076e-02 7.700513879722205302e-02 7.861032341360843501e-02 8.032881342834682914e-02 8.223245050928151834e-02 8.394476214183614615e-02 8.570494711658291354e-02 8.758383418729588643e-02 8.958551682215581957e-02 9.154612198144342072e-02 9.271637241404945273e-02 9.210616870772672660e-02 9.066905139624691079e-02 8.886443657159696918e-02 8.654242733254093045e-02 8.752732714319240437e-02 8.880491471167484274e-02 9.030234571246188724e-02 9.193921943411634268e-02 9.374388203667084751e-02 9.575988079683867005e-02 9.801706199935820985e-02 1.004922168320464271e-01
7.403079899400130670e-02 7.172948742994547655e-02 6.944745853843434236e-02 6.739449648937009818e-02 6.542909555376814901e-02 6.367631296137407637e-02 6.204893666755633558e-02 6.220210809842471184e-02 6.209765370042538701e-02 6.414048260748002328e-02 6.636041224293637297e-02 6.876816107838230885e-02 7.131763246115334354e-02 7.392311020521948051e-02 7.639584531766852038e-02 7.860940413394108817e-02 8.029172602353057409e-02 8.189297012465408809e-02 8.351073963299129876e-02 8.511688780066552218e-02 8.675259451605946137e-02 8.850139291299892463e-02 9.029741841514603296e-02 9.176094092420691850e-02 9.159990433347332817e-02 8.982538877107273945e-02 8.803341126981131803e-02 8.699776462925792875e-02 8.488122669907127715e-02 8.606806461575744471e-02 8.749339781658653503e-02 8.899879388762084453e-02 9.063284384129345617e-02 9.243713410927938134e-02 9.444180290766486519e-02 9.666134265970173500e-02 9.908948416174191698e-02
7.274610830229766290e-02 7.041851681451222200e-02 6.811570131894291447e-02 6.599452346249383428e-02 6.407901679568007991e-02 6.221782781637361787e-02 6.057048334868359724e-02 6.060755093296433388e-02 6.264109033374247459e-02 6.481735336237304246e-02 6.713680172232067145e-02 6.961789901330456276e-02 7.209714022431903957e-02 7.451722469813548688e-02 7.657892982255160019e-02 7.822825754461079639e-02 7.962562007858188518e-02 8.091026029455283819e-02 8.210563556355747472e-02 8.356623257422389484e-02 8.518548511680609781e-02 8.698887171723550249e-02 8.892101123876609836e-02 9.058877156753970816e-02 9.012357611129193091e-02 8.794132786345780495e-02 8.539559453522710397e-02 8.436392510620888130e-02 8.339554831242002031e-02 8.485302800127693390e-02 8.624239302520866901e-02 8.773358346569516686e-02 8.936735226283211431e-02 9.116648417648948177e-02 9.313419958327615045e-02 9.525953510060990170e-02 9.763915962026112338e-02
7.123154471578833913e-02 6.919860921906645368e-02 6.686905459595768320e-02 6.479356878245674800e-02 6.282951662587683839e-02 6.102885204192035756e-02 5.918843593866768976e-02 6.117768103933571289e-02 6.341645853637940811e-02 6.576447704594452770e-02 6.815251793027006511e-02 7.027168710310868760e-02 7.206203201526403812e-02 7.347723499405833802e-02 7.489354811928228273e-02 7.619002312614267525e-02 7.739022298387672472e-02 7.851681366004832630e-02 7.984505908361883009e-02 8.133561087377788601e-02 8.304119969864995343e-02 8.505666587076618490e-02 8.735641370362194624e-02 8.910666918996064390e-02 8.858442345917212635e-02 8.636752571001196643e-02 8.383113699939191699e-02 8.152023866881610847e-02 8.241306013546205456e-02 8.363887158209293293e-02 8.500109095029603767e-02 8.649446397784080198e-02 8.813203280743042711e-02 8.991375635042760106e-02 9.178754725902894818e-02 9.364207489524249695e-02 9.624763992957062475e-02
6.956818923414859190e-02 6.775948431324120558e-02 6.558304586883417775e-02 6.358719795403880437e-02 6.178247573113473945e-02 5.986679271773429067e-02 5.823429238562970178e-02 6.100943877722873193e-02 6.346367661353266576e-02 6.561179698825334028e-02 6.746460236884244122e-02 6.891880146003763474e-02 7.020546731912788441e-02 7.146945942515041394e-02 7.268179693889829929e-02 7.384323687948135539e-02 7.496475347544789836e-02 7.623770698925773359e-02 7.762047978993161235e-02 7.917732333808363832e-02 8.107897032670101367e-02 8.349203801009082160e-02 8.594497894927471959e-02 8.745617533671350141e-02 8.696968401773413904e-02 8.488697265517060331e-02 8.240905103748735749e-02 8.003145644589242103e-02 8.114766051877955744e-02 8.240173150481949760e-02 8.377808530590137581e-02 8.528077089403637845e-02 8.692346496189451432e-02 8.866060910383191662e-02 9.034428975403811790e-02 9.306854464772219837e-02 9.594338993524549608e-02
6.782113689214160079e-02 6.627665408575662831e-02 6.409357093463941002e-02 6.213047485589532487e-02 6.066593791303785677e-02 5.957448353518263184e-02 5.728038179185452466e-02 5.987518633009956959e-02 6.215418660049044919e-02 6.407292553575975880e-02 6.560267461801008726e-02 6.691879999978037064e-02 6.818226861512759196e-02 6.937032589834239704e-02 7.050624387686155181e-02 7.162999275048695380e-02 7.289809231116549382e-02 7.420078548038384902e-02 7.562503444899909555e-02 7.727191691375871752e-02 7.965304769942838092e-02 8.231886721219588976e-02 8.477310505059064416e-02 8.532517058007486888e-02 8.511155906290546191e-02 8.341153255519365151e-02 8.107694635540439732e-02 7.873626779619150029e-02 7.991098045105016201e-02 8.119342679597904566e-02 8.257583842536177221e-02 8.409218811533376858e-02 8.574739197649883238e-02 8.733980869925778157e-02 9.002247533403698321e-02 9.289414169823566325e-02 9.582115440177073340e-02
6.588025192970800581e-02 6.495205568027746790e-02 6.267045132190260381e-02 6.047486223399935884e-02 5.881645195411191324e-02 5.840677009280434429e-02 5.630269042050844996e-02 5.862506103395549034e-02 6.066060482113309893e-02 6.236128499100006967e-02 6.377343158958943825e-02 6.507478740522666671e-02 6.628228717123857416e-02 6.740014157669652062e-02 6.850593881505590010e-02 6.980340001959077501e-02 7.113526272461340172e-02 7.223141576693296873e-02 7.421651682416705031e-02 7.696383543034587826e-02 7.975790111628736079e-02 8.232863463098853696e-02 8.354875444245039862e-02 8.298289105917780462e-02 8.274624797796462095e-02 8.195357755209203843e-02 7.978819820883768787e-02 7.751317050335537751e-02 7.872481249723661811e-02 8.000558689352096908e-02 8.136713525774071087e-02 8.297720969807811930e-02 8.458394967933401121e-02 8.722626829831225947e-02 9.002667844575938660e-02 9.283387452867708500e-02 9.546177334426776684e-02
6.394290517911660476e-02 6.339437042311694970e-02 6.134936788127597074e-02 5.911275521965722590e-02 5.689224771878895887e-02 5.658213159627913103e-02 5.536617587167614457e-02 5.738118805930544214e-02 5.933023111922274689e-02 6.083436481139348206e-02 6.214978731712170190e-02 6.340543626630469609e-02 6.451229399588569169e-02 6.553796641821234281e-02 6.686749512722144073e-02 6.832864259214001257e-02 6.963881587133542717e-02 7.195512954839766717e-02 7.442100700927610502e-02 7.712424270830425810e-02 7.981898531562747756e-02 8.185371696946636133e-02 8.177638942506409991e-02 8.049245838610305515e-02 8.027062560326501950e-02 8.000755501501106981e-02 7.846363826083360693e-02 7.634467763449205580e-02 7.759804484543708636e-02 7.870566555374733375e-02 8.025449374307258577e-02 8.204410847496435011e-02 8.470746332553495683e-02 8.738007506397257873e-02 8.999137860665301636e-02 9.216710473967765216e-02 9.405906090258632501e-02
6.205098390216320231e-02 6.177549675397550621e-02 5.977428084945181352e-02 5.771208126195855742e-02 5.623372473066351462e-02 5.403171168029042432e-02 5.586842602462885332e-02 5.728375016623223764e-02 5.814209001422927792e-02 5.937656316102769838e-02 6.066226091658853681e-02 6.210473034909044787e-02 6.264367842241511108e-02 6.403948766993075581e-02 6.556739298845401520e-02 6.727875899396121295e-02 6.959578440721428394e-02 7.210866350643388434e-02 7.481270330019509918e-02 7.761291947461805563e-02 7.996265946573245798e-02 8.068072790654472193e-02 7.975219842493180833e-02 7.806795216956628758e-02 7.783633529836662956e-02 7.753041022005983940e-02 7.652102047533594631e-02 7.523122029956215429e-02 7.671649604431640679e-02 7.921652312790911088e-02 8.128852815893213013e-02 8.310105008007011296e-02 8.508131498809945459e-02 8.708785259790291500e-02 8.885555942511749739e-02 9.048141543789588181e-02 9.280533503919613514e-02
6.022857426230332489e-02 6.023690642451589444e-02 5.822911918115827867e-02 5.587593774488596593e-02 5.418017216526683361e-02 5.302919525528245609e-02 5.421717970136413767e-02 5.546366858562985086e-02 5.670417718938856877e-02 5.798741297422359969e-02 5.932423296316215872e-02 6.078267692992940507e-02 6.315323826443455801e-02 6.549682156648455045e-02 6.744139555577816081e-02 6.938986598449256582e-02 7.143289143141060005e-02 7.370455775236746387e-02 7.625005778009807944e-02 7.837077766026701031e-02 7.954172947190416010e-02 7.901107276766292098e-02 7.746486200542899991e-02 7.575652419541259452e-02 7.557696824043463879e-02 7.558340414148558006e-02 7.367472800688687484e-02 7.589447060320048122e-02 7.785345650765258807e-02 7.939034178577837608e-02 7.998778705363238095e-02 8.168236605885717538e-02 8.352771320960986068e-02 8.547226654917773614e-02 8.753146736548865492e-02 8.999565586591512512e-02 9.270148514566675657e-02
5.846432918502098008e-02 5.881495662331790580e-02 5.689723563675048307e-02 5.440005679408010941e-02 5.185963058632708789e-02 5.419591721980426824e-02 5.614679805157435366e-02 5.768550121872648845e-02 5.893152920459655136e-02 6.028465551683023782e-02 6.167863582619494134e-02 6.317647206803830850e-02 6.497289514623838524e-02 6.710005784113888538e-02 6.920420988493897196e-02 7.119916092648811978e-02 7.332190141140727813e-02 7.520476713242807421e-02 7.702569105705328600e-02 7.824784593108863318e-02 7.800108876262620838e-02 7.682368540682431302e-02 7.533126229954552333e-02 7.358299354665197300e-02 7.340787490329536702e-02 7.334099063970349330e-02 7.246080308505177536e-02 7.490188069344971833e-02 7.688761991926511274e-02 7.764905420996956464e-02 8.025399157965454333e-02 8.283672078171232245e-02 8.509026710272103722e-02 8.712818739788613653e-02 8.920788372149331125e-02 9.139238607517549684e-02 9.342320808359688700e-02
5.668567761902070651e-02 5.742738573631585297e-02 5.574856296674186862e-02 5.324269405324613680e-02 5.090582859143034239e-02 5.377150098126187022e-02 5.627186108127377184e-02 5.841899402110040801e-02 6.034345518985366474e-02 6.200748465640730511e-02 6.356775920512983125e-02 6.515313728442399810e-02 6.685733163052076655e-02 6.873756946990723649e-02 7.070168716353351923e-02 7.256529290701117796e-02 7.416768304146091617e-02 7.526694221444900357e-02 7.632488313384287737e-02 7.664691605376697248e-02 7.563512942517815196e-02 7.445302428031845554e-02 7.319911363068164201e-02 7.157296640733237791e-02 7.136937463809121807e-02 7.097100738417920496e-02 7.218475706794381941e-02 7.356705387679006447e-02 7.513785607187542515e-02 7.763625006776760096e-02 8.017483066159832028e-02 8.276200351009944944e-02 8.502836341652438013e-02 8.716275874694114079e-02 8.937587182671752339e-02 9.167370381589493022e-02 9.375977095502263658e-02
5.468902262490627636e-02 5.583524808428683150e-02 5.486602363683307226e-02 5.273194797462805311e-02 5.003121981122567868e-02 5.267979087118329629e-02 5.513833870321150493e-02 5.737402054869274876e-02 5.962457955833986439e-02 6.156723619836940165e-02 6.341924323254299889e-02 6.523227861181173093e-02 6.703605616141654344e-02 6.885480668986840302e-02 7.064625359300989726e-02 7.222349622932801305e-02 7.304434829710072796e-02 7.306997244149847359e-02 7.423784609704778270e-02 7.447272019367499885e-02 7.321944305486602356e-02 7.181236181002689789e-02 7.145074904422232809e-02 6.973126116742349445e-02 6.950601244145952762e-02 7.221897425905232648e-02 7.432505253556105640e-02 7.568943332665672985e-02 7.731128752250401859e-02 7.771855110189883342e-02 7.948915958318625297e-02 8.140815511025635554e-02 8.344065815182337420e-02 8.558117120491232077e-02 8.800061791251084786e-02 9.053629067569964051e-02 9.332814419205624767e-02
5.290518202109241452e-02 5.397451504441156539e-02 5.330606602198501714e-02 5.147949966317851705e-02 4.915461079066780342e-02 5.153425379522091898e-02 5.375811603334267053e-02 5.586041832767889292e-02 5.782249077897699124e-02 5.979799046528314066e-02 6.173169384654522696e-02 6.358677337118305573e-02 6.539458030256752041e-02 6.719830482901512081e-02 6.897748436931841476e-02 7.054685071226936277e-02 7.070043251376960380e-02 7.036271235262049617e-02 7.175548800635128677e-02 7.212249592206501636e-02 7.086271052876169652e-02 6.932220969638713814e-02 6.919955940211226786e-02 6.801572617996815007e-02 7.024428419785967714e-02 7.269948233862522091e-02 7.522436838261468972e-02 7.760385536237378312e-02 7.921230173755705595e-02 8.042289059030441334e-02 8.186378201576713365e-02 8.359253616771020190e-02 8.546351346520880687e-02 8.736173368906949288e-02 8.890839725170104901e-02 9.123568786570723788e-02 9.376057108085912584e-02
5.130053079919725395e-02 5.174356964213148308e-02 5.123946352522790182e-02 4.978384297976025386e-02 4.832752492042157594e-02 5.044555859503835338e-02 5.229963084583366673e-02 5.395438268764847500e-02 5.594873506024468368e-02 5.797892463317003142e-02 5.987681790415010780e-02 6.167108396590418457e-02 6.345468838934749389e-02 6.528752550603759974e-02 6.714688424448903015e-02 6.839977274035891064e-02 6.820540343295042329e-02 6.768592334548266531e-02 6.922709158884095271e-02 6.968090125907963617e-02 6.856610976380782263e-02 6.705316899893239146e-02 6.654647538251028116e-02 6.855566408931886013e-02 7.072977174066474859e-02 7.309877787137061822e-02 7.564862494931552661e-02 7.829752053608828033e-02 8.080655192711563850e-02 8.266929871652280160e-02 8.421224424538389930e-02 8.581822126310373333e-02 8.755453566219825734e-02 8.936653859052771931e-02 9.117309007761163764e-02 9.311670843886514504e-02 9.531976672813971541e-02
4.939486717614084005e-02 4.945581710837448908e-02 4.890718893024378899e-02 4.736617665306693675e-02 4.953322120499268483e-02 4.938840458303172393e-02 5.021160396628900069e-02 5.227295402104387145e-02 5.447817526375570152e-02 5.641577025838225706e-02 5.817436392512021631e-02 5.987350195152721377e-02 6.171732593413802037e-02 6.357585129262267876e-02 6.537150603773521362e-02 6.593192291096422464e-02 6.583934292244922326e-02 6.515103925231055526e-02 6.673298159304645594e-02 6.718738963357991090e-02 6.605547227202300531e-02 6.509234412457851060e-02 6.701879908020183518e-02 6.907495425275547718e-02 7.128245577450868786e-02 7.365879137620563732e-02 7.618121848255059170e-02 7.876316799441808458e-02 8.125815578520163840e-02 8.332473081825797490e-02 8.499305641374448050e-02 8.660216825873535973e-02 8.825277833704678332e-02 8.996929813789847352e-02 9.176067859012691785e-02 9.367010023507248151e-02 9.569801499991759108e-02
