input/elevation_000000.asc
nrows	250
cellsize	0.002
xllcorner	0
ncols	250
yllcorner	0
NODATA_value	-9999
[rows 0 to 16 of 250, columns 74 to 110 of 250]
2.524333613269790118e-04 3.342735879110061764e-04 2.524333603254008511e-04 2.524333601243017853e-04 2.524333599234308357e-04 2.524333597258130888e-04 2.740350151939314549e-04 2.524333593175993157e-04 2.524333591173089021e-04 2.524333589170292763e-04 2.524333587033659337e-04 2.648521199271401498e-04 2.524333585277244770e-04 3.402393126118362582e-04 2.524333581254009033e-04 2.524333579243018375e-04 2.524333577233814482e-04 3.282562845637922036e-04 4.305141573484725813e-04 3.057913248175870256e-04 3.821594787394675817e-04 2.524333571277244609e-04 3.572509942260048386e-04 4.002392307474031061e-04 5.632972675265106397e-04 6.227859740925636035e-04 6.035974621078710536e-04 5.402697813438294945e-04 3.262333335254020581e-04 3.262333335269802228e-04 3.257365756512343351e-04 2.553294550006959688e-04 3.565100714231049929e-04 5.270984718542464720e-04 5.854182849953936969e-04 6.076969624861705338e-04 4.414146300661622745e-04
2.524333611214887104e-04 4.584096958719452528e-04 4.457977943970898313e-04 2.524333601254008953e-04 2.524333599243017753e-04 2.524333597204967577e-04 2.524333595226447148e-04 3.540573833420070787e-04 2.524333590917626053e-04 2.524333589038855476e-04 3.169911348214740003e-04 2.524333585032896500e-04 2.524333584719790297e-04 2.524333583234308637e-04 2.524333581220588501e-04 2.524333579245924579e-04 3.816652876149709554e-04 2.524333575224217024e-04 4.414423138712416121e-04 4.621978280220719352e-04 3.023181011474542238e-04 2.732942116162142328e-04 2.524333569234309019e-04 2.524333569234309019e-04 4.863386030852393047e-04 5.603930054373956098e-04 5.331785664014586498e-04 5.321679530104893741e-04 3.260413689679355275e-04 3.261245966652790980e-04 4.405238714771084782e-04 4.108829155388259049e-04 2.550955202812547071e-04 4.000918637731960782e-04 4.158649071389229537e-04 4.579530258672812829e-04 2.524333541258131871e-04
2.524333609228781054e-04 4.602149488880507297e-04 5.349481900614456824e-04 4.056490576820445844e-04 2.524333599258130989e-04 2.919635240471266666e-04 2.524333595254008651e-04 2.524333593040185451e-04 3.821492222889888955e-04 3.933967981954391191e-04 3.840151031008657645e-04 4.535050046949471651e-04 2.524333583032390077e-04 3.738081423256565190e-04 3.911927540512052156e-04 3.675534160942063545e-04 4.369220038402931707e-04 2.524333575243018174e-04 2.524333573214295932e-04 3.986490614350179321e-04 3.506371541010992830e-04 2.524333567198495552e-04 2.524333567226979169e-04 2.524333567258131550e-04 3.973405885280740808e-04 5.069616497520221515e-04 5.845930916693997236e-04 5.410796078240235089e-04 3.187284908329430849e-04 4.693659502163199785e-04 4.868456154892683487e-04 4.711776292625163669e-04 3.467105643117349470e-04 2.524333538907653661e-04 3.577409592448589463e-04 2.524333539239455304e-04 3.039936312912910671e-04
3.424797411775988131e-04 2.524333607175992776e-04 3.493241139541154359e-04 2.524333601269472928e-04 2.535702786245911723e-04 2.524333596921803785e-04 2.524333595041798302e-04 2.524333595243018094e-04 3.807351521078472523e-04 3.487533891628692879e-04 5.356070261326221181e-04 5.843791100934101878e-04 3.191114550292531698e-04 2.524333581031382211e-04 2.524333581269790679e-04 2.524333581277244569e-04 4.092703839187583192e-04 4.398616013512331277e-04 3.315859016988401240e-04 2.524333571157636510e-04 2.524333569207465799e-04 3.952762000315425059e-04 2.524333565129803112e-04 3.499811639321749861e-04 2.524333565182171162e-04 4.158546757501634604e-04 5.403486096774480236e-04 4.545196552344161122e-04 2.658333335239466749e-04 4.527438705152813042e-04 2.524333545269473369e-04 3.339353809966505091e-04 2.524333540908866983e-04 3.423382574163292202e-04 2.524333536906086888e-04 3.686731608398800689e-04 3.886460112530068056e-04
2.524333607254008712e-04 2.524333605216139598e-04 2.929698311762035136e-04 2.524333601254008953e-04 2.524333599043157008e-04 4.099633317465350871e-04 5.017009811199910204e-04 4.954854024472466877e-04 3.639910683949081505e-04 2.524333615263313737e-04 5.026156142830338208e-04 5.728202822112626403e-04 2.801928285554622670e-04 2.524333581243018475e-04 2.524333579028402181e-04 3.265017328808563542e-04 3.965330491634997886e-04 4.298271641966673064e-04 2.524333571220589083e-04 2.524333569249581632e-04 4.041967263912277708e-04 4.409624821451321795e-04 2.524333563007157520e-04 3.503751968454975763e-04 2.524333563179017117e-04 3.838656056664034220e-04 4.354638761601329179e-04 2.657792783117570541e-04 4.751126467151967222e-04 4.806313635282713145e-04 2.524333545254009393e-04 2.524333542909232460e-04 3.886485855275095716e-04 2.524333539254009634e-04 2.571206337300451167e-04 2.524333534728603976e-04 2.524333535253613699e-04
2.524333607254008712e-04 2.524333605243017512e-04 2.524333603157635948e-04 2.524333601133493376e-04 2.524333600970704757e-04 3.657398925049488146e-04 4.080516860587567749e-04 4.437090391079288399e-04 3.154236935775128650e-04 2.590888743527757659e-04 2.524333613249580589e-04 4.449422011734202446e-04 3.308876946270893332e-04 2.524333581258131169e-04 3.134410786421522213e-04 2.524333577027666449e-04 3.719789255965928287e-04 2.524333573269473148e-04 2.731935105064579330e-04 2.786154053104606104e-04 2.524333567200566378e-04 2.524333565015926106e-04 3.374095733381881181e-04 2.524333560871146426e-04 2.524333561193156097e-04 2.524333563173089784e-04 2.638451839783406650e-04 3.998749574662167580e-04 4.747456997959324061e-04 3.969214270875255591e-04 2.524333544910087454e-04 3.912457461328260142e-04 4.424664364194387024e-04 2.524333537263314699e-04 3.074344215206919247e-04 2.524333532897738873e-04 3.210481637312782030e-04
2.524333607243017612e-04 2.524333605077136748e-04 2.524333603150703560e-04 3.212428945861582012e-04 3.647267966401584126e-04 2.524333603077988830e-04 2.524333604974771800e-04 3.287425742066339869e-04 3.430924400882849070e-04 2.524333611233813479e-04 2.524333613269790118e-04 3.355860317788149534e-04 2.524333583277244670e-04 3.478987979956669097e-04 3.552607656476495395e-04 2.958672918935259565e-04 2.524333574891591387e-04 2.524333572891261689e-04 2.524333570890931991e-04 2.524333568890602835e-04 2.524333567018659480e-04 3.641491563999897738e-04 2.995875695852789834e-04 2.524333558998863173e-04 3.902391782553748861e-04 4.202710843367446752e-04 4.028549964230420202e-04 2.524333550737380312e-04 2.524333548737030556e-04 2.524333546910455641e-04 3.597345632696668659e-04 4.632539678017519921e-04 4.175200313538450308e-04 3.552697665837146546e-04 2.524333535166766937e-04 3.469782262853636674e-04 2.524333530897164145e-04
2.524333607159146985e-04 2.740381855098118248e-04 3.057618866418905382e-04 3.363788202172900534e-04 2.524333605269472587e-04 4.191426637322257084e-04 4.774952484944312847e-04 2.524333607081258443e-04 2.524333608978412751e-04 2.524333611254008371e-04 4.169093506306467798e-04 4.616304437309197753e-04 3.861151231297815702e-04 2.524333581254009033e-04 2.524333579234308979e-04 2.524333577207465117e-04 3.055873133223317977e-04 3.585696499614157316e-04 2.524333571254009072e-04 2.524333569269473490e-04 3.913846883612288495e-04 2.531890869294389258e-04 4.784548843129799497e-04 4.333421560863870599e-04 2.524333556738957585e-04 2.524333554738431105e-04 2.524333552912428106e-04 3.878361705747130099e-04 3.425430808453475097e-04 2.524333549204968419e-04 4.299003544613853606e-04 4.264434926697578915e-04 2.524333539111120461e-04 2.524333537173250024e-04 3.197479380713617457e-04 3.521755637653877619e-04 3.139198051810793231e-04
3.490617114844876559e-04 3.696457214977882607e-04 2.764924055591817592e-04 3.469244755199902197e-04 3.187823823107830594e-04 3.639187535858174672e-04 5.397547691565561913e-04 4.419604305422798643e-04 3.524139694385808861e-04 2.524333611088866490e-04 2.524333613234308517e-04 2.757660654815828182e-04 3.809654085514516033e-04 2.524333581209716121e-04 2.524333579218048114e-04 3.666224877646972720e-04 3.798495933370790419e-04 2.524333571243018515e-04 2.524333569263314137e-04 4.055745790812402248e-04 4.502059716785794660e-04 3.343673337790027201e-04 3.966555741334663442e-04 2.524333558995269042e-04 3.130869928729022931e-04 4.066856911734820549e-04 4.409868759571421441e-04 4.623478454659844914e-04 3.753363300116770965e-04 2.524333551220589163e-04 3.530602851314534798e-04 2.524333541181416978e-04 3.739154061663618831e-04 3.727344921403052871e-04 3.312677271040318210e-04 3.134761905723549669e-04 2.524333531277245311e-04
2.524333611210779062e-04 3.448387615838663725e-04 3.493026909980053536e-04 3.329019106906223359e-04 2.524333629269789837e-04 2.524333629254008190e-04 4.122069814182985478e-04 2.524333615254008571e-04 2.524333613245924117e-04 2.524333612994996367e-04 3.689273313986187386e-04 3.270619362670389055e-04 2.524333583253612857e-04 3.520698639520001031e-04 2.524333581214887766e-04 2.524333581269473008e-04 4.380759419937383390e-04 4.308388475553299665e-04 3.009000135420580955e-04 2.524333567209716502e-04 2.524333565196454441e-04 2.524333563188937567e-04 2.524333560997656014e-04 3.134619768596455958e-04 2.524333561242567527e-04 2.524333563214887946e-04 2.524333565226979069e-04 2.524333567243018314e-04 2.605490667408019061e-04 2.524333553234309299e-04 3.781694957405271106e-04 2.524333543121590803e-04 3.373112018913421010e-04 2.654700721391864610e-04 4.224694046950938663e-04 2.948065237336478092e-04 4.296803776397428200e-04
2.524333613164985715e-04 3.859048121185685307e-04 3.068456321761376445e-04 2.524333627263313255e-04 2.524333627254008090e-04 2.524333627269472065e-04 3.766790078968196894e-04 2.524333615263313737e-04 3.213487881947070393e-04 2.524333614995579226e-04 4.155806298076149437e-04 2.524333585269473209e-04 3.572937392963034388e-04 3.747565421942213384e-04 2.524333583226978889e-04 4.668218786691529214e-04 4.615825804191254545e-04 4.180715833057328194e-04 2.694948174471714273e-04 3.085222940857278140e-04 2.839319884231330713e-04 2.818222176515612024e-04 2.524333562862614397e-04 5.033094903281960840e-04 5.286216952400496190e-04 3.883650269549160546e-04 4.634499667870067342e-04 4.581868903856471231e-04 4.892956794029148376e-04 4.260392926128779567e-04 4.166770929343820411e-04 2.524333545234309440e-04 2.524333545191886777e-04 2.625579014774503733e-04 3.884081588009456179e-04 2.524333527243019016e-04 2.524333527263315281e-04
3.629266650180951854e-04 4.476218077820617695e-04 4.372546640351010873e-04 3.670825519702966382e-04 2.524333625233813640e-04 3.069290583898163670e-04 3.896529567506082522e-04 3.538055491707174779e-04 2.524333617095336226e-04 4.148082009349375967e-04 4.586303020567382557e-04 3.576357357048502586e-04 2.927441120258081190e-04 2.524333585277244770e-04 2.524333585269790338e-04 4.939889721013796453e-04 2.524333575269473249e-04 3.135697786159594462e-04 2.524333571234309119e-04 2.524333569073004130e-04 2.524333567071993011e-04 2.524333565001305639e-04 3.829101507103258159e-04 5.177985661382127850e-04 5.993287916666128990e-04 4.492999238124979712e-04 4.926122397963920724e-04 4.115333341288415162e-04 5.171478879313888164e-04 4.115333341288415162e-04 4.217600549605378304e-04 4.378225022881540324e-04 3.820881247845433126e-04 3.599303088169070555e-04 2.524333527243019016e-04 2.524333525236548397e-04 3.244302289969532450e-04
2.524333617239454342e-04 3.965580643544403764e-04 4.964853032432864528e-04 4.913254349359038372e-04 4.269166712858367082e-04 2.524333623224216182e-04 3.723462510665258751e-04 2.524333619096171704e-04 4.274347622191188500e-04 4.137880257117289187e-04 2.524333627258130226e-04 2.524333629243017633e-04 4.139100991107493650e-04 3.864322539152829808e-04 2.524333583277244670e-04 5.793033054513468125e-04 4.443314558103369149e-04 2.524333573226978929e-04 2.524333571153677003e-04 4.148614565071859868e-04 4.262379720098211479e-04 2.524333566889619363e-04 3.488376551639903959e-04 2.524333571263314238e-04 4.443069114872194667e-04 2.524333577234308878e-04 4.362161020621118128e-04 4.115333341269802664e-04 4.115333339258143053e-04 4.805832468754484455e-04 4.320637062595921504e-04 4.105020863924667288e-04 4.090262579718948735e-04 4.098154498727700100e-04 3.716532670736073709e-04 2.524333525254010015e-04 2.524333523214296673e-04
4.759791818318395880e-04 2.524333619249580891e-04 4.121765098875131714e-04 4.480898916245108624e-04 3.885062746840397792e-04 4.065541374371110057e-04 2.524333621205874633e-04 2.524333621015495237e-04 3.979336964387190315e-04 2.524333625245924178e-04 3.323128270117813488e-04 3.785353332331350355e-04 4.185992475620849487e-04 2.524333581258131169e-04 3.985465775268648208e-04 5.058538069926976112e-04 2.724012310516133579e-04 2.524333573164145618e-04 2.524333573214887364e-04 4.531002247120149008e-04 4.707834052329162421e-04 3.469396127942322885e-04 2.524333569020510313e-04 2.524333571254009072e-04 3.400806144434891272e-04 2.524333575253612997e-04 4.163977715001334094e-04 4.115333341254021017e-04 4.115333339243029817e-04 4.115333337200577780e-04 4.115333335205887018e-04 4.711844078979326956e-04 4.115333335269801820e-04 4.858910506598750176e-04 4.342499314519927345e-04 2.524333525253613739e-04 3.382078781958170475e-04
4.843402491644067053e-04 2.524333621234307835e-04 3.811559154905826943e-04 3.051333343243029634e-04 4.004036094408064362e-04 3.783580111574224507e-04 2.524333623209715520e-04 2.524333623028699293e-04 2.524333623222078677e-04 2.524333625254007989e-04 3.438263048813031304e-04 3.863063260922882606e-04 4.183476898616119658e-04 4.051897685887846570e-04 2.524333579204967757e-04 2.524333577196453959e-04 2.524333575168563842e-04 2.524333575243018174e-04 2.524333575226979029e-04 3.595850064982451864e-04 2.806965854605980625e-04 2.524333571258131209e-04 3.092798382900876055e-04 2.524333571023568406e-04 2.524333573200566137e-04 2.524333575243018174e-04 4.629453119741499438e-04 5.688725704807364326e-04 4.900239168587022624e-04 4.115333337236558656e-04 4.115333337234320862e-04 4.235756348962753468e-04 3.916903970960750828e-04 4.186932989982470980e-04 2.788610385534760977e-04 3.749210067853157554e-04 2.992125854841450874e-04
5.298850916189766329e-04 5.470538505156205327e-04 4.573438067492225766e-04 3.051333341234320137e-04 3.474823986900889500e-04 2.524333625258130126e-04 3.022306802402470634e-04 2.524333625029428520e-04 2.524333625254007989e-04 2.524333625263313697e-04 3.545617997742578158e-04 2.970333335277256068e-04 2.970333335243029974e-04 4.922601170826002405e-04 4.112042055629080333e-04 2.876818282651461651e-04 2.524333577116971098e-04 2.524333577254008832e-04 2.524333577243018274e-04 4.992863211321662588e-04 4.274343613129907306e-04 3.785829506339622027e-04 2.524333573269473148e-04 4.401165891893974108e-04 2.524333573027178357e-04 3.839160604815646232e-04 5.247703289560705321e-04 6.132493252327796823e-04 4.115333339269484892e-04 4.115333339220600926e-04 4.115333339243029817e-04 4.175597281311277300e-04 2.524333531263314940e-04 3.810874042651857859e-04 4.058411147780078914e-04 4.080094577771388713e-04 2.524333523254009915e-04
3.252245847131848681e-04 4.391022620783447826e-04 3.051333339243029433e-04 3.051333339258142669e-04 4.512988759689681392e-04 2.524333627243017532e-04 3.001029018473796062e-04 2.524333627030162083e-04 2.936155895858713356e-04 3.668531080149166107e-04 3.935332706761184018e-04 3.826471697776876336e-04 2.969039210394343363e-04 4.998175532499955689e-04 4.034708729170791803e-04 2.524333579209098568e-04 2.524333579167594224e-04 4.763917195351412672e-04 4.921657436371498252e-04 5.443609018024277895e-04 3.594817423867050442e-04 4.990510953126421406e-04 5.147960820756150579e-04 4.998833717056742811e-04 2.524333574902440998e-04 2.524333575263314438e-04 5.331726401029190715e-04 6.125300799725742632e-04 4.825597719574794111e-04 4.115333341226990772e-04 4.115333341254021017e-04 4.670568723201731624e-04 3.073067529541629152e-04 2.524333529209716763e-04 2.524333527200567080e-04 2.524333525196455143e-04 2.524333523166767419e-04
