input/elevation_000001.asc
nrows	150
cellsize	0.00333333333333
xllcorner	0
ncols	150
yllcorner	0
NODATA_value	-9999
[rows 0 to 16 of 150, columns 111 to 147 of 150]
8.856704333357662273e-02 8.838059722991396805e-02 8.800200175382061341e-02 8.840436782738229915e-02 8.863171653667156757e-02 8.831894579210530782e-02 8.851441958108037522e-02 8.896744687090787918e-02 8.954788752740942825e-02 9.017608407995750253e-02 9.079716577092417085e-02 9.140551650820083474e-02 9.190787837903670321e-02 9.190061314733752318e-02 9.202164460240522259e-02 9.196886179740156042e-02 9.173673381597773069e-02 9.193469394135422856e-02 9.226589853842387390e-02 9.267932972807343961e-02 9.312485247480449535e-02 9.363159318568728406e-02 9.420393662836795690e-02 9.470029261100013085e-02 9.462825996337677348e-02 9.438939111996798303e-02 9.426514723796183826e-02 9.438941768975449287e-02 9.458760842200181207e-02 9.454772367241084940e-02 9.430323264244053205e-02 9.412831850156218316e-02 9.422563966708726035e-02 9.445343263671360234e-02 9.472836548298731174e-02 9.463527074077900114e-02 9.435069169877530193e-02
8.776090940625845549e-02 8.745212710314302640e-02 8.668289533681286518e-02 8.750583400947259394e-02 8.774901136316466677e-02 8.708442641030252063e-02 8.734449058187980508e-02 8.798994391725531439e-02 8.873346408599028234e-02 8.944962099711288583e-02 9.015067107840948890e-02 9.087064577406102350e-02 9.142483054969957612e-02 9.115626229577693251e-02 9.133985389055156168e-02 9.137767250298244048e-02 9.092735983634331332e-02 9.118924637443998060e-02 9.164654720674683674e-02 9.208896027885406232e-02 9.257172788956787024e-02 9.312756384016422639e-02 9.377603477354923278e-02 9.441595785276646335e-02 9.434170859820362187e-02 9.398669919360279346e-02 9.385363600092494485e-02 9.398663951066198174e-02 9.429812064895871926e-02 9.426422702138877174e-02 9.394494024108039631e-02 9.373124222149843698e-02 9.383712867598670293e-02 9.410866287198893509e-02 9.448014915859888341e-02 9.436365199451333952e-02 9.399246434731160782e-02
8.641164857725182336e-02 8.592248585540798733e-02 8.518652927755628046e-02 8.631384477285224122e-02 8.653668493437455256e-02 8.561534081200206092e-02 8.598968747733844176e-02 8.693168393839072194e-02 8.779001754085570541e-02 8.859572031814406945e-02 8.947630855588968590e-02 9.042366849767326242e-02 9.068802127469423324e-02 9.017312078323384827e-02 9.048358298300750169e-02 9.062325348728382524e-02 8.997042881954431248e-02 9.041838730715323624e-02 9.089194599169464484e-02 9.139762102579794545e-02 9.194921288977138396e-02 9.258805248737476956e-02 9.337826476888232141e-02 9.405803800779558022e-02 9.400666300496092476e-02 9.367666257404937136e-02 9.344294410266661133e-02 9.367189329901799699e-02 9.386531656659921619e-02 9.390777104565722899e-02 9.360745197061808021e-02 9.337086646293614456e-02 9.348503400133030550e-02 9.382405988948679110e-02 9.417827208041178177e-02 9.403746306922775022e-02 9.365992573788874120e-02
8.493308499990644134e-02 8.396811408986280811e-02 8.374148785559153152e-02 8.505395911872840053e-02 8.514321628829324418e-02 8.413718972193479084e-02 8.498303969333159680e-02 8.600545398650191742e-02 8.688172873232204163e-02 8.796090184675570134e-02 8.886892145301478196e-02 8.974885908210064600e-02 8.991742325197063512e-02 8.918768217461474357e-02 8.987304794336602176e-02 8.982088912658757474e-02 8.910332053531269669e-02 8.963470338563279960e-02 9.019877380407786971e-02 9.078489655983530693e-02 9.141234644438661627e-02 9.215819828750539122e-02 9.299776576473621492e-02 9.372717399141861083e-02 9.372593693821877625e-02 9.342211708246513091e-02 9.319994317696515818e-02 9.343131684904515399e-02 9.343327185093613929e-02 9.356053219040381952e-02 9.335154545785503966e-02 9.312023322589689511e-02 9.330053682235091295e-02 9.358779378353380973e-02 9.390232719413264817e-02 9.375192917321863162e-02 9.339772469648785491e-02
8.344367896217494418e-02 8.212879018976998458e-02 8.234290227703583431e-02 8.362103360383253692e-02 8.327972503057777531e-02 8.286940603222084367e-02 8.408086187891919416e-02 8.529854910847570193e-02 8.669398299682841424e-02 8.714382675569944114e-02 8.799231961571500615e-02 8.899659331911227711e-02 8.913990593583172306e-02 8.826075358231406931e-02 8.894877137950656099e-02 8.865164055456278835e-02 8.827579190399569009e-02 8.892513997147215299e-02 8.958057731869860374e-02 9.024506433816724404e-02 9.094116985325290115e-02 9.171341990940869160e-02 9.261163110085536554e-02 9.347954874495705002e-02 9.354085409938948936e-02 9.322348647300306157e-02 9.302901396499579922e-02 9.315978124381449343e-02 9.310390730499876200e-02 9.326560545159429116e-02 9.318858148830559684e-02 9.295870840879785768e-02 9.312988872571174859e-02 9.338569213034372818e-02 9.366140351807593356e-02 9.351395222645150773e-02 9.319353258750164015e-02
8.209942508877367262e-02 8.032176761061365911e-02 8.176986230115937393e-02 8.167223430167329379e-02 8.130935578138821784e-02 8.327200936986531299e-02 8.493908525607772597e-02 8.542971424527021074e-02 8.524239320330086189e-02 8.598065940652181716e-02 8.708457448360246156e-02 8.822631519424992130e-02 8.834759134033229322e-02 8.732584496964455878e-02 8.769272432040667309e-02 8.737081235484077391e-02 8.860530374771537210e-02 8.975053887628192673e-02 9.049846998468884240e-02 9.112047647176185761e-02 9.173523499723397479e-02 9.228425538385623406e-02 9.302645439714431197e-02 9.357746188144902555e-02 9.345975245220401739e-02 9.314024086469148422e-02 9.290513255762264389e-02 9.292271944544708284e-02 9.288644685735365780e-02 9.303986693570796829e-02 9.302649662838831379e-02 9.283750130747424334e-02 9.299021256028934534e-02 9.321339142501236519e-02 9.345110381471370686e-02 9.331528230586041972e-02 9.303231552310985142e-02
8.088119905378551855e-02 7.885150496650013274e-02 8.009980726704597764e-02 7.958434758375708407e-02 8.174161640666939566e-02 8.375010978673362583e-02 8.445458923335355528e-02 8.382139930627785507e-02 8.379049340851051075e-02 8.492657592602316508e-02 8.615632326423279530e-02 8.749873116818100705e-02 8.749840830103726430e-02 8.637901389325700063e-02 8.638235248352671425e-02 8.725316459469402430e-02 8.855225344383740871e-02 8.976784164616427586e-02 9.067996853096622900e-02 9.138575178624420980e-02 9.208100012618783414e-02 9.278389361855922390e-02 9.337089385383087747e-02 9.366319451067851853e-02 9.346086825423821631e-02 9.317631853774828443e-02 9.293079496272278750e-02 9.275982841728593054e-02 9.274386969739215059e-02 9.285246235666454184e-02 9.288544008808567731e-02 9.274414893768478940e-02 9.287645969264349266e-02 9.305808633821283093e-02 9.328320382558201451e-02 9.314724746651678600e-02 9.290285204416197373e-02
7.978038063467624008e-02 7.741924134346167552e-02 7.779535991066625911e-02 8.007907947617812217e-02 8.232510743146713439e-02 8.373737134219086387e-02 8.329152913198360764e-02 8.184128116057723390e-02 8.269562500108049163e-02 8.374367856257192155e-02 8.543942060825411577e-02 8.656414996896602543e-02 8.621837710112272013e-02 8.542808521450823145e-02 8.711377108073077580e-02 8.827369879020660615e-02 8.845788756968514521e-02 8.925188963009535181e-02 9.003974830667345330e-02 9.082422764798001036e-02 9.163950953045979508e-02 9.253228073845957968e-02 9.328663949837714964e-02 9.348236354090834477e-02 9.325067895583825928e-02 9.305432789727777210e-02 9.293670249307250941e-02 9.278865480657437492e-02 9.265004194932038861e-02 9.268570953826511805e-02 9.274488389353109652e-02 9.267244342711454530e-02 9.278375077604612831e-02 9.298906708041053404e-02 9.311223599083351399e-02 9.299089804425574035e-02 9.279527710100946014e-02
7.865783424753330921e-02 7.602874142229539001e-02 7.843147467284926344e-02 8.051032387509728105e-02 8.217318450582443423e-02 8.238280552599050455e-02 8.138005852279424357e-02 8.036740759555517644e-02 8.140200487591342515e-02 8.338350192937234173e-02 8.506928166732027896e-02 8.516884808796129636e-02 8.439631823964678647e-02 8.617574561727719962e-02 8.744974774969467568e-02 8.877694413390598005e-02 8.959651498720880292e-02 9.011891089564208479e-02 9.075921256113059221e-02 9.142521848433475540e-02 9.210505248127014155e-02 9.276449900427341522e-02 9.322059142648615737e-02 9.327546858223531578e-02 9.305585135798247198e-02 9.288855430441736449e-02 9.277736639652020556e-02 9.273178304923714033e-02 9.266141828304136352e-02 9.257322327162925690e-02 9.264266235208586109e-02 9.261929502483530474e-02 9.275306006827375993e-02 9.292038908513615414e-02 9.294211280205606773e-02 9.282275677321207008e-02 9.270144600594455719e-02
7.730060401228384948e-02 7.487855587638944654e-02 7.722350323320911758e-02 7.927634300287590696e-02 8.102783282220893391e-02 8.064504617358937699e-02 7.924010796875743945e-02 7.905151608619173653e-02 8.128700191235728456e-02 8.332496067082750812e-02 8.399641863635798344e-02 8.327099925239793421e-02 8.516407123266633850e-02 8.626944369570387072e-02 8.756431382938648089e-02 8.876386544076812768e-02 8.975197018543427940e-02 8.991819948525037187e-02 9.045234715804226222e-02 9.104204557566332456e-02 9.164072589682895065e-02 9.210927507329616515e-02 9.268855983080366567e-02 9.293918219083636967e-02 9.290451070218871954e-02 9.276937181839542412e-02 9.267452082682470227e-02 9.261315883175687269e-02 9.259487901078186645e-02 9.253233253326348384e-02 9.255375638046635378e-02 9.264420874518435045e-02 9.277059835177123293e-02 9.284366453432771338e-02 9.278875158593805073e-02 9.268700588495190629e-02 9.262015761307053341e-02
7.507858967400055095e-02 7.375139522038957896e-02 7.601474928981331869e-02 7.805410724412557844e-02 7.923856711387543272e-02 7.853891123240393235e-02 7.714416521495376378e-02 7.957511291089268413e-02 8.158275553993678264e-02 8.276404787870220159e-02 8.212039947268225115e-02 8.370166212888037471e-02 8.535274189564925895e-02 8.701487879013278248e-02 8.813505259572854134e-02 8.875113687987937205e-02 8.883632452218466480e-02 8.838006043241598830e-02 8.902739517839693140e-02 8.970180907881729337e-02 9.031716663736491513e-02 9.115982894524950197e-02 9.194513878195459400e-02 9.248252022671182848e-02 9.270684837725098881e-02 9.269592569831747175e-02 9.260734416531139768e-02 9.255189194686068432e-02 9.251776430982666666e-02 9.250576435447001311e-02 9.257364497226198974e-02 9.265034098354531233e-02 9.272423013771695366e-02 9.273089188012390016e-02 9.264667819976726837e-02 9.257544573024771573e-02 9.257775290498498899e-02
7.214534500929299654e-02 7.420507421129396430e-02 7.493832265129120318e-02 7.635119569232717840e-02 7.706462659699669926e-02 7.582299908305133174e-02 7.828050868349392677e-02 7.842460433076950399e-02 8.071806731688944969e-02 8.093366758936484939e-02 8.318498656606185260e-02 8.490996298848722812e-02 8.618247010423228660e-02 8.728156378766399603e-02 8.746513117496981793e-02 8.728635668616943621e-02 8.717700113976521725e-02 8.668410945744949025e-02 8.746950322794830313e-02 8.818895366067425190e-02 8.910411508845353379e-02 9.010610288244300103e-02 9.112582395762454379e-02 9.195728633535195373e-02 9.246729797960391573e-02 9.263036148347322807e-02 9.258876415480503386e-02 9.252023397583533648e-02 9.247921049142630856e-02 9.250150081461225304e-02 9.252272463540628378e-02 9.256772771359426943e-02 9.262870416891434699e-02 9.262940169977845750e-02 9.255965930328848013e-02 9.250335532975874353e-02 9.252247713703300180e-02
7.095732259632055172e-02 7.182637621822603180e-02 7.268254802995403885e-02 7.355975253964792959e-02 7.447030551561602263e-02 7.666799579007449461e-02 7.923808251861780283e-02 8.055491587068894233e-02 7.974516513943309681e-02 8.188970150739581511e-02 8.370690853040127499e-02 8.535267578299013391e-02 8.575261660248607865e-02 8.602888585603191141e-02 8.566551550098548684e-02 8.541654803040732435e-02 8.536945642184801120e-02 8.507226372513061741e-02 8.592195157765225577e-02 8.682336125200094956e-02 8.782778096493899789e-02 8.904493317264226826e-02 9.028530115966167113e-02 9.138500005312662211e-02 9.216430774182218788e-02 9.256880330443087446e-02 9.264314591127263687e-02 9.257474143531727040e-02 9.250272861008981828e-02 9.245566351485873247e-02 9.246704698137037104e-02 9.249839409544552415e-02 9.254216181728111557e-02 9.254118741012544447e-02 9.250068276867100259e-02 9.245849083174549621e-02 9.246959531560566825e-02
7.275875001303670764e-02 7.457759598226290643e-02 7.531479287848712179e-02 7.612877590008441941e-02 7.683138065970701591e-02 7.817155764956933151e-02 7.999911674350826396e-02 8.193054949824239708e-02 8.217578985343566844e-02 8.318695462887859549e-02 8.443484613118014404e-02 8.450610658256070551e-02 8.374289748027541336e-02 8.395827340017478213e-02 8.362181669385788940e-02 8.344079027984903363e-02 8.349218787471435199e-02 8.356727064659506821e-02 8.437940110627364931e-02 8.530098023817450636e-02 8.659290136882086264e-02 8.798893382051033163e-02 8.940579215863059259e-02 9.071565242636850379e-02 9.177448699978490998e-02 9.240769533274197090e-02 9.262069630804532772e-02 9.261666591281267347e-02 9.254811454117213565e-02 9.247794268107109583e-02 9.243422599408450402e-02 9.244710392290703127e-02 9.247587147895372506e-02 9.247285587932170536e-02 9.246097612201341354e-02 9.242978161791864933e-02 9.243259310517655536e-02
7.344622942944627197e-02 7.594108756688920658e-02 7.784724741859716524e-02 7.870772815911493414e-02 7.929361038613554069e-02 8.015380454005173461e-02 8.122324452775495085e-02 8.211720024111125726e-02 8.294089715691999043e-02 8.383073121729470167e-02 8.380884406194126501e-02 8.282261181127224814e-02 8.134961774547133651e-02 8.180498423038273792e-02 8.151858385971093302e-02 8.141751799110043264e-02 8.152479077371581340e-02 8.296644359715829586e-02 8.250783544679948789e-02 8.390385880282795472e-02 8.535740748803906375e-02 8.687084924778257222e-02 8.843832950302421558e-02 8.999200173466287422e-02 9.130848575226750696e-02 9.214471984776635705e-02 9.241642222728327360e-02 9.254113060340951602e-02 9.256107953238822128e-02 9.250149919630508422e-02 9.244983058096642448e-02 9.241640992789569575e-02 9.242936981177624078e-02 9.243054069996148314e-02 9.242105403547624942e-02 9.240993392315678678e-02 9.243949816590535384e-02
7.601680247925327039e-02 7.738859203794504205e-02 7.910116250159912599e-02 7.969329312958269018e-02 7.927272135458805769e-02 7.960266634342137715e-02 7.988713899355315284e-02 7.971245898519783990e-02 8.091480915566508225e-02 8.243619604165201842e-02 8.220072883484966231e-02 8.056690553935415278e-02 7.896691786473568342e-02 7.967242979702540695e-02 7.937124853766873434e-02 7.936250471569179787e-02 8.097398956978404949e-02 8.050305543002889141e-02 8.319739822120843231e-02 8.516918478922859415e-02 8.675883475488987973e-02 8.819255858429131401e-02 8.951256716517123901e-02 9.062874004944564132e-02 9.137711618782823342e-02 9.173369610713913436e-02 9.211076129879569585e-02 9.236059317507588906e-02 9.250172399476071228e-02 9.252055443109460930e-02 9.248428728023581902e-02 9.243780886154166765e-02 9.240029187830141322e-02 9.240917710014777409e-02 9.239238181269165961e-02 9.242007884510784754e-02 9.245176457210824150e-02
7.587589428368554656e-02 7.697925246745281058e-02 7.814663828259174605e-02 7.791956611385815468e-02 7.649228663820445417e-02 7.690126096273529333e-02 7.708259927305544101e-02 7.707928506879954678e-02 7.890279533559281522e-02 8.068425427287971574e-02 7.970362010420942167e-02 7.885860642263992082e-02 7.662352995629377606e-02 7.789177747357962922e-02 7.717309681588241377e-02 7.897531296181374560e-02 7.837684295678283564e-02 8.029572882494033503e-02 8.219442840036257636e-02 8.407826535126479428e-02 8.593035180829523834e-02 8.761176263149900167e-02 8.909363595259742197e-02 8.987007077785738596e-02 9.048322255843078976e-02 9.119930810207443894e-02 9.173935689581769193e-02 9.212071555621462182e-02 9.231285102973132983e-02 9.244565550488235972e-02 9.248294809680404627e-02 9.245046453310971912e-02 9.241652469666551684e-02 9.238492668418445131e-02 9.238091619535598875e-02 9.240434534334729388e-02 9.242524170168502085e-02
