input/no_sine_energy.asc
nrows	150
cellsize	66.6666666667
xllcorner	0
ncols	150
yllcorner	0
NODATA_value	-9999
[rows 17 to 33 of 150, columns 74 to 110 of 150]
4.713870494876031216e+02 5.105691117558452561e+02 5.572646740760347939e+02 6.157627193478883783e+02 6.874867598095829635e+02 7.558190251035987330e+02 7.513064811493680963e+02 6.791635210632996404e+02 6.060022668391544585e+02 5.467802082711875755e+02 4.995999362078315471e+02 4.603129928886410767e+02 4.264746779027002503e+02 3.967553448232088158e+02 3.961636513227935552e+02 3.427238000144709531e+02 4.040802859901786519e+02 4.551137281627102880e+02 5.079953941642805262e+02 5.638616614720048119e+02 6.074538376164800866e+02 6.323581259203890568e+02 6.459429752745709266e+02 6.798453393418080850e+02 7.164883683521304647e+02 6.936653306793267575e+02 6.202025289429728900e+02 5.506309548392599709e+02 5.069670720365047032e+02 4.757618005278314399e+02 4.427671350438851050e+02 5.128782240630297338e+02 5.741211956298517407e+02 6.287164221462536489e+02 6.902383993260295938e+02 7.287214991521614138e+02 7.167541452236054056e+02
5.154458546183916496e+02 5.562342108906558451e+02 6.008927012868065276e+02 6.519887949191381722e+02 7.150239369927224971e+02 7.710234904137502099e+02 7.596737551766350407e+02 6.905347003211679748e+02 6.216862717267489415e+02 5.626653255677052812e+02 5.117290194776753651e+02 4.672199318383803188e+02 4.275582713898853058e+02 3.910944240019234712e+02 3.569143570551142375e+02 3.325057272950285210e+02 3.845000956218801207e+02 4.328214593674996422e+02 4.800316681429158621e+02 5.326795491851071347e+02 5.721907419234850067e+02 5.769000184426341775e+02 5.812142353300944251e+02 6.300352746339380019e+02 6.818499165846025107e+02 6.737452484361025427e+02 6.087263265422106997e+02 5.366327769689044089e+02 4.689969000590502901e+02 4.226940553897079553e+02 4.854283361661516096e+02 5.478004227194045370e+02 6.116434996215247111e+02 6.659989660943709850e+02 7.038235926080645868e+02 7.054176443076021314e+02 6.741407422962457758e+02
5.793572004760841310e+02 6.038308437245691493e+02 6.538214260669059286e+02 6.999986090115983188e+02 7.485022104503869969e+02 7.929393016981257460e+02 7.801104300896046198e+02 7.301322553132565645e+02 6.749129389315179424e+02 6.219692081559180679e+02 5.671009034343879875e+02 5.246750317731330142e+02 4.865164572568665449e+02 4.498367489868801385e+02 4.179861922236014493e+02 3.752025407795787260e+02 3.183882446330606513e+02 3.833684968487078208e+02 4.416868199202655205e+02 5.012900204091874343e+02 5.123034009415160881e+02 5.112449031559546597e+02 5.215337311521055881e+02 5.898264865115833118e+02 6.553832066683463609e+02 6.589156005218056862e+02 6.072220489559462067e+02 5.435825193570769898e+02 4.784676977671657596e+02 4.094736727750540695e+02 4.732432585878177633e+02 5.431327420871662071e+02 6.139683712175300343e+02 6.679121937583182671e+02 6.841709007772554969e+02 6.615085172479372204e+02 6.150443807494112889e+02
6.198928606567511679e+02 6.629405379152216256e+02 7.069890542094564125e+02 7.443574234614975467e+02 7.808816837750173363e+02 8.055943836044029922e+02 7.833847132800153759e+02 7.404270858166009930e+02 6.953026110213363609e+02 6.505333461325268445e+02 6.098540159545324286e+02 5.735913684639967869e+02 5.372136039219237773e+02 4.932645771788523916e+02 4.323197667668837880e+02 3.679511784429432737e+02 3.068280873810486469e+02 3.591687202534695871e+02 4.267951915988210772e+02 4.586432012030746250e+02 4.489898940408572798e+02 4.481067893931364665e+02 5.108143994788599684e+02 5.794448774015460231e+02 6.399137418061455946e+02 6.387184574414145573e+02 5.753363884745375572e+02 5.062061440403667234e+02 4.458829210880135179e+02 3.970686245691295539e+02 4.704229686641249941e+02 5.357984053528366530e+02 5.899785740406787227e+02 6.410029680326364314e+02 6.420346737669328832e+02 6.013660413251802765e+02 5.583044351986227412e+02
6.571647276460014382e+02 6.967438096510602463e+02 7.267536740889081557e+02 7.362545952931742477e+02 7.616548963221915756e+02 7.768314842420470541e+02 7.494552685397841287e+02 6.972836968595304370e+02 6.520860013054248157e+02 6.142603582913674245e+02 5.892728714601718139e+02 5.656913558149502705e+02 5.388668522595604600e+02 4.958286489093010232e+02 4.367896089977296583e+02 3.661480954884960397e+02 2.975549198303958178e+02 3.614725027434823801e+02 3.997212418263987388e+02 3.984800882796351971e+02 3.872311212771965074e+02 4.437883377084548329e+02 5.069318543237467338e+02 5.728665894694534018e+02 6.275437803867483808e+02 6.264593122474232132e+02 5.784390452376580924e+02 5.117069356023345676e+02 4.449751276250666479e+02 3.853575848621975410e+02 4.361065403615201035e+02 4.959449570112109882e+02 5.603054656774334035e+02 6.004742100315430662e+02 5.929468179325411938e+02 5.470562008378101382e+02 4.990442696435320613e+02
6.354756363109158883e+02 6.724745614348385061e+02 6.857275354496287036e+02 6.668805711765588740e+02 7.037859967827500896e+02 7.252599754672191921e+02 6.978037508240662419e+02 6.486208014501553407e+02 5.963019973296804892e+02 5.555928569662738710e+02 5.207108994695859110e+02 5.041131518156975631e+02 4.945364259070551043e+02 4.568187461372168059e+02 4.093678707658390294e+02 3.578602292042824047e+02 2.877639395205865753e+02 3.359896963423081502e+02 3.450231889479784968e+02 3.344106079969681105e+02 3.916618228993755224e+02 4.523123752656862848e+02 5.141362816697037488e+02 5.675396186169296016e+02 6.037905756792149532e+02 5.920701490055838576e+02 5.509677811231042597e+02 5.088711705182864193e+02 4.417836068554199187e+02 3.743983555278757080e+02 4.434697109789001388e+02 5.016475904229226330e+02 5.415196834588896309e+02 5.436610640345918455e+02 5.387602412872821560e+02 4.930139811098229075e+02 4.483074438424154096e+02
5.755989085848481182e+02 6.252867177530777099e+02 6.286750634824825283e+02 5.902472367794645152e+02 6.321396954625560056e+02 6.720201240308012984e+02 6.619247426698685786e+02 6.018228460632960832e+02 5.494786688888823392e+02 5.033153013390975161e+02 4.672099093747954157e+02 4.340846587920570983e+02 4.283108175896600756e+02 4.161116833430995712e+02 3.645342361831255289e+02 3.238592179810124208e+02 2.784586966094983609e+02 2.818129106856151793e+02 2.858334113832024173e+02 3.421940525350465236e+02 3.914517248443348194e+02 4.385857754101791102e+02 4.732041027746922737e+02 5.300395209216001149e+02 5.571196746168782283e+02 5.410751349064015585e+02 4.945484702576977156e+02 4.822671935483813286e+02 4.319225683153841828e+02 3.625006924248501718e+02 4.159061434566474986e+02 4.673276525813523108e+02 4.900374850243184142e+02 4.797157648507371164e+02 4.807813459748688842e+02 4.399498260949935684e+02 3.916519744641537955e+02
5.257368731394328734e+02 5.805351822395784893e+02 5.745942088064264226e+02 5.243344925211904410e+02 5.740686878740377779e+02 6.232184895360105656e+02 6.242174943813389518e+02 5.699845409234883391e+02 5.076528460677650969e+02 4.616682478762851929e+02 4.227300732566338297e+02 3.907710480578483043e+02 3.611251476622659311e+02 3.623649886788652452e+02 3.247281907923864992e+02 2.741049844767670720e+02 3.323760959176188408e+02 3.453583404602589439e+02 3.454151045823670643e+02 2.924295639184085758e+02 3.489493099823163220e+02 3.831268284532363850e+02 4.506303931076594722e+02 4.932241975541930969e+02 4.959891133224315354e+02 4.842813762870075038e+02 4.342872845779822910e+02 4.361188181344057853e+02 3.958378558262650699e+02 3.512383715111179185e+02 4.004167431208826997e+02 4.213060515724048400e+02 4.229006576051131105e+02 4.170459180611635475e+02 4.248995778963683279e+02 3.773528120517940465e+02 4.174954770708257001e+02
4.887415056225786998e+02 5.445346791940734192e+02 5.272061290794637216e+02 4.690903815905405168e+02 5.239573425445300927e+02 5.784020668890121897e+02 5.859726140751018875e+02 5.360334630688793141e+02 4.768773129495377816e+02 4.238654755103916045e+02 3.857594682494878953e+02 3.532993219713861777e+02 3.240440602867769258e+02 2.979926892145554689e+02 2.681981849202579724e+02 3.207696903925640868e+02 3.697617864807643855e+02 4.068171152689540691e+02 3.981601295293195903e+02 3.529923331965752027e+02 2.990572581584100362e+02 3.619163051218568512e+02 4.048235764698794696e+02 4.406950645388856174e+02 4.330495983779082962e+02 4.288919806861654820e+02 3.780673536936778873e+02 3.870248210941583125e+02 3.377096774712073852e+02 3.411761350800844639e+02 3.458733236612825408e+02 3.508340178122001021e+02 3.557514428142753218e+02 3.603897251026984350e+02 3.650041115565833820e+02 3.696203234922986098e+02 3.752062738047280845e+02
4.903723876694531327e+02 5.161643051257680099e+02 4.839887841097706769e+02 4.207386340185734070e+02 4.790366909000128999e+02 5.364034231440607527e+02 5.471170960496782527e+02 5.000325907623965236e+02 4.436385487252439930e+02 3.931988812561731379e+02 3.512100240029611768e+02 3.190700430892712234e+02 2.930516961468216550e+02 2.626875955208761297e+02 3.114112134479312317e+02 3.577642034827138673e+02 4.126498769424309785e+02 4.568900932109435189e+02 4.500275205096215245e+02 4.010611807180191022e+02 3.535066609603289862e+02 3.056339232776705899e+02 3.648520293217918038e+02 3.773617984612160399e+02 3.728770129680572722e+02 3.785777670549440472e+02 3.271739396983521715e+02 3.310221729978278518e+02 3.733036398524706669e+02 3.974868433484826937e+02 4.121616861971904768e+02 4.163196525794001559e+02 4.219408565913206530e+02 4.204084565430592875e+02 4.196830895648655542e+02 4.253245590598309036e+02 4.415754654021019405e+02
4.737854242931864519e+02 4.819167093618553963e+02 4.356886882872875049e+02 3.770830513974344740e+02 4.379416446374439147e+02 4.960548628408154741e+02 5.070754668395919680e+02 4.620017976655247480e+02 4.076867246020690914e+02 3.602024880495178536e+02 3.195666623513590707e+02 2.885042437763408429e+02 2.575216455630916244e+02 3.109292739135279930e+02 3.532129970591473125e+02 4.005897692743425296e+02 4.541540713358417065e+02 5.011903290445577568e+02 4.975012548213285299e+02 4.506869823679306251e+02 3.998433662719629069e+02 3.597101047877231963e+02 3.111711984030210374e+02 3.145254122775463088e+02 3.177399160079888816e+02 3.216126913971953627e+02 3.791630647597111192e+02 3.876229865233112832e+02 3.414869275992389248e+02 3.985810356247710047e+02 4.390237585861226535e+02 4.693948983515304008e+02 4.858112324270950921e+02 4.854801434474766211e+02 4.818588696430430218e+02 4.873207964986675620e+02 5.003396588026860741e+02
4.369538276131387988e+02 4.434070297114477626e+02 3.964549893815585051e+02 3.379237610437932062e+02 3.996184676243247509e+02 4.556742189803337624e+02 4.646058418572708320e+02 4.215191264512873772e+02 3.698947630200809726e+02 3.232865166283758640e+02 2.880938866719307043e+02 2.521613255703598213e+02 3.128566947655971262e+02 3.591907476068622032e+02 4.060262075484305910e+02 4.508885146811533104e+02 4.968379661607395406e+02 5.408196806482413876e+02 5.409793434766567088e+02 5.001648260420400334e+02 4.582586534813726189e+02 4.128033295015347335e+02 3.647198099131429672e+02 3.664383546740781412e+02 3.652943312875570427e+02 3.652782916888947398e+02 4.173543056607458084e+02 4.345246896631051641e+02 4.016480114895830980e+02 3.527623285586164457e+02 4.181737728781036481e+02 4.669067954018407818e+02 5.129036621858626859e+02 5.420275887274054867e+02 5.463464269806133871e+02 5.526943697812082519e+02 5.543130454601194970e+02
3.921371749584957911e+02 3.977952052887657146e+02 3.597456716059357404e+02 3.025669840240504413e+02 3.625660733916859613e+02 4.118064460129008921e+02 4.155108823215921916e+02 3.791653929138511785e+02 3.285450059364692947e+02 2.874413726063461354e+02 2.466160953616912650e+02 3.064078931490470836e+02 3.615696740837697689e+02 4.094235579684381037e+02 4.535487688241889828e+02 4.966564381440683178e+02 5.359313711427504359e+02 5.669108469339098519e+02 5.718706358458599652e+02 5.512105615386068393e+02 5.180727938783184072e+02 4.709427218216941355e+02 4.302090372348130813e+02 4.268818426892677280e+02 4.211058075131423948e+02 4.232554123555585193e+02 4.425986501423839741e+02 4.807884660332658768e+02 4.557153160852052451e+02 4.135083437527180195e+02 3.627599042539598599e+02 4.281074007402531265e+02 4.975505306870387585e+02 5.590059671548149254e+02 5.957666252390919226e+02 6.116152753068473658e+02 6.069998728481126591e+02
3.385931947306228267e+02 3.373263242281862517e+02 3.262138326573202107e+02 2.705130522795654997e+02 3.244990938493459112e+02 3.567866401169381447e+02 3.521643761556256322e+02 3.372889155345578160e+02 2.884788008666095607e+02 2.409429193081914491e+02 3.001450475643075038e+02 3.424079906908050930e+02 3.840548247516272227e+02 4.163970173717312946e+02 4.527869407648753963e+02 4.930500618314001713e+02 5.242600562885270392e+02 5.442794914646833604e+02 5.553501830827825643e+02 5.639590637385692844e+02 5.540077603200354588e+02 5.319048554255155068e+02 5.041857813941659856e+02 4.967240857483500349e+02 4.862108325367313455e+02 4.876748131642199837e+02 4.992524006694153513e+02 5.250718779816594406e+02 4.866183032481611122e+02 4.246417745487923980e+02 3.694534005040949296e+02 4.306864362812603986e+02 4.875294129403779380e+02 5.435760668809394929e+02 5.911657918970149694e+02 6.301423156191744965e+02 6.477581802070394588e+02
2.736228076000181204e+02 2.731056514778609312e+02 2.778052371225783190e+02 2.415574611553119837e+02 2.828589543410921578e+02 2.897870896242415597e+02 2.871456598486149687e+02 2.879958164545400905e+02 2.353412454112368835e+02 2.794537293115637908e+02 3.101718934241175702e+02 3.312243436240542565e+02 3.490367233409577921e+02 3.578745498048166951e+02 3.994307228343789689e+02 4.484210631725644021e+02 4.643648264306457349e+02 4.790641105452536408e+02 4.899832677302321713e+02 5.246141011256852380e+02 5.409622571291359918e+02 5.568680509972101618e+02 5.647479840425909288e+02 5.677984009816939306e+02 5.582500476751337146e+02 5.591327184933116996e+02 5.613790777657831086e+02 5.718763103780020174e+02 5.227450553924685437e+02 4.636610594777892516e+02 4.196214481043105593e+02 3.802229913509270318e+02 4.425669858689553280e+02 4.942685861167200301e+02 5.485361913825862530e+02 6.073696355606670068e+02 6.528395362018488868e+02
2.091090912428078639e+02 2.120889690142897734e+02 2.150969786760919931e+02 2.172726683315113405e+02 2.202290572761379508e+02 2.233672450152114379e+02 2.263889637893036024e+02 2.299915473704889735e+02 2.788664997445760605e+02 2.485625389550412478e+02 2.584062085562881066e+02 2.683217082843455046e+02 2.788400696057939285e+02 2.907436238470370995e+02 3.515101138727988541e+02 3.902110703658136117e+02 3.975505671101809071e+02 4.113502114058921393e+02 4.234586855313320939e+02 4.613706015648107837e+02 4.761818868530264126e+02 5.262330093386760836e+02 5.717133363505074612e+02 6.086186201397210880e+02 6.226416980538889447e+02 6.307924744128042676e+02 6.265238611317801087e+02 6.194744377675897340e+02 5.660145941602527273e+02 5.104216593823856556e+02 4.656462598998828071e+02 4.277819751642916231e+02 3.907176531861767330e+02 4.476557417129777150e+02 5.026451218368362674e+02 5.595181491288049074e+02 6.196653037933581345e+02
2.656861360243778449e+02 2.760687478523230993e+02 2.806084185832231128e+02 2.432753215021457152e+02 2.769413093582742249e+02 2.929337873425960197e+02 2.902338341272798630e+02 3.041335738673296305e+02 3.258298559438842972e+02 2.899650073299593487e+02 3.269259950390649578e+02 3.259334146527938856e+02 3.421849226196486029e+02 3.450079361952952013e+02 3.048206596769122712e+02 3.196900197304569247e+02 3.354578916383953811e+02 3.512910960770596489e+02 3.676985942085598253e+02 3.854921320421000246e+02 4.065889893878359658e+02 4.773555747623339016e+02 5.379515290315239326e+02 5.982013108458727402e+02 6.401525394378961664e+02 6.728860731862948796e+02 6.827881748091720056e+02 6.666652109076428587e+02 6.149039421466693511e+02 5.629678248569482548e+02 5.116069348046068512e+02 4.673083556671887209e+02 4.337827202608485209e+02 4.009466608444312783e+02 4.573866436302386660e+02 5.115503212481521587e+02 5.642958044854575519e+02
