input/resize.asc
nrows	150
cellsize	0.00333333333333
xllcorner	0
ncols	150
yllcorner	0
NODATA_value	-9999
[rows 119 to 135 of 150, columns 0 to 36 of 150]
9.085627990833585951e-03 9.617227035385979630e-03 1.027625634145161448e-02 1.116025083185081743e-02 1.140719739603574152e-02 1.148023729249698054e-02 1.231383386694120952e-02 1.324297190565817961e-02 1.385349042266794534e-02 1.488230460542588722e-02 1.581051169016626373e-02 1.624878197967512955e-02 1.693652709668580850e-02 1.755696168781582800e-02 1.787351728389194316e-02 1.819664762529532576e-02 1.868238932540360400e-02 1.903946064860622192e-02 1.919742374886474964e-02 1.973916308553906249e-02 2.026629924653956111e-02 2.083723339884008263e-02 2.136286971135597026e-02 2.169933927615771627e-02 2.158556103405752033e-02 2.159442838865858333e-02 2.158613993019194849e-02 2.151587687831529525e-02 2.105712499929714501e-02 2.076065784406252307e-02 2.041235296043352257e-02 2.023679470959599894e-02 1.995774624334633457e-02 1.956752969911164375e-02 1.973255777404585992e-02 1.942641035807412056e-02 1.943565393355738830e-02
8.011298524438501337e-03 8.670687554306312494e-03 8.984377436304697220e-03 9.608781711498750808e-03 1.046503997849563931e-02 1.078530189171253602e-02 1.160073758733081231e-02 1.258643133521602023e-02 1.324474222666282251e-02 1.419215679027041772e-02 1.557888377530315498e-02 1.611332158419145205e-02 1.662233303189553785e-02 1.666277591931428562e-02 1.731493777798452649e-02 1.801134677600910519e-02 1.816281903515444204e-02 1.849852420258604052e-02 1.911357086209055506e-02 1.926054853121984128e-02 1.989624214878510725e-02 2.029415212797236814e-02 2.090882397802151446e-02 2.121163605432582408e-02 2.135548588221703945e-02 2.156871563636438699e-02 2.161039202536791520e-02 2.179322953885636655e-02 2.125964251480733785e-02 2.097722323709528755e-02 2.056795638071879859e-02 2.027009970507468589e-02 2.013935162158752082e-02 1.970658653241957881e-02 1.976565913739632835e-02 1.952925655446483694e-02 1.967929687531153743e-02
6.833085374495723521e-03 7.411062862735178815e-03 8.148595954895981527e-03 8.871876853383725559e-03 9.665022498757294689e-03 1.073667913030257673e-02 1.158371463900593340e-02 1.244429670438621828e-02 1.276036641566469058e-02 1.336106693477311959e-02 1.421882851613231850e-02 1.475528510864216984e-02 1.555822409360150919e-02 1.629101902438776645e-02 1.669357142407203176e-02 1.740322439172577174e-02 1.797816742219235722e-02 1.836305001861325212e-02 1.855267099533577241e-02 1.892017428145209221e-02 1.937276941948431336e-02 1.980723466311450076e-02 2.026999685474075233e-02 2.104312238039851568e-02 2.142372527383552827e-02 2.172016897466286928e-02 2.151803609052008529e-02 2.167324117495418589e-02 2.127616754524285642e-02 2.101147271909191427e-02 2.063554909248074484e-02 2.035856252567136079e-02 1.988874462578880259e-02 1.996706866559009100e-02 1.995326658110005424e-02 1.977254748206455290e-02 1.979808748847982150e-02
6.696991395095665614e-03 7.491618944765221152e-03 7.880651440101985039e-03 8.459088858085224427e-03 9.224562666363980007e-03 1.015064108037246580e-02 1.079445311460139507e-02 1.203054761857239897e-02 1.226227494604239555e-02 1.305276612485553774e-02 1.366286001325958850e-02 1.387546214225393766e-02 1.452858527258698088e-02 1.536302782572094780e-02 1.602593740317897336e-02 1.656383170264895399e-02 1.714987598094099008e-02 1.762522047089140620e-02 1.816048075626868277e-02 1.848764865922794196e-02 1.919098372715151782e-02 2.006020369083418714e-02 2.049643925011177675e-02 2.127797155120947706e-02 2.164275643972068605e-02 2.187411630087875494e-02 2.157818288924951908e-02 2.138841097868278418e-02 2.107287707028761628e-02 2.089397826606946909e-02 2.056755458252146687e-02 2.038385175443919312e-02 2.000548699769976249e-02 2.010662774182159912e-02 1.995410345926211526e-02 1.989758008153205693e-02 1.995813319161358207e-02
9.027886539534350080e-03 8.954404584329210895e-03 1.004366738436897333e-02 1.093090734642467553e-02 1.110587946354962656e-02 1.178095604580487073e-02 1.152103935333792691e-02 1.176889772283959759e-02 1.218642134098571646e-02 1.273766375978807770e-02 1.343867056068378911e-02 1.386020957651155038e-02 1.438378359549774728e-02 1.543328965610675160e-02 1.599100222079447020e-02 1.644428252770383306e-02 1.717356903585091910e-02 1.780891533365093135e-02 1.835626197764021750e-02 1.871658895118375257e-02 1.945362261372496002e-02 2.014493538613834275e-02 2.049770589904980483e-02 2.117350402045535540e-02 2.145040013476071442e-02 2.157131955261091735e-02 2.142365934110169665e-02 2.128623844150085570e-02 2.105085529529581931e-02 2.087074435061904779e-02 2.069234744817060809e-02 2.012675615569375562e-02 2.039277198481661765e-02 2.035490819836513823e-02 2.021507329442427323e-02 2.000969515307898100e-02 2.014810430831801003e-02
9.092545342666156355e-03 9.239867229742529386e-03 9.762959535425878854e-03 1.110001498677692586e-02 1.273856677769083512e-02 1.351570408645849826e-02 1.473489876970570864e-02 1.517904456464287850e-02 1.509674973912208951e-02 1.335063816887051800e-02 1.336504174431588782e-02 1.373052160118065461e-02 1.439270229161552020e-02 1.501986670844141294e-02 1.568642835730857041e-02 1.657422239799157676e-02 1.760875211830108256e-02 1.838608086486219484e-02 1.906562612307352925e-02 1.960444395486422159e-02 2.034860464451430928e-02 2.090163729560637687e-02 2.085618497428021190e-02 2.132062477629142333e-02 2.129852920245478912e-02 2.139538818881590171e-02 2.116737132484885694e-02 2.118699537570910285e-02 2.101718387872350199e-02 2.079116377936378671e-02 2.024617024941683524e-02 2.079299667699369483e-02 2.071035088692416148e-02 2.057539821842964065e-02 2.034096275149613678e-02 2.027377374566440016e-02 2.011164812076583416e-02
8.298237301989259962e-03 8.935063031831759484e-03 9.641580455799015140e-03 1.080795024924256602e-02 1.145574219980521544e-02 1.205858389153796444e-02 1.321180917232602815e-02 1.419972183473107961e-02 1.459043187520148860e-02 1.522871706963420044e-02 1.571410338658499328e-02 1.491545028339940834e-02 1.467508734268246039e-02 1.498116603482661444e-02 1.544601984813040452e-02 1.619356351106365777e-02 1.742123031097101218e-02 1.816036130496041789e-02 1.897136259682444953e-02 1.987744194057485328e-02 2.049370355054153797e-02 2.060265390580096403e-02 2.074435713412670079e-02 2.111117238109071204e-02 2.122258791013058657e-02 2.123804205565771666e-02 2.115802447480733331e-02 2.100765533785772798e-02 2.073541885136127513e-02 2.082418721834471825e-02 2.088543751454850078e-02 2.101779205518961718e-02 2.096650291317295883e-02 2.078832490699198884e-02 2.046169649441278993e-02 2.034850063760082137e-02 2.028710652818612944e-02
8.377756651497762080e-03 8.885258343041485887e-03 9.888175888066527350e-03 1.100700532482835545e-02 1.193636819151244234e-02 1.301611299257017171e-02 1.332633753897381756e-02 1.362805552205136918e-02 1.445033673030999936e-02 1.546288354309294233e-02 1.627767104367845372e-02 1.649697108187326774e-02 1.604635582085286657e-02 1.589391679454992337e-02 1.579917496003245894e-02 1.625345205555002795e-02 1.667644908972300624e-02 1.756218316232718846e-02 1.835486250002984002e-02 1.912805476144009698e-02 1.956329516873873270e-02 1.996914427378736548e-02 2.047290173869571045e-02 2.120510875444466675e-02 2.116015560327215786e-02 2.108380219967993796e-02 2.095103927256059331e-02 2.094626442926504281e-02 2.093706622884970031e-02 2.088250057060150877e-02 2.106424788874383669e-02 2.125983723321328914e-02 2.123527679940266991e-02 2.101384449365251497e-02 2.078872587728076982e-02 2.051476558382326135e-02 2.049497891557059900e-02
7.904843169523103827e-03 8.788754991890641854e-03 9.957008675941977568e-03 1.121441574069439139e-02 1.206012995589662677e-02 1.270132988557630058e-02 1.347184325755669890e-02 1.447620803537049035e-02 1.544930640354316188e-02 1.593026856800436666e-02 1.605489768538007067e-02 1.661733109848900422e-02 1.730091286560789948e-02 1.694834074433629323e-02 1.715860892897784137e-02 1.725754829939388918e-02 1.724359536217690350e-02 1.751844656596459465e-02 1.855624263508484292e-02 1.929881133709928157e-02 1.959327004423069146e-02 1.990972827821684693e-02 2.039837487370165653e-02 2.096120935992944190e-02 2.110307135972146891e-02 2.112302962504936793e-02 2.097439901762659584e-02 2.115627307192647841e-02 2.101495434820196961e-02 2.095116043384665297e-02 2.105160395069836585e-02 2.126469272111181433e-02 2.130704852998930102e-02 2.111832173562560103e-02 2.086784009630413689e-02 2.065053048999732424e-02 2.053968854351157294e-02
8.327418293803645968e-03 9.691801626815547271e-03 1.033426434973186772e-02 1.042426180993591411e-02 1.135878801808068786e-02 1.239625844078040030e-02 1.328317293546318542e-02 1.473094953015578398e-02 1.574336472288925468e-02 1.659541740784255953e-02 1.699090128290579524e-02 1.682748110646740264e-02 1.753724632100771286e-02 1.818081787656687653e-02 1.799145638856633478e-02 1.798162429276948041e-02 1.806002948149008913e-02 1.789060518225554092e-02 1.816744000277631735e-02 1.893321871660168590e-02 1.949316089564255908e-02 2.019542534029422284e-02 2.062704611661392642e-02 2.105155675745005658e-02 2.106013883142679802e-02 2.113316942878559410e-02 2.102761964821644319e-02 2.107154118408744933e-02 2.098966819526113317e-02 2.112654064540826770e-02 2.129974588545289343e-02 2.138643769747038473e-02 2.133985560669272169e-02 2.128666318579168146e-02 2.107469567255945697e-02 2.100426988781168777e-02 2.072360006377185412e-02
9.439662275981334713e-03 9.259919978378945704e-03 1.008602511843929503e-02 1.068476435869618497e-02 1.146357206526890660e-02 1.211520804282498892e-02 1.306776194027803144e-02 1.486088094702643116e-02 1.531028243845480516e-02 1.587784299564371643e-02 1.656163493724540151e-02 1.756512392128488018e-02 1.839480585801301499e-02 1.850331585943048793e-02 1.879918041943061391e-02 1.849118575447508336e-02 1.858610062105183966e-02 1.850073770776941573e-02 1.845674967858066534e-02 1.861133267796820714e-02 1.923620490906904554e-02 1.994367960735277806e-02 2.053620312379837373e-02 2.101650132261919171e-02 2.108894261934635486e-02 2.111545103499396642e-02 2.104133511463503192e-02 2.112342882222998167e-02 2.125777660251999476e-02 2.134322876974147076e-02 2.148958610745637515e-02 2.162716623594144322e-02 2.161460768153691120e-02 2.140485412622989206e-02 2.128827566307647454e-02 2.120250713458753447e-02 2.101940642256673250e-02
9.175332375709714661e-03 1.039199754442655943e-02 1.164257934034290502e-02 1.230340719504454186e-02 1.318632709476378305e-02 1.325478801997923006e-02 1.332786638577643061e-02 1.399540359961623862e-02 1.464767277141595589e-02 1.537207449247077369e-02 1.604160259755283910e-02 1.658283316130473514e-02 1.827532381793757488e-02 1.930340282617352271e-02 1.936401492204605293e-02 1.947153588630996454e-02 1.938013291408579100e-02 1.931535681407616639e-02 1.913668974938437239e-02 1.915060815723543947e-02 1.963452964649184049e-02 2.014245184651831250e-02 2.041812377212996049e-02 2.083537387262084789e-02 2.108318491875027859e-02 2.112731273228216425e-02 2.108226083499960268e-02 2.138079152347898901e-02 2.141752604125876647e-02 2.158680080639824306e-02 2.185369361678530728e-02 2.200467929726826824e-02 2.191462714345435506e-02 2.170235181797302432e-02 2.151841666005900253e-02 2.133495516643631532e-02 2.121431950072120293e-02
9.216897742547787084e-03 1.019120145926639444e-02 1.117780795035192010e-02 1.197494787513232913e-02 1.274550949649925179e-02 1.344850208346555498e-02 1.403863890009600379e-02 1.471700791640508099e-02 1.553127298757836158e-02 1.559982009031814741e-02 1.629336541404160371e-02 1.689284525711457277e-02 1.774440298435975283e-02 1.886781654457493629e-02 1.924088451815363435e-02 1.973657271318933135e-02 2.026464066227934638e-02 2.017490060452212242e-02 1.986139972492117003e-02 1.989466126591628303e-02 1.979121662844217019e-02 2.030400685809972613e-02 2.080827797142893731e-02 2.117875805990855967e-02 2.115407691203820620e-02 2.123970300474202488e-02 2.115436701072177100e-02 2.112295225512600752e-02 2.152061991174424732e-02 2.187583542197980152e-02 2.219057739095359194e-02 2.228136651700658721e-02 2.223365372384422667e-02 2.196807530978394166e-02 2.169997391215205962e-02 2.154642640372297566e-02 2.140124887122065930e-02
1.097241850216630621e-02 1.224930113001443041e-02 1.389454095672603209e-02 1.373118009828193896e-02 1.321763983017086759e-02 1.443198398713133219e-02 1.466628384198672558e-02 1.571007496350750737e-02 1.608966126988748552e-02 1.674069073472783317e-02 1.724963226527000820e-02 1.753827264917695930e-02 1.819401005029941051e-02 1.866066757324291725e-02 1.921306004056271000e-02 1.980435108831945026e-02 2.032054070815813435e-02 2.059113275948995167e-02 2.044542684409947353e-02 2.042533294565761562e-02 2.036697329878639148e-02 2.055302046838195992e-02 2.095886671182320415e-02 2.131460521457587826e-02 2.126514213144929666e-02 2.126145480806466981e-02 2.135920050799633430e-02 2.135637727895860552e-02 2.167202920709384445e-02 2.209468186568865761e-02 2.242433840974142334e-02 2.252117602269433291e-02 2.247566382921709766e-02 2.219923191098938445e-02 2.203051267896071960e-02 2.166138572691772915e-02 2.165214481848332095e-02
1.047363786965947036e-02 1.218328755842142640e-02 1.308539499491973880e-02 1.471015624534683687e-02 1.546168378229920322e-02 1.526541936248764809e-02 1.613651027782114430e-02 1.629785409816079944e-02 1.679657239483122941e-02 1.735487573437370645e-02 1.758334627701101799e-02 1.785221992541551062e-02 1.856429461450782858e-02 1.928662243489340233e-02 1.981983215344433960e-02 2.039955186807040216e-02 2.035313021351927917e-02 2.060174561568303003e-02 2.098388546468559976e-02 2.096120064448274423e-02 2.104679367726869713e-02 2.102157657434794782e-02 2.129416022900181699e-02 2.133337827383120083e-02 2.131762474227043985e-02 2.135331702337320628e-02 2.134791084790774174e-02 2.126183593222059215e-02 2.179761091820564892e-02 2.215756629645268538e-02 2.243905992044106790e-02 2.265086195416972717e-02 2.262637638016037900e-02 2.239954938187509181e-02 2.214170913053567502e-02 2.205534258259892605e-02 2.190870687976821662e-02
1.024226900274283029e-02 1.169645422740673256e-02 1.342723196945949833e-02 1.426347801067751747e-02 1.584211716057630850e-02 1.627120839124168716e-02 1.652995424736330640e-02 1.678564700290603035e-02 1.642553336007446935e-02 1.631423985477850613e-02 1.671944112355907772e-02 1.733964001704562524e-02 1.794686005563539757e-02 1.885403626067080896e-02 1.923245159117654285e-02 1.940378132085119472e-02 2.007412548853554357e-02 2.050536657988423841e-02 2.101112470863694334e-02 2.122126406440552962e-02 2.132469697590219995e-02 2.126216685410351262e-02 2.136664528185549736e-02 2.131487514054015292e-02 2.135183586232161992e-02 2.138606992246701657e-02 2.141242987548832785e-02 2.156502078531380429e-02 2.173970906033115269e-02 2.208646254786918867e-02 2.227121405085982428e-02 2.242806030679076953e-02 2.247390542376463338e-02 2.249085830293853436e-02 2.239308585033850801e-02 2.218300410062471265e-02 2.233177324483457890e-02
1.094100048211340930e-02 1.246750307502894443e-02 1.338344773484259100e-02 1.427657705107378619e-02 1.477763112041148401e-02 1.491136291703813385e-02 1.512223283297849802e-02 1.531384646434737901e-02 1.511803379319405852e-02 1.583949987317241279e-02 1.669631998453095789e-02 1.716070289788201864e-02 1.742933461614488630e-02 1.845538966853366852e-02 1.830723931145003189e-02 1.888898637115924914e-02 1.988316331619303240e-02 2.059623620995363127e-02 2.088595340181090970e-02 2.105437913563064020e-02 2.128442950214845530e-02 2.148485958265827431e-02 2.141353041284148329e-02 2.143148335189044851e-02 2.134075099964287750e-02 2.143990203646748555e-02 2.137635088390085411e-02 2.141331991696013293e-02 2.161570404163542375e-02 2.177501734724056337e-02 2.205857579204821561e-02 2.224182965521893582e-02 2.241270273118172590e-02 2.241384058559397346e-02 2.242747457510550768e-02 2.252552589635105698e-02 2.255752776820943786e-02
