output/test_direction/discharge_000000.asc
nrows	150
cellsize	66.6666666667
xllcorner	0
ncols	150
yllcorner	0
NODATA_value	-9999
[rows 0 to 16 of 150, columns 0 to 36 of 150]
0.000000000000000000e+00 2.816718916802573485e-04 1.408359458401286742e-04 1.408359458401286742e-04 2.816718916802573485e-04 1.408359458401286742e-04 1.126687566721031215e-02 1.056269593800966689e-02 1.042185999216953783e-02 1.028102404632940878e-02 9.858516208809021616e-03 9.717680262968892563e-03 1.408359458401286742e-04 5.633437833605146969e-04 4.225078375203860227e-04 2.816718916802573485e-04 1.408359458401286742e-04 3.520898646003215934e-03 1.408359458401286742e-04 3.098390808482830074e-03 2.675882970962444214e-03 2.535047025122315594e-03 2.253375133442058354e-03 2.112539187601929734e-03 1.971703241761801114e-03 1.830867295921672277e-03 1.690031350081543657e-03 1.267523512561157797e-03 1.126687566721029177e-03 8.450156750407719370e-04 2.816718916802573485e-04 1.408359458401286742e-04 1.408359458401286742e-04 2.394211079282186974e-03 1.690031350081543657e-03 1.549195404241415037e-03 1.408359458401286742e-04
1.295690701729186080e-02 1.267523512561160269e-02 1.253439917977147364e-02 1.225272728809121553e-02 1.168938350473069931e-02 1.154854755889057026e-02 1.408359458401286742e-04 5.633437833605146969e-04 4.225078375203860227e-04 1.408359458401286742e-04 2.816718916802573485e-04 1.408359458401286742e-04 9.436008371288634455e-03 1.408359458401286742e-04 2.816718916802573485e-04 1.408359458401286742e-04 7.605141075366957625e-03 1.408359458401286742e-04 3.239226754322958694e-03 1.408359458401286742e-04 2.816718916802573485e-04 1.408359458401286742e-04 1.408359458401286742e-04 1.690031350081543657e-03 1.408359458401286417e-03 1.408359458401286742e-04 1.408359458401286742e-04 2.816718916802573485e-04 1.408359458401286742e-04 1.408359458401286742e-04 4.225078375203860227e-04 2.816718916802573485e-04 2.675882970962444214e-03 1.408359458401286742e-04 5.633437833605146969e-04 1.408359458401286742e-04 1.267523512561157797e-03
1.408359458401286742e-04 1.408359458401286742e-04 1.408359458401286742e-04 1.408359458401286742e-04 1.408359458401286742e-04 1.126687566721029177e-03 1.408359458401286742e-04 5.633437833605146969e-04 1.408359458401286742e-04 1.408359458401286742e-04 2.816718916802573485e-04 1.408359458401286742e-04 1.408359458401286742e-04 8.450156750407731079e-03 8.027648912887343918e-03 7.886812967047214865e-03 1.408359458401286742e-04 3.802570537683473174e-03 3.661734591843344554e-03 1.408359458401286742e-04 1.408359458401286742e-04 1.408359458401286742e-04 1.971703241761801114e-03 1.408359458401286742e-04 1.408359458401286742e-04 1.126687566721029177e-03 8.450156750407719370e-04 4.225078375203860227e-04 2.816718916802573485e-04 1.408359458401286742e-04 1.408359458401286742e-04 1.370333753024477186e-01 1.337941485481246306e-01 1.336533126022844964e-01 1.408359458401286742e-04 2.816718916802573485e-04 1.408359458401286742e-04
1.628063533911922878e-01 1.628063533911922878e-01 1.625246814995120193e-01 1.585812750159882600e-01 1.584404390701481258e-01 1.571729155575869175e-01 8.450156750407719370e-04 1.408359458401286742e-04 2.816718916802573485e-04 1.408359458401286742e-04 1.556237201533454406e-01 1.408359458401286742e-04 1.539336888032638295e-01 1.537928528574236953e-01 1.408359458401286742e-04 1.408359458401286742e-04 7.041797292006433170e-04 1.408359458401286742e-04 1.408359458401286742e-04 3.239226754322958694e-03 2.675882970962444214e-03 2.394211079282186974e-03 2.816718916802573485e-04 1.408359458401286742e-04 1.408359458401286742e-04 2.816718916802573485e-04 1.408359458401286742e-04 2.816718916802573485e-04 1.408359458401286742e-04 1.375967190858082556e-01 1.374558831399681214e-01 1.408359458401286742e-04 4.225078375203860227e-04 1.408359458401286742e-04 1.333716407106042279e-01 1.330899688189239594e-01 1.329491328730838251e-01
0.000000000000000000e+00 5.633437833605146969e-04 2.816718916802573485e-04 3.661734591843344554e-03 1.408359458401286742e-04 1.408359458401286742e-04 1.570320796117467832e-01 1.408359458401286742e-04 1.408359458401286742e-04 1.559053920450257091e-01 1.408359458401286742e-04 1.550603763699849036e-01 2.816718916802573485e-04 1.408359458401286742e-04 1.535111809657434268e-01 1.530886731282230240e-01 1.408359458401286742e-04 4.225078375203860227e-04 1.408359458401286742e-04 1.408359458401286742e-04 2.816718916802573485e-04 1.408359458401286742e-04 4.225078375203860227e-04 2.816718916802573485e-04 8.450156750407719370e-04 4.225078375203860227e-04 2.816718916802573485e-04 1.408359458401286742e-04 1.378783909774885241e-01 1.408359458401286742e-04 2.816718916802573485e-04 1.408359458401286742e-04 1.408359458401286742e-04 1.408359458401286742e-04 1.408359458401286742e-04 1.408359458401286742e-04 1.408359458401286742e-04
9.858516208809005570e-04 1.408359458401286742e-04 1.408359458401286742e-04 1.408359458401286742e-04 3.380062700163087314e-03 1.408359458401286742e-04 1.408359458401286742e-04 1.566095717742263804e-01 1.563278998825461119e-01 2.816718916802573485e-04 1.408359458401286742e-04 1.408359458401286742e-04 7.041797292006433170e-04 2.816718916802573485e-04 1.408359458401286742e-04 1.408359458401286742e-04 1.521028215073420842e-01 1.408359458401286742e-04 2.816718916802573485e-04 1.408359458401286742e-04 1.501311182655802046e-01 1.487227588071788620e-01 1.481594150238183250e-01 1.480185790779781907e-01 1.467510555654169824e-01 1.466102196195768481e-01 1.463285477278965796e-01 1.460468758362163111e-01 4.506750266884118443e-03 4.365914321043989389e-03 3.943406483523602228e-03 3.802570537683473174e-03 1.408359458401286742e-04 4.225078375203860227e-04 1.408359458401286742e-04 2.394211079282186974e-03 2.816718916802573485e-04
0.000000000000000000e+00 2.816718916802573485e-04 1.408359458401286742e-04 1.408359458401286742e-04 1.408359458401286742e-04 2.816718916802572834e-03 2.675882970962444214e-03 2.112539187601929734e-03 1.971703241761801114e-03 1.830867295921672277e-03 1.549195404241415037e-03 1.408359458401286742e-04 1.408359458401286742e-04 2.816718916802573485e-04 1.408359458401286742e-04 2.816718916802573485e-04 1.408359458401286742e-04 1.518211496156618157e-01 1.506944620489407416e-01 1.504127901572604731e-01 1.408359458401286742e-04 1.267523512561157797e-03 2.816718916802573485e-04 1.408359458401286742e-04 2.816718916802573485e-04 1.408359458401286742e-04 1.408359458401286742e-04 1.408359458401286742e-04 3.520898646003215934e-03 4.225078375203860227e-04 2.816718916802573485e-04 1.408359458401286742e-04 3.380062700163087314e-03 2.816718916802572834e-03 2.675882970962444214e-03 1.408359458401286742e-04 1.971703241761801114e-03
0.000000000000000000e+00 1.408359458401286742e-04 1.267523512561157797e-03 5.633437833605146969e-04 4.225078375203860227e-04 2.816718916802573485e-04 1.408359458401286742e-04 4.225078375203860227e-04 2.816718916802573485e-04 1.408359458401286742e-04 1.408359458401286742e-04 1.126687566721029177e-03 8.450156750407719370e-04 7.041797292006433170e-04 5.633437833605146969e-04 1.408359458401286742e-04 1.408359458401286742e-04 1.408359458401286742e-04 7.041797292006433170e-04 5.633437833605146969e-04 4.225078375203860227e-04 2.816718916802573485e-04 8.450156750407719370e-04 4.225078375203860227e-04 2.816718916802573485e-04 1.408359458401286742e-04 1.408359458401286742e-04 2.816718916802573485e-04 1.408359458401286742e-04 2.957554862642701454e-03 2.535047025122315594e-03 2.394211079282186974e-03 1.408359458401286742e-04 5.633437833605146969e-04 4.225078375203860227e-04 2.816718916802573485e-04 1.408359458401286742e-04
1.690031350081543657e-03 1.549195404241415037e-03 1.408359458401286742e-04 4.225078375203860227e-04 2.816718916802573485e-04 1.408359458401286742e-04 4.225078375203860227e-04 2.816718916802573485e-04 1.408359458401286742e-04 1.408359458401286742e-04 2.816718916802573485e-04 1.408359458401286742e-04 7.703726237455053860e-02 1.408359458401286742e-04 1.408359458401286742e-04 2.816718916802573485e-04 5.633437833605146969e-04 2.816718916802573485e-04 1.408359458401286742e-04 4.225078375203860227e-04 2.816718916802573485e-04 1.408359458401286742e-04 1.408359458401286742e-04 2.816718916802573485e-04 1.408359458401286742e-04 9.858516208809005570e-04 7.041797292006433170e-04 2.816718916802573485e-04 1.408359458401286742e-04 1.408359458401286742e-04 2.816718916802573485e-04 1.408359458401286742e-04 2.112539187601929734e-03 2.816718916802573485e-04 1.408359458401286742e-04 5.633437833605146969e-04 2.816718916802573485e-04
0.000000000000000000e+00 2.816718916802573485e-04 1.408359458401286742e-04 2.816718916802573485e-04 1.408359458401286742e-04 8.450156750407719370e-04 2.816718916802573485e-04 1.408359458401286742e-04 7.957230939967295524e-02 7.914980156215255247e-02 7.858645777879201544e-02 7.731893426623080712e-02 1.408359458401286742e-04 7.675559048287027009e-02 7.647391859119000157e-02 7.605141075366959880e-02 1.408359458401286742e-04 1.408359458401286742e-04 7.112215264926489977e-02 4.225078375203860227e-04 2.816718916802573485e-04 1.408359458401286742e-04 1.408359458401286742e-04 6.915044940750302016e-02 6.886877751582275164e-02 2.816718916802573485e-04 1.408359458401286742e-04 5.436267509428932554e-02 7.041797292006433170e-04 4.225078375203860227e-04 2.816718916802573485e-04 1.408359458401286742e-04 1.408359458401286742e-04 1.126687566721029177e-03 8.450156750407719370e-04 1.408359458401286742e-04 1.408359458401286742e-04
8.309320804567631169e-02 1.408359458401286742e-04 8.196652047895523763e-02 8.154401264143483485e-02 8.140317669559470060e-02 8.027648912887362653e-02 7.999481723719335802e-02 7.985398129135322376e-02 1.408359458401286742e-04 1.408359458401286742e-04 1.408359458401286742e-04 1.126687566721029177e-03 9.858516208809005570e-04 5.633437833605146969e-04 4.225078375203860227e-04 1.408359458401286742e-04 7.520639507862879325e-02 7.492472318694852473e-02 1.408359458401286742e-04 7.013630102838395997e-02 6.985462913670369145e-02 6.971379319086355719e-02 6.943212129918328868e-02 1.408359458401286742e-04 1.408359458401286742e-04 6.746041805742140907e-02 5.464434698596958018e-02 1.408359458401286742e-04 5.351765941924856163e-02 5.337682347340843431e-02 5.239097185252754307e-02 5.225013590668741575e-02 1.408359458401286742e-04 1.408359458401286742e-04 1.408359458401286742e-04 5.098261239412626988e-02 5.084177644828614256e-02
0.000000000000000000e+00 8.267070020815590892e-02 2.816718916802573485e-04 1.408359458401286742e-04 1.408359458401286742e-04 1.408359458401286742e-04 1.408359458401286742e-04 1.408359458401286742e-04 4.225078375203860227e-04 2.816718916802573485e-04 1.408359458401286742e-04 4.225078375203860227e-04 1.408359458401286742e-04 2.816718916802573485e-04 1.408359458401286742e-04 1.408359458401286742e-04 4.225078375203860227e-04 1.408359458401286742e-04 3.520898646003215934e-03 1.408359458401286742e-04 1.408359458401286742e-04 2.535047025122315594e-03 1.408359458401286742e-04 4.225078375203860227e-04 2.816718916802573485e-04 1.408359458401286742e-04 1.267523512561160269e-02 2.816718916802573485e-04 1.408359458401286742e-04 1.408359458401286742e-04 8.450156750407719370e-04 4.225078375203860227e-04 5.182762806916703380e-02 5.154595617748677916e-02 5.140512023164665184e-02 2.816718916802573485e-04 1.408359458401286742e-04
0.000000000000000000e+00 1.408359458401286742e-04 1.408359458401286742e-04 4.225078375203860227e-04 1.408359458401286742e-04 2.112539187601929734e-03 1.971703241761801114e-03 1.830867295921672277e-03 1.126687566721029177e-03 9.858516208809005570e-04 8.450156750407719370e-04 1.408359458401286742e-04 1.408359458401286742e-04 2.816718916802573485e-04 1.408359458401286742e-04 7.041797292006433170e-04 1.408359458401286742e-04 1.408359458401286742e-04 1.408359458401286742e-04 3.239226754322958694e-03 2.816718916802572834e-03 1.408359458401286742e-04 2.253375133442058354e-03 1.408359458401286417e-03 1.408359458401286742e-04 2.816718916802573485e-04 1.408359458401286742e-04 1.225272728809121553e-02 4.225078375203860227e-04 1.408359458401286742e-04 1.408359458401286742e-04 1.408359458401286742e-04 2.816718916802573485e-04 1.408359458401286742e-04 7.464305129526828571e-03 1.408359458401286742e-04 7.041797292006441410e-03
1.408359458401286742e-04 1.408359458401286742e-04 4.647586212724247497e-03 3.661734591843344554e-03 3.520898646003215934e-03 1.126687566721029177e-03 1.408359458401286742e-04 1.408359458401286742e-04 2.816718916802573485e-04 1.408359458401286742e-04 1.408359458401286742e-04 1.408359458401286742e-04 3.520898646003215934e-03 3.098390808482830074e-03 2.675882970962444214e-03 1.830867295921672277e-03 1.690031350081543657e-03 1.549195404241415037e-03 2.816718916802573485e-04 1.408359458401286742e-04 2.816718916802573485e-04 1.408359458401286742e-04 1.408359458401286742e-04 1.408359458401286742e-04 1.126687566721029177e-03 2.816718916802573485e-04 1.408359458401286742e-04 1.408359458401286742e-04 1.168938350473069931e-02 1.140771161305044121e-02 1.126687566721031215e-02 1.112603972137018310e-02 1.098520377553005405e-02 7.605141075366957625e-03 1.408359458401286742e-04 7.182633237846570463e-03 1.408359458401286742e-04
0.000000000000000000e+00 5.351765941924892765e-03 1.408359458401286742e-04 4.225078375203860227e-04 2.816718916802573485e-04 1.408359458401286742e-04 8.450156750407719370e-04 5.633437833605146969e-04 1.408359458401286742e-04 4.225078375203860336e-03 3.802570537683473174e-03 3.661734591843344554e-03 4.225078375203860227e-04 1.408359458401286742e-04 2.816718916802573485e-04 1.408359458401286742e-04 5.633437833605146969e-04 1.408359458401286742e-04 9.858516208809005570e-04 7.041797292006433170e-04 5.633437833605146969e-04 4.225078375203860227e-04 2.816718916802573485e-04 1.408359458401286742e-04 1.408359458401286742e-04 4.225078375203860227e-04 2.816718916802573485e-04 1.408359458401286742e-04 1.408359458401286742e-04 1.408359458401286742e-04 2.816718916802573485e-04 1.408359458401286742e-04 1.408359458401286742e-04 3.239226754322958694e-03 1.408359458401286742e-04 2.535047025122315594e-03 2.816718916802573485e-04
5.492601887765021819e-03 1.408359458401286742e-04 4.225078375203860227e-04 2.816718916802573485e-04 1.408359458401286742e-04 1.408359458401286742e-04 1.774532917585622260e-02 1.746365728417596797e-02 4.506750266884118443e-03 1.408359458401286742e-04 1.408359458401286742e-04 7.041797292006433170e-04 1.408359458401286742e-04 1.408359458401286742e-04 1.408359458401286742e-04 8.450156750407719370e-04 1.408359458401286742e-04 2.816718916802573485e-04 1.408359458401286742e-04 1.408359458401286742e-04 1.408359458401286742e-04 1.408359458401286742e-04 2.394211079282186974e-03 2.253375133442058354e-03 1.971703241761801114e-03 1.830867295921672277e-03 1.690031350081543657e-03 1.408359458401286417e-03 1.126687566721029177e-03 9.858516208809005570e-04 5.633437833605146969e-04 4.225078375203860227e-04 1.408359458401286742e-04 1.408359458401286742e-04 2.816718916802572834e-03 1.408359458401286742e-04 1.971703241761801114e-03
2.225207944274029681e-02 1.408359458401286742e-04 4.225078375203860227e-04 2.816718916802573485e-04 1.408359458401286742e-04 1.802700106753647724e-02 1.408359458401286742e-04 1.408359458401286742e-04 1.281607107145173174e-02 1.408359458401286742e-04 8.450156750407719370e-04 2.816718916802573485e-04 1.408359458401286742e-04 8.168484858727472972e-03 7.886812967047214865e-03 6.619289454486054249e-03 6.478453508645925195e-03 6.337617562805796141e-03 1.408359458401286742e-04 5.351765941924892765e-03 3.098390808482830074e-03 2.816718916802572834e-03 2.816718916802573485e-04 1.408359458401286742e-04 8.450156750407719370e-04 1.408359458401286742e-04 4.225078375203860227e-04 2.816718916802573485e-04 1.408359458401286742e-04 2.816718916802573485e-04 1.408359458401286742e-04 1.187247023432302789e-01 2.816718916802573485e-04 1.408359458401286742e-04 7.464305129526828571e-03 7.323469183686699517e-03 7.182633237846570463e-03
