output/test_direction/discharge_000009.asc
nrows	150
cellsize	66.6666666667
xllcorner	0
ncols	150
yllcorner	0
NODATA_value	-9999
[rows 0 to 16 of 150, columns 74 to 110 of 150]
1.436526647569340287e-01 1.408359458401286742e-04 1.408359458401286742e-04 1.408359458401286742e-04 1.408359458401286742e-04 1.408359458401286742e-04 1.340758204398048992e-01 1.408359458401286742e-04 1.408359458401286742e-04 1.408359458401286742e-04 1.408359458401286742e-04 1.408359458401286742e-04 1.408359458401286742e-04 1.408359458401286742e-04 1.408359458401286742e-04 1.408359458401286742e-04 1.408359458401286742e-04 1.408359458401286742e-04 1.408359458401286742e-04 1.408359458401286742e-04 1.408359458401286742e-04 1.408359458401286742e-04 1.408359458401286742e-04 1.408359458401286742e-04 1.408359458401286742e-04 1.408359458401286742e-04 1.408359458401286742e-04 1.408359458401286742e-04 1.408359458401286742e-04 1.408359458401286742e-04 1.408359458401286742e-04 1.408359458401286742e-04 1.408359458401286742e-04 1.408359458401286742e-04 1.408359458401286742e-04 1.408359458401286742e-04 1.408359458401286742e-04
1.408359458401286742e-04 1.432301569194136259e-01 1.404134380026109408e-01 1.399909301650905380e-01 1.408359458401286742e-04 1.346391642231654362e-01 1.408359458401286742e-04 1.337941485481246306e-01 2.816718916802573485e-04 5.633437833605146969e-04 2.816718916802573485e-04 2.816718916802573485e-04 1.408359458401286742e-04 4.225078375203860227e-04 1.408359458401286742e-04 1.408359458401286742e-04 5.633437833605146969e-04 2.816718916802573485e-04 1.408359458401286742e-04 8.450156750407719370e-04 4.225078375203860227e-04 1.408359458401286742e-04 1.408359458401286742e-04 5.633437833605146969e-04 2.816718916802573485e-04 2.816718916802573485e-04 2.816718916802573485e-04 1.408359458401286742e-04 1.408359458401286742e-04 2.816718916802573485e-04 5.633437833605146969e-04 1.408359458401286742e-04 4.225078375203860227e-04 1.408359458401286742e-04 1.408359458401286742e-04 5.633437833605146969e-04 2.816718916802573485e-04
1.408359458401286742e-04 2.535047025122315594e-03 1.408359458401286742e-04 1.408359458401286742e-04 1.392867504358898667e-01 2.816718916802573485e-04 1.408359458401286742e-04 1.408359458401286742e-04 1.330899688189239594e-01 1.408359458401286742e-04 4.225078375203860227e-04 1.408359458401286742e-04 2.816718916802573485e-04 7.041797292006433170e-04 1.408359458401286742e-04 1.408359458401286742e-04 1.126687566721029177e-03 1.408359458401286742e-04 1.267523512561157797e-03 1.408359458401286742e-04 1.408359458401286742e-04 1.408359458401286742e-04 1.408359458401286742e-04 1.126687566721029177e-03 4.225078375203860227e-04 4.225078375203860227e-04 2.816718916802573485e-04 1.408359458401286742e-04 1.408359458401286742e-04 2.816718916802573485e-04 1.126687566721029177e-03 1.408359458401286742e-04 7.041797292006433170e-04 1.408359458401286742e-04 1.408359458401286742e-04 1.126687566721029177e-03 2.816718916802573485e-04
2.816718916802573485e-04 1.971703241761801114e-03 1.408359458401286742e-04 1.408359458401286742e-04 3.802570537683473174e-03 2.816718916802573485e-04 1.408359458401286742e-04 1.408359458401286742e-04 2.816718916802573485e-04 1.318224453063627510e-01 2.816718916802573485e-04 1.408359458401286742e-04 4.225078375203860227e-04 9.858516208809005570e-04 1.408359458401286742e-04 1.408359458401286742e-04 1.166121631556282651e-01 1.152038036972269225e-01 1.408359458401286742e-04 2.816718916802573485e-04 2.816718916802573485e-04 1.408359458401286742e-04 1.408359458401286742e-04 1.830867295921672277e-03 5.633437833605146969e-04 4.225078375203860227e-04 2.816718916802573485e-04 1.408359458401286742e-04 1.408359458401286742e-04 2.816718916802573485e-04 1.690031350081543657e-03 1.408359458401286742e-04 9.858516208809005570e-04 1.408359458401286742e-04 1.408359458401286742e-04 1.690031350081543657e-03 2.816718916802573485e-04
2.816718916802573485e-04 1.408359458401286417e-03 1.408359458401286742e-04 1.408359458401286742e-04 3.239226754322958694e-03 2.816718916802573485e-04 1.408359458401286742e-04 1.408359458401286742e-04 2.816718916802573485e-04 4.225078375203860227e-04 1.302732499021212742e-01 1.264706793644376492e-01 1.240764682851553807e-01 1.233722885559547094e-01 1.201330618016316215e-01 1.197105539641112187e-01 1.408359458401286742e-04 1.408359458401286742e-04 1.133729364013051771e-01 4.225078375203860227e-04 2.816718916802573485e-04 1.408359458401286742e-04 1.408359458401286742e-04 2.675882970962444214e-03 5.633437833605146969e-04 4.225078375203860227e-04 2.816718916802573485e-04 1.408359458401286742e-04 2.816718916802573485e-04 1.408359458401286742e-04 2.253375133442058354e-03 1.408359458401286742e-04 1.267523512561157797e-03 1.408359458401286742e-04 2.816718916802573485e-04 2.112539187601929734e-03 1.408359458401286742e-04
1.408359458401286742e-04 9.858516208809005570e-04 1.408359458401286742e-04 2.816718916802573485e-04 2.535047025122315594e-03 2.816718916802573485e-04 1.408359458401286742e-04 1.408359458401286742e-04 2.816718916802573485e-04 4.225078375203860227e-04 3.239226754322958694e-03 2.112539187601929734e-03 1.408359458401286742e-04 2.112539187601929734e-03 1.408359458401286742e-04 2.394211079282186974e-03 2.816718916802573485e-04 1.408359458401286742e-04 1.408359458401286742e-04 1.122462488345841031e-01 1.408359458401286742e-04 1.408359458401286742e-04 1.057677953259379272e-01 1.053452874884175244e-01 5.633437833605146969e-04 4.225078375203860227e-04 1.408359458401286742e-04 1.408359458401286742e-04 5.633437833605146969e-04 1.408359458401286742e-04 9.041667722936329310e-02 8.788163020424087646e-02 8.745912236672047368e-02 8.576909101663886259e-02 8.464240344991778853e-02 8.407905966655725150e-02 1.408359458401286742e-04
1.408359458401286742e-04 7.041797292006433170e-04 1.408359458401286742e-04 2.816718916802573485e-04 1.830867295921672277e-03 2.816718916802573485e-04 1.408359458401286742e-04 1.408359458401286742e-04 2.816718916802573485e-04 4.225078375203860227e-04 2.675882970962444214e-03 1.830867295921672277e-03 1.408359458401286742e-04 1.830867295921672277e-03 1.408359458401286742e-04 1.971703241761801114e-03 2.816718916802573485e-04 1.408359458401286742e-04 1.408359458401286742e-04 2.816718916802573485e-04 1.112603972137031633e-01 1.084436782969004781e-01 1.408359458401286742e-04 1.408359458401286742e-04 1.012610450590536310e-01 1.006977012756930939e-01 1.408359458401286742e-04 1.408359458401286742e-04 9.323339614616597826e-02 9.238838047112517271e-02 4.225078375203860227e-04 1.408359458401286742e-04 2.816718916802573485e-04 8.450156750407719370e-04 1.408359458401286742e-04 1.408359458401286742e-04 8.140317669559470060e-02
1.408359458401286742e-04 4.225078375203860227e-04 1.408359458401286742e-04 2.816718916802573485e-04 1.126687566721029177e-03 2.816718916802573485e-04 1.408359458401286742e-04 1.408359458401286742e-04 2.816718916802573485e-04 4.225078375203860227e-04 2.112539187601929734e-03 1.549195404241415037e-03 1.408359458401286742e-04 1.549195404241415037e-03 1.408359458401286742e-04 1.549195404241415037e-03 2.816718916802573485e-04 1.408359458401286742e-04 1.408359458401286742e-04 2.816718916802573485e-04 2.394211079282186974e-03 1.971703241761801114e-03 2.816718916802573485e-04 1.408359458401286742e-04 2.816718916802573485e-04 1.408359458401286742e-04 9.971184965481215412e-02 9.576844317128839490e-02 8.450156750407719370e-04 7.041797292006433170e-04 5.633437833605146969e-04 2.816718916802573485e-04 1.408359458401286742e-04 5.633437833605146969e-04 1.408359458401286742e-04 1.408359458401286742e-04 1.971703241761801114e-03
1.408359458401286742e-04 1.408359458401286742e-04 1.408359458401286742e-04 1.408359458401286742e-04 5.633437833605146969e-04 2.816718916802573485e-04 1.408359458401286742e-04 1.408359458401286742e-04 2.816718916802573485e-04 4.225078375203860227e-04 1.549195404241415037e-03 7.041797292006433170e-04 7.041797292006433170e-04 1.267523512561157797e-03 1.408359458401286742e-04 1.126687566721029177e-03 2.816718916802573485e-04 1.408359458401286742e-04 1.408359458401286742e-04 4.225078375203860227e-04 1.830867295921672277e-03 1.549195404241415037e-03 2.816718916802573485e-04 1.408359458401286742e-04 1.408359458401286742e-04 2.816718916802573485e-04 3.520898646003215934e-03 7.041797292006433170e-04 7.041797292006433170e-04 7.041797292006433170e-04 5.633437833605146969e-04 4.225078375203860227e-04 1.408359458401286742e-04 2.816718916802573485e-04 1.408359458401286742e-04 2.816718916802573485e-04 1.549195404241415037e-03
1.408359458401286742e-04 1.408359458401286742e-04 1.408359458401286742e-04 1.408359458401286742e-04 1.408359458401286742e-04 1.408359458401286742e-04 1.408359458401286742e-04 1.408359458401286742e-04 2.816718916802573485e-04 2.816718916802573485e-04 1.126687566721029177e-03 5.633437833605146969e-04 5.633437833605146969e-04 9.858516208809005570e-04 1.408359458401286742e-04 8.450156750407719370e-04 1.408359458401286742e-04 1.408359458401286742e-04 2.816718916802573485e-04 4.225078375203860227e-04 1.267523512561157797e-03 1.126687566721029177e-03 2.816718916802573485e-04 1.408359458401286742e-04 1.408359458401286742e-04 2.816718916802573485e-04 2.535047025122315594e-03 5.633437833605146969e-04 5.633437833605146969e-04 5.633437833605146969e-04 5.633437833605146969e-04 4.225078375203860227e-04 2.816718916802573485e-04 1.408359458401286742e-04 1.408359458401286742e-04 2.816718916802573485e-04 1.126687566721029177e-03
4.225078375203860227e-04 2.816718916802573485e-04 2.816718916802573485e-04 1.408359458401286742e-04 1.408359458401286742e-04 1.408359458401286742e-04 1.408359458401286742e-04 1.408359458401286742e-04 1.408359458401286742e-04 2.816718916802573485e-04 7.041797292006433170e-04 4.225078375203860227e-04 4.225078375203860227e-04 7.041797292006433170e-04 1.408359458401286742e-04 5.633437833605146969e-04 1.408359458401286742e-04 1.408359458401286742e-04 2.816718916802573485e-04 2.816718916802573485e-04 8.450156750407719370e-04 7.041797292006433170e-04 2.816718916802573485e-04 1.408359458401286742e-04 1.408359458401286742e-04 2.816718916802573485e-04 7.041797292006433170e-04 1.408359458401286417e-03 4.225078375203860227e-04 4.225078375203860227e-04 4.225078375203860227e-04 4.225078375203860227e-04 2.816718916802573485e-04 1.408359458401286742e-04 1.408359458401286742e-04 2.816718916802573485e-04 7.041797292006433170e-04
7.041797292006433170e-04 4.225078375203860227e-04 5.633437833605146969e-04 2.816718916802573485e-04 2.816718916802573485e-04 2.816718916802573485e-04 1.408359458401286742e-04 1.408359458401286742e-04 1.408359458401286742e-04 1.408359458401286742e-04 4.225078375203860227e-04 2.816718916802573485e-04 2.816718916802573485e-04 4.225078375203860227e-04 1.408359458401286742e-04 2.816718916802573485e-04 1.408359458401286742e-04 1.408359458401286742e-04 1.408359458401286742e-04 2.816718916802573485e-04 4.225078375203860227e-04 4.225078375203860227e-04 1.408359458401286742e-04 1.408359458401286742e-04 1.408359458401286742e-04 1.408359458401286742e-04 4.225078375203860227e-04 4.225078375203860227e-04 8.450156750407719370e-04 2.816718916802573485e-04 2.816718916802573485e-04 2.816718916802573485e-04 2.816718916802573485e-04 1.408359458401286742e-04 1.408359458401286742e-04 2.816718916802573485e-04 2.816718916802573485e-04
1.126687566721029177e-03 5.633437833605146969e-04 9.858516208809005570e-04 4.225078375203860227e-04 1.408359458401286742e-04 5.633437833605146969e-04 2.816718916802573485e-04 1.408359458401286742e-04 1.408359458401286742e-04 1.408359458401286742e-04 1.408359458401286742e-04 1.408359458401286742e-04 1.408359458401286742e-04 1.408359458401286742e-04 1.408359458401286742e-04 1.408359458401286742e-04 1.408359458401286742e-04 1.408359458401286742e-04 1.408359458401286742e-04 1.408359458401286742e-04 1.408359458401286742e-04 1.408359458401286742e-04 1.408359458401286742e-04 1.408359458401286742e-04 1.408359458401286742e-04 1.408359458401286742e-04 1.408359458401286742e-04 2.816718916802573485e-04 4.225078375203860227e-04 2.816718916802573485e-04 1.408359458401286742e-04 1.408359458401286742e-04 1.408359458401286742e-04 1.408359458401286742e-04 1.408359458401286742e-04 1.408359458401286742e-04 1.408359458401286742e-04
4.225078375203860227e-04 1.830867295921672277e-03 1.549195404241415037e-03 2.816718916802573485e-04 1.408359458401286742e-04 1.690031350081543657e-03 7.041797292006433170e-04 4.225078375203860227e-04 1.408359458401286742e-04 1.408359458401286742e-04 1.408359458401286742e-04 1.408359458401286742e-04 1.408359458401286742e-04 1.408359458401286742e-04 1.408359458401286742e-04 1.408359458401286742e-04 4.225078375203860227e-04 1.408359458401286742e-04 1.408359458401286742e-04 1.408359458401286742e-04 1.408359458401286742e-04 1.408359458401286742e-04 1.408359458401286742e-04 4.225078375203860227e-04 1.408359458401286742e-04 1.408359458401286742e-04 1.408359458401286742e-04 1.408359458401286742e-04 1.408359458401286742e-04 1.408359458401286742e-04 1.408359458401286742e-04 1.408359458401286742e-04 1.408359458401286742e-04 1.408359458401286742e-04 1.408359458401286742e-04 1.408359458401286742e-04 1.408359458401286742e-04
5.633437833605146969e-04 2.394211079282186974e-03 5.070094050244634658e-03 3.098390808482830074e-03 2.675882970962444214e-03 7.041797292006433170e-04 2.816718916802573485e-04 1.408359458401286742e-04 1.408359458401286742e-04 1.408359458401286742e-04 5.633437833605146969e-04 1.408359458401286742e-04 4.225078375203860227e-04 1.408359458401286742e-04 1.408359458401286742e-04 2.816718916802573485e-04 8.450156750407719370e-04 1.408359458401286742e-04 2.816718916802573485e-04 1.408359458401286742e-04 4.225078375203860227e-04 2.816718916802573485e-04 2.816718916802573485e-04 7.041797292006433170e-04 2.816718916802573485e-04 2.816718916802573485e-04 1.408359458401286742e-04 1.408359458401286742e-04 1.408359458401286742e-04 1.408359458401286742e-04 1.408359458401286742e-04 2.816718916802573485e-04 2.816718916802573485e-04 4.225078375203860227e-04 2.816718916802573485e-04 1.408359458401286742e-04 1.408359458401286742e-04
2.253375133442058354e-03 8.450156750407731079e-03 2.816718916802573485e-04 1.408359458401286742e-04 1.408359458401286742e-04 1.408359458401286742e-04 2.816718916802573485e-04 1.408359458401286742e-04 1.408359458401286742e-04 2.816718916802573485e-04 9.858516208809005570e-04 1.408359458401286742e-04 7.041797292006433170e-04 1.408359458401286742e-04 1.408359458401286742e-04 2.816718916802573485e-04 1.408359458401286417e-03 1.408359458401286742e-04 1.408359458401286742e-04 5.633437833605146969e-04 1.408359458401286742e-04 8.450156750407719370e-04 4.225078375203860227e-04 1.126687566721029177e-03 4.225078375203860227e-04 2.816718916802573485e-04 2.816718916802573485e-04 2.816718916802573485e-04 1.408359458401286742e-04 2.816718916802573485e-04 2.816718916802573485e-04 4.225078375203860227e-04 1.408359458401286742e-04 1.126687566721029177e-03 2.816718916802573485e-04 1.408359458401286742e-04 1.408359458401286742e-04
2.816718916802573485e-04 1.126687566721031215e-02 1.408359458401286742e-04 1.408359458401286742e-04 1.408359458401286742e-04 1.408359458401286742e-04 1.408359458401286742e-04 1.408359458401286742e-04 1.408359458401286742e-04 2.816718916802573485e-04 1.408359458401286417e-03 9.858516208809005570e-04 2.816718916802573485e-04 1.408359458401286742e-04 1.408359458401286742e-04 2.816718916802573485e-04 1.971703241761801114e-03 1.408359458401286742e-04 1.408359458401286742e-04 2.816718916802573485e-04 8.450156750407719370e-04 9.858516208809005570e-04 2.394211079282186974e-03 7.041797292006433170e-04 1.408359458401286742e-04 7.041797292006433170e-04 4.225078375203860227e-04 2.816718916802573485e-04 1.408359458401286742e-04 1.408359458401286742e-04 1.126687566721029177e-03 1.408359458401286742e-04 1.408359458401286742e-04 1.690031350081543657e-03 2.816718916802573485e-04 1.408359458401286742e-04 1.408359458401286742e-04
