output/test_direction/discharge_000006.asc
nrows	150
cellsize	66.6666666667
xllcorner	0
ncols	150
yllcorner	0
NODATA_value	-9999
[rows 68 to 84 of 150, columns 0 to 36 of 150]
1.408359458401286742e-04 1.408359458401286742e-04 2.816718916802573485e-04 1.408359458401286742e-04 3.661734591843344554e-03 2.816718916802573485e-04 1.408359458401286742e-04 1.408359458401286742e-04 1.408359458401286742e-04 1.408359458401286742e-04 1.408359458401286742e-04 2.816718916802573485e-04 1.408359458401286742e-04 1.408359458401286742e-04 1.408359458401286742e-04 1.408359458401286742e-04 1.408359458401286742e-04 1.408359458401286742e-04 1.408359458401286742e-04 2.816718916802573485e-04 1.408359458401286742e-04 1.408359458401286742e-04 1.408359458401286742e-04 1.408359458401286742e-04 1.408359458401286742e-04 1.408359458401286742e-04 1.408359458401286742e-04 1.408359458401286742e-04 1.408359458401286742e-04 2.816718916802573485e-04 2.816718916802573485e-04 1.971703241761801114e-03 5.633437833605146969e-04 4.225078375203860227e-04 2.816718916802573485e-04 1.408359458401286742e-04 1.408359458401286742e-04
6.055945671125538034e-03 6.055945671125538034e-03 5.351765941924892765e-03 4.647586212724247497e-03 1.408359458401286742e-04 2.112539187601929734e-03 1.690031350081543657e-03 1.267523512561157797e-03 8.450156750407719370e-04 4.225078375203860227e-04 1.408359458401286742e-04 1.408359458401286742e-04 1.408359458401286742e-04 1.408359458401286742e-04 4.225078375203860227e-04 2.816718916802573485e-04 1.408359458401286742e-04 1.408359458401286742e-04 1.408359458401286742e-04 1.408359458401286742e-04 1.408359458401286742e-04 1.408359458401286742e-04 1.408359458401286742e-04 5.633437833605146969e-04 2.816718916802573485e-04 1.408359458401286742e-04 1.408359458401286742e-04 2.816718916802573485e-04 2.816718916802573485e-04 2.816718916802573485e-04 7.041797292006433170e-04 2.675882970962444214e-03 5.633437833605146969e-04 4.225078375203860227e-04 2.816718916802573485e-04 1.408359458401286742e-04 1.408359458401286742e-04
1.408359458401286742e-04 1.408359458401286742e-04 2.816718916802573485e-04 4.225078375203860227e-04 7.041797292006433170e-04 2.816718916802573485e-04 2.816718916802573485e-04 1.408359458401286742e-04 1.408359458401286742e-04 1.408359458401286742e-04 1.408359458401286742e-04 1.408359458401286742e-04 1.408359458401286742e-04 2.816718916802573485e-04 9.858516208809005570e-04 2.816718916802573485e-04 2.816718916802573485e-04 2.816718916802573485e-04 1.408359458401286742e-04 1.408359458401286742e-04 1.408359458401286742e-04 2.816718916802573485e-04 4.225078375203860227e-04 9.858516208809005570e-04 2.816718916802573485e-04 1.408359458401286742e-04 1.408359458401286742e-04 5.633437833605146969e-04 1.408359458401286742e-04 4.225078375203860227e-04 1.126687566721029177e-03 5.070094050244634658e-03 1.690031350081543657e-03 9.858516208809005570e-04 4.225078375203860227e-04 1.408359458401286742e-04 1.408359458401286742e-04
2.816718916802573485e-04 2.816718916802573485e-04 1.408359458401286742e-04 1.408359458401286742e-04 2.816718916802573485e-04 2.816718916802573485e-04 1.408359458401286742e-04 1.408359458401286742e-04 1.408359458401286742e-04 1.408359458401286742e-04 1.408359458401286742e-04 1.408359458401286742e-04 2.816718916802573485e-04 2.816718916802573485e-04 1.690031350081543657e-03 4.225078375203860227e-04 4.225078375203860227e-04 1.408359458401286742e-04 4.225078375203860227e-04 1.408359458401286742e-04 1.408359458401286742e-04 2.816718916802573485e-04 8.450156750407719370e-04 1.408359458401286417e-03 2.816718916802573485e-04 1.408359458401286742e-04 1.408359458401286742e-04 8.450156750407719370e-04 1.408359458401286742e-04 2.816718916802573485e-04 6.760125400326183302e-03 2.816718916802573485e-04 1.408359458401286742e-04 1.408359458401286742e-04 1.408359458401286742e-04 1.408359458401286742e-04 1.408359458401286742e-04
2.816718916802573485e-04 2.816718916802573485e-04 1.408359458401286742e-04 2.816718916802573485e-04 1.408359458401286742e-04 1.408359458401286742e-04 1.408359458401286742e-04 1.408359458401286742e-04 4.225078375203860227e-04 2.816718916802573485e-04 1.408359458401286742e-04 1.408359458401286742e-04 2.816718916802573485e-04 4.225078375203860227e-04 2.535047025122315594e-03 5.633437833605146969e-04 2.816718916802573485e-04 1.408359458401286742e-04 7.041797292006433170e-04 1.408359458401286742e-04 1.408359458401286742e-04 2.816718916802573485e-04 1.267523512561157797e-03 1.830867295921672277e-03 2.816718916802573485e-04 1.408359458401286742e-04 1.408359458401286742e-04 1.126687566721029177e-03 1.408359458401286742e-04 2.816718916802573485e-04 7.886812967047214865e-03 1.408359458401286742e-04 1.408359458401286742e-04 1.408359458401286742e-04 1.408359458401286742e-04 1.408359458401286742e-04 2.816718916802573485e-04
8.450156750407719370e-04 8.450156750407719370e-04 7.041797292006433170e-04 2.816718916802573485e-04 1.408359458401286742e-04 1.408359458401286742e-04 1.408359458401286742e-04 1.408359458401286742e-04 9.858516208809005570e-04 2.816718916802573485e-04 1.408359458401286742e-04 1.408359458401286742e-04 2.816718916802573485e-04 4.225078375203860227e-04 3.661734591843344554e-03 4.225078375203860227e-04 2.816718916802573485e-04 1.408359458401286742e-04 9.858516208809005570e-04 1.408359458401286742e-04 1.408359458401286742e-04 2.816718916802573485e-04 1.690031350081543657e-03 2.535047025122315594e-03 2.816718916802573485e-04 1.408359458401286742e-04 1.408359458401286742e-04 1.549195404241415037e-03 1.408359458401286742e-04 1.408359458401286742e-04 8.450156750407731079e-03 2.816718916802573485e-04 2.816718916802573485e-04 2.816718916802573485e-04 1.408359458401286742e-04 1.408359458401286742e-04 2.816718916802573485e-04
2.816718916802573485e-04 2.816718916802573485e-04 1.408359458401286742e-04 1.408359458401286742e-04 2.816718916802573485e-04 2.816718916802573485e-04 1.408359458401286742e-04 1.408359458401286742e-04 1.549195404241415037e-03 2.816718916802573485e-04 1.408359458401286742e-04 1.408359458401286742e-04 2.816718916802573485e-04 4.225078375203860227e-04 4.647586212724247497e-03 4.225078375203860227e-04 1.408359458401286742e-04 2.816718916802573485e-04 1.408359458401286417e-03 1.408359458401286742e-04 1.408359458401286742e-04 2.816718916802573485e-04 4.647586212724247497e-03 1.408359458401286742e-04 1.408359458401286742e-04 2.816718916802573485e-04 2.816718916802573485e-04 1.830867295921672277e-03 1.408359458401286742e-04 1.408359458401286742e-04 9.154336479608376348e-03 4.225078375203860227e-04 4.225078375203860227e-04 2.816718916802573485e-04 1.408359458401286742e-04 1.408359458401286742e-04 2.816718916802573485e-04
1.408359458401286742e-04 1.408359458401286742e-04 2.816718916802573485e-04 4.225078375203860227e-04 4.225078375203860227e-04 2.816718916802573485e-04 1.408359458401286742e-04 1.408359458401286742e-04 2.112539187601929734e-03 2.816718916802573485e-04 1.408359458401286742e-04 1.408359458401286742e-04 2.816718916802573485e-04 4.225078375203860227e-04 5.633437833605150873e-03 2.816718916802573485e-04 1.408359458401286742e-04 1.971703241761801114e-03 1.408359458401286742e-04 1.408359458401286742e-04 1.408359458401286742e-04 2.816718916802573485e-04 5.210929996084763711e-03 1.408359458401286742e-04 2.816718916802573485e-04 4.225078375203860227e-04 4.225078375203860227e-04 2.253375133442058354e-03 1.408359458401286742e-04 1.408359458401286742e-04 9.999352154649150670e-03 5.633437833605146969e-04 4.225078375203860227e-04 2.816718916802573485e-04 1.408359458401286742e-04 1.408359458401286742e-04 2.816718916802573485e-04
3.236410035406255825e-01 3.236410035406255825e-01 3.235001675947854483e-01 5.633437833605146969e-04 4.225078375203860227e-04 1.408359458401286742e-04 2.816718916802573485e-04 1.408359458401286742e-04 2.675882970962444214e-03 2.816718916802573485e-04 1.408359458401286742e-04 1.408359458401286742e-04 2.816718916802573485e-04 4.225078375203860227e-04 3.023747757187653096e-01 1.408359458401286742e-04 2.394211079282186974e-03 1.408359458401286742e-04 1.408359458401286742e-04 1.408359458401286742e-04 2.816718916802573485e-04 2.816718916802573485e-04 5.774273779445279926e-03 1.408359458401286742e-04 4.225078375203860227e-04 5.633437833605146969e-04 2.816718916802572834e-03 1.408359458401286742e-04 1.408359458401286742e-04 1.408359458401286742e-04 1.028102404632940878e-02 1.126687566721029177e-03 5.633437833605146969e-04 1.408359458401286742e-04 4.225078375203860227e-04 1.408359458401286742e-04 1.408359458401286742e-04
1.408359458401286742e-04 1.408359458401286742e-04 1.408359458401286742e-04 3.219509721905439714e-01 2.816718916802573485e-04 1.408359458401286742e-04 4.225078375203860227e-04 2.816718916802573485e-04 3.098390808482830074e-03 2.816718916802573485e-04 1.408359458401286742e-04 1.408359458401286742e-04 2.816718916802573485e-04 3.035014632854863836e-01 1.408359458401286742e-04 2.957554862642789995e-01 1.408359458401286742e-04 2.816718916802573485e-04 1.408359458401286742e-04 1.408359458401286742e-04 2.816718916802573485e-04 2.808268760052247681e-01 2.801226962760240968e-01 2.740667506048983237e-01 2.733625708756976525e-01 2.722358833089765784e-01 2.712500316880956386e-01 2.816718916802573485e-04 1.408359458401286742e-04 1.408359458401286742e-04 1.168938350473069931e-02 1.408359458401286742e-04 1.408359458401286742e-04 1.408359458401286742e-04 7.041797292006433170e-04 1.408359458401286742e-04 1.408359458401286742e-04
1.408359458401286742e-04 1.408359458401286742e-04 1.408359458401286742e-04 1.408359458401286742e-04 3.208242846238228974e-01 3.201201048946222261e-01 3.194159251654215548e-01 3.182892375987004807e-01 3.175850578694998094e-01 2.816718916802573485e-04 1.408359458401286742e-04 1.408359458401286742e-04 3.046281508522074577e-01 2.816718916802573485e-04 1.408359458401286742e-04 1.408359458401286742e-04 2.929387673474763143e-01 2.920937516724355087e-01 1.408359458401286742e-04 1.408359458401286742e-04 2.819535635719458422e-01 2.816718916802573485e-04 1.408359458401286742e-04 4.225078375203860227e-04 5.633437833605146969e-04 2.816718916802573485e-04 1.408359458401286742e-04 2.677291330420922821e-01 1.408359458401286742e-04 2.618140233168066433e-01 2.615323514251263748e-01 2.816718916802573485e-04 1.408359458401286742e-04 2.816718916802573485e-04 9.858516208809005570e-04 1.408359458401286742e-04 2.816718916802573485e-04
2.816718916802573485e-04 2.816718916802573485e-04 1.408359458401286742e-04 1.408359458401286742e-04 4.225078375203860227e-04 4.225078375203860227e-04 5.633437833605146969e-04 2.816718916802573485e-04 1.408359458401286742e-04 3.136416513859760502e-01 3.123741278734148419e-01 3.087123932815713512e-01 1.408359458401286742e-04 2.816718916802573485e-04 1.408359458401286742e-04 1.408359458401286742e-04 5.633437833605146969e-04 1.408359458401286742e-04 2.912487359973947032e-01 2.882911811347518838e-01 2.816718916802573485e-04 2.816718916802573485e-04 1.408359458401286742e-04 2.816718916802573485e-04 4.225078375203860227e-04 1.408359458401286742e-04 2.816718916802573485e-04 4.225078375203860227e-04 2.666024454753712081e-01 1.408359458401286742e-04 1.408359458401286742e-04 2.492796241370347221e-01 2.464629052202320370e-01 2.460403973827116342e-01 2.453362176535109629e-01 1.408359458401286742e-04 2.309709511778172686e-01
2.816718916802573485e-04 2.816718916802573485e-04 1.408359458401286742e-04 1.408359458401286742e-04 1.408359458401286742e-04 2.816718916802573485e-04 4.225078375203860227e-04 1.408359458401286742e-04 2.816718916802573485e-04 8.450156750407719370e-04 3.380062700163087314e-03 1.408359458401286742e-04 3.520898646003215934e-03 1.408359458401286742e-04 1.408359458401286742e-04 1.408359458401286742e-04 2.816718916802573485e-04 2.816718916802573485e-04 2.535047025122315594e-03 5.633437833605150873e-03 1.408359458401286742e-04 1.408359458401286742e-04 1.408359458401286742e-04 1.408359458401286742e-04 2.816718916802573485e-04 1.408359458401286742e-04 2.816718916802573485e-04 4.225078375203860227e-04 3.943406483523602228e-03 1.408359458401286742e-04 1.408359458401286742e-04 2.535047025122315594e-03 1.408359458401286742e-04 2.816718916802573485e-04 1.408359458401286742e-04 2.437870222492694861e-01 5.633437833605146969e-04
1.408359458401286742e-04 1.408359458401286742e-04 1.408359458401286742e-04 1.408359458401286742e-04 1.408359458401286742e-04 1.408359458401286742e-04 2.816718916802573485e-04 1.408359458401286742e-04 2.816718916802573485e-04 4.225078375203860227e-04 3.098390808482830074e-03 1.408359458401286742e-04 2.535047025122315594e-03 7.041797292006433170e-04 2.816718916802573485e-04 1.408359458401286742e-04 1.408359458401286742e-04 2.816718916802573485e-04 2.112539187601929734e-03 2.816718916802573485e-04 5.210929996084763711e-03 1.267523512561157797e-03 7.041797292006433170e-04 2.816718916802573485e-04 1.408359458401286742e-04 1.408359458401286742e-04 2.816718916802573485e-04 4.225078375203860227e-04 3.239226754322958694e-03 1.408359458401286742e-04 1.408359458401286742e-04 2.112539187601929734e-03 1.408359458401286742e-04 1.408359458401286742e-04 2.816718916802573485e-04 1.211189134225108648e-02 2.816718916802573485e-04
2.253375133442058354e-03 2.253375133442058354e-03 1.830867295921672277e-03 1.267523512561157797e-03 7.041797292006433170e-04 2.816718916802573485e-04 1.408359458401286742e-04 1.408359458401286742e-04 2.816718916802573485e-04 4.225078375203860227e-04 2.394211079282186974e-03 1.408359458401286742e-04 1.971703241761801114e-03 4.225078375203860227e-04 2.816718916802573485e-04 1.408359458401286742e-04 1.408359458401286742e-04 2.816718916802573485e-04 1.690031350081543657e-03 1.408359458401286742e-04 3.239226754322958694e-03 5.633437833605146969e-04 4.225078375203860227e-04 2.816718916802573485e-04 1.408359458401286742e-04 1.408359458401286742e-04 2.816718916802573485e-04 4.225078375203860227e-04 2.535047025122315594e-03 1.408359458401286742e-04 1.408359458401286742e-04 1.690031350081543657e-03 1.408359458401286742e-04 1.408359458401286742e-04 1.408359458401286742e-04 1.140771161305044121e-02 1.408359458401286742e-04
1.408359458401286742e-04 1.408359458401286742e-04 1.408359458401286742e-04 2.816718916802573485e-04 2.816718916802573485e-04 2.816718916802573485e-04 1.408359458401286742e-04 1.408359458401286742e-04 2.816718916802573485e-04 2.816718916802573485e-04 1.830867295921672277e-03 1.408359458401286742e-04 1.408359458401286417e-03 4.225078375203860227e-04 2.816718916802573485e-04 1.408359458401286742e-04 1.408359458401286742e-04 2.816718916802573485e-04 1.267523512561157797e-03 1.408359458401286742e-04 2.394211079282186974e-03 5.633437833605146969e-04 4.225078375203860227e-04 2.816718916802573485e-04 1.408359458401286742e-04 1.408359458401286742e-04 2.816718916802573485e-04 4.225078375203860227e-04 1.830867295921672277e-03 1.408359458401286742e-04 1.408359458401286742e-04 1.267523512561157797e-03 1.408359458401286742e-04 1.408359458401286742e-04 2.816718916802573485e-04 1.098520377553005405e-02 4.225078375203860227e-04
4.225078375203860227e-04 4.225078375203860227e-04 2.816718916802573485e-04 1.408359458401286742e-04 1.408359458401286742e-04 1.408359458401286742e-04 1.408359458401286742e-04 1.408359458401286742e-04 1.408359458401286742e-04 2.816718916802573485e-04 1.267523512561157797e-03 1.408359458401286742e-04 8.450156750407719370e-04 4.225078375203860227e-04 2.816718916802573485e-04 1.408359458401286742e-04 1.408359458401286742e-04 2.816718916802573485e-04 8.450156750407719370e-04 1.408359458401286742e-04 1.690031350081543657e-03 4.225078375203860227e-04 4.225078375203860227e-04 2.816718916802573485e-04 1.408359458401286742e-04 1.408359458401286742e-04 2.816718916802573485e-04 4.225078375203860227e-04 1.126687566721029177e-03 1.408359458401286742e-04 5.633437833605146969e-04 4.225078375203860227e-04 1.408359458401286742e-04 2.816718916802573485e-04 8.450156750407719370e-04 2.535047025122315594e-03 6.760125400326183302e-03
