output/test_direction/discharge_000005.asc
nrows	150
cellsize	66.6666666667
xllcorner	0
ncols	150
yllcorner	0
NODATA_value	-9999
[rows 34 to 50 of 150, columns 0 to 36 of 150]
3.553290913546557905e-01 3.553290913546557905e-01 4.225078375203860227e-04 2.816718916802573485e-04 1.408359458401286742e-04 1.408359458401286742e-04 2.816718916802573485e-04 3.501181613585708230e-01 3.485689659543293462e-01 3.478647862251286749e-01 1.408359458401286742e-04 1.408359458401286742e-04 3.396963013664008879e-01 1.408359458401286742e-04 1.408359458401286742e-04 3.353303870453567259e-01 3.340628635327955176e-01 3.334995197494349806e-01 4.225078375203860227e-04 4.225078375203860227e-04 2.816718916802573485e-04 1.408359458401286742e-04 1.408359458401286742e-04 2.816718916802573485e-04 2.112539187601929734e-03 1.408359458401286742e-04 1.408359458401286417e-03 4.225078375203860227e-04 1.408359458401286742e-04 2.816718916802573485e-04 5.633437833605146969e-04 5.633437833605146969e-04 5.633437833605146969e-04 5.633437833605146969e-04 1.690031350081543657e-03 1.408359458401286742e-04 2.816718916802573485e-04
1.408359458401286742e-04 1.408359458401286742e-04 2.816718916802573485e-04 2.816718916802573485e-04 1.408359458401286742e-04 1.408359458401286742e-04 2.816718916802573485e-04 1.126687566721029177e-03 2.816718916802573485e-04 1.408359458401286742e-04 3.463155908208871980e-01 3.412454967706423647e-01 2.816718916802573485e-04 1.408359458401286742e-04 1.408359458401286742e-04 9.858516208809005570e-04 2.816718916802573485e-04 1.408359458401286742e-04 3.299786211034316241e-01 4.225078375203860227e-04 2.816718916802573485e-04 1.408359458401286742e-04 1.408359458401286742e-04 2.816718916802573485e-04 2.535047025122315594e-03 2.816718916802573485e-04 1.971703241761801114e-03 2.816718916802573485e-04 1.408359458401286742e-04 4.225078375203860227e-04 7.041797292006433170e-04 1.408359458401286742e-04 1.267523512561157797e-03 2.535047025122315594e-03 1.408359458401286742e-04 4.225078375203860227e-04 2.816718916802573485e-04
2.816718916802573485e-04 2.816718916802573485e-04 1.408359458401286742e-04 1.408359458401286742e-04 1.408359458401286742e-04 1.408359458401286742e-04 2.816718916802573485e-04 7.041797292006433170e-04 1.408359458401286742e-04 2.816718916802573485e-04 4.647586212724247497e-03 5.633437833605146969e-04 4.225078375203860227e-04 1.408359458401286742e-04 1.408359458401286742e-04 7.041797292006433170e-04 1.408359458401286742e-04 2.816718916802573485e-04 4.225078375203860227e-04 3.282885897533500130e-01 2.816718916802573485e-04 1.408359458401286742e-04 2.816718916802573485e-04 1.408359458401286742e-04 3.139233232776563187e-01 3.109657684150134993e-01 3.104024246316529623e-01 1.408359458401286742e-04 2.816718916802573485e-04 1.267523512561157797e-03 1.408359458401286742e-04 1.408359458401286742e-04 4.084242429363731282e-03 1.408359458401286742e-04 5.633437833605146969e-04 4.225078375203860227e-04 2.816718916802573485e-04
5.633437833605146969e-04 5.633437833605146969e-04 4.225078375203860227e-04 2.816718916802573485e-04 1.408359458401286742e-04 1.408359458401286742e-04 1.408359458401286742e-04 4.225078375203860227e-04 1.408359458401286742e-04 4.225078375203860227e-04 3.520898646003215934e-03 5.633437833605146969e-04 4.225078375203860227e-04 2.816718916802573485e-04 1.408359458401286742e-04 4.225078375203860227e-04 1.408359458401286742e-04 2.816718916802573485e-04 5.633437833605146969e-04 7.041797292006433170e-04 3.263168865115881334e-01 3.171625500319794067e-01 3.167400421944590039e-01 3.150500108443773928e-01 2.816718916802573485e-04 1.408359458401286742e-04 1.408359458401286742e-04 3.077265416606904114e-01 3.033606273396462494e-01 3.027972835562857123e-01 3.011072522062041013e-01 3.005439084228435642e-01 2.980088613977211476e-01 2.936429470766769856e-01 5.633437833605146969e-04 7.041797292006433170e-04 2.816718916802573485e-04
7.041797292006433170e-04 7.041797292006433170e-04 5.633437833605146969e-04 4.225078375203860227e-04 2.816718916802573485e-04 1.408359458401286742e-04 1.408359458401286742e-04 1.408359458401286742e-04 2.816718916802573485e-04 2.816718916802573485e-04 2.535047025122315594e-03 5.633437833605146969e-04 4.225078375203860227e-04 2.816718916802573485e-04 1.408359458401286742e-04 2.816718916802573485e-04 1.408359458401286742e-04 4.225078375203860227e-04 5.633437833605146969e-04 7.041797292006433170e-04 8.309320804567602026e-03 1.408359458401286742e-04 1.267523512561157797e-03 1.408359458401286742e-04 4.225078375203860227e-04 1.408359458401286742e-04 1.408359458401286742e-04 4.084242429363731282e-03 1.408359458401286742e-04 2.816718916802573485e-04 2.816718916802573485e-04 2.253375133442058354e-03 1.408359458401286742e-04 1.408359458401286742e-04 2.920937516724355087e-01 1.408359458401286742e-04 1.408359458401286742e-04
8.450156750407719370e-04 8.450156750407719370e-04 7.041797292006433170e-04 5.633437833605146969e-04 4.225078375203860227e-04 2.816718916802573485e-04 1.408359458401286742e-04 1.408359458401286742e-04 1.408359458401286742e-04 2.816718916802573485e-04 7.041797292006433170e-04 1.408359458401286417e-03 4.225078375203860227e-04 2.816718916802573485e-04 1.408359458401286742e-04 1.408359458401286742e-04 2.816718916802573485e-04 4.225078375203860227e-04 5.633437833605146969e-04 7.041797292006433170e-04 7.464305129526828571e-03 1.408359458401286742e-04 2.816718916802573485e-04 8.450156750407719370e-04 1.408359458401286742e-04 1.408359458401286742e-04 2.816718916802573485e-04 3.380062700163087314e-03 2.816718916802573485e-04 1.408359458401286742e-04 1.408359458401286742e-04 1.971703241761801114e-03 1.408359458401286742e-04 1.408359458401286742e-04 2.816718916802573485e-04 2.906853922140341662e-01 2.868828216763505412e-01
5.633437833605146969e-04 5.633437833605146969e-04 4.225078375203860227e-04 2.816718916802573485e-04 1.408359458401286742e-04 1.408359458401286742e-04 1.408359458401286742e-04 1.408359458401286742e-04 1.408359458401286742e-04 1.408359458401286742e-04 4.225078375203860227e-04 8.450156750407719370e-04 4.225078375203860227e-04 2.816718916802573485e-04 1.408359458401286742e-04 1.408359458401286742e-04 2.816718916802573485e-04 4.225078375203860227e-04 5.633437833605146969e-04 7.041797292006433170e-04 6.478453508645925195e-03 1.408359458401286742e-04 1.408359458401286742e-04 2.816718916802573485e-04 4.225078375203860227e-04 1.408359458401286742e-04 2.816718916802573485e-04 2.675882970962444214e-03 2.816718916802573485e-04 1.408359458401286742e-04 1.408359458401286742e-04 1.549195404241415037e-03 1.408359458401286742e-04 1.408359458401286742e-04 2.816718916802573485e-04 3.380062700163087314e-03 1.408359458401286742e-04
4.225078375203860227e-04 4.225078375203860227e-04 2.816718916802573485e-04 1.408359458401286742e-04 2.816718916802573485e-04 1.408359458401286742e-04 4.225078375203860227e-04 1.408359458401286742e-04 1.408359458401286742e-04 1.408359458401286742e-04 1.408359458401286742e-04 4.225078375203860227e-04 2.816718916802573485e-04 2.816718916802573485e-04 1.408359458401286742e-04 1.408359458401286742e-04 2.816718916802573485e-04 4.225078375203860227e-04 5.633437833605146969e-04 5.633437833605146969e-04 5.351765941924892765e-03 2.816718916802573485e-04 1.408359458401286742e-04 1.408359458401286742e-04 2.816718916802573485e-04 1.408359458401286742e-04 2.816718916802573485e-04 1.971703241761801114e-03 2.816718916802573485e-04 1.408359458401286742e-04 1.408359458401286742e-04 1.126687566721029177e-03 1.408359458401286742e-04 1.408359458401286742e-04 4.225078375203860227e-04 2.675882970962444214e-03 1.408359458401286742e-04
2.816718916802573485e-04 2.816718916802573485e-04 1.408359458401286742e-04 1.408359458401286742e-04 5.633437833605146969e-04 1.408359458401286742e-04 7.041797292006433170e-04 2.816718916802573485e-04 1.408359458401286742e-04 1.408359458401286742e-04 1.408359458401286742e-04 1.408359458401286742e-04 1.408359458401286742e-04 1.408359458401286742e-04 1.408359458401286742e-04 1.408359458401286742e-04 2.816718916802573485e-04 4.225078375203860227e-04 4.225078375203860227e-04 5.633437833605146969e-04 3.520898646003215934e-03 1.126687566721029177e-03 7.041797292006433170e-04 2.816718916802573485e-04 1.408359458401286742e-04 1.408359458401286742e-04 2.816718916802573485e-04 1.267523512561157797e-03 2.816718916802573485e-04 1.408359458401286742e-04 1.408359458401286742e-04 7.041797292006433170e-04 1.408359458401286742e-04 2.816718916802573485e-04 5.633437833605146969e-04 1.830867295921672277e-03 1.408359458401286742e-04
1.408359458401286742e-04 1.408359458401286742e-04 1.408359458401286742e-04 1.126687566721031215e-02 1.098520377553005405e-02 1.014018810048927972e-02 8.450156750407731079e-03 5.633437833605146969e-04 2.816718916802573485e-04 2.816718916802573485e-04 1.408359458401286742e-04 1.408359458401286742e-04 1.408359458401286742e-04 1.408359458401286742e-04 1.408359458401286742e-04 1.408359458401286742e-04 2.816718916802573485e-04 2.816718916802573485e-04 4.225078375203860227e-04 5.633437833605146969e-04 2.394211079282186974e-03 4.225078375203860227e-04 2.816718916802573485e-04 2.816718916802573485e-04 1.408359458401286742e-04 1.408359458401286742e-04 2.816718916802573485e-04 5.633437833605146969e-04 2.816718916802573485e-04 1.408359458401286742e-04 1.408359458401286742e-04 4.225078375203860227e-04 1.408359458401286742e-04 4.225078375203860227e-04 4.225078375203860227e-04 1.126687566721029177e-03 1.408359458401286742e-04
1.408359458401286742e-04 1.408359458401286742e-04 1.239356323393134458e-02 1.408359458401286742e-04 1.408359458401286742e-04 5.633437833605146969e-04 1.408359458401286742e-04 7.464305129526828571e-03 7.041797292006433170e-04 2.816718916802573485e-04 2.816718916802573485e-04 2.816718916802573485e-04 2.816718916802573485e-04 2.816718916802573485e-04 1.408359458401286742e-04 1.408359458401286742e-04 1.408359458401286742e-04 2.816718916802573485e-04 4.225078375203860227e-04 4.225078375203860227e-04 9.858516208809005570e-04 8.450156750407719370e-04 2.816718916802573485e-04 1.408359458401286742e-04 1.408359458401286742e-04 1.408359458401286742e-04 1.408359458401286742e-04 1.408359458401286742e-04 1.408359458401286742e-04 1.408359458401286742e-04 1.408359458401286742e-04 1.408359458401286742e-04 2.816718916802573485e-04 2.816718916802573485e-04 2.816718916802573485e-04 5.633437833605146969e-04 1.408359458401286742e-04
1.295690701729186080e-02 1.295690701729186080e-02 2.816718916802573485e-04 7.041797292006433170e-04 4.225078375203860227e-04 2.816718916802573485e-04 1.408359458401286742e-04 1.408359458401286742e-04 6.478453508645925195e-03 4.788422158564376550e-03 3.098390808482830074e-03 2.253375133442058354e-03 1.549195404241415037e-03 8.450156750407719370e-04 4.225078375203860227e-04 1.408359458401286742e-04 1.408359458401286742e-04 2.816718916802573485e-04 2.816718916802573485e-04 2.816718916802573485e-04 5.633437833605146969e-04 5.633437833605146969e-04 1.408359458401286742e-04 1.408359458401286742e-04 1.408359458401286742e-04 1.408359458401286742e-04 1.408359458401286742e-04 1.408359458401286742e-04 1.408359458401286742e-04 1.408359458401286742e-04 1.408359458401286742e-04 1.408359458401286742e-04 1.408359458401286742e-04 1.408359458401286742e-04 1.408359458401286742e-04 1.408359458401286742e-04 1.408359458401286742e-04
1.408359458401286742e-04 1.408359458401286742e-04 1.408359458401286742e-04 1.408359458401286742e-04 1.408359458401286742e-04 2.816718916802573485e-04 1.408359458401286742e-04 1.408359458401286742e-04 1.267523512561157797e-03 1.408359458401286742e-04 1.267523512561157797e-03 4.225078375203860227e-04 2.816718916802573485e-04 2.816718916802573485e-04 1.408359458401286742e-04 1.408359458401286742e-04 1.408359458401286742e-04 1.408359458401286742e-04 1.408359458401286742e-04 1.408359458401286742e-04 2.816718916802573485e-04 2.816718916802573485e-04 1.408359458401286742e-04 1.408359458401286742e-04 1.408359458401286742e-04 2.816718916802573485e-04 4.225078375203860227e-04 2.816718916802573485e-04 4.225078375203860227e-04 2.816718916802573485e-04 1.408359458401286742e-04 1.408359458401286742e-04 1.408359458401286742e-04 1.408359458401286742e-04 1.408359458401286742e-04 1.408359458401286742e-04 1.408359458401286742e-04
7.041797292006433170e-04 7.041797292006433170e-04 5.633437833605146969e-04 4.225078375203860227e-04 2.816718916802573485e-04 1.408359458401286742e-04 1.408359458401286742e-04 1.408359458401286742e-04 8.450156750407719370e-04 1.408359458401286742e-04 8.450156750407719370e-04 2.816718916802573485e-04 2.816718916802573485e-04 1.408359458401286742e-04 1.408359458401286742e-04 1.408359458401286742e-04 1.408359458401286742e-04 1.408359458401286742e-04 1.408359458401286742e-04 1.408359458401286742e-04 1.408359458401286742e-04 1.408359458401286742e-04 1.408359458401286742e-04 1.408359458401286742e-04 2.816718916802573485e-04 2.816718916802573485e-04 4.225078375203860227e-04 8.450156750407719370e-04 1.267523512561157797e-03 4.225078375203860227e-04 1.408359458401286742e-04 1.408359458401286742e-04 4.225078375203860227e-04 2.816718916802573485e-04 1.408359458401286742e-04 2.816718916802573485e-04 4.225078375203860227e-04
8.450156750407719370e-04 8.450156750407719370e-04 7.041797292006433170e-04 5.633437833605146969e-04 4.225078375203860227e-04 2.816718916802573485e-04 1.408359458401286742e-04 1.408359458401286742e-04 4.225078375203860227e-04 1.408359458401286742e-04 4.225078375203860227e-04 2.816718916802573485e-04 1.408359458401286742e-04 1.408359458401286742e-04 1.408359458401286742e-04 1.408359458401286742e-04 2.816718916802573485e-04 4.225078375203860227e-04 4.225078375203860227e-04 1.408359458401286742e-04 1.408359458401286742e-04 1.408359458401286742e-04 1.408359458401286742e-04 2.816718916802573485e-04 2.816718916802573485e-04 4.225078375203860227e-04 4.225078375203860227e-04 2.675882970962444214e-03 1.408359458401286742e-04 1.408359458401286742e-04 1.408359458401286742e-04 1.408359458401286742e-04 9.858516208809005570e-04 1.408359458401286742e-04 1.408359458401286742e-04 2.816718916802573485e-04 8.450156750407719370e-04
5.633437833605146969e-04 5.633437833605146969e-04 4.225078375203860227e-04 2.816718916802573485e-04 1.408359458401286742e-04 1.408359458401286742e-04 1.408359458401286742e-04 1.408359458401286742e-04 1.408359458401286742e-04 1.408359458401286742e-04 1.408359458401286742e-04 1.408359458401286742e-04 1.408359458401286742e-04 1.408359458401286742e-04 1.408359458401286742e-04 2.816718916802573485e-04 2.816718916802573485e-04 8.450156750407719370e-04 7.041797292006433170e-04 2.816718916802573485e-04 1.408359458401286742e-04 2.816718916802573485e-04 1.408359458401286742e-04 2.816718916802573485e-04 4.225078375203860227e-04 4.225078375203860227e-04 5.633437833605146969e-04 3.380062700163087314e-03 2.816718916802573485e-04 2.816718916802573485e-04 1.408359458401286742e-04 1.408359458401286742e-04 1.408359458401286417e-03 1.408359458401286742e-04 1.408359458401286742e-04 2.816718916802573485e-04 2.816718916802572834e-03
2.816718916802573485e-04 2.816718916802573485e-04 1.408359458401286742e-04 1.408359458401286742e-04 2.816718916802573485e-04 2.816718916802573485e-04 2.816718916802573485e-04 1.408359458401286742e-04 1.408359458401286742e-04 1.408359458401286742e-04 1.408359458401286742e-04 1.408359458401286742e-04 1.408359458401286742e-04 1.408359458401286742e-04 2.816718916802573485e-04 2.816718916802573485e-04 4.225078375203860227e-04 1.971703241761801114e-03 5.633437833605146969e-04 1.408359458401286742e-04 1.408359458401286742e-04 5.633437833605146969e-04 1.408359458401286742e-04 2.816718916802573485e-04 4.225078375203860227e-04 5.633437833605146969e-04 5.633437833605146969e-04 4.365914321043989389e-03 4.225078375203860227e-04 2.816718916802573485e-04 1.408359458401286742e-04 1.408359458401286742e-04 1.830867295921672277e-03 1.408359458401286742e-04 1.408359458401286742e-04 2.816718916802573485e-04 3.380062700163087314e-03
