output/test_direction/discharge_000004.asc
nrows	150
cellsize	66.6666666667
xllcorner	0
ncols	150
yllcorner	0
NODATA_value	-9999
[rows 34 to 50 of 150, columns 74 to 110 of 150]
4.225078375203860227e-04 1.408359458401286742e-04 1.408359458401286742e-04 1.408359458401286742e-04 4.225078375203860227e-04 4.225078375203860227e-04 2.816718916802573485e-04 2.816718916802573485e-04 1.408359458401286742e-04 1.408359458401286742e-04 4.225078375203860227e-04 4.225078375203860227e-04 2.816718916802573485e-04 1.408359458401286742e-04 1.408359458401286742e-04 8.450156750407719370e-04 1.408359458401286742e-04 1.690031350081543657e-03 2.816718916802573485e-04 1.408359458401286742e-04 1.408359458401286742e-04 2.816718916802573485e-04 4.225078375203860227e-04 5.633437833605146969e-04 7.041797292006433170e-04 5.774273779445279926e-03 1.408359458401286742e-04 2.816718916802573485e-04 9.858516208809005570e-04 1.408359458401286742e-04 7.041797292006433170e-04 1.408359458401286742e-04 1.408359458401286742e-04 4.506750266884118443e-03 7.041797292006433170e-04 5.633437833605146969e-04 4.225078375203860227e-04
1.408359458401286742e-04 1.408359458401286742e-04 1.408359458401286742e-04 1.408359458401286742e-04 1.408359458401286742e-04 1.408359458401286742e-04 1.408359458401286742e-04 1.408359458401286742e-04 1.408359458401286742e-04 1.408359458401286742e-04 1.408359458401286742e-04 1.408359458401286742e-04 1.408359458401286742e-04 1.408359458401286742e-04 1.408359458401286742e-04 5.633437833605146969e-04 1.408359458401286742e-04 1.126687566721029177e-03 2.816718916802573485e-04 1.408359458401286742e-04 1.408359458401286742e-04 2.816718916802573485e-04 4.225078375203860227e-04 5.633437833605146969e-04 5.633437833605146969e-04 4.929258104404505604e-03 1.408359458401286742e-04 1.408359458401286742e-04 7.041797292006433170e-04 1.408359458401286742e-04 4.225078375203860227e-04 1.408359458401286742e-04 2.816718916802573485e-04 3.520898646003215934e-03 5.633437833605146969e-04 5.633437833605146969e-04 4.225078375203860227e-04
1.408359458401286742e-04 1.408359458401286742e-04 4.225078375203860227e-04 1.408359458401286742e-04 1.408359458401286742e-04 1.408359458401286742e-04 1.408359458401286742e-04 1.408359458401286742e-04 1.408359458401286742e-04 1.408359458401286742e-04 1.408359458401286742e-04 1.408359458401286742e-04 1.408359458401286742e-04 1.408359458401286742e-04 1.408359458401286742e-04 2.816718916802573485e-04 1.408359458401286742e-04 5.633437833605146969e-04 2.816718916802573485e-04 1.408359458401286742e-04 1.408359458401286742e-04 2.816718916802573485e-04 4.225078375203860227e-04 4.225078375203860227e-04 4.225078375203860227e-04 1.690031350081543657e-03 2.675882970962444214e-03 1.408359458401286742e-04 4.225078375203860227e-04 1.408359458401286742e-04 2.816718916802573485e-04 1.408359458401286742e-04 2.816718916802573485e-04 2.675882970962444214e-03 4.225078375203860227e-04 4.225078375203860227e-04 4.225078375203860227e-04
2.816718916802573485e-04 2.816718916802573485e-04 7.041797292006433170e-04 4.225078375203860227e-04 2.816718916802573485e-04 2.816718916802573485e-04 1.408359458401286742e-04 2.816718916802573485e-04 4.225078375203860227e-04 2.816718916802573485e-04 1.408359458401286742e-04 4.225078375203860227e-04 2.816718916802573485e-04 1.408359458401286742e-04 1.408359458401286742e-04 1.408359458401286742e-04 1.408359458401286742e-04 1.408359458401286742e-04 1.408359458401286742e-04 1.408359458401286742e-04 1.408359458401286742e-04 2.816718916802573485e-04 2.816718916802573485e-04 2.816718916802573485e-04 4.225078375203860227e-04 1.126687566721029177e-03 5.633437833605146969e-04 1.830867295921672277e-03 1.408359458401286742e-04 2.816718916802573485e-04 1.408359458401286742e-04 1.408359458401286742e-04 2.816718916802573485e-04 1.830867295921672277e-03 4.225078375203860227e-04 2.816718916802573485e-04 2.816718916802573485e-04
2.816718916802573485e-04 4.225078375203860227e-04 1.126687566721029177e-03 8.450156750407719370e-04 4.225078375203860227e-04 1.408359458401286742e-04 1.408359458401286742e-04 9.858516208809005570e-04 4.225078375203860227e-04 1.408359458401286742e-04 2.816718916802573485e-04 1.549195404241415037e-03 7.041797292006433170e-04 4.225078375203860227e-04 1.408359458401286742e-04 1.408359458401286742e-04 1.408359458401286742e-04 1.408359458401286742e-04 1.408359458401286742e-04 1.408359458401286742e-04 1.408359458401286742e-04 1.408359458401286742e-04 1.408359458401286742e-04 2.816718916802573485e-04 5.633437833605146969e-04 4.225078375203860227e-04 4.225078375203860227e-04 4.225078375203860227e-04 1.126687566721029177e-03 2.816718916802573485e-04 1.408359458401286742e-04 1.408359458401286742e-04 2.816718916802573485e-04 1.126687566721029177e-03 2.816718916802573485e-04 2.816718916802573485e-04 1.408359458401286742e-04
2.816718916802573485e-04 4.225078375203860227e-04 1.690031350081543657e-03 1.690031350081543657e-03 2.816718916802573485e-04 1.408359458401286742e-04 1.408359458401286742e-04 1.690031350081543657e-03 2.816718916802573485e-04 1.408359458401286742e-04 2.394211079282186974e-03 4.225078375203860227e-04 2.816718916802573485e-04 1.408359458401286742e-04 1.408359458401286742e-04 2.816718916802573485e-04 4.225078375203860227e-04 2.816718916802573485e-04 2.816718916802573485e-04 1.408359458401286742e-04 1.408359458401286742e-04 1.408359458401286742e-04 1.408359458401286742e-04 1.408359458401286742e-04 2.816718916802573485e-04 2.816718916802573485e-04 2.816718916802573485e-04 2.816718916802573485e-04 4.225078375203860227e-04 2.816718916802573485e-04 1.408359458401286742e-04 1.408359458401286742e-04 2.816718916802573485e-04 5.633437833605146969e-04 1.408359458401286742e-04 1.408359458401286742e-04 1.408359458401286742e-04
2.816718916802573485e-04 4.225078375203860227e-04 3.943406483523602228e-03 4.225078375203860227e-04 2.816718916802573485e-04 1.408359458401286742e-04 1.408359458401286742e-04 1.971703241761801114e-03 3.520898646003215934e-03 2.957554862642701454e-03 4.225078375203860227e-04 2.816718916802573485e-04 1.408359458401286742e-04 1.408359458401286742e-04 1.408359458401286742e-04 5.633437833605146969e-04 8.450156750407719370e-04 4.225078375203860227e-04 2.816718916802573485e-04 1.408359458401286742e-04 2.816718916802573485e-04 2.816718916802573485e-04 1.408359458401286742e-04 1.408359458401286742e-04 1.408359458401286742e-04 1.408359458401286742e-04 1.408359458401286742e-04 1.408359458401286742e-04 1.408359458401286742e-04 1.408359458401286742e-04 1.408359458401286742e-04 1.408359458401286742e-04 1.408359458401286742e-04 1.408359458401286742e-04 1.408359458401286742e-04 1.408359458401286742e-04 2.816718916802573485e-04
2.816718916802573485e-04 4.225078375203860227e-04 4.929258104404505604e-03 1.408359458401286742e-04 2.816718916802573485e-04 1.408359458401286742e-04 1.408359458401286742e-04 5.774273779445279926e-03 1.408359458401286742e-04 1.408359458401286742e-04 1.408359458401286742e-04 1.408359458401286742e-04 2.816718916802573485e-04 1.408359458401286742e-04 1.408359458401286742e-04 8.450156750407719370e-04 1.408359458401286417e-03 4.225078375203860227e-04 2.816718916802573485e-04 1.408359458401286742e-04 4.225078375203860227e-04 5.633437833605146969e-04 2.816718916802573485e-04 1.408359458401286742e-04 1.408359458401286742e-04 1.408359458401286742e-04 1.408359458401286742e-04 1.408359458401286742e-04 1.408359458401286742e-04 1.408359458401286742e-04 1.408359458401286742e-04 1.408359458401286742e-04 1.408359458401286742e-04 1.408359458401286742e-04 1.408359458401286742e-04 1.408359458401286742e-04 8.450156750407719370e-04
5.633437833605146969e-04 1.408359458401286742e-04 1.960436366094639726e-01 4.225078375203860227e-04 2.816718916802573485e-04 1.408359458401286742e-04 1.408359458401286742e-04 6.478453508645925195e-03 2.816718916802573485e-04 2.816718916802573485e-04 2.816718916802573485e-04 4.225078375203860227e-04 2.816718916802573485e-04 1.408359458401286742e-04 1.408359458401286742e-04 1.126687566721029177e-03 2.535047025122315594e-03 5.633437833605146969e-04 1.408359458401286742e-04 1.408359458401286742e-04 7.041797292006433170e-04 9.858516208809005570e-04 2.816718916802573485e-04 2.816718916802573485e-04 1.408359458401286742e-04 1.408359458401286742e-04 5.633437833605146969e-04 2.816718916802573485e-04 1.408359458401286742e-04 1.408359458401286742e-04 5.633437833605146969e-04 1.408359458401286742e-04 1.408359458401286742e-04 2.816718916802573485e-04 4.225078375203860227e-04 1.408359458401286742e-04 1.549195404241415037e-03
1.977336679595455837e-01 1.968886522845047782e-01 1.408359458401286742e-04 1.899876909383381995e-01 1.894243471549776625e-01 1.408359458401286742e-04 1.826642217546512181e-01 1.823825498629709496e-01 4.225078375203860227e-04 4.225078375203860227e-04 5.633437833605146969e-04 1.408359458401286742e-04 5.633437833605146969e-04 1.408359458401286742e-04 1.408359458401286742e-04 3.943406483523602228e-03 1.408359458401286742e-04 1.408359458401286742e-04 1.408359458401286742e-04 1.408359458401286742e-04 9.858516208809005570e-04 1.408359458401286417e-03 4.225078375203860227e-04 2.816718916802573485e-04 1.408359458401286742e-04 1.408359458401286742e-04 1.126687566721029177e-03 2.816718916802573485e-04 1.408359458401286742e-04 1.408359458401286742e-04 9.858516208809005570e-04 1.408359458401286742e-04 1.408359458401286742e-04 2.816718916802573485e-04 8.450156750407719370e-04 1.408359458401286742e-04 2.253375133442058354e-03
1.408359458401286742e-04 2.816718916802573485e-04 1.408359458401286742e-04 4.225078375203860227e-04 1.408359458401286742e-04 1.885793314799368570e-01 1.408359458401286742e-04 1.408359458401286742e-04 1.751999166251241025e-01 7.041797292006433170e-04 2.816718916802573485e-04 1.408359458401286742e-04 8.450156750407719370e-04 1.408359458401286742e-04 1.408359458401286742e-04 4.365914321043989389e-03 2.816718916802573485e-04 2.816718916802573485e-04 1.408359458401286742e-04 1.408359458401286742e-04 2.675882970962444214e-03 5.633437833605146969e-04 4.225078375203860227e-04 2.816718916802573485e-04 1.408359458401286742e-04 1.408359458401286742e-04 1.690031350081543657e-03 2.816718916802573485e-04 1.408359458401286742e-04 1.408359458401286742e-04 1.408359458401286417e-03 1.408359458401286742e-04 1.408359458401286742e-04 2.816718916802573485e-04 1.267523512561157797e-03 1.408359458401286742e-04 3.098390808482830074e-03
4.084242429363731282e-03 2.816718916802573485e-04 1.408359458401286742e-04 2.816718916802573485e-04 1.408359458401286742e-04 5.210929996084763711e-03 2.816718916802573485e-04 1.408359458401286742e-04 1.408359458401286742e-04 1.736507212208826256e-01 1.408359458401286742e-04 1.126687566721029177e-03 2.816718916802573485e-04 1.408359458401286742e-04 2.816718916802573485e-04 5.492601887765021819e-03 7.041797292006433170e-04 2.816718916802573485e-04 1.408359458401286742e-04 1.408359458401286742e-04 3.520898646003215934e-03 5.633437833605146969e-04 5.633437833605146969e-04 1.408359458401286742e-04 1.408359458401286742e-04 2.816718916802573485e-04 2.253375133442058354e-03 2.816718916802573485e-04 1.408359458401286742e-04 1.408359458401286742e-04 1.830867295921672277e-03 1.408359458401286742e-04 1.408359458401286742e-04 2.816718916802573485e-04 1.690031350081543657e-03 1.408359458401286742e-04 3.661734591843344554e-03
3.380062700163087314e-03 2.816718916802573485e-04 1.408359458401286742e-04 1.408359458401286742e-04 2.816718916802573485e-04 4.506750266884118443e-03 2.816718916802573485e-04 1.408359458401286742e-04 1.408359458401286742e-04 2.816718916802573485e-04 1.726648696000016858e-01 1.709748382499200747e-01 1.408359458401286742e-04 1.408359458401286742e-04 6.055945671125538034e-03 1.408359458401286742e-04 1.408359458401286742e-04 2.816718916802573485e-04 1.408359458401286742e-04 1.408359458401286742e-04 5.351765941924892765e-03 9.858516208809005570e-04 2.816718916802573485e-04 1.408359458401286742e-04 1.408359458401286742e-04 2.816718916802573485e-04 2.957554862642701454e-03 2.816718916802573485e-04 1.408359458401286742e-04 1.408359458401286742e-04 2.253375133442058354e-03 1.408359458401286742e-04 1.408359458401286742e-04 2.816718916802573485e-04 2.112539187601929734e-03 1.408359458401286742e-04 3.943406483523602228e-03
2.816718916802572834e-03 2.816718916802573485e-04 1.408359458401286742e-04 1.408359458401286742e-04 2.816718916802573485e-04 3.802570537683473174e-03 2.816718916802573485e-04 1.408359458401286742e-04 1.408359458401286742e-04 2.816718916802573485e-04 1.267523512561157797e-03 1.408359458401286742e-04 1.691439709539983294e-01 1.644963847412738989e-01 1.640738769037534961e-01 2.816718916802573485e-04 4.225078375203860227e-04 1.408359458401286742e-04 1.408359458401286742e-04 5.774273779445279926e-03 1.408359458401286742e-04 1.408359458401286742e-04 1.408359458401286742e-04 1.408359458401286742e-04 1.408359458401286742e-04 2.816718916802573485e-04 3.661734591843344554e-03 2.816718916802573485e-04 1.408359458401286742e-04 1.408359458401286742e-04 2.675882970962444214e-03 1.408359458401286742e-04 1.408359458401286742e-04 2.816718916802573485e-04 2.535047025122315594e-03 1.408359458401286742e-04 6.055945671125538034e-03
2.253375133442058354e-03 2.816718916802573485e-04 1.408359458401286742e-04 1.408359458401286742e-04 2.816718916802573485e-04 3.098390808482830074e-03 2.816718916802573485e-04 1.408359458401286742e-04 1.408359458401286742e-04 2.816718916802573485e-04 8.450156750407719370e-04 1.408359458401286742e-04 4.365914321043989389e-03 1.408359458401286742e-04 1.408359458401286742e-04 1.573137515034270517e-01 1.563278998825461119e-01 1.408359458401286742e-04 1.408359458401286742e-04 6.478453508645925195e-03 2.816718916802573485e-04 2.816718916802573485e-04 2.816718916802573485e-04 1.408359458401286742e-04 1.408359458401286742e-04 2.816718916802573485e-04 4.365914321043989389e-03 2.816718916802573485e-04 1.408359458401286742e-04 1.408359458401286742e-04 3.098390808482830074e-03 1.408359458401286742e-04 2.816718916802573485e-04 1.408359458401286742e-04 1.139362801846657142e-01 1.109787253220228948e-01 1.105562174845024920e-01
1.690031350081543657e-03 2.816718916802573485e-04 1.408359458401286742e-04 1.408359458401286742e-04 2.816718916802573485e-04 2.394211079282186974e-03 2.816718916802573485e-04 1.408359458401286742e-04 1.408359458401286742e-04 2.816718916802573485e-04 4.225078375203860227e-04 5.633437833605146969e-04 3.520898646003215934e-03 1.408359458401286742e-04 1.408359458401286742e-04 7.041797292006433170e-04 1.408359458401286742e-04 1.553420482616651721e-01 1.408359458401286742e-04 1.512578058323012786e-01 4.225078375203860227e-04 4.225078375203860227e-04 2.816718916802573485e-04 1.408359458401286742e-04 1.408359458401286742e-04 2.816718916802573485e-04 5.070094050244634658e-03 2.816718916802573485e-04 1.408359458401286742e-04 1.408359458401286742e-04 1.232314526101145752e-01 1.198513899099513530e-01 1.194288820724309502e-01 1.188655382890704132e-01 4.225078375203860227e-04 1.408359458401286742e-04 2.816718916802573485e-04
1.126687566721029177e-03 2.816718916802573485e-04 1.408359458401286742e-04 1.408359458401286742e-04 2.816718916802573485e-04 1.690031350081543657e-03 2.816718916802573485e-04 1.408359458401286742e-04 1.408359458401286742e-04 2.816718916802573485e-04 4.225078375203860227e-04 5.633437833605146969e-04 2.675882970962444214e-03 1.408359458401286742e-04 1.408359458401286742e-04 4.225078375203860227e-04 1.408359458401286742e-04 4.225078375203860227e-04 1.543561966407842323e-01 1.408359458401286742e-04 1.442160085402945657e-01 4.225078375203860227e-04 1.408359458401286742e-04 2.816718916802573485e-04 1.408359458401286742e-04 1.359066877357266445e-01 1.353433439523661075e-01 1.408359458401286742e-04 1.408359458401286742e-04 1.240764682851553807e-01 2.816718916802573485e-04 1.408359458401286742e-04 1.408359458401286742e-04 3.802570537683473174e-03 4.225078375203860227e-04 2.816718916802573485e-04 1.408359458401286742e-04
