output/test_direction/discharge_000008.asc
nrows	150
cellsize	66.6666666667
xllcorner	0
ncols	150
yllcorner	0
NODATA_value	-9999
[rows 85 to 101 of 150, columns 111 to 147 of 150]
2.816718916802573485e-04 1.408359458401286742e-04 1.408359458401286742e-04 1.408359458401286742e-04 1.408359458401286742e-04 2.816718916802573485e-04 1.408359458401286742e-04 1.408359458401286742e-04 1.408359458401286742e-04 1.408359458401286742e-04 1.408359458401286742e-04 1.408359458401286742e-04 1.408359458401286742e-04 1.408359458401286742e-04 1.408359458401286742e-04 6.633373049070033500e-02 2.816718916802573485e-04 1.408359458401286742e-04 1.408359458401286742e-04 1.408359458401286742e-04 1.408359458401286742e-04 1.408359458401286742e-04 2.816718916802573485e-04 5.633437833605146969e-04 9.858516208809005570e-04 2.816718916802573485e-04 3.013889240978742667e-02 2.816718916802573485e-04 1.408359458401286742e-04 1.408359458401286742e-04 2.901220484306640812e-02 2.788551727634538957e-02 4.365914321043989389e-03 2.816718916802572834e-03 2.112539187601929734e-03 1.408359458401286417e-03 8.450156750407719370e-04
2.816718916802573485e-04 2.816718916802573485e-04 1.408359458401286742e-04 1.408359458401286742e-04 1.408359458401286742e-04 1.408359458401286742e-04 1.408359458401286742e-04 1.408359458401286742e-04 1.408359458401286742e-04 1.408359458401286742e-04 1.408359458401286742e-04 1.408359458401286742e-04 2.816718916802573485e-04 2.816718916802573485e-04 2.816718916802573485e-04 6.689707427406087203e-02 1.408359458401286742e-04 9.858516208809005570e-04 7.041797292006433170e-04 4.225078375203860227e-04 1.408359458401286742e-04 1.408359458401286742e-04 2.816718916802573485e-04 4.225078375203860227e-04 5.633437833605146969e-04 1.690031350081543657e-03 3.211059565154920914e-02 1.408359458401286742e-04 1.408359458401286742e-04 3.042056430146768131e-02 5.633437833605146969e-04 2.816718916802573485e-04 1.408359458401286742e-04 1.267523512561157797e-03 5.633437833605146969e-04 5.633437833605146969e-04 4.225078375203860227e-04
1.126687566721029177e-03 7.041797292006433170e-04 4.225078375203860227e-04 1.408359458401286742e-04 1.408359458401286742e-04 4.225078375203860227e-04 8.450156750407719370e-04 1.408359458401286417e-03 2.112539187601929734e-03 2.816718916802572834e-03 3.380062700163087314e-03 3.802570537683473174e-03 4.225078375203860336e-03 4.788422158564376550e-03 5.351765941924892765e-03 7.407970751190771919e-02 1.690031350081543657e-03 5.633437833605146969e-04 4.225078375203860227e-04 2.816718916802573485e-04 1.408359458401286742e-04 1.408359458401286742e-04 1.408359458401286742e-04 2.816718916802573485e-04 4.225078375203860227e-04 5.633437833605146969e-04 3.281477538074984573e-02 1.408359458401286742e-04 3.112474403066831791e-02 2.816718916802573485e-04 4.225078375203860227e-04 4.225078375203860227e-04 1.408359458401286742e-04 2.816718916802573485e-04 8.450156750407719370e-04 4.225078375203860227e-04 4.225078375203860227e-04
1.549195404241415037e-03 1.126687566721029177e-03 2.816718916802573485e-04 1.408359458401286742e-04 1.408359458401286742e-04 1.408359458401286742e-04 2.816718916802573485e-04 4.225078375203860227e-04 4.225078375203860227e-04 2.816718916802573485e-04 1.408359458401286742e-04 1.408359458401286742e-04 1.408359458401286742e-04 1.408359458401286742e-04 1.408359458401286742e-04 7.450221534942812196e-02 1.408359458401286742e-04 1.408359458401286742e-04 1.408359458401286742e-04 1.408359458401286742e-04 1.408359458401286742e-04 1.408359458401286742e-04 2.816718916802573485e-04 1.408359458401286742e-04 2.816718916802573485e-04 4.225078375203860227e-04 3.337811916411035501e-02 3.211059565154920914e-02 1.408359458401286742e-04 1.408359458401286742e-04 1.408359458401286742e-04 2.816718916802573485e-04 2.816718916802573485e-04 1.408359458401286742e-04 4.225078375203860227e-04 2.816718916802573485e-04 2.816718916802573485e-04
2.816718916802573485e-04 2.816718916802573485e-04 7.041797292006433170e-04 4.225078375203860227e-04 1.408359458401286742e-04 1.408359458401286742e-04 2.816718916802573485e-04 2.816718916802573485e-04 1.408359458401286742e-04 1.408359458401286742e-04 1.408359458401286742e-04 1.408359458401286742e-04 1.408359458401286742e-04 1.408359458401286742e-04 1.408359458401286742e-04 7.605141075366959880e-02 1.267523512561157797e-03 9.858516208809005570e-04 7.041797292006433170e-04 4.225078375203860227e-04 1.408359458401286742e-04 1.408359458401286742e-04 5.633437833605146969e-04 1.408359458401286742e-04 2.816718916802573485e-04 4.225078375203860227e-04 6.619289454486020075e-02 1.408359458401286742e-04 5.633437833605146969e-04 4.225078375203860227e-04 2.816718916802573485e-04 1.408359458401286742e-04 1.408359458401286742e-04 1.408359458401286742e-04 1.408359458401286742e-04 1.408359458401286742e-04 1.408359458401286742e-04
1.408359458401286742e-04 1.408359458401286742e-04 1.408359458401286742e-04 1.408359458401286742e-04 1.408359458401286742e-04 1.408359458401286742e-04 1.408359458401286742e-04 1.408359458401286742e-04 2.816718916802573485e-04 4.225078375203860227e-04 7.041797292006433170e-04 9.858516208809005570e-04 1.267523512561157797e-03 1.549195404241415037e-03 1.830867295921672277e-03 7.858645777879201544e-02 5.633437833605146969e-04 4.225078375203860227e-04 2.816718916802573485e-04 1.408359458401286742e-04 1.408359458401286742e-04 1.408359458401286742e-04 8.450156750407719370e-04 1.408359458401286742e-04 1.408359458401286742e-04 1.408359458401286742e-04 6.661540238238060352e-02 1.408359458401286742e-04 1.408359458401286742e-04 1.408359458401286742e-04 1.408359458401286742e-04 1.408359458401286742e-04 1.408359458401286742e-04 1.408359458401286742e-04 1.408359458401286742e-04 1.408359458401286742e-04 1.408359458401286742e-04
4.225078375203860227e-04 2.816718916802573485e-04 1.408359458401286742e-04 1.408359458401286742e-04 1.408359458401286742e-04 1.408359458401286742e-04 2.816718916802573485e-04 4.225078375203860227e-04 5.633437833605146969e-04 7.041797292006433170e-04 8.450156750407719370e-04 9.858516208809005570e-04 1.126687566721029177e-03 1.267523512561157797e-03 1.408359458401286417e-03 8.069899696639402931e-02 5.633437833605146969e-04 4.225078375203860227e-04 2.816718916802573485e-04 1.408359458401286742e-04 1.408359458401286742e-04 2.816718916802573485e-04 1.267523512561157797e-03 1.408359458401286742e-04 1.408359458401286742e-04 2.816718916802573485e-04 8.224819237063550614e-02 1.408359458401286417e-03 1.126687566721029177e-03 8.450156750407719370e-04 5.633437833605146969e-04 2.816718916802573485e-04 2.816718916802573485e-04 2.816718916802573485e-04 1.408359458401286742e-04 4.225078375203860227e-04 2.816718916802573485e-04
2.816718916802573485e-04 1.408359458401286742e-04 2.816718916802573485e-04 2.816718916802573485e-04 1.408359458401286742e-04 1.408359458401286742e-04 1.408359458401286742e-04 1.408359458401286742e-04 2.816718916802573485e-04 4.225078375203860227e-04 7.041797292006433170e-04 9.858516208809005570e-04 1.267523512561157797e-03 1.549195404241415037e-03 1.690031350081543657e-03 8.295237209983617743e-02 4.225078375203860227e-04 2.816718916802573485e-04 1.408359458401286742e-04 1.408359458401286742e-04 1.408359458401286742e-04 2.816718916802573485e-04 1.830867295921672277e-03 1.408359458401286742e-04 1.408359458401286742e-04 8.309320804567631169e-02 1.408359458401286742e-04 1.408359458401289323e-02 4.225078375203860227e-04 2.816718916802573485e-04 1.408359458401286742e-04 1.408359458401286742e-04 7.041797292006433170e-04 1.408359458401286742e-04 2.816718916802573485e-04 1.690031350081543657e-03 8.450156750407719370e-04
1.408359458401286742e-04 1.408359458401286742e-04 7.041797292006433170e-04 2.816718916802573485e-04 2.816718916802573485e-04 1.408359458401286742e-04 1.408359458401286742e-04 2.816718916802573485e-04 1.408359458401286742e-04 1.408359458401286742e-04 1.408359458401286742e-04 1.408359458401286742e-04 1.408359458401286742e-04 1.408359458401286742e-04 2.816718916802573485e-04 8.365655182903684872e-02 2.816718916802573485e-04 1.408359458401286742e-04 1.408359458401286742e-04 2.816718916802573485e-04 1.408359458401286742e-04 2.816718916802573485e-04 2.253375133442058354e-03 1.408359458401286742e-04 8.421989561239738575e-02 2.816718916802573485e-04 1.408359458401286742e-04 1.408359458401286742e-04 1.337941485481224796e-02 1.408359458401286742e-04 2.816718916802573485e-04 1.408359458401286742e-04 5.915109725285408980e-03 5.070094050244634658e-03 2.394211079282186974e-03 5.633437833605146969e-04 4.225078375203860227e-04
1.408359458401286742e-04 1.408359458401286742e-04 1.267523512561157797e-03 4.225078375203860227e-04 2.816718916802573485e-04 1.408359458401286742e-04 1.408359458401286742e-04 2.816718916802573485e-04 4.225078375203860227e-04 2.816718916802573485e-04 1.408359458401286742e-04 2.816718916802573485e-04 4.225078375203860227e-04 5.633437833605146969e-04 7.041797292006433170e-04 8.478323939575792279e-02 2.816718916802573485e-04 1.408359458401286742e-04 1.408359458401286742e-04 5.633437833605146969e-04 1.408359458401286742e-04 2.816718916802573485e-04 8.914915371680208478e-02 8.647327074583953388e-02 5.633437833605146969e-04 4.225078375203860227e-04 1.408359458401286742e-04 1.408359458401286742e-04 8.450156750407719370e-04 1.211189134225108648e-02 9.154336479608376348e-03 8.168484858727472972e-03 1.408359458401286417e-03 7.041797292006433170e-04 2.112539187601929734e-03 1.408359458401286417e-03 8.450156750407719370e-04
1.408359458401286742e-04 1.408359458401286742e-04 1.971703241761801114e-03 7.041797292006433170e-04 2.816718916802573485e-04 1.408359458401286742e-04 1.408359458401286742e-04 2.816718916802573485e-04 4.225078375203860227e-04 8.450156750407719370e-04 1.408359458401286742e-04 1.408359458401286742e-04 2.816718916802573485e-04 4.225078375203860227e-04 5.633437833605146969e-04 8.576909101663886259e-02 2.816718916802573485e-04 1.408359458401286742e-04 1.408359458401286742e-04 8.450156750407719370e-04 1.408359458401286742e-04 9.098002101272383013e-02 7.041797292006433170e-04 7.041797292006433170e-04 7.041797292006433170e-04 4.225078375203860227e-04 2.816718916802573485e-04 1.408359458401286742e-04 5.633437833605146969e-04 2.816718916802573485e-04 2.535047025122315594e-03 5.633437833605146969e-04 5.633437833605146969e-04 5.633437833605146969e-04 5.633437833605146969e-04 5.633437833605146969e-04 4.225078375203860227e-04
1.408359458401286742e-04 1.408359458401286742e-04 2.957554862642701454e-03 1.408359458401286742e-04 2.816718916802573485e-04 1.408359458401286742e-04 1.408359458401286742e-04 4.225078375203860227e-04 8.450156750407719370e-04 1.549195404241415037e-03 1.408359458401286742e-04 1.408359458401286742e-04 1.408359458401286742e-04 2.816718916802573485e-04 4.225078375203860227e-04 8.647327074583953388e-02 1.408359458401286742e-04 1.408359458401286742e-04 1.408359458401286742e-04 9.379673992952651529e-02 9.267005236280544123e-02 5.633437833605146969e-04 5.633437833605146969e-04 5.633437833605146969e-04 5.633437833605146969e-04 5.633437833605146969e-04 2.816718916802573485e-04 1.408359458401286742e-04 4.225078375203860227e-04 1.408359458401286742e-04 1.830867295921672277e-03 5.633437833605146969e-04 4.225078375203860227e-04 4.225078375203860227e-04 4.225078375203860227e-04 4.225078375203860227e-04 4.225078375203860227e-04
1.408359458401286742e-04 2.816718916802573485e-04 3.380062700163087314e-03 7.041797292006433170e-04 2.816718916802573485e-04 1.408359458401286742e-04 1.408359458401286742e-04 2.816718916802573485e-04 4.225078375203860227e-04 2.957554862642701454e-03 2.816718916802573485e-04 2.816718916802573485e-04 1.408359458401286742e-04 1.408359458401286742e-04 2.816718916802573485e-04 8.703661452920007091e-02 1.408359458401286742e-04 1.408359458401286742e-04 9.492342749624758935e-02 4.225078375203860227e-04 4.225078375203860227e-04 4.225078375203860227e-04 4.225078375203860227e-04 4.225078375203860227e-04 4.225078375203860227e-04 4.225078375203860227e-04 4.225078375203860227e-04 1.408359458401286742e-04 2.816718916802573485e-04 1.408359458401286742e-04 7.041797292006433170e-04 8.450156750407719370e-04 4.225078375203860227e-04 2.816718916802573485e-04 2.816718916802573485e-04 2.816718916802573485e-04 2.816718916802573485e-04
1.408359458401286742e-04 2.816718916802573485e-04 4.506750266884118443e-03 1.408359458401286742e-04 2.816718916802573485e-04 1.408359458401286742e-04 1.408359458401286742e-04 1.408359458401286742e-04 4.225078375203860227e-04 7.041797292006433170e-04 4.084242429363731282e-03 5.633437833605146969e-04 1.408359458401286742e-04 1.408359458401286742e-04 1.408359458401286742e-04 8.745912236672047368e-02 1.408359458401286742e-04 9.576844317128839490e-02 2.816718916802573485e-04 2.816718916802573485e-04 2.816718916802573485e-04 2.816718916802573485e-04 2.816718916802573485e-04 2.816718916802573485e-04 2.816718916802573485e-04 2.816718916802573485e-04 2.816718916802573485e-04 2.816718916802573485e-04 1.408359458401286742e-04 1.408359458401286742e-04 4.225078375203860227e-04 4.225078375203860227e-04 2.816718916802573485e-04 2.816718916802573485e-04 1.408359458401286742e-04 1.408359458401286742e-04 1.408359458401286742e-04
1.408359458401286742e-04 2.816718916802573485e-04 5.210929996084763711e-03 1.408359458401286742e-04 5.633437833605146969e-04 2.816718916802573485e-04 1.408359458401286742e-04 1.408359458401286742e-04 1.408359458401286742e-04 1.408359458401286742e-04 2.816718916802573485e-04 5.070094050244634658e-03 2.816718916802573485e-04 1.408359458401286742e-04 2.816718916802573485e-04 1.842134171588926950e-01 9.661345884632920045e-02 2.816718916802573485e-04 2.816718916802573485e-04 1.408359458401286742e-04 1.408359458401286742e-04 1.408359458401286742e-04 1.408359458401286742e-04 1.408359458401286742e-04 1.408359458401286742e-04 1.408359458401286742e-04 1.408359458401286742e-04 1.408359458401286742e-04 1.408359458401286742e-04 1.408359458401286742e-04 1.408359458401286742e-04 1.408359458401286742e-04 1.408359458401286742e-04 1.408359458401286742e-04 1.408359458401286742e-04 1.408359458401286742e-04 1.408359458401286742e-04
4.225078375203860227e-04 6.478453508645925195e-03 1.408359458401286742e-04 1.408359458401286742e-04 9.858516208809005570e-04 2.816718916802573485e-04 1.408359458401286742e-04 1.408359458401286742e-04 1.408359458401286742e-04 1.408359458401286742e-04 2.816718916802573485e-04 4.225078375203860227e-04 5.915109725285408980e-03 1.408359458401286742e-04 1.851992687797736348e-01 2.816718916802573485e-04 2.816718916802573485e-04 1.408359458401286742e-04 1.408359458401286742e-04 1.408359458401286742e-04 1.408359458401286742e-04 1.408359458401286742e-04 1.408359458401286742e-04 1.408359458401286742e-04 1.408359458401286742e-04 1.408359458401286742e-04 1.408359458401286742e-04 1.408359458401286742e-04 1.408359458401286742e-04 1.408359458401286742e-04 1.408359458401286742e-04 1.408359458401286742e-04 1.408359458401286742e-04 1.408359458401286742e-04 2.816718916802573485e-04 2.816718916802573485e-04 2.816718916802573485e-04
2.816718916802573485e-04 1.408359458401286742e-04 7.041797292006441410e-03 1.408359458401286742e-04 2.112539187601929734e-03 7.041797292006433170e-04 4.225078375203860227e-04 1.408359458401286742e-04 1.408359458401286742e-04 4.225078375203860227e-04 1.408359458401286742e-04 1.408359458401286742e-04 1.408359458401286742e-04 1.918185582342599449e-01 2.816718916802573485e-04 1.408359458401286742e-04 1.408359458401286742e-04 1.408359458401286742e-04 1.408359458401286742e-04 1.408359458401286742e-04 2.816718916802573485e-04 2.816718916802573485e-04 1.126687566721029177e-03 7.041797292006433170e-04 4.225078375203860227e-04 1.408359458401286742e-04 2.816718916802573485e-04 2.816718916802573485e-04 4.225078375203860227e-04 2.816718916802573485e-04 2.816718916802573485e-04 1.408359458401286742e-04 2.816718916802573485e-04 2.816718916802573485e-04 7.041797292006433170e-04 4.225078375203860227e-04 4.225078375203860227e-04
