output/test_direction/discharge_000010.asc
nrows	150
cellsize	66.6666666667
xllcorner	0
ncols	150
yllcorner	0
NODATA_value	-9999
[rows 0 to 16 of 150, columns 37 to 73 of 150]
1.408359458401286742e-04 1.408359458401286742e-04 1.408359458401286742e-04 1.408359458401286742e-04 1.408359458401286742e-04 1.408359458401286742e-04 1.922410660717803477e-01 1.408359458401286742e-04 1.408359458401286742e-04 1.408359458401286742e-04 1.408359458401286742e-04 1.408359458401286742e-04 1.408359458401286742e-04 1.408359458401286742e-04 1.408359458401286742e-04 1.408359458401286742e-04 1.408359458401286742e-04 1.711156741957602090e-01 1.709748382499200747e-01 1.408359458401286742e-04 1.408359458401286742e-04 1.690031350081581951e-01 1.408359458401286742e-04 1.408359458401286742e-04 1.408359458401286742e-04 1.408359458401286742e-04 1.408359458401286742e-04 1.408359458401286742e-04 1.408359458401286742e-04 1.408359458401286742e-04 1.408359458401286742e-04 1.408359458401286742e-04 1.408359458401286742e-04 1.450610242153353713e-01 1.449201882694952370e-01 1.446385163778149685e-01 1.440751725944544315e-01
4.225078375203860227e-04 2.816718916802573485e-04 1.408359458401286742e-04 1.942127693135422273e-01 1.937902614760218245e-01 1.933677536385014217e-01 1.408359458401286742e-04 1.919593941801000792e-01 1.915368863425796764e-01 2.816718916802573485e-04 1.408359458401286742e-04 2.816718916802573485e-04 1.408359458401286742e-04 1.785799793252873247e-01 1.781574714877669219e-01 1.777349636502465191e-01 1.770307839210458478e-01 1.408359458401286742e-04 1.408359458401286742e-04 1.705523304123996720e-01 1.701298225748792692e-01 1.408359458401286742e-04 1.687214631164779266e-01 1.644963847412738989e-01 1.640738769037534961e-01 1.635105331203929591e-01 1.408359458401286742e-04 1.408359458401286742e-04 1.535111809657434268e-01 1.530886731282230240e-01 1.526661652907026212e-01 1.522436574531822184e-01 1.460468758362163111e-01 2.816718916802573485e-04 1.408359458401286742e-04 4.225078375203860227e-04 4.225078375203860227e-04
1.982970117429061208e-01 1.975928320137054495e-01 1.970294882303449124e-01 5.633437833605146969e-04 1.408359458401286742e-04 5.633437833605146969e-04 1.408359458401286742e-04 2.816718916802573485e-04 1.408359458401286742e-04 1.906918706675388708e-01 1.408359458401286742e-04 1.811150263504097413e-01 1.806925185128893385e-01 2.816718916802573485e-04 1.408359458401286742e-04 4.225078375203860227e-04 2.816718916802573485e-04 5.210929996084763711e-03 1.408359458401286742e-04 2.816718916802573485e-04 5.633437833605146969e-04 1.408359458401286742e-04 4.084242429363731282e-03 1.408359458401286742e-04 2.816718916802573485e-04 1.408359458401286742e-04 1.628063533911922878e-01 1.622430096078317507e-01 2.816718916802573485e-04 1.408359458401286742e-04 1.408359458401286742e-04 5.915109725285408980e-03 1.408359458401286742e-04 2.816718916802573485e-04 1.408359458401286742e-04 2.816718916802573485e-04 2.816718916802573485e-04
1.408359458401286742e-04 1.408359458401286742e-04 1.408359458401286417e-03 5.633437833605146969e-04 4.225078375203860227e-04 2.816718916802573485e-04 1.408359458401286742e-04 1.408359458401286742e-04 2.816718916802573485e-04 4.225078375203860227e-04 1.895651831008177968e-01 1.408359458401286742e-04 1.408359458401286417e-03 1.408359458401286742e-04 1.408359458401286742e-04 2.816718916802573485e-04 1.408359458401286742e-04 4.647586212724247497e-03 2.816718916802573485e-04 1.408359458401286742e-04 4.225078375203860227e-04 1.408359458401286742e-04 3.520898646003215934e-03 2.816718916802573485e-04 1.408359458401286742e-04 1.408359458401286742e-04 2.816718916802573485e-04 8.168484858727472972e-03 4.225078375203860227e-04 1.408359458401286742e-04 2.816718916802573485e-04 2.816718916802573485e-04 5.210929996084763711e-03 1.408359458401286742e-04 1.408359458401286742e-04 1.408359458401286742e-04 1.408359458401286742e-04
6.196781616965667087e-03 1.408359458401286742e-04 7.041797292006433170e-04 5.633437833605146969e-04 4.225078375203860227e-04 2.816718916802573485e-04 1.408359458401286742e-04 1.408359458401286742e-04 2.816718916802573485e-04 4.225078375203860227e-04 7.745977021207086678e-03 1.408359458401286742e-04 1.408359458401286742e-04 1.126687566721029177e-03 2.816718916802573485e-04 1.408359458401286742e-04 1.408359458401286742e-04 3.943406483523602228e-03 4.225078375203860227e-04 1.408359458401286742e-04 2.816718916802573485e-04 1.408359458401286742e-04 2.957554862642701454e-03 2.816718916802573485e-04 1.408359458401286742e-04 1.408359458401286742e-04 2.816718916802573485e-04 6.900961346166312356e-03 4.225078375203860227e-04 2.816718916802573485e-04 1.408359458401286742e-04 1.408359458401286742e-04 1.690031350081543657e-03 3.239226754322958694e-03 5.633437833605146969e-04 1.408359458401286742e-04 1.408359458401286742e-04
1.408359458401286742e-04 5.774273779445279926e-03 7.041797292006433170e-04 5.633437833605146969e-04 4.225078375203860227e-04 2.816718916802573485e-04 1.408359458401286742e-04 1.408359458401286742e-04 2.816718916802573485e-04 4.225078375203860227e-04 5.774273779445279926e-03 1.267523512561157797e-03 1.408359458401286742e-04 4.225078375203860227e-04 2.816718916802573485e-04 1.408359458401286742e-04 1.408359458401286742e-04 3.239226754322958694e-03 4.225078375203860227e-04 2.816718916802573485e-04 1.408359458401286742e-04 1.408359458401286742e-04 2.394211079282186974e-03 2.816718916802573485e-04 1.408359458401286742e-04 1.408359458401286742e-04 1.408359458401286742e-04 6.478453508645925195e-03 2.816718916802573485e-04 2.816718916802573485e-04 1.408359458401286742e-04 1.408359458401286742e-04 1.408359458401286417e-03 2.112539187601929734e-03 4.225078375203860227e-04 2.816718916802573485e-04 1.408359458401286742e-04
1.408359458401286742e-04 4.084242429363731282e-03 7.041797292006433170e-04 5.633437833605146969e-04 4.225078375203860227e-04 2.816718916802573485e-04 1.408359458401286742e-04 1.408359458401286742e-04 2.816718916802573485e-04 4.225078375203860227e-04 4.506750266884118443e-03 7.041797292006433170e-04 9.858516208809005570e-04 4.225078375203860227e-04 2.816718916802573485e-04 1.408359458401286742e-04 1.408359458401286742e-04 2.535047025122315594e-03 4.225078375203860227e-04 2.816718916802573485e-04 1.408359458401286742e-04 1.408359458401286742e-04 1.830867295921672277e-03 2.816718916802573485e-04 1.408359458401286742e-04 1.408359458401286742e-04 5.633437833605146969e-04 5.633437833605150873e-03 1.408359458401286742e-04 1.408359458401286742e-04 1.408359458401286742e-04 1.408359458401286742e-04 1.126687566721029177e-03 1.549195404241415037e-03 4.225078375203860227e-04 2.816718916802573485e-04 1.408359458401286742e-04
1.408359458401286742e-04 3.239226754322958694e-03 5.633437833605146969e-04 5.633437833605146969e-04 4.225078375203860227e-04 2.816718916802573485e-04 1.408359458401286742e-04 1.408359458401286742e-04 2.816718916802573485e-04 4.225078375203860227e-04 3.380062700163087314e-03 5.633437833605146969e-04 5.633437833605146969e-04 4.225078375203860227e-04 2.816718916802573485e-04 1.408359458401286742e-04 1.408359458401286742e-04 1.830867295921672277e-03 4.225078375203860227e-04 2.816718916802573485e-04 1.408359458401286742e-04 1.408359458401286742e-04 1.408359458401286417e-03 1.408359458401286742e-04 1.408359458401286742e-04 2.816718916802573485e-04 4.225078375203860227e-04 4.506750266884118443e-03 4.225078375203860227e-04 2.816718916802573485e-04 1.408359458401286742e-04 1.408359458401286742e-04 8.450156750407719370e-04 1.126687566721029177e-03 2.816718916802573485e-04 2.816718916802573485e-04 1.408359458401286742e-04
1.408359458401286742e-04 2.394211079282186974e-03 5.633437833605146969e-04 4.225078375203860227e-04 4.225078375203860227e-04 2.816718916802573485e-04 1.408359458401286742e-04 1.408359458401286742e-04 2.816718916802573485e-04 4.225078375203860227e-04 2.394211079282186974e-03 4.225078375203860227e-04 4.225078375203860227e-04 4.225078375203860227e-04 2.816718916802573485e-04 1.408359458401286742e-04 1.408359458401286742e-04 7.041797292006433170e-04 8.450156750407719370e-04 2.816718916802573485e-04 1.408359458401286742e-04 1.408359458401286742e-04 9.858516208809005570e-04 1.408359458401286742e-04 1.408359458401286742e-04 2.816718916802573485e-04 4.225078375203860227e-04 1.408359458401286417e-03 2.535047025122315594e-03 7.041797292006433170e-04 2.816718916802573485e-04 1.408359458401286742e-04 5.633437833605146969e-04 7.041797292006433170e-04 2.816718916802573485e-04 1.408359458401286742e-04 1.408359458401286742e-04
1.408359458401286742e-04 9.858516208809005570e-04 1.126687566721029177e-03 4.225078375203860227e-04 2.816718916802573485e-04 2.816718916802573485e-04 1.408359458401286742e-04 1.408359458401286742e-04 2.816718916802573485e-04 2.816718916802573485e-04 1.549195404241415037e-03 4.225078375203860227e-04 2.816718916802573485e-04 2.816718916802573485e-04 2.816718916802573485e-04 1.408359458401286742e-04 1.408359458401286742e-04 4.225078375203860227e-04 4.225078375203860227e-04 2.816718916802573485e-04 1.408359458401286742e-04 1.408359458401286742e-04 5.633437833605146969e-04 1.408359458401286742e-04 1.408359458401286742e-04 2.816718916802573485e-04 2.816718916802573485e-04 9.858516208809005570e-04 1.267523512561157797e-03 4.225078375203860227e-04 2.816718916802573485e-04 1.408359458401286742e-04 4.225078375203860227e-04 4.225078375203860227e-04 1.408359458401286742e-04 1.408359458401286742e-04 1.408359458401286742e-04
4.225078375203860227e-04 4.225078375203860227e-04 7.041797292006433170e-04 2.816718916802573485e-04 2.816718916802573485e-04 1.408359458401286742e-04 1.408359458401286742e-04 1.408359458401286742e-04 1.408359458401286742e-04 2.816718916802573485e-04 8.450156750407719370e-04 2.816718916802573485e-04 2.816718916802573485e-04 1.408359458401286742e-04 1.408359458401286742e-04 1.408359458401286742e-04 1.408359458401286742e-04 1.408359458401286742e-04 1.408359458401286742e-04 1.408359458401286742e-04 1.408359458401286742e-04 1.408359458401286742e-04 1.408359458401286742e-04 1.408359458401286742e-04 1.408359458401286742e-04 1.408359458401286742e-04 2.816718916802573485e-04 5.633437833605146969e-04 8.450156750407719370e-04 2.816718916802573485e-04 2.816718916802573485e-04 1.408359458401286742e-04 2.816718916802573485e-04 1.408359458401286742e-04 1.408359458401286742e-04 1.408359458401286742e-04 1.408359458401286742e-04
2.816718916802573485e-04 2.816718916802573485e-04 4.225078375203860227e-04 1.408359458401286742e-04 1.408359458401286742e-04 1.408359458401286742e-04 1.408359458401286742e-04 1.408359458401286742e-04 1.408359458401286742e-04 1.408359458401286742e-04 4.225078375203860227e-04 1.408359458401286742e-04 1.408359458401286742e-04 1.408359458401286742e-04 1.408359458401286742e-04 1.408359458401286742e-04 1.408359458401286742e-04 1.408359458401286742e-04 1.408359458401286742e-04 1.408359458401286742e-04 1.408359458401286742e-04 1.408359458401286742e-04 1.408359458401286742e-04 1.408359458401286742e-04 1.408359458401286742e-04 1.408359458401286742e-04 1.408359458401286742e-04 2.816718916802573485e-04 4.225078375203860227e-04 2.816718916802573485e-04 1.408359458401286742e-04 1.408359458401286742e-04 1.408359458401286742e-04 1.408359458401286742e-04 1.408359458401286742e-04 1.408359458401286742e-04 2.816718916802573485e-04
1.408359458401286742e-04 1.408359458401286742e-04 1.408359458401286742e-04 1.408359458401286742e-04 1.408359458401286742e-04 1.408359458401286742e-04 1.408359458401286742e-04 4.225078375203860227e-04 1.408359458401286742e-04 1.408359458401286742e-04 1.408359458401286742e-04 1.408359458401286742e-04 1.408359458401286742e-04 1.408359458401286742e-04 4.225078375203860227e-04 1.408359458401286742e-04 4.225078375203860227e-04 2.816718916802573485e-04 2.816718916802573485e-04 2.816718916802573485e-04 1.408359458401286742e-04 1.408359458401286742e-04 2.816718916802573485e-04 4.225078375203860227e-04 2.816718916802573485e-04 1.408359458401286742e-04 1.408359458401286742e-04 1.408359458401286742e-04 1.408359458401286742e-04 1.408359458401286742e-04 1.408359458401286742e-04 1.408359458401286742e-04 1.408359458401286742e-04 1.408359458401286742e-04 2.816718916802573485e-04 2.816718916802573485e-04 2.816718916802573485e-04
1.408359458401286742e-04 1.408359458401286742e-04 1.408359458401286742e-04 1.408359458401286742e-04 2.816718916802573485e-04 1.408359458401286742e-04 2.816718916802573485e-04 8.450156750407719370e-04 2.816718916802573485e-04 1.408359458401286742e-04 1.408359458401286742e-04 1.408359458401286742e-04 1.408359458401286742e-04 2.816718916802573485e-04 8.450156750407719370e-04 1.408359458401286742e-04 8.450156750407719370e-04 4.225078375203860227e-04 4.225078375203860227e-04 2.816718916802573485e-04 1.408359458401286742e-04 1.408359458401286742e-04 2.816718916802573485e-04 8.450156750407719370e-04 5.633437833605146969e-04 2.816718916802573485e-04 1.408359458401286742e-04 1.408359458401286742e-04 1.408359458401286742e-04 1.408359458401286742e-04 1.408359458401286742e-04 2.816718916802573485e-04 2.816718916802573485e-04 1.408359458401286742e-04 2.816718916802573485e-04 4.225078375203860227e-04 4.225078375203860227e-04
1.408359458401286742e-04 1.408359458401286742e-04 2.816718916802573485e-04 4.225078375203860227e-04 4.225078375203860227e-04 1.408359458401286742e-04 2.816718916802573485e-04 1.549195404241415037e-03 2.816718916802573485e-04 2.816718916802573485e-04 1.408359458401286742e-04 1.408359458401286742e-04 2.816718916802573485e-04 2.816718916802573485e-04 1.408359458401286417e-03 1.408359458401286742e-04 2.816718916802572834e-03 1.408359458401286417e-03 7.041797292006433170e-04 2.816718916802573485e-04 1.408359458401286742e-04 1.408359458401286742e-04 2.816718916802573485e-04 1.267523512561157797e-03 9.858516208809005570e-04 2.816718916802573485e-04 2.816718916802573485e-04 2.816718916802573485e-04 1.408359458401286742e-04 1.408359458401286742e-04 2.816718916802573485e-04 8.450156750407719370e-04 1.408359458401286742e-04 1.408359458401286742e-04 4.225078375203860227e-04 4.225078375203860227e-04 5.633437833605146969e-04
1.408359458401286742e-04 1.408359458401286742e-04 2.816718916802573485e-04 8.450156750407719370e-04 7.041797292006433170e-04 1.408359458401286742e-04 1.408359458401286742e-04 2.253375133442058354e-03 4.225078375203860227e-04 2.816718916802573485e-04 1.408359458401286742e-04 2.816718916802573485e-04 1.408359458401286742e-04 4.225078375203860227e-04 1.830867295921672277e-03 3.380062700163087314e-03 2.816718916802573485e-04 1.408359458401286742e-04 1.408359458401286742e-04 1.408359458401286742e-04 2.816718916802573485e-04 1.408359458401286742e-04 4.225078375203860227e-04 2.112539187601929734e-03 1.408359458401286417e-03 4.225078375203860227e-04 4.225078375203860227e-04 2.816718916802573485e-04 1.408359458401286742e-04 1.408359458401286742e-04 2.816718916802573485e-04 1.408359458401286417e-03 1.408359458401286742e-04 1.408359458401286742e-04 1.408359458401286742e-04 8.450156750407719370e-04 1.549195404241415037e-03
1.408359458401286742e-04 1.408359458401286742e-04 2.816718916802573485e-04 1.549195404241415037e-03 9.858516208809005570e-04 1.408359458401286742e-04 1.408359458401286742e-04 2.957554862642701454e-03 4.225078375203860227e-04 1.408359458401286742e-04 2.816718916802573485e-04 4.225078375203860227e-04 1.408359458401286742e-04 2.816718916802573485e-04 5.774273779445279926e-03 1.408359458401286742e-04 1.408359458401286742e-04 1.408359458401286742e-04 1.408359458401286742e-04 2.816718916802573485e-04 4.225078375203860227e-04 1.408359458401286742e-04 1.408359458401286742e-04 1.408359458401286742e-04 4.084242429363731282e-03 5.633437833605146969e-04 7.041797292006433170e-04 2.816718916802573485e-04 1.408359458401286742e-04 1.408359458401286742e-04 2.816718916802573485e-04 1.971703241761801114e-03 2.816718916802573485e-04 1.408359458401286742e-04 1.408359458401286742e-04 1.408359458401286742e-04 1.408359458401286742e-04
