output/test_direction/discharge_000001.asc
nrows	150
cellsize	66.6666666667
xllcorner	0
ncols	150
yllcorner	0
NODATA_value	-9999
[rows 85 to 101 of 150, columns 111 to 147 of 150]
1.408359458401286742e-04 1.323857890897211891e-02 2.816718916802573485e-04 1.408359458401286742e-04 8.027648912887343918e-03 7.182633237846570463e-03 2.816718916802573485e-04 2.816718916802573485e-04 2.816718916802573485e-04 1.408359458401286742e-04 4.225078375203860227e-04 2.816718916802573485e-04 1.408359458401286742e-04 1.408359458401286742e-04 1.408359458401286742e-04 1.408359458401286742e-04 1.408359458401286742e-04 1.408359458401286742e-04 1.408359458401286742e-04 1.408359458401286742e-04 1.408359458401286742e-04 1.408359458401286742e-04 2.816718916802573485e-04 1.408359458401286742e-04 2.816718916802573485e-04 2.816718916802573485e-04 1.690031350081543657e-03 2.816718916802573485e-04 1.408359458401286742e-04 1.408359458401286742e-04 3.943406483523602228e-03 1.267523512561157797e-03 5.633437833605146969e-04 1.408359458401286742e-04 1.830867295921672277e-03 1.408359458401286742e-04 4.225078375203860227e-04
1.408359458401286742e-04 3.098390808482830074e-03 4.225078375203860227e-04 1.408359458401286742e-04 2.816718916802573485e-04 1.408359458401286742e-04 6.619289454486054249e-03 4.647586212724247497e-03 3.802570537683473174e-03 2.816718916802572834e-03 1.971703241761801114e-03 1.408359458401286417e-03 9.858516208809005570e-04 5.633437833605146969e-04 2.816718916802573485e-04 2.816718916802573485e-04 1.408359458401286742e-04 1.408359458401286742e-04 4.225078375203860227e-04 2.816718916802573485e-04 1.408359458401286742e-04 4.225078375203860227e-04 4.225078375203860227e-04 1.408359458401286742e-04 2.816718916802573485e-04 4.225078375203860227e-04 2.394211079282186974e-03 1.408359458401286742e-04 2.816718916802573485e-04 4.506750266884118443e-03 1.408359458401286742e-04 1.408359458401286742e-04 1.408359458401286742e-04 2.253375133442058354e-03 1.408359458401286742e-04 7.041797292006433170e-04 4.225078375203860227e-04
1.408359458401286742e-04 2.675882970962444214e-03 1.408359458401286742e-04 2.816718916802573485e-04 1.408359458401286742e-04 1.408359458401286742e-04 1.267523512561157797e-03 1.408359458401286742e-04 4.225078375203860227e-04 7.041797292006433170e-04 2.816718916802573485e-04 1.408359458401286742e-04 1.408359458401286742e-04 1.408359458401286742e-04 1.408359458401286742e-04 5.633437833605146969e-04 1.408359458401286742e-04 1.408359458401286742e-04 7.041797292006433170e-04 5.633437833605146969e-04 1.408359458401286742e-04 1.408359458401286742e-04 1.126687566721029177e-03 1.408359458401286742e-04 1.408359458401286742e-04 4.225078375203860227e-04 3.098390808482830074e-03 1.408359458401286742e-04 5.210929996084763711e-03 1.408359458401286742e-04 1.408359458401286742e-04 1.408359458401286742e-04 2.675882970962444214e-03 1.408359458401286742e-04 1.408359458401286742e-04 1.267523512561157797e-03 4.225078375203860227e-04
1.408359458401286742e-04 7.041797292006433170e-04 1.690031350081543657e-03 2.816718916802573485e-04 1.408359458401286742e-04 1.408359458401286742e-04 8.450156750407719370e-04 1.408359458401286742e-04 2.816718916802573485e-04 4.225078375203860227e-04 1.408359458401286742e-04 1.408359458401286742e-04 1.408359458401286742e-04 1.408359458401286742e-04 1.408359458401286742e-04 9.858516208809005570e-04 1.408359458401286742e-04 1.408359458401286742e-04 2.816718916802573485e-04 1.549195404241415037e-03 1.408359458401286742e-04 1.408359458401286742e-04 1.549195404241415037e-03 1.408359458401286742e-04 1.408359458401286742e-04 2.816718916802573485e-04 3.661734591843344554e-03 5.633437833605150873e-03 1.408359458401286742e-04 1.408359458401286742e-04 1.408359458401286742e-04 3.098390808482830074e-03 1.408359458401286742e-04 1.408359458401286742e-04 1.549195404241415037e-03 5.633437833605146969e-04 4.225078375203860227e-04
1.408359458401286742e-04 4.225078375203860227e-04 9.858516208809005570e-04 2.816718916802573485e-04 1.408359458401286742e-04 1.408359458401286742e-04 4.225078375203860227e-04 1.408359458401286742e-04 1.408359458401286742e-04 1.408359458401286742e-04 1.408359458401286742e-04 1.408359458401286742e-04 1.408359458401286742e-04 2.816718916802573485e-04 2.816718916802573485e-04 1.408359458401286417e-03 1.408359458401286742e-04 1.408359458401286742e-04 2.816718916802573485e-04 2.112539187601929734e-03 1.408359458401286742e-04 1.408359458401286742e-04 1.971703241761801114e-03 1.408359458401286742e-04 1.408359458401286742e-04 2.816718916802573485e-04 9.717680262968892563e-03 1.408359458401286742e-04 1.408359458401286742e-04 1.408359458401286742e-04 3.380062700163087314e-03 1.408359458401286742e-04 1.408359458401286742e-04 1.408359458401286742e-04 2.394211079282186974e-03 5.633437833605146969e-04 4.225078375203860227e-04
1.408359458401286742e-04 1.408359458401286742e-04 5.633437833605146969e-04 2.816718916802573485e-04 1.408359458401286742e-04 1.408359458401286742e-04 1.408359458401286742e-04 1.408359458401286742e-04 1.408359458401286742e-04 1.408359458401286742e-04 1.408359458401286742e-04 1.408359458401286742e-04 2.816718916802573485e-04 2.816718916802573485e-04 4.225078375203860227e-04 1.971703241761801114e-03 1.408359458401286742e-04 1.408359458401286742e-04 2.816718916802573485e-04 2.675882970962444214e-03 1.408359458401286742e-04 1.408359458401286742e-04 2.394211079282186974e-03 1.408359458401286742e-04 1.408359458401286742e-04 2.816718916802573485e-04 1.028102404632940878e-02 2.816718916802573485e-04 2.816718916802573485e-04 1.408359458401286742e-04 3.943406483523602228e-03 2.816718916802573485e-04 1.408359458401286742e-04 1.408359458401286742e-04 3.239226754322958694e-03 5.633437833605146969e-04 4.225078375203860227e-04
1.408359458401286742e-04 1.408359458401286742e-04 1.408359458401286742e-04 1.408359458401286742e-04 1.408359458401286742e-04 1.408359458401286742e-04 1.408359458401286742e-04 1.408359458401286742e-04 2.816718916802573485e-04 5.633437833605146969e-04 1.408359458401286742e-04 1.408359458401286742e-04 2.816718916802573485e-04 4.225078375203860227e-04 4.225078375203860227e-04 2.675882970962444214e-03 1.408359458401286742e-04 1.408359458401286742e-04 2.816718916802573485e-04 3.239226754322958694e-03 1.408359458401286742e-04 1.408359458401286742e-04 2.816718916802572834e-03 1.408359458401286742e-04 1.408359458401286742e-04 2.816718916802573485e-04 1.619613377161482209e-02 5.070094050244634658e-03 4.506750266884118443e-03 4.225078375203860336e-03 1.408359458401286742e-04 1.408359458401286742e-04 2.816718916802573485e-04 1.408359458401286742e-04 4.084242429363731282e-03 5.633437833605146969e-04 4.225078375203860227e-04
1.408359458401286742e-04 1.408359458401286742e-04 1.408359458401286742e-04 1.408359458401286742e-04 1.408359458401286742e-04 1.408359458401286742e-04 2.816718916802573485e-04 2.816718916802573485e-04 2.816718916802573485e-04 1.126687566721029177e-03 1.408359458401286742e-04 1.408359458401286742e-04 2.816718916802573485e-04 4.225078375203860227e-04 5.633437833605146969e-04 3.380062700163087314e-03 1.408359458401286742e-04 1.408359458401286742e-04 2.816718916802573485e-04 3.802570537683473174e-03 1.408359458401286742e-04 1.408359458401286742e-04 3.239226754322958694e-03 1.408359458401286742e-04 1.408359458401286742e-04 1.704114944665558601e-02 1.408359458401286742e-04 1.408359458401286742e-04 1.408359458401286742e-04 1.408359458401286742e-04 1.408359458401286742e-04 1.408359458401286742e-04 7.041797292006433170e-04 1.408359458401286742e-04 6.760125400326183302e-03 1.830867295921672277e-03 1.126687566721029177e-03
1.408359458401286742e-04 2.816718916802573485e-04 4.225078375203860227e-04 4.225078375203860227e-04 1.408359458401286742e-04 1.408359458401286742e-04 2.816718916802573485e-04 4.225078375203860227e-04 4.225078375203860227e-04 1.690031350081543657e-03 1.408359458401286742e-04 1.408359458401286742e-04 2.816718916802573485e-04 4.225078375203860227e-04 5.633437833605146969e-04 4.225078375203860336e-03 1.408359458401286742e-04 1.408359458401286742e-04 2.816718916802573485e-04 4.365914321043989389e-03 1.408359458401286742e-04 1.408359458401286742e-04 3.661734591843344554e-03 1.408359458401286742e-04 1.760449323001609528e-02 1.408359458401286742e-04 1.408359458401286742e-04 1.408359458401286742e-04 1.408359458401286742e-04 4.225078375203860227e-04 1.408359458401286742e-04 1.408359458401286742e-04 9.717680262968892563e-03 8.450156750407731079e-03 1.408359458401286742e-04 1.408359458401286742e-04 1.408359458401286742e-04
2.816718916802573485e-04 2.816718916802573485e-04 8.450156750407719370e-04 7.041797292006433170e-04 1.408359458401286742e-04 1.408359458401286742e-04 2.816718916802573485e-04 4.225078375203860227e-04 5.633437833605146969e-04 2.394211079282186974e-03 1.408359458401286742e-04 1.408359458401286742e-04 2.816718916802573485e-04 4.225078375203860227e-04 5.633437833605146969e-04 5.070094050244634658e-03 1.408359458401286742e-04 1.408359458401286742e-04 2.816718916802573485e-04 4.929258104404505604e-03 1.408359458401286742e-04 1.408359458401286742e-04 2.225207944274029681e-02 1.830867295921673188e-02 1.408359458401286742e-04 1.408359458401286742e-04 1.408359458401286742e-04 1.408359458401286742e-04 2.816718916802573485e-04 1.168938350473069931e-02 1.084436782968992499e-02 1.028102404632940878e-02 2.816718916802573485e-04 1.408359458401286742e-04 1.408359458401286417e-03 9.858516208809005570e-04 7.041797292006433170e-04
2.816718916802573485e-04 4.225078375203860227e-04 1.971703241761801114e-03 2.816718916802573485e-04 1.408359458401286742e-04 1.408359458401286742e-04 2.816718916802573485e-04 4.225078375203860227e-04 5.633437833605146969e-04 3.239226754322958694e-03 1.408359458401286742e-04 1.408359458401286742e-04 2.816718916802573485e-04 4.225078375203860227e-04 5.633437833605146969e-04 5.915109725285408980e-03 1.408359458401286742e-04 1.408359458401286742e-04 2.816718916802573485e-04 5.492601887765021819e-03 1.408359458401286742e-04 2.295625917194093341e-02 2.816718916802573485e-04 1.408359458401286742e-04 1.408359458401286742e-04 1.408359458401286742e-04 1.408359458401286742e-04 2.816718916802573485e-04 1.253439917977147364e-02 1.408359458401286742e-04 1.408359458401286742e-04 1.408359458401286742e-04 1.408359458401286742e-04 1.408359458401286742e-04 1.408359458401286742e-04 1.408359458401286742e-04 1.408359458401286742e-04
4.225078375203860227e-04 4.225078375203860227e-04 2.816718916802572834e-03 2.816718916802573485e-04 2.816718916802573485e-04 1.408359458401286742e-04 1.408359458401286742e-04 5.633437833605146969e-04 5.633437833605146969e-04 4.084242429363731282e-03 1.408359458401286742e-04 2.816718916802573485e-04 1.408359458401286742e-04 4.225078375203860227e-04 5.633437833605146969e-04 6.760125400326183302e-03 1.408359458401286742e-04 1.408359458401286742e-04 2.816718916802573485e-04 2.971638457226704472e-02 2.380127484698169732e-02 2.816718916802573485e-04 1.408359458401286742e-04 1.408359458401286742e-04 1.408359458401286742e-04 1.408359458401286742e-04 2.816718916802573485e-04 1.323857890897211891e-02 1.408359458401286742e-04 1.408359458401286742e-04 1.408359458401286742e-04 1.408359458401286742e-04 1.408359458401286742e-04 1.408359458401286742e-04 1.408359458401286742e-04 1.408359458401286742e-04 1.408359458401286742e-04
5.633437833605146969e-04 5.633437833605146969e-04 3.661734591843344554e-03 7.041797292006433170e-04 2.816718916802573485e-04 1.408359458401286742e-04 1.408359458401286742e-04 2.816718916802573485e-04 1.126687566721029177e-03 5.915109725285408980e-03 2.816718916802573485e-04 4.225078375203860227e-04 1.408359458401286742e-04 2.816718916802573485e-04 5.633437833605146969e-04 7.605141075366957625e-03 1.408359458401286742e-04 1.408359458401286742e-04 3.070223619314793595e-02 2.816718916802573485e-04 1.408359458401286742e-04 1.408359458401286742e-04 1.408359458401286742e-04 1.408359458401286742e-04 1.408359458401286742e-04 2.816718916802573485e-04 1.394275863817276417e-02 1.408359458401286742e-04 1.408359458401286742e-04 1.408359458401286742e-04 5.351765941924892765e-03 4.929258104404505604e-03 2.816718916802573485e-04 2.816718916802573485e-04 2.816718916802573485e-04 2.816718916802573485e-04 7.041797292006433170e-04
5.633437833605146969e-04 7.041797292006433170e-04 5.070094050244634658e-03 1.408359458401286742e-04 2.816718916802573485e-04 1.408359458401286742e-04 1.408359458401286742e-04 1.408359458401286742e-04 1.408359458401286742e-04 4.225078375203860227e-04 6.900961346166312356e-03 7.041797292006433170e-04 1.408359458401286742e-04 1.408359458401286742e-04 4.225078375203860227e-04 8.450156750407731079e-03 1.408359458401286742e-04 3.140641592234857254e-02 2.816718916802573485e-04 1.408359458401286742e-04 1.408359458401286742e-04 1.408359458401286742e-04 1.408359458401286742e-04 1.408359458401286742e-04 2.816718916802573485e-04 1.464693836737340944e-02 1.408359458401286742e-04 1.408359458401286742e-04 7.041797292006441410e-03 6.337617562805796141e-03 5.633437833605146969e-04 1.408359458401286742e-04 4.365914321043989389e-03 3.380062700163087314e-03 2.675882970962444214e-03 1.971703241761801114e-03 4.225078375203860227e-04
5.633437833605146969e-04 1.408359458401286417e-03 5.492601887765021819e-03 1.408359458401286742e-04 5.633437833605146969e-04 2.816718916802573485e-04 1.408359458401286742e-04 1.408359458401286742e-04 1.408359458401286742e-04 1.408359458401286742e-04 1.408359458401286742e-04 7.886812967047214865e-03 2.816718916802573485e-04 1.408359458401286742e-04 2.816718916802573485e-04 4.126493213115748487e-02 3.225143159738933646e-02 2.816718916802573485e-04 1.408359458401286742e-04 1.408359458401286742e-04 1.408359458401286742e-04 2.816718916802573485e-04 1.408359458401286742e-04 2.816718916802573485e-04 2.422378268450207928e-02 9.013500533768247294e-03 8.590992696247860133e-03 7.745977021207086678e-03 2.816718916802573485e-04 2.816718916802573485e-04 2.816718916802573485e-04 2.816718916802573485e-04 2.816718916802573485e-04 2.816718916802573485e-04 2.816718916802573485e-04 2.816718916802573485e-04 7.041797292006433170e-04
1.690031350081543657e-03 9.436008371288634455e-03 1.408359458401286742e-04 1.408359458401286742e-04 9.858516208809005570e-04 2.816718916802573485e-04 1.408359458401286742e-04 1.408359458401286742e-04 4.225078375203860227e-04 1.408359458401286742e-04 1.408359458401286742e-04 1.408359458401286742e-04 8.450156750407731079e-03 1.408359458401286742e-04 4.225078375203837611e-02 2.816718916802573485e-04 1.408359458401286742e-04 1.408359458401286742e-04 1.408359458401286742e-04 1.408359458401286742e-04 1.408359458401286742e-04 5.633437833605146969e-04 1.408359458401286742e-04 2.549130619706322515e-02 4.225078375203860227e-04 2.816718916802573485e-04 2.816718916802573485e-04 2.816718916802573485e-04 2.816718916802573485e-04 1.408359458401286742e-04 1.408359458401286742e-04 1.408359458401286742e-04 1.408359458401286742e-04 1.408359458401286742e-04 1.408359458401286742e-04 1.408359458401286742e-04 1.408359458401286742e-04
1.408359458401286742e-04 1.408359458401286742e-04 9.999352154649150670e-03 2.816718916802573485e-04 1.830867295921672277e-03 4.225078375203860227e-04 1.408359458401286742e-04 1.408359458401286742e-04 1.408359458401286742e-04 7.041797292006433170e-04 2.816718916802573485e-04 2.816718916802573485e-04 1.408359458401286742e-04 5.140512023164665184e-02 2.816718916802573485e-04 1.408359458401286742e-04 1.408359458401286742e-04 1.408359458401286742e-04 1.408359458401286742e-04 1.408359458401286742e-04 2.816718916802573485e-04 2.718133754714475298e-02 2.633632187210398906e-02 2.816718916802573485e-04 2.816718916802573485e-04 2.816718916802573485e-04 1.408359458401286742e-04 1.408359458401286742e-04 1.408359458401286742e-04 1.408359458401286742e-04 1.408359458401286742e-04 1.408359458401286742e-04 1.408359458401286742e-04 1.408359458401286742e-04 1.408359458401286742e-04 1.408359458401286742e-04 1.408359458401286742e-04
