output/test_direction/elevation_000008.asc
nrows	150
cellsize	66.6666666667
xllcorner	0
ncols	150
yllcorner	0
NODATA_value	-9999
[rows 85 to 101 of 150, columns 0 to 36 of 150]
1.657646445479787640e-03 6.835665943343920503e+01 1.401164073476819567e+02 2.045686026408235136e+02 2.617098434410488039e+02 3.163916291603940749e+02 3.656657505980081737e+02 4.004807754898982921e+02 3.987964936182758606e+02 3.697022948280906576e+02 3.258248262454393398e+02 3.425143094295781339e+02 3.531852550391734553e+02 3.882166197567122481e+02 4.266673062516086929e+02 4.667307847960595950e+02 4.644132963998294485e+02 4.247601486746546016e+02 3.887541590408048364e+02 3.747990710289382150e+02 3.212639304498475781e+02 3.578023346362430175e+02 4.052013118390177624e+02 4.646700633500485651e+02 5.182890207178410265e+02 5.160312882932282719e+02 4.605613111668842521e+02 4.000575745336054183e+02 3.487932191488573039e+02 4.121078444218813956e+02 4.673474579432850078e+02 4.847848337730370645e+02 4.668832820256531022e+02 4.025971304766310368e+02 3.503293790480316829e+02 3.141932970772404587e+02 2.757322193329661104e+02
1.608188810560191861e-03 6.429302852816289260e+01 1.106079721966160321e+02 1.593695539574899556e+02 2.148528588077853954e+02 2.718019648130423889e+02 3.276383149520365237e+02 3.855401945442565648e+02 4.221397169643287270e+02 4.235958964142367336e+02 4.027783120466944524e+02 4.120481947153190276e+02 4.329514604383663254e+02 4.601424992119034414e+02 4.867650423613629869e+02 5.057776317866479872e+02 5.024508423428805486e+02 4.834011469802740635e+02 4.601989232808398924e+02 4.276143198534683734e+02 3.966377415063090552e+02 4.052923769418981692e+02 4.582704916228968273e+02 5.095876701560916331e+02 5.580178005160810244e+02 5.564038652849567370e+02 5.066363894264966916e+02 4.550309349037617608e+02 4.068473772334985483e+02 4.270707438795142821e+02 5.023929542449289443e+02 5.327795275063964482e+02 4.945089140843286373e+02 4.369269806174858104e+02 3.871373805985567174e+02 3.447562420156164080e+02 3.112199860555011242e+02
1.163002409189880116e-03 2.530429086051447030e+01 5.688064026368800796e+01 1.111362818427180770e+02 1.720367830459512390e+02 2.279790513786123256e+02 2.870454193254520305e+02 3.469456402207722476e+02 4.112759769329431379e+02 4.540948927167174816e+02 4.628033053754191997e+02 4.675665202768067843e+02 4.765455015166829185e+02 4.966300567096839131e+02 5.096614891941919723e+02 5.019930850001530871e+02 4.895708224679167984e+02 4.973281691789406409e+02 4.988612594074726871e+02 4.883942849966359177e+02 4.778333530203375972e+02 4.761032665843160885e+02 5.138080122676880137e+02 5.639449088282160574e+02 5.974173657743577905e+02 5.971502566279677922e+02 5.643266972570361304e+02 5.159476478291854846e+02 4.761333942094947247e+02 4.849576671065892697e+02 5.457689640236727655e+02 5.722698072989429647e+02 5.294428145173205849e+02 4.725908584206776482e+02 4.215449363575528992e+02 3.805308952103270030e+02 3.510907525396176538e+02
1.159978335506402919e-03 6.297412786372800042e+01 1.050965398217342823e+02 1.049970458200567833e+02 1.423021438690161347e+02 1.883410258547853289e+02 2.437037987936761567e+02 3.087341017812040036e+02 3.812173005890526269e+02 4.469431088921042488e+02 4.676221646514166537e+02 4.530581906799211538e+02 4.299832036221602038e+02 4.619707283793373449e+02 4.736120162952732358e+02 4.444157140835558266e+02 4.166125083911871343e+02 4.540455579950350398e+02 4.761575453880500390e+02 4.973882739523460828e+02 5.224880135241177186e+02 5.411687325077499509e+02 5.696455103587810527e+02 5.976013681542228824e+02 6.144611228791653730e+02 6.171181298636489601e+02 6.038926443487458755e+02 5.817942847516359279e+02 5.539838260007816189e+02 5.527818397092311216e+02 5.994854974096575688e+02 6.141508917450233866e+02 5.671568871547492563e+02 5.093307201214997235e+02 4.587926340173548851e+02 4.192495244908872110e+02 3.794375450212637588e+02
8.193157008851857572e-04 6.663972845053579874e+01 1.309740137526382284e+02 1.653308135876110043e+02 2.028470076950864041e+02 2.464354339711818795e+02 3.019178922731757098e+02 3.509193773124955555e+02 3.957839655423853173e+02 4.341122480453553294e+02 4.340977783274999524e+02 3.965369941006043746e+02 3.599762511904233406e+02 4.065018796640377445e+02 4.225783441922879433e+02 3.856421362486751718e+02 3.444009559866876771e+02 3.929748879356529869e+02 4.077360975122703053e+02 4.484676356433085971e+02 5.031432768533915691e+02 5.448515876122047530e+02 5.760232776970750592e+02 5.821720461895238259e+02 5.674480649743708227e+02 5.719400363614141725e+02 5.963493318951699393e+02 6.158728439033484392e+02 6.201222334494271990e+02 6.253846424397672763e+02 6.567909389862277294e+02 6.579202558427673466e+02 6.073665837865589765e+02 5.497375290626745254e+02 5.008032925585331441e+02 4.529577820480203059e+02 4.074189348534115425e+02
1.311864887300148545e-03 6.407921093473953533e+01 1.339914153514642692e+02 2.007654300404844605e+02 2.541373375081566621e+02 2.987656384971270427e+02 3.374579338333796841e+02 3.614344874774746472e+02 3.599707220172140296e+02 3.892168429897886881e+02 3.870552908117630295e+02 3.415234974074357979e+02 2.949227050346528358e+02 3.503629029701579611e+02 3.706476108467111317e+02 3.327798376807434124e+02 2.846686755177504438e+02 3.312004617041784513e+02 3.397732734612395689e+02 3.986854420799789978e+02 4.582741864902426983e+02 5.018769644380000159e+02 5.372474921165010073e+02 5.276638412729923857e+02 4.982974405618804212e+02 5.031474716132533445e+02 5.434245639388793734e+02 5.931297883545613558e+02 6.350526942555453616e+02 6.756523882549372502e+02 7.048779745174095979e+02 6.998865270318194689e+02 6.513511653215105071e+02 5.979836295887567985e+02 5.412836551098746440e+02 4.901125545162365142e+02 4.388141221646988583e+02
7.057974232089599337e-04 7.196045159018125048e+01 1.384750735809110154e+02 2.003812447152128868e+02 2.590602635183899451e+02 3.093785097732752547e+02 3.349450512528213721e+02 3.234612275798868382e+02 2.906333116227812070e+02 3.309351121217596301e+02 3.362762314621728024e+02 2.907015667341988774e+02 2.394861221855243514e+02 2.975088676725535493e+02 3.170332860908395105e+02 2.864910408141292351e+02 2.353521982397294892e+02 2.619619131465594819e+02 3.312453688686232454e+02 3.748304118052686817e+02 4.063288552935779876e+02 4.608302304068964759e+02 4.827140138832943421e+02 4.541156789681751320e+02 4.349210998136451281e+02 4.395546482456161357e+02 4.871455193908577712e+02 5.413602426071624905e+02 6.015519428100435562e+02 6.669018135433350380e+02 7.221590537948377460e+02 7.337910232622451758e+02 7.021055412434285472e+02 6.449094486473445613e+02 5.879034111979780164e+02 5.289414746154278646e+02 4.798338933048873400e+02
1.125106688212434373e-03 4.374611638611940378e+01 9.865540851098708686e+01 1.616448481732591063e+02 2.262550680503336196e+02 2.836942652566398237e+02 2.960059139567960642e+02 2.637056065661555522e+02 2.232604945036117954e+02 2.723385373463400470e+02 2.848717671972760286e+02 2.441459578371164696e+02 1.916876072698447615e+02 2.459649087333368129e+02 2.559531998369457426e+02 2.490214715709181519e+02 1.945176687199836749e+02 2.567450529020212002e+02 3.030725320888582246e+02 3.104685862275082400e+02 3.573987193926091663e+02 4.128969937308174849e+02 4.286040717874428765e+02 3.894017579450239737e+02 3.804233076706993302e+02 4.250883406906978621e+02 4.758715655375057167e+02 5.325897445473101470e+02 5.934858835826624954e+02 6.573687425092560943e+02 7.169655424728719026e+02 7.490235353326622771e+02 7.388557740171439718e+02 6.964401080204967229e+02 6.325752807994014120e+02 5.727189494027190904e+02 5.261857706163026478e+02
1.177686149091513711e-03 7.116148542822006107e+01 1.326932285225066437e+02 1.818085322081574589e+02 2.182735609632356670e+02 2.401084402782935001e+02 2.426544546080810392e+02 2.109695909718307689e+02 1.644960524605760384e+02 2.151741354475602463e+02 2.270431286424762902e+02 2.004985561614292919e+02 1.501471954500837853e+02 1.910159009260929963e+02 1.938497835977218529e+02 2.027832942242737886e+02 1.614679333607334115e+02 2.191934937862516222e+02 2.536995897376211246e+02 2.520627201803847868e+02 3.080112482297379302e+02 3.667500545866846551e+02 3.816051466884279080e+02 3.330997881342115647e+02 3.819974866167743244e+02 4.187585480134365525e+02 4.791155432528048550e+02 5.399733298725111581e+02 5.910222736408219362e+02 6.383175757868516484e+02 6.798873395442554965e+02 7.309590727619074642e+02 7.578253810743847225e+02 7.343402507049850101e+02 6.778092795560941113e+02 6.226893307258530967e+02 5.667472831833651981e+02
1.509351160916636058e-03 6.548097784618383344e+01 1.241806835551069526e+02 1.535906493436081064e+02 1.612579623809926375e+02 1.706260191412103211e+02 1.752617255213316412e+02 1.672130125253351878e+02 1.149136422560352457e+02 1.537457955978225641e+02 1.595398970781599530e+02 1.595014762919872169e+02 1.148104324959168707e+02 1.245171655318791579e+02 1.331932753325450562e+02 1.447208398324500820e+02 1.989901774264003222e+02 1.777291512330546368e+02 1.887086437536401888e+02 2.011913733137363920e+02 2.661012949091188489e+02 3.220083464987564525e+02 3.336766123242240383e+02 3.018038823919043807e+02 3.318414499141139800e+02 3.987074676409843619e+02 4.605536615279810349e+02 4.996367639175082331e+02 5.404184869908513065e+02 5.799588265636366486e+02 6.337404586741923822e+02 6.912053733803616069e+02 7.488552042823391730e+02 7.631239444541736248e+02 7.281505731026060175e+02 6.670474698460666332e+02 6.061526157257084151e+02
1.527203883024251356e-03 5.562130883751319033e+01 8.377603990155952829e+01 9.128285823198687865e+01 9.442631269919367298e+01 1.018465713334404938e+02 1.097282214367947688e+02 1.180582278479477054e+02 7.320800971474574226e+01 8.261326398176834118e+01 9.175892089983028654e+01 1.012843662230599051e+02 1.564052867611764555e+02 1.852758056476462230e+02 1.657717391810326717e+02 2.074335156842672632e+02 2.443488279761897388e+02 2.470060501035021900e+02 2.506350770554979874e+02 2.614509947959651299e+02 2.211636393585268934e+02 2.791888304933478366e+02 2.722910750159899749e+02 3.354128278963925709e+02 3.818585138481595891e+02 3.759172370234986147e+02 4.086026239550603805e+02 4.447415312903818290e+02 4.851274579397666571e+02 5.317956151448821629e+02 5.873434384902938064e+02 6.574958110503218904e+02 7.310630540360579062e+02 7.818049230226350801e+02 7.656775517581642134e+02 7.099020709661904220e+02 6.507968363210503639e+02
1.080560317795554136e-03 7.479084237340321906e+00 1.611376930102239768e+01 2.469795646686541701e+01 3.294241247030709729e+01 4.088695418138289739e+01 4.968314429745733918e+01 5.998345789882533552e+01 1.196981567625798846e+02 1.498329449939475921e+02 1.528008221138636031e+02 1.364649221956194936e+02 1.916162819682307941e+02 2.363160427888864490e+02 2.255151990950686240e+02 2.197125542908881073e+02 2.802752125354651298e+02 3.124025240799304584e+02 3.162320601557577788e+02 3.140554787174319813e+02 2.736289840415140020e+02 2.392479140035285070e+02 3.101220591183781039e+02 3.700165466307569204e+02 4.202577043246469088e+02 4.397817758713611624e+02 4.705866127044376981e+02 5.055084358600254291e+02 5.433936740967301375e+02 5.857724236519213719e+02 6.389701739516124235e+02 6.806618478981944236e+02 7.425374456660971418e+02 7.942596361358704371e+02 7.965406003204462877e+02 7.592593606941082953e+02 6.973982390079725064e+02
1.182437268065940263e-03 5.501529935244291636e+01 8.294133420827429859e+01 9.037482861434209269e+01 9.120647938082296946e+01 8.690245028709870212e+01 1.194796674875085358e+02 1.298498669366216234e+02 1.360992920835257678e+02 1.956780364001639896e+02 2.129129769634108698e+02 1.792123322021687386e+02 2.230011177232614443e+02 2.784910917540041169e+02 2.854806333177314173e+02 2.702495285460832974e+02 2.863267333123002913e+02 3.549819610318929222e+02 3.772867305155944564e+02 3.542464611112841908e+02 3.066593673785128544e+02 2.532256573480555630e+02 3.159710330812052916e+02 3.687717210435814081e+02 4.304482905167664626e+02 4.783896536435328812e+02 5.209653971075869094e+02 5.591879398556652632e+02 5.956908479851307447e+02 6.304803473053910920e+02 6.669102708155735399e+02 7.055355268690424282e+02 7.463286708345593752e+02 7.847938869445796399e+02 8.080409031690384154e+02 7.956069498909810136e+02 7.583667374667958256e+02
9.049596236154287127e-04 6.299467361451036140e+01 1.211192035562850862e+02 1.521104041293373825e+02 1.559679921102120943e+02 1.524066330627647687e+02 1.667474004591490484e+02 2.020816392775861914e+02 2.031886397530038550e+02 2.240194961024698159e+02 2.649130255589610101e+02 2.416310417811962452e+02 2.516089419894072989e+02 3.121157036371895970e+02 3.452546241206220543e+02 3.248208718960947294e+02 3.335019537623405768e+02 3.976522107608028591e+02 4.262114053514218313e+02 3.904896256795977934e+02 3.346729017246944409e+02 2.784850792175095080e+02 2.767712932707441951e+02 3.470812795084429467e+02 3.979780514647049472e+02 4.589120825075934249e+02 5.131147051483947052e+02 5.598458415699122952e+02 5.967012469256525264e+02 6.174026106425931175e+02 6.303867795612358123e+02 6.598592006753196983e+02 6.959328385738997440e+02 7.362326923768649749e+02 7.819382173183307714e+02 8.084657409193162039e+02 8.047745427659956476e+02
1.231185342641897152e-03 5.967639555435471266e+01 1.243961854577560047e+02 1.842987765381774068e+02 2.156943916531062655e+02 2.199568730468298554e+02 2.319218085951322337e+02 2.674297511962032559e+02 2.745892391777103967e+02 2.901388783154565658e+02 3.227791658997896889e+02 3.076446539940444040e+02 3.091272777373025065e+02 3.570812877978295319e+02 3.991333660231208569e+02 3.830366496701064989e+02 3.868743927608702506e+02 4.445938995770362112e+02 4.669288516824445310e+02 4.231376999630963951e+02 3.629022680218556616e+02 3.062283699922107303e+02 3.083440620044880802e+02 3.010737502862248789e+02 3.512315737178611812e+02 4.112875939811236776e+02 4.718424620646364360e+02 5.151300868793272230e+02 5.520106450225324579e+02 5.559347637539347033e+02 5.657428422929071985e+02 6.000575081833140985e+02 6.365152854993023084e+02 6.831700335237241006e+02 7.311782723142546274e+02 7.835841481994085598e+02 8.206944611075299463e+02
9.896722993832322152e-04 5.629263108636349955e+01 1.199415025910938937e+02 1.855979487750585406e+02 2.429038977730629938e+02 2.732032161198485483e+02 2.926687743712636802e+02 3.184850763059987457e+02 3.390893590777154145e+02 3.607366369021025889e+02 3.837988882604947776e+02 3.783623565856787536e+02 3.808397153894302960e+02 4.161647592116273700e+02 4.543061210944590016e+02 4.458151549761652177e+02 4.475948615411833771e+02 4.953888071875079504e+02 5.060161221668910798e+02 4.554514629311852900e+02 3.928466548613308191e+02 3.367898265941876161e+02 3.416671524474634225e+02 3.354391645550435328e+02 3.287268422179941467e+02 3.933607648772369316e+02 4.271091222988194431e+02 4.597655526277733316e+02 4.895941649570822847e+02 4.866023667706265883e+02 5.148116742024797077e+02 5.458114904836000960e+02 5.847334600527011617e+02 6.281288094612316399e+02 6.823750536011074246e+02 7.332209900162818030e+02 7.999242414478753744e+02
8.648306943064178317e-04 6.419394881005571563e+01 1.286558378868168688e+02 1.846630722099003492e+02 2.338805344206851373e+02 2.680394874198620414e+02 2.889401950581523124e+02 3.173194003238029950e+02 3.499993924158364962e+02 3.864167751741444476e+02 4.233526741518323888e+02 4.412682914578506370e+02 4.556707184074829229e+02 4.829737587928219682e+02 5.099550138198923150e+02 5.114379359554844200e+02 5.155084887529584421e+02 5.491540818088458309e+02 5.453338251336863323e+02 4.891309399695215916e+02 4.255661333376409061e+02 3.708637650967753530e+02 3.778301233834050663e+02 3.751193562597836717e+02 3.880098431847868028e+02 3.543065522434682748e+02 3.734591796743908958e+02 3.951141559525112825e+02 4.182446303721156937e+02 4.411679382187202236e+02 4.680809215317499934e+02 4.993779253983648232e+02 5.365054902561889776e+02 5.820128100357676431e+02 6.396852424082524067e+02 7.172793766045422217e+02 7.947217844809975986e+02
