output/test_direction/elevation_000000.asc
nrows	150
cellsize	66.6666666667
xllcorner	0
ncols	150
yllcorner	0
NODATA_value	-9999
[rows 102 to 118 of 150, columns 111 to 147 of 150]
5.749714125425094968e-01 5.757312109333871941e-01 5.764245956417664019e-01 5.772402518543889860e-01 5.780311893836946879e-01 5.781065013648973849e-01 5.791524049771848981e-01 5.801759351929812736e-01 5.808116605812053690e-01 5.811847734153663403e-01 5.821246728811588778e-01 5.827163142155107334e-01 5.828674417264844143e-01 5.842525988774248669e-01 5.846320742755402033e-01 5.847281064104211667e-01 5.856991528636286137e-01 5.869073650034931644e-01 5.875786640675584316e-01 5.882224331006478124e-01 5.886507688931604809e-01 5.891928843110784131e-01 5.895212326976065897e-01 5.905364144372935442e-01 5.913313693356915257e-01 5.921211462036247708e-01 5.923651711548291177e-01 5.934319396403275881e-01 5.937904259627827530e-01 5.941344036615551216e-01 5.946679837337316421e-01 5.958076008331869566e-01 5.969426422497032814e-01 5.966929312153440579e-01 5.975937480305689720e-01 5.980248787370602281e-01 5.990926286077328244e-01
5.749794857153076588e-01 5.762629139555810465e-01 5.764677093527760254e-01 5.771916521596024419e-01 5.781350679961912986e-01 5.787094655539610777e-01 5.793127736025016628e-01 5.796873330565198712e-01 5.804490620718838478e-01 5.810657547262458866e-01 5.813992194914144873e-01 5.829595666369008500e-01 5.835386788715977158e-01 5.838663945423557822e-01 5.843651530771022395e-01 5.849914170071183195e-01 5.861053669428339941e-01 5.867030329038162018e-01 5.871403315084251506e-01 5.877946594446363804e-01 5.882745969661790086e-01 5.889400735554519706e-01 5.902886840101657651e-01 5.904399203928674122e-01 5.913035253942684477e-01 5.916583279529193939e-01 5.927248970127727556e-01 5.932201402637200527e-01 5.935663665815607004e-01 5.941279968081971674e-01 5.955458762291436781e-01 5.961964573066511619e-01 5.961789338765932644e-01 5.970856586243944442e-01 5.976560634666940874e-01 5.983834704278576666e-01 5.992472787686162761e-01
5.749277135124635230e-01 5.762049016983276095e-01 5.762444710744897280e-01 5.772981945207611432e-01 5.780165847634000098e-01 5.781968422293219945e-01 5.792346866611748357e-01 5.794238709582620883e-01 5.800650459519115509e-01 5.810953884921742363e-01 5.814283172683945011e-01 5.823886368886556086e-01 5.833527863950224157e-01 5.841101651503387560e-01 5.849617927055783539e-01 5.848642068082907652e-01 5.863025066209415215e-01 5.864346957228219193e-01 5.876277354653524077e-01 5.880774785098403790e-01 5.885324895793135891e-01 5.889837369948198731e-01 5.897753405189444242e-01 5.904251368482656970e-01 5.912465307198531139e-01 5.920605190271013285e-01 5.928110253975831245e-01 5.929984503290486320e-01 5.936684160884623251e-01 5.940666006163370927e-01 5.952271542124090153e-01 5.958632214107560943e-01 5.960142391254739103e-01 5.968936198252861036e-01 5.981108637471679312e-01 5.981141123210678145e-01 5.994610663331594314e-01
5.755740987950234144e-01 5.758316661666232905e-01 5.761130236315291642e-01 5.773531918150222042e-01 5.779860979835669266e-01 5.783671657360811569e-01 5.790214879723610819e-01 5.797759531632145080e-01 5.801593023858230280e-01 5.812687284682135358e-01 5.818347671778859587e-01 5.825159895035459945e-01 5.835381042189363709e-01 5.842047483638200811e-01 5.849179571536429201e-01 5.848697841142749265e-01 5.855304278904404081e-01 5.861126025831246977e-01 5.871813702529996570e-01 5.882638013866970939e-01 5.882594921410462252e-01 5.893481356060411569e-01 5.894814705124751253e-01 5.903272492225968282e-01 5.907957221939031944e-01 5.917444154035452764e-01 5.920851322601896616e-01 5.929286456145806961e-01 5.934369864929174287e-01 5.943166729612245902e-01 5.953983862379964576e-01 5.954778379184217929e-01 5.963655968909296057e-01 5.967158490242486790e-01 5.973964558837443484e-01 5.980595753738033871e-01 5.990485095903724799e-01
5.751516394561112522e-01 5.753674449332518703e-01 5.760478962251279755e-01 5.774175038086941658e-01 5.780770208328258608e-01 5.781689247158375844e-01 5.788324553242688575e-01 5.801616009828964859e-01 5.807525634996993924e-01 5.815657007162347014e-01 5.821296052945799104e-01 5.829406036355455623e-01 5.835033740141686298e-01 5.841111924001267663e-01 5.846640804986589224e-01 5.855193608297206698e-01 5.859692384410341015e-01 5.868487271535893779e-01 5.868263421939695634e-01 5.881804702417228192e-01 5.883533421197508773e-01 5.896135071672280459e-01 5.896393967638217104e-01 5.902750707710919809e-01 5.913189119949500139e-01 5.918838529961425454e-01 5.925499730983467828e-01 5.927861669390412924e-01 5.938558091819789997e-01 5.940426315917779476e-01 5.950989371746711054e-01 5.954132304647530294e-01 5.965799702413832062e-01 5.967697669269528271e-01 5.979798400820907078e-01 5.980531667345007074e-01 5.995446355546212303e-01
5.754935428291733102e-01 5.756282340145857379e-01 5.766951862897049530e-01 5.775760024202118981e-01 5.781224767363291051e-01 5.788362942197435856e-01 5.787551407218898269e-01 5.799852125840240236e-01 5.800775856658736407e-01 5.809577554434552926e-01 5.821235189804362387e-01 5.823550747375138004e-01 5.833478173525400434e-01 5.842090726077114882e-01 5.846022719267618406e-01 5.847709992541504365e-01 5.856092229516492997e-01 5.866118362597154690e-01 5.874913115375075545e-01 5.877858237947419795e-01 5.882142125090288332e-01 5.889253208022802166e-01 5.898324066147477840e-01 5.904789912037892163e-01 5.908949265748737467e-01 5.913493333174587585e-01 5.925681965006158736e-01 5.936365193259582895e-01 5.937028254637736202e-01 5.941605233983533463e-01 5.950341068702702518e-01 5.959638779720063395e-01 5.966623711549472464e-01 5.975908969669636583e-01 5.973786213458134320e-01 5.982274005344657697e-01 5.995868203038471345e-01
5.747335375130528945e-01 5.758053547125250304e-01 5.768303512313905923e-01 5.770727003722674331e-01 5.778731890860846487e-01 5.786282882183017007e-01 5.795942508172394758e-01 5.794271072213271756e-01 5.807747175293054287e-01 5.816063749792552695e-01 5.817785703796409802e-01 5.824668265793172539e-01 5.833935600956591250e-01 5.836410454675270421e-01 5.849780383868344869e-01 5.851972017712491203e-01 5.854584687860532322e-01 5.861972962841569545e-01 5.873426979143235860e-01 5.878792924266464937e-01 5.883992441146416175e-01 5.893029865697214653e-01 5.897423590513299896e-01 5.906298752012392184e-01 5.915227168225932752e-01 5.915104015730276998e-01 5.926067677410196133e-01 5.936262888733961907e-01 5.937909448037911320e-01 5.943239420238036752e-01 5.949502548867565688e-01 5.959238287343936458e-01 5.963372132802045034e-01 5.971249163980413277e-01 5.976125715642011116e-01 5.986018889724704639e-01 5.990850686899225064e-01
5.753367608645757469e-01 5.758140532119453425e-01 5.769514829519249988e-01 5.768113803827468189e-01 5.773824352738994303e-01 5.786470813032618121e-01 5.796355176091603223e-01 5.799396105881312602e-01 5.799795903333679892e-01 5.806819171771945287e-01 5.819788816065525339e-01 5.826065431386189264e-01 5.833612986714102888e-01 5.834194320702017489e-01 5.840783804778498789e-01 5.854201431600739580e-01 5.858918802014293492e-01 5.867888621565418017e-01 5.872304390736938773e-01 5.877614967471114227e-01 5.882017020692443809e-01 5.891280727570624709e-01 5.901065673103991216e-01 5.909878247566739962e-01 5.908317517206794767e-01 5.919297015598066203e-01 5.928198938609227087e-01 5.931003705226981504e-01 5.936015523285850248e-01 5.944918468341171547e-01 5.947157714309957433e-01 5.956982662582754884e-01 5.967889914805372120e-01 5.970827056104759389e-01 5.979067432714189056e-01 5.983741006785217031e-01 5.989347727808203015e-01
5.754398250162194861e-01 5.762496695788560386e-01 5.766606913341970619e-01 5.771956861173419551e-01 5.781011355970089305e-01 5.786610020960055722e-01 5.787586578653570735e-01 5.793211088906261574e-01 5.806293032876692628e-01 5.812410230738890293e-01 5.819242968226967516e-01 5.820966172591806043e-01 5.828151915043779940e-01 5.833309187505044680e-01 5.840700594393486433e-01 5.847263002896521122e-01 5.859784007222678115e-01 5.868440646081540812e-01 5.867435240339898828e-01 5.880359783612787439e-01 5.885493979494091921e-01 5.896332758992804957e-01 5.900660987358367082e-01 5.909456426653069139e-01 5.914471679419028849e-01 5.915557868201406500e-01 5.922862585676594849e-01 5.928038552577731268e-01 5.939786505480778578e-01 5.946183561498944448e-01 5.954110331718143190e-01 5.955547287648431665e-01 5.964746448785995803e-01 5.969527730029448032e-01 5.979164310914635294e-01 5.989661916225389460e-01 5.996422314671537857e-01
5.753818456441235352e-01 5.753780789675378982e-01 5.760997935398006753e-01 5.774017961962808476e-01 5.776310378184760230e-01 5.783973704703521124e-01 5.796185414110410772e-01 5.793614402425603105e-01 5.800671990775402298e-01 5.812477329937475456e-01 5.813683912390001929e-01 5.826480987761989416e-01 5.834336124450367755e-01 5.841038194130389050e-01 5.846598007839609590e-01 5.847779054146324818e-01 5.856189957549055025e-01 5.862724543869101135e-01 5.873888743010079461e-01 5.883064377371169940e-01 5.883073448938238581e-01 5.890348008323742501e-01 5.902729924659529948e-01 5.903522854392889707e-01 5.916009949639965404e-01 5.920470681235425747e-01 5.928314114604585905e-01 5.933819518027059203e-01 5.937047542914178910e-01 5.943763507692902959e-01 5.947419110849494484e-01 5.955544323878649848e-01 5.962404084857123587e-01 5.970702861180308130e-01 5.981983657189149373e-01 5.987933730112596775e-01 5.987667667948790573e-01
5.748507818646213519e-01 5.758999381627795122e-01 5.763079866564870812e-01 5.772645166337831979e-01 5.775166216426211863e-01 5.784875324966214372e-01 5.791832830803215204e-01 5.799756711374142171e-01 5.800366884728413996e-01 5.809078609176706598e-01 5.822737732333062022e-01 5.828554837507772257e-01 5.834505806976499898e-01 5.839799201283900620e-01 5.844510572612628962e-01 5.849138862522783588e-01 5.860734099807566322e-01 5.863504517992205178e-01 5.872910531211249507e-01 5.880585672530008745e-01 5.881943557339500694e-01 5.895504062530525502e-01 5.898214616390928811e-01 5.909002041393472959e-01 5.913558145423127854e-01 5.918932234290579242e-01 5.924306190424970531e-01 5.929370872929495828e-01 5.934621994284889901e-01 5.949008619503262096e-01 5.955241689822445839e-01 5.957665634759550244e-01 5.960198940192318329e-01 5.975729130049636240e-01 5.976827075261983424e-01 5.987236077856159522e-01 5.991551054844208579e-01
5.752946296128376158e-01 5.758194642237779437e-01 5.766780627508623081e-01 5.767114625294426089e-01 5.779654675441907585e-01 5.787251713416725618e-01 5.792807278893867817e-01 5.800434548742339214e-01 5.806875175369557995e-01 5.815510782459767380e-01 5.821998008512799805e-01 5.821226332698579142e-01 5.829956655612795746e-01 5.840760912562179552e-01 5.840413278004492614e-01 5.855582217446443360e-01 5.854982686236090972e-01 5.866851117052539477e-01 5.875611722055056330e-01 5.882348270988879690e-01 5.884289573915598703e-01 5.888188228755329989e-01 5.895022900091037021e-01 5.906024349521027395e-01 5.910070409122460955e-01 5.919109480903416154e-01 5.926736357301377600e-01 5.930104457754623581e-01 5.933574419482210427e-01 5.947872922773560500e-01 5.951476708523830705e-01 5.960950951116960050e-01 5.960307538772146030e-01 5.969594557606934249e-01 5.982564960972547308e-01 5.984189747925974245e-01 5.988180669442458859e-01
5.752780892907757293e-01 5.762208758316489376e-01 5.769299937363092656e-01 5.769596446871914086e-01 5.778455860938898070e-01 5.781414185647013593e-01 5.787260195645897998e-01 5.801951032812039388e-01 5.801022922330445475e-01 5.806655229553778774e-01 5.813428439212526833e-01 5.827279929069312248e-01 5.834374851618707725e-01 5.835684423402764942e-01 5.845447954090090548e-01 5.852490645335713948e-01 5.858271420576769417e-01 5.867318869913625834e-01 5.870727710213651251e-01 5.882615258517956969e-01 5.886605555195871808e-01 5.890744500551725604e-01 5.898084253503336205e-01 5.903131225866162790e-01 5.916512640824124203e-01 5.920463317149455840e-01 5.923364509859242455e-01 5.929708016070073251e-01 5.941076019588802382e-01 5.943632060222818758e-01 5.951640503205727351e-01 5.961081594330287503e-01 5.963703278102316929e-01 5.969030949338385295e-01 5.976938453980812360e-01 5.982423232711758798e-01 5.993234811687345731e-01
5.748898554244293857e-01 5.763092938835989720e-01 5.765294509343579232e-01 5.772205135165174861e-01 5.775712352047345233e-01 5.786624721740420974e-01 5.786794305687620321e-01 5.794334321832881329e-01 5.809610080178785330e-01 5.816454406025728385e-01 5.815716020084188420e-01 5.829847314595971719e-01 5.832346981097827898e-01 5.840675650150818354e-01 5.841384213516721546e-01 5.850766076694714490e-01 5.861699126293991036e-01 5.869264501508256737e-01 5.876389282215148668e-01 5.877610365863799036e-01 5.887642316033316892e-01 5.890247586308005046e-01 5.900787141453920359e-01 5.905602677294503611e-01 5.907448825368755152e-01 5.921778116397871106e-01 5.920737799711797145e-01 5.930727556361268249e-01 5.942273920391826225e-01 5.941557551951537341e-01 5.952976295861290845e-01 5.961217744317133249e-01 5.964614442383345816e-01 5.975322879808595555e-01 5.974974643597470436e-01 5.983324501939527584e-01 5.992905502426648656e-01
5.747918584631170891e-01 5.759600880463831007e-01 5.765533115147607468e-01 5.770429501067545486e-01 5.779107319206024940e-01 5.781844037239585177e-01 5.789520490444958201e-01 5.796393667920105575e-01 5.805973501640930845e-01 5.815476118722958665e-01 5.819214142520890976e-01 5.824304490801260892e-01 5.836236199465874019e-01 5.835226049724999697e-01 5.844095217353950655e-01 5.851838568918209527e-01 5.856677493527773226e-01 5.867847287888263708e-01 5.871895940662852365e-01 5.877371533023642014e-01 5.884412287388547380e-01 5.887027635236085077e-01 5.898016905143882438e-01 5.907577665093368680e-01 5.907524506410755105e-01 5.915551982243159035e-01 5.921143110364112117e-01 5.931604055160679678e-01 5.943132827755872594e-01 5.946448538685070728e-01 5.954742895417917126e-01 5.958973243537988296e-01 5.963664210727501747e-01 5.973579987855274220e-01 5.980081929981185818e-01 5.986227373880069758e-01 5.996531044880609729e-01
5.754700758562798502e-01 5.756788259706336897e-01 5.761838892946813395e-01 5.772318619156759922e-01 5.778662623875902016e-01 5.781803947226575868e-01 5.792365722149921403e-01 5.800106342181852170e-01 5.809633591121357021e-01 5.815890451817421480e-01 5.818325301992328669e-01 5.820235039554010337e-01 5.836479597131849495e-01 5.840429923889243202e-01 5.849723985620381983e-01 5.846734124490793327e-01 5.859975365895377930e-01 5.863641308625053838e-01 5.873112360324357351e-01 5.874767537973912823e-01 5.880647762125295053e-01 5.888650523361040889e-01 5.894380854269851699e-01 5.902785522460670675e-01 5.907647009811013428e-01 5.914858816506020078e-01 5.924969575254854792e-01 5.934890571202575682e-01 5.939227258179921032e-01 5.945528374732546029e-01 5.948300834122860481e-01 5.963003536654503112e-01 5.969891721789302164e-01 5.973088388592708853e-01 5.981411902920602541e-01 5.981166585665740332e-01 5.988465819774305698e-01
5.748990881263328356e-01 5.754127083715525615e-01 5.767975928673297892e-01 5.770409178651351167e-01 5.774394625375778300e-01 5.781814450877690303e-01 5.790168706690775879e-01 5.794179056367786407e-01 5.800891393073652758e-01 5.807335666231092652e-01 5.814669861519570215e-01 5.824237575528697919e-01 5.832719410086910639e-01 5.835609636175409509e-01 5.843234136794243083e-01 5.854953272994387614e-01 5.861353317459463419e-01 5.862387272932366722e-01 5.870477850938861097e-01 5.874251171407093297e-01 5.887552830463275155e-01 5.887883335831587406e-01 5.899086454738846630e-01 5.900373302849434287e-01 5.909867608833310193e-01 5.919384661218745070e-01 5.929083428995411964e-01 5.928591615720940622e-01 5.937668239549312998e-01 5.941457035695808520e-01 5.946677599512111279e-01 5.956823126798972412e-01 5.968241158316858197e-01 5.968986147983845747e-01 5.979363630540003305e-01 5.986522484686631618e-01 5.987295402244103837e-01
