output/test_direction/elevation_000004.asc
nrows	150
cellsize	66.6666666667
xllcorner	0
ncols	150
yllcorner	0
NODATA_value	-9999
[rows 0 to 16 of 150, columns 74 to 110 of 150]
4.502911447954658684e+02 4.903358934585545512e+02 5.052815787558042189e+02 5.159150910465509696e+02 5.375718263399267016e+02 5.270836780688299541e+02 4.989867301941366122e+02 5.472336678373167160e+02 5.945471650821489220e+02 6.413337483112075006e+02 6.904902415770759490e+02 7.349565729542715644e+02 7.646519245695212703e+02 7.712501453933774656e+02 7.836346401057822959e+02 7.723263007014497816e+02 7.540821907627870360e+02 7.679349348310170171e+02 7.882634834351355266e+02 8.095001521767782151e+02 8.504488699558058897e+02 8.957684672408994402e+02 9.111694774521618001e+02 9.023476959984478754e+02 9.220149029353258356e+02 9.521671403134786260e+02 9.874601758919432086e+02 1.019767482910344597e+03 1.022214684207622213e+03 9.978451934251561397e+02 9.790635532294252243e+02 9.926322227784185088e+02 9.999645952862086915e+02 1.018483013758643096e+03 1.022393592347460071e+03 1.010985158120112828e+03 1.028072817974720920e+03
5.073462667452631649e+02 4.584677144516098792e+02 4.639607694127540753e+02 4.701887201032805592e+02 5.148493120776712431e+02 4.895798654580641482e+02 5.387583245361777244e+02 5.093499755844042625e+02 5.653495832792849569e+02 6.058668425673914726e+02 6.630830717377535848e+02 7.059145854890881537e+02 7.328938226486227450e+02 7.270359886818721407e+02 7.510543040556663072e+02 7.383948284537420932e+02 7.023102587791809128e+02 7.249972793936927928e+02 7.468741830281453531e+02 7.612851316437588594e+02 8.208908557846912117e+02 8.758706955384516277e+02 8.803999011236408023e+02 8.516099245118268755e+02 8.795712858326052128e+02 9.135411869489176979e+02 9.535880402693611586e+02 9.952763616242066291e+02 9.951916773205781510e+02 9.579636400225328998e+02 9.272138626145450644e+02 9.559327279777508011e+02 9.541931659581857730e+02 9.853762775549747630e+02 9.885225949041190461e+02 9.602412389891966313e+02 9.884479427038562562e+02
5.534587221363816525e+02 4.972561748898712040e+02 5.307263733101249272e+02 5.287837159455081064e+02 4.800482366887335388e+02 5.382011007567153911e+02 5.817969269072352745e+02 5.725003392293535853e+02 5.207846454886686161e+02 5.837896508069414949e+02 6.217776021522279279e+02 6.692212065307383000e+02 6.736276603247625872e+02 6.647144825675394486e+02 6.974521910619783966e+02 6.859249667412566396e+02 6.370317583386780598e+02 6.650393551117854258e+02 6.735018864352796299e+02 7.449778526965976653e+02 8.007583237827434459e+02 8.397237316191424270e+02 8.325325806183003579e+02 7.871030710839661424e+02 8.199572579521035323e+02 8.593255228540247117e+02 9.095619989241948815e+02 9.541835401803401737e+02 9.505819963826199910e+02 9.059982821821092784e+02 8.617388684475075706e+02 9.002056996683835450e+02 8.905773752903770628e+02 9.314501307851426191e+02 9.350514305765717609e+02 8.957963752662431034e+02 9.363156238195183505e+02
5.934485061387019869e+02 5.420170559079522263e+02 5.836474183015473045e+02 5.728078278628991029e+02 5.150248148557699324e+02 5.750452272453990190e+02 6.261588343011501365e+02 6.234507042776175467e+02 5.815584833912956810e+02 5.318956541918180392e+02 5.859344849871407632e+02 6.146565964487200517e+02 6.109154547236701092e+02 6.062519443587343630e+02 6.355010797912775615e+02 6.324865029806377379e+02 5.810912290017267878e+02 5.890475580771191062e+02 6.543709022541452214e+02 7.021071012699829907e+02 7.526368321303140192e+02 7.928141545740825222e+02 7.810668700097182864e+02 7.310488257238635015e+02 7.670006087048790278e+02 8.136091130475564341e+02 8.651481338689186487e+02 9.064239106060197173e+02 8.981766488529891603e+02 8.557126477733743286e+02 8.046414553998856718e+02 8.445305690801046694e+02 8.297641535116647447e+02 8.731613474889691133e+02 8.764119247958626602e+02 8.394656040843715346e+02 8.860440934173579990e+02
6.422640870700239475e+02 5.936645557542045708e+02 6.313677149102420572e+02 6.127749057305661609e+02 5.532818183823452500e+02 6.133615424567159380e+02 6.683185627518537331e+02 6.729680039477049149e+02 6.292570448016405180e+02 5.842256043995846539e+02 5.404512614213468851e+02 5.460399762663147385e+02 5.520368780438288923e+02 5.573563258153653805e+02 5.638291194000822770e+02 5.707395698440396927e+02 6.296550086241395547e+02 6.446295943922302740e+02 6.014411399131937515e+02 6.574244280785084129e+02 7.077752888867585170e+02 7.387669550799743092e+02 7.200569799868568452e+02 6.852918498293388438e+02 7.264321391051420278e+02 7.729924514852093580e+02 8.193741376504979144e+02 8.512235104429871626e+02 8.311434304969608320e+02 8.131083834176605478e+02 7.563370861287899061e+02 7.877522143756852984e+02 7.754668332268618087e+02 8.092106915616512879e+02 8.092776074721475652e+02 7.924985585438404314e+02 8.453209839203142337e+02
7.033783344586902331e+02 6.527991544186610327e+02 6.808192617282785477e+02 6.478733305021881961e+02 5.956053830280894772e+02 6.543158444641803726e+02 7.103369042186495790e+02 7.184452027555669247e+02 6.743485234857708974e+02 6.214011613857898055e+02 5.700129636380836473e+02 5.769471475746781834e+02 6.093559200696323614e+02 5.923720779371133176e+02 6.236047043690111877e+02 6.072832652141065637e+02 6.612759030095688786e+02 6.925566721520500550e+02 6.695256140693217048e+02 6.138669891969060473e+02 6.732455423857489905e+02 6.873938216303307627e+02 6.422393396288089207e+02 6.491122143427849096e+02 6.942920262634379469e+02 7.272063077252056473e+02 7.765307723144975398e+02 7.943605143588672490e+02 7.609605696545795581e+02 7.636183913415502502e+02 7.152401833875819648e+02 7.227824399291671398e+02 7.298295726821473863e+02 7.373108179249992418e+02 7.451663770950552816e+02 7.532107258128943386e+02 8.039276368615935553e+02
7.603363043504684811e+02 7.169558303234043706e+02 7.343781735007700036e+02 6.942646040154951379e+02 6.447968539987114127e+02 6.994751413786382273e+02 7.537012479355222467e+02 7.614055310680100774e+02 7.136474024608876334e+02 6.557271825905598917e+02 6.031065437946598422e+02 6.115382584860308270e+02 6.528143753944776790e+02 6.319065867963022356e+02 6.713236377303329618e+02 6.485591526547425474e+02 7.015776889379112617e+02 7.420930410856861954e+02 7.229461484178428918e+02 6.745812358648406644e+02 6.237594711521741146e+02 6.308865449253770521e+02 6.901453155469240528e+02 7.049389140649151386e+02 6.601341099087729845e+02 6.682207501940422389e+02 7.304989086741164783e+02 7.428149509784384463e+02 6.967699787279742623e+02 7.045418889702012848e+02 7.540417196832474929e+02 7.892828478859654524e+02 7.957830681313488412e+02 7.904071776810205847e+02 8.180295533109359667e+02 8.142965535320213348e+02 7.660701214364248699e+02
8.154155668626310671e+02 7.846834434330584145e+02 7.879373683386560288e+02 7.480117559647020471e+02 7.044336235590787965e+02 7.508079736191236861e+02 7.995469113701949482e+02 8.028758192926867423e+02 7.516157907457470628e+02 6.921146998000139092e+02 6.406801725392388107e+02 6.498850461532711051e+02 6.897750702775310856e+02 6.741273903876315217e+02 7.157766448351183044e+02 6.946906333133927092e+02 7.459257641928611520e+02 7.878056965622688494e+02 7.717024856931249133e+02 7.168002675541852113e+02 6.594272854589896724e+02 6.670699837654539124e+02 7.221563599292223898e+02 7.549221303251591735e+02 7.345277793891353895e+02 7.272328993937765063e+02 6.785477532924927573e+02 6.858616877112368684e+02 7.246276439474154358e+02 7.504915205176346262e+02 7.859754204754692637e+02 8.348996329631024764e+02 8.636498323460549500e+02 8.550415653556416373e+02 8.820483733116063831e+02 8.622288673011972833e+02 8.046854612480580045e+02
8.577204714839753024e+02 8.440568106347122921e+02 8.346469939568690961e+02 8.101638167796386369e+02 7.758506944500994678e+02 8.086720207733419556e+02 8.474791729951855359e+02 8.442554378346076192e+02 7.917306764497059248e+02 7.337797699038509336e+02 6.850393090668079594e+02 6.978053062473596810e+02 7.160820420038123757e+02 7.183501660572626406e+02 7.626765125209757343e+02 7.470167255768941459e+02 7.957271332855818855e+02 8.336836742115718835e+02 8.128512662318454431e+02 7.511778680115423867e+02 6.997906901217446602e+02 7.082254501577803012e+02 7.635540099386224711e+02 8.092161167056638078e+02 8.035392657113867472e+02 7.669148242680304293e+02 7.102990605164676481e+02 7.318601104884653523e+02 7.579197007684178971e+02 7.908948078600953977e+02 8.269382747965946692e+02 8.723328851800913526e+02 9.212687385221988734e+02 9.274212006821783234e+02 9.407420269188133943e+02 9.004686486052315786e+02 8.462094113831740287e+02
8.471900942843248004e+02 8.389699653434477113e+02 8.390194350789365672e+02 8.447415718952614725e+02 8.435786581659921239e+02 8.668157315835185273e+02 8.905495896605502821e+02 8.838242042169398474e+02 8.366977809136049018e+02 7.870060020244477528e+02 7.376976256950915740e+02 7.508105245245402557e+02 7.653123052513664106e+02 7.689130724486669806e+02 8.141774686094488516e+02 8.060848773439793149e+02 8.578165175059964440e+02 8.821316665212581256e+02 8.473111407115970906e+02 7.935964132085208576e+02 7.477853192264071822e+02 7.565564242087970115e+02 8.094097086936486676e+02 8.579012311718875026e+02 8.575895656354844050e+02 8.093560870516043906e+02 7.509214562141002034e+02 7.775940070961626134e+02 8.049425780739165930e+02 8.353111501937803496e+02 8.705687600902307395e+02 9.147631128061121899e+02 9.639902818343069839e+02 9.961183550931541504e+02 9.946461618504662283e+02 9.464410081434502899e+02 8.933222379103659705e+02
7.810785364073290111e+02 7.738734535451645797e+02 7.787814772275797850e+02 8.101977573871922687e+02 8.390721071703998177e+02 8.715793853268958173e+02 9.016756623753807389e+02 9.120995972733530834e+02 8.885422562169713956e+02 8.427579542430017909e+02 8.004375416755545984e+02 8.113331709575680861e+02 8.231656976673142481e+02 8.278541542111452145e+02 8.712713779873739668e+02 8.715295426267218772e+02 9.152357788227486708e+02 9.320703153634932505e+02 8.949298458177776183e+02 8.501657691709102664e+02 8.063599257241196483e+02 8.151776444581277019e+02 8.613785808564500712e+02 9.060682501046070456e+02 9.063937158888192016e+02 8.605994689310688273e+02 8.136188333991215131e+02 8.154983957242881161e+02 8.539162741622582189e+02 8.888344540451778357e+02 9.240365939714907881e+02 9.633534314155730272e+02 1.011431854642588064e+03 1.052016068584935510e+03 1.045767995350842739e+03 9.976554424095161266e+02 9.497571252195471061e+02
7.113815531035158983e+02 7.010566830047923759e+02 7.028827233681395228e+02 7.424382816829124749e+02 7.839788033219192585e+02 8.223298496039606107e+02 8.673992317312582827e+02 9.051608126733603967e+02 9.208075401447030117e+02 9.025304296464981917e+02 8.696470834667472900e+02 8.780697007768410458e+02 8.884645562387366908e+02 8.951684040148325039e+02 9.305921417489233818e+02 9.392757064252872397e+02 9.656982930397986138e+02 9.766001518471953204e+02 9.521287379055676183e+02 9.092928044197033159e+02 8.767190009915508426e+02 8.824570551390870605e+02 9.219893327565306436e+02 9.516850686158541066e+02 9.548005964684236915e+02 9.273544347166809985e+02 8.870017585117495855e+02 8.826381211883098103e+02 8.967181722758668911e+02 9.461314447166361106e+02 9.862109333060083145e+02 1.023360453575730048e+03 1.061396564844933209e+03 1.098765900524812650e+03 1.094616012212920850e+03 1.055046582317399043e+03 1.020190987670888831e+03
6.514737961927278320e+02 6.356857873679582553e+02 6.368271407573018905e+02 6.809935700833982537e+02 7.364703003299299553e+02 7.563695708856770352e+02 8.085440241058747688e+02 8.733488982455809264e+02 9.205690778199210627e+02 9.356805922194255345e+02 9.269763935302241862e+02 9.344912521234838323e+02 9.460986314259968140e+02 9.583234757145921776e+02 9.760993609368211992e+02 9.830369342921364932e+02 9.821316282247762501e+02 9.938567804396313932e+02 9.863139930528939203e+02 9.624730493773515718e+02 9.411392244863206997e+02 9.404111905626865564e+02 9.561446638101059534e+02 9.702863431201897129e+02 9.842532423159813106e+02 9.779768841499737846e+02 9.645272375825696827e+02 9.554509843407535072e+02 9.644315585842600740e+02 1.001200545944018813e+03 1.047388049335261485e+03 1.081426261933968362e+03 1.109064620765150039e+03 1.130300127366750758e+03 1.132237751789846470e+03 1.115506048363751688e+03 1.090771927077278178e+03
6.176976706364777101e+02 5.775424444649457882e+02 5.845462192216114090e+02 6.350957649900349224e+02 6.825731756079511570e+02 6.941925058420139294e+02 7.582820695698113695e+02 8.314582683936538388e+02 8.975776998186222499e+02 9.136198557181592150e+02 9.048258946558742082e+02 9.222155830123169835e+02 9.403039877225590999e+02 9.612905033363551865e+02 9.690151148063629307e+02 9.512531488712234022e+02 9.239231392175761357e+02 9.553929933877180929e+02 9.692557932069955768e+02 9.547659744420064953e+02 9.321868915901521859e+02 9.195563360053935185e+02 9.208651021170177273e+02 9.181106279608731029e+02 9.549880085331813007e+02 9.828520375400505600e+02 1.004324952730111818e+03 1.014566798204676161e+03 1.029917497950208144e+03 1.053433092238680274e+03 1.078558766297046759e+03 1.097384688122853277e+03 1.104650443911276170e+03 1.105040624100771311e+03 1.121124297249844403e+03 1.135564016451761972e+03 1.134230805318255307e+03
5.764294273445150338e+02 5.375840148789209252e+02 5.432970484162556204e+02 5.801455435904474598e+02 6.236910484108656192e+02 6.872387610256712378e+02 7.630703239339595711e+02 8.361966357776437917e+02 8.743984088560478085e+02 8.603587306361738456e+02 8.256156162357735866e+02 8.622073056353100355e+02 8.770636362112542201e+02 9.175080445880339539e+02 9.247257961844626379e+02 8.873378903917489424e+02 8.495358878977431232e+02 8.971634146064789093e+02 9.140579176437577189e+02 9.011066072135067770e+02 8.648262223048791384e+02 8.457917832664413709e+02 8.485402829101133193e+02 8.507882711285915320e+02 8.956205995277939564e+02 9.372266998510535814e+02 9.773749637194831621e+02 1.007910430378886758e+03 1.036012394949134432e+03 1.049031794283534737e+03 1.048784652223143212e+03 1.048698964485185797e+03 1.045860994115492531e+03 1.028755007961247884e+03 1.060070690269393708e+03 1.102141111776173830e+03 1.120217247570804830e+03
5.350422009374148047e+02 5.048618673418087610e+02 5.644073031201085087e+02 6.264499778637393774e+02 6.778893486713169523e+02 7.303699130358156708e+02 7.812643585606788292e+02 8.359891582340291052e+02 8.384660290532420959e+02 7.949463447670134428e+02 7.502277148113661269e+02 7.930135193771127433e+02 8.105849153620463312e+02 8.707115890903625086e+02 8.758226101483052162e+02 8.301835585282541388e+02 7.829845627240686099e+02 8.410182714315882322e+02 8.662488628555319110e+02 8.291362944870857064e+02 8.094223288923590189e+02 7.670252820270434313e+02 7.774373203406430548e+02 7.909280310617837131e+02 8.463122028189618504e+02 8.794663441669182475e+02 9.143118120276370746e+02 9.534414017698179578e+02 9.953794866884447856e+02 9.928312151302369557e+02 9.769436532079802191e+02 9.859278832555637564e+02 9.917665734621290312e+02 9.521816684140502502e+02 9.997358288723841042e+02 1.051616443658336038e+03 1.066178158709045874e+03
5.463492331706397636e+02 4.831778650012907406e+02 5.596816654173195502e+02 6.271523708185279702e+02 6.852968628990572597e+02 7.386757222831686249e+02 7.867398696277277850e+02 8.208942128542211094e+02 8.008893911308856559e+02 7.424552136269695666e+02 6.869950273387279367e+02 7.155649905490643050e+02 7.759127046387463906e+02 8.299978731381866055e+02 8.301451000442123132e+02 7.796719152459626230e+02 7.266946631511190162e+02 7.891956656530585406e+02 8.170005036075465341e+02 7.856108367658544012e+02 7.364997156812793264e+02 7.065803647208049370e+02 7.150693096928596333e+02 7.657110444067133130e+02 8.172235687054906066e+02 8.123536398616819270e+02 8.497296294381384314e+02 9.015111469730602494e+02 9.492462069644342364e+02 9.424666333161702596e+02 8.977734390764321688e+02 9.379149087687229667e+02 9.391985593459994561e+02 8.920607460997719045e+02 9.462424423181449811e+02 1.000424659023645177e+03 1.007361967409717295e+03
