output/test_direction/elevation_000009.asc
nrows	150
cellsize	66.6666666667
xllcorner	0
ncols	150
yllcorner	0
NODATA_value	-9999
[rows 102 to 118 of 150, columns 111 to 147 of 150]
7.330913174653668420e+02 6.708863629968417399e+02 6.091379711034556976e+02 5.589455929432659786e+02 6.280749036410205690e+02 6.890090427345760418e+02 7.431738090946282682e+02 7.769374310758605588e+02 7.432427542043060384e+02 6.683421352505620234e+02 5.929087529516824588e+02 5.415421503745318432e+02 4.732470569643780323e+02 5.332625494736889777e+02 5.847062361860772626e+02 6.281533240010162444e+02 6.516660526770854176e+02 6.422145366846378920e+02 6.210214351606149421e+02 6.276509379891014078e+02 6.344617831662811795e+02 6.450119309009343169e+02 7.139489681559471137e+02 7.806078957558288494e+02 8.292589253942827554e+02 8.505406761127959498e+02 8.388790733835655828e+02 8.393856044572860355e+02 8.440920869938170199e+02 8.877376141469809454e+02 9.428358108753759552e+02 9.531844072257056268e+02 9.453639314609482653e+02 9.466024785710224023e+02 9.537428477858464930e+02 1.001929736502056244e+03 1.054610298405488948e+03
7.046314010986966423e+02 6.563448342605398693e+02 5.993828491546165651e+02 5.313822043224919298e+02 5.946037757135483162e+02 6.506720094760726170e+02 7.058766046755392836e+02 7.503619612718965755e+02 7.260089012564500308e+02 6.556776220103689639e+02 5.804124088329999722e+02 5.120683392369501234e+02 4.671656787019391004e+02 5.332186663144832437e+02 5.917370907991481772e+02 6.170926693569766712e+02 6.184599686875509406e+02 5.874653678696565748e+02 5.458136504521130519e+02 5.587219530415047757e+02 5.735656880220957419e+02 6.408057730012423008e+02 6.986269985473717270e+02 7.433988372558127367e+02 7.797453724918557327e+02 7.838128129997500082e+02 7.755451539346091749e+02 7.772460417215355619e+02 7.885467112302110309e+02 8.480469862713189286e+02 8.960940067554120105e+02 8.910354740131696190e+02 8.824911101113569885e+02 8.845814459526136488e+02 9.230900267048073147e+02 9.678409171683184695e+02 1.020644164232987578e+03
6.748727602619162553e+02 6.105259528187135629e+02 5.542689921595123224e+02 5.075375818578605731e+02 5.534472828373044422e+02 6.099600176056234204e+02 6.740222164847783688e+02 7.249967357670655019e+02 7.109860238970477440e+02 6.575711179214210915e+02 5.883169379507705798e+02 5.215419440096216022e+02 4.623764278891457593e+02 5.310905176075325471e+02 5.705411017880238660e+02 5.626117161466595462e+02 5.670071075467973287e+02 5.253649202408654446e+02 5.856992483820997677e+02 6.208181405025128470e+02 6.323492059246398185e+02 5.974686694434672063e+02 6.541290586078613387e+02 6.986445490626620085e+02 7.130591771307147155e+02 7.183416855618271484e+02 7.196412626677536082e+02 7.217362677705269789e+02 7.578712310632415665e+02 8.051029327955699273e+02 8.494376914063005870e+02 8.329878719309684811e+02 8.265140093727414978e+02 8.571363506182258334e+02 8.923247727026817984e+02 9.355137180252409053e+02 9.881380023527642606e+02
6.761177440515996295e+02 6.134458141967189704e+02 5.479180346392228103e+02 4.892015848223264243e+02 5.581703243578361935e+02 6.193748359665593171e+02 6.722047489901757444e+02 6.924774733623168004e+02 6.724031367443133149e+02 6.298106328981702973e+02 5.855670311099090668e+02 5.272169584035549406e+02 4.573135972497665307e+02 5.119941127400627465e+02 5.296707975689650993e+02 4.931819660699292740e+02 5.051424276211350843e+02 5.310051678046357893e+02 5.920597210446820782e+02 6.503454962037784526e+02 6.764715399705007712e+02 6.623180723296512724e+02 6.189939199554282823e+02 6.330192601018209189e+02 6.465817097615533839e+02 6.595384667247922152e+02 6.721297771135955372e+02 6.864495452161550020e+02 7.045898544448568828e+02 7.656980197634693468e+02 8.029879506908999929e+02 7.784046615189884051e+02 7.989775396538829000e+02 8.260539609357983863e+02 8.604579178925771430e+02 9.026297271895989525e+02 9.556439651659870833e+02
6.559020779175035614e+02 6.089607501032297705e+02 5.377552350436615143e+02 4.693637994315115520e+02 5.251963037208581682e+02 5.882393864516391204e+02 6.432184393599258101e+02 6.426983265778427494e+02 6.062545568632569939e+02 5.908701591061678755e+02 5.384914117074456499e+02 4.999670525092445246e+02 4.523104450743147140e+02 4.628856228283618179e+02 4.753641580007543439e+02 5.351434766317611320e+02 5.714353034461292964e+02 5.895856532255409093e+02 5.809760809697685318e+02 6.502145499382288563e+02 6.954528940923781875e+02 7.042355893516958076e+02 6.858819592827404676e+02 6.992348263068211054e+02 6.998518875603258493e+02 7.031994210681618824e+02 7.106642632955120007e+02 7.528460911580340280e+02 7.618133068470846183e+02 7.299058551956263727e+02 7.494553124590603375e+02 8.067071121543403933e+02 8.527611437416469471e+02 8.477963011373688005e+02 9.060820480587725569e+02 9.525300378608275196e+02 9.981777116887278680e+02
6.105939358119193230e+02 5.864581599482553429e+02 5.202585504641160696e+02 4.504460635301075513e+02 5.221336791455942148e+02 5.791947019535589334e+02 6.033613769138989937e+02 5.881159016769742038e+02 5.402633412177794980e+02 5.393603122301232133e+02 4.967849444036414184e+02 4.462866601049322526e+02 4.971560696340364416e+02 5.320634206283932599e+02 5.411394845973669590e+02 5.410878381696476254e+02 6.059720472433814393e+02 6.519019923301790413e+02 6.536205575750433354e+02 6.284906495517110443e+02 6.728445566284771076e+02 7.143880210223561562e+02 7.445088327631364109e+02 7.687207577200002788e+02 7.600349176418761772e+02 7.529890529677477389e+02 7.556241625099604562e+02 8.025965751270700821e+02 7.964550370638106642e+02 7.813078415335653517e+02 7.832266952913578280e+02 8.448487823093821589e+02 8.889397855519182485e+02 9.136925765035994118e+02 9.015458919081119120e+02 9.512940514120044782e+02 1.026319401441662194e+03
5.607884719106914417e+02 5.561569855965607303e+02 5.047051748037326888e+02 4.308476017967156508e+02 4.919806238199158770e+02 5.464912623469165283e+02 5.435322717987874057e+02 5.315850393791512261e+02 4.797338131959705834e+02 4.875633940432005602e+02 4.380367075043520231e+02 4.951085836658881476e+02 5.404629799074441507e+02 5.814934399214317864e+02 6.057794366517322260e+02 5.916423299306461558e+02 6.472673714188583745e+02 7.025797832368424451e+02 7.125626045960831334e+02 6.706934016383819426e+02 7.227966274816177474e+02 7.723941960103533120e+02 7.836514900250648452e+02 8.258063825122658272e+02 8.247747212203921663e+02 8.098088612509285440e+02 8.078405257596681395e+02 8.535021283215842232e+02 8.477303243402185444e+02 8.376758545950211783e+02 8.393509215861263328e+02 8.521549301875263609e+02 9.179494803642323859e+02 9.657583154333651692e+02 9.508703274603078626e+02 9.848510588874474934e+02 1.031498235930023839e+03
5.101168004185755649e+02 5.117666008426243707e+02 4.729435041686245427e+02 4.120562135719468415e+02 4.772880391542695406e+02 5.039983713577119033e+02 4.792615885573239325e+02 4.783010464004022424e+02 4.252011552436325701e+02 4.301353456294121997e+02 4.622793141933929064e+02 5.271672576097722640e+02 5.795226015077095099e+02 6.244852085023056816e+02 6.564618393277044106e+02 6.489962725448519905e+02 6.980118786652700464e+02 7.515874548262182770e+02 7.632195763186864497e+02 7.208302768880726035e+02 7.667518391567741673e+02 8.247779500209580874e+02 8.488675332551812289e+02 8.629583200492750166e+02 8.908038384485618053e+02 8.737153613945662300e+02 8.688269607142869972e+02 9.100690951466788192e+02 9.069148913442217008e+02 9.010384517838798502e+02 9.023463980975097911e+02 9.082978613654431683e+02 9.544335129740736647e+02 1.012592673355374359e+03 1.022158481472445146e+03 1.031858422141756591e+03 1.077952117593415778e+03
4.599545345526127562e+02 4.504807827814055941e+02 4.427057373029720111e+02 3.941831771819840355e+02 4.496684025301768202e+02 4.601489720519830371e+02 4.130421894313267899e+02 4.181631198270401910e+02 4.685320075426484436e+02 4.980175990537968573e+02 5.290934289817687386e+02 5.197820360149538601e+02 5.662566633191537449e+02 6.203085395682618355e+02 6.769331507863466868e+02 7.098250431141034369e+02 7.535758839137754421e+02 8.035820314286183930e+02 8.165815846246501906e+02 7.807901183523779309e+02 8.246473296292841724e+02 8.696398931919090955e+02 9.124107141801790704e+02 9.238076399660244533e+02 9.512469549928797505e+02 9.410805071414882832e+02 9.373912604765636161e+02 9.697672862554699122e+02 9.723377330683947548e+02 9.714586717016330795e+02 9.739970649507595226e+02 9.796390788052218568e+02 1.016077730215546353e+03 1.058718951271363949e+03 1.094216371971200488e+03 1.101824550835811124e+03 1.138170333561033658e+03
4.157227184252631673e+02 3.822571447036834229e+02 3.872400921012275603e+02 4.365386867211510094e+02 4.011335061908462762e+02 4.060008407589150465e+02 4.520298773619430790e+02 4.784784336786942163e+02 5.139069410350434737e+02 5.584383238435316343e+02 5.918395999268415153e+02 5.779008851958274136e+02 6.149904678830844205e+02 6.615162489306773068e+02 7.182168378478849036e+02 7.676587212279125652e+02 8.095678213229163021e+02 8.548919475844702447e+02 8.707519586863650147e+02 8.478625443275633415e+02 8.869136494985031050e+02 9.208138972916960938e+02 9.530938037600193411e+02 9.763744944967839956e+02 9.933784263619518242e+02 9.947138172824066942e+02 9.974372044693486714e+02 1.016593012767128243e+03 1.029861415227193902e+03 1.037584933993962068e+03 1.044243663997492831e+03 1.054822465170230089e+03 1.082735869518780191e+03 1.117989578221571719e+03 1.152388018509908534e+03 1.174053276700356491e+03 1.203246972333789699e+03
3.755883706287806945e+02 4.281684266877809932e+02 4.568601231963232863e+02 4.884775969450573143e+02 4.674426408045025028e+02 4.625568291090633579e+02 4.988688353471801520e+02 5.364723213969464268e+02 5.757637421936709643e+02 6.150164555459549547e+02 6.520235578136972663e+02 6.477316188292360266e+02 6.788440661080220480e+02 7.171675608706049161e+02 7.635527883348546538e+02 8.191522558949948234e+02 8.616066042228510469e+02 8.934634070478855392e+02 9.095665832891211267e+02 9.034034293712517183e+02 9.171350482849386481e+02 9.259390055075319879e+02 9.417565940595110305e+02 9.646345034012327915e+02 9.755800176784529185e+02 9.779398503999574359e+02 9.815303436995126276e+02 1.003779967517511750e+03 1.029648921920429302e+03 1.054235625392897418e+03 1.066129080351092625e+03 1.075535096521477499e+03 1.101509782166072000e+03 1.136300364783696068e+03 1.172815003372641740e+03 1.197141775399138169e+03 1.224030990501296401e+03
4.506730233197684470e+02 4.846925470989024234e+02 5.212264744044705367e+02 5.509237677579453702e+02 5.395987549474180014e+02 5.350169239551645433e+02 5.647619763245838840e+02 5.978142412772143643e+02 6.335844330419589596e+02 6.754079936543384974e+02 7.032988619519560416e+02 7.131126129178139763e+02 7.367807848260164292e+02 7.678556833808733018e+02 8.025355618350469058e+02 8.411841928323700586e+02 8.742810112257426454e+02 8.872694019581190332e+02 8.868699679299447780e+02 8.729203533816001936e+02 8.764110548453777483e+02 8.653350978698862264e+02 8.744896398600565135e+02 9.107190634841301744e+02 9.120027566118734512e+02 9.108186919943659632e+02 9.077343018732693736e+02 9.393919209025908685e+02 9.766837379747393015e+02 1.016219608968799548e+03 1.016062751817891694e+03 1.017314220295120435e+03 1.051035514623730251e+03 1.093553376654396970e+03 1.139784597580098534e+03 1.145492189395021569e+03 1.176775189619336061e+03
5.250092336170812359e+02 5.520989806235211290e+02 5.820425243678221250e+02 6.046735226110602071e+02 6.079686995110857879e+02 6.108835482600677551e+02 6.305416115128713272e+02 6.547811370978603236e+02 6.809586832521124506e+02 7.058286547124616845e+02 7.168262963584215868e+02 7.131925721491164722e+02 7.322711840848464817e+02 7.598395358634510330e+02 7.786078884628776677e+02 8.016872640023728991e+02 8.346500271972552127e+02 8.303306454752716945e+02 8.267621328713117919e+02 7.937697037682929704e+02 8.060278956395837895e+02 7.912378171270243001e+02 8.063852445131586819e+02 8.525059235969678184e+02 8.442663405404982768e+02 8.417539806053654274e+02 8.356422473806472908e+02 8.745125180825585858e+02 9.242560201621871556e+02 9.656263380510746401e+02 9.514177520169138234e+02 9.502076777299979540e+02 9.925091644723320314e+02 1.048133196081097367e+03 1.094606815029337440e+03 1.082140456557747257e+03 1.118087497776329656e+03
5.438395257215478296e+02 5.746008145918779064e+02 6.038386827333747533e+02 6.168591115933387528e+02 6.297114722263097519e+02 6.341151570717239565e+02 6.435093117608960256e+02 6.557984459943503452e+02 6.684121481139198977e+02 6.774545904126571259e+02 6.726059042811028803e+02 6.442712360905784408e+02 6.672268175518526050e+02 7.092205153588383837e+02 7.074100708276014302e+02 7.435216072743876339e+02 7.792825597950597967e+02 7.637168425862470258e+02 7.623126078930148424e+02 7.172479374686503206e+02 7.457360320026363070e+02 7.204262895560549396e+02 7.601709723310276559e+02 7.968648614212227130e+02 7.820188578866318494e+02 7.817498507352502202e+02 7.782674810782565373e+02 8.248609961911887467e+02 8.788934778701611776e+02 9.128846174118385761e+02 8.879794992279515782e+02 8.942124563859349564e+02 9.504111635008242729e+02 1.008000601815547839e+03 1.050430311563757414e+03 1.025879888950097211e+03 1.068466069667551665e+03
4.950856800323347215e+02 5.335698621885601369e+02 5.670972552926505159e+02 5.620462684585354509e+02 5.824168465425035492e+02 5.816749724255765841e+02 5.877754745870021225e+02 5.962820154720644723e+02 6.049966791695418351e+02 6.118163674788254411e+02 6.120587523883931453e+02 5.689460523593971857e+02 6.130594733856087259e+02 6.547128463744346618e+02 6.424203053178437131e+02 6.870362581129851378e+02 7.234064029148606778e+02 6.994318759787261115e+02 7.038321246921788088e+02 6.565687418513097100e+02 6.841927758390381769e+02 6.682055841962036311e+02 7.047857056117835555e+02 7.407366819627198993e+02 7.251669180801814036e+02 7.299532931937981175e+02 7.332485298550393509e+02 7.854933401516659615e+02 8.434085518245859703e+02 8.608390226454121148e+02 8.266325449291429095e+02 8.635797336060649059e+02 9.158942412614309205e+02 9.708670027644685661e+02 1.007940431927604095e+03 9.780293897530536924e+02 1.025551394838978240e+03
4.460231688790771045e+02 4.788485509572328169e+02 5.130165256695771632e+02 4.979419008882934463e+02 5.120746927002770690e+02 5.145847120176391627e+02 5.210532512898759023e+02 5.290462644950799813e+02 5.371790517971614918e+02 5.447918958751226910e+02 5.543943246361159254e+02 5.090409783103779660e+02 5.670603011856024978e+02 5.975598442724973438e+02 5.874754919325190485e+02 6.378641191918144386e+02 6.690391227612594776e+02 6.385944034453373206e+02 6.504185428726378859e+02 6.066140886478324319e+02 6.171512935258319885e+02 6.269121513492025315e+02 6.391354472072657700e+02 6.941062087138865309e+02 6.728429933920432404e+02 6.838669555420424331e+02 6.961991826410542217e+02 7.539934236123879145e+02 7.935635902383301072e+02 8.008218210522538811e+02 7.860598833569149519e+02 8.314691265712422137e+02 8.833457204697310772e+02 9.327015198223455172e+02 9.626365681603112989e+02 9.361721552035252216e+02 9.880864699616010967e+02
4.042390166210721532e+02 4.128152169711275974e+02 4.648065560438511739e+02 4.369669151651143011e+02 4.451768031222296713e+02 4.530622666511820853e+02 4.603153567582888286e+02 4.685512203118040020e+02 4.767043712012403489e+02 4.838344951429791081e+02 4.935133216632904123e+02 5.459160464006415623e+02 5.217649177191251511e+02 5.310838311645758267e+02 5.410708846384267190e+02 6.028940864556935821e+02 6.208553063562874286e+02 5.802743409062695719e+02 5.915019675953664091e+02 6.441071994650784518e+02 6.834768878675687347e+02 6.938321524695419384e+02 6.990974580246950154e+02 6.567134479459524528e+02 7.143463354297907699e+02 7.503698155743346661e+02 7.547031386228258043e+02 7.133410190614838484e+02 7.266612019909365472e+02 7.405707740179315124e+02 7.552090597272166406e+02 8.041603553834452214e+02 8.484578071658372664e+02 8.901940464277106457e+02 9.072293918161722104e+02 8.992756010027810589e+02 9.551797824572747686e+02
