output/test_direction/elevation_000006.asc
nrows	150
cellsize	66.6666666667
xllcorner	0
ncols	150
yllcorner	0
NODATA_value	-9999
[rows 68 to 84 of 150, columns 37 to 73 of 150]
6.165923678001184953e+02 5.721542122121920784e+02 5.984372362393989988e+02 6.584076897104466752e+02 6.676243248058285644e+02 6.225445273855139021e+02 5.742949490448986580e+02 6.214292702064645937e+02 6.682777446192374100e+02 7.154042013927403332e+02 7.597884463074246923e+02 7.595992365789551286e+02 7.886442296791204853e+02 7.841790397573319069e+02 7.824029081631665576e+02 7.976485432998804299e+02 8.127589747155693658e+02 8.206983439202389263e+02 8.151940106246651112e+02 8.279267180260735586e+02 8.410805755013975613e+02 8.645759335654000779e+02 8.836193493987756256e+02 9.018630845277280059e+02 9.021216053138080042e+02 8.975777918182805024e+02 8.958423223335491912e+02 9.048021357557287274e+02 9.007301794802401673e+02 8.712121571322933278e+02 8.242131517228913253e+02 7.824851125501909337e+02 7.407740115234054201e+02 7.907936512519941061e+02 8.148426188387247748e+02 8.575594266321086252e+02 8.863217471166219639e+02
5.645605166126803169e+02 5.082584823399181460e+02 5.603143335842250963e+02 6.166113687112315347e+02 6.245712305446552364e+02 5.748681983024399642e+02 5.192912161834802873e+02 5.640789615413241336e+02 6.129676897221239642e+02 6.718315120479812776e+02 7.148141839136059161e+02 6.959277552198487911e+02 7.308731555975826950e+02 7.183522605016020179e+02 7.115324868096111004e+02 7.257143631392705174e+02 7.695587564681574122e+02 8.043065098827419206e+02 8.195405155398428860e+02 8.067876054244202351e+02 7.852307991087122900e+02 8.239900449102312905e+02 8.601428663357042979e+02 8.849321038284879251e+02 8.813468279048589693e+02 8.936784150199271153e+02 8.976147575384756010e+02 8.904250415473525209e+02 9.008047340192604224e+02 8.971693165297282349e+02 8.749704294814055174e+02 8.459310111684908406e+02 8.094871138453029289e+02 8.400046596667848462e+02 8.771361968416357513e+02 8.972269903145609078e+02 8.966304923230321720e+02
5.200723086764057825e+02 4.591067107993958984e+02 5.183731926321916035e+02 5.767485927682930651e+02 5.855324262016077910e+02 5.340189082239212439e+02 4.742861602097095783e+02 5.176725297039016596e+02 5.726979106525362795e+02 6.430862833220008952e+02 6.680201591219060901e+02 6.343637282081707554e+02 6.735126226867103014e+02 6.567278226709918272e+02 6.442099119351267973e+02 6.556930172832254584e+02 7.067980233008431696e+02 7.620019682375242382e+02 7.803553177050038130e+02 7.473464286945448976e+02 7.113861645562874401e+02 7.568744024774875925e+02 8.092443474543822504e+02 8.307404340085602144e+02 8.073720891659514791e+02 8.417707686162307255e+02 8.467161651075140298e+02 8.184575215394403358e+02 8.548372333654160684e+02 8.725794571250477247e+02 8.843476509042460521e+02 8.822284128173190538e+02 8.704319971511357608e+02 8.850702287153944781e+02 9.040421057703692895e+02 8.988526848659353163e+02 8.673106687605400111e+02
4.796621282677302816e+02 4.164164028350645594e+02 4.791304455219182614e+02 5.395916634302313923e+02 5.498689957934407175e+02 4.981529912692876110e+02 4.362950187328510765e+02 4.822968132759152695e+02 5.585992367277214043e+02 6.161572547370943767e+02 6.241173605514070459e+02 5.799782873950881594e+02 6.220224120581100351e+02 6.027424271770701125e+02 5.838152946929121754e+02 5.959532420490570530e+02 6.561402030813309239e+02 7.195614077910926198e+02 7.358568640870225863e+02 6.936185986875258322e+02 6.460052173782213458e+02 6.998232292670334118e+02 7.566135998963674183e+02 7.724651058588664227e+02 7.370025100412284473e+02 7.819966186193598787e+02 7.865888963670130352e+02 7.469045964600809384e+02 7.937847434433011813e+02 8.060326422365372991e+02 8.434715080393831386e+02 8.589627376343481728e+02 8.500607360388451070e+02 8.597455780241466528e+02 8.768065111151870497e+02 8.665427931807502091e+02 8.172035210702430277e+02
4.393102412821878602e+02 3.779951274986646013e+02 4.430495215883473747e+02 5.048391849809939345e+02 5.164024599206686617e+02 4.653272923830527361e+02 4.030843327488606747e+02 4.721141805916993803e+02 5.284324142865616523e+02 5.828345297319381189e+02 5.817728146475827771e+02 5.312147962033782278e+02 5.790626370300581129e+02 5.748256851436651687e+02 5.283330466193896200e+02 5.467041755303065429e+02 6.164463675460901868e+02 6.843549482712260215e+02 6.952729505998479453e+02 6.470668124581975462e+02 5.928784087848314357e+02 6.508873878266654174e+02 7.083659171082795183e+02 7.188861682228373411e+02 6.764268578254196882e+02 7.260666382575823263e+02 7.302099590777147569e+02 6.848758114188805166e+02 7.344798343970736596e+02 7.391196368157565075e+02 7.871644591159051743e+02 8.012150133797711078e+02 7.753893914946215773e+02 7.876087551582885453e+02 8.240693682042654018e+02 8.242499830560296914e+02 7.738032951864494180e+02
3.949800888010266249e+02 3.431233776371001909e+02 4.096774394099235224e+02 4.713545499603801545e+02 4.834532274016019073e+02 4.342039198765630772e+02 3.719091158314425343e+02 4.318751353375980671e+02 4.954247694810881057e+02 5.486968315617533563e+02 5.413043884528291301e+02 4.861513774053127577e+02 5.377049657674732543e+02 5.375528779617415012e+02 4.830156102587629903e+02 5.480401375131856412e+02 6.097137967641710929e+02 6.588763984310733122e+02 6.594779189342435757e+02 6.062243605538398015e+02 5.477401044325854400e+02 6.079615226409933939e+02 6.649358023601930654e+02 6.707843694006095348e+02 6.236826931662657216e+02 6.757275508097442298e+02 6.797244993543918099e+02 6.313993882848353678e+02 6.810978820885370624e+02 6.794621719442808399e+02 7.307943676907061672e+02 7.398598981966832753e+02 7.026409509092915187e+02 7.194547833364491680e+02 7.706406640215067227e+02 7.804063500325727318e+02 7.343402019880924172e+02
3.807013952981232023e+02 3.118648291057018582e+02 3.778038577844004635e+02 4.370779024035178963e+02 4.478786574176788235e+02 4.031645094122085311e+02 3.432057723263632738e+02 4.012799194388619526e+02 4.644185129839047477e+02 5.157129275743593553e+02 5.027737186053292362e+02 4.440375143211044247e+02 4.984662537367556752e+02 5.017418415007476824e+02 4.471013074056364758e+02 5.108001904558265096e+02 5.713334017080267131e+02 6.258897861622626806e+02 6.247015938423051011e+02 5.690521628555391089e+02 5.078024781100145333e+02 5.693769079963442437e+02 6.254326866911503657e+02 6.271549794417372823e+02 5.765312899247995801e+02 6.302114719231210529e+02 6.344171906243360581e+02 5.843292826790682284e+02 6.334045226965084794e+02 6.266965328787431417e+02 6.788106945171784901e+02 6.833973979068147173e+02 6.392129690890290021e+02 6.616589087804458131e+02 7.261503084291376808e+02 7.364270585904843074e+02 6.940601408078528038e+02
3.368999923349516052e+02 2.822624333461158130e+02 3.461321028726903819e+02 3.984415151531449055e+02 4.040091201406721098e+02 3.675868217678195151e+02 3.168340748437966568e+02 3.712505116598948689e+02 4.355900858888024345e+02 4.831540611757200736e+02 4.655231506015691707e+02 4.043320046179147766e+02 4.613806515538295798e+02 4.681809556066725690e+02 4.140043993363917707e+02 4.725711809588718779e+02 5.375833076912076649e+02 5.934729684372096017e+02 5.912899692634370012e+02 5.345874454165414136e+02 4.715716234318182387e+02 5.339686037477928267e+02 5.888066814801214832e+02 5.868778946074988880e+02 5.334299408166152716e+02 5.884535392671967884e+02 5.931772851452208215e+02 5.419997621839769408e+02 5.902665212298140887e+02 5.792161774126997216e+02 6.317697949833968778e+02 6.341120149792955090e+02 5.829520122869726038e+02 6.332479782390148557e+02 6.865365066779776271e+02 6.912054279289033047e+02 6.480818479708362929e+02
3.260284800556555638e+02 2.554948394096267918e+02 3.125252009495077345e+02 3.486919322408747917e+02 3.496783852012791272e+02 3.130417932302101462e+02 2.931636924628409133e+02 3.666871762575165690e+02 4.107065801629333350e+02 4.440140061622245184e+02 4.278388220806134541e+02 3.666585468137304815e+02 4.262513612329395869e+02 4.367260329005129620e+02 3.835886504737171663e+02 4.418995170871543223e+02 5.071434945379120904e+02 5.619648141023153585e+02 5.585000075739225167e+02 5.020023352454909400e+02 4.381888139205177595e+02 5.008293254468145506e+02 5.538796655675075726e+02 5.489212637818968687e+02 4.933945714015811177e+02 5.495248398449740534e+02 5.550062839538813932e+02 5.032948599291677283e+02 5.506270842262482574e+02 5.355983178054109430e+02 5.888114371505472491e+02 5.911838149966035871e+02 5.390056674991038790e+02 5.947798631507293976e+02 6.450231918497772767e+02 6.444785686018907427e+02 5.984938673917874894e+02
2.912161638790399820e+02 2.303117765285997791e+02 2.739849762478795583e+02 2.833313174291002383e+02 2.834802504648026229e+02 2.578447424967180268e+02 3.152965129955509838e+02 3.530569440378607169e+02 3.584633813428195026e+02 3.964089151872940420e+02 3.892193808268780799e+02 3.309164298984257471e+02 3.926792664825528050e+02 4.066847445738806641e+02 3.553881209942183546e+02 4.138945585638506941e+02 4.777861555384743610e+02 5.293981706011325059e+02 5.240209545085393756e+02 4.700585121209573458e+02 4.071561851136150381e+02 4.689231642752752123e+02 5.187781282767116409e+02 5.119826945734185415e+02 4.558255805403169916e+02 5.124070042477848119e+02 5.187674584052313094e+02 4.674951938466309116e+02 5.135690387809430604e+02 4.948131708991872415e+02 5.483445497917745115e+02 5.517504538753005363e+02 4.998615957812239117e+02 5.558301902883915773e+02 6.011319781854028861e+02 5.963422397835615811e+02 5.494588803766363299e+02
2.578471597904978125e+02 2.080850083652003377e+02 2.128559844778528145e+02 2.175434669885812866e+02 2.227946902429298177e+02 2.704639831755152954e+02 2.948421854965644116e+02 3.011988750020857424e+02 2.998821186828483860e+02 3.476137541052058850e+02 3.507676431019501138e+02 2.971680969788266111e+02 3.595778625196619487e+02 3.759462755971865136e+02 3.290497453720102499e+02 3.871533393046122455e+02 4.475657118324901376e+02 4.920919444566546304e+02 4.831585953368256696e+02 4.358780941967841045e+02 3.782915161366259440e+02 4.361234572965105372e+02 4.797921576135746591e+02 4.732484614074198248e+02 4.204779197494033269e+02 4.748786077676687682e+02 4.818726311755453366e+02 4.342020674865971159e+02 4.776793154436844020e+02 4.562552849694960742e+02 5.077162337450868108e+02 5.125425279388025501e+02 4.643143455396123045e+02 5.165505489414746307e+02 5.493925846971759483e+02 5.435080671434438955e+02 5.013024585190137259e+02
2.016138135111266934e+02 2.572207106118116826e+02 2.840215404893452842e+02 2.782827231692098167e+02 2.792616977504773104e+02 2.296607979164922426e+02 2.345016904237533311e+02 2.393422019049335177e+02 2.448226358246899110e+02 3.037557853232592038e+02 3.110932626477555800e+02 2.655222346009367698e+02 3.237977107162274137e+02 3.360062510034448451e+02 3.045642718713771160e+02 3.607330699824609042e+02 4.145361094523098018e+02 4.421287305377321672e+02 4.317405330880664565e+02 3.893054205139314945e+02 3.519358825574262823e+02 3.952050616402291325e+02 4.325858192424483377e+02 4.233645178122954462e+02 3.877470847256461752e+02 4.291678947415412040e+02 4.348990764372292119e+02 4.035273632512389099e+02 4.376281922427633617e+02 4.199449484512516619e+02 4.589788121743098372e+02 4.637854738885806114e+02 4.323546527452956525e+02 4.748878906406270630e+02 4.851305246461283218e+02 4.882881071110388120e+02 4.407994632798749990e+02
2.615430873869088941e+02 3.041690955848104636e+02 3.457259860878909308e+02 3.408336471810957846e+02 3.228104574142387264e+02 2.643518273582895972e+02 3.010057664770083079e+02 3.034310920040190922e+02 2.986177925262860526e+02 2.515861375524019650e+02 2.571136908131701375e+02 3.053437495473872900e+02 2.732714647811291684e+02 2.782094639791726536e+02 2.833012322595723163e+02 3.336581737642559915e+02 3.802944003707658567e+02 3.779747180722008011e+02 3.769358331149981609e+02 3.251431371769015755e+02 3.300179724479222045e+02 3.364276994253117437e+02 3.857729053343615533e+02 3.547235105748208071e+02 3.600156517982285891e+02 3.659852200634371684e+02 3.717903218848765619e+02 3.772779245839005284e+02 3.832540069361791097e+02 3.878149660207518536e+02 3.940529543598393616e+02 3.996853234887608437e+02 4.054515607539485700e+02 4.121003054027680719e+02 4.193681034761437445e+02 4.275011539730767822e+02 4.821009205779501485e+02
3.130104479331146763e+02 3.565490638855092129e+02 3.991446834839652524e+02 4.004837387491008371e+02 3.579596854361324176e+02 3.036524944079426405e+02 3.537728959525736627e+02 3.620087716500584634e+02 3.270808416278635491e+02 2.688689520427938646e+02 3.136796458580574267e+02 3.497478588979371352e+02 3.317979444997311020e+02 3.368800690250259890e+02 3.411155042697067756e+02 2.924611248140451494e+02 3.398876320128480302e+02 3.093270781860251191e+02 3.160739048098982948e+02 3.712687277257680307e+02 3.978469662484475293e+02 3.932666601179595887e+02 3.456295589223960860e+02 3.978789997105500333e+02 4.273272146246765715e+02 4.249865225764402794e+02 4.229377896493650724e+02 4.491809062779753958e+02 4.459037899945647609e+02 4.072155978048143083e+02 4.434482373881048716e+02 4.234855275531160714e+02 4.654631738785629409e+02 4.662033618269139197e+02 4.934583730378848259e+02 4.942940579355313275e+02 4.610249382336577355e+02
3.602438093075305687e+02 4.028381523253757450e+02 4.458699373629465299e+02 4.459044594129012467e+02 3.986211616181871591e+02 3.470227768534540473e+02 3.970667943753902591e+02 4.037762437299762723e+02 3.532744391349448279e+02 2.881033212750041343e+02 3.500421272776607680e+02 3.977657200439937810e+02 3.935077467767503663e+02 3.998112179740038528e+02 3.903764354818088691e+02 3.450169727708133109e+02 3.007231558223542152e+02 3.556731173595447331e+02 3.912362391447159098e+02 4.147186860520311029e+02 4.503797733790049733e+02 4.304889687400361709e+02 3.679084148836249710e+02 4.264950330750699550e+02 4.793316102512108046e+02 4.883330479605278924e+02 4.846850369976700108e+02 5.103652975972469790e+02 4.899967276836527503e+02 4.295908380860477678e+02 4.756862176646221201e+02 4.505245393775169873e+02 5.093190369039357392e+02 5.266604483378285977e+02 5.573939391391540994e+02 5.478662472021152325e+02 4.870790833717393298e+02
3.682502316234772479e+02 4.334865662014773875e+02 4.817188526475950425e+02 4.856640410432725616e+02 4.416818596731625917e+02 3.948991083362044492e+02 4.384481137732304319e+02 4.363308226497019291e+02 3.825185632348678837e+02 3.090982642518352463e+02 3.822016916428503919e+02 4.379001375374022587e+02 4.555187789269033942e+02 4.629983136282543228e+02 4.309395441614097422e+02 3.843546241914477832e+02 3.183071856518144500e+02 3.895804671486325788e+02 4.428385536777968241e+02 4.779502734175005685e+02 4.942755457354389250e+02 4.561642701054661870e+02 3.924315307373042288e+02 4.643043703756381433e+02 5.135478048121020720e+02 5.501456952016861806e+02 5.531934323640798539e+02 5.622183607434004671e+02 5.165101639666678466e+02 4.533353454810063567e+02 5.043279170624550716e+02 4.810381229603033262e+02 5.385568712187937308e+02 5.825894153329857090e+02 6.108030589448726460e+02 5.973987132471404493e+02 5.540679138437520805e+02
3.520045167994142616e+02 4.282517258026247760e+02 4.966782416093909092e+02 5.208152338704881004e+02 4.881758111041820030e+02 4.487983302515402215e+02 4.803214219115267269e+02 4.598882145853224870e+02 3.905247428352129191e+02 3.290912837147210439e+02 3.909555561618865340e+02 4.594575061230102051e+02 5.097150174218500638e+02 5.117984416935315721e+02 4.660942082612014019e+02 3.940550218787385575e+02 3.370558456243549585e+02 4.002146826761412512e+02 4.568894309169519943e+02 5.065540604367309925e+02 5.288339461104233123e+02 4.940014402333654289e+02 4.205957344933560762e+02 4.842489011604901634e+02 5.423435588390043449e+02 5.900418630866035983e+02 6.122289186783922332e+02 6.028611337530070386e+02 5.454402778549264212e+02 4.791439379375480030e+02 5.388507454647058239e+02 5.406994485769647554e+02 5.280668892144367419e+02 5.912981231709161420e+02 6.478727425582673050e+02 6.462571926590104567e+02 6.034014390615039929e+02
