output/test_direction/elevation_000002.asc
nrows	150
cellsize	66.6666666667
xllcorner	0
ncols	150
yllcorner	0
NODATA_value	-9999
[rows 51 to 67 of 150, columns 74 to 110 of 150]
7.543668988491955361e+02 7.735894848186816262e+02 8.145833231789822548e+02 8.154509086355006957e+02 7.746633400472072708e+02 7.335147239795451242e+02 7.764033134294439833e+02 8.221082690687235299e+02 8.235861539630637935e+02 7.764128844871084993e+02 7.230730137314779995e+02 6.782405107017320915e+02 6.389053466491172912e+02 6.918511943899967491e+02 7.304290659702280664e+02 7.174551922216978710e+02 6.805263451848031764e+02 6.307128483610373451e+02 5.859253968077142645e+02 6.343078574639084763e+02 6.249549662862782498e+02 5.728447361093622021e+02 6.211182672225640999e+02 5.911407600818459969e+02 5.980553919861466738e+02 6.578686791811859393e+02 6.705026138788583694e+02 6.241383642312588336e+02 6.301087077403913099e+02 6.721505942855505964e+02 7.353405465993939742e+02 7.793259863324277603e+02 7.858807690303247000e+02 7.411041531508604976e+02 7.965539883129467853e+02 8.407790536809857258e+02 8.786957266378220766e+02
8.194959691620393869e+02 8.366772948216764689e+02 8.548138517369374085e+02 8.529047849742996732e+02 8.325731372900269207e+02 8.061026892689970964e+02 8.343622990784037938e+02 8.704132664765522804e+02 8.671694625268062282e+02 8.198279501519931500e+02 7.718137191142933489e+02 7.285589346037637597e+02 6.934451819400903787e+02 7.396537462482752971e+02 7.814516526963550405e+02 7.743796997971107885e+02 7.285954929486408673e+02 6.782389404209351369e+02 6.359129628328719264e+02 6.817222520066145535e+02 6.757941094434735305e+02 6.319455708910239764e+02 5.822839040774177874e+02 6.284301860452629853e+02 6.568559182712078837e+02 6.965639790091306622e+02 7.226160562714778735e+02 7.001385810947118671e+02 6.613887311028117892e+02 6.998719828389387203e+02 7.455019717397992736e+02 8.094788357532625014e+02 8.333262365753970471e+02 8.073904047565325754e+02 8.037142499198414498e+02 8.713160002670909989e+02 9.186245962345504950e+02
8.194520162746371170e+02 8.444550997950674400e+02 8.523589316040888662e+02 8.430050899119368069e+02 8.528256956780204519e+02 8.629814435960979608e+02 8.868620136965469101e+02 9.097915670934501122e+02 9.045058186783371639e+02 8.673798931495807665e+02 8.243820967330817666e+02 7.918514216681794551e+02 7.643959267768852897e+02 7.957286956774208875e+02 8.294545523026014280e+02 8.221393763369547969e+02 7.797229305956591361e+02 7.384769330666410951e+02 6.964304886883168138e+02 7.345133699136281393e+02 7.256014629033527399e+02 6.736485904710880277e+02 6.160688318457902142e+02 6.730580952673560660e+02 7.082046739016769834e+02 7.478735217629290446e+02 7.794837532399900510e+02 7.580312344086778467e+02 7.000994722039629323e+02 7.368907383378788154e+02 7.786286184775972288e+02 8.277155335953186750e+02 8.803740902601390417e+02 8.746759777131500186e+02 8.631785351612154500e+02 8.755397733383978220e+02 9.391141489918471734e+02
7.641450133450205158e+02 8.041407211239903745e+02 8.029554390736120695e+02 7.711398178692662668e+02 8.093946042501273723e+02 8.423973259156559834e+02 8.772210391576114716e+02 9.094060061006655360e+02 9.194961336061295469e+02 8.959290285447614224e+02 8.689379961054261230e+02 8.512438855791338028e+02 8.413806908014938699e+02 8.555055995143038672e+02 8.669692213254429589e+02 8.568464216880014419e+02 8.336004485401557531e+02 8.049588031636130836e+02 7.673902408921723008e+02 7.912131362531631567e+02 7.700346254182411485e+02 7.094741763503839138e+02 6.576921374086991818e+02 6.876199610576039731e+02 7.528357504965904354e+02 7.951959259650984677e+02 8.294301854258477533e+02 8.067609850623190368e+02 7.471028868187994476e+02 7.802374144015391266e+02 8.225599534217245719e+02 8.678591236719070139e+02 9.171243388559421419e+02 9.420307135957531273e+02 9.282268556902073442e+02 9.313705822186580008e+02 9.785627501241991695e+02
7.095993500850141800e+02 7.540741522487259090e+02 7.447182563210146782e+02 6.974832993576849276e+02 7.387042722885940975e+02 7.791817183765859909e+02 8.237094929717225114e+02 8.717807939523215737e+02 8.829708140936008931e+02 8.559422789715716817e+02 8.383943677857554349e+02 8.474249163103705769e+02 8.622579410889325118e+02 8.671139600603838744e+02 8.541559428957660884e+02 8.384050779921932417e+02 8.454966657447600937e+02 8.474624257289586922e+02 8.408100608656679924e+02 8.460793847097953631e+02 8.084755822414592785e+02 7.592536688522390023e+02 7.094315924632080623e+02 7.569614451114202893e+02 7.700887216664140169e+02 8.327168888296350815e+02 8.749495403307224706e+02 8.573997759768056994e+02 8.054889292534348897e+02 8.354423349012397466e+02 8.721767526627885445e+02 9.192607626394523095e+02 9.641239900918134254e+02 1.001336997653550952e+03 9.966230537917246011e+02 9.991325634507878704e+02 1.031634378160958022e+03
6.611997184884239687e+02 7.049404967316241937e+02 6.901567461698215311e+02 6.340100765419077788e+02 6.737660028365902463e+02 7.180617974707134863e+02 7.731718559285650372e+02 8.240433105750804543e+02 8.287527127189998737e+02 7.888552080189601838e+02 7.515968109960183483e+02 7.854822538494466926e+02 8.234067069207529812e+02 8.259844097111738392e+02 7.915508591723740892e+02 7.613618667443910226e+02 8.012889112223068651e+02 8.347670540434393160e+02 8.641845519882291455e+02 8.798881767785270540e+02 8.587564339427269715e+02 8.134049828500699277e+02 7.711676775534700710e+02 8.178628951554679816e+02 8.353513058332187029e+02 8.750695370824296333e+02 9.170562821190937939e+02 9.111475749441615335e+02 8.798105512557907559e+02 8.973367967607179025e+02 9.315221502803592557e+02 9.695176338070644988e+02 1.014851425622675038e+03 1.044261067737380245e+03 1.054495135796715431e+03 1.064169460478386554e+03 1.086974467563862845e+03
6.170612655510306013e+02 6.561668237338507197e+02 6.403954391285734573e+02 5.816643602141990641e+02 6.212225763018170710e+02 6.716338669145886797e+02 7.270231381790973728e+02 7.735921486431273024e+02 7.741141296505113587e+02 7.267125979048545332e+02 6.769386893559177452e+02 7.252689265554806752e+02 7.710438009298183033e+02 7.714246162387421464e+02 7.298203307729776270e+02 6.861553434331290191e+02 7.334881942114784579e+02 7.822154390153833674e+02 8.379723897239800863e+02 8.778319238961289557e+02 8.905600403768743263e+02 8.716489749250387149e+02 8.391171829552969257e+02 8.747023591249102310e+02 8.989466574782269390e+02 9.237456030877443709e+02 9.484742365811431455e+02 9.540396025645279678e+02 9.490276359569463693e+02 9.622928129141461113e+02 9.825126116910984138e+02 1.009824673046112480e+03 1.034791253382941704e+03 1.043228831119217375e+03 1.051481153615053472e+03 1.065234292325003025e+03 1.090957906349736049e+03
5.732265791618856383e+02 5.989661445618040716e+02 5.904224057314069114e+02 5.382339303734020177e+02 5.815197724486433799e+02 6.335042142640428438e+02 6.779049206321822112e+02 7.188774818496633543e+02 7.217639331307088923e+02 6.733363732987844514e+02 6.185985911188719228e+02 6.719523902538251150e+02 7.162203759400059653e+02 7.093223186748280114e+02 6.742395551145780246e+02 6.250634281708340723e+02 6.739948680538701637e+02 7.321691666526310200e+02 7.881472186826840698e+02 8.474633531413704759e+02 8.869269084359832505e+02 9.014874729067576027e+02 8.932234366955876794e+02 9.041284494904276698e+02 9.087316656227167186e+02 9.174394882604838131e+02 9.282489428971524603e+02 9.375662422773666549e+02 9.549005507627616680e+02 9.689415031508522134e+02 9.679996503092335161e+02 9.868433704167467795e+02 9.917058853477280991e+02 9.828180402563489224e+02 9.878567557294132939e+02 1.000647622827458122e+03 1.039467056608094936e+03
5.238634940100189397e+02 5.292275062813699833e+02 5.273639822011820115e+02 5.018699301297215811e+02 5.498302309569947965e+02 6.045651812607944748e+02 6.145789127045028408e+02 6.610465728388513753e+02 6.703477114248985345e+02 6.258914146133574832e+02 5.708922663028519082e+02 6.251612129130559197e+02 6.567861005709365827e+02 6.348089101441963749e+02 6.271390526391681988e+02 5.761906776486283661e+02 6.318969518231385791e+02 6.820093674089985143e+02 7.415187415909601896e+02 7.976994201020688706e+02 8.522317714228439627e+02 8.712411731734213163e+02 8.603809344796239884e+02 8.597271351606327698e+02 8.508611829703909279e+02 8.537620483345313005e+02 8.603748760746649396e+02 8.673746520278984917e+02 9.061955635274097176e+02 9.196648478227425585e+02 8.938602928402895031e+02 9.255954810617263320e+02 9.194706788842569267e+02 9.102269024152682277e+02 9.161726404398483510e+02 9.330341504158435555e+02 9.861355181001388246e+02
4.547029463568586038e+02 4.605439749615578648e+02 4.661291429703334188e+02 4.719870803085487978e+02 5.243109351356697516e+02 5.542201101286964331e+02 5.514834664323060451e+02 6.048028445402121633e+02 6.173072098231361906e+02 5.795381894144258013e+02 5.303544773733432294e+02 5.903906485902573422e+02 6.042983003587554549e+02 5.574248209588633927e+02 5.648779408441751002e+02 6.172813661822345921e+02 5.876269299025440205e+02 6.429392424898366016e+02 6.935281236211220630e+02 7.533520209523135236e+02 8.064154725436865192e+02 8.138021811279558051e+02 7.826484662168171553e+02 7.847001308284956167e+02 7.797865287812674069e+02 7.833625117029545208e+02 7.896742631703934876e+02 7.965376142897886211e+02 8.472494623768955080e+02 8.608303021126737349e+02 8.226135572799951206e+02 8.595070807042973229e+02 8.484369215940492950e+02 8.432947972073237679e+02 8.506767573075246673e+02 8.895682329131666393e+02 9.308430547461588276e+02
4.886919621415465258e+02 5.276059014255580450e+02 5.270664097632296716e+02 5.305527377450735003e+02 4.806902399656848388e+02 4.865598140605138724e+02 4.932850979778322085e+02 5.559114220609654922e+02 5.664882289653185126e+02 5.196422345922991326e+02 5.697396603093559406e+02 5.401383302125877890e+02 5.469667320760059965e+02 5.980198705084436597e+02 6.317313237913659805e+02 6.674606374677767917e+02 6.542515193939973415e+02 5.998138971970971625e+02 6.556197512014039148e+02 7.098837159468639584e+02 7.568307163138892975e+02 7.538527762213286678e+02 7.093045291687292320e+02 7.140333638556339793e+02 7.151913663972238737e+02 7.205507005033140331e+02 7.273787597146293820e+02 7.349486071648811958e+02 7.922316555364794795e+02 8.062575126643763497e+02 7.621609971117217128e+02 7.923840389793190297e+02 7.844871988103686817e+02 7.851042852925053239e+02 8.197147868506214081e+02 8.343175677176936915e+02 9.070634821285158296e+02
5.297467059804949940e+02 5.834009205578554429e+02 5.902458636734551192e+02 5.790987522134054188e+02 5.256903901873675977e+02 5.468498431163035320e+02 5.479905883522542354e+02 5.015893281316154457e+02 5.085746263917834540e+02 5.644942257278380566e+02 6.126358329091530095e+02 6.086628467542293492e+02 5.960969950597672096e+02 6.364280106529871546e+02 6.860824693646663945e+02 7.234642850698814982e+02 7.101475017848454172e+02 6.632622057027518849e+02 6.117205836641877568e+02 6.684305028820110692e+02 6.990620601715528437e+02 6.978071448118888611e+02 6.458917975885383385e+02 6.529018604748167718e+02 6.597406095729943445e+02 6.662288242340023317e+02 6.733608958034740226e+02 6.816170977914913465e+02 7.453373035837847738e+02 7.576270613073162394e+02 7.118552338185677399e+02 7.197674181147978061e+02 7.280319403652459869e+02 7.731761237941158242e+02 7.543178789977903307e+02 8.209949645624168397e+02 8.741315047329991330e+02
5.761488171908581535e+02 6.351017033707810242e+02 6.536469712760280117e+02 6.228510326877620855e+02 5.769399201342945389e+02 6.034338819229133151e+02 5.812107332998134552e+02 5.207930623111229806e+02 5.672046867993800561e+02 6.103032043346327100e+02 6.547231685744510514e+02 6.788935122614993816e+02 6.719800458996409134e+02 6.773422465004276773e+02 7.326610010919573597e+02 7.756861815711193913e+02 7.645163721127877352e+02 7.135730039928033648e+02 6.657277575257595572e+02 6.210977898730001243e+02 6.278614718362948679e+02 6.348470839742814178e+02 6.863027260751788390e+02 7.211840831420106497e+02 7.260562672484140876e+02 7.174267835882694726e+02 7.474903928776510611e+02 7.448501348615191091e+02 6.931722404619650888e+02 7.005129283952563810e+02 7.564559978546953971e+02 7.885069607949296824e+02 7.886767217190273414e+02 7.407728924810027138e+02 7.932998040726648696e+02 7.685831022907294710e+02 8.321212284682382005e+02
6.280278144072043460e+02 6.874092999608203627e+02 7.101634455002041477e+02 6.756041438401921368e+02 6.336085840485501421e+02 6.430544062127534062e+02 5.924262025648698682e+02 5.421410990131205381e+02 6.017873916108975436e+02 6.552744343011281671e+02 7.004458854055445727e+02 7.338702037500286224e+02 7.441239257665315563e+02 7.430016264818841591e+02 7.835745962122025503e+02 8.253555208312284321e+02 8.140176017972047475e+02 7.609283082263385722e+02 7.043264027949243200e+02 6.509473495457211811e+02 6.845456328356038966e+02 6.640928955045125122e+02 7.244319213884799638e+02 7.697055809155982615e+02 7.938394424598201340e+02 7.795882262566593681e+02 8.131107019938507392e+02 7.997096998173503835e+02 7.480712713961854661e+02 7.271486449096472597e+02 7.909589291580790587e+02 8.397432300845512145e+02 8.359472756050691942e+02 7.834272175278734949e+02 8.359348747328224363e+02 8.321681770813224830e+02 7.815054550269151150e+02
6.866287551677562533e+02 7.426914564827311551e+02 7.654272344522280491e+02 7.323082498210291078e+02 6.951332282284798794e+02 6.693767386232676699e+02 6.218607086803195898e+02 5.791706683970571703e+02 5.809432779738822319e+02 6.507905625317611111e+02 7.021759738078656028e+02 7.446276104865598882e+02 7.841050075656569334e+02 8.110192511211099600e+02 8.400911461788106180e+02 8.745772998050417755e+02 8.597382911454268424e+02 8.020652076853972403e+02 7.399252535060207947e+02 6.852246144542788215e+02 7.284248520403565408e+02 6.989901926289583116e+02 7.594794714834732758e+02 8.120498680737441646e+02 8.495057959018195106e+02 8.489230136609272677e+02 8.749124911921583134e+02 8.533592264545577564e+02 8.029721231942356781e+02 7.578750179565552116e+02 8.233423468998643102e+02 8.796864744317460918e+02 8.804133974552951258e+02 8.302280086081486843e+02 8.832214325161207853e+02 8.854116821420881251e+02 8.416803485924947381e+02
7.532144740931527167e+02 8.012112039523515250e+02 8.210724755398398429e+02 7.907432427363532952e+02 7.551402224706762354e+02 7.096310514453216456e+02 6.649086000831807723e+02 6.273260095464838741e+02 6.463039756766978599e+02 6.184813600195088839e+02 6.506759771902615057e+02 7.067743570421043842e+02 7.674328754656708043e+02 8.271501117147151945e+02 8.844211796966652628e+02 9.177419746550381205e+02 9.010215268262351174e+02 8.416867673684109832e+02 7.787403755876350715e+02 7.246945475255405427e+02 7.752954343410951878e+02 7.666627442638747425e+02 7.515207137665327082e+02 8.104345885157060820e+02 8.759126494530723903e+02 9.186616839334408269e+02 9.331613999554912198e+02 8.951239457056949504e+02 8.423774853285879090e+02 7.922882362684600821e+02 8.562607751407376782e+02 9.171224036479321740e+02 9.262260193314192520e+02 8.819836800084219703e+02 9.346371532050994801e+02 9.420964189907114132e+02 9.045556445932051020e+02
8.231342667963580197e+02 8.575890816455513459e+02 8.710291652019384401e+02 8.494313034174327868e+02 8.064965025543551747e+02 7.619979463263791786e+02 7.086279952695822431e+02 6.955572264753539002e+02 7.059840681269567995e+02 6.627313407478646923e+02 7.077919798329160130e+02 7.004607312110263138e+02 7.573506479298777094e+02 8.205358752040393711e+02 8.870072912161671184e+02 9.416029280744680818e+02 9.378226323941840974e+02 8.849120718546934086e+02 8.275595911129338447e+02 7.702206438607613563e+02 8.249580604300901996e+02 8.317914260041173975e+02 7.938017882237842286e+02 8.465758722026154146e+02 9.113596632766946186e+02 9.690464844935994506e+02 9.812527690546038457e+02 9.371327279500992518e+02 8.814064176704337115e+02 8.312839557552514407e+02 8.869971177540652434e+02 9.535302405359311706e+02 9.748597456475681611e+02 9.399597914164032773e+02 9.895182467346211297e+02 9.977891033581408919e+02 9.551193424905825395e+02
