output/test_direction/elevation_000003.asc
nrows	150
cellsize	66.6666666667
xllcorner	0
ncols	150
yllcorner	0
NODATA_value	-9999
[rows 119 to 135 of 150, columns 0 to 36 of 150]
1.202505561438210789e-03 5.437084224763604823e+01 1.160527661274792308e+02 1.825324747665785026e+02 2.478529693035583250e+02 2.983490758256033359e+02 3.290406961948970093e+02 3.391007951037237262e+02 3.495897374425558155e+02 3.479466863760446813e+02 3.089902772391986900e+02 2.593737601846469261e+02 2.016545797394796864e+02 1.512436286900979212e+02 2.027164696006896349e+02 2.022506408577602315e+02 1.704166684216811518e+02 2.047282388111905789e+02 2.847751507665152531e+02 3.503020972266472199e+02 4.047489355245470506e+02 4.411963035068710042e+02 4.339145186825139717e+02 4.283798106094043305e+02 3.694118882267558206e+02 3.031110488941763492e+02 2.574488130038878921e+02 2.336044184002097097e+02 2.974415811755023356e+02 3.463367804798676275e+02 3.884417418881039339e+02 4.382401504433628929e+02 4.912947381468425192e+02 5.147144227992994274e+02 4.797779340525037242e+02 4.124159389477179047e+02 3.452197525818586428e+02
1.627672979360466352e-03 4.960939957133842881e+01 1.071957303967625137e+02 1.722882220998297669e+02 2.395940906803582777e+02 2.919378185216754105e+02 2.970329461454320494e+02 2.774495854233091450e+02 2.841061689071519254e+02 2.922965286088024754e+02 2.581953818042186981e+02 2.168092923917778307e+02 1.654897970411056463e+02 1.137962978438901871e+02 1.504321467370311609e+02 1.328895591081968917e+02 2.059963027105136177e+02 2.584018568459330822e+02 3.017217868861764032e+02 3.607100222606030684e+02 4.005486914296625400e+02 4.011434097423509684e+02 3.688323997452166623e+02 3.853743120726568918e+02 3.404991822708609561e+02 2.680858031730462017e+02 2.059236890742271271e+02 2.413832060517497666e+02 2.924817488181765270e+02 3.508229208255858111e+02 4.055081176065384625e+02 4.571194508224888864e+02 4.985461994621762187e+02 4.959565074655613444e+02 4.417433630339195929e+02 3.786083662592852193e+02 3.120145223631975000e+02
1.394342643370361564e-03 5.305838285257382125e+01 1.133177065479747796e+02 1.787293814614164944e+02 2.392052273856204181e+02 2.622375378396945962e+02 2.420069036259185395e+02 2.011843279155185371e+02 2.145617942480816680e+02 2.312694740603531329e+02 1.961795725168867364e+02 1.895497059215119009e+02 1.319620979719294382e+02 8.201832426924586628e+01 9.119922633286947189e+01 1.568918797927325954e+02 2.222067862620181131e+02 2.649595903314692578e+02 2.982384321465016797e+02 3.291327388141496044e+02 3.619025374978081118e+02 3.486686197112622949e+02 3.025854425948610924e+02 3.414430721100872006e+02 3.407640535617387059e+02 2.980844382347826240e+02 2.421789601429212269e+02 1.776365721250056424e+02 2.500858084532063685e+02 3.138982523985226862e+02 3.709809826195219671e+02 4.258185971690858196e+02 4.756155034216242257e+02 4.692567071460383090e+02 4.097900509303824492e+02 3.428572586109159488e+02 2.816968645966688314e+02
1.207757698842658713e-03 5.836311057793261625e+01 1.207659171455694889e+02 1.790068902724949567e+02 2.177069567656488971e+02 2.181648328381926092e+02 1.758170021130842997e+02 1.308626293973606494e+02 1.525522656454012349e+02 1.736149501604253942e+02 1.359175866658550547e+02 1.501092241429939520e+02 1.199385386286872830e+02 5.603247959823906399e+01 1.168039042806883856e+02 1.704937635555388624e+02 2.095039609466956563e+02 2.117226261948682406e+02 2.396493382850783291e+02 2.801249972799631109e+02 3.067609746152736534e+02 2.927987931017471510e+02 2.416881556027018121e+02 2.928156349628450243e+02 3.095542602941076211e+02 2.878549365035780738e+02 2.326977512290397385e+02 1.583452270207967842e+02 2.181327849770439684e+02 2.756349510562199612e+02 3.301412439726934736e+02 3.915901157979636764e+02 4.472355659050903682e+02 4.407868235208019883e+02 3.790565077779445460e+02 3.133877505094863523e+02 2.542061386762609061e+02
1.493445343045865948e-03 6.123469625792944981e+01 1.149666498030171340e+02 1.369505012425532584e+02 1.708768130335984665e+02 1.695496088248287094e+02 1.218936940749392193e+02 6.924942559527777064e+01 1.174518383340235346e+02 1.248701864024599644e+02 7.965179264582909013e+01 9.231586240355004236e+01 8.784987425074606904e+01 3.720295046663439820e+01 9.106454532281091474e+01 1.337196787707754027e+02 1.648028947527556909e+02 1.480414498208382952e+02 1.866342566557060820e+02 2.353995243200848222e+02 2.412055052522632650e+02 2.367665856895350203e+02 1.868966080352958556e+02 2.410435500743520549e+02 2.524830985269061046e+02 2.506434342770362491e+02 2.029731564339483043e+02 1.419633510488253307e+02 1.922645380898735823e+02 2.420579272923276903e+02 2.927278150813497746e+02 3.602543020391914297e+02 4.227531248699789330e+02 4.151497594446148014e+02 3.484958800645737256e+02 2.810910849305679449e+02 2.294194415921517418e+02
1.329768362954529982e-03 5.174875568022924455e+01 7.236197064753751818e+01 7.163208382543555786e+01 1.150835897962317205e+02 1.177800388192867445e+02 7.530810037756846498e+01 2.025517514423978227e+01 7.670777317204644419e+01 8.082850940741305124e+01 2.908859951995274429e+01 3.126381807682142977e+01 3.375705732749099752e+01 8.028925659526630909e+01 4.105645976494139404e+01 9.752318609333670452e+01 1.063382785163380362e+02 9.371590791922967867e+01 1.438698165295684532e+02 1.813808347213602019e+02 1.754500525955177750e+02 1.808680836452828089e+02 1.384621911631213322e+02 1.910342641518525113e+02 1.903249435391315103e+02 1.997982548431903354e+02 1.651732259000800696e+02 1.273321283802626596e+02 1.666295577072524736e+02 2.163041633092992697e+02 2.852742813879598316e+02 3.579693081882342653e+02 4.117869216623118405e+02 3.983206454159046643e+02 3.428656325801437106e+02 2.777764088786639718e+02 2.057450864674332820e+02
1.349006224675820299e-03 1.907278702197115150e+00 4.086425946498446038e+00 6.611427873458088023e+00 6.549218921560104434e+01 6.913935411835747402e+01 1.643224656200442624e+01 6.241403174647037133e+01 2.368052934457256242e+01 2.584189873677161842e+01 7.327680932165193894e+01 1.027756051201921679e+02 1.095111075647129155e+02 1.297711357970083839e+02 9.656363576492744016e+01 4.432796261050231834e+01 4.646587740571696656e+01 4.883471336178061506e+01 1.062891562851339700e+02 1.173789584851014212e+02 1.122445173914459815e+02 1.178449137756954741e+02 9.633635788136248834e+01 1.451248217568816017e+02 1.283967530309792267e+02 1.426523813505751264e+02 1.058980460868877316e+02 1.761827406142747066e+02 2.286190083337532712e+02 2.770063163494605192e+02 3.292453457819750042e+02 3.777252009121404512e+02 3.987883735979476683e+02 3.708879831067735040e+02 3.063970978189672678e+02 2.395035349425924949e+02 1.827901494052676128e+02
1.443492979778641461e-03 5.167401371556800171e+01 7.088839720698713620e+01 6.560111260294226554e+01 1.017941130546686601e+01 1.252344619283483773e+01 6.955944404555575034e+01 1.091503255927956104e+02 9.554751364195207941e+01 5.752473106379873258e+01 1.088318353485387604e+02 1.546912163984120525e+02 1.821598361358386455e+02 1.850597239502959326e+02 1.392295957218202602e+02 8.506525132839300340e+01 1.118429173393447797e+02 1.038236696121694678e+02 5.188511750369730890e+01 5.402338059729007114e+01 5.615552522387896772e+01 5.831209699317319206e+01 6.053890607490129128e+01 1.049644942025256427e+02 6.749591282098697320e+01 8.030747167516950924e+01 1.426501614597979710e+02 1.981571985035443220e+02 2.517632510461845641e+02 3.004344805982600519e+02 3.462546562947441657e+02 3.727704954908619470e+02 3.613112942602854787e+02 3.268237698621445020e+02 2.953213486705383843e+02 2.303569702086514894e+02 1.628736116836809913e+02
7.429767699509842727e-04 6.229217157566185392e+01 1.129799130826526010e+02 1.139220429720121928e+02 7.701914121140390534e+01 5.775928633019737646e+01 1.113604184879319945e+02 1.578670457370851352e+02 1.499661367605628755e+02 9.548137545602033072e+01 1.520903579280031579e+02 1.972728449172279852e+02 2.387247347818967000e+02 2.337839857798515766e+02 1.836471277856234963e+02 1.318768231497797387e+02 1.615811496687499300e+02 1.360115545864801163e+02 7.091646425507656204e+01 1.142155639527418600e+02 1.227188548403496213e+02 1.243485215235121473e+02 1.169993875688842024e+02 6.413896525674334725e+01 1.084012042662561015e+02 7.106999128540175548e+01 1.300234685421474978e+02 1.699653164055874583e+02 2.168252342164051072e+02 2.656011007845597192e+02 3.183614379422822367e+02 3.327470580985764173e+02 3.005541722766838006e+02 2.636004535526672612e+02 2.653341316922248438e+02 2.165552112883813152e+02 1.441907888526599208e+02
1.125039322444204137e-03 6.685896532268407100e+01 1.317107046245880326e+02 1.605219745796026132e+02 1.494809525972972608e+02 1.140325883444454576e+02 1.583024146553107698e+02 2.049913087893957027e+02 1.993171442258023376e+02 1.494780822876426498e+02 1.574237402929367420e+02 2.261656766797459568e+02 2.814196228124806112e+02 2.793398475103808209e+02 2.307915651108936856e+02 1.841672544447449980e+02 2.014114078034485544e+02 1.559310264837467912e+02 9.133028487891787961e+01 1.498314341218423920e+02 1.872557095194748058e+02 1.894007291963072248e+02 1.542909860455281716e+02 1.006473808627723798e+02 1.481235445667281851e+02 1.330924324044592595e+02 7.528045782177552780e+01 1.266191099138921885e+02 1.650895427877643726e+02 2.271554331884095745e+02 2.758299783256106821e+02 2.833098763647553255e+02 2.443667584121918139e+02 2.003982710213024632e+02 2.214474066356733317e+02 1.849962984347914698e+02 1.241043627551583342e+02
1.452571986439055813e-03 6.533815703523899288e+01 1.343345445871685797e+02 1.861367071356920633e+02 2.053395339311878445e+02 1.923306450770779463e+02 2.032355232520117170e+02 2.538186234242535591e+02 2.528996262966647350e+02 2.088502612183741860e+02 2.047943594085032828e+02 2.639574302591094579e+02 3.212367675711017796e+02 3.249915999084756209e+02 2.804146858784357619e+02 2.396839626716496525e+02 2.333466528044996267e+02 1.817164910440921801e+02 1.133262956411372784e+02 1.799856784608714690e+02 2.343083605376362186e+02 2.398850217869298262e+02 1.954527110146814834e+02 1.413840392254580820e+02 1.900989293015409203e+02 1.814824146455230789e+02 1.351074540273785658e+02 7.944035521762644692e+01 1.419326929000154678e+02 1.836598077972966223e+02 2.225450593984115528e+02 2.262164734664861498e+02 1.931537576880929805e+02 1.441466918060390299e+02 1.675040074701261688e+02 1.569198789531661475e+02 1.056959794637747336e+02
1.655712493091531304e-03 4.887883021207513679e+01 1.081476798097264549e+02 1.777251973828788323e+02 2.405803537603185873e+02 2.621947765388517837e+02 2.687391055332115002e+02 3.052452883565217689e+02 3.090337088774819563e+02 2.762069018850341422e+02 2.622023020024852258e+02 3.126043463483708820e+02 3.656383488068730685e+02 3.717893236419897676e+02 3.294765790149726286e+02 2.927387150091993817e+02 2.470283314714348251e+02 1.756721499446920518e+02 1.362799752454588997e+02 2.126389008754739223e+02 2.701843618563497103e+02 2.820797103705765494e+02 2.387064758075960071e+02 1.871868459019651993e+02 2.351069078854513350e+02 2.307755564766671057e+02 1.812616777615190813e+02 1.331158703921446715e+02 8.368291084304074445e+01 1.426613755895890279e+02 1.554271331677164483e+02 1.581706046160358312e+02 1.514096729352427815e+02 9.728569847861815845e+01 9.959471979214218607e+01 1.021306463223062480e+02 1.491160443060650493e+02
1.266886019946283828e-03 6.545461437285037221e+01 1.385563773560077436e+02 2.063264514026771508e+02 2.617603087137521811e+02 3.019359843042475404e+02 3.234293333833282418e+02 3.472665976574126603e+02 3.578764704003488646e+02 3.487491238666154914e+02 3.312963167433563854e+02 3.691314206559005697e+02 4.145401741649963014e+02 4.169650817909821399e+02 3.665882628012830082e+02 3.009854030029077876e+02 2.431535950188111030e+02 2.019114031625263976e+02 1.602781084724975358e+02 2.275248464200852823e+02 2.977626984884540207e+02 3.226197939722211459e+02 2.866578732404383345e+02 2.395045710241161032e+02 2.829228054223689810e+02 2.776419391836290629e+02 2.287131197473312056e+02 1.774386300846143740e+02 1.430144158296089927e+02 8.680052757159447196e+01 8.901289606198501758e+01 9.128565388370668643e+01 9.383637265779925940e+01 1.444557425651651101e+02 1.656924651597703644e+02 1.648315692417997411e+02 2.004595907558731369e+02
1.595494540887095782e-03 6.337314758357983635e+01 1.344601681472474866e+02 2.019481331577706271e+02 2.379357063208016996e+02 2.788041071685656220e+02 3.076557875325854070e+02 3.362073663352470021e+02 3.640541118897510842e+02 3.888094991421630766e+02 4.008078397980841032e+02 4.269649253078145534e+02 4.635404016271309615e+02 4.576952069731948995e+02 4.003593801834596775e+02 3.344766761327527433e+02 2.777570330365547875e+02 2.294371459920192251e+02 1.872629668758712569e+02 2.617900713718619272e+02 3.260286618263672835e+02 3.644176515771230811e+02 3.460380395142727252e+02 2.988770956529388059e+02 3.326234939898081961e+02 3.215909836588068629e+02 2.720610723404043370e+02 2.266771437333738106e+02 1.636056212560973790e+02 9.905890615748181460e+01 1.460020110159562137e+02 1.549236614589513295e+02 1.530337561310778369e+02 1.475120821268932332e+02 2.033062251754193994e+02 2.283098898785389395e+02 2.609241931407158859e+02
1.215065333553402328e-03 6.805530724053231495e+01 1.348010330853576306e+02 1.809742242219639081e+02 1.807654324385743223e+02 2.215839079345271330e+02 2.411222977237980274e+02 2.777813131191110756e+02 3.179816929100989000e+02 3.695771644182514137e+02 4.107057711956142043e+02 4.665684511067624385e+02 5.034550792028064166e+02 4.932506089830222891e+02 4.337894244974552294e+02 3.676822315782630426e+02 3.095949667925266908e+02 2.616541425237933822e+02 2.165365600559734105e+02 2.666588628387481776e+02 3.342692945909296327e+02 3.968840671697433891e+02 3.992282719093498145e+02 3.632403713152085629e+02 3.780178193427167344e+02 3.539180354032870923e+02 3.033352688992200683e+02 2.386436849429315430e+02 1.724524092243001405e+02 1.120202955659538446e+02 1.769684166325276919e+02 2.142199581990842319e+02 2.192767751204944489e+02 2.162313987975333589e+02 2.058671330655297140e+02 2.686566295640603812e+02 3.114730941660000099e+02
9.941939063871153056e-04 6.850050203482697952e+01 1.065096273521771764e+02 1.363180616211499512e+02 1.185840495019383809e+02 1.471465442517112194e+02 1.789943947494686540e+02 2.156460298570129339e+02 2.664627669661760478e+02 3.227625218233994246e+02 3.886603703945347092e+02 4.587942955478608837e+02 5.197963144076331901e+02 5.231397246198888524e+02 4.678065049443186467e+02 4.037486185528362057e+02 3.484595431701934558e+02 2.962828877698867700e+02 2.510767609841576018e+02 3.071735470486124200e+02 3.711248168674815133e+02 4.335337717959416750e+02 4.492535167817780462e+02 4.211780961160894208e+02 3.984483683219642671e+02 3.506935508674371249e+02 2.961703461212446769e+02 2.422671225544447111e+02 1.821194756210487924e+02 1.247341709232971709e+02 1.833611488781896810e+02 2.450406479156249020e+02 2.838953252583664835e+02 2.877396521141295125e+02 2.601612379637381878e+02 2.734872713474882175e+02 3.365806964039826426e+02
1.599432815012904411e-03 5.278448717662603684e+01 5.216566141255548672e+01 7.927182198458692142e+01 1.473044901793778081e+02 1.855117348480430621e+02 2.222874612351265284e+02 2.684459698899522664e+02 2.754261547485405686e+02 3.239727638591262462e+02 3.839593088971612360e+02 4.577482674666058529e+02 5.327889685193862306e+02 5.529760452375331852e+02 5.067806096482996736e+02 4.504716255932606828e+02 3.909149834844722022e+02 3.399883374699161322e+02 2.922315650325859337e+02 3.532328339527471144e+02 4.136900731875106203e+02 4.710776551384071809e+02 4.857667271347831957e+02 4.480889961959873062e+02 3.851015452297285719e+02 3.130082787311995389e+02 2.482478726203450208e+02 1.927764701653891279e+02 1.607953805494964570e+02 1.380237673184823279e+02 2.119150667613464520e+02 2.793620653659563686e+02 3.306962645996211450e+02 3.480693776980990037e+02 3.220627788743190649e+02 3.254241115071463923e+02 3.753356545022296018e+02
