output/test_direction/elevation_000010.asc
nrows	150
cellsize	66.6666666667
xllcorner	0
ncols	150
yllcorner	0
NODATA_value	-9999
[rows 119 to 135 of 150, columns 74 to 110 of 150]
3.693607902147402342e+02 3.019814995548923662e+02 2.373086106383870799e+02 3.049414420088607471e+02 3.449540319372169392e+02 3.485684752402396498e+02 3.920755220759124882e+02 3.998940715947642843e+02 3.608712601750780209e+02 3.099153232231137736e+02 3.665349681137221296e+02 4.014289794849383384e+02 3.765326569063121838e+02 3.262379803250769896e+02 2.704167215697917186e+02 3.230708533934729871e+02 3.712986821849507919e+02 4.115082589549543854e+02 4.018902906614579820e+02 3.451035975346549662e+02 4.031723316231243643e+02 4.465326267378314924e+02 4.776985890568729474e+02 5.058780749448995380e+02 4.906600419583091934e+02 4.372035587750956438e+02 4.704201657237643417e+02 4.425321195178063363e+02 3.741213627357254836e+02 4.280420902647642833e+02 4.780465197399125827e+02 5.192034324140552144e+02 5.059097851267508190e+02 4.475664506050276259e+02 4.885218964288764596e+02 4.737683154215033028e+02 4.907534375456680209e+02
3.567833924960021932e+02 2.996991100882292471e+02 2.283663327002082042e+02 2.776581567577342753e+02 2.879522391080820967e+02 2.860049176408286371e+02 3.367480805821988952e+02 3.449874766876630474e+02 3.083823645307355150e+02 2.754805551518519451e+02 3.373472692870852256e+02 3.538300609342668395e+02 3.191231467591662181e+02 2.648089151739286535e+02 3.182079558723131072e+02 3.616326855095674659e+02 4.143104742283873065e+02 4.559921279086865979e+02 4.415265418367349071e+02 3.785409123594114362e+02 4.379417170614837573e+02 4.894478584522424285e+02 5.276032263360834804e+02 5.608550460254888321e+02 5.435152982333866021e+02 4.907477892609182959e+02 5.120961952016448322e+02 4.671540657981074673e+02 4.021133172645875220e+02 4.688929156736102186e+02 5.183754380270767115e+02 5.618454904376231980e+02 5.494755864593417982e+02 4.931217156907454182e+02 5.316563547122959790e+02 5.219325240480555976e+02 5.379154762250524300e+02
3.048530884174746234e+02 2.692087244485061888e+02 2.197843829993618670e+02 2.226857027120130113e+02 2.256317933525063495e+02 2.291051780653969558e+02 2.885453273655393218e+02 2.942829625648055867e+02 2.423686364927429793e+02 2.454949599629196655e+02 3.016270883763767188e+02 3.085664323676994059e+02 2.590519363015610566e+02 3.159215110858314688e+02 3.648721370666431767e+02 4.083094872956036170e+02 4.553320516885879670e+02 4.971741033813221975e+02 4.825285647841996592e+02 4.260249914306075425e+02 4.296969606295609765e+02 4.879119854052913752e+02 5.543247914337040356e+02 6.053361440345535129e+02 5.949717178536070605e+02 5.463603776856269860e+02 5.503283967053083643e+02 5.015310665805275789e+02 4.314114693083583347e+02 4.781492055126121272e+02 5.503541502952978135e+02 5.999090026694876769e+02 5.955810144873825038e+02 5.481263158685205781e+02 5.629412197388829782e+02 5.709756671356108200e+02 5.877870970628810028e+02
2.592531426965465471e+02 2.159517706296570339e+02 2.745519655041814531e+02 2.868707471841295842e+02 2.859712726393275943e+02 2.877363995643062253e+02 2.339774728901161893e+02 2.373898376477492604e+02 2.959319358610946438e+02 3.008325993921076815e+02 2.501331925643412717e+02 2.533837287273798324e+02 3.086748736340018127e+02 3.110797608667747909e+02 3.737305680128924905e+02 4.367290525088776576e+02 4.921780493936284415e+02 5.334666238931456519e+02 5.261454535180286030e+02 4.762169486261959719e+02 4.701064910476534351e+02 5.228466844999335308e+02 5.873945432863711176e+02 6.444158528926841427e+02 6.456497272664386173e+02 6.030073835778226794e+02 5.802568872172849979e+02 5.131927541027565667e+02 4.632647481127260676e+02 5.088716904240973236e+02 5.637533237592186879e+02 6.290552026200624596e+02 6.439346358045291936e+02 6.082580301607025604e+02 6.163485836957860329e+02 6.254989394885235470e+02 6.413672969328453064e+02
2.107716799962269647e+02 2.695853421417909317e+02 3.142878715162275398e+02 3.506199535672380989e+02 3.503488284555859309e+02 3.406253694084210224e+02 2.907346144179422254e+02 2.905166990645980718e+02 3.417393925443715830e+02 3.456263541636254786e+02 2.956958922064225703e+02 2.940743007717347268e+02 3.449729117396474862e+02 3.757770620490142619e+02 3.653575318101835592e+02 4.178620920215510068e+02 4.828615097887703769e+02 5.520302006961579764e+02 5.690639570928302646e+02 5.311484090034545034e+02 5.193401947058133601e+02 5.667996291891411147e+02 6.271704429820727000e+02 6.854463864986983026e+02 6.960006076861333213e+02 6.593959065461117461e+02 6.056469122930716367e+02 5.510967738495332924e+02 5.011191565048661118e+02 5.444211246560945483e+02 5.978815250226128910e+02 6.571504363576775631e+02 6.949898357614512179e+02 6.756067094066510208e+02 6.787243656865847470e+02 6.866368488334492213e+02 6.978896115496677339e+02
2.650209109746918443e+02 3.124237788916283307e+02 3.599369593751195566e+02 3.972662797728299893e+02 4.109106925227233091e+02 3.972597449154258697e+02 3.556568516199870942e+02 3.523150285089877229e+02 3.960545434493475909e+02 3.961329161695362586e+02 3.473283299927051644e+02 3.429480118465214105e+02 3.889156656559032967e+02 4.293989947384702646e+02 4.126132747610677143e+02 4.583480077670316746e+02 5.137886630115124262e+02 5.770085611955964850e+02 6.159985799628834684e+02 5.937531428004930376e+02 5.799342989386731233e+02 6.250877397700340907e+02 6.753876859508844746e+02 7.286970743156990693e+02 7.427048541519259288e+02 7.028514478519633712e+02 6.513799063653548274e+02 5.955943503961738088e+02 5.483076369920556772e+02 5.916469628511347310e+02 6.394940029721195742e+02 6.968205990819790259e+02 7.458978167858070947e+02 7.450470597582102528e+02 7.481363428885287021e+02 7.530875840191048383e+02 7.528157933106050450e+02
2.712255400650744264e+02 3.134968776582455803e+02 3.622653228526552311e+02 4.063609910533624543e+02 4.403256861306586529e+02 4.452807093732321846e+02 4.265356009981639431e+02 4.236079290102722439e+02 4.564321637696554035e+02 4.525817460008889839e+02 4.087791563641345078e+02 4.105553393722908595e+02 4.306967283646551437e+02 4.805669166101223482e+02 4.705764736028515927e+02 5.096826544226055375e+02 5.628061781489673194e+02 6.174990806441359155e+02 6.648522921974955580e+02 6.603744852143042863e+02 6.532454837267049470e+02 6.866871643753812577e+02 7.332545887265059719e+02 7.693850295988396510e+02 7.823161081766960478e+02 7.537086650702497082e+02 7.017773935394785667e+02 6.548037703546845023e+02 6.087302233109058989e+02 6.504136570814879406e+02 6.959141903671051068e+02 7.430915928516313897e+02 7.914710872123224590e+02 8.078025344263895704e+02 8.128813538306185364e+02 8.157509722671655936e+02 8.018835338344779302e+02
2.088124621356359683e+02 2.695918701223343419e+02 3.181916248653147932e+02 3.697851510003751514e+02 4.244762619325967421e+02 4.627200780975252314e+02 4.819333656231184477e+02 4.939239423343261706e+02 5.143836691292070782e+02 5.110734659487921476e+02 4.800612173500691711e+02 4.851199273888431094e+02 5.001307575143711119e+02 5.394298979793640001e+02 5.416102407444936944e+02 5.749450543294296949e+02 6.168171523979783615e+02 6.707760755368992704e+02 7.093534508382509784e+02 7.210200928687826263e+02 7.258954365584360175e+02 7.451027310238339396e+02 7.666551534209085048e+02 7.835215439952773977e+02 7.984858348233423158e+02 7.868605524030533616e+02 7.563039844055696221e+02 7.226685266938035284e+02 6.863715721500504969e+02 7.084144719992483488e+02 7.569048531959980437e+02 7.934109633329015878e+02 8.200136596707466197e+02 8.265503804217285051e+02 8.275225327473229981e+02 8.397528849794520056e+02 8.361450529391046302e+02
2.668023535598109675e+02 2.170752947658596952e+02 2.727808865057603498e+02 3.256645114661297953e+02 3.804187813072318818e+02 4.372333290179691971e+02 4.784497271583593943e+02 5.117663152742359216e+02 5.430190024488053950e+02 5.562476236904001325e+02 5.500076089372479373e+02 5.577792229039580434e+02 5.752658834445464890e+02 6.011318388199574656e+02 6.155763741736493557e+02 6.381001207290627235e+02 6.692637811795177640e+02 7.043387106893309237e+02 7.287829563501858274e+02 7.300933091488844866e+02 7.436330221080345382e+02 7.491886825149566675e+02 7.403019530067454070e+02 7.302591294410569844e+02 7.645048954077122971e+02 7.798537855303953847e+02 7.720163591268832306e+02 7.643313654359870952e+02 7.566817096044671871e+02 7.726170464063808367e+02 7.932112467734291386e+02 8.075428041275738451e+02 8.009793525513227905e+02 7.766196597902932126e+02 7.691581924739338092e+02 8.053281573688799426e+02 8.317357131663979999e+02
3.158312897005141622e+02 2.701976872835069230e+02 2.250003290591575080e+02 2.806584506053965811e+02 3.339350173067496144e+02 3.873878224701389286e+02 4.300849066865671944e+02 4.690609415446969024e+02 5.189722452092266849e+02 5.525159159927658266e+02 5.613821506977602667e+02 5.801811182163503418e+02 6.051451210847407083e+02 6.318696888029818410e+02 6.428499435252807643e+02 6.454998692815000823e+02 6.684065021025450051e+02 6.920163995019535150e+02 6.862132719312693325e+02 6.690994203082796048e+02 6.992330278181829044e+02 7.020255690880932207e+02 6.704259396679703968e+02 6.613450335487682423e+02 7.092866240501482480e+02 7.266494861597963109e+02 7.185610822941706601e+02 7.394098510605172123e+02 7.593504496739249134e+02 7.790547664282270262e+02 7.763912981848629897e+02 7.619314652404742674e+02 7.498313058863359402e+02 7.071460662730313516e+02 6.989968632866433609e+02 7.438500751063759253e+02 7.932803180917541113e+02
3.573510804240937091e+02 3.110638513150707922e+02 2.717494314163644162e+02 2.327182502717635657e+02 2.890768372366399035e+02 3.457832422645507791e+02 3.677896680703404968e+02 4.172791122645313635e+02 4.696451112814453950e+02 5.120922109205234847e+02 5.022476208051239155e+02 5.298734079779811736e+02 5.639285396066593421e+02 6.013350855579010386e+02 5.974793303211730517e+02 5.806002528978405053e+02 6.106366734674209056e+02 6.461642294745404342e+02 6.386497683033662724e+02 5.971893831445215710e+02 6.408789782019387076e+02 6.448398463841900821e+02 6.029596993861034662e+02 5.977825428794780009e+02 6.532617853906344862e+02 6.730548344394408105e+02 6.440607013683900277e+02 6.700102132694826196e+02 7.076413899674956838e+02 7.344652199894994737e+02 7.146433045855011414e+02 6.985513415980466334e+02 6.924540403416224308e+02 6.435062712544423675e+02 6.360766806522105981e+02 6.892635138961160237e+02 7.442706461767529618e+02
4.000711427133701932e+02 3.529700991137632400e+02 3.085987140513459508e+02 2.745231118160375559e+02 2.403500483687884071e+02 3.011739073446597672e+02 3.126185318170115579e+02 3.695078399990196658e+02 4.304159733577171210e+02 4.613443392267995478e+02 4.336045929099713589e+02 4.675780591133130315e+02 5.139202939299959780e+02 5.554506619431650734e+02 5.499688762995407387e+02 5.076901066163275118e+02 5.517041603448473097e+02 5.941195440827759739e+02 5.852751947075782937e+02 5.351434524788260205e+02 5.848318766755426168e+02 5.904774581186086380e+02 5.444456766928625484e+02 5.424120998493337993e+02 6.008577218544312473e+02 6.178686277717971507e+02 5.796852792354379744e+02 6.057165153814339646e+02 6.695459463295937894e+02 6.814089323514742773e+02 6.456086350144379367e+02 6.364183334147322739e+02 6.383471958500377923e+02 5.887748107402620690e+02 5.837242269959542682e+02 6.410208435968476124e+02 6.954899922592117036e+02
4.411126012042646494e+02 3.913618880837473739e+02 3.459878978689828273e+02 3.067786342225815588e+02 2.765835163952747280e+02 2.479114221261109208e+02 3.082605117683499998e+02 3.580163031390680430e+02 4.006090138298775400e+02 4.131852172411514061e+02 3.734333172306908750e+02 4.155612883040321321e+02 4.662643878491687701e+02 5.018266873947522413e+02 4.974047516149240096e+02 4.484678699385297023e+02 4.991334471869848244e+02 5.446558592714380893e+02 5.346549980606768031e+02 4.806048472766146915e+02 5.338302201211200781e+02 5.412122112594553300e+02 4.934883906321036307e+02 4.939171115863350110e+02 5.537322680516522269e+02 5.686260502576488989e+02 5.234266625548360707e+02 5.835151815404013860e+02 6.297900844747625797e+02 6.297834476073921905e+02 5.840809836245786073e+02 5.805412860379669837e+02 5.894260795944619531e+02 5.411017233623149423e+02 5.392698626755970963e+02 5.981614719639987925e+02 6.497756954177291391e+02
4.795620271110303179e+02 4.273835893904832801e+02 3.787863739505637568e+02 3.374800214395110061e+02 3.051814791774159517e+02 2.811051672299026336e+02 2.557577450044149145e+02 3.126540527815141104e+02 3.447928553476307911e+02 3.622407561833654199e+02 3.243573374195304382e+02 3.722868942398416152e+02 4.248032782086739303e+02 4.366175988557637311e+02 4.448909460884592590e+02 3.984033778232912937e+02 4.527605339647610094e+02 4.988029930361606716e+02 4.877342292744158385e+02 4.317228710943120973e+02 4.874580834737711825e+02 4.964479874935204293e+02 4.480687911053855714e+02 4.506169827507865762e+02 5.113685774923849294e+02 5.254916843698171078e+02 4.787072242136896989e+02 5.367387888190512513e+02 5.856075103739054839e+02 5.805460267164107790e+02 5.296676390950686937e+02 5.303444610981765663e+02 5.448118286057866726e+02 4.984719605417767525e+02 5.005493306700699350e+02 5.590070557709254899e+02 6.049430185980817214e+02
5.151602753418623024e+02 4.593441399440631585e+02 4.069988373622539939e+02 3.672808957180868674e+02 3.361424601788543214e+02 3.065244160698381393e+02 3.056499429303204920e+02 2.631092035358000203e+02 2.685162939243248843e+02 3.166518521572380678e+02 2.834908305144801375e+02 3.373808910855011050e+02 3.674570738679874466e+02 3.688216468779742740e+02 3.929023693089376934e+02 3.552214451915066888e+02 4.110336745747918599e+02 4.538303948209658643e+02 4.429639688338178871e+02 3.871370324039492061e+02 4.447498672737013976e+02 4.548740397773108270e+02 4.067197781662066518e+02 4.112457525528241149e+02 4.723423533972127188e+02 4.859162109113183874e+02 4.387871594601647303e+02 4.960606224141864118e+02 5.409792177611830084e+02 5.335372472662243126e+02 4.807017030199618830e+02 4.845093353218349534e+02 5.022375727824321530e+02 4.594599349680270279e+02 4.663251636162626141e+02 5.215010033717375109e+02 5.515719612200723532e+02
5.467897476881656758e+02 4.858299037447605997e+02 4.372614095839933839e+02 3.996897787961858626e+02 3.699707136897556552e+02 3.468037642127576987e+02 3.229776955686973565e+02 3.275490432134095045e+02 3.223021263073130172e+02 2.755231998942098812e+02 3.200739056355207026e+02 2.910418591043070933e+02 2.962115430844740445e+02 3.018917723859664761e+02 3.498506026596455172e+02 3.178680850102152249e+02 3.721788477288590684e+02 3.998850212856008284e+02 3.964764608767266054e+02 3.460796854254117534e+02 4.047232155881607127e+02 4.138603059736983596e+02 3.685277350864879509e+02 3.750155485703089084e+02 4.346219806889689039e+02 4.460451056134770624e+02 4.026988744499674340e+02 4.578760697186552306e+02 4.875889082932274050e+02 4.858581152090232536e+02 4.360598176633712910e+02 4.422440715695709628e+02 4.497513402650403123e+02 5.124445911618830678e+02 5.229292835566338908e+02 4.765237031420933818e+02 4.829809113912735938e+02
5.726962702327737134e+02 5.169122397314223463e+02 4.722824186277344438e+02 4.391437523311852260e+02 4.118898695695788206e+02 3.857548101510516858e+02 3.898859523882950953e+02 3.886671300572134555e+02 3.491528533437805777e+02 2.885403844601680703e+02 3.480904573289774930e+02 3.563196634651944805e+02 3.606199062361999950e+02 3.564690596101128790e+02 3.096322604069121667e+02 3.548620507212242501e+02 3.255547674860333132e+02 3.309759481985473712e+02 3.369696002599244480e+02 3.838824972755764406e+02 3.529153072968155698e+02 3.595732666403028475e+02 4.173370537290757625e+02 4.291943636863857137e+02 3.852206379331755102e+02 3.923381639561446264e+02 4.438929233843692828e+02 4.125873914737542236e+02 4.190327261377560717e+02 4.263027053514598492e+02 4.838563033534165925e+02 5.144354691742003070e+02 5.125840680537996832e+02 5.623406952933244156e+02 5.721047863335152215e+02 5.279304865517100325e+02 5.299550537422862817e+02
