output/field_example/discharge_000006.asc
nrows	150
cellsize	66.66666667
xllcorner	0
ncols	150
yllcorner	0
NODATA_value	-9999
[rows 51 to 67 of 150, columns 111 to 147 of 150]
1.408359458542122436e-04 1.408359458542122436e-04 1.408359458542122436e-04 1.408359458542122111e-03 1.549195404396334300e-03 1.408359458542122436e-04 1.408359458542122436e-04 5.633437834168489745e-04 1.408359458542122436e-04 1.408359458542122436e-04 1.225272728931644899e-02 1.408359458542122436e-04 1.408359458542122436e-04 1.408359458542122436e-04 2.816718917084244872e-04 4.929258104897431617e-03 4.225078375626367309e-04 2.816718917084244872e-04 1.408359458542122436e-04 1.408359458542122436e-04 7.041797292710611639e-04 1.408359458542122436e-04 2.816718917084244872e-04 1.112603972248275667e-02 2.816718917084244872e-04 1.408359458542122436e-04 2.816718917084244872e-04 1.690031350250546490e-03 1.408359458542122436e-04 4.225078375626367309e-04 1.408359458542122436e-04 1.971703241958971259e-02 2.816718917084244872e-04 2.816718917084244872e-04 4.225078375626367309e-04 5.633437834168489745e-04 4.225078375626367309e-04
1.408359458542122436e-04 1.408359458542122436e-04 2.816718917084244872e-04 1.690031350250546490e-03 1.830867296104758679e-03 1.408359458542122436e-04 1.408359458542122436e-04 8.450156751252733533e-04 1.408359458542122436e-04 2.816718917084244872e-04 1.295690701858750668e-02 2.816718917084244872e-04 1.408359458542122436e-04 1.408359458542122436e-04 2.816718917084244872e-04 5.774273780022706054e-03 4.225078375626367309e-04 2.816718917084244872e-04 1.408359458542122436e-04 1.408359458542122436e-04 9.858516209794855427e-04 1.408359458542122436e-04 2.816718917084244872e-04 5.717939401681044337e-02 4.591251834847338148e-02 4.534917456505652839e-02 4.492666672749388856e-02 4.422248699822282220e-02 4.210994781040962309e-02 4.140576808113855672e-02 4.027908051430485054e-02 1.985786836544392586e-02 3.520898646355307554e-03 3.098390808792670335e-03 2.535047025375820710e-03 1.830867296104758679e-03 1.126687566833697732e-03
2.816718917084244872e-04 2.816718917084244872e-04 1.408359458542122436e-04 2.112539187813183492e-03 2.112539187813183492e-03 1.408359458542122436e-04 1.408359458542122436e-04 1.267523512687909922e-03 1.408359458542122436e-04 1.408359458542122436e-04 1.352025080200435284e-02 2.816718917084244872e-04 1.408359458542122436e-04 1.408359458542122436e-04 5.633437834168489745e-04 6.760125401002192898e-03 4.225078375626367309e-04 1.408359458542122436e-04 2.816718917084244872e-04 1.408359458542122436e-04 1.267523512687909922e-03 1.408359458542122436e-04 5.788357374608150974e-02 1.408359458542122436e-04 1.408359458542122436e-04 1.408359458542122436e-04 2.816718917084244872e-04 2.816718917084244872e-04 4.225078375626367309e-04 5.633437834168489745e-04 4.225078375626367309e-04 1.408359458542122436e-04 1.605529782738016747e-02 1.971703241958971085e-03 1.549195404396334300e-03 1.408359458542122436e-04 1.408359458542122436e-04
4.225078375626367309e-04 4.225078375626367309e-04 1.408359458542122436e-04 2.394211079521608304e-03 2.394211079521608304e-03 1.408359458542122436e-04 1.408359458542122436e-04 1.690031350250546490e-03 1.408359458542122436e-04 1.408359458542122436e-04 1.380192269371277591e-02 1.408359458542122436e-04 2.816718917084244872e-04 1.408359458542122436e-04 7.605141076127467335e-03 1.408359458542122436e-04 1.408359458542122436e-04 2.816718917084244872e-04 4.225078375626367309e-04 1.408359458542122436e-04 6.436202725537522318e-02 6.281283185097895350e-02 4.365914321480581992e-03 3.661734592209519960e-03 3.098390808792670335e-03 1.408359458542122436e-04 1.408359458542122436e-04 1.408359458542122436e-04 2.816718917084244872e-04 4.225078375626367309e-04 2.816718917084244872e-04 1.408359458542122436e-04 1.394275863956698745e-02 2.816718917084244872e-04 2.816718917084244872e-04 1.267523512687909922e-03 4.225078375626367309e-04
5.633437834168489745e-04 5.633437834168489745e-04 1.408359458542122436e-04 2.675882971230033117e-03 2.675882971230033117e-03 1.408359458542122436e-04 1.408359458542122436e-04 1.971703241958971085e-03 1.408359458542122436e-04 1.422443053127541053e-02 1.408359458542122436e-04 1.408359458542122436e-04 1.408359458542122436e-04 1.443568445005644352e-01 1.437935007171476098e-01 1.359066877493120551e-01 1.353433439658952298e-01 1.347800001824784044e-01 6.562955076806308019e-02 6.506620698464625485e-02 2.816718917084244872e-04 2.816718917084244872e-04 1.408359458542122436e-04 4.225078375626367309e-04 4.225078375626367309e-04 2.816718917084245523e-03 2.816718917084244872e-04 1.408359458542122436e-04 1.408359458542122436e-04 2.816718917084244872e-04 1.408359458542122436e-04 1.408359458542122436e-04 1.337941485615014130e-02 1.408359458542122436e-04 1.408359458542122436e-04 1.408359458542122436e-04 7.041797292710611639e-04
7.041797292710611639e-04 7.041797292710611639e-04 1.408359458542122436e-04 2.957554862938457929e-03 2.957554862938457929e-03 1.408359458542122436e-04 1.408359458542122436e-04 1.761857682636150668e-01 1.739323931299477655e-01 1.735098852923851465e-01 1.587221109776934813e-01 1.582996031401308623e-01 1.460468758508149112e-01 4.225078375626367309e-04 1.408359458542122436e-04 2.816718917084244872e-04 2.816718917084244872e-04 1.408359458542122436e-04 6.858710563100141322e-02 1.408359458542122436e-04 1.408359458542122436e-04 1.408359458542122436e-04 1.408359458542122436e-04 2.816718917084244872e-04 2.816718917084244872e-04 4.225078375626367309e-04 1.971703241958971085e-03 2.816718917084244872e-04 1.408359458542122436e-04 1.408359458542122436e-04 2.816718917084244872e-04 5.633437834168489745e-04 1.295690701858750668e-02 1.408359458542122436e-04 1.408359458542122436e-04 1.408359458542122436e-04 1.408359458542122436e-04
2.008320587881011754e-01 1.997053712212675247e-01 1.984378477085796677e-01 1.975928320334544297e-01 1.942127693329534777e-01 1.909735425783067320e-01 1.774532917763029238e-01 2.816718917084244872e-04 1.408359458542122436e-04 4.225078375626367309e-04 1.408359458542122436e-04 1.197105539760802591e-02 5.633437834168489745e-04 4.225078375626367309e-04 2.816718917084244872e-04 1.408359458542122436e-04 1.408359458542122436e-04 2.816718917084244872e-04 6.830543373929300055e-02 1.408359458542122436e-04 1.408359458542122436e-04 1.408359458542122436e-04 1.408359458542122436e-04 1.408359458542122436e-04 1.408359458542122436e-04 2.816718917084244872e-04 4.225078375626367309e-04 1.126687566833697732e-03 2.816718917084244872e-04 1.408359458542122436e-04 1.408359458542122436e-04 2.816718917084244872e-04 2.816718917084244872e-04 1.154854756004539129e-02 1.549195404396334300e-03 1.126687566833697732e-03 7.041797292710611639e-04
2.816718917084244872e-04 4.225078375626367309e-04 5.633437834168489745e-04 2.816718917084244872e-04 1.408359458542122436e-04 1.323857891029592976e-02 4.225078375626367309e-04 2.816718917084244872e-04 1.408359458542122436e-04 2.816718917084244872e-04 1.408359458542122436e-04 1.183021945175381437e-02 5.633437834168489745e-04 4.225078375626367309e-04 2.816718917084244872e-04 1.408359458542122436e-04 1.408359458542122436e-04 2.816718917084244872e-04 4.225078375626367309e-04 6.703791022660514354e-02 2.112539187813183492e-03 7.041797292710611639e-04 4.225078375626367309e-04 2.816718917084244872e-04 1.408359458542122436e-04 1.408359458542122436e-04 2.816718917084244872e-04 4.225078375626367309e-04 2.816718917084244872e-04 1.408359458542122436e-04 1.408359458542122436e-04 1.408359458542122436e-04 1.408359458542122436e-04 9.717680263940641286e-03 1.408359458542122436e-04 1.408359458542122436e-04 1.408359458542122436e-04
1.408359458542122436e-04 2.816718917084244872e-04 4.225078375626367309e-04 1.408359458542122436e-04 2.816718917084244872e-04 1.309774296444171822e-02 1.408359458542122436e-04 2.816718917084244872e-04 1.408359458542122436e-04 1.408359458542122436e-04 2.816718917084244872e-04 1.098520377662854514e-02 2.816718917084244872e-04 4.225078375626367309e-04 2.816718917084244872e-04 1.408359458542122436e-04 1.408359458542122436e-04 2.816718917084244872e-04 1.408359458542122436e-04 6.464369914708363585e-02 1.408359458542122436e-04 1.126687566833697732e-03 8.450156751252733533e-04 5.633437834168489745e-04 2.816718917084244872e-04 1.408359458542122436e-04 1.408359458542122436e-04 1.408359458542122436e-04 1.408359458542122436e-04 1.408359458542122436e-04 1.408359458542122436e-04 4.225078375626367309e-04 8.450156751252733533e-04 8.450156751252737436e-03 1.408359458542122436e-04 1.408359458542122436e-04 1.408359458542122436e-04
1.408359458542122436e-04 1.408359458542122436e-04 2.816718917084244872e-04 1.408359458542122436e-04 2.816718917084244872e-04 1.253439918102487206e-02 7.041797292710611639e-04 1.408359458542122436e-04 1.408359458542122436e-04 1.408359458542122436e-04 2.816718917084244872e-04 1.028102404735748744e-02 1.408359458542122436e-04 1.408359458542122436e-04 2.816718917084244872e-04 1.408359458542122436e-04 1.408359458542122436e-04 1.408359458542122436e-04 2.816718917084244872e-04 6.422119130952101684e-02 2.816718917084244872e-04 1.408359458542122436e-04 1.408359458542122436e-04 1.408359458542122436e-04 1.408359458542122436e-04 1.408359458542122436e-04 1.408359458542122436e-04 1.408359458542122436e-04 1.408359458542122436e-04 1.408359458542122436e-04 1.408359458542122436e-04 2.816718917084244872e-04 2.816718917084244872e-04 4.225078375626367309e-04 7.464305130273254929e-03 1.830867296104758679e-03 1.126687566833697732e-03
4.225078375626367309e-04 1.408359458542122436e-04 1.408359458542122436e-04 1.408359458542122436e-04 1.408359458542122436e-04 1.140771161419117975e-02 4.225078375626367309e-04 4.225078375626367309e-04 1.408359458542122436e-04 1.408359458542122436e-04 2.816718917084244872e-04 9.295172426378006669e-03 4.225078375626367309e-04 2.816718917084244872e-04 1.408359458542122436e-04 1.408359458542122436e-04 1.408359458542122436e-04 2.816718917084244872e-04 4.225078375626367309e-04 6.351701158024998517e-02 4.225078375626367309e-04 2.816718917084244872e-04 1.408359458542122436e-04 1.408359458542122436e-04 2.816718917084244872e-04 2.816718917084244872e-04 2.816718917084244872e-04 2.816718917084244872e-04 2.816718917084244872e-04 1.408359458542122436e-04 1.408359458542122436e-04 1.408359458542122436e-04 2.816718917084244872e-04 2.816718917084244872e-04 4.647586213189006804e-03 4.225078375626367309e-04 4.225078375626367309e-04
2.816718917084244872e-04 1.408359458542122436e-04 1.408359458542122436e-04 4.225078375626367309e-04 8.450156751252733533e-04 1.070353188492012206e-02 1.408359458542122436e-04 2.816718917084244872e-04 1.408359458542122436e-04 1.408359458542122436e-04 2.816718917084244872e-04 7.041797292710611639e-04 7.886812967835891280e-03 4.225078375626367309e-04 2.816718917084244872e-04 1.408359458542122436e-04 1.408359458542122436e-04 4.225078375626367309e-04 8.450156751252733533e-04 6.253115995927054083e-02 1.408359458542122436e-04 1.408359458542122436e-04 2.816718917084244872e-04 1.408359458542122436e-04 7.041797292710611639e-04 4.225078375626367309e-04 4.225078375626367309e-04 4.225078375626367309e-04 2.816718917084244872e-04 1.408359458542122436e-04 1.408359458542122436e-04 1.408359458542122436e-04 1.408359458542122436e-04 2.816718917084244872e-04 4.084242429772157179e-03 1.408359458542122436e-04 2.816718917084244872e-04
1.408359458542122436e-04 1.408359458542122436e-04 1.408359458542122436e-04 2.816718917084244872e-04 1.408359458542122436e-04 9.576844318086429747e-03 2.816718917084244872e-04 1.408359458542122436e-04 1.408359458542122436e-04 1.408359458542122436e-04 2.816718917084244872e-04 2.816718917084244872e-04 6.478453509293768085e-03 8.450156751252733533e-04 4.225078375626367309e-04 1.408359458542122436e-04 1.408359458542122436e-04 2.816718917084244872e-04 4.225078375626367309e-04 2.816718917084244872e-04 6.070029266316577521e-02 7.323469184419042523e-03 6.478453509293768085e-03 5.915109725876918460e-03 4.788422159043219210e-03 3.943406483917944773e-03 3.098390808792670335e-03 2.253375133667395898e-03 1.549195404396334300e-03 5.633437834168489745e-04 2.816718917084244872e-04 1.408359458542122436e-04 1.408359458542122436e-04 2.816718917084244872e-04 3.380062700501095148e-03 2.816718917084244872e-04 1.408359458542122436e-04
4.225078375626367309e-04 1.408359458542122436e-04 1.408359458542122436e-04 2.816718917084244872e-04 5.633437834168489745e-04 8.590992697106948975e-03 4.225078375626367309e-04 2.816718917084244872e-04 1.408359458542122436e-04 1.408359458542122436e-04 1.408359458542122436e-04 2.816718917084244872e-04 5.633437834168493648e-03 4.225078375626367309e-04 2.816718917084244872e-04 1.408359458542122436e-04 1.408359458542122436e-04 2.816718917084244872e-04 1.408359458542122436e-04 1.408359458542122436e-04 5.323598753289247171e-02 2.816718917084244872e-04 2.816718917084244872e-04 2.816718917084244872e-04 2.816718917084244872e-04 2.816718917084244872e-04 2.816718917084244872e-04 2.816718917084244872e-04 2.816718917084244872e-04 7.041797292710611639e-04 4.225078375626367309e-04 1.408359458542122436e-04 1.408359458542122436e-04 2.816718917084244872e-04 7.041797292710611639e-04 2.253375133667395898e-03 8.450156751252733533e-04
9.858516209794855427e-04 1.408359458542122436e-04 1.408359458542122436e-04 1.408359458542122436e-04 1.408359458542122436e-04 2.394211079521608304e-03 5.351765942460068835e-03 8.450156751252733533e-04 4.225078375626367309e-04 1.408359458542122436e-04 1.408359458542122436e-04 2.816718917084244872e-04 4.788422159043219210e-03 4.225078375626367309e-04 2.816718917084244872e-04 1.408359458542122436e-04 1.408359458542122436e-04 1.408359458542122436e-04 2.816718917084244872e-04 8.450156751252733533e-04 5.267264374947561861e-02 1.408359458542122436e-04 1.408359458542122436e-04 1.408359458542122436e-04 1.408359458542122436e-04 1.408359458542122436e-04 1.408359458542122436e-04 1.408359458542122436e-04 1.408359458542122436e-04 1.408359458542122436e-04 1.408359458542122436e-04 1.408359458542122436e-04 1.408359458542122436e-04 1.408359458542122436e-04 4.225078375626367309e-04 8.450156751252733533e-04 4.225078375626367309e-04
7.041797292710611639e-04 1.408359458542122436e-04 1.408359458542122436e-04 4.225078375626367309e-04 2.112539187813183492e-03 1.408359458542122436e-04 3.943406483917944773e-03 4.225078375626367309e-04 2.816718917084244872e-04 1.408359458542122436e-04 1.408359458542122436e-04 2.816718917084244872e-04 4.084242429772157179e-03 2.816718917084244872e-04 2.816718917084244872e-04 1.408359458542122436e-04 1.408359458542122436e-04 2.816718917084244872e-04 4.225078375626367309e-04 1.408359458542122436e-04 5.154595618264191242e-02 1.408359458542122436e-04 1.408359458542122436e-04 1.408359458542122436e-04 1.408359458542122436e-04 1.408359458542122436e-04 1.408359458542122436e-04 1.408359458542122436e-04 1.408359458542122436e-04 1.408359458542122436e-04 1.408359458542122436e-04 1.408359458542122436e-04 1.408359458542122436e-04 1.408359458542122436e-04 1.408359458542122436e-04 4.225078375626367309e-04 2.816718917084244872e-04
4.225078375626367309e-04 1.408359458542122436e-04 1.408359458542122436e-04 2.816718917084244872e-04 1.267523512687909922e-03 1.408359458542122436e-04 3.239226754646882742e-03 4.225078375626367309e-04 2.816718917084244872e-04 1.408359458542122436e-04 1.408359458542122436e-04 2.816718917084244872e-04 3.380062700501095148e-03 2.816718917084244872e-04 1.408359458542122436e-04 1.408359458542122436e-04 1.408359458542122436e-04 2.816718917084244872e-04 4.225078375626367309e-04 5.633437834168489745e-04 1.267523512687908360e-02 3.844821321820007798e-02 2.816718917084244872e-04 9.858516209794855427e-04 7.041797292710611639e-04 4.225078375626367309e-04 1.408359458542122436e-04 4.225078375626367309e-04 2.816718917084244872e-04 2.816718917084244872e-04 2.816718917084244872e-04 2.816718917084244872e-04 1.408359458542122436e-04 1.408359458542122436e-04 1.408359458542122436e-04 1.408359458542122436e-04 1.408359458542122436e-04
