output/field_example/discharge_000004.asc
nrows	150
cellsize	66.66666667
xllcorner	0
ncols	150
yllcorner	0
NODATA_value	-9999
[rows 17 to 33 of 150, columns 37 to 73 of 150]
1.408359458542122436e-04 1.408359458542122436e-04 1.408359458542122436e-04 1.408359458542122436e-04 1.408359458542122436e-04 1.408359458542122436e-04 1.408359458542122436e-04 2.816718917084244872e-04 2.816718917084244872e-04 1.830867296104758679e-03 4.225078375626367309e-04 2.816718917084244872e-04 1.408359458542122436e-04 1.408359458542122436e-04 2.816718917084244872e-04 2.816718917084245523e-03 4.225078375626367309e-04 4.225078375626367309e-04 2.816718917084244872e-04 2.816718917084244872e-04 1.408359458542122436e-04 1.408359458542122436e-04 1.408359458542122436e-04 1.408359458542122436e-04 2.816718917084244872e-04 2.816718917084244872e-04 2.816718917084244872e-04 1.408359458542122436e-04 1.408359458542122436e-04 1.408359458542122436e-04 4.225078375626367309e-04 2.816718917084244872e-04 1.408359458542122436e-04 1.408359458542122436e-04 2.816718917084244872e-04 7.041797292710611639e-04 1.408359458542122436e-04
2.816718917084244872e-04 1.408359458542122436e-04 1.408359458542122436e-04 1.408359458542122436e-04 1.408359458542122436e-04 1.408359458542122436e-04 1.408359458542122436e-04 1.408359458542122436e-04 2.816718917084244872e-04 5.633437834168489745e-04 8.450156751252733533e-04 2.816718917084244872e-04 1.408359458542122436e-04 1.408359458542122436e-04 2.816718917084244872e-04 1.971703241958971085e-03 4.225078375626367309e-04 2.816718917084244872e-04 2.816718917084244872e-04 1.408359458542122436e-04 1.408359458542122436e-04 1.408359458542122436e-04 1.408359458542122436e-04 1.408359458542122436e-04 1.408359458542122436e-04 1.408359458542122436e-04 1.408359458542122436e-04 1.408359458542122436e-04 1.408359458542122436e-04 2.816718917084244872e-04 9.858516209794855427e-04 2.816718917084244872e-04 1.408359458542122436e-04 1.408359458542122436e-04 2.816718917084244872e-04 1.267523512687909922e-03 1.408359458542122436e-04
1.408359458542122436e-04 4.225078375626367309e-04 2.816718917084244872e-04 2.816718917084244872e-04 2.816718917084244872e-04 1.408359458542122436e-04 1.408359458542122436e-04 1.408359458542122436e-04 1.408359458542122436e-04 2.816718917084244872e-04 4.225078375626367309e-04 2.816718917084244872e-04 1.408359458542122436e-04 1.408359458542122436e-04 2.816718917084244872e-04 1.267523512687909922e-03 2.816718917084244872e-04 2.816718917084244872e-04 1.408359458542122436e-04 1.408359458542122436e-04 1.408359458542122436e-04 1.408359458542122436e-04 5.633437834168489745e-04 1.408359458542122436e-04 1.408359458542122436e-04 1.408359458542122436e-04 1.408359458542122436e-04 1.408359458542122436e-04 2.816718917084244872e-04 2.816718917084244872e-04 1.690031350250546490e-03 2.816718917084244872e-04 1.408359458542122436e-04 1.408359458542122436e-04 2.816718917084244872e-04 1.830867296104758679e-03 1.408359458542122436e-04
1.408359458542122436e-04 8.450156751252733533e-04 4.225078375626367309e-04 4.225078375626367309e-04 1.408359458542122436e-04 4.225078375626367309e-04 1.408359458542122436e-04 1.408359458542122436e-04 1.408359458542122436e-04 1.408359458542122436e-04 1.408359458542122436e-04 1.408359458542122436e-04 1.408359458542122436e-04 1.408359458542122436e-04 1.408359458542122436e-04 7.041797292710611639e-04 2.816718917084244872e-04 1.408359458542122436e-04 1.408359458542122436e-04 1.408359458542122436e-04 1.408359458542122436e-04 2.816718917084244872e-04 9.858516209794855427e-04 1.408359458542122436e-04 4.225078375626367309e-04 1.408359458542122436e-04 1.408359458542122436e-04 2.816718917084244872e-04 2.816718917084244872e-04 4.225078375626367309e-04 2.394211079521608304e-03 2.816718917084244872e-04 1.408359458542122436e-04 1.408359458542122436e-04 2.816718917084244872e-04 2.394211079521608304e-03 2.816718917084244872e-04
1.408359458542122436e-04 1.408359458542122111e-03 5.633437834168489745e-04 2.816718917084244872e-04 1.408359458542122436e-04 7.041797292710611639e-04 2.816718917084244872e-04 2.816718917084244872e-04 1.408359458542122436e-04 1.408359458542122436e-04 1.408359458542122436e-04 1.408359458542122436e-04 1.408359458542122436e-04 1.408359458542122436e-04 1.408359458542122436e-04 2.816718917084244872e-04 1.408359458542122436e-04 1.408359458542122436e-04 1.408359458542122436e-04 1.408359458542122436e-04 4.225078375626367309e-04 1.408359458542122436e-04 1.549195404396334300e-03 1.408359458542122436e-04 7.041797292710611639e-04 1.408359458542122436e-04 1.408359458542122436e-04 2.816718917084244872e-04 4.225078375626367309e-04 4.225078375626367309e-04 3.239226754646882742e-03 2.816718917084244872e-04 1.408359458542122436e-04 1.408359458542122436e-04 2.816718917084244872e-04 3.098390808792670335e-03 2.816718917084244872e-04
2.351960295765347098e-02 7.041797292710611639e-04 4.225078375626367309e-04 1.408359458542122436e-04 9.858516209794855427e-04 1.408359458542122436e-04 7.041797292710611639e-04 2.816718917084244872e-04 2.816718917084244872e-04 2.816718917084244872e-04 2.816718917084244872e-04 2.816718917084244872e-04 5.633437834168489745e-04 2.816718917084244872e-04 1.408359458542122436e-04 1.408359458542122436e-04 1.408359458542122436e-04 1.408359458542122436e-04 1.408359458542122436e-04 2.816718917084244872e-04 7.041797292710611639e-04 1.408359458542122436e-04 1.971703241958971085e-03 1.408359458542122436e-04 1.126687566833697732e-03 1.408359458542122436e-04 2.816718917084244872e-04 1.408359458542122436e-04 4.225078375626367309e-04 5.633437834168489745e-04 4.084242429772157179e-03 2.816718917084244872e-04 1.408359458542122436e-04 1.408359458542122436e-04 2.816718917084244872e-04 3.802570538063732367e-03 2.816718917084244872e-04
1.408359458542122436e-04 2.098455593227763205e-02 1.605529782738016747e-02 1.225272728931644899e-02 1.098520377662854514e-02 8.872664588815372053e-03 7.745977021981679742e-03 6.196781617585343273e-03 4.788422159043219210e-03 4.225078375626369585e-03 1.549195404396334300e-03 1.126687566833697732e-03 4.225078375626367309e-04 2.816718917084244872e-04 1.408359458542122436e-04 1.408359458542122436e-04 1.408359458542122436e-04 2.816718917084244872e-04 2.816718917084244872e-04 2.816718917084244872e-04 4.225078375626367309e-04 9.858516209794855427e-04 2.253375133667395898e-03 1.408359458542122111e-03 1.408359458542122436e-04 1.408359458542122436e-04 4.225078375626367309e-04 1.408359458542122436e-04 2.816718917084244872e-04 5.633437834168489745e-04 5.070094050751644023e-03 2.816718917084244872e-04 1.408359458542122436e-04 1.408359458542122436e-04 2.816718917084244872e-04 5.915109725876918460e-03 1.126687566833697732e-03
1.408359458542122436e-04 4.647586213189006804e-03 1.408359458542122436e-04 3.098390808792670335e-03 9.858516209794855427e-04 9.858516209794855427e-04 8.450156751252733533e-04 7.041797292710611639e-04 7.041797292710611639e-04 1.408359458542122436e-04 2.253375133667395898e-03 1.267523512687909922e-03 8.450156751252733533e-04 4.225078375626367309e-04 1.408359458542122436e-04 1.408359458542122436e-04 5.633437834168489745e-04 1.126687566833697732e-03 1.830867296104758679e-03 2.535047025375820710e-03 3.380062700501095148e-03 4.929258104897431617e-03 3.802570538063732367e-03 1.408359458542122436e-04 1.408359458542122436e-04 1.408359458542122436e-04 7.041797292710611639e-04 1.408359458542122436e-04 2.816718917084244872e-04 7.041797292710611639e-04 6.055945671731130867e-03 1.408359458542122436e-04 1.408359458542122436e-04 4.225078375626367309e-04 6.478453509293768085e-03 1.408359458542122436e-04 2.816718917084244872e-04
2.816718917084244872e-04 4.084242429772157179e-03 1.408359458542122436e-04 2.816718917084244872e-04 2.675882971230033117e-03 8.450156751252733533e-04 8.450156751252733533e-04 7.041797292710611639e-04 5.633437834168489745e-04 5.633437834168489745e-04 4.225078375626367309e-04 4.225078375626367309e-04 2.816718917084244872e-04 2.816718917084244872e-04 1.408359458542122436e-04 1.408359458542122436e-04 2.816718917084244872e-04 2.816718917084244872e-04 2.816718917084244872e-04 4.225078375626367309e-04 4.225078375626367309e-04 7.041797292710611639e-04 9.858516209794852825e-03 2.816718917084244872e-04 1.408359458542122436e-04 1.408359458542122436e-04 1.126687566833697732e-03 1.408359458542122436e-04 1.408359458542122436e-04 1.408359458542122436e-04 7.182633238564830117e-03 1.408359458542122436e-04 1.408359458542122436e-04 8.168484859544314358e-03 7.041797292710611639e-04 4.225078375626367309e-04 1.408359458542122436e-04
2.816718917084244872e-04 3.380062700501095148e-03 2.816718917084244872e-04 1.408359458542122436e-04 4.225078375626367309e-04 2.112539187813183492e-03 7.041797292710611639e-04 7.041797292710611639e-04 5.633437834168489745e-04 4.225078375626367309e-04 4.225078375626367309e-04 2.816718917084244872e-04 2.816718917084244872e-04 1.408359458542122436e-04 1.408359458542122436e-04 1.408359458542122436e-04 1.408359458542122436e-04 1.408359458542122436e-04 2.816718917084244872e-04 2.816718917084244872e-04 1.408359458542122436e-04 1.408359458542122436e-04 1.408359458542122436e-04 1.056269593906591052e-02 1.408359458542122436e-04 1.408359458542122436e-04 1.549195404396334300e-03 1.408359458542122436e-04 1.408359458542122436e-04 2.816718917084244872e-04 7.745977021981679742e-03 1.408359458542122436e-04 9.013500534669583591e-03 1.408359458542122436e-04 2.816718917084244872e-04 1.408359458542122436e-04 1.408359458542122436e-04
2.816718917084244872e-04 2.535047025375820710e-03 4.225078375626367309e-04 1.408359458542122436e-04 2.816718917084244872e-04 5.633437834168489745e-04 1.408359458542122111e-03 5.633437834168489745e-04 5.633437834168489745e-04 4.225078375626367309e-04 2.816718917084244872e-04 2.816718917084244872e-04 1.408359458542122436e-04 1.408359458542122436e-04 1.408359458542122436e-04 1.408359458542122436e-04 1.408359458542122436e-04 1.408359458542122436e-04 1.408359458542122436e-04 1.408359458542122436e-04 4.225078375626367309e-04 7.041797292710611639e-04 1.126687566833697732e-03 1.549195404396334300e-03 1.281607107273329514e-02 1.408359458542122436e-04 1.971703241958971085e-03 1.408359458542122436e-04 2.816718917084244872e-04 1.408359458542122436e-04 1.408359458542122436e-04 1.746365728592230021e-02 2.816718917084244872e-04 4.225078375626367309e-04 1.408359458542122436e-04 1.408359458542122436e-04 1.408359458542122436e-04
2.816718917084244872e-04 1.690031350250546490e-03 4.225078375626367309e-04 2.816718917084244872e-04 1.408359458542122436e-04 4.225078375626367309e-04 4.225078375626367309e-04 8.450156751252733533e-04 4.225078375626367309e-04 4.225078375626367309e-04 2.816718917084244872e-04 1.408359458542122436e-04 1.408359458542122436e-04 1.408359458542122436e-04 1.408359458542122436e-04 2.816718917084244872e-04 4.225078375626367309e-04 1.408359458542122436e-04 1.408359458542122436e-04 1.408359458542122436e-04 1.408359458542122436e-04 2.816718917084244872e-04 2.816718917084244872e-04 4.225078375626367309e-04 4.225078375626367309e-04 1.422443053127541053e-02 1.647780566494280730e-02 1.408359458542122436e-04 4.225078375626367309e-04 1.408359458542122436e-04 1.816783701519336658e-02 1.408359458542122436e-04 1.408359458542122436e-04 1.408359458542122436e-04 1.408359458542122436e-04 1.408359458542122436e-04 1.408359458542122436e-04
2.816718917084244872e-04 9.858516209794855427e-04 2.816718917084244872e-04 2.816718917084244872e-04 1.408359458542122436e-04 2.816718917084244872e-04 2.816718917084244872e-04 4.225078375626367309e-04 2.816718917084244872e-04 2.816718917084244872e-04 2.816718917084244872e-04 1.408359458542122436e-04 1.408359458542122436e-04 1.408359458542122436e-04 2.816718917084244872e-04 2.816718917084244872e-04 8.450156751252733533e-04 2.816718917084244872e-04 2.816718917084244872e-04 1.408359458542122436e-04 1.408359458542122436e-04 1.408359458542122436e-04 2.816718917084244872e-04 2.816718917084244872e-04 2.816718917084244872e-04 4.225078375626367309e-04 4.225078375626367309e-04 1.760449323177651348e-02 1.816783701519336658e-02 1.859034485275600640e-02 1.408359458542122436e-04 1.408359458542122436e-04 1.408359458542122436e-04 1.408359458542122436e-04 1.408359458542122436e-04 2.816718917084244872e-04 1.408359458542122436e-04
2.816718917084244872e-04 4.225078375626367309e-04 1.408359458542122436e-04 1.408359458542122436e-04 1.408359458542122436e-04 1.408359458542122436e-04 1.408359458542122436e-04 1.408359458542122436e-04 1.408359458542122436e-04 1.408359458542122436e-04 1.408359458542122436e-04 1.408359458542122436e-04 1.408359458542122436e-04 5.633437834168489745e-04 9.858516209794855427e-04 1.549195404396334300e-03 2.112539187813183492e-03 3.380062700501095148e-03 5.633437834168489745e-04 1.408359458542122436e-04 1.408359458542122436e-04 1.408359458542122436e-04 1.408359458542122436e-04 1.408359458542122436e-04 2.816718917084244872e-04 2.816718917084244872e-04 2.816718917084244872e-04 1.408359458542122436e-04 1.408359458542122436e-04 3.718068970551215852e-02 1.408359458542122436e-04 2.816718917084244872e-04 2.816718917084244872e-04 2.816718917084244872e-04 1.408359458542122436e-04 4.225078375626367309e-04 2.816718917084244872e-04
1.408359458542122436e-04 1.408359458542122436e-04 1.408359458542122436e-04 1.408359458542122436e-04 1.408359458542122436e-04 1.408359458542122436e-04 1.408359458542122436e-04 1.408359458542122436e-04 1.408359458542122436e-04 1.408359458542122436e-04 1.408359458542122436e-04 1.408359458542122436e-04 1.408359458542122436e-04 1.408359458542122436e-04 1.408359458542122436e-04 1.408359458542122436e-04 1.408359458542122436e-04 2.816718917084244872e-04 4.365914321480581992e-03 4.225078375626367309e-04 1.408359458542122436e-04 1.408359458542122436e-04 1.408359458542122436e-04 1.408359458542122436e-04 1.408359458542122436e-04 1.408359458542122436e-04 1.408359458542122436e-04 4.225078375626367309e-04 7.041797292710611639e-04 3.830737727234586470e-02 4.225078375626367309e-04 4.225078375626367309e-04 4.225078375626367309e-04 2.816718917084244872e-04 1.408359458542122436e-04 1.408359458542122436e-04 3.380062700501095148e-03
1.408359458542122436e-04 1.408359458542122436e-04 2.816718917084244872e-04 2.816718917084244872e-04 2.816718917084244872e-04 4.225078375626367309e-04 2.816718917084244872e-04 2.816718917084244872e-04 2.816718917084244872e-04 2.816718917084244872e-04 2.816718917084244872e-04 1.408359458542122436e-04 1.408359458542122436e-04 1.408359458542122436e-04 1.408359458542122436e-04 1.408359458542122436e-04 1.408359458542122436e-04 1.408359458542122436e-04 2.816718917084244872e-04 5.070094050751644023e-03 2.816718917084244872e-04 1.408359458542122436e-04 2.816718917084244872e-04 1.408359458542122436e-04 1.408359458542122436e-04 1.408359458542122436e-04 1.408359458542122436e-04 1.408359458542122436e-04 2.816718917084244872e-04 2.816718917084244872e-04 3.971573673088799744e-02 5.633437834168489745e-04 4.225078375626367309e-04 2.816718917084244872e-04 1.408359458542122436e-04 1.408359458542122436e-04 4.788422159043219210e-03
1.408359458542122436e-04 2.816718917084244872e-04 5.633437834168489745e-04 4.225078375626367309e-04 4.225078375626367309e-04 8.450156751252733533e-04 4.225078375626367309e-04 4.225078375626367309e-04 4.225078375626367309e-04 4.225078375626367309e-04 2.816718917084244872e-04 1.408359458542122436e-04 1.408359458542122436e-04 2.816718917084244872e-04 2.816718917084244872e-04 2.816718917084244872e-04 2.816718917084244872e-04 2.816718917084244872e-04 1.408359458542122436e-04 9.858516209794852825e-03 2.816718917084244872e-04 1.408359458542122436e-04 4.225078375626367309e-04 1.408359458542122436e-04 5.633437834168489745e-04 1.408359458542122436e-04 1.408359458542122436e-04 1.408359458542122436e-04 1.408359458542122436e-04 1.408359458542122436e-04 1.408359458542122436e-04 4.112409618943013018e-02 1.408359458542122436e-04 5.633437834168489745e-04 1.408359458542122436e-04 5.351765942460068835e-03 2.816718917084244872e-04
