output/field_example/discharge_000000.asc
nrows	150
cellsize	66.66666667
xllcorner	0
ncols	150
yllcorner	0
NODATA_value	-9999
[rows 85 to 101 of 150, columns 111 to 147 of 150]
4.416615261988317553e-01 4.413798543071232872e-01 1.408359458542122436e-04 1.408359458542122436e-04 1.408359458542122436e-04 1.408359458542122436e-04 2.816718917084244872e-04 1.408359458542122436e-04 1.408359458542122436e-04 1.408359458542122436e-04 1.408359458542122436e-04 1.408359458542122436e-04 1.408359458542122436e-04 1.408359458542122436e-04 9.154336480523795130e-03 1.408359458542122436e-04 1.408359458542122436e-04 1.408359458542122436e-04 4.225078375626367309e-04 1.408359458542122436e-04 1.408359458542122436e-04 1.408359458542122436e-04 1.408359458542122436e-04 8.450156751252733533e-04 1.408359458542122436e-04 1.408359458542122436e-04 2.816718917084244872e-04 1.408359458542122436e-04 1.408359458542122436e-04 3.027972835865570811e-02 3.070223619621834793e-02 1.126687566833697732e-03 2.112539187813183492e-03 4.408165105236860892e-02 1.408359458542122436e-04 9.858516209794855427e-04 7.041797292710611639e-04
1.408359458542122436e-04 1.408359458542122436e-04 8.450156751252733533e-04 1.408359458542122436e-04 1.408359458542122436e-04 1.408359458542122436e-04 2.816718917084244872e-04 5.633437834168489745e-04 8.450156751252733533e-04 2.816718917084244872e-04 1.408359458542122436e-04 4.225078375626367309e-04 2.816718917084244872e-04 1.408359458542122436e-04 8.872664588815372053e-03 1.408359458542122436e-04 4.225078375626367309e-04 1.408359458542122436e-04 1.408359458542122436e-04 1.408359458542122436e-04 7.041797292710611639e-04 1.126687566833697732e-03 2.253375133667395898e-03 1.408359458542122436e-04 1.408359458542122436e-04 1.408359458542122436e-04 4.225078375626367309e-04 8.450156751252733533e-04 1.267523512687909922e-03 1.408359458542122436e-04 1.408359458542122436e-04 3.196975970890626739e-02 2.253375133667395898e-03 4.577168240261916821e-02 1.549195404396334300e-03 9.858516209794855427e-04 1.408359458542122436e-04
1.408359458542122111e-03 1.126687566833697732e-03 1.408359458542122436e-04 4.225078375626367309e-04 1.408359458542122436e-04 1.408359458542122436e-04 1.408359458542122436e-04 9.858516209794855427e-04 1.267523512687909922e-03 2.535047025375820710e-03 1.408359458542122436e-04 1.408359458542122436e-04 6.900961346856405304e-03 7.182633238564830117e-03 1.408359458542122436e-04 1.126687566833697732e-03 1.408359458542122436e-04 1.408359458542122436e-04 1.408359458542122436e-04 1.408359458542122436e-04 1.408359458542122436e-04 1.408359458542122436e-04 1.408359458542122436e-04 2.816718917084245523e-03 1.408359458542122436e-04 1.408359458542122436e-04 1.408359458542122436e-04 1.408359458542122436e-04 1.408359458542122436e-04 1.549195404396334300e-03 1.830867296104758679e-03 3.211059565476048067e-02 4.830672942799500713e-02 1.408359458542122436e-04 1.408359458542122436e-04 1.408359458542122436e-04 8.450156751252733533e-04
1.408359458542122436e-04 1.408359458542122436e-04 1.408359458542122436e-04 1.408359458542122436e-04 1.408359458542122436e-04 2.816718917084244872e-04 5.633437834168489745e-04 1.408359458542122436e-04 1.408359458542122436e-04 1.408359458542122436e-04 3.098390808792670335e-03 5.774273780022706054e-03 1.408359458542122436e-04 1.408359458542122436e-04 1.408359458542122436e-04 4.225078375626367309e-04 1.408359458542122436e-04 2.816718917084244872e-04 5.633437834168489745e-04 1.408359458542122436e-04 1.408359458542122111e-03 1.408359458542122436e-04 1.408359458542122436e-04 1.408359458542122436e-04 2.957554862938457929e-03 2.816718917084244872e-04 5.633437834168489745e-04 8.450156751252733533e-04 1.267523512687909922e-03 1.408359458542122436e-04 1.408359458542122436e-04 3.408229889671946650e-02 4.999676077824556641e-02 1.549195404396334300e-03 1.267523512687909922e-03 9.858516209794855427e-04 1.408359458542122436e-04
8.450156751252733533e-04 5.633437834168489745e-04 2.816718917084244872e-04 2.816718917084244872e-04 1.408359458542122436e-04 1.408359458542122436e-04 1.408359458542122436e-04 1.408359458542122436e-04 1.408359458542122436e-04 1.408359458542122436e-04 1.408359458542122436e-04 1.971703241958971085e-03 5.633437834168489745e-04 1.408359458542122436e-04 1.408359458542122436e-04 1.408359458542122436e-04 1.408359458542122436e-04 1.408359458542122436e-04 2.816718917084244872e-04 1.126687566833697732e-03 1.408359458542122436e-04 1.690031350250546490e-03 1.408359458542122436e-04 4.225078375626367309e-04 7.041797292710611639e-04 3.802570538063732367e-03 1.408359458542122436e-04 1.408359458542122436e-04 1.549195404396334300e-03 2.816718917084244872e-04 2.816718917084244872e-04 3.422313484257367977e-02 5.027843266995399296e-02 1.408359458542122436e-04 1.408359458542122436e-04 1.408359458542122436e-04 8.450156751252733533e-04
1.408359458542122436e-04 1.408359458542122436e-04 2.394211079521608304e-03 1.971703241958971085e-03 1.690031350250546490e-03 1.408359458542122111e-03 1.267523512687909922e-03 9.858516209794855427e-04 4.225078375626367309e-04 1.408359458542122436e-04 1.408359458542122436e-04 1.690031350250546490e-03 2.816718917084244872e-04 1.408359458542122436e-04 1.408359458542122436e-04 7.041797292710611639e-04 1.408359458542122436e-04 1.408359458542122436e-04 1.408359458542122436e-04 1.408359458542122436e-04 1.408359458542122436e-04 2.112539187813183492e-03 1.408359458542122436e-04 1.408359458542122436e-04 1.408359458542122436e-04 1.408359458542122436e-04 3.943406483917944773e-03 2.816718917084244872e-04 1.690031350250546490e-03 1.408359458542122436e-04 7.041797292710611639e-04 8.590992697106879239e-02 1.267523512687909922e-03 9.858516209794855427e-04 7.041797292710611639e-04 4.225078375626367309e-04 1.408359458542122436e-04
2.816718917084244872e-04 2.535047025375820710e-03 1.408359458542122436e-04 1.408359458542122436e-04 1.408359458542122436e-04 1.408359458542122436e-04 1.408359458542122436e-04 1.408359458542122436e-04 1.408359458542122436e-04 1.408359458542122436e-04 1.267523512687909922e-03 1.408359458542122436e-04 1.408359458542122436e-04 1.408359458542122436e-04 1.830867296104758679e-03 1.408359458542122436e-04 1.408359458542122436e-04 7.041797292710611639e-04 1.408359458542122436e-04 1.408359458542122436e-04 1.408359458542122436e-04 1.408359458542122436e-04 2.253375133667395898e-03 2.816718917084244872e-04 5.633437834168489745e-04 8.450156751252733533e-04 5.070094050751644023e-03 5.492601888314281242e-03 1.830867296104758679e-03 2.816718917084244872e-04 9.407841183061275980e-02 7.323469184419042523e-03 1.408359458542122436e-04 1.408359458542122436e-04 1.408359458542122436e-04 1.408359458542122436e-04 1.408359458542122436e-04
1.408359458542122436e-04 3.380062700501095148e-03 5.633437834168489745e-04 2.816718917084244872e-04 2.816718917084244872e-04 1.408359458542122436e-04 1.408359458542122436e-04 1.408359458542122436e-04 1.408359458542122436e-04 2.816718917084244872e-04 4.225078375626367309e-04 2.816718917084244872e-04 1.408359458542122436e-04 5.633437834168489745e-04 1.408359458542122436e-04 2.253375133667395898e-03 1.408359458542122436e-04 9.858516209794855427e-04 1.408359458542122436e-04 5.633437834168489745e-04 1.408359458542122436e-04 1.408359458542122436e-04 4.225078375626367309e-04 2.816718917084245523e-03 1.408359458542122436e-04 1.408359458542122436e-04 1.408359458542122436e-04 1.408359458542122436e-04 7.464305130273254929e-03 9.478259155988379148e-02 2.816718917084244872e-04 1.408359458542122436e-04 7.041797292710617710e-03 6.055945671731130867e-03 5.774273780022706054e-03 5.492601888314281242e-03 5.351765942460068835e-03
3.802570538063732367e-03 1.408359458542122436e-04 1.408359458542122436e-04 1.408359458542122436e-04 9.858516209794855427e-04 4.225078375626367309e-04 1.408359458542122436e-04 7.041797292710611639e-04 1.408359458542122436e-04 1.408359458542122436e-04 2.816718917084244872e-04 1.408359458542122436e-04 1.408359458542122436e-04 2.816718917084244872e-04 1.408359458542122436e-04 2.535047025375820710e-03 1.408359458542122436e-04 1.408359458542122436e-04 1.971703241958971085e-03 1.408359458542122436e-04 1.408359458542122436e-04 1.408359458542122436e-04 1.408359458542122436e-04 1.408359458542122436e-04 2.957554862938457929e-03 4.225078375626367309e-04 2.816718917084244872e-04 2.816718917084244872e-04 1.030919123652819652e-01 7.041797292710611639e-04 5.633437834168489745e-04 2.816718917084244872e-04 2.816718917084244872e-04 5.633437834168489745e-04 1.408359458542122436e-04 1.408359458542122436e-04 1.408359458542122436e-04
2.816718917084244872e-04 1.408359458542122436e-04 1.549195404396334300e-03 1.126687566833697732e-03 1.408359458542122436e-04 1.408359458542122436e-04 9.858516209794855427e-04 1.408359458542122436e-04 1.408359458542122436e-04 1.408359458542122436e-04 1.408359458542122436e-04 1.408359458542122436e-04 1.408359458542122436e-04 2.816718917084244872e-04 1.408359458542122436e-04 1.408359458542122436e-04 2.957554862938457929e-03 1.408359458542122436e-04 3.661734592209519960e-03 5.915109725876918460e-03 1.408359458542122436e-04 2.816718917084244872e-04 2.816718917084244872e-04 5.633437834168489745e-04 3.802570538063732367e-03 5.633437834168489745e-04 1.408359458542122436e-04 1.056269593906576792e-01 1.830867296104758679e-03 1.690031350250546490e-03 1.408359458542122436e-04 1.408359458542122436e-04 1.408359458542122436e-04 1.408359458542122436e-04 4.225078375626367309e-04 2.816718917084244872e-04 1.408359458542122436e-04
6.265791231054410604e-01 1.408359458542122436e-04 2.253375133667395898e-03 5.633437834168489745e-04 2.816718917084244872e-04 1.126687566833697732e-03 1.408359458542122436e-04 1.408359458542122436e-04 5.633437834168489745e-04 4.225078375626367309e-04 1.408359458542122436e-04 1.408359458542122436e-04 9.858516209794855427e-04 1.408359458542122436e-04 1.408359458542122436e-04 1.408359458542122436e-04 1.408359458542122436e-04 3.380062700501095148e-03 1.408359458542122436e-04 1.408359458542122436e-04 6.055945671731130867e-03 2.816718917084244872e-04 4.225078375626367309e-04 1.408359458542122436e-04 3.943406483917944773e-03 7.041797292710611639e-04 1.087253501994502186e-01 4.225078375626367309e-04 2.816718917084244872e-04 1.408359458542122436e-04 1.408359458542122111e-03 9.858516209794855427e-04 7.041797292710611639e-04 4.225078375626367309e-04 1.408359458542122436e-04 1.408359458542122436e-04 1.408359458542122436e-04
5.633437834168489745e-04 6.257341074303156558e-01 1.830867296104758679e-03 1.690031350250546490e-03 1.549195404396334300e-03 2.816718917084244872e-04 2.816718917084244872e-04 7.041797292710611639e-04 1.408359458542122436e-04 1.408359458542122436e-04 1.408359458542122436e-04 1.408359458542122436e-04 2.253375133667395898e-03 1.408359458542122436e-04 7.041797292710611639e-04 1.408359458542122436e-04 1.408359458542122436e-04 1.408359458542122436e-04 1.408359458542122436e-04 2.816718917084244872e-04 5.633437834168489745e-04 7.041797292710617710e-03 1.408359458542122436e-04 8.450156751252733533e-04 4.084242429772157179e-03 1.097112018204296630e-01 1.408359458542122436e-04 2.394211079521608304e-03 2.253375133667395898e-03 1.971703241958971085e-03 1.690031350250546490e-03 2.816718917084244872e-04 1.408359458542122436e-04 1.408359458542122436e-04 1.408359458542122436e-04 1.408359458542122436e-04 1.408359458542122436e-04
4.225078375626367309e-04 1.408359458542122436e-04 6.213681931088343990e-01 4.225078375626367309e-04 2.816718917084244872e-04 1.408359458542122436e-04 1.408359458542122111e-03 2.816718917084244872e-04 2.816718917084244872e-04 1.408359458542122436e-04 1.408359458542122436e-04 2.816718917084245523e-03 1.408359458542122436e-04 9.858516209794855427e-04 1.408359458542122436e-04 1.408359458542122436e-04 1.408359458542122436e-04 1.408359458542122436e-04 2.816718917084244872e-04 2.816718917084244872e-04 1.408359458542122436e-04 1.408359458542122436e-04 7.182633238564830117e-03 9.858516209794855427e-04 1.171755069507025987e-01 3.239226754646882742e-03 1.971703241958971085e-03 1.830867296104758679e-03 1.549195404396334300e-03 1.408359458542122436e-04 1.408359458542122436e-04 1.549195404396334300e-03 1.408359458542122436e-04 1.408359458542122436e-04 1.408359458542122436e-04 1.408359458542122436e-04 2.816718917084244872e-04
2.816718917084244872e-04 1.408359458542122436e-04 3.098390808792670335e-03 6.177064585166243127e-01 1.830867296104758679e-03 1.690031350250546490e-03 1.408359458542122436e-04 7.041797292710611639e-04 2.816718917084244872e-04 1.408359458542122436e-04 3.098390808792670335e-03 1.408359458542122436e-04 1.408359458542122436e-04 1.408359458542122436e-04 1.408359458542122436e-04 1.408359458542122436e-04 1.408359458542122436e-04 2.816718917084244872e-04 5.633437834168489745e-04 1.408359458542122436e-04 4.225078375626367309e-04 4.225078375626367309e-04 7.323469184419042523e-03 1.184430304633904557e-01 1.408359458542122436e-04 1.408359458542122436e-04 9.858516209794855427e-04 1.408359458542122436e-04 1.408359458542122436e-04 1.408359458542122111e-03 4.225078375626367309e-04 1.408359458542122436e-04 1.408359458542122111e-03 1.126687566833697732e-03 1.408359458542122436e-04 2.816718917084244872e-04 1.408359458542122436e-04
1.126687566833697732e-03 1.408359458542122111e-03 2.816718917084245523e-03 1.287240545107475320e-01 4.870107007638951324e-01 9.858516209794855427e-04 8.450156751252733533e-04 1.408359458542122436e-04 2.816718917084244872e-04 1.408359458542122436e-04 3.380062700501095148e-03 1.408359458542122436e-04 4.225078375626367309e-04 1.408359458542122436e-04 2.816718917084244872e-04 2.816718917084244872e-04 1.408359458542122436e-04 2.816718917084244872e-04 9.858516209794855427e-04 1.408359458542122436e-04 1.267523512687909922e-03 1.408359458542122436e-04 1.283015466731849130e-01 5.633437834168489745e-04 4.225078375626367309e-04 2.816718917084244872e-04 1.408359458542122436e-04 7.041797292710611639e-04 2.816718917084244872e-04 7.041797292710611639e-04 1.408359458542122436e-04 1.408359458542122436e-04 1.408359458542122436e-04 1.408359458542122436e-04 4.225078375626367309e-04 1.408359458542122436e-04 1.408359458542122436e-04
1.408359458542122436e-04 1.408359458542122436e-04 1.267523512687909922e-03 1.285832185648933257e-01 1.408359458542122436e-04 4.857431772512070256e-01 4.225078375626367309e-04 2.816718917084244872e-04 5.633437834168489745e-04 3.520898646355307554e-03 1.408359458542122436e-04 2.816718917084244872e-04 7.041797292710611639e-04 1.408359458542122436e-04 4.225078375626367309e-04 4.225078375626367309e-04 1.408359458542122436e-04 5.633437834168489745e-04 1.408359458542122436e-04 1.126687566833697732e-03 1.313999374819774524e-01 1.287240545107475320e-01 1.408359458542122436e-04 1.830867296104758679e-03 1.690031350250546490e-03 1.549195404396334300e-03 5.633437834168489745e-04 2.816718917084244872e-04 2.816718917084244872e-04 1.408359458542122436e-04 5.633437834168489745e-04 1.408359458542122436e-04 1.408359458542122436e-04 2.816718917084244872e-04 1.408359458542122436e-04 4.225078375626367309e-04 1.408359458542122436e-04
2.816718917084244872e-04 8.450156751252733533e-04 1.408359458542122436e-04 1.284423826190391194e-01 3.943406483917944773e-03 1.408359458542122436e-04 4.810955910380173006e-01 4.718004186116378507e-01 4.715187467199293825e-01 3.802570538063732367e-03 1.408359458542122436e-04 4.225078375626367309e-04 8.450156751252733533e-04 2.816718917084244872e-04 5.633437834168489745e-04 5.633437834168489745e-04 1.408359458542122436e-04 1.567504077357345926e-01 1.559053920606093546e-01 1.554828842230467356e-01 1.408359458542122436e-04 1.267523512687909922e-03 1.126687566833697732e-03 9.858516209794855427e-04 8.450156751252733533e-04 2.816718917084244872e-04 5.633437834168489745e-04 1.408359458542122436e-04 1.408359458542122436e-04 1.408359458542122436e-04 1.408359458542122436e-04 1.408359458542122436e-04 1.408359458542122436e-04 1.408359458542122436e-04 9.858516209794855427e-04 2.816718917084244872e-04 1.408359458542122436e-04
