output/field_example/elevation_000005.asc
nrows	150
cellsize	66.66666667
xllcorner	0
ncols	150
yllcorner	0
NODATA_value	-9999
[rows 51 to 67 of 150, columns 37 to 73 of 150]
7.326585344728400742e+02 7.734311193438021519e+02 8.180286923004192658e+02 8.610484879384372334e+02 8.498836194945162106e+02 7.884923334398866928e+02 7.288426012829675074e+02 6.757947650043009844e+02 6.284633058648101951e+02 5.820500985920501762e+02 5.226781496721755502e+02 4.511341087088450763e+02 4.193230147218541219e+02 4.434073475372335338e+02 4.224568344223578151e+02 3.656023524813426775e+02 4.173129826377274867e+02 4.706439108153239204e+02 5.171824361696465076e+02 5.187020842237832312e+02 4.799808693639096191e+02 5.029139907904079223e+02 4.703380204991817664e+02 4.192132541012895786e+02 3.483369230750614634e+02 3.369599989061033511e+02 2.983106315213404400e+02 2.880605682005265749e+02 2.376297872049791806e+02 3.029558443953898745e+02 3.582571453518526141e+02 4.157251229902345813e+02 4.716710763582832442e+02 5.114712664604974748e+02 5.096457833911951525e+02 5.136158332201099483e+02 4.749121114208442691e+02
8.017243770721607916e+02 8.388819916207446568e+02 8.763889599809890569e+02 9.006011018211804640e+02 8.811309041142147862e+02 8.335452888157179814e+02 7.820186110425917150e+02 7.312997115866692184e+02 6.801993067862202906e+02 6.243782111562538830e+02 5.628042632102464040e+02 5.051928525725136296e+02 4.471855642968414486e+02 3.838595682153002144e+02 3.647896619333978947e+02 3.479347116845808614e+02 3.838022590155520106e+02 4.255948166567994235e+02 4.662949646443063898e+02 4.614090727696550971e+02 4.153151901899965424e+02 4.530915936221899187e+02 4.399709621365212229e+02 3.782790366407021452e+02 3.302897577710654105e+02 2.694504938683377873e+02 2.320962984155464426e+02 2.344260185455273131e+02 2.859533560922466222e+02 2.705547339836077185e+02 3.361267915279430554e+02 4.033014009265164646e+02 4.711697571759528387e+02 5.332566898978799372e+02 5.644001400636711878e+02 5.695226623703107407e+02 5.414442497213710794e+02
8.257611478329909005e+02 8.671115431265540110e+02 9.077513407361417421e+02 9.221886952741784853e+02 8.893919485730583574e+02 8.440759420326605778e+02 7.975171383178030737e+02 7.467679400816817861e+02 6.913275980514644061e+02 6.308503943688688196e+02 5.678031266228728100e+02 5.014549206582861984e+02 4.260358990036630757e+02 4.374971070030778719e+02 4.302957392166750310e+02 3.888432571961564577e+02 3.311989900237400093e+02 3.733364734841561017e+02 4.102265821420373868e+02 4.053437764885069896e+02 3.581536619393154979e+02 4.054728295967706799e+02 4.060622910268693886e+02 3.482972126143386618e+02 2.830414608484631458e+02 2.290105120871756981e+02 2.811879123414462924e+02 3.070168565493469828e+02 3.293917028599139485e+02 2.955390485594027155e+02 3.585337258256088830e+02 4.144067295690303467e+02 4.704961631658717351e+02 5.298199602317761219e+02 5.781470104463464850e+02 6.095952710110154840e+02 6.107652933744016082e+02
7.836916236627910166e+02 8.352915706271277259e+02 8.930748640536634184e+02 9.094844399643365023e+02 8.585926818005414134e+02 7.972097314306862472e+02 7.586334723441982533e+02 7.120107539287104146e+02 6.577715748581086928e+02 5.973717216342781740e+02 5.300210645341364852e+02 4.703728111588941374e+02 5.004900110860028235e+02 4.992839331088204062e+02 4.789516537065456419e+02 4.185683319254091543e+02 3.629600531787996829e+02 3.102830573358376682e+02 3.524810959423728605e+02 3.459852220666798530e+02 3.074531349215180853e+02 3.591184196005410172e+02 3.679386516456270897e+02 3.451046956475910861e+02 2.882018148469711036e+02 2.269062313541636229e+02 2.857798378516374100e+02 3.424558769821341002e+02 3.803925313003095425e+02 3.693160299116750593e+02 3.332401340414471633e+02 3.621756766312363425e+02 4.319141685586541826e+02 4.917963411443327573e+02 5.510846819826006140e+02 6.031930988111579381e+02 6.491741927970570032e+02
7.334302693790600642e+02 8.000459261058568927e+02 8.690784133679286469e+02 8.913299302031613252e+02 8.476469772566005076e+02 7.845680185936357702e+02 7.096179793481803699e+02 6.709051933827860239e+02 6.214383971172962902e+02 5.638059305644386541e+02 5.131254422170625276e+02 5.395088722080045045e+02 5.684229050373243126e+02 5.615015866545527388e+02 5.139060600296602388e+02 4.538971344661824219e+02 3.997221317031418835e+02 3.481757392951069505e+02 2.891321209113939972e+02 2.752733921308472418e+02 2.632781178797714574e+02 3.078603907691446580e+02 3.056302741700664001e+02 3.121339109859838459e+02 2.780291973138691901e+02 2.249765922384550549e+02 2.954911106264145246e+02 3.672302749225983121e+02 4.211485706209051045e+02 4.292440527735267324e+02 3.981492701322197263e+02 4.241128439401234687e+02 4.011526161188565993e+02 4.405068341053830636e+02 4.988935618560292369e+02 5.640329771032787676e+02 6.377705094019424905e+02
6.951620324777010183e+02 7.696190282741014244e+02 8.479055545114082406e+02 8.722732622379386385e+02 8.137117382139248321e+02 7.466883165374176770e+02 6.865108752547762379e+02 6.337441443766258544e+02 5.930095865032520805e+02 5.590547179654764705e+02 5.680970277879677042e+02 6.028167768955171368e+02 6.267585450723704525e+02 6.084212172089961541e+02 5.543681230554842614e+02 5.002444162134242447e+02 4.479896556567433663e+02 3.969238892718227589e+02 3.570810132870118991e+02 3.372116041827142681e+02 3.049253368769642520e+02 2.463674697738364898e+02 2.348125878403666320e+02 2.661871640551892710e+02 2.218640676471618178e+02 2.577042306849981514e+02 3.035669905299134257e+02 3.679581851167809532e+02 4.420159083862169496e+02 4.807855375216751099e+02 4.728767057305503840e+02 4.820216991823909893e+02 4.368578693241121869e+02 4.693944428858074502e+02 5.036811231698583242e+02 5.611341990120338323e+02 6.403253540206904972e+02
7.070306677129397031e+02 7.782713415099314034e+02 8.484839118309321293e+02 8.747568919600267918e+02 8.386800020334708279e+02 7.896898700294231048e+02 7.423657003132266254e+02 6.924373874986614510e+02 6.560905371852641110e+02 6.266906030051454763e+02 6.313486502672556071e+02 6.616323283169226670e+02 6.706267453264855476e+02 6.419210651795498279e+02 5.956000566563013763e+02 5.454977104768626077e+02 4.947934202117718314e+02 4.459931520274909076e+02 3.992705699884509158e+02 3.551791729495677714e+02 3.114486158750750633e+02 2.720464503349717234e+02 2.567342748388573455e+02 2.184748959130602941e+02 2.712931924220748101e+02 3.161930386518423575e+02 3.290588935060238214e+02 4.016607033211241173e+02 4.597393522457637687e+02 5.174255404366797393e+02 5.389671957385867245e+02 5.339544186245481114e+02 4.832766675323063055e+02 5.082365876884282443e+02 5.464326696996217834e+02 5.968410416773482439e+02 6.614970571258487553e+02
7.160994920378651614e+02 7.890623336912102559e+02 8.488728374152052538e+02 8.553923609444525482e+02 8.247823751572092306e+02 7.909659415236702671e+02 7.664666751062470667e+02 7.367034106770638573e+02 7.078350857174740440e+02 6.856759505519485174e+02 6.831320817145930278e+02 6.915752691896506121e+02 6.750841979990200343e+02 6.366073491004273137e+02 5.923581018318919860e+02 5.453523041342016313e+02 4.940709369637716009e+02 4.379787819062950120e+02 3.786553523932827261e+02 3.152911953913148295e+02 2.686423392329056696e+02 2.129853457436163637e+02 2.151143069374659831e+02 2.678445841367615685e+02 3.160245753100360275e+02 3.573837658871993312e+02 3.945804178009636303e+02 4.092972044480906675e+02 4.656803195590588871e+02 5.275244597633356989e+02 5.813774895391954942e+02 5.851206341617461248e+02 5.538596370524918484e+02 5.528954304302015998e+02 5.902307504274897383e+02 6.391869813804261184e+02 7.025161650725116260e+02
7.588184950565540703e+02 8.177244542128269131e+02 8.430133147557252187e+02 8.172881184031519979e+02 7.673045780754795260e+02 7.280246568155714613e+02 7.252358439575212969e+02 7.163754885877963261e+02 6.897283436261093357e+02 6.642854607356287033e+02 6.524983810949232748e+02 6.613975152613303408e+02 6.436337171020273900e+02 5.889294961959326429e+02 5.411384072018296365e+02 4.993688540348952074e+02 4.517704090735549585e+02 3.969331704705168704e+02 3.311742246464046957e+02 2.667378309149729603e+02 2.098577084127761054e+02 2.623714630446633578e+02 2.773333151922180377e+02 2.517354635817337964e+02 3.216185810358959429e+02 3.821309404287742950e+02 4.315032549423793284e+02 4.648631443797611951e+02 5.047931947432340962e+02 5.561599935741346599e+02 6.055336602750480779e+02 6.298330213981888619e+02 6.271154196353132875e+02 6.173861959454999351e+02 6.460503224540498195e+02 6.873109543513515973e+02 7.456466586735829196e+02
8.086136591328114491e+02 8.383147039807379315e+02 8.211520838611427280e+02 7.655656861411004002e+02 7.120246731860988803e+02 6.585970110955561267e+02 6.513663092575518476e+02 6.600903745830835305e+02 6.262593461565774078e+02 5.904614574431066103e+02 5.721163437980281969e+02 6.032639921417664937e+02 6.016247206552395710e+02 5.475560399854799698e+02 4.800086003114608388e+02 4.437640341958904742e+02 4.097985177942838959e+02 3.564353600697322122e+02 3.251453895194248958e+02 2.688909708648886294e+02 2.076494232455796123e+02 2.789595892804848631e+02 3.241403274057270778e+02 3.220088842663537321e+02 2.919660518826590305e+02 3.643242411608793532e+02 4.139362722186122596e+02 4.480317743460433348e+02 4.843608209347221987e+02 5.334255456668013267e+02 5.883376769842456042e+02 6.330034303222701055e+02 6.677638727158619076e+02 6.864213128088430267e+02 7.101511422480232341e+02 7.463600289966567516e+02 7.928378099061968669e+02
8.421179289698875436e+02 8.408984927976586050e+02 7.933773092921925354e+02 7.220558914438665852e+02 6.586424040649477547e+02 6.106681927473307496e+02 5.744806949810467813e+02 5.973447663824703113e+02 5.654603744367196896e+02 5.257856192471242593e+02 4.941517736943177965e+02 5.440727805077751782e+02 5.567017483766964006e+02 5.130351616854468375e+02 4.596663869400998692e+02 3.859874917652215913e+02 3.760066984025683041e+02 3.437152917918054982e+02 2.792730209569820659e+02 2.561922962756037805e+02 2.056748589589041956e+02 2.791738368897703140e+02 3.459605016690351249e+02 3.761546158562816800e+02 3.643680801467087917e+02 3.283133721805254481e+02 3.534340378836437822e+02 3.806477901827577170e+02 4.116919895007799255e+02 4.842208652164605382e+02 5.423108385246678154e+02 5.929393819495278422e+02 6.547528406785921788e+02 7.045123938576070941e+02 7.510566458992301477e+02 7.956015121249733966e+02 8.401635188706716235e+02
8.453775000097487009e+02 8.276269026181010986e+02 7.588128069782073908e+02 6.811580941746666440e+02 6.149558423386235972e+02 5.631407089662499175e+02 5.223019736481761583e+02 5.369817038190720950e+02 5.059128175164814252e+02 4.698749463711398562e+02 4.348741009653255674e+02 4.884193621417405211e+02 5.034728509990408725e+02 4.769497624398588869e+02 4.206409179431607868e+02 3.625276442540293829e+02 3.116786472987910770e+02 3.104683253212741079e+02 2.715739977392468063e+02 2.024300501613299730e+02 2.581196191502394299e+02 2.919424229361568450e+02 3.551686708659860301e+02 4.123264212189646969e+02 4.201528837708679589e+02 3.899594797735687166e+02 4.211885639802791275e+02 4.547955660464679113e+02 4.613199530861480184e+02 4.532655753380228703e+02 4.875176271996160722e+02 5.497243231020054282e+02 6.156737567593530684e+02 6.707370234322582974e+02 7.299556720262038425e+02 7.861949726898855033e+02 8.438695446439090802e+02
8.061616931582524330e+02 8.192184702290201130e+02 7.842041270897796039e+02 7.209006333735762837e+02 6.633298833959441936e+02 6.059452552440853879e+02 5.384829632144649167e+02 4.748922435190312967e+02 4.408807344168665168e+02 4.129695723065812558e+02 3.882023994455046818e+02 4.280943093980222329e+02 4.390760504298409614e+02 4.404773061990185283e+02 4.277838541153282677e+02 3.829651333576210845e+02 3.195364133176013866e+02 2.525549863900946832e+02 2.484120513036257307e+02 2.001519844430322905e+02 2.667861626433260085e+02 3.292351735220498767e+02 3.845362508413959404e+02 4.343602191617682706e+02 4.620180770672105837e+02 4.657414992486087044e+02 4.803724110027587244e+02 5.177273145776817955e+02 5.237540671423934100e+02 5.140997689325298552e+02 5.481235790593904085e+02 5.389359682699252971e+02 5.775071546366363009e+02 6.227783659272790828e+02 6.759632125043644919e+02 7.426822013158730442e+02 8.162903631342801418e+02
7.443713354325539058e+02 7.891411371440937046e+02 7.976851201076533471e+02 7.637188526085515150e+02 7.117993905460489259e+02 6.520229135904528448e+02 5.910622250037994263e+02 5.374007561553875121e+02 4.798306793542333821e+02 4.693631720721407419e+02 4.153264874966088200e+02 3.557333439708018545e+02 3.735008782212432834e+02 3.717582109218162714e+02 3.872647651029294025e+02 3.678334448229876443e+02 3.231338833719629520e+02 2.619806843025339731e+02 1.971552156481932059e+02 2.366956118649155485e+02 2.710971960247742913e+02 3.180450696101193557e+02 3.682314526214972830e+02 4.133711307579162053e+02 4.551566309435144149e+02 4.947385241712253787e+02 5.327337400518939603e+02 5.649710145920797686e+02 5.845300612827234090e+02 5.846339954810958943e+02 6.031642261427678022e+02 6.068960820039644659e+02 6.400429686063108647e+02 6.785146976504255463e+02 7.216150664140739082e+02 7.651536937615576335e+02 8.325592270186328960e+02
6.908708759011112761e+02 7.500867987339200909e+02 7.859660961091359468e+02 7.815074232628479649e+02 7.308682559566630061e+02 6.700784919401696698e+02 6.098909925809743982e+02 5.567818269897763912e+02 5.450210751025487070e+02 5.061998266086233116e+02 4.527755328017304919e+02 3.912914452477589293e+02 3.196943267765230416e+02 2.961181110540266559e+02 3.290179986343198379e+02 3.159311243057089769e+02 2.856344318041907400e+02 2.627484732714247002e+02 2.327010918961150026e+02 1.937915417994668417e+02 2.080770685850649500e+02 2.706672749216185139e+02 3.110305546470374907e+02 3.547972186867357323e+02 4.074845963323925275e+02 4.685793732696960774e+02 5.202785020025702352e+02 5.653688436748074082e+02 6.066530991021937780e+02 6.363738110067083653e+02 6.568040945650211597e+02 6.716804071305009529e+02 6.988956878100173071e+02 7.311168874493724843e+02 7.651071799362310912e+02 8.024778924622639806e+02 8.459297553895836472e+02
6.420615240348520274e+02 6.993852095993962621e+02 7.571369275427913408e+02 7.723504960643196000e+02 7.393033953270733036e+02 6.938261633674561608e+02 6.494288862403474241e+02 6.146708315886379523e+02 5.857032548459154668e+02 5.441194749890922822e+02 4.939031425159275273e+02 4.388202599535286481e+02 3.879256991053641741e+02 3.313094171132745487e+02 2.643760155104696423e+02 2.422491647911839721e+02 2.232596326995509344e+02 2.062423703639192070e+02 1.908953961984507828e+02 2.452058105920262108e+02 2.639368211708328431e+02 2.285030908059034402e+02 2.435852135482627432e+02 3.039133855248886675e+02 3.566964699455199934e+02 4.208733029989762713e+02 4.704185135350838891e+02 5.208926546742389974e+02 5.820327493252840441e+02 6.259091830794235420e+02 6.473180258755957084e+02 6.719561821381711297e+02 7.009717745248289020e+02 7.292095819121049090e+02 7.477838996692000819e+02 7.702838115706350663e+02 7.967729089730360101e+02
5.918238495243397210e+02 6.594582626727086563e+02 7.250233496224990404e+02 7.401467721391095438e+02 6.989997978460938839e+02 6.562745810425674335e+02 6.282345309248039484e+02 6.043839183970191016e+02 5.741397088601644327e+02 5.382133347261542440e+02 4.992424941476851359e+02 4.588054830769827390e+02 4.148146143717705172e+02 3.689042212033666033e+02 3.279616236661035487e+02 2.971980392612399555e+02 2.653806422790928536e+02 2.317831045256460811e+02 1.891194897457508546e+02 2.645112746253909108e+02 3.085684529653174764e+02 3.021541469617352504e+02 3.080776399632680409e+02 2.672288736672158507e+02 3.338131953259519946e+02 3.741102422394457108e+02 4.141612339600102928e+02 4.757240763831466666e+02 5.378945706470494770e+02 5.819666048789410979e+02 5.824930619852897280e+02 6.134264865716447730e+02 6.473885872964601731e+02 6.745321550891543438e+02 6.795201047371876939e+02 6.960016850820704803e+02 7.341677869278023536e+02
