output/field_example/elevation_000006.asc
nrows	150
cellsize	66.66666667
xllcorner	0
ncols	150
yllcorner	0
NODATA_value	-9999
[rows 102 to 118 of 150, columns 74 to 110 of 150]
3.366366165519904712e+02 3.450492585886428287e+02 3.533345525379297101e+02 3.605354432405891316e+02 3.684189305605950722e+02 3.773990008550540551e+02 3.857118975465646145e+02 3.930721520665782691e+02 4.016925358426776143e+02 4.107303875125625723e+02 4.196875337006486575e+02 4.283446983931681302e+02 4.390281343068368756e+02 4.492416638191157290e+02 4.575153059575169436e+02 4.689653537399255470e+02 4.828200373280689064e+02 4.972063443130107316e+02 5.112343445593213005e+02 5.242429566261816944e+02 5.389683764674008444e+02 5.554567712856160142e+02 5.738408224409483864e+02 5.952551768715981098e+02 6.198498861893249341e+02 6.485046578191673916e+02 6.832689646494909539e+02 7.349230183577614071e+02 7.952478669827168005e+02 8.650983825903925890e+02 9.399644925681207042e+02 9.833643146476376842e+02 9.762322579018291435e+02 9.771697305172646111e+02 9.648859881066867956e+02 9.371504329621187708e+02 8.864839784531379792e+02
3.908081441815659218e+02 4.132536596007336698e+02 4.178116019888880146e+02 3.861456995550977354e+02 4.303970976165502407e+02 4.408207026776311750e+02 4.398984465126838472e+02 4.220036153296488237e+02 4.594093075527100609e+02 4.810750183098011803e+02 4.862184069726086477e+02 4.851554200986356591e+02 5.139790332874352998e+02 5.153866528888153198e+02 4.813496735490245442e+02 4.923886343662473450e+02 5.365574477147619064e+02 5.637920050909083329e+02 5.761912645145836223e+02 5.515063547122746286e+02 5.695542835641037982e+02 5.866602068644655219e+02 6.060947047209334642e+02 6.283059432599870888e+02 6.540715639602520923e+02 6.834834129589129361e+02 7.137569319142611448e+02 7.397519707456839342e+02 7.876868760690562112e+02 8.488306090370729180e+02 9.243466317230293043e+02 9.977841638434246079e+02 1.024611682439265678e+03 1.012891208383713547e+03 9.732874947862511590e+02 9.196843030907315324e+02 8.514936833704548462e+02
3.916070103906723148e+02 4.522410425429455927e+02 4.658859028473439707e+02 4.184773331602143003e+02 4.698744162651621536e+02 5.003169040409593435e+02 5.019521718193910260e+02 4.899472528279136441e+02 4.702242410286375502e+02 5.240080908896931078e+02 5.501984162137925978e+02 5.521278907510767340e+02 5.792361465526130360e+02 5.668206691361210687e+02 5.117044618631758226e+02 5.506607281787847796e+02 5.386919442613336741e+02 5.957102390334973734e+02 6.263166795422351925e+02 6.150757969950810775e+02 5.953338104786208760e+02 6.172678827924830784e+02 6.374620195494935615e+02 6.606096030335177147e+02 6.874217856417100165e+02 7.185093001026004913e+02 7.532239826609544480e+02 7.878321399767746698e+02 8.318129529470448915e+02 8.919253278936768083e+02 9.564334186569215035e+02 1.019462405448802315e+03 1.035064410712730705e+03 1.000998863260619032e+03 9.435391398501683398e+02 8.816477843584664242e+02 8.118245316558545710e+02
4.201376449745691843e+02 4.798976449544979914e+02 5.103985795821610623e+02 4.831502772911564989e+02 4.698695055871972954e+02 5.286146977769159321e+02 5.595086319206400276e+02 5.598116699784775392e+02 5.314118271797366333e+02 5.260663174104403197e+02 5.850763269465555823e+02 6.176248717938791515e+02 6.344245776789422280e+02 6.023437419906990726e+02 5.461497734481883981e+02 5.980387519256482847e+02 6.023355605259670256e+02 5.903637268768559352e+02 6.485099923992130471e+02 6.721845172011277327e+02 6.608498057868379192e+02 6.428409734930535251e+02 6.682516290332089284e+02 6.921939024793470026e+02 7.200398505183143243e+02 7.527006242791228487e+02 7.907650608114420265e+02 8.335888005717540636e+02 8.786981926156456666e+02 9.369035928540804434e+02 1.001262868627423131e+03 1.040059716427538433e+03 1.025040159005112400e+03 9.606028797443782423e+02 9.091190903394519864e+02 8.496840044838053245e+02 7.895311351625614407e+02
4.518806525258985971e+02 5.194661046530433168e+02 5.608058808908978108e+02 5.516583946924482689e+02 5.396098344442229973e+02 5.236455157448599493e+02 5.847766697123023505e+02 6.137336600320778643e+02 6.026934836957630068e+02 5.961685720019272594e+02 5.856897905332556320e+02 6.477551081123008316e+02 6.765565805400970021e+02 6.481122145181036558e+02 5.845674208579664537e+02 6.353016298850460544e+02 6.674413971965233259e+02 6.582476876663954499e+02 6.431695133740489609e+02 7.007598368514762797e+02 7.221563799087996358e+02 7.102737387109507381e+02 6.936679249578271538e+02 7.234211603562730488e+02 7.521930289153400508e+02 7.862511138507826445e+02 8.267839963546284707e+02 8.747285718839274296e+02 9.292100433045934551e+02 9.832697795476765350e+02 1.038045037256389378e+03 1.053929583159539561e+03 1.011748394491437693e+03 9.422723583540438312e+02 8.596531566971767688e+02 8.246422836916829056e+02 8.576541537367362480e+02
4.865375340000486517e+02 5.411851697048726919e+02 5.983089813201962670e+02 6.184529324294780963e+02 6.112329127114032872e+02 5.751022050974320337e+02 5.846353955087296299e+02 6.457421889093160416e+02 6.706561501770879659e+02 6.689499692037080649e+02 6.378656532856211925e+02 6.549496599979585199e+02 7.055290904859690500e+02 6.876453123991143457e+02 6.275130861026455023e+02 6.750876256995900349e+02 7.221856538344665069e+02 7.260937694640678046e+02 6.936000159350031709e+02 7.026997864473966047e+02 7.594185443440794643e+02 7.755620189016663062e+02 7.566647061800568963e+02 7.490467208244913309e+02 7.848696747267414366e+02 8.202737731609620369e+02 8.624574895114665196e+02 9.135298234598840281e+02 9.736566620456075043e+02 1.035693318458408839e+03 1.071522317778437809e+03 1.052238300062376311e+03 9.827923237258208928e+02 9.113358558621239354e+02 9.123895910998497811e+02 8.635472570652457307e+02 9.098382574512305609e+02
5.365174115906226007e+02 5.445828990827715188e+02 6.092716631147404769e+02 6.634181635043888718e+02 6.697267947647166011e+02 6.344381124183065594e+02 6.403359705206167973e+02 6.563239845046746268e+02 7.177762424663430920e+02 7.307856452400781109e+02 6.982352041263399087e+02 7.099373454148071687e+02 7.297491503299773967e+02 7.292595636954903284e+02 6.845342471817627938e+02 7.013059918851613475e+02 7.629883894811827076e+02 7.827062858703812935e+02 7.519578362346231870e+02 7.583200657705216372e+02 7.731356333518086785e+02 8.244663163098450696e+02 8.218838281384981883e+02 8.077662738512963188e+02 8.137557445533301461e+02 8.588429082058086124e+02 9.007565923866534376e+02 9.525232975106540607e+02 1.014605561766636015e+03 1.077724799380890317e+03 1.104415107936323466e+03 1.055444092200159957e+03 9.910562206251928501e+02 9.462284905932991705e+02 9.587951591582104811e+02 9.169313408261132281e+02 9.293551124363682447e+02
5.955321395635626232e+02 6.011886041169592545e+02 6.181599083786746860e+02 6.882901530663764333e+02 7.207953073772268908e+02 7.010009936984259866e+02 7.028369821968236693e+02 7.107756963342101244e+02 7.562314237726477586e+02 7.873728040876121668e+02 7.661898308591684099e+02 7.715936942004922230e+02 7.828371995770168041e+02 7.735475065261514374e+02 7.554121419855238173e+02 7.663742861080033890e+02 7.896892943830201830e+02 8.349816630962235422e+02 8.183783893029661840e+02 8.221396863403548423e+02 8.355218168277089035e+02 8.551810929472574117e+02 8.871324860955833174e+02 8.722145159722438166e+02 8.697571259762494265e+02 9.074210147754613445e+02 9.496766191770515206e+02 9.964718515417818026e+02 1.056111323591371274e+03 1.117055547992391894e+03 1.137371151428061467e+03 1.091138319489536798e+03 1.036174646358110749e+03 9.887136162408509108e+02 1.011261713912353343e+03 9.771257932509569173e+02 9.843285928091146388e+02
6.638625285214149017e+02 6.660519287355535880e+02 6.813757049671870618e+02 7.065357434995464700e+02 7.664799665375686573e+02 7.685858574919082002e+02 7.714647906576774403e+02 7.771606311312898470e+02 8.088638249056945142e+02 8.415136515020149091e+02 8.337811260593074394e+02 8.374725172288646036e+02 8.445342966218602214e+02 8.400419098959271196e+02 8.309171424883032842e+02 8.379068884607369228e+02 8.532962035825656812e+02 8.879774392082324539e+02 8.867214415520123794e+02 8.919515476546775972e+02 9.035657276960164381e+02 9.176411777753888828e+02 9.477670386377739078e+02 9.414282988905613365e+02 9.407110264172930556e+02 9.732089907512224727e+02 1.010720939416341480e+03 1.053097395673152278e+03 1.101628111204724519e+03 1.156190199173272958e+03 1.174551960683902962e+03 1.135685481735716849e+03 1.088844264605571425e+03 1.039978475568200338e+03 1.071081727245234561e+03 1.047239410382315327e+03 1.049742625382471260e+03
7.365848276899395159e+02 7.360720976254059451e+02 7.488189006270374648e+02 7.686214997394124566e+02 8.106610656755430000e+02 8.288486876410721607e+02 8.329118062834569400e+02 8.397338862506728674e+02 8.577171906449140124e+02 8.772274304336892783e+02 8.834129875923401869e+02 8.898575810623337929e+02 8.989009241561697081e+02 9.023350444381682109e+02 9.003523633007864646e+02 9.027619599880981696e+02 9.126784483788983380e+02 9.317255789719838504e+02 9.436179022700848691e+02 9.534961950972918885e+02 9.635611406980374340e+02 9.761753560899401236e+02 9.937078968897927780e+02 1.001884427106690623e+03 1.012369345509475579e+03 1.039096878795009388e+03 1.071789579742972592e+03 1.108636604637877326e+03 1.148752644033285605e+03 1.188216615249224560e+03 1.208194723186464444e+03 1.187483281985369558e+03 1.143732509716619006e+03 1.103295010387167622e+03 1.136124670287465506e+03 1.122771427931254266e+03 1.122414844667691796e+03
7.886036979220162948e+02 7.913860257678968537e+02 8.023604954424195057e+02 8.196342654727802710e+02 8.396240659806767326e+02 8.443661393683037204e+02 8.344843276732648292e+02 8.356988869390620494e+02 8.412837529300388724e+02 8.497331046342264926e+02 8.581663475669605532e+02 8.691032481507363627e+02 8.912717771742273953e+02 9.141829562832919009e+02 9.201141506408771420e+02 9.080435777694995068e+02 9.027555974011878561e+02 9.166402921411737452e+02 9.386712966855910736e+02 9.578832956836841959e+02 9.617412280556205815e+02 9.683603617902329006e+02 9.805414972969124392e+02 1.001448658958051737e+03 1.025797387689666493e+03 1.053937113495374888e+03 1.083825441329728619e+03 1.115331854543963800e+03 1.148586475594464900e+03 1.182288292396348197e+03 1.210337718303459042e+03 1.217503822550527957e+03 1.200869670996236209e+03 1.174964520120747011e+03 1.199922537705113200e+03 1.195408837377154669e+03 1.182955696453546125e+03
7.738415970753636657e+02 7.723062237746921710e+02 7.807755225563889780e+02 7.953573198694409712e+02 8.100664907550653879e+02 8.032729282137405562e+02 7.709448656900392507e+02 7.726101812964417377e+02 7.738054850296377936e+02 7.789583004680930571e+02 7.872818989124855307e+02 7.965118901892445820e+02 8.340190287568099166e+02 8.788396761987788750e+02 8.855491443987054936e+02 8.477372141795659672e+02 8.313290414835158799e+02 8.475768122236578392e+02 8.838229951200663663e+02 9.070593362735766050e+02 9.001936143726860564e+02 9.032681391743468566e+02 9.120176841423652832e+02 9.431079919083164214e+02 9.739088607048026915e+02 1.002715464471142354e+03 1.031063137635152088e+03 1.060407851115088988e+03 1.092198032792443655e+03 1.128239976690846561e+03 1.171219152275649549e+03 1.200457481794656132e+03 1.221346324751015572e+03 1.231527555856692970e+03 1.246268602301972123e+03 1.235449510522196761e+03 1.193104065105281734e+03
7.154061118349691242e+02 7.008841221464899718e+02 7.099123622870546342e+02 7.258212507841753904e+02 7.471190170125782970e+02 7.456042593834270065e+02 7.020494909893352542e+02 7.045139267547418740e+02 7.028605351380938373e+02 7.072024616477132213e+02 7.162222327110087008e+02 7.266811076570453451e+02 7.803237647516514244e+02 8.366613059670979737e+02 8.416751871140011190e+02 7.955139237538468251e+02 7.498363253585541770e+02 7.877107116187803513e+02 8.362249539377124847e+02 8.390072282326436834e+02 8.292318375764981511e+02 8.325391854499613373e+02 8.449922651867152581e+02 8.822652492510550246e+02 9.116347685969356007e+02 9.387389739240728659e+02 9.659322102643869812e+02 9.948541966518743038e+02 1.027622871708238335e+03 1.068168844048986784e+03 1.105645568328676745e+03 1.142934670178496617e+03 1.186524456384760924e+03 1.219180616675599595e+03 1.244723417054953416e+03 1.232157147319808246e+03 1.165489538517994106e+03
6.576744939537422852e+02 6.223347929516448858e+02 6.369293634614992925e+02 6.537489926006194310e+02 6.971618807811187253e+02 6.913526227990541884e+02 6.410521724002550172e+02 6.450280870663467567e+02 6.397398562687388903e+02 6.442238423525981261e+02 6.543470659998133669e+02 6.702607491613229058e+02 7.388417872353415987e+02 8.001308096961793126e+02 7.994285643772614094e+02 7.475518796553616312e+02 6.923111081149938855e+02 7.421531618449004100e+02 7.847571051912829034e+02 7.732127340178958548e+02 7.641189418337490906e+02 7.685956190642581305e+02 8.010326788413618715e+02 8.285691924082805144e+02 8.541950863367421789e+02 8.799248541598838074e+02 9.069793126326908350e+02 9.367491581221599972e+02 9.720069303896780184e+02 1.005481005571090236e+03 1.040503579916947274e+03 1.082713076136900554e+03 1.123237750965220812e+03 1.166305986597790707e+03 1.215287410869496171e+03 1.233585794231913724e+03 1.198469893818864648e+03
5.842952581287285057e+02 5.581911755636980388e+02 5.742944417633764260e+02 5.965194034951084632e+02 6.537083396582268051e+02 6.422289859828312046e+02 5.875071400041284733e+02 5.949721455089833171e+02 5.839631442330550044e+02 5.895258784444569073e+02 5.998893845796706046e+02 6.683936810888829996e+02 7.324827025285072750e+02 7.682419841775026725e+02 7.591573632427952134e+02 7.049723022800294530e+02 6.461894728977388240e+02 6.978540019516692610e+02 7.303261238963741562e+02 7.125304151205353946e+02 7.068810832499489152e+02 7.329848509985610008e+02 7.563946177541846509e+02 7.798508104855492320e+02 8.042643947282622321e+02 8.301564869276672880e+02 8.581167839171089327e+02 8.897531963386113603e+02 9.192707674081503910e+02 9.495195990292572787e+02 9.851112949592520636e+02 1.020623542021759704e+03 1.061280644704105043e+03 1.114963527921723880e+03 1.173482787370787946e+03 1.211616759620892935e+03 1.215851337983712028e+03
5.164882694061054735e+02 5.032103894762885261e+02 5.195614635708126343e+02 5.842012174520364169e+02 6.154992899805522484e+02 5.962975759415423909e+02 5.390393790111056660e+02 5.607919937933468191e+02 5.328357905410106241e+02 5.413780344897365921e+02 6.063191985228527301e+02 6.663192289615951722e+02 7.012519075690308910e+02 7.137611941559988509e+02 7.143389988574814424e+02 6.651293184571757138e+02 6.062285951201756689e+02 6.603404442358402093e+02 6.689469436953040713e+02 6.567699030419097426e+02 6.730532640113647176e+02 6.923053568270420328e+02 7.136864550190601904e+02 7.370121207770671390e+02 7.622406496907439077e+02 7.892597190760913008e+02 8.187227028816566872e+02 8.455461353289719000e+02 8.721179825016529321e+02 9.022337419544630848e+02 9.320264367325521562e+02 9.659949314152671604e+02 1.011039654278349076e+03 1.064598086329137232e+03 1.117979596255043134e+03 1.173490659179924251e+03 1.204614106527319791e+03
4.570960532378546759e+02 4.558983326946031411e+02 5.179276751794284337e+02 5.528391629027431691e+02 5.607507809377634658e+02 5.490828322410015971e+02 4.924297785700583745e+02 5.073483219969787683e+02 4.929654560349080157e+02 5.522078208347510326e+02 6.056022570025904770e+02 6.300529143575948865e+02 6.380011630124030262e+02 6.521491189308751473e+02 6.624955022807478144e+02 6.271506347370880121e+02 5.704123697548704968e+02 6.143896453488046063e+02 6.079660753694414552e+02 6.530397358822517617e+02 6.330986850796550698e+02 6.532730995578265265e+02 6.759063188405323217e+02 7.009199805255532283e+02 7.276271264088743465e+02 7.559201952667767728e+02 7.809303713651967200e+02 8.048002809815468481e+02 8.309600027177100401e+02 8.564506446094652574e+02 8.849588477708538221e+02 9.219232062206423279e+02 9.658330434107548399e+02 1.012580138371813746e+03 1.068346290756074040e+03 1.121750040519253389e+03 1.168226772022946307e+03
