output/field_example/elevation_000029.asc
nrows	150
cellsize	66.66666667
xllcorner	0
ncols	150
yllcorner	0
NODATA_value	-9999
[rows 0 to 16 of 150, columns 0 to 36 of 150]
1.493837232042314212e-03 6.349592128867097784e+01 1.257037656569742836e+02 1.667413814043930245e+02 1.801864679496443387e+02 1.955928737067361851e+02 2.166254898363029895e+02 2.432635723969825392e+02 2.667727140237335561e+02 2.559869998735881893e+02 2.365437786072937456e+02 2.466490630238094468e+02 2.461091699078412489e+02 2.609224802520676576e+02 2.737870118184781063e+02 3.007772875760695683e+02 3.327710286674284248e+02 3.560533774804673612e+02 3.822764905368151744e+02 4.034523191299518317e+02 4.000033693243892117e+02 4.054666261529548592e+02 4.215289900736818254e+02 4.201304515869346119e+02 4.062685030319791508e+02 4.193339352486963776e+02 4.178558291030543614e+02 3.914945305600241454e+02 3.599706496760110781e+02 3.342906996052402633e+02 3.192580205189305502e+02 2.986090164238544276e+02 2.980621606306773970e+02 3.058004119610494058e+02 3.299835420233293917e+02 3.552783238227618199e+02 3.522895857353421434e+02
6.846229606998467882e-04 5.657971685684596252e+01 1.082946906078058049e+02 1.370769433345995765e+02 1.370699188119090479e+02 1.514236430654592311e+02 1.739002884667933415e+02 2.070852639212151303e+02 2.411093276258488061e+02 2.231598550815573105e+02 1.855032503771703318e+02 2.099247027218492860e+02 1.991460157202104995e+02 2.201802451836276191e+02 2.271764257187416831e+02 2.627523464022976327e+02 2.997272322394601360e+02 3.126554983868979321e+02 3.471923369588433275e+02 3.711586452897525419e+02 3.548902886931041962e+02 3.598690102837448421e+02 3.884818041156822233e+02 3.858885399580433955e+02 3.559808511060878118e+02 3.857148862082506184e+02 3.879498689863037839e+02 3.572839322984590922e+02 3.203158194928948888e+02 2.886792494265404798e+02 2.841206650312355464e+02 2.502818036115380096e+02 2.531292043268915961e+02 2.585236914719836250e+02 2.927830827491919763e+02 3.280799420991019701e+02 3.210175158314793862e+02
7.082983629705184424e-04 5.156128716271226153e+01 7.401984362530861006e+01 7.702277404642020997e+01 7.063478810421882770e+01 9.756961835680651518e+01 1.087716505134366685e+02 1.675695166879953319e+02 1.963091056199049831e+02 1.704024408317717132e+02 1.195761307284733022e+02 1.548983898009157940e+02 1.355105298352056877e+02 1.497173642000196310e+02 1.645464763455787534e+02 2.206704697883193376e+02 2.364000117606684341e+02 2.528813738350105211e+02 3.142505108415661539e+02 3.205952738803447915e+02 2.855852115049860345e+02 2.989100188853759619e+02 3.323248490889980076e+02 3.303631213357314778e+02 2.908584852309563757e+02 3.308150441092595884e+02 3.294553003633363346e+02 3.167644231913582189e+02 2.657964159978108682e+02 2.267506151288685885e+02 2.340585414842357181e+02 1.848971864305224528e+02 1.899240676073138445e+02 1.956269731549706705e+02 2.503319844304159858e+02 2.765387838988054341e+02 2.732254851249346075e+02
8.682931820036127180e-04 3.882774477007100433e+00 8.346426229120750051e+00 1.278918005578625561e+01 1.707832675158965330e+01 2.250584046662057247e+01 8.699318254214237811e+01 1.331531426692426407e+02 1.467570506403308457e+02 1.115888157292430520e+02 5.855045582318177821e+01 1.073648292007795675e+02 7.359263389386153165e+01 7.888569584830349868e+01 1.322791627746797758e+02 1.634305892129393101e+02 1.678319366857530213e+02 2.357941815822528895e+02 2.791021505479150733e+02 2.701720717065186932e+02 2.185171875110828523e+02 2.580272674030670146e+02 2.642491666858344388e+02 2.679492165244186594e+02 2.313557146033670051e+02 2.732735288462318408e+02 2.663524557650860629e+02 2.650497446136556050e+02 2.225690348592719943e+02 1.713525795220746772e+02 1.769390379335605985e+02 2.324306792900223684e+02 2.590215777194567295e+02 2.540653399058332411e+02 2.028451258790619249e+02 2.079631328690673513e+02 2.136625778575153447e+02
1.626078096075774708e-03 5.308868566531877065e+01 7.689060545751934228e+01 8.135268335603369394e+01 8.494606275518391669e+01 8.194278099200819554e+01 3.093075144070953542e+01 9.022933343469604495e+01 9.866921883210756050e+01 5.049555802083609279e+01 9.828638032434048455e+01 6.658727931846375725e+01 1.279268897090654349e+02 1.355969389795746167e+02 8.597206016145966601e+01 9.144216169681754991e+01 1.529620786414508018e+02 1.958979243615165160e+02 2.352055751808346713e+02 2.227120918093288537e+02 1.667068902488260278e+02 1.979486342229227489e+02 1.952046037720783147e+02 1.993335518599322427e+02 1.810180727424781537e+02 2.130663951426978713e+02 2.055366167534914439e+02 2.126817700298537943e+02 1.635602976855896316e+02 2.218384591688850946e+02 2.358272279126031492e+02 2.769790362654422324e+02 3.138847575695584737e+02 2.971948928649683808e+02 2.350068397313829109e+02 2.725293676459748440e+02 2.760335182257930455e+02
7.620812103862621874e-04 6.207908417832975090e+01 1.181734106170181207e+02 1.462862721937491983e+02 1.534541231854584282e+02 1.292950478556412577e+02 9.032963052010283889e+01 3.786582374475076307e+01 4.240346194610054908e+01 9.828324862539427897e+01 1.401652982064134676e+02 1.334825734365587948e+02 1.786560553654537387e+02 1.854716185356846836e+02 1.418669443487177944e+02 1.479088648996157644e+02 9.966876136362434124e+01 1.540434368526653657e+02 1.799846501278240680e+02 1.752663833915284783e+02 1.228131439369674496e+02 1.277321090511390480e+02 1.323707242362002603e+02 1.365512745243995312e+02 1.404359634117608380e+02 1.450517102351047356e+02 1.491043662092686191e+02 1.545513756690612865e+02 2.091134160466011167e+02 2.548036004132375467e+02 2.938877560008439218e+02 3.258327370775719487e+02 3.595238658024778147e+02 3.365120565283316978e+02 2.714339624447800929e+02 3.186195127552408621e+02 3.435176328000698618e+02
1.631439668600789469e-03 5.896755988738878784e+01 1.223922383189174496e+02 1.802146328523556065e+02 2.066343846441158405e+02 1.890303921542858632e+02 1.395271959018863583e+02 8.754902046660075143e+01 7.010753122334180887e+01 1.289960128945626820e+02 1.763957776227692875e+02 1.985817915811959722e+02 2.369943864472177495e+02 2.418507020393922176e+02 2.028025604565356730e+02 1.941638191499666561e+02 1.477885753948992829e+02 1.063963427042598227e+02 1.103852618256820790e+02 1.156814600475136956e+02 1.712999868514060040e+02 1.987639234864716116e+02 1.942251618584486152e+02 1.709284253618239688e+02 1.774798493050718093e+02 1.966650555841993651e+02 1.774369667965252404e+02 2.110680584604125158e+02 1.962228946748105045e+02 2.418099676114816248e+02 2.969549076133741323e+02 3.581336371511164316e+02 4.001888879061052080e+02 3.760807303642355919e+02 3.118281472811904678e+02 3.627195666815828190e+02 4.005174178769841546e+02
1.500496484432047462e-03 5.455578040839678522e+01 1.169482246240793870e+02 1.830602948144519928e+02 2.367082711118776785e+02 2.359123148181516569e+02 1.936610325514515125e+02 1.492872093191809597e+02 1.296473439433844703e+02 1.137607236949305047e+02 1.715198580980914755e+02 2.356976839282229719e+02 2.891762633362705515e+02 2.987256398568881082e+02 2.657306017959559199e+02 2.289968997688483512e+02 1.853544569723783297e+02 1.523603021130628861e+02 1.313031174474540990e+02 1.713767504315075882e+02 2.163213827837742258e+02 2.588826057144313495e+02 2.562825885375868324e+02 2.109367936128445820e+02 2.183812975751681051e+02 2.466802782066704935e+02 2.103930966412549424e+02 2.516412674968170506e+02 2.292943209478908955e+02 2.737195326536780158e+02 3.285183948185219265e+02 3.895873331032489091e+02 4.367621160385154440e+02 4.172700359968810631e+02 3.565572724310226818e+02 4.070029728661554600e+02 4.473240690975938492e+02
9.039551361381488372e-04 5.579999932894754266e+01 1.197355233112583761e+02 1.887353637052573845e+02 2.525564254193737952e+02 2.770711504001490084e+02 2.589722428857941736e+02 2.210712591412290919e+02 1.900649940613660931e+02 1.472713922379730320e+02 2.034153965537510373e+02 2.698256400183253163e+02 3.320428472793281571e+02 3.504825624975238156e+02 3.160916619381262649e+02 2.699379489959777061e+02 2.295515114401797234e+02 2.050365463071623822e+02 1.576429774842939651e+02 2.169670750577019760e+02 2.646742218211998079e+02 3.077629187288863477e+02 3.048745732244000237e+02 2.553297564305011633e+02 2.616679221095891990e+02 2.872301409778750099e+02 2.466700974901447410e+02 2.853953186986460082e+02 2.665564252977444539e+02 3.094729234871844596e+02 3.629906229836068405e+02 4.240202592035732323e+02 4.742225487940912103e+02 4.619891726047781049e+02 4.070412678127913182e+02 4.542625767129234760e+02 4.933708400240166156e+02
1.429837670197248601e-03 6.609029445401122871e+01 1.333689884711583318e+02 1.960047817745129635e+02 2.541124893646575060e+02 3.000730406199233471e+02 3.108396494909216017e+02 2.882094448475544368e+02 2.407047367778544071e+02 1.868393477108870400e+02 2.395692896104132785e+02 3.056366796009917834e+02 3.714666541346896906e+02 3.957051914741718406e+02 3.590966636008149635e+02 3.104349792229189688e+02 2.714546566367686751e+02 2.104821263235128015e+02 1.908846565889823808e+02 2.529357691735354763e+02 3.077158386981813578e+02 3.502631336301420220e+02 3.503808676740869146e+02 3.036662176507294362e+02 3.072499654769804351e+02 3.262459625379759700e+02 2.897770642811222501e+02 3.071350842375068737e+02 3.077157448662383672e+02 3.544616569019090093e+02 4.037795219007842888e+02 4.626166273179491100e+02 5.146314398304920132e+02 5.117215216134322873e+02 4.662918864625675610e+02 5.062356769363999547e+02 5.421029757852124931e+02
8.906530452106879887e-04 6.550745449177495061e+01 1.031693454765215989e+02 1.569053470937026020e+02 2.214984199802779017e+02 2.924327948225065938e+02 3.419939993123725799e+02 3.348867364745660211e+02 2.879767820312063691e+02 2.338168260601802899e+02 2.817062922774015874e+02 3.449759243404920994e+02 4.108093801480471257e+02 4.370271324855379476e+02 3.980936582180556798e+02 3.398604437280233128e+02 2.775315359446983621e+02 2.612451591293022943e+02 2.405642652709809113e+02 2.478528088654255157e+02 3.099073652062194810e+02 3.767047611683588002e+02 3.941436725857177521e+02 3.560985892187019886e+02 3.546830895128771886e+02 3.559394702155400978e+02 3.427158309333586317e+02 3.526572892905222716e+02 3.567987310110281101e+02 4.082287804296690297e+02 4.580143992841140062e+02 5.074812206840735485e+02 5.567380694024682271e+02 5.654848724687356025e+02 5.402965712710298476e+02 5.610918008197609197e+02 5.929988465862589919e+02
1.315733920322398939e-03 4.166790047282812282e+01 1.124828685108978590e+02 1.839686404837076736e+02 2.483719402764333779e+02 3.066343933631917480e+02 3.550926749575370991e+02 3.718803947410854107e+02 3.441839166943561281e+02 2.910021101993389721e+02 3.324450606897107150e+02 3.897611745660835822e+02 4.517949648166056136e+02 4.769894304795823814e+02 4.381069545303030850e+02 3.851695053216724318e+02 3.327315748523895422e+02 3.186635469213313172e+02 2.944073133805235898e+02 2.930474755686294657e+02 3.430732560692150628e+02 4.033158302273923255e+02 4.400233936527365017e+02 4.140236828268079421e+02 4.084275771848139129e+02 4.069455150856042565e+02 3.997112493999424601e+02 4.066324665126568334e+02 4.161155529826502857e+02 4.644003872082731164e+02 5.178313961701750259e+02 5.580397849297852417e+02 5.898049815890708487e+02 6.089463395111658883e+02 6.100656869466946546e+02 6.286964179949196705e+02 6.474725228262310566e+02
1.399994275800712888e-03 6.309627093934341246e+01 1.213440886749363870e+02 1.758711052685542597e+02 2.290554158533867337e+02 2.716775324303661137e+02 3.390965982364748470e+02 3.931046412217991701e+02 3.933449993688542463e+02 3.595713076118304912e+02 3.981172205886242068e+02 4.417619073649230472e+02 4.933716783365005085e+02 5.155290190764893623e+02 4.895774623272500321e+02 4.412945583652234518e+02 4.017275321242985342e+02 3.854576439444989546e+02 3.555713223400775291e+02 3.504388719276424808e+02 3.906456930762817592e+02 4.436966730126209768e+02 4.883789790762140797e+02 4.750269300921682998e+02 4.691527996023040714e+02 4.666846372315058034e+02 4.632783508971460265e+02 4.698240772590972369e+02 4.849809177780053915e+02 5.266875321365401987e+02 5.575387952195005710e+02 5.736765464283218989e+02 5.735871244899540216e+02 5.941968046614225614e+02 6.175369237098899475e+02 6.481625016417034431e+02 6.796567916392481266e+02
1.181206231400129276e-03 3.469742934330042061e+01 7.654602165011843340e+01 1.250176689000277008e+02 1.811393022788592475e+02 2.534650452259330962e+02 3.296151846696240000e+02 3.999603399196424789e+02 4.355828740736977238e+02 4.348214730049814420e+02 4.692315109695174442e+02 4.996002917850019003e+02 5.247914736665738928e+02 5.351340486434492050e+02 5.246053534938224630e+02 5.013896351894443342e+02 4.763219120961989574e+02 4.576624231272213024e+02 4.250600051763063902e+02 4.226089770359066620e+02 4.543116251495994220e+02 4.933697703275939261e+02 5.357300001045202862e+02 5.369385161831439746e+02 5.341448991281904455e+02 5.325043940915128360e+02 5.318585500447941286e+02 5.384061744795449158e+02 5.558569690437391273e+02 5.675132820689194659e+02 5.613801504248249330e+02 5.356118544601517897e+02 4.990086483893125546e+02 5.282845209871185261e+02 5.630723004027563547e+02 6.077492929332976246e+02 6.620630723248413005e+02
1.630222212009432327e-03 4.332620378252877913e+01 9.174382739448753910e+01 1.454487756696597387e+02 2.040353015651631381e+02 2.688679563130730230e+02 3.373351404499935029e+02 3.976055563757580558e+02 4.456836382075032930e+02 4.844110208025988413e+02 5.111151672672787072e+02 5.207783015327376006e+02 5.098906453335775950e+02 4.917439007553518877e+02 5.114456428927429101e+02 5.195911596199101723e+02 5.068701023428914141e+02 5.026320263732860099e+02 4.945571933508040274e+02 4.976658337976420512e+02 5.163594723398741735e+02 5.437764530459907064e+02 5.724955343546264430e+02 5.844169831360735543e+02 5.860027141851534225e+02 5.870823682176217062e+02 5.887816477399527457e+02 5.916254453110788063e+02 5.893809111267570415e+02 5.644383943791825686e+02 5.273357562006734724e+02 4.748679222151990871e+02 4.261829102716685611e+02 4.599738278515325192e+02 5.033087936867118515e+02 5.642778147669130249e+02 6.226813293811923131e+02
1.073448080148506822e-03 5.593318527687691954e+01 1.138988976699641142e+02 1.719759293390911523e+02 2.228701193918188892e+02 2.683211078309371374e+02 3.065365816767379670e+02 3.546956840545277032e+02 4.123028043695128417e+02 4.734137437146420098e+02 5.018143373495113337e+02 4.877203028869972172e+02 4.507479863196259657e+02 4.176317653826783953e+02 4.599702005958279756e+02 4.770635810609623491e+02 4.560605596736973553e+02 4.845520195821853804e+02 5.076815571988749412e+02 5.201848876628673679e+02 5.197456232413362613e+02 5.384531632797393286e+02 5.607999815847915670e+02 5.644214892253536391e+02 5.670448507804462679e+02 5.737488266636130447e+02 5.807425943357418419e+02 5.806282639378632666e+02 5.677881385048096945e+02 5.222410100363879337e+02 4.719711255926511058e+02 4.209340990882921574e+02 3.677176936829267788e+02 4.013638674661406185e+02 4.627357140301340337e+02 5.256564367508121904e+02 5.760900530027513469e+02
1.126548970877862483e-03 6.188028392810295486e+01 1.092402732873580504e+02 1.435778233877922787e+02 1.820638724556512500e+02 2.172217384700796288e+02 2.499645324538571174e+02 3.093469072792860857e+02 3.797972583021606283e+02 4.450480740593781661e+02 4.612685380482766959e+02 4.307843698230832388e+02 3.909321576294154283e+02 3.485995113007851387e+02 4.022597680451883662e+02 4.194727997422569388e+02 3.863880726422962653e+02 4.265189610772222295e+02 4.683071238915990762e+02 4.771531884580692235e+02 4.536928225515738404e+02 4.751398895926554928e+02 5.094161571398485080e+02 4.970643490550270371e+02 4.980591955728537528e+02 5.085573341203444215e+02 5.206659406912232271e+02 5.216233769036747390e+02 5.231682746359574594e+02 4.795702228760812318e+02 4.257484172212066937e+02 3.663181489744518444e+02 3.228656155624639723e+02 3.844456891841290371e+02 4.299458417780471677e+02 4.931674910884091219e+02 5.162794786299269845e+02
