output/field_example/elevation_000017.asc
nrows	150
cellsize	66.66666667
xllcorner	0
ncols	150
yllcorner	0
NODATA_value	-9999
[rows 51 to 67 of 150, columns 0 to 36 of 150]
1.247441123991860574e-03 6.520607547821072103e+01 1.127562210106498668e+02 1.227333759651699836e+02 1.684202964049785010e+02 2.238858203010610453e+02 2.884396903999030428e+02 3.575140720263953540e+02 4.156325696022502711e+02 4.596161135422254915e+02 4.741943659845083516e+02 4.660829637228330284e+02 4.549625365358333511e+02 4.874727506610162777e+02 5.163375039042780372e+02 5.365960864500204934e+02 5.378190325212373182e+02 5.289542914098630035e+02 5.461533842702284574e+02 5.713865819189541071e+02 5.799375765923761037e+02 5.770061648771094269e+02 5.984156014565055557e+02 6.203923359350778810e+02 6.169826614608579121e+02 5.816134515885322571e+02 5.444924160576686063e+02 5.350526202667712141e+02 5.338253748804896759e+02 5.957278690646974155e+02 6.558315283348208595e+02 7.157299431986665468e+02 7.699224354711424212e+02 8.287729878893059094e+02 8.699814409236857955e+02 8.660641472881403615e+02 8.152213947270938661e+02
8.991442672098762376e-04 2.888648790830824353e+01 6.724361921624644367e+01 1.487732507096445715e+02 2.101931045136354044e+02 2.647954935972267094e+02 3.255217080806043555e+02 3.735210407946328246e+02 4.040040097355677631e+02 4.227425893287293093e+02 4.389906523162250096e+02 4.606482003370117582e+02 4.880789319233425658e+02 5.204549302430835951e+02 5.327829193092936748e+02 5.206775387790133891e+02 5.025522761271229228e+02 4.932206827613638325e+02 5.071997467118500253e+02 5.293485617765649067e+02 5.264899309450721603e+02 4.944635132586378745e+02 5.273349224628119600e+02 5.638160580126100285e+02 5.597101216091786000e+02 5.216590342780248193e+02 4.821788214251151317e+02 4.720154237312472674e+02 5.197457971535798151e+02 5.701554164476629012e+02 6.216422790013754138e+02 6.688754123321630232e+02 7.156676755185642378e+02 7.842889712974441636e+02 8.563105309594291157e+02 8.882108889439716677e+02 8.617835105142030443e+02
1.138240608956130094e-03 6.539707046340690511e+01 1.201640891423066222e+02 1.675593942587088065e+02 2.402051974520337865e+02 2.942112633405089923e+02 3.336527194790945146e+02 3.480245214721021512e+02 3.443491949082630867e+02 3.491852581367819539e+02 3.629226471940686451e+02 4.036660341954802789e+02 4.565299618692585000e+02 4.939445516871489872e+02 4.988675662004739024e+02 4.627596123312022769e+02 4.250950905886525675e+02 4.097252332342947057e+02 4.285082329468747844e+02 4.698067022689835994e+02 4.657472970760122166e+02 4.198757296058353745e+02 4.636951765332115656e+02 5.045618993496557323e+02 4.980454549088062208e+02 4.548853100361757242e+02 4.334396927094371677e+02 4.998924252665813697e+02 5.129549175363802078e+02 5.447194189361811141e+02 5.831303157169134010e+02 6.298927522380145092e+02 6.923575167000369674e+02 7.643394232056955389e+02 8.413126957581965826e+02 8.970015620288374976e+02 8.956795219939664321e+02
6.940593384278977021e-04 6.127128096350419639e+01 1.279273997485036176e+02 1.949635301272736854e+02 2.483322917254516256e+02 2.780580278746109002e+02 2.908376982726347251e+02 2.853210357131004571e+02 2.744606059241009461e+02 2.746789481685022452e+02 2.924733857074598973e+02 3.511450295868654621e+02 4.026798126757668683e+02 4.473834030837017508e+02 4.518146663466689574e+02 4.091551595546693534e+02 3.608987019757397547e+02 3.238495672180854967e+02 3.690496423028063191e+02 4.130242011953843644e+02 4.097801849125721674e+02 3.596809031112011894e+02 4.089552281318968312e+02 4.446970219485924645e+02 4.326416505530032168e+02 3.951733215131837937e+02 4.693463399468612920e+02 5.314600128157027257e+02 5.742145904937937075e+02 6.044411968392523704e+02 6.426057167039374463e+02 6.862730089026496216e+02 7.380589300546029108e+02 8.045304591183758021e+02 8.607212655389835163e+02 8.971594071041507732e+02 9.074979418604568764e+02
1.055237303129000518e-03 6.083221073737217210e+01 1.268158649902697164e+02 1.871996723875286932e+02 2.165691722708788802e+02 2.186760341293230283e+02 2.212555403514728880e+02 2.189238935325629143e+02 2.102106249403264826e+02 2.073120180891650080e+02 2.515229411629269407e+02 3.052010172142345823e+02 3.519257390471122449e+02 3.929445997796848928e+02 3.999525655238780359e+02 3.599367201621573713e+02 3.099725429201512270e+02 2.657586037117975479e+02 3.156921813346295949e+02 3.572738041382365282e+02 3.575714869806271281e+02 3.094988318621476537e+02 3.669424728575561403e+02 3.801324218864293698e+02 3.568244439624941151e+02 4.141752575711246891e+02 4.790501384475404052e+02 5.369212642702942730e+02 5.906091605713362469e+02 6.436121485476007820e+02 6.934469543260860291e+02 7.391905364222606067e+02 7.811729459238514437e+02 8.243630636808337613e+02 8.527018179179434583e+02 8.480402835608614396e+02 8.616672090449907273e+02
1.562014952837139075e-03 6.318531140379870692e+01 1.214004418905286968e+02 1.517594664598495910e+02 1.550540528945777226e+02 1.514728131493968988e+02 1.524962086780616630e+02 1.605493566064066329e+02 1.551475842636627362e+02 1.611147850086778703e+02 2.169970853675662852e+02 2.781026751003469144e+02 2.895062978086189105e+02 3.327269509631321398e+02 3.398425634788124512e+02 3.112932634115053361e+02 2.662637312294586422e+02 2.211759923269226249e+02 2.625625110962670874e+02 2.938754920751445638e+02 3.019018715627910296e+02 2.656279446255834387e+02 3.271688764907321456e+02 3.231995136090516212e+02 3.572518608864207863e+02 3.976624576343599529e+02 4.437204789362878046e+02 4.960515348089534200e+02 5.585958096059758873e+02 6.268633348176368827e+02 6.934706631229076947e+02 7.489000974377269131e+02 7.743452153785893870e+02 8.013086362589759801e+02 8.073744500735475640e+02 7.783974542892837007e+02 7.966224558018183188e+02
7.585375989290401438e-04 5.473712772316876851e+01 8.193761431489274116e+01 8.868266451348047497e+01 8.953584768653502124e+01 8.979139682970618708e+01 8.969835195421489971e+01 1.159237424643980461e+02 1.053920957627858570e+02 1.712970641021698555e+02 2.142207140995759005e+02 2.430849515929489257e+02 2.283438236905864471e+02 2.698143684711184278e+02 2.702900648677104414e+02 2.642841336915823263e+02 2.213142495037156152e+02 1.853299299011611936e+02 2.007866870998127524e+02 2.180095789329758418e+02 2.376187172588882959e+02 2.998815452915314381e+02 2.959291777853638337e+02 3.614536551576030092e+02 4.111749908898374315e+02 4.592201121474631691e+02 4.999912035165590396e+02 5.419838889628404104e+02 5.799010616714846265e+02 6.388011271002268359e+02 6.960752306636893536e+02 7.225635730944694615e+02 7.112804661197377527e+02 7.453144845866368087e+02 7.493455706546482133e+02 7.115304123053471130e+02 7.358842605312196383e+02
1.046285099159314971e-03 6.767595793905458734e+00 1.457642682193124450e+01 2.234199280465873727e+01 2.978580622866091687e+01 3.693171269849634797e+01 4.398497146516827172e+01 5.305133086537588127e+01 1.106330465124292033e+02 1.539495035332143686e+02 1.590661187885301047e+02 1.915396845362278668e+02 1.709816417678664209e+02 2.032822511630323845e+02 2.020477173961848791e+02 2.098819796272343581e+02 1.652056888529081959e+02 2.157217723818917250e+02 2.541705068418999076e+02 2.825295381221877733e+02 3.099170822401081864e+02 3.444434201274215184e+02 3.676483200929694135e+02 4.046451674298338048e+02 4.489602277276472932e+02 4.867220809549500586e+02 5.140882601897687891e+02 5.467809762460281036e+02 5.842149452822320654e+02 6.276201031812037172e+02 6.661679536885438893e+02 6.730296591532533057e+02 6.393427683017670233e+02 6.821877027582015671e+02 6.873588941468259463e+02 6.516490233638807013e+02 7.151836884632298279e+02
1.106265462435658282e-03 5.454252615238262081e+01 8.153681620244100259e+01 8.832883545919936807e+01 8.959720171344640960e+01 9.119358314165467050e+01 9.802058641356389046e+01 1.110821923922986088e+02 6.729735314009242586e+01 1.174274486542370681e+02 9.438310797796006568e+01 1.466557654540177396e+02 1.212020811316995861e+02 1.302834705523110586e+02 1.388230354175445029e+02 1.494182001082344584e+02 2.054995990405006978e+02 1.848714580580552536e+02 2.485830219955083180e+02 2.954579610850215659e+02 3.340371942115706929e+02 3.640844689376583005e+02 3.836779481453071412e+02 4.062574497602757333e+02 4.368193988581016356e+02 4.556121084242746520e+02 4.579211561991175472e+02 4.917751532758469466e+02 5.312462390956419540e+02 5.741061873968941427e+02 6.162394261790901737e+02 6.183133213994572088e+02 5.752628998361692538e+02 6.205974045312558474e+02 6.191522681960210548e+02 6.060442628255093496e+02 6.655390927136350001e+02
1.588587968374398059e-03 6.251854172898818263e+01 1.197519050831633365e+02 1.499422760340578122e+02 1.544085462488367568e+02 1.528525960184326209e+02 1.577789762813257255e+02 1.637829977026486006e+02 1.251423635014019453e+02 8.019848998179166699e+01 1.307673521743909077e+02 1.087910140604527953e+02 1.645407890922708987e+02 1.922104816743618869e+02 1.901647571050378360e+02 2.200525886210456576e+02 2.574384549698544333e+02 2.517953838245412328e+02 2.060715159922886812e+02 2.621721070265384128e+02 2.938245097625894573e+02 3.196330815566627166e+02 3.292328340098118247e+02 3.439888757432564148e+02 3.855457241443246517e+02 3.900164309296986289e+02 3.917797870456122382e+02 4.311453766754499384e+02 4.750380966779889036e+02 5.199383770479226996e+02 5.591037680725784185e+02 5.635122450905280402e+02 5.200482824377415909e+02 5.629704737390239870e+02 5.530187971680139754e+02 6.002303436570881559e+02 6.572840457404881818e+02
1.279216666935708386e-03 5.861121821697514633e+01 1.216520061445386602e+02 1.804108404127448466e+02 2.128822333573401409e+02 2.180982310647227109e+02 2.216516767379749524e+02 2.140553527894836634e+02 1.623353512062110156e+02 1.083809272213302393e+02 1.664654814010456221e+02 1.726132755579314448e+02 1.704036906568890402e+02 2.274484819787933532e+02 2.477373977537131680e+02 2.830291055723868681e+02 3.174164035327211195e+02 3.097985148253425791e+02 2.675318763119690288e+02 2.227243919434485520e+02 2.348554420114804770e+02 2.485502556358713093e+02 2.621114301369318582e+02 2.774668765172608005e+02 3.364297259276862633e+02 3.218330612686642667e+02 3.373622834500437762e+02 3.880038214766396436e+02 4.275924418312454804e+02 4.601661020829749305e+02 4.922205755421771300e+02 5.034663114145830605e+02 4.727963591594919990e+02 5.045326009882967924e+02 5.820663348215203996e+02 6.462554358068919100e+02 6.967418841967628396e+02
9.095820746289582119e-04 5.251807122529681493e+01 1.117646345963501631e+02 1.760688228015225434e+02 2.370908521521823218e+02 2.735564358723460145e+02 2.823476864439489304e+02 2.534454264831558135e+02 2.026467606260938510e+02 1.404375468765093160e+02 1.963225552755719434e+02 2.303607795079552716e+02 2.349829962695493748e+02 2.358050116376713561e+02 2.898905630007339482e+02 3.363386967835764949e+02 3.732463739753168284e+02 3.629630834436001123e+02 3.121524530363203098e+02 2.523593761859209224e+02 2.878496553737942918e+02 3.206492952367506746e+02 3.312950061664486725e+02 3.392934492612138229e+02 3.000774631278701463e+02 3.663442132569951468e+02 3.906929818730841930e+02 3.578160373892685584e+02 3.747100022823750578e+02 3.931572349536285742e+02 4.139517662446234567e+02 4.364586024695866513e+02 4.998513373621419191e+02 5.495085439240170899e+02 5.911752866504365329e+02 6.555069687127127054e+02 7.244355637090613982e+02
1.451728525893234128e-03 4.715377922707294545e+01 1.006982425584066760e+02 1.615865271193230797e+02 2.281107748659264587e+02 2.907011290876425846e+02 3.225090729018954221e+02 3.015616472185874954e+02 2.458736563134410744e+02 1.911995265173571852e+02 1.920028896764998763e+02 2.549280004814773974e+02 2.905164734233657668e+02 2.897740141330951360e+02 3.303165872070159139e+02 3.823017802197595074e+02 4.226276710991088521e+02 4.084772937588969626e+02 3.500933445226713729e+02 2.869195770774293806e+02 3.313695748208454575e+02 3.735675076398626402e+02 3.999263708128045209e+02 3.917812256841836529e+02 3.374423543679851605e+02 4.027981618358175524e+02 4.321096874576519440e+02 3.877202169181964564e+02 4.273636481303574897e+02 4.475753622907671456e+02 4.829116864832640204e+02 4.967406959321111799e+02 4.864088753245760017e+02 5.346879041909447778e+02 5.866789979198673564e+02 6.467972680430812034e+02 7.144144991364771613e+02
-1.561618357994713595e-03 4.345040263244183620e+01 9.279014286579493387e+01 1.495595311326349872e+02 2.142934701963431223e+02 2.832065352487683754e+02 3.396263810129342460e+02 3.398901177124467949e+02 2.961401863525452995e+02 2.510418800580177674e+02 2.475037250997564797e+02 2.519060975536479248e+02 3.165045526879539466e+02 3.501565295606928885e+02 3.826371285633794059e+02 4.286815247970021119e+02 4.687304498150599557e+02 4.509835177575351395e+02 3.894669703928834110e+02 3.267791813324150212e+02 3.723524267517908584e+02 4.211660523724098084e+02 4.565896914598035892e+02 4.383802874311010669e+02 3.781493604803563358e+02 4.347549149589096942e+02 4.769067137826139628e+02 4.621122969478378764e+02 4.293062652082122668e+02 4.783577145500549932e+02 5.273936273541125956e+02 5.593343818493171966e+02 5.479925784737192771e+02 5.432056057928153905e+02 5.981381110102287266e+02 6.605692174771846794e+02 7.297187219728339187e+02
-1.629181703595709635e-03 4.339279188741337379e+01 9.275167388747541963e+01 1.496254310665066214e+02 2.142562564737993114e+02 2.844389254648968972e+02 3.483366067133409274e+02 3.725725190687348345e+02 3.550745873828129788e+02 3.194152977589681655e+02 3.113628047563259429e+02 3.140719441841695811e+02 3.209923771706752973e+02 3.900715671278491641e+02 4.417399814231952746e+02 4.786344265075545650e+02 5.150206395140891118e+02 4.948002846536321613e+02 4.337857543955216215e+02 3.743148910148792652e+02 4.169592608961683595e+02 4.670382543729056124e+02 5.057090913823220149e+02 4.845918308844498483e+02 4.235713900852705933e+02 4.771840329368926064e+02 5.239305156823259040e+02 5.165783347785225033e+02 4.626279372355851365e+02 5.063450920660060888e+02 5.590718873890424447e+02 6.097939184183555881e+02 6.128972286584063340e+02 6.032028625458515307e+02 6.167137596018720842e+02 6.796738219386573974e+02 7.466807566049194520e+02
-5.536218851392299412e-03 4.669544510539641635e+01 1.005610192804872582e+02 1.623009507114878716e+02 2.263618263391039136e+02 2.908500550226793280e+02 3.432236846332454547e+02 3.789084989397251775e+02 3.930032838823749444e+02 3.874800423656557768e+02 3.801745787224317041e+02 3.833959860881726058e+02 3.859660595591072365e+02 4.015887735196951667e+02 4.634083304510264156e+02 5.231656332012355506e+02 5.602151379703998373e+02 5.416066376669708688e+02 4.869409810741768752e+02 4.350869816973055890e+02 4.696093832481026880e+02 5.164457659062613857e+02 5.550328214716193997e+02 5.340638782508815439e+02 4.753797715553110379e+02 5.250491988103376571e+02 5.703221302195598810e+02 5.609176660856135186e+02 5.018492563712281367e+02 5.385811547742997618e+02 5.910575999050274731e+02 6.460438889053240246e+02 6.784353890952281745e+02 6.696166689281545814e+02 6.812026546153107347e+02 7.331333823745192149e+02 7.730863124404094151e+02
-5.099245925878344993e-03 6.415731989201655949e+01 1.307879859432850367e+02 1.829321159313753640e+02 2.241078344541346894e+02 2.567657520767672850e+02 2.972217858748079493e+02 3.442585508085327888e+02 3.794901017650171866e+02 4.100155198156103893e+02 4.344810286508817398e+02 4.504661776354968765e+02 4.564615009172144369e+02 4.720510275675127332e+02 5.221598462310263358e+02 5.674558847640685144e+02 5.983806469365516705e+02 5.892714531553662027e+02 5.559898730498380246e+02 5.159855323361439332e+02 5.347032168798115208e+02 5.733418744469191779e+02 6.079444876977769354e+02 5.888510744399995929e+02 5.365672112309987369e+02 5.795002139933004628e+02 6.208112731216887141e+02 6.097377527752346396e+02 5.569785372789696112e+02 5.660565329150668958e+02 6.260909731528086013e+02 6.855882639531431550e+02 7.341298329496706856e+02 7.378964222722763679e+02 7.482784826960663622e+02 7.723836466792197371e+02 7.779681516388162663e+02
