output/field_example/elevation_000003.asc
nrows	150
cellsize	66.66666667
xllcorner	0
ncols	150
yllcorner	0
NODATA_value	-9999
[rows 119 to 135 of 150, columns 111 to 147 of 150]
1.161801438910836850e+03 1.144109605068939572e+03 1.135213029278784688e+03 1.130098733973215985e+03 1.112411622049052085e+03 1.095215530219117227e+03 1.076475301448479058e+03 1.110423047138035599e+03 1.137038226768120921e+03 1.146422152710983255e+03 1.140258509961860454e+03 1.153783244423209908e+03 1.177330481526126732e+03 1.204616274093552420e+03 1.224654831212450290e+03 1.209314481013679142e+03 1.183509796765049032e+03 1.170747341027295533e+03 1.193348005351609800e+03 1.225514069681234787e+03 1.260140649410035621e+03 1.286522939539590652e+03 1.282727399533071093e+03 1.249282569902424029e+03 1.196232719000400039e+03 1.175967956718005325e+03 1.165960632811694268e+03 1.127864468521727758e+03 1.119781533003540289e+03 1.179027944198420073e+03 1.239743515262372057e+03 1.294102661428830970e+03 1.310587487794251047e+03 1.290250873608307529e+03 1.273667632582037868e+03 1.276881522768762125e+03 1.231135163981695086e+03
1.109235363026784398e+03 1.073680929208072030e+03 1.073870772664781043e+03 1.087122893668806228e+03 1.103708084151402545e+03 1.122066076889949045e+03 1.133032769569268794e+03 1.149559602437830563e+03 1.152790769703395199e+03 1.143041794580822852e+03 1.144466532717381142e+03 1.153340839326038804e+03 1.166828305288550609e+03 1.182171402762535308e+03 1.190798749255704706e+03 1.169712166999708643e+03 1.121825124358898165e+03 1.086208061198460200e+03 1.118209290932497424e+03 1.155383944613862695e+03 1.198505926148982553e+03 1.248845032506304051e+03 1.279116124603253184e+03 1.280247268199935206e+03 1.257037916841567494e+03 1.243823591081973973e+03 1.217012032750964636e+03 1.186630142823760707e+03 1.152221990725902515e+03 1.189593383304730196e+03 1.242715470932822200e+03 1.299619641149239897e+03 1.347292244552669899e+03 1.356636382676880430e+03 1.344051479669433320e+03 1.335721012008039224e+03 1.284756152603578357e+03
1.052984338626735052e+03 1.001384200119715274e+03 1.000564347097793075e+03 1.007028957529647073e+03 1.043108002577802608e+03 1.089701802536453215e+03 1.123124003176650604e+03 1.132630915268510307e+03 1.110855283089158775e+03 1.074551714750043175e+03 1.080658722466193467e+03 1.089361945436283804e+03 1.100379768408042082e+03 1.114624757076752530e+03 1.127917374405520604e+03 1.117402837584888630e+03 1.061926644703688453e+03 1.009225186821372517e+03 1.045830721277175371e+03 1.087193654715453931e+03 1.139536575262166934e+03 1.191964502299815194e+03 1.247481058821143506e+03 1.283698337600733112e+03 1.299147913311504453e+03 1.291077234655829216e+03 1.272156758014104071e+03 1.244753720943166854e+03 1.211126941527045346e+03 1.203780397653800492e+03 1.250161090772493480e+03 1.301889422695514895e+03 1.355548325317100989e+03 1.398800403726303330e+03 1.407787143395662497e+03 1.393574003634356131e+03 1.348494675480273145e+03
9.988982354550468017e+02 9.377568479388485230e+02 9.352027306975447800e+02 9.332352479089699955e+02 9.810086499555541195e+02 1.031355796192999378e+03 1.081583825695129462e+03 1.086516128205430732e+03 1.043901339463383920e+03 9.993624661792302959e+02 1.008598648715943455e+03 1.017824297436955817e+03 1.028157905469590560e+03 1.043632436844470021e+03 1.065874790429115365e+03 1.068240203907318119e+03 1.011331445049159356e+03 9.506949462227256618e+02 9.880213951987966539e+02 1.033382433738573582e+03 1.081816559375017732e+03 1.139143884460786012e+03 1.194869348237264830e+03 1.251895544211301967e+03 1.284949604533665934e+03 1.286661637193246406e+03 1.292739794681639069e+03 1.285445515657534997e+03 1.272703300570787860e+03 1.262797090402657204e+03 1.265076103307186486e+03 1.306743050848261419e+03 1.354292658091738076e+03 1.404746342242591254e+03 1.446272396531862114e+03 1.444939480172142339e+03 1.421526490392168853e+03
9.417547715417183554e+02 8.822789069213309858e+02 8.802964074444133757e+02 8.736210756298036131e+02 9.221237566338899114e+02 9.816901840894835232e+02 1.036814761075310344e+03 1.037812965997749188e+03 9.866345760334731949e+02 9.333659293518277309e+02 9.448567840648694300e+02 9.542301372916105038e+02 9.635008244600248872e+02 9.789940598835488572e+02 1.028589720263320260e+03 1.028729705022808275e+03 9.698149190357120233e+02 9.049755806566561205e+02 9.436218972489214138e+02 9.854481436744442817e+02 1.034962619187024757e+03 1.086781553403742919e+03 1.146668781134702840e+03 1.201163071127851481e+03 1.234714038127457570e+03 1.217441501909772796e+03 1.252186557216813526e+03 1.276909494241612947e+03 1.297498225658096317e+03 1.310721607831509573e+03 1.323833922911183436e+03 1.352917696432580897e+03 1.392477455854198752e+03 1.431607750637035224e+03 1.461703285271346658e+03 1.469992381942078055e+03 1.475776911304156329e+03
8.965202920467241938e+02 8.339460301091181691e+02 8.336829038265530016e+02 8.247503372343264800e+02 8.767678010323492117e+02 9.395108587230533885e+02 9.953797148680753253e+02 9.928109861745733724e+02 9.370862732362256793e+02 8.785808297547185930e+02 8.905943839184280932e+02 8.996762499967910571e+02 9.072258999604146084e+02 9.280396042722661605e+02 9.937341757706473118e+02 9.946259527033566883e+02 9.345778873022488824e+02 8.672254515486280297e+02 9.043631832825963102e+02 9.469738992312152277e+02 9.919571881311155721e+02 1.045055333128395432e+03 1.101809288381431315e+03 1.164594238351223339e+03 1.174257743392995508e+03 1.134026677715325150e+03 1.177111752449807227e+03 1.217946964096780221e+03 1.263506116497500443e+03 1.297206700888972136e+03 1.330228801305833258e+03 1.367674577922770141e+03 1.405442744749091844e+03 1.425787919869716688e+03 1.423127097807772543e+03 1.416250702643995510e+03 1.435610407614135056e+03
8.554556370517732375e+02 7.914753054466231106e+02 7.930315429821213229e+02 7.837011619559568771e+02 8.383802012487866477e+02 9.024853225386445956e+02 9.577501500882337950e+02 9.521270159081657312e+02 8.935057650387444710e+02 8.316800012147979260e+02 8.434512988595841989e+02 8.522379031215747318e+02 8.560312096850695980e+02 9.194379888730463790e+02 9.691093101088074491e+02 9.650337305773808794e+02 9.036005223799836585e+02 8.346311250485689470e+02 8.720006340856408542e+02 9.116499842293426354e+02 9.574811259567189836e+02 1.007763609581413107e+03 1.071789047536572070e+03 1.125896438013216084e+03 1.117048733183311469e+03 1.060374680545188994e+03 1.103977032553583285e+03 1.152446721009412158e+03 1.195004988973774516e+03 1.235638922659513810e+03 1.278888653213465659e+03 1.326194271333397865e+03 1.372456333251681372e+03 1.376623971822490603e+03 1.342935510751145330e+03 1.334169024370281022e+03 1.347823455471764646e+03
8.175905163217214522e+02 7.532528334195031903e+02 7.565254439029997684e+02 7.478205110608917039e+02 8.043314243351637742e+02 8.688066469612473384e+02 9.229172934959057102e+02 9.149610071382584238e+02 8.543595102655079927e+02 7.901831171489230883e+02 8.012862332061577035e+02 8.104905296554355800e+02 8.182865244764963109e+02 8.794340218462793928e+02 9.406938809290439849e+02 9.364181674346982618e+02 8.743997811068659303e+02 8.057606050200670325e+02 8.421268413791322018e+02 8.825287217842965219e+02 9.257014959955195081e+02 9.802437476731181505e+02 1.039941816989971358e+03 1.089184449561525298e+03 1.067006689181968568e+03 1.000084408269326445e+03 1.043697792182655121e+03 1.085024222227092878e+03 1.125565574102147821e+03 1.168474192387550602e+03 1.216894413559286477e+03 1.273772850081281831e+03 1.323351141978112310e+03 1.316464227141395440e+03 1.264961403275218117e+03 1.255635275029394052e+03 1.267915690674892176e+03
7.823388736925113562e+02 7.182265059247957879e+02 7.229837875656294273e+02 7.156268273528582995e+02 7.731445582142890771e+02 8.367724181521538185e+02 8.896586730610819131e+02 8.803262722894080525e+02 8.185114141659257712e+02 7.525993299292897518e+02 7.625301808121124623e+02 7.717369637669572739e+02 7.851567673433289656e+02 8.596941493656601097e+02 9.174686853857931510e+02 9.101173645393239440e+02 8.452489832785466888e+02 7.803227631213776476e+02 8.168554556030143203e+02 8.549146143395051922e+02 9.001628690971665492e+02 9.474502161605370247e+02 1.012027231732295945e+03 1.055165433507819671e+03 1.022903909544182397e+03 9.502950002124671300e+02 9.892481334820637358e+02 1.027167447272471691e+03 1.066589856016701106e+03 1.110567462458647242e+03 1.164000065243744984e+03 1.223719858986307599e+03 1.273129722817285483e+03 1.258408734984455123e+03 1.197703826065253679e+03 1.187153886271617694e+03 1.204164070097568128e+03
7.493890096350194199e+02 6.857294102236228355e+02 6.916126518971549331e+02 6.863068242227245719e+02 7.435940883261662293e+02 8.034306453311131690e+02 8.586194516737936056e+02 8.473186868297428873e+02 7.851181325852509190e+02 7.180549638236585679e+02 7.262999890640438707e+02 7.345579683508980224e+02 8.005377006490655276e+02 8.624242840347918673e+02 8.941798971564186331e+02 8.868222866711349752e+02 8.326073275895179222e+02 7.576143741545672583e+02 7.924544661167598179e+02 8.317198424777383252e+02 8.701053272582551017e+02 9.377643734568000582e+02 1.001807617863828341e+03 1.022967829484278013e+03 9.768563149834651540e+02 9.078259186130268290e+02 9.437290884740644969e+02 9.799472184598070044e+02 1.019020296436662420e+03 1.065245992902277067e+03 1.119239711822086520e+03 1.178799016092480770e+03 1.225980029800207376e+03 1.205816331947672097e+03 1.140297752557948343e+03 1.125976143699857630e+03 1.182375507475032691e+03
7.181087501912528523e+02 6.553119369345789664e+02 6.618104780003627639e+02 6.594410294748505521e+02 7.145990330364551255e+02 7.861071582526487873e+02 8.257988789335781803e+02 8.135053218274476876e+02 7.533146073386168382e+02 6.860251460975167674e+02 6.921338212281308415e+02 7.527892742877658065e+02 8.081759196199402595e+02 8.366089725022122821e+02 8.399126754806266035e+02 8.490864714161849633e+02 8.017747734056094941e+02 7.358064939141836476e+02 7.713309075093578713e+02 8.032395168883355154e+02 8.640913712225411700e+02 9.287394493017625337e+02 9.821981640143030745e+02 9.874966827584362363e+02 9.398135116603812094e+02 8.718232636682737393e+02 9.059607246967834726e+02 9.414470768415054636e+02 9.814957342331728114e+02 1.026755070934716287e+03 1.079393174998018367e+03 1.137112158042271403e+03 1.181315116866550625e+03 1.157941579846565446e+03 1.090773627020744016e+03 1.084582132830843648e+03 1.142177100746666383e+03
6.872719688294261005e+02 6.267080657823041747e+02 6.330482662464258965e+02 6.348802071174012553e+02 7.065812861666676099e+02 7.568921650327190491e+02 7.731774538983519278e+02 7.728956411598276190e+02 7.226530702692531349e+02 6.562143257897918147e+02 7.117851725357236319e+02 7.535395933522929681e+02 7.747751875728600908e+02 7.758112537921515468e+02 7.719485215679125076e+02 7.984294692600345797e+02 7.778460461458536201e+02 7.160639514940694426e+02 7.467306842441631716e+02 8.037007604980719861e+02 8.636814037177479122e+02 9.182041124293607481e+02 9.398090329838144044e+02 9.325563680447228307e+02 9.098707030497567985e+02 8.411827182215654375e+02 8.742611376571710480e+02 9.101204487506319083e+02 9.480259323619915222e+02 9.905843314358351108e+02 1.041258746262137265e+03 1.096144163396036902e+03 1.137046109912440443e+03 1.113182820041967716e+03 1.045417978225081697e+03 1.049356701631022133e+03 1.109059756177654435e+03
6.573230807625361649e+02 5.998770054392419979e+02 6.047792022893969488e+02 6.113931506015225068e+02 6.768357135423194677e+02 6.985928184083527412e+02 7.132203102984733505e+02 7.163695232622791309e+02 6.977531324490610132e+02 6.349523783650316773e+02 6.779161098911057479e+02 7.042121033736797244e+02 7.090337372380759007e+02 7.092891464321033936e+02 7.092830029070298679e+02 7.381394713830105729e+02 7.366815313628558215e+02 6.979926275518231478e+02 7.510731652253978154e+02 7.989256406925999272e+02 8.453954267891062955e+02 8.713487675027815840e+02 8.734363267676734495e+02 8.705112680667534732e+02 8.721371710063124283e+02 8.146547087635308344e+02 8.478308390522628315e+02 8.807368174679933190e+02 9.135930027638628417e+02 9.544457623792916365e+02 1.003184213012928353e+03 1.052941634024666428e+03 1.090426752106386175e+03 1.071787175845083993e+03 1.002409283907691020e+03 1.067447147630195104e+03 1.127324034842142964e+03
6.106179598555522716e+02 5.748334442252039480e+02 5.765502463047462243e+02 6.165643101241172417e+02 6.384803509281289280e+02 6.338152816299243568e+02 6.594443299628698014e+02 6.568501719602575122e+02 6.605590280955384515e+02 6.156753109696745696e+02 6.240449711910307542e+02 6.326740212346898034e+02 6.408927576608303980e+02 6.487041563986060737e+02 6.571409961882632160e+02 6.656240336947120113e+02 6.746564427251830693e+02 6.828134035254602168e+02 6.945582748428778359e+02 7.548650466456465438e+02 7.920744194234916904e+02 8.012967026019640571e+02 8.047322842760039521e+02 8.092233688627563879e+02 8.249475200582924117e+02 7.917294486353299590e+02 8.232024141970041455e+02 8.459435582291123410e+02 8.770802350480561245e+02 9.200004289072463735e+02 9.622014166159913202e+02 1.003001726804544774e+03 1.037132736630112731e+03 1.030683257911357714e+03 9.717670154731470120e+02 1.035244466314749616e+03 1.090879816422605018e+03
5.485780087579380506e+02 5.531750806608030189e+02 5.587217865115836730e+02 5.658637174405691894e+02 5.736266365415395967e+02 5.810516815514716882e+02 5.889969524259416858e+02 5.965247620741481569e+02 6.049588800974619289e+02 6.606056198358529628e+02 6.929368361484445131e+02 6.917751608084051895e+02 6.886346674571713038e+02 6.876367003603655803e+02 7.206166257539252911e+02 7.072146891656592516e+02 7.410205267323967746e+02 7.324997114733815806e+02 7.504067760512778023e+02 7.099073944607259818e+02 7.211440718698978571e+02 7.317738570381238787e+02 7.427799966237606668e+02 7.526981892077011480e+02 7.643284924639373230e+02 7.764004451970530454e+02 7.890111684264963969e+02 8.037377011282992498e+02 8.484107237118203102e+02 8.839108702963017095e+02 9.119921354837852050e+02 9.414097255281536718e+02 9.708911532928065071e+02 9.782232537469246836e+02 9.442737586605380784e+02 9.909061934583944549e+02 1.047583435255620543e+03
6.082702172348065233e+02 5.618798089188207996e+02 6.021507377492554269e+02 6.260902289045601492e+02 6.425789491568713174e+02 6.482446052133525427e+02 6.561201748521264108e+02 6.564576157087353749e+02 6.539863940250583028e+02 6.960704053414557393e+02 7.478627686588786219e+02 7.549225892803909801e+02 7.427420462120255706e+02 7.341956070863259356e+02 7.746424113752372023e+02 7.560813249042009829e+02 7.979593292476853321e+02 7.859268647301241799e+02 7.970509824664334246e+02 7.476481412456740827e+02 7.850994223308947539e+02 7.792366899680199595e+02 8.032358408596456911e+02 7.864796101745514534e+02 8.246833762410255986e+02 8.524938028994574779e+02 8.538775821018455190e+02 8.659300266917700810e+02 8.248130426305162928e+02 8.382408844415581370e+02 8.547584520235760692e+02 8.721021079673981831e+02 8.913531303091809832e+02 9.118191646557603462e+02 9.463129354503047352e+02 9.898369214561610079e+02 1.045620386893096111e+03
6.637435545422003997e+02 6.243178877163052221e+02 5.772540671401560530e+02 6.339465408522758025e+02 6.754091634766989500e+02 7.048552658630514998e+02 7.222025850526339354e+02 7.237257960065719544e+02 7.270709077741410056e+02 7.377246046643298314e+02 7.893558044930268807e+02 8.199115096972936954e+02 8.037477142552730811e+02 7.888415398683471267e+02 8.288633397362368669e+02 8.116621674386998393e+02 8.537096188709298303e+02 8.428783940989693519e+02 8.449962350501971287e+02 7.918101089936141079e+02 8.363504404092018376e+02 8.448420614569398595e+02 8.428584392971414445e+02 8.263873691433274189e+02 8.703225556787023152e+02 9.159647001608367418e+02 9.225385004070332116e+02 9.212038550307544256e+02 8.686335832228671734e+02 8.735809310931884966e+02 9.147649269390964264e+02 9.042076152835896892e+02 9.286555668955077181e+02 9.531930669463849881e+02 9.840082482920261100e+02 1.026617934944038780e+03 1.080706092507332869e+03
