output/field_example/elevation_000031.asc
nrows	150
cellsize	66.66666667
xllcorner	0
ncols	150
yllcorner	0
NODATA_value	-9999
[rows 51 to 67 of 150, columns 74 to 110 of 150]
4.546802481927314261e+02 5.223000063719476884e+02 5.669012833602658930e+02 5.505719831150819346e+02 5.082989569593710826e+02 4.651097203447016000e+02 4.164041858192072141e+02 4.016574023986779594e+02 3.467810751006422834e+02 3.496846724740717605e+02 3.975259538196978042e+02 3.598838354630210574e+02 3.644532868895435627e+02 4.121268888453234354e+02 3.770616280985979643e+02 3.812109570970152959e+02 3.852421377441510231e+02 3.898043902705435926e+02 4.481806243111126378e+02 4.890159851058537583e+02 4.747643744463255189e+02 4.190958575861275790e+02 4.663445838791394067e+02 4.329313293842873804e+02 4.381951535564059554e+02 4.995980557690446062e+02 5.072016050003522878e+02 4.573505134815806628e+02 4.617323796447726068e+02 5.155115666929460758e+02 5.653990463397062740e+02 6.082498859449125348e+02 6.019653284835172826e+02 5.437309288788361528e+02 6.043523864661884772e+02 6.578191789450442002e+02 6.859033296784244840e+02
4.881003288128464419e+02 5.515199577535897788e+02 6.049953248952103877e+02 6.016254242308042421e+02 5.559033632201159207e+02 4.993730580702454063e+02 4.833244321661750291e+02 4.394137757448002048e+02 3.834508949493122145e+02 3.919749130414119804e+02 3.535798033155057283e+02 4.068243202479324623e+02 4.325795015218037065e+02 4.586029534044217257e+02 4.480298381535300791e+02 4.490938861899645076e+02 4.446601095776537136e+02 4.385703073339195726e+02 4.908131971022939979e+02 5.363443153371141534e+02 5.255291378609190360e+02 4.790435381942791082e+02 4.262930807360618815e+02 4.751547054589540835e+02 5.072786048967797683e+02 5.502206940588026782e+02 5.578358039846713154e+02 5.208803867994801067e+02 4.852830846243961105e+02 5.550110283249629219e+02 6.071136482667230894e+02 6.536533812172157241e+02 6.490979907784303578e+02 6.034462788718902857e+02 5.868131943811052906e+02 6.552297024449393348e+02 7.178028342457773761e+02
5.188255063896896218e+02 5.860022591722116658e+02 6.384152571932764886e+02 6.446484743867721363e+02 6.006769660267167410e+02 5.579047938683088432e+02 5.290996665766183469e+02 4.783078558997418099e+02 4.178880404830353541e+02 3.956883415179801204e+02 3.572466256179198467e+02 4.119867583621501126e+02 4.532170227735812205e+02 4.921553890018969923e+02 5.079004481167947347e+02 5.165501347116081661e+02 5.100525457072023983e+02 4.975927934144659162e+02 5.416520700668176005e+02 5.842280431685252324e+02 5.753120186122843052e+02 5.227061846641441889e+02 4.639970655134576987e+02 5.113466461651782424e+02 5.621346129142507380e+02 6.053762661821456277e+02 6.101573157413128001e+02 5.680074169013664687e+02 5.117479968483880270e+02 5.672883228973429368e+02 6.419497765523383350e+02 6.944560571487927518e+02 6.995577359934944752e+02 6.629292236537262397e+02 6.179223849367795083e+02 6.858922956076341961e+02 7.502968161338993696e+02
5.203888785064007152e+02 5.896588617897634776e+02 6.608953488125322338e+02 6.826944277250064488e+02 6.461829481229484600e+02 6.045138407368299340e+02 5.426652904171187402e+02 4.780506820204531095e+02 4.499049125352947840e+02 4.181730021033802700e+02 4.052847266029119737e+02 3.636074096087370435e+02 4.218702423932245438e+02 4.743812854589510266e+02 5.154154823916361465e+02 5.509406936745459689e+02 5.702647303847522835e+02 5.661332494422563286e+02 5.985398210015663381e+02 6.333137999372127069e+02 6.214841092220884775e+02 5.671581962294962977e+02 5.094902977710099776e+02 5.502763756678308482e+02 6.052479084188337310e+02 6.536080294369878629e+02 6.547850675335172355e+02 6.036503864018465038e+02 5.412754270622864397e+02 6.043876995031487240e+02 6.614024907149729415e+02 7.260120897978508765e+02 7.442825806555675854e+02 7.072669203516824155e+02 6.526602987536034561e+02 7.187559844355820360e+02 7.832429856608117689e+02
5.530821608881566362e+02 6.209476725023390600e+02 6.902002367197175090e+02 7.168214630420385447e+02 6.794808606009864889e+02 6.147816643402878753e+02 5.462249064399659346e+02 5.114991482657879942e+02 4.764795634803123221e+02 4.425293067417791235e+02 4.051312779405760693e+02 4.165046440612359220e+02 3.701953825528780726e+02 4.290774479694910042e+02 4.707361091463752132e+02 5.374038429106341255e+02 5.949875211203116123e+02 6.258623969918795638e+02 6.544631683928770371e+02 6.768767534131721959e+02 6.654806299366958910e+02 6.196353498775808930e+02 5.779709300264579497e+02 5.834208616042287758e+02 6.459374486237572910e+02 6.966991320845785367e+02 6.944816722036674719e+02 6.385371741882306651e+02 5.738309823311240052e+02 6.366804131217494387e+02 6.958764627272464622e+02 7.514770070859223097e+02 7.813684067074732411e+02 7.534097048828674588e+02 6.908674046346872046e+02 7.544633199408668816e+02 8.172895668540015777e+02
5.822774792671076511e+02 6.516772735687637805e+02 7.193120002996046196e+02 7.407606573553946419e+02 6.878398798722708989e+02 6.243943041236220779e+02 5.820562918803523189e+02 5.413733490077335091e+02 5.034514444814749936e+02 4.687717297123506910e+02 4.423074415450353172e+02 4.573026312505958231e+02 4.247796153347647987e+02 3.762145191509397364e+02 4.509346477759424943e+02 5.244805488295011173e+02 5.835801189427909321e+02 6.282051268574173264e+02 6.609569387099255664e+02 6.881643429727907915e+02 6.987773585140744217e+02 6.829613501437426066e+02 6.540946397635353833e+02 6.436918907298851309e+02 6.919538523214677070e+02 7.404223860714330385e+02 7.349088974243360326e+02 6.781289848913681908e+02 6.200654803189997892e+02 6.244213414046066646e+02 6.816382731339122074e+02 7.488618859027891403e+02 8.057823541958066471e+02 7.915295519437831899e+02 7.320856696621806350e+02 7.936114663391299473e+02 8.532601277840896046e+02
6.127093376011142709e+02 6.820906276585635624e+02 7.495047716423493966e+02 7.693222898794083449e+02 7.213769725396283548e+02 6.653340002366878707e+02 6.159109330197361487e+02 5.723473767793674369e+02 5.353592659053853140e+02 5.019520533201930448e+02 5.031836273067771117e+02 4.887212333070129944e+02 4.281233102770171399e+02 3.801041270859811334e+02 4.407077388426038169e+02 4.868123279863027619e+02 5.398697399752355750e+02 5.868100173471257222e+02 6.061066521920228070e+02 6.538589873212550856e+02 6.932614087500257938e+02 7.211742568968044225e+02 7.230953996045807344e+02 7.158660131340948283e+02 7.504051515913191679e+02 7.889586846567286784e+02 7.794101006222958858e+02 7.253717988349212646e+02 6.723344202352576531e+02 6.653163910552389098e+02 7.168782727061702644e+02 7.808976318409750093e+02 8.375480437680267869e+02 8.321425338019669198e+02 7.772730483838622604e+02 8.387020245689805051e+02 8.909895707002134486e+02
6.459514099420854336e+02 7.141943106241723171e+02 7.816267424670431865e+02 8.028567796976569753e+02 7.585415993045398864e+02 7.026077856502492978e+02 6.519239331334266581e+02 6.099815648023238737e+02 5.715145432256657614e+02 5.687882048157389363e+02 5.591492292451098365e+02 5.079019170248635646e+02 4.719530953792281025e+02 4.267558269522892260e+02 3.866148328965424525e+02 4.424838696160716154e+02 4.984037109712618303e+02 5.215668888592505255e+02 5.412008593441970561e+02 5.977721768462356522e+02 6.511181187957145085e+02 7.106191213999600222e+02 7.553218883838242164e+02 7.833223469043697378e+02 8.147876279005653259e+02 8.390678777477887706e+02 8.263514863682365785e+02 7.794749022077462541e+02 7.353108497174047216e+02 7.179266386641894542e+02 7.592699095168205758e+02 8.192050786269135187e+02 8.761260754113915254e+02 8.788874720523293718e+02 8.340320920547999322e+02 8.564734906861086756e+02 9.247515804821862275e+02
6.833935011362574414e+02 7.493084224633937538e+02 8.160735697574579035e+02 8.391437822018393717e+02 7.972620431338605158e+02 7.437894256680358467e+02 6.977706272008376800e+02 6.523357648205744681e+02 6.423948040309319367e+02 6.344193518442641562e+02 5.914870225500086462e+02 5.683479623875862217e+02 5.129557247330201335e+02 4.894962306805221033e+02 4.417100553908858274e+02 3.933164735254952120e+02 4.516319724144878478e+02 4.537629557028158160e+02 4.960265560309590569e+02 5.474968468355721143e+02 6.081846155355486871e+02 6.740209381479012336e+02 7.412706163293361215e+02 7.991010193353380373e+02 8.418338681058958173e+02 8.709055859915597466e+02 8.650877638789044113e+02 8.414439657225912015e+02 8.099561177133895171e+02 7.974845789341759428e+02 8.053942256796907486e+02 8.639738176214110581e+02 9.204736008386323647e+02 9.315488136663919931e+02 8.978207485223570075e+02 9.149280946908296528e+02 9.673865301615513772e+02
7.265027814369663020e+02 7.885456602196211406e+02 8.527923911458855173e+02 8.766706622936848134e+02 8.396537468174535661e+02 7.960532331181398149e+02 7.541729465703790538e+02 7.184352664129077084e+02 7.116648542115708551e+02 6.840905567583025686e+02 6.516754814871019335e+02 6.138789839535824058e+02 5.757945075722141155e+02 5.361901808729793402e+02 4.906389431484838610e+02 4.523223087297802181e+02 3.992899329914597502e+02 4.653324463038230192e+02 5.277728398194407191e+02 5.809867808259675712e+02 6.321826575450322707e+02 6.829318367014025171e+02 7.293873704857369376e+02 7.675037689673745263e+02 8.122587460737258880e+02 8.509210982265689154e+02 8.631869582340104898e+02 8.742903324729047654e+02 8.738285585052582292e+02 8.751975086802430042e+02 8.771423814337053955e+02 9.177911180886624152e+02 9.681829689128444443e+02 9.830204482560185397e+02 9.739381004316496728e+02 9.835256362902933915e+02 1.020020089123636467e+03
7.737612734372534078e+02 8.332118741046689365e+02 8.901377700858371327e+02 9.101303187698542843e+02 8.825021170930407379e+02 8.440525258865300202e+02 8.071544102903709472e+02 7.770307520703821638e+02 7.562129380553667488e+02 7.276448123903705891e+02 6.951999329468055748e+02 6.610657758054508122e+02 6.236604872968354130e+02 5.806534502115162013e+02 5.283665159302551046e+02 4.653117892539652303e+02 4.029462236224147205e+02 4.707236389517910311e+02 5.131017146531214621e+02 5.573480399626441795e+02 5.971931912193421113e+02 6.378050882212920669e+02 6.736335604221924314e+02 7.201867674481497943e+02 7.770310321429079750e+02 7.938035477504496384e+02 8.031879338038476135e+02 8.450381263224383019e+02 8.823479652111877840e+02 9.193166339868686237e+02 9.461443786458655723e+02 9.802310709203518400e+02 1.012464482597319716e+03 1.036485539246066310e+03 1.042713259625075352e+03 1.053089486583922280e+03 1.067520472162540727e+03
8.439495188417954523e+02 8.903421892217194227e+02 9.226927478764879424e+02 9.168914099584378619e+02 8.785846059068962859e+02 8.365069504831035374e+02 7.981523918239761315e+02 7.649803722685799130e+02 7.359161111574202323e+02 7.065105314888428438e+02 6.774545428174764083e+02 6.527027982899714971e+02 6.206109516292275430e+02 5.805445698508997339e+02 5.221281428442499646e+02 4.601280031630900567e+02 4.067859399754736955e+02 4.537770087480414531e+02 4.467351009360185685e+02 5.058366350344177249e+02 5.486318771988755998e+02 5.814220771664460017e+02 6.263187802775782984e+02 6.847480947438523344e+02 7.303993499944508585e+02 7.298716637492924519e+02 7.357137615337969692e+02 7.867025696369265688e+02 8.432552202473776788e+02 9.051078559097624066e+02 9.619644611448646856e+02 1.004368321233919460e+03 1.015986763218939359e+03 1.038803360558320492e+03 1.061080888816923789e+03 1.073507986095717342e+03 1.070083044137477600e+03
9.106040497090579038e+02 9.354926251104265020e+02 9.389885594649783798e+02 8.961362455481777261e+02 8.327664384302398730e+02 7.807610039119696239e+02 7.375433403993300772e+02 7.010475860461243656e+02 6.691644157231738745e+02 6.391661215729759533e+02 6.088673767652173865e+02 5.956296178806943544e+02 5.647867355897869857e+02 5.371804413889794887e+02 5.012237615511284048e+02 4.350137903871833487e+02 4.543678275478933415e+02 4.123316051544713901e+02 4.676084910440832800e+02 4.741379810978127125e+02 4.970919271514291040e+02 5.414671435163816113e+02 5.950985524804162878e+02 6.467534697921372526e+02 6.705154097290341042e+02 6.686126219972364879e+02 7.184462908418843199e+02 7.745123643581339365e+02 8.380559288618866276e+02 9.064608972229334540e+02 9.632111883929136411e+02 9.739633749601239288e+02 9.531920077274111236e+02 9.831956111430059764e+02 1.022740738608365973e+03 1.032222014171985165e+03 1.006121621590377231e+03
9.202210201597890773e+02 9.497849630976746766e+02 9.345224611288268761e+02 8.616301679495795725e+02 7.874273097345260339e+02 7.247721357491384424e+02 6.749932305581525043e+02 6.343162661482049316e+02 5.998231020567737914e+02 5.696401166132334311e+02 5.433047795463068041e+02 5.200230874452430498e+02 4.978399928982022402e+02 4.780030175798127630e+02 4.605133695997625978e+02 4.960415546580647401e+02 4.856835118110129201e+02 4.168253783775699617e+02 4.709728116326899681e+02 5.075172401940358782e+02 5.371864181025391645e+02 5.300516700608276324e+02 5.553249277526249443e+02 5.842810697213423055e+02 6.159026267713137486e+02 6.605058727707377102e+02 7.118819282279998788e+02 7.728182192529102394e+02 8.428999480125046375e+02 9.146378512672894203e+02 9.463823775262012532e+02 9.255767011980492498e+02 8.797994708577418805e+02 9.230776566195777377e+02 9.707199086056695023e+02 9.768638724397725355e+02 9.381999213941232938e+02
8.796710588303212717e+02 9.342045121514771608e+02 9.475265883387012309e+02 9.001468278830227518e+02 8.279775467697501199e+02 7.632243112054443372e+02 7.108637639972931765e+02 6.687579169901591740e+02 6.348946478866502048e+02 6.039588393367638446e+02 5.776415401927912399e+02 5.518446364986858725e+02 5.280276125872590001e+02 5.015254246933400282e+02 5.038482575482697143e+02 5.452189013039144356e+02 5.293631880387966930e+02 4.792882450732219013e+02 4.240104083973525917e+02 4.871024862908786872e+02 5.319840606982705822e+02 5.722568931695348056e+02 6.120814942947077952e+02 6.423058053144825408e+02 6.773091243192304773e+02 7.166370272964957167e+02 7.628883357091744983e+02 8.156937312752943399e+02 8.777694443657516103e+02 9.209384093474734527e+02 9.159561948012842549e+02 8.681051091891365559e+02 8.166654543022995085e+02 8.680951948614207367e+02 9.195553386114868317e+02 9.227580880967234407e+02 8.770203967792612048e+02
8.373600183658904825e+02 9.131382505958423508e+02 9.630665393513053232e+02 9.333859501820063542e+02 8.658604953240718487e+02 8.012253738921518789e+02 7.487085003831833774e+02 7.082836753162720242e+02 6.717446194379723465e+02 6.411492944957267355e+02 6.111587759260764869e+02 5.832173232865411592e+02 5.514003187986045305e+02 5.495881423622970487e+02 5.525866884457319657e+02 5.922090581083322149e+02 5.770046841141535197e+02 5.296737584044021787e+02 4.821735498890405438e+02 4.302198327476940563e+02 4.898470017683121114e+02 5.530919669465407651e+02 6.162218249734909250e+02 6.762639441234896367e+02 7.240622298904847867e+02 7.669327771650130217e+02 8.108702307608879210e+02 8.549460413995437875e+02 8.933408339663391189e+02 9.089924065094203343e+02 8.797408502556407939e+02 8.209835123273991258e+02 7.635411467256761853e+02 8.198290678918909862e+02 8.729698255270739082e+02 8.734910180124467161e+02 8.234359822219008720e+02
8.694189926864964946e+02 9.285391232598577744e+02 9.840350553264004247e+02 9.667440075686157570e+02 9.047585684063080862e+02 8.429154750121949746e+02 7.938200021868294698e+02 7.495351576696729126e+02 7.132860141959039311e+02 6.783491304522724477e+02 6.466789503155425791e+02 6.119342774572490953e+02 6.056089426402345453e+02 6.039090321662176848e+02 6.075898401330626939e+02 6.384415456263459419e+02 6.109889640179203525e+02 5.427696972232004100e+02 4.828096688770981473e+02 4.344593126365050466e+02 4.934705218500911315e+02 5.481806560416134744e+02 6.075670818052849427e+02 6.632690557910767666e+02 7.132401439083541845e+02 7.619001283837548044e+02 8.092810831094915329e+02 8.481677073003297664e+02 8.648477292911262566e+02 8.737878224469039878e+02 8.326378202196412985e+02 7.768788616541280589e+02 7.180594673300879549e+02 7.773317349156020555e+02 8.310429033819217466e+02 8.289419945671020287e+02 7.758456139021122908e+02
