output/field_example/elevation_000011.asc
nrows	150
cellsize	66.66666667
xllcorner	0
ncols	150
yllcorner	0
NODATA_value	-9999
[rows 17 to 33 of 150, columns 111 to 147 of 150]
8.910947477795988334e+02 8.427811140624461359e+02 8.640939115671302488e+02 8.261662118068464906e+02 8.593767700681755741e+02 9.128285877990854260e+02 9.674238167689093189e+02 9.880461620076781628e+02 1.040562229354445208e+03 1.080245610574210332e+03 1.067336782498770617e+03 1.007653383201012048e+03 9.441921414276387168e+02 9.969931247321759429e+02 1.058644813410582401e+03 1.112066509579131434e+03 1.111097711228366961e+03 1.059469103472470579e+03 9.962756917922208686e+02 1.058965648774146302e+03 1.118320361212049875e+03 1.175044694976009851e+03 1.229702894076686107e+03 1.281836295586281494e+03 1.326016277592288816e+03 1.356869441560476616e+03 1.354041181800479080e+03 1.307700444041619221e+03 1.257588690862264002e+03 1.268882974257083561e+03 1.285886772739659136e+03 1.323910042688074327e+03 1.311503677078552528e+03 1.317284516371552854e+03 1.371768916188891808e+03 1.422853762115124255e+03 1.477366444840218492e+03
8.430915478920670694e+02 7.926371837812357626e+02 8.094112614914981805e+02 7.962638665344013589e+02 8.632253287091831453e+02 9.142024111065975376e+02 9.124610126120054474e+02 9.510389782361356765e+02 9.937548040538495115e+02 1.030310257291297603e+03 1.025882854315237410e+03 9.715656331564618995e+02 9.086438673070533696e+02 9.629956427249076114e+02 1.023783069417008051e+03 1.072363317894038801e+03 1.066259048183772165e+03 1.021881751060989586e+03 9.655996239354427644e+02 1.024946700096118093e+03 1.075959558885846491e+03 1.128737797714984026e+03 1.184438008940172040e+03 1.237461932746437014e+03 1.269392833007419767e+03 1.304462854945466688e+03 1.306325051705523038e+03 1.256661739189097261e+03 1.202025894022619013e+03 1.214600202060727042e+03 1.258313334560647490e+03 1.260959805665089334e+03 1.253790965515028347e+03 1.313615079249964992e+03 1.346107487321440431e+03 1.392137751389594996e+03 1.445278292266474637e+03
7.968153119088569838e+02 7.494071080904611790e+02 7.536859661347268684e+02 8.170868289267239106e+02 8.756126007898187709e+02 8.960648100117558670e+02 8.656498875840953815e+02 9.171311979828511767e+02 9.329026875185120389e+02 9.756925494650918154e+02 9.795925904738148802e+02 9.372033171836192196e+02 8.766307076485595644e+02 9.317705450569462755e+02 9.898930052854855148e+02 1.026152091623151591e+03 1.010986759555199455e+03 9.719354945841829476e+02 9.387519851043606423e+02 9.795437941311191707e+02 1.027175849488786071e+03 1.082387558763904963e+03 1.145373982260435469e+03 1.202912560309502169e+03 1.202392685038674244e+03 1.244571034430321333e+03 1.258754609024788579e+03 1.214542571825639243e+03 1.154537901295563188e+03 1.199917226029993344e+03 1.204383875221655671e+03 1.196201538964481870e+03 1.251617826134398911e+03 1.278491876748100367e+03 1.317883146724838070e+03 1.362507836509357730e+03 1.413084252679468818e+03
7.370940607461185436e+02 7.133958271849598987e+02 7.710883334040280488e+02 8.279054881878062133e+02 8.650497564116643616e+02 8.601731621947758413e+02 8.205838696648171435e+02 8.724239690310607784e+02 8.734790509240718848e+02 9.194043819846602901e+02 9.201208835339799634e+02 9.064215089526727525e+02 8.474944679193703223e+02 9.029989308293226031e+02 9.591063315326500742e+02 9.721990822242686363e+02 9.418484542018627508e+02 9.062877132110116918e+02 9.689367371926217629e+02 1.021669617863763847e+03 1.067855221178213924e+03 1.112124486444965441e+03 1.150801810875149386e+03 1.164059677186154659e+03 1.137507442987128343e+03 1.177343568673598838e+03 1.207402527418071259e+03 1.182711583050975833e+03 1.118858028429437127e+03 1.163887529741522030e+03 1.143504454771369637e+03 1.191170769017184512e+03 1.212847200181870221e+03 1.252067204879846713e+03 1.291446741760377108e+03 1.328760517189592974e+03 1.380682285423213443e+03
6.792735039352774038e+02 7.297120829949775498e+02 7.625362245891661814e+02 7.948693041436736166e+02 8.223286223962554686e+02 8.001936591527157816e+02 7.784143409593483511e+02 8.293702327766978897e+02 8.190638039672891182e+02 8.658594194704413667e+02 8.578981079447887623e+02 8.632680349198963086e+02 8.206085792174879998e+02 8.756467996540051217e+02 9.113237580062988172e+02 9.175947904454452555e+02 8.735746925245251759e+02 8.858130575516717045e+02 9.545023574691534805e+02 1.009817524454051863e+03 1.055512317033491854e+03 1.088931004829991480e+03 1.105786357718577847e+03 1.108455571875877240e+03 1.077329924270406764e+03 1.120730595624738271e+03 1.154249780682654546e+03 1.143761365925678092e+03 1.086374538910478577e+03 1.127386415039489520e+03 1.111777617464966170e+03 1.148224399491422218e+03 1.188573774911769533e+03 1.241405905309941772e+03 1.251775730868114806e+03 1.294963573470467509e+03 1.349532248877279017e+03
7.162272114650024832e+02 6.906503416236250814e+02 6.997682194544886443e+02 7.599104133975193918e+02 7.751196470797176516e+02 7.329936128921399359e+02 7.414770557949334489e+02 7.920483095012472177e+02 7.691396557883487048e+02 8.208338073874110705e+02 7.953366282707481787e+02 8.057884505867705229e+02 8.597362979967346064e+02 8.354984026412869298e+02 8.445108433113784940e+02 8.564592991678869112e+02 9.208225434949998771e+02 9.429324994407612621e+02 9.078591883668767650e+02 9.670388142666608928e+02 1.000746497785720749e+03 1.027287878944159047e+03 1.033982925033520587e+03 1.040317672298572006e+03 1.027743217505437769e+03 1.064542141778315454e+03 1.091856690852614747e+03 1.095730179135288608e+03 1.056742758362505356e+03 1.076242769289209946e+03 1.133442743239812216e+03 1.170365369715396128e+03 1.173935685953919801e+03 1.204639081946605302e+03 1.269522516806730891e+03 1.333972153701103252e+03 1.390548797228459080e+03
7.549701989402859681e+02 7.511630741707737116e+02 7.567374372375005578e+02 7.112959210556191465e+02 7.196915114483192610e+02 7.803090546697940226e+02 7.957833357561669345e+02 7.555021506246087029e+02 8.050215322966569147e+02 7.820069572467601802e+02 8.326468861137859676e+02 8.699858233462251746e+02 9.094960605016009367e+02 9.068023736197058042e+02 8.766873088698785068e+02 9.145488544046544348e+02 9.583266379162120074e+02 9.945246097160575118e+02 9.758656419121946328e+02 9.264027323379827976e+02 9.377770241156973725e+02 9.510911122541274381e+02 9.633256605767031715e+02 9.768519796100191570e+02 9.889297941165041266e+02 1.001909197376349994e+03 1.016865560177983753e+03 1.034368675007064439e+03 1.095853335852758846e+03 1.133512862255060554e+03 1.113157526628224559e+03 1.140332398377835716e+03 1.202305082740828993e+03 1.259912663644029863e+03 1.277412856278858953e+03 1.330282614549858636e+03 1.387619087035018993e+03
7.965200351049380743e+02 8.098574569059509258e+02 8.014242708713231877e+02 7.443142435047810750e+02 7.503861966957430241e+02 8.149203452433469010e+02 8.386705909667463175e+02 8.030324858558772121e+02 8.392107474792626363e+02 8.091000729599921897e+02 8.656620952451665971e+02 9.190460992725988945e+02 9.627591027073052601e+02 9.639430138580680705e+02 9.171166864605449973e+02 9.685518586965888517e+02 1.007074912133540010e+03 1.044455928784177559e+03 1.028105871661372476e+03 9.734564774278983350e+02 9.760402864784889516e+02 1.012455156577166008e+03 1.002976557593163420e+03 1.043076989614559125e+03 1.045366456297862896e+03 1.039336887966812810e+03 1.065334077225082183e+03 1.095202436755702820e+03 1.140546417724999174e+03 1.186622995956172417e+03 1.179848359232459870e+03 1.195593996255974162e+03 1.247384812693677532e+03 1.299254913445091461e+03 1.345133515382661926e+03 1.383706709816070543e+03 1.426938992239824984e+03
8.340358099517081882e+02 8.655882064852182793e+02 8.415158153054904915e+02 7.796683488850004551e+02 7.833153997680153680e+02 8.424408579882547201e+02 8.804714942539187632e+02 8.538091187891386653e+02 8.798437700490806037e+02 8.393971778610293768e+02 9.061678207892433647e+02 9.584223845744193113e+02 1.008641046940290380e+03 1.013821046272672447e+03 9.733882758698289308e+02 9.849876140337358947e+02 1.047112822645647611e+03 1.091112983222943967e+03 1.077867696024753513e+03 1.025109076188884728e+03 1.021234280923543452e+03 1.063504880102786728e+03 1.049393455698965454e+03 1.098224266744260831e+03 1.107883277264953222e+03 1.097549890683690137e+03 1.106462242818677396e+03 1.149597189050633006e+03 1.194735050636110827e+03 1.240584518801515287e+03 1.248110973661737717e+03 1.260935316633062030e+03 1.304233036072327195e+03 1.342074632367586219e+03 1.374795730676022458e+03 1.396630731228985951e+03 1.419137146338939829e+03
8.858007860719210385e+02 9.117682507360459567e+02 8.735106417183002350e+02 8.178069296497724281e+02 8.200808978466477583e+02 8.798031729689395206e+02 9.205038192774529762e+02 9.033660981668070917e+02 9.199573070245893405e+02 8.727996353986820850e+02 9.155137520595469596e+02 9.900876613682246443e+02 1.046769376031091952e+03 1.064972485905641406e+03 1.035968634866490902e+03 1.040548980218544557e+03 1.089197416210114170e+03 1.136034440169363734e+03 1.129206454861636530e+03 1.083069290722404503e+03 1.073994868317279725e+03 1.115663273488761661e+03 1.103418862830877742e+03 1.145661945860722426e+03 1.174554439612393480e+03 1.162023325213416001e+03 1.165243997026990428e+03 1.207855507074172237e+03 1.248546355903369431e+03 1.290377315199970781e+03 1.306763151707191810e+03 1.316112816250534024e+03 1.332771578198974339e+03 1.341342995438182697e+03 1.345378552321202733e+03 1.339571664362971887e+03 1.350891863199825366e+03
9.337446032135494534e+02 9.558160485408370732e+02 9.142649983036458252e+02 8.617151184543663476e+02 8.696250810913298892e+02 8.896300058421405765e+02 9.525626079188067479e+02 9.515442350240134601e+02 9.608644504216777023e+02 9.113268952736063966e+02 9.567069714510816993e+02 1.003258819240319326e+03 1.069932015246485662e+03 1.115210015624903690e+03 1.106415054327219650e+03 1.108486191814125050e+03 1.141537703215449710e+03 1.180926671849857712e+03 1.181547627147238245e+03 1.148686954763971016e+03 1.135769660514145926e+03 1.174053084054332203e+03 1.168230984843077522e+03 1.202838042110668312e+03 1.234936989917911660e+03 1.229346815933182825e+03 1.232401653303391868e+03 1.271197662072926278e+03 1.300491251224732650e+03 1.318039791057485445e+03 1.311129906202500706e+03 1.297234557313232699e+03 1.295600850004468612e+03 1.282082965373208253e+03 1.275738510868525964e+03 1.265188779243374256e+03 1.280825463498310000e+03
9.835634515323063169e+02 1.001893514354274430e+03 9.611804318854458415e+02 9.132325278020015276e+02 9.235451564182997117e+02 9.392879657725032985e+02 9.942402064296878734e+02 1.001597195465375421e+03 1.005736884223398533e+03 9.564575753342055577e+02 1.002004976492466312e+03 1.055237409531800949e+03 1.108665450365395373e+03 1.159841527229426447e+03 1.171743289184931655e+03 1.175566527317121881e+03 1.191413321676884607e+03 1.213707013074091719e+03 1.222976734065767687e+03 1.215338642755673163e+03 1.204027985577170512e+03 1.235081635146610097e+03 1.238775161451202393e+03 1.264016706749517198e+03 1.280309049687892639e+03 1.282235137739612128e+03 1.289091747414560814e+03 1.307703111250009442e+03 1.313222581127879039e+03 1.294121153651118220e+03 1.263578694893447164e+03 1.223995721774263529e+03 1.224596001847868592e+03 1.211580031177536512e+03 1.205040764480900862e+03 1.193584201952578269e+03 1.238786958649086955e+03
1.036133003099158032e+03 1.050958366052905831e+03 1.014905591467857107e+03 9.746462296166191663e+02 9.841066322406143172e+02 9.967373283663533812e+02 1.045606079765752838e+03 1.055973740489437205e+03 1.056130344175177243e+03 1.009949813698772687e+03 1.057642784181239222e+03 1.106919104100516734e+03 1.160340332285714339e+03 1.194109578419185482e+03 1.199450135585581847e+03 1.184645760283755635e+03 1.174572748209112888e+03 1.187130283157354825e+03 1.210859304681811182e+03 1.236538995198200837e+03 1.258012735444934606e+03 1.281232026206548198e+03 1.289975710723319935e+03 1.288238791431247137e+03 1.274136509279136590e+03 1.260849438631377097e+03 1.270209471557567667e+03 1.287984704343732119e+03 1.280967780527301784e+03 1.236833504178595831e+03 1.193207368397547953e+03 1.149850805195793555e+03 1.157200227348548651e+03 1.147455607255011046e+03 1.143825295631995232e+03 1.144126125884558633e+03 1.200798490805574829e+03
1.087015687478753307e+03 1.097050015833661064e+03 1.075627214457508217e+03 1.042008036143535946e+03 1.049156311843548792e+03 1.060616737420937170e+03 1.099450994804797574e+03 1.113191483093250326e+03 1.111001826977137853e+03 1.073714213600453832e+03 1.115783129364138631e+03 1.164270425477347999e+03 1.195763709087611915e+03 1.199206149370688081e+03 1.171460837489924188e+03 1.128207428691396444e+03 1.097090941352601703e+03 1.110832270539637648e+03 1.150927018220249238e+03 1.202130248449525652e+03 1.242432772482799464e+03 1.275646331900830091e+03 1.280723925953785511e+03 1.254493491362444502e+03 1.212859281780274387e+03 1.182498851651955874e+03 1.198841379859115932e+03 1.236884503987726248e+03 1.235677863292054781e+03 1.185841934664448900e+03 1.130662204794783747e+03 1.086020783487050949e+03 1.100811964705882019e+03 1.091595641745946068e+03 1.089144461335303049e+03 1.144141416577111841e+03 1.205950391141699129e+03
1.118545577140781916e+03 1.112690518513665666e+03 1.106418013701224709e+03 1.093599324283017950e+03 1.098379844074330549e+03 1.113380555919798326e+03 1.138669374678273243e+03 1.159659258543375017e+03 1.161157682162212041e+03 1.143811135615540934e+03 1.179083000395584122e+03 1.204790332021313816e+03 1.204983016731490579e+03 1.171445142742891221e+03 1.116286902154892232e+03 1.065466670136150697e+03 1.019533808946317549e+03 1.039205415378930184e+03 1.093773647057894777e+03 1.141837070050458806e+03 1.190073586403875652e+03 1.239048733370764921e+03 1.241950606359259837e+03 1.196272481626280069e+03 1.148734386118529301e+03 1.105161346736829955e+03 1.130672136017796902e+03 1.186960393875994214e+03 1.189109055779880464e+03 1.141452420482293974e+03 1.084143883655358195e+03 1.033448306762223183e+03 1.059529652066814378e+03 1.042238615670898071e+03 1.091246889389006355e+03 1.148486884125038614e+03 1.213797965288216119e+03
1.086608320391856978e+03 1.059494162459182689e+03 1.063233887245341521e+03 1.056071149207553390e+03 1.062416616504939384e+03 1.086293565348220454e+03 1.116572369002019286e+03 1.147987820563291052e+03 1.176331270752751379e+03 1.196071110039350515e+03 1.217172888094327163e+03 1.217298240942616076e+03 1.182702173193703402e+03 1.123720145326370584e+03 1.065762025162049213e+03 1.006612565476057853e+03 9.555922065706810145e+02 9.949595025041495546e+02 1.038045384140900069e+03 1.084680258532690459e+03 1.143410227720175499e+03 1.199372994665932993e+03 1.200779612208173603e+03 1.147699182361329122e+03 1.089470421933531497e+03 1.041117074982794747e+03 1.091908505705772086e+03 1.142388203798521999e+03 1.140171741080367610e+03 1.098771007337549236e+03 1.047042491799749541e+03 9.932678356186526116e+02 1.000127265316451712e+03 1.063166716981278341e+03 1.126921066567196476e+03 1.182743699177670578e+03 1.237695184270219670e+03
1.020344128839927635e+03 9.844812267973219377e+02 9.905398103343399043e+02 9.758252793749795728e+02 9.811932075317366753e+02 1.014937409691334096e+03 1.052065369896299899e+03 1.092628618973909852e+03 1.141304284422781848e+03 1.178847658726013378e+03 1.206719893645864886e+03 1.195419971571119731e+03 1.140226587133341354e+03 1.080148249601667203e+03 1.017176427632974537e+03 9.622136272043308054e+02 9.102483843890167918e+02 9.493234333514585614e+02 9.888414654145258282e+02 1.039061355112553883e+03 1.104380929813566581e+03 1.164358852074700280e+03 1.163111085576372716e+03 1.106725918968788619e+03 1.044888373734390825e+03 9.933475624281995806e+02 1.050443022721127818e+03 1.099241008516745069e+03 1.088488128117503265e+03 1.040991504024025289e+03 1.020802093104453775e+03 9.605560751846185212e+02 1.016930761042168911e+03 1.066401423489683793e+03 1.115696204804249646e+03 1.164107633221628930e+03 1.207883310444439076e+03
