output/field_example/elevation_000012.asc
nrows	150
cellsize	66.66666667
xllcorner	0
ncols	150
yllcorner	0
NODATA_value	-9999
[rows 102 to 118 of 150, columns 0 to 36 of 150]
1.413255872973649078e-03 6.428842129291145113e+01 1.167257863693250073e+02 1.605246750387730117e+02 2.104932181467704879e+02 2.781169501675756806e+02 3.370948391138430793e+02 3.920058574830920861e+02 4.088348562040117713e+02 3.829436798298781355e+02 3.319701590329648297e+02 2.809845141507487938e+02 2.259289319583920417e+02 1.773638316135048285e+02 1.366911301451409315e+02 1.023487090268315001e+02 6.578405710462331513e+01 1.235457269250010768e+02 1.402857157047285170e+02 1.995400011150196349e+02 2.558261860359071704e+02 2.685595742376794988e+02 2.304462862166726893e+02 1.817670569118841115e+02 2.133618960704426399e+02 1.943342457642344812e+02 1.498392704122089754e+02 9.517931060950054700e+01 9.755651028699124083e+01 1.499093872825366418e+02 1.951372717167243138e+02 2.226438034994558279e+02 2.002375225445466924e+02 1.494662528524376626e+02 1.648489033839441333e+02 2.317410261598087118e+02 2.905175836902612900e+02
1.192267061398773979e-03 2.732732191683538758e+01 6.155239923162016424e+01 1.178648174207999659e+02 1.911450231867120806e+02 2.414944279557446123e+02 3.020538396877823288e+02 3.674715581554665391e+02 4.128829967592852199e+02 4.197828678228797230e+02 3.850345564068385897e+02 3.258484499187854908e+02 2.676103248924391664e+02 2.190751937248741683e+02 1.734232422313158679e+02 1.289824504601582476e+02 1.170138781375413402e+02 6.940942381973749775e+01 1.280282743258709957e+02 1.682458735259295963e+02 2.079765891169259930e+02 2.126899846531840410e+02 1.794390457390822746e+02 1.285194596085384546e+02 1.555119477459523409e+02 1.477350978295760910e+02 9.194804510455614377e+01 1.423388480674715879e+02 1.720886671102046250e+02 1.918949887239665770e+02 2.407052262272172811e+02 2.765625042195875380e+02 2.567669138714226733e+02 2.038895276327399699e+02 2.249889399064902022e+02 1.888913380765342822e+02 2.533238339885368191e+02
1.156201969121919580e-03 6.432643501429456023e+01 1.091919442150438186e+02 1.144396946452938835e+02 1.551428141348457643e+02 2.031934718500551185e+02 2.604666799358510616e+02 3.268913647376254517e+02 3.973796885701538031e+02 4.421189376983998613e+02 4.233981584641166478e+02 3.696581528716171192e+02 3.152019076867073295e+02 2.592510993695429420e+02 2.097200274431666855e+02 1.736193352589859842e+02 1.316368067072104964e+02 1.208740308956525666e+02 7.287719906905681455e+01 1.305922324215463846e+02 1.431113353786650180e+02 1.457807520474487717e+02 1.386533053290620501e+02 8.447720327061115597e+01 8.651558759566373169e+01 8.860827497069391256e+01 1.067394236133048508e+02 1.675814265634479341e+02 2.188524991651737253e+02 2.543981983668227542e+02 2.856082933793322240e+02 3.232933329611950626e+02 3.106327141242574044e+02 2.642368080733991178e+02 2.832629925459179390e+02 2.517649340212452103e+02 2.122046505101846776e+02
1.036848139846685384e-03 6.793387988291448210e+01 1.340596656569542517e+02 1.751804152348596517e+02 2.122719936664105091e+02 2.541179719429831039e+02 3.015698672458447618e+02 3.541445992243066598e+02 4.071612886008861665e+02 4.460513239115184660e+02 4.508313587696523541e+02 4.172299058318625953e+02 3.585641570395673057e+02 3.006042590037768605e+02 2.536098148460558832e+02 2.082618746635392029e+02 1.730432120439719483e+02 1.376787173108880040e+02 1.077514089221586602e+02 7.550145934922528568e+01 7.747564323366044903e+01 7.946779421721691961e+01 8.148085964554255156e+01 1.310626987899342453e+02 1.528642740971259286e+02 1.563467124572097759e+02 1.601825518058157058e+02 1.444008993653450261e+02 2.133699564919913598e+02 2.657083082169614840e+02 3.147402812295869694e+02 3.587430168714418528e+02 3.618909504445472294e+02 3.299882558710289118e+02 3.427286649274038268e+02 3.062478889702164224e+02 2.661493504701608686e+02
1.338579638800618636e-03 6.752845397261630467e+01 1.337484060096738006e+02 1.817884230165889505e+02 2.189844048263283867e+02 2.549714538429699928e+02 2.924580029258509626e+02 3.309420282695705282e+02 3.670107127226294210e+02 4.187487606800741560e+02 4.535394927498018660e+02 4.486093811752412535e+02 4.002162152600309355e+02 3.477630436466081392e+02 2.928595723214581881e+02 2.451833146514275370e+02 2.036294900061413671e+02 1.671912679725955400e+02 1.335028100086704512e+02 9.803423406132145601e+01 1.394421556972270650e+02 1.432003269576729281e+02 1.096626596568441130e+02 1.307475425002259612e+02 1.876942409585704183e+02 2.175203461881710609e+02 2.222458080402418261e+02 2.136701048658507034e+02 1.785682665916689587e+02 2.234840108726868380e+02 2.963675811644369560e+02 3.635161946634294168e+02 4.023258971823841534e+02 3.977276648448535070e+02 3.984826200634114457e+02 3.554480920353171314e+02 3.057136202773994000e+02
9.788329706542150000e-04 6.176021052942537182e+01 1.015725687984146361e+02 1.351236959183869430e+02 1.666072163126680152e+02 1.987446785151870756e+02 2.323715077825987692e+02 2.652660707988838453e+02 3.137761942333354455e+02 3.702128995723277853e+02 4.351146953082713935e+02 4.696411252389492574e+02 4.453655953008491224e+02 3.887247446870642875e+02 3.302477573265640558e+02 2.789952799209410159e+02 2.354549374103386299e+02 1.983443492210365093e+02 1.617296190526717226e+02 1.244054903549753988e+02 1.827254282302206434e+02 1.905127502214309345e+02 1.438369510738893382e+02 1.885069318835056436e+02 1.858818296062521540e+02 2.462961603691967980e+02 2.795154032972536129e+02 2.639601900920799835e+02 2.041876036109789254e+02 2.450859816969924907e+02 2.883020688204858288e+02 3.479669423302780160e+02 4.137749092237367563e+02 4.538388578006157559e+02 4.464080288306778925e+02 3.953838319545231457e+02 3.356870234991488360e+02
8.594695960696056413e-04 2.128585083645219811e+01 4.645310185916140000e+01 7.374227434378991575e+01 1.030056396504052856e+02 1.347160263604437773e+02 1.695439807118773103e+02 2.095082444798307790e+02 2.589383920386550813e+02 3.299160180289609912e+02 4.091225859310405326e+02 4.740613916944114408e+02 4.769880097904861032e+02 4.254103389440558658e+02 3.666232240875839352e+02 3.148662254314876918e+02 2.726244581661243842e+02 2.327586034913470030e+02 1.917345975691762021e+02 1.540841931867006167e+02 2.171305133611752467e+02 2.288550380316459325e+02 1.813357632232774108e+02 2.310018696464032644e+02 2.246558215067423703e+02 2.807166668864502412e+02 3.222777245161478845e+02 2.997962764682608281e+02 2.327716738254842994e+02 2.720584328812657873e+02 3.193645704455531700e+02 3.757925496848492912e+02 4.406929547503196432e+02 4.923811431729964738e+02 4.849694164474830131e+02 4.285591979177138455e+02 3.639976855328101237e+02
7.909469283660093379e-04 6.050271906966266044e+01 1.047070301165394852e+02 1.334404889207318092e+02 1.595491287793168169e+02 1.892917415064429179e+02 2.215377268475229187e+02 2.542107782505672446e+02 2.984390761350268235e+02 3.435466466837023631e+02 4.151998725009783016e+02 4.885556792293447756e+02 5.074375741053797810e+02 4.621512864152191469e+02 4.068307039037695176e+02 3.594680978013994377e+02 3.149155267269105707e+02 2.690176817263021007e+02 2.279495895142795518e+02 1.875111214765449290e+02 2.518645754337219955e+02 2.673761153451119412e+02 2.219631385707464801e+02 2.726933264077532613e+02 2.678276890347794392e+02 3.220056088749055334e+02 3.605501171672303826e+02 3.322057647588266036e+02 2.645054976733066496e+02 3.018692020494222561e+02 3.488005512453821098e+02 4.057573329276847858e+02 4.700477855267915857e+02 5.241919636026026410e+02 5.181357064860981154e+02 4.591899865101327691e+02 3.928974305295306522e+02
1.318560720257353196e-03 5.750154234372430295e+01 1.176728203886811883e+02 1.764855775471866082e+02 2.200016159980937118e+02 2.497766210707805499e+02 2.824887602589950006e+02 3.165979973302750636e+02 3.502718221703398740e+02 3.995886841372426375e+02 4.552896984850031572e+02 5.180541576901232474e+02 5.398444635727447576e+02 5.023128690524180229e+02 4.578095001728316333e+02 4.106997888971914676e+02 3.594900339463650312e+02 3.142366396153045116e+02 2.701645820485182412e+02 2.253367526126455687e+02 2.897440055631399218e+02 3.088274527677766628e+02 2.664848418493363056e+02 3.175567627912224111e+02 3.159551870713519293e+02 3.750213146663498378e+02 4.012121834780227232e+02 3.600074213147865407e+02 3.005527473587968643e+02 3.358424077547110187e+02 3.808661397818324303e+02 4.370067531468290554e+02 5.010389725862286809e+02 5.555010884920999388e+02 5.497930388666384260e+02 4.899094689413006449e+02 4.235816716304252623e+02
9.626508231326779113e-04 5.122680618726189294e+01 1.099157054014229686e+02 1.738092467368472285e+02 2.367254461994485268e+02 2.928465746762525441e+02 3.319642012812550433e+02 3.721025100176257752e+02 4.126101056117549319e+02 4.509498373662317476e+02 5.057137919683152631e+02 5.481274501093104163e+02 5.648205414007522904e+02 5.427628011422950749e+02 5.089492220645587395e+02 4.597997013589592257e+02 4.141324180396804877e+02 3.667067013560630357e+02 3.149767061775079355e+02 2.686411315755776741e+02 3.319142732649244749e+02 3.545723032480682377e+02 3.162580221894409078e+02 3.671057431061219063e+02 3.691868261343894915e+02 4.250740266582313893e+02 4.441124834188871660e+02 3.994145932575506777e+02 3.442144083634210006e+02 3.790553328265474988e+02 4.191921902911475968e+02 4.722715981655421160e+02 5.346095832285382130e+02 5.883256399036534958e+02 5.823077113995393574e+02 5.225164783297178701e+02 4.576007246116034253e+02
1.136493224552444703e-03 5.903637477991442495e+01 1.226988344018764110e+02 1.879130115470643432e+02 2.439138869925673987e+02 2.879142812782565102e+02 3.183676631286937777e+02 3.729657983043966283e+02 4.295469258074537606e+02 4.868909202977192194e+02 5.315124965176178193e+02 5.530264331331044332e+02 5.458829358352492136e+02 5.358198173075272734e+02 5.302077852261683120e+02 5.058871972520043414e+02 4.703922419866596556e+02 4.183740749702442940e+02 3.689108018125498347e+02 3.187256211712967797e+02 3.782164316683879974e+02 4.054361892630266766e+02 3.733023516623654245e+02 4.226976157092847188e+02 4.291301677514813946e+02 4.781521180954334227e+02 4.907218820468813192e+02 4.476552909757693328e+02 4.002270070918446550e+02 4.333151281995390036e+02 4.710707649277510427e+02 5.159879908171917577e+02 5.732483472685903507e+02 6.241485980739162187e+02 6.171622907261739783e+02 5.585487533145083034e+02 4.966719413182627250e+02
1.566943005668767000e-03 6.555506575328921315e+01 1.191633024271394419e+02 1.596955223472729131e+02 2.031789125554917064e+02 2.371466836874840567e+02 3.026467700361308175e+02 3.637966720719394402e+02 4.161171908820235785e+02 4.723592134376061722e+02 5.166626841161272523e+02 5.152177147772229091e+02 4.797235352563139941e+02 4.715245448267125425e+02 4.957859297496473232e+02 5.111258710605366105e+02 5.036540512817923059e+02 4.725326510708482601e+02 4.239821297417859114e+02 3.785338619585339188e+02 4.234447699962437355e+02 4.609407816873268189e+02 4.397172601474042608e+02 4.846215674608540098e+02 4.969248033906296200e+02 5.336959798115342437e+02 5.404830983179894019e+02 5.053699444644852861e+02 4.765366479202031087e+02 4.964414002349412272e+02 5.346074072039933753e+02 5.748493097502166620e+02 6.196890626601250460e+02 6.634791409153234554e+02 6.545675123484884352e+02 5.991375751753978420e+02 5.436071513211419415e+02
9.529313338724251098e-04 3.298716493333790112e+01 7.083079512018356638e+01 1.120301585986166231e+02 1.588465886532235061e+02 2.237149835981942942e+02 2.803590946079551713e+02 3.059009552009443382e+02 3.660757792423182764e+02 4.329548521525236424e+02 4.870980477600434710e+02 4.714605474912180512e+02 4.119683459648550183e+02 3.923951858045732592e+02 4.304372958920938004e+02 4.755498627615863256e+02 5.017572434212889334e+02 5.045315289437021420e+02 4.837511157583724071e+02 4.504624448851166107e+02 4.830930505003204871e+02 5.188365752128527220e+02 5.118823503847901861e+02 5.476246840121510786e+02 5.660758833891866288e+02 5.806248978459752834e+02 5.812487357425679875e+02 5.644339839734465158e+02 5.517819870278412964e+02 5.677430471498679481e+02 5.979893109009449290e+02 6.347117730616231484e+02 6.726523133256821438e+02 7.018521645337192467e+02 6.908522062857208539e+02 6.433767668247122629e+02 6.026860921180243622e+02
8.760532530459239596e-04 5.474502374543141769e+01 9.525295472493435511e+01 1.306683435755562357e+02 1.676423637975224210e+02 2.062671746897712524e+02 2.249425991491980028e+02 2.896078429838848365e+02 3.605219345651232175e+02 4.297478185353352842e+02 4.593723071884838305e+02 4.292830754851808592e+02 3.703832123731997967e+02 3.205022685450668405e+02 3.727227029650567260e+02 4.184380983352016301e+02 4.624213190895888488e+02 4.963202677724863179e+02 5.181096674080546336e+02 5.214560834881605160e+02 5.463924956052280777e+02 5.712199037492941898e+02 5.783878438856642106e+02 5.928174962209405976e+02 5.934306336616676845e+02 5.810131529655536724e+02 5.707926329628796793e+02 5.632653325058560085e+02 5.617415253043793655e+02 5.822431558533153293e+02 6.131213788041800399e+02 6.500644592622650180e+02 6.886424402390457544e+02 7.183064187884535841e+02 7.114617504733862461e+02 6.803921771564562277e+02 6.517570773675698774e+02
1.122539642048872056e-03 2.369339138969647962e+01 5.158284230014086802e+01 8.244699069079456422e+01 1.158869176151194438e+02 1.552997873233822759e+02 2.173537188370443118e+02 2.848483930336350340e+02 3.570812101382913397e+02 4.205472502361804459e+02 4.276794701897497930e+02 3.787307779667374348e+02 3.233452860229414796e+02 2.679644474760641515e+02 3.285453235043278823e+02 3.526759238291489282e+02 3.999749824515290015e+02 4.529906816051853866e+02 4.936280130452139474e+02 5.278900013716356625e+02 5.621476713857728100e+02 5.854339103909912865e+02 5.880101658823346042e+02 5.884594837476313387e+02 5.619740779589668591e+02 5.205753361602785390e+02 5.057842150260876792e+02 5.006654955386538290e+02 4.971695260176410329e+02 5.273184011729615577e+02 5.639021616894543740e+02 6.058673847851647452e+02 6.520739908576939570e+02 6.924506025652790413e+02 6.793906114045580580e+02 6.481352457825894362e+02 6.212433139939698776e+02
1.386630198262191627e-03 6.228615399174321965e+01 1.046961113035226134e+02 1.461698998028846574e+02 1.626190069886750678e+02 2.074138519423097762e+02 2.400392076480233072e+02 3.003933933367846976e+02 3.655945379449734673e+02 4.135513863506246253e+02 3.974565403226529838e+02 3.383781720691970918e+02 2.761798810852642987e+02 2.234152551125817752e+02 2.827817803249459416e+02 2.928477901722280308e+02 3.423548208980418508e+02 3.897759084419765827e+02 4.361538146124025275e+02 4.822685403284380072e+02 5.243921956103949924e+02 5.398000510913715289e+02 5.330362217572412646e+02 5.453461801229225330e+02 5.097258530154286404e+02 4.546134263628648000e+02 4.337820383925912324e+02 4.320421955216952483e+02 4.280745181152626060e+02 4.648105622205588929e+02 5.079261167120329219e+02 5.543457436424620255e+02 6.179295631768156909e+02 6.498954071739943856e+02 6.247064232945024287e+02 5.768592020047341293e+02 5.397258809502774284e+02
6.958655020170218582e-04 6.487930168473151582e+01 1.306014093999811507e+02 1.858554343328389962e+02 2.206542701180933932e+02 2.591444465136514737e+02 3.042886352903659599e+02 3.417692571005802620e+02 3.798061506585570442e+02 3.934998972596420117e+02 3.626348062628389357e+02 3.014442443182715010e+02 2.381645018286189099e+02 1.842766954110715858e+02 2.413405471406718448e+02 2.425517891786832365e+02 2.865101099410728693e+02 3.324251320310877418e+02 3.844499856979212495e+02 4.373890624363347115e+02 4.602341454165085111e+02 4.860438844511085676e+02 4.612394902196405155e+02 4.900965609262170233e+02 4.733336934745730673e+02 4.121611477629777482e+02 3.666837726871660834e+02 3.718700149647257831e+02 3.723421862159822808e+02 4.155224687009476838e+02 4.681271447961837566e+02 5.394386765192523399e+02 6.004311423036798487e+02 6.082428713019918405e+02 5.621213031964688298e+02 5.123999252152195822e+02 4.649856142359163300e+02
