output/field_example/elevation_000022.asc
nrows	150
cellsize	66.66666667
xllcorner	0
ncols	150
yllcorner	0
NODATA_value	-9999
[rows 51 to 67 of 150, columns 111 to 147 of 150]
6.760757210065817162e+02 6.316575585006235087e+02 6.142716484171862703e+02 5.537493751179733863e+02 5.947884866074442698e+02 5.959694094642352411e+02 5.487144231792160554e+02 5.546222074234123056e+02 6.103829053721552782e+02 6.366907828406385761e+02 6.329237335707335887e+02 5.925576907558066750e+02 6.245378473462884585e+02 6.591480881325503560e+02 7.010852009432326213e+02 7.299605076395628203e+02 7.582315672587783411e+02 7.359903250612896954e+02 7.398861565573383814e+02 7.003094371875198476e+02 6.536095691969322843e+02 7.096439548885773547e+02 7.420101627146046894e+02 7.893864783448707385e+02 8.332609570772531242e+02 8.718528329979659475e+02 9.060430343175310099e+02 9.122912829465988125e+02 9.463208362185315536e+02 9.385512263729980305e+02 9.211524689033766435e+02 9.292157882654644254e+02 8.834999835685919152e+02 9.310943033409621421e+02 9.658818073525787895e+02 9.572387005026512270e+02 1.013335727770378526e+03
7.243335154360657953e+02 6.867038253277237345e+02 6.357455646531111597e+02 5.793919183476577928e+02 6.335435325562440312e+02 6.316638745270100799e+02 5.742486728964348686e+02 6.165370603479958618e+02 6.568503799317708172e+02 6.904840347385022596e+02 6.711540119076504425e+02 6.105643527866905060e+02 6.546418411653240810e+02 6.960231455187179108e+02 7.407473986953302756e+02 7.857270262879666234e+02 8.179572239008259658e+02 7.993671347410314638e+02 7.950246176738265831e+02 7.482803674023463145e+02 7.021388160811268335e+02 6.644826178344617347e+02 6.747000658057752389e+02 7.357947439118404418e+02 7.699506920445686546e+02 8.095404682171001696e+02 8.510752008246466858e+02 8.450606475035567655e+02 8.862663504456163537e+02 8.902362904951962719e+02 8.526942616081465758e+02 8.708406931487510292e+02 8.470314717889735903e+02 8.743744947904577884e+02 9.066893711337402237e+02 9.633403375519870906e+02 1.024359486478620511e+03
7.656889994593642541e+02 7.222601175748453670e+02 6.632439288250991467e+02 6.068203728298980195e+02 6.637715882459269778e+02 6.616409946112729585e+02 6.028573586297983411e+02 6.619988297475064201e+02 7.132988743826555265e+02 7.330044384031856453e+02 6.922585999549515918e+02 6.302338823164660653e+02 6.853093952457725209e+02 7.311786467154224738e+02 7.800635207308916961e+02 8.314910031671784054e+02 8.725384170036006708e+02 8.629741452057177185e+02 8.436379491284144478e+02 7.877541641826103387e+02 7.378253938734359281e+02 6.820361629281280784e+02 7.207883012299325856e+02 6.889955651763102651e+02 6.998756460918776838e+02 7.596024190498537791e+02 7.913335148668594456e+02 7.841711299961588111e+02 8.222524526039356942e+02 8.325954987981351678e+02 7.973458966975588282e+02 8.176713064991960209e+02 8.553874876189616998e+02 9.175095876915595454e+02 9.622576928890111958e+02 9.847825308429280540e+02 1.040809036221807446e+03
8.004613049854259543e+02 7.534258703742152647e+02 6.921460745824149399e+02 6.360693988740573559e+02 6.933268937128196967e+02 6.916725437473575084e+02 6.334481458369584743e+02 6.971544871817599187e+02 7.545585891499783884e+02 7.676050596077230921e+02 7.164442753254146510e+02 6.517282118401678872e+02 7.183593149680981469e+02 7.755256333655524941e+02 8.211756968291681460e+02 8.739230427711543143e+02 9.205252263523736929e+02 9.214713388800973917e+02 8.805452774253483312e+02 8.284693218480092582e+02 7.743801279347133004e+02 7.022336431195241175e+02 7.575526452839112608e+02 7.579161370976818262e+02 7.615632250745438796e+02 7.146480369179471381e+02 7.232308579999083804e+02 7.324842223269505439e+02 7.479328509372711551e+02 7.680392300231058016e+02 8.359291614384191007e+02 8.765803300443068338e+02 9.146939883997018796e+02 9.219050130196220607e+02 9.839667098778992340e+02 1.041020156459570899e+03 1.089396780879712651e+03
8.332623461529578890e+02 7.842914588800381352e+02 7.225155344321296980e+02 6.674140021035849486e+02 7.242675965044197710e+02 7.231661670209597332e+02 6.658784457924781464e+02 7.301641835176820905e+02 7.889909220580128704e+02 7.971958914030147980e+02 7.416262545268403983e+02 6.749612930158706376e+02 7.523273260228635309e+02 8.168952426939360976e+02 8.703375196219700456e+02 9.134047313101112877e+02 9.592910047993102580e+02 9.603569150260020706e+02 9.179241807895464262e+02 8.573379942096609057e+02 7.877284712521310439e+02 7.226869375234657582e+02 7.830790978915678124e+02 8.198032975928592805e+02 8.170546469313981106e+02 7.786286654142106727e+02 7.431696681426076339e+02 7.810820533099090426e+02 7.508180567125849620e+02 8.039311723303706003e+02 8.541818386199280440e+02 9.133022622360309697e+02 9.583943316085353672e+02 9.840276157982473251e+02 9.925656188662691193e+02 1.042313075930253945e+03 1.096587777032863869e+03
8.664957052472636860e+02 8.163265383398339736e+02 7.549141161812757446e+02 7.013399400970708939e+02 7.574091404666691005e+02 7.566840121968378980e+02 7.003704551105032579e+02 7.637683855112780975e+02 8.221024660518086193e+02 8.270067109725586079e+02 7.694278956340657487e+02 7.000949302635572167e+02 7.655623549849860865e+02 8.244662610880114926e+02 8.810493810830686243e+02 9.385566304452785289e+02 9.841597569200271209e+02 9.782031220659573592e+02 9.190200350246157086e+02 8.502083859270013591e+02 7.846320787898971503e+02 7.439477539198301201e+02 8.106556702274494910e+02 8.647008634136260525e+02 8.673539111130771744e+02 8.255427704975401184e+02 7.671656310534340264e+02 8.217056880314577256e+02 8.165994367263269851e+02 7.732244292095483615e+02 8.430365437721472972e+02 9.034919286369799920e+02 9.591129757002377119e+02 1.007133227545847376e+03 1.045886330695328297e+03 1.085925321550562785e+03 1.133011706244084280e+03
9.011035862089744342e+02 8.504371204711736709e+02 7.900904991446208214e+02 7.386368485510191704e+02 7.934734022171111292e+02 7.927676510975204565e+02 7.373952695125167338e+02 7.993112255053429180e+02 8.568081936335526052e+02 8.605951899075454321e+02 8.060979921798744954e+02 7.515777996599537119e+02 7.342022914440315162e+02 7.807684562951299085e+02 8.477413451012778296e+02 9.226015062277616607e+02 9.865631149368140314e+02 9.888086648581248710e+02 9.257675614176755516e+02 8.599654349484558225e+02 8.137016481803515262e+02 7.674870018400728213e+02 8.425096304424005211e+02 8.983479071581011794e+02 9.069160826727221547e+02 8.631835546344285603e+02 7.937396785677036632e+02 8.561001361622170407e+02 8.699563219931862932e+02 8.387002409741290876e+02 7.965263729444286582e+02 8.624228836809842278e+02 9.205756466901489148e+02 9.820352296181755491e+02 1.028769706798724201e+03 1.072145932673431389e+03 1.117220995238528076e+03
9.371578047113939647e+02 8.875966601433484584e+02 8.292590143367812061e+02 7.806634868672188077e+02 8.334486009504552158e+02 8.321628296102613831e+02 7.777010111532924839e+02 8.377048380586494432e+02 8.945424229282997430e+02 8.998248168725685900e+02 8.516855345967899211e+02 8.045933696267835558e+02 7.605063260974889090e+02 8.074942981373419570e+02 8.568373697854998454e+02 9.262405499666112974e+02 9.972948241571302788e+02 1.009949445913911291e+03 9.559781934894256210e+02 8.953428197198876433e+02 8.407184910709950145e+02 7.917663483168781795e+02 8.565456168814031344e+02 9.229818741110731253e+02 9.358763579833839685e+02 8.812686805301698314e+02 8.215127191306513623e+02 8.840167029674274772e+02 9.216117096532915411e+02 9.041272748614837838e+02 8.615770446927166404e+02 8.190126144871061342e+02 8.810489276916053996e+02 9.293063647025119280e+02 9.710604372850980326e+02 1.014416581891879900e+03 1.062404054208218213e+03
9.778823928740193878e+02 9.298398433725413952e+02 8.749667000017923328e+02 8.298737380703039435e+02 8.786692829989892743e+02 8.758623508023314344e+02 8.224349578210041045e+02 8.797245956979247694e+02 9.354463237645940126e+02 9.425146913310679793e+02 8.963869069381211148e+02 8.424946772644648263e+02 7.909488826176312841e+02 8.372742655030340302e+02 8.929194229273961128e+02 9.581709448488915086e+02 1.023546265661882103e+03 1.037756748457065669e+03 9.869481168077185202e+02 9.246953834250494992e+02 8.673457609954947429e+02 8.184870452134526886e+02 8.870014422747530034e+02 9.514353774251750337e+02 9.650928473465723982e+02 9.151712737630784886e+02 8.518053877774015064e+02 9.224393400377554144e+02 9.670554108556672190e+02 9.591926442273763769e+02 9.147847964773989133e+02 8.722436580499904721e+02 8.371286295082047673e+02 8.714942156903624664e+02 9.111087448666276032e+02 9.569591167170985955e+02 1.012398113928937164e+03
1.023584521922089039e+03 9.797762758101229110e+02 9.338549161585995080e+02 8.895956975033959679e+02 9.300133991671128797e+02 9.248662047662237455e+02 8.733949536910406550e+02 9.263117993084088084e+02 9.792481650955330679e+02 9.854042111495708696e+02 9.366967076055847201e+02 8.786653413709935876e+02 8.264796488568717905e+02 8.704264206083804538e+02 9.262471146811825520e+02 9.919554843799081709e+02 1.054751469131337444e+03 1.068106502390848163e+03 1.016928064635341457e+03 9.533693428036028763e+02 8.956841444747078640e+02 8.481742985547941771e+02 9.169377737481404438e+02 9.819225620814899003e+02 9.975537883148800802e+02 9.531252295629535638e+02 8.837848924201679210e+02 9.444608088959843144e+02 1.003820553129767063e+03 1.004915882364120762e+03 9.598641819001943531e+02 9.064927656652722590e+02 8.505939191522777492e+02 9.148462643818074866e+02 9.592363473625404140e+02 1.004845123249424546e+03 1.049598872831369590e+03
1.066724009411399720e+03 1.038953922220437107e+03 9.969812976324387819e+02 9.667450489220547070e+02 9.836792752186963753e+02 9.793515007477615200e+02 9.333471206901069763e+02 9.786250505053683355e+02 1.025942266914599031e+03 1.028263236978190889e+03 9.777428988780684449e+02 9.199997158110086275e+02 8.701747356871035208e+02 9.100738433346492684e+02 9.629765744829284131e+02 1.027227008550677510e+03 1.088427268122227133e+03 1.099863795712590900e+03 1.047784029785441362e+03 9.841081631209411853e+02 9.274386987553715471e+02 8.809679997499291630e+02 9.483593955033710472e+02 1.013053706506274011e+03 1.028230054726921253e+03 9.739841443028260528e+02 9.178878737050739574e+02 9.877697763509335118e+02 1.038644980264189144e+03 1.043058891797049228e+03 9.949255099670158415e+02 9.385593392627398543e+02 8.648821233009603020e+02 9.251028191471366426e+02 9.879875982066320148e+02 1.044309319399759715e+03 1.095116441920160014e+03
1.079783801710998205e+03 1.074287750635125803e+03 1.059316039884749671e+03 1.046543795970378369e+03 1.049844937952341979e+03 1.038364457418170105e+03 1.005086362609395565e+03 1.036650040584401950e+03 1.073857188064361935e+03 1.071740609279341470e+03 1.024647971148750230e+03 9.749559716880741007e+02 9.267106865624053853e+02 9.637121488888083150e+02 1.008138985669559020e+03 1.067003525006037762e+03 1.124783033002292996e+03 1.133873816481259837e+03 1.081964844341600838e+03 1.020134756850187614e+03 9.669175790718904864e+02 9.178544287982299466e+02 9.827544515947342916e+02 1.046245220279212617e+03 1.060547707474994695e+03 1.012208489984083599e+03 9.545918527983784543e+02 1.010870789238591101e+03 1.070449707441974169e+03 1.072756053376376485e+03 1.021085499802309528e+03 9.489422081394660609e+02 8.787436659188093699e+02 9.107192220792372837e+02 9.683188109684432447e+02 1.030262494376060658e+03 1.095360710299685479e+03
1.037076313216564586e+03 1.051937047666391891e+03 1.068281478184454727e+03 1.080345283450703619e+03 1.080671169948534953e+03 1.081043100894194595e+03 1.076399573198289090e+03 1.093928372786462205e+03 1.112713676172758369e+03 1.110518643470508323e+03 1.081042022061799798e+03 1.035551482647368402e+03 1.001124701438497709e+03 1.031497147884950664e+03 1.068651569812299385e+03 1.113834684473569496e+03 1.163880226256940659e+03 1.170924723627642379e+03 1.122895313512740586e+03 1.067594437530169444e+03 1.010046719710674211e+03 9.603437459583154805e+02 1.021207865303749713e+03 1.083021920515571310e+03 1.098043309885950976e+03 1.051299157045138372e+03 9.956424805163470637e+02 1.051238066751209772e+03 1.099647360208440887e+03 1.089818004975466238e+03 1.026451856824946162e+03 9.563094006053948988e+02 8.937933355192833460e+02 9.528483486580352064e+02 9.668254549076661988e+02 1.023863413413734634e+03 1.086251696345256732e+03
9.666538754762897270e+02 9.826323534474943244e+02 1.023106977896499075e+03 1.038997396873975276e+03 1.033375520444706581e+03 1.060163236867857904e+03 1.083045897631390972e+03 1.094874548420721794e+03 1.104088923933369870e+03 1.118390103630006706e+03 1.116438250577362169e+03 1.098184307151253279e+03 1.083080384189611550e+03 1.099594727003028083e+03 1.128457147743295309e+03 1.164246163544624778e+03 1.199320417817142925e+03 1.208098119436924890e+03 1.175191568185414326e+03 1.118307451373782214e+03 1.064462973958252860e+03 1.011182180145540542e+03 1.063682381494525089e+03 1.123483635950726011e+03 1.139077816857557536e+03 1.094427568352775324e+03 1.042384986017515075e+03 1.093826304333575081e+03 1.131938599358823012e+03 1.106148020421354204e+03 1.037406905247663190e+03 9.683204792427729899e+02 9.094476234256533189e+02 9.793982084116312308e+02 1.023486346107899863e+03 1.032970009781778344e+03 1.087128165182102293e+03
9.000692243622056594e+02 9.147844323252901404e+02 9.678473794345716215e+02 9.884063714139915646e+02 9.597601190523947707e+02 1.000223593238723197e+03 1.039364711405044318e+03 1.036609894286882763e+03 1.038863970541114213e+03 1.077680670982076890e+03 1.104727786807754228e+03 1.111200070488449228e+03 1.106689993007357998e+03 1.110354688304972569e+03 1.134765234034327932e+03 1.167371773697742356e+03 1.202467424574956567e+03 1.228069698846801884e+03 1.216038114726166668e+03 1.178223669773009760e+03 1.124421877039747415e+03 1.079650814070698971e+03 1.103805569302627191e+03 1.167149255220415171e+03 1.184167061224791269e+03 1.143152326282897320e+03 1.096601479087593361e+03 1.147056716031754149e+03 1.164527895145145067e+03 1.119122965061293144e+03 1.045307246476766977e+03 9.730398967681162503e+02 9.244910696656237405e+02 9.872951917052937461e+02 1.050548407775121404e+03 1.089287089137694920e+03 1.127086379809345999e+03
8.421908102861202678e+02 8.558093325123608111e+02 9.143138395144474089e+02 9.347118223916288571e+02 8.969218733683691198e+02 9.465013300724355076e+02 9.867159978480756308e+02 9.683034070930521011e+02 9.687766385172643595e+02 1.014681676774538687e+03 1.059778535749351022e+03 1.061171632250570610e+03 1.053210633701667575e+03 1.046631190730474827e+03 1.077061224752979115e+03 1.114472910775881928e+03 1.159147022916074775e+03 1.209735851003496919e+03 1.236905832127545182e+03 1.225157035701742871e+03 1.194969367482757889e+03 1.157865089144043395e+03 1.173559613755920509e+03 1.217386199231589217e+03 1.233154090272000076e+03 1.198554645797732519e+03 1.159664080732123239e+03 1.194778064884061450e+03 1.185914394982490649e+03 1.121721201106805438e+03 1.054923747900750186e+03 1.009327251277489950e+03 9.408930402715435548e+02 9.781802151126380522e+02 1.047688394308221859e+03 1.116390565730314165e+03 1.173656217224285911e+03
7.914996816106379356e+02 8.045844350206392619e+02 8.656897339280975530e+02 8.856256178738708513e+02 8.444396854473189933e+02 9.052009355425110471e+02 9.329719762118513700e+02 9.023086515123640083e+02 9.076398601564552564e+02 9.629270495857583683e+02 1.011847783618731455e+03 1.000166802484897062e+03 9.876222390953690820e+02 9.768396191862548221e+02 1.012708787203548923e+03 1.056930888759043455e+03 1.113201863570245450e+03 1.167806363892823583e+03 1.220938871871389210e+03 1.247915489901775572e+03 1.245095740108672089e+03 1.235835981175098141e+03 1.246028170393139590e+03 1.266523337718538869e+03 1.278649571180088515e+03 1.261147355530936693e+03 1.229425077763793297e+03 1.241180629236559071e+03 1.209588326861861560e+03 1.150181981714634048e+03 1.087001380474420557e+03 1.021690852692610861e+03 9.582797558566244334e+02 1.013670009413041953e+03 1.043118031586462394e+03 1.108567171172793451e+03 1.175931583170815884e+03
