Landscape_Evolution_Model_RCM/output/example/elevation_000000.asc
nrows	100
cellsize	10.0
xllcorner	0
ncols	100
yllcorner	0
NODATA_value	-9999
[rows 0 to 16 of 100, columns 0 to 36 of 100]
2.590084917154735766e-01 6.852579929645369328e-01 6.840819180161107349e-01 8.493361613899301776e-01 1.857241738737354098e-01 2.305586089654680926e-01 1.471599181684177804e-01 2.251629355621126427e-01 7.340236022127729631e-01 1.302130227597568801e-01 5.313147518470182629e-01 2.139075304917407161e-01 2.946567537633625333e-01 4.315803283922126088e-01 8.376565105032981462e-01 6.084021478742863698e-01 1.443239296209186673e-02 2.758368539391566898e-01 1.467103219401145742e-01 8.712847291984398002e-01 8.097396112110605282e-01 8.060468380335743532e-01 8.263653401364824402e-01 7.447501528022075767e-01 9.493234167956348113e-01 7.937705507652069725e-01 2.567079764286960275e-01 8.499390127809929307e-01 4.867854930329381657e-01 7.550038512774011057e-01 5.641385986016806964e-01 4.295776461864138085e-01 3.642026252197427816e-01 4.298222708601104891e-01 3.137613658253257665e-01 1.173600505737902866e-01 8.196436434587475173e-01
3.430590528629120506e-01 1.925350914635920174e-01 1.029745409375763116e-01 1.096918833459932685e+00 2.215161935094305257e-01 4.013231267872267027e-01 3.687720906697017353e-01 6.967390766683766445e-01 1.774272824704886675e-01 5.694980531814312075e-01 4.664404662316646855e-01 9.336745953043477098e-01 1.057159760570856172e-01 4.344237326400586796e-01 5.963303194295718201e-01 1.069111773112006558e+00 6.161842809208675220e-01 5.737517686512785264e-01 7.688617692779829982e-01 3.962912675320050537e-01 1.317397667182067522e-01 6.009070568746753827e-01 1.009738521127960809e+00 8.378933041441889440e-01 3.583148883682558683e-01 7.836219201966535541e-01 9.485263227620129856e-01 3.585456708578933505e-01 6.876824280243841736e-01 4.554534126947119010e-01 3.442581772214956537e-01 3.872704146213920562e-01 3.038374565678074180e-01 4.505066177793732862e-01 1.381070026526897143e-01 4.972750193665018692e-01 1.867570047719623316e-01
7.161369641965544819e-01 9.655684478012332983e-01 1.098630924727315383e+00 9.084934260130395067e-01 5.239207706690875987e-01 7.217782897950781873e-01 9.325978342604213100e-01 8.155684400453342420e-01 3.902179810804268234e-01 8.613541821751047323e-01 2.094141013523247441e-01 4.080892234508022853e-01 1.095150475238423571e+00 5.708990109371124833e-01 3.677611123833796070e-01 8.843097877539514151e-01 5.497388845916779676e-01 1.036719704146271820e-01 1.292204315012684401e-01 3.587940881662773362e-01 4.316522565447848958e-01 1.036565689214701713e+00 3.473016079812097923e-01 9.494864565537114443e-01 9.528830668482196620e-01 5.159974718745687916e-01 1.092545897477607886e+00 8.612829902899297174e-01 5.837683009276640744e-01 3.612809646328216662e-01 5.607253450697943231e-01 1.001274888053768519e+00 6.362184461076076936e-01 2.937149850629336978e-01 4.752332188613905273e-01 5.757790220469809483e-01 2.905434009893803071e-01
9.330058981412470143e-01 5.441165274372949945e-01 1.051784055386318029e+00 4.382556317713982574e-01 7.719801689598103644e-01 1.012307494294513166e+00 7.833300463155997706e-01 4.747878601599577753e-01 1.777253789137699380e-01 5.779741665311821652e-01 5.139932056064612231e-01 9.135460061845626090e-01 8.840184912808548567e-01 1.085480551101892788e+00 5.472893721054952199e-01 5.102347670945784897e-01 6.637884268006454258e-01 8.489704687700170282e-01 1.798025538869110485e-01 3.152992154077422504e-01 2.457974875895805322e-01 4.244336236553399866e-01 3.998441356588082196e-01 1.067501085019240792e+00 3.077431263882905998e-01 1.032756695750303377e+00 3.944423721143014427e-01 3.038410874377399651e-01 1.073459969708040695e+00 1.891086216988359103e-01 2.128329920528841124e-01 2.284879453727163556e-01 1.669148456645462852e-01 4.863285015438484904e-01 3.123320111115915343e-01 2.588562733086493539e-01 1.156770136952152278e-01
7.467319160170617920e-01 2.069408964213870217e-01 8.414804060528539020e-01 6.629271412261129592e-01 7.293599449267643697e-01 1.042677602107527690e+00 8.983360297158795582e-01 6.987750688387648346e-01 8.691846276434540552e-01 5.915277747861638069e-01 6.512465970411316363e-01 9.169528978814976972e-01 7.191312456132854525e-01 4.761232793724421430e-01 1.203878536679308248e-01 8.888913627623071800e-01 4.401137741394401948e-01 5.287890822121686929e-01 3.873290826198174108e-01 6.550092775159616076e-01 5.006299598948303897e-01 9.334761635972212979e-01 6.938133020623760139e-01 6.579799954784806282e-01 8.824380249256559283e-01 5.402654361772203373e-01 6.361630193930087884e-01 8.497792362162307489e-01 8.220621160643495351e-01 8.429937594723071470e-01 9.901230601379035212e-01 6.575763395302494096e-01 6.546835659485179537e-01 2.882763494505125590e-01 3.411423889683053434e-01 5.342045192072563120e-01 5.983217042298644150e-01
5.269872374626074496e-01 2.793646062695835930e-01 6.626714231561993129e-01 1.565219681895940740e-01 1.274389926073336010e-01 7.242891546455250129e-01 8.192077905219681266e-01 9.879751778311586241e-01 7.771088446264462490e-01 1.094815376062332701e+00 2.426819365453461441e-01 7.283506419457910219e-01 7.358378345030303080e-01 2.751499974448812225e-01 2.397431880366774348e-01 3.401754784774063678e-01 6.230525733637024555e-01 8.867971375744032603e-01 8.105290255342102457e-01 6.713663602209636316e-01 1.775074400294336385e-01 8.212099035437336880e-01 6.119829966562552181e-01 2.694448326854964604e-01 7.176836488061775210e-01 3.453774152582008705e-01 4.087315401379747470e-01 5.511371201947199427e-01 8.506191617940036531e-01 2.068366673905223108e-01 5.420939307417242947e-01 3.349030690295443091e-01 7.705360686583097030e-01 9.151595154570072443e-01 3.640723105699901763e-01 8.192943781460194641e-01 5.635927194309274801e-01
6.756183529128325649e-01 1.106864966545547807e-01 1.045191850758214303e+00 1.207277882763859861e-01 2.658573230518139763e-01 4.282998990132405592e-01 8.969043221741148653e-01 8.421030729384058056e-01 8.428402642706780412e-01 5.294676398585110855e-01 1.011185294005574997e+00 2.335607520007687565e-01 1.059969847448293034e+00 1.502068651456369697e-01 2.534454036210405659e-01 8.503336059784464274e-01 8.693879607832394329e-01 7.726683209948860265e-01 3.485465504175317975e-01 9.661594476226623707e-01 6.146503405423756616e-01 3.061121887374391171e-01 1.963944404165851032e-01 1.088045557051632972e+00 1.558133143657963737e-01 3.195740542213550972e-01 4.560961627933448614e-01 9.924288327485338845e-01 9.301483405222329415e-01 9.409408263752218060e-01 7.303070816949509547e-01 1.115608797545979552e-01 8.373252806009016114e-01 2.902278159438235194e-01 1.046550517014468218e+00 1.069402543303973552e+00 1.659476708633614850e-01
4.388850927889174081e-01 4.662559563597099554e-01 2.904384885470617794e-01 3.843020675356186855e-01 9.371166794490456420e-01 1.064336198749778362e+00 4.745165313541424013e-01 3.873025813899660941e-01 4.370873906078955873e-01 9.631208059763469720e-01 3.622777553296437913e-01 2.824713948589816503e-01 4.150861422181731375e-01 1.863658312262134742e-01 2.469031452414620631e-01 3.318765825347734788e-01 7.508910302690489091e-01 1.028368651583426940e+00 3.587986324083166645e-01 3.930731058520534060e-01 6.863693184527648317e-01 1.297670399983750222e-01 1.889372673610847098e-01 6.731084860912062151e-01 5.643020638085076701e-01 4.511503399396691316e-01 5.149024672667736890e-01 1.196454670113049762e-01 3.595514066864392011e-01 2.772338448212423589e-01 3.385654471291430490e-01 1.697540077815343773e-01 9.149764401849930229e-01 1.162628375512686635e-01 5.140520202662646199e-01 2.718449262602160577e-01 3.032963214584789569e-01
1.994484013391750743e-02 5.613486600389511194e-01 1.063396203311968602e+00 1.037487075622774008e-01 2.074319756955971261e-01 9.999062239265917862e-01 1.013907158219880644e+00 6.057029171746239893e-01 3.950045455666845728e-01 3.979618437728386637e-01 8.329181018565264827e-01 6.800217633692169361e-01 5.461968501778061702e-01 7.905304187598890531e-01 1.991884484661315680e-01 4.885737723497106666e-01 9.778312380187214048e-01 1.011593208853317938e+00 5.854830579342554797e-01 8.815482474773032040e-01 9.839582280589583840e-01 6.210386873517176332e-01 2.427274473233038687e-01 2.041964431087298359e-01 7.705984002545024358e-01 4.413649093020514114e-01 6.259842784809628302e-01 1.421586147161003899e-01 1.046682656227488684e+00 3.776340199429646383e-01 7.338377948439832599e-01 7.219028733902230766e-01 4.556948840916674737e-01 3.089773107800669050e-01 6.615125893831973469e-01 4.264485353103571463e-01 1.768386601064846353e-01
6.729603419142361487e-01 9.587231020116109281e-01 5.118063706340090224e-01 5.282748669778697392e-01 3.601612221838728090e-01 9.305770839709301967e-01 7.900627184922012214e-01 6.236994798329053014e-01 8.785911578994952675e-01 1.011649173111793143e+00 1.458772585603017591e-01 3.195096151398023610e-01 5.673824520523282899e-01 8.138355662582625882e-01 3.415389527579347773e-01 5.425462492863619701e-01 7.631554513969813769e-01 3.940839022724635932e-01 7.688570994589699614e-01 1.603719563624560474e-01 5.120989792881375235e-01 7.383573428110982162e-01 9.628585768297364123e-01 6.106620752208312686e-01 7.644289424055807913e-01 7.632248008541971940e-01 7.471490350532401514e-01 5.509865130151203605e-01 4.166999034810104918e-01 2.277595410587133218e-01 9.862781684138065552e-01 8.746509584355294242e-01 7.508949235091635366e-01 8.525245410341714125e-01 4.142505916537278510e-01 2.766331830255113755e-01 6.318384928053404348e-01
5.074168083889973868e-02 3.489066197878595843e-01 1.440880940746281924e-01 9.642106895757107665e-01 2.439892507278533795e-01 7.754604414578230021e-01 1.044752127658963081e+00 8.015367521979249732e-01 1.094749286899910912e+00 7.476049661765205023e-01 4.882751053254510420e-01 1.072710695086236177e+00 3.167858246551338297e-01 6.539121681067240344e-01 5.146726315348368885e-01 6.448556265059686154e-01 3.978379198974540953e-01 1.059288569485889564e+00 1.090452640087093528e+00 7.980608284029860888e-01 5.967349328693356547e-01 1.050067116706886461e+00 1.046518091977068687e+00 1.485062161878019094e-01 9.842144631306027902e-01 2.082138931393176517e-01 1.933184703827052209e-01 3.528475682719893758e-01 4.706218697054898037e-01 5.839144521930245135e-01 1.053268975067120028e+00 2.492970834664319790e-01 7.461211184648732786e-01 6.030671131597080681e-01 2.260291022401605954e-01 1.095229600141842008e+00 1.015070922632134165e+00
9.791283598286071310e-04 1.088146747178600604e+00 1.067684279562249205e+00 3.755708659926874637e-01 6.314366658676334731e-01 1.470648129343303800e-01 6.087277474751147111e-01 2.722996759759632734e-01 7.819914409694372903e-01 2.553979225851475965e-01 6.641518745712980953e-01 4.288058910947354363e-01 5.816076896402024854e-01 1.049516012413375998e+00 6.230271974352484810e-01 1.073690318005214639e+00 8.198387475502777466e-01 3.263209780884532840e-01 3.528539482387149651e-01 9.166944379540551413e-01 8.760878835865739678e-01 2.437420603498590133e-01 9.090519790920363885e-01 3.976154903584023792e-01 6.667848351709075860e-01 9.912944573738768916e-01 1.017418863368303006e+00 2.743279668224045675e-01 2.426508695879483479e-01 3.665143025379227204e-01 7.052696953721393491e-01 1.064329887782642148e+00 7.528966779504779883e-01 8.623771703337227423e-01 9.213356718526450884e-01 5.747704094179755252e-01 4.758701118024927790e-01
5.979472710492108600e-01 6.819680904379844533e-01 6.409926353206452099e-01 2.606425857080398867e-01 6.019518315685706833e-01 8.468169646568398656e-01 9.724068068941003062e-01 4.689353162282838272e-01 5.487716022330386689e-01 9.699828243399921668e-01 1.452405042458455586e-01 7.032030806480007445e-01 2.022308900857238134e-01 9.038350612280322549e-01 7.750409721297222276e-01 1.715834290427621645e-01 1.435760085600719105e-01 1.039796349415312626e+00 4.066781430951019738e-01 6.810287785826674156e-01 6.800048453235005841e-01 4.821740926668961480e-01 1.994361195857823343e-01 8.234103412604428796e-01 4.344596539579608230e-01 5.270145573405878858e-01 9.007329904557618283e-01 1.037497011415621673e+00 3.860777881126691291e-01 4.332110492801471979e-01 8.746580995363988364e-01 5.498008809910579497e-01 9.924079658971800555e-01 4.726723060770345874e-01 1.541280938376772269e-01 3.848051252890135610e-01 9.978396567352955104e-01
1.123418600940028211e-01 1.062446049812686644e+00 1.807484540486589131e-01 7.445582867275331029e-01 8.483897280600227742e-01 6.532061347221218561e-01 3.692009032099663468e-01 4.616637778429383832e-01 9.922914997741741905e-01 5.581156858087946704e-01 6.617135534426920040e-01 1.054512532448727002e+00 5.836329288594264142e-01 9.132885700323345457e-01 6.990960152151516338e-01 9.287557787931779441e-01 7.230221446975042543e-01 2.342926834461522279e-01 3.267983816106323491e-01 3.761431551860502931e-01 3.211029159298836033e-01 6.910723819116928457e-01 5.177574048005827434e-01 4.652185516263296350e-01 1.201546235425340475e-01 1.085563298674969035e+00 5.851473489765079972e-01 3.085065347779740730e-01 7.620787177598817852e-01 1.911192565190226178e-01 2.457699299899315792e-01 1.042495636135779113e+00 7.667543247538951556e-01 4.581053473987344304e-01 2.330969773000632073e-01 8.254549579611022425e-01 3.412043853567133800e-01
6.540601710037032834e-01 7.967338251326061549e-01 1.709978727861654058e-01 8.696230144109231563e-01 4.408109839739781100e-01 8.305957927885356806e-01 8.526510345076842023e-01 4.351529655527354712e-01 4.946026856610826195e-01 5.105910814013823185e-01 2.002269346570266784e-01 6.662780281750599887e-01 8.251349068255492414e-01 1.059021627722098291e+00 5.437935766624701905e-01 6.476196703974937963e-01 7.393657339949984975e-01 8.622489103291282042e-01 7.635198878881499507e-01 1.056250580669255923e+00 9.411227527701178097e-01 1.063930928980366675e+00 5.421149216182139519e-01 6.471503142041421519e-01 2.677711815144743213e-01 6.128767131367605092e-01 6.120805398893524041e-01 4.555960302689904817e-01 1.032301632723091833e+00 9.773763954600251935e-01 9.195828360551259184e-01 3.988785475929876867e-01 6.804000621244350455e-01 9.558593201659660865e-01 4.909272274534075553e-01 6.851293917932680388e-01 2.921270317295283636e-01
3.962370847149454534e-02 8.839097815618066623e-01 3.469649262217899821e-01 1.082535455680593506e+00 2.530034456193238079e-01 1.044702201545244513e+00 3.951448945579409955e-01 6.545722694808138176e-01 6.488613462291188405e-01 8.953526326457103002e-01 4.524924400185663664e-01 8.814785417351550523e-01 8.996947478911414553e-01 7.579903425373494263e-01 1.517447370884577040e-01 5.498895113401247592e-01 3.200716041175378779e-01 1.094626465830198070e+00 5.202731561988791498e-01 9.819887187900553371e-01 5.175617412768999115e-01 3.590014703003164831e-01 2.904364126793081979e-01 8.161992078477728896e-01 2.010587452741575687e-01 5.745413005992779931e-01 6.298581447964138880e-01 1.053830909932691684e+00 9.335612627800600194e-01 1.696041373722307899e-01 4.576096592807000762e-01 5.283906370315429868e-01 8.750996361164317117e-01 2.043379969121656980e-01 7.932274380895369958e-01 3.908851479697061371e-01 7.054462637020021409e-01
3.048053885361223792e-01 8.387549152321510659e-01 4.988003504897855489e-01 6.159024010863026755e-01 2.493437412257255570e-01 2.599404299660038609e-01 7.902652237554487202e-01 5.071766449885521943e-01 6.670092273497513213e-01 1.008853254687137824e+00 1.890718370224969691e-01 3.588731326470264160e-01 9.436272559987782804e-01 7.865692118065066296e-01 9.028945237311080119e-01 2.519704509147273064e-01 5.292757897391910937e-01 9.517278674227784840e-01 1.067925643956476156e+00 8.116057939039996727e-01 1.068091644578760269e+00 4.421883225235191950e-01 7.663558451209455669e-01 1.032184285521127842e+00 2.631174623113864408e-01 7.109194596225698604e-01 4.142555915238829156e-01 6.234810250760861594e-01 9.792164503515981000e-01 5.368287161918640082e-01 2.207861267650763071e-01 6.112432417830704345e-01 6.860992235644206572e-01 3.752834937504680446e-01 9.034320763952702338e-01 3.972773809884460050e-01 5.771838854034697652e-01
