Landscape_Evolution_Model_RCM/output/example/elevation_000004.asc
nrows	100
cellsize	10.0
xllcorner	0
ncols	100
yllcorner	0
NODATA_value	-9999
[rows 68 to 84 of 100, columns 0 to 36 of 100]
1.262296273394645230e-01 9.830935702120730468e+01 1.159036737592129072e+02 2.494975915360831920e+01 3.248160743877468803e+01 4.075230241351274429e+01 1.502197732828180676e+02 2.026012846553441591e+02 2.050329826178301289e+02 2.765982227215564535e+02 3.420538938104617159e+02 3.454614214304288566e+02 3.567166088459005664e+02 3.740260827746481027e+02 3.495886046188226146e+02 3.115245189463461202e+02 3.116317461063224528e+02 3.388773461957948712e+02 3.826683382353736533e+02 3.596202679454148097e+02 3.828686708498204894e+02 3.942041714729833757e+02 3.986333160292580828e+02 3.998479486330337522e+02 4.000411926353696117e+02 4.000276474827718971e+02 4.000494914253586103e+02 4.000173516619681777e+02 4.000159839228297756e+02 4.000400751188146273e+02 4.000549034228752134e+02 4.000342020294112899e+02 4.000129023741709489e+02 4.000128023276752742e+02 4.000343339785860621e+02 4.000568372404387105e+02 4.000299385501405709e+02
2.872308867382863395e-01 7.331958991042062834e+00 1.450283424500774920e+01 1.162374996153604911e+02 1.386277134441398289e+02 6.097471333171021968e+01 1.678608408925630044e+02 2.210489688467017970e+02 2.465572932904643721e+02 2.738698904557119818e+02 2.988952445373299156e+02 2.805952063964699050e+02 3.290764332624846702e+02 3.693347254187781346e+02 3.807706066611453366e+02 3.775296688789851487e+02 3.767973490179830378e+02 3.741633823424641605e+02 3.847456278855676146e+02 3.925392414261953036e+02 3.849602247216214437e+02 3.976248938549439913e+02 3.995134645031438936e+02 3.999480987193954320e+02 4.000559415508703864e+02 4.000420045386049424e+02 4.000663615034229679e+02 4.000630488632393735e+02 4.000490457137079261e+02 4.000278843050868431e+02 4.000573622781989229e+02 4.000432059889853917e+02 4.000325705496991873e+02 4.000441659208358374e+02 4.000136001714295162e+02 4.000320010456033515e+02 4.000473444954033653e+02
2.144837868416781257e-01 9.839778152781553899e+01 1.159708600442890400e+02 1.464162080166277633e+02 1.997076157085874399e+02 1.678675372171810238e+02 9.200101192276103745e+01 1.158320361134242091e+02 1.438814431958516309e+02 1.765622434537494883e+02 2.192770697814815435e+02 3.079338159437205036e+02 3.264794201064117374e+02 3.345228280183962397e+02 3.588367727100255138e+02 3.760754126308209493e+02 3.878585837248823509e+02 3.944667055818262611e+02 3.960378762239496950e+02 3.977204001407587839e+02 3.976092392591734210e+02 3.954959701846303233e+02 3.986759653728694843e+02 3.997792571702098599e+02 4.000819370493826455e+02 4.000745111180863205e+02 4.000574710465841122e+02 4.000907060808837059e+02 4.000579424567851561e+02 4.000449463368433953e+02 4.000922514486624664e+02 4.000633268156484519e+02 4.000278117600849441e+02 4.000186876572736878e+02 4.000184729530649292e+02 4.000558174392955948e+02 4.000596446782737416e+02
1.916699244032614713e-01 9.837022057563007138e+01 1.477135545444052411e+02 1.748728021661615060e+02 2.051399992988993688e+02 2.230504106687962178e+02 1.985009102843034157e+02 1.826488878178828088e+02 2.442635510136940979e+02 2.737750870453061793e+02 2.998091701639435200e+02 2.920568776229898162e+02 2.293895758240769283e+02 2.687336255582496278e+02 3.094989443082993716e+02 3.471903502171244327e+02 3.772927999536124162e+02 3.929819877804752650e+02 3.979328705414720275e+02 3.985962483663440139e+02 3.991177260952992469e+02 3.994183981736564419e+02 3.996210936094937551e+02 3.999697660826531092e+02 4.000898049558167600e+02 4.000792010478245402e+02 4.000842291918702927e+02 4.001161746326991420e+02 4.000975866735482782e+02 4.000898038367881782e+02 4.000936107600059586e+02 4.000481238290326473e+02 4.000474092046269448e+02 4.000435906551995231e+02 4.000425160228596155e+02 4.000435835986519919e+02 4.000883834204359459e+02
7.524594401025330725e-02 2.757276739615736716e+01 5.560481055768158853e+01 8.681381377796894583e+01 1.295668629443367195e+02 1.803489995787923874e+02 2.414614692868526618e+02 2.763479444537788936e+02 3.025349321994707452e+02 2.856498333497627868e+02 2.592677440628978616e+02 1.796501732419764892e+02 2.536198804560701774e+02 3.342420900369072001e+02 3.598332706218779435e+02 3.751781967430981695e+02 3.875797124769762831e+02 3.908797705272355074e+02 3.875278984579157395e+02 3.918630476358955548e+02 3.964497601416662746e+02 3.984354353311629211e+02 3.989764774265003666e+02 3.998094984626554265e+02 4.000574434360932514e+02 4.000802623953079546e+02 4.000840968199369740e+02 4.000405681992072573e+02 4.000883386047825638e+02 4.001206980978547563e+02 4.000821165035548574e+02 4.000891522545162502e+02 4.000912880525394826e+02 4.001016376583954184e+02 4.001042433644700509e+02 4.000844454208389607e+02 4.000754133870037776e+02
7.477363286620568594e-01 9.892380860475341819e+01 1.477032395469837240e+02 1.712211496253490566e+02 2.003315394479917018e+02 2.348710488503075453e+02 2.655345534120314142e+02 2.589334091622727101e+02 2.590733899012672623e+02 2.282083546932177569e+02 1.402486983883334233e+02 2.591500284040653810e+02 3.146851473250497975e+02 3.522978095185870870e+02 3.747614645821566342e+02 3.687140340447474500e+02 3.676372865318787717e+02 3.634814443510567799e+02 3.555516787248722608e+02 3.749862249039915696e+02 3.879713342388852197e+02 3.895290601011814715e+02 3.967537356115870466e+02 3.993568360572962206e+02 4.000299714379950160e+02 4.000740269210136262e+02 3.998892412858220951e+02 3.998237595682288088e+02 3.999606185810523584e+02 4.000619151022545452e+02 4.000765807148604836e+02 4.000349122952459879e+02 4.000657139093493697e+02 4.000886563452023665e+02 4.000912373582439159e+02 4.000784899634822978e+02 4.000556858302443857e+02
7.381540248656082159e-02 6.146612824253481477e+01 1.339287889525660376e+02 2.152891562029523413e+02 2.138255409385686221e+02 2.238068810320802982e+02 2.153665202531939542e+02 1.422232106456317808e+02 1.982101970382487366e+02 1.090562771152905555e+02 1.981212494958645607e+02 2.454652607342160309e+02 3.185555352078438887e+02 3.683735837704805931e+02 3.376311462217597068e+02 2.879435922601636548e+02 2.908766470608164241e+02 3.506593918970389154e+02 2.961699970440525362e+02 3.363773864414772561e+02 3.670615251554411884e+02 3.909859593884103788e+02 3.987014466930357912e+02 3.998226184931444891e+02 4.000369678495396215e+02 4.000337496517856835e+02 3.998795742631184567e+02 3.988439998367629187e+02 3.995244312026064790e+02 3.995325861116368742e+02 3.998830412978820732e+02 3.994895843271696094e+02 3.997925922800976082e+02 4.000300117612408712e+02 4.000793425717051264e+02 4.000376176754937774e+02 4.000206450549243868e+02
2.019974727959148453e-01 9.838836783161148958e+01 1.166481723089702172e+02 1.171761604831944226e+02 1.067446341598986237e+02 1.151976777784295933e+02 1.546938642297072874e+02 6.616729419230635756e+01 8.281732273475350325e+01 1.992620081475567417e+02 2.594554489523927714e+02 3.207913500805273088e+02 3.183713994469773638e+02 3.092671296976635062e+02 2.939451588301142237e+02 1.837133539829454492e+02 2.095261601664269620e+02 2.394931126647819895e+02 3.530891087161356836e+02 3.812260466071255678e+02 3.868646246236652928e+02 3.957700670863006280e+02 3.990691994558615079e+02 3.999196556731871510e+02 4.000655466658970454e+02 4.000407544416382279e+02 3.999658128038852283e+02 3.994185411407262336e+02 3.955088908265005330e+02 3.982308746083708684e+02 3.987239302122598588e+02 3.974018770797494540e+02 3.995406408158726208e+02 4.000284588277873468e+02 4.000154920694249654e+02 4.000060808440839537e+02 3.999637104116248452e+02
8.793136482183369074e-01 7.933994487987935607e+00 1.501040641213301186e+01 2.214931130040087126e+01 2.937552350214372154e+01 3.671438220313473266e+01 4.417318332060892061e+01 1.550162360866497124e+02 1.972008171108523413e+02 2.336955777042510931e+02 2.219819630952634100e+02 2.343731280989108541e+02 2.162052765164527557e+02 2.636271221805482696e+02 1.529665594075481181e+02 2.943205333603529539e+02 3.347242322918380637e+02 3.506390189074988371e+02 3.006325632979098259e+02 3.759143557414749353e+02 3.921638415542916505e+02 3.983947633749129977e+02 3.984537513070407613e+02 3.997409237294137938e+02 4.000145205170448435e+02 3.997792259646996627e+02 3.993888718684324886e+02 3.991876238568528947e+02 3.968993069181619830e+02 3.865725366598630899e+02 3.906080157397580024e+02 3.987937263306203022e+02 3.998646024833919910e+02 3.997999074842137475e+02 3.994949358225484843e+02 3.995945133743157953e+02 3.991542285529408218e+02
9.599022657802637193e-01 9.912646414098622927e+01 1.166003350216430050e+02 1.259258975869270785e+02 1.185010857896856180e+02 1.174886377567926132e+02 1.543055812284822821e+02 5.649993691628068149e+01 1.720322066211328149e+02 2.018378651140092188e+02 9.340198086907130914e+01 1.042589557666701268e+02 1.157904805327325306e+02 1.282759848698039775e+02 2.682309550066530619e+02 3.168679969214829271e+02 3.449747112091327494e+02 3.801365360931505961e+02 3.758765082328092717e+02 3.483477856256286032e+02 3.894346789105371158e+02 3.932640927344899069e+02 3.990080446682055140e+02 3.999223047220778540e+02 3.999816311351946752e+02 3.992802111067175588e+02 3.964176182166480089e+02 3.943350465153380924e+02 3.918926345332802725e+02 3.720776339542446749e+02 3.919135084482927596e+02 3.988991584480250481e+02 3.995834134694546265e+02 3.987261745784541063e+02 3.963924775161557932e+02 3.956770807931200125e+02 3.994950930536832061e+02
8.137095026330687375e-02 3.118351118642802078e+01 1.263215965681932715e+02 1.977385299014822522e+02 2.204019094891419570e+02 2.263509191873581585e+02 2.076206946858733318e+02 1.536848201804747589e+02 6.930999648244350908e+01 7.872045295674183762e+01 2.024551250437913268e+02 2.334598933257406941e+02 2.498105309701197712e+02 1.718663558754896883e+02 1.829902663614358289e+02 2.294228934407180986e+02 3.375758091050232110e+02 3.713049172843195720e+02 3.911969166703498217e+02 3.894275747831544550e+02 3.783224451561431465e+02 3.950765307979104932e+02 3.993068035031890304e+02 3.995528965191458042e+02 3.991329874363272552e+02 3.991941168577895951e+02 3.934220023014882486e+02 3.755273033556318865e+02 3.821559106797909067e+02 3.531947353274346710e+02 3.918943348570870171e+02 3.961535304953178525e+02 3.962861831146126974e+02 3.960984440185879976e+02 3.837980937266973456e+02 3.949462917358587788e+02 3.982786905506227413e+02
8.241700308520809592e-01 9.899036208776686863e+01 7.774402628489991685e+01 1.167849336890554071e+02 1.634952977002340901e+02 2.281232432380190573e+02 2.785382485856229096e+02 2.244883142883439291e+02 1.503077636376581268e+02 1.687662741025517334e+02 1.424056098831043187e+02 2.654070343351493761e+02 3.164639991688859482e+02 2.228552463981894789e+02 3.066523477935135702e+02 3.294110934476173043e+02 2.961073768451222463e+02 3.678084564498805094e+02 3.905404929206841302e+02 3.968638852617478392e+02 3.962102980979739186e+02 3.972347891204811390e+02 3.995503439990999937e+02 3.993470332379370120e+02 3.953938330511186905e+02 3.968346109522466350e+02 3.948960007793154432e+02 3.690516538787540526e+02 3.186490721604466785e+02 3.711790615249364009e+02 3.715646300617972884e+02 3.938473905605778782e+02 3.895786514800626037e+02 3.768912655096137883e+02 3.640411441044888647e+02 3.888052088911132387e+02 3.978757110055465205e+02
4.260184569368915541e-01 7.053412354317559618e+01 1.621905635001980954e+02 1.977620265470012271e+02 2.280907686686855982e+02 2.630169373350917681e+02 2.589085616505853409e+02 2.789596651395483491e+02 2.691925169335244163e+02 2.793189014436180173e+02 2.391467102133955223e+02 2.396806552053561461e+02 3.312547872043334678e+02 3.275034227079554512e+02 2.923842657070349560e+02 3.461177526980030734e+02 3.676920638758020914e+02 3.517397245721185755e+02 3.822468027893811495e+02 3.959934151878971988e+02 3.976487161463701909e+02 3.981360973269464125e+02 3.989564440274448316e+02 3.992542691418091749e+02 3.968281952259120544e+02 3.823561905261960874e+02 3.898980714478245773e+02 3.878447992257897567e+02 3.693856738185228323e+02 2.783411908163153612e+02 3.595583291094521883e+02 3.861524189537597067e+02 3.802425093494798602e+02 3.221820683562707472e+02 3.616376559046692591e+02 3.923055203852141517e+02 3.983442703987870459e+02
5.157644573854447412e-01 9.869168845391807565e+01 1.446619250713472695e+02 2.093082237210981305e+02 2.182510366914392250e+02 2.006247110543690724e+02 1.691802405127421309e+02 2.372044796675819782e+02 3.128911616211449882e+02 3.356912551226741357e+02 3.340476862472448829e+02 3.310672479476951935e+02 3.459352507311327827e+02 3.707037100477185732e+02 3.620875439691006363e+02 3.621200027805991226e+02 3.833519320188931943e+02 3.873888502306782584e+02 3.905357657136006537e+02 3.944721427915761751e+02 3.887204175202316492e+02 3.945187378582273823e+02 3.942790228635827248e+02 3.985176282471226727e+02 3.976423907837268530e+02 3.899479001364872488e+02 3.534643678047213484e+02 3.751260778429633547e+02 3.596185083695046956e+02 2.477768955611937542e+02 3.226863711114128819e+02 3.544243094193090542e+02 3.678065069767966975e+02 2.815469901373350012e+02 3.643800787201917615e+02 3.886590113630649626e+02 3.952062176518570595e+02
1.108647127769513130e-02 1.116712330482303450e+01 8.212534715838066290e+01 1.381019250700902035e+02 1.218909214529997342e+02 1.022122165172045811e+02 2.006713169001617985e+02 2.493442983496438785e+02 2.531252805049901440e+02 2.942742982157670326e+02 3.073167421353498412e+02 3.350213595285991346e+02 3.487992389955217050e+02 3.652068094898046979e+02 3.749272173584246843e+02 3.812973508260572544e+02 3.915303294941031140e+02 3.966336704803088082e+02 3.944461944190221629e+02 3.873707474469667886e+02 3.696791403344308264e+02 3.787221872864218994e+02 3.932154184142457325e+02 3.930893019865219458e+02 3.978330951715040555e+02 3.925139163193113632e+02 3.754535405783749979e+02 3.053256629821941601e+02 3.512178651397326234e+02 3.398630912771425869e+02 2.060988567670691509e+02 3.167851500591412446e+02 3.301729403069302862e+02 2.405658173630934868e+02 3.301515196693812300e+02 3.847643322382998008e+02 3.891202866503760447e+02
4.490398005347427945e-01 9.862471747750018380e+01 2.727657203084200788e+01 3.878283732329395406e+01 5.049288967508261550e+01 1.506819001658814443e+02 1.822755125602522526e+02 1.556290470332521068e+02 2.268224081013323143e+02 2.050988901748186208e+02 2.674092289294061970e+02 2.554234967766043383e+02 2.929959924172443948e+02 3.261543050736266309e+02 3.283154099543434086e+02 3.695217522297563164e+02 3.913057720029871689e+02 3.955958025939913227e+02 3.902691357788068558e+02 3.711812114338795823e+02 3.404474117839941414e+02 3.779572691250696153e+02 3.728759889366438642e+02 3.930870696275709975e+02 3.908823803585439691e+02 3.946155985554865993e+02 3.813227854303004278e+02 3.511889640508052253e+02 2.428868163153857722e+02 3.173684906729653221e+02 3.145724906802572036e+02 1.690532320804751407e+02 1.889053161162852064e+02 3.306514764183751822e+02 3.677822203610645033e+02 3.883878448970709201e+02 3.854086160363532940e+02
2.278117489967377285e-01 9.797391801367182040e+01 1.262624797535816441e+02 1.370329704104055963e+02 1.501840212284144513e+02 6.858632092662267610e+01 8.169251608239193274e+01 1.838127250126462400e+02 1.255821822690754033e+02 1.433875296972273929e+02 1.634506779115020549e+02 1.910096538052776225e+02 2.242452732663778079e+02 2.643106091749648385e+02 3.328471737269084656e+02 3.775633540567484943e+02 3.891453570004366043e+02 3.821359163369429552e+02 3.853968716073923133e+02 3.555175369923069866e+02 3.084508401373317952e+02 3.339629237404722062e+02 3.803168862565066206e+02 3.876766699710762509e+02 3.746570851938448072e+02 3.876853597769750763e+02 3.887263234987572105e+02 3.597484266482322823e+02 3.170136325784517908e+02 1.793513310119892026e+02 2.769614511391728229e+02 1.470581972339939512e+02 2.984254633519606159e+02 3.360808434558104523e+02 3.839738711401783462e+02 3.828814768963225106e+02 3.848601603314917838e+02
