Landscape_Evolution_Model_RCM/output/example/elevation_000001.asc
nrows	100
cellsize	10.0
xllcorner	0
ncols	100
yllcorner	0
NODATA_value	-9999
[rows 17 to 33 of 100, columns 0 to 36 of 100]
9.042962687953216561e-01 2.057492572766216909e+01 4.224949173694099613e+01 6.364968307688526750e+01 9.362063967417989829e+01 9.887570118420259746e+01 9.936014646409088868e+01 1.002166559150318932e+02 1.001543879416240657e+02 1.000425767303522520e+02 1.002028812375750988e+02 1.003156967521035057e+02 1.003120039139428314e+02 1.004555756880645703e+02 1.001331731381717987e+02 1.003070374587814797e+02 1.004471924598737473e+02 1.003673433358393083e+02 1.001580721863509638e+02 1.004113890960457098e+02 1.000495088745608285e+02 1.000339672299158593e+02 1.002393975311900363e+02 1.001363246343350113e+02 1.001469549947157702e+02 1.000611754044074928e+02 1.003191959024293993e+02 1.000362141455348990e+02 1.001206689113993349e+02 1.004304564670907212e+02 1.000895167715707998e+02 1.003238903685509769e+02 1.003952938100766232e+02 1.002312238140528819e+02 1.003330597931872035e+02 1.001635219371826651e+02 1.004087701003559516e+02
4.727888214371316344e-01 6.385583351838135258e+01 8.243812885352932085e+01 9.038994965150861560e+01 9.028484535663069721e+01 9.859832600955385828e+01 1.002079630249553759e+02 1.003375455560613148e+02 1.001414533095581305e+02 1.002663999548237541e+02 1.002469277489013280e+02 1.001813786287008696e+02 1.002473241922545952e+02 1.004286356417340755e+02 1.004871401526738026e+02 1.004826038575834133e+02 1.004697592394743424e+02 1.003116263274429514e+02 1.003558665576746591e+02 1.001619886007528066e+02 1.001865647983031948e+02 1.003231424004321326e+02 1.001473888556267724e+02 1.000373326126279920e+02 1.000330025585550970e+02 1.000320020742952352e+02 1.002850738269518018e+02 1.000394869975790471e+02 1.003291140978069649e+02 1.002726561890581962e+02 1.002552076028182597e+02 1.001531846878784080e+02 1.003328340454892782e+02 1.004075111773475868e+02 1.004053565001691481e+02 1.003052767773643694e+02 1.001891187012105746e+02
3.217974216344505756e-01 6.372442841909990818e+01 7.113185726017530897e+01 8.894155321761517996e+01 9.793809808541327300e+01 9.873576517795073926e+01 1.000419351855356496e+02 1.004416579053045808e+02 1.003448525053238569e+02 1.003168015794594368e+02 1.003217061522522755e+02 1.000836786536581258e+02 1.004191864462472665e+02 1.005667197180486312e+02 1.003726924907859797e+02 1.002582578641153219e+02 1.003006200263239691e+02 1.005075462001360620e+02 1.004664871999773510e+02 1.001282996965351231e+02 1.002845812822600493e+02 1.003598812370007352e+02 1.004063986291867110e+02 1.000652351123730739e+02 1.001999190119310157e+02 1.000692995173854740e+02 1.003518366605158008e+02 1.003112394448659614e+02 1.004573176374081669e+02 1.002331955761043787e+02 1.002789695336009146e+02 1.000248376511858481e+02 1.000433332515392522e+02 1.001684658174243054e+02 1.003770661323738551e+02 1.003595689222710803e+02 1.003430361229645342e+02
8.939844080046296382e-01 3.355938539141440202e+01 7.991887819151753547e+01 9.502493685813414004e+01 9.871320894507324795e+01 9.950810783757636102e+01 9.993981080657199811e+01 1.002009554636328801e+02 1.000625763726340978e+02 1.002623728880008116e+02 1.000014570415060149e+02 1.000347801397184071e+02 1.002567577086121986e+02 1.004782920429269524e+02 1.004919798473059558e+02 1.003714940553383457e+02 1.004987880089560264e+02 1.004049419149004052e+02 1.002731937377606641e+02 1.003610506286085240e+02 1.000484744184480093e+02 1.000428822062634850e+02 1.000953396516375733e+02 1.003929577717758974e+02 1.002201214576365516e+02 1.001462874805466043e+02 1.000984486851432678e+02 1.003605704917875983e+02 1.001348869589542261e+02 1.000868789634607623e+02 1.003397213339835048e+02 1.002771233841596938e+02 1.001198173929040536e+02 1.003996729104708407e+02 1.004336824152474463e+02 1.002830747780597420e+02 1.004150283497907026e+02
9.420931065171989083e-02 6.359654409086398630e+01 8.492627182258124208e+01 9.162144416782356870e+01 9.192775472297016393e+01 9.826312377534814857e+01 1.000075085543934961e+02 1.003071887978208565e+02 1.000382692558623177e+02 1.000010198618921180e+02 1.001609850744540893e+02 1.000616272160495299e+02 1.002962218193723771e+02 1.004006692909417069e+02 1.004549198485908619e+02 1.001426939388405515e+02 1.004276300891165050e+02 1.005279421016817167e+02 1.002963284935973860e+02 1.002854634488945607e+02 1.001635567717135302e+02 1.003816404767394772e+02 1.002599006975261489e+02 1.005253342593103412e+02 1.002695146126813057e+02 1.000461482540276847e+02 1.002188307877749907e+02 1.002403445201637027e+02 1.001913687735840881e+02 1.000427229844007826e+02 1.001843970211292429e+02 1.001558679039103623e+02 1.000760867146939148e+02 1.003788441469580306e+02 1.002871645704902903e+02 1.002065071465712975e+02 1.000928423503407743e+02
9.229537852382663221e-01 6.408871901173985464e+01 4.969749802520893667e+01 7.004441661240971939e+01 9.462782613792327879e+01 9.906098522080033320e+01 1.000831469574546020e+02 1.004126798669139617e+02 1.002387813905190939e+02 1.002418741626954954e+02 1.004600964554718985e+02 1.003663021645219260e+02 1.002210853403533832e+02 1.004589946190639864e+02 1.005451209205110672e+02 1.002715405116816925e+02 1.004606179100441068e+02 1.002476698548264551e+02 1.000843803461399801e+02 1.003197323823140437e+02 1.001227400276596455e+02 1.003990257039020975e+02 1.003954003665752595e+02 1.003980756259203133e+02 1.003801210922280944e+02 1.000413414729143966e+02 1.003151789489278229e+02 1.004297512828061230e+02 1.000715198425659054e+02 1.001538614051250988e+02 1.000193683690734758e+02 1.002793853911950066e+02 1.000186605632939489e+02 1.002513197816259662e+02 1.002934669252959310e+02 1.003628543194003555e+02 1.003045305089437704e+02
6.855593863422395629e-01 1.816575366058722096e+01 7.518649301340127522e+01 9.160728382469595488e+01 8.952621888379252368e+01 9.690395712594242639e+01 9.960021508210158458e+01 1.002389980689801661e+02 1.002482794291118466e+02 1.001602825782541686e+02 1.004394713278093434e+02 1.003738588579872300e+02 1.004576021660924852e+02 1.003619562856903968e+02 1.002280238617450863e+02 1.003455298045574580e+02 1.002332674719625345e+02 1.001672793943000670e+02 1.002917135986724730e+02 1.001676242316202092e+02 1.002121979099228923e+02 1.000629518481428022e+02 1.000868341839968991e+02 1.002367511108030129e+02 1.003983461572087066e+02 1.000636408666862991e+02 1.003093970061304532e+02 1.001956721445921232e+02 1.000119930144902440e+02 1.000122073455207641e+02 1.001312841846502550e+02 1.002835190578062452e+02 1.000279872591675030e+02 1.000771799055024900e+02 1.001160918924296226e+02 1.001933730706431476e+02 1.000521211427681436e+02
6.228881756737364439e-01 6.391618801362383095e+01 5.674179932605603227e+01 9.016716488742083868e+01 9.819437457873220865e+01 9.843742395088364106e+01 9.992984756120725365e+01 1.001109310574602063e+02 1.001412789613883660e+02 1.000038160247619601e+02 1.002995117377809606e+02 1.000929578654697565e+02 1.004394648198864672e+02 1.001002614663643016e+02 1.002779386170464875e+02 1.002005357616289842e+02 1.001443739909764048e+02 1.000208640770710389e+02 1.000177242418665884e+02 1.003755424468776454e+02 1.002289865225129546e+02 1.000216553339427179e+02 1.004008730098639575e+02 1.002093628301407335e+02 1.003447599235516918e+02 1.002139526866884154e+02 1.001693675493884825e+02 1.001752817754600358e+02 1.000193240219691830e+02 1.001697040394007274e+02 1.000177989886148850e+02 1.001665859193912524e+02 1.000569652421957443e+02 1.003483536113018602e+02 1.001151473249917245e+02 1.000358063617926803e+02 1.003528853393506637e+02
6.856731372150997039e-01 6.386599683692875828e+01 8.509277175502816704e+01 8.270553133063019402e+01 9.608587265256171861e+01 9.976323613829019621e+01 1.002218909928864150e+02 1.002145250628607727e+02 1.001119628023533039e+02 1.000047042757693987e+02 1.000231834255374679e+02 1.002272471691032649e+02 1.001710233406348181e+02 1.000671187227398207e+02 1.003873362091617594e+02 1.002326854982956519e+02 1.000693812677036902e+02 1.001432786274557714e+02 1.003459777536530169e+02 1.001096415810940243e+02 1.000035712905949055e+02 1.001482585664269038e+02 1.003302570119971335e+02 1.002928807556439637e+02 1.002066074239250923e+02 1.002926179850069843e+02 1.001810605033881956e+02 1.001521449909704558e+02 1.000455402468932675e+02 1.000881362888529793e+02 1.000406355407857291e+02 1.003097802795731184e+02 1.001441523943481258e+02 1.002669857025759796e+02 1.000297891265357180e+02 1.003238024425871231e+02 1.001432510996012724e+02
6.311464542807821987e-01 3.106584156384796103e+01 7.436650033677702254e+01 9.469571140696395162e+01 9.556836994032899213e+01 9.916996985312057689e+01 1.001389020893420110e+02 1.003870736972284448e+02 1.003394706437622972e+02 1.002319392008735974e+02 1.000715032862013203e+02 1.004156755060909489e+02 1.003396557788488934e+02 1.000583612904339077e+02 1.003795552844059955e+02 1.003300823880579600e+02 1.003137903644672662e+02 1.001316003252653246e+02 1.002344020785652248e+02 1.004670953806877520e+02 1.002781125482563880e+02 1.002392550924753607e+02 1.001623652794217350e+02 1.004485265810388057e+02 1.004445735237459729e+02 1.004129264606248313e+02 1.000729381427606768e+02 1.002829219162479717e+02 1.004081557022623912e+02 1.002511595773261490e+02 1.003792919689839209e+02 1.003358134792960215e+02 1.003820812442838672e+02 1.002472000746490863e+02 1.001936057388989383e+02 1.004064185499372144e+02 1.003656832220967203e+02
3.848358526059494356e-01 6.373253954443088531e+01 7.032988841191676954e+01 8.893112274201637035e+01 9.854739617378186267e+01 9.988890520507790427e+01 9.998858926718476425e+01 1.002746966819166801e+02 1.000452294073924975e+02 1.002668192556318161e+02 1.002481728444404752e+02 1.003294094046985094e+02 1.003006886410133092e+02 1.002350286506506052e+02 1.001111916103131279e+02 1.002006719138820756e+02 1.001229677782437619e+02 1.000247719931826254e+02 1.002519254761432279e+02 1.004774798428926488e+02 1.003880784111384088e+02 1.001209180694399805e+02 1.003196925374769961e+02 1.003700262028029755e+02 1.002362084338479633e+02 1.001158533435145443e+02 1.002541963037956236e+02 1.000480177812201390e+02 1.002433223759068142e+02 1.003443511283661991e+02 1.001891519548469063e+02 1.003764025953779111e+02 1.003694159993314940e+02 1.002789216149487856e+02 1.000513693213334534e+02 1.001260611606046211e+02 1.002888083395155974e+02
2.521073052285498495e-01 5.385724163823467592e+01 8.717496509208893940e+01 9.571584082557863837e+01 9.805069896415336927e+01 9.981104192840604128e+01 1.001535857325564791e+02 1.003108566126139891e+02 1.003390044067891864e+02 1.003071219516592123e+02 1.003571180917620183e+02 1.001953749379099037e+02 1.003274352215093757e+02 1.000699018363344379e+02 1.002792688926705011e+02 1.002602740645915986e+02 1.000322681752931970e+02 1.000257888490313434e+02 1.000549404596071383e+02 1.003647775190166556e+02 1.002788061949048029e+02 1.000990101337984299e+02 1.003989254400717215e+02 1.000957226706403986e+02 1.000459865162035129e+02 1.003417941937062068e+02 1.003863883817052169e+02 1.000939116147525993e+02 1.003746951103122456e+02 1.004371272571682141e+02 1.003990638285234667e+02 1.003787254829050681e+02 1.000559962556138629e+02 1.001492253880597616e+02 1.001185323141805839e+02 1.000690546547385225e+02 1.004234646103882227e+02
5.879213224934537463e-01 6.384790208642967002e+01 8.810641226217110500e+01 9.673480271223827742e+01 9.906176768699799595e+01 9.972085253668912230e+01 1.002114657909671536e+02 1.001823806050896621e+02 1.002018716201553588e+02 1.003069809979386235e+02 1.004493910298714070e+02 1.003642915502870920e+02 1.000838896688880340e+02 1.002948836028775617e+02 1.005073934865448280e+02 1.001829936628165569e+02 1.001140445775612875e+02 1.000582486391815564e+02 1.001116449717614501e+02 1.000895181981860844e+02 1.003020329212938719e+02 1.003563531960391941e+02 1.000662222578680058e+02 1.002368532364034763e+02 1.003850705642731782e+02 1.002306001962214310e+02 1.000446719090768539e+02 1.003844594637088363e+02 1.003264276817719889e+02 1.002798779096758466e+02 1.000572516225033155e+02 1.000774591282052199e+02 1.000791337712996949e+02 1.001003717078038449e+02 1.001686614849294017e+02 1.003612288959506031e+02 1.002536064243945617e+02
4.097004100245241753e-01 4.347853962598559008e+01 7.873456999047880345e+01 9.442729687345297407e+01 9.142252387170472616e+01 9.913039986234880985e+01 9.979792301683075095e+01 1.000616984298956140e+02 1.002638248525661311e+02 1.004407014011593589e+02 1.004492041101540423e+02 1.001666953784441461e+02 1.003634231559446306e+02 1.002484928049241262e+02 1.005348093246381609e+02 1.002714199450532959e+02 1.001060846380714651e+02 1.003907417059606217e+02 1.003680358786507156e+02 1.002644426896193579e+02 1.001800399845003824e+02 1.001681810996714574e+02 1.000324782484593271e+02 1.002679903479046857e+02 1.000725482150993315e+02 1.001747400724385670e+02 1.000489382219192152e+02 1.003255522741431207e+02 1.000917860297201827e+02 1.003021993378428078e+02 1.003120513056266390e+02 1.001901803575043886e+02 1.003239320479021046e+02 1.002778089669168509e+02 1.002786210229235735e+02 1.001883844987199268e+02 1.001294984216051915e+02
1.365314538817242740e-01 6.342658478407732758e+01 7.666749898626115112e+01 7.436990070671245689e+01 9.618806191576480558e+01 9.808623092444160818e+01 9.981413393095530751e+01 1.002252231506764701e+02 1.000288413054106798e+02 1.001649170849589012e+02 1.003069025361054827e+02 1.003314316993671014e+02 1.004272946418313239e+02 1.003793762559883191e+02 1.004415297473955775e+02 1.002315171194116914e+02 1.003864399029513237e+02 1.003051540601182126e+02 1.002323742531069115e+02 1.003961583772695008e+02 1.001801213175915848e+02 1.000267575732976155e+02 1.000204692366563677e+02 1.002136351245906525e+02 1.000681474496703913e+02 1.003148369971511471e+02 1.001093055167072237e+02 1.000852888284211133e+02 1.000476613903840359e+02 1.000509798079127961e+02 1.003813056312603322e+02 1.004599479250231724e+02 1.003789584328500410e+02 1.001904670818576761e+02 1.001209710653258895e+02 1.001040999326908860e+02 1.000135963199273306e+02
6.087457894407921621e-02 2.039498013164990908e+01 4.361373008733475842e+01 7.631626069526087974e+01 9.334948753181895142e+01 9.953916802861903079e+01 1.000552008342443742e+02 1.002015530668290779e+02 1.003818134832638833e+02 1.002753863992789576e+02 1.004047838404307669e+02 1.000930906470316870e+02 1.003808714942174873e+02 1.003891514709670076e+02 1.001395718106486044e+02 1.000637467987626508e+02 1.002213263443717466e+02 1.000525185011616429e+02 1.000277731661178109e+02 1.002067035546130001e+02 1.004866877391009723e+02 1.003755640577094255e+02 1.002237131510280648e+02 1.002974899458993292e+02 1.001526712637284930e+02 1.003433550942951058e+02 1.000873296973688298e+02 1.001378049370353835e+02 1.002783621604892659e+02 1.003096394875762059e+02 1.002231021968734836e+02 1.003763884688773231e+02 1.002849058798571633e+02 1.003566786982769088e+02 1.000813427655560588e+02 1.000872349504373631e+02 1.003152112423463080e+02
4.733752554537166146e-01 6.357505134715120221e+01 8.257892364827389997e+01 9.078049674836891825e+01 9.733569467362946170e+01 9.946754544622280036e+01 1.001443810644987877e+02 1.001231802409721041e+02 1.001792308592540479e+02 1.001534639033943535e+02 1.001423926361053844e+02 1.000957932681827316e+02 1.000980782452615898e+02 1.002759488702167232e+02 1.002534900560653455e+02 1.000769724143228956e+02 1.000301588961715282e+02 1.003752765115594627e+02 1.000137227904413493e+02 1.001073603659255298e+02 1.003086556022911253e+02 1.004922481561898593e+02 1.001415751404354069e+02 1.004704766069258710e+02 1.003410237238484086e+02 1.003242253797446750e+02 1.000373149952774554e+02 1.000930148591690596e+02 1.002547545965915532e+02 1.002210170659358965e+02 1.000244709644606615e+02 1.000535670689123577e+02 1.002427938348261591e+02 1.000780791758258061e+02 1.002288838929018482e+02 1.000845884136883654e+02 1.001389152522058339e+02
