Landscape_Evolution_Model_RCM/output/example/elevation_000002.asc
nrows	100
cellsize	10.0
xllcorner	0
ncols	100
yllcorner	0
NODATA_value	-9999
[rows 51 to 67 of 100, columns 0 to 36 of 100]
9.520777485019087383e-01 8.731192678164633492e+01 3.226336766434143044e+01 4.696575033716896286e+01 1.349226750327802336e+02 1.670544442652551140e+02 1.782137338095288612e+02 1.869344186578217375e+02 1.970786432088476374e+02 1.988665073558246945e+02 1.985772021593039085e+02 1.998562990352556312e+02 2.000418625785639222e+02 2.001636504886383534e+02 2.000666355772803513e+02 2.002039982676328975e+02 2.001377459154223004e+02 2.001631150624246800e+02 2.001488841416407070e+02 2.002247431401840458e+02 2.002403047229829269e+02 2.001065288676197440e+02 2.000599828841750139e+02 2.001004377304645914e+02 2.000683812114303635e+02 2.001783106147948104e+02 2.001470914113721733e+02 2.001372902488676573e+02 2.001488614290634303e+02 2.000632641864037851e+02 2.001193271069727473e+02 2.001719207169757055e+02 2.002053015555680133e+02 2.001834488768876383e+02 2.001268668893576432e+02 2.000675194961817169e+02 2.000867039774880709e+02
8.976918745505580999e-01 1.296413360269603565e+01 1.012142624835370839e+02 1.329844729904224039e+02 8.579975571926151190e+01 1.170871715771673109e+02 1.467044432478890883e+02 1.801321465551551739e+02 1.959683508397690446e+02 1.991484515654993288e+02 1.998409979463215791e+02 2.000661693348053518e+02 2.001381922861293674e+02 2.001021531874075379e+02 2.001330040568981872e+02 2.001047146428955159e+02 2.000437016101305119e+02 2.000449276698081462e+02 2.001439183534247377e+02 2.002915608350621710e+02 2.001304316836588839e+02 2.000580165080144752e+02 2.001167750136742995e+02 2.001791456401718960e+02 2.001172447701778196e+02 2.001200184261389268e+02 2.000726686151404863e+02 2.000843896830487836e+02 2.000398997315824943e+02 2.000397239386682315e+02 2.001011373636902704e+02 2.001045801455433377e+02 2.001747999358229322e+02 2.001998434696436107e+02 2.002180760970879589e+02 2.000804969063819669e+02 2.000678945131515718e+02
5.905317135255735428e-01 7.491614589066399787e+01 7.263471550570611157e+01 1.388261337900906653e+02 1.592115264797914165e+02 1.563363212763999854e+02 1.778311811008118184e+02 1.772471418841546154e+02 1.909145497313185160e+02 1.976361906742060341e+02 1.999874892372853026e+02 2.001372617481277700e+02 2.001993355230406451e+02 2.002414955702115833e+02 2.002419429103118773e+02 2.001146234603280334e+02 2.000845304403572698e+02 2.001128973349112243e+02 2.001731679868639731e+02 2.000975425035696560e+02 2.001554125940025131e+02 2.000578465834070698e+02 2.001653920611703938e+02 2.001749155834287137e+02 2.002339943604970074e+02 2.000922135807552422e+02 2.001911684328756564e+02 2.001077438009521927e+02 2.001111474873245584e+02 2.000614256138219673e+02 2.000438727762924032e+02 2.001278202546916134e+02 2.000657134508602155e+02 2.001499664919520001e+02 2.002378362031149379e+02 2.001234330894209563e+02 2.000677738170804503e+02
8.969219985406703399e-01 8.733472975616754752e+01 1.256116256941499643e+02 1.302553572721271280e+02 1.686813652378311019e+02 1.874250201214807134e+02 1.912469135095548438e+02 1.953046533284440329e+02 1.968160986866201085e+02 1.992225476154194439e+02 2.000142551755764089e+02 2.001495092444505417e+02 2.002110148351646046e+02 2.002013318936673159e+02 2.000564568175595923e+02 2.000169372604957800e+02 2.001249580449666894e+02 2.001630656931044996e+02 2.000069501065914608e+02 2.001036844490196813e+02 2.002043236998245277e+02 2.000748369307611085e+02 2.000584708915393151e+02 2.000755442940509283e+02 2.002301676869991809e+02 2.001875060783554829e+02 2.002016501972293838e+02 2.002361216416834111e+02 2.001397594734791880e+02 2.001584331046835814e+02 2.000540521110600594e+02 2.001108888455281658e+02 2.001876590064803736e+02 2.000568208017189420e+02 2.001707526821663805e+02 2.002612920117676651e+02 2.001707846383279445e+02
9.289349031182292382e-02 2.551514244159549705e+01 1.079813322455873390e+02 1.499735714602590519e+02 1.783711309217122505e+02 1.855303592499869865e+02 1.895875104653349013e+02 1.967171376822163609e+02 1.980576751974771810e+02 1.988310279405073970e+02 1.994471665048840237e+02 2.001896230031321124e+02 2.001616271803158611e+02 2.001820579396971596e+02 2.000449381022696969e+02 2.000163806450856896e+02 2.000166023034165050e+02 2.000328679432161323e+02 2.000022263317459021e+02 2.000211014278340258e+02 2.001860056710157778e+02 2.000929824498688845e+02 2.001170450699989374e+02 2.001457896029473886e+02 2.001499733244336312e+02 2.002379565153826206e+02 2.001059208575974822e+02 2.001399311741002123e+02 2.000931921290155344e+02 2.001370120786714324e+02 2.001618224369623817e+02 2.001785304343696339e+02 2.000793397135462612e+02 2.000941060536460157e+02 2.000562009630880880e+02 2.001411045004176117e+02 2.000348161229334210e+02
5.836272626504181993e-01 8.709550513975449348e+01 6.436002680210383176e+01 1.366757630865517399e+02 1.460331477602151722e+02 1.695986589300836727e+02 1.906766759620454934e+02 1.926765445173360263e+02 1.865515585599876829e+02 1.958946010895724044e+02 1.997968524760378557e+02 2.000913777602542325e+02 2.001552019484486493e+02 2.002258177972594524e+02 2.001333737778042519e+02 2.000697131381683391e+02 2.000271145555720977e+02 2.001181639900372886e+02 2.000021156874772998e+02 2.000757436375383804e+02 2.001820782897618756e+02 2.000619282781541983e+02 2.001339480028142930e+02 2.001590666581991229e+02 2.000182863070878341e+02 2.001569399003661829e+02 2.001767681334020779e+02 2.000931882975970098e+02 2.001878397675339727e+02 2.001243665389263811e+02 2.002741716641664311e+02 2.000966717034639260e+02 2.000644597820343051e+02 2.000902124685184731e+02 2.001568159566297993e+02 2.001388531114752709e+02 2.000515703745519147e+02
4.902142066958040667e-01 7.838337537949811917e+01 1.342749426990939980e+02 1.073954129453263562e+02 1.624081418561736427e+02 1.686799032636110951e+02 1.736596237079330649e+02 1.615321781370576844e+02 1.930621252886960519e+02 1.987870350160071951e+02 1.997655036157235884e+02 2.000744097534218611e+02 2.001499976380968917e+02 2.002149402205152171e+02 2.001113552838260432e+02 2.000552420841279400e+02 2.001664797700831855e+02 2.001490353527542254e+02 2.000022339320559013e+02 2.000084823141932304e+02 2.001151995561251908e+02 2.000598001155743191e+02 2.001142439833444939e+02 2.000372373741589058e+02 2.000159804788115991e+02 2.000549700126010464e+02 2.001683563490856841e+02 2.001083657431441054e+02 2.002178751480116148e+02 2.002092971243271791e+02 2.001295669240434449e+02 2.000183142406487207e+02 2.000118914516092161e+02 2.000122061312918333e+02 2.000332082521973973e+02 2.001276057807324094e+02 2.000296834157853709e+02
7.875831006996292238e-03 8.269222549104547682e+01 1.214053790046977923e+02 1.349724353222521529e+02 1.488518155577626203e+02 9.669294238533137786e+01 1.193610336704079060e+02 1.789708130875940810e+02 1.916872554613184434e+02 1.956330415903914002e+02 1.982053694294127695e+02 1.997672797393962014e+02 2.001156689361367000e+02 2.001060434628306552e+02 2.000821938116460501e+02 2.001462767266108358e+02 2.000759436018136057e+02 2.000063801282037446e+02 2.000650499175992252e+02 2.000379277939929636e+02 2.001690620490699359e+02 2.001674763987491019e+02 2.000602070577919278e+02 2.001577903186714877e+02 2.001276358635550139e+02 2.000648225378070890e+02 2.000821939430026077e+02 2.000362586805130718e+02 2.001666496123445427e+02 2.002026935537798238e+02 2.002134241878522971e+02 2.001206354118895376e+02 2.000153448639559315e+02 2.000719737344536497e+02 2.001796314297838251e+02 2.002525444210292846e+02 2.001314729707806350e+02
7.144997689694158050e-01 8.721750844372920142e+01 3.311550643799964888e+01 4.889472098108267772e+01 6.676180144959391782e+01 1.310512063515689363e+02 1.763446724200001370e+02 1.534978324689896567e+02 1.740689562128045793e+02 1.882334466790877912e+02 1.961488289394444564e+02 1.993361762082860480e+02 2.001772677652198809e+02 2.001116917990103730e+02 2.002230089868429559e+02 2.002123852731228624e+02 2.000443901849256747e+02 2.001065858173006120e+02 2.000252739692529076e+02 2.000876078029585301e+02 2.002537942230075885e+02 2.002345699201623006e+02 2.000765117812214271e+02 2.002479276646912467e+02 2.001879166844826727e+02 2.000497891312570573e+02 2.000372395646103882e+02 2.000360735424310690e+02 2.000448032904444915e+02 2.001157982499358070e+02 2.001432011310996870e+02 2.001308277704032150e+02 2.001629906495114426e+02 2.002306281499100464e+02 2.002274364083992566e+02 2.003494656496779101e+02 2.002553618831501012e+02
9.843908709707416271e-02 1.278300085026729427e+01 1.015473126442135623e+02 1.195793280828768133e+02 1.489610458973988329e+02 1.626466275398087760e+02 1.797768146872067518e+02 1.891311634457907758e+02 1.882053360897164112e+02 1.955622787277173700e+02 1.985886095607108359e+02 1.998176142651660427e+02 2.000767719551641051e+02 2.002362239067561802e+02 2.002346941087676271e+02 2.002431321304862593e+02 2.001589068237819902e+02 2.001662540060368940e+02 2.000522920002466378e+02 2.002244078133245182e+02 2.003454252161465377e+02 2.003189297035147263e+02 2.001717715669031179e+02 2.002710406512856309e+02 2.002192613027726509e+02 2.001638087491488136e+02 2.001114297226316694e+02 2.000374909412451814e+02 2.001173150635136722e+02 2.001320150372155808e+02 2.002215116028492048e+02 2.001022836179169531e+02 2.001326635606996263e+02 2.003096453439201809e+02 2.002402387235757146e+02 2.001890430667759802e+02 2.002814634665209326e+02
7.140016694063312519e-01 8.721306124064876997e+01 1.014810697202593417e+02 1.575857764481904724e+02 1.773749784108492236e+02 1.857646308666182620e+02 1.907393876588614319e+02 1.965722534582570802e+02 1.982166776848787322e+02 1.983503127129441737e+02 1.996703197589069987e+02 2.000743854221907156e+02 2.000685679081568935e+02 2.001811270590221739e+02 2.001525546540099754e+02 2.001290184579825677e+02 2.002247970774204191e+02 2.003016161069543841e+02 2.001306558168584502e+02 2.001812742954740258e+02 2.003614862757141566e+02 2.002401156409166845e+02 2.002073781273013822e+02 2.001717796035153754e+02 2.002132833793409361e+02 2.002060002773232554e+02 2.002877685404209842e+02 2.001503958938184837e+02 2.000774245640769209e+02 2.002282319764668443e+02 2.001379026580564471e+02 2.001386656435279860e+02 2.001137020674568419e+02 2.001314149519589023e+02 2.000778166528660620e+02 2.001913093446279959e+02 2.002080649995001806e+02
8.170666289257204618e-01 8.332619016137607559e+01 1.272404056170449422e+02 1.426532343470534272e+02 1.456048617537025223e+02 1.569463017913472527e+02 1.876707036784454203e+02 1.952425077224364145e+02 1.985688925605802808e+02 1.997258580416207678e+02 2.000268384717724643e+02 2.000905647943772863e+02 2.000738138711967338e+02 2.001739862720985741e+02 2.002437972430344644e+02 2.000835683410059573e+02 2.001514291295095518e+02 2.002222792972122534e+02 2.001864173202396842e+02 2.001874051300076758e+02 2.001818712906376447e+02 2.001188035416746231e+02 2.001587698569355496e+02 2.000387331881714204e+02 2.001383982003705171e+02 2.000908247327691925e+02 2.001943265784226185e+02 2.002406845146697094e+02 2.002453913011715088e+02 2.002183311363285156e+02 2.000677504995925915e+02 2.000321681875688853e+02 2.000284939059841065e+02 2.000307556987471855e+02 2.001734067124707224e+02 2.002036418983216777e+02 2.000913801226199666e+02
3.818744726300716819e-01 8.694131612391655040e+01 4.807417773480431578e+01 7.055148194287663443e+01 9.752079396097607855e+01 1.625907276877853462e+02 1.728843673854333645e+02 1.891850888627806171e+02 1.972806802363703582e+02 1.990219022285029382e+02 1.991042900536200762e+02 2.000281554446748942e+02 2.001237048758634387e+02 2.001471903433913724e+02 2.001934700581109894e+02 2.000567115375127969e+02 2.000946798678299103e+02 2.001485032498470105e+02 2.001024034165118906e+02 2.001552125647756100e+02 2.000328444250334030e+02 2.000330557844087593e+02 2.001105913190153842e+02 2.000886254350566844e+02 2.000326098912701696e+02 2.001481630823986393e+02 2.000383314363895693e+02 2.001007782975636644e+02 2.002663594292054938e+02 2.001853491296602954e+02 2.002087076715608021e+02 2.001494670108284311e+02 2.000433929220186826e+02 2.000279721196045273e+02 2.001500031308439986e+02 2.002693498751335994e+02 2.001509385061352475e+02
5.305255601601839288e-01 1.875439893768074739e+01 1.035264606900380358e+02 1.424388947496661331e+02 1.577369707266000773e+02 1.380234160027447956e+02 1.760584211531493395e+02 1.941728041384633343e+02 1.964192347307364059e+02 1.928801342725472239e+02 1.982738581112024576e+02 1.998248069746850319e+02 2.001104133668577276e+02 2.000572553383326522e+02 2.000418006703568778e+02 2.000962261237296218e+02 2.002219905548665224e+02 2.001100853115690654e+02 2.001305682723444761e+02 2.000282814670177345e+02 2.000278572767992955e+02 2.001308331875211763e+02 2.001166448387086518e+02 2.000458576361409939e+02 2.000909493585255916e+02 2.000316496820844634e+02 2.000316235854179752e+02 2.000801580527892156e+02 2.001923022336195004e+02 2.002431722311247313e+02 2.001353306748019065e+02 2.002081509339016634e+02 2.001867418543955637e+02 2.001385378348738016e+02 2.001196051545593662e+02 2.001641455731943893e+02 2.002261036597604118e+02
3.745010619707318522e-01 8.651452940923719837e+01 8.086553289025178515e+01 1.282527544248190168e+02 1.693925810747332719e+02 1.812052270285146278e+02 1.853210498938635169e+02 1.902415174962284254e+02 1.784387510352450192e+02 1.964448452214556369e+02 1.993336240677685680e+02 2.000615319770622023e+02 2.000443898571499233e+02 2.000438269340564545e+02 2.000407763344538523e+02 2.000624052368359855e+02 2.001333422781981994e+02 2.000251598678069342e+02 2.000486526151902353e+02 2.001628465479628574e+02 2.000373800667958619e+02 2.001430071458300972e+02 2.001013620064688041e+02 2.001693250238317034e+02 2.001403453944932096e+02 2.001197837003014399e+02 2.000383278490583621e+02 2.001418343370983735e+02 2.001709201719830844e+02 2.002053998473033971e+02 2.001251763258525500e+02 2.001750615558958089e+02 2.002255868565092385e+02 2.002989007591098414e+02 2.002104269277026845e+02 2.002313548321557448e+02 2.002184061303319709e+02
1.695428940549256192e-01 6.693438076037925555e+01 1.353828586010143908e+02 1.560440174298520049e+02 1.749212473552479992e+02 1.813440360172801036e+02 1.782606496896838451e+02 1.539703356274732755e+02 1.902831341801385179e+02 1.947871424741609019e+02 1.989960456077724302e+02 2.001150888180613094e+02 2.001183195552430050e+02 2.001048176133150207e+02 2.000754442115174641e+02 2.001289968090295019e+02 2.001727046581464720e+02 2.000676839795301873e+02 2.001580741139263750e+02 2.001519134776283124e+02 2.001580228520021478e+02 2.002292868912444135e+02 2.001279730138624302e+02 2.001740390477679625e+02 2.002207152015695897e+02 2.001153654079521118e+02 2.001695985961491715e+02 2.000163776175069188e+02 2.000930203674450638e+02 2.001241924625449826e+02 2.000313552395434158e+02 2.000201163245952500e+02 2.000848734511514806e+02 2.001007464471971673e+02 2.000399408978601627e+02 2.002187485190854943e+02 2.001692868218563035e+02
8.941475337923047162e-01 6.741806031553531398e+01 1.354476406186405768e+02 1.333881266007383317e+02 1.294090333725908692e+02 1.581698586815242606e+02 1.191424321347570725e+02 1.601038628670907258e+02 1.883623254273370264e+02 1.980484308128812359e+02 1.996858390177041827e+02 2.001091758720266398e+02 2.001472764966591740e+02 2.002435784812832935e+02 2.001177647478971835e+02 2.000854441690046031e+02 2.000842528180731961e+02 2.001170105247521747e+02 2.001306784111591242e+02 2.000285121282035448e+02 2.001335413856444347e+02 2.002021971122305217e+02 2.002040053138445899e+02 2.000964884805779889e+02 2.001532348186460695e+02 2.002370135469118395e+02 2.000814840411642308e+02 2.000141595156963490e+02 2.000327168260705832e+02 2.001643763894322490e+02 2.001270980537955779e+02 2.001104429797989042e+02 2.000127839558624032e+02 2.000130758494809129e+02 2.000346330565714652e+02 2.001150535778969584e+02 2.002156143909615764e+02
