Landscape_Evolution_Model_RCM/output/example/elevation_000003.asc
nrows	100
cellsize	10.0
xllcorner	0
ncols	100
yllcorner	0
NODATA_value	-9999
[rows 17 to 33 of 100, columns 37 to 73 of 100]
2.999499345951621194e+02 2.998134197136685088e+02 2.997962843985329755e+02 2.999453703593009095e+02 2.999056268687589295e+02 2.999919916297017153e+02 2.999738107963498237e+02 3.000243496185309482e+02 3.001503551754335604e+02 3.000958344640045539e+02 2.996436725705709136e+02 2.995877414407468109e+02 2.955290928312567758e+02 2.976604327422772371e+02 2.986367195900359661e+02 2.989811849306382783e+02 2.979539780176071417e+02 2.999253828547950889e+02 3.000979087632831579e+02 3.000864739812317339e+02 2.998993160831205387e+02 2.982421311547599885e+02 2.994227781784664444e+02 2.992958958576717237e+02 2.997337800628089894e+02 2.996153173142105857e+02 3.000690827547259687e+02 3.000398712794941503e+02 3.000944407440951522e+02 3.001187224152787962e+02 3.000512498653945954e+02 3.000641723011938780e+02 2.998374290578414616e+02 2.992587902283579524e+02 2.997490490541326835e+02 3.000854187208046255e+02 2.999466743230377688e+02
3.001221828191089571e+02 3.000424186526564085e+02 3.000286281119009004e+02 3.000832034159220143e+02 3.000379864830354109e+02 3.000517516954312782e+02 3.000341213129203766e+02 3.000046556770885218e+02 3.000797036506488666e+02 3.000656296525594939e+02 3.000878260752220399e+02 2.996203326275385734e+02 2.991567773055713246e+02 2.989818963306007618e+02 2.999021320060462017e+02 3.000073944412051219e+02 2.999232846837690545e+02 2.997661410117748346e+02 3.000605026697931521e+02 3.000449962984181980e+02 2.998231691901963245e+02 2.994903462290790230e+02 2.999050004810005134e+02 3.000496744649017273e+02 3.000191054930565997e+02 3.000670948062108323e+02 3.000097986677532731e+02 3.000355660158366504e+02 3.000379701612948793e+02 3.000734751935938220e+02 3.000606738455161917e+02 3.000744395350965306e+02 2.999559038520930585e+02 3.000292436177978743e+02 3.000825561285457752e+02 3.000736090361995139e+02 3.000330582072122070e+02
3.000826920733755969e+02 3.000636890719852090e+02 3.000321331423737661e+02 3.000538111164119641e+02 3.000136329878782817e+02 3.000135703152221254e+02 3.000314513888549754e+02 3.000018327071480257e+02 3.000387206335963128e+02 3.000247579575942609e+02 3.000810052242308075e+02 3.000875998600936896e+02 2.999615415007635306e+02 2.999912407048286127e+02 2.998459315555578542e+02 3.000377219713870431e+02 3.000530248141750462e+02 3.000178223896335226e+02 3.000716401631950134e+02 3.000673977931929244e+02 3.000084371931755527e+02 2.998889793220235447e+02 3.000153083834625249e+02 3.000639934241924607e+02 3.000438642955649016e+02 3.001126396144210844e+02 3.000684843875792467e+02 3.000392155277668849e+02 3.000935939176985698e+02 3.000964151002337985e+02 3.000601291535117525e+02 3.000527270718208683e+02 3.000537116749658821e+02 3.001014974310347156e+02 3.001400890579888596e+02 3.001340698429825693e+02 3.001067042979874486e+02
3.000513409535022902e+02 3.000316005696033130e+02 3.000315988510248530e+02 3.000650293366866208e+02 3.000444434937369351e+02 3.000138316800297389e+02 3.000526275085614998e+02 3.000024948434257794e+02 3.000020891384249353e+02 3.000031757151007241e+02 3.000412632748520423e+02 3.001478237995923450e+02 3.000868309082565588e+02 3.000207858576424655e+02 3.000210935902191522e+02 3.000208048343454266e+02 3.000369698152857154e+02 3.000857355308979777e+02 3.000966524941042621e+02 3.000653395198288536e+02 3.000717458253574250e+02 3.000544046884575096e+02 3.000010447849321054e+02 3.000205830102385107e+02 3.000546742370784159e+02 3.000943944981730738e+02 3.001166707445307793e+02 3.000512860424763630e+02 3.000715038514817365e+02 3.000901019968085848e+02 3.000705231213399884e+02 3.000770503368270852e+02 3.000718992485963099e+02 3.000673615782024513e+02 3.000482848728938166e+02 3.001387229365731741e+02 3.001297258831992849e+02
3.000323003696849469e+02 3.000784268119914486e+02 3.000316021324350118e+02 3.000606713346457468e+02 3.000365772392082135e+02 3.000442966666728921e+02 3.001040052751963003e+02 3.000361225011726560e+02 3.000228534418246795e+02 3.000503217014505708e+02 3.001444340957516488e+02 3.000984451202104992e+02 3.000502707172202008e+02 3.000553661816270505e+02 3.000803106699428326e+02 3.000747437792207393e+02 3.000815787224431688e+02 3.001209039075766327e+02 3.000772304604753344e+02 3.000184231510871768e+02 3.000893259902704813e+02 3.001255383915219568e+02 3.000558858371796305e+02 3.001154748349820238e+02 3.001240225408172932e+02 3.000960863248531609e+02 3.001237374956983217e+02 3.001054327854205894e+02 3.000927043716258709e+02 3.000267745710831946e+02 3.000261069150262188e+02 3.000296057997015851e+02 3.000704981213087308e+02 3.000406716030737471e+02 3.000404749975544405e+02 3.000857217070179104e+02 3.000530679895935577e+02
3.000884710110518085e+02 3.001095928236091481e+02 3.000745513578394821e+02 3.000330612274902933e+02 3.000621683114077882e+02 3.000761218872001450e+02 3.001567459162963587e+02 3.000959978214544890e+02 3.001312069528148641e+02 3.000811173567314540e+02 3.000601471516751531e+02 3.000578811372070618e+02 3.000564180347512320e+02 3.000628103796214532e+02 3.000915758199506627e+02 3.000850039740921602e+02 3.000378229050851928e+02 3.000438539329211380e+02 3.000347659216832881e+02 3.000113622395177799e+02 3.000698344574396970e+02 3.000655490896511424e+02 3.000352715298531621e+02 3.000823050308247844e+02 3.001530957439819076e+02 3.000870940971121854e+02 3.000336255232118106e+02 3.001238305796800319e+02 3.001542955061543694e+02 3.000883729672785307e+02 3.000270597661661895e+02 3.000908607893952649e+02 3.001371846942656134e+02 3.000776376352603734e+02 3.000593331747895718e+02 3.000405839929323975e+02 3.000462760348725055e+02
3.000720757020968108e+02 3.001085837072277513e+02 3.001003780681958233e+02 3.000765259472066191e+02 3.000908823018038447e+02 3.000402448477719872e+02 3.000806687626642884e+02 3.000472679131242444e+02 3.000942048235189645e+02 3.000538305612219006e+02 3.000155989030280352e+02 3.000302539392970971e+02 3.000605434932546132e+02 3.000213566832594552e+02 3.000592166773855638e+02 3.000348900762099902e+02 3.000080750033404229e+02 3.000080773141523309e+02 3.000081779877627923e+02 3.000502142471195839e+02 3.001371392818506934e+02 3.000706827332529656e+02 3.000352068005176989e+02 3.000642508223617710e+02 3.000492037731134474e+02 3.000263379942150550e+02 3.000192158537447540e+02 3.000890177782181354e+02 3.001603388913414392e+02 3.001288648853728773e+02 3.000343121170619725e+02 3.000878376638211193e+02 3.000853457753327689e+02 3.000539167980866750e+02 3.000442881097366694e+02 3.000756655424156634e+02 3.000487760962544144e+02
3.001432651603136605e+02 3.000837512137556473e+02 3.000641876161893151e+02 3.000813859554624514e+02 3.001079472604286593e+02 3.000666152108009896e+02 3.000392718493916959e+02 3.000393993968619952e+02 3.000911472792549262e+02 3.000615473902051917e+02 3.000174448449822648e+02 3.000670606611083713e+02 3.000871747755663819e+02 3.000509298989246076e+02 3.000285291753508545e+02 3.000080777268274232e+02 3.000271238000621565e+02 3.000271693972841263e+02 3.000649212560089723e+02 3.000752298378334899e+02 3.000934432172513198e+02 3.000375096283104313e+02 3.000614218926594390e+02 3.001305952188859010e+02 3.000456520886781959e+02 3.000152191430024118e+02 3.000244651834422029e+02 3.001016574830848072e+02 3.000818109831429297e+02 3.000895395822107616e+02 3.001242319208042204e+02 3.001428192700876139e+02 3.000786453224546904e+02 3.001154817785920841e+02 3.000825489144277753e+02 3.000760543116780354e+02 3.000342869191931072e+02
3.000955489286004081e+02 3.001246271189997969e+02 3.000915627329278550e+02 3.001084429710097083e+02 3.000446147389210978e+02 3.000695666068467062e+02 3.000716986506191120e+02 3.000511250993039312e+02 3.000860630422112081e+02 3.001029829617081077e+02 3.000717932844944471e+02 3.000607448033048854e+02 3.001084857874971590e+02 3.000674672304994033e+02 3.000092239891106942e+02 3.000462970801423808e+02 3.000098720271826664e+02 3.000350361863041257e+02 3.000645262353711473e+02 3.000532603272841357e+02 3.000408178786288431e+02 3.000818002093611199e+02 3.000972876623837351e+02 3.000579287690709407e+02 3.000155209496952580e+02 3.000378347167154516e+02 3.000170308280083304e+02 3.000227406109967774e+02 3.001142542198701904e+02 3.001677219130584149e+02 3.001505877938708977e+02 3.000913824694540608e+02 3.000585924055714599e+02 3.001025687036151908e+02 3.000381847764127201e+02 3.000350001377086073e+02 3.000343775272448283e+02
3.001276434202633823e+02 3.000607050304614631e+02 3.000498167096397424e+02 3.000851305370464956e+02 3.000432315926623801e+02 3.000433789546917751e+02 3.000700686979533316e+02 3.000883959910674434e+02 3.000510871491904368e+02 3.000522406622819176e+02 3.000908283351376440e+02 3.001542346057831878e+02 3.000772617138705982e+02 3.000178379030705855e+02 3.000570348503987361e+02 3.000316591655101206e+02 3.000379657227425128e+02 3.000884286845554811e+02 3.000244205324647737e+02 3.000223603362748577e+02 3.000223597076698070e+02 3.000310488871023153e+02 3.000648609540625102e+02 3.000978486683813458e+02 3.000526553177957680e+02 3.000823210920367501e+02 3.000884763817340399e+02 3.000992124404372134e+02 3.000846422645296911e+02 3.001888866538338334e+02 3.001784773424562331e+02 3.001483545772421735e+02 3.001018456543339425e+02 3.000462245646976385e+02 3.000522086490416314e+02 3.000507318200662326e+02 3.000356658953109559e+02
3.001081461176550533e+02 3.001199037957200630e+02 3.001031724025771155e+02 3.000435387760647927e+02 3.000773566746785832e+02 3.000658424838759402e+02 3.001166986463819057e+02 3.001564258676350505e+02 3.000847757127546629e+02 3.000533983040676844e+02 3.001161847109473797e+02 3.001359805267239835e+02 3.000564048201269998e+02 3.000982659321221604e+02 3.001461180625644261e+02 3.001114427857537521e+02 3.001152672851554826e+02 3.000336560327262987e+02 3.000241852778094085e+02 3.000236311602164392e+02 3.000574106724038757e+02 3.000808558682733747e+02 3.000691670550156118e+02 3.001085396596179748e+02 3.000624132545649445e+02 3.000613305482597184e+02 3.000632774988320648e+02 3.001732759170644727e+02 3.001600382635992332e+02 3.001715952923168516e+02 3.001363635413773068e+02 3.000672686832814406e+02 3.000568061839466054e+02 3.000661441922601398e+02 3.000535914575929155e+02 3.000627364506693766e+02 3.000801985119455821e+02
3.001286771267079985e+02 3.000722519163637116e+02 3.000530199639363218e+02 3.000466350386047907e+02 3.001028167513363769e+02 3.001514250982514795e+02 3.001130538351043242e+02 3.001001563534122738e+02 3.001048821025604525e+02 3.000608128525635152e+02 3.001217653492956288e+02 3.001737453210075159e+02 3.001407007071190947e+02 3.001264295376397513e+02 3.000880479918158130e+02 3.001230082175246139e+02 3.001091421575149525e+02 3.000905324224303286e+02 3.000394011099546674e+02 3.000607466710046651e+02 3.000638196522617136e+02 3.000721248673862078e+02 3.000504875030686094e+02 3.000741432976486749e+02 3.000463481529230307e+02 3.000299241732915334e+02 3.000324847845297427e+02 3.001186751691842574e+02 3.001117398620056633e+02 3.001270750344269231e+02 3.001540670118332059e+02 3.001580093309206632e+02 3.001210964308555731e+02 3.000728898680079624e+02 3.000562646666383557e+02 3.000953964192920012e+02 3.001150053105568531e+02
3.001054314164679795e+02 3.001142177592225266e+02 3.001049728672073797e+02 3.000574635044726506e+02 3.001293230744870471e+02 3.001093376729485271e+02 3.001073229215189144e+02 3.000417597640346230e+02 3.000816244282373759e+02 3.001088984278944167e+02 3.001382797195723811e+02 3.001273784084655176e+02 3.001009712340375017e+02 3.000480729794189187e+02 3.001228749989042512e+02 3.001547493428367943e+02 3.001155212634189411e+02 3.000617588671551630e+02 3.000582835709681717e+02 3.000775888074455793e+02 3.000509449907377757e+02 3.000505211697595769e+02 3.000936152866357247e+02 3.001279879395085004e+02 3.001344182420675111e+02 3.000713603893297545e+02 3.000984411961572960e+02 3.000662467210453883e+02 3.001415203315131066e+02 3.000772778741970228e+02 3.000890847769084075e+02 3.001617791464971674e+02 3.001712164038025321e+02 3.001369094996739477e+02 3.000979773264300547e+02 3.001686748888499210e+02 3.001194606393345907e+02
3.000236667845422289e+02 3.000914009335971855e+02 3.001927142403761763e+02 3.001279854902981015e+02 3.001015020427708464e+02 3.000621130872664253e+02 3.000879480696870587e+02 3.000838489403336098e+02 3.000144577980389613e+02 3.000668317433276115e+02 3.001467702299684674e+02 3.001013966554298236e+02 3.000305989836070353e+02 3.000327808553545879e+02 3.000534732899624260e+02 3.000827329099837470e+02 3.000951638216422452e+02 3.000855248540271987e+02 3.000670627663415644e+02 3.001199557522340342e+02 3.000855112274982730e+02 3.000961422434625661e+02 3.000835636569659073e+02 3.001353879430479310e+02 3.000822725595118072e+02 3.001135106316351084e+02 3.001292110214791364e+02 3.000913459103087462e+02 3.000830242216120496e+02 3.000278530052358974e+02 3.000290298940390699e+02 3.000764702345652495e+02 3.001227588031944720e+02 3.001034320502358241e+02 3.001716565542650983e+02 3.001398620855515560e+02 3.000959699921949664e+02
3.000591863237445409e+02 3.000381555302650440e+02 3.001184575071092695e+02 3.001176460866821003e+02 3.000967926945743898e+02 3.000618246605465060e+02 3.000949411568869891e+02 3.000870912437078459e+02 3.000533047143425733e+02 3.000080951611071782e+02 3.000553700915706941e+02 3.000713067083991064e+02 3.000216226885839319e+02 3.000745498335209618e+02 3.000626035047897631e+02 3.000233647181610195e+02 3.000261191843661663e+02 3.000898121427888441e+02 3.001028106455816555e+02 3.001128910218300234e+02 3.000408479043877037e+02 3.000453044182354461e+02 3.000615782125128703e+02 3.000763314845422087e+02 3.000451466298759442e+02 3.000844554417558356e+02 3.000528138322588347e+02 3.000928329192961996e+02 3.000219081676710289e+02 3.000205705925214374e+02 3.000205572965157330e+02 3.000208773079356774e+02 3.000756589849661395e+02 3.000485445033830842e+02 3.001229419543956283e+02 3.001170726441301895e+02 3.000305564999643479e+02
3.000608893455042789e+02 3.000051216268221310e+02 3.000225173917472716e+02 3.000230138466688459e+02 3.000809644595290706e+02 3.000624743134101777e+02 3.001062159526500750e+02 3.001553753061964471e+02 3.000613868029379887e+02 3.000072263349447894e+02 3.000172088737811578e+02 3.000725126976214483e+02 3.000209963325588660e+02 3.000288100692484363e+02 3.000679147650262735e+02 3.000210735351013795e+02 3.000681419381479031e+02 3.000416448268541103e+02 3.000574615666599243e+02 3.001057020820142611e+02 3.000706239467974115e+02 3.000276516188650930e+02 3.000286824125784051e+02 3.000794473966197984e+02 3.000465553305006097e+02 3.000334925859301620e+02 3.000282182334243544e+02 3.000782363556770633e+02 3.000469216912483716e+02 3.000324896704478874e+02 3.000304014886224309e+02 3.000631665956041161e+02 3.000568802853933903e+02 3.000420462285389931e+02 3.000788953499109653e+02 3.001234061269095150e+02 3.000398819633280141e+02
3.000174840634588804e+02 3.000045188074031444e+02 3.000046958258439531e+02 3.000529047128625280e+02 3.000701623091909482e+02 3.000850533831912799e+02 3.000979166842973882e+02 3.000480387072416306e+02 3.000157022743204607e+02 3.000069356369478442e+02 3.000464486023084305e+02 3.000350415331151908e+02 3.000400938370977428e+02 3.000208317353930738e+02 3.000208312317714672e+02 3.000210027485139221e+02 3.000732132364361178e+02 3.000881233198198856e+02 3.000718917304529896e+02 3.000693360643509209e+02 3.000654531001598571e+02 3.000276516956211026e+02 3.000534818834379394e+02 3.000844296712381833e+02 3.001065895595879169e+02 3.000905354466428321e+02 3.000465981156997373e+02 3.000247174181142782e+02 3.000675046661710326e+02 3.000987062912220722e+02 3.001082058099631809e+02 3.000850592887006201e+02 3.000601234391083949e+02 3.000419699892979111e+02 3.000420035745829637e+02 3.000466346828275164e+02 3.000597551422376341e+02
