output/example_1/elevation_000144.asc
nrows	75
cellsize	13.33333333
xllcorner	0
ncols	75
yllcorner	0
NODATA_value	-9999
[rows 34 to 50 of 75, columns 37 to 73 of 75]
2.816928891031419369e+01 3.853725092381918671e+01 4.458370384986942980e+01 3.710341422621490182e+01 2.675568784284888579e+01 3.710360038291294416e+01 3.824111387734380685e+01 3.360809423988914801e+01 3.547073539099994122e+01 3.126309312551294894e+01 2.802047419839236753e+01 1.764907260847217074e+01 2.617650558449631149e+01 1.579815744977171299e+01 2.315894141528975680e+01 3.346155802581213123e+01 3.493873483373934619e+01 2.421107513286285240e+01 1.984497916575244858e+01 9.889676676913209619e+00 1.948561968978636116e+01 2.216639013432743255e+01 2.721012963951294239e+01 2.882575299837855809e+01 1.861092756411245119e+01 2.160181192647700144e+01 1.254822842046937836e+01 2.239240140771794785e+01 1.370218288035062493e+01 2.390475478915638163e+01 2.289593262432980580e+01 3.317874069296324535e+01 3.206015403955719734e+01 2.430895957593410373e+01 3.459154906157042575e+01 2.849636666513456262e+01 3.445306149049765310e+01
3.549998660686461704e+01 3.958721636650339093e+01 3.537764618704270703e+01 3.014176098766028034e+01 2.304196753541456388e+01 3.329753681555979483e+01 3.801900822660196866e+01 4.313118561463272016e+01 3.890679368556780560e+01 2.869310138496854989e+01 2.137179606272622578e+01 2.617650558458032606e+01 1.579815744977171299e+01 2.468060775339384705e+01 2.892301377324646339e+01 3.352387191219525420e+01 3.299710836714400131e+01 2.239336530601500641e+01 1.472093029108990514e+01 9.496123788195404813e+00 1.671556478339809004e+01 1.562124141808654620e+01 2.268030032157588494e+01 2.442739593658135888e+01 2.063001273228815080e+01 1.163318788659903014e+01 2.160178817527920003e+01 2.497240644281790622e+01 1.479508998012687471e+01 1.566488930891480180e+01 2.590769727934912225e+01 2.966849590014926719e+01 2.177323075139921116e+01 3.206015403955719734e+01 2.430895957593410373e+01 3.459154923975806639e+01 4.299042703132695920e+01
3.567969120308342923e+01 3.144498214287790816e+01 2.503687438408429600e+01 2.693445383843763352e+01 1.973905862128279054e+01 2.343393045528785734e+01 2.867176442050119434e+01 3.894912695125435675e+01 3.893733184523184576e+01 2.869409884228116780e+01 2.617653255222157682e+01 1.579815744977171299e+01 2.468059816869148548e+01 1.435393527415545556e+01 2.322935772417188360e+01 2.322932287476202973e+01 3.128952154176220901e+01 2.937458250398129778e+01 2.008113129532788577e+01 9.110273062913099906e+00 1.080628123784065053e+01 1.648649776150237045e+01 9.034104951171281428e+00 1.945287024993610459e+01 1.070142097294113093e+01 2.063001273026575788e+01 2.537848088849820627e+01 2.500313993870139484e+01 1.479508998012687471e+01 2.500313993906677723e+01 1.781977398340076846e+01 1.937855693482827135e+01 2.966849592569713323e+01 3.628272489145965807e+01 3.459154923975536633e+01 2.979871728898640626e+01 3.710014538311074261e+01
3.144500793849079656e+01 2.107377696612152107e+01 2.411141889555404560e+01 1.655429039258680746e+01 2.693445383842920648e+01 3.381044568506507630e+01 3.801900822660196866e+01 4.313118561460061073e+01 4.312111241842878684e+01 3.893823300779529717e+01 3.041330371553322465e+01 2.617654598892661966e+01 2.891042638875848780e+01 2.322580816795406733e+01 1.301751507631276716e+01 2.182844418550452659e+01 2.021488768421097504e+01 3.029540824425233225e+01 2.537979839665512216e+01 1.854597303691285148e+01 8.598358696663696676e+00 1.805400359546100120e+01 9.034104951171281428e+00 9.728379105076498945e+00 1.968227214529601099e+01 1.365193123625989280e+01 2.268442092668808741e+01 2.620213367389490600e+01 1.595792676775687546e+01 2.620213367382510228e+01 2.797608720004997807e+01 2.966849592562267190e+01 2.966849585034025694e+01 3.992516532772985016e+01 4.427961130475113549e+01 4.009530907759570084e+01 4.009530907759570084e+01
2.627416183660929505e+01 2.200707342441620895e+01 1.379784694937445089e+01 2.411142523467835375e+01 3.092447168622814502e+01 3.405582800544604538e+01 3.770581235580741009e+01 4.190530846382966956e+01 4.778063545577386861e+01 4.282235743169374587e+01 3.271008743977815669e+01 2.543825763793364914e+01 2.027794337716931494e+01 1.626702828632527797e+01 2.096580047517015899e+01 1.175460044006851668e+01 1.321870127640365133e+01 2.806347199786107183e+01 2.838127728983563713e+01 1.882705356484829196e+01 1.768123637791886082e+01 8.140511425522158007e+00 1.805620824466913632e+01 1.967908112439808832e+01 1.978976754211716482e+01 1.968794746180621402e+01 2.759720836870323524e+01 3.041094304381003255e+01 2.320130065752665161e+01 1.770858849366180365e+01 1.770858849366180365e+01 2.797608741485256445e+01 2.988357997132444765e+01 3.189573600388154517e+01 3.608182963046477454e+01 4.512042525541785665e+01 4.632909840275662816e+01
2.017186986233970813e+01 1.178239800812822402e+01 2.200706726913830735e+01 1.764872814102628595e+01 2.051831643780447934e+01 2.367030057903458129e+01 2.738209761433447653e+01 3.338908218984062160e+01 4.360257542374156969e+01 4.058292339751952937e+01 3.983682569278627028e+01 3.474625797526447002e+01 2.478831818761958772e+01 1.473560366831989477e+01 1.206659598052269544e+01 1.081677759064783473e+01 1.963315477221935268e+01 1.918903086193840934e+01 2.306591970276662806e+01 1.564674220601758314e+01 1.779295840703676035e+01 8.140511425522158007e+00 9.683727023964557645e+00 1.948718348121751021e+01 2.607572334125026714e+01 2.947703223045002829e+01 3.702622078994740917e+01 3.762058536040084533e+01 3.217875567370171552e+01 2.364391599050504311e+01 2.797608728402377309e+01 1.961141874496703252e+01 1.961141874496703252e+01 2.163591989524215720e+01 3.189573600387821273e+01 3.498356458724183682e+01 3.619445473314515027e+01
1.004266718750545273e+01 2.017188503852302617e+01 1.628204395651222569e+01 1.991963772641225461e+01 3.027533862104110085e+01 3.405582800544647171e+01 3.770581235580762325e+01 4.190530846390191044e+01 3.752800150999757989e+01 3.026949349972945313e+01 3.752800146235575340e+01 3.210916159100160883e+01 2.176460767144753916e+01 2.477777403048490967e+01 2.097203929706077119e+01 1.452449901734915017e+01 9.500466435319221858e+00 8.635354885988482110e+00 1.797727051995997272e+01 1.428887989032732442e+01 1.445155180371719261e+01 7.878719371530610083e+00 1.830596404256684195e+01 1.179954641966781281e+01 2.185910795271905371e+01 2.866446559758587398e+01 3.377400005834555685e+01 3.793229153759615713e+01 3.806693263088117618e+01 3.389394334188069280e+01 2.800959463209783706e+01 2.988357983799111395e+01 1.961141874496703252e+01 2.988357997125300258e+01 2.474263774104501579e+01 2.892577218393527971e+01 3.916282313906503276e+01
1.761194605982269934e+01 2.443611872923874984e+01 2.662263855825321102e+01 3.027533862104110085e+01 2.649942063218170318e+01 3.375898281745968177e+01 4.364682425718770986e+01 3.896489786184018556e+01 2.851990210732931530e+01 2.262342017612599676e+01 3.281480871442408187e+01 3.634473712337484841e+01 3.210565832676098807e+01 3.296796129722947910e+01 2.283226635292649931e+01 2.377076379147640139e+01 1.576020707347782590e+01 8.635354885988482110e+00 1.695349536927132661e+01 1.621314706607871869e+01 7.502352431821125656e+00 1.197015007176709211e+01 2.233280181539225495e+01 2.185910737931062897e+01 1.412004982204835279e+01 2.445514875935242571e+01 2.354050398425389545e+01 3.081307919956509522e+01 4.092229535272670660e+01 4.236841485315525091e+01 3.822185751880662963e+01 3.202309031483208202e+01 2.176396049360158003e+01 3.199204311493524955e+01 3.498233863064324822e+01 2.892577218393527616e+01 3.486532223751600412e+01
2.867964299118997928e+01 2.855509196869803645e+01 2.432915867066896709e+01 2.855604163301509502e+01 3.670959374433257238e+01 4.083100372810327627e+01 4.160931339177605537e+01 3.459548699084863443e+01 2.851989492723255637e+01 1.772387100706406216e+01 2.851989492724344544e+01 3.211213247950359317e+01 2.974350283287069274e+01 3.406272957464065598e+01 3.297112945843994680e+01 2.996250438127086468e+01 2.291223258510213157e+01 1.762668948634060584e+01 7.678014511676279241e+00 7.107459269078581166e+00 1.665259333047806578e+01 1.903850476847165396e+01 2.570145910626785479e+01 2.866413382602245363e+01 2.445514875934071242e+01 1.690108442869541250e+01 2.730176885424136657e+01 3.387197667230663711e+01 3.726827047158208472e+01 4.141730223204211114e+01 4.030421826587707557e+01 3.014205214222590712e+01 2.426559130199755643e+01 3.448351694776364695e+01 4.257913716958749006e+01 3.619445473314483763e+01 3.486532223751600412e+01
2.482180138784192280e+01 2.432914237945939462e+01 1.422152800616037815e+01 2.432915317446351366e+01 3.214643630521416640e+01 3.723930547926939028e+01 3.682149022441856800e+01 2.568549650712473209e+01 1.932194336226126907e+01 1.474837498271367586e+01 2.164571604772921276e+01 2.164145877722268096e+01 1.899042333344474542e+01 2.785767588023572827e+01 3.238181609855011800e+01 2.837555648277560394e+01 2.543861359575612369e+01 1.635223594916774204e+01 1.238335839991741238e+01 6.775011017210936792e+00 6.775011017210936792e+00 1.818396826620641704e+01 2.514267649377350722e+01 3.116508571240675352e+01 3.149608848029301811e+01 2.730176885424136657e+01 2.043659094463476222e+01 2.361340582693499002e+01 2.707940706972582490e+01 3.726827047155188666e+01 4.442508676951050006e+01 3.864251096625961424e+01 3.448422908775816609e+01 2.828267499633854953e+01 3.848840059870172325e+01 4.632909839944792907e+01 4.079858170980992327e+01
1.844701460592746400e+01 2.063835292629423890e+01 1.422152800616037815e+01 1.778233652287541844e+01 2.283449616458790032e+01 3.298493216477343282e+01 3.786062319686337219e+01 2.797773403363867928e+01 2.047482085407613539e+01 1.521417851505831287e+01 1.182940714506103852e+01 1.902023699744045615e+01 1.320773409182205249e+01 2.313867511141246069e+01 2.731116061827685826e+01 1.789696827292892323e+01 2.033800164054327553e+01 1.764990986169584986e+01 1.224137136080535271e+01 6.417871559820255811e+00 1.710549434655418821e+01 1.096270198389255235e+01 1.667525239865427977e+01 2.700055574465921637e+01 3.552507954171330340e+01 3.496242397914996758e+01 2.833543928114602650e+01 2.891265215587490545e+01 3.726823191569516069e+01 3.431417153485164562e+01 4.440009618922863410e+01 4.563227455191010762e+01 3.552931112120872825e+01 3.341199036825735647e+01 3.848840060108957317e+01 4.853053548386733240e+01 5.081807662721600138e+01
8.517311059160443065e+00 1.057570388118828220e+01 2.043353323903749086e+01 2.790971416468066835e+01 3.214643630521416640e+01 3.723930547926939028e+01 3.494563435432153398e+01 3.510057872285421610e+01 3.000960337314231552e+01 2.564880573613598713e+01 1.902024783534702834e+01 9.776165464820889994e+00 9.776165464820889994e+00 1.902024783872682789e+01 2.516748825164690473e+01 1.730278662565354608e+01 1.079246929379926989e+01 1.443921515533316580e+01 5.921786623512712566e+00 8.283144785778727481e+00 1.759645251435072666e+01 2.103923038610137297e+01 1.388269592682405751e+01 2.119846470531475546e+01 3.024659743226833086e+01 3.432356522994063397e+01 3.948083981630385608e+01 3.908939892846476027e+01 4.324791852454461605e+01 4.440009618922863410e+01 4.852043292923256246e+01 4.971912889170398842e+01 4.563227455121867138e+01 4.064097559887513000e+01 4.766255490214267354e+01 4.912733137232366687e+01 4.912733137293626129e+01
1.554569615849021602e+01 1.710017672332675076e+01 2.485445970267723226e+01 3.463340182152142432e+01 3.754930441466011359e+01 3.203862279909046151e+01 2.507450678029068669e+01 2.873090632730703575e+01 3.279887750412486014e+01 2.491771725458327680e+01 1.470300031697194321e+01 9.776165464820889994e+00 1.704786897249488931e+01 2.124778314633490339e+01 2.185629688333346010e+01 9.238827087320343523e+00 1.493371190910310808e+01 5.478688809712867425e+00 1.449869665949089992e+01 1.747407467607906284e+01 1.143097074923460177e+01 2.100791884790148245e+01 2.418913482636900625e+01 1.740265137044140076e+01 2.013013290182786719e+01 3.024377349569973106e+01 3.261562836209206750e+01 3.882195072212176257e+01 4.745832045876917960e+01 4.543725737991344005e+01 4.126662634980768019e+01 4.256974842130578196e+01 4.674235268618696892e+01 5.062357349068695811e+01 4.617746181975359576e+01 3.904195578619981433e+01 3.904195578619983564e+01
1.972571268657800658e+01 2.771383004271406847e+01 3.166943093563621758e+01 2.490006689307261567e+01 2.765271957526376667e+01 2.705611851454074923e+01 1.795028715881635861e+01 1.873161926306913827e+01 2.705607550849513387e+01 2.921611963677405654e+01 2.329116504392604270e+01 1.704786897249488931e+01 7.972154284285862147e+00 1.539476281727353246e+01 1.776085949034733957e+01 9.334530676436093799e+00 5.112635212473283453e+00 1.039362511599718708e+01 1.826794456364639530e+01 2.439159380029704494e+01 2.100791872349995160e+01 1.496517899025749010e+01 2.517914337744083397e+01 2.766903797647455576e+01 2.734428083684522903e+01 2.497236272851383987e+01 3.216796050707415588e+01 4.272790645117078867e+01 4.445842776248926498e+01 3.837122199892918673e+01 3.141500226820457797e+01 3.268303813428514104e+01 4.256974841894213313e+01 4.441106121433399068e+01 4.199589390474167772e+01 3.212309837147667935e+01 3.870496206034367503e+01
2.562142956317868325e+01 2.644849684995192263e+01 2.234219928183622628e+01 1.796696633362781625e+01 2.765272509974816728e+01 2.295781913273224006e+01 1.292466963018797976e+01 1.292466963018797976e+01 1.902248149659960674e+01 2.313650080150499377e+01 1.887648679562144238e+01 1.404271513607700328e+01 1.406595652120761919e+01 5.942675696243536976e+00 1.418201221605752060e+01 4.719796759023231481e+00 1.483143865921917559e+01 8.982227205721676100e+00 1.238970735135632495e+01 2.275435623045620304e+01 2.947082584374469505e+01 2.517914337744083397e+01 1.981690271072391951e+01 3.054139664887610905e+01 3.724421686616015847e+01 3.192109049141490829e+01 3.878140902793997924e+01 4.428780473717164767e+01 3.890120200639612591e+01 2.902690992816902593e+01 2.589118685413443544e+01 3.557878853433913946e+01 4.153505598316763070e+01 3.448395072208670342e+01 3.526609953671704289e+01 2.897840000905997115e+01 3.578037512219079019e+01
2.226033113486614567e+01 1.812852148380886064e+01 1.253767157718576009e+01 2.234219928183621917e+01 2.836864348479229392e+01 2.452810335727203039e+01 2.295781873383814897e+01 1.902236315290986468e+01 8.962271202342009246e+00 1.568627922174720091e+01 1.366521141874854806e+01 3.173052786275225579e+00 3.412278472857769085e+00 9.936808354072583782e+00 3.846753882716847261e+00 8.459115787962501187e+00 1.761225060129811126e+01 2.087259054789755197e+01 1.925991793846625910e+01 1.966162000476760241e+01 3.028189788042000075e+01 3.480157478199974008e+01 3.054139664887607708e+01 2.745229370957542159e+01 3.799921897462051845e+01 4.161615092080945999e+01 4.141683748606262583e+01 3.438428989966138261e+01 3.863505392628545820e+01 2.932640866008555847e+01 2.265837898528788585e+01 3.243346790295871074e+01 3.664044305338484975e+01 2.769358326603910214e+01 2.563700904959624083e+01 3.526609769254841353e+01 3.870492224849419927e+01
1.446604266813950090e+01 8.212783857748174654e+00 1.797015268210677874e+01 1.922251150893981020e+01 2.129036269562704575e+01 1.544830839720103732e+01 2.082169938345898075e+01 1.718172294264428501e+01 1.515473763650754435e+01 5.291716442158719502e+00 3.071243818999840780e+00 8.273573047872529784e+00 1.340052410731208177e+01 3.846753882716847261e+00 1.318331542741480256e+01 1.459689406446410764e+01 1.744539824968508412e+01 2.693455226941588521e+01 2.998098978128791714e+01 3.028189788042000075e+01 3.443507044212846324e+01 3.228856106139189563e+01 3.639541496323774084e+01 3.799922027817712689e+01 4.215118776101101616e+01 3.984053316342951945e+01 3.728496223798655507e+01 2.753140925384858662e+01 3.111627369618493333e+01 2.998443712351029333e+01 2.021733515181655960e+01 2.893443219863192084e+01 3.016981351778597897e+01 2.290452975722710960e+01 3.254257212569964963e+01 3.111737909937706092e+01 3.799468344640600037e+01
