output/example_1/elevation_000081.asc
nrows	75
cellsize	13.33333333
xllcorner	0
ncols	75
yllcorner	0
NODATA_value	-9999
[rows 51 to 67 of 75, columns 37 to 73 of 75]
1.318453879832103226e+01 1.830644473651650017e+01 2.068702890314259335e+01 1.005390268670365650e+01 2.068708473398946524e+01 2.539454602263949567e+01 1.548723814869220128e+01 2.538511118041459014e+01 2.812038045680647258e+01 3.225487531440934674e+01 3.668317625625066114e+01 2.746520865463631722e+01 1.756416051217813390e+01 2.433592749083526385e+01 2.420344303797192609e+01 2.603830817003120046e+01 2.580979512103237639e+01 1.651448893160623044e+01 1.526534338055479623e+01 1.201194627238707291e+01 8.566503900093815460e+00 1.851368686762928917e+01 2.017387149146149738e+01 2.010135392081942740e+01 2.492687184188016758e+01 3.152190572972102345e+01 2.583737997229413352e+01 1.800324359857283696e+01 2.214402816056994538e+01 1.352097573602303981e+01 1.520814296960246459e+01 2.496601112037830106e+01 3.157604953618653099e+01 3.434241606703772476e+01 3.223059699739525996e+01 3.368360914591531241e+01 2.861506646804764031e+01
1.220833066312679627e+01 2.385673902621185860e+01 2.352280535924946392e+01 1.370260880320240027e+01 2.352280535943723194e+01 2.952757467602533126e+01 2.245789832636813443e+01 2.245958277306714024e+01 3.252081179433183422e+01 3.834807498880345378e+01 2.819988085481657691e+01 2.244140494787300710e+01 2.079314954697671070e+01 3.080123787062029805e+01 3.404141800243220217e+01 3.254418850900501070e+01 3.081647741016127640e+01 2.504519632249040129e+01 1.790697034961738154e+01 1.293020188255027847e+01 1.055301502918601031e+01 9.192118865363418934e+00 1.908850632770289124e+01 9.799512066459463711e+00 2.038121026794802759e+01 2.656207381989096206e+01 1.763917470372579643e+01 1.234051705828982115e+01 1.234051705828982115e+01 2.213113753667904504e+01 2.496518320446029193e+01 1.768399057058925905e+01 2.453523775612151070e+01 3.442867373480080317e+01 4.242282634777112804e+01 4.300795183817054124e+01 3.442504854978866291e+01
2.385664786214950794e+01 2.810002468230035078e+01 2.751982098362490348e+01 1.881090733037668272e+01 2.074666551212702714e+01 3.026280660402866829e+01 3.246173638966267561e+01 3.251588351005501920e+01 3.674903347115950680e+01 4.253578610044890951e+01 3.668317625625300593e+01 2.951578560005048146e+01 2.783122248035665081e+01 2.707543871658612389e+01 3.721243913993532715e+01 4.224910920000601067e+01 3.782584428744973337e+01 3.194572441187762024e+01 2.728971879449986560e+01 2.312445733847036067e+01 2.238960051282063191e+01 1.908246173100142329e+01 9.799512066459463711e+00 1.965188441174343836e+01 2.027589010537070635e+01 1.970557357394091369e+01 2.104407278011895599e+01 1.234051705828982115e+01 1.786754787297940084e+01 2.612567393474951061e+01 2.929640867120845016e+01 1.954623117928561271e+01 2.929715520149763464e+01 3.475915102390104039e+01 3.752836580534768274e+01 4.176775511698654952e+01 4.466308484922765842e+01
2.483001709842429605e+01 2.929602168874066948e+01 3.227582884655711126e+01 2.541676175735984700e+01 3.026042713299253961e+01 3.443297941861674616e+01 3.925011045135754273e+01 3.506861751514262693e+01 3.508124634562992838e+01 3.507115599929330330e+01 3.926387110118435686e+01 3.966701674531621080e+01 3.797151236148522457e+01 3.423432499297221199e+01 4.140281836635731594e+01 3.660420746796795299e+01 3.169456273903008636e+01 2.450754334671668744e+01 2.523502269264416498e+01 2.112327219758800467e+01 1.966091029254234712e+01 9.799512066459463711e+00 9.799512066459463711e+00 1.033429949212322896e+01 1.033429949212322896e+01 1.033429949212322896e+01 1.121829908948032539e+01 2.104469072289722220e+01 2.612567195731965697e+01 2.621923515738503951e+01 3.299109289780624721e+01 2.929788979336759525e+01 2.243242496953210718e+01 2.489223809280059285e+01 2.754381991806893737e+01 3.752836580534768274e+01 4.686709770786400497e+01
1.397603190904491832e+01 2.026497606662045570e+01 3.106564310714232491e+01 3.505816211114254344e+01 3.608889295648840800e+01 3.498451025995771602e+01 3.506820451531527993e+01 2.494741053474218262e+01 2.494767710594365084e+01 2.494744435920806325e+01 3.507115398405893814e+01 3.632130494604983539e+01 4.072958583035502045e+01 4.440224314600664712e+01 3.944589736100118671e+01 2.952461053603803975e+01 2.271762585554713709e+01 1.791376529613397395e+01 2.112327219758800467e+01 1.129901196356926363e+01 1.129901196356926363e+01 1.966091029254234712e+01 1.955647368293433530e+01 2.027409428158025406e+01 1.033429949212322896e+01 2.027657925437895514e+01 2.102093494073180580e+01 2.372567584286081299e+01 2.857225796199433177e+01 3.279079163213005899e+01 3.751913930004961628e+01 3.637988565383011519e+01 2.868185797260914427e+01 3.036683000959419587e+01 3.752836580534768274e+01 3.244397880545275115e+01 3.747225919768705182e+01
2.483001710113958538e+01 2.929602630188323786e+01 3.552352519633878103e+01 3.609059957083407255e+01 2.592648839995405297e+01 2.481080270228835261e+01 2.896405172585127019e+01 2.473555110332540607e+01 1.737559283982517400e+01 2.530689206333820351e+01 2.840243936838027494e+01 2.512618130692141349e+01 3.632130536945894050e+01 3.869513459340891615e+01 3.294783057786039393e+01 2.878665464384970463e+01 2.569940441470123815e+01 2.282060060835211601e+01 1.303155524513010555e+01 1.129901196356926363e+01 1.479743513416257628e+01 2.458331226545264059e+01 2.949731194049259742e+01 2.436966503540045892e+01 2.027682708943522982e+01 1.120769074167203705e+01 2.103865606776638941e+01 1.199218570611358636e+01 1.892120828976459279e+01 2.728081766400563168e+01 3.218548804926683715e+01 4.177513188178483716e+01 3.825605606463338404e+01 4.041947676457506589e+01 4.465678754742101120e+01 4.261275280524264986e+01 4.686709770786400497e+01
2.416718628239534894e+01 2.856889393967172452e+01 2.824034184660269275e+01 3.247103061037041982e+01 2.779445989006605799e+01 1.721632373686566098e+01 2.214147802409245713e+01 1.388382291437328497e+01 1.388382291437328497e+01 1.388382291437328497e+01 1.699695333315131407e+01 2.512618143395675219e+01 3.632137797562315740e+01 3.448227336604056603e+01 2.461717235866546361e+01 1.902391221283560441e+01 1.593690597246112972e+01 1.593690597246112972e+01 2.112327233105813207e+01 1.129901196356926363e+01 2.112327233125013137e+01 2.043517821634156206e+01 3.024985654266619406e+01 2.669578031204608237e+01 1.689770477621451050e+01 2.103905790227176098e+01 1.199218570611358636e+01 2.180973854285866054e+01 1.561159916118680790e+01 1.836696317625094821e+01 2.546869420128797046e+01 3.635808969086635756e+01 3.671273392692956605e+01 4.066043964906555175e+01 4.336164692288743083e+01 3.913816767732410540e+01 4.044767116726281841e+01
1.482972411888166597e+01 2.087476690818018099e+01 1.782471021084779039e+01 2.823951983498302454e+01 3.065824364014034842e+01 2.214031799978671700e+01 1.115313890655621876e+01 2.214148413092520329e+01 1.388382291437328497e+01 2.473555533474129575e+01 2.508831143927993423e+01 2.512618133257915076e+01 3.632132192374862711e+01 3.578672167511787450e+01 2.588713194197765688e+01 2.569940441488384764e+01 1.593690597246112972e+01 2.569940411341717379e+01 2.267264076958230845e+01 1.287357460004873211e+01 2.267264077367936181e+01 2.605612771077408851e+01 3.442799234940190445e+01 3.082798308238013263e+01 2.253195827137158247e+01 2.591684417798321860e+01 2.168829783675132816e+01 1.279831675583306705e+01 2.259084416645923810e+01 2.669922883863822705e+01 3.184801751510429568e+01 2.826007409101027790e+01 2.754442661226236311e+01 3.667751192231557411e+01 3.758657616559131753e+01 2.921573835862259472e+01 3.049412076528762938e+01
1.467043530486811420e+01 1.030836560472540597e+01 2.086563606001952920e+01 2.594864082086801815e+01 2.310336291978673984e+01 1.580715734313697673e+01 9.522135105827993939e+00 2.052420039981675970e+01 2.473555608572379683e+01 2.896540490004261414e+01 3.623996504528597740e+01 3.632132098824869360e+01 4.073000011051688318e+01 4.000852921374526971e+01 3.578672167511787450e+01 2.939239289868109140e+01 1.962166377541183238e+01 2.500932514756937053e+01 1.523427296658282337e+01 2.267264080106398083e+01 2.679107187028948545e+01 3.597859666361514286e+01 4.020372459036530444e+01 3.655218047104729351e+01 3.238377039806538704e+01 2.402700740618183772e+01 1.696151575664654487e+01 2.259085376442249427e+01 1.279831675583306705e+01 2.259075393959391320e+01 2.539599984781466802e+01 2.090948089105582497e+01 3.012229925064791658e+01 2.685530777629711352e+01 2.923656013874413517e+01 2.362315932904783722e+01 3.049412076528762938e+01
4.773336745345767795e+00 1.522398615418925871e+01 1.910840744946431613e+01 7.791044121045408666e+00 1.705925474347234783e+01 7.983615576336645425e+00 7.983615576336645425e+00 1.580766811666949501e+01 2.650205347962580049e+01 3.152082214275143457e+01 3.572127414525785127e+01 3.428619083832911230e+01 3.848324689751201788e+01 4.432020170018176231e+01 3.640412497434120809e+01 2.648803837724609878e+01 2.939239289806250355e+01 2.670933935120180891e+01 1.694350155612258035e+01 2.180383711741595931e+01 2.869173579071495084e+01 3.867184321575150108e+01 4.359166537937037589e+01 3.649839816696163552e+01 3.232780403532419911e+01 2.750441399247690200e+01 2.298594299775033889e+01 1.371520177510919325e+01 1.279831675583306705e+01 1.279831675583306705e+01 1.592133338103863416e+01 2.539495280408177891e+01 2.470941161207240810e+01 1.756505491701483024e+01 1.949230053418765962e+01 2.508534501155679308e+01 3.198129341563789296e+01
1.324008778945317033e+01 5.520477514856790613e+00 1.499918104816262598e+01 6.312217758535885181e+00 6.988597562829961696e+00 1.785712310184577944e+01 7.983615576336645425e+00 1.893143194748542157e+01 2.451310518462437926e+01 2.121837735776455602e+01 2.887694148752896339e+01 2.416641199957457786e+01 3.002264077880715831e+01 4.011030852994211671e+01 4.063066489957359551e+01 3.640412497433996464e+01 2.980065221551114263e+01 2.002506260711212605e+01 2.062234150650078135e+01 3.040839039750635564e+01 3.580392759031675354e+01 4.241040646975023520e+01 3.740952581279134392e+01 2.940567246409207058e+01 2.250910510288979793e+01 2.479690547380141297e+01 1.502000999084351562e+01 2.349947739128473501e+01 1.844799343002364012e+01 2.259086744495300536e+01 1.387668497146296431e+01 2.315108280089349080e+01 1.496210228050160751e+01 2.472609601314869110e+01 2.923656013433411616e+01 2.405808220680701837e+01 3.093616095074096961e+01
8.107135756305623886e+00 1.596284910879993468e+01 6.312217758535885181e+00 7.417311484046147818e+00 1.770961068187274279e+01 2.219910253906956754e+01 1.893509474069449894e+01 9.208616970005444102e+00 2.019792513885446184e+01 1.481066817748644660e+01 1.842530672357669630e+01 2.887694151768002371e+01 3.848324689751201078e+01 4.242801457612920046e+01 4.664668253537620046e+01 3.917710691504043297e+01 2.918394280905891947e+01 2.230943691213994029e+01 3.040852622226411128e+01 2.749472899519204461e+01 3.744305500586681745e+01 3.820957463657720865e+01 2.826577997320266533e+01 2.341853664753005759e+01 2.611799473911705149e+01 1.635381729663018291e+01 2.479698408397320364e+01 2.891540128463365278e+01 2.530331968307095636e+01 2.825022401047022669e+01 2.373956934820189701e+01 1.496210228050160751e+01 2.471982291460611947e+01 2.472086892697272020e+01 3.455318446066927862e+01 3.093616095074047223e+01 3.093616095074086303e+01
1.872160521084175855e+01 2.136390638512507323e+01 1.138662430175484630e+01 1.799685568883934295e+01 9.079285658493869704e+00 1.967037680941289324e+01 2.434278564724648675e+01 1.995770093888947017e+01 1.050040892465553810e+01 2.150634735896947802e+01 2.291759712764130796e+01 2.731817614097935376e+01 3.527940505325333476e+01 3.231835403677100516e+01 4.242801457612881677e+01 4.177759231530211537e+01 3.170595573818300039e+01 2.479913888019771306e+01 3.465586979855346783e+01 3.744305500586680324e+01 4.168289052430913699e+01 4.241040647199389468e+01 3.328572134550866934e+01 2.756936820753112016e+01 1.781765302432443931e+01 2.611799473911482750e+01 1.635381729663018291e+01 2.611927807456790873e+01 3.504776675826625620e+01 3.521524133227087106e+01 2.893222316590035703e+01 2.476781745006342561e+01 1.619717765358527473e+01 2.309254345540561815e+01 3.302107628889523028e+01 4.090087066615246414e+01 4.090087067588783043e+01
2.382519766922748516e+01 2.662964096932396885e+01 1.863029952374142439e+01 1.748546612016629354e+01 1.030665845863641294e+01 1.858734661905026897e+01 2.948646240344199398e+01 2.572031083061602530e+01 2.150634273896310589e+01 1.191032400893075227e+01 1.191032400893075227e+01 2.294842602471829451e+01 2.528593440726227470e+01 3.120100017998219499e+01 4.129201758482992091e+01 4.289872305491326898e+01 3.280333080355315190e+01 3.465586979855349625e+01 2.998804269486902285e+01 4.001608259256418165e+01 4.336931101294291580e+01 3.836842914695444762e+01 2.910685310703474116e+01 1.935254193569917547e+01 2.755305240542651291e+01 2.155753432659638946e+01 2.611927592586982882e+01 3.026064123762004598e+01 3.678339898040453448e+01 2.674447056460636674e+01 2.113382503364429255e+01 1.745862069533338001e+01 2.599898326074000465e+01 2.599898332129244238e+01 3.599747725670062692e+01 3.976174636338669188e+01 3.976174636338232204e+01
2.620456992607111602e+01 3.287827894269187823e+01 2.653717481947016665e+01 2.208443023844116837e+01 1.158882248767105949e+01 1.744201886446916916e+01 2.710946334346109410e+01 3.121895767878548256e+01 2.085415118959298297e+01 1.294254731612097409e+01 2.289575887496529205e+01 2.660943667537367574e+01 2.099465086917530954e+01 3.120130220617042127e+01 3.941146100778371419e+01 4.362043836081180359e+01 4.289872305491326898e+01 4.427613034557080596e+01 3.571146110908696869e+01 4.427613034560538097e+01 3.917388910374420163e+01 2.921813783672128650e+01 2.439428263886884807e+01 2.045489692855203856e+01 3.019419743989996263e+01 2.843712075963331287e+01 2.843904497715352520e+01 3.839782538868102080e+01 4.106482967341113266e+01 3.521732275723621797e+01 3.098602899304068359e+01 2.726064618961930819e+01 1.876375884795184845e+01 2.857290685199696867e+01 3.390404525714104267e+01 2.961591043181488558e+01 3.673146679310062268e+01
2.733563541417208498e+01 3.816385709699309814e+01 3.277046929852340185e+01 2.336714753233858488e+01 1.292410774739887103e+01 2.251089427009523192e+01 3.011158672763455257e+01 3.121898226342995386e+01 2.085415121594407495e+01 2.388993737484966218e+01 1.448397050395317187e+01 1.590370325678821573e+01 2.662766077051939106e+01 3.120262969504323891e+01 2.936074460039906597e+01 3.758936622912973746e+01 4.182365585812942044e+01 4.640284376120781218e+01 4.589630489267028679e+01 5.018487808184134025e+01 4.336931101296385549e+01 3.734284840218309398e+01 3.136132467750805475e+01 2.161632947008708072e+01 3.136138040249357317e+01 3.829999719420666793e+01 3.839203043085827005e+01 4.261253579535123492e+01 4.103411388568687101e+01 3.627608375665363383e+01 3.034287188373372501e+01 2.051121439030761096e+01 2.857290685122745799e+01 2.077013867842292072e+01 2.399437541220613568e+01 3.390404525714104267e+01 4.169779837110638709e+01
3.222417569787182146e+01 3.596730998579739236e+01 2.586882770587707014e+01 1.865548037536462189e+01 1.428857263043582648e+01 1.994531035188092360e+01 2.978987383820002321e+01 3.542842794391036421e+01 3.121898541430132212e+01 2.698974664930742762e+01 1.630934235576982871e+01 2.663702030544522970e+01 1.818240327183567118e+01 2.105338412217852806e+01 2.426520634550960764e+01 2.746013933501298254e+01 3.192228930479378946e+01 3.914868992964301952e+01 4.947819536464069756e+01 4.696766837385684568e+01 4.277006517464346302e+01 3.317431732787544973e+01 2.341366383135804341e+01 3.136175645578341786e+01 2.640882552221606971e+01 3.154833421913107117e+01 4.093946416014916423e+01 4.351660453081800028e+01 3.223060202783330652e+01 2.605447395600535643e+01 2.231442298125727319e+01 3.034287188132154256e+01 3.455657151524042092e+01 3.060082197618708122e+01 2.305440397911739581e+01 2.737210920915759971e+01 3.307675934934987083e+01
