output/example_1/elevation_000183.asc
nrows	75
cellsize	13.33333333
xllcorner	0
ncols	75
yllcorner	0
NODATA_value	-9999
[rows 0 to 16 of 75, columns 0 to 36 of 75]
1.369999999999999864e-02 7.084769879874938781e+00 1.708487330177916164e+01 2.493401574613024607e+01 2.594183150775520019e+01 3.001930870874596025e+01 2.771724532220025949e+01 3.189048091253876649e+01 3.175720419479528900e+01 3.469920573434689715e+01 3.556260102007465917e+01 3.971899862594283093e+01 4.732335670344023981e+01 4.309905087479893382e+01 4.309905087479893382e+01 4.309905087479893382e+01 4.732335670344023981e+01 4.748090149927761416e+01 4.325311684811412505e+01 4.325311684811412505e+01 4.421988816243434428e+01 4.844542836507236672e+01 4.803096485840141838e+01 4.380789247389704144e+01 4.310071488458297750e+01 4.310071488458297750e+01 4.732246624023618153e+01 5.196478643860996272e+01 4.775095592670582079e+01 4.775095592670582079e+01 4.979056744072129703e+01 4.555325733218558781e+01 4.691403738182178529e+01 5.114518680361998548e+01 5.372190733660973905e+01 4.955345295226923952e+01 4.843472410047536414e+01
1.279999999999999888e-02 1.001279999999996306e+01 1.949329925962013732e+01 1.486319029045062479e+01 1.595411955952185856e+01 2.071375137451110149e+01 1.775297773339724472e+01 2.768151446617722655e+01 2.166912442155402374e+01 2.462327462804867295e+01 2.548821924830863850e+01 3.556260102007465917e+01 4.309905087479893382e+01 3.274784252394626094e+01 3.274784252394626094e+01 3.274784252394626094e+01 4.309905087479893382e+01 4.325311684811412505e+01 3.296050263420178794e+01 3.296050263420178794e+01 3.393074882759075450e+01 4.251983525727328583e+01 4.218375215282932800e+01 3.370827731223118207e+01 3.301912639089164259e+01 3.301912639089164259e+01 4.310071488458297750e+01 4.775095592670582079e+01 3.726465819633577325e+01 3.726465819633577325e+01 4.377486283764493891e+01 3.507230255441184852e+01 3.643299823961169892e+01 4.691412860665234064e+01 4.823790677937196136e+01 3.921885438703365878e+01 3.808347908808939053e+01
1.299999999999999940e-02 1.001299999999996260e+01 9.499024965656813535e+00 7.764417214521845523e+00 1.513349613412856520e+01 1.066530881651985041e+01 1.840064947770713744e+01 2.050597100400675288e+01 1.453764192342585737e+01 1.834331536732956636e+01 2.548821924830863850e+01 3.556260102007465917e+01 4.302343971962799429e+01 3.577964125566925446e+01 2.532779266152611797e+01 3.577964125566925446e+01 4.446482098828828811e+01 4.250065502458208755e+01 3.597513954131967040e+01 2.559792274996931738e+01 2.793354510290985004e+01 3.827945079773283510e+01 3.797687694159757399e+01 2.798271494398929704e+01 2.601014474858035541e+01 3.220674482195416743e+01 4.226674002975565259e+01 4.682770613932697046e+01 3.641058388054310058e+01 2.994992481878202284e+01 3.486616524529365080e+01 2.913509995498539595e+01 3.950275651117536313e+01 4.680265273024945571e+01 4.096544798597994941e+01 3.369298919256158342e+01 3.080263448867222920e+01
1.369999999999999864e-02 1.209130624888476335e+00 2.414069140180647999e+00 3.667101639897071941e+00 5.087857776295059864e+00 6.556365660884138968e+00 8.460817463296514518e+00 1.043467953669458659e+01 1.346362600299362278e+01 1.726581889536278425e+01 2.440895628450544308e+01 3.448958364269325472e+01 3.877163071062746980e+01 2.837983063779320858e+01 2.249114975981688147e+01 2.983745952052960249e+01 3.779117276981956053e+01 3.825489286452518201e+01 2.790257755176646981e+01 2.192055408796280602e+01 2.927921269208555444e+01 3.961412819471689062e+01 3.929023260246400184e+01 2.927266811436063421e+01 2.221105110972129992e+01 3.220674482195399690e+01 3.829607553268369458e+01 4.411483416724349382e+01 3.641138534739508259e+01 2.608749265950135765e+01 2.456415229869309869e+01 3.486616519432958228e+01 4.226811645689220853e+01 4.257689556591270730e+01 3.226294681221339289e+01 2.645594898010094553e+01 3.671833453207624132e+01
1.290000000000000001e-02 1.001289999999996283e+01 9.486375273602341451e+00 7.460475950729405170e+00 1.486995343410784365e+01 1.662950059501969946e+01 1.093547993964945420e+01 2.050597100400675288e+01 2.354569350014998719e+01 2.354569350014998719e+01 2.440895628450544308e+01 3.448958364269325472e+01 3.764405502135168291e+01 2.724110929077113852e+01 2.004718623261912569e+01 2.744775377878313449e+01 2.744774965899418007e+01 3.122895864950548273e+01 2.696617629402707550e+01 1.971273530041684907e+01 2.687291818719294767e+01 3.725035211321331019e+01 3.699204569383621788e+01 2.698157702241313771e+01 1.981675846328866797e+01 2.407320984345434667e+01 2.986184457808667503e+01 3.990504320036001928e+01 3.933923686754984317e+01 2.897243906291263826e+01 2.168607832934437241e+01 2.763467147712890792e+01 3.798437444245946182e+01 4.145424152483040103e+01 3.113532979216253338e+01 2.388314371983206641e+01 3.105992394261948064e+01
1.299999999999999940e-02 1.001299999999996260e+01 1.931647122854356624e+01 1.193794698310406233e+01 2.146781692984596646e+01 2.543069747452222273e+01 1.824068015617321592e+01 1.669544940085940965e+01 2.753567630915530273e+01 3.362453569727908587e+01 3.448958364269325472e+01 3.864916875751295322e+01 3.764405502135201687e+01 2.724110929077113852e+01 2.744775377878309897e+01 1.739186933298489635e+01 2.493378215572163370e+01 2.696617627914431381e+01 1.695348781239160374e+01 2.696617615837849868e+01 3.414544072322842538e+01 3.856169012473998947e+01 3.428066063519180773e+01 2.776092680673787072e+01 1.751568037465521499e+01 2.776092680673787072e+01 3.390092583531002646e+01 3.892362356530455259e+01 3.857393873377395010e+01 3.012411035619670940e+01 1.975482712970578447e+01 3.010493321377520815e+01 3.843486544033709862e+01 4.380647976155980672e+01 3.786113567257810075e+01 3.105992394261910761e+01 2.072872811027505691e+01
1.299999999999999940e-02 7.084067811865485176e+00 1.708406781186555179e+01 2.182909383109357293e+01 2.002122704726098590e+01 2.987317854207340773e+01 2.860234956227634839e+01 2.259436241314184457e+01 3.195246225249673699e+01 3.928603399308066457e+01 3.507789774582717257e+01 3.928603399308066457e+01 4.190566788906714635e+01 3.764405502135201687e+01 3.172456628256036026e+01 2.493378274582028098e+01 1.494063727551782961e+01 2.257359709202538411e+01 1.511996461538869418e+01 2.490195909437410648e+01 2.810528878393181884e+01 3.121042738771693692e+01 2.405753853282272203e+01 2.589040914738753330e+01 1.550484281449626778e+01 1.958127348032082438e+01 2.471729695536722815e+01 3.473070169154761544e+01 3.429444435032398530e+01 2.394487633265091375e+01 1.789688513862073194e+01 2.394390692903636619e+01 3.425253927322495429e+01 3.955547045807530537e+01 2.924342000333590263e+01 2.329795786485875553e+01 1.859954986016218115e+01
1.290000000000000001e-02 5.012899999999991252e+00 1.078640269189622636e+01 1.785747050376165035e+01 2.785747050365751676e+01 3.403142110911974783e+01 3.690743073174077438e+01 3.465051015265660794e+01 3.903435307192658854e+01 3.425261249092119442e+01 2.504936808609323862e+01 3.425261249047844103e+01 3.399033138679163812e+01 3.819518545623275685e+01 3.483595600246177781e+01 2.848574888948949635e+01 2.248732005297511805e+01 1.253206417605940182e+01 2.106166990948224438e+01 2.462586821781767910e+01 1.743262373611322147e+01 2.050980117415458182e+01 2.379169107472642608e+01 1.550484281449626778e+01 1.550484281449626778e+01 2.589040928072086700e+01 3.390092583531002646e+01 3.892361719622000038e+01 3.416358176615582209e+01 2.667133464277043231e+01 1.620996087641868755e+01 2.666448932782185821e+01 3.443083944699774435e+01 3.238188591793366555e+01 2.820512603350917047e+01 2.859626253476184488e+01 2.538575852687377932e+01
1.349999999999999985e-02 1.001349999999509421e+01 1.688266723926749080e+01 2.102480287600857878e+01 2.679830560694690433e+01 3.443347818077906197e+01 2.850314375103280895e+01 3.245796827556783626e+01 3.653825973612158151e+01 2.933052896129529330e+01 2.009492743704395679e+01 3.006363291596006349e+01 2.399017297655625569e+01 3.239601339203556307e+01 3.127998577184462548e+01 2.257210756892733627e+01 1.782585034334754681e+01 2.027285355527339661e+01 1.087914883503671959e+01 2.029789939597029758e+01 9.930384743354073507e+00 2.039834354591837240e+01 1.329507322737174846e+01 2.379169107474568889e+01 2.589040928072071424e+01 2.403914652338412239e+01 3.412758393068762075e+01 3.727102250841083730e+01 2.673308831123546270e+01 1.932827283735662149e+01 1.459961896661010883e+01 1.992809536487548172e+01 2.722790058222789611e+01 2.672208313643509570e+01 1.800918200452078111e+01 2.053839123746595519e+01 1.343090274649884819e+01
1.379999999999999977e-02 3.347133333333335514e+00 6.882667239266077708e+00 1.265616993116235278e+01 2.265616993120228884e+01 2.951711886492437387e+01 2.081136248826125623e+01 2.249597799372718043e+01 3.245796827556783626e+01 2.665310184326822451e+01 1.679979580698194752e+01 2.248653634242400656e+01 1.829173815023419181e+01 2.821673723670325273e+01 3.483595600271552684e+01 3.045252473705834007e+01 2.698829479199777737e+01 1.983568929720157925e+01 9.760063453171719416e+00 1.857616524569485250e+01 9.930384743354073507e+00 1.125952621428599443e+01 2.177126663648963500e+01 2.379166541615024144e+01 3.393974852622032046e+01 3.412758393068762075e+01 3.220488596685589755e+01 3.634159022355216706e+01 3.382026752231923439e+01 2.833107527476515841e+01 2.294918049298676976e+01 1.252565585460543929e+01 2.102378100120836280e+01 2.159066225515347881e+01 1.199502820085970711e+01 1.257598678577478779e+01 1.683012105955642568e+01
1.290000000000000001e-02 1.001289999999996283e+01 1.688266723927025836e+01 2.102480288234603734e+01 2.541864065226310743e+01 2.127383139502709497e+01 1.539446644695799016e+01 2.541377739316383000e+01 2.889455076245688048e+01 2.471832555539043597e+01 2.248653634242399946e+01 1.252680881201182750e+01 2.248514707431105109e+01 2.868703109735341883e+01 3.441048135663070440e+01 3.150258830250720621e+01 2.155442238974598013e+01 2.042087573252920762e+01 1.739043643369727832e+01 8.216701459525340923e+00 1.856895955268874232e+01 2.176966653741854429e+01 2.599028008240038190e+01 3.031804987751758063e+01 2.940497665806089600e+01 3.042132536043567370e+01 2.217441190403399176e+01 3.055056112974945393e+01 3.095512304306548046e+01 3.232361509525941301e+01 2.718218437349128536e+01 2.097335273918077903e+01 1.061843896395451026e+01 1.118603958527934772e+01 2.159052298953814031e+01 1.804182038184981707e+01 1.602551074497257844e+01
1.359999999999999924e-02 7.084667811865462461e+00 1.708466781186510985e+01 2.184916827301059072e+01 1.767838198008579553e+01 1.119190966613950522e+01 2.127383139502709497e+01 2.951711886492471848e+01 2.471832504841890810e+01 1.482041293619168876e+01 1.771944413460520451e+01 1.026540470280057704e+01 1.468152009101823552e+01 2.039562878008358382e+01 3.022753389496600462e+01 2.762686174241431658e+01 2.024506907504333952e+01 1.173723053024669305e+01 7.089578689649962406e+00 1.739002011400321734e+01 2.241588684546957921e+01 2.015498724692026755e+01 2.275611700167424800e+01 1.973228458930543638e+01 1.850187396451477539e+01 2.107297386292370334e+01 1.640656593071222957e+01 2.414409771933510385e+01 2.201277114645573718e+01 2.080998655344816584e+01 2.709506738389910296e+01 2.416050724046774789e+01 2.021362954199253537e+01 1.061843896395451026e+01 2.100805106632944685e+01 2.840178975976161979e+01 2.348410677182338091e+01
1.349999999999999985e-02 1.001349999999996321e+01 1.863277581377184333e+01 1.443929021417250524e+01 7.506980133612820794e+00 1.767838198008579553e+01 2.323493272735646542e+01 2.339558190502024360e+01 2.471830680279934711e+01 1.482041291599590949e+01 8.443759305450170061e+00 8.247018579222256562e+00 1.995560922224147404e+01 2.724123874506295095e+01 2.241915368417043197e+01 1.981298837418689729e+01 1.319715741547270227e+01 5.970084944164561591e+00 1.516180144002624530e+01 1.522132007183218683e+01 1.541166979938271275e+01 1.094447973901486471e+01 8.375940586376234620e+00 7.433457824189840579e+00 1.194412805489263540e+01 1.063133480301358880e+01 1.746560330091744007e+01 1.482752467349821224e+01 1.785325097820735962e+01 1.278060841997528740e+01 1.866326356550928622e+01 1.946225550063013898e+01 9.887342894101644575e+00 2.022455041263634712e+01 1.853997871659305829e+01 2.856647436586775513e+01 3.427775563931306380e+01
1.319999999999999993e-02 1.001319999999993371e+01 1.406782941671131404e+01 4.089474378495345341e+00 1.420791144218597424e+01 1.744877294059724093e+01 1.350085626718152909e+01 1.291459400804050617e+01 1.632327223453957643e+01 1.379378379885405081e+01 6.191196414942347737e+00 9.116230225160311562e+00 1.562689083789156896e+01 1.755978128318902876e+01 1.059940552786091850e+01 1.167760693839420760e+01 1.690973233198237580e+01 1.434979342662721358e+01 4.884046483215164436e+00 5.247204492338513049e+00 5.611106444631721146e+00 5.983172564215193390e+00 6.368630337388187179e+00 6.761702023315519838e+00 6.761702023315519838e+00 7.149956613679692374e+00 7.527789180020853621e+00 7.903806946779563525e+00 8.279691456532606963e+00 8.660234016372887922e+00 8.660234016372887922e+00 9.162496241345007064e+00 1.946097653791471060e+01 2.231206220548113706e+01 2.698127513976848846e+01 3.290584001974880124e+01 3.265435143287813702e+01
1.299999999999999940e-02 1.001299999945106833e+01 9.600525418353869966e+00 2.331850871187996610e+00 9.401011106911155935e+00 3.452070331781999180e+00 9.325363358385702739e+00 6.519613090269090527e+00 6.602722100517454784e+00 4.138862976418127282e+00 1.290170973916207586e+01 1.305447786644750430e+01 6.308522854928311219e+00 3.680502856815434765e+00 3.985156464516616204e+00 1.192323069787701684e+01 1.224494206172680677e+01 4.884046483215164436e+00 1.112641347196032449e+01 9.201740398991505643e+00 1.483432557466347212e+01 1.492268424396007198e+01 1.096280591111554870e+01 1.484780232056433391e+01 9.438208798109092967e+00 1.170687537239042975e+01 9.498284300997362095e+00 1.799177001336879655e+01 1.192766432356157935e+01 1.669918252070239717e+01 1.883620173281078536e+01 8.660234016372887922e+00 1.900811557027543230e+01 9.558315214466048815e+00 2.052980627796804924e+01 2.308971522953680378e+01 2.203709706245303579e+01
1.349999999999999985e-02 3.010986542715241021e-01 5.888163230957407235e-01 8.770115484257953176e-01 1.168494346046958343e+00 1.461110340121192896e+00 1.754578721565565269e+00 2.049080118499455594e+00 2.344933234668324484e+00 2.641397371287679707e+00 2.945400631449723861e+00 2.945400631449723861e+00 3.249543544397737183e+00 5.479495108078735299e+00 1.330057105912828241e+01 4.417139565072619511e+00 4.417139565072619511e+00 1.058866914556279504e+01 1.667746242269177870e+01 1.367533874186525544e+01 2.187507852951174314e+01 1.966093692197075171e+01 2.036284365407258790e+01 1.328934225372403155e+01 1.989051776343901068e+01 2.009965313142762255e+01 1.167924054527382083e+01 2.271272116085272685e+01 2.487862603959383634e+01 2.480176543206182060e+01 2.330665497693809840e+01 1.900852754765749353e+01 9.558315214466048815e+00 1.996129907151338045e+01 1.206286713407136979e+01 1.358134201190947898e+01 1.506496922249866444e+01
1.369999999999999864e-02 1.001369994754329973e+01 6.445201723757262968e+00 9.939436933561033527e+00 4.601290188359121736e+00 8.223641318272916223e+00 6.804038711787426585e+00 1.085423135722296983e+01 9.226730487413110637e+00 1.245731710950798643e+01 3.729715258599155092e+00 1.231098942544527652e+01 7.076223450771222723e+00 5.369891322737356809e+00 1.691664167757079440e+01 1.413421675099714037e+01 4.417139565072619511e+00 1.466030119651901487e+01 2.165255856663619127e+01 2.273727686181241481e+01 2.692371519410276903e+01 2.901773828880188688e+01 2.232618388421201061e+01 2.232618413801069224e+01 1.778547350736767285e+01 2.664530419643752523e+01 2.278458663180902022e+01 1.617026195070178218e+01 2.705324452185968198e+01 3.291650149455898600e+01 2.243856735420715154e+01 1.504909491933177179e+01 1.996051132899936675e+01 1.055817774725776736e+01 2.096943804870979022e+01 2.308818010913781293e+01 2.515108049533938583e+01
