output/example_1/elevation_000352.asc
nrows	75
cellsize	13.33333333
xllcorner	0
ncols	75
yllcorner	0
NODATA_value	-9999
[rows 0 to 16 of 75, columns 0 to 36 of 75]
1.369999999999999864e-02 4.096182904638636657e+00 9.096182904638652644e+00 1.616725071650417433e+01 2.616725071660406954e+01 3.212626002795415303e+01 3.321599181189596806e+01 3.738642624647262380e+01 3.466915682189307546e+01 3.584833271967892188e+01 3.176865490956608085e+01 3.584833271965817403e+01 3.965534324486881701e+01 4.214952894721172072e+01 4.309552998635157905e+01 3.923258682864685198e+01 4.329523473467886419e+01 4.821740486406915949e+01 4.614341121282989633e+01 4.197093241780847706e+01 4.197093241780847706e+01 4.197093241780847706e+01 4.614341121282989633e+01 4.522762629458200934e+01 4.105492573831027414e+01 4.105492573831027414e+01 4.105492573831027414e+01 4.522762629458201644e+01 5.256994696881941564e+01 4.829772467841368666e+01 4.829772467848146533e+01 4.732090406571427366e+01 4.732090406571427366e+01 5.159835277807683696e+01 5.234451256605884595e+01 4.807019388326816056e+01 4.708887233448695753e+01
1.279999999999999888e-02 1.001279999999996306e+01 1.823831850903684781e+01 2.323831854575276523e+01 2.676785005377479365e+01 2.209590054406112003e+01 2.319112771624921265e+01 3.173947506947575192e+01 2.463356580852373412e+01 3.088493514727890599e+01 2.180972439505217864e+01 2.976132351830102962e+01 2.976132351814590749e+01 3.315650370022037663e+01 3.453320325633689691e+01 2.930416863725150023e+01 3.429540535749971752e+01 4.416976829979397223e+01 4.197093241780847706e+01 3.185805204032761040e+01 3.185805204032761395e+01 3.185805204032761040e+01 4.197093241780847706e+01 4.105492573831027414e+01 3.093341019118305368e+01 3.093341019118305368e+01 3.093341019118305368e+01 4.105492573831027414e+01 4.829772467835682193e+01 3.788151829381889968e+01 3.788151829381889968e+01 3.691403662927898921e+01 3.691403662927898921e+01 4.732090406571427366e+01 4.638394688986457481e+01 3.774416803255996200e+01 3.679764133794719783e+01
1.299999999999999940e-02 1.001297624000216402e+01 1.992756848817496973e+01 2.385237989434529737e+01 1.675025818147690870e+01 1.502417633763263005e+01 2.503372481915491221e+01 2.755494569008818218e+01 1.756180668571151315e+01 2.123256819501761683e+01 1.681020808009396461e+01 1.979707195339096160e+01 2.822134354451169358e+01 2.633415817234880052e+01 2.459063008333833977e+01 3.453320325633689691e+01 4.329523473467886419e+01 4.821740486406915949e+01 4.197093241780847706e+01 3.185805204032761395e+01 2.461708241728907964e+01 3.109445054127779429e+01 3.498208625988613818e+01 3.408519977002328005e+01 2.988824461411980238e+01 2.367519262718039741e+01 3.093341019118305368e+01 4.105492573831027414e+01 4.829772467776024314e+01 3.788151829381889257e+01 3.069945446280898693e+01 2.976642169243264746e+01 3.610851916683171936e+01 4.642886135806094927e+01 4.210846007873782781e+01 3.201853786730750784e+01 2.983084021946918440e+01
1.369999999999999864e-02 5.787202684645926354e+00 1.578716082948353261e+01 1.561310975902399178e+01 9.682095161856164367e+00 1.966265680839604002e+01 2.595090736086971717e+01 2.324457611830495907e+01 1.926917407770948643e+01 1.124037451252158881e+01 1.272865363909196113e+01 2.271424614428729782e+01 1.824273189760193858e+01 2.066805307623533849e+01 3.070676303062540669e+01 3.858929403038521855e+01 3.996130934894946307e+01 4.408264504811663187e+01 4.492195233705410828e+01 3.482004612556337975e+01 3.109445054127779429e+01 2.081365433055591652e+01 2.476698628615123710e+01 2.678092080070728898e+01 1.958241742422174525e+01 2.424280566637181877e+01 3.017610361998488244e+01 4.030126576854335241e+01 4.236110520633123855e+01 3.722340307810475935e+01 3.295860036925104453e+01 2.590161569338058101e+01 3.309347573981230539e+01 4.338747789973120206e+01 4.345035237030499076e+01 3.331424060119480401e+01 2.636909794712438071e+01
1.290000000000000001e-02 1.001288770824473673e+01 1.194296610118795954e+01 5.602105368133289964e+00 1.399791355147422500e+01 1.288405586554157267e+01 1.527346195469718104e+01 1.738261443630326752e+01 9.286988716687403667e+00 1.925753755024283365e+01 2.271229445753111165e+01 1.522779625184080921e+01 2.229109423902468734e+01 3.063496391074564684e+01 3.500306890114232772e+01 3.840044023859200450e+01 3.016414265137396811e+01 3.840044023861403844e+01 4.264785262013250389e+01 4.298816222257929809e+01 3.528688937022747041e+01 2.775891979795966691e+01 1.744188493227524361e+01 1.645924650391543409e+01 2.678092080070728898e+01 3.408519977002328005e+01 3.863706510661877758e+01 4.447426711867696270e+01 3.807075206035778336e+01 2.784825742487943145e+01 2.243595499477974187e+01 3.019436714163851221e+01 3.447449380123239848e+01 4.044923378039258921e+01 4.112240529155594970e+01 3.107414806537882157e+01 2.391900616387031420e+01
1.299999999999999940e-02 9.708339990464632807e-01 1.934386347204215983e+00 2.923538158315643010e+00 4.000660296712965192e+00 5.123356289766771710e+00 6.256414054799900981e+00 7.411639768527646943e+00 1.040900191559663845e+01 2.039412000969823069e+01 2.926672364003855620e+01 1.969972177753819764e+01 2.930655176666308392e+01 3.616717401896762851e+01 3.982747461068368722e+01 3.429302181498725588e+01 2.462465089176307487e+01 2.883087859113177132e+01 3.854681856686954688e+01 3.879651018127853490e+01 2.859026853609244156e+01 3.046314871699700433e+01 2.471659569607610507e+01 1.439342365463320483e+01 2.471633798736630183e+01 2.560499473439076112e+01 3.284223730426800358e+01 4.296900140651096223e+01 4.234968836377851886e+01 3.719567219788764589e+01 3.019424436236185727e+01 1.923863547690784159e+01 2.581416604828526573e+01 3.617783309049581675e+01 3.839460835348580048e+01 3.089717652006039472e+01 2.163490238299524648e+01
1.299999999999999940e-02 1.001299999999996260e+01 5.324859255342762943e+00 1.121718930073989995e+01 1.069820142590505263e+01 6.870359487106676433e+00 1.613308337867944076e+01 1.164460873886667081e+01 2.038814395065372409e+01 1.540212531995328149e+01 2.538611469944317989e+01 2.967047052352567604e+01 2.785137637538937483e+01 3.776451127681502840e+01 3.574206828666144276e+01 2.604095336995525400e+01 2.093977841954257713e+01 3.061378679618005805e+01 3.745827466477182099e+01 3.820273058594961668e+01 3.046314877386192066e+01 2.017455598402668215e+01 2.327105183765933560e+01 1.268641871220005513e+01 1.712469063419809245e+01 2.448528619936158179e+01 3.469085797765511359e+01 3.911090362173002433e+01 4.159579205825715320e+01 3.140895866365413269e+01 2.391471888787271283e+01 1.719480731927185957e+01 2.836797808218795680e+01 3.709856858497244758e+01 3.495898429177560018e+01 2.480090264974553804e+01 1.965833087661129852e+01
1.290000000000000001e-02 8.291799577853215197e+00 1.576900201332161267e+01 1.963573434389578409e+01 1.955002433263515371e+01 2.178360330288796476e+01 2.456452084824434934e+01 1.856474837178837234e+01 2.146449565704184792e+01 2.246959221392366146e+01 2.246959221392366146e+01 3.242722283895048463e+01 3.776451127681502840e+01 3.821570676226676255e+01 3.414666738866244344e+01 2.782114109080308495e+01 1.808699839938262599e+01 2.373339106007631472e+01 3.339016821447322059e+01 3.385485403558183037e+01 2.332520263391161564e+01 1.811386238886169053e+01 1.408696372807030350e+01 1.092981829112229342e+01 2.188695633198265256e+01 2.459690313774883919e+01 2.460115216736367216e+01 3.472632108754749680e+01 3.401809684287512425e+01 2.919321336433129943e+01 2.662097466421867509e+01 1.534232948873345492e+01 2.209790660650215344e+01 3.280730836619135005e+01 3.315886354253822788e+01 2.421913244688401790e+01 1.797572938399063247e+01
1.349999999999999985e-02 1.001349999999996321e+01 1.423008618576107054e+01 1.672913586900252270e+01 1.940026351329141363e+01 2.293191381042035104e+01 2.700608199621769145e+01 2.853188871576440988e+01 3.135658025620134026e+01 3.242722283895048463e+01 3.242722283895048463e+01 3.651105706395566131e+01 3.821087948002030288e+01 3.260311409589260023e+01 2.446772708469606883e+01 2.563560697599915628e+01 1.587484141240653024e+01 2.563560697599915628e+01 3.325652144530953080e+01 3.801850852723590179e+01 3.283520738068068567e+01 2.851392789632498292e+01 2.063747472482989309e+01 1.049540105946870661e+01 1.948121903289431245e+01 1.436716891785858152e+01 2.026543553281484478e+01 3.051391174852717469e+01 2.915110542353110290e+01 1.893435182002035688e+01 2.272036081479099678e+01 1.364611639581216096e+01 2.037269088757147983e+01 3.122384662354825835e+01 3.431056588359749071e+01 2.395527691880748478e+01 1.649031159289065940e+01
1.379999999999999977e-02 2.098944140570290884e+00 4.230951304108709010e+00 6.730951302339777342e+00 9.403563678161384942e+00 1.293909430780979442e+01 1.702151480263941963e+01 2.408866692905186824e+01 3.404934501844101646e+01 3.477993782914384013e+01 3.059263528397929477e+01 3.477993782914384013e+01 3.414603115224142726e+01 2.446772640546191013e+01 1.884807227050874445e+01 2.360034565910628146e+01 1.381765995688814641e+01 1.949765498853719237e+01 2.920508032638203133e+01 3.391331897363257042e+01 3.161587187349099892e+01 2.671433990530825753e+01 1.648517016333297747e+01 9.383532245417340434e+00 9.383532245417340434e+00 1.948122607113739235e+01 2.882061440834393906e+01 3.088737009385861754e+01 2.510011501021552860e+01 2.046036644040154684e+01 1.142868373858276598e+01 2.272035668383060880e+01 2.933497996248852857e+01 3.549684620045005801e+01 3.285341434596414700e+01 2.265116881841130336e+01 1.513334975132623050e+01
1.290000000000000001e-02 1.001289999999996283e+01 1.423008616728721520e+01 1.239561375961745959e+01 1.940026341363438789e+01 1.756725546309854735e+01 2.700608199621769145e+01 3.111842123447410913e+01 3.154179251401926720e+01 2.964688529763466462e+01 2.026147281627619279e+01 2.964688529763466462e+01 3.441193066408712298e+01 3.260311409589260023e+01 2.398105833165035605e+01 1.421239204983788618e+01 1.196074327142136617e+01 1.890304031428352616e+01 2.862652597028793977e+01 2.444073931450429882e+01 2.161254793808164365e+01 2.862002483484171123e+01 2.223397314586860318e+01 1.801561639381139557e+01 9.383532245417340434e+00 1.648509567583025515e+01 2.670991166430529162e+01 2.327840328134208292e+01 1.566953315756591003e+01 9.489411111961409517e+00 1.748950412805571020e+01 2.283902798424711733e+01 3.377513957582229409e+01 3.389505191494187386e+01 2.965259344043932899e+01 2.620094656364604901e+01 2.208520734772953986e+01
1.359999999999999924e-02 7.084667811881161015e+00 1.708466792735275419e+01 2.239255227760149936e+01 2.653042098272049287e+01 2.755621427201289819e+01 3.168493906551459105e+01 2.848484869720122603e+01 2.125225119794967199e+01 2.542705405012774023e+01 1.514540305727529379e+01 1.990404789968127375e+01 3.019999222964512953e+01 3.208695164352959495e+01 2.801897979699510799e+01 1.999307353302392443e+01 1.020164167642978015e+01 1.795134558317796802e+01 2.199377832704621483e+01 2.390098678320466163e+01 1.424414045427652020e+01 1.898157788812105906e+01 1.658596092240041742e+01 7.959661099683695618e+00 1.801561630569360517e+01 2.370445041562952682e+01 2.677035116001562187e+01 1.846622901451342003e+01 8.256057382223294994e+00 8.256057382223294994e+00 2.135896250007611741e+01 2.638140865441265959e+01 2.606106347082302221e+01 2.534748930618729545e+01 2.095984341585851496e+01 2.456834852601982888e+01 2.045590857278941499e+01
1.349999999999999985e-02 1.001349999999996321e+01 1.795689219480184562e+01 2.298101694599078826e+01 2.911411605838071992e+01 2.470908640077993468e+01 2.544093537718445219e+01 2.426598807398916691e+01 1.408754564775851748e+01 1.782857585394375022e+01 1.168718632250170764e+01 2.179216796443933646e+01 2.914122667204522799e+01 2.207215644171738944e+01 2.915012953299054388e+01 2.400467422404738826e+01 1.794926163104648964e+01 8.155455416437865424e+00 1.604636134566274208e+01 1.725053931682729669e+01 1.858784511043329246e+01 8.714790856821741372e+00 6.548756636615777005e+00 1.637613430420615757e+01 1.973623334310535427e+01 1.796422745001574839e+01 1.584447665829633500e+01 1.560518299932127562e+01 8.256057382223294994e+00 8.644308113635860380e+00 1.799199341552573017e+01 1.954270302975679741e+01 1.306898731037792949e+01 1.758657939942792936e+01 1.554869158945303020e+01 1.997495907665396686e+01 1.126232569523413574e+01
1.319999999999999993e-02 3.970659149061903204e+00 9.198449995245718824e+00 1.885607859172721135e+01 2.470382122805050429e+01 1.389215387506267518e+01 1.398296434454686654e+01 2.142141732622723183e+01 1.782855499995809723e+01 8.112534411672603696e+00 1.782856225413998885e+01 2.343214077840409004e+01 1.931334153812973042e+01 1.514627728655873362e+01 2.500541891100904479e+01 2.736643540617505010e+01 1.789431654728090493e+01 1.593765554883962565e+01 6.212866493112412236e+00 1.367043753225650704e+01 1.481830283635843060e+01 5.558037177707753074e+00 5.558037177707753074e+00 1.206152355814853649e+01 6.609915594494863988e+00 6.985505294515381713e+00 7.360237050478302123e+00 7.732088938332758232e+00 1.485307489234842926e+01 1.852306548721688628e+01 9.205760605087984771e+00 9.610767586164103093e+00 1.001740119027922837e+01 1.041806312977977811e+01 1.081027578635782405e+01 1.081027578635782405e+01 1.081027578635782405e+01
1.299999999999999940e-02 1.001299999999996260e+01 1.795689219480184562e+01 2.282202301362826802e+01 2.036811841044204385e+01 1.636455464458974873e+01 6.735230350478249584e+00 1.672595193480823283e+01 1.443015080649120385e+01 6.288339671734148872e+00 1.567906945343107594e+01 1.528248431409300956e+01 9.309122340700399789e+00 1.897633159832946603e+01 1.852922804860785533e+01 1.932175941470969960e+01 1.820757286741435266e+01 1.430600859765308641e+01 5.039323444828913701e+00 5.048620664521642709e+00 5.558037177707753074e+00 1.390850700736364587e+01 1.543312480869628622e+01 6.078675785774972695e+00 7.631088824996425046e+00 1.449453520612053836e+01 1.691246270572952426e+01 1.598397792477256729e+01 1.059289161466831253e+01 2.038915517079621509e+01 1.923339350831879457e+01 1.628645453287902711e+01 1.571240233044825807e+01 2.024486113986939984e+01 2.055301418652432233e+01 1.081027578635782405e+01 2.073829818833948480e+01
1.349999999999999985e-02 7.084567813755603183e+00 1.708456907499265753e+01 1.636836865988269452e+01 7.840228673786618252e+00 1.153494287339191970e+01 3.981925463958259748e+00 1.156778817489346523e+01 3.711978296726381021e+00 7.911325955283014189e+00 1.207005319227977402e+01 3.316167701084553610e+00 1.216456361233215233e+01 1.267496025191094056e+01 9.993372197147305513e+00 1.107263789409800481e+01 1.386496137300934350e+01 4.411582477834905092e+00 4.661534529622329615e+00 1.183061066645518800e+01 1.570165425054772612e+01 1.579390263081209156e+01 1.735627501548056273e+01 1.772305304981486884e+01 1.661621765980884646e+01 9.739884900589810712e+00 1.201226098889457461e+01 2.125624285855995765e+01 2.035872717428385670e+01 1.367042173839225683e+01 2.349235853738484181e+01 2.577671794989647580e+01 2.574755782321030040e+01 2.921151584480432462e+01 2.476423544442819136e+01 2.090754554221785355e+01 1.199566820052351090e+01
1.369999999999999864e-02 7.084820928759559600e+00 1.708822959764774652e+01 1.149242822359751415e+01 9.577902427660487383e-01 9.577902427660487383e-01 1.236105548881068383e+00 1.515832682463233549e+00 1.798788916058455811e+00 2.085212342328155444e+00 2.372054754202268079e+00 2.661163492852367529e+00 2.951383614176664505e+00 3.243090145849524930e+00 3.533684288035197518e+00 9.578079849558520209e+00 3.947426505708702127e+00 1.134196242269749533e+01 1.075308762959462783e+01 1.900809728531690368e+01 2.473599847355788839e+01 2.664592346637701681e+01 2.821327288687798074e+01 2.473112190648691566e+01 1.435678401349052358e+01 1.943163638123601800e+01 2.150727482083761544e+01 1.599973638060139791e+01 2.550739899844190717e+01 2.349238930000004899e+01 1.700364935049428183e+01 2.396290756055780236e+01 3.390366023048285626e+01 2.803312355835730685e+01 1.894653251823353557e+01 1.332450418398636671e+01 2.215694971947186076e+01
