output/example_1/elevation_000008.asc
nrows	75
cellsize	13.33333333
xllcorner	0
ncols	75
yllcorner	0
NODATA_value	-9999
[rows 0 to 16 of 75, columns 0 to 36 of 75]
1.369999999999999864e-02 1.001369999999996274e+01 1.525961082579789618e+01 1.487696147551190862e+01 1.585120637933269983e+01 1.995472781222604652e+01 2.134730883897643494e+01 1.724252061163617711e+01 1.724252061163617711e+01 2.713929307510488087e+01 2.801326223443626162e+01 3.211109361657094041e+01 3.629238435133770224e+01 3.867339988537879236e+01 3.707539767912152229e+01 4.110839636255047225e+01 4.669057450211673199e+01 4.109955685542130510e+01 3.663471544092539034e+01 3.663471544092538323e+01 3.740380770336430771e+01 3.327346752217652437e+01 3.538658873717478315e+01 3.120557900920851679e+01 3.538614020680573446e+01 3.817809744422886808e+01 4.140397610353684144e+01 4.346269362068812825e+01 3.921271017560619754e+01 4.027444711424410428e+01 3.950382082979190557e+01 3.530172951466028053e+01 3.892738175936909073e+01 3.893591499746366225e+01 4.918279564825436267e+01 4.955792192202427060e+01 4.540884355810403150e+01
1.279999999999999888e-02 1.130807485673139601e+00 1.112174391877284307e+01 4.595066818500676220e+00 5.926690184411641305e+00 1.585120324342417497e+01 1.724251976872074010e+01 7.333158382092705985e+00 1.724252061163617711e+01 2.050397719643930472e+01 1.818264818650617087e+01 2.233755456756450997e+01 2.905238874231559265e+01 2.900166470923466733e+01 2.768927539495897250e+01 3.301708640686075569e+01 4.261915397349452661e+01 3.663471544092539034e+01 2.482902467283998860e+01 2.482902467283998860e+01 3.132213701652663929e+01 2.354487803293032044e+01 3.030414856440953031e+01 2.101239720189023075e+01 3.030273810706774640e+01 2.734577111940782856e+01 3.051668614341672026e+01 3.751487603367940693e+01 2.890802873166051157e+01 3.015817236085219122e+01 3.097507791077397599e+01 2.516223178044226572e+01 2.873053806783323338e+01 3.594256511750157301e+01 4.616251787413498420e+01 4.540888263834416705e+01 3.526791437322950173e+01
1.299999999999999940e-02 1.001299999999996260e+01 2.741715529649089156e+00 5.162057351813013284e+00 1.500553000725067143e+01 5.926690184411641305e+00 7.333158382092705985e+00 7.333158382092705985e+00 8.964268580190756452e+00 1.063732745640843902e+01 1.250277540294538525e+01 2.233755456756450997e+01 1.939814768174543502e+01 2.249701363221975114e+01 3.189450995030531644e+01 4.024005334268601075e+01 3.807539737433083360e+01 3.388741013342036723e+01 2.828683144222078027e+01 1.626780549992457026e+01 2.244573710127169974e+01 1.801630761357043653e+01 2.599183462356363350e+01 1.630870233169669703e+01 2.433663620782445847e+01 2.012293531066625007e+01 2.998590624162416063e+01 3.309756857827908760e+01 2.305581025854319321e+01 2.304214374946241151e+01 2.092151960951482792e+01 3.097507791077397599e+01 3.892521026102374293e+01 4.307507909668074575e+01 4.311285319536446536e+01 3.832680089498924048e+01 3.776934364358915275e+01
1.369999999999999864e-02 1.001369999999996274e+01 1.271740519340105990e+01 1.500553000725067143e+01 8.916209355344170362e+00 1.585147735636229172e+01 1.724252047830284340e+01 1.306135120785895865e+01 1.884147439445546013e+01 1.505381526671737191e+01 2.233659589249260335e+01 1.560409215482071765e+01 2.536765735921962062e+01 3.189450995030531644e+01 3.361371432804742909e+01 2.800364058796671785e+01 3.332873514815912586e+01 2.441471346180192370e+01 2.671462139901754895e+01 2.238974303273145239e+01 1.107375126248159702e+01 1.814906820340704385e+01 1.926050009311429179e+01 1.303871893338896548e+01 1.444610372692735645e+01 2.427419720807076331e+01 2.698340551270029408e+01 2.849300512595395318e+01 2.458689658106596099e+01 1.733393128961426299e+01 2.730202454545262114e+01 3.516314366671116431e+01 4.222000653105531143e+01 4.004138267550207786e+01 3.645876757879266705e+01 2.750640435865206612e+01 2.777606463803498471e+01
1.290000000000000001e-02 7.083967811865462316e+00 1.708396781186539215e+01 2.258727219644317330e+01 1.862720641606590277e+01 1.310169055784649927e+01 2.261754640940311845e+01 2.302583692800633841e+01 2.712665420175837028e+01 2.201883275459321965e+01 2.488345440100164296e+01 2.250648297482431559e+01 2.355904164255864330e+01 3.321248343218775290e+01 2.797487753122231879e+01 1.788992195203642765e+01 2.777900447270609874e+01 2.670876036189135405e+01 1.711796101915702906e+01 1.905993923790952493e+01 8.613485224904263049e+00 1.857489108335723316e+01 9.306656271950359383e+00 9.797854515230792316e+00 1.932289509672764893e+01 2.092005446624218834e+01 1.838852856904242472e+01 2.195131504522266397e+01 1.460964831691948262e+01 2.414842141524726671e+01 2.906283052095598407e+01 3.357179392473497614e+01 3.261260540025676136e+01 2.979769252652415901e+01 3.143858103644141977e+01 2.155130200582009437e+01 2.058841509630872579e+01
1.299999999999999940e-02 1.001299999999996260e+01 1.862727157872215855e+01 2.440077427061264004e+01 2.651595954722198201e+01 2.261754640940311845e+01 1.820339753050855336e+01 2.476178371705594117e+01 3.413510644992860676e+01 3.186525566355384242e+01 3.466041842662701811e+01 3.235919516684453612e+01 3.323337896211354803e+01 3.121669441305932935e+01 2.329598076238524484e+01 1.280137747641109414e+01 2.323336233416524266e+01 2.283327622846723415e+01 1.850837725133118994e+01 1.166654247140492906e+01 1.790498142574593743e+01 8.613485224904263049e+00 1.857219043756399657e+01 1.956750927939632589e+01 1.051058248891232871e+01 1.101700605390864851e+01 1.152457088483146741e+01 1.203575499346888478e+01 2.180599546468731020e+01 1.397801834882357319e+01 2.003997617844002477e+01 2.939529398100583180e+01 3.199553138562413324e+01 2.251806577937739462e+01 2.629565700995618371e+01 1.678899749819961329e+01 2.719730166158703000e+01
1.299999999999999940e-02 4.485135954999571517e+00 1.025863864689580751e+01 2.025863864689573646e+01 2.772231442907100529e+01 3.123205804624420878e+01 2.476101271696083828e+01 2.929767653063271382e+01 3.120293787814265585e+01 2.738515891547396919e+01 3.210043662555834487e+01 3.295945054988377620e+01 2.836075788505716844e+01 2.434886239446824518e+01 1.648612230689997915e+01 9.510668034149750483e+00 1.695376747932980521e+01 1.667505827220469428e+01 7.940808982380971770e+00 7.940808982380971770e+00 7.940808982380971770e+00 1.790514880394002617e+01 8.613485224904263049e+00 1.972864200552655234e+01 1.051058248891232871e+01 1.763976564735300201e+01 1.852104583184317477e+01 2.193425370517305950e+01 1.279116311667182870e+01 1.333471565390969893e+01 2.228817426900540255e+01 2.449716926378619775e+01 2.217383971230670170e+01 2.556900278525098713e+01 1.581980398802278032e+01 2.629553920796986688e+01 1.678899749819961329e+01
1.290000000000000001e-02 1.001289999999996283e+01 1.650911099350163269e+01 1.358017880536715261e+01 2.065124661723257660e+01 3.065124661723250554e+01 3.413125087692090176e+01 3.444662258592239112e+01 2.628597676074664591e+01 1.650519383738008372e+01 2.637774800712996637e+01 2.628976309187357430e+01 1.701478803179024979e+01 1.462913478950871138e+01 1.594748258118456619e+01 6.460114073239933141e+00 6.887630057496483715e+00 7.316365886670977758e+00 1.534789329078498987e+01 1.776642809566785530e+01 9.276641607951757962e+00 1.922921467739261203e+01 1.906758053214913673e+01 2.536983465758299872e+01 3.000673757153026600e+01 2.697119278693422117e+01 2.838702524722627984e+01 2.652390939580327611e+01 1.654638244592855756e+01 2.326731292613779800e+01 1.410479493263205697e+01 1.465302686283124700e+01 1.520436934041426014e+01 1.520436934041426014e+01 1.520436934041426014e+01 2.691358507088479612e+01 2.721766851301951462e+01
1.349999999999999985e-02 3.175777660168375593e+00 6.509110993501702858e+00 1.358017880536720057e+01 2.358017880536726807e+01 3.057057301389131965e+01 3.467593591698508249e+01 2.851669646888676724e+01 1.933558676215957206e+01 1.105518754740311671e+01 2.185202504572739102e+01 2.037597799510887953e+01 9.740782965090218681e+00 1.364405214881147721e+01 5.863161797084400995e+00 1.376505924318871088e+01 1.614013505674648741e+01 1.500500476990027998e+01 1.004036452477250840e+01 1.965336608904620164e+01 1.922913636367030676e+01 1.121529835735564973e+01 2.115390737960622047e+01 2.457782357182451349e+01 2.841379383524808944e+01 3.393119500653297393e+01 3.785769028220275345e+01 3.090129153586402566e+01 2.149618262505668298e+01 2.893562926244019096e+01 2.137917134824732557e+01 2.458340391366812838e+01 2.491978556293097569e+01 1.745381844346660216e+01 1.736961606818495341e+01 2.790787607771056855e+01 3.533814679437342221e+01
1.379999999999999977e-02 1.001379999999996251e+01 1.650911099350163269e+01 1.977984302006446882e+01 2.354315012637516702e+01 2.063229625783488075e+01 3.057057301389131965e+01 2.413668174886997164e+01 1.376939777457156566e+01 7.733748050623131753e+00 1.532167041556152043e+01 1.468986034519297235e+01 4.862611559721762511e+00 5.268944373375283874e+00 1.333288430073814368e+01 1.714687064201777744e+01 1.315299435062543765e+01 2.113751391420138503e+01 1.966834572808201997e+01 1.291437546587773788e+01 2.248793606634639985e+01 2.115390737379161479e+01 1.320554582545289080e+01 1.463787526011061679e+01 2.457782357182451349e+01 2.403881300537334553e+01 3.181277568919546894e+01 3.593161963879430232e+01 3.176818440029312995e+01 3.625547358575573753e+01 3.308911307730918594e+01 3.046623818618710544e+01 2.062988171070411880e+01 2.753072377128127357e+01 2.790787608104605511e+01 2.058426608033903094e+01 3.104675271195694819e+01
1.290000000000000001e-02 1.001289999999996283e+01 1.507988535386658491e+01 9.808320056494194361e+00 1.358460442008219893e+01 2.354314996448291097e+01 2.444203911097543624e+01 1.996642023160421076e+01 1.667870305542884068e+01 1.086687355927459109e+01 3.888789554626891576e+00 4.291260085248536527e+00 1.309447633711325132e+01 1.461119996651993524e+01 7.650806705982827971e+00 7.650806705982827971e+00 1.875112095200320184e+01 1.903562086519248098e+01 2.637702556190776448e+01 2.248793792613549059e+01 1.600232497996584868e+01 2.557642336029746133e+01 2.314233092182928075e+01 2.457782357182451349e+01 1.676520095428064749e+01 1.833673433762465166e+01 2.833441829239745857e+01 3.505543957410803557e+01 4.092229702437827399e+01 4.127190211546176357e+01 3.172325468021271888e+01 2.474608157993165136e+01 3.046624876466596277e+01 2.581513659740497957e+01 3.507611571873340495e+01 3.104675271195694819e+01 2.412200510610709614e+01
1.359999999999999924e-02 2.513599308694359991e+00 5.095576786116040147e+00 1.213595624626705494e+01 2.191421465993609630e+01 2.227077634308643539e+01 1.740456657741265545e+01 2.772831594836315805e+00 1.277346626557062592e+01 3.326721205502036316e+00 1.037106724378810441e+01 1.327200342368761277e+01 1.734999398041182772e+01 1.880367732069434794e+01 9.721687925728698332e+00 1.793275786446341868e+01 2.328291137084290696e+01 2.752420673050032107e+01 2.621917220457190112e+01 2.966424486779180469e+01 2.473029791308940872e+01 1.944539858968252233e+01 2.910281251448060402e+01 3.090842923098544759e+01 2.377180466777096868e+01 2.833441829239745857e+01 2.078193334564062056e+01 2.655149012530916508e+01 3.674018175349431914e+01 4.325638511172624590e+01 3.817522146633032065e+01 2.821980044160022061e+01 3.817522146633032065e+01 3.024809154976772518e+01 3.973027692777083075e+01 3.777253585957268456e+01 2.726965216016968441e+01
1.349999999999999985e-02 1.001349999999996321e+01 1.507988535386658491e+01 1.920503908440420560e+01 1.980644351120909974e+01 1.638670296221181744e+01 8.210349953631036257e+00 1.222363108891009986e+01 2.772831594836315805e+00 1.273579145435378202e+01 6.691004162540162170e+00 9.078201602036060081e+00 1.770121651866363521e+01 2.293140562924427428e+01 1.937311741468039372e+01 1.289181010128180382e+01 2.239756196434479563e+01 2.966960810571682927e+01 3.490648468899698287e+01 3.879242289220213280e+01 3.322115370643312104e+01 2.492192661557002253e+01 2.388750838520200759e+01 3.375385003400637629e+01 3.386691650748674931e+01 3.332046361677804214e+01 2.316638535622078265e+01 2.522875198386376638e+01 2.881178517736730527e+01 3.913614525247286480e+01 4.217351867084921224e+01 3.533138160438245734e+01 3.817522291026148196e+01 3.602842139266818577e+01 4.412547798606973259e+01 3.776892385739636637e+01 3.475089079634459210e+01
1.319999999999999993e-02 7.084267742860843597e+00 1.708420988238346538e+01 1.645267428859004610e+01 8.933845496591096946e+00 1.189380542305344157e+01 2.222748521089805251e+00 2.222748521089805251e+00 1.218705797488783205e+01 1.525966888221708473e+01 1.745421951858830312e+01 1.779263745393020812e+01 1.253113081282788777e+01 2.120060438594564900e+01 2.630125439045182745e+01 2.239756214303839954e+01 1.636772030739275863e+01 2.577598503930492058e+01 3.337505432257932370e+01 3.728592273255939205e+01 3.894727999802175589e+01 3.481402375143206740e+01 2.952455991923286405e+01 3.082330668276748753e+01 4.082880753768961313e+01 3.595897240031676034e+01 2.574007182284944406e+01 3.545932384803441551e+01 3.913614525247286480e+01 3.612173050081510439e+01 4.641358622854252758e+01 4.504086316015145286e+01 4.783631093388886057e+01 4.571250612483166265e+01 4.973137289980942910e+01 4.801563183124349621e+01 4.506743235195288833e+01
1.299999999999999940e-02 7.084072599901364953e+00 1.708437639365509852e+01 1.192186343399265347e+01 1.748702838563185979e+00 1.748702838563185979e+00 8.799333609413732660e+00 2.222748521089805251e+00 1.222236737784085747e+01 1.723566362767196125e+01 2.301314004787385770e+01 2.489526540031681279e+01 2.120068397399802507e+01 1.653299163272622962e+01 2.534650340314192718e+01 2.966997330808071709e+01 2.577598503930510532e+01 2.052721336489435089e+01 2.402952483648946114e+01 3.063251788248857110e+01 4.000554408922504024e+01 4.365781537187398698e+01 3.953116777076139954e+01 4.082880753768961313e+01 4.495256930651694205e+01 4.014674267025643672e+01 3.030418873597079710e+01 3.120348335994873423e+01 3.845991610885892698e+01 4.641358622854252758e+01 5.060343958328336811e+01 4.939712507431269017e+01 4.903348614968798813e+01 4.493535960613859714e+01 4.621926034785042958e+01 5.031731548224661310e+01 4.616304776113562269e+01
1.349999999999999985e-02 7.535165299011729267e+00 1.839488634224281327e+01 1.492456263962487029e+01 1.127402140271592934e+01 1.748702838563185979e+00 1.174640653144724389e+01 1.155344721251418427e+01 3.178621652380147822e+00 1.318428770742627343e+01 1.140373247222325759e+01 1.964055538194291728e+01 2.683988839077046151e+01 2.534650340493341503e+01 2.167717568810752127e+01 3.062168568925222090e+01 3.371740029595734711e+01 2.842207654281747864e+01 3.336948389255240244e+01 3.728235897324793058e+01 3.872814082483177600e+01 3.449323178687614444e+01 3.149989448527805180e+01 3.737228750695183521e+01 4.765858245351175526e+01 4.469868071025602774e+01 3.624773245821830159e+01 3.714040058651783482e+01 4.558089256286929469e+01 5.270186901687839764e+01 4.851266250223662269e+01 3.939724450578059134e+01 3.939724450578059134e+01 3.484178465675267944e+01 3.616218107066933385e+01 4.621926034785042958e+01 4.201159363347822051e+01
1.369999999999999864e-02 1.001369999998562932e+01 1.300280238230293328e+01 1.080463132428035777e+01 1.277559979773379650e+00 1.121978510439388543e+01 1.482117110423343753e+01 1.643753147903310818e+01 1.306387910875688441e+01 4.146365111525954994e+00 4.146365111525954994e+00 1.003761060668990623e+01 2.194299210816863521e+01 3.397756857705222444e+01 3.062168568924669287e+01 3.052129517318369878e+01 3.957941526209175720e+01 3.617466744164832448e+01 3.261196541332459731e+01 3.490650959441040868e+01 3.068927401569652602e+01 2.442890552683576999e+01 3.149989448527805180e+01 4.171978729715149825e+01 5.187854192705712109e+01 5.052897257278217324e+01 4.638864989793892590e+01 4.726568698114991918e+01 5.140397066213380128e+01 4.709611511235586789e+01 4.204901282268907892e+01 3.420091114699148704e+01 2.900457778820238985e+01 2.869868165201078725e+01 3.910783139202496983e+01 4.174975318946165714e+01 4.467414851691237487e+01
