output/example_1/elevation_000421.asc
nrows	75
cellsize	13.33333333
xllcorner	0
ncols	75
yllcorner	0
NODATA_value	-9999
[rows 34 to 50 of 75, columns 37 to 73 of 75]
2.069701411685246129e+01 2.727218044722510371e+01 3.604796276064285365e+01 3.165632783463675182e+01 3.836784582900623519e+01 3.922477251696491862e+01 2.973350266887102222e+01 2.294417580882648977e+01 2.927950079421256291e+01 2.998357206874877789e+01 3.374814214423488323e+01 2.432595610720182222e+01 2.442182473122242570e+01 1.458453663923549470e+01 2.210293513401306598e+01 1.631741751253673911e+01 1.819330567808549404e+01 2.058927514847829698e+01 2.306227252226877056e+01 2.973417250402980727e+01 3.926900226614714740e+01 4.665896574207334879e+01 4.236202023822867346e+01 4.224992455809466918e+01 3.928793583280602775e+01 2.967292683762328664e+01 2.691571496001783714e+01 1.672825499427007756e+01 1.481734805996936544e+01 1.398410561115636419e+01 2.345922459727291098e+01 2.601179579607035564e+01 2.759792138142010742e+01 2.201213260768954072e+01 3.005882898746854792e+01 2.839663555920626692e+01 3.512132916118102344e+01
1.919322895342192581e+01 2.692928946762237175e+01 2.850987276487498434e+01 2.502325525370176251e+01 3.440721004071847489e+01 3.577432577586842655e+01 3.650943028357961140e+01 2.927950079421256291e+01 1.969462585581823788e+01 2.650177893908176330e+01 3.598551322817475295e+01 2.708565031348431518e+01 1.761180082693663707e+01 1.380510279099585169e+01 1.380510279099585169e+01 2.330477304348631762e+01 2.782077968821934988e+01 2.514462675350694809e+01 3.236851233987582788e+01 2.902985508085893329e+01 3.854436205299818852e+01 4.236202354000871395e+01 3.246811939668096869e+01 3.237989666649758647e+01 3.247184845427479161e+01 2.993189523449677480e+01 3.093182550313066770e+01 2.686765599555920403e+01 2.309497593814139194e+01 1.356786964788198624e+01 2.183370196971546662e+01 1.647925130970315877e+01 1.782578593232138431e+01 1.982939259497512907e+01 2.225690549762835957e+01 3.268221650903518594e+01 3.584588219397110720e+01
2.692928870082884174e+01 1.735047446121675208e+01 1.896957819141382018e+01 2.850356373705264446e+01 3.354837880557465724e+01 2.767967290761577104e+01 3.353175907675958456e+01 2.732676186649382188e+01 1.774815393233854266e+01 2.473610971697275573e+01 2.869581349371172863e+01 2.625480307491747212e+01 2.229608443732967515e+01 1.380510279099585169e+01 1.627111864342609948e+01 2.579773404588226171e+01 3.293240595200400378e+01 3.399255761857040881e+01 3.825306438666596165e+01 3.570124546860843395e+01 4.262590768873084812e+01 4.103320815915085973e+01 3.121727293911114032e+01 2.578593029085600463e+01 2.263465193392890029e+01 1.996409591723190502e+01 2.651296827470592277e+01 2.842466680388523770e+01 2.023663904387526813e+01 1.356786964788198624e+01 1.473514847184557297e+01 2.434300444321439372e+01 2.223168622759412116e+01 2.962458152435152314e+01 2.725494229065318308e+01 2.646004135037149396e+01 3.300122968609939278e+01
3.091374022778594011e+01 2.514940251795941251e+01 1.561192605244750631e+01 2.361228540235030593e+01 2.728124142612272962e+01 2.155531647312162136e+01 2.959307359576934360e+01 3.130503963032825254e+01 2.473610971697275573e+01 1.519359993150644073e+01 2.232466376149768195e+01 2.141800637260170248e+01 1.281672702829293620e+01 2.228900191121618235e+01 2.579758215584142533e+01 2.033958840566889492e+01 2.356095658728490250e+01 2.761575885549317633e+01 3.271725448294552052e+01 4.190757718116819319e+01 4.955056992971401542e+01 4.532153073465423176e+01 3.956349160136215204e+01 3.536597489705722808e+01 3.247184845427408106e+01 2.651296827470342876e+01 1.671526382431817481e+01 2.328237477568502101e+01 1.300395408970803324e+01 1.449798768576274810e+01 2.210382883021982181e+01 2.844941575458992844e+01 2.788432401188487475e+01 3.594570455034274659e+01 3.288474607106527969e+01 3.297212662020475449e+01 3.300122968609939278e+01
2.964840102536533450e+01 2.010458619698884775e+01 2.361228540234854734e+01 1.409962460819850705e+01 2.212499467490096094e+01 1.735401836202409598e+01 2.597072094700418177e+01 2.915012706690598066e+01 2.604312417733816432e+01 2.229260962259350620e+01 1.278462703226284169e+01 1.177591286791050784e+01 1.458920827790564978e+01 2.349041977857356400e+01 2.911272171109077789e+01 2.946797914124999451e+01 3.278457056159875549e+01 3.654000252844157615e+01 4.051354579956031188e+01 4.598464918956555891e+01 5.282594685072499630e+01 4.724451838809007853e+01 4.156544655236624664e+01 3.720985556755884005e+01 3.314764100155582582e+01 3.063785489604984846e+01 2.349348640613043315e+01 1.430248786412639106e+01 1.256519771884965664e+01 2.174561095265910637e+01 2.076585589243272167e+01 2.993204228296727010e+01 3.741822563738944751e+01 4.150703657333909291e+01 4.107872698535141609e+01 4.258738985345247130e+01 4.271348085871362343e+01
2.563316328094396823e+01 2.964840104304858315e+01 2.740338504756559601e+01 2.212499467489785232e+01 1.256987554919856365e+01 2.078977234991532441e+01 2.212863071622322408e+01 2.567060350488148046e+01 1.686843953411423769e+01 1.906837611535951282e+01 1.102436533931493656e+01 1.102436533931493656e+01 2.069572493154193182e+01 1.861321967803770150e+01 2.208264407042720023e+01 2.571023736589712527e+01 3.002563615723752477e+01 3.722600639228231501e+01 4.096220532234663381e+01 3.917204999718120462e+01 4.883262316079709819e+01 4.314504490930769975e+01 3.333369016928492101e+01 2.779195119449012807e+01 2.362802537082529852e+01 2.838782946335667035e+01 2.627685079391761036e+01 1.850512046356010032e+01 1.211556557948381752e+01 2.142502739624007901e+01 2.743673773111884273e+01 3.339793487532220695e+01 3.798743954197971817e+01 4.336911931217773741e+01 4.017269698325315375e+01 3.659146578143032968e+01 3.761126903230873353e+01
3.513331976643655707e+01 3.225630805598932227e+01 2.346546267240170636e+01 1.685362490144375514e+01 2.078977234968160914e+01 1.111241983434880254e+01 1.867181982345084279e+01 2.271257271105074338e+01 1.887533431866875233e+01 1.004510238449976534e+01 1.984639016991468097e+01 2.069572494739568569e+01 1.607205210467020606e+01 2.521728719594981527e+01 2.573473407811299651e+01 3.183269746487238550e+01 3.554249307924979462e+01 3.493766312979716560e+01 3.142275676329349210e+01 3.693702836458160021e+01 4.099286881732702170e+01 4.317706843590898558e+01 3.431414507039510653e+01 2.800316906191859090e+01 2.276611280498792667e+01 1.920379492084272499e+01 2.358235956710572978e+01 1.370311253607011537e+01 1.165567339584174000e+01 1.464483344557279310e+01 2.383023758067872322e+01 2.587585211241783512e+01 3.205426618511536674e+01 3.672001838887314307e+01 3.324358473426029548e+01 2.867873715334855333e+01 2.970833357332661251e+01
3.650369571241955668e+01 3.162304648337573809e+01 2.279594446387698525e+01 2.346546940887700572e+01 2.394090721544131029e+01 1.947392862691500426e+01 9.627068018473458721e+00 1.805564611436029310e+01 9.090926327525609807e+00 1.900209434664320796e+01 1.684846594573402356e+01 2.599424383489872170e+01 2.302155909312527271e+01 2.349197204060160260e+01 3.242068733379996814e+01 3.669202761679402158e+01 3.493766312979716560e+01 2.547729515657347577e+01 3.022627903779087433e+01 2.744659565294803727e+01 3.693702836458160021e+01 4.359712705646959563e+01 3.876115314460228234e+01 3.608117646003400836e+01 3.209006194787599497e+01 2.517905550699920880e+01 1.633094579942975244e+01 1.774432745800548616e+01 1.120409867868249520e+01 2.057205942073095173e+01 1.945693828218487909e+01 2.605929758133424556e+01 3.561095965208616576e+01 3.281348917426801393e+01 2.439909930090612633e+01 2.321649183658647786e+01 2.970833357332661251e+01
3.083478137766198657e+01 3.520438004590963743e+01 2.913772463431284265e+01 3.225724507466517110e+01 3.006322018087861281e+01 2.341897792513972121e+01 1.815229570753034949e+01 8.190803049063719143e+00 1.815336218484412356e+01 1.715324684480762230e+01 2.531884155849331108e+01 2.983242510500335243e+01 3.259766137704003341e+01 3.339253722608457764e+01 3.732091080908480052e+01 3.642713510904856378e+01 2.700647766342319045e+01 2.702199963366026481e+01 2.086654490058750966e+01 2.744659565294803372e+01 3.693702836458160021e+01 3.597836511071038501e+01 2.781511557051405603e+01 3.597784389887213052e+01 3.229675518539982448e+01 2.575620639030742254e+01 2.386155391502401102e+01 1.943323908940335798e+01 1.075099671431061310e+01 2.033320711324469698e+01 2.380930584316953968e+01 2.921946631436386355e+01 2.945988944039399726e+01 2.554803736888222687e+01 1.873896278782123304e+01 2.738110515006657053e+01 2.971465486618160767e+01
2.679399247709410048e+01 3.303220444038811365e+01 3.762377010376486908e+01 3.314776655136545713e+01 2.329759074418090137e+01 1.652723739928113744e+01 1.213579554222510914e+01 8.190803049063719143e+00 1.520247854859927017e+01 2.421621129151601082e+01 2.633763405608257813e+01 3.535345328949033927e+01 3.843280452879304931e+01 3.437238573337992165e+01 3.127238042105465610e+01 2.729380001531603028e+01 2.437457616909623326e+01 1.783722554846403341e+01 2.702199962885966045e+01 3.421971070827274275e+01 3.725699001526741938e+01 3.161788058372621890e+01 2.164249471845435480e+01 3.161788451479156947e+01 2.484780205095485428e+01 1.759184313720628623e+01 2.277446496159232581e+01 2.056668371578123811e+01 1.029197604770723906e+01 1.160168752175741602e+01 1.766138753534681172e+01 2.213078326701564080e+01 2.205106534082375802e+01 1.583921008105967587e+01 2.421243588876670927e+01 2.167934398383281902e+01 2.907555948332684892e+01
1.897916247357985498e+01 2.900535138509821564e+01 3.741254999350893939e+01 3.598070861591198621e+01 3.018682613416697436e+01 2.571610501131449666e+01 1.766399662162837103e+01 7.696907656845171530e+00 1.759444590029421818e+01 2.163935961113525863e+01 2.562915212031939660e+01 3.049297664815265207e+01 3.291746812932379385e+01 2.492286536520669671e+01 2.590425240504286108e+01 1.812322040292248104e+01 1.541624788312867977e+01 2.437457484584930967e+01 2.702199637702401702e+01 3.651724586185009969e+01 3.321147832465229044e+01 2.353580180734405403e+01 1.799015460545101774e+01 2.362493209959019325e+01 1.991670064341873925e+01 9.221541460642557198e+00 1.904233737676442217e+01 1.851554199955251079e+01 9.848399218313870662e+00 1.970793466937626803e+01 1.311667367762653491e+01 1.395508553458305911e+01 1.395508553458305911e+01 1.489356401387718698e+01 1.593667253937511141e+01 2.557092934658022898e+01 3.262019290435365093e+01
1.764596900529765122e+01 2.356067013443565372e+01 3.341019078868245629e+01 3.199418956352077714e+01 2.237643604821963095e+01 1.731155107915889957e+01 1.755775512115680570e+01 7.207847374146057362e+00 1.555440802435657766e+01 1.228364496007637818e+01 1.770930275809539012e+01 2.663868740617773767e+01 2.891667192298298517e+01 1.965082912217691913e+01 2.199919319434626885e+01 1.309537653090711729e+01 2.184884603964274064e+01 2.350033923856590334e+01 3.360912709371072538e+01 3.277501047380970789e+01 2.875518723685924272e+01 3.036502980558380926e+01 2.083309322105028372e+01 1.422048987957200517e+01 2.030734649947654802e+01 1.865822106635388167e+01 9.221541460642557198e+00 9.221541460642557198e+00 1.924694076796636466e+01 2.369120392148219523e+01 2.165279988140760281e+01 2.137466049074448904e+01 1.395508553458305911e+01 2.204800816010516584e+01 2.557107951474100460e+01 1.844841149565088401e+01 2.357521784954050403e+01
2.575242600944390148e+01 3.175754371967498102e+01 3.513219926392427084e+01 3.598070859599640414e+01 2.675065290713345334e+01 1.676274903342796208e+01 1.069329770583650507e+01 1.551554626767686962e+01 6.484195534276461004e+00 1.152991863244586668e+01 1.687157400435363996e+01 2.289469683360746899e+01 3.150566500036394757e+01 2.356702622614739795e+01 1.442514994084653779e+01 1.135247312028677413e+01 1.351970832547591428e+01 2.511235369934305695e+01 2.794505872097627019e+01 2.745774292569754493e+01 1.975099836534529274e+01 2.494249793082391520e+01 2.224397353267190169e+01 2.031638000898282925e+01 1.076580030751149941e+01 8.639721798795891416e+00 1.869112322962702066e+01 9.221541460642557198e+00 1.642914605203879574e+01 2.628008072870671441e+01 3.000117946772575905e+01 2.010052931986749059e+01 2.081796574066128258e+01 2.745550151038229814e+01 2.227405224410998841e+01 2.859182899850679505e+01 3.272444078024479097e+01
2.980821018494163965e+01 3.122767548627525258e+01 2.515752456795953051e+01 3.216565942242712595e+01 3.079847224196908684e+01 2.506801649154879286e+01 1.812430098495705266e+01 5.923754369710595213e+00 5.923754369710595213e+00 1.530511339502447221e+01 1.870053423604548826e+01 2.535394852703656099e+01 2.726983301169776652e+01 2.345165895575901871e+01 1.898110036657955746e+01 9.335567063958420064e+00 1.753564011044184312e+01 1.795865989290015108e+01 1.757099656279376987e+01 2.070894633655511541e+01 1.527971125647409423e+01 1.998183873596725846e+01 8.268492179439915546e+00 1.832913071038693431e+01 8.268492179439915546e+00 8.268492179439915546e+00 1.832935803320565782e+01 1.141344584027611120e+01 2.126021105547489398e+01 2.689925857145478005e+01 3.112528219084494197e+01 3.025633927361551656e+01 3.391718491656406087e+01 3.183837893560060550e+01 3.200177071458882239e+01 2.655391528353944963e+01 3.320187469133573899e+01
3.122767548627525258e+01 2.127179758511383412e+01 1.811843129301649213e+01 2.416097270888450055e+01 2.828877741279529090e+01 2.768930299168052045e+01 2.174150673956363633e+01 1.727448554601736674e+01 1.529196009624493691e+01 5.122543536063829173e+00 9.794120975407988539e+00 2.070334807801225807e+01 2.110235505865927408e+01 1.391824496578956527e+01 1.552184704669852167e+01 1.378092327897577896e+01 7.179648305213348181e+00 1.366429936207654983e+01 1.119915820754811442e+01 1.046156207166128738e+01 1.389388878483185508e+01 1.680274902575393270e+01 1.781763051610163018e+01 8.268492179439915546e+00 1.832906671952405731e+01 8.268492179439915546e+00 1.833029630365987117e+01 2.126105048940282316e+01 1.436381670481743988e+01 1.692930393272502343e+01 2.689925857145478005e+01 3.574218416215445160e+01 4.045443040602286544e+01 4.171554828380908475e+01 3.605159491827020446e+01 3.320187469133573899e+01 3.320187469133573899e+01
2.935979769201365741e+01 2.309315954758927347e+01 1.357977494992050005e+01 1.455349246103224026e+01 2.266011719125583568e+01 2.292420265775639621e+01 1.267865898433636218e+01 1.336924475259576717e+01 1.393266329855478780e+01 4.592709067921457056e+00 1.476787769577617659e+01 1.894662526131426361e+01 1.195037637294280941e+01 1.512248841302038826e+01 5.679731128357280667e+00 6.034243264643277094e+00 6.379501860091191467e+00 6.379501860091191467e+00 6.681915004681146186e+00 6.946606433486659959e+00 7.206148450342364065e+00 7.462773806183079728e+00 7.785420522834390233e+00 1.723412682547870745e+01 2.025255414277309995e+01 1.426158664630738038e+01 2.242122710958864218e+01 2.418784202236301439e+01 1.436381670481743988e+01 2.418784202271635664e+01 2.134773087694500759e+01 2.504176955043527997e+01 3.157302298664081519e+01 4.312769074904329614e+01 4.594528416568966378e+01 4.293142813910423428e+01 4.293142813910423428e+01
2.052452661174065796e+01 1.937272527869468774e+01 1.857492075052030955e+01 9.700486535216697348e+00 1.750238205517358381e+01 1.755856876028756020e+01 1.320793174314424512e+01 4.104253473541531250e+00 4.104253473541531250e+00 4.104253473541531250e+00 1.392991912459532244e+01 1.466501786879316604e+01 4.889182008028272186e+00 5.197158961087032125e+00 1.520899538172169763e+01 6.322389784708922988e+00 1.581050528957987034e+01 1.312012683937444280e+01 1.297483100146900270e+01 1.648960895617580391e+01 1.054346153008330411e+01 1.688673844789275691e+01 7.462773806183079728e+00 1.749307646963752205e+01 2.153406302782650172e+01 2.408962082332938337e+01 2.840865761111448862e+01 2.836996839457900776e+01 1.997364506600847278e+01 2.836996842473467950e+01 3.160186348822395530e+01 3.574218416215445160e+01 4.018910081407234713e+01 4.631378652691025621e+01 4.783659963160051376e+01 4.672142443241440901e+01 4.684120537537693707e+01
