output/example_1/elevation_000020.asc
nrows	75
cellsize	13.33333333
xllcorner	0
ncols	75
yllcorner	0
NODATA_value	-9999
[rows 0 to 16 of 75, columns 0 to 36 of 75]
1.369999999999999864e-02 1.001369999999996274e+01 1.329144881226636876e+01 1.743038134914482740e+01 2.254268070814783442e+01 2.667643381501440913e+01 2.576814485005090916e+01 2.163190965601783944e+01 2.398858682336713244e+01 2.812376155095517305e+01 3.389146526153339778e+01 3.891122683049439246e+01 4.303366874783427676e+01 4.044175451328273141e+01 3.625093450053848443e+01 3.491281761086099777e+01 3.911616054887831950e+01 4.448056176683353158e+01 4.038388749500387576e+01 3.907109973141369608e+01 4.318235742683923917e+01 4.408598841034864790e+01 4.168664395182217675e+01 3.749027187257701854e+01 4.169136885895436961e+01 4.318314987344493261e+01 4.612911031862873301e+01 4.092308485698963949e+01 3.636189635554012511e+01 4.050195823338106038e+01 4.233321874904000737e+01 3.826829501407405587e+01 4.194064245877009967e+01 4.194064245877009967e+01 5.166550529125594693e+01 4.981794597462346275e+01 4.571793468054836751e+01
1.279999999999999888e-02 1.000905789906093624e+01 3.291877934276647544e+00 1.329144860817272367e+01 1.254433149947178450e+01 2.090752106576043090e+01 2.163190952268450573e+01 1.163302957302942353e+01 1.399005231013673978e+01 1.976353423797631947e+01 2.976011598743235353e+01 2.892260013626420445e+01 3.891122683049439246e+01 3.625093450053848443e+01 2.585491723620679849e+01 2.449803522285980861e+01 3.314833587474476673e+01 4.038388749500387576e+01 3.011378027210830410e+01 2.876665368762353125e+01 3.729717101947093738e+01 3.392494172604512670e+01 3.664198954103797945e+01 2.741195920464204860e+01 3.664440638675402084e+01 3.312079064917747928e+01 3.606798743123041362e+01 3.498833435895360111e+01 2.638597438607302692e+01 3.049403247588902488e+01 3.397039088139839436e+01 2.886994924488591963e+01 3.254467652599130645e+01 3.910712592566544288e+01 4.878135650219967090e+01 4.571793468054836751e+01 3.574528289297686001e+01
1.299999999999999940e-02 1.349306209562120884e+00 1.134979949909859620e+01 5.312183023381066072e+00 6.770832938360009656e+00 1.677019172457556451e+01 1.163302957302942353e+01 1.163302957302942353e+01 2.163190965593766535e+01 1.807253478264395952e+01 2.185217616825140041e+01 3.184820031991081990e+01 3.965120084141367585e+01 3.371075625631802808e+01 2.889984019559713602e+01 1.863785952825665149e+01 2.889984019559713602e+01 3.712026591005759713e+01 3.312182503418148372e+01 2.274833142828738630e+01 2.848265766079376249e+01 2.659014934153170984e+01 3.245216847064838817e+01 2.262742831857782733e+01 3.034607298206394788e+01 2.615734088871159813e+01 3.606798743123041362e+01 3.060229512105358651e+01 2.116770388096434630e+01 3.023533627615558927e+01 2.464325400837324054e+01 3.397039088139839436e+01 4.101788483561961129e+01 3.869408488317407091e+01 4.192902022578211074e+01 4.036078792176991215e+01 3.866620497514438171e+01
1.369999999999999864e-02 1.001369999224742635e+01 1.550512042779778987e+01 1.531163429154787181e+01 1.677019172460131458e+01 9.006900915859706203e+00 1.900607501781441755e+01 1.740652011091203022e+01 2.576814481128584688e+01 2.514329955530927307e+01 2.807005891168804368e+01 3.597813432175591686e+01 3.545553072394685046e+01 2.510018419169479387e+01 1.927306195573823544e+01 1.577393080010997473e+01 2.580573633294875435e+01 2.695620088332856668e+01 2.906701308938207262e+01 2.483990698956771581e+01 1.817928059822073905e+01 2.848265766079376249e+01 2.897854589410821546e+01 1.938570309463624497e+01 2.064705090430291179e+01 2.986350887529333420e+01 3.608306745947334804e+01 3.181707882326989179e+01 2.781222947582028837e+01 2.116770388096434630e+01 3.039043127891353890e+01 3.802914218519161693e+01 3.538020070985743359e+01 2.584421266878245405e+01 3.527628749582618894e+01 3.142258336899724824e+01 3.206192136446141916e+01
1.290000000000000001e-02 5.786402691896245898e+00 1.285747050375349865e+01 2.285747046745465028e+01 2.233899540320041055e+01 1.234023424704869498e+01 2.233899540320636845e+01 2.740389911551755375e+01 3.153681260423606858e+01 3.513588104469224760e+01 3.805706207095357030e+01 3.619965055502463969e+01 3.207218983141613222e+01 3.024773944690851479e+01 2.002991640436130183e+01 1.323204119397561840e+01 2.302341015938482371e+01 1.972791648755081440e+01 2.161838095168280915e+01 1.465223285593259916e+01 2.483990695054719566e+01 2.716647566590877716e+01 2.308525904991287092e+01 1.651740767162406343e+01 2.594529508184774969e+01 3.359870009937241520e+01 2.579072811063364057e+01 2.543506651919400241e+01 1.866452488185888114e+01 2.781222947582028837e+01 3.442606322854068424e+01 3.462637035529890994e+01 2.918241085090977904e+01 2.160587773508874676e+01 3.016605229555224454e+01 3.206192093552375155e+01 2.311476611147599058e+01
1.299999999999999940e-02 1.001299999999996260e+01 1.862727157873042216e+01 2.440077427062665905e+01 2.647489153320524125e+01 2.233899540320917154e+01 1.941120017830016309e+01 2.940731834303569414e+01 3.476173352133602634e+01 3.070319999669181499e+01 3.476173313241040574e+01 3.207218983137731527e+01 2.229339467537124975e+01 2.515749933798779381e+01 2.084887188407811820e+01 1.129158291527316571e+01 2.027284904139690269e+01 2.141393374327841670e+01 1.143611016049356799e+01 2.075120352306053562e+01 2.427259079512897344e+01 2.047962813523529135e+01 1.367085377041919791e+01 2.306479730767778236e+01 2.568230132770742102e+01 2.500845785974218671e+01 2.302523784530866635e+01 1.625702165611851058e+01 2.340007692556825702e+01 2.707388003949468569e+01 2.998349942462029816e+01 2.554813192098966468e+01 2.611627803342483745e+01 1.948749396762174158e+01 2.529587104216894744e+01 2.724460329101747647e+01 2.065744905442478441e+01
1.299999999999999940e-02 4.485135954999571517e+00 1.025863864689580751e+01 2.025863864689573646e+01 2.485449456599081586e+01 2.985449456599116402e+01 2.940731834303569414e+01 3.353858288811009203e+01 3.023513188543262942e+01 2.195857111596929556e+01 3.023513178116117928e+01 3.292064560732023182e+01 2.515753743249245034e+01 1.575266253963934737e+01 1.249299693552721635e+01 9.296944635806505985e+00 1.536461658885863102e+01 1.704214069315735003e+01 9.329719325455604562e+00 1.561586435497945402e+01 1.833539995137138945e+01 1.085194020999898967e+01 1.920952356864006916e+01 1.944790776601161397e+01 1.689524990341817201e+01 1.663222495682008173e+01 1.958904915838856908e+01 2.167306447647620971e+01 1.389277497962049956e+01 1.881287867418961568e+01 2.217856300378985068e+01 2.135016706957703292e+01 1.831560968292796687e+01 2.443566717079018602e+01 1.610592079636330709e+01 1.910640403723291314e+01 2.593702435165077702e+01
1.290000000000000001e-02 1.001289999999996283e+01 1.493885625036336862e+01 1.071235894225961260e+01 1.571235894225962859e+01 2.278342675412515206e+01 3.278342675412528706e+01 3.246031898539850147e+01 2.633088555608545178e+01 1.779403303526008884e+01 2.633088555608545178e+01 2.880787724301839958e+01 1.915817358160903083e+01 1.406758308035259475e+01 1.674864224038916660e+01 9.734034211599039921e+00 6.498621373031207682e+00 6.498621373031207682e+00 7.044375734552860813e+00 7.648452678033405228e+00 8.261259484228380856e+00 8.839934450065875637e+00 9.388680262841493374e+00 9.905419365760055328e+00 1.045415230397707340e+01 1.101510815071153537e+01 1.159243207342816540e+01 1.217547512143893762e+01 1.217547512143893762e+01 1.278885065622718287e+01 1.339539536966419142e+01 1.398959876158948923e+01 1.457771741813608379e+01 1.519908215580059441e+01 2.445279466658934098e+01 1.610592079636330709e+01 1.675892873725329224e+01
1.349999999999999985e-02 2.438856250363331757e+00 4.938856250363335754e+00 8.718500980455619498e+00 1.371850098045563549e+01 2.078956879232115895e+01 3.078956879232122645e+01 2.848272716993662712e+01 1.982687406379769612e+01 1.478986738060323702e+01 2.019871551583930369e+01 2.394122313960820136e+01 2.323008246221419881e+01 1.665737700344148919e+01 8.490763421313388903e+00 5.804498339842420584e+00 1.237252144491246142e+01 1.702857219167429648e+01 1.240324058008002872e+01 1.727484186501335017e+01 1.830528571345024602e+01 1.278191795107858297e+01 1.921591372449282531e+01 1.132196111179521836e+01 1.931038291527240247e+01 1.302885832782212105e+01 2.120002267030461951e+01 1.697678412535674042e+01 2.172850495448010832e+01 1.611871982654952973e+01 2.147612049876086004e+01 2.329312919646567082e+01 1.635915729241719063e+01 2.440434884006592853e+01 1.821316725480204823e+01 2.529592463361720789e+01 2.593715018295709385e+01
1.379999999999999977e-02 1.001379999999996251e+01 1.493885625036336862e+01 1.871850098045568700e+01 2.286063660418680499e+01 2.786063660418705723e+01 3.156997951031144822e+01 2.758803063650658771e+01 2.730273044628966517e+01 2.019871551559480949e+01 1.114005120272530291e+01 1.722409839095833561e+01 1.793597081053382780e+01 1.182474312374974978e+01 5.147586078718829228e+00 1.581440477321394411e+01 1.711728785919934381e+01 2.490554785094306212e+01 1.967656762867251174e+01 2.475191830973760077e+01 1.865750950671014863e+01 2.037146937659397850e+01 1.333961848953029161e+01 2.101826969565970771e+01 2.495103753978257899e+01 2.731781534745465834e+01 2.842369423023276198e+01 2.264721631003014224e+01 2.164142128181297764e+01 2.730094726351224566e+01 2.873225955006166288e+01 2.711020483410870341e+01 1.806736401662729108e+01 2.704362106457858417e+01 2.744454656900186507e+01 2.124879755653680391e+01 3.068089049351780773e+01
1.290000000000000001e-02 1.001289999999996283e+01 1.688246723922051729e+01 1.688246723910278035e+01 2.688246723507154812e+01 3.427415940330253363e+01 2.481854542179259937e+01 1.832637241854991927e+01 2.173044362999399581e+01 2.293675962158845749e+01 1.700620010391656933e+01 7.837678049827055737e+00 1.305175586947445865e+01 4.686461995631130861e+00 4.686461995631130861e+00 1.231361568777853144e+01 2.259850157397877268e+01 3.162987898259342501e+01 3.111684934197440811e+01 2.696327284005479896e+01 2.477281104305964732e+01 2.593782994306650025e+01 1.987920531386017942e+01 1.531223702153903865e+01 2.442359371993183004e+01 2.840706014410343627e+01 3.310636384535926169e+01 3.191175353080306110e+01 2.784967837082993114e+01 3.478818439932350515e+01 3.048558045810117889e+01 2.122223848424216186e+01 2.711300784673978370e+01 2.194647183761846065e+01 3.129249835077691344e+01 3.068089049391675971e+01 2.465123950603030778e+01
1.359999999999999924e-02 3.346933333333330207e+00 6.882467239266061299e+00 1.395353505113151016e+01 2.395353505097605407e+01 2.928582302263327364e+01 2.829390403133544751e+01 1.901176935901676046e+01 1.240454928278064628e+01 1.707995753184082943e+01 1.331199629672607898e+01 1.416089757931720250e+01 4.686461995631130861e+00 1.473290370104872871e+01 6.926081478132407376e+00 1.714160156942912394e+01 2.389551393016753877e+01 3.071271185924058145e+01 3.638081915300233504e+01 3.532327287807628835e+01 3.353240792233225420e+01 3.322205281167756397e+01 2.442359385330935240e+01 1.531223702153903865e+01 1.531223702153903865e+01 1.980001660466976432e+01 2.622352125107754617e+01 3.585121958122579144e+01 3.759237774498746631e+01 3.844798911745790093e+01 2.869616984977068341e+01 2.396632383393725618e+01 3.348216496414845267e+01 2.506153504330081105e+01 3.470363354028901881e+01 3.719562047714901354e+01 2.733342268028125233e+01
1.349999999999999985e-02 1.001349999999996321e+01 1.688246723922051729e+01 2.102460282551436777e+01 2.623440069636610872e+01 1.902229274658464675e+01 2.492213060158703541e+01 2.091213422766998065e+01 1.730067126046098736e+01 7.727058086237152956e+00 1.359408320658884683e+01 4.072924255671427574e+00 1.416377073525535302e+01 4.686461995631130861e+00 1.537721073737207078e+01 1.014408947233406089e+01 1.707831600109448900e+01 2.256346488838831377e+01 2.901624128348860054e+01 3.312591984369620945e+01 3.805274237540489679e+01 3.015681313399444718e+01 2.056942288469180369e+01 1.975227200435762853e+01 2.442359385331586807e+01 1.770534297020894243e+01 2.682279086752065922e+01 2.956744300277355464e+01 3.938862913339716698e+01 4.252751813529513925e+01 3.691050793978788391e+01 2.716582505617466836e+01 3.691049241794932811e+01 2.922387924472012699e+01 3.882592776387126321e+01 3.537131819472939753e+01 3.426864696973588309e+01
1.319999999999999993e-02 5.013704588543445695e+00 1.079604004260901817e+01 2.095292943632982841e+01 2.202781123225248194e+01 1.198904949059514102e+01 1.567917248619222548e+01 1.094594651647569528e+01 1.268200632479749501e+01 1.157585169229293776e+01 3.478805176206815730e+00 9.975677287947787519e+00 1.773293993151593639e+01 1.611184652957162555e+01 1.150999402695922846e+01 1.987888941167218704e+01 1.345732265046110854e+01 1.594950245191403226e+01 1.945967701092318691e+01 2.411758388790940799e+01 3.391506736628776508e+01 3.434519471505382171e+01 2.615021157421214326e+01 2.470853581067985516e+01 2.506578381020685242e+01 2.682279086752447839e+01 2.028287271329850938e+01 2.956757096434248311e+01 3.718334374345045035e+01 4.157575821027958796e+01 4.097121412227839699e+01 3.272089627432529824e+01 4.097120587224785737e+01 3.489878381559829279e+01 4.329491721873476706e+01 4.248295887794827053e+01 4.426195961545251123e+01
1.299999999999999940e-02 7.084067811865485176e+00 1.708406781186555179e+01 2.494711883711104505e+01 2.025396869657222965e+01 1.362056203599675719e+01 6.107694862586305895e+00 1.220463150188599855e+01 2.571149662211177134e+00 2.912175978577820068e+00 1.301728017399698700e+01 1.619937217712046973e+01 2.250308413032632515e+01 2.435764342583668807e+01 2.046815702273596571e+01 2.435764341610000727e+01 1.892147884852168715e+01 2.540409836432398194e+01 2.256346534406816318e+01 3.226199312755043991e+01 3.805274237540490390e+01 4.141147886825711311e+01 3.663578651295011923e+01 3.095214533204773133e+01 3.174082229984492542e+01 3.367053897710185595e+01 2.426677356678194997e+01 2.376050815412741812e+01 2.723190986128016533e+01 3.288467755665012504e+01 4.344753277417758142e+01 4.248545600057047977e+01 4.644483848008043481e+01 4.496770784070950100e+01 4.912585513032968265e+01 5.265750932047654942e+01 5.085878527940759142e+01
1.349999999999999985e-02 7.153764098800300175e+00 1.742232840265316796e+01 1.735712890557353916e+01 1.352846162260669338e+01 1.612064653727932173e+00 4.153436365905959882e+00 2.090886174278690834e+00 1.081155445729767806e+01 1.101056671158816691e+01 3.921458278431957822e+00 1.420189085902163662e+01 1.938991442114989283e+01 2.100261034919238412e+01 2.518224871274284027e+01 2.970889018225366129e+01 2.848360477880873276e+01 3.257865600346125490e+01 3.226199312755043991e+01 3.638109314315801157e+01 4.236875743561132168e+01 3.816081748168392807e+01 4.236874837106799419e+01 4.046134272144947630e+01 4.164119989233396524e+01 3.801954816475059573e+01 2.966650269265770135e+01 2.914270889889111160e+01 3.335248588826764404e+01 4.157741620773123259e+01 4.817121278356836456e+01 5.059830121688060700e+01 4.658198332790886553e+01 4.723276239766801154e+01 4.871574394191227952e+01 5.596943347332554453e+01 4.484095712437555648e+01
1.369999999999999864e-02 1.001369999999996274e+01 1.490114886155594398e+01 7.796340655018720867e+00 1.068787400665098275e+01 1.612064653727932173e+00 1.612064653727932173e+00 1.208111234628088404e+01 1.265816262183840557e+01 1.769798297623584915e+01 1.420193500955752519e+01 4.966689073088468298e+00 1.520175168792034626e+01 1.085400892978493204e+01 1.539439298762819419e+01 2.257485860590547588e+01 3.269764303611341205e+01 3.837255182295346145e+01 3.421149539754665625e+01 3.172212118191205477e+01 3.426732678587421788e+01 2.808691635052358748e+01 3.822842398626898586e+01 4.245452901074443020e+01 4.764109938163846891e+01 4.378229710014777964e+01 3.957897428472900003e+01 3.907961880052082648e+01 4.331484194939595511e+01 4.780282582765195798e+01 4.983376271336385344e+01 4.483206210916251422e+01 3.687598679672040447e+01 3.785355022934529501e+01 4.723586791064919055e+01 4.934354459749468447e+01 4.662723344819077909e+01
