output/example_1/elevation_000290.asc
nrows	75
cellsize	13.33333333
xllcorner	0
ncols	75
yllcorner	0
NODATA_value	-9999
[rows 17 to 33 of 75, columns 37 to 73 of 75]
1.902585790309178648e+01 2.264305322665520848e+01 3.293500614565931528e+01 3.952553336711703480e+01 4.447372699406003704e+01 4.538614773680669146e+01 3.916290856622365624e+01 3.061006749685200035e+01 2.632689283941385838e+01 3.590849431712758388e+01 3.308946654496196516e+01 2.570241756071509442e+01 2.570241756071509442e+01 3.059689973662467111e+01 3.702513316657902465e+01 4.600165960521925967e+01 4.979242503342999271e+01 4.326396295908677558e+01 3.267055445814133918e+01 3.656726533091191556e+01 3.656726533091191556e+01 4.708433331250479625e+01 5.030585820403830155e+01 5.018540698698451052e+01 4.593877534715655031e+01 5.018540698698451052e+01 4.570097264450811991e+01 4.143584539432918490e+01 3.469696106253958590e+01 2.486329570237606390e+01 1.945973654814978104e+01 2.881914592816230680e+01 3.499391257734769312e+01 3.506795626652454700e+01 4.532522402526661409e+01 4.458810640741148745e+01 4.877303832579749354e+01
2.468612673032965432e+01 2.853149618952160438e+01 2.542543630312724190e+01 3.052624497666871406e+01 3.753233927155288541e+01 4.738441655157773624e+01 4.284077470546976230e+01 3.527224873099478941e+01 2.951878401254021966e+01 3.886357747887694103e+01 3.893400941644935642e+01 3.247968559106745801e+01 2.821512948855088965e+01 3.742908789899889399e+01 4.349373416459402364e+01 4.765424501685534864e+01 4.242666953823278675e+01 3.506091395702853220e+01 2.991350955193095018e+01 4.043275543776621817e+01 4.557721241504800247e+01 4.723306391258348214e+01 3.997438413198624829e+01 4.489577668988093961e+01 3.522407317477752997e+01 4.489577668988093961e+01 4.143584547030339849e+01 3.093706484988075545e+01 3.393545280957145138e+01 2.840763437753372855e+01 1.890996086048145131e+01 2.839401976081342482e+01 2.521072865087593229e+01 3.207264738947956317e+01 4.229927158317963887e+01 4.533464761135063270e+01 4.944688548959715035e+01
1.601762579780412921e+01 1.941405627773579567e+01 2.996355132446599612e+01 3.706242807715329945e+01 3.798146504702580017e+01 4.778102644118905573e+01 4.772968036311622342e+01 4.208581076717793934e+01 3.297195873229905771e+01 4.208581076717793934e+01 4.538831726329757288e+01 4.009478983564783761e+01 3.106793490411083525e+01 3.653002429803273543e+01 4.494652755787003429e+01 4.340610700678262646e+01 3.286842883862204445e+01 2.793798361204910563e+01 2.793798361204910563e+01 3.558744674108426409e+01 3.369611602421509389e+01 4.115026922174898516e+01 3.286854536680441896e+01 4.058142426096703304e+01 3.004181703203689580e+01 3.685511052299073498e+01 4.118228690875326237e+01 3.401208639151870017e+01 2.396348780244528598e+01 2.111579343578479140e+01 1.834121349058590766e+01 1.987439914606933300e+01 2.931485736111730844e+01 3.600294777353808939e+01 3.944582864795810195e+01 3.513491397017968865e+01 4.105703930659194612e+01
2.620535358699783046e+01 1.845830718298833872e+01 2.266438026344041745e+01 2.791331405840224633e+01 3.798825746785579582e+01 4.250908962309691930e+01 4.660780275881550949e+01 4.601507515568444262e+01 3.822390567188817556e+01 4.601507514525537346e+01 4.642890941162726648e+01 3.747111219705782048e+01 3.712292761410135711e+01 3.842590443268286293e+01 4.837150508184063114e+01 4.765424551469292425e+01 4.242666957678066808e+01 3.813726792219905093e+01 3.558744674108426409e+01 2.602043949390428068e+01 2.469559268741268809e+01 3.232784345070407284e+01 2.835209122465432330e+01 3.323460743109283300e+01 2.693995469005734122e+01 2.693995469005734122e+01 3.685511052299073498e+01 3.831896178390119445e+01 3.349529122111343327e+01 2.659040248426987318e+01 1.779352527566290121e+01 2.733420485613690332e+01 2.228644857938251533e+01 3.185901287207435217e+01 2.934786738886481317e+01 3.944582864795810195e+01 4.132156402138230078e+01
2.977765343932534847e+01 2.877881923370331663e+01 2.140487438495996031e+01 2.491527365251828385e+01 2.867337024632992382e+01 3.261272949709067603e+01 3.963526372834304823e+01 4.944711907411068097e+01 4.736127123436728681e+01 5.139018698937493212e+01 5.040212716559734218e+01 4.642890868837130824e+01 4.552137289238788753e+01 4.861853167064743531e+01 5.279178807012306862e+01 5.682456993659264555e+01 4.657155121215703275e+01 3.910317614745462578e+01 3.612426725903333846e+01 2.680517081506370403e+01 2.674524659313037844e+01 2.292589954731266388e+01 3.061426795967944159e+01 2.405892121710649079e+01 3.323460743109281879e+01 3.685511052299072787e+01 4.118228690875326237e+01 3.815978340040106076e+01 2.809865142743337785e+01 2.214915656449494108e+01 1.721908714681234187e+01 2.675426512549504565e+01 3.183550884131750536e+01 2.489400158909165839e+01 2.744472590346770602e+01 3.111705914072521040e+01 3.834019934261366558e+01
3.230332156291051859e+01 3.592416400932663123e+01 3.177137896480277846e+01 2.570923014507245341e+01 3.595362545964795231e+01 4.250908962309691930e+01 4.660779610153823427e+01 4.908187559714281889e+01 4.480715935515048187e+01 4.614644051044708561e+01 5.042189319555665605e+01 5.113478510236271291e+01 4.703136914354075770e+01 5.113478516703165866e+01 5.021830716791113502e+01 5.431939552876774258e+01 4.711391215714205316e+01 3.656711599075723029e+01 3.050529574575411829e+01 3.612426685312134822e+01 3.170336509495431798e+01 3.061426795967944514e+01 2.121674039603770012e+01 2.929084825552368088e+01 3.344325296749725851e+01 3.608370204559379602e+01 4.027432821126012641e+01 3.827613521606414793e+01 2.774496576328895969e+01 2.163327986307238504e+01 1.660202542503606793e+01 2.381596549723044021e+01 3.204317555837435094e+01 3.468560407161293568e+01 3.746462371184466633e+01 3.447926850088512651e+01 4.132156402138230078e+01
2.591531292114756369e+01 3.618485147379304578e+01 4.006970731818598352e+01 3.595362545964795231e+01 3.095434995776977161e+01 3.806968801652031686e+01 4.791359269926493880e+01 4.315394977580806568e+01 3.456127168031758856e+01 3.588668842205999709e+01 4.614644329574059611e+01 4.616470443309250271e+01 3.707727416261629116e+01 4.616470446102384528e+01 4.026452271957722928e+01 4.858151773022071751e+01 5.132597953406423841e+01 4.530069871872841958e+01 4.102423136322742181e+01 4.485801301868562518e+01 3.579067385023574133e+01 3.071568373450938694e+01 2.610446610690920366e+01 1.972912035000902620e+01 2.802829908014549432e+01 2.621740665158714378e+01 3.152364579475124984e+01 3.573872055550450710e+01 3.143207520584352821e+01 2.258914085483064937e+01 1.594995343194158011e+01 1.748113548830464126e+01 2.863408707245367779e+01 3.138398997899941989e+01 3.561128567446383641e+01 4.467190875064432021e+01 4.467190875064432021e+01
2.930320297337097912e+01 3.618371981461071840e+01 4.604185406032510031e+01 4.505506057407561826e+01 3.679387353851633691e+01 4.505506057407554721e+01 4.592154509962957576e+01 3.565418837711548861e+01 2.865380018403412166e+01 3.889169524120683263e+01 4.796125711368149780e+01 4.205431740252413420e+01 3.204534041754562423e+01 4.205432165305104064e+01 3.445426502880680886e+01 4.411408816335214311e+01 5.030486429136049509e+01 4.942393254181865814e+01 4.345770863441602216e+01 3.920109446080730464e+01 3.159270897540956824e+01 2.196388556886655863e+01 1.972912035000902620e+01 2.802829890999799645e+01 1.839057402331024704e+01 2.674424922371673929e+01 2.176690893804969917e+01 3.003647274861787508e+01 2.951584125138754899e+01 2.462901197407293097e+01 1.531171653666413945e+01 1.916464298391547061e+01 1.973917479706562261e+01 2.166779576468650248e+01 3.138398997899941989e+01 3.860270828879600913e+01 4.288959239051570194e+01
3.522594547054438863e+01 3.650094510944335724e+01 4.628031895313086608e+01 5.075443538130425480e+01 4.663423805725604865e+01 4.575518456385186283e+01 4.451720800806059941e+01 3.565418835268013709e+01 2.539575708932024156e+01 3.565418835268013709e+01 4.385104935714235808e+01 3.384419465600934274e+01 2.864372136091049370e+01 3.871799407780686408e+01 2.989529404032542814e+01 3.617558562147221579e+01 4.533255555617115107e+01 4.519438531641180390e+01 3.481410517489918988e+01 2.906636651520557635e+01 2.575752825016149927e+01 2.865244648641441927e+01 2.929096495494040653e+01 3.216267104845056224e+01 2.674612346593132273e+01 1.700735786805013916e+01 1.601076633478929878e+01 2.467027866076037057e+01 2.085986081148201166e+01 1.451845684359897604e+01 1.920025069891541847e+01 2.571483998629863876e+01 2.887325794183585259e+01 3.138398997899941634e+01 2.507826574593214275e+01 2.844360431106203535e+01 3.339174865659587255e+01
4.501966263209146035e+01 4.628031895313485222e+01 5.030990008421334636e+01 4.938750702006094428e+01 4.275197078946568041e+01 3.549252307494514014e+01 3.999663027116977787e+01 3.000241739375706373e+01 2.274707326866866097e+01 3.300547267263356588e+01 4.082787516923853133e+01 3.568048670789055166e+01 2.554794724683289076e+01 3.233352950962373740e+01 2.601046062619991872e+01 3.113781085512950142e+01 3.829064333156887301e+01 4.826942354311866268e+01 4.342063696471566914e+01 3.920109446080730464e+01 3.129434972189597275e+01 3.867779151059207265e+01 3.781477339600440501e+01 2.750276867442084239e+01 2.107555603776010145e+01 2.185995732655860735e+01 2.328099251485179622e+01 1.465055866354337510e+01 1.381414876022905247e+01 1.846202499620037685e+01 2.497672897852757501e+01 2.525317633358270797e+01 3.337234567915212580e+01 3.501092276541188397e+01 2.507826574593214275e+01 3.501092276541188397e+01 4.288959239051570194e+01
4.442719354298705525e+01 4.571837117143500251e+01 4.978606576877525214e+01 4.425026945465184269e+01 3.487629895017771275e+01 2.825051877726853178e+01 3.125204989085244378e+01 2.551560719056448079e+01 2.041720641192112140e+01 2.631862679867430543e+01 3.656957791624407150e+01 3.314735192595669844e+01 2.298687566613255129e+01 2.213336540813301312e+01 2.978348852323448881e+01 3.272936193263880966e+01 3.612457665659782435e+01 4.029505579751724298e+01 4.541357477374506146e+01 4.577135880446967064e+01 4.152451049877469558e+01 4.453614034770297536e+01 3.390872606490157892e+01 2.674664797186041554e+01 2.774864687329132806e+01 2.762205276364262829e+01 2.825260556525861233e+01 2.285642011980381838e+01 1.815887979574579347e+01 1.381414876022905247e+01 2.348127193537778723e+01 3.343719528135060415e+01 3.760837573900668929e+01 3.927412859272961754e+01 3.501092276541188397e+01 3.927809550413197570e+01 4.256665238354421632e+01
3.432965489768891842e+01 3.566046611518176945e+01 4.401931385841599820e+01 3.999444250920117128e+01 2.975815539115424713e+01 2.462537460394625910e+01 2.101468633182840762e+01 1.835082637392660843e+01 1.835082637392660843e+01 2.551585740850248030e+01 3.577213742661630391e+01 3.555308935990476726e+01 2.628190572676604830e+01 1.959867073680307925e+01 1.959867073680307925e+01 2.252968851944693185e+01 2.594964085682829946e+01 3.107822877667255668e+01 4.119547090222058472e+01 4.873138762959265335e+01 4.544886977320393839e+01 4.121110878497317742e+01 4.135755963957990389e+01 3.702142364185533552e+01 3.886515818012493639e+01 3.729062053530151388e+01 3.018111091061828688e+01 2.236524909277729734e+01 1.320159702888994069e+01 2.199166462579791315e+01 2.780976673690784295e+01 3.450706778494114957e+01 3.030245454141421746e+01 3.453615862819692950e+01 3.605005430197790162e+01 3.226300611672754570e+01 3.950643553787684681e+01
2.823450516752115647e+01 2.960837221817283904e+01 3.991143697972352555e+01 4.425026945464867367e+01 3.912653339063501079e+01 3.063490307520555334e+01 2.339515914331450830e+01 1.835082637392660843e+01 2.646229754021929281e+01 3.066734107761907424e+01 3.603234741749665915e+01 3.188756870986621550e+01 2.787550997318325940e+01 1.959867073680307925e+01 2.469763177108594121e+01 3.272936173666166582e+01 3.612457514371330802e+01 4.029505579751665323e+01 4.534608558884158214e+01 3.835985672779543876e+01 3.837810995031367867e+01 3.028547793792068887e+01 3.229765731304962628e+01 3.671361746045787555e+01 3.601143684720083371e+01 3.434718815975312367e+01 2.665558836943635157e+01 1.838333310653385766e+01 1.272080326754295854e+01 2.224251179750137908e+01 2.517206403312817997e+01 2.935221780274432746e+01 2.053919714730392698e+01 3.030160352116121203e+01 2.603100510189873518e+01 3.605005430197790162e+01 4.118252055281730151e+01
2.318011721210330123e+01 3.097424836429662065e+01 3.520988170114583937e+01 4.120473327799969354e+01 4.513966125344845182e+01 3.788728061613689846e+01 3.276354145114279248e+01 2.646229754021929281e+01 1.655198610179558827e+01 2.455505946236546322e+01 2.876061751360868257e+01 2.172631048095035666e+01 1.772242049771709205e+01 2.787550997333513436e+01 3.395305172026969132e+01 3.302382156457064610e+01 4.308096399632928097e+01 4.972935749741844091e+01 3.944334366794032576e+01 3.296549525654624091e+01 2.716257007531821799e+01 2.411400925527122752e+01 2.134008034846213420e+01 2.906705114375264642e+01 2.616029944423252118e+01 2.615981693195539037e+01 2.024243595065927437e+01 1.394171988333840062e+01 1.272080326754295854e+01 2.078067397596005250e+01 1.588377051082213143e+01 2.520321326258801875e+01 2.053919714730392698e+01 2.263975154246108445e+01 3.250780304708055723e+01 3.091758804696656071e+01 3.812201315825364389e+01
1.977468925470263628e+01 1.977468925470263628e+01 2.652040133759244256e+01 3.705832088827513360e+01 4.208113662573645541e+01 3.630865988961286206e+01 3.206523129146427920e+01 3.070378509496604735e+01 2.455505857348342502e+01 1.534514961512303799e+01 2.447893518370876720e+01 1.590537332470446863e+01 2.602165263675763995e+01 3.149700498768455148e+01 3.404358543241522028e+01 3.819086894863715997e+01 4.719876206346003045e+01 5.378068138182055691e+01 4.590561029559614781e+01 3.526011721652954378e+01 3.832987834269313510e+01 3.014753987013938286e+01 2.906705114375264642e+01 1.837928312011118592e+01 2.616029930468188880e+01 1.649537106326053859e+01 1.541841540275335731e+01 2.150745322460977249e+01 1.225846132844371894e+01 1.385609716875165098e+01 2.337444768562861697e+01 1.802888038173362517e+01 2.759362887989805557e+01 3.250780171665027041e+01 3.675587803167976375e+01 4.118252054795019035e+01 4.118252055232997577e+01
1.977468925470263628e+01 3.097423481764441888e+01 2.790892993360716190e+01 3.837457756863132374e+01 3.781767359900157999e+01 2.703114596992793039e+01 2.155327417779651711e+01 2.663296082682281707e+01 2.746072156208942161e+01 2.330114860882466843e+01 1.435992091078096422e+01 2.447893887418723935e+01 1.899193121363516212e+01 2.130763427863902137e+01 2.385727758527160702e+01 3.404359022618208286e+01 4.269592780528192577e+01 4.717105727483025390e+01 5.001513195836133008e+01 4.590561029559614781e+01 4.468931828840403142e+01 4.058562188630953216e+01 3.351053253356266026e+01 2.815568526503950864e+01 1.837928312011118592e+01 2.616029944241486760e+01 2.480828768170716003e+01 2.099423362038921681e+01 1.181601718150601954e+01 1.993556424930291371e+01 2.643792511485720453e+01 2.759362869550216502e+01 2.575300834616376733e+01 3.564802643799827564e+01 4.511568695590082712e+01 4.109060141726131832e+01 4.251173924025640360e+01
2.817435405487530176e+01 3.520945833444341844e+01 3.837457519332973988e+01 4.251046359138997133e+01 4.163968530298753734e+01 3.628985964453690372e+01 2.663299865131579480e+01 1.623258675571534582e+01 2.216251839724266048e+01 1.308440149336519731e+01 2.329886962073834766e+01 2.855131501331401367e+01 2.915940254724315395e+01 3.149700498768455148e+01 3.109132171503140896e+01 2.844900203271300398e+01 3.301945532861681443e+01 4.014420545557972986e+01 5.009912172316223433e+01 4.711776620498282853e+01 4.263734510715035242e+01 3.850186004827201458e+01 3.150090816027445584e+01 2.174799128834487405e+01 2.815568526503950864e+01 3.225270662555330148e+01 2.745511142838381957e+01 2.007055951405697769e+01 1.181601718150601954e+01 1.331986800403293003e+01 2.285102423642233660e+01 2.794488227933065616e+01 3.567141812144620872e+01 3.630336403469056705e+01 3.939265320962002193e+01 3.080358679278495870e+01 3.214833712074314320e+01
