output/example_1/elevation_000219.asc
nrows	75
cellsize	13.33333333
xllcorner	0
ncols	75
yllcorner	0
NODATA_value	-9999
[rows 17 to 33 of 75, columns 0 to 36 of 75]
1.309999999999999880e-02 1.001309999999996236e+01 1.795972493998043973e+01 2.178030736947730972e+01 1.581846097573039955e+01 1.299641828411081335e+01 1.299630916593645402e+01 2.003103997083180943e+01 1.701613912869498790e+01 8.386737917927860053e+00 1.714287340717806529e+01 1.696908725422160202e+01 9.197357882010912533e+00 4.435456623629764117e+00 1.457078431355404646e+01 1.265790241032614993e+01 1.132528646035817665e+01 1.890659705005219493e+01 2.274434014941640569e+01 2.694452830384086184e+01 3.252946620602151739e+01 2.518218124005959524e+01 3.000296181998929512e+01 2.130700270888666026e+01 2.130448464479058757e+01 3.169813393139477853e+01 2.904874232381871124e+01 1.945058946563276692e+01 2.612821624612269034e+01 3.609985823978981045e+01 3.143572336612927387e+01 2.146719621344186635e+01 2.766797425418559797e+01 2.631922775819971960e+01 3.361024314731316309e+01 2.853775743064478831e+01 2.440452731927316776e+01
1.379999999999999977e-02 5.013533550057275079e+00 1.207675780414463951e+01 2.202039425681546803e+01 2.544255872662718332e+01 2.263148556870497785e+01 2.262845643339620949e+01 2.262845690557589151e+01 2.217898617052372501e+01 1.187181013257406370e+01 2.217898617049774757e+01 1.942340554697697641e+01 1.879310194013558544e+01 1.457078013852389908e+01 5.357077091148677361e+00 5.357077091148677361e+00 5.357077091148677361e+00 8.600110719462062292e+00 1.259062631488678008e+01 1.978796325035324699e+01 2.988166535625098064e+01 3.564355948316919864e+01 3.600228617147138266e+01 3.174782202488503202e+01 2.730371831110197434e+01 3.591374934614599823e+01 3.199686328823940329e+01 2.221938597539201155e+01 2.721417846926505746e+01 3.721216164861713338e+01 3.454681078682170181e+01 2.422850112239033749e+01 3.454681078682169471e+01 3.661812389320696326e+01 3.898879853869281220e+01 2.893267719996138609e+01 2.204156523520294542e+01
1.379999999999999977e-02 1.001378738283513670e+01 1.909724571956656547e+01 2.115192580688762902e+01 2.529457031346258233e+01 2.562850217230756300e+01 2.977043187230243859e+01 3.221657487986271207e+01 2.648719030461235491e+01 1.773078808216963864e+01 2.648719027276577975e+01 2.958208391511796620e+01 2.524461470921643524e+01 1.986413318871486666e+01 1.564739963557975422e+01 6.094980998149551077e+00 1.564739990224642519e+01 1.890659705005223046e+01 2.274434014940648296e+01 2.694452830011674394e+01 3.206784654815481161e+01 3.627086071261271627e+01 3.509054492007499704e+01 3.932511920593330501e+01 3.760407881601701519e+01 4.168928365846024064e+01 3.533454317085279683e+01 2.532150508037774372e+01 3.533454317085278973e+01 4.141939440162297359e+01 3.829239743711485033e+01 2.769827855733851862e+01 3.829239743711485033e+01 4.035216651538723198e+01 3.611882301722921085e+01 3.118820648351077551e+01 2.700123250122202023e+01
1.290000000000000001e-02 1.001289999999996283e+01 1.352135747602715199e+01 1.115189959122217189e+01 1.746354200556863034e+01 1.562850684344548569e+01 2.320780904835398317e+01 2.674334465779561043e+01 3.088553202358654914e+01 2.825914062233041690e+01 3.252821438786057939e+01 2.818952390332153968e+01 1.808514275148490569e+01 1.081045063137752749e+01 6.094980998149551077e+00 6.094980998149551077e+00 1.646777485196769675e+01 2.168807715791912472e+01 2.631750151646946279e+01 2.498629106580237291e+01 2.205519899028064401e+01 3.206784654766946119e+01 2.517181262627334704e+01 3.344074516248737439e+01 3.746485636527560104e+01 4.146000025589238192e+01 3.955267409019415936e+01 3.533454317085280394e+01 3.234475015090964689e+01 4.255255108652573171e+01 4.258676990415937524e+01 3.379702602714786508e+01 4.258676990415645491e+01 3.611884461723788320e+01 2.601900998607880311e+01 2.701721086160636176e+01 1.732590437688279650e+01
1.290000000000000001e-02 1.753676559556977876e+00 3.521443512523345643e+00 5.378396894293861585e+00 7.463541034864606516e+00 1.004552993233620839e+01 1.320780759250457592e+01 1.674334149843716446e+01 2.251684419196860887e+01 3.251685166316424613e+01 3.533088216437151630e+01 3.027239396728411336e+01 2.524467719473074112e+01 1.877904186071848969e+01 8.442741568018211851e+00 6.094980998149551077e+00 6.981486031563686190e+00 1.744077402957099565e+01 1.665021930602574685e+01 1.497256600219869149e+01 2.498782901237344234e+01 2.363874015694691266e+01 1.955579706081419644e+01 2.929016548920615293e+01 2.932631394862274021e+01 3.399913501080248324e+01 3.731701331720344683e+01 4.150391870631801794e+01 4.255254954343132567e+01 4.676073045310644005e+01 4.865079617324786199e+01 4.443318898257602001e+01 4.265572995437786830e+01 3.542544068076291808e+01 2.897604727391634682e+01 1.927402180821262689e+01 2.701721086026659790e+01
1.309999999999999880e-02 1.001309999999996236e+01 1.352144356336532560e+01 1.244946471215238226e+01 1.323704372691628173e+01 2.004553123573122164e+01 1.821049585531293502e+01 2.674334465779561043e+01 3.088553202358654914e+01 3.665907253836580537e+01 3.110448811974032424e+01 2.102331693056503426e+01 1.600400011048984084e+01 1.210825331040551056e+01 1.877904186107352658e+01 1.727013574685064867e+01 1.744077402967742429e+01 8.328584377343011269e+00 9.356656044020839502e+00 1.837665555631816616e+01 2.205463375390172942e+01 1.387489976887950682e+01 2.363872172522228254e+01 2.847212709517382123e+01 2.508881264119754206e+01 2.488666357969729503e+01 2.794785937663032982e+01 3.313403304204974376e+01 4.305518736080814790e+01 5.034576643436416532e+01 4.571772438253075421e+01 4.199943160901710826e+01 3.790737397129442598e+01 2.819515140715580870e+01 2.139721395156487560e+01 2.473051055573970558e+01 3.318105262609581274e+01
1.349999999999999985e-02 7.084567811865484899e+00 1.708456781186555062e+01 2.244946730836182169e+01 2.323704602325895507e+01 2.737922033586578507e+01 2.821050233854658629e+01 3.235269585809766113e+01 3.165452847004170422e+01 3.460704677425678000e+01 3.533088216405433712e+01 3.027239396740202437e+01 2.561490014998117815e+01 1.555505013145040749e+01 2.561490014998115328e+01 2.333646165394323546e+01 1.310547251279477088e+01 1.876102421489949634e+01 1.973861542203182395e+01 1.092220439583169522e+01 1.216422654147313054e+01 2.228821495785403783e+01 1.559955103192871206e+01 2.320731520944652715e+01 2.079568534290431714e+01 3.124123423070480499e+01 3.731701331720344683e+01 4.150391870631447944e+01 4.721902172165202671e+01 4.596304607072195125e+01 3.698845262112503463e+01 3.175017502886399967e+01 3.365089994010936181e+01 2.365998300167387569e+01 2.818796815039765136e+01 3.477555828364524615e+01 3.901106482433751665e+01
1.349999999999999985e-02 7.084567811865461806e+00 1.708456781186539075e+01 2.050227167246495341e+01 2.342793032050057533e+01 2.495472461359905125e+01 2.909826667856416904e+01 2.873153199219435550e+01 2.162188643450890524e+01 2.456037925349925644e+01 2.629179625309900104e+01 3.046730427402272667e+01 2.982168289435795572e+01 2.057710990819787256e+01 2.982168289432841490e+01 2.693850757418881159e+01 1.675038318878381460e+01 2.693850757418881159e+01 2.196757693570293313e+01 1.092220439583169522e+01 2.136474616466187726e+01 2.650958856824669141e+01 2.532430680731302530e+01 1.734533050516381536e+01 2.715144787093762702e+01 3.290203294042436966e+01 3.684575516806805240e+01 4.119526295376821423e+01 4.702477574319998155e+01 5.027500764381185405e+01 4.565349095477337471e+01 3.700662568948080633e+01 2.671287947295774146e+01 2.648691207370900713e+01 3.666354418676552029e+01 4.244502048205280431e+01 4.339694024387861759e+01
1.359999999999999924e-02 1.001359999999996298e+01 1.769293776608826718e+01 1.074391252854081458e+01 1.360206179613424560e+01 1.492692267948986284e+01 2.495465928301615222e+01 2.456034697914234854e+01 1.453830732317061880e+01 1.920333806840678648e+01 1.626720376991735151e+01 2.629179460852563111e+01 3.487770774533201745e+01 3.065269039176290278e+01 3.487770774638724447e+01 3.119067534662564256e+01 2.260852096166555825e+01 3.119067534642332618e+01 2.486090498812484739e+01 1.346324850321213340e+01 2.011384513330558121e+01 3.143759850520834576e+01 3.125711972940649730e+01 2.715144786947279698e+01 1.950539491468757447e+01 2.637723529730336125e+01 2.750557368481161902e+01 3.274544396006347569e+01 4.272323652160157081e+01 5.081978112035676531e+01 4.123273839799619367e+01 3.391676175837801566e+01 3.119463606130627298e+01 3.054159673558648080e+01 3.474570683226964718e+01 4.479015816491811819e+01 4.382088976927771284e+01
1.369999999999999864e-02 1.001369999988591353e+01 1.197686438303854750e+01 4.811213097886184897e+00 7.751257831937057752e+00 1.450165092981225357e+01 1.866952246400390436e+01 2.336702680478312288e+01 1.920333494723273304e+01 9.170567340318131144e+00 1.626720360328321746e+01 2.629172534187149068e+01 3.205373924670989538e+01 3.315465294268204133e+01 3.734477754521847714e+01 3.711148605207311846e+01 3.285337928494273996e+01 3.048275778446290829e+01 1.858133402308338589e+01 2.487237872829802043e+01 2.359293623094796644e+01 3.599681030917923152e+01 3.844939276041352372e+01 3.042639259607201296e+01 2.190029122172476050e+01 2.241559648123716642e+01 3.343444997788325423e+01 3.915863801821716095e+01 4.364698468246137253e+01 4.879693102788367298e+01 4.796690349647180796e+01 3.965128397490281742e+01 4.148846397505040784e+01 3.572058241774644216e+01 4.440308844989920090e+01 4.876507712226004543e+01 4.808409841814645347e+01
1.290000000000000001e-02 9.934632249560603201e-01 1.978659078197529952e+00 1.978659078197529952e+00 3.078850432648192026e+00 4.261959389081300564e+00 1.450165981223547895e+01 1.735615210384142060e+01 9.170567340318131144e+00 1.074682363952002007e+01 2.076844611530436069e+01 2.496084432668132536e+01 2.202287201677423312e+01 2.311932869658232192e+01 3.074240611258209555e+01 3.076964593782471624e+01 4.054513678683883882e+01 3.522975438555736361e+01 2.540130392279309746e+01 2.830755669640783623e+01 3.646720639547763199e+01 3.948565829522326709e+01 3.150850354298443179e+01 2.529572925164592334e+01 2.190029122172476050e+01 2.740286489659578351e+01 2.578522128998112706e+01 2.912409585669567136e+01 3.390774461966611852e+01 4.457869551770893679e+01 5.330374841678414555e+01 4.946978370576681527e+01 4.932375364056657929e+01 4.553923084644626584e+01 4.923335632604845102e+01 4.949101857636807011e+01 4.909300256696106857e+01
1.379999999999999977e-02 1.001374629391789917e+01 9.375365790240733688e+00 1.299180769398623347e+01 5.081561194702291395e+00 1.358761606750181627e+01 6.028606197185038873e+00 7.279947968962202864e+00 1.735615212447642719e+01 2.076845005387716014e+01 1.304725125695758692e+01 1.494050831791239631e+01 1.494050831791239631e+01 1.753542072542672869e+01 2.173825826353990820e+01 3.076964593782497204e+01 3.985353405298939578e+01 4.201038219722703815e+01 3.742415284766239836e+01 4.016114842817208341e+01 4.468418285501229548e+01 4.397353360713142223e+01 3.370326282263611972e+01 3.432749506961572195e+01 2.633578221466138558e+01 3.360980973078662970e+01 3.189856645213193431e+01 3.245638410743772795e+01 4.304491160049107634e+01 4.912531804220650855e+01 4.744352980316904222e+01 4.487750321790323937e+01 4.911854395829927000e+01 4.773400218134622719e+01 4.368015644592613000e+01 3.951680353159777326e+01 4.409708581642470193e+01
1.359999999999999924e-02 1.001359999999996298e+01 1.700674304631052181e+01 1.772682223754438624e+01 1.089244252034259119e+01 1.190743922791590492e+01 1.616859256662627331e+01 1.049940452154511661e+01 2.052712544382105619e+01 2.723533148983670316e+01 2.306717924549239029e+01 1.840128256489936120e+01 2.496084500724052546e+01 2.169590048702425022e+01 2.173935029646164807e+01 2.532051452771168698e+01 3.128100402571732985e+01 4.153767956037430054e+01 4.511007279362478783e+01 4.067125449963551631e+01 3.923934146699427572e+01 4.369865600634358316e+01 4.403075473677520080e+01 4.129313206790993718e+01 3.379107289453980201e+01 4.129313206790990876e+01 4.070533423845158438e+01 4.280150932185078716e+01 4.752866341272557094e+01 4.452371331051243430e+01 3.735626356309108331e+01 3.485347871990761348e+01 4.329485546137040330e+01 4.370048494408190720e+01 3.380579726905597937e+01 3.252385621779671965e+01 3.906284368119654715e+01
1.359999999999999924e-02 3.871554924093073780e+00 8.963070302796268152e+00 1.589990904696404073e+01 2.125851332607625110e+01 1.898261343628728071e+01 2.469197855186350310e+01 1.629088849937900463e+01 1.759072590047319551e+01 2.761622104788409260e+01 2.842517522920880424e+01 2.548425290432103196e+01 2.842517522920880424e+01 2.722719754000169701e+01 3.363619790644966656e+01 3.556311997867886276e+01 3.985353405298939578e+01 4.576770493274455021e+01 4.067125449963550921e+01 2.965003546695230341e+01 2.822130610666469863e+01 3.738000144917542400e+01 3.975678989160229548e+01 4.419663520088184328e+01 4.444024134783157365e+01 4.518770902763052533e+01 4.093940358464062257e+01 4.518770902763110797e+01 4.537769089093338692e+01 3.536328994757647592e+01 3.041582445036371851e+01 2.922983808142376461e+01 3.884710643632188010e+01 4.334378891305809844e+01 3.671419819321300082e+01 2.690727037163581770e+01 2.920765532134129217e+01
1.319999999999999993e-02 1.001319999999996213e+01 1.801359237207082487e+01 2.281346946627443018e+01 2.925023949384333477e+01 2.994871646535165510e+01 3.048787518935892393e+01 2.631393274846184127e+01 2.761622104788409260e+01 3.179323120325382135e+01 3.848376796545481682e+01 3.552518979183869163e+01 3.848376796545481682e+01 3.713280423006305142e+01 4.132595235055585903e+01 4.174995420350514053e+01 3.749852566814861632e+01 4.174995420350514053e+01 3.956884177719452111e+01 3.287807578468286351e+01 2.218823454505170290e+01 3.201916729909711989e+01 2.881414256785560468e+01 3.975679029687903210e+01 4.480941514622009691e+01 4.005158976004883442e+01 3.066056997527114447e+01 4.005158976004883442e+01 4.239989672921640818e+01 3.244863200207235820e+01 2.553278869397691153e+01 2.485543025378473914e+01 2.915651553826623044e+01 3.911332051857159087e+01 3.906515526009303585e+01 2.920766829318095859e+01 2.225652532814675766e+01
1.019999999999999900e-02 5.783702691896265513e+00 1.285477050376176322e+01 2.285477050376183072e+01 2.505526205882184954e+01 2.851027257801672832e+01 3.344954305315592080e+01 3.310520112936460180e+01 2.895798295143809398e+01 3.310520416106216857e+01 3.664120839414734121e+01 3.687432270422830527e+01 4.102091020527538490e+01 4.334453381685784734e+01 3.909742823193414551e+01 3.664057579978748436e+01 2.729844973583775314e+01 3.664057579978748436e+01 3.510406413662291669e+01 2.437851266758664437e+01 1.904708879949339817e+01 2.140692791537970407e+01 3.201916989620374210e+01 4.060237369154901188e+01 4.056779639716108932e+01 3.032787668280363746e+01 2.563726625917026425e+01 3.579998677995587997e+01 4.196855801973840983e+01 3.953581748292332065e+01 3.096695613674240732e+01 2.101445797794363202e+01 2.796552032921836783e+01 3.210038211841522582e+01 3.744099163723511481e+01 3.619000190808641548e+01 2.931297189629417943e+01
7.249999999999999500e-03 1.000724999999996356e+01 1.538271629399545759e+01 2.353043427119014552e+01 1.520465528635642904e+01 1.941539999441692643e+01 2.615471511346934719e+01 2.807779391477479081e+01 1.889425258535235841e+01 2.662376878112283762e+01 2.662376880004894986e+01 2.686899951940034015e+01 3.687432270422830527e+01 3.909742823193414551e+01 2.887628031120282301e+01 3.186998522567423464e+01 2.231939240175589845e+01 3.239848770199316874e+01 3.619320203105581157e+01 2.634668807125931878e+01 1.608637583750779854e+01 2.634668785588294071e+01 3.172489446705660754e+01 2.972971655681886105e+01 4.060237369154901188e+01 3.220692248218028197e+01 2.213799251144937230e+01 2.754591063107278970e+01 3.772770154114588337e+01 4.069985541191791611e+01 3.077575803133379040e+01 2.378043083840654148e+01 1.776918260902658631e+01 2.243484173532711878e+01 3.039099495738333090e+01 3.430616586804981694e+01 2.454685697424933721e+01
