output/example_1/elevation_000367.asc
nrows	75
cellsize	13.33333333
xllcorner	0
ncols	75
yllcorner	0
NODATA_value	-9999
[rows 17 to 33 of 75, columns 0 to 36 of 75]
1.309999999999999880e-02 1.001309999999996236e+01 1.027998328066615130e+01 7.982907029374787911e+00 9.509458603794905818e-01 1.226814808653843736e+00 1.504917310257215979e+00 1.504917310257215979e+00 1.783677003921337434e+00 2.065642713085007021e+00 2.347432269723994658e+00 1.090727527526832574e+01 1.206436487010948966e+01 8.220266325322862500e+00 1.318651625196653931e+01 7.588627538608570866e+00 1.285347300136669091e+01 4.365755245114320893e+00 1.439514649515298395e+01 1.478738454857130691e+01 1.807230589453958203e+01 2.434434685959320888e+01 2.815047182568640949e+01 2.234176420176451572e+01 1.123782659177619081e+01 1.856128789546521674e+01 2.031411415315622904e+01 1.511464258629900748e+01 2.546505295406548441e+01 2.714843763618921813e+01 1.759587105919994698e+01 2.307588737642356946e+01 1.779062356103962728e+01 2.742899260548206186e+01 3.576630106801078313e+01 2.545480116569175877e+01 1.961885593089745683e+01
1.379999999999999977e-02 2.872854943722080168e-01 2.872854943722080168e-01 5.616962776797655987e-01 8.672054748867664031e+00 2.667846401979594440e+00 5.851597346458793147e+00 6.154728882732042550e+00 3.662626782068768794e+00 9.799961841437657029e+00 1.196702768445418563e+01 2.753476737644946937e+00 3.040642373251170039e+00 3.328738213406470692e+00 3.617777807627101883e+00 3.907744134074479625e+00 3.907744134074479625e+00 1.366963273285346503e+01 4.365755245114320893e+00 2.432170940274476933e+01 2.642809886490308813e+01 2.227527210559634696e+01 2.642863224008386780e+01 2.790381249126603080e+01 1.830976390037902846e+01 2.815397770146708467e+01 2.968668316748745895e+01 2.027122031548608305e+01 2.968668316746844482e+01 3.038358057473522678e+01 2.068055169572374652e+01 3.038358054568308120e+01 2.130828265195375693e+01 3.123918363524677488e+01 3.992604072534724224e+01 3.400164466970882415e+01 2.815626331750845424e+01
1.379999999999999977e-02 1.001379999999996251e+01 2.872854943722080168e-01 1.028600661928115301e+01 6.584893061650685553e+00 1.545204108280046462e+01 9.509632962532629463e+00 1.509027842317707702e+01 1.391376131251675297e+01 6.234751721083924281e+00 1.580242416627112512e+01 1.353281520909325231e+01 5.461252117674662898e+00 1.355983048412303837e+01 6.559678791133808140e+00 1.206820879022680870e+01 1.396614820501803500e+01 4.861629888256252308e+00 1.492124359510845899e+01 2.010307559278371414e+01 1.694906223411869561e+01 1.221798738659475170e+01 1.925161231716412402e+01 2.893927518607512894e+01 3.265720464288744296e+01 3.628524263949599060e+01 3.483617080830693169e+01 3.066387418055884240e+01 3.483617082182188796e+01 3.449885337487378933e+01 2.542299136955084649e+01 3.449884992586058274e+01 2.615098650458007512e+01 3.565489230777592411e+01 4.161780276219292318e+01 3.240273151950997033e+01 2.240162171994161611e+01
1.290000000000000001e-02 1.001289999999996283e+01 6.060787744212521311e+00 1.442215453104240730e+01 1.239903721843013429e+01 2.088966767698992300e+01 1.739710449754089083e+01 2.458767805052224276e+01 1.794816219240978938e+01 8.144245013519599397e+00 1.794816194622316985e+01 2.158354907004310519e+01 1.273395951254672553e+01 1.684505686767148447e+01 2.100764732767925480e+01 1.802052168455987058e+01 8.104563023596952576e+00 1.492154994709873073e+01 5.865607825950354126e+00 1.592854391735795794e+01 6.881143722571906096e+00 1.694906223405060430e+01 2.642843883240078284e+01 2.798511100337168145e+01 3.055206937617487739e+01 3.005114752349352614e+01 3.527510352967840390e+01 3.706792314980417302e+01 3.999123026703129113e+01 3.946260720390439758e+01 3.534416980846366840e+01 3.946260746394597163e+01 3.359257802403442383e+01 4.100217396546053550e+01 3.746617240576160413e+01 2.718557001449151755e+01 3.240273151746743707e+01
1.290000000000000001e-02 1.001289999999996283e+01 1.606081013712609362e+01 2.020276093203598577e+01 2.267725516342302328e+01 2.691042649517333984e+01 2.763444585651619434e+01 2.597571481357568146e+01 1.592674841845574996e+01 1.029475720084428225e+01 2.018355609142895091e+01 2.831284575573585371e+01 2.517183382342118847e+01 2.855460232009768617e+01 2.175635394931186894e+01 1.164178196855030301e+01 1.819193599821546314e+01 2.012114025014498253e+01 1.564833720122179272e+01 6.881143722571906096e+00 1.694905202374626896e+01 1.947464690048302316e+01 2.096106001076040926e+01 1.815260459690704664e+01 2.412341180942510377e+01 2.145856368822723681e+01 2.784702929697173346e+01 2.699787881493815433e+01 2.994449538237506658e+01 3.978426595274665800e+01 4.230924819159159256e+01 4.642343392570615634e+01 4.491176783212421242e+01 4.452573353910018739e+01 3.453384490204633295e+01 3.755613536236342043e+01 3.673428607909050214e+01
1.309999999999999880e-02 1.001309999999996236e+01 1.468655441736542855e+01 1.736846583335450589e+01 2.039573295652959573e+01 2.394834724053566077e+01 2.810555500053980538e+01 3.015940285708249746e+01 2.436537013123285078e+01 1.722858962118700887e+01 1.433891211040035785e+01 1.999249518365591172e+01 3.015141960731909876e+01 3.164802781090844164e+01 2.152642554433791133e+01 1.433421176415612663e+01 2.440844775906986897e+01 1.802365220561350156e+01 6.881143722571906096e+00 1.694899011817961920e+01 7.947200451297183221e+00 9.377958376889992564e+00 1.083628454817085007e+01 1.235212378470593819e+01 1.398338601326165787e+01 1.573070195164597607e+01 1.774290975796490955e+01 1.987464762557415554e+01 2.569091376543035210e+01 3.572460735055840075e+01 3.223830981893118519e+01 3.807402777502562685e+01 4.809448836998111432e+01 4.850795411248439848e+01 4.470116330769859303e+01 3.967911926878031181e+01 3.239024781451412593e+01
1.349999999999999985e-02 2.307655076697081586e+00 4.664693832195066392e+00 7.337714022032141514e+00 1.035542568098724381e+01 1.390003663589217098e+01 1.970133545214311255e+01 2.974987323365184722e+01 3.150200402869893068e+01 2.242073648325711588e+01 1.999249518362986322e+01 2.847729317888642697e+01 3.433112267416058216e+01 3.091239901849690241e+01 2.077042092708493826e+01 1.942404666075086439e+01 2.863123420579789169e+01 2.288266244939299909e+01 1.284873662373354897e+01 1.780747502124843962e+01 8.832164935449831944e+00 1.271696268168538602e+01 2.076475873027476737e+01 2.249787151495766935e+01 2.117740394065651444e+01 2.082365274827400370e+01 2.784703201559080554e+01 2.699727053466767401e+01 2.383023891508184278e+01 2.685533213936504282e+01 3.692613885413420149e+01 4.642343392570615634e+01 5.218171267057930862e+01 4.895042258342106578e+01 3.869664006000301271e+01 3.117309647861468136e+01 2.517174270912395784e+01
1.349999999999999985e-02 1.001349999999996321e+01 1.166753595938869914e+01 1.735732348741624875e+01 2.039573185473177475e+01 2.394834724053566077e+01 2.810555500053980538e+01 3.390360882619826555e+01 3.675045819775372280e+01 3.258633786485498263e+01 3.015141605390512680e+01 3.433093790819829394e+01 4.030694765060314921e+01 3.507954667131686222e+01 2.795150545013066079e+01 2.660926433026416404e+01 3.374273021997306898e+01 2.954751479449112850e+01 2.404982116816620774e+01 1.983147043087190298e+01 9.724451423431826669e+00 1.979931842938289677e+01 2.109772595076564627e+01 3.140257276088372862e+01 3.128158004222643029e+01 3.090725523535797592e+01 3.090725523535797592e+01 3.704909473168461176e+01 3.391859604724293575e+01 3.692613885413420860e+01 4.106247803959072229e+01 4.685188870063802824e+01 5.096641342118098095e+01 4.787787730697582589e+01 3.757670074928341108e+01 3.004157520170408091e+01 2.904589699278486847e+01
1.359999999999999924e-02 7.207988923623990907e+00 1.775793237428259275e+01 2.498323208317430044e+01 2.460199438576588449e+01 2.873550582493512806e+01 3.411705396242922461e+01 2.990366606190794485e+01 3.411705389928209087e+01 3.878943755268646498e+01 3.586364674726024049e+01 3.531472906872082973e+01 3.032251048734090659e+01 3.738450694885830217e+01 3.806062842798991852e+01 3.672485102300402815e+01 3.541522033403028757e+01 3.125679353140277783e+01 2.237240230608351865e+01 1.224176591944761050e+01 1.983785887955344407e+01 1.121831433152257240e+01 2.138238740580920805e+01 2.717327536842564228e+01 3.182289220822198672e+01 3.599642600337781317e+01 4.096752490785539891e+01 3.804973753277610626e+01 3.863813116874003128e+01 4.261984567446308603e+01 3.972688804983243926e+01 3.677561614835163795e+01 4.685188870063802824e+01 4.787787730697582589e+01 3.757670074928341108e+01 3.757665952706585699e+01 3.665350707937403740e+01
1.369999999999999864e-02 1.001369999999996274e+01 1.487420919461711044e+01 1.753804158961821713e+01 1.462514877999810281e+01 2.458464305744091760e+01 2.911648557725312614e+01 1.997331764954875055e+01 2.911648802989006768e+01 2.880725785404298023e+01 2.588440587310136110e+01 2.533611576330484283e+01 2.327068344126346133e+01 2.902763514236661990e+01 3.901048613254476294e+01 3.707691131446247823e+01 2.699617160816791639e+01 2.115137298514283515e+01 1.730750103130043982e+01 1.443153812729711305e+01 1.846347803550994726e+01 2.138238740787472025e+01 1.278420963224504625e+01 2.298534047298318939e+01 2.167220795807759259e+01 3.181952938681633114e+01 3.493336628570927616e+01 2.782962086785556011e+01 2.861579182688449308e+01 3.519765593571243301e+01 2.961656083865326750e+01 3.546203704608893759e+01 4.555278286430162638e+01 5.188485484244844059e+01 4.787787730697582589e+01 4.787722716323051486e+01 4.751893704525410556e+01
1.290000000000000001e-02 1.012899999999998579e+00 1.101277934912467060e+01 7.557255636371992047e+00 1.647860719753106196e+01 2.359718084100244084e+01 2.005141054385644850e+01 1.516425773251677178e+01 2.493849185386639888e+01 2.847911497946481774e+01 1.882653694359845886e+01 1.827735110946705888e+01 2.825878393366866703e+01 3.738450694885830217e+01 4.314989566453601810e+01 4.122350477880103625e+01 3.541522033403028047e+01 2.780324031807039020e+01 1.772836307508242371e+01 2.453451846510671430e+01 2.772023906119298076e+01 2.717323547865824551e+01 2.298533838972287668e+01 1.442462642759727487e+01 2.464297565210381080e+01 2.799644958304479658e+01 2.801305557610726993e+01 2.064580999087129953e+01 2.277821628760784023e+01 2.510346467080950816e+01 3.520541226603995000e+01 4.387101478460519388e+01 4.967235127590864607e+01 5.050087985260320522e+01 4.641579718280377165e+01 5.050087985260320522e+01 5.270614115608893258e+01
1.379999999999999977e-02 1.001379999999996251e+01 2.448816317235471995e+00 3.474794669320624418e+00 1.347235745695692088e+01 1.611556349878348016e+01 1.026051806443370218e+01 1.854711406160290466e+01 1.989054280049546364e+01 2.125639085595746991e+01 1.433957705595170928e+01 2.434374377000829881e+01 3.239447130861169910e+01 3.848969040490260340e+01 3.872573238751223812e+01 3.858911787072639044e+01 2.852910880513118741e+01 2.141840143165233812e+01 2.780324031807039020e+01 3.196092586298328442e+01 3.759033805529224281e+01 2.754452984955660710e+01 2.167132218978155578e+01 1.739658828648487798e+01 1.640252060615332397e+01 1.783852775522716172e+01 1.783852775522716172e+01 2.126890366500423823e+01 3.138627624765099711e+01 3.520541226603995000e+01 3.149216690072032421e+01 3.864992958634631037e+01 4.870507490629924519e+01 4.558835755953575131e+01 3.660616854797087427e+01 4.558835755953575131e+01 4.287337155658013188e+01
1.359999999999999924e-02 1.001359999999996298e+01 1.244874474555973975e+01 1.347415188884809822e+01 5.008724657245131162e+00 6.113039944245671542e+00 7.238398566618263530e+00 8.521420886931315053e+00 9.842896791382225175e+00 1.121949843224938270e+01 1.360589205002899149e+01 2.361573318706345859e+01 2.422551064050800207e+01 3.049684131971562095e+01 2.864902039988757920e+01 3.872573238751223812e+01 3.465655477714938115e+01 2.459754268937109600e+01 3.147561585042709353e+01 4.152439146465018638e+01 4.163879869113156929e+01 3.210646507405721195e+01 2.198532505431408879e+01 2.758835008059339344e+01 2.660660404272852375e+01 2.172255040191189579e+01 2.801820739547073913e+01 2.505814296003320152e+01 2.669305249726858875e+01 3.677564577539973811e+01 4.159501346474435479e+01 4.573129017283306297e+01 4.209947115572828125e+01 3.801852198807657857e+01 3.163281141076307890e+01 4.151098286538732651e+01 4.214567036327019167e+01
1.359999999999999924e-02 7.084667811865462461e+00 1.708466781186539052e+01 1.915772766740708377e+01 1.501191217320700666e+01 1.611605659183463501e+01 1.134829914220547842e+01 1.857118334473033983e+01 1.696174335670566791e+01 2.125639084908852539e+01 1.533972645548874070e+01 1.716133812473974984e+01 1.716133812473974984e+01 2.049592580693844468e+01 2.625437100558647785e+01 3.629521729490545567e+01 3.880802997099426221e+01 3.040194713301990603e+01 3.170981260167036453e+01 4.177061974688721335e+01 3.922822420675749555e+01 2.915653590085211277e+01 2.784537373219157530e+01 3.625177751489949429e+01 3.600472845113234399e+01 2.679520716748093534e+01 3.600294786925166335e+01 3.090352315347031364e+01 3.677564521530416641e+01 3.383802361324648444e+01 4.386769304039793127e+01 4.498155121887748464e+01 3.513434084547854042e+01 2.802340048039960863e+01 2.802340048039960863e+01 3.448471139478611747e+01 3.223900266575677165e+01
1.319999999999999993e-02 1.001319999999996213e+01 1.618766740908653290e+01 2.033011934007158672e+01 2.480305649670490098e+01 2.551169309427812593e+01 1.715388873672387149e+01 2.551169203976437672e+01 2.696128935156770368e+01 2.947371676712615240e+01 2.533828511166831277e+01 2.006321231191331478e+01 2.716335155941391832e+01 2.716335141512369944e+01 3.471042653447001669e+01 4.054423729353833750e+01 4.460736090353600503e+01 4.046845677640003203e+01 4.177061973553535523e+01 4.590625902995183338e+01 4.334701912894686870e+01 3.922822420675749555e+01 3.792722413398220027e+01 4.205133553804751756e+01 4.104158289231210688e+01 3.689215067062460207e+01 4.104158289231210688e+01 4.097499085134202801e+01 4.509736351525236131e+01 4.386769304039793127e+01 4.793393723356400926e+01 4.760712076459021347e+01 4.209935510397450997e+01 3.801851944794345428e+01 3.448471049741188210e+01 2.436140216229549793e+01 2.504097282008429559e+01
1.019999999999999900e-02 3.025313445778889943e+00 6.187591106011906206e+00 1.065972712975950820e+01 1.773082473499342271e+01 2.773161387824624668e+01 2.714881721688801619e+01 3.127772517927358464e+01 3.401121164751732096e+01 3.813575266246073880e+01 3.417898752951597885e+01 2.582494839995428038e+01 2.711935078658917675e+01 3.710003593744706052e+01 4.148458157461558216e+01 4.363928768973754302e+01 3.947594353419828650e+01 4.363928768973705274e+01 4.420954108736995636e+01 4.346784565696558644e+01 4.216065243958357200e+01 4.631900572644052261e+01 4.221523460935590322e+01 3.805594744660247386e+01 4.221522582445584959e+01 4.152076091072263608e+01 3.732531586222123110e+01 4.152076091071455721e+01 4.013670344629678510e+01 4.432838163822474797e+01 5.036733342199340058e+01 4.077297488052182217e+01 3.411909643927855740e+01 2.926834575812194217e+01 3.215871839679918764e+01 2.199429577305422612e+01 3.216266764054029892e+01
7.249999999999999500e-03 1.000724999999996356e+01 1.618766740908259649e+01 2.033011933874350419e+01 2.480265518780418077e+01 2.560248622900318338e+01 2.970621411966424930e+01 2.696701252516496794e+01 2.404920971261005391e+01 3.401121164751732096e+01 3.994245219940307834e+01 3.580408075679530100e+01 3.710003593744706052e+01 4.123862427244279871e+01 4.441817945492375941e+01 3.860499129610058588e+01 2.940014721596375580e+01 3.860499129609869584e+01 3.413068684674666997e+01 3.338877142788664543e+01 3.208048303483606389e+01 4.050615317886215649e+01 3.717442989305119738e+01 2.795770079490316817e+01 3.717438421644773427e+01 3.645812414687299707e+01 2.720146176513514291e+01 3.645812414687161862e+01 3.003266780997146768e+01 3.773705540711150519e+01 4.099734588753808850e+01 4.604537153175634501e+01 4.308109456892507438e+01 3.353641139015604011e+01 2.343434260937545943e+01 2.047613549394736410e+01 2.876752942657074286e+01
