output/example_1/elevation_000292.asc
nrows	75
cellsize	13.33333333
xllcorner	0
ncols	75
yllcorner	0
NODATA_value	-9999
[rows 34 to 50 of 75, columns 37 to 73 of 75]
2.693242466137862223e+01 3.503840698584708235e+01 3.361437641823832934e+01 3.784748733499455398e+01 4.354326371606304491e+01 3.294362568123478496e+01 3.128713513228491294e+01 2.438721011791124837e+01 1.497187285939014600e+01 2.475754876514599800e+01 2.904501842460576100e+01 2.474926756531871064e+01 3.309925486668151251e+01 3.999983748305326969e+01 4.052553137312171572e+01 3.837077839841012405e+01 4.253003832966697928e+01 4.695213694548396433e+01 4.967468824946815431e+01 3.952141690018145681e+01 3.227830062566942360e+01 2.760665707056507401e+01 2.430328706567290098e+01 3.059946251978890785e+01 3.484744696491357985e+01 3.237696173687275092e+01 2.246488022973239751e+01 1.596231562009586469e+01 1.056443810070876665e+01 1.056443810070876665e+01 1.331031399127009074e+01 1.470953599985662663e+01 2.471947516129185729e+01 2.439964044927456399e+01 3.065606599095265139e+01 2.505126613162146398e+01 3.228077496942327684e+01
2.056727567948883362e+01 2.780290325623139580e+01 2.342833563260784047e+01 3.196094091500164325e+01 3.937936235146860042e+01 3.293601537003993940e+01 2.271061797078938937e+01 1.781105686253902931e+01 1.423103467192771809e+01 2.400816798197742585e+01 2.920271354147998366e+01 3.332138710638634649e+01 3.141175768820068370e+01 3.777471380381019372e+01 4.653838842312109136e+01 4.341377137441183720e+01 3.910935102383439954e+01 4.349572450466334317e+01 4.781499212197519455e+01 4.670834023665423729e+01 4.214516104693796450e+01 3.792608648575815522e+01 3.466279637522319490e+01 3.889425272213274098e+01 3.823661900657512547e+01 2.858033646228693314e+01 2.330491369132125357e+01 1.356302670890909567e+01 1.018456192668032045e+01 1.149788136158446328e+01 2.104884258977166667e+01 2.436770889603028678e+01 1.698237755933974924e+01 1.865786623919580478e+01 2.048219408216272086e+01 3.065697083072384999e+01 3.454702133113767815e+01
1.372222404131593798e+01 2.237307352926812243e+01 1.772460746237405260e+01 2.476229008909314544e+01 3.394071914081655450e+01 2.940019090120449263e+01 3.150501219059838220e+01 2.327906005118249055e+01 1.349053348061970681e+01 1.624552125008169412e+01 1.912700340343777228e+01 2.647135758563639740e+01 3.741427171588532730e+01 4.435919733599612869e+01 4.668813162847504117e+01 3.820588690189076431e+01 2.872255925659317910e+01 3.820588690189076431e+01 3.738519295398067754e+01 4.473487166280189342e+01 4.470325048923231748e+01 3.890068955064504053e+01 3.471393734189646096e+01 3.601433349750119106e+01 3.538025890582078858e+01 2.576377951317009973e+01 1.902639991372656070e+01 1.942541282840171846e+01 9.809542256437559615e+00 1.950852102887986561e+01 2.506346331671646865e+01 3.065540021112306235e+01 2.699714232110845913e+01 2.573138171286696974e+01 3.065697083056111794e+01 2.425491512264015270e+01 3.156140768360859994e+01
2.236719774354746448e+01 1.285386526947689845e+01 2.160080096284200479e+01 2.593770553037297688e+01 2.771644127948370340e+01 1.914502581417839622e+01 2.712446282666885011e+01 2.233570417477682568e+01 1.276371956546955388e+01 2.257610636586115405e+01 2.920302625902035842e+01 2.548870649691041024e+01 3.266826918180974104e+01 4.269615695387604859e+01 4.109621481299655699e+01 3.105261880465324609e+01 2.367655906641457619e+01 3.389026448573770267e+01 3.008395280552419493e+01 4.044001040387247770e+01 4.048402913051949525e+01 3.048993698828843790e+01 2.497152493727370981e+01 2.622064919942240024e+01 3.321413191163856027e+01 3.260882192287927950e+01 2.525716854470368844e+01 1.696181173945813114e+01 9.809542256437559615e+00 1.190016382088639979e+01 2.131354350504809858e+01 2.658041780893601924e+01 3.066559976064911908e+01 3.596540902206660917e+01 3.841890582705507740e+01 2.817486234946728274e+01 3.454702133113767815e+01
2.324433413489648359e+01 1.201203037772568649e+01 1.482092800115887599e+01 1.988291580482291820e+01 2.338398966445467053e+01 1.342400019802800060e+01 2.024362663090337122e+01 2.091736139480479295e+01 1.203171464520610812e+01 1.896159228236840377e+01 2.891187797271187421e+01 3.560536950927029665e+01 3.974800080224013499e+01 3.810127330918707855e+01 3.082174878245029248e+01 3.472864784156956119e+01 3.046763317098763935e+01 2.367655906641457619e+01 3.389026448573770267e+01 3.819993967658000855e+01 3.406311980417967789e+01 3.406311980419482666e+01 2.908915291753180554e+01 1.981868937061354430e+01 2.513621397922922895e+01 2.827149978165158117e+01 2.302893076204730960e+01 1.109620450318681684e+01 9.427834563317663452e+00 1.883095896181846385e+01 1.484897411974921511e+01 1.699079642726207595e+01 2.658041780893601924e+01 3.409933643402896308e+01 3.818345475115616239e+01 3.841890582876857962e+01 3.545028429029412109e+01
1.602233105125026569e+01 1.433190871749443751e+01 1.077687763973807122e+01 9.886479558886094310e+00 1.867178319794460606e+01 9.595920178220941565e+00 1.028902897379620818e+01 1.099227752000450309e+01 1.324770709114478784e+01 2.288141171793284911e+01 2.998056128229357853e+01 3.411347747610029302e+01 3.967885074855596628e+01 3.383107020972646239e+01 2.370771630694152421e+01 2.742831321522834642e+01 2.042941141209604083e+01 3.046763317098763935e+01 3.818278156326061179e+01 3.406311980417967789e+01 2.447528124911407588e+01 2.447528124911407588e+01 3.133761046001315265e+01 2.513621397922922895e+01 1.622126031486414988e+01 2.173779193834339196e+01 1.602981895424260372e+01 1.689717865711478595e+01 9.034916287558440118e+00 1.905719893692133127e+01 2.425438787880709057e+01 2.658041780892589045e+01 2.075475434602277858e+01 2.420039194813945471e+01 2.995735606685286712e+01 3.975738683756789271e+01 4.558579220850648284e+01
2.490417986709648090e+01 1.766977532426678721e+01 2.240622140065568857e+01 1.854712576563234094e+01 8.651772337413373037e+00 1.863760353816340753e+01 2.006020140378587868e+01 2.091757072382785410e+01 2.288140202644670396e+01 1.643670854185545949e+01 1.977131491166278465e+01 2.568393888804957470e+01 3.567328835883148486e+01 3.494657467537386708e+01 2.742834772714338953e+01 1.765963000667674265e+01 2.489615587105910421e+01 2.489751103643396490e+01 3.495347524886909696e+01 3.281092006379579828e+01 2.323713753731809462e+01 1.711244921995126234e+01 2.313118243826288634e+01 2.658649852874660979e+01 2.178461716527892378e+01 1.265026273116699684e+01 1.799595482982622485e+01 8.470105755087800503e+00 1.823445762280006477e+01 1.471419440160830483e+01 2.055496189856290457e+01 3.105344997099518167e+01 2.643194992726286685e+01 3.409933643402896308e+01 3.818345475115623344e+01 4.385862335808156587e+01 4.349546849518073088e+01
3.116971387728352028e+01 2.701925263599025939e+01 2.506525230133414794e+01 1.500430573311533067e+01 8.145462103561943223e+00 1.795971141030286589e+01 2.388977799718549022e+01 2.779711707860563763e+01 3.030423287547109723e+01 2.009369348938185595e+01 2.998059786696448725e+01 3.411347747609894299e+01 3.639688798943425496e+01 3.073040041381427301e+01 2.088289171518627185e+01 2.268897755534767313e+01 1.542826292195581850e+01 2.197271437429787611e+01 3.195922485980817740e+01 3.692611011650802055e+01 3.133761046284703156e+01 2.313118244210008356e+01 1.189977273485900788e+01 1.599017379957723861e+01 2.016471985702034431e+01 1.718662010252435124e+01 9.186863421328176571e+00 8.066907366776865373e+00 1.920170162309434758e+01 2.498816642720754899e+01 2.925719013849557726e+01 3.526089174622102007e+01 3.629255262577088104e+01 4.038329669055630688e+01 4.074017801800906113e+01 3.663028872005940428e+01 3.378663814908908591e+01
3.115404487807942857e+01 2.776287824534589532e+01 2.754790976613670850e+01 1.554356130968116290e+01 7.651738240464086793e+00 1.685805404871172897e+01 1.574653977831457752e+01 2.013862506223772542e+01 2.984467540372416039e+01 2.736525396330866755e+01 2.847495118509226941e+01 3.857097272701274449e+01 3.043202050645623302e+01 2.115622180663600460e+01 2.073765444628455512e+01 1.344906070602620929e+01 2.269015142725881162e+01 2.908720079860453822e+01 3.321194320190229377e+01 2.871864536434977211e+01 2.816961808748762408e+01 2.652846900196137980e+01 1.909083606846469650e+01 7.294063929828849879e+00 7.294063929828849879e+00 7.665984351736552682e+00 7.665984351736552682e+00 7.665984351736552682e+00 1.817833538551525052e+01 2.253604971267661128e+01 2.769468348034517646e+01 2.961295041230428282e+01 3.381312899820142093e+01 3.609060083110559702e+01 3.200172278169743123e+01 2.706598416535792140e+01 3.502310642925433370e+01
2.098043623669541091e+01 1.757762325099046308e+01 2.341964703506800660e+01 1.803398951685434071e+01 7.165325249451584888e+00 1.362494058218876880e+01 1.107133165997240454e+01 1.754582565434161623e+01 2.787142348917332058e+01 3.747935529264024268e+01 3.857097272701274449e+01 3.373584331469148623e+01 2.625129758567875271e+01 1.670138758509370192e+01 1.158860689139677902e+01 2.073765438739390632e+01 2.269015140230801464e+01 3.259740179735151600e+01 2.871864536434977211e+01 1.784244812729307128e+01 1.767543682337936417e+01 1.953512541375057054e+01 1.384385920978980167e+01 1.496903073065153755e+01 7.294063929828849879e+00 1.722182658849362014e+01 7.665984351736552682e+00 1.673939708040360941e+01 9.427083681563129147e+00 1.590268629725269989e+01 2.198828912938214231e+01 1.949382591706108059e+01 2.531432649725986650e+01 2.857455866231121888e+01 2.249223122629113192e+01 2.946160776729215058e+01 2.852976243977977688e+01
3.115436989027414327e+01 2.341996813808427547e+01 1.323586645254986571e+01 1.060130490193722608e+01 1.600013063980461681e+01 6.492205989661867349e+00 9.204381632542249392e+00 1.885988346438503171e+01 2.620937750748829842e+01 3.036999603829266547e+01 3.538616280679836734e+01 2.950306443715669857e+01 1.967242051693970240e+01 1.516226925948082460e+01 1.158860689139677902e+01 2.073765421520476693e+01 2.501926416767042483e+01 3.497026518114070370e+01 2.866188713377425046e+01 1.781190091849749990e+01 1.070267458443700725e+01 1.362939881234669670e+01 6.431892975740445273e+00 6.782565710215320287e+00 1.672287802334858497e+01 2.033298020588530974e+01 1.730090493186158440e+01 1.318763277839720871e+01 1.782878934934297632e+01 1.115544773579501303e+01 1.249287295535386200e+01 1.385493301468924443e+01 1.529657647910898532e+01 2.251870197258298845e+01 1.987951799402007325e+01 1.987951799402007325e+01 2.649534036082008015e+01
2.762147932905758196e+01 2.334181554042223539e+01 2.341988630476991773e+01 1.966316924554794809e+01 1.323377898985283707e+01 6.017658126725766721e+00 1.592236497689656183e+01 1.332611976736932746e+01 1.645151770198879859e+01 2.119820611340170657e+01 3.122055179195465513e+01 3.370771716129462447e+01 2.862680404748281759e+01 1.956325209904741769e+01 1.038625980922808623e+01 1.556696534626187756e+01 2.394434391923315530e+01 2.502972859331304534e+01 2.118060422949640653e+01 1.878796982942042604e+01 1.264140549795130219e+01 5.944234263169974497e+00 1.086635179157284448e+01 8.974379365636973915e+00 1.388766268382873470e+01 2.143311650810873559e+01 2.515507120226537907e+01 1.701781451580847460e+01 2.134004998675266052e+01 1.380307709271512628e+01 2.234124497831406941e+01 2.080689341969463158e+01 2.492795610942434337e+01 1.741653904256729746e+01 2.691821928015017562e+01 2.946160776730381770e+01 2.519641439316980325e+01
1.826495599017331983e+01 1.332810986389479346e+01 1.833144254690490271e+01 1.889763907220654815e+01 1.477295634408080360e+01 5.521177089534913485e+00 1.546096114203381511e+01 2.295675718322595671e+01 2.620937751218955469e+01 3.036999603829266547e+01 3.538632400862330485e+01 3.399992161619226039e+01 2.514555437786295400e+01 1.565851485501654672e+01 9.179650873358726315e+00 1.686876025494079556e+01 1.526864236864368074e+01 1.982958287653077889e+01 5.088647753124458717e+00 1.333256728383363310e+01 5.486174838519083607e+00 1.348663244014314166e+01 1.496244359136213831e+01 1.170314179729673931e+01 1.983753021118712923e+01 2.632956023676799617e+01 3.008579592456821672e+01 2.305641381352877062e+01 2.620139327714026578e+01 1.663295843551449593e+01 2.673466371820283882e+01 3.092586440034827078e+01 3.101350301313278024e+01 2.146770425672128013e+01 2.390559582648604220e+01 3.460079259248134065e+01 3.094976441885611607e+01
2.759036965809861996e+01 1.833115222216714457e+01 8.384318066614500964e+00 1.411126723353274848e+01 4.777193980608625878e+00 1.478031940354807006e+01 1.918517772088578255e+01 2.079448250862996517e+01 3.207419285747000970e+01 3.265751024617970444e+01 2.873423753969681727e+01 2.488577551866761439e+01 2.803826548557913867e+01 1.843122891329369395e+01 1.687048915938789762e+01 7.487353074056326996e+00 1.536950739490642626e+01 1.754032089423488472e+01 1.438379325048968838e+01 5.088647753124458717e+00 1.464689225140423368e+01 1.046730536996833116e+01 1.952842885534628437e+01 2.025157375638174884e+01 1.645629679545655222e+01 2.124773365841313222e+01 3.115733914388808401e+01 3.368670858660286882e+01 3.098786464845457900e+01 2.239379720477142044e+01 2.313097952393209766e+01 3.051758611175457148e+01 3.700965660274606961e+01 2.841044950590647389e+01 3.460079259248134065e+01 3.932193898195018988e+01 4.135100433025579747e+01
2.479756639363610304e+01 1.383657294388262038e+01 1.132827439534617575e+01 4.021206237364905789e+00 1.403797432953881419e+01 4.777193980608625878e+00 9.233728570690077575e+00 1.742799765762225661e+01 2.892189589345636236e+01 2.873423754062591939e+01 1.984142746016235392e+01 1.870777290486784850e+01 2.624946853967026072e+01 2.483673131582413873e+01 2.085476442554189802e+01 1.536780215793121052e+01 5.880788126956745465e+00 1.124652604551211432e+01 4.725995952044180548e+00 1.451742669157329857e+01 1.495886197782281357e+01 1.689293341935767145e+01 1.702732565742765303e+01 2.656317653123466371e+01 2.543602574928612725e+01 2.971437010691460401e+01 3.555548522390991195e+01 4.202162091093610030e+01 3.706227962511371032e+01 3.270710815490502910e+01 3.298360826976237803e+01 3.715754282551407783e+01 4.331924420663893471e+01 4.271103426457106877e+01 4.406226991043169505e+01 4.469509903886485347e+01 4.463219807983336551e+01
2.241745438887914688e+01 1.438777520654662823e+01 3.375664397402112549e+00 1.132376537776262104e+01 1.292519084146924868e+01 1.582279360337583363e+01 2.042233689664137941e+01 2.448132845193369178e+01 2.488639551332867228e+01 2.805389662939884587e+01 2.148255545660653709e+01 1.353685688451075997e+01 1.870226886937296840e+01 1.683098562810488374e+01 2.247286714057417001e+01 1.779281762966140334e+01 1.400490026218369088e+01 4.277034530031060378e+00 4.277034530031060378e+00 1.506260445371758827e+01 2.462838514942335877e+01 2.555153245575863252e+01 2.646947036464516145e+01 3.078415740643820797e+01 3.340396275381301905e+01 3.645231221457646598e+01 3.903389283173996205e+01 3.182883583715783971e+01 3.690448204320704662e+01 4.111512175515027678e+01 3.596968285371644214e+01 3.174025670917132658e+01 3.596968285370970619e+01 4.209042508040346320e+01 3.594469203532582213e+01 3.450605529395194537e+01 3.450478338741212525e+01
1.726801652865819037e+01 7.645865645036580283e+00 3.021867570332812392e+00 1.278929210187425092e+01 1.564598387394360124e+01 1.970467562863894884e+01 2.019610052008605550e+01 1.419452816462781009e+01 1.411687839292440394e+01 2.482942214105505130e+01 2.624736469885298362e+01 1.870335356363628421e+01 9.503289311804902439e+00 1.062677597872998270e+01 1.615619722436061778e+01 1.354777218121579097e+01 4.277034530031060378e+00 1.397278644619658117e+01 4.277034530031060378e+00 1.421276195500059636e+01 1.884081654852096577e+01 2.140964278202909199e+01 2.555034481778710642e+01 3.046199135387502110e+01 2.319870581682334887e+01 2.618775636991864886e+01 3.399121700333767393e+01 2.477105173766684842e+01 2.683795290150226620e+01 3.691615943578592152e+01 3.095509442445077042e+01 2.178628492305156783e+01 2.988436893528846383e+01 3.604421903446537812e+01 2.831068246578816527e+01 2.737113273213772402e+01 3.450589842503126903e+01
