output/example_1/elevation_000424.asc
nrows	75
cellsize	13.33333333
xllcorner	0
ncols	75
yllcorner	0
NODATA_value	-9999
[rows 0 to 16 of 75, columns 0 to 36 of 75]
1.369999999999999864e-02 3.549233905932739574e+00 7.328878636025017101e+00 1.232887863602503309e+01 1.939994644789055656e+01 2.939994644789062406e+01 3.302660922439964253e+01 3.005358225923353999e+01 3.005358225923353643e+01 3.425092463554533140e+01 3.639011201314130517e+01 3.211919296314978567e+01 3.639008056573363348e+01 4.127166436599839727e+01 4.224618658305474383e+01 3.988776351554952981e+01 4.199439801734656896e+01 4.648427648840472415e+01 4.267006890074353720e+01 3.839550451636461048e+01 3.708227006058855579e+01 4.134405691875470268e+01 4.781006524463597174e+01 4.369349853456654387e+01 4.240664883185303324e+01 4.652187632904187353e+01 4.306732073919830839e+01 4.306732073919830839e+01 4.718493329434714667e+01 4.877577543918167891e+01 4.462088012547038574e+01 4.462088012547038574e+01 4.462088012547038574e+01 4.877577543918167891e+01 4.855303200605915492e+01 4.435308520342993432e+01 4.435308520342994143e+01
1.279999999999999888e-02 1.001279999999996306e+01 1.732887863602508460e+01 2.147101425975606404e+01 2.647101425975607825e+01 2.853643404563010577e+01 2.298627229378867298e+01 2.005889665660687982e+01 2.005889665660687982e+01 3.005358225923353643e+01 3.127613636359432903e+01 2.193675300830505037e+01 3.127920442796910194e+01 3.229752125679248564e+01 3.601001009130061448e+01 2.925370584269467855e+01 3.171087321609618215e+01 4.218164319727214462e+01 3.839550451636461048e+01 2.832948371901190043e+01 2.702855151336396133e+01 3.549977630987774546e+01 4.369349853456654387e+01 3.375723324994444852e+01 3.246614795053053371e+01 4.015647334691258408e+01 3.312801788043048390e+01 3.312801788043048390e+01 4.306732073919830839e+01 4.462088012547038574e+01 3.456504256186747881e+01 3.456504256186747881e+01 3.456504256186747881e+01 4.462088012547038574e+01 4.435308520342992722e+01 3.418866216524325807e+01 3.418866216524325807e+01
1.299999999999999940e-02 5.786502691896265205e+00 1.285757050376176380e+01 2.285757050382206046e+01 2.123942220711050766e+01 1.862073937317992289e+01 1.862073937317992645e+01 1.322464392529432864e+01 2.298627229378867298e+01 2.612748724821032908e+01 2.193344785496006821e+01 1.691290348456063342e+01 2.701045125585884321e+01 2.626785125323442216e+01 2.995676758982345333e+01 2.409468041815129880e+01 3.459361290661653499e+01 4.055184839715754208e+01 3.549648506585343455e+01 3.127759681040105377e+01 2.126451468821738544e+01 3.127771804757309582e+01 4.040008272892188756e+01 3.666749797214180262e+01 2.668164065501754223e+01 3.196013332213623315e+01 2.604766130262167678e+01 3.183631100288569016e+01 4.178038769256217222e+01 4.469138063014383278e+01 3.751032919373636076e+01 2.730637370189207402e+01 3.456504256186747881e+01 4.462088012547038574e+01 4.435308520342373839e+01 3.418866216524325807e+01 2.684364039289124193e+01
1.369999999999999864e-02 1.001369997914894228e+01 1.734958962497785961e+01 1.320184835292819692e+01 1.123683351113773909e+01 1.515223054062376562e+01 8.845177056444457619e+00 1.620234284473961850e+01 2.034246172895910121e+01 1.781540267144812972e+01 1.189499650836180678e+01 2.193323281681419346e+01 1.899664679905411901e+01 2.612190346266407559e+01 1.971136337481694412e+01 2.995678584083416496e+01 3.894049735274867174e+01 3.630207199535233542e+01 2.625312162544975436e+01 2.126451468821738544e+01 2.793989968985586003e+01 2.609520368536313839e+01 3.614766139127027600e+01 3.319988781608783057e+01 2.907275630348139828e+01 2.195797335711413467e+01 3.196006869969296460e+01 4.015494129209330509e+01 4.589654570130161204e+01 4.053008408046527933e+01 3.036367843380788401e+01 2.451156903954797883e+01 3.478320737656694916e+01 4.232967541427352387e+01 4.115064727875783035e+01 3.440705217954975836e+01 2.397399147232842509e+01
1.290000000000000001e-02 1.001289999999996283e+01 1.184932949045022177e+01 3.198672839853965222e+00 4.165409328902033081e+00 5.150738607075413533e+00 6.156867325392515689e+00 6.156867325392515689e+00 1.620234284535085578e+01 7.771974353260755031e+00 1.781540267144704970e+01 1.233318012235395145e+01 1.408214788783864080e+01 1.601461085913176774e+01 2.612191561984605315e+01 3.421839956406505223e+01 4.046687394750978939e+01 4.055184839715754208e+01 3.549648506585343455e+01 2.793975049816492273e+01 1.799321117415418669e+01 2.792509688822681113e+01 3.689509016205887093e+01 2.907275630348139828e+01 1.911425934102820179e+01 2.907272938280010521e+01 3.408457625642692790e+01 3.821091537520376136e+01 4.396499631390495466e+01 4.025036968204777565e+01 3.225011208972501464e+01 2.190923956500921221e+01 2.792316645233658789e+01 3.816083015428410619e+01 3.386221928524773261e+01 2.656939986780569996e+01 2.127728770502275424e+01
1.299999999999999940e-02 9.296984970282103911e-01 1.850273114926533014e+00 6.850293490401345053e+00 1.416580874672809998e+01 1.221790482796363619e+01 1.620178610120133911e+01 1.620234284535085578e+01 7.771974353260755031e+00 1.781057075277763602e+01 9.885863549822367702e+00 1.990135354402719869e+01 2.415114764323697116e+01 2.612191549126130496e+01 2.106623134107255879e+01 2.612098014400895352e+01 3.623421965322968674e+01 3.857008055170035732e+01 3.357679276520860157e+01 2.594965433826125079e+01 1.602914533947211595e+01 2.301354885059350863e+01 2.908484583654402655e+01 2.497714948766455478e+01 1.730385818522848140e+01 2.057176491466900359e+01 2.408670001877064948e+01 2.987449382799335851e+01 3.983931272507943788e+01 3.607108041940898602e+01 2.579692221105602457e+01 1.980504978712437847e+01 2.713742404534763253e+01 3.738643706043479398e+01 2.960516010416665367e+01 1.909892439975340750e+01 1.909892439975340750e+01
1.299999999999999940e-02 1.001299999999996260e+01 1.185068348547822659e+01 1.597446259061429608e+01 1.501449711285613020e+01 2.214290651092156637e+01 1.784167176821047462e+01 7.771974353260755031e+00 1.781057075277763602e+01 1.315322166695162132e+01 1.990135354402739409e+01 1.462153077375475441e+01 2.167772186377862909e+01 3.168890726212731934e+01 2.821185642875666133e+01 3.539483455219103547e+01 4.046687394750978939e+01 3.444308908904502431e+01 2.445967494081964944e+01 1.950140110441729746e+01 1.602914533947211595e+01 2.366174941724298364e+01 2.292999549125551795e+01 1.506986546393449977e+01 2.000054835814630749e+01 2.995365846960790535e+01 3.408576300496093126e+01 3.821257009748048006e+01 3.683368735164943786e+01 3.263671063677576711e+01 2.825249773440161860e+01 1.794189556472476710e+01 2.524421315158971524e+01 3.551523130832850228e+01 3.386388513067372941e+01 2.948231289227685181e+01 2.526175737042034442e+01
1.290000000000000001e-02 1.001289999999996283e+01 1.411489129343465976e+01 1.823349020432673129e+01 2.499189560904954632e+01 2.906277692556818693e+01 2.233464270663597517e+01 1.365059206369664935e+01 2.214443230853603239e+01 1.741974348810546402e+01 2.703753720329403976e+01 2.167772186377862909e+01 2.167772186377862909e+01 3.168890726212732289e+01 3.833753800608121765e+01 4.057360491988067963e+01 3.948349888770550820e+01 3.856349137855404763e+01 3.357679276520736522e+01 2.945087500913994560e+01 2.366176289446005043e+01 1.373108893935158648e+01 1.297979281524033190e+01 2.290088668581299558e+01 2.887090427661311054e+01 2.995368372856355066e+01 3.991476108398308753e+01 3.984698050070356601e+01 2.965012090511425669e+01 2.235440713553238012e+01 2.613361051902196053e+01 1.620371758745212887e+01 2.347312725566298042e+01 3.375145141284650663e+01 3.260756940865848463e+01 2.222105924939878818e+01 1.516481594202293337e+01
1.349999999999999985e-02 2.054741196936563874e+00 4.139880961414688088e+00 1.411494701874116409e+01 1.987498003074009389e+01 2.260666248284080382e+01 2.667183601946311811e+01 2.455388293337629690e+01 2.870843452147864383e+01 2.296237051156161257e+01 3.110055328515624851e+01 3.168890726212731934e+01 3.168890726212732289e+01 3.589008929703515349e+01 4.057360491988067963e+01 3.045116075728270744e+01 2.933674989856658044e+01 3.230756661517622774e+01 4.239040393381132787e+01 3.361027523910033210e+01 2.366174947354182123e+01 2.152007923605332351e+01 1.153877249347120859e+01 1.788588950825106139e+01 2.704328488163597299e+01 2.746248185095118544e+01 3.174559821003707683e+01 3.504184644659870429e+01 3.233442839759675280e+01 2.613361048835225375e+01 1.586924271989239088e+01 1.453905688712816691e+01 2.178304164192507031e+01 3.206486887237010563e+01 3.275547817778408444e+01 2.945002253092430777e+01 2.518822476013227529e+01
1.379999999999999977e-02 1.001379999999996251e+01 1.411384192189992781e+01 7.472702323763997789e+00 9.971433216448458481e+00 1.274044820176215786e+01 1.770128933205373656e+01 2.336689846191242381e+01 3.305772994332613735e+01 3.267079441917599780e+01 3.671506888563814641e+01 3.483219801253107306e+01 3.483219801253107306e+01 3.901758589630436802e+01 3.851400166075228526e+01 3.230866387048761368e+01 2.184226015795146481e+01 2.881996249333506199e+01 3.903691116913252301e+01 3.374021050717658454e+01 2.800388977057543727e+01 2.049384196332344032e+01 1.053759557328706542e+01 1.983787146344831953e+01 2.551955251147928649e+01 1.855309730962634873e+01 2.615751451181926157e+01 2.695341196630105784e+01 2.502254183908787155e+01 1.750130193714432991e+01 1.229986565942930987e+01 2.250459505118116610e+01 2.776770586141865138e+01 2.372834621200660976e+01 2.158341270670412015e+01 2.744354260581276250e+01 2.097916939493278576e+01
1.290000000000000001e-02 7.083989649470979089e+00 1.708582302019562249e+01 1.715820082694657955e+01 1.962474705137066522e+01 1.973612855639373365e+01 1.973612855639373720e+01 2.953674441929517869e+01 3.708349189836716420e+01 3.858579541462685114e+01 3.180318214393299669e+01 2.458877839171864466e+01 2.458877839171864466e+01 3.483219801253107306e+01 3.435366074994502128e+01 2.396439498592583561e+01 1.818661430988540673e+01 2.881996249333506555e+01 3.609814340270541777e+01 2.965318208209885142e+01 1.974897621556502614e+01 1.400973788751177196e+01 9.575305066281908140e+00 1.440508429532065193e+01 2.234547161701388518e+01 1.632534610475647341e+01 2.236099687418922244e+01 2.086115510882733659e+01 2.054226343461997217e+01 1.030271828004700296e+01 1.830395843975965420e+01 1.901270393565384254e+01 1.926628421093797527e+01 1.492527258716533645e+01 1.412687768674830657e+01 2.270361425757243623e+01 2.068274010974776544e+01
1.359999999999999924e-02 7.084667811865485554e+00 1.708466781186555394e+01 2.179218360177839742e+01 2.571191975893533765e+01 2.953674441926415994e+01 2.953674441929571159e+01 3.360754346427972905e+01 3.322461572052966972e+01 2.901759406766506189e+01 2.416564610426311432e+01 1.731892524055880500e+01 2.758900653611527076e+01 3.350729992017256365e+01 3.324568781827381514e+01 2.281610736997655309e+01 1.512071618227363956e+01 2.143950954523593921e+01 3.192419911776296360e+01 3.157015678178217755e+01 2.545687841622628866e+01 1.852969704821732222e+01 8.656111811098391229e+00 1.855037400042162332e+01 2.041854208932056736e+01 1.355375644729552853e+01 1.351757724557616314e+01 2.112739554330665470e+01 1.760308074564603942e+01 1.773686649637611623e+01 8.402243452346485952e+00 8.789927655224776260e+00 9.178200515347921140e+00 9.565552744889300740e+00 1.500767536461484575e+01 2.004407342046523510e+01 1.074724988746369547e+01
1.349999999999999985e-02 1.001349999999996321e+01 1.487077221005910310e+01 1.245485092925535042e+01 2.121551928589449432e+01 2.563607656384071731e+01 3.079946101213518617e+01 2.916555558816381932e+01 2.495026347163786085e+01 1.879970577424050759e+01 2.067472321178247441e+01 1.398794437692872705e+01 1.903115570933754341e+01 2.930013649918868524e+01 3.102218375217708868e+01 2.049586081023839057e+01 1.276555396128159892e+01 2.049586081023756989e+01 3.102218374163659931e+01 2.765508659992903873e+01 1.734939633410962045e+01 1.236752501380380664e+01 8.656111811098391229e+00 1.762633091987554934e+01 2.073565763274820384e+01 1.813639607806567255e+01 9.269621016711669270e+00 1.706159731452239114e+01 7.518914915796527154e+00 7.878241831605756751e+00 1.720175231049177000e+01 1.383434893798976972e+01 1.921582318888751573e+01 1.811052477111593717e+01 1.011557291121024527e+01 1.011557291121024527e+01 1.232924718185290480e+01
1.319999999999999993e-02 2.433538632524133050e+00 4.913220608488007457e+00 8.023685179369548948e+00 1.149528291323024298e+01 1.697868163982995782e+01 2.664750115912672257e+01 2.495026347163778979e+01 1.483789176962078038e+01 1.779973686726260951e+01 1.071547837128974301e+01 2.067472321178247441e+01 2.838921005121692076e+01 3.350729992015835990e+01 2.899645900481800709e+01 1.839193865999527588e+01 1.067247334500466849e+01 2.149793068064138879e+01 2.998115666305016092e+01 3.198351917052714910e+01 2.649989121064129804e+01 1.770750447092573054e+01 7.768148151693655912e+00 7.768148151693655912e+00 1.627017988029971818e+01 1.330857216745187621e+01 6.653686499850021363e+00 7.011544187964505959e+00 1.700399053910546243e+01 9.132389185880070315e+00 1.902302126823662931e+01 2.243147130105761988e+01 2.444585941442105437e+01 2.426989250386350250e+01 1.227232940150332752e+01 1.234542547950316482e+01 1.122390486293887335e+01
1.299999999999999940e-02 1.001299999999996260e+01 1.487077221005910310e+01 1.798450238635781417e+01 2.148020459273339000e+01 2.563467693877575115e+01 2.964551700880068452e+01 2.651313650766898533e+01 1.778952006207867598e+01 8.056931474571879193e+00 1.779973686726210147e+01 2.489638445655197785e+01 3.066819512813977155e+01 2.716043464787728823e+01 2.287125010279489956e+01 1.955363788088762078e+01 8.771593464505704318e+00 1.502650792909205535e+01 2.573642326664692703e+01 2.742258124728419943e+01 2.309788649302735664e+01 2.163864026171599519e+01 1.767049409341103328e+01 1.620406447430955055e+01 6.530484319391254289e+00 6.152402465852323310e+00 1.740770805841173186e+01 1.411810766637321102e+01 2.113582383870822667e+01 1.341279426646076267e+01 1.154262563706423350e+01 2.188748733395497226e+01 2.843927337190158156e+01 3.158086648670484919e+01 2.428157551357546851e+01 2.111373419288259257e+01 1.200572088541317584e+01
1.349999999999999985e-02 5.787003884623482364e+00 1.285818860737008684e+01 2.286440250658008466e+01 2.578844889435958621e+01 2.135749277584563544e+01 1.709123084866683939e+01 2.156596206251505876e+01 1.286953690735536959e+01 6.270483863504738409e+00 1.607749112301597805e+01 2.072156889572006477e+01 2.072156691885838953e+01 2.287124916451796963e+01 1.217104686245337497e+01 1.530506187998255996e+01 7.055745553220686972e+00 1.734683005983894688e+01 1.866654552627165486e+01 2.208884681805795580e+01 1.314669118583138108e+01 1.504199074379383205e+01 1.525539692974862227e+01 6.561240331067790699e+00 5.652844499268617540e+00 1.493732302075943430e+01 2.125146198157158395e+01 2.429773990149806551e+01 2.368768162374682973e+01 2.074037171579980310e+01 2.188858746247293396e+01 1.448224091691694504e+01 2.481768101501310397e+01 3.281479570244436417e+01 3.306481224077939629e+01 2.300363362689287072e+01 1.283520936793215661e+01
1.369999999999999864e-02 1.001351056165191444e+01 1.605258341826955970e+01 2.018850079947254983e+01 2.167398003733023515e+01 1.196689118252428052e+01 7.927539076488362646e+00 1.720582934931935881e+01 1.343086980104479089e+01 4.515711522675341705e+00 1.443495743165962431e+01 1.168385326318241191e+01 1.629334199604758382e+01 1.842606483630256875e+01 1.510640926747350044e+01 4.735485505104465531e+00 1.373592895643648504e+01 1.431498337984822022e+01 7.033776671471615671e+00 1.450239713604964287e+01 1.474937587049937093e+01 5.190626414934873978e+00 5.190626414934873978e+00 5.190626414934873978e+00 7.719429124004223652e+00 1.741993215764405178e+01 2.527455873911536699e+01 3.132261074798010014e+01 3.362736937301254159e+01 3.090024553566207288e+01 2.846286774342469883e+01 1.815846757738330908e+01 1.841291473682094093e+01 2.871336683734088169e+01 2.899431406658241528e+01 1.875300891407487569e+01 1.371240459684081792e+01
