output/example_1/elevation_000160.asc
nrows	75
cellsize	13.33333333
xllcorner	0
ncols	75
yllcorner	0
NODATA_value	-9999
[rows 17 to 33 of 75, columns 37 to 73 of 75]
3.760497165122708907e+01 3.978694019791352332e+01 3.993544930072732768e+01 4.389038015531551196e+01 4.469786856200966696e+01 4.865551986241322879e+01 5.361220006843957009e+01 5.349430611028499527e+01 4.859220568996108369e+01 4.451223087950557300e+01 3.683500475569911714e+01 3.858016132510159224e+01 3.208270948459946936e+01 4.128912894956254576e+01 4.572565016932976789e+01 3.639837581370559860e+01 4.573537146435935341e+01 5.134045716088431277e+01 4.521390011049585667e+01 3.568570500405227364e+01 2.889484872888682432e+01 3.305153279781163889e+01 3.128045302895285573e+01 2.097156839497047542e+01 2.664977092252124891e+01 3.362358631798598196e+01 3.233062499231806441e+01 2.823864816933819455e+01 1.857368183827478347e+01 2.905980231020470939e+01 3.409701120069627933e+01 4.200262701232548324e+01 3.515063174818649827e+01 3.443428411829414415e+01 4.184530155896679560e+01 3.720955545711797186e+01 4.191423355540979401e+01
2.941851574548738668e+01 2.941065329098527670e+01 3.017014786922945291e+01 3.686418229982577088e+01 3.510360148830919513e+01 4.011669641573173095e+01 4.882795560311875960e+01 4.939887978593151274e+01 3.962521355379742971e+01 3.505483272227812819e+01 3.214051351734649842e+01 2.944306039081076420e+01 3.651061457648035713e+01 4.047018849481159464e+01 3.788060752117020513e+01 3.237805424431202539e+01 3.761562197748692427e+01 4.723036846444967551e+01 4.695244833153108033e+01 3.801499754130430375e+01 3.847644869363989528e+01 3.821804720562172974e+01 2.840206405847364479e+01 2.958354380361126346e+01 1.913484044271400464e+01 2.957789211450570832e+01 2.740151942839688815e+01 1.772613519982957087e+01 2.817128246171645500e+01 2.541140617486904318e+01 3.260321339466765522e+01 4.244713830976831304e+01 4.479764028317818259e+01 3.996464414434659318e+01 4.811943013635250566e+01 4.677432178214650804e+01 5.086704954477031748e+01
1.912836136095976514e+01 2.911316237719294620e+01 2.426838010298190085e+01 2.693687756640387576e+01 3.036754430979452835e+01 3.535194194963763437e+01 4.488051282770927486e+01 5.349430611028500238e+01 4.859220568996108369e+01 4.451255324684040460e+01 4.135997168979753269e+01 3.651117727478583674e+01 2.728754083587740098e+01 3.452208131950877856e+01 2.862292155597342358e+01 3.788060752117020513e+01 4.571697277957279937e+01 4.377793914040418599e+01 4.123528911748848458e+01 4.531386474468724401e+01 4.787769386405238237e+01 3.821684539547603521e+01 3.424379921458985621e+01 2.416002766369323496e+01 1.793202613184114114e+01 2.681128366084609382e+01 1.690321377020738325e+01 2.733523503741667682e+01 3.149697008377151164e+01 3.542307650670614549e+01 3.956211921687197730e+01 4.186709580844727441e+01 4.576000437603924809e+01 4.967764910338530626e+01 5.374540025286947298e+01 5.324018175945762010e+01 5.324018175956317833e+01
2.884823418588953814e+01 2.094816506388498922e+01 3.104046806216216936e+01 3.683294038049013608e+01 4.011031273986065315e+01 4.406346528424651154e+01 4.882795560311677718e+01 5.444557555129325266e+01 5.024359669477914281e+01 4.915214780729890975e+01 4.491553963435395502e+01 3.806798121944211744e+01 3.360234265828398748e+01 2.511270973177198940e+01 3.422681414790095289e+01 3.980306604804340509e+01 4.084456767516667952e+01 3.398021947321586822e+01 3.039230102541229783e+01 3.882965747875471862e+01 4.250253500070573409e+01 3.937671191559314110e+01 3.832703699328627778e+01 3.251713278583098088e+01 2.679693349199342833e+01 1.630954736293855589e+01 1.630954736293855589e+01 2.382047954489410202e+01 3.369069358571255890e+01 3.976060459843769479e+01 3.610217801798312109e+01 3.275196043770125698e+01 3.916244401070678549e+01 4.839670286004917443e+01 5.050342324503816371e+01 4.384799927769072525e+01 4.384799927769072525e+01
2.936577130176344497e+01 2.253290440361012514e+01 3.253021359289417092e+01 3.636515006309009124e+01 4.012235822225166970e+01 4.388977582859397586e+01 4.799648964196821765e+01 5.024359669477914281e+01 3.974870600271552235e+01 4.282247569280934130e+01 3.461296688179724157e+01 3.383307165652300341e+01 2.376296766007578398e+01 2.376296766007578398e+01 2.932967293866554925e+01 3.448579838399359687e+01 3.584062453202053433e+01 2.684096359907523066e+01 2.420708581583150121e+01 3.392382260333086919e+01 3.207438829080503950e+01 2.905226775033335684e+01 3.640687530754352963e+01 3.651214597332912604e+01 3.019305002830570217e+01 2.613542428652517913e+01 1.630954736293855589e+01 2.681149831290533925e+01 2.911815282085978396e+01 3.197829330716848872e+01 2.652171639881763809e+01 3.342873319555234701e+01 4.255644476655163544e+01 4.647706864214261913e+01 4.262879009946697551e+01 3.742193634336149444e+01 4.384799927769072525e+01
3.573767469688047527e+01 2.596895084473507609e+01 2.528538107170814087e+01 2.760754008560302708e+01 3.174494340275185778e+01 3.637396966313725954e+01 4.446912349126986896e+01 4.890088850730896297e+01 3.837296375682578287e+01 3.247672999651791059e+01 2.944441959675989295e+01 2.651099271726672058e+01 3.383337776956209808e+01 3.194698627715863282e+01 2.216599865338766762e+01 2.847970085523754946e+01 2.572391816129158215e+01 2.758858333845639521e+01 1.906562045037447461e+01 2.978489976699720287e+01 3.207652656459114837e+01 2.280750416483722276e+01 2.712258608056372111e+01 2.934878999439968439e+01 2.246961718675028763e+01 1.558458967245403315e+01 2.485205790564685202e+01 1.630954736293855589e+01 1.763872701251757036e+01 2.127794291034718555e+01 3.200935277900452292e+01 3.994220908190151675e+01 4.313790537606708853e+01 3.933879569274415644e+01 3.370821662261927543e+01 4.255944654297351804e+01 5.021698904719767143e+01
3.180552905699969202e+01 3.575077883518116550e+01 2.918419066560959862e+01 3.688236941304369054e+01 3.211705806457510448e+01 4.086200665706763857e+01 4.799648964197713497e+01 5.311593260607053679e+01 4.709714077700438395e+01 4.106708387671034899e+01 3.086303281954344513e+01 3.348952811878800162e+01 4.063431392280743637e+01 3.174742160724893836e+01 2.098176565563661100e+01 2.716678259671278539e+01 1.759341344413248365e+01 1.644554710717902424e+01 1.532337772374364704e+01 2.537227534317594291e+01 2.908894780239026900e+01 2.533660715885969594e+01 1.849045458460926383e+01 2.478897746035420724e+01 1.480093512575240133e+01 2.541169674349968588e+01 2.355897346961099359e+01 2.706489266000043514e+01 2.913586657053670237e+01 2.027508215210610842e+01 3.127229430491210138e+01 3.490068422604598197e+01 3.643481883826768808e+01 3.043108067404957850e+01 3.933879569274413512e+01 4.051882874416096314e+01 4.302012940557372644e+01
3.733877130818655843e+01 4.233213185014608371e+01 3.408482661189844976e+01 4.220284336096411693e+01 3.675679438162979551e+01 3.846167225397783795e+01 4.665692652723777201e+01 5.312192556962631329e+01 4.269535521466480077e+01 3.664911443409614122e+01 3.800909412139714760e+01 4.378053249298400829e+01 4.172118235118642815e+01 3.520024673142396665e+01 2.959734388664058713e+01 1.923218403562711742e+01 2.844101881654794184e+01 2.428853191352859398e+01 2.537192725031485097e+01 1.382044947791890976e+01 2.393275847690490821e+01 1.672212377727363020e+01 2.411305714393624555e+01 1.397915497309475974e+01 2.474694251856269389e+01 2.070249650321393631e+01 3.092724602021811364e+01 3.206852612520524559e+01 3.283780163878398639e+01 2.582996228803249750e+01 2.325627640288019649e+01 2.530260610250577358e+01 2.723000774452169992e+01 2.991013884342315166e+01 3.253966682026416635e+01 3.555219702034425922e+01 4.216895858669690256e+01
4.633451787296135649e+01 4.675406993684187285e+01 4.297583328035096883e+01 4.675406993684187285e+01 4.155175992531959395e+01 4.665692652723777201e+01 5.026977636510397929e+01 5.729304064513087269e+01 5.133356052341386544e+01 4.710214236846471181e+01 4.844972421758543391e+01 4.429161473386653114e+01 3.758822051648979112e+01 2.841432654008069747e+01 2.263159545126355354e+01 2.959734388664058713e+01 2.784133160399007068e+01 3.365108936476482171e+01 2.958353588317411109e+01 2.097400559788795249e+01 1.241365573988544391e+01 2.343540835496916941e+01 1.316860508632752058e+01 2.411302613079456947e+01 2.891871541472867690e+01 2.604086488057529181e+01 3.503572402177273659e+01 4.056785009569750855e+01 3.344898039769346099e+01 3.542104809167445723e+01 2.952886468830127598e+01 3.109597363904270040e+01 3.643481883826768808e+01 3.879224386779821998e+01 4.121497075863981507e+01 4.460911514855877158e+01 4.483966539982992572e+01
4.939252501508395454e+01 4.648284664406946831e+01 4.572714542968186180e+01 4.987833628933103114e+01 4.963297978300479940e+01 5.334128458459126421e+01 5.188678601601971963e+01 5.605517502817571796e+01 5.721673944589613825e+01 5.302168073462125619e+01 4.698034628699046067e+01 3.740815262228304761e+01 3.088796639509245878e+01 2.612258815502621800e+01 3.241262881167865828e+01 3.639884199697164036e+01 3.747193203379728033e+01 4.152330726413751449e+01 3.570285590688433786e+01 2.623054167148125515e+01 1.961251320929655506e+01 1.241365573988544391e+01 2.341749770761766669e+01 2.325508488895866321e+01 3.229662270280959291e+01 3.316452263948040269e+01 3.991859308268547579e+01 4.647444958010716221e+01 4.253483840529340654e+01 4.252491082182778115e+01 3.869368067859031157e+01 4.009801512604631313e+01 4.393528969228692915e+01 4.624369416540325517e+01 4.221535303993605481e+01 4.624369416540325517e+01 4.425185805825883989e+01
3.925393807159478854e+01 3.626755295636928622e+01 3.550096842380533957e+01 4.276216133727455571e+01 5.288525029921355269e+01 5.024767994686663997e+01 4.182872659239071567e+01 5.024767995892663919e+01 5.138963468219223785e+01 4.294330609708044477e+01 4.699170628862917454e+01 3.741033669582769505e+01 3.088811393633541158e+01 2.612258815502621800e+01 2.612258815502621800e+01 3.555259611230229666e+01 4.051861075487844488e+01 3.453917334374072112e+01 3.044447697179188950e+01 2.313569217671560807e+01 1.182952294629032686e+01 2.212802248781322234e+01 1.744633788422674314e+01 2.151905381103885517e+01 3.140408073131072086e+01 3.989985498685535248e+01 4.661717680868886049e+01 4.396160936646911210e+01 4.799393619032269953e+01 4.435032186053964409e+01 4.044410881941794855e+01 4.234295570618382243e+01 3.827570391303467545e+01 4.097463890864982972e+01 3.235169093160070730e+01 3.728352211916181602e+01 3.439714286601596172e+01
3.537283461201304391e+01 2.897508023057534743e+01 3.413696729612502168e+01 4.141124134344386931e+01 5.155442566903050050e+01 4.607978087329518502e+01 3.608567436605965639e+01 4.073771434182084050e+01 4.489513639414575863e+01 3.718763632628310489e+01 4.689960213066987649e+01 4.430042480989732212e+01 3.955643237457166350e+01 3.159907460665045420e+01 3.555233880758058973e+01 3.955021427760485864e+01 3.640698809930145075e+01 2.645491691430723336e+01 2.012448220893808681e+01 2.244722314458062584e+01 1.145380760947672805e+01 2.244712267121578009e+01 2.725295454822051866e+01 2.684349457290291596e+01 2.766717969701393187e+01 3.623583159064095582e+01 4.231422563459079811e+01 3.408154127636939990e+01 4.231422563459079811e+01 3.897824437283634325e+01 3.083137614685568550e+01 3.614043948682126484e+01 2.783454189398402789e+01 3.118192764336045641e+01 2.740172909665666978e+01 2.740172909665666978e+01 3.439714286601596172e+01
2.507646863332331932e+01 3.236958339776422378e+01 4.262164173801495792e+01 4.854121201389617113e+01 5.097604745560710171e+01 4.596417598499100166e+01 4.073771434182043549e+01 3.081377726809417084e+01 3.774852045782071741e+01 3.277046473411892435e+01 4.272423998488555696e+01 5.094544391190331112e+01 4.504619717459172534e+01 4.095156285563557930e+01 4.118645352662428394e+01 3.710892593098881775e+01 3.302351522361320235e+01 2.643607658869187560e+01 2.433539921389520799e+01 1.366180957603304513e+01 1.145380760947672805e+01 1.263966513055101437e+01 2.798259401437938365e+01 3.458160234740634564e+01 3.613684350819423230e+01 3.992229113877615987e+01 3.825734939794961065e+01 2.831659472169021896e+01 3.294379251862241631e+01 3.496954506524771489e+01 2.505149461105900599e+01 2.928840698763259809e+01 2.188044412615242962e+01 2.408006573678131446e+01 3.407744501434671491e+01 3.439714286601596172e+01 3.439714286601596172e+01
2.971505777577257135e+01 3.394184579336227614e+01 3.432561631841374350e+01 4.456298731408313785e+01 4.680542832809534559e+01 3.680033435172465772e+01 3.186477024653668622e+01 2.780862921418998113e+01 2.780862921418998113e+01 3.482412607110630631e+01 4.478638031633915517e+01 4.090689740117697681e+01 4.800474422479900483e+01 4.278733862873136928e+01 3.295267035947363610e+01 2.711791696441578026e+01 2.316283180333031666e+01 1.999635836817705936e+01 1.732414897425657685e+01 2.206805067927231789e+01 1.109886894092829124e+01 2.136076316469069525e+01 2.419653533577515248e+01 2.705075888988325872e+01 3.225506119218837142e+01 3.578220040984725614e+01 3.290937289053194803e+01 3.294379251862241631e+01 2.285010499763560787e+01 2.842975823132222501e+01 2.709413990810589823e+01 1.906706180944072315e+01 2.300763109876985268e+01 2.794816107210187539e+01 3.747187180806101736e+01 4.425185805825883989e+01 4.425185805825883989e+01
1.936634610468006912e+01 2.401766507570987486e+01 3.131968405003776823e+01 4.159019044914851548e+01 5.097604746899379080e+01 4.349609855084728594e+01 3.353605433600210972e+01 2.780862921418998113e+01 3.536982855349380372e+01 3.941123016193185435e+01 4.296591079584693773e+01 3.387338491379789929e+01 4.300855192502250191e+01 4.687052411771404081e+01 4.118645352662427683e+01 3.333253034206416743e+01 2.839177823953632895e+01 3.022732830771510848e+01 2.766606902521779077e+01 2.636661950671045673e+01 2.134348207351208515e+01 1.059247395061068886e+01 1.955431857217417502e+01 1.737801437656652936e+01 2.640797846927416970e+01 2.587057918070281204e+01 2.296136630935466272e+01 2.981552566054462261e+01 2.842975823132222501e+01 1.818834634240367620e+01 1.684006836559241194e+01 2.709413990810589823e+01 3.293037750987650014e+01 3.691999167072193444e+01 3.672375794973215335e+01 4.566015963688701618e+01 4.845531212401511567e+01
1.791802410638238641e+01 2.312191706580010475e+01 3.043626615378089895e+01 4.077000759257786910e+01 4.745706492039255409e+01 4.766017694122256643e+01 4.189402803333931757e+01 3.536982855349383215e+01 2.535755678467167584e+01 3.320263324999611143e+01 3.416186370476557244e+01 2.889468575011914808e+01 3.593344579337348677e+01 4.592530327558579728e+01 4.730251259918571805e+01 4.248322596139741592e+01 3.839458950869332909e+01 3.843420869556447172e+01 2.891574563027031175e+01 2.877342008285243935e+01 2.309159324236132704e+01 2.089230692524635558e+01 1.005247335017356747e+01 1.925142283099263807e+01 2.431025800531464043e+01 2.512746973685737473e+01 1.558618543843693693e+01 2.238297491849236565e+01 2.382221443376334236e+01 1.527417154365565999e+01 1.527417154365565999e+01 2.043960301207170005e+01 2.718942882750778622e+01 3.643689211184135246e+01 4.473067830016893964e+01 4.089038766196474484e+01 3.775689335145549563e+01
2.635624034211896216e+01 3.260150071579195696e+01 3.775796103216140409e+01 4.443686840234855140e+01 3.723465940382103412e+01 4.443686840234855140e+01 4.241273960071360705e+01 3.245255927963400921e+01 3.321030619142488405e+01 2.308104424864522741e+01 2.407643502992107898e+01 3.112068912119431019e+01 4.113426829684942021e+01 3.866837149127098172e+01 4.276411149628335551e+01 4.621258052793332638e+01 4.086172229262844269e+01 3.570130154414736978e+01 2.610507639646014866e+01 1.809855397180814407e+01 1.418761046276775772e+01 9.642543801668541192e+00 9.642543801668541192e+00 1.481183084277536821e+01 1.646291980405832689e+01 2.001105544253446311e+01 1.094820190989639386e+01 1.180728587529298323e+01 1.327917864283846150e+01 2.379092451480907400e+01 2.558931710396342041e+01 2.971835793637185219e+01 3.441117947957987866e+01 3.726471857107633667e+01 3.567519089012148470e+01 3.009409565096094852e+01 3.775689335145549563e+01
