output/example_1/elevation_000457.asc
nrows	75
cellsize	13.33333333
xllcorner	0
ncols	75
yllcorner	0
NODATA_value	-9999
[rows 17 to 33 of 75, columns 0 to 36 of 75]
1.309999999999999880e-02 1.001309999999996236e+01 1.028148338214461432e+01 1.028148351547794626e+01 4.363922927518032679e+00 1.028148377763443300e+01 9.439915635624611667e+00 1.034045117902183364e+01 1.061995308177163899e+01 1.330078366323770078e+00 1.330078366323770078e+00 1.612694055920646852e+00 1.895643661482104836e+00 2.179072659787311572e+00 2.462097706504360772e+00 2.748829665629151986e+00 3.041380841317439465e+00 3.335160831106069423e+00 3.630556169353663876e+00 3.926671623330838301e+00 4.253117459427425473e+00 1.428138701032869662e+01 1.893929283729244517e+01 2.660287101189378234e+01 2.687398330155749804e+01 3.115026113701301114e+01 3.521744837906707204e+01 2.510797245461606408e+01 2.510815640424645068e+01 1.963532599703898995e+01 2.998824073824714631e+01 3.450170699593137869e+01 3.184908099795829983e+01 2.191540287111670793e+01 2.892234363842964484e+01 3.888761355285815569e+01 4.324960711513452338e+01
1.379999999999999977e-02 2.815397744523447376e-01 2.815397744523447376e-01 2.815397744523447376e-01 2.815397744523447376e-01 2.815397744523447376e-01 7.136862829330355318e+00 1.021513826824645577e+01 9.421005600906720012e-01 1.101834940800199547e+01 1.093868786101747936e+01 2.400830851280346234e+00 7.383573673899852530e+00 7.298489793930886371e+00 1.211893864086975370e+01 4.523165444315574213e+00 1.207938500309650820e+01 9.190127073290167203e+00 1.292690959460151490e+01 7.263953531542838959e+00 3.926671623330838301e+00 1.359475271944461383e+01 1.838359922825537751e+01 2.502667794939480572e+01 2.911673098198675902e+01 2.911672896541108102e+01 3.335278112030336217e+01 3.557429686496966781e+01 3.437128449120449147e+01 2.690904453586968970e+01 2.690904453586968970e+01 3.742209368311094408e+01 3.561527181808023101e+01 2.565086751802322951e+01 3.184908099795829628e+01 4.184696066267824222e+01 4.207455598690243193e+01
1.379999999999999977e-02 1.001379999999996251e+01 2.815397744523447376e-01 2.815397744523447376e-01 2.815397744523447376e-01 2.815397744523447376e-01 2.815397744523447376e-01 5.549235523909973322e-01 5.799380484773550393e+00 1.443852011282776715e+01 1.577175467985163948e+01 4.990116678939786610e+00 1.438311424157599205e+01 1.480667747194351769e+01 6.972535666387830844e+00 1.518240620005467889e+01 1.880662509323239817e+01 1.832554554415559878e+01 1.970405625400775662e+01 1.216363621265231920e+01 1.135972916058251592e+01 5.115428748935607395e+00 5.115428748935607395e+00 1.999944327562448620e+01 1.826947636311449230e+01 1.826947636200020142e+01 2.911672896541108102e+01 3.324991096397199897e+01 3.737663045765895475e+01 3.742209368311093698e+01 3.742209368311094408e+01 4.183352444653927193e+01 3.977148539979778263e+01 3.139141638797560319e+01 3.977148539979778263e+01 4.472115452655843626e+01 3.551376453350071216e+01
1.290000000000000001e-02 1.001289999999996283e+01 7.352516481922295455e+00 7.352516615255629162e+00 1.028148364881127996e+01 6.038254395790094264e+00 2.815397744523447376e-01 2.815397744523447376e-01 1.354308403430242791e+01 1.968955205698777178e+01 1.834189593140148844e+01 7.680664038144940697e+00 1.834806943328283069e+01 2.053028087651592060e+01 1.638788726411463514e+01 9.509170691225330430e+00 1.917922877085174349e+01 2.650705597793577795e+01 2.532186858694482012e+01 2.075482406658188239e+01 1.554278827781679162e+01 6.095390563114819749e+00 1.567654618794929355e+01 1.771868000400837317e+01 1.054148982440041316e+01 2.144471382770292678e+01 2.988403460120511568e+01 2.310938248826987973e+01 3.155205086453184649e+01 3.737653671651366238e+01 3.829076255001427853e+01 3.403951099353638909e+01 3.829076255001427853e+01 4.138516563751598909e+01 4.555287781981689932e+01 4.563373893221206146e+01 3.650215057191246615e+01
1.290000000000000001e-02 1.001289999999996283e+01 1.735263499640320717e+01 1.735263512973654088e+01 1.567351638327119545e+01 1.233927125741685771e+01 2.370527691069969300e+00 1.219048007789212384e+01 1.880816593066806064e+01 2.367314825086736363e+01 2.267391260177180001e+01 1.834807151269136938e+01 1.158955232845284833e+01 2.223419388889874426e+01 2.335551325094454000e+01 1.917914298434079967e+01 1.240660141127397154e+01 2.231109794486166109e+01 2.708311593257046113e+01 1.732050099923866071e+01 1.182729736231837414e+01 1.595397982589729224e+01 7.393645251539928687e+00 8.290519960026935919e+00 9.092768226409040366e+00 1.562013156911437761e+01 2.261382748746054716e+01 1.725345468512469438e+01 2.310938248815364204e+01 3.324990744717156588e+01 3.311615754445466564e+01 2.365476939244199173e+01 3.311615754445466564e+01 3.487543779428382607e+01 3.917744131244900530e+01 4.522555693604923732e+01 4.563373893221206146e+01
1.309999999999999880e-02 1.001309999999996236e+01 1.717074906925426347e+01 2.217074906911514631e+01 2.489861070509647689e+01 1.683433086157528891e+01 1.248225392166123449e+01 5.609905779044171759e+00 8.983291211264861076e+00 1.613914434860559410e+01 2.680069034872087030e+01 2.512635990904081851e+01 1.460334385844299199e+01 2.516482874192700692e+01 3.054300865906321505e+01 2.046067224452301403e+01 1.497081759336222184e+01 2.498808004673657379e+01 3.107779974374922460e+01 2.558734648617434360e+01 2.152835339482465571e+01 1.815854609071675441e+01 8.747760228502531987e+00 1.769029729754064562e+01 1.819746956103675828e+01 1.015148428269397307e+01 1.268169187844792134e+01 2.261464508740658985e+01 3.155205086453162977e+01 3.057307379628361588e+01 2.632462138724382328e+01 1.844963767391196541e+01 2.884714019298919396e+01 2.446610106292327913e+01 3.051217269449062997e+01 4.093925315407092569e+01 4.857633236729439119e+01
1.349999999999999985e-02 3.028613445777633473e+00 8.028613445777615709e+00 1.509968125764306457e+01 2.509968125764266489e+01 2.322198000518677574e+01 1.272765332600248378e+01 1.272765334730713782e+01 1.386968090655719621e+01 1.613764606296165738e+01 2.677173355914287356e+01 2.846026984736150567e+01 1.803355685310561540e+01 2.846302003933152847e+01 3.475950608377064555e+01 2.789513468809143504e+01 1.782599561059108950e+01 2.788806320805077377e+01 3.280892439120947301e+01 2.291168409643643855e+01 1.588922818811104776e+01 1.048065399228317496e+01 1.815854609071675441e+01 2.221671934571115159e+01 1.784345590777479629e+01 1.974724964756573797e+01 1.128496929238957769e+01 2.108434631739276455e+01 2.251655457658168302e+01 2.399557419687960191e+01 1.604299203913469185e+01 2.632462138724382328e+01 1.844963767391196541e+01 2.884738797150219369e+01 3.682220437720845752e+01 4.283573556638746993e+01 4.450380734469560196e+01
1.349999999999999985e-02 1.001349999999996321e+01 9.353168766114368538e+00 1.642423657797979430e+01 2.642423657797624870e+01 2.765084846181292022e+01 2.322198013027318808e+01 2.322200079980252596e+01 2.125186321021269720e+01 2.677173355914287356e+01 3.121224250790433885e+01 3.273696935879657843e+01 2.408747637028171340e+01 2.656332991753112793e+01 3.691622241837607277e+01 3.125981086958833544e+01 2.116576986775408642e+01 3.125981086958833544e+01 3.423355569300959189e+01 2.438648449784446015e+01 1.730784499815936073e+01 1.175276412045910845e+01 1.730783600081757356e+01 2.726475761144733312e+01 2.476903088172251444e+01 2.522300788500508872e+01 2.087307225816909906e+01 1.128496929238957769e+01 1.252132301471010756e+01 1.385851061922340044e+01 2.399557430913950640e+01 3.057313238350331375e+01 2.884738797150206935e+01 2.190656940796393215e+01 2.803881318189426963e+01 3.852977078018587775e+01 4.626454467809357141e+01
1.359999999999999924e-02 1.001359999999996298e+01 1.935316876611373615e+01 2.349530438783123643e+01 2.933424309678856901e+01 2.519259776011486096e+01 2.649013656476039458e+01 3.063182818313043754e+01 3.198801455923741699e+01 3.525944174739734649e+01 3.938581712311034266e+01 3.868761613569026991e+01 3.443058901532582894e+01 3.691622241837607277e+01 3.844656176604169673e+01 2.828296140387928759e+01 3.125914630579580233e+01 3.548558767801193170e+01 3.548325620962926052e+01 2.564966936782293416e+01 2.310431728990698730e+01 1.319356171797330646e+01 2.310305135879251281e+01 3.128555665169616162e+01 3.426127550219537454e+01 3.085871267004117513e+01 1.989162815526503181e+01 1.248377900040928346e+01 1.947624129213538424e+01 2.399549790839699526e+01 2.099457705605320257e+01 3.121600375970528063e+01 3.248495913564287463e+01 2.190656940796393215e+01 2.727864364158622124e+01 3.397959558114420986e+01 4.641524290723310742e+01
1.369999999999999864e-02 1.001369999506494679e+01 1.806114420536682985e+01 2.220691027106116877e+01 2.356097424011354136e+01 1.519268990608342662e+01 1.649025043025768866e+01 2.649013664464289874e+01 3.361662966223080673e+01 2.525430704664099935e+01 3.361665229271886801e+01 3.654413249039107114e+01 3.508101302911860842e+01 3.936823521053898389e+01 4.268825648902833336e+01 3.844656197099866546e+01 3.677561630883034383e+01 3.266781984487577262e+01 2.882240235886533597e+01 2.564967262347607502e+01 1.562908219077334060e+01 2.310431753413034883e+01 2.019147793971763605e+01 3.013655607423644867e+01 3.761319621325968399e+01 2.990295499471918816e+01 2.061448057458454386e+01 1.381930946293915241e+01 2.390794446960847353e+01 3.380302044656533411e+01 3.122820096123710343e+01 3.541486356689546966e+01 3.685109805666881044e+01 2.990134374111179127e+01 2.977727281685913496e+01 4.153546958296126945e+01 5.026972005057152870e+01
1.290000000000000001e-02 1.001168177979218754e+01 8.060772042675596438e+00 1.806127709522330704e+01 1.494703423040675183e+01 9.419189176663540053e+00 1.941914927434250870e+01 2.472942061601801811e+01 2.882947498786593954e+01 1.947532865978399386e+01 2.661536725895504674e+01 2.660646133248301481e+01 2.502351994305599447e+01 3.344163511427298374e+01 4.085394696919932045e+01 3.968607309821508977e+01 2.980592016854381754e+01 2.264860051999727020e+01 1.879012075312700603e+01 1.879012075312700603e+01 1.942011000920398445e+01 2.943495433452574872e+01 3.013656447845615816e+01 3.416277797573796704e+01 3.346427808911846569e+01 2.352569601115589037e+01 1.770201610959685112e+01 1.556163026781999115e+01 2.572071656145140395e+01 3.067125698102804421e+01 3.308689898255016004e+01 3.615158811491696866e+01 3.946548142993413677e+01 4.142873673472493579e+01 4.155461873800940253e+01 4.699158120026935848e+01 4.721364520632791795e+01
1.379999999999999977e-02 9.897000729485320170e-01 1.098969944767041973e+01 1.344797948727396175e+01 4.947053254708075443e+00 1.494690073521688767e+01 1.773201579701353481e+01 1.474532396312360660e+01 2.026675954455947704e+01 1.539138628373089546e+01 1.661229155019560011e+01 2.347465877044589178e+01 1.924396146075379121e+01 2.926449854105273118e+01 3.086042699886612439e+01 3.792491071637809341e+01 3.678161611002407483e+01 3.266781984487577262e+01 2.882240235886533597e+01 2.219045953252145864e+01 2.943498628354525337e+01 2.657179645716297500e+01 3.634733799404603616e+01 3.973125968692946230e+01 2.981171670327669787e+01 2.275435128656110706e+01 2.773571743173913262e+01 2.572071663009058540e+01 1.823832194895524950e+01 2.051381841111196280e+01 2.300980106658708735e+01 2.627144876202097024e+01 2.986093132194640631e+01 3.544667266439298459e+01 4.468888695342486272e+01 4.926191889515997246e+01 4.327285842751015821e+01
1.359999999999999924e-02 1.001359999999996298e+01 2.411038181985932560e+00 3.447989876716356150e+00 1.344797948842157531e+01 6.569267466015697110e+00 7.731743853453887816e+00 8.972091199335125111e+00 1.026308564839511561e+01 1.161148538854912537e+01 1.161148538854912537e+01 1.346844117976132615e+01 2.347465884416097737e+01 2.931423914456187418e+01 2.378035055042397872e+01 3.086069292382459395e+01 4.086446864002672896e+01 3.897524953531674186e+01 2.930644682378429167e+01 2.803896261393100175e+01 3.613986597839924997e+01 3.634733799404603616e+01 4.034507341905305822e+01 4.082809349515827080e+01 3.089417569598615998e+01 2.981171670327669787e+01 3.555379286982965681e+01 2.546885994894594418e+01 2.415002772693612698e+01 3.067125698102804421e+01 3.019438975806851744e+01 3.127584573218818420e+01 3.946794586020928364e+01 3.946794585585290349e+01 4.855918613574424825e+01 4.530097326604020225e+01 3.566001468272449415e+01
1.359999999999999924e-02 1.001359999999996298e+01 2.411038181985932560e+00 9.482104423604388543e+00 1.758950696373100087e+01 1.655287725916517161e+01 1.151187491219121917e+01 1.866758536454508643e+01 1.596987361181360221e+01 2.160452059580165241e+01 1.161148538854912537e+01 2.161642827949610890e+01 1.663095899115867482e+01 1.930427612346745292e+01 2.931455748256957961e+01 3.086069292382459395e+01 4.086446864002672896e+01 4.297328513271268235e+01 3.897524953531673475e+01 3.773827308136276315e+01 4.172866259133456168e+01 4.279754189765876760e+01 3.861309689420309610e+01 4.279754189765876760e+01 4.082809349515827080e+01 3.973125968692946230e+01 3.969564307631008404e+01 3.555379286523156424e+01 3.425917924199504938e+01 3.839931902013366027e+01 4.007003398372873448e+01 4.114440905719267505e+01 4.524959209130072679e+01 4.900993531511375778e+01 4.616144256609830165e+01 4.220003887319463587e+01 4.220003886267065241e+01
1.319999999999999993e-02 5.013199999471726009e+00 1.241110724040057001e+01 1.655384786511597284e+01 2.362165932697956450e+01 2.151301992716987499e+01 1.859459766895469457e+01 2.150799056946325294e+01 2.274415150068097446e+01 2.478150560300774430e+01 1.477387328065084304e+01 2.478229387310950216e+01 2.370734893299643886e+01 2.480251275415381684e+01 3.345502080897979624e+01 4.086446864002672896e+01 4.498912850893155735e+01 3.675058788895508854e+01 3.256542304636690943e+01 3.675058788891969641e+01 4.357946079638331582e+01 3.774474665069151769e+01 2.850607876534796858e+01 3.774474665069151769e+01 3.618694677207589905e+01 4.037127039428643371e+01 3.772893978634396461e+01 3.351869537991757397e+01 3.219446754396495436e+01 3.640687129666216038e+01 4.002878604051403499e+01 3.582546486240591577e+01 3.714548155913877281e+01 4.134687866650230603e+01 4.220003887330970826e+01 3.239418534902866753e+01 3.239418534902825542e+01
1.019999999999999900e-02 1.001019999999996202e+01 1.317816104093625640e+01 2.024920365618331886e+01 3.024866515243988374e+01 3.143803560571991085e+01 2.861873618945487152e+01 3.145499293257671880e+01 3.245402567274231131e+01 2.856650689305386592e+01 1.855459651008618138e+01 2.856650927495905279e+01 3.371802353745344760e+01 3.481240672268507552e+01 3.894925710318798195e+01 4.241647590370057941e+01 3.823266898346609111e+01 3.169769966615642431e+01 2.245886178174329117e+01 3.169769966632651759e+01 3.939552574504100591e+01 2.928738475804645702e+01 2.345442924685658070e+01 2.904042353237630536e+01 2.608023668267823680e+01 3.618694677207589905e+01 3.185900062557012546e+01 2.335054547444292083e+01 2.202858166929970807e+01 3.053635259763299459e+01 3.416040695963877027e+01 2.565425167514561622e+01 2.697393525277519899e+01 3.714548155913877281e+01 4.220003887362911854e+01 3.239418534902868885e+01 2.520252109953652209e+01
7.249999999999999500e-03 1.000724968693416805e+01 1.895625250458648736e+01 2.309831153624482880e+01 2.564057804512536620e+01 2.489681726092222647e+01 2.905385871405919573e+01 3.612669363081569429e+01 3.815655560682429126e+01 3.271246184127759449e+01 2.563374834109412959e+01 3.271296002186301877e+01 3.907937193231416728e+01 3.855221948346176220e+01 4.271784820517339654e+01 3.823266898346609111e+01 2.812503439040976971e+01 2.751214241405511984e+01 1.740569230934931610e+01 2.751214241405511984e+01 3.314810238739964632e+01 3.002942519322963122e+01 2.584365126037588922e+01 1.893134205910776657e+01 2.476919684724502702e+01 3.487502768958764676e+01 2.764811188387924901e+01 1.750125285603994740e+01 1.618382530485214588e+01 2.599748299576884847e+01 2.562087956962137980e+01 1.979312611006036349e+01 2.697393525277519899e+01 3.714548155913877281e+01 4.121446688994353025e+01 3.467873845647594777e+01 3.052375970095781454e+01
