output/example_1/elevation_000250.asc
nrows	75
cellsize	13.33333333
xllcorner	0
ncols	75
yllcorner	0
NODATA_value	-9999
[rows 34 to 50 of 75, columns 0 to 36 of 75]
4.159999999999999636e-03 1.000415709444240520e+01 1.814320692013298597e+01 2.228711029390398224e+01 2.194393927852566861e+01 1.835115406445102337e+01 1.835115406447225794e+01 1.411470214937275536e+01 2.008046143837429653e+01 1.358920468991969699e+01 1.806817398487178750e+01 2.386369569289845671e+01 3.395973369446792134e+01 3.940741004650423918e+01 2.842880957477079562e+01 2.081966472753124719e+01 1.885297281902930422e+01 2.956795484604725388e+01 2.435074901954939364e+01 2.923882497929298907e+01 1.896015021273975876e+01 2.923880771528004985e+01 3.290204029986766443e+01 2.454212456891995586e+01 2.545754724836349325e+01 2.545816477958518220e+01 1.824196415891942635e+01 2.124526980936617804e+01 2.831142453095547751e+01 3.831618457294115387e+01 4.056458927486946919e+01 3.041050813486975102e+01 2.512454210839414515e+01 2.073844804856042856e+01 1.782173089575771385e+01 2.618309355880377964e+01 2.745838659363563039e+01
3.329999999999999627e-04 1.000033299999996217e+01 8.140174384205039360e+00 1.359990097844606183e+01 1.193101532468328507e+01 1.621439853784279350e+01 8.337631499624928111e+00 1.005263522660285069e+01 1.005263522660285069e+01 1.713385575697400043e+01 2.719419693405346550e+01 3.234636668068276322e+01 3.819854399343604001e+01 3.737179072881163222e+01 2.681464583426090087e+01 1.927351866758980847e+01 1.523036557501384003e+01 2.309745670969275011e+01 1.665947192352473749e+01 2.340735371303757262e+01 1.619272152745161364e+01 2.674592938936845954e+01 2.876864390369885527e+01 1.878055613648960787e+01 2.300157875285832532e+01 1.547968205050275614e+01 2.545816477958518220e+01 3.124175090310886205e+01 2.831142453095547751e+01 3.831618457294115387e+01 4.466770016657758191e+01 3.760231883291078958e+01 2.745887282418929587e+01 3.125686899035411059e+01 2.618344634597934473e+01 1.576171058066352693e+01 2.412244016666924651e+01
1.129999999999999928e-03 1.179641301977757406e+00 2.366422960177294144e+00 3.597337870090898004e+00 4.857219448358677027e+00 6.205619193642365694e+00 1.621439853784528040e+01 2.007124433285583365e+01 2.008045771880578911e+01 1.431915139725886732e+01 1.880398232924978430e+01 2.465116712429334811e+01 3.517369758275577851e+01 3.731740144199223863e+01 2.681327007474340363e+01 2.936996000662979256e+01 2.207965262070273127e+01 1.197781247636510926e+01 1.006900676007619744e+01 1.245223817649570819e+01 2.340735371303755841e+01 3.085526836606024759e+01 2.518771440640514214e+01 2.131512462895928905e+01 1.302468484349130406e+01 2.300157875285830045e+01 2.545754090195013219e+01 3.544811471690177740e+01 3.831618457294115387e+01 4.245349517437098541e+01 4.673749600023975148e+01 3.737261731493172334e+01 3.760231883335067948e+01 3.581987998664305906e+01 3.043432269602634577e+01 2.412243874788676479e+01 1.391455887046352480e+01
3.329999999999999627e-04 1.000033299999996217e+01 1.236795743588839258e+01 1.359990397650301652e+01 9.325063614758208885e+00 1.620705787888076799e+01 1.155234631246090160e+01 2.156797972066167546e+01 2.861912891623942912e+01 2.011296473643012916e+01 2.862007638232725526e+01 3.330393861392997934e+01 3.958516579038033001e+01 4.159033263782406920e+01 3.732500854867463858e+01 3.077042143431890864e+01 2.003491949473272626e+01 2.309745670970727716e+01 2.112226097335858555e+01 1.006900676007619744e+01 2.112227124597545114e+01 2.381622673563303039e+01 1.968413965133823851e+01 1.133619968427864499e+01 2.131512462895928905e+01 1.568961218243270395e+01 2.566786369641143040e+01 3.262355258228677002e+01 3.426521604787681952e+01 3.838934123538688681e+01 4.414973071058867049e+01 4.363210152428935373e+01 3.581987998664141060e+01 2.518356443493443209e+01 2.713536432479202887e+01 2.487743856702149614e+01 2.275989952010929329e+01
4.329999999999999539e-04 7.071500811865462310e+00 1.707150081186539126e+01 2.322041535309893945e+01 1.915409112826629823e+01 1.915409112827225968e+01 1.863290654615412834e+01 1.972916594779320221e+01 2.974977153048935108e+01 3.023625831485081150e+01 3.448911525497393171e+01 3.689204740443102537e+01 3.534539975477875373e+01 3.689204740443102537e+01 4.099896697245593202e+01 3.536901218573335370e+01 3.090603866384421750e+01 2.724688100829954962e+01 1.664636305246972015e+01 8.770186609938674493e+00 1.788145259024411615e+01 1.811400827815096548e+01 9.703650828022952979e+00 1.968576104061667209e+01 2.545256716444570699e+01 2.566786369641143040e+01 1.850660140322779057e+01 2.849222438684756753e+01 2.426610141024675116e+01 3.003971578242413898e+01 4.003735675419606821e+01 3.931842065119010243e+01 2.810412537305371217e+01 2.182222506459538991e+01 1.657752703403119909e+01 1.453405258661228139e+01 1.276208148333597059e+01
5.329999999999999452e-04 1.000053299999996348e+01 1.687257723931674036e+01 2.101471288224016121e+01 2.678821562438679749e+01 2.891357157571561132e+01 2.865387869132324283e+01 2.974977153048935108e+01 2.886193228443408643e+01 3.300404390485954309e+01 3.689204740443102537e+01 2.703057125150515461e+01 2.592013249395109398e+01 2.703057125150515461e+01 3.345189482205942966e+01 3.757580400210071048e+01 3.298736966626714207e+01 2.911770850373246944e+01 2.404072354821795798e+01 1.788146322660463738e+01 7.041052865178382802e+00 8.132224675226051858e+00 1.811146812812544837e+01 1.968074814361142444e+01 2.963685923161161639e+01 2.849222452018090124e+01 1.850660140322779057e+01 1.850660140322779057e+01 2.349270916550386801e+01 2.926538746862419416e+01 3.926504462711866950e+01 4.117023858036628781e+01 3.148715993555120463e+01 2.082748215564906502e+01 2.713536470500880426e+01 2.487744376491467690e+01 1.972265436368449443e+01
3.709999999999999756e-03 3.337043333333335582e+00 6.872577239266077775e+00 1.264607993116235285e+01 2.264607993141055431e+01 2.770441782617147197e+01 2.800407835513441412e+01 2.386196900282730837e+01 1.886200572122053032e+01 2.723058099271421995e+01 3.300404390485954309e+01 2.884018584266676299e+01 1.893722109331957526e+01 2.884018584266676299e+01 2.352223887195068741e+01 3.183846006279440743e+01 2.911770850373246944e+01 1.972538346820199706e+01 2.247633177997337484e+01 2.188999453585896049e+01 1.659519086536600341e+01 7.041052865178382802e+00 1.112089794114390351e+01 1.819543716974204983e+01 2.834523694230771795e+01 3.262355271562010017e+01 2.556385357634832189e+01 2.556385357634832189e+01 2.556385357634832189e+01 3.556193736844078757e+01 4.337939723364993938e+01 3.679792388448359475e+01 2.617639598662223932e+01 3.148715993555120463e+01 3.586911467583118451e+01 3.461208999454290591e+01 2.803031411364926839e+01
6.660000000000000121e-03 1.000665999999996281e+01 1.687257723931674036e+01 2.101471289146723009e+01 2.477550997257162990e+01 1.770449120781051988e+01 2.223061784724404077e+01 1.386204606069319034e+01 1.308854960933507172e+01 1.886200572122053032e+01 2.886193228443408643e+01 2.586361019000646522e+01 1.592772569977955399e+01 2.197671726901990752e+01 1.777307068867415651e+01 2.771900528630379057e+01 2.911770850373246944e+01 1.972538346820199706e+01 1.279109863234162425e+01 1.813916890283296723e+01 1.578428023359493615e+01 6.262525473941845000e+00 1.623032325454665781e+01 1.923791324378855450e+01 2.619107702859112052e+01 3.568686951326704104e+01 3.556193736844078757e+01 3.556193736844078757e+01 3.556193736844078757e+01 3.968325185489477747e+01 4.545230366097651853e+01 3.485289641464173371e+01 3.679792388448359475e+01 4.117023843831829311e+01 4.311109745487758005e+01 3.177802419686350888e+01 2.433440530100121180e+01
1.030000000000000013e-02 5.783802691896265280e+00 1.285487050376176299e+01 2.285487050376183049e+01 2.063340190296058196e+01 1.063347535695720225e+01 1.430889303901033394e+01 8.088582153027312316e+00 1.808851080031067227e+01 2.227867596606062506e+01 2.644390195289650691e+01 2.977385212979561757e+01 2.197671297725448625e+01 1.200841012710698585e+01 2.197671726901940659e+01 2.977539033961707560e+01 3.177767670463341432e+01 2.247083856422510095e+01 1.814332874058901623e+01 8.327953557466852175e+00 1.440208915016585323e+01 5.490993345233562195e+00 1.547832782743158297e+01 2.282931243244968655e+01 2.284905075965706445e+01 3.346014517223669316e+01 3.576963599312926334e+01 3.171619470615568304e+01 3.576963599312925624e+01 3.576936110044421469e+01 3.982701261072402588e+01 4.545230366097651853e+01 3.903013155191244010e+01 3.486149522359049513e+01 3.903013141193656566e+01 3.917126174371026082e+01 3.484089355137265898e+01
1.349999999999999985e-02 7.084567811865484899e+00 1.708456781186555062e+01 2.009810419314278107e+01 1.595599653199839985e+01 1.430889303901033394e+01 4.308949146072467151e+00 1.430889303901033394e+01 1.519154618838431503e+01 1.225596091617257244e+01 2.227867596606062506e+01 2.565187570107925197e+01 1.569157528494946874e+01 9.923459962429078018e+00 1.569157530016924618e+01 2.565198207687425835e+01 2.849210183172870714e+01 2.179571330259021522e+01 1.725344428512642736e+01 1.433076498960245893e+01 4.406328241357872599e+00 1.384254717718506100e+01 8.455769549347845526e+00 1.212677475575792130e+01 1.972475084964255032e+01 3.046357109662850249e+01 3.084624896626331392e+01 2.184419458071816678e+01 3.084624896626327129e+01 2.596310653538862923e+01 3.416709665631680082e+01 3.981050390253963656e+01 3.397290286393341319e+01 2.472612888532192343e+01 3.100092412241843931e+01 3.515154368013551789e+01 3.254195541712387296e+01
1.339999999999999872e-02 1.001339999999996344e+01 1.018252765090261391e+01 1.018252778423594584e+01 5.956055555902869614e+00 1.018252805090261326e+01 2.223804864930073233e+00 1.018252948237636879e+01 5.182610404390894487e+00 1.226217751381931365e+01 2.239472223399014084e+01 2.219517501117507052e+01 1.804867269467920465e+01 8.097778831023868307e+00 1.516230572075881256e+01 2.512997588589270492e+01 2.371762110500635501e+01 1.358399031142097435e+01 7.952351117434374395e+00 1.205085449700781908e+01 3.673088170809629904e+00 3.673088170809629904e+00 1.516742815235285136e+01 2.284884063348777872e+01 2.729402076032743096e+01 3.210724449275480197e+01 2.678019464343691780e+01 1.684368372241459966e+01 2.439735167687677375e+01 2.021707384685209874e+01 3.010771738756738358e+01 3.564375030203524375e+01 2.551136003601322599e+01 1.968792987518084203e+01 2.076262603420734365e+01 2.921117395133606465e+01 2.985893272739192739e+01
1.369999999999999864e-02 1.825620731970726274e-01 1.825620731970726274e-01 1.825620731970726274e-01 1.825620731970726274e-01 1.825620731970726274e-01 1.825620731970726274e-01 1.825620731970726274e-01 7.253614113248223916e+00 1.725355670782840178e+01 2.222387642935330021e+01 1.219794562096887169e+01 1.388654974336700931e+01 6.382816956116865725e+00 1.643226541615225145e+01 2.183063938618188615e+01 2.462408922953526158e+01 1.894093987829365133e+01 1.267663848089986267e+01 2.675574812593436214e+00 1.172149518011602609e+01 1.428116497189546763e+01 2.096449059296428175e+01 2.722406341989099232e+01 3.120261392735362804e+01 2.803829831700839748e+01 1.811972520288783528e+01 1.328523681165710890e+01 1.443000175710024102e+01 2.150575311556861280e+01 3.137828814052549831e+01 3.786682025174549437e+01 3.218062543941482545e+01 2.206790679331474081e+01 1.502054287552271994e+01 2.148557397279755676e+01 2.565010360464935601e+01
1.290000000000000001e-02 1.001289999999996283e+01 1.825620731970726274e-01 1.825620731970726274e-01 1.825620731970726274e-01 1.825620731970726274e-01 1.825620731970726274e-01 3.529128293468530853e-01 1.035284186281306695e+01 1.449492286261493490e+01 1.742382099184886712e+01 1.402118495338305415e+01 4.025806748850972561e+00 1.184191277912229801e+01 1.580882775715477706e+01 1.102022523339961246e+01 1.930677526314216763e+01 1.506942431390845094e+01 1.060262428684288949e+01 1.987145406641296352e+00 1.987145406641296352e+00 1.494986430793238341e+01 1.945486006999519191e+01 1.681172008031477105e+01 2.722406341989099232e+01 2.656631933319984995e+01 1.993981728164729006e+01 9.900622459878604786e+00 1.789057535317024872e+01 2.199192340487930863e+01 2.773514741354865620e+01 2.737181815567045362e+01 3.464706803283706904e+01 2.857033630056538698e+01 1.854205410267780962e+01 1.154359635611828416e+01 1.848488824386657470e+01
1.349999999999999985e-02 1.001349999999996321e+01 1.018252765090261391e+01 7.253613572729365799e+00 7.253613706062698618e+00 7.253613907265555660e+00 1.018250268998236230e+01 1.035284185447418359e+01 3.529128293468530853e-01 1.035284199614640066e+01 7.423946973994768328e+00 1.035284239614640001e+01 1.035284252947973371e+01 1.843626524599375927e+00 1.035284279614640113e+01 4.874961856710394947e+00 1.035284306281306677e+01 1.035284319593523605e+01 1.027114167402727540e+00 1.035308618402986447e+01 1.271148646068034083e+01 1.786710978769192337e+01 9.012492402988552698e+00 1.967677627540336260e+01 2.461680820153960525e+01 1.895619678430292865e+01 1.249791700902573766e+01 7.865015283932510037e+00 7.865015283932510037e+00 1.367186638551908118e+01 2.365386091742039554e+01 1.964811281994853331e+01 2.875300297463726196e+01 2.581926103061540445e+01 2.564092834406737964e+01 1.848221118330730306e+01 8.646986193927128639e+00
1.319999999999999993e-02 7.084267811865485598e+00 1.708426781186555132e+01 1.725355219668241347e+01 1.725355233001574717e+01 1.725358127228243532e+01 1.277817437795178712e+01 2.778270591464712336e+00 3.529128293468530853e-01 3.529128293468530853e-01 3.529128293468530853e-01 3.529128293468530853e-01 3.529128293468530853e-01 3.529128293468530853e-01 3.529128293468530853e-01 3.529128293468530853e-01 3.529128293468530853e-01 3.529128293468530853e-01 3.529128293468530853e-01 3.529128293468530853e-01 9.754203580295321530e+00 1.085554797496451584e+01 5.029411906827887080e+00 1.557618801637634931e+01 1.977028560175276439e+01 1.061863234975225367e+01 5.593162372086247558e+00 1.542081091283084326e+01 1.788952198998503462e+01 2.198176502242223407e+01 1.873748647854884553e+01 1.423384100783984607e+01 2.382298744993326522e+01 1.712940010255323031e+01 2.399261783452029917e+01 2.263433918594433791e+01 1.580480590282580700e+01
1.359999999999999924e-02 1.001359999999996298e+01 1.769066952966358386e+01 2.346417222155982074e+01 2.362872985159951966e+01 1.362888282916631688e+01 6.557902117904425232e+00 1.277817533716128295e+01 7.423946840661434621e+00 1.035284212947973437e+01 3.529128293468530853e-01 3.529128293468530853e-01 3.529128293468530853e-01 3.529128293468530853e-01 1.035284266281306742e+01 3.529128293468530853e-01 3.529128293468530853e-01 3.529128293468530853e-01 3.529128293468530853e-01 3.529128293468530853e-01 5.347025491390339225e-01 5.347025491390339225e-01 4.042112995953801580e+00 1.278430470228128435e+01 1.621658825760234635e+01 1.233684341272889640e+01 4.373178345184379090e+00 1.297852897121751248e+01 1.764062490077823497e+01 1.870938107794838245e+01 8.543587607571550890e+00 1.871386568354226299e+01 1.951182740449772979e+01 1.146705244775517940e+01 1.979932985943151280e+01 1.954380817142715543e+01 1.416321988054995451e+01
1.299999999999999940e-02 3.548533905932734100e+00 9.322036597828969207e+00 1.932203659782889815e+01 2.362872985159951966e+01 1.362888282916631688e+01 1.033751028132355998e+01 2.033735701029922538e+01 1.742382085851553342e+01 1.449492312928160231e+01 1.035284226281306807e+01 2.209868082624770746e+00 1.035284252947973371e+01 7.423947373994767673e+00 1.449492352927834737e+01 1.035284292947973306e+01 1.726520398445139159e+00 1.035284319614640047e+01 9.467338974985597844e+00 1.023966807799656031e+01 3.274434341795063208e+00 4.524644845478367650e+00 7.927726171601050531e-01 1.012813590839460609e+01 1.083279383139129415e+01 4.907534429253979091e+00 1.100836604491281534e+01 2.758291503588378824e+00 9.727589166905547202e+00 1.148641993323376376e+01 5.462785311132801525e+00 1.480830611396241459e+01 1.309144290869619454e+01 7.410603514641354472e+00 1.275768180294440945e+01 1.056041299723543858e+01 2.973251733370714245e+00
