output/example_1/elevation_000047.asc
nrows	75
cellsize	13.33333333
xllcorner	0
ncols	75
yllcorner	0
NODATA_value	-9999
[rows 0 to 16 of 75, columns 37 to 73 of 75]
4.708811681821831741e+01 5.150405963229528794e+01 5.339578601598072538e+01 4.907454962502927742e+01 4.907454962502927742e+01 4.712182731521015455e+01 5.147483676722950463e+01 5.203283767399576476e+01 5.203283767399576476e+01 5.629676593575543819e+01 6.049473477178903380e+01 5.631190840680367415e+01 6.049473477178903380e+01 5.831200122547885911e+01 6.251156922801925475e+01 6.148806918133339394e+01 6.565149439745385962e+01 5.881531320371837523e+01 5.454816085397063574e+01 5.615027922458871501e+01 5.189651819505814245e+01 5.322000688119833001e+01 5.747906588087063540e+01 5.797455659833668307e+01 5.372716113492164425e+01 5.372716113492138135e+01 5.223958420537749703e+01 5.223958420537749703e+01 5.648147166100288530e+01 5.470067602788076755e+01 5.048438103110997588e+01 4.918310915654618753e+01 5.338974036041562954e+01 5.456400315336613005e+01 5.142818489472799115e+01 5.093597430023390160e+01 5.093597430023390160e+01
3.626332493611224095e+01 4.528205574716529469e+01 4.907454962502927742e+01 3.820348430022567499e+01 3.820348430022567499e+01 3.618921385293739235e+01 4.523450735197430816e+01 4.128383128706561678e+01 4.128383128706561678e+01 5.203283767399576476e+01 5.533082196361200999e+01 4.588898371531686848e+01 5.533082196361200999e+01 4.782168288491041608e+01 5.651444824133661626e+01 5.106128752622498723e+01 5.969506738476054863e+01 5.454816085397063574e+01 4.443736376206219774e+01 4.739874766708098264e+01 4.181423633362523873e+01 4.311616256380194301e+01 5.322000688119833001e+01 5.372716113492164425e+01 4.362074807788496145e+01 4.362074807788496145e+01 4.215446073084214618e+01 4.215446073084214618e+01 5.223958420537749703e+01 5.048438103110997588e+01 4.064923186869800986e+01 3.939142966171569782e+01 4.767495394828939226e+01 4.391908967752112858e+01 4.080872059740308799e+01 4.079377972276419939e+01 4.079377972276419939e+01
3.020262330082671198e+01 4.051352051233303087e+01 4.716853041218497111e+01 4.138754561513871266e+01 3.018812469619276939e+01 2.958108231563619483e+01 3.893298979953272720e+01 3.342572904412659085e+01 4.439695970186389928e+01 4.571895123355550794e+01 5.003182382144825624e+01 4.051617950089352149e+01 4.550996596297127184e+01 4.158992470090818472e+01 4.930851562708832603e+01 4.479934007162494680e+01 5.546816398597511721e+01 5.341169025811397120e+01 4.329785634483891954e+01 3.735365643698007432e+01 3.602140581178635870e+01 4.104845793005042509e+01 4.425844399007472418e+01 4.847379195410342589e+01 4.658084792881873426e+01 3.652859337719929300e+01 3.505721406077002200e+01 4.510832500742980500e+01 5.026373418995198961e+01 5.048438103110997588e+01 4.064923186869800986e+01 3.387735815359486224e+01 3.958925467316679914e+01 4.321753853686096392e+01 3.376250371343581236e+01 3.397108886881819956e+01 4.068676983963568716e+01
2.584950693941853572e+01 3.221444836379819776e+01 4.263343929444412339e+01 3.722731893225157052e+01 3.268647352987603938e+01 2.439515529780175740e+01 2.758899608745461052e+01 3.893300554429799831e+01 4.330894635998671305e+01 3.440329359257957265e+01 4.327861649692776780e+01 4.148800012208035071e+01 3.480164223446308824e+01 4.469759411198510435e+01 3.849449871876451112e+01 4.479930007197103947e+01 5.546589408864115001e+01 5.042044522600170353e+01 4.034758343106550882e+01 3.323824127989747268e+01 3.323824127989747268e+01 3.101652156160133700e+01 3.421216670936348692e+01 4.265150782706794530e+01 4.278506873200775829e+01 3.859568535859093430e+01 3.152014375379509303e+01 3.599883878669231052e+01 4.309185428911207083e+01 5.318996862750962862e+01 4.767495394828939226e+01 3.958925467316679914e+01 2.999062324197925378e+01 3.621856025268405688e+01 2.954989623154420642e+01 3.360180198925580441e+01 3.953102160237963858e+01
2.240130225733865998e+01 2.782150292079337461e+01 3.820126499884189997e+01 3.268835536982106049e+01 2.184654917784858341e+01 3.268835536982106760e+01 3.893298979953373617e+01 4.337443550285654226e+01 3.886913866990700939e+01 2.831356496628251307e+01 3.884823109384714712e+01 3.087143909913576323e+01 4.111291132643943058e+01 3.394138831548109891e+01 4.014136918540119581e+01 5.086454284253923674e+01 5.968992721358429066e+01 5.042044522596472689e+01 4.034758343106550882e+01 4.034758343106550882e+01 4.034758329773217866e+01 3.845822309770193215e+01 2.851193872405896812e+01 3.614575895228142599e+01 3.588792212793075009e+01 2.864672776895318407e+01 3.859568535841967218e+01 4.575277794074339965e+01 5.026373416042935105e+01 4.869880383054057660e+01 4.458787353681057652e+01 4.369193112517112354e+01 3.621856025268405688e+01 2.665277101896835887e+01 3.263796106907084038e+01 4.009643262503611538e+01 4.209555681966440233e+01
2.058791058864338197e+01 3.014359736306147042e+01 3.362189734026267729e+01 2.929916280962315156e+01 2.059567187360477192e+01 3.053124904956391816e+01 3.549154425223872522e+01 3.993234201620688850e+01 3.554479893817979530e+01 3.687577753028812566e+01 2.831356496628251307e+01 2.831356496628251307e+01 3.049328364405106484e+01 4.111440310797144804e+01 4.467623971704573904e+01 5.471618622560442446e+01 5.269878126871977031e+01 5.466475670100175677e+01 5.042044522596463452e+01 5.042044522596870593e+01 5.042044509262972696e+01 4.265150782871342017e+01 3.614575895228124836e+01 2.631664871740197853e+01 2.607294168014650282e+01 3.588746670853000609e+01 4.067199504851816272e+01 4.067207969769903997e+01 5.066424744136766378e+01 4.458787353681057652e+01 3.508900501175440922e+01 3.787115918914389567e+01 3.458954944590524860e+01 2.519930694783299430e+01 3.458954944385868657e+01 3.553761063429112710e+01 4.215346114366847274e+01
1.899207653029868581e+01 2.729413189085511249e+01 2.809413833878708644e+01 1.965964911395304071e+01 2.429499637891644781e+01 2.158110412987826265e+01 3.114086178806565641e+01 3.371204896011307994e+01 2.512175923838109881e+01 2.639505537052651007e+01 3.687577753028812566e+01 2.831356496628251307e+01 3.884823122718054123e+01 4.550197249080584783e+01 5.520698253777326414e+01 4.946995095665438669e+01 4.185151643654983644e+01 4.927820436537912485e+01 4.714555694652037232e+01 5.123531666957714492e+01 4.773397146408435532e+01 3.766860554933922600e+01 3.191672119145171749e+01 3.409664837676781701e+01 2.435274755260691393e+01 3.408786393677385718e+01 3.073277071743097011e+01 3.774309749064960329e+01 4.774326810989094838e+01 4.591334573675229080e+01 3.787115887969368799e+01 2.847434106339407123e+01 3.284835200043293923e+01 2.519930694783299430e+01 2.791551498002859688e+01 3.727253329835032503e+01 4.634421244186761868e+01
1.747493886497326443e+01 1.808803200252377508e+01 1.872902751624590323e+01 2.731226528301418099e+01 3.114887100528451214e+01 3.113895537569515781e+01 2.262463060566631512e+01 2.347394140684584940e+01 3.370075981305220125e+01 3.687196247687545991e+01 4.125418729270690932e+01 3.884823122718054123e+01 3.431936641946150957e+01 4.485609196383468600e+01 5.066511676410504350e+01 4.459143992517753219e+01 3.459600390027851802e+01 4.453047237121622004e+01 3.735598188776759088e+01 4.570592350873749155e+01 5.196627237653986953e+01 4.612917688640470004e+01 4.192272680459774392e+01 3.301807434996375434e+01 2.326130230629964402e+01 2.513887403075020543e+01 3.493175158920725920e+01 3.590144156732302605e+01 4.590987390651336142e+01 4.197630868628643697e+01 3.334724384006776177e+01 3.164801347719917146e+01 2.341759052358744952e+01 3.150327369170865310e+01 3.576258841706984981e+01 3.291189685841045076e+01 3.753980048510746315e+01
2.659707208615364138e+01 2.730382429468526340e+01 1.808803200252377508e+01 2.505808773405310674e+01 3.666857975990422602e+01 3.693276488425978243e+01 2.953514711755206434e+01 3.061826720366858368e+01 2.682622313046732643e+01 3.419043893643828369e+01 4.486023356655941541e+01 4.929178232389622138e+01 4.188110527839435804e+01 4.929178269682171987e+01 4.636648708429270727e+01 3.591985559860385280e+01 3.013211603526531235e+01 3.588085124196143738e+01 3.162973440492968180e+01 4.155840140542017025e+01 5.062767433415400120e+01 4.866399126962688371e+01 4.261764063683362735e+01 3.686586027355067330e+01 3.141577731859833378e+01 2.170004067059867126e+01 2.604323285265935795e+01 3.296508324347924912e+01 4.294260016843082184e+01 4.186440021613341855e+01 3.648057594383219993e+01 2.641669601645001109e+01 2.880773529876196903e+01 2.171768750924345426e+01 3.182253288233030375e+01 3.982691862516471559e+01 4.634421244186762578e+01
3.387876449400940970e+01 2.951695496574138389e+01 1.947565198792861096e+01 2.956686848298687309e+01 3.251225040744174777e+01 3.716209866834390141e+01 4.006725131663427675e+01 4.120008073125055148e+01 3.731554943074018382e+01 3.085344604586790851e+01 3.834725777064971197e+01 4.906348286789057767e+01 5.249014981359836440e+01 5.209389634265236424e+01 4.626264396693252934e+01 4.205658534404923188e+01 3.588085057417481494e+01 2.596864873513064964e+01 3.588085057417482915e+01 3.632047398761010015e+01 4.639225885606045097e+01 4.440507017146616420e+01 3.385961196421662578e+01 2.739932535263377389e+01 2.323855827908648664e+01 2.065282460777077844e+01 2.750397183664329859e+01 3.655913390865332246e+01 3.724313151326959570e+01 3.032161366871844521e+01 3.569865712634772592e+01 3.020975042756901630e+01 2.051926611233785636e+01 2.051926611233785636e+01 2.615000704827568612e+01 3.575546305269148917e+01 4.470981255724080938e+01
3.081047593050086419e+01 3.401560450277299452e+01 2.956694413364164475e+01 2.188901208838194279e+01 2.188901208838194279e+01 3.251405554450722235e+01 4.118678844798010630e+01 4.579991182164505403e+01 4.585339109750555764e+01 4.148596743291009403e+01 3.611501057798448500e+01 4.373637921775139148e+01 5.439058651802977096e+01 4.788029497190390771e+01 3.781030346117845653e+01 3.203699592833543619e+01 3.371333860923792258e+01 2.387956781817962693e+01 2.820607235036434801e+01 3.816868094713110082e+01 4.231989105029530407e+01 4.651695108138602563e+01 3.821073770419083360e+01 2.853050091043305514e+01 2.337932510110035977e+01 1.963925638416812802e+01 2.818637823825365274e+01 3.112956404206410710e+01 2.580246323026240063e+01 2.336853505526771357e+01 2.769704108895551897e+01 2.842875498924920663e+01 2.051926611233785636e+01 2.242066324432329694e+01 3.202475088600898800e+01 3.789118200513809143e+01 3.506681275364952910e+01
2.643781031948256910e+01 3.705969977895510681e+01 3.715700290012115659e+01 2.617170619751407301e+01 2.772709626940721961e+01 2.587653798410604011e+01 2.960855652047859365e+01 3.628037993403496841e+01 4.788906711937340077e+01 5.117948825949451219e+01 4.233589815058745387e+01 5.117948825949451219e+01 5.315233021863294738e+01 4.898204871952803074e+01 4.626264396710719495e+01 3.670662870994986804e+01 2.677625769494629893e+01 2.387956781817962693e+01 3.151194462657760198e+01 3.524340437761426870e+01 3.231222762397280945e+01 4.231989105029530407e+01 4.239044042041945914e+01 3.673214375410790211e+01 3.262184827428407630e+01 2.818809730483088316e+01 1.830405685955792094e+01 2.677365641812883368e+01 1.702014858225065197e+01 2.687822930839365654e+01 1.825619249922510789e+01 1.916601965202967861e+01 2.898359620362159461e+01 3.202475085843185099e+01 2.515869286824866791e+01 2.832670881264632712e+01 3.382784255408400043e+01
3.242204827148661650e+01 4.162762125762392884e+01 4.219240119348603457e+01 3.263418897732672974e+01 3.568219783473917062e+01 3.219473917974321608e+01 4.118678844798010630e+01 4.579991182167140806e+01 5.236741734234799850e+01 5.728066293350525484e+01 5.303276084249024080e+01 5.237054266123663382e+01 4.725263085974439292e+01 3.870107715353093170e+01 4.546222293142230342e+01 4.089219555861863142e+01 3.670662866217842435e+01 3.151194451926909679e+01 2.173117571096038603e+01 2.536804742264570223e+01 3.524331555688767992e+01 4.011775530879417317e+01 4.426257096718739348e+01 3.961056547491178748e+01 2.967949111776071192e+01 2.402363774625208492e+01 2.692321035728608436e+01 1.706622376382467365e+01 2.567742345490743716e+01 1.702014858225065197e+01 2.687822930839322311e+01 2.483794143437701862e+01 3.255635482236509404e+01 3.826209344149703639e+01 3.049363601448651906e+01 2.919246646295211889e+01 3.920354543376686962e+01
4.339484987136285810e+01 4.797852717604843065e+01 4.878659219328329755e+01 4.423473560922940351e+01 4.719139459966391570e+01 4.378477640466032028e+01 4.834565799021761734e+01 4.705728146809308043e+01 5.150677695649619636e+01 5.767362769336914852e+01 5.535484088939158909e+01 4.523318862566732435e+01 3.789490209983744506e+01 3.265304294941590513e+01 3.511677411993165521e+01 4.238604460529207074e+01 3.852580963988862095e+01 3.012614096337701142e+01 2.035955358979605734e+01 3.010474285478570522e+01 3.308233688733771771e+01 3.016883286448402401e+01 4.011775291106133068e+01 4.380499662494606383e+01 3.803822677838898159e+01 3.387685592756425024e+01 3.095553936990753741e+01 2.561216278839049210e+01 1.591328364013408425e+01 2.567710422426378969e+01 3.093014966470867222e+01 3.406232756529779238e+01 3.780496967532418040e+01 4.290409282427037851e+01 3.915411036535542877e+01 3.273225632885802838e+01 3.867324084642001480e+01
4.861172406368532251e+01 4.426367351295630215e+01 4.292985613858875382e+01 4.726392277181022195e+01 4.691129248716301703e+01 4.540750749291434829e+01 4.100052916849100626e+01 3.656667875609079488e+01 4.256799006807383279e+01 5.318976756551040808e+01 4.681765168663287824e+01 4.240227123241104579e+01 4.202875688786803465e+01 3.814688592239895115e+01 2.782870499546231713e+01 3.814688504476325903e+01 3.442348039030806461e+01 2.461893137765180128e+01 1.903063645591629438e+01 2.844848228730104722e+01 2.325233232548950824e+01 2.888307681086372014e+01 3.881974104307686702e+01 3.983459971402132993e+01 3.568918316763035392e+01 3.607804789899448394e+01 3.167656708752005557e+01 2.507581768336737937e+01 1.537711290920622531e+01 2.507498922468334612e+01 3.060810483221123590e+01 3.086890660110809037e+01 3.501419294046597486e+01 4.204791126075232199e+01 4.612952120681126900e+01 4.206321729758018790e+01 3.926342921677519371e+01
4.426367351295630215e+01 3.426284716959106902e+01 3.299163482529699820e+01 4.143728561663822063e+01 3.716700113170849562e+01 3.716700113170849562e+01 3.067376434414977382e+01 4.080847928112344647e+01 4.557126752804128245e+01 4.668678117537056238e+01 4.065948545567658812e+01 3.192506567037954568e+01 3.193655801274084993e+01 3.198310095441844680e+01 2.527962336703225432e+01 3.548274255493063833e+01 3.349223340074656363e+01 2.334840311780410715e+01 1.776823321964113944e+01 1.870661817479810907e+01 2.555706648434015449e+01 3.541623749048383729e+01 4.296441717536256988e+01 3.568918329239114229e+01 2.501139790551782838e+01 2.810474137349346790e+01 1.592235145966824916e+01 2.430288650794743077e+01 1.537711290920622531e+01 1.667401117443334613e+01 2.649196270204844339e+01 2.105089118662216308e+01 2.798047460025240696e+01 3.529964554255091258e+01 3.945317599562410038e+01 4.522724859441277800e+01 4.882292998554149932e+01
3.991380359476260509e+01 3.681000572475673493e+01 2.743653448585800803e+01 3.719202138809371405e+01 3.708087682244153171e+01 2.836652146614625281e+01 2.763231724943450018e+01 3.247294015309410042e+01 4.137413802475002456e+01 4.234359025496478068e+01 3.192298213361183201e+01 2.606329982406105827e+01 3.116404151092199015e+01 2.192467281440507421e+01 2.888166135516465616e+01 3.311430696067312596e+01 3.781557396406868321e+01 3.162475852792527675e+01 2.573731628244251368e+01 1.608975976163270971e+01 2.574372224590624469e+01 3.294084421500454596e+01 3.598004640734829707e+01 3.193411023581538899e+01 2.813884868675360096e+01 1.576488268120055736e+01 1.587323605025843776e+01 1.466913269992767610e+01 2.427950755301181118e+01 2.649136933402572680e+01 1.873347987587845864e+01 2.859426501691997302e+01 2.351937065556582596e+01 2.546152221970987739e+01 3.108683988332958847e+01 4.105311565793705597e+01 4.726608021775593471e+01
