output/example_1/elevation_000198.asc
nrows	75
cellsize	13.33333333
xllcorner	0
ncols	75
yllcorner	0
NODATA_value	-9999
[rows 0 to 16 of 75, columns 37 to 73 of 75]
4.660498783750814056e+01 5.082694972253787569e+01 5.140931054982155501e+01 4.695868952170366128e+01 4.631601592769842313e+01 4.750271561607079462e+01 5.194194178599793332e+01 5.003232380068199348e+01 4.572216597450088216e+01 4.707774303843758190e+01 4.707774303843758190e+01 5.138475090325183459e+01 5.421886856196792337e+01 5.041044082623837852e+01 5.450826732933529684e+01 5.453480998183390938e+01 5.043290366897581123e+01 5.453481542955343286e+01 5.539227617077927590e+01 5.550393573340836184e+01 5.967680289587094222e+01 6.564329796815347606e+01 6.137407931697888586e+01 6.001517718108492971e+01 6.429505082641337310e+01 6.211561859755386905e+01 6.100481976455706246e+01 6.100481976455706246e+01 6.527843233344734131e+01 6.765209579575554244e+01 6.337552752993207150e+01 6.629920093806620685e+01 6.201565544410411235e+01 5.935786838761332973e+01 5.501739086047822269e+01 5.501688652638232213e+01 5.501688652638232213e+01
3.639287527819900703e+01 4.660578747506611563e+01 4.522869772210802353e+01 3.626996278670296903e+01 3.560477158842061129e+01 3.677310155489787746e+01 4.486188348410853877e+01 4.056513810280287657e+01 3.540811049775489039e+01 3.673927653751440658e+01 3.673927653751440658e+01 4.707774303843758190e+01 4.449980630599701215e+01 4.074607357688091724e+01 4.888987250342233182e+01 4.966424402199788801e+01 4.075886041997102183e+01 4.570495060114343744e+01 4.566318676478000071e+01 4.580150272926334054e+01 5.550393573388981139e+01 6.137407931697888586e+01 5.074903940754985854e+01 4.935590158556299656e+01 5.819616868785166020e+01 5.151203000672492038e+01 5.037448918163138245e+01 5.037448918163138245e+01 6.100481976455706246e+01 6.337552752993207150e+01 5.262114078984630794e+01 5.577102773851473216e+01 5.119944181053175214e+01 5.501731318159853146e+01 4.461410887556066029e+01 4.461410660193385525e+01 4.461410660193385525e+01
3.639279953762920883e+01 4.660387632189421936e+01 4.078755021318878704e+01 3.042832066430009519e+01 2.844724001276073366e+01 3.872388917025153177e+01 3.856950580351309554e+01 3.058395608388671860e+01 2.983765695279673835e+01 2.983765695279673835e+01 3.976734326856485069e+01 4.734645373732281115e+01 3.763608035079847269e+01 3.510262848512918055e+01 4.403306989091201018e+01 3.998104111516900616e+01 3.587069229754591504e+01 3.597217689301109544e+01 3.907298680143600933e+01 4.456407431995442892e+01 5.421557755072807794e+01 6.137407931697888586e+01 5.074903940754985854e+01 4.320409400533115019e+01 4.951036093133992466e+01 4.396975777536840013e+01 4.284344118527859990e+01 5.037448918163138245e+01 6.100481976455706246e+01 6.337552752993206440e+01 5.262114078984630794e+01 4.463890343340857214e+01 4.463890343187531329e+01 5.383264028713924176e+01 4.766101029861351179e+01 3.819001897799596890e+01 4.766101029861351179e+01
3.678412012692425748e+01 4.550887747471607270e+01 4.284889035894147469e+01 3.480663965729300457e+01 2.476236923681625868e+01 3.123814613255242634e+01 2.873736170937936407e+01 2.522124697984706998e+01 2.522124697984706998e+01 3.480250011069673377e+01 4.006598728631536233e+01 4.063761420437433713e+01 4.047326576317627911e+01 3.072979810877925644e+01 3.753826105298220739e+01 3.022923188711039089e+01 3.224415882379672382e+01 4.202630791573634639e+01 4.864327956206360426e+01 5.273915279143068346e+01 5.837912268777817815e+01 6.036545092309692251e+01 5.819616868785166020e+01 4.951036093133992466e+01 3.899532231587259190e+01 3.799608161132200479e+01 4.847012848468818902e+01 5.037834274454451844e+01 6.096899713254763498e+01 6.447491149236660135e+01 5.394065242993567466e+01 5.020496558596165215e+01 3.916784539566295820e+01 4.280276005707030151e+01 4.458820558746814555e+01 3.819001897799596890e+01 3.819001897799596890e+01
4.032775496978595697e+01 3.650249150152919952e+01 3.387372929744574179e+01 3.863058945455462379e+01 3.123637394315646887e+01 2.114701451199558591e+01 2.194323559398888790e+01 3.003755690196364370e+01 3.410901387566095622e+01 3.259666900837383707e+01 3.068784285046623239e+01 3.150385213896600689e+01 3.556760230204146467e+01 2.785703284922912459e+01 2.785703284922912459e+01 3.753826105298576721e+01 4.202630791573620428e+01 3.794512637103540698e+01 4.361623146756872416e+01 5.356266494711167070e+01 5.734038060055570440e+01 5.018518023175016651e+01 5.734038098853132936e+01 5.314981890374505014e+01 4.257283750988356985e+01 3.539275569461423743e+01 3.983262689484995889e+01 4.726048593500777883e+01 5.790549904106914880e+01 6.141782881006133010e+01 5.084350456503186422e+01 4.365670268920131036e+01 4.603333718078207681e+01 3.572815726485259091e+01 3.572815726485259091e+01 4.458820558746814555e+01 4.766101029861351179e+01
3.890920476956706153e+01 3.646848366802076669e+01 2.740797339279037459e+01 3.649588718526018027e+01 2.890809682044046625e+01 1.861738445479613802e+01 2.877380594643777201e+01 2.005575671933369364e+01 3.005486019718388846e+01 2.295752089519762507e+01 2.395316874846774624e+01 2.492615667421728887e+01 2.596882221262452006e+01 3.557442145128744215e+01 3.753826105298571036e+01 4.116464930363829922e+01 4.506381993092634985e+01 4.770874889634401939e+01 5.188043656760424227e+01 5.776201087561688041e+01 5.297487805154832330e+01 4.313249936989983979e+01 4.740814456229371388e+01 4.709701259914785965e+01 4.265844576077589068e+01 3.388569703511410580e+01 4.088169146184965541e+01 5.139985992925872438e+01 5.333302296211093108e+01 5.784083677331587126e+01 5.473003894377459488e+01 4.441543355095980417e+01 3.802760109480423978e+01 3.572815726485259091e+01 4.447674115422178431e+01 4.855666280471091056e+01 5.141600954100062637e+01
3.177394983509010018e+01 3.271983860594072269e+01 2.371389963724080019e+01 2.896828342495915365e+01 3.099617696892345364e+01 2.766221051562349231e+01 1.861738445479613802e+01 2.877089877435614795e+01 2.150473028737750525e+01 3.127932855637986265e+01 3.353103132186264901e+01 3.448234848496764471e+01 2.829997682195019237e+01 2.838024057630507357e+01 3.017155278394271534e+01 3.206475042399323172e+01 3.829574952650825281e+01 4.675956202162553410e+01 5.170425080047881039e+01 5.698483343871697571e+01 5.458332569884841945e+01 4.443608722304914949e+01 3.778770479619451805e+01 4.264504436938617005e+01 3.614221625182742770e+01 3.242017212917459545e+01 4.325302113131506587e+01 5.127999585018997664e+01 4.177023719541315927e+01 5.128004196890851318e+01 5.781246107245447519e+01 4.743651152525187342e+01 4.349214212762724685e+01 3.444681420516063497e+01 4.116772007313714710e+01 4.231355133550854930e+01 4.118074574331068760e+01
2.576790837269427215e+01 2.932840601655993495e+01 2.682739360852440669e+01 1.881825840519560344e+01 2.644747153373597470e+01 1.741545021084359490e+01 2.738370271354260765e+01 3.283023967667905652e+01 2.847002778030041270e+01 2.722407777803600837e+01 3.681890417746973299e+01 3.978180131113311546e+01 3.075476168635493934e+01 3.785751645724070613e+01 3.967813340484357099e+01 4.157008173880077351e+01 3.509927345288348732e+01 4.351153412032562784e+01 4.191964553939052962e+01 5.226577448223684996e+01 5.561722207265011519e+01 5.129011264143903048e+01 4.312303618499192481e+01 3.376479814482856767e+01 4.035893604666846812e+01 3.092823442229014930e+01 4.036313931683191214e+01 4.131636987044334575e+01 3.532753854765120138e+01 4.328800135651258074e+01 5.479132036224213209e+01 5.323832963659820194e+01 4.328968539296113249e+01 4.141499289330102584e+01 3.272909081985327617e+01 3.490499831038695078e+01 4.080589532771777073e+01
1.631077695037692621e+01 2.430568380894590064e+01 2.174120475507716321e+01 1.559280788301589027e+01 1.626635140090523635e+01 2.598093889110919719e+01 2.697927961492849747e+01 3.600343099808082314e+01 3.806158052126980351e+01 3.277102663258958870e+01 4.081327988476649438e+01 4.209195428203883438e+01 3.364655117610774937e+01 3.928176547715399636e+01 4.671045951000848362e+01 4.453797888821240747e+01 3.509927345288348732e+01 3.509927345288348732e+01 4.164928074632209132e+01 5.403946700560920391e+01 5.068541796757880746e+01 4.220604737675743934e+01 3.777487574874139398e+01 4.035893604666855339e+01 3.092823442229014930e+01 3.882478948469044866e+01 4.098254174787884807e+01 3.046397044666377241e+01 4.128488091296159723e+01 5.128004196108935986e+01 5.182645099453050364e+01 4.758067145489589933e+01 4.308851689416620445e+01 3.901806225898953073e+01 3.146420475649549786e+01 4.052296538907614831e+01 4.080587954798023986e+01
2.348739843763296165e+01 1.408202881710152354e+01 1.468912300509234292e+01 2.428575816245144026e+01 2.656209678558109388e+01 1.825386466665029417e+01 2.843743644012091565e+01 3.444448553752913256e+01 4.139918511018425562e+01 4.234840972221025623e+01 4.636160906757964995e+01 4.648736493849287399e+01 4.277083930896182551e+01 3.852220047165149452e+01 4.662417161033321378e+01 4.558254413995572918e+01 3.509927345288348732e+01 4.514729007818006323e+01 5.072259137609236745e+01 5.891787380052271317e+01 5.561722207265011519e+01 5.129011264143903048e+01 4.306259398684583317e+01 4.035885208633335708e+01 3.882478948469044866e+01 2.927158951485924376e+01 3.731251462589468559e+01 2.761238097844319483e+01 3.731388007887372282e+01 4.796853316565369596e+01 4.616873066986664753e+01 3.796740841868422223e+01 3.904357561390271769e+01 2.982803593153978028e+01 3.904354238515438880e+01 4.460521849994846377e+01 5.109067968131402182e+01
1.330767573726723896e+01 2.349211733831094051e+01 2.610811390379550190e+01 3.056522384652302904e+01 2.896523728977527057e+01 2.843743644012080907e+01 2.035003022900940195e+01 2.749106470093314414e+01 3.402437493230813459e+01 3.814354113534533042e+01 4.508018302065253380e+01 5.107503258374265442e+01 5.029903344619268779e+01 4.341499489482286833e+01 4.870796261310805875e+01 5.042956609290618530e+01 4.133733105413681130e+01 5.039943039908534672e+01 5.312593111575858984e+01 5.314893214073324401e+01 5.416475691418598615e+01 5.725558236294797609e+01 5.305712848272882098e+01 5.020533149592779409e+01 4.293563140707153281e+01 3.731245753253224251e+01 2.761238097844319483e+01 3.595278991251159084e+01 3.547789736578853592e+01 4.304547949883621527e+01 4.203045991781284840e+01 3.267964716720383223e+01 3.663177256054667197e+01 2.868235991923885209e+01 3.801326963511944967e+01 3.905947580655944051e+01 4.582671201573826636e+01
1.277039228659332082e+01 2.018388853852372478e+01 3.112751906956854953e+01 3.956618738225674292e+01 3.670270180424554951e+01 2.674745016772639516e+01 2.035003022900940195e+01 2.230699294147258271e+01 2.424110818822022395e+01 3.113442780056803372e+01 3.700376123717174437e+01 4.375807184999585786e+01 4.802220708451643816e+01 5.129284056998582031e+01 5.522081095913694071e+01 5.844169826019422231e+01 5.377087082356758430e+01 5.315816908538877072e+01 4.526156638777265329e+01 4.005756424652703629e+01 4.586308247773447988e+01 4.777771872351993920e+01 4.719460701192411278e+01 5.145232075489131773e+01 4.412285150547273815e+01 3.449158929290172892e+01 3.595278990309992651e+01 2.608810743891493189e+01 3.010124051010501844e+01 3.813644339739421696e+01 3.936883840193515738e+01 3.534438701657530402e+01 2.704124127237762210e+01 2.945397682443747911e+01 3.176483083020722731e+01 4.085697222081476099e+01 4.914220340924382668e+01
2.339400434367751203e+01 1.835630156374177702e+01 2.400819018771515090e+01 3.557177460747126929e+01 4.128766912094674524e+01 3.274068821506081406e+01 2.293645928568285797e+01 3.216747509454689435e+01 3.402421332376951568e+01 2.716031894133998392e+01 3.012485526366149458e+01 3.371877392623465397e+01 3.922769791186796340e+01 4.978935773917385887e+01 5.843123993953838635e+01 6.249089476678842914e+01 6.063154389183171133e+01 5.431768129124397859e+01 4.696626449010570781e+01 3.742141604455075310e+01 3.873254146528288544e+01 3.752376747949333691e+01 3.745013004679207569e+01 4.716297925986957296e+01 4.833233083151459653e+01 4.412285270806284387e+01 4.004234997828136500e+01 3.460874394819590094e+01 2.452425983115287167e+01 3.326659273866877697e+01 3.405913272119143897e+01 2.555590099569555562e+01 3.534437806431743923e+01 3.468041643229222615e+01 4.085695616381258333e+01 3.546047086632334100e+01 4.060261365360401697e+01
3.152098956122682338e+01 2.951733385091264594e+01 3.400935133860922832e+01 4.004836770357677267e+01 4.076133589048757244e+01 3.093813979174515438e+01 2.581653358715592006e+01 3.555076264299078304e+01 4.084253613283601680e+01 3.083225900058982916e+01 3.729088864154523719e+01 4.081769578370568041e+01 4.802247122148870062e+01 5.410632393843085453e+01 4.855442141687709068e+01 5.680135334671793146e+01 5.654741851029154986e+01 4.562110506200239257e+01 3.989816381929144740e+01 3.619683880425323252e+01 3.273630145046593043e+01 3.081489821987880973e+01 3.783197065127168202e+01 4.203305238267532928e+01 4.225167550974612141e+01 4.633265053542142198e+01 4.334378893705941493e+01 3.273315174849410170e+01 3.247917501361732207e+01 2.294321577200553719e+01 2.390060447545077693e+01 3.405909215228321330e+01 3.936809373097468523e+01 4.415453676279205553e+01 4.836579654959458452e+01 4.188932662649873606e+01 4.188932662649873606e+01
3.382990911092127817e+01 3.672583105450232921e+01 4.016140778373129905e+01 4.430168218419237292e+01 4.493268425518551368e+01 3.968336732428652880e+01 3.139571773835024615e+01 3.139571780162513193e+01 4.122668755395171303e+01 3.578047009055155314e+01 4.513202431799805225e+01 5.118700277688926548e+01 5.643075486270535635e+01 5.078490323537927509e+01 4.298794395525371925e+01 5.243316975383596912e+01 5.718297992250971618e+01 5.431656882089561122e+01 4.726728239451382052e+01 3.762388980433414076e+01 4.168394123725022382e+01 3.785439220455101150e+01 2.830641872107878143e+01 3.585572945633156650e+01 3.247646465815612515e+01 3.496620219175458999e+01 3.928396705745262096e+01 3.303157385367500609e+01 2.209538371588947925e+01 2.192973289250591407e+01 3.360613462160404907e+01 3.403154172699233726e+01 4.352409348200652772e+01 4.633466699523754784e+01 5.011729924149744875e+01 5.206127338863179688e+01 5.206127338863182530e+01
2.419996150682556291e+01 2.712114336159226013e+01 3.044412786230227042e+01 3.596904591637986925e+01 4.588827624636114422e+01 4.540099977324764069e+01 4.122665953659481630e+01 3.703008535186509675e+01 4.540153897183512299e+01 4.308734817467678369e+01 5.044715444669142812e+01 5.576341701929650441e+01 5.489004065774503260e+01 4.511145189423154278e+01 3.896804329811496359e+01 4.332545892557527623e+01 5.306687524715353987e+01 5.439395554253383125e+01 4.431531643451568669e+01 4.715896966580667993e+01 4.125174601375461236e+01 3.446738310747592493e+01 3.585572945625161623e+01 2.595714327132412791e+01 3.381386678888107866e+01 2.359289431093800715e+01 3.395021458922976620e+01 3.039645299751371255e+01 2.114768702773976017e+01 3.166273148957721872e+01 2.621912269550056962e+01 3.582218569938034847e+01 3.960148731833791658e+01 3.768250649698047283e+01 4.380463406263121584e+01 4.656562425581707032e+01 5.042151243453881904e+01
3.005273330595169767e+01 3.672583105899441591e+01 4.016140778373129905e+01 4.430177026641966620e+01 5.005037465518765316e+01 4.684018639932557448e+01 5.097217004091431392e+01 4.695948486920310927e+01 5.117698764982009152e+01 5.408243893379142264e+01 5.264820673629944281e+01 4.540044857672725698e+01 5.063896661722690595e+01 4.511302861043579782e+01 3.597037982657742106e+01 4.511302859410981370e+01 5.242644697321264857e+01 5.855952292764232681e+01 5.439395789752096988e+01 5.497040533909998317e+01 4.831088316223887347e+01 4.429617816911373041e+01 3.992861734479101443e+01 3.381386674839546913e+01 2.359289431093800715e+01 3.198555428720583649e+01 2.965509411909635773e+01 2.047254824392159378e+01 2.047254824392159378e+01 3.050411231145628221e+01 3.209184416738866474e+01 2.904638827587178440e+01 3.092655928670211551e+01 3.284240000730097364e+01 3.532079144044427466e+01 3.786453107223836412e+01 4.272860738721903573e+01
