output/example_1/elevation_000450.asc
nrows	75
cellsize	13.33333333
xllcorner	0
ncols	75
yllcorner	0
NODATA_value	-9999
[rows 51 to 67 of 75, columns 0 to 36 of 75]
1.369999999999999864e-02 1.001369999999996274e+01 7.399657627034553542e+00 1.117930235712681331e+01 1.695280504902303065e+01 2.695280504902295959e+01 3.542142247718530257e+01 2.542141923131546122e+01 1.835034640864371980e+01 1.307212853025787247e+01 2.175541101615879214e+01 2.175541101614570749e+01 2.528236424750189215e+01 1.539902040171518216e+01 8.697898267436851683e+00 1.594233912653740504e+01 2.139225647273686093e+01 2.750409568931155135e+01 2.905195922098679873e+01 2.327828873802495124e+01 1.847380761129385363e+01 1.259342687880755918e+01 3.169730311623372376e+00 7.385520859741474098e+00 1.230140823426960317e+01 1.899925878283345426e+01 2.334705223874817293e+01 2.743595197237478800e+01 1.797377348505715844e+01 7.580023812542975747e+00 1.100107275692002951e+01 1.862739830807107566e+01 2.362345767817030051e+01 1.917868281731717062e+01 2.042017452252755660e+01 1.619940394092878932e+01 1.200611324705995742e+01
1.290000000000000001e-02 1.001289999999996283e+01 1.739965762703448249e+01 2.117930235712674403e+01 2.532143798085766306e+01 3.109494067275388218e+01 3.646776533917011420e+01 2.646776090486501332e+01 1.939668774737354084e+01 1.754426707357473347e+01 2.721425672186782307e+01 3.175541399884335192e+01 2.695862567275765542e+01 1.701015278537989417e+01 1.020610171961493151e+01 1.602034933992107568e+01 2.642986656538730372e+01 3.235308647767647727e+01 2.497950394481599190e+01 1.478966343814133921e+01 8.853254750059054601e+00 4.248611166541039097e+00 5.411736729881885921e+00 1.497698440922942709e+01 2.099962265592697008e+01 2.587212150625364160e+01 3.250192333736768546e+01 2.896751068920798033e+01 1.810049048124166404e+01 1.078002140081412463e+01 2.147394136260732012e+01 2.625506934861820696e+01 3.094928494822061182e+01 2.525864103592249421e+01 1.949403953351647800e+01 1.353289985129595152e+01 4.419293111796108953e+00
1.329999999999999932e-02 7.084367824549279824e+00 1.708438001605425427e+01 2.203096224108078616e+01 2.362924349343031238e+01 2.472399508847696126e+01 2.886708784833427544e+01 3.353880288037258595e+01 2.939669439177743371e+01 2.331777376062153095e+01 3.168638804015425592e+01 3.466542073106862887e+01 2.473582217169106556e+01 2.172056077702591637e+01 1.187107140206090428e+01 2.172260385768709057e+01 3.073854081756299195e+01 2.898159343768233853e+01 1.819716521496070172e+01 1.938231832485576689e+01 1.496121521475115657e+01 5.042186116050464406e+00 1.474498333342717338e+01 8.570576323639022220e+00 1.767448374381084264e+01 2.496673230608697480e+01 3.068539601961738583e+01 2.772897708403031558e+01 1.684909838677773664e+01 2.147394137511207290e+01 2.594943752051517194e+01 3.094928494822061182e+01 2.055177507017731742e+01 2.115983736359076062e+01 1.300651069445237340e+01 6.124460465437061352e+00 1.141872113345578299e+01
1.369999999999999864e-02 1.001369999998969895e+01 1.909956285591164260e+01 1.202827951605184964e+01 1.362954318440171519e+01 1.472347243519663884e+01 2.187240681632555805e+01 2.601598003373772272e+01 3.179076767275199344e+01 3.331778036112565644e+01 3.745987785938230985e+01 3.179643163779890003e+01 2.181502763300998282e+01 1.474174664680090352e+01 2.171711833946407566e+01 1.879894573439299066e+01 2.878313881868185931e+01 2.646439105907160183e+01 1.645897117257404574e+01 9.500309743188340761e+00 6.161661583685694943e+00 1.496121604359578505e+01 1.907796845888334403e+01 1.767448374381084264e+01 1.172166871586654757e+01 1.676961936456082114e+01 2.637507502537329174e+01 3.169865766910681870e+01 2.455763029157440869e+01 3.210460485053805968e+01 3.579898572645198129e+01 2.544080007599661641e+01 1.805593995477488178e+01 1.195364093331491873e+01 7.910448063878547487e+00 1.685395123305972120e+01 1.535231990720553163e+01
1.319999999999999993e-02 1.001319999999996213e+01 1.280039489971872158e+01 4.957186038659856742e+00 6.558467576710741653e+00 1.655860253355259459e+01 1.187197109841050491e+01 1.764548493894519154e+01 2.764648948197603673e+01 3.365211256594309219e+01 3.942802589892900755e+01 3.419790358486104509e+01 2.426067719066040596e+01 1.713014371572020522e+01 2.716881440160085504e+01 2.878212296559296846e+01 3.286944009831634617e+01 2.941178759075659954e+01 1.938758905944128941e+01 1.600234616925643394e+01 6.161661583685694943e+00 1.600193453716178027e+01 2.398315199097870121e+01 2.496673230501524543e+01 2.076447498828753169e+01 1.559341135003401568e+01 2.081863367310890212e+01 3.097162903028826619e+01 3.536299305924445235e+01 3.336003369666500618e+01 2.699553401102549799e+01 2.266969775344242422e+01 2.050296202603485796e+01 9.942835756803351188e+00 1.848893385730130490e+01 2.278578757653992071e+01 2.418369437017799228e+01
1.349999999999999985e-02 1.400250490563073269e+00 2.800530574591083788e+00 1.277830241457114546e+01 1.655847980096238814e+01 9.098470116724232781e+00 1.909878183831136056e+01 1.503424878252929808e+01 1.950638803112993003e+01 2.527998543457542624e+01 3.528250368298145645e+01 3.419790343548882561e+01 2.426067719063530959e+01 2.218339954206652465e+01 2.351400728195920919e+01 3.346441157435050684e+01 3.141244546845933172e+01 2.114552320585447731e+01 2.107604577865717488e+01 1.676437628353693299e+01 6.971879855737249443e+00 1.029230113679559722e+01 1.665102964455272527e+01 2.699994665928867477e+01 2.911421453555170658e+01 2.007074205834794967e+01 2.945749005877253879e+01 3.572168626802794478e+01 3.729871680723137217e+01 2.883213498689345755e+01 1.827230851434897119e+01 1.217913570983496108e+01 1.217913570983496108e+01 2.050296202600408435e+01 1.666873311566408944e+01 2.710073746258663974e+01 2.699363330439689435e+01
1.369999999999999864e-02 1.001369999999996274e+01 1.280053264261222523e+01 9.872982927992968172e+00 1.988932378341270990e+01 1.617008623701873304e+01 2.324208760917792560e+01 1.503424878252929808e+01 1.856978333238680534e+01 2.564104814752147021e+01 3.564377413245531301e+01 3.824958488089015418e+01 3.419790343548882561e+01 2.799019651918237983e+01 3.058656617031623881e+01 3.751781619935945855e+01 2.834098790732688400e+01 1.818356440977072808e+01 1.151430605907645521e+01 8.118973297908636866e+00 1.676409651782255139e+01 1.946450540220494929e+01 1.935808775155074812e+01 2.935017006313325894e+01 3.434987707557312575e+01 3.034784831848604725e+01 3.516582196595844323e+01 4.242472005446686723e+01 3.309044515305510004e+01 2.270868920299681193e+01 1.669465667606249681e+01 2.266219221698108655e+01 1.421447093379588367e+01 2.463623015849231379e+01 2.406245609056733059e+01 3.135654999008732347e+01 2.834955517533017044e+01
1.379999999999999977e-02 1.001379999999996251e+01 1.639129486894303156e+01 1.991231975896078055e+01 2.411663866996892835e+01 2.618684694023091808e+01 2.917852745979982032e+01 2.210541573995465114e+01 2.503489291526154759e+01 2.489444476351549085e+01 3.196637352128292164e+01 4.197169513997025092e+01 4.189201857229603831e+01 3.785380310875644483e+01 4.041214500448355551e+01 3.762031915825222228e+01 3.116143577900991346e+01 2.108080670449372818e+01 1.976088229775001892e+01 1.029789121542987829e+01 9.353727331764856601e+00 1.968442401268395159e+01 2.615773134867347238e+01 2.915970756289297583e+01 2.729328923870477652e+01 3.412096338258896111e+01 4.349512849683308247e+01 3.825469693514143188e+01 2.792619337095548104e+01 2.270868920299681548e+01 2.709653556060342794e+01 1.724275572654354960e+01 2.463623015231197400e+01 2.890600547137082188e+01 3.443580393934649209e+01 3.140410331451024106e+01 2.731166768007176415e+01
1.309999999999999880e-02 2.249167977499788140e+00 1.224916310999509861e+01 1.856588772464005643e+01 2.172816813271493785e+01 2.587028687508035674e+01 3.034241491882164254e+01 3.210727645891358861e+01 3.503781412132723716e+01 3.489686437544408193e+01 3.904231467429124081e+01 3.980353412069285923e+01 3.742193573534348161e+01 4.155063780649345517e+01 4.041036469242889950e+01 3.070859809733605772e+01 2.403745086626161509e+01 2.310892056888311075e+01 1.358971052183206929e+01 1.984212877974547951e+01 1.705671288953008613e+01 1.058249396024827504e+01 2.095099401072020129e+01 1.933370039203136415e+01 2.915970756289297583e+01 3.763633229566852378e+01 4.263057776388508557e+01 4.242472005446686723e+01 3.729871678690437165e+01 3.121176547313755734e+01 2.078876203114965548e+01 2.763670478667001262e+01 2.381255322732783952e+01 3.421714884134719625e+01 3.291631179678034158e+01 2.335464995337391159e+01 1.746892998575734168e+01
1.349999999999999985e-02 1.001349999999996321e+01 5.679139680349959640e+00 8.565891026298077193e+00 1.172816868646644473e+01 1.620030464146558202e+01 2.327137244175331077e+01 3.327136906520597393e+01 3.485823340694932426e+01 3.897894287416222880e+01 3.980353412069285923e+01 2.990165256945156713e+01 2.754360995921521749e+01 3.583229263336240678e+01 4.155063780649345517e+01 3.355017974354961297e+01 2.403745086626161509e+01 1.735289753844607930e+01 2.310892056888311075e+01 2.615160397550752336e+01 2.090739413252420675e+01 1.145524962010183678e+01 1.375938602844233039e+01 2.351750265502653647e+01 2.353926341138971878e+01 2.850471841394059780e+01 3.853900126274154303e+01 4.258035319370458183e+01 3.228708664427578867e+01 2.487403946946029976e+01 3.121176547313763550e+01 3.545426072267441953e+01 3.119731517548957456e+01 3.843809679664141754e+01 3.698764808282964367e+01 3.140410331451024106e+01 2.602233717005136526e+01
1.369999999999999864e-02 1.001369999999996274e+01 1.567913927431604293e+01 1.384410546818121013e+01 2.172816813240141087e+01 2.587028641686878316e+01 3.034241491590105610e+01 3.328045747334895310e+01 2.502056133547038641e+01 3.328045747334687832e+01 3.182041537275148713e+01 2.772440509235655526e+01 2.193474213517126969e+01 2.754360995921521749e+01 3.742193573534348161e+01 3.355017928991762943e+01 2.403745086607085568e+01 2.682307473611055570e+01 3.082685325029519419e+01 2.712972212866593225e+01 1.867651461640287636e+01 1.239842231260489669e+01 2.215976577496399358e+01 1.829953139621847669e+01 2.819459268023072696e+01 3.763633229566852378e+01 4.263057776388508557e+01 4.368847061663312559e+01 3.341707916627180452e+01 3.093954879234360433e+01 3.228708664427578867e+01 4.258035319376583061e+01 4.150767223376475101e+01 3.897911686353327099e+01 3.402369410552154250e+01 2.980594818222182241e+01 2.205162399925777095e+01
1.290000000000000001e-02 1.001289999999996283e+01 1.862822559618624751e+01 2.384410336860428714e+01 2.798619586859661013e+01 2.887528995502307794e+01 3.180467657936281256e+01 2.917845078828170102e+01 1.940875835573448427e+01 2.917845078828170102e+01 2.772440509235655526e+01 1.798154734290484669e+01 2.772440509235655526e+01 3.583229263336240678e+01 4.074813542691475732e+01 3.762029308478791023e+01 3.355017877949502747e+01 3.472597963218181150e+01 3.055131415479711876e+01 2.451317557700334504e+01 1.468666370766121787e+01 2.215976579892208065e+01 1.408377378139918257e+01 1.530759965409844803e+01 2.518582029211662032e+01 3.122990356358222996e+01 3.645839483195046427e+01 4.065498574657627984e+01 4.368847061663312559e+01 3.828294249446018682e+01 4.258035319376583061e+01 4.674272675654732723e+01 4.222650666550815401e+01 3.151569735952235618e+01 2.382370724810928309e+01 1.907139671426685723e+01 1.573027708250292100e+01
1.359999999999999924e-02 4.485735955060374813e+00 1.155680448691710716e+01 2.155689702174548117e+01 2.594636752331061658e+01 1.887443096718915214e+01 2.180361474694599622e+01 2.572434290370117793e+01 1.595387145839446852e+01 2.135485523891588855e+01 2.292246584517756602e+01 1.560561837345083269e+01 2.536141499845319913e+01 3.265361354291978557e+01 3.083441126312492742e+01 4.074813542691475732e+01 3.638339624170166786e+01 2.628582370869094831e+01 2.057777299703296592e+01 1.713338218151109160e+01 2.451436009838465324e+01 2.807369029845323638e+01 2.391058649982609552e+01 2.518582029201106209e+01 1.710770889926051552e+01 2.704776380332662811e+01 2.634893796778115060e+01 3.348270167286634091e+01 4.364235361407217795e+01 4.845072537936749768e+01 4.392817119407581572e+01 3.974430142286547607e+01 3.974430142371848973e+01 3.900512694818362291e+01 3.418780895853117130e+01 2.980594432022656548e+01 2.641041257901316186e+01
1.379999999999999977e-02 1.001379999989112690e+01 1.862759187768241986e+01 2.060141676287105739e+01 1.645935736753297007e+01 1.180542469670394112e+01 2.180361474683194345e+01 2.348470413925567968e+01 1.941074299576527196e+01 1.153756964596573731e+01 1.313274083445980267e+01 2.292246584517756602e+01 1.943113635368849401e+01 2.285310831568437706e+01 2.975245081176007744e+01 3.965763995513692919e+01 4.048445891428010412e+01 3.054928770741965494e+01 2.914544513309892437e+01 1.920373123934128756e+01 2.914381813971050761e+01 3.708388505830126292e+01 2.958686197568215093e+01 1.959020781120951682e+01 2.704774509237255131e+01 2.005890720943525807e+01 3.006461291235076771e+01 3.807378769385562123e+01 4.393287294567909385e+01 4.767512575491932125e+01 3.974430142286547607e+01 2.961710175195281280e+01 2.961710175195282346e+01 3.542596109813062100e+01 3.387533274672478001e+01 3.077271687432106262e+01 2.055782471280592461e+01
1.349999999999999985e-02 7.084566452631523070e+00 1.708424795720114275e+01 1.645933828335638083e+01 6.461825525446508678e+00 1.645928185217365325e+01 2.108345151494452807e+01 1.754922246686002296e+01 9.560502250698970528e+00 1.941074299576527196e+01 1.879273072799499289e+01 2.700020475723674451e+01 1.943113635368849401e+01 2.918861182414660504e+01 3.677048580846033587e+01 4.183194238763627482e+01 4.471531584572838369e+01 3.628809053048614430e+01 2.619278311562466044e+01 2.914707424325345642e+01 2.290603817444265999e+01 3.293755517724162729e+01 3.144955911073790844e+01 2.141892685844642230e+01 3.144952585329927786e+01 3.006461291232217192e+01 2.379612866716600550e+01 2.958110371924531279e+01 3.973720134013945682e+01 4.349519539843603866e+01 3.336499714004265371e+01 2.752005701525755654e+01 2.245691741638121641e+01 2.529934628444972944e+01 2.324608762179639143e+01 2.543337016899973335e+01 2.056060243206918159e+01
1.359999999999999924e-02 1.001359999891485586e+01 1.482387320044869305e+01 1.259754379803898416e+01 3.574996071976006551e+00 1.357315922326297475e+01 1.473901377087029196e+01 7.671109220882758706e+00 1.754922200501245300e+01 2.348465587310841585e+01 2.856378814293317703e+01 3.266251258841542437e+01 2.918861182432893386e+01 3.329114210678496022e+01 3.890249230903608435e+01 3.183469139331412734e+01 3.890249230903608435e+01 4.049684057287845462e+01 3.628901351904595884e+01 3.598441239589889307e+01 2.587774856381563993e+01 3.598441236775222052e+01 3.342398786316128678e+01 2.335640212776056401e+01 3.044757186179788278e+01 3.806532858799653241e+01 3.387357564474184102e+01 2.914683340289992941e+01 3.930167625986735658e+01 4.633616396602169374e+01 3.620936415288750254e+01 2.904822261742861400e+01 2.320219705605018845e+01 1.808750801714510104e+01 1.589363570357425104e+01 2.188338314563897313e+01 1.139780309591449203e+01
1.290000000000000001e-02 6.810531047810601812e-01 1.068105463465266780e+01 2.599092867980468125e+00 1.259744633783373757e+01 4.585166314016015043e+00 5.845141560993856622e+00 1.574691425586629911e+01 2.079573917411763873e+01 2.498615503520350956e+01 2.911240262816916413e+01 3.502515464345154328e+01 3.374948293654245646e+01 3.591353344058020980e+01 3.443992066634798732e+01 2.479060168903163586e+01 3.362510579329369165e+01 3.776457465388754997e+01 4.276073083004818898e+01 3.958075558281326778e+01 2.940684915743736028e+01 3.958075530424877542e+01 3.558036715838877484e+01 2.546607237267703283e+01 3.558036194966297217e+01 4.478730620098157544e+01 3.930148710302331239e+01 3.632325184441395294e+01 4.350117807326783037e+01 4.842316087653800594e+01 3.830730869404965944e+01 3.114562683257024744e+01 2.529933873505577324e+01 2.826450465601274331e+01 2.329711472882576118e+01 1.290931777061722840e+01 1.456669726025324252e+01
