output/example_1/elevation_000154.asc
nrows	75
cellsize	13.33333333
xllcorner	0
ncols	75
yllcorner	0
NODATA_value	-9999
[rows 17 to 33 of 75, columns 0 to 36 of 75]
1.309999999999999880e-02 1.001309999999996236e+01 1.771498704652535139e+01 1.628697004281747951e+01 1.342352875436060877e+01 1.230882314007997103e+01 1.736856049389038148e+01 1.442804598728822540e+01 7.479436147377020561e+00 1.712155495196566335e+01 1.737005550832654777e+01 1.202863556581029414e+01 1.869579146514496415e+01 1.658633353828926360e+01 1.765905696962458649e+01 1.473853579285686877e+01 6.176056861033624834e+00 6.176056861033624834e+00 1.576430541482817205e+01 2.244743791307359615e+01 2.592287623574934941e+01 3.008586441054861282e+01 3.586341861743495940e+01 3.967541046304661734e+01 3.564086356230406949e+01 3.689895554081098084e+01 4.093688237395966922e+01 4.266038184085914509e+01 3.818952449307623453e+01 2.935645552712943740e+01 1.936949602235329948e+01 1.624654550860777746e+01 1.962174928503129578e+01 1.453610509370363424e+01 2.416231107535268663e+01 2.901274113996486292e+01 3.535828817138057190e+01
1.379999999999999977e-02 4.529993420437514295e+00 1.177512634952319459e+01 2.193597385948951128e+01 2.245374274517983082e+01 2.327689064398951757e+01 2.440131479055828478e+01 1.466295686809663934e+01 1.751525586481527341e+01 1.263089894500284238e+01 2.239961286217467773e+01 1.893006915885860764e+01 2.549057964739782989e+01 2.585222773264062113e+01 2.217683495392837401e+01 1.576430541482753789e+01 6.176056861033624834e+00 6.176056861033624834e+00 1.576430490302954013e+01 2.109223257441535537e+01 2.802541409924013394e+01 3.230431727086483562e+01 3.522155720428794012e+01 3.330515957395387261e+01 3.330515957395387261e+01 3.750545655327232453e+01 4.561015876310982264e+01 3.552518566979093606e+01 2.852228952816356511e+01 2.412014580578835776e+01 2.092787793231531523e+01 2.598933148804093918e+01 2.306258499059226352e+01 1.741666962136963548e+01 1.595896012755535764e+01 2.626717548986779249e+01 2.518609290803469847e+01
1.379999999999999977e-02 1.001379999999996251e+01 1.889148202113698360e+01 2.143973429956868415e+01 2.366426784003735051e+01 2.787266768053332910e+01 2.847136332130656200e+01 2.440131479170749884e+01 2.645456951685847002e+01 1.758561367897232586e+01 2.645456951685847002e+01 2.953127866815235691e+01 2.966732284568725220e+01 2.472601824649977331e+01 1.807777955563304317e+01 8.539082230174217969e+00 1.576430541482751480e+01 1.576428747618265902e+01 7.469123073200776730e+00 1.415854019882198322e+01 1.829960213199445107e+01 2.551325041279433492e+01 2.551325041343116240e+01 2.329642231976206190e+01 2.329642231976206190e+01 3.330515957395387261e+01 3.898998489042229210e+01 4.266038184085914509e+01 3.818952449307623453e+01 3.402622697238687266e+01 2.456189123353504655e+01 3.224823523183234641e+01 2.717765820682178557e+01 1.912478091947562930e+01 2.606128272150595748e+01 1.754278548240759505e+01 2.791783523179133653e+01
1.290000000000000001e-02 1.001289999999996283e+01 1.355453041704967987e+01 1.223972464064170396e+01 1.349617767266085444e+01 2.011706161027407802e+01 2.386602661110795509e+01 2.795698792269432431e+01 3.130516942960982618e+01 2.721361221958395404e+01 3.130517787631836413e+01 3.255968843413374003e+01 2.258565519368948671e+01 1.569119760904387029e+01 1.099822647695947708e+01 1.807777955586523433e+01 2.217657718495094699e+01 1.344101062358104315e+01 1.700586640752470657e+01 8.792761252224012836e+00 1.829960253734438780e+01 1.598943197267349348e+01 2.233250593089688252e+01 1.632658737774044866e+01 2.032068355210304844e+01 2.476542366213552171e+01 3.182833342007211641e+01 4.191802314762010440e+01 4.087407182627740099e+01 3.085240874775165310e+01 3.159728044759325627e+01 3.326560019222967668e+01 2.469134622495124276e+01 2.716540217335196061e+01 2.046569613561652190e+01 2.788450729196096134e+01 1.953585749923886894e+01
1.290000000000000001e-02 1.780666952966368566e+00 3.576719973234097072e+00 5.466547719648707115e+00 7.551923352048199867e+00 1.005438216609312718e+01 1.385128547489278006e+01 1.888967411349031167e+01 2.467974864577320915e+01 3.452863780080339495e+01 3.573627081326895905e+01 2.571775567824461106e+01 2.001254044448383951e+01 1.518113227742110993e+01 1.356096844401974266e+01 2.330029217035891165e+01 2.728112839106209719e+01 1.896158860674099955e+01 2.237147705256245445e+01 1.828441576847139771e+01 1.010888845794208635e+01 1.134634812580925356e+01 1.263910558924371230e+01 2.234429393126188756e+01 2.733803252905771686e+01 3.151557574511775783e+01 3.898998489042742221e+01 4.455565036136044910e+01 4.507816031855504235e+01 3.790793475768288090e+01 4.163006692314667134e+01 3.711648693977355862e+01 3.325921517324786691e+01 3.108107000224925187e+01 2.242021867014648251e+01 3.109118057256463530e+01 2.684955026886922269e+01
1.309999999999999880e-02 1.001309999999996236e+01 1.357790449096618346e+01 1.254921418742734573e+01 1.334973322322860056e+01 2.012100153985837991e+01 1.585148972481864682e+01 2.161524979594033269e+01 3.131391053445298667e+01 3.859826845378754001e+01 3.993768345801949238e+01 3.203006206400493028e+01 2.206303481177424075e+01 2.498230947109309952e+01 1.640503828372802531e+01 2.627671455432281178e+01 3.302046378458590681e+01 2.884815788192029729e+01 2.721868661410258738e+01 2.102146169258529085e+01 1.143397309890048064e+01 2.094297969368820489e+01 2.234429390500243784e+01 1.498525607499494683e+01 1.738558827703667475e+01 2.733803252905771686e+01 3.443876894108080222e+01 3.443876894108080222e+01 4.245359588465847622e+01 4.803496016513592792e+01 4.511416823487642347e+01 3.592263801783361288e+01 2.999661768831204611e+01 2.519054431634406654e+01 3.109191718566518503e+01 3.482393686630859975e+01 3.646702126052242932e+01
1.349999999999999985e-02 7.084567811865484899e+00 1.708456781186555062e+01 2.257900297003769907e+01 2.344318186464539266e+01 2.761326847539686469e+01 2.594803772718915624e+01 2.988086596735497835e+01 3.530112258445532802e+01 3.297036038053348506e+01 3.714059499522036845e+01 3.621757684845529468e+01 3.203006209703682572e+01 3.044269570983387396e+01 2.205907699125186383e+01 2.260677701697063924e+01 3.259179340875162723e+01 3.017340435209134597e+01 2.022059522264827436e+01 1.338357474522438295e+01 2.103167899913714578e+01 2.520209554700716836e+01 2.484992116314180066e+01 2.484992146605245367e+01 1.913014815640274335e+01 2.142164808674066379e+01 2.442576287451298001e+01 2.819609628625973841e+01 3.395885141598920853e+01 4.406916865876915068e+01 4.437357912990395903e+01 3.524259418176104930e+01 2.936155079187602723e+01 2.893300298495686818e+01 3.045493963433117912e+01 3.911874746228224353e+01 4.175230396045459003e+01
1.349999999999999985e-02 1.001349999999996321e+01 1.823824900118231795e+01 2.401177271495030041e+01 3.026740986692401947e+01 3.076323599360143035e+01 2.778489067825310244e+01 3.001764255038969864e+01 3.120194183353193296e+01 2.259392498971687857e+01 3.120194183353193296e+01 3.374687275068271930e+01 3.485988776027836877e+01 3.622653706526462258e+01 3.203811460943322231e+01 2.964449703232045152e+01 3.678208709888154004e+01 2.844569898368120775e+01 1.851201412955836645e+01 1.501847400395307019e+01 2.487877677270651944e+01 3.165407883855406013e+01 3.487541526610212372e+01 3.328581843500107595e+01 2.910188385421887602e+01 2.409468921282782006e+01 3.115615294750874398e+01 3.823197427705763829e+01 4.245359588466511269e+01 4.831410266715610646e+01 4.437357912990403719e+01 3.524259418176104930e+01 3.791699775415981577e+01 3.299226607526434663e+01 3.911874746228224353e+01 3.911874746228224353e+01 4.584739917091621919e+01
1.359999999999999924e-02 4.096082904638829625e+00 9.869585598360181677e+00 1.986959031138524168e+01 1.933689819676441246e+01 1.997906587383154431e+01 1.674578748616177037e+01 1.918547678997178352e+01 2.532053387878073991e+01 1.644166506310142140e+01 2.697880486212358164e+01 2.337120505809263449e+01 2.451113653248587454e+01 3.485988776027836877e+01 3.958858866517996233e+01 3.970719629306487519e+01 3.552730806489020665e+01 2.551239108442338832e+01 2.844555852041201760e+01 2.487877725247608396e+01 1.754565317651962175e+01 2.749039513541215740e+01 3.091413649433789956e+01 3.508733121573327907e+01 3.831261392368714525e+01 2.985517803980286544e+01 3.831261392374241126e+01 4.546907489996002738e+01 4.575394830521368306e+01 5.035156930342193249e+01 4.845819875534754573e+01 4.437357912990403719e+01 4.594615706988927428e+01 4.190117977507636482e+01 4.594680159934444674e+01 4.852438961319181487e+01 5.150584136660302903e+01
1.369999999999999864e-02 1.001369999999996274e+01 1.823821307365339806e+01 1.928900232489276689e+01 1.090129366895225438e+01 1.533376003548932331e+01 8.280377274649469044e+00 1.341071689220222396e+01 1.489258228322858280e+01 1.250081900493806053e+01 2.077488845867332046e+01 1.586833551226452421e+01 2.641016776373066932e+01 3.478662778707793990e+01 2.939368109900821580e+01 3.657518167867083747e+01 3.971662757315390024e+01 3.552730072591758415e+01 3.248566264237325640e+01 2.249511969788591159e+01 2.749039513541215740e+01 2.093230116759060877e+01 2.093230116759060877e+01 2.668047095865304641e+01 3.669743116721006970e+01 3.992001458341258058e+01 4.414738159012154028e+01 4.411635651106167444e+01 3.507847952436251404e+01 4.411635651098004729e+01 4.785741465094689318e+01 5.185775658916588782e+01 5.020462348538401187e+01 4.608739923881181966e+01 5.020347034455581081e+01 5.517295386802176438e+01 5.008194897365548570e+01
1.290000000000000001e-02 1.001289999999996283e+01 1.191642839250266839e+01 1.158958190861901372e+01 4.334744893544320021e+00 5.380747395339504635e+00 6.483067273963513344e+00 6.483067273963513344e+00 7.718555477385196539e+00 8.971482480458414344e+00 1.034405157472909309e+01 2.077532140480817802e+01 2.009803557599574120e+01 2.636296783306889679e+01 2.195841390757672684e+01 2.939368109900821580e+01 3.958858866517996233e+01 3.958891180898466189e+01 2.954342211286916964e+01 2.954342211286916964e+01 3.508733108191816541e+01 2.590934054038775969e+01 2.668047095865304641e+01 3.091413649433789956e+01 4.088720686089524747e+01 4.905571562699805810e+01 4.502091440608981543e+01 3.955564342698170321e+01 2.916762551655810043e+01 3.955564342698170321e+01 3.815844036380586601e+01 4.626503415963087917e+01 4.524750073605139988e+01 3.618416633918030101e+01 4.113578477089475882e+01 4.661189452716209303e+01 4.596930229288658865e+01
1.379999999999999977e-02 9.629579957524981859e-01 1.916420584998089760e+00 2.892320657946622742e+00 8.658326076873965604e+00 1.460419284139380025e+01 9.736924598961444133e+00 1.668354786491556396e+01 9.721511424581175120e+00 1.919354472161807834e+01 2.077532140480817802e+01 1.260882572072563157e+01 1.260882572072563157e+01 1.576004245447348140e+01 2.195841390757672329e+01 2.939368109900821224e+01 3.958858866517994812e+01 4.378394330592457351e+01 3.958891180898475426e+01 3.958891180900032936e+01 4.010694078835759058e+01 3.296678580862889163e+01 3.669743116721006970e+01 4.088720686089524747e+01 4.516231451054984092e+01 4.502091440608981543e+01 3.518729047764335149e+01 3.573299978686981149e+01 2.558114003982786500e+01 3.566865413757205516e+01 3.238906797414468741e+01 4.225770923540275703e+01 4.113583684740740409e+01 3.115071834364710313e+01 3.667035512547519005e+01 3.667035512547395371e+01 3.942249181092403632e+01
1.359999999999999924e-02 1.001359999999996298e+01 7.689912512445172155e+00 1.289208782833900635e+01 9.182324174396203631e+00 1.857757246461346767e+01 1.304729771653119386e+01 2.262577599831344344e+01 2.158622559385199935e+01 1.948906142871769731e+01 2.744233472799853502e+01 1.732862120892778179e+01 2.316606554797378337e+01 1.620676391483285883e+01 2.060394272114386638e+01 2.593979805461915333e+01 3.324674620567076033e+01 4.335369923114270563e+01 4.122307740269010878e+01 3.875002838796306293e+01 4.302900053869466745e+01 4.304604399341033627e+01 4.098786785632884744e+01 4.098786785632885454e+01 4.525868652471915965e+01 4.502091440608981543e+01 3.518729047764335149e+01 2.807295938991564910e+01 2.558114003982786500e+01 2.697825133083257043e+01 3.698269859643980340e+01 4.626503415309296230e+01 4.524833234099856583e+01 3.667035512547641218e+01 2.662289221000106210e+01 3.300153989173143287e+01 3.204015373997190608e+01
1.359999999999999924e-02 1.001208964255624778e+01 1.768539585636004219e+01 2.180967747594249673e+01 1.901567908346248004e+01 1.901551552435411452e+01 1.975663305085553390e+01 1.975663305085553034e+01 2.994460549643142855e+01 2.783601148103437950e+01 3.211967619527603546e+01 2.350776080163828752e+01 3.050921666168852653e+01 2.001588205547281873e+01 2.679926263307079282e+01 3.527509553201691972e+01 4.038073958481236048e+01 4.122307740269010878e+01 3.079172437878263580e+01 2.828131401161376246e+01 3.700828272571693844e+01 3.797865116483104941e+01 3.069861580494292141e+01 3.069861580494292141e+01 4.098786785632885454e+01 4.566044508991260642e+01 3.587029034119933613e+01 3.275409406870968354e+01 2.268234493462822599e+01 3.276230801646662627e+01 3.698269853979245170e+01 4.675571877823139033e+01 4.580778233408580036e+01 3.587621401594610404e+01 2.876767782682581753e+01 2.295373105035636385e+01 2.199930083869106312e+01
1.319999999999999993e-02 1.001319999999996213e+01 1.732543067813072923e+01 2.146857337920566522e+01 2.724280670519672753e+01 2.891639975078509650e+01 2.994460549643045510e+01 2.994460549643142855e+01 3.415523521049420452e+01 3.835942780481123293e+01 3.806101895853878858e+01 3.387307240458753910e+01 3.471457060888101154e+01 2.536666610362441787e+01 3.471457060888968726e+01 4.127769891045313955e+01 4.122970031272494396e+01 3.611239235721114937e+01 3.183651702544991835e+01 2.188276981714329139e+01 3.263339276252103360e+01 3.289254269806841791e+01 2.329282443608468611e+01 3.036766702930510320e+01 3.460975789422525395e+01 3.970480854889709832e+01 3.589660792372018960e+01 2.596251350517424328e+01 2.093009964758651265e+01 3.100874399106346146e+01 3.430365621507250751e+01 3.844243015359728588e+01 4.191796230167544479e+01 3.779383497953933357e+01 3.709702556043094290e+01 2.989943180070406115e+01 1.985616808166668434e+01
1.019999999999999900e-02 3.545733905932750840e+00 7.325378636028111679e+00 1.309888140074482443e+01 2.309903587768748068e+01 2.412488512309976230e+01 2.579031285935666418e+01 2.755786626937075567e+01 2.951840040207601490e+01 3.164960632716349664e+01 3.274295612331422234e+01 3.688782101008521863e+01 3.982710934710886619e+01 3.565176722024202149e+01 3.982710934716699569e+01 4.423494532555141490e+01 3.395508679001235919e+01 2.675576768546111239e+01 2.179638229372283220e+01 1.862846250754077460e+01 2.793852047574030451e+01 1.816822342274016577e+01 2.121256749686573428e+01 2.079241876847582304e+01 2.529382907526747815e+01 3.544150498334271049e+01 3.672625786057404440e+01 2.648401931041017221e+01 1.930224649760029365e+01 2.718799779689830132e+01 2.424059603520808537e+01 3.430365626778602461e+01 3.779383497958664861e+01 2.777386879531162478e+01 3.064601338869233871e+01 2.837813165949623340e+01 1.833739079866639798e+01
7.249999999999999500e-03 1.000724999999996356e+01 1.536752327618632208e+01 2.146800132241381931e+01 2.119734423726658079e+01 1.412631055213573106e+01 1.579291465531307459e+01 1.756060026133615537e+01 1.952163413235643574e+01 2.165344334842594165e+01 2.274693008494457658e+01 3.036813943759391066e+01 3.390195287212396380e+01 3.804739966378033245e+01 4.382120255091185612e+01 4.194623707991912198e+01 3.768527640153645564e+01 3.368377201891179595e+01 2.378092391527697913e+01 1.887074144652548213e+01 1.630621061701716457e+01 1.747212413088682581e+01 1.814119841367935848e+01 2.736850378686230556e+01 3.460975789422525395e+01 3.970480854889709832e+01 3.879180890754337696e+01 2.875599301897134907e+01 2.161652351437055231e+01 1.707975929773477830e+01 2.524266976125507256e+01 2.928596807309175887e+01 3.567853832409857517e+01 3.070864894336296658e+01 2.064794980656976975e+01 2.521973708475832154e+01 1.700841085019928300e+01
