output/example_1/elevation_000316.asc
nrows	75
cellsize	13.33333333
xllcorner	0
ncols	75
yllcorner	0
NODATA_value	-9999
[rows 51 to 67 of 75, columns 0 to 36 of 75]
1.369999999999999864e-02 2.900451345948130477e+00 7.372587300953425071e+00 1.314609000448085752e+01 2.314616234153521290e+01 2.940065892082714427e+01 1.913065206011941299e+01 1.811593975966030712e+01 7.579267162450830320e+00 7.048521093133614634e+00 1.404184373103437267e+01 1.824104229288472112e+01 2.413436386976825077e+01 2.245690937847222912e+01 1.249180429686678728e+01 5.499661750876851052e+00 6.029853393960226349e+00 1.180645182322144215e+01 9.823969281386764507e+00 1.551604715707793858e+01 1.603776436740247391e+01 1.117055427798883649e+01 3.000748549921492092e+00 1.266045200561077699e+01 1.793819261093852191e+01 1.037870448549841562e+01 1.223928285290832996e+01 2.567088773566903903e+00 2.567088773566903903e+00 2.567088773566903903e+00 2.567088773566903903e+00 1.144781263652203762e+01 2.593145083265819384e+00 1.150698752976980010e+01 1.261872700717372275e+01 1.225336314680223460e+01 8.306320738308510698e+00
1.290000000000000001e-02 1.001289999999996283e+01 1.704264159461710904e+01 2.151506427521036358e+01 2.728931197712727652e+01 3.068435546983769058e+01 2.044674061815737787e+01 1.278664503789804741e+01 1.811598930874774283e+01 1.716334020707606101e+01 1.011706381377181430e+01 2.054738326069886512e+01 2.889146282358569451e+01 1.921461371015937658e+01 1.205746957776456263e+01 6.837911958749868901e+00 1.684438784672968126e+01 2.132503420950302697e+01 2.005306147106602310e+01 1.707579011793933077e+01 1.364625847177640239e+01 4.137197843214280191e+00 6.629267204564270877e+00 1.629737204856148125e+01 2.408517451609817073e+01 2.009717363526318934e+01 1.419948971993357567e+01 4.399914957397338178e+00 1.223929170092985785e+01 9.410766667091698068e+00 1.193611352189710573e+01 2.593145083265819384e+00 9.219611250981028405e+00 2.958503135474686907e+00 2.958503135474686907e+00 2.958503135474686907e+00 3.571922129663970047e+00
1.329999999999999932e-02 1.001329995429260578e+01 1.817545892983346079e+01 2.231696054605158253e+01 2.264753608107714911e+01 3.264672145005369686e+01 2.758575268041929363e+01 1.826382888060555487e+01 2.498437845436540883e+01 1.457869906256870607e+01 2.054738326069886512e+01 1.675683961231096930e+01 2.706999619268794532e+01 2.599501583505082181e+01 1.883041019351836098e+01 8.601391924105984188e+00 1.867301108776328888e+01 2.229728742520105911e+01 1.416345407299979975e+01 9.247220065910216391e+00 5.178187599277281450e+00 1.364627981530302314e+01 1.637447766685032846e+01 1.355074998140718279e+01 2.319361865693005953e+01 2.391983880117090067e+01 1.627285796473237767e+01 6.330918019237870453e+00 1.627285796473481838e+01 1.980689434122478332e+01 1.633778838565180891e+01 1.134056398220765516e+01 1.103510195272141914e+01 2.958503135474686907e+00 2.958503135474686907e+00 2.958503135474686907e+00 1.291929837130967762e+01
1.369999999999999864e-02 1.001369999999996274e+01 8.175477660089853771e+00 1.264761361445466648e+01 1.971868041499457647e+01 2.971848955860721020e+01 3.268419824183044398e+01 2.571675502690918691e+01 2.840807094632531715e+01 1.813700795495458351e+01 2.840807094632453200e+01 2.414158188620544720e+01 3.115064413665827203e+01 2.726878407956846928e+01 1.781066944415349340e+01 1.060503736350259274e+01 2.067578968849863230e+01 2.617450932591942347e+01 2.091506957912929110e+01 1.707335060947603367e+01 9.477324320698064852e+00 6.278246020551234707e+00 1.716628543253764860e+01 2.319372646660066906e+01 2.727254715691140774e+01 1.981651706406219304e+01 9.794947536520533404e+00 1.627285796475331026e+01 1.444431253323541497e+01 2.442890128993627741e+01 2.103169489777693357e+01 1.492878037606677566e+01 5.099393626866737250e+00 1.232503753460428797e+01 4.934036169233307234e+00 1.419777535584787387e+01 2.064159740363498940e+01
1.319999999999999993e-02 3.175477660168375404e+00 1.317547143806259768e+01 1.562069616011239859e+01 1.976284639920291397e+01 2.680077682691651120e+01 3.094297209302964546e+01 3.565179308227014587e+01 3.246574564839456656e+01 2.340070600388253297e+01 3.246574564839456656e+01 3.413981372764739319e+01 3.230293253565224632e+01 2.434636936608805158e+01 1.458800243023119414e+01 1.413986987682172725e+01 1.888185609249931218e+01 2.843474684681408249e+01 2.367586646593769828e+01 1.568892684406649884e+01 1.666528743989270467e+01 7.101028737672914204e+00 1.405712731554026895e+01 2.302395510710282878e+01 2.958778639840517144e+01 1.967644674898261670e+01 1.261811944428772314e+01 2.257923912352509532e+01 2.443300399151717883e+01 2.434214764403834508e+01 1.736763042804998491e+01 7.135378804094579586e+00 1.502934398866989696e+01 1.433713614666551628e+01 1.456495612347664448e+01 7.698642384089948720e+00 1.153342906948213020e+01
1.349999999999999985e-02 1.839241858350552983e+00 3.696195240121070480e+00 5.620696137419820104e+00 1.562069635330743189e+01 1.680077538439669027e+01 2.429606074498509471e+01 2.843823847235385216e+01 3.742358045724449767e+01 3.341543588876808712e+01 3.742358045724449767e+01 3.510271749935080265e+01 2.567625876235500115e+01 1.884334556883570500e+01 2.418029583506445235e+01 1.770034062934720609e+01 2.731279766761586814e+01 3.225110183752050830e+01 2.740533541551081953e+01 2.365333749069720781e+01 1.785092804228717256e+01 7.990153649920578083e+00 1.370478431090284666e+01 1.992749721516400996e+01 2.920077948002208146e+01 2.587252232751869485e+01 1.599265613475107273e+01 2.587252232751869485e+01 2.738342743867961815e+01 1.692781252322178531e+01 9.583174694061543875e+00 1.736763042804978241e+01 1.545926951576295494e+01 2.371773381782510626e+01 2.023902014681215888e+01 1.027771375268081755e+01 2.023902014681214112e+01
1.369999999999999864e-02 1.001369999999111648e+01 1.369619549448225015e+01 1.562069635330617956e+01 8.635809583197445960e+00 1.140931056432358126e+01 1.429606191027169970e+01 2.429606241126169053e+01 3.378348818585962476e+01 3.955703628596331356e+01 4.096619691058593560e+01 3.169522193408286626e+01 2.496581653105723930e+01 2.567625876235500115e+01 3.000556059432170386e+01 2.250432088339912440e+01 3.118118816953590766e+01 3.222627727434847600e+01 2.823308061686217130e+01 2.135138322725974191e+01 1.187170712617942669e+01 8.954014342569829310e+00 1.878229404569247052e+01 2.346797538312248221e+01 2.746983176579667685e+01 3.002010063499794157e+01 2.092275810671403491e+01 3.002010063504179271e+01 3.016322188844947405e+01 2.198802792245647808e+01 1.151335401812952774e+01 2.198802792245637860e+01 2.585886265047906818e+01 3.021820501481288090e+01 2.324317902732214591e+01 1.327951121005637170e+01 2.324317902732214591e+01
1.379999999999999977e-02 7.084867811865461995e+00 1.708486781186539005e+01 2.277797101438497762e+01 1.863580983982675576e+01 1.680077538439669027e+01 2.429606241126169053e+01 1.964128674838409339e+01 2.541478943529399359e+01 3.541479199431911695e+01 3.889190040146199578e+01 3.823878407307004323e+01 3.441062763648983491e+01 3.510271749935080265e+01 3.506357548743187635e+01 3.220937887902262986e+01 3.552208817681330544e+01 2.789431834626221374e+01 1.923810069558765079e+01 1.624840292036616773e+01 2.134344714334454096e+01 1.879190904311150945e+01 1.051727665626990493e+01 1.419889693217480087e+01 2.076154664527142657e+01 3.009142683248111538e+01 2.788402151928390893e+01 3.499502865962501374e+01 2.576377731230367374e+01 1.516967385610098162e+01 2.198802792245647808e+01 1.676262624167195625e+01 2.740900643548355475e+01 3.038449662442337029e+01 2.028514842538918828e+01 1.898893073655996133e+01 2.747367557936766502e+01
1.309999999999999880e-02 7.084167811865484943e+00 1.708416781186555156e+01 2.249791630370792106e+01 2.664411738285956943e+01 2.680077682691651120e+01 3.094297209303080010e+01 2.964128782496901593e+01 3.378348818585962476e+01 3.596230651927955080e+01 2.892501480115551971e+01 3.596230651927955080e+01 3.427802611313514092e+01 3.016769242215701752e+01 3.427800022530331603e+01 4.130616268999140317e+01 3.488119687332852692e+01 2.547993039905469814e+01 2.823308061677408887e+01 2.354028054898544298e+01 1.219163325702267286e+01 1.219163325702267286e+01 2.019566760227575131e+01 2.349317895462564820e+01 2.349404142217503733e+01 3.295572519398030664e+01 3.791576712312629382e+01 3.443866201727689003e+01 2.381414146498331519e+01 1.843906491907197065e+01 2.922071292096931927e+01 2.146798171572449121e+01 3.188474279163134639e+01 3.466220273334612045e+01 3.038449662442337029e+01 2.905459026650983745e+01 3.332728364044718461e+01
1.349999999999999985e-02 1.001349999999996321e+01 1.432930792580080315e+01 1.249341765113494596e+01 1.980254995976046928e+01 2.314191711619474745e+01 2.684703573435892210e+01 3.246932614358463098e+01 3.631544435497132639e+01 3.150253582274400799e+01 2.185928648350943959e+01 3.150253061677330280e+01 3.016769213760100143e+01 2.018582586730016004e+01 2.724980627611671125e+01 3.593477117509701202e+01 3.897808524461537871e+01 3.488119687332852692e+01 3.427941273525996735e+01 2.353438238354192080e+01 2.002854805687998052e+01 1.340455883062616316e+01 2.266128038774038345e+01 2.821284358969027295e+01 2.884042178836313752e+01 3.342856821152978597e+01 3.920883409876650205e+01 3.883622703816687505e+01 3.318515973380355177e+01 2.216743713852989117e+01 3.318515973380355177e+01 2.784439323157472046e+01 3.712238116038479063e+01 4.340253769126273653e+01 3.357950765806830873e+01 3.357950765806830873e+01 3.762458674878485709e+01
1.369999999999999864e-02 2.145707163563977726e+00 4.327886066190847814e+00 6.909874984347640137e+00 9.796626920059228638e+00 1.312997200108338269e+01 1.813207914745373728e+01 2.824928482044403211e+01 3.219817290106030327e+01 2.221992069685180837e+01 1.739521980329274342e+01 2.737883676538749000e+01 3.016769200426762154e+01 2.018582586730016004e+01 2.185088300196880340e+01 2.891462565781601768e+01 3.886578158446797460e+01 3.948868002937368260e+01 3.385420519014418517e+01 2.598636666997766298e+01 1.691846574521105495e+01 2.266494983758121506e+01 1.524692928242439649e+01 2.430407395581098129e+01 1.702844225851334414e+01 2.285977633311064849e+01 3.161371709764811300e+01 4.256446628909426977e+01 3.762360528695690221e+01 2.857134549688224823e+01 3.762360528695707274e+01 3.993474887194950185e+01 4.395916822403172119e+01 4.054020677401615558e+01 3.069629168064427205e+01 2.387791799687139971e+01 2.839378992013549663e+01
1.290000000000000001e-02 1.001289999999996283e+01 1.432930792580080315e+01 1.398154164386854070e+01 1.980007784913403057e+01 2.314191711619474745e+01 2.730408518323469380e+01 3.250344964204629150e+01 3.135180292446367645e+01 2.405088426783636635e+01 1.406951942742526285e+01 2.405090312527574170e+01 2.368432589696116963e+01 1.685992210092764410e+01 2.684040340321515217e+01 2.891464228239902212e+01 3.886732883029457497e+01 3.530016183142310382e+01 2.568477384602239511e+01 2.053248543849577601e+01 2.598636667000658917e+01 2.824649578974373654e+01 2.430407395630062695e+01 1.702844225851334414e+01 2.598739516877278533e+01 2.699056141438855505e+01 3.717695217815720810e+01 4.048047169649687760e+01 4.428562689512350659e+01 4.050620004774203409e+01 4.403311560773826727e+01 4.033675029297560144e+01 3.943462398130564850e+01 3.477807540993155300e+01 3.063886073807537258e+01 2.838688366861863699e+01 1.885258674227986830e+01
1.359999999999999924e-02 1.001359999999996298e+01 1.992920945609089500e+01 2.398891415594494703e+01 2.596104202302669250e+01 2.178818303386153588e+01 2.596609354716469653e+01 2.938713134621577083e+01 2.723552087586073966e+01 1.725473558778349670e+01 1.149111509283279098e+01 2.074138575563320686e+01 1.370467243471239271e+01 2.368432589696116963e+01 3.095645305628779909e+01 3.886732883029454655e+01 4.295490006447595732e+01 3.659372281254837844e+01 2.691332312338992594e+01 2.568477147764614799e+01 3.262286936322045960e+01 2.323933607874752028e+01 1.702844225851334414e+01 1.702844225851334414e+01 1.881379703240643764e+01 2.774682050920118570e+01 3.340577183984144938e+01 3.095815391723442644e+01 4.048047169649687760e+01 4.616204382196106337e+01 4.049480083027415844e+01 3.102555271421750760e+01 3.039574059698822239e+01 3.063885687122060375e+01 2.067179095344713602e+01 2.358206730532926798e+01 1.587710203737115044e+01
1.379999999999999977e-02 5.787302691529452758e+00 1.578728057369078996e+01 1.921978129893527054e+01 2.106625841397956123e+01 1.199918090405524396e+01 2.014194959590157907e+01 1.890633300803980887e+01 1.974772295372376618e+01 1.737441965924128695e+01 9.196695574088021630e+00 1.075938150677739635e+01 1.333862270825837193e+01 2.331822594686307326e+01 3.054912416176836842e+01 3.432000162733432091e+01 3.842083918437829482e+01 4.079022884052524489e+01 3.659361239501880192e+01 3.237958669091231911e+01 3.501292120298137434e+01 2.544491762706096694e+01 1.920655794425304208e+01 2.598748000732516061e+01 2.774682049740073353e+01 2.137617991683269381e+01 2.401384871178611391e+01 2.924992807421393337e+01 3.908275999784785171e+01 4.219355283973945347e+01 3.215592694472795188e+01 3.342721842480061412e+01 2.354889833362092233e+01 2.901025320266375118e+01 2.359092009918013133e+01 1.385083361494758591e+01 1.293947316148736171e+01
1.349999999999999985e-02 1.001349999999996321e+01 1.155139479742022779e+01 9.264814116600440741e+00 1.286149457908853577e+01 7.920347222099579199e+00 5.348868651873585733e+00 1.487740927932769353e+01 1.081786486695332883e+01 7.384800556502927549e+00 1.737441962272217566e+01 2.074150914165246107e+01 2.331822593248407216e+01 1.741220744851565527e+01 2.056778101072054454e+01 2.434315121372175028e+01 3.140818832062020149e+01 4.134941255118199877e+01 4.656205693052887540e+01 3.921408349932558224e+01 2.937374668048535753e+01 2.285861190775184326e+01 2.824736854523488461e+01 3.229932067761009762e+01 3.352393764665840337e+01 2.404597729123450378e+01 3.338481840884941931e+01 3.754117331103312694e+01 4.326128639089802164e+01 4.113383363017963745e+01 3.104779886388378429e+01 2.391331547246034361e+01 2.001779754062554417e+01 2.486852649146631578e+01 1.514529223348774423e+01 2.359107476205295484e+01 2.271338867958143126e+01
1.359999999999999924e-02 1.001359999999996298e+01 1.551408537906201035e+00 2.192908849492030132e+00 2.859575844690122270e+00 3.530735098310285647e+00 4.221050299493797731e+00 4.919151706446464267e+00 5.620414585240364858e+00 1.561763507415531294e+01 2.096597124226912356e+01 2.350309536862875959e+01 2.676323213871742723e+01 2.739275676252347225e+01 3.054912416176836842e+01 3.432000162733432091e+01 3.842083918437829482e+01 3.564952959372647001e+01 3.971784282369708308e+01 4.091802268693911770e+01 3.638011349716371967e+01 3.225410764723859813e+01 2.811628050450670457e+01 3.790532930400794953e+01 3.697869666234353048e+01 2.720716257280351513e+01 3.697869666234352337e+01 4.423996274082735169e+01 4.015191894663365701e+01 3.485979622506526709e+01 3.071665733862039005e+01 2.923213843179712867e+01 2.625216366831313408e+01 1.651676781447854836e+01 2.486852661564147837e+01 1.514529223348774423e+01 2.487296682926742974e+01
1.290000000000000001e-02 6.479006350009514081e-01 1.064785815585473827e+01 4.725368131572860619e+00 1.278369838103339795e+01 1.350004077966407934e+01 9.195973213630308507e+00 1.454932727026810468e+01 1.561740678276493277e+01 6.843012480096981598e+00 1.651474956282143225e+01 1.334748017262319131e+01 1.792615193795925066e+01 2.290840649918871819e+01 2.915142758257119127e+01 3.863348052997157822e+01 3.406247259049179377e+01 2.586507144581936402e+01 3.406247259049179377e+01 3.112884188649275075e+01 3.564086436005830905e+01 3.970911134355371530e+01 3.367431100773642072e+01 4.206598891138977336e+01 4.114645514097330903e+01 3.274619980923871054e+01 4.114645495900759187e+01 4.016922336588182674e+01 2.997668508561530842e+01 3.068469880203010547e+01 2.065020438799118097e+01 1.929650923457095502e+01 1.798725234782082794e+01 2.626089032178264659e+01 2.801301049414631805e+01 1.812453449423089680e+01 2.487296682919613033e+01
