output/example_1/elevation_000356.asc
nrows	75
cellsize	13.33333333
xllcorner	0
ncols	75
yllcorner	0
NODATA_value	-9999
[rows 0 to 16 of 75, columns 0 to 36 of 75]
1.369999999999999864e-02 4.096182904638636657e+00 9.096182904638652644e+00 1.616725071650417433e+01 2.616725071650424184e+01 3.178099863298505312e+01 3.287512048828392608e+01 3.701666171202231936e+01 3.453067275602292341e+01 3.476032042113393317e+01 3.061934291893486915e+01 3.476032042113393317e+01 4.135682099793307032e+01 4.294081776265238659e+01 3.923060311293244951e+01 4.238442614971466327e+01 4.425255953857083568e+01 4.834054530137559880e+01 4.566327652119320391e+01 4.154752841589944268e+01 4.038165636774337486e+01 3.625175394102095794e+01 4.038548727563752294e+01 3.893989645716467152e+01 4.045342614767503875e+01 4.154689668380291323e+01 4.154689668380291323e+01 4.567075410388847700e+01 5.028259799190126245e+01 4.598931169012380593e+01 4.598931169012380593e+01 4.504634339845372182e+01 4.504634339845372182e+01 4.932942498980976609e+01 5.310403417695771822e+01 4.892885968422377374e+01 4.794092574579293142e+01
1.279999999999999888e-02 1.001279999999996306e+01 1.823831852836948642e+01 2.323831852836969958e+01 2.642157269712092571e+01 2.175443081207843932e+01 2.285183791165061606e+01 3.160240318765985990e+01 2.454729845418974321e+01 2.976287951293928558e+01 2.062542300207998380e+01 2.975801538595698048e+01 3.138898321821767112e+01 3.747659046977489083e+01 2.922319266485356692e+01 3.707918496005085274e+01 3.459702698866501436e+01 4.428175991252524568e+01 4.154752841589944268e+01 3.141792551021124069e+01 3.438356370821810515e+01 2.597443958073606751e+01 3.478576876989651367e+01 2.777365952642555058e+01 3.053302841522342348e+01 3.141500104423168693e+01 3.141500104423168693e+01 4.154689668380291323e+01 4.598931169012380593e+01 3.600759193702917571e+01 3.600759193702917571e+01 3.509181117680754625e+01 3.509181117680754625e+01 4.504634339845372182e+01 4.714050592595734912e+01 3.849643289533447188e+01 3.752015500547288696e+01
1.299999999999999940e-02 7.084068102460923555e+00 1.708418474181778635e+01 2.339294731292642382e+01 1.623466681158762626e+01 1.445246939154558419e+01 2.469114453479517124e+01 2.747136108804441434e+01 1.747773858128995172e+01 2.115083924858785380e+01 1.562538974877418774e+01 2.139882607324892305e+01 2.835654149142209235e+01 3.026735420136338917e+01 2.424947522599843452e+01 2.760084137204427535e+01 3.549593393432547117e+01 4.693498404678771152e+01 4.154752841589944268e+01 3.141792551021124069e+01 2.404469043093765279e+01 2.071590637854015071e+01 3.062270868371221866e+01 2.025433484230583048e+01 2.951407017474463146e+01 2.404438161558060472e+01 3.141500104423168693e+01 4.154689668380291323e+01 4.598931169012380593e+01 3.600759193702917571e+01 2.904113818735892139e+01 2.811638572252433832e+01 3.426896427415094593e+01 4.425597265441346906e+01 4.290569526935748002e+01 3.258770122186343343e+01 3.032287338824062672e+01
1.369999999999999864e-02 7.084786148592211674e+00 1.708644593303107939e+01 1.917454116792670504e+01 8.283251305593200442e+00 1.917973669186874375e+01 2.198910625451571477e+01 1.784792330797473525e+01 1.919023291654129082e+01 1.115369524055786776e+01 2.114679293090818391e+01 2.534189274345278164e+01 1.836147183541540784e+01 2.059758082303856597e+01 3.059131047113163859e+01 3.770433878756564638e+01 3.912626202011890086e+01 4.308564611415788193e+01 4.446376896314932736e+01 3.438481751056035307e+01 2.812050486265085425e+01 2.071590637854015071e+01 2.673918427322549007e+01 1.633835920264990449e+01 1.909231653625923641e+01 2.515422834816424569e+01 3.251157775611031298e+01 4.269985874851732888e+01 4.324527611858965059e+01 3.832297183757278702e+01 3.423793970423648858e+01 2.425547197172664582e+01 3.136328943724900498e+01 4.128388387324585551e+01 4.425662691795756132e+01 3.392151419685674085e+01 2.674999414436706147e+01
1.290000000000000001e-02 1.001289999999996283e+01 1.193290441051100714e+01 1.291707117214052403e+01 5.270509874874897527e+00 1.492663793972281816e+01 1.613990791575084671e+01 7.856207335198527097e+00 9.195472818997474818e+00 1.919023291652270657e+01 1.357860661758853560e+01 1.534633886889753640e+01 2.241705182915027450e+01 3.059131047101688239e+01 3.472220108476703615e+01 3.748426625156312753e+01 2.936512359529974248e+01 3.748426625156312753e+01 4.172208642973703263e+01 4.247530480024155253e+01 3.283503754583770728e+01 2.246881609824997028e+01 1.725320582714216400e+01 1.633835920264990449e+01 2.673421846358941423e+01 3.262718083009500702e+01 3.683417797759983614e+01 4.266293905065776926e+01 3.915298222263867700e+01 2.932289718583716365e+01 2.425547197172664582e+01 3.161641524604882392e+01 3.571050459514412978e+01 4.142099890634563764e+01 4.188126640493049990e+01 3.159428474141476428e+01 2.436171926963130829e+01
1.299999999999999940e-02 9.708262852211502203e-01 1.933076733870525921e+00 2.918406012034818975e+00 3.995439881554506911e+00 5.080300727220139478e+00 6.179830355777840900e+00 1.612427221873597460e+01 1.210891368939926060e+01 2.210098157441314726e+01 2.357681312150576858e+01 1.981854488551291738e+01 2.947617617180110017e+01 3.653530041603192302e+01 3.892643622706745532e+01 3.349066612293335510e+01 2.375435678345048984e+01 2.802625343803928359e+01 3.775050634473283395e+01 4.297538137115332546e+01 3.283503516334554462e+01 3.187037424842142030e+01 2.465261771585262096e+01 1.428957020070643047e+01 2.431797562808707980e+01 2.246685917353644513e+01 2.838546859768192832e+01 3.846761759844103779e+01 4.324527611133261473e+01 3.832297181994584179e+01 3.161641524604863562e+01 2.151349601235583364e+01 2.743287558246997904e+01 3.733121238855247981e+01 4.072243018575601781e+01 3.242290390586931892e+01 2.210752550865975863e+01
1.299999999999999940e-02 1.001299999999996260e+01 7.701724482377476200e+00 1.291725847084702572e+01 1.100552762406772089e+01 1.209624952999615921e+01 1.321574395714370631e+01 1.246967900935441342e+01 2.210098157440359401e+01 1.710775983457097027e+01 2.709405109970438019e+01 2.981178900909968377e+01 2.798073461695936714e+01 3.795904674540607715e+01 3.494335632805908887e+01 2.524615402448417001e+01 2.016294484724903313e+01 2.981068709434104491e+01 3.655920047377711057e+01 3.795396181643477007e+01 3.282826039479066083e+01 2.861768696798219125e+01 2.321895462646944708e+01 1.287452702745811628e+01 1.649930817103615155e+01 2.693065299614509556e+01 3.435952744492034583e+01 3.857161648395862841e+01 4.351625646645794632e+01 3.397183297659083934e+01 2.988571052074331647e+01 1.976454745062441276e+01 2.702195613511243266e+01 3.695951736746523153e+01 3.647473151211887910e+01 2.619604788042104104e+01 2.017296492204161140e+01
1.290000000000000001e-02 1.001289999724894741e+01 1.757359328813804922e+01 2.161717344356484460e+01 2.099129232635187137e+01 2.208421862973389693e+01 2.320846426500609283e+01 1.953618693556547470e+01 2.246093692823821186e+01 2.417646849921677799e+01 2.417646849921677799e+01 3.413771858314531471e+01 3.795904674540607715e+01 3.687106220117699706e+01 3.284934304606774447e+01 2.702507757946646194e+01 1.740321280026694239e+01 2.291538711137098971e+01 3.257021265947897604e+01 3.377893973361388191e+01 2.345766490420862027e+01 1.824601508348844447e+01 1.481261481671436187e+01 1.162074103338500564e+01 2.189177485085424735e+01 2.717724893098099059e+01 2.420225182418506193e+01 3.435952744807291026e+01 3.614099652248164318e+01 3.197289560972904354e+01 2.408818375521442334e+01 1.809192960803065731e+01 2.539919454811361987e+01 3.538927712957901406e+01 3.739786761328172560e+01 2.883561710344555706e+01 1.844221803337909904e+01
1.349999999999999985e-02 1.001349999999996321e+01 1.423095130412546361e+01 1.673095130412393772e+01 1.940356372324579581e+01 2.293909762917231276e+01 2.702158053379755032e+01 2.952190366379364050e+01 3.243802858863429606e+01 3.413771858314531471e+01 3.413771858314531471e+01 3.821629709411496378e+01 4.045722844199844559e+01 3.285965876690666221e+01 2.320837440073337277e+01 2.478964255061526245e+01 1.521491707717843589e+01 2.483714254786789510e+01 3.237026369127589476e+01 3.795396169933528796e+01 3.282874682372431607e+01 2.861792199013589411e+01 2.069688699640276752e+01 1.053390598498204156e+01 2.068828416916193547e+01 1.699568511672390159e+01 2.420225182415314080e+01 3.435952723295610411e+01 3.199680281060213716e+01 2.181869713684548628e+01 2.477442078639186462e+01 1.650508043593393737e+01 2.255968525834131810e+01 3.262967527924580224e+01 3.315495975656355654e+01 2.282720395505202760e+01 1.679428214606482683e+01
1.379999999999999977e-02 2.098944140570746075e+00 4.230951304126847390e+00 6.730951304126843837e+00 9.403563723251078699e+00 1.293909762918380402e+01 1.702158053382240865e+01 2.409264834568783442e+01 3.409264834560298141e+01 3.573257434749139350e+01 3.159881532226619782e+01 3.573257434749139350e+01 3.644902233226977728e+01 2.674798944057307537e+01 2.121999397896844641e+01 1.642567026297907162e+01 1.312624433960092674e+01 1.876516354529635322e+01 2.838344781613269774e+01 3.065010300201865334e+01 2.763539567789903018e+01 2.854047557549451142e+01 1.953858205941272175e+01 9.498329314157883729e+00 1.223788090059179012e+01 2.237761371596040050e+01 3.138692490904523069e+01 3.607539288428532842e+01 2.702645118838837490e+01 2.285444337035957574e+01 1.434627317398343571e+01 2.477442078639185397e+01 3.094535504558367123e+01 3.673061141560076237e+01 3.295505800147508779e+01 2.261369038816040344e+01 1.526714056398331820e+01
1.290000000000000001e-02 1.001289999999996283e+01 1.423095130412546361e+01 1.239591711340407620e+01 1.940356372324579581e+01 1.756852953252828087e+01 2.702158053379755032e+01 3.116371612874398878e+01 3.253952034493816825e+01 3.074269942908399855e+01 2.161907677917727355e+01 3.074269942908399855e+01 3.536375294436486172e+01 3.387767183913408076e+01 2.429206184995723561e+01 1.751800526427886240e+01 1.312624433960092674e+01 2.001110277928923509e+01 2.963654201721071146e+01 2.044825536617256390e+01 1.745647508466299769e+01 2.134277956417350808e+01 1.457597186959455016e+01 8.524755920575685764e+00 1.845924904527954524e+01 2.638175397829144586e+01 3.317679305993608807e+01 2.754492683130718333e+01 2.171213591137138721e+01 1.239502747744137601e+01 2.285444336360730588e+01 2.892295653271995093e+01 3.222543962862069833e+01 3.478596118856103203e+01 3.316148916428576854e+01 2.416004854973371963e+01 1.383422153225169104e+01
1.359999999999999924e-02 7.084667811865485554e+00 1.708466781186555394e+01 2.239591711339657465e+01 2.653805273202057791e+01 2.756852953249966731e+01 3.171066513880038684e+01 2.961522321633130517e+01 2.256021079230374937e+01 2.660894605072173391e+01 1.665060210079492009e+01 2.125779634768137427e+01 3.123223412167801172e+01 3.646923981254171565e+01 2.706390521271406868e+01 2.136110147868685516e+01 1.160473508021185296e+01 1.932760028807277664e+01 2.309756626428234938e+01 2.005363799151533399e+01 1.030732676140744708e+01 1.499069142731542392e+01 9.803558254851070686e+00 7.532099005603074104e+00 1.908972911436674380e+01 2.146375459171394695e+01 2.517887198823702022e+01 1.912206281592804658e+01 2.089855687211167989e+01 1.122053692668867697e+01 2.030550749985376768e+01 2.451884610711923074e+01 2.255448851290201517e+01 2.534218320847334027e+01 2.874962304960888204e+01 1.836007697497114322e+01 1.246296703687831631e+01
1.349999999999999985e-02 1.001349999999996321e+01 1.688049377291041964e+01 2.103408529051439046e+01 2.687434640915635242e+01 3.069247777743214911e+01 2.773759079848428755e+01 2.548308288871068683e+01 1.557236750103686873e+01 1.921499611536511054e+01 1.321352221361704338e+01 2.308813978253145294e+01 2.874568669726811265e+01 3.150953221484039801e+01 2.663584931118194632e+01 2.113392261626146862e+01 1.739229128601670027e+01 9.541237942270736738e+00 1.848974535185364232e+01 1.537319169701321186e+01 5.834207782435602674e+00 5.834207782435602674e+00 6.178008767460458905e+00 6.522835775690478677e+00 1.657575495206890182e+01 1.246305034448422155e+01 1.760733101200923656e+01 1.824503246482132823e+01 9.661874885195437912e+00 1.863803221961538625e+01 1.232512968158914113e+01 1.909637303930901808e+01 1.547097775770097527e+01 2.477497413454539199e+01 2.313567843085628795e+01 2.214964754543535363e+01 2.195682917274202950e+01
1.319999999999999993e-02 3.346533334154071504e+00 6.882067205467899740e+00 1.265554914691764310e+01 2.266908352778805025e+01 2.052894539823823550e+01 1.754851618989141926e+01 2.474543193045034073e+01 1.921499611536506791e+01 9.613293215680098314e+00 1.634801797148330493e+01 2.073836053047403993e+01 1.882749139837443053e+01 2.172963519999330018e+01 2.210737462361178274e+01 1.288326671620052721e+01 7.616174810420959673e+00 1.565263927861275128e+01 1.472128098867499624e+01 5.352013300221146075e+00 1.537021149093351902e+01 5.834207782435602674e+00 1.613553538555913036e+01 1.614083526277383385e+01 7.042373660218521181e+00 7.417165677921929934e+00 7.790774567333271783e+00 8.161968932653023145e+00 8.533899133693978456e+00 8.533899133693978456e+00 8.935180844789508470e+00 1.062504911907110383e+01 1.879950157266412702e+01 2.033092200083921597e+01 1.554263183383283220e+01 1.451146508646968769e+01 1.181119188301852141e+01
1.299999999999999940e-02 1.001299999999996260e+01 1.688049377291041964e+01 2.103402426982340145e+01 2.419922160409329948e+01 2.051684062821390597e+01 1.068993401982466729e+01 2.042912727279280460e+01 1.931486312373103686e+01 1.464988306160604203e+01 6.786050021222615136e+00 1.577189258155384444e+01 1.055461666756520422e+01 1.702619917990110920e+01 1.802475776388528317e+01 1.924649578335476008e+01 1.455931825485014564e+01 5.819839610425906251e+00 4.872080943237437900e+00 1.409507478277107850e+01 1.145184462950459370e+01 1.929038566962647039e+01 2.067661478948193832e+01 1.079340723222681397e+01 1.716028987312000709e+01 8.029405188965821338e+00 1.076309934136072499e+01 1.812155460128934337e+01 1.566716350656559875e+01 1.863793658034553857e+01 1.125206041900275800e+01 9.519086602864279101e+00 9.936178717483647560e+00 1.034125094780344867e+01 1.073329487981455266e+01 1.117302963809295946e+01 1.728512644051859937e+01
1.349999999999999985e-02 7.084567848320997285e+00 1.708458260729509703e+01 2.095766566864648084e+01 1.340499585390570303e+01 1.687985401654174211e+01 7.085059810814102299e+00 1.558156395381170967e+01 1.144050795148885946e+01 2.698825728393378753e+00 8.614342365631262766e+00 7.118479428570988254e+00 5.057325049716166809e+00 9.033690292773538744e+00 9.312273717022440778e+00 1.313036270904234826e+01 1.429724881160334249e+01 4.532764051612501177e+00 4.532764051612501177e+00 1.497502463989732746e+01 1.847371228564877654e+01 2.077377694606474989e+01 2.365578570478674791e+01 1.354340405718078166e+01 2.357089277289539808e+01 2.225970830745287898e+01 1.240668184329925872e+01 2.255427126028588702e+01 2.569253926041568903e+01 2.311713191539727674e+01 1.256749847572916856e+01 2.260474884868102663e+01 1.781214760881334058e+01 1.156158533603152705e+01 2.056508727639185707e+01 1.192584367818341740e+01 2.225187046828536097e+01
1.369999999999999864e-02 1.001330364644327275e+01 1.617732995486684189e+01 1.310425197515652407e+01 5.994422509361339024e+00 1.135386391042699117e+01 1.962918457077898138e+00 8.337264665735725444e+00 2.194181711358137665e+00 2.478404670145276878e+00 2.762441822007019265e+00 3.050938973961118794e+00 3.339720431084201469e+00 3.628017548521775382e+00 3.916339759245292207e+00 4.206260190625410900e+00 4.532764051612501177e+00 1.449466983657455366e+01 4.532764051612501177e+00 1.599830386309804453e+01 2.734633125880062110e+01 3.053781161146705614e+01 2.785368515785451748e+01 1.936027983254809470e+01 1.936027821494370826e+01 2.690691849781471490e+01 2.263432291079464420e+01 1.694565998038655863e+01 2.723644496197066900e+01 2.566153961944192474e+01 1.518976557814899664e+01 2.523042815425274554e+01 2.886446609335845537e+01 2.743897504712228752e+01 2.204072726958158768e+01 2.226195526842116479e+01 1.316793575400968841e+01
