output/example_1/elevation_000186.asc
nrows	75
cellsize	13.33333333
xllcorner	0
ncols	75
yllcorner	0
NODATA_value	-9999
[rows 34 to 50 of 75, columns 0 to 36 of 75]
4.159999999999999636e-03 1.000415999999996330e+01 3.085956435047974455e+00 1.308553444049600500e+01 7.240332868383295484e+00 8.884322741436863069e+00 1.068037576170460667e+01 1.264153711308644112e+01 1.477354427664253933e+01 1.754704525776849877e+01 2.088037859102309568e+01 2.795142818438982246e+01 3.795015259445352029e+01 3.058653732870888575e+01 2.107563667864438273e+01 1.623133387102987513e+01 1.623133387102987513e+01 2.279420026092862628e+01 1.896876779571764615e+01 2.231148892971427244e+01 1.506069114426049538e+01 2.479363722821193505e+01 3.156419112290086204e+01 3.510518416238092243e+01 2.532933918776373972e+01 3.510518437213541887e+01 3.239999032372796250e+01 3.953111979116486907e+01 3.506220049587786747e+01 2.503543053824266451e+01 1.801078542493950607e+01 2.577573566272225847e+01 2.571975164002858705e+01 1.534917221416218958e+01 2.572046174369983618e+01 2.783516716752263065e+01 2.371301588505919256e+01
3.329999999999999627e-04 1.260214576697422872e+00 1.125982078866621627e+01 4.975778800094107446e+00 1.497581202215370944e+01 1.888424813299181437e+01 1.645387832912716064e+01 2.264138462377309935e+01 2.184460615184308452e+01 2.293848139321431034e+01 3.087998676088201577e+01 3.501895684259206121e+01 3.599963269035838920e+01 3.467183370209980353e+01 2.986485214528297050e+01 2.583108700367663246e+01 2.279420026092862628e+01 1.301590372002926976e+01 1.765967358018932387e+01 1.246524456379966139e+01 2.209857292237909832e+01 2.746863464487715234e+01 3.032597713930244154e+01 2.613619221472850285e+01 2.076790966534975524e+01 3.092366438887869506e+01 2.523365142842216002e+01 3.447620126942042873e+01 3.800332229581218257e+01 2.797220330221367135e+01 2.577573566272226557e+01 1.578913978023812348e+01 2.238944658461987203e+01 1.230236004571103337e+01 2.238949636525587650e+01 2.225008173452945570e+01 1.386067948495156621e+01
1.129999999999999928e-03 1.000112999999996255e+01 1.539449375536278808e+01 1.497581199740346136e+01 8.755423530186678960e+00 1.875549098982829932e+01 2.645366333964905792e+01 3.059383187907330282e+01 3.184397159049632364e+01 3.293760904732890538e+01 3.707551334755003580e+01 3.316700683087996993e+01 2.615041857040837670e+01 3.107502563038337939e+01 3.522211795157817704e+01 3.244579524770021806e+01 2.279420026082303607e+01 2.003741395179621065e+01 1.013209370819996202e+01 1.742527850485818419e+01 1.974749317925077818e+01 2.575532720142740573e+01 2.613619221472850285e+01 1.592791103006732989e+01 2.213217297053626353e+01 2.521347933012004461e+01 2.013275100046779542e+01 2.733262349484174436e+01 3.744410533942507158e+01 3.395982433785341215e+01 2.393640202648195725e+01 2.371860780669404889e+01 1.367195446987694396e+01 1.230236004571103337e+01 2.070158871333590156e+01 1.218923100255540248e+01 2.225011284151431212e+01
3.329999999999999627e-04 7.071406370427415489e+00 1.707227136687311386e+01 2.289795744556579749e+01 1.875549098982845919e+01 1.322755948563558626e+01 1.731004239430255609e+01 2.438111825176304848e+01 3.438179481052721087e+01 3.449194555816266927e+01 3.037703429336530903e+01 2.835718079933955948e+01 1.956276441796078203e+01 2.149224364710096324e+01 3.107502563038337939e+01 3.294584666975741527e+01 2.325991368412631388e+01 1.879698837321148375e+01 8.921284761479338243e+00 1.596753432958408681e+01 2.111233334010573159e+01 2.336585755220929883e+01 2.633885793231508998e+01 2.213217297051289378e+01 1.189005469516309255e+01 1.499394093702199982e+01 2.521347932999317010e+01 2.993341669067173783e+01 3.500270166464756727e+01 3.812507715163594213e+01 2.907102021161283645e+01 1.905757109105735836e+01 2.371859841807549074e+01 2.070157940267484875e+01 1.061080706523832617e+01 1.104266787473053313e+01 2.313644470078050119e+01
4.329999999999999539e-04 1.000043299999996194e+01 1.543528432545598861e+01 1.868624493619201488e+01 2.280699875131404397e+01 2.322768151566755890e+01 2.322768151566755890e+01 2.547504276272549362e+01 3.547597814542488237e+01 3.037703429336530903e+01 2.093755723552007808e+01 2.370231605490809557e+01 1.511375972255451927e+01 2.146234968234471197e+01 3.095548044249325770e+01 3.008317425153321167e+01 2.043362684129281703e+01 1.352612730863019053e+01 1.710398676325863576e+01 7.257064366966877955e+00 1.710409398438568118e+01 1.317696694492340903e+01 1.616120614549425838e+01 1.978246909487271665e+01 1.189005469516309255e+01 1.189005469516309255e+01 1.553006058901927133e+01 2.066459854118603801e+01 3.082137662854548665e+01 3.617412839807722946e+01 2.612882080702360810e+01 2.907099254698984225e+01 2.722074121652506307e+01 1.967144065487044813e+01 9.468651426974330931e+00 1.885550346807501754e+01 2.305580175859161685e+01
5.329999999999999452e-04 2.612083918561447948e+00 5.354448658471019584e+00 9.199904623643313073e+00 1.578589111696993719e+01 2.568831846223857696e+01 3.322874566850519784e+01 3.547597814542488237e+01 3.162313429254487929e+01 3.037703429336530547e+01 2.093755723552007808e+01 1.457297607885658408e+01 1.248552682354853793e+01 2.156395808487453891e+01 2.845118384770049502e+01 3.203112445776592665e+01 2.232367320532850030e+01 1.710398887822861624e+01 7.257064366966877955e+00 1.561928920039263780e+01 1.616120729109556464e+01 6.082784402067725082e+00 1.616120572694616442e+01 9.571185605916006978e+00 1.978246909643534934e+01 2.213217261100451694e+01 2.574298757532255522e+01 2.993341632834551191e+01 3.500270166464756727e+01 4.034319684383292071e+01 3.617412212429854890e+01 2.890045194495245440e+01 1.873142444554449426e+01 1.280723152910675999e+01 8.691636356645599193e+00 8.691636356645599193e+00 1.775577503360669240e+01
3.709999999999999756e-03 1.000370999999996258e+01 1.543528431241331589e+01 9.596893976096907863e+00 1.538512759224368232e+01 2.563302394782751392e+01 3.074554038282909119e+01 2.656536852113175229e+01 2.154791462026016546e+01 2.866766563864427297e+01 2.565729576444267224e+01 1.643711874023119535e+01 9.845571836450137226e+00 1.526551096874613123e+01 2.442706169418055850e+01 2.918529328532102340e+01 1.949448391609175602e+01 1.256457010924560436e+01 1.561928919500268265e+01 5.785375858058393383e+00 1.436549074357382416e+01 6.082784402067725082e+00 7.396879476877901816e+00 1.071458598973474707e+01 1.488843771368919278e+01 2.002102821727315174e+01 2.722437932490503698e+01 3.733874850764736664e+01 4.274168852415101583e+01 3.858014019135086414e+01 3.748114770363807224e+01 3.308018229999938598e+01 2.722196710635124717e+01 1.885615873221384931e+01 8.691636356645599193e+00 1.775577495273403983e+01 7.642370701186774085e+00
6.660000000000000121e-03 4.706410882494338921e+00 1.071629940923880397e+01 1.997814880772112645e+01 2.524884307652474291e+01 2.978808005492394173e+01 2.656536852113175229e+01 1.653363115412110673e+01 1.445786893912202409e+01 2.348306138267675180e+01 2.544102917672720920e+01 1.520122086807801232e+01 7.796642631872225948e+00 1.738160827940900433e+01 2.587616376882130353e+01 2.548760277025054322e+01 2.637250398631397985e+01 2.231950821581140687e+01 1.805807407558892308e+01 1.369380879020276254e+01 4.315020183205006354e+00 1.436548981245394252e+01 1.752717236151963220e+01 1.565620942128822080e+01 2.093346671708755125e+01 2.929656834253524167e+01 3.436948870119505273e+01 3.160490672999408801e+01 3.578251146093427337e+01 2.844475485347768640e+01 2.733243308053360465e+01 3.240523261295071933e+01 2.968290651573642691e+01 2.306149840018086294e+01 1.885617901272959429e+01 1.775201636549163098e+01 7.642370701186774085e+00
1.030000000000000013e-02 1.001029999999996356e+01 1.864191312709097303e+01 2.443471152507111199e+01 2.465322913453226406e+01 2.172428817409901569e+01 2.302564793838984514e+01 1.947185900183604446e+01 9.446327798194030123e+00 1.945198653651728549e+01 2.086212349747678374e+01 1.565099566642194873e+01 5.841820541705944336e+00 1.567918722277820365e+01 1.650689651764885468e+01 1.420404382512655062e+01 1.826232585172589040e+01 2.072795982170682194e+01 1.331209408845629483e+01 6.899254774615918073e+00 3.508270989934891837e+00 1.626007180900679217e+01 2.560089548790094938e+01 2.585200018328511362e+01 3.004533557078507755e+01 3.528624785548496590e+01 2.993690063761523135e+01 2.146647290292751009e+01 2.993690012179622073e+01 3.030471420873692878e+01 2.009837891745144844e+01 2.221717589134460269e+01 1.951308585423760888e+01 2.668842650342268641e+01 2.428722125003233856e+01 1.410071975447572434e+01 6.994297502860130855e+00
1.349999999999999985e-02 7.084567811865484899e+00 1.708456781186555062e+01 1.725214033195576846e+01 1.465320245728121940e+01 1.172426280137374732e+01 1.302563296361170586e+01 1.657609012505689350e+01 6.556322300148350379e+00 1.278652080857613171e+01 1.609857034520734231e+01 1.089163051397032866e+01 4.050384495660347639e+00 1.372080448378564910e+01 1.673531832783152851e+01 7.159718510636699840e+00 8.035833772601641556e+00 1.511716525736327199e+01 9.048024497157223678e+00 2.390821420252238205e+00 9.278107184190162116e+00 1.086849651910969783e+01 1.819016074821429285e+01 2.866202032373557884e+01 3.075286388497901768e+01 3.326338313951525549e+01 2.575134366020332877e+01 1.557528058872039622e+01 2.575134366020332877e+01 3.448872160105108264e+01 2.520154587452710970e+01 1.506282489685402126e+01 1.242076223788789768e+01 1.913475535607593159e+01 2.326067338076137148e+01 1.942442280996015569e+01 1.522746725231372622e+01
1.339999999999999872e-02 1.001339999999996344e+01 1.018105646523283880e+01 7.252117815520425559e+00 1.018105673189950622e+01 4.653181132436122525e+00 5.954550382382541862e+00 1.432307880370251141e+01 1.034960599396062264e+01 2.774977001431247370e+00 1.034813750053554848e+01 1.034899336470008713e+01 2.535806633333522520e+00 1.215966960601335600e+01 1.427848501467176057e+01 1.076173796735193733e+01 2.802314927937099576e+00 1.026941365003175122e+01 1.093409982164930128e+01 1.620426455080196115e+00 6.619693146477254153e+00 1.354379188964925085e+01 2.321150600423618826e+01 2.777153463935972155e+01 2.061104613883345138e+01 2.777157820621842177e+01 1.893722967618281672e+01 1.198286693724716834e+01 2.215346778183411658e+01 2.870112947619187693e+01 2.940097873739071588e+01 2.520154587452422490e+01 1.913475535607593514e+01 9.140579930261843344e+00 1.618577165223236491e+01 1.434452792856722425e+01 5.171359372195307280e+00
1.369999999999999864e-02 1.810420461308198670e-01 1.810420461308198670e-01 1.810420461308198670e-01 1.810420461308198670e-01 1.810420461308198670e-01 1.810420461308198670e-01 1.018105280212996000e+01 3.495687417568391075e-01 3.495687417568391075e-01 3.495687417568391075e-01 9.339017733185981385e+00 1.444271275292834389e+00 2.856583125806945844e+00 9.363624996402334588e+00 3.705515568621290612e+00 8.585722482770180575e-01 8.585722482770180575e-01 8.585722482770180575e-01 8.585722482770180575e-01 1.092690462865608936e+01 2.034456208480970218e+01 2.515559431880337726e+01 2.323420259014092082e+01 1.342338190245800078e+01 2.323420259014099898e+01 1.893722870792725033e+01 8.804684046559815513e+00 1.436703661573760016e+01 2.451480420817609485e+01 2.539796960762853573e+01 2.954894436945640734e+01 2.332068595011791956e+01 1.618819183772560066e+01 6.242571341862715784e+00 4.280830052657432105e+00 1.434353435415923350e+01
1.290000000000000001e-02 1.001289999999996283e+01 1.810420461308198670e-01 1.810420461308198670e-01 1.810420461308198670e-01 1.810420461308198670e-01 1.810420461308198670e-01 3.495687417568391075e-01 3.495687417568391075e-01 3.495687417568391075e-01 3.495687417568391075e-01 3.495687417568391075e-01 5.195309620379946480e-01 6.919163055620975999e-01 6.919163055620975999e-01 8.585722482770180575e-01 3.546562907722126123e+00 1.091638621446460000e+01 8.585722482770180575e-01 8.585722482770180575e-01 1.093318982621014079e+01 1.093272422965849699e+01 1.816419834364494434e+01 1.397586086794021121e+01 8.913065982685791866e+00 1.722969700797060000e+01 1.303705986344644430e+01 6.134818293322424232e+00 1.325634186999355180e+01 2.340625951383722381e+01 1.499785591071991320e+01 2.360336102655397994e+01 2.335416522835400954e+01 1.952625349791123099e+01 1.365189604947349800e+01 3.678255605241570247e+00 1.374883364188009161e+01
1.349999999999999985e-02 1.001349999999996321e+01 1.018105646523283880e+01 5.181045819281454357e+00 1.018105673189950622e+01 1.018105686523283815e+01 1.810420461308198670e-01 1.018105102415842822e+01 1.034960266569281728e+01 1.034960391849146966e+01 2.090361624544358587e+00 1.042052601766335052e+01 1.066039975159613817e+01 3.646957065412408827e+00 1.073016005959264696e+01 7.414803830800766882e+00 1.410348487467601331e+01 1.504453532266602167e+01 1.087278770413439943e+01 1.093388146725293808e+01 8.585722482770180575e-01 1.093620390013364840e+01 1.093622681708431799e+01 3.895128458679484762e+00 1.093622784439638274e+01 1.093622797772971644e+01 2.961841630338337250e+00 1.093622820780990601e+01 1.093622846086236322e+01 1.512661930782094366e+01 9.150530444267733543e+00 1.899961471411715763e+01 1.956998137937042159e+01 9.431305384142589787e+00 1.232545909235441783e+01 3.080945279517450341e+00 8.882067374344526201e+00
1.319999999999999993e-02 1.001319999999996213e+01 1.932317202138539614e+01 1.518106480109319811e+01 1.932317202138524337e+01 1.265174139805519538e+01 2.680568088344522426e+00 1.265173786691823743e+01 1.472163056349911336e+01 4.673261400278923006e+00 1.211398249286461848e+01 1.628449264782247496e+01 1.330479105987570065e+01 1.364683179840019633e+01 8.869249362878621312e+00 1.727668218950211454e+01 2.108596893359582936e+01 1.797557878609538307e+01 1.211444907399763160e+01 2.038540482896480377e+00 8.585722482770180575e-01 8.585722482770180575e-01 8.585722482770180575e-01 8.585722482770180575e-01 8.585722482770180575e-01 8.585722482770180575e-01 8.585722482770180575e-01 8.585722482770180575e-01 8.585722482770180575e-01 1.093623889136290472e+01 4.661510198969723184e+00 1.093645846745773120e+01 1.512891611913322620e+01 1.151250892693754047e+01 2.249287092575213975e+00 1.232935231096896622e+01 1.735721878082500425e+01
1.359999999999999924e-02 1.001359990230996821e+01 1.688168793823315994e+01 2.102230748408211625e+01 2.239885490339160157e+01 1.246597413064352899e+01 5.449678190380613962e+00 1.537450667367273915e+01 1.890696160087106037e+01 1.472163192133865728e+01 7.451727537501363408e+00 1.753452818544713310e+01 2.397080343790243617e+01 1.895051877018443065e+01 1.588362665803660612e+01 2.328339802653735191e+01 1.977697194051501839e+01 1.381697312515182752e+01 3.746980684824407160e+00 1.211532071843229019e+01 1.093625615623527736e+01 5.887134474728762612e+00 1.093622757772971710e+01 8.585722482770180575e-01 8.585722482770180575e-01 8.585722482770180575e-01 8.585722482770180575e-01 8.585722482770180575e-01 8.585722482770180575e-01 8.585722482770180575e-01 8.585722482770180575e-01 8.585722482770180575e-01 1.093624291784768587e+01 1.435791913489768534e+00 1.093011610090181129e+01 1.093483485883568740e+01 1.531087736902811081e+01
1.299999999999999940e-02 3.346333333331882542e+00 6.881867239167072547e+00 1.265536872191363216e+01 2.265448044569951236e+01 1.860565323212211553e+01 8.760052218213942865e+00 1.860565436827822694e+01 2.401668797874228645e+01 1.418030112714379953e+01 9.643719307995782586e+00 1.545780344056754529e+01 2.552810968861026097e+01 2.943925974311476423e+01 2.635469602959210889e+01 2.169236728669123693e+01 1.558325473062906852e+01 5.510626376604150778e+00 1.381697945303391606e+01 1.800943511469065328e+01 2.016705784190872208e+01 1.301516078784570851e+01 1.512595401699237208e+01 1.093622767823235264e+01 1.093622775138302217e+01 1.652730539586502623e+00 1.093622798952480224e+01 1.091510940671365937e+01 7.962393857078778225e+00 1.093518821516306794e+01 8.585722482770180575e-01 8.585722482770180575e-01 8.585722482770180575e-01 8.585722482770180575e-01 8.585722482770180575e-01 8.585722482770180575e-01 1.098538574179616312e+01
