output/example_1/elevation_000211.asc
nrows	75
cellsize	13.33333333
xllcorner	0
ncols	75
yllcorner	0
NODATA_value	-9999
[rows 0 to 16 of 75, columns 0 to 36 of 75]
1.369999999999999864e-02 5.014034748105663297e+00 1.209547112168365501e+01 2.217298844251283185e+01 2.428700844251135393e+01 2.838663569584531388e+01 3.259737077145473449e+01 3.370126436560070005e+01 3.789378976560742274e+01 3.921745198572983782e+01 3.797858507502846948e+01 3.797858875985534866e+01 4.189745470491767776e+01 4.759131470696208766e+01 4.470796307364079780e+01 4.213973218447446101e+01 4.621567023314428724e+01 4.559695476436032635e+01 4.151534140640533366e+01 4.331457137328224860e+01 4.331457137328224860e+01 4.732865501194888935e+01 4.621205224097048614e+01 4.221565110626237072e+01 4.221565110626237072e+01 4.210165372234624925e+01 4.609776171675783729e+01 5.017525729493793563e+01 5.169221343742663066e+01 4.760733746394224397e+01 5.169221343782964340e+01 4.902912953805812180e+01 4.902912953805812180e+01 5.311291802033797183e+01 4.863444383846123031e+01 4.452670373641724666e+01 4.452670351720914255e+01
1.279999999999999888e-02 1.001279999999996306e+01 1.919056483268269275e+01 1.728149591225322013e+01 1.437990034424351826e+01 2.428683722097624909e+01 2.274815353232960646e+01 2.381960401113410342e+01 3.086229163273676335e+01 2.963733402503413217e+01 2.855557066285797774e+01 2.855557067298423135e+01 3.797858705154558123e+01 3.771388802197007806e+01 3.481684727931276768e+01 3.224324377929406893e+01 4.051145101972789320e+01 3.990510552421108770e+01 3.165482842732462743e+01 3.346286816792470376e+01 3.346286816792470376e+01 4.331457137328224860e+01 4.221565110626237072e+01 3.254499591647805801e+01 3.254499591647805801e+01 3.243037294089584321e+01 3.651793715976745602e+01 4.609776171683191137e+01 4.670722188394053376e+01 3.759252811732704203e+01 4.607762543285673473e+01 3.904233284571101592e+01 3.904233284571101592e+01 4.902912953805812180e+01 4.452670366814142966e+01 3.453502838000576247e+01 3.453502837990728835e+01
1.299999999999999940e-02 1.001299999999996260e+01 1.230554753517114186e+01 7.321412281901048758e+00 1.728145116975737849e+01 2.003995978183233362e+01 1.594601209643384898e+01 2.099346370796723704e+01 2.096504527907321602e+01 2.271369261543507179e+01 2.166448817573146712e+01 2.849913191907939591e+01 3.762696974785767168e+01 3.771388802197007806e+01 2.784089332020207763e+01 2.655983377521678435e+01 3.609956226615538100e+01 3.551893356219383691e+01 2.597974900769484918e+01 2.649863114345151516e+01 3.634836523053668600e+01 4.566399561861193490e+01 4.154196546818428004e+01 3.537746524304895246e+01 2.569757346602245818e+01 2.683871204880430383e+01 3.243037294089584321e+01 4.210165372234626346e+01 4.259993279063459681e+01 3.239198581972244284e+01 3.714355565187499053e+01 3.173448328771533866e+01 4.196739787456809267e+01 4.272357736576105935e+01 3.863593202774153212e+01 3.746152155540386985e+01 2.757044482312690548e+01
1.369999999999999864e-02 1.176176387438191639e+00 2.346587859399495546e+00 3.541816468733887557e+00 1.354250055957665388e+01 1.027299702350261512e+01 1.845509899193942971e+01 1.095610165177720319e+01 2.073888150167185884e+01 1.696321369530704004e+01 2.144258250294769041e+01 2.730866718403570204e+01 3.788272007667946895e+01 3.771388802197007806e+01 2.784089332020207408e+01 2.217004357197728837e+01 2.853344956942497390e+01 2.796004330848787234e+01 2.158821627072698845e+01 3.139667757966866191e+01 3.199787466871556418e+01 4.180671257229872850e+01 3.754256824013631899e+01 2.786480094079581704e+01 2.226277953299664247e+01 3.195510668470530646e+01 4.038982432771631181e+01 4.438745006383563663e+01 4.432130834178794032e+01 3.417043314035306167e+01 2.653112684159861345e+01 3.713575513281231366e+01 4.463951263071308517e+01 3.863593203196356995e+01 2.915817600340628601e+01 3.193414646440452742e+01 2.505230332493563239e+01
1.290000000000000001e-02 1.001248835393331937e+01 1.234615494720719653e+01 1.354249907310642698e+01 5.367558327269774665e+00 6.707030111343913248e+00 8.415870703416308274e+00 1.848412319391971437e+01 1.370664477609818910e+01 2.372746309992406566e+01 3.082712764018585361e+01 3.590306570961005406e+01 4.228354043890158209e+01 4.179720102975966256e+01 3.345905040147528808e+01 2.360784873737465617e+01 1.863260003497900286e+01 1.803530939409518297e+01 2.039042686339441346e+01 2.390687705594555368e+01 3.093002965541440474e+01 4.100482827239783035e+01 3.673378293704318054e+01 2.705336757919167923e+01 2.014712814224853332e+01 2.988869559280796295e+01 3.071684577210465150e+01 4.038982432771631181e+01 4.289356356128000414e+01 3.482731059430671650e+01 2.401849132737631365e+01 3.044531901216824465e+01 4.063541815188600737e+01 3.945476950472512812e+01 3.193414646439899229e+01 2.313914970687409678e+01 2.267961416757445647e+01
1.299999999999999940e-02 7.084025938126794486e+00 1.708070263700614788e+01 1.951049048908172878e+01 1.246836303969690718e+01 1.252731783081107864e+01 1.147358450991408851e+01 2.139881937065028694e+01 2.375350853584761168e+01 2.004334838164973576e+01 2.713660730453745629e+01 3.738332293929752836e+01 4.106432868162175254e+01 4.333552306143078425e+01 3.345905040147528808e+01 3.261718259260512554e+01 2.561398695892171062e+01 1.556621349498528417e+01 2.561398695891616129e+01 3.365386692175840722e+01 3.778634457134258895e+01 3.705281070845383340e+01 3.153611063907560563e+01 2.752601837183060596e+01 2.014712814224853332e+01 2.386310540067305652e+01 3.071684576897871466e+01 4.038982051470948420e+01 3.875246006753611994e+01 2.825305231150832697e+01 2.186867747673018414e+01 2.989640955131440592e+01 3.416923769226015395e+01 3.534181966503290795e+01 2.546964446780658164e+01 1.971518124157677221e+01 2.800804509850078006e+01
1.299999999999999940e-02 1.001299998973736116e+01 1.823612902616819653e+01 2.323950618003146218e+01 2.262278220135316786e+01 1.951283632033137394e+01 1.853099518892136999e+01 1.779841155618373705e+01 2.759425431335571588e+01 3.013780082906845692e+01 3.443774510313663484e+01 3.834406620502200269e+01 3.165306272974268254e+01 3.834406620502200269e+01 3.727545624512176659e+01 3.338734608112277158e+01 2.423373572537329323e+01 1.410911263794571546e+01 2.423227119830790954e+01 3.188741543972289705e+01 3.412756000613173768e+01 2.732406279521822512e+01 2.752601837179606648e+01 1.766526564485765505e+01 2.592639320948946491e+01 2.919045373554074985e+01 3.319814573031862182e+01 3.804424183137781768e+01 3.740403096710814168e+01 3.262218070148329474e+01 2.861096366283747372e+01 1.914917805844640597e+01 2.989640955131120492e+01 3.491083386951442691e+01 2.501589996870999144e+01 1.777790061899797891e+01 2.791405900529217732e+01
1.290000000000000001e-02 4.095382905884534352e+00 9.095383144166639511e+00 1.616648580484411823e+01 2.616771847161649234e+01 2.919598834406144050e+01 2.831160071942185752e+01 2.474689210925616578e+01 3.164714017798063495e+01 3.743546151389344345e+01 3.285810031270526110e+01 2.893242456387254080e+01 2.491520011647241972e+01 3.440929813215617372e+01 3.338734608112277158e+01 2.374062085305398284e+01 2.288128482486150261e+01 1.270901573183997790e+01 1.805923508810490929e+01 2.508995299901215148e+01 3.015815146944110126e+01 2.033359152252467084e+01 2.394367895279780711e+01 1.592021476659331292e+01 1.592021476659331292e+01 1.939835458517825018e+01 2.434182840696804107e+01 3.403928652668364663e+01 3.334309953552354955e+01 2.387882411045893249e+01 1.914917805844640597e+01 2.654623279221423715e+01 3.054327502060158750e+01 3.382073670645634422e+01 2.624759520255099687e+01 1.586146113111091616e+01 2.389601967276407990e+01
1.349999999999999985e-02 1.001349999999996321e+01 1.479617885431852642e+01 1.746879127344280747e+01 2.100432517937555588e+01 2.514646080310705045e+01 3.014646080310727427e+01 3.446839476348139186e+01 3.325366056758716837e+01 3.350354320570416178e+01 2.389300488306031411e+01 1.911512559445448289e+01 2.565329954522622202e+01 3.521440173545370556e+01 3.338734608536771731e+01 2.374062085305414982e+01 1.665658060508981819e+01 2.094762783437121811e+01 1.076361708621796076e+01 2.099345594188970310e+01 2.604800552322854656e+01 2.202504787483010418e+01 1.370362183727142025e+01 2.394487200584695685e+01 2.592639321289106746e+01 2.919045381850066079e+01 3.319815183411324000e+01 3.804306414399096070e+01 3.740403096695315810e+01 3.262218070148183813e+01 2.654623279221421583e+01 1.678102940759441353e+01 2.453182471374238816e+01 2.446812937058376747e+01 2.700747966218933271e+01 2.304074426214287641e+01 1.322340941062470243e+01
1.379999999999999977e-02 2.370822603955160535e+00 4.796178854318494444e+00 7.468791273442741740e+00 1.100432517937549015e+01 1.600432517937552390e+01 2.600432517937559140e+01 3.027257722395652095e+01 2.312992108889300269e+01 3.027257722395635042e+01 2.565791851182121519e+01 1.561735526180553535e+01 2.565791851182121519e+01 3.256712001379292332e+01 2.758949984881751760e+01 2.349806803745341455e+01 2.127087180913325071e+01 1.109486694289795849e+01 9.402061721366989033e+00 1.978228357601159360e+01 2.032231454132037030e+01 1.164122528393464684e+01 2.211097252259283508e+01 2.107082279565372573e+01 2.804557393984267222e+01 3.775057717581896100e+01 3.502848688544434452e+01 3.093932908507932211e+01 3.195110410740608842e+01 3.571281120066686299e+01 3.054327486984855966e+01 2.453182516181585981e+01 1.441652582723715703e+01 2.295440883736507587e+01 2.224639665964099677e+01 1.236329243871795391e+01 2.306242544831144059e+01
1.290000000000000001e-02 1.001289999999996283e+01 1.479617885431852642e+01 1.746879127344280747e+01 1.563375708272002740e+01 2.514646080310705045e+01 3.014646080310726717e+01 2.609499947781841911e+01 1.607361825010893952e+01 2.609499940681044805e+01 2.322272420494442002e+01 1.308527889741552208e+01 2.322079046739240127e+01 2.288069915105767294e+01 2.344862047961709450e+01 1.326327124845095007e+01 1.624251069787287705e+01 7.509071727793337203e+00 1.792059222483135983e+01 2.032230774036440835e+01 9.644388172992309549e+00 2.032231454131905934e+01 2.617464909729511291e+01 3.088681567436635689e+01 2.904526757963106576e+01 3.092987862121643161e+01 2.931777148383899245e+01 2.103834576519976451e+01 2.219996362355892572e+01 2.380320303152942074e+01 2.192922842432732011e+01 2.060974504677443164e+01 1.954954682705112035e+01 1.219693069167801625e+01 1.154723160039006302e+01 2.224639677879313737e+01 1.236329243871795391e+01
1.359999999999999924e-02 4.485735954999585218e+00 1.025923864689586118e+01 2.025923864689592691e+01 2.563375708272009490e+01 2.977589270645845332e+01 3.017474981741539963e+01 2.230717969587100669e+01 1.228288063424690080e+01 2.195813576738913397e+01 2.095473520777740717e+01 1.081460058711914485e+01 1.789857743584664007e+01 1.535239792692431848e+01 1.803013898446798535e+01 1.503703330300290197e+01 5.999498607665441519e+00 1.538665669304906025e+01 1.946788336591397695e+01 1.826811043096851606e+01 8.347564189573178695e+00 1.800206738539083062e+01 2.221528323481223666e+01 2.328604913360068096e+01 1.947535896928360089e+01 1.976009875518581893e+01 2.291095111995189271e+01 1.528775806936638126e+01 1.957202900130901568e+01 1.370615226647815987e+01 9.813788264835961783e+00 1.020600847054462967e+01 2.034806124998141996e+01 1.076573700388670751e+01 2.143981246871219426e+01 2.042187747534372377e+01 2.475059698533063468e+01
1.349999999999999985e-02 1.001349999999996321e+01 1.862787157873337307e+01 2.440137427063382702e+01 2.299424046393877319e+01 2.348320057013851070e+01 2.281644304337718765e+01 1.602160310005860566e+01 8.661763057154344025e+00 1.177263296154779759e+01 1.843224715246419265e+01 1.588862907891343390e+01 7.926182131337892400e+00 1.645021403366363799e+01 7.138461202271906281e+00 4.648385431222196829e+00 5.035013645582870900e+00 5.035013645582870900e+00 1.534965361557009977e+01 6.855389120867086739e+00 1.625225009364564244e+01 1.037288799131556338e+01 1.636061925351926405e+01 1.397580260271206676e+01 1.413930591021191141e+01 9.899483449327354023e+00 1.395910952890128875e+01 1.838671527117037741e+01 8.856140721825898510e+00 9.252370665860825127e+00 1.581899164839501459e+01 2.037299277985736268e+01 1.076573700388670751e+01 2.087735610179906587e+01 2.535406659717997613e+01 2.932955090865290160e+01 3.025386689972314969e+01
1.319999999999999993e-02 7.166646309204567800e+00 1.763140959890234427e+01 1.801651378078096855e+01 1.242004382460731904e+01 1.248741293141272379e+01 1.123633914622856089e+01 1.259483484765712369e+01 1.271228632966212935e+01 4.453876856759234393e+00 1.262250338417383944e+01 5.405450914011968422e+00 1.479010482669233362e+01 1.160406905287130286e+01 4.152549106178567762e+00 1.435971187240185110e+01 1.071323461179430936e+01 1.537152142267822796e+01 5.609348776369451173e+00 6.032434272665374131e+00 6.032434272665374131e+00 6.438117342806832788e+00 6.829044766115456966e+00 7.201684365478220329e+00 7.567647683251083279e+00 7.932768106999867896e+00 7.932768106999867896e+00 8.304622446604717823e+00 1.744912118217629171e+01 9.252370665860825127e+00 2.156977220798026096e+01 2.470432751544360528e+01 2.100290352408748262e+01 1.177660755080103350e+01 2.205264138187308731e+01 3.094137931751361137e+01 3.488215893254896116e+01
1.299999999999999940e-02 1.001298323547281477e+01 1.391744117269580805e+01 1.007460186138825975e+01 5.888751172816713897e+00 8.023453730285300622e+00 2.089048801830096114e+00 2.378934513050603439e+00 2.669186894535711119e+00 2.960548106778327693e+00 2.960548106778327693e+00 7.136135701740783155e+00 1.223027121227182867e+01 3.680412845999784910e+00 1.091974311451364166e+01 1.718057999488237186e+01 1.711603540520764000e+01 2.006181423003997466e+01 1.203199749167808363e+01 9.281728813972655701e+00 1.625559123925740934e+01 7.611939142912262035e+00 1.649247699775569842e+01 1.714064230298215818e+01 1.422931322838307722e+01 1.759171764814969308e+01 1.533431422162829350e+01 1.014531281818750941e+01 1.669286958415059274e+01 2.227812658054931205e+01 1.903141664747962736e+01 2.828704760521096162e+01 2.275910665970561197e+01 1.251653081663009992e+01 2.273951681669998592e+01 2.090070918465572447e+01 3.094469230263986148e+01
1.349999999999999985e-02 9.668805028249209954e+00 4.452281245255085729e+00 1.106406622103941029e+00 1.392823196052335843e+00 1.679947260918808194e+00 4.642599141187016443e+00 9.192618927773825277e+00 5.875965372992252078e+00 7.632779670976696629e+00 1.288598503432939069e+01 3.381821992375517727e+00 3.680412845999784910e+00 4.429712423499813312e+00 1.456157655076692237e+01 1.962277963891251176e+01 2.658666497967742970e+01 2.618916365005213720e+01 1.837631340048862327e+01 1.687070002713983286e+01 2.250780457930071776e+01 1.848502249219325577e+01 1.113385803822059650e+01 2.170662128494022269e+01 2.363102006125820154e+01 2.245311395540230848e+01 1.301714388514477960e+01 2.083898956058974861e+01 2.400815981787269138e+01 2.890139576507020536e+01 2.561076793748367564e+01 3.207235065460490375e+01 2.687124678420132540e+01 2.275686463889907785e+01 1.360211295051090019e+01 2.375736236495489706e+01 2.890760105025122684e+01
1.369999999999999864e-02 9.998409075095077370e+00 7.016842933062015231e-01 1.060686982482697438e+01 8.061581091841643953e+00 3.663830020916965857e+00 1.090726449539942777e+01 1.441525891184416430e+01 9.402057173939548207e+00 1.653698128690227165e+01 1.942557556984296241e+01 1.641101261285630741e+01 1.454407564254830376e+01 1.453500071556946160e+01 5.559145402660877977e+00 1.559108437448709772e+01 2.045760799657339746e+01 3.028513558570361752e+01 2.887136170102592558e+01 2.798086607709112172e+01 2.868517013511551994e+01 1.882142978925185872e+01 2.171045244869198498e+01 1.565524104207428380e+01 2.561889728494352170e+01 2.659337973675195599e+01 2.252837733748086180e+01 1.600621184604155189e+01 2.258713773511802358e+01 3.238497644894777494e+01 3.476679777770767288e+01 2.957214771373715934e+01 1.979514289609316791e+01 1.707830513998769106e+01 2.375732484644135312e+01 1.477716346468169384e+01 2.481548420056839177e+01
