output/example_1/elevation_000322.asc
nrows	75
cellsize	13.33333333
xllcorner	0
ncols	75
yllcorner	0
NODATA_value	-9999
[rows 34 to 50 of 75, columns 0 to 36 of 75]
4.159999999999999636e-03 1.000415999999996330e+01 1.544489264457604349e+01 2.250570282578522807e+01 2.298500331900773119e+01 1.872878120568627835e+01 1.866995204968350919e+01 2.839378092540659537e+01 2.567952629190577341e+01 2.026427579367122433e+01 2.470923172560406655e+01 3.160647190254496763e+01 4.110987476024013176e+01 4.552058405820342557e+01 3.553146612834650853e+01 2.845777981098614617e+01 3.101625376500876996e+01 2.103345396256087696e+01 2.045695386737822474e+01 3.043599179080754880e+01 3.451947848143338859e+01 3.866121451971277878e+01 3.660108637547764232e+01 3.031310672717318155e+01 2.122298085613581264e+01 2.325554831365418096e+01 2.325554831365418096e+01 3.808092732154068472e+01 3.847938233758110727e+01 4.269831319575563100e+01 4.315582031942783203e+01 3.333570544995125573e+01 3.621195050318856090e+01 3.297971121062953159e+01 2.637701676905718884e+01 1.632310897237789504e+01 2.402691864210000006e+01
3.329999999999999627e-04 1.361160634879478470e+00 8.448316669304071880e+00 1.479206031592887705e+01 1.332100277502143371e+01 1.163880910481316455e+01 2.000140099866561982e+01 2.207090134083171407e+01 1.579902491669007780e+01 2.567952629190577341e+01 3.401887605848850882e+01 3.832435657303047805e+01 4.010803895811789488e+01 4.425818561777263938e+01 3.845721103249266548e+01 2.845777981098621368e+01 2.140469876996892395e+01 1.791622998371241238e+01 1.791622998371241238e+01 2.785941527826062369e+01 3.413680105027125222e+01 3.534027702570650575e+01 3.259265236180427650e+01 2.355915003614601133e+01 1.850957676051803702e+01 2.737715736237988651e+01 2.781309539414856857e+01 3.118300208970546095e+01 2.816074243480419170e+01 3.847938233758110727e+01 4.722069009754358859e+01 4.315582031942801677e+01 3.704930737071056512e+01 2.691164406936181308e+01 1.974150926846173704e+01 2.402691864209993611e+01 1.407104441501189918e+01
1.129999999999999928e-03 1.000112999999967656e+01 3.361160631070051252e+00 4.804536294182017997e+00 6.295248239706435101e+00 8.063014883396219190e+00 1.006301210764154774e+01 1.214814024812456772e+01 2.207101162540054773e+01 2.567952629190576985e+01 3.535255344116803400e+01 3.843159867699640131e+01 2.998602067090684287e+01 3.843159867699640131e+01 3.522402749459936899e+01 3.536136846388736643e+01 2.785941514016206000e+01 1.791622998371241238e+01 2.560800771530211506e+01 2.415504012318395866e+01 2.415504012318341509e+01 2.533697767873757201e+01 2.718083454217748951e+01 2.553177208051998193e+01 1.651106013243408910e+01 2.357651778424268585e+01 1.790349635813738161e+01 2.111220219295172029e+01 2.682048194294976895e+01 3.411391824102467751e+01 4.443754293051984661e+01 4.530139755293343740e+01 3.519469242399507891e+01 2.802136212810777138e+01 2.402691880514687384e+01 1.407104441501189918e+01 2.263302299729597777e+01
3.329999999999999627e-04 1.000033299999996217e+01 1.337647578586071440e+01 1.480005144711912379e+01 1.206831829838285230e+01 1.805871215567636057e+01 1.438169516396810010e+01 2.207190030045435591e+01 1.919912447048489668e+01 2.901041742887161590e+01 3.264834487129361662e+01 2.846543843490877990e+01 2.416415823272150476e+01 3.174589254902213398e+01 2.503881011168380866e+01 3.228041304138057654e+01 3.199997162324229194e+01 2.560800771530212216e+01 1.572585137347889805e+01 1.432792654708516800e+01 2.219485579411664133e+01 1.836446913153185534e+01 1.728593190240541944e+01 2.331778894075939945e+01 2.185704460676458893e+01 1.366558239453607015e+01 2.354715928512917245e+01 2.325062948517359729e+01 3.107528651951482246e+01 3.566107633847068570e+01 4.027689300316362875e+01 4.402219700211777820e+01 3.817914249598869958e+01 3.399627381109565505e+01 2.641946055268846294e+01 1.628970624687436697e+01 2.640558107370115337e+01
4.329999999999999539e-04 1.000043299999996194e+01 1.566078532707422788e+01 1.980292095080875470e+01 2.206046125726820151e+01 2.619015766106084087e+01 2.012954908453864533e+01 2.827017128631536735e+01 2.901081213875708187e+01 3.300322963517184149e+01 2.846543843490877990e+01 1.893346021328897066e+01 2.843961796091080529e+01 1.861364224091460429e+01 1.857061343491594840e+01 2.787082270209752721e+01 3.478019438253780038e+01 2.411836262938982145e+01 2.464870410251437249e+01 2.219180777375881064e+01 1.244490263310225053e+01 2.018154488358889154e+01 1.048000104787759845e+01 1.048000104787759845e+01 1.174249643427199352e+01 2.011862578994886874e+01 1.689393732979698370e+01 2.010131096340717605e+01 2.321818775335749763e+01 2.722139186558562329e+01 3.621461831966473000e+01 3.985184948119162840e+01 2.970969492285504288e+01 2.384164709027978191e+01 2.024229004507327545e+01 2.641936747550071374e+01 3.056720766768795272e+01
5.329999999999999452e-04 2.774033981126142301e+00 5.660785327074265183e+00 1.566078532707429716e+01 2.514814578905050979e+01 3.092164848094317975e+01 2.991062369863776738e+01 3.388636984329585999e+01 3.265364637194551989e+01 3.255188668580173328e+01 2.251704456466204718e+01 1.598301108778714585e+01 2.386828642063235861e+01 1.997456596674022933e+01 1.504290399158734459e+01 2.411206435654072067e+01 3.279688765180394228e+01 3.455160454844625662e+01 2.763239281525717317e+01 1.887694180734404270e+01 2.036997168627598498e+01 1.066361347845639074e+01 1.859918833556007556e+01 1.048000104787759845e+01 2.018141729063604473e+01 2.526977932347724476e+01 2.572673848941926167e+01 2.164970763879984972e+01 3.040967499162166732e+01 3.566107633845353320e+01 4.027689300306207087e+01 4.268939765372267203e+01 3.817914249598759824e+01 3.399627381109565505e+01 2.611626417884145823e+01 3.458869884276813877e+01 3.312420405196620266e+01
3.709999999999999756e-03 1.000370999999996258e+01 1.566078532707422788e+01 1.100601016532273313e+01 1.677951285721895047e+01 2.677951285721887942e+01 3.170309156687239849e+01 2.750419461636682072e+01 2.235474286078816419e+01 2.958530805367663419e+01 2.284065671341384629e+01 1.349110285901019601e+01 1.932438166647610700e+01 1.143694702750765479e+01 1.448169345090115989e+01 1.874749504402098665e+01 2.555746156252412504e+01 3.637028834326230964e+01 3.262249407635012233e+01 2.827743040288554610e+01 2.449267913041656186e+01 1.859918805744901604e+01 8.842590025283186606e+00 1.854116689579628030e+01 2.011133479265294710e+01 2.972390325389596200e+01 3.433926728305521436e+01 3.040967497849320011e+01 2.870918662639067875e+01 3.797598053043905963e+01 3.958214028664004758e+01 3.238837054485933464e+01 3.958214028680248475e+01 4.044406857430524127e+01 3.626605631827184339e+01 3.714981438098719480e+01 3.227927259219532630e+01
6.660000000000000121e-03 1.000665999999996281e+01 1.915243562371077601e+01 2.100601016532266385e+01 2.514814578905041031e+01 2.632347700776805155e+01 2.750419461636682072e+01 1.705327255535141617e+01 1.485733165432128011e+01 2.437039347613260887e+01 2.699379059722722474e+01 1.954846235995444559e+01 1.027220310100760514e+01 9.083074041562468892e+00 1.333996351848138318e+01 1.872670589688440757e+01 2.585809182632085879e+01 3.615625173796524194e+01 3.351060045684860000e+01 2.930428468406023512e+01 2.469543116320602394e+01 1.489004763548160959e+01 7.924100729333027893e+00 1.776392746680976842e+01 2.243532185776881605e+01 2.561782624025248367e+01 2.974509558034194256e+01 3.466726544579008618e+01 3.797598053043905963e+01 4.105911979673035006e+01 3.070223736571877282e+01 2.488230396138839140e+01 3.493392655749509146e+01 3.345062513308905494e+01 3.774154794454085504e+01 3.309260318456472305e+01 2.332163584495765818e+01
1.030000000000000013e-02 5.010300000000007081e+00 1.208136781186550479e+01 2.208136781186557229e+01 2.131986658322895423e+01 1.500273082727911778e+01 2.288023302390364222e+01 2.011427675737074594e+01 9.769768360309049271e+00 1.697085750843160668e+01 2.739492185821419667e+01 2.138592079406950219e+01 1.263023787301642464e+01 6.927063381699795741e+00 1.673570286175538868e+01 2.213397750971483191e+01 3.050505979428469061e+01 3.475958535216594925e+01 2.931621065989357078e+01 1.912455962799602815e+01 2.203790971794738240e+01 1.692146803106886210e+01 6.991222426385474087e+00 1.572205478207285978e+01 1.298599618043684600e+01 1.610720791262714258e+01 2.074527401627056378e+01 3.049401421740489582e+01 3.702395942231687087e+01 3.280733151003164494e+01 3.070223736571870532e+01 2.008354147744942608e+01 2.596356098561914649e+01 2.286231747337975406e+01 3.345062513308905494e+01 3.714981438098971722e+01 3.227999171914945009e+01
1.349999999999999985e-02 7.084567811865484899e+00 1.708456781186555062e+01 1.905123021330441091e+01 1.387939781893329538e+01 7.261804780955868566e+00 1.731106654450380589e+01 1.681441128642912730e+01 6.963853950893375888e+00 1.360734921134538133e+01 1.780759765140625461e+01 2.261561969464240818e+01 1.290118448999925072e+01 5.355898391578321593e+00 8.649315577641187858e+00 1.806817024522932513e+01 2.062028457780260382e+01 3.050505979428469061e+01 2.835108267092023127e+01 2.207604066253431796e+01 1.229856528776768521e+01 9.232564840584240429e+00 6.067982462780959985e+00 8.829070823253985623e+00 1.903921900962071234e+01 2.561964410266072179e+01 2.974509558034195322e+01 3.466726334105205609e+01 3.196972071923420344e+01 2.228100781118664031e+01 2.421734554056331135e+01 2.258586558914398879e+01 1.534830239894088422e+01 2.286326334637331570e+01 3.348185289712995427e+01 3.637431133890185464e+01 3.069352313060286619e+01
1.339999999999999872e-02 1.001339999999996344e+01 1.018371070220439911e+01 8.489173423467290647e+00 8.220826375471586900e+00 3.294956736847562073e+00 1.112591558340570863e+01 1.025733514207551211e+00 1.102334635546671393e+01 4.943930988963927575e+00 1.360676392797880752e+01 1.515121417616699873e+01 1.386915274190802627e+01 3.833406012728569401e+00 1.386915284336673970e+01 1.408046972316391532e+01 2.351546820091735412e+01 2.831530719815836861e+01 2.429391877644869524e+01 1.503914341611191752e+01 1.027115351233908314e+01 1.424789696078131485e+01 5.236464636758808133e+00 1.231354588948122775e+01 1.818011106003826072e+01 2.694294763337110155e+01 2.583426973275103933e+01 3.060303636897213053e+01 2.753615515681750736e+01 1.751244687607024275e+01 1.368589021723143517e+01 1.211068671112460748e+01 2.259171148351677871e+01 2.594980482047832382e+01 3.640335212962418154e+01 3.232762022939477475e+01 2.249139729463056980e+01
1.369999999999999864e-02 1.837296727670752472e-01 1.837296727670752472e-01 1.837296727670752472e-01 1.837296727670752472e-01 1.837296727670752472e-01 5.688413822390590013e+00 3.544630002368400756e-01 2.559857298802152403e+00 7.077300582110102489e+00 1.071690802330817149e+01 3.860315247588973264e+00 1.085911463496889695e+01 2.498193187300058682e+00 9.712735965268969096e+00 1.951320732793860202e+01 2.262289376721005141e+01 1.858693814059439475e+01 1.858874027264569406e+01 1.730408069210714572e+01 1.318377277977457318e+01 4.116177879447074694e+00 1.424789696385921545e+01 1.942773047563954236e+01 2.530834894154527603e+01 2.348633810237312503e+01 1.465942739290899866e+01 2.358482924551154980e+01 2.855650876185579534e+01 1.704988243294279826e+01 9.139833660016210004e+00 1.697828810738611338e+01 1.698607972294152191e+01 2.747410210542333076e+01 3.018093045156140874e+01 3.422474503375759269e+01 3.069298040227248237e+01
1.290000000000000001e-02 1.001289999999996283e+01 1.837296727670752472e-01 1.837296727670752472e-01 1.837296727670752472e-01 1.837296727670752472e-01 3.544630002368400756e-01 3.544630002368400756e-01 4.901224324082572026e-01 4.901224324082572026e-01 4.901224324082572026e-01 8.130269771137083046e-01 8.130269771137083046e-01 9.540765629080780741e+00 1.099270042807853187e+01 1.188261409271381197e+01 1.171479321495854009e+01 1.601757892955165374e+01 8.681661527835087711e+00 1.318318204522029191e+01 3.060336829690749827e+00 1.213309363396954765e+01 1.315111875906893246e+01 1.592909460837550206e+01 1.653017260002596345e+01 1.608007571366696453e+01 9.307860832491053671e+00 1.888369565894807423e+01 2.676463455480798714e+01 1.778965949896526411e+01 1.686782197164212249e+01 6.648852214693103058e+00 1.410163048214783821e+01 2.536854035914639738e+01 2.048058142065654863e+01 2.458100353953548733e+01 3.433245579929712932e+01
1.349999999999999985e-02 1.001349999999996321e+01 1.018371070220439911e+01 5.183725564420079479e+00 1.018371095530503467e+01 1.023635168183860422e+01 4.613323824801259576e+00 1.036752471514729024e+01 1.120175420584192238e+01 4.154989070598245071e+00 8.156572315709995635e+00 9.366495909254112240e-01 5.546885391330224735e+00 9.447071397676345406e-01 9.447071397676345406e-01 9.447071397676345406e-01 1.051371407245365752e+01 7.639395001185696366e+00 3.037867701423777600e+00 1.135635603755381595e+01 1.135548966173924512e+01 2.026100545591690505e+00 1.043156903261539803e+01 7.526720058330542251e+00 6.109488825316113925e+00 4.620657669927878963e+00 8.738409672835281583e+00 1.522668076675228299e+01 2.090189347507578788e+01 1.598736497150702895e+01 8.624367888674736804e+00 5.026127513757645993e+00 1.559139764081325197e+01 2.458100353953548733e+01 1.485702831342023522e+01 2.458100353953548733e+01 3.022113823814423128e+01
1.319999999999999993e-02 7.084267811865485598e+00 1.708426781186555132e+01 1.518371105195824278e+01 1.518370269749704882e+01 1.897221462860190755e+01 1.075475382336315455e+01 1.894041035838647602e+01 1.495163997954362678e+01 9.709072163827846325e+00 3.483822226498410224e+00 1.116007171542030640e+01 5.451937481538597474e+00 9.447071397676345406e-01 9.447071397676345406e-01 9.447071397676345406e-01 1.120376013501659385e+00 1.120376013501659385e+00 1.300626859247909772e+00 1.300626859247909772e+00 1.300626859247909772e+00 1.300626859247909772e+00 1.300626859247909772e+00 1.300626859247909772e+00 1.300626859247909772e+00 1.488738601548678542e+00 1.488738601548678542e+00 1.048697304726593593e+01 1.206390071528276664e+01 6.384112491926537736e+00 2.879216287276381347e+00 1.292902869953510780e+01 1.913261952134683952e+01 2.117143780371910466e+01 1.129102359229008101e+01 1.625771139747298122e+01 2.612024279380419500e+01
1.359999999999999924e-02 5.787102692027719542e+00 1.285817057870836067e+01 2.285820930701867226e+01 2.518372543137439834e+01 2.465054512834229072e+01 2.063275883627956730e+01 2.309217034265149238e+01 1.566501423822833949e+01 6.232066976421187121e+00 1.419284847940784466e+01 1.563987181843954488e+01 6.782514846255782714e+00 1.095486319755766402e+01 1.136878855377593212e+01 1.140588919484357433e+01 2.564119973987939893e+00 1.117872656247365626e+01 6.513249039829031695e+00 1.135767950960385342e+01 1.300626859247909772e+00 1.300626859247909772e+00 1.139427873868105934e+01 1.300626859247909772e+00 9.140203990533510847e+00 1.158210375251961999e+01 1.488738601548678542e+00 1.488738601548678542e+00 1.488738601548678542e+00 1.488738601548678542e+00 1.488738601548678542e+00 6.560183667229742888e+00 1.483044416428374745e+01 1.440230714807744228e+01 7.986137362277952789e+00 1.806751962940783329e+01 1.867150147306404051e+01
1.299999999999999940e-02 1.001299999999996260e+01 1.567395426827857463e+01 1.900729191429220322e+01 2.314976275493602742e+01 2.814996162473864061e+01 2.447970129072158230e+01 1.530924967247588064e+01 1.021094579470853603e+01 1.566501487742453236e+01 9.398483534840828213e+00 1.836994824877089272e+01 1.328888855764961541e+01 2.015730728394490612e+01 1.419205889209615634e+01 4.731831092733523647e+00 1.219647028064829186e+01 1.214099817697752037e+01 1.485981053514767858e+01 1.550235247496244462e+01 1.137766136182939292e+01 2.102168598895082230e+00 1.236905925284736441e+01 1.030112639208233816e+01 1.216426630915945850e+01 1.159711677563558219e+01 1.488738601548678542e+00 1.488738601548678542e+00 1.488738601548678542e+00 1.090877058611809147e+01 1.028365276920783522e+01 1.750417680714895452e+00 1.192819684083548992e+01 4.163100566114195544e+00 1.192819807294951850e+01 1.192820475702146155e+01 8.917349344385327115e+00
