output/example_1/elevation_000333.asc
nrows	75
cellsize	13.33333333
xllcorner	0
ncols	75
yllcorner	0
NODATA_value	-9999
[rows 51 to 67 of 75, columns 0 to 36 of 75]
1.369999999999999864e-02 2.900488270108755540e+00 5.916041014268171416e+00 9.455343399616342737e+00 1.526676335509181826e+01 2.538595532096184826e+01 3.024593111193725292e+01 2.040715434890928393e+01 1.332384955797588333e+01 9.729947851889747312e+00 1.462138302732967254e+01 2.039891060582647597e+01 3.017185584809348597e+01 2.193112025805323739e+01 1.171651984065693775e+01 5.759792085882484258e+00 1.603371759241383998e+01 1.936920771872514635e+01 1.083601911140447704e+01 1.936926634015360804e+01 1.280705661963730435e+01 2.312961720719637349e+00 8.706531714755383788e+00 1.804294505458571862e+01 1.293482590465825055e+01 1.540780573549816879e+01 1.438675357830283907e+01 5.182506530189518124e+00 1.179835686440337739e+01 1.738363791313390694e+00 1.738363791313390694e+00 1.738363791313390694e+00 1.738363791313390694e+00 1.738363791313390694e+00 1.738363791313390694e+00 6.097810546375511898e+00 2.309772516631430239e+00
1.290000000000000001e-02 1.001289999999996283e+01 1.595621081337819547e+01 1.954419146257453832e+01 2.371373725211553918e+01 2.953332641185421181e+01 3.126821316028538433e+01 2.147844020677802490e+01 2.263232009921310706e+01 1.268526340705543731e+01 1.516421347422443056e+01 2.503929668409367792e+01 3.421487929645196857e+01 2.612750523669605585e+01 1.769767899074782846e+01 7.440376747978497463e+00 1.769767894968879318e+01 2.525634180720312827e+01 2.105873277359599527e+01 2.074620675751042143e+01 1.044036012841242389e+01 3.134381328782194664e+00 1.339634422359642230e+01 2.230946425037393510e+01 1.918826820438425784e+01 1.828310726988743440e+01 8.804750105152349349e+00 1.453676916546988451e+01 1.539408231335062638e+01 5.664257816109428134e+00 1.151793605956391886e+01 1.179835726440338561e+01 1.179835749313645543e+01 1.168037564202734835e+01 2.961794796870627966e+00 1.160880769031239623e+01 2.309772516631430239e+00
1.329999999999999932e-02 7.084367811865485365e+00 1.708436781186555109e+01 2.227784391527195496e+01 2.055213120014010286e+01 2.469570886377976038e+01 2.969850050443123735e+01 3.126803113105034626e+01 2.574734692412200943e+01 1.589681129757991940e+01 2.503929757845467208e+01 2.219220192442645612e+01 3.191275749226446123e+01 2.662150619596689793e+01 1.644803597106676563e+01 9.192411917757000950e+00 1.512416280233407484e+01 2.530662987972901945e+01 2.928822237051733524e+01 1.905214615424748104e+01 1.429725280850934688e+01 3.972677607760809249e+00 1.119561093669578078e+01 2.108755872357921746e+01 2.685384125553013845e+01 2.243852752347416768e+01 1.837015538112063240e+01 1.343779202835203712e+01 1.967590656875445632e+01 1.138062468466038446e+01 1.924850038550040310e+01 2.126225697138464454e+01 1.727938611186450402e+01 1.400967950834123776e+01 4.184161108619507630e+00 1.400176355340211565e+01 1.231598330727742407e+01
1.369999999999999864e-02 1.001369999999996274e+01 1.364462135357433503e+01 1.227741964559436205e+01 1.055154177414721950e+01 1.555157088634454965e+01 2.262305795051348767e+01 3.262701876727415140e+01 2.919085611838598027e+01 1.945114131062297247e+01 2.919085611838598027e+01 2.907691134054325488e+01 2.889674423583019802e+01 1.874312094325736666e+01 1.283338714900371436e+01 1.205122272723262178e+01 2.225887091235331994e+01 2.949647607135803895e+01 2.633602253928604142e+01 1.604447999387632962e+01 8.744871627828594285e+00 4.819521946909745225e+00 1.501100625074743178e+01 1.651547272135603706e+01 2.680502335218855592e+01 2.832035104893315136e+01 1.887149974368203331e+01 2.302779867683739567e+01 2.560604760364585886e+01 2.153396037687169340e+01 2.324760320899766697e+01 1.727938605598936306e+01 7.405806132555072807e+00 6.062992867179950451e+00 6.546251752084520703e+00 1.640306945833433616e+01 1.830207093833512744e+01
1.319999999999999993e-02 1.001319999999996213e+01 3.644575025618031372e+00 5.206312644504857978e+00 1.520661993972777637e+01 2.197756748462809284e+01 2.888903631577957754e+01 3.303619353200281239e+01 3.321924086214897187e+01 2.511897708855188682e+01 3.321924086214897187e+01 3.875909573254491391e+01 3.308542486989985321e+01 2.597195825191649732e+01 1.579615685691621607e+01 1.568015888360940835e+01 2.039705435646787279e+01 3.054300458070945723e+01 2.931474805380108961e+01 1.905558845750035601e+01 1.736463975770343637e+01 7.088516588754497860e+00 6.177565235606458316e+00 1.665863886929107096e+01 2.633572072894326155e+01 3.233106498018149466e+01 2.518334365614084192e+01 3.233106498018149466e+01 3.199857202781016241e+01 2.804287927643901313e+01 1.931563434747681285e+01 9.454769806884993244e+00 1.727938611192722362e+01 1.590893055721574356e+01 9.092989959321540638e+00 1.894749107414191158e+01 2.234696896766414653e+01
1.349999999999999985e-02 1.487919561548970870e+00 1.146699639573699159e+01 1.520653491843010308e+01 7.832441302267499239e+00 1.783327097510607118e+01 1.888463135015938121e+01 2.754117458665616880e+01 3.331973001741729234e+01 3.475314631427649203e+01 3.880759622232122297e+01 3.789599816297194934e+01 2.779062325161291724e+01 2.061392755419500133e+01 2.597195826968240695e+01 1.954761855431250694e+01 2.969058424904375215e+01 3.472664072291922821e+01 2.866218121818253195e+01 2.078881436871176547e+01 1.054763840237449024e+01 1.736954951017537496e+01 7.165821279192792659e+00 1.180387064370934169e+01 1.908725212714897523e+01 2.936132209545105454e+01 3.306353776869022454e+01 3.466911798769410069e+01 2.529820147240154071e+01 1.859717531207632391e+01 2.079671029989338038e+01 1.098360897269348158e+01 2.079669942202757582e+01 2.165533904420393441e+01 1.189205375959310729e+01 2.165533908758500559e+01 2.798713639673920284e+01
1.369999999999999864e-02 1.001369999999996274e+01 1.562872979256112238e+01 2.188215065850801722e+01 1.783322089607624150e+01 1.071919267196687109e+01 1.339180524880909040e+01 1.916540864287973633e+01 2.916966797195648198e+01 3.606179063567621768e+01 4.188254471645399946e+01 3.789672749816867281e+01 2.779062829747381969e+01 2.779062924649466737e+01 3.387382571623804495e+01 2.541769657113586689e+01 3.387382571623804495e+01 3.317122928926444558e+01 2.452547065012435112e+01 1.431056939136660944e+01 2.078665189440006245e+01 1.815451936392461363e+01 8.185264496614662377e+00 1.849522187356000202e+01 2.632899861006428210e+01 3.324177284047405578e+01 4.006758452737329179e+01 3.748922758705173663e+01 2.804287933551827550e+01 2.299393846169211386e+01 1.330399029030317593e+01 2.079671084691348426e+01 2.474879656599437894e+01 2.560657515412356844e+01 2.165533908758559178e+01 1.689106200115279321e+01 2.641961526653719972e+01
1.379999999999999977e-02 5.787369688534212742e+00 1.286133894460381910e+01 2.292083211122466579e+01 2.072076807933302334e+01 1.071919267196687109e+01 2.072088714776141316e+01 1.810587709359788633e+01 2.188560558783662202e+01 2.766007459051714079e+01 3.767936467089225516e+01 4.208372634635052378e+01 3.789669410696598817e+01 3.789682698564275398e+01 3.970742250243282001e+01 3.552749753453888104e+01 3.613227032379237613e+01 2.613985630920026537e+01 1.891236734688162713e+01 2.452547065012435112e+01 2.853429523246012778e+01 1.950962157981633993e+01 9.213976328754773348e+00 1.338414921521025391e+01 1.813438247747426146e+01 2.459042969046063831e+01 3.591078434951383969e+01 3.589887926127621398e+01 3.177869462535363354e+01 2.503579051155814028e+01 1.548114802942894741e+01 1.826728279560053991e+01 2.772059429654143514e+01 3.410737661315085489e+01 2.469183033140338779e+01 2.366736453214695501e+01 3.037321362443950790e+01
1.309999999999999880e-02 1.001309999963702779e+01 1.627163810281260936e+01 2.500173025685052863e+01 2.486825680815563544e+01 2.072128571575100509e+01 2.487748719808677933e+01 2.811002532749864002e+01 3.189325214469625536e+01 3.605974429196003683e+01 3.850753753265642132e+01 4.254648792470734975e+01 4.065801101400064965e+01 3.661301762790235159e+01 3.430931745482713069e+01 3.834222081502956314e+01 3.720775023184279462e+01 2.723687734840493491e+01 2.613985630920026537e+01 3.317122922416453434e+01 2.783521324103009675e+01 1.755567833881941553e+01 1.027832452244231654e+01 2.056644500338269310e+01 2.225368602241232097e+01 3.251331216555010428e+01 3.864327408176416867e+01 2.926977873887164350e+01 2.239115760677032085e+01 1.870683403084120400e+01 2.503579051155814028e+01 2.772059429654165541e+01 2.428404662344544462e+01 3.363406539018436803e+01 3.410737661315085489e+01 3.306412917630503756e+01 3.381348945329327194e+01
1.349999999999999985e-02 2.145499593254531323e+00 1.213479975481737583e+01 1.508917215968147829e+01 2.095539839773048385e+01 2.468572311054555968e+01 2.879800463079982364e+01 3.451377245109820535e+01 3.575233182395366072e+01 3.174621386621977592e+01 2.894380657625128350e+01 3.850950418813231835e+01 3.500801297473554285e+01 2.705939060521500394e+01 2.478886642789954564e+01 3.280899988371616161e+01 3.708747306048852721e+01 3.720775023184279462e+01 3.613227032379272430e+01 3.264573573994766775e+01 2.425736336399732807e+01 1.402338281668326481e+01 2.056757099013102064e+01 1.195454923590831164e+01 2.225400431511164712e+01 2.898886858985927617e+01 3.320608606801165053e+01 3.589887926127621398e+01 3.177865284052410288e+01 2.808750637276293105e+01 2.295748283844908855e+01 3.223780912230710527e+01 3.085388692914532527e+01 3.765081338829171642e+01 3.627928726088357081e+01 3.209855153472345535e+01 2.959734601209375882e+01
1.369999999999999864e-02 1.001369999901914731e+01 5.389151353016093715e+00 8.059381241086629899e+00 1.106591689189873229e+01 1.481698776415010954e+01 2.050956468890598927e+01 3.039022109639816094e+01 3.174621546716218390e+01 2.224936901464401728e+01 2.699808175915818964e+01 3.098110473518394414e+01 2.545547496601185955e+01 2.545548223541591781e+01 1.931706231431973464e+01 2.355774454263745099e+01 2.901960653428143999e+01 3.858877740408546231e+01 3.565969874969706410e+01 2.544222259551328946e+01 1.820214016848324690e+01 2.290582962635074438e+01 1.806203824699626637e+01 1.317181792811651064e+01 2.348627640474013845e+01 1.869446150100399606e+01 2.465481128109490072e+01 3.490930097508901042e+01 3.764090952343164531e+01 2.828243834795347311e+01 3.223780912230710527e+01 3.623103950458183675e+01 4.034600993664231083e+01 3.889629019602934790e+01 2.849382977661847249e+01 2.295925794470486281e+01 2.585361241436302748e+01
1.290000000000000001e-02 1.001289999999996283e+01 1.535459794465040595e+01 1.352801222357453881e+01 2.095572384204491811e+01 2.387073241794626099e+01 2.879800359415273903e+01 2.959416114185312452e+01 2.559318832682306066e+01 2.699808505917197365e+01 1.748227256628281623e+01 2.311344866480361304e+01 2.257872415550533418e+01 1.591433764120088767e+01 2.545548568731051020e+01 2.705940428510847440e+01 3.661387121005876821e+01 4.265347762614756988e+01 3.390259745150733295e+01 2.367339057101380462e+01 2.843485207446191865e+01 3.112261088845605173e+01 2.348627653655469771e+01 1.317181792811651064e+01 1.317181792811651064e+01 2.348627654322022451e+01 3.320608606801165053e+01 3.910559300104960556e+01 4.171367810736594350e+01 3.481663384699822927e+01 4.171367810736594350e+01 4.207057467202253775e+01 4.093323371804461175e+01 3.792405678981467076e+01 2.648784472642764953e+01 1.924962967554375481e+01 1.653598818294420170e+01
1.359999999999999924e-02 7.084667811865485554e+00 1.708466781186555394e+01 2.348194642209648464e+01 2.761224769060437012e+01 2.761195338808718347e+01 2.972881519757482494e+01 2.559313518521839370e+01 1.600244663521299415e+01 1.881109352965249570e+01 2.277282978243514933e+01 1.351012815260423494e+01 1.295506305253188195e+01 2.257872935059508990e+01 2.943618392292082930e+01 3.509507721676122571e+01 4.066307414542921350e+01 4.220718679278267871e+01 3.203619697783272358e+01 3.390259745150733295e+01 3.809761566682773548e+01 3.062754127613559874e+01 2.348627667140866393e+01 1.317181792811651064e+01 1.512210497851230784e+01 2.543528421581343579e+01 3.177586902469419883e+01 3.598384270916351113e+01 4.055137126897668054e+01 4.445931777578896771e+01 4.207057467202253775e+01 3.140637046780363661e+01 3.022771438420470957e+01 3.768152371467824935e+01 3.336122984007108272e+01 2.572658932629030559e+01 1.961116739258916652e+01
1.379999999999999977e-02 1.001379999999996251e+01 1.803831857306899877e+01 2.000011402646771685e+01 2.261210898321169083e+01 1.588785569970407074e+01 1.882229193945688550e+01 2.559113589455028759e+01 1.600243222823249667e+01 9.084189636911146337e+00 1.881109338969216438e+01 1.086614412018178477e+01 2.054988787640251147e+01 1.605619846492207969e+01 2.157759539936139959e+01 3.108341432036255370e+01 3.580902727871996660e+01 3.985291415729965081e+01 4.220718127517238827e+01 3.822897466821422086e+01 3.379553400996672252e+01 2.640187416242618568e+01 1.609367879396101841e+01 2.348627667140866393e+01 2.543528421581343579e+01 1.804988190248917235e+01 2.149239527658313165e+01 2.610757774209847071e+01 3.338374990232339456e+01 4.355081048201795824e+01 4.181526203832806488e+01 3.336328840096271620e+01 2.220364685179490394e+01 2.778375206240580653e+01 3.223053719868486411e+01 2.984810516375616984e+01 2.008122577073712378e+01
1.349999999999999985e-02 1.001349857567635304e+01 1.034931368119511674e+01 2.211283037846528021e+00 1.320275466338033787e+01 8.359826149820701602e+00 1.877009832301317971e+01 2.269080084436336620e+01 2.014222839507504048e+01 1.723319454807183604e+01 9.084189636911146337e+00 1.600243678686051751e+01 2.452650271434005447e+01 2.559522857934085494e+01 1.956680025506621234e+01 2.906258958932767555e+01 2.626812378923818514e+01 3.580902727871996660e+01 4.116993806744165596e+01 3.118166438881629787e+01 2.397456527029578766e+01 1.936408569909075084e+01 2.640187416242618568e+01 3.062806577234675132e+01 3.100405912202678493e+01 2.071735849896384707e+01 2.800761805252603764e+01 3.598384270916351113e+01 4.055137126897668054e+01 4.491340284578485864e+01 3.446344067360842445e+01 2.676709187614030583e+01 2.108956250221222462e+01 1.654835735909297156e+01 2.403875131493662565e+01 2.544708447056888900e+01 2.008257293179346803e+01
1.359999999999999924e-02 1.001359999990065930e+01 8.261690770040170051e+00 2.211283037846528021e+00 2.869134638753345179e+00 1.229252524614215503e+01 1.445565534954501885e+01 1.292474845784444071e+01 1.264546271158486768e+01 7.470440843992732560e+00 1.723319454807183604e+01 2.279256754544746144e+01 2.958269830601638262e+01 2.906258972266100926e+01 1.956680025506621234e+01 1.956680025506621234e+01 2.626812153977121156e+01 3.580839293095825582e+01 3.872918578434980930e+01 3.822897466821422086e+01 2.993522487692155210e+01 1.936408569909075084e+01 2.659961621347310867e+01 3.644365932602053704e+01 3.410203022448497023e+01 2.382722246626755691e+01 3.410203022448497023e+01 4.242255538579826180e+01 4.212687410187388792e+01 3.932287871686873615e+01 3.505934754869987557e+01 3.649493043923283864e+01 3.204020635363732339e+01 2.403875131493662565e+01 1.307541044279775377e+01 2.134856437400167195e+01 1.170067876632964499e+01
1.290000000000000001e-02 6.530843996644790650e-01 1.294584698746511275e+00 1.141527174312993154e+01 1.175542540507017009e+01 3.817522559615727840e+00 4.500310090411886677e+00 5.189634892407145372e+00 5.892692259158411439e+00 6.814477962210339967e+00 1.665621316036643407e+01 2.199870377029736801e+01 2.858836947995114741e+01 3.306051897326890554e+01 2.906258972266100926e+01 2.906258972266100926e+01 3.306051897326903344e+01 3.578103368337131229e+01 2.865606190430075628e+01 3.578150540660477219e+01 3.479367282918526882e+01 3.008265504894075093e+01 2.490388949401266672e+01 3.561264511934690802e+01 3.772479195808889330e+01 2.747807440427095216e+01 3.772479195808889330e+01 4.212687410187388792e+01 3.181859692511666537e+01 3.344635399642775297e+01 2.495930014114486539e+01 2.786233056537290764e+01 3.202755276208780089e+01 2.764078459406809429e+01 2.263239590787085476e+01 1.307541044279775377e+01 2.134954117702768883e+01
