output/example_1/elevation_000234.asc
nrows	75
cellsize	13.33333333
xllcorner	0
ncols	75
yllcorner	0
NODATA_value	-9999
[rows 17 to 33 of 75, columns 0 to 36 of 75]
1.309999999999999880e-02 1.001309999999996236e+01 1.441384265552520105e+01 1.015662743838485937e+01 5.121830565279492653e+00 1.018365861512357284e+01 7.713457372998150596e+00 2.332293936372057619e+00 2.617615149377793049e+00 2.901324737844997781e+00 3.179212161884740873e+00 3.179212161884740873e+00 1.314547305197002913e+01 6.806178375070622621e+00 1.887372934711268258e+01 2.301265551115155361e+01 2.641202600430976588e+01 2.619818335113949459e+01 3.509568826418112764e+01 3.386682119513346834e+01 2.284613776160058407e+01 1.683907930142033038e+01 2.218146490825484207e+01 1.565049710647687498e+01 2.280009125259803682e+01 3.288554162901775157e+01 3.054162276552032651e+01 2.089004432348501439e+01 3.053864352528549375e+01 3.281743378188795646e+01 2.880556890998974851e+01 2.533060609996861956e+01 1.541770592948708440e+01 2.318387771450527168e+01 1.427865389460605705e+01 1.503926437360226487e+01 2.500584916019360548e+01
1.379999999999999977e-02 7.084867863303291990e+00 1.708489171428252007e+01 1.900575580299141620e+01 1.626890830625162110e+01 1.226663596444025117e+01 1.294588704148528180e+01 1.263042095397028675e+01 1.454675367986998680e+01 1.297620133124904385e+01 6.101672448960896666e+00 1.314728277045602489e+01 4.190354155224246924e+00 1.417328185928690054e+01 1.202289332933443866e+01 1.404699846420820641e+01 1.573009406367094698e+01 2.342578914632616716e+01 3.173292970661300672e+01 3.666034762453909934e+01 3.113808262035469809e+01 2.185520941868852063e+01 2.957615475603677169e+01 1.946215911603630744e+01 2.204391694602019314e+01 3.213665623039945274e+01 3.343652730082040136e+01 2.383741366678890472e+01 3.343623537000763690e+01 2.880556919817313499e+01 1.884429174752492386e+01 1.884429174752492386e+01 2.533060753147582389e+01 2.285133100245642268e+01 2.674299071934398242e+01 2.133557124767947144e+01 1.618525561523529177e+01
1.379999999999999977e-02 9.969999875644109721e+00 1.953424720709449858e+01 2.348672421573381541e+01 2.589467171124881517e+01 2.182628759749965397e+01 2.284814000922316524e+01 2.370816291711649626e+01 2.016394607538477501e+01 1.043217089989228086e+01 1.557634327018093501e+01 1.829595520393023378e+01 1.123654328893709575e+01 5.249684829512078821e+00 1.513951494066627923e+01 9.266731037602758292e+00 2.030250111564172499e+01 2.402503286611404221e+01 2.841492334239800144e+01 3.428420243803859080e+01 3.588390474257619900e+01 2.867749501007562785e+01 3.370754019153103087e+01 2.453367607907017955e+01 2.920632976582781026e+01 3.625690021909788641e+01 3.682069142338740164e+01 2.724883196428592314e+01 3.682069142338740164e+01 3.281872754901187506e+01 2.303748911644974129e+01 2.390869646636984314e+01 3.281845729534980194e+01 2.996241435257840990e+01 3.439542664036432029e+01 2.931713667528644862e+01 2.513124389413663451e+01
1.290000000000000001e-02 1.001289999999996283e+01 9.740745707740105175e+00 1.597850321449335098e+01 1.888322010187469857e+01 2.177022438408744875e+01 2.590992433037997955e+01 3.168205417751001463e+01 2.441668428431794169e+01 1.461264968143555265e+01 2.441668428431794169e+01 2.544620443884882732e+01 1.938201611225297682e+01 1.521077759220454517e+01 6.309629129994847041e+00 7.104432422512248380e+00 1.709580384767614802e+01 1.361684670077974779e+01 1.882227253139708267e+01 2.713356736122634061e+01 3.934429632760495110e+01 3.806061309546458205e+01 3.872510144512493468e+01 3.461865213498978022e+01 3.872495575424683523e+01 4.330839490771732869e+01 4.081611941721548931e+01 3.402362637959027580e+01 3.682068957290226052e+01 3.715314425573676260e+01 2.846507916492007340e+01 3.087999597327862134e+01 3.768976298868629726e+01 3.943798350575038114e+01 4.009092811286135571e+01 3.361518373822494965e+01 2.984035130236448552e+01
1.290000000000000001e-02 1.974061322259470952e+00 3.974060888347535681e+00 6.210124295180261100e+00 8.882703047943529384e+00 1.176934818716464015e+01 1.754328132295234610e+01 2.754433598594837207e+01 2.895080514426830121e+01 2.164819039400361689e+01 2.895080514426830121e+01 2.707606039144457455e+01 1.687721882794697947e+01 9.801115368567259623e+00 1.333338891630611478e+01 1.709315995881980754e+01 8.261819563786904297e+00 1.826678309820449186e+01 2.751305305456416050e+01 3.170922938119219481e+01 3.994912483774052703e+01 3.575986957639989328e+01 4.003653417515776880e+01 3.816320266804907391e+01 4.232872357036166022e+01 4.549201124639176896e+01 4.613267517934551165e+01 4.357344381683333978e+01 4.640819844350248502e+01 4.270066602447452908e+01 3.719531030027728491e+01 4.051547116179522590e+01 4.004469113451105500e+01 3.616057175936036572e+01 3.406334906140538976e+01 2.708530971160716305e+01 2.003813466033613011e+01
1.309999999999999880e-02 1.001309999999996236e+01 1.397792621001160995e+01 1.621046296829772970e+01 1.437543662477890649e+01 2.177022438408744875e+01 1.809452153569747068e+01 2.516770889240835274e+01 3.516287050827803284e+01 3.191421423667439683e+01 2.992188355354496920e+01 1.967393785848451770e+01 1.386237731461092260e+01 1.986438998362443442e+01 2.332842313877291929e+01 1.911954879573056587e+01 9.097306938467470516e+00 1.911992072175196711e+01 1.739618679197339546e+01 2.751305305230376419e+01 3.336091951078445561e+01 2.541362189286498818e+01 3.457287648595720242e+01 2.734297171112073244e+01 3.516937540657757921e+01 3.516930482147459713e+01 3.596147483387020571e+01 4.318832335678748535e+01 5.324076732381451649e+01 5.168580444400447504e+01 4.780710113923228022e+01 4.311377870562132131e+01 3.616040991086384082e+01 2.674248101699907920e+01 2.450894885925094968e+01 2.233866333918481573e+01 2.994464419793799692e+01
1.349999999999999985e-02 1.001349999999996321e+01 1.732867051160729588e+01 2.147085455087262318e+01 2.437542950049866874e+01 2.851409413543148474e+01 2.809522395064108480e+01 3.223271800915740926e+01 3.639750902697746682e+01 3.747902524634749000e+01 3.427923544867046957e+01 2.761398214775942961e+01 1.740776740491112307e+01 2.761395776989421691e+01 2.917577517133869947e+01 1.911236800845283668e+01 1.911909984485518521e+01 1.030609801734423669e+01 2.035934832158270780e+01 2.962753722926685285e+01 2.543362844426241764e+01 2.028189609926000969e+01 2.785053121794497955e+01 2.041203016375186863e+01 2.394939103162936078e+01 2.827394877258912231e+01 3.596147558909285635e+01 4.613286782635845640e+01 5.446905093635351847e+01 4.539885025780480277e+01 3.948809402053813500e+01 3.928701428130985818e+01 3.012955829652626250e+01 3.553462185230088721e+01 2.599712930382488452e+01 3.214696372217914444e+01 3.337038459388694633e+01
1.349999999999999985e-02 3.549033905932739597e+00 7.328678636024992699e+00 1.439974637627878451e+01 2.439974797728162415e+01 2.704174406407589970e+01 3.117398582294100251e+01 3.345999665275980561e+01 2.644545013619954688e+01 2.753570798397478114e+01 3.747902524634749000e+01 3.195786195860398138e+01 2.325402772006822971e+01 3.195611553412971162e+01 3.152670995809860344e+01 2.360772958481684114e+01 1.360394033578600670e+01 1.118494757545412455e+01 2.126911999902052841e+01 2.379402049379541495e+01 1.528374575187448414e+01 1.645109432466740529e+01 1.645109432466740529e+01 2.786005393631093341e+01 3.413570118233161566e+01 3.894059482234621328e+01 4.061499043420068489e+01 4.479798490708976288e+01 5.063698966732568607e+01 5.177804853579505817e+01 4.212283899528375741e+01 3.385226752973422037e+01 3.920323079315667059e+01 3.811345584765700067e+01 2.873797196040228386e+01 3.812545766853185114e+01 3.731172651450593492e+01
1.359999999999999924e-02 1.001359999999996298e+01 1.732867051078883236e+01 2.147091283041712018e+01 2.540423117214067616e+01 1.704187347894336568e+01 2.540454453214556807e+01 2.465281508344145678e+01 1.937432090188683986e+01 2.644547196063593475e+01 3.639990755475273687e+01 3.796261934413089989e+01 3.357002228097003638e+01 3.315641327850007514e+01 2.315925745815357573e+01 1.739360511236177231e+01 2.360773067707996731e+01 2.126912006278334744e+01 1.255074374397324455e+01 1.366783901682970104e+01 2.379402049383141104e+01 2.661970545462817128e+01 2.106773528430585785e+01 1.869633106460483418e+01 2.982281607299061932e+01 3.463783458446705055e+01 3.026225281770453535e+01 3.633440739906568950e+01 4.646237560320379600e+01 4.949839826310593338e+01 4.083303311387003731e+01 4.002153973773118878e+01 4.317957979620478426e+01 3.415064020979416171e+01 3.420616971306873921e+01 4.225699110081445298e+01 4.403095238033182568e+01
1.369999999999999864e-02 1.001369999999996274e+01 1.523968672022060389e+01 1.963776131828809568e+01 1.549449531324323281e+01 1.126643011636922331e+01 2.057329776910890118e+01 1.465771854683938891e+01 2.463533765246424423e+01 3.029289316589813197e+01 3.431057626945369776e+01 3.566579955817454817e+01 3.970881677548405264e+01 3.733766776596753800e+01 2.738455267450929753e+01 2.117754023465555235e+01 3.117853850347811573e+01 2.269310915706783049e+01 1.255074374397324455e+01 1.610059404174186781e+01 2.623648302710129698e+01 3.350016662197364070e+01 2.949304691201963990e+01 2.982281607299061932e+01 2.124583117162096713e+01 2.373213873449116917e+01 3.463783458446705055e+01 4.286756184992334795e+01 4.728717321562951525e+01 5.239699505381215516e+01 4.949777689465845754e+01 4.808501515598407394e+01 4.712657922889061268e+01 3.929457017278746633e+01 4.359691371021140327e+01 4.778400800782096525e+01 4.796000113939343379e+01
1.290000000000000001e-02 1.097552289093279398e+00 1.109755200781766682e+01 1.377911420702380418e+01 5.492309768360338573e+00 7.992316493761223661e+00 1.057436604379004308e+01 2.057329786459425591e+01 2.272306913649293847e+01 2.035252192481250333e+01 2.854057611081575274e+01 2.570980921692886767e+01 3.566606270581788607e+01 4.160408076246331177e+01 3.536545554409393333e+01 2.616132172681026091e+01 3.106727873157122488e+01 2.081105207041960981e+01 1.544524028343173860e+01 2.560649887548105141e+01 2.195407631438855489e+01 3.208637018808838093e+01 3.763783404295692492e+01 2.705669452586268875e+01 2.124583117162096713e+01 3.234726428440980328e+01 2.814155909060395544e+01 3.262891808325150578e+01 3.801410997389589141e+01 4.867139419734230898e+01 5.174897604781877902e+01 4.694807207395739113e+01 5.048246723056745822e+01 4.816872486957920785e+01 5.210001971610427063e+01 4.951195951055039046e+01 4.843203355414679123e+01
1.379999999999999977e-02 1.001379999999996251e+01 2.659289907979337730e+00 3.777323896729786856e+00 1.377911336021151811e+01 7.648967228380265659e+00 9.210709671184503122e+00 1.095150677221249147e+01 1.271934149687670690e+01 1.457649843942304635e+01 1.851100912337184212e+01 2.862570653855833669e+01 3.431205669729821750e+01 3.842557017858386104e+01 4.039936348178614622e+01 3.324356424178498060e+01 3.539235001721300478e+01 2.564079308325559836e+01 1.901675045128403596e+01 2.926644251945203834e+01 2.782025870613578533e+01 3.628183578820620880e+01 3.763783404295692492e+01 3.592338966251972465e+01 2.519501352818994988e+01 3.592338966251972465e+01 3.568051586598324576e+01 3.568051586598324576e+01 4.587545560326993410e+01 5.293714198121770664e+01 4.444423486499322706e+01 3.469542956989789673e+01 4.444424294573775569e+01 4.786436685791006340e+01 4.361949378118806209e+01 3.930590948543640906e+01 4.334357690189727208e+01
1.359999999999999924e-02 1.001359999989171889e+01 1.265928987505308889e+01 1.072110405022470481e+01 9.125183751088028927e+00 1.765283147436189992e+01 1.921276934382948554e+01 1.498546089157834516e+01 2.272306913649293847e+01 2.458376594964631323e+01 1.800808703866858451e+01 2.078392692811625153e+01 2.432334323264720766e+01 3.139513372268896063e+01 4.135413358136690931e+01 4.336104421316432678e+01 4.034072737068755998e+01 3.359939033441115441e+01 2.411285746064325508e+01 3.359947230911275540e+01 3.791398735684544619e+01 4.211946045868265998e+01 4.779434975422677923e+01 4.013062839184915020e+01 3.078005652120814162e+01 4.013062839184915020e+01 4.587545560326993410e+01 4.587545560326993410e+01 5.005620242462681801e+01 4.505752224361540925e+01 3.983486990815973172e+01 2.914825193076667986e+01 3.983496959274687299e+01 4.361949378118806209e+01 3.354398731711054893e+01 3.224902486042178396e+01 3.910125773675780181e+01
1.359999999999999924e-02 7.084667811865485554e+00 1.708466781212781171e+01 2.019979334642182422e+01 1.619502260628891932e+01 1.620420604273425269e+01 2.617021536690739580e+01 2.205781147899806172e+01 2.314700919285539982e+01 3.212353702107440512e+01 2.508995576328951316e+01 2.785920712670992572e+01 3.078051329734702435e+01 3.248565748596140423e+01 4.243859642153845613e+01 4.513731527316236480e+01 4.114401016476310957e+01 3.878787425309880632e+01 3.442436684464602337e+01 3.878787425309844394e+01 4.142555407067450091e+01 4.554505327944388426e+01 4.414290904599401699e+01 4.524462596062787867e+01 4.106672280383131124e+01 4.524462596062787867e+01 4.512001615609371896e+01 4.093901181858456084e+01 4.512001615609387528e+01 4.088224764582221127e+01 3.078827975945376494e+01 2.575444385415352500e+01 3.498864865415870895e+01 3.913369407030691605e+01 3.649503419370898882e+01 2.654757177167522286e+01 3.576675810623915908e+01
1.319999999999999993e-02 1.001319999999996213e+01 1.823484595396553942e+01 2.400836756649804826e+01 2.612089076646977759e+01 2.617021536690740291e+01 3.027048572890999267e+01 3.203207564931485507e+01 3.308440225195848683e+01 3.714096921005876339e+01 3.520770894157248421e+01 3.783260080160335548e+01 4.074029909783791226e+01 4.243859762411229752e+01 4.401834820400246429e+01 3.946997106157405710e+01 3.125535764173378794e+01 3.946997106157405710e+01 4.184684598628785324e+01 3.772044468325969291e+01 3.142570018397648113e+01 3.599754791786557462e+01 3.416691977868629948e+01 4.414290904599401699e+01 4.271943617930279657e+01 3.842372150654453833e+01 4.017376072962916567e+01 3.112989314196256174e+01 4.017376072963040912e+01 3.977799789534487473e+01 2.968413277179608656e+01 2.260316918741385450e+01 2.502314514806754531e+01 3.337252399795946900e+01 3.317921372544682157e+01 2.325081133888019025e+01 2.912595841269912000e+01
1.019999999999999900e-02 4.092682904638651920e+00 9.866185596862653284e+00 1.986618783673150546e+01 2.448988170717582591e+01 2.864456682651121611e+01 3.204037673012209808e+01 2.789543771535339189e+01 3.029036929407763523e+01 3.443402622027695514e+01 3.671314308804790016e+01 4.085109813265297873e+01 4.674843781953958199e+01 4.110338797069274364e+01 3.420693502206270864e+01 3.543479233380807614e+01 2.538792957838195008e+01 3.543479233412045204e+01 3.772044468325969291e+01 2.765582195340444116e+01 2.555522766445709948e+01 2.590654823094045156e+01 3.307361574643645241e+01 4.305654462245949077e+01 3.842372150654453833e+01 2.829247613862816380e+01 3.125984920502607523e+01 2.620502843830341178e+01 3.603445248027357906e+01 4.273341618869764602e+01 3.264055732523655706e+01 2.923504331430905623e+01 1.927415030661046913e+01 2.923504335697873913e+01 3.736742467492506847e+01 2.912596045371345710e+01 1.918335509547816997e+01
7.249999999999999500e-03 1.000724999999996356e+01 1.823474792238163289e+01 1.741295436495948934e+01 1.448162462747820634e+01 2.448986831819064491e+01 2.625782926580701826e+01 1.788728229027862682e+01 2.028035455734130466e+01 2.963131050343551820e+01 2.669791938979275159e+01 3.671314305605413608e+01 4.276313798628390117e+01 3.292073980837938052e+01 2.707926655470265231e+01 3.173467774436892341e+01 2.179798823236014726e+01 3.188273954202169236e+01 3.564203688754526667e+01 3.060368170087349426e+01 2.048494508846668793e+01 3.060368170089266471e+01 3.818095327108216708e+01 3.810804445621268854e+01 3.367868077212414590e+01 3.113708418355698981e+01 2.119970619114714694e+01 2.790741987416211956e+01 2.876456743282008688e+01 3.904549866280206061e+01 3.498860318938441338e+01 2.502314500994349089e+01 1.927415030661046913e+01 2.663682159732452703e+01 3.075620978658973925e+01 3.316932208635483192e+01 2.655397436835172442e+01
