output/example_1/elevation_000134.asc
nrows	75
cellsize	13.33333333
xllcorner	0
ncols	75
yllcorner	0
NODATA_value	-9999
[rows 17 to 33 of 75, columns 37 to 73 of 75]
4.108922186548645072e+01 4.021802766545602736e+01 4.309585574123299523e+01 4.907511457246940978e+01 4.692131447014777734e+01 4.076296420200388582e+01 3.088618967748480770e+01 4.076296463391494029e+01 4.714561147397149199e+01 4.860920461592856867e+01 4.251496136265563308e+01 3.746014188504553033e+01 2.703173318549501047e+01 3.746014188508353726e+01 4.097747799272664082e+01 3.136950644884786854e+01 3.979621688001291346e+01 4.411234633262068883e+01 4.768065634773118688e+01 4.151243124291969622e+01 3.553471214443811732e+01 2.297974168720500998e+01 2.290592272167856436e+01 1.935362789557070329e+01 2.751584911856344107e+01 2.659730153382173867e+01 2.659460324406392573e+01 1.759536002838278179e+01 2.741253493145521603e+01 2.093956262010111402e+01 3.426007222980775424e+01 3.433211676787757938e+01 2.708501732417572683e+01 3.736289733816131076e+01 3.512055249284018288e+01 3.867071694431780315e+01 4.403578745740321665e+01
3.273195041803346328e+01 3.204034946515201909e+01 3.209237586959170585e+01 4.263330320663755657e+01 4.890502563039196104e+01 4.375483737681045682e+01 3.383191806813457703e+01 3.895464925200192141e+01 4.880904537745395544e+01 4.430104036517265342e+01 3.368141836846097448e+01 2.770537676175545982e+01 2.450169174597913724e+01 3.203440323739109630e+01 3.635392174912671237e+01 2.623680284102037774e+01 2.932814929748434807e+01 3.979621688001647328e+01 4.323485624674006544e+01 3.257166891244459350e+01 2.693464530889503195e+01 2.582035537708923201e+01 2.983656690672938794e+01 2.751583661351211063e+01 1.798176429050878511e+01 2.607132084494451618e+01 1.698505420418225853e+01 2.663254671623208480e+01 2.740984307760495398e+01 3.449822205852252210e+01 3.910677094072807591e+01 4.166504925031108542e+01 3.428522619516590453e+01 3.543727982524857367e+01 4.570899041946880459e+01 4.922812966881678420e+01 5.343224996835066776e+01
2.799573419856865542e+01 2.847273172025935750e+01 3.137513283357606753e+01 3.533232939443543330e+01 4.467828459610615255e+01 4.704944077690648641e+01 3.716563057661843317e+01 4.704944077690648641e+01 5.286233237598047197e+01 4.567576442359111866e+01 3.506072596464037616e+01 3.811216639919562255e+01 3.192873006566593475e+01 2.172555678900189235e+01 2.941581290082693201e+01 2.207909734399132873e+01 3.239417530643159893e+01 3.517381395962559054e+01 3.949635964933229815e+01 4.151243805664639552e+01 3.707846214162031373e+01 3.341719034118143838e+01 3.452150606424326895e+01 2.562021945064233819e+01 2.537377822951155437e+01 1.680856556952901926e+01 1.663095860668819626e+01 2.431943794447417773e+01 3.589592376737771673e+01 4.192416572268934516e+01 3.871093814081120854e+01 4.306421065129660519e+01 4.479339007520762550e+01 4.593094592700973777e+01 5.017232282957483847e+01 5.124337607559685637e+01 5.124337607559685637e+01
2.527670864718266230e+01 3.472915852838811901e+01 4.000530687483633585e+01 4.410634846122309938e+01 4.890503812390679883e+01 5.109738783708934307e+01 4.291592945297473705e+01 4.704944077690648641e+01 5.681290142092394291e+01 4.996919695855994803e+01 4.567576442359727196e+01 4.200665386764023879e+01 3.177654214126727794e+01 2.937236722169033598e+01 1.914610299570081153e+01 1.914610299570081153e+01 2.783388987359267475e+01 2.479377725192435378e+01 3.517364227050798320e+01 3.830691505589776114e+01 2.939192143813689029e+01 2.545437370880348738e+01 1.614153881987992634e+01 2.509859221554738795e+01 1.617229326616449470e+01 1.617229326616449470e+01 2.539459544926468837e+01 2.739693571723857701e+01 2.853492311465325670e+01 3.210213633039307268e+01 2.826151045037082810e+01 3.559802218964134823e+01 4.622605249561049590e+01 4.894647483802248900e+01 4.803089496868255992e+01 4.056005576758931852e+01 4.056005576758931852e+01
3.158213639694179165e+01 3.565720333442705936e+01 3.791203497385791366e+01 4.047802605620476157e+01 4.460639797977083276e+01 4.945910746875090780e+01 5.269592225222787363e+01 5.674175919248762057e+01 5.201607045934965612e+01 4.776495705343705112e+01 4.616070367997721036e+01 3.876260909664014065e+01 3.183564450044778837e+01 2.153864395657834763e+01 2.941638837688953245e+01 2.783060252295318193e+01 1.769004500807274383e+01 2.783385251555474582e+01 3.267724070473870057e+01 3.189104152809126447e+01 1.697420535141174014e+01 1.536169892340396004e+01 2.452002921132431723e+01 1.579864895884717946e+01 2.510430027990721058e+01 1.617229326616449470e+01 1.679406849659042322e+01 1.760495447702336946e+01 1.858787703401621627e+01 2.201348685018039930e+01 3.210215470435753105e+01 4.189363552727330386e+01 4.086143759351840288e+01 3.825471469826837989e+01 3.910684946964153852e+01 3.294274027429163709e+01 3.915747452683962138e+01
2.525023724319881779e+01 2.730798487915088302e+01 2.937837885174853980e+01 3.158917220343850474e+01 3.573357233968008728e+01 4.228032644742624058e+01 5.232546623330580360e+01 5.049202838404456628e+01 4.622029818128388712e+01 3.714668624140237085e+01 3.909517524004606770e+01 3.137381888466221724e+01 2.413217853900004428e+01 3.183564450044316629e+01 3.402283419102005269e+01 2.374505249133103391e+01 1.680296886646803500e+01 2.575413713458572218e+01 2.406347231819816557e+01 3.222267559353402788e+01 1.699962751848716991e+01 2.396781048837594952e+01 1.536169892340396004e+01 2.450620347032258906e+01 2.905774727862151252e+01 2.539183623916273191e+01 1.956151925414187076e+01 2.743676724909569842e+01 2.853524901985451478e+01 2.022615009718639101e+01 2.717384616324260449e+01 3.195950623652068501e+01 3.029981008352902450e+01 3.074640279609884885e+01 2.852575929434156876e+01 3.596664165384601830e+01 4.668798262997674442e+01
2.826711287309709064e+01 2.873742274386676954e+01 3.720858455413090127e+01 4.047802605620476157e+01 3.765107222307805301e+01 4.730289634034187429e+01 5.233393483755761366e+01 4.174480552987187565e+01 3.551164516018754114e+01 3.151157605206172008e+01 2.854624663267741624e+01 2.628872261148110567e+01 2.413217853900004428e+01 3.444541905017324979e+01 3.270138568086071729e+01 2.575875800331611032e+01 1.596371128180165933e+01 1.596371128180165933e+01 2.449273263817264379e+01 2.762652593919466071e+01 2.337943570808060656e+01 1.485726314221801303e+01 2.394800390958669922e+01 1.536169892340396004e+01 2.635797799541111885e+01 2.517180550814380169e+01 2.951788612777396281e+01 2.951693276471081262e+01 3.453604558247419476e+01 3.021114527245525139e+01 2.191587352118274268e+01 2.191587352118274268e+01 2.325579587853082231e+01 2.494155071084222186e+01 3.524343642823914280e+01 4.316362678549459986e+01 4.316393400802145663e+01
3.204421111062675465e+01 3.217290817489912769e+01 3.518217004468365161e+01 4.520363860106780152e+01 4.730289634034187429e+01 5.156172373649317819e+01 5.652671947660537199e+01 5.049202838404456628e+01 4.022863036167411366e+01 4.217280778552733977e+01 3.457263185697676278e+01 3.665565687772922843e+01 2.996004115837759585e+01 3.731181132549222923e+01 2.840568763711372213e+01 1.818009728209066367e+01 1.596371128180165933e+01 2.449273486230552521e+01 1.487529976412932164e+01 2.325648589273880518e+01 1.429406704047479870e+01 2.341493158585401702e+01 2.810110276355116454e+01 2.098557661200852209e+01 3.137856683115207090e+01 3.236376265892400284e+01 3.351781376202615803e+01 3.990361509695097197e+01 3.937192921045586047e+01 2.889106083862350971e+01 3.195862537264806846e+01 2.191587352118274268e+01 3.195943352534514048e+01 2.664628019703241435e+01 2.916026387439832135e+01 3.242061775033534587e+01 4.002939228191507937e+01
3.783274068982927218e+01 3.657963739391927049e+01 4.447851984273975035e+01 4.955590811145636110e+01 5.672431560168878661e+01 5.249707971786990868e+01 5.672431553886629985e+01 5.503938236395223527e+01 5.082340837058118410e+01 4.946816275603367785e+01 4.519213120218533675e+01 4.437535818330457005e+01 3.949131835704800864e+01 3.291589134206987666e+01 2.232721550694935075e+01 2.840520317995149924e+01 2.275939036103552837e+01 2.444486169069775272e+01 2.327856739050879042e+01 1.369333981207253359e+01 2.275403189776940138e+01 2.292518624534654137e+01 3.267081088511783804e+01 3.366988672678765937e+01 3.850826999632877801e+01 4.291663454448723769e+01 4.407203419225519525e+01 4.837379417680789118e+01 4.375566368984192422e+01 3.937243535873330558e+01 3.630754396271390760e+01 2.675736312764263758e+01 3.628249216347580841e+01 3.708307591016999538e+01 3.045004600508485737e+01 4.111349889776715827e+01 4.002939228191507937e+01
4.721362061986442882e+01 4.584052766311548766e+01 5.006194046710183443e+01 5.545169647160899018e+01 5.155561845469484439e+01 4.210503272406522512e+01 4.962984434937222744e+01 4.962984382312871645e+01 5.993887769510420327e+01 5.854096157161698954e+01 5.430582317043212726e+01 4.912684356799308460e+01 3.639084844232248628e+01 2.877812086671758607e+01 2.977339343600939614e+01 3.738087376012387608e+01 3.328730603000613542e+01 3.453006367660931630e+01 2.632414882088264108e+01 1.329550584933849500e+01 1.536220094308802508e+01 2.301296897578674461e+01 2.546484336780321200e+01 3.583310513472412850e+01 3.814919593696409805e+01 4.251142706605510568e+01 4.603984535931812161e+01 4.183860629798770958e+01 4.603279561785436158e+01 4.722408136046100680e+01 4.153991182214074485e+01 3.716354316922793544e+01 4.153616776331796245e+01 4.422002705894387020e+01 3.345864642183268245e+01 4.422003689407468840e+01 5.073138715501187335e+01
4.353475798208517489e+01 4.782294223182037740e+01 5.545169647160898307e+01 4.508403221717813381e+01 4.698653406932900367e+01 3.701761587785845364e+01 3.930977455987714819e+01 4.962984434943218304e+01 5.249472465394345022e+01 4.820031143098274384e+01 4.379990438944170705e+01 5.235006072368276619e+01 4.459259968841934807e+01 4.001001746643437684e+01 4.050255240661017808e+01 4.072295729532864783e+01 3.592774708967293407e+01 3.151216450776558275e+01 2.726538070073219444e+01 2.154492239937652442e+01 1.272830160743781747e+01 1.640298508106069164e+01 2.541170717547763402e+01 3.100978930470767381e+01 2.805636880173200964e+01 3.814919594333603925e+01 4.094368525150984794e+01 3.163883886732074657e+01 4.093997647564140152e+01 3.699560349427204642e+01 3.956804773928239882e+01 4.062089774018621569e+01 4.490222949171151612e+01 4.855808299249289206e+01 4.422003654324647925e+01 3.922577653444962209e+01 4.687600675483594159e+01
3.329059905537511810e+01 4.189013797358988711e+01 4.830376064438907235e+01 4.698652802107684323e+01 3.671129344571654940e+01 3.296819652524448685e+01 3.981474091284652417e+01 4.405743427246024169e+01 4.643494414187560437e+01 3.765135455847639889e+01 3.789748010434222181e+01 4.824021931302248589e+01 5.096722747569055656e+01 4.676226008032587345e+01 4.390809324513578815e+01 3.322645851301757602e+01 2.557362323612997912e+01 2.047381379170475313e+01 1.680261198267293921e+01 1.440143905585982687e+01 1.233158263041412539e+01 2.028050175054922732e+01 1.796943863126524832e+01 2.125477659813109099e+01 2.805636880173065961e+01 3.814919592583716224e+01 3.673779573685570909e+01 2.652318214868227741e+01 3.673755939685768368e+01 2.976462034926702671e+01 2.921790736902526575e+01 3.033643059743054948e+01 3.792046907072807471e+01 4.133351279426553049e+01 4.562848214480096232e+01 4.995504202961857487e+01 4.803277695071219711e+01
2.744814023681042059e+01 3.377558975174720501e+01 4.220097471490937835e+01 4.733638091301045847e+01 4.698653406837702562e+01 3.981474091194853315e+01 2.979288998088559381e+01 3.981474091271034155e+01 4.210986163868990673e+01 3.176611562456755067e+01 3.902089691504451707e+01 4.956634994048319243e+01 4.505717178850549942e+01 3.647520002366027825e+01 4.505717178850549942e+01 4.072295729532864783e+01 3.526914155266608475e+01 2.629764734486986555e+01 2.230941556215855570e+01 2.107942868827050020e+01 1.194910367063978995e+01 1.394686195411612673e+01 2.631843579552137058e+01 3.100978207890806715e+01 3.528389623157711696e+01 4.030254682398754085e+01 3.009271785728257953e+01 2.308749313816770155e+01 3.307207666561311754e+01 2.383820669557429284e+01 2.194620249824480496e+01 2.469957213569863086e+01 2.769297636108755967e+01 3.109436566064439944e+01 3.615573099942370305e+01 4.345064314459344246e+01 5.390160900372332975e+01
2.361371867025522064e+01 2.775425884472622684e+01 3.281145532116436669e+01 4.304792512445329322e+01 4.496389297879670721e+01 3.478883430482831329e+01 2.780353917909756589e+01 3.515197177093076419e+01 3.917414439721265040e+01 2.906980707246474793e+01 3.931579242009634356e+01 4.425808323068289241e+01 4.002300966466629717e+01 3.058895427882068319e+01 4.002301224806988245e+01 4.425756066249925880e+01 3.972289055473274288e+01 3.455634658470962961e+01 2.608011612340729002e+01 1.730408202767274162e+01 1.158378162993306582e+01 1.769198017845956628e+01 2.120911104991509433e+01 2.842409956430687501e+01 3.934589965518465959e+01 3.667774259796768632e+01 3.009997495305229975e+01 1.993513632164041383e+01 2.621156051636557649e+01 1.883849010489062437e+01 2.897292726133454721e+01 3.496803557732205547e+01 3.792046907072807471e+01 4.133351279426553049e+01 4.562833509461151493e+01 5.081041744514335079e+01 4.949846520752414136e+01
2.456338472316304689e+01 3.041408180276302886e+01 4.062337989669137528e+01 4.733651024747569380e+01 4.797781672259983310e+01 3.776900966100689061e+01 3.515197177099687309e+01 2.525471443124016702e+01 3.344243787185384775e+01 2.666439786663748990e+01 3.678230037924247142e+01 4.002312972681751546e+01 2.982365569537798677e+01 2.649927757036543596e+01 2.982365573490852384e+01 4.002315851989076378e+01 3.897714277100227775e+01 3.469639356896532689e+01 2.664763345311309450e+01 2.038870794904201844e+01 1.123153184551753547e+01 1.785452637565123624e+01 2.677498191332934141e+01 3.232069467730286050e+01 3.683490814594973983e+01 3.246062837530845968e+01 2.235945135755302715e+01 2.418799471431618997e+01 1.645423486847180428e+01 2.627187728788021204e+01 3.323783796033817595e+01 3.958293754038387391e+01 4.404326691160962781e+01 4.472865509815773066e+01 4.034804017918389007e+01 4.472865509815773066e+01 3.879982998888691981e+01
3.442612251804666812e+01 3.898755292906017900e+01 4.490237307109832443e+01 4.496348914416310549e+01 4.915603794186936426e+01 4.172102659377210188e+01 3.341172947054335651e+01 2.354880557496905524e+01 2.347178027354829766e+01 3.055506258414375509e+01 3.196141131992350992e+01 3.565781755385527418e+01 3.281105111110423422e+01 2.278111303899183682e+01 3.281098788915141284e+01 4.052323448486811941e+01 3.469639356896532689e+01 2.440522854807981901e+01 2.282564491752870239e+01 1.307309883650732374e+01 1.088839082476712861e+01 1.986246476429598928e+01 2.415681575086179933e+01 2.155605662500259001e+01 3.184893751317565602e+01 2.879864661168017292e+01 2.420102311220916036e+01 1.468008899200201078e+01 2.417302548112778382e+01 3.040077093772934091e+01 3.203329001143358568e+01 2.890649434459144729e+01 3.958293754038387391e+01 3.940688133495154233e+01 2.967618979288016590e+01 3.940688133495154233e+01 3.261936300488007845e+01
3.516490181327213804e+01 4.026921528601933886e+01 4.306029683284256748e+01 3.422563202936024140e+01 4.297002690382867485e+01 3.749536803577719013e+01 2.750710727420438317e+01 2.189156200759396498e+01 2.189156200759396498e+01 2.042324792193200267e+01 2.448138712473545553e+01 3.123101303145757157e+01 3.044687905609871592e+01 2.047363347672238021e+01 2.616943068235478265e+01 3.629008865566557063e+01 3.335380749724353677e+01 2.307603673846817571e+01 1.713789305112025474e+01 2.036328198581288262e+01 1.054967010251102444e+01 1.986017509315101748e+01 1.494297359285017990e+01 2.397818273748369933e+01 2.866477248741212946e+01 1.918889756481048181e+01 2.110264185212616894e+01 1.344360576966969845e+01 2.290629555568321507e+01 2.639069495125589171e+01 2.162688602128324433e+01 3.203354403800373262e+01 3.373435971386039256e+01 2.933884851688997131e+01 2.439839167963628697e+01 3.320653993681897020e+01 2.787770503232784236e+01
