output/example_1/elevation_000223.asc
nrows	75
cellsize	13.33333333
xllcorner	0
ncols	75
yllcorner	0
NODATA_value	-9999
[rows 51 to 67 of 75, columns 0 to 36 of 75]
1.369999999999999864e-02 1.001369999999996274e+01 1.688186723926614619e+01 2.102400286299712562e+01 2.679750555489339803e+01 2.053263449003149788e+01 1.138978000035647220e+01 2.053263449003149432e+01 2.516255482262441490e+01 2.141716794014202208e+01 1.127586789069638229e+01 2.141716794014202208e+01 2.597090324303816189e+01 2.242800438105097882e+01 2.181982930949482480e+01 1.587251876701057363e+01 5.848714263435441651e+00 1.401390082439002605e+01 1.047735637767012307e+01 2.039796509150499304e+01 1.716728741476354259e+01 1.375747141567644150e+01 1.146591677502843254e+01 1.655845501608994352e+00 1.655845501608994352e+00 1.655845501608994352e+00 9.623821915837385887e+00 1.655845501608994352e+00 1.723070297463285439e+00 1.061885216362352047e+01 2.174358456383711946e+00 2.174358456383711946e+00 2.174358456383711946e+00 2.199352699237171915e+00 2.199352699237171915e+00 2.199352699237171915e+00 1.083962096440627043e+01
1.290000000000000001e-02 5.012900000000007239e+00 1.208396781187372326e+01 2.208396785452213251e+01 2.933040415985301053e+01 2.553302764742865349e+01 2.138984079333301835e+01 2.553302764742865349e+01 2.874158232815569392e+01 1.838329616418612744e+01 1.572522394528302847e+01 2.570930196664526690e+01 2.880014918016589220e+01 1.893335113185722918e+01 1.201211560464444794e+01 7.830583332644273753e+00 1.587321375359950970e+01 1.587406020588069389e+01 2.068405968812739459e+01 2.068415780086411004e+01 2.353415605815484923e+01 1.364259456532329295e+01 7.830090668832425216e+00 1.133148633657855520e+01 2.208918626255281126e+00 1.147731887200968082e+01 1.182941267472246061e+01 1.342836280748120892e+01 1.026833093883072934e+01 2.174358456383711946e+00 1.018270758527590658e+01 4.005634517548364748e+00 5.606612185036063067e+00 1.195677400878935792e+01 1.131611437444386858e+01 6.381748885563220952e+00 2.658741306127022863e+00
1.329999999999999932e-02 1.001329999999996190e+01 1.915503639752956744e+01 1.933040454722466350e+01 1.933040453254437807e+01 2.718759350547880516e+01 2.478623880429510251e+01 2.892837482056347653e+01 3.303610497758948128e+01 2.874158232815569392e+01 2.160057812099172025e+01 3.032575034660385782e+01 3.170681624375673380e+01 2.182326932791346863e+01 1.783341690372675359e+01 7.830583332644273753e+00 1.491272343146512824e+01 2.487983081750712344e+01 2.996451844693117295e+01 3.065892201847777443e+01 2.758726939125910604e+01 2.161585825042075015e+01 1.359123461877879535e+01 3.251325215621586828e+00 7.161490267276961141e+00 1.548605347214723338e+01 2.049539419226907100e+01 1.700088235860463470e+01 2.174358456383711946e+00 1.286498367662401598e+01 1.367960072463975862e+01 5.414271245177094904e+00 9.944610223455281783e+00 1.644820691265648094e+01 1.174239789288006719e+01 1.434299485763108351e+01 6.472214038861697993e+00
1.369999999999999864e-02 1.001369999999996274e+01 1.285598496529543588e+01 9.330404552493510195e+00 1.304546223741276378e+01 1.771517098725161787e+01 1.478623879697244803e+01 2.478623880429510251e+01 3.019665483414641471e+01 3.433879128010246973e+01 3.206144621886993917e+01 3.634522876585699436e+01 3.221119556720795174e+01 2.221841458820326665e+01 1.518098498983318478e+01 9.410947797894996469e+00 1.388669329858463186e+01 1.962879045846890236e+01 2.960194315135002086e+01 2.978806199071565075e+01 2.559333880972001296e+01 1.981766005015298404e+01 1.081136199637509598e+01 4.020842087742783733e+00 1.390497978868408246e+01 1.456824479440287590e+01 2.291131737232817045e+01 1.904815558537374898e+01 2.025175348192583513e+01 1.843443586103120779e+01 8.255627038773566184e+00 9.947264359034429404e+00 1.743232883240665743e+01 2.211215247166555997e+01 1.639009118987441838e+01 1.821832817879154476e+01 1.070790937523075037e+01
1.319999999999999993e-02 1.427413562373094358e+00 2.855984990944521851e+00 4.330404552493495096e+00 5.974394425547070675e+00 7.715170985104052193e+00 1.771517098725172445e+01 2.312558701170874187e+01 2.019665481919507499e+01 3.019665483414641471e+01 3.637455958181750759e+01 3.769751405582930204e+01 3.192736323731205772e+01 2.779189362672575925e+01 2.115361423499041038e+01 1.119053487577358830e+01 2.115353875913414328e+01 2.796243076896924862e+01 3.370393106115639625e+01 2.559333880972001296e+01 1.562971755074309499e+01 1.853737844976157589e+01 1.472654094339040221e+01 4.791763520641461049e+00 1.478136199875856782e+01 2.125745919321751387e+01 2.655880811444233203e+01 2.999643500393839091e+01 2.601973876745613623e+01 1.557658377393955362e+01 1.231289358418377766e+01 2.038623534513199687e+01 2.458799912860293446e+01 2.917794573730039787e+01 2.534527143635898483e+01 2.347083961875723546e+01 1.939961319150942032e+01
1.349999999999999985e-02 1.001349999999996321e+01 1.285598498278685220e+01 9.330404552493476444e+00 1.597439434490344112e+01 1.771517097845982747e+01 1.054359810985025092e+01 1.312558700732187056e+01 1.645892034065522580e+01 2.223242303255161545e+01 3.223242304812047365e+01 3.356786540725577339e+01 2.356358891530406652e+01 1.782971601564397801e+01 1.483411886402071822e+01 1.386134463224586888e+01 2.088934981400027269e+01 3.087371719508900725e+01 3.294480240128671511e+01 2.786385265355071539e+01 1.854799465232299482e+01 8.593590078126174703e+00 5.996047064442147523e+00 1.478139454045516921e+01 7.646312279240516929e+00 1.761314584852695120e+01 2.068467331278427679e+01 3.070751242450381113e+01 3.017718055449013903e+01 2.601973876745613623e+01 1.790533407521311915e+01 2.724031218783000341e+01 2.840828661837111824e+01 2.437920353905624893e+01 2.137803782797949737e+01 2.554756710723393454e+01 2.227471147616147817e+01
1.369999999999999864e-02 1.001369999999988458e+01 1.862807184686740669e+01 1.933040451133177839e+01 1.933040443515679030e+01 2.054359823376402971e+01 1.054359810985025092e+01 2.054359823930637674e+01 2.645892034723552300e+01 2.352998815253531362e+01 3.352998817495198836e+01 3.412092833135033487e+01 2.411384588965018594e+01 2.478814293387759449e+01 2.478840598610265999e+01 1.717459221757159327e+01 2.381388383526638819e+01 3.380706712620555976e+01 2.868652308562863240e+01 1.858782532783325792e+01 1.358287324795955087e+01 1.684727706003794623e+01 6.901393282420825059e+00 1.684726215780047198e+01 1.761314584852782517e+01 1.073213425123184805e+01 2.068467331278440469e+01 2.864233207588884511e+01 3.366274232555689849e+01 3.251017696261236267e+01 2.826046901991968952e+01 3.213230169441785478e+01 2.437920353905624893e+01 1.430254936776065122e+01 1.122696049584902767e+01 1.758035524840277830e+01 2.032624922929075950e+01
1.379999999999999977e-02 4.485935954999584752e+00 1.155700376686661812e+01 2.155700377626698128e+01 2.933040254246688505e+01 2.468573526925869288e+01 2.054359826054718496e+01 1.761466605505561844e+01 2.761466609160085284e+01 3.352998817495198836e+01 3.767212487161108925e+01 3.824863163403236399e+01 3.118266326554644863e+01 3.478180666607902793e+01 3.127246413130026426e+01 2.213582431936098516e+01 2.529647932585885783e+01 3.530746619221662996e+01 3.294070279987956695e+01 2.786385265355071539e+01 2.355269385115608571e+01 1.707657870499078001e+01 7.813688568326783823e+00 1.774184536326871253e+01 2.485667925964188285e+01 1.776382288498389883e+01 1.449934528620108054e+01 1.946283624585334238e+01 2.646091230500653424e+01 3.657490449924090115e+01 3.560662276791699554e+01 2.598433413383105872e+01 2.015479207023280850e+01 2.419869858464880252e+01 1.754165847412736667e+01 7.239277707728371425e+00 1.629396653414952212e+01
1.309999999999999880e-02 1.001309999999996236e+01 1.862807225234701392e+01 2.214018102072689587e+01 2.628336395563414030e+01 2.432811196840177459e+01 2.847312076427591521e+01 2.761466609444499909e+01 3.175680887154539889e+01 3.986667924760327963e+01 3.568947647616754182e+01 3.986667924760327963e+01 4.121452770306114388e+01 4.106725065385005990e+01 3.626945836142781587e+01 2.919095316370180981e+01 3.530746619222280458e+01 3.351593389250171384e+01 2.937569952797915462e+01 3.012353713112329245e+01 2.457607290737674433e+01 1.525821718127906479e+01 8.728865688498427033e+00 1.573796681714206613e+01 2.560037405781109143e+01 2.773623002924365721e+01 2.151252526867337878e+01 2.022672418682148177e+01 2.593398199830754436e+01 3.603369160308229624e+01 3.934441338386827880e+01 3.389025399466458310e+01 3.005119746728926344e+01 2.699836134027819057e+01 1.742079527839497288e+01 1.752909177687516262e+01 7.239277707728371425e+00
1.349999999999999985e-02 1.001349999999996321e+01 1.397493957279449184e+01 1.213984343369764574e+01 1.898252390140920198e+01 1.432743242964506081e+01 1.932744127529285905e+01 2.639875527074823580e+01 3.640249452641408112e+01 3.483795730728197526e+01 2.564330570879220517e+01 3.109670469871595344e+01 3.526878115458674046e+01 3.102830281266324519e+01 3.813907990136165438e+01 3.922970318032483306e+01 3.642811423092559409e+01 2.645754235286371880e+01 1.947758730724425646e+01 2.021450091783468750e+01 2.311673097002218569e+01 1.955893201290822603e+01 9.654042238815021548e+00 1.538048148045387364e+01 2.236714369319621554e+01 3.217233753221797343e+01 3.151790972986498574e+01 3.020262160074994995e+01 3.444825111378532512e+01 4.032222216882131249e+01 3.888324179246969692e+01 3.185220173908573571e+01 2.774814692184139275e+01 2.397539704920503922e+01 1.886682951748665005e+01 8.682153437942661256e+00 1.752909177681893027e+01
1.369999999999999864e-02 1.974861351381841823e+00 3.974861351381843821e+00 6.400217601745214147e+00 8.982206499219429929e+00 1.475571184673813541e+01 2.475645654511215810e+01 3.347505896854127627e+01 3.678188376125679326e+01 3.066639109247986639e+01 2.057110653403768197e+01 2.100496236533598093e+01 2.944560543830621313e+01 2.394717495115172312e+01 3.312148378723748010e+01 3.813907990136165438e+01 3.742289959604289606e+01 3.167728746995994626e+01 2.311679042968379605e+01 1.317222149598123337e+01 1.317222149598123337e+01 1.169137132809796142e+01 1.089483580602848001e+01 2.080804132809560514e+01 2.389262893529652132e+01 2.394203607857916793e+01 2.742289376940023971e+01 3.155649796391664808e+01 3.651574869019611924e+01 3.689917325460482544e+01 3.282430396471986711e+01 2.482114226139863078e+01 1.765662168223308015e+01 1.989350330095090769e+01 9.770644403152987323e+00 8.682153437942661256e+00 8.682153437942661256e+00
1.290000000000000001e-02 1.001289999999996283e+01 9.748364508259225403e+00 1.640038972683927554e+01 1.605339069181707856e+01 2.312655312752438874e+01 2.890157935483201612e+01 3.491321689737167588e+01 3.260353437788258191e+01 2.247667266892544902e+01 2.433498634110958392e+01 1.502074836757362952e+01 2.465794816242287268e+01 1.887360730332082781e+01 2.394717495115172312e+01 3.396864255936880994e+01 3.326511554898947054e+01 2.334908162719210623e+01 1.764929061692639678e+01 1.317222149598123337e+01 2.311679029635046234e+01 2.162629655359109648e+01 2.080804462325367155e+01 1.270165345948915459e+01 1.404595899652864688e+01 1.404595899652864688e+01 1.757754145934919521e+01 2.248886941757007918e+01 3.235691812123040734e+01 3.282430421857527136e+01 2.278342227748282411e+01 2.572432628563204915e+01 2.136570601267565550e+01 1.127269643561972323e+01 1.989350344445958285e+01 1.889786595104133937e+01 1.212345723108354179e+01
1.359999999999999924e-02 1.001359999989502292e+01 1.974854848135938923e+01 2.389151562757176706e+01 2.606096271402894970e+01 2.465584887831364469e+01 2.443130766028782475e+01 2.443130766028782119e+01 2.944204053514038932e+01 2.393695898198001260e+01 1.402117032698918031e+01 1.196143626152560735e+01 1.444157524586218599e+01 2.465794816826144498e+01 3.312148378723748010e+01 3.813907990136165438e+01 3.603123014984166872e+01 3.028533038054773741e+01 2.311679056301712976e+01 1.317222149598123337e+01 2.311679056301712976e+01 3.068370240177791430e+01 2.079522144009177609e+01 2.260979150926127090e+01 2.388386899940412889e+01 1.404595899652864688e+01 2.394203607859638083e+01 3.155649796391664808e+01 3.651574869019611924e+01 3.282430511070466395e+01 2.278342227756943927e+01 1.559813352074556647e+01 1.281019782548449371e+01 2.136570601267560576e+01 2.548496222011737800e+01 2.563613847680194624e+01 1.566604835233763282e+01
1.379999999999999977e-02 7.084900851662178312e+00 1.708614433527030840e+01 2.439269023672336800e+01 2.149956527519702121e+01 1.408729265179984580e+01 1.406589598799371466e+01 2.161252825707869718e+01 2.222468369201204297e+01 1.503944584991455713e+01 9.322044358306269984e+00 1.842191338713569593e+01 2.304188404561840642e+01 2.120864811761143542e+01 2.812713392948159807e+01 3.812129304834955690e+01 3.187481384519689342e+01 2.195663651953142903e+01 1.620662290873633538e+01 2.311679056301683488e+01 2.724124549683327601e+01 3.480432504796005588e+01 3.034295621943111243e+01 2.073743617505056491e+01 1.676859466091918094e+01 2.394203607359984076e+01 1.811597189195289914e+01 2.377685167002744393e+01 3.367765330826353676e+01 3.282430381772595496e+01 2.278342227707643985e+01 2.572432815370270021e+01 2.291582695548823168e+01 1.450102285270192937e+01 2.462749798687817560e+01 2.976073703342904864e+01 2.142521027799334732e+01
1.349999999999999985e-02 7.107282332888086529e+00 1.730882051206131322e+01 1.475438994160775685e+01 1.704764087786706028e+01 6.921461130421651120e+00 1.429951958089750796e+01 1.201429533475316447e+01 1.598662939293375729e+01 7.677634631532265885e+00 7.677634631532265885e+00 7.677634631532265885e+00 1.806003344438858349e+01 3.064799520955458689e+01 3.521237731702844087e+01 3.818518515127435364e+01 2.816764504201741204e+01 2.119542295623847039e+01 1.620662290873633538e+01 2.323513913428917377e+01 3.312945071195012758e+01 3.666598169187716394e+01 2.720231814691439709e+01 2.876165353252922685e+01 1.899015325792724695e+01 2.878711585426999520e+01 2.159644092098602641e+01 3.144244854592599125e+01 3.783889382413066471e+01 3.689917443854124457e+01 3.282430379537719034e+01 3.189357250074211336e+01 2.585714395472583860e+01 1.572187674052557860e+01 2.289358348342713967e+01 3.273240410575596115e+01 3.141865657785947974e+01
1.359999999999999924e-02 1.001359999999996298e+01 1.129127658250294175e+01 7.729351926598824640e+00 1.260602265177976555e+01 3.586614876606343483e+00 4.286960360779040080e+00 4.992760422832144052e+00 5.705986266662441686e+00 1.597319009809206314e+01 1.812452608778882635e+01 1.813277412789662790e+01 2.296595548720831914e+01 2.765420989631876481e+01 3.289097643394658377e+01 3.705152268940904037e+01 3.525725745339905615e+01 3.027626112234877453e+01 2.119417954421253825e+01 2.275708738859079361e+01 3.128538201070465874e+01 4.064892118345633065e+01 3.524450450633563747e+01 3.116316971050787998e+01 2.136711428347708619e+01 3.116316828748690426e+01 3.144246941099411785e+01 2.776706667940640472e+01 3.776707662025056322e+01 4.351785285627887845e+01 3.368645536330463131e+01 2.778850611547030169e+01 1.766035136940193340e+01 2.585714389547500147e+01 2.081411943483650262e+01 2.798564381302556114e+01 3.789157853815700605e+01
1.290000000000000001e-02 6.583972243679016012e-01 1.305243451721051162e+00 1.958963902181663386e+00 2.619782502636751609e+00 1.240089534854475417e+01 1.425208374378752652e+01 1.499406612759386093e+01 1.090070786563586047e+01 6.897866170138176933e+00 1.694282091852123528e+01 1.641016292355812922e+01 2.281500740849640962e+01 2.672825483552386672e+01 2.286332693301718422e+01 2.995272778702677741e+01 3.998453616696478718e+01 3.514769321229316290e+01 2.814366470610235638e+01 3.320292989921600224e+01 3.762450195964267152e+01 4.691654967136730647e+01 3.825009251609679239e+01 2.822771692733349624e+01 2.618781218802698518e+01 2.694487432268744342e+01 3.692554659925139049e+01 3.479890679849756197e+01 4.193568759236683974e+01 4.067007133780106187e+01 3.079375053869344114e+01 2.363517673141357633e+01 1.907505067577904612e+01 2.919138875401854349e+01 3.089203914936987871e+01 2.798661780696258816e+01 3.790634694682316308e+01
