output/example_1/elevation_000498.asc
nrows	75
cellsize	13.33333333
xllcorner	0
ncols	75
yllcorner	0
NODATA_value	-9999
[rows 51 to 67 of 75, columns 0 to 36 of 75]
1.369999999999999864e-02 1.001369999999996274e+01 1.667807944625862859e+01 1.245157448942511458e+01 1.822507708303535168e+01 2.822496239815716024e+01 2.790765014556589563e+01 2.824598183871770019e+01 1.833201839196188843e+01 1.261540668217026173e+01 1.851119142499604209e+01 2.263648671610549101e+01 2.587515322705718290e+01 1.900366931803314685e+01 8.754154061099734818e+00 1.019876352906200978e+01 2.051124935961658835e+01 2.180956371541142857e+01 2.608694750996106038e+01 2.340232811161574489e+01 1.466369066413798272e+01 6.558482816255755132e+00 4.380723597728729324e+00 1.595918727255678071e+01 2.431918330346099566e+01 2.215272858794444844e+01 1.279525529642690174e+01 2.215273039188951998e+01 1.801749560303168352e+01 1.574589826637582135e+01 2.373647151202303718e+01 2.135356350052009589e+01 1.168307184631615314e+01 4.887896364590685216e+00 1.451547248294477654e+01 1.877809034958854184e+01 2.014933465577280103e+01
1.290000000000000001e-02 7.083967969457419578e+00 1.708403956591764938e+01 2.245159543451600825e+01 2.659351126697217538e+01 3.236578055299862910e+01 3.232506793584060745e+01 3.237377449901102011e+01 2.660565620851212287e+01 1.711632612389899322e+01 2.369723990876747521e+01 2.952658108316145658e+01 2.157329884347310767e+01 1.117001502948461678e+01 1.900366931803314685e+01 2.051126681870589863e+01 1.743892609490423595e+01 2.792855346371010583e+01 2.478445556504490099e+01 1.539047728781697089e+01 1.084248932857949832e+01 1.435669434145360057e+01 5.237187893825302254e+00 1.399388147272455285e+01 2.093903481241085984e+01 2.727050388616021692e+01 2.315423931854000017e+01 2.727050442376636497e+01 2.473643513968659136e+01 2.525509290776845006e+01 2.924915280922237670e+01 1.992302664242138732e+01 1.451563791372997869e+01 4.887896364590685216e+00 1.451563791760530009e+01 1.858683520967194980e+01 2.570497838027791815e+01
1.329999999999999932e-02 1.001327017841732925e+01 1.844309045016176540e+01 2.257662575007566375e+01 2.831194987448349210e+01 2.417122794642007122e+01 2.233869422665014426e+01 3.232506793584060745e+01 3.130794770695147733e+01 2.430794175234330012e+01 3.065916167239927148e+01 2.565922497518955936e+01 1.502165911454336111e+01 1.117001502948461678e+01 1.117001502948461678e+01 2.157707395225094160e+01 2.792855346371010583e+01 3.217574480621843946e+01 2.892968671945682146e+01 2.340232604969388674e+01 1.764561869252894510e+01 6.558670019968324993e+00 1.022260177605469700e+01 7.952169937413304801e+00 1.705527714966384778e+01 2.297257014041815637e+01 2.705000937354750334e+01 3.190605926882187049e+01 3.430931787117460630e+01 2.754312837142142811e+01 2.186919853405603575e+01 1.583893288858483928e+01 6.296518128169555695e+00 4.887896364590685216e+00 4.887896364590685216e+00 1.451563805138856189e+01 2.344110358828014284e+01
1.369999999999999864e-02 1.001369999999996274e+01 8.445067252721329965e+00 1.844090541294901087e+01 1.916460292436529045e+01 1.430371266854685253e+01 2.417122794642007122e+01 3.091954675297620625e+01 3.507161313856376950e+01 3.424118567684166692e+01 3.316497514509624978e+01 2.255024145903003330e+01 2.351224136710481361e+01 1.376689010484035514e+01 2.157707395225094160e+01 1.848659273116655299e+01 2.903823168537501331e+01 3.038101793438917397e+01 2.058853192868339832e+01 2.058745628268163941e+01 1.650673182989574883e+01 7.451414374428764198e+00 1.585437378831935717e+01 1.705504600988281894e+01 1.057765663639062481e+01 1.367340689192423753e+01 1.817107602590693816e+01 2.777447187621256219e+01 2.967777497796499730e+01 2.338447694134306332e+01 1.364489468761542845e+01 8.245963497111164386e+00 1.451563816632549120e+01 4.887896364590685216e+00 4.887896364590685216e+00 9.711160468205299878e+00 1.932011590123849487e+01
1.319999999999999993e-02 1.374027634879542603e+00 1.137398282972582919e+01 1.488967650484180183e+01 9.244742819944523404e+00 1.916460292436529045e+01 2.685105362545076346e+01 2.069209530295750810e+01 2.929685628998446845e+01 3.431829584797101518e+01 3.734719136725347255e+01 3.316497514509624978e+01 2.626185279370840320e+01 1.679658004343096778e+01 2.337479441621986709e+01 2.903821885012189341e+01 3.332979918049277757e+01 2.743104299507023569e+01 1.775426747479270873e+01 1.149756441374615612e+01 9.411575478721374566e+00 8.215795020586437403e+00 1.997798990679500619e+01 1.968408029354962352e+01 1.057765663639062481e+01 1.968408029354962352e+01 2.705000937354750334e+01 3.190605926882187049e+01 2.550295254989632099e+01 1.567998539022920923e+01 1.023191923151755311e+01 1.776132651799278150e+01 1.451563818121273108e+01 1.451563818472189560e+01 7.982820632848243392e+00 1.753690491295743215e+01 2.344110358829192720e+01
1.349999999999999985e-02 1.001349997676369519e+01 3.415269087198859133e+00 4.889688648747832822e+00 6.663612661731198372e+00 1.668285572037534692e+01 1.216526512969958418e+01 1.499579868431891860e+01 2.011551999688835579e+01 2.724278141647702256e+01 3.725066136383401272e+01 3.294764672573940345e+01 2.349280741121649640e+01 2.157126514730522260e+01 3.027873755278125856e+01 3.702748001986564219e+01 3.523835509225413887e+01 2.489624500731246215e+01 1.787738823527316256e+01 1.840830214609660231e+01 9.231992378635057506e+00 1.583933179847473127e+01 2.471123014417345587e+01 2.370362610017384242e+01 1.569916793818214806e+01 1.499072167732644623e+01 2.027863600067148653e+01 2.997650780871073195e+01 2.680017707962442941e+01 1.694520551851389811e+01 1.023191923151755311e+01 1.983165994935499299e+01 2.426325492853365873e+01 2.094958015574797017e+01 1.129707693108967881e+01 2.094958015574797017e+01 3.066632941118735189e+01
1.369999999999999864e-02 1.001368769958032345e+01 1.341530455068298444e+01 1.196075871639059329e+01 1.668284089135461912e+01 9.319822107580300496e+00 1.211178016096905097e+01 2.148259313825044359e+01 2.145166725456525469e+01 2.856883329161966145e+01 3.857540950369429567e+01 3.706651344285424443e+01 3.294764672484598123e+01 2.813182080541767505e+01 3.504243736961146993e+01 3.887204055318873230e+01 3.815126192375048930e+01 3.201629160992150958e+01 2.570993649068533671e+01 1.922556491086447394e+01 1.004971098207934865e+01 1.928322536832163081e+01 2.476911037524672210e+01 2.922707888693095768e+01 2.512779370564669890e+01 2.027863600067148653e+01 2.846887176128858599e+01 3.411929861073349457e+01 2.640024560110569851e+01 1.654056459843672400e+01 1.177708768614671264e+01 1.801510659689282079e+01 2.833352106814903237e+01 2.508879815318426765e+01 1.678795517879414234e+01 2.508879815315163597e+01 2.743447525926568531e+01
1.379999999999999977e-02 7.084867811865535714e+00 1.708486781364730689e+01 2.196091910796560853e+01 2.349761490170052625e+01 1.642343598754305845e+01 1.858418415843656746e+01 1.785006493287974649e+01 2.773329953975599338e+01 3.149966581118700759e+01 3.991531054583199278e+01 3.580985977394519182e+01 3.991585055721798625e+01 3.776347260452813970e+01 3.887204055324276197e+01 2.877639221417159021e+01 3.061672849944099184e+01 2.434667049149504336e+01 2.111570514455012315e+01 1.247306371192406793e+01 1.928338406308385444e+01 1.147545425980813683e+01 2.071812212526817021e+01 2.630448163835774267e+01 2.907534260492354505e+01 2.997650780871073195e+01 3.411929861073349457e+01 3.646634650200982009e+01 2.640024553029255472e+01 2.332475591625332356e+01 1.356253364866296529e+01 2.332407746261528558e+01 3.126772622326987872e+01 3.081553269543263696e+01 2.663446559529131008e+01 2.743447975492231450e+01 1.775792773618661258e+01
1.309999999999999880e-02 1.001309999999996236e+01 1.509548889769595448e+01 1.798224024965783840e+01 2.212437657317012807e+01 2.642922263225784718e+01 2.847897263788279787e+01 2.480766070087053521e+01 3.187350235114262986e+01 4.150459309030425459e+01 3.493718155341667142e+01 2.583496621376200508e+01 3.335937863437533935e+01 3.746896673424424051e+01 3.775903029134244804e+01 2.767561393031845540e+01 2.070504241490406017e+01 1.755911232495212104e+01 1.504400429352650903e+01 2.175509076458924795e+01 2.071812212500971739e+01 2.071812212526817021e+01 1.291455466414053710e+01 2.221740037009057289e+01 1.937674787501331153e+01 2.615491045639327439e+01 3.612588950589570658e+01 3.672749386337299171e+01 2.670517426344586909e+01 2.000831609256973209e+01 1.579177912837822007e+01 1.952798263354092612e+01 2.485883522440800064e+01 3.393050302042718158e+01 3.439765191390386434e+01 2.455023940953363493e+01 2.743447525926568531e+01
1.349999999999999985e-02 2.513499999999997847e+00 5.095488897471604162e+00 7.982240243419736814e+00 1.798224024995952774e+01 2.332746509571787286e+01 3.332746530739164825e+01 3.479641650319873492e+01 3.664227141748922634e+01 3.253001607558828567e+01 3.082239495628861903e+01 2.083494580154023978e+01 2.337940251934083946e+01 3.044427390035457037e+01 4.039706401898632748e+01 3.483127787341746284e+01 3.062882701664534579e+01 2.731844875218143898e+01 1.788971466434056623e+01 2.752394484751013692e+01 3.042918573896450951e+01 2.221740050332804017e+01 1.291455466414053710e+01 1.291455466414053710e+01 2.221740050342390660e+01 2.905619176723191188e+01 3.256575203942133356e+01 3.675208567202192000e+01 3.382991817566365711e+01 2.946843729735476458e+01 2.683262562404932083e+01 1.914451296951598280e+01 2.591370237845794122e+01 3.611353579473085773e+01 3.851227550601323202e+01 3.439765191390386434e+01 2.918976178125775078e+01
1.369999999999999864e-02 1.001369999999996274e+01 1.509548872524035801e+01 1.798224023656634429e+01 1.332746508166824206e+01 2.039853289356421229e+01 3.039853294142850260e+01 3.333772010917197548e+01 3.253001607558828567e+01 2.254956607212963249e+01 2.547276624541348511e+01 1.705514624975109683e+01 2.677427600525491869e+01 3.089442622971256114e+01 3.535304674921095369e+01 4.109740768488028806e+01 3.324841652960604677e+01 2.333471537417096187e+01 2.752473850823741230e+01 3.169004188302801595e+01 3.009900708205626785e+01 2.221740063675724031e+01 1.291455466414053710e+01 2.221740050312213910e+01 1.656439181974879205e+01 1.930932080119498195e+01 2.263921656901328561e+01 2.960978296217687245e+01 3.970209267566036715e+01 3.433144406854963648e+01 2.417232108726474493e+01 2.890116441911111167e+01 2.702649555584792651e+01 3.724248429796745796e+01 3.954066176866987803e+01 3.843268100837820356e+01 3.042642122598788390e+01
1.290000000000000001e-02 1.001289999999996283e+01 1.769126876426733830e+01 2.216340631667922878e+01 2.332746509571787286e+01 2.746960184041383357e+01 3.333772010917197548e+01 2.336190387936006374e+01 2.519250026556723654e+01 2.547275018403238533e+01 1.547959662793972235e+01 1.428205875844657236e+01 1.678163977634722670e+01 2.125394747457599109e+01 2.702665449412520715e+01 3.699612681170397366e+01 3.745436162486487319e+01 3.029240858791841973e+01 3.745436162486487319e+01 3.295530680976084170e+01 2.306326205192140577e+01 1.641730424402845046e+01 2.221740063675724031e+01 1.497492461274380204e+01 2.441127614560750203e+01 2.905619176723149621e+01 3.256575203942133356e+01 3.256575203768729665e+01 4.266969279451476638e+01 3.433144406854962938e+01 3.130705198954069957e+01 3.859300470803570704e+01 3.724248429798496574e+01 3.954066176866987803e+01 2.952121438753149363e+01 2.843014114126961189e+01 2.967719026960930861e+01
1.359999999999999924e-02 3.549133905932739363e+00 8.021269860932333629e+00 1.509233767284355743e+01 2.509233779038649814e+01 3.139928661537887322e+01 3.070302937921758257e+01 2.072385773298462652e+01 1.520031179556569967e+01 1.943261585555267246e+01 1.170229105732654418e+01 2.169567285403768153e+01 2.677428014683673752e+01 2.212697039478734595e+01 2.712628207839250649e+01 3.418579662365609551e+01 4.411995712501563816e+01 4.038485089461719468e+01 3.797794064354560106e+01 2.793247632179032891e+01 2.104636709264768513e+01 2.596057488219119236e+01 2.853311424199984714e+01 2.441127614553114711e+01 1.716778626107161543e+01 2.677681957558572279e+01 3.301717257331562649e+01 3.720584238060521187e+01 4.225582298344260579e+01 4.464657299508466792e+01 4.163297244362674121e+01 4.013836650065588429e+01 3.604531863189079388e+01 3.499356578352141867e+01 3.135981723852505354e+01 2.158310038573102574e+01 2.613394226274965604e+01
1.379999999999999977e-02 1.001379999999996251e+01 1.769127085222357110e+01 2.216340906756052931e+01 2.116828666325208275e+01 2.116828666325208275e+01 2.675768037921720932e+01 2.072385773298462652e+01 1.073326326314603385e+01 9.443814143094366287e+00 1.321644405462625294e+01 1.821493588974469446e+01 2.820437871070101821e+01 3.211093090229582714e+01 3.622297444488005880e+01 4.119676733310583927e+01 4.586301517395665428e+01 4.207119316481747262e+01 3.795035990863694053e+01 3.504976316041537387e+01 2.663651113084174682e+01 3.504976287078884667e+01 3.380764186898063173e+01 2.386455762616510512e+01 2.677681957533668466e+01 1.969632775059747587e+01 2.305273496327879812e+01 2.797232460981435409e+01 3.806202054729649120e+01 4.334845132814100310e+01 3.845966642309408456e+01 3.435220649595616038e+01 2.671618465826898259e+01 2.573232311892745017e+01 3.240404427559754907e+01 2.613394226316392732e+01 1.644153829854172244e+01
1.349999999999999985e-02 9.969731430529963134e+00 1.796848213542777017e+01 1.980907827545616584e+01 1.011696583757637136e+01 1.990399314361049932e+01 1.969899861058333101e+01 1.264151804953818292e+01 7.409492732069716148e+00 1.739365957637175342e+01 2.320970926958261771e+01 2.733489012366583637e+01 2.820444866166787534e+01 3.816305871463820409e+01 4.003906224221432097e+01 3.593273730853925230e+01 3.593263545442184892e+01 3.631357729388713551e+01 2.797312829570293502e+01 3.631374470882061445e+01 3.666432692274119631e+01 4.085403067001113442e+01 3.799164864538036568e+01 3.380764187011062916e+01 3.190211771861079981e+01 2.197379094777807751e+01 3.190211771874320235e+01 3.720583718515258198e+01 4.225582324080640717e+01 3.918353349625576243e+01 2.952087949565653702e+01 2.516706823919826874e+01 2.192080867450694015e+01 1.938011129106385511e+01 2.557834723609743932e+01 2.444559183966228133e+01 2.004182269635004943e+01
1.359999999999999924e-02 1.001359999999996298e+01 8.286400420312293846e+00 1.186987839990667126e+01 4.428259726728517975e+00 1.311927824307527324e+01 1.381316478256026770e+01 5.579736526097565097e+00 1.556784545945437870e+01 2.140150757738658882e+01 2.974290613171086761e+01 2.732037314808717809e+01 3.144090935982734436e+01 3.719327178903109399e+01 3.593273736688315978e+01 2.595788263777331650e+01 3.017379535572555938e+01 3.218798567862376103e+01 2.219870193640550937e+01 3.099105001310813279e+01 3.510992462693508998e+01 4.085968522728307306e+01 4.411129960324146992e+01 3.396431286197323374e+01 2.686739683469776097e+01 3.190211771874302471e+01 2.819502829888816109e+01 3.530877699184019747e+01 4.545701134746998662e+01 4.334845132814100310e+01 3.757168476411702329e+01 2.810899137758446997e+01 3.088055065647087716e+01 2.557834723609747485e+01 1.632852683338314748e+01 1.428699017537225480e+01 1.337591007461149317e+01
1.290000000000000001e-02 6.318844605901721145e-01 1.252058133536213536e+00 1.878282424621362079e+00 2.516644422468136799e+00 3.167782968775832764e+00 3.822338444489205234e+00 1.381265569177210573e+01 7.783071152185713437e+00 1.509515194687619477e+01 2.155298432755363791e+01 1.733096285966379568e+01 2.310291902192516034e+01 3.308152262795598375e+01 3.392095203281724025e+01 3.017379575753034970e+01 2.018231408049106790e+01 2.546107799860514476e+01 1.841573458037763444e+01 2.100011957581950028e+01 2.677576920515853942e+01 3.674952735606205323e+01 4.454055896262680392e+01 4.112581635813255332e+01 3.396435739038575718e+01 3.693449717207798955e+01 3.828112601753264244e+01 4.247236769282297786e+01 4.501051745820961969e+01 4.085579761428655843e+01 4.170504191699000529e+01 3.757168409633709416e+01 3.074466996462046708e+01 2.524355431760460888e+01 1.581332257135456665e+01 2.171463642102579783e+01 2.312752013765421566e+01
