output/example_1/elevation_000265.asc
nrows	75
cellsize	13.33333333
xllcorner	0
ncols	75
yllcorner	0
NODATA_value	-9999
[rows 51 to 67 of 75, columns 37 to 73 of 75]
4.765505468024286095e+00 2.553870536112251788e+00 4.123279840867915880e+00 1.617540660039324862e+01 1.970743151337326182e+01 1.677854305016348846e+01 2.108513590617932110e+01 1.761915772405550129e+01 7.963296787573971969e+00 1.236123924406980734e+01 6.290444763957490970e+00 3.412550603932397397e+00 9.262365410534318499e+00 1.770493745606181690e+01 1.748184431875762357e+01 1.162070152085530772e+01 1.923117098257532476e+01 2.967166467300545207e+01 3.619573466423767627e+01 3.128174205900349847e+01 2.288087764560269122e+01 1.336469840957642319e+01 1.940901461750423351e+01 1.777664111226642518e+01 1.643713179066695673e+01 9.152596994457390167e+00 1.667849502071078760e+01 1.301352240605692145e+01 2.268543225761696647e+01 3.190089136285046223e+01 3.449136613427160114e+01 2.602096740210423675e+01 3.283182232302568337e+01 2.864298310684036508e+01 2.162960246440592016e+01 2.500431931265335095e+01 3.086604116296113176e+01
2.107139612698895714e+00 2.398974954787590264e+00 2.398974954787590264e+00 1.084170142718530627e+01 4.537195871539682734e+00 6.032932019661521927e+00 1.568764836991993228e+01 1.592108779436345500e+01 1.272639585310504806e+01 3.008775314002653190e+00 3.008775314002653190e+00 1.262811579561753561e+01 1.718871204960410992e+01 2.185368658299381295e+01 2.659080941819681243e+01 2.227902458106614958e+01 1.923117098257191060e+01 2.967166463728862880e+01 3.205445079771795491e+01 2.229686312728199837e+01 1.754777724240048897e+01 2.288087764560214765e+01 2.696480932332370628e+01 2.225242009973071333e+01 1.255306801169681208e+01 1.903606276656769936e+01 9.880579520198073951e+00 9.880579520198073951e+00 2.236904992329667152e+01 2.867612736404367269e+01 2.447562869484020354e+01 2.014548647432601669e+01 2.576491002684750242e+01 1.846710253766212517e+01 2.864298310684036508e+01 3.515799889717490601e+01 3.218603060725016718e+01
2.107139612698895714e+00 1.045434935085624595e+01 8.833520732050144986e+00 2.484542314013873820e+00 2.484542314013873820e+00 2.484542314013873820e+00 1.242836984805464162e+01 1.195731065107732682e+01 2.779611465670231762e+00 1.278863257772403550e+01 3.008775314002653190e+00 1.292263257730205872e+01 1.436375311637282159e+01 2.434744531434069970e+01 2.282310066213843669e+01 2.699475646853128552e+01 2.967166463709515511e+01 3.395044819463773678e+01 3.619573992062807832e+01 3.128174206111914657e+01 2.428312753701271376e+01 3.128173920640340455e+01 2.594996564948962359e+01 1.616075262815805402e+01 2.224845749233600500e+01 2.096567501943755119e+01 1.491362032457443831e+01 9.880579520198073951e+00 2.076012508622302377e+01 2.269242579037280905e+01 1.423897386639753648e+01 1.552440500328468787e+01 1.552440500328468787e+01 1.749871637782101885e+01 2.769102264117274714e+01 3.474763488242144405e+01 4.233296504965395002e+01
1.406037785846411658e+01 9.949260271717689008e+00 1.438817763733948141e+01 7.396948807316128693e+00 1.244388032881291650e+01 2.484542314013873820e+00 2.484542314013873820e+00 2.484542314013873820e+00 1.248354848488804869e+01 1.693242088153973057e+01 1.292311809073265749e+01 4.477889538015343618e+00 1.436463346878170100e+01 1.534088913282261224e+01 1.349647466442072208e+01 1.986408756846781998e+01 2.251489433787401140e+01 2.568813473885398579e+01 3.005560331072949509e+01 3.506802547731254549e+01 3.392792834281202374e+01 3.038640994165496423e+01 2.041704428080207734e+01 2.594996564948962359e+01 2.975582998841638016e+01 2.421122150000448414e+01 2.013390030738137781e+01 1.048536534460977521e+01 1.144302187189903464e+01 1.251770308311152569e+01 2.269127009824022778e+01 2.576248217625069259e+01 2.576491002684814546e+01 2.769102264117274714e+01 2.041688790147572163e+01 3.055989970995112159e+01 3.795177942967424656e+01
2.321083127050738426e+01 1.931586536825426137e+01 1.846018449964581976e+01 1.488923053210078962e+01 1.626420249497192216e+01 1.242952638088408790e+01 2.868479361284582030e+00 5.754311117246185603e+00 1.582421842456509609e+01 2.250081017087357793e+01 1.253574508089666928e+01 1.436422560668117754e+01 5.940506860731920469e+00 5.940506860731920469e+00 8.377097697338106386e+00 1.080643395664879414e+01 1.336401951993786597e+01 1.623229129995844389e+01 2.071641021308290931e+01 3.081115517370827561e+01 3.609474606575209066e+01 2.603691432156644936e+01 3.038640994165496423e+01 3.420887380738152217e+01 2.847091110171493256e+01 1.853360369932051199e+01 1.130183241987821496e+01 2.052343131503273455e+01 2.156669504674162852e+01 2.269290099090518353e+01 1.665622226117265114e+01 2.086477312365201087e+01 3.108663317148363348e+01 3.474763488242139431e+01 3.055989970995112159e+01 2.362244405195987440e+01 2.947475668444847230e+01
2.795163581546127318e+01 2.416201128381942453e+01 1.831214404931451156e+01 1.417873076529414611e+01 1.351463514073960503e+01 3.458444776537232812e+00 1.290313362334695846e+01 1.582426100570100047e+01 1.160957333527071178e+01 2.158169694603580169e+01 2.250076370371110102e+01 1.486786990704211853e+01 1.309615783235627084e+01 5.940506860731920469e+00 1.588978730109547399e+01 1.985941863151558451e+01 2.251372623789328031e+01 2.568813473876392095e+01 3.005560331067002267e+01 3.540274505404906336e+01 3.891532660298774715e+01 3.312157190096640136e+01 4.028815816454774534e+01 3.496305546577277568e+01 2.577184463932880476e+01 1.918962716293376758e+01 2.091727613095330085e+01 1.208231489300231409e+01 2.235197802113885146e+01 3.089996382699894184e+01 2.392789742536013975e+01 2.691377911844031345e+01 2.810910368996646369e+01 3.827502522812811492e+01 3.376830189781443892e+01 2.362244405195987440e+01 2.947475681778180601e+01
2.416205836061755718e+01 1.514022163411810595e+01 1.423011368735278381e+01 4.130435330198386268e+00 4.130435330198386268e+00 1.355756110377466861e+01 1.173706288713374413e+01 2.164653473982249565e+01 1.737793476809659410e+01 2.572034879113308747e+01 2.766690349439192431e+01 2.060711381589952396e+01 1.141390154023427428e+01 9.360092282301499367e+00 7.977038063930073974e+00 1.476020122428102610e+01 2.452674426713064193e+01 2.882121203849824553e+01 3.300680456668797547e+01 3.764044428854059277e+01 4.467967578520921279e+01 4.330210636619099063e+01 3.745865542449175223e+01 3.331758687989832879e+01 2.891492318954819751e+01 2.374421244016024701e+01 1.286234022818539913e+01 1.787219196564770485e+01 1.829241329090527657e+01 2.774741182106097881e+01 3.416916640453679577e+01 3.708639035685201435e+01 3.827502522812811492e+01 4.241730437158393130e+01 3.698271007837567481e+01 2.681788336066609446e+01 3.698266149419496429e+01
2.228632947720304713e+01 1.778167883926467141e+01 8.303509939151469510e+00 4.130435330198386268e+00 4.725784428472386445e+00 1.482116429309047057e+01 1.976918429783254183e+01 2.569333206578843942e+01 2.732414509968565852e+01 3.147574923185998585e+01 2.849627822689382128e+01 1.892155964199004359e+01 2.067855323897474662e+01 1.283290380812276332e+01 9.475170644413264398e+00 1.911055819007394874e+01 2.389667495923620777e+01 1.839715958675299845e+01 2.217194777142205808e+01 2.822891385265740638e+01 4.044582054434535223e+01 4.125937748191803678e+01 3.056382430619529345e+01 2.313180035354104902e+01 2.483619954212709402e+01 1.470754651234252819e+01 1.349131430370275275e+01 2.323919560465530765e+01 2.721661378833752565e+01 2.759256473400806087e+01 3.704741563596849829e+01 3.720019354846030524e+01 4.082886356657199656e+01 4.494430486471937769e+01 4.115869229311388722e+01 3.401227113372561917e+01 3.401227175974761252e+01
1.220314557834574565e+01 1.538515287546607269e+01 5.185731186595026188e+00 1.439225158996596043e+01 1.480402355090167354e+01 5.580677781494876477e+00 1.544481582540254827e+01 2.100832972594480808e+01 2.951718805729992923e+01 3.338394868691909068e+01 3.266250736673805477e+01 2.792854884758767398e+01 1.845539312154769718e+01 2.193718522113689318e+01 1.622547756488968673e+01 1.163950030436127392e+01 1.399380035667153166e+01 1.959374627505227195e+01 2.978746290304547983e+01 3.764044428854081303e+01 4.227246185460207784e+01 3.835316733635629305e+01 3.292067363992896389e+01 2.676042482364181652e+01 1.668756089799668985e+01 2.483643052380472938e+01 2.358604008219389669e+01 1.442517326260641397e+01 2.245893651174199945e+01 3.079854015886595064e+01 3.262487679242028094e+01 2.696947425601950954e+01 3.057017931504586272e+01 3.653232711123679621e+01 4.669968976105541003e+01 4.415391200802639560e+01 4.415414073464209110e+01
1.646099059536799558e+01 6.298206547740915262e+00 8.702997903916157796e+00 1.854245775228887183e+01 1.501419258401658219e+01 1.438467142065279880e+01 6.491161768824488476e+00 1.687611422114197879e+01 2.013796241348392968e+01 2.502348055890640666e+01 3.484448368503956317e+01 3.209518622397462195e+01 2.502738243729955414e+01 3.029374141988517621e+01 2.343144386649169419e+01 1.360494117673962400e+01 2.343128095509669961e+01 2.814998513165149419e+01 3.404397461504989764e+01 4.322095090571209397e+01 3.355602579105323002e+01 2.993215508541369374e+01 2.877376074084160251e+01 1.884678714897703955e+01 2.676042482666396793e+01 3.078922346907277330e+01 2.557863633746486087e+01 1.732988524479685921e+01 1.541038941996413492e+01 2.771336624302476181e+01 2.247552249953583114e+01 3.262487679242028094e+01 4.082886353191302220e+01 4.494430403446818900e+01 5.074770744179038928e+01 4.756864531123374462e+01 4.756863707727879387e+01
7.510455902556949503e+00 9.724789944645335638e+00 1.866278087037770206e+01 2.547908670725467317e+01 2.385293542491219299e+01 1.708102556613991752e+01 7.165589052738326359e+00 1.224537472742724198e+01 1.518332230620808332e+01 2.502348062603734746e+01 2.759430453891049950e+01 3.171967001509140971e+01 3.493258411696069743e+01 2.983930095233945323e+01 1.970759619152317654e+01 2.343144979057565180e+01 1.724639011911690289e+01 2.303954982477931424e+01 3.334621213337904067e+01 4.093961937077342839e+01 3.358260308539802708e+01 2.364722831356740329e+01 2.162455001584313052e+01 2.136246120415011518e+01 3.129744649927870981e+01 3.297972300849476568e+01 2.375863915541649618e+01 2.485812158437170538e+01 1.612068706481102609e+01 1.857401741989862387e+01 2.434368840604514972e+01 3.153281082789056455e+01 4.172575334452414353e+01 4.129344868301706839e+01 4.339511141606592304e+01 3.778083860173993713e+01 3.778083859792207022e+01
1.760737937569053457e+01 1.674107315544467056e+01 1.544161649227017641e+01 2.548668319694736084e+01 2.632173566287929845e+01 1.699907160473084033e+01 1.172363094170109221e+01 8.149374970990194811e+00 1.833806311067003847e+01 1.957606463281010889e+01 1.777400635933429740e+01 2.695036639469116579e+01 3.135118222854857351e+01 3.407128853926389667e+01 2.683320555109063932e+01 3.113411215076355987e+01 2.085889406448677619e+01 2.773946565930926766e+01 3.759869083105287757e+01 3.696746950447325730e+01 2.707095027437556922e+01 3.358260308034293473e+01 3.153754466460114969e+01 2.403646936079077534e+01 3.394583614175546415e+01 3.663801204401470102e+01 3.004635495387027433e+01 2.021581703047749201e+01 1.686023784316120455e+01 2.687277471339281831e+01 3.198692527791990514e+01 2.897433847634028936e+01 3.307926021641873149e+01 3.139729690271482809e+01 3.353743831826322008e+01 3.074395531246603852e+01 3.778083860173993713e+01
2.489034688184958455e+01 2.679932732396724404e+01 2.120889486359569176e+01 2.964416213762688201e+01 2.746468006008042551e+01 1.849540162443780034e+01 1.861467130865337083e+01 8.834049753737433619e+00 1.867422598605785211e+01 9.757029938236193800e+00 1.302840297641535372e+01 1.743312639457292335e+01 2.435326620965036781e+01 3.418433269087303472e+01 3.709666546963215694e+01 3.536810999484264073e+01 2.646321998546672916e+01 3.536828207151867076e+01 4.278835641597769524e+01 3.924214733820714684e+01 2.976749387500733590e+01 3.926199643955778384e+01 3.679009201421782649e+01 2.693730065058560896e+01 3.679009201520192107e+01 3.575781304556036133e+01 2.598168759806739914e+01 3.012062507123922472e+01 2.395764498852233970e+01 1.791994301582334259e+01 2.791483817932709499e+01 1.898473605742265491e+01 2.897434110418756248e+01 2.430636435633800119e+01 2.643939224382685538e+01 3.642468392188944648e+01 4.064762081400746041e+01
2.168944250729541068e+01 3.261808463920968393e+01 3.133064261709007070e+01 3.546452646391566788e+01 3.112792565007849177e+01 2.746556762603412238e+01 2.271690272457289339e+01 1.867395813753471501e+01 9.757029938236193800e+00 1.956849356455876432e+01 2.284959272782476347e+01 2.695036639469116579e+01 3.135118222854857351e+01 3.683561605357239443e+01 4.088910904617033992e+01 4.073653994413555068e+01 3.701625311347885372e+01 4.129375638956059191e+01 4.416631303274213849e+01 3.449926395022055914e+01 3.969022591887767248e+01 4.354343801486982812e+01 4.003529704570628667e+01 3.029968195419323251e+01 4.003529704570628667e+01 3.970365194706153034e+01 3.169833288600889887e+01 3.796881792218597695e+01 3.200048496919155383e+01 2.791476600721688683e+01 1.898473605742265491e+01 2.897035515798192407e+01 2.148625394553702250e+01 3.147037008049406737e+01 3.642468392188944648e+01 3.225133080488357962e+01 3.925996050716239694e+01
3.261808464052992207e+01 3.673249803290877935e+01 3.706321364814422026e+01 3.396844503992032571e+01 3.195719813595569292e+01 2.519362457250235465e+01 1.956858008432671880e+01 9.757029938236193800e+00 1.055665160987316931e+01 2.037022032333382171e+01 2.556325900082812197e+01 2.961973024030316992e+01 3.370385585500239500e+01 2.706572009013286717e+01 3.524573413165429514e+01 3.171733713927604725e+01 3.793469839458593640e+01 4.229876364655297039e+01 4.807937698586675168e+01 4.139138173192215930e+01 4.139138173192215930e+01 5.087638572871226472e+01 4.388649529236432301e+01 3.527877031468953106e+01 4.388649529236432301e+01 4.522650514482304374e+01 4.130681063631639205e+01 3.504805509637498062e+01 2.897044483374212831e+01 1.898473605742265491e+01 2.897034967121521731e+01 3.305314227765040869e+01 3.147037007658381214e+01 2.856092388443772379e+01 3.849439454551664852e+01 4.212559029868243243e+01 4.212559029868243243e+01
4.003553303188886048e+01 3.706330811357943844e+01 2.729126831630447825e+01 2.420253865205012289e+01 2.419576665894388867e+01 1.833849795979368835e+01 1.138387090699586324e+01 1.956858008431300533e+01 2.037022035524546126e+01 1.169233376778437794e+01 2.151698658866541081e+01 1.982768924733184690e+01 2.961503062777884310e+01 2.145339877555467112e+01 2.927835682761788050e+01 2.424625129777577826e+01 2.849830000291121124e+01 3.538283489788017278e+01 4.515923396982383764e+01 5.087638572844390694e+01 5.087638572871226472e+01 5.476737223981135116e+01 4.859421640477648907e+01 4.479182377672301385e+01 4.859421640477648907e+01 4.412863131370858838e+01 3.713219741816239150e+01 3.096456362461932699e+01 2.096878409472051885e+01 2.884782184271601224e+01 2.052410415520155951e+01 3.049298044631604299e+01 3.611487798063146215e+01 3.849439454548704020e+01 4.257648855234045726e+01 4.551549865150887086e+01 4.551549865150887086e+01
3.764694987992514541e+01 3.200570331990886075e+01 2.795746749012889154e+01 1.932075817973290199e+01 1.440022058654672499e+01 1.309658912621143045e+01 2.117998489943119722e+01 2.525644493744974284e+01 2.556309311675043361e+01 1.865308670574530581e+01 1.286711305712911724e+01 2.268733848637426931e+01 2.388427974753142635e+01 1.711582331443102589e+01 1.959459717513015775e+01 2.515704692236354489e+01 3.490817085511081075e+01 4.229876351605106066e+01 4.624184723487993409e+01 4.216463710536980614e+01 4.624184723488252757e+01 5.192831516187668939e+01 5.203941950956292573e+01 4.802056581410183611e+01 4.741620056917905401e+01 3.895495266683513336e+01 3.013576352261616620e+01 2.302308173143626036e+01 3.096456362461932699e+01 3.446741914151256481e+01 3.049298044635037641e+01 2.209047139686054706e+01 3.205120049559436524e+01 3.611487881848628945e+01 4.263741195006834062e+01 3.575079760183166400e+01 3.575079760183166400e+01
