output/example_1/elevation_000085.asc
nrows	75
cellsize	13.33333333
xllcorner	0
ncols	75
yllcorner	0
NODATA_value	-9999
[rows 34 to 50 of 75, columns 37 to 73 of 75]
3.907316522855121832e+01 4.324672724587400552e+01 3.940755835723440725e+01 3.006078802466755562e+01 3.636602561275202561e+01 3.083076642693514557e+01 2.105458074191074758e+01 1.589384091132950338e+01 1.374001643615328128e+01 1.854167550799812147e+01 8.366629613492056805e+00 7.695055953953476191e+00 1.691237111074641675e+01 1.309851192623851546e+01 1.358509525072169488e+01 6.517573238442329497e+00 6.517573238442329497e+00 1.265526224483235040e+01 1.908721489254688208e+01 1.339564385567054039e+01 2.305184887612970357e+01 2.559295010694953731e+01 1.830871741206289371e+01 2.552866014517789495e+01 2.248809275037223188e+01 1.369996037412057710e+01 1.460795187820018981e+01 1.552830562528185077e+01 1.649704534514276233e+01 2.673353907675620889e+01 3.133416408366829842e+01 3.605317547695979385e+01 3.454711014719979545e+01 3.220705333255899916e+01 3.865012034313180322e+01 3.325739269348549243e+01 3.920299037811079756e+01
3.790418282947518946e+01 4.235813528649425308e+01 4.586067126867667554e+01 4.149649291934953510e+01 4.301301050072623866e+01 3.509398672547286679e+01 2.935640871274149077e+01 2.070377546464174401e+01 2.589824775374198396e+01 2.236093032140131243e+01 1.227389088455225163e+01 1.683080987738739154e+01 6.686901645949142825e+00 1.305232852257620202e+01 1.627113122961253566e+01 6.517573238442329497e+00 6.517573238442329497e+00 1.416447599802668833e+01 2.340766727394887781e+01 1.879117815593545870e+01 1.879124438268242159e+01 2.890987371430376385e+01 2.884015959275404839e+01 2.667056515422087415e+01 1.659003933814987874e+01 2.369503092450301907e+01 2.466836461253897284e+01 1.570030735288235491e+01 2.670894569895466475e+01 1.823303643884494107e+01 2.853026496399303014e+01 3.206434158177767557e+01 2.431039310824220934e+01 2.628974455726070758e+01 2.842102144693035370e+01 3.434843703728659392e+01 4.159471555544228494e+01
2.666632338788146583e+01 3.706373376059556080e+01 4.204038056596846218e+01 3.787539707229077379e+01 3.273417104614979678e+01 3.992188543395172218e+01 3.498439086971256273e+01 3.066899705637062468e+01 2.949226257640064119e+01 1.942365385544155032e+01 2.231961678792062642e+01 1.655783418520321604e+01 1.415157466485893423e+01 5.640424364916268196e+00 5.975964331492851223e+00 1.645943306795991745e+01 1.340199059355213151e+01 1.459242431437065868e+01 2.606059477989033724e+01 2.593219861624093525e+01 2.459964164964339162e+01 3.308451744218179869e+01 3.504743499700184373e+01 2.488204503411445501e+01 1.896078595357218077e+01 2.923199856884983561e+01 3.343466029300277853e+01 2.367323291114410111e+01 3.260527556692062490e+01 2.853026496417140478e+01 2.010274694504500914e+01 2.179567831285688229e+01 3.206434158183614613e+01 3.075006795921025571e+01 3.862218128305948284e+01 3.355224358876011337e+01 4.081055547720311694e+01
2.065493825689869567e+01 3.267770851847148350e+01 3.787571411690557710e+01 2.737854019460674593e+01 2.516013610871178230e+01 3.223690715563597564e+01 3.646670638899925621e+01 3.580804370919972968e+01 3.365126462162407250e+01 2.949745423230521268e+01 2.998484640024933867e+01 2.150980850810157463e+01 1.338516180449233239e+01 1.187465406586879624e+01 5.640424364916268196e+00 1.731926202074484777e+01 2.299851343234371370e+01 2.604739702483460562e+01 3.053817252797360382e+01 3.603701067845980077e+01 3.480912867288986234e+01 3.901238811181852384e+01 3.918021193783294365e+01 2.923422901548401853e+01 2.492785807963945288e+01 2.359150178241968376e+01 3.379633360882842652e+01 2.981929730130174150e+01 3.673604335518101749e+01 3.040861676358125365e+01 2.010274694504500914e+01 3.037763880648594039e+01 3.621548190804057299e+01 4.062643337694824197e+01 3.884246151765708532e+01 4.375011086058251664e+01 4.081055547720311694e+01
3.126234847466747269e+01 3.706373376059549685e+01 3.787444153251492907e+01 2.737852685618295823e+01 1.983932345662991636e+01 2.164182311304669781e+01 2.722590021061095911e+01 2.529710747315144204e+01 3.580804370919972968e+01 3.315245326550841298e+01 2.280775257135345413e+01 2.054004652723402913e+01 1.320193102767592919e+01 5.292004893500966922e+00 1.485291793122639348e+01 1.685233343725342792e+01 2.764196203282860509e+01 3.408320888958971295e+01 2.989981004756011984e+01 3.339182520854331671e+01 3.338960460896660720e+01 4.352698053410306045e+01 4.352339709133194390e+01 3.924576637621495223e+01 3.511156381860231335e+01 2.723086374388099529e+01 3.738852988627374430e+01 3.718943127620677558e+01 3.723696896917422094e+01 2.668873320058701992e+01 3.041583336638132096e+01 2.417091003996647203e+01 3.010830567336526897e+01 4.035931353819284340e+01 4.856419786627992607e+01 5.266557533616727227e+01 5.084682533448390984e+01
2.894883868220678025e+01 3.301723723933847765e+01 3.413747267899240967e+01 3.470546306923264268e+01 2.611982925183443527e+01 1.590374797646600591e+01 1.691729761937692089e+01 2.568247895888839949e+01 2.996576861119509871e+01 3.015763259578817213e+01 1.976333259277557985e+01 1.175031130112283506e+01 7.710992038472433308e+00 5.008629997393869715e+00 7.601322095610121288e+00 1.609331591991121613e+01 2.699316031016478235e+01 2.572480281845721706e+01 2.010792320747671269e+01 2.351410768091974646e+01 3.042868994393833049e+01 4.054546763771848106e+01 4.245041876008250625e+01 4.673597800798986412e+01 4.152377756518740171e+01 3.235105195152971902e+01 4.152377756518740171e+01 4.774042711763981828e+01 4.187765712906560367e+01 3.435943357825895106e+01 3.828335463534332206e+01 2.805851501706663598e+01 3.456131827480182039e+01 4.458561268643802578e+01 5.257096732020899310e+01 4.824610276998652125e+01 4.963733385036823620e+01
2.444820110239256650e+01 2.268951215921251219e+01 2.382164830260683885e+01 3.413747267899324811e+01 2.970505176296360617e+01 1.953642908781837662e+01 1.306839651986006778e+01 1.570355753288339251e+01 2.414271040652647216e+01 3.131212305516422134e+01 2.707093483047549043e+01 1.875090840514966217e+01 1.013638415465512033e+01 4.749101825161885060e+00 1.013481091983081939e+01 1.932823282625295036e+01 2.202927367060905439e+01 1.594682647125151043e+01 2.572480281845721706e+01 3.339182552668325599e+01 3.760315079027476770e+01 4.077407501875043749e+01 3.213236417212545604e+01 4.077407713581062154e+01 4.653988876980894673e+01 4.243068599221644632e+01 4.656028118548809402e+01 4.724649296035295976e+01 4.622499623092336662e+01 4.606706502326773034e+01 4.254779428100192007e+01 3.397692829687434113e+01 4.254779428070070679e+01 4.960155561650069700e+01 4.629235526804887257e+01 3.719157149952954455e+01 3.864384900201068973e+01
2.019534397323283414e+01 1.545632240690141401e+01 2.268951655667491352e+01 3.301784451044743207e+01 3.232000413376028547e+01 2.635511080341591494e+01 1.992114598736798214e+01 1.089092182805923592e+01 1.697180481532678797e+01 2.600310713219054293e+01 2.432999268698605633e+01 1.820737978004886060e+01 1.388210437439534317e+01 4.580940368254396766e+00 6.281398068813267344e+00 1.663137373433146848e+01 1.216368756848649291e+01 1.707362598478636784e+01 2.346360832936212049e+01 3.260974484624267689e+01 3.565853760796041172e+01 3.139494719613655249e+01 2.629552339582960840e+01 3.346677386821398414e+01 4.379160899027859699e+01 4.434726265713231186e+01 4.421874482715728760e+01 3.694437775440288618e+01 3.631737167126699717e+01 4.320706378357161981e+01 4.747385724331124379e+01 4.422622898036580352e+01 4.849857372999864680e+01 4.905622888469338960e+01 4.186002757381504580e+01 3.079340878930183223e+01 3.835997424406471623e+01
1.045512007163336854e+01 1.910879277760476569e+01 2.122810375845834230e+01 2.606368905036665495e+01 2.807924911653085331e+01 1.767653723385375031e+01 1.251602512652641508e+01 9.417240322247735662e+00 1.638072525684405534e+01 1.577886433798264854e+01 1.770083329998531951e+01 1.024965484168479968e+01 4.193335771835253745e+00 1.341699136148233862e+01 1.507530915712443509e+01 9.006296781728714507e+00 1.900922618679501497e+01 2.615174879762177085e+01 3.072216767304233542e+01 3.420017641445981837e+01 3.090630002817573185e+01 2.114231257149158694e+01 3.139494719613655249e+01 3.794649669490059551e+01 4.434726265713226923e+01 3.416948734524810050e+01 3.603714391352820456e+01 2.999970911282304442e+01 2.949042376966375301e+01 3.307200554435609519e+01 4.018191492820140809e+01 5.051041917832343131e+01 4.965410912248412245e+01 4.389370325722831723e+01 3.501753798521940553e+01 2.747282496319666123e+01 3.513246736574277662e+01
1.511236766387164998e+01 9.886490232960474245e+00 1.015259130965007728e+01 1.847426653373572947e+01 2.569969702959138402e+01 2.640568440996083410e+01 2.197776445270194046e+01 1.638076752599478425e+01 7.334973614588093049e+00 1.519964619466421318e+01 6.471996890831533733e+00 3.708394780926048462e+00 9.461417082694236314e+00 1.539650301060206772e+01 2.143531859994002531e+01 1.900671361590105590e+01 1.641697215245855546e+01 2.730142246190422384e+01 3.049131687453422046e+01 2.254125183850329961e+01 1.665340649125397832e+01 1.919465256989384372e+01 2.364547502613697816e+01 3.367424662785510492e+01 3.888584958038168793e+01 3.588260541856704577e+01 2.636980147445668621e+01 2.541999364978631348e+01 3.498092820668791347e+01 4.320706378357221666e+01 4.747385724357885550e+01 5.299552775497642187e+01 4.203005528225532572e+01 3.412283815311362645e+01 2.874023981765300562e+01 2.503795051975330566e+01 3.247550367521505876e+01
4.895202581572784872e+00 4.289389654557706599e+00 4.289389654557706599e+00 8.220355613343894419e+00 1.970799640141808595e+01 2.496672156093185890e+01 2.347815821289986715e+01 1.631571259669995300e+01 1.011256626971247918e+01 5.074781979250442276e+00 3.609519677897049750e+00 3.609519677897049750e+00 3.609519677897049750e+00 1.229156196258783851e+01 1.978497419344801500e+01 2.509801257389172591e+01 2.700769432967177863e+01 3.034682093429236716e+01 2.484460507948612928e+01 1.545843406245320928e+01 1.641942560178219424e+01 2.252651676582199158e+01 3.243161678048702612e+01 3.794649548481929457e+01 2.908602991735603638e+01 2.908602992393991471e+01 2.239799523138898252e+01 3.171382733843756796e+01 3.920287430730452627e+01 4.678316022027760823e+01 4.239020642635045988e+01 4.379415547459060321e+01 3.937909688128858221e+01 3.499108844708794663e+01 3.056542530998001439e+01 2.261486494097000843e+01 3.010620272470611880e+01
4.289389654557706599e+00 4.289389654557706599e+00 1.343996833330197660e+01 1.730217470724657147e+01 2.096217077839092369e+01 1.818862963048951187e+01 1.864994218137477944e+01 4.583294419199656744e+00 1.206197253998927899e+01 9.526732292611635344e+00 3.609519677897049750e+00 1.344198488535046287e+01 3.609519677897049750e+00 1.375643908889302125e+01 1.088762272508879470e+01 2.065268729366472655e+01 2.526255156920527867e+01 2.952031670366677929e+01 2.329277013012368869e+01 1.340365635720826987e+01 1.930941698526400430e+01 2.318354698023861005e+01 3.195859853221525526e+01 3.626867288570183945e+01 2.908593435308907260e+01 1.990738616258514782e+01 2.433650369788107781e+01 2.963515889925180957e+01 3.957339755330744424e+01 4.056769151179783250e+01 3.155843331511871597e+01 3.761542490274044326e+01 2.865941849808492847e+01 3.056542530991403339e+01 2.056934901402673788e+01 1.924894836150199140e+01 3.310123440546097839e+01
4.289389654557706599e+00 1.343978413052951026e+01 3.456008047722634480e+00 1.251327067809228133e+01 1.594722539380701498e+01 1.272197557688858893e+01 1.494462019927599350e+01 4.571966319675046186e+00 3.069557416137851380e+00 3.291133064750653592e+00 9.323314575094769907e+00 1.396727256795257688e+01 3.818717093688379194e+00 7.413841864649760360e+00 1.573365067581293175e+01 2.142818623992325655e+01 1.863223359576943849e+01 2.276977912030747575e+01 1.908893636932946336e+01 1.164148296269855720e+01 2.018725313589804315e+01 3.034858376974080940e+01 3.576068180604745805e+01 2.948291950908577164e+01 2.269326521297983490e+01 1.838468810285148436e+01 2.472101845409958543e+01 3.426259146404027689e+01 4.384953969337678359e+01 3.613647930479906734e+01 2.557487558546407769e+01 3.003873455436749396e+01 2.284816020492159083e+01 2.664927847098067915e+01 1.882056464462323575e+01 1.882056464462323575e+01 2.357653828395226014e+01
1.696848428612420534e+01 1.621449916316306172e+01 1.243043890174041266e+01 2.560630439868356589e+00 1.243908735738589222e+01 1.209316574375600695e+01 4.556099448853473177e+00 2.809021240751771398e+00 9.199304373792710265e+00 3.069557416137851380e+00 1.100559739341242427e+01 1.838335417141659178e+01 3.818717093688379194e+00 4.293433882195767382e+00 1.235028112909764353e+01 1.662299126360314361e+01 1.451991338661030717e+01 1.825013125007233583e+01 9.237264758489361682e+00 1.908893636932933902e+01 2.545849308154526014e+01 3.295564393333017250e+01 2.884769947531078671e+01 2.545109374281155823e+01 1.638066539717470604e+01 2.544910887761214369e+01 2.751448525013217505e+01 3.720890109026471748e+01 3.702610506988991546e+01 3.263627976626667504e+01 3.003873455437976148e+01 1.993373070788380019e+01 2.527518996726415779e+01 1.683184200434635258e+01 2.664927847098432423e+01 2.880046550117830861e+01 3.320095912752373124e+01
3.208386337171824199e+00 9.906971546175073584e+00 3.518151045731185089e+00 2.560630439868356589e+00 2.560630439868356589e+00 2.560630439868356589e+00 2.560630439868356589e+00 2.560630439868356589e+00 1.334417921025943521e+01 1.617679581304343017e+01 2.107589703945558313e+01 2.642057203906476559e+01 1.964336477189699792e+01 1.468001721704319351e+01 4.852266089584283293e+00 9.089079167044692653e+00 1.502867039654936043e+01 1.556166803095947060e+01 7.569525668478953584e+00 1.471048728294278263e+01 2.442494600987581421e+01 2.884743494447196710e+01 1.958761088953525942e+01 2.229941464516767624e+01 1.508168695131615422e+01 2.136336422493517517e+01 3.071400962650190891e+01 3.441907078461825620e+01 3.002249624189117228e+01 2.238289464917933458e+01 2.426509823851938563e+01 2.527518992448212387e+01 1.553171695337155178e+01 1.553171695337155178e+01 2.527519020444941944e+01 3.180987693498757451e+01 3.203369203333003412e+01
2.300834588326899244e+00 2.300834588326899244e+00 2.300834588326899244e+00 1.150206138314923265e+01 1.242381306227086668e+01 2.560630439868356589e+00 1.243869019059217074e+01 1.347465318642939280e+01 8.081702620496455935e+00 1.468416941046483615e+01 2.484776088074989886e+01 2.316470293195145302e+01 1.361665482158017149e+01 7.926890298011143976e+00 1.511139839464396850e+01 5.324355031522795656e+00 5.324355031522795656e+00 5.324355031522795656e+00 1.559129493888837104e+01 1.755084126707408387e+01 2.727969155715900129e+01 2.458825527615198325e+01 2.065131003159305934e+01 1.334866044011005037e+01 1.958751022687830456e+01 2.410142196313710983e+01 3.361179403587690473e+01 3.002298085866836175e+01 1.992325639586904984e+01 2.288036155509672653e+01 1.456950716756307251e+01 1.553171695337155178e+01 2.527518992448215229e+01 1.553171695337155178e+01 1.755285164699977685e+01 2.155443828339649670e+01 2.886787385401565587e+01
9.815568216306544969e+00 2.300834588326899244e+00 4.593475261705452617e+00 1.488439218932985852e+01 1.663434864542935898e+01 1.246138280551768318e+01 6.326063813823434856e+00 1.642309498679915691e+01 1.468393732646250704e+01 2.317945462823431768e+01 2.910711822054292597e+01 2.728504909346639806e+01 2.022429354888540942e+01 1.032662107864463685e+01 1.995558173646439570e+01 1.655877371310670654e+01 5.324355031522795656e+00 5.718133139576944579e+00 1.540890113852380239e+01 1.923715057691461183e+01 2.130693249353826602e+01 1.908155733802354348e+01 1.170050420196828966e+01 1.631955002664916421e+01 2.472237676070445644e+01 3.292315385520046078e+01 3.232219938189468422e+01 2.598645233347554750e+01 2.172479224746238913e+01 1.324052607852021879e+01 2.288036155398866001e+01 2.527508563737675118e+01 2.960878359947401250e+01 2.226609401124613186e+01 2.304712744517205181e+01 2.154584208830288006e+01 3.183975071958758463e+01
