output/example_1/elevation_000357.asc
nrows	75
cellsize	13.33333333
xllcorner	0
ncols	75
yllcorner	0
NODATA_value	-9999
[rows 0 to 16 of 75, columns 0 to 36 of 75]
1.369999999999999864e-02 4.096182904638636657e+00 9.096182904638652644e+00 1.616725071650417433e+01 2.616725071650424184e+01 3.186568230361072196e+01 3.293929417106956237e+01 3.703107610966668517e+01 3.454502547056775086e+01 3.476038293704339566e+01 3.060991569705379334e+01 3.476038293704339566e+01 4.141029605443128503e+01 4.339630703702629688e+01 3.926456658501628283e+01 4.338059675753891753e+01 4.467482683906232666e+01 4.880567846252215247e+01 4.534582078199455424e+01 4.126111584455178871e+01 4.031117373895677503e+01 3.628261316978600348e+01 4.031128190851271853e+01 3.923282694468657894e+01 4.179535530107482799e+01 4.160359123907640111e+01 4.160359123907640111e+01 4.561461150253914809e+01 4.970510761670011135e+01 4.552660271497792621e+01 4.552660271497792621e+01 4.458795692852740444e+01 4.458795692852740444e+01 4.876487931241861418e+01 5.303756479140623981e+01 4.906867679480690470e+01 4.852797005564001864e+01
1.279999999999999888e-02 1.001279999999996306e+01 1.823831852836948642e+01 2.323831852836969958e+01 2.676224190036189654e+01 2.231801956222238914e+01 2.335587506172569050e+01 3.160606631432710145e+01 2.451969494245026482e+01 2.974991982603531326e+01 2.058865316632794418e+01 2.974978248249421497e+01 3.138594247134001947e+01 3.837138378694420027e+01 2.923273911606155195e+01 3.759144950024010967e+01 3.466051144099061787e+01 4.467501147300893649e+01 4.126111584455178871e+01 3.177560002711043552e+01 3.455383535919531113e+01 2.695709821675511719e+01 3.544916784676227905e+01 3.150669037005107853e+01 3.376639140335580436e+01 3.258672883672766574e+01 3.258672883672766574e+01 4.160359123907640111e+01 4.552660271497792621e+01 3.548523764099502387e+01 3.548523764099502387e+01 3.454759764786675902e+01 3.454759764786675902e+01 4.458795692852740444e+01 4.771698833448262178e+01 4.000486733447816334e+01 3.937993943631070692e+01
1.299999999999999940e-02 7.084067812082624371e+00 1.708406855512520650e+01 2.416616883628818613e+01 1.753310863717341306e+01 1.598817738558459034e+01 2.511446523469288294e+01 2.745604627049918989e+01 1.746163905887621937e+01 2.113502814011096476e+01 1.561691453313600420e+01 2.136314338323073869e+01 2.833025099781586675e+01 3.057812602236306176e+01 2.420197834096708078e+01 2.755723301864723851e+01 3.466118316013106693e+01 4.470388801235982612e+01 4.126111584455178871e+01 3.177560002711043552e+01 2.527579756414910150e+01 2.229427584943304552e+01 3.153378152545018054e+01 2.633958049750119201e+01 3.112640200636975507e+01 2.652745894311188124e+01 3.258672883672766574e+01 4.160359123907640111e+01 4.552660271497792621e+01 3.548523764099502387e+01 2.836484353721014173e+01 2.742106971935550774e+01 3.368327620899577823e+01 4.373872738838255714e+01 4.374829347259728252e+01 3.485489789326317833e+01 3.281023006454574187e+01
1.369999999999999864e-02 7.084767825567816146e+00 1.708477866945562695e+01 2.023598222990516859e+01 1.130870528364282457e+01 1.764330202030870964e+01 2.147264305429829534e+01 1.784184509307265998e+01 1.918380471030716805e+01 1.118570196016503004e+01 2.113500255524674998e+01 2.525282918193002857e+01 1.812361894224500958e+01 2.051821398049263223e+01 3.058017439765821877e+01 3.759540234750823373e+01 4.014577821537622526e+01 4.420770432319095988e+01 4.413097781811283227e+01 3.455384328698675489e+01 2.886879985714483610e+01 2.229427584943304552e+01 2.848001747045221066e+01 2.252835330831057448e+01 2.228680992560129681e+01 2.743117189089315744e+01 3.351305300747220883e+01 4.259926942404624128e+01 4.287727826404912435e+01 3.784831844002642498e+01 3.368307990816897757e+01 2.354306960880853694e+01 3.073830823847177385e+01 4.079305782418921922e+01 4.037402274912287936e+01 3.069878422601056656e+01 2.937007078001989768e+01
1.290000000000000001e-02 1.001289999999996283e+01 1.193307564427002632e+01 1.289204766146301395e+01 1.200091910271770068e+01 7.510063900137538440e+00 1.610467779416500989e+01 7.883981980349552110e+00 9.231313377626195305e+00 1.918380471030704015e+01 1.118570196016503004e+01 1.420997461621441182e+01 2.229055502747839768e+01 3.058017439765748691e+01 3.473151843537436889e+01 3.854617360125603653e+01 3.033984289135952395e+01 3.854617360125603653e+01 4.284651128807653464e+01 4.231135296212905672e+01 3.326748135160182329e+01 2.400037040513521802e+01 1.919838160285368289e+01 1.861360183770207755e+01 2.796000265030334475e+01 3.345173359382123124e+01 3.740376560876915590e+01 4.284762940261248332e+01 3.871292792747655653e+01 2.865323188886137373e+01 2.354306960880853694e+01 3.102018274502921713e+01 3.519189482712246075e+01 4.101339431823154769e+01 4.372525853295450560e+01 3.553312067561527954e+01 2.602364670085556853e+01
1.299999999999999940e-02 9.708262852211502203e-01 1.933076733870525921e+00 2.913657408453742992e+00 3.918695189629956221e+00 5.029805408744731032e+00 6.169402106175342126e+00 1.613717991071186120e+01 7.883981980349552110e+00 1.804647135772315991e+01 2.326567474850813610e+01 1.935258833382396304e+01 2.942249088305802474e+01 3.655442673585863389e+01 4.000598101840181187e+01 3.448431881639899643e+01 2.457521713555737364e+01 2.893081176880978944e+01 3.878468076992430724e+01 4.275188283930665989e+01 3.326748133653732253e+01 3.255915125870620130e+01 2.604507388362439713e+01 1.644758792728172381e+01 2.604295794190860747e+01 2.416104509918936216e+01 2.951294144344798909e+01 3.883251553853287419e+01 4.287727826384421093e+01 3.784831843952871822e+01 3.102018274502921713e+01 2.078733759746184973e+01 2.675368181987719751e+01 3.684833124030863871e+01 4.130577985744242397e+01 3.369027734621136005e+01 2.385542504519399998e+01
1.299999999999999940e-02 1.001299999999996260e+01 9.003285351484210608e+00 8.648605232707064161e+00 1.374520837114561722e+01 1.071696784177007622e+01 1.590771606532314841e+01 1.247110440047736191e+01 1.804647135772309596e+01 1.286756686277569273e+01 2.322537489021811297e+01 2.977737091799639302e+01 2.793165289259359341e+01 3.798987434009612940e+01 3.594011380974792758e+01 2.601185763132284379e+01 2.067476271045161695e+01 3.073903042160459265e+01 3.765453374396948050e+01 3.813754884063020256e+01 3.353144714906494528e+01 2.964512737648323437e+01 2.473472635878624715e+01 1.502823902636863984e+01 1.860242628127570086e+01 2.808882407036660922e+01 3.505656842642548554e+01 3.899623543102871537e+01 4.362641623620937281e+01 3.356259021386456709e+01 2.931441210087107052e+01 1.901328739234840981e+01 2.635044984031973669e+01 3.647106225134652391e+01 3.732981902779653893e+01 2.765060094186427619e+01 2.172389192506414801e+01
1.290000000000000001e-02 1.001289999998260249e+01 1.891523098857680552e+01 1.846550281530385007e+01 2.210953832804046826e+01 2.030097062073761904e+01 2.397246117298464441e+01 1.951535177801059717e+01 2.244591658552272406e+01 2.006677874083036883e+01 2.006677874083037239e+01 3.085090055212943838e+01 3.798987434009612940e+01 3.820085564559121849e+01 3.416090861360206077e+01 2.783372313172057488e+01 1.762160398438211573e+01 2.360413344266787661e+01 3.358821463869778512e+01 3.418069780445109274e+01 2.510956473024245383e+01 2.045346097905668259e+01 2.293657314647532885e+01 1.373978053946899891e+01 2.351389225087104862e+01 2.849741877288974479e+01 2.578302772939723653e+01 3.505656842644541626e+01 3.553719345639986216e+01 3.135336625753762974e+01 2.338323266218259988e+01 1.734265627061792259e+01 2.470981047388278640e+01 3.487086000971314093e+01 3.818024575522470343e+01 3.009462989102216568e+01 1.993557820987027185e+01
1.349999999999999985e-02 1.001349999999996321e+01 1.423095130412681009e+01 1.673095130412677278e+01 1.940356372325100764e+01 2.293909762918373474e+01 2.702158053382224168e+01 2.952092586164263821e+01 3.245568163699365982e+01 3.085090055212943838e+01 3.085090055212943838e+01 3.541754548139657288e+01 4.175394588619619185e+01 3.416097383989858827e+01 2.403991138461672961e+01 2.552145604309406224e+01 1.495547140081786175e+01 2.552175638554757597e+01 3.334180746414436669e+01 3.813754883732377010e+01 3.353146088387747881e+01 2.546389344571441171e+01 1.553916241404838239e+01 1.249050946558820030e+01 1.568915708362860251e+01 1.903574468376070428e+01 2.578302772939721166e+01 3.505656842508481930e+01 3.135351742275410203e+01 2.111843404957715720e+01 2.411606012073267635e+01 1.583503492191430340e+01 2.184060903240018092e+01 3.206247733901096808e+01 3.419290567432909000e+01 2.431231237047651206e+01 1.815189296534186880e+01
1.379999999999999977e-02 2.098944140570746075e+00 4.230951304126847390e+00 6.730951304126843837e+00 9.403563723251078699e+00 1.293909762918380402e+01 1.702158053382240865e+01 2.409264834568783442e+01 3.409264834568728730e+01 3.615219020270961892e+01 3.200114082633429291e+01 3.615219020270961892e+01 3.772807462965560887e+01 2.788769712003716705e+01 2.187524672056163766e+01 1.637280172622235597e+01 1.251572823536087675e+01 1.897687264197213963e+01 2.924934631470458868e+01 3.232797154815688856e+01 3.135407701503660149e+01 2.915974638714886780e+01 2.110055503945194033e+01 1.136633122350847458e+01 1.842085041520484978e+01 2.776941814713175916e+01 3.238963131917030580e+01 3.376138182491556705e+01 2.644841923743080159e+01 2.223556897778194852e+01 1.390237886362947606e+01 2.411606012073267635e+01 3.036013880825577260e+01 3.623774492290526439e+01 3.397387342003029431e+01 2.403704996432884755e+01 1.622940397677080782e+01
1.290000000000000001e-02 1.001289999999996283e+01 1.423095130412681009e+01 1.239591711340407620e+01 1.940356372325100764e+01 1.756852953252828087e+01 2.702158053382224168e+01 3.116371615673989837e+01 3.294305580725647786e+01 3.111265141084818708e+01 2.189822198759810945e+01 3.111265141084818708e+01 3.577130332261148027e+01 3.393673227924924873e+01 2.438193512741268165e+01 1.748227565493592550e+01 1.251572823536087675e+01 2.326328803036912873e+01 3.038643680846907813e+01 2.359661198338311650e+01 2.341294863019548345e+01 2.696507980502642354e+01 2.006427410141550283e+01 1.018112315345614860e+01 1.741434375781143729e+01 2.725160280762640852e+01 3.195026367246419241e+01 2.784208231684901591e+01 1.924090760114172483e+01 1.217078889418622190e+01 2.223556897773925201e+01 2.832620739796028531e+01 3.461868486300473791e+01 3.758492461726056177e+01 3.391861921950535219e+01 2.541630095746315376e+01 1.400608395593975075e+01
1.359999999999999924e-02 7.084667811865485554e+00 1.708466781186555394e+01 2.239591711340400693e+01 2.653805273699061473e+01 2.756852953252809257e+01 3.171066515576626443e+01 2.998492851313339713e+01 2.288147813572824418e+01 2.694968140696620296e+01 1.695569823367064544e+01 2.157214097129241281e+01 3.162172919447813157e+01 3.686140170738179478e+01 2.718024458301120916e+01 2.160606633730706605e+01 1.085816934090215824e+01 1.934065455149536916e+01 2.159194044416693714e+01 1.530259302229607599e+01 1.670714114189984656e+01 1.626160761503330221e+01 1.911517982671390925e+01 9.043316350593855191e+00 1.794795233354064123e+01 2.258806047904617387e+01 2.425253079792176791e+01 1.878433151208437835e+01 2.007685304400466109e+01 1.095121642057664246e+01 2.089328815137991313e+01 2.856561326649570631e+01 2.423070071023442296e+01 2.727298716771403164e+01 2.988058512980665071e+01 1.940769703695709580e+01 1.198965877249053769e+01
1.349999999999999985e-02 1.001349999999996321e+01 1.688205729012640433e+01 2.102448190301668873e+01 2.679986918352376790e+01 2.961151666006163907e+01 2.649823212296641017e+01 2.582844600628371623e+01 1.590921887957354386e+01 1.955497593649736032e+01 1.357185571927982970e+01 2.341627477051543238e+01 2.851331503604853168e+01 3.136692816418383956e+01 2.773845041565110847e+01 2.238024779534804765e+01 1.806145574694533451e+01 8.813684386114298164e+00 1.210100848579469002e+01 9.226549342975475909e+00 1.540886305607409490e+01 8.439407634810056180e+00 1.627084597984720915e+01 1.534022965828811103e+01 7.726075900336638824e+00 1.724625708723081274e+01 1.476336026045522054e+01 1.803012454390788832e+01 1.253041905183732041e+01 9.688333211851098525e+00 1.235071237642775266e+01 2.220140581851585182e+01 1.729201000657936405e+01 2.560585013228320150e+01 2.943251185159007477e+01 2.519096791458886031e+01 2.094477915079304964e+01
1.319999999999999993e-02 3.346533333333335580e+00 6.882067239266059566e+00 1.265556992818500959e+01 2.265565520190419946e+01 1.896845894947262323e+01 1.584955948941462722e+01 2.335642591080650021e+01 1.955497593649736032e+01 9.811041081644180650e+00 1.654854045027542497e+01 2.067265273296332495e+01 1.848447677144374879e+01 2.142183760810411997e+01 2.367787283504423357e+01 1.460580424798965993e+01 1.089352051447034953e+01 1.608335388502584351e+01 6.989249983895186702e+00 9.562666086048720260e+00 5.626342820001802636e+00 5.959524334518618183e+00 6.302372140006091250e+00 6.645663263393933207e+00 7.011853600833655165e+00 7.011853600833655165e+00 7.386611333597731033e+00 7.796331722786884910e+00 8.276557261296403567e+00 8.276557261296403567e+00 1.258314717971025765e+01 1.893399122609903529e+01 1.335457922403944941e+01 1.673161731880948722e+01 2.056649193145506160e+01 2.077341119832870575e+01 1.131202076058979600e+01
1.299999999999999940e-02 1.001299999999996260e+01 1.688205729012640433e+01 2.102448018003581964e+01 2.136473157281559665e+01 1.896838241101919920e+01 8.656753723418026070e+00 1.881498294509693636e+01 1.841322050023631007e+01 1.608121871801306924e+01 6.743526725146363532e+00 1.490385061662179922e+01 1.078616920095761955e+01 1.755502662084114718e+01 2.013209423898791428e+01 2.163681252140434097e+01 1.628609729369339121e+01 8.156159307248231016e+00 9.101282613532790222e+00 5.189905419594423641e+00 1.082428804404818834e+01 6.643420463170711443e+00 6.302372140006091250e+00 1.482331957864660765e+01 9.700738747319030963e+00 1.657856988545488974e+01 9.917535247583819213e+00 1.337058079788789478e+01 1.818841896188123641e+01 8.276557261296403567e+00 8.820398258645992584e+00 9.294388550212062228e+00 9.710613144348558379e+00 1.014220534911811100e+01 1.058936321121256086e+01 1.058936321121256086e+01 2.079192961378746318e+01
1.349999999999999985e-02 7.084567811892716449e+00 1.708456790590769359e+01 1.920437913365325855e+01 1.120232019009425706e+01 1.242718755275189579e+01 5.040981992565257030e+00 1.201357958308404150e+01 5.014562666279307024e+00 1.030846081022472305e+01 9.271766271110921664e+00 4.276063608684001593e+00 1.245586048286926051e+01 8.451949629762657068e+00 1.360555791613295362e+01 1.881324960385496681e+01 1.772107872027788034e+01 1.371846984670777303e+01 4.813486643375897600e+00 1.468973866356548363e+01 1.896693060968452826e+01 1.875655581933976279e+01 2.273940679846627333e+01 1.358335411179826124e+01 2.026898886261313137e+01 2.278027028237576701e+01 1.261467447908961503e+01 2.139971216243993268e+01 2.352395637591687816e+01 2.019910829132220798e+01 1.135164500009869037e+01 1.939105468922698705e+01 1.279716607351524083e+01 1.944263934015999240e+01 1.754012057023406967e+01 1.058936321121256086e+01 2.100395922487131983e+01
1.369999999999999864e-02 1.001369749385670715e+01 1.509141902796987011e+01 1.101411390396806311e+01 6.866901492977330435e+00 1.349421205076374308e+00 1.630415090900590336e+00 1.911680535944507486e+00 2.190597615891968886e+00 2.470544091138013876e+00 2.746903093178628907e+00 3.016078232071584875e+00 3.280754973016632992e+00 3.280754973016632992e+00 9.304971541389441825e+00 1.300169060962275758e+01 1.316840014772317424e+01 4.430030411922890821e+00 1.364218348675177062e+01 1.175128569245107002e+01 2.175742569796324588e+01 2.898395440102487086e+01 2.703821783753082286e+01 1.883795275781159617e+01 1.866883143463423878e+01 2.771331526392967959e+01 2.388145747129722452e+01 1.804855350291582639e+01 2.860037525741819664e+01 2.477753838560630584e+01 1.397920715006974923e+01 2.476290486207976826e+01 2.575419913851967380e+01 2.315149580278967179e+01 2.447140360315376739e+01 2.100402299105639869e+01 1.187140741102057362e+01
