output/example_1/elevation_000291.asc
nrows	75
cellsize	13.33333333
xllcorner	0
ncols	75
yllcorner	0
NODATA_value	-9999
[rows 51 to 67 of 75, columns 0 to 36 of 75]
1.369999999999999864e-02 3.028813445777633451e+00 8.028813445777615243e+00 1.509988125764311384e+01 2.509988125764317957e+01 3.031580548660685182e+01 2.740481141852065861e+01 2.244731951780953239e+01 1.253640675697818985e+01 6.187508920515054633e+00 1.305409302469391264e+01 1.716004401159141324e+01 2.277816520071690576e+01 2.220965765327077435e+01 1.410510902658338672e+01 3.977746848921512868e+00 1.437088013995646385e+01 2.293896304683981313e+01 2.098991555417319788e+01 2.399167811463041389e+01 2.234617896213259058e+01 1.265990010208525618e+01 1.189504734971273336e+01 3.349817374007824089e+00 1.478560277939820011e+01 2.440511591576226635e+01 2.030948827230284692e+01 1.621574519057825015e+01 5.868538898852932562e+00 1.508203781675035993e+00 1.508203781675035993e+00 1.508203781675035993e+00 1.508203781675035993e+00 1.199147811497737237e+01 8.962465165506237952e+00 1.564907860672009754e+01 5.836262400219674795e+00
1.290000000000000001e-02 1.001289999999996283e+01 1.717094906950867994e+01 2.217094906950866218e+01 2.590474304724825316e+01 2.992651501614384557e+01 3.024384342832589212e+01 1.989410116826917729e+01 1.300281964836129234e+01 7.838208967269777894e+00 1.719743479424814581e+01 1.719437179106294877e+01 2.727912237986032196e+01 2.209703013833891561e+01 1.148594885685004208e+01 5.354153356704050459e+00 1.287806661931318253e+01 2.343704401574536789e+01 3.158500791925697726e+01 2.883265159329091887e+01 2.392611009030790115e+01 1.988427133326732488e+01 1.497983898561926175e+01 4.235706547079940876e+00 1.071124642993080478e+01 2.114020146703590797e+01 2.333325713781966471e+01 1.326757521069038326e+01 1.199151591326158695e+01 1.199151591139925799e+01 1.199151591139925799e+01 1.508203781675035993e+00 1.199062951101745256e+01 1.508203781675035993e+00 1.508203781675035993e+00 1.179912019382297572e+01 1.832769286718111346e+00
1.329999999999999932e-02 9.914824584835921328e+00 1.576594234220306667e+01 1.803184780046280977e+01 1.610128547164267587e+01 2.198701470914205203e+01 3.183753773664071929e+01 2.294064529073052583e+01 1.300298834716809004e+01 7.838208967269777894e+00 7.838208967269777894e+00 1.426856073785409684e+01 2.430321952191048140e+01 2.633950159686197523e+01 1.781225961007219283e+01 7.143583201477516020e+00 1.147999720480746078e+01 1.904526293832056183e+01 2.933933869041359799e+01 2.486900604528410597e+01 1.508514923709294209e+01 9.643996656348852170e+00 5.581661705194909118e+00 1.511904072667915067e+01 1.930818153600440823e+01 2.523917301424210891e+01 2.740532549134491447e+01 2.333325713636553900e+01 2.213057544055035208e+01 2.156719130431140385e+01 1.615933688119281442e+01 1.199147273281440640e+01 3.561163810079000402e+00 1.199153861403374322e+01 1.508203781675035993e+00 1.508203781675035993e+00 1.130806217301156735e+01
1.369999999999999864e-02 1.520719333866149992e+00 1.157402007992447324e+01 7.970410719276418199e+00 1.205311756817144797e+01 1.950633270290835597e+01 3.060848681030212148e+01 2.726048711304056482e+01 2.086225287294027808e+01 1.097057482712334853e+01 1.720257063849123469e+01 1.353668018032925779e+01 2.351069009893557293e+01 2.708801196818939516e+01 1.672926536889658422e+01 9.070624992985280244e+00 1.976327197885948550e+01 2.017539665136201776e+01 3.044936929383133517e+01 2.883358219094987263e+01 2.397251306334507248e+01 1.722943117780194910e+01 6.595051850899010581e+00 1.722943117780194910e+01 2.582717701392638787e+01 3.053825827160117257e+01 3.211424697620252289e+01 2.722326129377578496e+01 2.317733266434272466e+01 1.746989304014029543e+01 7.160221551020212516e+00 5.594794128825905766e+00 1.396115869860009795e+01 1.454805465205317461e+01 4.062744854257919869e+00 1.203788742774015397e+01 1.566837998615310035e+01
1.319999999999999993e-02 1.001319999999996213e+01 3.722928703291539243e+00 1.368489204222131406e+01 2.003001271297721786e+01 2.559055275649956229e+01 2.789374313358060675e+01 3.220666056240671082e+01 2.518818608405439008e+01 1.601892107001927457e+01 2.518818608405439008e+01 2.046572661396158921e+01 2.782027229641231969e+01 2.913928188860251822e+01 1.896004469993121333e+01 1.139343540737869986e+01 1.670082368133232720e+01 2.700373936897360494e+01 3.464952781243129465e+01 3.225224507690720799e+01 2.323742650924932818e+01 1.817665818887167006e+01 7.645756503805916537e+00 1.196501337027219414e+01 1.721333809733031117e+01 2.667069098085054080e+01 2.807421439349236536e+01 1.828045093696326262e+01 1.318748235495423948e+01 9.480609173176569371e+00 1.596067280766901675e+01 5.594794128825905766e+00 1.596075599614186835e+01 1.872112851910549125e+01 1.454809236613766110e+01 8.196900189466790110e+00 1.867724103042731798e+01
1.349999999999999985e-02 9.595281367161749841e+00 1.360078632094107931e+01 6.422496722622984322e+00 1.602739321007440410e+01 2.109633698823186165e+01 1.932111190700077330e+01 2.702698951736071109e+01 3.052871983225042385e+01 2.673105682998545163e+01 3.109024788751867874e+01 3.086189037660462375e+01 3.308237881805191449e+01 2.302945816230104725e+01 1.569321873355200481e+01 1.619225697345494552e+01 2.604191426594281111e+01 2.700373920684844720e+01 3.710534392527987535e+01 2.956716906933555578e+01 2.061586508200800338e+01 1.372867619829188435e+01 8.756080404413900453e+00 1.914818858958800973e+01 2.582704881511013184e+01 3.053825676369108422e+01 3.211424707648732380e+01 2.722326121786052155e+01 1.964538830653267709e+01 9.480609173176569371e+00 1.964538372842940461e+01 1.277619912386781920e+01 2.008390244874460606e+01 2.433525931128049535e+01 1.385237221802670327e+01 1.439541865268859766e+01 2.282773303511656948e+01
1.369999999999999864e-02 1.001369999999996274e+01 1.884323031219496158e+01 1.627094213671175638e+01 9.330162235654618996e+00 1.152557076772562361e+01 1.413279873963231736e+01 1.734161989209121657e+01 2.091492859823476635e+01 2.775620905075212619e+01 3.772980535008456826e+01 3.944649938517216725e+01 2.938389977929333696e+01 2.227941803874449533e+01 2.041125827250339242e+01 2.622099984062435496e+01 2.438440396215125006e+01 3.417629977435044708e+01 3.335665605500260966e+01 2.965190114689402989e+01 2.587430084957147614e+01 1.711733168313661935e+01 9.906457765041960073e+00 2.013544237728919128e+01 2.719481222794016517e+01 3.117920699497314985e+01 3.455003229790070662e+01 2.982817673621953602e+01 2.195995818395358867e+01 1.173408534589299101e+01 1.442337799219573213e+01 2.277462808288426643e+01 2.859533064115732159e+01 2.849804334735263467e+01 1.910100626189549189e+01 2.452631917291108365e+01 2.864516942913824238e+01
1.379999999999999977e-02 5.021066242885303232e+00 1.516102784108447743e+01 2.331654657305885081e+01 1.936682302246027731e+01 2.137430383139886914e+01 2.395578913319846137e+01 2.213535838501901409e+01 3.067740777400955210e+01 2.884480070194112145e+01 3.883157414372986693e+01 4.039795297468726432e+01 3.651877126597671719e+01 3.233116119676947164e+01 2.624053920004215712e+01 3.465423710844410010e+01 3.407919246115020684e+01 3.292495163114201517e+01 2.867317758139150286e+01 2.075754325215950047e+01 2.245702903077142309e+01 2.102773337831238720e+01 1.106397023626662168e+01 1.514040967980280428e+01 1.988167930571260555e+01 2.778395488437818273e+01 3.057519282850230979e+01 2.119460824220264072e+01 1.630658536959318639e+01 1.522834163219201109e+01 2.077197412939919019e+01 1.914522763201065914e+01 2.429735675942272977e+01 3.273949781861545461e+01 2.750881831012309675e+01 3.404391442181110250e+01 3.515248462972420640e+01
1.309999999999999880e-02 1.001309999999996236e+01 1.938803369562617718e+01 1.732885406630340697e+01 2.148126687962156467e+01 2.663603966504131648e+01 3.077947534420002640e+01 3.205577707467004700e+01 3.620895337863633046e+01 3.883157414372986693e+01 3.747394269241204512e+01 3.042673589181950788e+01 3.279772060891645680e+01 3.692464106215589936e+01 3.625728985954754080e+01 4.045864918476868155e+01 3.455354074198072567e+01 2.502867338669177855e+01 1.976875052070787930e+01 1.625600702296799227e+01 1.273245734271779739e+01 1.273245734271779739e+01 2.102773225695137072e+01 2.379076363207413181e+01 2.719482123923975792e+01 3.117920968050871622e+01 3.455003233126773665e+01 2.982817677888624885e+01 2.191976410542044107e+01 1.908513752011867481e+01 2.785343128077356312e+01 2.391515542939573891e+01 3.158403019047919358e+01 3.688304443607320593e+01 3.892359226832520847e+01 3.916133110694813269e+01 3.906796353221221807e+01
1.349999999999999985e-02 7.084567811865484899e+00 1.708456781186555062e+01 7.298569874934556445e+00 1.729257396226208598e+01 1.663820896467459676e+01 2.370887318238692387e+01 3.370592594916513463e+01 3.766205555096836122e+01 3.353562204338371089e+01 3.334723775870831730e+01 2.336895770774137304e+01 2.281886693000676658e+01 3.116600164294455411e+01 3.197262896404848220e+01 3.601520687386357622e+01 3.885928283037432607e+01 3.286351933571551598e+01 2.876147575121764888e+01 2.245738886960520730e+01 1.273245734271779739e+01 1.423428109165914179e+01 2.376177396248262141e+01 2.511777490673432567e+01 3.038873842301237360e+01 3.152413951801487357e+01 4.036112105546862949e+01 3.528417540642632844e+01 3.130137762961637549e+01 2.343251698084707257e+01 3.274847893762081696e+01 3.275712208200010167e+01 3.677128817787372839e+01 4.066309811497555415e+01 3.185627838904506604e+01 2.975041165482456762e+01 3.646663180098938284e+01
1.369999999999999864e-02 1.001369999999996274e+01 1.405414145231927314e+01 7.298569874934556445e+00 1.031368332055504844e+01 1.531368057437585861e+01 2.238457674473457359e+01 3.238514463941473309e+01 3.353562183831177634e+01 2.355711103070018453e+01 2.647974896547028933e+01 2.703641934029300131e+01 1.704989132177551170e+01 2.504638766821273421e+01 2.211883204017490456e+01 3.181046950757233560e+01 3.789712227560014668e+01 3.349270515849397611e+01 2.493598427530030648e+01 1.973498998825463602e+01 1.526522937756036136e+01 2.376177469764332884e+01 1.633889258978276615e+01 1.814526780325705957e+01 2.283387427320862528e+01 3.152413952085415616e+01 3.568644150531405757e+01 3.939012162740491618e+01 3.705688602301194123e+01 3.013672116475681406e+01 3.705688596723781814e+01 4.064525645681600707e+01 3.959562756062545219e+01 3.916133110548540230e+01 2.975041165482452143e+01 2.312989317730746208e+01 2.791659287717580540e+01
1.290000000000000001e-02 2.012899999999998357e+00 4.054141452319310446e+00 1.405414145231927314e+01 1.546320615255418751e+01 2.444855993470421751e+01 2.946196932943036373e+01 3.262244151050771990e+01 2.841397716583714583e+01 2.647974481777695388e+01 1.649318426582586739e+01 2.114170588335078804e+01 1.403607440764842629e+01 1.507111094216862313e+01 1.884841564753893550e+01 2.383940742243850153e+01 3.378548606139202093e+01 3.720957105850605728e+01 2.863749267856073644e+01 1.894039989779309963e+01 2.166220768370646255e+01 2.758859600840215975e+01 1.879182044925319062e+01 2.719699187210936131e+01 2.094349726417556212e+01 2.438141116905341477e+01 2.780943418047920446e+01 3.318098364203399342e+01 4.174611401004548839e+01 3.985333330785951489e+01 4.064525635321196972e+01 3.105111853302419789e+01 3.000167080993503177e+01 3.413201453325511636e+01 3.020128043692578856e+01 2.791387259124074305e+01 1.822359644095887887e+01
1.359999999999999924e-02 1.001359999999996298e+01 1.405414145231927314e+01 1.819627707605016198e+01 2.545685087666796420e+01 2.958112453162470956e+01 3.413725598070324452e+01 2.707662169346132330e+01 1.746771737446546524e+01 2.330734886552551188e+01 2.114170293778364851e+01 1.115173492681183198e+01 1.115173492681183198e+01 2.114170610185163213e+01 2.881244241474924195e+01 3.292696952527142429e+01 3.789712227560014668e+01 3.640413275577871843e+01 2.762860581375974434e+01 2.174204721880911251e+01 2.912798156656604220e+01 3.018783825815881983e+01 2.128867396772693255e+01 3.021608029464756839e+01 2.968195378660266215e+01 2.422776556133139536e+01 2.790184103870177168e+01 3.220553835733309000e+01 4.095739331528699267e+01 4.059119481293149079e+01 3.651416403013115541e+01 3.281167568380440969e+01 2.312737895723661907e+01 2.763134892814571586e+01 2.042065434640305455e+01 2.224062394864736802e+01 1.508889379572157807e+01
1.379999999999999977e-02 5.472047861864846041e+00 1.226291543824889985e+01 2.221535548642565061e+01 2.642629814926511145e+01 2.577233044046570498e+01 2.548073867211026666e+01 2.001637298484715544e+01 1.294551429290467048e+01 7.945567455746886054e+00 1.870167272124279023e+01 1.115173492681183198e+01 1.357489645595955707e+01 2.356455346023245667e+01 3.049089596948082104e+01 3.401821077475273825e+01 3.814458961425938810e+01 3.915534913800590289e+01 3.025039534084104531e+01 2.476295618051221581e+01 3.325157157405354269e+01 3.282605053770446091e+01 2.393141973443790249e+01 3.282604900041940255e+01 3.554712387770176463e+01 2.705678752844507784e+01 3.530891554505128482e+01 4.039933837821551776e+01 4.495415144675664010e+01 3.651416403013117673e+01 2.681417695191516870e+01 2.965523738970275147e+01 2.763520135586187010e+01 1.775521217388596895e+01 2.218666126570768427e+01 1.194226355396679118e+01 1.194226355396679118e+01
1.349999999999999985e-02 1.001349999999996321e+01 1.681301577902882727e+01 1.677451514927794207e+01 1.678925636415282696e+01 1.708263921984665146e+01 1.508678407026760837e+01 2.029479956089252113e+01 1.625453315181316682e+01 7.945567455746886054e+00 9.246426695437126142e+00 1.923764623820667552e+01 2.064090518275263619e+01 1.749545376184940082e+01 2.050932959730060645e+01 2.404145795635508875e+01 2.980361915306128040e+01 3.977545001613530928e+01 3.711030448734933884e+01 2.885498985021225593e+01 3.711030836122367305e+01 3.559452828904196764e+01 2.675110108075203641e+01 3.559452953528211339e+01 3.890261687634874477e+01 3.088496110424201646e+01 3.554327652390402648e+01 4.437704226343106484e+01 3.829438535887906880e+01 3.416874823493547098e+01 2.965523728782434176e+01 1.983644452268550396e+01 2.452587327647882631e+01 1.444437329611409560e+01 1.340974196388924611e+01 2.224073055404840815e+01 1.509177318704266746e+01
1.359999999999999924e-02 1.001359999999993988e+01 4.804214236595631071e+00 7.074415390736138676e+00 1.258837163852717111e+01 1.224079049150188681e+01 8.295640921597041029e+00 1.459837515166030286e+01 6.256478544381528728e+00 1.625453303189443233e+01 1.923764640045904173e+01 2.337210092640894388e+01 3.062286473257388764e+01 2.748134047054458762e+01 3.049089596948082104e+01 3.401821077475273825e+01 3.814458961425938810e+01 4.389901242802451264e+01 4.162510938457167953e+01 3.764815061905418503e+01 4.162416216285613046e+01 3.988578920617123202e+01 3.085443630078404098e+01 3.985791409303342192e+01 3.947942862398600283e+01 3.890812901803356283e+01 4.264289745680319754e+01 4.244996120717511445e+01 3.416548186343564453e+01 2.440805930420122039e+01 2.593505968897047254e+01 1.595317711217300882e+01 1.595317711217300882e+01 2.452587330977899072e+01 2.070742751492051070e+01 2.764846790220005701e+01 1.901524006666476296e+01
1.290000000000000001e-02 6.517766287453793383e-01 1.291973441043439141e+00 1.937581125684146643e+00 2.593153068489534085e+00 3.256493813665120474e+00 3.924833541833728567e+00 4.611815012312360018e+00 1.460043185264102306e+01 1.670232351246386671e+01 1.762305210916952447e+01 2.184323343478094870e+01 2.879630576103823714e+01 3.543245110060679082e+01 3.495486549413161725e+01 3.784377130314145177e+01 3.668818952687426815e+01 3.668818912264358545e+01 4.072597489036867557e+01 4.565315459800407183e+01 4.390612634571731832e+01 4.532156739373377263e+01 4.108968540588902130e+01 4.518453788833839013e+01 4.567037092003770482e+01 4.259444774425561064e+01 3.856065025695707504e+01 3.509568120326295571e+01 2.911638934515889687e+01 2.698145983691417271e+01 1.732469722738558460e+01 1.595317711217300882e+01 1.799194062392281879e+01 2.789321147559617842e+01 3.076678585255456255e+01 3.287172755922460254e+01 2.349513704692553873e+01
