output/example_1/elevation_000109.asc
nrows	75
cellsize	13.33333333
xllcorner	0
ncols	75
yllcorner	0
NODATA_value	-9999
[rows 17 to 33 of 75, columns 0 to 36 of 75]
1.309999999999999880e-02 1.001309999999996236e+01 9.267938669112840699e+00 1.502003771441114566e+01 2.502220644880748779e+01 3.123438761183930268e+01 2.714365708424070078e+01 3.123438761183930268e+01 3.237487597750514112e+01 2.211377248928149086e+01 2.288112942978674624e+01 3.010890273307350640e+01 2.699051861361195748e+01 2.024929372797318905e+01 1.036752072568646277e+01 1.776662055980020583e+01 9.115930368732266587e+00 1.899764436180775462e+01 2.712344128085835493e+01 3.397013045327767600e+01 3.944850967149577770e+01 3.653897547096165965e+01 3.217501280878223469e+01 3.003174916259328953e+01 4.219832443336431282e+01 3.944814331159197707e+01 3.796651897054555036e+01 3.993685086614491553e+01 2.929319768810427504e+01 2.640144126813303060e+01 1.602277623654230609e+01 1.711894405914761919e+01 2.709753519665195043e+01 3.231089061210866475e+01 2.866617175459573019e+01 3.532838537378508192e+01 4.419463203105926397e+01
1.379999999999999977e-02 7.084867811865461995e+00 1.708486781186539005e+01 2.339261116118345640e+01 2.916883240625141482e+01 3.095618520170682686e+01 2.681473434285716095e+01 3.095618520170682686e+01 3.657709899258307473e+01 2.938228175575979506e+01 3.313761434939424078e+01 2.986902268262481996e+01 2.002069023926984315e+01 1.302053759703364655e+01 2.024925765337385641e+01 2.046776366837986671e+01 1.281778771369909364e+01 1.041808266747898060e+01 2.331379041133727270e+01 3.218072709987622915e+01 2.962826793702954120e+01 3.470843439109857798e+01 3.866540859667933461e+01 4.194555922754917532e+01 4.709241382424867339e+01 4.679994419871718492e+01 4.002398356366230558e+01 3.576940376859563031e+01 2.929463389049488597e+01 1.881212152847193764e+01 2.640144126813329706e+01 2.709753420504345556e+01 1.869865346878549772e+01 2.248567757192460448e+01 3.085841296547499368e+01 3.317215362278766122e+01 3.574138302207207829e+01
1.379999999999999977e-02 7.085031732104903668e+00 1.709445101237597342e+01 2.038525178196573506e+01 2.451948144153143261e+01 2.104137412792234940e+01 1.681498112019328417e+01 2.388599717641002584e+01 3.388533133071999970e+01 3.959963753439338774e+01 3.813133487628748952e+01 3.238676180541866501e+01 2.493858579920726370e+01 1.503884015827651055e+01 2.493852360135057467e+01 2.439385673192552417e+01 2.028033444796582430e+01 1.133266400992867240e+01 1.826415416244919498e+01 2.461396817311518248e+01 2.272927274667789987e+01 2.504840244488689649e+01 3.150155314858137601e+01 3.740541816898851835e+01 4.237439079582891566e+01 4.223878388288419217e+01 3.125286403572020788e+01 2.497134069605731810e+01 2.201055973946094824e+01 2.931096531384829973e+01 3.374851866092097197e+01 2.866324386720484085e+01 1.869865346878549772e+01 1.869865346878549772e+01 2.089310129220760004e+01 2.319343090347242864e+01 2.568283343152628362e+01
1.290000000000000001e-02 1.001289999999996283e+01 1.300809856657586216e+01 1.038595193674706607e+01 1.632710674526548544e+01 1.104148125550504922e+01 2.104137267453073790e+01 2.543207524357833549e+01 2.957284374580174102e+01 3.457193525014454849e+01 3.401084960886214503e+01 2.406006203080977457e+01 1.826967206440431823e+01 2.371226593270637650e+01 2.902662587062012634e+01 2.809800432900673428e+01 1.826415416688353588e+01 2.114442144963693693e+01 1.264739305194717289e+01 1.476595481166721946e+01 1.704102359828362268e+01 2.002783630731785536e+01 2.347076441899509192e+01 2.829212896946235034e+01 3.822519450610047187e+01 4.206175427160400915e+01 3.172923411802521088e+01 3.578158107038453295e+01 2.603646115710323983e+01 3.703481584835644469e+01 3.864203997404103319e+01 2.866311062775826457e+01 2.866249483895501271e+01 2.018203287384865163e+01 3.012880108038772420e+01 3.317215362278770385e+01 3.522339956296777785e+01
1.290000000000000001e-02 1.503611984999859486e+00 3.011168707888676632e+00 4.612450245939546001e+00 6.327436097364632417e+00 8.563504074864392024e+00 1.189683740757364383e+01 1.543237129585650180e+01 2.043236924440868307e+01 3.043178124275295815e+01 3.455713308810508266e+01 2.460959836446253846e+01 2.273508581199207157e+01 2.452186124007606338e+01 3.376187805277209719e+01 3.218084261651108591e+01 2.809800520589097061e+01 2.355395957893137648e+01 1.368548439530648331e+01 2.353719984244989760e+01 2.686475400571234573e+01 2.975864649887347468e+01 3.324079176271715852e+01 3.744875463203075583e+01 4.251190136372422046e+01 4.594779263553579796e+01 3.919368895981904899e+01 3.752220492745389890e+01 3.453045803754746856e+01 4.261974176996863406e+01 3.861161291000890827e+01 2.951941352363926896e+01 2.261719475414284730e+01 3.012887522675051954e+01 2.488818795092850422e+01 2.984281780075874124e+01 3.705196670984565799e+01
1.309999999999999880e-02 1.001309999999996236e+01 8.784670421988792555e+00 1.461210749246055585e+01 1.210093826791792715e+01 1.856337647447861983e+01 1.327754918296989928e+01 2.327730797662956164e+01 2.957284374580174102e+01 3.457193525961494629e+01 3.455713308810560846e+01 3.455713308810560846e+01 2.766063743181573997e+01 3.430046192464608623e+01 3.840460814457271255e+01 3.261269251572962702e+01 2.427582925417499382e+01 1.756586698235177479e+01 1.485696384399657077e+01 2.474421129754658821e+01 3.052963713237393151e+01 3.236754658249413552e+01 3.681640554583825065e+01 4.118948012015094662e+01 4.343954868071707409e+01 4.746609803581428366e+01 4.891266408359184226e+01 4.847807614258705655e+01 4.729149895057017972e+01 4.460133304978654678e+01 3.456780052882105991e+01 2.887584600493334719e+01 2.457695873174388268e+01 3.446592229346885716e+01 3.060514630724605212e+01 3.906175068091197744e+01 4.432749883085465825e+01
1.349999999999999985e-02 1.001320866716764435e+01 1.878351856790372310e+01 2.291768684789347077e+01 2.210085685064303718e+01 2.624281406385244964e+01 2.034859323741711279e+01 1.960209410214783787e+01 2.667303540170802023e+01 3.667132333400092392e+01 4.448742768406680881e+01 4.150642004712177879e+01 3.740869629505114347e+01 4.150640886809645735e+01 3.881297357950973037e+01 2.907513032330739122e+01 2.221395719458144669e+01 2.734837247099453705e+01 2.474439185393834606e+01 1.659536371092326590e+01 2.613623462637337624e+01 2.646872316910742384e+01 2.723386649890379729e+01 3.711841920957633789e+01 3.351022704874477398e+01 4.063553713279716106e+01 4.392715193574573362e+01 4.808844481153716544e+01 5.309247777266005386e+01 4.881406768526236561e+01 4.299808042671727293e+01 3.648288371701509902e+01 2.660183556854174469e+01 3.648288382345520375e+01 4.065461142145318263e+01 4.489594653034772165e+01 5.051954069614868814e+01
1.349999999999999985e-02 1.001349999999996321e+01 1.619099117525114195e+01 2.033313214304398997e+01 2.480526313520194392e+01 3.057876613792141640e+01 3.034785082035823933e+01 2.960146613682156769e+01 3.374166176646586024e+01 3.664205308060255106e+01 4.079124922914091655e+01 3.707140162313536536e+01 4.122042915725680956e+01 4.502097628986723521e+01 3.520502654792701236e+01 2.835159371085158497e+01 3.192693368550558830e+01 3.082358827637887799e+01 2.105295326072845441e+01 2.646223555397228822e+01 1.856657181730422579e+01 2.011142124150248733e+01 2.991847807790353286e+01 3.410656328643984381e+01 2.790604183381914183e+01 3.082506324895539862e+01 3.405238620011778039e+01 3.893893521229606591e+01 4.891536865919538002e+01 4.764182780078630230e+01 3.753750416318683136e+01 3.184553838007287041e+01 2.956247827681144003e+01 3.464322997955282801e+01 4.466840504925944799e+01 5.094153750324768026e+01 4.538097027562844943e+01
1.359999999999999924e-02 3.028713445777638125e+00 6.190991105946022088e+00 1.066312706094561591e+01 1.643662975284392758e+01 2.643662980780073823e+01 2.974434982446856779e+01 3.390122802637714727e+01 3.500538414041848512e+01 2.661883204118806034e+01 3.500538414041849222e+01 2.704804863055982622e+01 3.543457903542940812e+01 4.358513029972069575e+01 4.217307682716951689e+01 3.808005032487101715e+01 3.772511073426333894e+01 2.797330961149884843e+01 2.595906649611309192e+01 3.164560650826667754e+01 2.188057128500924620e+01 2.991847807790925629e+01 2.255284205102258355e+01 2.435100299893003850e+01 2.803013429326515649e+01 3.779888602712314594e+01 4.392715193574573362e+01 4.808844481153716544e+01 5.309247777266005386e+01 5.186749834752390598e+01 4.601730205570392940e+01 3.884147239272861896e+01 3.265126029401234575e+01 4.262375013941235125e+01 4.888113408810124838e+01 4.690600313262309129e+01 3.732097532589138922e+01
1.369999999999999864e-02 1.001369999999996274e+01 1.619099117525114195e+01 2.033311540500778491e+01 2.042326683886558314e+01 2.456527762428212469e+01 1.973282931646198435e+01 2.811700354478745112e+01 3.085514371534947387e+01 2.085978816980238904e+01 2.551240144243118024e+01 2.128699346958727645e+01 3.128441607468924346e+01 3.359578334088272555e+01 4.064034217213246336e+01 4.340159763388230374e+01 4.178243793378256754e+01 3.772231450951031206e+01 3.156954500321083756e+01 3.556173785002150822e+01 2.625761231046380217e+01 3.575857555528654785e+01 2.945415131768861272e+01 3.123059543089943446e+01 3.123059543089943446e+01 3.417270143942291583e+01 4.111657519646291092e+01 5.109325340502181234e+01 5.720506825044702026e+01 5.299118555434218791e+01 5.319322338892715152e+01 4.618493836918089102e+01 3.611244521331153123e+01 4.618493836918089102e+01 5.359670823823703500e+01 4.401522915451168672e+01 3.731408250835197293e+01
1.290000000000000001e-02 1.001289999999996283e+01 1.251144366070285585e+01 1.357144054617705287e+01 1.042327309991913431e+01 1.818625664270046371e+01 1.395885878783667167e+01 2.396044081050373364e+01 2.210195910529851915e+01 2.199363047553390160e+01 1.556011742587750568e+01 2.551174732013598145e+01 2.944047376737985644e+01 2.650737715611333556e+01 3.524224306603614565e+01 3.340837656848512438e+01 4.340159763388230374e+01 4.523501627254158564e+01 4.128411410824723760e+01 4.002955985342204315e+01 3.313146641191429609e+01 4.019390229180471863e+01 3.925520956767352487e+01 4.105004262339279819e+01 3.686169873256505269e+01 4.403867659003375934e+01 4.818714241899516537e+01 5.183610217992612945e+01 5.130224652590503354e+01 4.274612655420761342e+01 5.130224377106429046e+01 5.041869597925951751e+01 4.186302142914545499e+01 5.041871355713360003e+01 4.972258924195096341e+01 5.081840408488576344e+01 4.655154018058890131e+01
1.379999999999999977e-02 1.001379999999996251e+01 2.511444798455817917e+00 3.571442678462176001e+00 4.649770410496557815e+00 8.185304333906563201e+00 1.751758964926488105e+01 1.875351911679854666e+01 1.067422628534191986e+01 1.204695928373503300e+01 2.199363047361624268e+01 1.719102712133300770e+01 1.945520364070523556e+01 2.220266310905129004e+01 2.521294996044463943e+01 3.231293348976065261e+01 4.231422197346981307e+01 4.400479831959918897e+01 3.981505468652657953e+01 4.397603903521743973e+01 4.303298540531296368e+01 4.260333153695992792e+01 3.847290115217734296e+01 4.260333153695992792e+01 4.677142677804887683e+01 5.092640116145496165e+01 4.918509692310401960e+01 4.156139161627304901e+01 4.156139161627304901e+01 3.675893966468649410e+01 4.707619817418898833e+01 5.632157686219754567e+01 5.208888432857153816e+01 4.656389621819489122e+01 3.906117483583434336e+01 4.656390073580601552e+01 4.878082313694174843e+01
1.359999999999999924e-02 1.028946165133617807e+00 1.102894576094977630e+01 1.357144094393147071e+01 1.464976691156310018e+01 6.304982187701289931e+00 7.517660312882952667e+00 8.767660312882949114e+00 1.604310323345555034e+01 2.138721077882313537e+01 1.449779358131694451e+01 2.443933783471126375e+01 2.249290901094630968e+01 3.221830637037383127e+01 3.524224306603614565e+01 3.340838515134111475e+01 4.340197504719349553e+01 3.902441359664256737e+01 2.997541936490780756e+01 3.902441359664256737e+01 4.461115877336038693e+01 3.768369121769794816e+01 2.868848741396431379e+01 3.477474038186890937e+01 3.888443482472402479e+01 4.381112142264650799e+01 4.187498040626287121e+01 3.456486253348139570e+01 3.109879632221977630e+01 3.720306858568592645e+01 4.451621076130543031e+01 5.475438949833172586e+01 4.699626812561930933e+01 4.183805687924818528e+01 3.162968820510318579e+01 4.183805687924818528e+01 3.716051686937128551e+01
1.359999999999999924e-02 1.001359999999996298e+01 8.100013969522413149e+00 1.810001261508461212e+01 1.630494386551697161e+01 1.337604596233992460e+01 1.458990959739431403e+01 1.583566227113165326e+01 1.600896789490959193e+01 2.526994224301977354e+01 2.021992679399085091e+01 2.857178358833264298e+01 2.956642702609113016e+01 2.956642702609113016e+01 3.957284546894293698e+01 4.340197504719349553e+01 4.082434490266911808e+01 3.489088759493084524e+01 2.507794943040853752e+01 3.489088759493084524e+01 3.475348292561349695e+01 3.358069428307082660e+01 2.378846834845106883e+01 2.498442116630056020e+01 2.987635483119422375e+01 3.967312595934085095e+01 3.760690523969002186e+01 2.705884836668914772e+01 3.427131853276490858e+01 3.856204277920713253e+01 4.117800978274026136e+01 4.543148749580454648e+01 4.259491868328956343e+01 3.210624008907334570e+01 2.715791737810384276e+01 3.746251490868418443e+01 2.968010374356911640e+01
1.319999999999999993e-02 1.001319999999996213e+01 1.810001261508820747e+01 2.224213621945171582e+01 2.630473393622666123e+01 2.337593189737057031e+01 2.461180969975653099e+01 2.576309474363756991e+01 2.594072651086267456e+01 2.992555962615525900e+01 3.020316050417511988e+01 3.433371206760116934e+01 3.957284546894293698e+01 3.957284546894293698e+01 4.368360585300423793e+01 4.464932990266019175e+01 3.668790997091345218e+01 2.684045974791096612e+01 2.176687309846764862e+01 3.161878094457627597e+01 2.782479573788736005e+01 2.962605311428516686e+01 2.001537590735476968e+01 2.987958076810497943e+01 3.888443482472402479e+01 4.381111673673252938e+01 4.187496582928045541e+01 3.427131851774451121e+01 2.377489360368839755e+01 3.427131853512478443e+01 3.068304205797514328e+01 3.941032681969251428e+01 4.141109575510602525e+01 3.096095884867488479e+01 2.401162933158621726e+01 3.066185704195540396e+01 2.505219018091590399e+01
1.019999999999999900e-02 5.783702691896245973e+00 1.285477050376169572e+01 2.285477050376162467e+01 2.921528021572048672e+01 2.544557597042766162e+01 2.921528450583310388e+01 3.214027602359013258e+01 2.798453078126077642e+01 3.214027602359013258e+01 3.231825435853108530e+01 3.101438283495740578e+01 3.516593284574634737e+01 4.096224200962890905e+01 4.316122100491693203e+01 3.822712537629390539e+01 3.064376588959779113e+01 2.864750053297388632e+01 1.872393185411687000e+01 2.513834418551564198e+01 2.890102609541512990e+01 1.974102505970489574e+01 1.754607855185340526e+01 2.748715967543047611e+01 3.375145210936462092e+01 3.945638787575268935e+01 3.957493915147422570e+01 2.910565092818146837e+01 2.177519278203200059e+01 2.948758244015595764e+01 2.462912415734599847e+01 3.203913545460864043e+01 4.244788045894082273e+01 3.673384323973220233e+01 2.190782045744896323e+01 2.160221124518481517e+01 3.066185704195540396e+01
7.249999999999999500e-03 1.000724999999996356e+01 1.820368770935328939e+01 2.234598346680369119e+01 2.452404057038284435e+01 1.590011718623438775e+01 2.406265608444465798e+01 2.681070700757466696e+01 1.792355389126410614e+01 2.295404246959611427e+01 2.225337618997102496e+01 2.094584664220425196e+01 2.676424216568642223e+01 3.682018295883862180e+01 3.901864695328473687e+01 2.920549109282911004e+01 2.430222636354668708e+01 2.077930881085464065e+01 1.785157203794081582e+01 1.510073174146580754e+01 2.221134554734409861e+01 1.518123756450256678e+01 1.518123756450256678e+01 1.974103355101479096e+01 2.548220623274822572e+01 3.530251649292769400e+01 4.259912953912089506e+01 3.217203444686165881e+01 2.948758244449521726e+01 1.915883638355151675e+01 2.629221329530501450e+01 3.604040901803116270e+01 3.639002942137539520e+01 3.214027373123155229e+01 2.887904769386356207e+01 1.943840895057143214e+01 2.881733104670324863e+01
