output/example_1/elevation_000456.asc
nrows	75
cellsize	13.33333333
xllcorner	0
ncols	75
yllcorner	0
NODATA_value	-9999
[rows 0 to 16 of 75, columns 37 to 73 of 75]
4.672775709522849752e+01 4.462847772027174642e+01 4.879589860649557664e+01 5.092977790607248778e+01 4.799806349043636544e+01 4.514432179465678985e+01 4.220992767109449062e+01 4.220992767109449062e+01 4.635996811152292452e+01 5.152829455639664502e+01 4.744103948277459182e+01 4.913581135264742983e+01 4.786167910282386373e+01 5.194977668022935546e+01 4.997442195031385381e+01 4.587906518631738351e+01 4.587906518631738351e+01 4.587906518631738351e+01 4.997442195032125056e+01 5.057848678759503258e+01 4.659819941178775338e+01 5.057848680565859922e+01 5.434875321785388991e+01 5.023901193621732375e+01 5.434875341820610117e+01 5.693517168306195231e+01 5.693435276064240469e+01 5.566386848742634896e+01 5.439709561575623553e+01 5.857932594616224264e+01 6.429116022408216224e+01 6.690340504075568617e+01 6.386434015333376379e+01 6.547320369314536492e+01 6.117838336619256268e+01 6.230463672513692330e+01 6.230463672513692330e+01
3.745712547838776629e+01 3.448665411924472579e+01 4.462847772027174642e+01 4.090907365822391029e+01 3.797271792619651620e+01 3.519254463962966639e+01 3.228584941563010346e+01 3.228584941563010346e+01 4.220992767109449062e+01 4.582382949833090890e+01 3.755526590859960123e+01 3.926609630342505142e+01 3.798065800253193913e+01 4.624690786077258053e+01 4.587906518631738351e+01 3.601397269550930957e+01 3.601397269550930957e+01 3.601397269550930957e+01 4.587906518631738351e+01 4.577179436267081769e+01 3.698310909376007061e+01 4.577179480296425140e+01 4.657389282277930675e+01 4.064640006310575870e+01 4.722035084508955549e+01 4.722035084509099079e+01 4.729315721666272765e+01 4.605802776022769507e+01 4.482650642509779004e+01 5.030008074783998495e+01 5.999372200501237984e+01 5.659228575945956408e+01 5.358010220320200290e+01 5.953333544376253172e+01 5.092355734279875179e+01 5.203754144849617802e+01 5.203754144849618513e+01
2.742854788256972398e+01 3.336297581911087207e+01 4.344772755505474748e+01 4.090907365822391029e+01 3.100775472030233004e+01 3.519254450408252666e+01 2.563529877142643798e+01 3.228584941563010346e+01 4.220992767109449062e+01 4.173348544857697107e+01 3.181620680051967653e+01 3.224192963249800670e+01 3.224192963249800670e+01 4.215686891047825924e+01 3.911671501004795459e+01 3.502427918651125793e+01 2.901355231485487707e+01 3.601397269550930957e+01 4.587906518631736219e+01 4.179065425262830757e+01 3.202872990553103705e+01 3.690969207906641714e+01 3.690969607573033784e+01 3.574713399510201839e+01 3.755384377772494986e+01 4.722035063157995438e+01 4.050709961756945887e+01 3.925017621474705010e+01 4.887151337022625341e+01 5.593112985137017290e+01 6.160056215478678610e+01 5.659228575945956408e+01 4.639001009283125398e+01 5.070199915698492532e+01 4.507077301000919789e+01 4.486015832874605280e+01 5.071154710669907928e+01
2.340590401493885153e+01 3.041165458353145112e+01 4.048809557296640804e+01 4.220992753020347266e+01 3.228584928229650330e+01 2.563529877142643798e+01 3.231092649276931184e+01 3.640467465567928684e+01 4.206338925409981755e+01 4.582369923743819840e+01 3.643247605034058267e+01 2.661690071026619364e+01 3.643247604254875682e+01 4.057646253371449063e+01 3.502427723290094264e+01 2.523695554321818335e+01 3.502427918591072853e+01 3.874953186492491852e+01 3.941701730600571807e+01 3.918884517385831856e+01 3.517923788668849028e+01 2.704989807513315725e+01 3.690968967820435154e+01 3.129774124319526152e+01 4.012695130312757641e+01 4.181073585335416709e+01 3.483392891229217980e+01 3.782671964559141742e+01 4.219718182480958291e+01 4.771334588016420497e+01 5.734360076800012962e+01 5.610467206786336192e+01 5.070199915698492532e+01 4.051599792745369655e+01 4.051599792745369655e+01 5.070199915258282175e+01 5.931953891755374997e+01
3.078739062640844182e+01 3.494730867433099775e+01 3.636440160281219391e+01 4.052913587259644856e+01 3.932290739289695125e+01 3.231092649276931184e+01 2.303000810095486628e+01 2.820208110522293765e+01 3.792369870778295393e+01 4.174547804935646411e+01 3.418062792398153960e+01 2.445472061515158657e+01 3.418062847584845798e+01 3.367663516719358086e+01 2.677650324606916499e+01 2.317165687476353142e+01 3.078039835289120418e+01 2.880254778865080212e+01 2.970233218993048396e+01 3.355809736707587376e+01 2.534444003850108373e+01 3.517923787757359833e+01 2.704989807513315725e+01 2.863396454070155528e+01 3.027986415039441326e+01 3.200376786609049162e+01 4.181073643562414333e+01 4.749640714785391538e+01 4.471019270735308027e+01 5.455030881804577092e+01 5.477354998059036006e+01 4.885699545286046686e+01 4.160931883792422070e+01 3.702396472042072872e+01 4.730666541380786327e+01 5.133920465254196586e+01 5.133920465693093860e+01
2.073277820188044274e+01 2.838188651308185584e+01 2.632010168897013358e+01 3.472832228188891435e+01 3.740389533762302676e+01 2.776406072258721736e+01 2.142046079123040769e+01 2.776406072216747134e+01 3.740389378544888643e+01 3.771492376963971793e+01 2.795428531016348472e+01 2.243417842629254366e+01 2.942822264412935951e+01 2.866025218641971506e+01 2.061448349271345037e+01 2.950342134268366223e+01 2.098564917317051126e+01 2.187715444285661448e+01 2.278962859901207949e+01 2.371284780538022474e+01 2.530962083602490864e+01 3.521026934991491686e+01 3.692415380334803388e+01 3.850648665618127353e+01 4.012695415331852189e+01 3.898349387550907608e+01 3.898349387552412537e+01 4.863630376833607727e+01 5.455030881804577092e+01 5.858259254112381598e+01 5.051474588140488464e+01 4.028101035221067860e+01 3.419428325921229117e+01 4.460629591880917388e+01 4.543289928732310301e+01 4.110918370432679581e+01 4.834103119145792249e+01
2.838102875185132135e+01 1.821292593276099581e+01 2.047379323613025903e+01 3.023977511104560634e+01 3.620600969755309251e+01 2.901536824293814831e+01 1.987546590247615441e+01 2.901535152109990179e+01 3.700361857669184928e+01 3.226833353367679535e+01 2.745254057323180774e+01 2.834070335456721068e+01 1.970800774717415393e+01 2.055451930500827018e+01 1.890846044823486949e+01 1.974592566257608084e+01 2.174020629964473628e+01 3.154877471278007661e+01 3.230346240147913761e+01 3.058585048946737217e+01 3.520300944412801414e+01 2.771758964157270100e+01 3.765929465611458937e+01 4.436251420017367053e+01 4.878332941209062312e+01 4.863630374480476348e+01 4.863630376833607727e+01 5.273460487836410948e+01 5.003773717101185525e+01 5.416306424063879632e+01 5.111208547848507777e+01 4.079600546348368084e+01 3.242874948296670112e+01 4.055939298726577391e+01 3.509463172552511878e+01 4.543289928732310301e+01 5.186206527018331514e+01
3.253818615660079416e+01 2.607737489307037393e+01 1.593967995470856991e+01 2.290720706319320144e+01 2.811985413785793497e+01 2.568734456313469039e+01 1.833613686915033369e+01 2.355386524900780287e+01 3.292071480556517571e+01 2.721037785616973892e+01 1.678397330849660918e+01 1.678397330849660918e+01 1.769581925036999692e+01 1.769581925036999692e+01 2.769128900862888543e+01 2.950343804725842745e+01 3.154877471433591651e+01 2.480122504890773882e+01 3.176301446798914441e+01 4.002350119795465844e+01 4.165435706543971861e+01 3.765929465611458937e+01 3.033443935973200567e+01 3.480342705071681308e+01 4.180549228445971011e+01 5.164999983252448601e+01 5.598809750024484089e+01 4.794921350502501411e+01 3.907468912840699460e+01 4.794713649727866311e+01 5.001904149936436283e+01 4.152798544801395764e+01 4.050166243156820656e+01 3.016603067266109051e+01 3.362964305948101185e+01 3.735700443084090949e+01 4.252698042035355286e+01
3.220323294746334852e+01 2.521576578097275245e+01 1.460403770045546423e+01 2.193836247176053433e+01 2.129605100842518084e+01 1.621173908388757212e+01 2.312614744953113544e+01 2.674161633659477033e+01 2.987588913559054404e+01 2.605581508120521406e+01 1.678397330849660918e+01 1.930638772930818092e+01 2.769123060433106431e+01 2.769129009369910221e+01 2.481143489749308273e+01 3.464387597070422231e+01 3.707835080709372022e+01 2.716877008468076582e+01 3.707835080702480468e+01 4.549883788208340007e+01 4.724732066328656543e+01 3.737699737494726548e+01 3.033443935973200567e+01 4.026800658726646276e+01 4.878332941244097043e+01 5.297709403026255615e+01 4.568176470750623253e+01 4.349726849585498201e+01 3.297038806994673621e+01 4.349726849585984922e+01 4.315281429174050487e+01 4.137109121382536614e+01 3.407574483292961531e+01 2.894520725079230061e+01 3.931297593647768451e+01 4.762170008845177449e+01 5.186206527018331514e+01
2.578673867372577888e+01 2.194409180352241862e+01 1.337047312861423798e+01 1.757332828467555785e+01 2.004677558602994480e+01 2.229408131876487786e+01 1.414483166744388321e+01 1.414483166744388321e+01 2.496926448297944390e+01 1.568514113135038279e+01 2.605389073461506655e+01 2.814370877420629569e+01 2.230721302910337656e+01 3.134747361156038536e+01 3.464387598461722462e+01 3.873410436047466021e+01 3.994679553958610541e+01 3.002262915116603637e+01 3.688031712360955083e+01 4.608499930861474070e+01 4.832511178853015821e+01 3.845718207649193232e+01 3.322532115488672133e+01 3.845719725871676076e+01 4.832587100865955421e+01 4.870041969333409781e+01 3.836599952686752601e+01 3.965561836445955635e+01 2.941256363113292949e+01 3.965573083366240326e+01 3.292352888465919847e+01 3.739656976775414421e+01 2.732370226085750886e+01 3.739981936540066698e+01 3.920946305692006462e+01 4.957585988094439244e+01 5.053229668724437573e+01
2.087753491776911119e+01 2.107995036007309864e+01 1.220700450571885654e+01 1.264941899239665091e+01 1.305394136001622662e+01 1.346725351441889273e+01 2.283917641969565437e+01 1.414483166744388321e+01 1.469825142423518827e+01 2.496634284271742388e+01 3.002010699248512182e+01 3.385881841102902712e+01 2.448450944518953420e+01 3.386098667261855866e+01 4.164095034101627846e+01 4.566447421854561384e+01 4.450776466986224023e+01 4.006267856997273924e+01 3.499547810408266457e+01 4.479272950387949237e+01 5.243012042079427459e+01 4.610129482728352457e+01 3.623368265199777483e+01 4.610131155409870729e+01 5.243519494925668312e+01 5.131558260944427730e+01 4.216435848869191716e+01 3.182016185947910003e+01 2.941256363113292949e+01 3.591486311737771331e+01 2.665693154861224201e+01 3.588770817024094839e+01 2.732370226085750886e+01 2.971349918952167712e+01 3.999968966689425542e+01 4.028715779340625147e+01 4.753784288440841266e+01
1.108449749974448117e+01 1.156227885729298421e+01 2.118181078612352408e+01 1.473078744991433098e+01 2.064230533750403751e+01 2.089546437941099200e+01 2.017005304196373316e+01 2.425538822124588378e+01 2.510308634416225360e+01 1.649774427088761186e+01 2.675468175196611398e+01 3.163048378088060986e+01 3.380906962755603473e+01 2.849292976659179999e+01 3.186306668068001002e+01 3.752247118864178077e+01 4.719734303960055399e+01 4.882885846735510427e+01 3.993450831027249137e+01 4.883346304219241318e+01 5.305654655919185814e+01 4.322035888549702065e+01 4.194460205236438100e+01 5.019754020794123051e+01 5.432603516333925597e+01 4.402381899298951140e+01 3.669560689554833743e+01 4.216425398827773563e+01 3.394598144145800944e+01 2.688390793792567379e+01 2.558711389062299801e+01 2.597634036591836093e+01 3.588770817024094839e+01 3.994232376331867584e+01 3.371951026674258145e+01 3.838174319441811377e+01 4.564859122168201111e+01
1.283770014931616643e+01 1.209610008539718073e+01 2.137323156102022637e+01 2.856022289531318847e+01 2.991274391061700655e+01 3.197112627175495447e+01 2.982569532506877508e+01 2.941236320435068663e+01 3.084724123474941138e+01 2.675468175196610687e+01 1.840113308474848708e+01 2.185886027384639263e+01 3.267566900463420865e+01 3.819093490123861301e+01 4.164095034101627846e+01 4.566447421854561384e+01 5.114428089194326787e+01 5.369491701917382187e+01 4.965245336464827375e+01 5.370961092994190267e+01 5.717472153038549010e+01 5.305654655919185814e+01 5.177981381788085002e+01 5.589255047190368941e+01 5.432583389713098398e+01 4.402381927343989787e+01 4.704135964259322833e+01 4.850125387107137698e+01 4.089209863656329702e+01 3.448936731894216479e+01 2.475271744639893967e+01 3.448967898332394810e+01 2.682084253545721353e+01 3.608917185196857957e+01 4.405270218255489567e+01 4.830084313846020905e+01 4.864060437836093342e+01
2.149308791712811484e+01 1.268164489397797823e+01 2.204638834659574442e+01 2.324664543666451877e+01 2.741255332415178358e+01 2.909893276750154456e+01 3.339490728725756696e+01 3.856578178752510411e+01 3.538147690703321047e+01 2.552245202796958878e+01 2.841011235933647683e+01 2.028770843887701858e+01 3.012486308863143236e+01 3.660494076551521658e+01 4.384820266811490796e+01 4.384910700955300200e+01 4.384913581460090626e+01 5.370376427267368769e+01 5.429791720329155424e+01 5.842192448569608132e+01 6.133747081978392401e+01 5.748507026748338689e+01 5.675741635115470984e+01 6.061355771550137206e+01 5.860521498531288387e+01 5.432611699429096319e+01 5.004196982238525493e+01 4.585133886604238285e+01 3.692255801113127944e+01 2.644768388706766871e+01 2.475271744639893967e+01 3.437148296466217090e+01 3.600421488983838003e+01 4.048402936121660645e+01 4.387702243655230916e+01 4.796243546610040198e+01 4.965900732389289374e+01
2.534865435776242748e+01 1.268164489397797823e+01 1.353150081605563315e+01 1.353150081605563315e+01 2.318916017363200766e+01 1.899012800642847765e+01 2.607705154524841618e+01 3.640296025300251159e+01 3.946879976543267077e+01 3.538147690680587232e+01 3.198201426900623545e+01 2.215513504486493090e+01 2.267246537506763460e+01 3.251101370990578943e+01 3.397066715469024700e+01 3.397067274037321027e+01 4.311950158117902987e+01 4.734424746768705461e+01 4.446394315528040408e+01 5.429791720279865785e+01 5.584947256238989155e+01 4.789467537988527823e+01 4.713869004383288086e+01 5.318658548453515067e+01 5.707841322582481070e+01 5.305570400776041140e+01 4.286719616385908438e+01 3.517079027563375604e+01 3.099806114977979732e+01 3.367980077872653055e+01 2.404507181469669774e+01 3.286703093704307577e+01 3.710181806001620686e+01 4.225223738172194743e+01 3.387188196295794285e+01 4.225223670572805190e+01 3.968530514990797542e+01
2.188871214926207998e+01 2.565911245387433226e+01 2.324681991700796857e+01 1.353150081605563315e+01 1.353150081605563315e+01 2.330917117230121960e+01 3.339490931496960968e+01 3.858918663103945335e+01 4.277928484930421149e+01 3.897330002424278916e+01 2.908612908083263093e+01 2.215513504486493090e+01 3.198201440571490295e+01 2.513402220521341590e+01 2.695003078330882573e+01 2.911107723713938711e+01 3.902865845496808817e+01 3.749890899497702890e+01 4.446394315527852825e+01 5.429791717893896674e+01 5.194805319749379890e+01 4.222316962952597663e+01 4.146273597501847519e+01 4.349470214359836007e+01 5.318658548453515067e+01 5.599526833273676374e+01 4.585134102116543886e+01 4.585133886604225495e+01 4.157453610847125702e+01 3.289906047200258854e+01 2.338727747622397501e+01 2.338727747622397501e+01 3.289969869737502250e+01 3.811297224683500673e+01 2.816714404013993445e+01 3.255862335613321790e+01 3.811297224683500673e+01
3.214705198998500890e+01 3.139540802655607621e+01 2.390200387392099657e+01 1.428910740039615668e+01 2.325451593365706771e+01 2.326659555973612825e+01 3.349507125920379025e+01 2.828761986043082288e+01 3.686248861920921627e+01 4.005226009096239181e+01 3.016820479988680503e+01 3.198201440775642368e+01 2.538935914634455315e+01 3.502268159519916679e+01 3.682179277766582004e+01 3.902741384540253478e+01 3.253189237363061892e+01 3.826146201644071709e+01 4.810440266426541456e+01 5.231853599430379376e+01 4.808240717061944025e+01 4.633338905168979949e+01 3.656992921051423906e+01 4.633338905168979949e+01 5.351258088867415807e+01 5.296755092746716542e+01 4.892633536527948479e+01 4.470295333507124980e+01 3.441190856511416740e+01 2.756265138544413773e+01 2.338727747622397501e+01 3.184915587031937179e+01 3.603023915175926817e+01 3.518108211000553354e+01 2.816714404013993445e+01 2.816714404013993445e+01 3.517799582439480588e+01
