output/example_1/elevation_000305.asc
nrows	75
cellsize	13.33333333
xllcorner	0
ncols	75
yllcorner	0
NODATA_value	-9999
[rows 0 to 16 of 75, columns 37 to 73 of 75]
4.440671822826524817e+01 4.858911683553377259e+01 5.389399522863921277e+01 4.976423852671928927e+01 4.600286467515960709e+01 4.185584113988026900e+01 4.600287950116747027e+01 5.251835909905835820e+01 4.819552205084344365e+01 5.134402735297245357e+01 4.725298713751561053e+01 4.470639012617041175e+01 4.054543146643094076e+01 4.185223089805061392e+01 4.601050923152036631e+01 5.014433409614764514e+01 4.961757070630628164e+01 4.379954334029665119e+01 3.963618749682450471e+01 4.379954334029665119e+01 5.091084284154428019e+01 4.884320464754976854e+01 5.263613754518746646e+01 5.643999689403881348e+01 6.101208445769857747e+01 6.774129254547183621e+01 6.467675220825231008e+01 6.468170257576254301e+01 6.899675732103864334e+01 6.543305812398224930e+01 6.107126759323151077e+01 6.543305812380403097e+01 6.659746045251807800e+01 5.831200027896840510e+01 5.394866997654983010e+01 5.831200027896840510e+01 5.613266279045880225e+01
3.476275526836378305e+01 4.440671822826524817e+01 4.813640624576343185e+01 3.979084007192353312e+01 4.091961023348717674e+01 3.162580382249793942e+01 4.091978453944524574e+01 4.634789514322191195e+01 3.720896519461862795e+01 4.551263886831076633e+01 3.779659386230899543e+01 3.881903340143194470e+01 3.028822668133774343e+01 3.162908238055670296e+01 4.185208286433919511e+01 4.006165911281040337e+01 4.545748221204858908e+01 3.537506638152878224e+01 2.937360754298044441e+01 3.668824383904902220e+01 4.571660498466263078e+01 4.004059911091266599e+01 4.631802127575321748e+01 4.684406459771719256e+01 5.678184182372974220e+01 5.724069708813647139e+01 5.416058220683057556e+01 5.416473062704800157e+01 6.294160777910259696e+01 6.016261634374610878e+01 5.052599763347564732e+01 6.016261634362655997e+01 5.604728223238840457e+01 5.305306816836240813e+01 4.343749405013159759e+01 4.869308201334074226e+01 4.561150675708824309e+01
3.758740661226794799e+01 4.395934195354928420e+01 4.400609424410755821e+01 3.390456772666011176e+01 3.674082162390691053e+01 2.627962418220275964e+01 3.674082203767989796e+01 4.196331547903445625e+01 3.126444365047970564e+01 3.603805283284713568e+01 3.253175613137630506e+01 3.462328225843253904e+01 2.406578483741564156e+01 3.462328841581732064e+01 4.300677379939142497e+01 3.282335135117318714e+01 3.581144148415993556e+01 3.728178660990457871e+01 2.937360754298044441e+01 3.137062826867608933e+01 4.156221650120989608e+01 4.004059911091266599e+01 4.124908865528990276e+01 5.166313555010039238e+01 6.101208445703488081e+01 5.687267312995013668e+01 4.670272099830117440e+01 4.807581726527512700e+01 5.860972599011247297e+01 5.579863261335356839e+01 4.527355866747846846e+01 5.053609564279059896e+01 4.860300606516029376e+01 4.869308201334074226e+01 3.830463971507658272e+01 3.830463971507658272e+01 4.561150675708824309e+01
2.986929784353396045e+01 3.974579834326570449e+01 4.529936693315805485e+01 3.522254129280953805e+01 2.783619481954318786e+01 2.627962418220275964e+01 3.617873278254440805e+01 4.128824606635502192e+01 3.565015546724870177e+01 2.581302865248641609e+01 3.334545912951735147e+01 3.144007429247501406e+01 2.060184764560755966e+01 3.144006902622379229e+01 3.663786803848213935e+01 3.379698550843824023e+01 2.536628199579622844e+01 2.692889919689299205e+01 3.728178660990457871e+01 4.156221650120892974e+01 3.439021714670904828e+01 3.709575946423078818e+01 4.885556726166493036e+01 5.627881458889277155e+01 6.018801379727656098e+01 5.252797092988404870e+01 4.197043237805518601e+01 5.252797095220869039e+01 5.990628759306557072e+01 5.798327592538486641e+01 4.745137253423327195e+01 4.009526168170366134e+01 4.684470339523902993e+01 4.869308188000741211e+01 3.830463971507658272e+01 4.869308188000741211e+01 4.869308201334004593e+01
2.883022025306742719e+01 3.860084973932004715e+01 4.445382844643194176e+01 4.232628250018173333e+01 3.355077928798764475e+01 2.291306784868433510e+01 3.355077928798441889e+01 3.672389718585148444e+01 2.786278748005903694e+01 2.294457089185591414e+01 3.099548571381360418e+01 3.012102632964664650e+01 2.060184764560755966e+01 2.167639238256429834e+01 3.242065913287919443e+01 2.321495244628596311e+01 3.379787623434457799e+01 3.727814192202889387e+01 3.255083001076269511e+01 4.271449299063216642e+01 4.447281049231187922e+01 4.087777566697098308e+01 4.499418867024228774e+01 5.524708183728702693e+01 5.585397474559682252e+01 4.532723624018751707e+01 3.925930471273100153e+01 4.980202538020545688e+01 4.940965453221427595e+01 5.681322145844667659e+01 5.489853799921365152e+01 4.684470339523902993e+01 3.654413560700474761e+01 4.366587916277534021e+01 3.608966301934896137e+01 4.637015527715028895e+01 5.218966672105666760e+01
2.953959425871822830e+01 3.883769861105439958e+01 3.498634538250576043e+01 3.498644027324260719e+01 3.138660204756575212e+01 2.057484622151927312e+01 2.839704614988322007e+01 3.061976624576516670e+01 2.753652148698327906e+01 2.010443053947793146e+01 2.881383853678198648e+01 1.918777007188332817e+01 3.012113497102174975e+01 3.242065787682321343e+01 2.321495244628596311e+01 3.381175920124304923e+01 3.379748290888106510e+01 4.389956182105814975e+01 4.271449299061732319e+01 3.977918529396042402e+01 4.980095264180336301e+01 4.728552581805145394e+01 5.419439777319329465e+01 5.949926830850404968e+01 5.471262900834491916e+01 4.423691169693756819e+01 3.697349029289380695e+01 4.588387768832274816e+01 4.204826885879706566e+01 5.248404717611071391e+01 5.734731362386703779e+01 4.684470339523902993e+01 4.366587916277534021e+01 3.348080366102327332e+01 3.397545688431106470e+01 3.749442945775250280e+01 4.259271625302916675e+01
2.834874131571717371e+01 2.840621802214921132e+01 2.844366422435948039e+01 2.484927390001973535e+01 2.992640342817518118e+01 2.791360638217897616e+01 1.741260102342282678e+01 2.636153664676956865e+01 1.652054579406065926e+01 2.753652541903947792e+01 1.783118609835938528e+01 2.572848841543894594e+01 3.430148709872549517e+01 3.801048804303566442e+01 3.381175920048072214e+01 2.542521441732165499e+01 3.585641461556135567e+01 4.233163608222640306e+01 4.815859906834536730e+01 4.980095264180776837e+01 5.396538752319381160e+01 5.693700707590326004e+01 5.449694842421460095e+01 5.015658944532531649e+01 5.015652681742573549e+01 4.515433662615169652e+01 3.488423126405518104e+01 3.559597896944611506e+01 4.588388210134564105e+01 5.256068918850338889e+01 5.823096785379544116e+01 5.071415488075415112e+01 4.158685932346127601e+01 3.139340224048216044e+01 4.158518615638237037e+01 4.783282910263471877e+01 5.218966672077728219e+01
2.259637118059625749e+01 2.339129587163579771e+01 1.382979673308349255e+01 2.371039503320602293e+01 2.090741633235998975e+01 2.364715297285492923e+01 1.534277455391416112e+01 1.534277455391416112e+01 2.636154482118734776e+01 1.652054579406065926e+01 2.668617952448619235e+01 3.307052792508034145e+01 4.033820283987278543e+01 4.058519560581948582e+01 3.044592933049904104e+01 3.585641461556135567e+01 2.784727417544331374e+01 3.388778059635207285e+01 4.401749215761444844e+01 4.977652633836866869e+01 5.390994578541567961e+01 5.817368829391490692e+01 5.015656739144735354e+01 3.977937542582269259e+01 3.977937528987217775e+01 4.417467375634615223e+01 3.987059157842698198e+01 3.202412536333110182e+01 3.787510892199953361e+01 4.822023574554799552e+01 4.776761113017105487e+01 4.605771412458641834e+01 3.664653829647279792e+01 3.000433549186569593e+01 3.722740256671198722e+01 4.753803048466313896e+01 4.812121656010555881e+01
1.224094636448992013e+01 1.272615476345857566e+01 1.322729206796943124e+01 1.374607714100873324e+01 1.429368848209184328e+01 1.429368848209184328e+01 2.544805872623540921e+01 2.636139651639504322e+01 2.440099347107198824e+01 2.820663707287857846e+01 2.478728757855935072e+01 3.642969108463048400e+01 4.612435662441031070e+01 3.636243375263600797e+01 4.058057722707502535e+01 3.613092905318595882e+01 2.964678276190504036e+01 3.993145441205037827e+01 4.270282336866901574e+01 3.977279966245011167e+01 4.977652633838031448e+01 5.383325768941734424e+01 4.339862283883428518e+01 4.281877224380961877e+01 3.255498856974673316e+01 3.768687522304939108e+01 2.962805315818808438e+01 3.551895509533743933e+01 4.581503713460904237e+01 5.083225736054340160e+01 4.055219458809500566e+01 4.245737200406725975e+01 3.292142847539965800e+01 2.867463576573036477e+01 3.896126944445849460e+01 3.776905603980655002e+01 4.505190206490868832e+01
2.282534409956631549e+01 1.574305896781982206e+01 2.398858394451296050e+01 2.418298754730089684e+01 2.046553189821763397e+01 1.527242847209202559e+01 2.623661169555165529e+01 3.192950564252145895e+01 3.462211730757088901e+01 3.872630896509895138e+01 3.672670682837786416e+01 4.139742998775243876e+01 5.013398945977175458e+01 4.205650666312718755e+01 4.887573979841999261e+01 4.359809215919269576e+01 3.566521669878542866e+01 3.252016397667868830e+01 3.252016397667868830e+01 3.977279966245011167e+01 4.977652633835563734e+01 5.132315095399150096e+01 4.091400561346057430e+01 3.502762191047997931e+01 3.768687522304951898e+01 2.742253914694710559e+01 3.768687522304961135e+01 4.417463313012197546e+01 5.014615004262088860e+01 5.083225807494481785e+01 4.055219458846512737e+01 3.353779898142929738e+01 3.769851793368384563e+01 2.741524908141112959e+01 3.132024867859841777e+01 4.157437492147870017e+01 5.093313334528460956e+01
2.091023614553404286e+01 2.638712324239189400e+01 3.043154098590063583e+01 2.998549746302681029e+01 2.983730435212454424e+01 2.598580573433676477e+01 1.671450814923463568e+01 2.766232800731751240e+01 3.338707536898296269e+01 4.067900724946532165e+01 3.711015140647867838e+01 4.100078407920375412e+01 4.762479685140589680e+01 5.157256859167898000e+01 5.552774424706937140e+01 4.989422121235929808e+01 4.575924350527100870e+01 4.270282323296311233e+01 3.252016397667868830e+01 3.846999313014143240e+01 4.848497700475746797e+01 5.566635397104862903e+01 4.964373297373589367e+01 4.017052890662776576e+01 2.993015741685000464e+01 2.742253914694710559e+01 3.599942854085215771e+01 4.028920480769767920e+01 4.168146259198172743e+01 4.604295512736407403e+01 4.520797055552712607e+01 3.488465413418228422e+01 2.823276887998459372e+01 2.625597092378071551e+01 3.652305011801919221e+01 4.346320976616601683e+01 4.036906610981368004e+01
3.108925550897268764e+01 2.649665657408434782e+01 3.617244838570994148e+01 3.904015629983292257e+01 3.373755768397231947e+01 2.318173847980321156e+01 2.765812421150020484e+01 1.824030099555413287e+01 2.609514814336799660e+01 3.073443391036463979e+01 2.631108693752515748e+01 3.172072541003602097e+01 4.214223767401107068e+01 4.933314504837086645e+01 5.380272299690292925e+01 5.552326185588162133e+01 4.556962396478893140e+01 3.846999313014143240e+01 3.715640245498599370e+01 4.270282336950228341e+01 5.261677046266344604e+01 5.349659064338420222e+01 4.306251857133079142e+01 3.581624779096191702e+01 4.017052890419358846e+01 3.298573813092269091e+01 2.574683011743864824e+01 3.437833855713036968e+01 3.136859857039998900e+01 4.167349701209431601e+01 4.400649643810893963e+01 3.488451330867827238e+01 2.465178703745080213e+01 3.485339742191297319e+01 3.831665983389667929e+01 3.317532271644304132e+01 4.036906610981368004e+01
3.369377132489606907e+01 3.556435870591737824e+01 3.340142920709859453e+01 4.286228050213721019e+01 3.809732768697676164e+01 2.939446261727838206e+01 2.892145656358927397e+01 2.914543696854432397e+01 1.985249647961680708e+01 1.985249647961680708e+01 2.775790300096328167e+01 3.829045751240896323e+01 3.919503862721751375e+01 3.853182593267308675e+01 4.687558385459608701e+01 5.114254616267255216e+01 5.261677110213339859e+01 4.556962396478902377e+01 4.298413654717972321e+01 5.132043331712309708e+01 5.683271659204142878e+01 5.657168537063703440e+01 4.611858752584608112e+01 4.611858752584607402e+01 4.759267560432573418e+01 4.028491720603489057e+01 3.437833855713047626e+01 2.414653379952880385e+01 3.299218646212336381e+01 3.709492855277771639e+01 3.972601479236005417e+01 2.947918568840586673e+01 2.359462663595047616e+01 2.590831829861492253e+01 2.830964743777817105e+01 3.264859494939796747e+01 3.981396895704478567e+01
2.580794838934286162e+01 3.867804925715716280e+01 4.286228050213721019e+01 4.673918464601626965e+01 4.389967579404334685e+01 3.957101914910213480e+01 3.857531787146456992e+01 3.437273073959043757e+01 2.388836083681682254e+01 2.113921162284546185e+01 3.186112832823510033e+01 3.641740853059527439e+01 2.993893367515596893e+01 3.319702344210205780e+01 3.676974926844955860e+01 4.255390433341513301e+01 5.277910786754421224e+01 5.552326185828535898e+01 5.293525042245935452e+01 5.707162735726636527e+01 6.132111930972001801e+01 5.086250214078376075e+01 5.086231587947925448e+01 4.691939228624461578e+01 4.365071338074999119e+01 3.746538616030080959e+01 2.721676456814488176e+01 3.299218657079585171e+01 2.276140486047243172e+01 3.164316158167549986e+01 3.569910377953812031e+01 3.153521100351045447e+01 2.254470385496344775e+01 3.277594527731849894e+01 3.831664942356925962e+01 4.263411122253984331e+01 4.290506753546867458e+01
3.131635859963702373e+01 3.426960055052067844e+01 3.767776808333173477e+01 4.184064953665176034e+01 4.690661998140845412e+01 4.602378079209140083e+01 3.600976568080597673e+01 3.007599117383891851e+01 3.304670526415511489e+01 2.245011603227341723e+01 3.278205619858152176e+01 2.607009084741883242e+01 3.641740853059527439e+01 4.330263177188921020e+01 4.687558385459608701e+01 5.114254616267255216e+01 5.706783254156493257e+01 5.620648494769917392e+01 5.757156088286030382e+01 5.328779796392262824e+01 5.757156088286030382e+01 5.086250214078376075e+01 4.043108931049030730e+01 3.658292200880692491e+01 3.337839357436612175e+01 3.054452827584818664e+01 3.746152072526400900e+01 3.296378731201779999e+01 3.164316158167858362e+01 2.139568930128370638e+01 3.030580534357251565e+01 2.128638085441955496e+01 3.153521105500082555e+01 2.577263091099381853e+01 3.600972071429259103e+01 4.276667406730336296e+01 4.276667583861309652e+01
2.128488506402565861e+01 2.414721355721390594e+01 2.745325931454557633e+01 3.257847012239772511e+01 4.277708841251495642e+01 5.011971589313458253e+01 4.435935286124161081e+01 4.024218647060153842e+01 3.549028903882351926e+01 2.511813710522366705e+01 2.245011603227341723e+01 3.312157626437780777e+01 4.065963778076654478e+01 4.336213455063854383e+01 4.336213455063854383e+01 5.394439323243936713e+01 5.322966323987404280e+01 4.595509471200108464e+01 5.243483144484474678e+01 4.304269600789481132e+01 5.243483144483246861e+01 5.517645292629093490e+01 5.086231587918093311e+01 4.691939228023353081e+01 4.327096596454050825e+01 3.565040282037454489e+01 4.499564795976171894e+01 4.311700778269288747e+01 3.583249260851398788e+01 3.007917914215028432e+01 2.005175070993404418e+01 3.030138254095654204e+01 3.576317792281187735e+01 3.600972071317061562e+01 2.927853325133041196e+01 3.251192143214088759e+01 3.973605474953419048e+01
2.754560171610471642e+01 3.426960055052067844e+01 3.767776808255031540e+01 4.184064437305693929e+01 4.690658314046161337e+01 5.125048041566675749e+01 4.118576632937134718e+01 3.405299679969391491e+01 2.890240169066395026e+01 3.477089051879259074e+01 2.431336233476819331e+01 3.482831799631144065e+01 3.738307201696499504e+01 3.300609446068446573e+01 4.027785302818516300e+01 5.080824883232221367e+01 4.895765739544748385e+01 3.871219435952530574e+01 4.304243655368545518e+01 3.791962612146215861e+01 4.816524698590873044e+01 5.222874915090429937e+01 4.783302896995773779e+01 5.219005375679950021e+01 5.031426618534139550e+01 4.608356438798828236e+01 5.046016229626791727e+01 4.255135474620605152e+01 3.240893182507008419e+01 2.532300172102630498e+01 1.941765154162268203e+01 2.874580859250194820e+01 3.677059816694379890e+01 3.952383420899305122e+01 2.927853325133041196e+01 3.952383420924827107e+01 3.973605474953419048e+01
