output/example_1/elevation_000350.asc
nrows	75
cellsize	13.33333333
xllcorner	0
ncols	75
yllcorner	0
NODATA_value	-9999
[rows 0 to 16 of 75, columns 0 to 36 of 75]
1.369999999999999864e-02 4.096182904638636657e+00 9.096182904639848132e+00 1.616725072289103338e+01 2.616725320044293923e+01 3.352457368602108545e+01 3.352457371765135719e+01 3.765905648316063292e+01 4.045290088633378645e+01 3.529209390864959062e+01 3.098646330364974233e+01 3.529209388263986824e+01 3.943278558813874923e+01 3.554603970208792418e+01 3.985688838694675695e+01 3.763555419286946346e+01 4.194477961718728665e+01 4.718071410755958084e+01 4.692652449153278127e+01 4.276982066792918147e+01 4.276982066792918147e+01 4.276982066792918147e+01 4.692652449153278127e+01 4.591404166304648982e+01 4.172585777941053209e+01 4.172585777940657437e+01 4.172585777941053209e+01 4.591404166305274259e+01 5.423536557301107308e+01 5.004579889041132645e+01 5.004580058369452189e+01 4.910041275034132013e+01 4.910041275034132724e+01 5.329031202108656373e+01 5.185009070039455281e+01 4.766728710911846179e+01 4.668717027093646266e+01
1.279999999999999888e-02 1.001279999999996306e+01 1.823829427976729534e+01 2.323834033166841095e+01 2.850362969516239176e+01 2.348268819426800391e+01 2.348268819428224674e+01 3.352457371765135719e+01 3.009295855983090107e+01 3.014295124336976528e+01 2.072811918620638494e+01 2.903707378368909175e+01 2.903706990395687981e+01 2.515692661998883040e+01 3.240551535300620145e+01 2.717547651314765744e+01 3.237125498854126704e+01 4.289985339720239921e+01 4.276982066792918147e+01 3.271136753011220577e+01 3.271136753011220577e+01 3.271136753011220577e+01 4.276982066792918147e+01 4.172585777941065999e+01 3.152050620088041910e+01 3.152050620088041555e+01 3.152050620088041910e+01 4.172585777941065999e+01 5.004579746799686291e+01 3.990682599663300323e+01 3.990682599722435953e+01 3.895616175516894231e+01 3.895616175516894231e+01 4.910041275034132724e+01 4.587013257970373559e+01 3.720218381977945654e+01 3.619435693394421349e+01
1.299999999999999940e-02 9.418707680914470970e+00 1.795442103036993942e+01 2.556076625957951975e+01 1.847460129970018627e+01 1.640018378732141002e+01 2.642388836713620393e+01 2.469311403483064282e+01 2.279757053045086934e+01 2.585729124491804853e+01 1.573011056365978177e+01 1.883553990531205713e+01 2.604641322360066624e+01 1.933949087269077083e+01 2.210217345778349340e+01 3.240551535300620145e+01 4.194477961718727954e+01 4.718071410755958084e+01 4.276982066792918147e+01 3.271136753011220577e+01 2.568041923889087741e+01 3.201433457405967431e+01 3.584724637567320116e+01 3.478624283257262562e+01 3.060065856793057648e+01 2.454373973813128629e+01 3.152050620088041555e+01 4.172585777941046103e+01 5.004578257800292107e+01 3.990682598320917407e+01 3.272839312986897653e+01 3.178161291777837150e+01 3.809261859437673792e+01 4.823165038794434878e+01 4.162525778503627549e+01 3.108723540631385163e+01 2.872748807080231259e+01
1.369999999999999864e-02 5.432161508690803942e+00 1.522487479590042625e+01 2.141203195826777517e+01 1.139927983575434034e+01 1.748652869359722928e+01 2.166112215156084986e+01 1.449792335237326846e+01 1.896670500881601740e+01 1.965586499370106566e+01 1.195876739179308679e+01 1.384681677495444063e+01 1.592671212814279791e+01 2.302651814228515548e+01 3.240551535300620145e+01 3.672304190216574682e+01 4.071199854319886668e+01 4.466972308919302748e+01 4.570905360840333742e+01 3.565742024593166803e+01 3.201433457405967431e+01 2.206563245153279951e+01 2.586191292545322185e+01 2.764781459322645318e+01 2.080721624398964664e+01 2.507541320562651421e+01 3.075427412976715758e+01 4.096775573896086087e+01 4.501276442505668030e+01 3.917149310412958840e+01 3.497760962537386575e+01 2.799885163706635538e+01 3.512120409512480279e+01 4.526625391311373647e+01 4.297740001867522608e+01 3.246092250214038444e+01 2.508724419645891501e+01
1.290000000000000001e-02 9.705454865077783211e+00 1.193430085936081397e+01 1.294189886762808150e+01 1.394402832975555739e+01 7.476923954244040438e+00 1.512434076436449715e+01 1.548079366606653018e+01 8.159094882003733673e+00 9.602445614108702898e+00 1.276245919503404380e+01 2.284389487794622653e+01 2.604643303733437421e+01 3.033496741475042313e+01 3.764341668721335310e+01 3.899081778655575192e+01 3.075930352905502829e+01 3.899081781421342185e+01 4.320965633819400864e+01 4.378561952037194516e+01 3.616839409555853280e+01 2.878654938061378843e+01 1.870653367066550388e+01 1.769743387884253849e+01 2.764781459322645318e+01 3.478624283256667127e+01 3.927878476649487283e+01 4.516238540581677796e+01 4.081906505669013541e+01 3.070089521960768053e+01 2.493569722541039724e+01 3.229396347757657537e+01 3.648268009367653519e+01 4.230972479412413634e+01 4.056473403108415710e+01 3.006858511800550815e+01 2.270676325916492289e+01
1.299999999999999940e-02 9.797364890456623510e-01 1.951022351402925015e+00 2.936351629567216293e+00 3.941389444826426836e+00 5.073666478971019522e+00 5.073666478971019522e+00 6.252177914281884519e+00 9.265585522401917018e+00 1.900714201827785388e+01 2.284389487794549822e+01 1.810118218699896886e+01 2.525607786180450276e+01 3.561488131755900355e+01 4.030291089022625783e+01 3.484396575504862170e+01 2.457330579718944819e+01 2.896954597833817502e+01 3.920443353416509780e+01 3.967034444282484174e+01 2.976280717145151655e+01 3.157945181263453094e+01 2.590172666439364946e+01 1.551353153987715494e+01 2.590362244204892406e+01 2.900776971581323238e+01 3.899401588705785571e+01 4.672998565056471421e+01 4.275163928071473407e+01 3.916263925643497146e+01 3.229293265244633915e+01 2.226450595379251851e+01 2.803212717201601123e+01 3.811528122196060764e+01 3.832694056870916199e+01 2.784891216871205799e+01 2.045597521019310605e+01
1.299999999999999940e-02 1.001299999999996260e+01 1.195602310932073920e+01 1.000829417697753598e+01 9.715131434573041957e+00 1.508065216217284465e+01 1.215688717051479983e+01 1.125428035322004305e+01 1.900712500186048715e+01 1.420055274874921203e+01 2.381373128780795412e+01 2.829010114899095640e+01 2.638731864221103862e+01 3.675651239548184890e+01 3.624987606769496296e+01 2.580378161311145035e+01 2.001541217631653069e+01 3.084768282431450359e+01 3.782250328823693053e+01 3.999145774490432359e+01 3.158087413541263544e+01 2.151520821391181215e+01 2.431937685091895318e+01 1.402065809671908525e+01 1.881331369673378617e+01 2.608180587750164392e+01 3.607167129729369748e+01 4.275164362028942122e+01 3.304742532193227333e+01 3.588939095071410890e+01 3.059321444013557212e+01 2.053311539462087865e+01 3.059855178848820145e+01 3.896776327387569694e+01 3.763670818527326389e+01 2.906843495389938781e+01 1.857611857265915845e+01
1.290000000000000001e-02 7.083978731897869530e+00 1.708521332849091934e+01 2.002558233256308995e+01 1.972920905835567496e+01 2.389290102539120397e+01 2.228863705495863456e+01 2.136614612850963368e+01 2.136612806096145434e+01 2.098561145431232688e+01 2.098561145431232688e+01 3.064141654585059626e+01 3.675651239549399918e+01 3.785844719977576744e+01 3.381807211425289239e+01 2.771979570891389955e+01 1.679669208028414218e+01 2.314899032527740630e+01 3.372395810695957863e+01 3.592692820412617749e+01 2.608211398353881449e+01 2.018328251382308736e+01 1.546080025484607212e+01 1.267879841069340685e+01 2.307861836267637656e+01 2.718941310707315751e+01 3.189766096399491246e+01 4.012178583276930510e+01 3.521742279914336393e+01 2.612202962323435429e+01 2.234662854631505979e+01 1.884319369037471148e+01 2.471094291451084857e+01 3.477755398461858505e+01 3.334514729222870244e+01 2.286582854106368146e+01 1.675582997363050453e+01
1.349999999999999985e-02 1.001349999999996321e+01 1.413942665104751661e+01 1.656546287713427645e+01 1.914762051925622544e+01 2.248099874153657751e+01 2.626072528959888430e+01 3.040343585588177788e+01 3.163779693536233140e+01 3.064141654585021612e+01 3.064141654585123220e+01 3.479144589082892480e+01 3.708375795339045311e+01 3.195742855619133138e+01 2.341461028131194055e+01 2.512830462467562853e+01 1.439384615964296898e+01 2.512830462467562853e+01 3.347655632992629648e+01 3.718824149474706076e+01 3.431298436607937674e+01 2.979323398351436580e+01 2.171013698490170896e+01 1.141501338249219089e+01 2.040556440215411982e+01 1.632440203472269857e+01 2.304900785150860187e+01 3.569238176730859635e+01 3.166904794558625724e+01 2.905961868976557838e+01 2.536869491679603428e+01 1.723366821151970996e+01 2.444991685355459410e+01 3.453430354202964736e+01 3.306778510973534679e+01 2.257601318058456030e+01 1.510295247352989634e+01
1.379999999999999977e-02 2.055041452319313677e+00 4.140185592890058608e+00 6.565541843253384968e+00 9.147530740725020593e+00 1.248086407425028632e+01 1.626050881959740124e+01 2.333160502419488935e+01 3.333224716015907063e+01 3.405163281513851814e+01 2.981479713024730316e+01 3.405163281513772233e+01 3.303821573136630718e+01 2.258430892256007283e+01 1.719118796773969038e+01 2.286488664811611571e+01 1.225810627467168068e+01 1.836121859598979356e+01 2.916481451193781993e+01 2.680217755689008285e+01 2.984418525451391346e+01 2.778275676122743221e+01 1.754728032423274797e+01 1.030771865946773147e+01 1.030771865946773147e+01 2.058160708635173464e+01 3.062899685734737432e+01 3.312357910863697441e+01 2.773908830451033936e+01 1.919362439031985801e+01 1.525852249508747427e+01 2.526537007453392647e+01 3.104630634694709812e+01 3.370844667546113271e+01 2.761775633921514128e+01 2.237059058758741514e+01 1.405924521380559256e+01
1.290000000000000001e-02 1.001289999999996283e+01 1.413896457734600354e+01 1.230486394488320023e+01 1.914512786721887849e+01 1.731273341836091362e+01 2.626072528959888430e+01 3.040343585588177788e+01 3.061308106709062926e+01 2.879702852743717756e+01 1.918936751800093532e+01 2.879702852743711361e+01 3.708375792633997037e+01 3.195742855619122125e+01 2.306174485779895278e+01 1.248525157580291456e+01 1.031463299005879186e+01 2.093034117933212812e+01 2.984418525445077819e+01 1.920334806438682662e+01 1.920334806438682662e+01 2.662853788498285468e+01 2.323105223786016182e+01 1.903195993598375324e+01 1.030771865946773147e+01 1.620495872104572399e+01 2.647152644534363120e+01 2.588668584911055603e+01 1.877106701605142547e+01 1.339731212867003052e+01 2.354535021874959710e+01 2.777762651596714605e+01 2.397247639917427264e+01 2.408063267327063528e+01 2.275514789708282848e+01 1.368599092804620376e+01 2.205696094354933123e+01
1.359999999999999924e-02 7.084695907151750127e+00 1.708748953428791850e+01 2.229850012415223404e+01 2.641300272656128101e+01 2.731795855181240285e+01 3.147942361681142742e+01 2.745392224102354461e+01 2.006766533196200797e+01 2.450208232412411036e+01 1.392026641539003329e+01 2.450208232412411036e+01 3.075573216358828077e+01 2.798496241935582063e+01 2.728708677752554124e+01 1.895945654619617571e+01 8.405056940436036683e+00 1.675871219581299698e+01 2.110903210348995884e+01 2.224760378692571194e+01 1.197679703461758471e+01 1.993868419373167100e+01 1.902582395190486153e+01 8.857631485203331323e+00 1.902975590691600161e+01 2.471269799628693420e+01 2.876258089312625899e+01 1.875842420270437572e+01 1.169377952153614864e+01 2.174613755136179449e+01 2.479953016092801832e+01 1.994585715532839032e+01 1.033605589770722233e+01 2.057271472484485031e+01 2.485719062661223333e+01 2.140861299426896736e+01 1.251493906361971398e+01
1.349999999999999985e-02 1.001349999999996321e+01 1.793498292991555942e+01 2.293499179694785184e+01 2.868679515651221834e+01 2.463192205586656058e+01 2.868643328289928007e+01 2.315634263551583771e+01 1.263695119309170245e+01 1.650329308383164317e+01 1.048817281610558361e+01 2.097481035454581644e+01 2.174625582022330050e+01 1.916209893529834218e+01 2.556530584691109453e+01 2.329540056823887184e+01 1.675844190797922550e+01 6.213837865092652457e+00 1.663480257075512725e+01 1.548791242974227877e+01 8.799950069936054220e+00 1.198372747892691770e+01 1.647854567051600938e+01 7.795735322541475831e+00 1.797673922958636794e+01 2.300997269176657412e+01 2.682425781996362346e+01 2.054583237276338537e+01 1.060351028347383640e+01 1.978415728775886961e+01 1.926513719211208553e+01 9.989952044381279705e+00 1.033605589770722233e+01 1.068305121992742990e+01 2.064475606402816865e+01 1.185283119063511315e+01 2.130993997739351187e+01
1.319999999999999993e-02 3.792844730092274297e+00 8.792844730092289396e+00 1.879284483304170905e+01 2.376382226998319780e+01 1.476295515439961115e+01 2.376350139568345909e+01 2.124405606252606660e+01 1.598741232661508249e+01 5.996971881144149030e+00 1.616750363813092406e+01 1.914991356091369212e+01 1.776442416372248800e+01 1.337268016688136107e+01 2.166788915038802799e+01 2.409140122702458342e+01 1.264286902629794085e+01 4.784071165761775823e+00 1.450014258986978533e+01 5.264984396932920419e+00 5.605478242261271227e+00 5.949449243683486266e+00 6.296332576396948433e+00 1.640956124320716469e+01 1.662748089880203395e+01 1.336908321801877442e+01 1.768921035649772477e+01 1.803687609704248374e+01 1.325835942291288205e+01 9.073440695791719079e+00 9.476082278419360350e+00 1.548428536046289672e+01 1.258941773209717674e+01 2.062895034384187554e+01 1.120628428605390070e+01 2.123587584404846851e+01 2.548553693723097524e+01
1.299999999999999940e-02 1.001299999999996260e+01 1.793498292991555942e+01 2.293498234322416707e+01 1.969743219712929871e+01 9.762894274298689723e+00 1.473015944690440548e+01 1.578961678765524113e+01 8.876967265544951857e+00 2.859123856309007117e+00 8.311153308928988181e+00 1.238398457520021800e+01 9.176174692383618492e+00 1.637162143504401968e+01 1.941708272877266239e+01 1.855597220522228952e+01 1.687249136431498897e+01 1.438346853572490680e+01 4.784071165761775823e+00 1.473246141650188790e+01 8.838035026199932531e+00 1.107298886389203574e+01 1.314965440073350145e+01 6.833688461217917620e+00 7.226233021680410040e+00 7.636886180264025548e+00 7.636886180264025548e+00 8.061824282657557461e+00 8.492383024604787778e+00 1.338628182300637448e+01 1.331965466739237769e+01 2.058702840531640632e+01 1.952026105871209438e+01 2.529100035630280274e+01 2.123589690521918527e+01 1.236409942365073888e+01 2.244110557729807454e+01
1.349999999999999985e-02 7.087952709220834535e+00 1.710810380495746585e+01 2.253326429164066980e+01 2.046135403830306032e+01 1.462015259701946590e+01 4.757672090976669210e+00 1.157630858973954346e+01 2.142612748396672373e+00 2.428885025804919717e+00 2.714875658202903441e+00 5.469110266550573307e+00 1.136039125621836909e+01 1.311552659339408322e+01 1.228793702891189099e+01 9.186676862805551735e+00 1.350118557124796403e+01 4.318418897585908134e+00 1.447082223877163187e+01 1.911042186211469485e+01 1.711292336294673788e+01 2.004866857049632145e+01 1.449852997287472789e+01 1.700381532796951589e+01 1.730842591386426932e+01 8.600761753826223099e+00 1.348870138168899224e+01 1.070935737554700928e+01 1.834209238463227720e+01 1.146327580185331030e+01 2.024466075530237319e+01 2.576191274783300500e+01 2.968519885484739973e+01 3.263714858303448807e+01 2.663822137375165156e+01 2.243854779364852092e+01 1.354309391947836261e+01
1.369999999999999864e-02 7.394399753046296375e+00 1.799376307556649479e+01 1.454957174659953800e+01 1.449189173554612786e+01 8.087849628228322985e+00 1.742125339654860161e+00 1.742125339654860161e+00 1.102453166713753241e+01 7.837203753317147914e+00 8.792238898333907926e+00 3.120543233327982779e+00 3.409687750079191559e+00 3.699321896985245051e+00 3.989920292918764932e+00 3.989920292918764932e+00 3.989920292918764932e+00 3.989920292918764932e+00 1.152841369494729484e+01 2.289196617655512611e+01 2.834182315087606341e+01 2.885179726943037792e+01 2.461313443234355347e+01 2.604068158558853341e+01 1.571152789302515984e+01 2.053381229620786996e+01 2.139025547929156446e+01 1.337035773911372516e+01 2.394260566237979759e+01 2.101410467822992700e+01 1.462499366881471197e+01 2.142306857690947197e+01 3.130230138464039413e+01 3.298212206001142732e+01 2.214959950346632311e+01 1.483384838454848875e+01 2.357449511615990545e+01
