output/example_1/elevation_000336.asc
nrows	75
cellsize	13.33333333
xllcorner	0
ncols	75
yllcorner	0
NODATA_value	-9999
[rows 17 to 33 of 75, columns 0 to 36 of 75]
1.309999999999999880e-02 1.001309999999996236e+01 9.882224175017617185e+00 6.799093388744212874e-01 9.279144886597181952e+00 1.349297072729237490e+00 8.202613214023012134e+00 9.635424233278129691e+00 9.401617332936156757e+00 1.100078067850828134e+01 4.084589919977949179e+00 1.165571439115228181e+01 1.017366814839938804e+01 8.339140477256298922e+00 5.233579104089180589e+00 1.362561579093283726e+01 4.524765502549770169e+00 1.470161305205126290e+01 1.978939061739922067e+01 2.373235508760534884e+01 2.784353419169970678e+01 2.974843487480635673e+01 3.378388689599084671e+01 3.564900474782202622e+01 3.850787113927133731e+01 3.171786768078180785e+01 2.240228857598676271e+01 2.375156144562831884e+01 3.393676527437429513e+01 3.126815965899605487e+01 2.068304955510068766e+01 3.126815965899605487e+01 3.856809714992542126e+01 3.591241135920760996e+01 2.739783459825807554e+01 1.710250961409330017e+01 1.457089254539744339e+01
1.379999999999999977e-02 2.887286996141058548e-01 2.887286996141058548e-01 8.936863437051313142e+00 1.094910945745357722e+01 1.255863120942573374e+01 5.601754040717734640e+00 1.522616295617298476e+01 1.893801412582835653e+01 1.777189832126626712e+01 1.416672125123321102e+01 6.825332306032236396e+00 1.646017216827247864e+01 1.154291727390995881e+01 1.840149754338832011e+01 1.869264366367045582e+01 1.469912450324526532e+01 5.414967279932623612e+00 1.560798135282981391e+01 1.358921150362741059e+01 2.372915238002124738e+01 3.198809822369008771e+01 2.808371743232923379e+01 3.216046041512966980e+01 3.778775775191703445e+01 3.681272707042363379e+01 2.960487322312813774e+01 3.095337163365419997e+01 3.816274366595376222e+01 3.553185362499151267e+01 2.606691020505548906e+01 3.553185362499151267e+01 4.128318837040186651e+01 3.178678805715175670e+01 2.149378022223067575e+01 2.739783500730820975e+01 2.469601194970817204e+01
1.379999999999999977e-02 1.001379999999996251e+01 2.887286996141058548e-01 3.811786665118649164e+00 1.302450795595499144e+01 1.856462691913880647e+01 1.540225739235865632e+01 9.116533012925271962e+00 1.899585305506915134e+01 2.020582028623251603e+01 1.011937582395459856e+01 1.684368621091640961e+01 2.086745693472785490e+01 1.856802119351628733e+01 2.500278287187164850e+01 2.409346068659259998e+01 8.169906738026041282e+00 8.625691290023249636e+00 6.350127652995187333e+00 1.655008644841140963e+01 2.134559174631399614e+01 2.285005603623016768e+01 1.832161135422065001e+01 2.400375064586522811e+01 3.365705570923582712e+01 3.834023757476155936e+01 3.978944408159501478e+01 4.113931464731275156e+01 4.297925225911819780e+01 4.070840307114522716e+01 3.646940911293660292e+01 4.070840307114448819e+01 3.719933168282206992e+01 2.707338889774177559e+01 3.178678805714958244e+01 2.643408854188914603e+01 1.586720034299348825e+01
1.290000000000000001e-02 1.001289999999996283e+01 6.062222768692312691e+00 1.307032399710662318e+01 9.831629084410101527e+00 1.634820284825570980e+01 2.300157638989671938e+01 1.899585305506924726e+01 1.334775534250315232e+01 2.315612058758793523e+01 2.020583333811298132e+01 1.389146763723643652e+01 2.383767461976935564e+01 2.850206283307706556e+01 2.948760368941787036e+01 2.135839944706007998e+01 1.084327522605801164e+01 1.284891937317834021e+01 1.656382125388638471e+01 7.310458166881577569e+00 1.753673307247886726e+01 1.290511899250866890e+01 2.285005769534057052e+01 2.882199973744508981e+01 2.829042987777174289e+01 2.829042987777173934e+01 3.260134429690047142e+01 3.674715539064497705e+01 3.297377160910320981e+01 4.002558159420671302e+01 4.543608043703923016e+01 4.528458301371862404e+01 3.538221107263292708e+01 3.719933168282206992e+01 3.194315992057308762e+01 2.100552908752126058e+01 2.643408853061380626e+01
1.290000000000000001e-02 1.001248473549478391e+01 1.605685156638002553e+01 2.016657834120301374e+01 1.890071358756354769e+01 2.286161271904690651e+01 3.005815243444277840e+01 2.597714101035639089e+01 1.669263909764042708e+01 2.655728708517372993e+01 2.694732106278747352e+01 1.711375559390167922e+01 2.204150252207762151e+01 3.182972396085303757e+01 2.556636053448398016e+01 1.530343774020898806e+01 2.135833378030246976e+01 1.858171225161164131e+01 2.155980115918572082e+01 1.706189422879341677e+01 8.287436985716640336e+00 1.852144214878208217e+01 2.368212200698408054e+01 1.873578534119078398e+01 1.821494741624158920e+01 2.498306933606859204e+01 2.253820919375688092e+01 2.880092613986229111e+01 2.585451650411834024e+01 3.131123070159329558e+01 3.823419656139076750e+01 4.236443014212382252e+01 4.528457895570096525e+01 3.988985639381004944e+01 2.865153046529587755e+01 3.194315992057308762e+01 3.618443145111010040e+01
1.309999999999999880e-02 1.001309999999996236e+01 1.509972497358447541e+01 1.799520720054328393e+01 2.135013567383275657e+01 2.556634282350617227e+01 3.064239737920144435e+01 3.045774432386716413e+01 2.171171308684846579e+01 3.052924147464383253e+01 3.040564165138518504e+01 2.062403389194563275e+01 3.040564165138518504e+01 3.584681415721355080e+01 2.898176993235025023e+01 1.877754468428581802e+01 2.891647818877125431e+01 2.554491238732364877e+01 2.556915448389944601e+01 1.630844975380824380e+01 1.852144240423859500e+01 9.315579177246489095e+00 1.954479455794405141e+01 1.151460637050193014e+01 1.312175375621617235e+01 1.489033931315623072e+01 1.672304087430574882e+01 1.874658620506378881e+01 2.125819501895915309e+01 2.459902168972167402e+01 2.815775572764603396e+01 3.399789967337043350e+01 4.402220725921094413e+01 4.449407601386074873e+01 3.988985639381004944e+01 4.156764049551143358e+01 3.382323274011087477e+01
1.349999999999999985e-02 2.513500004843238766e+00 5.095489025364711821e+00 7.982243015092824301e+00 1.131562035346894568e+01 1.631759719982315460e+01 2.642832938635999440e+01 3.535170788222315252e+01 3.140330156529518035e+01 3.535170788222315252e+01 3.442666515942981675e+01 2.627931932838675877e+01 3.442666515942981675e+01 3.623377798426688656e+01 2.597877498592703205e+01 2.898239538971351692e+01 3.320037225288321281e+01 3.489279248725384974e+01 2.984805423416989001e+01 2.487350195743082892e+01 1.954477038338436756e+01 9.315579177246489095e+00 9.315579177246489095e+00 1.954479469128432356e+01 1.899479787949011111e+01 2.498297056976066344e+01 2.384457955094181969e+01 2.454776468442399917e+01 3.131181412291045518e+01 2.946608522689789211e+01 3.823120722675203353e+01 4.236443177584330755e+01 4.813695461898079486e+01 4.788855193092477691e+01 3.840353292791474615e+01 3.275190820978340156e+01 2.757565431240733744e+01
1.349999999999999985e-02 1.001349999999996321e+01 1.510175238473954806e+01 1.799445386284907755e+01 2.134964005462531489e+01 2.556634282350617227e+01 3.070848565688371323e+01 3.267311995768204724e+01 2.852861232354868193e+01 2.979740238513277717e+01 3.390097995322260260e+01 3.604230276683865242e+01 4.004750168573032454e+01 4.042196952045128455e+01 3.623377798426688656e+01 3.400374424708407162e+01 2.984836267140886079e+01 2.604410116798258201e+01 2.317723966030382954e+01 2.108450931916355131e+01 1.088889600224930554e+01 9.315579177246489095e+00 1.954479469071005227e+01 2.371865387775521583e+01 2.906516323876561003e+01 3.320081319172396661e+01 3.390573634355866517e+01 3.461085719304433184e+01 3.874666460140032598e+01 3.946776375446269469e+01 4.352500089406311901e+01 4.636400683257890876e+01 5.047732411213570458e+01 5.189807991051235803e+01 4.314605089668007309e+01 3.350908234944400732e+01 3.758038245820490886e+01
1.359999999999999924e-02 1.001359999999996298e+01 1.908969992519018533e+01 2.316368413806515392e+01 2.060719798721066454e+01 2.485584992449488340e+01 3.158437785638334105e+01 2.687589093939531537e+01 1.855135945294277988e+01 1.984601487650044049e+01 2.979549402685976034e+01 3.410694841585933546e+01 3.819658814259535973e+01 4.198530818538741727e+01 3.193919578880454679e+01 2.481554025529072760e+01 1.978340849145253699e+01 1.595881257661012675e+01 1.321675659318504081e+01 1.321675659318504081e+01 2.108450931916355131e+01 1.954479482461008999e+01 1.079127091825309748e+01 2.098663089691960337e+01 2.998071921416975627e+01 2.998425012035043480e+01 3.985194553414873297e+01 4.284938274106235667e+01 4.383671376998878344e+01 3.970522784130479721e+01 3.927526250532626051e+01 3.633914666174770502e+01 4.636400707324292370e+01 5.269982636187139491e+01 4.314605089668007309e+01 4.036081536383462520e+01 4.221620572757822742e+01
1.369999999999999864e-02 1.001369999999996274e+01 9.135779956115701594e+00 1.380730563906653252e+01 1.020110977829366128e+01 1.750707897430125470e+01 2.369476367481888346e+01 2.275958322233492481e+01 1.277876277776577574e+01 2.275852101981390518e+01 2.709220350351453632e+01 2.418814129090685938e+01 3.410715241069810588e+01 4.276741330347115877e+01 3.903061659633808489e+01 3.315914310554447297e+01 2.309695430062348009e+01 2.604410116798019814e+01 2.334868605659324814e+01 1.540970473807429819e+01 2.549992894528961429e+01 2.201920041502608427e+01 1.185004106365692245e+01 2.199435819667246506e+01 1.985171165137098725e+01 2.979651691013446069e+01 3.276847274134565424e+01 3.282231030870745769e+01 3.803226047993653225e+01 2.961826739733168168e+01 2.918443663493256679e+01 3.927536008375055587e+01 4.268416695483841750e+01 4.646931928889691221e+01 5.057920817552569304e+01 4.987020429447899517e+01 4.690104263048199584e+01
1.290000000000000001e-02 9.751504486493750568e-01 1.089863306681555244e+01 3.797187905804033647e+00 1.313665160533130560e+01 1.870880133894800323e+01 1.386814863056464020e+01 1.795588379521901601e+01 9.763639305951583580e+00 1.974974576186317776e+01 1.712882855266370186e+01 2.709327680891243517e+01 3.385691662254630785e+01 3.292003407558767236e+01 4.276706465559043124e+01 3.730682370729696373e+01 3.315914310552317090e+01 2.917519469628789963e+01 1.911006492057013872e+01 2.046736995438840623e+01 2.965808177927674194e+01 2.625243325807106132e+01 2.201600385008391214e+01 1.337746755854148795e+01 2.349560581674559501e+01 2.473836647135576783e+01 2.271161539858630718e+01 2.921643293246630080e+01 3.108441415381595618e+01 2.379634104344483347e+01 2.647582218287573497e+01 2.939523355837052776e+01 3.261372937396044591e+01 3.645474789498279478e+01 4.355664237029805008e+01 5.350114361472006408e+01 5.009492446823485068e+01
1.379999999999999977e-02 1.001379999999996251e+01 2.368616477232607931e+00 1.228713851031801774e+01 5.287899890807462810e+00 1.527585527689663003e+01 6.812885594242120035e+00 7.967586266255135108e+00 1.795610593912224573e+01 1.178394486478980241e+01 2.176648878074155036e+01 1.982078006761135214e+01 2.481453332879280538e+01 3.292431323612353111e+01 3.292630267486281781e+01 4.279344660316026960e+01 3.738550723079806914e+01 2.732996906166771467e+01 2.229339478583387901e+01 3.053248775353397093e+01 3.053248743353698558e+01 3.355944961333581489e+01 2.349721201895921396e+01 2.349721082577609721e+01 1.497569270484945569e+01 1.625218005977333746e+01 1.767332205967368708e+01 1.916227468363916486e+01 2.102567954657578753e+01 3.108441620755588630e+01 3.658273132306931785e+01 3.949961497582535941e+01 4.268416695483841750e+01 4.646931928889691221e+01 5.057920817552569304e+01 4.924767183597988662e+01 4.004292443356560938e+01
1.359999999999999924e-02 1.001359999998074812e+01 1.241016581308828748e+01 1.234990228818685942e+01 1.527585527689664957e+01 6.812885594242120035e+00 1.670670906684135204e+01 1.112986261230071072e+01 2.109895378535335908e+01 2.176748888955953376e+01 1.404850529786781799e+01 2.402610546601035324e+01 2.664437305620762686e+01 2.299504791607287046e+01 3.292643415686522701e+01 3.809870221804960977e+01 4.152509024316469066e+01 3.571466559959379339e+01 2.564424026167363735e+01 3.571466559980641620e+01 4.057523123737544068e+01 3.751531899252727698e+01 2.861849092337879341e+01 1.855809560339099562e+01 2.211412870420581100e+01 2.632290181287349640e+01 2.075992952771388644e+01 2.921655688686625751e+01 2.294977263486840613e+01 3.302441297992074709e+01 3.778064218792533779e+01 4.779490706818773305e+01 4.862854074489365530e+01 4.444639252455863243e+01 4.862854074489365530e+01 4.506533580477593404e+01 3.508141873031031110e+01
1.359999999999999924e-02 7.084667814662387819e+00 1.708467193961383757e+01 2.226235864132171827e+01 2.090837232601403173e+01 1.388134350654152271e+01 1.497218843971662139e+01 1.612726880137733687e+01 1.820532371497059998e+01 2.813571979881005092e+01 2.402702768631689167e+01 1.667469080724845298e+01 1.667469080724845298e+01 2.000831399836414093e+01 2.409021114241501138e+01 2.984436224832825246e+01 3.971343228418071192e+01 3.985831015913318254e+01 3.068585192941386453e+01 3.985831015910626718e+01 3.917849063496382200e+01 2.910885909505285341e+01 2.329637352389556071e+01 2.305302830687054438e+01 3.217743900374590282e+01 3.418160814424988558e+01 2.410634696421585588e+01 3.418160813650725061e+01 2.876306405429437163e+01 2.769115641035264375e+01 3.484047333983332351e+01 4.487883769665594969e+01 4.361833890592247087e+01 3.445754996309432983e+01 4.361833890592247798e+01 3.745546757810243577e+01 3.332080943392060846e+01
1.319999999999999993e-02 7.084267811758304667e+00 1.708426745370029920e+01 2.206529185725534958e+01 2.626106495358962789e+01 2.384188804896147929e+01 2.202352093469374594e+01 2.187257026431922569e+01 2.823645059472186247e+01 2.827476220316297528e+01 3.016465998067444687e+01 2.021051725189479242e+01 2.664519260602165573e+01 2.482527857186275000e+01 2.996357130373565170e+01 3.809870213423793217e+01 4.379335560441802500e+01 4.487489891178328349e+01 4.074347930348857005e+01 4.487489383601430859e+01 4.331491843048594603e+01 3.751531899253132707e+01 2.910885909505285341e+01 2.886463804765137908e+01 3.727215232637991704e+01 3.833008784154193194e+01 2.914343051969521525e+01 3.833008784154193194e+01 3.590842410179340760e+01 3.353250612122396035e+01 4.191874637574299811e+01 4.569626139230113182e+01 3.571419366983182897e+01 2.956274132696230694e+01 3.519143512075081048e+01 3.106762976264916531e+01 2.349943154316038374e+01
1.019999999999999900e-02 1.001019999999996202e+01 8.169527660168357741e+00 1.277628463081669530e+01 1.931840223572194759e+01 2.907636236696390952e+01 3.193269217743050348e+01 3.160255480467919753e+01 3.556165430651975612e+01 3.846324423782646562e+01 3.425783785980919305e+01 2.726581131876165642e+01 2.834969080926576268e+01 3.474288091678729273e+01 3.883151907630774247e+01 4.393385314228516592e+01 4.394057732619499745e+01 4.099424727767240029e+01 4.272673239586924154e+01 3.855586843641890482e+01 4.272673239586924154e+01 4.331491843042532963e+01 3.917849063496382200e+01 3.893540446191116899e+01 4.307247917973536033e+01 4.335443756678566984e+01 3.921978583220064252e+01 4.335443756678566984e+01 4.593630995323285049e+01 4.358370397377233729e+01 4.770439632344430692e+01 4.274825924876353156e+01 3.280065154131511918e+01 2.587623817661088310e+01 3.106762962510005721e+01 2.124213405044682901e+01 2.124213405044682901e+01
7.249999999999999500e-03 3.169527660168375505e+00 1.316952766016833820e+01 1.494893945631833887e+01 2.494647088207352326e+01 2.848648577691247041e+01 2.848648577691247041e+01 3.263735800288103661e+01 3.611932309710977052e+01 3.195865752877968902e+01 3.611932309710977052e+01 3.716329350714879354e+01 3.824065597480609568e+01 4.232851682014560879e+01 4.403881189936921459e+01 3.985789591665945153e+01 3.393202544089395190e+01 3.100675742762458498e+01 3.279663208760033655e+01 2.858057841079908457e+01 3.562317669439686085e+01 4.563601280976674701e+01 4.374443309358122178e+01 3.325037671366619207e+01 3.325037671366619207e+01 3.402855145763891898e+01 3.402855145762886480e+01 3.840003721096659461e+01 3.908081097638279289e+01 4.325337408973085473e+01 5.095751846203053503e+01 4.090286818085719744e+01 3.388614184879499902e+01 3.212188569135694394e+01 2.229628717182436048e+01 2.875173791756769504e+01 2.124213405044682901e+01
