output/example_1/elevation_000317.asc
nrows	75
cellsize	13.33333333
xllcorner	0
ncols	75
yllcorner	0
NODATA_value	-9999
[rows 51 to 67 of 75, columns 37 to 73 of 75]
1.338956698440798831e+01 8.306675294800056619e+00 1.332951976840191755e+01 3.370717385116833498e+00 1.345825570730244358e+01 1.080214514649070701e+01 1.350039845170977593e+01 4.853668411287300977e+00 1.468034636904650192e+01 1.377973846715067729e+01 1.486270956562310630e+01 6.430140132701304800e+00 1.653748211868653328e+01 1.675212509533309913e+01 1.611390541073514981e+01 7.560174488451202990e+00 1.489899600754506181e+01 1.660454629662763537e+01 6.713142714224300533e+00 1.672690691471709812e+01 1.711077218530849819e+01 7.328489729336017611e+00 1.316465503989777552e+01 1.781093749435721918e+01 1.757501658375214504e+01 2.495372709030107217e+01 3.047251354159699233e+01 2.892018846641499863e+01 3.235198642237185140e+01 3.687667022959085017e+01 4.007339612633445114e+01 3.271719021555597351e+01 3.751926285901124203e+01 3.339066870477138593e+01 2.720386784328426444e+01 3.289862527631208167e+01 4.004506414684039584e+01
2.683931884514977106e+00 3.359122719906176613e+00 3.359122719906176613e+00 1.054153449469699311e+01 3.370717385116833498e+00 3.415073863019576716e+00 3.415073863019576716e+00 3.898385595579831886e+00 3.898385595579831886e+00 3.898385595579831886e+00 3.898385595579831886e+00 3.948575652598224295e+00 1.410985396161964722e+01 1.441755702059664479e+01 5.154129070944244440e+00 5.676895217570900876e+00 6.275193013157873700e+00 6.275193013157873700e+00 6.713142714224300533e+00 6.713142714224300533e+00 6.713142714224300533e+00 6.713142714224300533e+00 6.713142714224300533e+00 1.857833738587831007e+01 2.657090248536121280e+01 2.921988778338868542e+01 3.325805464905647568e+01 3.800672976933363145e+01 4.180202022551373631e+01 3.889655371003247808e+01 3.598278655572829621e+01 2.648947839237158419e+01 3.021493869696481127e+01 2.386345064138686567e+01 3.339066870477138593e+01 4.127633756815863109e+01 4.196844932245814874e+01
1.340107402279283555e+01 5.874053340698681680e+00 1.361524861802400466e+01 1.269151259708332624e+01 1.406213445031719012e+01 1.295230221884928312e+01 3.415073863019576716e+00 1.299176733989121502e+01 1.363742430116101190e+01 3.898385595579831886e+00 1.467684600137715911e+01 1.461251706811800233e+01 4.271244823675376168e+00 4.635178063679924243e+00 1.375735179515414330e+01 8.714981313808825902e+00 1.439708657931681657e+01 1.668831079002501738e+01 1.173975651725801761e+01 1.520330941242743528e+01 1.512803040542738486e+01 6.713142714224300533e+00 1.752576676717238868e+01 2.241610498075299418e+01 2.465129714650241866e+01 2.008270651322472844e+01 2.457548571556229788e+01 3.386428885544329859e+01 3.197951029963778424e+01 2.911438009838067842e+01 3.240468838578688349e+01 2.837016039025542469e+01 2.122821525526628506e+01 3.021428036043615961e+01 3.560648757541297726e+01 3.191015681797110659e+01 3.905508830469585746e+01
1.988717626686862161e+01 1.031209873005859379e+01 2.057190005055000626e+01 2.196552114888221396e+01 1.867114542947586742e+01 4.190171226360370760e+00 6.435791597617925852e+00 8.071154439981468087e+00 1.753925604585357689e+01 1.022978705137452238e+01 1.882901369278181036e+01 1.606251821811862257e+01 4.271244823675376168e+00 4.271244823675376168e+00 1.844166627106477563e+01 1.639169813168245682e+01 1.633156153696525337e+01 2.389835044303357137e+01 2.143953648983500671e+01 2.041081226144106964e+01 1.155531224833779902e+01 1.539537106707363634e+01 7.712590460360550182e+00 1.805947655228608539e+01 1.468950754507455336e+01 2.465129714650241866e+01 3.325806861062596909e+01 3.800672823693459179e+01 3.197841113448138373e+01 2.274373759516975113e+01 2.665164625070744364e+01 1.960229728918361403e+01 2.837016039025715841e+01 2.364926048500577949e+01 2.575399666959595635e+01 3.266448653370976984e+01 4.271452858913248463e+01
2.494117060279222997e+01 1.953422776216680745e+01 2.627656615035731846e+01 2.288547012085444621e+01 1.257624867019086423e+01 4.624556267853263236e+00 1.505624868344932565e+01 1.825796195829340007e+01 1.340850745976618974e+01 1.984266059891280420e+01 2.382844117227097058e+01 1.799456363925819247e+01 6.698665578627441164e+00 1.745844879639828306e+01 2.406278593135297328e+01 2.753585885682790391e+01 2.602412524867515486e+01 2.992238430964713558e+01 2.475331285527114744e+01 1.652663213108663953e+01 1.727197332312107392e+01 1.734060663500431332e+01 9.047889284893138040e+00 8.453546226341478231e+00 2.059502508852772706e+01 2.859987072240481254e+01 2.972260086698214465e+01 3.359710176787932312e+01 3.301148493624757663e+01 2.388745435335295042e+01 1.789167837855432808e+01 2.616963420916192717e+01 3.150537473352345330e+01 2.364926048500577949e+01 3.313207831281952309e+01 3.091851440625880443e+01 3.598547869266023724e+01
2.567333780876333549e+01 3.087505269969263821e+01 3.092850796335509500e+01 2.125457123735879961e+01 1.560490122096861931e+01 4.624556267853263236e+00 4.624556267853263236e+00 1.257892314724816885e+01 2.295802388450390907e+01 1.923661845283137595e+01 2.957719193455490014e+01 2.238804365042552647e+01 1.799456365676844882e+01 9.718352265996758277e+00 2.060777672738942456e+01 2.353795748532685650e+01 3.408696495027488993e+01 3.137367510182497554e+01 2.258760641874824060e+01 2.474985234514866406e+01 1.959083786761130952e+01 1.993469604806965378e+01 9.047889284893138040e+00 8.985320869392277032e+00 1.939870830479596719e+01 2.808176870468021136e+01 1.912166597344600305e+01 2.587379051705408628e+01 2.664152622872885345e+01 2.401618131448826077e+01 1.666724171790998810e+01 1.666724171790998810e+01 3.035037279481924344e+01 3.326757095502876638e+01 3.767807802093123826e+01 4.099382272299276764e+01 4.510792642873921920e+01
3.284430160690200040e+01 3.487320096413144910e+01 2.811564468389652305e+01 1.841851796706282940e+01 1.117631243309736888e+01 1.404570797449286168e+01 5.209357948614108835e+00 1.176758915266597505e+01 2.235131838904921153e+01 2.517219890646558511e+01 3.387010622374207713e+01 2.814237507392989812e+01 1.748684414525381570e+01 2.060777672738948496e+01 1.277174367415716283e+01 2.043732907410883826e+01 3.102353817618670462e+01 3.517806443477282841e+01 3.137367510182497554e+01 2.840022291974844393e+01 2.243238438853359895e+01 1.368295823693514990e+01 1.943595877401891414e+01 9.527214338313545028e+00 1.963248942372493389e+01 2.037241572710844295e+01 1.540935045094872002e+01 2.453351353126782186e+01 1.824771896078044975e+01 1.496814131532178926e+01 2.406946782072334656e+01 2.267853230222875283e+01 2.355896054243384441e+01 3.135639936616292545e+01 4.164291483451948750e+01 4.231744598881396513e+01 4.231744598881397224e+01
3.110424421070683110e+01 2.524639287937428023e+01 2.728879236068628344e+01 2.508885177996897653e+01 1.669220656456263541e+01 6.042929637904586926e+00 1.609437029821352994e+01 2.103059741022966378e+01 2.663892452040835934e+01 3.559452431441825837e+01 3.987077463865939109e+01 3.246132115117942618e+01 2.814237489403684833e+01 2.581432806361377530e+01 1.513714340021839888e+01 2.135300758331326776e+01 3.190856341407841512e+01 3.642851477140435890e+01 3.208296828119633659e+01 2.520093841758898634e+01 1.694479155818702054e+01 2.250382709462281028e+01 2.350297413456986817e+01 1.963185153227175661e+01 1.033355836919694504e+01 1.033355836919694504e+01 1.096612397502358860e+01 2.094587218840248966e+01 1.319163453358252802e+01 2.262325696011015452e+01 1.957477954616264171e+01 2.847445884405668792e+01 3.385680618403591779e+01 3.852723587439449915e+01 3.925001065251734644e+01 3.196275166740289464e+01 3.196275166740290175e+01
2.711642330351638464e+01 1.886486787553432976e+01 1.929459940195397749e+01 2.271740959098912427e+01 1.393596489023469864e+01 6.607668271211095679e+00 1.715938583859349720e+01 2.360306052125070764e+01 2.774128639487101466e+01 3.300699917130184247e+01 3.143601539175532267e+01 3.549560560400664855e+01 3.441730340352152950e+01 2.388084894426680194e+01 1.806594306149218809e+01 2.864045286883189334e+01 3.620851396630666841e+01 3.252403765821243553e+01 2.413726459068911367e+01 2.023432170975837607e+01 2.371068139144990283e+01 2.883085666065354502e+01 2.784264707532305394e+01 2.182650987828406741e+01 1.200042014407852697e+01 1.033355836919694504e+01 1.991548273888958676e+01 1.189734176810788036e+01 1.189734176810788036e+01 2.159090580323820063e+01 2.612854197717400950e+01 3.207397704467360455e+01 3.209185508839509282e+01 3.619106328085055679e+01 3.499557141703034802e+01 2.453825301161908712e+01 3.196275166740289464e+01
2.195138113644227218e+01 1.735982968132753967e+01 1.338589436207345074e+01 1.906577103013886898e+01 1.528574561291345013e+01 7.171508135502395298e+00 1.767641901696731566e+01 1.421847382243982238e+01 2.012105413992291503e+01 2.545087345816582669e+01 2.297177670773442415e+01 3.143601539175532267e+01 3.869955930591179794e+01 3.295785301810882828e+01 2.418608082044209695e+01 2.336989441045899341e+01 3.391087215061895677e+01 3.642905678448965290e+01 3.030083189357626594e+01 2.023432170975837607e+01 3.001650470924506209e+01 3.182274162922934124e+01 2.387634590659784450e+01 1.440989138776451739e+01 2.182652738160246386e+01 1.761057376134882446e+01 2.382742309763972699e+01 1.625122717894736368e+01 2.159159197436325783e+01 1.303670432896746689e+01 2.119808121065031870e+01 2.650263797196948801e+01 2.131199923541453245e+01 3.117617897637029856e+01 3.129835095209087115e+01 2.453825301161908712e+01 3.060735107165498192e+01
2.934396360822083238e+01 2.396953173119894487e+01 1.934299924090290190e+01 9.300472089547069388e+00 8.436749283766484808e+00 1.767599749259911590e+01 8.214148501488159226e+00 1.584072293766000250e+01 2.138291417430418662e+01 1.787252909204023510e+01 2.544674608342947408e+01 3.135070924639616763e+01 3.549999900118567808e+01 3.900948348818685929e+01 3.472523858195241075e+01 3.083478938182274476e+01 3.083478583544599871e+01 4.133677202819581709e+01 3.448049689823918840e+01 2.601800620312171120e+01 3.447972872116676513e+01 2.778575318706219832e+01 1.861885417885722305e+01 1.636962636530086357e+01 2.560250134868229210e+01 2.704209875446344924e+01 2.222776093708080936e+01 2.505564288303393283e+01 1.981679808742254423e+01 1.303670432896746689e+01 1.303670432896746689e+01 2.253445544769416387e+01 2.105359810120553377e+01 2.674162868285220540e+01 2.101666943404389087e+01 3.129835095209087115e+01 3.925001051918401629e+01
2.551673010293167465e+01 2.037926397099489506e+01 1.052868515278743899e+01 1.934295439289975249e+01 1.989757015901692228e+01 1.856714461231589297e+01 1.856916290805423131e+01 9.226286858572668947e+00 1.684587421042202493e+01 1.461227087772462774e+01 2.256674391400638413e+01 2.188557423153964976e+01 3.135070924429692241e+01 3.382816720684861167e+01 3.798409503273651211e+01 4.133726047238742751e+01 4.133677202767982095e+01 4.555197330301416514e+01 4.032456307337777446e+01 3.617132918158351629e+01 3.248212663733699657e+01 2.308848648539749959e+01 2.633822743063488048e+01 1.636962636530086357e+01 2.432134425747945272e+01 3.478997249063513664e+01 2.751731291171064342e+01 3.289697413820255889e+01 2.635051157539264111e+01 2.250900067533964233e+01 1.385922081533607475e+01 1.756943547560413066e+01 2.450624615391067707e+01 1.797483548271206999e+01 2.093533308071541299e+01 2.680449977129222816e+01 3.421456359397286917e+01
2.157622353242314972e+01 1.178766962045866329e+01 2.045414880520029044e+01 1.698690407799474400e+01 2.642060980899189104e+01 2.846268651891191581e+01 2.492742750105177763e+01 1.992560407720523230e+01 1.020281550353207223e+01 1.101565009353542202e+01 1.528330519429472645e+01 2.465748846132212790e+01 2.649067311674276581e+01 2.463395311528315190e+01 3.120232480641787731e+01 3.438081258028940113e+01 3.860245959179425057e+01 4.369274723094730462e+01 4.394609250333582651e+01 3.390257259154548564e+01 2.833604775301677847e+01 2.944431258419705344e+01 1.938598078706486660e+01 2.633910783312858328e+01 3.059104634086930119e+01 4.011988484033280855e+01 3.654446938799233635e+01 3.479127301509731041e+01 2.836711870493471466e+01 2.319536555771791342e+01 1.385922081533607475e+01 1.385922081533607475e+01 1.560271603975890820e+01 2.662345154932022595e+01 2.796253291856244161e+01 2.680449977129222816e+01 3.421456359397286917e+01
1.307449056844522417e+01 2.158164345602731515e+01 2.552446150419351056e+01 2.365781515793585754e+01 3.040871120574255926e+01 2.940081819412803554e+01 1.931142476627769966e+01 1.201258030494663132e+01 2.057410670885946402e+01 2.081873805923074627e+01 1.223740396388693519e+01 2.190615494207211711e+01 1.833587661206315644e+01 2.026414918944863786e+01 2.230863353674680738e+01 2.484680211003645667e+01 2.932936696652457087e+01 3.943609550113836804e+01 4.812978932666761267e+01 4.232037211753795702e+01 3.814612217882309153e+01 3.179471781967616550e+01 2.154556091416071695e+01 2.873132652106711049e+01 3.919544759870623096e+01 3.836926131255929562e+01 3.424651099507218532e+01 2.996531223581644454e+01 2.084670993292363761e+01 1.512442813221456106e+01 2.307822677147589374e+01 2.319536455830533939e+01 2.576496134860428100e+01 3.171892750765486468e+01 3.829829445633738771e+01 3.723379645382610903e+01 3.723379645382610903e+01
1.699443521453794048e+01 2.059366763035252745e+01 2.839777503073731424e+01 3.309072956027337398e+01 3.532448458306730998e+01 2.524926736948393824e+01 2.347899615865178191e+01 1.332332727801278160e+01 2.347621090771471231e+01 2.307339985032870189e+01 1.317624344759522614e+01 1.544015440077487966e+01 2.384287746495468951e+01 2.862771566432147452e+01 3.120232480595902302e+01 3.438081253991641262e+01 3.860237571030083359e+01 4.366396945532706297e+01 4.779654023562584797e+01 4.489375749246941183e+01 3.437458115115845914e+01 2.691221553442250425e+01 3.179823033397228826e+01 2.691211216076871438e+01 3.740715537027907089e+01 3.424651099507227059e+01 2.545720620942392998e+01 2.685076320983316123e+01 2.038507278325921845e+01 1.599193940103574185e+01 2.510289458190950285e+01 2.770293176570179128e+01 2.770650263085106246e+01 3.743734303553171117e+01 3.423218513136778540e+01 3.840418049185976201e+01 4.290616468066913569e+01
2.766003083230969750e+01 2.334393829921597430e+01 3.211170447049305210e+01 3.719906992334238538e+01 2.709791244982282876e+01 2.525005120498736488e+01 1.522112289495933801e+01 2.052897895916904858e+01 2.762458506311828543e+01 2.758597254081777095e+01 2.126718359395348301e+01 1.450776383707459338e+01 1.940841528086810897e+01 2.871960585125783894e+01 3.605316974205640435e+01 4.307240100124166560e+01 4.132079044772368803e+01 3.954486563952320921e+01 3.768041690321364712e+01 4.779645446345690374e+01 4.172850588360490320e+01 3.300611093908735683e+01 4.166481431615354580e+01 3.300459327650762020e+01 4.166481431615354580e+01 3.637249754733294793e+01 2.803143019173048245e+01 2.066930902233997003e+01 1.767434227833332727e+01 2.511948306562939237e+01 1.759391185038573013e+01 1.875530384482432211e+01 2.770801942939695550e+01 2.937616537590377064e+01 2.452102724786791299e+01 2.866964066043289350e+01 3.445109554019742149e+01
3.476712852603274229e+01 3.281735237310275721e+01 3.695522409911774275e+01 3.330034945013559167e+01 2.709805199918688601e+01 1.713501504075091120e+01 2.525005120498736488e+01 2.940873898625619276e+01 3.474424737443416689e+01 2.878577057937365780e+01 1.961129409602848028e+01 1.544350876905179426e+01 2.459298873949921926e+01 2.285309193326063593e+01 2.903348486036059839e+01 3.832140715808832709e+01 3.117447375324965364e+01 2.943348882060184124e+01 3.656415720617604137e+01 4.675511868935455340e+01 4.774875205045315596e+01 4.347392905686637476e+01 4.763948307999192622e+01 4.342116703213422824e+01 3.799463046698801350e+01 2.790124147086165962e+01 2.261870496875756587e+01 1.930144607616160357e+01 2.747143436939810357e+01 2.659104207592854152e+01 1.759391185038573013e+01 2.658859437379031476e+01 2.031364048270517841e+01 2.031364048270517841e+01 2.937660618963241177e+01 3.276202003618909231e+01 3.693211821588705135e+01
