output/example_1/elevation_000000.asc
nrows	75
cellsize	13.33333333
xllcorner	0
ncols	75
yllcorner	0
NODATA_value	-9999
[rows 17 to 33 of 75, columns 37 to 73 of 75]
2.679925066666666300e-01 2.679767486559528344e-01 2.684874999999999901e-01 2.684924999999999673e-01 2.690850000000000186e-01 2.689949999999999841e-01 2.687551391038876525e-01 2.688850199999999746e-01 2.692899999999999738e-01 2.691812917130660954e-01 2.692964644660940099e-01 2.701775000000000149e-01 2.696929289321881029e-01 2.698929289321880809e-01 2.698964644660939993e-01 2.697999823616579196e-01 2.700465583105929879e-01 2.706699999999999662e-01 2.708911611652351503e-01 2.710929312892107479e-01 2.708632576538582137e-01 2.708632576538582137e-01 2.715825033333332805e-01 2.716858625784214776e-01 2.717925033333333240e-01 2.718925066666666446e-01 2.716929383602785242e-01 2.722849999999999993e-01 2.718830554789254395e-01 2.721925033333333355e-01 2.723946966991410701e-01 2.724924999999999708e-01 2.722974999999999701e-01 2.730799999999999894e-01 2.726781339303943064e-01 2.726999866666666716e-01 2.730900033333332755e-01
2.678339444089337107e-01 2.688749999999999751e-01 2.681543108327937852e-01 2.682679843788128293e-01 2.688850000000000406e-01 2.687551391038876525e-01 2.690924999999999567e-01 2.693875000000000020e-01 2.689900000000000069e-01 2.695850000000000191e-01 2.692913397459621438e-01 2.698849999999999860e-01 2.694929289321881249e-01 2.696826794919243153e-01 2.703824999999999701e-01 2.705800166666666451e-01 2.701900166666666991e-01 2.703644243763230759e-01 2.708874999999999478e-01 2.711858602213988445e-01 2.708632576538582137e-01 2.713858578643762454e-01 2.714816288269291111e-01 2.714816288269291111e-01 2.717925033333333240e-01 2.714999852803985925e-01 2.718925066666666446e-01 2.722850033333333308e-01 2.718830554789254395e-01 2.720782055052822779e-01 2.721974999999999811e-01 2.721936347239738430e-01 2.727849999999999997e-01 2.726899999999999880e-01 2.730858578643762802e-01 2.729816369918949270e-01 2.731911635222577517e-01
2.677324999999999844e-01 2.685099999999999709e-01 2.681274999999999631e-01 2.683451992244580420e-01 2.685325000000000073e-01 2.688924999999999788e-01 2.687913455194648193e-01 2.693849999999999856e-01 2.695850000000000191e-01 2.698840900974233126e-01 2.698849999999999860e-01 2.693918990741269726e-01 2.698874999999999469e-01 2.701874999999999694e-01 2.697950000000000070e-01 2.700893933982821404e-01 2.707824999999999815e-01 2.706911611652351723e-01 2.703644243763230759e-01 2.709850033333333075e-01 2.705895417496682609e-01 2.708801568651669767e-01 2.714740192378864436e-01 2.714740192378864436e-01 2.716950033333333514e-01 2.715660423057320028e-01 2.716860991483074916e-01 2.716860991483074916e-01 2.718913455194648110e-01 2.722899999999999765e-01 2.720782055052822779e-01 2.724900033333332861e-01 2.721936347239738430e-01 2.722950066666666724e-01 2.729825000000000168e-01 2.729816369918949270e-01 2.731950033333333527e-01
2.648599372477871139e-01 2.648005958877053811e-01 2.650163766802605680e-01 2.686223394212268745e-01 2.686939339828219864e-01 2.685349999999999682e-01 2.685999925464400695e-01 2.690875033333332556e-01 2.696825033333333232e-01 2.698840924544458897e-01 2.699893933982821514e-01 2.695929289321881139e-01 2.702824999999999811e-01 2.698982322330470418e-01 2.703849999999999865e-01 2.698969381378215071e-01 2.705825000000000036e-01 2.705964668231166659e-01 2.709850033333333075e-01 2.704892614306249610e-01 2.709874999999999923e-01 2.707950000000000079e-01 2.715799999999999881e-01 2.717874999999999597e-01 2.715660423057320028e-01 2.717950000000000088e-01 2.717929336462333034e-01 2.722850033333333308e-01 2.722893957553048083e-01 2.722929289321880941e-01 2.723925033333333134e-01 2.727850066666666629e-01 2.720999918350341940e-01 2.723900133333333473e-01 2.729850000000000332e-01 2.731946966991410930e-01 2.726999959175170907e-01
2.581852981153577309e-01 2.592058474781263611e-01 2.585795072702755104e-01 2.625726651698485070e-01 2.657051426722124576e-01 2.690294104890387783e-01 2.684503337045290317e-01 2.695750000000000091e-01 2.688503337045290431e-01 2.695850033333332951e-01 2.697925033333333222e-01 2.695969422203043919e-01 2.702824999999999811e-01 2.702875100000000086e-01 2.705825000000000036e-01 2.703874999999999473e-01 2.705875033333332569e-01 2.709840924544458796e-01 2.703999688195217743e-01 2.711800033333333082e-01 2.706308841483851535e-01 2.706999566666666857e-01 2.713825033333333026e-01 2.712420398844031522e-01 2.715899999999999981e-01 2.716875033333333023e-01 2.721823246874929270e-01 2.717929336462333034e-01 2.723850033333333198e-01 2.720999966666666769e-01 2.725875066666666457e-01 2.726875033333332476e-01 2.721950266666666174e-01 2.730775033333333046e-01 2.728874999999999496e-01 2.732825033333333153e-01 2.732874999999999610e-01
2.552634889910879168e-01 2.557815066666666581e-01 2.555419205465596089e-01 2.563289792117741661e-01 2.594244885463393158e-01 2.649299999999999988e-01 2.691241071881798619e-01 2.688503337045290431e-01 2.692924999999999902e-01 2.697858602213988322e-01 2.694734834957054903e-01 2.698900033333332948e-01 2.698946966991410679e-01 2.696999937639043554e-01 2.698956814199864329e-01 2.704850000000000310e-01 2.700518460372000606e-01 2.707824999999999815e-01 2.709840900974233024e-01 2.703999688195217743e-01 2.710825033333332801e-01 2.713825033333333026e-01 2.707772542841640484e-01 2.710195714602892103e-01 2.711733073043698927e-01 2.711999648811541652e-01 2.717850033333333304e-01 2.719946966991410586e-01 2.722911635222577398e-01 2.720755051025721682e-01 2.720999942264972771e-01 2.727825066666666465e-01 2.721950266666666174e-01 2.728824999999999723e-01 2.725776393202249959e-01 2.725999900000000142e-01 2.727900066666666401e-01
2.555650549665768878e-01 2.555419205465596089e-01 2.555419205465596089e-01 2.557129986900734675e-01 2.559792680801660225e-01 2.592315596141512302e-01 2.653114999999999779e-01 2.694179200038444577e-01 2.695328248557872786e-01 2.694734834957054903e-01 2.698899999999999633e-01 2.696858672924666855e-01 2.699924999999999686e-01 2.703850033333333180e-01 2.696999937639043554e-01 2.701900066666666489e-01 2.702900066666666379e-01 2.700518460372000606e-01 2.703002189897826257e-01 2.709850000000000314e-01 2.709893957553047850e-01 2.708975033333332894e-01 2.707999911808289251e-01 2.716775033333333478e-01 2.716874999999999707e-01 2.712741742791860977e-01 2.716858578643762678e-01 2.720876256313292108e-01 2.720755051025721682e-01 2.724825000000000164e-01 2.723893933982821647e-01 2.724900133333333363e-01 2.720999850928801367e-01 2.721906957452981946e-01 2.729800000000000004e-01 2.731850033333332872e-01 2.728925033333333139e-01
2.621317499999999967e-01 2.587965093616195200e-01 2.559959981222740821e-01 2.563549999999999995e-01 2.558682509487699708e-01 2.560275125314072087e-01 2.591843880412759704e-01 2.655667499999999626e-01 2.683193441009679159e-01 2.698363603896932195e-01 2.698929289321880809e-01 2.696858672924666855e-01 2.700900033333332728e-01 2.697941447976597851e-01 2.702875033333332899e-01 2.704850033333333070e-01 2.698999589715545544e-01 2.707775066666666675e-01 2.704877525512860426e-01 2.710850000000000204e-01 2.708964715371618426e-01 2.712850099999999931e-01 2.710925033333332901e-01 2.709938803581259381e-01 2.713899999999999646e-01 2.712741742791860977e-01 2.713956756464837583e-01 2.720825000000000049e-01 2.716737797787957542e-01 2.717826794919243061e-01 2.726775000000000171e-01 2.726850066666666184e-01 2.720999864599359941e-01 2.728800100000000062e-01 2.729858578643762912e-01 2.728975033333332911e-01 2.730946990561636811e-01
2.681340066831164326e-01 2.652343602365070940e-01 2.613316396939440733e-01 2.592152500000000082e-01 2.562849999999999850e-01 2.558682509487699708e-01 2.564035508187492707e-01 2.590314978042720373e-01 2.660571088206623580e-01 2.694249999999999701e-01 2.697950000000000070e-01 2.701875033333333009e-01 2.697941447976597851e-01 2.698950066666666592e-01 2.704850000000000310e-01 2.698999589715545544e-01 2.699735777635735023e-01 2.706824999999999926e-01 2.706085703822604382e-01 2.707946966991410798e-01 2.707975066666666319e-01 2.706999658434974254e-01 2.714800099999999938e-01 2.714858672924666538e-01 2.717858578643762568e-01 2.712999797241248956e-01 2.712999812917130660e-01 2.714610008199516145e-01 2.719823223304703164e-01 2.720508192110677181e-01 2.721929289321881051e-01 2.720999864599359941e-01 2.723925066666666450e-01 2.722906645648199842e-01 2.732749999999999901e-01 2.727823223304702838e-01 2.734825033333332933e-01
2.682345926227401867e-01 2.675175735364805352e-01 2.687249999999999917e-01 2.621499999999999941e-01 2.594244979744297908e-01 2.558682509487699708e-01 2.560150365954070306e-01 2.565735000000000099e-01 2.623401923788646339e-01 2.694214555377503761e-01 2.696780240802453266e-01 2.698893933982821625e-01 2.702850033333333291e-01 2.696999583666799816e-01 2.698127951823450221e-01 2.702894004693499608e-01 2.704874999999999918e-01 2.701630879423493892e-01 2.711749999999999994e-01 2.706999757329670575e-01 2.706999658434974254e-01 2.712850066666666615e-01 2.706999921826404032e-01 2.710858767205570619e-01 2.718799999999999550e-01 2.717250399999999733e-01 2.719825066666666236e-01 2.719823223304703164e-01 2.721876256313291997e-01 2.722946966991410811e-01 2.720508192110677181e-01 2.723925033333333134e-01 2.726893981123273969e-01 2.729825000000000168e-01 2.727823223304702838e-01 2.730924999999999603e-01 2.727917305488560262e-01
2.679949999999999832e-01 2.679949999999999832e-01 2.684886306819630475e-01 2.686364815568506037e-01 2.622400066666666363e-01 2.595306088871332517e-01 2.562506350832689517e-01 2.561731085601783864e-01 2.593868629150101190e-01 2.627350033333333279e-01 2.690609999999999391e-01 2.701381281566461734e-01 2.696109775309261658e-01 2.700900033333332728e-01 2.696999583666799816e-01 2.705775099999999656e-01 2.706850033333333405e-01 2.701960524233875116e-01 2.706783493649053685e-01 2.707974999999999688e-01 2.707767437348942985e-01 2.713849999999999874e-01 2.715775133333332980e-01 2.708913628399728935e-01 2.717775000000000052e-01 2.717250399999999733e-01 2.720925033333332910e-01 2.720947014131862574e-01 2.722946966991410811e-01 2.720911611652351847e-01 2.724900033333332861e-01 2.721956756464837257e-01 2.723929289321880831e-01 2.728874999999999496e-01 2.725999911808289489e-01 2.727917305488560262e-01 2.727917305488560262e-01
2.679949999999999832e-01 2.687799999999999634e-01 2.685850000000000182e-01 2.687850951480571515e-01 2.688348905665929323e-01 2.625832717715662623e-01 2.566325834261322103e-01 2.563225806871640144e-01 2.561731085601783864e-01 2.595477056074949607e-01 2.664539268401470706e-01 2.696921662158690558e-01 2.696109775309261658e-01 2.703824999999999701e-01 2.700900099999999360e-01 2.704858649354440758e-01 2.700913512929675186e-01 2.707825033333333131e-01 2.707893933982821744e-01 2.709946966991410577e-01 2.707767437348942985e-01 2.714825033333332915e-01 2.711946966991410912e-01 2.715825000000000045e-01 2.717775000000000052e-01 2.718974999999999587e-01 2.717999864599359716e-01 2.720925066666666226e-01 2.721946966991410921e-01 2.720911611652351847e-01 2.726850000000000107e-01 2.728824999999999723e-01 2.724924999999999708e-01 2.730850000000000222e-01 2.726681801948465655e-01 2.732850033333333317e-01 2.732875033333332926e-01
2.680938844406088317e-01 2.687824999999999798e-01 2.685999966666666738e-01 2.687911611652351596e-01 2.689886306819630479e-01 2.651264152333002722e-01 2.592745405845398032e-01 2.564678631868918535e-01 2.571092533333333430e-01 2.572403040193516621e-01 2.634726651698485189e-01 2.699267588386092820e-01 2.686475201615287078e-01 2.703774999999999928e-01 2.705874999999999808e-01 2.700913512929675186e-01 2.703924999999999801e-01 2.708858602213988220e-01 2.708949999999999969e-01 2.711900066666666498e-01 2.707767437348942985e-01 2.709929383602785458e-01 2.714874999999999927e-01 2.712925066666666551e-01 2.717755132675379603e-01 2.717755132675379603e-01 2.719950033333333184e-01 2.718903433615234011e-01 2.719870096189432318e-01 2.721949999999999648e-01 2.720999889445840370e-01 2.721885588360148933e-01 2.723776393202249624e-01 2.726681801948465655e-01 2.727956698729810392e-01 2.733849999999999891e-01 2.729850066666666408e-01
2.680938844406088317e-01 2.687825033333333113e-01 2.686946966991410890e-01 2.691775000000000140e-01 2.681649999999999867e-01 2.688297640424293089e-01 2.626474999999999782e-01 2.591887832252269264e-01 2.567136283400353047e-01 2.567136283400353047e-01 2.601737861536033702e-01 2.637009678930349321e-01 2.696903984489160688e-01 2.700416636905520473e-01 2.705850000000000199e-01 2.699999905719095983e-01 2.706825033333333241e-01 2.706929289321881038e-01 2.706964644660940222e-01 2.710875033333332573e-01 2.710911635222577609e-01 2.709686173866253101e-01 2.709686173866253101e-01 2.709999900000000239e-01 2.717653705308539780e-01 2.717653705308539780e-01 2.721900033333333191e-01 2.718903433615234011e-01 2.721925033333333355e-01 2.723875066666666678e-01 2.722929336462333039e-01 2.722929336462333039e-01 2.728849999999999887e-01 2.728911611652351521e-01 2.731899999999999884e-01 2.729850066666666408e-01 2.730929312892107497e-01
2.681964691801392853e-01 2.684924999999999673e-01 2.685949999999999727e-01 2.683969381378215058e-01 2.684929289321881241e-01 2.690868629150101610e-01 2.690246375182657190e-01 2.629853930919098248e-01 2.571126794919242897e-01 2.571590033333333580e-01 2.568533472673285023e-01 2.633666547622083853e-01 2.666425000000000045e-01 2.699868629150101174e-01 2.699742609246474911e-01 2.706824999999999926e-01 2.702925033333333227e-01 2.706850033333333405e-01 2.705720566038411490e-01 2.705720566038411490e-01 2.712825033333333136e-01 2.710964644660940337e-01 2.709686173866253101e-01 2.715850033333332969e-01 2.717858625784214666e-01 2.718899999999999650e-01 2.718929289321880827e-01 2.718413854377213501e-01 2.718413854377213501e-01 2.717999894590744647e-01 2.720877688812177175e-01 2.720877688812177175e-01 2.724900033333332861e-01 2.729850000000000332e-01 2.728911611652351521e-01 2.726999942264972665e-01 2.734310570888343062e-01
2.680265153077164841e-01 2.684900066666666141e-01 2.689825033333332893e-01 2.686900066666666476e-01 2.686929336462333118e-01 2.687946966991410780e-01 2.692903984489161129e-01 2.655726651698485097e-01 2.592515066666666868e-01 2.568533472673285023e-01 2.568533472673285023e-01 2.603484513278404022e-01 2.635325066666666660e-01 2.685529234185504155e-01 2.705363603896931979e-01 2.699742609246474911e-01 2.700856577419257776e-01 2.700999811438191123e-01 2.711725033333333146e-01 2.710840900974232914e-01 2.708908184959474275e-01 2.713874999999999482e-01 2.714875033333332688e-01 2.710857668101099849e-01 2.718799999999999550e-01 2.714877566337690062e-01 2.720825033333332810e-01 2.718413854377213501e-01 2.718413854377213501e-01 2.721925033333333355e-01 2.721947014131862463e-01 2.724900033333332861e-01 2.725875066666666457e-01 2.723908225784303361e-01 2.726766146413326375e-01 2.731874999999999720e-01 2.727868629150101420e-01
2.687825033333333113e-01 2.684929336462333338e-01 2.682999921826403900e-01 2.682999921826403900e-01 2.686858672924666847e-01 2.688949999999999951e-01 2.692381281566461615e-01 2.692226929746174280e-01 2.631737352581107192e-01 2.568533472673285023e-01 2.568533472673285023e-01 2.569299426027488176e-01 2.596067535623555189e-01 2.667500099999999819e-01 2.698040408205773510e-01 2.699999952859548080e-01 2.702925033333333227e-01 2.707825033333333131e-01 2.701925099999999969e-01 2.712724999999999720e-01 2.712823223304702824e-01 2.714825000000000155e-01 2.713850033333333189e-01 2.711929312892107369e-01 2.710999812917130325e-01 2.713480615697836940e-01 2.713480615697836940e-01 2.721800033333333091e-01 2.719975033333332792e-01 2.719908266609132874e-01 2.724874999999999936e-01 2.720913397459621130e-01 2.720999870900554507e-01 2.721921153877006061e-01 2.727849999999999997e-01 2.726424999999999543e-01 2.734225000000000128e-01
