output/example_1/elevation_000007.asc
nrows	75
cellsize	13.33333333
xllcorner	0
ncols	75
yllcorner	0
NODATA_value	-9999
[rows 51 to 67 of 75, columns 0 to 36 of 75]
1.369999999999999864e-02 3.028824230894220371e+00 6.191257829356342057e+00 1.066748869066305971e+01 1.784995047060291284e+01 2.840892622295488934e+01 2.813625999652637688e+01 1.950763740973829741e+01 9.811741836409419548e+00 1.607762475090041221e+01 1.993318933259601522e+01 1.403914865277509882e+01 4.650959536924172966e+00 3.182406426340873562e+00 1.046853996410652243e+01 9.887930040778078578e+00 1.291300187647973274e+01 5.995092581910062002e+00 1.270111965932496467e+01 2.259660579285790405e+01 2.339670255720127656e+01 1.326026428001727986e+01 2.272429102678264812e+01 1.609200546827742428e+01 1.034186156871975193e+01 7.256983298170825769e+00 1.584486271128187340e+01 7.186186171512058962e+00 1.736297484305924854e+01 1.883531563550290855e+01 1.296595274930846919e+01 2.180894726619511559e+01 2.589225588359060737e+01 3.221166257701850100e+01 3.322646967211351665e+01 2.879275130745114097e+01 2.468354443520838259e+01
1.290000000000000001e-02 1.001289999999996283e+01 1.622546976020829490e+01 2.039742917662089994e+01 2.500660168589087817e+01 3.102173844682100068e+01 2.150926542347561465e+01 1.473875388911483775e+01 1.422800552217962711e+01 2.344118940454102784e+01 1.769780942606316643e+01 8.080877801928082249e+00 1.406313961655686384e+01 1.208758490119824636e+01 5.612006833530164940e+00 5.612006833530164940e+00 1.713262971800293499e+01 7.947903521488596468e+00 1.770214868878063541e+01 2.525380984488674230e+01 2.780224261846698752e+01 1.943596562287446261e+01 2.754994886616804806e+01 2.328350120496168785e+01 2.063433796190220804e+01 1.930566004159802418e+01 1.003739704632286411e+01 1.645439324082101251e+01 7.953438524867920911e+00 1.004572570537781573e+01 1.805037178328296932e+01 2.266562647076726478e+01 2.046133498215623803e+01 2.598922733305517951e+01 2.090837247389523412e+01 2.228545478033552385e+01 1.461792022404133284e+01
1.329999999999999932e-02 1.001329999997625109e+01 1.545991872360561104e+01 1.960312948442685155e+01 2.408086636262342850e+01 2.986587482722380926e+01 2.829607491063310221e+01 2.028340235873653086e+01 1.976792009918087700e+01 2.768792169720873986e+01 2.053824477822606198e+01 1.069869864158563288e+01 2.053824477814641369e+01 1.609001270246154291e+01 7.299744578353514868e+00 1.580260996562529563e+01 2.153734177450675702e+01 1.770214868878065673e+01 1.117948445993039464e+01 2.110722925371024772e+01 2.930225802299026583e+01 2.949218733423861849e+01 3.361520825416890546e+01 2.982521205934247988e+01 2.074613126010048347e+01 1.359941941673186427e+01 2.012307521750100392e+01 2.185770968062637110e+01 1.814604105094278452e+01 8.748600630202258088e+00 9.333692192275741206e+00 1.391646483008650748e+01 2.039662406314547383e+01 2.114337017836639276e+01 1.217764049846603314e+01 1.314427895238330457e+01 1.609936556151690468e+01
1.369999999999999864e-02 2.686312419124245565e+00 5.459813400250530080e+00 9.931949369987529863e+00 1.570545685697054950e+01 2.570854210461565259e+01 3.384204175023669592e+01 2.977986362241961160e+01 2.639535773988519196e+01 2.766014175988533808e+01 1.758829256223785009e+01 1.758829232782386143e+01 1.868962163662972387e+01 2.014809849286981347e+01 1.609230878770841500e+01 9.857797143407683649e+00 1.910601645180031127e+01 2.526176979822899327e+01 2.110722925371025838e+01 1.523146050717800826e+01 2.516063850537698343e+01 3.510991071663018914e+01 3.238641613507722639e+01 2.349424029925275903e+01 1.791534682883452589e+01 2.340533245925746186e+01 2.340533245149298125e+01 2.479240483358501734e+01 1.335315753392227478e+01 2.032483943227674317e+01 1.970341929287619465e+01 1.020480259822179470e+01 1.083891973988030699e+01 1.083891973988030699e+01 1.978687761249355859e+01 2.325432101911877680e+01 2.484323976516531474e+01
1.319999999999999993e-02 1.001319999999996213e+01 1.545991853143363670e+01 1.253088446004632850e+01 1.960198212044583244e+01 2.960200727797135656e+01 2.582878961646069982e+01 3.000236085814053055e+01 3.585924860166858252e+01 3.181488162284992782e+01 2.766016686425440696e+01 2.766006409645350317e+01 2.580872620228711156e+01 2.493142437450572757e+01 1.499214748828221744e+01 1.910601645180031127e+01 1.374660130137970704e+01 2.344280232901015282e+01 2.933035671158210178e+01 2.223879416233152639e+01 2.095043247478595916e+01 2.797132846648454318e+01 3.625633946229002191e+01 3.059213372973758638e+01 2.145996939705920781e+01 3.059211978820484745e+01 3.246084471804319094e+01 2.806754171984594848e+01 1.720514153106509525e+01 2.806754171984623980e+01 2.467132717458455105e+01 2.050814775199552642e+01 1.461020609574697104e+01 2.040044651471144022e+01 1.215353998722828344e+01 2.240831804114084491e+01 2.777280786650937117e+01
1.349999999999999985e-02 7.084567812731852321e+00 1.708456847723141436e+01 2.253102173592236213e+01 2.435810610040853774e+01 2.422519307297349656e+01 1.585140018574035459e+01 2.422519690845368956e+01 3.197360263997675389e+01 2.910233524855594212e+01 2.945569743369736315e+01 3.368598400794533632e+01 3.589756819025573265e+01 2.925918214748235968e+01 2.061168018713891215e+01 2.764765855109739334e+01 1.920785394131274870e+01 2.049919856033636023e+01 3.054929046959333405e+01 3.221459474550071889e+01 3.091170218684676030e+01 3.510994224339106040e+01 4.224231074284233500e+01 3.469226886395171050e+01 2.686391946993340696e+01 3.469226605570292321e+01 3.507062648252946246e+01 2.516676903269497245e+01 2.385918294762225145e+01 3.213600508042639348e+01 3.052306742299360565e+01 2.061697122324550335e+01 2.478126732688995659e+01 2.486823146453117417e+01 2.240831804114084136e+01 1.349961242647640347e+01 2.371769393138000126e+01
1.369999999999999864e-02 9.006141706892668353e+00 1.745071329715253938e+01 1.594866826935627202e+01 1.409618120946480602e+01 1.515025680838930100e+01 1.023917727723821791e+01 2.006833073247399568e+01 2.232141021193950436e+01 1.951266211513369697e+01 1.957394791346662188e+01 2.932028584509752278e+01 3.580720775116478904e+01 3.543673145591089479e+01 3.138578015091437834e+01 3.347818930661251358e+01 2.923421632629826661e+01 3.054929046959333405e+01 3.479611852811240169e+01 3.914883313372300222e+01 3.951018091590910331e+01 4.256167230399261570e+01 4.349554988403639300e+01 3.949789684950587088e+01 3.683889279177797249e+01 4.133108023242883888e+01 3.910524113213607933e+01 3.507062648252937009e+01 3.381626671094300463e+01 3.784616768910256468e+01 3.468984277768019808e+01 2.646621900664640137e+01 3.290345024978950761e+01 2.429206120351767950e+01 1.349961242647640347e+01 2.371769393138000126e+01 1.497888980669354098e+01
1.379999999999999977e-02 1.001310013333329607e+01 1.106811886227487030e+01 4.720227892386241741e+00 1.125834540004986017e+01 5.764457175421463297e+00 1.515001823051121299e+01 2.415241153242708450e+01 2.232081400851245334e+01 1.268300143730659535e+01 2.232108124054963483e+01 2.402611497837343890e+01 3.020711268434101626e+01 3.030737728971300982e+01 3.403157095410526978e+01 3.807960005242355095e+01 3.423912907011252571e+01 3.814245463815736059e+01 3.610004451189603003e+01 2.875105730008420579e+01 2.910682821041758928e+01 3.215295954262035849e+01 3.798335564319252455e+01 3.000530176783097502e+01 3.374192597113400183e+01 4.260993871288780355e+01 4.178887476272026191e+01 3.773035113690955455e+01 4.006251837363183910e+01 4.412868037651927011e+01 4.045678886902022953e+01 3.623582205526128774e+01 2.600324649581488856e+01 1.802761746017030120e+01 2.429214597266209807e+01 2.811894887052157088e+01 2.513076487489730937e+01
1.309999999999999880e-02 1.309999999999999880e-02 3.481127384197375552e-01 6.835019738724926741e-01 2.671680100200695129e+00 1.106605410470149131e+01 1.455502190297390186e+01 1.753816416726092342e+01 1.927210986332196185e+01 9.696221289937476229e+00 1.933911083447323875e+01 1.778726480239426877e+01 2.368898393654473011e+01 2.079335483732428713e+01 3.061835418493619088e+01 3.276817687889425912e+01 2.426473421782598905e+01 3.037783765161644922e+01 3.098458930443404569e+01 2.163135227128798732e+01 2.197630349255016213e+01 3.215389830146030903e+01 3.401665258709086004e+01 2.445465830404224405e+01 3.401665256100144319e+01 3.990155816528595523e+01 3.617589671329277934e+01 2.803994272465892479e+01 3.035405501020722241e+01 3.680062689688858057e+01 4.080595696699604957e+01 4.299917348638957293e+01 3.367989120492298127e+01 2.291747027122007196e+01 3.367989119769634954e+01 3.072695727048984438e+01 2.098705755031433995e+01
1.349999999999999985e-02 1.309999999999999880e-02 7.808602929424296235e+00 6.374665874918257202e+00 1.163220454542435167e+00 1.503377165027731444e+00 4.812080278705337832e+00 1.123345158420337064e+01 1.370311996861116732e+01 7.092242472507527928e+00 1.108168211241096301e+01 2.049716915222079194e+01 1.409210882011799981e+01 2.375429970815194025e+01 2.763984679727258253e+01 2.367264908260303002e+01 1.916749377468737592e+01 2.714764412450083242e+01 2.304330418017396909e+01 1.666135242459806420e+01 2.671392380189103122e+01 3.645553836628464950e+01 3.085906847712857015e+01 2.120430224159628807e+01 2.619645074177247679e+01 3.586565400973789508e+01 3.213559123133350681e+01 2.243682961075486304e+01 3.178846443356338014e+01 2.728411170536447372e+01 3.271363740535004183e+01 4.198751190517698006e+01 3.865724501043999339e+01 2.937492308723463097e+01 3.622180408900288739e+01 2.670445021954232701e+01 2.670445021954232701e+01
1.369999999999999864e-02 1.001310013333329607e+01 1.268965886293154632e+01 8.039663599418400253e+00 1.330650130913756080e+01 9.823187630117638847e+00 1.985613858434049472e+00 1.065586569428905506e+01 4.440645995597435558e+00 1.343351499238260516e+01 1.890116859312264097e+01 1.649468178437983923e+01 1.087121566348618273e+01 1.980313353457913905e+01 1.952163746359206797e+01 1.392762998990466627e+01 2.367264704120798058e+01 2.304330369362228126e+01 1.290767628908810138e+01 2.304330417936812481e+01 3.098458804911416564e+01 3.480661742525386870e+01 2.513929164728368093e+01 1.825841422137691339e+01 2.797078280620200985e+01 2.996007442733277060e+01 2.591857825079938138e+01 1.918436165959808548e+01 2.212616856620834227e+01 3.178846443356338725e+01 4.080595703070232361e+01 4.594516872023147869e+01 4.506109986323092187e+01 4.060093564782345510e+01 4.028487711075889877e+01 3.217393118588548617e+01 3.340375021460702243e+01
1.290000000000000001e-02 1.001289999999996283e+01 1.720025728647664565e+01 1.802345848524156580e+01 2.037804789610265033e+01 1.568613347725892559e+01 1.186337273142748749e+01 2.466913145961630693e+00 2.806604867153401184e+00 1.169305707216405210e+01 1.303185628892883052e+01 6.802648366042150840e+00 1.135630403187043136e+01 1.662683349521550369e+01 9.702236502365392923e+00 1.909328806693377700e+01 2.138109403540467213e+01 1.779991150760304564e+01 1.070138637451022312e+01 1.780588288419160747e+01 2.793459865265104369e+01 3.224391931344946016e+01 2.569300467157172463e+01 1.593494827439210937e+01 2.262109541983482686e+01 2.395301687747210195e+01 1.616837161457717187e+01 2.591857825079938138e+01 2.996008251652503063e+01 3.581221887694270123e+01 3.930344761016949207e+01 4.337135811025851950e+01 4.442030416326858244e+01 4.850459372010809744e+01 4.588060212127830084e+01 4.175130130598081024e+01 4.302518797193518907e+01
1.359999999999999924e-02 3.548307671298675636e+00 7.320826825319255882e+00 1.304097242162762527e+01 2.288190199626727761e+01 1.881359237078203250e+01 8.242308062332030616e+00 1.267600157588443821e+01 1.286495193612913646e+01 3.289597804182472274e+00 3.646191126211346667e+00 4.006501518005259221e+00 4.378130934730858570e+00 1.333416195758189993e+01 5.732891601848463914e+00 1.375596983213325508e+01 1.491974015572848522e+01 8.116173844889859268e+00 1.779301732994977314e+01 2.313088663011379964e+01 2.305114346722819363e+01 2.304368041047867166e+01 2.504360527976272621e+01 2.101410485751355850e+01 1.268789734973719874e+01 1.414814305956958052e+01 2.395301687747210195e+01 1.616837161457717187e+01 2.591857847221890054e+01 3.135845691298320759e+01 2.957286100053594069e+01 3.752233056041357884e+01 3.466509634110185800e+01 4.442030416311722263e+01 4.828158961643119795e+01 4.241463537484639090e+01 3.822444689983222332e+01
1.379999999999999977e-02 1.001379999999996251e+01 1.720025728647664565e+01 2.128986296375805765e+01 2.698004510134136069e+01 2.337455470986037653e+01 1.561741565750018701e+01 2.287505065902459833e+01 1.447411159951716009e+01 4.459310502485781313e+00 1.357218994690025227e+01 1.388412953073668277e+01 1.401778450375332596e+01 4.916894542019426773e+00 5.302068887898846228e+00 5.680425924603137666e+00 6.054205332470192324e+00 6.428296088790198759e+00 1.606815328562681344e+01 7.598292054351336589e+00 1.360034269219632819e+01 2.253074847159035343e+01 2.075169675280635317e+01 1.086572821732926286e+01 2.101126395167284144e+01 2.374111646302446132e+01 2.792423394296076822e+01 2.591857847221890054e+01 1.925921049088313453e+01 2.162757608248310959e+01 2.457341466920052042e+01 2.781725406335239370e+01 3.466509634110187221e+01 4.442030416425706818e+01 4.411734529603962329e+01 3.391054587024321165e+01 2.823750462752090229e+01
1.349999999999999985e-02 1.001349999999996321e+01 1.501359999999995409e+01 2.501359999999966988e+01 2.531318955103679258e+01 2.945711061816732723e+01 2.663564577240242315e+01 2.188918285834826349e+01 1.151404254038344277e+01 1.447590477438474466e+01 6.213530469036656179e+00 1.623977341955026787e+01 1.894890222234442945e+01 1.499702840517396574e+01 1.472195127009834970e+01 1.000700788169628908e+01 1.571391573104857464e+01 1.539280760036141160e+01 6.973417038216473962e+00 7.364986643976743963e+00 1.599817688931966941e+01 1.746199791066844398e+01 9.360084606531412277e+00 1.104250137664904763e+01 1.709771264708953353e+01 2.645401333548351275e+01 3.394407943565095565e+01 3.304200799931368948e+01 2.899837164990626093e+01 3.135845691298320759e+01 3.428730506471073625e+01 3.752233056041362858e+01 3.670062503369840812e+01 3.961902302670692677e+01 4.034014642171874954e+01 3.621204978491442006e+01 3.245848309038546375e+01
1.359999999999999924e-02 5.013599999999991397e+00 1.501359999999995409e+01 1.824032819824320839e+01 1.531065310113158695e+01 2.531318955103679258e+01 3.162803392910508293e+01 2.640929075887981270e+01 2.182932372501601392e+01 1.429783793538099168e+01 1.610475760386800914e+01 8.033038817482129446e+00 1.813849136335190693e+01 2.193034502986204615e+01 2.310387871649992775e+01 1.984377746610212512e+01 1.844444608187017565e+01 2.010567748104521257e+01 1.183500594870177736e+01 1.708520746665734791e+01 7.922590518753987787e+00 8.320652934016701252e+00 8.745421555272878678e+00 1.763656642013909348e+01 2.227364258741524239e+01 2.162936990198621601e+01 3.034462279457149592e+01 3.260311811960834660e+01 3.454394381913323286e+01 3.230964230411085225e+01 3.392211669959749543e+01 3.394829619549260968e+01 2.704709543907227243e+01 2.987454808869269485e+01 3.465895595587097233e+01 2.658520101567985705e+01 2.962769378519963581e+01
1.290000000000000001e-02 1.001289999999996283e+01 1.289448562759914196e+01 8.239172526752726711e+00 1.824032819824320839e+01 2.370217875921151673e+01 2.192088345838542196e+01 3.162803392910508293e+01 2.836957388965541682e+01 2.424002617583902008e+01 1.777377132470294185e+01 1.065082476646180609e+01 1.014394616987091347e+01 1.167055003136946212e+01 2.193034502986204615e+01 2.801954647446086355e+01 2.581601957850531903e+01 2.109132846147142715e+01 2.111534611911773851e+01 1.207574062607109866e+01 1.824849354346918773e+01 1.581881661154200991e+01 1.756193372304162281e+01 9.327821273902159760e+00 1.411046005430060113e+01 2.282751870300712937e+01 2.721678930048056699e+01 2.172590529213728772e+01 2.421826956830591726e+01 2.306367393252994447e+01 2.293727214682852278e+01 2.914253263807681904e+01 2.048179984582785806e+01 2.964528827423547241e+01 2.849201609601995600e+01 2.115193888335644345e+01 2.471952459440266736e+01
