output/example_1/elevation_000013.asc
nrows	75
cellsize	13.33333333
xllcorner	0
ncols	75
yllcorner	0
NODATA_value	-9999
[rows 51 to 67 of 75, columns 37 to 73 of 75]
2.404129652654600591e+01 2.666955410898743040e+01 2.034964308136953193e+01 2.298245423716813818e+01 3.255960458852684525e+01 3.667542410823512000e+01 3.925549418883727526e+01 3.432485493353426875e+01 4.123152487212907857e+01 5.126656189803848207e+01 5.151557708488559228e+01 4.535288480507195175e+01 4.127471309875549110e+01 4.087773379626284509e+01 4.116231772162605296e+01 3.392814137875998881e+01 2.495451477465600831e+01 1.799788572705262979e+01 2.624157689224747969e+01 3.044938932936404541e+01 2.765420506080537422e+01 2.413158389411439231e+01 1.402943278567472518e+01 2.413159760894369299e+01 3.237217581380938469e+01 2.995322576791127744e+01 2.571905931221033725e+01 1.555289687397108800e+01 1.555289687397108800e+01 1.697693446961226726e+01 2.620784999211856103e+01 2.578259735121448060e+01 3.609555673507143325e+01 3.977990386322937866e+01 4.414269367902937091e+01 4.549608981236148963e+01 4.549605804622161287e+01
2.224095492708915600e+01 3.207109063856254494e+01 2.720532494069360396e+01 3.285029422494914542e+01 2.713256828175196489e+01 3.708769172057051122e+01 4.641793257529661076e+01 4.392938869235502608e+01 4.321085142958592940e+01 5.014986627707464351e+01 4.538532650031115878e+01 3.667560264368697176e+01 3.147477533179977627e+01 3.052917516134476728e+01 3.583052540153390453e+01 2.669396557821481153e+01 1.973605335250490356e+01 2.792145313979236931e+01 3.214692349204015898e+01 2.765427153974771457e+01 1.769077386278443242e+01 1.402943278567472518e+01 1.402943278567472518e+01 2.412933713628165933e+01 2.477846663970254326e+01 2.477857112499197711e+01 1.555289687397108800e+01 2.571902546607675788e+01 2.572825821941267677e+01 2.711259381078430408e+01 1.901707341237657900e+01 2.868252394138734118e+01 3.569919390874970588e+01 2.936416123715291704e+01 3.675922285785428301e+01 4.024246210977028682e+01 4.460718458162185129e+01
2.825517294173887706e+01 3.620661759235311195e+01 3.714922017221278594e+01 4.117409381321900241e+01 3.708769172057051122e+01 3.244427294763480774e+01 3.950684175461807257e+01 4.934880248936551084e+01 5.147608423835367120e+01 4.710740392277848088e+01 3.543931198369788405e+01 2.986805443206268507e+01 2.623324201764260621e+01 2.340644359570504207e+01 3.156519793048389388e+01 2.153238036599347893e+01 2.669396557829476180e+01 3.392814137875998881e+01 3.479933536576573516e+01 2.469468692914381691e+01 2.765426722863933051e+01 2.413160298879074617e+01 2.412684825936489830e+01 1.473909893918362535e+01 1.473909893918362535e+01 1.473909893918362535e+01 1.473909893918362535e+01 2.503853772375956055e+01 2.958290244312368600e+01 3.345204182594359565e+01 2.914852071792634902e+01 2.119180401571674466e+01 3.137501394912648678e+01 2.349942192405827157e+01 2.639169160068169973e+01 2.979278208999940603e+01 3.500185612865897156e+01
2.643264123183323377e+01 3.343238229229469738e+01 4.344491535564450402e+01 4.607895804628784475e+01 4.641793257559430685e+01 4.238497923044447191e+01 4.600951432068056590e+01 4.611804168549722505e+01 5.073713785627518291e+01 5.233048152260264629e+01 4.538532663527387712e+01 4.077509487466767979e+01 3.670959390739690775e+01 3.356019767666608544e+01 2.340644359570504207e+01 3.156519793048389388e+01 3.583052540153390453e+01 4.116234625213093778e+01 3.905429481475690068e+01 3.479933489586286299e+01 3.165423720398511520e+01 2.785601378025472741e+01 2.603670499279534312e+01 1.605681794960489484e+01 2.477857452772102675e+01 1.473909893918362535e+01 1.473909893918362535e+01 1.473909893918362535e+01 2.274670953629042813e+01 3.355081614991927808e+01 3.564565601875249001e+01 3.137501394912648678e+01 2.349942192405827157e+01 3.376636749046566877e+01 3.675922281351613918e+01 4.024246167975918809e+01 4.460133351929212608e+01
3.205552704733360514e+01 3.589815332787638624e+01 3.884667688027405319e+01 3.598960514538181599e+01 4.310683625518726103e+01 4.380911350287045281e+01 3.958675833930794141e+01 3.533212746862434983e+01 4.404312291843391591e+01 5.257538740870342764e+01 5.046394301856639686e+01 4.013458175431780006e+01 3.277399137349100045e+01 2.763215062850029113e+01 3.356019767666608544e+01 2.340644359570504207e+01 3.052917516134476728e+01 4.087773379624152170e+01 3.757189637002690574e+01 2.732239904977657119e+01 2.160535584387885422e+01 1.791058147084627450e+01 1.791058147084627450e+01 2.603760621868882907e+01 2.897826580335093638e+01 2.183899984826918939e+01 1.544948703646880972e+01 2.482162008427401645e+01 2.137337882665555355e+01 2.684848673831654153e+01 3.588619995467573176e+01 3.810921177479144717e+01 3.376636749046566877e+01 2.694648761806011095e+01 3.114054744445011025e+01 3.581594478358020694e+01 4.188090869292980756e+01
2.763436443160218303e+01 2.591795366399368561e+01 2.884106309241019517e+01 2.889539494916006390e+01 3.894470716737984617e+01 3.793320187942224209e+01 2.943507134490107191e+01 2.944079146840040195e+01 3.971279606544020169e+01 4.239561927908840744e+01 5.116814303883113979e+01 4.743172912830011256e+01 4.224943618876288554e+01 3.222337866501570147e+01 3.602951687106543943e+01 2.576224248604016154e+01 3.298768286603814204e+01 4.337315378048941028e+01 4.185399059064798166e+01 3.592116879837485044e+01 3.165423484666407106e+01 2.785602208525470758e+01 1.931321126923915443e+01 2.928300016146603824e+01 3.611751892200896918e+01 2.967183752908582406e+01 2.545354137430776120e+01 1.644258840045588244e+01 2.639844705647077561e+01 3.294439298808993044e+01 3.961441327061034912e+01 4.363473456953322938e+01 4.171807573700617411e+01 3.427068170544279724e+01 3.247156442496389417e+01 4.307985510465618262e+01 5.072638134770227225e+01
2.352441984497856708e+01 1.905629816201026472e+01 2.267289860851223082e+01 3.258896376643262016e+01 3.523792347172908990e+01 3.104847922037298602e+01 2.367438898627474586e+01 3.372353478309559449e+01 3.227329739709207956e+01 3.690167232196176172e+01 4.292053844191612910e+01 5.285162276035831752e+01 4.688623995318287996e+01 3.824251264404686879e+01 4.024663524697633932e+01 2.967643544726974270e+01 3.148902520085087531e+01 4.167269990547550407e+01 4.433433305762248722e+01 3.387340394635632634e+01 3.143922183505949519e+01 2.133873066603140245e+01 2.928300016237459502e+01 2.928300016237459502e+01 3.697288206930902987e+01 2.743172927841297692e+01 2.052167904636858253e+01 1.714807202383611795e+01 2.244626171859435360e+01 2.924808308813590330e+01 3.519156587822900661e+01 3.329403463475012614e+01 4.363473457147421897e+01 4.478035730974092132e+01 4.307985339498032573e+01 4.001483332112955793e+01 4.775852248106497910e+01
1.515019219417495044e+01 2.484666148120414775e+01 3.046611941095877540e+01 3.277651575423750785e+01 2.861315735414553174e+01 2.112297758649930302e+01 3.104846588812709030e+01 2.710542123993229069e+01 3.126714080199431933e+01 3.681886248398195249e+01 4.588080821821084498e+01 5.696631888252138509e+01 5.284952969163882841e+01 4.858476505976910431e+01 4.472681509133028044e+01 3.511491303129016472e+01 3.707055943978461698e+01 4.593070304401992132e+01 4.131304431710083946e+01 3.080372782078722338e+01 2.355120508882540165e+01 2.617308294233112420e+01 3.552018465422881377e+01 3.954104895817293652e+01 3.589473372400163242e+01 2.676906273397615621e+01 3.015181582168266061e+01 2.386727012782696988e+01 1.815646339462217540e+01 2.802871565148731037e+01 2.485091081873310159e+01 3.502191611798009774e+01 3.953763277774670826e+01 4.444455747395896594e+01 4.928933682222370294e+01 5.095311880794550063e+01 5.292802580031239756e+01
1.857434068555754791e+01 1.663818689834346287e+01 2.634158338711733194e+01 2.634166267755078294e+01 1.881432550332148068e+01 2.861315735414553174e+01 3.523774682800996771e+01 3.728778418072776191e+01 4.150596103035354645e+01 4.602447433887146389e+01 5.187029169767520642e+01 6.125615290579436589e+01 5.761597020954347670e+01 5.647183908803960151e+01 5.044357295265718477e+01 4.331496363373187108e+01 4.399714133901024127e+01 5.078729634890406430e+01 4.369263625764411785e+01 3.576328505653905410e+01 2.525933313218517995e+01 3.550574183526782690e+01 3.388305701554391902e+01 4.316919012858993199e+01 3.964051488868449269e+01 3.347425176101704380e+01 3.708190570193203683e+01 3.019350511846231555e+01 2.293840847024586083e+01 1.913788835508896824e+01 2.910904875215057430e+01 2.627597750279512923e+01 3.162474455295055265e+01 4.033199042307839477e+01 3.971856501025326480e+01 4.684792355538396436e+01 4.274282971157519739e+01
2.847081249598651098e+01 2.634158338711733904e+01 1.663818689834346287e+01 1.663818689834346287e+01 2.634166267755078294e+01 3.088846391370738331e+01 3.366913493944941393e+01 3.690087323244473794e+01 4.113310061477758950e+01 4.595280228643530762e+01 5.463334670007503036e+01 5.351939390831266508e+01 4.870074441851964053e+01 4.711850819353497855e+01 5.360748373186554971e+01 5.500574646489787511e+01 5.411429917527051714e+01 4.660481960983425154e+01 3.518821398461345495e+01 2.849418533104399032e+01 3.576328505653905410e+01 3.016413685861983751e+01 3.780905659035474997e+01 4.716141193963701994e+01 4.512433271102463550e+01 4.037332415091026405e+01 3.700472739238762898e+01 3.070859482850398692e+01 2.093939074272107703e+01 2.910904789084622379e+01 2.026543157814468188e+01 2.916567188731515614e+01 3.206862029747983911e+01 3.533407097584738921e+01 3.274873766035874922e+01 4.120741891086726127e+01 3.693213615058270705e+01
3.205353735118151803e+01 2.216028020998718873e+01 1.663818689834346287e+01 1.836832838278130708e+01 2.814742734039776906e+01 2.094218364548919098e+01 2.351947336384930054e+01 2.651676575277496539e+01 3.071972463261417730e+01 3.764029889790246841e+01 5.006579723586782649e+01 4.503999225365245707e+01 4.592560170591936242e+01 4.060431510839395486e+01 4.572794677048401724e+01 5.380313940803381456e+01 5.320354458881941895e+01 4.124308534353319544e+01 3.475960576410503933e+01 3.202675111362711391e+01 4.303130592918711983e+01 3.497793728770808741e+01 4.538211458685586308e+01 5.292936086444154142e+01 4.324125775872713007e+01 3.238982314140439200e+01 2.634438267053165816e+01 2.270860225197953497e+01 3.070859482850398692e+01 3.450421195781125761e+01 3.028169608544973102e+01 2.141620788830925903e+01 2.343002070603333209e+01 2.559590804926420660e+01 2.821514870738495162e+01 3.106316920309205898e+01 3.693213614935689293e+01
3.622607365873390250e+01 3.048373752926526237e+01 2.140554516350488612e+01 2.814742734039776906e+01 2.094218364548919098e+01 3.088845919496414183e+01 3.366913493944941393e+01 3.690087323244473794e+01 4.115859492684769094e+01 4.595264396998152989e+01 4.665129210346932354e+01 4.262721323769804371e+01 3.642132203436737115e+01 4.592560170591936242e+01 5.360748373186562077e+01 5.802943223002279183e+01 5.807059388166322123e+01 5.035011610070719001e+01 4.582462522782771686e+01 3.649420775517251769e+01 4.747532593731502004e+01 4.128746514650944732e+01 5.024242799641583446e+01 5.327224875754878752e+01 4.759532147820799253e+01 4.150043658302265470e+01 3.443488868170425121e+01 2.409160124753739041e+01 3.443488868170425121e+01 3.994344626840633339e+01 2.948355351956820058e+01 2.232155156011700470e+01 3.198573986141359526e+01 3.526643656222145040e+01 3.839390681042157638e+01 4.120741902905819387e+01 4.543030721206457656e+01
4.147736906038782223e+01 3.550719890606159623e+01 2.834908346868213869e+01 3.508211585556350087e+01 2.661472135797965421e+01 2.717049953798416695e+01 3.431269297978740695e+01 4.446478727623937743e+01 4.904446879741384180e+01 4.430284575082327336e+01 4.025455419453207639e+01 3.289336776753712854e+01 4.262721323769804371e+01 4.605887013652269246e+01 5.008416329774560438e+01 5.492893715787286624e+01 6.274527973688637417e+01 5.859944869692350977e+01 5.232737701033999400e+01 4.323806503463137574e+01 5.232759931582252477e+01 5.204415824738067897e+01 5.643527882612619351e+01 4.858954274861708456e+01 3.838459675387267112e+01 3.311958150806135137e+01 2.911209623298189797e+01 2.584211013601672491e+01 3.642499945840005893e+01 3.995026169851211506e+01 2.949224363377545544e+01 3.196775137833338576e+01 2.368943502982417115e+01 2.516749028506757568e+01 3.539546602605781089e+01 3.571838370024273956e+01 4.290912539388449431e+01
3.143533227278157582e+01 3.853729961034810714e+01 3.854101902949387437e+01 4.092805564771718707e+01 3.672727818700076341e+01 3.728617255597290381e+01 4.148274801377279886e+01 4.702998583750324002e+01 4.209460434085886504e+01 3.514473988430385987e+01 3.045435418724315113e+01 4.025483547522412664e+01 3.289336776753712854e+01 3.635267905818517420e+01 4.122584736162058761e+01 5.089189291142575655e+01 5.716695327485692246e+01 4.907874531221551706e+01 5.715215132219196903e+01 5.581489879012998045e+01 5.926079953345683293e+01 5.742402656733343491e+01 6.114771376706570294e+01 5.326790095314804319e+01 4.803553318842437392e+01 4.368745171634571989e+01 3.851087559285647899e+01 2.781734827363928630e+01 3.851089209446922013e+01 4.430401962762068280e+01 3.982763627249742910e+01 3.533365358057968564e+01 2.502691576588895117e+01 3.533918092203903427e+01 2.736538581440283480e+01 3.758162911943880857e+01 3.992369621578366434e+01
2.444112324412558479e+01 3.436564622156528515e+01 3.846018660068269668e+01 4.267676189430255107e+01 4.403102065783901509e+01 4.096388154159118500e+01 3.973357369171964848e+01 4.004901491873061303e+01 3.306804400014049605e+01 2.816951737911585951e+01 3.514473988430387408e+01 4.430284575082327336e+01 3.978908047043717033e+01 4.262721337103592134e+01 5.008416329774560438e+01 5.492893715512819597e+01 5.310273128556600852e+01 4.373930547264363611e+01 5.310273128556684696e+01 5.482507385590687932e+01 5.192630694473847797e+01 4.913373971981803834e+01 5.735378021241052693e+01 5.472767062604098243e+01 4.363894029594531077e+01 3.771989274937227066e+01 3.266211397052283871e+01 3.072760185930432897e+01 4.143199768466315902e+01 4.784020318074816913e+01 3.722336093627050246e+01 3.112347413705958488e+01 2.642845797826479881e+01 3.697252444909506863e+01 3.758162911943880857e+01 2.976029631599891800e+01 3.992369621578366434e+01
2.957732175752418158e+01 3.645805300152574091e+01 3.070832763322026437e+01 3.297124086336430793e+01 3.303094466599782209e+01 3.172903553296282197e+01 2.975807632007604653e+01 3.401105112928046026e+01 2.603475643884776147e+01 3.596403745840646593e+01 4.209460434085886504e+01 4.904446917790775018e+01 4.947907231149653029e+01 5.232449052135501688e+01 4.889722068297817259e+01 4.783373388324523034e+01 4.977062313792762893e+01 4.033114199442222514e+01 4.552804355726078001e+01 4.798019441772866855e+01 4.295628500748266276e+01 4.995552952019150439e+01 6.004758386812057580e+01 5.930833459682963138e+01 5.262414524820945161e+01 4.133764668678641385e+01 4.273193030104233259e+01 3.391680943980649232e+01 4.458925096809478816e+01 5.227118628150066115e+01 4.612806992858791943e+01 3.863157638492950952e+01 2.796879329079482090e+01 3.863149451458677675e+01 4.408898192123874793e+01 3.992369621578366434e+01 3.238865681915883243e+01
2.675239825772914060e+01 2.832135607282187451e+01 2.733727785946656397e+01 2.384576549644739174e+01 2.556086718803479840e+01 3.084747452812896640e+01 2.259346798225830000e+01 2.398748246718299981e+01 3.401105112845903022e+01 4.004893116632884897e+01 4.314056849726754450e+01 4.314056852714085011e+01 5.290539769790310487e+01 4.889508422371158503e+01 3.923195679398738633e+01 3.817514070125717041e+01 4.190158800416699592e+01 4.281921569252745741e+01 3.598797126131076141e+01 3.867292792116347755e+01 4.795222979646035810e+01 5.564756081265603882e+01 5.847593659495214524e+01 6.153731046226825185e+01 5.856236640288445017e+01 5.341031460388319374e+01 4.632582808693212684e+01 3.740643822973741095e+01 4.806492099196990608e+01 5.134525261587833000e+01 4.062652253556652937e+01 3.445217630586488866e+01 2.960380193209802968e+01 3.804014024243419101e+01 4.963262542928907806e+01 4.307837262686224022e+01 3.434116923862318060e+01
