output/example_1/elevation_000347.asc
nrows	75
cellsize	13.33333333
xllcorner	0
ncols	75
yllcorner	0
NODATA_value	-9999
[rows 34 to 50 of 75, columns 0 to 36 of 75]
4.159999999999999636e-03 1.000415999999996330e+01 1.716449906940940195e+01 1.976619863259699983e+01 2.335225589587840389e+01 2.034642695217817376e+01 1.740957099074381986e+01 1.843794528577701186e+01 2.614475099882424658e+01 2.203517695524254094e+01 2.885940538382754994e+01 3.875764805741071228e+01 4.026895008550301469e+01 4.441456781812081545e+01 3.737840168567721122e+01 2.696901088874023955e+01 2.112199890196179553e+01 2.058955782689014669e+01 3.055071673904025076e+01 2.145432794587891578e+01 3.171067808370878183e+01 3.374915997255965294e+01 3.811888447198369789e+01 3.486710218495383629e+01 2.486633218075716201e+01 2.693458675369327437e+01 2.943704252672253219e+01 2.943704269519236760e+01 2.478063015567669680e+01 3.478414769247915217e+01 4.442420886625660614e+01 4.180505256148379800e+01 3.777830103613328561e+01 3.032817888053396516e+01 2.025533137731287425e+01 1.579882183418568609e+01 2.411678623709242686e+01
3.329999999999999627e-04 1.000033299999996217e+01 1.259796216486477505e+01 9.949826047208757629e+00 1.559434179341645610e+01 1.759525065398945287e+01 1.031269783840834720e+01 1.343271188430579066e+01 1.661320308156655656e+01 2.614475099882424658e+01 3.587683786443386680e+01 3.857302145507203761e+01 3.010575991984047661e+01 3.857302145507203761e+01 3.874773691819073207e+01 2.831193685269531812e+01 2.112199890189965146e+01 1.615075543052714124e+01 2.305313243678649471e+01 1.769217180270560164e+01 2.783408344780752586e+01 2.343577714962878389e+01 3.211836237142726702e+01 3.904524781139374312e+01 2.986783536589175014e+01 1.986893214003097796e+01 2.578590392729848446e+01 1.943798745609738177e+01 2.443601665485658003e+01 3.019949516518854082e+01 4.022806733162753545e+01 4.553820133180071394e+01 3.556646906046187695e+01 2.849449829833697123e+01 2.997155411952221726e+01 2.411655584687713727e+01 1.417413231191944334e+01
1.129999999999999928e-03 1.387880490563071945e+00 2.788160574591080465e+00 4.231536255620889087e+00 5.793274155849192475e+00 7.589333323635983675e+00 1.759525065398945287e+01 1.470512985046808119e+01 1.919352556272076527e+01 2.541347598523449136e+01 3.506233801204302125e+01 3.440122950753238484e+01 2.408716117329531770e+01 2.888812808317677039e+01 3.309788090758783596e+01 3.570865758971967807e+01 3.055156178691536439e+01 2.305313241088629184e+01 1.314563870536601087e+01 2.068479007300607719e+01 2.195246879092482928e+01 1.767705762011279447e+01 2.779367153965786841e+01 3.399283994891801797e+01 3.286115540015385506e+01 2.285523385170980504e+01 1.578839257452983880e+01 1.899078861894164660e+01 2.276870921099710543e+01 2.776218873927831154e+01 3.482806625689268998e+01 4.489886917620790996e+01 4.144998427829619203e+01 3.567964806488990348e+01 2.616759567212988102e+01 1.614717389218914789e+01 1.309468734168160964e+01
3.329999999999999627e-04 1.000033299999996217e+01 1.276692490803621105e+01 1.000650100086498817e+01 1.579807836925460940e+01 1.114000343771890655e+01 1.959820062836260490e+01 2.547438226917007853e+01 2.252649939612341967e+01 3.226426948490850322e+01 3.475166323427214365e+01 2.885513920143620581e+01 2.460660961453339013e+01 1.840059251069807544e+01 2.587954690531341839e+01 3.615148556627490706e+01 3.141039806736386097e+01 2.117462458245026369e+01 2.068457978245822915e+01 1.112542401415275251e+01 1.224454644919775959e+01 1.851994699398681377e+01 2.856445230615802444e+01 2.397900141092555870e+01 2.601532586988595241e+01 2.186056164809749092e+01 1.400080770465006097e+01 2.399031635727156342e+01 3.276996243872446257e+01 3.694496909070930002e+01 4.196719843042426135e+01 4.088177596794418633e+01 3.731039530511061741e+01 2.731560490874943525e+01 2.148905100490830833e+01 2.616525203917008113e+01 2.152434863520799269e+01
4.329999999999999539e-04 1.000043299999996194e+01 1.728531793902415359e+01 2.001703734550252989e+01 2.416501767528733069e+01 1.821677589327937952e+01 1.821675949407664774e+01 2.822176712060067061e+01 3.318116925979830256e+01 3.743428905790672445e+01 3.053650698860520052e+01 2.007155654083306828e+01 1.401365369326255461e+01 2.460660961453054796e+01 3.067012212597855481e+01 2.969768613028125870e+01 3.392155359090982358e+01 3.141012930219338628e+01 2.493055618054964029e+01 1.852000937390827673e+01 9.543514018215981665e+00 1.847928947331549310e+01 2.676343031237765757e+01 1.699249431768624419e+01 1.985198019907838329e+01 1.191852520145004668e+01 2.186056170350671479e+01 2.215379425215870768e+01 2.922254170485171088e+01 3.925814749664342429e+01 3.805618921316471415e+01 3.113457618997350806e+01 3.805618921269047661e+01 3.567964806490416407e+01 3.153990009890951995e+01 2.786170435938969803e+01 2.367407452958850200e+01
5.329999999999999452e-04 3.162810662159984965e+00 1.316327517325337659e+01 1.850821979392915040e+01 2.850366441157659736e+01 2.822363865933864346e+01 2.822176712060077008e+01 3.236373077829380662e+01 3.266863850402217651e+01 3.673445162048443535e+01 2.944736630534763222e+01 1.893520654216140642e+01 1.170733501711796265e+01 1.598444034836995442e+01 2.234035728866106041e+01 1.931072990522544686e+01 2.969767871710751450e+01 2.990734121267328405e+01 2.485346668494516820e+01 1.727480467271767850e+01 8.703720754634829859e+00 8.703720754634829859e+00 2.194820372625652638e+01 1.800184570971583398e+01 1.006564617065132161e+01 1.985198019907838329e+01 2.601384865469336205e+01 3.123171210591961966e+01 3.154230307918450649e+01 4.159195808603537614e+01 3.398945783617317318e+01 2.419087260840427334e+01 3.398945783617317318e+01 3.818369964975087782e+01 2.670459890303347450e+01 1.870127974218393874e+01 1.368461979355101121e+01
3.709999999999999756e-03 1.000370999999996258e+01 8.508043885116979510e+00 1.557937397880398400e+01 2.558166673892257492e+01 2.571845057115463717e+01 2.979904089297349046e+01 3.103802642722117255e+01 2.278169633862526666e+01 3.103826312940479681e+01 3.245843987183057777e+01 2.201414685143879879e+01 1.903882655806357960e+01 9.368394373005262565e+00 1.221266646655193178e+01 1.931072789175051696e+01 2.969731450988248156e+01 2.560667407670276674e+01 1.561508706594565155e+01 1.118403854566010835e+01 8.703720754634829859e+00 1.576046372743540225e+01 1.683127616563364626e+01 8.505646094380987066e+00 1.095902369148567068e+01 1.379526314465947046e+01 1.707858470514530680e+01 2.154168549053259341e+01 3.154230309311272862e+01 3.629429493846981103e+01 3.028592703843870382e+01 2.044165458352906128e+01 3.028592703843870382e+01 3.270135929925120166e+01 3.349973770878418833e+01 2.790373986914680060e+01 1.835563394110913293e+01
6.660000000000000121e-03 1.000665999999996281e+01 1.850877831858889166e+01 2.264945464085441529e+01 2.420396896732715319e+01 1.609701052460825821e+01 2.420399464741048945e+01 2.696030015027849203e+01 1.716996332735162412e+01 2.172722167391450299e+01 2.579728995159356231e+01 2.458544504105274342e+01 1.451491248779353427e+01 7.761903663479610138e+00 1.322756235107141976e+01 2.023968924771846645e+01 3.047761502170118675e+01 2.990938744775128910e+01 2.485476123502887802e+01 2.060924676102095177e+01 1.299252755697863471e+01 7.570592129943940485e+00 9.718214000682337428e+00 7.601191785119343791e+00 1.937086281546025646e+01 2.373863819331696234e+01 2.706986809505934133e+01 3.123171247857494492e+01 3.571343106881850815e+01 3.222109588919073531e+01 2.240905262985531721e+01 1.734473811342691008e+01 2.648344059093899006e+01 2.448392653436858524e+01 3.356947383387921491e+01 3.359488582854510952e+01 2.888619187444758296e+01
1.030000000000000013e-02 5.010299999999991094e+00 1.208136781186427022e+01 2.208136780206355709e+01 2.016343067997624061e+01 1.061086369553232522e+01 2.016343035966720265e+01 2.352456098560650588e+01 2.163124397102464158e+01 1.226602993876816861e+01 2.172719863003269580e+01 2.488491925700244778e+01 1.596488074621669817e+01 6.141002037276826364e+00 1.596597658490761873e+01 2.427469001029375661e+01 2.801842931128605940e+01 2.385378248321714523e+01 2.804137903285271705e+01 2.668782509862014152e+01 1.983953212921108289e+01 1.539429375296923830e+01 6.284246225818281850e+00 8.908115976506364220e+00 1.839777104485456860e+01 2.703917938702647561e+01 2.704148520674368683e+01 3.695160393707834601e+01 3.743801569832679377e+01 3.115007477465023555e+01 2.133475572626624484e+01 1.445312099632510261e+01 1.691483552539555291e+01 2.241659097923535882e+01 2.889547441347963286e+01 3.755914469894779728e+01 3.611513333427599548e+01
1.349999999999999985e-02 1.001349999999996321e+01 1.915243486886745927e+01 1.726565498598348469e+01 1.678606060380744580e+01 7.239110106660968214e+00 1.288127119780139829e+01 1.288612556777207097e+01 1.899708816438058179e+01 9.884611851788482895e+00 1.555704197733457939e+01 1.910803052872641672e+01 1.149447540790044187e+01 4.552815846815616574e+00 1.031262723663592773e+01 2.018320737615105287e+01 2.308892343063654096e+01 1.406450450660949336e+01 2.308892343065789277e+01 2.741701663124144162e+01 1.768793936199584849e+01 1.466317314861974630e+01 5.568748433531133024e+00 1.466475517054152178e+01 1.347432557788079244e+01 1.712353090232318920e+01 2.704208569681742702e+01 3.171271687017159380e+01 2.758817416863520222e+01 2.340218591015786842e+01 2.184335465382419272e+01 1.218259355843199998e+01 2.155057784911836549e+01 2.743161523971052773e+01 3.213448855922795389e+01 3.829112812078009398e+01 4.122130480580985079e+01
1.339999999999999872e-02 1.001339999999996344e+01 1.018372432351429602e+01 7.466107787050515476e+00 1.033876914585761320e+01 9.760533026886990982e+00 3.270199856239646596e+00 1.160972012100311268e+01 1.710072108249476841e+01 1.555698596434288383e+01 6.856419489168140480e+00 1.264729548917963875e+01 1.189180497872142972e+01 3.259989738875562981e+00 1.331149384632699828e+01 1.839027945520143703e+01 1.679047764023835754e+01 9.426173958489368232e+00 1.895686891767985927e+01 2.451821862677308062e+01 1.485881747488284255e+01 8.380889456389619241e+00 4.819720633697805567e+00 1.113771438888909238e+01 2.067163289559104911e+01 2.704001619160406378e+01 3.114526452346325414e+01 2.758820414549201416e+01 1.778791939217265750e+01 1.652614014684375121e+01 2.003711694887351769e+01 1.046416141194052862e+01 1.374171195522380629e+01 1.795746555807283329e+01 2.360637343299177715e+01 3.426417761034849008e+01 3.711241952635298702e+01
1.369999999999999864e-02 1.837051133048689944e-01 1.837051133048689944e-01 1.905477509109779533e+00 1.952970076608233851e+00 1.984513936511183019e+00 1.702982487647615617e+00 1.770906449343290001e+00 1.233010063372001675e+01 1.415926697816035507e+01 1.084854784814452877e+01 4.020173368611774656e+00 2.617950545324400746e+00 2.364908965344024061e+00 8.266829685800589189e+00 1.073231395008045297e+01 5.040240800217887340e+00 8.459124179262046184e+00 1.343113263040075367e+01 2.255684638186131963e+01 2.168550081940385610e+01 1.323927602964835692e+01 4.065854518614919755e+00 1.323917421338894052e+01 2.074277096832825151e+01 2.639729839589720228e+01 3.053428176415636131e+01 2.764481125900816139e+01 2.065831639725005786e+01 1.112749605784260254e+01 1.623697313043980728e+01 8.854138185413468420e+00 1.520499437555265132e+01 2.411417929916686376e+01 2.908007843217098909e+01 3.323414880147842609e+01 3.711233874928351639e+01
1.290000000000000001e-02 1.001289999999996283e+01 1.837051133048689944e-01 1.837051133048689944e-01 1.837051133048689944e-01 3.549963267121684085e-01 3.549963267121684085e-01 5.170633270379895174e-01 7.989264971113286151e+00 9.923943518616342274e+00 9.950242742018872155e-01 6.997139823735643027e+00 2.599395945104461259e+00 1.266636487289368063e+00 6.845710065886279061e+00 2.109534037939579942e+00 6.765934280639624099e+00 7.183152317514720941e+00 1.598100589093536428e+01 2.077880235999213099e+01 1.988934216066937921e+01 1.044491787988112819e+01 4.065854518614919755e+00 7.708690909998815677e+00 1.292961245365309964e+01 2.250384208927205520e+01 2.029808585866885906e+01 1.726603323338463980e+01 2.433769592253746339e+01 1.623719761763170411e+01 6.936279339131983690e+00 1.623717118469116016e+01 2.228611017911295633e+01 2.695036483207286082e+01 1.889292889266041797e+01 2.556346849015348965e+01 2.968654852101048292e+01
1.349999999999999985e-02 1.001349999999996321e+01 1.018372432351429602e+01 6.683958535493311759e-01 1.018372456906786994e+01 5.979552664254145000e+00 1.020886250430633169e+01 7.618619833919971107e+00 7.805221060383219500e-01 7.805221060383219500e-01 7.805221060383219500e-01 9.950242742018872155e-01 9.950242742018872155e-01 8.799008898296479586e+00 1.266636487289368063e+00 1.832666496383184906e+00 5.222778049405387257e+00 2.965758332127766295e+00 9.243824307594797673e+00 1.017709258452218535e+01 1.160198843269512281e+01 1.160179658732701924e+01 3.243861870198093023e+00 1.253988292444091535e+01 2.095133281298118888e+01 1.846709046330312276e+01 1.428191790858281252e+01 1.016683231340685722e+01 1.726851905460134873e+01 1.324719707832498727e+01 5.720723092104128327e+00 1.498267016710696531e+01 2.285514661338796927e+01 2.266954698361003295e+01 1.312097732104849612e+01 1.565254544620955990e+01 2.556346849015348965e+01
1.319999999999999993e-02 7.739383184871315713e+00 1.662364149154074866e+01 5.151921478065716542e+00 1.835712437948393116e+01 1.489298517580968095e+01 1.689890728705758605e+01 1.104776726672776910e+01 7.805221060383219500e-01 7.805221060383219500e-01 1.261175219831903682e+01 1.223186297793007782e+01 7.269981250404544681e+00 1.484138400957745674e+01 9.405520794310993082e+00 1.141331071882157566e+01 1.897546733116562523e+00 2.009491325347280810e+00 2.009491325347280810e+00 2.009491325347280810e+00 2.009491325347280810e+00 2.009491325347280810e+00 7.575549911969335248e+00 1.176328764465923449e+01 1.204466447647787319e+01 1.214590791417904114e+01 5.369563245469926471e+00 1.204590689095298650e+01 1.204590702690928516e+01 3.946063005826158765e+00 1.204590729357594192e+01 9.256969044699378202e+00 1.605602950975639942e+01 1.457482938843708808e+01 8.921732636696029672e+00 1.855538759796271364e+01 2.403954066700318037e+01
1.359999999999999924e-02 7.083886532526029178e+00 1.704658019592067575e+01 2.060395901227567350e+01 2.547702210570639281e+01 2.506245440243117883e+01 1.897416417912152653e+01 8.273797072848010359e+00 2.285405521764160675e+00 1.191536165711464612e+01 1.797573689220258686e+01 2.301789671861461528e+01 1.564017950570613280e+01 2.298728756323746580e+01 2.039052867114854095e+01 1.318225124955727878e+01 3.364967962599901607e+00 1.160196463372292186e+01 2.009491325347280810e+00 2.009491325347280810e+00 2.009491325347280810e+00 2.009491325347280810e+00 1.992139025073542680e+00 1.992139025073542680e+00 2.658889079421435486e+00 2.658889079421435486e+00 2.658889079421435486e+00 2.658889079421435486e+00 2.658889079421435486e+00 2.658889079421435486e+00 2.658889079421435486e+00 2.658889079421435486e+00 1.204590742690928451e+01 5.212026011744836929e+00 1.204590786128697566e+01 1.417294201346606286e+01 1.353856875752755329e+01
1.299999999999999940e-02 1.001299999999996260e+01 1.533097130612992487e+01 1.913750724407845638e+01 2.336269579935741447e+01 2.853214356661616691e+01 2.336916113612575785e+01 1.704207940049313308e+01 1.274922915311982941e+01 4.816874808578653244e+00 1.234998726087214393e+01 2.283243202485527235e+01 2.629765988007228827e+01 2.423008695133206203e+01 2.013156993623313440e+01 1.450754591635967117e+01 4.832046031468217429e+00 1.450754591781288383e+01 1.160196476789567477e+01 6.432724876702500261e+00 1.160196504085468838e+01 1.017802489947521671e+01 1.090025253605766409e+01 1.992139025073542680e+00 7.841264332063984099e+00 8.523967461552022229e+00 2.658889079421435486e+00 1.172722438006540457e+01 1.204590702253847034e+01 2.658889079421435486e+00 1.204590716024261887e+01 2.658889079421435486e+00 2.658889079421435486e+00 2.658889079421435486e+00 2.658889079421435486e+00 2.658889079421435486e+00 9.943769056032355280e+00
