output/example_1/elevation_000328.asc
nrows	75
cellsize	13.33333333
xllcorner	0
ncols	75
yllcorner	0
NODATA_value	-9999
[rows 34 to 50 of 75, columns 37 to 73 of 75]
2.423152755426088589e+01 3.111891815123462379e+01 3.642971349929788971e+01 4.028362442127699694e+01 3.199530543390021364e+01 2.795529750511726519e+01 1.813011410733889051e+01 2.795529750511636990e+01 2.371962007930158833e+01 2.198726081803504684e+01 2.396424480912152788e+01 1.603641326680542178e+01 2.217613054994655997e+01 2.902355228328401537e+01 3.859776089520591569e+01 3.747219652907840270e+01 4.158998442458688771e+01 4.651495966325210674e+01 4.990771860561780926e+01 4.007549074176532145e+01 3.614667517498266136e+01 3.131023343628179134e+01 3.565037933632351042e+01 3.621156204742098339e+01 3.755839838730446445e+01 3.122558275795259775e+01 2.550441646058728296e+01 1.612301193501095398e+01 2.249213711880665656e+01 1.335558653648908312e+01 1.463928012464191042e+01 2.359587518469999168e+01 2.652198440516126254e+01 2.013854366546375019e+01 2.956703895950261440e+01 2.807696741006679275e+01 3.204814865153176839e+01
2.544860228558290061e+01 2.950115243723605118e+01 2.772430600295055214e+01 3.515897102394116303e+01 2.795529750511726519e+01 1.813011410733889051e+01 1.813011410733889051e+01 2.522388718462152113e+01 2.369974593197463975e+01 1.381360028657243610e+01 1.381360028657243610e+01 1.555431823694901183e+01 2.547405889023441716e+01 3.232958119542981024e+01 3.718117227208628606e+01 4.407235791451279283e+01 4.407520314814910023e+01 4.816276348174324085e+01 5.404654643998804886e+01 4.864343890052914787e+01 4.416587280334750432e+01 4.014137538389642401e+01 4.416587868986550092e+01 4.376017773109918352e+01 3.405732674351366285e+01 2.745198202156958800e+01 2.207679971628194693e+01 2.548096817902809619e+01 2.181017675695773761e+01 1.296335056323335344e+01 2.221089419842160240e+01 1.616138993543469127e+01 1.731109390313396545e+01 2.678327318900510789e+01 3.357002900068762585e+01 3.703372399423550831e+01 4.110727422114761254e+01
1.545007345928458697e+01 2.523230620735537855e+01 2.262076649608846779e+01 3.140396897966290979e+01 3.199530543390021364e+01 2.795529750511726519e+01 2.522388718462155666e+01 1.533344099902211255e+01 2.271205760216492564e+01 1.381360028657243610e+01 1.467752657181759623e+01 2.442183311475142915e+01 1.849363724657749586e+01 2.347849709684166797e+01 3.028995068534859669e+01 3.715264307558251033e+01 3.428522496395077468e+01 4.407520314814910023e+01 4.981386672414831907e+01 4.557680931494827803e+01 4.813503061152138685e+01 4.389970757952081470e+01 4.317432160751808823e+01 3.769839022938811013e+01 3.377109891340139569e+01 3.026540213579419714e+01 3.141878111431221399e+01 2.679299943258051186e+01 1.939688195656524883e+01 1.259880560919493675e+01 2.178329083482641337e+01 2.542398934719673065e+01 2.678327318903767207e+01 2.020245802945552427e+01 2.962345103332355123e+01 3.570282756876699182e+01 3.978995324791253552e+01
1.434046377060386135e+01 1.707554383815574184e+01 2.628106797953105556e+01 2.891075680017419458e+01 3.295549478878567129e+01 3.431094804114280095e+01 2.507720225689852356e+01 2.260060024091737674e+01 1.287165696187531871e+01 2.206713528491703968e+01 2.442082537889711347e+01 1.924337289252537531e+01 2.830177203689414611e+01 2.196131622182837972e+01 2.448937693615045674e+01 2.750090630205389530e+01 3.301949636994290671e+01 4.279862673533182260e+01 4.557680931494827803e+01 3.545841011431065937e+01 3.842202062542486374e+01 3.380924224336509099e+01 3.930142218894022932e+01 2.976154766068839663e+01 2.423138973404786256e+01 2.095011259829772854e+01 2.606132438465224155e+01 2.653805909988658485e+01 1.497560458733120825e+01 1.224230758561196275e+01 1.437785923484783446e+01 2.735747756800372343e+01 3.362442026883282153e+01 2.962345103332355123e+01 2.340137870841509127e+01 2.631611111960214089e+01 3.162052220404131475e+01
1.336054911415125446e+01 1.336054911415125446e+01 2.193210519229631572e+01 1.909991573092533201e+01 2.892084621617910045e+01 2.826964872930919270e+01 2.489676794052628139e+01 2.106613134675127696e+01 1.225562871577267288e+01 1.225562871577267288e+01 1.928631467041768843e+01 2.900465542313983391e+01 2.452365747165599075e+01 3.161653109484613466e+01 3.410049596929700044e+01 3.231305480689247389e+01 4.122399422284700421e+01 4.688426046050283702e+01 4.613699006859450691e+01 3.842202062542486374e+01 2.852534553412985119e+01 2.819007399473264996e+01 3.625899378892614777e+01 3.769838981009666412e+01 3.365220814473196498e+01 2.606049785633677729e+01 1.695475043791631720e+01 2.239317370681079922e+01 2.010663014376104840e+01 1.188438193455559144e+01 2.144519951983049211e+01 2.573110870035099751e+01 3.665541264726504522e+01 3.273448732914742010e+01 2.340137870841509127e+01 3.273448732914742010e+01 3.285912662568494369e+01
2.330930408084759975e+01 2.197560726032796552e+01 1.208759270099955963e+01 2.197543506919847900e+01 2.827114432350559525e+01 1.848786789582875301e+01 2.028252212286442813e+01 1.138544628958860194e+01 2.103112254116962987e+01 2.215956201305682782e+01 2.653425461814756048e+01 3.419334337429815918e+01 3.131134943994630149e+01 3.131136469473704054e+01 4.086067320161450311e+01 4.205369708724443001e+01 4.613622966859573893e+01 4.902204896387778632e+01 3.923095825396863745e+01 3.228961119897046927e+01 3.312082902408292284e+01 2.343755388238282933e+01 2.645632508551284801e+01 3.339771701153627959e+01 3.142326995489897001e+01 2.355732569454321990e+01 1.811750096169048518e+01 1.363266159461328364e+01 1.137413554151111583e+01 2.072657348191021143e+01 1.719377686611606393e+01 2.364958653753174644e+01 3.371754062436256305e+01 3.677711068954560858e+01 2.993300126913107917e+01 3.677711068954567253e+01 4.256812895288880583e+01
2.414980543985171124e+01 1.441346761854705605e+01 1.120462914722750014e+01 1.985060885615434145e+01 2.343126244313635098e+01 1.943301582801311511e+01 1.049496871220351935e+01 1.299354612272286857e+01 2.282229465533622204e+01 2.991488396541305761e+01 3.359823049539751594e+01 3.765902876483310990e+01 4.085938854195457282e+01 4.086067320161450311e+01 4.480240054225575363e+01 4.168835683404619630e+01 4.168977418492242037e+01 4.588869613726514984e+01 4.231246453598927104e+01 3.516262747458740989e+01 2.547457124991747079e+01 2.930488942981105183e+01 1.970899354650935820e+01 2.932702726563270090e+01 3.395372900416471396e+01 2.361689224162004663e+01 1.592124669916380597e+01 1.137413554151111583e+01 2.004619440987417534e+01 2.278277947243492108e+01 2.626548457518483559e+01 3.083705856346590579e+01 3.357724978234752200e+01 3.774491224447557158e+01 3.949787297232713001e+01 4.205588195050202671e+01 4.205588195152173370e+01
1.981137528083533539e+01 2.414979919763444727e+01 1.696936586724857321e+01 9.964617446098960940e+00 1.859056477815370201e+01 9.599913943512934367e+00 1.943302268064854843e+01 2.282361617533189246e+01 1.701253520104865657e+01 2.016614820370424255e+01 2.389142531024425153e+01 3.073987391952874404e+01 4.049891467253494426e+01 4.095476143906906685e+01 3.875076435505406636e+01 3.161281610941356135e+01 3.161283257284297221e+01 4.168977418492242037e+01 3.824260774780716332e+01 2.837359528039436185e+01 2.358107074580811613e+01 1.998341131442791507e+01 1.754732822998285968e+01 2.482757850513120346e+01 2.889454942179690633e+01 2.955609801693704597e+01 2.399821622218323114e+01 1.985988462538379551e+01 1.086819289020192336e+01 2.010557844999309296e+01 2.441889400137316457e+01 2.638711025787894116e+01 2.340885695146643997e+01 3.357724978234060842e+01 3.914404141790475933e+01 3.208095726587766450e+01 3.208095726587769292e+01
2.913798881623249670e+01 3.084610279841501423e+01 2.375639317800730765e+01 1.858588101778382651e+01 8.677272258681666628e+00 1.490770196351151355e+01 1.456107380378213634e+01 2.425509628434754461e+01 2.683895027832296520e+01 2.992940229684315057e+01 3.359823049539751594e+01 3.765902876492656759e+01 3.802458197653345451e+01 3.088266062188815653e+01 3.456430043740014213e+01 2.462883676395270172e+01 3.456248258914234128e+01 4.265864088758500827e+01 4.231246453598927104e+01 3.738433004963736295e+01 3.328234928735884779e+01 2.957383983988614418e+01 2.199470450178048608e+01 1.538123202722467298e+01 2.274133791687901507e+01 2.138040563652523929e+01 1.992622766791966882e+01 1.472282563684528967e+01 1.050995872653245122e+01 1.167729661225020621e+01 2.047197920529597681e+01 1.495289648550411421e+01 2.636537181775509353e+01 3.423071791205437364e+01 3.012653996858849226e+01 2.525053487254906770e+01 3.360566348448225682e+01
2.960534712207772756e+01 2.634805224071371299e+01 2.299770410160717660e+01 1.176393176732993773e+01 8.143038594585348733e+00 1.778979677063138709e+01 2.328657401411208028e+01 2.875024970807133329e+01 3.563242554861641054e+01 3.563402155346363998e+01 3.959351252374676733e+01 4.177869538240429392e+01 3.383010211403799872e+01 2.388656746509603934e+01 2.753923070135449791e+01 2.152232070583253787e+01 2.848936059551783728e+01 3.479036889135098676e+01 3.894642773677159653e+01 3.990400000216821752e+01 3.581245140784464809e+01 3.578617010607881355e+01 2.889502382193537144e+01 2.274133790920673093e+01 1.351525756310156368e+01 1.240092480654515938e+01 1.133738587580137747e+01 1.261048132114815168e+01 1.016487021084895837e+01 2.006528495237325416e+01 1.322466369143704590e+01 1.431576420433503749e+01 2.318783207970714599e+01 2.701386530474256276e+01 2.057215011361125079e+01 2.386611262910665587e+01 2.386611262910665587e+01
2.039233025153949441e+01 1.697449028503466550e+01 2.214335927157757311e+01 1.753967258822549979e+01 7.636434262431495590e+00 1.472985998915691752e+01 2.444212536325051488e+01 3.147647756869338664e+01 2.634502307085383421e+01 2.634503096628630203e+01 3.563416145396586643e+01 3.772323731588608098e+01 2.786654703870990701e+01 2.753429430210048423e+01 1.765609041926840561e+01 2.448874722063597531e+01 2.775304947282484136e+01 2.484155887864792689e+01 3.479087567346795851e+01 3.581245174620180904e+01 2.621056782959094633e+01 2.902286945705069243e+01 3.305710482741441325e+01 2.678549064269653002e+01 2.274133763172807221e+01 2.086607178861325096e+01 1.813978297376861093e+01 9.669866290392157282e+00 1.878965860430495738e+01 2.507621424962173151e+01 1.928820613077295221e+01 2.318799460605531948e+01 1.586888756346268714e+01 1.763913952558344533e+01 2.701387215714908052e+01 3.358782873841642669e+01 3.360566348451985874e+01
2.960534712207772756e+01 2.215607299266442709e+01 1.260936865021995601e+01 1.708416809872703723e+01 7.144895965561754103e+00 1.712059664238058687e+01 2.247370093952579140e+01 2.216076935370633549e+01 1.972920923412393890e+01 2.634510212648537575e+01 3.564031564998779089e+01 3.464460818226924488e+01 2.480344736036478182e+01 1.991947999960774851e+01 2.448874717359441533e+01 1.467528475435576674e+01 1.789314410243213516e+01 2.775400236120119501e+01 3.469262914368120221e+01 3.581245285957044189e+01 2.621056783164936732e+01 1.953257911861541984e+01 2.454911820050336146e+01 2.759095325163379187e+01 2.317045589093955016e+01 1.214237176585935885e+01 9.168335520445301867e+00 1.783834433190850888e+01 1.502771193123832916e+01 2.410671341077106788e+01 2.866014529689133994e+01 2.900909418121067063e+01 2.488766586858798036e+01 1.826561188982636352e+01 2.052423912689524244e+01 2.590749572756195107e+01 3.271309602314202891e+01
2.790919200138187151e+01 1.924975443974161138e+01 1.791050751595508217e+01 8.890116753701889252e+00 6.636432836657650824e+00 1.672461475005917464e+01 1.263264819033544306e+01 1.535180085840927866e+01 2.489111623081652169e+01 3.297559474556330628e+01 3.653587654605604484e+01 3.168512157083623748e+01 2.188801009739465542e+01 1.511970852169881674e+01 2.029786162946827943e+01 1.278352038346493025e+01 1.634654514929269453e+01 2.111369704676720360e+01 2.780408339875880230e+01 3.752174917449029579e+01 3.128605621287642080e+01 2.175857530004171991e+01 1.508607390397147974e+01 2.029328937809345845e+01 1.622277818147076545e+01 1.622963833654849353e+01 8.790353358493975477e+00 1.820842501811642578e+01 2.403480905108933285e+01 2.244289620286595621e+01 3.133834421761584821e+01 3.275680867326759227e+01 2.317566099208372066e+01 2.773208218171939521e+01 3.002224340438842276e+01 2.447848356721812380e+01 3.122411615192566003e+01
2.884344049493134676e+01 1.764923295528965852e+01 1.032214712131141177e+01 7.287947211601625952e+00 6.110178573914223144e+00 8.843334305160368558e+00 1.936182063425321687e+01 2.072749483319666908e+01 2.878506407483684626e+01 3.366095231226136519e+01 2.663317514341574821e+01 3.366095231226136519e+01 2.515226148444296328e+01 1.569561706478411978e+01 1.067499259453904870e+01 2.029786159027585768e+01 2.607251837646943216e+01 3.014315090517514761e+01 3.283753804273120380e+01 2.966855922874609064e+01 2.698861019597116950e+01 2.854753756436039680e+01 2.099956555222014387e+01 1.160110756118806208e+01 1.781891182704259435e+01 8.250019722736228189e+00 1.543478956986874984e+01 1.573676496350053888e+01 2.102488755490461614e+01 2.857386968089115342e+01 3.508338086908057818e+01 3.682361351255183735e+01 2.862702736987982277e+01 3.682361351258588655e+01 3.414336098030845790e+01 3.122411615192566003e+01 3.122411615192566359e+01
2.625064316046559298e+01 2.425046381308691679e+01 1.544445109029225804e+01 5.366111975484605168e+00 1.421317799866600495e+01 1.810747357704137883e+01 2.311579832715900196e+01 3.013940578476507071e+01 3.405340329505435903e+01 2.921928799498756391e+01 1.961286595792377696e+01 2.921928799498756391e+01 2.644761664015282321e+01 1.687595586507035250e+01 9.323809689712387438e+00 1.852539024714945626e+01 2.635115498577244253e+01 2.594044821205746842e+01 2.073708103575926742e+01 1.754569825316654175e+01 1.782643865620162771e+01 2.115162801764892109e+01 1.750227885597429278e+01 1.742729540620951667e+01 8.250019722736228189e+00 1.750433769210363621e+01 1.080941233866904838e+01 1.988166041294403996e+01 2.507738482327166807e+01 2.859718076328625003e+01 3.197138615002682016e+01 3.608918167871890859e+01 3.839822009161574812e+01 4.247889819786472287e+01 4.415150671485896083e+01 4.119104143687768271e+01 4.119104143687768982e+01
1.627675259931392304e+01 2.339639408747790483e+01 1.973221362351917563e+01 1.467801615963438522e+01 4.639270300941703340e+00 1.066019770167164893e+01 1.761699758934635085e+01 2.714710330061780397e+01 3.282789802682169977e+01 2.509747252144482133e+01 1.500221543899346166e+01 2.509747197543581265e+01 2.610827463210135235e+01 1.768731280753544866e+01 7.974330638512753033e+00 1.417237521854323568e+01 1.923429642761370673e+01 1.438126953777724992e+01 1.631167321910211498e+01 9.059127738336780311e+00 1.690599189498754029e+01 1.624432452632238721e+01 7.891796199376128307e+00 7.891796199376128307e+00 7.891796199376128307e+00 7.891796199376128307e+00 1.752230081993954514e+01 1.362403997965128077e+01 1.625685762150761704e+01 1.916639348791764519e+01 2.245573932021457608e+01 2.787394358722625043e+01 3.760611489117541595e+01 4.581696604076604729e+01 4.544294472516818217e+01 4.133170656648420760e+01 4.133170656648420760e+01
9.526984819399014981e+00 1.907625567874109151e+01 2.136059417389479975e+01 1.148512768525650607e+01 4.169898580416794509e+00 1.370183740649831172e+01 1.787607805779520476e+01 2.518327819439169701e+01 2.178268096476899984e+01 2.190455889555273217e+01 1.158601976144556289e+01 1.769221889770179601e+01 1.567867254480234074e+01 1.622878458128275980e+01 6.634096982121681307e+00 1.456458767012028588e+01 5.987924397774933460e+00 6.306944091094890403e+00 6.607703124898557157e+00 6.857675892688482655e+00 7.117635069602317621e+00 7.428387477546674056e+00 1.704075912398242210e+01 7.891796199376128307e+00 7.891796199376128307e+00 1.473253298966926295e+01 2.152073204675631857e+01 2.287484042873663626e+01 1.820087405118843904e+01 2.476214873579884213e+01 3.197138615002684148e+01 3.608918167872301552e+01 4.178816395610231638e+01 3.611773442425926106e+01 3.613836764229015586e+01 3.161699522550808084e+01 3.843599569960509399e+01
