output/example_1/elevation_000119.asc
nrows	75
cellsize	13.33333333
xllcorner	0
ncols	75
yllcorner	0
NODATA_value	-9999
[rows 51 to 67 of 75, columns 37 to 73 of 75]
9.659040872538919853e-01 6.160930112528695268e+00 3.753680225503402301e+00 7.806401662203416691e+00 1.682723658566192215e+00 1.179690782001091165e+01 1.986552833809889007e+00 1.986552833809889007e+00 6.942602754031078405e+00 2.356124489778403497e+00 2.587636913666361504e+00 2.841120570327087425e+00 2.841120570327087425e+00 2.841120570327087425e+00 2.841120570327087425e+00 1.261526344041715930e+01 3.191903571222948877e+00 1.437719676026119409e+01 2.446947501654646473e+01 2.206225033778593314e+01 2.609861911433218395e+01 3.116665635923687461e+01 2.427671627708005531e+01 2.396263679666171953e+01 3.312490459680574162e+01 2.773035444284124651e+01 1.718246376857349844e+01 1.133312597867236171e+01 2.160728127133309684e+01 1.259904487480599755e+01 2.297170343135444170e+01 2.557461425039675262e+01 1.792954367842299490e+01 2.843265837214459779e+01 2.934358613113545289e+01 3.262139096193057242e+01 2.952118174128806771e+01
1.066183313594573789e+01 8.564781330451506136e+00 5.693255207554844155e+00 8.037286376181516090e+00 2.088454368009574402e+00 1.218779086806256728e+01 1.198694964771002169e+01 4.079706316572899283e+00 1.304748855098963745e+01 8.602623671393137883e+00 8.747201615601962743e+00 1.260009609135314790e+01 1.196220211845034953e+01 2.841120570327087425e+00 2.841120570327087425e+00 1.261431633994281043e+01 1.354482269872475619e+01 1.598925577391200470e+01 2.166327240765297901e+01 2.898703853716003920e+01 2.705601953088558886e+01 2.290422689593734873e+01 1.725550240972591354e+01 2.715542633740342993e+01 3.092709970400366615e+01 2.660589131696749732e+01 2.468744984482824378e+01 2.038021725105380710e+01 1.133312597867236171e+01 2.160728127133575072e+01 1.853534701712293753e+01 2.903162831859609128e+01 2.843265837214282499e+01 2.094107081413829974e+01 3.147163544120934020e+01 3.924524918853619226e+01 4.010776583278561702e+01
1.937761833351439833e+01 1.166140540595414699e+01 1.594412169126088763e+01 1.268710907973757074e+01 2.450401985434721208e+00 1.263997550209739629e+01 1.652390570704156048e+01 6.478073181567873817e+00 1.653293303541972747e+01 1.763231423142701004e+01 1.662403101549561413e+01 1.551836791577185437e+01 5.666544674723120067e+00 1.288142767531796373e+01 7.719349896665341326e+00 3.379777237173275939e+00 1.318694765964428228e+01 3.937535212089450010e+00 1.134459068626435041e+01 2.435844637219675590e+01 2.290408223983173031e+01 1.300514352862541401e+01 2.290203477055328207e+01 3.115222844936830882e+01 2.660582631651946883e+01 1.616556792690596467e+01 1.920862604028825871e+01 1.022464087964178248e+01 2.038021725105175719e+01 2.592809042699241218e+01 2.459121830041975088e+01 3.332950853227604426e+01 3.575759029650879484e+01 2.703415818859772557e+01 2.444890100575016589e+01 3.498301515434853570e+01 4.414493254141027734e+01
2.443287802549982146e+01 2.070154540751478933e+01 1.796024985909405203e+01 1.315395088408408597e+01 2.921998451596750979e+00 1.322084943946415692e+01 1.652402432887907580e+01 1.653303983861452764e+01 1.042136056929507504e+01 2.047730704147571146e+01 1.866400528504740919e+01 8.721892463531077055e+00 1.552010881379493412e+01 1.952731879306784890e+01 1.611850653116310994e+01 1.133625765685433429e+01 3.937535212089450010e+00 3.937535212089450010e+00 1.709705963393034267e+01 2.120733876594401224e+01 1.716266462426963813e+01 1.063877141289032657e+01 2.041057074729260989e+01 2.698411187593024252e+01 2.232141587265353522e+01 1.807936275976090101e+01 9.160321080855263531e+00 1.920879263570293105e+01 1.596704503695836763e+01 2.632094141051424074e+01 3.509715843212499209e+01 3.935853350738767631e+01 4.177500345522715008e+01 3.753333534463608601e+01 2.877685822100557900e+01 2.944611310041378616e+01 3.554720964554042695e+01
2.475345828164385864e+01 1.456375160346250297e+01 1.374386176553882066e+01 3.581891857255594225e+00 1.317857334516583201e+01 1.747349455889506942e+01 2.662048763817402630e+01 2.352929803238027517e+01 1.340699060478270965e+01 2.352929803238027517e+01 2.292965858462253337e+01 1.866400528520903990e+01 1.212012774343844690e+01 2.224281014249968536e+01 1.927611307904117766e+01 1.021987305976856852e+01 1.378517672622903234e+01 4.364925211796180982e+00 1.419462632281056536e+01 1.483598415634305212e+01 7.478314803630347285e+00 1.715935680046331413e+01 2.285706319479383097e+01 1.690732373317085901e+01 1.691358703591601653e+01 8.093851104988873502e+00 1.807935750482598536e+01 2.351467503804798298e+01 2.632101263564243609e+01 2.438717933572858243e+01 3.428792113499427785e+01 3.527005142082920486e+01 4.008634333796537419e+01 3.926461132213440663e+01 2.877685822100557900e+01 3.926461132213440663e+01 3.689901391046973345e+01
1.901975576046761063e+01 1.458612613261317037e+01 4.285199109749315838e+00 1.386232494047379049e+01 8.810921536692518430e+00 1.605866442027267027e+01 2.631799524734378792e+01 2.713075753100574516e+01 1.694432140139546306e+01 2.713075753100574516e+01 3.069771107843710212e+01 2.034261450416967776e+01 1.507042650880124413e+01 2.533868055465045899e+01 2.367785495734767309e+01 1.933636207235471716e+01 1.581994588602250396e+01 4.364925211796180982e+00 4.838549215743820575e+00 4.838549215743820575e+00 5.369025842878198063e+00 1.523801554511736889e+01 6.438337879250827456e+00 1.628450790515394431e+01 7.020562889082102132e+00 1.697096993132914733e+01 2.135771063511517553e+01 2.303283762843278382e+01 2.737699178445700809e+01 3.446999725284803873e+01 3.350871909878492261e+01 2.506543399558412588e+01 3.353557787950560964e+01 3.873998551122143397e+01 3.926461132213440663e+01 4.349340893793837637e+01 4.721618700038644079e+01
1.606554686239397967e+01 9.255864908802680091e+00 4.815372841705335638e+00 1.153963138944241429e+01 1.877048070332197938e+01 1.606281660052252391e+01 2.637314763057556632e+01 3.135777793780073708e+01 2.281273147557312697e+01 3.135777793780073708e+01 3.498635099125832681e+01 2.533868055302930244e+01 1.887829611301650345e+01 2.926838917982791344e+01 3.186025359212495189e+01 2.147439284472264731e+01 2.006235469683526418e+01 1.513555242796799227e+01 6.534329214813704212e+00 1.484700309466818702e+01 1.524330947308564532e+01 6.029554890244900989e+00 6.438337879250827456e+00 6.438337879250827456e+00 1.633429023824754367e+01 7.020562889082102132e+00 1.704222235796801499e+01 1.265679305755718254e+01 2.136625415997701793e+01 2.813926887232421237e+01 2.467659405536084449e+01 1.907516897707413506e+01 2.426991439940568540e+01 3.438516883189899431e+01 4.404655557140813471e+01 4.296612897437211842e+01 4.296612897437211842e+01
2.195484231815438392e+01 1.500841433286098514e+01 5.371361088345995682e+00 1.539113402448495727e+01 2.363279553285155998e+01 2.631348679019868442e+01 3.060772994382235268e+01 2.934050679973093523e+01 3.302930800850865012e+01 3.725352001051778927e+01 4.001166324822347775e+01 3.357221380302006963e+01 2.485456960580099661e+01 3.357221380302006963e+01 2.879872712649427768e+01 1.844057173656602444e+01 1.135050265134535152e+01 8.802990514453062687e+00 1.642125310666952132e+01 2.069075065292738103e+01 2.018102886276845709e+01 1.589651359737392688e+01 9.426059583362704331e+00 1.633330516631718154e+01 2.060745702587875883e+01 1.704217514361153718e+01 7.020562889082102132e+00 7.020562889082102132e+00 1.704222731737310426e+01 1.797747904593408208e+01 1.429748777508413760e+01 2.041795039383402965e+01 3.055046628653502694e+01 3.851398692436332993e+01 3.374692571664742502e+01 3.264364105253763881e+01 3.264364105253763881e+01
1.776970182727576386e+01 6.682704520008908133e+00 6.028607924418706077e+00 1.445003493857905319e+01 1.999250536860417782e+01 2.612958530883995678e+01 2.196393213430637914e+01 1.890844917841084083e+01 2.624181168849911572e+01 3.682141364978736675e+01 4.698253874773823924e+01 3.957697329435319489e+01 3.529940433623873730e+01 3.267471516893362349e+01 2.222526900848894726e+01 1.631303672934417293e+01 2.147441345513646027e+01 1.880112127568712310e+01 1.191438208619288197e+01 2.211547010425357129e+01 2.591525445663539884e+01 1.560222804534665642e+01 1.511003607980300778e+01 2.357111319953708062e+01 1.841220086709308390e+01 8.329490019989821192e+00 1.704222718089212307e+01 7.020562889082102132e+00 8.326355738831203723e+00 1.037550879338417431e+01 2.097367134522342624e+01 2.870789361003466666e+01 3.470621589398032114e+01 3.386505472857319887e+01 2.627384194545498985e+01 2.514594702645467095e+01 3.264364105253763881e+01
7.894248487043009632e+00 9.787349339618337751e+00 1.607410411124348570e+01 6.905672862973998960e+00 1.684935692923706796e+01 1.773457253687969626e+01 1.171330251826686109e+01 1.676701120376585052e+01 2.408194564877678800e+01 3.467560391308700218e+01 3.683074457092335763e+01 3.683510353572052765e+01 4.103841581393479032e+01 3.706323930652159504e+01 3.098092346485529802e+01 2.222529796455002327e+01 2.812038220791466259e+01 1.771803232477647327e+01 1.517470927147893356e+01 2.222666470262008076e+01 3.024473054992367338e+01 2.288828834429919823e+01 2.277788313802407316e+01 2.544625100464174139e+01 1.494899873984147121e+01 9.248959304677692117e+00 1.939621943058945419e+01 1.704222731712872729e+01 8.025812188484431786e+00 1.738147614505719574e+01 1.831067403912962277e+01 2.738711832416096925e+01 3.099686122423500834e+01 2.358807181461343916e+01 2.008215860941389153e+01 3.070734274183787704e+01 3.311469208824644284e+01
1.815869225174202839e+01 9.896076102914927120e+00 2.046660782251679223e+01 1.685762642631393149e+01 7.749255061362414487e+00 7.749255061362414487e+00 1.775102990759913979e+01 2.625792064410283189e+01 3.160176444860190514e+01 3.595798051914816540e+01 3.174529691475797222e+01 2.665385607970272730e+01 3.253094135085872551e+01 4.271362413415962322e+01 3.705855958305810560e+01 3.267666853196458732e+01 2.619633666634112501e+01 2.812038411735381516e+01 1.868379234793017574e+01 2.899848096474512715e+01 3.738282723439657929e+01 3.386259306983662754e+01 3.439570346337336559e+01 2.969423421105556571e+01 2.040342185333057401e+01 1.016679706376000247e+01 2.041426254845924149e+01 2.237691808748060396e+01 1.804417940028628919e+01 9.014598139142668387e+00 1.910675903280143118e+01 2.434606881243498933e+01 2.395591938826065004e+01 1.608799726473865732e+01 1.912352007808663856e+01 2.251461709237887376e+01 3.007277595441165730e+01
2.294136861842304143e+01 2.386855646897543792e+01 2.375977294894719449e+01 1.833005158613783792e+01 8.346437955835101619e+00 1.772747315474203589e+01 1.538619890101332821e+01 2.366936781758286656e+01 3.199066680689660203e+01 2.800888289499974704e+01 2.151177589839188542e+01 2.744124472958236538e+01 3.762474153892176076e+01 4.690082918389162359e+01 4.318622404243786406e+01 4.093807167646867384e+01 3.666520988626754018e+01 3.333802751469526271e+01 2.376488640528911134e+01 3.333802750777807944e+01 3.969054424976393136e+01 3.030543065803850666e+01 2.999656169862294064e+01 2.734560486006058255e+01 2.145942022687727757e+01 1.109804656724482008e+01 2.145942001786994524e+01 2.469539681336654979e+01 1.424055255148701526e+01 1.910675897363269371e+01 1.002507207310669024e+01 2.024007017781304896e+01 1.344624360476791658e+01 2.395591972235537526e+01 2.976265405269230513e+01 3.311469208824644284e+01 3.007277595441165730e+01
2.964844435119584531e+01 2.548273072379035042e+01 1.975306667307208031e+01 9.670194169980911525e+00 1.833371943480022637e+01 9.363296463506983969e+00 1.007606328242070504e+01 2.021619391847957559e+01 2.488219201830685279e+01 1.772238481831746171e+01 2.800764193383973932e+01 3.595798051908478499e+01 4.183365906878802321e+01 3.806718873921352042e+01 3.294815342982406747e+01 4.016404016306476876e+01 4.527485933890419290e+01 3.857375227206631507e+01 3.423207553961312044e+01 3.857375229494792279e+01 3.753929522468195046e+01 2.754071969081767435e+01 2.011029834651416337e+01 2.299599519301714778e+01 1.250108967308741548e+01 2.137528850071127096e+01 2.576910379665374862e+01 2.901881144553623670e+01 1.941448428274065918e+01 2.385870432072987057e+01 2.024121099149182257e+01 1.106887397929101802e+01 2.140669198547351115e+01 2.819337071578948084e+01 3.452904148462164358e+01 4.041421859405225803e+01 4.045852727415189776e+01
2.868719831061689973e+01 1.822620489096198781e+01 1.102186443704234620e+01 1.976159575111136490e+01 2.368672496536717631e+01 1.943109361677703362e+01 2.021619392001213100e+01 1.111677742575099970e+01 2.135344416195560058e+01 1.534866705219146787e+01 2.339479979333021475e+01 2.765837567365036875e+01 3.502886286056346421e+01 2.778020100618185850e+01 2.563956502261020276e+01 3.081927969564032210e+01 3.808770927147094909e+01 4.828473882179739007e+01 4.273207986037154171e+01 3.750638916176961146e+01 3.322583268157853098e+01 2.965108364591106493e+01 2.464669167646242087e+01 1.405807928298030518e+01 2.299599519307435358e+01 1.803548922138778465e+01 2.863975204952961207e+01 3.427849690595613907e+01 2.690660522385544695e+01 2.693695635023784973e+01 1.639381168804832711e+01 1.192874327871041196e+01 2.231163197107369101e+01 1.985630311774018608e+01 2.600318079562439166e+01 3.635694039075161044e+01 3.972426936917536722e+01
2.522031464370160592e+01 1.793247186870295451e+01 1.202161038621871114e+01 1.793578929441115477e+01 2.827782693753986720e+01 2.789049409110852551e+01 1.755473337140602297e+01 2.135357969121482924e+01 1.222535595935024944e+01 1.306660941174254198e+01 1.306660941174254198e+01 2.339479979358966943e+01 2.673245612195634635e+01 2.044030942724060296e+01 3.079318995520400648e+01 3.615976794597470700e+01 4.037552286453836103e+01 4.548378684331459709e+01 3.850006581783088677e+01 2.795159956064286177e+01 2.252057679436022752e+01 1.893537062433211915e+01 1.576618741865400075e+01 2.464669167646542647e+01 2.899268984119304449e+01 2.864045231830316851e+01 2.557291554763989438e+01 3.604614119311663245e+01 3.739661195894314716e+01 3.206782824574999324e+01 2.595985822962000356e+01 2.235164688179828474e+01 1.322942781413518709e+01 2.375116587064853135e+01 3.025042028168632768e+01 3.230539316804274108e+01 2.923239402796663811e+01
2.654984648212116483e+01 1.618871647843888795e+01 1.309226232539785428e+01 2.342901408671710328e+01 3.249795037794999786e+01 3.213986363056339002e+01 2.487274578177054352e+01 2.679607388767559684e+01 2.253232301743119237e+01 1.504365316164498267e+01 2.339282541377823676e+01 1.441457992127629595e+01 1.636099054850888379e+01 1.924448285797521763e+01 2.238335700476088519e+01 2.585302635939596527e+01 3.103529688999562453e+01 4.128423590335029303e+01 4.273207694145879998e+01 3.750638916176961146e+01 3.322583268157855230e+01 2.642294297075754983e+01 1.576618741865400075e+01 1.576618741865400075e+01 2.330622374982799982e+01 3.394736878403455904e+01 3.604614119311663245e+01 4.023688267903843752e+01 4.173718840705026167e+01 3.155178710113424856e+01 2.416586118553448159e+01 1.815931323442075040e+01 1.459302188849277293e+01 1.533582552764172391e+01 2.594069890628473729e+01 2.162265802894386368e+01 3.228955784112179828e+01
2.109157762061192898e+01 2.463941580509149532e+01 1.428411496851456697e+01 2.463941022262906344e+01 3.064172591065302598e+01 3.576516607733397279e+01 3.517598298734082363e+01 3.118683175898539517e+01 2.001513737511683289e+01 2.592015807814881256e+01 2.590393426074999894e+01 1.553262601712794400e+01 2.590422441390519381e+01 2.960630978430744875e+01 3.272418748232145447e+01 3.615976794597470700e+01 4.037552286453836103e+01 4.548378684331459709e+01 4.277191567646898562e+01 3.236279817439273643e+01 2.616932064193721885e+01 2.076837934306556122e+01 2.642280978485724319e+01 1.731545525794301454e+01 2.210261253401388970e+01 2.834990463534073513e+01 3.885631916838155320e+01 4.557669956441590386e+01 3.620186207299027359e+01 2.976501101397677473e+01 2.473298552672952155e+01 2.674317407213434095e+01 1.608801253740009685e+01 2.593929014270355893e+01 1.758439750784571132e+01 1.758439750784571132e+01 2.376734053360212329e+01
