output/example_1/elevation_000025.asc
nrows	75
cellsize	13.33333333
xllcorner	0
ncols	75
yllcorner	0
NODATA_value	-9999
[rows 51 to 67 of 75, columns 0 to 36 of 75]
1.369999999999999864e-02 2.787200981126147337e+00 5.673952327074279545e+00 9.007285660407623240e+00 1.400728566040763923e+01 2.400728566040770673e+01 2.089823842361927930e+01 1.089816731224901503e+01 1.089816731224901503e+01 1.711856673301734588e+01 1.765282053194642842e+01 1.351495165997186021e+01 7.052992029573745825e+00 1.704535922525401048e+01 1.305645092603831081e+01 3.061487473857887665e+00 8.360364051706534738e+00 1.749727880665471247e+01 1.557325558998631898e+01 1.662839535804583591e+01 1.967766000618190247e+01 9.648680630734929764e+00 1.642412360039957520e+01 1.229110255091544879e+01 3.009772514117617703e+00 1.118113504496039035e+01 1.616988332932620054e+01 1.510023346494371665e+01 1.792994842458229243e+01 1.126941255588306134e+01 2.253955918578125761e+01 2.925220847998107132e+01 2.318890883172121065e+01 1.481710563789983581e+01 2.002142027868540453e+01 1.153591686064640420e+01 1.608338748131542317e+01
1.290000000000000001e-02 1.001289999999996283e+01 1.567395232707431241e+01 1.900728566040768897e+01 2.314942128413866840e+01 2.814942128413868616e+01 2.504044742917407618e+01 1.796928136541104948e+01 1.537033141707757267e+01 2.504044729582685846e+01 2.676161903248754825e+01 1.679244378306406915e+01 9.725592554420730451e+00 1.971234761058603979e+01 1.451913211153714300e+01 4.498974860106727647e+00 1.451912211864253166e+01 1.756707856368818810e+01 2.447410159635748528e+01 2.519775531386331480e+01 2.387455623313510245e+01 1.414317615692866781e+01 1.529011633599626663e+01 6.754432748281610444e+00 1.297106384902003029e+01 3.719946491121622678e+00 1.358199596998670522e+01 4.434688331585086907e+00 7.012521534855954641e+00 1.794644907800756073e+01 2.338120963134671015e+01 2.044649193173517432e+01 1.474715370260176073e+01 9.089934243049064833e+00 1.008563582243559509e+01 2.002142025815349413e+01 1.500795626196122079e+01
1.329999999999999932e-02 1.001329999999996190e+01 1.423085169671736949e+01 1.652501187839587971e+01 1.941175928386584815e+01 2.257403736120028270e+01 2.671624131819607229e+01 2.796936627715401613e+01 2.114387226413494858e+01 2.951263699508882610e+01 2.441527120123692995e+01 1.443886371460089002e+01 1.971234761078321540e+01 2.171227572520155746e+01 1.176809299883476001e+01 5.983092048616443392e+00 1.603879648046642004e+01 2.188501139331940237e+01 2.008467925278442223e+01 2.870035427983552623e+01 2.837865404704327332e+01 1.996027001247500365e+01 2.005504558658211423e+01 1.529060513561282164e+01 1.749577320917898149e+01 1.364398620556017150e+01 4.434688331585086907e+00 4.434688331585086907e+00 1.479467812509406066e+01 1.569179543781035768e+01 1.446463866807428289e+01 1.148558114518000473e+01 7.717300831558608465e+00 1.764503165081631764e+01 2.000372512036958383e+01 2.087007448206119875e+01 2.814585207748818618e+01
1.369999999999999864e-02 2.098844140570749861e+00 4.230851304126857393e+00 6.525008642832478500e+00 9.411759988780596942e+00 1.257403764894896447e+01 1.964510538255820293e+01 2.964508224107443368e+01 2.821499841059851477e+01 3.145431469498971211e+01 2.149960391999042741e+01 2.149960391999042741e+01 2.853547135595781725e+01 2.560722586133245571e+01 1.862485395563166080e+01 8.651819992146098315e+00 8.753403435909250518e+00 1.229152781903840896e+01 2.233577509104157599e+01 3.087710216402157926e+01 3.418433962881646693e+01 3.006587051326788185e+01 2.724180037039261393e+01 1.679739951524789277e+01 1.453063811047734966e+01 4.434688331585086907e+00 1.436121681286572915e+01 8.900563521785501919e+00 5.217309105967800065e+00 5.772800523864345834e+00 5.772800523864345834e+00 6.373294178950004607e+00 1.497636779893775483e+01 2.045401588124582659e+01 2.615476934668369324e+01 2.618872333094065397e+01 3.036213060857048518e+01
1.319999999999999993e-02 1.001319999999996213e+01 1.423085169671736949e+01 1.359607639520575972e+01 1.468997552319589417e+01 2.257403371243007939e+01 1.964510550133354982e+01 2.964515226458667385e+01 3.821511688984404742e+01 3.557133879192519998e+01 3.145431469498971211e+01 3.145431469498971211e+01 2.874934460898226618e+01 1.878791128895855778e+01 1.294166016036306743e+01 1.870380206418311886e+01 1.118677344494197179e+01 2.081149281884795244e+01 2.352097428194813489e+01 3.518262895631671228e+01 3.253340446659734653e+01 2.643394977559057324e+01 2.206165039037608011e+01 1.679739951909846596e+01 6.660165971489671932e+00 1.453063811675967365e+01 1.862480821232810513e+01 1.321861973291099268e+01 1.513837546997060812e+01 7.303550930688800236e+00 1.546560561278886681e+01 1.606655116981168518e+01 7.483615230953937214e+00 1.424195024335205595e+01 1.912275330013703112e+01 1.647380284168496090e+01 2.624800847970014317e+01
1.349999999999999985e-02 7.084567811865461806e+00 1.708456781186539075e+01 2.359604718821628566e+01 2.469005476877410388e+01 2.883334805413850432e+01 2.964516223848158560e+01 3.378884162502351529e+01 3.656684853459140783e+01 3.547457836513611795e+01 3.547457836513611795e+01 3.962199075129685610e+01 3.281044028082879294e+01 2.302674382859487778e+01 1.747335655520480913e+01 2.429330051731148643e+01 1.410950805488559645e+01 1.950731694195551214e+01 2.956803365383096960e+01 3.703742237441123564e+01 2.816621171920430911e+01 1.759295320550066322e+01 1.176322453348794994e+01 9.106376495489923784e+00 1.375498432805658311e+01 2.112656912964757083e+01 2.646175167117619509e+01 1.935768092245826821e+01 9.555094191919245361e+00 1.667698889356730874e+01 2.088061726432191989e+01 1.721528500748618740e+01 1.738732631636887760e+01 8.619876726797196298e+00 9.492081574544442901e+00 1.920561540451576477e+01 2.434326611884321423e+01
1.369999999999999864e-02 1.001369999999996274e+01 1.493921970464603888e+01 1.771275747063182848e+01 2.185674063162711533e+01 2.978432460930890002e+01 3.392891536508898298e+01 3.656684526725924655e+01 2.669673363052928394e+01 2.562224932279636391e+01 2.562224932279636391e+01 3.547457836513611795e+01 3.729692360332433054e+01 3.158363214389753537e+01 2.330963839037448082e+01 2.787760038250821637e+01 1.773966942111303879e+01 2.429330051663042767e+01 3.365829051760862711e+01 3.270591114699141144e+01 2.196514597992334217e+01 1.678807362215867371e+01 2.173331013116014887e+01 1.144942275719495761e+01 1.863227476832711460e+01 2.846946038415766367e+01 2.664900808000797738e+01 1.678511235529106216e+01 1.117858847279390844e+01 2.095409119165678646e+01 2.907904472218159597e+01 2.655611475986087555e+01 1.907457000049195628e+01 8.619876726797196298e+00 1.864198270973337301e+01 1.076166777595375024e+01 1.454707335702189930e+01
1.379999999999999977e-02 2.439156250363424316e+00 4.939156250367563672e+00 7.712657231692288562e+00 1.771276792166497316e+01 1.978376059716941171e+01 2.978431610325457513e+01 3.658617155765504236e+01 2.850693309858512237e+01 1.878372836828029691e+01 2.731450418676228864e+01 3.073129842739029627e+01 3.475097051419002980e+01 3.739810174767551132e+01 3.326174878473579355e+01 3.196225088663602421e+01 2.289641505433567303e+01 3.196225079124423729e+01 3.833700016034726588e+01 3.704619427885230465e+01 3.171180672325861494e+01 2.419313913147884421e+01 2.451493664552416973e+01 1.410689294207738520e+01 2.451499660963564509e+01 3.357534218279483440e+01 3.082829469830148383e+01 2.288075375517526666e+01 1.296538007939262549e+01 1.762829685520875245e+01 2.352384377292294459e+01 3.127953456022044065e+01 2.028183566462021403e+01 1.091622259225001024e+01 1.993700699590624481e+01 2.063679583243413873e+01 1.208724899054461766e+01
1.309999999999999880e-02 1.001309999999996236e+01 1.493911684942538542e+01 1.771275468509947260e+01 1.271265797896441185e+01 2.271286349878815614e+01 3.141326755406044668e+01 2.731158349754367265e+01 2.270588948161309517e+01 1.580796577969924854e+01 1.756988440351639724e+01 2.101775393610288489e+01 2.495597568626263296e+01 3.186124898643517867e+01 4.172737541797733485e+01 3.692052129236015645e+01 3.285878571121311609e+01 3.692052125197418633e+01 3.982408414380296335e+01 4.092903919851880801e+01 3.923274786761383837e+01 3.324531529555419951e+01 2.255293571273093889e+01 1.765270952825010653e+01 2.826810516081075875e+01 3.325562653916998102e+01 2.278634999994077504e+01 1.705542338828261961e+01 2.288075479280848867e+01 1.646243877626479701e+01 2.203963504483242986e+01 3.218896724138808452e+01 2.443762089139309523e+01 1.352561748336752601e+01 2.433583316632994098e+01 2.604628985952004783e+01 2.194005761897854967e+01
1.349999999999999985e-02 4.095982888082260409e+00 9.095964098380568075e+00 1.908988804412141249e+01 2.271283344466734277e+01 2.685665432865153335e+01 2.731155796554656945e+01 1.748411649198106232e+01 2.036249210641868146e+01 1.305863124299977152e+01 1.883542844058277765e+01 2.859919062635383469e+01 3.475097051419002980e+01 3.884074528842039342e+01 3.854925294901183008e+01 4.267604690163852155e+01 4.152252119757520177e+01 3.683576190752059176e+01 2.967344219806251360e+01 3.078500034390113171e+01 4.092904817608339130e+01 3.757256506041790090e+01 3.264925723202128438e+01 2.286435954709332208e+01 3.264925693890637604e+01 3.753776954504440511e+01 2.721118694669263860e+01 2.143268440337128666e+01 2.961680374850352138e+01 1.932538966581507012e+01 2.961680374850352138e+01 3.642186350370095482e+01 2.767140554268396357e+01 1.646930254107871505e+01 2.767140554270106989e+01 3.211368941390016118e+01 2.301281716713029013e+01
1.369999999999999864e-02 1.001369999999996274e+01 1.815750731961921360e+01 1.908587104900880149e+01 2.904309930959870556e+01 2.697065634583610105e+01 2.212110689386939555e+01 1.801773646800228690e+01 1.027454248529362424e+01 2.036251716532571621e+01 2.704076839816352873e+01 3.270161560210837592e+01 3.800830180192737373e+01 3.687733312789885787e+01 2.847215681762790140e+01 3.687733284752036411e+01 3.734270815814470978e+01 2.719936272039927516e+01 2.250432069923711964e+01 3.264649639076910148e+01 3.738877061464862095e+01 4.323792103163945200e+01 3.800079994560748275e+01 3.367185079526179692e+01 3.800079246082985662e+01 4.190715104470532992e+01 3.617859367861197484e+01 2.743821055071877524e+01 3.390985041059708038e+01 2.518245505227326220e+01 2.654890903518553813e+01 3.702341462454361221e+01 3.150787938159873036e+01 1.999855520235365702e+01 3.150787938295114188e+01 3.164909241595685785e+01 2.191671051542375181e+01
1.290000000000000001e-02 7.083967943500312003e+00 1.708399273514533689e+01 2.112042601919682028e+01 2.541067177631217078e+01 1.991453046322398635e+01 1.285837359852370021e+01 7.805051932935282544e+00 1.801795106325290519e+01 2.444852147143740240e+01 2.537499304249924847e+01 2.350753222610063631e+01 3.368424079011432326e+01 3.273123878514775953e+01 2.263332061262037698e+01 2.734280804700193812e+01 2.988007009296019945e+01 2.568867336785833899e+01 1.894496463330645142e+01 2.305749716033742303e+01 2.890994150319512102e+01 3.906512642349802888e+01 4.080227238599631079e+01 3.676519246421608500e+01 3.730454833034826123e+01 4.134041470887228087e+01 4.220856606109003195e+01 3.796201493717003217e+01 3.992916232364878226e+01 3.567395881727510698e+01 3.702341230211317225e+01 4.127195742969334447e+01 3.606938203105546137e+01 2.573853612582712813e+01 3.606938203105546137e+01 3.574477574943209390e+01 2.752587142040400536e+01
1.359999999999999924e-02 1.001359999999992034e+01 1.522450049807665096e+01 1.045990282302960317e+01 1.747039124637318963e+01 1.369499838168154149e+01 5.538920586296467441e+00 1.579001504400442180e+01 2.212114459398138422e+01 2.034122189263164415e+01 1.530792140972083715e+01 2.240090334430965768e+01 3.255757879896255957e+01 3.235223676389103531e+01 2.734280804700193812e+01 1.722704224652285987e+01 2.282436449745762630e+01 1.556180516838034222e+01 2.140758910258328385e+01 3.153125782261747645e+01 3.738877061464862095e+01 3.800274367393264896e+01 3.512026040655849357e+01 2.688424479757384944e+01 2.743172191895187240e+01 3.444323380423604419e+01 4.421237276578593622e+01 3.873081266721984406e+01 3.448299852352099748e+01 3.873048618566057399e+01 4.099780171162158382e+01 4.507060960220228196e+01 4.171866476668351709e+01 3.727747477525584685e+01 4.172274987267488910e+01 4.141508190993040728e+01 3.728160377971734363e+01
1.379999999999999977e-02 1.001379935270720445e+01 6.840661551849149369e+00 5.380595448349810184e+00 1.148010919127597340e+01 3.469128089572755425e+00 1.369496349832488491e+01 1.989968370330120351e+01 1.624709157269847282e+01 1.031300649558231264e+01 2.034122189263120362e+01 2.962895590975779569e+01 2.916079839720425682e+01 2.184658733801720842e+01 2.470380297113316814e+01 2.051495884709692064e+01 1.262301420851450651e+01 2.282436449668331591e+01 2.987134600441535426e+01 3.570291214557281023e+01 3.509117984601878959e+01 2.812875283653559322e+01 3.106042465733348479e+01 2.120648856454031872e+01 2.808935127970832113e+01 3.215383506106815048e+01 3.808650990148257875e+01 3.362756904335824260e+01 2.429730968143869418e+01 3.361194386164284253e+01 3.140776800676819036e+01 3.947897894252820805e+01 4.402943585813666516e+01 4.201749120255261261e+01 3.782211149738009937e+01 3.912310336344422979e+01 4.332474841642286378e+01
1.349999999999999985e-02 3.845451344407386784e-01 7.561809340403340407e-01 1.129063765834531274e+00 1.503426809887968396e+00 1.160861125468582955e+01 1.611859954334336820e+01 1.261834960404567063e+01 6.249073134245453964e+00 1.624709155218568313e+01 2.456690197883001403e+01 2.669001792733864420e+01 2.484598853807258934e+01 1.459899759870152991e+01 1.832506810478557568e+01 1.029841394646224906e+01 2.051495884709692064e+01 2.701647091625447317e+01 2.936958908958732550e+01 3.229633633320637642e+01 3.102074949191039721e+01 2.113886882450697158e+01 2.477089190999578960e+01 1.828421630606485238e+01 1.828421630606485238e+01 2.480849601473926569e+01 3.255126192178660460e+01 2.935390435889583216e+01 1.934894100233437086e+01 2.908888926813215292e+01 2.603208420495707642e+01 3.396266023014896263e+01 3.395727310273676380e+01 3.617290539821075157e+01 2.772023070191854544e+01 2.902945148017550991e+01 3.912312859569939150e+01
1.359999999999999924e-02 1.001359999999963968e+01 7.630919141116584647e+00 9.502564732857804231e+00 7.891670537274152686e+00 2.054785739346985718e+00 1.204490870399159874e+01 2.609087045617906497e+00 1.261833237364509763e+01 1.760574561555399242e+01 1.943883488428500073e+01 1.596197719281185634e+01 1.992648656819643449e+01 1.638101884432766298e+01 8.274260279296829168e+00 1.833718796687263364e+01 2.470526555032645888e+01 2.640395840090386059e+01 1.906954951759729866e+01 2.205604294181172875e+01 2.634448625345228123e+01 2.457854412946396749e+01 1.491409156016786852e+01 2.212736207760235274e+01 2.607306237831051021e+01 2.701473422328514928e+01 2.049814877361136212e+01 2.259136941828539236e+01 1.606263075244178395e+01 2.005419757338233566e+01 2.772547080290864230e+01 2.409212165377249093e+01 3.394543304982591536e+01 3.198031422292079284e+01 2.188795541932087119e+01 3.198062443289093792e+01 3.890469775208736536e+01
1.290000000000000001e-02 1.001287206368327887e+01 1.695700928914803640e+01 1.583930136083183449e+01 7.697648060231511380e+00 1.204708415863809634e+01 2.609087045617906497e+00 2.609087045617906497e+00 3.009740578364538788e+00 1.313185871230633772e+01 1.035748688849830401e+01 9.596299627168118462e+00 1.376419429275776984e+01 6.513057042766541294e+00 1.632647388102919450e+01 2.152173543862396343e+01 2.159807286501229484e+01 1.783434060423032008e+01 1.192055284208126764e+01 1.836820056913974142e+01 1.598372090509846188e+01 1.856383486037500674e+01 1.971286877115578307e+01 1.206373771164343189e+01 2.019595914790833646e+01 2.122353383074957733e+01 1.192349088081392416e+01 1.299314298243968580e+01 2.111218073728428735e+01 2.374228040246170224e+01 1.806519638946967987e+01 2.484473983682133635e+01 2.498898509322078709e+01 2.557173674111794526e+01 1.884042545548786407e+01 2.889116173280755717e+01 3.432937445566185630e+01
