output/example_1/elevation_000042.asc
nrows	75
cellsize	13.33333333
xllcorner	0
ncols	75
yllcorner	0
NODATA_value	-9999
[rows 51 to 67 of 75, columns 37 to 73 of 75]
2.112708505143845272e+01 2.410330225823022232e+01 2.538942715168941433e+01 1.913076718734560799e+01 2.898899240850252212e+01 3.719178110201954723e+01 3.592693203958554449e+01 3.138941078404510066e+01 3.621159299187600311e+01 4.313550056246675268e+01 5.315208538802492200e+01 5.324472801815399237e+01 4.901957432222084066e+01 4.908138815011049871e+01 3.885651871472738605e+01 3.885686290064784743e+01 3.374210166326546556e+01 2.952247305186614312e+01 2.612669328589432638e+01 1.616956693198386219e+01 2.427285735935846489e+01 2.814719925906524267e+01 2.259000738010740506e+01 1.253632783188078648e+01 1.253632783188078648e+01 2.258978885049521068e+01 1.321960026801317412e+01 1.409856311447434152e+01 2.410867510361451949e+01 2.532318892318299675e+01 1.716837360029349213e+01 2.714451355362277951e+01 2.987177198731209415e+01 4.002701733518766503e+01 4.105777594828515475e+01 3.383769019829527736e+01 3.251738377936059976e+01
1.647445994710406580e+01 2.646504034702073582e+01 3.304197883865202101e+01 2.898899255241726181e+01 2.340761438137283079e+01 3.028370396365160033e+01 4.003001583223490911e+01 4.113853560551997646e+01 4.527688878968655928e+01 5.024350831122114158e+01 5.467542549811613384e+01 4.871319451090359109e+01 3.873308953496832174e+01 4.062069466366409642e+01 3.779057529996798337e+01 2.869613422276895420e+01 2.952353432443442571e+01 1.947434728435399265e+01 1.805237684262025155e+01 2.612739580204526035e+01 2.955583443700088608e+01 2.396324214896870330e+01 1.394311449465784847e+01 2.258935755920831312e+01 2.258952427835480847e+01 1.321960026801317412e+01 2.325558298380104461e+01 2.356048763850149896e+01 2.448025588038223432e+01 2.839729578979471825e+01 2.714451355362277951e+01 1.985106121473940277e+01 2.987177198731209415e+01 3.713171663510804166e+01 4.300548697528536479e+01 4.405228523835856436e+01 3.838058294965515671e+01
2.646492666043053177e+01 2.359360709811263135e+01 3.339729351048048756e+01 3.720145718879840047e+01 2.902695091256422089e+01 3.134705120735134543e+01 4.110723888366774759e+01 4.717941036200157612e+01 4.323968173734790099e+01 4.717966459979912486e+01 5.045478524663913333e+01 4.013934100002417438e+01 3.423717416418079296e+01 3.042178769270599048e+01 2.765374135439600067e+01 3.167362312695966864e+01 2.162896246984040971e+01 2.952353414813381605e+01 2.511466007249180166e+01 3.230072891982766237e+01 2.536638373111420819e+01 1.537267267602533494e+01 2.395647778588243071e+01 2.814263050116223042e+01 2.743696796863469345e+01 2.031589193794567905e+01 1.405018998500315064e+01 1.405018998500315064e+01 1.694499350844927932e+01 2.414741556764854735e+01 3.282965747159863668e+01 2.987177198731209415e+01 2.283734214407591523e+01 2.861774667231233593e+01 3.876910187838824839e+01 4.661509526450125662e+01 4.864752463051414111e+01
2.429153410358152598e+01 3.339729351048048756e+01 3.744363845174895289e+01 4.284103229923574929e+01 3.875408855912417039e+01 4.110724413207944394e+01 4.317852703572582129e+01 3.920465994874580673e+01 3.363275057299482995e+01 4.239000608752424881e+01 4.891626243953208331e+01 4.874113549446161642e+01 4.449916150059502229e+01 4.061790371156953938e+01 3.408940370394414998e+01 2.403503114411234165e+01 3.167362380248751919e+01 3.167248727896607363e+01 3.525522126729575234e+01 3.350099520439945877e+01 2.342569246909365077e+01 1.638705158861354150e+01 2.086215277657206002e+01 3.163410507624804069e+01 3.455876220233664498e+01 2.766838949877369913e+01 2.071186750093284701e+01 1.465132304945541719e+01 2.381234181489208268e+01 1.881951199221308002e+01 2.551519082684018258e+01 3.605050282685153462e+01 3.290821421769593513e+01 2.636661832895183011e+01 3.217406995193849184e+01 4.237596798408173271e+01 4.889945361715079031e+01
2.837304943605366248e+01 3.169508925330695703e+01 3.582146204716942606e+01 3.986435152679828775e+01 3.588796650422261791e+01 3.986435134468587194e+01 3.762083306385798664e+01 2.956508412759332671e+01 2.881934714617837301e+01 3.561265329137508928e+01 4.227128356482232618e+01 4.656773293017315751e+01 4.488057470924031378e+01 3.469853153018141967e+01 2.763056545345055071e+01 3.405950490471384740e+01 3.828876769376813627e+01 4.185436913116533475e+01 3.680259441762742512e+01 3.254356872965756509e+01 2.741679040425350777e+01 1.742536524106834150e+01 2.395175435011304543e+01 2.947525631602188056e+01 3.901141174286378543e+01 3.462334060425320104e+01 2.643209907348094845e+01 1.525039413881818540e+01 1.977064799304490350e+01 2.513454044003783849e+01 2.755904689934472884e+01 3.870084952116420851e+01 4.071957133380652039e+01 3.648589940897915085e+01 3.085637277733956552e+01 3.442170095948931419e+01 3.950958014358544546e+01
2.472610569310147355e+01 2.184319214212053950e+01 3.169309825622155685e+01 3.242651689618874400e+01 2.644291264498163940e+01 3.449358094751502790e+01 3.363924759992316638e+01 2.398730962396287580e+01 3.308795268644600895e+01 3.524857098302595659e+01 3.242869184258524484e+01 4.232203359112840246e+01 4.605927834701272161e+01 3.582051743101679619e+01 3.768078188648021154e+01 3.250936283539464711e+01 4.245199804071967975e+01 3.978730647402182541e+01 2.955444179072981825e+01 2.244260322279572506e+01 1.892964419674736121e+01 2.741676517495242393e+01 3.117505862874006439e+01 3.651806996600264199e+01 3.963981676935654974e+01 3.206235459971935597e+01 2.300140354973058265e+01 1.792752468955367817e+01 1.608914948705264081e+01 1.608914948705264081e+01 2.911291963169655972e+01 3.202104954696691408e+01 3.621915472411964743e+01 4.204165051258188868e+01 4.104005157416567329e+01 4.465999449880832373e+01 4.889945361715079031e+01
1.468787205470461465e+01 2.472610569102148759e+01 2.957091279351127611e+01 2.267552178312992694e+01 2.142008168231710030e+01 2.801631277922258789e+01 2.883947759760720331e+01 2.134515892935459647e+01 2.341611737542933724e+01 2.559452713856964934e+01 3.528931394036178659e+01 4.354733765100962728e+01 4.915707390286115697e+01 4.605444510556944238e+01 4.004641746521941315e+01 3.950885936996994019e+01 4.609131857072221550e+01 4.280411973284290639e+01 3.255042884286542915e+01 3.254004523503203217e+01 2.895026128101691398e+01 2.053235012464043763e+01 3.058801795403262247e+01 3.993292574062166977e+01 3.540371334101752865e+01 2.559254644121736177e+01 2.159298689105183300e+01 2.533821764865034609e+01 1.666765562407873702e+01 2.544782104622105123e+01 2.643812241157104026e+01 2.235128498611626569e+01 2.778181142691208194e+01 3.781231968039477920e+01 3.889647580996950182e+01 4.000561790208985968e+01 4.424329130300404245e+01
1.935938764244296095e+01 2.800602391292064652e+01 2.395699483587893397e+01 1.550086289360732650e+01 2.553435626582357187e+01 2.674281028258386783e+01 1.901884680140101480e+01 2.883947759760719620e+01 3.309811947281185240e+01 3.241175568554224640e+01 2.969916420887580699e+01 3.528549000573590888e+01 4.508183481065599807e+01 5.337595064379669196e+01 4.786893879118944284e+01 4.939259257868915398e+01 4.485205051570707724e+01 4.062454353047185407e+01 3.841007277418265886e+01 3.235112006606292567e+01 2.226616621275274355e+01 3.058800855620109616e+01 2.588269788686393014e+01 3.602094245371699799e+01 3.990771467197381384e+01 3.463669397743279177e+01 3.043632484528068360e+01 2.919113583061025707e+01 2.261940976536736514e+01 1.742947885811710762e+01 1.742947885811710762e+01 2.643814326151453287e+01 3.100589462586983203e+01 3.517654359441397105e+01 2.878986452028470211e+01 2.989080818980360732e+01 3.552802498593723612e+01
2.241406210699355483e+01 2.241440377441323406e+01 1.384607023289000338e+01 2.395699483588177969e+01 1.550086289360732650e+01 1.678813963691144195e+01 2.674281028286538131e+01 2.883947759760717489e+01 3.854536551746084427e+01 4.206782691139771657e+01 3.938977368945392499e+01 3.584662378551905704e+01 4.299291788987030571e+01 5.381941331945606777e+01 5.547011385036296360e+01 4.787510240246394488e+01 3.762127119141107556e+01 3.045202344444109954e+01 3.418946080634413676e+01 2.408377701603779997e+01 2.937748059001916801e+01 3.656647863024360134e+01 3.169548361328275377e+01 4.027966136106599038e+01 4.853462072228912660e+01 4.275704951345021954e+01 3.859159793740292344e+01 3.227619837806339831e+01 2.703155359788726741e+01 1.826119983138734781e+01 2.643813296950908054e+01 1.830973796370314943e+01 1.886835600715386008e+01 2.593108911789344617e+01 2.201912857262030698e+01 2.551323620608412668e+01 3.045670599356459363e+01
1.226103151689024529e+01 1.226103151689024529e+01 2.241440377715463583e+01 2.800610655634681123e+01 2.553435670825791348e+01 2.389317264594033219e+01 2.013329855003817315e+01 2.991767640622141045e+01 3.636461771481063465e+01 3.982449674282749896e+01 4.395562344956220358e+01 4.595380088009905961e+01 5.034309516670270312e+01 5.127001103808597549e+01 4.665878987402524558e+01 4.070236328475876064e+01 3.920556213165302495e+01 3.418952344908992558e+01 2.408377701603779997e+01 2.763990038669216887e+01 3.777161505744871306e+01 4.375544705143740742e+01 4.193126846837231625e+01 4.620904398648243472e+01 4.435072277102928240e+01 3.437389428094415678e+01 2.888542858626951215e+01 2.843160851269349720e+01 1.940461747979573914e+01 2.707706959316583450e+01 3.108436390413258010e+01 2.744231976355975178e+01 2.017681230181644381e+01 1.950724089214726931e+01 2.850435798061793236e+01 2.803984104757136464e+01 3.810050741053355949e+01
1.556173501244081336e+01 2.239552557707619229e+01 1.533989260275382271e+01 2.537399411621736078e+01 3.324073691306023903e+01 3.357701832074538828e+01 2.708395228859908244e+01 2.377404676843922005e+01 2.671353122077086795e+01 3.011730193826031865e+01 3.567929803042366643e+01 4.550988320643246965e+01 5.434184408586637716e+01 4.400980704430011059e+01 3.668835982635461335e+01 3.206668972065627798e+01 2.898369168852518385e+01 2.628237549553615082e+01 3.418952326807465170e+01 3.777161500906099434e+01 3.401645155582738056e+01 4.122294965211586515e+01 5.150083610723217475e+01 4.508265604081767464e+01 3.929590214955922534e+01 3.499534023478774714e+01 3.097979064243675396e+01 2.355125271001895015e+01 2.023966745737505946e+01 2.942134514289862679e+01 3.849537848720966338e+01 2.855777156009244777e+01 2.853674147037544628e+01 1.989358456852894008e+01 2.853677576310878550e+01 3.804713537523787892e+01 3.809707954089667936e+01
2.558200275010215563e+01 2.848280518675326789e+01 1.862668309280140733e+01 1.973643110440361426e+01 2.352738373475160572e+01 3.324831559338897335e+01 3.675888673892152525e+01 2.936805901314108880e+01 3.636461771481083360e+01 3.982449674290035802e+01 4.396445162266545026e+01 4.968098432497303918e+01 5.522684532784177946e+01 5.126999362984324193e+01 4.665878982161203936e+01 4.240838212938509599e+01 3.920556212258863127e+01 2.907450889605937050e+01 3.008770881454167423e+01 4.026106392421953473e+01 4.423327271564568264e+01 4.845645129234380022e+01 4.820732525285318104e+01 4.086060795080794605e+01 3.090806174016963581e+01 2.539030532176248300e+01 2.163062598841078099e+01 2.163062598841078099e+01 2.942194919512743567e+01 2.661278582724480302e+01 3.620696157419310879e+01 3.638577770086296681e+01 2.639908859500107141e+01 2.023265036370972325e+01 2.639636938046378134e+01 3.631778540169346314e+01 4.150697235233207039e+01
3.449811227174075157e+01 3.193838535173886939e+01 2.220630412842702839e+01 2.956550329633787300e+01 2.956550329633786944e+01 3.040404185144266336e+01 4.011500167481505486e+01 3.903382240033325701e+01 4.309189779868970049e+01 4.792173295716325754e+01 4.381162117474515583e+01 4.720210845606067096e+01 4.539858033068679077e+01 5.522685789396123823e+01 4.999840138124104527e+01 3.970329479195930844e+01 3.382783147880375196e+01 3.490599894165846706e+01 4.026106430170302986e+01 3.439017467043493070e+01 4.462536330707630583e+01 4.666939610118514281e+01 4.166534473449578968e+01 3.407934076709738491e+01 3.407921350427063345e+01 3.223959692109587394e+01 2.281386888653629441e+01 2.506635962069002588e+01 3.458998810333218898e+01 3.620935443175829960e+01 4.038756685387475187e+01 3.906951663304373312e+01 3.015661363432792541e+01 2.066622861668865596e+01 3.015526376831886779e+01 2.719381261512911152e+01 3.219580642645821911e+01
3.934232087359583829e+01 3.598563344833659983e+01 2.710420442081983694e+01 3.598563344833659983e+01 3.927204217805516606e+01 4.011500167481505486e+01 4.419380100046225124e+01 4.435126951500285486e+01 4.374585262360098881e+01 3.956087042404963228e+01 3.337288312078468522e+01 3.699587202220551774e+01 4.302318041656766923e+01 5.290949821918943030e+01 5.421495927796066638e+01 4.405556231177053661e+01 3.970329479059565614e+01 4.212999153743718495e+01 4.805319197212499915e+01 3.776970597698452536e+01 4.805319197212499915e+01 4.244646295245717482e+01 3.251580145206649064e+01 2.785876502468103411e+01 2.460921321094211578e+01 2.460921321094211578e+01 3.223959692109580288e+01 3.459947220039308036e+01 3.170115607920527623e+01 4.159662628820929342e+01 4.203551583276041015e+01 3.191776819317368563e+01 2.499563885267334129e+01 3.015568122855997046e+01 2.163144360871097405e+01 2.689742707931650045e+01 3.810461625346194126e+01
4.061215896705432016e+01 4.084340957357229485e+01 3.678149168604650754e+01 4.086818300417826322e+01 4.073843528158307947e+01 4.482453529739918707e+01 4.435127004399716810e+01 3.387832061956509477e+01 3.580014084587049439e+01 2.888683438249221780e+01 3.956087042404963228e+01 4.484083207380278679e+01 5.125681884430873225e+01 5.693347964475575651e+01 5.855284030357510261e+01 5.421483011721625900e+01 4.999837879990388245e+01 5.242405330848220757e+01 5.227831849375833428e+01 4.289050022556179442e+01 5.227831849375833428e+01 4.666939613285360622e+01 4.166534472344888229e+01 3.748113220223624609e+01 3.407921350426990159e+01 2.609475392383716041e+01 3.560151319950212212e+01 4.265597200882025675e+01 4.159662628820929342e+01 4.581108426839273307e+01 4.204043874337317277e+01 3.191785141909057089e+01 3.435822796674464996e+01 2.299722179165354774e+01 2.309521220872532155e+01 3.248470907559422471e+01 3.785492566263898340e+01
3.015871723027984430e+01 3.743470850287752683e+01 3.495499219834803739e+01 3.281252345255427372e+01 3.071147213380390184e+01 3.944729709593475775e+01 3.607962535754445099e+01 3.572198891008832788e+01 2.504320771638109022e+01 3.260865723516721459e+01 2.949050851479330149e+01 3.729218632775175024e+01 4.846541887830882445e+01 4.890699170693441289e+01 5.304810409339125954e+01 5.408125027166297372e+01 4.991250267326606149e+01 5.408125027069977619e+01 5.741268681383792938e+01 5.321588371870240763e+01 5.741268678070961329e+01 5.249462972886207979e+01 4.223543393760282072e+01 3.516551558445208769e+01 2.967913189128082152e+01 3.560151319950213633e+01 2.877854166643262701e+01 3.550509618999497263e+01 4.557643217396993407e+01 5.377352537539011479e+01 4.624775109569240072e+01 4.204043494926363422e+01 3.590680602877283434e+01 2.400542640877522516e+01 2.460595018458709404e+01 3.034270065307316600e+01 3.908160346717580325e+01
2.265182626616531891e+01 2.744326929747616362e+01 2.433962948151783934e+01 1.769750345144947801e+01 2.898650254148112637e+01 2.977921050921858637e+01 2.555508442065270813e+01 3.022036260458000712e+01 3.058295753381904092e+01 2.187677843916847920e+01 3.268545026860773106e+01 4.167780865010561087e+01 4.719577811567494052e+01 3.871362063313726765e+01 4.719601972523808797e+01 4.897772871837524633e+01 3.964629622824881494e+01 4.850148014484459935e+01 5.267959348966142841e+01 5.314034603596842032e+01 5.709336981162704916e+01 5.036306247815826964e+01 4.011750315266746014e+01 3.439944044160182557e+01 3.942361324258916255e+01 4.088215899808721332e+01 3.089795947330147996e+01 3.653737229611526516e+01 4.667969450697086842e+01 4.966204487150993430e+01 3.950808747615350569e+01 4.105171324702397584e+01 3.513432637916584156e+01 2.511109291668519816e+01 3.391579174067663160e+01 2.709717652023224943e+01 3.246730049013277153e+01
