output/example_1/elevation_000222.asc
nrows	75
cellsize	13.33333333
xllcorner	0
ncols	75
yllcorner	0
NODATA_value	-9999
[rows 17 to 33 of 75, columns 0 to 36 of 75]
1.309999999999999880e-02 1.001309999999996236e+01 1.396690550053572721e+01 8.958432889028621560e+00 1.134140003287943266e+01 5.315657168862555793e+00 1.126607386693270563e+01 6.965792279977530477e+00 7.756494964215244536e+00 7.009904739740163038e+00 4.662103474249615687e+00 8.827133935326502368e+00 6.435742945611628407e+00 4.428890270283281083e+00 1.257977525575491029e+01 1.460112113483669205e+01 1.955900601207013167e+01 2.346083758152880350e+01 2.676454671871679736e+01 3.088636818629433733e+01 3.324926566869323352e+01 2.913932584574953211e+01 3.002674110965572041e+01 2.175764408930422533e+01 2.134091242577131453e+01 3.120304645313218828e+01 3.019957684961709532e+01 2.058536230410806667e+01 2.882331662255695548e+01 3.568129034727233062e+01 3.033559351867216236e+01 2.041339426150241465e+01 2.644351150641922743e+01 2.584850996497481646e+01 2.723656047994545659e+01 1.884661018484588624e+01 2.381829015253494575e+01
1.379999999999999977e-02 5.676937163377904660e+00 1.437180164979775476e+01 2.057961092529382086e+01 1.893166078405395680e+01 1.186524477520887721e+01 1.421097551445158302e+01 1.308601431236835211e+01 1.561052519148032935e+01 7.827057099739773705e+00 1.655005628404808959e+01 1.182451322610741862e+01 1.329003195538580684e+01 1.442051545641489163e+01 5.464734009024509120e+00 1.547188725785805907e+01 1.044363963095217684e+01 1.350589526672399110e+01 1.685270560833719244e+01 2.180267682234572035e+01 2.879926882012917844e+01 3.878790186062859391e+01 3.573157418041198952e+01 3.158826983576100389e+01 2.622218483783483478e+01 3.538124227400376753e+01 3.321447642941094358e+01 2.368052393964743274e+01 2.840725749056198168e+01 3.817448345366265272e+01 3.347882005103145531e+01 2.353993193100478010e+01 3.347880182823011808e+01 3.582902505863945919e+01 3.314718957563784585e+01 2.882296330504794568e+01 2.570787774406305459e+01
1.379999999999999977e-02 1.001379999999680770e+01 1.937699642424116675e+01 2.280465056504790056e+01 2.466306427177480387e+01 2.256766329085244038e+01 2.371467309893900222e+01 2.308006800183992979e+01 2.114995007779991809e+01 1.063846484193567044e+01 2.114995007779967651e+01 1.904973868324475106e+01 2.400662260876378085e+01 1.963981734148688574e+01 1.547311325494280254e+01 6.490187550868020239e+00 1.654819748049744632e+01 2.071066550086195690e+01 2.676454671871679736e+01 3.088636818629429470e+01 3.584888794554554892e+01 3.785152357247565647e+01 3.870755531543117911e+01 4.041189526491949380e+01 3.625298282407535311e+01 4.052482720698893814e+01 3.664596529895107579e+01 2.694024551239328957e+01 3.664596529895107579e+01 4.235970626618515666e+01 3.767842006052627113e+01 2.795078318084208746e+01 3.767715907609211712e+01 3.431662701823150030e+01 3.003569851555674575e+01 3.228195105147594290e+01 2.630923479632693329e+01
1.290000000000000001e-02 1.001289999999996283e+01 1.375508080126750166e+01 1.290570451351877956e+01 1.514005461754674542e+01 2.080270463161819450e+01 2.496906202006379161e+01 3.089137792781144753e+01 2.512244370531508153e+01 1.451476721390478097e+01 2.512256641738832386e+01 3.000320489209469343e+01 2.827577463628545829e+01 1.869622272803404783e+01 1.654732040239937518e+01 6.490187550868020239e+00 6.490187550868020239e+00 1.654860888887912296e+01 2.608528020126210478e+01 3.021909907632046099e+01 3.489844068431281698e+01 2.793355050709310561e+01 2.898733736151456952e+01 3.870711505844941058e+01 3.855600439723702522e+01 3.442731507045250083e+01 3.855546425410527434e+01 3.664596529895107579e+01 3.370068661731198034e+01 4.375649703713489913e+01 4.216788065550245079e+01 3.368048367061847870e+01 3.600515383707885775e+01 2.566386047489243438e+01 1.966936947867021246e+01 2.800254591055027475e+01 1.766904627768200697e+01
1.290000000000000001e-02 1.869853375827276842e+00 3.759675618064888702e+00 5.844817670091625672e+00 8.138970629449731931e+00 1.081174064718551797e+01 1.659356311191537259e+01 2.664071192290173329e+01 2.958639750154073411e+01 2.215930733524758267e+01 2.967444707218635713e+01 2.994540722976371327e+01 2.582811358658164380e+01 1.879261853630540458e+01 8.724219514561104560e+00 6.490187550868020239e+00 1.557882223535701982e+01 1.891873993878209248e+01 1.615977997058685034e+01 2.608525055996471664e+01 3.081863163858401222e+01 2.098222195564517989e+01 2.734837189791686995e+01 3.720488602906885234e+01 3.442726175466642502e+01 2.452733718713503919e+01 3.442728839652981776e+01 4.232044013434128260e+01 4.375649703713452965e+01 4.797616894768658824e+01 4.802331842395965111e+01 4.377589252267752329e+01 4.027945504899575724e+01 3.431625049080349754e+01 3.003568796705430799e+01 1.966936947867021246e+01 2.800254591055027475e+01
1.309999999999999880e-02 1.001309999999996236e+01 9.532142076872062830e+00 1.583043569567378839e+01 1.521652751140715942e+01 1.789385573738919533e+01 1.659249144087322847e+01 2.237788637839192063e+01 3.230742586339778910e+01 3.324030396780077723e+01 3.125170579716428065e+01 2.162461181668047416e+01 1.587014341124067407e+01 1.231290182562357316e+01 1.654881484889908450e+01 6.490187550868020239e+00 1.654848520750820740e+01 9.048656635604093168e+00 1.906684979870074770e+01 2.445486871142222540e+01 2.329381463214017955e+01 1.748766559192780790e+01 2.556722440859153167e+01 2.967614306529431190e+01 3.068542039790948195e+01 2.452733718713503919e+01 2.823273733704089139e+01 3.396239495602149105e+01 4.396789802155156224e+01 5.318588834907013307e+01 4.799793663536244281e+01 4.374134625144534283e+01 3.936231171110082983e+01 3.250752466281594621e+01 2.216475549583289606e+01 3.003568550097263312e+01 1.966936947867021246e+01
1.349999999999999985e-02 1.000889863886479780e+01 1.950336566774322833e+01 2.359686649068732578e+01 2.523171291654698933e+01 2.791005944925446158e+01 2.658823560755174853e+01 3.066501468078464043e+01 3.630710755406814627e+01 3.777099273835430893e+01 3.545352737441353241e+01 2.994540722976371327e+01 2.582807518804522218e+01 1.611424279107991708e+01 2.072802974463639458e+01 1.655002801614081775e+01 7.719240616602054850e+00 1.789492018086598080e+01 1.043429392317327142e+01 2.036874748212225583e+01 1.338271950308869407e+01 1.448378806328293500e+01 1.567873870042586049e+01 2.556791298686299996e+01 2.081946045384873401e+01 3.068544285701027974e+01 3.819121813071342331e+01 4.232044013434128260e+01 4.808663702267057971e+01 4.897055325389438707e+01 3.851213898422721371e+01 3.331074209728551239e+01 3.508337914060317075e+01 2.478005929869545909e+01 3.250754772696628692e+01 3.000997692787678872e+01 2.701966342597946280e+01
1.349999999999999985e-02 7.303928128577621415e+00 1.815718964300643279e+01 2.624026407042178732e+01 2.448120676812756358e+01 2.448120798759321559e+01 2.858413589231788521e+01 3.191312038320301880e+01 2.776704227275319070e+01 2.777233998945544968e+01 3.221193083119704426e+01 3.635993105515672141e+01 3.023318107923330444e+01 2.110822214997849500e+01 3.023318107923330444e+01 2.172836609535480079e+01 1.111466565126842276e+01 2.165785967623798314e+01 2.041329778041948018e+01 1.183534775116842219e+01 2.178024822016102746e+01 2.438587767314331600e+01 2.556791352202905898e+01 1.742734631488312758e+01 2.730143789800873577e+01 3.352710250781996137e+01 3.806680088130634942e+01 4.219765480051269435e+01 4.796526328205621326e+01 5.318588675616319250e+01 4.799793518935305769e+01 3.852604420768953730e+01 2.819804714960403302e+01 2.787480336081706511e+01 3.819505081185303652e+01 4.026292953594849422e+01 3.763087381298080203e+01
1.359999999999999924e-02 9.352227644646971427e+00 1.612854608177600468e+01 1.634037399393110235e+01 1.461114223557287950e+01 1.461114223614418606e+01 2.448120798757671324e+01 2.777228622169844385e+01 1.777173251376733987e+01 2.513968718575753059e+01 2.221095637869797557e+01 3.221193096882225149e+01 3.522378683308381397e+01 3.108251704162931617e+01 3.522378683308384950e+01 2.636504706267651343e+01 1.626748916246491206e+01 2.636504706267650633e+01 2.407621802706546532e+01 1.414324888751880671e+01 2.116106596474821799e+01 3.111098003085205832e+01 3.141384701737496243e+01 2.730143789800873222e+01 1.954338536390696035e+01 2.940705593766267256e+01 2.811053279371801850e+01 3.383756546612609384e+01 4.384404396688791650e+01 5.190387300062611331e+01 4.150290697304333776e+01 3.411674907418060343e+01 3.547213406582346096e+01 3.243447149346339131e+01 3.514172063065612406e+01 4.556644393505624890e+01 4.543820326557845846e+01
1.369999999999999864e-02 1.001369999999854166e+01 6.874264527072472930e+00 1.299868627602072557e+01 7.586068303951699399e+00 1.750200353721928437e+01 2.272801792780364494e+01 1.858509436469041987e+01 1.368835721764549618e+01 1.517909535340478477e+01 2.513992493691034014e+01 3.131215990227827106e+01 3.545425604152980981e+01 3.370694221858987305e+01 3.785082120745820333e+01 3.189421247917363189e+01 2.397089507394046137e+01 2.859231372197681509e+01 1.859650969396335185e+01 2.407654191267922883e+01 2.116125414035078478e+01 3.111467122221489134e+01 3.963771315066694001e+01 3.174208360534818496e+01 2.186650268688931575e+01 2.244520455356842348e+01 3.231854732166458888e+01 3.947650478061542145e+01 4.360842981369653160e+01 4.808460730169269937e+01 4.879997762652922688e+01 4.150290690014629291e+01 4.589876395184326441e+01 3.762155317956288059e+01 4.556644381981434577e+01 4.980856279553433552e+01 4.972884385598221257e+01
1.290000000000000001e-02 9.982292781657060576e-01 1.988376821706792086e+00 3.008997563052062230e+00 4.051569816677417890e+00 1.405202539779285331e+01 1.675870092724133187e+01 8.581266446963509154e+00 9.906236972911722560e+00 1.315228419217869948e+01 2.157174766801904298e+01 2.127553840125339946e+01 2.551754262682017682e+01 2.367706910210809923e+01 3.235192383811881456e+01 3.810265188750822318e+01 3.527839846472875962e+01 3.281149991145345268e+01 2.358670413231327956e+01 2.673628030033199465e+01 3.111467134112892907e+01 3.532070699978172001e+01 3.549654023173299322e+01 2.556318119609808903e+01 2.186650268688931575e+01 3.174208297434715220e+01 2.601585799490047179e+01 2.948415421417520221e+01 3.393009061778379021e+01 4.103965345354799155e+01 5.102289072631577937e+01 5.190383694567827177e+01 5.231272868258488984e+01 4.808936067004745496e+01 5.231272664757960911e+01 5.073902804167192215e+01 5.030296527803314888e+01
1.379999999999999977e-02 1.001379999998641779e+01 1.199174437957503159e+01 1.008172000647467748e+01 1.405205953814023445e+01 5.622931815779312892e+00 6.755238995545823855e+00 1.675870479527939594e+01 1.991015327443926708e+01 1.194543221564126334e+01 1.345038192367725927e+01 1.536319840827207983e+01 1.536319840827207983e+01 1.814510581555380142e+01 2.397361090639571657e+01 3.398776800933185882e+01 4.085508325513153949e+01 3.823168173144473769e+01 3.109688273353943444e+01 3.685071539381172556e+01 4.111040420073543089e+01 4.367719572785604498e+01 3.365798112737775938e+01 3.549654094436150586e+01 2.557774236861186168e+01 3.564558147631314711e+01 3.301366260680592291e+01 3.301366260703870381e+01 4.301734580174117184e+01 4.808461469427185619e+01 5.017229396860710011e+01 4.744809291690547326e+01 5.157022839854605678e+01 4.899048419431584023e+01 4.475438851143958630e+01 4.037332833456067505e+01 4.506851197585699254e+01
1.359999999999999924e-02 1.001359999999996298e+01 1.823290615508810220e+01 2.008345330873817147e+01 1.973516666381325635e+01 1.552191399586908105e+01 1.053611272628428175e+01 1.175749681539511826e+01 2.177640766747197176e+01 2.631136705712069812e+01 2.359860217376054692e+01 1.890680373323370844e+01 2.551758511184359079e+01 2.257910250821764464e+01 2.291238405263941402e+01 2.669899700339477988e+01 3.248027233571549033e+01 4.249459137340457460e+01 4.235525619912842643e+01 4.226799548937086826e+01 4.053665868964205288e+01 4.437052626547520617e+01 4.367719574232130242e+01 3.992705818206606949e+01 3.140067614990593015e+01 3.992705818206606949e+01 4.301734487043088961e+01 4.301734574021017465e+01 4.714094997344740534e+01 4.724560836129160890e+01 4.021149983893328539e+01 3.744516441402792850e+01 4.580369517417386760e+01 4.475438851657852979e+01 3.399443330440821853e+01 3.256080936123680658e+01 3.968209699335075413e+01
1.359999999999999924e-02 4.096082850941622056e+00 9.869552015569732717e+00 1.985785270206080710e+01 2.698046687897213047e+01 1.750547969767752576e+01 1.791204043817844038e+01 1.883592633679058181e+01 1.883815802943457030e+01 2.886997186095651813e+01 2.898634200842162301e+01 2.605131342361136149e+01 2.898634200842162301e+01 2.837929691258108988e+01 3.292795213509786123e+01 3.671282156787990658e+01 4.085508325513153949e+01 4.663284812798632117e+01 4.226799548937086826e+01 3.333471089441479762e+01 3.122009717170046983e+01 3.900188606788410084e+01 4.078814249701174077e+01 4.466243187147902205e+01 4.191963079829955063e+01 4.589510018919875023e+01 4.607362625820093172e+01 4.512163299360380364e+01 4.810260713164487356e+01 3.810528724892535024e+01 3.308162560433910215e+01 3.160021237568616925e+01 4.131216422022156820e+01 4.570338931775020797e+01 3.714595122339670752e+01 2.590361675601625535e+01 2.860055560548060427e+01
1.319999999999999993e-02 1.001319999999996213e+01 1.823292882106765589e+01 2.398655320845157846e+01 3.080828167613456259e+01 2.698743217443482934e+01 2.870681654088698664e+01 2.884498312880609916e+01 2.886997186095651813e+01 3.301652761370317535e+01 3.900336110659113587e+01 3.607212782382325855e+01 3.900336110659113587e+01 3.839329215231114745e+01 4.253520253961145414e+01 4.261653378957282001e+01 3.849750121161942928e+01 4.261653378957282001e+01 4.066026322517196689e+01 3.515773938933678266e+01 2.554038922885640517e+01 3.410876023847744420e+01 3.134206951871917468e+01 4.078814249701184025e+01 4.447368226996709950e+01 4.042795201838055874e+01 3.736019427737928567e+01 3.496264306735782412e+01 4.183225630913946702e+01 3.808064360015081462e+01 2.805783201762561774e+01 2.712147680680410389e+01 3.152862753757558778e+01 4.156824919297846321e+01 3.968209699394303414e+01 2.860055560548061138e+01 2.072193053610606128e+01
1.019999999999999900e-02 5.106393195669113538e+00 1.208478383824678559e+01 2.208259723199908109e+01 2.638318553073000317e+01 3.047640010163141966e+01 3.499250309198892950e+01 3.241152830499461146e+01 2.826926528852681741e+01 3.241152830506285198e+01 3.585165439932008979e+01 3.608499309523694620e+01 4.022732837332404898e+01 4.537523219902946181e+01 3.958697514881267665e+01 3.545206933529470916e+01 2.837649580716440667e+01 3.758192007871531359e+01 3.676771127971483111e+01 2.714360648547345534e+01 2.219828947643571837e+01 2.438123813784361005e+01 3.410868091070061325e+01 4.124410712505243737e+01 4.043013409539392455e+01 3.043917263524803474e+01 3.326023780536701224e+01 2.780447612440664784e+01 3.765643790306284444e+01 4.223788423317889595e+01 3.337093243332066805e+01 2.342108849262865178e+01 3.030096169042899845e+01 3.335388662648225733e+01 3.750296847944449752e+01 3.629617900741580883e+01 2.869982730015513184e+01
7.249999999999999500e-03 1.000724999999996356e+01 1.867978906777645065e+01 1.816943133989579451e+01 1.640343250242133166e+01 2.092648316671420261e+01 2.542849407353921976e+01 2.741140251482118018e+01 1.826903708892149680e+01 2.585118271293844927e+01 2.585118271293845993e+01 2.608444000416633557e+01 3.608499309523694620e+01 4.126536160263459863e+01 3.119642466737791509e+01 2.531322239539099783e+01 2.328103462197685047e+01 3.343699850939191975e+01 3.765290150456608131e+01 2.890966262072662118e+01 1.903452162330677311e+01 2.887225934297524077e+01 3.350972213690680235e+01 3.179227093077635757e+01 4.124223515219412661e+01 3.337284950630871805e+01 2.328342614342802364e+01 2.398311059302287518e+01 3.109857439138934865e+01 4.092250795812465469e+01 3.604461108802856018e+01 2.607519442612602134e+01 2.040905269441803327e+01 2.340422442204784659e+01 3.174718707808536777e+01 3.565038276405103090e+01 3.021953356066421748e+01
