output/example_1/elevation_000404.asc
nrows	75
cellsize	13.33333333
xllcorner	0
ncols	75
yllcorner	0
NODATA_value	-9999
[rows 0 to 16 of 75, columns 0 to 36 of 75]
1.369999999999999864e-02 4.096182904637541533e+00 9.096182903251749607e+00 1.616724853902682213e+01 2.616679936996998279e+01 2.708464955565170484e+01 3.000052232656242523e+01 2.964547614908249784e+01 3.255855599590918104e+01 3.132149224544524557e+01 3.132149225232300083e+01 3.541858443874558304e+01 4.104901782832492785e+01 3.814019272091157831e+01 3.923067470970480741e+01 4.331015539058744679e+01 4.435035163261671443e+01 4.838574247376038784e+01 4.446065683692642523e+01 4.035057479647619516e+01 3.904545505745752365e+01 4.316424631994054550e+01 4.679769768675968322e+01 4.269879439456388326e+01 4.139937414421814310e+01 4.550589886844903020e+01 4.506283664878586848e+01 4.506292797056421762e+01 4.914716081264501213e+01 4.800931669734968921e+01 4.366506529722594365e+01 4.366506529722594365e+01 4.366510646804717055e+01 4.800966905782629368e+01 5.379718080508371969e+01 4.969397238898085334e+01 5.099856748106059001e+01
1.279999999999999888e-02 1.001279999999996306e+01 1.823803091777149277e+01 2.323705410624779688e+01 2.414866619551007432e+01 1.709547601928069227e+01 2.002113826461063795e+01 1.966155236503659509e+01 2.258577451941733116e+01 2.144179123273963583e+01 2.144179123274065901e+01 3.132149225232299372e+01 3.079042675293423059e+01 2.774605400872978933e+01 2.889352431137669086e+01 3.729951331791036040e+01 3.437896046185912979e+01 4.435035163261671443e+01 4.035057479640408928e+01 3.017478996187246310e+01 2.884324846686035215e+01 3.731772342868389813e+01 4.269879439456388326e+01 3.256664605024311498e+01 3.124073931731519949e+01 3.968152254475027263e+01 3.497998990455776891e+01 3.497999007723871756e+01 4.506293621722501541e+01 4.366506529722594365e+01 3.311173724587681022e+01 3.311173724587681022e+01 3.311173747876294726e+01 4.366509370878286234e+01 4.791905166991360687e+01 3.939876378172958482e+01 4.074758878064911727e+01
1.299999999999999940e-02 7.084067811865462083e+00 1.708406781186539192e+01 1.908175251363483937e+01 1.494942388541717015e+01 1.002088434650584681e+01 1.701535365814754996e+01 1.258161968922846263e+01 1.957429584129722500e+01 1.481311140896225709e+01 2.433548866528066768e+01 3.147123498637743921e+01 2.718327767334776013e+01 1.967244372450020862e+01 2.329023216477287761e+01 2.695400790168949712e+01 3.437896046185912979e+01 4.435035163261671443e+01 4.035566694846626490e+01 3.315520833565194891e+01 2.285509235375894121e+01 3.315520833599514816e+01 4.165690539565664352e+01 3.553426093625520110e+01 2.526450250564142408e+01 3.282051815277433349e+01 2.770831617761106713e+01 3.793321989867588684e+01 4.279323394455008867e+01 3.670994717649082872e+01 3.234869551494522710e+01 2.564803256007007093e+01 3.173946027011826843e+01 4.229955647929548945e+01 4.375003092822098694e+01 3.329241808520173151e+01 3.329241808520172441e+01
1.369999999999999864e-02 1.001369991567534079e+01 1.511248092914329000e+01 1.357628959862114115e+01 4.952574674674439237e+00 5.937903952859019618e+00 7.010084597724826061e+00 8.101620019790789939e+00 1.069281341776520300e+01 1.957430003617904646e+01 2.503300772606407421e+01 2.385311528509553014e+01 1.589050063001061019e+01 2.718256071886478509e+01 3.370434222484414732e+01 3.729951329620303113e+01 4.138235146780975526e+01 4.207046421913968004e+01 3.193001290761716504e+01 2.596663124831555436e+01 2.285509235375894121e+01 3.315520820227436616e+01 3.752505161391846400e+01 2.730150033250898289e+01 2.197507560814595706e+01 2.251632164097076583e+01 2.983814015069430425e+01 4.002144891121132275e+01 3.844213695222423866e+01 2.788688257336656662e+01 2.181014536154395600e+01 3.234869403151322587e+01 4.055703277338104584e+01 4.664198535687799563e+01 4.480062939288682600e+01 3.771232527563174841e+01 2.713989054297338654e+01
1.290000000000000001e-02 9.295984970282099580e-01 1.093258213226827458e+01 3.578969035187552272e+00 1.357628959841458460e+01 9.224477856485043148e+00 1.700635818354189865e+01 1.810636848568528734e+01 9.802539252607145315e+00 1.100172904348836589e+01 2.097671387776147256e+01 1.276848506957341201e+01 1.528865858051615945e+01 1.824458743224241886e+01 2.950334419516760320e+01 3.796101414963958121e+01 4.202580979216050849e+01 4.616850838649593669e+01 4.035566694846626490e+01 3.029847006126611220e+01 1.997344784703921050e+01 2.718535873042026552e+01 3.084146716808911393e+01 2.663361984730817511e+01 1.884390283679517708e+01 2.917760041318245356e+01 2.983814015533069863e+01 4.002145373282655783e+01 3.843806176958269560e+01 3.010134952858057744e+01 1.956238282356173741e+01 3.010125832105947552e+01 3.541991514354819515e+01 3.970528022703869198e+01 4.059694197787258929e+01 3.007936536693962282e+01 2.392200646646576345e+01
1.299999999999999940e-02 9.975653882521234195e+00 2.242662825625433065e+00 1.224030286884058327e+01 1.174297009609380282e+01 1.897872132351805519e+01 1.429430085511804727e+01 2.374820789936874732e+01 2.321966059052588349e+01 2.098266978950035266e+01 1.276848506957341201e+01 2.283632105062964257e+01 2.659310752597370353e+01 2.950334419385591644e+01 2.334810878006685897e+01 2.796672730860250056e+01 3.509842613013795898e+01 4.498251261346455010e+01 4.016602083363164866e+01 3.448136778921104195e+01 2.718535873065269115e+01 1.686698855601890301e+01 2.426704427176106194e+01 1.631794923701401245e+01 2.663361982653114524e+01 3.337013551260479716e+01 4.002145373282655783e+01 4.413771421770758252e+01 3.408192910633123063e+01 2.353654326018924081e+01 1.744898682767953346e+01 2.798404590540341985e+01 2.490400838896631086e+01 3.541991543685083599e+01 4.105529084624104996e+01 3.581696698000047263e+01 3.152574525263024796e+01
1.299999999999999940e-02 1.001299999999996260e+01 1.224049053686812627e+01 1.637762238213042210e+01 2.173039539386784114e+01 2.584667453198153098e+01 2.102530954688921838e+01 2.102522784981139381e+01 3.080186751650172283e+01 2.697148383843762076e+01 1.990154279716396246e+01 1.688791939078792481e+01 2.402046994858946860e+01 3.404783715158763613e+01 2.977932936661069618e+01 3.796101421395837150e+01 4.202581021416013840e+01 4.318633646138156479e+01 3.305178179902504354e+01 2.575961770093059400e+01 2.111478551514474944e+01 1.721109012203498168e+01 1.400826499937103442e+01 2.426702522241161120e+01 3.083925115277706652e+01 3.297643456788625826e+01 3.713575112813471435e+01 4.053893690751579726e+01 3.456939784616196221e+01 2.989084524156493572e+01 2.559832486044334487e+01 1.744898682767953346e+01 2.490400838799498118e+01 3.541991425280195216e+01 3.681241487318160210e+01 2.623907564566582451e+01 2.090543744335540310e+01
1.290000000000000001e-02 1.001289999999996283e+01 1.595142208409645690e+01 2.351415001153870676e+01 2.445226819421650077e+01 2.859390982357141198e+01 3.080857315255893525e+01 3.080186751650199639e+01 3.492563667393155669e+01 3.405460398528514077e+01 2.511174042631646230e+01 2.401847930628261096e+01 2.401847930628261096e+01 3.400302609714324831e+01 3.994907042342632764e+01 4.395882471763218291e+01 4.558398952069342869e+01 4.150500298302881674e+01 4.017614991036224126e+01 3.560118850377916999e+01 2.751681741191617547e+01 2.125360898407214805e+01 1.400826499937103442e+01 2.264497489272093489e+01 2.571694029734548437e+01 2.270997005567655336e+01 3.297645885445515290e+01 3.633365982633920765e+01 2.586125976510274782e+01 1.977705957451196994e+01 1.506079268820634631e+01 2.559832486016656716e+01 2.798404590527544045e+01 3.847032808906592294e+01 4.105529194033554319e+01 3.581696762877478335e+01 2.596333037807076138e+01
1.349999999999999985e-02 1.809553020267748780e+00 1.180949535831173414e+01 1.351437849710427663e+01 1.445289110725305193e+01 2.156595814282349721e+01 2.510150632599469844e+01 2.924734553365754408e+01 3.425120321220683905e+01 3.922264200638474563e+01 3.509296743019621800e+01 3.400302609714324831e+01 3.400302609714324831e+01 3.812419893032375739e+01 4.156637969121419474e+01 3.747499875307379824e+01 3.985618485375972853e+01 3.155379074037370657e+01 3.985618485375972853e+01 4.169969656751794673e+01 3.569082366191747013e+01 2.848428730212494386e+01 2.264493863505748195e+01 1.245868575210482732e+01 1.545232888161834062e+01 2.152661399893717231e+01 3.176631341852410628e+01 3.746077686931056405e+01 2.722461330349542408e+01 2.400243037252519684e+01 1.356638152239090545e+01 2.407649583255341952e+01 3.298143117263635560e+01 3.367608053243414190e+01 3.796616056732636224e+01 4.076772394968477897e+01 3.336552679116365994e+01
1.379999999999999977e-02 1.001379999999909742e+01 4.482165439388121619e+00 6.443326790759292599e+00 8.679394768186117659e+00 1.156614611105597668e+01 1.510167985519982636e+01 2.010166762094679882e+01 3.010167907976519786e+01 3.917386688072885903e+01 3.505320533333878785e+01 3.917365859478805845e+01 3.820185383719776695e+01 4.231870933754218100e+01 3.747500591308410378e+01 2.748009927239853312e+01 3.040754147161522880e+01 2.574675619184607100e+01 3.575966791582563076e+01 3.793121725354072993e+01 2.772190519669853614e+01 2.176026892981246519e+01 2.152690044665645885e+01 1.146017448336486844e+01 1.146017448336486844e+01 1.851979286414938031e+01 2.878704180719928019e+01 3.652258545860107830e+01 2.731095841444457051e+01 1.678635211902550139e+01 1.217356427509266226e+01 1.815687731118134352e+01 2.867929485833575143e+01 2.294244565257268320e+01 3.183275463688375240e+01 3.730334526518705474e+01 3.417044681997463584e+01
1.290000000000000001e-02 1.001289999999996283e+01 1.447359667142886686e+01 1.221684202719003487e+01 1.867916400639181163e+01 1.684421155175334306e+01 2.156624254295842036e+01 2.924734553365913570e+01 3.425265101114397481e+01 3.412000545175681765e+01 2.487964673315818942e+01 3.093826533936833556e+01 2.792959492055242166e+01 3.820185333914407977e+01 3.747501211044389891e+01 2.748009928025239290e+01 2.032652439119164711e+01 3.040754146190734630e+01 3.907639226979341629e+01 4.206310721097138838e+01 3.203691726180829846e+01 2.176026901328389229e+01 1.455114936258487823e+01 1.146017448336486844e+01 2.015017383676190477e+01 2.436706849306947475e+01 2.899258232082734210e+01 2.691057006223536874e+01 3.135644531621585074e+01 2.125703778764580676e+01 1.094611294007157021e+01 2.125702850406142375e+01 2.446866804242167959e+01 1.702488035090841834e+01 2.701210876345933798e+01 2.760577737364152640e+01 2.995847663258219029e+01
1.359999999999999924e-02 7.085070933366497847e+00 1.709937270246846808e+01 2.221774661798412609e+01 2.636846242694670295e+01 2.684149418784056706e+01 3.097561950395300201e+01 3.572769291458612884e+01 3.681982309387107222e+01 2.996597449529496160e+01 1.968180754247062936e+01 2.046608836823725142e+01 2.889463298498431953e+01 3.540593582337095313e+01 3.497628453233416224e+01 2.495092862416576907e+01 1.777078445454206346e+01 2.495092862416369783e+01 3.071887060512748135e+01 4.068456523595310870e+01 3.500565881562648940e+01 2.477022959740783037e+01 2.476717022892665909e+01 2.015020430626709569e+01 1.030014368323294249e+01 1.884011751933627821e+01 1.883742359266019051e+01 2.008969584796965435e+01 2.206985427935487465e+01 1.977208874142183248e+01 9.719724005308160386e+00 1.909281960275552592e+01 1.403274351479089077e+01 1.349401643001703732e+01 2.250822360683644874e+01 1.975504802892030654e+01 2.470174132089424646e+01
1.349999999999999985e-02 1.001349999999996321e+01 1.493849673497131114e+01 1.782530622318427405e+01 2.115864534145195819e+01 2.530084788193974532e+01 3.030088689266847268e+01 3.295791694509106406e+01 2.877440188197626014e+01 2.242127607662576239e+01 1.572313747342703572e+01 1.614193936898548287e+01 2.096232224031447089e+01 3.188613699075602170e+01 3.278857294490027385e+01 2.273508802755088354e+01 1.553587965014035888e+01 2.064050055295910013e+01 3.071887060769553557e+01 3.712412276131902189e+01 3.383817652739709558e+01 2.975978474834514031e+01 2.964135693590385401e+01 1.030014368323294249e+01 1.884009436604841525e+01 9.135094845049057000e+00 1.764997964015500642e+01 1.754169064757929064e+01 1.229345292878700846e+01 1.657492112683485885e+01 8.340980506502619463e+00 8.828239800974415630e+00 9.297738747162300754e+00 1.408189514402831399e+01 1.729671300486475261e+01 1.473563501084523075e+01 1.117143979650832364e+01
1.319999999999999993e-02 2.438556250363327571e+00 4.938556250363331124e+00 7.825307596311463776e+00 1.115864092964480747e+01 1.615864092993422219e+01 2.615864975296968709e+01 2.877440207988161447e+01 1.851082029532822304e+01 2.151695359300693156e+01 1.204108681384266433e+01 2.116607076925440367e+01 2.803141922983041212e+01 3.401938242507591781e+01 3.088864315976796249e+01 2.081101865618615321e+01 1.360722010995611164e+01 2.376268653418584620e+01 2.296391240968822345e+01 3.004401816408333659e+01 2.975978474834507281e+01 2.018522405314390156e+01 2.298950825142063792e+01 2.593148062671760101e+01 1.984774900883768112e+01 1.701153294162751450e+01 7.761311114253494736e+00 7.284159766977982287e+00 7.697167326844954971e+00 7.697167326844954971e+00 1.795267595357972823e+01 1.080218076944180083e+01 1.773881966604795934e+01 9.885883259217710162e+00 1.026564750494357625e+01 1.062139253524666493e+01 1.398964541286651375e+01
1.299999999999999940e-02 1.001299999999996260e+01 1.200962408308961038e+01 1.782531053751618089e+01 2.115864534145195819e+01 2.530084788193974532e+01 3.030088689266846913e+01 2.777520991079502011e+01 2.151695359280073916e+01 1.116774348428311825e+01 9.970079183496961761e+00 1.731571713368021292e+01 2.766532354019727791e+01 3.247730070111742862e+01 2.838525406195635270e+01 2.196743681250325153e+01 1.181314272420353717e+01 1.950465883647048670e+01 1.578348586612337101e+01 2.590790154014977276e+01 2.825804056405867470e+01 2.298954791781552842e+01 1.361252025753059236e+01 1.817668416452524127e+01 1.630735060050446350e+01 6.727818481050375610e+00 6.727818481050375610e+00 1.443541064727555145e+01 1.153002685258903171e+01 1.796725432768264596e+01 1.008577943018066136e+01 2.049741132595960025e+01 2.524571493424075896e+01 2.121377300437892899e+01 1.911405157583797632e+01 1.839354404105928253e+01 1.165737892930337338e+01
1.349999999999999985e-02 7.084567811865484899e+00 1.708456781186564655e+01 2.615182608368784045e+01 2.736090067689582028e+01 2.330763616557034723e+01 2.736090066986672298e+01 2.356760690130483837e+01 1.324063122911167056e+01 7.252586644299760188e+00 1.760531800341799169e+01 2.454858772901543063e+01 2.364905968002365100e+01 2.627493641570911720e+01 1.879090035346618492e+01 2.053027187313182012e+01 1.728964608539950021e+01 9.350681016952320235e+00 1.950465883909493314e+01 2.625962359323022000e+01 1.886928915832982412e+01 2.127786639458561169e+01 1.736801112607710351e+01 9.013022940373879521e+00 6.223538508606965003e+00 1.649265224411515263e+01 6.727818481050375610e+00 1.744979256367776443e+01 1.902347429985082883e+01 2.209366188658476560e+01 1.165614914176960504e+01 2.216196295436501629e+01 2.890266756978657625e+01 3.315871266526799133e+01 2.943636614658019113e+01 2.152725505102532111e+01 2.164336076443631640e+01
1.369999999999999864e-02 1.001369999999996274e+01 1.600314981749437848e+01 2.008107383517926792e+01 2.224380720993023886e+01 1.288757487893655096e+01 2.219729428574127539e+01 1.922497184059555408e+01 1.538821341853497948e+01 5.747935519975396979e+00 1.431328994640359653e+01 1.724859026555854769e+01 1.364473487283183317e+01 1.591890708812611521e+01 1.978190455702321771e+01 1.136388102304264081e+01 7.230788701407093733e+00 1.582809413522548247e+01 1.881985052994889429e+01 1.931052606491182644e+01 1.227471145014569309e+01 1.482045958295694454e+01 1.091180080128814467e+01 5.971438783845732345e+00 5.971438783845732345e+00 1.660514347955310299e+01 1.766209032279670765e+01 2.355395920281073785e+01 3.051062592910714244e+01 2.646591726226182573e+01 2.216205950457313989e+01 1.401923479832027475e+01 1.897176444188471578e+01 2.904943135100278795e+01 3.601034601820681047e+01 3.016396062823056567e+01 1.978165496344017171e+01
