output/example_1/elevation_000372.asc
nrows	75
cellsize	13.33333333
xllcorner	0
ncols	75
yllcorner	0
NODATA_value	-9999
[rows 17 to 33 of 75, columns 0 to 36 of 75]
1.309999999999999880e-02 1.001309999999996236e+01 7.358342140693872935e+00 1.308096457324270112e+01 8.319086258140256263e+00 1.340874617725066109e+00 1.618122686971521507e+00 1.898382752611191826e+00 2.177714720124666048e+00 2.454874952953835621e+00 2.731407849874865512e+00 3.002533561827710695e+00 3.283445699125905115e+00 3.283445699125905115e+00 9.445961548641044203e+00 1.075287092781487353e+01 4.021479900067402191e+00 9.741337343923776260e+00 1.912970129072972014e+01 2.512374690393113852e+01 2.540414716176623244e+01 2.761255225250894441e+01 2.697803773695578045e+01 2.303974687001155530e+01 1.876556841793858865e+01 2.794821215256230929e+01 2.771361181801915308e+01 2.289736238681158298e+01 3.252569425022146277e+01 3.012886779734930087e+01 1.926736789312517217e+01 2.568637252861232412e+01 1.999716437610339881e+01 3.076004142598424451e+01 2.989276779101975379e+01 1.967070677390638522e+01 1.641823350388441582e+01
1.379999999999999977e-02 2.872854943722080723e-01 2.872854943722080723e-01 8.456159487135362696e+00 9.511866503334600598e-01 7.626809324946300706e+00 2.840544173144443185e+00 1.135294783571616861e+01 1.082289118313576637e+01 8.046140234866415497e+00 1.226428341219208384e+01 1.266415103333460834e+01 6.527783709697771997e+00 1.251426421571739489e+01 9.425157322203256527e+00 1.444327243485437151e+01 4.689290855017832271e+00 1.481191910067253303e+01 1.894149700783783175e+01 2.366853031823493936e+01 2.781339272675819529e+01 2.777561500070349965e+01 3.188783541789406328e+01 3.197318066509264867e+01 2.391975167103084488e+01 3.197318066958262861e+01 3.643332020533591020e+01 2.783216715249804096e+01 3.643332020533591020e+01 3.356792172114025874e+01 2.325075994976741001e+01 3.356792172114025874e+01 2.451880600291145385e+01 3.461580867719396082e+01 3.414512914196271254e+01 2.667344347443426855e+01 2.667322092119712806e+01
1.379999999999999977e-02 1.001379999999996251e+01 2.872854943722080723e-01 5.617996533285537497e-01 2.474166785522030843e+00 7.166739049545268969e+00 1.220900387782371155e+01 5.007978818200222726e+00 1.470871872712527129e+01 1.725217865810545703e+01 2.049443712830457187e+01 1.277048868602865994e+01 1.574485325945868475e+01 1.538476547267705996e+01 1.808532590086311842e+01 1.885962512782309020e+01 1.481841560115654488e+01 4.689290855017832271e+00 1.482111690417559657e+01 1.373192212827179048e+01 2.156141373766512359e+01 1.795010003275181631e+01 2.488022013734338955e+01 3.476571654824642366e+01 3.345247457657729484e+01 3.752922483857607006e+01 4.113744701270420023e+01 3.721922134794493786e+01 4.113744701270420023e+01 3.777151210283131633e+01 2.854133599834088031e+01 3.777151210283121685e+01 2.963533209168053517e+01 3.882680007941775813e+01 4.111125917705385291e+01 3.327658204198398550e+01 2.319334275131098266e+01
1.290000000000000001e-02 1.001289999999996283e+01 6.059810070315604591e+00 1.116507723054548329e+01 1.032511689977858005e+01 1.178201130875961233e+01 1.436371775464813005e+01 1.475689516516588284e+01 7.866933486765546490e+00 1.753286005094338407e+01 2.450703573297750992e+01 2.238600830938353425e+01 2.238565749717728437e+01 2.485372216885879837e+01 2.232904308402440918e+01 1.482213060780888370e+01 4.689290855017832271e+00 4.689290855017832271e+00 5.416061281278408579e+00 1.555486827848190856e+01 1.164514501207511898e+01 2.156141347172087919e+01 2.761976912946571971e+01 2.790421153479123717e+01 3.205375959244143047e+01 3.231501520881109712e+01 3.227816561898305281e+01 3.372520260461211450e+01 3.789989029482585181e+01 4.281966304063347195e+01 3.859450744393961941e+01 4.281966304063348616e+01 3.668289457602264036e+01 4.385378084788381869e+01 3.976201583768821024e+01 2.950764091985745097e+01 3.327610880125170212e+01
1.290000000000000001e-02 1.001289999999996283e+01 1.597226438912893620e+01 1.994701819402226661e+01 2.136660339161436895e+01 2.199832673244887005e+01 2.382061256580620423e+01 2.141859091140370808e+01 1.356794870386339902e+01 1.122095668705924965e+01 2.066239166475470057e+01 2.797772717937123588e+01 3.201255566491815330e+01 2.518074468669026800e+01 1.533676848660702241e+01 8.212722480140314474e+00 1.482213063559880872e+01 4.689290855017832271e+00 1.507918903179198011e+01 6.462028199239991721e+00 1.659328094426534861e+01 1.918115459461244754e+01 1.781788873781947657e+01 1.810630715816227365e+01 2.391065129334785411e+01 2.308403373584012641e+01 2.172259600047703287e+01 2.427444659285450612e+01 3.208059833307283526e+01 3.977334025771499171e+01 4.410089750421356314e+01 4.832784576967561918e+01 4.677529175521438987e+01 5.007949067409304433e+01 3.976201575436952140e+01 3.976201583768911263e+01 3.239537288893628642e+01
1.309999999999999880e-02 1.001309999999996236e+01 1.466467994266099240e+01 1.722807420114937926e+01 2.035185647891286820e+01 2.390064063602761735e+01 2.805140586653226364e+01 2.683618678037487726e+01 2.295037010577937764e+01 2.066234460197839695e+01 1.490545440303813152e+01 2.025221387513066063e+01 2.939920357572519549e+01 2.782615580822729129e+01 1.803858570966369257e+01 1.125745667340474832e+01 1.984811712587036681e+01 1.576885925289676571e+01 1.980382709838699995e+01 1.659946975765171828e+01 7.561745600867360473e+00 9.160268397538740004e+00 1.082461456150362444e+01 1.251401432571989680e+01 1.421229258616001090e+01 1.591379585634951432e+01 1.781522527328593242e+01 2.013747616822936948e+01 2.581039367896909553e+01 3.560823299802372333e+01 3.411127856081242271e+01 4.410064439615034360e+01 4.794118903639135709e+01 4.259622406538982631e+01 3.819957737253845664e+01 3.446489378898834843e+01 2.806465758264292631e+01
1.349999999999999985e-02 2.307657338705615846e+00 4.664679942660771239e+00 7.337292608392769644e+00 1.035241420774939058e+01 1.388807914292902090e+01 1.966475754105475815e+01 2.968696488904669906e+01 3.026829511171146336e+01 2.135018876610813976e+01 2.025221387513066063e+01 2.411819106360073306e+01 3.330824786384346226e+01 2.709386114800208034e+01 1.736367528885258338e+01 1.608995496858954155e+01 2.503748707184625388e+01 2.809699762744362417e+01 1.940767335518705750e+01 1.343773058720775992e+01 8.494428296724761296e+00 1.846439763819764224e+01 2.068514940648579525e+01 2.224738797977385119e+01 2.391065128889765745e+01 2.566135007987096373e+01 2.347193286873704920e+01 2.995144780804447038e+01 2.416990672287714759e+01 2.724462875998387190e+01 3.283024437688948183e+01 4.278001861786083282e+01 4.357571271581369388e+01 3.282349490995784436e+01 2.763631160641938678e+01 2.413242401082039734e+01 2.104594406009494989e+01
1.349999999999999985e-02 1.001349999999996321e+01 1.173574775452622099e+01 1.734205352650171506e+01 2.036066563827179365e+01 2.390064077880931492e+01 2.805140586653226364e+01 3.383733734154513684e+01 3.411502143331635750e+01 2.964416257508014851e+01 2.939920357572519549e+01 3.330824786384014402e+01 3.729772988655822274e+01 3.124573121751627980e+01 2.419684097446346271e+01 2.290170986048643798e+01 2.993105487372956475e+01 3.282537907752887918e+01 2.711714610722727770e+01 1.948507559316482229e+01 9.483235163950308078e+00 1.948450795170801086e+01 2.358447258997825813e+01 2.102497674131181782e+01 2.513343499612172849e+01 2.992635624496580249e+01 3.333740362316178363e+01 3.751013200285472493e+01 3.394022220044291061e+01 3.703685156312108973e+01 4.121225062452582222e+01 4.698252657436911051e+01 4.794144163075403497e+01 4.259598021741309282e+01 3.641629183912201029e+01 2.597866544699993696e+01 2.811924410203830149e+01
1.359999999999999924e-02 7.084667811865485554e+00 1.708466781187529548e+01 2.587788336097576192e+01 2.485055831648411839e+01 2.898093059318085452e+01 3.408448453031260783e+01 2.987023747362631454e+01 3.408448453031260073e+01 3.591085198301783521e+01 3.273500588905068298e+01 3.531576709307571349e+01 3.246854132904078938e+01 3.668025445085714153e+01 3.408788654142747276e+01 3.276277024952139527e+01 3.666517582058946800e+01 3.248507851043451922e+01 2.770045671812802013e+01 2.115077811785729622e+01 1.136633517372119861e+01 9.483235163950308078e+00 1.948516643376947854e+01 1.122087854924073014e+01 1.613763373773470278e+01 2.297447738091845792e+01 3.274935336407836672e+01 3.563940447856813876e+01 3.766836757492311705e+01 3.992497874015869286e+01 3.788152466241335503e+01 4.199756995585076425e+01 4.700983324007644626e+01 4.397095226342963059e+01 3.328706299631429744e+01 3.328706299631429744e+01 3.862853760026190741e+01
1.369999999999999864e-02 1.001369999999996274e+01 1.512935380463095747e+01 1.778334011851996621e+01 1.485659653169390637e+01 2.485055831648395142e+01 2.906897295163178896e+01 1.989847553669330082e+01 2.906897295163182804e+01 3.209258905804249906e+01 2.311832084643048546e+01 2.639583760481170316e+01 2.205594203216246996e+01 2.812555001800508947e+01 3.840118465400880154e+01 3.956072767264198831e+01 2.955424867016206747e+01 2.259340299108852079e+01 2.357839218350276767e+01 1.391734444883374522e+01 2.103462224979420014e+01 1.272583453159979072e+01 1.122087854924073014e+01 1.122087854924073014e+01 2.103239210545829607e+01 2.744345010509562144e+01 3.295631226228012878e+01 2.614608633829000084e+01 2.815924205793400148e+01 3.035269560699958191e+01 2.843099049988551386e+01 3.301058058072501922e+01 4.275581912636540238e+01 4.832478963584318876e+01 4.397095226342963059e+01 4.397095226342962349e+01 4.636977492162850467e+01
1.290000000000000001e-02 1.007937190353222157e+00 1.098083896474174637e+01 7.782753997326134154e+00 1.778376016752310917e+01 2.414514527285357559e+01 2.001338745972269351e+01 1.514241841556801837e+01 2.488435650164141322e+01 2.710551944650797296e+01 2.221628942249716587e+01 1.683732193833614588e+01 2.703769043844021880e+01 3.668025445085714153e+01 4.258212748959015670e+01 3.866397025079335492e+01 3.367396063797466610e+01 2.622903359963863323e+01 1.648995517163110591e+01 2.357839218369562317e+01 2.700187809504583925e+01 1.270683415541268069e+01 2.102497597965287568e+01 1.383058054248031787e+01 1.324119754660192605e+01 2.312880400319953011e+01 2.628708692432787686e+01 1.940839530308692673e+01 2.148259209239553869e+01 2.377239335187050173e+01 3.315635862129281008e+01 4.205681494307264501e+01 4.702028099404057571e+01 5.205025595576334041e+01 4.792227262284064437e+01 5.205025595576334041e+01 5.247333574579798920e+01
1.379999999999999977e-02 1.001379999999996251e+01 2.436508848571736330e+00 1.243983807062468649e+01 1.503085907238120811e+01 1.613789636986999199e+01 1.033726223343899875e+01 1.735234903943877782e+01 1.863635181266901952e+01 1.711317298680482679e+01 1.328761141597530049e+01 2.331151719271745648e+01 3.125408875928954089e+01 3.889014756876158430e+01 4.205835662773603190e+01 3.447169762763594036e+01 2.455010749977105178e+01 1.966529576206780661e+01 2.622903359963863323e+01 3.037208595637094177e+01 3.331872063476100720e+01 2.380037277009673247e+01 1.710241853323215722e+01 2.247560407664893845e+01 2.218282098671527436e+01 1.521703477169181085e+01 1.674627625978784451e+01 2.627335670675277157e+01 3.090505877731051854e+01 3.315337303284533021e+01 2.965396126876266436e+01 3.627246817031231529e+01 4.621012736036939827e+01 4.702859747591401174e+01 3.784686090014580628e+01 4.702859747591401174e+01 4.297394892842662273e+01
1.359999999999999924e-02 1.001359999999996298e+01 1.243986096307866696e+01 3.944069236303882953e+00 5.022404456869598910e+00 6.126740920919711897e+00 7.309847961833077612e+00 7.309847961833077612e+00 8.628172155817674494e+00 1.003837231876026514e+01 1.193054322683983237e+01 2.192949169926528441e+01 2.475597191495550220e+01 3.206067740263682708e+01 3.206067732123588598e+01 3.866396136481292700e+01 3.264094564839646040e+01 2.274288020598616811e+01 2.951090252565460759e+01 3.951336688159975097e+01 3.309273983312222356e+01 2.254523891480573283e+01 2.174306140826270806e+01 2.575818856598180773e+01 2.803118296045322921e+01 1.868138806942542374e+01 2.628708692432793725e+01 2.154592515901384076e+01 2.701239196376646134e+01 3.654760869816983160e+01 3.918314115795921992e+01 4.337817604912143565e+01 4.344587835171110157e+01 3.928297284044968052e+01 3.269772044576900072e+01 4.288456676149325375e+01 4.172178992318402635e+01
1.359999999999999924e-02 7.084667811865462461e+00 1.708466781186539052e+01 1.395025138782000695e+01 1.209867208864277899e+01 1.190529734887119062e+01 1.735234256446191736e+01 1.734530945845628125e+01 1.217607345594104906e+01 2.003626218579461948e+01 2.192949142067936563e+01 1.476285555608633437e+01 1.830029306607549699e+01 2.207567145064708569e+01 2.783740924396119709e+01 3.782976899438174456e+01 3.682219003241790745e+01 2.842410582990652301e+01 2.971133772880902058e+01 3.971364482030016774e+01 3.601975656688225058e+01 2.767991654091302678e+01 2.708220003935887377e+01 3.342730594216950379e+01 3.295808688896075722e+01 2.368886117639506850e+01 3.298032973070313290e+01 2.701237959346104134e+01 3.515699010055526230e+01 4.074059567549500827e+01 3.874479012366867181e+01 4.322675837723230075e+01 3.919960786865983948e+01 2.895343352252713132e+01 2.895343352252713132e+01 3.551454073746378270e+01 3.270552948027813045e+01
1.319999999999999993e-02 1.001319999999996213e+01 1.650581100181293692e+01 2.064794548920375661e+01 2.210979747359111514e+01 2.192504495755449057e+01 2.607222337166862403e+01 2.033472433080313735e+01 1.924640137304036358e+01 2.216779320461554548e+01 2.889556924151250428e+01 1.923568986654467494e+01 1.976275449611652135e+01 2.552712108177031780e+01 3.551664177081399743e+01 4.197506634273631931e+01 4.261601109553622280e+01 3.840125596414353737e+01 3.971364482030016774e+01 4.393304233602697906e+01 4.083484972313114270e+01 3.673225062756179682e+01 3.596010563937146998e+01 3.996107503568494224e+01 3.806200262247246968e+01 3.378804083068354203e+01 3.806200262247246968e+01 3.655777941868308289e+01 4.077974507425729911e+01 3.699021284258368070e+01 2.811937955934532596e+01 3.699029711872420734e+01 4.344587835170902679e+01 3.928297284044968052e+01 3.551454073746378270e+01 2.502987465975097336e+01 2.587319569865330493e+01
1.019999999999999900e-02 3.172477660168381508e+00 6.505810993501720318e+00 1.150581099350173631e+01 1.857687880544473913e+01 2.857687883627217218e+01 3.433872687044427607e+01 3.028297126055415944e+01 2.926829011782276879e+01 3.214598594466295367e+01 3.336330108643979031e+01 2.500021566550405794e+01 2.552712108177034267e+01 3.389079321808748091e+01 3.966086701973449635e+01 4.161684624784330566e+01 3.736050607974659243e+01 4.161684624784330566e+01 4.205134425539153398e+01 4.129872920914273493e+01 3.997071427692490886e+01 4.423737823523683232e+01 4.002934224425186471e+01 3.583664309231215839e+01 4.002934224425172971e+01 3.771355980431785326e+01 3.340703336250376054e+01 3.771355980431785326e+01 4.056953262542256766e+01 3.254691288054263509e+01 2.217377929152456417e+01 3.254691589627874748e+01 3.835188037026506436e+01 4.080558493051307067e+01 3.304515760590727780e+01 2.252016833421690123e+01 2.911527181776898132e+01
7.249999999999999500e-03 1.000724999999996356e+01 1.650581100181293692e+01 2.064794663685232479e+01 2.564794516091187049e+01 2.519562994395460009e+01 2.938009330592268142e+01 2.727508854018797635e+01 3.146396206334772927e+01 3.650957813197312163e+01 3.913307227710125602e+01 3.498900411002900057e+01 3.551664183842667200e+01 3.966087470364790590e+01 4.240849561180649374e+01 3.651415159871977778e+01 2.718424629296502104e+01 3.651415159871977778e+01 3.185205338045601664e+01 3.110404301982187647e+01 2.978501408999598610e+01 3.833722527978102335e+01 3.495161419428371374e+01 2.566735849563761107e+01 3.495161419428291083e+01 3.255506489899815392e+01 2.312313289124652371e+01 3.255506489899815392e+01 3.021900962458207474e+01 2.883529870301504161e+01 1.853754285669358381e+01 2.367938534625389480e+01 3.400656401894792680e+01 3.662021489703213462e+01 2.620091619365385682e+01 2.092365618625746393e+01 2.927100246247350057e+01
