output/example_1/elevation_000440.asc
nrows	75
cellsize	13.33333333
xllcorner	0
ncols	75
yllcorner	0
NODATA_value	-9999
[rows 34 to 50 of 75, columns 0 to 36 of 75]
4.159999999999999636e-03 1.000415999999996330e+01 1.911843357908090013e+01 1.233938114630246474e+01 1.422425858985597102e+01 1.492695240031927639e+01 2.144445311154907685e+01 2.101743471418202702e+01 1.972059550031080732e+01 2.549119218372497286e+01 3.549184098341755345e+01 3.398216890228224685e+01 2.702814663754827507e+01 2.702814677088160877e+01 3.550501971186583461e+01 3.849199255075300385e+01 3.337247882576148328e+01 2.297458938132210093e+01 2.817367713843842836e+01 2.081295975129777887e+01 2.557285935491816531e+01 2.761314239672076454e+01 1.766173013979906514e+01 2.759323975320485189e+01 3.382799008272730390e+01 3.333181134674497770e+01 3.703675486497738945e+01 2.896451214851076372e+01 1.899360977368672820e+01 2.499963073136884262e+01 1.794491459931496991e+01 2.223368540312451813e+01 2.800871818069030894e+01 3.810933943399543722e+01 4.043689416057560493e+01 3.033437479595495034e+01 2.305309961323789381e+01
3.329999999999999627e-04 1.000033299999996217e+01 1.288363851294608153e+01 5.269124947354080213e+00 7.154844853057471532e+00 9.153892421035994431e+00 1.144793834027380619e+01 1.394793062251854643e+01 2.101745649813522832e+01 3.101137868718704738e+01 3.092414506142291941e+01 2.371840784657724654e+01 2.101903123971943899e+01 2.101903123971943899e+01 3.134049113910367623e+01 2.833933521202157380e+01 3.548374747366997184e+01 2.817367713843842836e+01 1.812262597641056061e+01 1.812262597641056061e+01 1.571944469551807622e+01 2.272448656231426156e+01 1.563569498579492034e+01 2.112651582316184928e+01 3.084459657291168355e+01 2.385427910591144496e+01 3.178891609011994746e+01 2.565886894833854726e+01 1.587543204562382826e+01 1.526374531406523261e+01 2.482018302184026837e+01 3.160809337250152495e+01 3.638124560427266374e+01 4.224105801088017387e+01 4.337485431794823398e+01 3.329333421078391808e+01 3.329333421078373334e+01
1.129999999999999928e-03 1.470157308526734541e+00 3.014155148558435915e+00 1.299245959180629661e+01 1.060949955933310385e+01 1.622398186587129487e+01 2.144445311182436953e+01 2.101748036943253339e+01 2.211080213220941104e+01 3.210639286440161300e+01 2.672459386815734206e+01 1.642224037903635647e+01 2.672459386765352818e+01 3.031427450803441914e+01 3.037542901413825547e+01 2.103796147301137509e+01 3.037542967169182262e+01 3.249778847205822530e+01 2.817367713843842836e+01 2.806239444063610122e+01 2.267685262242223843e+01 1.302233668600788974e+01 1.376725413248962937e+01 2.343128842916013710e+01 2.762264723458480731e+01 1.829327141720239425e+01 2.493902845964102255e+01 2.078157613147673999e+01 1.306098093057846654e+01 2.264138304363028098e+01 1.970187223297046941e+01 2.336656628261762947e+01 3.050612385271084293e+01 4.047566760862679303e+01 4.261514423085144188e+01 3.264435461593738808e+01 2.554770138002513846e+01
3.329999999999999627e-04 1.000033299999996217e+01 4.077860094897054033e+00 1.681159176031407654e+01 1.508091595260743389e+01 2.474556435852306180e+01 3.035812929824750483e+01 3.101452765174810722e+01 3.210732165156370854e+01 3.056014597405308209e+01 2.414900549570811350e+01 1.391189393503101002e+01 2.414900548714584971e+01 2.007725427023045128e+01 2.134206466946806913e+01 1.592307270087562365e+01 2.317646705671809215e+01 3.341427355915678277e+01 3.304801568678986712e+01 2.344156802528326722e+01 1.664992299602560877e+01 1.119252477205351326e+01 1.913513870745903844e+01 2.330580268448006009e+01 2.370637983632391510e+01 1.406181143770402819e+01 1.892999687649834684e+01 1.116052243080240558e+01 2.078157613147673999e+01 2.689722546758794763e+01 2.978456205241325350e+01 3.347342153601927350e+01 3.162625417844571629e+01 4.169472446516731878e+01 4.216810796478778656e+01 3.969258773625622894e+01 3.284294647551410407e+01
4.329999999999999539e-04 6.369583138238938069e+00 1.293470789795382103e+01 2.231469663278247495e+01 2.507506883684986221e+01 2.324162259106167028e+01 3.323296910117268510e+01 3.241165447619120243e+01 3.359700864617416016e+01 2.338409440182517329e+01 1.612142582289172665e+01 1.163525461422965002e+01 1.898113280897359445e+01 1.289446827450524680e+01 1.119039531484903449e+01 2.134188557509673245e+01 2.765107351447809592e+01 3.320217914603203724e+01 3.227867744344629841e+01 2.251390034629040215e+01 1.678655261268287902e+01 1.889769881617195324e+01 9.504016317415773685e+00 1.750346156922893215e+01 2.151545681289801948e+01 1.739398790149151708e+01 9.322509046724206883e+00 1.186829634933374678e+01 1.458653150934289577e+01 2.431369115162376460e+01 3.326075785110389660e+01 3.917009314342557502e+01 4.169472446516731878e+01 3.923091072900944454e+01 3.214549589397010010e+01 3.896899197594709818e+01 2.699306757420624336e+01
5.329999999999999452e-04 1.000053299999996348e+01 1.691934660485699382e+01 2.302284962802188062e+01 2.716498525175279966e+01 3.323296910125166903e+01 2.949388860156421543e+01 2.243018847717540964e+01 2.949388861518330884e+01 3.056014597405308209e+01 2.600497597861181731e+01 1.898113280942276404e+01 8.891634036191147672e+00 7.133785855180572177e+00 1.719727483792527778e+01 1.343900657462702419e+01 1.923680109819000705e+01 2.917526300620060198e+01 3.607325872269301925e+01 3.053767384573305677e+01 2.649512351918416897e+01 1.820176038270852104e+01 1.750346174421946444e+01 7.894309328271035930e+00 1.592027059894336283e+01 7.798196744028206950e+00 1.739398790070308465e+01 2.150570203208629749e+01 2.431369115162205574e+01 1.903260283343754367e+01 2.469523695821700926e+01 3.493577222267478533e+01 3.822664782052701327e+01 3.508105100431046708e+01 2.512719234773088317e+01 3.508105100431046708e+01 3.093433185614324898e+01
3.709999999999999756e-03 2.777210981126142286e+00 1.277721098112610498e+01 1.302284962802194990e+01 2.009391743988737389e+01 3.009391743988730283e+01 2.504344152032273740e+01 1.542033927836643059e+01 2.377972577290757172e+01 2.919551978978212503e+01 2.918992224145027592e+01 1.898102140868297028e+01 1.898087962560392583e+01 1.533077312701999162e+01 7.133785855180572177e+00 1.419935863043739310e+01 2.426172502948175946e+01 2.805873765664190245e+01 3.303627063054677393e+01 3.249329550053533211e+01 2.860804966697751794e+01 2.721047496374450958e+01 2.164518344117698234e+01 1.592026470102208613e+01 6.295680866717758839e+00 1.528167211013081150e+01 1.708750345274151172e+01 2.624349921686413367e+01 3.326075068921757349e+01 2.602030975802019697e+01 3.326075785110389660e+01 3.525727010514331283e+01 2.813734109699376162e+01 3.125421487630629258e+01 2.119694907802696093e+01 3.125421487630629258e+01 3.531045259338677766e+01
6.660000000000000121e-03 1.000665999999996281e+01 7.249346936125713015e+00 1.724934693612564374e+01 2.716498525175279966e+01 2.695680891851221972e+01 2.090981157921172695e+01 1.097445724491711161e+01 1.282535561151754777e+01 2.117797595263359156e+01 2.782378710245696141e+01 2.394565108588968627e+01 1.531015608058159749e+01 5.279985059442157791e+00 1.533077312603331244e+01 2.140430619096460774e+01 2.565316529380960731e+01 1.716058809312487554e+01 2.591212458708558586e+01 2.837459688718151440e+01 1.930379566720726459e+01 2.210078128845348289e+01 2.402758945235851229e+01 1.383488419723045126e+01 6.295680866717758839e+00 9.194021376962291825e+00 1.851701561718872568e+01 2.687419355436950497e+01 3.123956013125216558e+01 3.627348931445999369e+01 3.822664782052701327e+01 2.813734109699376162e+01 2.092032064402661007e+01 2.521956018665738597e+01 1.791297386653540968e+01 2.803626330930729083e+01 2.524413542121116549e+01
1.030000000000000013e-02 1.001029999999996356e+01 1.724934693612564374e+01 2.139148255985656277e+01 2.172651642556712304e+01 2.283402970632826978e+01 1.280025987310029478e+01 7.327100082146193571e+00 1.726544253630394010e+01 1.454722072090283902e+01 2.374173483276826246e+01 1.986227479417460273e+01 9.773863697590970290e+00 4.020437870214794707e+00 1.405584880052019692e+01 2.386381382418129249e+01 2.126768540495614701e+01 1.189288623538666911e+01 2.126768564785252025e+01 2.960149177071975402e+01 2.210078128845340117e+01 1.267692520612671103e+01 1.739523911258439171e+01 1.370418631639177676e+01 5.502639304402609177e+00 1.513009361334963820e+01 1.357118271676896448e+01 1.711006199931930283e+01 2.405607746470598229e+01 3.421641788231234216e+01 3.409972559180651075e+01 2.992361483213893436e+01 2.521956018665738597e+01 1.498864741211574447e+01 1.492878296899859691e+01 2.508545004513957366e+01 1.801827256957355061e+01
1.349999999999999985e-02 7.084567811865484899e+00 1.708456781186555062e+01 1.879762764361583294e+01 1.172826448702343072e+01 1.879762764361583294e+01 1.464330595217831643e+01 4.514670242824058377e+00 7.810000777015511098e+00 1.731592282028584862e+01 1.638144062302342618e+01 1.893447788941541177e+01 1.270194385230240464e+01 2.861301507605400918e+00 9.807340008890106375e+00 1.734402462088644370e+01 1.451467603171489174e+01 8.779217768516021536e+00 1.779022156028970869e+01 2.008535077803571411e+01 2.596260848982177549e+01 1.741319975462371517e+01 7.886401503354361964e+00 1.327077169877026108e+01 4.688644565337741987e+00 1.447459284419066350e+01 2.292773811640363490e+01 2.687419412153214537e+01 3.123956168556302160e+01 2.955507281618645621e+01 2.992361483218855156e+01 1.974982219032634134e+01 2.180925592969691706e+01 1.161749553605942253e+01 1.220309329306038038e+01 2.234870598407789544e+01 1.291794368080227251e+01
1.339999999999999872e-02 1.001339999999996344e+01 1.018508181408527591e+01 1.018508194741860784e+01 4.657216450250172279e+00 1.018508221408527525e+01 1.018508234741860896e+01 2.185086268439611956e+00 1.018508261408527460e+01 1.018508265562221737e+01 6.937561076401054905e+00 1.019276718959179995e+01 3.443658797933468740e+00 1.900179441623889964e+00 8.169984635692182806e+00 1.024395767884277753e+01 4.544141990856947366e+00 1.216982709321760936e+01 1.582340117601007101e+01 1.343714284361924882e+01 2.268637574140815616e+01 1.948806907544034317e+01 1.049635347655295448e+01 3.530732918167849732e+00 1.335356848505862537e+01 1.852980876950274691e+01 2.366116401337750119e+01 2.502684293676837513e+01 2.232342806457472761e+01 1.932778315967801674e+01 2.652973157116237957e+01 2.272965706471278580e+01 1.255467793102987351e+01 8.643417588523792716e+00 1.873647824627744285e+01 1.895136274180510583e+01 8.809725988809177011e+00
1.369999999999999864e-02 1.850975584123500939e-01 1.850975584123500939e-01 1.850975584123500939e-01 1.850975584123500939e-01 1.850975584123500939e-01 1.850975584123500939e-01 1.850975584123500939e-01 1.850975584123500939e-01 1.850975584123500939e-01 1.850975584123500939e-01 1.850975584123500939e-01 1.016846071905952442e+01 1.163620941725981295e+00 7.584283557956215560e+00 5.816548479458553134e-01 8.562535744863911447e+00 8.699737665557572441e+00 6.677378437076898265e+00 1.425101615770749497e+01 1.682958865317254649e+01 1.826219487983480150e+01 1.256335817651510389e+01 2.784237976707127693e+00 1.190760915680816190e+01 1.612533040079651414e+01 1.418315697109873064e+01 1.497965149362908654e+01 1.207365548395604193e+01 1.207365515853046034e+01 2.169681599776968639e+01 1.749792715436739243e+01 1.685512978471702539e+01 6.772210909139491086e+00 1.450375752916842842e+01 1.582195133599269710e+01 8.809725988809177011e+00
1.290000000000000001e-02 1.001289999999996283e+01 1.850975584123500939e-01 1.850975584123500939e-01 1.850975584123500939e-01 1.850975584123500939e-01 1.850975584123500939e-01 1.850975584123500939e-01 1.850975584123500939e-01 1.850975584123500939e-01 1.850975584123500939e-01 1.850975584123500939e-01 1.850975584123500939e-01 3.718516130853946056e-01 3.718516130853946056e-01 3.268626831581726400e+00 9.360798314590479396e-01 9.360798314590479396e-01 1.063339449553773974e+01 5.370457296848860196e+00 1.054004236373123859e+01 9.491030418838175109e+00 9.386794849633794513e+00 1.034804475677035107e+01 1.897376307110627325e+00 1.160968016984374529e+01 7.295526789210264873e+00 1.163450445369440267e+01 4.868743847927524904e+00 1.163453134540041667e+01 1.163453148091494072e+01 7.342190370025969415e+00 1.163453614799642999e+01 1.450375655490752358e+01 4.370919765256386924e+00 5.688046529714410937e+00 1.582195133599345738e+01
1.349999999999999985e-02 1.001349999999996321e+01 1.018508181408527591e+01 7.256148103235850577e+00 1.018508208075194155e+01 4.267563851105464323e+00 1.018508234741860896e+01 3.518415577427887797e+00 1.018508261408527460e+01 1.018495984843155178e+01 1.009161852692832539e+01 1.867781898389374806e+00 1.001473034971479059e+01 1.113823334451568670e+00 8.254809632707802436e+00 9.306155947406715256e+00 9.790271552211169848e+00 9.360798314590479396e-01 9.360798314590479396e-01 1.185799069490926838e+00 1.185799069490926838e+00 1.185799069490926838e+00 1.185799069490926838e+00 1.143152777983102553e+00 1.185604280340300409e+00 1.185604280340300409e+00 1.185604280340300409e+00 1.185604280340300409e+00 1.185604280340300409e+00 1.185604280340300409e+00 1.185604280340300409e+00 1.185604280340300409e+00 1.185604280340300409e+00 1.163453307561039374e+01 2.737107739564039299e+00 1.163453357734703886e+01 1.583734714995052784e+01
1.319999999999999993e-02 7.084267811865485598e+00 1.708426781186555132e+01 1.725615375733820400e+01 1.840970543052821640e+01 9.267560749896691874e+00 1.705749392417742882e+01 7.053944009697105777e+00 1.705748803188807017e+01 1.431604724369137926e+01 4.337103611557804328e+00 1.179147237400734127e+01 9.767952263837294424e+00 1.695344392848260995e+01 1.722078850460504285e+01 1.315761447912063709e+01 2.902065366213922193e+00 1.182394651163896349e+01 1.119039749843230425e+01 4.596296988482292178e+00 1.131925442595454179e+01 1.185799069490926838e+00 1.185799069490926838e+00 1.142187429801548681e+01 1.130606947753011404e+01 1.163436133930096794e+01 1.185604280340300409e+00 1.163450431963501508e+01 1.185604280340300409e+00 1.185604280340300409e+00 1.185604280340300409e+00 1.185604280340300409e+00 1.163452284532631431e+01 1.185604280340300409e+00 1.185604280340300409e+00 1.185604280340300409e+00 1.163453357734703886e+01
1.359999999999999924e-02 1.001359999999996298e+01 1.682774804285509518e+01 2.260125073475133206e+01 2.340971038391160164e+01 1.633863601217028361e+01 2.120848808586907452e+01 1.282760379852311772e+01 2.117346139468666877e+01 1.612203320198141654e+01 6.155972035753708660e+00 1.322361593782881606e+01 1.967896729248294108e+01 2.359052009821485640e+01 1.612393784440973832e+01 5.127811736148876420e+00 1.257884448892390949e+01 9.451584461159423967e+00 1.800655859872613718e+01 1.097705013642338301e+01 1.632112014955783863e+01 1.193797537473894188e+01 1.149365821468859750e+01 1.994824011475805126e+00 1.233435370940845033e+01 1.552663532767243559e+01 5.133963416571300620e+00 1.492107378225594516e+01 8.659312804175097966e+00 1.163595088396733956e+01 3.269378936143880310e+00 1.163453161429328375e+01 1.163452884316266456e+01 1.163453331068036256e+01 1.185604280340300409e+00 1.163453344401370515e+01 1.185604280340300409e+00
1.299999999999999940e-02 2.685612419124245420e+00 8.459115111020480526e+00 1.845911511102040947e+01 2.532143798085766306e+01 2.633864637875047521e+01 2.699044296279961941e+01 2.283563129103816536e+01 2.558099117404950817e+01 1.809611102294292451e+01 8.116071689798403099e+00 1.809539279986773863e+01 2.719882555788992562e+01 2.386091955797171948e+01 1.722141246649083257e+01 6.744708217143425166e+00 1.699409726020537903e+01 1.521053836711557850e+01 2.322941528578833470e+01 2.158649550774328318e+01 1.872638887545737418e+01 1.341795503159820058e+01 3.060342816821183476e+00 1.242882942444950345e+01 1.669941767110185182e+01 2.013999905423658632e+01 1.257040806264291710e+01 1.562486683528594966e+01 1.881725325700391593e+01 1.524140099611896559e+01 5.115802276983233199e+00 1.524140099611895849e+01 2.179084469938769075e+01 1.583734701683427915e+01 1.163453344401372824e+01 1.574535259005553378e+01 1.163453371068037256e+01
