output/example_1/elevation_000300.asc
nrows	75
cellsize	13.33333333
xllcorner	0
ncols	75
yllcorner	0
NODATA_value	-9999
[rows 51 to 67 of 75, columns 37 to 73 of 75]
1.883938544316921693e+01 1.093412285758361335e+01 1.276694764357662493e+01 2.884591844855208809e+00 1.137900613440944397e+01 1.177175955996946577e+01 1.657458502316939075e+01 1.118208974099012742e+01 1.438933882742444226e+01 2.184825231306769311e+01 2.347302301708205974e+01 1.959843287945646750e+01 1.582604503319543277e+01 6.024348287985598738e+00 4.454329750175625158e+00 1.301061650520232682e+01 6.155710485907608387e+00 5.603742812354123970e+00 1.581696628703243590e+01 2.076501161778807969e+01 2.288557926338717508e+01 2.672301386698585546e+01 2.695161606088507966e+01 3.530863373794470306e+01 4.103573756345708290e+01 3.800383604466544085e+01 3.960576894232652734e+01 4.342184528362329132e+01 3.755899146142821365e+01 2.905184056310379859e+01 3.386018647714023899e+01 2.406248559819968946e+01 2.535767272847729359e+01 3.330064772226601377e+01 2.638925575406593538e+01 3.011114062541281200e+01 3.738525435837880195e+01
1.247120620490556853e+01 1.092959637844155019e+01 6.217377229255961701e+00 1.254807672007224895e+01 2.884591844855208809e+00 1.077648270590761292e+01 1.246179919300417005e+01 6.889831497942359384e+00 8.344282026051883960e+00 1.660025424388748760e+01 1.752286424656570674e+01 9.576878489994163246e+00 1.363361545181549594e+01 4.393662386925056396e+00 4.393662386925056396e+00 1.523088235844886995e+01 1.808248121159262922e+01 1.591450141277615593e+01 6.265116040746619319e+00 1.644591614285336689e+01 1.243052645110170218e+01 1.759980384331791470e+01 2.736385559107638699e+01 3.065383259068920907e+01 3.470720419431243187e+01 2.806883285389053029e+01 2.998039830108033144e+01 3.978347251553667263e+01 3.329867903271293983e+01 2.329534318025670458e+01 2.768122601428457230e+01 1.946360063641312266e+01 2.091879617299212057e+01 2.304434355778816013e+01 3.337103336856437608e+01 4.034084554480622131e+01 3.738525435837880195e+01
2.717474300773129237e+00 2.717474300773129237e+00 2.717474300773129237e+00 2.717474300773129237e+00 9.918012294400782025e+00 2.884591844855208809e+00 2.884591844855208809e+00 3.170828013918210342e+00 5.902468649887016916e+00 3.480274171343086476e+00 1.378458701965499777e+01 4.102221879948455552e+00 4.102221879948455552e+00 1.351059872083681057e+01 1.550509525990446491e+01 1.235349551600650742e+01 2.363758982356697658e+01 2.085857184416992993e+01 1.356165080288432101e+01 6.848216968829563989e+00 1.692228528835298462e+01 2.204194930894718141e+01 2.261486343850378233e+01 2.042516410895808932e+01 2.798760428262994893e+01 2.265469519496319251e+01 3.282010028674136493e+01 3.244873817185167297e+01 2.967967335905381532e+01 2.386930414229124509e+01 1.751011371570618991e+01 2.768122601428854423e+01 2.815965746392063096e+01 2.438370440633400804e+01 3.470558511203262242e+01 4.277033820881452186e+01 4.747627387192990511e+01
1.251203092971534403e+01 2.717474300773129237e+00 1.252052532906389537e+01 1.403267965885485680e+01 1.333200272018712340e+01 3.378001109299743288e+00 1.295001989367205830e+01 1.023396782322308951e+01 3.480274171343086476e+00 3.959433998691249013e+00 4.102221879948455552e+00 1.390785744178357497e+01 5.007254571302944157e+00 1.518122135544478368e+01 2.105815910334660757e+01 2.364856276767920562e+01 2.776448890750160103e+01 2.810940977551956976e+01 2.157264207189956196e+01 1.426585724881153006e+01 7.478538396508522368e+00 1.802306857966031117e+01 1.179022789680231043e+01 1.478446928276804861e+01 1.781855326529943540e+01 2.798760428262995248e+01 3.244750443412647911e+01 2.225956743538412752e+01 2.412636301809336814e+01 1.566392293732204521e+01 2.586938843945112509e+01 3.190105510463617478e+01 3.842125179350297515e+01 3.470558511203262242e+01 2.831498560332013881e+01 3.562292397462217508e+01 4.574862975782859564e+01
1.669051674427871390e+01 7.704863588795713092e+00 1.674939705851884497e+01 1.400992365632918002e+01 4.055492971772978628e+00 1.326454698519886222e+01 1.749445172923470437e+01 1.553282636257755911e+01 1.398302795424363865e+01 5.575125789089355521e+00 6.107698571352755401e+00 1.677552763271679126e+01 1.523364111156886480e+01 6.611863877336839224e+00 1.705171550295307625e+01 2.246463065364039835e+01 2.676905838065160026e+01 3.198927171060352492e+01 2.883981930159356821e+01 2.225316186100529237e+01 1.802457852832398899e+01 8.170733623918998489e+00 1.824689287379682057e+01 1.950367452170249294e+01 1.950374483019373173e+01 2.373901930400793958e+01 2.682177478366860512e+01 2.260490817977130718e+01 1.383697492506073345e+01 2.413165392881888138e+01 3.006991324398398646e+01 3.044776242261455579e+01 4.061167681924973749e+01 4.277033771823536057e+01 3.562292397462097426e+01 3.386892944312300102e+01 3.896782455026642111e+01
2.197129471576853277e+01 1.765193600406921348e+01 2.091157965761549775e+01 5.502195389736039388e+00 4.488670504878721879e+00 1.102370105710065573e+01 2.020021039341788338e+01 2.554140685843172065e+01 1.750165696892362277e+01 7.372792197688585958e+00 1.631022668238882289e+01 2.257206988572751882e+01 2.137390547312707767e+01 1.705171249127685584e+01 8.433674707518523661e+00 1.194387742013012854e+01 1.722849163259042271e+01 2.770178990241514327e+01 2.847847910175187991e+01 1.821913859800467961e+01 1.212998854364864343e+01 1.874957396901603701e+01 8.927538791603728541e+00 8.927538791603728541e+00 8.927538791603728541e+00 1.950112269344231208e+01 2.110355367668806537e+01 1.220479316259857328e+01 2.258356131021006163e+01 1.754509314951234344e+01 2.026896184430825443e+01 3.044776274849985853e+01 3.943659654156098071e+01 4.397188455942442431e+01 4.574862973720620829e+01 4.400850638203594656e+01 4.817905429585048438e+01
3.166814263732581480e+01 2.701476182660259795e+01 1.659758140832921214e+01 1.159830226709183165e+01 4.488670504878721879e+00 1.412342029482096706e+01 1.871176881325872543e+01 2.828636885960301584e+01 2.130238357552733675e+01 1.010544443863568631e+01 2.130238368393121462e+01 2.711366499819042275e+01 1.663757904477704841e+01 1.052502310426727128e+01 1.895724153388327693e+01 2.246464745387627104e+01 2.677650226681405243e+01 3.200160363725109391e+01 3.269375841825939943e+01 2.255507472704761440e+01 1.569823315739373548e+01 2.382527881825478744e+01 1.954168089760548099e+01 8.927538791603728541e+00 9.481046944712547386e+00 2.004704274562750399e+01 1.059171747619523352e+01 2.110367403069633241e+01 2.679205111299674158e+01 2.772790370628423773e+01 3.044747043756842331e+01 2.504654533782937520e+01 2.963004843341992611e+01 3.686875449289580331e+01 4.695533776352051802e+01 4.320078308366592523e+01 4.320078310642413300e+01
3.263185167427008793e+01 2.740921440853106716e+01 1.756944057976984652e+01 7.126424128914505829e+00 4.875570063888545747e+00 8.682298344538383006e+00 1.604602384456432773e+01 2.650808814800394941e+01 2.608305297668489331e+01 1.542676229789224784e+01 2.608308356492323554e+01 3.140346328106105034e+01 2.279417592641641477e+01 1.227780652338030976e+01 1.552534479868657158e+01 1.924502946363718081e+01 2.319648184377987832e+01 3.365690643068941768e+01 3.699873341874408794e+01 2.959354598769323630e+01 1.937381088199193613e+01 2.959353967261985829e+01 2.088554428280284725e+01 2.059737034825296575e+01 2.004709450866534581e+01 9.481046944712547386e+00 9.481046944712547386e+00 2.004668007583070022e+01 2.495069688883401682e+01 2.500733312474207182e+01 3.527031008019955038e+01 3.526459930873210880e+01 3.943659654416063631e+01 4.397188455430259779e+01 4.018649081761994069e+01 3.302346931712288836e+01 3.302346931712432365e+01
2.843923456555013729e+01 1.810402575948243964e+01 1.250887870000533830e+01 1.541528774784404909e+01 5.327837118380808867e+00 1.520407971265292701e+01 1.890749455899054610e+01 2.875218373560216278e+01 3.187722856566981733e+01 2.721436998992665579e+01 3.187723502088440952e+01 3.018790797091079270e+01 1.973156243388210740e+01 2.279417146422130713e+01 1.502884241150522371e+01 2.549704884117181081e+01 3.365690455977017592e+01 3.060543020979039852e+01 4.102348005928013208e+01 3.380023916052202537e+01 2.527845925483299183e+01 3.380024593841383052e+01 3.316215693283525212e+01 2.821924562684015925e+01 2.166359494256018792e+01 1.119235462287369565e+01 2.004712079741358721e+01 1.051035955682394452e+01 1.462956125246300232e+01 2.199916132820988679e+01 3.236246235907450597e+01 4.213090099495249063e+01 4.245741358663137532e+01 3.828636622675791301e+01 3.600433550054449228e+01 2.572243184898362856e+01 3.302346931712094857e+01
3.249018798075927350e+01 2.747318734430605858e+01 2.168039108358025757e+01 1.579757081367995220e+01 5.817184709595037084e+00 1.527658345393448514e+01 2.110617522411148173e+01 3.011822607034603649e+01 3.026209881572239269e+01 3.422246177991285521e+01 3.985608389206236524e+01 3.446433570598985341e+01 3.018794391164888324e+01 2.747113091249105210e+01 1.702530420488175622e+01 2.747112980537359661e+01 3.505727561211991627e+01 4.102348993681631129e+01 4.521797317929983251e+01 3.968626585401827356e+01 3.548929194758111549e+01 3.749468770970206322e+01 3.069372063338656886e+01 2.400139463394089034e+01 1.368306149831411744e+01 2.166359494228754912e+01 2.122153955321376628e+01 1.126278327183459993e+01 2.172616343604188316e+01 2.919254533631518100e+01 2.800214349580110351e+01 3.809492180206758860e+01 3.657047523133847733e+01 2.803741830020556236e+01 3.236913351567253017e+01 2.572243184898362856e+01 3.169462474169157673e+01
2.727029654838149142e+01 2.439536537235665747e+01 1.779650002762154415e+01 6.859785547937873318e+00 1.428656593130645369e+01 6.661351371319745418e+00 1.753809473812740904e+01 2.031750247924465569e+01 2.032899704231592963e+01 3.026382438619050319e+01 2.987278973463273957e+01 3.676789961305237142e+01 3.486110926485158501e+01 2.441010187365805351e+01 2.747113091250575323e+01 2.032525529676524201e+01 3.077592370992423554e+01 3.460051153908568722e+01 3.886249215524996714e+01 4.485024393353385364e+01 3.749468770970206322e+01 2.727858499189709818e+01 2.647859646887044249e+01 1.626481526970257718e+01 2.400139463364181225e+01 2.808809222580775611e+01 1.942974041964841092e+01 1.202466101362596440e+01 2.242766369529992687e+01 1.968647749994032381e+01 2.986211717839569602e+01 3.384567768051444148e+01 2.963852395452497746e+01 2.215212784893948239e+01 2.215212784893948239e+01 3.236913351594529331e+01 4.018649006764852061e+01
1.963990729151317893e+01 1.375944643042920923e+01 1.773662093795653760e+01 7.593000481548560110e+00 1.724840794851382242e+01 7.241577308053244622e+00 1.740656329170224481e+01 1.339379617254202515e+01 2.250363909575591848e+01 2.604836492965673855e+01 2.223429772094578283e+01 3.276770327337911226e+01 3.911642910771529102e+01 3.486110926485527983e+01 3.505754542720320188e+01 3.077592370992423554e+01 2.412646133484598465e+01 2.412646133484598465e+01 3.018403349982369122e+01 4.063359379607127408e+01 3.753416457490462932e+01 2.915339844484072529e+01 1.896803669386601499e+01 2.647859646887184226e+01 3.069371927201577321e+01 3.363971605761468453e+01 2.663685860144401829e+01 2.243344618547846636e+01 1.310417466524119057e+01 2.342191866247490140e+01 2.592239778437913600e+01 2.740065088354190692e+01 1.950612383771110458e+01 2.264516615528219390e+01 3.236913351591235966e+01 3.049476674695539202e+01 3.774630085486653286e+01
9.517546026579417173e+00 9.517546026579417173e+00 8.698593238904772207e+00 1.773754120099611242e+01 2.158717148457213142e+01 1.728672364285108287e+01 8.105891126941509484e+00 1.325158160479200298e+01 1.234106616148944191e+01 1.518866444337593968e+01 2.303905556821598211e+01 3.348472270883985402e+01 3.045131302589566502e+01 3.472867018812664242e+01 4.070298141387619495e+01 3.886242041216643628e+01 3.018403336271778414e+01 3.018403349610607478e+01 3.886262198983391869e+01 4.055206191668077764e+01 3.033846604094939536e+01 2.309951579822550372e+01 2.216249416463624655e+01 2.915339790154807176e+01 3.935748748585694301e+01 3.455965344564716446e+01 2.214762958694664263e+01 1.310417466524119057e+01 2.343347374653209059e+01 1.420611096373766102e+01 1.573729044795665111e+01 1.726974048754328450e+01 2.441432051365525879e+01 3.287277869210215897e+01 2.774555185741271757e+01 3.237156880879420839e+01 3.960015064524304762e+01
1.963990729297765725e+01 1.408079283008208726e+01 1.884859166905652472e+01 2.306239788476987584e+01 2.792073090797602219e+01 1.817106124464906003e+01 1.830639990215297885e+01 9.041490471820411656e+00 1.921677473259364533e+01 2.604823974687080579e+01 2.860927822937495435e+01 2.452298317797733418e+01 2.018294349639174712e+01 2.606890133720772340e+01 3.643779730728070376e+01 4.484963963083464478e+01 4.063352095398536079e+01 4.063352344647404379e+01 4.484978069340863271e+01 3.879888373184544292e+01 2.856746244520536848e+01 3.332995901265215366e+01 3.238651925974549073e+01 2.726461225590022863e+01 3.750842531810128122e+01 3.457319049509153785e+01 2.214801722763713343e+01 2.578726246955210755e+01 2.531009819377936765e+01 1.509662233295312106e+01 2.530900009593366562e+01 2.737980337183693180e+01 3.158948791717374860e+01 3.879795882597097290e+01 3.800000609349676495e+01 4.217199834057052499e+01 4.255350724538021723e+01
2.553164452309587062e+01 2.112184053731506594e+01 2.397114591009940909e+01 3.233045503344898464e+01 2.520652979000475469e+01 1.922756702799645723e+01 9.041490471820411656e+00 9.882659274716244724e+00 2.002712674314372165e+01 2.115972189470847908e+01 2.115821367960122146e+01 1.444834740683409358e+01 2.115974669504531036e+01 2.539684940101681576e+01 3.260997112517053154e+01 3.883885738821135192e+01 3.457653069786393019e+01 3.849653376084637557e+01 4.274925902958418078e+01 4.298325981355169034e+01 3.450040030799268465e+01 4.298325981355169034e+01 4.169748567621663682e+01 3.241166140731987610e+01 4.169748567621663682e+01 3.901974611464817144e+01 3.457319049509153785e+01 3.239219583576345940e+01 2.649055154964325354e+01 1.633490769830563849e+01 1.509662233295312106e+01 2.548390711493028249e+01 2.979734035589296326e+01 3.252826645961275887e+01 3.563773758661655933e+01 3.926598972834663215e+01 4.361176687731312285e+01
2.850618863602935349e+01 3.155614828741696698e+01 3.403142477014092293e+01 2.703215943254363651e+01 1.798895282870931212e+01 1.088013184188403137e+01 1.922756702799649631e+01 2.002712689970734061e+01 1.109381609498848320e+01 1.109381609498848320e+01 1.109381609498848320e+01 1.109381609498848320e+01 1.109381609498848320e+01 1.817990644361004016e+01 2.719249501528006974e+01 2.994240237440869734e+01 2.421430475016089190e+01 2.812552830481164889e+01 3.546639082464174919e+01 4.581218381019564845e+01 4.467072128657458308e+01 4.883556718433096933e+01 4.677607160599758629e+01 4.260518922888270055e+01 4.677607160574765999e+01 4.188982587147636849e+01 3.771643859651580044e+01 2.818744984211049243e+01 1.807702078056824035e+01 2.649055235563470134e+01 2.548390711492742966e+01 1.692109353386903692e+01 1.938644730607594369e+01 2.195143514771515569e+01 2.486621364604668827e+01 2.838123333554973726e+01 3.385837025960321967e+01
3.240190816229503668e+01 3.361183857562613042e+01 2.902226096036822511e+01 2.278826595323419824e+01 1.275343843788761511e+01 2.097013070345462538e+01 2.520289927131329932e+01 2.539625353855607059e+01 1.817990801068643236e+01 1.109381609498848320e+01 2.115972207171875752e+01 1.109381609498848320e+01 1.215301966528732436e+01 2.216049491656205817e+01 1.702037234710185487e+01 1.965336009360967040e+01 2.994240237440869734e+01 3.849653376084637557e+01 4.274925902958418078e+01 4.677371456893506263e+01 4.677371456893506263e+01 5.096231953894376687e+01 5.387853549883947579e+01 4.976068931657802352e+01 4.490021982505464848e+01 3.474081898253376011e+01 2.745644326148915226e+01 2.941315420157468097e+01 1.930573291589743334e+01 2.941315343623852741e+01 2.875190285352287134e+01 1.839487913797811913e+01 2.875190277251458326e+01 3.252826646004948685e+01 3.563773758650290802e+01 3.926598972439867907e+01 4.361153221298832960e+01
