output/example_1/elevation_000004.asc
nrows	75
cellsize	13.33333333
xllcorner	0
ncols	75
yllcorner	0
NODATA_value	-9999
[rows 0 to 16 of 75, columns 0 to 36 of 75]
1.369999999999999864e-02 1.001369998401506400e+01 1.202799033841824539e+01 1.617011524473303297e+01 1.349446408653563623e+01 1.478545889642373901e+01 1.892772288429889471e+01 1.669238486805570076e+01 1.669238486805392441e+01 2.669243055106887752e+01 2.706658441719908836e+01 3.120906868061585371e+01 3.543592108863478529e+01 3.711234041445223397e+01 3.538647737091108780e+01 3.952929443588594438e+01 4.530329176164086391e+01 4.092571520728961332e+01 3.684495404569558019e+01 3.684495020165537227e+01 3.710402577967417415e+01 3.315306190082823434e+01 3.638143309227994848e+01 3.680421185986075017e+01 3.252886743590340757e+01 3.434010737052053486e+01 3.020865698680298905e+01 3.433314256611918580e+01 3.757935290829017561e+01 3.544548429800820344e+01 3.935862701847992895e+01 3.524175684962454369e+01 3.874688941388411934e+01 3.692143811134640430e+01 4.395440563189662697e+01 5.390619483880484353e+01 4.810979668813002519e+01
1.279999999999999888e-02 1.017837815259210688e+00 2.027990359811419729e+00 1.202799033853624522e+01 3.494461510024950091e+00 4.785456092094090508e+00 1.478545889660344059e+01 6.692381270585277875e+00 1.669238486805505417e+01 1.969179145845575007e+01 1.706657089923487547e+01 2.129307391973399177e+01 2.736861649608194114e+01 2.711228503097714082e+01 2.538644191109021264e+01 3.115994464772235162e+01 4.116002844404520999e+01 3.684495433050113888e+01 2.777133350735287465e+01 2.777133350496612252e+01 3.196409454079077150e+01 2.451078037210497484e+01 2.793867720578523617e+01 3.057100445609872352e+01 2.162061246773155787e+01 2.695942732087656424e+01 2.023453414824078678e+01 2.964641018787444082e+01 2.776964953985217832e+01 2.545218112952754197e+01 3.102428779173370899e+01 2.535091134846118877e+01 2.883287373287850386e+01 3.583343424962448154e+01 4.578059334200153785e+01 4.954437734081113831e+01 4.340293231030317855e+01
1.299999999999999940e-02 1.001299998401669811e+01 1.202799033841510479e+01 3.494461510024950091e+00 1.349446148408320312e+01 1.478545889642352407e+01 6.692381270585277875e+00 6.692381270585277875e+00 8.166800965467587048e+00 9.691786668793637816e+00 1.129306820684451473e+01 2.129307391973425112e+01 1.736860465278109444e+01 2.004121707190535417e+01 3.004123357480927226e+01 3.952929393017468840e+01 4.151837462453722338e+01 3.738765495620157253e+01 3.042893504968527907e+01 2.167891620216995108e+01 2.605392156625566358e+01 1.959127311936093463e+01 2.816301222426594464e+01 2.554615701018019891e+01 1.700430203454812172e+01 1.417714439062565823e+01 1.769828801438272592e+01 2.556305489702527467e+01 2.062844121964368327e+01 1.821650777248386888e+01 2.104918277554748585e+01 3.102428779698589167e+01 3.874688941386409624e+01 3.922386970651506743e+01 4.301686626224571341e+01 4.516576022906789944e+01 3.612537078669554091e+01
1.369999999999999864e-02 1.001369997901409192e+01 1.763658491307190346e+01 1.349446148408270396e+01 6.216116779784033319e+00 1.621611674323391128e+01 1.669238473472172402e+01 1.669238486804923127e+01 1.523786879500478619e+01 1.676285450313281444e+01 2.129307391912779224e+01 1.383307074684833360e+01 2.383307840903046326e+01 3.004123355719023181e+01 3.004123351283302057e+01 4.004142119947317724e+01 3.738765479710399831e+01 2.748496802209361789e+01 3.038539655866345868e+01 2.605392486603822277e+01 1.716100757527329179e+01 1.629846388596596896e+01 2.415701566277694923e+01 2.060925237175950997e+01 1.134671262925294322e+01 1.181335445845257226e+01 1.228738037919688608e+01 2.211498655943825398e+01 1.500592156046263703e+01 2.391298769323877593e+01 2.747229705909295916e+01 3.341428061696578311e+01 3.272341786195504199e+01 3.003088635650294336e+01 3.922387919475040974e+01 4.123516716667331394e+01 3.197066153789120335e+01
1.290000000000000001e-02 7.083967811864637198e+00 1.708396776939692785e+01 2.035823714497875514e+01 1.621611674323455787e+01 9.164955902881965599e+00 1.916495585020219750e+01 2.655149460427852759e+01 2.523788260228089442e+01 2.676287053844134078e+01 2.383307835196272606e+01 2.383307840948843648e+01 1.830520670184964516e+01 2.537627463756939861e+01 3.537632197781697840e+01 4.142117307717892771e+01 3.573366338672060039e+01 3.038538186929577378e+01 2.048820369435186706e+01 2.509511501785688026e+01 2.226191724416457518e+01 1.303793886155260218e+01 1.999734923796751573e+01 1.069072972264686605e+01 2.051431789682388285e+01 2.038883396141573812e+01 2.212838310342620218e+01 1.296407925378231063e+01 1.344733672343342690e+01 1.394802983764309090e+01 2.087258025146125817e+01 2.760943730627606385e+01 2.325052759231648380e+01 3.232070175604499696e+01 3.780510850767861797e+01 3.396393682776168532e+01 3.303191952818171728e+01
1.299999999999999940e-02 1.001299998401652935e+01 1.862725843715212548e+01 2.440075206310762468e+01 2.330707209875551911e+01 1.916495585020235382e+01 1.240938432549720538e+01 2.240938424672335927e+01 2.996867534713380721e+01 3.411083149778175994e+01 3.383317168167258160e+01 2.830522059266275292e+01 2.537627463747545065e+01 2.647017356566940904e+01 3.647024357490100499e+01 3.730809317093618915e+01 2.748968064139653933e+01 2.181270763934073287e+01 2.509500854901105171e+01 1.516820927630520366e+01 2.348198829935320830e+01 1.936760028638488151e+01 1.004323019033141051e+01 1.999567390512152087e+01 1.620813107922727170e+01 2.596915758862782297e+01 2.698764733651988124e+01 2.019494722216712645e+01 2.339009176166823423e+01 1.839745018391491982e+01 1.466274962212454014e+01 1.797536528371783149e+01 2.577540044036017974e+01 2.933217092253156366e+01 3.170074592936956748e+01 2.374251987537597230e+01 2.824226669049395255e+01
1.299999999999999940e-02 4.485135954999571517e+00 1.025863864689580751e+01 2.025863857853409300e+01 2.772227180431273297e+01 2.655149460392870964e+01 2.240938424672348717e+01 1.618902905558945093e+01 1.996867378568174800e+01 2.574217647797501130e+01 3.574218118273338263e+01 3.830538044765177119e+01 3.537632169966109785e+01 3.647024357492875168e+01 3.610300393925382423e+01 3.176186473493106277e+01 3.237323840548776843e+01 2.254619536663633639e+01 1.554012356735533373e+01 1.201299600981305993e+01 1.874036159749164199e+01 9.413328946586544177e+00 1.758083132159599771e+01 1.776607433380610601e+01 2.496901972677852655e+01 2.338819387111885817e+01 3.322206241994739173e+01 3.083154836467921456e+01 2.617324201430636066e+01 2.790863244887801642e+01 2.157359060173052612e+01 1.538032531779638745e+01 1.590651171360731553e+01 2.521248819163468369e+01 2.701086442936906096e+01 1.796399832394699203e+01 1.852484288127946144e+01
1.290000000000000001e-02 1.001289998401685644e+01 1.650911091875370929e+01 1.358017880528450938e+01 2.065124661522783711e+01 3.065124553488433534e+01 3.033112995914595800e+01 2.326009686739193327e+01 2.435399486290901550e+01 3.411083144975478376e+01 3.988434904339005271e+01 3.799392768287834343e+01 3.225229780800149371e+01 2.808992316226417785e+01 3.143783061841090642e+01 2.038549227385646390e+01 2.323145617069590330e+01 2.675860321340812931e+01 2.222863156290887687e+01 1.821510880643129937e+01 8.784886480445587509e+00 1.872773301097638665e+01 1.723122292491894214e+01 2.527833432582061235e+01 2.953460646537551781e+01 3.322716169584418111e+01 3.728650759973907469e+01 3.863429774346408152e+01 3.500963036792857253e+01 3.330826738108822127e+01 2.599161713324709666e+01 1.538032531779638745e+01 2.374570260569976909e+01 1.665151803303896116e+01 1.717947645212737484e+01 2.704124537246228854e+01 2.418532519718331031e+01
1.349999999999999985e-02 3.175777660168375593e+00 6.509110993501702858e+00 1.358017880542471190e+01 2.358017899880226054e+01 2.914407761857695078e+01 3.331186239426340734e+01 3.326009643243412484e+01 3.435399417891186857e+01 3.849604834342597570e+01 4.010811753530114032e+01 3.377247442806104516e+01 2.393000847721624780e+01 1.838780445919521611e+01 2.304575997238619678e+01 2.323145406142348435e+01 1.235592733545953337e+01 1.744281131941971807e+01 1.602678313082252259e+01 8.199595211233592806e+00 1.718482636790649565e+01 8.784886480445587509e+00 1.947962473677030815e+01 2.296762561673319425e+01 2.296762561791476642e+01 3.322357988784784766e+01 3.407224532858342769e+01 3.816890171123448994e+01 3.874941138159956466e+01 2.807717265034051124e+01 2.186497226113268866e+01 1.744744603336332744e+01 2.737870766229761799e+01 2.647877041926011188e+01 1.905422493733150091e+01 2.876226166415985119e+01 3.360440547730091509e+01
1.379999999999999977e-02 1.001379998401570681e+01 1.650911091874918668e+01 1.887082137595000120e+01 2.212374975221607087e+01 1.921583592963207110e+01 2.914407764073559903e+01 3.561348598265318799e+01 3.617661898821260280e+01 3.345103799720040172e+01 3.027864368552080876e+01 3.721883202122171497e+01 3.225227571066542964e+01 2.304575997241322582e+01 1.323664538773674870e+01 1.874403580389018131e+01 1.685562119937370440e+01 7.210406366763397301e+00 7.615059979318148820e+00 9.845276883447642291e+00 1.920659044633634949e+01 1.584191515263351491e+01 1.075457902692655310e+01 1.220906145985523850e+01 2.296762561791562263e+01 2.692069272670234170e+01 2.396625247287030547e+01 3.407233789545154679e+01 4.284446949628190282e+01 3.661817891089455657e+01 3.180820738920470703e+01 2.770877630282443249e+01 2.071167095976896988e+01 3.095363997437996062e+01 2.876213958222933798e+01 2.182379136934924446e+01 3.154134026580315719e+01
1.290000000000000001e-02 1.001289998396711134e+01 1.467343866369675354e+01 8.921973204866395335e+00 1.223790446352278138e+01 1.921973880104294352e+01 2.922715300580455988e+01 2.558178091553851630e+01 2.614548867855521763e+01 2.322016162819344842e+01 2.319883027064790326e+01 2.817532639441261821e+01 2.373626098028146103e+01 2.316765187793034642e+01 1.865450895946160870e+01 8.837852580635608746e+00 6.642578834499878404e+00 1.472722143119433014e+01 1.162452541310438292e+01 1.945292352709145689e+01 1.329148522371749408e+01 2.224746832445285349e+01 2.144593757823395919e+01 2.296762561673319425e+01 1.454662665778708686e+01 1.635552996773646584e+01 2.692069272910932654e+01 3.362015855066404413e+01 3.965244771765380705e+01 4.232714585526640860e+01 3.259918211216010775e+01 2.517459732871926548e+01 3.102596599221111617e+01 2.722494402380848300e+01 3.540060695320744344e+01 3.154134027162934473e+01 2.478247476557471174e+01
1.359999999999999924e-02 2.307757350882957414e+00 4.664780225605465347e+00 1.057375968915118136e+01 2.116905288735548396e+01 2.625953464222202172e+01 2.851994852495757726e+01 1.833991513160049891e+01 2.132843588353760822e+01 1.590574359342969046e+01 2.444798949392982834e+01 2.013260620964708281e+01 1.309048888192405791e+01 1.238120027474514018e+01 1.504477069269525735e+01 6.076509591000002430e+00 1.541160809997384895e+01 1.984930473972346476e+01 1.675134724781666051e+01 2.504925979540260528e+01 2.291198079772329876e+01 1.705477095591541925e+01 2.647109172976509228e+01 2.943006869867911846e+01 2.226395339709949894e+01 2.692069272670158497e+01 1.922134089936091428e+01 2.526616259289188804e+01 3.538087554747623642e+01 4.156358626465300432e+01 3.891520762508231712e+01 2.951484402801871099e+01 3.891520761162345821e+01 3.291439420810853278e+01 4.070770587762534376e+01 3.739812524734386301e+01 2.744607852596614705e+01
1.349999999999999985e-02 1.001349998401603969e+01 1.467343855646856277e+01 1.882999259913581369e+01 2.575277147361967423e+01 2.900568584457066024e+01 2.193357804157353641e+01 1.770844477502892644e+01 1.107408318130300628e+01 2.132843588355110853e+01 1.846546083472543742e+01 1.005864416437683495e+01 4.604827816360211656e+00 5.024137517443390877e+00 5.459284737257991793e+00 1.519410054775358709e+01 9.336664540950877722e+00 1.925648731005269809e+01 2.652578020302877704e+01 3.048029304415070229e+01 3.036881567082801681e+01 2.647109172976429292e+01 2.135574756990364875e+01 3.060949229716302966e+01 3.245866241879540581e+01 3.192488143785135790e+01 2.187573168328016138e+01 2.395678154849397146e+01 2.752469077578732737e+01 3.745654761755513107e+01 4.290171526723872830e+01 3.648111421161276269e+01 3.912946955003955196e+01 3.927316027704709711e+01 4.475417186564018124e+01 3.477357545669012495e+01 3.449054435325968626e+01
1.319999999999999993e-02 4.517429914471615682e+00 9.695964474220456708e+00 1.781314159150266718e+01 2.891802633231851516e+01 2.387057178301991556e+01 1.383386305006330552e+01 7.560567992469984233e+00 1.480701348798503325e+01 1.435742682727243391e+01 1.359134842572751012e+01 3.927706154104439573e+00 4.971309918733366473e+00 1.443430658943823097e+01 1.279540379984094223e+01 1.821957952650700463e+01 1.178436280908986156e+01 2.151716494279383340e+01 2.243065394379705779e+01 2.783512951576330963e+01 3.700047190922623486e+01 3.453876274628850496e+01 2.669193440793123528e+01 2.788332098093846767e+01 3.719105202707100943e+01 3.449375339900160498e+01 2.454455521330574541e+01 3.395104753750431570e+01 3.745654682209187314e+01 3.454677335625385126e+01 4.448136440854131024e+01 4.552316500312819159e+01 4.817350058927770107e+01 4.795207883648380687e+01 4.938285121001681688e+01 4.520818325432480123e+01 4.445351518893595966e+01
1.299999999999999940e-02 7.084067835190757556e+00 1.708408327228706014e+01 2.466351944299741206e+01 2.467609643493029381e+01 2.346892366536707897e+01 1.827719415849460560e+01 1.475160964564342159e+01 4.452754236975113855e+00 2.789763895221552215e+00 3.217344853744361188e+00 1.348097803096669978e+01 7.639192661544147001e+00 8.726046666276339181e+00 1.854760858488210928e+01 2.420673882839795255e+01 2.151728798133560971e+01 1.566720833361770282e+01 2.243212543171366491e+01 3.175691946811204147e+01 4.077727702865492887e+01 3.995229122934801325e+01 3.596097794055025787e+01 3.719105202706862201e+01 4.119421926238524634e+01 3.862810048512717742e+01 2.898876524162649915e+01 2.985523842179541987e+01 3.689105510674369270e+01 4.448136436806686334e+01 4.858041488209642011e+01 4.732165402627425976e+01 4.693193829020811592e+01 4.275609704071455042e+01 4.407288819813652481e+01 4.824375905108409768e+01 4.680993246809588015e+01
1.349999999999999985e-02 7.084568990271366218e+00 1.708480143516835525e+01 1.833587754199820452e+01 1.456900724334208341e+01 1.230620965726780724e+01 1.628934542616811143e+01 1.317240391557266754e+01 2.232380554622997781e+00 1.026376223026460899e+01 9.427688327531425827e+00 1.320006733756560102e+01 1.875147078322822836e+01 1.873646623426815339e+01 1.374569401635770305e+01 2.373426532716413817e+01 2.899388736546572432e+01 2.243098348134114417e+01 2.297084485915403818e+01 3.036517395581506307e+01 3.757850198710411860e+01 3.435282083269238740e+01 3.140501465407874093e+01 3.721816321556762119e+01 4.727681934487270610e+01 4.308611026314103754e+01 3.472133125687392408e+01 3.559353534765133986e+01 4.395869494552441381e+01 5.102633280187059484e+01 4.644446333754117262e+01 3.723494349644909818e+01 3.723494349645055479e+01 3.269569118094634774e+01 3.399637829849474713e+01 4.407288834908426622e+01 4.263583750404894346e+01
1.369999999999999864e-02 1.000471063143282002e+01 1.606561367460473022e+01 7.969060021279688932e+00 1.109055418531266923e+01 4.561991545016625516e+00 1.769399701540094405e+00 2.232380554622997781e+00 2.232380554622997781e+00 1.226721962749242500e+01 1.485778658688980158e+01 2.065432796074093602e+01 2.614399890081717359e+01 2.772555119243262922e+01 2.373080918687381313e+01 2.086437025019530367e+01 3.066318072691611718e+01 3.172355260689217360e+01 3.162529991767209481e+01 3.429860395655403948e+01 3.052238996065404564e+01 2.440139368709921541e+01 3.140501466359688720e+01 4.146946239141860957e+01 5.143566232108090475e+01 4.885709109264954719e+01 4.472028093865925769e+01 4.559418062002630023e+01 4.972975563651957742e+01 4.495512541477164348e+01 3.993859622043897417e+01 3.231256847852080938e+01 2.739019346059397364e+01 2.711507989144151054e+01 3.694771913285067910e+01 3.965284192647494876e+01 4.260160064113361500e+01
