output/example_1/elevation_000335.asc
nrows	75
cellsize	13.33333333
xllcorner	0
ncols	75
yllcorner	0
NODATA_value	-9999
[rows 0 to 16 of 75, columns 0 to 36 of 75]
1.369999999999999864e-02 4.096182904638636657e+00 9.096182904638652644e+00 1.616725071650417433e+01 2.616725071650424184e+01 3.043193217249617888e+01 3.348860689883205310e+01 3.448983219786839527e+01 3.035314164601555476e+01 3.448836745243816182e+01 3.841041716496417990e+01 3.427808207513723460e+01 3.427859134063543678e+01 3.494114107909930311e+01 3.907485199331189563e+01 3.712052549596248241e+01 4.125590910163251834e+01 4.702061832213802717e+01 4.776878690134346783e+01 4.367663087628147167e+01 4.367663087628147167e+01 4.367663087628147167e+01 4.776878690134346783e+01 4.330985040434719480e+01 3.913864613881541743e+01 4.330985040434719480e+01 4.243533563852836465e+01 4.660800084660591835e+01 5.063773727705161321e+01 4.645194585674668986e+01 4.776077676445741815e+01 4.669352493163222562e+01 4.669352493163416540e+01 5.087908807889593277e+01 4.983765410193806389e+01 4.569016820311115623e+01 4.569016820311115623e+01
1.279999999999999888e-02 1.001279999999996306e+01 1.823831852836968181e+01 2.323831852836950418e+01 2.749546948577492245e+01 2.023975986918152614e+01 2.322497802180067339e+01 2.949316528200666454e+01 2.035969729494661351e+01 2.948776547988867947e+01 3.427804388402243774e+01 2.428946224411660637e+01 2.428946488573593498e+01 2.495341696222701700e+01 3.135472716689562844e+01 2.713387771967354922e+01 3.290002221638213342e+01 4.288584019262477653e+01 4.367663087628147167e+01 3.367687182828046843e+01 3.367687182828046843e+01 3.367687182828046843e+01 4.367663087628147167e+01 3.828195315182626501e+01 2.908880943488014026e+01 3.533916040947357828e+01 3.239982838862307091e+01 4.243533563852836465e+01 4.485794119449433737e+01 3.648018604917961483e+01 3.776790255525877171e+01 3.671878651812699701e+01 3.671878651812699701e+01 4.669352493163416540e+01 4.569016820311115623e+01 3.580392321340354300e+01 3.580392321340354300e+01
1.299999999999999940e-02 1.001299999999996260e+01 1.506131920423268866e+01 2.117554395319673688e+01 1.754780047804725740e+01 1.317806016556741611e+01 2.279313565588714496e+01 2.035727999282628531e+01 1.535818406175399531e+01 2.535636501395705622e+01 2.889123142011870371e+01 2.475436294347308674e+01 1.721948793708424574e+01 1.918250922217873367e+01 2.136492085616400161e+01 3.135473171402007964e+01 3.995643063965177788e+01 4.494875243223836492e+01 4.367661124502739511e+01 3.367687135622315964e+01 2.657000945305498618e+01 3.266959780211377051e+01 3.631575311605137557e+01 3.411320150841563503e+01 2.410911307827374017e+01 2.532451215269317046e+01 3.239982838862307091e+01 4.243533563852836465e+01 4.069474764755661766e+01 3.081573830618144427e+01 3.081573830618144427e+01 2.977783306469525115e+01 3.671878651812699701e+01 4.669352493163416540e+01 4.586938126312563924e+01 3.869953733041737820e+01 2.880686688914872917e+01
1.369999999999999864e-02 9.190574604251844359e-01 1.091909729255263883e+01 1.298272519480685538e+01 7.413863814017951803e+00 1.507395394493550711e+01 1.313097905943232746e+01 1.035577635208474412e+01 2.035727396660611888e+01 2.094609978187001431e+01 2.248970339631714310e+01 1.475389719358073393e+01 2.475436294347308674e+01 2.917471416090606340e+01 2.842974262679731368e+01 2.583407276774554617e+01 3.082833405862499987e+01 4.081374081013721877e+01 4.434518540152356536e+01 3.974239329036537072e+01 2.973438412543037401e+01 2.273048926295098227e+01 2.633713229427466729e+01 3.033069009607596556e+01 2.047056626075732311e+01 3.033183628099502727e+01 3.410955842480231581e+01 4.412791092453430508e+01 4.269119301600801464e+01 3.499109894498744922e+01 2.515218557512925202e+01 3.499108918492091647e+01 3.853894149599810959e+01 4.853389700520865091e+01 4.174838230769317704e+01 3.187706508104856340e+01 2.616531457545021055e+01
1.290000000000000001e-02 1.001289999999996283e+01 2.215464907529512750e+00 3.139965234571560959e+00 4.080686102955158212e+00 5.075722703723290152e+00 6.091062309102756700e+00 1.609111260112618780e+01 1.881282871587150041e+01 1.094170984001602953e+01 1.248587439529316079e+01 2.248964974472601952e+01 2.475427829050935458e+01 3.474318087115561582e+01 3.841611205842075805e+01 3.160064661398787322e+01 3.995643063965177788e+01 4.494875243223836492e+01 4.016225608583405915e+01 2.975064679667277545e+01 3.166121269927823789e+01 2.926053457244505296e+01 1.947995363177442485e+01 2.759482942042464870e+01 2.047056626075732311e+01 2.410911292435366704e+01 3.117197876045764104e+01 4.120150309101461517e+01 3.853897132527313119e+01 2.867511658283127574e+01 2.299273822739176154e+01 2.867511658119130757e+01 3.549544733582192180e+01 3.963450003120699705e+01 4.141782620394297254e+01 3.377390572627042076e+01 2.390887043450343796e+01
1.299999999999999940e-02 1.001299999999996260e+01 1.221557178146702149e+01 1.021106149189261814e+01 1.166315200802321250e+01 1.116792859616263556e+01 1.607412954435188368e+01 7.662320614683006070e+00 8.809276795691713957e+00 1.073401973320201641e+01 2.073851503962784548e+01 2.639863291945097501e+01 2.955859378475106070e+01 3.333403160231344486e+01 3.747079695495710183e+01 4.158617866595373158e+01 4.572057160321276825e+01 4.418607643811419194e+01 3.390764982635189284e+01 2.640432936887876636e+01 2.134509119193483073e+01 2.677332778760369791e+01 1.738843023736677296e+01 1.782004185012935338e+01 2.759518170716415852e+01 3.410954209021637240e+01 3.825423450633755351e+01 4.369831319030887329e+01 3.376567361879652651e+01 2.681512165823446026e+01 2.111716320567864358e+01 2.851605276896116692e+01 2.562509954527331857e+01 3.549545459628673427e+01 3.731516878197233922e+01 2.745288855902878566e+01 2.176399297089163554e+01
1.299999999999999940e-02 7.084067811865485176e+00 1.708406781186555179e+01 2.021151879932737572e+01 2.174294944805179952e+01 2.012371047953640968e+01 2.164876461919022788e+01 1.343933664958096053e+01 1.458658765883638608e+01 2.073850150638182654e+01 1.362379317567053860e+01 1.640121439908251233e+01 1.956607674441393385e+01 2.334520148283758445e+01 3.040900638465654282e+01 4.039584397684993178e+01 3.982293353156226345e+01 4.403399441062682484e+01 4.112293129877180320e+01 3.591911968136609090e+01 2.704763686669484102e+01 1.727461956106269980e+01 1.527074099299675858e+01 2.507141914615286993e+01 3.172657402511413949e+01 3.684047100143831699e+01 4.094765676545719657e+01 4.068357517575540072e+01 3.076326486694533102e+01 3.046288231192966833e+01 2.635094266825615961e+01 1.862946759590292345e+01 2.562509950707510242e+01 3.549543752567723232e+01 3.682281472772854158e+01 2.696286273810439837e+01 1.999079170280262474e+01
1.290000000000000001e-02 1.001289936392777769e+01 1.947842559468974954e+01 2.362760938061605387e+01 2.541419469797034836e+01 2.807681411985975828e+01 2.766300621929770642e+01 2.349006292641960414e+01 2.165946268601222613e+01 2.678677352157524183e+01 1.679030884443693949e+01 2.639845309948485763e+01 2.955843772386613821e+01 3.333403424482683164e+01 3.747080962068103105e+01 3.795181511609266067e+01 2.978981265260174993e+01 3.821883155881939587e+01 4.142484549099173563e+01 3.149862125028471382e+01 2.466641870785875312e+01 2.179146383999566439e+01 1.390773956203256034e+01 2.375986680361435432e+01 2.939168152149065349e+01 2.659031494779521054e+01 3.684047100143831699e+01 3.775508305164667888e+01 2.786715894923356629e+01 2.089703770102617852e+01 1.644499059172489908e+01 2.632291945348251261e+01 2.807424961209242298e+01 3.744674019952165622e+01 3.520079049950689409e+01 2.534181598372844135e+01 1.835644677742024911e+01
1.349999999999999985e-02 1.001349999999996321e+01 9.470375845160894812e+00 1.583281079911013123e+01 1.540442528374603448e+01 1.828514853464553624e+01 2.547100653665178527e+01 2.973217487499221079e+01 3.164483887849775812e+01 2.678617295995599434e+01 2.386126497780508515e+01 2.386126864243509260e+01 3.385077126655974666e+01 3.635347561601492572e+01 3.216682506541295794e+01 2.793048058728465577e+01 2.404561343440311916e+01 3.373709198686080413e+01 3.953021994979832954e+01 3.282167740167904668e+01 2.291494674540049914e+01 1.706695897923422933e+01 1.275923001340176555e+01 1.499669772972059079e+01 1.874932983242362283e+01 2.959251614768694694e+01 3.744621033659026210e+01 3.449551532545805799e+01 3.344081128693508731e+01 2.495915427465151026e+01 1.502578733178205184e+01 2.125701314241181805e+01 3.010260756904130375e+01 3.821066347557233911e+01 3.367440843005496731e+01 2.379937890650513665e+01 1.679299481712442343e+01
1.379999999999999977e-02 1.839541858350609127e+00 3.696495240441979746e+00 5.828502437834314875e+00 8.328506397392169802e+00 1.166216174587315280e+01 1.521682282297562061e+01 2.249015585981364040e+01 3.279092361429435698e+01 3.676680070874763828e+01 3.385004581346377961e+01 3.385076721102520736e+01 3.798671018738651384e+01 3.216695238280710356e+01 2.215668745920120841e+01 2.085905096949127469e+01 1.955501059431204780e+01 2.534037515507770166e+01 3.533607493706236369e+01 3.692187769316995372e+01 3.120357206299261676e+01 2.159048749101507525e+01 1.170193343019666798e+01 2.011638860355533609e+01 2.422672317956178034e+01 2.982251959376463191e+01 2.696697084633519026e+01 2.384854561824738539e+01 2.931337361748079218e+01 1.943442974393751044e+01 1.363231026723821415e+01 1.808504444029004787e+01 2.354599841239832969e+01 3.372934375748332769e+01 3.620040074747694092e+01 3.077680067556977050e+01 2.460206570501523871e+01
1.290000000000000001e-02 1.001289999999996283e+01 9.467673923581330087e+00 1.582815102953840203e+01 1.388113611502151556e+01 1.812394740029930063e+01 2.538376622247938030e+01 2.550542572405501573e+01 3.574790050757028581e+01 3.346134271007174021e+01 2.928749650011289418e+01 3.171269278417397075e+01 3.587583707684667189e+01 3.094481395314287298e+01 2.086130681461655101e+01 1.493670864118744745e+01 2.202565664164727721e+01 2.619466735974520333e+01 3.200952815363505977e+01 3.090242341833276640e+01 2.654929500825734223e+01 2.570417448795305404e+01 2.011638098130033114e+01 1.028812453308898789e+01 1.578228477969813959e+01 2.274913676187682654e+01 2.284291207314161198e+01 1.586974950787375427e+01 2.372566209879782662e+01 2.072671914540125115e+01 1.230378295888969653e+01 2.194515628976240151e+01 3.088303802373676632e+01 3.296870755025167199e+01 2.576520946099582332e+01 2.657806942053969124e+01 2.250011974170310225e+01
1.359999999999999924e-02 1.001359999999996298e+01 1.936885515435784910e+01 2.339668731657491563e+01 2.349165873131248006e+01 2.710733686395505515e+01 3.133052458026506315e+01 3.229870665668307339e+01 2.809196967301910774e+01 2.761507832655599515e+01 1.914097614246226442e+01 2.156777271281497477e+01 3.098289374250035522e+01 3.516023319411720394e+01 2.925242532612077540e+01 2.202565664164727721e+01 1.167547067306196951e+01 1.776608597153427382e+01 2.784433838521309568e+01 2.553765605130762140e+01 1.523134112471223744e+01 1.930832328167372580e+01 1.734629992380239827e+01 1.748073935949696178e+01 8.793556883270298385e+00 1.765046167819754430e+01 1.381075392079035247e+01 1.171537721733277948e+01 1.753401177726287585e+01 1.040555977153703182e+01 1.982446267432179354e+01 2.426035073254050900e+01 2.741256318561891092e+01 2.791523583378867102e+01 1.833042150239248258e+01 2.183579748427000311e+01 1.249979584068541172e+01
1.349999999999999985e-02 1.001349999999934326e+01 1.170229164137411892e+01 1.873093662213931410e+01 2.849792389769570633e+01 2.962241004891939156e+01 2.905929280912710766e+01 2.642712057632883571e+01 1.793811945847770772e+01 2.342940023930891158e+01 1.335394498447833023e+01 1.710461525704895536e+01 2.422604564561599361e+01 3.426846978101242769e+01 2.727116962523200527e+01 1.713357285234224392e+01 9.621948335543926589e+00 1.749929874958016640e+01 2.169365337409695016e+01 2.039326979236118120e+01 1.316678406734925133e+01 6.538323009178571787e+00 6.901832298743352467e+00 7.275983427975437401e+00 7.662070417541793965e+00 7.662070417541793965e+00 8.084005777782312663e+00 8.510546341130572401e+00 8.510546341130572401e+00 1.779974990059363904e+01 1.696140421912258134e+01 1.563337955531741663e+01 1.954445106061837478e+01 2.093260807977283733e+01 2.113864879572784616e+01 1.174661317510731173e+01 2.156348143334048473e+01
1.319999999999999993e-02 3.548733264206065385e+00 1.062368207497907768e+01 2.070063989036874474e+01 2.655048394986302185e+01 1.925690233479347313e+01 1.867979548456611383e+01 2.222582871994003284e+01 1.214821347917918715e+01 1.640588840098444834e+01 1.002578592598098872e+01 2.007091515536212967e+01 2.652350870792010795e+01 2.465162602127583114e+01 2.720634596949897244e+01 2.203627393960074698e+01 1.607354202041249991e+01 6.890185972208601406e+00 1.545332674489275782e+01 1.538901820235030549e+01 6.036685189567153387e+00 1.118522189568962766e+01 1.644545254691715641e+01 1.215596557975206515e+01 1.667676944354891333e+01 1.784298363129633103e+01 1.806999467554503269e+01 1.073669316314949107e+01 1.864936159592234688e+01 9.156441210248379647e+00 9.610270990748364994e+00 1.006153522580848581e+01 1.051959018597585604e+01 1.098227288800136314e+01 1.126568486137576919e+01 2.087588846672424836e+01 2.551566897262517131e+01
1.299999999999999940e-02 1.001299999999936574e+01 1.354268855296878016e+01 2.351753414413154175e+01 2.229288732669149553e+01 1.164718780068408854e+01 1.105057952666399501e+01 1.835486317752398833e+01 1.405969451152265570e+01 6.355095501029474292e+00 1.577820973376454994e+01 1.731742713026275027e+01 1.706024923354770095e+01 1.489168949922818896e+01 1.767636391286882258e+01 1.770973677606437846e+01 4.389797520138872144e+00 1.430756447061187586e+01 5.208307637585112282e+00 5.548731486146831315e+00 1.505502325394105512e+01 9.870483674854940048e+00 1.276087097934874137e+01 2.053931418572411971e+01 2.441937367692294814e+01 2.349066136481333444e+01 1.377540420911262942e+01 1.718866115768216574e+01 2.351289679523733511e+01 1.998022934758759561e+01 1.988928694646153872e+01 1.266272819157897089e+01 2.050391882848169089e+01 1.320704575207136067e+01 1.192868905530553114e+01 2.053890060688859975e+01 2.616643823634781185e+01
1.349999999999999985e-02 7.084565739963170294e+00 1.708426107354503998e+01 2.256427978532679290e+01 1.821431489203418863e+01 1.510994736476843237e+01 4.843295921552008387e+00 1.191874439923362239e+01 4.605855749635035856e+00 1.119623057246693776e+01 3.542726175529160138e+00 8.166115667245236409e+00 1.509893704516690782e+01 7.809651976966510034e+00 3.631436489605187390e+00 1.400393235382723489e+01 4.389797520138872144e+00 4.728090425814299280e+00 1.492184951044241004e+01 1.411053245268232637e+01 1.130665253025949823e+01 2.010448455223555086e+01 2.162239220370011594e+01 1.773383140533748303e+01 2.682908024185327989e+01 2.592676156255375020e+01 1.601409482119836980e+01 2.571931959965003855e+01 3.007781744596226048e+01 2.615780161093592682e+01 1.645247923554096658e+01 2.249462154074560871e+01 2.051421184764271288e+01 2.054802096158471869e+01 2.130722657100027106e+01 1.305671107685482824e+01 2.246265604463637544e+01
1.369999999999999864e-02 1.001369790995936349e+01 1.738929086830406234e+01 1.691926756725943903e+01 7.113454317614908540e+00 9.657134995027165658e+00 1.630056312445183453e+00 1.911237443743589948e+00 2.192854333823836654e+00 2.475135524961240563e+00 2.760905482947231704e+00 3.047233481414343359e+00 3.047233481414343359e+00 3.338774265848363232e+00 3.631436489605187390e+00 3.922547941558835571e+00 1.275406338569936260e+01 1.236446975282381011e+01 1.218947853419441962e+01 1.943476464116611879e+01 1.996886405883474325e+01 1.807528233562046083e+01 2.740507487541948350e+01 2.413064042509227036e+01 2.683033482926804680e+01 2.861053470048409864e+01 1.857875176868659395e+01 2.566650192728418745e+01 3.571323927082167415e+01 2.895839158335523678e+01 1.925686361778096511e+01 2.895839114543024806e+01 2.744663928967371191e+01 3.101896951432553351e+01 2.561612700564526790e+01 2.102226079415206073e+01 1.405767333135683117e+01
