output/example_1/elevation_000429.asc
nrows	75
cellsize	13.33333333
xllcorner	0
ncols	75
yllcorner	0
NODATA_value	-9999
[rows 51 to 67 of 75, columns 37 to 73 of 75]
3.610011430141918609e+00 6.188477381679946987e+00 6.115907011719427189e+00 1.613275746841688019e+01 1.600312881797242071e+01 1.401276936840457132e+01 5.136848622246501961e+00 1.071539923664509431e+01 1.365940458818027814e+01 1.801384650710984658e+01 1.569653423837865880e+01 7.020361255026349667e+00 1.610831359954187647e+01 1.683292068362783311e+01 1.628881464731874118e+01 1.406238113804291601e+01 1.708042585629850763e+01 1.044174304303553491e+01 9.967921193953500847e+00 1.426013509210570440e+01 1.588606542920120823e+01 1.534535670280342501e+01 8.767542654561710336e+00 1.824631329700536497e+01 2.282720871872725965e+01 2.384385618666807005e+01 2.044254838576225097e+01 2.700014116432955902e+01 3.594426671398053230e+01 3.696798161266894311e+01 3.811263579074230279e+01 4.239167375372201718e+01 4.245251702567833973e+01 3.371685799388578175e+01 4.091874822353243957e+01 4.091874829733703933e+01 3.997330721247088547e+01
9.726366161033013213e+00 4.021222301532181298e+00 4.266821477756442604e+00 1.271913108349504995e+01 9.712612281207290366e+00 5.136848622246501961e+00 7.427900179171081696e+00 1.497203266750262962e+01 1.937814498567475496e+01 2.125745058687429179e+01 1.268279463378039118e+01 7.728953928160981590e+00 1.704409802901464133e+01 1.839846209869844529e+01 2.237471521735368185e+01 2.272823778350185009e+01 1.714340030008397875e+01 2.137866222917381265e+01 2.036041142115855607e+01 1.382566315625255449e+01 2.213091157883929228e+01 1.993003497542922631e+01 1.610839421484439171e+01 9.534342690128937647e+00 1.891568836639429918e+01 1.440596048577840449e+01 2.120907526763030759e+01 3.087869670931984700e+01 3.380197347857085077e+01 2.633590259658178212e+01 2.750159833454550196e+01 3.636070646776364867e+01 3.770502707252466479e+01 2.742917088961866057e+01 3.024869097213470326e+01 3.870635482045858566e+01 3.379323453088093743e+01
1.489075020199876853e+01 1.630223857030622270e+01 1.222717953735348217e+01 4.601263695038671386e+00 4.601263695038671386e+00 1.363449128878287908e+01 1.646823528047166718e+01 1.113215303616597218e+01 2.009270307625708796e+01 2.559955537440592366e+01 2.063188189529910943e+01 1.704538405038817572e+01 9.024255338040504171e+00 9.024255338040504171e+00 1.562064956409245298e+01 2.510469756587955459e+01 2.797597087361548773e+01 2.796685640877329604e+01 2.648717062004964617e+01 1.691206573613399655e+01 2.635956977875931884e+01 2.317487811813366250e+01 1.567131862438488454e+01 1.808149143104733625e+01 1.019408442344133192e+01 1.954336621460580403e+01 2.016958372996117177e+01 2.981238036471505382e+01 2.943343571156252381e+01 1.894688132861260854e+01 2.724245021650284215e+01 2.573679217972075861e+01 3.057275840912939913e+01 2.270723892930764976e+01 2.512517224951129435e+01 2.790594936462973052e+01 3.870635503711722691e+01
2.399570125875132121e+01 1.873926504947593585e+01 1.425713971555845205e+01 5.321521204221177470e+00 1.384897383107459135e+01 8.722289470830563829e+00 1.795888986212790783e+01 2.013246876853483514e+01 1.561045391621363265e+01 2.465368992627434608e+01 2.510608775274959470e+01 1.562067273518966815e+01 1.839596707017240362e+01 9.024255338040504171e+00 1.439785209872479754e+01 2.106234327124545302e+01 3.065625298263647736e+01 3.832119738951588062e+01 3.137316761738742343e+01 2.361573887423595508e+01 3.114236453088986067e+01 2.948913091186698665e+01 2.413083798603555152e+01 1.326489131140440136e+01 1.764092887198311743e+01 1.077317156124154529e+01 2.020737507419745072e+01 2.293189832848961984e+01 2.370632275038111914e+01 1.535486246716345349e+01 1.686918430244029921e+01 1.843912850558714922e+01 2.008830648388294193e+01 3.057278084970751664e+01 3.281045033369984765e+01 3.870635503711691427e+01 3.563137803208071830e+01
1.895596934696548885e+01 1.489802170624219890e+01 5.957698528590606557e+00 1.428042866807787803e+01 1.825532961216672234e+01 1.185170188360870824e+01 2.136148457253194266e+01 2.846880580896941026e+01 2.005173044725853160e+01 2.854668433825936447e+01 2.913729929809753472e+01 2.510561393162825539e+01 1.944007122271129617e+01 1.006586525750111960e+01 1.944045860367963385e+01 2.507085057735584854e+01 3.003374462164387992e+01 3.289643605329655429e+01 3.726735268303497151e+01 3.477049613980094023e+01 3.562149676113098451e+01 2.573974179540982377e+01 2.005097823497994725e+01 1.621919998248506900e+01 2.150350070109005429e+01 2.018424738673718721e+01 1.131434191299034175e+01 1.232010432373322573e+01 1.345236413145695842e+01 2.370480982100394129e+01 2.724049610288200185e+01 2.573671656175123701e+01 3.057278084969999199e+01 2.744787439986439637e+01 3.811697238207299421e+01 4.764589598684231930e+01 4.613000622666179851e+01
7.181867501437684709e+00 6.507456794671771405e+00 1.488408343860846550e+01 1.489683102552797322e+01 2.438562703256594233e+01 1.853020163981953772e+01 1.853219891836068456e+01 2.835364183486071710e+01 2.646701902775800619e+01 3.316634827085149340e+01 2.758246759933263448e+01 1.808730933395497331e+01 1.420875874297753327e+01 1.944045860367964806e+01 1.162519542410512052e+01 2.106775100624457053e+01 2.110835527170486969e+01 2.266616747309804225e+01 3.170048282668204465e+01 3.744472764757325223e+01 3.977806190524130159e+01 3.054139292057820398e+01 2.093582668599044183e+01 2.569815568885509549e+01 2.464848368862227090e+01 1.666569664811936136e+01 1.173498579655025154e+01 2.140226824286537166e+01 1.985606331958677373e+01 1.884788177891377714e+01 2.399789911208569748e+01 3.355384734925049628e+01 4.064363482190054100e+01 3.811697238207298710e+01 4.240298317160826258e+01 4.866589085103107948e+01 4.866609807090182471e+01
1.513608577328510307e+01 6.894892999060712846e+00 8.262331045544115682e+00 1.738526469712249778e+01 2.386253470824974698e+01 2.832955113987378937e+01 2.836362518777551855e+01 3.258544616818001316e+01 3.594429352563169999e+01 3.438751434848236954e+01 2.476372975755065653e+01 2.370608785739279867e+01 2.363314385951737506e+01 1.971277828215656314e+01 1.274516929655128905e+01 2.226922878360387514e+01 1.464813935382396259e+01 1.855819215842048564e+01 2.337425760028343902e+01 3.320006485066786439e+01 3.752942446511214314e+01 2.764685548054123743e+01 3.054120060918925361e+01 3.432254265916853342e+01 2.988154201900754359e+01 2.473820702740074040e+01 2.125106296150118013e+01 1.237812370160875730e+01 2.216674787243660560e+01 2.785907679715831975e+01 3.209418310514114836e+01 3.769309765627750863e+01 3.822462088606322794e+01 4.231744203352250366e+01 4.399129002579515202e+01 3.875272357730025163e+01 3.875272467849126201e+01
1.003799753250331328e+01 7.260455780990473507e+00 1.615113826968996236e+01 1.041308069349170751e+01 1.986040081676231495e+01 2.671377616407379918e+01 2.978026885834333726e+01 2.978026885834356463e+01 3.943773600977174709e+01 3.849625027255775223e+01 3.438751434848236954e+01 3.332329863786124946e+01 2.623785403156758633e+01 1.680228726411939988e+01 2.226922878360387514e+01 1.464813935382396259e+01 2.419883645632274494e+01 1.937339271550897379e+01 2.551066785351490296e+01 3.595996444238043921e+01 4.167437569143885412e+01 3.752942446511214314e+01 3.523100382197755209e+01 3.115242522404446390e+01 2.671895630786875131e+01 2.271844393279398133e+01 1.308110060622346005e+01 2.214537558174984255e+01 2.216568157546238993e+01 3.199466749499402596e+01 3.495847806820613357e+01 3.640861439388651632e+01 2.789748311496904165e+01 3.447853162194427767e+01 3.389560202422416779e+01 3.146705378656067964e+01 3.875272467849126201e+01
1.571566266921648847e+01 7.635912376904719245e+00 1.694618431819700177e+01 1.986007308862832232e+01 1.304706572230416661e+01 2.270782307891662199e+01 2.014170987972596194e+01 2.978026885834357529e+01 3.895112671699077822e+01 4.453447346114425187e+01 3.630995288667472920e+01 2.659212194326207523e+01 2.123507598079455150e+01 2.419883658960230477e+01 1.464813935382396259e+01 2.419883645632274494e+01 2.060180260473136826e+01 2.840195025976582599e+01 2.860507977062412976e+01 3.910083930529633278e+01 4.275333114963954273e+01 3.859132275325006844e+01 3.115265328982086857e+01 2.167541718025631070e+01 2.272359822206606239e+01 1.308110060622346005e+01 1.308110060622346005e+01 2.289982670098702044e+01 2.782917877539059148e+01 3.179356985546473524e+01 2.459165192549636814e+01 2.943437077526037982e+01 2.184579193387866525e+01 2.405579353913091012e+01 2.646875491002678871e+01 3.121472353761236462e+01 3.720521905394806339e+01
1.741333687262748597e+01 8.054306275240485036e+00 1.501392118972047030e+01 2.310835865309477200e+01 2.270782307891677121e+01 1.617464583252923305e+01 2.584540004162236926e+01 2.529419073322277356e+01 3.085119302116961748e+01 4.050468751444577009e+01 4.042558112700665873e+01 3.477809506403595918e+01 2.585718663310871790e+01 2.819925277807948305e+01 2.141226820586443935e+01 1.781588666838847601e+01 2.726433390424718795e+01 2.705848127858459407e+01 3.657795970461269519e+01 3.910705164886181251e+01 3.497052855295773810e+01 2.878779152280111475e+01 3.028962659951117686e+01 2.445058883788292547e+01 1.485039802692193334e+01 2.272409973852813891e+01 2.289942345737980389e+01 1.393727054951403943e+01 2.378038893187575553e+01 2.520554040755358471e+01 1.723526989107746843e+01 1.903721907011681580e+01 2.943437077525526391e+01 3.447853162193823806e+01 3.646390007727953986e+01 4.095109433637551177e+01 4.545465382022365475e+01
1.794195001493136843e+01 8.519388592331306853e+00 1.156771816693010813e+01 2.372076877969882958e+01 2.985104973538967954e+01 2.177157266672315572e+01 2.985104973550855334e+01 3.493151310970387158e+01 3.895112642375639922e+01 3.810876851076220362e+01 3.919090621974559951e+01 3.965710179937085655e+01 3.262769971880937447e+01 3.498623778423905151e+01 2.954167889095917587e+01 2.015200192367556653e+01 2.954167889095917587e+01 3.657741613044902351e+01 4.065385318005434812e+01 3.497051262540190919e+01 2.540325954952853493e+01 2.347945630454786681e+01 2.627712256909777011e+01 1.680883982416428069e+01 2.445148051567561964e+01 2.845300502027136602e+01 2.748375200706589183e+01 2.378038894352066990e+01 1.484012207237818259e+01 1.484012207237818259e+01 2.521663128775260176e+01 2.943437072772116636e+01 2.943437077416289327e+01 3.969721276634731311e+01 4.229397424865128841e+01 3.812556720021019174e+01 4.271115178543868751e+01
1.114738580251917277e+01 9.016894083020412509e+00 1.840772406908249437e+01 1.870813781180975965e+01 2.819345594491359108e+01 3.141035106216343564e+01 3.542503028089746664e+01 3.679506833133402921e+01 3.527228291989172249e+01 2.829732570523169954e+01 2.936733222218550310e+01 3.919090621974559951e+01 4.257615400821479312e+01 3.746056475453167423e+01 2.776194990598591517e+01 2.322770309863960492e+01 2.954211969250392045e+01 3.928667228622420993e+01 3.768195927251031208e+01 3.353736783970133928e+01 2.820540678119660782e+01 1.887899558612130591e+01 1.887899558612130591e+01 2.627721133607855464e+01 2.452748117651222515e+01 3.406155051566478420e+01 3.120896648497348380e+01 2.177534255580507860e+01 1.484012207237818259e+01 1.484012207237818259e+01 2.473544890203740110e+01 3.016569942153692452e+01 2.749182330600644519e+01 2.979783027383801652e+01 3.232270579105321673e+01 2.739207751315148798e+01 3.336152387587213752e+01
1.763557380954488352e+01 9.834100165709712016e+00 9.923322826804346519e+00 1.876466138420116181e+01 2.297841901748535065e+01 2.947283071735024151e+01 3.376816161576214625e+01 2.703052216740888625e+01 2.703052216792089268e+01 2.147379480016905617e+01 2.628137787878273812e+01 3.189780305546474182e+01 4.190218036780068189e+01 4.156724212299638310e+01 3.612402042059070340e+01 2.643507513451603685e+01 3.612402042059070340e+01 4.056244921711456186e+01 3.063028911718112823e+01 2.404586525037596445e+01 2.124108103326192420e+01 2.820540678119660782e+01 2.540325778416550051e+01 3.225615732606492259e+01 3.406155051566478420e+01 3.140706771652699913e+01 2.730361533784485317e+01 2.574790770847936372e+01 1.595705805242777764e+01 2.473483933186466999e+01 1.619774891277456774e+01 2.603276856946591877e+01 1.759237968875413927e+01 1.999155202497493278e+01 2.238484032733094153e+01 2.624810034367143174e+01 3.224794197482952285e+01
1.684789997720527310e+01 1.060540974996454011e+01 1.869814589555358708e+01 1.078682515681985521e+01 1.223430872070333564e+01 2.370326567244130089e+01 2.406349317194154125e+01 2.406349317221425466e+01 1.742473735049124528e+01 2.167367080662128132e+01 2.723441455074564743e+01 3.705809423969213867e+01 4.610862483027361947e+01 4.692343186071936856e+01 4.024552035568041219e+01 3.191008635632952917e+01 4.024552035568210329e+01 4.056244921710744222e+01 3.063028911718112823e+01 3.353935145861904488e+01 3.053700702554134594e+01 2.404625529876248891e+01 3.356152657544244988e+01 3.910724466370707120e+01 3.420506107832514431e+01 2.444837503751726260e+01 1.760841752531616677e+01 1.760841752531616677e+01 2.574919203970713255e+01 2.574794746908445475e+01 2.603279067849109296e+01 1.759237968875413927e+01 2.734188523425648754e+01 2.292318392729271181e+01 3.199538641153859331e+01 3.669939708211668972e+01 4.152302335174036330e+01
1.962259973886426323e+01 1.131190128098861081e+01 1.938527496502164738e+01 1.961946473201613017e+01 1.160048367937571534e+01 2.052247095450539049e+01 2.145402302126972671e+01 1.464145099739947753e+01 2.406349317253316400e+01 3.109595266149699810e+01 3.548347218024351690e+01 4.121591264096550589e+01 4.360256301116811528e+01 3.686361737337074373e+01 4.387563316121725165e+01 4.188036140224406267e+01 4.599611917217973911e+01 4.474167069535187835e+01 4.056244921710744222e+01 3.732519648137698454e+01 2.743872080295296101e+01 3.356152657544244988e+01 3.173023244228606643e+01 4.170985103694103202e+01 3.710132169078205067e+01 2.730042957910364265e+01 2.730280866881516033e+01 1.884743681819364625e+01 2.845999449566689421e+01 3.552713933997105755e+01 3.148384004572319128e+01 2.734188523923857161e+01 1.916181034420117868e+01 2.881336043441257644e+01 3.448352955303582945e+01 4.187928737685184899e+01 4.187928884317618383e+01
1.218629475571254694e+01 1.691404005081747641e+01 2.346194154597773007e+01 2.444111018369113708e+01 2.050728917095193893e+01 1.237816821249108301e+01 1.256687733934688644e+01 1.669156342282919070e+01 2.211560347930362980e+01 2.892450784222543447e+01 3.858879987095008346e+01 3.894009281442040304e+01 3.494199509585227048e+01 2.947291566853935407e+01 3.553196441582244347e+01 4.278879354892887221e+01 5.257145283008560455e+01 4.861335802714083343e+01 3.792400897037577323e+01 3.197854565059282095e+01 3.732519648137698454e+01 3.732519648137694190e+01 4.170985103694101781e+01 3.617046712342558124e+01 3.201084313365336698e+01 3.017725521915926024e+01 2.062642394044728178e+01 2.846047599267089723e+01 2.559560891181747522e+01 3.537701952476712108e+01 3.696025644390002896e+01 2.698231668957695462e+01 2.881233943334978065e+01 2.072842703270594100e+01 3.033150666617105529e+01 3.160035124410858387e+01 3.160035124593848366e+01
1.681093100081052683e+01 2.342316637460816864e+01 3.022130717892460794e+01 2.803904838787448028e+01 2.150326738142200966e+01 1.237816821249108301e+01 2.110749344754869128e+01 2.507804836965926754e+01 2.407737392425588396e+01 2.823646810213102043e+01 3.515179717178308039e+01 3.104294817416312569e+01 2.461659024035417431e+01 3.494199509585227048e+01 4.387563316122970747e+01 4.532114212608864534e+01 4.925481636207156555e+01 5.264804818547827381e+01 4.641812639820661701e+01 3.918845865838525100e+01 4.219595301808198684e+01 4.746680224104112966e+01 3.907789705565181748e+01 2.908330861033558534e+01 2.240512872930534272e+01 2.240512872930534272e+01 3.017725521350906348e+01 2.728463914380322208e+01 3.537712345514032819e+01 3.953090628434939902e+01 4.114633637148040890e+01 3.609643522086459910e+01 2.611110764660138273e+01 3.033149808375361900e+01 2.231129006703827500e+01 2.469766272313849598e+01 3.160035124593848366e+01
