output/example_1/elevation_000477.asc
nrows	75
cellsize	13.33333333
xllcorner	0
ncols	75
yllcorner	0
NODATA_value	-9999
[rows 0 to 16 of 75, columns 37 to 73 of 75]
4.458151317293765459e+01 4.458151317293765459e+01 4.872444536601724252e+01 5.001401291388937409e+01 4.707428200559984788e+01 4.842075935787357110e+01 4.426490684207139026e+01 4.556258433302071609e+01 4.972088812002088787e+01 5.245435873873556432e+01 4.833035162060998857e+01 4.833035162060998857e+01 4.650668533796876147e+01 5.063229559601339957e+01 5.256627106959145124e+01 4.843775573046155358e+01 4.714539481014691802e+01 5.127342904359776554e+01 5.571685715116478832e+01 5.976938525131799196e+01 5.589618890717120081e+01 5.183642580205942352e+01 5.589618890741829205e+01 5.608732882651364093e+01 5.323900514810008389e+01 5.430230499363904073e+01 5.834226255671055128e+01 5.594634557206387626e+01 5.594637445544189802e+01 5.999740119265129579e+01 6.742039400184435749e+01 6.328915708580852595e+01 6.742039400183372777e+01 6.707034866378464244e+01 6.610890360796705068e+01 6.319288073853726928e+01 6.319288073853726928e+01
3.490765311678655536e+01 3.490765311678655536e+01 4.458151317293765459e+01 4.010150347702825968e+01 3.721328404306999715e+01 4.273734559167574076e+01 3.449929563357924422e+01 3.575380306333056524e+01 4.556258433302071609e+01 4.833035162060998857e+01 3.847662672074612544e+01 3.847662672074612544e+01 3.663708888076821069e+01 4.491877637982621252e+01 4.843775573873058704e+01 3.855991519938168466e+01 3.728599493013358313e+01 4.556308678320590388e+01 4.591968538710396786e+01 5.411526903336839212e+01 5.097376449397593490e+01 4.197347018676472885e+01 5.097376064852385014e+01 4.631441106013699738e+01 4.344615028952578228e+01 4.451911614962110519e+01 5.210885215728448117e+01 4.616511003257573265e+01 4.616511019879276745e+01 5.594637445544189802e+01 6.245581178882473949e+01 5.337843500752127568e+01 6.245581178879440643e+01 5.713840540066023266e+01 5.617501911058444364e+01 5.326812564542868245e+01 5.326812564542868245e+01
2.863302315325815783e+01 3.536002850749672888e+01 4.221168934345138268e+01 4.010150347702825968e+01 3.067637479581278370e+01 3.465990289578163441e+01 2.932303385221956660e+01 3.575381244155745719e+01 4.556322710010940824e+01 5.075103864938213860e+01 4.136271592396944641e+01 3.192077250836955926e+01 3.124518300769043577e+01 4.061113465127831290e+01 4.418148097696472831e+01 4.010197888732756155e+01 3.188978728380303451e+01 4.145306770114054729e+01 4.022763279680579984e+01 4.972361287939611429e+01 4.690494799441196250e+01 3.702911509699951864e+01 4.196703376513989525e+01 4.602040832493333511e+01 3.642265305574891698e+01 4.282318635491392911e+01 4.228176696082368835e+01 3.916432427282871487e+01 4.616512840324330114e+01 5.594839154623684152e+01 5.833379604666487239e+01 4.834663571427651618e+01 5.362580351609290830e+01 5.006364516539610321e+01 5.189569908933979292e+01 4.613912407609748811e+01 5.326812564542868245e+01
2.552713688326715769e+01 2.823967985282700255e+01 3.846972663262428682e+01 4.213059094631479695e+01 3.465990289578163441e+01 2.576417564298699148e+01 3.462276231316208452e+01 4.020441339584656504e+01 4.523362729775615065e+01 4.663346106846415040e+01 3.689827940711406029e+01 3.170416790074290248e+01 2.779723994773370066e+01 3.664174421617010324e+01 3.774194448130408119e+01 3.097576819768417877e+01 2.906451795017206052e+01 3.842889289893578564e+01 3.576294440729283508e+01 4.566295969563352486e+01 4.185737923368280633e+01 3.780059649789866683e+01 3.221063941126234198e+01 4.061707703160012528e+01 3.295372814140382900e+01 3.295372814140382900e+01 3.524466877579060053e+01 4.516007980146694933e+01 4.616510455452105788e+01 5.594551729196800238e+01 6.245581174996969764e+01 5.362580351609290830e+01 4.355894548183431425e+01 4.951602593335179137e+01 4.180930606184494280e+01 5.189569908933979292e+01 5.801852138791709024e+01
2.347066635653504107e+01 2.918337568245746638e+01 3.786044056619529385e+01 3.804111247817127861e+01 2.881939781065239004e+01 2.387175032828422871e+01 2.756807622188938467e+01 3.254848689608047607e+01 4.142869379510305095e+01 4.353990143188024575e+01 3.932454447635264216e+01 3.443061814906076989e+01 2.580391665893408870e+01 3.182956978480784116e+01 2.789744204235319103e+01 2.691191861707202193e+01 2.667895384673857251e+01 3.731698894281448275e+01 3.164360542211670690e+01 4.011515236753408686e+01 3.611399738602423071e+01 2.841350512871441936e+01 2.960525273458374684e+01 3.088432125873200107e+01 4.061707740502662745e+01 3.295372814140382900e+01 4.282320562775887396e+01 4.922099868213164342e+01 5.594547575550920016e+01 5.998950114845240478e+01 6.075131086047515794e+01 5.076450015888032397e+01 4.951602593331479341e+01 3.950084154558942373e+01 3.943653440058749027e+01 4.944938945221906579e+01 4.801599897333575484e+01
2.174771162180307371e+01 2.976294328958742952e+01 3.345033506680299240e+01 3.662187476795868690e+01 3.019894968097544208e+01 2.198677725170210095e+01 2.855698325734325849e+01 3.264192013613421750e+01 3.798914302086682682e+01 3.932317914970353456e+01 2.999792802697060878e+01 3.272645439453111749e+01 3.165463278237527689e+01 2.316786481645991458e+01 3.011581910631346304e+01 2.418258164548350209e+01 3.277829287077645404e+01 2.959834869549560210e+01 2.697134923983630728e+01 3.454846824131806216e+01 2.698974882991792157e+01 3.611460648240726812e+01 3.918250229745567736e+01 3.772827324640774549e+01 4.468570241574794011e+01 3.696870494984238320e+01 4.101619899533712754e+01 5.086088950891482341e+01 5.892346566117792861e+01 6.303658485140621792e+01 5.783265492519569051e+01 4.783677459388510300e+01 4.080617022633418856e+01 3.707447782716486984e+01 3.728326349281920216e+01 4.090935063129858662e+01 4.801599897333575484e+01
2.006899313432458598e+01 2.685943382049499917e+01 2.371743347543661429e+01 3.250331048096239783e+01 3.492079978322424694e+01 2.878120520636679913e+01 1.952474114891234080e+01 2.495615201099622382e+01 3.400632504375474952e+01 3.806697379218714872e+01 3.118409300763995162e+01 2.479940190707715431e+01 2.626970838140489661e+01 2.122635756835467191e+01 2.122635756835467191e+01 3.011579784729108411e+01 3.509638468560752500e+01 3.320460838150522420e+01 2.700258411219263266e+01 2.563014244496381977e+01 3.454842708858571854e+01 3.611458099548761425e+01 4.583427396549107158e+01 4.758967975584502597e+01 5.090979716913043518e+01 4.398968852530700957e+01 4.686343623243896417e+01 5.490828071428489920e+01 4.898010128710944855e+01 5.729804946634865814e+01 5.645137080765486814e+01 5.231926536467788225e+01 4.446637175629468430e+01 3.485727359912230838e+01 4.254330225062440718e+01 4.598014776333060638e+01 5.009845976691896396e+01
2.685943382049499917e+01 1.776384710087600638e+01 2.377538630957855759e+01 2.870160107484525014e+01 3.433899402951580981e+01 2.732132161257019121e+01 1.790972420472357030e+01 2.577662518386673440e+01 3.576899722527457470e+01 3.173897456981717724e+01 2.443128151032365381e+01 2.490323799080776368e+01 2.018164706529513452e+01 2.923940241552634589e+01 2.122635756835467191e+01 2.689249242134562579e+01 3.100411472489054532e+01 2.661324547527378570e+01 2.451287234164933082e+01 3.412855493349920977e+01 2.765488983838235626e+01 3.688887344330325391e+01 4.348777907275108134e+01 4.754367788667623529e+01 5.156587208269511535e+01 5.380621820566141622e+01 5.666471133856497033e+01 5.318266156315894477e+01 4.320023893989795738e+01 5.318266156315894477e+01 5.231926536832231989e+01 4.240432629590429769e+01 4.530834471231486305e+01 4.254452095918023957e+01 3.329101989662955674e+01 3.634413653873888705e+01 4.086606225303551554e+01
3.036268838131278969e+01 2.481804838769035015e+01 1.562832235315703855e+01 2.307001299630506708e+01 2.695852369645770708e+01 2.118622975012625886e+01 1.638223068138487193e+01 2.589359891792893009e+01 2.994515823852195879e+01 2.879533928723774849e+01 2.475300779484853209e+01 1.917483649039294136e+01 2.836658123085383920e+01 3.305747153812720995e+01 3.061490177604193264e+01 2.243104003939804514e+01 2.331939950038637832e+01 2.331939950038637832e+01 3.389103935178246019e+01 3.975187226427067344e+01 3.674743601628124878e+01 2.988858092273607170e+01 3.939627940077716062e+01 3.774052373778668823e+01 4.343886805805799156e+01 5.322398642634561128e+01 5.606621338394105436e+01 4.940968225927380075e+01 3.950642212494066285e+01 4.940968225927380075e+01 5.243919008103895862e+01 4.530834471231806049e+01 3.572369507773894526e+01 4.018513398201920239e+01 3.245979321111890670e+01 3.268871736692924657e+01 4.970659399035158543e+01
2.196275472260779438e+01 2.121954249941483539e+01 2.072684650075832025e+01 1.357256551758876562e+01 2.306998750492164163e+01 1.428777650854638104e+01 2.389712958903270845e+01 2.378702190146332995e+01 2.819499201835821367e+01 2.266652470315389678e+01 1.822468010561097174e+01 2.560708741358573448e+01 2.347418302264874512e+01 3.214293894693388864e+01 3.792751273684559266e+01 3.231969818205435274e+01 2.529404753881749812e+01 3.001144813729934313e+01 2.842376059035142433e+01 3.700841728350118842e+01 4.335325501058590447e+01 3.944427169541488354e+01 3.255278786866423957e+01 4.230871542411730957e+01 5.150806330706297587e+01 5.727285179058307563e+01 5.197577414408636542e+01 4.207966994465773070e+01 3.655593388227718066e+01 4.260444053633779049e+01 4.223018285885959955e+01 4.595049339556825174e+01 3.765727438288097062e+01 3.140815957496338129e+01 3.224942462440188251e+01 4.027207881679505874e+01 4.432624507689622106e+01
1.155544672715323706e+01 1.971706303299053786e+01 1.290256112150892065e+01 2.254590719141454613e+01 1.357256551758876562e+01 2.334235323330430845e+01 1.505608304077184023e+01 2.258976937990075129e+01 2.378682671285811878e+01 1.729737611424263122e+01 2.759518348987494463e+01 3.191560424486223368e+01 3.214224637530578832e+01 2.796825181558629936e+01 3.667193520299719722e+01 3.804840880506309730e+01 3.387918050509367163e+01 2.809425565748690090e+01 3.690945951493818455e+01 3.699773000592761463e+01 4.698591750551556601e+01 4.530662448263505837e+01 3.543892256564006260e+01 4.052360336559277698e+01 5.037517481478835180e+01 5.829213052975975273e+01 4.833030232069258147e+01 4.131327156278740631e+01 3.655593413281277293e+01 3.321542214006186811e+01 3.989881536363250092e+01 3.113795301108267566e+01 3.045031624949590210e+01 3.215978058878492618e+01 4.025714502536588668e+01 3.513461911674453830e+01 4.155997043717731998e+01
1.965571828950147548e+01 1.223058047843974627e+01 2.182858788346648282e+01 2.673272416657504991e+01 1.930044345400455441e+01 2.731758287062003632e+01 2.465398184630690182e+01 1.583236157969964353e+01 1.638582626645872864e+01 2.575130290284947066e+01 3.064467687042959199e+01 3.745116483404268592e+01 4.064961739913448469e+01 3.667193520299719722e+01 3.494534283701622002e+01 4.435439022539730303e+01 4.133183673756881404e+01 3.299491020213659453e+01 3.178337518136847706e+01 3.847477806478810436e+01 4.873931834919259387e+01 4.859605664651098778e+01 3.872776015488330614e+01 4.859605664651098778e+01 5.445525515175724252e+01 5.825628272337337421e+01 5.537875748553798161e+01 5.040585724720756389e+01 4.628030678787190055e+01 3.993519869613090378e+01 3.074099459466389561e+01 3.746584593509391681e+01 2.958140196571179104e+01 3.876927758973368299e+01 4.429772634545719967e+01 4.445641027410495383e+01 4.155997043785945522e+01
1.155544672715323706e+01 2.150759283377293229e+01 2.312530268722256466e+01 2.720616630429763205e+01 2.886359990560656286e+01 3.285888990624126649e+01 3.074840828972095608e+01 2.410435829801921059e+01 2.207992929522803038e+01 1.796554493485131943e+01 2.458982096714386145e+01 2.978559681384494340e+01 3.364798353308264467e+01 3.771612547563302797e+01 4.183193262422357606e+01 4.845068589809267223e+01 4.708346525342220446e+01 4.281222732756570082e+01 3.715834021267973952e+01 3.847477806478810436e+01 4.873931834919263650e+01 5.267180230507519667e+01 4.368018137834125980e+01 5.267180230507519667e+01 5.825628272337337421e+01 4.830756102374527217e+01 5.013318547102554845e+01 4.529999620446189112e+01 4.122145232692517425e+01 3.925787684383386988e+01 3.694804998237990645e+01 2.824581462818699507e+01 3.746535294960060014e+01 3.473360671532213217e+01 4.012065452872382565e+01 4.996520113344414682e+01 5.144910890992198205e+01
2.182838805034567642e+01 1.282879527202499403e+01 1.282879527202499403e+01 2.312530268726081673e+01 2.739683515198794339e+01 3.045855327740006402e+01 3.450013533382271191e+01 3.298863509058665500e+01 2.653215434928404548e+01 2.719241884039510637e+01 1.963252638242208903e+01 2.096810347351138759e+01 2.978560385093442875e+01 2.877912722163924286e+01 3.771612547563302797e+01 4.398713497112255055e+01 4.824903300689400965e+01 5.167359038822177553e+01 4.738631808778584542e+01 4.873931834919263650e+01 5.302075057206629793e+01 5.758948308441943453e+01 5.351193191468089339e+01 5.758948308516237091e+01 5.647824279926182101e+01 5.013318547102554845e+01 4.024164995986603799e+01 3.188370692354451563e+01 3.188370692354451563e+01 3.002923338840506773e+01 3.665847430786740091e+01 2.737152876096049070e+01 3.665943242590363127e+01 4.428144840046699215e+01 4.838066306246670933e+01 5.408031572766111594e+01 5.404739348193779591e+01
2.687872712007100517e+01 1.711655727569784347e+01 2.312530268705747716e+01 1.418841376323955750e+01 1.734894382144243252e+01 2.077653354015402343e+01 2.764384140397561040e+01 3.725390723466479415e+01 3.562292041670675502e+01 3.103036576660911194e+01 2.222899398620880973e+01 2.978560385093441809e+01 2.286199722689734415e+01 3.139671340678168932e+01 3.706077059998230538e+01 3.420521875384413590e+01 4.120942083313271098e+01 4.451784238406961691e+01 4.879568314248962224e+01 5.393775027577989789e+01 6.015786603577631553e+01 5.598722787504657816e+01 5.848438393494798504e+01 5.939641409422543461e+01 4.944883567967400495e+01 4.238815107846195929e+01 3.806032331332112761e+01 3.481974741510442328e+01 4.122145231536190835e+01 3.665856043400075492e+01 2.737152876096049070e+01 3.562618404115201542e+01 3.562652122653305753e+01 4.517037869798742378e+01 4.884002304394540772e+01 4.668303434520721140e+01 4.363264886857027847e+01
2.419654652369833059e+01 2.701327996798028153e+01 2.552420903081580050e+01 1.523838391713941576e+01 2.552288527568029153e+01 3.045854434131139499e+01 2.764384132010458828e+01 3.725385194561286539e+01 3.582915203901404766e+01 2.690660709475448087e+01 2.942057535030257043e+01 2.222899398620880973e+01 3.118214256490874803e+01 2.468484908785895726e+01 3.308296370359736471e+01 2.929310911023484465e+01 3.169103493254950976e+01 3.459257773125892754e+01 3.939378812516109463e+01 4.964189664297821736e+01 5.434946827715791784e+01 4.593025530354442765e+01 4.887985153447565523e+01 5.816710766107743780e+01 5.647824279926182101e+01 5.202256456699625886e+01 4.790178798373972313e+01 4.152179497850733725e+01 4.853200024081124297e+01 4.066185912518331946e+01 3.562663397795990505e+01 2.624051048107502382e+01 3.368707514079282817e+01 4.406227575765076665e+01 3.858963068511046401e+01 3.650074413944958707e+01 4.363264886857027847e+01
3.381349574979761741e+01 3.338859435102836670e+01 2.656052721370561187e+01 1.635323668513322204e+01 2.373517249597665923e+01 3.338730486417459531e+01 3.725385076621182634e+01 4.135588481083477319e+01 3.995908859184169160e+01 3.111093945320728693e+01 3.676122754005999838e+01 3.663584289580730768e+01 3.572538461293766687e+01 2.742699393236281225e+01 2.652232613373465853e+01 2.890241387419497343e+01 3.787297404210987395e+01 4.451784238406961691e+01 4.879568314469926094e+01 5.393775027625887475e+01 5.018083205365715571e+01 4.029682968607330196e+01 5.018078831358615588e+01 4.691438145943993021e+01 5.243712183627820878e+01 5.588722865002373652e+01 5.284287502476210108e+01 5.142475489278526624e+01 4.814317139388222699e+01 3.840257367836454705e+01 3.491994799174013764e+01 2.545515096168966096e+01 3.363639234816600521e+01 3.807856831003397247e+01 3.168645756966806104e+01 3.597447223044103737e+01 4.308968871337066275e+01
