output/example_1/elevation_000166.asc
nrows	75
cellsize	13.33333333
xllcorner	0
ncols	75
yllcorner	0
NODATA_value	-9999
[rows 17 to 33 of 75, columns 0 to 36 of 75]
1.309999999999999880e-02 1.001309999999996236e+01 1.862184791525614358e+01 2.282233292575756067e+01 1.615937296196686290e+01 1.615937296394321265e+01 2.551803826641357276e+01 2.272598703648694141e+01 1.310995413032886425e+01 2.272598703651264174e+01 2.566144534999743598e+01 2.155568934776707479e+01 1.691088761379432270e+01 2.688946138495962757e+01 3.164468116441596379e+01 2.195331016882347086e+01 1.960137457470408506e+01 9.927662794478143482e+00 1.958421522497442879e+01 2.086668955001803383e+01 2.496780858434569694e+01 2.972674234041932806e+01 3.627107283552000183e+01 3.658674431315517950e+01 3.244764822544793503e+01 3.658674431255469273e+01 3.523432017218107148e+01 2.528978430698342450e+01 3.523431965337639582e+01 3.596111068701384994e+01 3.134480075446731462e+01 2.422172789449506780e+01 1.306753910756050985e+01 2.368101354158754290e+01 1.443199541850444234e+01 2.506690327422443687e+01 2.933839257725373528e+01
1.379999999999999977e-02 4.485935957838939281e+00 1.155701337389551142e+01 2.155772836031664141e+01 2.551803691926310336e+01 2.551803832874931999e+01 2.949338788625370711e+01 2.272598703627198091e+01 2.272598703651675933e+01 1.808938106333284068e+01 2.805034762361510303e+01 2.688946138495962757e+01 2.401369579793048814e+01 3.097850712395063155e+01 2.853461877624636145e+01 2.195791344185672500e+01 1.223475984773697256e+01 1.959456249237845782e+01 1.114266214284240419e+01 1.114266214284240419e+01 1.549583970124629495e+01 2.117627678454993756e+01 3.176274241415153909e+01 3.418960580007168204e+01 3.822222878654167033e+01 4.307639201379075899e+01 3.983364682366386234e+01 3.273683493088042695e+01 3.983358972312758084e+01 3.134479740026412031e+01 1.962904658056920937e+01 1.665829023118430641e+01 2.422172789596153208e+01 2.506690413096399084e+01 1.443199541850444234e+01 1.443199541850444234e+01 2.506690432900125387e+01
1.379999999999999977e-02 1.001379999999996251e+01 1.863017854629204351e+01 2.115153738868360378e+01 2.525020254562473099e+01 2.564208910169328703e+01 2.977882422491285297e+01 3.274794968706643061e+01 3.221036500014390214e+01 2.377889850223755985e+01 3.221036500014390214e+01 3.672709799534964503e+01 3.383217366737122234e+01 3.132359513559267583e+01 2.450528490733521636e+01 1.479781912643275810e+01 2.195791344185475324e+01 2.179212736022757468e+01 1.204951536716604465e+01 2.086230022761427705e+01 2.312110121610665914e+01 2.716608442900366427e+01 2.899423912615978693e+01 2.443595964618577909e+01 2.929024533640433958e+01 3.621319844843515057e+01 4.596210712392209530e+01 4.284895825969506689e+01 3.720834607552699680e+01 2.548124061073026425e+01 2.788526883799039879e+01 2.659047270707278443e+01 3.250957513825934342e+01 2.615748343590529856e+01 1.609276282314960582e+01 2.506690413117510730e+01 1.626761891212574795e+01
1.290000000000000001e-02 1.001289999999996283e+01 1.350153112235542174e+01 1.119910884857639566e+01 1.751265534553563086e+01 1.568993204510149120e+01 2.356547312605737687e+01 2.717434825706222767e+01 3.126369046979892019e+01 3.388525563438955146e+01 3.802721644037345783e+01 3.939633807083325934e+01 3.462971860159980508e+01 2.729223276725365821e+01 1.762908032738917541e+01 2.450528467977485292e+01 2.853461236538446855e+01 2.582433535830188376e+01 2.179315434578388277e+01 1.339250038301919510e+01 1.339250038301919510e+01 2.313690333081584427e+01 1.925687606522375717e+01 2.899423912615978693e+01 3.187226908339688336e+01 3.595953534426089249e+01 4.293114604387575639e+01 4.824647376923502406e+01 3.720835850744614959e+01 3.149701684778599642e+01 3.941244590188778574e+01 3.854482092461971376e+01 3.479694405128061163e+01 2.838931526992363530e+01 1.781483645283326211e+01 2.688863394738024226e+01 1.626761891212574795e+01
1.290000000000000001e-02 1.753665469352957196e+00 3.521320163476827414e+00 5.445121609904015614e+00 7.574192282827543643e+00 1.044753251296163832e+01 1.374409865098731309e+01 1.744394031258977051e+01 2.408813194333317753e+01 3.337467929457127980e+01 4.207846335331218057e+01 3.254117413175455198e+01 2.575586764446899934e+01 2.095501793769399512e+01 2.729223272259182664e+01 2.551372697243180099e+01 3.520567474257835983e+01 3.335503703038521195e+01 2.586346859688018185e+01 1.666374700144294962e+01 2.313690333011649258e+01 1.487187314843798092e+01 2.465097262356075802e+01 2.023066643172267831e+01 2.224233098064550163e+01 2.904453516738594487e+01 3.816523172322037283e+01 4.215985209437499748e+01 4.726885889752109193e+01 3.975275565693948465e+01 4.198438091637683556e+01 3.182345936956193810e+01 2.465654386221994798e+01 2.035805707245605589e+01 2.838927333949701648e+01 3.072070782179079274e+01 2.033750168658945157e+01
1.309999999999999880e-02 1.001309999999996236e+01 9.284935606394375540e+00 1.540978613061201052e+01 1.460233315715494129e+01 1.568993204510061368e+01 2.033993433666460504e+01 2.717434825706222767e+01 3.126369046979892019e+01 3.571100091502412965e+01 4.070086711481994968e+01 3.745289915053422192e+01 2.775337855652639618e+01 3.059430236425272653e+01 2.650106862401623076e+01 3.520567480833677365e+01 3.447864915065327551e+01 2.644204006248592265e+01 2.180153167611624454e+01 2.586346860337468456e+01 2.600148789133616489e+01 1.630844328763296147e+01 1.742327639226050096e+01 2.709039116526554380e+01 3.175601664301512272e+01 2.554200126420682082e+01 2.858089509100718217e+01 3.816523172325712920e+01 4.756755195917319412e+01 5.056538055290369016e+01 4.493585697649145061e+01 3.479894313583354659e+01 3.277720189819692820e+01 2.235429810533045725e+01 3.276467598707699835e+01 3.491002622655503984e+01 2.640308588602080420e+01
1.349999999999999985e-02 1.001349999999996321e+01 1.926150771464178391e+01 2.339936873490898250e+01 2.455085209731104001e+01 2.564208910078989234e+01 2.977882402125116101e+01 3.440002997164950216e+01 3.321084611446387669e+01 2.448653617985842956e+01 3.321084611446387669e+01 4.150610659031747929e+01 3.745289915053422192e+01 4.023767443888712592e+01 3.332551875567185107e+01 3.618576343623092839e+01 3.812431671522847410e+01 3.335504717091476579e+01 2.808290471769334573e+01 1.847744993014605086e+01 2.609778498871774133e+01 1.630844328763296147e+01 2.583842742647748736e+01 2.360285352651645852e+01 3.259219038921499134e+01 3.233852636872476438e+01 3.232957315513996122e+01 3.409678278445932165e+01 4.075810967456614975e+01 4.998989849819187725e+01 4.391789087266210601e+01 3.359908276326985543e+01 2.620981172003094528e+01 3.277749322167454693e+01 2.708468876543452097e+01 3.729836250863521485e+01 3.661963833191176576e+01
1.349999999999999985e-02 1.001349999999996321e+01 1.915573562372763305e+01 2.622680343557921745e+01 2.533913341981370593e+01 2.822035076794946917e+01 2.635400018071049288e+01 2.928947898927100368e+01 2.865242508740452365e+01 1.800249815907931961e+01 2.865242508740452365e+01 3.549091096865670636e+01 3.549602726863780333e+01 3.967914452564467354e+01 4.309100493581284042e+01 4.596354303383490247e+01 3.971296250978414832e+01 3.042684018374971089e+01 2.367808098296437080e+01 2.808547902364191984e+01 1.847744993014605086e+01 2.627983775863454952e+01 3.050761344062251368e+01 3.265160576324259978e+01 3.661370305150784787e+01 4.206463716585259505e+01 3.787392138782353612e+01 4.360734559008579936e+01 4.756755195917319412e+01 4.999122129766076483e+01 3.879167668840694461e+01 3.141138304378971569e+01 3.359910138470937824e+01 3.662061006282221598e+01 3.435369209278007929e+01 3.304176437922345144e+01 3.889373173591385324e+01
1.359999999999999924e-02 5.013599999999991397e+00 1.208466781186544026e+01 1.988422585428860145e+01 1.527724119295044503e+01 1.821383827479014883e+01 1.628240244167337636e+01 1.922894959480825960e+01 1.984042171612347616e+01 1.425264387415136369e+01 2.451000157137194790e+01 2.535476112668658644e+01 2.535485602360943957e+01 3.549602726863780333e+01 3.626904912940275238e+01 4.047826556591439129e+01 4.073234541233522066e+01 3.144184355044467338e+01 3.314668244211731718e+01 2.372333599622593070e+01 2.837250537805512351e+01 2.141567127277437876e+01 3.137599098430527889e+01 3.806288031565462404e+01 4.186144945673271422e+01 4.602437999297596605e+01 4.755098091804370597e+01 5.157445039531906161e+01 4.907912901917610782e+01 5.331079315275751185e+01 4.612808901431215247e+01 3.666527637227399339e+01 4.391886919106995180e+01 4.690335398702521275e+01 4.440763465301566981e+01 4.311313725571730515e+01 4.723348157127854563e+01
1.369999999999999864e-02 1.001369911177019745e+01 1.185867843833181290e+01 9.848048927710852496e+00 8.189829913678323692e+00 1.372880018664534063e+01 9.190802412405588484e+00 1.585379331279236226e+01 9.746516129511769932e+00 1.984019012208064936e+01 2.325724184434587016e+01 1.821341832583629028e+01 2.832513631210423100e+01 3.309519182802320358e+01 2.610038225850894023e+01 3.460851928517723053e+01 4.116252864937852962e+01 4.073234541233522066e+01 3.785983336313200454e+01 2.816709711156968510e+01 3.553275770710619952e+01 3.137599098429685895e+01 2.469843600559472918e+01 2.802335644327109421e+01 3.181369161318006888e+01 3.891575458868607029e+01 4.897584057678233904e+01 4.749392927326996983e+01 3.918106322122627461e+01 4.749392927326996983e+01 5.129342690804347171e+01 4.706581713653762478e+01 5.129861366460698946e+01 4.916259272404600011e+01 4.535407873833385395e+01 4.117441049938178566e+01 4.535407873832313186e+01
1.290000000000000001e-02 9.230352596691492328e-01 1.838558612152173977e+00 2.766705040108269564e+00 3.714439185414661448e+00 3.714439185414661448e+00 4.715615034606956080e+00 5.820185437610411405e+00 1.222932442638302319e+01 1.798402279169837570e+01 1.323963201585586091e+01 2.172876157242057360e+01 1.876445829159468204e+01 2.397901619604915169e+01 2.024859667168072264e+01 2.678764452449474120e+01 3.439061547112679307e+01 3.895577363347896238e+01 4.230050110903120242e+01 3.525492588624651802e+01 4.233732782928410643e+01 3.287247468009459084e+01 3.177391748655085024e+01 3.287247468009480400e+01 4.186228555527937800e+01 4.602627725469192654e+01 4.683922053723464529e+01 4.329068429640356896e+01 3.364770903253161549e+01 4.329068429640356896e+01 4.572694045756086467e+01 4.992239756031509046e+01 4.630048875503258898e+01 3.919971270220369064e+01 4.049978366419850317e+01 3.162405887918239955e+01 4.049978366420322118e+01
1.379999999999999977e-02 5.125493813311567948e+00 1.179885383677935629e+01 1.238589655792476485e+01 9.493428385929322033e+00 1.373913442169958721e+01 7.603432279570395025e+00 1.585393577102954055e+01 7.572652754585513790e+00 8.828537973076702627e+00 1.027315049415435055e+01 1.173533737292708068e+01 1.173533737292708068e+01 1.391821482656307651e+01 1.666128149433293260e+01 2.001275736924404569e+01 2.454934247987710805e+01 3.174926041511051622e+01 4.193531129993534279e+01 4.528673792879038729e+01 4.707527951249437592e+01 4.291570893833173983e+01 4.181691209890788485e+01 4.291570893870452608e+01 4.707527969069430185e+01 4.683922053723464529e+01 3.699621050906924324e+01 3.880243650320025495e+01 3.043385262252890300e+01 3.880195147407189893e+01 3.593194307479122784e+01 4.572902031370424680e+01 4.211869882489207129e+01 3.251714042372015712e+01 3.604652648752978195e+01 2.702980670021864995e+01 3.639923450159503915e+01
1.359999999999999924e-02 1.001359999999996298e+01 1.300716858631691331e+01 2.175842178306882602e+01 1.658406636965093739e+01 2.067006909234362055e+01 1.062124280894188821e+01 2.067148797749603517e+01 1.967766994008847448e+01 1.376473208855150610e+01 2.023941950148264013e+01 2.172926175867397092e+01 1.173533737292708068e+01 2.172925780549263663e+01 2.678777500402477685e+01 3.017554335032474810e+01 3.439227886301846837e+01 3.895239750619960262e+01 4.154902706224272180e+01 3.842796460956083138e+01 4.253638764264199779e+01 4.557294903753176385e+01 4.149485124472283104e+01 4.279255930587767409e+01 4.692325416276000993e+01 4.573226311575729852e+01 3.593200833538513450e+01 2.935191224532081478e+01 2.738892784612762199e+01 2.935191190440081499e+01 3.880195147407189893e+01 3.943730321530972560e+01 4.358108918086220740e+01 3.604652648752978195e+01 2.668623161149758971e+01 2.368038086038299994e+01 3.003490274940536509e+01
1.359999999999999924e-02 7.249142287999763568e+00 1.784694079462287419e+01 2.546117792611140018e+01 2.666249385640908898e+01 2.067153792112085142e+01 1.771665602410158158e+01 1.771665602410157803e+01 2.780525387211550026e+01 2.083869760116980885e+01 2.800866517969910063e+01 1.987082693889787421e+01 2.172926189200730462e+01 1.559470322044879076e+01 2.007587931943675486e+01 2.593045395593014391e+01 3.610052705624428171e+01 3.878561162049784627e+01 3.190349428633976103e+01 2.880248736340536198e+01 3.692954633785583241e+01 3.996044282103755307e+01 3.180848990995380277e+01 3.305577239328142980e+01 4.279420561370960030e+01 3.994890170940954022e+01 3.517862644821953211e+01 3.115418360359968375e+01 2.440057958656924697e+01 3.375091880343153861e+01 3.516008573434013584e+01 2.986711252214331580e+01 3.798236597558825167e+01 4.013970753582942308e+01 3.604652648752978195e+01 3.003490274940536509e+01 2.050241353999828320e+01
1.319999999999999993e-02 1.001319999999996213e+01 1.687906723926614561e+01 2.102120286299712504e+01 2.679470555489340100e+01 3.076804000415694773e+01 2.780525387211550381e+01 2.780525387211550026e+01 3.199389934990510653e+01 3.097170763955009676e+01 3.420629140959061232e+01 2.999833524143542363e+01 2.989640285725401370e+01 2.061086169484633146e+01 2.568829386625037614e+01 3.443815238310006066e+01 4.030759607494313457e+01 3.473022505757113976e+01 2.543941866069393853e+01 2.349971513301118264e+01 3.274656017188824819e+01 3.208196876494999827e+01 2.653471404938229483e+01 3.305571692608896228e+01 4.279188731831603576e+01 3.585227614564854548e+01 2.645652576816812029e+01 2.170493306233455044e+01 2.885874082215394765e+01 2.738372101435093242e+01 2.564323451193370573e+01 2.441806982436510509e+01 3.391195039328921723e+01 3.824436033980845906e+01 3.539259061419441110e+01 2.852773741396030616e+01 1.891712979181207288e+01
1.019999999999999900e-02 3.343533333333335911e+00 6.879067239266078104e+00 1.265256993116235407e+01 2.265256993116242157e+01 2.513920915644756349e+01 2.682951563473042356e+01 2.732800957443457435e+01 3.146996803734690573e+01 3.271870142472164389e+01 3.381257010024921783e+01 3.795441077426921339e+01 3.497483395069814804e+01 3.076572603765442082e+01 3.497483395069814804e+01 4.005567665527918564e+01 4.095314244676006865e+01 3.115768850733348572e+01 2.623540072300689374e+01 1.973485249642256179e+01 2.885446996096521133e+01 2.295288615374222019e+01 3.208196876494999827e+01 3.999465833844208618e+01 4.097801629407567958e+01 3.994890170940954022e+01 3.517862644822371720e+01 2.885985418895679189e+01 1.929243246380439558e+01 1.772838522707941777e+01 1.879970659266873767e+01 2.390490184301092214e+01 2.791462756231359066e+01 2.864552259189312267e+01 2.585113718025291263e+01 2.872282095375054922e+01 2.473601385721459422e+01
7.249999999999999500e-03 1.000724999999996356e+01 1.687906723926614561e+01 2.102120286299712504e+01 2.221014431452047333e+01 1.513910217449281426e+01 1.682952755900048203e+01 1.732803992340031130e+01 2.351568456704973897e+01 2.271877687280503721e+01 2.381267135203341923e+01 3.143627853351361523e+01 3.497178718761110616e+01 3.911363126385926847e+01 4.488688439383663109e+01 3.753713133137273417e+01 3.352649200359502402e+01 3.257281235383808138e+01 2.218551762807060257e+01 2.667306286352455302e+01 1.973485249642256179e+01 2.885446996096521133e+01 3.610430306592889593e+01 3.801569549856983343e+01 3.091413594145058497e+01 3.801577037864625908e+01 3.555357118139086481e+01 2.608722559040589672e+01 2.885895850186839340e+01 2.252729610056355014e+01 1.552881237843123508e+01 1.398165030901792250e+01 2.390490231988011871e+01 2.864552307919484164e+01 1.898706929354978001e+01 2.306845485140605234e+01 1.488061034682996642e+01
