output/example_1/elevation_000500.asc
nrows	75
cellsize	13.33333333
xllcorner	0
ncols	75
yllcorner	0
NODATA_value	-9999
[rows 51 to 67 of 75, columns 0 to 36 of 75]
1.369999999999999864e-02 1.001369999999996274e+01 1.667807180241586451e+01 1.245157449400648630e+01 1.822507718590270187e+01 2.822507718130726317e+01 2.790774611580541986e+01 2.846549677083746843e+01 1.844248799783510151e+01 1.266595685441435393e+01 1.859102195780348055e+01 2.274139431293217939e+01 2.608634250958914791e+01 1.814772625759571056e+01 8.914044056380404868e+00 1.612972796288176269e+01 2.011273745075824593e+01 2.100104398475975742e+01 2.506047307950984759e+01 2.230027151669867180e+01 1.583555949155537945e+01 1.161476321884508245e+01 2.326361592444881055e+00 2.326361592444881055e+00 8.392338147333118670e+00 1.940723550694690758e+01 1.843515896943563703e+01 2.385391811483961177e+01 1.496073419602601362e+01 1.557724942029041415e+01 2.196402926976960046e+01 2.143919480521553922e+01 1.501802648946642904e+01 4.148725173222143958e+00 1.501927133391233937e+01 2.243484284216464886e+01 2.182863776811195322e+01
1.290000000000000001e-02 7.083967811865562680e+00 1.708396781474922221e+01 2.245157449484344525e+01 2.659370995919671898e+01 3.236721166767431868e+01 3.353964611935611373e+01 3.261692211027315125e+01 2.683020523637953758e+01 1.713939177327262442e+01 2.682788643664058270e+01 3.097329388699987618e+01 2.201182769559226315e+01 1.239248277015838440e+01 9.345453320054273760e+00 1.151338621461805189e+01 1.667274769052252026e+01 2.632465078460404229e+01 2.913962941288366437e+01 1.924032979566729296e+01 1.869016504391747446e+01 1.348040200784942400e+01 3.088395121414430289e+00 1.269956255282943225e+01 1.701988744404357234e+01 2.413040808582181995e+01 2.711734923527890118e+01 2.778500939413610737e+01 2.133776719069817673e+01 2.437626028960087510e+01 2.359081585035399797e+01 1.709716202132981877e+01 6.082065990909947928e+00 1.490988938819172382e+01 7.312288094479201916e+00 1.519594848449045443e+01 2.613553462948924277e+01
1.329999999999999932e-02 1.001329999880772270e+01 1.844509536390129867e+01 2.258722259268526145e+01 2.951475496978034840e+01 2.537665634561069083e+01 2.354206625873941405e+01 3.353964611935611373e+01 3.131221716998484439e+01 2.422204727770404276e+01 3.131169991085393178e+01 2.685984138121127884e+01 1.717043531466197592e+01 2.200668468489011431e+01 1.353011269573827846e+01 2.075198152873100810e+01 2.481908184663133454e+01 3.042664908079547104e+01 2.662730839133517691e+01 1.633058679990807605e+01 8.986548542275983209e+00 4.289392910378782453e+00 1.348023672550059082e+01 5.980350387760695163e+00 1.635358684019500330e+01 2.300507777194385284e+01 2.717275163715691733e+01 3.221374893599021760e+01 3.078212896626321537e+01 2.706124666192201644e+01 1.613264749423943556e+01 8.263651014117098015e+00 1.693041601100257409e+01 2.037111803185292302e+01 9.895770977250355926e+00 1.760525532920278380e+01 2.794057257650714376e+01
1.369999999999999864e-02 1.001369999999996274e+01 8.445095446729274258e+00 1.844509527654281555e+01 1.960360599661772341e+01 1.537723565028139383e+01 2.264294450111264823e+01 2.679665861899909274e+01 3.259083869578057602e+01 3.425327334872989837e+01 3.380159861265827459e+01 2.398447138924442612e+01 2.685758623162059777e+01 1.785564225625767421e+01 2.377065510005252946e+01 2.019011684202529011e+01 2.993587388796749948e+01 3.253205973344114454e+01 2.237037766966301788e+01 2.233724795274876129e+01 1.554495466855771824e+01 5.174622084634984631e+00 1.464775359932087007e+01 1.635009252231354537e+01 9.076836137819501715e+00 1.277927807829040141e+01 1.795565544019783744e+01 2.805450011998670945e+01 3.281796238618998274e+01 2.690116757004816250e+01 2.040903573145969929e+01 9.883549880527239040e+00 2.059071771025327635e+01 2.332530799405308741e+01 1.309308415077737386e+01 1.870080943710560106e+01 2.861054394014832880e+01
1.319999999999999993e-02 1.374027634879542603e+00 1.137402763308821640e+01 1.488968864826231453e+01 9.603733852208884869e+00 1.960360599661772341e+01 1.264242580863560761e+01 1.841595127979334379e+01 2.842189299161396576e+01 3.494344673758433117e+01 3.796278949836221273e+01 3.380159861265827459e+01 3.039280526875029764e+01 2.066279352854157736e+01 3.038692740922165925e+01 2.706262784203086369e+01 3.404053687129438543e+01 2.956742859233386866e+01 1.938926156826022762e+01 1.206172984238466661e+01 1.647001957259294613e+01 6.079723430812356888e+00 1.646540588694213980e+01 1.938971172250154140e+01 9.076836137819501715e+00 1.938971172250154140e+01 2.717275163715691733e+01 3.221374893599021760e+01 2.883524390077980470e+01 1.855756695623885477e+01 1.229037266660852268e+01 2.063768041950016752e+01 2.047352968207601620e+01 2.633311190730740137e+01 1.649823701448802282e+01 2.668793379442160330e+01 3.219856744372568613e+01
1.349999999999999985e-02 1.001349999999906970e+01 3.415269087198859133e+00 4.889688648747832822e+00 6.630465208304814340e+00 1.663047457096184445e+01 1.264242580863560761e+01 1.580470346871105569e+01 2.080470244753261611e+01 2.787567365945501408e+01 3.787369702582689968e+01 3.730439612699100849e+01 2.752993060973273742e+01 2.552161421863763024e+01 3.446834189185079822e+01 3.689240245397578377e+01 3.672766564158223446e+01 2.660160581825527615e+01 1.938926163701095007e+01 1.775147484386235419e+01 7.378657257909038591e+00 1.647046441357798230e+01 2.069232666731263492e+01 2.357438160063497889e+01 1.637977939815460360e+01 1.429540403894586476e+01 2.022805018788053744e+01 3.029778147581114567e+01 3.017754557705781338e+01 1.992223280831493426e+01 1.229037266660852268e+01 2.290142448353842397e+01 3.009160354136698245e+01 3.020187231608412759e+01 2.163840358967506461e+01 2.669113521321133220e+01 3.590890477072413489e+01
1.369999999999999864e-02 1.001369999950822809e+01 1.341526908861670009e+01 1.196075646061456510e+01 1.663047457036897825e+01 9.212454105776433977e+00 1.299209883592443582e+01 2.299205572718860680e+01 2.212924761940489304e+01 2.920014355932730510e+01 3.919768699287295988e+01 4.140675464553299889e+01 3.730439612699098006e+01 3.237843527865074122e+01 3.936147087110444431e+01 3.986728386229201249e+01 3.949603778296575030e+01 3.375506100403782739e+01 2.656178209934904899e+01 1.963715834098524127e+01 9.287314973889106540e+00 7.378657257909038591e+00 1.487236740883331265e+01 2.589031892664006662e+01 2.629492798250794294e+01 2.022805018788053744e+01 2.864922294164665928e+01 3.445897274891093787e+01 2.965955262619221955e+01 1.955938297192575703e+01 1.417052282213456138e+01 2.037746068994192683e+01 3.058113508740711239e+01 3.463452194583520338e+01 2.814198653810530359e+01 3.075516963034214513e+01 2.704075202144544932e+01
1.379999999999999977e-02 7.084867811865485088e+00 1.708486781186555348e+01 2.196075646733068609e+01 2.335492316035663762e+01 1.628352294312349358e+01 1.921245301502149516e+01 1.931665451251021892e+01 2.931653625475194502e+01 3.212835623477443647e+01 4.048790698089187856e+01 3.637034232458186267e+01 4.048790741142799021e+01 4.223035697532960597e+01 3.986728386229201249e+01 2.987697507904801597e+01 3.171023040861401654e+01 2.533011903587131641e+01 2.238928793689842678e+01 1.209169912052322893e+01 1.892027032101632145e+01 8.498424352745766797e+00 1.897773041731663213e+01 2.496734294147309896e+01 2.804301586533264157e+01 3.029778147581114567e+01 3.445897274891093787e+01 3.909550561520769918e+01 2.965955262618939159e+01 2.668829631532636881e+01 1.627758853014665874e+01 2.669520145563152269e+01 3.453595638507212584e+01 3.977750667907346127e+01 3.579293228803255289e+01 2.526162807012866196e+01 1.636465958270400733e+01
1.309999999999999880e-02 1.001309999999996236e+01 1.509548889747163614e+01 1.798224024341999083e+01 2.212437586771357445e+01 2.628362080735124806e+01 2.921237610594968359e+01 2.638772505936650603e+01 3.345665819071021474e+01 4.212427634849407809e+01 3.548854973832624893e+01 2.634758929450434195e+01 3.390712313321951399e+01 3.802902312598769896e+01 3.877491575667835377e+01 2.878394261615434857e+01 2.169314070360733027e+01 1.827660770505905319e+01 1.513089932175017260e+01 2.238931349974092200e+01 2.331599508169093937e+01 1.897882228328916909e+01 1.012534388019121678e+01 2.062633191256020382e+01 1.755424102004876019e+01 2.496004819068856762e+01 3.548595823781620595e+01 4.052256421657060059e+01 3.095854350728957272e+01 2.375927804022732204e+01 1.889445777338105614e+01 2.485679174911451739e+01 3.198250850437153048e+01 4.144445018789232194e+01 3.442315775782682152e+01 2.398321289106786836e+01 2.704075202144544932e+01
1.349999999999999985e-02 2.513499999999997847e+00 5.095488897471604162e+00 7.982240243419736814e+00 1.798224024341999794e+01 2.332746508166880517e+01 3.332746508168303023e+01 3.638731196428165049e+01 3.711270800642876111e+01 3.298496779207791008e+01 3.135885055113362796e+01 2.132766001124672428e+01 2.388285416028885422e+01 3.098002116582680543e+01 4.097377240134791521e+01 3.584210064699400533e+01 3.171023089231662340e+01 2.837120073145918298e+01 1.842757657215023670e+01 2.852947897219267048e+01 2.804238883973586027e+01 1.755423687255184362e+01 1.012534388019121678e+01 1.012534388019121678e+01 2.062633204589353753e+01 2.801735588992425008e+01 3.171167537459162133e+01 3.602599625378270076e+01 3.765663524297901432e+01 3.252357429432790781e+01 2.244793737141986867e+01 2.454200985015585701e+01 3.167232953467332024e+01 4.090513657040450113e+01 3.868081606258108707e+01 3.442315775782682152e+01 3.081485981042066769e+01
1.369999999999999864e-02 1.001369999999996274e+01 1.509548889746471900e+01 1.798224024341945793e+01 1.332746508166824206e+01 2.039853289353376553e+01 3.039853289353568400e+01 3.142387079028404173e+01 3.298496779207791008e+01 2.296246063605929777e+01 2.589798501732843405e+01 1.754507789116784977e+01 2.567075443768661103e+01 2.984156074123806235e+01 3.434143497498945408e+01 4.015735085907306257e+01 3.431884471054409147e+01 2.429136916307966487e+01 2.852947900392348046e+01 3.268078583809695203e+01 2.908071649052482854e+01 2.062633217922687123e+01 1.012534388019121678e+01 2.062633204589352331e+01 1.442669830011355714e+01 1.759526706753578296e+01 2.127470533503888817e+01 2.864272994091389890e+01 3.912339831893192610e+01 3.628251844733288323e+01 2.642330827740676114e+01 3.437655610605212075e+01 3.269377332233766964e+01 4.186408084152174069e+01 4.123419851940990810e+01 4.010174418453977552e+01 3.369634200374093780e+01
1.290000000000000001e-02 1.001289999999996283e+01 1.769126952905345007e+01 2.216340548532662424e+01 2.332746508166880517e+01 2.746960070630410655e+01 2.920703490538443958e+01 2.026976307461946547e+01 2.434440393321359508e+01 2.589770437418109594e+01 1.588440455516296801e+01 1.477944903535723498e+01 1.564061832175985245e+01 2.011158344865203063e+01 2.591132455612048346e+01 3.598324315291678488e+01 3.846862718948514726e+01 3.137945159839837572e+01 3.846862718948514726e+01 3.216288397473689997e+01 2.165928919874019698e+01 1.425880883423184819e+01 2.062633217922687123e+01 1.244713873639767421e+01 2.296905068022556051e+01 2.801592677252523345e+01 3.171150594802896805e+01 3.171244663746788461e+01 4.216604460670478005e+01 3.629478359596198800e+01 3.351611246870101013e+01 4.023888645664219155e+01 4.186408084152174780e+01 4.123419851940990810e+01 2.998147949654109823e+01 2.870975574974426436e+01 3.540702492855866268e+01
1.359999999999999924e-02 3.549133905932739363e+00 8.021269860932333629e+00 1.509233767279783223e+01 2.509233767280252891e+01 2.756302626962470015e+01 2.125905723934111791e+01 1.201025530849513068e+01 1.555815968198425381e+01 2.000478577588284068e+01 1.211743307626344546e+01 1.211743307626344546e+01 2.212453166103041013e+01 2.064337922394567926e+01 2.514244775047744085e+01 3.101955122564488221e+01 4.150725437462722311e+01 4.141516742702840048e+01 3.744025087064402868e+01 2.688551707091761855e+01 1.949451473403182789e+01 2.473572088179405881e+01 2.732836834903428525e+01 2.297321892743362071e+01 1.491045255270917025e+01 2.544946111029915414e+01 3.197106390177682655e+01 3.635900312353967934e+01 4.168606504508492350e+01 4.577213549813620830e+01 4.300308911676994228e+01 4.332537569537524291e+01 3.918364288122219818e+01 3.857848357023956964e+01 3.204639191109710339e+01 1.903725731518683162e+01 2.552297821119278609e+01
1.379999999999999977e-02 1.001379999999996251e+01 1.769126953071813801e+01 2.216340548751982453e+01 2.667529521324446407e+01 2.275412872967609701e+01 1.240808093634563392e+01 6.622481051328539259e+00 1.653973898211352989e+01 1.001479272676109211e+01 1.999664846262841778e+01 1.710479609352966435e+01 2.628810643971896610e+01 3.074901718563868158e+01 3.495756090484846368e+01 3.962064729363705595e+01 4.568876820291959007e+01 4.403415537508147537e+01 4.006757091239592228e+01 3.432453557375083619e+01 2.551743005470276060e+01 3.432453557351990980e+01 3.292606573920175350e+01 2.235255007250619030e+01 2.544946111029913638e+01 1.763797442367854629e+01 2.135468812650546155e+01 2.661885861396794084e+01 3.732326918958612083e+01 4.674064984917361443e+01 4.165105945974640633e+01 3.745642946766097481e+01 2.906865227793005957e+01 2.969793209083277574e+01 3.507435196227542917e+01 2.552224940346101079e+01 1.262192414962506959e+01
1.349999999999999985e-02 8.060224048621973836e+00 1.567897981495765336e+01 1.846001819252072096e+01 1.703294247484250334e+01 1.697774676599462040e+01 1.487543411511108715e+01 6.622481051328539259e+00 7.996085238138975093e+00 1.798524523112275020e+01 2.414341267814620906e+01 2.712708944380182530e+01 2.712827020803220179e+01 3.717042023549751661e+01 4.274005014404761482e+01 3.888370663587263465e+01 4.114468045573880062e+01 3.842894933169836946e+01 3.030426477648354933e+01 3.842894946517366606e+01 3.606871318361320533e+01 4.040053958986744931e+01 3.728572290462359007e+01 3.292606573920181035e+01 3.059010033627817648e+01 1.992793505688459632e+01 3.059010033627817648e+01 3.635900311939747809e+01 4.168606504529008561e+01 4.261274370186052352e+01 3.234511433787016443e+01 2.716131275789497934e+01 2.346609028674400577e+01 2.447586750559549174e+01 2.867372311762429149e+01 2.560380450821936194e+01 2.323778613129007553e+01
1.359999999999999924e-02 1.001359999999996298e+01 4.143486972997486362e+00 9.920017936349241339e+00 1.252979432510567825e+01 7.897944024513400052e+00 4.881773591426205705e+00 1.486344573296059401e+01 1.797177696172179395e+01 2.210927855486752591e+01 3.053101557079024886e+01 2.631805779577738136e+01 3.059602028757161563e+01 3.661263798288502613e+01 3.888370663587497233e+01 2.954449228273245609e+01 3.059357421546151556e+01 3.443072340601099768e+01 2.463449818381284473e+01 3.338545589364636612e+01 3.737017137584733462e+01 4.295087035220571181e+01 4.275427018222686826e+01 3.107138486205475658e+01 2.444423272027735905e+01 3.059010033627817648e+01 2.604313697495325641e+01 3.366177298315475497e+01 4.445378718619052449e+01 4.674064984917361443e+01 4.078448947546408476e+01 3.049779933613502791e+01 3.123442729668694540e+01 2.002345927480078913e+01 2.239963929784230601e+01 1.520648791837877312e+01 1.410965111834922148e+01
1.290000000000000001e-02 6.366831978382099244e-01 1.261749487101636591e+00 1.894568170546402142e+00 2.531713128202300656e+00 3.178368970959305262e+00 1.317391679906102020e+01 1.501517718675159507e+01 1.910363324594621304e+01 2.221751324443999565e+01 2.055337829239157443e+01 1.546576476657396171e+01 2.187499465196704662e+01 3.238739492084081917e+01 3.473845546797296180e+01 3.261614599608410714e+01 2.280897543548715589e+01 2.773263489127784354e+01 2.091904656351174907e+01 2.364392418408703023e+01 2.928100550275535241e+01 3.899223940803766197e+01 4.626479073411193355e+01 3.995007619436525204e+01 2.939511549341536778e+01 3.825777394685174215e+01 3.367025529800796591e+01 4.123758321971656926e+01 4.790389082160038470e+01 4.375131297871853064e+01 4.494232398374874293e+01 4.078448947543736836e+01 3.296617363259835543e+01 2.715300168392588276e+01 1.678399530730846578e+01 2.563101472433112349e+01 2.462100452353162083e+01
