output/example_1/elevation_000363.asc
nrows	75
cellsize	13.33333333
xllcorner	0
ncols	75
yllcorner	0
NODATA_value	-9999
[rows 17 to 33 of 75, columns 0 to 36 of 75]
1.309999999999999880e-02 1.001309999999996236e+01 1.028847701873816867e+01 1.005531408118881487e+01 5.615400129705943044e+00 1.231678604419992773e+00 1.508921037703631729e+00 1.508921037703631729e+00 8.864691856440396478e+00 1.137768499686897528e+01 1.223512397682684494e+01 5.113833117776104054e+00 1.021079631324789716e+01 1.180228388105825488e+01 3.735682363322919919e+00 1.028139591000547171e+01 4.183817569578530460e+00 1.341416427772954734e+01 1.288573243800649948e+01 1.276962831682959809e+01 2.121096069415671082e+01 2.639718405127279155e+01 3.156157322592931536e+01 3.259808010780825782e+01 2.422989270930288086e+01 3.284563475796696963e+01 2.739356873127060510e+01 1.713354719496695111e+01 2.739356862285702832e+01 2.800914158979728796e+01 1.802166522095965462e+01 2.365375405798993924e+01 2.192663369703609533e+01 3.209853784096876694e+01 2.992467922804678082e+01 2.049497278731913852e+01 2.515953943195172471e+01
1.379999999999999977e-02 2.885211278973763283e-01 2.885211278973763283e-01 5.641801844406936217e-01 8.400488139748145677e-01 3.483325926363572744e+00 3.482358189006041105e+00 8.940483653020747212e+00 1.909850066629540377e+00 2.193642226360280834e+00 2.477671700386520737e+00 2.764871035933793575e+00 3.054320398087603916e+00 3.339490673053469028e+00 1.015328486940303954e+01 3.735682363322919919e+00 1.311119343059647058e+01 1.532444335290912996e+01 1.785004221569689165e+01 2.174925277539550095e+01 2.630369700941007594e+01 2.763371950844181413e+01 3.156696346974577239e+01 3.707107874713615558e+01 3.460050484187131303e+01 3.878930686412927997e+01 3.153712139757248067e+01 2.247712388195738242e+01 3.153709147035123905e+01 3.139713479366910676e+01 2.152241199534490335e+01 3.139714484834398078e+01 3.214132394122817971e+01 3.481285593619785601e+01 2.566794139525749330e+01 2.992434114543957335e+01 2.627477720579792830e+01
1.379999999999999977e-02 1.001379999999996251e+01 2.885211278973763283e-01 7.418342404866092643e+00 4.351397958988748371e+00 1.139776363361515443e+01 7.919957092224876760e+00 1.515318459827824960e+01 1.257897121359314241e+01 1.053534065150714838e+01 3.534956997578257987e+00 1.158446433727573854e+01 8.418207995319963999e+00 1.209346741430301009e+01 1.079151828231947263e+01 1.324853330541449559e+01 4.666109312444537416e+00 5.373747505755443576e+00 1.544535617767921742e+01 1.927462560455056817e+01 2.204246046878060383e+01 1.794988170291623319e+01 2.359485653831938023e+01 3.315118678399371532e+01 3.565710777467245407e+01 3.668656756609638592e+01 3.651716634978859588e+01 3.232976768104082765e+01 3.653842818102337020e+01 3.536342864514455897e+01 2.685783640664556060e+01 3.536346542937531723e+01 4.120294863657464646e+01 3.216599287488046599e+01 3.481285593619785601e+01 3.065908501423648502e+01 2.087544839160595345e+01
1.290000000000000001e-02 1.001289999999996283e+01 6.061993686700826167e+00 1.439537045646574143e+01 9.734974603152076966e+00 1.975008094101867684e+01 1.531695032451213301e+01 2.261070276287972192e+01 1.704915728536395392e+01 7.002337179808789003e+00 1.454422618568588454e+01 1.209653351112070929e+01 1.815675987552732451e+01 2.009966251726720543e+01 1.901963474011405708e+01 1.695397964976649519e+01 6.822939967472135159e+00 1.544535516129562680e+01 6.379322403323989477e+00 1.621490375908658876e+01 1.218044180750777272e+01 2.199985912352505224e+01 2.767123948851527615e+01 3.220566430403659552e+01 2.574532750897877165e+01 2.682933409837946215e+01 3.668656756609638592e+01 3.696336033208482519e+01 3.717630454177283639e+01 4.013251419527059483e+01 3.664342209950913087e+01 4.054161413167168604e+01 4.509144984837269021e+01 4.120294863657464646e+01 3.583835186232000325e+01 2.614883083221765148e+01 3.065908501423658805e+01
1.290000000000000001e-02 1.001289999999996283e+01 1.606198339673487752e+01 2.020411261103664913e+01 2.072468356445118687e+01 2.503891401825563889e+01 2.595165068437213662e+01 2.534455145404651333e+01 1.530010340627814358e+01 9.896208701762658322e+00 1.977240049018332968e+01 2.232670983997034142e+01 2.664455868215919310e+01 2.759583324940258819e+01 1.735094176856342330e+01 1.012592673248781772e+01 1.703395422105466750e+01 2.054600522579701760e+01 1.644901869774832903e+01 7.393231676567991073e+00 1.404098210697058668e+01 1.657009643222314565e+01 2.162056832816873353e+01 2.319474924001158911e+01 1.848587016375845238e+01 2.658379663244839008e+01 2.849127691282695807e+01 2.756321588208446727e+01 2.848553918507686689e+01 3.638554669001810993e+01 4.174416892666440759e+01 4.579404032335369834e+01 5.065304673134119184e+01 4.265645307423014287e+01 3.301420187071436629e+01 3.583835186232000325e+01 3.728591084539645806e+01
1.309999999999999880e-02 1.001309999999996236e+01 1.479587885431852712e+01 1.746849127344280816e+01 2.048360471922045534e+01 2.401913862515320375e+01 2.816127424888719588e+01 2.954723904867117312e+01 2.382264011343731624e+01 1.425012034627849289e+01 1.552950412753548903e+01 2.557856673133246161e+01 3.352270479204904063e+01 2.325706215087272000e+01 1.735094176856343751e+01 1.307929800232384743e+01 2.330290097509450931e+01 2.581367707564027469e+01 1.659217576140281025e+01 1.151165632218421031e+01 8.462126678848497008e+00 9.878089336253820463e+00 1.134443699924671556e+01 1.286078611825040596e+01 1.460586444885299251e+01 1.645080302986946563e+01 1.849105748911335212e+01 2.062086811002190601e+01 2.316240611324071352e+01 3.295594855195860617e+01 3.209031644559970431e+01 3.690970120767377693e+01 4.657863664565501693e+01 4.669317402630365166e+01 4.265645307423014287e+01 4.093928807074877341e+01 3.327448132886100751e+01
1.349999999999999985e-02 2.370522603955160790e+00 4.795878854318494255e+00 7.468491273442741551e+00 1.048360471922038784e+01 1.401913862515313625e+01 1.979264131704942997e+01 2.979264131704949747e+01 2.852255828014824957e+01 1.992712576853738327e+01 2.124432407927264066e+01 2.987443271041544079e+01 3.774624641538868275e+01 2.979099375050239118e+01 1.953241833011636075e+01 1.817650379769018443e+01 2.754349322539798095e+01 2.595940873088421341e+01 1.722824057703692802e+01 1.901303541493794569e+01 9.368600407451891598e+00 1.953823748118443859e+01 2.165128513512434338e+01 2.054931694191018110e+01 2.192868957434136590e+01 2.164130696908237539e+01 2.849127280559606490e+01 2.637023753173570029e+01 3.295595913658983989e+01 2.721410460998196967e+01 3.691724999361486681e+01 4.579404032335369834e+01 5.065304673134144764e+01 4.930313416152140604e+01 3.963877185732577146e+01 3.286309661832555662e+01 2.726960218885046316e+01
1.349999999999999985e-02 1.001349999999996321e+01 1.479587885431852712e+01 1.746849127344280816e+01 2.048360471922031678e+01 2.401913862515320375e+01 2.816127424888719588e+01 3.393477694078563189e+01 3.455158152031873442e+01 3.021396049257278804e+01 3.152547581712729752e+01 3.582591509955465625e+01 4.025988417151020116e+01 3.402458895886285717e+01 2.678354404128210575e+01 2.541954018740547738e+01 3.266646985429488836e+01 2.997843187048960090e+01 2.595781372852786006e+01 2.125104928620598699e+01 1.117649719868601466e+01 1.091313737908892101e+01 1.091313737908892101e+01 2.939432290897003242e+01 3.184360082367179245e+01 3.152628304198068676e+01 3.152627976521563014e+01 3.610295782115224483e+01 4.014503671800139273e+01 3.691725267807618138e+01 4.094957582235142723e+01 4.709408148530676641e+01 5.130940096227588754e+01 4.827151315077068716e+01 3.862353362038597027e+01 3.184791747661517647e+01 3.618883787979549993e+01
1.359999999999999924e-02 1.001359999999533557e+01 1.775476992829389999e+01 2.189475650591634448e+01 2.461986228445891456e+01 2.871636775790960883e+01 3.480452931496137126e+01 3.076457061018732375e+01 3.470518561756015430e+01 3.857876963496662626e+01 3.568727695869507244e+01 3.505567770268262251e+01 3.014479204154420700e+01 3.724394413780201774e+01 3.705161962665701481e+01 3.569549665128801053e+01 3.560322440343484374e+01 3.176712050547191168e+01 2.388359953136114910e+01 1.388682440951586905e+01 2.125706542480136818e+01 1.204470071753066662e+01 2.201842287355193761e+01 2.762978194045309621e+01 3.248371238570197050e+01 3.663954074433700470e+01 4.126098252517398635e+01 3.733865375658620422e+01 3.317351686456473203e+01 3.734867975137264295e+01 3.993076810195909587e+01 3.696362725836991103e+01 4.709408097844426777e+01 4.827151315077068716e+01 3.862353362038597027e+01 3.862353362038597027e+01 4.020235725438690366e+01
1.369999999999999864e-02 1.001369999999996274e+01 7.759612568909943775e+00 1.612428823194144201e+01 1.471308133152732189e+01 2.295238841811519492e+01 2.830808757140261633e+01 2.083413369638424228e+01 2.985980045487324119e+01 2.861468534143994802e+01 2.569003630884058254e+01 2.513830726410684591e+01 2.307069889075152247e+01 2.884030118661531716e+01 3.887138856166951228e+01 3.693976619693989250e+01 2.798048104976537687e+01 2.266449473097904388e+01 1.896034239603137195e+01 1.623338313078623685e+01 2.534956723088518515e+01 2.212692035255496137e+01 1.366081023892630242e+01 2.368829228147992083e+01 2.258071102591268797e+01 3.248371870802097305e+01 3.574132867695574589e+01 3.317197109957486845e+01 2.334732110841529718e+01 3.317036535048148238e+01 2.999341681717788788e+01 3.565733230436082835e+01 4.576838541997469889e+01 5.234641311524514862e+01 4.827151315077068716e+01 4.827151315077068716e+01 4.502358598486508612e+01
1.290000000000000001e-02 9.982292257216973663e-01 1.988375994276663450e+00 1.192754236551498792e+01 8.954388042562809957e+00 1.444685064624919946e+01 2.048182908401022928e+01 1.584536546844037375e+01 2.580182646888853171e+01 2.822838145419380496e+01 1.863405065521572723e+01 1.808605252817716291e+01 2.807168107193416162e+01 3.724394413780201774e+01 4.304164474425648024e+01 4.086213940550492651e+01 3.560322439921100823e+01 2.936748125306047186e+01 1.974194309945694670e+01 2.641529287052205177e+01 2.953193989943780196e+01 2.074065812223297556e+01 1.631217841705403160e+01 1.549848346541306832e+01 2.548123702658575951e+01 2.874874249918049074e+01 2.585233081588517479e+01 3.039212800963006700e+01 2.334732110841529718e+01 2.566029712647696215e+01 3.548664930325043088e+01 4.413626066609340626e+01 4.998592305204021358e+01 5.022463963217310123e+01 4.614735278671269469e+01 5.022463963217310123e+01 5.145212661030169699e+01
1.379999999999999977e-02 1.001379999991821457e+01 1.198408236078058309e+01 3.439287994047268704e+00 4.487486049157497270e+00 1.447129535328699035e+01 1.051517750725811418e+01 1.843179214009915157e+01 1.973634393506994300e+01 2.105409404012750940e+01 1.418316158001181471e+01 2.415548373520660164e+01 3.222137016556928302e+01 3.788357024363146763e+01 3.788356827354134992e+01 4.202240965890721469e+01 3.316459647062117710e+01 2.362828660335873465e+01 2.936748125306234058e+01 3.336488786258203731e+01 3.352465099537320725e+01 2.548733400835926588e+01 1.927177268564959789e+01 2.548123702658575951e+01 1.744065981218293260e+01 1.884836911893417266e+01 1.884836911893417266e+01 2.053190877613003806e+01 3.039212786266567079e+01 3.548664731577528642e+01 3.181454123360306951e+01 3.883091104629486523e+01 4.898666308815572279e+01 4.529078482754750468e+01 3.626959087321078101e+01 4.529078482754750468e+01 4.159353677619162681e+01
1.359999999999999924e-02 1.001359999999996298e+01 1.757132119962887629e+01 1.050437110405882812e+01 1.447543611456825730e+01 6.058242810281250001e+00 7.189672737807667247e+00 8.457905284602359686e+00 9.768012482845479738e+00 1.111206410575367265e+01 2.107681768377276299e+01 2.588555061967142379e+01 2.826109844190985498e+01 2.795688982946100865e+01 2.795688982894714414e+01 3.788356932870759408e+01 3.617277629074268930e+01 2.669516927071837031e+01 3.114275590875667277e+01 3.894018658946016842e+01 3.869296939956932846e+01 3.205698459694495739e+01 2.231108358195074004e+01 3.150431726829939549e+01 2.737580579622464327e+01 2.292211023258641234e+01 2.330389833993305260e+01 3.039212808763461737e+01 2.580203558929543206e+01 3.566307564101300898e+01 4.180546194623325107e+01 4.601432956735263247e+01 4.179082272379962859e+01 3.770197700759770498e+01 3.129060638448679299e+01 4.120847182996175917e+01 4.094641594783989547e+01
1.359999999999999924e-02 7.084667811865418940e+00 1.708466780966175591e+01 2.049725156722952946e+01 2.018657400729574292e+01 1.604398000742116537e+01 1.126209869156507892e+01 1.550738234813339922e+01 1.973751058434122285e+01 2.107683108663970373e+01 1.368098930372052813e+01 1.595934349254886087e+01 1.836149253998907227e+01 2.099737413539113362e+01 2.583801052258494835e+01 3.230957722916204489e+01 4.045209032541197303e+01 3.803328696349482385e+01 3.237056544617983889e+01 4.197182379678954334e+01 3.901171811123564481e+01 2.917624432175943383e+01 2.716966172938538904e+01 3.617936754187503823e+01 3.692571437403822188e+01 2.781924976023957541e+01 3.315372330181994442e+01 3.132281149663425879e+01 3.566307615061588621e+01 3.273060786820440171e+01 4.274268259072057674e+01 4.469649312626193449e+01 3.480476021168183820e+01 2.776278193321799748e+01 2.776278193321799748e+01 3.394531423991021768e+01 3.102887248689612321e+01
1.319999999999999993e-02 1.001319999494874402e+01 1.618786727573092676e+01 2.033142577559910791e+01 2.480434743152916610e+01 2.536911150986960450e+01 1.702084344167150221e+01 2.533165914281881115e+01 2.958691325630879732e+01 2.776703951170815898e+01 2.363000352111447100e+01 1.864729170211340659e+01 2.826109844190986209e+01 2.795688982946100865e+01 3.498967128113484648e+01 3.958699628951153215e+01 4.556861358098667836e+01 4.656650705219464470e+01 4.232378300103780333e+01 4.656650705219464470e+01 4.318249076199064262e+01 3.901171811123564481e+01 3.402056323029061247e+01 4.110693927309203133e+01 4.190620522721026475e+01 3.771780683210288032e+01 4.190620522698688433e+01 4.130034645202945143e+01 4.549708169902388022e+01 4.274268275699729003e+01 4.694756994290252550e+01 4.511511271691470881e+01 4.068828702358717919e+01 3.659929716748681017e+01 3.328428818258040423e+01 2.398307510863324765e+01 2.397111509256728468e+01
1.019999999999999900e-02 3.025313445777431998e+00 6.187591106001307573e+00 1.065972720329816958e+01 1.773085218076701963e+01 2.773236186692671268e+01 2.700448132119688438e+01 3.113529953597072719e+01 3.284142140025565482e+01 3.685681206178843183e+01 3.275479521236333369e+01 2.568642075812563874e+01 2.568642075812563874e+01 3.567741540745451090e+01 4.202245273300820827e+01 4.291494809394865939e+01 3.874432561796899677e+01 4.291494733548250196e+01 4.347926780790380974e+01 4.255856119000075921e+01 4.082859899086979283e+01 4.500431908365094813e+01 4.400287299218069137e+01 4.479830386231927264e+01 4.363214820573421804e+01 4.119202023661042489e+01 3.711512184791911295e+01 4.119200753980785379e+01 4.163334492604823112e+01 4.577946859480131536e+01 4.801000867977166564e+01 3.814416453274052543e+01 3.111796850396939362e+01 2.665391040453982896e+01 2.330624103917600110e+01 2.145618723193247490e+01 2.186312281396705970e+01
7.249999999999999500e-03 1.000724998596193238e+01 1.618540523058630498e+01 2.032933642627976667e+01 2.480434743152916610e+01 2.644549123455966821e+01 2.860873195689632809e+01 2.583063797587803379e+01 2.291421015383308557e+01 3.284142140025566192e+01 3.925167042942582185e+01 3.567741540745451090e+01 3.567741540745451090e+01 3.982316966664368607e+01 4.369176923210678609e+01 3.790456714918347103e+01 2.874345214507459545e+01 3.790456418453364762e+01 3.346028228932990345e+01 3.254548387916320706e+01 3.085530842381704275e+01 3.922800976722047039e+01 4.460333394309969890e+01 3.434304738115243083e+01 3.260151747118071341e+01 3.638226649769968191e+01 2.758801705565033657e+01 3.638226432166279523e+01 3.177089302439680196e+01 3.675660059023430648e+01 4.091060092495494871e+01 4.511518793579132591e+01 4.068883955481161507e+01 3.603794904618636252e+01 2.611291662078114584e+01 1.895168635652014544e+01 2.903002208604393530e+01
