output/example_1/elevation_000277.asc
nrows	75
cellsize	13.33333333
xllcorner	0
ncols	75
yllcorner	0
NODATA_value	-9999
[rows 51 to 67 of 75, columns 0 to 36 of 75]
1.369999999999999864e-02 1.001369999999996274e+01 1.024634547203388024e+01 1.731741328389940193e+01 2.731741328389946943e+01 3.161666701810847613e+01 2.868773042623367076e+01 3.163131916097024643e+01 2.723225454646489396e+01 2.029919672741210945e+01 1.023828460232735438e+01 1.316887690122097254e+01 2.129541170772044367e+01 2.364032882837877736e+01 1.343357446267078359e+01 6.435160896681296094e+00 1.642203926559484728e+01 2.505087519684358099e+01 2.928650532667203166e+01 2.720706393470962681e+01 2.219048684169484176e+01 1.804309395148341721e+01 1.337338705264597927e+01 3.348134205662342211e+00 2.635640534833245674e+00 1.075954011735681703e+01 1.130669492966719325e+01 1.108722496582068828e+01 1.464761324804752407e+00 9.763898984910223788e+00 1.492238221406457566e+00 1.492238221406457566e+00 1.492238221406457566e+00 1.492238221406457566e+00 1.600231626490434822e+00 1.887389528821569185e+00 1.860523604316695501e+00
1.290000000000000001e-02 1.001289999999996283e+01 1.992893831562551554e+01 2.438848109576492718e+01 2.658038853663328638e+01 3.091339841283566159e+01 3.449870707699485450e+01 2.472867981283458150e+01 1.772092678780591513e+01 1.325328201842080489e+01 1.989628865179414063e+01 2.283118272129939541e+01 2.665131351393510428e+01 2.659237994438218422e+01 1.779663440422840992e+01 7.811806504345929270e+00 1.779746788524342449e+01 1.479331503663927450e+01 2.505110394254482387e+01 2.306814652306331226e+01 1.301804167938074031e+01 7.957726018118016498e+00 4.409754893472377368e+00 1.335380492452721235e+01 6.675654571981364249e+00 1.547715852011582349e+01 1.728184782754540905e+01 6.648630372618985263e+00 1.238549753114472018e+01 1.464761324804752407e+00 1.181361465689233725e+01 1.140432598312905554e+01 2.982735036075260471e+00 1.154636294525085560e+01 1.600231626490434822e+00 7.764598886330088767e+00 3.033824525421203067e+00
1.329999999999999932e-02 5.786802691896245854e+00 1.578680269189620944e+01 1.911316931421053766e+01 1.617186604124782079e+01 2.647076316652622197e+01 3.469103171202081626e+01 3.163131916097024643e+01 2.317655783381912471e+01 1.325328201842080489e+01 1.772151742583159262e+01 2.758936372457963060e+01 2.835231364466558546e+01 1.796703276705181196e+01 1.216687676705712029e+01 7.811806504345929270e+00 7.811806504345929270e+00 1.479444786620306651e+01 2.509205630979250046e+01 2.720706398794384029e+01 2.216074846679787314e+01 1.447436683997618267e+01 4.409754893472377368e+00 1.413417976185319347e+01 1.843479074772151804e+01 2.147754401190857010e+01 1.452299395296503803e+01 1.472862576932415912e+01 2.114724285142661842e+01 2.013151477489116203e+01 1.485955879521194589e+01 5.174879109095753549e+00 1.282572542558597384e+01 1.470792931380347390e+01 4.854492261700014133e+00 1.409784786646168797e+01 1.719672872465907076e+01
1.369999999999999864e-02 1.001369999999996274e+01 1.365457504642791520e+01 9.005670949956380511e+00 1.909328620681458943e+01 2.290271335106033135e+01 2.741841202567295710e+01 3.184742086322867394e+01 2.669223833711009419e+01 1.678728458360217601e+01 2.669049146989873478e+01 2.582668659081501161e+01 3.256526777435565378e+01 2.471938669721389203e+01 1.442815382430313953e+01 9.525750877181607734e+00 1.779905698778026846e+01 1.511119949995510581e+01 2.592104476598976603e+01 2.883872584556647567e+01 2.208231176753922753e+01 1.232001695595998569e+01 5.207002867548678360e+00 1.081681321505202220e+01 2.037430287772820492e+01 2.786139831728371874e+01 2.129756670355794412e+01 2.450616895595315725e+01 2.608033202773514247e+01 1.707751355347109268e+01 7.438915499834194200e+00 1.486236731626006069e+01 1.441189119261789031e+01 1.792802268356650330e+01 7.300743085215000150e+00 1.067032797337430949e+01 1.067032797337430949e+01
1.319999999999999993e-02 1.001319999999996213e+01 3.654328817503979643e+00 1.272957607580157635e+01 1.372555510486845520e+01 2.007344598548979064e+01 1.720765817536508990e+01 2.757893447412809707e+01 3.079196721554149363e+01 2.253323141236895921e+01 3.079059307585701077e+01 3.280043728803331504e+01 3.507326898883255240e+01 2.472033735672310684e+01 2.152965571708611492e+01 1.136520765754528028e+01 2.152006274346475578e+01 2.591307781423003931e+01 2.929216816447684124e+01 2.218603620438260293e+01 1.635258070710775513e+01 1.521259456925005438e+01 6.028484399015304085e+00 1.575948381370969287e+01 2.373968946152476889e+01 3.102341190989973185e+01 3.045299809728232177e+01 2.904064131622746459e+01 1.904665280752922385e+01 1.218181909576118649e+01 9.288061243697168123e+00 1.893496269862873405e+01 2.361657548327894673e+01 2.383988122886185224e+01 1.829189127278569416e+01 1.171553346750923730e+01 1.987270582596991275e+01
1.349999999999999985e-02 1.472149914978944985e+00 1.147201163078156760e+01 6.154417488204345865e+00 7.980393404285664793e+00 1.002271453106901866e+01 2.010601907304015512e+01 2.687460795515774947e+01 3.043995923001775239e+01 3.241239008991136217e+01 3.659745530728565654e+01 4.260026933264031612e+01 3.717334578397405664e+01 3.181957775172675440e+01 2.363274168744339221e+01 1.334585723135774593e+01 2.057473187333146214e+01 3.101194360553497020e+01 3.420725179379789438e+01 2.883872542736728306e+01 2.051766779814341390e+01 1.041474105174154374e+01 6.861209178111872475e+00 1.695144561663094862e+01 1.707277521965529488e+01 2.279686402726175487e+01 3.266120261540162062e+01 2.904064007200960518e+01 1.904665280703796881e+01 2.092783231938929944e+01 1.116698861551480881e+01 1.658505953322410420e+01 2.610775178518912654e+01 2.613679090813230488e+01 1.705252721327761023e+01 1.744111622376538406e+01 2.511350436986149859e+01
1.369999999999999864e-02 1.001369999999996274e+01 9.628221097892431857e+00 1.622579184223471316e+01 1.508916897247086375e+01 2.010601907325940374e+01 1.357210713111942191e+01 1.676329822453611129e+01 2.035114593117042858e+01 2.751113876305032946e+01 3.751216251699184312e+01 4.035765792403947927e+01 2.992917896537622013e+01 2.247289297906516126e+01 1.729851488417211414e+01 2.362789606117464203e+01 1.921901391623959299e+01 2.966346678327889919e+01 3.581023814514605164e+01 2.557540715814641885e+01 2.466309122493379746e+01 1.781071716514949799e+01 7.726423003008202173e+00 1.129930504903683719e+01 2.126958287953230808e+01 3.102341192692739114e+01 3.669889044771813502e+01 3.313647711382276384e+01 2.904064004876748939e+01 2.314995924482623835e+01 1.322707386980238020e+01 2.312012260695586718e+01 3.010916663804917093e+01 3.001155743231574391e+01 2.160293679996012273e+01 2.652649167901703109e+01 3.040666927155092125e+01
1.379999999999999977e-02 1.001379999999996251e+01 1.955681811878669407e+01 2.361931307876425379e+01 2.517176643714382323e+01 2.783387146038715088e+01 2.367826956264519467e+01 2.183028270677600347e+01 3.043976061756719886e+01 2.860696916125090894e+01 3.859609053382804689e+01 4.002476204691264883e+01 3.624080668292454277e+01 2.580517477891612188e+01 2.465614405516204144e+01 2.771428861948610844e+01 2.524043224479520120e+01 3.388452300605077028e+01 3.240136096741673555e+01 2.156210677946657839e+01 1.555155819207746681e+01 1.200851980778703343e+01 8.628658937508646432e+00 1.340346043627379480e+01 2.303900027525968497e+01 2.745986470359074971e+01 3.754552726007175778e+01 3.353488045180785804e+01 2.342665678493558801e+01 1.752715208891858012e+01 2.314995926071502197e+01 1.885783951819221826e+01 2.904726553519666865e+01 3.461038476240294415e+01 3.067064501630449413e+01 3.461038476240294415e+01 3.236690884907196875e+01
1.309999999999999880e-02 1.001309999999934952e+01 1.456029537671715524e+01 1.870238970265209133e+01 2.140633580293724236e+01 2.518596590410825087e+01 2.932763078950248214e+01 3.190035973912487322e+01 3.602902549061585091e+01 3.859604989151961263e+01 3.709322942762025122e+01 2.998494157335542809e+01 3.367453281876313298e+01 3.624071382948531550e+01 3.513037813209050597e+01 3.805646191143546986e+01 3.569483899500637847e+01 3.983068138784302903e+01 3.641756721905360905e+01 2.983363948054801540e+01 2.542419798830154676e+01 1.966964778697013827e+01 9.581771613749500816e+00 1.965155977633127193e+01 1.749787517786040425e+01 2.449871440755593710e+01 3.460871390850495999e+01 3.759137053799617689e+01 3.180839731040344986e+01 2.262807775189206438e+01 3.180839731040344986e+01 2.477458060962169384e+01 3.318338975036729011e+01 3.646169480926459272e+01 3.220629120639659249e+01 2.978015979391193468e+01 2.310522133293393310e+01
1.349999999999999985e-02 1.001349999999996321e+01 4.560297128109636056e+00 1.456029537665648199e+01 1.140634949954005783e+01 1.518599422948724609e+01 2.018599422277899436e+01 2.595949664380205490e+01 3.595932313871799124e+01 4.093957410265837638e+01 3.292553688946698287e+01 2.289407873125951554e+01 2.364267782547353747e+01 3.074317657521025637e+01 3.367502170104816628e+01 3.784370511676120685e+01 3.878488407425507489e+01 3.432073631099079591e+01 2.873658476605820411e+01 2.687805738006303002e+01 2.183541201552045052e+01 1.178535304871508949e+01 1.968081628439154684e+01 1.136547269336787380e+01 2.145330529802862429e+01 2.745977629569921419e+01 2.530518243289254698e+01 2.942063218473135322e+01 3.437780666689995712e+01 2.988375099373926602e+01 3.682796843957781618e+01 3.496723519519640888e+01 3.888970487618336591e+01 3.044115180951246913e+01 2.172728078897823778e+01 2.581761434252995002e+01 1.676264195125267520e+01
1.369999999999999864e-02 1.001369999999996274e+01 4.560297128109636056e+00 6.692304291665737814e+00 1.047194902175790077e+01 1.494408497671070002e+01 2.071758765007202285e+01 3.071756462508281516e+01 4.009974923028752158e+01 3.676679889294853609e+01 2.673040956480685537e+01 2.658108568350973400e+01 1.654712116931803223e+01 2.658108512236139021e+01 2.364268103923118503e+01 3.367502204265385757e+01 3.464483672497064504e+01 2.466798983177729099e+01 2.018881471884394330e+01 1.698643151412160535e+01 1.407032481532115575e+01 2.183541201552045052e+01 2.145136618905086578e+01 2.145330718615367260e+01 1.331714859318732813e+01 2.334144606469304506e+01 1.535236285490851316e+01 2.035648897140228186e+01 3.025391982911503774e+01 3.973663299969818041e+01 3.876409677713737523e+01 3.453568940495821948e+01 3.537804918925480280e+01 2.613198115364007279e+01 1.567206594120748342e+01 2.010581944300248480e+01 1.893321102756962659e+01
1.290000000000000001e-02 1.838641858350552827e+00 1.183864127469410121e+01 1.376337206159912085e+01 1.485726978977138302e+01 2.461398359709895800e+01 2.908607281908279418e+01 3.485947356970998356e+01 3.218024620238251998e+01 2.801541497305276707e+01 2.771667133038446096e+01 1.853935665673686017e+01 1.654712116931803223e+01 1.654712116931803223e+01 2.234146017238740356e+01 3.237252821512786483e+01 3.464483672702083084e+01 3.432077756761165688e+01 3.006657438755182810e+01 2.466263780433325081e+01 1.602512402875073505e+01 2.599747216530269256e+01 3.139292347894122770e+01 2.746007984288263870e+01 2.334144606469304506e+01 1.535236285490851316e+01 1.535236285490851316e+01 2.530518258303277435e+01 3.437871671885478264e+01 4.189853920636767270e+01 3.148882169911481910e+01 2.405822616180074291e+01 2.790480343362889570e+01 2.145524179647741647e+01 2.009633029852698627e+01 9.708697767325444872e+00 8.800703467440538219e+00
1.359999999999999924e-02 1.001359999999996298e+01 1.598076318080994795e+01 2.376336075833697237e+01 2.485725321564253321e+01 2.899923105954347591e+01 3.315402549790442777e+01 3.600795262890019899e+01 2.801540951069904750e+01 1.798487239883329991e+01 2.092274930045386583e+01 1.352956884646411950e+01 2.355573899375723101e+01 2.658108642175058733e+01 3.074325800464520597e+01 3.653979369488013873e+01 4.464447019733139399e+01 3.989041179029805306e+01 2.992361107491468886e+01 2.254237789193271624e+01 1.832351856528505252e+01 2.819423080333531928e+01 3.230890551657113008e+01 2.240414649892976939e+01 1.535236285490851316e+01 2.530518227561170619e+01 2.067813387657998092e+01 2.299115659664837352e+01 3.035505387554341894e+01 4.041022495994064201e+01 3.530772476057971687e+01 2.484219988801443435e+01 1.739686494411171935e+01 2.151210185218964455e+01 1.105906596643346695e+01 2.010669599202336499e+01 1.141020426970396251e+01
1.379999999999999977e-02 5.778839560200606407e+00 1.278881065675598805e+01 2.259405880929803345e+01 2.487508029150875544e+01 2.900670272600536492e+01 2.355739581971235808e+01 2.636818357591875639e+01 2.315411672901428730e+01 1.899624737304790756e+01 1.091245412714515517e+01 1.319760928515894882e+01 2.322263623122692877e+01 2.979498187054149838e+01 3.313766060004500247e+01 3.730466075876650223e+01 4.232637283296550379e+01 4.316847856656440285e+01 3.302543036925226971e+01 3.059108928638323377e+01 2.070858809829510250e+01 3.059108949293888813e+01 3.230890265352845603e+01 2.240414649700099048e+01 2.530518240918782880e+01 1.820582505049125643e+01 2.810512688635526857e+01 2.845798853349043611e+01 3.698191725936398910e+01 3.784730117450866516e+01 3.354288267130620937e+01 2.882898800393654426e+01 2.295690749895021199e+01 1.245800852941798986e+01 2.151210185213815507e+01 2.463518487385826816e+01 1.416527201627771859e+01
1.349999999999999985e-02 1.001349999999996321e+01 1.759451223298151845e+01 1.645304054410795658e+01 1.482401582464514789e+01 2.045178923309761743e+01 1.692082435030991761e+01 2.132649791240938342e+01 1.717070847976867753e+01 8.997264948285948805e+00 1.606000371799759918e+01 2.322261763629598263e+01 1.673633684931155585e+01 1.976261432649057070e+01 2.310962112310441441e+01 2.812282849124548534e+01 3.815249710757677093e+01 4.045891508035547446e+01 3.041928622162894058e+01 2.468957438945881577e+01 3.059108949293888813e+01 3.473861313048450938e+01 3.643710371587652475e+01 3.230890265352845603e+01 3.016568578014157964e+01 2.028359197594745567e+01 3.016423722056045165e+01 3.723766685325097825e+01 3.972237515772185645e+01 3.354288412959365218e+01 2.303764041684530639e+01 2.451263354558745888e+01 1.398309470766936258e+01 1.987868735199390713e+01 2.728990320991789176e+01 2.779281892169875690e+01 1.732013546459484488e+01
1.359999999999999924e-02 1.001359999999996298e+01 8.224367015620806853e+00 6.989375312110981397e+00 1.630284117566564817e+01 1.091144668612807500e+01 1.947560269858619719e+01 1.540418770353743838e+01 7.176988710673666283e+00 1.717070847903366371e+01 2.315325092855701783e+01 3.024547577136815590e+01 2.677007621726594877e+01 2.492875472640789880e+01 3.313766279535274606e+01 3.730466157250849335e+01 4.232637283296550379e+01 4.461020824995265599e+01 3.466253265620575519e+01 3.172222237460489325e+01 3.172222237460489680e+01 4.176106961563167630e+01 4.040215195839081019e+01 3.626355381382073517e+01 3.237560281572934429e+01 2.249267630631759829e+01 3.237560281520067207e+01 3.469938289911935669e+01 2.805731721484277941e+01 3.251485028340194816e+01 2.611455474513043384e+01 1.557228300746972316e+01 2.451263444552859383e+01 2.884357472656997246e+01 3.470111911360758938e+01 3.208719159104754226e+01 2.201318252919022456e+01
1.290000000000000001e-02 6.737186004550889118e-01 1.335984778987610033e+00 8.631426170133471132e+00 1.193718344267686504e+01 7.193251665147736063e+00 1.436106239965303288e+01 5.410896253804192924e+00 1.540331348828166291e+01 1.746049543421808892e+01 2.151397281348571866e+01 2.627507337308581725e+01 3.023900171630884515e+01 3.496319716084350659e+01 3.913302209292044864e+01 4.050394405836483713e+01 4.050394405836492950e+01 4.444028986095489842e+01 4.469793983637249823e+01 4.176106961563167630e+01 4.176106961563167630e+01 4.591135480896830501e+01 3.626355381382073517e+01 2.635125031023617481e+01 2.635125031023617481e+01 2.817987094856642116e+01 3.649784179786347948e+01 3.035470983740468043e+01 1.981309973094129973e+01 2.818840274175979488e+01 1.764712226509104198e+01 2.611455528251137537e+01 1.557228300746972316e+01 2.611872997255976969e+01 3.350542014360590315e+01 3.674413292337926862e+01 2.941169680574302348e+01
