output/example_1/elevation_000065.asc
nrows	75
cellsize	13.33333333
xllcorner	0
ncols	75
yllcorner	0
NODATA_value	-9999
[rows 51 to 67 of 75, columns 37 to 73 of 75]
2.448658540692902719e+01 2.415238634555580077e+01 2.873559711419624918e+01 3.473847233038654281e+01 4.044458610855897973e+01 3.346525467154229005e+01 2.331866738003960648e+01 3.352911310401410105e+01 3.960973378453443416e+01 4.210580806031551759e+01 3.747652661578562316e+01 2.999139146967279856e+01 2.015814905020421932e+01 2.701480879554961234e+01 3.104487866664291928e+01 3.448850626022649379e+01 3.012306389212898949e+01 1.976315175239097499e+01 3.005694854687248707e+01 1.989606383081497754e+01 9.009045608957311657e+00 9.009045608957311657e+00 1.963389692074454729e+01 1.618154982465543057e+01 2.142044032664095354e+01 1.951351337401282748e+01 2.760172585521592481e+01 2.034464893720116763e+01 2.424170704680296495e+01 1.465793164485134348e+01 2.557817954887084611e+01 3.117293452837559542e+01 3.670302870198933221e+01 4.076418396313261638e+01 4.289884164921680565e+01 3.588478531213761613e+01 3.418924158532717428e+01
1.408586922430707133e+01 1.682803811760837576e+01 2.727718564450106697e+01 3.682380964179736083e+01 4.209415662723732510e+01 3.829143561247086325e+01 3.071893659336630833e+01 3.835351535653424548e+01 4.559128780489699295e+01 4.277427187648640228e+01 3.280296972420949686e+01 2.586068272254330225e+01 2.999030361059578809e+01 2.403907072867069061e+01 2.967165575473482875e+01 3.932441121989546673e+01 3.441479086332818582e+01 2.583742885068883055e+01 3.433120378612385792e+01 2.426578126948145453e+01 1.991221184236866293e+01 1.988091932910053572e+01 9.601613485718250018e+00 1.008351865445168905e+01 1.057182447485619115e+01 2.143451479649239744e+01 2.213254726189749277e+01 1.244557344314166514e+01 1.332248361174361229e+01 2.429060403862690620e+01 1.767662139812206945e+01 2.826839042424536430e+01 3.299926024872174679e+01 3.706212695947173330e+01 4.410969332024656353e+01 4.577153366732675721e+01 3.985001445396812869e+01
1.780005242539305854e+01 2.727715860570417306e+01 2.201618221132167363e+01 2.728592013943181627e+01 3.480696719258119742e+01 4.534706270270693551e+01 4.188664430140994455e+01 4.271513331232568333e+01 3.578779885169686281e+01 4.271513331232568333e+01 3.982095111288325029e+01 3.281578298417644390e+01 3.690574206047301686e+01 2.730666915369620185e+01 3.690579775214117575e+01 4.327697159621519774e+01 4.036378075922292652e+01 3.608699490040844182e+01 3.345621534991975210e+01 2.318368991158075687e+01 2.182827316189684197e+01 1.092439529562367007e+01 2.047195871275071966e+01 1.442468727470021683e+01 2.141838572852547173e+01 1.125034971124760474e+01 1.125034971124760474e+01 2.213356000340492713e+01 2.429733273985805653e+01 2.852707197019269003e+01 2.826838988483550708e+01 2.077918086112629226e+01 2.300323149132979239e+01 3.299926024872174679e+01 3.430745951391289594e+01 4.410969332024656353e+01 4.979411821630196755e+01
2.519899079953522758e+01 3.259641501370553129e+01 3.257075444845232681e+01 3.686788071088477636e+01 3.659832384449033071e+01 4.065116699818840118e+01 4.283736529148028183e+01 3.782723026613068384e+01 2.874716378458145982e+01 3.677241983696472261e+01 4.084069578684911050e+01 4.289783670396048620e+01 4.069404822592212412e+01 3.127523377882315359e+01 4.069408871273941486e+01 4.304021563868202804e+01 3.719070139959405452e+01 3.261486861767846079e+01 2.839681730894620060e+01 2.321946579936282617e+01 1.225933659321839997e+01 2.184236560009277639e+01 2.561615164000726352e+01 1.902836202600696325e+01 2.615310780708616889e+01 2.210587537543581149e+01 1.125034971124760474e+01 2.213035834232651666e+01 2.720463387232379660e+01 3.444361629902767419e+01 3.506035689761639418e+01 3.100005449724334383e+01 3.299926024872174679e+01 2.628118749341645710e+01 3.610620293192096852e+01 4.351003645170600009e+01 4.757488617750622240e+01
3.039922122565009133e+01 3.535386028287496885e+01 3.943173358682188478e+01 3.509988157745856796e+01 2.714805023172203491e+01 3.509779624087767758e+01 3.286768058169382556e+01 3.287233139809587357e+01 2.423262233060621895e+01 2.679292547765586363e+01 3.386549256920432072e+01 4.367481959606501363e+01 4.460399413336536156e+01 3.995928540006546115e+01 4.460555407312656939e+01 3.882999095625502406e+01 2.871055600032001465e+01 2.272260185049472625e+01 1.774583908346813033e+01 1.366169593408722527e+01 2.321905642205265607e+01 2.750518849536124932e+01 3.179848242788023072e+01 2.607316329103575470e+01 3.280734087363653373e+01 2.617149638054820926e+01 1.574390715265482754e+01 1.206894361607093025e+01 1.994042864287529326e+01 2.803481256581904546e+01 3.193892043920003587e+01 3.544719306706468132e+01 3.945592034984135665e+01 3.610620293192096852e+01 3.001967836139979084e+01 3.370618460248603299e+01 3.859482261969369432e+01
2.821503302885415110e+01 2.525798833376270736e+01 3.535374375367877064e+01 3.113131030404352728e+01 2.167887269318919508e+01 3.111684894769324572e+01 3.195108749284295513e+01 2.275937805197811770e+01 2.031302247762079105e+01 3.047529621498316388e+01 3.229075616427693518e+01 3.932309765426359149e+01 4.921181889754145544e+01 4.602924401663019438e+01 4.071324646993516438e+01 3.600401274551681041e+01 3.222441851509978505e+01 2.911374247060703979e+01 2.463111136583281535e+01 1.366169593408722527e+01 1.687554575397593126e+01 2.762390528351805230e+01 3.589922970517813638e+01 3.592168818118084062e+01 3.346740060832647146e+01 2.336013657185686299e+01 2.632039354724967950e+01 2.296730792673478305e+01 1.290469687893118333e+01 2.383788404879500078e+01 2.104929210866846745e+01 2.564593626074932686e+01 3.139742844752593598e+01 4.102869390879600786e+01 3.692940859915162832e+01 3.692940859915162832e+01 4.674568282547508602e+01
1.794829608988391456e+01 2.229106023996673969e+01 2.643567324379975503e+01 2.404622923591071526e+01 1.820230324464494842e+01 2.381698841344234907e+01 2.543055534675429996e+01 1.752297680779728140e+01 2.781718468414577572e+01 2.410251418320099859e+01 3.411297070598818948e+01 4.268316219213414797e+01 4.698740041262408340e+01 4.256593565915741806e+01 3.070347138829798439e+01 2.533212263041798451e+01 2.174972696209963630e+01 1.846623592521258672e+01 1.532156971118346966e+01 2.157536389456181425e+01 2.762390528352094421e+01 2.191394822121126396e+01 2.929117197591925503e+01 3.952652438705289484e+01 3.758107666112699974e+01 3.346740061173996139e+01 3.085793169704538741e+01 1.583467691445519954e+01 1.352823385705141668e+01 1.491892746061543740e+01 2.709170036180542596e+01 3.544719306586708996e+01 3.945592034971497952e+01 4.501545738204631419e+01 4.674568282547508602e+01 4.674568282547508602e+01 5.080723094255543515e+01
1.797358968460457618e+01 1.190614804331309173e+01 1.973626858650865756e+01 1.341955775193171085e+01 2.035000103905842295e+01 1.346627570958045794e+01 1.505757409453351237e+01 2.543146261464518076e+01 3.197087337401768181e+01 3.411297070598818948e+01 2.885299811036849960e+01 3.371701986101211901e+01 4.269347040267707882e+01 4.671083765105021968e+01 4.070606285336042873e+01 3.584959486908307014e+01 3.207586807685262897e+01 2.728985594795480196e+01 1.664020871605052676e+01 2.738553997660670092e+01 3.621763930427639622e+01 2.929117197591834199e+01 2.929117191039714641e+01 3.952649692099259227e+01 3.918381751830843740e+01 3.508873969749683397e+01 2.993355777109979954e+01 2.346918568661698501e+01 1.417752261060431707e+01 2.510486807969802214e+01 3.023854977514758602e+01 3.379464654573082782e+01 3.379464655032857934e+01 4.354280460526592833e+01 4.755331432628480570e+01 4.346742530911045321e+01 4.165898895991283268e+01
7.587438054872073678e+00 8.424324778132916691e+00 9.355230723477429677e+00 1.029343152520453053e+01 1.128059087743953981e+01 2.167152943458075498e+01 2.543129606229347317e+01 2.543160281818231283e+01 3.557100340537869698e+01 4.278188573605626033e+01 3.873575449744941324e+01 4.268316219210068141e+01 4.698740041140037249e+01 4.581511099892122019e+01 4.084712836813348957e+01 3.673278560263582193e+01 3.343136129290940772e+01 2.858981213714718450e+01 1.800522625989001568e+01 2.564304417241050160e+01 3.570393926919102512e+01 3.952652437711090272e+01 3.952646444316992813e+01 4.376651858659290895e+01 3.508873969942270321e+01 2.508594433087275277e+01 2.658053504949277368e+01 1.573959816266499345e+01 2.513948036916968576e+01 1.541385602035634150e+01 2.626028389662541684e+01 2.375534919228832464e+01 3.377186733234528049e+01 4.058666602413100577e+01 3.856276917877656274e+01 3.365811304844351781e+01 4.058163757670999416e+01
1.715288986131496785e+01 1.069289824265303501e+01 1.971508578880307994e+01 2.067711609190443411e+01 2.167152943136781929e+01 1.313986315287411344e+01 2.354621892322736443e+01 2.690368224921720142e+01 3.111615859674167694e+01 3.831934058819882694e+01 3.676786932313136447e+01 4.098575969979761879e+01 4.687278794268046767e+01 4.170152153766350978e+01 3.176409469777398087e+01 2.682849426308500185e+01 2.341046373842166872e+01 2.009302058258118606e+01 2.858981213721847681e+01 2.353774860491280307e+01 3.072567728427692657e+01 4.068220131718686616e+01 4.200346967061113901e+01 3.708344568497409455e+01 3.299699399168631686e+01 2.801569525975033770e+01 1.737049143998703116e+01 2.634686790509368137e+01 1.729190766628153852e+01 2.629039718021002514e+01 1.671800789868770920e+01 2.741688781490989868e+01 2.679745360963777756e+01 3.664805515871506714e+01 2.879353888268007822e+01 3.547598535733602887e+01 4.530062505401349426e+01
1.035418332519206608e+01 2.061643596674742085e+01 1.389295396334423316e+01 2.403714976193069219e+01 2.776783009565459182e+01 2.354621903887095158e+01 1.507819201996281500e+01 1.651527630505195532e+01 2.391297658935601333e+01 3.197359668244841302e+01 2.659765305464112828e+01 3.245216584072676369e+01 4.266320509492338431e+01 4.581510741963260358e+01 4.084712836663069879e+01 3.673278560256436265e+01 3.181077624505732260e+01 2.168368872222741572e+01 3.181077624505732260e+01 3.364187565676822800e+01 3.072567728427704736e+01 4.068220131820687868e+01 3.790328197403035659e+01 2.809087511672581883e+01 2.300925672646011932e+01 1.906015835291461613e+01 2.801052337623418609e+01 3.070917020334718828e+01 2.375581541934483809e+01 3.065034636281567515e+01 2.745813836824486387e+01 1.808105311778988522e+01 2.863398656679477483e+01 3.176964860656163836e+01 2.566348867149721968e+01 3.547846834592077414e+01 3.618248839445355713e+01
2.074128288748077509e+01 2.494983486198831102e+01 1.721402588261116406e+01 1.861576772231644128e+01 2.887196974677921091e+01 2.970089955281408578e+01 2.248711823752547545e+01 2.676659527100257563e+01 1.869674028999573068e+01 2.175373599398347224e+01 3.197359668245083597e+01 3.489324393788264445e+01 4.211676927526294634e+01 5.233191269457525152e+01 4.597615017742872112e+01 3.602814011815061690e+01 2.905189374187673934e+01 2.325687853521572634e+01 3.323193791746503933e+01 3.997573344044870680e+01 4.068220131820695684e+01 4.479229228252890493e+01 4.200336599582666253e+01 3.707632025808521092e+01 3.052188169011626684e+01 2.029367229146161478e+01 2.724558667238183673e+01 3.646060391759244368e+01 3.509316213113000771e+01 3.362188593235727296e+01 2.397812271030797859e+01 2.863398656679967758e+01 1.949573363364297762e+01 2.172093764891322820e+01 2.490607376022436625e+01 2.821683485441879213e+01 3.510767796093168869e+01
2.866064895670118773e+01 3.109623436549085085e+01 2.077945183689449493e+01 2.887196977909465190e+01 2.452978306348540372e+01 3.480350714813997115e+01 3.272256885680897653e+01 2.527467408490863576e+01 2.901987238363910748e+01 1.869674028999573068e+01 2.902611435637737713e+01 3.635442985864697363e+01 4.149251361981854558e+01 5.022064434450436465e+01 4.377669504459530003e+01 3.389311749668434715e+01 2.696511817383371223e+01 3.323193791746633963e+01 2.600566161677728516e+01 3.296088804628415403e+01 4.288527352202957132e+01 4.881842268515490701e+01 4.469293537895443791e+01 3.849116343395805018e+01 2.870780785645453292e+01 2.151965752659864606e+01 2.747599465581266287e+01 3.721255528625979991e+01 4.072296462262509209e+01 3.105365643466725345e+01 3.387275308444873900e+01 2.983596182379909578e+01 1.949573363364297762e+01 2.983600903326702181e+01 3.473239633746363353e+01 3.799017708297662210e+01 3.799017708297665052e+01
3.282231700020336973e+01 3.527907369827731543e+01 2.595873825538044599e+01 3.527907369827731543e+01 3.050571178364324609e+01 3.895872099430917501e+01 3.967802470389212033e+01 3.116178639266576766e+01 2.715460090744311117e+01 2.902559274420523749e+01 2.181856335637183264e+01 2.696024273998045828e+01 3.719767273799653395e+01 4.624031097271648605e+01 3.668485476454581118e+01 3.112774519285854424e+01 3.678795033808440706e+01 2.928342109740097854e+01 3.586767325302069054e+01 3.222187033925170141e+01 4.214122223139697354e+01 4.469293632474232680e+01 3.485408413962195340e+01 3.773370398683286453e+01 3.266389523533322858e+01 2.274164516177668460e+01 3.266600457088760123e+01 4.127373575745752277e+01 4.467763736982833933e+01 4.072312003651826018e+01 3.764543004361383538e+01 2.789223641163020773e+01 2.060077635769875926e+01 3.077641859118916301e+01 3.997110911736244532e+01 3.800494048978908523e+01 4.218552592303930027e+01
3.786744498573378337e+01 4.037653441560868828e+01 3.623373047560124149e+01 4.037653441560868828e+01 4.067440480021256377e+01 4.479043470788315773e+01 4.555336132539323302e+01 4.135284606262468543e+01 3.438016980421744506e+01 3.459878951630575017e+01 2.434046506000077414e+01 3.459891285998307353e+01 4.149456595124878078e+01 4.909823499543147562e+01 4.471570313410660447e+01 3.491946036771215489e+01 4.156717413360578917e+01 3.164134901711407011e+01 4.156717413360578917e+01 3.922194653341508541e+01 4.624874046438456077e+01 4.469307297784588684e+01 3.485408445434384817e+01 2.798426235299525899e+01 2.449207459007006804e+01 3.266610638311882298e+01 2.811378720250408136e+01 3.501251118565070186e+01 4.484582803437562148e+01 4.306122825105860130e+01 3.322705249092019386e+01 2.630386361608337609e+01 2.169221963233303541e+01 3.172022605527069317e+01 3.021975901765597072e+01 2.820360407688947646e+01 3.306578448814963878e+01
3.783538177679251646e+01 3.933765955218985511e+01 4.281399109162889971e+01 4.598591779860645801e+01 4.458641198789438675e+01 4.045685036357699715e+01 4.211077040851434816e+01 4.620931315866965861e+01 4.472544756561138968e+01 3.892478773903481226e+01 3.022983500097725695e+01 2.891044124954029115e+01 3.411883668371724099e+01 4.531668174896766743e+01 4.897076672971118683e+01 3.994349115297617914e+01 4.423539778004133183e+01 3.425183529739416599e+01 4.423539778004133183e+01 4.918897721377472010e+01 4.953249501827580303e+01 4.541057732175561057e+01 3.811344818671552304e+01 2.835849651977306962e+01 2.591262458051059525e+01 3.565086844755642659e+01 3.789262300908682590e+01 3.608632119219638668e+01 4.592974441571188038e+01 4.598277216961034952e+01 3.610990606239445810e+01 3.579791464019247371e+01 3.172012688047735196e+01 2.321869845127285714e+01 2.321869845127285714e+01 3.312244382163526524e+01 4.218552592303809234e+01
3.227607311137310120e+01 3.127328475625684590e+01 3.701962257644260745e+01 3.559496664385292064e+01 3.671120681246349449e+01 3.112341643162836746e+01 3.245683127948183255e+01 4.215198182129338278e+01 4.595242484699829077e+01 4.492504000972682121e+01 4.057578628895796413e+01 3.406868462876416714e+01 4.394994189188451372e+01 5.017091694942690339e+01 5.390801722497700865e+01 4.697515019525901891e+01 4.725677032350569817e+01 3.723603422020421050e+01 4.725677032350570528e+01 5.242230726937472696e+01 4.250622368175347532e+01 3.556010929712611102e+01 3.248760365241885495e+01 3.716956878766549721e+01 2.744497223683128340e+01 3.076087297679315924e+01 4.054084063488306100e+01 4.592974441571188038e+01 4.728774007563091430e+01 4.158037088758086242e+01 3.748332497649932549e+01 3.748319734896575994e+01 3.434076393236727398e+01 2.456398980305019464e+01 2.321869845127285714e+01 3.324489898673179056e+01 3.595827944449904834e+01
