output/example_1/elevation_000497.asc
nrows	75
cellsize	13.33333333
xllcorner	0
ncols	75
yllcorner	0
NODATA_value	-9999
[rows 51 to 67 of 75, columns 0 to 36 of 75]
1.369999999999999864e-02 1.001369999999996274e+01 1.667928066405230680e+01 1.245154215574558165e+01 1.822464816646319719e+01 2.820758873254998278e+01 2.790762499239009387e+01 2.917775841711714335e+01 1.827233136935566549e+01 1.156359070897828545e+01 1.826098712640853705e+01 2.272196258875339936e+01 2.553554553265362514e+01 1.928185916249940846e+01 9.881277429240332921e+00 1.125772042840220699e+01 2.065312161564138549e+01 2.179461931619086101e+01 2.576284343770118568e+01 2.338280434699859711e+01 1.409991557333972167e+01 4.522721371636541754e+00 1.308786917673993244e+01 1.663785304787440467e+01 2.203731666203954020e+01 1.982080880806072898e+01 1.103524786456434725e+01 1.982087269616035741e+01 1.630507904535420494e+01 1.382335318755033349e+01 2.248074112480325581e+01 2.173997422505599175e+01 1.213196036040085168e+01 5.477384438757428420e+00 1.494279423706660737e+01 1.974327700457737578e+01 2.072032142187681103e+01
1.290000000000000001e-02 7.084178704312082075e+00 1.709486694697879372e+01 2.245492928641290931e+01 2.658668978232834235e+01 3.231681918295971201e+01 3.263359572928849417e+01 3.344424273204678144e+01 2.706299931136420867e+01 1.663413047395228261e+01 2.706299931136420867e+01 2.900923414820301716e+01 2.159131037166087808e+01 1.221027521654739623e+01 1.928185916249940846e+01 2.065588281934165593e+01 1.790483851984399521e+01 2.729749149471847858e+01 2.490031625054243847e+01 1.512631884310940045e+01 9.608667932846522319e+00 1.409958865186178123e+01 4.522721371636541754e+00 9.224370820495717993e+00 1.837011794384461538e+01 2.462590557322140583e+01 2.047977370441768130e+01 2.462592461295592372e+01 2.363780079800037726e+01 2.418953964197853423e+01 2.845349805775527230e+01 2.037944289197374204e+01 1.496893662374403711e+01 5.477384438757428420e+00 1.496893723663718667e+01 1.904264647299568836e+01 2.605393938742322746e+01
1.329999999999999932e-02 1.000858363347160385e+01 1.820832245572378483e+01 2.224836675364221961e+01 2.843734807890013627e+01 2.432246193902707176e+01 2.245457724421648749e+01 3.263359572928849417e+01 3.150353694624384815e+01 2.423341100565211903e+01 3.150353694624258694e+01 2.511711166820321495e+01 1.579625543101094998e+01 1.221027521654739623e+01 1.221027521654739623e+01 2.218833340717793590e+01 2.729749149471847858e+01 3.130860653124819137e+01 2.907890702194208288e+01 2.338273132245237562e+01 1.925729278721880533e+01 1.492141372499116692e+01 5.342789830785057426e+00 7.099631944753373780e+00 1.663116130443819429e+01 2.282162414604075451e+01 2.703335080251549272e+01 3.204570217292684475e+01 3.394462884055872109e+01 2.799949117708808899e+01 2.234134072119886838e+01 1.629259195058497056e+01 6.747586027150099142e+00 5.477384438757428420e+00 5.477384438757428420e+00 1.496893744112823477e+01 2.390370238121393243e+01
1.369999999999999864e-02 1.001369999999754157e+01 8.407365684122265037e+00 1.786275272227510769e+01 1.920630113217979940e+01 1.417440884360477327e+01 2.432246193902707176e+01 3.097693378060731106e+01 3.511656835161595325e+01 3.457465032994947052e+01 3.165494518738240615e+01 2.240905235602177115e+01 2.235565070967839674e+01 1.221027521654739623e+01 2.218833340717793590e+01 1.908264076398878473e+01 2.969816700522477859e+01 3.163723019360482880e+01 2.157905555919466423e+01 2.140893914198003500e+01 1.609196012466231451e+01 6.490897841028162141e+00 1.124181251001575177e+01 1.659460590297814520e+01 9.818181178978271362e+00 1.313799024171696495e+01 1.786863159809660573e+01 2.777590835364761546e+01 3.012047388690894678e+01 2.383719811139568634e+01 1.413988325535776980e+01 8.606929854489177245e+00 1.496893466501835590e+01 5.477384438757428420e+00 5.477384438757428420e+00 1.015459067629327805e+01 1.978328447262995127e+01
1.319999999999999993e-02 1.374027634879542603e+00 1.136694157477281131e+01 1.488776766798064344e+01 9.155668998162397543e+00 1.920630113217979940e+01 2.851876828725702850e+01 2.096524607632670723e+01 2.933931522492592592e+01 3.434302572568562795e+01 3.560941594038436619e+01 3.165494518738240615e+01 2.612380986428575724e+01 1.486870184674140383e+01 2.250977732434316536e+01 2.969613707412118231e+01 3.432890835383116013e+01 2.862750940207979156e+01 1.865892585648931856e+01 1.148874154118372282e+01 7.654575223843515630e+00 1.609196012466231807e+01 1.923802679859283415e+01 1.939716150846106757e+01 9.818181178978271362e+00 1.939716150846106757e+01 2.703335080251549272e+01 3.204570217292684475e+01 2.593356822427940855e+01 1.621312096383707768e+01 1.066293286477327307e+01 1.823845276692603790e+01 1.496893701947638711e+01 1.496893757446156847e+01 8.405440246336127075e+00 1.800439294129195389e+01 2.390370238163127681e+01
1.349999999999999985e-02 1.001349632511394461e+01 3.415269508928439279e+00 4.889690159472937836e+00 6.685751214798012931e+00 1.669324739382722456e+01 2.141200517892897182e+01 1.518260323755556840e+01 2.019039522095956940e+01 2.727285348424392453e+01 3.727690098545843256e+01 3.463246740203010887e+01 2.264703454908062952e+01 2.016198329980103310e+01 3.094911902372333401e+01 3.885664192862977728e+01 3.571304203072208594e+01 2.561999009031109154e+01 1.888757491281365830e+01 1.581985408850862740e+01 8.518555490216694892e+00 1.344569157830574113e+01 2.286650678909935763e+01 2.355634511057717972e+01 1.526371314604774554e+01 1.452353826661442149e+01 2.004438418875716721e+01 3.004415528395458779e+01 2.722389001678424947e+01 1.746236776911876021e+01 1.066293286477327307e+01 2.032146551515280564e+01 2.471081048240735001e+01 2.141854737475377490e+01 1.176186036711393434e+01 2.141854737475390280e+01 2.897696019825377789e+01
1.369999999999999864e-02 1.001175465429915690e+01 1.342087762802499462e+01 1.196377456915514337e+01 1.669090214281199636e+01 9.358530830993464278e+00 1.140013029539766620e+01 2.141200517892897182e+01 2.151715581152513934e+01 2.859804623038957772e+01 3.859101581258649105e+01 3.931657209924924246e+01 3.463246726073660398e+01 2.864647896958921791e+01 3.689926779597885087e+01 4.042083154430698499e+01 3.407930995812156283e+01 2.851414504350579193e+01 2.245258900109722333e+01 1.301963996337596008e+01 9.408589933460493882e+00 1.904916407085184460e+01 2.438989314785811402e+01 2.931968437124655580e+01 2.507865152556379229e+01 2.004438418875716721e+01 2.849655121570667760e+01 3.432768390845718898e+01 2.684356367283896461e+01 1.715337707808018664e+01 1.233490800353855832e+01 1.683617291065120369e+01 2.637115167748177313e+01 2.555438253649610658e+01 1.729333028599348410e+01 2.555438253534042659e+01 2.611509919710660910e+01
1.379999999999999977e-02 7.084867811948510230e+00 1.708486809349124158e+01 2.198005319829166382e+01 2.350987613247109209e+01 1.643567589083577474e+01 1.847922832121835057e+01 1.773155766220094520e+01 2.774516917727120813e+01 3.152083947004328834e+01 3.926761570820533365e+01 3.515325017869560753e+01 3.928674062614805251e+01 4.061844927676308004e+01 4.042083155284969820e+01 2.976742797902164028e+01 2.980627338027337814e+01 2.035638682162807811e+01 1.642719542077531969e+01 1.205499622643976032e+01 1.907426209040024645e+01 1.092467925790567129e+01 2.057136322131047024e+01 2.629616220890450862e+01 2.910250159038901785e+01 3.004415528395458779e+01 3.432768390845718898e+01 3.688491686877694065e+01 2.684355247354204366e+01 2.384078022915308281e+01 1.423053414774899750e+01 2.373348089279086182e+01 3.007596337875146730e+01 3.125366564065862818e+01 2.705369871422118422e+01 2.611581019774928691e+01 1.632705466557562701e+01
1.309999999999999880e-02 1.001309999999996236e+01 1.509548893295297844e+01 1.798224122999351948e+01 2.212440087137150968e+01 2.644873522484007822e+01 2.849235484422788289e+01 2.481359579397798854e+01 3.188885722207968243e+01 4.147863143552528697e+01 3.428831451966194521e+01 2.518157228809475257e+01 3.269718569349199555e+01 3.680493582293451027e+01 3.926568212066253949e+01 2.859781989654017664e+01 2.068137067303663201e+01 1.681631948975469015e+01 1.427194888483677104e+01 2.168742127778542539e+01 2.057136318043612988e+01 2.057136322131048800e+01 1.250472807573335388e+01 2.211910572702606359e+01 1.922648863756277393e+01 2.611665787707490338e+01 3.631096597819837513e+01 3.714166825708340269e+01 2.707449870685935522e+01 2.024798066487776538e+01 2.384078395958192331e+01 1.740613150508326967e+01 2.411073064017025658e+01 3.402073550002900504e+01 3.333789124394286318e+01 2.312432627989531753e+01 2.611509919710660910e+01
1.349999999999999985e-02 2.513499999999997847e+00 5.095488897471604162e+00 7.982240243419736814e+00 1.798224127770619418e+01 2.332746730359187737e+01 3.332748938571438657e+01 3.482261339830907332e+01 3.603357909490453892e+01 3.190577195466645932e+01 3.016455854215278620e+01 2.020399589613451852e+01 2.273855820715920117e+01 2.978440791575046376e+01 3.972925330869471594e+01 3.610676343122610632e+01 3.169845355126039976e+01 2.766736758363007809e+01 1.690325118476073030e+01 2.800049573427892824e+01 3.050350174417407345e+01 2.211910584519846523e+01 1.250472807573335388e+01 1.250472807573335388e+01 2.211910586035939730e+01 2.906913221563502248e+01 3.263753043465165860e+01 3.694594512535896058e+01 3.424894900071637238e+01 3.002310440076525211e+01 2.951533503142632142e+01 1.982500998443357787e+01 2.657575372437105088e+01 3.661211209061759320e+01 3.761553474820155429e+01 3.333789124394286318e+01 2.961880865135763941e+01
1.369999999999999864e-02 1.001369999999996274e+01 1.509546165861987177e+01 1.798223915953709806e+01 1.332746508172612288e+01 2.039853293420221192e+01 3.039854038147309723e+01 3.269243577646162890e+01 3.190577195466599747e+01 2.192825479842086622e+01 2.484966036157874925e+01 1.648554783182465755e+01 2.612786089865355876e+01 3.021790260033566256e+01 3.466093655284013408e+01 4.038021256525932046e+01 3.453154351569509117e+01 2.343684078700395546e+01 2.812601539333439504e+01 3.259830960481433948e+01 3.016073778746170220e+01 2.211910599369273100e+01 1.250472807573335388e+01 2.211910581263539655e+01 1.636494679519478268e+01 1.918478134966229831e+01 2.254457602268564287e+01 2.959993788365606449e+01 3.997092756822875259e+01 3.484238671394767550e+01 2.487638557513139048e+01 2.951533503142632142e+01 2.766695971800253417e+01 3.773966213238210088e+01 3.841900827823236853e+01 3.728334140682844833e+01 3.203295636384485334e+01
1.290000000000000001e-02 1.001289999999996283e+01 1.769124242256421198e+01 2.216343495114617212e+01 2.332746730359188092e+01 2.746964090278000370e+01 3.269243577646162890e+01 2.274788473173421011e+01 2.457274384958046554e+01 2.484712020933341847e+01 1.498216827837954668e+01 1.382566906695460318e+01 1.621779676611392418e+01 2.062134056397581006e+01 2.637090463709357380e+01 3.631137421047905178e+01 3.891868628712200007e+01 3.139813879972764354e+01 3.891868628712200007e+01 3.305119156526619406e+01 2.297829003974816331e+01 1.621449764380704295e+01 2.211910599369273100e+01 1.472463834598228694e+01 2.435254086126175110e+01 2.906913221557013927e+01 3.263753043465165860e+01 3.263753016040804056e+01 4.303866994324982187e+01 3.484238671394767550e+01 3.183898159591207744e+01 3.911988904552559632e+01 3.773966213515282675e+01 3.841900827823236853e+01 2.852908276222745698e+01 2.746951459690432173e+01 2.969740104802681202e+01
1.359999999999999924e-02 3.549133905932739363e+00 8.021269860933593066e+00 1.509233773401687095e+01 2.509235613944553478e+01 3.320387724455021328e+01 3.007115117627277101e+01 2.017714218996149711e+01 1.474387973666127394e+01 1.891747131104373381e+01 1.141108750943581818e+01 2.111530637832290935e+01 2.612851590137758961e+01 2.149071262587572306e+01 2.647025217105720074e+01 3.351428444210526436e+01 4.342308776287885053e+01 4.209623613195927305e+01 3.816731941579210030e+01 2.790545542582144023e+01 2.093689537785240518e+01 2.592857466933899602e+01 2.855920772582670608e+01 2.435254084918764761e+01 1.701461720432002522e+01 2.674120162854685390e+01 3.303863762199296872e+01 3.732239603132995143e+01 4.247932863601648990e+01 4.514264111900960330e+01 4.209324808321000688e+01 3.936176545590700471e+01 3.521117383944984169e+01 3.412875418986697440e+01 3.034391780439114328e+01 2.129165540402935619e+01 2.550528002702830932e+01
1.379999999999999977e-02 1.001379999999996251e+01 1.769131636913768446e+01 2.216353237572022650e+01 2.254782271077556643e+01 2.254782271077556288e+01 2.618518157481769038e+01 2.017714218996150422e+01 1.051243426001250114e+01 9.306688496378930253e+00 1.284257059284361802e+01 1.765451522367727932e+01 2.754356230048121645e+01 3.145404296879615558e+01 3.556400411554773200e+01 4.048961159641645935e+01 4.507158060665409494e+01 4.186633225398961144e+01 3.773507858092678902e+01 3.519490148624018389e+01 2.658517444873346847e+01 3.519489122889429922e+01 3.388071556211179569e+01 2.378391799229045134e+01 2.674120158916160861e+01 1.959173238587956334e+01 2.295574444986684526e+01 2.789345313337486942e+01 3.818382376798652444e+01 4.265268125828413304e+01 3.771061319838570824e+01 3.356306162264431947e+01 2.562298411935478626e+01 2.458803907031310132e+01 3.142967589765808967e+01 2.550528009254669470e+01 1.666960155080290207e+01
1.349999999999999985e-02 7.091746725585597488e+00 1.719894064601598060e+01 1.880614426128354921e+01 1.087476666057811769e+01 1.800772746537567670e+01 1.924918213337393880e+01 1.235572438116594718e+01 7.364606628440882652e+00 1.695557287997851859e+01 2.260725786136580950e+01 2.671779091451595534e+01 2.755462524111795375e+01 3.748049520648367405e+01 3.939867783055296968e+01 3.537034566402728331e+01 3.535423715109578779e+01 3.600703771533090958e+01 2.769665937993910987e+01 3.601296684376899293e+01 3.683538619789178625e+01 4.113410388336461665e+01 3.816880417529745984e+01 3.388071574082198367e+01 3.189163209737842308e+01 2.187889185991370766e+01 3.189163211831764499e+01 3.732221203038619706e+01 4.247933775075359364e+01 3.845172133996295827e+01 2.867440190532562028e+01 2.406630088646360477e+01 2.063100260951717857e+01 1.808134032176915795e+01 2.444117465526185029e+01 2.712359736399567467e+01 2.192160595839919779e+01
1.359999999999999924e-02 1.001359999999996298e+01 1.125069975208099571e+01 1.060480805232111301e+01 5.885357701881221537e+00 1.058438434119419824e+01 1.351112969414398890e+01 5.570738566076688159e+00 1.520439521990766885e+01 2.102990909276174136e+01 2.918465157933299281e+01 2.670096279831644281e+01 3.083948874339756685e+01 3.659996786101540778e+01 3.537035489128298593e+01 2.536215906993460933e+01 2.959892910542864186e+01 3.162370543026673886e+01 2.188709666861999636e+01 3.044081637210339863e+01 3.460961074105990321e+01 4.042065783004360213e+01 4.416088304375540474e+01 3.392686613286431196e+01 2.677318411691538813e+01 3.189163211828941158e+01 2.812135265250134708e+01 3.534140778058119281e+01 4.571367759086084703e+01 4.265268125828413304e+01 3.681007322576637364e+01 2.714177192073894673e+01 2.997363946821209524e+01 2.444117465526884203e+01 1.511615448797279626e+01 2.317224574933060666e+01 1.378768239872098178e+01
1.290000000000000001e-02 6.331208666177092770e-01 1.258932289020900486e+00 1.888843888055534270e+00 2.524209889777656812e+00 3.167689967142973462e+00 3.818868672802053776e+00 1.343061556516705579e+01 1.522396230080455304e+01 1.533092563610241399e+01 2.100012183495087470e+01 1.682684439853175817e+01 2.248973334889379672e+01 3.245360987732415481e+01 3.361513378143399677e+01 2.959899265197702789e+01 1.957260654975069869e+01 2.444737413385044889e+01 1.780813007271427750e+01 2.038219419124684961e+01 2.618880974625149705e+01 3.629608545250179219e+01 4.420631271824330355e+01 4.114167939276903496e+01 3.398645487594907877e+01 3.663977631809478197e+01 3.837937527152379857e+01 4.265485453413720052e+01 4.408083763842134317e+01 3.990536848476057941e+01 4.098247491546838006e+01 3.680996761450776233e+01 2.996096925089681662e+01 2.444117465591976668e+01 1.511615448797279626e+01 1.511615448797279626e+01 2.317224574933062797e+01
