output/example_1/elevation_000427.asc
nrows	75
cellsize	13.33333333
xllcorner	0
ncols	75
yllcorner	0
NODATA_value	-9999
[rows 34 to 50 of 75, columns 37 to 73 of 75]
2.120364838377740568e+01 2.833160731680225197e+01 3.347995990718791859e+01 3.166497333073370157e+01 4.167606526588519245e+01 3.867959042293195893e+01 2.862960709278424787e+01 2.136447619705206691e+01 2.822675445157971907e+01 3.239539975851497644e+01 3.729375921439136476e+01 2.876529867531777995e+01 2.373472781107382090e+01 1.451563092841801783e+01 1.622208103049931083e+01 1.794423818889098499e+01 1.980438047512820177e+01 2.208300737517547674e+01 2.483017861002775817e+01 3.216802089140611542e+01 4.214230236239075822e+01 4.904525033322664029e+01 4.487727845217580835e+01 4.599362874023818648e+01 3.800112830401268837e+01 3.035672342791751888e+01 1.997813695026133729e+01 2.698837528950650011e+01 2.296321995139844674e+01 1.275763199597877851e+01 2.295499286242872117e+01 2.560093028520418557e+01 2.722781655284520852e+01 2.083582610986830730e+01 3.135298623010233143e+01 2.826339468491956097e+01 3.544376641654437066e+01
1.950840554058147447e+01 2.765320447234553924e+01 2.339163960228966488e+01 3.350203269191205635e+01 3.780934508670075189e+01 3.410213687303866692e+01 3.573852096580268523e+01 2.822675445157971907e+01 1.802767028582417908e+01 2.822675442598364981e+01 3.180301583497659834e+01 2.689947035533672803e+01 2.273290200387990723e+01 1.370394250705550832e+01 2.375420509308798245e+01 2.806301992121127142e+01 3.018113753793148391e+01 3.252457734306844372e+01 3.508942029679415953e+01 3.142285925730686102e+01 4.139868901139055168e+01 4.487727845217580835e+01 3.473190598555294173e+01 3.770341672402545896e+01 3.160226393761346486e+01 3.190676058834245410e+01 2.698971146434940493e+01 1.624326763085605663e+01 2.143353254627819027e+01 1.229694506766674067e+01 2.249692838644890003e+01 1.531129299751635209e+01 1.675267770497646680e+01 1.898536795887834217e+01 2.148756517617379203e+01 3.198521957574813968e+01 3.632171256788522129e+01
2.765320447234553924e+01 1.747850337427923861e+01 2.579556518889521399e+01 2.996577073440784744e+01 3.292098212155861603e+01 2.583564004676071235e+01 3.292115280824867085e+01 2.612783884009494528e+01 1.596631817855001145e+01 2.334193877833978803e+01 2.173648465532660623e+01 2.173656010474388012e+01 1.264057306837096206e+01 2.273290199123428224e+01 1.667205901451214345e+01 2.724150764576069861e+01 3.445733283659965451e+01 3.860430412022777347e+01 4.306715890120285906e+01 3.848113156394457235e+01 4.556024389133841623e+01 4.356923226312030550e+01 3.340934172191785478e+01 2.739224479350608021e+01 2.418498346989753500e+01 2.141111308943252212e+01 2.830678319040984547e+01 2.415474808625981851e+01 1.335574883676113167e+01 1.183516285100614240e+01 1.329518916485798385e+01 2.339498739686664663e+01 2.372496338251604087e+01 2.418594297177624242e+01 3.198521957552528150e+01 2.615173503154323953e+01 3.338064103789440651e+01
3.181686161910808863e+01 2.579556669898477139e+01 1.565739016305315978e+01 2.400337480924638811e+01 2.751467292775963003e+01 2.069763853554333011e+01 2.916236666742675254e+01 3.029906579390812382e+01 2.334193877833978803e+01 1.322107320643652884e+01 2.075325415694343789e+01 1.163159793534294018e+01 2.173662030763732389e+01 1.264057306837096206e+01 2.605279836385269832e+01 2.100176857034553990e+01 2.437340268449798941e+01 2.895439556748850407e+01 3.599410719363832811e+01 4.594720423092000061e+01 5.263935621873222459e+01 4.773838307391314828e+01 4.188857643797510377e+01 3.770341672421994161e+01 3.459448140358384194e+01 2.830678319040984547e+01 1.772006537792059433e+01 2.503800491150073526e+01 2.164530607407407459e+01 1.140193900137025373e+01 2.165863061068021622e+01 2.764401323296507584e+01 3.207418760890207210e+01 3.454639554682798064e+01 3.454639556042768334e+01 3.338064103789440651e+01 3.338064103789440651e+01
3.321246834373332746e+01 2.739283219350318532e+01 1.709523178301202861e+01 1.389901207725607968e+01 2.236470308282755326e+01 1.673543067433356768e+01 2.344851759057184992e+01 3.245578535380999341e+01 2.747490173269816793e+01 2.075337172328234203e+01 1.064730246639029687e+01 2.075336573371639304e+01 2.590331523488787369e+01 2.865238809729824609e+01 3.341221700485913715e+01 2.833603566359817094e+01 3.445733283659964741e+01 3.860435567865429363e+01 4.306724626246084853e+01 4.227803090197559044e+01 4.642689844722946901e+01 4.898333714838429387e+01 4.311144717316079777e+01 3.852888705668361524e+01 3.431241437528851179e+01 3.256014188947193588e+01 2.503965124999105285e+01 1.459033664525461660e+01 1.524647305614846005e+01 1.096937797526774361e+01 2.023351160083234035e+01 2.270574429496255320e+01 3.177484743390467159e+01 4.360450420649475234e+01 4.466803040771002742e+01 4.342208734349849664e+01 4.342208734349851085e+01
3.023988789897855511e+01 2.279718614488272621e+01 2.726417372891796731e+01 2.236470308282755326e+01 1.228070507078197693e+01 2.090995988481469325e+01 2.508290251001891136e+01 2.843124476544630852e+01 2.335739562239305656e+01 1.986816620852851401e+01 1.064730246639029687e+01 1.341206270963943759e+01 2.345004922104067546e+01 3.185644759317295538e+01 3.684200545532870308e+01 3.835166261655794528e+01 3.971301369557154715e+01 3.554094731300246224e+01 3.510577996452763472e+01 3.213493822548289103e+01 4.227803131723072028e+01 4.481522093317463629e+01 3.460020288332300709e+01 2.862011969044650073e+01 2.391169717661972527e+01 2.911205577595412564e+01 2.932063547056739594e+01 2.416066078253486182e+01 1.216646906536363737e+01 1.054216774732259587e+01 1.369914224311929907e+01 2.111964157351970073e+01 3.257817194855005738e+01 4.090260711602570609e+01 4.388681653823967821e+01 3.959253781346257028e+01 4.093283544225631232e+01
3.740494450347080146e+01 3.204271808768287855e+01 2.510658170822661006e+01 1.779843212466516889e+01 1.956080702289700923e+01 1.083131946303882565e+01 1.951073503263136999e+01 1.885420411056340129e+01 1.900206797272896608e+01 9.789434833395567637e+00 1.986718141271085969e+01 2.344996324292870327e+01 1.775258937795216241e+01 2.299841362015337864e+01 3.045103097208341936e+01 3.965377405410539779e+01 3.382315545685979430e+01 2.528547559762153440e+01 2.484279166015980067e+01 3.510576926804962739e+01 4.327370760726132204e+01 4.113993142282720328e+01 3.694574859295689606e+01 3.634940871348737801e+01 2.607528859471718974e+01 1.867468414683488476e+01 2.485352230007078234e+01 2.673384724315508265e+01 1.808809587574562272e+01 1.014009410077987106e+01 2.033106826319492555e+01 2.076907348343682358e+01 2.667168223284449624e+01 3.682072156514538364e+01 3.670194431396492263e+01 2.922260799309386314e+01 3.057035611520819174e+01
3.359023018118589476e+01 3.233528671398738652e+01 2.406459913283072893e+01 2.559117290542986822e+01 1.755169680450528702e+01 1.951073503439442192e+01 9.482602506012412391e+00 1.801851462384966140e+01 8.988370603047519225e+00 1.874983282564464915e+01 1.559179575606163048e+01 2.551047596355014946e+01 2.481754011532610349e+01 2.586534781047561182e+01 3.562094697615317784e+01 3.033181627764226818e+01 2.477818298944527697e+01 1.925745302502714296e+01 2.961997260047794001e+01 2.918063226554163947e+01 3.922793825844384230e+01 3.530467838203066577e+01 2.715184783487945097e+01 3.529113861972394517e+01 3.221439620013040894e+01 2.180370825172957083e+01 1.465223575733068628e+01 2.343562533621041766e+01 1.941325795626003270e+01 9.756404600914397207e+00 1.478973321319099554e+01 2.216072965994222344e+01 3.255818360079366869e+01 3.362570277746544889e+01 2.625601557946184528e+01 2.309770664819326313e+01 3.057035611520819174e+01
2.860313760310113551e+01 3.598029853149078860e+01 3.233528671396937426e+01 3.043724031215322512e+01 2.757034733148405792e+01 2.106393956439846349e+01 1.152622944401773353e+01 8.215003704253424743e+00 1.811309788610653371e+01 2.302626322644257684e+01 2.138041557534018722e+01 2.956602926354783634e+01 3.477534295159330213e+01 3.562094697615323469e+01 3.384576827173302149e+01 2.265695083459884884e+01 1.513790674448285145e+01 2.557085098508491683e+01 2.074353266996811840e+01 2.807231472409778661e+01 3.815120230993874628e+01 3.126221837088444744e+01 2.105623087311359853e+01 3.126221837088436573e+01 2.973259097904680104e+01 1.928325608276908198e+01 1.251555192283140983e+01 1.905300872335637408e+01 9.248828394360860017e+00 1.941568620227879194e+01 2.385584604734854608e+01 2.944852481529882837e+01 3.002429645938167369e+01 2.570253549765861578e+01 1.878209216578335017e+01 2.931555727001000733e+01 3.360507365038792926e+01
2.447602193239564983e+01 2.973924557009569725e+01 3.549230660476429478e+01 3.312894532662011216e+01 2.301622396085789646e+01 1.723336680616479555e+01 1.761544038821890368e+01 7.717689214809609233e+00 1.710155760624116184e+01 2.417722209631605423e+01 3.113255157365869508e+01 3.518398862157712870e+01 3.548805122492211694e+01 3.125364475886690840e+01 3.063989622859664053e+01 2.638835946645569308e+01 2.288290075249320310e+01 1.513790674448285145e+01 2.557085098508491683e+01 3.513726565355074882e+01 3.627098713548041786e+01 2.764190724399267296e+01 1.730332483989682402e+01 2.318157991578481614e+01 2.723720435182523758e+01 2.373819488147235646e+01 1.066698558588682744e+01 1.208823853116574298e+01 8.930533149704970697e+00 9.950102786519572362e+00 1.965780620732991935e+01 2.251881833211016115e+01 2.251963992059644326e+01 1.538897059187794980e+01 2.570245987727049908e+01 3.075758916104570062e+01 3.173227113360229623e+01
1.561967326660965405e+01 2.140024277634387673e+01 3.136862078077952987e+01 3.711112120989149332e+01 3.135690350135119431e+01 2.367647462079764509e+01 1.667051559753804213e+01 7.163767128997915457e+00 1.044395368907929722e+01 2.073587499415820545e+01 2.898554375456494370e+01 3.441404439063632736e+01 3.125364475179535617e+01 2.092710449369304726e+01 2.395167810090632443e+01 1.600330995731569317e+01 1.244524363042156878e+01 2.288290075249320310e+01 2.557085098508491683e+01 3.589143633839332637e+01 3.260358099596451353e+01 2.312373933217369526e+01 1.722100244305677563e+01 1.271193637120686049e+01 2.233058068853070566e+01 2.169266129621380301e+01 8.368454795318342576e+00 8.485837181636243898e+00 1.848625776655315889e+01 1.965731454426805769e+01 1.150632563238647599e+01 1.260472704951634171e+01 1.260472704951634171e+01 1.425344646675328875e+01 1.600721381445077895e+01 2.118082774774371657e+01 3.173246239972803906e+01
1.561967313327632034e+01 2.140024264301054302e+01 3.136862064724861199e+01 3.277125485969007457e+01 2.810655276283662829e+01 2.007791169057466618e+01 9.793123534534633023e+00 6.568363056546100864e+00 1.549252376631598871e+01 1.589643839846622164e+01 2.111619458199903931e+01 3.030482927288134576e+01 3.125364467069056218e+01 2.092710449368507142e+01 1.353889819899569069e+01 9.904863044212140366e+00 2.039254833680612222e+01 2.288290075249307520e+01 3.321588038962084966e+01 3.108962268242131088e+01 2.624364361970726733e+01 2.766275987856549179e+01 2.025220099160315712e+01 1.021017012601818763e+01 1.718075161025033992e+01 1.711146709077207362e+01 8.229960358053205027e+00 1.694668641288633282e+01 2.201386727170756430e+01 2.555261252440283926e+01 1.911686327298193078e+01 2.251963978726323035e+01 1.260472704951634171e+01 2.251963992059660313e+01 2.645669176949087387e+01 1.921234674691123701e+01 2.456810959983961595e+01
2.527423328836826855e+01 2.973924538810609164e+01 3.549230624120222188e+01 2.880508715876498016e+01 1.957748517062194438e+01 1.492524640283784798e+01 1.509324327108683228e+01 5.970969270139301344e+00 1.300603735204584765e+01 2.124991490610256761e+01 2.898133785007647489e+01 2.842143758003373577e+01 2.411347879809279604e+01 2.609788006886872935e+01 1.571143660291479094e+01 8.223155093811733707e+00 1.571143660291798838e+01 2.609788011008953035e+01 2.878989905251964387e+01 2.496174396613557889e+01 1.460050841296572166e+01 1.627254785825468986e+01 1.542619690875319449e+01 1.632211192825896617e+01 7.802345687517740380e+00 7.965076938088937908e+00 1.711545187479449481e+01 8.368454873909030312e+00 1.722884615864412794e+01 2.490063987580227334e+01 3.004632389273612247e+01 2.562768077561879565e+01 1.531939209823400638e+01 2.562768078309729347e+01 2.341879186402358926e+01 2.980701297247534853e+01 3.410913680501462153e+01
1.908661326653027146e+01 2.905925566276376770e+01 3.234605270801723265e+01 3.277125488085345495e+01 2.810655284945074328e+01 2.265646227709012095e+01 1.271089177245502810e+01 5.408599928364004050e+00 8.129891090660596120e+00 2.164109335757131092e+01 2.797397401162441710e+01 2.253913450180917266e+01 1.401481443141808825e+01 2.097021812129032270e+01 1.635172346105112240e+01 6.790674988812694934e+00 1.669349828903585475e+01 2.063846483591779091e+01 1.929566787145127194e+01 1.710143098205906398e+01 1.608976214431586271e+01 9.035193435773027915e+00 9.230835500008492289e+00 7.508288318934576822e+00 1.594708475060779307e+01 9.267618344342151815e+00 1.888307769079119680e+01 2.091399200972246319e+01 1.338755776299988121e+01 2.504270069679391852e+01 3.420301993252979145e+01 2.935152580927592325e+01 1.881878827385015285e+01 2.935151324234542969e+01 2.955556069466671687e+01 2.845299590533225853e+01 3.579531690208442285e+01
1.986992965650886234e+01 2.398454548598656544e+01 2.048656966976084703e+01 2.710591804400488769e+01 2.737654100835860049e+01 1.726840721001767776e+01 1.013064172361346138e+01 4.906486854551243226e+00 1.447758211182907750e+01 1.862620248802742040e+01 1.766407292982402666e+01 1.816156286525452046e+01 8.307838091333909603e+00 1.411862451692933362e+01 7.674614631809408394e+00 5.415109633935680122e+00 1.169566409459144829e+01 1.335418690915667916e+01 8.375224385929749715e+00 1.455316264165735163e+01 1.266731561386486860e+01 1.572910079674716677e+01 7.725697859025843606e+00 7.134211267678945312e+00 1.423181448804322535e+01 2.010883384696870024e+01 1.689833414987909421e+01 2.789450859430235141e+01 1.906024545813659898e+01 1.968567793926331078e+01 3.063115620374428261e+01 3.365917832001302656e+01 2.492832495874514720e+01 3.365915726524055174e+01 3.688441725522031334e+01 3.579531681203686588e+01 3.579531690208442285e+01
1.000058675791810536e+01 1.568374582708636034e+01 1.259062717947666599e+01 2.018244422591237708e+01 2.563129336903061883e+01 2.441950433203363247e+01 1.934825427899530581e+01 1.447758124727014639e+01 4.259596033914879953e+00 1.378579294372990383e+01 1.102184532053450283e+01 1.339540498786071687e+01 3.913162123232032830e+00 3.913162123232032830e+00 4.165706729470390002e+00 4.165706729470390002e+00 4.387713355530221904e+00 4.627256213023710707e+00 4.859761503245733749e+00 5.124648166875047650e+00 5.470674697062618108e+00 5.937880668006723539e+00 6.444859062769375591e+00 1.895709705961289515e+01 2.359411861423284051e+01 2.897022439828446139e+01 2.818979007391346769e+01 3.236426842533889925e+01 2.458948183301972534e+01 3.063104784316547580e+01 2.754859048912111774e+01 3.807269757365497753e+01 3.539383617898413803e+01 3.968463305929259377e+01 4.719574577872654686e+01 4.610130171674281030e+01 4.610131289249741826e+01
1.124225804535922357e+01 6.174702000826121306e+00 8.835380595205567289e+00 1.305478923025421878e+01 2.179541833607533974e+01 2.550758490207410034e+01 2.287005176041083132e+01 1.858628069777327241e+01 1.375640823665056800e+01 3.645803251075654838e+00 8.839280345915396353e+00 3.561026098249710614e+00 1.364737519456943282e+01 1.403697384411058380e+01 6.698698104719319701e+00 1.355250283307943349e+01 1.092828076659736958e+01 1.463675182019253818e+01 7.117709058299135805e+00 1.497457526200195410e+01 1.066211247064015133e+01 6.357036971637421985e+00 1.597496985109998491e+01 1.653981556349994975e+01 2.632064435400251057e+01 2.616898979618712673e+01 3.063144985763086225e+01 3.656399365864443496e+01 3.202859263691428993e+01 3.887739490139937004e+01 3.807291565255821553e+01 4.219834767818160515e+01 4.536060513380745363e+01 4.107725037969404980e+01 4.535984111390968820e+01 4.960653173163189678e+01 4.861281652555570076e+01
