output/example_1/elevation_000488.asc
nrows	75
cellsize	13.33333333
xllcorner	0
ncols	75
yllcorner	0
NODATA_value	-9999
[rows 34 to 50 of 75, columns 37 to 73 of 75]
3.024794333535305313e+01 2.045809664742261091e+01 2.230158387041536017e+01 3.207586090235218990e+01 3.934073791738426706e+01 3.924604135206926969e+01 4.017446400175656152e+01 3.029940211901524449e+01 2.323181640573031359e+01 2.547622639824791335e+01 3.378473065311488455e+01 3.404861409940043160e+01 2.424132190916578367e+01 1.694678470378105573e+01 1.243583659925726614e+01 2.043578021573491910e+01 3.144271236988285878e+01 3.565083207357115214e+01 3.169012704587780860e+01 3.098491367753600656e+01 3.201332327849505788e+01 3.967652598910270001e+01 4.368897081790489523e+01 4.845441266611698694e+01 4.502638964745516859e+01 4.114059930351468353e+01 3.864784522341245321e+01 2.917166121561270842e+01 2.532338026297520273e+01 1.585115680852738507e+01 2.542042188959179327e+01 2.816951833495661717e+01 3.816189592983072743e+01 3.795970484969117820e+01 3.394395105116522160e+01 2.807876856638040053e+01 3.489823186568512625e+01
2.716660867926620426e+01 2.716573766701507253e+01 1.859094496997782997e+01 2.552108760959407974e+01 3.130212250680125052e+01 2.951745872598719345e+01 3.924604135206926969e+01 3.539969259998291307e+01 2.547622639824791335e+01 1.954194100111820021e+01 2.680562299570825857e+01 3.093610535846680776e+01 3.090407598886993412e+01 2.214584558607652554e+01 1.161133722168464999e+01 2.161348732672785289e+01 2.591054783842117004e+01 3.020358528904679574e+01 3.611619339983720778e+01 4.041773085549930755e+01 4.146491057611559938e+01 4.549840796845217739e+01 4.741428455880236470e+01 4.275095305228422404e+01 3.887368564091853074e+01 3.174391380983079713e+01 3.711846319455453624e+01 2.657704620167874410e+01 1.562661110354863503e+01 1.541969003787220416e+01 2.213183376128735702e+01 3.152653401098381281e+01 3.481488289499303335e+01 3.079954562008266805e+01 2.425224222572171939e+01 2.986357152842309404e+01 3.668580248911097641e+01
2.716684871890079833e+01 1.737672624837001578e+01 1.737672624837001578e+01 2.567383011732814424e+01 2.154233956143190554e+01 3.130268690057912551e+01 3.675073174202584170e+01 3.951675069412171126e+01 3.378473065311488455e+01 2.680562299570825857e+01 1.649661920494452261e+01 2.411656290720899776e+01 2.787079862044116751e+01 2.155718141476246785e+01 1.077469708051932784e+01 2.156871549457504855e+01 1.567342649468849913e+01 2.163332047936196645e+01 3.189698678452324287e+01 3.975003612302982248e+01 4.397839438838214932e+01 4.985165149471163204e+01 4.352298004772662665e+01 3.422439123411042772e+01 2.939888993090107050e+01 2.610921355618150130e+01 3.196438973146044304e+01 2.944298158814222433e+01 2.425126125637503094e+01 1.497590298565167188e+01 2.419206814074644996e+01 2.678093543301997315e+01 2.840113021206949995e+01 2.093268164955482646e+01 2.453443855609859980e+01 2.820448500127354663e+01 3.491790407561796883e+01
2.084403741044689795e+01 1.737672624837001578e+01 2.567383011732820464e+01 1.586823969549208435e+01 2.425849735367184223e+01 2.831744080399736418e+01 2.697373914445633858e+01 3.390318090452618804e+01 3.685444928253355101e+01 2.913404124361493075e+01 1.949753091164666330e+01 1.358605581726363809e+01 2.157681326584400949e+01 1.303392981352621938e+01 9.946647421976525294e+00 1.235518616839518735e+01 2.284467827370331960e+01 1.943129051368592641e+01 2.973284302766507281e+01 2.963576736672981937e+01 3.546516820903307377e+01 4.560327454510111522e+01 4.741428455879147208e+01 4.275095305227503673e+01 3.887368564091853074e+01 3.196656322882411416e+01 2.231321232861062498e+01 2.574670769561283734e+01 1.641098822317091077e+01 1.451427023531152294e+01 1.584227671407730931e+01 1.706598332215452984e+01 1.845959172599169307e+01 2.840113021410905603e+01 2.769773966526634013e+01 3.625689078264064591e+01 3.491790407561796883e+01
2.430374110151092992e+01 2.431094471817918290e+01 2.970447488031285843e+01 2.423993340503414373e+01 1.439654823178449128e+01 2.291033223670855179e+01 2.004106189335417909e+01 2.822861878828059190e+01 2.787990985594065663e+01 3.358161888934412076e+01 2.717783999282795548e+01 1.912430356440056300e+01 1.083639898421219350e+01 1.915877519268508067e+01 9.193336493426070177e+00 2.009688757896654465e+01 2.698355676206010045e+01 2.973284302766507281e+01 2.367728464372386910e+01 2.963576736672981582e+01 3.975003612320004009e+01 4.766498826462539995e+01 4.193992568979422231e+01 3.779804572822293807e+01 3.950199691000562296e+01 3.589201157693965172e+01 2.867042774183821052e+01 1.916714493435066657e+01 2.357202739909257616e+01 1.405948807725025240e+01 2.343282632202445015e+01 2.674343796378251881e+01 2.840110248289725803e+01 3.133951222445107021e+01 3.695612246769714915e+01 4.139106978968163730e+01 4.439976184428869033e+01
3.404343937306450130e+01 3.417332879862121331e+01 2.946453758781214560e+01 1.970396059840587100e+01 2.291033223767649218e+01 1.292976936952882738e+01 2.158859061163607151e+01 1.863991301690980862e+01 2.519945479433233970e+01 2.922532977570426382e+01 2.934383708696803694e+01 2.240989020050777469e+01 1.826042094988794062e+01 8.197200005241153775e+00 1.801642751122977160e+01 2.356617031856108824e+01 2.875503084751189675e+01 3.250183388223781833e+01 3.391056033325076413e+01 3.812304148171352125e+01 4.397839448247940908e+01 4.347598392480754370e+01 3.364150648649258102e+01 2.816674000692901103e+01 2.981166325631928160e+01 3.673415076229550635e+01 3.265323735689624129e+01 2.866978998726374428e+01 2.329429242322166971e+01 1.358368303557702994e+01 2.245529537533417042e+01 2.549459728508813683e+01 2.898195832361647817e+01 3.302771893117697033e+01 3.864899580532235035e+01 4.593145811955592706e+01 4.593145811955592706e+01
3.751417534987157865e+01 3.634889893152200102e+01 2.662168132750090166e+01 2.940753096249901333e+01 2.573583742438178845e+01 2.158859797716263529e+01 1.142810982991192681e+01 2.032895287500999260e+01 1.522830616186162622e+01 2.344828288413055262e+01 2.161012151197641273e+01 1.479453722475975752e+01 7.388380904728042431e+00 1.827104071352488646e+01 1.213320543650228522e+01 1.506247295372903849e+01 1.867197039834587358e+01 2.258872664359019211e+01 2.833691534158414527e+01 3.819121958291098196e+01 4.738828921924479687e+01 4.339053425615784931e+01 4.193992568979422231e+01 3.264989627152377238e+01 2.315648288521434139e+01 2.892627318631154765e+01 3.295982727065403139e+01 3.060242182672858746e+01 2.479176613416281683e+01 2.200767660328153497e+01 1.288604170679892391e+01 1.591792753969044760e+01 1.930576478404853091e+01 2.488202739685353393e+01 3.458530304546786738e+01 3.643499377042355292e+01 3.643499377042355292e+01
3.173233384763639009e+01 4.039187252186243882e+01 3.634889893152196549e+01 2.903327893797550274e+01 1.874283645101203177e+01 1.142810982991192681e+01 2.032902137104262152e+01 9.980788797332174056e+00 9.012117822764036390e+00 1.820805838491493489e+01 1.726425598935231065e+01 6.652047184798402846e+00 1.739638784633406132e+01 2.251785980483298744e+01 2.367030501410864929e+01 2.246874175031840437e+01 2.356428061362797521e+01 3.250183388224070313e+01 3.661122827775010080e+01 4.231966059965623117e+01 4.339053425615784931e+01 3.381535983748321428e+01 3.661986349366904392e+01 3.673415076229550635e+01 2.892627318631154765e+01 1.946197685293051549e+01 2.577152166335308436e+01 2.390634494501031782e+01 1.527870180955352808e+01 1.217194532668947993e+01 2.202721635034251690e+01 2.555801733176170742e+01 2.898234154060749646e+01 3.302859499920992192e+01 3.466193054878762325e+01 2.955484140568520601e+01 3.643499376538227352e+01
2.757586269145589597e+01 3.302919597555792564e+01 3.559714423938837768e+01 2.999492954807082867e+01 1.982759770305488445e+01 1.876274050029235596e+01 2.399692524134052007e+01 1.613950980934103541e+01 1.820805838727033077e+01 7.747949350854112183e+00 1.469104354804961154e+01 6.198538895837119256e+00 1.226962811925113250e+01 1.971289916157312305e+01 2.954380626152598310e+01 3.244718263389627566e+01 3.353537588071213804e+01 3.765218084041360669e+01 3.784011962133996576e+01 4.213751720215856267e+01 4.214914837193759922e+01 3.257214603344496595e+01 2.701587821269428957e+01 3.232483070501167788e+01 3.296838322263621279e+01 2.577152166335308436e+01 1.628305988125896420e+01 1.413787988604161683e+01 2.000492542491671344e+01 1.166318273336555578e+01 2.131255226538351621e+01 2.720719491873861173e+01 3.346679996023569004e+01 3.466192445332569605e+01 2.488104105912766428e+01 2.827568081918781928e+01 3.517332353765042541e+01
1.882131789960560653e+01 2.886597096621892433e+01 2.561024285313530413e+01 3.271723915836481922e+01 2.999492983361009024e+01 2.914160056577264868e+01 3.008439082171474510e+01 2.604365732218872154e+01 1.738946053604611208e+01 6.963779652649771279e+00 1.587364135589259995e+01 5.823662958390694477e+00 1.622632007808710242e+01 2.527925677272501304e+01 2.533224405791484202e+01 3.504553811767654281e+01 3.499230151540756850e+01 3.077397868190024965e+01 2.784708727060134947e+01 3.784011962194408341e+01 4.614148325535939676e+01 4.060182448866545002e+01 3.232483070501167788e+01 2.267529559034304043e+01 3.232483070435775829e+01 2.978507665711469343e+01 2.420945525561781864e+01 1.945252145422048073e+01 1.098076776126663390e+01 2.089905156753029303e+01 1.366219447639394069e+01 2.343687980458181741e+01 2.372294286214393821e+01 2.865991198065307088e+01 2.204158565621391119e+01 3.183842596648933920e+01 3.796901263669636961e+01
2.066454608072394805e+01 2.772554261970201850e+01 1.859858926998327178e+01 2.772554261970201850e+01 3.429892627393065396e+01 3.013259002892722904e+01 3.429892626067625372e+01 2.766623335568442954e+01 1.739583539059751871e+01 1.614476080281124126e+01 6.010812476347271449e+00 5.467582280563217267e+00 1.602017359014019959e+01 1.547896494062551298e+01 2.249385229602380321e+01 3.223348265840256488e+01 3.077397868190024965e+01 2.136054607739875522e+01 3.077397868190024965e+01 3.689639937930586200e+01 3.948356291112254723e+01 3.538294928095795200e+01 2.974588396711544647e+01 2.005744055287751237e+01 2.632050194648913077e+01 3.030237943552696933e+01 2.173227651657939319e+01 1.031279334255770586e+01 1.736593537989685032e+01 1.718584476822493912e+01 2.343456518101138286e+01 1.554146533135303976e+01 1.685691812757870167e+01 1.888949104269045165e+01 2.865991198276969243e+01 3.518208961061669982e+01 3.993156824812808736e+01
2.482627374379353213e+01 2.356696390805537789e+01 1.355063549924842015e+01 2.256589420556947800e+01 2.739040270965443824e+01 2.044188577996412093e+01 2.939972261461564074e+01 2.828481066725230875e+01 1.776192990271869121e+01 1.024859737045332331e+01 5.467582280563217267e+00 1.507391865868809333e+01 9.478031323323667934e+00 1.466597117643648929e+01 2.161231088086766761e+01 3.139581816684963300e+01 2.763616781347104379e+01 1.835268041486472868e+01 2.307516970763408182e+01 3.267674196509627649e+01 3.538294928118345695e+01 2.617248385841730496e+01 2.887016672297198028e+01 2.632050194794192777e+01 1.666854372505878956e+01 2.326546182645783389e+01 2.016948712278169609e+01 9.845859925489296671e+00 1.987579204168012126e+01 2.180385573889998341e+01 2.792187679018578805e+01 2.239923876307413408e+01 2.657684775298992719e+01 1.943409139984058598e+01 2.141940631330789913e+01 3.119174547784813711e+01 3.029384942373406986e+01
2.217681790508692075e+01 2.007345989301882838e+01 9.963516414565418700e+00 1.295338418310712925e+01 2.291832810520634567e+01 1.560620288360678387e+01 1.988413782399923235e+01 2.405507200456839101e+01 2.464562735428482654e+01 1.619482143111981642e+01 5.118877706022146867e+00 1.124379703234915873e+01 1.065622333861699467e+01 1.993385265468092271e+01 2.861034595603981856e+01 3.376787682139238456e+01 2.483709104532063350e+01 1.548774780693701025e+01 2.204471757968002876e+01 3.157847693737397776e+01 3.538294928265357697e+01 2.617248385841731917e+01 1.982295872686233196e+01 2.460527033193839586e+01 2.326821515813216124e+01 1.372259468689716577e+01 1.164690463023679001e+01 9.389343992065734668e+00 1.640020303801563628e+01 2.514586042781118991e+01 3.205786362872452600e+01 3.214068268707944753e+01 3.319409145736003097e+01 2.634347716502400871e+01 2.835324771641582586e+01 2.461659205102340664e+01 2.461659205102340664e+01
1.933502037851781097e+01 1.694077739704908936e+01 6.842453991961664705e+00 1.694077346570561104e+01 2.601762912793107674e+01 1.988413782365688931e+01 9.936007116386551985e+00 1.988411512880615106e+01 2.259701803671560683e+01 1.347996442065181100e+01 1.359589706998759873e+01 4.579245936307480669e+00 1.464863317469559512e+01 1.959771523334121923e+01 2.968085715032674088e+01 2.411639075596283988e+01 2.262892288865975843e+01 1.311472500490332571e+01 1.985905555476346862e+01 2.933115093924061156e+01 3.675847159282989196e+01 3.282802330091551823e+01 2.460527197302060998e+01 1.532040587374631357e+01 2.081453680727893030e+01 2.169954245955030814e+01 1.844672221684621860e+01 8.952702706404306099e+00 1.932107714443174373e+01 2.056444304483846963e+01 3.102131371494182588e+01 3.207968739094158650e+01 3.635934070033562193e+01 3.606584451821079540e+01 3.804446240056832806e+01 3.436735112527973257e+01 2.461659205102340664e+01
9.284204931130116023e+00 1.222754470845622699e+01 4.551443203265604254e+00 1.235470537413178072e+01 1.783799669505988206e+01 1.689307827661972183e+01 6.808057513541148076e+00 1.665630332529513424e+01 1.730892942861346384e+01 1.321088035810568329e+01 4.053427013795374734e+00 5.100173580225985326e+00 1.628959837547511214e+01 2.230868917969917220e+01 2.592324583861151410e+01 2.262146348214915648e+01 1.459378328132986447e+01 1.090587602098688969e+01 2.060602450052822476e+01 2.746219972090920436e+01 2.697331583266668176e+01 2.697331491781324431e+01 2.248893214316325739e+01 1.725767333655030100e+01 1.110226092852511215e+01 1.789592163536922698e+01 1.699766611945677042e+01 8.524858632713696593e+00 1.050833192730623367e+01 2.092739558156005231e+01 2.369747163438917781e+01 2.181301572843907977e+01 3.059439936778435154e+01 3.803347021125712502e+01 4.231301032880303126e+01 3.760936688129832817e+01 2.796391453950539585e+01
2.324543894384579978e+00 2.324543894384579978e+00 2.324543894384579978e+00 2.432983327987199296e+00 1.074822866112334907e+01 1.245229935414099920e+01 3.935942282895205313e+00 3.652705845127413919e+00 1.271268310571762861e+01 3.529564912996389303e+00 1.280439581672382587e+01 9.857619709793517870e+00 1.193342534735662142e+01 1.540123910093990212e+01 1.908860293730248969e+01 1.630989960689929319e+01 8.806719531581482130e+00 8.806719531581482130e+00 1.385324460677502145e+01 2.339496978029394114e+01 2.697331583419677159e+01 1.718368441091340770e+01 1.773345796010951858e+01 7.071757074098168339e+00 1.743987047066556073e+01 7.567067401464623977e+00 7.947881696742611801e+00 1.910350697239360684e+01 2.092817177947465268e+01 1.349406501026003014e+01 1.349406501026003014e+01 1.612837103064748945e+01 2.631549545811951063e+01 2.765374991873221688e+01 3.803347021124070437e+01 4.156917469052684311e+01 3.301466861276242781e+01
2.324543894384579978e+00 2.324543894384579978e+00 2.324543894384579978e+00 7.169612978881064969e+00 2.895070022042046887e+00 2.895070022042046887e+00 2.931394696524684651e+00 2.916372138663581914e+00 2.916372138663581914e+00 1.120623189681213283e+01 3.835381968836733879e+00 1.088122489771045487e+01 5.070649475225804004e+00 1.292949281538781570e+01 1.411619033490323183e+01 6.448713901012632199e+00 1.630925743523362570e+01 1.862380400048207463e+01 2.264415441793503447e+01 2.744856205803013793e+01 2.610322763805528012e+01 2.072751177778866349e+01 1.079641282631783206e+01 1.690617512859164506e+01 7.071757074098168339e+00 1.744220276734402830e+01 1.240922246649703453e+01 2.229901941656180142e+01 2.796330274157509876e+01 1.858908933998734980e+01 2.369747163439758708e+01 2.631549545812172752e+01 2.036339232090885076e+01 2.609708214271223525e+01 3.607573696235799332e+01 4.629946952216000255e+01 4.239227909599964761e+01
