output/example_1/elevation_000479.asc
nrows	75
cellsize	13.33333333
xllcorner	0
ncols	75
yllcorner	0
NODATA_value	-9999
[rows 34 to 50 of 75, columns 0 to 36 of 75]
4.159999999999999636e-03 1.565897618886061604e+00 1.156589949617751145e+01 1.137433421296963587e+01 1.974288170491653105e+01 1.742932281434757513e+01 2.579566954531854606e+01 2.685703060251150021e+01 3.108344562272981193e+01 4.108258641505753417e+01 3.776044552799552889e+01 3.363306209370904298e+01 2.668150133684694225e+01 2.948889049369503823e+01 2.878435139682135357e+01 3.729069211147202623e+01 4.069643010968339070e+01 3.051649861596429503e+01 3.185854815553045682e+01 2.185971134103614233e+01 3.085601063773379238e+01 2.667289627989627476e+01 1.973676037972096609e+01 2.966696590097179964e+01 3.355131911088239605e+01 3.775868529309817490e+01 2.973885627139258148e+01 1.978572039815097483e+01 2.968004093800068333e+01 2.680261384717718087e+01 1.999185948386828215e+01 3.000283424498796947e+01 3.429293399483448468e+01 4.417380822504700433e+01 4.183349508683964757e+01 3.191240663492642682e+01 2.952750587484391076e+01
3.329999999999999627e-04 1.000033299999996217e+01 3.860054957591681823e+00 5.600831517148662897e+00 1.560079464536239335e+01 1.165582012024136915e+01 2.165583119156060476e+01 2.108352787307693887e+01 3.108349951412545309e+01 3.697334809689644430e+01 3.286399257482644742e+01 2.956279883878896797e+01 1.982472366150398813e+01 2.724421003613931092e+01 2.310205045979347815e+01 3.306292366744698796e+01 3.957822797814055349e+01 2.940483945376416131e+01 2.236974995099475549e+01 1.893931147913634661e+01 2.571171584406370414e+01 1.681657481355825823e+01 2.388510763125555769e+01 2.804814055030592002e+01 2.351994949077257502e+01 3.194383975646610807e+01 2.685907337282667839e+01 1.699383800688886126e+01 2.386464210579919509e+01 1.692925929961191400e+01 2.678465774087551665e+01 2.964626630850961675e+01 3.490554477354773155e+01 3.914832337619582603e+01 4.404173716317159659e+01 4.183349508674257322e+01 3.358936762849108248e+01
1.129999999999999928e-03 1.000112999999996255e+01 3.860054957591681823e+00 1.386018220310507409e+01 8.322486786907759893e+00 1.832244687455690979e+01 1.573830302496138067e+01 2.151180571893803872e+01 3.151171623148331236e+01 3.286399257482644742e+01 2.302266017630339334e+01 2.589289177768993966e+01 1.622205291256711135e+01 1.754143255981816552e+01 2.727905060141248939e+01 3.369374997387879489e+01 3.780293655221655058e+01 3.659861510811709451e+01 3.238455494982692784e+01 2.571171612804916862e+01 1.587512722952137345e+01 1.587512722952137345e+01 1.404496394159619577e+01 2.204187991846511707e+01 1.785621497293117343e+01 2.775943676240036595e+01 2.421746084095601503e+01 1.437937375048591093e+01 1.405032949520345475e+01 1.637465740233899325e+01 1.879017677121361984e+01 2.156310120528373275e+01 2.508071169708215820e+01 3.020107306170638495e+01 4.012437979638587393e+01 4.205120990016072824e+01 3.214595695973159906e+01
3.329999999999999627e-04 1.000012337193034284e+01 1.386028633510475494e+01 1.800765798042862187e+01 1.832248946170616932e+01 1.409598948163857024e+01 2.409599580357292936e+01 2.987956159329034733e+01 3.565272999287773104e+01 3.157735022515639045e+01 2.175444152093533035e+01 1.622206216910258547e+01 1.299065577323078458e+01 2.267728252614774576e+01 2.018103879280960200e+01 2.382385832072445098e+01 3.078075262711847770e+01 4.072810645179612266e+01 3.390070380940085215e+01 2.387127866937550991e+01 2.571171612804916862e+01 2.571171595317984071e+01 1.709877117118635681e+01 1.215680548385723547e+01 2.038279132556689888e+01 2.411710284659125847e+01 1.998210139506920413e+01 1.187354680354556358e+01 2.175393506916758213e+01 2.612660481330008722e+01 2.842337295915893236e+01 2.748989889259394559e+01 3.132697043218208321e+01 3.914832337619582603e+01 4.404173726541650780e+01 4.192491136197192958e+01 3.214595696373813638e+01
4.329999999999999539e-04 5.773935691896265432e+00 1.284500350376176314e+01 2.284500350376183064e+01 2.823828964549934284e+01 2.116705745104934167e+01 2.823828964549934284e+01 3.694961674647307603e+01 3.284546110959190912e+01 3.569692668211614262e+01 2.999799969786824150e+01 2.267728238634117233e+01 1.299065577323078458e+01 1.537497917558098415e+01 2.507202745327135318e+01 3.369377215987737628e+01 3.780293686176254653e+01 3.768460601179253899e+01 3.363714018453863019e+01 3.390070380940085215e+01 3.519607500748580264e+01 2.513958894539900513e+01 2.204187987976051843e+01 2.038280394905791582e+01 1.042658859894170220e+01 1.875694766223760723e+01 1.001482418357842441e+01 1.998210177196367709e+01 2.590122942249177385e+01 2.480034625423198591e+01 2.896455576071273796e+01 3.407980706109780300e+01 3.929933877889323668e+01 4.451054656612397054e+01 4.493079321315658348e+01 3.483997094469599887e+01 2.800840011062460277e+01
5.329999999999999452e-04 1.000053299999996348e+01 1.802177344577754425e+01 2.216390906950846684e+01 2.716390906950844908e+01 3.116707849759008653e+01 3.125052892369403068e+01 3.125654524538138190e+01 2.299247154636602630e+01 3.125654524538138190e+01 2.782877207245485351e+01 1.808296903427624258e+01 1.119898386328404705e+01 2.093744903657754364e+01 2.915476356620150611e+01 2.770949973163956770e+01 3.179088700342279594e+01 3.209215769559929754e+01 2.398724072978025390e+01 2.806573826691371210e+01 3.209180037505417715e+01 3.519607500724063698e+01 3.202339292139026128e+01 2.452751488895633258e+01 1.875697077194261908e+01 8.750630531739917117e+00 8.750630531739917117e+00 1.760019663105756038e+01 2.027172349968244802e+01 1.478239201886998266e+01 1.977914590423944574e+01 2.697917189555824891e+01 3.737552506934483176e+01 4.201954291264058838e+01 4.503662307880887283e+01 4.192491136197192958e+01 3.779550435937986919e+01
3.709999999999999756e-03 1.000370999999996258e+01 8.021773445777615308e+00 1.302177344577759754e+01 2.302177344577752649e+01 3.125052892369403068e+01 2.141773513238861781e+01 2.322208641212578328e+01 1.737108607019298745e+01 2.715741739068102234e+01 2.511777539380833346e+01 1.539023802497867699e+01 9.724304149709240619e+00 1.756537651044373050e+01 2.081358595356010355e+01 1.795720494172695325e+01 2.770949973163956770e+01 2.806575124124094245e+01 1.837958103816251665e+01 1.837958103762627005e+01 2.649381032529607438e+01 3.161275985552771317e+01 3.380254263848522811e+01 2.357654415186796371e+01 1.619630585224722097e+01 1.873727871135467637e+01 1.738203837578200961e+01 7.614689756258616882e+00 1.027975649954051995e+01 2.027172532809692385e+01 2.295871270069912384e+01 3.299468314705150362e+01 3.881406380281442381e+01 3.137928342326926057e+01 3.449574327412159391e+01 3.982125985773274834e+01 3.558654403431573598e+01
6.660000000000000121e-03 3.021773445777633516e+00 1.302177344577766505e+01 2.216390906950846684e+01 2.716390906950844908e+01 2.688352491525518317e+01 2.031311162624011502e+01 1.345569499442872896e+01 1.369115902425503428e+01 2.345871279598789627e+01 2.920081876560027112e+01 2.356261331974676310e+01 1.756537629368175857e+01 7.749103095266550056e+00 1.106581542076693303e+01 1.795720485649725617e+01 2.770948422792385557e+01 2.928864716854583961e+01 2.247343278314259152e+01 1.270162916311316970e+01 1.787012916187086020e+01 2.758343990092082265e+01 3.386778617212453213e+01 2.963972670435630263e+01 2.284258673138937823e+01 1.744454017721866279e+01 1.399548904214517364e+01 6.874622226260011182e+00 1.746576757549643588e+01 2.441059000076306162e+01 3.299468314705150362e+01 3.302341947359094121e+01 2.861477494380361364e+01 2.349345897686262674e+01 3.449574327412159391e+01 3.479834580514468456e+01 2.561431350612383184e+01
1.030000000000000013e-02 1.001029999999996356e+01 1.716390906950848461e+01 2.396375564725481055e+01 1.998130467545226807e+01 2.140991780132457833e+01 1.333496893837978092e+01 9.031324930417163444e+00 1.538277213736144056e+01 1.948754645414500430e+01 2.219444373525989533e+01 2.323176199304665346e+01 1.346859000612658797e+01 6.462187178235214269e+00 1.632610530800349480e+01 2.485944112713499266e+01 2.455028452724429044e+01 2.526800859112812248e+01 1.554058372166924151e+01 9.946868762174275957e+00 1.965255489288330182e+01 2.711211963425984450e+01 3.025196408185780683e+01 2.204404834636739707e+01 1.903294361035166204e+01 9.295915357357788622e+00 5.817418891606847886e+00 1.575390835590457961e+01 1.724311495532476002e+01 2.792347651738166192e+01 2.828690375752028530e+01 2.379618252348565477e+01 1.731417402959108642e+01 2.861477494380361364e+01 3.661001437416818050e+01 3.059853738090770392e+01 2.101757555210716433e+01
1.349999999999999985e-02 7.084567811865484899e+00 1.708456781186555062e+01 1.857977963627607565e+01 1.035972839154389646e+01 1.768438490515892525e+01 8.781083641502462456e+00 1.538269404821451225e+01 5.443566272937902184e+00 1.222991145145877390e+01 1.222991145145085312e+01 1.901900839048004954e+01 1.512283838115245338e+01 5.119480291743143674e+00 1.341969875609771989e+01 1.744644904500424332e+01 1.613094296481599343e+01 1.802838075694533160e+01 1.477282058159408074e+01 7.981082280667536111e+00 1.337412333734732961e+01 2.309167404054974071e+01 2.570292806486150283e+01 2.330948761740365072e+01 1.523463116666895978e+01 1.501026554171460958e+01 5.067356669070292696e+00 1.001746614033269367e+01 1.686174517376800708e+01 2.646909947995632351e+01 2.379494511746910845e+01 1.253302468714893791e+01 2.379618052551566976e+01 3.182876040575376919e+01 3.246657895760338164e+01 2.281612867918163445e+01 1.807742740433644002e+01
1.339999999999999872e-02 1.001339999999996344e+01 1.018549511046249023e+01 1.018549524379582216e+01 4.652436948025561847e+00 1.018549551046248958e+01 4.163690572159016945e+00 1.018549577712915521e+01 1.018549591046225800e+01 2.236877090852867234e+00 1.018549617712798572e+01 9.423479915524305639e+00 1.472360142463492849e+01 1.310292024894868312e+01 3.075115775687987885e+00 1.325223812787791644e+01 1.027731892322936957e+01 1.106526099830606391e+01 5.669461801501952891e+00 1.467607926735205659e+01 2.057383842112932371e+01 1.869587494292177254e+01 1.368247817376136055e+01 2.114108442440296898e+01 1.719446216393204807e+01 1.282946182258002921e+01 4.358832273818846303e+00 1.432039843370742638e+01 2.370406027846234664e+01 2.521654246269243060e+01 2.098042459564475948e+01 9.983801621371448221e+00 1.617957188281032188e+01 2.738644690192045772e+01 2.542689350195388087e+01 2.144686122218119095e+01 1.542125726561011234e+01
1.369999999999999864e-02 1.855475181930078543e-01 1.855475181930078543e-01 1.855475181930078543e-01 1.855475181930078543e-01 1.855475181930078543e-01 1.855475181930078543e-01 1.855475181930078543e-01 1.855475181930078543e-01 1.855475181930078543e-01 1.855475181930078543e-01 4.833539607282058448e+00 8.848339453472537031e+00 1.264432965918763863e+00 3.572603752290542722e+00 1.142556862190071243e+01 1.026755220066779017e+01 3.541219363269995313e+00 1.176203292450306392e+01 1.087583454490377477e+01 1.178481000981106952e+01 1.101754668824533212e+01 6.234197881016357634e+00 1.327199963079745970e+01 1.236308667800955341e+01 3.506585741064174311e+00 1.308824697269204584e+01 1.802115754285560456e+01 1.853197727307608034e+01 1.391468673575086790e+01 1.621195385749939533e+01 7.835139461747624878e+00 1.762049125325388488e+01 2.251359499822309473e+01 1.870163728768941169e+01 1.234192661602484975e+01 2.144686098557465570e+01
1.290000000000000001e-02 1.001289999999996283e+01 1.855475181930078543e-01 1.855475181930078543e-01 1.855475181930078543e-01 1.855475181930078543e-01 1.855475181930078543e-01 1.855475181930078543e-01 1.855475181930078543e-01 1.855475181930078543e-01 1.855475181930078543e-01 5.587472293659948797e+00 6.797713977211032876e-01 8.562256967912040828e-01 9.269337621883028788e+00 9.968035718481507601e+00 1.356907887041344241e+00 4.581342186019252694e+00 4.639797480772038796e+00 2.065728618843603925e+00 2.264641246925186646e+00 2.264641246925186646e+00 2.264641246925186646e+00 2.264641246925186646e+00 3.587108272217931493e+00 1.110040465312972735e+01 2.886215441559954797e+00 1.237643743621223358e+01 1.243147044130534340e+01 7.178622485995753699e+00 4.866049902661754523e+00 1.523912240458366441e+01 1.502740930327988877e+01 1.616129689751872434e+01 9.539663945139404078e+00 1.870163728768941169e+01 2.545850036311684050e+01
1.349999999999999985e-02 1.001349999999996321e+01 1.018549511046249023e+01 7.256569797261207100e+00 7.256569930594539919e+00 1.018549551046248958e+01 3.200633467894751227e+00 1.018549577712915521e+01 1.018549591046248892e+01 2.270671554127387193e+00 1.018425006954557865e+01 4.325359990745905603e-01 2.861422449730417927e+00 7.412366444990523107e+00 1.108514588117982536e+00 1.108514588117982536e+00 5.034763183174351120e+00 1.614828529809970714e+00 1.786488402710035839e+00 3.666754726830851130e+00 1.146769919518976977e+01 2.264641246925186646e+00 2.264641246925186646e+00 7.696560565240690543e+00 2.284995318852637514e+00 2.284995318852637514e+00 2.284995318852637514e+00 2.615239060209071376e+00 9.790734636325574058e+00 2.715846372561270705e+00 2.715846372561270705e+00 1.273230388595004747e+01 1.220541214006832220e+01 6.865952847567474926e+00 1.609385067813582282e+01 2.047334165818150709e+01 1.838613540606480967e+01
1.319999999999999993e-02 1.001319999999996213e+01 1.682834804285528918e+01 1.725654677999936126e+01 1.725654691333269497e+01 1.636286981576395760e+01 6.362890088381795373e+00 1.636286981576395760e+01 1.440296027352721531e+01 4.402661253000998087e+00 1.440208713625247228e+01 1.196030707096454826e+01 5.465086305881007966e+00 1.177835820028715474e+01 2.444570628340631213e+00 1.115735751143218302e+01 1.473817862063514639e+01 1.594742978596080718e+01 1.423211195770882931e+01 5.913239630450150663e+00 1.550345668259005016e+01 1.179847633019568320e+01 1.178370882024409561e+01 3.014401983230889481e+00 1.206765817684592434e+01 7.986840416206769433e+00 2.284995318852637514e+00 1.091312056980900813e+01 2.715846372561270705e+00 1.161803989809962090e+01 1.003309810885539655e+01 3.129674559314000515e+00 1.216947628464264497e+01 4.985317824369546180e+00 1.266017308202649261e+01 1.311175037856897063e+01 7.270381157598435173e+00
1.359999999999999924e-02 2.686212419124241357e+00 1.268621241912420494e+01 2.028356007956969620e+01 2.442569570330055129e+01 2.014251077610858331e+01 1.014252074991043173e+01 2.014251077610858331e+01 1.669721581495939233e+01 6.696803523869752084e+00 1.669721581495938878e+01 1.444614761418673687e+01 1.197632402217896974e+01 1.618524472252550339e+01 1.220237648400101271e+01 4.394118927186750234e+00 9.940272220419061000e+00 1.983889250451171904e+01 1.630846026737721743e+01 1.337325516237323875e+01 2.072973863660822502e+01 2.010856877064058068e+01 1.050138822832832908e+01 3.689944948850229611e+00 1.138668528020983040e+01 1.596399478033572983e+01 1.573406637134229946e+01 2.284995318852637514e+00 1.291645208405230960e+01 6.631444434115800313e+00 1.187434974752258832e+01 3.129674559314000515e+00 3.129674559314000515e+00 3.129674559314000515e+00 3.129674559314000515e+00 3.129674559314000515e+00 3.205743214365797122e+00
1.299999999999999940e-02 1.001299999999996260e+01 6.950226746236443098e+00 1.028356007956976548e+01 2.028356007956969620e+01 2.428464173948016480e+01 1.721358105756054258e+01 2.428464173948016480e+01 1.919735672268985027e+01 9.196793091773951545e+00 1.919735672268981830e+01 2.403472127228293331e+01 2.209182520560572627e+01 1.617129838850445722e+01 6.441286267530013099e+00 1.412361300897917005e+01 1.828564338074454199e+01 2.404671347324803676e+01 2.731667898506135828e+01 2.525932905733088418e+01 2.284363190971336266e+01 1.456728750399956063e+01 1.403302242680186751e+01 4.380688828357077291e+00 7.436847377261232239e+00 1.930779600523289119e+01 1.582184844990723072e+01 1.525901652723217161e+01 1.875322585078975024e+01 9.308644850492964196e+00 1.660851241200475314e+01 1.415212212653326773e+01 8.914366581157514347e+00 1.300088863032044273e+01 3.129674559314000515e+00 9.969768339336793517e+00 1.314576712829827265e+01
