output/example_1/elevation_000283.asc
nrows	75
cellsize	13.33333333
xllcorner	0
ncols	75
yllcorner	0
NODATA_value	-9999
[rows 0 to 16 of 75, columns 37 to 73 of 75]
4.619780493494226903e+01 5.040429149963483724e+01 5.545298151955932298e+01 5.132252763135582541e+01 5.037284671565559080e+01 5.037284671565559080e+01 5.451086550006890974e+01 5.072318008642960763e+01 4.656280915479919003e+01 4.692535238679364795e+01 4.692535238679364795e+01 5.108800168433116795e+01 5.239311505911477695e+01 4.823969880711505454e+01 4.823969880696272128e+01 4.735872177815007689e+01 4.318639359220764362e+01 4.735872173479785374e+01 5.144350641696180304e+01 5.556302215550234536e+01 5.234724421166534825e+01 5.503560214537072426e+01 5.373653533198842069e+01 5.788204018186262800e+01 6.366216684389751634e+01 6.591050588763970097e+01 6.368637646605850477e+01 6.368637646605850477e+01 6.791405120644630244e+01 6.691735030030294240e+01 6.268862850845118828e+01 6.330902532452817866e+01 5.906954984979134338e+01 5.794710794370539730e+01 5.794710794370539730e+01 6.218824552566404407e+01 6.120845624812828589e+01
3.605751092337393260e+01 4.619780493494226903e+01 4.963168788061590675e+01 4.118973373134501514e+01 4.022555152431817760e+01 4.022555152431817760e+01 5.037284671565559080e+01 4.485581432227416343e+01 3.635112782612320359e+01 3.671894588197732645e+01 3.671894588197732645e+01 4.692535238679364795e+01 4.823969880711505454e+01 3.808000982901810261e+01 3.808000982901810261e+01 4.227088008888217274e+01 3.296813239328048439e+01 4.226968663342515953e+01 4.132839310979434799e+01 4.936345639980289945e+01 4.224358803801783324e+01 4.497679619561207431e+01 4.366712822042004660e+01 4.950380587325589943e+01 5.951855129996379645e+01 5.586856712972220151e+01 5.368114121955554907e+01 5.368114121955554907e+01 6.368637646605850477e+01 6.099042802304726507e+01 5.239929958003355637e+01 5.745433656998200433e+01 4.880022874875054839e+01 4.767648990610684478e+01 4.767648990610684478e+01 5.794710794370539730e+01 5.091192536643674771e+01
3.902753427613696857e+01 4.471450215750776636e+01 4.547273175247963906e+01 3.530338064174750201e+01 3.302592964005096832e+01 4.319762547515925633e+01 4.128565984360160712e+01 4.030577490670460605e+01 3.046381113399244001e+01 2.951435699903526810e+01 3.970833313569155365e+01 4.093049706287143863e+01 4.511646950984379600e+01 4.105571383595647461e+01 3.085731723998528508e+01 3.595652804344035047e+01 2.790657546820392199e+01 3.296813210013240081e+01 3.985765845621951797e+01 4.179454432051195312e+01 3.497809159327184858e+01 3.774540787984577150e+01 4.366712822042004660e+01 5.373653533198842069e+01 5.723402796816773730e+01 4.886496808877106446e+01 4.669017166325247814e+01 5.286165678206160834e+01 6.286530187716065399e+01 5.674808401176954220e+01 4.647689150558539239e+01 4.722529892358339509e+01 4.722530063879793971e+01 4.052725162256540870e+01 4.614214323962365683e+01 4.934336649728013668e+01 4.500934396872219878e+01
3.046738553920187442e+01 4.050905281655368384e+01 4.678512065190732727e+01 3.662574000456361745e+01 2.955645847391056336e+01 3.625310692980039562e+01 3.125101090431258299e+01 3.610420200779878286e+01 2.606948551970800310e+01 2.606948551970800310e+01 3.266233078229850406e+01 3.080410276001074976e+01 3.886702568610503761e+01 3.784554818785851182e+01 3.409008683362728931e+01 2.590698549681438578e+01 3.595652804344035047e+01 2.790657546820392199e+01 2.963092146351405987e+01 3.154579243752866091e+01 4.179454432051195312e+01 4.792296042554448121e+01 5.207882667450933667e+01 5.788204018186257116e+01 5.277834796169188536e+01 4.314268734530784144e+01 4.293617376666794172e+01 5.286165678209729890e+01 5.553437767136325220e+01 5.971587364559982802e+01 5.081801016953578909e+01 4.065625954137234288e+01 3.715242274385286692e+01 4.311307554701640044e+01 3.609586670706254097e+01 3.922020847565275403e+01 4.633815872921675094e+01
3.967738577092795538e+01 4.471450215750776636e+01 4.293217880544850829e+01 4.378341638224200238e+01 3.625310692980039562e+01 2.644755612471047357e+01 2.461077628147150520e+01 3.151253304878282080e+01 3.470320215052101531e+01 3.266226993498118958e+01 2.284714657056822418e+01 3.061572155146704688e+01 2.858584569840879297e+01 3.150082629853596217e+01 2.419264489251997929e+01 3.409040479080477581e+01 4.015297861419128367e+01 3.807741116736975329e+01 3.554560130040485433e+01 4.179454432048336088e+01 3.749193270668654776e+01 4.340940819887456570e+01 5.349485858056015530e+01 5.565760617826249756e+01 4.571824516335615840e+01 3.866180498046345804e+01 4.555332659287807218e+01 4.849782790362045404e+01 4.558319450975155007e+01 5.553437767136325220e+01 5.073943056720317912e+01 4.568160087877541287e+01 4.146933286389667472e+01 3.311435780868818313e+01 4.311307519414632594e+01 4.442503900947799877e+01 4.864883293724922453e+01
4.239685420913493630e+01 3.999132215293087711e+01 3.283872150535022882e+01 3.999132215293087711e+01 4.043009022260334007e+01 3.540891099988539992e+01 3.054227866407161684e+01 2.233923385101309123e+01 2.370888803028753244e+01 2.953305820335294030e+01 2.087255645634248324e+01 2.087255645634248324e+01 2.170877257510496250e+01 2.254193175792394754e+01 2.378300138845606071e+01 3.365884442467023518e+01 3.712561144324270401e+01 4.132917720935603256e+01 4.574809153922172555e+01 4.991439638247289423e+01 4.767202108770514712e+01 5.183101507410757591e+01 5.764106438043154412e+01 5.850331603454346663e+01 5.277567114922243263e+01 4.555330286239593107e+01 3.554335172248221397e+01 3.852224666758313276e+01 4.558319450727320543e+01 5.553437537861659479e+01 4.650149915298020886e+01 3.643766215043715562e+01 3.148938939957428573e+01 3.148938939957428573e+01 3.941059846868001415e+01 3.439616060882828208e+01 3.936175507727521961e+01
3.663514558207898375e+01 3.549913832452276097e+01 2.576416047661448872e+01 3.549913832452276097e+01 3.827394754278284239e+01 3.206330858202819911e+01 2.021464866090635937e+01 2.779812811895893887e+01 2.340939829134106276e+01 1.978443527176871797e+01 2.953309722531893300e+01 2.767799953582763450e+01 3.054774335075772385e+01 2.527182239362395677e+01 3.360645309173202122e+01 2.558302622925701897e+01 2.696925260785175027e+01 3.712561141104900742e+01 4.355554271967626789e+01 4.997869161561159501e+01 5.411684393056901854e+01 5.691768240706958437e+01 5.274442911695000902e+01 4.852863042970918883e+01 5.055683084203789690e+01 4.059033241169019846e+01 3.348973158214172940e+01 4.351003705802409627e+01 4.683521361563697383e+01 5.681394067586972341e+01 5.073915920936079260e+01 4.568155644834974538e+01 4.146938893157945927e+01 3.941059960354739644e+01 2.943550547474450241e+01 3.941059919862195926e+01 4.864816001509575472e+01
2.658759326296199532e+01 2.658759327799452521e+01 2.129709043435395444e+01 3.128386016427953820e+01 3.405036493587545721e+01 2.446276105124051270e+01 2.684662722536409518e+01 1.797014964563561179e+01 1.870467951654533323e+01 2.200650495678722862e+01 3.236914724877377125e+01 3.770947517161064866e+01 3.802582843223223819e+01 2.809842226554686917e+01 3.562863329877729512e+01 2.558302622925701897e+01 3.562857278981795872e+01 2.911541162313517361e+01 3.936074619317538037e+01 3.980738886586050995e+01 4.997869161561159501e+01 5.274442911695172853e+01 4.278354207105283535e+01 4.149236292649145241e+01 4.985009275981213506e+01 4.183997762734667702e+01 3.183426077951507338e+01 3.684474163747730557e+01 4.683521361574334207e+01 4.943985467209460438e+01 4.520931962978770713e+01 4.610950966374284121e+01 4.059204945633760531e+01 3.640411083841412676e+01 2.808159491776956074e+01 3.811195256962977851e+01 4.734633229377398322e+01
2.335051309346643578e+01 1.660084775795445466e+01 2.386857271246492473e+01 2.426535005420273450e+01 2.825216415979255302e+01 2.591146925290417613e+01 1.701456997162152973e+01 2.684663299935630576e+01 1.870467951654533323e+01 3.235660323592582444e+01 2.797570679584585562e+01 3.837067711596173325e+01 4.193691219296070472e+01 3.141471531676089768e+01 3.983493547638956045e+01 3.562887884453840570e+01 3.936074632650871052e+01 2.911541162313517361e+01 3.250925004975196941e+01 3.980738886586050285e+01 4.997869161561158791e+01 5.274442911692087677e+01 4.278354207105283535e+01 3.571337557065717050e+01 4.178353636801477933e+01 4.029606270077852770e+01 3.032310938829854763e+01 3.737119933115481274e+01 4.735730751396594940e+01 4.520931997577741157e+01 3.514687363885385452e+01 3.809409468063454085e+01 3.177279589452483322e+01 2.619459248793616268e+01 3.640410899925542765e+01 3.310454596958231122e+01 3.806912343295278589e+01
1.331008709073648077e+01 1.383342449981209299e+01 1.383342449981209299e+01 1.437240471656553709e+01 2.404633672348303008e+01 1.607279230416792970e+01 2.591146924955704378e+01 3.099558882939975391e+01 3.542761011494209100e+01 3.972696249001401725e+01 3.404662272785041210e+01 4.254952075986045656e+01 4.626174310567087389e+01 3.663036905022347867e+01 4.626174310567087389e+01 4.527467769985044299e+01 3.503144831968710804e+01 2.911541162313517361e+01 3.936074645984204778e+01 4.278649446489355057e+01 5.291208527032045339e+01 5.568121116605723842e+01 4.570101834015434861e+01 4.178353636801477933e+01 3.180408602660702044e+01 3.877457528039853685e+01 2.889440217857459459e+01 3.590157100984484373e+01 4.588494494668466928e+01 4.520931716281262425e+01 3.514687363742831394e+01 2.798672085366503381e+01 2.422300606683657165e+01 3.469977021312757870e+01 4.029138702901625635e+01 4.310757401799538258e+01 4.734633230123340297e+01
2.333905897917251338e+01 1.763733260440994499e+01 1.875026775245973099e+01 2.373591610123679985e+01 1.513361184547104266e+01 2.498545424748518684e+01 2.627560227425635020e+01 3.043083246384874840e+01 3.472309544242648371e+01 3.891503261664224311e+01 4.427744525690371802e+01 4.841565241648131490e+01 5.152931648887820160e+01 4.730489500147972848e+01 5.152931648887820160e+01 4.943629841017732218e+01 4.178218610825131663e+01 3.150285660603085347e+01 3.559934120466643037e+01 4.154928306306260311e+01 5.168518464417486058e+01 5.329414022947197083e+01 4.333524449123241595e+01 3.756631411856510994e+01 3.877461600547945864e+01 2.884888423181539707e+01 2.751444755408298448e+01 3.740688892731414938e+01 4.486012425832063855e+01 4.901055297735642569e+01 4.229317704246342657e+01 3.359916651790207709e+01 2.292722842549278894e+01 3.359897987515031303e+01 3.979993118721996126e+01 4.415856341731232959e+01 4.826601885437752770e+01
2.892741339270520129e+01 2.140531444719626109e+01 2.385240537594024701e+01 2.455678933709774014e+01 2.498508679024305934e+01 1.643150048102295813e+01 1.643150048102295813e+01 2.627560213971749903e+01 2.473120224632740971e+01 3.472309545480384685e+01 3.646374408669829137e+01 4.066800676405274828e+01 4.282175556869691491e+01 4.393455402022906497e+01 4.811910620373124203e+01 5.151258750201516534e+01 4.138241235973440268e+01 3.407348929683772809e+01 4.434951903598241074e+01 4.999223573105327034e+01 5.581701145646082551e+01 5.746978252131068388e+01 5.169938153403462167e+01 4.754436909416794066e+01 4.291631297257251987e+01 3.602160219460813551e+01 2.615485735110657828e+01 3.602169684637988212e+01 3.489954945085750637e+01 4.486012617888431464e+01 4.233443611344139867e+01 3.345368607294888363e+01 2.292722842549278894e+01 2.557053121180609878e+01 3.574152740671203787e+01 3.448535581738298816e+01 3.929114592974713815e+01
3.293682077262924679e+01 2.567869280450299030e+01 3.205514973262263112e+01 3.378761328800504060e+01 2.955717106251585946e+01 1.970108058421744701e+01 2.627559427285319060e+01 1.781588077693398731e+01 2.765775997648209383e+01 3.330804424823762133e+01 2.639321169158374403e+01 3.299416862187257493e+01 3.260099576354004824e+01 3.372010754247322240e+01 4.340887650692044275e+01 4.851874452961173745e+01 4.820832093908833826e+01 3.799889136463718131e+01 4.061914207443570746e+01 4.781872142691555894e+01 5.767175469692377732e+01 5.255148457116463590e+01 4.790025944422544768e+01 4.365923968218433515e+01 4.194818988501642565e+01 3.200637606034394622e+01 2.505758693260846570e+01 2.791309071201517611e+01 3.751447342500360094e+01 4.185426641762495592e+01 3.823989121007530656e+01 2.816005216950756562e+01 2.174411870756902232e+01 3.237646443581128608e+01 2.951658234724296292e+01 3.932196718887306730e+01 4.826601885437752770e+01
3.950515860952582869e+01 3.535254720144184404e+01 3.950515547995754417e+01 3.235891991517495825e+01 2.532791384161805581e+01 2.955720771421436055e+01 2.399130692108611029e+01 2.765775996804365278e+01 1.928393754270196681e+01 2.913050725227764914e+01 2.078184156505250613e+01 2.304668560920062959e+01 2.552323766102253089e+01 2.899683423139266836e+01 3.407361496487581576e+01 4.433250565467130144e+01 5.234032710609405115e+01 4.316990088517047752e+01 5.073444461256477922e+01 5.481986317180260215e+01 5.571396170565223116e+01 4.530716827106554234e+01 3.796614036092797306e+01 3.336347494805320935e+01 3.879898377754447836e+01 3.644724228570435542e+01 3.334292689253222619e+01 2.351891946796455812e+01 3.192413982904794523e+01 3.192413878373632485e+01 3.737211304214836360e+01 2.807417453159930076e+01 2.075491864313108792e+01 3.138997329889477683e+01 3.809482024204722705e+01 3.575907535730575404e+01 4.257559315714580350e+01
3.747395313888227975e+01 4.152537853294471404e+01 4.657766644055015348e+01 3.946829569056687603e+01 3.235335049933578233e+01 3.815866741392253658e+01 2.968933285319513971e+01 3.330780969679351244e+01 2.913050725227692794e+01 2.078184156505250613e+01 3.064951685333666020e+01 3.299416843374256558e+01 3.559458971808788874e+01 3.920293167510007493e+01 4.341029805601007041e+01 4.851910050751162373e+01 5.735579844445907582e+01 5.324674168217955383e+01 5.735579840695589127e+01 5.416868617684053788e+01 5.842823545855283385e+01 5.255148457116353455e+01 4.790025944422544768e+01 3.879898749623612986e+01 2.885005287221568437e+01 2.676068342371381092e+01 2.483373646805488377e+01 3.192413982907485348e+01 2.203163946030758780e+01 3.067768274956771180e+01 3.420313665568589556e+01 3.010028333228124708e+01 2.075491864313108792e+01 2.356407345537359888e+01 3.399869492522594072e+01 4.215558043810552391e+01 4.545284615810515305e+01
2.774752291860773212e+01 3.747395313882160650e+01 3.842580257515680842e+01 4.269781718405705817e+01 4.236117458722924312e+01 4.400161140077574373e+01 3.981000333297065907e+01 3.064952038776760546e+01 2.078184156505250613e+01 2.078184156505250613e+01 2.230588771167977669e+01 3.222674575696963473e+01 3.855833066958375355e+01 4.017810175596569877e+01 4.158394086332785378e+01 5.183915323181250301e+01 5.386372763074887615e+01 4.961961742307213541e+01 5.253851398299428865e+01 4.400142306894188948e+01 5.253851398299428865e+01 5.250449724643131333e+01 4.230840806051536873e+01 3.502403405153552995e+01 3.879898749623612986e+01 3.212551310144826999e+01 3.192415247565904579e+01 2.203163946030758780e+01 3.067768345797673035e+01 2.075969988886969020e+01 2.939280228982863008e+01 1.951492073531002447e+01 3.010028268779614891e+01 3.399869492522532255e+01 2.809059358698001674e+01 3.807468191834651350e+01 4.705567289294082656e+01
3.059632837305860065e+01 3.165519432358175322e+01 2.803477560777261601e+01 3.572864452111480205e+01 4.664729289250011846e+01 4.635766123234572689e+01 3.531421695850915654e+01 2.778220124033779825e+01 2.344665016888058773e+01 3.064992324554185288e+01 3.222674575696963473e+01 2.452745770259942404e+01 3.308696606658614314e+01 3.056686030427247402e+01 3.896691607760585896e+01 5.138310792772665536e+01 4.961961742307212830e+01 3.947144325250304320e+01 4.244377465040056308e+01 3.815773471440688525e+01 4.548604032920964357e+01 4.971821123997523983e+01 4.951392152098290467e+01 4.529477344148733664e+01 4.647697841534437657e+01 4.224524612241550159e+01 3.605060642765962342e+01 2.773825543183584230e+01 3.067761569630842899e+01 2.945217901720759812e+01 1.951492073531002447e+01 2.858730738801119386e+01 3.254194981476793913e+01 3.882066175653619666e+01 3.807468191834651350e+01 3.319611847992058529e+01 3.807995149371318178e+01
