output/example_1/elevation_000149.asc
nrows	75
cellsize	13.33333333
xllcorner	0
ncols	75
yllcorner	0
NODATA_value	-9999
[rows 17 to 33 of 75, columns 37 to 73 of 75]
3.928157872159033559e+01 4.066180369891102231e+01 4.015901397581389176e+01 4.449845216744402165e+01 5.305357981584693050e+01 4.890288993225918546e+01 4.064957164585157301e+01 4.977455842167683642e+01 5.262214962599246348e+01 4.667501713464986324e+01 4.213850225930899285e+01 3.643851411527899842e+01 2.715337716127195478e+01 3.643850688751581401e+01 4.024180200814785024e+01 3.001005804796837495e+01 4.009797538936317096e+01 4.458143198977864330e+01 4.663667825317517668e+01 3.792411276280482468e+01 2.797464017558478844e+01 2.234694344571694913e+01 2.234694344571694913e+01 3.065326484416928565e+01 3.064350529858121064e+01 3.437302134629065620e+01 2.490444973908583748e+01 1.920665423367186264e+01 2.268057220745792435e+01 3.212528710544727772e+01 4.202521877391438920e+01 4.348924071097865607e+01 4.156194269328425861e+01 3.150496574814182793e+01 4.155622468271947412e+01 3.938729097261664691e+01 4.452841874749641704e+01
3.599040208560921883e+01 3.050652831936985976e+01 2.979525971691994002e+01 3.729916429994776905e+01 4.652530326717127451e+01 5.279498499257329058e+01 4.602921901452723574e+01 5.374776432652449643e+01 4.837932753236300698e+01 3.805471000138565785e+01 3.227825735156216069e+01 2.837854503514845561e+01 2.557949126575199728e+01 3.217932594093988286e+01 3.399046249021981225e+01 2.696669306038767289e+01 3.126115780510379949e+01 4.040075623950646388e+01 4.252880204098852346e+01 3.245688015884449840e+01 2.755301830143238462e+01 3.217978185702750693e+01 3.065329331934801971e+01 2.076606043294542303e+01 2.915895506410381444e+01 3.189560135888045167e+01 2.781362089445157793e+01 1.868234499607062915e+01 2.859498291272569048e+01 2.796946280984796473e+01 3.478046812041230140e+01 4.509624231790490967e+01 4.580204804012328879e+01 3.858646984568289895e+01 4.580211334190386196e+01 4.957514507623483979e+01 5.366605397905544095e+01
2.828288326422186927e+01 2.367513337344726665e+01 2.699585511791417858e+01 3.147252858381230922e+01 3.782216734742863906e+01 4.917078540730838654e+01 5.485036201042515103e+01 5.869951111401066157e+01 5.189208715359600887e+01 4.159030025025710131e+01 3.454060446832006193e+01 3.004438397894588419e+01 3.217932594093988286e+01 2.393488583365055078e+01 2.404334719129818865e+01 2.628140852508521874e+01 3.106963341206600759e+01 4.032511493605338160e+01 4.663659639592820838e+01 4.162332909946854897e+01 3.749284063366369679e+01 4.052297908002166338e+01 3.024503960907903277e+01 2.910839837388995477e+01 1.926735891787323851e+01 2.779047597097699551e+01 1.795238715658437201e+01 2.781380884461830050e+01 3.272271212036475418e+01 3.780219952396932825e+01 4.202847367887328289e+01 4.358473279827419589e+01 4.763280116118441043e+01 4.897007248998674100e+01 5.103909404229928271e+01 4.706240574730922788e+01 5.103909322959524530e+01
2.035334723513249600e+01 2.995200923401450055e+01 3.716664324748474968e+01 4.147745099801954183e+01 4.345731228078794572e+01 4.776903946292494396e+01 5.552912023211037251e+01 5.324618501255810799e+01 4.901787874400910283e+01 4.885175455135770761e+01 4.379209783820418522e+01 3.844526533145431557e+01 3.385713732905103512e+01 2.990439560330050384e+01 2.215367438323518101e+01 3.027850052189242192e+01 3.392277277116906475e+01 3.806839473783760042e+01 4.377127720139359468e+01 4.170010226015673283e+01 3.775431308334955816e+01 3.757769384545061797e+01 3.219379546668152159e+01 2.056732811763783531e+01 1.827558844525816184e+01 1.795238715658437201e+01 1.897352364426924964e+01 2.887665450802796485e+01 3.452461197447640728e+01 4.017232940292863930e+01 3.782003093895544765e+01 3.359868964936123348e+01 4.067724311105605750e+01 5.051082178676752221e+01 4.706240574615183192e+01 3.709051490848043642e+01 4.292920411241946255e+01
2.025151387598840813e+01 3.002831369465741673e+01 3.428652504721470251e+01 3.714374693220195667e+01 3.309894930980021144e+01 3.952480020998871169e+01 5.051739418230869205e+01 4.901785304288267042e+01 3.860538651758416506e+01 4.165509020623269976e+01 3.836106240677403889e+01 3.405588735015651736e+01 2.263351449117032033e+01 2.095403481783460364e+01 2.095403481783460364e+01 2.857257316851793760e+01 2.465579467072115349e+01 2.979298356099373635e+01 3.956170287621051784e+01 3.644863388182616859e+01 2.883668178016812078e+01 3.324980539954394487e+01 2.397272052625973870e+01 2.652631649812936132e+01 1.730293172509678357e+01 2.714148161392682823e+01 2.886784898734998350e+01 2.052955829490001349e+01 3.044036450152634643e+01 3.027049820406732294e+01 2.795611577959443039e+01 3.781862956042932922e+01 4.742669775808163735e+01 4.698643267702712478e+01 4.299139827901495892e+01 3.709051490848043642e+01 4.292920397908613239e+01
3.002831369465741673e+01 2.247548891873545784e+01 2.446136416242448774e+01 2.726986614954011401e+01 3.201087263086630941e+01 3.726138537370831472e+01 4.684616559285818482e+01 4.767288576880135054e+01 3.724970997367035608e+01 3.123521237099384962e+01 2.802482860867459991e+01 2.523142798172819923e+01 2.603639784166226079e+01 3.089858498265939346e+01 2.857257316851793760e+01 1.958782491991471986e+01 2.731257783005687401e+01 2.918033422669547505e+01 3.189018527085222132e+01 3.192974127281773633e+01 2.364976289261539222e+01 2.786065164344439893e+01 2.277636326071423056e+01 1.670226546160470704e+01 2.648375225450255854e+01 2.626450682719133667e+01 3.431947688944526220e+01 3.041151785384758810e+01 2.219561706186018313e+01 2.339921147762180098e+01 3.314997377318783123e+01 3.897153532713206658e+01 4.320722274869348212e+01 3.953710505274711551e+01 3.296127987461156295e+01 4.009926115941520663e+01 4.997360954253623788e+01
2.810129159806890442e+01 3.227900738054650276e+01 2.810129032181841069e+01 2.881562057798539556e+01 3.280487597047853399e+01 4.278935958382941607e+01 5.102037766667371699e+01 5.190670985887926037e+01 4.592052194412423916e+01 3.979621540467224605e+01 2.943198830092713436e+01 3.537720903350495405e+01 3.148677456673785713e+01 3.831828482028137017e+01 3.248539339921176605e+01 2.730115307042411743e+01 1.827509884277548835e+01 2.614806438555426382e+01 2.113008470665754501e+01 2.863341650017594375e+01 1.961261796310348871e+01 2.135342376935721731e+01 1.608911102717092589e+01 2.378391615939234782e+01 2.075012867536665695e+01 3.129242397199455183e+01 3.879204920336318452e+01 3.562655327270965699e+01 3.202959003422172657e+01 2.646409684674809881e+01 2.536639949629926605e+01 3.509158413794691000e+01 3.715121116921256572e+01 2.960902552879042204e+01 3.663432098212121701e+01 4.652929101611767493e+01 4.795683663803954033e+01
3.376430053335200654e+01 4.215572426956147467e+01 3.299790917738666707e+01 3.871321791163560277e+01 3.871321273708750255e+01 3.983087625700969170e+01 4.993177015550302400e+01 5.181602764068341571e+01 4.141882656802486906e+01 3.539158836776724826e+01 3.674594838849299805e+01 4.407626723792549939e+01 4.094003756793897963e+01 3.566445805352740450e+01 2.902929685457615605e+01 2.085672058827492847e+01 2.613811790499585186e+01 1.710034776103718457e+01 1.626741419140927647e+01 2.469711058728900710e+01 2.078819454915779730e+01 1.545814734803659896e+01 2.231969750879871484e+01 2.926984557862368774e+01 2.424036673191595881e+01 3.020566356819594489e+01 4.008498590647254645e+01 4.129286766025031596e+01 3.128279254980276747e+01 3.628437268497407331e+01 3.511617042490752993e+01 2.733211543834052293e+01 2.733211543834052293e+01 3.715121116954296809e+01 3.361771289824204700e+01 3.812744840779107847e+01 4.515026405661635778e+01
4.375509538328230263e+01 4.716660799806896165e+01 4.297386612590011623e+01 4.716691927497760872e+01 4.877642347507183018e+01 4.993177015550199371e+01 5.414637180044265108e+01 5.603820265612711893e+01 5.006908720170111593e+01 4.581316812557918183e+01 4.716028372404564806e+01 4.382971762878278099e+01 3.885213104396459727e+01 3.159493348869530038e+01 2.328266147012172027e+01 2.811465161259257073e+01 2.187515102342370454e+01 2.274327077754376703e+01 2.120849254621700197e+01 1.505505094291081924e+01 1.481624964487031448e+01 2.555470249500744728e+01 2.987932183513854767e+01 3.564224437181151472e+01 3.061793151348170028e+01 3.061793151348171094e+01 4.022379541146366932e+01 4.542862972483509765e+01 3.626914661707995435e+01 4.542859730786354078e+01 4.122460150378583421e+01 3.215504512314667096e+01 3.715121116954296809e+01 3.715121116954296809e+01 4.348242296792817285e+01 3.992125130831138335e+01 4.672686065092058527e+01
4.652276039204048175e+01 4.631045643322038075e+01 4.631045643322038075e+01 5.041322558163505363e+01 5.781731085726485020e+01 5.361121653502409146e+01 5.493623054337221134e+01 5.913798232065198590e+01 5.447617521392765383e+01 5.027217714695763107e+01 4.685584419381292065e+01 3.654414334544621568e+01 2.975097668968681930e+01 2.573136721537152027e+01 3.159493348869530038e+01 2.838416986077121607e+01 2.620856652351689675e+01 2.758888040930225927e+01 1.910355842725624242e+01 1.416531761074940654e+01 2.385987234868197149e+01 2.647888525198354159e+01 2.661540612723160848e+01 3.635535105958562951e+01 4.022379541139038395e+01 4.022379541148840332e+01 4.430603146058701469e+01 5.043811749121414323e+01 4.636663726238050742e+01 5.043811750348275780e+01 4.618520396282884377e+01 4.214737694991686112e+01 4.618520396282884377e+01 4.706469176709348545e+01 4.413569759288699856e+01 4.785937177225327588e+01 4.927565564110558682e+01
3.640782977247733498e+01 3.635847494379113698e+01 3.635847494379113698e+01 4.631045643322038075e+01 5.191311092984870612e+01 4.335503369367526005e+01 4.468823953910143842e+01 5.493623054337221134e+01 4.856747688294989729e+01 4.000287925899757369e+01 4.856747688294989729e+01 4.036137706853422458e+01 3.048291328455785276e+01 2.573136721537152027e+01 3.465887772151967994e+01 3.630170595929082111e+01 3.363754765603560060e+01 3.294054553417242204e+01 2.466197745201971969e+01 1.377246005122827377e+01 2.110031598878357073e+01 1.761754689356745018e+01 2.661153918024209020e+01 3.297037864864826417e+01 3.700754950248863651e+01 4.202105191901031134e+01 4.505429559385831340e+01 4.085430576772093758e+01 4.505429559598826472e+01 4.332612062637171135e+01 3.909527991765281030e+01 4.080308266604886569e+01 3.654519558930213208e+01 4.078413139890376726e+01 3.305113323951933069e+01 4.169961853766111659e+01 4.708866898750735430e+01
3.560197303302103222e+01 2.925189335333812224e+01 3.506268485748538666e+01 4.502607281135432515e+01 4.768980661069088001e+01 3.739428320626188196e+01 4.619105522912970940e+01 5.044872839040394297e+01 4.434318092144024348e+01 3.404676129601820378e+01 4.434319524694056724e+01 4.463296455171909116e+01 3.841026644040547211e+01 2.975249925457428901e+01 3.886170077809063628e+01 4.033993954172888863e+01 3.136565923556183222e+01 2.615131323021644150e+01 2.695998656417314976e+01 2.170275089938028401e+01 1.324792184535201933e+01 2.150895167226842375e+01 2.021197327688145151e+01 2.413306578423391713e+01 2.896842139967043295e+01 3.795470589033597264e+01 4.001303829661414113e+01 3.079546670903619088e+01 3.997914016996677589e+01 3.735691988760895299e+01 2.900255791362893731e+01 3.573855185902937848e+01 2.652679920720748186e+01 3.372066428215865130e+01 2.721479920754415005e+01 3.162861036501732670e+01 3.779602459758715582e+01
2.551681567368174797e+01 3.560197303302103222e+01 4.338531515423772333e+01 4.913066482206229324e+01 4.443407624459707250e+01 3.414196259144899415e+01 3.588434474465691437e+01 4.447318970907332414e+01 4.068274319709203013e+01 3.042908603914675325e+01 4.070283901393034398e+01 4.724993746261154826e+01 4.403051434022331279e+01 3.966771834303597899e+01 4.406053194348107382e+01 4.413449854085783386e+01 3.768078817958006965e+01 2.908105205448654829e+01 1.926038472787353939e+01 1.541319183968432327e+01 1.289496487187466656e+01 1.420145723767069157e+01 2.676041072172246515e+01 3.297038480377550229e+01 3.700754950248863651e+01 3.821614533947415282e+01 3.582488623837849673e+01 2.590566607305399316e+01 3.086501322176743045e+01 3.245309217031663707e+01 2.333972580565249189e+01 2.881684500830053253e+01 2.162531626555410469e+01 2.378658545191662910e+01 3.369677233903490787e+01 3.292412442338375200e+01 3.876672225532595206e+01
2.714421079192606712e+01 3.299329345241554989e+01 4.003857437247742723e+01 4.992350650596863915e+01 4.617206081601700163e+01 3.588415987698601128e+01 3.000581230456036508e+01 3.699790707600060102e+01 3.501508698494347982e+01 2.734022826250166815e+01 3.275752295724484497e+01 4.302616446517377824e+01 4.636930079757533463e+01 4.218963626945828338e+01 4.636930079757533463e+01 4.195128824524152833e+01 3.031026972033276223e+01 2.251734030866897740e+01 2.487829604107419712e+01 2.216772192458088853e+01 1.254521460142553835e+01 2.245689317342392854e+01 2.666666413566273874e+01 3.691995530767639622e+01 3.317423652996359351e+01 2.511961331304170741e+01 3.300788613551340234e+01 3.058334044122752005e+01 2.096435055066114117e+01 2.665731243666383676e+01 1.884507519536859732e+01 1.884507519536859732e+01 2.881684523096725314e+01 3.372066388341170295e+01 3.794852297067590285e+01 4.314074748824361194e+01 4.730086878287406194e+01
3.009253296821303181e+01 3.530041503336447306e+01 3.930308133873773357e+01 4.492273527887564200e+01 5.039960488495264457e+01 4.291752664818295671e+01 3.266444478550020136e+01 2.688870764803871083e+01 2.497028298117771428e+01 2.431958800802759413e+01 3.141346535682068364e+01 4.058837197894234095e+01 4.132164472909967401e+01 3.200890112171249768e+01 4.132164472909967401e+01 3.780417669303200512e+01 3.304731648665100607e+01 2.543402530433223419e+01 1.553529579625287305e+01 1.963499279890509897e+01 1.219511507389048965e+01 2.127371564334735510e+01 3.004027650691991624e+01 3.613827134109126860e+01 2.758517099875476219e+01 1.651571909497755541e+01 2.715558777373719579e+01 2.892238813336335568e+01 2.476652406433070297e+01 1.653533934479578704e+01 2.665731227565575168e+01 1.884507519536859732e+01 2.461468096847498543e+01 3.455711087770487921e+01 4.162232950747699078e+01 4.586660717357933947e+01 4.657750452141471698e+01
2.158157042232943823e+01 2.530304533345817930e+01 3.116175486666107020e+01 4.095437957164713083e+01 4.657811982365463166e+01 4.714981372425116746e+01 4.123618658003603343e+01 3.684731191721627397e+01 2.674672569431123037e+01 2.232378241075825898e+01 2.060617261434997260e+01 3.354671167325360415e+01 3.710959797849506714e+01 2.705852707812010749e+01 3.710959797834225782e+01 3.359370596107162044e+01 2.443638194652035267e+01 2.002728583130184958e+01 2.036337955934451571e+01 1.284014647008329923e+01 1.184427805575408321e+01 1.969201697225804537e+01 2.864557095411975496e+01 2.836635078679590194e+01 2.070945442692480043e+01 1.253078197232580671e+01 2.219231056277129355e+01 2.309779982977608270e+01 1.453125105078457580e+01 2.477369145798230932e+01 3.081709527618433242e+01 2.881684566159406202e+01 3.299095535565074755e+01 3.876972647897702018e+01 3.151009195876801527e+01 3.933232460203369385e+01 3.633127284197232143e+01
3.176576230575374993e+01 3.530043150690773501e+01 3.930365663841772772e+01 4.372095242839296958e+01 3.683233445170723286e+01 4.372324515736191586e+01 4.520370488594329572e+01 3.496924833772505536e+01 3.541978291720168670e+01 2.544677342248458984e+01 2.060617261434997260e+01 2.863910233284170204e+01 3.281263061547805648e+01 2.383608487613223303e+01 3.375944772182094056e+01 3.775677518048167514e+01 3.299600249226812565e+01 2.897462037460849160e+01 2.203074484003229472e+01 1.134239169539338477e+01 1.841960236908079196e+01 1.905522639003857677e+01 2.509257461273161027e+01 1.853629982686010180e+01 2.147534417543801055e+01 1.253078197232580671e+01 1.323375311016474498e+01 1.323375311016474498e+01 1.323375311016474498e+01 2.670616530201588290e+01 3.560096085836980961e+01 3.143815947148066314e+01 3.560735714756212644e+01 3.174184122595320900e+01 2.588273509889902968e+01 2.929622176391466937e+01 3.633127284187751371e+01
