output/example_1/elevation_000061.asc
nrows	75
cellsize	13.33333333
xllcorner	0
ncols	75
yllcorner	0
NODATA_value	-9999
[rows 34 to 50 of 75, columns 37 to 73 of 75]
3.136922687669984455e+01 2.240276945576486867e+01 1.622309725414867643e+01 1.827258607763026532e+01 2.581859176159305491e+01 2.843479954953199496e+01 2.968638414149824811e+01 2.574498657886698538e+01 2.426696586246269050e+01 1.836210987054270305e+01 1.532300054279636470e+01 6.048109076706456477e+00 1.575681848076392910e+01 2.007917790880594922e+01 2.648260369714146734e+01 2.879782733611092382e+01 2.971774186759569503e+01 3.411948397584932025e+01 3.696736703221967701e+01 3.280273411114572468e+01 2.851076291198156909e+01 3.050053281056524312e+01 2.023193520926798783e+01 2.590878034899502680e+01 2.444059576484651330e+01 2.491626831544187937e+01 1.646472457377064558e+01 1.758784980535048348e+01 1.875519108819753455e+01 2.912581179589668423e+01 2.049261763045170426e+01 3.096237561112371850e+01 3.635729170889045747e+01 4.113098660297980302e+01 4.038301939356555437e+01 3.898250990201884747e+01 4.443221518247126767e+01
3.240188007564868400e+01 2.337196335938662273e+01 2.201037158931118043e+01 1.291536505109121791e+01 1.938593997001073177e+01 1.938590782223511866e+01 2.574272745519976624e+01 1.603577557650218921e+01 1.820726156178427146e+01 8.988342449309104865e+00 7.142222370114950536e+00 5.833814736850774452e+00 1.279212230637914516e+01 1.974072711502391542e+01 2.892284451922967037e+01 3.207216526143490398e+01 3.635328594508451516e+01 4.025335181111109506e+01 3.627911341650094812e+01 4.025336074755624338e+01 3.860715825287046954e+01 3.412096374377371433e+01 2.388083868901671636e+01 3.412096374377371433e+01 3.259599234515108179e+01 2.245147494332928773e+01 2.378487559491454206e+01 2.793015202446420986e+01 2.826522479185382508e+01 2.049261763045170426e+01 2.204666572017566040e+01 3.229082489362739494e+01 2.685559979046167101e+01 3.700904346630908037e+01 3.318024789471494529e+01 3.731698439965366987e+01 4.408761360004617558e+01
3.309009020609516227e+01 3.240187998458248586e+01 2.581858844435206635e+01 1.938593997009076730e+01 9.872415617958459677e+00 1.692710039334572514e+01 2.059727837745963797e+01 1.832187398177228843e+01 9.269914896905548929e+00 1.412684762856088660e+01 5.502953093174776100e+00 1.516317424076567022e+01 1.985101556923221011e+01 2.484464967454465167e+01 2.446714507247868653e+01 2.131704243689920730e+01 3.207216529051977716e+01 3.533223714792788428e+01 2.633434734034350910e+01 3.533224691965596520e+01 3.570795564085566554e+01 3.831421686614559263e+01 2.981875933133906997e+01 3.831421686614566369e+01 3.309126277794494797e+01 2.994546272800474895e+01 3.437338250867487943e+01 3.544719199491404993e+01 2.538796059468508659e+01 2.474113051013857145e+01 3.229082489282657065e+01 2.429577781845244999e+01 3.449201061608756902e+01 2.956712771114717242e+01 3.970223298039083915e+01 4.670827723294539169e+01 4.488979478123254552e+01
2.972874400617630286e+01 2.799537217094946939e+01 2.347509294116758483e+01 2.298247571109487808e+01 1.690094862191852343e+01 7.209652062940001827e+00 1.478213947895523006e+01 1.271898175301932810e+01 5.325714185733882999e+00 5.325714185733882999e+00 5.325714185733882999e+00 1.246392438983599860e+01 1.181325001887696757e+01 1.820936726636914926e+01 1.260397945149628285e+01 2.446420900523343178e+01 3.005847466663874812e+01 2.600020594324076484e+01 2.137913217380070208e+01 2.749623385590146540e+01 2.565069156668232253e+01 3.570795564085566554e+01 3.999788426343292258e+01 4.417521559145890109e+01 4.382777939952497093e+01 4.078000394407728635e+01 4.113730443857139818e+01 3.128174053551459721e+01 3.544719199491409256e+01 2.932331509113758727e+01 3.787550540267224619e+01 2.773069427187643399e+01 3.802684457304282972e+01 3.464892919719979858e+01 3.552637578169814958e+01 4.162984325751492776e+01 5.208129288702254200e+01
2.981410537540240568e+01 2.347509014733212140e+01 1.215015081913982620e+01 1.542843368841744223e+01 1.571655265741949137e+01 1.459298943122729497e+01 5.007230484688412808e+00 5.007230484688412808e+00 1.393957819138153731e+01 5.325714185733882999e+00 5.325714185733882999e+00 5.536654666162766247e+00 6.064832385117189695e+00 6.356042116575581602e+00 1.462642377989878284e+01 2.542840191498262925e+01 2.600020601645483254e+01 1.615214941020147776e+01 2.305873630713660205e+01 1.757368765750749873e+01 2.247888065170708671e+01 2.955533756961771275e+01 3.965543347583864175e+01 4.233000372939417133e+01 4.233000390075809349e+01 4.646544392789935074e+01 4.508360979536304569e+01 3.708088892741220377e+01 4.300538121578872364e+01 3.514361614919884857e+01 3.742734381483194994e+01 3.429447824273452738e+01 4.292222814284126997e+01 4.032350507441930887e+01 4.573465057596553862e+01 4.985044133767207342e+01 5.637153552742393714e+01
2.629053638226813305e+01 2.196008317533394916e+01 1.546701462034569374e+01 5.942414419737610309e+00 1.297316737322435820e+01 9.742579184278630677e+00 5.007230484688412808e+00 1.036104892947881062e+01 1.662934814169915398e+01 1.579736474325015472e+01 1.018457389595439722e+01 1.512400845801191807e+01 5.892412878928305453e+00 1.510165234821456792e+01 1.969948931156275762e+01 2.464291257893041021e+01 2.051068198629222650e+01 1.319384052922276140e+01 1.319384052922276140e+01 2.305873630915722927e+01 3.166109067593499660e+01 3.668300810131057688e+01 3.938353060597800948e+01 3.230163161552270168e+01 3.230163161554575169e+01 4.233000390174339600e+01 5.060467050503370956e+01 4.667847118733772760e+01 4.842919680721801967e+01 4.461631241214784893e+01 4.634084328264007979e+01 4.640058595684924114e+01 5.094732515677453932e+01 4.955721259582328742e+01 5.345255366657291773e+01 5.747288357603859765e+01 5.337466640682504959e+01
2.191279014055411167e+01 1.293637734390627081e+01 1.519705941264637694e+01 5.938937549741798883e+00 4.721796059139834689e+00 4.721796059139834689e+00 7.600279070310571150e+00 1.525785393651902488e+01 2.106987580265729676e+01 2.414046169092191363e+01 1.965754838493892009e+01 1.292596569628816106e+01 1.555350894288678099e+01 6.216973238241109811e+00 1.606657181542288271e+01 1.814156808414419686e+01 1.060307771435374491e+01 2.051068198514670726e+01 1.319384052922276140e+01 2.014789073015387189e+01 3.031647580029223832e+01 3.515230242613625222e+01 3.102232968944066727e+01 2.535020328992388272e+01 3.230163161552999895e+01 4.233000378350747184e+01 4.355816333660937545e+01 4.635641040284274794e+01 4.473457761791595999e+01 4.299308971393971035e+01 4.718884055928255350e+01 5.223783316870558480e+01 5.429980446082635837e+01 5.018833865912360181e+01 5.170948441835874831e+01 4.759008012958127409e+01 4.335546762398556098e+01
1.878398696652239863e+01 1.532926573586651209e+01 7.649278939131637145e+00 4.173038617297393671e+00 1.354112018402624429e+01 4.721796059139834689e+00 1.445030186810993200e+01 1.262751568681608916e+01 2.155084721514619162e+01 3.187775036768199399e+01 2.303271811103476097e+01 2.207534598949183646e+01 1.764543062681574170e+01 1.564852718164893197e+01 6.600447524129245735e+00 8.183681728599433214e+00 1.814157836096890719e+01 2.463367119584085074e+01 2.313345916533303992e+01 2.745672531426342644e+01 3.140734702999494488e+01 2.745707803773341382e+01 2.125842088715972977e+01 3.102232968944066727e+01 3.938336788865263571e+01 4.081266437811651571e+01 3.407210663086750912e+01 3.685050831325915510e+01 3.466021954722615561e+01 3.292399221705392875e+01 3.795712551957040404e+01 4.802905390830903087e+01 5.018833865865238408e+01 4.010570999155061145e+01 4.305884355504221617e+01 3.745792689030763967e+01 4.759008012932535081e+01
1.465357925916406678e+01 1.318705113417116692e+01 4.173038617297393671e+00 4.173038617297393671e+00 1.357049163124933067e+01 1.474117383204101195e+01 2.001727514429398624e+01 2.235717817378981565e+01 2.681662776955791117e+01 3.396995745010086409e+01 2.482973882510455610e+01 1.835575017142812015e+01 2.031980331051732591e+01 1.651258796164107068e+01 6.600447524129245735e+00 6.600447524129245735e+00 1.362511398510243765e+01 1.971619263462494231e+01 3.059787245076459428e+01 2.847447725423680964e+01 2.453558837454295372e+01 1.776560940571060598e+01 2.255570053452215262e+01 2.943889285436696213e+01 3.940575321144441290e+01 3.685050831325915510e+01 2.710981717817973191e+01 3.363733156955769488e+01 2.748020093179849255e+01 3.335491914336372332e+01 4.342475062889598547e+01 5.223783316870559901e+01 5.018833865397824212e+01 4.010570999155047645e+01 3.286403765011509392e+01 4.198739864044929249e+01 4.013778647670743993e+01
4.196733406692711554e+00 3.834030183472048048e+00 1.221417905702950968e+01 1.363584585954431816e+01 6.900657696957265941e+00 1.626720387693856296e+01 2.232739493823070731e+01 2.643681469599243528e+01 3.090528159814995490e+01 3.401438182349067318e+01 2.360637597369557383e+01 2.078684379778199087e+01 1.056229284515758771e+01 8.685251343429598592e+00 6.918437555567271247e+00 1.543493119609843944e+01 1.001879225150503139e+01 2.092193260343768557e+01 2.608893444790681571e+01 2.202980348127194077e+01 1.486870570110063383e+01 2.453558856221156859e+01 2.862104741185481416e+01 3.648606613782342123e+01 3.263982177125069484e+01 2.840015505688932507e+01 2.324281487972243454e+01 2.342545995579770235e+01 2.936383403554792793e+01 3.947503776402523101e+01 4.762157083805780644e+01 4.777431762147527650e+01 4.354711026823191133e+01 4.065590479188637829e+01 3.048178731547175602e+01 3.181590050787512070e+01 3.743856638981577589e+01
3.453891974071689575e+00 5.657436238255852068e+00 1.179335948332859552e+01 1.296110740658997429e+01 1.536791488069821554e+01 9.707976224573480195e+00 1.266553652369555927e+01 1.693534612007124807e+01 2.397432150818438856e+01 3.396118373963074077e+01 2.359780752236428469e+01 1.359669957816777064e+01 1.666642497675469059e+01 1.820641274663054787e+01 1.254058789643560168e+01 7.390174297750544241e+00 7.730538534315865462e+00 1.764021564090625915e+01 2.197792827186004061e+01 1.234665174572742075e+01 2.202982345741414960e+01 1.486870570110063383e+01 2.453625697831402164e+01 3.029190376521567529e+01 2.605278805066508951e+01 1.816871528708332306e+01 2.008408751958215532e+01 3.058816153404168148e+01 3.782640396023629137e+01 4.366471359079589831e+01 4.660188794132479728e+01 4.354711026823191133e+01 3.337566256699074785e+01 3.635481062076577530e+01 3.483804418566415251e+01 2.736541427470775290e+01 3.446739492350113210e+01
3.338327864826276414e+00 5.273913305149094732e+00 1.629031981709588450e+01 2.247332405927062382e+01 2.117535920555467399e+01 1.267087279865119775e+01 2.232735685424103522e+01 2.643681476074118919e+01 3.090528175534151956e+01 3.279580620358198928e+01 2.481533270050775286e+01 1.597982745099274915e+01 2.163568686601319158e+01 2.452728592422072396e+01 1.956301388359389293e+01 1.256638676456250714e+01 1.755979105514364136e+01 8.213173979080782061e+00 1.809320944251706820e+01 1.061443151241284966e+01 2.037547280397193816e+01 2.381999135550800162e+01 2.691088541506055520e+01 2.387464730260771972e+01 1.595360328232744784e+01 2.605278804970119211e+01 2.723223857220104449e+01 2.747162008764132679e+01 3.827698001782390236e+01 4.362829880453404741e+01 3.645758609234946590e+01 4.074013112929387148e+01 3.635362411933569859e+01 2.634755521330739114e+01 2.492024856910894570e+01 2.924636598458228320e+01 3.639015620528758888e+01
3.338327864826276414e+00 1.040569444360992790e+01 1.488005726041320642e+01 2.564265594029033934e+01 2.229416854636648537e+01 1.960133957121691495e+01 1.960133991209135473e+01 2.966494478578379201e+01 3.400163849637568347e+01 2.500736292395352578e+01 1.998730993694181635e+01 2.016925127381600547e+01 2.723943119264388812e+01 3.173886277489935637e+01 2.551600279746708466e+01 2.121488886046879330e+01 1.835110040106595264e+01 8.213173979080782061e+00 8.213173979080782061e+00 1.728719318844425246e+01 1.805053971867011597e+01 2.009017525304759388e+01 2.314735497513366269e+01 1.391901556326044798e+01 2.387464709403647944e+01 3.029229078710396905e+01 3.675610982095437862e+01 3.809244452725604901e+01 4.276558951002342468e+01 3.942878331351111854e+01 2.936357192562914165e+01 3.066522222346629434e+01 3.257394402261047617e+01 2.279336267926404247e+01 3.252244883258664032e+01 3.883512791751005011e+01 3.933847909137294607e+01
1.542763126175898236e+01 1.893375984595942896e+01 2.435445976264324841e+01 3.032373032724641604e+01 3.170700181966257958e+01 2.966479660950452768e+01 2.966494593156008719e+01 3.382478901499355572e+01 3.816903701706696950e+01 2.973392572249091259e+01 2.429328074455297326e+01 2.840677125751255616e+01 3.264379685484163218e+01 3.351080541500716237e+01 2.682205511661391384e+01 2.048145739946191313e+01 1.037372706561162339e+01 1.835390989911741144e+01 1.804645306760046353e+01 8.733719057019865062e+00 1.121985152825600451e+01 1.749822956502206495e+01 2.165526508696574126e+01 1.258957964547864172e+01 1.814640378141357147e+01 2.527499183893084478e+01 3.550468360193509909e+01 3.764109163555252735e+01 4.069241940518555367e+01 4.357375361063444075e+01 3.361609472129205045e+01 2.377460143668957926e+01 2.921417232194547253e+01 2.144325568021890049e+01 3.114689262754342991e+01 3.792553986452166015e+01 4.196644292651719610e+01
2.214073712141701122e+01 2.612335271781613955e+01 2.612333562293962075e+01 3.023287411153453519e+01 3.201590033333602747e+01 3.201590059332138338e+01 3.613847153534680245e+01 3.944689192944665734e+01 4.494265731295310928e+01 3.741125054217791757e+01 3.320141747805901389e+01 3.729463678691702455e+01 3.346594398686954008e+01 2.326937041262716122e+01 2.273962984897956474e+01 1.264532502129298841e+01 1.766017681096748504e+01 2.469977355424097354e+01 2.251149889481452249e+01 1.483700935840107427e+01 9.274451138222078228e+00 1.212158655578899236e+01 1.662885895055990204e+01 1.140342368485236690e+01 1.834309778580174566e+01 2.888069681781668052e+01 3.508763833326344184e+01 2.809861843488697630e+01 3.088366782439308622e+01 3.756926316136486577e+01 3.190979401719780739e+01 2.775921763749414950e+01 1.952363758056539922e+01 2.140703277114339187e+01 2.452605197339637044e+01 2.790484516774108670e+01 3.289930430115658311e+01
2.610889871227918135e+01 1.646122288039071080e+01 1.646122288039071080e+01 2.612335271781613955e+01 2.220142419292744052e+01 2.220142419292744052e+01 2.705216317301211859e+01 3.390420530604115612e+01 4.364799120827917278e+01 4.432936507588205188e+01 3.923267339577799362e+01 3.507053539361639594e+01 3.138226106124670878e+01 2.517173590736192423e+01 1.500613172993900157e+01 2.273982758164309459e+01 2.696687993328658095e+01 3.279788450656084819e+01 2.732353182832566318e+01 2.306433401974227948e+01 1.917630395641001684e+01 9.833551193012580072e+00 1.023427111961044922e+01 1.023427111961044922e+01 1.776321543872836628e+01 2.639116943886248379e+01 3.076556667045237603e+01 2.216658330100971241e+01 2.626991329129938180e+01 2.967025560426563047e+01 2.346083250100905104e+01 1.799531290053163346e+01 2.775921763682081433e+01 3.110782411286631799e+01 2.483043570049548876e+01 3.471232162182523240e+01 4.135217915991975701e+01
2.385532544024833612e+01 1.646122288039071080e+01 2.612335258448280584e+01 1.902812535546711459e+01 2.876275421917895159e+01 2.220142419292744052e+01 2.587299042028627127e+01 3.284005611505775590e+01 4.276980275056180147e+01 4.022732670582531256e+01 2.991374408140748287e+01 2.463828937698539434e+01 2.097035638556187109e+01 1.778722102334747746e+01 2.517174293099759197e+01 2.214501309860030176e+01 3.247908915503058580e+01 3.305761224459080694e+01 2.488735422344323212e+01 2.012333174483293874e+01 1.576470609224109332e+01 1.960141535335326068e+01 1.205041812120665234e+01 1.063456715220220339e+01 1.451517676646734500e+01 2.570528620929734132e+01 3.078653864754545566e+01 2.602231730059163795e+01 1.730667152379456297e+01 2.475298426802503471e+01 1.644466311430509364e+01 2.634976009338741321e+01 2.486232213098102761e+01 3.476889517681498631e+01 3.471232162182523240e+01 2.876400404853440307e+01 3.882012196473674948e+01
