output/example_1/elevation_000207.asc
nrows	75
cellsize	13.33333333
xllcorner	0
ncols	75
yllcorner	0
NODATA_value	-9999
[rows 17 to 33 of 75, columns 37 to 73 of 75]
2.532093759636327235e+01 3.227078740962808467e+01 4.115522920490467129e+01 3.825127947362744862e+01 4.028812253142294963e+01 3.166739353923494704e+01 3.954412808965644643e+01 4.286744968258116018e+01 4.699029274615005392e+01 5.196204019602602386e+01 5.298113243513049753e+01 4.320515817757932098e+01 4.213798187539429563e+01 4.262484553122323661e+01 3.680094181464937009e+01 4.379213619460971074e+01 5.352472261220164995e+01 4.960037378780396722e+01 4.127852403971036210e+01 4.179636570074971047e+01 4.883087779191756539e+01 4.997594658593380501e+01 4.015705703186650055e+01 3.301396066823492248e+01 3.674115011913620066e+01 3.108757521269060575e+01 2.110510372941815049e+01 2.804866442460777876e+01 1.999253478222609104e+01 2.997207235815212201e+01 3.502285480368355763e+01 3.285911963513994749e+01 3.494240596256836540e+01 3.724737827997935824e+01 3.836462032278306111e+01 4.616506952356112947e+01 4.320395891987717363e+01
2.315393717163622966e+01 3.326361666928920613e+01 3.114806216796319660e+01 2.820945161282036651e+01 3.028684488143056086e+01 2.662339287483040806e+01 2.954625090845699376e+01 3.289748490387449920e+01 3.789981496603434863e+01 4.783508439927867073e+01 5.190639172428831927e+01 4.213798187539430273e+01 3.507424936935444038e+01 3.260086979008167418e+01 4.262484553116664898e+01 4.712819490738435491e+01 5.121160431135773905e+01 4.546453670925303214e+01 3.546328778750057609e+01 3.468208480711479780e+01 4.382842520123418950e+01 5.022875820966798699e+01 4.723261586655004862e+01 4.308887082845107841e+01 4.431569435466295204e+01 3.529851854903442643e+01 2.913203788378275050e+01 1.910205284345851240e+01 2.912067305553101804e+01 3.329115746659723385e+01 3.780909338778131001e+01 4.308129668993514372e+01 4.516873798284380825e+01 4.745014625696559563e+01 4.856104892472466616e+01 5.278065340738595523e+01 5.331382290266166990e+01
2.699343063382647401e+01 2.845912925084920531e+01 2.845341690864929518e+01 2.090609816153686396e+01 2.309037909743572570e+01 3.321615128321226962e+01 3.954412808965501824e+01 4.286744968258116018e+01 4.699029274615005392e+01 5.196204014919439373e+01 5.010280013896485940e+01 4.569012404900573898e+01 4.003666612402160752e+01 2.989401786932687699e+01 4.003666612402160752e+01 3.724814931858322353e+01 4.551104764494179022e+01 4.009919929802032357e+01 3.595649735022971782e+01 2.949367467156152856e+01 3.547684783718197821e+01 4.581826314500906250e+01 4.238538168275606921e+01 3.816082741704781256e+01 4.003981297370068404e+01 2.908774308766292194e+01 3.109549844996947954e+01 2.836209764928931776e+01 1.910205284345851240e+01 2.356046910280663909e+01 3.065918976010581076e+01 4.078862276101699536e+01 4.513908680428787079e+01 4.717158696216606728e+01 5.136691141110530623e+01 4.839222107456221522e+01 4.932042140219706283e+01
1.801851784819592339e+01 1.801851784819592339e+01 1.801851784819592339e+01 2.845836130558488364e+01 3.321583440217661121e+01 3.321615070575497697e+01 4.320426395416310328e+01 4.590454354400558401e+01 5.002208487904758272e+01 5.292395955102924887e+01 4.316883261913434211e+01 3.614641787715494559e+01 3.153776208102408773e+01 2.783340808093860730e+01 3.560588723342576145e+01 3.134568122386761146e+01 4.142384504320090599e+01 3.595649735022971782e+01 2.565352129368831058e+01 3.595634482829461831e+01 4.016360429736908344e+01 4.745816878053293664e+01 3.630266071944903672e+01 2.761574634078196411e+01 3.110004927458661683e+01 3.085110267386313865e+01 2.071209847380588087e+01 1.832500963431485275e+01 2.836370442211856613e+01 3.330567172962741296e+01 3.780915424100722078e+01 3.639452788005036865e+01 3.579524508034688068e+01 3.546538923098538731e+01 4.329316604005551739e+01 3.910234584205184660e+01 3.945084669113435183e+01
2.845912911789631039e+01 1.801851784819592339e+01 2.845912925131376880e+01 2.030351669362609002e+01 2.763617253582477318e+01 3.768276427126419037e+01 4.121584143766214225e+01 3.595830438098901283e+01 4.299823899775841340e+01 5.292098339594211609e+01 5.010280033462220928e+01 4.569012404900573898e+01 3.899787427100804393e+01 2.882190713164503748e+01 2.534629013503903749e+01 3.358565747104241694e+01 3.771482218831886257e+01 3.364799032606522644e+01 2.334040717200310411e+01 2.904922545694013536e+01 3.874822569935975025e+01 4.189390183993921113e+01 3.717352915568861249e+01 2.707830921390267775e+01 2.088542496013181449e+01 2.707615845835783475e+01 1.758957763925030804e+01 2.729042093089880794e+01 2.871323386706013991e+01 2.994988249474614506e+01 3.110059394448754588e+01 2.592218180106392111e+01 3.291311915770332774e+01 2.896870538923837302e+01 3.757109108953662968e+01 3.232471818769531779e+01 3.945084669113434472e+01
3.262014150385248712e+01 2.845912925132806137e+01 2.226670990651348703e+01 2.194270411974221346e+01 3.211179596712294426e+01 3.714058471849370591e+01 3.123355966846460063e+01 4.121584143769560882e+01 4.299823899775841340e+01 5.292098339594211609e+01 5.039654809428587612e+01 4.060175995405697336e+01 3.479323046427567334e+01 3.899787427061010447e+01 3.359371884275019227e+01 2.335533408992034055e+01 3.165647659369116340e+01 3.059265555396719094e+01 2.131321165884113711e+01 3.149207815423126178e+01 3.456071960874045601e+01 3.244327567430640613e+01 3.183878028451509934e+01 2.661200190893196194e+01 1.709885656363297457e+01 1.709885656363297457e+01 1.709885656363297457e+01 1.834886746561813098e+01 1.962636079332686734e+01 2.084520605507791302e+01 2.084520605507791302e+01 2.084520605507791302e+01 2.243073975676463760e+01 2.475289751162783958e+01 2.727407732045309530e+01 3.210647013496273416e+01 3.933646165795666860e+01
3.674098397980549180e+01 2.669063849110943210e+01 3.245550228166575124e+01 2.561463308764888680e+01 2.448491344409366377e+01 2.712171843961383289e+01 3.714059218661076045e+01 4.511463953064384924e+01 5.292098339594211609e+01 5.704593076033678045e+01 5.449847018012759037e+01 4.882516198726251844e+01 4.474152452486934806e+01 4.053483056365088544e+01 3.640801937044209780e+01 3.165893178928656937e+01 2.146437570148403395e+01 2.040966676591780882e+01 1.936868964822572181e+01 2.825421091619024949e+01 2.439350354970341073e+01 3.060343246640806925e+01 2.245279351899110409e+01 1.649085482479911136e+01 2.165596919930834829e+01 2.707603657284457910e+01 1.709885656363297457e+01 2.412549245283612720e+01 2.872198367954003473e+01 2.995000421752194697e+01 2.376290677341835078e+01 3.110340381927500530e+01 3.291311915799265364e+01 2.858091571649113760e+01 3.428651205439231120e+01 4.176607464032326789e+01 4.225098037047519739e+01
3.174918747225641269e+01 3.674098397980549180e+01 3.944414115966462475e+01 2.944573671365581546e+01 3.455388831350619938e+01 2.797639848282327435e+01 3.101377965909161816e+01 4.099763055768480058e+01 5.008597667949600662e+01 5.504929803174396596e+01 5.420833680449811709e+01 4.435593435796404549e+01 4.400518108806500805e+01 3.640802344952156488e+01 2.615941945493190701e+01 2.397815839540024641e+01 3.165893274795902457e+01 3.059575912656897856e+01 2.527944384621077845e+01 1.809763854099359293e+01 1.726522814579535492e+01 2.613635053147269005e+01 2.499842812915795776e+01 1.598391835704812713e+01 2.617419187881104392e+01 3.033309819959447395e+01 2.022576853406596697e+01 3.033527936526661861e+01 3.835814862738310183e+01 3.226761185080746941e+01 2.982188653910679932e+01 3.170526406551404719e+01 4.172883573235888832e+01 3.537124021347532477e+01 3.807397140086960974e+01 4.705123734032726901e+01 4.868459133810438999e+01
3.675895645996366312e+01 4.585603000727727618e+01 4.356553553836668158e+01 3.446499087815401197e+01 4.211337066520989225e+01 3.507095927887451126e+01 3.798640851866812085e+01 3.602491714541861967e+01 4.101090529021388420e+01 5.092978264968811430e+01 5.130533895861088212e+01 4.147739672195819338e+01 3.438025235681264036e+01 2.974123828931764990e+01 3.640802324494322306e+01 2.741397920563663604e+01 3.762470681238519887e+01 3.956705436388545394e+01 3.231219502391341791e+01 2.394088592096044010e+01 2.614109061070839601e+01 1.614559174658239016e+01 1.569574406385267018e+01 1.555235391782954224e+01 2.510098547944348724e+01 3.330372207012078434e+01 2.735707517077737450e+01 2.735707517152780355e+01 3.752700786717244341e+01 3.947416475795555613e+01 3.707557976495573371e+01 4.193826293173106734e+01 4.601974250700246216e+01 4.574559618035448949e+01 4.794922618576590168e+01 4.688084019480795916e+01 3.801119806560970460e+01
4.670660451474491026e+01 5.083138473880813990e+01 4.854278868509843647e+01 4.442329153811672171e+01 4.854278868509843647e+01 4.503944995846268995e+01 4.793066367795444904e+01 4.597034396995100280e+01 5.008597667949600662e+01 5.504929803174396596e+01 5.041908074842826437e+01 4.044939514517438539e+01 3.462568675701755438e+01 3.989467374506823916e+01 3.762470242190840963e+01 3.470286361815499276e+01 3.579752745480138998e+01 4.575472262219589226e+01 3.795999265114729582e+01 3.392960875775052187e+01 3.011735686702821724e+01 2.479558159409636886e+01 1.505266850016367464e+01 2.150886802281574361e+01 3.022878970811652977e+01 3.764908669367834904e+01 3.752700579693076577e+01 3.752700777078604233e+01 4.170270698680927524e+01 4.951137011459962167e+01 4.714165969279470403e+01 4.480845820881371111e+01 4.041973636158815708e+01 4.480845821648638605e+01 4.395255404417538614e+01 3.956941030029009454e+01 3.168858371982874189e+01
5.184168317437752904e+01 4.946444289176712061e+01 4.535448973697286590e+01 4.946444288326726024e+01 4.548425331436780539e+01 4.959327861282482530e+01 5.095784118941026719e+01 4.688869381058545116e+01 4.738555167621815656e+01 5.140823561239148631e+01 5.462584422004752582e+01 4.873843210671238779e+01 4.044528708564124742e+01 4.873835258273769711e+01 4.756365934656698613e+01 4.467866027904859294e+01 4.575472262219689412e+01 4.112319593484436808e+01 3.691474854694351393e+01 3.658037227142146008e+01 3.300166662650784133e+01 1.550164295491511979e+01 1.464326450110450395e+01 2.304652517861822147e+01 3.099050926372948567e+01 3.169494467759514222e+01 3.504338136767145784e+01 3.910420742733320765e+01 4.428210122372844637e+01 5.178442082761590370e+01 4.757217821619882869e+01 3.940494595299180247e+01 2.952501757491663525e+01 3.940494595299180247e+01 3.770956452600048436e+01 2.866041525510305021e+01 2.748912137473569928e+01
4.225247610058556091e+01 4.439675765999582779e+01 3.513086452565506335e+01 4.374392786070301042e+01 3.526535394136844559e+01 4.374392786159798163e+01 4.368451839767234901e+01 3.676540988739201765e+01 3.732759081226380005e+01 4.450764070134597716e+01 5.417399492735266620e+01 5.445985585328177336e+01 5.030928310760153721e+01 5.227663509553410393e+01 4.811457673205233476e+01 4.418341213073266260e+01 3.693704079937156592e+01 3.269283102242793149e+01 2.645703336231076008e+01 2.608499357119078255e+01 2.960881429125694098e+01 1.493146677232480890e+01 1.420380208018594104e+01 1.948623263740695322e+01 2.721649409763674043e+01 2.229509463543552883e+01 2.541094527929923075e+01 3.082785706521396918e+01 4.028888397135497712e+01 4.561914214032736226e+01 3.666215216843956881e+01 3.497237696779048832e+01 2.399651312151834404e+01 2.979624066563613383e+01 2.979624066689892459e+01 2.228263769426063945e+01 3.008616091624397271e+01
3.532156057569388707e+01 4.024267713131541768e+01 2.984188654732872337e+01 3.468322071462203127e+01 2.916020639304044693e+01 3.427299529229856034e+01 3.340697079958990656e+01 3.068165008365697233e+01 4.104401311244681239e+01 4.746300866105881511e+01 5.246879092795900590e+01 5.504282048457566390e+01 5.003850443942665294e+01 4.587956392379921056e+01 3.811493450357167490e+01 3.965503227639312911e+01 2.967265541276034924e+01 2.200362955522006558e+01 2.006991258644834986e+01 1.833812211572161388e+01 2.681652710623178493e+01 2.384182031715214833e+01 1.374475390805868891e+01 2.345654102631799631e+01 1.859520571349482054e+01 2.759661566766749630e+01 3.504337376810777016e+01 3.910420742733319344e+01 4.194972821125772100e+01 4.060312454972908824e+01 2.972843958687850474e+01 3.938890179176226525e+01 2.979624066563613027e+01 1.895900195024645285e+01 1.895900195024645285e+01 2.979624027716604928e+01 3.008616091439710871e+01
3.570118106198616914e+01 3.972236759505194215e+01 3.468322071461639666e+01 2.415897004172242291e+01 2.481566590530843897e+01 2.374610520526168855e+01 2.590573326275089272e+01 2.928673045788050544e+01 3.306459826521928846e+01 3.831030058368500590e+01 4.839372770931925771e+01 5.087065060592475874e+01 4.088847724167365527e+01 3.587223940707844605e+01 3.228081092813292940e+01 3.545383340855012477e+01 2.498761237737886631e+01 3.268917764610677068e+01 3.087686812255394386e+01 2.681875536924162873e+01 1.612187747338103350e+01 1.473929607755342452e+01 1.327906015522959926e+01 1.532195168812150499e+01 1.791155952940639295e+01 2.789183073338378094e+01 3.724535516088695886e+01 3.714222023339307555e+01 2.993494801106749748e+01 3.605924831936774666e+01 2.403941818066586222e+01 3.197823908360743417e+01 2.751137352509777401e+01 1.895900195024645285e+01 2.247101838201339419e+01 3.345885160173943973e+01 4.096021822573271010e+01
2.565206720834137499e+01 3.340536492225943022e+01 2.926210160296141893e+01 2.084880477039658331e+01 2.084880477039658331e+01 2.830225014278928342e+01 3.641719479710350527e+01 3.971481740461413068e+01 4.335201414650214957e+01 4.746300866105881511e+01 5.246879092795900590e+01 5.504282048457567100e+01 5.003850443942665294e+01 4.304874131336805476e+01 3.850838833708127140e+01 2.823273124683646529e+01 3.545652992362111178e+01 3.545407446445108235e+01 3.431970866671829157e+01 2.371175878281007954e+01 2.681655287959666367e+01 2.219388863610410567e+01 2.244830220509470919e+01 1.265025315387477178e+01 2.054721332307365245e+01 2.398355535336732913e+01 3.302766507380079730e+01 3.125711502218997850e+01 2.147900672831085700e+01 3.093794176173203425e+01 1.976934458719546228e+01 2.612973020786681033e+01 1.695163131044481375e+01 2.751137352509740452e+01 3.345885160173931894e+01 2.885016382103398769e+01 3.521275061656264427e+01
1.969400782763839430e+01 2.727644902360382417e+01 1.883430334997482802e+01 2.926210160296445295e+01 2.754641735447548001e+01 3.560033785306422516e+01 4.289842556112292726e+01 4.054501001869795829e+01 3.617307152431272499e+01 3.976679351553767816e+01 4.417488594383564759e+01 4.921689484172060247e+01 5.575713958930721503e+01 4.678915482417133376e+01 3.571860360376554411e+01 3.547174544012562336e+01 4.269299605407361753e+01 4.559441918830729179e+01 3.855171270166371045e+01 3.431970866703752421e+01 3.687120424938184726e+01 2.841611769760976358e+01 1.905489272493838371e+01 1.222138875698101579e+01 2.161083844650936925e+01 2.528086868666063225e+01 3.474755651670022871e+01 2.680790517316218313e+01 1.518189550365468676e+01 2.680783592027118800e+01 2.620510235075396110e+01 1.521679024870423191e+01 2.171738492255430586e+01 2.787311346777485355e+01 3.409203427272123577e+01 3.975443618160561954e+01 4.413590071340805565e+01
2.551869847541761160e+01 1.696372006717597358e+01 2.707667778396857372e+01 3.335840096065295057e+01 3.856461759968466652e+01 4.173004952614029861e+01 3.582155766223009152e+01 3.180961054402322574e+01 2.540389357761831235e+01 2.888195302800660613e+01 3.351840262665682957e+01 4.088139884429218540e+01 5.303350665344341763e+01 5.169615702558598969e+01 4.660559859194374610e+01 4.523217794727802499e+01 4.329280675150394586e+01 3.868666721358187033e+01 3.443298914361327689e+01 3.123558504812569225e+01 2.852009525858518657e+01 2.607967882709896301e+01 2.209504102535254333e+01 1.179278613367245399e+01 1.653024204768631478e+01 2.602657141607168612e+01 3.253209586098208206e+01 2.354786696425135872e+01 1.483770741297405493e+01 2.344535649413253608e+01 2.344535904272942162e+01 1.521679024870423191e+01 1.521679024870423191e+01 1.933653356844756743e+01 2.661960315887651518e+01 3.720378121654405845e+01 4.119958341448815986e+01
