output/example_1/elevation_000482.asc
nrows	75
cellsize	13.33333333
xllcorner	0
ncols	75
yllcorner	0
NODATA_value	-9999
[rows 34 to 50 of 75, columns 0 to 36 of 75]
4.159999999999999636e-03 1.694467792485369717e+00 1.168878055029480301e+01 1.125536250618172041e+01 2.123252101680655812e+01 1.872369389631459669e+01 2.698251438046991879e+01 3.524447226332333116e+01 3.112348201065663034e+01 3.552386516401611516e+01 3.794759951885474436e+01 3.938728740438833142e+01 3.527034733061738336e+01 3.901505221778442234e+01 3.259398495805402263e+01 4.107947596353874786e+01 4.316494126232342410e+01 3.293797058612371842e+01 3.442946829340081649e+01 2.385690220423279939e+01 2.737872292939513130e+01 1.613063583593537231e+01 1.885065781578389021e+01 2.976273773581690207e+01 2.635813684781020427e+01 3.082451744351596901e+01 2.712366348043663322e+01 1.587146569106734617e+01 2.712365576109043630e+01 2.356522048606914055e+01 1.584110170011704000e+01 2.701360055240503044e+01 3.141956368466352956e+01 4.173252754837751866e+01 4.564684317122529222e+01 3.598592734890679168e+01 3.229108688695109919e+01
3.329999999999999627e-04 1.000033299999996217e+01 4.194352045410672858e+00 1.416233263124654762e+01 1.904018731926359465e+01 1.301046856345458380e+01 2.289417347182389051e+01 2.769394850624403048e+01 3.686189162965091271e+01 3.995267778547102466e+01 3.577331157332167777e+01 3.445289419377470352e+01 2.521157392424111876e+01 3.099322685572214198e+01 2.665725374771542988e+01 3.691627631193854597e+01 4.205277282679983131e+01 3.181652796616576140e+01 2.426880537970533780e+01 2.018529161863558841e+01 2.437247483878179821e+01 1.304706485604042854e+01 2.208917594562310782e+01 2.440002522892474346e+01 1.521683032489277565e+01 2.445270581633602447e+01 2.409181763588347636e+01 1.285602376620850151e+01 2.102996265108435026e+01 1.237063541963205537e+01 2.356522048152990223e+01 3.063778124818886539e+01 3.434752232328254706e+01 3.859616540050111411e+01 4.370901013464830953e+01 4.564684317122529222e+01 3.634971888567743292e+01
1.129999999999999928e-03 1.000112999999996255e+01 1.414774563474288449e+01 7.021619344183191558e+00 9.104652163937320353e+00 1.904513781190301458e+01 1.828597105096917019e+01 2.392583508949267213e+01 3.366676442368702737e+01 3.577331157332167777e+01 2.552630306894399226e+01 2.852758236990766605e+01 2.015767461647200065e+01 2.079606648859179074e+01 3.099322686452966735e+01 3.567961142483051873e+01 4.025258602234734440e+01 3.904092889657930954e+01 3.481465467195930330e+01 2.754943620074865862e+01 1.631716898186959952e+01 2.208917034874502505e+01 1.096952706060695881e+01 1.991286349221305940e+01 9.213451768847455980e+00 1.992570052761184130e+01 2.126344867825404705e+01 1.034914548203371787e+01 1.015177099547540784e+01 2.102988259544742533e+01 1.650653012590776925e+01 1.977558488656343982e+01 2.385479131748505210e+01 2.924770140397489371e+01 3.944734337261894552e+01 4.464412806775130349e+01 3.501224979153393235e+01
3.329999999999999627e-04 1.000033299994700187e+01 1.906315653779227048e+01 1.698309339509655658e+01 1.904511812218853350e+01 1.485034530747559067e+01 2.477533093658087537e+01 3.208848992986210646e+01 3.771988876510480537e+01 3.577322339694671172e+01 2.552630279342970709e+01 1.834299311173552027e+01 1.602799856652228883e+01 2.618622860507496952e+01 2.124659481129771521e+01 2.579130111876673226e+01 3.306708547225924377e+01 4.331177683446232862e+01 3.618630794140988627e+01 2.560834357216696944e+01 2.754943620074865862e+01 2.490721201931505036e+01 1.373950899780200707e+01 9.213451768847455980e+00 1.808088794409093580e+01 1.704170284379871703e+01 1.685788180648891199e+01 8.300079777080622279e+00 1.869972095302613724e+01 2.546025994043187168e+01 2.762515027128979739e+01 3.063778069573710994e+01 3.063778167306339384e+01 3.859616540050111411e+01 4.370901013465060458e+01 4.458722729650867933e+01 3.462967134026087024e+01
4.329999999999999539e-04 5.000452930790260098e+00 1.207304281391113499e+01 2.209640022621002942e+01 2.888199437124048430e+01 2.186915587124602922e+01 2.888199437124048430e+01 3.541736613823508861e+01 3.126439181672391854e+01 3.541699710660813594e+01 3.273949042710759016e+01 2.372653284111006755e+01 1.352496630315830117e+01 1.616570917568564170e+01 2.635927376070511130e+01 3.567961142500837468e+01 4.025258602235434324e+01 3.960285871657960399e+01 3.542229235766837547e+01 3.618630794140988627e+01 3.371094012105002236e+01 2.292862045753081901e+01 1.991286349221304519e+01 1.808088794409412259e+01 7.820102243518546992e+00 6.828952744450297985e+00 6.828952744450297985e+00 1.685788180648901147e+01 2.315325471599968310e+01 2.562560476819226807e+01 2.926979864122752062e+01 3.333201756768946211e+01 3.902536414366065287e+01 4.522681944490572903e+01 4.735295438080989072e+01 3.772783578373288549e+01 3.119609245620076265e+01
5.329999999999999452e-04 1.000053299999996348e+01 1.802177344577754425e+01 2.216390906950846684e+01 2.716390906950844908e+01 3.179145819394276984e+01 3.089443957012514375e+01 3.040696070119881256e+01 2.124692316550469329e+01 3.040696070119881256e+01 2.448450020904937574e+01 2.019912929627306752e+01 1.156084185408147391e+01 1.881028230940734502e+01 2.901974218279875473e+01 2.872581809691252630e+01 3.292892398506996443e+01 3.355042282992532421e+01 2.477747912217110127e+01 2.927650657067318107e+01 3.355042282188141201e+01 3.371094012105002236e+01 3.082524779510043444e+01 2.254099322331533628e+01 1.685302147232855319e+01 6.828952744450297985e+00 1.568624940432591153e+01 2.000900219120961410e+01 2.096576270852249735e+01 1.520416545157707766e+01 1.899568704865998470e+01 2.507958057219839887e+01 3.499806678479514233e+01 3.822868976337960589e+01 4.122546976440221300e+01 4.456514909418078929e+01 4.054696775109197660e+01
3.709999999999999756e-03 1.000370999999996258e+01 8.021773445777615308e+00 1.302177344577759754e+01 2.302177344577752649e+01 3.089443957012514375e+01 2.087816904448663635e+01 2.271618893229414482e+01 1.624459990015705557e+01 2.625564096114473145e+01 2.021505182535626943e+01 9.940674666679386817e+00 9.940674666679386817e+00 1.810919093992197304e+01 2.149484090759742472e+01 1.849967208657261963e+01 2.872581809691252630e+01 2.927650657067647089e+01 1.862238368460909399e+01 1.862238368460909044e+01 2.745607636411353525e+01 3.300100384027112455e+01 2.936124915011918546e+01 1.850007110623759488e+01 1.228688367482000032e+01 1.569178912001152604e+01 5.782104867425218231e+00 1.565902070323598316e+01 1.049089462065005840e+01 2.096576270852296275e+01 2.923098341344123696e+01 3.332306020041573902e+01 3.510719626845515506e+01 2.770614857619975879e+01 3.039966512748598149e+01 3.916966095974208883e+01 3.496875433607537076e+01
6.660000000000000121e-03 3.021773445777633516e+00 1.302177344577766505e+01 2.216390906950846684e+01 2.716390906950844908e+01 2.946935684795689525e+01 2.238904105637508479e+01 1.270866029530854391e+01 1.270866029531438102e+01 2.271619824748015048e+01 2.450345108927920990e+01 2.021180233347311628e+01 1.810919093992191620e+01 7.818220342221984254e+00 1.126062007893964179e+01 1.849967208657261608e+01 2.872581809690854726e+01 3.040454381415446150e+01 2.312534585442472590e+01 1.284779983796507530e+01 1.823210202899041477e+01 2.872984564361721738e+01 3.364169482984720361e+01 2.746012537421099609e+01 2.309049422572005383e+01 1.503009985960008166e+01 5.019783323218194759e+00 6.528263188073103684e+00 1.218580571478500829e+01 1.950736550246578460e+01 2.959122784864245759e+01 2.976601799787633240e+01 2.539291003743122133e+01 1.988923838361342789e+01 3.078812953460998969e+01 3.420498038148887332e+01 2.512742374651002564e+01
1.030000000000000013e-02 1.001029999999996356e+01 1.716390906950848461e+01 2.310794321096460990e+01 1.896574554393930256e+01 2.310786805065352567e+01 1.530871464226161649e+01 8.236366168306163971e+00 1.499485412304523813e+01 1.914218960877592934e+01 1.920636222706565022e+01 2.341508757291956044e+01 1.670297792197242970e+01 6.508042856975920998e+00 1.671320392887079365e+01 2.571429770704008178e+01 2.754649508702859606e+01 2.611005395902433079e+01 1.571596043415612520e+01 1.012624009501751665e+01 2.015847387481856856e+01 2.938884650485802297e+01 2.882992782377443319e+01 2.844130545853556313e+01 1.693722523959202775e+01 1.631861619417401243e+01 1.307002855136866160e+01 3.953098252333641760e+00 1.109588005220311047e+01 2.183175584118735557e+01 2.536890740469812755e+01 2.095914824654193254e+01 1.446301120271764873e+01 2.539291003743122133e+01 3.510714487567985742e+01 3.004808904081457399e+01 2.026080563697528092e+01
1.349999999999999985e-02 7.084567811865484899e+00 1.708456781186555062e+01 1.810790638992400758e+01 8.965780972174176355e+00 1.810788195226755093e+01 1.725716405136007481e+01 1.499485412302549214e+01 4.991934102584495214e+00 1.204515246953968166e+01 9.120508079237870547e+00 1.917112154379563904e+01 1.542811740881069582e+01 5.334617525326763143e+00 1.367046260464957363e+01 1.790408572241543439e+01 1.728637022545853696e+01 1.917968083964339598e+01 1.494157319687675312e+01 7.962935015217885493e+00 1.484903676496613656e+01 2.385419420932879930e+01 1.964206682596079290e+01 2.439052839940148232e+01 1.692600174412687153e+01 5.803216453281677900e+00 3.082866808183886143e+00 1.306135096556610975e+01 1.334217325444087976e+01 2.318520831137527338e+01 2.095914824622910899e+01 1.028169437799672181e+01 2.095914824654142805e+01 2.896096302043775594e+01 3.355274126117978994e+01 2.368515856869963443e+01 1.698101497662756998e+01
1.339999999999999872e-02 1.001339999999996344e+01 1.018612757788832823e+01 1.018612771122166016e+01 3.965789546806983701e+00 1.018612797788832758e+01 7.257206108002409728e+00 1.018612824455499322e+01 1.018612837788832692e+01 2.043103770397634023e+00 1.009597683198223450e+01 1.415529621540715333e+01 1.895845351101162279e+01 1.366874769871569306e+01 3.810211812188978087e+00 1.200345025764875473e+01 1.014110955498171940e+01 1.494077354074633313e+01 5.086430555806347620e+00 1.226952764879658986e+01 1.512277495245363745e+01 1.398409040434270167e+01 1.338000497578704895e+01 1.330642174181167903e+01 1.716319111000331787e+01 1.157234972574237730e+01 2.775519841760933470e+00 5.987221128252631530e+00 1.636676621992241820e+01 2.152894724815734762e+01 1.838048815359323385e+01 7.936818264152375235e+00 1.383133029439391670e+01 2.458437025898766848e+01 2.450347532888199353e+01 2.039283361414062412e+01 1.380818256932963273e+01
1.369999999999999864e-02 1.861640210637902360e-01 1.861640210637902360e-01 1.861640210637902360e-01 1.861640210637902360e-01 1.861640210637902360e-01 1.861640210637902360e-01 1.861640210637902360e-01 1.861640210637902360e-01 1.861640210637902360e-01 1.861640210637902360e-01 1.007721164488165755e+01 1.082308408396624877e+01 1.420623883345929350e+01 1.198882328994417534e+01 2.435443510684772495e+00 1.108613459732877793e+01 1.588986244694932992e+01 1.174459721256865841e+01 2.789847186016127356e+00 5.201749149605828570e+00 9.386657333524714986e+00 1.212982595304150202e+01 5.756000993476407146e+00 8.643388219707832221e+00 1.015580776197252355e+01 2.838297545044935255e+00 2.377211909379733701e+00 1.282873582869566853e+01 8.352533710888957685e+00 1.602481085597797161e+01 5.784049956193424435e+00 1.613935629503210478e+01 2.156496485772016314e+01 1.744932013323283471e+01 1.041089379268462523e+01 2.039283361414057083e+01
1.290000000000000001e-02 1.001289999999996283e+01 1.861640210637902360e-01 1.861640210637902360e-01 1.861640210637902360e-01 1.861640210637902360e-01 1.861640210637902360e-01 1.861640210637902360e-01 1.861640210637902360e-01 1.861640210637902360e-01 1.861640210637902360e-01 1.861640210637902360e-01 1.985378501697201648e+00 7.632445502823114403e+00 3.219653187349908574e+00 3.191221001635619281e+00 1.183681733122086355e+00 1.076412276753665864e+01 1.441511205224781156e+00 1.441511205224781156e+00 1.441511205224781156e+00 1.626408152506141347e+00 1.766549891217291002e+00 1.766549891217291002e+00 1.766549891217291002e+00 2.101792103805231626e+00 2.100334687250056565e+00 1.091558685196136835e+01 2.377211909379733701e+00 8.449796633771891052e+00 1.239491095259751141e+01 4.017639336360142366e+00 1.406912666345485263e+01 1.472730410049066663e+01 7.428663883785055155e+00 1.744932013323283471e+01 2.450347604040899085e+01
1.349999999999999985e-02 1.001349999999996321e+01 1.018612757788832823e+01 7.257205711130419346e+00 7.257205844463753053e+00 1.018612797788832758e+01 3.201259944228016074e+00 1.018612824455499322e+01 1.018612837788832692e+01 1.015955309674131080e+01 2.255675877201066548e+00 9.248422843788214109e+00 4.343146225442543473e-01 2.407338943001500198e+00 8.899445258114887736e+00 9.330932022437804507e-01 8.066094582445135330e+00 1.183681733122086355e+00 4.234612557284759937e+00 8.250291522802863042e+00 1.094629479022806962e+01 6.596927643681198106e+00 9.146802154878864499e+00 1.766549891217291002e+00 1.766549891217291002e+00 1.032583619217383664e+01 9.664064251648214920e+00 1.112654892696220266e+01 1.122212895143520583e+01 2.757631114001668049e+00 2.757631114001668049e+00 3.009401456790885110e+00 1.298662667965558626e+01 4.820957724230850339e+00 1.471304332752196053e+01 1.817255647618768322e+01 2.091537077721442373e+01
1.319999999999999993e-02 1.001319999999996213e+01 1.682834804285528918e+01 1.725717092697486166e+01 1.725717106030819536e+01 1.636350207118062627e+01 6.363531192311987716e+00 1.636350207118062627e+01 1.533202172539283481e+01 5.324790782053793414e+00 1.225408518207620290e+01 1.513107410644368933e+01 7.932045396608904397e+00 6.826055805645083741e-01 6.826055805645083741e-01 6.826055805645083741e-01 1.269491371861545481e+01 3.866629724503347187e+00 1.042776754163198660e+01 7.727353757402117829e+00 1.440781178179327426e+01 1.166224154765226118e+01 2.761188121417772479e+00 1.150948909150227806e+01 1.205577860149814740e+01 1.054278409692574670e+01 1.602728289533841277e+01 1.876042704648714832e+01 1.438438307174002162e+01 4.796152443957382161e+00 1.249571772658685376e+01 1.193802236032089326e+01 3.009401456790885110e+00 3.009401456790885110e+00 1.272370893540296244e+01 8.540021139207224721e+00 1.254317321051383338e+01
1.359999999999999924e-02 2.686212419124241357e+00 1.268621241912420494e+01 2.028356007956969620e+01 2.442569570330061524e+01 2.014313127772033596e+01 1.014317234917989730e+01 2.014313127772033596e+01 1.762870527916784624e+01 7.617693762974699467e+00 1.762870527916784624e+01 1.835644157132708898e+01 9.065693578828810217e+00 2.051321317273103517e+00 1.064435035199667112e+01 1.496869430425854297e+01 1.402155277086901819e+01 6.767961220674723499e+00 1.151299504714004129e+01 1.469375410298246898e+01 1.856213001798020557e+01 1.642026186693888334e+01 1.242432012225559212e+01 3.717556335636313936e+00 1.339602801432847023e+01 2.039612132918390586e+01 2.267939783043577151e+01 1.911881685632232930e+01 9.586736438531989535e+00 7.227570417398539782e+00 1.705071822482397081e+01 1.003980330678779787e+01 1.266224283211501422e+01 3.009401456790885110e+00 3.009401456790885110e+00 3.009401456790885110e+00 3.009401456790885110e+00
1.299999999999999940e-02 1.001299999999996260e+01 6.950226746236443098e+00 1.028356007956976548e+01 2.028356007956969620e+01 2.428523902842972149e+01 1.721421720435504454e+01 2.428523902842972149e+01 2.013016371451543662e+01 1.012432997312506089e+01 2.013016371451543662e+01 2.532416914050716272e+01 1.622241768718575017e+01 1.192413036688904882e+01 4.060492355494353056e+00 1.403322166583729746e+01 2.073164883237681622e+01 1.750936708761200222e+01 1.141405732345589641e+01 1.984160866412407032e+01 2.009553024958640322e+01 1.116999319148022707e+01 4.713287885026715252e+00 1.339643239458980517e+01 1.054359060411118598e+01 2.049203459253458703e+01 2.482133482579604689e+01 1.590011973879262541e+01 1.919605542898125350e+01 1.010770484801186520e+01 1.995694463104029381e+01 1.560934930430783041e+01 1.735968147326797961e+01 1.316023059846497567e+01 6.275472856078158301e+00 4.101654640703141119e+00 5.158084480708960307e+00
