output/example_1/elevation_000088.asc
nrows	75
cellsize	13.33333333
xllcorner	0
ncols	75
yllcorner	0
NODATA_value	-9999
[rows 34 to 50 of 75, columns 37 to 73 of 75]
3.868974683347969545e+01 4.283929085616504295e+01 3.953977464703410050e+01 3.052914235734534643e+01 3.721776152293922024e+01 3.117861176676698776e+01 2.109630065237378460e+01 1.557421722463487335e+01 2.071012862308134928e+01 2.311600125768989145e+01 1.883401118306967703e+01 9.315964213954787354e+00 8.606934884209728409e+00 1.753061392407448693e+01 1.706937941808534021e+01 7.430876893359720903e+00 1.618549682365257780e+01 1.766080188324828271e+01 1.943357830738986891e+01 1.360783873485505424e+01 2.503642450526138319e+01 2.729199464758624671e+01 2.299890682563317768e+01 2.805461108352091415e+01 2.499027297723747054e+01 1.495264978949066936e+01 1.470848706254035321e+01 1.498207960384225679e+01 1.724295869126417813e+01 2.005957557137960734e+01 3.013939507932138895e+01 3.771982736255821322e+01 3.443825272657871039e+01 3.190292909641015484e+01 3.901352374891362729e+01 3.358721256994939353e+01 3.961427056527475798e+01
3.689457828171604348e+01 4.099975396822225804e+01 4.446795682566828134e+01 4.048746449888384547e+01 4.446784887676204789e+01 3.555024686523947963e+01 2.964944789798280311e+01 2.109630065237270813e+01 2.518914033947293518e+01 1.742275425891603291e+01 1.297185986748353415e+01 1.122356159364491646e+01 1.487799424478781418e+01 7.634041660162891318e+00 1.512943597040070465e+01 7.149768426953867717e+00 1.064623952183186084e+01 1.981767624101669156e+01 2.680180458010318034e+01 2.503638245707683296e+01 2.053141027470477198e+01 3.117943305077536564e+01 3.315633676889404313e+01 2.803346249469161933e+01 1.794036833277777276e+01 2.499028011912618652e+01 2.435795524693148906e+01 2.532022996772594325e+01 1.686586950292283049e+01 2.694565559453642578e+01 3.031371459888773501e+01 3.196281506217077961e+01 2.423176176659257663e+01 2.596816528285826564e+01 2.866551056893860761e+01 3.468764358491520028e+01 4.194498722439134042e+01
2.673606730707253831e+01 3.655493484516564706e+01 4.228663797106275979e+01 4.353998691140770916e+01 3.920503522322007228e+01 4.354143403976287630e+01 3.555023869485731325e+01 3.117861159895633349e+01 2.314035755189681964e+01 1.724584763921038189e+01 1.852588650563484762e+01 2.102802077945835890e+01 1.571803572246445135e+01 1.287493516376068214e+01 6.798459685991656620e+00 1.019806100034580076e+01 1.962846164565145202e+01 1.604065068217500567e+01 2.161116146647779956e+01 3.189278604413895124e+01 2.692549772459868862e+01 3.522541178343217183e+01 3.626671949778766191e+01 2.601642515538655331e+01 2.018177106818519562e+01 3.038058541432400617e+01 3.340588360236559140e+01 2.325323962921554255e+01 2.699441329060914185e+01 1.864212519196233231e+01 2.024223822623464386e+01 2.185636857115235188e+01 3.196281506217077961e+01 3.324441627938438160e+01 3.013625391621069838e+01 3.383227926752530834e+01 4.116546290687550425e+01
2.226470963527454572e+01 2.814173601723010165e+01 3.827681576871611213e+01 3.840984287227892935e+01 2.905022675296744694e+01 3.456462033917944865e+01 3.885801796248497908e+01 3.762166623589110515e+01 2.970228475740023910e+01 2.176834812025732546e+01 2.696075787600174678e+01 2.485671034843467453e+01 1.816540857241010798e+01 1.475037325280851341e+01 6.798459685991656620e+00 6.798459685991656620e+00 2.036416645856511565e+01 2.594475520459913298e+01 3.016647295182001187e+01 3.613996373307278276e+01 3.699041677526263072e+01 4.095150713556819255e+01 4.043782649509449811e+01 3.038058541488785025e+01 2.603245948542957322e+01 2.469243927421860008e+01 3.498239230842985847e+01 2.909313657745916260e+01 3.303079041261502624e+01 2.873698710287727920e+01 2.153370884634531635e+01 3.164066510591609216e+01 3.616002244276952382e+01 4.340278638417288448e+01 3.616749561516871836e+01 4.408284679017071994e+01 4.116596043340476285e+01
3.243929874272774327e+01 3.655493484516564706e+01 3.550601542871590510e+01 3.412748315083204176e+01 2.450693926887985441e+01 2.490067809056781556e+01 3.024809302283913226e+01 3.286482656786981238e+01 3.572580496244502513e+01 3.131003060071035193e+01 3.211814340468952622e+01 2.391509796650220565e+01 1.281427893121769301e+01 6.527211941181376709e+00 1.558270040208483387e+01 1.649673851033013960e+01 1.746730008257486233e+01 2.797503896527822320e+01 2.702502971900760897e+01 3.049706613434099722e+01 3.341357963391558172e+01 4.068191555935310078e+01 4.474758713433883628e+01 4.049143399087850526e+01 3.632023589204759872e+01 2.830921592538691556e+01 3.863207366208311555e+01 3.633551971443142037e+01 3.754265401107952727e+01 2.732011057193884085e+01 3.164066511557149397e+01 2.515701246486837661e+01 3.237959724700706232e+01 4.253956559379106750e+01 4.643162895955482838e+01 5.063873152408711320e+01 5.112559404682806985e+01
3.023202531704075469e+01 2.970341205991392997e+01 2.651288336807346369e+01 3.304073978859180016e+01 2.898514068050969428e+01 1.989726973145048206e+01 2.131703450538118005e+01 2.933099712415382854e+01 3.606375306494024358e+01 3.547159782798433980e+01 2.566773099007064118e+01 1.816851330509233975e+01 1.757800456731263594e+01 6.374106075790176185e+00 1.185129307280301525e+01 1.426798855720088532e+01 2.094175442598085013e+01 2.267242374539412708e+01 1.684481525716482864e+01 2.011552708825955094e+01 2.523037030999194386e+01 3.629085544995627544e+01 4.561134905063729406e+01 4.966047478319386954e+01 4.278400052593516278e+01 3.351305048809211939e+01 4.278400052593516278e+01 4.645580008673439210e+01 4.165970823074319185e+01 3.323850454860235715e+01 3.879677111829642655e+01 2.851609040040776577e+01 3.351165399998221517e+01 4.375207868661258459e+01 5.171094061461798219e+01 4.759942805397903243e+01 4.888055768371433629e+01
2.593045188969637138e+01 2.141636923629756595e+01 2.082008872969591806e+01 2.909345734211620993e+01 3.190741122922900885e+01 2.252782780022818443e+01 1.635025957211629688e+01 2.251667316393226415e+01 3.022869454314833249e+01 3.311720440873686044e+01 2.949032117227902816e+01 1.841179414404355441e+01 1.007660444129396993e+01 6.204425056933297711e+00 9.289666143677202115e+00 1.518875398240190044e+01 1.858402040567789015e+01 1.276933618913716906e+01 2.267242374539412708e+01 3.049706613434109670e+01 3.490331621080588320e+01 4.083855982879017432e+01 3.576678021467537150e+01 4.398839772735811948e+01 4.785445145443500081e+01 4.375109683725675325e+01 4.785445191350477501e+01 5.031493691551337832e+01 4.746951899110748485e+01 4.342223563069993730e+01 4.267990830215300946e+01 3.241868283561520059e+01 4.267990830215300946e+01 4.789590875114448210e+01 4.602427786049778291e+01 3.778151852773342512e+01 3.905247722614735295e+01
2.020304112132608410e+01 1.553668817261865698e+01 2.141636923629756950e+01 2.970341206007012502e+01 2.985229657518334889e+01 2.061923243749964740e+01 1.437368764785026443e+01 1.790891998509006910e+01 2.467103453673314561e+01 2.334903588553383003e+01 2.688195749987414374e+01 2.010320347356314130e+01 1.536213977598327141e+01 1.121127212889869540e+01 5.904795708630454776e+00 6.097041666547714733e+00 9.140175292190013678e+00 1.356982002872025994e+01 1.989405223867915851e+01 3.092711393857708302e+01 3.909213311422998061e+01 3.499696094071991581e+01 3.003457910143524145e+01 3.704788025093435522e+01 4.687980583546642066e+01 4.694114218345630007e+01 4.735687941282628088e+01 4.027457379648214442e+01 4.399331625006834656e+01 4.813226510939765035e+01 4.676177546161635945e+01 3.974746762885451545e+01 4.676180692514969195e+01 5.002026982232203522e+01 4.193105534517665234e+01 3.209943541991848548e+01 4.193087808343037182e+01
1.147344677471372520e+01 2.020342729253929548e+01 2.591172341247307287e+01 3.023534659944319003e+01 3.187543287331498476e+01 2.247662181090561972e+01 1.624063297134955874e+01 1.172760724158132462e+01 1.852663096728846881e+01 1.687660401482274608e+01 2.352960109713182391e+01 1.181836268400600076e+01 5.978002221794312732e+00 1.441901177461001282e+01 5.635744094283891670e+00 9.674031623469135255e+00 1.885116498845193078e+01 2.316116199819034804e+01 2.812336240505876717e+01 3.482752370774235828e+01 3.098572504408360828e+01 2.514974559009041144e+01 3.499696094071991581e+01 4.398830039177786233e+01 4.694114218345630007e+01 3.683435182337593972e+01 3.868898241029737761e+01 3.304284123020571684e+01 3.383615864070799262e+01 4.105568611534008738e+01 5.108533768927199503e+01 4.976751885874282522e+01 5.006743230465587402e+01 4.438292684487649353e+01 3.608767879184927807e+01 2.908293594382396563e+01 3.451734693225456141e+01
1.506589511889278121e+01 2.003194816122069710e+01 1.612824748735798508e+01 2.404980142470028426e+01 2.886339070218840064e+01 2.928319095577208131e+01 2.467259292961726302e+01 1.852663096729914471e+01 9.481562931063034938e+00 1.626566214033472235e+01 1.981838802960494306e+01 1.753862750937396697e+01 1.413831844988034980e+01 5.240804454338292118e+00 1.176475548181514519e+01 1.878323565130314421e+01 1.642068995746860338e+01 2.618985727589145185e+01 3.181835068430936531e+01 2.772069411741544087e+01 2.129484277186829999e+01 2.680697098007519585e+01 3.378311423561049054e+01 4.372150877561360005e+01 4.378767270174128612e+01 3.829355848449774413e+01 2.843436910876580015e+01 2.786448693843971824e+01 3.812908464938262654e+01 4.813226510939765035e+01 4.483344444154401032e+01 4.896115598570586513e+01 4.597249164525384657e+01 3.613584388333973152e+01 3.040869248768458277e+01 2.637530696336647296e+01 3.632471643325749255e+01
6.952177478259341292e+00 1.546927708956012992e+01 1.048232189621082178e+01 1.524749140151627635e+01 2.203633825154559034e+01 3.165966228926466286e+01 2.900423399430721005e+01 2.233965670880171572e+01 1.653898003155577001e+01 7.484708201771542946e+00 1.448814582660513395e+01 5.811711320854006324e+00 4.846317694209151483e+00 1.414214279462630586e+01 1.856977880817808568e+01 2.497676847062594163e+01 2.618985720163830067e+01 3.033618683539340211e+01 2.772069469969288136e+01 1.813915103555365249e+01 2.356778010560621084e+01 3.047952372705071866e+01 4.042906544305608918e+01 4.138858868678269687e+01 3.393083885269222577e+01 3.393083938820230117e+01 2.378962421532314764e+01 3.410297992527048194e+01 4.229610293506241447e+01 4.325189223447124220e+01 3.498440611663207989e+01 4.325044249780216177e+01 4.664896178454640108e+01 4.200775388508193942e+01 3.404224809023857290e+01 2.401873259999764088e+01 2.986206439200985940e+01
1.546927706276330028e+01 6.096888446928573124e+00 1.539693227688167809e+01 2.052341253594588011e+01 2.466900646205062486e+01 2.733567786529642163e+01 2.111846717647837934e+01 1.243005262123487142e+01 1.638687252031129304e+01 1.338410189902187142e+01 5.598884225088838207e+00 7.462674803946295121e+00 4.573738443451956570e+00 5.064904074840117509e+00 2.343202205097565738e+01 2.732802123485149792e+01 3.210467701153559261e+01 3.267298094960919030e+01 2.578985433658885285e+01 1.627567518184650552e+01 2.578985087538413268e+01 2.761758490421956580e+01 3.751012962394955963e+01 3.723285369287451374e+01 2.698851683363101017e+01 2.371957089766782545e+01 2.152783731427155089e+01 2.886765440943069549e+01 3.933398947937249091e+01 3.914601277034520166e+01 2.924406863012415059e+01 3.914579970825944599e+01 3.678355037202499034e+01 3.791582752300448789e+01 2.798265174698612867e+01 2.208848366984322809e+01 3.218093267711643790e+01
1.256894126946639112e+01 5.488646796010454132e+00 1.330554425666423235e+01 1.124163729839424697e+01 2.065339349464749930e+01 1.796498318490003143e+01 1.552595714939832483e+01 3.891269962356260770e+00 1.311318367133512375e+01 9.635398758683180631e+00 4.190870363490232897e+00 4.190870363490232897e+00 1.109529192867259795e+01 1.254493505446735924e+01 1.856390683992931656e+01 1.740169172957221377e+01 2.788956784935785294e+01 2.579002524288106457e+01 1.890715529652950977e+01 1.451566019506000416e+01 1.799258658701987201e+01 2.472828258548754121e+01 3.459299699163288011e+01 3.068493821415993494e+01 2.644729686373365496e+01 1.856129659059226356e+01 2.452207907273239229e+01 3.483150898147901131e+01 4.262579728538765522e+01 3.275232677578714657e+01 2.565780978988919614e+01 3.156714169134443893e+01 2.974514435130681633e+01 3.536906938789876165e+01 3.044981890359602161e+01 2.030789144577300220e+01 2.545231683694935754e+01
1.910305123505134262e+01 1.380154174345587315e+01 4.609259316636784121e+00 1.316910245658825929e+01 1.545018349665411250e+01 1.441787396363212714e+01 8.839382217137925934e+00 1.235505049420941148e+01 3.891269962356260770e+00 1.224836240407949894e+01 4.190870363490232897e+00 1.349619906859656382e+01 4.702266798952339677e+00 1.326625794076665699e+01 1.030663916961176874e+01 1.999970056842317945e+01 2.740274958042363451e+01 2.173728199107809900e+01 1.230940051215268660e+01 2.173728220312430537e+01 2.761758515322237884e+01 3.172128516492779227e+01 3.109889044634413224e+01 2.644698588530265226e+01 1.619805597645964212e+01 2.644729817630833324e+01 3.310980035328952908e+01 3.903409639490425320e+01 4.319068762263918160e+01 3.973582248299835129e+01 3.156713843569602673e+01 2.145967286193815227e+01 2.828775256928928528e+01 2.535425553224348505e+01 2.828777389448199031e+01 2.030789144577300220e+01 3.045022609251375556e+01
1.229942590582911421e+01 1.425675372381651584e+01 5.723693694465040949e+00 3.731996427612360723e+00 3.342319782136760953e+00 8.682254329700105799e+00 3.612057218736213215e+00 3.612057218736213215e+00 1.237330315607698417e+01 3.891269962356260770e+00 1.465821840945792509e+01 1.653385853887434109e+01 1.281321067371197664e+01 5.214600309520508681e+00 1.440232606454690156e+01 1.483453829052908191e+01 2.186156337206732658e+01 1.829692053408035690e+01 1.082310915009267482e+01 1.622689363043253863e+01 2.580704650156367563e+01 3.109896503381529698e+01 2.084638876413377062e+01 2.272767496209743499e+01 1.468446506256874606e+01 2.049520247032851472e+01 3.079095467658320828e+01 4.022498985977550490e+01 3.316337500176999242e+01 4.022177120439859266e+01 3.566245647738902846e+01 2.828758227825249350e+01 1.814159053456285520e+01 1.814159053456285520e+01 1.814159053456285520e+01 2.828785235053771530e+01 3.045018861608010141e+01
2.351724030682166511e+00 9.580258809190935310e+00 7.785881279296983593e+00 6.207223880115753545e+00 3.041961641843422548e+00 3.331984890901960927e+00 8.853783684094088002e+00 7.808856468331330625e+00 1.627792793120319459e+01 1.470033924520891588e+01 1.925923038829066769e+01 2.079678151458536206e+01 1.298941895945576341e+01 1.189793387139209102e+01 5.705417894745922425e+00 1.514579827576433679e+01 1.776975833846589481e+01 8.751525174785326655e+00 1.652605484123528967e+01 2.077431175765061155e+01 2.989635888948709663e+01 2.502176898320539777e+01 2.079824454360991837e+01 1.270207620275563443e+01 1.972482214410870327e+01 2.908497999115223109e+01 3.500413062556174992e+01 3.549462509159919676e+01 2.527444640154772060e+01 3.507781054816529576e+01 3.090586575600573482e+01 2.677536488397186076e+01 1.814159053456285520e+01 1.814159053456285520e+01 2.137487433989337759e+01 2.645282497853870041e+01 3.355406846211619154e+01
1.033242853961151120e+01 2.351724030682166511e+00 2.851326225062656761e+00 3.041961641843422548e+00 1.265749759050357603e+01 1.397181773994703491e+01 6.490093227579224688e+00 1.558689987897963114e+01 1.437564328548835313e+01 2.354355822676248167e+01 2.711029579052743088e+01 2.287790467731695898e+01 1.721699615456809696e+01 7.928532049290844874e+00 1.396512786805787165e+01 6.146889506772788891e+00 1.341382113177922975e+01 1.406231533738474226e+01 6.814112735890884842e+00 1.658486757882683094e+01 2.159154497637882741e+01 1.898664714961170930e+01 1.087574320688335305e+01 1.781347317016800957e+01 2.696235813397928993e+01 3.420025858662349805e+01 3.782508931875484137e+01 3.092587183158785180e+01 1.903557695231837599e+01 2.582330635057707724e+01 2.530828873257800993e+01 1.670441979268773380e+01 2.677592298294286266e+01 2.404426604598015160e+01 3.146981947852368222e+01 2.649740584001551724e+01 3.354474110295439004e+01
