output/example_1/elevation_000244.asc
nrows	75
cellsize	13.33333333
xllcorner	0
ncols	75
yllcorner	0
NODATA_value	-9999
[rows 34 to 50 of 75, columns 37 to 73 of 75]
2.182046684197087316e+01 1.361111633448843072e+01 1.857622999322315849e+01 2.563952501688764585e+01 3.574601037543788351e+01 3.671948108059009286e+01 2.683404763333894039e+01 1.981565602034039841e+01 2.505594606355384713e+01 1.691769648107424118e+01 2.685538593549739161e+01 2.825705318659305831e+01 3.378680961059304622e+01 3.751039112665758068e+01 4.165057925682612705e+01 4.661376234851466194e+01 4.528465323294804534e+01 3.530174221000790169e+01 2.967042655922761440e+01 2.631232349607116205e+01 2.336768323993156571e+01 2.109452305954509299e+01 2.748085658858511238e+01 2.560636182040442677e+01 2.210817002871861447e+01 1.195374783638016147e+01 1.372160842844388640e+01 1.000075819047230929e+01 1.100910793791692655e+01 2.130194400546620415e+01 2.688902840154818463e+01 2.551719163390377076e+01 1.863698677675096249e+01 2.746753303198318008e+01 2.716739505055295822e+01 2.484353298394377774e+01 3.199482277707617683e+01
1.186563803527970684e+01 2.182046684197086961e+01 2.777136422158533691e+01 3.281947228033192232e+01 3.686875879645759824e+01 3.181193755911741405e+01 2.833095273242187773e+01 2.505593868644434252e+01 1.512258430162301970e+01 2.505594606355358778e+01 2.685538593549719266e+01 3.675631611445606239e+01 4.226831356807402074e+01 4.254116412991596263e+01 4.669896181391328582e+01 4.712510750962930217e+01 4.288402866386493173e+01 4.367731598304433049e+01 3.952939982526388007e+01 3.115658761445364178e+01 3.296843355562666744e+01 3.039693507732275890e+01 3.458999274906563670e+01 3.248044902599345107e+01 2.100394364830801308e+01 1.103221234239401483e+01 9.523951298682293398e+00 1.892106961691444056e+01 2.123877016399429962e+01 1.839774824613612836e+01 2.835054495282101072e+01 3.138667084673494401e+01 2.746753303198424945e+01 2.097957994373655666e+01 2.097957994373655666e+01 3.251302781057540869e+01 3.199482277707617683e+01
2.065901234466213765e+01 2.335110774616588358e+01 2.956161139385243075e+01 3.150044128735354221e+01 3.296057540892002891e+01 2.375171240821918772e+01 1.821379358866041542e+01 2.218794438485722509e+01 1.397971214012262209e+01 2.390122294356432064e+01 2.968863698358048708e+01 3.243081196707888836e+01 3.554989533454227058e+01 3.265401698130271058e+01 4.254116412991596263e+01 4.168246751083190560e+01 3.393539863949328605e+01 4.168225769049588081e+01 4.519363393934121831e+01 4.103021577137774756e+01 3.860929259807443970e+01 3.358868795126906548e+01 2.938408114508186841e+01 2.630084117865769144e+01 2.459044994220436209e+01 1.640044570406575275e+01 9.230655881778041305e+00 1.907140323027994810e+01 2.474604624579146517e+01 2.835106352531790108e+01 3.248744529045951879e+01 4.013851541234544129e+01 3.192558371780859261e+01 2.324681491073673456e+01 3.069743864142981948e+01 3.689777033128738282e+01 4.252866111003195471e+01
1.070247242746275695e+01 1.612284328344117057e+01 2.562964274072684034e+01 2.179370274606348801e+01 2.868272666014159356e+01 2.510018951620137884e+01 2.050117373155949352e+01 1.254267347406954869e+01 2.245397545824456387e+01 1.728272398346776484e+01 1.977590013278411263e+01 2.254375945780948243e+01 2.568648768141003202e+01 3.265401698130271058e+01 4.254116412991596263e+01 3.770318366543738620e+01 2.939876396573761141e+01 3.770318366543738620e+01 3.850252704986796459e+01 4.238957541503146587e+01 3.449078481888145831e+01 2.459827011453142731e+01 2.005879715668914898e+01 1.711471059907190551e+01 2.225859479329588098e+01 1.831401470482047955e+01 9.230655881778041305e+00 9.230655881778041305e+00 2.079438305295957079e+01 2.065849392532650342e+01 2.617683727920142189e+01 3.599233436592184177e+01 3.597822324229265689e+01 3.192558371780859261e+01 2.684158018513688759e+01 2.973658228868746889e+01 3.617911823538281624e+01
9.894062839074805993e+00 1.873663601193866768e+01 2.286693839095968173e+01 1.487552554447768394e+01 1.984850237440193155e+01 1.984850250766251989e+01 1.115673997162839193e+01 2.107386963188278273e+01 2.615468403343577108e+01 2.721045277088489200e+01 2.968863698358844516e+01 3.243081196707888836e+01 3.554989533454227058e+01 3.967648939760800175e+01 4.025122118898649859e+01 3.475839753827472833e+01 2.659600179922773933e+01 3.475839753827472833e+01 3.011337996477551471e+01 3.737729379417331188e+01 3.893367415400315679e+01 3.364933795514869530e+01 2.938408176995471166e+01 2.235432516456006269e+01 1.285604556046272862e+01 1.007077645638400476e+01 8.964528211801320978e+00 1.876039166870787511e+01 1.394080017744271238e+01 2.348985182920305093e+01 2.916733095458819136e+01 2.223317791079911032e+01 3.525479726556289251e+01 3.940312384363496534e+01 3.587997940678555864e+01 3.910605517286153088e+01 3.617911823538281624e+01
1.873663524285986881e+01 8.759615954435762575e+00 1.870499767739232055e+01 9.916157843967093655e+00 9.916157843967093655e+00 9.916157843967093655e+00 1.984850157248100899e+01 1.115673997162839193e+01 2.283841485561883644e+01 3.037363226478878175e+01 3.382376690524989726e+01 3.796162200965247280e+01 4.295156585924441828e+01 3.957953981712176983e+01 3.157373148927103301e+01 3.157373148927103301e+01 2.400604590055591814e+01 2.891041635824514344e+01 2.540093638230076678e+01 3.352285954941390855e+01 3.528808080857817941e+01 3.110502748529901496e+01 3.086795433495666074e+01 2.486305247217180536e+01 1.685345293571192471e+01 1.407116813413720458e+01 8.709688224053323324e+00 2.008823115305073159e+01 2.348984255366035967e+01 1.711740559256758587e+01 1.951893133885597109e+01 2.223317791079911032e+01 2.543460664238180868e+01 3.029888687325249563e+01 3.727484811923351771e+01 4.729849957327996179e+01 4.617230602353344437e+01
2.062971803491985057e+01 1.789491855728611469e+01 8.759615954435762575e+00 1.871031616748380699e+01 9.916157843967093655e+00 9.916157843967093655e+00 1.984850250773551039e+01 1.565665567591642571e+01 1.565665567591642571e+01 1.938757991659145219e+01 2.347336298391597609e+01 2.883787332409810134e+01 3.880966048640166122e+01 3.576750734291444900e+01 2.737995563562762769e+01 2.304587057038376230e+01 2.730352663088900300e+01 2.025088256928430752e+01 2.629168116387587872e+01 2.993025892218856399e+01 3.110503347487920323e+01 2.174807908663114731e+01 2.433235688038023881e+01 2.038107732111784642e+01 1.766426420028604127e+01 8.341223286653002944e+00 1.585735786689156690e+01 2.203025939102610309e+01 3.074650451831456976e+01 2.667612488596919462e+01 2.916733095458819136e+01 3.198140039116921329e+01 3.525479726556289251e+01 3.940312384363496534e+01 4.438239638185343239e+01 4.729071270949053485e+01 4.691236267891515155e+01
1.085485277046019092e+01 7.952826073626583891e+00 1.789051153994554966e+01 2.279177675615795806e+01 1.984850237440222642e+01 1.367939717121344501e+01 2.359702687933834042e+01 2.082292347147977907e+01 2.720223212451737993e+01 3.037363226480524858e+01 3.382376690524989726e+01 3.796162200965247280e+01 4.295156585924441828e+01 3.957953981712174141e+01 3.333313644881371829e+01 2.481485380856105039e+01 1.837193621134839816e+01 2.394957640518368436e+01 1.716333919511414408e+01 2.376700772674322337e+01 3.239547968804135536e+01 2.448864214896014957e+01 1.554708984137546324e+01 1.549698488245069505e+01 1.565436363895414296e+01 8.054091444540768308e+00 1.779264151890106405e+01 2.441828267889068016e+01 2.897763307916992659e+01 3.348584364130199731e+01 3.436068369716213056e+01 3.839421374278089871e+01 4.286528030650109145e+01 4.195616845943320072e+01 3.778693558287719156e+01 3.710550804010838988e+01 3.671023629546995437e+01
1.731374962690671637e+01 7.392291416712305718e+00 1.707246689599408995e+01 2.504429154396211743e+01 2.770582618214405102e+01 1.941178678637445643e+01 2.770582618215591708e+01 2.864874598306558795e+01 2.975522805282890459e+01 3.982629487005245750e+01 3.897767703180327459e+01 3.478235508806431397e+01 3.897767703180327459e+01 3.803203051373726851e+01 2.893676720865113694e+01 2.271188071837958589e+01 1.806645328699459796e+01 1.434090810681762385e+01 2.132845795641334519e+01 2.558671348551581559e+01 2.620721709441806979e+01 2.694200304248230537e+01 2.075149747259635191e+01 1.091188618216794204e+01 1.414020999185018468e+01 7.733122985673444916e+00 1.771955759635915584e+01 1.498744407181554372e+01 2.324902298890980390e+01 2.349978666656322090e+01 2.398340880763210237e+01 3.390559010892140179e+01 3.368260992482120031e+01 3.603573916721092019e+01 2.766998488544224699e+01 3.004439950360587375e+01 3.092493131625064251e+01
1.679736420635241601e+01 6.843293613293861988e+00 1.184610116570305749e+01 1.878465044954114660e+01 2.883193968440135890e+01 2.931419677217907349e+01 3.342786694656140867e+01 3.873623546608757806e+01 3.982629487005245750e+01 3.659901001438426249e+01 3.242203219264529679e+01 2.490858070285207759e+01 3.242203219569708494e+01 3.659901053649565483e+01 3.550394979867056122e+01 3.117979549371352732e+01 2.748567441826858726e+01 2.206419985646462578e+01 1.223154662391058167e+01 2.011774740445131471e+01 1.600758274876757525e+01 1.586250446699067318e+01 1.833819660978727839e+01 1.613897024785772771e+01 7.228559959508523036e+00 1.403687890070694522e+01 8.358226180904072322e+00 9.351913862216386875e+00 1.943611445708940266e+01 1.616934490048275919e+01 2.642463361453833670e+01 2.750493380494028628e+01 2.637889277608701732e+01 2.851281884617351281e+01 2.206731885057068965e+01 2.527763441676328782e+01 3.222890044005578147e+01
8.575314784483866859e+00 6.315477266484866625e+00 1.612277522458261103e+01 2.292981823214480741e+01 3.128425142477195209e+01 3.541340549052468134e+01 3.880015413622493270e+01 3.475235704403296921e+01 3.880015413622487586e+01 3.242203219264529679e+01 2.258276303358919890e+01 2.004959028533411569e+01 2.258276303358942272e+01 3.242203219492040489e+01 3.613126302500003817e+01 3.036101992271528616e+01 2.619618352892327451e+01 2.605814569186082252e+01 2.011774740445128629e+01 1.027134354004057926e+01 9.022010210391851359e+00 7.796592711799198661e+00 1.584013078420302278e+01 1.547083871795401144e+01 6.843068196804764192e+00 6.843068196804764192e+00 1.629293101248282483e+01 1.943583955272815444e+01 1.091259627928966403e+01 2.106906320358856988e+01 2.442496708926078242e+01 2.437589545874401864e+01 2.007978237620771012e+01 1.869393851606742984e+01 2.197424011081529471e+01 2.537967121858475750e+01 3.232866623910415882e+01
1.099958778873881116e+01 5.803051244667158493e+00 8.946287387685851300e+00 1.918067530629280526e+01 2.128625902464787245e+01 3.128426468074562194e+01 3.395677527922968864e+01 2.510101000167777840e+01 3.395677527922880756e+01 3.230240768964878129e+01 2.546461824723793299e+01 1.569893303687275221e+01 2.258276303358758952e+01 3.242203216964166046e+01 3.193219912209915634e+01 2.199712871085768739e+01 1.632500955867277526e+01 2.091957364179706857e+01 2.358371915424394771e+01 1.903036393855766306e+01 1.725722558443634469e+01 1.537989242468071360e+01 6.015901630035150660e+00 6.338627266364384560e+00 1.605077081360373015e+01 1.816696949808057937e+01 2.288902752942427554e+01 2.525543767055516398e+01 2.108081571606485838e+01 1.274429569311521249e+01 1.430037292545422467e+01 1.430037292545422467e+01 1.606107405410238442e+01 2.329425282949366149e+01 2.846287007446391470e+01 3.528371779539190811e+01 3.232866623910415882e+01
1.511869619740283177e+01 5.299646894590197554e+00 1.523070026183690473e+01 1.427366037546761568e+01 2.125980523453956650e+01 3.106613777440430368e+01 2.992668352285538091e+01 2.028301483977751118e+01 2.992668352285538091e+01 2.808159812241683895e+01 1.820600672602643755e+01 1.335281054521155220e+01 2.015401774506526777e+01 2.424443128455855856e+01 2.862369834256715961e+01 3.034823367080091572e+01 2.091943608590640480e+01 1.127565198607884867e+01 1.660845609504820075e+01 1.453974094771197834e+01 1.101568413753388676e+01 5.602936294754274904e+00 1.365449282473903025e+01 1.515926674310171407e+01 1.072216030584845470e+01 1.757106625474386874e+01 2.704501031817111922e+01 2.929430161873108318e+01 1.924708532117080395e+01 2.293300778915980587e+01 1.737191879799676997e+01 2.445762037583511983e+01 2.692121935613931427e+01 3.170281394402822528e+01 3.758374124602244848e+01 4.230843901969316789e+01 4.241784334009351198e+01
1.446954755467002762e+01 4.796552083594485261e+00 1.470821112089907245e+01 1.860970776614658462e+01 2.168130370618875702e+01 3.076578985729178584e+01 2.671212729516240714e+01 1.705022996652840561e+01 2.671212729516275530e+01 3.221736270510066902e+01 2.578868798711803123e+01 1.602934141884308161e+01 1.052903112117446582e+01 1.477910411312820038e+01 2.094468932353278845e+01 2.185896153223517402e+01 1.828350296481209014e+01 1.432134673399431435e+01 7.389371713111452245e+00 1.303362816897780085e+01 5.157922579610559666e+00 1.214323432896956056e+01 1.757750889588870535e+01 2.218561647970026129e+01 2.034527209491799127e+01 1.686291337795408296e+01 2.633878190754023407e+01 3.347209123265422193e+01 2.637084159269159045e+01 3.153033203669968287e+01 2.322272131378202786e+01 2.377279127950593107e+01 3.082519128006721587e+01 4.075076094187063092e+01 4.189197620131924538e+01 4.144619935965906166e+01 4.480247339884254387e+01
5.432996165644563114e+00 4.301334856532176509e+00 7.570365027127179403e+00 1.174905581218563810e+01 1.927711733282915318e+01 2.982519674699233647e+01 2.392297778254106788e+01 1.421122015010920059e+01 2.106408430109778607e+01 3.049446399826116050e+01 2.991551940131225251e+01 2.424437499584054834e+01 1.762351549803750217e+01 8.204228527988389530e+00 1.486086729366569337e+01 4.102027315037623190e+00 1.179800407134461615e+01 4.412270227238708209e+00 4.637953366156389201e+00 4.637953366156389201e+00 1.118914250831398682e+01 1.332847762878306064e+01 1.746526777247410678e+01 2.296820205721392227e+01 2.790398858502651791e+01 2.633878541777992766e+01 2.633660604609021405e+01 3.587697309540718749e+01 3.639209324869833040e+01 3.729492529725648353e+01 3.318520458614198532e+01 3.373232332686982460e+01 3.784184351282993930e+01 3.890908515806937373e+01 3.282499051644234811e+01 3.159718830545730839e+01 3.677122589111199602e+01
1.292021642420108485e+01 3.819436398135549471e+00 1.360649388830065654e+01 2.163103438835318570e+01 2.669308885181454016e+01 2.830018103811788066e+01 1.865434468861345607e+01 1.172969077354930789e+01 2.147957334198623158e+01 2.376517123148726185e+01 2.787674127634089061e+01 2.396406154657549337e+01 1.961105420153631940e+01 1.531751538274689750e+01 6.016134420328590693e+00 1.351269728755284127e+01 4.102027315037623190e+00 1.373161743513940714e+01 7.480924183740601308e+00 1.312414046908590848e+01 5.355150833059388660e+00 5.805763985067479815e+00 1.281308795983124327e+01 1.437163009766137201e+01 2.320567498312219001e+01 2.652796192921254459e+01 2.289747702743625624e+01 2.741962485470732247e+01 3.418258237070710948e+01 3.843785003036970949e+01 4.172626610095392863e+01 3.834377831826484595e+01 3.619848546877569362e+01 2.946128053455873186e+01 2.622919858329035847e+01 3.042987449233350006e+01 3.571603573971598422e+01
3.145894587294064237e+00 1.285415758926476215e+01 1.346536861689332554e+01 2.306363038508509078e+01 2.220698631257013389e+01 2.618627993548394883e+01 1.929402716604346324e+01 9.546183259580626412e+00 1.637077558092099139e+01 1.368242086015312609e+01 2.342865109871148732e+01 1.924916222378098851e+01 1.011851190528341959e+01 1.256540636760207796e+01 7.517397999306776768e+00 3.777754871205403209e+00 1.042388260165595604e+01 1.105409658555021224e+01 1.572681230914132655e+01 1.884533716581195151e+01 1.705187810773845669e+01 1.502968046750097564e+01 6.445798202163826041e+00 1.372712098942261250e+01 1.826892472413346979e+01 1.734297333790325979e+01 1.258806076655851136e+01 1.781418448965634838e+01 2.928370234820098972e+01 3.011332840449743742e+01 3.686473902121193191e+01 2.838616765748174942e+01 2.932409635707238493e+01 2.284534658405507557e+01 3.222847844145939433e+01 3.920279042732004626e+01 4.332363531646981869e+01
