output/example_1/elevation_000426.asc
nrows	75
cellsize	13.33333333
xllcorner	0
ncols	75
yllcorner	0
NODATA_value	-9999
[rows 0 to 16 of 75, columns 37 to 73 of 75]
4.318350731254709274e+01 4.735769475776974957e+01 5.592434576921003497e+01 5.181268702849367003e+01 4.895917278528688144e+01 4.482083758580112942e+01 4.895917278528688144e+01 4.746867901817964253e+01 5.159368972103268192e+01 5.179773460003415408e+01 4.777900296572905603e+01 4.777900296572881444e+01 4.777900296572905603e+01 5.179773460003416119e+01 5.151926970028910802e+01 5.165704481112856428e+01 4.881079045476720069e+01 4.881143316684048017e+01 5.284845032211553928e+01 5.429453685096443394e+01 5.027886217931737178e+01 5.429453679985739001e+01 5.529862318871347782e+01 5.265570345201433611e+01 4.863681242855978581e+01 5.106532096777480234e+01 5.369880868129723694e+01 5.712320274246474128e+01 6.108119007374057219e+01 6.585637786622136503e+01 6.472814396626624500e+01 6.072362110511150490e+01 5.949416844690527739e+01 6.348631538784092498e+01 6.054252881403218112e+01 5.929190853531249417e+01 6.333252005692580866e+01
3.285007339584387154e+01 4.318350731254709274e+01 4.905107583732246468e+01 4.172744443811369308e+01 4.357797267845709399e+01 3.444721027097197208e+01 4.382841923418836672e+01 3.721337525344094388e+01 4.572295092330560351e+01 4.777900296572906313e+01 3.747721753630641928e+01 3.747721753630641928e+01 3.747721753630641928e+01 4.777900296572906313e+01 4.152502090155393688e+01 4.160307877576418889e+01 3.861754684464617782e+01 3.861755197590913014e+01 4.881120626110845251e+01 4.930691693640799400e+01 4.018679876846052679e+01 4.930691637918475578e+01 4.542294265906211592e+01 4.542294266254626933e+01 3.847366386469888511e+01 4.105232374677198237e+01 4.384519992459497928e+01 4.743755369662157761e+01 5.235010718821177278e+01 6.189629829691873653e+01 6.072362110511150490e+01 5.106108613545688968e+01 4.978950276769270289e+01 5.615326895647449135e+01 5.072784540162216160e+01 4.943756322534967751e+01 5.521397008541264739e+01
3.587666611710316289e+01 3.462677947080089780e+01 4.488037835082865712e+01 4.357816674303765581e+01 3.314426542288792632e+01 2.906909018157798386e+01 3.549012194805882814e+01 3.105561094691242729e+01 4.154777662898636237e+01 4.874842222152433635e+01 4.049454063025546446e+01 2.936167092841261805e+01 4.049454063025554262e+01 4.445226860183797868e+01 3.379829154915189093e+01 3.691876918127777429e+01 3.062695711715143077e+01 3.862838313950323510e+01 4.896657223246632640e+01 4.516361144289433582e+01 3.485726072361431704e+01 4.523283483635731983e+01 4.279327579886267330e+01 3.506993386728637319e+01 4.542294266254626933e+01 5.106532096252609421e+01 5.369880868188902667e+01 5.193810568673772821e+01 6.108119007374057219e+01 6.585637786622136503e+01 6.021581867025712853e+01 5.038765737888270735e+01 4.391048513583553614e+01 4.617374489098401824e+01 4.352718024814595310e+01 5.360249961791795670e+01 5.830320579179593210e+01
2.636776007673743294e+01 3.349988086681534583e+01 4.377116186163107869e+01 4.772865819171454405e+01 3.973499497459203411e+01 3.549012153594446772e+01 2.494522942579412472e+01 3.262016813404316196e+01 3.688886201850005619e+01 3.973113783415629996e+01 3.428204516630305676e+01 2.598986970151165821e+01 3.337413538309754557e+01 3.745225317392942088e+01 3.309915173123722099e+01 2.546530143606579344e+01 3.691876918127777429e+01 4.175611912437143047e+01 4.280093591005654474e+01 4.176353242767450524e+01 3.118692248859660054e+01 4.024485707219865560e+01 3.228600236818751767e+01 4.279327579897739042e+01 4.118728236090111494e+01 4.708648555820754211e+01 5.684037010742790130e+01 6.153303860091170208e+01 6.550057802261747497e+01 6.232122386737393072e+01 5.738406632786504957e+01 5.050961702394269537e+01 4.026179880074021611e+01 3.891041766165745486e+01 4.868512120228973572e+01 4.398031339242820081e+01 4.912132828043233701e+01
3.065361905050938418e+01 3.423937975866790140e+01 3.838767523592657938e+01 4.420590793520057105e+01 3.549012166929512091e+01 2.494522942579412472e+01 3.262016523980927474e+01 2.226761465314636723e+01 3.262015957114559228e+01 2.936324891026248807e+01 3.650732929569842611e+01 3.337413537936213714e+01 2.212707094172552047e+01 2.972844376345180351e+01 2.188140755692406714e+01 3.309915173123722099e+01 3.853730530272716948e+01 3.114794814429314584e+01 3.226518106257511675e+01 3.647783033277157472e+01 2.776989634815844354e+01 2.956418806294652413e+01 3.588728370704935600e+01 4.619735935398490057e+01 5.120896223696507832e+01 5.520873867134022106e+01 6.081226469264991152e+01 6.055731003637934151e+01 6.432428881955709699e+01 5.826245888486058533e+01 4.835683356348188511e+01 4.324598282847217945e+01 4.630258669654054415e+01 3.608233402560812664e+01 3.847889967659078536e+01 4.871347126190931220e+01 5.830320579179593210e+01
2.851493734231458532e+01 2.432435464854160045e+01 2.995420661689951913e+01 4.009303512993821528e+01 3.973499497473987674e+01 3.549012166929510670e+01 3.079007837272326853e+01 2.058174170742617903e+01 2.834977339468619917e+01 2.322369645285250428e+01 3.148420413222798686e+01 2.795919668198505548e+01 2.845443551767104395e+01 1.933550835240000509e+01 2.937990564647913416e+01 3.415942805471397037e+01 3.274665678024015136e+01 2.342199559106618167e+01 2.443951786848433727e+01 2.555250824314400759e+01 3.647783069800615863e+01 4.024488901487568171e+01 4.438946693365647889e+01 5.025645782505563375e+01 5.478975599437197985e+01 5.877261243249250811e+01 5.917400018733143696e+01 5.170870964254748969e+01 5.917400018733143696e+01 6.232122386737393072e+01 5.463445410641850941e+01 4.456749892919561518e+01 3.734482104009417469e+01 3.418161403470040938e+01 4.433654717101612164e+01 5.288966131410104765e+01 5.571704901231623808e+01
1.891685322729944829e+01 2.851493734229909904e+01 3.046696832704340707e+01 3.472711498859711554e+01 3.735893944329939842e+01 3.473347064510751636e+01 3.506087157102586360e+01 2.834981993020758040e+01 1.818801179769799958e+01 1.962454672579026393e+01 2.673054558882851239e+01 1.964461162116408133e+01 1.841142781335467404e+01 2.324414955689680085e+01 2.022871035912704230e+01 3.003608628755684506e+01 2.212570495413989491e+01 3.268051723682658860e+01 3.535103459323132569e+01 3.647782952552933722e+01 2.820600281145386035e+01 3.898356179027563684e+01 4.459381829165189259e+01 4.782293257382596607e+01 4.493727847922363594e+01 5.478975599437197985e+01 5.544856821704911454e+01 4.619188000306613162e+01 5.080733862849062632e+01 5.520967191029357224e+01 5.284879530814551885e+01 4.273017551528941738e+01 4.273010907679054071e+01 3.267178484065565414e+01 4.273019804654290965e+01 4.859542456359601204e+01 4.564555113080829329e+01
1.576243936926176481e+01 2.338712296357336129e+01 2.056085184695661638e+01 3.040979430142117579e+01 2.695492141902016670e+01 2.390183483792915808e+01 2.825464671136636241e+01 2.723032284903758082e+01 2.510549342157032271e+01 1.560477299946826335e+01 1.646699615153897867e+01 1.732786753373412836e+01 2.274023023584999237e+01 3.017974056457579835e+01 2.082548550450077585e+01 2.103878202213482140e+01 2.308657710621849191e+01 3.379215514588864977e+01 4.184980435203191718e+01 4.315270965611961884e+01 3.898356179027659607e+01 3.099983889695766592e+01 3.419139704713162331e+01 3.761143574753324970e+01 4.493727847922363594e+01 5.478975599437197985e+01 5.053588807716652553e+01 4.621904148844355831e+01 4.081672564647436730e+01 5.090171678214947804e+01 4.991396360796137799e+01 3.975455704006834878e+01 3.267178484065565414e+01 4.087827798181135819e+01 4.379350512109514426e+01 3.840919296810123740e+01 4.564555113080828619e+01
2.338711259743990922e+01 1.388054880572065564e+01 2.177097213260569930e+01 2.522979329526112835e+01 2.296915522185541292e+01 1.723799943897377318e+01 1.861620800822837296e+01 2.107838681436189177e+01 1.456320137822123861e+01 1.918546987616917932e+01 2.624967273211302654e+01 3.017164137801865564e+01 2.916226917828134546e+01 3.047802030068143253e+01 3.429713354362205990e+01 2.397603107173629411e+01 3.378327307666096857e+01 2.694902821076119537e+01 3.773010237149316737e+01 4.635685018254255851e+01 4.392571959086676969e+01 3.348408962444559478e+01 4.098292356999269970e+01 4.782300233192258787e+01 5.185494545585805781e+01 5.321462393955324899e+01 4.661046889288991935e+01 3.648860487834861743e+01 4.661046889294426165e+01 5.272770368649184292e+01 5.284882889157097452e+01 4.273017831928630983e+01 4.087827798050517458e+01 3.094714014643001931e+01 3.369084440693403337e+01 4.379350511905203547e+01 5.273250127654161901e+01
2.119406950758523323e+01 1.801949054963271379e+01 1.235430985102553869e+01 2.177040859738519529e+01 1.283180394454291751e+01 1.321859603994965404e+01 1.365857946282937618e+01 1.365857946282937618e+01 2.421588936199836439e+01 2.668823714327136187e+01 2.692792535319853897e+01 3.628700592382177348e+01 3.982182246663471403e+01 3.802453977182759814e+01 3.844671251325099348e+01 2.771973884794869747e+01 3.845119719286875437e+01 3.773010239349328998e+01 3.167306055324543834e+01 4.223278413533829223e+01 4.649851535675145442e+01 3.620733229321277236e+01 4.649851535675143310e+01 5.504017812803209608e+01 5.615598952722071857e+01 4.622308129365643481e+01 3.903372062383066776e+01 3.402670907943740275e+01 3.813223651689270355e+01 4.544899222671049444e+01 5.469478747111745776e+01 4.462953598577191627e+01 3.749459887724957241e+01 3.934485932488951931e+01 3.094714014643001931e+01 4.087708174049073762e+01 4.409347384592428654e+01
1.251596932101715431e+01 1.191452396432372929e+01 2.136038039214031770e+01 1.235430985102553869e+01 2.220072052658319706e+01 2.347135619244665250e+01 1.894368229296009432e+01 2.421550122655490966e+01 1.494043718464349801e+01 2.246682151098771740e+01 3.293653064186158730e+01 3.507175621316036995e+01 3.928641852348837205e+01 4.772362829559330066e+01 4.268292960009929260e+01 3.404933270153713920e+01 4.269159653742200078e+01 4.588799796268916253e+01 3.554949202653013174e+01 4.588799796268916253e+01 4.969219577553089096e+01 3.959289153350743362e+01 4.468577714047043514e+01 5.456427545644488930e+01 5.582529914050689968e+01 4.592046822591620980e+01 4.235642575367309348e+01 3.238756282712892443e+01 3.106895982656704192e+01 4.105507362062003551e+01 4.826645528533283169e+01 4.210026390784630479e+01 3.794495899044461851e+01 2.949576454209717369e+01 3.934478701601898365e+01 3.580892567948584571e+01 4.166009848440616281e+01
1.137887748634037521e+01 1.252747155762126496e+01 2.230913458252164006e+01 1.479468079930597391e+01 2.489711338927209994e+01 3.261637105999604813e+01 2.607080363254663169e+01 2.641469180572976327e+01 1.595140559689419923e+01 2.641471749442361983e+01 2.770953167700739073e+01 2.465999842499168082e+01 3.507175621316374503e+01 4.199542040826922573e+01 4.624538152805475022e+01 4.447282480194596133e+01 4.865293442687386261e+01 4.995946059289259011e+01 4.165232408359108973e+01 4.995946059289259011e+01 5.318977903292437759e+01 4.329711967665454608e+01 5.318977903292437759e+01 5.855205581592298358e+01 5.425649176278978558e+01 4.592042235251672366e+01 3.583978588570262502e+01 3.905977879691546661e+01 2.920126761320127073e+01 3.409403018658024109e+01 4.118024273596051188e+01 3.794500045733535387e+01 2.811292159153541803e+01 3.794491812168011791e+01 3.402304999972918154e+01 4.409084905977545787e+01 5.009496947434351455e+01
2.253037706930214767e+01 2.386294997928449746e+01 2.699988508051671943e+01 2.492218626963258643e+01 1.917142151414836704e+01 2.916224934233952482e+01 3.620996067035585497e+01 3.067781275683450914e+01 2.337220857718104838e+01 1.743229644483855978e+01 1.743229644483855978e+01 2.770953167700743691e+01 3.447527405229491393e+01 3.163206148544369967e+01 4.203561111866144273e+01 4.931601286200406520e+01 4.973343581491899812e+01 5.354030764512282303e+01 5.167403608325950159e+01 5.569053681867442407e+01 5.318977903292437759e+01 5.036763610442773853e+01 5.716900312119955174e+01 5.951447345357289009e+01 5.021474597105835613e+01 4.014377747542232555e+01 4.592033595965645532e+01 4.322489739132942788e+01 3.702610350153695151e+01 2.716593185937185595e+01 3.702617493563092665e+01 3.660699857711179561e+01 2.811292159153541803e+01 3.500486178487745548e+01 4.409085220621915369e+01 3.980446348362820430e+01 4.569466118100129393e+01
2.114597779090822982e+01 2.907356339991858363e+01 3.325247813032042643e+01 3.342860665911040030e+01 2.413244168774410525e+01 2.621069023799994469e+01 3.637928523789396706e+01 3.798341310211098687e+01 3.115304834258463629e+01 2.082249794586428138e+01 1.743229644483855978e+01 2.758322788288408844e+01 2.423213030708788196e+01 3.475109040465896015e+01 3.508170050763894920e+01 4.219885666044179118e+01 4.016289727980380064e+01 4.807900257979387959e+01 5.247687239619715882e+01 5.643671487283667432e+01 6.279782084998125669e+01 6.000303476585632723e+01 6.110155910275855717e+01 5.141803880230077795e+01 4.560266567462757337e+01 5.021434725896426698e+01 4.901172151238523611e+01 4.006824359373186439e+01 3.024182620899962259e+01 2.716593185937185595e+01 3.528921733786492609e+01 2.673329306410297335e+01 3.656938809313980698e+01 4.209926896235179328e+01 4.919369321440728271e+01 4.994616819258222762e+01 5.407497865362687861e+01
1.553941651577725480e+01 1.924923719158028845e+01 2.615467917605521109e+01 3.620977652669522229e+01 2.989555266097759656e+01 3.637928523789396706e+01 4.065094289679804263e+01 3.722503970350262392e+01 2.670804216327340086e+01 3.115304834255911004e+01 2.770953167691288854e+01 1.891350078853563588e+01 2.911076488824167185e+01 3.492080060363873883e+01 2.750473225207174366e+01 3.703290022565643369e+01 3.413426223959696415e+01 4.367372430894576496e+01 4.276009435510112411e+01 5.085325709772946823e+01 5.477366501763391682e+01 5.873072337842361890e+01 6.510018711010837933e+01 5.951447345357289009e+01 5.551077605058605258e+01 5.195016564116186686e+01 4.195602763471060825e+01 3.500781937188832416e+01 3.873443471362990920e+01 3.452260778213430825e+01 2.533649092066110953e+01 3.528232198566281852e+01 4.068473412827445657e+01 4.359560948410324244e+01 4.792798423304775213e+01 4.604768140390240916e+01 5.019739323952234145e+01
2.273592168040737960e+01 2.808816740260643030e+01 2.907757278516055521e+01 3.908915313610452102e+01 4.016695012624171568e+01 4.441849935067875776e+01 4.562981972616022830e+01 3.533610849823583777e+01 3.722503970350262392e+01 3.472133110715186888e+01 2.423444923140364793e+01 2.911076488824139474e+01 2.037998752059218788e+01 3.065007787607557432e+01 2.232856815524367278e+01 3.279966490402308210e+01 2.928205516112238627e+01 3.973554289466501643e+01 3.679323880928255619e+01 4.686688797214804225e+01 4.518350766676684316e+01 5.477366501821780531e+01 5.842234012866612858e+01 5.617858328155542580e+01 5.997102457651306651e+01 5.194933256707466995e+01 4.195602094627395928e+01 4.399432354595625583e+01 3.259389290728459088e+01 2.454304761704847593e+01 2.454304761704847593e+01 3.346136869051834850e+01 3.538270905584017356e+01 3.327666347811443615e+01 4.014899976447856744e+01 3.580273227531140634e+01 4.174387507522288132e+01
1.406898782976894857e+01 1.976877372802611177e+01 2.671216861118489305e+01 3.678503031706234339e+01 3.907461219055323909e+01 4.209436096702424379e+01 4.695808051070935818e+01 4.562981972616022830e+01 4.210916934654323995e+01 3.166118831090978247e+01 3.470354544524627016e+01 3.208943840478463727e+01 2.188136619523304560e+01 2.232856815524367278e+01 2.232856815524367278e+01 2.394672137442657700e+01 3.458181866972261531e+01 3.056159717955109301e+01 3.421870889098511981e+01 3.802089785700475488e+01 4.799239972329905157e+01 5.553854214994969851e+01 4.880568721948662869e+01 4.657621344397831109e+01 5.450261583048190772e+01 5.607147292177500475e+01 5.194933256707467706e+01 4.309883676854244072e+01 3.195303235620238169e+01 3.459483719273872282e+01 3.349862050554055770e+01 2.344791902541298256e+01 2.567318283233846898e+01 2.786227115626187967e+01 3.021846726204653422e+01 3.446710215407465228e+01 4.173132635793592726e+01
