output/example_1/elevation_000029.asc
nrows	75
cellsize	13.33333333
xllcorner	0
ncols	75
yllcorner	0
NODATA_value	-9999
[rows 51 to 67 of 75, columns 0 to 36 of 75]
1.369999999999999864e-02 2.787201100850042579e+00 5.673954849804085043e+00 9.007326953317425833e+00 1.400824406839693381e+01 2.401848429745384195e+01 2.246951153015406533e+01 1.262106709571001417e+01 1.262106709571001417e+01 1.869414422818222121e+01 2.262192356305993002e+01 1.850608734900412955e+01 1.206835099628483121e+01 2.202700227395743582e+01 1.516833449106559861e+01 5.158256188050059698e+00 1.514644807539060345e+01 2.190447839039008215e+01 1.569908045169000665e+01 1.857764636685368487e+01 2.356433798840289739e+01 1.853578885323520353e+01 9.727389177173151324e+00 1.472263605070663495e+01 1.233094522214967625e+01 3.062886790159894179e+00 9.831428945475122916e+00 1.727268745335518219e+01 2.007004272917379595e+01 1.065668137683678118e+01 2.047681546682124321e+01 2.388072040765954540e+01 2.267182512756781065e+01 1.552209845453566750e+01 1.033073247495119773e+01 1.033073247495119773e+01 2.006782264720034092e+01
1.290000000000000001e-02 1.001289999999996283e+01 1.567311052255612402e+01 1.901272460875073023e+01 2.315938967199288712e+01 2.816431739360839615e+01 2.657433083746053271e+01 1.957036794667209634e+01 1.732661637478608796e+01 2.657433070412719900e+01 3.170363064793931329e+01 2.177829466176955719e+01 1.473870093014091154e+01 2.468535826656381005e+01 1.822642352251829578e+01 9.369859518977669666e+00 7.240817521104152554e+00 1.861059459799713167e+01 2.553669570912903453e+01 2.844780408377628689e+01 2.322038276181603678e+01 1.440342879317293523e+01 1.852150215361278285e+01 1.878754407565239504e+01 1.277825420180468541e+01 3.062886790159894179e+00 3.522607738560253665e+00 1.319354240696836911e+01 1.443863800414052179e+01 7.935121496756195825e+00 1.567761338521622072e+01 1.473240226557553534e+01 1.749141097119312960e+01 9.076010751314900205e+00 1.875473534851667168e+01 1.033073247495119773e+01 1.353750474169470408e+01
1.329999999999999932e-02 1.001329999999996190e+01 1.398336514404321562e+01 1.649606112889598819e+01 1.938439590297275217e+01 2.253970380904460313e+01 2.669520689344889064e+01 2.946866328866316209e+01 2.343659097274968417e+01 3.105499637772841837e+01 2.936450080802254092e+01 1.943854054441078461e+01 2.468535826656381005e+01 2.477192437012765325e+01 1.577111033972109944e+01 1.815672636449240684e+01 8.803967956950888407e+00 1.895528714790350122e+01 2.393370957308080804e+01 3.389020795238143791e+01 2.713907238161088031e+01 1.937949791297029734e+01 2.671891779609537210e+01 1.901885389341903121e+01 6.684694745480205036e+00 3.062886790159894179e+00 1.294462964935514115e+01 4.207528697929617145e+00 4.755203139351387165e+00 5.281589712020045013e+00 5.800812414712881449e+00 1.195168250882477778e+01 7.812753374603418344e+00 1.749228747378136717e+01 2.291948563339282430e+01 1.714372057888427747e+01 2.008758092468005785e+01
1.369999999999999864e-02 2.058609427171328221e+00 4.157881655771552332e+00 6.424744191502433033e+00 9.261757399602210228e+00 1.237674648544401279e+01 1.959415009262355412e+01 2.965089953992672278e+01 3.096870316079948537e+01 3.638189032777287224e+01 2.645780289648712369e+01 2.645780289648712369e+01 3.347539720844225997e+01 2.870505849706633228e+01 2.472715092496392231e+01 2.066678469490305403e+01 1.069267371079284246e+01 1.390632646833240038e+01 2.101936495501547952e+01 3.096955990138089732e+01 3.249238688783800200e+01 2.846712906611140426e+01 2.160406386074426521e+01 1.715791985768993300e+01 1.470510263044955934e+01 4.400717845239713100e+00 1.474300331352849724e+01 1.123573466474626237e+01 5.082391728808473452e+00 7.106925639335378797e+00 1.550144764245596818e+01 6.570761420769040129e+00 1.593023816319924357e+01 1.722088116279082470e+01 2.677559025659061120e+01 2.780887089314133220e+01 3.035834995697760519e+01
1.319999999999999993e-02 1.001319999999996213e+01 1.421586870901193045e+01 1.356867295508014415e+01 1.466648894861677199e+01 2.253970380904459958e+01 1.918913510175243786e+01 2.807723279717814791e+01 3.928981636774898334e+01 4.049299152039742467e+01 3.638189032777287224e+01 3.638189032777287224e+01 3.436599070373381437e+01 2.469731702043223365e+01 1.769677141697028944e+01 1.355363561433775921e+01 2.070193584979636015e+01 2.392048998462787424e+01 2.393370957857347037e+01 3.389020807541290026e+01 3.181867553746628730e+01 2.563989773843783126e+01 1.716285695899779995e+01 6.569854338125674431e+00 6.569854338125674431e+00 1.022125764103810042e+01 1.914692929392066034e+01 2.109357154133747869e+01 1.800617833654067468e+01 8.031109888950373588e+00 1.812788894608071644e+01 1.656713298720575622e+01 7.638228188189910561e+00 1.762719469575875664e+01 2.304361298382291423e+01 2.463478044722215898e+01 3.450571266160660144e+01
1.349999999999999985e-02 7.084567811865461806e+00 1.708456781186539075e+01 2.360014758122583700e+01 2.469537510487889520e+01 2.884037069217279381e+01 2.956205424184052788e+01 3.373075273623898340e+01 3.953709853138943942e+01 3.670328073971776917e+01 3.264153074973354052e+01 3.717964381233315407e+01 3.568104302798570160e+01 2.579639695070698480e+01 2.066179732138103375e+01 2.358920069253475660e+01 1.739500490392366672e+01 2.313155289176860663e+01 3.294715512313468508e+01 3.627957413582197432e+01 2.750913081580711861e+01 1.668382269587349498e+01 1.041169922889516286e+01 8.906845832988443235e+00 1.399199193132838914e+01 2.096049882945582965e+01 2.532625980380769803e+01 2.059035675979717084e+01 1.062006299188960767e+01 1.817310106791150659e+01 2.237491950949669928e+01 1.572958791311063287e+01 1.763090534806945087e+01 8.747860074007549613e+00 1.437046639488071165e+01 2.304131922301801083e+01 3.016761783735285007e+01
1.369999999999999864e-02 1.001369999999996274e+01 1.493915625036343364e+01 1.771265723148965066e+01 2.185479285645852343e+01 2.978372504335612447e+01 3.392586066905078468e+01 3.953709853138942520e+01 2.965366024853796389e+01 2.966554327637797073e+01 2.205329368655169020e+01 3.163640391933948592e+01 3.977356716387637192e+01 3.462532950080486671e+01 2.766051170897177869e+01 3.076581760063033499e+01 2.092326384204333678e+01 2.728594934718534049e+01 3.695460126915722299e+01 3.201508513097199682e+01 2.136002032059960243e+01 1.583071979162000709e+01 2.125877474424925850e+01 1.142049492947785971e+01 1.920443605293903744e+01 2.912804361758931293e+01 2.833254777092389887e+01 1.799472599558058405e+01 1.232697543885079838e+01 2.236399221226830036e+01 3.018415650283202467e+01 2.604563670058967162e+01 1.877647527304880626e+01 8.747860074007549613e+00 8.747860074007549613e+00 1.877329642480568594e+01 2.101809230259922501e+01
1.379999999999999977e-02 2.439156250363331502e+00 4.939156250363335054e+00 7.712657231489484566e+00 1.771265723148966487e+01 1.978372504335502313e+01 2.978372504335610671e+01 3.808989856715859901e+01 3.146730496562942392e+01 2.147252122089841464e+01 1.692048735855603425e+01 2.708192162927831248e+01 3.441412428991059613e+01 3.884413308988239777e+01 3.751110859406572473e+01 3.480324494128165469e+01 2.585843087940646612e+01 3.480324494128161206e+01 4.110429698828976797e+01 3.627957414139775949e+01 3.100471530036999468e+01 2.359047387425076536e+01 2.528445748014307526e+01 1.432099733658691321e+01 2.528445748014317829e+01 3.422283521814878782e+01 3.253417577766385449e+01 2.432216214325098136e+01 1.414287449681944686e+01 2.432216203218059292e+01 3.276464568980361491e+01 2.706400771020391716e+01 1.651662106593852997e+01 1.074607519424198721e+01 1.877647576936813678e+01 9.970976586714003886e+00 1.081705971937057775e+01
1.309999999999999880e-02 1.001309999999996236e+01 1.493915625036326489e+01 1.771265723148964710e+01 1.271265723148949967e+01 2.271265723148983184e+01 3.258107762791492235e+01 2.848284394469219905e+01 2.402963304793005861e+01 2.402963240734335315e+01 1.692048735855603425e+01 2.032371416773003148e+01 2.483517290814047129e+01 3.189861159687883685e+01 4.175644512711481582e+01 3.969532619560949627e+01 3.567320432185420742e+01 3.969532619560947495e+01 3.979917253814659972e+01 4.088292467648420825e+01 3.841895672793437200e+01 3.392683660139141466e+01 2.334212709602093483e+01 1.828897696008471740e+01 2.911041281923252555e+01 3.605452704531143837e+01 2.574400021268516525e+01 1.834019688788850644e+01 2.432216214325098491e+01 1.815111522966924440e+01 2.857298375064257812e+01 3.127789188342613258e+01 2.347033798949968642e+01 1.294610960356083318e+01 2.347033798933699345e+01 2.007990283781340324e+01 1.081705971937057775e+01
1.349999999999999985e-02 4.095982904638622912e+00 9.095982904638605149e+00 1.909598290462883341e+01 2.271265723148978921e+01 2.685479285640393954e+01 2.848284394469215641e+01 1.841276694912070866e+01 2.136222421405290461e+01 1.387244315239564862e+01 2.402963246636632277e+01 3.033580030721101650e+01 3.441412428991059613e+01 3.884423937604633181e+01 3.558169561647242318e+01 3.144903318024604033e+01 3.562137461439846220e+01 3.692038545927339754e+01 2.991967888608823500e+01 3.099971232398582899e+01 4.088292467648422246e+01 3.815160999587043733e+01 3.337214242202239944e+01 2.385516847079822966e+01 3.337214242202218628e+01 3.613181256789081885e+01 2.574705735292701902e+01 2.356760101525539142e+01 3.199191484689590226e+01 2.159815177876844317e+01 3.207771126256155014e+01 3.202542622783748527e+01 2.154762912831387567e+01 1.585375874988735667e+01 2.656593379903952723e+01 2.748921728778982043e+01 1.680759604032054710e+01
1.369999999999999864e-02 1.001369999999996274e+01 1.823811847712961409e+01 1.909598290462241366e+01 2.909598290422193401e+01 2.805623753306724666e+01 2.313734570401863522e+01 1.898658101166994783e+01 1.114419675836965418e+01 2.136222421405294014e+01 2.814779253829474115e+01 3.660572959194980314e+01 4.068435194238065122e+01 3.514045965490173984e+01 3.047495137015478051e+01 2.135629332990084706e+01 3.053658037339262776e+01 3.281154899064964781e+01 2.285050475931864611e+01 3.281331558208667332e+01 3.773549821498890822e+01 4.339552113348204898e+01 3.857714831064946992e+01 3.436565716766681078e+01 3.857714831064468797e+01 4.035886623780303495e+01 3.612366917732197180e+01 2.966603251220958626e+01 3.618781808912834919e+01 2.693954411504961399e+01 3.528015588792974455e+01 3.618955104096301767e+01 2.663205156236909943e+01 1.969912292748293225e+01 3.026968677638138416e+01 3.148126336798282665e+01 2.091650430495608504e+01
1.290000000000000001e-02 7.083967811865485409e+00 1.708396781186555202e+01 2.437627009079857743e+01 2.475711306207882245e+01 2.091907832815127222e+01 1.378191912321560508e+01 8.761346250068509534e+00 1.898658101167028889e+01 2.549692228840942576e+01 2.959340873457987442e+01 2.668881056768270810e+01 3.660572970331211451e+01 3.102802151917919105e+01 2.095539998042542251e+01 1.624324682987130331e+01 2.638489084239193261e+01 2.588881467445404638e+01 1.946597354376769218e+01 2.391634119038511130e+01 2.953135305036861524e+01 3.928754134779913443e+01 3.701741690426028697e+01 3.265883234579004579e+01 3.404349064601095876e+01 3.839075782890233768e+01 4.388062614419533958e+01 3.982519443309117690e+01 4.156998779086233498e+01 3.739140288150665015e+01 4.137805700492589267e+01 4.150922634213959839e+01 3.441213729364994833e+01 2.516512665290777662e+01 3.441213729364994833e+01 3.562916497335500310e+01 2.717206888061679493e+01
1.359999999999999924e-02 1.001359988238688814e+01 1.527856744441608150e+01 1.415386921524468811e+01 1.466457641258516098e+01 1.467685309662824977e+01 6.573219587556504706e+00 1.675525179418461974e+01 2.313734570404258051e+01 2.461552591382803357e+01 1.963435857655952077e+01 2.957643540787614000e+01 3.396239767579049129e+01 2.988234785231596646e+01 2.280440568482449848e+01 1.274059894101519319e+01 2.280440097029253366e+01 1.577683931773565718e+01 2.164392209567141023e+01 3.168753251821480532e+01 3.730679708651535975e+01 3.400596611921402257e+01 3.093685747239450734e+01 2.212314894552314115e+01 2.348293850904060065e+01 3.404349032557228583e+01 4.000738707751623480e+01 4.381103241200477072e+01 4.385465124267081904e+01 4.304844335091451768e+01 3.886989698623750655e+01 4.304875401355722886e+01 3.946949534451801611e+01 3.537424689985541448e+01 3.946949534711468033e+01 4.146369821854557358e+01 3.736781345606338789e+01
1.379999999999999977e-02 1.001379999999996251e+01 4.293091273672643204e+00 1.061705014706984507e+01 1.341731276603450063e+01 4.362580827084658885e+00 1.467685309443633912e+01 2.091904482979052560e+01 2.053692217285631827e+01 1.462278175249744905e+01 2.461552591382803357e+01 3.368656166105031247e+01 2.826588713927259278e+01 1.990013844090590567e+01 2.466928369158380718e+01 2.051093722259739849e+01 1.274059894101519319e+01 2.280440097029253366e+01 3.002276732511661095e+01 3.580331545537743665e+01 3.102555521183911225e+01 2.210987126174833861e+01 2.657605269854928309e+01 1.636546524996677832e+01 2.655862831869485774e+01 3.366748962562746783e+01 3.012286584093208575e+01 3.822282532627690443e+01 3.363653140348534265e+01 3.551164509347890430e+01 2.861548210324278330e+01 3.794568661521019948e+01 4.360337107077713625e+01 4.457140556577947876e+01 4.069479308055204569e+01 4.191139014088216186e+01 4.578670820905333727e+01
1.349999999999999985e-02 3.861779962483498641e-01 7.591150665044092971e-01 1.047348639248758495e+01 2.186768793570104119e+00 8.453047641688193892e+00 8.902443832157000969e+00 1.998893222845082107e+01 1.064105045981419728e+01 2.053692217285631827e+01 2.872586502871630998e+01 2.787733851520641792e+01 2.417473272786469352e+01 1.413059818296555825e+01 1.837288799357404656e+01 1.063062899939189165e+01 2.051093722259739849e+01 2.695792763314338458e+01 2.904470821930543778e+01 2.939027436443097585e+01 2.637572928618166657e+01 1.570622705403466313e+01 1.990515417983130675e+01 1.361331016670138183e+01 2.070803721247255424e+01 2.821936101526252472e+01 2.365008916273259487e+01 3.430055454731712672e+01 2.645590511430054903e+01 2.534505842829405609e+01 2.360296881844513095e+01 3.374268055768786922e+01 3.395361313394507619e+01 3.905507082606469993e+01 3.105920021516204343e+01 3.232343344840855082e+01 4.191139014088219739e+01
1.359999999999999924e-02 1.001359999999996298e+01 1.044985639339973638e+01 1.289486519600005598e+00 1.681233346109753723e+00 1.165087763732640802e+01 1.630807566739090220e+01 1.512515347465925863e+01 8.434212222430840455e+00 1.715271611747276381e+01 2.016609805530605115e+01 1.894055920710135865e+01 1.944605207721340179e+01 1.817236602764543107e+01 8.709378728202421982e+00 1.800278684252694106e+01 2.126818170491342741e+01 2.330781537394803493e+01 1.846346672872006778e+01 2.042867015483887272e+01 2.449393480929843392e+01 1.977179571457531893e+01 1.087262054111283938e+01 1.915979141766985805e+01 2.361795198335183699e+01 1.720150875989951089e+01 2.457012963088014246e+01 2.849944339785957226e+01 2.823809057718592541e+01 1.836579631529265200e+01 2.794146248103880481e+01 2.879226052949567460e+01 2.695755182511530279e+01 3.073164573497215812e+01 2.529290308899801687e+01 3.513168094590284340e+01 4.128552043994347542e+01
1.290000000000000001e-02 1.001167727738623547e+01 1.543619953780752319e+01 8.513623232214381886e+00 1.135479767299410803e+01 2.231031086623833648e+00 1.220559952346343557e+01 7.090591061602821377e+00 1.347512092521335347e+01 5.795902673644323322e+00 1.215131994406996085e+01 1.438639702782630359e+01 1.001465171821412348e+01 1.457631350876790854e+01 7.420146052638456169e+00 1.362198599942659349e+01 1.028231922042800228e+01 1.640765490418527150e+01 1.195848701593512331e+01 1.678524937010037732e+01 1.579663715321372663e+01 9.499518587712577400e+00 9.957530358073764631e+00 1.039246857590160822e+01 2.000998101357037129e+01 1.412187798640755432e+01 1.625016694761524505e+01 2.213893984909639912e+01 2.251053524824818552e+01 1.585936850995390834e+01 2.305379418779141787e+01 1.889975219449764410e+01 2.683102534490150148e+01 2.086620593370775367e+01 3.073100823264263326e+01 3.225286089013265922e+01 3.510790629542054120e+01
