output/example_1/elevation_000040.asc
nrows	75
cellsize	13.33333333
xllcorner	0
ncols	75
yllcorner	0
NODATA_value	-9999
[rows 17 to 33 of 75, columns 0 to 36 of 75]
1.309999999999999880e-02 4.095610869434615608e+00 9.872304086634501985e+00 1.996582937605009889e+01 2.699688676771651075e+01 2.783007898900287103e+01 3.141994750946958703e+01 3.289912479082141772e+01 2.743554845757943994e+01 1.888432195498525346e+01 2.179287136481399756e+01 1.882159266596935865e+01 1.903848664121493073e+01 1.469040098945700201e+01 6.959860486065547747e+00 1.507583001353219387e+01 2.719351750220755193e+01 3.249807051974051575e+01 2.935856350799354431e+01 2.225041729447497474e+01 1.794631196287347308e+01 2.795980793180815382e+01 2.513986070936092432e+01 2.815803618734827651e+01 3.174375667972846671e+01 3.768413052297363208e+01 4.794824838465319061e+01 4.644568478391862953e+01 4.561608280453670972e+01 3.840920426450292524e+01 4.561608376444406332e+01 5.011563706650741779e+01 4.315415231969399912e+01 4.467263009427682618e+01 5.370492199187808779e+01 4.287006840174995403e+01 3.326293771306541203e+01
1.379999999999999977e-02 1.001379999999976711e+01 1.827461753951419610e+01 2.381142850010446921e+01 1.663134465396791128e+01 2.382679725975293650e+01 2.844783701818485255e+01 3.435569204332076509e+01 3.151564103947739781e+01 2.763177211543389333e+01 2.765928152203009205e+01 2.377520333219051807e+01 2.159716648897814295e+01 1.752435323493430630e+01 7.664780456249194351e+00 1.667059131131555105e+01 2.287063989645732320e+01 2.297380831172621640e+01 2.309395954862423395e+01 1.516958661574549438e+01 2.518260649675236706e+01 3.216934349686344063e+01 3.530373039714032757e+01 3.838825847409353287e+01 4.202225717421846696e+01 4.623196346553938696e+01 5.212909587722029414e+01 5.330232977425226437e+01 5.031911973586185383e+01 4.860975764548639688e+01 5.220395674241135708e+01 4.227210888700859215e+01 3.623409395140854627e+01 4.396402645506282880e+01 4.808705277623773355e+01 4.828608975261752789e+01 4.231802130318085631e+01
1.379999999999999977e-02 1.001379067852353089e+01 1.372426039431958067e+01 1.600585159941788405e+01 9.517883577901251613e+00 1.399247034324586814e+01 1.980025293416644061e+01 3.029818766917082229e+01 3.566811430441563147e+01 3.102451223274155012e+01 2.381497909706867944e+01 1.455621920904030731e+01 1.239336824874502696e+01 1.039685450361310082e+01 1.766373807788833972e+01 8.743419924637350960e+00 1.852969360766091711e+01 2.109736815987781000e+01 1.292847738120115331e+01 2.309395954862423395e+01 1.881538699792492864e+01 2.884481249330087493e+01 3.636701941367936541e+01 4.059097655117020764e+01 4.570580099692322307e+01 4.908318659905185655e+01 4.486830674074038683e+01 4.310802477838402780e+01 4.012109144743647704e+01 4.731243685488848882e+01 4.969095574180308006e+01 4.227233961354527736e+01 3.236800853299643421e+01 3.394159916637012486e+01 4.231320540683644538e+01 4.500156958102891736e+01 4.913418880362090135e+01
1.290000000000000001e-02 1.614181538055117437e+00 3.746188713868455533e+00 5.982257002989459949e+00 1.600585160002579954e+01 1.529884759170426278e+01 2.110821156425500789e+01 3.145720621788531446e+01 3.155040681084310350e+01 2.245290826899802283e+01 1.795066208887554993e+01 2.381497909656900802e+01 1.909891508877338495e+01 1.990297884957269403e+01 2.252697870479200759e+01 1.862543461659578625e+01 8.743419924637350960e+00 1.045345741926042038e+01 2.109837041879930197e+01 2.728326989788025969e+01 2.884481249330087493e+01 2.286235143792765001e+01 2.618226148090997540e+01 3.123889281712318322e+01 4.149514601031881966e+01 4.486830674074038683e+01 3.468752817599906280e+01 3.766940917985314030e+01 3.293315978507760633e+01 4.310802465885987544e+01 3.949494762468835063e+01 4.638025034000319380e+01 3.817770651271541738e+01 2.817361067544124253e+01 3.788581350066171183e+01 3.493702650462582682e+01 4.500328259214581550e+01
1.290000000000000001e-02 1.001289999999996283e+01 5.149719339778635607e+00 1.515379364302627785e+01 2.019275135768445750e+01 2.545237737848586690e+01 2.978091964717858176e+01 3.592511070936242845e+01 3.553088548552847215e+01 2.987282112990087413e+01 2.085122576074056155e+01 2.987282113120326699e+01 2.835036006385602647e+01 2.760261071636382724e+01 2.126843173781393048e+01 1.069337197814789953e+01 8.743419924637350960e+00 1.970052072187366576e+01 2.109828053800739767e+01 3.120070591627467849e+01 3.719480980854410035e+01 3.297210010273732195e+01 3.636701941367936541e+01 4.059097657474854515e+01 4.570580107137609360e+01 4.486830674074038683e+01 3.468752817599906280e+01 2.749318259497117722e+01 3.395360408774967453e+01 3.528410021320351575e+01 3.221492368083411151e+01 4.248127326291722738e+01 3.580033503754060575e+01 2.574996824672868101e+01 2.776671441344067759e+01 3.788581350066171183e+01 4.289010358863630756e+01
1.309999999999999880e-02 1.001309999999996236e+01 1.515379364302627785e+01 9.072105709249846939e+00 1.907870818282269099e+01 2.709680873419295466e+01 3.125096789028516397e+01 3.703994473162956069e+01 3.660435294429755970e+01 2.708452935922075255e+01 2.708452935921994964e+01 3.396696713238652876e+01 2.988517069095529521e+01 2.344285481411588634e+01 1.339270789643804704e+01 2.126846957680471206e+01 1.970018573833291597e+01 1.100444742558782352e+01 1.858793402392489114e+01 2.871988436412020818e+01 3.865258067015456334e+01 3.440351281903088676e+01 3.766792615605071859e+01 3.766792615603684879e+01 4.800887000446266484e+01 4.703281693408822406e+01 3.684503770311398085e+01 2.965253629675667213e+01 2.375173254898954767e+01 2.503434494813616240e+01 3.112402356203110543e+01 4.131033838107263279e+01 3.353664291616293980e+01 2.343880851198354520e+01 2.390747470445637290e+01 2.861495723508106437e+01 3.873239929342170029e+01
1.349999999999999985e-02 7.084567811865461806e+00 1.708456781186539075e+01 1.907870818282269099e+01 1.354474533974774175e+01 1.708128794837293896e+01 2.286026739774430183e+01 3.288407417595684734e+01 4.084940642749804596e+01 3.660435294369900561e+01 3.660435292395118267e+01 3.243652409906920298e+01 2.579002521370609813e+01 1.587279463379429956e+01 2.347588755033286034e+01 2.762521122173203025e+01 2.285562707123783710e+01 1.264188511828797878e+01 2.285569639804153752e+01 2.894378123040930362e+01 3.039163557164398100e+01 2.417519263400845020e+01 2.734494478683339480e+01 3.462271856842450291e+01 4.501970761433935309e+01 4.703281567451866607e+01 3.684503770101188991e+01 2.965253629675358482e+01 3.112412647161821155e+01 2.089082690112877216e+01 2.874715813082513804e+01 3.296768576565109043e+01 3.234604077149467827e+01 2.816164856254187043e+01 2.030852655695410647e+01 2.750591876531136037e+01 3.763129016297693141e+01
1.349999999999999985e-02 1.001349999999996321e+01 1.769126953641937661e+01 2.216340550977740520e+01 2.355578407131753593e+01 2.709680873419295466e+01 3.125096789028516397e+01 3.352485199709600749e+01 3.352485199951869532e+01 3.767032370839600475e+01 3.534319315804172135e+01 2.539144741152139773e+01 1.844350113276695780e+01 2.578959701161267759e+01 2.578995705651643533e+01 3.578419927033458947e+01 2.707908739167119450e+01 2.285569703072345504e+01 1.469191441532406017e+01 2.472504075777919041e+01 2.027775070220124221e+01 3.039163557164398100e+01 3.766792615605071859e+01 3.576326686715156455e+01 4.614268812550416499e+01 5.001796335173842323e+01 3.982896878422906184e+01 3.982896872850949421e+01 3.533901454360756134e+01 2.874728033300695174e+01 1.851256890990698523e+01 2.874676662003438210e+01 2.601218906303309808e+01 1.798820611129757552e+01 2.816164587386306550e+01 2.861496009656789496e+01 3.873254118321537476e+01
1.359999999999999924e-02 3.549133905932739363e+00 8.021269860932333629e+00 1.509233767279783223e+01 2.509233767300872842e+01 3.145239238658561476e+01 2.852084215511857934e+01 2.351683231467287527e+01 2.351683231467296764e+01 3.352485199951869532e+01 3.644030092212760508e+01 2.647815917989391821e+01 2.830615495497935186e+01 2.140124906217063128e+01 3.121973764317638000e+01 3.848329087744454569e+01 3.066242174718799873e+01 2.046621527394684392e+01 2.474368696835409409e+01 1.677311564095586860e+01 1.933338505520161377e+01 2.942669894929747798e+01 3.788534379230343774e+01 4.306423271755151916e+01 5.030484627308901935e+01 4.252932210905044741e+01 3.828121504393432417e+01 3.948072473439636099e+01 2.929115536590297353e+01 2.206330891092112267e+01 1.695249409503390936e+01 2.508215566146396824e+01 1.585412213601898479e+01 2.598450586925814321e+01 2.815564856225700652e+01 3.824825201825324683e+01 4.289132259499670141e+01
1.369999999999999864e-02 1.001369999999996274e+01 1.769126953641937661e+01 2.216340549787712888e+01 2.389312803980472566e+01 2.144606588956526849e+01 1.851559761121396264e+01 1.644401836843033493e+01 2.644811341340616906e+01 3.103518875533068311e+01 3.518111472078669522e+01 3.644030092212760508e+01 3.532279876870690316e+01 3.121973755924668836e+01 2.464513191967391137e+01 3.441566891623501334e+01 3.498107701151719340e+01 2.628085110638522082e+01 2.946020922366329131e+01 1.933349033444244824e+01 2.942667402805088983e+01 2.338219237244529936e+01 2.841612280533225743e+01 3.877746046824984205e+01 4.173836145173684997e+01 3.663552254537908937e+01 2.809252053181747399e+01 3.663552254537908937e+01 3.649664554903678493e+01 3.139200109437161146e+01 2.508526358580729365e+01 1.490837756094935784e+01 1.440626447313647773e+01 2.438178155548143522e+01 3.257392211738364551e+01 3.640292910209281274e+01 4.061095765313782380e+01
1.290000000000000001e-02 1.001289999999996283e+01 1.927245996225466129e+01 1.512959581554402355e+01 1.389070985580103290e+01 1.861702997011418859e+01 1.144391347586534557e+01 1.433066795024247142e+01 1.749297232329740481e+01 2.102867577503089436e+01 2.680421895377600450e+01 3.681480098689917213e+01 4.377428004188539745e+01 3.401209743760315263e+01 2.714866491346631960e+01 3.671463268518891709e+01 4.120541103443207476e+01 3.682016533116372869e+01 3.233341218341850976e+01 2.207768663685599364e+01 3.233341218341850976e+01 2.841612280533225743e+01 3.359679163719255968e+01 4.306423271755152626e+01 3.749218557356125814e+01 2.730535347578435079e+01 2.221797202329851473e+01 2.805766288394399410e+01 3.154074882848605910e+01 3.526674632611331361e+01 2.508127018954436949e+01 2.310919067569212260e+01 1.299653830645294228e+01 1.876031673229766028e+01 2.859844159798031171e+01 2.644931653573733854e+01 3.640292910209281274e+01
1.379999999999999977e-02 1.001379878923562394e+01 1.283496698286486293e+01 5.129124543899494348e+00 6.819433053770516118e+00 8.615486076045709041e+00 1.569258303208057548e+01 2.433368947599320009e+01 2.749735216313010255e+01 3.103518875533068311e+01 3.518111472078672364e+01 4.096031792572546237e+01 4.377063061143851286e+01 3.401202256449743544e+01 3.687137479223096648e+01 3.267253095058727297e+01 4.191736742293736739e+01 4.236942369288018284e+01 3.075900359239213699e+01 2.585404166181331576e+01 3.622261367968607715e+01 3.571792077036027280e+01 4.306423288153668949e+01 4.823882580489885896e+01 4.173836145173684997e+01 3.663552254537908937e+01 2.805766288394399410e+01 1.794967321179181141e+01 2.139517802495263155e+01 2.858619974694833843e+01 2.924264413360544879e+01 1.914658782574965912e+01 1.207080688918369660e+01 1.555889462836288217e+01 1.936936736672451786e+01 2.644931653573733854e+01 3.640292910209281274e+01
1.359999999999999924e-02 1.001359999999996298e+01 2.834967205045917815e+00 1.283496718841690409e+01 1.682025690728635325e+01 1.861702769399784785e+01 2.276100160637908942e+01 2.995897719067489717e+01 3.407878550009302643e+01 3.235505073630552886e+01 3.649378243141051570e+01 4.148856172913109930e+01 4.778080224967383316e+01 4.376628101491981226e+01 4.592153113142216370e+01 4.146456229785092518e+01 4.142244698149991677e+01 4.644434070034288453e+01 4.055247942143082440e+01 3.178353049393108165e+01 4.055247942143082440e+01 4.616384270417139390e+01 4.545000559392423867e+01 4.128657163622725790e+01 4.545000559392423867e+01 3.911582447373497473e+01 3.228846750194871618e+01 2.436674691429931983e+01 1.452220230835978931e+01 2.168740123922728102e+01 2.381548975742078866e+01 1.992316280027544906e+01 1.121534437955734020e+01 2.076225294044714786e+01 2.600240717017356218e+01 2.955084491916892375e+01 3.380786489602647293e+01
1.359999999999999924e-02 1.168300538379251075e+00 1.116830071003051650e+01 5.374969743694953728e+00 7.264792104808195816e+00 1.726353211753163563e+01 2.215963161261500858e+01 2.451376904028072445e+01 2.408837653700974712e+01 2.236379438611382042e+01 2.736119248133604032e+01 3.442350660078096070e+01 4.441145511780438682e+01 4.306083331827787930e+01 4.354933434857203167e+01 4.763200314263047375e+01 4.987820751523501173e+01 5.074418396755620364e+01 4.660215955024887791e+01 4.228651408163047165e+01 4.249601136205001239e+01 3.832830681401780737e+01 4.041033239739077487e+01 3.119565709531903863e+01 4.041033239739078908e+01 3.487428587782205369e+01 2.469023141336255378e+01 1.965076390931563921e+01 2.168740123922728102e+01 1.227587307393455873e+01 1.832508123265417410e+01 1.004664980710134792e+01 1.992314097552923258e+01 2.184837818944675902e+01 1.611514372689831376e+01 1.932952281032907749e+01 2.440246918235147433e+01
1.319999999999999993e-02 1.001319999999996213e+01 1.531048790160262740e+01 1.244589607953618859e+01 1.726353211752255490e+01 1.009321899754498553e+01 1.222522553094666975e+01 1.451938014329169135e+01 1.701936726379124210e+01 2.201874919629654315e+01 2.908489893201771181e+01 3.907267206818506367e+01 4.004805340383238388e+01 3.284810573549738422e+01 3.296589803954162790e+01 4.354985544016437160e+01 4.629959161035026938e+01 3.941961170005243531e+01 4.110746358947252332e+01 4.529256282258420896e+01 3.832830681451917343e+01 2.817056982483684280e+01 3.114570210773011283e+01 2.605028984944473081e+01 3.624111436596225388e+01 3.911582447373497473e+01 3.401560713592148488e+01 2.978225864559229663e+01 2.587958747418296213e+01 1.929927916133024723e+01 1.033482239844355277e+01 9.254437431794388047e+00 1.823365769706413886e+01 1.235971858500366238e+01 2.184841573817640281e+01 2.955084498122903369e+01 3.380786463642318296e+01
1.019999999999999900e-02 7.081267811865462392e+00 1.708126781186539134e+01 2.244421722487991389e+01 2.422891303573569033e+01 2.009055422663674761e+01 2.222228251698541612e+01 2.451571649754563964e+01 2.701449957547026060e+01 3.115314894357421593e+01 3.614891805267074432e+01 3.540140209554776618e+01 3.121773391239527484e+01 2.562504932272009839e+01 3.284778759460210296e+01 4.304672814199329878e+01 4.203969728909010684e+01 3.152938680311419262e+01 3.087780591610759728e+01 3.940776307555770330e+01 3.583980541774529627e+01 3.114570210773011283e+01 2.079627940738515335e+01 3.114570210773011283e+01 3.934290760079482396e+01 3.828788344382123654e+01 3.533893769649329641e+01 3.263685641771071033e+01 2.251818509981449523e+01 1.570633246731429367e+01 1.875489649658462099e+01 8.466143565229208079e+00 9.472249223543723673e+00 1.770827998056082109e+01 2.456863977134793586e+01 2.909246432996499365e+01 3.506857475796356738e+01
7.249999999999999500e-03 7.079308377006182873e+00 1.710692002866587913e+01 1.907401426196205563e+01 2.308998492646476564e+01 2.773296301469229874e+01 2.365922204833689690e+01 2.489610546824824056e+01 2.902854568479529362e+01 2.779013613951384087e+01 3.192284643689860602e+01 3.121773391239527484e+01 2.109451230850317671e+01 3.121773391239527484e+01 3.726825687386813968e+01 4.308378973107985388e+01 4.242170352847970349e+01 3.221060706876446744e+01 2.483777064772381493e+01 3.092417938500995689e+01 2.556824508243495941e+01 2.855834643266226180e+01 1.817291332591735653e+01 2.492375462702600331e+01 3.213333111391041541e+01 2.818764900319496647e+01 2.522548823798544504e+01 3.236684955834553534e+01 2.969634444438117882e+01 2.548187531222844626e+01 2.385558038675546655e+01 1.528297101466469954e+01 7.480670742886132096e+00 1.097491060259116935e+01 1.482077321226865507e+01 2.043053025894311858e+01 3.078654098161097252e+01
