output/example_1/elevation_000355.asc
nrows	75
cellsize	13.33333333
xllcorner	0
ncols	75
yllcorner	0
NODATA_value	-9999
[rows 0 to 16 of 75, columns 0 to 36 of 75]
1.369999999999999864e-02 4.096182904638636657e+00 9.096182904638652644e+00 1.616725071650417433e+01 2.616725071650424184e+01 3.173165739791123130e+01 3.281695774862757986e+01 3.694993923208543407e+01 3.436838224678442799e+01 3.505316410420439155e+01 3.070581054961789036e+01 3.505316410420439155e+01 4.099664353411392881e+01 4.347723485687959766e+01 4.341263276035560637e+01 3.924208197196108472e+01 4.341263725606677326e+01 4.846002971650946023e+01 4.519617544072601589e+01 4.103990657825386990e+01 3.929072546932166432e+01 3.515411515096587891e+01 3.942640001438285680e+01 4.551245968029293465e+01 4.128096882101591092e+01 4.128096882101591092e+01 4.128096882101591092e+01 4.551245968029293465e+01 5.285938462078739519e+01 4.874507456309252262e+01 4.874507456309252262e+01 4.781341150732517065e+01 4.781341150732517065e+01 5.192913642260575813e+01 5.156264742312674088e+01 4.751705094753333469e+01 4.661365614555224823e+01
1.279999999999999888e-02 1.001279999999996306e+01 1.823831852836914535e+01 2.323831852837000156e+01 2.642694154494235192e+01 2.180744276838363760e+01 2.289311972745926127e+01 3.133943629888465665e+01 2.410644990693429790e+01 2.977907325031187469e+01 2.013578247467898308e+01 2.960680645777018682e+01 3.111309747508141399e+01 3.334193901320796272e+01 3.443135716268431423e+01 2.903699357700833161e+01 3.418384797215395565e+01 4.430031597176820668e+01 4.103990657825386990e+01 3.079183071348260015e+01 3.359513030047822468e+01 2.545287121074501613e+01 3.455472150062824710e+01 4.128096882101591092e+01 3.103096196517326533e+01 3.103096196517326533e+01 3.103096196517326533e+01 4.128096882101591092e+01 4.874507456309252262e+01 3.876541444374839074e+01 3.876541444374839074e+01 3.783153725757964736e+01 3.783153725757964736e+01 4.781341150732517065e+01 4.598658981762294218e+01 3.790415151327592014e+01 3.700219067681216956e+01
1.299999999999999940e-02 7.084456692055942639e+00 1.710173272392462351e+01 2.321238903554393218e+01 1.645664710243976003e+01 1.472900544417872304e+01 2.471417793542153518e+01 2.711210029665443599e+01 1.704791023637256231e+01 2.074694761704443380e+01 1.523584354764268056e+01 2.091964337809785590e+01 2.805052966069822773e+01 2.604014434884368612e+01 2.411269464874366975e+01 3.443135716268431423e+01 4.341263725606677326e+01 4.846002971650946023e+01 4.103990657825386279e+01 3.079183071348260015e+01 2.370026013955224187e+01 2.074777621705629471e+01 3.058951963326240886e+01 3.430073756085790393e+01 3.007982753388527897e+01 2.395416311354555816e+01 3.103096196517326533e+01 4.128096882101591092e+01 4.874507456309252262e+01 3.876541444374839074e+01 3.168147832843023792e+01 3.074344086245865171e+01 3.697108618590942086e+01 4.695908100846492061e+01 4.196704087147202955e+01 3.235177900744266566e+01 3.019598512007108937e+01
1.369999999999999864e-02 7.109306357862138270e+00 1.729792729737204482e+01 1.857925555457996580e+01 9.365595720554363623e+00 1.937671500087049736e+01 2.207530670045260734e+01 1.839679986045686988e+01 1.884926387443039530e+01 1.107472327858310379e+01 2.010701118307836310e+01 2.479351511618694559e+01 1.778423259001927192e+01 2.002116547308447636e+01 3.038404475717025477e+01 3.862075507854574141e+01 3.701346135914030810e+01 4.119322537294139153e+01 4.400555635373260799e+01 3.379342264015991049e+01 2.760761190445345292e+01 2.074777621705629471e+01 2.745731270132264257e+01 2.690114010796792954e+01 2.028245182331474794e+01 2.579763790277055335e+01 3.292460198931674142e+01 4.318354521774789134e+01 4.301428647498700997e+01 3.800720017765400627e+01 3.386910375496854897e+01 2.691951429293706610e+01 3.404279036686961035e+01 4.404061766687571833e+01 4.321548994050376535e+01 3.359908789844162413e+01 2.674398492334515964e+01
1.290000000000000001e-02 1.001289999999688796e+01 1.188822620805687791e+01 1.268585717552823056e+01 6.591020615775700975e+00 1.482090694328023694e+01 1.550629196183699854e+01 7.840372480166574398e+00 9.179354402172375416e+00 1.884926387148873062e+01 1.331108385128191429e+01 1.491338740829846188e+01 2.195067644029768417e+01 3.038404473901976033e+01 3.459694976528756172e+01 3.535763304994287637e+01 2.689900183469226747e+01 3.535763304994287637e+01 3.978762036433150939e+01 4.189511359349460662e+01 3.242895770183437776e+01 2.250214298604236873e+01 1.789182003460184944e+01 1.736356910373597984e+01 2.690113956904168546e+01 3.272288141811189632e+01 3.721817016472368067e+01 4.311311390777214569e+01 3.888609931222148219e+01 2.885210819817283934e+01 2.378258000949247020e+01 3.122025284880666973e+01 3.535873874876284617e+01 4.113780518395479646e+01 4.105915648262148920e+01 3.143086065722619793e+01 2.458694704534194386e+01
1.299999999999999940e-02 9.708262852211502203e-01 1.933076733870525032e+00 2.918406012034814978e+00 3.918406012034784336e+00 5.016045142165253878e+00 6.141073182180584844e+00 1.303346284104158848e+01 1.188811592732330347e+01 2.114697280587172301e+01 2.334764412706334369e+01 1.924759464593928726e+01 2.917269069388688507e+01 3.639470146185706056e+01 3.687089464665363181e+01 3.117387542698673997e+01 2.106540829230299749e+01 2.549864090840333830e+01 3.560522675930695868e+01 4.255941421349617571e+01 3.242858090405181315e+01 3.157260316387029064e+01 2.482547216989646088e+01 1.538481385267150081e+01 1.885396420075704071e+01 2.300332187940243855e+01 2.867421829530212918e+01 3.887702995758566260e+01 4.301428621797345642e+01 3.800719955338227862e+01 3.122025284877563323e+01 2.111957072291063753e+01 2.697049277068625983e+01 3.702168748208806193e+01 4.017531067043751847e+01 3.237552917615540338e+01 2.282373438805310428e+01
1.299999999999999940e-02 1.001299999999996260e+01 7.706542233261475694e+00 1.291899100813867385e+01 1.099192390372719430e+01 1.193598965059831052e+01 1.303243608992497116e+01 1.227127015849593406e+01 2.114697280436100968e+01 1.644838330796844872e+01 2.582148914772636772e+01 2.950388434097908430e+01 2.762898990959098811e+01 3.784620788224173538e+01 3.268770672850334336e+01 2.260243499821211088e+01 1.730693355316821425e+01 2.735323396719163114e+01 3.440629635525054653e+01 3.762290899423180690e+01 3.239673691752089013e+01 2.799414036351232937e+01 2.356756327831730857e+01 1.412754444834498280e+01 2.075649167610388446e+01 3.054140095705309932e+01 3.468638324330216705e+01 3.888788199796542244e+01 4.243112749441418430e+01 3.241621295379709977e+01 2.528148231712090421e+01 1.944154724401661127e+01 2.659078303433997092e+01 3.665186508254746656e+01 3.617393409237514135e+01 2.657436101346939594e+01 2.126096785594145899e+01
1.290000000000000001e-02 1.001289956491347866e+01 1.770588046858771492e+01 2.184753482700460481e+01 2.100790558321435242e+01 2.179524201106006132e+01 2.290209324859318585e+01 1.905198339032954991e+01 2.193472565150940312e+01 2.301345456066130524e+01 2.301345456066130524e+01 3.260068433143158018e+01 3.784620788224173538e+01 3.545140713430353685e+01 2.997722484040554036e+01 2.436673012589764298e+01 1.448797514541832321e+01 2.018282622387485503e+01 3.022648255836159592e+01 3.329312464731561505e+01 2.288979501335272815e+01 1.837274763802689037e+01 1.564079996365363101e+01 1.293922276339293909e+01 2.241560689657207917e+01 2.761114396489250922e+01 2.468049377042162007e+01 3.468638374188822127e+01 3.576306504688788834e+01 3.161870608191974696e+01 2.797901180153023404e+01 1.789699117881930945e+01 2.503065023645238085e+01 3.509697464531949862e+01 3.677109841996644235e+01 2.903902810129089929e+01 1.992082581127764485e+01
1.349999999999999985e-02 1.001349999999996321e+01 1.423095130390814944e+01 1.673095130366790784e+01 1.940356372241679139e+01 2.293909762736729974e+01 2.702158052989220138e+01 2.889359104629791375e+01 3.182477543147640020e+01 3.260068433143158018e+01 3.260068433143158018e+01 3.665528603885685754e+01 3.933332353641920776e+01 3.118109060322290560e+01 2.176528886897224169e+01 1.633758629324912448e+01 1.235625291255785996e+01 2.215139223641621768e+01 2.992168553899623618e+01 3.762290484706371529e+01 3.241396417176530065e+01 2.803130977304699556e+01 2.126108981271367426e+01 1.181579623025961112e+01 2.126097047722852551e+01 1.791014831509656702e+01 2.468049372770536820e+01 3.468634981150696461e+01 3.161870607127505295e+01 2.155094200744763455e+01 2.449972203097275880e+01 1.642946874338174723e+01 2.223345449456722278e+01 3.231046189362036358e+01 3.297302445787203595e+01 2.364852816425440807e+01 1.861276804087350456e+01
1.379999999999999977e-02 2.098944140570746075e+00 4.230951304126847390e+00 6.730951304126843837e+00 9.403563723251078699e+00 1.293909762918380402e+01 1.702158053382240865e+01 2.409264834568618596e+01 3.409264833227341285e+01 3.528969869094905931e+01 3.116471852332096404e+01 3.528969869094905931e+01 3.547191061075352536e+01 2.583260428589845503e+01 2.002689945496111434e+01 2.005842983886732611e+01 1.043043957988882298e+01 1.588393366126367212e+01 2.576089766556466287e+01 3.320657767627069035e+01 3.012630635373391996e+01 2.887101651602564800e+01 2.018414500095952135e+01 1.081112208544682751e+01 1.353598291792543762e+01 2.303805008608340898e+01 3.178386046447639757e+01 3.469131300049087940e+01 2.681037168196577269e+01 2.265367941149687425e+01 1.447298549599607220e+01 2.449972203097171430e+01 3.064801283930459874e+01 3.645319890213042413e+01 3.298032139583092004e+01 2.355666683414066753e+01 1.726905441315815537e+01
1.290000000000000001e-02 1.001289999999996283e+01 1.423095130390814411e+01 1.239591711340171543e+01 1.940356372241676297e+01 1.756852953251828353e+01 2.702158052989220138e+01 3.116371513724759268e+01 3.211116486596849739e+01 3.030377975720567818e+01 2.118739033696365937e+01 3.030377975720567818e+01 3.492085034361789297e+01 3.117317774312896717e+01 2.026214921161512805e+01 1.304853752654640608e+01 1.043043957988882298e+01 1.715921551004283785e+01 2.705774669231989193e+01 2.216139587265853095e+01 1.886222196467307199e+01 2.467267897336361671e+01 1.546735441194486604e+01 9.866518647168751599e+00 1.824838933375049521e+01 2.270685313608716882e+01 2.749920982379376966e+01 2.464833071148416721e+01 2.265201990057948933e+01 1.268265552391766526e+01 2.265367834360601407e+01 2.860740927898990194e+01 3.142765032199507047e+01 3.275820064546827126e+01 3.347175112605840042e+01 2.496909091812712944e+01 1.582172777801525498e+01
1.359999999999999924e-02 7.084667811865485554e+00 1.708466781186555394e+01 2.239591711222291792e+01 2.653805255600523694e+01 2.756852952802667645e+01 3.171066453795232221e+01 2.919708169295037692e+01 2.216704504346806459e+01 2.617605443014230815e+01 1.634914835777025388e+01 2.088131741667043428e+01 3.080157428224975291e+01 3.097165913964834516e+01 2.102287664042572146e+01 1.844539883807832936e+01 9.089845484392146346e+00 1.653862185244020822e+01 2.054923467102299384e+01 1.992237689710550086e+01 1.062552845652390943e+01 1.661130757415623194e+01 1.663146570908860511e+01 1.427036483845952830e+01 8.525975887195839320e+00 1.395061665056655187e+01 2.324506707213505763e+01 1.770123086519033251e+01 1.978879394880649301e+01 1.149445316135116002e+01 2.140568398290729846e+01 2.748414385928944981e+01 2.134594558990105284e+01 2.131733545870239865e+01 2.680563248844249458e+01 2.098904103491885209e+01 1.430582055165313093e+01
1.349999999999999985e-02 1.001349999999996321e+01 1.669917825015417634e+01 2.141469056053067987e+01 2.955337644993154100e+01 2.978391243251768827e+01 2.849894121273516134e+01 2.507961030654687207e+01 1.526969802892862127e+01 1.887527701780213363e+01 1.294616865500073111e+01 2.270171846927079784e+01 2.718435878539057882e+01 2.832130517548258908e+01 3.073345212828826334e+01 2.257189304306726285e+01 1.653862185191339051e+01 7.711194590317028030e+00 1.518785049050292812e+01 1.184423160368009320e+01 6.211735225239951141e+00 6.551957108678870156e+00 6.888294344582074125e+00 7.216933924810245315e+00 1.004942489505899772e+01 1.584677740220418940e+01 1.771632272675461550e+01 1.682299447679939775e+01 9.856007733842833574e+00 1.841133778683617450e+01 1.931070256335853230e+01 1.915416112484042088e+01 1.494766061131779011e+01 1.404887918876166886e+01 2.046720297919350529e+01 2.080314170837886323e+01 1.744044491793466278e+01
1.319999999999999993e-02 3.351384637175329306e+00 6.754599878525457513e+00 1.269404897175511238e+01 2.489179028391180282e+01 2.063418299802028599e+01 1.824467050200757612e+01 2.535455713598430805e+01 1.887527701779686140e+01 9.133034851167135315e+00 1.887527701779870881e+01 2.407105140462152093e+01 1.733379572493789311e+01 1.977164830298844933e+01 2.467046801943531520e+01 1.855738268944487501e+01 1.460107712299295279e+01 7.894252047797786886e+00 6.434349588323039271e+00 5.730291458586833642e+00 1.137290369467605977e+01 1.495607526434229939e+01 9.557844695237310617e+00 1.675926486195160336e+01 7.692688818646971072e+00 8.028663378252764105e+00 8.371140766101405006e+00 8.725276168602963622e+00 8.725276168602963622e+00 9.113095814641791748e+00 9.501305820586901874e+00 9.882036473672931365e+00 1.025984247580337083e+01 1.063518531760589880e+01 1.736930809487268945e+01 1.117682329344644288e+01 1.161981116259642910e+01
1.299999999999999940e-02 1.001299999999996260e+01 1.669917825015417634e+01 2.141252946589766282e+01 2.451571744605999825e+01 2.109492818223802502e+01 1.062906661638592887e+01 1.810988524699970981e+01 1.679739071406539708e+01 7.161331531431556208e+00 1.448604808740473437e+01 1.685591977850363676e+01 1.091543207851053587e+01 1.760052236419011251e+01 1.854060861388369830e+01 1.153193091419340455e+01 4.784725276038163777e+00 1.458189629591078251e+01 5.250114638100008335e+00 1.462224046808623079e+01 1.067414545780922985e+01 1.813536214394563828e+01 1.789510423122847271e+01 1.160651732488965315e+01 2.030241557025778931e+01 1.770384233094840098e+01 1.814671518557564767e+01 1.013213587213458844e+01 1.048016931732150425e+01 1.839621176221309895e+01 1.932776662677555635e+01 1.173510057277868590e+01 1.961271110792220185e+01 1.063518531760589880e+01 1.117682329344644288e+01 2.076396887573763550e+01 2.137252352778201114e+01
1.349999999999999985e-02 7.084616597319994824e+00 1.708680389109880338e+01 2.160608466627102686e+01 1.485816539918621260e+01 1.658931657574615315e+01 6.735601639060775803e+00 8.918877426151725629e+00 1.302257042783082142e+01 1.111800010809435690e+01 4.660895957954164004e+00 6.195368970735692926e+00 1.108923568049925024e+01 8.923673766755701564e+00 1.011418425643142172e+01 1.367924405351178230e+01 1.412735018490250205e+01 4.784725276038163777e+00 1.377866235120857219e+01 1.877199791639901960e+01 1.685246343777980371e+01 1.929016838071401807e+01 2.384704955623729816e+01 1.454497518330695094e+01 2.433698188107958060e+01 2.419010849118691553e+01 1.396098113450706357e+01 2.057131092510346448e+01 2.073876486842467770e+01 2.352935130006682485e+01 1.456550247750650762e+01 2.149612117322325844e+01 2.541276657980226261e+01 2.577443623450556842e+01 2.142608948929619928e+01 1.234979634942041926e+01 2.215050885997839103e+01
1.369999999999999864e-02 9.951015578815248119e+00 1.710398839622183331e+01 1.714810505872773305e+01 7.775775567792806875e+00 1.092892829264141596e+01 8.326491164914903820e+00 2.025438695425985536e+00 2.308390851626629381e+00 2.591674909174058516e+00 2.875282094904886065e+00 3.162712651764266525e+00 3.451287008772153886e+00 3.740513911417668425e+00 4.030420698063349683e+00 4.321459167867733875e+00 4.321459167867733875e+00 1.404005966643100400e+01 1.900971806806779796e+01 2.768817421040425586e+01 2.673447747485242942e+01 2.846676519168394393e+01 2.809755131472434897e+01 2.028681333214161242e+01 2.027549368617062697e+01 2.833713131458554813e+01 2.437924496463658741e+01 1.877785373302406668e+01 2.889458623805512261e+01 2.703937770936735063e+01 1.681625783574222055e+01 2.410354431886909765e+01 3.413107513879357668e+01 3.066143377731008002e+01 2.057979785614700319e+01 2.222225997154135868e+01 1.357563737779418034e+01
