output/example_1/elevation_000401.asc
nrows	75
cellsize	13.33333333
xllcorner	0
ncols	75
yllcorner	0
NODATA_value	-9999
[rows 34 to 50 of 75, columns 37 to 73 of 75]
1.793495930143037143e+01 2.593399441274779349e+01 2.178747388123429474e+01 3.159824754167495797e+01 3.822481269422142702e+01 3.133043173919583069e+01 2.129679428544732644e+01 2.753804516798314950e+01 3.001421209102393917e+01 2.024652606846064984e+01 2.513273318718490756e+01 2.202525480855892326e+01 2.208866217653676500e+01 2.282621257202707099e+01 1.371717589288822303e+01 2.396115780532538508e+01 2.007434341882164475e+01 2.259943460431591689e+01 3.280606551129365300e+01 3.825301669271314609e+01 4.850280006974790581e+01 4.783853304324549782e+01 4.217323234075602301e+01 3.813705601801505196e+01 3.482838657796749260e+01 2.506489164311359019e+01 2.006157060649082169e+01 1.251517757655746976e+01 2.320128900218567836e+01 3.021613803446080837e+01 3.073335097507662184e+01 2.393872037283865950e+01 2.844799222602688715e+01 2.118224876117909261e+01 2.350662501594113252e+01 3.359970479180852720e+01 4.131674470868320270e+01
2.593399441273402317e+01 1.595045812299965249e+01 2.575814277618261272e+01 2.565993964554831663e+01 3.441764903891447602e+01 3.540827841138676035e+01 2.753804516798314950e+01 1.743145485101612735e+01 2.407149325247960903e+01 2.512640128430252418e+01 1.520543947643674088e+01 2.103902434189361159e+01 1.206041119393162475e+01 1.270309302917058680e+01 2.282439384904790458e+01 2.821729208010286882e+01 3.032647651725256566e+01 2.981373293379709111e+01 2.805909853923488839e+01 3.525020239392821964e+01 4.550245212022323216e+01 4.384105761237356802e+01 3.396143704444989453e+01 2.803778236739976393e+01 3.230623765721189500e+01 3.226258821461862425e+01 2.205953325330882819e+01 1.201493109069314080e+01 2.174194408077475771e+01 2.149195400963372293e+01 2.474650180963146084e+01 1.644015119071471531e+01 1.802462345781572495e+01 2.061944623555040934e+01 3.086224260819228959e+01 3.178062855058525216e+01 3.883002351221279724e+01
2.056339205176134755e+01 1.470879522734259481e+01 1.803192860238769057e+01 2.646801790534317789e+01 2.844312119458826515e+01 3.124072618785555022e+01 3.076847272829348512e+01 2.106282325743384121e+01 1.402523959668726228e+01 2.105083932879701081e+01 1.977118863111859426e+01 1.116411776419320212e+01 2.106227746326617378e+01 2.282601508973145243e+01 1.570594498868429412e+01 2.600422626981575291e+01 3.620074034612986935e+01 4.001283715723075574e+01 3.825301674453505285e+01 4.248587054618526082e+01 4.832333081139299935e+01 3.858474280544868407e+01 3.147725400226286041e+01 2.628948698034924902e+01 2.194458288821862979e+01 2.838186129988759632e+01 2.582650719833936748e+01 2.133820252004973383e+01 1.133914256895438655e+01 2.179571674633782052e+01 1.434909577092652633e+01 2.481502802119848639e+01 2.549665437511127308e+01 3.086224273331694334e+01 2.446843684096561233e+01 3.453977573418579539e+01 4.283969344362536447e+01
2.108323083208771109e+01 2.240978428164740421e+01 1.312029269020846556e+01 2.143879979604336228e+01 1.910984373655253776e+01 1.891637188125256586e+01 2.643733454316251752e+01 2.818235452541426866e+01 2.104916805773713762e+01 1.120874280970125803e+01 1.028386382748014505e+01 2.012476321169852156e+01 2.106348705447815917e+01 2.886475174248713316e+01 1.854945659219456999e+01 2.165041061764767960e+01 2.680452349084796282e+01 3.407911548796794676e+01 4.438881599874704165e+01 4.505401276838241387e+01 4.917847911680350848e+01 4.544488083161705561e+01 4.050657900755731333e+01 3.431988944240244166e+01 2.404884696199794192e+01 1.793341990189440338e+01 1.567559088183594085e+01 2.152150806800230143e+01 1.087244913666671486e+01 1.231576078795986540e+01 2.291892393237451486e+01 2.898330460073955450e+01 3.557315287913241519e+01 3.861161378185487791e+01 3.453977573418579539e+01 2.881673433762825809e+01 3.463867028170424334e+01
3.101737207260416795e+01 2.706674496602989777e+01 2.145511678523812193e+01 1.166475099448484087e+01 1.993992662834606122e+01 1.023244605101763405e+01 2.109383132975105823e+01 2.714455944901500928e+01 1.874873958352543113e+01 9.368926933760464593e+00 1.912314536273576593e+01 2.435344365467426186e+01 3.131721631139151540e+01 2.886536646117853167e+01 1.854945659219456999e+01 2.451724225063152218e+01 3.480503866687131875e+01 4.133972057932657407e+01 4.097675292551386406e+01 3.498717754133733848e+01 4.338490450916233954e+01 4.406041572019999819e+01 4.007305663946579699e+01 3.839538793793644089e+01 3.253842954709698176e+01 2.838990027502907765e+01 2.327804465500977216e+01 1.258886210683828821e+01 1.042241525611710173e+01 1.982115421370921382e+01 2.643826400162026147e+01 3.234856094525127901e+01 3.234856094524273118e+01 4.221686598342304819e+01 3.879416769397545295e+01 2.881673433762825809e+01 3.592154543774237396e+01
3.491838969168043860e+01 2.509895677790884250e+01 1.812621369832652007e+01 1.993992662835714214e+01 1.023244605101763405e+01 1.862285693402602860e+01 2.171099738050150307e+01 2.364227894940663788e+01 1.408979841047010062e+01 8.732983755733412679e+00 1.155344799354989505e+01 2.125768976707529134e+01 3.016019142369379935e+01 3.311805871170471960e+01 2.372262315409927425e+01 3.311805871170471960e+01 3.905196068138361198e+01 3.666060916782633683e+01 3.085449917881326698e+01 2.909701025128602225e+01 3.924192274016034787e+01 3.997119738652452980e+01 3.078165749278992536e+01 3.340458401279848744e+01 3.052865285130310369e+01 2.787484272862515056e+01 2.603509857321922283e+01 1.300158900764455971e+01 1.042241525611710173e+01 1.497691733012213966e+01 2.369780284052631814e+01 2.170543328510573744e+01 2.943497910444749621e+01 3.938256974040398717e+01 4.283969677387472785e+01 3.879416769397545295e+01 4.065676032278669538e+01
3.309427439777450530e+01 2.833884163595716288e+01 1.993993303843437204e+01 1.023244605101763405e+01 1.862285690781397207e+01 8.935123984799052010e+00 1.733670040210662933e+01 2.039481110198691027e+01 1.702596226916091737e+01 8.106283707265628635e+00 1.788739715489840165e+01 1.601150357041746375e+01 2.295776280834569860e+01 3.312677651298277226e+01 3.098989979360313995e+01 3.825650082995800005e+01 3.364546798568586183e+01 2.647586038930953123e+01 2.359334820061447502e+01 3.381923891842153296e+01 4.338490450916233954e+01 3.777431886355448398e+01 2.891244196683535961e+01 2.386619945819154864e+01 2.059900457603685453e+01 1.740513851858061756e+01 2.416656393998858476e+01 2.014688610198305696e+01 9.986030202573958903e+00 1.204575965468157861e+01 1.518366564915794648e+01 2.702699711517852066e+01 3.234856094523937031e+01 4.221686598332847495e+01 3.760189998440586834e+01 3.342133373762631976e+01 3.042432191649808004e+01
2.605388702624208008e+01 1.890147856618479594e+01 1.448110166564926082e+01 1.992259637419883944e+01 2.271578191379954603e+01 1.733845412416835785e+01 7.627014776468943325e+00 7.938024427978565001e+00 7.208680785102629329e+00 1.702619589606670303e+01 2.208022241793202056e+01 2.593573091570229749e+01 2.295776280834569860e+01 3.312677651294073655e+01 4.129475669806997473e+01 3.666060931390330779e+01 2.647586038954432297e+01 1.914596196022541719e+01 2.945890448826857977e+01 3.121436558213352086e+01 4.134252034607894188e+01 4.159729965338139124e+01 3.550577949355280083e+01 3.340458401279872902e+01 3.052865286063930839e+01 2.417743932943154306e+01 1.290041843803729371e+01 1.930932653953756528e+01 9.567007869567770939e+00 1.998314070444961743e+01 2.516594244752603515e+01 2.702699711505395541e+01 3.728271346135420572e+01 4.065676032270752671e+01 3.042432191649807649e+01 2.306420464400607884e+01 3.042432191649808004e+01
3.318488172329949037e+01 2.851575121273229030e+01 2.437666016716321593e+01 2.841380736689060171e+01 2.818213578873871583e+01 2.113353992283841265e+01 1.611880304388668250e+01 6.308145666474791469e+00 1.616701806125813690e+01 1.283539382512162064e+01 1.848198584063950278e+01 2.866078652215295364e+01 3.312677651294021786e+01 3.736262133865739798e+01 4.000968793666143597e+01 2.986419362241912978e+01 2.702812064567687855e+01 1.666221009890115567e+01 2.093042801202994596e+01 2.823745465447241187e+01 3.840126431766964288e+01 3.939630722289528819e+01 3.526556875472564911e+01 3.939630719062032682e+01 3.377745091126487154e+01 2.783773429200002880e+01 1.852793905355989068e+01 9.030999038177482063e+00 1.155481184557703500e+01 1.115836679667494380e+01 2.101913173147307035e+01 2.697418027859052714e+01 3.427570478217550232e+01 3.396747605637991541e+01 2.975953554357131736e+01 2.306420464400607884e+01 2.908325008478550799e+01
3.438132878776791301e+01 3.721904336052040208e+01 2.698057089598907865e+01 2.698062977820945463e+01 2.386789038480008784e+01 1.718671477826728022e+01 1.473820724427980267e+01 5.797613753097911271e+00 7.791109698410297213e+00 2.147162436608146763e+01 2.700739391638803255e+01 3.289869376906580101e+01 3.691837925717614155e+01 3.284583117126838658e+01 3.691837925349994975e+01 2.986419203080478368e+01 1.955627549185718195e+01 1.430958561624004233e+01 2.471023260464450999e+01 2.747145231156700618e+01 3.765405410418516396e+01 3.437356673299733245e+01 2.518985179242181971e+01 3.437356672333390861e+01 2.968340924683271709e+01 1.953204344499911826e+01 1.898185780200086015e+01 8.689567756373584473e+00 1.841413685695546221e+01 2.099296733925615044e+01 1.260545576779584387e+01 1.967265608763448270e+01 2.878942283383107892e+01 2.645714520258905722e+01 1.931572975150375981e+01 2.975953554357131736e+01 3.760189986194344414e+01
2.952700350576765942e+01 3.091807598772220089e+01 2.698062920585287472e+01 1.693274946125808711e+01 2.010227404683637076e+01 1.271795920003474833e+01 9.795538731220498008e+00 5.308334113467451765e+00 1.641448357882887876e+01 2.394845223570500181e+01 2.907971235374627028e+01 3.505429573035361557e+01 3.205501843345502522e+01 2.316271755077794481e+01 3.064025437698239429e+01 2.469579167342812909e+01 2.045521750348875401e+01 1.243763573084960683e+01 1.712019609688760013e+01 2.747145231716745784e+01 3.682310728243302833e+01 3.022771027360222007e+01 2.001250889457632098e+01 3.022771027360114715e+01 3.022845967103253173e+01 2.144542363943780927e+01 1.198573976485439374e+01 8.380207482176619038e+00 1.844316346631068626e+01 2.634766403607525120e+01 2.271746293055991472e+01 1.415446957784218540e+01 2.453903646333573008e+01 1.595123155701635653e+01 2.645714520258903590e+01 3.352409090218571208e+01 3.812803334650964615e+01
2.550388578416527352e+01 2.078533104713368118e+01 2.800216862790825800e+01 2.062581180158262839e+01 1.072231654652441257e+01 7.611458291621828742e+00 4.632934339473882446e+00 1.266186877442618375e+01 1.035778315328738763e+01 1.463064326277775429e+01 2.041215475171556548e+01 3.076134702337148497e+01 2.800321873200439526e+01 1.826681521077768977e+01 2.643524412509947652e+01 1.607752488311172812e+01 1.010073891542600677e+01 2.045518573190019396e+01 2.706713522160771035e+01 3.167008529253689630e+01 3.268428670076838927e+01 2.253162225020568599e+01 1.635921769824162197e+01 2.271855002884750618e+01 2.615367528013258891e+01 1.598542301295363899e+01 1.777495531453631372e+01 8.092756998072996311e+00 1.530313888509042464e+01 2.580400227902565291e+01 2.878942282350717718e+01 2.453903646333572652e+01 1.595123155701635653e+01 2.645714506925572351e+01 1.884662222384889319e+01 2.358142235823003219e+01 2.959857198250287169e+01
2.301934239312852526e+01 1.391092419217542187e+01 2.223298037464659771e+01 2.462629076715790788e+01 2.060662458403998443e+01 1.401039941207436001e+01 4.191502529897807250e+00 1.333490803355141630e+01 1.749246572208760142e+01 2.441506392354884980e+01 2.479632980892720795e+01 2.685341041329996514e+01 2.272005070273674932e+01 1.451144283102740573e+01 1.942258253880181940e+01 1.680078943344351927e+01 8.659881768485536924e+00 1.891168554429024340e+01 2.622358346116547523e+01 2.703090019330047511e+01 2.697001239386035820e+01 2.788381893442381099e+01 2.267458497386690297e+01 1.127764588306183313e+01 2.114936954185334272e+01 1.725852210995962466e+01 7.667848954119850013e+00 1.778037993771521386e+01 1.814136407772779691e+01 2.853800760003234060e+01 2.645714520260538194e+01 1.595123155701635653e+01 2.645714506925572351e+01 2.928130539523075626e+01 1.884662222384889319e+01 2.493763333566393570e+01 3.228063261750211410e+01
1.874781569607776177e+01 9.046825575035366995e+00 1.703099541047086873e+01 1.827636941683196525e+01 2.065351401078251570e+01 1.732678030101324040e+01 1.329981906069017050e+01 3.602309185474643627e+00 1.295342887852988767e+01 1.726899197396977215e+01 1.403714365223731697e+01 2.036382833981661022e+01 1.214045734981474212e+01 1.924059796581131465e+01 9.557864721493212201e+00 6.721818978294205493e+00 1.662050024044935626e+01 2.151732626876314214e+01 1.497664357200641128e+01 1.739448258471790254e+01 1.739717647889075636e+01 1.662895803707772302e+01 1.961865228825107366e+01 7.655606830242572158e+00 1.627189230114153418e+01 7.168548589515373770e+00 1.632846084198186531e+01 7.667848954119850013e+00 2.026683210107637834e+01 2.844128150529181909e+01 3.069251439971586137e+01 2.206631369865123204e+01 3.069251438018867617e+01 2.741324157398414485e+01 2.931948342060360702e+01 2.336425253643628253e+01 3.072623497960041661e+01
1.307065694644809817e+01 5.555496335804494201e+00 1.186751007890022258e+01 9.290925396600938413e+00 1.225300191924152493e+01 8.537090522241740587e+00 8.693347093518656976e+00 3.045168380303872713e+00 3.045168380303872713e+00 1.304502665088830682e+01 6.432716584624817102e+00 1.341332951664111661e+01 6.537554414475887476e+00 1.342566511756622916e+01 1.265621941239811221e+01 5.390571415212304096e+00 8.005019896249354616e+00 1.423508254782299076e+01 7.156642707413349846e+00 1.420318766003515876e+01 1.265698277516663239e+01 9.244705147948586443e+00 7.602080436296858146e+00 1.599002286755110624e+01 6.595535481156001190e+00 1.677666495434960225e+01 2.098733321592894185e+01 1.475699138941442179e+01 1.207791025841414445e+01 2.413321043815198408e+01 3.283998278594589237e+01 3.245513258086729280e+01 3.664371261079207898e+01 3.471202789255269749e+01 3.372698273747347031e+01 3.072808096209870854e+01 3.072652978696668669e+01
2.390225730317021124e+00 2.390225730317021124e+00 2.544146364578156572e+00 2.885075931142298877e+00 2.885075931142298877e+00 2.885075931142298877e+00 2.885075931142298877e+00 1.265186371762958650e+01 1.299513315931165813e+01 3.504336247077622701e+00 3.504336247077622701e+00 3.504336247077622701e+00 3.740714765328082780e+00 3.901855864895575454e+00 4.184669828965970950e+00 4.184669828965970950e+00 4.442609111656445009e+00 4.714147238860204148e+00 4.983043461895962700e+00 4.983043461895962700e+00 5.244970479531618324e+00 5.493565296979010526e+00 5.739220076205748811e+00 6.067381386512612274e+00 1.526837598281120556e+01 2.074491724150416871e+01 2.895123075872704987e+01 2.417333664280064198e+01 2.413321041859099836e+01 1.760336238191481684e+01 2.345980047959963244e+01 3.085905716689018519e+01 4.095631892666894203e+01 4.475347665646921769e+01 4.392105395764304632e+01 4.108158647776987493e+01 4.103795530424518745e+01
8.225534403673124828e+00 2.390225730317021124e+00 1.087484951884256468e+01 1.263935148572080713e+01 2.885075931142298877e+00 1.134386858566218415e+01 9.213500164671636128e+00 1.604811855360465955e+01 1.736041177439149052e+01 1.341523083276564599e+01 3.504336247077622701e+00 1.341629539204737931e+01 1.033078487061622575e+01 1.337344984510760248e+01 9.116897853949287978e+00 6.578133450981133556e+00 1.096586006175355088e+01 1.471024519904396399e+01 1.378056050120879128e+01 8.118129020328225920e+00 1.465682602183066230e+01 1.120401831931033776e+01 1.454351278267624359e+01 6.423484399900380559e+00 1.471055532932101961e+01 1.983117513378493513e+01 2.529998029427187944e+01 3.094933549280069585e+01 3.283982571773606907e+01 2.345980047958191861e+01 3.283982571773606907e+01 3.797015537150227971e+01 3.961775927352363880e+01 4.374038669203497420e+01 4.052907709122893465e+01 4.345391686583469237e+01 4.466048608022350663e+01
