output/example_1/elevation_000403.asc
nrows	75
cellsize	13.33333333
xllcorner	0
ncols	75
yllcorner	0
NODATA_value	-9999
[rows 51 to 67 of 75, columns 0 to 36 of 75]
1.369999999999999864e-02 9.409220795127851034e+00 7.229551466596910281e+00 1.095238701006457660e+01 1.657704436834261230e+01 2.628312285416650695e+01 3.263254785737692032e+01 2.499680529380364646e+01 1.495896956395324828e+01 1.028387846306089237e+01 1.660018547012632339e+01 2.688223418617480220e+01 3.035171088545190088e+01 2.039155674756474568e+01 1.525667292205455183e+01 7.324204313617828532e+00 1.564532218017346565e+01 1.986577419702179981e+01 2.660062139772212575e+01 1.731806440281730630e+01 1.610382384838393932e+01 1.198076483458764052e+01 3.314053416207630054e+00 1.267235883432658206e+01 1.148151216815286269e+01 2.045008577919346759e+00 1.178491582390508441e+01 1.294761061703205840e+01 1.096231746344995273e+01 2.319848986619036602e+00 1.087754056640119416e+01 2.596542223347901412e+00 2.784841576194116541e+00 2.982928001169349308e+00 1.139405211599342316e+01 3.297122261792055031e+00 1.230147543030342305e+01
1.290000000000000001e-02 1.001289999999996283e+01 1.682406090877637794e+01 2.062487492966601010e+01 2.472960039263449161e+01 3.035403206928650022e+01 3.498539905454182986e+01 2.499680529380364646e+01 2.322461752808005642e+01 1.310181732437253288e+01 2.322461752808005642e+01 3.116590672340585400e+01 2.785415619764223294e+01 2.039155674757973813e+01 9.938755026266386849e+00 7.324204313617828532e+00 7.324204313617828532e+00 1.821170785658697611e+01 2.375250009081563007e+01 1.437371070915074789e+01 8.357792334749039043e+00 4.355813339913676252e+00 1.272883026643816251e+01 1.674734460214036247e+01 1.664294193017082790e+01 6.645943556728076906e+00 1.707812030082089549e+01 1.267440464590869809e+01 2.319848986619036602e+00 1.215699490078198686e+01 1.554185642353562713e+01 1.225415099962740584e+01 3.433753735871241108e+00 3.697797331778631236e+00 1.241143629177904018e+01 1.380113331090821660e+01 1.800569233715635420e+01
1.329999999999999932e-02 7.084367811865485365e+00 1.708436781186555109e+01 2.257110066336662157e+01 2.307168924868376791e+01 2.316158344030889182e+01 2.740048716175465771e+01 3.144076633805413579e+01 2.137808022044827894e+01 2.027491444920075381e+01 1.952084735157710327e+01 2.958867124448273955e+01 2.371318612785072233e+01 1.375008508989516720e+01 2.039155674757973813e+01 1.393486343313006337e+01 1.393487106323688174e+01 2.237487874150870582e+01 2.411508877175897680e+01 1.295437946424915054e+01 7.403586192416503842e+00 4.355813339913676252e+00 8.037059344111591841e+00 1.757136544892273733e+01 2.285183952665849105e+01 1.645815856682456158e+01 2.275152921950855145e+01 1.572736277304930042e+01 4.935566433132243525e+00 1.573050892878008256e+01 2.007769273854940195e+01 1.042874871699128292e+01 4.009027962813306978e+00 1.246464196427205096e+01 1.464975949151105006e+01 1.786463856418173535e+01 2.200769847147938663e+01
1.369999999999999864e-02 7.084767811865485321e+00 1.708476781186555371e+01 1.216273059125789935e+01 1.355247642917729145e+01 1.294510749573491282e+01 2.017173609397368850e+01 3.043932597857761380e+01 3.144076633805413579e+01 3.034583070608415056e+01 2.535615467526563904e+01 2.793522781064597638e+01 1.806185530335944733e+01 1.953200428620429108e+01 2.780898483816721622e+01 2.113805138888042023e+01 2.405510549032928580e+01 2.820097455607898240e+01 2.834890357564875529e+01 2.019919921829835374e+01 1.214577668587808823e+01 4.355813339913676252e+00 1.390146768004411193e+01 1.402075072482588247e+01 1.979881000745248443e+01 2.834216175697249085e+01 2.471099801407093466e+01 1.386057306528014799e+01 8.495342617076216740e+00 1.983490376435144498e+01 2.127769394741703124e+01 1.154451935552201114e+01 1.324171490922383754e+01 5.219187829302286197e+00 5.219187829302286197e+00 8.336667995425100841e+00 1.292828461229441217e+01
1.319999999999999993e-02 1.001319999999996213e+01 1.288623334539620302e+01 5.008633216990525661e+00 6.606684193791551252e+00 1.670898640883754283e+01 2.361405263930254605e+01 2.963189710081052297e+01 3.382362714664313330e+01 3.946711359026364363e+01 3.537039640062348411e+01 3.121511192072651397e+01 2.128707435152989191e+01 2.937694809477788738e+01 3.344460879926899821e+01 3.109366530949863972e+01 3.261512535102446719e+01 2.828507660659535716e+01 2.408981216681593551e+01 1.725910040039141791e+01 7.434333348799834873e+00 5.077058334605442980e+00 1.090009414504333307e+01 1.994285034362632558e+01 2.739647680403137642e+01 3.312401947146347680e+01 2.908078069906313701e+01 1.780823832770529336e+01 1.795604547644057547e+01 2.484613378326913136e+01 2.525354455458364811e+01 2.024386134395295400e+01 1.569904886839986524e+01 6.285238978673333143e+00 5.219187829302286197e+00 1.718465134125582239e+01 2.200769848415363583e+01
1.349999999999999985e-02 1.413778319109952442e+00 2.827964997215656862e+00 1.288623334504489470e+01 1.670898640878020203e+01 9.215580636332010300e+00 1.937736087214149805e+01 1.931630700522165256e+01 2.963189710233519492e+01 3.518622438915519979e+01 3.933682805953668549e+01 3.537803546076728622e+01 2.826807125297113643e+01 2.826807125283393418e+01 3.833033473826229454e+01 3.446626779948284991e+01 2.394014642477564792e+01 1.769107821519755674e+01 1.382471756332017776e+01 1.096242289038622353e+01 1.522061230672240839e+01 5.811551545219200143e+00 1.527067609128708270e+01 2.273048666629812686e+01 2.793585134323633312e+01 3.303543649403248850e+01 3.421703639134587149e+01 2.965257710154498838e+01 3.046514353605998338e+01 2.753209460717538803e+01 2.310365105357258031e+01 1.730721747307705272e+01 7.781686557369488000e+00 1.570397804522139040e+01 1.016671628838800778e+01 1.547868279058535634e+01 2.626589808383133118e+01
1.369999999999999864e-02 8.583776645223398560e+00 7.768304997107086329e+00 1.674737252746799498e+01 2.361405256439878997e+01 1.937736087601692958e+01 1.208175255185952501e+01 2.233767339524323248e+01 2.927333930178749810e+01 2.494480700119107652e+01 3.223434328373601687e+01 4.231269578837099488e+01 3.833033533909672030e+01 3.833033463270033536e+01 4.248798370409599556e+01 3.859997551601558996e+01 3.244119677758340003e+01 2.744466942581161817e+01 2.415162177497456142e+01 2.073873050397005002e+01 1.540251549080471349e+01 6.510367020628478940e+00 1.597471561960339592e+01 1.340761531701347131e+01 1.861982419263443944e+01 2.597947476015344037e+01 3.585474299426408606e+01 3.447600117801879094e+01 2.463412640043403101e+01 1.785073612725694758e+01 1.878011959627743011e+01 9.322314644962780505e+00 1.730721759980149699e+01 2.144901466645849197e+01 1.622816589079051042e+01 2.469201715349289827e+01 3.046779907956982925e+01
1.379999999999999977e-02 1.001379999999996251e+01 1.716618925472556256e+01 1.732121011750856709e+01 2.686784066890285771e+01 2.656996748397396502e+01 2.233767339524323248e+01 1.564818789834130541e+01 1.890754551938662686e+01 2.927333930419925778e+01 3.933682550212080287e+01 3.946228312508680602e+01 3.843164281843579033e+01 4.240663915378746651e+01 4.231873202967065595e+01 3.668655736785533605e+01 3.263094050857659312e+01 2.913070214538273817e+01 2.599695340429729029e+01 1.937720819256880844e+01 9.415247533714962813e+00 7.165483810686609445e+00 9.448094605499029797e+00 1.942081027599524390e+01 2.001007711644632181e+01 2.737176018469908101e+01 3.745815709708957542e+01 3.328837454469570645e+01 2.936992978265948651e+01 2.105630964784011283e+01 1.125597542925929773e+01 1.848900048125142703e+01 1.249294541282671744e+01 2.255903361187283451e+01 2.635377355259777232e+01 3.053121152968462582e+01 3.297441560671934724e+01
1.309999999999999880e-02 1.001309999999996236e+01 1.479895772244541519e+01 1.834154098074941430e+01 2.250240575123287812e+01 2.702635261974103642e+01 3.020698967274986302e+01 2.298429899159555490e+01 2.598541979314129335e+01 3.346131036276244686e+01 3.654550975029457049e+01 2.958219690694885173e+01 2.863231260471235018e+01 3.675545017851426621e+01 3.824279481682931703e+01 2.852277803028206904e+01 2.299354897298453437e+01 1.933401636724318706e+01 1.606315009763760671e+01 1.316105122465707744e+01 1.703882468462182587e+01 7.837203483453997421e+00 1.187136625528700051e+01 2.189892010679216838e+01 3.032606952156087132e+01 3.446525634050590980e+01 3.482016314759239606e+01 2.538008207470663891e+01 1.975268423860905287e+01 1.605311271114150529e+01 1.296368593111552592e+01 2.223683728863049680e+01 1.496236666379225255e+01 2.475906992472113544e+01 3.241413373606270909e+01 3.640428767383971831e+01 3.729474113473923325e+01
1.349999999999999985e-02 2.370522604405923772e+00 4.795878867660824163e+00 8.331417789199896617e+00 1.280378242298874092e+01 1.858221383528530168e+01 2.868866541927959446e+01 3.326479818942684119e+01 3.615727146074723919e+01 3.504383722021167102e+01 3.158124659851664617e+01 2.255842196228867280e+01 2.290106042379602158e+01 2.990825069022329430e+01 3.961330605146808637e+01 3.668655736785533605e+01 3.231502838956772905e+01 2.778420871739537290e+01 2.330149951613850234e+01 1.952609962200926219e+01 1.831076859432096526e+01 8.509057548648891967e+00 1.830886123469593940e+01 2.005510132171107784e+01 2.719877056529290016e+01 3.713817486227340936e+01 3.874429134572842059e+01 3.328835413706039503e+01 2.583834717931284430e+01 1.610242286307927273e+01 2.290056455470078944e+01 1.783851929091764177e+01 2.475906992472094004e+01 1.897356187658688498e+01 2.272101608051150023e+01 2.961957205956348460e+01 3.916080317161425484e+01
1.369999999999999864e-02 1.001369999999996274e+01 1.479895772244541341e+01 1.056957468718570681e+01 1.634432524006074416e+01 2.635752728982885174e+01 3.286640639101149475e+01 3.453381600288658149e+01 3.185605538730666453e+01 2.502456837128615419e+01 2.745889288221200530e+01 1.758593115224460846e+01 2.299210136773591273e+01 2.983806643133424430e+01 3.884961165739729694e+01 3.809016693901793360e+01 2.499099931183178214e+01 1.719256997154797872e+01 1.242405850796322575e+01 9.510337400429806465e+00 9.510337400429806465e+00 1.831085778404347764e+01 2.253772060740423555e+01 2.563777445019256973e+01 2.984591870161130700e+01 3.497556724329008659e+01 3.921801776730382727e+01 2.984532694676741471e+01 2.304149418943025651e+01 1.883052063735633297e+01 2.852792254086069335e+01 2.157833177948569769e+01 3.138260337708592829e+01 2.392101161029642142e+01 3.241413373607849735e+01 3.640428766332728117e+01 3.800083312311821260e+01
1.290000000000000001e-02 7.083967811865462316e+00 1.708396781186539215e+01 2.057640239094511259e+01 2.472734844759629524e+01 3.051077896117773847e+01 3.163932314357494491e+01 2.481660297421246497e+01 2.785288674356200644e+01 1.799280128628096520e+01 2.155739975825730426e+01 1.493103700983963300e+01 2.483578404094446057e+01 3.273611923967950332e+01 3.659105332592825732e+01 4.110373360349418448e+01 3.387297522287502005e+01 2.598216576053622262e+01 2.207877883533079810e+01 1.952575604388535169e+01 1.029302661002960484e+01 2.044381851988936205e+01 2.044381880945756080e+01 1.524986237677965839e+01 2.046662066845073014e+01 2.783740495904911327e+01 3.798280921151258838e+01 3.650318588027506195e+01 3.142215404945001112e+01 2.182306916753342207e+01 3.142215741543759222e+01 2.653057134676410556e+01 3.541977402503142969e+01 3.078742927634065651e+01 3.757449003580028801e+01 4.085966114526954129e+01 3.118055399772407199e+01
1.359999999999999924e-02 5.780894598578274923e+00 1.280245321318926344e+01 2.262620221454587011e+01 2.618138921757513060e+01 2.631852027320946874e+01 2.767811459622063808e+01 1.779048119077663515e+01 2.141014318679465944e+01 1.962173676822632018e+01 1.170790832570198958e+01 2.163727118801964266e+01 2.693822666550979150e+01 2.317568211947277845e+01 2.952419637758098148e+01 3.850822033878497308e+01 3.757970802399419341e+01 3.169295998386822788e+01 2.381315352182453537e+01 1.342816096961727013e+01 2.044381854269509446e+01 1.029302661002960484e+01 1.029302661002960484e+01 2.044381880945756080e+01 2.984591870161130700e+01 2.758701586354327517e+01 3.178204246293251956e+01 3.767359204395047811e+01 3.475703422049838309e+01 2.532457932754119767e+01 3.475703422049838309e+01 3.340908259340133668e+01 4.028144044263675028e+01 4.032168222662983226e+01 3.959749941110288063e+01 3.555384883639522542e+01 3.555278157859167720e+01
1.379999999999999977e-02 1.001379999999996251e+01 1.774365766612623219e+01 1.657814185296092191e+01 1.497133081415418943e+01 1.586310003552589620e+01 2.055326168417125743e+01 1.644341786810863226e+01 1.148822724802203332e+01 9.676417899222638397e+00 1.962173676822632018e+01 1.476855793593658817e+01 1.709806800790402903e+01 2.278760873490692518e+01 2.975508214244397109e+01 3.935393477476841895e+01 3.343258497071918356e+01 2.316017908135692949e+01 1.706871640529639222e+01 2.381315352182453537e+01 2.044381880945756436e+01 1.029302661002960484e+01 1.129441655112322707e+01 2.157710259252828422e+01 2.157710285919495163e+01 1.717754119094342613e+01 2.324230178028000893e+01 3.352200567346206839e+01 3.865115623440321713e+01 3.084902902366464872e+01 3.865115623440289028e+01 4.305612367964481280e+01 4.140485556521133503e+01 3.732419005489484931e+01 3.555384880978788686e+01 2.573723980729768002e+01 2.573722965474260604e+01
1.349999999999999985e-02 1.001349999999996321e+01 8.326494785048204506e+00 7.920796332088458236e+00 4.321127786666205672e+00 1.006047401691111354e+01 1.472856023219907051e+01 6.474585545992802338e+00 7.721398689540396099e+00 1.476693181619920026e+01 2.361609758095452705e+01 2.176323118828768344e+01 2.405389398438171966e+01 2.278742259776826984e+01 2.848356586647722466e+01 3.814839047570303876e+01 3.343258498418401103e+01 2.316017908135693304e+01 2.235319019420120412e+01 3.169295998386834867e+01 2.468545482047963802e+01 1.605722953406094433e+01 2.157710259252826646e+01 1.129441655112322707e+01 1.129441655112322707e+01 1.853710547045969648e+01 2.891630578465840173e+01 3.532267471836638606e+01 3.946575469530262836e+01 4.009546969342091671e+01 4.403384649917192206e+01 4.350019863060383329e+01 3.732419005489484931e+01 2.749392026034630021e+01 3.037313961267123474e+01 2.861245784973420925e+01 1.866845703239119203e+01
1.359999999999999924e-02 7.069752436958796071e-01 1.402023260598870058e+00 2.105620514243299102e+00 2.831189056590010633e+00 3.560312951105066848e+00 4.752258527279132672e+00 1.472855981759760624e+01 1.668297658918883997e+01 2.150053203626796261e+01 2.859780389680240020e+01 3.158408904686724838e+01 3.360456751539402376e+01 3.259897188017242087e+01 3.647117800763626860e+01 4.191027641091253741e+01 3.757971083083038621e+01 2.916563906616899260e+01 2.969579223575317783e+01 3.680104908808825570e+01 3.063805040151625292e+01 2.643601119681016343e+01 2.157710285919495163e+01 1.129441655112322707e+01 1.269116325208154095e+01 2.310389128066016795e+01 2.807406343178199748e+01 2.507159828223308295e+01 3.532267456604714795e+01 4.189651214980969485e+01 4.350019849724655074e+01 3.323308156227938071e+01 3.511713293839181205e+01 3.037313961508568383e+01 2.046109619609732633e+01 2.510597359131789119e+01 1.509189848078001361e+01
1.290000000000000001e-02 1.001289999999996283e+01 8.471203441216141883e+00 7.104082320228343406e+00 1.282101069116913550e+01 1.353525453548738433e+01 3.560312951105066848e+00 1.360536312023515215e+01 1.912629893686493432e+01 1.636010839581166110e+01 2.061905658428016253e+01 2.537379186278515775e+01 3.180294159626568984e+01 3.433348943677746234e+01 3.361106001488877837e+01 3.793619849009760969e+01 4.338456916615144365e+01 3.926134154030598467e+01 3.978354674705018112e+01 3.818779333321628400e+01 2.801075498859141533e+01 2.059654178387275891e+01 1.452012615075672564e+01 2.157710285919494453e+01 2.310389128066016795e+01 1.483957007434984909e+01 1.755827179713914177e+01 2.235814339508115722e+01 2.762754791023863277e+01 3.776912447026935382e+01 4.238389521538697835e+01 3.210714166946429060e+01 2.490027911618468437e+01 2.662673932636697316e+01 1.662705879942631881e+01 1.662705879942631881e+01 2.510597359131752881e+01
