output/example_1/elevation_000092.asc
nrows	75
cellsize	13.33333333
xllcorner	0
ncols	75
yllcorner	0
NODATA_value	-9999
[rows 34 to 50 of 75, columns 37 to 73 of 75]
3.842904071641214614e+01 4.254460031424564903e+01 4.111873961804209898e+01 3.192341147317966943e+01 4.104683961912429169e+01 3.665404528877909485e+01 2.572299104923804336e+01 1.783264672713248444e+01 2.373495345800737866e+01 2.076039482217036536e+01 2.174613105864020213e+01 1.823148653124017216e+01 8.083040438361543067e+00 1.731267767388166590e+01 1.984123422462226571e+01 1.640784596222062319e+01 7.256525667615340680e+00 1.728222377168799184e+01 1.768114710867101280e+01 1.191825070571884915e+01 2.188966846964870072e+01 2.856351832617132303e+01 2.158563318256990016e+01 2.852011661398350739e+01 2.493823471794582858e+01 1.465985204925700280e+01 2.284017475093702032e+01 1.392645070773650495e+01 2.425986921594228463e+01 1.546232403047782178e+01 2.570116783742452071e+01 3.159933976302776060e+01 3.391077191265577540e+01 3.564819085668310095e+01 3.824713981852394795e+01 3.297835717514708875e+01 3.994839171355632601e+01
3.778387041054455153e+01 4.190297699213008542e+01 4.628172903758044754e+01 4.200124403389311567e+01 4.606081184889607272e+01 3.695436327202568094e+01 2.573820200864223295e+01 2.901663863820864719e+01 3.016342662495895510e+01 2.192461871206951329e+01 1.373982452583178038e+01 1.139940659071436357e+01 1.731267767657147161e+01 7.256475459763810143e+00 1.617216469113227362e+01 6.837602854792772966e+00 1.682927805061617832e+01 7.256525667615340680e+00 2.020772560997220779e+01 2.188966846964864388e+01 1.697810278016360641e+01 2.686834121272780962e+01 3.143675652765043083e+01 2.801954844828056679e+01 1.803491723636816246e+01 2.493823471794583568e+01 2.837031447596456957e+01 2.425986924663667921e+01 1.546232403047782178e+01 2.570095700348810297e+01 2.979661536523088117e+01 3.152897835744902721e+01 2.438313109410888302e+01 2.609890606920824752e+01 2.854997231026968407e+01 3.401573696237026212e+01 4.102362690488211427e+01
2.800401357880299713e+01 3.756087667246589490e+01 4.325656825511027392e+01 4.912309128850284168e+01 4.506735294710473028e+01 4.128955739344809217e+01 3.695436640079052637e+01 3.156696840539736115e+01 2.205803611203874581e+01 1.727364616594452329e+01 1.926968761190889623e+01 1.714085109338833135e+01 2.119796749456709861e+01 1.589297615858642665e+01 6.433319679903244825e+00 1.505675424956436359e+01 1.701056492629084715e+01 1.395873991103530720e+01 2.390023765716495419e+01 3.099357905446654016e+01 2.191465363664420707e+01 3.107588485765664643e+01 3.586310176764610702e+01 2.613387161507784739e+01 2.067460650197005734e+01 3.031793575075320035e+01 3.189646122020192820e+01 2.210050893290261698e+01 2.570095700356603885e+01 1.743535419462273239e+01 2.747525555778409512e+01 2.193117785060860214e+01 3.152897835744902721e+01 3.274979223054202748e+01 2.986792101397381671e+01 3.319591755840953340e+01 4.017708548720924711e+01
2.378233571944158342e+01 2.930503007852596653e+01 3.912234474062493206e+01 4.345876937317743227e+01 3.524839100189101515e+01 3.939837263002777235e+01 4.345877006747367233e+01 3.581796372418138930e+01 3.018067639936732860e+01 2.205799578628426616e+01 2.831674713688290979e+01 2.589986013547081001e+01 2.106290386388491953e+01 7.082238604272844462e+00 6.200815095501662988e+00 1.044795183324481869e+01 1.937802840690001460e+01 2.567073499603503706e+01 3.040138605974434682e+01 3.601975326043135794e+01 3.195019911660978451e+01 3.629772117949174515e+01 4.004164413911524179e+01 3.442974617647445257e+01 2.550259882385443078e+01 2.523360360065306196e+01 3.485217268913302036e+01 2.777150828861839216e+01 3.156337984626687998e+01 2.747583556733701826e+01 1.945581955088688986e+01 2.926701092603380872e+01 3.563832704642916127e+01 4.267037205283799750e+01 3.539095281095178791e+01 4.317718798582669848e+01 4.017708548720924711e+01
3.345431547776517789e+01 3.756087667246589490e+01 3.911896489939587696e+01 3.939837262715287380e+01 2.960779886988002829e+01 2.960779886988002474e+01 3.522365795213588768e+01 3.928254413473063522e+01 3.578449744066286087e+01 3.156249990707917519e+01 3.032380280031142306e+01 2.571249457837036800e+01 2.084518296540453974e+01 1.435652661118803053e+01 5.980775988680248290e+00 6.168344869885356019e+00 1.894437538567535384e+01 2.857699386995643565e+01 2.566997866411975338e+01 2.840976732140998351e+01 3.147018858932701590e+01 3.501902041438246016e+01 3.912287047696782594e+01 3.931132740378841817e+01 3.222340379022335100e+01 2.877686728400978566e+01 3.854368144164154586e+01 3.460670805293632668e+01 3.483163285595698966e+01 2.519358781402699421e+01 2.926710495653697208e+01 2.318018503513937745e+01 2.990328798433101554e+01 3.968445672426068427e+01 4.546388759017268910e+01 4.971482995475422939e+01 5.042007612649954496e+01
2.972026034302259134e+01 3.322551629471307422e+01 2.980060446774549021e+01 3.642220902890529999e+01 3.374578223408560973e+01 2.401151026382965270e+01 2.547466581906368077e+01 3.364550216782672010e+01 4.055412471079145575e+01 3.336067726310582771e+01 2.309320060433443089e+01 1.576083825431549990e+01 1.080653266188780570e+01 6.818927563575240214e+00 5.756998025408027075e+00 1.523247240599298280e+01 2.295734497058429824e+01 2.201766948020329906e+01 1.533974611500843466e+01 1.815848393425338969e+01 2.132001036647936942e+01 2.498200665548822741e+01 3.083237222590853577e+01 4.073877022606644260e+01 4.215715385474872079e+01 3.353037499133185406e+01 4.276778524361412792e+01 4.459172482118975722e+01 3.899175806395222565e+01 3.068042313078799310e+01 3.597108363583395629e+01 2.636221066938117730e+01 3.096536758768867870e+01 4.078948095739352908e+01 5.064163291654978849e+01 4.644371667145115623e+01 4.775674045880882090e+01
2.577981952960551482e+01 2.380525358650461598e+01 2.309759840803657127e+01 3.252988904855002517e+01 3.649536820800915393e+01 2.673687957301381601e+01 1.984205956617754651e+01 2.673687957301381246e+01 3.548924121613002569e+01 3.514220714970809922e+01 3.032378360417004970e+01 2.572008675155174373e+01 2.054694578846268271e+01 1.406147097435827931e+01 5.514816621069834390e+00 1.166940489003932413e+01 1.802254424742284300e+01 1.164313744951950547e+01 2.201766948020329906e+01 2.840976731582694370e+01 3.147018859153174120e+01 3.501902042381367153e+01 3.912295720457301940e+01 4.484911827246859417e+01 4.781989266822069595e+01 4.355698789195124476e+01 4.781989266822098728e+01 5.049206803311565750e+01 4.472573098413445081e+01 4.050229079697490420e+01 4.015122558607610870e+01 3.054270966249142560e+01 4.015122558607610870e+01 4.501042992265630005e+01 4.483428275663166573e+01 3.641658826708006558e+01 3.771272835231685860e+01
2.241071917424371662e+01 1.681395785454061098e+01 2.379973722378192136e+01 3.314459752490171951e+01 3.431330381394793250e+01 2.455654604516382022e+01 1.755183366965355773e+01 2.163537905192808708e+01 2.856231051683067079e+01 2.535223708735751558e+01 3.227677276822896602e+01 2.763247956365570346e+01 1.711239461401700623e+01 1.068289315266551398e+01 5.234556874784159319e+00 8.985233328355100468e+00 8.468936293628749112e+00 1.227008988412268486e+01 1.754859784636370179e+01 2.483882868933797994e+01 3.486963461291272637e+01 3.895687594762149075e+01 3.895684465015399667e+01 4.869143282746679091e+01 4.672622486455590973e+01 4.261243972593403839e+01 4.056005334641076843e+01 4.055590025754075612e+01 4.286929782717561466e+01 4.699368341786973247e+01 4.459416028858805703e+01 3.739502422408453697e+01 4.459416028860805881e+01 4.891919615788695808e+01 4.065455138798856893e+01 3.073140773575818585e+01 4.065455138798828472e+01
1.237645585468386678e+01 2.241071917424432769e+01 3.046318589117540299e+01 2.928582582768398268e+01 3.335637799168545570e+01 3.002069494350472212e+01 2.035884297811486121e+01 1.440558025769157879e+01 2.194177470919168016e+01 1.829345595054974183e+01 2.821965290457842812e+01 2.596999217037073393e+01 1.852542257711157703e+01 5.817980053583039712e+00 5.002068484351995359e+00 6.333129679106924037e+00 1.787472709794729653e+01 2.263265585268148428e+01 2.683044973877623462e+01 3.190685935307729082e+01 3.376755932957543394e+01 2.924854204892330145e+01 3.610729260305199517e+01 4.583637837308534557e+01 4.261260160304390610e+01 3.271434801225681355e+01 3.067198020836925920e+01 3.714590245518392209e+01 3.296106427728693689e+01 3.995384977786000746e+01 4.990781204822749828e+01 4.752699510088776691e+01 4.898706720639347623e+01 4.319700556183276774e+01 3.473588323919985754e+01 2.778627676975695593e+01 3.319461677707855074e+01
9.600166270412122671e+00 1.995820621390019411e+01 2.485944426020877884e+01 1.985407378314418025e+01 2.768308723382267544e+01 3.410786484779956851e+01 2.856231051782124553e+01 2.194177470919168016e+01 1.159132436559090351e+01 1.962824616430119917e+01 2.374319707328359641e+01 2.346920610351346426e+01 1.273937036465096106e+01 6.671140689817142366e+00 4.803591961882737849e+00 1.471244069333237015e+01 2.214148993450636738e+01 2.829013150698795087e+01 3.347053721055686992e+01 2.944421773266042663e+01 2.410026522402934646e+01 3.376755931232369790e+01 4.300209460181559962e+01 4.232876956197575424e+01 3.793295451821723674e+01 3.561611358640426772e+01 2.581490182515665666e+01 2.732120158544906374e+01 3.714877651995373498e+01 4.699368341786973247e+01 4.389735601103343043e+01 4.808474026109686150e+01 4.479779564672082159e+01 3.480437059322378701e+01 2.911712541793054498e+01 2.515797040474708979e+01 3.502304965025586370e+01
1.524230179549788566e+01 1.917525074466625057e+01 1.548850665155295481e+01 1.425140304439298156e+01 2.372702875152208080e+01 2.867330924237424128e+01 2.414359498050813713e+01 2.602322033252415778e+01 1.962824616473806927e+01 9.105446542170993141e+00 1.741057674684694234e+01 2.100210413850619773e+01 1.414384901921797244e+01 4.447873599164623215e+00 4.447873599164623215e+00 8.068060833233559492e+00 1.317985005788233011e+01 2.389313774205234964e+01 2.943716492534738904e+01 1.977373007377508429e+01 2.508250338033339588e+01 3.192092443372776600e+01 4.162692976276129997e+01 3.613724410225607642e+01 2.716268790349806039e+01 3.249470849770967362e+01 2.278778535840766750e+01 3.251635922296598835e+01 3.944426983187442914e+01 4.229965955268191635e+01 3.391424440976784638e+01 4.229965955176039216e+01 4.559191086937718751e+01 4.079688218058131355e+01 3.275984525545635506e+01 2.286521945723342952e+01 2.857430564808273132e+01
5.115236833812345729e+00 1.428484528587146052e+01 8.433598668137145538e+00 1.549307583598858074e+01 2.496517106659135976e+01 2.270148005896259491e+01 1.404538947822335793e+01 2.269521403768519363e+01 2.373001398365168413e+01 1.741057599114700949e+01 6.803695509894153837e+00 1.526041772747454317e+01 1.343424384743721589e+01 4.447873599164623215e+00 1.010129394820027393e+01 1.804709477041757637e+01 2.292810430847956482e+01 2.822654928866758439e+01 2.673012730793502811e+01 1.713046363376453840e+01 2.685904487524023310e+01 3.431231588197879034e+01 3.483867948791433378e+01 3.171473812845673734e+01 2.257548435828356759e+01 2.796517413266826324e+01 2.074329601530106970e+01 2.552375410792014065e+01 3.532902993525041779e+01 3.813360384069092390e+01 2.822777384480193774e+01 3.813360384069058995e+01 3.558991107700893508e+01 3.663844047668874992e+01 2.673807078777905488e+01 2.098306878743632709e+01 3.092245937171997028e+01
1.299769866821340614e+01 4.142949609220338836e+00 1.208964000739761957e+01 1.660951543543685105e+01 2.271181746572590754e+01 1.824543570315940855e+01 9.527548158856104621e+00 1.789206384388814186e+01 2.156897080427351909e+01 2.091014100667432629e+01 1.519304250812412427e+01 4.988290744115637665e+00 4.000474556678938143e+00 9.836248554833884938e+00 1.586261270500601128e+01 1.947781259119995667e+01 2.860846840091654641e+01 2.593912275737075390e+01 2.190988547944099807e+01 1.487923620058563934e+01 2.058623353318833082e+01 3.027802703849320665e+01 2.539223728261828583e+01 2.909608125133038925e+01 2.682023108367492270e+01 1.923568912378330253e+01 1.903503208655837042e+01 3.354809042077042847e+01 3.944427122506930061e+01 3.463136404251806511e+01 2.472837053360823845e+01 3.040871343265867921e+01 2.858587170765746777e+01 3.411765584147190822e+01 2.921786794933610665e+01 1.923497552186756110e+01 2.426338342601095022e+01
1.049835618083710287e+01 1.141613997474045306e+01 3.204743575313529380e+00 9.363213260134893190e+00 1.648619371387642829e+01 1.515117988245105884e+01 6.860117918168639584e+00 1.264693639601562936e+01 1.255414403833905723e+01 1.327838593952431623e+01 1.069872801967877862e+01 1.258965926260128398e+01 3.750491626961407032e+00 1.347740792126533371e+01 1.911562136584611338e+01 2.620476163952895021e+01 2.330901097310064074e+01 1.935237311561553852e+01 1.200294902642294481e+01 2.190987107110751708e+01 2.870203342051087603e+01 2.697821746473830373e+01 1.946760821375070805e+01 2.036997477688195346e+01 2.057946954814893559e+01 1.716685875897746527e+01 2.894507448095746227e+01 3.812980252982751495e+01 3.949226719824853404e+01 3.878168811674056116e+01 3.040871343265867210e+01 2.045109681596895612e+01 2.708950789425924199e+01 2.417835369615859520e+01 2.708950802759260057e+01 1.923497552186756110e+01 2.921786781600342664e+01
1.999884439404743475e+01 1.702533410719381735e+01 1.245183934943515069e+01 2.298529302281898001e+00 1.238910557873648877e+01 1.489138057993400288e+01 8.580483018342789592e+00 2.847628168594575460e+00 1.262917769809664037e+01 3.088563812758163163e+00 3.401604259267770658e+00 3.401604259267770658e+00 3.401604259267770658e+00 8.011097057513502762e+00 1.577265039754394316e+01 1.681820519523880364e+01 1.691232324193818570e+01 9.370401038112937897e+00 1.935227037432888864e+01 2.593298758976223795e+01 2.772181971996811711e+01 2.016583968367786284e+01 1.541246829948305574e+01 2.254773171056628556e+01 1.512663076493797476e+01 2.044649791394871841e+01 2.991286887348854862e+01 3.660713190399625461e+01 2.947398797892397226e+01 3.660713190195032496e+01 3.454445370857420272e+01 2.708950789425895778e+01 1.705371050139373068e+01 1.705371050139373068e+01 1.705371050139373068e+01 2.708950802759272491e+01 2.921786781600337335e+01
1.516516076507189936e+01 1.401048154232465492e+01 1.185438624961378906e+01 1.167754301828454366e+01 2.298529302281898001e+00 1.083227081973845962e+01 2.634968259604352436e+00 1.243281185119405841e+01 2.847628168594575460e+00 1.204202259691137300e+01 4.066134563902140009e+00 4.073351899842164947e+00 3.821951775915533478e+00 1.327459889918774216e+01 1.325790339487623548e+01 1.469290497782595928e+01 6.955643571916114709e+00 1.689499271964594129e+01 1.849280776609762000e+01 2.833026068218471849e+01 2.611579857400782601e+01 1.102178672899532152e+01 2.077930698695789147e+01 1.312210978773615189e+01 1.977443074009310919e+01 2.845183809769210015e+01 3.397470586355647981e+01 3.214256528867059615e+01 2.242535425064953358e+01 3.214256528566337323e+01 2.970458032962605444e+01 2.556819936859334419e+01 1.705371050139373068e+01 1.705371050139373068e+01 2.027876320420730849e+01 2.526486389815713096e+01 3.228817538787917840e+01
9.857181726330120242e+00 5.108087236170759660e+00 2.088785585091928354e+00 2.088785585091928354e+00 1.077444699958046748e+01 2.298529302281898001e+00 1.125808950154289789e+01 1.587656629796745023e+01 1.024121329945184833e+01 1.163933043211469709e+01 1.651870975423614141e+01 1.400712137696496029e+01 1.189733599115596441e+01 4.172512385164770521e+00 4.445030966196096500e+00 5.006785392844053995e+00 1.449409393989241579e+01 8.678383299231992254e+00 1.902714693898164811e+01 2.201692710851010659e+01 2.237830335346870569e+01 1.760237295234366783e+01 1.102178672899532152e+01 2.073408896956702563e+01 2.653519611177927118e+01 3.329596148369711273e+01 3.337879079518024383e+01 2.795029262145286708e+01 1.789675766914650623e+01 2.340271275916707339e+01 2.408230803771855477e+01 1.548899088234780663e+01 2.556819936859423592e+01 2.701198416448595552e+01 3.023930905784792245e+01 2.528631967102364086e+01 3.227476758565493498e+01
