output/example_1/elevation_000090.asc
nrows	75
cellsize	13.33333333
xllcorner	0
ncols	75
yllcorner	0
NODATA_value	-9999
[rows 17 to 33 of 75, columns 0 to 36 of 75]
1.309999999999999880e-02 1.001309999999996236e+01 8.949443094359574857e+00 1.472264512446782625e+01 2.471685255320618424e+01 2.987921166512623827e+01 3.001036616689449588e+01 3.419782632113368948e+01 2.812154087796197643e+01 1.893136929953612224e+01 2.230882276084226135e+01 1.462329284369042171e+01 1.653755175039400882e+01 6.917577314359102836e+00 1.767332300902381093e+01 1.133891375208709995e+01 2.047711819067746575e+01 2.921900740932169072e+01 3.268974922520670390e+01 3.482913293351553108e+01 3.542008940371626835e+01 3.682247906052658237e+01 3.259947623445720666e+01 3.682605102174506584e+01 3.924308828845910568e+01 3.512691505805062775e+01 3.321429223740098990e+01 2.351047106958644406e+01 1.647941820001849322e+01 2.635221610549243820e+01 1.847571296349437020e+01 2.823010991760402533e+01 3.326451380240622768e+01 3.650494263440789666e+01 4.057425600796052834e+01 4.547990770046320819e+01 4.947642078814752153e+01
1.379999999999999977e-02 7.084867811390662240e+00 1.708486664905349528e+01 2.308336372453830876e+01 2.540904884173738054e+01 1.988194091251319406e+01 2.658875262626038705e+01 3.072302819830903431e+01 3.193244303586860156e+01 2.548009737684981957e+01 2.875010641908970399e+01 2.474874037173880126e+01 2.184142379836509917e+01 1.767332300740411810e+01 6.917577314359102836e+00 1.820309483324616195e+01 1.505855648713834860e+01 2.135260649180023762e+01 3.042663695601062557e+01 2.573225752908092190e+01 2.537786168582605839e+01 3.086639396100463983e+01 3.508952694766278313e+01 3.536541938780007399e+01 4.564716015477104349e+01 4.096061531155004332e+01 3.120673263428610511e+01 2.439042000506276509e+01 1.873679262486146513e+01 2.847888774258928279e+01 2.823010991760340005e+01 2.071252427277899599e+01 2.363281894734587496e+01 2.679525407503714618e+01 3.160462938883155815e+01 4.140525587998427426e+01 4.526666338541487278e+01
1.379999999999999977e-02 7.084868037736416824e+00 1.708496206354275770e+01 2.247911654389125857e+01 1.540986721185370278e+01 1.281095099531311554e+01 1.659059533344336401e+01 2.236405516666133764e+01 3.235979667937625948e+01 3.449854960258923597e+01 2.945346674366591344e+01 2.529524818313200285e+01 1.820564781623841810e+01 6.917577314359102836e+00 6.917577314359102836e+00 7.769407813036878885e+00 1.900511480653919705e+01 2.164102872158095181e+01 2.212156318951981149e+01 1.979038244932717205e+01 1.832869953403280761e+01 2.100168204878531242e+01 2.530491636460584104e+01 3.235168480848331285e+01 4.264135323467577621e+01 3.773873317890048895e+01 2.801796297602043850e+01 2.247680291011663556e+01 2.847889818845001386e+01 3.251682363606443715e+01 3.211448379351615756e+01 2.253378166222903189e+01 3.214936989392501943e+01 3.647901218809057866e+01 4.057425600796052834e+01 4.547990770046320819e+01 4.947642078814753575e+01
1.290000000000000001e-02 1.001289999999996283e+01 1.297806659776597904e+01 1.455927992685049865e+01 8.338815107432006712e+00 1.664611719053189631e+01 2.082978255840161097e+01 3.072302819830903431e+01 3.648986654488300019e+01 3.242136491128017894e+01 2.234361212267296182e+01 1.462268807551636662e+01 1.077670297785453002e+01 1.820564781646006836e+01 1.512424686861803025e+01 1.899677311186887962e+01 9.184869914744639985e+00 1.037658496188655555e+01 1.163740539439334931e+01 1.450116467750359028e+01 2.571324022399445752e+01 3.086639396100455812e+01 2.659276266987392745e+01 3.235323842233605518e+01 4.264516144318780277e+01 4.182354767330522094e+01 3.212804689147167636e+01 2.586586332120045739e+01 3.554709460277740618e+01 3.581855166027290949e+01 2.612169064507552108e+01 3.214984372156401804e+01 2.658474983373798040e+01 3.341502716666483508e+01 4.328607790903455310e+01 4.773759904219441097e+01 4.353280861979365568e+01
1.290000000000000001e-02 1.487319561548972047e+00 2.978031546548833397e+00 4.559170376633026045e+00 6.644314517203779857e+00 6.644314517203779857e+00 1.665141586447150601e+01 2.507448568702312031e+01 3.008761574896955437e+01 3.242136491128005815e+01 2.234361212267296182e+01 2.529524818594518365e+01 1.558487029375071131e+01 2.587149318335551129e+01 2.617630523065831127e+01 2.280609686890419496e+01 1.181229337219253495e+01 2.164960340732571709e+01 2.236631099624444374e+01 1.372685562913368784e+01 2.150832805213838483e+01 3.140011602587806294e+01 3.670371300947233095e+01 4.094833273144883634e+01 4.685064490131450299e+01 4.603409575953543964e+01 3.961661529915743074e+01 3.066423076606478304e+01 3.961661529915743074e+01 3.864653406271133207e+01 2.886390664749021795e+01 3.864653406271133207e+01 3.049261537381589093e+01 3.629821401252016955e+01 4.619854441176008208e+01 4.353280861979365568e+01 3.341799985414441210e+01
1.309999999999999880e-02 1.001309999999996236e+01 8.751534616749818696e+00 1.455913778036190109e+01 1.664468344659886867e+01 1.072679760906667035e+01 1.090832917792412182e+01 1.590834270187970745e+01 2.298046344085800996e+01 3.300346545358188166e+01 2.951437155223345954e+01 3.012666536836323772e+01 2.175818564499165930e+01 3.012636860865595878e+01 2.624863200842359845e+01 1.581542420942536964e+01 2.286543308261607521e+01 2.698025755142255733e+01 2.554782186622724538e+01 1.521184626046562194e+01 2.554644882582199017e+01 2.866546046236955902e+01 3.323203580850394445e+01 3.840580500321541280e+01 4.222306818783143001e+01 4.417078297542492749e+01 4.451173521043838122e+01 4.043225166940018056e+01 4.452528110040171327e+01 4.195055590482026275e+01 3.208227140594327409e+01 4.195055590482026275e+01 3.536625228173927837e+01 4.435293188456793700e+01 4.672662670132167761e+01 3.662356385546891602e+01 3.079240426093686978e+01
1.349999999999999985e-02 1.001336709769361377e+01 1.875119448996246874e+01 2.288934238852938208e+01 2.073266281003601108e+01 1.072679760906667035e+01 2.072607455249489661e+01 1.723300729261639219e+01 2.430596124176677009e+01 3.433468844815994458e+01 3.943946770441887395e+01 3.590006277317646521e+01 3.176345731352070345e+01 2.989904841170236693e+01 1.990196872410745499e+01 2.624863200842311883e+01 3.037303708564700244e+01 3.512464412466175645e+01 2.554770265269114660e+01 2.554633688967752647e+01 1.726689109649239029e+01 1.902539434235881899e+01 2.886661026072935243e+01 2.916607612948287809e+01 3.541180528385943660e+01 3.517249140413322550e+01 4.101599965299116946e+01 4.480656657214982630e+01 4.927637142865322772e+01 4.596653360847086844e+01 3.608549557533902430e+01 4.596653360847086844e+01 4.229892582800278689e+01 4.922760270082418543e+01 5.089376507556858797e+01 4.508211372323753352e+01 4.057053974123081019e+01
1.349999999999999985e-02 1.001349999999996321e+01 1.618830382850089578e+01 1.996423224362005300e+01 2.408392711711424283e+01 2.073658332915292135e+01 2.492179669421321009e+01 2.724330743384930287e+01 3.141837496912214078e+01 3.196103675625597518e+01 3.610322729313698176e+01 4.315213732831161764e+01 3.321418901363231413e+01 2.628093717401278084e+01 2.989904841198771024e+01 2.532177925737975954e+01 3.515527067851920151e+01 3.870789439140307309e+01 2.931786274376834811e+01 2.372260949961526322e+01 2.723909492518584941e+01 2.050948251781728260e+01 2.142372934965165499e+01 2.358135588242243585e+01 2.597697701669197201e+01 2.851829281018957118e+01 3.194216939217191964e+01 3.657026706697017460e+01 4.540537196384075003e+01 5.012717536013701647e+01 4.601239118843406573e+01 5.027544399030951894e+01 5.202032236321046810e+01 4.754485413057032162e+01 4.309112829783285292e+01 3.920938991060805279e+01 3.611173716539337164e+01
1.359999999999999924e-02 3.028713445222220635e+00 6.190991085010451478e+00 9.970634662256435021e+00 1.704035810913420335e+01 2.699341912640818819e+01 2.353945424781943530e+01 2.778465980658484469e+01 2.787954449586827010e+01 2.196326059038739231e+01 3.033061005952352929e+01 3.740041897738731791e+01 4.027680736470452416e+01 3.612494668391904185e+01 3.930150510914901218e+01 3.097558812084599467e+01 3.930150513059883366e+01 4.255712030992356887e+01 3.715221606460082171e+01 3.300242805073207109e+01 2.365835353309506317e+01 3.003671379417091103e+01 2.697629995415757520e+01 2.547196644229541462e+01 3.479325178636921834e+01 3.781054105273906885e+01 3.615642095972074799e+01 4.480656657214982630e+01 4.927637141916310526e+01 5.112866905616001389e+01 5.530918830076760173e+01 5.635865460297981855e+01 4.967697618595942544e+01 3.868155898506243062e+01 3.259442519226405466e+01 2.900521957958398289e+01 2.600393003681505988e+01
1.369999999999999864e-02 1.001369999999996274e+01 1.618830382850376282e+01 1.996423224362012405e+01 2.408392711711424283e+01 2.187373637131557302e+01 1.346359817257916625e+01 2.184475227647090989e+01 1.791577042034127842e+01 1.619197864537561316e+01 2.326080114165971935e+01 2.896033641325642449e+01 3.311755573995339574e+01 3.359537299641785069e+01 3.775887734009884866e+01 4.086482328474527748e+01 4.504554233956282161e+01 4.444760912865719860e+01 3.665014160241886287e+01 2.762464589336217102e+01 2.791143612995436740e+01 3.639272850837638629e+01 3.349935459890976119e+01 3.479415821558077937e+01 3.006212472829528792e+01 3.650979299106886344e+01 4.517064901606730842e+01 4.903341552290223859e+01 4.932182089233429423e+01 4.055878195454958046e+01 4.682746723025998392e+01 4.657348405905148070e+01 5.406318270166475770e+01 4.754485413057032162e+01 4.309112829783285292e+01 3.920938991060805279e+01 3.611173716539337164e+01
1.290000000000000001e-02 7.083967811865485409e+00 1.708396781186653257e+01 2.074725171786982258e+01 2.174546964151863904e+01 1.769261852818023684e+01 7.703534700708768668e+00 1.768302083081274745e+01 1.085574571742897199e+01 1.942654250332461174e+01 2.122160499428670732e+01 1.895312766621889011e+01 2.541988384052766747e+01 2.358189297855518518e+01 3.198257543738389685e+01 3.617372019556468388e+01 4.124192547150802568e+01 4.077379844602345571e+01 3.208623897426682703e+01 3.665014160241886287e+01 3.314338063521231703e+01 4.082319389185341407e+01 4.217885310589945647e+01 4.296825102939241248e+01 3.495857002735727548e+01 4.296825103020287173e+01 4.944493999263549000e+01 5.157590839948053230e+01 4.464204484924628957e+01 3.449882580029861856e+01 3.642225928923551947e+01 4.682745224068106893e+01 5.068204667994798740e+01 5.496141415449728385e+01 5.216492633249278299e+01 4.634815246559283963e+01 4.185220245402206984e+01
1.379999999999999977e-02 1.001379999999996251e+01 1.260936575609382793e+01 1.072887702771858187e+01 1.183031404195041603e+01 1.593672948838139369e+01 7.703534700708768668e+00 7.703534700708768668e+00 7.703534700708768668e+00 9.438160875542754624e+00 1.122838981329388730e+01 1.318469627552712353e+01 1.541683486089593913e+01 1.842892269668773864e+01 2.196469754255749152e+01 2.696977372446794874e+01 3.701937239167760652e+01 4.425300716468968432e+01 3.666549308636772508e+01 4.444762235645128357e+01 4.179976464696146365e+01 4.558131733648382777e+01 4.418774554773069241e+01 4.742304329407217978e+01 4.370372526016911507e+01 4.755212725966055132e+01 4.841506701929554879e+01 4.099985086216396724e+01 4.032243585870751446e+01 2.994708621985110497e+01 3.945660225902633300e+01 4.317661436634809036e+01 4.006788122292060450e+01 5.068204667994798740e+01 4.799333492783179622e+01 3.791671232109285938e+01 3.209348284963516562e+01
1.359999999999999924e-02 1.001359999999996298e+01 2.583683890082208556e+00 3.667936411871876690e+00 4.778091875762010332e+00 5.954612792868889670e+00 1.593518394754159395e+01 1.768743298035717260e+01 7.703534700708768668e+00 1.768758551296956938e+01 1.699368548779730403e+01 2.025119932057305761e+01 2.541988384052766747e+01 2.358189297855517808e+01 2.843862127133754214e+01 3.617372019556468388e+01 4.129908837067676330e+01 4.880035598574168176e+01 4.509141792804114601e+01 4.880705744174171201e+01 4.210196910771768586e+01 3.801038995289285793e+01 3.371242828285125626e+01 4.132202342122468508e+01 4.632084818166011075e+01 5.157692470463869228e+01 4.099987181433218097e+01 3.356778027711636270e+01 3.745907310731607964e+01 2.713187702235802234e+01 2.905395468170488371e+01 3.265653355184920770e+01 4.317649543776769150e+01 4.443773274021824449e+01 4.033681885089659147e+01 4.443053166609262661e+01 4.185220245402206984e+01
1.359999999999999924e-02 1.067688667021433391e+00 1.073571731923218131e+01 1.364170425525154684e+01 8.791812724029506754e+00 1.593034336783065186e+01 1.410336333728054470e+01 2.182847271659799304e+01 1.343231646593325479e+01 1.475944485885328028e+01 2.475759706570449836e+01 2.699703677803329427e+01 3.441887370962900405e+01 3.359537299639723784e+01 3.775887731824506943e+01 4.267532818585124943e+01 4.812790649968054169e+01 4.323117895972175262e+01 3.917459704416592814e+01 4.323117895977426173e+01 3.571280059527006046e+01 2.790800467423431286e+01 2.696624414452443830e+01 3.220224736355814343e+01 4.223232003885309638e+01 4.797529194805592567e+01 4.385548014961344165e+01 3.801868286147576725e+01 2.761337038083993534e+01 2.444447210093504452e+01 3.480484754331401120e+01 4.317669830864791436e+01 4.520115872466008966e+01 3.947337646411995848e+01 3.041003719424076479e+01 3.946743898918025195e+01 3.666440260166390885e+01
1.319999999999999993e-02 1.001319999999996213e+01 1.494585254320008083e+01 1.942134964060435820e+01 1.584583160676699976e+01 1.852470627251576829e+01 2.117082500996390593e+01 2.613964727616224337e+01 2.321163718472390514e+01 2.475750505638769283e+01 2.890830902929084090e+01 3.701270018787385396e+01 3.981991917383655277e+01 3.552884600220198053e+01 3.981065248158051162e+01 4.587261734969420246e+01 4.303359868017744105e+01 3.415154043808364293e+01 2.912848383200130797e+01 3.824512328080129464e+01 3.217761423683036526e+01 2.189604941574091512e+01 2.922801534707567939e+01 3.929834913662796936e+01 4.630597720319121890e+01 4.385462658783079348e+01 3.393631710816058700e+01 3.684168657289387738e+01 3.281509198450052622e+01 2.236923602625408236e+01 3.281646378661240249e+01 4.149166425641021760e+01 4.110080461534339236e+01 3.118131099340343582e+01 2.528987618362306122e+01 3.086322457475294456e+01 2.661782486636170120e+01
1.019999999999999900e-02 6.181940502967419704e+00 1.498084591537195109e+01 2.572849727525971275e+01 2.627883982249124273e+01 2.848302251228949089e+01 3.117197044226243463e+01 3.095313246166262644e+01 2.649104136359336081e+01 2.937756059061785763e+01 3.140710422549491199e+01 3.365494007589671810e+01 3.011965049807784567e+01 2.471035556378405573e+01 3.104659524745773425e+01 4.165171439931397401e+01 3.897044552358635627e+01 2.892745718536415467e+01 2.400805880206493370e+01 3.415154038150788551e+01 2.963963446579674610e+01 1.939159136359080549e+01 2.963963446579670347e+01 3.735426563886809248e+01 4.236070752845586185e+01 4.294440161683000667e+01 3.684181589469599061e+01 2.683816958369742878e+01 3.112359173815809399e+01 2.057126436612279718e+01 2.671342113885992831e+01 3.714451672836294449e+01 4.206972031393388534e+01 3.798157468857932173e+01 3.086354708908139699e+01 2.050402637209799295e+01 2.050402637209799295e+01
7.249999999999999500e-03 7.078317811865485254e+00 1.707831781186555276e+01 1.914682993782947662e+01 2.323459944602709015e+01 2.163505955770770584e+01 2.580255658477310376e+01 2.433237353206908438e+01 1.552604409072172231e+01 1.869620869517332551e+01 2.066766277839132471e+01 2.287457535426328548e+01 1.930487291286694784e+01 3.011965049807784567e+01 3.981991917318141816e+01 4.412525793674302577e+01 3.840270511197766723e+01 3.077037988312928718e+01 2.059739359035909345e+01 2.692925066448531624e+01 2.692077692052498605e+01 1.939159136359080549e+01 2.305817683650704453e+01 2.820035150328521922e+01 3.827795441818851430e+01 3.881967483379712291e+01 2.884544677182287842e+01 2.286549651179496934e+01 2.933789322178065362e+01 1.885180666657180737e+01 2.644851576076233357e+01 3.692607865945483070e+01 3.630768195168657542e+01 2.794486202396925023e+01 3.086354406606315237e+01 2.050402637209799295e+01 3.086354695574908291e+01
