output/example_1/elevation_000499.asc
nrows	75
cellsize	13.33333333
xllcorner	0
ncols	75
yllcorner	0
NODATA_value	-9999
[rows 34 to 50 of 75, columns 37 to 73 of 75]
1.914644126077946495e+01 2.730919259747941297e+01 2.270585492934282357e+01 3.259535014333666680e+01 3.555863482923501095e+01 3.197688268699461034e+01 3.884583490889488644e+01 3.177957780305234436e+01 2.208832559231363390e+01 2.388616336342502322e+01 2.620094395966417267e+01 3.588684773705688258e+01 2.716763316773990766e+01 1.734369169111463904e+01 1.231521782320387359e+01 2.224208454322870665e+01 2.224223290477922532e+01 3.205917572067376398e+01 3.619613491600198785e+01 3.848019623051463611e+01 3.143743129370128742e+01 3.556042088032062054e+01 4.534357413876628584e+01 4.107672044666491473e+01 3.702525231101054715e+01 4.107672043689536423e+01 3.883708264101866803e+01 3.031134281722970059e+01 2.948005467258320778e+01 2.553880159907093272e+01 1.561953177800783443e+01 2.558788544660581721e+01 2.642472329285264010e+01 3.037594397080732733e+01 2.340053484277118301e+01 2.725733057969252826e+01 2.725733057969252826e+01
2.730919259774417540e+01 1.729577142887960051e+01 2.562540718980205767e+01 2.968998164897865877e+01 2.571709755556586430e+01 2.497822994411799868e+01 3.483111473850642881e+01 3.579895925980198967e+01 2.797835565342679942e+01 1.818522807268134045e+01 2.503213836296271921e+01 2.899880346434708045e+01 3.089646568525708403e+01 2.156896254994946815e+01 1.163964145834952468e+01 2.157561315174314132e+01 2.750086644855791462e+01 3.536620297421578130e+01 3.536620614701673304e+01 3.947199188454877827e+01 4.119252569653907869e+01 4.525911932936548254e+01 4.586585577758493315e+01 3.702525231100774761e+01 2.809499718149301373e+01 3.597602492751432379e+01 3.306373175630187689e+01 3.334954905358873134e+01 2.897774517697775565e+01 2.425755318293104068e+01 1.515109950341341616e+01 1.692385605218673206e+01 1.822234836618082809e+01 2.008503918120572962e+01 2.307811384862725035e+01 3.352598454574821574e+01 3.787748086699865269e+01
2.864655290655259279e+01 2.562540718980205767e+01 1.562082710506133942e+01 2.413872537489974945e+01 1.862455129986046742e+01 2.571709861539929776e+01 3.555892396534009947e+01 3.306959967095898634e+01 3.123444945013222807e+01 2.503213836296271921e+01 1.521607387828002622e+01 2.233221705859984141e+01 1.159101851042924025e+01 2.069477805897103551e+01 1.163964145834952468e+01 1.349499407795520156e+01 2.343280726933098279e+01 2.551951205165842751e+01 2.551951205312472126e+01 3.536620613173599281e+01 4.286671062373628160e+01 4.869806640980971224e+01 4.173036931452867293e+01 3.232013504080552480e+01 2.809499718149301373e+01 3.172326483645469253e+01 2.218332435914700795e+01 2.971131292224515263e+01 2.151647473061757054e+01 2.330389312669042212e+01 1.469399790543342199e+01 1.487420550389628104e+01 2.320898631556542213e+01 2.460851858606990916e+01 3.352596513497764619e+01 2.821402925512033733e+01 3.574506805753806304e+01
1.871382415312271519e+01 1.562082710506133942e+01 2.413872537488740733e+01 1.415974071365759634e+01 2.275210805311906626e+01 2.683300263705621802e+01 2.899614405687657381e+01 2.198350606585216838e+01 2.943611205358602945e+01 2.906656343638935880e+01 2.236425416721769821e+01 1.272194823694263377e+01 1.148845744680230219e+01 1.072309077344845463e+01 2.069458334511688236e+01 2.343275070218595246e+01 1.632109431863080218e+01 1.847441009736360229e+01 2.840354136722823597e+01 2.868408869337089229e+01 3.441422007754188428e+01 4.452557908816714871e+01 4.586585577758493315e+01 4.107672028306695466e+01 3.326958996803808333e+01 2.451354924975874994e+01 2.218332435914700795e+01 2.629010897857773088e+01 1.617857534369537476e+01 2.130305217306137777e+01 1.422404517102741295e+01 1.824339174360417815e+01 2.300322878776158575e+01 3.243040185278813681e+01 3.228963439156760273e+01 3.883793983637607283e+01 3.574506805753806304e+01
2.381244442075270129e+01 2.562806798551549292e+01 2.686980211113707639e+01 2.275185266453354771e+01 1.278327858052844590e+01 2.145057908921939216e+01 2.347756487606381626e+01 1.464707366622480933e+01 2.440031611854385218e+01 3.103481757945707287e+01 2.612690803905755388e+01 1.970980347764045248e+01 1.162138116625818718e+01 1.005736785063175986e+01 2.369668638720164111e+01 3.034173358249266883e+01 2.626771233202284961e+01 2.840354135588113138e+01 2.243380113961558919e+01 2.687723783636089081e+01 3.282015449823175146e+01 4.380173851124364148e+01 4.659792618087898575e+01 4.252363820550876028e+01 3.723844627763396176e+01 3.326958996803808333e+01 2.824747762023785569e+01 1.912452049132841125e+01 2.269899087687450034e+01 1.357528791453646910e+01 2.349221377183976855e+01 2.704528275570629603e+01 3.109482891913109270e+01 3.662268809691452986e+01 4.246411357246518747e+01 4.666628650844219095e+01 4.630479283152781278e+01
3.370666641368291749e+01 2.987794515473030188e+01 1.984439607352606316e+01 1.278327858052844590e+01 2.145168857921672512e+01 1.145158725775286257e+01 2.016352983489862893e+01 1.009391511953779208e+01 2.018980954357212809e+01 2.683417466471284385e+01 1.673251868172986434e+01 1.846785042198114368e+01 9.174907724653397878e+00 1.924971686037684293e+01 2.337123161483234313e+01 2.518516962212577681e+01 2.916541041538946288e+01 3.597486995480763738e+01 3.235459168419625087e+01 3.646416754966083573e+01 4.121226129123142101e+01 4.750765459724053841e+01 4.252363820525766869e+01 3.249906781470952666e+01 3.543519650367471030e+01 3.954834899730629161e+01 3.211719122799090798e+01 2.743362078501995782e+01 1.991428123917329529e+01 1.312977855583739384e+01 1.838406272680372311e+01 2.588117435574159941e+01 3.694745285855692174e+01 4.207412804046297339e+01 4.487048389860685660e+01 4.069262568683294035e+01 4.200451792593739953e+01
3.676599955829235711e+01 2.626792524226333470e+01 1.910142911698364543e+01 2.278315757753168924e+01 2.427000362935463329e+01 2.016352983503271901e+01 1.009391511953779208e+01 1.896467782563158622e+01 2.302946130177433659e+01 2.130607184281492650e+01 1.742972479471348990e+01 8.375298310461225526e+00 1.841446303434021203e+01 1.171682437512287756e+01 1.351429813362681820e+01 1.536191972073525136e+01 2.235595696338503657e+01 3.039950229694298756e+01 2.685853855045454353e+01 3.144356126276598928e+01 3.761913280425588368e+01 4.603976452108769735e+01 4.252363820310809217e+01 3.249906781470945560e+01 2.541654214012502422e+01 3.071235670086680969e+01 3.483780838061310448e+01 2.938430874347544730e+01 2.227152987839882314e+01 1.268789912005579090e+01 1.644358675623268695e+01 2.595162150410638446e+01 2.921555456063185119e+01 3.812576823146910954e+01 3.904291625789905851e+01 3.059591673731803496e+01 3.190529379312258484e+01
3.538773533687944450e+01 3.350426468102076427e+01 2.921596592336650744e+01 2.724104831408208227e+01 1.724728913994739088e+01 1.009391511953779208e+01 1.896593017144444460e+01 8.842119539251807936e+00 1.778305622720016288e+01 1.574275389057927654e+01 7.621239818212192318e+00 1.761704695805434184e+01 2.223923532922801272e+01 2.163807142933878680e+01 2.337148100479272372e+01 2.518517412215353701e+01 1.831222618801624691e+01 2.082107754057627247e+01 2.762595258190013325e+01 3.709544363491552588e+01 4.402326304374380328e+01 4.317510944655530380e+01 3.817743756018851542e+01 3.405517074438343172e+01 3.071235670086680969e+01 2.053911851903318464e+01 2.777555633285625802e+01 2.694966118576536473e+01 1.726548399861361460e+01 1.225099370268034349e+01 2.213437795378835915e+01 2.232287434423853156e+01 3.134120195171662715e+01 3.470964902153711051e+01 3.051732221495682040e+01 2.467109471854607605e+01 3.190529379312258484e+01
3.101319878229422500e+01 3.717164800979655581e+01 3.317675304395544345e+01 2.833109623766853957e+01 1.834121630957802296e+01 1.725378173686461025e+01 1.894174748450597434e+01 1.778659218221002192e+01 7.669211661796444979e+00 6.901114435056070029e+00 1.628831374145817890e+01 1.392593777942700406e+01 1.504425972823483093e+01 2.092478564178270517e+01 2.963792448656141687e+01 3.196094283405414416e+01 2.274123828444096418e+01 3.039950229694299466e+01 2.639848913506187600e+01 3.185587468305472925e+01 4.134103175432471744e+01 3.905842965573481962e+01 2.905384759577993847e+01 2.402750480434259472e+01 2.053911851903318464e+01 2.777555633285625802e+01 1.756322799896028997e+01 2.475656130218223794e+01 2.042542386080206995e+01 1.181171809976953035e+01 2.165197531966354205e+01 2.803881542702314178e+01 2.565171567005168285e+01 2.714814185361598220e+01 2.013281091596772043e+01 2.488573440778280954e+01 3.211526290593907618e+01
2.693364455688652725e+01 3.153051334913084602e+01 2.335374652107584126e+01 3.153051334923868154e+01 2.833109623766853957e+01 2.733901985806538804e+01 2.876375285728170184e+01 2.184742349483992285e+01 1.772758763548733896e+01 1.601503277851513829e+01 6.335678941728323466e+00 8.832136839484471480e+00 2.167994480443418936e+01 2.814684470533222083e+01 3.313066491061886154e+01 3.621531731679773713e+01 2.950937058484846531e+01 3.621531731737400150e+01 3.586491741755855145e+01 3.978048594698459084e+01 4.524613599830687605e+01 4.317032611981925783e+01 3.817723953745493048e+01 3.405515994559728199e+01 3.071235684052807713e+01 3.191859069463373899e+01 2.504617905946776446e+01 1.498055438157454411e+01 2.135047505182831173e+01 1.135131878148676599e+01 1.871709102493500865e+01 2.304758927386403755e+01 1.503767018309686065e+01 1.656354431916201619e+01 2.714814183898167244e+01 3.417110367596140463e+01 3.507337245627535793e+01
2.363211610313083710e+01 2.750543758371943071e+01 1.770749006187899965e+01 2.750543758371943071e+01 2.857141877849790390e+01 3.263323335173129891e+01 2.880385082422816723e+01 2.045491282831457625e+01 1.506592212468480874e+01 1.459466289017596807e+01 5.961864874008871773e+00 1.640883597401708727e+01 2.298003669892944600e+01 2.666388857616879804e+01 3.076328915059319158e+01 3.571706433886323850e+01 3.900209749893889466e+01 3.943654951133495956e+01 3.943654951164053557e+01 4.334159344380129397e+01 3.949729922987311426e+01 3.505840886930791811e+01 3.425694843478414242e+01 3.803386756913260314e+01 3.660896912499198663e+01 3.357743864019390401e+01 2.919584727007534752e+01 2.278417857575169947e+01 1.261800536561567299e+01 1.086603828670090266e+01 1.207748193492611932e+01 1.315362330623953646e+01 2.358150712052061593e+01 2.714814053382600534e+01 1.957005617214373316e+01 2.997969680487439348e+01 3.738662096391696110e+01
2.067706783264773662e+01 2.404020047788597125e+01 1.428756952731968788e+01 2.403920381910130288e+01 1.877410456957041163e+01 2.695943329043696224e+01 2.713080341591022204e+01 2.163692333515896493e+01 1.640196073817697098e+01 9.087691917653341278e+00 5.567658668522925680e+00 1.691255861221963031e+01 1.326352826522195016e+01 1.665371119729290328e+01 2.170567222834558763e+01 3.162210492399238504e+01 3.672813243821097018e+01 3.011467143263370971e+01 3.011467143263371327e+01 3.943654951164053557e+01 3.505932835064512432e+01 2.398335914843893235e+01 2.266161166467247767e+01 3.166357547824290464e+01 3.075285385142123928e+01 2.317816322916411309e+01 2.463753376516998017e+01 2.409534625226434912e+01 2.000584826737995314e+01 1.040464817548392240e+01 2.059377836617628077e+01 1.729843302694591145e+01 2.757038269405039799e+01 3.417084727404791522e+01 2.567903189098905514e+01 2.297623739009197052e+01 2.895178017214400512e+01
2.487569583080016500e+01 2.109813777275907398e+01 1.134228886476266318e+01 1.727174478891910780e+01 1.314578372262858252e+01 2.291130760425829038e+01 2.382273203887392654e+01 1.211898204639469334e+01 1.250257345364072314e+01 4.981675998016687146e+00 1.154126656180975097e+01 8.753522349301313454e+00 1.895887496063473776e+01 2.666388857616880514e+01 3.076328915059563585e+01 3.571706433821916704e+01 3.284498630858059443e+01 2.359532831204530723e+01 2.976176697641416879e+01 3.907653001080890220e+01 3.362595692625713184e+01 2.254417401358783835e+01 1.636620999176291136e+01 2.291238746932505421e+01 2.679778695743561201e+01 2.201320458660496726e+01 1.488269759372174583e+01 1.959532998655222968e+01 9.733294513199806985e+00 1.964494678381875659e+01 2.397723568643461078e+01 2.719942232255255732e+01 2.469380652292663925e+01 3.475882609116317923e+01 3.289826562919621011e+01 3.321504140572552899e+01 2.693356557939615925e+01
1.400972464532913797e+01 1.881154771059754438e+01 1.726195746464086866e+01 7.499601215816205979e+00 1.727124582697874899e+01 1.917676491948433437e+01 2.328101422238295726e+01 1.461273324905162596e+01 4.403187157048838785e+00 1.337641337755711746e+01 1.747303577005418163e+01 1.895386250362011182e+01 1.524389736728542566e+01 2.247124212027424051e+01 3.256948066391138497e+01 3.022596665219796108e+01 2.626571748200847622e+01 2.047780923490582694e+01 2.704142361299837205e+01 3.632925681018342345e+01 3.809269852265484246e+01 3.174503997259274968e+01 2.291238746932528159e+01 1.226827948062216933e+01 1.931745047508632851e+01 2.323470533675333982e+01 1.959168572271817155e+01 9.249217100239167877e+00 9.249217100239167877e+00 9.249217100239167877e+00 1.718381244845653555e+01 2.951838424580940412e+01 3.475882608772491977e+01 3.890613872704086873e+01 4.299153003853318467e+01 3.991713419516392491e+01 2.988621213435591528e+01
3.818432364142037461e+00 1.310648990540112457e+01 1.335346185751626180e+01 5.542768418919537865e+00 1.341582350492478426e+01 9.198222116036216534e+00 1.341583350884342529e+01 1.340991505720277566e+01 4.130029751292843443e+00 1.339610985728984360e+01 1.335336485466394407e+01 2.298408050966932592e+01 2.533699442810304703e+01 2.947324098338144793e+01 3.412924543072604422e+01 2.625923598790995683e+01 1.688700313453481527e+01 2.622207314588310467e+01 3.005711617888744058e+01 3.473421766524549525e+01 3.545874682275258039e+01 3.123023678822680438e+01 2.739332368790476480e+01 1.931746948632369865e+01 8.604817817687875348e+00 1.902465024206262001e+01 9.249217100239167877e+00 1.959312165281561491e+01 9.249217100239167877e+00 1.961402069348872956e+01 2.394102475438721456e+01 2.688933446044766384e+01 3.108072411974788096e+01 3.773804361325985468e+01 4.204534380826950013e+01 4.325531540489557614e+01 3.322377636248243249e+01
3.818432364142037461e+00 3.991262449565622372e+00 3.991262449565622372e+00 3.991262449565622372e+00 3.991262449565622372e+00 3.991262449565622372e+00 3.991262449565622372e+00 3.991262449565622372e+00 3.991262449565622372e+00 3.991262449565622372e+00 1.341587160731360484e+01 1.750012187457812374e+01 2.320529860975911163e+01 3.188725196523238026e+01 2.759824296854808878e+01 2.102043373132615045e+01 1.688700313453481527e+01 1.688700313453481527e+01 2.161316386414902979e+01 3.088437644936374227e+01 3.123023678822588778e+01 2.069387298125830910e+01 2.375131538821438326e+01 2.236700652346924301e+01 1.847767228016279617e+01 8.604817817687875348e+00 1.477144197323709207e+01 2.355643543361101067e+01 1.961395706083312263e+01 1.222186630021151466e+01 1.447214761340371147e+01 1.681976718520368408e+01 2.688933446044877940e+01 2.773008363514958674e+01 3.773804361303981381e+01 4.402202491329231293e+01 3.768540855262150302e+01
7.009556202164425542e+00 1.335595180172786023e+01 3.991262449565622372e+00 1.323473495937160926e+01 1.341581357938135355e+01 3.991262449565622372e+00 3.991262449565622372e+00 3.991262449565622372e+00 3.991262449565622372e+00 3.991262449565622372e+00 3.991262449565622372e+00 9.192934749768740588e+00 1.915957629379035509e+01 2.522293600107284206e+01 1.867749484318202491e+01 1.429007024858426256e+01 2.374657338867165990e+01 2.624877017101659504e+01 3.009522501923895632e+01 3.473421766174484304e+01 3.060141504483604535e+01 2.376147304166079266e+01 1.322334413935393549e+01 1.689633415681697315e+01 8.008696140784858031e+00 1.842207641028833365e+01 2.302670916798522782e+01 2.471312601957383492e+01 2.646183425331890504e+01 1.734968218895762959e+01 2.457697125967218810e+01 2.688933446044877940e+01 2.069498941058654040e+01 2.449778209620102842e+01 2.940922449987735376e+01 3.962610616481126868e+01 4.348884453256902560e+01
