output/example_1/elevation_000049.asc
nrows	75
cellsize	13.33333333
xllcorner	0
ncols	75
yllcorner	0
NODATA_value	-9999
[rows 34 to 50 of 75, columns 37 to 73 of 75]
3.187010396439509208e+01 2.244383908011482021e+01 1.229390624265001541e+01 1.846773053169637535e+01 2.182328630698125238e+01 1.831183855425940621e+01 1.472349283561547040e+01 5.570516719049043886e+00 1.544142766240025644e+01 5.956135523843977708e+00 2.003908796402480164e+01 2.554807743911633722e+01 2.919891426606743678e+01 2.600380141110625587e+01 2.139249921472363880e+01 2.813092141525209300e+01 3.826664404014262288e+01 4.600500956286216336e+01 4.461782514189441429e+01 4.049104126485912758e+01 4.265382738163035725e+01 3.412697420400665749e+01 2.381027516059136317e+01 3.315411167410466931e+01 2.531571961931264880e+01 3.421164856824496781e+01 2.980169399182855727e+01 2.053582142572443914e+01 3.156827275940931798e+01 3.304621269246296578e+01 2.414794923067580612e+01 3.516708246179768338e+01 3.563599023216255546e+01 4.637635656432271247e+01 4.309387492995689684e+01 4.600916272675614493e+01 4.600916272850732014e+01
2.968066576775756360e+01 2.527608959933045440e+01 1.846772992428899229e+01 8.331785666417893310e+00 1.485220234128283678e+01 1.372591950620060786e+01 5.081091330208119317e+00 1.498156729065393655e+01 1.909654897298545606e+01 2.003106394014420744e+01 2.478267189243099367e+01 2.598228897955647909e+01 2.191079723677396984e+01 1.641128883882973000e+01 2.600380141110625587e+01 2.854034354619737002e+01 3.111888441994097221e+01 3.881018374522039238e+01 3.886592697858562673e+01 3.052860958933609226e+01 3.271580190127513532e+01 3.959016725619140686e+01 3.844981439999680362e+01 4.006259954476330876e+01 3.057363781629983635e+01 4.016364889842645169e+01 3.156827433451377729e+01 2.053582142572443914e+01 2.053582142572443914e+01 2.198530833145012053e+01 3.304621296612364745e+01 2.660922943815798902e+01 3.762368607304406254e+01 4.244437840639598392e+01 3.530720197947574235e+01 3.829603622340371061e+01 4.600916272850570721e+01
2.533957949953812516e+01 1.549178078309976847e+01 1.831790721176892589e+01 1.496975750014606987e+01 4.750707735340380822e+00 4.750707735340380822e+00 1.469571004248921220e+01 5.081091330208119317e+00 1.521842842678787022e+01 1.735109612388238176e+01 2.120605077147351025e+01 1.830578743129136754e+01 1.204417198177891990e+01 2.191079723677396984e+01 2.316399309809036211e+01 1.821896954991247597e+01 2.414568847659534967e+01 3.454355401214377963e+01 3.440176444049888005e+01 2.474900442755299323e+01 2.577684580707579087e+01 3.271580190127514243e+01 4.265382738167739518e+01 4.540465382628593005e+01 4.122475639513741186e+01 4.540465382628593005e+01 3.600549115281025792e+01 2.606176322954443592e+01 3.156827494271072965e+01 2.524336431082324950e+01 3.626985900120601514e+01 3.762368607304406254e+01 2.925910076686675509e+01 3.147708287761459545e+01 4.244437887546293808e+01 4.904150337005549432e+01 4.600916272850570721e+01
2.240557979272848854e+01 1.723682458538844031e+01 8.458810315300828719e+00 1.449283488820671195e+01 4.750707735340380822e+00 4.750707735340380822e+00 1.464476055356904283e+01 1.504948149179251971e+01 5.610596240152709413e+00 5.908850850081452499e+00 1.600149273100770841e+01 8.522864059855452368e+00 1.640202632909808500e+01 1.897602217440606154e+01 1.318889452227995029e+01 2.316399309809036211e+01 3.282342862128881222e+01 3.086015884728333347e+01 2.672398704871996955e+01 2.030874176865170000e+01 3.027146456246153861e+01 3.974839458461623565e+01 4.601982271247226919e+01 4.670842656271442905e+01 4.378679262630488722e+01 4.670842656271431537e+01 4.144386023376512185e+01 3.390198922648414026e+01 3.992919590334181379e+01 2.895118516740387804e+01 3.992919617384649911e+01 4.389369150846063405e+01 3.296596580485370254e+01 4.244437886467753174e+01 3.931683998625987186e+01 4.999492568101774026e+01 5.636222128593349368e+01
1.732800193472018790e+01 6.131126166460230564e+00 4.254215781823927678e+00 4.349997095094233046e+00 1.446899522479289324e+01 1.479180574261899217e+01 1.511169222317943017e+01 1.829013501843106226e+01 1.554304148216662185e+01 1.003222075892883858e+01 6.348972177532411720e+00 6.348972177532411720e+00 6.348972177532411720e+00 9.071374603857737640e+00 1.897506667544931958e+01 2.734089844683974491e+01 2.798209256017920410e+01 2.384823296528963965e+01 1.680759079435788905e+01 2.672398704871996955e+01 3.440176471980337425e+01 4.311983541535200004e+01 3.608137883328294038e+01 3.676749439034673372e+01 3.386000586267133627e+01 3.676749439034673372e+01 4.533290397483198575e+01 4.473458991822582220e+01 4.425816653770878872e+01 3.450736514463506666e+01 4.425816653718091942e+01 4.797487022035971904e+01 3.718460615636205091e+01 4.797487022035971904e+01 4.999492568101774026e+01 5.415003266027805751e+01 5.741181783149144024e+01
1.580750224949227523e+01 1.388249653509478954e+01 4.254215781823927678e+00 4.254215781823927678e+00 1.129518608899162579e+01 2.060908033242715831e+01 2.526597471271145423e+01 2.322387888581948800e+01 1.518307513089330030e+01 1.369546094678723414e+01 1.629721981289403487e+01 6.348972177532411720e+00 6.660128657103800975e+00 1.660363765902372535e+01 2.062518943388521464e+01 2.525379632448339606e+01 2.128071921897873509e+01 1.410662507765093210e+01 2.384823295037083568e+01 2.379467492597216349e+01 3.379597207710126838e+01 3.899228165105554211e+01 2.906747416165602615e+01 3.271528225001556223e+01 2.684164231629174679e+01 3.128693418030559315e+01 3.828764268396711401e+01 4.823569837970897112e+01 4.959106747833754270e+01 4.535102734531813695e+01 4.959107063622079181e+01 5.218402757961685978e+01 4.492186968007022330e+01 5.218402759601087837e+01 5.434583361096929366e+01 5.429953078854666160e+01 4.699628985722310404e+01
1.389078449675692362e+01 3.845378624878014850e+00 1.389581527549174567e+01 4.254215781823927678e+00 1.443019775241446645e+01 1.734920310042183189e+01 2.163904347024686103e+01 2.668257756680650772e+01 2.065504998420515648e+01 1.975523715367699040e+01 2.036032411653898677e+01 1.625771451333130102e+01 1.660716913631289771e+01 7.138001454568754234e+00 1.707004803544342053e+01 1.901465151063553805e+01 1.185285371342516747e+01 2.128071921897719676e+01 2.798207691070094327e+01 3.379597205961244555e+01 3.792563659676442711e+01 3.383882163042144242e+01 2.971960405083208911e+01 2.277972562173239268e+01 2.980795004409521098e+01 3.973387552233478459e+01 4.533290699658408585e+01 4.561603998788847036e+01 4.902270905864397577e+01 4.727588164398073900e+01 5.145264929297667322e+01 5.650299777424201153e+01 5.535089839331592998e+01 5.314563807284748975e+01 4.396153173670184344e+01 4.398203042318583300e+01 3.952867944749646512e+01
3.845378624878014850e+00 3.845378624878014850e+00 1.382322841499679100e+01 1.444185917752705173e+01 7.175887864051558651e+00 7.175887864051558651e+00 1.247061072528789794e+01 2.308474308999188551e+01 2.980766648717139589e+01 2.899611427089523730e+01 2.457506972953803626e+01 1.712620573530111301e+01 7.138001454568754234e+00 7.138001454568754234e+00 1.348223987367743426e+01 9.810267756374191350e+00 1.901636288612697001e+01 2.125973264782958339e+01 3.111875787929452031e+01 3.567961520538638354e+01 3.114101140688466884e+01 2.702535056155384297e+01 1.982027155994113343e+01 2.971960405083208911e+01 3.683542841382233490e+01 3.975608586818911760e+01 3.560093762190606270e+01 3.560113793722364761e+01 3.897001809489409396e+01 3.724588187471645995e+01 4.221860189428610255e+01 5.233316155857969676e+01 5.533809455893142371e+01 4.910416083043777036e+01 3.885458332949829696e+01 3.348433094809342947e+01 4.393771879953580139e+01
1.219336344462552191e+01 1.263185403874630452e+01 1.434480324709853249e+01 2.001275179690296113e+01 9.942089872336989487e+00 1.735595528548104838e+01 1.736498661234974961e+01 2.744422496473800877e+01 3.147418333203342655e+01 2.714683405370519864e+01 2.041512228944300489e+01 1.065123090097092273e+01 1.711999355731444794e+01 1.725966082072715224e+01 7.645242925739716533e+00 8.034516556997544967e+00 1.751052499290639375e+01 2.229460766626639767e+01 2.832868485971434680e+01 2.867306343144139191e+01 2.166652812120385363e+01 1.717992505988294738e+01 2.702535059253034788e+01 3.383882331077125372e+01 3.794851299182796822e+01 3.560033322594009064e+01 2.562711571012939515e+01 3.560017859809470764e+01 3.196407142433183068e+01 3.897002466362546613e+01 4.902350633219234766e+01 5.650300534409474551e+01 5.134948607621472405e+01 4.107538956882067538e+01 3.504847038545414506e+01 3.038573822054445017e+01 3.504830344481950988e+01
1.906556838954665523e+01 2.398329935582071926e+01 2.508739931754092467e+01 2.437684810268596891e+01 1.439367956058443099e+01 1.570219637656146183e+01 2.602223959967932743e+01 3.212254789789594156e+01 2.714133728765146714e+01 1.705838781037594032e+01 1.430798852482045724e+01 2.041512031818102457e+01 2.053265232913424754e+01 1.091575306563143499e+01 1.744107102684116128e+01 1.708092520496169797e+01 8.652013690548139735e+00 1.524183512340565017e+01 2.330758787326714909e+01 2.231767307314474635e+01 1.477248834825756774e+01 2.456399702197795065e+01 3.114101140719981586e+01 3.503593112048570646e+01 2.796534332864600358e+01 3.277921722895921874e+01 2.562711571012939515e+01 2.806765738422504697e+01 3.801181073596119120e+01 4.606219631070057829e+01 4.950575484046345309e+01 4.918518412263743045e+01 4.504597169218456543e+01 3.967139713105808596e+01 3.534440272083738677e+01 2.775379360111009674e+01 3.507263906391008845e+01
2.267505097323589069e+01 2.685012517055973902e+01 3.137271823151482053e+01 2.902682921737430988e+01 2.020034584448400494e+01 2.155959225865548134e+01 3.036147252598387070e+01 3.289465656018814599e+01 2.239364876239670465e+01 2.714683405372272063e+01 2.419548234673915488e+01 2.380775244548197023e+01 1.418275324256972247e+01 2.053290224062121183e+01 2.249897906676655523e+01 1.760525406239607449e+01 1.519029126253776418e+01 9.276240920768920262e+00 1.922945300342973241e+01 1.271079903541706280e+01 1.943268097507686321e+01 2.867306341389694424e+01 3.253939449232099435e+01 2.839529688890233672e+01 2.091292926055906065e+01 2.277843838305798840e+01 3.277725076202538901e+01 3.801155418203858005e+01 4.216835023906635627e+01 4.641125185544907339e+01 3.926744670498525380e+01 4.504597168788320971e+01 3.470795500451335869e+01 3.532076306191910220e+01 2.501955868535126370e+01 3.509989560992865165e+01 3.797120432944477386e+01
1.234347914694004977e+01 1.707103156674418898e+01 2.297445102518786442e+01 3.299302382094936092e+01 2.764956292988410524e+01 3.211832923564897158e+01 3.643387166585485915e+01 3.729945043712020691e+01 2.839192206956577635e+01 3.686989861668622126e+01 2.788645719142144230e+01 1.819666232419431395e+01 1.966959083402328190e+01 2.783967596851280391e+01 2.648090203030558953e+01 1.792950777270643314e+01 1.348053703493869726e+01 9.697470127250349847e+00 1.100759594021603860e+01 2.024800635502963786e+01 2.641656920766188321e+01 3.356881833799140935e+01 2.837396823173305549e+01 1.852863006570192184e+01 2.606999424241570296e+01 2.938145413624230784e+01 3.355456241141627771e+01 3.857570158566138474e+01 4.722382313697983136e+01 4.130052588294302751e+01 3.193549347097740565e+01 4.130052114420701770e+01 3.773588996351322322e+01 2.741580202773068820e+01 2.320666470319115149e+01 3.353359305840699278e+01 3.988540182724165817e+01
2.267505109726790735e+01 1.971858221888415130e+01 2.981259840851200593e+01 3.716666554858837657e+01 3.849899623139260285e+01 4.142852925586900881e+01 4.573442860719718084e+01 4.344473598460614738e+01 3.904550626087468146e+01 3.331128576881236825e+01 2.369819808633366520e+01 2.374855689418444982e+01 2.946188988315641311e+01 3.356352020295427252e+01 3.070743190082162499e+01 2.318981087166832111e+01 1.386146187194245094e+01 9.697470127250349847e+00 1.446729575493344555e+01 2.241836716624260006e+01 2.785718257751952720e+01 3.195391444050983054e+01 2.819221994409665655e+01 2.407481087126557284e+01 1.639856920445895838e+01 1.946996744817191072e+01 2.438159998594304412e+01 3.438865923259546520e+01 4.307840384083342400e+01 3.273809545180245095e+01 2.677607344851768900e+01 3.248700163495304594e+01 3.406411843578207055e+01 2.984490544488944508e+01 2.156080613058496809e+01 2.524729405958141015e+01 3.043297252274968301e+01
2.879607955809476749e+01 2.981259841124660426e+01 3.398168316633444874e+01 4.032411599040258920e+01 3.595412687881533031e+01 3.058828751045140848e+01 3.554455266000820046e+01 3.992167597172514348e+01 4.528294577480004790e+01 3.737195761023324536e+01 2.921685413279146459e+01 3.353893422120557233e+01 3.763852570611366133e+01 3.457513668162666676e+01 2.764938898527175581e+01 2.121785780854207104e+01 1.192579048672744157e+01 1.885531423155617503e+01 1.025162286701891290e+01 1.951652707100450002e+01 1.108556766411368599e+01 2.619703854948085464e+01 2.223244972583384182e+01 1.459553920935933924e+01 2.118330594190208060e+01 2.937683600045419396e+01 3.355682373636700788e+01 3.858837269222079414e+01 3.930199946036464098e+01 3.511482288960114317e+01 3.247712000038979596e+01 2.215068756492672009e+01 2.840315744314121105e+01 1.949700615797311798e+01 2.984490544193307215e+01 3.549060606748685132e+01 3.926007767513045366e+01
2.815679191593222797e+01 2.379225523265395381e+01 2.815679535197554273e+01 3.419454352719620260e+01 2.522897792030972397e+01 2.440024780416658956e+01 2.476957974520910355e+01 3.011873050307032074e+01 4.097036409087583309e+01 4.299816224154348276e+01 3.890438397623655220e+01 3.854697081737963771e+01 2.862448490562898584e+01 2.862446881683059985e+01 2.072232755111470937e+01 1.414373979003022441e+01 2.121785779659859728e+01 2.325506900405799016e+01 1.934347789642598414e+01 1.075011853203623780e+01 1.108556766411368599e+01 2.045794044115345045e+01 1.290593846684549995e+01 2.223244972583382051e+01 2.818298780794927083e+01 3.500145408905840583e+01 4.079638203098046745e+01 3.666689543300793019e+01 3.336255593832846955e+01 2.489551096887726800e+01 3.254130353243043317e+01 2.841316251373254431e+01 1.827586710706260575e+01 1.827586710706260575e+01 2.844014176476005318e+01 3.441579832107989745e+01 3.441579846016418287e+01
2.070321271350837122e+01 1.365521267815564421e+01 2.379225519946258416e+01 2.703612689603464858e+01 1.931548659479214791e+01 1.931548659479214791e+01 2.978508933007431025e+01 3.898436844675528334e+01 4.528294577480004790e+01 4.510280714505901045e+01 4.013689323462732261e+01 3.600482318922743730e+01 2.862448495662094672e+01 1.883221007632118926e+01 1.678404096654106681e+01 1.872151241888203543e+01 2.764956657007940066e+01 2.729069131177471874e+01 1.816292766311214990e+01 1.998686496144622993e+01 1.161619043997962741e+01 1.143292118642075295e+01 1.498559511687392565e+01 1.500136007596258025e+01 2.768623381227577340e+01 3.271234344003126893e+01 3.192544902038109456e+01 2.613307367035685402e+01 2.807714184908514810e+01 1.940491751669352993e+01 1.901151134996645098e+01 2.695204270831365534e+01 1.827586710706260575e+01 1.827586710706260575e+01 2.040174165013416641e+01 2.407081184874116886e+01 2.407081184874116886e+01
2.192629088497779932e+01 1.365521267815564421e+01 1.502939081447587277e+01 1.675738327692984697e+01 2.703612689603464858e+01 2.978508933007431025e+01 2.383832104297056986e+01 3.142857494994789036e+01 4.224325916731929453e+01 4.095165351961878031e+01 3.105801932957946576e+01 2.609831157998385720e+01 2.260608526614869263e+01 2.572231367455928464e+01 2.354191839699385014e+01 2.555272305488797002e+01 3.253219563516779544e+01 3.086480769357977394e+01 2.605695284872937023e+01 2.095159965035610128e+01 1.246253474195921740e+01 2.043084027588193763e+01 1.178961958176947356e+01 2.027650428804683713e+01 1.593126539396232566e+01 2.524899085973740398e+01 2.297920521523141346e+01 2.352961860840179753e+01 1.568818868617905871e+01 1.586800303288518954e+01 1.901151134996645098e+01 1.728611832368236989e+01 2.697183004225182046e+01 2.541163823786220988e+01 3.075829328050169664e+01 2.503695233293457179e+01 3.441579846016418287e+01
