output/example_1/elevation_000069.asc
nrows	75
cellsize	13.33333333
xllcorner	0
ncols	75
yllcorner	0
NODATA_value	-9999
[rows 51 to 67 of 75, columns 37 to 73 of 75]
2.087373590013410407e+01 2.705743764745850655e+01 3.375569023110125499e+01 2.557866685865270995e+01 3.375873215366787861e+01 3.505409000084794258e+01 2.482588782227189128e+01 3.505409000595705749e+01 4.019325930698852289e+01 4.383553940252584624e+01 3.808764807621977155e+01 2.973787697950869102e+01 1.945647719073251380e+01 2.649329892624297500e+01 3.065468892757167652e+01 3.408213018078644296e+01 2.977361464561408155e+01 2.093902717863447194e+01 2.977361448795143772e+01 2.195258277598801655e+01 1.134060687785093968e+01 1.134060687785093968e+01 1.990297188687971897e+01 1.854589805748903686e+01 2.762141596784752196e+01 2.922505598024429574e+01 2.592477164346127694e+01 1.591285705264938244e+01 1.591285705264938244e+01 1.676098412080701650e+01 2.681887611887600187e+01 3.195381579132889271e+01 3.826483705145869152e+01 4.085350023284879484e+01 3.718948606007264601e+01 3.702506290566680036e+01 3.560088021030199457e+01
1.628566087136059792e+01 2.198395528958000611e+01 3.183615268823706401e+01 3.538548334652426064e+01 3.941049290927710302e+01 3.917266064794301883e+01 3.210640809930788464e+01 3.917266068740357099e+01 4.483161039245350565e+01 4.262623605638371771e+01 3.269709646197243558e+01 2.544264416617964386e+01 2.973787697950695730e+01 2.387757840877379678e+01 2.985339340968791078e+01 3.982123655483385960e+01 3.348939903891789527e+01 2.611185768782525329e+01 3.348939898578631613e+01 2.713247485096519540e+01 2.209229279806315205e+01 2.126998024318004710e+01 1.200948096612915350e+01 2.186162909900325246e+01 1.993895454353365437e+01 2.753381000688622038e+01 2.413150375413980697e+01 2.475468390563799659e+01 1.591285705264938244e+01 2.589616005191606263e+01 1.935896167559062775e+01 2.924322447636803446e+01 3.174432181497730099e+01 4.118464823903497063e+01 4.587284369846378240e+01 4.657681030000022560e+01 4.110462758951437223e+01
2.614623117386813078e+01 3.022508687471323796e+01 3.587370195042836940e+01 4.158632542784366848e+01 3.746675058037877903e+01 4.162402231330663227e+01 4.216566429766496071e+01 4.187126483436721713e+01 3.484228553358273928e+01 4.187126483436721713e+01 3.967093194694141545e+01 3.269709646197243558e+01 3.782885702767446645e+01 2.781740582564909658e+01 3.782885702767452329e+01 4.383240754033271003e+01 3.857914970244192432e+01 3.477628771851317424e+01 3.356890236067285826e+01 2.394941367720279857e+01 2.268763660956771488e+01 1.299734573482557032e+01 1.200948096612915350e+01 1.200948096612915350e+01 2.185954189501694955e+01 2.168802143873965349e+01 1.568573481648135015e+01 1.487203127592709606e+01 2.475463932849674009e+01 2.985830251270376579e+01 2.924503762393820949e+01 2.205270942180065319e+01 3.175100493456577411e+01 3.677226921035747864e+01 3.644301156521705565e+01 4.327433675675089830e+01 5.063997388207027228e+01
3.076886322709866661e+01 3.486779055920781190e+01 4.057312481203420873e+01 3.660638862217830791e+01 2.748425847153508883e+01 3.660867957816284246e+01 4.191365426589640464e+01 3.741830350790657889e+01 2.778976565653952235e+01 3.529610676939692837e+01 3.940365637869343374e+01 4.262623605663065973e+01 4.182580026502338910e+01 3.493810838364921523e+01 4.182580026504915338e+01 4.099211349771749724e+01 3.598787143707181002e+01 3.200076729331873793e+01 2.930464118345730995e+01 2.394941367725998305e+01 1.426193488386392794e+01 2.268763660959023554e+01 2.185163035832526290e+01 2.186075804150990010e+01 1.271514761334515065e+01 1.318925400858726071e+01 1.393076992477261733e+01 2.393974118493162706e+01 2.854819958538197966e+01 3.623419519473509354e+01 3.568077758549210188e+01 3.175100482413981595e+01 2.497597790450646471e+01 2.725341898010382735e+01 2.975237434124628066e+01 3.934033105822458509e+01 4.769531267541808006e+01
2.096810478818205326e+01 2.659499895275806125e+01 3.647268150800773867e+01 3.247221099802755617e+01 2.239293912296789557e+01 3.247221099784363219e+01 3.194402527399904912e+01 3.194402527400647784e+01 2.331155857967389977e+01 2.530587184097211306e+01 3.306223780267480805e+01 3.717951579715616361e+01 4.216185661607070045e+01 4.442604522110342202e+01 4.447233944080488754e+01 3.413192146978821739e+01 2.723106507131527110e+01 2.230595212198263155e+01 2.533636129038151452e+01 1.557992727593349436e+01 2.394941367725932935e+01 1.426193488386392794e+01 2.396639500626944397e+01 2.247551866121363418e+01 2.248210079597766864e+01 2.259180534530223028e+01 1.394752149138270880e+01 2.367427411483042832e+01 2.268075137167335598e+01 3.230067471873278606e+01 3.693454088866707252e+01 3.761164275501013776e+01 2.900085963013092538e+01 3.327739318925176093e+01 3.900474367999047587e+01 3.420824268792012646e+01 3.897852016842403344e+01
3.076904837847764185e+01 3.486760537725466236e+01 3.619220252012588190e+01 2.910662298239759238e+01 1.876466762059830273e+01 2.911141982385304416e+01 3.107072941344868866e+01 2.195012511647076536e+01 1.953145021653238800e+01 1.953145021653238800e+01 2.306665831314067105e+01 2.807245758948797487e+01 3.805282860838088510e+01 4.520383616120733450e+01 4.048912003146479321e+01 3.655531561727592305e+01 3.343856934417354410e+01 2.678451269027294757e+01 1.694526310304836869e+01 2.533375956538406015e+01 1.836069465890485830e+01 2.396807876438161600e+01 2.807110572117101910e+01 3.206163616695634033e+01 3.037828085547462820e+01 2.083999321162609775e+01 2.367454320847522808e+01 1.467302775880446397e+01 2.444628029100189792e+01 2.913244103288824149e+01 2.770449407535264896e+01 3.682607037863710531e+01 3.941126853704469113e+01 4.107899516057756273e+01 4.488931458458313983e+01 4.097165812551443054e+01 4.769516148792128263e+01
2.342295095692382034e+01 2.749355690803285412e+01 2.945401099850174731e+01 2.237436894366044982e+01 1.563795609886924254e+01 2.611058482701967520e+01 2.466096531511527701e+01 1.711414838392648718e+01 2.694707519524074968e+01 2.269151774852380754e+01 3.269004499289348331e+01 3.717932208810677963e+01 4.216283674979090534e+01 4.124202624645111825e+01 3.186860499011697456e+01 2.720507679903472109e+01 2.395329809006251764e+01 2.783377712682719007e+01 1.799917381501392555e+01 2.784634206316473382e+01 2.811451433955606305e+01 2.303808800396380363e+01 2.986047686913391175e+01 3.937783718012783396e+01 3.432561184100216423e+01 3.042557831955683767e+01 2.841315174255774778e+01 2.444628101909291473e+01 1.540106542826765867e+01 1.983950332188167209e+01 2.944042354801916517e+01 3.796921120885001244e+01 3.676721728263171940e+01 4.058950770757083859e+01 4.594952699278245234e+01 5.047816773349589425e+01 4.876231466045665996e+01
1.374253327995372231e+01 2.263145738863897094e+01 2.452616331846330056e+01 1.648675257787131443e+01 1.341170678727176835e+01 2.248408312416415455e+01 1.510779014560112543e+01 2.046463300752187209e+01 3.039313101561362629e+01 3.269004499289348331e+01 2.804508737041802391e+01 3.379936165424935268e+01 4.379471262665806819e+01 4.520383659445763413e+01 4.048912002689858269e+01 3.655531561702909471e+01 2.940277292513277629e+01 1.962009940841881672e+01 2.778457624583129615e+01 3.172026882813803539e+01 3.661937207782864334e+01 2.986171680421769281e+01 3.090738308683273416e+01 4.051960502405405151e+01 3.773294828455931338e+01 3.380296201843526660e+01 3.044740833921411749e+01 2.523073993867508591e+01 1.540106542826765867e+01 2.523073979517455712e+01 3.021586181183566211e+01 2.865374237029425331e+01 2.744049368463942074e+01 3.284704514775933859e+01 4.212762224161590296e+01 4.201499131817394783e+01 3.922016425281790220e+01
8.741825160919246329e+00 1.858274062703215179e+01 1.937842972200369118e+01 1.081300236709997797e+01 1.174177475892000366e+01 1.320906613388524420e+01 2.258711890998306160e+01 2.874965732471149948e+01 3.450950334091530181e+01 4.212485378335295394e+01 3.802394225348187717e+01 4.212485372060000799e+01 4.786715807977371639e+01 5.003804521016476770e+01 4.530387901739815959e+01 3.722254711702511543e+01 2.782541038244277942e+01 2.090344914227203432e+01 3.057246357018649974e+01 3.554151896295984869e+01 3.904771883421455669e+01 3.936537845418023807e+01 4.051765297907701324e+01 4.045796437382248456e+01 3.104653813513399996e+01 2.429212747292063312e+01 2.649941387122860803e+01 1.663038245599867437e+01 2.523073989699278030e+01 1.639598414110482238e+01 2.626533141246909508e+01 2.180439808077036545e+01 2.865372420210126236e+01 3.796767927816910770e+01 3.744093899883032606e+01 3.252177427732470250e+01 3.818779613189012423e+01
8.741825160919246329e+00 8.741825160919246329e+00 9.591057308294745454e+00 1.937845488787227310e+01 2.132238455972164104e+01 1.329105667506849642e+01 2.272308417183849727e+01 2.833257105928526087e+01 3.284350150434895710e+01 3.690720810486764947e+01 3.469260456440519391e+01 3.880001753489985106e+01 4.453339095910527590e+01 4.610472510487284126e+01 3.682667261342055554e+01 3.213206660382999047e+01 3.286863594465238236e+01 2.343830570948653502e+01 2.306537540955305232e+01 2.635849415555774300e+01 3.293587832171864704e+01 4.246608197614427382e+01 4.344037357628606344e+01 3.940394254899463533e+01 3.304390086270841920e+01 2.778751624053499114e+01 1.793529908818820573e+01 2.649962118242852682e+01 2.981294407833559390e+01 2.622510697964935389e+01 1.744395110303920404e+01 2.731460137008214062e+01 3.183491950746251575e+01 3.377162246112573030e+01 2.813956425768044411e+01 3.468970300386602190e+01 4.408299080858669328e+01
1.132293984217255556e+01 8.741825160919246329e+00 8.741825160919246329e+00 1.858286547877839823e+01 2.543188749973924345e+01 2.272308698859256282e+01 1.472284735224086738e+01 2.424904077165327365e+01 2.288722106056911798e+01 2.999456578184261701e+01 2.465492751582639741e+01 3.027117536000889686e+01 3.986696603813313544e+01 4.998559926205273740e+01 4.530387901739815959e+01 3.638415340595755509e+01 2.713224361884299540e+01 3.286827747073236594e+01 2.475185690438898334e+01 3.410876986886989926e+01 3.296091087696505184e+01 4.242701309084446137e+01 3.940396966153614500e+01 3.001124353980076975e+01 2.912150809977768873e+01 1.933572343794066484e+01 2.778787553329923554e+01 2.978893320079230023e+01 3.353257178441527486e+01 2.406828781782585480e+01 1.823132814608998942e+01 2.801340689602044520e+01 2.230820134565884416e+01 2.439170029705721632e+01 2.758208595268033037e+01 3.669324385944209865e+01 4.076650309521367177e+01
2.100267456604590777e+01 1.573899715629936580e+01 1.858276269950322757e+01 1.164617467379917670e+01 2.135338597888008394e+01 2.837923810336891961e+01 2.426313220325091180e+01 1.613570717145881162e+01 1.717713066169727298e+01 1.993720578125501319e+01 2.999698515558407053e+01 3.286358300983895475e+01 3.992286867731549904e+01 4.985122599894104667e+01 4.300544226296793227e+01 3.364169045075646380e+01 3.638415325494758434e+01 3.569275058580393534e+01 2.643383975173297884e+01 3.569326937325495663e+01 4.242701309084446137e+01 4.651683165784356078e+01 3.677073525149209843e+01 2.842792204438565662e+01 2.368963271758993017e+01 2.035616206850604115e+01 2.519543624216478861e+01 3.476661601265498547e+01 3.732391074698462319e+01 3.188796907981805973e+01 2.280915259463636602e+01 1.941452287657365616e+01 2.914403119074659188e+01 3.035692483170224065e+01 3.421888406008865502e+01 3.238171509497534828e+01 3.870869691582178262e+01
2.833466268740063754e+01 2.545876890626012212e+01 2.343298232355155619e+01 1.375381298547009123e+01 2.054852423535828621e+01 3.040904749735980772e+01 3.004040872167731635e+01 2.591853259340305371e+01 2.710928172346429221e+01 1.905753345567262969e+01 2.908800828742302258e+01 3.514880701464971935e+01 3.927044741418797713e+01 4.425628199748162217e+01 4.693870990163044610e+01 4.300523607551525629e+01 3.854433490538299623e+01 2.924046383949462324e+01 2.993403514470368165e+01 3.567190876001185273e+01 4.498895889320670705e+01 5.145662544594404864e+01 4.216341966246291406e+01 3.516338983076940394e+01 2.608505062118029372e+01 2.145798649508102685e+01 3.004513542206885290e+01 3.739032143250869922e+01 3.899781519352170989e+01 2.960437364280416261e+01 2.920583488254089843e+01 2.920499817083477012e+01 2.076342789840823500e+01 2.076342789840823500e+01 2.774885690923869674e+01 3.749256061141633012e+01 4.137057617830193834e+01
3.242993922088571424e+01 2.850104080414519458e+01 1.881994875800171130e+01 2.344309680165167364e+01 1.805593620570387614e+01 2.384413462095668734e+01 3.457336601087925487e+01 3.414895866903703592e+01 2.435855066341958874e+01 2.908800828742217703e+01 2.130115917723710695e+01 2.513168484151127657e+01 3.015352705698712654e+01 3.730494092203585410e+01 4.725873101218986250e+01 4.721489238043927372e+01 3.776049697275988848e+01 3.127025647116441931e+01 3.914459032824579765e+01 3.571878600730641296e+01 4.503957469961035542e+01 4.780119209809666359e+01 3.885482625203977847e+01 3.811086468126658389e+01 3.095498920887127881e+01 2.259132923175396357e+01 2.937595691816925481e+01 3.864622451892358868e+01 4.296405124842431889e+01 3.899781519352194437e+01 3.865349489063427768e+01 3.135431570327224904e+01 2.176033719290063928e+01 3.038132828876627656e+01 3.037301656466339139e+01 3.949059405867913597e+01 4.370924097530078001e+01
3.736799738912467461e+01 3.260103340031727015e+01 2.359151917657005626e+01 3.229061709371226385e+01 2.382170681357108322e+01 2.953251005914670912e+01 3.913299179551264473e+01 3.835358739198454714e+01 2.926559075035365964e+01 3.129945926329648742e+01 2.130115917723710695e+01 3.129945926329667927e+01 3.653830886137617284e+01 4.061850325930723926e+01 4.627966657143813478e+01 4.879119808685450010e+01 3.990462161456992618e+01 3.345618705502933210e+01 4.282001530371764630e+01 4.230389046751275117e+01 4.889347736361462182e+01 4.666191587275567798e+01 3.727400942943030060e+01 3.097028677161318555e+01 3.313140188222551785e+01 2.374276738784863738e+01 2.739931341257789299e+01 3.388413065820566317e+01 4.330314146254067964e+01 4.344577681447891848e+01 3.397432027545232103e+01 2.740554614626625707e+01 3.134615686302854343e+01 2.321822425870137252e+01 3.264429430819454581e+01 3.055035174185271885e+01 3.583950588331167353e+01
4.284857205550417802e+01 3.752850804956096908e+01 3.341056273609994776e+01 3.752851176978615655e+01 3.416417205611021757e+01 3.849366660080769975e+01 4.501496335615750155e+01 4.323287140128739736e+01 3.609844650983339420e+01 3.537861410001534779e+01 2.633084981309740868e+01 2.417479966763053056e+01 2.659610516670080926e+01 3.231446659682863753e+01 4.222145860078957469e+01 5.000736903057004668e+01 4.542021553625074404e+01 3.598064607257764180e+01 4.544275311457057853e+01 5.164410067511059310e+01 4.633481952073331200e+01 4.238850923695431305e+01 3.960662658002326708e+01 3.465440478879267516e+01 2.542179809648382260e+01 3.313160254035609142e+01 3.663785269922776422e+01 3.491030302572526978e+01 4.435559487926516198e+01 4.630157561689416923e+01 3.674844566802352119e+01 3.674844048805608310e+01 3.650112610210383934e+01 3.264416495313439270e+01 2.466927025295571241e+01 3.395786395056725127e+01 4.020322863530313384e+01
3.789239361224193914e+01 3.750669169536730152e+01 3.341318074749374745e+01 3.553677494199393294e+01 3.739247498620917298e+01 4.008559188987520372e+01 4.024153331129101474e+01 4.752785328079374239e+01 4.613298197397165268e+01 4.032778174065839494e+01 3.336076209783722391e+01 2.793134318048124598e+01 3.653836562294954149e+01 3.101502145062506699e+01 3.603539588699452167e+01 4.628366801356035865e+01 4.844848928322476667e+01 3.891697964979059776e+01 4.845375877468408277e+01 4.906688809954744812e+01 3.962223413795019411e+01 3.330081780981556250e+01 3.316543867663377654e+01 2.721962422534753046e+01 3.465441221930255722e+01 3.003262174176049015e+01 3.927623870114496185e+01 4.435559487926516198e+01 4.791677597297430680e+01 4.247736146087045483e+01 3.856241229741983290e+01 3.681373308450001502e+01 2.767516802824089694e+01 2.643989836093406609e+01 3.395785009783768515e+01 2.711031525160625932e+01 3.235311581791459901e+01
