output/example_1/elevation_000210.asc
nrows	75
cellsize	13.33333333
xllcorner	0
ncols	75
yllcorner	0
NODATA_value	-9999
[rows 51 to 67 of 75, columns 0 to 36 of 75]
1.369999999999999864e-02 1.001369999999996274e+01 1.688186723926614619e+01 2.102400286299712562e+01 2.679750555489339803e+01 2.315659143772465356e+01 1.397382438603320232e+01 2.212066597745927155e+01 2.640206919361818194e+01 2.184785588164809411e+01 1.198432509688136527e+01 2.184685499231622074e+01 2.908873772197140184e+01 2.655922548583951226e+01 2.159257953889477122e+01 1.263945704200565423e+01 5.648667574132879565e+00 4.355056868774067169e+00 7.544442794107985684e+00 1.662026606089187553e+01 1.522690547304228303e+01 8.121778759861305375e+00 1.035857632021295993e+00 1.035857632021295993e+00 1.035857632021295993e+00 1.035857632021295993e+00 1.223765226209298396e+00 1.411966225203924896e+00 1.600291934426701035e+00 1.600291934426701035e+00 1.789834424829081172e+00 8.846964214733867848e+00 2.057617585238826763e+00 7.626239921752122619e+00 1.288710428697200960e+01 1.226154789243853749e+01 2.885849091336574190e+00
1.290000000000000001e-02 8.730564190098274224e+00 1.972142472378982703e+01 2.086392607192396298e+01 2.485867978203259554e+01 2.817882477555495768e+01 2.401774309937871976e+01 2.817881741677731000e+01 2.993723096906294145e+01 2.002981032955312202e+01 1.539697338417776074e+01 2.518394033523731679e+01 2.950903818932372857e+01 1.940405218406495891e+01 1.251142937049170278e+01 7.583082159946599177e+00 1.554107742388699442e+01 1.426397487792266183e+01 1.742410308184851786e+01 1.742410307802205338e+01 2.233203198607953155e+01 1.522690618197683854e+01 1.106572107640399594e+01 1.807166025247330943e+00 1.106572569260024252e+01 1.030686422443417527e+01 7.069600697113856747e+00 1.065791206903447907e+01 4.274476062737881499e+00 3.484805358485599580e+00 1.038895978231556150e+01 1.081172518402349780e+01 1.161347235485487772e+01 1.212450172175602781e+01 1.851674550667411268e+01 1.541564976145313359e+01 5.613120527079479949e+00
1.329999999999999932e-02 1.001329999999996190e+01 1.139290450060009618e+01 1.165589774363846765e+01 1.770165201517926690e+01 2.260753904020442207e+01 2.779161730138908837e+01 3.192002781271855838e+01 3.404973564916061690e+01 2.895662544418249951e+01 1.926115420800935141e+01 2.895662544418249951e+01 2.977064930555176403e+01 1.971602188059789995e+01 1.743758184918422316e+01 7.583082159946599177e+00 7.583082159946599177e+00 1.453023198446260977e+01 2.445654325109567040e+01 2.744337158403969568e+01 2.216106765398077982e+01 1.215897034252304998e+01 7.155829754987809821e+00 1.130018528733019956e+01 2.928707130643663170e+00 1.323598336862522018e+01 1.668333632938361077e+01 1.441021817564650576e+01 1.623117642701273411e+01 1.279427696459825903e+01 5.971542795618759669e+00 1.516216185115009374e+01 2.069808689893469023e+01 2.176735438912905352e+01 1.977451031190588182e+01 9.834371340929894956e+00 1.554810560716486023e+01
1.369999999999999864e-02 1.427637257800215442e+00 5.025433010502386111e+00 1.276903291095059956e+01 7.453783665296535688e+00 1.738113789291326938e+01 1.724835425451816207e+01 2.477894842874421499e+01 3.469642759659242870e+01 3.305088603604527719e+01 2.716479666530895543e+01 3.305088603604527719e+01 2.677880340162680994e+01 1.679052198650966332e+01 9.916119167174896276e+00 1.743758184918422316e+01 1.743758097630630743e+01 1.453023198857899345e+01 2.445654984673974752e+01 3.210842922147249112e+01 2.211389043387942976e+01 2.120924964051983963e+01 1.706936443270195625e+01 1.365484540603042696e+01 3.726783927924533391e+00 1.081732951667781784e+01 2.086281461029741635e+01 2.405813054566077369e+01 2.225042419455459708e+01 1.424340958835820281e+01 9.272119924037850680e+00 1.090040181772168282e+01 2.026124524135399696e+01 2.500880522093300584e+01 1.521650873155194184e+01 1.977460257907901209e+01 2.378780515909556925e+01
1.319999999999999993e-02 1.001319999999996213e+01 3.541217195560166342e+00 5.037787700400874868e+00 1.496485361553360427e+01 1.014416509339740990e+01 1.753788199640210976e+01 2.400884105816953351e+01 2.586996125960711979e+01 3.103729425998901448e+01 3.554718745606593444e+01 3.646309911003396564e+01 3.054227470255532140e+01 2.224168395691575384e+01 1.245993487658994248e+01 9.916119167174896276e+00 1.973440127226510299e+01 2.445655030829232501e+01 2.865519929785986264e+01 3.194770203542286069e+01 2.227377895508127992e+01 1.525909470368574894e+01 9.464476553658888847e+00 6.961088252046486069e+00 4.535225374395073672e+00 1.162909724944999112e+01 2.168305325709385656e+01 3.043135423445285781e+01 2.471718540982024237e+01 1.531633725881696861e+01 2.024146569263397666e+01 1.608228205460079252e+01 2.442598676635417121e+01 2.500880522093300229e+01 2.218866415137638626e+01 2.899594102583502675e+01 2.580706550813921041e+01
1.349999999999999985e-02 1.001349999999996321e+01 1.593830405799456429e+01 1.185681075238063009e+01 1.109099964336642508e+01 1.968756116156021108e+01 1.340853877346682488e+01 1.340853877346682488e+01 1.340853877346682488e+01 1.975410686433676233e+01 3.342252650306235040e+01 3.225206738736143564e+01 2.196010045509474295e+01 1.634483023946648927e+01 2.224168395691575384e+01 1.246022636816745788e+01 1.929878537075197897e+01 2.949019176402126519e+01 3.755653995286139946e+01 3.266486607104250339e+01 2.368726079312873267e+01 1.375000912234989592e+01 1.944904054084694778e+01 1.543917937730328660e+01 5.402325514042847665e+00 1.544216522159724647e+01 1.510746342906596240e+01 2.620566621185272638e+01 2.902616288746925477e+01 2.490341731649420609e+01 2.902616263249057837e+01 2.582824096107478695e+01 3.007831002397592357e+01 3.463008808919839510e+01 3.181722803887305773e+01 2.973197437334236071e+01 1.974961770479424317e+01
1.369999999999999864e-02 7.084767811865485321e+00 1.708476781186555371e+01 2.064952740992212199e+01 1.626016968615196134e+01 2.337150269156053284e+01 2.332915043436196001e+01 1.792558704764117294e+01 2.073886355051118002e+01 3.030911684346957102e+01 3.828451005535909246e+01 3.282386868356784504e+01 2.252486457688011257e+01 2.329271956441009550e+01 2.561794835844291995e+01 1.563807384724494476e+01 2.041175799374554956e+01 3.065241901899123533e+01 3.350295839976411116e+01 2.372080434006735672e+01 1.876263511691215413e+01 2.368725764823784630e+01 2.130569664091042981e+01 1.596370534015946774e+01 5.402325514042847665e+00 5.402325514042847665e+00 1.714421817358714861e+01 2.401485460389621807e+01 2.795415936514609356e+01 3.217816195292385117e+01 3.720075158784716507e+01 3.555449572667649250e+01 3.059430251755545527e+01 2.647463480158938864e+01 2.852588001177415933e+01 2.682887056610325160e+01 1.681723990780555766e+01
1.379999999999999977e-02 7.084867811865461995e+00 1.708486781186539005e+01 2.433538591443047139e+01 2.435617511857228834e+01 2.804467089040470995e+01 3.199038826451941375e+01 2.375661589151627595e+01 3.177767516086612787e+01 3.686101279187604973e+01 3.936121656015053816e+01 3.703276895343707054e+01 2.979817853161492636e+01 3.359435084266165461e+01 2.995265900416951865e+01 1.991787008366747003e+01 2.995265900417014748e+01 3.499925483545485605e+01 3.755653989613040977e+01 3.266486708625226498e+01 2.861188135317734904e+01 2.283376881185813900e+01 1.703375036607040727e+01 6.403051392136852371e+00 5.402325514042847665e+00 1.599469513489187911e+01 9.291993290148035101e+00 1.274952177169906165e+01 1.764600237113389980e+01 2.299472269548864745e+01 3.306271149201577941e+01 3.142431889296081238e+01 2.152495071024187467e+01 1.648178305690856149e+01 1.855896798371473722e+01 2.560475916833473775e+01 2.055283610644747228e+01
1.309999999999999880e-02 1.001309999999996236e+01 1.016505601070481823e+01 2.025228420089566228e+01 2.704263918577905912e+01 2.531565270346986907e+01 2.945982207002237274e+01 3.359110282196987640e+01 3.767085093353657044e+01 3.670991430786418874e+01 3.002484574414987151e+01 3.670991430607503503e+01 4.013110968274393286e+01 4.056368769917066430e+01 3.459350097620487929e+01 2.713663230494581313e+01 3.459350097620487929e+01 3.290069149133422854e+01 2.864522276552855828e+01 3.041559592478800766e+01 2.473548188009472426e+01 1.857938797377359919e+01 7.871415880326283698e+00 1.703363905130304445e+01 1.399985007936192183e+01 2.051303174561865106e+01 1.622731954281376687e+01 2.401485460389631399e+01 2.098965775228413833e+01 3.131832520644356777e+01 3.720075175502729792e+01 3.555449575514926863e+01 3.059430251755545527e+01 2.147820892924351810e+01 1.130769664417730347e+01 1.763411660033241901e+01 1.640900148060257635e+01
1.349999999999999985e-02 1.938002955495617519e+00 1.194060896777481595e+01 1.738353158367372941e+01 1.703710165376733698e+01 1.531046654605382606e+01 2.031263935851892910e+01 2.738736957556885088e+01 3.739544174851640435e+01 3.248431573868493416e+01 2.330819769812465481e+01 3.153502592447047448e+01 3.573496557610286573e+01 3.140792974090714651e+01 3.795635458497537229e+01 3.769721201352965068e+01 3.456138831872219441e+01 2.431428903262657215e+01 1.834651467873296227e+01 2.012681866131405073e+01 2.045437893467106250e+01 9.706425805375596738e+00 7.871415880326283698e+00 1.863741953725622125e+01 2.446018987060950067e+01 3.013961999789699675e+01 2.665465469271074639e+01 3.079136993219216478e+01 3.131832443958613155e+01 3.546728246488424219e+01 4.011032639245788545e+01 3.588171559833985214e+01 3.173751169540545902e+01 2.560477340403413749e+01 1.763411660033241901e+01 7.469437965074523511e+00 7.469437965074523511e+00
1.369999999999999864e-02 1.001369999999996274e+01 4.953283779157032107e+00 7.379067951238973855e+00 9.962099293126199129e+00 1.573893088826836717e+01 2.574420133077314077e+01 3.446258241398370359e+01 3.448818976426937866e+01 2.861955941243020263e+01 1.889556547996663483e+01 2.222423638830932191e+01 3.151909450167382687e+01 2.476353676219060063e+01 3.283415656579343533e+01 3.675844946241718958e+01 3.882443293436422493e+01 3.290069149133422854e+01 2.314033175166849787e+01 1.256572255097289137e+01 1.256572255097289137e+01 1.863750830826808169e+01 7.871415880326283698e+00 9.339130758175658187e+00 2.013453669840679439e+01 2.231563667125420736e+01 2.579667486004591481e+01 3.010309571835482600e+01 3.528441492431383608e+01 3.860304359714914568e+01 3.366895510940616987e+01 2.610099288113846328e+01 2.197477473357847799e+01 2.475874816381701748e+01 1.468300042047636289e+01 7.469437965074523511e+00 1.202626682142630443e+01
1.290000000000000001e-02 1.001289999999986335e+01 1.495769061206973483e+01 1.310114509014024797e+01 1.995968859942236051e+01 2.411186836700512259e+01 2.988834075701266357e+01 3.476247594060480139e+01 3.048973307364357410e+01 2.080634630043470423e+01 1.542211573508784284e+01 2.521950584365297843e+01 2.541679052394172089e+01 1.987631156579588065e+01 2.335885015441068191e+01 2.889752914611354839e+01 3.821199642028853560e+01 3.342709226512867104e+01 2.314033175166918710e+01 2.314033175166819234e+01 1.535787850638755536e+01 2.298026846317044303e+01 1.554922936232662778e+01 2.013453669840664517e+01 1.163046831568222927e+01 1.163046831568222927e+01 1.535356054338456921e+01 2.062919862744611166e+01 3.096414450569074717e+01 3.443591254320061523e+01 2.464732533438351680e+01 1.981005874293440883e+01 1.627455178074114173e+01 2.238694602036195747e+01 1.860834477550276134e+01 8.358692866767960084e+00 1.860834454929614523e+01
1.359999999999999924e-02 7.080361928426175844e+00 1.694794509075140354e+01 2.292899873214327400e+01 2.702617447475575574e+01 2.890212453780294055e+01 2.476051369189751483e+01 2.476051369189751483e+01 2.918031958129039793e+01 2.260971577578298763e+01 1.289936922722057666e+01 2.232924300479620427e+01 1.602368825003847519e+01 2.572987457275469936e+01 3.283419560535493531e+01 3.675844946241718958e+01 4.218168226547700073e+01 3.565890284868353177e+01 2.541826853526086083e+01 1.951786481278550411e+01 2.573448088730928873e+01 2.998552296014690555e+01 2.609398235470753491e+01 2.409672263605199305e+01 1.355966852418170099e+01 2.231563667124131101e+01 2.579667485555796347e+01 3.010309572063146888e+01 3.528445367051705261e+01 3.860304359721362744e+01 3.366895510940616987e+01 2.954161901378127553e+01 2.238694727212937607e+01 1.234577595833838437e+01 9.750333748025584057e+00 1.860834480102186106e+01 2.275059677900847177e+01
1.379999999999999977e-02 1.001379994046809507e+01 1.490291146675529177e+01 2.214508608148067736e+01 2.642228465617070654e+01 2.476051359169376198e+01 1.475759568081246265e+01 1.898532837257832995e+01 2.233876158562613767e+01 1.549782318768645162e+01 1.080340168062297224e+01 1.266364271702459732e+01 1.745301569767771355e+01 2.426372338422176256e+01 3.368728320209009297e+01 3.308585614848337997e+01 3.723380746030418464e+01 3.992553396815677758e+01 3.314873522824565555e+01 2.294193915680372342e+01 3.314873522824565555e+01 3.435038355884678651e+01 2.399195010704404751e+01 1.666977362333596702e+01 2.409672263605213161e+01 1.928250207279000961e+01 2.444019770785911305e+01 3.173851833217807084e+01 4.222483572854437028e+01 3.589639803423124675e+01 3.051991308486374876e+01 2.660211071447081110e+01 2.162670860054626942e+01 1.145737403514536190e+01 2.002115032957598828e+01 1.494602199665492215e+01 2.048675055994503325e+01
1.349999999999999985e-02 6.360728063646894359e-01 7.715224383269066344e+00 1.566554500536977912e+01 1.760146054371513458e+01 1.768619162334378458e+01 1.398412902546142256e+01 8.982829196623885792e+00 1.727376549148594265e+01 8.836298789374946949e+00 1.833140599609886578e+01 2.189993599410713543e+01 2.615968581039642871e+01 3.111200221857265547e+01 3.151027120549351679e+01 2.321406337107012874e+01 2.738637393103101658e+01 3.729711924767337905e+01 3.741408519608253158e+01 2.801062291728666764e+01 3.741408519608253158e+01 3.435038355884917394e+01 2.399195010704404751e+01 2.702586502260771084e+01 2.026287682486169217e+01 2.962504364780775745e+01 3.394069496093334237e+01 3.913668949772836925e+01 3.757851339412979286e+01 3.189594542757606277e+01 2.272675475781391086e+01 1.728997158607814200e+01 1.488452315405053561e+01 1.288376121427604026e+01 2.346917729170131039e+01 2.068701315449158074e+01 2.892934446995805686e+01
1.359999999999999924e-02 1.001348596081171749e+01 1.523429315780803206e+00 1.152344961579418658e+01 1.255006446500691553e+01 8.620260302697442256e+00 3.982613108665091772e+00 1.398397152305405200e+01 6.897047470986555240e+00 1.218952546500162093e+01 1.256972938253275629e+01 2.170201498894074987e+01 2.802170266353160244e+01 2.402742119368507190e+01 2.278666513998197729e+01 1.762891809793232056e+01 2.449158042769185784e+01 3.437502366765254180e+01 4.255700948960740959e+01 3.828684753920465766e+01 4.255700948960759433e+01 3.867408739902942472e+01 3.435038355884923078e+01 3.313455032882625773e+01 2.282264516847212477e+01 3.006555200725948751e+01 4.054376769965282534e+01 4.028062329688377474e+01 3.075342865468916287e+01 2.439776108084506134e+01 2.136513544223411643e+01 2.660211072602663407e+01 2.406343973372503697e+01 1.431558450004489025e+01 2.446630620280894064e+01 3.049758321287055907e+01 3.461571252566447754e+01
1.290000000000000001e-02 9.938864655651416413e+00 1.151628425517537657e+01 2.417856506780766690e+00 3.054141269784096835e+00 3.054141269784096835e+00 1.305539697694455015e+01 4.936031962076008917e+00 5.731480941755251024e+00 6.531858054849202233e+00 1.092359187438071011e+01 1.099221579052475661e+01 2.173541219226512311e+01 1.497588379142644399e+01 1.323012053621256356e+01 1.991647220785216277e+01 2.971592384335717085e+01 3.506598066607159581e+01 3.919408555847027742e+01 4.042232222449072054e+01 4.042232222449072054e+01 4.447780328818546280e+01 4.054376769965413985e+01 3.006555200725948751e+01 2.791124084816180329e+01 3.006555200725948751e+01 4.054376769965359983e+01 4.028064007164957872e+01 3.075342867771847111e+01 3.354387935753250360e+01 3.049517242847571197e+01 3.231410137537070426e+01 2.586525113119590102e+01 1.575415125440829911e+01 2.157964187800111233e+01 2.872532972933807471e+01 3.894812204505375774e+01
