output/example_1/elevation_000344.asc
nrows	75
cellsize	13.33333333
xllcorner	0
ncols	75
yllcorner	0
NODATA_value	-9999
[rows 51 to 67 of 75, columns 0 to 36 of 75]
1.369999999999999864e-02 2.900451345948130477e+00 5.915564791725770988e+00 9.451098697658519399e+00 1.522460138955479536e+01 2.522460138955486286e+01 3.047829940497733148e+01 2.018640915249622481e+01 1.301960095858945898e+01 9.537490296207227658e+00 1.515995587023059699e+01 2.548751663202199680e+01 2.891065654784359396e+01 2.105952129941726270e+01 1.110283442665458153e+01 6.002430161034967959e+00 1.400017431352568664e+01 1.812577727237835745e+01 1.598720236406220252e+01 1.598720236592796695e+01 1.506052629538012688e+01 1.092605286731311942e+01 1.140631947394921930e+01 1.507094464748819584e+00 1.111468253234268033e+01 1.367203746327535008e+01 3.606014732768480613e+00 1.098194657086945725e+01 1.516363843844587755e+01 6.734731301923284619e+00 1.516364219689111970e+01 5.959897112012280118e+00 1.098194728053008973e+01 7.742076705791380853e-01 1.098194741386328133e+01 1.206341414122889200e+00 1.206341414122889200e+00
1.290000000000000001e-02 1.001289999999996283e+01 1.591556479172580296e+01 1.945109869765858690e+01 2.359323432138956633e+01 2.936673701328584229e+01 3.158939886782175677e+01 2.131554708902600836e+01 2.205040003012298655e+01 1.175112382540144829e+01 2.205040003012298655e+01 2.969804177539958090e+01 3.095517702082888079e+01 2.105871185150202152e+01 1.764118273053681563e+01 7.622612759937076987e+00 1.474231540454474221e+01 2.463966754175975993e+01 2.612228443117315990e+01 2.423919392991462018e+01 1.430560819473378942e+01 1.274851894238767791e+01 2.694363600508432821e+00 1.168000772650896657e+01 1.594007155951972621e+01 1.785547155060935864e+01 1.367203746775883744e+01 8.140489394621676311e+00 1.814645647863265410e+01 1.382342092699169100e+01 1.600399718238274716e+01 1.600399718238361046e+01 1.406544066495949785e+01 1.962486245307756505e+00 5.931360897946357902e+00 1.114113120071919916e+01 1.206341414122889200e+00
1.329999999999999932e-02 1.001329020492118360e+01 1.992826346805419035e+01 2.873888915489958507e+01 2.660079125158466340e+01 2.660068654489551321e+01 3.075527670970106442e+01 3.158939886782175677e+01 2.520163520027591986e+01 1.475019018226718792e+01 2.015218534538090722e+01 3.049648673546467847e+01 3.191482635863563644e+01 2.210230885672329393e+01 1.510374179697232222e+01 9.308583574782709036e+00 1.638817253708642951e+01 2.625638136621145335e+01 3.407877011075427021e+01 2.423920345507459118e+01 1.722029170451831348e+01 7.384592624337271261e+00 3.599364231301524164e+00 1.059715732132465682e+01 2.036658852879083526e+01 2.530921064292995126e+01 1.517757801648627769e+01 1.386724755216425287e+01 2.234477978530647846e+01 2.393062098581378194e+01 2.612158541987200877e+01 2.016886590374226529e+01 1.401971329820712242e+01 3.295615628844844380e+00 6.023415219644323138e+00 1.483327898868749983e+01 1.114113133405263945e+01
1.369999999999999864e-02 5.787202689912011699e+00 1.578716284264832304e+01 1.872562080098758486e+01 1.658254649844902318e+01 1.658254596224484700e+01 2.660054358883262537e+01 3.359578444522197316e+01 2.331490180839061566e+01 1.945413742093707654e+01 2.941468092997771322e+01 3.467167346942212447e+01 3.378676613646280202e+01 2.397143459183496006e+01 2.106306702205517212e+01 1.114045850720227193e+01 1.689334878049328026e+01 2.674635048111138147e+01 3.094556048556183114e+01 2.690175123098079979e+01 2.131186921092199427e+01 1.426094271664937452e+01 4.485306836826713273e+00 8.808386195088568016e+00 1.579030736148737013e+01 2.613179268567283486e+01 2.233062865088790261e+01 2.399196458048607994e+01 2.819341188199092940e+01 2.910222511882952290e+01 2.323366942687385617e+01 1.288120574686583630e+01 5.258053850615851843e+00 1.401971328466726874e+01 1.116415094061003010e+01 2.074980381982411259e+01 1.912060319550272069e+01
1.319999999999999993e-02 1.001319999999996213e+01 8.720258007280497381e+00 1.451263745750773815e+01 9.508452767540974904e+00 1.951682953746022875e+01 2.692001299058252428e+01 3.099694065248315411e+01 3.359569215630607886e+01 2.554394287964912991e+01 3.402118225853137545e+01 3.762314740263703783e+01 3.193325895521374136e+01 2.397487991287697540e+01 1.409902180065434507e+01 2.105170530423337993e+01 2.105860817360641235e+01 3.075456457598833282e+01 2.690175855547840200e+01 1.696391178375841235e+01 1.987460698031703998e+01 1.503792339753378471e+01 5.301224977336380206e+00 1.491871558582651147e+01 1.847772429832977892e+01 2.786434279183701790e+01 3.250014368630392880e+01 3.128653329276990291e+01 2.608806357132760567e+01 1.886402184631150902e+01 2.376121670049868229e+01 1.730784610157386894e+01 6.702841268031751731e+00 1.357432588462577705e+01 2.086945956491581811e+01 2.578404947597034536e+01 2.323071815881328561e+01
1.349999999999999985e-02 1.472149914979103746e+00 2.946569476533423604e+00 4.508307095566996381e+00 6.334048961440545078e+00 1.634173230543993327e+01 1.696384706191787117e+01 2.366252371627650319e+01 2.787994232550382279e+01 3.573540046470917275e+01 3.986961231544577799e+01 3.353912700638783662e+01 2.368582131243679356e+01 1.798224660606381775e+01 2.397487991287697540e+01 2.035263033775423125e+01 3.014968852965223434e+01 3.489734290901431990e+01 2.756614253451592234e+01 1.987463454979176802e+01 9.961796263680140484e+00 7.973272968517577830e+00 6.135555968045072639e+00 1.588719478290756015e+01 2.120824977253476717e+01 2.924911137062148825e+01 3.324667577898641468e+01 2.702077076792204835e+01 1.674231848938502054e+01 1.157049121651061263e+01 1.953126256857291665e+01 9.105670156730091946e+00 1.726887974937229231e+01 1.135688405731208839e+01 1.864076795580374935e+01 2.887431898439350419e+01 2.809592177249652778e+01
1.369999999999999864e-02 1.001369999999996274e+01 1.294906013808164680e+01 1.451265631402741718e+01 1.634173230543993327e+01 9.055706894844174570e+00 1.118772361252479897e+01 1.361315649386693849e+01 2.367016311896819403e+01 3.209002251158841545e+01 3.730878322230194755e+01 3.481516042885954931e+01 2.496538627601959348e+01 2.368804606823453440e+01 3.191741875074919932e+01 2.730201785709986595e+01 3.412793550328661496e+01 3.180643254978888379e+01 2.350388317789507653e+01 1.354511769629564810e+01 1.987463351638302811e+01 1.780926794042590444e+01 1.588717564489058809e+01 7.298764372187690697e+00 1.712001193669238219e+01 1.935681587172379636e+01 2.894698229278724355e+01 3.125374240910608492e+01 2.186272206501600834e+01 2.186272202433233858e+01 1.157049121651061263e+01 1.953126256857291665e+01 2.370543027829764071e+01 2.166632974589647986e+01 1.689576280855795787e+01 2.281145466669053690e+01 3.306361529031125457e+01
1.379999999999999977e-02 5.787302691896265117e+00 1.285837050376176371e+01 2.285837050376182944e+01 2.323764407776180008e+01 1.483188339332080652e+01 2.122513470069759123e+01 2.361000457130835528e+01 1.769871176980935701e+01 2.272051648398992185e+01 3.295646683654448594e+01 3.890113701879087671e+01 3.481516043101166957e+01 3.361582604907260929e+01 3.768100151877522563e+01 3.690261787029785268e+01 3.476834706081963589e+01 2.487612983222948060e+01 1.780031869560655267e+01 2.350388317789507653e+01 2.493606016592721275e+01 1.432673144457985082e+01 7.298764372187690697e+00 1.711389908962781448e+01 1.123147647271136940e+01 1.496936399841719734e+01 2.075964679671606916e+01 3.058943816694510431e+01 3.208767494925915997e+01 2.608806343782293169e+01 2.186272202433233858e+01 1.157049121651061263e+01 2.186272215766566873e+01 3.136212799336355417e+01 2.714452759560009554e+01 3.136212567568595944e+01 3.726121935897838711e+01
1.309999999999999880e-02 1.001309999999996236e+01 1.638677679679164356e+01 2.382370234260409347e+01 2.795266153326922876e+01 2.487951738054239570e+01 2.906280916565007288e+01 2.786059792404739355e+01 1.769871176980935701e+01 2.790333343183104731e+01 3.722078638154879826e+01 3.691889188946541367e+01 4.084482361503521020e+01 3.982315720293033934e+01 3.576889365916094476e+01 3.982315720293038908e+01 3.473965394347786884e+01 2.487482546927892457e+01 2.487289493362280979e+01 3.180643254978888379e+01 2.502960986964329493e+01 1.514661761200146728e+01 8.194226869903259214e+00 1.810239340351801829e+01 2.113284316554855380e+01 2.493095665760254320e+01 2.894698229278880675e+01 3.450333342016124760e+01 3.139682989043838646e+01 2.115405054846922539e+01 1.524301817640393253e+01 2.186272215766566873e+01 1.753429725731091082e+01 2.478061776579615838e+01 3.500565054688510003e+01 3.629006303747421214e+01 3.242422917597234289e+01
1.349999999999999985e-02 2.249567972889000789e+00 1.224775988653479963e+01 1.384112528257573871e+01 2.170352355398875943e+01 2.449435696518811056e+01 2.999752521424393237e+01 3.214708028409778251e+01 2.796251654808046538e+01 3.245430849643124560e+01 3.529614390081864883e+01 2.711571363725149197e+01 3.529614390081871989e+01 3.485617237664492762e+01 2.577440259206254325e+01 3.485617237664514079e+01 3.880115797710004699e+01 3.473965394347786884e+01 3.470110809450543599e+01 2.934415964975392299e+01 2.150450542363284256e+01 1.143303096769716021e+01 9.213384427756766470e+00 1.916910168328134034e+01 2.752751346794878629e+01 3.132507616552459950e+01 3.247005334648410013e+01 3.645373662819660154e+01 3.560103475352103430e+01 2.844017468019210426e+01 1.819677009580322036e+01 2.844017468019210426e+01 2.478061776579612285e+01 3.198928920247371366e+01 3.335472671286334645e+01 2.636831694018511385e+01 2.826202685510823542e+01
1.369999999999999864e-02 1.001369999999996274e+01 5.679533213390816293e+00 8.566255980998558783e+00 1.172836889118227610e+01 1.620307886940582875e+01 2.328578400176632002e+01 3.312426291964944625e+01 3.372709168805072721e+01 3.732841367812104494e+01 3.127800816845325471e+01 2.128117336858509390e+01 3.057577460510172074e+01 2.647971762885760327e+01 2.069548877853739199e+01 2.785244261402272414e+01 3.773336121674655175e+01 3.979787270345224925e+01 3.234078379699663230e+01 2.219436741231292842e+01 1.497394637001122675e+01 2.024372844874363508e+01 1.026391050847924014e+01 2.024372844871222554e+01 1.758727289815968930e+01 2.529741649816972782e+01 2.254938988363671371e+01 3.248184663365466918e+01 3.567482563988744459e+01 2.544348413365076311e+01 2.331626931539117464e+01 3.265418635261053026e+01 3.500565054556877698e+01 3.500162908253192739e+01 2.927432908718310856e+01 1.963001037711115160e+01 2.317472636521751284e+01
1.290000000000000001e-02 1.001289999999996283e+01 1.567296230423577086e+01 1.855292122415405842e+01 2.170352355398864574e+01 2.576473612244373967e+01 3.025716243644881587e+01 3.218388141250080992e+01 2.456648762395462882e+01 2.958017779130167213e+01 2.748042271059521013e+01 1.739015574697598510e+01 2.275927150168808666e+01 1.629580716388488781e+01 2.647971762885760327e+01 3.075389358940502049e+01 4.058152500985971756e+01 3.558206429254836678e+01 2.535227434861340967e+01 1.935735443989788962e+01 2.516618396664448554e+01 2.436059042509629435e+01 2.024372844873242983e+01 1.182726133010248049e+01 1.182726133010248049e+01 1.535798133077016558e+01 2.262458162314593224e+01 3.314003541793754692e+01 3.986488857176632195e+01 3.567482563988744459e+01 3.057903499797406610e+01 3.776126276314393948e+01 3.808821759716700228e+01 2.786773119690384704e+01 2.079128836379920742e+01 1.669958482499521679e+01 1.379963025357562145e+01
1.359999999999999924e-02 5.013600000867116435e+00 1.208466876520355804e+01 2.208476301053723034e+01 2.401431618309622706e+01 2.677352711228508042e+01 2.753748607946074500e+01 2.842123383234141798e+01 1.891368514710991633e+01 2.016978461584287174e+01 2.459196097315791718e+01 2.060122457929056949e+01 1.228977166820603806e+01 2.275927150168808666e+01 3.010535727623174296e+01 3.527772956371133972e+01 3.942090400271575845e+01 3.687676578184339604e+01 2.668170451247311803e+01 2.764601271058599963e+01 3.378266603114082045e+01 2.993381662892602435e+01 2.358646962450067974e+01 1.360744559010014498e+01 2.183065138081222401e+01 1.423241142498558176e+01 2.426629962036422938e+01 3.176394618008651705e+01 3.581787098684041126e+01 4.075095218044060630e+01 4.077061628180076269e+01 3.852169949303795704e+01 3.428449916399776498e+01 3.500162915809661968e+01 3.050418212806106055e+01 2.224553422514001966e+01 1.190766482581751440e+01
1.379999999999999977e-02 1.001379999999996251e+01 1.915572641810658538e+01 2.094559664296750867e+01 1.387359990993398284e+01 1.680252758581693229e+01 1.854723893328324991e+01 1.953485701198022184e+01 1.880119123107694179e+01 1.285311899971428495e+01 1.849896935971776557e+01 9.776823466797001316e+00 2.059871099796501071e+01 1.578869990376701971e+01 2.593378693478945607e+01 2.531992645344079307e+01 3.531745053633977705e+01 4.107593871535615904e+01 3.687676578184339604e+01 3.864171206631534261e+01 3.529385573070712212e+01 2.622990342853911372e+01 1.625631075616809440e+01 2.358646962450067974e+01 2.638589799257697521e+01 1.651207468980495818e+01 1.815034368515620145e+01 2.172133172237759879e+01 2.679809152388655846e+01 3.672980083628642944e+01 4.157302383624902831e+01 3.126549340280056910e+01 2.392993437427251635e+01 2.874975147696083866e+01 2.600130900972244063e+01 2.006424085253402723e+01 1.000879115764209892e+01
1.349999999999999985e-02 1.001349999999768237e+01 1.136969256669312323e+01 1.203653131319371283e+01 6.777181632033543401e+00 1.340597803177995040e+01 1.337308716094317163e+01 9.655229050940091540e+00 1.016933258357308567e+01 1.647772850500950526e+01 7.430873282232153265e+00 1.849896935859124270e+01 2.060090613503931678e+01 2.598173939871503535e+01 1.945554541603154775e+01 2.955528263370846886e+01 3.526599321773056062e+01 4.495176007827684117e+01 4.114155442508535288e+01 3.212106964797275310e+01 2.672143870077903571e+01 2.193351821360392151e+01 1.853569700696806777e+01 2.847357376761906522e+01 2.902117918533515351e+01 1.893831654239412288e+01 2.821316716873945296e+01 2.638941893671690053e+01 3.581787098684041126e+01 4.075095218044057788e+01 4.455653206809142119e+01 3.428449916947091225e+01 2.874975147696242672e+01 1.846602141682769727e+01 1.581820552462042784e+01 2.101237277060096531e+01 1.098681836837668513e+01
1.359999999999999924e-02 6.787901052377379729e-01 1.345456771904403492e+00 2.016612827118426488e+00 2.693898288597016411e+00 3.383963847939274405e+00 4.084103890246341351e+00 4.809580150443444779e+00 5.546790066678112474e+00 5.546790066678112474e+00 1.648184559120814185e+01 2.272467994841309746e+01 3.075615117114471531e+01 3.366901190880747663e+01 2.662611661000016383e+01 2.587494003879946547e+01 3.296389005931015959e+01 4.273904006571055447e+01 4.476161368563863618e+01 3.770869744120148681e+01 2.803560896836903993e+01 2.221256409969631562e+01 2.857330958333089654e+01 3.269390815041503373e+01 3.163281883519838544e+01 2.155299821181673536e+01 2.873020561441243359e+01 3.632924770332936504e+01 4.036250200427691937e+01 4.355230753198721061e+01 4.445073743520622855e+01 3.417840983154092527e+01 2.685349956042990982e+01 2.874975147586960489e+01 2.240103825711859287e+01 1.235882610620488009e+01 2.101237261268827083e+01
1.290000000000000001e-02 7.575108577766618723e+00 1.127196726980447750e+01 9.094555583067997162e+00 1.270880233152976579e+01 8.224662328908779685e+00 6.944555891713497076e+00 1.484146159925144914e+01 1.559330193531146591e+01 5.546790066678112474e+00 1.584651046672141028e+01 1.726125405686936531e+01 2.779541662558855464e+01 3.449734321968848150e+01 3.662683253927694693e+01 3.584531078690573480e+01 3.986599630118205084e+01 4.287539458057342756e+01 3.872834162100265587e+01 4.153564012626305413e+01 3.604550269362679416e+01 2.803591831719746708e+01 2.761184950220411238e+01 3.731905408419254400e+01 3.465278288419288089e+01 2.463669670933995093e+01 3.465278288419288089e+01 4.265902890888773413e+01 4.050542122119095012e+01 3.326292067719813872e+01 3.876040494864828645e+01 3.452358735698411607e+01 3.420312512541514849e+01 2.937860141823755455e+01 2.349282677092171667e+01 1.340482103119650503e+01 1.809531515471474705e+01
