output/example_1/elevation_000428.asc
nrows	75
cellsize	13.33333333
xllcorner	0
ncols	75
yllcorner	0
NODATA_value	-9999
[rows 34 to 50 of 75, columns 0 to 36 of 75]
4.159999999999999636e-03 1.000362196395432157e+01 1.363203188222867013e+01 1.777394011488803827e+01 1.296782488318575410e+01 1.406171515251299198e+01 2.150871917462288962e+01 1.967383892324172123e+01 2.800392684472951288e+01 2.507554862734047418e+01 3.507365725290806324e+01 3.503735744311294553e+01 2.652583888894039532e+01 2.785191454075198791e+01 3.804084203912962181e+01 3.822307329943907206e+01 3.388387235304251277e+01 2.386538542175048860e+01 2.852855018110535923e+01 1.872225302119173662e+01 2.867419695132796775e+01 3.204702555855363499e+01 3.364104404126740633e+01 2.364053015411288428e+01 1.819653326042144315e+01 2.519441897937196728e+01 3.521943868963334978e+01 2.861884463751313135e+01 1.874195505894530811e+01 2.440733724578884534e+01 1.773873312998298246e+01 2.756239476375403186e+01 3.174987053324964137e+01 4.146799191856511158e+01 4.160002163197856362e+01 3.223533307842995299e+01 3.033550894326067748e+01
3.329999999999999627e-04 1.000033299999996217e+01 3.632205025617737615e+00 1.363216866758776469e+01 5.896759093906926097e+00 1.589669913688385705e+01 1.150890983239711041e+01 1.467118749205019768e+01 1.800452081936005655e+01 2.507554862734047418e+01 3.507365725290806324e+01 3.083618231200871662e+01 2.064629740691201221e+01 3.083618231200871662e+01 3.520962350526392726e+01 2.800019235330200829e+01 3.520962306572503309e+01 2.852876587630262861e+01 1.857732683442507238e+01 1.565984942993042495e+01 2.267995592732538768e+01 2.206470055526035168e+01 2.914107908049424012e+01 2.547565864770933430e+01 1.561765089096180681e+01 2.227730074309272013e+01 2.641562170002771737e+01 2.636383971072827848e+01 2.233228964225243374e+01 1.461970325839999241e+01 1.717934819084669940e+01 2.720314787287592040e+01 3.112067250789923278e+01 4.095486643337927291e+01 3.868541573863006278e+01 2.842159396945938354e+01 2.266311273444389585e+01
1.129999999999999928e-03 1.475549561548970878e+00 1.147564942096321161e+01 5.896759093906926097e+00 5.896759093906926097e+00 8.078938129600176765e+00 1.807884198717793467e+01 2.150871917462288962e+01 2.800392684472951288e+01 3.129760174551213936e+01 2.710682443850657819e+01 2.378096426387245899e+01 1.760949599864240156e+01 2.776381641318034710e+01 3.064725619470726414e+01 2.078216092517714131e+01 3.064725619470726414e+01 3.266156741992861612e+01 2.549846935409008708e+01 2.267121246727075956e+01 1.296471286068011430e+01 1.517929729176289477e+01 2.418158952302459497e+01 2.705234270689270915e+01 2.227541510543410652e+01 1.255548826271084195e+01 1.941046063354805895e+01 2.054763798754669324e+01 1.267921130918606032e+01 1.679811757073064271e+01 2.594235243081458364e+01 2.119267336646305466e+01 3.112071897004387466e+01 4.042831138488346454e+01 4.294946697148198211e+01 3.521420936871622587e+01 2.493964211359649141e+01
3.329999999999999627e-04 1.000033299999996217e+01 1.562186285571200450e+01 1.589669900355052334e+01 9.432293133140628782e+00 1.807884198717793467e+01 2.222014208551415138e+01 3.150731647082427855e+01 3.052654725224475030e+01 2.545353547113755965e+01 1.697071955630152473e+01 1.368000318288437711e+01 2.378096426387245899e+01 2.585485351542410726e+01 2.163915445935191428e+01 1.627005287364751140e+01 2.642735047648176305e+01 3.348525474320827300e+01 3.536758574662106014e+01 2.680732758316492337e+01 1.719598525478827611e+01 1.067153471724717839e+01 1.788546023054226097e+01 1.638770380137581029e+01 2.199388236521926743e+01 1.803265511334151228e+01 9.834270186670901026e+00 1.092784394667362591e+01 2.026028244283194013e+01 2.582843648399530423e+01 2.388243964452650658e+01 3.081612079528531112e+01 2.652139981579464134e+01 3.226172868490824186e+01 4.200653837475964991e+01 3.521420936895540876e+01 3.521420936895817277e+01
4.329999999999999539e-04 7.071500811865485403e+00 1.707150081186555113e+01 2.357359904317096166e+01 1.943220017832710056e+01 1.575684717253319000e+01 2.282788627595516218e+01 3.282713271094391416e+01 2.632179551515159588e+01 1.618969803305904875e+01 1.118560367242932330e+01 1.118560367242932330e+01 1.856437284070312188e+01 2.163915445304651897e+01 1.154767691555946918e+01 1.884028230220413747e+01 1.886563311225503625e+01 2.659299043773722104e+01 3.166294486016691323e+01 3.121370769016090563e+01 2.420484761615358948e+01 1.789580536956588119e+01 9.038485731141934210e+00 1.032682946939271673e+01 1.672717485667228488e+01 8.479568506435795072e+00 1.803265406197268206e+01 1.781502911025500779e+01 1.486620931850759675e+01 2.462489149890789975e+01 3.208165803574717501e+01 3.342319952117118476e+01 3.639147267889953241e+01 4.042831138488360665e+01 4.599698851999163196e+01 4.554561028329569439e+01 4.210502633636808412e+01
5.329999999999999452e-04 1.000053299999996348e+01 1.681845804285509516e+01 2.228556158448484581e+01 2.642769720821576485e+01 2.575659775000796259e+01 2.989748414733569959e+01 3.139055889452609449e+01 3.052654725225366406e+01 2.545770560037310304e+01 2.125574677410531876e+01 1.856437284070312188e+01 8.520922482644257556e+00 1.610184786818971858e+01 8.780407541613774569e+00 8.780407541613774569e+00 1.230972186968379134e+01 1.732553129478365150e+01 2.746608368869638284e+01 2.960972570641060386e+01 2.543082393199390978e+01 2.198099107513458605e+01 1.597518389438897302e+01 7.810844079586763300e+00 8.089605771840668424e+00 7.589636579660705706e+00 1.697252606074013315e+01 2.707618710490903169e+01 2.176128182753872053e+01 1.998588077582225964e+01 2.682292846026922106e+01 3.610226276331407291e+01 4.294256342263884818e+01 4.080553664218901133e+01 3.663938376458721535e+01 4.080553664244733625e+01 3.908095605296725239e+01
3.709999999999999756e-03 2.676322419124245400e+00 1.267632241912420810e+01 1.228556158448491509e+01 1.805906427638113243e+01 2.805906427638106138e+01 2.846905132387079718e+01 2.140760825665041978e+01 2.846905132387078652e+01 2.836582829307142717e+01 2.476200504405048974e+01 1.668933993129375182e+01 1.299747794098710507e+01 6.068926561345111104e+00 1.610184787646668880e+01 1.884028230220408417e+01 2.239575354528504292e+01 2.659299043773695104e+01 3.166039596576295168e+01 2.543082393210154279e+01 1.562225131487957164e+01 1.849511571784302433e+01 1.879726888530560203e+01 1.473718972041096187e+01 6.379575080035918333e+00 8.099834340397332966e+00 2.173413051060957812e+01 3.124408603204984303e+01 3.153825680487011240e+01 2.566379803807061677e+01 3.375582428876769114e+01 3.814321692721750878e+01 3.190286660289589094e+01 3.572030604211688853e+01 2.642233249501069636e+01 3.572030604739052251e+01 3.656913012222253201e+01
6.660000000000000121e-03 1.000665999999996281e+01 6.940336746236447141e+00 1.694033674623637609e+01 2.642769720821576485e+01 3.220119990011188804e+01 2.400393579755588291e+01 1.434900699014682601e+01 2.193470372317238315e+01 1.843754638667918400e+01 2.523446403713329644e+01 2.026895467489794456e+01 4.825124104161893968e+00 4.825124104161893968e+00 1.481717627270413473e+01 2.326632488169027368e+01 2.375377061380083887e+01 2.375416767611009661e+01 2.789863124766856117e+01 2.541767340527854557e+01 1.562089547349389917e+01 8.919573404657631599e+00 1.370427665736162837e+01 5.157634887097530374e+00 1.473681685480619308e+01 1.914052519190082080e+01 2.361694183332310715e+01 2.823405758759542650e+01 3.267827876434661505e+01 3.531955903691481069e+01 3.933875938775408798e+01 3.388231403583893808e+01 2.293978556547582315e+01 2.638547358585288904e+01 2.124008904191291336e+01 3.153085812979509228e+01 2.651831890499580879e+01
1.030000000000000013e-02 1.001029999999996356e+01 1.694033674623637609e+01 2.108247236996749407e+01 2.004136643766008063e+01 2.418351425728704740e+01 1.986722014999558183e+01 9.868600023686225242e+00 1.194074832018052135e+01 1.129738085328260588e+01 2.134547283152976860e+01 2.217891117833275771e+01 1.358766374101094065e+01 3.612967701816543808e+00 9.375575695727174974e+00 1.922788380546555942e+01 1.375205838757304555e+01 1.375206451249294304e+01 2.375313015486075940e+01 2.540443851353870031e+01 1.557379081688877953e+01 8.908894643600698160e+00 3.908095629885818045e+00 1.369056255793663546e+01 5.157634887097530374e+00 9.827274995642991229e+00 1.407502796960156033e+01 1.863169851354109241e+01 2.563117483880533953e+01 3.565093991083659830e+01 3.605297738042993672e+01 3.188868936926836994e+01 2.638547358585288904e+01 1.607280731532738827e+01 2.638547358585288904e+01 2.857831047034090588e+01 1.937322866522653086e+01
1.349999999999999985e-02 7.084567811865484899e+00 1.708456781186555062e+01 1.840999967803226411e+01 1.004134951559333366e+01 1.840999967803226411e+01 1.725644483152403907e+01 1.486791001158233883e+01 4.844802186980356140e+00 1.486790178172187993e+01 1.725653110192878259e+01 1.814913675980955787e+01 8.212412617751049027e+00 2.442709549615982745e+00 1.244008304284423971e+01 1.668115771220595533e+01 6.680976717379962793e+00 1.668116996716885581e+01 1.861143223515072265e+01 2.271890793821251009e+01 2.087131231258456054e+01 1.297525493019925591e+01 3.080998788735636928e+00 1.008299690329745069e+01 1.663908550374229023e+01 2.075672729101738057e+01 2.412580733305659919e+01 2.823405758759542650e+01 3.267827876434661505e+01 3.089709974000877324e+01 3.188868950816019776e+01 2.175447007075982597e+01 2.383232473270653173e+01 1.361028772038015866e+01 2.383232473270656016e+01 2.441768101027477655e+01 1.434424105735192612e+01
1.339999999999999872e-02 1.001339999999996344e+01 1.018537013924980172e+01 1.018537027258313543e+01 4.267852346283596887e+00 1.018537053924980107e+01 7.256435855403887025e+00 1.018537080591646848e+01 2.480952988549356864e+00 1.018533539424846701e+01 7.256436622886245580e+00 1.016487786437813767e+01 1.018537147258313347e+01 1.310461889717077222e+00 1.018537057000233403e+01 1.018535384498428442e+01 3.347650408241965359e+00 9.687644121275910791e+00 7.654518673322066036e+00 1.660827784816759944e+01 1.982845887120703665e+01 1.214699584259054355e+01 2.309903603119016768e+00 5.437046784279220724e+00 1.760413231039239790e+01 2.219868540076120667e+01 2.610269494907119991e+01 2.356376476951857768e+01 2.730987946217720364e+01 2.062698020898762863e+01 2.783829901659565564e+01 2.472271425769507758e+01 1.459586314975867261e+01 1.136489437447518647e+01 2.150641289544890000e+01 2.086679886922274818e+01 1.081254423908301199e+01
1.369999999999999864e-02 1.853754008710085388e-01 1.853754008710085388e-01 1.853754008710085388e-01 1.853754008710085388e-01 1.853754008710085388e-01 1.853754008710085388e-01 1.853754008710085388e-01 1.853754008710085388e-01 1.853754008710085388e-01 1.853754008710085388e-01 1.853754008710085388e-01 1.853754008710085388e-01 1.853754008710085388e-01 1.853754008710085388e-01 1.853754008710085388e-01 1.853754008710085388e-01 1.853754008710085388e-01 6.490713603651713903e+00 1.074241492502182815e+01 1.001421727471529977e+01 9.066736091053266833e+00 1.582051079938594951e+00 8.425532673077112733e+00 1.453605039108602881e+01 1.352186971507157409e+01 2.190738583448579391e+01 1.502705701121361237e+01 2.171673234077136172e+01 1.273514560775781490e+01 2.265221838699927304e+01 2.890372891849644787e+01 1.930968466674428896e+01 9.223825916252250678e+00 1.930967707102477249e+01 1.796376723028747335e+01 1.081254423908301199e+01
1.290000000000000001e-02 1.001289999999996283e+01 1.853754008710085388e-01 1.853754008710085388e-01 1.853754008710085388e-01 1.853754008710085388e-01 1.853754008710085388e-01 1.853754008710085388e-01 1.853754008710085388e-01 1.853754008710085388e-01 1.853754008710085388e-01 1.853754008710085388e-01 1.853754008710085388e-01 1.853754008710085388e-01 1.853754008710085388e-01 1.853754008710085388e-01 1.853754008710085388e-01 1.853754008710085388e-01 4.965440808615306345e+00 4.371541061117011906e-01 6.169626605676687969e-01 5.900923006014416217e+00 8.714559773075100102e-01 8.010672689586643358e+00 8.438178477625667639e+00 1.280055394283389703e+01 1.428196214477426018e+01 1.053025590236771869e+01 1.743084721714308571e+01 7.464043341380735441e+00 1.829016109675664481e+01 2.466182643259847396e+01 1.750740565446507802e+01 7.428666645042695471e+00 1.750710473981392568e+01 7.912834979735472452e+00 1.796376723010826737e+01
1.349999999999999985e-02 1.001349999999996321e+01 1.018537013924980172e+01 7.256435455403886792e+00 1.018537040591646736e+01 3.518704254280874189e+00 1.018537067258313478e+01 7.256435988828753736e+00 1.018537093924980041e+01 1.018537035266486690e+01 1.018537120591646783e+01 1.766514652870621038e+00 1.018537147258313347e+01 4.267853367885708238e+00 1.018537173924980088e+01 7.256437057345971553e+00 1.018537079422796765e+01 1.009969413819474404e+01 4.371541061117011906e-01 4.583025246630473504e+00 6.169626605676687969e-01 8.714559773075100102e-01 1.057697716478323224e+00 7.157649757783338451e+00 8.403410110453615189e+00 4.630652980255987927e+00 5.303333607133033034e+00 9.292262831447839488e+00 1.162153862139266103e+01 4.301571830849724165e+00 1.395433958183282108e+01 1.721349127941784829e+01 1.044520387426610775e+01 5.709133811875108044e+00 1.349723163523905356e+01 5.961883237255410251e+00 1.177431518696453949e+01
1.319999999999999993e-02 7.084267811865485598e+00 1.708426781186555132e+01 1.725644443152403795e+01 1.705424111245679342e+01 7.054231142845763358e+00 1.705424111245679342e+01 1.725644536377454230e+01 1.686432718214591731e+01 1.415283558019617161e+01 4.156955530995915638e+00 7.539247244578371365e+00 1.588230265289358378e+01 9.267829148424480579e+00 1.840257245039643053e+01 1.725644892419012422e+01 1.294525599002064098e+01 4.371541061117011906e-01 1.071862828239147625e+01 5.198662262708819704e+00 9.388041630813129146e+00 1.283584558944854059e+01 1.254402466380328107e+01 1.321221688452734577e+00 1.321221688452734577e+00 1.321221688452734577e+00 1.321221688452734577e+00 1.516136717529696476e+00 1.711111375704585269e+00 1.711111375704585269e+00 1.021160919425309643e+01 1.177263989943224587e+01 3.383413592803046654e+00 1.179022783335303082e+01 3.489589699605225359e+00 1.313347408392563054e+01 1.856630369069167230e+01
1.359999999999999924e-02 1.001359999999996298e+01 1.682539190506932414e+01 2.259212956740105582e+01 2.119638830372144511e+01 1.282773384933788030e+01 2.119638830372144511e+01 1.686432912756313129e+01 6.878438525779404955e+00 6.878438525779404955e+00 8.239380166014285578e+00 1.751094749060492006e+01 2.161600912912788175e+01 1.633776637933318909e+01 2.338428495374425964e+01 1.549450319745124638e+01 3.374671074104720336e+00 1.235517102435024839e+01 1.595154537110209070e+01 9.707576490891455023e+00 1.303682077424302221e+01 2.129867143811470598e+01 1.613674692231346341e+01 1.151274265933572138e+01 1.321221688452734577e+00 1.116397860650873675e+01 4.900487289098006904e+00 8.121018450800912447e+00 1.162476365366092068e+01 1.711111375704585269e+00 1.908444357546733583e+00 1.908444357546733583e+00 1.908444357546733583e+00 1.908444357546733583e+00 1.908444357546733583e+00 9.713080330200805079e+00 1.179030410125827188e+01
1.299999999999999940e-02 2.685612419124245420e+00 8.459114593016769490e+00 1.845818535268070448e+01 2.531908031871645548e+01 2.282775740315664592e+01 2.696990584397999058e+01 2.099959414353948617e+01 1.686432791767573036e+01 9.060192920702561992e+00 1.827991266538351667e+01 1.535529792555335504e+01 2.562073410654764061e+01 2.631914555636848618e+01 2.355363672187577961e+01 1.712013084356667392e+01 5.741982121692717378e+00 1.709376422496189463e+01 2.296737598759258958e+01 1.980471777266930289e+01 2.206517539906375447e+01 2.239174578336937671e+01 1.259090002976942735e+01 2.275474205606802691e+00 1.135779596851374329e+01 1.573751881773378081e+01 1.655104335933804194e+01 1.125970915800635019e+01 1.320332191205980266e+01 3.399728218938762314e+00 1.192833057714271305e+01 1.179022756655690607e+01 1.908444357546733583e+00 1.908444357546733583e+00 1.908444357546733583e+00 1.908444357546733583e+00 1.908444357546733583e+00
