output/example_1/elevation_000418.asc
nrows	75
cellsize	13.33333333
xllcorner	0
ncols	75
yllcorner	0
NODATA_value	-9999
[rows 51 to 67 of 75, columns 0 to 36 of 75]
1.369999999999999864e-02 1.001369999999996274e+01 1.567325231909087258e+01 1.101847716532273402e+01 1.679197985721842201e+01 2.679197973534382626e+01 2.899722761885328026e+01 1.899858278128830946e+01 1.192752821523920836e+01 1.876492244874841475e+01 2.289424199584183839e+01 2.294947904098190605e+01 2.709108670933278518e+01 3.075911883835950178e+01 2.089504941831495799e+01 1.840898521752281525e+01 8.142477058367454390e+00 1.839704136325084605e+01 2.610254612532348162e+01 2.347223376250460092e+01 1.378798740047095350e+01 3.770029375995126220e+00 1.285095722751525749e+01 2.832891208671540983e+00 1.471260898403451733e+01 1.769882194024145861e+01 2.252571233045006238e+01 1.860612772520277858e+01 1.273134640594166100e+01 2.670913480698154263e+00 1.121842850377472445e+01 1.263862793136135032e+01 4.979051939127940862e+00 1.147289386796765243e+01 7.482166421141218215e+00 1.961792540191843459e+00 9.998841898675697948e+00
1.290000000000000001e-02 7.083967811865462316e+00 1.708396781186539215e+01 2.101847713143886764e+01 2.516060886365548654e+01 3.093410382129811609e+01 3.192080765537485831e+01 2.192684202448257125e+01 1.526086038839017078e+01 1.825207873385899759e+01 1.825207873385899759e+01 2.825168310648326297e+01 3.334768967103305215e+01 2.767789546542162071e+01 2.089504941833765983e+01 1.079495213632713835e+01 1.840898516587705203e+01 2.251976491785832479e+01 2.635875917716300876e+01 1.656748391384841668e+01 9.474399821032772451e+00 4.435686338306732424e+00 1.039744195026481322e+01 1.898095743042751238e+01 2.443258327543926356e+01 2.753500811025055484e+01 2.442490142623114480e+01 1.337732691854146694e+01 5.220876417121258939e+00 1.311830440839532663e+01 1.311355746631230801e+01 1.656319418309823988e+01 9.077011781719081185e+00 1.591842926358797250e+01 3.386230819782629631e+00 1.961792540191843459e+00 1.961792540191843459e+00
1.329999999999999932e-02 7.084367811865485365e+00 1.708436781186555109e+01 2.108019163045702982e+01 2.522234088990261824e+01 2.581625981218143195e+01 2.995841481704112041e+01 2.939551626465416945e+01 2.526055344365486377e+01 2.103435870723719958e+01 2.825118750490719322e+01 3.239200778407230530e+01 2.924879624022500479e+01 1.944746191928683032e+01 1.368374382464195627e+01 2.089504941833765983e+01 2.498899400699183104e+01 2.326706566278010513e+01 1.922173025512186939e+01 1.544843859939656738e+01 1.445538845574233910e+01 4.435686338306732424e+00 1.445538844623784058e+01 2.186982740066700615e+01 2.614757737610203847e+01 3.098154557280978949e+01 2.490609112793407576e+01 1.439948740819053441e+01 7.931757638601552252e+00 1.897492471808894621e+01 2.374900573067161602e+01 2.176327551767396074e+01 1.769737656131848524e+01 1.794704909936688608e+01 1.260394953241902627e+01 3.087576402081367632e+00 1.204661311675262780e+01
1.369999999999999864e-02 1.001369999999893068e+01 1.291522563154444647e+01 1.108019139820213361e+01 1.765129364932530009e+01 1.581625937694375850e+01 2.265129372761323623e+01 3.265129615022068066e+01 3.515877694717781310e+01 2.810527346139473792e+01 3.103219182586565950e+01 3.548388330057098727e+01 2.562467983072231803e+01 1.998567506404561556e+01 1.617125643343299402e+01 2.596292796789973067e+01 2.489620691691512278e+01 1.506825704027544255e+01 9.240083618717170211e+00 5.425145518880357010e+00 5.425145518880357010e+00 1.414637813587395065e+01 8.776647948311135039e+00 1.222712775154298015e+01 1.730901878777332925e+01 2.697921035020217317e+01 2.905175746318218089e+01 2.215504794552065349e+01 1.149704892344715823e+01 1.625337481199567691e+01 2.627078498576188537e+01 2.585363772151123740e+01 1.607911801526338280e+01 1.445643257645809321e+01 4.706335009768485733e+00 1.001039936646000683e+01 1.717754652713276897e+01
1.319999999999999993e-02 1.456575672974065316e+00 2.915225587953012010e+00 1.291522563154444647e+01 7.651293565452809808e+00 1.265129356545282491e+01 2.265129373054135087e+01 3.083347875298911589e+01 3.497564358988350364e+01 3.809839783733026763e+01 4.101714126924942860e+01 3.958949123332684650e+01 3.389348068615299070e+01 2.848464203210276935e+01 1.872447137275816686e+01 2.848485616881655247e+01 2.892349797367342390e+01 2.326706870428084883e+01 1.544844225875220545e+01 5.425145518880357010e+00 1.544842752721368662e+01 1.923705695420626682e+01 1.877259408021887310e+01 2.214321990688751285e+01 2.614757737610205979e+01 3.098154559386532014e+01 2.856161783265433129e+01 1.843194141647562745e+01 1.707159793816955684e+01 2.621906632239505441e+01 3.038484842816569298e+01 2.302921820284187859e+01 1.321811348872056335e+01 6.360239029835463853e+00 1.445594380977945193e+01 1.854535925925380013e+01 2.394572332004428006e+01
1.349999999999999985e-02 1.001349913383661772e+01 1.291522544197484024e+01 5.151293565452805367e+00 1.515129362835725324e+01 1.060013268855076340e+01 2.060013280734776586e+01 2.083347816090452298e+01 3.083347875298911589e+01 3.807824018808075550e+01 4.222042831391119933e+01 3.912498683549743816e+01 2.920899211416422148e+01 2.356999732791561897e+01 2.432517700746762657e+01 3.258804060216852605e+01 2.682445505986531131e+01 1.704761434527633668e+01 1.125280255334893198e+01 1.544843493669901768e+01 6.471669337434871494e+00 1.596125936034967019e+01 2.131566432664506650e+01 2.559626888085865914e+01 3.117667379486690038e+01 3.520818578248552910e+01 3.267823949812203921e+01 2.564134770943181607e+01 2.431471800926797044e+01 3.135816583825167214e+01 3.026808131971015214e+01 2.327799772081998597e+01 1.732150924740027875e+01 7.604188096450870127e+00 1.085343060114174385e+01 1.584342222721708637e+01 2.604530820783758571e+01
1.369999999999999864e-02 1.001369999999996274e+01 1.929338050800869908e+01 1.222236137738493689e+01 1.331625937627684664e+01 2.060013280734776586e+01 1.376241034871915225e+01 2.376241052245661223e+01 3.100717134290609067e+01 2.807823872676089039e+01 3.807824018808075550e+01 4.325403836335634367e+01 3.752017224263776285e+01 2.920899211416422148e+01 3.411358374372164803e+01 3.823319076748658318e+01 3.085110641550581789e+01 2.521586743656301266e+01 2.117979344084168147e+01 1.724693630035879011e+01 7.216748492991792219e+00 1.724639836624335842e+01 1.159159830108989198e+01 2.155919934615512901e+01 2.147762856828867939e+01 2.834713144539845331e+01 3.800779331026569707e+01 3.561177356993104581e+01 3.429712714621260261e+01 2.707631995640382883e+01 2.293836201438047695e+01 1.628791408576370614e+01 9.484343806168492819e+00 1.445312762705892062e+01 2.015548298055390930e+01 2.015544835047887062e+01 3.032494321582449714e+01
1.379999999999999977e-02 1.001379999999996251e+01 1.673722590480254624e+01 2.222236159192657823e+01 2.331625971064479330e+01 2.745841292088677221e+01 2.083347816090452298e+01 1.784489325335780663e+01 2.100717091352620614e+01 2.807823872676089039e+01 3.807824018808075550e+01 4.225966794073958255e+01 4.325403836335634367e+01 3.912498683549743816e+01 3.843757813917954991e+01 3.345725896713295100e+01 2.931561951421641155e+01 2.580234784240418477e+01 2.028749128079307695e+01 1.014077889918406150e+01 1.673325689266674843e+01 8.367592383490777053e+00 1.858333306028006149e+01 1.519031204098742016e+01 2.094114519436530486e+01 2.781685408018763894e+01 3.747260420384471757e+01 3.493353539164663601e+01 2.993367326648591842e+01 2.293836204530381906e+01 1.319131985538960450e+01 1.142548992850712963e+01 1.916765134628781553e+01 2.327568007924876525e+01 2.838299610009081064e+01 3.044914062612330596e+01 2.970984797054027737e+01
1.309999999999999880e-02 2.595088897471613087e+00 1.259508891086376714e+01 1.983984957198362409e+01 2.398199444867028163e+01 2.845414437330082791e+01 3.083347875298911589e+01 2.784489354695145735e+01 3.100717134290609067e+01 3.514933352033602887e+01 3.919442014973495958e+01 3.204085504245183813e+01 3.715026149159571389e+01 4.128965085999875839e+01 3.422842002515317006e+01 2.442077395311451582e+01 1.954748778916714613e+01 1.578938290846704007e+01 1.326968662332524573e+01 1.955320096840091182e+01 1.918441648757226758e+01 9.251222485021390440e+00 1.927832334872168829e+01 2.504245898199689435e+01 2.094114519436530486e+01 2.656845592747283291e+01 3.621356294948601828e+01 3.076879413016334297e+01 2.079178973685092302e+01 1.593555801767379165e+01 2.293836201438147171e+01 2.112838152435280747e+01 1.459736724799305918e+01 2.439377332039900992e+01 3.278334095057105202e+01 3.405777847234826083e+01 2.579383446457811857e+01
1.349999999999999985e-02 1.001349999999996321e+01 6.677571802110248811e+00 9.839849462278637660e+00 1.431198541727823148e+01 2.138305323028649951e+01 3.138305529685186812e+01 3.285308671698016525e+01 3.232736239716818716e+01 3.650408282985610242e+01 3.396465635151051288e+01 2.440241436713300160e+01 2.663966184324274522e+01 3.715026149159571389e+01 3.845171118146109279e+01 3.158011923054717940e+01 2.113967335146206850e+01 2.580234784357143951e+01 2.316616533371143305e+01 2.033049138391320554e+01 2.015415601889395347e+01 1.015064003576978990e+01 1.881064223521699219e+01 2.723179425563715128e+01 3.064495781396395913e+01 3.467418321998971464e+01 4.026630785065663076e+01 3.493353539164663601e+01 2.811974675786278510e+01 1.819428053437398773e+01 2.811974675786277444e+01 2.147505322430643204e+01 2.439377332039900992e+01 1.870139242106121102e+01 2.862537274520401454e+01 3.017731027111450004e+01 2.059049008267290048e+01
1.369999999999999864e-02 1.001369999999996274e+01 1.667757185837022149e+01 1.983984957197298016e+01 2.398199444693915439e+01 2.845414437319933043e+01 2.994585185879818212e+01 2.286119548012695546e+01 2.233833646570408504e+01 3.072090068674842556e+01 2.971355409943154058e+01 1.877578188437158957e+01 2.446682961433867476e+01 3.209724813876461980e+01 4.235531438991006326e+01 3.885117942651469036e+01 3.065070416022451738e+01 2.996754827951959754e+01 2.803733401281122184e+01 2.762747976766970126e+01 2.050305085838306951e+01 1.106687821284568685e+01 1.524850307463551857e+01 2.564160218796964941e+01 3.114901086509418704e+01 3.485225501895833133e+01 3.995848455202943939e+01 3.631554162103018513e+01 2.627778389538837800e+01 2.100584725116697982e+01 3.100676223765991679e+01 2.719876195823521670e+01 3.216161649809257739e+01 2.215960876292814419e+01 3.216161649809257739e+01 3.405777847234826083e+01 2.929637058519083226e+01
1.290000000000000001e-02 1.001289999999996283e+01 1.992659935541622929e+01 2.595049783376736485e+01 2.186907760760605868e+01 2.595001150827215142e+01 2.497269169185389259e+01 1.587961227531049069e+01 1.664183252344319541e+01 2.656018334163946548e+01 2.635706575951899566e+01 1.547704088613339657e+01 2.641837683605444909e+01 3.216885398133955931e+01 3.689799571581283999e+01 4.282178478243358200e+01 4.109035708070506843e+01 3.661899309009222492e+01 3.097635669529722691e+01 2.699795510084499028e+01 2.194397856325917928e+01 1.200765429039443966e+01 2.193630534308016067e+01 2.620012827677608769e+01 2.207511166566748884e+01 2.745082768647524318e+01 3.620082303493594367e+01 4.048285130649593100e+01 3.418380749261601892e+01 2.413710825752436051e+01 3.418380749261601892e+01 3.428791226088229394e+01 3.632458501311868559e+01 2.791350541855574718e+01 3.632458501311868559e+01 3.643412019649417743e+01 3.143693606360145054e+01
1.359999999999999924e-02 5.787102601486316722e+00 1.578654839231107410e+01 2.141534604536292719e+01 1.245989718560117154e+01 1.818482353803692320e+01 2.050892539299539408e+01 1.097960390874299819e+01 2.083368259515095033e+01 2.559801780595239507e+01 2.122918592283513561e+01 1.296301855852640728e+01 1.696887146398401214e+01 2.194313645684718139e+01 2.831152422533645208e+01 3.870639818442256086e+01 4.033882617990023078e+01 3.346434659999597017e+01 2.327004980679594937e+01 1.721129739956734639e+01 1.480798680199073303e+01 2.196820899731620713e+01 1.355746247972098928e+01 1.680157598632911231e+01 2.629880772704032665e+01 3.485225501895833133e+01 3.525710191497493184e+01 3.969090243237288007e+01 3.798756470408660135e+01 2.792376907486694293e+01 3.798756470408660135e+01 4.434676218527199154e+01 4.212737157055420312e+01 3.796464415083809030e+01 3.349774596745255195e+01 2.632210329861670317e+01 2.860396176920265887e+01
1.379999999999999977e-02 1.001379999999996251e+01 1.712983541111524133e+01 1.327919310721867774e+01 9.909331702256363172e+00 7.015099734913139429e+00 1.457269166265681015e+01 8.236334344791675477e+00 1.814662469870322781e+01 1.888300549205344936e+01 1.059832337591180362e+01 2.122918591583118442e+01 1.749370624846795863e+01 2.384721485294095089e+01 3.143048156017608719e+01 4.164548281827138254e+01 3.637693448739485547e+01 2.690898646614357403e+01 2.130403653100190908e+01 2.464022791124429901e+01 1.480798680199073303e+01 2.484853998376380702e+01 2.324248513285347073e+01 1.521470332065166708e+01 2.500786803989840124e+01 2.807181500542354868e+01 2.509557171794551067e+01 3.525710191497493184e+01 4.215573064670409309e+01 3.503934455647475232e+01 4.215573064670409309e+01 4.289411155550191523e+01 4.011644214164149247e+01 3.586784643339705525e+01 2.928384447653204958e+01 1.944920740652664648e+01 2.306387385606367957e+01
1.349999999999999985e-02 1.001349999999996321e+01 1.078397918483942952e+01 2.405532561178530315e+00 3.125348295611881877e+00 3.850828929152925184e+00 4.596235229139389311e+00 1.317821847635348931e+01 8.368081772774354832e+00 8.368081772774354832e+00 1.867859573411765695e+01 2.496502259947339653e+01 2.733805147977272654e+01 2.384721485294095089e+01 3.008477648370164914e+01 4.034767116678747101e+01 3.689957955504211640e+01 2.743019063669018465e+01 2.689385517769992617e+01 2.930707206555441502e+01 2.069509891011771074e+01 2.891547121489095318e+01 2.613522537515444100e+01 1.639346101801123368e+01 2.613522609629844951e+01 1.809957377071590656e+01 2.182746315139150539e+01 2.911346633988771870e+01 3.971658222949216110e+01 4.510519776931274549e+01 3.987789833683195440e+01 3.260820636782316484e+01 3.586784643339705525e+01 2.568307032373130383e+01 2.866612218138565282e+01 2.306387132424673680e+01 1.363413830915269465e+01
1.359999999999999924e-02 7.036655593423533084e-01 1.395380023208427245e+00 4.900452268686961155e+00 1.288832503683930497e+01 1.382663354128110811e+01 1.458666035586429821e+01 5.711561456899636013e+00 1.568795773995864806e+01 6.849569277166534853e+00 8.879170027344143179e+00 1.961064482621146965e+01 3.378525287054039694e+01 3.442238615884308928e+01 3.858220687348503475e+01 4.444456666739943529e+01 4.086381776357553264e+01 3.411609583693233816e+01 3.349166965413911612e+01 3.602036031480204059e+01 3.199414070544701616e+01 3.406844609868148410e+01 3.000376664729638421e+01 2.613522609231857174e+01 1.809957377071590656e+01 2.777070005511488660e+01 3.211379597284655318e+01 3.104913417345184712e+01 4.271658854776821101e+01 4.289411148342785651e+01 3.260820636781504334e+01 2.548042003562707691e+01 2.976628195561924883e+01 2.702272340771608228e+01 1.836319147302299370e+01 1.993672323558506676e+01 1.170320314852859944e+01
1.290000000000000001e-02 1.001289999999996283e+01 7.168703648184227006e+00 1.402390130128636514e+01 1.027921744706421414e+01 1.916944564850682298e+01 1.386786459376459035e+01 1.570553089095040278e+01 6.849569277166534853e+00 1.683711106198741092e+01 2.008130824493391842e+01 2.572954841933031034e+01 3.102353617628231319e+01 4.048739404005348064e+01 3.833216231762319381e+01 3.758722215221125396e+01 4.172941978038190314e+01 4.361950369794742244e+01 4.276152617820991964e+01 4.215731605004739180e+01 3.789045349401723684e+01 3.009900354215171348e+01 2.052274263210922101e+01 1.809957377071590656e+01 2.657074942145404606e+01 3.101027126208262885e+01 3.678688220299844147e+01 4.063427484980842053e+01 4.558495748319784013e+01 4.289411137128217177e+01 3.260820636778296944e+01 2.548042003562706270e+01 1.987424358192149398e+01 1.734321547066535629e+01 2.271772236408323664e+01 1.247117218891312085e+01 1.299901642208775776e+01
