output/example_1/elevation_000359.asc
nrows	75
cellsize	13.33333333
xllcorner	0
ncols	75
yllcorner	0
NODATA_value	-9999
[rows 17 to 33 of 75, columns 0 to 36 of 75]
1.309999999999999880e-02 1.001309999999996236e+01 1.028248156183236972e+01 9.901849232849171401e+00 1.043189092664781548e+01 9.569479179025710547e-01 1.234969026131162995e+00 9.735534938452996556e+00 6.777757319591156460e+00 6.942693260721287452e+00 8.030558929440395843e+00 2.893692815368175797e+00 3.183607148731155689e+00 3.472947094569741822e+00 3.762458446730593042e+00 4.052841948982297993e+00 4.343786515958970362e+00 1.429244500547901353e+01 1.869903993468951242e+01 2.313204922672662534e+01 2.430948832910059920e+01 2.896697042694467328e+01 3.264760990389871864e+01 2.831385195127446153e+01 2.282035401497078198e+01 3.264738247795410331e+01 3.071171189418326719e+01 2.128186005876566966e+01 3.070736590857759296e+01 2.754297872738058217e+01 1.726247200767445733e+01 2.280582927147358063e+01 3.309751836568035088e+01 3.572830722055137898e+01 2.692404120123045885e+01 1.734216791919806155e+01 2.282437256806587911e+01
1.379999999999999977e-02 2.888326620680443657e-01 2.888326620680443657e-01 2.888326620680443657e-01 5.650170170677630832e-01 1.028878809179303921e+01 2.373697065109875215e+00 4.060289737738487226e+00 1.413314612982306429e+01 1.574020526832547340e+01 6.992117059985591077e+00 1.254218831983545179e+01 8.599535620138276215e+00 8.778127329659172418e+00 1.056288802654230352e+01 6.707070992112787344e+00 1.415264285101188868e+01 5.274850519693280226e+00 1.537420681527123634e+01 2.016708590918732824e+01 2.552543752577079061e+01 2.642475863961644933e+01 3.187077741294745792e+01 3.802196280984674814e+01 3.380731518463284146e+01 3.802196280986871813e+01 3.586439492205610691e+01 2.849101270796467134e+01 3.483686920622496075e+01 2.452567510276101359e+01 2.117417433758233258e+01 3.153055313059973130e+01 3.728999199229270545e+01 3.171770745032351257e+01 2.214513472052589904e+01 2.688390931762692304e+01 2.391984514888740776e+01
1.379999999999999977e-02 1.001379999999996251e+01 2.888326620680443657e-01 8.058606347172643680e+00 4.449695453462201300e+00 1.386345369392235405e+01 9.741094078502296583e+00 1.433076915633239956e+01 7.390525519086655670e+00 1.766089822760309858e+01 1.891199601331102542e+01 1.210538236149018054e+01 1.698486321615710892e+01 1.511003885520802470e+01 1.872795051384094833e+01 1.946317305149091226e+01 1.667594385151917180e+01 5.274850519693280226e+00 5.274850519693280226e+00 1.271761531729485917e+01 1.700142885624066125e+01 1.445205213281185941e+01 2.638502392455005108e+01 3.536216548011969962e+01 3.505456783169986323e+01 3.505456919265350280e+01 3.903710267352929719e+01 3.892124433867240185e+01 3.901832158112348736e+01 3.483692784396418318e+01 2.642033506670831144e+01 3.574548559739103126e+01 3.867510806143776847e+01 2.883585775778181670e+01 3.171770745032351257e+01 2.884621943048757942e+01 1.967959739595774948e+01
1.290000000000000001e-02 1.001289999999996283e+01 6.062370671955010337e+00 1.294691837411080471e+01 9.449125421903689315e+00 1.767946530648019277e+01 1.817828652636362463e+01 2.156964055686658099e+01 1.122858610042203331e+01 1.194199089645468526e+01 2.227847112297291332e+01 1.745407477087663395e+01 2.577398716995705641e+01 2.518585173678819444e+01 2.751928708774237009e+01 1.996420663125184447e+01 8.621742152331153264e+00 1.669185070113964642e+01 1.590270770094143415e+01 6.282619205787430161e+00 6.282619205787430161e+00 1.170412601257261187e+01 1.862992037745802065e+01 2.956804118768872769e+01 2.539875914227079079e+01 2.539875914354849584e+01 3.505456917856271559e+01 3.623587256721791050e+01 4.026244404229836960e+01 4.084557977367771997e+01 3.669367496598231071e+01 4.084557977367771997e+01 4.287027039777289161e+01 3.867510805987178912e+01 3.384757150176920959e+01 2.449100669319075863e+01 2.884627721627099106e+01
1.290000000000000001e-02 1.001289999999996283e+01 1.606245368553116037e+01 2.020457966740989519e+01 1.836318353758500876e+01 2.234366256798080741e+01 2.879880278313797248e+01 2.582001769183810325e+01 1.638660755687646287e+01 1.558259373289403982e+01 2.588361892139765175e+01 2.753839907484717386e+01 3.189398676083295214e+01 3.034087841001924701e+01 2.040254165470951264e+01 1.257229159356015558e+01 1.996379081667803845e+01 2.414510473583911221e+01 1.777830214777583961e+01 7.018346035444399611e+00 1.698856379037063036e+01 2.129343151894678954e+01 2.312369729086742254e+01 2.309641205821311871e+01 1.831819206951649548e+01 2.656397195661349997e+01 2.837865769663426363e+01 2.639440741276812119e+01 3.295454093558043951e+01 3.592033397273891637e+01 3.918350983660342735e+01 4.320245955759744305e+01 4.806624411790804174e+01 4.080239777652633393e+01 3.096678813481607406e+01 3.384757150176920959e+01 3.582251197654204589e+01
1.309999999999999880e-02 1.001309999999996236e+01 1.479587885431852712e+01 1.746849127344280816e+01 2.048360475382286694e+01 2.401913868931588425e+01 2.816127914531822185e+01 3.097932121179049858e+01 2.374340111138178600e+01 2.297423578438189296e+01 2.297423578438189296e+01 3.331603760763393751e+01 3.626575625355319943e+01 2.635469922688790589e+01 2.041154781572200960e+01 1.600838722663167246e+01 2.637040906791942163e+01 2.963559920681182192e+01 2.201386360050419810e+01 1.777928638110534365e+01 8.075512015488849116e+00 1.892429258293518402e+01 1.246229270247431842e+01 1.246229270247431842e+01 1.436714849588287990e+01 1.633028855319743045e+01 1.829772038745950624e+01 2.058590218933929705e+01 2.305904736660660603e+01 2.608391180763810269e+01 2.939398224536977366e+01 3.430938386577203403e+01 4.405763580836620719e+01 4.503128785110394716e+01 4.080239777652633393e+01 3.951700488749311546e+01 3.171179330880355707e+01
1.349999999999999985e-02 2.370522603955160790e+00 4.795878854318494255e+00 7.468491273442741551e+00 1.048360471922038784e+01 1.401913862515313625e+01 1.979264131705052776e+01 2.979264146885853393e+01 3.401900384386043186e+01 3.331603760763393751e+01 3.331603760763393751e+01 3.751322660805691811e+01 4.033402061681599093e+01 3.268781564504730852e+01 2.269916635349438749e+01 2.135936547776717020e+01 3.047183679780411580e+01 2.554722702759452346e+01 1.508232829548233767e+01 9.414109482437076792e+00 1.892429258279295468e+01 1.015039918883740810e+01 2.100273246872568222e+01 2.312378517819547596e+01 2.057107331106889703e+01 2.656541875778390605e+01 2.419832961928662485e+01 2.474448715732508930e+01 3.294746729448362288e+01 3.115916666765363985e+01 3.918350983660342735e+01 4.320245955759744305e+01 4.806624454181464046e+01 4.820802347404853805e+01 3.815988958419807631e+01 3.117089234826341126e+01 2.569349834136214739e+01
1.349999999999999985e-02 1.001349999999996321e+01 1.479587885431852712e+01 1.746849127344280816e+01 2.048360439881814798e+01 2.401913865104111778e+01 2.816127914531822185e+01 3.393478521526634495e+01 3.354328915608447659e+01 3.648591387062742086e+01 3.937838932376673995e+01 3.521164349839000351e+01 3.937838932378492274e+01 3.676001452674008618e+01 2.980434265879433653e+01 2.849477921545399184e+01 3.545561985573655051e+01 2.966453202568903080e+01 2.449888265463009773e+01 2.031364196005673861e+01 9.414109482437076792e+00 2.032067532504745699e+01 2.100273246767202906e+01 3.119364063799637066e+01 3.060058829311994089e+01 3.464338313661298230e+01 3.120872870478488181e+01 3.047371962294825920e+01 3.853246407737243118e+01 4.094304122018883874e+01 4.495976442718749411e+01 4.782033441597023682e+01 5.193301008101081351e+01 4.713934110857469761e+01 3.709995830260738359e+01 3.013011670411244580e+01 3.442121077435030685e+01
1.359999999999999924e-02 1.001068277852104771e+01 1.768522209097968911e+01 2.171619265763530038e+01 2.003906811430283241e+01 2.419437866260751946e+01 2.949003607338408273e+01 3.061338583113026246e+01 2.352074886263799058e+01 2.645628294987307072e+01 3.436136625699246139e+01 2.518810519623198019e+01 3.398712312058017204e+01 3.815263557962001073e+01 3.964913533080108010e+01 3.835070649179697000e+01 3.400291208199024595e+01 2.991131413370237624e+01 2.317484954518638673e+01 1.248779705430262865e+01 2.032067532627965889e+01 1.116212716260040416e+01 2.199209921771917919e+01 2.781794411736428430e+01 2.876851677108190231e+01 3.868591691919906594e+01 4.086835830094840105e+01 4.011488964919492872e+01 4.399562162554288847e+01 4.255807795768403423e+01 4.085902345413581571e+01 3.797555404184750216e+01 4.782033441597023682e+01 4.713934110857469761e+01 3.709995830260738359e+01 3.709995830260738359e+01 3.854638590218837635e+01
1.369999999999999864e-02 1.001369991778345714e+01 7.726437627696415511e+00 1.295298490910670353e+01 1.002674936035618458e+01 2.003864083513159855e+01 1.947397183732008941e+01 2.110476233957344050e+01 1.644450593153058193e+01 2.645628294987245610e+01 2.627244530822322943e+01 2.018685569303123373e+01 2.396700471337546645e+01 3.104594834566943007e+01 4.108774715147931289e+01 3.562362331735565846e+01 2.572979345789550365e+01 1.983406038719710907e+01 1.574228704651722133e+01 2.317116044797266028e+01 2.083531282757364878e+01 2.056815747325735089e+01 1.305221494495690848e+01 1.859671136983491735e+01 2.876856415366766839e+01 3.456015936224006424e+01 3.864815521541643051e+01 3.758505881657583814e+01 3.969013197687694827e+01 3.272267638913489662e+01 3.102665007358437066e+01 4.085902345413581571e+01 4.774306913942010766e+01 5.132093965575950989e+01 4.713934110857469761e+01 4.713934110857469761e+01 4.426420097394179010e+01
1.290000000000000001e-02 9.796364892238520472e-01 1.950922394865157949e+00 2.950923194107873737e+00 1.295721100383248725e+01 1.552132747560108861e+01 1.239597962450316437e+01 1.109317631160817896e+01 2.110476157937811692e+01 2.283943542981065633e+01 1.626358852781902442e+01 2.627244530822322943e+01 3.398712312058017204e+01 3.815263557962001073e+01 4.418951365367771444e+01 3.971051942846341376e+01 3.399626713176152037e+01 2.855410344617561691e+01 1.842003727896253906e+01 2.817225937624936449e+01 3.003768241197339250e+01 2.726634056467325351e+01 2.368281396369383529e+01 1.503090315687459011e+01 2.542761564754161085e+01 2.464023025697921554e+01 2.883290087351710795e+01 2.770749762299466212e+01 3.247927106571912503e+01 2.572440883196537342e+01 3.560128194579198180e+01 3.379772093811535427e+01 4.363545670297827428e+01 4.844287812549583094e+01 4.434206899154447967e+01 4.844287812549583094e+01 4.985358080342911791e+01
1.379999999999999977e-02 9.962632949227016255e+00 8.053232850211829330e+00 1.294013052748731596e+01 4.425394629636549837e+00 5.510165316995447427e+00 6.614803100832287619e+00 1.662749078666403335e+01 1.967409823343683328e+01 1.282989650007796101e+01 2.283943542981238295e+01 3.042837434794348894e+01 3.718561716269145023e+01 3.783204059449971624e+01 3.413746613860019608e+01 4.124935121833528484e+01 3.261527159290050548e+01 2.267318350829226148e+01 2.855527578130478972e+01 3.263876399758668612e+01 3.484794889702565257e+01 2.492140638769306804e+01 1.901345640482454868e+01 2.542761564802597007e+01 1.721629226576847671e+01 1.874929054231626679e+01 1.874929054231626679e+01 2.060121066952615365e+01 2.253823248499146104e+01 3.247927106571912503e+01 2.572440883196537342e+01 3.272318610711860742e+01 4.258522089407898648e+01 4.345387385806674985e+01 3.433184313002492161e+01 4.345387385806674985e+01 3.991547839839315515e+01
1.359999999999999924e-02 1.001359999999996298e+01 1.712793313769649828e+01 1.817089804744266957e+01 8.878851892060133366e+00 1.522109760205406559e+01 1.662749116111666936e+01 8.357274130467176931e+00 9.661295340278851285e+00 1.133176494099348908e+01 2.134261212699332688e+01 2.300538229513502486e+01 2.823622464423758416e+01 2.780159339862279566e+01 2.705374506691153869e+01 3.708164269095795618e+01 3.669183920149647093e+01 3.261502567839003319e+01 2.770234345008536536e+01 3.752627979815934367e+01 3.893894589875413459e+01 3.212402751950990165e+01 2.215036649613013608e+01 3.151199504010327601e+01 2.740701854590599851e+01 2.294840243369485577e+01 2.294840805633497993e+01 3.060055845188982460e+01 3.247927106571912503e+01 2.959293441485421639e+01 3.560321772529279372e+01 3.971266910895009516e+01 4.575531339067609338e+01 3.577247057415993226e+01 2.925826322139138824e+01 3.933695606076758366e+01 3.924991482619938665e+01
1.359999999999999924e-02 6.906903614244156664e+00 1.613506365621021033e+01 2.255103514102461659e+01 1.878891828904816208e+01 1.852608549462019027e+01 1.653294506657429253e+01 1.413933735852483053e+01 1.967414564588536763e+01 2.134249486569352072e+01 1.379842136853318735e+01 1.593264520919349181e+01 1.822710861711641783e+01 2.072657217538993635e+01 2.519941487123366386e+01 3.097804606620573153e+01 4.101794548990793032e+01 4.158758147553968598e+01 3.263677026150508453e+01 4.158758126388013210e+01 3.910358849868915598e+01 2.923299870288145286e+01 2.718422529583416747e+01 3.621475382677606092e+01 3.696032717671005940e+01 2.795979790870496728e+01 3.289252877540372566e+01 3.000511717646568499e+01 3.986296304301642124e+01 3.656357488661860344e+01 4.353061048023080559e+01 4.292290266962253753e+01 3.879812107070068095e+01 3.577360003465445004e+01 2.570220368515617437e+01 3.577360003451277493e+01 2.920016802497646680e+01
1.319999999999999993e-02 7.084267811865462505e+00 1.708426781186539145e+01 2.216449906950656157e+01 2.663663502450787135e+01 2.813176606792058010e+01 2.361102798929270463e+01 2.415071073290027570e+01 2.830534145882576169e+01 2.795863196964609187e+01 2.380640446291181433e+01 1.880081569596301350e+01 2.823622904344959039e+01 2.780159339862279566e+01 3.490072621220564741e+01 3.938738276555999107e+01 4.518896690316651643e+01 4.648294268129576778e+01 4.241578934030304282e+01 4.648294268129576778e+01 4.319650895067374563e+01 3.910358849868915598e+01 3.417917524840434851e+01 4.115371388087163496e+01 4.184561666055129336e+01 3.776272986290792488e+01 4.184526522360823009e+01 3.986316755551813173e+01 4.395134553919386633e+01 4.640528333614413725e+01 4.610111905347249461e+01 3.879812107070068095e+01 2.875025106684253373e+01 3.169320405448182143e+01 2.290984689484552916e+01 2.917414441843391160e+01 2.207351746305532458e+01
1.019999999999999900e-02 1.001019999999996202e+01 8.022363445777653368e+00 1.249449940077724719e+01 1.956556721264276888e+01 2.956556721264283638e+01 3.363554675889992751e+01 3.115866691338294814e+01 2.701474250807260802e+01 3.115726105618236375e+01 3.297158805195698505e+01 2.587525981524488827e+01 2.587525981527094388e+01 3.590189415559193975e+01 4.200017290624617061e+01 4.550505562332969589e+01 4.145627173284929512e+01 4.431216727925706778e+01 4.194895141024681351e+01 4.104475396489462469e+01 4.008264517297613594e+01 4.369894358279861990e+01 4.402800174897396346e+01 4.428510651621439109e+01 4.319535773656947697e+01 4.216046616114591217e+01 3.794421131972199390e+01 4.094549291956822401e+01 3.682168018978646273e+01 4.094549291956822401e+01 4.198671310244756683e+01 3.195747216203261587e+01 2.612703656660245599e+01 2.159091022251068992e+01 2.756895986779865382e+01 1.902198985444644563e+01 2.917414441843021677e+01
7.249999999999999500e-03 3.022363445777638269e+00 1.302236344577767113e+01 2.216449906950870030e+01 2.663663502450847176e+01 2.572611459557387192e+01 2.776760061469200735e+01 2.701475146631054969e+01 1.701384962576419113e+01 2.701475146631054969e+01 3.563247544891793694e+01 3.590189432143635173e+01 3.590189430878826471e+01 4.006798339634757866e+01 4.550505562332969589e+01 3.982369967734567950e+01 3.158863250854161464e+01 3.530539383868170944e+01 3.369382683042407933e+01 3.263447866663916130e+01 3.152975186231931559e+01 3.888381055779457540e+01 4.428510651621439109e+01 3.431484974922020115e+01 3.322383438369526942e+01 3.628425167407900886e+01 2.789717695237124317e+01 3.595983399025695348e+01 2.684391996917116430e+01 3.595983399025695348e+01 4.300725090649842031e+01 4.032699938911768811e+01 3.583657686822891719e+01 2.756895986783405661e+01 1.732794534236145978e+01 1.732794534236145978e+01 2.571461287443048960e+01
