output/example_1/elevation_000093.asc
nrows	75
cellsize	13.33333333
xllcorner	0
ncols	75
yllcorner	0
NODATA_value	-9999
[rows 0 to 16 of 75, columns 37 to 73 of 75]
4.669542706871769866e+01 4.747547647145000127e+01 5.146045260691800394e+01 5.655507743144142552e+01 5.363666511882917121e+01 5.416627036128414829e+01 5.002416860721202596e+01 5.416627036128414829e+01 5.306125419727185033e+01 5.717491610838651894e+01 5.876830125812332994e+01 5.839266616481720718e+01 5.545262585005345102e+01 5.414186556792777338e+01 5.829956048608610075e+01 6.412292033804590119e+01 6.326562985033594799e+01 5.919870000897160622e+01 5.899285990752938602e+01 5.611776212256790330e+01 5.358239791546942854e+01 5.553140379992743902e+01 5.260341203664342657e+01 5.525555554637165301e+01 5.715632499812197409e+01 5.582183388478305375e+01 5.169119512381042369e+01 5.297820580515521982e+01 5.711291751489306279e+01 5.800932603639875396e+01 5.392406876196104548e+01 5.263537345954554070e+01 5.672505957859395664e+01 5.756077424528706388e+01 5.466954563259057664e+01 5.492285631844357852e+01 5.492285631844357852e+01
3.630113141522588194e+01 3.727964619716838257e+01 4.578151800100391711e+01 4.635665485158422428e+01 4.334117616131102579e+01 4.901376492676275376e+01 3.959279612259025072e+01 4.576557853878349391e+01 4.274361073436237035e+01 5.306125419727185033e+01 4.857193019134640366e+01 4.816715548241503342e+01 4.514941484787191683e+01 4.379336413932552574e+01 4.985866011213500570e+01 5.999283303016881064e+01 5.919870000897160622e+01 4.937881897528585995e+01 4.915966943990663651e+01 4.627972098818928970e+01 4.370276468455108443e+01 4.539118875788825846e+01 4.240378806097577780e+01 4.528164596233499850e+01 4.709425150676255356e+01 5.010622011191969705e+01 4.182149672471440738e+01 4.309952284703324210e+01 5.297820580515546851e+01 5.392406876196104548e+01 4.385109987689772737e+01 4.253064221713617599e+01 5.093021295664823356e+01 4.756311374349760257e+01 4.461953327495465516e+01 4.486675280169498592e+01 4.486675280169498592e+01
2.870970541027760348e+01 3.111693144047160686e+01 4.174210892991591493e+01 4.635665506133685909e+01 3.584821492908538687e+01 4.028960441246951518e+01 3.426251598001757515e+01 3.524064061079271681e+01 4.576557853878349391e+01 5.155837813331105934e+01 4.113532186133405588e+01 4.418816436270713410e+01 3.763973451073346155e+01 4.379336413932551864e+01 5.118314856624289888e+01 6.128484028061925670e+01 5.919870000897160622e+01 4.937881897528585995e+01 4.231772211811766482e+01 3.913308940843529626e+01 3.644398257412609610e+01 4.323928040786157112e+01 3.491980555735605662e+01 4.273436976137358556e+01 3.992711002512125162e+01 4.230245115769408670e+01 3.594545443980878474e+01 4.308536913953091130e+01 5.289777059578072027e+01 5.392406876196104548e+01 4.385109987689772737e+01 3.643895617867838155e+01 4.273691766063046060e+01 4.691106146702215796e+01 3.723916614886925913e+01 3.749475837097824638e+01 4.487017664962427688e+01
2.488796903468658428e+01 3.250036512535724142e+01 4.296113189996613357e+01 4.707980673181366171e+01 4.028960407270779598e+01 2.969453732955278369e+01 2.991009793008612405e+01 4.050310957478810536e+01 4.995926342121127561e+01 4.534687729325588634e+01 4.106917574115828984e+01 3.361115934022854645e+01 3.976486791479036498e+01 4.723314263943683500e+01 5.746675969529216133e+01 6.262824719012704122e+01 6.198757135000776231e+01 5.165484489837152893e+01 5.225499553960723631e+01 4.750346709648452048e+01 3.790413465325534048e+01 3.290645996154785990e+01 3.078008297458924503e+01 3.734929501999238965e+01 4.178307504908491410e+01 3.135730747180749489e+01 3.443968604135544354e+01 4.148638138174337087e+01 5.084996264408913902e+01 5.681863362865575340e+01 4.680140415665167808e+01 4.273691766063046060e+01 3.217590305009105833e+01 3.921518531764399285e+01 3.239603664902122659e+01 4.294610401995020510e+01 4.987832960436809770e+01
2.240150216235025837e+01 2.857601896927283747e+01 3.920673997598591143e+01 4.285383797047187926e+01 3.229538750988660212e+01 2.613717091939568959e+01 3.675791439339110411e+01 4.199258787460745168e+01 4.271741411611624528e+01 3.841997497145504070e+01 3.047237254408999263e+01 3.523544094719179753e+01 4.138617614459869287e+01 5.180281626021956498e+01 5.970273514430193984e+01 5.288156374692803752e+01 5.970273514305296203e+01 6.172194540633697102e+01 5.323149679374208887e+01 4.618943123405012585e+01 4.724668358906647825e+01 4.323928032507063790e+01 3.875977641688788111e+01 2.816985386221054100e+01 3.637942186793727473e+01 2.867561690006149178e+01 3.930236741765450859e+01 4.148638138174337087e+01 5.084996264408511024e+01 5.478701514961180408e+01 5.083779157789128078e+01 4.686514154055075210e+01 3.921444321574598746e+01 2.862611480121057639e+01 3.921518531419440023e+01 3.596564903829631277e+01 4.125619814455709644e+01
2.535148273205553693e+01 3.600145801108752863e+01 4.343421640237571779e+01 4.334335089056225598e+01 3.481881821973673397e+01 2.421388891733712256e+01 3.481884030546822828e+01 3.142218288481708655e+01 3.610259110147187300e+01 2.780038797450646015e+01 3.841997485774054866e+01 4.534686560920611242e+01 5.002316407134574661e+01 5.598180432398280715e+01 5.530322117247295921e+01 4.575905628204582598e+01 5.205225122210438826e+01 5.607506708828316988e+01 5.524172153945663410e+01 4.876040179286476217e+01 4.437799140389414276e+01 4.061726358330729880e+01 3.742186107520141292e+01 3.455952447331909383e+01 2.568517847143586152e+01 3.637942192957395093e+01 4.350593543267777363e+01 5.084996264408107436e+01 5.480128023010567517e+01 5.083779157788790570e+01 4.070299057898457562e+01 4.365286029862498651e+01 3.740029517827782257e+01 2.698268995007985538e+01 3.027377135175634137e+01 4.078969613423271312e+01 5.043095471201812074e+01
3.417743527850340968e+01 4.026652367315451642e+01 3.927616936527592628e+01 3.908448263812403667e+01 2.849848676128011959e+01 2.241692310835410495e+01 3.254583925515365195e+01 2.391294015626348113e+01 2.547405332575789672e+01 3.610259110147187300e+01 3.395904086427438529e+01 4.010242767623931570e+01 5.053966741889120584e+01 5.953320089631739620e+01 5.128239055314956829e+01 4.118749787197151591e+01 4.197637991835546245e+01 5.031930215689811092e+01 5.081873598806302539e+01 4.005623785559112804e+01 3.393305073442327569e+01 3.006941644100552224e+01 2.675093885550159101e+01 2.385402458454457175e+01 3.291849570448821538e+01 3.720434985479591461e+01 4.285768216855178991e+01 4.699137159127843688e+01 4.585994323799184258e+01 4.164623950622240756e+01 4.367140506558899915e+01 3.315910061531037911e+01 3.582914424468524572e+01 2.530326850620880919e+01 3.583431372968117756e+01 4.121626208591384000e+01 4.540040791840574030e+01
3.464782078598864956e+01 3.406966753735557063e+01 2.876464322408401486e+01 2.876479216215963319e+01 2.977718046464915247e+01 2.074753565235065622e+01 2.200276813656880037e+01 3.251032930724988290e+01 2.865406505723075981e+01 3.924566087744804577e+01 4.451372428519052704e+01 4.875979653185927276e+01 5.473249041034652151e+01 5.555481842537922432e+01 4.563436448207647800e+01 4.622001331131918533e+01 3.607116070688368126e+01 4.623249733543959650e+01 5.277929292879850465e+01 4.876035840443115887e+01 4.437759337333007892e+01 4.061726344131772493e+01 3.741674598825075293e+01 3.290733881676470673e+01 2.222765970486693021e+01 3.291901669283606680e+01 3.257389952998875771e+01 4.285768216855178991e+01 3.990981514959237586e+01 3.128516551721123307e+01 3.985665077186495608e+01 3.750646612566735882e+01 2.682491625263964252e+01 2.365380760539637350e+01 2.716741832938080492e+01 3.068377044119558050e+01 3.603431114170815164e+01
2.322127058359062346e+01 2.358987541290085233e+01 2.751593825508603430e+01 1.839326538555774704e+01 1.934865888604135620e+01 2.974824068000553368e+01 3.254150295304467733e+01 3.062427628323512963e+01 3.924566087741464315e+01 3.435300811692537337e+01 4.048877202494110605e+01 5.084078624682226888e+01 5.362430352901796482e+01 4.953083304298826306e+01 4.740317681639309910e+01 3.734805155613560856e+01 3.345005519372949010e+01 3.920315830354683584e+01 4.916752036075914134e+01 4.748474503692819582e+01 4.189216229054294161e+01 3.754575106407028073e+01 3.602768068391033296e+01 3.179020556796481500e+01 2.111944642974473396e+01 2.508953123749334679e+01 3.257389952998875771e+01 4.285768216856139645e+01 3.566427064957041182e+01 2.547690227520136830e+01 3.044449265295037321e+01 2.776328435533569916e+01 2.161212343460579177e+01 2.380041343702259127e+01 3.322749360207065195e+01 4.121625053596275023e+01 4.540034287650704670e+01
1.577446065379031914e+01 1.647442399558082471e+01 1.724181517797624252e+01 2.751582074950751178e+01 1.839326538555774704e+01 2.933629156011125971e+01 3.693410256759481314e+01 4.126166417217839921e+01 4.567917432952706491e+01 4.184609747419855807e+01 4.906196306504914162e+01 5.497658997620376908e+01 4.953995075838035689e+01 3.944018071594314989e+01 4.238014478406546459e+01 4.105045077223227423e+01 3.093575937456407488e+01 3.810403692504855400e+01 4.807850715403883868e+01 4.300892442829574236e+01 3.227927577834596207e+01 2.686245790206817574e+01 3.179002976536872183e+01 2.111944642974473396e+01 3.039239930477233997e+01 3.468124914787495072e+01 3.890370255262631360e+01 3.653749506456394158e+01 3.957237541970567918e+01 3.044449265272109528e+01 2.019585271642511870e+01 2.019585271642511870e+01 2.183849661002286169e+01 3.153145351304587507e+01 3.747858736986534467e+01 3.793651887022868152e+01 4.527541798832628928e+01
2.586465697065031932e+01 1.855944593499100748e+01 2.750879403140501012e+01 2.751602034631554616e+01 2.942569954571467150e+01 2.124783645764036422e+01 3.263520226391672452e+01 4.093712079664064163e+01 4.666763934176437800e+01 5.215002536518261422e+01 5.469819687895937932e+01 4.968202677550634405e+01 4.556955519160493395e+01 4.197272126085623967e+01 3.226682343752430882e+01 3.654032874234378880e+01 2.904663916331826812e+01 3.914286208601056671e+01 4.589250201038461086e+01 4.693346904038457978e+01 3.794385322155225282e+01 2.732236839749733548e+01 2.111944642974473396e+01 3.039239930477465990e+01 1.974827453635123575e+01 2.903264946819937720e+01 3.214491197182366733e+01 2.339168683601644716e+01 3.217584440497596887e+01 2.916651554946946234e+01 2.019585271642511870e+01 2.248328419549057600e+01 3.153134723361040059e+01 2.490715648806100546e+01 2.937968900667003425e+01 3.982628375626992323e+01 4.795045999288142724e+01
3.120428318072260510e+01 2.079688318259024982e+01 3.120435723752461854e+01 3.801004613502182394e+01 3.728770442975832111e+01 3.263520230027735636e+01 2.461643368356761741e+01 3.045928160014097941e+01 3.895518891586355181e+01 5.012956447708450014e+01 5.062882002271590665e+01 4.051032529601187804e+01 3.540304922107453223e+01 3.182535824837572846e+01 2.904663919603824240e+01 2.645776217677722997e+01 3.459144910680660701e+01 3.871741423431111428e+01 3.614913591867048126e+01 4.304529693485530117e+01 4.218832567524006549e+01 3.607361498425429147e+01 2.870904170762628738e+01 3.039144993474896239e+01 2.903264946819527736e+01 1.842739316892896539e+01 2.769966673460518081e+01 1.714211696015156505e+01 2.776623861790408299e+01 1.890463088496415978e+01 2.916655137719873991e+01 3.273724756618920395e+01 2.581987477395709263e+01 3.515425397974068744e+01 2.963357620180977037e+01 3.333291362449330109e+01 3.863258343494830171e+01
3.549811183374392698e+01 3.120583196633602086e+01 2.460176330682032031e+01 3.202562187877961719e+01 4.243468227629787037e+01 4.093673457858326969e+01 2.981651749451827271e+01 3.045928160014097941e+01 3.745197799994835464e+01 4.875237504799319765e+01 5.469819687895939353e+01 4.968202677550634405e+01 4.197532277583454885e+01 4.197545855613198285e+01 3.915986821929402595e+01 3.459144910678318752e+01 2.448388236556100850e+01 3.277395405804384154e+01 2.905086792865720469e+01 3.906771450728874129e+01 3.702257308710207440e+01 4.119908533513558524e+01 3.923475338205921759e+01 4.083654199591877187e+01 3.333197928973552848e+01 2.769966674921289851e+01 1.714211696015156505e+01 2.642935209340382841e+01 2.823407090491459215e+01 1.801241582166358768e+01 2.522245518402255016e+01 3.532602364776171555e+01 3.619591824517324596e+01 2.942241216748032784e+01 3.990047048841488930e+01 4.376692995148225407e+01 4.795044581248843230e+01
4.020110430744546903e+01 3.864448662017250058e+01 2.814752085456904851e+01 3.316615568912232703e+01 4.356492321049731942e+01 4.607967765870326815e+01 3.682443410152704644e+01 3.745197799994835464e+01 4.666764183095155971e+01 5.302550940254828760e+01 5.389998394809568083e+01 4.967949056257140938e+01 5.203922329082530496e+01 4.815142830474829339e+01 3.803093498629718994e+01 3.087000467960759664e+01 3.277678352754737290e+01 2.263398751826526833e+01 3.105409171690290293e+01 2.993321900520971823e+01 2.696160637343568212e+01 3.706758359494656219e+01 3.812785663985500406e+01 4.236574861558188587e+01 3.816575152927034509e+01 2.769601423259149087e+01 2.642757471171237071e+01 1.592164493247334001e+01 2.607954746750322528e+01 1.713757463818129168e+01 2.310005400053494995e+01 3.416121085564950732e+01 4.411346046153123268e+01 3.990047131356458721e+01 3.372719163441907142e+01 3.749870063653413155e+01 4.485353860161693973e+01
4.417187594783008109e+01 4.289619497496504152e+01 3.344120850784413079e+01 3.986301150528866799e+01 4.779685005020245825e+01 5.246485120219104914e+01 4.818086605194330474e+01 4.875237504799319765e+01 5.302550940254862866e+01 5.691077910382585969e+01 4.668419277535063827e+01 3.944520050027300329e+01 4.320675719623350375e+01 4.743560363321628870e+01 4.515455926462504266e+01 4.099515887270391090e+01 3.695453594308435896e+01 3.107917612676296315e+01 2.089361443399841178e+01 1.974397301514994751e+01 2.838595931478158718e+01 3.084372201890087339e+01 2.783409670188670049e+01 3.812350273655899713e+01 3.467442387849913388e+01 3.039485970824712879e+01 2.838135413237465698e+01 2.337832489956141302e+01 1.592164493247334001e+01 2.617683902307293309e+01 3.171017617092123331e+01 3.858420129443774016e+01 4.047023449022400854e+01 4.468972985621711302e+01 3.983893130397117943e+01 4.780226275391706281e+01 4.485353860161693973e+01
4.837147433357877446e+01 4.806729878279847412e+01 4.384776473250088458e+01 4.806729878279847412e+01 5.393751468321178777e+01 5.147523642698371305e+01 5.138303844937067311e+01 5.138748551308393786e+01 5.511237331931688033e+01 5.274848665696887906e+01 4.683972922688809604e+01 4.260803628767401108e+01 3.291305146231464818e+01 4.320675719623350375e+01 4.801932212388923205e+01 4.465577808920787106e+01 3.446255620038659373e+01 2.732412001803634638e+01 2.589741796939962626e+01 2.721736857098602158e+01 1.818373664771329956e+01 2.055209706362191824e+01 3.075183505740063339e+01 3.670469521995430284e+01 2.872709165215978544e+01 2.022347428792156876e+01 2.476576974367593564e+01 1.513604261617127733e+01 2.538796852222552047e+01 1.839586329355805461e+01 2.865085574710573368e+01 3.278837909843725384e+01 3.011358840422720107e+01 4.047028338663778158e+01 5.006127674084546442e+01 5.418523129113015102e+01 5.492111524079601992e+01
5.203084431733189064e+01 4.824499472883857010e+01 4.941338425683450453e+01 5.320936746453501343e+01 5.081297014469167550e+01 4.282637025297633215e+01 4.259178694615663829e+01 4.261597199397586877e+01 5.104266677300821442e+01 4.852701117778006079e+01 3.827504593939197974e+01 3.227000142808436323e+01 2.937407960571093568e+01 3.977552194757084436e+01 3.774239410619303925e+01 4.499163082303770977e+01 4.167527241544220828e+01 3.734822371695258170e+01 3.633001110244050125e+01 3.257704381522533055e+01 2.687451580373673465e+01 1.667067824001513898e+01 2.248001020577814657e+01 2.962202841480783633e+01 2.451616675321935190e+01 1.475837546821671431e+01 1.447183570700073219e+01 2.233010971141015233e+01 2.729434992932086956e+01 2.862397488666024614e+01 2.099053186156243456e+01 2.287864310370045473e+01 3.314695692791962500e+01 3.872868288735691067e+01 4.142275922322195925e+01 4.533779559004877768e+01 4.951010817265701291e+01
