output/example_1/elevation_000311.asc
nrows	75
cellsize	13.33333333
xllcorner	0
ncols	75
yllcorner	0
NODATA_value	-9999
[rows 34 to 50 of 75, columns 37 to 73 of 75]
3.402922265515396560e+01 3.473512798412564706e+01 3.472848120423525842e+01 3.881872845266647687e+01 3.394047723302506370e+01 2.382705723890830285e+01 2.852330316649583963e+01 2.121832955600890358e+01 2.689540529471436159e+01 2.281509292168328784e+01 1.397180677913599389e+01 2.390605024063960116e+01 3.297450871723602717e+01 3.710895516103578018e+01 4.160304248646870917e+01 3.945704982082636292e+01 3.945704982082636292e+01 4.946847552149654348e+01 5.055904387803912670e+01 4.053448116446536886e+01 3.367138775284598040e+01 2.903415936383580487e+01 2.945192750073647403e+01 3.120740645772922051e+01 2.897425536012096359e+01 2.183723036302076892e+01 2.561437390022287985e+01 2.099383306376366320e+01 1.413201526065382652e+01 1.538911552711002351e+01 1.664625197307209703e+01 2.562985869763776137e+01 2.917001941404180698e+01 2.267770202191713480e+01 2.528569836604899734e+01 2.816007289288465998e+01 3.372820002602641409e+01
2.396230276063367981e+01 2.465812741920905893e+01 2.465801987740084300e+01 3.472848120423525842e+01 3.568355659606915253e+01 2.557741211409818760e+01 1.844556327071910573e+01 1.550253004816657310e+01 2.184589866774147637e+01 1.295060399394620099e+01 2.281524728414708747e+01 2.712034823543940831e+01 2.933593288329970150e+01 3.192520008814751264e+01 3.183808560554783540e+01 3.843694734495959153e+01 4.247474961402947002e+01 4.808831504730203221e+01 4.860685192605860294e+01 4.443945091771680467e+01 4.270213906774395696e+01 3.857099767884364638e+01 3.613749176887996128e+01 3.812591629993922027e+01 2.854499992314559265e+01 3.135004565939288312e+01 2.888034066789105125e+01 2.282463691913741144e+01 1.379658483488710452e+01 2.281569856470471791e+01 2.562948482842938702e+01 1.845324694170991719e+01 1.976632386313793077e+01 2.917001941375838925e+01 3.497547913072127557e+01 3.791743431898003536e+01 4.206509536337642885e+01
2.259555978148997823e+01 1.757398852693781777e+01 2.760758971035377485e+01 3.453773231549417488e+01 3.854410747812363525e+01 3.093270199356759775e+01 2.686803927883537213e+01 2.180840605239897911e+01 1.202868493325815002e+01 2.184589888890367604e+01 1.514895330881710755e+01 1.711420551986816108e+01 1.927178832884224136e+01 2.187630654106951766e+01 2.470808299783982775e+01 2.856695694131540364e+01 3.433794409732478670e+01 4.404106056958507764e+01 4.291559159393993639e+01 3.466616811897429073e+01 3.921541152101023187e+01 4.333776871726929159e+01 4.597350051571264373e+01 4.223247399166058358e+01 3.812579028404478265e+01 3.319094290215480925e+01 2.303234773347207565e+01 1.670886267426945437e+01 1.345645931455367972e+01 1.366955600018737904e+01 2.653526046754240753e+01 2.766422297452114876e+01 2.917001832047135679e+01 2.295229673859115493e+01 2.969994718860056793e+01 3.950098375381796245e+01 3.964270567609819551e+01
1.276894654167631415e+01 2.134791018219088699e+01 2.550388656913311891e+01 2.453634541103699718e+01 3.282546177255915154e+01 2.665739711221904784e+01 1.751213080129893029e+01 1.993303400532365544e+01 1.141452714287453674e+01 2.108818465314945811e+01 1.797452890922030377e+01 2.714027338425521663e+01 2.933667726823032140e+01 2.751358689241029509e+01 3.470107986913514253e+01 3.470107987914798997e+01 4.247474961402947002e+01 4.573674370111229592e+01 3.592224266285281686e+01 2.907388380670527184e+01 2.948871889903291432e+01 3.698851133642153854e+01 4.273269486727954103e+01 4.480581928251456958e+01 3.925283894740373114e+01 2.935526205530763377e+01 2.335295019827417917e+01 2.100790085389075657e+01 1.311475072491508165e+01 1.383749963897760793e+01 1.714729372088896042e+01 2.673550697032170476e+01 3.444103904083424084e+01 3.257060482429702830e+01 2.681407992395466167e+01 2.983747475855948394e+01 3.672013394769625449e+01
2.134782417809940114e+01 1.161769688237517073e+01 2.134329572268643105e+01 1.876945119651677629e+01 2.876336208390802796e+01 2.510381072828079141e+01 1.464591544499032594e+01 1.058992517164288039e+01 2.017572659030379256e+01 2.543653288085887709e+01 2.798864084832175436e+01 2.247681531045865810e+01 3.246846098213955401e+01 3.740475093976077403e+01 4.144137756410621165e+01 4.444884127572869659e+01 4.642875428499097268e+01 4.155392543702748043e+01 3.746649746982738094e+01 3.359970291738688530e+01 2.373300819949364993e+01 1.966143926091198679e+01 3.533210430667086399e+01 3.564078353069078986e+01 3.563973529098642246e+01 3.251652341081560138e+01 2.315021893971198708e+01 1.923464610770323446e+01 1.277315800877292418e+01 2.143252346829921251e+01 2.656181083037192892e+01 2.151358792696157707e+01 2.468764397924627119e+01 3.444856134282206739e+01 3.654202017974592565e+01 3.964270567553833757e+01 3.672013394769625449e+01
2.050786547715392061e+01 1.083180818460763462e+01 1.318689719058581922e+01 1.928814373262117599e+01 2.919073452860549267e+01 2.292301145842584376e+01 1.878952211058530963e+01 1.004598908708476479e+01 1.004598908708476479e+01 2.588718132908197234e+01 3.651084448686016515e+01 3.246846093037798653e+01 2.829823995738049547e+01 3.406126355386491866e+01 4.377095982951789210e+01 4.928884420316414605e+01 3.942565611753706634e+01 3.261513828273670157e+01 2.767737891955535900e+01 2.427136510345537346e+01 2.108554934460838126e+01 1.966143926091198679e+01 2.991061948561680595e+01 3.510176011681256369e+01 2.573212521111529583e+01 3.276387681229939375e+01 2.217859905006000787e+01 1.560462678264205749e+01 1.243360331284761600e+01 1.913062760115011685e+01 2.749871078170152572e+01 3.094731344276734220e+01 3.439339347933648838e+01 3.145723762570239046e+01 3.860092206913875401e+01 4.885813990302840182e+01 4.669841797981230513e+01
2.224847230000669995e+01 1.246396267416445980e+01 9.747326078493633972e+00 1.819806242204109026e+01 2.200708385149259527e+01 1.795338174613242899e+01 9.286390635812807659e+00 1.042776171875091507e+01 1.814051832572445733e+01 2.813383207430800326e+01 3.272168641408752876e+01 3.686547501034996799e+01 3.816499248412039691e+01 4.219313360815867497e+01 4.780330455070041751e+01 4.509515609151696935e+01 4.217120201366444832e+01 4.155392543702385666e+01 3.746649746982022577e+01 2.925687429937051220e+01 2.741993393809745783e+01 1.745301225572418602e+01 2.503046994417721294e+01 2.922645390524758824e+01 2.069928979822386239e+01 2.514466620933805885e+01 2.651592537279195483e+01 1.959383578871437237e+01 1.209115826118405224e+01 1.340994553200401107e+01 2.085132624314443817e+01 2.863187854935171472e+01 3.854199668666040424e+01 4.160519162933836412e+01 4.331753166150215861e+01 3.887492367174880314e+01 4.046478558854217056e+01
1.724310934707115806e+01 2.224847240211147081e+01 1.820314116686419581e+01 8.763526576936904178e+00 1.713735731939776485e+01 8.542540425275824134e+00 1.526711672557881982e+01 2.096317436305621840e+01 1.486273282174234822e+01 1.863493088776858642e+01 2.258389405490092727e+01 2.977246066626268828e+01 3.984251814383591039e+01 3.824188826409830000e+01 4.235466987734066890e+01 3.520409100060071239e+01 3.232052889713896349e+01 3.931228493344144681e+01 4.320693471350845982e+01 3.909827189274611925e+01 3.163799907498216513e+01 2.503046994417721294e+01 1.529577560269061642e+01 2.284824572929611719e+01 2.511961559535713562e+01 1.522102270396539403e+01 2.048303138364829579e+01 1.291270471488501848e+01 1.174338304721256776e+01 1.533159515073563917e+01 2.260004012420653652e+01 3.319701676233808740e+01 3.465251179092190625e+01 3.884368134654665994e+01 3.741712469279688946e+01 2.437878303085219400e+01 3.047488894153314476e+01
2.429820225612262874e+01 2.681000934659569879e+01 1.767074175572126293e+01 1.682737394027364530e+01 7.748761036472072483e+00 1.692567748264638539e+01 2.184805885062464981e+01 2.902624384842430416e+01 2.547132953048662429e+01 2.888953779540493372e+01 3.272168715457812738e+01 3.686551614187713000e+01 3.671308694870081268e+01 2.853567715355593748e+01 3.412874074829608873e+01 3.006683907852968929e+01 2.559232304855506968e+01 3.520409100281141690e+01 3.942379264515586357e+01 3.525633581470381017e+01 3.525641996174801562e+01 2.922662460456898970e+01 2.284824572929611719e+01 1.329931668227658292e+01 2.080929775428676365e+01 2.047843623132643387e+01 1.090996308443515339e+01 1.999050301748452441e+01 1.138936983380949108e+01 2.045597506880442040e+01 2.077380997184862821e+01 2.963629421939246100e+01 2.498183754691309133e+01 3.318460697400674064e+01 2.979794775647782856e+01 2.393732945233555043e+01 3.066603295866912759e+01
3.193140901250883346e+01 2.668078961774380886e+01 2.090125400168063408e+01 9.420066247794833814e+00 7.177863386660227718e+00 8.440128826655907801e+00 1.773768478423966499e+01 2.832993020289063679e+01 2.843616295478175360e+01 3.254566311382984622e+01 3.828872333414369677e+01 3.799710074763982703e+01 3.241258925006312097e+01 2.310891943971936868e+01 3.006683907852968929e+01 2.060619797358010885e+01 2.722235074696376600e+01 3.137246035387369858e+01 3.525623766467307263e+01 2.581799601356909335e+01 2.581799633881436762e+01 3.262140339991913152e+01 2.701299630176777811e+01 2.080929775946342630e+01 1.135457229852868544e+01 1.358774015458859097e+01 1.955419639616069816e+01 1.090996308443515339e+01 1.960669849001203602e+01 1.286039365645001098e+01 2.192013539142239154e+01 2.342521641095435214e+01 1.968473352557138512e+01 2.645708133375132576e+01 2.035753598569191425e+01 2.979794775647782856e+01 3.358745553971631637e+01
2.764412694171613794e+01 1.717056397786413413e+01 1.268974668617952517e+01 1.140410571419848473e+01 6.497558995533311510e+00 7.704424093142354657e+00 2.410135240540297730e+01 2.376938490970498208e+01 1.853638512621899892e+01 2.422115623229879944e+01 3.419396921481568086e+01 3.390683131284478691e+01 2.433220517369467828e+01 1.895551446463917955e+01 2.416457478675054205e+01 1.781755105825090624e+01 1.781755105825090624e+01 2.441663297731212268e+01 3.414730960608842025e+01 2.858244661426033417e+01 1.944879568610918952e+01 2.448374681296717625e+01 2.827614656694520079e+01 1.944726229266829876e+01 1.000678261372263123e+01 1.905864634059588880e+01 1.044400384729013709e+01 1.686094585893690123e+01 2.380287607454749121e+01 2.192013541811373400e+01 1.433355607987318159e+01 1.433355607987318159e+01 1.572353107167062447e+01 1.722403964619961414e+01 2.645708863730355631e+01 3.256393251124179500e+01 3.256393295664695131e+01
3.193142287084785025e+01 2.671266672707344370e+01 2.191711046017129050e+01 1.448214739041858756e+01 5.777980381016089240e+00 1.575474193980502235e+01 1.997470360099453401e+01 1.409727963102048243e+01 2.376938490970498208e+01 2.660939606322889617e+01 3.656380189636351474e+01 3.644648581997779502e+01 2.679719312519197416e+01 2.016743747675906206e+01 1.482880439705067488e+01 2.416457478675054205e+01 2.722642622479309082e+01 3.130875857975491883e+01 3.465239042246316359e+01 3.224425766558115214e+01 2.448374680978967888e+01 1.546794531671673312e+01 2.117065742134896666e+01 2.227733910043905396e+01 1.866976666804466944e+01 1.000678261372263123e+01 1.862207797223333117e+01 2.329210944166537089e+01 3.003193814812010487e+01 2.650067999953743580e+01 1.726507552622309305e+01 2.342521641095435214e+01 1.711330001486700780e+01 2.634422189428017091e+01 2.046316327322877271e+01 2.297576659413039124e+01 2.966527442565246986e+01
3.329668954981607243e+01 2.757271093196326817e+01 2.172873415859332624e+01 1.237907077131578504e+01 5.128533447216569563e+00 1.496351545345772927e+01 1.051883975165888252e+01 1.997568626651169055e+01 2.787624915806727088e+01 3.656380189636351474e+01 3.804954651436723623e+01 3.219858056101491428e+01 2.825404833232704860e+01 2.258620733438387873e+01 1.328488765376237346e+01 2.258620733839251926e+01 3.052495000801663849e+01 3.476829510011411628e+01 2.499332600119732462e+01 2.635475446681405387e+01 2.836248983351412534e+01 2.117984096839792940e+01 1.219596599344534482e+01 1.819564848017906300e+01 9.620451127976958006e+00 1.786515850808027395e+01 1.677052859958596898e+01 2.540344989640201234e+01 3.198732402466164615e+01 2.247441319137286442e+01 2.650067999956240072e+01 2.904590695680121470e+01 1.966731208600996794e+01 2.231714560917049894e+01 2.990266189340529479e+01 3.256393295937249377e+01 2.840281183884618343e+01
2.920105085691612601e+01 1.927586263747539164e+01 1.396209478652041192e+01 1.474997155677285399e+01 4.593758672687928701e+00 7.035875600592900625e+00 1.073672401093974926e+01 1.860114223823604362e+01 2.877193015411875265e+01 3.333991410828268442e+01 2.761201310927801700e+01 2.593287655959250060e+01 1.931816016487448096e+01 1.538369525229353307e+01 1.184190755038873455e+01 1.710978634233821083e+01 2.649843223241550660e+01 3.216006050600422839e+01 2.664091046455548906e+01 1.689272811333708901e+01 2.139972332113818965e+01 2.141593335632830986e+01 1.738523771117468542e+01 9.269385305386064644e+00 1.406526514878793144e+01 1.251165112533906232e+01 2.330250401075119271e+01 2.921409823671885064e+01 3.609344522872977734e+01 2.912153253681791298e+01 3.609961715256906700e+01 3.207542217673264417e+01 2.252183767358076949e+01 3.184267466237786692e+01 2.896278858381161214e+01 3.879533475001082365e+01 3.398635505547024849e+01
2.621867863633979567e+01 2.579640010073069689e+01 1.752068738600842224e+01 8.184211664669334141e+00 4.116616854364851363e+00 1.354869048150748867e+01 1.998639293565347685e+01 1.766259988580585372e+01 2.672952930038189834e+01 2.577009590902652292e+01 1.724320200565313499e+01 2.570079179159714400e+01 2.825424561668102896e+01 1.975238888811155391e+01 1.064153776531470541e+01 1.793982835290360711e+01 2.185047029534851504e+01 2.265351879955141712e+01 2.672758244048750953e+01 1.800429762863814531e+01 8.584774103493469255e+00 1.668716366986165411e+01 8.934576319548590106e+00 1.781104486803560150e+01 1.437770932188730910e+01 1.471263845084449251e+01 2.378469444334837490e+01 3.100825989819637840e+01 3.559642305659886574e+01 3.888048952234937161e+01 3.905093101464857597e+01 2.918705889234157169e+01 2.792819501865479026e+01 3.621122116083213172e+01 3.879533482826008139e+01 4.298226719031462295e+01 4.406982348758975121e+01
2.063059982101815493e+01 2.157278259617082838e+01 1.213512715541368259e+01 1.318698611606118121e+01 3.568794862214253794e+00 1.113572689654903236e+01 2.138158447514901184e+01 2.674010473564555213e+01 2.921539975367896247e+01 1.869721970037699776e+01 1.248172378749873168e+01 2.105541192569165077e+01 2.312155654358156198e+01 1.794784730654740201e+01 1.638590253328942481e+01 9.113736277455519286e+00 1.333664280000988889e+01 2.259220791454051636e+01 2.174391403143444990e+01 1.830703069317857512e+01 1.690540757257434734e+01 8.584774103493469255e+00 1.737905531619504629e+01 9.609148790308097432e+00 1.990749338307504601e+01 2.105738314019697199e+01 1.879987897929775897e+01 2.170020447944774844e+01 2.781303903574953651e+01 3.871307410139925054e+01 4.327844214465338268e+01 3.905093101464857597e+01 3.774229124817437508e+01 4.196204632151135883e+01 4.547540636245092571e+01 4.133702009231299002e+01 4.133702008794639227e+01
1.312212305284885971e+01 1.456716585026406641e+01 1.056825817705826331e+01 3.049810057397293939e+00 1.317419312544628696e+01 1.672063740779354646e+01 1.916672268309064719e+01 2.095356826053824761e+01 2.519053938341268051e+01 1.811642258876315736e+01 9.513855650884336157e+00 1.741817478557113930e+01 8.764690643627927713e+00 8.764690643627927713e+00 7.634178790503458600e+00 1.582005425133390553e+01 1.683310442471413992e+01 1.633509181645535691e+01 1.579518901792788732e+01 1.061347739169577764e+01 8.173591235475580419e+00 1.628069982950982109e+01 2.113022928898246633e+01 1.502115271490881199e+01 2.446322941144969931e+01 3.035402380074690143e+01 2.815004211180058391e+01 3.118400889479623217e+01 3.565275235463915493e+01 4.213289972127363114e+01 4.268860664155400997e+01 3.857478699754786078e+01 3.749229847472489041e+01 4.019674389100123335e+01 3.608190788194825416e+01 3.150610646950721261e+01 3.840613807784249900e+01
