output/example_1/elevation_000389.asc
nrows	75
cellsize	13.33333333
xllcorner	0
ncols	75
yllcorner	0
NODATA_value	-9999
[rows 17 to 33 of 75, columns 37 to 73 of 75]
1.296463259892314035e+01 2.306696184085594936e+01 2.853781346462880819e+01 3.202914204610907944e+01 2.720437005595226765e+01 3.235662056378610885e+01 4.278253862314558376e+01 4.121662193693258303e+01 3.069487137309079827e+01 3.069487137309080182e+01 3.491885957164244303e+01 3.054111451392772025e+01 2.209157857285910609e+01 3.216605838450923471e+01 3.867941224646310161e+01 4.074343473416171690e+01 3.891243560211304242e+01 4.778970571405515244e+01 5.344614405534991874e+01 4.674226506366475320e+01 3.615104396975997503e+01 4.674226506366475320e+01 4.170990488935432694e+01 3.160928091830775699e+01 4.170990487755929621e+01 4.266709558388822643e+01 4.696332179510633864e+01 4.391466818264726868e+01 3.451904595963673472e+01 2.827787940408952494e+01 2.689078038931221215e+01 2.192893710461243373e+01 3.256953816742590391e+01 4.525682090158242232e+01 5.015462652163463986e+01 4.983081356443368293e+01 4.983081356443368293e+01
2.306695997297984491e+01 1.454573905071180739e+01 2.433196763930788364e+01 2.201354110510513706e+01 2.899026079420805146e+01 3.933593189632454568e+01 4.701948179936622552e+01 4.557571090041309247e+01 4.121662193693258303e+01 4.121662193734344726e+01 3.829135503124039985e+01 2.784072732308269593e+01 2.341025765411933790e+01 3.389724805161633725e+01 3.710298565896465561e+01 4.151433854173764360e+01 4.889044659102264490e+01 5.293000321292619503e+01 5.089248139780865188e+01 4.038091000234437900e+01 3.310138433594321583e+01 4.345967799703775825e+01 3.834303022853741538e+01 2.845365551724380992e+01 3.552072464345833680e+01 3.256060095103212859e+01 4.266709558388822643e+01 4.469260957939803092e+01 3.458905437391732818e+01 3.089017334355800770e+01 2.099048353391775734e+01 2.652678194470992779e+01 3.624672927510472675e+01 4.393582623942933907e+01 4.390344326123387475e+01 4.832172638360093231e+01 4.900805527889956181e+01
2.513166166470868745e+01 1.560858126152546532e+01 1.816086465539920525e+01 2.478371335254193397e+01 3.494438416565980532e+01 4.123372782107758638e+01 3.689224047567565634e+01 4.126629469631947700e+01 4.739945611124949920e+01 4.649353622864437341e+01 3.640272970941344965e+01 3.745144306650472998e+01 2.664285451369064361e+01 2.623180083201241075e+01 2.623180083201241075e+01 3.710298565902359513e+01 4.635269463302786619e+01 5.167934350393495890e+01 4.809588131150842827e+01 3.767915701646543880e+01 3.060944890462834067e+01 3.748019845042649223e+01 3.536127162031911553e+01 2.559069960396992727e+01 2.574288395265954321e+01 3.152893793956008395e+01 3.571501663590591846e+01 4.321991617976804179e+01 3.484591460663772722e+01 2.516351760413389371e+01 2.033129082099280893e+01 3.002959815389219855e+01 3.001221226396767605e+01 3.543577346373781722e+01 3.353270810411532921e+01 4.143382828289102804e+01 3.829648073665188690e+01
2.522359458652883291e+01 1.560858126152546532e+01 2.522359456717086346e+01 2.912116877914293056e+01 2.912220538400604397e+01 3.126226929863535986e+01 2.636778771030480684e+01 3.239701981533839614e+01 4.304023407699391868e+01 5.055438484399151378e+01 4.392296336308877613e+01 3.295164024016356308e+01 3.759191669437125682e+01 3.105246927619795017e+01 3.249670473529012327e+01 3.105246940953128387e+01 3.661330535346264270e+01 4.738260690550279008e+01 5.115923909528515168e+01 4.073014492473286197e+01 3.748019845042649223e+01 2.761597145248326513e+01 3.471206305431454808e+01 3.152893794571349417e+01 2.177510374865236642e+01 2.177510374865236642e+01 2.768856507193353167e+01 3.860404911248775051e+01 3.562193441187208265e+01 2.895815507314653559e+01 1.969347038067924771e+01 2.160587072555202681e+01 2.351583659448217034e+01 2.561715368698671114e+01 2.831545878716810449e+01 3.112431275912011230e+01 3.691394399306950191e+01
1.754561161454999407e+01 2.522359443680885960e+01 1.765975809412368136e+01 1.937638646798119879e+01 1.937638646798119879e+01 2.123032768756205257e+01 2.817705219843022846e+01 3.871064684401741829e+01 4.412524317634054682e+01 4.950003282391823234e+01 4.839647783445644080e+01 3.938451621284595205e+01 4.635269447771965190e+01 3.745980727292923262e+01 4.027851172951335457e+01 3.745980740626256988e+01 4.635269463302786619e+01 5.167934350393495890e+01 5.325149685743693340e+01 4.281138399293254793e+01 3.559480837445809698e+01 3.471206305431454808e+01 2.497499002199597484e+01 2.315967659230707199e+01 2.177510374865236642e+01 2.997609851320381225e+01 3.414173132261666410e+01 3.648982197453792509e+01 2.683576706702374182e+01 2.866559981017191916e+01 1.969347038067924771e+01 2.948682135625488243e+01 2.902230522836264370e+01 3.543577346373850645e+01 3.353270810411532921e+01 4.143382828289104935e+01 4.586785343880356436e+01
2.710350198893858931e+01 3.135911054490204464e+01 2.724486950179727884e+01 2.081417548282866292e+01 2.912171560043772800e+01 3.126226929863535986e+01 2.546287166892769349e+01 2.906514035271960950e+01 3.441821720444674781e+01 4.509345688536245689e+01 5.467439776599528045e+01 5.025854933533269531e+01 5.248787938988125745e+01 4.819718243898550725e+01 5.091983248282015495e+01 4.819718257160796071e+01 5.248787935425441731e+01 5.193202918817323877e+01 4.671976326520309186e+01 4.239539097020002600e+01 3.900869663849304203e+01 3.288531579034002306e+01 2.315967659230707199e+01 3.288526465350570760e+01 2.997609851319966623e+01 2.019097842905304319e+01 2.850029468967903412e+01 3.195805250529751262e+01 2.785657428243082379e+01 1.888141487896894333e+01 2.865696085305641461e+01 3.363020741743213193e+01 3.908842381778697472e+01 4.347580329474043737e+01 4.390344326123413765e+01 4.832172638538604303e+01 5.096567787066599919e+01
2.246339650772929986e+01 3.263485621249567004e+01 3.507714823411834004e+01 3.076182270637004734e+01 2.446140229557160595e+01 3.482781294944889083e+01 3.596049250599461544e+01 3.974035320895870171e+01 4.412524317634054682e+01 4.943921785851636486e+01 5.910878951946278903e+01 5.209569485448049875e+01 4.792520760895898491e+01 5.035228321582398792e+01 4.617667406798245366e+01 4.617667406798155838e+01 5.629530090714405333e+01 4.760126707014592995e+01 3.718951487025408653e+01 3.223530797507913803e+01 2.908656799147273375e+01 2.636891769732604729e+01 3.288531579034002306e+01 3.619648021508400149e+01 2.635978863345597389e+01 2.850029464424836689e+01 1.874667524729414936e+01 2.705941891858297765e+01 1.814350865233084775e+01 2.781694103097952819e+01 2.860229680908958372e+01 3.824636584723221944e+01 4.113910956427253041e+01 4.195710730942106181e+01 4.622258846868994198e+01 4.361916126346386591e+01 4.057613444856155382e+01
3.263485624921097639e+01 2.596908108607749099e+01 2.596908108607749099e+01 3.646881826495759782e+01 3.482789008592044411e+01 2.897343469936186011e+01 3.510668292949578273e+01 4.565338566912043206e+01 5.212981526977875291e+01 4.506184082524248424e+01 5.212981526977875291e+01 4.792520760895898491e+01 3.785440752885624960e+01 4.080407658034555141e+01 3.612546453009097291e+01 4.320923366436937840e+01 5.334070893592127049e+01 5.193202918817323877e+01 4.671976326520309897e+01 4.239539097020002600e+01 3.900869663849302071e+01 3.111536404937500677e+01 4.040113757844591902e+01 3.619377073754201035e+01 3.619648021477895128e+01 3.261273274949905954e+01 2.705988875974663799e+01 1.747906859765650367e+01 2.703169212696022683e+01 3.188414231845866809e+01 3.615686313832244991e+01 3.213713348928960301e+01 3.117922577130764594e+01 3.195815405658721176e+01 3.855601727732039308e+01 3.349287440465871413e+01 4.057613444856155382e+01
4.022299779053408031e+01 2.960457416370476835e+01 3.646881826905249113e+01 3.453903558240041605e+01 4.385833384427950676e+01 3.428028803950722647e+01 4.385833384428033099e+01 4.989608647602864977e+01 4.766730456722354603e+01 3.796110364649550206e+01 4.459922140190681716e+01 4.876296185057681498e+01 4.080407658034555141e+01 3.083783250299808998e+01 3.716491878383494907e+01 3.960582828309873804e+01 4.377836813008022432e+01 4.958599463150581954e+01 4.929996312502155575e+01 4.516093483690724497e+01 4.549720224773297161e+01 4.118472797448274036e+01 4.551946751509915146e+01 4.634600979536161702e+01 3.771499327510265687e+01 2.787408443871403207e+01 2.152466618899152095e+01 1.747906859765650367e+01 2.383129907638123157e+01 3.130377729319340219e+01 2.955724833388181949e+01 2.212085955137242976e+01 2.425118656869225120e+01 2.644241228209238415e+01 2.877860320336055011e+01 3.297425219048478340e+01 3.868482680581534794e+01
4.449908915655785790e+01 3.495840971545473508e+01 4.449914586766066549e+01 4.202497848346861531e+01 4.909674103871606121e+01 4.484819993969957608e+01 4.909674103871960682e+01 5.065639083834549439e+01 4.057331866581709789e+01 3.352922614623224007e+01 3.458213176928607879e+01 4.297366221237174955e+01 4.497505119485983727e+01 3.716491878383524750e+01 2.722525232892849800e+01 2.963999279087193273e+01 3.800636996165402337e+01 3.951857508310234834e+01 4.353686987503768790e+01 3.514297190771511481e+01 4.353686987873013692e+01 4.932776322479346476e+01 4.813646380217784326e+01 4.349410371904058792e+01 3.995266860999533520e+01 3.059422474836082273e+01 2.659118920919829421e+01 1.702151255205252056e+01 2.588148872415817436e+01 2.695801179420894300e+01 1.955546318808035267e+01 2.829961187506269482e+01 2.805683635320741942e+01 3.584640715663444865e+01 3.854985575074511672e+01 4.280617014980981594e+01 4.735318931388506059e+01
4.971715276107134684e+01 4.548758604346683398e+01 4.971716295414520204e+01 5.237137059934264016e+01 5.277918792566334361e+01 4.861130268602681781e+01 4.820934298735127754e+01 4.531882413940553533e+01 4.116919973686338352e+01 3.881585200599493390e+01 2.887567767590689982e+01 3.881585200601210772e+01 4.670674204095555382e+01 3.666160004140758133e+01 2.963999142129364017e+01 2.389367441479133447e+01 3.385172089664615669e+01 3.246297175363534393e+01 3.468768914218839683e+01 2.942344377160538471e+01 3.514303080744846852e+01 4.516874835645545971e+01 4.347309713924478558e+01 3.292643421389870184e+01 3.578380033348606304e+01 3.284666508353456749e+01 3.001874645650631734e+01 1.661896521941027061e+01 1.669388495745542045e+01 1.762691482706135915e+01 2.722065419581082324e+01 3.371923327894273115e+01 3.832847032884104266e+01 4.132052017274983058e+01 3.806562724779775664e+01 4.153281287966844104e+01 4.575917475208137830e+01
4.387613746699269512e+01 4.513271569580022202e+01 4.513271569580022913e+01 4.919074099383674081e+01 4.861130268602735072e+01 3.853025175138827052e+01 3.815963118720240033e+01 3.815952803672282556e+01 3.118713741801512995e+01 3.301945745196378112e+01 2.639316064084410129e+01 3.633145040427204009e+01 4.029978324913045640e+01 3.735885572619506689e+01 3.193529998799689551e+01 2.193952128103067523e+01 2.432167968234058364e+01 3.116912906918642179e+01 2.473441207640481565e+01 2.918411967501861071e+01 3.490234188107680779e+01 4.492912483976233062e+01 4.138459996167991051e+01 3.153099791210028258e+01 2.609543185177606972e+01 2.322690536964448427e+01 2.029400008662419808e+01 2.523080354707794370e+01 1.616301796408624014e+01 1.691057993088949019e+01 3.064535211614259325e+01 3.534510715756621124e+01 3.801436064762069833e+01 3.388197437930058697e+01 2.851928924382518105e+01 3.172613099195495323e+01 3.649029861788336859e+01
3.426276303385738231e+01 3.550635855516667760e+01 3.550635855516668471e+01 4.513271569580022913e+01 4.861130268602689597e+01 3.853025175138827052e+01 3.151304714429705456e+01 2.822366971122241353e+01 2.556565496268517990e+01 2.305005092970501579e+01 3.076208528216848137e+01 3.490628654642608097e+01 3.029082674736343961e+01 2.736384949960674007e+01 3.166568713097847976e+01 2.751798353567212629e+01 1.925072519271074967e+01 2.115820765169597450e+01 2.473441209284722575e+01 3.468852072599793246e+01 4.330190528527422344e+01 4.909674684660476629e+01 4.555388105470294136e+01 3.999764408083947131e+01 3.578377842000985254e+01 2.837686695088764921e+01 2.695580591249215274e+01 1.625006997009927545e+01 1.575646505208056070e+01 2.185226673995041935e+01 3.019246131488685947e+01 2.578927955281845286e+01 3.060736124378972889e+01 2.450043907162924128e+01 3.101613694210684002e+01 4.080071678251081835e+01 4.575917475219784336e+01
2.871727528652627370e+01 2.871727528652627370e+01 3.550635855516667760e+01 4.513271569583309173e+01 4.711314660151394662e+01 4.565471983515633525e+01 4.148292320865634508e+01 3.815948130491015888e+01 3.550181819776913272e+01 3.076208528216880822e+01 2.073992447647138704e+01 2.862549765484349606e+01 2.720021467545589999e+01 2.025061505307471421e+01 2.580062950098822583e+01 1.743048888588096546e+01 2.458846454203465015e+01 3.116892397990884689e+01 3.116880176877825193e+01 3.047304655015744146e+01 3.620044308235366515e+01 4.624715050658120674e+01 5.117281270924965497e+01 4.687393076125787417e+01 4.236409657391651962e+01 3.817810367195789212e+01 3.068013537429452242e+01 2.409396729865199660e+01 1.532829440363866347e+01 2.420330471729517541e+01 2.592603426709531078e+01 1.927463389500454127e+01 2.126590563334547923e+01 3.060736124392330737e+01 3.801436258141718127e+01 4.049124612388401800e+01 4.049124336687108894e+01
3.487515480390236178e+01 3.832585328353469833e+01 4.234854977450171987e+01 4.415655316061617697e+01 3.706503774929952755e+01 4.415655316061617697e+01 3.865890335054308480e+01 3.450608481429247831e+01 3.865352258645015127e+01 3.490025055835204881e+01 2.569996824621576792e+01 1.854758515391605656e+01 1.710854179661712138e+01 1.573993913729823291e+01 1.573993913729823291e+01 2.580062950098820806e+01 3.166459729640006415e+01 3.873562519344218202e+01 4.115865770020138115e+01 4.044652454886436033e+01 4.461351886214711726e+01 5.041929533464636393e+01 4.624615694685207501e+01 3.595301291636230445e+01 3.795703295480063133e+01 3.483295000587753520e+01 3.127321169715017035e+01 2.138577350518967535e+01 1.488650963455237353e+01 2.356936586375405085e+01 1.670857191648051199e+01 2.592983107725646619e+01 3.060736042270757551e+01 3.468809423891850230e+01 3.767479328973090702e+01 3.057907075182390244e+01 3.057907075030039579e+01
3.260911220659019705e+01 3.969194244475792033e+01 4.607133994611153582e+01 4.000806069401714637e+01 2.998131697430055809e+01 3.421911750834497212e+01 3.362505392686076533e+01 2.442609288582836413e+01 3.362505392686076533e+01 3.983792336938689260e+01 3.276933404103628078e+01 2.862480407404005334e+01 2.574471062772063590e+01 1.573993913729823291e+01 1.777669593424584349e+01 2.785331764289367129e+01 3.336556864911761267e+01 3.602219835528068614e+01 3.902041560270779286e+01 4.318352513698903294e+01 4.897709537296498894e+01 4.950900000259741773e+01 3.873991136982313321e+01 3.074409822530818204e+01 2.668357694564113913e+01 2.358591264602850757e+01 3.072894894262025289e+01 2.790802432461232740e+01 2.356996055664628642e+01 1.423881732030177005e+01 2.139261001301342802e+01 2.670805668902942998e+01 3.240654518770227810e+01 3.688318452783308743e+01 3.348227889340233077e+01 2.376920534542121644e+01 3.057907075030039579e+01
2.613464709752900106e+01 3.301173201080284514e+01 4.063506551536025313e+01 3.778721926231183659e+01 3.421911750834497212e+01 2.413608692254436860e+01 2.946593130692530238e+01 1.926627470415213139e+01 2.651798517715694459e+01 3.659350836737237245e+01 3.450456622020988817e+01 2.634045896502345840e+01 2.425005323538955082e+01 1.497990778821367108e+01 2.512065371088825216e+01 2.085630176710953876e+01 2.339796149948329429e+01 2.608200019136782188e+01 2.907645395311715930e+01 3.478580473963602770e+01 4.480500161715017526e+01 5.055095333511208366e+01 3.991575014033076485e+01 4.189419737081744444e+01 3.718213186818569937e+01 2.598655095438162732e+01 1.974117466437754942e+01 2.524409042020796434e+01 1.423881732030177005e+01 2.299615932742815616e+01 1.361771427318504024e+01 2.298122090334926781e+01 2.151768398767175938e+01 3.216655730412156800e+01 3.004818567638497484e+01 2.376920534542121644e+01 2.931949116677731837e+01
