output/example_1/elevation_000097.asc
nrows	75
cellsize	13.33333333
xllcorner	0
ncols	75
yllcorner	0
NODATA_value	-9999
[rows 34 to 50 of 75, columns 0 to 36 of 75]
4.159999999999999636e-03 1.000415999999996330e+01 8.016889927065596666e+00 1.340948299196560178e+01 9.738365097493879574e+00 1.972451410877639333e+01 2.418497255062186113e+01 1.583901541719136219e+01 1.249123724263463053e+01 1.434807194039035849e+01 1.634806821998677506e+01 1.870509084258411647e+01 2.870555636293086010e+01 3.317806391497877883e+01 4.318084650513482359e+01 3.805141000685961927e+01 3.389741030774416686e+01 3.217700488223000832e+01 2.224087492607632655e+01 1.508408369225636747e+01 1.348705223600996916e+01 2.361037410499140421e+01 2.951365246033226342e+01 3.365530484939114331e+01 3.862332540655586399e+01 4.570401674835576245e+01 3.552109145688619662e+01 3.738504233656884423e+01 3.260045285163291595e+01 2.673448793132981649e+01 1.739950342682486095e+01 2.673448793134676649e+01 3.604161866557769400e+01 2.603257206570969018e+01 2.788812125769520023e+01 2.043060355412390550e+01 2.292752478005432337e+01
3.329999999999999627e-04 1.118366988749894597e+00 2.243454889675918551e+00 3.413866361637224234e+00 1.341391219472684071e+01 1.648510072515792046e+01 1.785785851996215357e+01 1.006784911244339220e+01 2.006621582118103575e+01 2.141918069987346485e+01 2.212158893571682583e+01 2.870555636293081392e+01 2.577625205366895145e+01 3.577752255466891285e+01 3.805140273119589978e+01 3.229323969648580572e+01 2.394684159707761495e+01 3.131034826756412670e+01 2.721438287727093552e+01 2.196402094987590559e+01 1.182129824032759835e+01 2.093028845344259281e+01 2.530954326457163717e+01 2.986790821119346262e+01 3.473098483237149026e+01 4.141104383730095861e+01 4.570401674835576245e+01 3.926229100418605356e+01 2.979188698493136300e+01 2.009726003068557532e+01 1.739950342682486095e+01 2.522314642169111565e+01 2.933945587984825210e+01 2.574299133659556915e+01 1.827300350774444127e+01 2.752656524161036344e+01 3.323675908592903738e+01
1.129999999999999928e-03 1.000112999999996255e+01 9.314513024312159217e+00 1.341390253013865497e+01 5.181633314603594442e+00 6.516292771496505765e+00 7.873401783165979495e+00 1.785785852041254884e+01 2.420989733869738458e+01 3.142000004515645628e+01 3.212238822783805148e+01 3.626598451839650039e+01 3.577752255466891285e+01 3.992144316509089208e+01 3.389741028545091694e+01 2.394684159707759719e+01 1.815766373688923707e+01 2.315401807557406144e+01 1.718057098110704572e+01 1.902451165827192270e+01 1.051074367615797733e+01 1.051074367615797733e+01 1.363626456371497753e+01 1.778325693612807257e+01 2.505098922379420401e+01 3.692994288573851236e+01 4.227228774199198824e+01 3.217369472769130567e+01 2.510571747132263809e+01 2.979188698351563147e+01 2.522314642156890940e+01 1.602741108082981469e+01 2.380233577338305651e+01 1.642841226262489229e+01 2.574299133659555849e+01 3.103780720402271598e+01 3.142966925761306030e+01
3.329999999999999627e-04 1.000033299999996217e+01 1.931301833693230563e+01 1.518167417508712980e+01 1.253480428380830070e+01 7.209159441805244484e+00 1.775281714198389693e+01 1.285808615378995512e+01 1.992830176966414868e+01 2.992965703336859917e+01 3.620595236783428561e+01 3.208078704730207420e+01 3.620595346205875842e+01 3.512185117424330372e+01 3.520671406831835526e+01 2.522451855154696787e+01 1.812212926046800376e+01 1.305932229612517581e+01 1.902422615859626021e+01 8.885900134143401630e+00 1.902451165975436354e+01 1.626558547034643709e+01 2.419142591026712452e+01 2.986242242817361969e+01 3.471904104924271905e+01 3.794485834688766346e+01 4.210277713336060401e+01 3.502389345697753953e+01 3.513150414113687958e+01 3.137668876258157269e+01 2.182039768705497451e+01 2.377590371205227626e+01 1.461813639711997226e+01 1.611238722262640266e+01 2.854781885451956924e+01 2.681176016409633434e+01 2.070673172611489932e+01
4.329999999999999539e-04 7.071500811865485403e+00 1.707150081186555113e+01 2.518171061009083189e+01 2.216074438190982576e+01 2.103003905603198120e+01 2.103003897222988172e+01 1.863068208735938569e+01 2.285763089067773990e+01 3.285977835554353277e+01 3.120674223901023936e+01 2.206605235224352057e+01 3.120674223901023936e+01 2.512551566769367994e+01 3.218526098964436954e+01 2.706648032395055381e+01 1.702351921490563669e+01 9.837609903260830180e+00 1.638144435252839415e+01 7.792146352632154382e+00 1.791920385155666651e+01 2.558460252860121287e+01 2.951735566749971795e+01 3.050424445447356447e+01 3.465454774542552485e+01 2.813711744848861329e+01 3.627264472473512313e+01 4.476707027466036948e+01 4.147384956807826484e+01 3.137621217536124263e+01 2.826508522661833567e+01 1.728999742295721376e+01 1.378086126711635728e+01 2.297697065695604124e+01 2.680948051242982544e+01 1.580320111990668508e+01 2.681176016409634144e+01
5.329999999999999452e-04 1.000053299999996348e+01 1.569143586490184461e+01 1.902476919823529400e+01 2.316690482196627343e+01 2.816690482196628764e+01 3.146772678221081421e+01 2.863175033650685819e+01 3.277587051289580700e+01 3.079352913329998032e+01 2.674218760523666205e+01 1.703253378526895645e+01 2.170634041624959565e+01 1.801783242494004611e+01 2.805337455054619511e+01 2.854465862547927202e+01 1.920933488216669005e+01 1.567372707246166819e+01 6.274969450565910378e+00 1.638250234959329177e+01 2.208135325700756724e+01 2.347642526088730364e+01 2.719652031091561994e+01 2.091609512883627531e+01 2.891097994670718663e+01 2.257301833889268039e+01 3.194464755605658013e+01 3.749428213491940909e+01 3.860316474997357261e+01 3.356688845513126296e+01 2.921633951433074472e+01 2.218825958778225882e+01 1.295818859655361166e+01 2.112534780687138181e+01 2.377772695942022452e+01 1.304041908376969339e+01 2.070920457373095402e+01
3.709999999999999756e-03 2.676322419124241403e+00 5.691435864901881914e+00 9.024769198235226497e+00 1.402476919823524248e+01 2.402476919823530821e+01 2.976561388552636345e+01 2.562294526942665840e+01 2.976561388552636345e+01 2.674218760523666205e+01 1.677871255088784253e+01 1.969694683012360059e+01 1.164247492810148188e+01 1.899980955729983734e+01 2.395191149746408854e+01 2.746312350099913857e+01 1.661884674959029695e+01 9.722455397054478254e+00 5.308700806867966193e+00 1.540791485743989497e+01 2.130411032286973594e+01 1.307716806208953919e+01 1.889535528456339009e+01 1.534583146540310850e+01 2.348856527293548879e+01 1.813282214101120360e+01 2.382553919548128718e+01 3.344532136054472460e+01 3.435884919865623033e+01 2.440040415093282178e+01 1.979124259423613807e+01 1.657781856838342804e+01 2.112535606240430397e+01 1.181043443584923303e+01 2.006047802953069592e+01 1.062402803396582840e+01 2.139217675634571947e+01
6.660000000000000121e-03 1.000665999999996281e+01 1.267632241912420454e+01 1.902476919823515544e+01 2.316690482196627343e+01 2.816690482196628764e+01 2.476538290795411612e+01 1.562282495856486442e+01 2.476538290795411612e+01 2.720869670583261524e+01 1.969694683012360059e+01 9.682122632843325860e+00 8.944869026386928823e+00 8.944869026386928823e+00 1.829565518259857981e+01 2.914305678814772094e+01 2.066455357739421927e+01 1.023927492493545799e+01 4.372485013462793724e+00 1.315346551217061766e+01 1.476535590225699934e+01 7.150469870022705621e+00 9.017966639114831651e+00 1.122956075493467409e+01 1.357666270066153658e+01 1.813297218810163969e+01 2.382910375397111125e+01 3.356387263509715524e+01 3.857095934912101853e+01 3.355952086390883693e+01 2.810328668538045349e+01 1.657781856838342804e+01 2.516698343947469851e+01 2.006824017618226819e+01 1.062402803396582840e+01 1.908009322073712255e+01 2.309852556599572893e+01
1.030000000000000013e-02 7.081367811865462158e+00 1.708136781186539110e+01 2.681845804285505608e+01 2.417479658717482138e+01 2.003267537172027701e+01 2.062288511399575697e+01 1.062285197210466237e+01 1.562286854305021855e+01 1.976491523522042471e+01 1.298906637425807631e+01 5.907915089217881999e+00 1.567863615646576747e+01 1.927134659449025023e+01 2.348799566036326070e+01 2.261644850408413632e+01 2.482319179464042236e+01 1.853281556847445444e+01 1.314991033018260858e+01 3.076126685659394955e+00 4.720266099568137363e+00 1.476535557479473226e+01 1.906896464297694749e+01 2.124717738257695387e+01 2.353539026615160878e+01 2.758749838067342708e+01 3.201578747985380602e+01 3.783425274773684777e+01 3.931057660140951526e+01 3.833461228494009987e+01 3.324715721765556253e+01 3.085529028140134145e+01 2.678915300010925904e+01 1.728680085989031312e+01 1.899081286796314316e+01 9.498277196697708646e+00 1.809149824436148890e+01
1.349999999999999985e-02 7.084567811865484899e+00 1.708456781186555062e+01 1.724777117302054208e+01 1.840131972999348164e+01 1.003272424531308182e+01 1.840131972954833017e+01 1.562286854305020078e+01 5.622870736243075207e+00 1.562282929426069344e+01 1.415825555687111148e+01 4.147087765812723426e+00 5.580596794760159796e+00 2.104634317025754342e+01 2.289117519491914265e+01 1.580227654967263007e+01 2.287953946860719512e+01 1.633696751506000311e+01 1.194441041583226593e+01 3.076126685659394955e+00 3.076126685659394955e+00 1.311497412584653510e+01 2.256897349957031551e+01 2.828919420978677479e+01 3.182733012000634076e+01 2.769531130856702106e+01 3.182733012000634076e+01 3.936392838303375896e+01 2.944711779067285562e+01 3.120085359490258980e+01 2.644835484261475855e+01 3.357070162745625197e+01 3.090920705226245246e+01 2.678373882374846460e+01 2.302983282491065609e+01 1.808586930861658360e+01 8.391210131617974355e+00
1.339999999999999872e-02 1.001339999999996344e+01 1.017673373488741007e+01 7.247814316526567602e+00 1.017673400155407570e+01 4.259240437943300428e+00 1.017673426822074312e+01 1.017673440155407683e+01 2.849373007476758257e+00 1.017673466822074246e+01 1.017673480155407617e+01 2.426646948054778541e+00 1.247567142571370624e+01 1.783366529008066692e+01 1.545444557579706846e+01 9.856660202850536123e+00 1.384993722572300001e+01 1.217863959653349148e+01 1.990635829755950104e+00 1.140638363056157623e+01 1.310957849871160619e+01 8.450299349530702386e+00 1.427762239469204886e+01 2.419961737561681048e+01 2.684758356711645888e+01 1.774247989545125037e+01 2.684758356711645888e+01 3.145970033167285962e+01 3.120502345536722544e+01 2.149769692971241497e+01 2.054315839948571565e+01 2.944295828545480376e+01 3.635128277829378618e+01 3.255602565146226368e+01 2.296989328957497278e+01 1.633063163325227762e+01 1.713432862852955196e+01
1.369999999999999864e-02 1.767603361495587166e-01 1.767603361495587166e-01 1.767603361495587166e-01 1.767603361495587166e-01 1.767603361495587166e-01 1.767603361495587166e-01 1.767603361495587166e-01 1.767603361495587166e-01 1.767603361495587166e-01 1.767603361495587166e-01 1.017673480155397847e+01 1.017673506822064411e+01 1.017673520155392985e+01 6.247664431836677856e+00 1.017673548104227699e+01 3.908289884276152204e+00 9.647286268424831945e+00 1.232310109679150223e+00 1.232310109679150223e+00 1.666228652500162610e+01 1.846800908961053977e+01 2.256898880261700668e+01 2.340262998745455647e+01 2.271885126438277069e+01 1.271495506569357659e+01 1.735137780208914293e+01 2.732709861725774303e+01 3.238171506721493387e+01 2.274984899011776207e+01 1.587526732368906046e+01 2.274984899011776207e+01 3.106688973234521711e+01 3.336137444931951279e+01 2.382682500489486088e+01 1.718654735104517073e+01 1.170934036931982192e+01
1.290000000000000001e-02 1.001289999999996283e+01 1.767603361495587166e-01 1.767603361495587166e-01 1.767603361495587166e-01 1.767603361495587166e-01 1.767603361495587166e-01 1.767603361495587166e-01 1.767603361495587166e-01 1.767603361495587166e-01 1.767603361495587166e-01 1.767603361495587166e-01 1.767603361495587166e-01 1.767603361495587166e-01 1.767603361495587166e-01 1.767603361495587166e-01 1.767603361495587166e-01 1.767603361495587166e-01 8.541590418479438895e+00 9.748204813238421806e+00 1.496964751955231243e+01 1.686295424249866670e+01 1.316491091367519672e+01 1.316440203416279253e+01 1.918152036564866592e+01 9.110715062567230405e+00 1.918116148082339834e+01 2.618065725086658446e+01 3.006510386939976343e+01 2.035662048653552247e+01 1.341477148079531823e+01 1.728980740706127506e+01 2.417834856990906545e+01 2.440958758267648321e+01 2.834070403473486977e+01 2.375290333894127315e+01 1.503940240339228573e+01
1.349999999999999985e-02 1.001349999999996321e+01 7.247814183193233895e+00 1.017673386822074377e+01 1.017673400155407570e+01 3.339037169505750580e+00 1.017673426822074312e+01 2.758749449415997201e+00 1.017673453488740876e+01 1.017673466822074246e+01 4.648893068686413166e+00 1.017673493488723580e+01 1.767603361495587166e-01 1.017673506822016805e+01 1.767603361495587166e-01 1.767603361495587166e-01 1.767603361495587166e-01 8.456624224047127214e+00 1.767603361495587166e-01 6.179923785322884555e+00 4.227586884012780044e-01 1.061795515282153346e+01 4.167247971971665521e+00 1.099949199736498961e+01 1.313161020012989155e+01 6.371493555649752061e+00 1.224251930214051498e+01 2.213243660974766058e+01 2.861826634726572749e+01 2.719273386944863802e+01 2.015249333068566884e+01 1.025216723080409587e+01 1.739060408895040410e+01 1.450560843349820495e+01 2.440950522554460278e+01 2.095253710741988584e+01 1.147452221653627369e+01
1.319999999999999993e-02 1.001319999999996213e+01 1.724777103968720837e+01 1.833897582443771412e+01 8.339024295561383582e+00 1.333900005999954885e+01 1.543303968760139888e+01 5.431359013147030623e+00 1.543303968760139888e+01 1.464885270565911490e+01 1.171993455532255979e+01 1.431885401969144667e+01 1.017673506822077734e+01 2.716763800477239421e+00 1.017673533488425619e+01 1.017673172422094297e+01 1.017670337251378498e+01 1.708914565887690529e+00 8.464527106746869478e+00 4.227586884012780044e-01 5.969243716478583872e-01 5.969243716478583872e-01 7.718878455672701921e-01 7.718878455672701921e-01 2.969685219482213423e+00 1.304002602252014142e+01 1.200943090340124186e+01 1.719459856134937681e+01 1.676740697454073370e+01 1.800304136929876719e+01 2.227136688565125766e+01 1.739054581925296006e+01 7.360651067386238644e+00 1.739059933675316572e+01 2.540474734001220014e+01 2.504012039662942612e+01 1.945450138603627011e+01
1.359999999999999924e-02 7.084667811865485554e+00 1.708466781186555394e+01 2.248109605969583313e+01 1.333900081150098416e+01 2.248109605969583313e+01 1.845008898845262024e+01 8.446464340987054342e+00 1.845008898845262024e+01 2.464880784676701708e+01 2.171988662728231034e+01 1.538937969458270594e+01 5.389373422483951792e+00 1.271674852411998913e+01 1.685840386420818149e+01 1.287776862895286278e+01 3.247644345566637281e+00 1.138540301273114963e+01 1.175946190938776503e+01 9.536177532189901385e+00 1.578228101240970682e+00 9.676505613267506689e+00 3.516941598030604688e+00 1.064215718592311077e+01 7.718878455672701921e-01 8.792380360722384935e+00 1.019753332328992235e+00 1.160160721543052276e+01 4.438689412441779503e+00 6.991423362130589680e+00 1.688059633759901956e+01 1.333452621456992304e+01 5.552857597205795415e+00 1.146051102423935042e+01 2.140032493699078842e+01 2.068197359693383675e+01 1.676256900116460002e+01
1.299999999999999940e-02 1.001299999999996260e+01 1.793548033897956628e+01 2.293548029447240211e+01 2.333895083737443699e+01 2.333895083737443699e+01 2.199891939542887798e+01 1.198198553389211973e+01 2.199891939542887798e+01 3.164531012172011870e+01 2.458008389118489134e+01 1.735056040148482381e+01 7.350530782128081420e+00 1.735056040148478829e+01 2.099414897524632195e+01 1.101841949537982046e+01 4.335704594687554980e+00 1.394510300550274806e+01 1.323143738999703700e+01 1.578228101240970682e+00 3.867990990315643973e+00 1.321017749635682037e+01 1.195028205007267630e+01 1.392789493768459685e+01 1.052483672356256506e+01 1.019753332328992235e+00 8.540188172942606570e+00 1.271282078855409781e+00 4.520973424207436864e+00 1.523757476486167217e+00 1.173485835282817469e+01 3.145376603575748220e+00 1.179759586653177372e+01 1.180984012254931415e+01 1.484681625377625203e+01 1.427332335160133781e+01 7.222578710501658783e+00
