output/example_1/elevation_000179.asc
nrows	75
cellsize	13.33333333
xllcorner	0
ncols	75
yllcorner	0
NODATA_value	-9999
[rows 34 to 50 of 75, columns 37 to 73 of 75]
2.458326427063613551e+01 2.640489970686023824e+01 3.131369499880110041e+01 3.714728044299017284e+01 4.115655811908353456e+01 3.958329523148371720e+01 4.383056811686631704e+01 5.004494829706715109e+01 4.012412384296014523e+01 3.921961425554101766e+01 3.244041813861335299e+01 2.188011611299982917e+01 3.008555286372099502e+01 1.926072920730196003e+01 2.571680549958356465e+01 3.605339959890499557e+01 4.166520626624537016e+01 3.579036254883773438e+01 2.488766640205222558e+01 2.786834608539253466e+01 2.606430503334206605e+01 1.595426085441784636e+01 1.909353940672110284e+01 9.065506073557321187e+00 1.835721192921736034e+01 2.596341220533644645e+01 2.476641183491303622e+01 2.045436069806568469e+01 1.153495297657562624e+01 2.209311315678852594e+01 2.812252435697755715e+01 3.136080578786585349e+01 2.025584511256818487e+01 3.136037921795406191e+01 2.427747166933625067e+01 3.523412968577274995e+01 3.660787785800442862e+01
2.870574306812706666e+01 3.223485741528716630e+01 3.524870637034448606e+01 3.734449849381443443e+01 3.573519438753501021e+01 2.922436208810410463e+01 3.786760947546117961e+01 4.383056811685848686e+01 4.495598461226698106e+01 3.496063766406419404e+01 2.769632727835377750e+01 3.008555816803131222e+01 1.926072920730196003e+01 2.802541826377696665e+01 3.226421590016506968e+01 3.213721998277763703e+01 3.181395822949133390e+01 3.963566678447576663e+01 3.579036254883773438e+01 3.408148239067720908e+01 2.425803690712366745e+01 2.377654061115154249e+01 1.295589379946897068e+01 9.065506073557321187e+00 1.789509847985484825e+01 1.774335958033898208e+01 1.937558437547074419e+01 1.008070988045042782e+01 2.007588463375232024e+01 2.492491247419611611e+01 3.114114796798168427e+01 3.246960832416269938e+01 2.815476066983236691e+01 2.025584511256818487e+01 3.136037921795406191e+01 2.889015245883572902e+01 3.660787785800442862e+01
2.915340506948869859e+01 2.182973380353414328e+01 2.487732394337927744e+01 2.709633419785777164e+01 2.533800894605741760e+01 2.316998898392380468e+01 2.922436208810410463e+01 3.958329523148371720e+01 4.603970695555777581e+01 3.605619919681694796e+01 3.788820700488054172e+01 3.428342934887002258e+01 2.802541826377696665e+01 1.702035816585360806e+01 2.584225106001040118e+01 2.145309134494502601e+01 2.877435943930086282e+01 3.788853018635117564e+01 4.387665750068275372e+01 3.820486245886434773e+01 3.166866182941469887e+01 2.071608485033114277e+01 2.344854920420325328e+01 1.568122049523016415e+01 8.518656210909130166e+00 1.541892128840535392e+01 9.051928609264381365e+00 1.937339370689758766e+01 1.008070988045042782e+01 2.066786426313308667e+01 2.016316175508455188e+01 2.530386815320732552e+01 1.696178159374319350e+01 2.815476066983236691e+01 3.567580425562955782e+01 3.960996888115350600e+01 3.660787785800442862e+01
2.374023698998713883e+01 1.450679083835074756e+01 2.233669352414574405e+01 1.970730809315793763e+01 1.793758037444358777e+01 2.838627568822504088e+01 3.283631728284714058e+01 3.709266993028577275e+01 4.225722219907793686e+01 4.603970695555777581e+01 4.166261759754559080e+01 3.076885983039562333e+01 3.076647193898605792e+01 2.600295875194725781e+01 1.493824341655595234e+01 2.519213632644056489e+01 3.098071336676409615e+01 2.934680217022712512e+01 3.661173006441562450e+01 3.963874328683522918e+01 3.604325946121667101e+01 3.167083698553970450e+01 2.979300039380017751e+01 2.229771454471068637e+01 1.692744421554788659e+01 8.028822886981561879e+00 1.137188108860950919e+01 2.214546085454563240e+01 2.066391727606859874e+01 1.144553178860912368e+01 1.243077086069178527e+01 1.415540426283585518e+01 2.531143323265462186e+01 2.616781075065356532e+01 3.393936204983464933e+01 4.437300089970436545e+01 4.685765774471851586e+01
1.846842043668540256e+01 1.043765141631318549e+01 1.203341068503970313e+01 1.374012956664118157e+01 1.621134970211546644e+01 1.888834940397473616e+01 2.238610324750133529e+01 2.764966245212965035e+01 3.802297211350484929e+01 4.604772387316714344e+01 3.992991733370617879e+01 3.076899695264721046e+01 1.902152927902849555e+01 1.610440552264397240e+01 1.366688341422096897e+01 1.895423180762826121e+01 2.513517916470559399e+01 2.154918411013965596e+01 3.238676055501304063e+01 2.930932827216655667e+01 3.654813187271539476e+01 3.757394127298839237e+01 2.680619314481991111e+01 2.302351403691781329e+01 1.468945076899900037e+01 7.783304303089822795e+00 1.499897226879937051e+01 2.334657249211167951e+01 2.667504411507385598e+01 1.900858203516627043e+01 2.339432601140365264e+01 1.442474750394258898e+01 2.558692284124878569e+01 3.224697587351719363e+01 3.981304768632475799e+01 4.517082066735372337e+01 4.718319174759094636e+01
8.437111536514088073e+00 1.846842594328837350e+01 2.233669353214657960e+01 2.404968637914573293e+01 2.665097400440908260e+01 2.630896410637347671e+01 2.744856923129177773e+01 3.283631728283312867e+01 4.225722219809953373e+01 4.184921081180596758e+01 3.106221950030207424e+01 2.424158890155770507e+01 3.076899693571972350e+01 2.303002733043722827e+01 2.309505309093049163e+01 1.217461017439422122e+01 1.442713561656080401e+01 2.553127468933742605e+01 2.556333665760021390e+01 2.162823643095822845e+01 3.233474404318070583e+01 3.618127743954566000e+01 2.680650071742221385e+01 1.522516946204235566e+01 1.019316377941975915e+01 7.541671316703897787e+00 1.132173247667045679e+01 2.156441575292694424e+01 3.034068807026619652e+01 2.991547271614847503e+01 2.989505217551289462e+01 2.558692134975143517e+01 1.667334127186212811e+01 2.468090291174381790e+01 3.039461976321974390e+01 3.996109514845461064e+01 3.696960478832374974e+01
7.824197043969079779e+00 1.118886860801881689e+01 1.567085550039283071e+01 2.160138993056440881e+01 3.174532253430749762e+01 3.670165435141148436e+01 3.782626890937587660e+01 4.206523441420030451e+01 4.736841421085002679e+01 4.318129310989782255e+01 3.248990273340131552e+01 3.248990273340130841e+01 3.879174864824608449e+01 3.443797313094564316e+01 2.745068171054565909e+01 2.152418765604676310e+01 1.078354582166589459e+01 2.011634150899347873e+01 1.466933730605179598e+01 2.556335414363253733e+01 2.650665487860356251e+01 3.073796161261036985e+01 2.091374420961368585e+01 1.952464402089336559e+01 1.095547613485559957e+01 7.292621333899235836e+00 1.549038337592923043e+01 1.765007994587429252e+01 2.392104210362820282e+01 3.338447782475471115e+01 3.555723790715840238e+01 2.468024455811591977e+01 2.787294046291966154e+01 1.925881155512494303e+01 3.038936643521755343e+01 2.927686419246636973e+01 3.681301216155588207e+01
1.687621596534363633e+01 2.129919693297151895e+01 2.540548324585847695e+01 3.005372970898969598e+01 3.615825294246128152e+01 3.793913324248934060e+01 3.373296329555009976e+01 3.505279954724770874e+01 3.925767391122594319e+01 4.736993193394172152e+01 4.318129310989781544e+01 4.318129310989785097e+01 4.229474321914322843e+01 3.637060347329994414e+01 2.642855442555852363e+01 1.546260323839791440e+01 2.011604409992975917e+01 9.545089081202959846e+00 1.880716053897348417e+01 1.793609775175684362e+01 1.500486342697643138e+01 2.640372189742132747e+01 2.122542202676064349e+01 9.738652254075489623e+00 6.927405916126275542e+00 7.846599231471202529e+00 1.706255593405371940e+01 1.768381902947425743e+01 2.484419985892316873e+01 3.428427305507318579e+01 3.976466161627281082e+01 3.554140140079010024e+01 3.334123787859127930e+01 2.230755758044778148e+01 2.277641150624701183e+01 2.592152368367124993e+01 3.376511271152841687e+01
1.176631841484085328e+01 1.625220283351774242e+01 2.222467882428437846e+01 3.263581602350511446e+01 3.696925711091499522e+01 3.204198538303304389e+01 2.349413004275151096e+01 2.482629687638970495e+01 3.505279954724851166e+01 3.795539911110446241e+01 3.373186123464756037e+01 3.795539911110446241e+01 3.814985132582413030e+01 2.778362367688587753e+01 2.143258877513647320e+01 2.642771889192427537e+01 1.813705075675443368e+01 1.880716053910900243e+01 8.399851046970649548e+00 7.641725493845049400e+00 1.669984101898529971e+01 2.098341100647194324e+01 1.963781890941660180e+01 1.605732919435739703e+01 6.657895535717762492e+00 1.009109999099405819e+01 9.660420855201984125e+00 1.969394184994112962e+01 2.567687051490941030e+01 2.974494226191860236e+01 3.431463201911449801e+01 4.004119075434691410e+01 3.649389881184065132e+01 2.558117532708880759e+01 3.379528797292678632e+01 3.681644061489270570e+01 3.191551345373914472e+01
2.198611250467983425e+01 2.628236866709336184e+01 3.092108285814805058e+01 3.692070758205100844e+01 3.275852284801224812e+01 2.250587463096534435e+01 1.751867140382696419e+01 2.438727058201623521e+01 3.462592830784008413e+01 3.279846585863379715e+01 2.336938924294024389e+01 3.061361893361650743e+01 3.485242467693474566e+01 3.637060347329994414e+01 3.216490700212843024e+01 2.891760581689205623e+01 2.643589104253807776e+01 1.564811137674784902e+01 1.880378317096731422e+01 1.666840198678937313e+01 6.600927719184743303e+00 1.551233122132124187e+01 1.567964482450496888e+01 6.261396095606095002e+00 1.371950498657868778e+01 9.878665407101360429e+00 1.961967811768322179e+01 1.247282564267914928e+01 1.510001083389296461e+01 1.997312046716797695e+01 2.609070101265592356e+01 3.599191163966160900e+01 3.987837701012642100e+01 2.916554896065674995e+01 3.988477197431656407e+01 4.655066102612866530e+01 3.816218550183176461e+01
2.836129886378262199e+01 2.836129865977903464e+01 3.842957349973112002e+01 3.627793689268342092e+01 3.037440508284256779e+01 2.438727058203461340e+01 1.410273810906879000e+01 2.438727058203473064e+01 3.204913467707426378e+01 2.855062523876087255e+01 1.810033140129177198e+01 2.019908558682476851e+01 2.887022404381004392e+01 2.827460349175201060e+01 3.252669793588209757e+01 3.929775239382956897e+01 3.074537588295354595e+01 2.643627219293901831e+01 2.500883140858342202e+01 1.582831906700488744e+01 1.338727030203221346e+01 5.539195386557991263e+00 5.844099126950970557e+00 1.565953766258067681e+01 2.014580112554251912e+01 2.538553376746704160e+01 2.613074621077881687e+01 1.772680795975913881e+01 2.559250444234659483e+01 2.135666116823182392e+01 2.871377429978263152e+01 3.850245744961468120e+01 4.401791914317850285e+01 3.471741106213552541e+01 3.988477197431656407e+01 4.998304324679083521e+01 4.829389664234618351e+01
1.828388638739400918e+01 2.836129862704727245e+01 3.333562678062108375e+01 3.206668795832678853e+01 2.181727540213125849e+01 1.589739036518104243e+01 1.168551660935030689e+01 1.754828507803036075e+01 2.782771253979801429e+01 2.460078543569528975e+01 1.412902811251715640e+01 1.412902811251715640e+01 2.089846004242310684e+01 1.784316142454757070e+01 2.827460341342889194e+01 3.604047723038181061e+01 3.068735408660148423e+01 2.473302400990375816e+01 2.038447632504245277e+01 2.313580181595672869e+01 1.758169088743400366e+01 1.295088584360075856e+01 5.539195386557991263e+00 1.549087240426528744e+01 1.650037714386168375e+01 2.759615872218510901e+01 3.161792823285058063e+01 2.789416923373084956e+01 3.161792823356502780e+01 3.158081321548193898e+01 3.158081321548193543e+01 4.131375966648840148e+01 4.911485460244613677e+01 4.505213288649758141e+01 4.911485460244613677e+01 4.874670639375709413e+01 4.874670639348805423e+01
2.198778370599127285e+01 3.036392381526261985e+01 2.307518132561404300e+01 3.036392569111455586e+01 2.691353820255542217e+01 1.666309641713267808e+01 9.581926418323101657e+00 1.964203757430814079e+01 2.676307251513946284e+01 2.887022417714337763e+01 2.460078543569528975e+01 2.089846004242310684e+01 1.046636138631342661e+01 2.089845993331760354e+01 2.142103639846112628e+01 3.179865215847795312e+01 2.623480510473129357e+01 1.610228363858344380e+01 1.114159283803163270e+01 1.560870315784495155e+01 1.370152683374242919e+01 5.115810720753818153e+00 1.446805056315291438e+01 5.539195386557991263e+00 1.650615669000784536e+01 2.157049513450217759e+01 2.446243558018829489e+01 2.743213777880845328e+01 3.058785802774759688e+01 3.439684115192200409e+01 3.843168983964673657e+01 4.399938871600355839e+01 4.789280705124977544e+01 4.381816299645381463e+01 4.585321655491558346e+01 3.888961959806230340e+01 3.888961959806230340e+01
2.616294570369269934e+01 2.583768068381541383e+01 1.605066846288102056e+01 2.583763806659962725e+01 2.504010422601234609e+01 1.483430521508030608e+01 7.870442046277693393e+00 1.302591464454382120e+01 2.059607589519274384e+01 2.986665670582949872e+01 2.763710257014862393e+01 1.876901179525825114e+01 8.390077520968015179e+00 1.290370532911186707e+01 2.332536438245264776e+01 2.981865576710947963e+01 2.584426113085575594e+01 2.430487390618686305e+01 1.561661779011662787e+01 7.101543897693906260e+00 4.605361439782643451e+00 1.151431540039209089e+01 1.506658445831639703e+01 1.641708052829274678e+01 7.795087378884272944e+00 9.841342958199293278e+00 1.279922920337660308e+01 1.621246976008225005e+01 1.998635013420378215e+01 2.440633839994216814e+01 3.027028076811961910e+01 4.003863065447968239e+01 4.381816299645381463e+01 3.381103702549258117e+01 3.674205636219910076e+01 3.170741924630251063e+01 4.123433431187672227e+01
2.108878419380054225e+01 1.692136743056457959e+01 1.168076582112871442e+01 2.159496469195567059e+01 2.451664188258894939e+01 1.616299185803550031e+01 6.315163502337973078e+00 1.595963350731837238e+01 2.304325536059300816e+01 1.817233790437597563e+01 2.228905466059641682e+01 1.361773174516646101e+01 6.297080432401171990e+00 1.673530767258033691e+01 2.528184543016442376e+01 2.584426034893587243e+01 1.436040721934979203e+01 1.762963453822268889e+01 3.957276926587359078e+00 3.957276926587359078e+00 6.332811426280188449e+00 9.447829573457333652e+00 1.675428909079815298e+01 2.292661228109815141e+01 1.156085709683228835e+01 2.157047435073702957e+01 1.683211972085597097e+01 2.743209440647850528e+01 3.058785802774759688e+01 3.290041048866157070e+01 3.843168983964673657e+01 3.640863145634268250e+01 3.912975040161101248e+01 3.674205636189169866e+01 2.647357879128416513e+01 3.409074698664661440e+01 3.113177623240721914e+01
1.686924613291657238e+01 6.859701007163277353e+00 1.309849688942725265e+01 1.735041883915932814e+01 1.439559196664005469e+01 1.460076248670826615e+01 4.818567721542262206e+00 1.459985131958928584e+01 1.836596405330685755e+01 8.636647687154001218e+00 1.636890560889070656e+01 1.447604524111861579e+01 4.455449302003533063e+00 1.053457354300400439e+01 2.099007582700422248e+01 2.263697030416464884e+01 1.768773845015241619e+01 3.308244855599026479e+00 1.340146199741777444e+01 3.590168240850559300e+00 9.099968698525414013e+00 8.759227630870636716e+00 1.332391759003514409e+01 2.257970269869063884e+01 2.013420170400617337e+01 1.929373290037296229e+01 2.804275072910339617e+01 2.499901747566401511e+01 3.539404595774164619e+01 3.975577953593529656e+01 3.323829532634845663e+01 2.581883488860706066e+01 2.883713683719559739e+01 3.141096026670851771e+01 2.371197803602786891e+01 2.371197803602786891e+01 3.113177623240735414e+01
1.145921912042980217e+01 1.072448333917781937e+01 3.028608331640146201e+00 1.164540052010098492e+01 7.461773625266670429e+00 1.164807823789489483e+01 3.459228311401016054e+00 1.171071501747614896e+01 1.170111036802754256e+01 5.032407303729282688e+00 5.835201244093509487e+00 1.009928881897963038e+01 3.303042888009171563e+00 1.368297828039650277e+01 1.256453329834034705e+01 1.241647042251245203e+01 1.499396325396256913e+01 1.306743061455946631e+01 3.308244855599026479e+00 1.340966321464563826e+01 9.099968698525412236e+00 1.416461794940531682e+01 1.329991691679530597e+01 2.235507110635986194e+01 3.102675909514199759e+01 2.587401459350902044e+01 3.428009799999706786e+01 3.539386384300283339e+01 3.947890176981818655e+01 3.589361074135636187e+01 2.463085208492808320e+01 1.814794579651107753e+01 2.882278327793642347e+01 2.089559607541264086e+01 3.141096026813597675e+01 3.113177623240723690e+01 3.113177623240723690e+01
