output/example_1/elevation_000463.asc
nrows	75
cellsize	13.33333333
xllcorner	0
ncols	75
yllcorner	0
NODATA_value	-9999
[rows 51 to 67 of 75, columns 37 to 73 of 75]
1.210253144223510802e+01 1.210253157354440745e+01 1.210274391939136862e+01 2.069376464807442861e+00 1.212617258511151164e+01 5.307931691446134970e+00 1.192073990306968945e+01 2.016417692625811142e+01 7.417574821705352761e+00 7.521375740175664681e+00 3.602823491570724457e+00 4.006363438078766492e+00 4.478183841029516721e+00 4.737942750274442893e+00 1.435168801481093404e+01 5.108415478866106696e+00 5.108415478866106696e+00 5.388587437748230791e+00 5.676879894642501867e+00 5.970060561383960795e+00 6.265438933725991255e+00 6.551888602840620024e+00 1.628949635070441104e+01 2.075105934749779024e+01 2.654934370675237076e+01 2.979445940340722387e+01 3.273135461814631952e+01 3.532950433602052698e+01 3.265446955556749487e+01 2.697441777365389370e+01 3.265340378073705807e+01 3.172193685243174954e+01 3.594831263491918349e+01 4.080133003817093140e+01 4.248395216126012031e+01 3.543634530885032774e+01 3.543634530885032774e+01
1.730111716112332232e+01 1.682352971119534857e+01 1.258567464733852681e+01 2.331724222126964285e+00 1.264968055606944297e+01 7.771489132004044897e+00 1.757185899819395658e+01 2.443821150310515478e+01 2.171679106034731177e+01 1.657271179614002676e+01 7.591623494807616446e+00 6.487502769452442308e+00 1.015513913463606066e+01 1.358414982999047638e+01 1.510353403894865387e+01 6.220792712513476097e+00 1.473483279139282587e+01 7.817674042336878237e+00 1.514564443944540351e+01 1.240181688425976425e+01 6.510559478503130215e+00 1.558524135513077802e+01 7.170575276144172783e+00 1.700470796366182924e+01 2.153637841290639088e+01 1.993778382049756104e+01 2.284133835842232330e+01 2.544713600263913378e+01 3.532950433602052698e+01 3.818919234930986306e+01 3.822515574574654806e+01 3.531866037472492081e+01 3.683765278776277796e+01 3.783152539623662136e+01 3.372738148199527330e+01 2.853179047374590027e+01 3.836083965115317795e+01
1.841833230949770339e+01 8.521884304997376702e+00 3.122982839352391515e+00 1.263962041598530917e+01 1.683493186898022387e+01 1.026718830582287723e+01 1.999838559660961934e+01 2.771212812241364887e+01 2.373825686217933750e+01 1.368390571581205251e+01 1.736252848860181786e+01 8.700482350368124784e+00 1.698641157700306081e+01 1.639015945918494310e+01 7.690296789699748281e+00 1.524829607518262620e+01 1.919530909287495746e+01 1.596189037478907302e+01 9.596126575522550439e+00 1.919911098591631671e+01 2.208812325222363526e+01 2.031838728405692507e+01 1.697922850073698342e+01 7.804885241495451709e+00 1.629703516516741857e+01 1.289054340699412471e+01 1.737885354996902265e+01 2.726058437505180265e+01 2.862403839739789646e+01 2.969660324511096761e+01 2.831136573191970029e+01 2.540908615029049855e+01 2.698592553789409365e+01 2.987171369068532556e+01 2.389734671760255935e+01 3.372738139490716947e+01 3.338922116627338710e+01
2.134985855948733402e+01 1.364318791224060234e+01 3.707091635967831866e+00 9.240256489758790437e+00 1.859543018059789077e+01 1.999838559662158843e+01 1.412258681109268288e+01 2.377178288690137009e+01 2.796370005231669609e+01 2.072921979119940517e+01 2.183385202864167596e+01 1.123702898222586022e+01 2.183391237412896757e+01 2.055674332461124720e+01 1.654801578641242443e+01 9.033093007731459068e+00 1.801121834037294178e+01 2.383597240035124187e+01 1.639655476467112649e+01 1.579818065477583566e+01 2.662455138695552392e+01 2.099442880413721824e+01 7.804885241495451709e+00 1.771928506061176734e+01 8.462743840402904283e+00 1.842016910146269737e+01 2.390530461923209060e+01 2.206822261077466152e+01 1.867191549903636272e+01 2.474485745006014525e+01 2.618209488572009391e+01 1.798928281511457428e+01 1.975991855908918993e+01 1.975991855908918993e+01 2.265047420685106871e+01 2.545673039940259841e+01 3.230725909168979371e+01
2.007960966184663931e+01 1.102564340001657683e+01 4.247802593079261335e+00 1.426057739179511508e+01 2.205555946269646483e+01 2.703784810714978093e+01 2.377178288690137009e+01 1.873544728635764045e+01 2.825725156327745324e+01 3.100271497209672589e+01 2.502080710662200858e+01 1.445241322998821687e+01 2.502103253598447097e+01 2.481603950593526875e+01 1.501322802814462243e+01 9.935400197106524445e+00 1.916049888650605482e+01 2.723580798896883337e+01 2.727256648325693078e+01 2.407308480379841598e+01 3.150984311721380138e+01 2.480621887211379573e+01 1.470115820202548740e+01 2.150526847212373838e+01 1.648935294771784044e+01 9.124539236221892224e+00 1.928587617355157846e+01 1.151681619292511805e+01 1.278241318064984355e+01 1.413525123424685148e+01 1.562502345855407171e+01 2.618209536799528792e+01 2.987131031150948246e+01 1.975991855908918993e+01 2.987185393856728766e+01 3.521093256559450424e+01 3.103183677306768828e+01
2.090789200620520916e+01 1.454239191852813029e+01 4.753515996999587045e+00 1.214202579941759552e+01 1.378892841649379264e+01 2.309033428863389048e+01 3.218154815752190956e+01 2.550514087583431788e+01 2.549422726445006404e+01 3.486587353556687674e+01 2.866424628743461156e+01 1.836581218230475088e+01 2.866443243732262047e+01 2.884791929341943728e+01 2.045495061352117716e+01 1.096682025013124573e+01 1.338260269617300580e+01 2.314311788716282337e+01 3.190955024914127236e+01 3.503550086733228852e+01 3.049894748393952071e+01 2.073439316115501185e+01 2.200074068099409530e+01 2.446884140600223390e+01 1.393948777268633243e+01 1.427708094230017899e+01 9.796469879864401875e+00 1.502897498076797689e+01 2.337568962276547779e+01 1.963885002148249370e+01 2.618206461054311518e+01 2.434436605435237766e+01 3.396532627461157006e+01 2.698593201030175237e+01 2.698593215272537904e+01 3.683927238247994751e+01 3.668053907770651989e+01
1.923014395987473080e+01 8.161768055622681928e+00 5.246197660066734159e+00 8.640439518671652053e+00 1.935000293319157905e+01 2.309033428863480708e+01 3.295609179400472044e+01 3.505179041195478362e+01 3.486587346091213391e+01 3.855610375124646794e+01 3.272815826640216130e+01 2.445875021967875185e+01 3.272192279801759440e+01 2.885607061706171805e+01 1.891292876034462367e+01 1.208555607878388116e+01 2.182522539053877964e+01 1.789180765121831129e+01 2.493394889778440771e+01 3.480894017435281995e+01 3.454183601511799395e+01 2.638208188711038105e+01 3.174002195223330247e+01 2.798014723270537019e+01 1.922305509596704809e+01 1.056241793618611879e+01 1.382803969514177922e+01 2.168213378315750717e+01 2.362501017458075481e+01 2.985187496072686386e+01 2.985160079233166641e+01 3.435887688212576307e+01 3.846267577068729082e+01 3.683924640141146511e+01 3.683927238247994751e+01 4.095700410904883171e+01 4.671046266762644450e+01
1.272576843517892975e+01 1.569435757511207541e+01 5.754999408894466484e+00 7.827757139418283217e+00 1.752395412492358417e+01 2.461271139632216887e+01 3.042989295871406341e+01 3.130430130414376677e+01 3.540918312977011340e+01 4.112311015420483074e+01 3.849660782088446354e+01 3.442912428852504547e+01 3.272800259740096607e+01 2.283541781231195600e+01 1.576393325015874858e+01 1.359691878043874169e+01 2.352843981309472454e+01 2.782626687853327496e+01 2.493394889778440771e+01 3.480894017435270626e+01 4.017123364875696723e+01 3.612269047317432324e+01 3.364725207061223244e+01 2.612136162280618024e+01 1.743840329334322803e+01 1.111712717606967438e+01 1.916685049765510485e+01 2.547499587122629094e+01 3.371374831248468240e+01 3.773170974617895723e+01 3.978279993279025462e+01 3.730201023614576172e+01 4.021932268056603732e+01 3.611064593731256167e+01 3.892767866481275263e+01 4.224780846840972259e+01 4.640047513608963214e+01
1.995592051022525126e+01 1.160039231966974782e+01 6.296325663683988161e+00 1.617974613099019265e+01 1.062012574660636233e+01 1.618065274395621245e+01 2.631032377664148569e+01 2.119948763445336581e+01 2.711725840213656724e+01 3.706341170489915271e+01 4.077283321980139874e+01 3.096200928033115929e+01 2.526296468243346638e+01 2.023866006088999114e+01 2.530069896543673380e+01 1.527502919357734079e+01 2.239508885420511675e+01 3.231549002934013259e+01 3.480894017435269205e+01 3.888515160017369254e+01 4.325123481711028717e+01 3.607665923515801154e+01 2.723270914541399890e+01 2.127868378449423759e+01 2.014115575173942574e+01 1.168381431822268191e+01 1.842297057102860691e+01 2.244293112499076770e+01 3.214347682802696227e+01 3.741547594555266443e+01 3.446513222993699799e+01 2.752581107047796394e+01 3.256752071871982679e+01 2.640706029307844460e+01 2.916876735270119525e+01 3.233254691267702441e+01 3.720549307473451250e+01
2.365850703675351596e+01 7.021210035115832859e+00 6.811415301831366342e+00 1.628494749065076164e+01 2.045666450517935431e+01 1.391361718009690662e+01 1.654743498918480427e+01 2.678219893353077907e+01 2.840573257984731370e+01 3.830214061167479400e+01 4.485092604456909982e+01 3.714200860925847536e+01 2.730437873292387607e+01 3.018382012178057749e+01 2.717334356860988009e+01 1.715348005266045917e+01 2.224630218139830262e+01 2.928186002706641844e+01 3.908333400332280405e+01 4.046926206914687896e+01 3.361553931376579385e+01 3.827258348990010006e+01 3.364725044344294957e+01 2.531987794420571802e+01 1.606615647052453966e+01 1.531860383916877488e+01 1.249362346782749889e+01 2.460780349947048862e+01 3.022831413505217668e+01 2.756302135569282186e+01 2.755666307720678532e+01 2.057856406797329285e+01 2.282573177876014370e+01 3.256752071880195842e+01 3.892767866481275263e+01 4.215251853978577401e+01 4.634963573105706303e+01
1.974831885429887990e+01 1.520680335150085050e+01 6.811415301831366342e+00 1.279619803181055104e+01 2.252460773945355754e+01 2.404558256245514514e+01 2.678219893353785963e+01 3.090420364135964348e+01 3.830214061167425399e+01 4.241289392001767311e+01 4.443279988005102155e+01 4.121552568363041047e+01 3.714199214893952217e+01 3.501072088917445058e+01 2.517925697875524094e+01 1.932879167340341908e+01 2.933256768221266952e+01 3.622155796577458631e+01 4.197022493178007352e+01 3.238772735607003739e+01 2.711895082776313970e+01 2.881821335653922134e+01 2.889689196200176369e+01 2.630997842020995137e+01 2.448657675617044305e+01 2.183654046264136284e+01 1.305648093529042342e+01 2.235165526870351016e+01 2.052570393535435755e+01 2.503739055456219376e+01 1.774602750878641544e+01 2.755666307706745499e+01 3.254083718363460065e+01 3.663108754655280563e+01 4.148144945524452254e+01 4.019371420160063479e+01 4.430374654423542324e+01
2.192526506358252192e+01 1.189970852536594315e+01 7.331430053239468059e+00 1.726039624051248467e+01 2.596898679161672518e+01 3.283375164486958653e+01 2.967030614647278242e+01 3.375662651189556129e+01 3.946878614985385525e+01 4.155246253649443133e+01 3.461403722316457987e+01 3.952346975874648649e+01 4.358558965458278323e+01 3.909899031671321268e+01 3.197768312525797541e+01 2.208056892396110982e+01 2.753042086342979644e+01 3.735120370302254145e+01 4.604469628170190276e+01 4.046926206914687896e+01 3.177835890576488254e+01 2.241643885800147018e+01 1.921116932965630042e+01 1.657819026543345231e+01 1.528252717452593679e+01 1.411455877008802418e+01 2.235639108247855589e+01 1.403447207285027254e+01 1.403447207285027254e+01 1.546183369217918369e+01 2.500482058623304837e+01 2.719644271629025667e+01 3.673406361052489899e+01 3.850067021627865671e+01 3.152815368113042993e+01 3.024440850603670228e+01 3.593241888537023243e+01
2.293906920426783458e+01 1.779904258839090403e+01 8.134494398209021426e+00 8.335802205663661368e+00 1.784370948849936767e+01 2.383167955634074175e+01 1.960210319746324359e+01 2.551697093824836315e+01 3.534900566758557261e+01 3.592050386272698148e+01 2.763462278590620258e+01 2.967884604656362768e+01 3.952349076183123344e+01 4.177298094966837994e+01 3.197768312525556311e+01 2.529382573586486060e+01 3.506880204695021064e+01 4.142677788852768828e+01 4.381752142138088146e+01 3.836897919645429766e+01 3.124856604914457492e+01 2.177948978776159450e+01 1.948628895970432851e+01 2.469973684134384939e+01 1.523866780316005354e+01 2.327411728142890368e+01 2.717372535243750420e+01 2.337669025502963649e+01 1.403447207285027254e+01 1.403447207285027254e+01 2.045670781264646010e+01 2.751724017097694386e+01 2.890545066777656658e+01 3.096486510809075554e+01 2.462629251707050315e+01 2.897207124408658174e+01 3.465538129459823580e+01
1.889811815295056263e+01 9.120081665964438145e+00 1.656600907402291156e+01 1.007734525200097409e+01 9.293979532346119399e+00 1.321952930880301302e+01 2.385207377282542041e+01 3.178508104015443791e+01 3.299662265845953613e+01 2.599789033946515815e+01 2.255105875281990890e+01 2.711175822008314640e+01 3.282289946395023605e+01 4.263949717542817552e+01 3.850572392045501857e+01 2.878464086792499188e+01 3.850572392045501857e+01 4.803378098588393641e+01 3.976745524691526157e+01 3.042787581158171406e+01 2.514504763937344478e+01 3.112933060995611356e+01 2.483604114777607919e+01 2.573211181681455884e+01 1.605115432437099443e+01 2.149640428854632290e+01 3.063917759315991063e+01 2.743707825195283334e+01 1.927262755860137844e+01 2.337680027721624754e+01 1.510184271687939983e+01 2.460317191544471527e+01 1.896480199174447634e+01 2.112439608305341920e+01 3.096486510809075199e+01 3.849616001918899855e+01 4.295474490872869211e+01
1.008113933489585534e+01 1.889811815294887865e+01 1.927108535764005381e+01 1.890451514239187247e+01 1.150851797837708013e+01 1.036948478534851326e+01 1.763049291462302293e+01 2.584168105386913439e+01 2.580409660291078922e+01 1.873187307354237419e+01 2.890671128880378049e+01 3.663280717759163707e+01 4.103611330214481256e+01 4.670237072249020827e+01 4.258889159984323669e+01 3.435833207640890663e+01 4.258889159984323669e+01 4.406439082483106517e+01 3.447443832654411011e+01 2.925027942648959467e+01 3.162346441362291216e+01 3.736731925795857023e+01 3.202679309926325857e+01 2.683664749352240264e+01 1.700820023960208260e+01 2.636129490093278349e+01 3.390190555025700547e+01 3.306994364703057698e+01 2.898320415689329366e+01 2.867250504879173789e+01 2.460148363639985902e+01 1.619674014948983753e+01 2.564334000104089029e+01 3.081469056124053907e+01 3.465787650501523842e+01 3.715768465170678070e+01 4.232073136952728731e+01
1.998459020098644245e+01 1.391476994201916639e+01 2.295948239564485149e+01 2.414266070098820194e+01 1.683192818711954075e+01 2.010260075768166033e+01 1.149958940924626738e+01 2.173178160727659858e+01 1.559061065365683163e+01 2.580130804140636513e+01 2.860418078477241366e+01 3.848224581582071835e+01 4.062124153673163107e+01 3.988635112518088022e+01 4.395508763250717266e+01 4.417116653928560055e+01 4.826713792794340918e+01 4.538702947855534831e+01 3.570770007166535009e+01 3.570748030621517444e+01 4.105383435282637805e+01 3.780233486679099997e+01 2.848989449376058758e+01 1.871795383716670003e+01 2.682624018730480131e+01 2.282581933091062254e+01 2.834562158913934837e+01 3.771282381725257693e+01 3.663702323095090208e+01 2.684812591873888010e+01 1.992623840531139479e+01 2.588040900765665953e+01 1.765778131889040026e+01 2.741850285235839380e+01 2.638924380066282893e+01 2.996293201286892227e+01 3.460514797613028293e+01
2.445378272621328719e+01 1.727566352964770147e+01 2.187700743870737341e+01 3.056137370530280606e+01 2.745718650344194955e+01 2.571115277487776396e+01 2.156617863307445404e+01 1.266244553591738864e+01 2.288425036149317648e+01 2.192439850890027131e+01 3.047770186474685161e+01 3.773597145106356265e+01 3.078290571894931915e+01 3.004872105370564483e+01 3.700301801896962672e+01 4.684733301494200219e+01 5.318021415415676501e+01 4.948690458978148854e+01 4.538892746329986494e+01 4.538574059219394030e+01 4.046001400889721822e+01 3.104616586937093814e+01 2.450336697634794092e+01 2.001675619126295302e+01 2.962664305422583411e+01 3.231307597607090543e+01 3.626772547515713541e+01 4.168669348999522839e+01 3.771909142298276407e+01 2.791641368450889971e+01 2.365033671807456983e+01 2.866559894555288324e+01 1.876909538811997891e+01 2.179508812857723399e+01 3.131655390843793896e+01 3.713027580293658758e+01 4.275955413362265745e+01
