output/example_1/elevation_000472.asc
nrows	75
cellsize	13.33333333
xllcorner	0
ncols	75
yllcorner	0
NODATA_value	-9999
[rows 17 to 33 of 75, columns 0 to 36 of 75]
1.309999999999999880e-02 1.001309999999996236e+01 1.028171622703298915e+01 7.434640486140978055e+00 9.820448366293067721e+00 1.711876916271434901e+00 6.704588160375214434e-01 9.483597235235021738e-01 8.409733130146680224e+00 2.021245054696918508e+00 1.023489924542118779e+01 1.082079824385401601e+01 4.530454948609645704e+00 1.044428001601059108e+01 1.236190058929260083e+01 6.365681008085819492e+00 4.949866352165756211e+00 1.149878986743049403e+01 1.206861343809157994e+01 8.342576139509384703e+00 4.756916374714176499e+00 1.513014359166425749e+01 1.971019172594564139e+01 2.259897469452265284e+01 2.294808838076088975e+01 2.608148016635898259e+01 3.329127000742661835e+01 3.547529777463817879e+01 2.861555925257711053e+01 2.861555941438671624e+01 3.832117212360610381e+01 4.535631921152663182e+01 3.716928180017843175e+01 2.719951931109390131e+01 3.716928180017843175e+01 4.315363360889343625e+01 4.558989931060929734e+01
1.379999999999999977e-02 2.817319110771198676e-01 2.817319110771198676e-01 2.817319110771198676e-01 2.817319110771198676e-01 2.817319110771198676e-01 5.653387298039929121e+00 4.561017054159528961e+00 1.306658097249659534e+01 1.038974152115446081e+01 1.722029820375390230e+01 1.575962466777451176e+01 6.245616216819750655e+00 1.595578943674037298e+01 1.623717239849899485e+01 6.608051645379981132e+00 1.606583906496740255e+01 1.997719142996195885e+01 1.667086122488123934e+01 1.795571921260444626e+01 1.223598438668816435e+01 5.980208009524462298e+00 1.609582091075042243e+01 7.320878787316640768e+00 1.778029034744718828e+01 2.177199257002740751e+01 2.630481385057585797e+01 3.234444555336378357e+01 3.832111132096683548e+01 3.832119073146321853e+01 4.233627086227923542e+01 4.427045435397757700e+01 4.132965218784988792e+01 3.423892907489032922e+01 3.533261355683415417e+01 4.534151830983438458e+01 4.145758706328577858e+01
1.379999999999999977e-02 1.001379999999996251e+01 2.817319110771198676e-01 2.817319110771198676e-01 2.817319110771198676e-01 1.972701681777569771e+00 1.186277295457855097e+01 1.486463254547193991e+01 1.870021081077884162e+01 1.990689869262942224e+01 2.205720349350727361e+01 1.858249605292072459e+01 8.214235272965337842e+00 1.858348123909996730e+01 2.064255468334163268e+01 1.644777767488353604e+01 8.874103668075274953e+00 1.897183800027395506e+01 2.622989590426735163e+01 2.612102593329589695e+01 2.016988884732323939e+01 1.609589103744856331e+01 7.320878787316640768e+00 1.703088860847640618e+01 1.039231996368518196e+01 1.237344677593332953e+01 1.657127820669853691e+01 2.599554927323749709e+01 3.764776928471984263e+01 4.231206435933031429e+01 4.140173914736404726e+01 3.442307495117505312e+01 4.140173914736404726e+01 4.424377909210595305e+01 4.534151830983438458e+01 4.770075238740416523e+01 3.778905136429544598e+01
1.290000000000000001e-02 1.001289999999996283e+01 7.352789861636241930e+00 5.281727751365761669e+00 1.028171649369965479e+01 1.197939986976075488e+01 4.476470217660474482e+00 1.449203105796729929e+01 1.723667981958721285e+01 2.135927293541136862e+01 2.738701241566928601e+01 2.096785915630373509e+01 1.057355179222086683e+01 2.096813032048029868e+01 2.799581953436130277e+01 1.784824406184541346e+01 1.069559568404449656e+01 1.784841776965726012e+01 2.800492028998506555e+01 2.800943523011298808e+01 1.577196699553177517e+01 7.320878787316640768e+00 1.703088859908107011e+01 8.498015903292454709e+00 1.797755697536126007e+01 2.164052961790677543e+01 2.619117179737241941e+01 3.107624265156059451e+01 2.885911628627829373e+01 3.827511465358332288e+01 3.694528058419299299e+01 2.731751368460355067e+01 3.694528058419299299e+01 4.342113848836401502e+01 4.740120653988421395e+01 5.063417989099613692e+01 4.069212138087036124e+01
1.290000000000000001e-02 1.001289999999996283e+01 1.735276998156595596e+01 1.528170496936699507e+01 1.528170496936697731e+01 1.861435784459786547e+01 1.156431729145579013e+01 7.204297502601974656e+00 7.204297502601974656e+00 1.313860894474819752e+01 2.367082376965077728e+01 2.354223301660980994e+01 1.324582310156818821e+01 2.354223301660980994e+01 2.870678218011220295e+01 1.854684797508798511e+01 1.273823488677262539e+01 1.854684797508901895e+01 2.870678247813017947e+01 3.227805763543499040e+01 2.553829314318984345e+01 2.094410601521763482e+01 2.188949159056737415e+01 1.797720154612390786e+01 9.459879576953341029e+00 1.895022545173114636e+01 2.573397918880286994e+01 2.161108426391201220e+01 3.123222317718844110e+01 3.219245505562665954e+01 2.805490450501714861e+01 2.269107604222831753e+01 3.283868710576911099e+01 3.382561183360287060e+01 4.095049322246051560e+01 4.305032714108979519e+01 4.717310987561441493e+01
1.309999999999999880e-02 1.001309999999996236e+01 1.704238696967917832e+01 2.204238696967918543e+01 2.528170172076388766e+01 2.566438989820596817e+01 1.974472712831476429e+01 9.712472697054780113e+00 1.723667912096583166e+01 1.540221894481316767e+01 2.540113606504073474e+01 2.636248125451135849e+01 1.619393161219082700e+01 2.636248116332444269e+01 3.290250418058269588e+01 2.522502176146214126e+01 1.511022615677583403e+01 2.522502177812823021e+01 3.290252772363916733e+01 3.557931316083394080e+01 3.104242077581035630e+01 2.096351771014450094e+01 1.895089530384659682e+01 9.459879576953341029e+00 1.018545174747012183e+01 1.973778900241877210e+01 1.595628845443047084e+01 2.224146134604627534e+01 2.640916820311809943e+01 2.602364079292858534e+01 1.779757866861914906e+01 2.805490450501714861e+01 3.147527707694469257e+01 2.801780238977932314e+01 3.604898828810186018e+01 3.383987354222881550e+01 4.314697909880717930e+01
1.349999999999999985e-02 2.900251345948130499e+00 7.900251345948137605e+00 1.497131915781363531e+01 2.497131915781370282e+01 2.680976538151794131e+01 1.681829248690882039e+01 1.974472712738781510e+01 1.445292413041118174e+01 2.446330748424864865e+01 2.950727275340799594e+01 2.990779216769026405e+01 1.988013861523661419e+01 2.636248125430272893e+01 3.628322892655216236e+01 2.784911832105154161e+01 1.768603611146924592e+01 2.485976627928046057e+01 3.506605256300298379e+01 3.143962000666170198e+01 2.131755353130087727e+01 2.096351797593779764e+01 1.120696779360455508e+01 1.895089533373877089e+01 1.976452425182351291e+01 1.118948415011971775e+01 2.095132506066546796e+01 1.229002722299372152e+01 2.224146123284638321e+01 1.580327554947585966e+01 2.602364079292916088e+01 1.779757866861914906e+01 2.146873870602880174e+01 3.075199281154884901e+01 2.782263791494395022e+01 3.786570397276958033e+01 4.717313172840591307e+01
1.349999999999999985e-02 1.001349999999996321e+01 8.673754037844407350e+00 1.444725672974068331e+01 2.444725672974075081e+01 3.090164719291569639e+01 2.680976538151794131e+01 2.856251941163009889e+01 2.154902513588718804e+01 2.154902513588809754e+01 3.150101235090988183e+01 3.398928256503135259e+01 2.495622155556200994e+01 3.398928248880353209e+01 3.330937614844781081e+01 2.309416913166442953e+01 2.353229097543038506e+01 3.205080906587235745e+01 3.563482372610701532e+01 2.980321999421877166e+01 2.317498733760643503e+01 1.316213393795678144e+01 2.096351797593779764e+01 2.513023447090152374e+01 1.723397750966785580e+01 2.095132506066546796e+01 1.229002722299372152e+01 2.224144882582173466e+01 1.395027872810012326e+01 2.407468422023926635e+01 3.017667103917151294e+01 2.776844542505891766e+01 2.056434911695869161e+01 2.274919004238683229e+01 3.265409895069932134e+01 4.093794146747860907e+01 4.613590831116767532e+01
1.359999999999999924e-02 1.001359999999996298e+01 1.867375403784447485e+01 2.281588966157545428e+01 2.858939235347173025e+01 2.856162614359969254e+01 2.856162661112694678e+01 3.269331622451546338e+01 3.150101235598599914e+01 3.150101235944184452e+01 3.557613324919350362e+01 3.892962767762273302e+01 3.485936277981852527e+01 3.892962767762273302e+01 3.749308936441740769e+01 2.820726111629478439e+01 3.374601413892138169e+01 3.792771722114854782e+01 3.150382638324826345e+01 2.135037020088044812e+01 1.547110280383703973e+01 2.317498733760601581e+01 2.734528239927383808e+01 3.148973896853782506e+01 2.308105296243353166e+01 2.640874173918066958e+01 2.224144879714208756e+01 1.229002722299372152e+01 2.224466540783058477e+01 2.110125766059577401e+01 3.125317094725095401e+01 3.049607681075447374e+01 2.820547759920808417e+01 3.003392431199073798e+01 2.721817617359843311e+01 3.185195033298699840e+01 3.903067771837607580e+01
1.369999999999999864e-02 7.084767811865485321e+00 1.708476781186555371e+01 2.674320674685038313e+01 2.563586562042960537e+01 1.857843333249585882e+01 1.857843333266406560e+01 2.856162661112694678e+01 2.990996009022492075e+01 3.071492850619623027e+01 3.482518033411183467e+01 3.657107309904586856e+01 3.799827828478819214e+01 4.214543041596981254e+01 4.257167747270023739e+01 3.841149118060157264e+01 4.257167746908780970e+01 3.934786443018724356e+01 3.482885843671316906e+01 2.754988575250330385e+01 1.731457825231407455e+01 2.325375640836519509e+01 3.316557694791087130e+01 3.729087194030709895e+01 3.317672211147581862e+01 3.069562579920599177e+01 2.071102019123082627e+01 1.359667206814723173e+01 2.370440806430713465e+01 3.125317094725095401e+01 3.537569288796467504e+01 3.983819614502621675e+01 3.958973392662364432e+01 4.011150220651542497e+01 3.317639499981088846e+01 4.161892419006495913e+01 4.613590831116767532e+01
1.290000000000000001e-02 1.001289999999996283e+01 1.904978926661916816e+01 1.678659078828860984e+01 1.679150230119454079e+01 1.150902895287832983e+01 2.150244280894915860e+01 2.432022328122994992e+01 1.992701244748017686e+01 2.096306961560425108e+01 2.655770980362111544e+01 2.655770980362114031e+01 2.798204927510660767e+01 3.636325427802427868e+01 3.675854550691071410e+01 4.089912314593892972e+01 4.226428419054062857e+01 3.226013069844653103e+01 2.505751272738869773e+01 2.041350866296152944e+01 2.726501482079411787e+01 3.155565395865548339e+01 3.715374301093808640e+01 4.136323498042175828e+01 3.444000365412194498e+01 2.446477011003948476e+01 1.721138910133402078e+01 1.538590615814197449e+01 2.560313103210390651e+01 3.084056232599260738e+01 3.364867090935866401e+01 3.666345160210769905e+01 4.015696253088810153e+01 4.430347927949392073e+01 4.327572200199675478e+01 4.744340775971397051e+01 4.623721994220608877e+01
1.379999999999999977e-02 1.001379999999996251e+01 9.050575080588206589e+00 1.296963135976217885e+01 6.795000450172064888e+00 1.515447773157058009e+01 1.630982176911074077e+01 1.458553440576511839e+01 1.292077542387760580e+01 1.998331499423907687e+01 1.655627374835103538e+01 2.655770980140230009e+01 2.220064691950887692e+01 3.188464480235230170e+01 2.674694019648780952e+01 3.512151864961090553e+01 4.089912314440833541e+01 3.934786443018724356e+01 3.403525107010296580e+01 2.388308731335816404e+01 2.636280662961827659e+01 3.211073401141860728e+01 4.131448084060245662e+01 3.733643320236293306e+01 2.752499274422874720e+01 2.159933612719284213e+01 2.737507181371687182e+01 2.125750836362842833e+01 1.830599524540577505e+01 2.061989027884426662e+01 2.352389123883007827e+01 2.666455521905141168e+01 3.027582145932840518e+01 3.600107126938882374e+01 4.583401556946183319e+01 5.047637836942492129e+01 4.184099481773721863e+01
1.359999999999999924e-02 9.941806756909188358e-01 1.979509953855210558e+00 2.984547769114421101e+00 4.021499463844846467e+00 5.153776497989443151e+00 6.308477036368695501e+00 7.542552920542662243e+00 8.850368150673487477e+00 1.025222420070035589e+01 2.023224623527739396e+01 2.239021162801042664e+01 1.773436275247210858e+01 2.671030926642307790e+01 2.096418998918905885e+01 2.674694019648780952e+01 3.675854550691190070e+01 4.109927259440041070e+01 3.110923754984353096e+01 2.980763788523146118e+01 3.627343471140882514e+01 3.996137544641019446e+01 4.506334595357935768e+01 3.858696287585572549e+01 2.881043034695132832e+01 2.752499274422866549e+01 3.500023405881991323e+01 3.116681170112808275e+01 2.428586557449117578e+01 2.791084720200944602e+01 2.900702112382031927e+01 3.666345160210769905e+01 4.015696253088810153e+01 4.430347927949392073e+01 5.003129353374556132e+01 4.646051610028523271e+01 3.673740012285811929e+01
1.359999999999999924e-02 1.001359999999996298e+01 1.193687876270436732e+01 7.984554445368112319e+00 1.402246866126934144e+01 1.515493780315813410e+01 1.008777997346046185e+01 1.754588843619072946e+01 1.116423550453867364e+01 2.010975629508896390e+01 1.242142173160291740e+01 1.242142173160291740e+01 1.448535197296213184e+01 1.670514628925208456e+01 2.671030926806653483e+01 2.913745141343929035e+01 3.910334245089182303e+01 4.524914638577342174e+01 4.109927259440041070e+01 3.981008729268571500e+01 4.395447523578966553e+01 4.546884388343003280e+01 4.097074938508357889e+01 4.263249969197990907e+01 3.858696287585572549e+01 3.733643311721463220e+01 4.136323191675835886e+01 3.853011106307612721e+01 3.438639990129627932e+01 3.791351997271464569e+01 3.899888543001183194e+01 4.315595145127913668e+01 4.456071896353113004e+01 4.877706104539287679e+01 4.615180823851319047e+01 4.210237436773789454e+01 3.750322658025810796e+01
1.319999999999999993e-02 5.013218697851096195e+00 1.501347121835772036e+01 1.798233814594895819e+01 1.798340552487894684e+01 1.992412596183294582e+01 1.702020573658955982e+01 1.800283629710864730e+01 2.406447635467673862e+01 2.535684900575946443e+01 1.586077145710448200e+01 2.239021163798271985e+01 2.154000253898221118e+01 2.377192000030176189e+01 2.378491570828357382e+01 3.395812266132626434e+01 4.318739943125896730e+01 4.593651016243438789e+01 4.152527919240502996e+01 4.593651016243438789e+01 4.548390210343436024e+01 3.925339950551192914e+01 3.022255404177628435e+01 3.925339950551192914e+01 3.731507349544803276e+01 4.181054069894844361e+01 4.498516162653471895e+01 4.072852438802893715e+01 4.105584855026652491e+01 4.529766265233435973e+01 4.277945599434851687e+01 3.851313079454521926e+01 3.408598899159512285e+01 4.277945599434851687e+01 4.210237436773789454e+01 3.239750992461026158e+01 3.335856883843395337e+01
1.019999999999999900e-02 1.001019999999996202e+01 1.501720795435931421e+01 2.503059774247709512e+01 2.797304690189806919e+01 2.986307056922691316e+01 2.693481543854724691e+01 2.799788634117522079e+01 3.214898261329959439e+01 2.988819024566617699e+01 2.023544075984500523e+01 2.988819024566617699e+01 3.155356250887463077e+01 3.372679736194198341e+01 3.394092258222053005e+01 3.838499161744380217e+01 4.109102802891919026e+01 4.045588745941812192e+01 3.043496824864391215e+01 4.045588745941812192e+01 4.097403616497338419e+01 3.022256693608827050e+01 2.461467638376413802e+01 2.998142056044916259e+01 2.694372205303536560e+01 3.731507349544803276e+01 3.892899541554557175e+01 3.015064461212674729e+01 3.050969305341312676e+01 3.926049934414319154e+01 3.671146563280284170e+01 2.791597584443517732e+01 2.791597584443517732e+01 3.851313079454521926e+01 4.210237436773789454e+01 3.239750992461026158e+01 2.544871549808308586e+01
7.249999999999999500e-03 1.000724999999996356e+01 1.574757716178214473e+01 2.145095301047310343e+01 2.559309475304554482e+01 2.389182823962661217e+01 2.803397464055008825e+01 3.510505377867559673e+01 3.733701007098407132e+01 3.435234841722562749e+01 2.727418321950981905e+01 3.435234841722562749e+01 3.888613533278554257e+01 3.836217378422682600e+01 4.250026476856624669e+01 4.109102802891919026e+01 3.016183822721497876e+01 3.217057968157601522e+01 2.513258949816126275e+01 3.018187278461189038e+01 3.466422522151318475e+01 3.098873930162049106e+01 2.669515932311898609e+01 2.039967470453294140e+01 2.694372205303536560e+01 3.731507349544803276e+01 3.419978328142419599e+01 2.397391338854290410e+01 2.433946444551820321e+01 3.284925922154290845e+01 2.850926648940682284e+01 2.175372300076765697e+01 2.929919153638595475e+01 3.986846660396864195e+01 4.286341771487137464e+01 3.785008827161340150e+01 3.008055062200119778e+01
