output/example_1/elevation_000050.asc
nrows	75
cellsize	13.33333333
xllcorner	0
ncols	75
yllcorner	0
NODATA_value	-9999
[rows 0 to 16 of 75, columns 37 to 73 of 75]
4.782150693411369247e+01 5.195608868560629645e+01 5.046711431609985254e+01 4.617055404251186701e+01 4.617055404251186701e+01 4.428371968319416396e+01 4.857726696457167037e+01 4.742402060413804321e+01 4.742402060413804321e+01 5.172316284982733947e+01 5.595173432916050160e+01 5.161350040603731060e+01 5.595173432916050160e+01 5.541725844185944538e+01 5.975793808216948833e+01 6.108606281868934218e+01 6.533565233724736743e+01 5.663889088527871252e+01 5.239460983494258528e+01 5.402781244919520276e+01 4.979637819758091410e+01 5.111526303896509660e+01 5.535059509045557036e+01 5.778819312499430083e+01 5.360344146071825833e+01 5.360344146071825122e+01 5.225127402607190419e+01 5.226268771756024734e+01 5.641326585210146050e+01 5.774762691703254802e+01 5.363431160434899425e+01 5.232621622797876881e+01 5.644921221147047419e+01 5.705326741505900401e+01 5.476676058536438774e+01 5.374547704534408155e+01 5.374547704534408155e+01
3.763189607080509091e+01 4.610826153833862406e+01 4.617055404251186701e+01 3.585288793401254992e+01 3.585288793401254992e+01 3.397279994995494690e+01 4.261501827271873566e+01 3.710343307767161747e+01 3.710343307767161747e+01 4.742402060413804321e+01 5.076004721559458233e+01 4.126742567395533001e+01 4.806110720636239364e+01 4.501407903336311023e+01 5.541725278599257365e+01 5.068469453425326066e+01 5.935442386051681751e+01 5.239460983494258528e+01 4.227861572863622541e+01 4.524152180393020473e+01 3.974583184784496126e+01 4.104384147805622973e+01 5.111526303896509660e+01 5.360344146071825833e+01 4.234477131625296664e+01 4.234477131625296664e+01 4.211074784100415513e+01 4.223904755754250573e+01 5.226268771756024734e+01 5.363431160434899425e+01 4.355260319295185667e+01 4.224438320927384183e+01 5.065002148091011236e+01 4.712045515116952288e+01 4.473107314558343006e+01 4.366652742663156772e+01 4.366652742663156772e+01
3.135716389031519213e+01 4.144335517923217083e+01 4.715785630718468724e+01 3.887486237117337851e+01 2.869964368564472323e+01 2.817123457314020385e+01 3.530938198104343684e+01 2.990814198331462848e+01 4.012626316945030425e+01 4.855488970231672141e+01 4.644046218510204227e+01 3.611218019790755562e+01 3.772595852998669130e+01 4.806107142062425197e+01 4.910711930327931896e+01 4.473405967770415259e+01 5.508083003972973302e+01 5.124545828169948436e+01 4.119019774815799906e+01 3.531784508462543926e+01 3.413342489613997799e+01 3.906355872659901962e+01 4.225897590674151161e+01 4.644404048177494104e+01 4.564235945442430165e+01 3.190042877315743297e+01 3.547680968304460691e+01 4.517490378823787722e+01 5.024936056913068683e+01 5.363431160434898715e+01 4.355260319295185667e+01 3.665158952622170574e+01 4.248259678345749535e+01 4.014192634518406777e+01 3.779032185125627308e+01 3.676380294192389897e+01 4.366652742658693143e+01
2.610825706666726020e+01 3.230104220361771894e+01 4.297172156334283244e+01 4.078267204655095668e+01 3.378714474873781626e+01 2.411796244965252001e+01 2.546526800463289675e+01 3.530938198104740167e+01 4.441279749553189760e+01 3.815329856414427923e+01 4.253673771943151394e+01 3.214290455800141899e+01 4.253672137731685865e+01 4.450391775461617527e+01 3.880918698522195598e+01 4.607184381346483093e+01 5.638620491121246658e+01 4.826477253470047657e+01 3.825981292354936159e+01 3.144765322083522818e+01 3.144765322083522818e+01 2.941005951523047202e+01 3.247652378758463954e+01 4.074182566934624106e+01 4.289745816580803961e+01 3.877568610082140310e+01 3.190042877315743297e+01 3.616214332367104589e+01 4.314501054349464937e+01 5.320498303987599797e+01 5.065011505499219879e+01 4.248259678345749535e+01 3.295917442556067556e+01 3.911553490992474735e+01 3.249582498296149424e+01 3.653165235100403407e+01 4.341860901551055463e+01
2.316770830012297822e+01 3.111148526811607695e+01 4.184984225597631990e+01 3.374805269081529246e+01 2.670929918109374768e+01 2.201228934600563392e+01 2.911111424755311816e+01 3.824823912799632097e+01 3.796076720839739949e+01 3.079158067433338530e+01 3.662908381016431747e+01 2.956644126559967845e+01 4.001482634134296035e+01 3.416869141254636588e+01 4.147963117111205378e+01 5.180518126057257433e+01 5.483931061657686712e+01 4.454925361753146262e+01 3.751955674126774909e+01 3.825981292354936159e+01 3.825981279021602433e+01 3.661107454241169279e+01 2.703190744890012809e+01 3.441310864613883780e+01 3.615389010712048190e+01 2.914259250946068036e+01 3.877568610082140310e+01 4.579459133019962991e+01 5.024936056913001181e+01 5.019650806202279369e+01 4.601868865666362751e+01 4.660895053475662309e+01 3.911553490992474735e+01 2.992387914424323725e+01 3.911553398869553178e+01 4.608718636729934559e+01 4.636166787200565409e+01
2.119165318869657355e+01 3.040109010089695829e+01 3.371939393569343224e+01 2.958780306530600512e+01 2.037363464609193997e+01 2.037363464609193997e+01 2.958844209322158392e+01 3.215405094480507842e+01 2.411505798350278340e+01 2.509757684464236149e+01 2.625582225941944969e+01 2.809187249442516077e+01 3.053117801401476683e+01 4.095994346248922824e+01 4.260775703641488121e+01 5.294089626219434308e+01 5.271184427879396850e+01 5.179373174418402925e+01 4.753079572421272303e+01 4.826477253470047657e+01 4.826477240136713931e+01 4.074182566934628369e+01 3.441310864613883780e+01 2.486717827639011347e+01 2.659278589459241715e+01 3.615389010700535977e+01 3.847039077251916694e+01 3.847039077254055428e+01 4.836714985786214527e+01 4.601868865666362751e+01 3.625885902515566528e+01 3.911741429210387366e+01 3.584842681999113267e+01 2.859644384886971835e+01 3.751184592498510995e+01 4.427144499964465751e+01 5.010710464101619266e+01
1.940637824639014752e+01 2.393905442408271256e+01 2.845343175383395362e+01 2.037363464609193997e+01 2.958780180027501316e+01 2.953301248707221305e+01 2.171011566524731862e+01 2.275338202831368051e+01 2.524284740182430298e+01 3.359062632813571980e+01 3.357606264921148664e+01 3.418466791049495868e+01 3.418486686168078847e+01 4.453304984856472259e+01 5.294089666282953033e+01 4.979515542245741244e+01 4.276924773289965742e+01 4.979515110589862559e+01 4.908368843117119695e+01 5.318952276029076387e+01 4.573078692946241119e+01 3.582885788302597518e+01 3.031304076500645550e+01 3.440827929000806762e+01 2.486717827639011347e+01 3.289962785000130197e+01 2.882158982633218614e+01 3.558424668140835223e+01 4.543815898031486711e+01 4.601870298586824504e+01 3.625885904088073630e+01 2.986779749464903588e+01 2.676795942884256263e+01 3.581251290207470817e+01 3.517573002327493015e+01 4.388335550708418253e+01 3.938081894257550886e+01
1.758535572849407558e+01 1.834428381277229647e+01 1.919089846217083917e+01 2.845353515731586924e+01 3.374378894620596014e+01 3.502190092845626879e+01 2.602759582892141310e+01 2.430373595110301821e+01 3.350718371755741742e+01 3.781952806716040527e+01 4.392332327586033358e+01 4.151136803587695567e+01 4.018175146294594668e+01 4.870766003594656013e+01 4.536399735812920397e+01 4.124953104356763589e+01 3.577121643909313065e+01 4.536039121593082513e+01 3.915818382569789691e+01 4.746125570742177757e+01 4.993456622819545032e+01 4.417593490830439151e+01 4.001390552900501518e+01 3.847873264520720227e+01 3.289915628133509529e+01 2.336192398228287459e+01 3.282604892050511580e+01 3.558578199912927431e+01 4.596591241953227325e+01 4.826420407972628368e+01 3.847763182092102596e+01 3.466598402691921876e+01 2.555488728208015559e+01 3.301758846324024432e+01 3.698934057913973561e+01 3.552112717180136059e+01 3.153969576630449012e+01
2.745540129783894656e+01 2.807455570729559824e+01 2.065155291260098025e+01 2.994100330874286087e+01 3.668390319676854716e+01 4.000596723799364440e+01 3.289553082990011745e+01 3.103988835309080940e+01 2.737930068725761501e+01 3.750218574439168862e+01 4.564568088194871365e+01 5.169841168964859435e+01 4.744670679594047868e+01 4.698650894824395152e+01 3.705765635053083429e+01 3.138583285026001946e+01 3.138583285026001946e+01 3.764739901320236726e+01 3.347046592286407218e+01 4.335319569175420895e+01 5.228323017951358764e+01 4.991933849424475511e+01 4.420261296166641785e+01 3.869155378021100944e+01 2.906156644904243436e+01 2.234055354815000172e+01 2.356034182870739357e+01 3.250079712745031202e+01 4.303359430395931184e+01 4.608650774030572705e+01 3.847763486130725852e+01 2.913257304413657778e+01 3.186967910154065819e+01 2.383180001616569044e+01 3.186166255369708722e+01 2.599021441747711947e+01 3.550846176852154912e+01
3.587085582000464967e+01 3.404973576877576846e+01 2.582723704258123121e+01 2.301982699156587131e+01 3.252914932854852026e+01 4.008759888788623016e+01 4.302042679077939624e+01 4.124899319689156840e+01 3.750218750925743194e+01 3.110188118342840369e+01 3.837686250652997444e+01 4.866837000055516427e+01 5.758760821115158279e+01 5.114622462983845708e+01 4.536159170255850626e+01 4.124946766505336626e+01 3.764739901320219673e+01 2.782685509264087997e+01 3.764739901320219673e+01 3.826896122860573968e+01 4.817946882626447547e+01 4.579033588806233013e+01 3.591627807708660214e+01 3.038363295854134449e+01 3.091567299326093377e+01 2.131925621351890854e+01 3.092333168439637348e+01 3.004194649438372622e+01 3.415315048631500616e+01 3.649459735622340162e+01 3.650217620296257337e+01 3.186967945596384055e+01 2.261305090224995951e+01 2.261305090224995951e+01 2.261305090224995951e+01 2.943169711315596260e+01 3.113126789115079163e+01
3.186694693242870002e+01 3.972733045915724404e+01 3.556047097854052907e+01 2.638207041254337426e+01 2.604707938009757839e+01 3.591293758623871213e+01 4.373548964511788739e+01 4.792567953989673413e+01 4.564574171285639181e+01 4.139117526289778226e+01 3.624384890949256999e+01 4.352641286122385367e+01 5.381032713988643934e+01 5.424345096466629457e+01 4.434064104116067995e+01 3.734346001466746401e+01 3.568318197585141860e+01 2.588718311486963231e+01 3.023905495216376949e+01 4.008757325751785316e+01 4.407592771144771859e+01 4.820636396384769284e+01 3.955755390439696839e+01 2.985561968849577497e+01 2.437947553310192106e+01 2.131925621351890854e+01 3.001514791934291182e+01 2.037954066233603001e+01 3.003189147825123229e+01 3.647982375355496032e+01 2.722075651437279475e+01 3.063819567168764735e+01 2.261305090224995951e+01 2.465185886942277094e+01 3.186970212852235917e+01 3.557380228319172488e+01 3.973799796124505690e+01
2.759679380136932991e+01 3.770008465729002722e+01 4.037699650920414030e+01 3.067334716751855694e+01 3.167348128825451070e+01 3.015566904169372009e+01 3.371423620660641518e+01 3.951043990536312123e+01 4.950701492187571517e+01 5.078780763176410318e+01 4.219220400419733608e+01 5.078780763176410318e+01 5.488970270703084253e+01 5.067650288326501595e+01 4.616322377284824796e+01 3.626104995169200151e+01 2.932325428463615680e+01 2.588718311486963231e+01 3.351957038552112778e+01 3.703468993102548978e+01 3.411830430357536414e+01 4.407592771144771859e+01 4.371012509107412569e+01 3.805404694524791864e+01 3.002530661908396681e+01 2.037954066233603001e+01 2.037954066233603001e+01 2.881030247794427979e+01 3.284456084078505711e+01 3.315320628639634748e+01 2.942911883843166976e+01 2.130706010402124306e+01 3.063819581194902852e+01 3.382550102951859117e+01 2.754344310929180395e+01 3.672983067325672124e+01 4.028096326801357208e+01
3.341024902429793997e+01 4.190509216409808602e+01 4.476847334864269357e+01 3.636623199337325474e+01 3.876492438160535414e+01 3.725702108472965079e+01 4.373548964511788739e+01 4.792567953989674123e+01 5.373133610037394448e+01 5.671789694102840684e+01 5.247565456684691299e+01 5.409545235393777318e+01 4.893687654393700370e+01 4.030831607996115906e+01 4.713125870976487164e+01 4.326276467184275276e+01 3.916117741459284929e+01 3.351956920078939106e+01 2.373789587884058960e+01 2.717731965911379532e+01 3.426448415571487516e+01 4.482043225622137328e+01 4.027369635387501035e+01 3.022916587712686010e+01 2.471266680770098390e+01 2.037954066233603001e+01 2.881030252237360045e+01 1.913107016439802877e+01 2.879512226463956637e+01 2.900926069494271431e+01 2.003382788277202309e+01 2.770205395395735337e+01 3.458393004422006101e+01 4.079922906460945597e+01 3.270168077309114096e+01 3.088742049034261328e+01 3.088742049034261328e+01
4.356010911001701658e+01 4.776566701955659511e+01 5.056516242292079255e+01 4.633019847982487249e+01 4.880004304300990015e+01 4.727465757263787083e+01 4.977635041557685014e+01 4.548597679080162237e+01 4.978849623855145268e+01 5.583349091350243043e+01 5.717176481374250585e+01 4.685407767936986545e+01 3.950479660787200942e+01 3.446685908054912062e+01 3.686368978598867585e+01 4.411353738819228454e+01 3.911266482560142776e+01 2.928200255725265322e+01 2.235933985529415580e+01 3.216137176918095975e+01 3.873814521756897022e+01 4.215790907533948939e+01 4.444799327803212208e+01 3.858098802475658573e+01 3.410235492288907722e+01 3.002120791893465679e+01 2.802890203897839783e+01 1.826552412549754223e+01 2.668628026795569497e+01 2.529765475728994062e+01 1.914625146100091868e+01 2.832788890643808344e+01 3.954424858874889992e+01 4.638569486833046795e+01 4.223464544748396321e+01 3.425946691699709135e+01 4.028149662189340319e+01
4.936595917131030120e+01 4.524236739018189013e+01 4.394741340080571490e+01 4.807258801946703386e+01 4.870939357527020519e+01 4.422805172255130657e+01 3.992674595596035658e+01 3.508651670966081326e+01 4.102633846203109869e+01 5.157795603959290531e+01 4.815973071323261223e+01 4.392683843807908062e+01 4.031493731937899838e+01 3.610099691140795386e+01 2.989642530656072594e+01 3.987099109746223746e+01 3.779628438222721343e+01 2.797315485206731367e+01 2.098871259991648941e+01 2.504892940164814874e+01 2.989857589050264153e+01 3.662434243350372753e+01 4.599392998873788940e+01 4.117504262760910905e+01 3.707714308605859088e+01 3.524367228410744701e+01 2.989908787196900875e+01 2.614250721605432304e+01 1.705376091407528705e+01 1.791287141741986133e+01 2.744716366496397342e+01 3.277009191136935584e+01 3.812132374943669078e+01 4.389269350601485087e+01 4.812042956457241871e+01 4.394063346731481090e+01 4.099829340018301593e+01
4.524236739018189013e+01 3.530895749005718187e+01 3.402444667326107464e+01 4.233745833068372377e+01 3.847786835320454912e+01 3.847786835320455623e+01 3.010598721238524789e+01 3.992674590741101071e+01 4.667507687150961715e+01 4.815972773474423718e+01 4.229170233726249961e+01 3.378605971322161849e+01 3.610093839129010718e+01 2.630602663336452451e+01 3.313952977592050075e+01 4.325027658487636728e+01 3.655727746632975084e+01 2.674738883246743271e+01 1.967814566996590386e+01 2.962555324372810261e+01 3.298892790758928584e+01 3.709065973583253850e+01 4.402102303593929378e+01 3.707714308605863351e+01 2.729602260611479281e+01 2.813172467425841816e+01 2.033228751270231527e+01 1.625396928780763517e+01 2.414036499124037505e+01 1.919945688868386924e+01 2.869753913732593276e+01 2.778160815736306333e+01 3.068400043339403993e+01 3.653026086424096519e+01 4.076966431525776358e+01 4.671255738710966909e+01 5.104407076260595488e+01
4.095061416127144582e+01 3.783539462991087277e+01 2.852702105084023643e+01 3.821838588949812987e+01 3.783586464561594198e+01 2.891028319078093745e+01 2.753079541254013662e+01 3.197693844511675110e+01 4.228737215525936932e+01 4.392683842252531434e+01 3.378605971322161849e+01 2.816114210440140653e+01 3.311659959676331511e+01 2.414976326403800755e+01 3.089844251165241928e+01 3.505508243106179833e+01 3.546684508046913464e+01 2.554711427601590046e+01 1.840173640519158127e+01 2.676107238223192653e+01 2.287448667538432545e+01 2.948771277996803519e+01 3.932085251973085605e+01 3.459664193446050007e+01 2.999892552460881134e+01 2.051692262586095694e+01 2.480699661080950591e+01 1.568235822783516475e+01 2.558234703395199716e+01 2.869753913717593363e+01 2.140580729899204115e+01 2.302365386614598819e+01 2.466663190375637527e+01 2.648248047289268925e+01 3.215550183545313701e+01 4.250629283266439273e+01 4.890935856879467991e+01
