output/example_1/elevation_000342.asc
nrows	75
cellsize	13.33333333
xllcorner	0
ncols	75
yllcorner	0
NODATA_value	-9999
[rows 51 to 67 of 75, columns 0 to 36 of 75]
1.369999999999999864e-02 2.900451345948130477e+00 5.915564791725770988e+00 9.451098697658519399e+00 1.522460138955479536e+01 2.522460138955486286e+01 2.869390350174102977e+01 1.889289985413984851e+01 1.263919472703699931e+01 9.647997355711247280e+00 1.577040637619021801e+01 2.438042506466570458e+01 2.664522820998154273e+01 2.127738593343307372e+01 1.137793166937841249e+01 4.298202103219165515e+00 1.427754878514022074e+01 2.091496588855451577e+01 1.108661692729882375e+01 1.108666359440308824e+01 1.084773819822177465e+01 1.092520604811531193e+01 8.513159561080312354e-01 1.092601074015428786e+01 1.529110746335206805e+01 1.377887856859226900e+01 3.850214677005521224e+00 1.121420908099812053e+01 1.539486938366804125e+01 6.979910244916108120e+00 1.539924930656635382e+01 6.214133295008513969e+00 1.121528512580196058e+01 1.310378917360412343e+00 1.121528525564676571e+01 1.310378917360412343e+00 1.310378917360412343e+00
1.290000000000000001e-02 1.001289999999996283e+01 1.591556479172580296e+01 1.945109869765858690e+01 2.359323432138956633e+01 2.936673701328584229e+01 2.983810243345797275e+01 1.994887101260227169e+01 2.077264680887199333e+01 1.183665013080876349e+01 2.077264680887198622e+01 2.934340167373223451e+01 3.084783100989842808e+01 2.107459785608212854e+01 1.578147920780737223e+01 5.805129774874658644e+00 1.288801745611235994e+01 2.276684609463630693e+01 2.169576072177041226e+01 2.034886391501186509e+01 1.001607149478166470e+01 5.451013633029572425e+00 1.607983316646338201e+00 7.405367324585960809e+00 1.753008114835189346e+01 1.798805072987680376e+01 1.377899071094319439e+01 8.006128909961704565e+00 1.806943266745135546e+01 1.402499137809728857e+01 1.621643672776673029e+01 1.621643674951651448e+01 1.539924921365848398e+01 1.121528525916228602e+01 2.974513760270961704e+00 1.121528552586680760e+01 1.310378917360412343e+00
1.329999999999999932e-02 9.768302498577730475e+00 1.864821530101958658e+01 2.597429325334674033e+01 2.657817998130305881e+01 2.622233474440111678e+01 3.048844686066697207e+01 2.983810243345797275e+01 2.368697564032422420e+01 1.447119928088299723e+01 1.897378405949118019e+01 2.877506690769437014e+01 2.798893792611015030e+01 1.821132533793779729e+01 1.116850715960210572e+01 7.546800466147012720e+00 1.334455670403112926e+01 2.321185038363935149e+01 3.085925279992664017e+01 2.058711012379047745e+01 1.996382942124959570e+01 1.246285607780458626e+01 2.389020644052127551e+00 1.246965586101096868e+01 2.165632023168479492e+01 2.451239892178645619e+01 1.432547117454430108e+01 1.376535623084628490e+01 2.227699400808443286e+01 2.418791609194887116e+01 2.637906071352946213e+01 2.058077472206962710e+01 1.456899241369750264e+01 4.630004084212458793e+00 1.287714997673064055e+01 1.539801768320854691e+01 1.121528566182428399e+01
1.369999999999999864e-02 5.690036315652523768e+00 1.492314507959086356e+01 1.753021420732924085e+01 1.664821968866454327e+01 1.590702213172955481e+01 2.323452792480370022e+01 3.351434779653845908e+01 2.711632909274162984e+01 1.741683404046629491e+01 2.711628040518948168e+01 3.313571734551598524e+01 3.085049849935871080e+01 2.107483501136413651e+01 1.936349778263038601e+01 9.409510002793515682e+00 1.936358510783976072e+01 2.726553581878826904e+01 3.013927190980962223e+01 2.569065203887607041e+01 1.889663434688418420e+01 6.494408488845406779e+00 3.176294670773780027e+00 1.324484483734344487e+01 2.317681592131041057e+01 2.870805363369219521e+01 2.152209920171528879e+01 2.394891533339888667e+01 2.814915572147011957e+01 2.945424703766094154e+01 2.356755480375108291e+01 1.338650307710890530e+01 6.351797680444144945e+00 1.456865375081176062e+01 1.159970334453036500e+01 2.173792063637625205e+01 1.864411334358753436e+01
1.319999999999999993e-02 1.001319999999996213e+01 8.695159282265095158e+00 1.442679281887044951e+01 9.416108676701840707e+00 1.973388502975557657e+01 2.854094163620160174e+01 3.281874355930825971e+01 3.151023123519819436e+01 2.271452849246334793e+01 3.151023123519819436e+01 3.691951431905725656e+01 3.130915195711079946e+01 2.309678028914405701e+01 1.321973299302422511e+01 1.277032736646710553e+01 1.756606832809864827e+01 2.736170273256368546e+01 2.587385460889677447e+01 1.538099332254541629e+01 1.763556632379124167e+01 1.387678526914937294e+01 3.971132596172548102e+00 8.992600556586253902e+00 1.612157664235443022e+01 2.613913900584552508e+01 3.173165972522781431e+01 3.225242858867268581e+01 2.643170593039588567e+01 1.922269241801301121e+01 2.409566781893617815e+01 1.769069233450090906e+01 7.613194867239953645e+00 1.769090522087726214e+01 2.173785954334233850e+01 2.594698992928056924e+01 2.285587722117718812e+01
1.349999999999999985e-02 1.521056927686129212e+00 3.046048166423983350e+00 4.668335348316963618e+00 6.630429419043724515e+00 1.691440435151103472e+01 1.805098927533753539e+01 2.585676170924634931e+01 3.015459103637839178e+01 3.312930053545661480e+01 3.757836851352494278e+01 3.283401097837379012e+01 2.317360189004115156e+01 1.750038001333145132e+01 2.309678028914405701e+01 1.633291169073251936e+01 2.612077095270026206e+01 3.142882297770556121e+01 2.657489767863716779e+01 1.832514244191710162e+01 8.179459225277849299e+00 5.978033459122296556e+00 3.971132596172548102e+00 1.404569181464054495e+01 1.984577231223664384e+01 2.714069884963253898e+01 3.131163883765909617e+01 2.807270669679693498e+01 1.789241260588053706e+01 1.202104955825716281e+01 1.988016610930906936e+01 9.727954265230758679e+00 1.769101204747202161e+01 1.184904830333607961e+01 1.903829778843214271e+01 2.926552065415636150e+01 2.741106085917520829e+01
1.369999999999999864e-02 1.001369999999996274e+01 1.338574793214419145e+01 1.489843784547652916e+01 1.691440435151103472e+01 9.593788015438795114e+00 1.221096968985507303e+01 1.531626866996176872e+01 2.585676182294858805e+01 3.574494044554514005e+01 4.172160994200325490e+01 3.409849929635740295e+01 2.442328232669606791e+01 2.442328085781059599e+01 3.017049879350457076e+01 2.128713320228442996e+01 3.017049879350457076e+01 3.140393849524699732e+01 2.231859731884024356e+01 1.213724351792120792e+01 1.829929450708151606e+01 1.180258884606856462e+01 1.356700579989126254e+01 5.241243595305724590e+00 1.528791702639584571e+01 1.724511673579852200e+01 2.634350860553630724e+01 3.109410511818622425e+01 2.221712800105061447e+01 2.221944524913797281e+01 1.202104955825716281e+01 1.988016610930906936e+01 2.409566262075849252e+01 2.203380002363000401e+01 1.727080960516558505e+01 2.318161898747820615e+01 3.340669364371986205e+01
1.379999999999999977e-02 5.787302691896265117e+00 1.285837050376176371e+01 2.285837050376182944e+01 2.429253155646009077e+01 1.553657990042812109e+01 2.267868325940377616e+01 2.267868310763439510e+01 2.095420340179722274e+01 2.708181931442400980e+01 3.750346151816025042e+01 3.820177509322384424e+01 3.409855312573220232e+01 3.409836333019706700e+01 3.502918786734120005e+01 3.095441604893710874e+01 3.502905492214630101e+01 2.713603147310425356e+01 1.691669340180706271e+01 2.231859731884024356e+01 2.578698403392783689e+01 2.165346240935435773e+01 1.618674067553211771e+01 6.152194133404921494e+00 9.050315227177490485e+00 1.261668055745832540e+01 1.764892921215688659e+01 2.723915078611248575e+01 3.240932203848250026e+01 2.643170558212522536e+01 2.221944524913794794e+01 1.202104955825716281e+01 2.221944538247130652e+01 3.170066923180229068e+01 2.750327184090989618e+01 3.169776222297490520e+01 3.757716531871762555e+01
1.309999999999999880e-02 1.001309999999996236e+01 1.628764390609649482e+01 2.355490260488677734e+01 2.769704549490520407e+01 2.604019718010191653e+01 3.033322146703303090e+01 3.315044506024912607e+01 3.148652358643517246e+01 3.574494044554514005e+01 3.752765102621145132e+01 3.338982901619361598e+01 3.752765102624083227e+01 3.786987009582094998e+01 3.373056128040460067e+01 3.786987009587281250e+01 3.551783862172837303e+01 2.525227938853203824e+01 2.413174701209462825e+01 3.140393849524699732e+01 2.536071557591668579e+01 2.117278173957964071e+01 1.722246154395634576e+01 7.121502007448714977e+00 1.717831996744942913e+01 2.244190575398205567e+01 2.634350860748899947e+01 3.112150725049257005e+01 3.175085757446119672e+01 2.150883031381467703e+01 1.560372846009012449e+01 2.221944538247130652e+01 1.789270871542803221e+01 2.514044111319324770e+01 3.534698141283485739e+01 3.315843864249802664e+01 3.254395951279997234e+01
1.349999999999999985e-02 2.145507163556106267e+00 1.214550717590348938e+01 1.355490140128697263e+01 2.094929893738365223e+01 2.428263206379204320e+01 2.842474649439998657e+01 3.342473456398581533e+01 4.034669853577955223e+01 3.620867946045765962e+01 3.253145968471331884e+01 2.339536406545196456e+01 3.253145968480284012e+01 3.287275419028540568e+01 2.373589192393718150e+01 3.287275419056518189e+01 3.786987009579782182e+01 3.551783862172837303e+01 3.438906060436101342e+01 2.949297860870434462e+01 2.117278175976569798e+01 1.103977568608192783e+01 8.524937932895699788e+00 1.722246163641261418e+01 2.141096526514756704e+01 2.565664935372554467e+01 2.984406532223863806e+01 3.489701832541314275e+01 3.592620678613874929e+01 2.879721715412472349e+01 1.854513155629399179e+01 2.879721715412474481e+01 2.514044104601858365e+01 3.232249007215001768e+01 3.017962924193501451e+01 2.311060072793453557e+01 2.844960626993069042e+01
1.369999999999999864e-02 1.001369999999996274e+01 5.389935586171362480e+00 8.062548005295614217e+00 1.094929935124373266e+01 1.428263268457705415e+01 1.928263268457405388e+01 2.928263144301001830e+01 3.620867946045765962e+01 2.621401652154312245e+01 2.839264653649218673e+01 1.840110520825209761e+01 2.839264653649218317e+01 2.495667354344154276e+01 1.874140639573274214e+01 2.373589192393718150e+01 3.080315835426220161e+01 4.079793712722823074e+01 3.244392016137157952e+01 2.235262038522494521e+01 1.517839968114073379e+01 1.863953055696945427e+01 8.524937932895699788e+00 1.863952977142940881e+01 2.024240892335079423e+01 1.552753300368479472e+01 2.060510899203205071e+01 3.070818971541929443e+01 3.601908909083724097e+01 2.580581985228905850e+01 2.367593719951103992e+01 3.298933439145979207e+01 3.534694864836397699e+01 3.187866287660271425e+01 2.605345210105367215e+01 1.598199456078701353e+01 1.968367593319318232e+01
1.290000000000000001e-02 1.001289999999996283e+01 1.538993562231133794e+01 1.806254771075751364e+01 2.094929893444919600e+01 2.428263206377291894e+01 2.842474649439998657e+01 3.342473456397593168e+01 3.412932786860049816e+01 2.914138552067730714e+01 1.914930759808355631e+01 1.507443844639221986e+01 2.153095910095197496e+01 1.496908548362483771e+01 2.495667354344154276e+01 2.689917871179675402e+01 3.689380387816373741e+01 3.782598830989446270e+01 2.775706078786053865e+01 2.060765814743875524e+01 2.530829365867200664e+01 2.282915146986866617e+01 1.863953027661808548e+01 1.011179272188814338e+01 1.011179272188814338e+01 2.024240892335080133e+01 2.689739974566389336e+01 3.489701832610833065e+01 4.017284917656823495e+01 3.601908909081385701e+01 3.094781143888887343e+01 3.808300042001773278e+01 3.485889826410483039e+01 2.481897356946400635e+01 1.764964237873199693e+01 1.318447005582388343e+01 9.727595240456562209e+00
1.359999999999999924e-02 5.352052469389852796e+00 1.215398591612722434e+01 2.209119438705025118e+01 2.661738634892926569e+01 2.238833489335992866e+01 2.481892980276044725e+01 2.903117648963081621e+01 2.391278596737276985e+01 2.391278596737276985e+01 2.331582718056644410e+01 1.917749467695472987e+01 1.154604874375834456e+01 2.153095910095197496e+01 2.745512263808356934e+01 3.320062751781637189e+01 4.103281004598664339e+01 3.893022621213917489e+01 2.885786948162306587e+01 3.070618137978840778e+01 3.297457595954133325e+01 2.286300960157764095e+01 2.024240892335081199e+01 1.011179272188814338e+01 2.024240892335080133e+01 1.256081363566499753e+01 2.270548454270780070e+01 3.069965813755965556e+01 3.485160417186688875e+01 3.986214699527207728e+01 4.109036674148408963e+01 3.908705680505344304e+01 3.502334489945053519e+01 3.187875765559462238e+01 2.737836358321394670e+01 2.323823574408034176e+01 1.968366980245180287e+01
1.379999999999999977e-02 1.001379999997177705e+01 1.884222743913635867e+01 1.770517726608491316e+01 2.010906845916976238e+01 1.253316929308174821e+01 1.486655371129661951e+01 2.164382856737379157e+01 2.382684954341476669e+01 1.375398798232481390e+01 1.740530691279671416e+01 9.191607109231659578e+00 1.123004218747798788e+01 1.340300176183060188e+01 1.912707224780020354e+01 2.907400940485026553e+01 3.828951025732837365e+01 4.237405628934875068e+01 3.893022621213917489e+01 3.470465673617021451e+01 2.989215510963200018e+01 2.286300960157118567e+01 1.271988034475053198e+01 2.024240892335081199e+01 2.443292467606966767e+01 1.493482369282554600e+01 1.668919296564734012e+01 2.046832880084494377e+01 2.569019176386300529e+01 3.570912451125630582e+01 4.201194959185998812e+01 3.212876365359710462e+01 2.495535920126252805e+01 2.964186252578620895e+01 2.693302043948146363e+01 2.100729607522532660e+01 1.101126593770863771e+01
1.349999999999999985e-02 1.001349994215370742e+01 1.161520949403231562e+01 4.628288212830971915e+00 1.291110440412204419e+01 7.220989758813148640e+00 1.430252249783918828e+01 1.202446827632873649e+01 1.571136528204128346e+01 1.574414588330038001e+01 7.411241779341238178e+00 1.740527873596129282e+01 1.826976042261663125e+01 2.333114127207826627e+01 1.700759177382527554e+01 2.687698312417482072e+01 2.839217858911149150e+01 3.828950982757999810e+01 3.645808309469122577e+01 2.612640394489323725e+01 2.026356004536682676e+01 1.571561585081922274e+01 2.286300960383888992e+01 2.286300960154622430e+01 2.746189194720444604e+01 1.736190989749320224e+01 2.305331869878311934e+01 2.684388295184816542e+01 3.485160417186688875e+01 3.986214699525640981e+01 4.486162065574382041e+01 3.502348179518676119e+01 2.964186256534186725e+01 1.950629183326675076e+01 1.680625775932558597e+01 2.195421940437917740e+01 1.192460938767031031e+01
1.359999999999999924e-02 1.001359999991009531e+01 1.599877033469043530e+00 2.264702896495735640e+00 2.940000343029883556e+00 3.619829829405865507e+00 4.317649269656458344e+00 5.019148562366221533e+00 5.747143573356173540e+00 5.747143573356173540e+00 1.574414602214253556e+01 2.154582363909278442e+01 2.823933686207928062e+01 3.098428314628117519e+01 2.353543274815022457e+01 2.140396592916010476e+01 2.710430509924992037e+01 3.684627068022238916e+01 4.070468517528245656e+01 3.410931227041134406e+01 2.400072509455416991e+01 1.853765339663012313e+01 2.866431640718791840e+01 3.297457595802319474e+01 3.027491907448514397e+01 2.004369258379267293e+01 2.696230809271033024e+01 3.544482599028272318e+01 4.094587214758392690e+01 4.390678603531742397e+01 4.475602105674352771e+01 3.492522357232676455e+01 2.780732288479544323e+01 2.964183523158386180e+01 2.335295220107374448e+01 1.327381986803155911e+01 2.195026964397012392e+01
1.290000000000000001e-02 6.652306746650148428e-01 1.064005671586455470e+01 1.226537647129470621e+01 1.293646976985435870e+01 8.617323556488955205e+00 1.430751042577046839e+01 7.902611436959179336e+00 1.574329256369115271e+01 5.747143573356173540e+00 1.574414889195522527e+01 1.712125120779306897e+01 2.712192395575251425e+01 3.537764300566716003e+01 3.288230220808793547e+01 3.129104099173154196e+01 3.538284322155121941e+01 4.096126144197435792e+01 3.857180969590766750e+01 3.831739336239996163e+01 3.286063188543687374e+01 2.439695685078467946e+01 2.396413912609434149e+01 3.406167792969325347e+01 3.335899537944286664e+01 2.316668997519657225e+01 3.335899537944285242e+01 4.047781742068794131e+01 4.100062320846861752e+01 3.407876406178112205e+01 3.931501727553989411e+01 3.525885775058436877e+01 3.493321969492445334e+01 3.018569540399926154e+01 2.444130979231423240e+01 1.433427521081335954e+01 2.444145639424093375e+01
