output/example_1/elevation_000343.asc
nrows	75
cellsize	13.33333333
xllcorner	0
ncols	75
yllcorner	0
NODATA_value	-9999
[rows 34 to 50 of 75, columns 37 to 73 of 75]
2.968133770736295673e+01 2.679557989171452803e+01 3.664817336362677480e+01 4.094080306197928820e+01 3.113591755834399066e+01 2.415318642182547038e+01 1.850639432056192035e+01 2.543983510725042052e+01 2.929143043763897225e+01 2.438214869906659743e+01 1.809476796665714105e+01 1.329365734699199919e+01 2.307391715235634422e+01 2.622839589325532472e+01 3.527144181398944767e+01 2.888989143945162752e+01 3.582367614836498859e+01 3.169716125136258000e+01 3.737505456619835087e+01 4.704156582770229278e+01 4.521850178382737795e+01 3.551739566169537454e+01 3.835870127350727188e+01 3.338425365306034820e+01 3.826774029828599311e+01 3.487569735869389120e+01 2.523515325351308292e+01 2.524340764328196940e+01 2.177857281134339473e+01 1.259469467963315736e+01 1.827384959094400685e+01 1.903497833027887154e+01 2.551076627380571082e+01 1.890793009460884022e+01 2.824046096393609417e+01 3.141572428797777761e+01 3.549843743912126826e+01
1.947138433558507842e+01 2.679204190920557593e+01 3.658870579428561598e+01 3.599247004059584754e+01 3.144920910240988832e+01 3.243022157966841945e+01 2.543983509674544763e+01 1.563191439377495762e+01 2.281654298482281007e+01 2.501226766010737990e+01 2.095383216867168130e+01 1.249455032064118321e+01 1.690937070060554248e+01 2.411810964357283638e+01 3.521706568487273614e+01 3.875253619739469713e+01 4.277725766840814003e+01 4.146060191996291877e+01 4.548205592027933619e+01 5.107528509723115917e+01 4.915177865432175253e+01 4.521850179488787802e+01 4.651010239244677535e+01 4.275834772050966137e+01 4.147447475630143288e+01 3.109807813485712202e+01 2.453908504504454413e+01 1.972494314595984477e+01 2.141971509284212161e+01 1.220571711220299349e+01 2.154587729242211935e+01 2.363834552041783255e+01 1.604003788110384932e+01 1.823309403825264141e+01 2.853931352912975683e+01 3.241609050045526175e+01 3.414784865519277446e+01
2.291441589264950451e+01 2.691240441266182160e+01 3.251001476383395072e+01 2.974227073932527787e+01 2.116914468479314593e+01 2.974437721611766605e+01 2.952753692513917017e+01 2.281654283215879886e+01 1.295202068214941704e+01 2.030921578356573320e+01 1.134492802734317607e+01 1.344027236161723415e+01 2.317048055609218693e+01 2.848819682355370020e+01 3.106353390249397961e+01 3.444707099249607296e+01 3.840889513104542630e+01 4.316053512704241513e+01 4.850167097712992614e+01 4.441950571686191296e+01 4.453430267076529958e+01 4.436865065536087371e+01 4.836015048161979024e+01 4.222976757094389910e+01 3.598101594619676291e+01 3.144944276981114584e+01 2.632235325050030639e+01 2.225962538754593467e+01 1.384431657116822478e+01 1.181335192390377564e+01 2.145403982132015130e+01 1.412057549779102672e+01 2.363834552041783255e+01 2.036332439047208354e+01 2.107411095063843831e+01 2.535321287657908229e+01 3.455205368003691291e+01
1.251974582964547800e+01 1.848697770020877940e+01 2.568347218612315785e+01 2.545858594060869606e+01 1.505725934245252162e+01 2.546890381039136741e+01 2.983396183055317863e+01 2.574659428782567971e+01 2.030908750111589356e+01 1.023111282133722888e+01 1.965911043840104355e+01 2.317037451920132085e+01 1.641033057361125103e+01 1.883461003778000631e+01 2.142925741015339369e+01 2.487698290954935487e+01 2.972086767533564711e+01 3.917327430965648460e+01 4.441950571686191296e+01 3.459667176175568670e+01 3.460345533460012035e+01 3.459452631037204640e+01 4.436478332263743596e+01 3.785267897008360904e+01 2.692351456092600870e+01 2.109076705715419919e+01 1.828600267150251568e+01 1.665123283952027222e+01 2.078259842644825994e+01 1.143118073409961077e+01 1.252591675108981129e+01 1.963239117843274428e+01 2.725168882610029542e+01 2.332926115100665854e+01 2.969264506965862793e+01 2.516958442265297791e+01 3.054706869478076214e+01
2.141787116771785549e+01 1.093451982652657684e+01 2.007740490236340847e+01 2.183580066978645462e+01 1.120556415975572762e+01 2.183583248514926822e+01 2.574673847368271495e+01 1.583777183308680669e+01 1.873894624705318535e+01 9.485081293705805550e+00 9.485081293705805550e+00 1.967489646242892576e+01 2.327276982825180696e+01 2.431361345502955373e+01 3.106353390249397961e+01 2.931907368527166469e+01 3.840889513104542630e+01 4.316053512704241513e+01 4.489106694070619596e+01 3.747371321555473855e+01 2.759087324333937374e+01 3.341466896431739286e+01 3.752247614029167266e+01 3.971885174591281498e+01 3.414479820941166821e+01 2.022346521381292206e+01 2.000058230023883610e+01 1.804074480714083251e+01 2.040245709596654677e+01 1.107285760100939953e+01 1.539852505827186491e+01 2.429205555343287770e+01 3.277452868086201221e+01 2.765027722716557079e+01 3.077872661992552494e+01 3.437873490107946850e+01 3.173446455195251659e+01
1.853660941708307064e+01 2.001992435844530149e+01 9.380500611041656001e+00 1.862624039013870458e+01 7.845750984420711838e+00 1.862625948320309988e+01 2.202311204985213777e+01 1.782998039380327171e+01 8.445605226260354925e+00 1.874027360058168057e+01 1.966551293745227014e+01 2.383063253561118700e+01 3.289638760958479935e+01 3.388274232961023813e+01 3.786000383783800771e+01 3.882549174571794737e+01 4.282161012237659747e+01 4.776864562330194985e+01 3.799024501117290242e+01 3.106884993335745548e+01 3.339068527592372249e+01 2.337922946976073391e+01 3.270345779875204073e+01 3.381610631446239523e+01 2.679635568927895051e+01 3.039400191776960014e+01 2.693426400781983787e+01 2.644264202959127275e+01 1.947719506167789660e+01 1.072442242341901419e+01 1.990205109913296866e+01 2.355326908361838889e+01 3.232238556050130285e+01 3.500587504385936910e+01 3.789589606624915774e+01 4.139542049411959113e+01 4.076256824087204933e+01
2.592963233968631087e+01 2.252207320993170825e+01 1.862624038999127407e+01 7.845750984420711838e+00 1.731021400595194848e+01 2.159499245816592250e+01 1.784768217831421921e+01 7.443735175203648247e+00 1.747213475985763509e+01 1.128332808420218392e+01 1.910576667982276433e+01 2.930860901914060079e+01 3.453117224867205692e+01 4.017678734576459476e+01 4.145758028127264083e+01 3.733250365023826589e+01 3.862255287273269033e+01 4.274890183108865926e+01 4.087768509647267479e+01 3.106963942308270532e+01 2.432336943713751154e+01 2.187193835892738036e+01 1.978718012148690164e+01 1.789120689573654488e+01 2.102032257808594906e+01 2.962450166817731656e+01 3.085506303061913158e+01 2.111420232130939567e+01 1.512258356338747767e+01 1.038603997399850520e+01 1.564320149720474085e+01 2.180572795775109540e+01 3.083907972160305633e+01 3.808394508736363804e+01 4.200579507151363146e+01 3.792519730835957859e+01 3.920339601460188561e+01
1.823718360847303543e+01 1.175909956560525593e+01 7.845750984420711838e+00 1.731021400595725268e+01 6.518273388548892378e+00 1.601621125084891162e+01 1.635969196945120530e+01 6.770899203061994776e+00 6.770899203061994776e+00 1.984397489124512504e+01 1.637348188769793467e+01 2.046570434811993877e+01 2.634791107373453656e+01 3.618019060904754269e+01 3.570440173372723081e+01 2.736522844065989801e+01 2.865990163636578814e+01 3.862255287273269033e+01 4.087768509645940895e+01 3.106963942308270532e+01 3.394234949062234818e+01 2.599211958792823296e+01 2.037397868733514983e+01 1.789120689573654488e+01 1.646922607773425895e+01 2.370357932051402727e+01 2.766190172107874190e+01 2.505921583001566688e+01 1.640561325539257709e+01 1.005441358764493209e+01 1.742450305479497175e+01 2.568514259583884751e+01 2.429874947006434738e+01 3.401988955912399604e+01 3.633084447485688884e+01 2.810511522671308171e+01 2.937768446673723588e+01
2.790838677025537251e+01 2.287747530016472197e+01 1.867644274597842724e+01 2.126895351577569926e+01 1.601297572526200241e+01 5.278838850069822008e+00 5.883228890456073223e+00 1.529435368789124716e+01 1.847093809168196898e+01 2.466161843788244212e+01 2.378544689348306562e+01 3.050352117395208751e+01 3.453117224867205692e+01 3.144628149326853617e+01 2.731555177392554512e+01 2.158181458390786389e+01 2.865990163636578814e+01 3.862255287273269033e+01 4.496173422301826861e+01 4.087768509645893289e+01 3.957513263205805742e+01 3.268785923596472287e+01 2.023740623271917727e+01 2.025100702880019554e+01 2.317732547227059925e+01 1.462082387463988375e+01 2.259536743124996505e+01 2.577790430084890971e+01 1.885863664228979530e+01 9.718192886291079802e+00 1.905586740790639055e+01 1.639761650184083663e+01 2.608261331676211370e+01 3.198601842114099725e+01 2.793388886668546434e+01 2.259199960697503684e+01 3.225556874912383165e+01
3.082437461297670112e+01 2.668481121161151037e+01 2.323623012747416183e+01 2.725982473532371841e+01 2.030205707919817826e+01 1.568689260791992979e+01 5.278838850069822008e+00 1.566283488466823393e+01 1.441512989800713385e+01 2.074715524706349612e+01 3.025762668369314312e+01 3.747598130165694386e+01 3.437446411194362383e+01 2.439165454791569232e+01 1.718282323851193638e+01 2.731555177184230132e+01 3.547330558740024031e+01 3.465207533481615343e+01 3.878519488586496067e+01 4.051102118455029455e+01 3.646516644729988599e+01 3.641384766477208501e+01 2.766797915729944535e+01 2.025315118156832739e+01 1.839679027478405970e+01 1.847870617659520676e+01 1.293030730821712027e+01 2.189370481374472277e+01 1.725802393373703936e+01 9.718192886291079802e+00 1.088969735213493806e+01 2.012152523561406881e+01 2.337994387651824724e+01 2.485739562678452330e+01 1.845152028134975453e+01 2.222342863984875905e+01 2.696829348084750322e+01
2.175216208067692492e+01 1.693075512070581468e+01 1.350210383916405021e+01 1.908123562936834716e+01 2.202331680986249296e+01 1.218415823256109576e+01 4.784468155964603397e+00 8.646147896618916917e+00 1.880755950223971595e+01 2.210575386838417344e+01 3.096831432734954959e+01 3.510681768135169989e+01 3.097402462250759569e+01 2.485800412528168124e+01 1.458233833274013769e+01 2.029724923988427676e+01 2.712291176987057995e+01 2.429636937754393955e+01 3.465207533481615343e+01 3.646516644729988599e+01 2.693275160517661604e+01 2.700161622026705288e+01 3.166857175376448197e+01 2.698347780978170718e+01 2.452148440441587951e+01 2.080691843911913708e+01 1.176759422458300008e+01 1.879171373345086948e+01 1.744816468718895663e+01 9.374212819731214452e+00 1.888717410267206986e+01 1.263899186952821729e+01 1.398360151967956710e+01 1.542024575098169059e+01 2.204191386777529971e+01 3.165459023048523690e+01 3.594825087991699775e+01
3.082437461297670112e+01 2.394790063635026911e+01 1.421457286268371334e+01 9.271821139024183367e+00 1.580919971725052520e+01 1.398699712658315875e+01 4.276771097316876435e+00 7.707728447516967840e+00 1.463846118379888672e+01 2.421180380367441387e+01 3.467816530423585419e+01 3.097402462250759569e+01 2.101629448915397447e+01 2.291778561478081144e+01 1.479257745958325643e+01 1.175917517818349012e+01 1.576303901557639264e+01 2.429636937754393955e+01 3.465207533481615343e+01 3.646516644729988599e+01 2.693275160517661604e+01 2.027113661337602224e+01 2.526122416830550321e+01 2.923353153523219916e+01 3.012021687002431491e+01 2.080343352866109186e+01 1.927409266695325130e+01 1.014488128712286397e+01 1.214268554873930839e+01 8.988139510806945509e+00 2.168203783265354545e+01 2.199013016402352605e+01 1.636459705263656161e+01 2.473383075321738289e+01 1.862242793506258209e+01 2.811245386978368899e+01 3.175840415100561742e+01
3.382240287452326299e+01 2.394790063633580957e+01 2.316215049555642480e+01 1.580957783115736603e+01 5.847575884466587937e+00 3.537287853761302614e+00 1.393863923230905932e+01 1.808056149271547852e+01 1.440368431777921288e+01 2.154331989977807638e+01 3.169550472251275153e+01 3.097402462183189442e+01 2.101629448915393183e+01 1.405304053630635686e+01 1.087821801013049239e+01 2.060162073451679987e+01 2.702811858076086082e+01 3.154078213170443590e+01 3.390398529995976418e+01 2.985447235028817303e+01 3.197158073909800180e+01 2.248170346832384325e+01 1.528261902792002758e+01 2.161366790736172661e+01 2.561975671240378105e+01 2.659486493065510615e+01 2.083487869694729611e+01 1.717841827491566065e+01 8.358999403559190355e+00 1.294578435024453178e+01 1.826335306362900468e+01 2.824721201944468518e+01 2.344967597736066267e+01 2.658490100665556355e+01 2.811245386978368899e+01 2.211212695538286255e+01 2.888151563654550813e+01
3.142852577926229074e+01 2.733980519029616829e+01 2.219890035899412695e+01 1.460227794793130762e+01 8.497030616443115747e+00 3.027863105277754929e+00 9.055608206031630303e+00 2.014653274142511208e+01 2.448639839163617182e+01 2.873202091430292526e+01 3.136413438179621238e+01 2.726833658482467015e+01 2.785746841099827975e+01 1.897991756123153806e+01 9.102297319551897914e+00 1.598750203049618612e+01 2.523785420792822265e+01 3.351267134443718732e+01 2.823548037238102282e+01 2.001904062293973041e+01 2.823548037238095887e+01 2.923353153523219561e+01 2.161366790736172661e+01 1.066170953321576143e+01 1.814244209135565100e+01 2.018917266237414054e+01 1.414562878639195098e+01 7.656854116133867905e+00 1.746224990467747062e+01 2.129977863523066972e+01 2.145764557687978069e+01 3.128516804446045541e+01 3.415400379347088489e+01 3.711639491639771649e+01 3.583299549328799571e+01 2.888151563654550813e+01 2.760981455973396592e+01
2.573019998708087286e+01 1.747053533269419034e+01 1.857451348203238339e+01 8.893858590322343716e+00 3.027863105277754929e+00 1.257862048765092133e+01 1.738646249320023429e+01 1.997893735322676534e+01 2.916055060335110483e+01 2.877471401609157553e+01 2.726833657457619609e+01 1.795205022444638843e+01 2.067633489559504767e+01 1.714781338385460074e+01 7.518360461540241957e+00 1.467153699919795606e+01 2.435998670426969070e+01 2.320875878018812344e+01 2.417491967102088068e+01 1.403765817402039318e+01 2.417491967102088068e+01 2.583722217727084924e+01 2.545763015180545707e+01 1.813329279860657550e+01 6.376250173706989877e+00 1.646081610516531057e+01 6.953843502396958698e+00 1.698196233326592264e+01 1.935778117665354259e+01 2.146844933900040431e+01 2.385842460433099532e+01 2.673984467755558470e+01 2.992139231751673023e+01 3.369160340414582322e+01 3.784376977911240658e+01 3.870382742005056542e+01 3.326054995546080306e+01
1.658644587760255007e+01 1.172809016391779835e+01 1.537340059032116280e+01 1.579968644160246605e+01 1.087103035272278184e+01 2.382271058006422582e+00 1.307161118607586303e+01 2.149367206076389891e+01 2.487778722541406395e+01 1.830475233302676941e+01 2.280896586358833034e+01 2.068072729165923107e+01 1.119672451347665643e+01 1.537647596870729849e+01 6.103972915878594030e+00 1.605875007973289570e+01 2.093202963451944143e+01 1.586749778037430936e+01 1.812300672238908916e+01 1.022396020263227179e+01 1.880567860218541298e+01 1.569515085590220060e+01 1.649187815415903202e+01 1.716312615007252873e+01 1.473082583207539109e+01 6.376250173706989877e+00 1.650718618947027139e+01 9.404606867883520849e+00 1.064946797680276269e+01 1.198562635842625212e+01 1.388555284622719910e+01 1.661620489705643422e+01 1.986047178264972146e+01 2.438448942584640378e+01 3.111079800153853725e+01 4.052611162394945410e+01 4.311489467777025908e+01
6.591991257462626486e+00 1.158921868764326213e+01 5.359540061471222749e+00 1.158726748053745759e+01 1.158296275377001727e+01 2.103608606189696140e+00 1.057834091370993868e+01 9.032942453260877969e+00 1.607828709272576972e+01 1.103353539219426516e+01 1.293502989012763749e+01 1.353008197715695715e+01 1.323720252509885853e+01 4.527239148504468957e+00 5.900840052716143980e+00 1.380129916902715870e+01 1.173937896721261431e+01 1.426425705918646081e+01 5.086833628626687087e+00 7.445013464032117945e+00 1.237588935666391876e+01 1.327253515535852912e+01 5.546007608522143251e+00 1.238291834852092066e+01 5.922765439104473728e+00 1.610337109849811910e+01 2.047264493254343520e+01 1.498910315329989906e+01 1.450762363575547909e+01 1.627395781035219713e+01 2.302430778544097834e+01 2.223572895572236874e+01 2.992139231751673023e+01 3.369160340414582322e+01 3.784366097629531822e+01 4.199809526932821768e+01 4.199809852308590763e+01
