output/example_1/elevation_000245.asc
nrows	75
cellsize	13.33333333
xllcorner	0
ncols	75
yllcorner	0
NODATA_value	-9999
[rows 0 to 16 of 75, columns 37 to 73 of 75]
4.153018358783852193e+01 4.600583649835029121e+01 5.213781014070299591e+01 4.797987448235549834e+01 4.797986546155758703e+01 4.797987448235549834e+01 5.213781014070299591e+01 5.268517616375405055e+01 4.855821166019314461e+01 4.762355795266834946e+01 4.762355795266834946e+01 5.179025844176425153e+01 5.768574599381761203e+01 5.359943183638112174e+01 5.436386825337464046e+01 5.025531310346593727e+01 5.436386825337262962e+01 5.316203223886756035e+01 5.428593759045805456e+01 5.010749470380088866e+01 5.428593759600000368e+01 6.011038999632549462e+01 6.446231009315384597e+01 6.050627255863141585e+01 6.050627255746610444e+01 6.092366472357664975e+01 5.965049078443290398e+01 5.965049378945341374e+01 6.361696915204250757e+01 5.971873425597424045e+01 5.554983048541777890e+01 5.109661943567768105e+01 4.691625620132909802e+01 5.109661943567850528e+01 5.902609308768889917e+01 5.607793776428314914e+01 5.607793776428314914e+01
3.083131023105077162e+01 4.153018358783852193e+01 4.797987468313503001e+01 3.782182380730147742e+01 3.782182379843915498e+01 3.782182380730147742e+01 4.797987468313503001e+01 4.687187506486911559e+01 3.844555475032522196e+01 3.748200479282878916e+01 3.748200479282878916e+01 4.762355795266834946e+01 5.359943183638112174e+01 4.353677473516798102e+01 4.648405876335835529e+01 4.016530014728922993e+01 4.934391635789699393e+01 4.305863334302037515e+01 4.470205303747408720e+01 3.999483933401025126e+01 4.584345359791528551e+01 5.593228317722427079e+01 6.050627255866299947e+01 5.053596073384174048e+01 5.053596073384173337e+01 5.097000296808139552e+01 4.964732539089573748e+01 4.964732539399872735e+01 5.965049378945341374e+01 5.554983048541777890e+01 4.542995544039030875e+01 4.691625620132909802e+01 3.706607527233404653e+01 4.691625620132909802e+01 4.889411201044599409e+01 4.591881897958180758e+01 4.591881897958180758e+01
3.396493768619781406e+01 3.517672556596858868e+01 3.963180057513017118e+01 4.079701156085904046e+01 3.049314939882454922e+01 3.675552818814227152e+01 4.096198433056828492e+01 4.271938444896750298e+01 3.247503872165827943e+01 3.014297130325137175e+01 4.045194055606988570e+01 4.552397647923096002e+01 4.846986818627416227e+01 4.648405876335835529e+01 3.632967406684650769e+01 3.503513899150485855e+01 4.429006791029517842e+01 3.584081753152664618e+01 3.450577241532378281e+01 4.470205303747406589e+01 5.110701812509333308e+01 5.615161654823093329e+01 5.619809198782593285e+01 5.214470069489265569e+01 4.337144870112418715e+01 4.380536272292162181e+01 4.248915152362086189e+01 4.964732539399872735e+01 5.965049378945341374e+01 5.554983048541777890e+01 4.542995544039030875e+01 3.847337015237894065e+01 3.706607527233404653e+01 4.691625402067305828e+01 4.889179538633355548e+01 3.891298573147916073e+01 4.889435598074118872e+01
2.770990560284266380e+01 2.461718133925496943e+01 3.517674934342867488e+01 4.497981163126286930e+01 3.675552818814227152e+01 2.635672271250216170e+01 3.328919781069165396e+01 3.748631130357470909e+01 3.679695086300960583e+01 2.638572113115204232e+01 3.680630055082804830e+01 3.532267576838096801e+01 3.831056754875331904e+01 4.135975793917616983e+01 3.716564863812320851e+01 3.075975783931266605e+01 3.732111593815935180e+01 2.981072353165721012e+01 3.286450581226986856e+01 3.678779698200952453e+01 4.188333758090436731e+01 5.197342374818113342e+01 5.214470842141290774e+01 4.215241125167485592e+01 4.507907285479360837e+01 3.816025449650355483e+01 4.806568334349049110e+01 5.663214727302063523e+01 5.436791060191048075e+01 5.842090247898931210e+01 5.257434484818228526e+01 4.343368418434864253e+01 3.381242177759226308e+01 4.039117386719829028e+01 4.252890612390311986e+01 3.610100144531441657e+01 4.085755226289035136e+01
1.707462091508237023e+01 2.461718305812855334e+01 3.517708588164257577e+01 4.105957845450470245e+01 4.095378928508986860e+01 3.328919598549548908e+01 2.290717153904135017e+01 3.014529812532751407e+01 3.098055225917402922e+01 2.145178797606372001e+01 3.272636972412833245e+01 2.792340588548758262e+01 3.463570222874807314e+01 3.463573134256883179e+01 2.673201092293497183e+01 3.463573160923549921e+01 2.689971640948616383e+01 3.733199453545503843e+01 4.309560029720962859e+01 4.123974560084798213e+01 5.110701732260699970e+01 5.615161628273486372e+01 5.209024040319098958e+01 4.214936156072297990e+01 3.536909958033140811e+01 4.261326994752939612e+01 4.669724274739752445e+01 4.727801407329751271e+01 4.434128277532411744e+01 5.436791060191048075e+01 5.344775193787325662e+01 4.343368418434864253e+01 4.039117386719829028e+01 3.095234974959942065e+01 3.296803122643132156e+01 4.252890612390311986e+01 5.005742445579218725e+01
2.770924486741641601e+01 3.072997027300536743e+01 3.482320770431500279e+01 3.200762491209572858e+01 3.848312900687724181e+01 3.331308163044246129e+01 2.908888300022771745e+01 2.000211696244142701e+01 2.070705590231731463e+01 2.145178797606372001e+01 2.229178386968396453e+01 2.319526119336911307e+01 2.414989107009551716e+01 2.414989107009551716e+01 2.414989107009551716e+01 2.414989107009551716e+01 2.890676987990916302e+01 3.495857474746679117e+01 4.515915063388383999e+01 5.135320673007038295e+01 5.553124748748639661e+01 5.660374567817339653e+01 5.238150596908546675e+01 4.917484644771194269e+01 4.261327666790752033e+01 3.305575846355098690e+01 4.261327998074927592e+01 3.743813583158034675e+01 4.434128277532411744e+01 5.436791060191047364e+01 5.151084470747415622e+01 4.656050119769305695e+01 4.242966642853640025e+01 4.039102950433583317e+01 3.095234974959942065e+01 4.039102950439443163e+01 4.811594383308983680e+01
2.412202663041081863e+01 2.033281600750271068e+01 2.786980220734699998e+01 2.571409293861130507e+01 3.179496666844595154e+01 2.805240058094446454e+01 1.908396307983196039e+01 2.908888431077383174e+01 2.994969920328513879e+01 3.181821954009188502e+01 2.623182232838615491e+01 3.321154104681358632e+01 3.463547699632403720e+01 3.463573134256883179e+01 2.414989107009551716e+01 3.463573147590216905e+01 3.885462307626600875e+01 4.345498998574765182e+01 4.931664985359972775e+01 5.299029355010009112e+01 5.712183565280076891e+01 5.069420309865488861e+01 4.229025142200045906e+01 4.917020122011016525e+01 4.103816972905195115e+01 3.154754130975639015e+01 3.329050739936614889e+01 4.284439915350044004e+01 4.725106319308324743e+01 5.711135002344746425e+01 4.734803753839046436e+01 3.751130301766220043e+01 3.286424451274514524e+01 3.764695524542425886e+01 2.962955329235131430e+01 3.899937209782386560e+01 3.833555792270434637e+01
1.317193871217511081e+01 1.381932529682342548e+01 1.889679180477720521e+01 2.735437375401401283e+01 2.672298003083277607e+01 1.812784246389018605e+01 2.799387957551010686e+01 2.626257655549629177e+01 3.662388527997317311e+01 3.576931238129370882e+01 3.410610306089132848e+01 3.640576917557977765e+01 4.115906794905877319e+01 3.084488121629240709e+01 3.463573147590216905e+01 2.634326605608418603e+01 3.679078132233624387e+01 4.326451853176625661e+01 4.586633259242048410e+01 4.291549134593312687e+01 5.299029355010009112e+01 4.653838128930477325e+01 3.672688904411170796e+01 4.086570765605569733e+01 3.539559442352700813e+01 3.008555805682690476e+01 3.949035991065149886e+01 3.996746532188397083e+01 4.690116465303565008e+01 5.666621757915098101e+01 5.151090474061104629e+01 4.656113121086627160e+01 3.764695524542452176e+01 2.833621349274510948e+01 2.833621349274510948e+01 3.173992040553648408e+01 3.833555792270434637e+01
2.411201647525792424e+01 2.473433794301159949e+01 1.481335224618879209e+01 2.099459398018393941e+01 1.704832093023318507e+01 2.707847684652961817e+01 3.227872570198977087e+01 3.712925208354530326e+01 4.154016683338411298e+01 4.470705346884371778e+01 4.565342371606867999e+01 4.641169679308877249e+01 4.115930733583032719e+01 4.115930991438076347e+01 3.491579009953300528e+01 3.679078132233624387e+01 2.871305806615426448e+01 3.908041897161071176e+01 3.571139652096428563e+01 4.291549134593312687e+01 5.299029355010009112e+01 4.782087310441638550e+01 3.798497023151284679e+01 3.138465177620082969e+01 2.888510443103213277e+01 2.888510443103213277e+01 3.539629959278961735e+01 4.506516489204094000e+01 5.366343121414006845e+01 5.394864411459405318e+01 4.821222996046147102e+01 4.385549155120876463e+01 3.976841060952089890e+01 3.763314606225432613e+01 2.833621349274510948e+01 3.764695511209119161e+01 4.004385449182308321e+01
3.082570320985605505e+01 3.038009037646723698e+01 2.258849641693534949e+01 1.584499505707149325e+01 2.653029257131886354e+01 2.710127759959932803e+01 3.751848704400514833e+01 4.038736077576807304e+01 4.157344760890338620e+01 4.592615601208081699e+01 4.882911365648126178e+01 5.303262437767462956e+01 5.129085607076988396e+01 4.929393639548908368e+01 4.513353564216532732e+01 3.908041893601735950e+01 3.908041895398793031e+01 3.126208741869506014e+01 4.153625330246070746e+01 4.401858379632145102e+01 5.408787190790300770e+01 4.891005230149281857e+01 3.905570655043915451e+01 3.823373998946692609e+01 2.888510443103213277e+01 3.676468799934595211e+01 4.080401114220761372e+01 4.209669356218656588e+01 4.618232724938000189e+01 4.981128219084017417e+01 3.989735648369027388e+01 3.442882389628112350e+01 3.033767495847661166e+01 3.498595231202257594e+01 2.726695581259058443e+01 3.064000422379954003e+01 3.715010669198279203e+01
2.839716085491391695e+01 3.663340337154181725e+01 3.084070591029994191e+01 2.020151632427954169e+01 1.755275782159439402e+01 2.818952552457883698e+01 3.421135481781048071e+01 2.885279143716404349e+01 3.013156377405167063e+01 4.117828498415978800e+01 3.800920798469127249e+01 4.882911365648126178e+01 5.173301675105092556e+01 5.589289298316063537e+01 5.336579846147085959e+01 4.502370780442478093e+01 3.485477853266219483e+01 4.153625329912306086e+01 3.857125871165743547e+01 4.869438351372318863e+01 5.821492479845850454e+01 5.302605067307106168e+01 4.503333191609031161e+01 3.539225701603975693e+01 3.672820109201419569e+01 2.747607443493935264e+01 3.534819926536440704e+01 3.255292263808436104e+01 4.209669965553904802e+01 4.899774405247089248e+01 4.493023119633157592e+01 4.041420766516915108e+01 3.316960245404261087e+01 2.585246683554894886e+01 3.449584330201196281e+01 3.927259515131964918e+01 4.008188704175299222e+01
3.480584840850355022e+01 3.929314613147644053e+01 2.926958695124673326e+01 3.156456922896218131e+01 2.503062566220074814e+01 1.907776023337586935e+01 2.984545394706584176e+01 2.060422724284379470e+01 3.223118857837474138e+01 2.963740555916555408e+01 4.034138753687846446e+01 4.431004340615537274e+01 4.123534717356567114e+01 5.173301675105092556e+01 5.214935041747440891e+01 4.207217000363779391e+01 3.905014608004300669e+01 4.131841556535457727e+01 4.869438349060949633e+01 5.283846866411239773e+01 5.762344515783578913e+01 5.352717629675614575e+01 4.907137255546142995e+01 4.499107939638866327e+01 4.064838383143984402e+01 3.534817419209302614e+01 2.611503318249230787e+01 3.534805834972039662e+01 4.386228868374745105e+01 4.461759026163602471e+01 3.540243756253170204e+01 3.554874137751323104e+01 2.497699719910391991e+01 2.497699719910391991e+01 2.497699719910391991e+01 3.656266794465160075e+01 4.328750300263010331e+01
4.399983783925089398e+01 4.525674522945411837e+01 4.141902803044753512e+01 4.010300360111405382e+01 3.421514361121720782e+01 2.984605583079476077e+01 2.060422724284379470e+01 3.158781854745350870e+01 2.264615891675387971e+01 3.451515514106395699e+01 2.863348340462426833e+01 3.308498949677501599e+01 4.123534717356567114e+01 5.173301675105092556e+01 5.627875288599462777e+01 5.214935041747440891e+01 4.358323873834412865e+01 5.139535030093785650e+01 4.955525624360524262e+01 5.956502899661079908e+01 5.352717629675614575e+01 4.352482841232538391e+01 4.645403329619301758e+01 4.807621291868904478e+01 4.110633293243720487e+01 3.161376103192207054e+01 2.520842473102284131e+01 3.040499752653206400e+01 3.982984080569049468e+01 4.058232807277154564e+01 3.114180807068013479e+01 2.810994726582148573e+01 2.497699719910391991e+01 2.497699719910391991e+01 3.084055628467613985e+01 2.891432423249208483e+01 3.474308060047500391e+01
4.564658951224800632e+01 4.322929526947152112e+01 4.721125433089977008e+01 3.820285957517032926e+01 2.705064081956959754e+01 2.060422724284379470e+01 3.158465343489490706e+01 3.593277169278440653e+01 3.451515514157108555e+01 2.511170468486677976e+01 3.702679101148471119e+01 3.322521962612032098e+01 4.444513375676376654e+01 5.303292246886069705e+01 5.814955335279303483e+01 5.775469816731677497e+01 5.070292694400212241e+01 5.775469816731677497e+01 5.956502899661079908e+01 5.824430805888887619e+01 5.236044570033507028e+01 4.643652611696202825e+01 3.666391767098382815e+01 3.833342958340080742e+01 3.974794787404887586e+01 3.347716154894427376e+01 2.435230308011192690e+01 3.237306679522883002e+01 3.635885216166615663e+01 4.126095735833913380e+01 3.273850033977130636e+01 2.404349561418560910e+01 3.288158012729993374e+01 3.009672375506043451e+01 3.715842516095384696e+01 3.602778707216181431e+01 3.607287943098659611e+01
3.666301586332125595e+01 3.394317387896266069e+01 4.322929526947152112e+01 4.244383386734349983e+01 3.596717650666470689e+01 2.800702513897808998e+01 2.644242727099329571e+01 3.712144488036771151e+01 3.981158195253269838e+01 2.803461271299716984e+01 3.658911083727581115e+01 4.444219910698904386e+01 3.811710329839540634e+01 4.365158574004858849e+01 5.101557502587647974e+01 6.116689616564871557e+01 6.072176901221079248e+01 5.971451124343892047e+01 5.557866362048328313e+01 5.405251711940149306e+01 4.394069947039445623e+01 3.829363331231822087e+01 3.475836758096780699e+01 3.171186207875402374e+01 3.572104243085811959e+01 2.647404031472592933e+01 3.237306642098194231e+01 2.335094654068569398e+01 3.130235113791046331e+01 3.377311511152880286e+01 2.331809741021155347e+01 2.421031066626656170e+01 3.214630643463646464e+01 3.953384273036253660e+01 4.363082543779742650e+01 4.614888097320193339e+01 4.630275476678115609e+01
2.752025569520574066e+01 3.666301586332125595e+01 3.868941336555871402e+01 4.083455809084349397e+01 4.399943591309281032e+01 4.047037357580998673e+01 3.190587359854780658e+01 4.137637362473688540e+01 4.286719695289473009e+01 3.143241429148073607e+01 4.286719695288329746e+01 5.088543765356094184e+01 4.584513765569529653e+01 4.580872424161019296e+01 5.610377136272062870e+01 6.101043546354418368e+01 5.525217211749725266e+01 5.112816844085055834e+01 4.563316119820616024e+01 5.395347340124867230e+01 5.238739488384961618e+01 4.820393903224312737e+01 4.445336084334458349e+01 3.812446154675834720e+01 2.878222853707539386e+01 3.571889836823962838e+01 3.231796710365683367e+01 3.127657814371188394e+01 2.239861239732167064e+01 2.492208687679792334e+01 2.378731614192767552e+01 2.257329560123251611e+01 3.128385646157885347e+01 3.722410611341238251e+01 3.976111287939318828e+01 4.396144377922777835e+01 5.134846367753090846e+01
3.177600498924517325e+01 3.402398228392834056e+01 3.019422459150914406e+01 3.563311648644906882e+01 4.314252726712978614e+01 4.655514606678138989e+01 4.233746204007218950e+01 4.655952886498295840e+01 4.693847966109427716e+01 3.634587325153165693e+01 3.975546449285570105e+01 5.035645474435862923e+01 5.642286021641103844e+01 5.610377136272062870e+01 6.025712080827292993e+01 5.688432097295003587e+01 4.692280856540671152e+01 4.133762202116743367e+01 4.008763501656425632e+01 4.956076930769528843e+01 4.963967815229960223e+01 5.127735411612359684e+01 4.134278923493794622e+01 3.458479088212229158e+01 3.529825175144696914e+01 3.812388166459091110e+01 4.159543383709318221e+01 3.502191968380396503e+01 2.999141278522646914e+01 2.142451706087632601e+01 2.164755674446993439e+01 2.293177376499847497e+01 2.427022056511087555e+01 3.316076866699919634e+01 3.025133296739425859e+01 3.976111287863987087e+01 4.115803273766572090e+01
