output/example_1/elevation_000216.asc
nrows	75
cellsize	13.33333333
xllcorner	0
ncols	75
yllcorner	0
NODATA_value	-9999
[rows 0 to 16 of 75, columns 37 to 73 of 75]
4.637560236623772170e+01 5.049325176063005216e+01 5.376396433521379237e+01 4.970650487602436840e+01 4.970650487602436129e+01 5.039730207515919602e+01 5.445173803062234441e+01 5.089340953562817305e+01 4.677822302166791246e+01 4.677822302166791246e+01 4.677822302166791246e+01 5.089340953562737013e+01 5.157785505607349563e+01 4.744007538624163800e+01 5.157785505607349563e+01 5.503514075347577261e+01 5.089072248352739081e+01 5.503514075347577261e+01 5.359505813678264730e+01 5.359505813678264730e+01 5.771478950063253421e+01 6.356385325265761566e+01 5.950939723648249924e+01 5.950939710314916908e+01 6.356385311932427129e+01 6.362640732178657998e+01 6.079772776656491118e+01 6.079772776656491118e+01 6.480221045992661288e+01 6.760208121470050457e+01 6.357430122184590005e+01 6.357430122184590005e+01 6.641496823619895906e+01 6.271914550266570387e+01 5.891807739195422045e+01 5.891807739195422045e+01 5.891807739195422045e+01
3.640980453189342825e+01 4.637560236623772170e+01 4.970650487602436129e+01 3.978822867143127695e+01 3.978822867143127695e+01 4.048160970228933309e+01 4.874845702304455131e+01 4.677822302166791246e+01 3.691722293824749102e+01 3.691722293824749102e+01 3.691722293824749102e+01 4.677822302166791246e+01 4.653258307068691835e+01 3.730767092088407821e+01 4.653258307068691835e+01 4.988534535629251820e+01 4.046931976518955310e+01 4.919577359911885139e+01 4.327782137307976029e+01 4.327782137307976029e+01 5.359505813678264730e+01 5.790431470125019331e+01 4.970087162209919285e+01 4.970087148876586269e+01 5.790431456791686315e+01 5.390140984710543393e+01 5.104486143442873214e+01 5.104486143442873214e+01 6.079772776656491118e+01 6.357430122184590005e+01 5.383072573313442888e+01 5.383072573313442888e+01 5.668455292077497631e+01 5.891807739195422045e+01 4.940827461463487680e+01 4.940827461463487680e+01 4.940827461463487680e+01
3.932871913763867155e+01 4.615245179894628080e+01 4.884719246616568000e+01 3.893680782262131146e+01 3.275468012775577620e+01 3.473800846210438920e+01 4.467247441448125045e+01 4.815245382541154839e+01 3.980544299340021297e+01 3.004945163655111529e+01 3.980544299340021297e+01 4.342666303147706230e+01 4.237387315350016337e+01 3.247973036618971321e+01 4.237387313800350341e+01 4.568002104924337914e+01 3.511109029210452803e+01 3.870790551595167273e+01 3.569947326228509610e+01 4.191597256884145395e+01 5.228791219084138220e+01 5.384644233266495661e+01 4.402055893017072918e+01 4.402055893017072918e+01 5.025853692337692991e+01 5.390140984710543393e+01 4.409580561088749562e+01 5.271136964946745707e+01 5.666269675712982945e+01 6.148064354177448365e+01 5.668455292077497631e+01 4.683592715079474544e+01 5.248508478221877027e+01 5.571295811769164885e+01 5.219363136036505324e+01 4.236131292255841885e+01 5.219363136036505324e+01
3.195136483022790586e+01 4.202955795180902498e+01 4.595774883719537485e+01 3.602863883376318910e+01 2.894165129620446919e+01 3.560509408446652913e+01 3.835508415166054874e+01 4.244993281719793998e+01 3.422346140884422994e+01 2.727311550760628123e+01 3.362542461843811736e+01 3.359432736566302680e+01 3.493018433734286532e+01 2.935343506110482537e+01 3.907582543875928138e+01 3.640573990392121573e+01 3.112613900059623262e+01 3.118023653401998629e+01 4.177973095732136954e+01 5.049630543685614015e+01 5.641585948043254461e+01 5.384644233266495661e+01 4.402055893017072918e+01 5.025853692337692991e+01 4.039006081813381854e+01 4.696904488831022917e+01 4.095378567202109110e+01 4.291856264336652771e+01 4.785343217050772324e+01 5.756930712842716957e+01 6.071640347390449932e+01 5.248508478221877027e+01 4.253012327812636073e+01 4.582690511949517287e+01 4.900360593030839595e+01 4.236131292255841885e+01 4.739190756562296514e+01
3.380056905483029084e+01 4.076588920185551501e+01 3.662535818283053146e+01 4.076687698825267603e+01 3.560509408446652913e+01 2.536352085654560184e+01 2.824348105441077905e+01 3.665017138466245683e+01 3.467610797117781374e+01 3.054083455825761817e+01 2.358762893592854937e+01 3.148961289581649226e+01 2.520225637459082790e+01 3.350926298922357915e+01 3.389929404819405079e+01 2.592052493764184362e+01 2.799407513834246330e+01 3.850865596841722294e+01 3.732478355894539845e+01 4.351043039741539786e+01 5.381416789243532861e+01 5.790431470125019331e+01 5.384644233266495661e+01 5.392697099154815277e+01 4.408697752968664929e+01 3.701470522104128946e+01 3.791047293339145341e+01 4.785706297469150172e+01 5.666269675712982945e+01 6.148064354177650159e+01 5.985558641072374542e+01 5.022189617063344969e+01 4.870627648746953042e+01 3.863168151124283867e+01 3.901240751496286663e+01 4.900360593030839595e+01 5.606370992531697794e+01
3.795345045493220226e+01 3.567151642343375073e+01 2.635775798512311141e+01 3.567155681549726154e+01 3.970845249526117726e+01 3.251714738008944749e+01 2.167960713204852752e+01 2.965325572014944555e+01 2.925876536505654002e+01 1.985185742701384726e+01 2.110666980216451094e+01 2.110666980216451094e+01 2.227034466865017848e+01 2.340594021998320073e+01 2.340594021998320073e+01 3.389929414346158865e+01 3.850865617014509468e+01 4.279338019102008417e+01 4.786530227602631982e+01 5.204397908149381635e+01 5.793125681254793591e+01 5.640837875416767133e+01 5.232853393775403106e+01 5.402544874452370749e+01 4.481240789380055389e+01 3.481121211791580805e+01 4.482715510020585725e+01 5.191652568428791881e+01 5.774551758827475112e+01 6.178894421542894122e+01 5.704761749313711761e+01 4.739458982587403568e+01 4.030471841571753799e+01 3.616178938543617960e+01 3.678150378607162452e+01 4.702269802326275538e+01 5.546596607561149028e+01
3.185458061405176622e+01 3.141299965683236550e+01 2.155145800407125378e+01 3.141301499156709909e+01 3.398871469747652441e+01 3.589731695773617304e+01 2.965309861226292298e+01 1.833726536713960797e+01 1.833726536713960797e+01 2.925876541316908686e+01 2.708862401636836026e+01 3.112672841627113485e+01 3.246507040208631878e+01 2.763752200574637641e+01 2.493546082072182557e+01 3.514080347576572905e+01 4.144146900631773889e+01 4.856609910512828066e+01 5.083314760324041970e+01 5.493057552718465786e+01 5.929343863273825121e+01 4.944357595245552517e+01 4.243890642393249379e+01 4.606536910408091501e+01 4.046603123892745657e+01 3.329034697461448644e+01 4.048157613725764747e+01 5.040258346944672496e+01 4.788846519319054096e+01 5.611409741797131545e+01 5.617612157417089236e+01 5.209200621979027090e+01 4.402604999536052333e+01 3.375065508475078957e+01 4.402604999509740935e+01 4.840472504914243501e+01 4.547986324890641185e+01
2.156961063043981142e+01 2.499704637651474215e+01 1.863793005758548205e+01 2.678759559782683297e+01 2.051902777835749703e+01 3.057147931505187799e+01 2.715211754597094895e+01 1.833726536713960797e+01 2.275434125246959383e+01 3.259575521134088660e+01 3.659633766183673487e+01 3.995754500571723611e+01 3.469899393819339650e+01 3.759285302873046675e+01 3.514080347576572905e+01 2.712971143865465606e+01 3.431683890761618017e+01 4.260940167617884100e+01 4.076115695544426387e+01 5.056251642625342413e+01 5.556762222717289035e+01 5.306402255179690286e+01 4.317840956664893781e+01 3.606499235435020267e+01 4.198650786618014052e+01 3.184437965397933823e+01 4.198687091287349205e+01 4.633567244713196942e+01 4.214450755483932198e+01 5.205454573455664047e+01 5.209411611626688199e+01 4.208999474907167127e+01 4.258536851166150683e+01 3.228287642811695690e+01 3.511895689185715952e+01 3.826639159213220154e+01 4.547986324890641185e+01
1.477340590018055444e+01 1.530502872497283029e+01 1.584511939851945428e+01 1.886880823910242455e+01 2.626467845682989122e+01 2.626166652869462936e+01 1.735414552956639511e+01 2.261469590666953877e+01 3.132765838455867424e+01 3.078741073763492153e+01 4.050618454936693524e+01 4.834745884918858394e+01 4.165334200292452493e+01 4.311978020147231661e+01 3.299885028277373777e+01 2.712971143865465606e+01 2.976435454329725872e+01 3.246134679663704503e+01 3.629685449023312316e+01 4.141104521762771640e+01 5.147908386116949941e+01 5.414113068191984013e+01 4.426069992928707819e+01 4.198650786618014052e+01 3.184437965397933823e+01 4.029615316400990110e+01 4.160845168811991357e+01 3.631553361124851165e+01 4.632941234227195793e+01 5.393162998171940359e+01 5.207465702272320129e+01 4.208780692685313340e+01 3.480356963833710182e+01 3.085101646148253351e+01 4.117193560163739363e+01 4.840471845161010833e+01 4.840472504922216501e+01
2.314576115628297615e+01 2.495479650313817643e+01 2.550662514129740543e+01 1.665856507205124970e+01 1.665856507205124970e+01 1.665856507205124970e+01 1.665856507205124970e+01 2.880089599731753935e+01 3.632637084863792154e+01 4.050618454936693524e+01 3.942604403304995486e+01 4.402433332335507998e+01 5.121070679478361143e+01 4.723357032317480275e+01 4.142962566633482879e+01 3.728092533428589661e+01 3.035029744693345677e+01 4.048616951500441985e+01 4.260940167617884100e+01 5.056251642625342413e+01 5.556762222717289035e+01 5.822159278514666170e+01 5.010344489218088881e+01 4.016226789628528593e+01 4.029615316400991532e+01 3.011148472733378156e+01 3.145825310936553620e+01 4.160755112186305382e+01 4.056866572630706713e+01 4.723628114726655980e+01 4.297990497366897955e+01 3.798270656207431273e+01 3.996411227409701183e+01 2.964525320127384589e+01 3.997117612567178924e+01 4.638132138560040119e+01 5.052088634044664417e+01
1.860279556918758459e+01 2.647365783820960772e+01 3.301797416902542892e+01 2.868592715745410615e+01 2.211256842275130552e+01 1.782023378305438754e+01 2.697634122477063912e+01 2.921986962346393923e+01 3.333554609513032574e+01 3.191841064469318567e+01 2.904172581489205029e+01 3.943043495013930766e+01 4.625948352438291522e+01 5.060002528545069111e+01 5.023646434938917338e+01 4.015344737213411719e+01 3.295744438651931318e+01 3.863447050018734785e+01 4.872528528815456639e+01 5.674580347177016648e+01 5.849701855735442990e+01 5.443216037041415234e+01 5.418537480191317002e+01 4.736581521821322127e+01 3.736780296158390513e+01 3.867565539519054596e+01 2.845225682531114231e+01 3.718415230632868429e+01 3.346662477224176513e+01 4.335664326803473045e+01 3.797746469749334608e+01 2.675568794213463164e+01 3.715012716968399076e+01 2.845832294725099487e+01 3.879474058985335461e+01 3.618906684578600874e+01 4.213030975500129216e+01
2.593600321542172438e+01 2.522824525492968917e+01 3.463187160642487328e+01 3.193652244813255336e+01 3.155796710018588058e+01 2.455950104724290028e+01 1.947629359570391827e+01 1.947629359570391827e+01 2.921986866921455217e+01 2.201334596102104157e+01 3.191841064469318567e+01 3.748522396216255004e+01 3.598599601394261072e+01 4.566315427039885577e+01 5.066158385908116912e+01 4.603783708093663307e+01 3.588406192084958235e+01 4.603783708093663307e+01 5.283378263182385126e+01 5.603178508240102929e+01 5.287347925139234661e+01 4.472221670607435584e+01 5.287347925139234661e+01 5.145286396160549458e+01 4.736581471410228517e+01 4.275350851701179522e+01 3.718415191528760744e+01 2.685749203474220792e+01 3.421302221061007742e+01 4.401529886242766310e+01 3.983049507512684784e+01 3.575487613234713535e+01 2.675568794213463164e+01 3.715012716968403339e+01 3.018173090741895237e+01 4.049678785124419278e+01 4.900313247677830475e+01
3.700271970913877340e+01 3.465709693078218123e+01 3.862649183670679065e+01 4.186490455483848905e+01 3.855820332988916732e+01 3.333557339840322697e+01 2.502170503504782673e+01 1.947629359570391827e+01 1.947629359570391827e+01 2.921987013389472310e+01 2.509977479407181633e+01 2.776595070063604354e+01 3.154291235009326400e+01 3.652389002931812456e+01 4.652965127761816433e+01 4.940944234047306338e+01 3.929462656186375114e+01 4.940944234047306338e+01 5.603178508240102929e+01 4.620418205182799198e+01 4.800758078956690156e+01 3.907452225115247302e+01 4.784331803059789223e+01 4.413099854591314397e+01 4.387456288293472539e+01 4.309299911451481080e+01 3.319526202409091553e+01 2.561310324951403317e+01 3.461263688814175765e+01 3.841103291297110189e+01 3.436627655259971448e+01 2.517867308988726194e+01 3.575487613251165442e+01 2.675568794213463164e+01 3.715014224941962340e+01 3.462899369788949144e+01 4.059597320283852184e+01
3.083687449210300358e+01 3.496184434595343760e+01 3.667181866831210613e+01 4.079367191183714425e+01 4.490116841798847958e+01 3.495466867761140151e+01 3.196634384872113799e+01 2.206379009262430912e+01 2.921987008117385187e+01 2.425523659923562647e+01 3.418450362567037359e+01 3.140831815627588952e+01 3.775322691123426466e+01 4.566315427039885577e+01 5.066158385908116912e+01 5.350792229749512074e+01 4.440844969379982388e+01 5.350792229749512074e+01 5.367081980473523117e+01 4.386180228449393326e+01 3.816577122749166051e+01 3.492945966417894255e+01 4.143158690862057369e+01 3.472333085912931949e+01 3.429045915652427823e+01 4.139393167008072538e+01 4.021682615542243155e+01 3.473530828306341789e+01 2.366706158861365239e+01 3.326376086970283552e+01 2.345955367484578602e+01 3.425484325860300316e+01 3.986963889712104248e+01 3.281301282240215045e+01 4.134605227951222872e+01 4.191102870136210612e+01 4.191102870136210612e+01
2.093528166276547609e+01 3.083688359540769142e+01 2.668260669771667892e+01 3.503289492136620709e+01 4.002382561447080889e+01 3.900819648571538778e+01 2.904951307677333006e+01 2.576764064042031421e+01 3.573283240164589358e+01 2.867928038819476910e+01 3.830186737897497551e+01 3.715973566097594727e+01 4.547692923853541203e+01 5.187487159865941067e+01 5.798791606554366496e+01 5.848458911704827301e+01 5.441043498714630999e+01 5.848458911704827301e+01 5.776380840135952610e+01 5.208832934808422266e+01 4.800758076022369636e+01 4.149354121986213784e+01 3.133995735167356500e+01 2.912864799861797849e+01 2.706298105484685834e+01 3.730675763199118933e+01 4.471602861505724746e+01 3.471184414840774934e+01 3.324224862837392891e+01 2.180851637632039086e+01 2.391311297154642190e+01 3.068047701341467715e+01 4.160230753294739969e+01 4.305874872816436749e+01 4.719202599829166189e+01 5.197530132278529891e+01 5.197530132278529891e+01
2.383538172098300123e+01 2.645520502913398175e+01 2.095553099471513292e+01 2.590847217950443593e+01 3.590065015690085204e+01 4.312140542593940040e+01 3.900819652837163432e+01 3.075566554194656632e+01 3.984881727032250609e+01 3.443321706176273267e+01 4.275207801790094209e+01 4.710712741396319103e+01 5.121494402544210089e+01 5.510027209269254200e+01 4.804772849684533753e+01 5.301782228119448348e+01 5.716591428730242797e+01 5.263713968054469916e+01 4.850783009687934566e+01 5.263690665693155779e+01 4.959205197891301964e+01 3.967344093485176160e+01 4.092854419384818243e+01 3.133027248978935475e+01 2.706298105484685834e+01 3.501627362154749790e+01 3.869068661044924085e+01 3.486392042989071172e+01 3.148016234779749212e+01 2.180851637632039086e+01 2.180851637632039086e+01 3.262854637979825156e+01 3.771903409924964734e+01 4.017127015219390529e+01 4.314828003121007782e+01 4.640048682737734964e+01 5.079059660064604742e+01
1.416179987390165529e+01 1.665285943501733357e+01 2.645520606540262420e+01 3.503290221557820416e+01 4.002339439749238181e+01 4.469899763409149074e+01 4.482202420376320617e+01 4.070999936127302732e+01 4.482203431252483483e+01 4.438260543606043740e+01 4.849124624547356888e+01 5.220637004241358881e+01 5.111799572763371202e+01 5.017695946191807366e+01 4.117504110420451013e+01 4.318800463653370514e+01 5.301782228119448348e+01 4.771389827802590844e+01 3.871231594599136372e+01 4.771389043143071973e+01 5.368685706821337078e+01 4.739169703092964170e+01 3.825141878500950554e+01 4.074504268440054489e+01 3.501627362154749790e+01 2.453563442652989934e+01 3.277413313934441419e+01 2.500751622828774146e+01 2.095002276506605909e+01 3.151490874796619224e+01 3.262345943726758435e+01 2.483116526181002115e+01 2.705720444570993877e+01 2.949405580738909549e+01 3.241452570901439856e+01 3.561413714384666207e+01 4.185099354786845538e+01
