output/example_1/elevation_000055.asc
nrows	75
cellsize	13.33333333
xllcorner	0
ncols	75
yllcorner	0
NODATA_value	-9999
[rows 0 to 16 of 75, columns 0 to 36 of 75]
1.369999999999999864e-02 1.001369999999996274e+01 1.959456698641138317e+01 1.577122071155088001e+01 2.001246042878204534e+01 2.697802701440049589e+01 2.809624639815765690e+01 3.220854573167324730e+01 3.688175020286139016e+01 3.278225757561502718e+01 3.688175020285963512e+01 4.260788667372393945e+01 3.967615780697585848e+01 3.542323431557041857e+01 3.542323431557041857e+01 3.634582179039306737e+01 4.054075456525981025e+01 4.144298442894228884e+01 3.738265613311435942e+01 3.738265613311428837e+01 3.829418340758542882e+01 4.235835757802733070e+01 4.491379393363757089e+01 4.089992910662372338e+01 4.491379393363757089e+01 4.562399730558273347e+01 4.114734095874273123e+01 4.077389927207702414e+01 4.197964624705129921e+01 4.643063441373397637e+01 4.709231557187886352e+01 4.291660683277548571e+01 4.291660683406236387e+01 4.291660683410511012e+01 5.297601137038483188e+01 5.090141851920643745e+01 4.671988793421954256e+01
1.279999999999999888e-02 1.001279999999996306e+01 1.321774320918745360e+01 5.755657603023891511e+00 1.282706376180661501e+01 2.033995616692792652e+01 1.812614563745183105e+01 2.460636351232454544e+01 2.742329454720723092e+01 2.275655577527171047e+01 2.858177412250439886e+01 3.852022468074030570e+01 3.542323431557041857e+01 2.484950918022164856e+01 2.484950918022164501e+01 2.582368464870691938e+01 3.456812442795641971e+01 3.738265613311435942e+01 2.769489159259634903e+01 2.769489159259634903e+01 2.860194117289661975e+01 3.674232409860709936e+01 4.012639483630168513e+01 3.137298446974732613e+01 4.012639483630168513e+01 3.916136283086929382e+01 2.979384044841301460e+01 2.948781352367171493e+01 3.072887685584711548e+01 3.766784325118401711e+01 4.002227008054636315e+01 3.311945521458412145e+01 3.311945521458412145e+01 3.997920397417027516e+01 5.000812465671329221e+01 4.516259204041305964e+01 3.684422192378958272e+01
1.299999999999999940e-02 1.001299999999996260e+01 3.330301295661115990e+00 1.325444218942184094e+01 8.428271688126530492e+00 1.035277633331990899e+01 1.235278867141963666e+01 1.458893984663744092e+01 1.736634648400751502e+01 2.318866989107252152e+01 3.320789940298159593e+01 3.813533437508211676e+01 3.408521336972408733e+01 2.792300956720595551e+01 1.729345845403776849e+01 1.967944763958024978e+01 3.029662840950872393e+01 3.664138683650355688e+01 3.053237213197549238e+01 2.081380594746351775e+01 2.299537344502762437e+01 3.269836474433724050e+01 3.613645678818551943e+01 2.667734937970167763e+01 3.613645678818551943e+01 3.459239438285932522e+01 2.338330558000685144e+01 2.167866548903535318e+01 3.249971715730722366e+01 2.797002965737837954e+01 3.031725091827804519e+01 2.764384977990594905e+01 3.726021870994829044e+01 4.091637493692990546e+01 4.492136972988298282e+01 4.101816950467097911e+01 3.133856695525158997e+01
1.369999999999999864e-02 1.350006209562122361e+00 1.135054303096888084e+01 7.109929097699923872e+00 9.996627101818956973e+00 1.993447051146511129e+01 2.234074102736745715e+01 2.156393552338260022e+01 2.233919206790704948e+01 3.109145656036821492e+01 3.730651443500743625e+01 3.408521336972405891e+01 2.431706492560262944e+01 2.416701270343092744e+01 1.332635304119843767e+01 2.416701270343570584e+01 3.099722099913903506e+01 3.259490305655960896e+01 2.286758323439093488e+01 1.732129696346649439e+01 2.709634010573621410e+01 3.431225291795431076e+01 3.298342098535744071e+01 2.343929147599756035e+01 3.298342098535757572e+01 3.839408290926318301e+01 2.846617492980803732e+01 1.777907111391504813e+01 2.710908073324368672e+01 2.098476115781972240e+01 2.347407127341338295e+01 3.315978522098676251e+01 3.943282763626712040e+01 3.147724221775905562e+01 3.943282765628212161e+01 4.229933348590157749e+01 3.258196559237624967e+01
1.290000000000000001e-02 1.001289999999996283e+01 9.511834288207491994e+00 1.710595157535857780e+01 1.993447051146511129e+01 1.470836191846958485e+01 2.444267569797241535e+01 3.086977784933700519e+01 3.159718042426269946e+01 3.576331529957725763e+01 3.654477667263581964e+01 3.408521336972192728e+01 2.431706492560262944e+01 1.706748298789975848e+01 1.332635304119843767e+01 2.095517496092787724e+01 2.095517496094603160e+01 2.863856796070533406e+01 2.465258139807647808e+01 1.486600209735635048e+01 2.053842625765483731e+01 3.027262152560344433e+01 3.022826811465274233e+01 2.048935302992360263e+01 2.713633091326762425e+01 3.609452524480359870e+01 2.954948038853001080e+01 2.547654700286093998e+01 1.777907111391504813e+01 2.770307193454498673e+01 3.315978522061345757e+01 3.723357856798351406e+01 3.545940617820993168e+01 2.602459812967178010e+01 3.546668912060000878e+01 3.737073990457982831e+01 3.307194000738595463e+01
1.299999999999999940e-02 1.001299999999996260e+01 1.947813184745740145e+01 2.357147910791937306e+01 2.847794506906165424e+01 2.172961403979165951e+01 2.172261206923907650e+01 3.135312586376624466e+01 3.556774944465676214e+01 3.140926214948958872e+01 2.652462386593624899e+01 3.360674176075173847e+01 3.122619964983673668e+01 2.717808936494490268e+01 2.095153861661747641e+01 1.047033164508712844e+01 1.918654867447290613e+01 1.917564002495039688e+01 1.999930449813674826e+01 1.290440300287742836e+01 2.265490380021551431e+01 2.844736343522387401e+01 2.442574958024018272e+01 1.769800658120325210e+01 2.481162084737186291e+01 3.441857842138347223e+01 2.547654700286093998e+01 1.567382112254840898e+01 2.547654700286089025e+01 3.177349991846369548e+01 3.654019332065701064e+01 3.336979078845229907e+01 3.203876330382968263e+01 2.257416597557532256e+01 2.785324598965807041e+01 2.785110138474562191e+01 3.100317337353531499e+01
1.299999999999999940e-02 1.001299999999782031e+01 1.865582116973687121e+01 2.270485435918445560e+01 2.803771062970265149e+01 3.147585720302559409e+01 3.135312586376624466e+01 3.523327805777688582e+01 3.147894188869895871e+01 2.151850884781285345e+01 1.945027277900821971e+01 2.859881581125481276e+01 2.568292009725575298e+01 2.002686404793375630e+01 1.672775295418432506e+01 9.027052858938706237e+00 1.173531927972378419e+01 1.750277719122481912e+01 1.034164885970919912e+01 1.999378686576945796e+01 2.657234161788808535e+01 2.442131649004672056e+01 1.448303237451178838e+01 2.151382908270044680e+01 2.557894495915540745e+01 2.704373625892587185e+01 2.400840531755810403e+01 1.431027025111266049e+01 2.392409618609741528e+01 3.054471152551699475e+01 3.009743999405096204e+01 2.272953951060740252e+01 2.409671165115706160e+01 2.457034797161038853e+01 1.814884391273466591e+01 2.595200827536670118e+01 2.661580733599123860e+01
1.290000000000000001e-02 1.001289999999996283e+01 8.810602769892399877e+00 1.450142127537691117e+01 2.382554197775469262e+01 2.884957860394127849e+01 2.482299041452112931e+01 2.911966736732782124e+01 3.153191172308810053e+01 2.152228039753133615e+01 1.450226075873603548e+01 2.055139786252297895e+01 1.870809891099430189e+01 1.179593216065394579e+01 7.111436839898308548e+00 7.536661945631316861e+00 7.975452092352282030e+00 7.975452092352282030e+00 1.751896194594910128e+01 1.819144182659134756e+01 1.857630333161838365e+01 1.900604703305296184e+01 1.946544584914889242e+01 1.193704325875283700e+01 1.992340609265636431e+01 1.751742277095000588e+01 2.082402606683735868e+01 1.294299387674041490e+01 1.996770522455095076e+01 2.009974799960593472e+01 2.065987180753473140e+01 2.141002686343841077e+01 1.420023325708735129e+01 1.485204127852463962e+01 1.550486814240747435e+01 1.617467294031641245e+01 1.684521674377441869e+01
1.349999999999999985e-02 3.098010941601656132e+00 8.818477219790917587e+00 1.584334757034317143e+01 2.574081078940136535e+01 2.411706767064339019e+01 1.548630970645925409e+01 2.399041590151641046e+01 2.904120750208775448e+01 2.843317496353277818e+01 2.055139607172175786e+01 1.085235240057025408e+01 1.594548409361153851e+01 6.510897893352351140e+00 1.544251818766121431e+01 1.710447526027499165e+01 1.005932934369016607e+01 1.751926108625448109e+01 8.614243887953913159e+00 9.060492985933933596e+00 9.060492985933933596e+00 9.503791135076031793e+00 9.928143092362367028e+00 1.033512586920667253e+01 1.033512586920667253e+01 1.074917341225109446e+01 1.116586242030474097e+01 1.159625532250681701e+01 1.159625532250681701e+01 1.212624748087523585e+01 1.269031331070186042e+01 1.328452417952515496e+01 2.296900143237302672e+01 1.682497236157310638e+01 2.308960998015697896e+01 2.596115971021212587e+01 1.911695453566936109e+01
1.379999999999999977e-02 1.001379999999881321e+01 1.698799062772727098e+01 1.765906951857524376e+01 1.646874845893657735e+01 1.809660284559419807e+01 1.134350713194841198e+01 1.952322092656260111e+01 2.063014594244534550e+01 2.418216180037536489e+01 2.454973412751572681e+01 1.722470385088405820e+01 8.050230384660482130e+00 6.088142825533634728e+00 1.302964760960248114e+01 2.126560249900599331e+01 2.297767079220228936e+01 1.811844175323064121e+01 1.813817003727590560e+01 1.369266806784075285e+01 1.857727273902701626e+01 1.005029793655004511e+01 1.767942206280497075e+01 1.409302581415640532e+01 1.917898194956509883e+01 2.034718493400233186e+01 2.013716664820956481e+01 1.159625532250681701e+01 2.117287962379193900e+01 2.196189792705069266e+01 1.707590342958770435e+01 1.495388175337952319e+01 2.465501571122844737e+01 2.955252918381285809e+01 3.168716012598260079e+01 3.108678700211860146e+01 2.147397260401137942e+01
1.290000000000000001e-02 1.001264932489106840e+01 1.091713152438165402e+01 3.445142105479586103e+00 8.345193736166189424e+00 1.025981597277728774e+01 8.386476444667405161e+00 1.231314745964870028e+01 1.814813270352593833e+01 1.348583742007182984e+01 2.005172107342889731e+01 1.865074337246903369e+01 1.480327238682096080e+01 5.673509721606752265e+00 1.537004532148425895e+01 2.186305008029907526e+01 2.602361426827421909e+01 2.784795008296267227e+01 2.289562880866023775e+01 2.289562922649921362e+01 1.595130262113026021e+01 2.183954759193713357e+01 2.484085019499204350e+01 1.877894192184788480e+01 2.638383467717455133e+01 2.450125562111658439e+01 1.492994114514607418e+01 2.273005884840881663e+01 2.698833004613755904e+01 2.659125141329391440e+01 2.367767968509213716e+01 2.466804046724502797e+01 1.737382899493308130e+01 2.298951959494832664e+01 3.251488257929494097e+01 3.354221858713123794e+01 2.404691375688510036e+01
1.359999999999999924e-02 1.001119717013853716e+01 8.075842537349319228e-01 1.137634951502304093e+00 1.468599603148145638e+00 4.428659473409678249e+00 1.043800518495957341e+01 1.242130790855167355e+01 4.725711096676619150e+00 6.030896399798564289e+00 1.377021414438344671e+01 1.428581251419049991e+01 5.094947381635968497e+00 1.477170239362996007e+01 9.324791197229322037e+00 1.206790578015869109e+01 2.189566330554370666e+01 3.134163474588083886e+01 3.183078771908581928e+01 2.882277789900863496e+01 1.952833998958676887e+01 2.882277789900863496e+01 2.859301217137185702e+01 2.859301216747540053e+01 2.868055733595807766e+01 1.934050520724658284e+01 1.656587836428442273e+01 2.606868559036416855e+01 3.219235455590225570e+01 3.642581845552916775e+01 3.321103156513716925e+01 2.879834626459321711e+01 1.919694974588513148e+01 2.879834626459321711e+01 3.649733332393651608e+01 3.651123612333667268e+01 2.712660704873540141e+01
1.349999999999999985e-02 3.412268680746648464e-01 1.010472298802187296e+01 7.238267989850703188e+00 1.045794356340658204e+01 1.940716185928524240e+00 2.275407636843078230e+00 2.610877794541703878e+00 2.946935263124584647e+00 3.286516488248501844e+00 8.540464694754783537e+00 9.367381703542628557e+00 4.687117264964935082e+00 1.651679149313926587e+01 1.905380565259563497e+01 2.189566330554370666e+01 1.726682722406830450e+01 2.429072472762486967e+01 3.426006188992696622e+01 3.272558494232168869e+01 2.423751947553513730e+01 3.272558494232168869e+01 3.895615206189735602e+01 3.355249367344570999e+01 2.443828057332899562e+01 2.867551226132856357e+01 2.606868554898325385e+01 1.897089738271383652e+01 2.834830637989261248e+01 3.489257151669683310e+01 3.737083609786088800e+01 2.789314781705882496e+01 2.113009658119504408e+01 2.789314781705882496e+01 3.737083609786109406e+01 4.048570621800408276e+01 3.254382706730355324e+01
1.319999999999999993e-02 1.001319999999996213e+01 4.872947136517191247e+00 1.438910096054072163e+01 1.446872567142703581e+01 1.035463442045580429e+01 1.294661421280287605e+01 9.273626161211369734e+00 5.691473061042901627e+00 9.373253363464945309e+00 3.769203658557747083e+00 4.111250607684106662e+00 1.343018900524966774e+01 1.820257998622263074e+01 2.056505312058789769e+01 3.072598106822025699e+01 2.721067597850250763e+01 2.721067597852762177e+01 3.718129043892744079e+01 3.736786209514497870e+01 3.340803632248212551e+01 3.736786209516326807e+01 4.105051072880736740e+01 3.186717560057798337e+01 3.087481355982086839e+01 2.920296355894015505e+01 1.897089738271383652e+01 2.834830638279559878e+01 2.187030996986145581e+01 3.104566826603206664e+01 3.944020747052012155e+01 2.995715654494452806e+01 2.326900386261021936e+01 2.995715654494452806e+01 3.944020747051923337e+01 4.509060349658590638e+01 3.913071001520743408e+01
1.299999999999999940e-02 1.001275598424681945e+01 1.481136160891807663e+01 1.024057025340975713e+01 2.005397345876090398e+01 2.318687682709828835e+01 2.255322082861772870e+01 1.828516319552559466e+01 8.565334603578627082e+00 1.644150526668703804e+01 1.584098013438576480e+01 1.397478108617974968e+01 5.008326516578823551e+00 1.061934649741345105e+01 1.992023673547449647e+01 2.666130946791467693e+01 2.245347037733937867e+01 2.666204311567268093e+01 3.249999911245800632e+01 3.896875423526087445e+01 4.144197814664978807e+01 4.146024533131223677e+01 3.849740550163839714e+01 4.105051072880736740e+01 4.001698523476250813e+01 3.376091743658795963e+01 2.474211412284916278e+01 3.240031622721640048e+01 2.403389493992822423e+01 3.305573539976797548e+01 4.153910580116045992e+01 3.671163330299449257e+01 3.273467785470827351e+01 2.686684666308910963e+01 3.154767042456701276e+01 4.105256977706746113e+01 4.869101683232479871e+01
1.349999999999999985e-02 7.084567811865484899e+00 1.708456781186555062e+01 2.006272632493036312e+01 1.721587304636893734e+01 2.694574760430906224e+01 2.585766251069829735e+01 1.488339233049182475e+01 1.952172611931223400e+01 2.393664523106992448e+01 1.900183372136108773e+01 9.155621122448835081e+00 1.477402595339525071e+01 5.933756753837535314e+00 1.576224577757351852e+01 1.776905559315326855e+01 1.308466278020987161e+01 1.819998849050464074e+01 2.826383469898312129e+01 2.817492512265459581e+01 3.077943356205938485e+01 3.122760196254502318e+01 2.821746821678704720e+01 3.544645022755184982e+01 4.141001057347521908e+01 4.035182551446973065e+01 3.580393298098270805e+01 3.573435393270897720e+01 2.683795232999542080e+01 2.888500185766973871e+01 3.508180243492947170e+01 4.407323979189359875e+01 3.945825241541623996e+01 2.998385538807196227e+01 3.945825241541623996e+01 4.509060507786153948e+01 4.891432145161321188e+01
1.369999999999999864e-02 1.001369999999996274e+01 1.793488119838883321e+01 2.293488405261346230e+01 2.695278208823503618e+01 3.101366641339717134e+01 3.018107061882683340e+01 2.277257100651335264e+01 3.018107061879232589e+01 2.390275175605399482e+01 1.398197768597274404e+01 1.887778185230955685e+01 1.423769986586886205e+01 9.458894062013694537e+00 6.868620352869973189e+00 9.344430766387597842e+00 1.776905573134463268e+01 2.666204310123309895e+01 2.947288804887107716e+01 2.046125004292036209e+01 2.306946623055085865e+01 3.122760196254488818e+01 2.089027590884348129e+01 2.696338733330869886e+01 3.306091578452144830e+01 3.616110167245606277e+01 4.110392812398502826e+01 3.983545506511195100e+01 3.579173139094823597e+01 3.153284114856905163e+01 3.605827102810469142e+01 4.508841577659507038e+01 4.348460814764283100e+01 3.467530049755711730e+01 4.348460814764283100e+01 4.891432145161321188e+01 3.863462134789925528e+01
