output/example_1/elevation_000104.asc
nrows	75
cellsize	13.33333333
xllcorner	0
ncols	75
yllcorner	0
NODATA_value	-9999
[rows 51 to 67 of 75, columns 0 to 36 of 75]
1.369999999999999864e-02 3.549233905932739574e+00 8.021369860932333395e+00 1.509243767279843063e+01 2.509243768018330911e+01 3.128398133980809348e+01 2.621454697703115500e+01 1.784592704030220744e+01 2.621454697703115500e+01 2.471516029807124681e+01 2.063267981379092220e+01 1.063269163457150057e+01 2.063267981390448114e+01 2.660290892662199624e+01 2.433798810078863184e+01 1.560595652356442109e+01 5.607920466196387288e+00 1.449746802491550390e+01 2.294815272775169746e+01 2.545863051768794350e+01 1.530462110915328289e+01 9.509369023018875211e+00 1.578374094343004863e+01 1.998729182008005267e+01 1.833703077256943814e+01 1.251147856344079479e+01 2.653006785332397754e+00 6.966638157588634250e+00 8.041885011129465965e+00 1.274508059152486616e+01 1.054193354578640118e+01 5.766835194487795135e+00 6.613863447164595399e+00 1.577831354444611200e+00 1.577831354444611200e+00 1.108164107283626443e+01 1.831789195458107145e+00
1.290000000000000001e-02 1.001289999999996283e+01 1.769136935946949762e+01 2.216350545143011530e+01 2.397406613863979175e+01 2.811979484963842424e+01 3.198804070363080854e+01 2.784591475422612561e+01 2.471516029807124681e+01 1.471516642308048795e+01 1.471516642308048795e+01 1.640618407450797633e+01 2.477483314982579188e+01 2.728315113431571248e+01 2.277631634711626418e+01 1.682855928656407940e+01 6.812887568812585393e+00 1.076622614160702618e+01 2.072215079428231022e+01 2.967634765901546601e+01 2.297098514512210343e+01 1.284666093289806099e+01 2.297098514315935702e+01 2.027890763742745861e+01 1.429289703984635906e+01 4.440799386793930381e+00 1.252264608817105440e+01 7.399297819313063407e+00 1.693048039604173383e+01 1.938612098133457451e+01 1.237472636285882643e+01 1.625112623318939598e+01 6.413072994745608213e+00 1.151248955940481800e+01 2.539845274520004192e+00 1.831789195458107145e+00 1.121989673652771202e+01
1.329999999999999932e-02 1.001329999999996190e+01 1.310462042583442077e+01 1.689538274759826209e+01 1.396329608430243319e+01 2.397406613863979175e+01 2.638339209501216942e+01 3.062520016910917420e+01 2.885732198674971016e+01 2.471516029807124681e+01 1.879764325756169896e+01 2.640618036563353499e+01 3.054834711642864065e+01 2.311700415372928319e+01 1.311995319739244081e+01 8.632710130373325796e+00 1.682855926347305697e+01 2.009788898320872974e+01 2.522519777757036152e+01 3.018367333664807717e+01 1.998339191260878067e+01 1.998339191259858083e+01 2.323829550758674145e+01 1.319802226189323235e+01 6.287178676655402754e+00 1.429285754937035335e+01 1.840235854108054880e+01 1.458464825463890513e+01 1.433709782164223689e+01 2.456539839646979217e+01 1.824510581513865404e+01 2.210560793232112786e+01 1.627701241405013022e+01 1.191441569052709148e+01 2.584574520861679492e+00 1.177458296720988251e+01 1.310698968608460113e+01
1.369999999999999864e-02 1.522613519476219590e+00 3.054013420514100297e+00 6.865968289632257360e+00 1.689538274831862097e+01 2.167377339355531518e+01 1.727933219927114905e+01 2.059278436385859834e+01 3.065252035282950871e+01 3.293981525955452838e+01 2.457114177721108916e+01 3.293981525955448575e+01 3.310632553521823951e+01 2.311080644893737102e+01 2.001541549757790150e+01 1.000395916893293879e+01 1.426258559970342787e+01 1.943751092815174175e+01 2.928928865098589895e+01 3.439624029187034893e+01 3.018367333664807717e+01 3.018367326893291391e+01 2.402543636152802975e+01 1.764272405216576800e+01 7.759968343832624349e+00 1.060044098845414595e+01 2.057224683660506415e+01 2.482316537410760660e+01 2.230963191738498352e+01 2.940761972147925007e+01 2.680587204089209763e+01 1.975601253536806468e+01 1.360656274930231646e+01 3.703607572211407017e+00 1.191444835212809572e+01 1.609524749191742998e+01 1.652739377152463973e+01
1.319999999999999993e-02 1.001319999999996213e+01 1.310462043033307111e+01 5.550212589004106079e+00 7.505515692312200393e+00 1.752536688036352075e+01 1.285519877411000245e+01 2.096417889721182704e+01 2.812828813546654771e+01 3.246157392336185410e+01 3.457115089642460504e+01 3.871334592716357292e+01 3.421949446610343415e+01 2.432141266025772453e+01 1.726899097332563926e+01 1.147472692225550617e+01 2.143820934350777918e+01 2.780025829078654453e+01 3.354061689896938248e+01 3.513328996326513476e+01 3.007419935377226849e+01 2.594999629686514808e+01 1.988200412788463822e+01 9.871717348153504545e+00 1.764266794852149545e+01 2.057225695166553336e+01 1.590710358759675458e+01 2.592936177268170539e+01 3.285691651689678849e+01 2.905627142427455567e+01 2.173472221688358630e+01 1.547494636736902507e+01 5.413389783006243405e+00 1.360656274930231646e+01 8.876114521463481566e+00 1.903978998558720193e+01 1.754781813562732751e+01
1.349999999999999985e-02 8.156583396727578261e+00 1.653988328582941847e+01 5.550212589004106079e+00 1.681814291764621316e+01 1.039966782062932715e+01 2.030679483757022652e+01 1.558038173802571791e+01 1.837025792773726351e+01 2.383256435173192145e+01 3.412186681476772776e+01 4.074650640984921779e+01 3.501915159040208181e+01 2.594074390881277381e+01 1.596885117196409531e+01 1.325618952135665651e+01 2.033367484180092788e+01 3.029720484293785177e+01 3.785783282848921516e+01 3.100050245821839923e+01 2.091917561413737303e+01 1.575893642240438020e+01 1.219668808807225169e+01 1.692190031910384107e+01 2.402516602065434270e+01 2.999064268290832302e+01 2.175109589317054670e+01 2.999133559783945202e+01 3.045007469640336595e+01 2.386891940371952003e+01 1.441585960809302058e+01 7.329435571649997705e+00 1.547494636736857032e+01 1.975601254631234838e+01 1.388159936401351935e+01 2.332920192167426521e+01 2.158827760789625216e+01
1.369999999999999864e-02 1.001369999999996274e+01 1.719581283918844505e+01 1.882783912559284545e+01 2.320396791794645353e+01 2.036730674159513654e+01 2.036539079578379585e+01 2.048273651802484707e+01 2.812828813546654416e+01 3.246157392336185410e+01 3.850318497967325015e+01 3.664793473936383350e+01 2.671740952633368948e+01 2.096697535236308241e+01 2.510384172885697041e+01 1.512551393356827845e+01 2.510583529292609839e+01 2.798097792735207889e+01 2.796760754893196577e+01 3.509471097919849569e+01 3.007093064553404815e+01 2.438602248171268272e+01 1.417659975195375388e+01 2.438757581285283749e+01 3.112658580559413579e+01 3.567668622254812760e+01 3.163702264105984341e+01 3.045007482293794965e+01 1.998779409532205875e+01 1.955813222042158017e+01 9.393941715552696081e+00 1.441585893070373459e+01 2.173472259283357033e+01 2.419806227809674937e+01 2.419806227661537434e+01 2.678970667364724534e+01 2.265274701768315424e+01
1.379999999999999977e-02 1.001379999999996251e+01 7.344359002838458217e+00 1.094795564258670417e+01 1.783149097228981361e+01 2.777325358529706989e+01 3.036974293668609448e+01 3.031908340627844822e+01 3.453562994921172447e+01 4.019713221499107902e+01 3.615118127231792755e+01 4.019713221499107902e+01 3.501915159040208181e+01 2.800733997525736285e+01 2.923544127058267605e+01 2.510614819640746020e+01 1.801943767329957424e+01 1.801943767329957424e+01 2.506469241704935413e+01 3.502294560795765932e+01 3.234820678908990743e+01 2.233073421757784516e+01 1.635909321638838776e+01 2.364095915494746691e+01 3.362294904267640305e+01 3.467910435021892113e+01 2.882538753808398013e+01 2.449249690275964397e+01 2.190765810065380848e+01 1.166630518513114190e+01 1.438805768217801884e+01 2.386891816082523832e+01 2.905358618456511266e+01 3.466058955497118177e+01 2.913988601149618418e+01 2.265542227114195484e+01 1.292367824115340724e+01
1.309999999999999880e-02 2.768176523788461019e+00 9.782719890503340565e+00 1.976055881509356738e+01 1.783149097228981361e+01 2.484749810427237904e+01 3.483665214777425234e+01 3.730677427810373814e+01 3.623708188524128104e+01 3.534958523073009218e+01 2.637397397804836885e+01 3.457002640254634684e+01 3.860443177615334776e+01 3.793315311271041423e+01 3.794069727493167221e+01 2.798139711456367351e+01 2.134468344241789950e+01 2.798139724789382043e+01 2.432150753847183822e+01 3.427918615816250991e+01 3.642343913509533593e+01 2.937609343223383362e+01 1.924914621287415528e+01 2.473714517999382068e+01 3.469593032183439618e+01 3.044097253283078786e+01 2.003999640049761410e+01 1.415313375012505404e+01 1.415313375012505404e+01 2.190765810017600757e+01 2.165349760080012942e+01 2.905417073661537941e+01 3.410724166433355009e+01 2.991146397756864417e+01 2.498356089818915038e+01 1.515470335569961868e+01 1.577590945327815142e+01
1.349999999999999985e-02 1.001349999999996321e+01 1.684219382461464676e+01 2.236648577756149336e+01 2.649953789565985574e+01 3.191298531344271083e+01 3.730668525291335413e+01 2.739522648149144857e+01 2.630632476856361635e+01 3.131380511212562112e+01 2.131751954904095925e+01 2.463044930277489186e+01 3.457008943070698592e+01 4.147168607279530761e+01 3.834330931658624309e+01 2.838221779073482764e+01 2.709011587101743501e+01 3.542421913810233747e+01 3.136105574789853634e+01 3.840313153189179474e+01 3.744753518663098646e+01 2.756207829319713198e+01 2.291336248031418776e+01 3.291997109495481055e+01 3.877470591173814540e+01 3.300214762711485861e+01 2.449249690275964397e+01 1.415313375012505404e+01 2.449249676942631027e+01 2.882538716540511459e+01 3.215121119570719799e+01 3.332397173175657912e+01 2.832542389784767778e+01 1.994572431549903158e+01 2.232422612626459824e+01 1.695921253713477483e+01 7.529773603667559989e+00
1.369999999999999864e-02 1.001369999999996274e+01 1.545945269994612303e+01 1.259846592343822280e+01 2.236648577756149336e+01 2.818692918405516679e+01 3.623347652717653489e+01 2.630629931092558138e+01 1.913806304492732124e+01 2.417611625880921622e+01 1.743097856321092820e+01 2.201793775736847891e+01 2.782076482270337081e+01 3.754926958369698298e+01 4.246622048546986150e+01 3.834330931658624309e+01 3.705022650813525331e+01 4.117389988484219288e+01 4.132417601916923644e+01 4.250132259943473656e+01 4.153285775492380338e+01 3.700881877831120192e+01 2.799490242533346773e+01 3.700881877831120192e+01 3.669902493732795534e+01 2.556375037255346783e+01 1.811594525408796841e+01 1.918636973795919332e+01 2.159653406862260638e+01 3.253807876113822317e+01 3.626380420953042716e+01 2.617891288434726249e+01 1.918255008987798504e+01 1.429260120761421682e+01 1.819396359833977428e+01 8.630267215014178817e+00 1.695921254634463793e+01
1.290000000000000001e-02 7.318437728113226903e+00 6.017878020381950854e+00 9.532625037438112514e+00 1.416045150428918120e+01 2.404540608439092253e+01 3.109023902609515488e+01 2.697077991811847042e+01 2.417572908815962052e+01 1.398963981565862369e+01 2.417592550994817202e+01 3.158597777483721458e+01 3.594384158798518314e+01 3.914625291115783057e+01 3.499929228949199711e+01 3.917129369770249525e+01 4.587650337703654202e+01 4.182101601159424575e+01 3.960134666227268241e+01 3.264686751647290919e+01 3.960135039891066100e+01 4.197268586127346879e+01 3.788273412794742967e+01 4.202648506094593017e+01 3.898800060823466396e+01 2.853608739453482457e+01 2.201155629555285032e+01 2.501567952042458387e+01 3.233615989083716613e+01 3.693010337226796480e+01 3.229791626836939145e+01 2.810464934373085910e+01 2.506762177645427059e+01 1.950735727355537108e+01 9.805424849203280502e+00 1.819396359833984533e+01 8.630267215014178817e+00
1.359999999999999924e-02 2.394177844556742318e+00 1.319411930226227625e+01 9.671178313908113111e+00 2.303041465836342994e+01 2.818692918405516679e+01 2.697095416616010510e+01 1.685236396484517840e+01 1.981592921650570105e+01 1.214383900175348074e+01 1.936653482045395336e+01 2.944406041102918081e+01 3.445073860818437339e+01 3.035347844453949051e+01 2.495150811429427762e+01 3.408053049586726502e+01 4.182101601159424575e+01 3.196098913454708423e+01 3.484892407605418185e+01 2.561715783692110193e+01 3.517915570135279779e+01 3.706195153555798072e+01 4.109158849850372519e+01 4.661175239976751783e+01 3.965510824338226570e+01 2.939264791422149870e+01 2.939264677723179631e+01 3.486484453076293022e+01 3.887825382663024953e+01 3.230241684098864141e+01 2.653084157270993515e+01 1.817123539720919467e+01 2.091565126236405092e+01 1.110532178064141107e+01 1.925966305383579069e+01 2.233114566005398771e+01 1.406983821025621673e+01
1.379999999999999977e-02 8.478597207867453633e+00 1.246299908175494942e+01 2.240542059103573180e+01 2.960428343388161210e+01 2.769436598884288259e+01 2.186979324580035211e+01 1.770902883792921045e+01 9.705899635662142089e+00 1.981592920426415816e+01 2.397116335486040484e+01 2.981230893941561533e+01 2.864442942358238398e+01 2.023053173702587415e+01 1.979102952393041193e+01 2.995317193715505510e+01 3.668471163458712425e+01 3.484892414415256212e+01 2.492648542838747971e+01 2.112040593486327467e+01 3.109859478395485155e+01 2.747282790364165450e+01 3.309017086677788200e+01 4.264554900981315910e+01 4.383791177472316036e+01 3.965510824540864832e+01 3.965486943564226152e+01 3.954610590532418968e+01 3.531287683845452108e+01 2.810612017197790635e+01 1.817123703450316086e+01 1.250198052530149440e+01 1.250198052530149440e+01 2.091565125758480903e+01 2.506767560336988510e+01 2.880603078566330666e+01 2.443842260365013175e+01
1.349999999999999985e-02 7.084518951207270376e+00 1.708128590649129208e+01 1.998067983298778572e+01 2.012043456536394359e+01 2.355831072985153085e+01 1.342702809881103398e+01 7.673090215476941367e+00 1.770902919349940419e+01 9.705899635662142089e+00 1.553057444082213578e+01 2.567386601431548243e+01 2.447560367938588399e+01 1.357470344680887031e+01 2.447560328002973051e+01 2.664800397460731318e+01 2.664799124138215802e+01 3.588726769359870161e+01 3.109858436403856174e+01 2.112040593486327467e+01 2.278411650410178169e+01 3.265509077212554701e+01 3.517214936570103134e+01 4.379646223943346683e+01 4.794898977979286769e+01 4.146817326492944034e+01 3.702661290923941806e+01 3.297317847811942926e+01 2.520806522917431280e+01 2.706246245613409229e+01 2.237019690189490007e+01 1.250198052530149440e+01 2.237008089004536160e+01 2.236966037482827829e+01 3.237226163497683018e+01 3.365278691129841349e+01 2.420029478237497500e+01
1.359999999999999924e-02 1.001359999999996298e+01 1.921282336019069348e+01 1.039830998909996573e+01 1.918298548174486839e+01 1.858369420263514726e+01 1.442364764934694321e+01 6.323207543083899651e+00 1.633109070691729769e+01 1.981603203256550216e+01 2.345757600779325003e+01 2.195789602528640216e+01 1.837451905425128729e+01 9.856367494419577824e+00 2.000360561867446307e+01 1.636261926444966264e+01 2.647942452258084245e+01 2.607787459918430173e+01 2.617919992262154238e+01 1.863023150018625884e+01 2.867854324210720662e+01 3.668897435630186266e+01 4.417889133303375360e+01 4.571101446841628757e+01 4.362739729668528810e+01 3.265661964229072822e+01 2.660898090478322686e+01 2.284501754477956936e+01 1.958778491267134214e+01 1.714375185577058858e+01 1.499677367893443147e+01 2.237009163850147431e+01 1.453397377981942817e+01 2.150132275922272385e+01 3.149655642821235801e+01 3.293112833905599501e+01 2.350396477611608859e+01
1.290000000000000001e-02 1.001289999999996283e+01 1.056948602166438533e+01 5.537637713293200648e+00 1.513302791354492882e+01 1.442349453974328632e+01 4.430518958161608012e+00 1.442364462885601739e+01 1.601773923344573802e+01 1.577760697833394410e+01 1.388200020721931516e+01 7.505872597887655040e+00 8.207024608400324439e+00 9.027847574417817711e+00 9.885220643537657281e+00 2.006021569260767379e+01 2.130269263299344829e+01 2.383831166953391190e+01 1.601089017550885885e+01 2.617889598460093481e+01 3.268960537378961817e+01 3.841481392158424768e+01 3.930757597320270236e+01 3.517105920726380930e+01 4.170248475373515618e+01 4.146817326492944034e+01 3.599698045844195349e+01 2.583310712004148968e+01 2.956878253573785642e+01 1.990418710612480879e+01 2.489042386524442207e+01 2.593396134078956550e+01 1.603223015113782068e+01 2.170996041982872171e+01 3.171016552674930011e+01 3.293112833905600922e+01 3.293112833905539105e+01
