output/example_1/elevation_000099.asc
nrows	75
cellsize	13.33333333
xllcorner	0
ncols	75
yllcorner	0
NODATA_value	-9999
[rows 17 to 33 of 75, columns 0 to 36 of 75]
1.309999999999999880e-02 1.001309999999996236e+01 9.123884725911386440e+00 1.490499265392018557e+01 2.491437461475145199e+01 2.860003955258900632e+01 2.451806190480553838e+01 2.860003983750106826e+01 2.993667008907316074e+01 1.979913743599136922e+01 1.979913743599136922e+01 2.694503148118846525e+01 2.281639313574732952e+01 1.329395457549709292e+01 7.735178863368846969e+00 1.387339100990438467e+01 2.271561770276590053e+01 2.522789627272981505e+01 2.971235517469057186e+01 3.468162224612824929e+01 3.084629022537894727e+01 3.521968541657140150e+01 3.474958175396442783e+01 3.878759679100844693e+01 4.027648871679696185e+01 3.635128268064757862e+01 3.635128268065432167e+01 3.459927559453355883e+01 3.060882540137419028e+01 2.570021230933508249e+01 1.586844324610143886e+01 2.588624067808412477e+01 2.763815888864325743e+01 2.989378333756351935e+01 2.425962170469554380e+01 2.773883340727954305e+01 3.351451667606882978e+01
1.379999999999999977e-02 7.084867811865461995e+00 1.708486781186539005e+01 2.327848704908165089e+01 2.905534181511738012e+01 3.128760918799490298e+01 2.714557824517095241e+01 3.128760918800109536e+01 3.409097847316340335e+01 2.993667008907316074e+01 2.993667008907316074e+01 2.946349884617349346e+01 1.941949235441362021e+01 1.684200824870359625e+01 8.813849316459647198e+00 8.558756154627481294e+00 1.783404018752421649e+01 1.500246019604711734e+01 2.518525369906343414e+01 2.411617827929061875e+01 2.028174555934056045e+01 2.912081143330902577e+01 3.383774454912737184e+01 3.995692959226882124e+01 4.260031893219534993e+01 3.779435976591988577e+01 3.390906762644031858e+01 3.067323131274429926e+01 2.097555478925815109e+01 1.884903701895818173e+01 2.588624067808458307e+01 1.772957169502803154e+01 1.772957169502803154e+01 2.006444529614891792e+01 2.989378148859183781e+01 3.751861541933382682e+01 4.175233017808836422e+01
1.379999999999999977e-02 7.084867811865485088e+00 1.708486781186555348e+01 2.063548584855627510e+01 2.477756312548133266e+01 2.137208115606660996e+01 1.714558794939555852e+01 2.421665532135668997e+01 3.421662369130023507e+01 3.554382484141973464e+01 2.967862803711749464e+01 2.548833780825757245e+01 1.942628397823798281e+01 1.029258517642116466e+01 1.684225199586899180e+01 9.913166367204539142e+00 9.216068904087787672e+00 1.777118996834829900e+01 1.924670907860686953e+01 1.679233702706974185e+01 1.432277167524643957e+01 1.891981435720029836e+01 2.496201049310552378e+01 3.560634289652981010e+01 3.878012184762764036e+01 2.951630514815525785e+01 2.427960869329193727e+01 2.427960869329193727e+01 3.067323131274430281e+01 2.875943593841859069e+01 3.047465162581644904e+01 2.064875208124783512e+01 1.772957169502803154e+01 2.763815888881395111e+01 2.628857747882681650e+01 3.198262017361164311e+01 4.197918794218924887e+01
1.290000000000000001e-02 1.001289999999996283e+01 1.319531941888697801e+01 1.063548972605752851e+01 1.665803788417552767e+01 1.137208526296303290e+01 2.137208115606660641e+01 2.730790781040693460e+01 3.230784927787073713e+01 3.137687444758303812e+01 2.117772201873411220e+01 1.532632797259409863e+01 1.266146549770494723e+01 1.942628177180129256e+01 2.204323028368207815e+01 1.386518343115838192e+01 1.769248593644525513e+01 9.860488110645810877e+00 9.860488110645810877e+00 1.121804627039806235e+01 2.120629315293949446e+01 1.962324647481381845e+01 2.463977858304500401e+01 3.172972149482572135e+01 4.229362504954343649e+01 3.779435976594116653e+01 2.987008028214216537e+01 2.859814869027831818e+01 3.768131255688139447e+01 3.486760306561632206e+01 2.504466501458813354e+01 2.973463696011056356e+01 1.990395704235484331e+01 2.348735598273969316e+01 3.330888490177018468e+01 4.028909576399877324e+01 4.632977158005456886e+01
1.290000000000000001e-02 1.594038830084189451e+00 3.195320368135059930e+00 4.861987034801724228e+00 6.658040055069471386e+00 9.083396305432794193e+00 1.316587921006970596e+01 1.816587920917369203e+01 2.816586512892397565e+01 3.193509421005189353e+01 2.174196151336840899e+01 2.548839104728109106e+01 1.622574677904420071e+01 2.640057754427506609e+01 2.784460943441148117e+01 2.362915780391624310e+01 2.008082161599871185e+01 1.046614221796252586e+01 1.880311377225156377e+01 2.109225759182213977e+01 2.542024206246742679e+01 3.034780296617536877e+01 3.473380840762293786e+01 4.000821135946056017e+01 4.742108417383128227e+01 4.326454871891424858e+01 3.942642694431540207e+01 3.417955283033661829e+01 4.186716276502872347e+01 3.834051413992501978e+01 2.851763824358772936e+01 3.192921539262176722e+01 2.211795784979934965e+01 3.192871385753811353e+01 3.044384363668978111e+01 4.022418147619674755e+01 4.476459040304410308e+01
1.309999999999999880e-02 1.001309999999996236e+01 1.319531932773445781e+01 1.486194596794467593e+01 1.243154275119178287e+01 1.908339213889495412e+01 1.379744151327076374e+01 2.379742691152294398e+01 3.230784927782720217e+01 3.609999627227755070e+01 2.897329524535479095e+01 3.058749945886407318e+01 2.209312698160639243e+01 3.058749945886407318e+01 2.645836869290662108e+01 1.665865472195833519e+01 1.355211102759918873e+01 2.008093859339181719e+01 1.176691359880479659e+01 1.289643452025161885e+01 2.303747317905381919e+01 2.900677242527763156e+01 3.449507406752281469e+01 3.846148595603668952e+01 4.371354780900576742e+01 4.090371760234584997e+01 4.452439530002290269e+01 4.329828432298108964e+01 4.696402053310071523e+01 4.236028553667516405e+01 3.294150094498325387e+01 3.431468682008922855e+01 2.448291188363989690e+01 3.144352613100336313e+01 4.022384067290668952e+01 4.424818161966853580e+01 4.069631243691379296e+01
1.349999999999999985e-02 7.084567811922798164e+00 1.708456809140856691e+01 2.383857135985991604e+01 2.243156332329721181e+01 2.657366703840835598e+01 2.086850807631375559e+01 2.012199675532684395e+01 2.719306211778490123e+01 3.719293552124536006e+01 3.908550943964620217e+01 3.644774960520008023e+01 3.228466803327900436e+01 3.094098363341466040e+01 2.174516400959167939e+01 2.645836869290662108e+01 1.355211102759918873e+01 2.571377491953305494e+01 1.615139491238198133e+01 2.303747321757395383e+01 1.471054667935340454e+01 2.489485603657372437e+01 2.451182510257938318e+01 3.210300151792240797e+01 3.332289178412784025e+01 3.140334368075178517e+01 4.061408517026053744e+01 4.532364125202265370e+01 5.001436666853810920e+01 4.671622005028127234e+01 3.862597103942106713e+01 3.705028951460712960e+01 2.719199957328396167e+01 3.705028953039268202e+01 4.527597028696996517e+01 5.029471599897335921e+01 4.486920168738668480e+01
1.349999999999999985e-02 1.001349999999996321e+01 1.567385973881137140e+01 1.383881406400622005e+01 2.383859472895647258e+01 3.006127990762306368e+01 3.086821255896795080e+01 3.012195417941813602e+01 3.426374591407649461e+01 3.251759916542596329e+01 3.666380023359371876e+01 3.711951891579959550e+01 3.857693402858852494e+01 2.922484294178232034e+01 2.872254860609387705e+01 2.820095198212524323e+01 2.709995591799529180e+01 3.026557334195816296e+01 2.202586034284003347e+01 2.746252604425695409e+01 1.727997565207265040e+01 1.698100452084720402e+01 1.862936722748209206e+01 2.873514588242749568e+01 2.467087848247768633e+01 2.791112212309656826e+01 3.178120573476600086e+01 3.674699166572940356e+01 4.610759391688717557e+01 5.229766171727275292e+01 4.828511789996333903e+01 4.053031897246231807e+01 3.069002025248892807e+01 3.705563865618977815e+01 4.684219767674083812e+01 4.008300166275513732e+01 4.007234941633898018e+01
1.359999999999999924e-02 2.787100981126147126e+00 5.673852327074279778e+00 1.014598828208670867e+01 1.591949097999818896e+01 2.591948216902710911e+01 2.677542013649489760e+01 3.092050215030137394e+01 2.976765388856753702e+01 2.250526829276075702e+01 3.088360377327065365e+01 2.704267812400101434e+01 3.416913447238437129e+01 3.857693403143455413e+01 3.918866573978738899e+01 3.602340212974088729e+01 3.895850185753437955e+01 3.595013443674756815e+01 3.190142689793863440e+01 3.015932727045016648e+01 2.001912572514135746e+01 2.575770011668793913e+01 2.871207616345051150e+01 2.117828233893408552e+01 3.127178722941125244e+01 3.780125821003021258e+01 4.066233753705547826e+01 4.532364125202265370e+01 5.001436666853810920e+01 4.952818230205411254e+01 5.360137016967155432e+01 4.456304048484541624e+01 3.566132825472829637e+01 4.456241739975653360e+01 4.731112750627822550e+01 3.708596672113921500e+01 2.976424082734259713e+01
1.369999999999999864e-02 1.001369999999996274e+01 1.567385973881137140e+01 1.981589887918991622e+01 2.428785195208323344e+01 2.513579024769097003e+01 1.675090967990140811e+01 2.513579024769097003e+01 1.974849132054377421e+01 1.671233687410035884e+01 2.640225517977085090e+01 1.992788941626738719e+01 2.905857870518001818e+01 3.104362655983021568e+01 3.525216329337628451e+01 3.920899933735208975e+01 4.373150386646202037e+01 3.974584855934467953e+01 3.187747498665403256e+01 2.697458286089118573e+01 2.385439064814516996e+01 3.328955052308399587e+01 3.114285898233839589e+01 3.127178722941125244e+01 2.574154611503735168e+01 3.087703367131559062e+01 3.826100633514821681e+01 4.898266051183642134e+01 4.779417619631460212e+01 3.937670809758139967e+01 4.734375934022161658e+01 4.946234876151459758e+01 4.541541593925601461e+01 4.948004355920653552e+01 4.731814270520393251e+01 3.708611070962511036e+01 4.008300224136134915e+01
1.290000000000000001e-02 9.973318341675152965e+00 1.255895362016373085e+01 1.355241589114685929e+01 1.462635976151234196e+01 1.572210673838574913e+01 1.094543768244261273e+01 1.688804732999963321e+01 1.264582135573650312e+01 1.221537722707425999e+01 1.913567490285758765e+01 1.488554209538136419e+01 2.299194023699227074e+01 2.089426851392497397e+01 2.772416742104580578e+01 2.705063495626015779e+01 3.594154767754961455e+01 4.100983562891742906e+01 3.800076129792415003e+01 3.143154190244689872e+01 3.168050321584417972e+01 3.845150289989543779e+01 4.073681708134675006e+01 3.984098224788103693e+01 3.163909348707129610e+01 3.984098224788103693e+01 4.505079869248368141e+01 4.599915119974872368e+01 4.321235327725551656e+01 3.330517993652662767e+01 3.715190414873425340e+01 4.734375934022161658e+01 4.647631280685862265e+01 5.060651569236026148e+01 5.151590849730381905e+01 4.731814301432874004e+01 4.327627494383170870e+01
1.379999999999999977e-02 1.001379999999089776e+01 2.485162994978310724e+00 3.533566083707178951e+00 4.599897543820775425e+00 5.685333049302654373e+00 6.841779503165390075e+00 6.841779503165390075e+00 6.841779503165390075e+00 1.688804746333304863e+01 9.059942180117479538e+00 1.096397636567520983e+01 1.291079204404778302e+01 1.498651267390051878e+01 1.747142493993760937e+01 2.169762227229451312e+01 2.692182855971931232e+01 3.701654064226943319e+01 4.437268628219577948e+01 4.051964993892182321e+01 4.212855277648198893e+01 4.295056663328938384e+01 3.885313868738536058e+01 4.295056663328940516e+01 4.149958981540972758e+01 4.549944847825343430e+01 4.588336977634035208e+01 3.574101132158525473e+01 3.574101132190234154e+01 2.861812208789219980e+01 3.574140811631405512e+01 3.921399318078443486e+01 3.620590797109166203e+01 4.647631280685862265e+01 5.130658536122167845e+01 4.636373878287388806e+01 3.588709512663339041e+01
1.359999999999999924e-02 1.018638228968341553e+00 1.080026256329600720e+01 1.352934007827097496e+01 1.453553800247614092e+01 9.233403462440742615e+00 1.672625804765922908e+01 1.688804732997256508e+01 6.841779503165390075e+00 6.841779503165390075e+00 1.688804759666638233e+01 1.544021088103328054e+01 2.305717430576939719e+01 2.089374579788976050e+01 2.772416742104551801e+01 2.398879234130478721e+01 3.415184852989870734e+01 4.112427683568564163e+01 4.374167017532401047e+01 3.967795942196768522e+01 3.520785718017344124e+01 3.696028023365097681e+01 2.942248896137418868e+01 3.684801225052875395e+01 4.112174553655371056e+01 4.712930585002118988e+01 4.172970728029167020e+01 3.135698160725006289e+01 2.537702856449685385e+01 2.537702856449685385e+01 2.537702856449685385e+01 2.879685471354021686e+01 3.921403990195668854e+01 4.816845524787694188e+01 4.082566933858979752e+01 4.816845524787694188e+01 4.327627494383170870e+01
1.359999999999999924e-02 1.001357770358355914e+01 8.103437768588825918e+00 1.799078194676764042e+01 2.303704598719729191e+01 1.372579335703513159e+01 2.315840928127474285e+01 2.104011968492323348e+01 1.264582135573650312e+01 1.264582148906983683e+01 2.104011981842723245e+01 2.125595684571414168e+01 2.964443080883082970e+01 3.102225226510909195e+01 3.518760617179714956e+01 3.119932140617689242e+01 3.832511655265035699e+01 4.083884880968014386e+01 3.378413314625170472e+01 3.501282531272079268e+01 2.494066401589000392e+01 2.928831338483212221e+01 2.503647852927042550e+01 2.629979617501969713e+01 3.239364655359631229e+01 4.292989091578941441e+01 3.814690574277703661e+01 3.390848401850580274e+01 2.537702856449685385e+01 3.574080051474107478e+01 3.574124039080522408e+01 3.921376835006768147e+01 4.340612851158589791e+01 4.389545852324892650e+01 3.326189569388841250e+01 4.389545852324892650e+01 4.586633078173601064e+01
1.319999999999999993e-02 1.001319999999996213e+01 1.816595615276976972e+01 2.228045434781110856e+01 2.767101095187370774e+01 2.377511832677481607e+01 2.377600689902206454e+01 2.683132888207038036e+01 2.268303609490751782e+01 2.268303622824085153e+01 2.683132901541241111e+01 3.128485945611712182e+01 3.543162178750581148e+01 4.029076454321560163e+01 4.441702963851832209e+01 4.127987955530941377e+01 4.227949871240612367e+01 3.588973287508600407e+01 2.684063506078456385e+01 3.324969637721871862e+01 2.217927279365125415e+01 2.298975884447816043e+01 2.100591888527424445e+01 3.300078348235259540e+01 4.112174553655371056e+01 4.125398464636197815e+01 3.087981320276614383e+01 2.359901064826727790e+01 2.359901064826727790e+01 3.160333321507587812e+01 3.160379884456202859e+01 4.188827406929184605e+01 4.734516532202423633e+01 3.678266225700052416e+01 2.925748853356746437e+01 3.534845198607641237e+01 3.534456958794812209e+01
1.019999999999999900e-02 5.783696189297996781e+00 1.285448500748335299e+01 2.284772119394517276e+01 2.719497593425891679e+01 3.121521112981344714e+01 3.393035460078601062e+01 3.174836080845275177e+01 2.763251267647804355e+01 3.174836080845263453e+01 3.223166857434723909e+01 3.634837919138838913e+01 3.327920996564288458e+01 3.037492896626914174e+01 4.029076454318430933e+01 4.251677931158007340e+01 3.675121359431288681e+01 2.817079072932564188e+01 2.197968413268544907e+01 3.177063163946770175e+01 2.738488098982835695e+01 1.733436198948833251e+01 2.738488098982835695e+01 3.290459979382421807e+01 3.739477586804685671e+01 4.322522672659527387e+01 3.815350249001527771e+01 3.390939226362851144e+01 3.130044037625557962e+01 2.136248328629683613e+01 3.160398510503467051e+01 3.820547407437190657e+01 4.212694594398289638e+01 4.418444482697206155e+01 3.534845198607641237e+01 2.484278650250026743e+01 2.959916695804798081e+01
7.249999999999999500e-03 1.000724982949133945e+01 1.800299251818206514e+01 2.214515915773097277e+01 1.730426605426482567e+01 2.553234995006769026e+01 2.753525226265702130e+01 2.648712951444968056e+01 1.768074535154558902e+01 2.450770547254912302e+01 2.230340936663873563e+01 2.884364699635343854e+01 2.336098964782492260e+01 3.037492896626914174e+01 4.029076454341124247e+01 3.836611854971089741e+01 2.839408525623233714e+01 2.268515600859085524e+01 1.827223498004516955e+01 2.460416041642625018e+01 2.301932585625254291e+01 1.536701249088221033e+01 1.871223255176539979e+01 2.320088964460631331e+01 2.898843198312131264e+01 3.903081998881330605e+01 4.459378167903556545e+01 3.339526285878681477e+01 2.577612629078798889e+01 1.988482368034549097e+01 3.003510955786685699e+01 2.824898981278771615e+01 3.820547500483369419e+01 3.653371937821518145e+01 3.272218987583184457e+01 2.232659162346857684e+01 3.272218614399377401e+01
