output/example_1/elevation_000125.asc
nrows	75
cellsize	13.33333333
xllcorner	0
ncols	75
yllcorner	0
NODATA_value	-9999
[rows 51 to 67 of 75, columns 0 to 36 of 75]
1.369999999999999864e-02 3.175977660168381345e+00 6.509310993501720155e+00 1.150931099350173525e+01 1.858037880536725694e+01 2.858037880536732445e+01 2.546592203061830517e+01 1.631029895968590537e+01 2.546592203061830517e+01 2.769587298492178107e+01 1.840570370282854284e+01 1.364007631537467269e+01 2.290351266848078993e+01 2.366156599427706553e+01 1.698887533746062317e+01 7.377741673718106519e+00 1.219600382028272456e+01 1.798627136777718860e+01 2.852872252215328785e+01 2.741389295980212637e+01 1.737095502001922398e+01 1.028865413743306689e+01 1.615408067478780652e+01 2.032803854277724298e+01 1.843621042352051731e+01 2.061133349021354277e+01 1.106620140070668867e+01 1.107029332086793261e+01 1.906397170852258904e+00 1.124448929448250389e+01 1.025815290670963886e+00 1.025815290670963886e+00 1.025815290670963886e+00 1.025815290670963886e+00 1.025815290670963886e+00 1.025815290670963886e+00 1.150314075174670325e+00
1.290000000000000001e-02 1.001289999999996283e+01 1.650931099350178854e+01 2.065144661723276798e+01 2.565144661723278219e+01 3.100653211870324810e+01 3.047329856043394969e+01 2.631784281729616737e+01 3.047329856043394969e+01 3.163587171399333187e+01 2.596677604765883274e+01 1.677698586456970276e+01 2.596677604765883274e+01 1.988296766647862057e+01 1.228841922806723375e+01 1.698889407733750900e+01 9.417481180427811793e+00 1.727907969380161646e+01 2.865053462656170780e+01 2.616721813347145442e+01 1.635536827686271977e+01 1.737095502001922398e+01 2.447209065123614380e+01 2.669856049430329747e+01 2.238251692919052616e+01 1.744945174434255009e+01 1.321680829017751790e+01 3.197211145559137435e+00 1.211813760081081526e+01 1.518618195239719704e+01 4.937886980112533131e+00 1.124448956500219587e+01 1.124448969833626677e+01 1.124448983316684192e+01 2.673332109941844781e+00 1.124446737016545761e+01 1.033978749367479288e+01
1.329999999999999932e-02 1.001329999999996190e+01 1.308171080158541422e+01 1.468308629077260363e+01 1.883092588525944677e+01 2.100524453526219659e+01 2.807659519963868533e+01 2.818851739535395140e+01 3.233373079032350716e+01 3.258215722430899319e+01 2.322659544402252152e+01 2.322659544402252152e+01 2.733762797891251495e+01 1.913290132206605776e+01 1.975624072545712906e+01 1.151523447006377054e+01 1.928311441542983573e+01 2.084366314819885702e+01 3.201282960406253864e+01 3.031243629182403865e+01 2.255390048070994879e+01 2.741389295980212282e+01 2.967849586329816347e+01 1.963137512952831543e+01 1.237551074343820900e+01 1.470987781942804418e+01 4.495957457750129116e+00 1.044695360249278693e+01 1.768141992571087329e+01 1.935192429527591784e+01 1.093030394208495615e+01 1.935192429374392731e+01 1.721000447200944095e+01 1.457565652711363668e+01 4.358065132929923813e+00 1.457564986653794570e+01 1.184210930516947080e+01
1.369999999999999864e-02 1.538685703326046372e+00 3.081719202946964664e+00 4.683000740997833589e+00 1.468309038585694815e+01 1.393409951108432132e+01 2.111662907757926888e+01 1.818738020623848328e+01 2.818851739535395140e+01 3.656583104975402421e+01 3.258215722430885108e+01 3.258215722429777372e+01 3.011485282113507722e+01 2.230637727397911263e+01 1.360614520044958375e+01 2.014732554636600881e+01 1.623779374783586604e+01 2.123453600048968681e+01 3.129797356280763054e+01 3.617551693061002993e+01 3.167966929466290082e+01 2.441082549303061811e+01 1.965540098553730886e+01 2.146078256165535691e+01 1.604511220046823894e+01 5.826298457312860002e+00 1.470901287522882583e+01 1.882239411652889061e+01 2.458292828398010244e+01 2.517430968834638705e+01 2.102882529815653356e+01 1.721000447200944095e+01 7.007188096053698523e+00 7.007188096053698523e+00 1.457565652711363668e+01 1.258985686324182218e+01 2.093472278834125433e+01
1.319999999999999993e-02 1.001319999999996213e+01 1.308171080158540356e+01 1.468255747742209039e+01 7.108356991361159949e+00 8.934098849711720192e+00 1.111627775207171709e+01 2.111664546935343978e+01 2.837284269013021998e+01 3.251800557897185229e+01 3.752017207155312661e+01 3.344254050732252637e+01 2.209127994800981654e+01 1.709982043605251789e+01 1.514707462461746346e+01 2.411618405235071805e+01 2.548784332278430043e+01 2.971528949809372833e+01 3.556615839400719636e+01 3.529913451299693605e+01 2.848683107440185580e+01 1.614821860090513184e+01 9.040612070767625852e+00 1.761663773727656235e+01 7.407354701842430167e+00 7.851207029916496438e+00 1.804366594624825382e+01 2.510108662154802772e+01 3.006219686383054324e+01 2.912021505530086429e+01 2.090636284989183125e+01 1.078297162593720060e+01 1.721000447200944095e+01 1.027885647869534758e+01 2.041589086932529895e+01 2.234356478867472617e+01 2.636718197090977966e+01
1.349999999999999985e-02 7.084546144878166807e+00 1.708260431405913948e+01 2.123471710989212013e+01 1.417957886381745602e+01 1.393409870193623057e+01 2.111658418054596353e+01 1.503860050385823222e+01 1.837193409339064942e+01 2.337194902005674635e+01 3.337373981056276762e+01 3.793096728219837388e+01 3.146451734622442586e+01 2.641156720464658392e+01 1.760653792380446703e+01 1.813212597038291563e+01 2.797808928576375109e+01 3.786221089001165296e+01 3.801990370125359675e+01 2.855425641266340619e+01 2.191418282951124041e+01 2.341226235438378467e+01 1.922279115812084882e+01 9.040612070767625852e+00 1.761663773814051837e+01 1.804380373133533055e+01 1.092322696718269270e+01 1.605624567460618479e+01 2.598717063643865188e+01 2.499870238865136329e+01 1.497442870130292825e+01 2.090636284989183125e+01 2.453785782465924115e+01 1.618308917167144045e+01 1.748510696634360784e+01 2.749142911628842612e+01 2.488758622252038322e+01
1.369999999999999864e-02 1.001369999934294697e+01 1.676823700140941398e+01 2.090985862374133930e+01 2.418703362349209485e+01 2.393250835741714511e+01 2.393252716349062226e+01 2.081212036514121522e+01 2.837284269013021998e+01 3.251800557897185229e+01 3.752027488987396708e+01 4.067508388646445638e+01 3.019415289426406090e+01 2.285438009131140902e+01 2.420125349586691144e+01 2.273284638656912549e+01 2.309252151025196298e+01 3.358833803895507941e+01 3.549632519761294702e+01 3.059000334424687040e+01 2.485848164950629524e+01 1.503597086590885645e+01 1.081297359882047004e+01 1.916930186563956795e+01 2.329875069296630130e+01 2.344700640621842069e+01 1.344724577929861553e+01 2.344700640621842069e+01 3.006219670642832398e+01 2.911866118176210705e+01 1.948862855340555456e+01 2.317031256056779043e+01 3.032325466887895971e+01 2.620011559329138251e+01 2.749142911628842612e+01 3.161900009558714686e+01 2.769093280079201591e+01
1.379999999999999977e-02 1.001379999999996251e+01 6.768195323986327061e+00 1.676826271209665009e+01 2.591032893844354845e+01 3.038449442055001271e+01 3.392209350269288137e+01 3.081351245639715586e+01 3.495927524601371772e+01 4.101271806664391306e+01 3.698429207326429236e+01 3.705705957799579409e+01 3.753436897983205967e+01 3.019415289426406090e+01 3.462391555675967680e+01 2.876094792117702781e+01 2.913104871220270908e+01 3.786225819878440291e+01 3.142616329519688634e+01 2.161942610711628987e+01 1.664587745293772869e+01 1.276627302473975156e+01 2.092900925120139988e+01 1.803260505591387641e+01 2.793320334428312890e+01 2.718158731673008432e+01 1.730081618533211696e+01 1.885598909640524212e+01 2.871901609410365808e+01 3.357106617513751701e+01 2.524697682548682565e+01 3.312794094455711047e+01 3.722309108668232369e+01 3.212630297276496805e+01 2.789032756075439679e+01 2.775138581860777265e+01 2.310735063152501922e+01
1.309999999999999880e-02 2.685712419124245631e+00 1.268573713705972494e+01 1.176819538026951051e+01 1.624033169954373079e+01 2.331143838155018955e+01 3.331302015147672080e+01 3.696634947312120545e+01 3.588560452741953810e+01 3.698350462313752729e+01 2.710948766066366389e+01 2.711217251610953838e+01 3.410326226745340250e+01 4.067508388646445638e+01 4.353102868620806021e+01 3.931905177472660284e+01 3.967710345643219227e+01 4.388581765485064778e+01 3.549633128550581063e+01 3.058998661356611137e+01 2.419667540733529876e+01 1.424761924077992603e+01 2.419667537995210083e+01 2.793958677841053628e+01 3.202437324852153466e+01 3.125370308290883870e+01 2.227129411526399849e+01 2.380961766001500735e+01 3.279185822957089158e+01 3.931380892725506726e+01 3.520583965267139348e+01 3.211310363646244781e+01 3.216478124362782154e+01 2.629362488196356651e+01 1.778201422534054288e+01 2.328051293916366049e+01 1.282490290531136523e+01
1.349999999999999985e-02 1.001349999999996321e+01 1.566201303098488040e+01 1.978805782248421608e+01 2.591267286449145146e+01 3.038661443528600614e+01 3.696634947312120545e+01 2.706558916774789125e+01 2.598159543211852451e+01 2.943050092883495594e+01 2.532508954169558280e+01 2.008327390246909516e+01 3.000626210194617016e+01 3.371120051685367258e+01 3.778190803515595064e+01 4.347142650654745921e+01 4.003016117563806375e+01 3.512484486299321418e+01 3.105345961895335094e+01 2.747626603045402405e+01 1.763748802125174464e+01 2.419667540481144385e+01 1.698014185987915070e+01 2.682747562655523055e+01 3.384253578682524477e+01 3.616641738709782317e+01 2.921581412262911570e+01 3.075101583488262591e+01 3.770440911060620692e+01 3.504896214762807460e+01 2.919023389118404310e+01 2.201146609428769452e+01 2.791576049840885076e+01 1.778344400077969567e+01 1.205057122427496807e+01 1.569876982979820568e+01 1.586214652169399564e+01
1.369999999999999864e-02 2.787201729594828148e+00 5.673960704081626005e+00 1.566201760025262857e+01 2.505177538246565305e+01 2.999814787243970571e+01 3.566015781457311817e+01 2.888241251477293758e+01 1.894513362093267617e+01 2.357071351992895458e+01 1.536646999852552753e+01 1.695325238489046171e+01 2.028740623136314269e+01 2.380725573920187088e+01 2.953487108099239222e+01 3.941617015535985047e+01 3.595108610748741285e+01 2.615583314040431517e+01 2.125691945583912101e+01 2.125691945583912101e+01 2.747626884436633432e+01 2.502968612811745786e+01 2.682747563220749143e+01 1.998400445383685664e+01 2.977949566675559367e+01 3.822308593080771999e+01 3.903533230304871182e+01 4.057506948823794346e+01 3.902382538880581109e+01 3.078923530138228060e+01 2.071063945436478093e+01 1.490620581890115304e+01 1.959066454844910865e+01 2.247790253123920579e+01 1.702994326883199960e+01 7.332370943683393705e+00 7.332370943683393705e+00
1.290000000000000001e-02 1.001289999999996283e+01 1.566193832685838672e+01 1.101724975710168586e+01 1.600769762126609663e+01 2.591241866551038697e+01 2.865109277918071484e+01 2.164202190084009914e+01 2.357071351833721451e+01 1.358929434688231730e+01 1.246154368761769859e+01 2.245393756116849460e+01 2.897522929518935086e+01 3.371120051685367258e+01 3.778190803515574459e+01 3.683453780327413796e+01 4.003016129049495930e+01 3.512484486344236245e+01 3.105345962107490010e+01 2.615583300707098147e+01 3.512484282859888651e+01 3.195397859353580827e+01 3.303531616701696549e+01 2.325682182360862527e+01 2.437064790722221375e+01 3.128655298447742794e+01 4.108121758824152181e+01 4.204010068019244528e+01 3.173982708477751657e+01 2.462239148949842260e+01 2.759078813948903530e+01 1.959066454844910865e+01 9.632125500283935438e+00 1.828811495425778233e+01 8.492799717886827082e+00 1.702994326890007315e+01 1.390462142220782304e+01
1.359999999999999924e-02 4.486778851486633357e+00 1.023620496024100390e+01 1.993927673697030301e+01 2.505177538246565305e+01 2.999812929152941621e+01 2.454537679638614378e+01 1.457012874564522065e+01 1.824345010674419854e+01 1.041440501342207270e+01 1.041440501342207270e+01 1.490307756916328152e+01 2.196687348394597450e+01 3.189396223395964469e+01 3.153117328165586386e+01 2.691286681409711790e+01 3.395336189864814713e+01 3.969336454053756569e+01 4.003015718646375376e+01 3.595108596116345723e+01 4.003015718532387268e+01 4.176213668331870110e+01 3.672228141161166093e+01 2.695361479482252420e+01 3.415534470661438604e+01 3.055614621587439572e+01 4.034869670243327278e+01 4.363103978871652799e+01 3.769099969910961789e+01 2.759078813948903530e+01 1.760074430243879107e+01 2.360163312793778090e+01 1.959066441505463985e+01 9.632125500283935438e+00 1.828811495424070088e+01 1.675828856832955083e+01 2.297199567659019337e+01
1.379999999999999977e-02 1.001379999999996251e+01 1.862594798799534246e+01 2.411413399258915291e+01 2.382946177682650202e+01 2.670601800287128924e+01 2.272034519635687744e+01 1.807212495148018760e+01 8.241546484905409642e+00 1.704512816589697621e+01 1.873137560937605528e+01 2.452387525212555985e+01 2.898118016185259904e+01 2.867156828171177096e+01 2.167145417220678638e+01 1.997912963658061614e+01 2.563329229809677656e+01 3.553643525396868341e+01 3.851498401768549229e+01 3.726116325671824114e+01 3.726116325687633690e+01 4.127151757304607571e+01 4.076789231347018472e+01 3.259650343070332212e+01 4.076789231295700233e+01 3.747465842230261046e+01 4.442569839104017149e+01 3.935266898594765195e+01 2.908062856080385927e+01 2.332196251804006337e+01 2.367239713547938251e+01 1.359726636041014380e+01 1.102394793138054752e+01 1.959066441505463985e+01 9.632125500283935438e+00 9.632125500283935438e+00 1.664039252794869483e+01
1.349999999999999985e-02 7.084567811865484899e+00 1.708456781186555062e+01 2.053758520384691266e+01 1.413909299907999895e+01 1.777211937268968001e+01 1.302707683130955729e+01 1.487179382787617499e+01 6.840166774753216217e+00 6.840166774753216217e+00 1.558695291754793466e+01 2.838377214377163682e+01 2.493873653792647005e+01 2.083458414685523863e+01 1.470463025031530080e+01 2.167145417220678638e+01 3.153117328165356170e+01 3.185824519075843142e+01 2.905156718202112032e+01 2.752123908451159906e+01 2.752123908451160261e+01 3.726116325687633690e+01 4.422943279680349349e+01 4.231864987909731468e+01 4.631741863635880918e+01 4.728723299210947317e+01 4.318746571431635317e+01 3.890221632441068067e+01 3.769099969911000869e+01 2.877960555045211422e+01 2.281492565457366695e+01 1.269145201241041931e+01 2.111083131519811218e+01 2.371426300420129962e+01 1.607448293312388188e+01 1.312713893648169439e+01 2.277571520377958691e+01
1.359999999999999924e-02 1.001359999999971606e+01 1.701969621418438905e+01 1.319023081429431699e+01 7.063481547002654182e+00 8.850457012736644202e+00 1.320230846443127426e+01 4.996045273638840989e+00 1.497889903768066056e+01 1.745531097208178295e+01 2.244577776933563484e+01 2.251679808383350689e+01 1.849055162215599069e+01 1.108803542325239633e+01 2.083458414685523863e+01 2.867156828175006567e+01 2.844081983564633731e+01 2.131329917037431443e+01 2.222514012184185006e+01 2.063951512883327766e+01 2.494820026515409239e+01 3.040179373613757718e+01 4.009275310919715452e+01 4.710421296568442528e+01 5.068805863925651067e+01 4.398662509085669114e+01 3.869443481176902111e+01 2.862957231529881597e+01 3.051462522188721849e+01 2.456304689382215045e+01 1.447682576473325966e+01 2.281492565456118982e+01 2.702359679610491128e+01 2.886735651971482142e+01 2.065259477744182703e+01 2.271564369533025740e+01 2.884592765184372354e+01
1.290000000000000001e-02 1.001289999999996283e+01 1.058248246084097843e+01 6.200630637506725051e+00 2.019389054885800228e+00 2.623553577546973159e+00 3.232232122238427152e+00 1.313285789969080319e+01 1.482000762455338183e+01 1.520190197050019876e+01 2.020135433879917031e+01 1.833059890347958287e+01 9.525606026619467315e+00 9.510417883904880298e+00 1.852904326872188534e+01 2.708389000962300486e+01 2.414072671170866258e+01 1.415939563346280572e+01 1.676238919979660480e+01 2.658225101218775066e+01 3.439631320998901742e+01 3.869217931602587868e+01 4.243061980286763912e+01 3.933344390576016281e+01 4.481737952012031201e+01 3.972271565274995453e+01 2.928455617084188845e+01 2.420163138499595590e+01 2.047632228151868006e+01 1.758356756042273972e+01 2.456304689382188400e+01 1.447682576473325966e+01 2.161205162803038249e+01 3.168735724198779735e+01 2.976667701732900895e+01 3.378623094198730570e+01 3.040461666757032333e+01
