output/example_1/elevation_000164.asc
nrows	75
cellsize	13.33333333
xllcorner	0
ncols	75
yllcorner	0
NODATA_value	-9999
[rows 0 to 16 of 75, columns 0 to 36 of 75]
1.369999999999999864e-02 4.096182904638623334e+00 9.096182904638604683e+00 1.616725071650412815e+01 2.616725071650419565e+01 2.573747611360606058e+01 2.573747675755692654e+01 2.987685307667437939e+01 3.942418782404747191e+01 3.528713533830765670e+01 3.658376988984624489e+01 4.072043471675101500e+01 4.417654246503896331e+01 4.008185137597273240e+01 4.008185137597273240e+01 4.008185137597273240e+01 4.417654246503896331e+01 4.679851204282100952e+01 4.277932797632964679e+01 4.187309460696564400e+01 4.187309460696564400e+01 4.589224630108259362e+01 4.618674600660456520e+01 4.204538668449460914e+01 4.386993869146146352e+01 4.386993869146146352e+01 4.800656006959370359e+01 4.714703384465747149e+01 4.322997389148620329e+01 4.322997970859793071e+01 4.423695470811299657e+01 4.817289617923225364e+01 4.624737748241581414e+01 4.905442445280431230e+01 4.620656258085887202e+01 4.228751327100609814e+01 4.329559289794924837e+01
1.279999999999999888e-02 1.001279999999996306e+01 1.823831852836912049e+01 2.323831852837021827e+01 2.280772998784416572e+01 1.573863243622473540e+01 1.573863243662744082e+01 2.573747646674798162e+01 3.365394227053171505e+01 2.529018120496154154e+01 2.658757285205041754e+01 3.658376988984624489e+01 4.008185137597273240e+01 3.023162193081468274e+01 3.023162193081468274e+01 3.023162193081468274e+01 4.008185137597273240e+01 4.121121759427037290e+01 3.311035072756804709e+01 3.219497332600315787e+01 3.219497332600315787e+01 4.187309460696564400e+01 4.041074310887102428e+01 3.203848615432031011e+01 3.386580735469781445e+01 3.386580735469781445e+01 4.386993869146146352e+01 4.322997367900159560e+01 3.474880071667102044e+01 3.474880072062171621e+01 3.565874763408416470e+01 4.374922846971541901e+01 3.723824151962855922e+01 3.987695635049736609e+01 4.077281685372379627e+01 3.289665815734963417e+01 3.411617551035778462e+01
1.299999999999999940e-02 1.001299999999996260e+01 1.539618075325610569e+01 1.503555085826815230e+01 1.645867745824143213e+01 8.667597402181456800e+00 1.866722574869125850e+01 2.316697396383592888e+01 2.525195807516847069e+01 1.951675470881614416e+01 2.658757285204596243e+01 3.658376987953568715e+01 4.015253884915140503e+01 3.311668733905808182e+01 2.320540445528222762e+01 3.023162193081468274e+01 4.008185137597273240e+01 3.719712459566472518e+01 2.745231860452524941e+01 2.524691902175135994e+01 3.502962942005123637e+01 4.119396178299680855e+01 3.593988515328800304e+01 2.627264887414478167e+01 2.679960494269949578e+01 3.679594958335506050e+01 4.501318004284511431e+01 3.889325123076267232e+01 3.535327350241131938e+01 2.925209045779253003e+01 3.469200280114073820e+01 3.532526250999671902e+01 3.136151691017603937e+01 3.987695635049736609e+01 3.651876778883396213e+01 2.725697907054309255e+01 2.714623035732773104e+01
1.369999999999999864e-02 1.254047345892083554e+00 1.125404729514649560e+01 5.030395452113175736e+00 6.458966880684601897e+00 1.645867696558767790e+01 1.116759740216770602e+01 1.316759740211532836e+01 1.525274154239478364e+01 1.903238596493689627e+01 2.610324306432385910e+01 3.610002588352497810e+01 3.605995086156093521e+01 2.615772410460264652e+01 2.049590957058056517e+01 3.046778556653880798e+01 3.608774624916507889e+01 3.989466686581858568e+01 3.157093627776650990e+01 2.168619566474226090e+01 2.745195077099482006e+01 3.718760141898679450e+01 3.179788778930127791e+01 2.180725898331191814e+01 3.179108383031320884e+01 3.101130750169201278e+01 4.095538643768799147e+01 3.535342122018449373e+01 2.746606375574722847e+01 2.746606375574722847e+01 2.540558998383936995e+01 2.681372280271279962e+01 3.532519724656050641e+01 3.968328686186873711e+01 3.263875947135144884e+01 2.276002770703336253e+01 2.852704435590647947e+01
1.290000000000000001e-02 1.001289999999996283e+01 3.050100366159830489e+00 1.304125833952890012e+01 1.645643012811821748e+01 1.353001215284527881e+01 2.116710124001059512e+01 1.749213252084507175e+01 2.525195810978877020e+01 2.525155788765593101e+01 2.610324985678047938e+01 3.610081889774280484e+01 3.498094047393978911e+01 2.507278503485827770e+01 1.795315825685127464e+01 2.203696597637982535e+01 2.906237080919028770e+01 3.017358782161928943e+01 2.929499621983406143e+01 1.935079437208479192e+01 2.643645995121821102e+01 3.619618647516442422e+01 2.937452149144460378e+01 1.932536194666785434e+01 2.283572827808023575e+01 2.992269143994813163e+01 3.994095173594194392e+01 3.889315702566342026e+01 3.535143524276641358e+01 3.154541660019361871e+01 2.256457924617381039e+01 2.831956726628450838e+01 3.605842976581659087e+01 3.586066314242125941e+01 2.624975024221901521e+01 2.053991448226124561e+01 3.031389717873912204e+01
1.299999999999999940e-02 1.001299999999996260e+01 1.305009504596003289e+01 8.050100222355233370e+00 1.804975447875222372e+01 2.352910036112086445e+01 2.352910005658716486e+01 2.326551578529330655e+01 3.162978587293383015e+01 3.524422062418408075e+01 3.610079911983410739e+01 4.024428349064932320e+01 3.770105712758584104e+01 2.781531064711795054e+01 2.073831264634783622e+01 1.485609225837497682e+01 2.495317297259721911e+01 2.850664546261486265e+01 2.026024063234075712e+01 1.722946891439005412e+01 2.722149874729924335e+01 3.414937229456948842e+01 2.413641599389749004e+01 1.689399934615427767e+01 2.706914311567085107e+01 3.517435232936865219e+01 4.087304471901585856e+01 3.596336368515624571e+01 3.180265017639878877e+01 2.799340404442736130e+01 2.078182725020982602e+01 2.904881285876199826e+01 3.348888195608594742e+01 3.030126489178821103e+01 2.813369576609374434e+01 1.858766051239839001e+01 2.592614859160402574e+01
1.299999999999999940e-02 7.084067830711012093e+00 1.708408424439538820e+01 1.512113654724502432e+01 1.512113654823212983e+01 2.512006480853022339e+01 3.352526146199279822e+01 3.326273604225359293e+01 3.740027861977834078e+01 3.552226299398631681e+01 3.140847972796688126e+01 3.552246314985428910e+01 3.641796493869608042e+01 2.652460272419671838e+01 1.942902579596977830e+01 1.485609225837497682e+01 2.257326803219859102e+01 2.200526373308318995e+01 1.436946116434111254e+01 2.445020268135306196e+01 3.125796084591269874e+01 3.229055889582937766e+01 2.223448673118088337e+01 1.488788378160132453e+01 2.092490949143895307e+01 3.100873497453247651e+01 3.681013731295298186e+01 2.717441137045644339e+01 2.217720097660065548e+01 2.667484923001083530e+01 1.907200361331981853e+01 2.845308646892183901e+01 2.741209432841570504e+01 1.872357783722054592e+01 2.700330261529282083e+01 2.364465725894087456e+01 1.591250816542369861e+01
1.290000000000000001e-02 7.083967811865485409e+00 1.708396781186555202e+01 2.512006218308172123e+01 2.512006459904576161e+01 2.925924934691962065e+01 3.060949929489389376e+01 3.471449323736428028e+01 3.253052696028029800e+01 2.841507503497714282e+01 2.145269033014191251e+01 3.054794508963074406e+01 3.930861189594810412e+01 2.942230134632738014e+01 2.836024598264737406e+01 1.833690614992613277e+01 1.226912096579334488e+01 1.166392672160330690e+01 2.200526373308318995e+01 2.445020268135302288e+01 3.428322467720548161e+01 3.179905865127750531e+01 2.344018360977570836e+01 1.313060013903514545e+01 2.344018360980601301e+01 3.179905850597899075e+01 4.081945056205275080e+01 3.289187745397683216e+01 2.651332350363895785e+01 1.672689646894435000e+01 2.465949728712874389e+01 2.867893985142237767e+01 2.290739070550782230e+01 1.253457603763544626e+01 2.275975871320884636e+01 1.344965790257175797e+01 1.407864118781834328e+01
1.349999999999999985e-02 7.084567811865484899e+00 1.708456781186555062e+01 2.321647154874338170e+01 2.732486367013786932e+01 2.897639170729923563e+01 2.065907239642151438e+01 2.897639170729923563e+01 2.678356844160994044e+01 1.845341101659686345e+01 1.646441794849236473e+01 2.643057344835872868e+01 3.253182745456852842e+01 3.303994634948207931e+01 3.246060954609880156e+01 2.669463057809691264e+01 1.736995038485053300e+01 9.651631591808346400e+00 1.868273291669098057e+01 2.288757134739759636e+01 2.737719528024660676e+01 2.764683233477219204e+01 1.746396013668569935e+01 1.159531532655881314e+01 1.746396013668569935e+01 2.764683233430135800e+01 3.687260606203514612e+01 2.954983189120887488e+01 2.050947299971854321e+01 2.297266449689245960e+01 1.463889530128979821e+01 2.431976326842575986e+01 2.601434660106305685e+01 2.191314999609226177e+01 1.253457603763544626e+01 2.276312278432327929e+01 2.425683298063759707e+01
1.379999999999999977e-02 1.001379999999996251e+01 1.618357032239688209e+01 1.327044725161378480e+01 2.321647154874338170e+01 2.486459135642536822e+01 1.489928367885480576e+01 2.346211101281859968e+01 1.933992657552956729e+01 1.269238496578995523e+01 1.269238496578995523e+01 1.845341116208381038e+01 2.841513158018963026e+01 2.275676597055892358e+01 3.002586232433945312e+01 3.164669384262164087e+01 2.450832515445671689e+01 1.868273291224970478e+01 7.953809595159102130e+00 1.739257365367641484e+01 1.744345942252535053e+01 2.239001810013491323e+01 1.822044779179192631e+01 1.031986055334484043e+01 1.749531370427749621e+01 2.823867993015184652e+01 2.728152377723191435e+01 2.925552288605640072e+01 2.346597913547942937e+01 1.255984713649771578e+01 2.089865726771139975e+01 1.906869710578941124e+01 2.106226290575911264e+01 1.158784462422603312e+01 2.191373622728404413e+01 1.253457603763544626e+01 1.595526323595178830e+01
1.290000000000000001e-02 3.028331855747699031e+00 6.192971793793262236e+00 1.322948383271582884e+01 2.292554703520924875e+01 2.109798266776256170e+01 1.112614392840069577e+01 1.639811401420941195e+01 9.363783822412173663e+00 1.933992657552955308e+01 2.266370576572202467e+01 2.678235314392643218e+01 2.487992317174202839e+01 1.547015096601928441e+01 2.450832748072438250e+01 2.345937132906255940e+01 2.019981268638940008e+01 1.591444521684169899e+01 7.043500706488003082e+00 8.788123220742292574e+00 1.655825214048210725e+01 1.655832794771279026e+01 8.624358940587868005e+00 1.735982163726834671e+01 2.107894484675659896e+01 2.578352498360719025e+01 1.954815950713314976e+01 1.836070988310935448e+01 2.482619379835187701e+01 2.072895502454978001e+01 1.040791460057468854e+01 9.828176169285885777e+00 1.056231254857173418e+01 1.540415231257723860e+01 2.550168455538569390e+01 1.846752347870048894e+01 2.616841258414937954e+01
1.359999999999999924e-02 1.001359999999996298e+01 1.618357032239688209e+01 2.021763224240214640e+01 1.931108032310585898e+01 1.830468539834296138e+01 1.402888266483865287e+01 6.416339475465179909e+00 1.639756380777898315e+01 2.344361118667880461e+01 2.115668811756347267e+01 1.847977885933501341e+01 1.843426710795377232e+01 1.057720241256355820e+01 1.887972396293950794e+01 1.020548699405020265e+01 1.356920766813152746e+01 5.728547369309190174e+00 6.107955542991233777e+00 6.488452451040827462e+00 6.870110280164086092e+00 6.870110280164086092e+00 1.633830821673343081e+01 9.660993456600682094e+00 1.401904313805720470e+01 1.781961583696879359e+01 1.784257879743580233e+01 1.024501636546762029e+01 1.831127353300333027e+01 1.698341594019496625e+01 8.860398167940660485e+00 1.830067649633503635e+01 2.094664116994852066e+01 2.415645357364890344e+01 2.358847566705397014e+01 2.874281565704216490e+01 3.311578478311321305e+01
1.349999999999999985e-02 7.084567811865461806e+00 1.708456781186539075e+01 1.846000611141603542e+01 9.478390251907667263e+00 1.176188641922683686e+01 4.015457919410865273e+00 1.395131356027997782e+01 1.708725499066067854e+01 1.413624473440635398e+01 1.228409555836699418e+01 8.347070320292388601e+00 7.951687500231337857e+00 7.214308021908984792e+00 1.328373498257862728e+01 1.068837025431814602e+01 5.224412392755130696e+00 1.498686863965531835e+01 1.103348699157697510e+01 1.463380330661278350e+01 1.655830286056896838e+01 6.870110280164086092e+00 6.870110280164086092e+00 6.870110280164086092e+00 7.272602925890232051e+00 7.272602925890232051e+00 7.272602925890232051e+00 7.684890535828519553e+00 7.684890535828519553e+00 8.095051077020858799e+00 1.875759423670796977e+01 1.946855458509220327e+01 2.437833281547141695e+01 2.989178426285580414e+01 3.284174237301655097e+01 3.656797974727020062e+01 3.884518029270122952e+01
1.319999999999999993e-02 1.001319981358533973e+01 1.463199306943661071e+01 1.101203039552327567e+01 1.048753535338608778e+01 1.718660269758895964e+00 1.171023302182493175e+01 1.090716399864734854e+01 9.399155091839013210e+00 2.824194882284405850e+00 3.137253940428634369e+00 3.450829270643743563e+00 3.767571055820277515e+00 4.084701797933888656e+00 4.403622283798200421e+00 4.723084246777930595e+00 1.461232955634029373e+01 1.743106707600461291e+01 1.940160502965629163e+01 2.265133458115866461e+01 2.029538160984466799e+01 1.041360072966360661e+01 1.664393275346829526e+01 1.971864639004590458e+01 1.759150525476394122e+01 1.018217587422161685e+01 9.909138961034935633e+00 1.822659270943457344e+01 1.812587624399140651e+01 1.285295794248492562e+01 9.202344530223543373e+00 1.008683927810150216e+01 1.747687553086778323e+01 2.560414592397274447e+01 2.878238899633420544e+01 3.290199862891923743e+01 2.883473583078699320e+01
1.299999999999999940e-02 1.001299999999996260e+01 7.342665226923300592e-01 1.030599247729538703e+00 1.320316425145994454e+00 1.130860637890986453e+01 1.718660269758895964e+00 2.015757394875359765e+00 2.349489254766807367e+00 9.586120751947435181e+00 1.237900354744668086e+01 5.868238749426666345e+00 9.658344427436363233e+00 8.404392657905852104e+00 1.270846920463647756e+01 1.463497033353251986e+01 5.780564043945576991e+00 1.584518009428768259e+01 2.098648895108029322e+01 2.841021346576069462e+01 2.448184285970086904e+01 1.736572413924150382e+01 2.029992202928427503e+01 2.458435152902922383e+01 1.445022366064815067e+01 2.026406537575838840e+01 2.025954374680254944e+01 1.393587403536747438e+01 2.383826300673874954e+01 2.270942739403502486e+01 1.419065034164187367e+01 2.060193312759755813e+01 1.138452042332393432e+01 2.177958691073539299e+01 1.855485053646368954e+01 2.472024209338385248e+01 2.156171931712311363e+01
1.349999999999999985e-02 3.121738455447484739e-01 1.650485847316368382e+00 9.064980286102922946e+00 3.291805449111859350e+00 9.320673689233398562e+00 1.151442017418743724e+01 4.218963542382199172e+00 1.165612381749338056e+01 9.280337414343332370e+00 1.630445946061089657e+01 8.494838490000484299e+00 1.419962727543542513e+01 1.822025600997665862e+01 1.676682869889025085e+01 1.975940523408895544e+01 1.584727516917587131e+01 6.850304130396747126e+00 1.312823064494361880e+01 2.451799066805147120e+01 2.997755302327813709e+01 2.742914996485940549e+01 3.033568415480408120e+01 2.799750632725039168e+01 1.776141316564602590e+01 2.799750629685460268e+01 2.665051195522022809e+01 1.686421595432204157e+01 2.665058563867196284e+01 2.860068920875276888e+01 2.021583149470168195e+01 2.516784701335733487e+01 2.177956978054431758e+01 1.260290683376929088e+01 1.260290683376929088e+01 1.446305229193318453e+01 1.637832491004806457e+01
1.369999999999999864e-02 1.001369983757880178e+01 1.650485847316368382e+00 1.283015663803720230e+01 6.609666170974976218e+00 1.617000623639424006e+01 1.826879474247067137e+01 1.409538513493142453e+01 7.474101057539158433e+00 1.693638661970008741e+01 2.099800983000140775e+01 1.142476499421477953e+01 2.158055036696938700e+01 2.684789758751610478e+01 2.583210129807405409e+01 2.371036283762828134e+01 1.442228462530993660e+01 7.617794642081742396e+00 1.769755654281894053e+01 1.645059418731351286e+01 2.064383851260550529e+01 2.604035550769595631e+01 3.567380491851771751e+01 3.216380027599227986e+01 2.292980959631180582e+01 3.216379617942633473e+01 2.972708792010646306e+01 2.007775368206021227e+01 2.972708791975547271e+01 3.429154177564682726e+01 3.029401690976848371e+01 3.070321434347749090e+01 2.374928650691613186e+01 1.350751440197597120e+01 2.287762560866517703e+01 2.472014318987043069e+01 2.666441790922552357e+01
