output/example_1/elevation_000348.asc
nrows	75
cellsize	13.33333333
xllcorner	0
ncols	75
yllcorner	0
NODATA_value	-9999
[rows 51 to 67 of 75, columns 37 to 73 of 75]
2.496644670967913537e+00 3.319370240655850957e+00 2.776924908215864907e+00 4.454373566884767932e+00 1.105209360889942083e+01 3.503263035069996700e+00 3.734437064106537196e+00 3.920963007069740769e+00 3.920963007069740769e+00 3.920963007069740769e+00 3.920963007069740769e+00 3.920963007069740769e+00 4.127567641683262067e+00 4.127567641683262067e+00 4.148094000301377982e+00 4.442101704931846307e+00 4.495397766301621800e+00 4.646899883019607991e+00 4.646899883019607991e+00 4.976282386917032952e+00 5.693408771336161855e+00 6.015907664836348090e+00 6.447973180536519244e+00 6.447973180536519244e+00 6.447973180536519244e+00 1.796632651607672315e+01 1.682060934176955058e+01 2.386241127991357658e+01 2.938082479540323888e+01 2.204477429915644393e+01 2.490002126438006869e+01 2.413658123567864777e+01 3.167428651024694730e+01 3.888582016395949381e+01 3.952363018079810786e+01 3.597553683559369375e+01 4.272445453048799635e+01
1.249896493074108328e+01 5.301954421688625629e+00 1.089326485514582643e+01 3.055023287067128557e+00 3.251179899921586181e+00 1.169432095149764628e+01 8.412634384225073703e+00 1.263283485753732194e+01 8.909470827718903863e+00 1.335843090765771812e+01 3.920963007069740769e+00 1.246248984456649467e+01 1.290563183590900564e+01 9.431741891414347378e+00 8.436010857809225882e+00 1.284558922074338660e+01 9.374191116135135005e+00 1.085686584385473452e+01 8.185304744407188693e+00 9.357102930545089237e+00 1.358464325521583760e+01 1.132613325113707070e+01 1.228027836447876098e+01 6.447973180536519244e+00 1.647541663785213117e+01 2.127277698949909635e+01 2.887665391274224902e+01 2.741567892917262483e+01 3.154629118117116349e+01 3.267763848044103980e+01 3.496940112767734377e+01 3.580545603380091535e+01 3.718645707604480322e+01 3.548112287194080494e+01 2.972869983958613815e+01 3.952363018079810786e+01 4.382447522263130679e+01
9.170204682507428373e+00 1.468056968080815672e+01 1.372970696314162353e+01 1.319017400054306322e+01 3.251179899921586181e+00 1.313745482852506541e+01 1.689224063141292831e+01 1.645661552621999846e+01 1.474398063872712861e+01 1.793821041505615455e+01 1.453901637409926551e+01 6.169669310539561025e+00 1.600701720975117937e+01 1.900014268054793831e+01 1.949362155883859060e+01 1.674601239502221617e+01 1.428292154743133935e+01 1.860088865783713175e+01 1.117305794959579579e+01 1.957741838272828616e+01 1.734614887636579539e+01 1.968027798506154014e+01 1.805211497685878896e+01 1.638867192359037261e+01 7.109575267032519186e+00 1.719488038159946086e+01 2.099469653347819431e+01 1.727768074487313399e+01 2.447593686797542034e+01 3.460179752131487163e+01 3.602695326033521894e+01 3.430463947566279614e+01 2.731540183180150194e+01 2.463024155522075631e+01 3.273060347934981706e+01 3.677358361291356914e+01 3.397825778726382850e+01
1.221687817250620611e+01 2.138408778633448648e+01 2.245933564724007425e+01 1.659159682556287763e+01 4.001960207505470102e+00 6.156101174101262785e+00 1.244900392074939255e+01 2.184441408009251617e+01 2.283115046732163478e+01 2.150731499978576267e+01 1.198562862012474994e+01 1.601619966580910059e+01 8.139310078572464136e+00 1.495211378001847713e+01 2.445559759180367720e+01 2.602276933109003210e+01 2.112086443866265739e+01 2.478930422824966939e+01 1.444022382409773897e+01 2.478930422833491320e+01 2.692032993020144360e+01 2.542418172573813351e+01 1.789483692274329130e+01 7.109575267032519186e+00 1.710931296093317044e+01 7.803372379922138613e+00 1.087274812837768856e+01 1.672165244723214528e+01 2.698813006732400410e+01 3.602667248923454224e+01 2.603108384053293278e+01 2.787502008531991393e+01 2.002004429395224960e+01 2.903394463723731889e+01 2.380729994860481114e+01 2.672304941487473329e+01 3.397825778726382850e+01
1.577362104356862638e+01 2.502241213755376847e+01 2.342331501224082402e+01 1.272095535104392106e+01 4.401939710500013092e+00 1.396627349505435056e+01 1.417750321751607601e+01 2.343958978055120568e+01 2.924390652319220152e+01 1.977271511425594852e+01 2.150937156870875455e+01 1.619917770191785422e+01 9.425885082951602101e+00 1.897933762204290531e+01 2.466467738213625438e+01 3.003534245919326295e+01 3.167874571133547335e+01 2.897915230119297547e+01 2.040497733973440475e+01 2.897915230119297547e+01 2.945700651974243911e+01 1.775024874992518065e+01 9.940675389148291075e+00 1.771129269795675398e+01 1.848580026126609255e+01 8.342689867304930118e+00 1.849093496441797413e+01 2.491086757211347091e+01 3.077944186329516540e+01 2.980350659529996804e+01 2.569596525989533475e+01 1.769038213436479623e+01 2.787502008531993880e+01 2.002004429395224960e+01 3.033357359459172642e+01 3.686214810504002770e+01 3.397825778726382850e+01
2.231610198779712562e+01 2.906524160180197569e+01 2.005210433633334333e+01 1.087482611140976374e+01 4.827220485377477388e+00 7.332940212660379764e+00 1.704676444553324188e+01 2.411275706423324294e+01 2.819657290807918670e+01 2.924511389830118091e+01 2.962035735225873623e+01 2.290969847432279138e+01 1.897932684775663859e+01 1.133386869646388639e+01 1.681214576893063040e+01 2.623922765457593442e+01 3.356620543965256331e+01 3.254123748093658008e+01 3.077947009389297506e+01 3.489439170479134589e+01 3.112707823933922668e+01 2.013460795920211766e+01 1.219708753821563540e+01 2.325500711098506201e+01 1.895606339369951954e+01 8.903468584119877960e+00 1.894397091972820135e+01 2.335421065612213098e+01 2.237730844132685704e+01 2.365429839073760121e+01 1.556833098380760383e+01 2.005093496547191734e+01 3.017941607903660284e+01 3.035795692562839676e+01 2.734557565960345826e+01 3.763048863305586877e+01 4.382447522263130679e+01
3.181239292947664410e+01 2.993785913315695879e+01 1.987689620736690443e+01 8.872605226220693808e+00 5.279836524760799676e+00 1.505971028151117608e+01 1.127395858200596379e+01 1.433072599625822718e+01 2.125930447661792400e+01 3.115397000434484198e+01 3.528939683150802864e+01 2.578939860960725383e+01 1.907987847325504305e+01 1.389502622080785876e+01 1.377071977315095097e+01 2.043195819187496909e+01 2.579156486163527973e+01 2.301028125603435726e+01 2.984132808319814600e+01 3.691050743224231923e+01 2.773997894458407032e+01 1.633078304585602680e+01 2.341931221228989202e+01 2.325922164108181533e+01 2.321400288868030870e+01 1.896304612204884421e+01 9.694110456721714897e+00 1.981020965982649429e+01 1.227623969475207488e+01 1.359118824680020410e+01 1.747606699333617897e+01 2.772864567944741410e+01 2.838880827370366688e+01 3.814670714221281855e+01 3.763048863305822067e+01 4.198303011171281440e+01 4.636639487189688680e+01
3.311143204076111601e+01 2.257982309004368915e+01 1.536518963601675658e+01 1.555031560615808139e+01 5.711816333510231658e+00 1.555254336144353111e+01 2.043881662597098625e+01 2.415268651022082480e+01 2.125947533114834087e+01 3.116371114793041386e+01 3.275522954880896975e+01 2.319727902194972202e+01 1.772512029689931623e+01 2.335078045750296383e+01 2.323220832049543105e+01 1.632184387520362989e+01 1.632184387520362989e+01 1.632184387520362989e+01 2.585705051363935070e+01 3.276092191649494367e+01 2.155997147701692995e+01 2.773997894457813018e+01 3.200809416653221717e+01 3.296051083587920516e+01 2.936899806174111660e+01 1.971651544637318310e+01 1.974515779899661538e+01 1.046504953654877212e+01 2.060270925563230904e+01 2.368104300605027390e+01 2.760694593428976873e+01 2.481248905931715143e+01 3.476887054177265668e+01 4.193014672954328148e+01 4.352458062774943670e+01 3.957468974276119411e+01 3.676147336663426302e+01
3.084986720221109024e+01 2.691417660360789199e+01 1.764012203568717396e+01 1.142747339702464160e+01 6.117262472725765399e+00 1.172028670907093684e+01 1.892584830033649723e+01 2.957228579946659153e+01 3.115874335729357725e+01 3.516917008631963171e+01 3.668252801758230675e+01 3.062310620121137816e+01 2.105768377141826164e+01 3.061542377005664051e+01 2.926612269696340363e+01 2.574198930393078655e+01 1.632184387520362989e+01 2.300812625446695492e+01 2.979763509832822521e+01 3.690937309351822648e+01 2.685736935595853581e+01 3.691026673836926619e+01 3.550148938771342699e+01 3.035413808383722056e+01 2.652054622826672414e+01 2.485199659857342169e+01 2.112804671414201962e+01 1.106809841082438517e+01 2.121220017687105752e+01 2.629467143139562779e+01 3.216500128217376897e+01 3.476887054177266378e+01 3.862095171546092587e+01 3.812789658228179235e+01 3.489651701718108257e+01 2.965078676929096346e+01 3.676147336663426302e+01
2.092041099141385274e+01 2.380189012654953729e+01 2.152449122031391227e+01 1.632452984690719333e+01 6.541497156115982037e+00 1.632378935010100207e+01 2.124589854636171182e+01 2.798402495951559743e+01 3.294046411631558158e+01 2.897767550086258836e+01 3.303783631483207017e+01 3.456768296947301877e+01 2.657812136268929848e+01 3.454696613923704973e+01 2.986501262134130386e+01 2.033061273759782139e+01 2.582799611797199191e+01 2.978265349843400145e+01 3.636816389963640717e+01 4.104727528853998564e+01 3.328399333470268573e+01 3.846115361845648550e+01 2.870066295090700947e+01 2.144654270794886131e+01 1.639491032075766341e+01 1.479621380696881339e+01 1.323254025498125763e+01 2.121150035567730896e+01 1.204546631856495331e+01 1.788931363178310008e+01 2.802391866315153379e+01 2.763557449264974508e+01 2.930235402328010252e+01 2.811011173822785736e+01 2.470438440777699896e+01 3.072442918997921169e+01 3.779016372314438854e+01
2.379946107335345573e+01 1.400083310681062621e+01 1.744726777207396751e+01 7.652751974707786786e+00 1.632451256502067949e+01 7.364134861449738167e+00 1.427583435938248790e+01 2.210563348189191046e+01 2.324450800953133012e+01 1.905568894928926227e+01 2.608375030961028429e+01 3.596423586607439660e+01 3.614883140609612866e+01 4.007960718132623157e+01 3.379269311539018616e+01 2.707995821733693376e+01 2.583895002743681957e+01 3.136949719761769728e+01 4.083066939520372785e+01 4.695342459629838316e+01 4.293797957168089141e+01 3.584362430775377106e+01 2.916162889660104440e+01 1.895150637063537147e+01 2.652204939704171238e+01 2.193239347536118444e+01 2.050144531205469534e+01 2.255411657534535053e+01 1.276250348196714590e+01 2.283569358996461318e+01 2.535249660010257955e+01 1.742920004643373844e+01 1.902663073964764706e+01 2.073904644055524571e+01 3.104425298626222585e+01 3.768011529782291547e+01 3.768011529784724445e+01
1.968137069927077931e+01 1.852122270913796953e+01 8.795988859283577099e+00 1.729725419649352247e+01 7.364134861449738167e+00 1.577974098195871733e+01 8.214545501925707427e+00 1.801958616471747732e+01 1.345138995325662989e+01 2.034466830173105834e+01 3.024394230342123890e+01 3.354185799676920254e+01 3.749642903882492817e+01 3.723537231117549595e+01 3.967919693977807327e+01 3.659387528792483124e+01 3.536827182326943131e+01 3.927973216955145119e+01 4.473646617680923754e+01 4.533483541171317199e+01 3.983041044988257795e+01 3.237940049014831345e+01 2.219165153808572555e+01 2.258295470358221380e+01 3.273391214458153087e+01 3.206823435324849925e+01 3.123465190022440297e+01 2.682810622765496333e+01 1.778669663371018572e+01 1.378920991792049477e+01 1.526533154589181684e+01 2.237920677522686219e+01 2.930214355958935002e+01 3.104425298661447030e+01 2.444666936016641401e+01 2.763898134411891760e+01 3.484711115068270715e+01
1.000695798435905637e+01 1.000695798435905637e+01 1.275789952540122307e+01 2.157530457144824965e+01 2.242778559217869017e+01 2.176508030991066889e+01 1.801959198169863896e+01 9.083452408136896139e+00 1.880735878582212806e+01 2.386023194938096736e+01 2.657051759839975347e+01 2.368344939959474260e+01 3.354185169616830109e+01 2.735642035236755376e+01 2.990397156827080849e+01 3.564175321497834403e+01 3.890966731943730395e+01 4.283471450865341978e+01 4.759810165578724650e+01 4.148953506357353405e+01 3.184991862931207862e+01 2.589796985141856567e+01 3.237940049014831345e+01 2.990070981134151751e+01 2.989149118818583872e+01 3.965726531796069310e+01 3.585458111604700804e+01 2.605878480758526550e+01 2.461723446404435833e+01 1.458666463248313150e+01 2.462847187070398647e+01 2.947848598241564844e+01 3.657373435006095264e+01 3.865881219580291628e+01 3.047491820911761096e+01 3.768011529784917713e+01 3.484711115068270715e+01
1.975263832685492460e+01 1.431639764341436738e+01 2.243289026598231217e+01 2.798982132437446424e+01 3.122380042053922367e+01 2.553171042712871497e+01 2.047225953375090413e+01 1.338796029118453212e+01 9.997366677004448476e+00 1.982634492793873449e+01 1.667283703928384497e+01 2.482270111367917664e+01 2.696873021051332842e+01 2.013693861480000535e+01 2.269840884370400858e+01 2.568358750395401557e+01 2.910596097085836931e+01 3.412434774864431830e+01 4.369507681117734421e+01 4.200287412169824108e+01 3.239165255898593188e+01 3.053468613218436190e+01 3.979922953412970088e+01 3.982957773488529085e+01 3.965888408694366518e+01 4.349615854792847358e+01 3.965401052484339317e+01 3.103157382474088877e+01 2.534196163247041156e+01 1.535962125342861029e+01 2.542649996108918842e+01 3.119303322331708017e+01 3.603372433908336347e+01 3.989867435390665662e+01 4.035941838206712617e+01 4.430572195171876615e+01 4.451959233219766787e+01
2.511807590802951040e+01 1.993036829007512267e+01 2.829909775097356928e+01 3.124783948382699350e+01 2.155362795759971561e+01 2.166405082698955198e+01 1.273140675498700070e+01 1.164725712736868957e+01 1.982658402573171941e+01 1.109321187932202157e+01 2.079013663418722047e+01 1.490761985489875840e+01 1.691380862780475169e+01 2.696884527201499893e+01 3.276707104509529245e+01 3.564175321497834403e+01 3.890966731943730395e+01 4.283471450865341978e+01 4.759982772113441030e+01 4.584849187381875879e+01 3.928361625035859817e+01 3.621949474489515097e+01 4.397882236840244019e+01 4.342688257607106550e+01 3.956393392599827763e+01 3.609457582037502732e+01 3.268777753272685516e+01 2.700875265177280227e+01 1.684267241340890209e+01 2.530948644921781110e+01 1.693440194220114492e+01 2.711772240242557075e+01 2.597810650019748735e+01 3.022967792088481787e+01 4.004417726185522497e+01 4.590431548054722555e+01 4.593199619554158630e+01
3.047507804295953804e+01 2.994184807980431984e+01 3.405691791605362795e+01 2.931563346899258349e+01 2.339563821529397458e+01 1.409902054985541398e+01 2.166587723842401658e+01 2.368877170546538480e+01 2.076412393484789476e+01 2.085653268215280676e+01 1.220028682463021674e+01 2.197124251805434625e+01 2.317479823883587997e+01 2.728153731323506292e+01 3.315158971903235852e+01 3.562023219920416750e+01 3.960181078406323252e+01 3.943006169595075505e+01 4.337154334239890119e+01 5.011445650950846442e+01 4.856774335352877614e+01 4.281353866870891522e+01 4.501875998894472986e+01 3.557072410147053887e+01 2.975110735459715627e+01 2.604691965175744883e+01 2.864427600109183913e+01 1.841799083343992649e+01 2.408448221335720163e+01 3.082771150729992371e+01 2.711767204857633828e+01 1.859800154232672398e+01 1.991885044370286195e+01 3.023586873420141785e+01 3.227346866171320272e+01 3.930980429453251901e+01 3.656680259651582787e+01
3.453992942078682660e+01 3.719323107180018440e+01 3.146913841295614844e+01 2.528615938934256135e+01 1.556480995165793502e+01 2.339563821529397458e+01 2.044642381303848921e+01 3.011466360111650786e+01 3.042359146247781254e+01 1.220028682463021674e+01 2.197192846565958746e+01 1.336720285808593189e+01 1.336720285808593189e+01 1.892610847656051831e+01 2.899324337331651336e+01 2.561775595796997607e+01 3.321189994494741171e+01 2.959828469990477018e+01 3.662863088036269232e+01 4.592033735449801668e+01 4.973877530125334090e+01 5.196435555980339416e+01 4.884683019123936276e+01 4.342688257527844797e+01 3.956393392599782999e+01 3.160112737885956236e+01 2.135819242676583585e+01 1.841799083343992649e+01 2.864427613086648705e+01 3.786817564983867612e+01 2.895706885202745440e+01 1.859800154232672398e+01 2.890393313245009566e+01 2.197495407736783690e+01 3.224518482311064105e+01 2.947849976593151666e+01 3.656680259651582787e+01
