output/example_1/elevation_000241.asc
nrows	75
cellsize	13.33333333
xllcorner	0
ncols	75
yllcorner	0
NODATA_value	-9999
[rows 51 to 67 of 75, columns 37 to 73 of 75]
2.966290895041405307e+00 1.289553373733525454e+01 1.956944307926605475e+01 1.725146409862582786e+01 2.143211115149768276e+01 2.500232905532675076e+01 2.215090113682487072e+01 1.501444135747400388e+01 3.967981180549103648e+00 1.417966903315544513e+01 1.639448968090732706e+01 1.382986981588856068e+01 6.080670593894870635e+00 1.319235991553191312e+01 4.867087035458418143e+00 7.968598120917326000e+00 7.914465517327156086e+00 1.745886567403683287e+01 2.475615174089778137e+01 3.056185593465600547e+01 2.474908059495157531e+01 1.486637701767492992e+01 1.782617246610118400e+01 8.310942547040051309e+00 1.192222549418045574e+01 2.195378657727989946e+01 2.702719592679456895e+01 3.121733098271056406e+01 3.150048642977759883e+01 2.170464335751416485e+01 3.150048657105499572e+01 3.069605510324963760e+01 2.137877512078249964e+01 3.069605510324970865e+01 3.794093507244461705e+01 3.772530148993617161e+01 4.209351361180734585e+01
1.065316555823027933e+01 1.135038261255647285e+01 1.234565268484719702e+01 7.578814771537983219e+00 1.380278274664804705e+01 1.406763435354010738e+01 2.051397573598694279e+01 1.299766097587623292e+01 1.317527990546001426e+01 3.967981180549103648e+00 1.062372586846351119e+01 4.281356335053930096e+00 4.525317352942312965e+00 4.525317352942312965e+00 7.509983436280632141e+00 1.564784313738710075e+01 1.745886567401266021e+01 1.085543853002794634e+01 1.650556912286662836e+01 2.646887923515910046e+01 2.899689012777804109e+01 2.485871314374851693e+01 1.660854897454573020e+01 1.841858219723812695e+01 9.004414511221773054e+00 1.913440551363472863e+01 1.729875618590351039e+01 2.595828824273836588e+01 2.807355366977587607e+01 1.886390459852584200e+01 2.823307483041762467e+01 2.646095745716521463e+01 1.960401847913015061e+01 2.890294374102863628e+01 3.271271693180833040e+01 2.770013237473376577e+01 3.250129795343370631e+01
2.482980655409952497e+00 2.692658873428370736e+00 2.692658873428370736e+00 3.780772613276633720e+00 3.828433696513751094e+00 1.394966679998957026e+01 1.320055768924112094e+01 3.453132986348039335e+00 3.689395635351349512e+00 1.213212507248390715e+01 3.967981180549103648e+00 1.381589785685086547e+01 1.519765704333722489e+01 1.480012513912366501e+01 1.040725613991945941e+01 1.927836718741752264e+01 2.327608678906653239e+01 1.344714149359777977e+01 2.038173490160579604e+01 3.023494374131402296e+01 3.608689600451210566e+01 2.649419803469551482e+01 2.298020214885069734e+01 1.302264030281896012e+01 1.907388593598841808e+01 9.638191711926738847e+00 1.981437064102992096e+01 1.499664911972140757e+01 2.218821952153000154e+01 1.630760824668238840e+01 2.431966850668189295e+01 1.715325756522904754e+01 1.885281366796071723e+01 2.060465865840201261e+01 2.325368517135713731e+01 3.271271693256484525e+01 4.209351361164776506e+01
1.294249802848160869e+01 5.844571211297452606e+00 1.103099481519059388e+01 2.988533313005562686e+00 2.988533313005562686e+00 1.276817227358646711e+01 3.269082243491243656e+00 5.480620528648348255e+00 4.485420993934527090e+00 1.332073109544162470e+01 1.428899437266236028e+01 5.713677249076174469e+00 1.615527326162664679e+01 2.211604910007887170e+01 1.967013581181056026e+01 2.423582008979012059e+01 2.746631352815011340e+01 1.912760527462760152e+01 1.912760527461737325e+01 2.894301749745340047e+01 3.468143767863841020e+01 2.460645592645328961e+01 1.752944430359312378e+01 2.309014803713903774e+01 2.385411062148959971e+01 1.686631216496398267e+01 1.031161389157507458e+01 1.525299408947997115e+01 1.260498729172067200e+01 1.373769087435220548e+01 1.482647007010281293e+01 1.640356533016744223e+01 2.658777323528089909e+01 2.986071154766385760e+01 2.380747165566486601e+01 3.334240366121707666e+01 4.198648615882941471e+01
2.015323698296618460e+01 1.163574860133289057e+01 1.801238791195013533e+01 1.288265824106871626e+01 2.988533313005562686e+00 2.988533313005562686e+00 1.126194527442153337e+01 9.869387030219602508e+00 8.795561469871138627e+00 1.753339232471979159e+01 1.613670640078590779e+01 1.615528002256549911e+01 7.595648190155891655e+00 1.811604299041283994e+01 2.441333414587265693e+01 3.035995319608313281e+01 3.321917154246600745e+01 2.894301834269530360e+01 2.469427181371649738e+01 3.321913020570855934e+01 3.470161224703316094e+01 2.460739277237138367e+01 2.460739277237138012e+01 3.170647873997553035e+01 3.092804008405333249e+01 2.460863979459826822e+01 2.045931215172881679e+01 1.102531311579086726e+01 2.121967482001976180e+01 2.320218351222042230e+01 1.733394729785101163e+01 2.617038228831374624e+01 3.202777323567338641e+01 3.764553683203453005e+01 3.334240366121707666e+01 2.759244882331972804e+01 3.318808347540876014e+01
2.689295114525904395e+01 2.176700270080850785e+01 1.634726944758078204e+01 1.599380904869041764e+01 1.130624906964209053e+01 3.366350815359767434e+00 1.172715714542384191e+01 1.820684992692114790e+01 1.628576787852664509e+01 2.498442549086872333e+01 2.647461782510608685e+01 2.237087718379747159e+01 1.811604299041283994e+01 9.611786252673470088e+00 1.579377082835355139e+01 2.615264683429951376e+01 3.243093877842139250e+01 3.662759356854527226e+01 3.474690788598793034e+01 3.910032916719014651e+01 3.881153159226628446e+01 3.470161224706246372e+01 3.470161224651654663e+01 3.166463702000010372e+01 2.181291687650626088e+01 2.181037099459127759e+01 1.186730282493691746e+01 2.121578846061620993e+01 2.332860670961715499e+01 2.688757775706051234e+01 2.665996900920203316e+01 2.125975920979421474e+01 2.431348948261159748e+01 3.400484684278204384e+01 4.198648615882813573e+01 3.761680237963282281e+01 3.453774150799703335e+01
2.224143486999210495e+01 2.407774552985231509e+01 1.733680706264952676e+01 9.931603064188587737e+00 3.911633657457480595e+00 1.363234671919179775e+01 1.852460843571541460e+01 2.693305136218788221e+01 2.952722257455129196e+01 3.457236932365596260e+01 2.747342395570394658e+01 1.714757638519440519e+01 9.611786252673470088e+00 2.017194698376466278e+01 1.253934667160663530e+01 2.302607049206223877e+01 2.227660507823837932e+01 2.946546525088655599e+01 3.959023577098667346e+01 4.040730517202119643e+01 3.622379978649843935e+01 3.622379833204001187e+01 3.288859223483080285e+01 2.591623104606090777e+01 2.181310660948216906e+01 1.186730282493691746e+01 1.257327950915585468e+01 2.243298000536817938e+01 1.356572694948674318e+01 1.781929102589012714e+01 2.799695953854064712e+01 3.082495318968130249e+01 3.400484684278204384e+01 2.971818880181293565e+01 3.545471646714439373e+01 4.612945242851552052e+01 4.505031289530823813e+01
1.146833639403739546e+01 1.584795096003426451e+01 1.459277619774272416e+01 4.558009007369741461e+00 1.203805598379955910e+01 1.556705419524648804e+01 2.233600343895566098e+01 1.872814698592324234e+01 2.338666232019260960e+01 3.241978852439773817e+01 2.858541835039542178e+01 1.828106260681374096e+01 1.248603504112683815e+01 2.301038316630629410e+01 2.302606860883728146e+01 1.567638870335379053e+01 2.600877492200816121e+01 3.606933798322776141e+01 4.191563398378719540e+01 3.622379978649844645e+01 2.624704058519656513e+01 2.624704058427638742e+01 2.705074125083025649e+01 1.894386983726478491e+01 1.186730282493691746e+01 2.181310658627457855e+01 2.243297881444076936e+01 1.356572694948674318e+01 2.326943478875528726e+01 2.679295613430298317e+01 3.196148294384952493e+01 2.639943568309463728e+01 3.611311575603932056e+01 3.989521373612480915e+01 4.435795559744825312e+01 5.054197346845248262e+01 5.365523513230948538e+01
1.294938799488403980e+01 6.679134289290904469e+00 4.558009007369741461e+00 5.128127307981109162e+00 1.507401535217387512e+01 1.035106854025967316e+01 1.347660861703556812e+01 2.263863551399024132e+01 3.155730487777007554e+01 3.644270294037351476e+01 3.279017316686232419e+01 2.302072353690066819e+01 1.591858869282800093e+01 2.634873892415985708e+01 2.038793759379445092e+01 2.600877492200816121e+01 2.171578171150916248e+01 2.759500408006343974e+01 3.771710110567880747e+01 3.622379978644676868e+01 2.624704058519656513e+01 1.940506606677784518e+01 2.294387070636934212e+01 1.314975014340108572e+01 1.186730282493691746e+01 2.181310691973302340e+01 1.356572694948674318e+01 2.330399796045482930e+01 2.741278510323581585e+01 3.466351845439277213e+01 3.120728995672481787e+01 2.639943568309463728e+01 3.118574846153013169e+01 3.777100636860677696e+01 4.598519715859566759e+01 5.106226830602155786e+01 4.335956198627801683e+01
7.993349065824110866e+00 1.548130005499502992e+01 1.290364249990219214e+01 1.517535534127463492e+01 5.967441100981854873e+00 1.601599849455063307e+01 1.974284279099518713e+01 2.610358287463778026e+01 2.747540882441363053e+01 3.750708254251464524e+01 3.767405680462074713e+01 3.027447677676958548e+01 1.969121404579351520e+01 3.027447677676956417e+01 3.055612933062657888e+01 2.038793759379445092e+01 3.055612648635784367e+01 3.606934120983117964e+01 3.819767486712035520e+01 3.401447023090810973e+01 3.051405251786118455e+01 2.456632569322387027e+01 1.489803464350773332e+01 2.294387426851745104e+01 1.894386997059811861e+01 2.591623119018689891e+01 2.330399982216346899e+01 1.454300750476400950e+01 2.418991761665786910e+01 2.730325322499905027e+01 2.161178041334333599e+01 3.131456425822704048e+01 3.994344747340753798e+01 4.447713173152253319e+01 4.622379369908984614e+01 4.188431300299726701e+01 3.728574283629602348e+01
2.013329033698283865e+01 2.304114061938910751e+01 2.292270377968117856e+01 2.015514491467219571e+01 1.601154263061620497e+01 6.833707021129260539e+00 1.687497235699129305e+01 1.756591342209529927e+01 2.454129411300260344e+01 3.457795924138800814e+01 3.574002409223228938e+01 3.488599470729656105e+01 2.593575797055017418e+01 3.492050912332624790e+01 3.475216257988851254e+01 2.549674440673491560e+01 3.475216257988851254e+01 3.741786665229707154e+01 3.243895033106209524e+01 2.409185654392557296e+01 2.637688392911856639e+01 1.670945048260882970e+01 2.168572424188938186e+01 2.868650388697700748e+01 2.874005767599656735e+01 2.881248887072647946e+01 1.903927069809549621e+01 2.418991735180962266e+01 1.548844080580952642e+01 1.775067938252610134e+01 2.325139769733296902e+01 3.013105369518708798e+01 3.978820305510922850e+01 3.843369613477379687e+01 3.843369473926225766e+01 3.175293168542587097e+01 3.740234753270234336e+01
2.183104994986097580e+01 3.187097463238298900e+01 2.695019021647219404e+01 1.693727131709679412e+01 1.192545937439217951e+01 7.445797402948921118e+00 1.126519297718748192e+01 2.135276698077735702e+01 2.531332631398232280e+01 2.824786210381396501e+01 2.631418825861231880e+01 3.528406647953324438e+01 3.708728127286912013e+01 4.239579166152869050e+01 3.981411886345567552e+01 3.561551798379387179e+01 3.981411886345564710e+01 3.323579086098289537e+01 2.333549714439342537e+01 1.855103359450907163e+01 1.855103359450907163e+01 2.637685835711189597e+01 3.051397971581297597e+01 3.568728353270430631e+01 3.457702399806545657e+01 2.459255628666410942e+01 2.866882385680792567e+01 2.314461947671409447e+01 2.509424044960181277e+01 1.642676350982896949e+01 2.604227205589930350e+01 3.121926896983955402e+01 3.550175417825592206e+01 2.839006544802202470e+01 2.839006558084259879e+01 3.355875889279041502e+01 2.729815871456142418e+01
3.022787887103816118e+01 3.599820816435684634e+01 3.116015473374999800e+01 2.221780371417748157e+01 1.202128864373618455e+01 8.064479479538000817e+00 1.802663915046900556e+01 2.146800264028616212e+01 1.547048219222020293e+01 1.842443712668847056e+01 2.330996237996969711e+01 3.029782868255838224e+01 4.015784919378510409e+01 4.133476160292265433e+01 4.133476160292265433e+01 4.549168104425577752e+01 4.323837182424632175e+01 3.741786665221475516e+01 2.828564321350359734e+01 1.855103359450907163e+01 2.828564308017026363e+01 2.409185640891213964e+01 2.975434659691778450e+01 3.983380856500918554e+01 3.877525875097840924e+01 3.029012174715509786e+01 3.597913699972677648e+01 3.225143395621011422e+01 2.938570685978535835e+01 1.706093047404905150e+01 1.890581513675448733e+01 2.717309496519023071e+01 2.902731414317446834e+01 2.144345875532551560e+01 2.144345875532551560e+01 2.364392936377457843e+01 2.928512722554019021e+01
3.534292074353667346e+01 3.922379333255376110e+01 3.409319995223005861e+01 2.241496052261256366e+01 2.151281350563915495e+01 1.807537105954062895e+01 8.950572361246878828e+00 1.152061804188602245e+01 2.148357199571300669e+01 2.824786193659265265e+01 3.232303973662902052e+01 3.725245542658193187e+01 3.654363034487484896e+01 3.117123496199242538e+01 3.117123496199242538e+01 4.133476160292265433e+01 3.904788815891008369e+01 2.898104055898936338e+01 2.409185654378283559e+01 2.037091631977323303e+01 3.017101446714778845e+01 3.401445807227538154e+01 3.819694565108605389e+01 4.402105811035648486e+01 4.462914163210432861e+01 4.043304139788302365e+01 4.086953166885506050e+01 3.304559452160534505e+01 2.708621504078663023e+01 1.802159733980195000e+01 1.806354361877815151e+01 2.782341193496824516e+01 1.914262000019457588e+01 2.902731414317446834e+01 2.144345875532551560e+01 3.133177658927560216e+01 3.774425214397943051e+01
3.685462228795056916e+01 2.897712175745470020e+01 2.892464299622470492e+01 2.592148128917154892e+01 2.386218362800140014e+01 1.901184585556650219e+01 8.950572361246878828e+00 1.901182551166557388e+01 2.434898384869916299e+01 2.142041581420950891e+01 2.557625405754865255e+01 3.355438644153164063e+01 2.639053785651083217e+01 2.400018930202726963e+01 3.117123495544569423e+01 4.133475517492306039e+01 4.323837182424642833e+01 3.819743279507704870e+01 3.214159384509949291e+01 2.228494440927662978e+01 2.789593337741531442e+01 3.496527564232022911e+01 4.512602454207705449e+01 4.654923708188617582e+01 4.148398634291577025e+01 3.730055744618360336e+01 3.082986822385820247e+01 2.889968966286053842e+01 1.938974845725555340e+01 2.708621504078137221e+01 2.782341193479730279e+01 1.914262000019457588e+01 2.902731400487171243e+01 3.318341634351446601e+01 3.133177658927560216e+01 2.667191412905290804e+01 3.239530770745268029e+01
2.847401345843713472e+01 2.267208069558715522e+01 1.896881980414156033e+01 1.603445874094126111e+01 2.044266085994042470e+01 1.049330720858780452e+01 1.901184379232999788e+01 1.016169351616940730e+01 2.020849712666193554e+01 1.143116993747865351e+01 2.142045218996599587e+01 2.559084128223865306e+01 1.936025641733782976e+01 2.658973652944666455e+01 2.961366461561867425e+01 3.326380053756697208e+01 3.756650438580282980e+01 4.144392861910924353e+01 3.139035734032139402e+01 2.443052313882547111e+01 3.436109561239562282e+01 3.847780159383792409e+01 4.267002318454072451e+01 4.237857060286382449e+01 3.222254450690447669e+01 2.726931811954764484e+01 2.406284926847381556e+01 2.107894115023159287e+01 2.889968969003259147e+01 2.902731413949116757e+01 1.914262000019457588e+01 2.902731400485005153e+01 3.318341441006543135e+01 4.031650415195903037e+01 4.086698803907786726e+01 3.668284333908173522e+01 4.086698915406039845e+01
3.685460577385766356e+01 3.272319179884262041e+01 2.792331483849319795e+01 2.205870284529879655e+01 1.210825394401926935e+01 2.052296850162414188e+01 2.435409303177742757e+01 2.020849712666256792e+01 1.143116993747865351e+01 1.143116993747865351e+01 1.143116993747865351e+01 2.142186121201018878e+01 1.670058080859856275e+01 1.670058080859856275e+01 1.959525906239897353e+01 2.305507762510201175e+01 3.025720625877893610e+01 4.076669433332262571e+01 3.854949716299245921e+01 3.008638669495721274e+01 2.839366619561807781e+01 2.839366619561807781e+01 3.847780619587845052e+01 4.654923708093994605e+01 4.148398634411368846e+01 3.730055266129711100e+01 3.242620143182214321e+01 2.259179831926246251e+01 3.242621043814179416e+01 3.006270822278716537e+01 2.018297798350431549e+01 2.991829131294476340e+01 3.158861581730085888e+01 3.029133360555336196e+01 3.735780258486415306e+01 4.162402608831900608e+01 4.162402608831900608e+01
