output/example_1/elevation_000286.asc
nrows	75
cellsize	13.33333333
xllcorner	0
ncols	75
yllcorner	0
NODATA_value	-9999
[rows 51 to 67 of 75, columns 37 to 73 of 75]
1.145541375273291429e+01 1.145163164189984073e+01 1.910118143721333706e+00 1.075389765407649278e+01 1.349815750773837841e+01 1.948893139048280077e+01 1.167500538736819138e+01 2.023156296669979426e+01 2.060263102595459372e+01 1.137339326447745513e+01 1.571656564779153165e+01 9.566649230842500629e+00 1.246524315615465461e+01 2.713146067643737780e+00 1.257337556680133162e+01 3.055965983268885022e+00 1.340001486820244914e+01 1.366440589962742180e+01 1.411959405456737748e+01 4.613721553852596635e+00 1.457076314348816481e+01 1.580792789690732292e+01 1.345803419640588672e+01 1.543415215095720505e+01 1.096609542384950231e+01 1.733050627788016129e+01 2.050143091990041100e+01 1.431278133180319045e+01 2.446159877101440117e+01 2.726573758169745076e+01 2.698633833743085120e+01 1.692158069302853463e+01 2.455888871063598344e+01 2.367743842769828788e+01 1.977730426432879796e+01 2.979865888287972808e+01 3.788969120591455209e+01
1.459763087437569107e+00 1.459763087437569107e+00 1.459763087437569107e+00 1.459763087437569107e+00 1.119856926921849194e+01 1.175297397713314140e+01 5.826046593121527728e+00 1.176538829719769197e+01 1.175329184030998064e+01 1.368706162775563939e+01 5.629772913932771239e+00 9.477873200083301697e+00 2.354890756018923170e+00 8.233442184455570967e+00 1.374541421929316698e+01 1.340071074285627084e+01 8.584711207289458912e+00 1.896453306395531158e+01 1.901007114488759697e+01 1.478665290105523589e+01 5.294383833710715415e+00 5.791720803418231256e+00 6.302876917087373521e+00 6.815241607785385014e+00 7.323305948171902280e+00 7.832433242047264876e+00 1.040342348414219131e+01 1.876760134344940312e+01 2.569748651226176150e+01 1.894624640789898251e+01 2.165534604845522182e+01 1.353850484309925406e+01 1.471152262158136459e+01 1.669624344275132088e+01 2.635588916955538252e+01 2.455479407045306672e+01 3.178219163550184945e+01
1.459763087437569107e+00 1.145637019161702952e+01 1.459763087437569107e+00 1.069210796217483939e+01 1.753761068612248453e+00 1.753761068612248453e+00 1.753761068612248453e+00 1.753761068612248453e+00 1.753761068612248453e+00 9.872120415969465768e+00 2.016970835222184455e+00 2.016970835222184455e+00 8.114071724285192744e+00 7.085204058451036069e+00 1.116291136822131413e+01 2.038613852750032507e+01 1.896608741374074825e+01 1.584607790717770293e+01 2.649855009173255027e+01 1.968186223993473760e+01 1.130079439198540392e+01 8.725166171139656868e+00 1.636477502411385743e+01 1.634051867269625191e+01 1.404690575964004573e+01 1.766132178173038625e+01 8.571820025225797224e+00 1.837397041485669291e+01 1.923275893477481446e+01 1.822296806793245949e+01 1.197223171710717082e+01 2.148010983530932450e+01 2.450807946206909804e+01 1.471152262158136459e+01 1.644484402058772687e+01 2.644499361849746322e+01 3.363015812717132746e+01
1.145638959103376209e+01 6.771905896566543959e+00 1.178204874405870228e+01 1.539429670028692421e+01 1.185334571770061451e+01 1.176521647197535891e+01 1.753761068612248453e+00 1.176488083084164948e+01 1.753761068612248453e+00 2.016970835222184455e+00 1.193983848419969895e+01 3.105333728864790643e+00 1.323116350613951830e+01 1.470203619243195625e+01 1.898846872290887688e+01 2.534340166666478211e+01 2.484280249409194496e+01 2.649857289810752548e+01 3.096288853316884015e+01 2.567941642414418624e+01 2.139197695095886687e+01 1.856103640636101559e+01 1.289163635401922825e+01 2.266754322635761199e+01 2.318283853245993242e+01 2.239578591088105952e+01 1.855530597695571515e+01 9.317815193064754808e+00 9.317815193064754808e+00 1.043337297519348894e+01 2.028504162830810031e+01 2.107452029581136443e+01 2.446627031405439467e+01 1.471152262158136459e+01 2.505306971727199539e+01 1.922992689327434945e+01 2.417528110994927104e+01
2.098125913151202226e+01 1.177445562031308413e+01 2.100086896951976101e+01 2.079853167918588497e+01 1.218867687188643067e+01 2.408812352315683469e+00 1.176595003302177922e+01 1.595503776096285087e+01 1.194000632773446746e+01 5.180799631113883308e+00 1.570683340744908207e+01 1.326471761894317858e+01 4.750882853292415220e+00 1.487402768866497915e+01 2.067979417893293004e+01 1.964143791089269797e+01 1.504001680193329982e+01 1.940016887149049651e+01 2.502876641637764266e+01 3.500681437780118443e+01 3.038103953379856392e+01 1.989357060719534687e+01 1.853297890717197305e+01 2.727882686518008271e+01 2.987103205105479731e+01 2.409364571464698201e+01 1.992203598425895095e+01 1.442093321080161239e+01 9.317815193064754808e+00 1.977286059154582176e+01 2.445908336406639805e+01 2.996852251381768184e+01 2.539574524979912340e+01 2.274106728464447258e+01 2.907044933298429612e+01 1.922992689327434945e+01 2.930608192325770389e+01
2.605320777409724187e+01 2.186261355969248044e+01 2.605220932723541338e+01 1.737132510754580039e+01 7.312239922603441578e+00 2.863045867129979438e+00 1.243843302135095996e+01 2.125839263164738568e+01 2.036226153535317707e+01 9.231704134149932628e+00 2.036245630159744024e+01 1.487401453189432132e+01 1.487402773991297700e+01 6.471873034244930878e+00 1.652562999539573241e+01 9.735647822085130798e+00 1.964143725145323316e+01 2.644158646815956004e+01 3.344591707841754413e+01 3.925289205285100991e+01 3.466408312321595275e+01 3.038103953379856392e+01 2.902010777088672455e+01 3.331245309855638936e+01 2.566328908785450480e+01 1.571913150995607822e+01 1.015640964917879074e+01 1.015640964917879074e+01 1.954727167364545437e+01 2.491479963844323464e+01 2.930882983721036084e+01 3.353572966195263660e+01 3.662346900506940983e+01 3.617727957832253338e+01 3.205129444156126084e+01 2.193376200290497735e+01 2.740629186559108277e+01
3.217638546768854724e+01 2.813677963423562289e+01 2.638196568335647640e+01 1.700314621258326753e+01 1.300369723661068200e+01 3.336032672625820261e+00 8.632636461062840993e+00 1.837656756723877294e+01 2.519502436157821990e+01 1.889825936211385127e+01 2.067009324701800566e+01 2.486699309633246813e+01 2.067986324207703319e+01 1.652562999526357501e+01 6.471873034244930878e+00 6.471873034244930878e+00 1.233044964749244521e+01 2.225644074775544468e+01 2.878587327254921746e+01 3.301882144231769445e+01 3.890072385001664657e+01 3.499555692890169212e+01 3.079557788983773747e+01 3.202664683933659262e+01 2.492243692605364203e+01 1.992203614788483534e+01 1.015640964917879074e+01 1.015640964917879074e+01 1.293124356378127793e+01 1.587243234265546299e+01 1.921572278567627379e+01 2.498564321596045801e+01 3.521447003462913727e+01 4.074487519925951773e+01 3.093800575680558040e+01 2.521518954781548771e+01 3.546672188417359450e+01
2.406818123959850197e+01 1.847356527454079256e+01 2.297156264895496136e+01 2.006562438035792084e+01 1.114502412939384612e+01 3.822485703287793246e+00 5.931477139881966565e+00 1.992399174009549867e+01 2.711847848787289905e+01 2.977039238069217220e+01 3.155173597887879566e+01 3.013799622863772143e+01 2.513935592289323750e+01 1.652566711404539745e+01 6.471873034244930878e+00 8.106422855887927881e+00 1.808385691886861224e+01 2.196797050940849516e+01 1.872484066617069232e+01 2.449306423430612867e+01 3.466412079147449532e+01 3.078866149177009959e+01 2.065963816799094488e+01 2.363160068686453030e+01 1.780871267641434130e+01 1.100222732752910915e+01 1.992203505326450497e+01 1.992201421721735244e+01 2.240551172549205461e+01 2.574037300313034748e+01 2.930882983721036084e+01 3.353572966195263660e+01 3.943487767777255470e+01 4.440643489990480930e+01 3.982869437621309316e+01 3.239305945240680984e+01 3.239494663661525919e+01
3.217599292468150907e+01 2.297157215233622196e+01 1.320517396500242846e+01 1.820165172127903475e+01 4.487170516531496567e+00 5.532497041491848400e+00 1.435469823090440400e+01 1.975664390809182080e+01 1.955768032136758450e+01 2.302954003039630848e+01 3.197033798027724316e+01 2.592723509111601388e+01 1.599770527995942082e+01 1.104175179233959270e+01 1.652566711404551469e+01 1.808385691886861579e+01 1.046225889307576828e+01 1.304039613614279070e+01 2.003983958215228967e+01 3.019781156220027896e+01 3.602601830316186948e+01 2.593315368773267338e+01 2.357465434070431343e+01 1.379842281091512035e+01 1.240413537986324677e+01 1.100222732752910915e+01 1.100222732752910915e+01 1.100222732752910915e+01 1.796681741879524097e+01 2.894090688991625271e+01 3.216414657001698885e+01 3.674339334048145389e+01 3.834360840162410256e+01 3.197996134651515376e+01 3.864718404084518966e+01 4.284279127141471832e+01 4.288264334739093186e+01
2.807774037492800545e+01 2.014955148148498409e+01 1.001984897477211689e+01 1.459872890931552547e+01 4.931287835275449005e+00 1.321386540775972307e+01 1.571577261295599293e+01 1.237843506771330659e+01 1.445600114120187563e+01 2.053292933660763353e+01 2.946297069841346783e+01 3.014190509988627298e+01 2.513935600999051090e+01 1.675904939555159601e+01 2.339695097593498474e+01 1.353276767302818406e+01 2.035288539779384820e+01 2.301504069200553459e+01 2.003983958215228967e+01 3.019781156220185636e+01 3.315107836441711697e+01 2.296420842522518058e+01 1.595402294601909787e+01 2.363160553029580058e+01 2.216576456997981026e+01 2.074189353933455848e+01 1.328445687818278032e+01 1.165560390784874301e+01 2.415970332409469634e+01 2.364298405712184348e+01 2.049970766067882266e+01 3.139541319435587141e+01 3.310169804084289069e+01 1.992440294595121486e+01 3.311293258567645381e+01 4.129689421784528491e+01 4.216170252850890421e+01
1.795617019248365409e+01 2.086073366122743522e+01 1.592103277550352480e+01 5.909569288064462356e+00 1.486694391630592982e+01 5.630362968168681981e+00 6.050185735092989958e+00 9.101131212252228764e+00 1.900712127557314801e+01 2.665802533400576024e+01 2.761432989835794416e+01 3.176071579940725798e+01 3.092091259241351509e+01 2.670411137128301959e+01 2.566522918831955025e+01 1.577772268384063281e+01 2.271655451767987088e+01 3.278395956956074997e+01 3.019781156220210505e+01 3.444564948401653481e+01 3.557810567669167057e+01 2.774578180368937907e+01 1.761421195337448609e+01 2.774571791667592180e+01 2.763989262772223654e+01 1.340485767008945395e+01 2.149041490520178499e+01 1.227364897395884569e+01 2.223555165565461422e+01 1.311693932280038410e+01 2.008312895937424969e+01 3.004222536786642550e+01 2.890593532518888864e+01 1.938778693039446566e+01 2.881182394910761957e+01 3.109999229659660358e+01 3.199196175039498513e+01
2.074918199965784282e+01 1.083509839468424474e+01 6.990504692255702146e+00 1.592088563167076032e+01 1.893921417439106847e+01 1.023524166067049457e+01 1.581013109565316377e+01 6.640805622722988133e+00 1.675072268903245742e+01 2.136275290451414932e+01 1.762038709771423939e+01 2.482285744975897757e+01 3.467243161580816491e+01 3.389675704033637516e+01 2.381358487465293550e+01 2.566522918842431267e+01 1.993132661413130435e+01 2.694741503755320977e+01 3.712273687863802962e+01 3.859303191710668557e+01 2.838409421163789759e+01 2.111274657951316414e+01 2.033414133703985982e+01 3.059033736949353255e+01 3.188717037682453181e+01 2.473737816863953753e+01 2.646189438057925258e+01 2.223554997207302364e+01 1.311693932280038410e+01 2.321537216498748890e+01 2.498229328525548354e+01 2.886444659181948680e+01 2.634671424625751257e+01 1.938778693039446566e+01 2.109825099446448959e+01 2.472991836469968518e+01 3.199196175039498513e+01
1.755727547360824659e+01 8.144963493015090705e+00 1.700991905667980220e+01 1.657376721259001684e+01 2.382490268300389502e+01 2.056455814514880487e+01 1.623907236536540566e+01 1.675293738653195774e+01 7.384269721241017770e+00 1.099946853411563374e+01 2.136089696913962754e+01 2.894699177912250931e+01 2.527941483211489881e+01 2.977880484053047283e+01 3.389675704033637516e+01 3.416753814118719390e+01 2.563631211710818292e+01 2.694741503755320977e+01 3.712273687863738303e+01 3.574612886864444050e+01 2.549310226144443448e+01 3.137422283685868152e+01 3.059034133801555200e+01 2.491811161665083674e+01 3.517927604036666622e+01 3.493751260619020371e+01 2.460494282078786554e+01 1.311693932280038410e+01 2.321197874804879646e+01 1.407641167673267901e+01 1.714710128252285415e+01 1.679386308584510701e+01 1.784921329416442504e+01 2.634671424625730651e+01 3.109999229659641173e+01 2.598605579363804452e+01 3.323846162671465976e+01
9.354073928138390670e+00 1.817270083630019784e+01 1.354267671525014727e+01 2.346947130529025571e+01 2.992411000620471029e+01 2.987617878060553167e+01 2.396992098128212589e+01 1.790472460207076111e+01 7.384269721241017770e+00 1.600711988366671790e+01 1.810290549320928477e+01 2.036900597251386813e+01 1.439075710750639914e+01 2.451297166729937871e+01 3.429345420450403736e+01 4.005324384651299852e+01 3.578986407490266686e+01 3.712273687863738303e+01 4.138766124482113895e+01 3.914401112201814925e+01 2.895036667643044836e+01 3.914401112201813504e+01 3.878550972869670233e+01 2.858555895427205940e+01 3.878550972869734181e+01 3.581845965047880753e+01 2.187835259795970089e+01 2.472589387635088443e+01 2.781133895781998788e+01 2.424671051145866230e+01 1.512147659119887066e+01 1.699712581384421028e+01 2.615588627670561195e+01 3.049658548739174790e+01 3.895890832866050602e+01 3.621392879955433131e+01 3.323846162671465976e+01
1.953057061895895430e+01 2.404956126118268145e+01 1.850282718683041239e+01 2.765091410161213048e+01 3.193705922215024628e+01 2.143616305067460104e+01 1.964229110387014288e+01 8.998789140769297035e+00 1.790472535209526939e+01 8.523894720978592687e+00 1.909923594003467784e+01 9.756892785052254879e+00 1.915790220463741633e+01 2.011471272585048098e+01 2.826404972349691747e+01 3.988817267561370272e+01 3.747018646626722926e+01 4.128550287310985567e+01 4.592338623590331537e+01 4.333268968585600334e+01 3.409231471870665331e+01 4.333268968579126579e+01 4.297121841139144038e+01 3.451690051402834314e+01 4.297107673608231693e+01 3.994557377880440185e+01 3.516840303225477271e+01 3.413555187086323883e+01 3.148304120310784526e+01 2.602857184319484674e+01 1.597232595960682922e+01 2.602861400090364441e+01 2.085501321810933817e+01 2.452513733111712924e+01 3.044491444548011216e+01 4.062275981734104136e+01 4.339734200262255825e+01
2.001648477932205950e+01 2.994753912865818535e+01 2.557584952588343441e+01 3.281146598604983211e+01 2.892065112031185947e+01 1.833601428139547096e+01 1.074469390144605718e+01 1.964227583033420288e+01 2.341120193053667720e+01 1.909923592300561523e+01 9.756892785052254879e+00 2.036899105280360089e+01 2.462942365454212634e+01 3.016744862262319060e+01 3.466350432533425874e+01 3.279380464315094201e+01 2.788908542036308447e+01 3.280603494081518079e+01 4.213435027728316840e+01 4.838655013054206933e+01 4.419571346692278979e+01 4.838660387621620629e+01 4.880427575465468948e+01 4.461656397799982443e+01 4.378432886167536253e+01 3.409498182048142922e+01 2.857591598684732404e+01 2.415389576590638043e+01 2.724959187268969174e+01 1.711820070954847139e+01 2.602864094734514211e+01 3.026048433654207770e+01 3.088323568137740338e+01 3.474657755429980455e+01 3.895890832986094665e+01 4.483269525001395550e+01 4.631201470727110348e+01
2.994753878490073973e+01 3.415421158662250178e+01 3.615850932166505771e+01 3.513947307115858365e+01 2.472809243123343492e+01 2.275531300561479853e+01 1.203898195553241379e+01 1.826571675261552485e+01 2.868201252286806735e+01 2.467379397078575209e+01 2.036899460208983115e+01 1.109925148811144169e+01 2.173351583353871064e+01 2.757071544933327090e+01 2.863877800125426631e+01 2.282997652508985809e+01 3.279381565465667592e+01 4.128550287310985567e+01 4.592291060338704511e+01 4.652531285389708415e+01 4.652536293444827464e+01 5.072668715766500469e+01 5.169631836014337267e+01 4.747287087499540092e+01 4.794870234759616068e+01 4.229316246051530470e+01 3.519590121175219366e+01 2.902500624819689179e+01 1.877234920173323829e+01 2.724959191922199864e+01 1.711820070954847139e+01 2.725019352273096374e+01 3.331707785799497401e+01 3.945979264036154888e+01 4.317054537659012681e+01 3.921831012528334526e+01 3.628000147995651048e+01
