output/example_1/elevation_000258.asc
nrows	75
cellsize	13.33333333
xllcorner	0
ncols	75
yllcorner	0
NODATA_value	-9999
[rows 34 to 50 of 75, columns 37 to 73 of 75]
1.381095189902026732e+01 2.391439765860973665e+01 3.135871536581377939e+01 3.733539437127546279e+01 3.306915084735037880e+01 2.250300528866705463e+01 3.027159317125422788e+01 2.319395614128044159e+01 1.318597136855126450e+01 1.318597136855126450e+01 1.496095966377891706e+01 1.686359720559398312e+01 2.405577174535066476e+01 2.982126750698658313e+01 3.584700231473897958e+01 3.920564392252320118e+01 4.334761142470230766e+01 4.833044722937949444e+01 4.658994886360326859e+01 3.687634383927056803e+01 3.139703600754544510e+01 2.795835406677618451e+01 3.375000107393449866e+01 2.830302769445059141e+01 3.547747845862024718e+01 3.317571969266508347e+01 2.706654887211329097e+01 1.727237334249558032e+01 1.229961869983682377e+01 1.374309307313610340e+01 1.504234989095757768e+01 1.633996119623754950e+01 1.783438278255270504e+01 2.054395479306406358e+01 3.045854169075328954e+01 3.003800146080925870e+01 3.702776719862237798e+01
2.186057114545189961e+01 2.819226940031911610e+01 3.102989545712364006e+01 3.525174909423748915e+01 2.892714591653245648e+01 1.965201091132165345e+01 1.519880804294733956e+01 2.177826668547649192e+01 1.318597136855126450e+01 1.568288863385624765e+01 2.510600158224692890e+01 2.725562939936239459e+01 3.172339269715724441e+01 3.823967066697750283e+01 4.373813366485282472e+01 4.494274310094277070e+01 4.048135918967616220e+01 4.494274307809666169e+01 4.949506806726281383e+01 4.543789027818066018e+01 4.133140613082022696e+01 3.791104689047128318e+01 4.212169560926056988e+01 3.842430466551039814e+01 4.024540251648505063e+01 3.071631252113497013e+01 2.841587104584449364e+01 2.018500082492325021e+01 1.190273990839349061e+01 2.163301541608624134e+01 2.461757207455730523e+01 2.325747711532074646e+01 2.780888097123836999e+01 2.111810690937238988e+01 2.811670556326661696e+01 3.804866067186680567e+01 3.997914038003710147e+01
2.046372603567560589e+01 2.468332204117546524e+01 2.078037286827531815e+01 2.933369750334397708e+01 3.074763114919474205e+01 2.388710963828818024e+01 1.561024572842445046e+01 1.185665672917738966e+01 2.177826668546357425e+01 2.588986642450007736e+01 1.972857728045942238e+01 3.006392148970230593e+01 3.600340545106800505e+01 4.277091320175403411e+01 4.841817245662768698e+01 3.952465039083060816e+01 2.961806279927259311e+01 3.952465039083127607e+01 3.716767838607889729e+01 4.398241862380040601e+01 4.489742786160519472e+01 3.961080522643729296e+01 3.544083841014958836e+01 3.183333449016404870e+01 3.605378089508916872e+01 3.071583919891571668e+01 2.162075888014343761e+01 2.049819688946144680e+01 1.148645155412393137e+01 1.839473120971387843e+01 2.798941209328065227e+01 3.317566988844803433e+01 3.519827455586130327e+01 3.102567028359857204e+01 2.488302481806470112e+01 3.476412227037269531e+01 4.347024848876414893e+01
1.046196708934481734e+01 1.926503392175410312e+01 1.497666785801487777e+01 2.510263711082655291e+01 2.355005856338848602e+01 1.632795858101355080e+01 1.060030467155579892e+01 1.333303302946378999e+01 1.335136017000630559e+01 2.839373704686102329e+01 3.006392148970230593e+01 2.455128617619087095e+01 2.986844615109252032e+01 4.049046322870534453e+01 4.224316545707080905e+01 3.234993091600600224e+01 2.437361328882344935e+01 3.504971099445121041e+01 2.804859297864166834e+01 3.787191321305000002e+01 4.079153054832256231e+01 3.110217393853561418e+01 2.506044748266176470e+01 2.096030045574786271e+01 2.725351609022941446e+01 3.157633208814838000e+01 2.498335946259001972e+01 1.513090764738575089e+01 1.104645088005963238e+01 2.070204067184285890e+01 2.647049717441051442e+01 3.401590622813247933e+01 3.681299746603090028e+01 3.893194477088381689e+01 3.476412227037269531e+01 2.926047897858745372e+01 3.496050536546229637e+01
1.926496850285991158e+01 9.396506362383462374e+00 1.810927110476544399e+01 1.916764420201787544e+01 1.816694652417560718e+01 9.441574558369273618e+00 1.930700339069648308e+01 2.105709648475831486e+01 2.531332934845929472e+01 3.307516456507504898e+01 3.906317457202216303e+01 3.485324118497968726e+01 3.903658944298348388e+01 4.461670188043257923e+01 3.779489219199881234e+01 2.710521705680309168e+01 2.116095928708449136e+01 2.762660511873944813e+01 2.251963790383316422e+01 3.076419904170607111e+01 4.281442173581687882e+01 3.960801971525624054e+01 3.543811835486786066e+01 2.725351608693582506e+01 1.597529013471302584e+01 2.328197089863548186e+01 2.102292965435489336e+01 1.948549729788178908e+01 1.059331974768363693e+01 1.242934259765553584e+01 1.923711110851769135e+01 2.746428983128163992e+01 2.720861220616428611e+01 3.418917037614778565e+01 3.856742547059656090e+01 3.921666322440464114e+01 3.625617579603336793e+01
1.379371804775852794e+01 1.640600104732444109e+01 8.435165835948151170e+00 1.114021840219389325e+01 8.456481918493661709e+00 1.816694595207932039e+01 9.441574558369273618e+00 1.139318208171195579e+01 2.145760614833588065e+01 2.778573757606183037e+01 3.121516700799734068e+01 3.554756500247226114e+01 4.076585823975987921e+01 3.783420292127019735e+01 3.343268201072740453e+01 3.506369099926443056e+01 2.454606280848757649e+01 1.740169207022015385e+01 2.319787672281507795e+01 3.054480153594473535e+01 4.123642089946628175e+01 3.807883823682524849e+01 3.386907223330630501e+01 3.158740936574197988e+01 2.329880290078991223e+01 1.203374695518155946e+01 9.571462912380043875e+00 1.972543499955020962e+01 1.015393003562798846e+01 1.952449995471907940e+01 1.518828115420456726e+01 1.770139309670129535e+01 2.041110044244442889e+01 2.472732613874351415e+01 3.025259569412741101e+01 4.008620783570066948e+01 4.636391212521363059e+01
1.732100192502600677e+01 2.195013445269547958e+01 1.718066236159242521e+01 7.446880415936732334e+00 1.430689959927249078e+01 2.165114126581188359e+01 1.648922999113889176e+01 2.145759223496931867e+01 1.470142696787400283e+01 1.758684512485618257e+01 2.092687871219083817e+01 2.600629610253601953e+01 3.642403791345864761e+01 3.343268228647784213e+01 2.307712505622259513e+01 2.611019739833003328e+01 2.307926710220921507e+01 1.559737219690650534e+01 2.569008987242725084e+01 3.197470618947329513e+01 3.634651877053826752e+01 3.181851643331270552e+01 2.277078503440562685e+01 2.888071355979595012e+01 2.744518876059758483e+01 2.246522201507380245e+01 1.889410595856895014e+01 9.571462912380043875e+00 1.967679958825856446e+01 2.397528391517237267e+01 2.507095620435358896e+01 2.324593552456963863e+01 3.007909625248401042e+01 2.722293565368855539e+01 3.697447788425353821e+01 4.430380947598027319e+01 5.020424672892293216e+01
2.691065488561855545e+01 2.404332700726919825e+01 1.606306754829503447e+01 6.912035315294923876e+00 1.454833959266037979e+01 2.429327589488362094e+01 2.730273365477166791e+01 2.900212602303528797e+01 1.970849357444667049e+01 2.768073304966265624e+01 3.121516700799734068e+01 3.554756500247229667e+01 4.076585823975987921e+01 3.343268179739636281e+01 2.307712505610719944e+01 1.605773890906929324e+01 1.305385556711620509e+01 2.091506367190269700e+01 2.469733872427286769e+01 2.168939215775506923e+01 3.197157952111659895e+01 2.746033211475109326e+01 1.536369235795952726e+01 1.699471773186498780e+01 2.263059431822529532e+01 1.803920145145385945e+01 9.058024754749425256e+00 1.915664160729199850e+01 1.572579382016054161e+01 2.148923674901698888e+01 3.129130625004806632e+01 3.296807905274800277e+01 3.709568021930087411e+01 3.697447787710066081e+01 4.115866365994805420e+01 4.522590578285948482e+01 4.005247305250856726e+01
2.771057753909039434e+01 1.750389076205761185e+01 1.098418356605967183e+01 6.357802814623632948e+00 1.608648941693751055e+01 2.161452938668739776e+01 2.717517512281141734e+01 3.344675049279635459e+01 2.991233844462808023e+01 3.407577705901181986e+01 3.543072375945765629e+01 3.118597064654498396e+01 3.543072375945767050e+01 3.654538808978289666e+01 2.611019740266872802e+01 2.611019739833002973e+01 2.091506374133422952e+01 1.064783601981000416e+01 1.461220696758733517e+01 2.468060002872216074e+01 2.691823855336735605e+01 2.239398277672479409e+01 1.922096214274947812e+01 8.032393655696072443e+00 1.835369543527815495e+01 8.552365226921526897e+00 1.698488454842104645e+01 1.824920869094784592e+01 2.430577301790227551e+01 2.964138421162472170e+01 3.543341217851408231e+01 3.920561611136793090e+01 3.501791463485907485e+01 3.828619183561937689e+01 3.508974052153697443e+01 3.508972515061439879e+01 3.416568505804158207e+01
2.670878224374094501e+01 1.736213051821065179e+01 1.107394169508415871e+01 5.785444887942226444e+00 1.010728294417029716e+01 1.526960121675719684e+01 2.516073747122799986e+01 3.215040807222595731e+01 3.630074425877993605e+01 3.301742909660875114e+01 2.878753862456130008e+01 2.117064611403072405e+01 2.989243225146601901e+01 3.413076308327687514e+01 3.234927415004466411e+01 2.224975821876619619e+01 1.517373918400873301e+01 8.896721842299978533e+00 1.786282364129666433e+01 2.162939242843268772e+01 2.132489272016137249e+01 1.309321236180233861e+01 1.532839100663001375e+01 1.776114749987380037e+01 8.032393655696072443e+00 1.760294743728619693e+01 1.022054384069969402e+01 1.980276252712740614e+01 2.523615371477291092e+01 2.998774499990835452e+01 3.424143430292004808e+01 3.333354825896866913e+01 2.482859321592530222e+01 2.814220218289884556e+01 2.495184541222918995e+01 2.833482277101506952e+01 3.548875663737040753e+01
2.865294195384451115e+01 1.844597440226969098e+01 1.507347322802349332e+01 5.206288265628524314e+00 1.499973516101788995e+01 2.165608726076860790e+01 2.534522924297081303e+01 2.253343715270787229e+01 3.215040807223568464e+01 2.878753862456130008e+01 1.868751857246991221e+01 1.604319068644101520e+01 1.979234550463784714e+01 2.624639223588101444e+01 2.721034050847810448e+01 2.217890368648141930e+01 1.814427992658186994e+01 7.634722527782020762e+00 9.483203356502118098e+00 1.538150083081981734e+01 1.695387992913929054e+01 7.169691419775499064e+00 7.169691419775499064e+00 7.511781971344241526e+00 1.706557429235721202e+01 2.167523183265817011e+01 1.987114718068727370e+01 1.189399238496272382e+01 2.137466656382945374e+01 1.956264114026166467e+01 2.533479285497418232e+01 2.688826463829586899e+01 1.872199667876879658e+01 2.083234243122262441e+01 2.403009281982821221e+01 2.725239037057049529e+01 3.439187671259480084e+01
3.061837130880140023e+01 2.057262074614062541e+01 9.181192065428849247e+00 5.206288265628524314e+00 7.552544831176216888e+00 1.757024518454231199e+01 1.586671437970360010e+01 2.253343715270750991e+01 3.215040806540769580e+01 2.878753862456126811e+01 1.868751857246991221e+01 1.104157682405416807e+01 1.777365086430626562e+01 1.516391550104599695e+01 1.697122029644544128e+01 1.247112781298521611e+01 6.209457006523540379e+00 8.611718914689827642e+00 1.331834130423280982e+01 6.430283939140706728e+00 6.717760078825881997e+00 1.633001005950891837e+01 7.169691419775499064e+00 1.757425738234900336e+01 1.475984244447337801e+01 2.419590802486424508e+01 1.954352381236436997e+01 2.137452338855263534e+01 1.344413861980327773e+01 1.344413861980327773e+01 1.471177844012473557e+01 1.632735015882527563e+01 2.686728325220909852e+01 2.328250402160746191e+01 3.347852465136320887e+01 3.736977370713977109e+01 3.307010388223696395e+01
2.226816755899746170e+01 1.847670349199561812e+01 1.248767302225830633e+01 4.650277736967483477e+00 1.360311614503232924e+01 1.106383113664942108e+01 1.586372658528646262e+01 2.252327986730798060e+01 3.213975636601032448e+01 2.984998571319702876e+01 2.007796236938143508e+01 1.768918860306400020e+01 7.177124791732045317e+00 7.496867962599520929e+00 5.618979132987464098e+00 5.884945217660005667e+00 1.223948012458913759e+01 6.209457006523540379e+00 6.430283939140706728e+00 6.430283939140706728e+00 1.485931754087200218e+01 1.671129831477698957e+01 1.962188100277622738e+01 2.338301894694502892e+01 2.424472103230240805e+01 2.811573270783522105e+01 2.653044658863046834e+01 2.662026322199770334e+01 1.679041149258177157e+01 2.391771451254269110e+01 2.230924280299755935e+01 1.958948586075418064e+01 2.996542417752434417e+01 2.717791358897714105e+01 3.347084926266247606e+01 4.354075207794009827e+01 3.894892144442983550e+01
1.536407677068139144e+01 1.433644378909671424e+01 3.885425406476580967e+00 1.252454166184848994e+01 1.272109785997070475e+01 2.042512397128126622e+01 2.461908525435624995e+01 2.940755042061725177e+01 2.677685679232376614e+01 2.221239789886918459e+01 1.885830804544271189e+01 1.040474202035896845e+01 1.427171315150551045e+01 5.180325606145321338e+00 1.191387980936047164e+01 7.857273409171710910e+00 1.160005599481758587e+01 1.489739958606026882e+01 1.474964088029252451e+01 1.511140697653462972e+01 7.039732093243585176e+00 1.726474584376524035e+01 2.206068533529619557e+01 2.788728571305654214e+01 2.807158979674078481e+01 3.268151048777298939e+01 3.663099395716447759e+01 3.083707512276522067e+01 2.226613448247467275e+01 3.076565593702127899e+01 3.259258670706391570e+01 2.336498636810723184e+01 3.357465406435360222e+01 3.433719873981341664e+01 3.433719877729178904e+01 4.442006772496898748e+01 4.910938306803477360e+01
5.455568215243403962e+00 1.283357199185806685e+01 3.382964366016703028e+00 1.327764087525924452e+01 1.967722859179366068e+01 2.173643708514660844e+01 2.976730867670417524e+01 2.825169918563781124e+01 2.195560227429045597e+01 1.158761959178816703e+01 1.429773204084406579e+01 4.680805959876526146e+00 4.680805959876526146e+00 1.329438164066558947e+01 1.183846214345401293e+01 1.676388363996222353e+01 1.130368963350937861e+01 2.013011726468351270e+01 2.438162512634448476e+01 2.089926556538071623e+01 1.726282931251434150e+01 7.736357427177996016e+00 1.794563632816296916e+01 1.623569514441055972e+01 1.630543064024030997e+01 2.807683686238054221e+01 3.134243101400207010e+01 3.541160206738540239e+01 3.194960012539324623e+01 3.609530688191283332e+01 3.768704603704831158e+01 2.851341795016147174e+01 3.768705229732741202e+01 4.442003637909554925e+01 4.442006771534240528e+01 4.845965538692993135e+01 4.762073338659811128e+01
1.283359418422964993e+01 2.923565108138433288e+00 2.923565108138433288e+00 6.920817405529019695e+00 1.345980759318529607e+01 2.220747809079352209e+01 2.528726432530844903e+01 1.651943276256248794e+01 1.742333532036672139e+01 8.671683102689355493e+00 4.234167607416320145e+00 1.318423809626780141e+01 1.429764489183871312e+01 8.358586222129757104e+00 1.618033820686637014e+01 2.169300516732630868e+01 2.040580200388240684e+01 1.609351425198987684e+01 2.533201471196047194e+01 2.424155664732232651e+01 1.495141302121520255e+01 1.652377118383969190e+01 8.499267960935474875e+00 8.499267960935474875e+00 1.974649025689517501e+01 2.880914281009088640e+01 2.035054385927130838e+01 2.809472946372962099e+01 3.250502874613652438e+01 3.777481012772904023e+01 4.269542148683841276e+01 3.862688137954599910e+01 4.269542233014567501e+01 4.507383886901867243e+01 4.093765434065548448e+01 4.050567525026995952e+01 3.755852167312993828e+01
1.597299835370170484e+01 1.215020094550608221e+01 2.923565108138433288e+00 1.283319330974078909e+01 1.602031009858859534e+01 2.482650737032198052e+01 2.088125799778818958e+01 1.065129148338298393e+01 6.582342448761691500e+00 3.793762471157249294e+00 1.247163664886907952e+01 1.152746577071618006e+01 1.965064320185135216e+01 1.844730001165674693e+01 1.226376271764300263e+01 2.187098430000321159e+01 2.913396383357272512e+01 2.259004897413889168e+01 2.531391823555429710e+01 2.809467918109598372e+01 2.413482952261003689e+01 1.896146678323999524e+01 9.057853574567525712e+00 1.865853900161036449e+01 2.286925425592144023e+01 2.047164323380881612e+01 1.441892818490847183e+01 1.787614155322583898e+01 2.285294106493554267e+01 3.333673892520613435e+01 4.038020608750964868e+01 3.618773185857473607e+01 4.038020400783585018e+01 3.918771519803764392e+01 3.065584355998760557e+01 3.020820919813289862e+01 4.050567525027000215e+01
