output/example_1/elevation_000400.asc
nrows	75
cellsize	13.33333333
xllcorner	0
ncols	75
yllcorner	0
NODATA_value	-9999
[rows 0 to 16 of 75, columns 37 to 73 of 75]
4.923910373193749734e+01 5.371028088239160070e+01 5.395343586553806858e+01 4.984703811966411990e+01 4.858389505033932920e+01 5.267879646470598232e+01 5.212567704097199339e+01 4.803612196516422728e+01 5.212567704097199339e+01 5.091983325251896986e+01 4.683455472241479356e+01 4.683455472241479356e+01 4.683455472241479356e+01 5.091983325251896986e+01 5.206705963030854889e+01 4.797572950317355378e+01 4.923713076986103232e+01 5.334034256761610493e+01 5.154112351042721940e+01 4.732240881633345708e+01 4.862582070687160041e+01 4.444138398367677922e+01 4.572727363645089582e+01 4.215205351965801839e+01 4.465304962926722254e+01 4.745538897430275682e+01 5.073096249108215972e+01 5.500789990426859077e+01 6.011222198550623830e+01 6.684987449022379735e+01 6.090268939934232861e+01 5.661311750696295775e+01 6.090268937644096781e+01 6.077715011938334300e+01 5.775631030898199469e+01 5.606821482899455589e+01 6.040524017370870524e+01
3.880732695654609898e+01 4.762617541930346476e+01 4.984703811966411990e+01 4.023203946944254028e+01 3.899580273834242661e+01 4.709273766749030443e+01 4.729361088670520274e+01 3.845853005572663363e+01 4.729361088670520274e+01 4.683455472241479356e+01 3.721524020447607484e+01 3.721524020447607484e+01 3.721524020447607484e+01 4.683455472241479356e+01 4.647671719917691746e+01 3.837357318660597372e+01 3.961452139194132371e+01 4.773679953743420157e+01 4.732240881633343577e+01 3.752009759658523791e+01 4.039112808154853695e+01 3.469571963709010021e+01 3.595144962030791902e+01 3.242214427966440837e+01 3.496673334797991828e+01 3.774780072294954181e+01 4.090424194116748424e+01 4.567501914455353074e+01 5.578690583856601393e+01 6.252911669084051738e+01 5.228230552669722897e+01 4.660323875015580342e+01 5.126261225112067876e+01 5.066658248119517793e+01 4.772992106178232774e+01 4.585149601762562810e+01 5.124193692142934964e+01
3.301313898926170509e+01 4.063657461073483290e+01 4.499150366842626880e+01 4.304820737299292688e+01 3.342451067284573440e+01 3.894464931207191682e+01 4.297161114823838091e+01 3.362624841788089469e+01 4.324732601044671298e+01 4.683455472251110052e+01 3.721524020447607484e+01 3.028573395356954734e+01 3.620960848121730180e+01 4.024515239615171680e+01 4.214219634466637388e+01 3.276975853210465317e+01 3.403287702018263872e+01 4.368151465521248156e+01 4.624529549912589488e+01 3.638808561951215381e+01 3.058571663086497594e+01 2.895767824662545920e+01 2.895767824662545920e+01 3.881472218333147595e+01 4.465304962926722254e+01 4.745538897430275682e+01 5.073096249108214550e+01 5.500789919661615812e+01 6.011222127740171572e+01 6.347639896248160341e+01 5.324526877616830234e+01 4.626474962521243839e+01 4.144650048995625014e+01 4.740468325098078139e+01 4.088088479054042779e+01 5.066658248118935148e+01 6.040523715399804416e+01
3.345095003964161151e+01 3.047456688817343817e+01 4.063657461073483290e+01 4.709273766749030443e+01 3.894464931207191682e+01 2.914209935550386277e+01 3.547892453789366840e+01 3.008121731667592869e+01 3.984576140704749747e+01 4.350020803042977491e+01 3.783925828928437340e+01 3.378592268068599225e+01 2.621649537019882459e+01 3.620960848107220897e+01 3.438076209357230084e+01 2.824193027404260192e+01 3.811087111931483662e+01 4.244923515724028107e+01 3.854088748806999831e+01 3.442104378302651924e+01 2.636678408561716580e+01 3.638808561951218934e+01 3.881472165250573170e+01 3.428186331370058326e+01 3.911552530068059497e+01 4.596755431997786445e+01 5.606274806770119312e+01 5.987341880908154934e+01 5.987341881117226450e+01 6.413725376750267060e+01 6.051144587060965563e+01 5.412209225064816565e+01 4.447889439578329274e+01 3.769894604355154399e+01 4.740468325095351076e+01 4.728467009547031807e+01 5.229813618142955534e+01
2.320852432308101143e+01 3.345079314462559239e+01 4.134010967985756224e+01 4.542976902261448657e+01 4.297161215899569697e+01 3.547892453789366840e+01 2.543290641518779083e+01 3.263452225174741272e+01 4.234591897468948218e+01 3.945785318354894855e+01 2.963378143055018299e+01 2.359897095431067271e+01 2.359897095431067271e+01 3.090311031862868418e+01 2.424175198434918954e+01 3.438076209357230084e+01 3.846496716113419012e+01 3.251103941664442942e+01 3.251104918289222212e+01 2.423220788152874761e+01 3.442104265672443120e+01 3.121125399038299619e+01 4.105413036430443441e+01 4.401994670563926348e+01 4.819910345741650559e+01 5.316707748134052025e+01 5.698422794268674352e+01 4.983120247530721514e+01 4.983120247530722935e+01 5.987341881128821797e+01 5.825584430668305203e+01 5.264081274705639402e+01 4.289104941227308387e+01 3.612854927997870647e+01 4.578137364384808450e+01 4.918140038821820070e+01 5.920201304671326881e+01
2.115028352422559621e+01 3.146859848770115065e+01 3.150402013677249968e+01 4.134013402810024473e+01 4.060170154589626179e+01 3.080531000037303357e+01 2.349134277703224427e+01 3.127438815419047557e+01 3.535347580252273758e+01 3.900175230160758844e+01 3.549273533961541460e+01 3.374693389164679047e+01 3.090311031877779158e+01 2.053208605210368987e+01 3.090311030136067316e+01 3.553055995381350129e+01 2.858793558997131612e+01 3.246240166528519921e+01 2.217184606463399632e+01 3.251104918289222212e+01 3.854059383292610619e+01 4.105412772466209503e+01 3.689670475663049842e+01 4.255924461511254009e+01 5.298305835216919490e+01 6.103385714021154484e+01 5.277249954183487546e+01 4.295137055399974457e+01 4.949878987927265683e+01 5.951275371595763630e+01 5.393917631647386202e+01 4.392273054352683914e+01 4.304401737439475539e+01 3.464745439214607359e+01 3.940426675687478308e+01 4.911931643917230872e+01 5.538676555939029811e+01
2.900927231605508894e+01 2.430931232689713184e+01 3.150401980689765935e+01 4.134001778908061198e+01 4.344355051682973823e+01 3.367460608632631391e+01 3.127438814992082428e+01 2.093976128294806571e+01 2.899185093287367110e+01 3.269886985352738407e+01 2.595280923344757085e+01 2.786800573939303050e+01 2.786800587344485081e+01 1.894750280765856232e+01 2.936249436733048412e+01 3.011064173443576664e+01 2.113929065945353614e+01 2.217184606463399632e+01 2.383187266278327954e+01 3.399407416029518458e+01 4.018694078828459482e+01 4.575089757277235236e+01 4.685079572213155785e+01 5.115639511120897964e+01 5.742806428616315628e+01 5.175328764121785952e+01 4.949868398855481644e+01 3.973034825182164553e+01 4.658801860531814754e+01 5.652601335622590284e+01 5.590186965634838856e+01 4.531051315899760823e+01 3.645329149481938202e+01 3.327193908191787841e+01 4.038711759921027777e+01 4.718206468963068545e+01 4.461918168615221703e+01
1.861575003540348661e+01 2.690800440847513286e+01 3.106674370210471281e+01 3.624022850483727609e+01 4.098942504715542157e+01 3.680598076896800563e+01 3.535347416729102576e+01 2.899185093287555048e+01 1.853768528788553027e+01 2.681118280910283502e+01 2.662324447798361504e+01 1.735395827996553209e+01 1.735395827996553209e+01 1.735395827996553209e+01 2.769865766631570381e+01 1.972089479232062104e+01 3.011070748245619555e+01 2.959184102201957600e+01 3.399407204176031172e+01 2.623948271652362152e+01 3.212206441889757258e+01 4.175070722982108151e+01 4.703150208526326992e+01 5.106993214547346582e+01 5.280708470709383562e+01 4.860990122023144977e+01 4.235044522060061212e+01 3.723167928066405352e+01 4.408394344615130933e+01 5.395962706359316030e+01 5.226044251246996453e+01 4.383712932560766973e+01 4.020646381582783135e+01 3.193604402188310587e+01 3.452643462026465215e+01 3.751915710940251358e+01 4.453608575287520921e+01
2.579373969870248828e+01 1.634957733436752392e+01 2.185311191491529215e+01 2.904667023125801961e+01 3.512567388547024194e+01 2.662629142220320233e+01 3.512437718161202582e+01 3.309687170782881793e+01 2.681110160643686768e+01 1.617209801624487397e+01 1.617209801624487397e+01 2.681118151736842492e+01 1.735395827996553209e+01 1.735395827996553209e+01 1.832115087324573821e+01 2.878225781738051126e+01 3.418481188329741371e+01 3.944682686709848696e+01 3.770921035660990128e+01 2.801643287356696277e+01 3.782737837777871448e+01 4.031825239062542465e+01 3.753753385022458389e+01 4.703150125381028346e+01 4.861072043413930288e+01 3.881896569094062954e+01 3.680979556783395878e+01 3.496886848731524111e+01 4.179984978388699801e+01 5.163173738709939187e+01 5.279388576951909329e+01 4.316509993201730566e+01 4.021920554724128749e+01 3.074398944960210045e+01 4.021918944157674503e+01 4.385022400889499039e+01 4.623380712303472961e+01
2.755989288677534788e+01 2.297371850069754728e+01 1.414867778325027103e+01 2.485697914630799943e+01 3.069957300115181198e+01 2.075651863754878690e+01 2.926923811518014773e+01 2.533160224167880159e+01 2.586882866517278856e+01 1.617209801624487397e+01 2.383266404918195036e+01 3.095266351388648118e+01 2.490613480493722776e+01 2.490613493769870601e+01 2.110370288583648346e+01 3.143773234293342611e+01 3.978063042059631726e+01 4.466179977409161239e+01 3.781730620269978260e+01 3.782737837777871448e+01 3.067115082880739863e+01 3.067115082880739863e+01 3.753753384820088712e+01 4.703149723103132374e+01 4.971106875163223293e+01 4.168263030084987264e+01 3.206369780747225207e+01 3.995744476650740040e+01 4.405276608386564163e+01 4.971105504134097686e+01 4.990182469996101133e+01 4.037568655299482856e+01 3.379459643153243320e+01 2.971580681497373888e+01 3.783679471478388479e+01 4.335161914191407817e+01 4.382935495995233310e+01
2.135925106367172788e+01 1.212327625118625818e+01 2.159456725585480896e+01 2.262319397912587249e+01 2.308584392416989672e+01 1.676917671981140501e+01 2.411651910276808053e+01 1.436768994960143253e+01 1.509981791729121348e+01 2.586882728051896052e+01 3.095251429913700392e+01 3.807219348421482863e+01 3.501859599695244185e+01 3.501859531231546896e+01 2.853110632638644617e+01 2.567492452958565252e+01 3.083799509710626907e+01 4.063139753898474282e+01 4.734931674286113434e+01 4.430370239606652660e+01 4.031825225668936952e+01 3.067115082880739863e+01 3.631012465611261320e+01 4.579345669873823965e+01 4.556690141626993551e+01 3.585113429886170877e+01 3.045000306221834308e+01 3.045000306221834308e+01 3.585113429885711867e+01 4.556690027359712047e+01 4.706415950989644870e+01 4.077789122512553632e+01 3.804295683812515705e+01 2.877135147732320419e+01 3.804212804730729403e+01 3.405985506461374257e+01 4.091082957869120662e+01
1.096074593399215402e+01 1.112111256690362815e+01 1.112111256690362815e+01 1.178817595343271307e+01 1.231584864890550080e+01 1.284516408659596109e+01 1.338437013226776173e+01 2.398836006960279121e+01 2.583989581686623893e+01 2.586588322340788437e+01 3.596369897857439213e+01 3.806687277305086070e+01 3.821041462518829235e+01 4.219242570159854466e+01 3.845494829282984739e+01 3.160060273150197929e+01 3.572604774337849420e+01 4.470514240372773429e+01 5.151624416247330629e+01 4.200248657207133363e+01 3.530505670171825017e+01 3.507469327886171584e+01 4.430370284424475358e+01 4.981845607461037417e+01 4.894458858886829233e+01 3.995750002302640524e+01 3.045000306221834308e+01 3.807640670351051426e+01 3.807640670350735945e+01 4.782887589473467926e+01 3.973572200943362986e+01 3.103087518697597602e+01 3.903211501413768758e+01 3.672709777593590275e+01 2.877135147732320419e+01 3.804269665233141495e+01 4.692763161014011786e+01
2.051333803431166558e+01 2.105747433485836240e+01 1.529131879855678200e+01 1.202105278885935391e+01 2.010915949378177459e+01 1.308497704137732498e+01 2.286992575882194600e+01 1.490194497091711945e+01 1.603338300741963707e+01 2.668166316014200845e+01 2.811406929560238055e+01 2.811529651560569221e+01 2.836630124369638750e+01 3.540113127742570498e+01 4.497793538237488065e+01 4.136151043151532036e+01 4.542401475281948819e+01 4.956925894396758281e+01 5.151624416493342551e+01 4.200248657207138336e+01 4.200248370245851248e+01 4.055567508281485800e+01 4.857450702518555374e+01 5.177130271240658033e+01 4.192296683892662656e+01 3.510748337602834823e+01 3.807640670353447376e+01 2.875132871836178694e+01 3.633106199341741416e+01 4.037954202307855667e+01 3.670634848913633164e+01 2.934187539710551462e+01 3.547127764133841765e+01 2.760907112311505784e+01 3.669396706457531110e+01 3.327930083855912358e+01 3.796834827820848801e+01
1.051463306780748219e+01 2.326167825236661457e+01 2.604461488911989164e+01 2.113442379744951793e+01 2.987416514498988462e+01 3.146290377320784870e+01 2.953219877528449544e+01 2.132753285539585164e+01 2.668166272323698252e+01 1.761900922068202036e+01 1.761900922068202036e+01 2.174139753631670047e+01 3.198610975737323159e+01 3.824602097751009921e+01 4.392227165519560828e+01 4.558045567289438793e+01 4.558045567289342870e+01 5.528595477112111212e+01 5.560241887603718425e+01 5.151624416510520632e+01 5.151577959638108695e+01 5.003213312956560799e+01 5.411524296097659459e+01 5.286925596604557853e+01 4.299550075737905530e+01 4.480747763286618124e+01 4.215149273095082805e+01 3.633106199342697806e+01 2.723409909014543828e+01 3.476045754985823777e+01 3.770781633757752616e+01 3.429024638587633689e+01 2.649195981547936896e+01 3.544901475212004982e+01 3.495742245940989790e+01 4.280172122192085737e+01 4.692775223075245350e+01
1.121103224870380366e+01 1.956823390163811993e+01 3.090185677343550097e+01 3.156395330421367973e+01 2.870505157195551504e+01 3.846595263972326961e+01 3.612908305960791466e+01 3.182680707868102843e+01 3.154343417067197919e+01 2.126322366490005678e+01 2.811536020005227954e+01 1.931625822419022498e+01 2.412693145444822562e+01 3.010313710158630585e+01 3.987216564093115068e+01 3.608680483824399232e+01 4.485555061344859951e+01 4.828833157221828998e+01 5.238019549802739760e+01 5.751657388843030816e+01 5.336606914069963636e+01 5.751657388843030816e+01 5.576218617030824021e+01 5.161419381395305095e+01 5.286945136892278185e+01 4.875536876394703256e+01 3.897568700185912149e+01 3.229651625054346198e+01 3.476045478046905401e+01 2.589376782936548693e+01 2.664196831106232821e+01 2.538921720729485187e+01 3.405943527755564304e+01 3.883971920339388362e+01 4.438063859750496221e+01 4.840723645147087950e+01 4.833028662868851910e+01
1.226124377889386707e+01 2.035250783715409284e+01 3.066201483772513470e+01 3.730434309673135829e+01 3.846595263972326961e+01 4.254028369380397123e+01 4.282956319615560403e+01 3.318589826277108301e+01 2.735730209403257263e+01 3.154062990759487306e+01 2.460893658161299768e+01 2.053484652382656606e+01 3.087048787574790509e+01 3.362427719401866000e+01 3.569062451232832700e+01 3.121061615543231227e+01 4.083363025556974435e+01 3.890715606278496352e+01 4.828833157221828998e+01 5.271350969600775471e+01 4.393145684468519363e+01 5.271350969600775471e+01 5.016444911116878558e+01 4.205058666116155308e+01 5.016444911116878558e+01 5.165281019077246327e+01 4.183591887872022141e+01 4.184007797355920388e+01 3.370142461475091977e+01 2.498747429754949323e+01 3.247376394547473666e+01 2.460419843533856010e+01 2.584652883277352231e+01 3.750959984940234904e+01 3.812026959832404316e+01 4.108907179169449364e+01 3.808966239815428878e+01
1.356611267063383863e+01 2.363709084748369449e+01 2.349210046559260334e+01 3.320709560795611281e+01 3.974748878700490451e+01 4.385896146922014793e+01 4.684916621667237990e+01 4.127116046224880108e+01 3.726179065096010845e+01 3.051999869799294274e+01 3.242237676351207654e+01 2.218745655390164018e+01 2.348592694884803933e+01 2.348592694884803933e+01 2.573933490631286602e+01 2.865804039482372190e+01 3.221806373673135937e+01 3.875966029589780959e+01 4.767383371723783370e+01 4.777676888038272551e+01 3.939699980576705229e+01 4.864876299269243276e+01 4.609264264986504145e+01 3.667861802269179350e+01 4.609264264986504145e+01 5.212724925589894553e+01 4.340128027743233474e+01 3.868891850254684073e+01 3.323853008220733329e+01 2.407183250381911677e+01 2.485392243595590145e+01 2.381505436360937011e+01 3.567349499814345393e+01 3.461021872791963006e+01 2.952243520220800477e+01 3.170089730109240378e+01 3.808966239815428878e+01
