output/example_1/elevation_000468.asc
nrows	75
cellsize	13.33333333
xllcorner	0
ncols	75
yllcorner	0
NODATA_value	-9999
[rows 51 to 67 of 75, columns 37 to 73 of 75]
1.325959864375684472e+00 1.325959864375684472e+00 1.637769479742352319e+00 1.188959487940443616e+01 2.976025900217230014e+00 1.034602116475258704e+01 2.016171949563247168e+01 1.928213049590303285e+01 9.768692814968934712e+00 1.375858779085926997e+01 1.361523187112272026e+01 4.522406678512906453e+00 4.794186818381717785e+00 4.794186818381717785e+00 4.981366544645707606e+00 5.135652277884975803e+00 5.357215118206619664e+00 5.673787057928746158e+00 6.029060484290766020e+00 6.334823133360845127e+00 6.616125662363239179e+00 6.616125662363239179e+00 1.117491889945232231e+01 1.989098474893476620e+01 2.534204345646392298e+01 2.913451412503924232e+01 2.407897539017096022e+01 3.126484332680534450e+01 3.479078862137740202e+01 3.058673493086144290e+01 3.479078862135827421e+01 3.527550244235386856e+01 3.638611719734699790e+01 4.056475554086099322e+01 4.261590822714904192e+01 3.845713668611411151e+01 3.548400801604641686e+01
1.174168888851731296e+01 2.242292495966741406e+00 9.059694564548408380e+00 1.430313820216810683e+01 4.724511768512574150e+00 1.446518999471597944e+01 2.192299079485255220e+01 2.462930682417445638e+01 2.044343927868445476e+01 1.979682800450457592e+01 9.951016045402047538e+00 1.441933021305626461e+01 4.794186818381717785e+00 1.440397824796442627e+01 1.298273657675949266e+01 6.742982683132598076e+00 6.396067370946582287e+00 1.384124014459994001e+01 1.232823854342231584e+01 9.498777745670661687e+00 1.410763158124971994e+01 6.616125662363239179e+00 1.616828630675526313e+01 2.078155302188477904e+01 2.499785731590565874e+01 2.920226223883514649e+01 3.409227167497763133e+01 3.391193500979191100e+01 3.461949196640881610e+01 3.215002094699076451e+01 3.286958297040484211e+01 3.318512049249123663e+01 3.739422239351311816e+01 3.746259909037731006e+01 3.324864277708007876e+01 2.804014886800990425e+01 3.845713668614440905e+01
1.349121016322661859e+01 3.062713796332316996e+00 1.008720891509803508e+01 1.534384040902780733e+01 1.446720628894928673e+01 7.911751895978921922e+00 1.773129124949014823e+01 2.574622327022154877e+01 2.631453327779287577e+01 1.684364809111082906e+01 1.961829586469207598e+01 1.043371126596346521e+01 1.643718856362128733e+01 2.034052521769084976e+01 1.873023156228864394e+01 1.612461160701113982e+01 7.325782163123941260e+00 1.717545832973460307e+01 1.402001075662776053e+01 2.024827679430431004e+01 2.038511940420013602e+01 1.670046892166416796e+01 7.307100300990510000e+00 1.718122087747450522e+01 1.517546374443214496e+01 2.516059169640823612e+01 3.009901156749694096e+01 2.243365940598163277e+01 2.412122601887763551e+01 2.150470052888564965e+01 2.272335107323757342e+01 2.280081777697055756e+01 2.878620998416361942e+01 2.878622327616572463e+01 2.278333311686104068e+01 3.148262487121412434e+01 2.958106414685814656e+01
1.838851215129280803e+01 1.275499010986395731e+01 3.750289664939408407e+00 1.034001663841232066e+01 2.019187331009531405e+01 1.773129124949014823e+01 1.155677952823844912e+01 2.146076911382134611e+01 2.986179903395771973e+01 2.352688479421113499e+01 2.232493483973102499e+01 1.281537415027702487e+01 2.232493483973102855e+01 1.901526533615570003e+01 9.001469542298424997e+00 9.001469542298424997e+00 1.739912534660771470e+01 2.156051030592981022e+01 1.999546887819409591e+01 2.292368207221841558e+01 2.700052008732620834e+01 1.729306626531205282e+01 1.730823363080498112e+01 8.024627425946817993e+00 1.627152156857431109e+01 2.446862676895387878e+01 2.498345119072375908e+01 1.458210456221946139e+01 2.261825884622137650e+01 1.528143535677238596e+01 1.616552259060435404e+01 1.723417506925878584e+01 1.856428311722810420e+01 1.856428311722810420e+01 2.103959520966242280e+01 2.103959520966242280e+01 2.843673635425482260e+01
1.499097809901012113e+01 8.209539328364785504e+00 4.147849257298124925e+00 1.319568925674794535e+01 1.858576725985803435e+01 2.480853596171887077e+01 2.146076911382134611e+01 1.587318658553681061e+01 2.612560397237394483e+01 3.304451205398470393e+01 2.528036369594920885e+01 1.547831508528430788e+01 2.528036369594920885e+01 1.925535274788451190e+01 9.001469542298424997e+00 1.033365692795961444e+01 2.020290829927779441e+01 2.609317493221000106e+01 2.999301408034493477e+01 3.305803608407526184e+01 2.899539066952604571e+01 2.057319844602765713e+01 1.167780706197942031e+01 1.282706898634051917e+01 8.814309540695308698e+00 2.146909697571789977e+01 2.028834531429486532e+01 1.337060410165297419e+01 1.416016867338979424e+01 1.979989915104849629e+01 2.572935462923352290e+01 2.280081780492739085e+01 2.878622009720976038e+01 1.856428311722810420e+01 2.878622327616572818e+01 3.148265169149012976e+01 2.706750234965336332e+01
1.779214439083844823e+01 1.370731296910044072e+01 4.147849257298124925e+00 4.147849257298124925e+00 8.618164590009676829e+00 2.197393191676368573e+01 3.047611677404946207e+01 2.303086068303371903e+01 2.303086068303371903e+01 3.359697519356159745e+01 2.884673175981535564e+01 1.875951959114785694e+01 2.884673175981535920e+01 2.412115973084551968e+01 1.932226260705083121e+01 2.020290828448245790e+01 1.211535541625403667e+01 2.190750227228030056e+01 3.088460166533495510e+01 3.210808147627664511e+01 2.176697773313533091e+01 1.512433297665909926e+01 2.035591389373213289e+01 1.714319111713580313e+01 9.408083583388547666e+00 1.919147108505976007e+01 1.205036162271727740e+01 2.028835197207399688e+01 1.646869269306928629e+01 2.547012044929305929e+01 3.344653530742551339e+01 3.016289466921266182e+01 3.303583888332092755e+01 2.437174020205245739e+01 2.573568184663283631e+01 3.615088104232888355e+01 3.318852526057418117e+01
2.163686588313549208e+01 1.417495464295241803e+01 4.561602231470820890e+00 1.292355221658618447e+01 1.821332898355401042e+01 2.139880531294967625e+01 3.368106276759825590e+01 3.359697519356375039e+01 3.359697519356159745e+01 3.792137285945167235e+01 3.302065372312777924e+01 2.453495162515503125e+01 3.302065372301588297e+01 2.906216184185971940e+01 1.894394672471666397e+01 1.211535541625403667e+01 2.190750227003902495e+01 1.658990483007683636e+01 2.368866628745479375e+01 3.393054561882578923e+01 2.898557697891694573e+01 1.900659063064496834e+01 2.815736168368167824e+01 2.223446127759418900e+01 1.288782252566366004e+01 1.030268875539895035e+01 1.383700028668348558e+01 2.056076462525930637e+01 2.560852606351080496e+01 2.250338564184630386e+01 3.310487612124728685e+01 4.048146192899229590e+01 3.901226237941019548e+01 3.481638697348246581e+01 3.615087644410844803e+01 4.033774627054197026e+01 4.342237205629760410e+01
1.192348590915113249e+01 1.451451159123638313e+01 4.965341838932840091e+00 5.723152207649526702e+00 1.832891018326539623e+01 2.411910330897174859e+01 2.985845600892240270e+01 3.059938433881006858e+01 3.471115992160870434e+01 4.044391092173938063e+01 3.887492219371986835e+01 3.473673295929464899e+01 3.443671579166583996e+01 3.025778446091091567e+01 2.330199381567100403e+01 1.346357742804080182e+01 2.005162968948015134e+01 2.659567646591639090e+01 2.368866628745479375e+01 3.393054561882578923e+01 3.350497131415774277e+01 2.494489849049699259e+01 2.766774047598875796e+01 1.787577539816728489e+01 1.342495538737293082e+01 1.983269067255896800e+01 1.129496840115970357e+01 1.826922953755439849e+01 2.723849881176688470e+01 3.310488949465193542e+01 3.746736544083238840e+01 3.737578761201029209e+01 4.037574810549455151e+01 3.619134457744467426e+01 3.920747868098120392e+01 4.263568916369576556e+01 4.674865443376540242e+01
1.757988839649659951e+01 7.806977974532963493e+00 5.351940416923174126e+00 1.499214604039153365e+01 9.420914577699990744e+00 1.581611428595719637e+01 2.575349638470689229e+01 2.070661506340692881e+01 2.640159614881618921e+01 3.633366964604842764e+01 4.121746577222894103e+01 3.113650157517946226e+01 2.511835062890732218e+01 1.994901718869988727e+01 1.713509091740166923e+01 1.505287833505695971e+01 2.475715904733488770e+01 3.307359742026523719e+01 3.393054561882578923e+01 3.808053704321515198e+01 3.941054918489939496e+01 3.526435412946091930e+01 2.732212410253708867e+01 1.783470198977197896e+01 2.061256259532556001e+01 2.093953167654318648e+01 1.195245065612584767e+01 1.384333046467499706e+01 2.399112917847092064e+01 3.631133490726927704e+01 3.424004230897698164e+01 2.693464819602347760e+01 3.234583344481017519e+01 2.565997861503893063e+01 2.875928366144821879e+01 3.235105771555259935e+01 3.760509829037156493e+01
2.171130538372476693e+01 1.515826022314352350e+01 5.351940416923174126e+00 8.007607615395391676e+00 1.722341579659704891e+01 1.356750496238360526e+01 1.632649409144863029e+01 2.617520342170548631e+01 2.769161429502362992e+01 3.761936221478149633e+01 4.532589941287790936e+01 3.747889575468759915e+01 2.726670228875737934e+01 3.025778450387502261e+01 2.700728224666711341e+01 1.673989641011001694e+01 2.122700678148841291e+01 2.720474207427574598e+01 3.739599174800312653e+01 4.321444265150267228e+01 3.894037434555249177e+01 3.801991914068631928e+01 3.187918992706040910e+01 2.732196120486129587e+01 2.771266498752385843e+01 1.856626697253593861e+01 1.195245065612584767e+01 1.780664139915165123e+01 2.518272381939310733e+01 3.076768903350077977e+01 2.698880603109969201e+01 1.958878701903235253e+01 2.182269040606713162e+01 3.234583344481017519e+01 3.920747868098120392e+01 4.263568916369479922e+01 4.674865443285292343e+01
1.691785029543997965e+01 1.015030860820099612e+01 5.692166390388715413e+00 1.533741508663315045e+01 2.142282140646370436e+01 2.354302513486655002e+01 2.617520342170548631e+01 3.028253398681095021e+01 3.761936221478149633e+01 4.173070554819845768e+01 4.401331750606151161e+01 4.160673327140241895e+01 3.747889575468759915e+01 3.401676326944605933e+01 2.455711891247490541e+01 1.877558384913616152e+01 2.923007467274725357e+01 3.567769220670133024e+01 4.152316449655339170e+01 3.894037434629773031e+01 2.845666666459225169e+01 2.754828651754765190e+01 2.754828651754845481e+01 2.559831515851238493e+01 2.544762522834860974e+01 1.301979948198818882e+01 1.395404121660784647e+01 1.293374169208506608e+01 1.404888900044159961e+01 2.408912153557778169e+01 1.690594272745663673e+01 2.698940261731126000e+01 3.234583344480992650e+01 3.657615276089026679e+01 3.845500902634766049e+01 3.712473743245555369e+01 4.130937491561349617e+01
2.396297039296536369e+01 1.591456237602335833e+01 5.948123090749259489e+00 1.330264574768454189e+01 2.018504071423766177e+01 2.579321062278295074e+01 2.995693282589389739e+01 3.076558662473962258e+01 3.480509013034296117e+01 4.099524910140349476e+01 3.380446591897659658e+01 3.890889171251905765e+01 4.310138073351048149e+01 3.812893300985825817e+01 3.184644224091350395e+01 2.148317800069449390e+01 2.623231965712154690e+01 3.354645724414175589e+01 4.351882130827504369e+01 3.894037435257287427e+01 2.845666666459245420e+01 2.099986338678161601e+01 1.675404996365652366e+01 1.428601333698597209e+01 2.214495421949130716e+01 1.360304579310565920e+01 2.116345910991546120e+01 2.166787522575486236e+01 1.369653671015066365e+01 1.482925483371538355e+01 2.433404722089428418e+01 3.125196692664226106e+01 3.247129479334356006e+01 3.531813825477800606e+01 2.800798977465009898e+01 2.663390217109665770e+01 3.277283531031477537e+01
2.166523749011395239e+01 1.650766314491013986e+01 6.474799681743744095e+00 6.697975541823876888e+00 1.670582033572649294e+01 1.594008386081656070e+01 2.398472756887460022e+01 2.113227088787291308e+01 3.076558675314707969e+01 3.594065432108487101e+01 2.669872606855134478e+01 2.877994908539341523e+01 3.890889171251905765e+01 4.184916202179792322e+01 3.187048041803464571e+01 2.471973525607100441e+01 3.494420259714323151e+01 4.058089403973260545e+01 4.486944388535204098e+01 3.891174350659095893e+01 3.094363352542487533e+01 2.044024284502298627e+01 2.739034163207016448e+01 2.330989460986693729e+01 1.428601333698597209e+01 2.213181046666146656e+01 2.629484629516769090e+01 2.264716556561359084e+01 1.369653671015066365e+01 1.369653671015066365e+01 2.264716556558407490e+01 2.770786017691909109e+01 2.209062053371512491e+01 2.735865974139356638e+01 2.057667443471341784e+01 2.524566078891674792e+01 3.140458212121572146e+01
1.756137207020975666e+01 7.538758530452382978e+00 1.420653120297301442e+01 1.670565610422969627e+01 7.691303948397068879e+00 1.774816653693622470e+01 1.424820218512708969e+01 2.389387037094973110e+01 3.098390307609803429e+01 3.174664124915848973e+01 2.190130867316828400e+01 2.584688694882029836e+01 3.155818760565491132e+01 4.172430860685402365e+01 3.871466448847880315e+01 2.873896012451615789e+01 3.494420264570237578e+01 4.479664482944740911e+01 4.066956395993899775e+01 3.027611791622067017e+01 2.413224575978068032e+01 3.094363352542367096e+01 2.487618566444637125e+01 1.522697223029811475e+01 2.317317053304942220e+01 2.039724191752943128e+01 3.075518731382107518e+01 2.685849773588191169e+01 1.764626716428483633e+01 2.264702171576135825e+01 1.445808547584021220e+01 1.482507510272088780e+01 1.556196682081174210e+01 1.715980223936204041e+01 2.735865987017691836e+01 3.531813644550532416e+01 3.997640820036102838e+01
8.739948331278268867e+00 1.751082144272474039e+01 7.538758530452382978e+00 1.811360040858761877e+01 1.774816684494322061e+01 8.774638983405051107e+00 1.880492296066108437e+01 1.787123040186486023e+01 2.701056883104544326e+01 2.555400826180041562e+01 1.910570199868658392e+01 2.584688695485586152e+01 3.585490442130048194e+01 4.590500473644758728e+01 4.277679186308486692e+01 3.458888111956781586e+01 4.277679186308486692e+01 4.679552827460308606e+01 3.660069242220355790e+01 2.915449202611910806e+01 3.163655882481392112e+01 3.328232687660101874e+01 2.290820197598702279e+01 1.602152057575669986e+01 2.527867376317797721e+01 3.063861414383891812e+01 3.494470202415016047e+01 3.208017198200065678e+01 2.473062743546477904e+01 2.808845928541218129e+01 2.384395165758441593e+01 1.526273392712358223e+01 2.511679837338052934e+01 2.721233477315924176e+01 3.156496139130488032e+01 3.718643050726817734e+01 4.132469079327843531e+01
1.866545641891813290e+01 1.468528044354790651e+01 1.880207893098441474e+01 2.280645299188930863e+01 1.686129298403131571e+01 1.873783068690186582e+01 9.928077482482210669e+00 1.936331619684225558e+01 2.278997017361632516e+01 1.595259880192492652e+01 2.067239284237702179e+01 2.748944735909683956e+01 3.754833735389069460e+01 4.160363065890798850e+01 4.582513470640193987e+01 4.435058938092261371e+01 4.842561468800213476e+01 4.679552827465203535e+01 3.660069242220355790e+01 3.660069242220355790e+01 4.198963656509408082e+01 3.449428239829539677e+01 2.408016873586743145e+01 1.697500951994549823e+01 2.713030428279638784e+01 3.038807121091408447e+01 3.968930108360015652e+01 4.009368845194323683e+01 3.267114155809136378e+01 2.212316532444740602e+01 1.591665681827438661e+01 2.511679830709205419e+01 1.659084665487947774e+01 2.663209074465930826e+01 2.296712611674195159e+01 2.670782337964364572e+01 3.205996058788379344e+01
1.711751319291417772e+01 2.162143673252004561e+01 2.860599131359957781e+01 3.013818500116683552e+01 2.618700535824909181e+01 1.808449993383556276e+01 1.989572360707127885e+01 1.112671910532866804e+01 1.311808523010276950e+01 2.284182054155344233e+01 2.968486043587669343e+01 3.461394903346287322e+01 3.512080854824423426e+01 3.135338991930391117e+01 3.859787639354286171e+01 4.886016337151327349e+01 5.341328459473750456e+01 5.098004605844375448e+01 4.679552827465203535e+01 4.679552827465200693e+01 4.101966377135011754e+01 3.066215147462830970e+01 2.853346888990696684e+01 1.823302713012920151e+01 2.033429089909666487e+01 3.066738973353945141e+01 3.904486708068547784e+01 3.961315392496185694e+01 2.699891455600978674e+01 1.979904223554929033e+01 2.521259600740097540e+01 2.158343547910489590e+01 2.679301218028777498e+01 1.815215526920677291e+01 2.853736051786395578e+01 3.475698219439333059e+01 4.132469080115443916e+01
