output/example_1/elevation_000412.asc
nrows	75
cellsize	13.33333333
xllcorner	0
ncols	75
yllcorner	0
NODATA_value	-9999
[rows 34 to 50 of 75, columns 0 to 36 of 75]
4.159999999999999636e-03 1.000415999999996330e+01 1.290375256609237020e+01 1.690305726600181657e+01 1.348220584104149466e+01 1.967318324641359339e+01 1.889010692003741809e+01 1.943887028017399388e+01 2.800260016752149639e+01 2.553539683926562276e+01 3.537741119090936337e+01 3.459176810900203947e+01 2.639554289481489135e+01 2.768647546110206648e+01 3.754463654903961611e+01 4.080723499340950156e+01 3.091970307865476286e+01 2.434475172965620615e+01 2.073827405756438225e+01 2.009692160818422835e+01 2.926198673509967918e+01 3.681005213287129152e+01 3.402178878143755725e+01 2.394131250665832766e+01 1.865521577651319163e+01 2.868705736625338787e+01 3.141193048338783811e+01 2.171322907962800386e+01 2.656258483497554579e+01 3.058680140904603562e+01 2.338942497053859526e+01 2.928025709775934260e+01 2.613943504648059957e+01 3.686287229095695750e+01 4.313015315542663330e+01 3.334105518074842678e+01 3.027070527189318838e+01
3.329999999999999627e-04 1.443708672974065133e+00 2.902358587953052460e+00 1.277275035864973951e+01 7.710666571114766832e+00 9.710667663901302760e+00 1.184268589418944195e+01 1.489333310315573833e+01 1.818844138904383811e+01 2.553539683926562276e+01 3.537741119090925679e+01 3.057386606840508847e+01 2.062496894676503345e+01 2.615506380017599497e+01 3.030909972911921102e+01 3.609233003580668964e+01 3.674763848442798064e+01 2.711667450263805534e+01 2.068774150848456372e+01 1.694944005286666666e+01 2.327312467737078805e+01 3.236206431817993234e+01 3.291178036176712141e+01 2.284163931369015543e+01 1.578480459171784922e+01 2.579111533916688259e+01 3.340301125932149517e+01 2.372916524526367965e+01 1.675761829068312281e+01 2.656258217769033436e+01 2.595666898681986012e+01 1.883658372647365908e+01 2.486956552024101796e+01 3.607647983758019450e+01 4.029134053312220942e+01 3.047161754632281472e+01 2.330247488462922689e+01
1.129999999999999928e-03 1.000112999999996255e+01 1.270576481375833922e+01 5.084537499214563994e+00 1.510266604575468818e+01 1.956996938295759847e+01 1.881944020571328835e+01 1.941997443960929104e+01 2.815291533639217292e+01 3.244091472668142018e+01 3.039609532220957533e+01 2.677306795990062938e+01 2.261927989925381866e+01 1.615231963040762153e+01 2.192638400975921442e+01 3.193155094384061954e+01 3.969974424879028874e+01 2.993751854354093922e+01 2.408744588883850923e+01 1.496588971795123335e+01 1.906730857936781476e+01 2.571468709390249430e+01 3.060153156303724131e+01 2.055209979912363849e+01 1.350232237858073603e+01 2.054404412796489865e+01 2.462250187324521633e+01 2.044927048188016272e+01 1.409817048038514997e+01 2.291009666165244951e+01 1.567676128122967150e+01 2.595666898681986723e+01 3.372418121899477228e+01 4.026150877671721418e+01 3.690506673148303207e+01 3.286257995148712752e+01 2.752299918719245042e+01
3.329999999999999627e-04 9.961740883133273883e+00 1.896083710915064202e+01 1.511258528822488678e+01 9.798785723860008900e+00 1.985151910402557718e+01 2.828034858258923734e+01 2.858273455704800625e+01 3.261149483927349024e+01 2.954321533999262428e+01 2.038243417010771452e+01 2.038243417010771452e+01 1.261421937413534167e+01 2.261927989925381866e+01 2.618205774194359492e+01 2.603972655161650707e+01 3.029547618661758435e+01 3.352557062356984119e+01 2.408744588882828097e+01 2.177056830453688363e+01 1.253644147611546522e+01 1.966901574306056588e+01 2.348326558315813628e+01 2.746780718751919537e+01 2.054404412796489865e+01 1.056744819992202622e+01 1.858478582548444891e+01 1.046373502165554648e+01 2.044927789390010275e+01 1.291442213497158420e+01 2.309165833210182228e+01 2.401316776260092212e+01 3.460425774906866536e+01 3.812406439371984845e+01 2.870658255345614407e+01 2.292800929916058195e+01 1.927546738343404797e+01
4.329999999999999539e-04 7.071500811865462310e+00 1.707150081186539126e+01 2.409141850153936204e+01 1.985151910410505138e+01 1.613106762439950970e+01 2.325214799031631685e+01 3.349947400360686345e+01 3.246493678390700666e+01 2.245268118257484247e+01 1.537966538698338681e+01 1.037274273699445892e+01 1.037274273699445892e+01 2.038253635964022337e+01 1.605574940101375603e+01 1.566364328955288343e+01 2.460814148873250318e+01 3.573973160202090327e+01 2.764132553204117215e+01 2.067728901847148393e+01 1.966901574287882681e+01 1.029583172664002433e+01 1.934359599119029838e+01 2.095382623872702155e+01 1.709569262236625775e+01 8.634723178951800193e+00 8.634723178951800193e+00 1.858478582548444535e+01 1.046373502165554648e+01 2.073079671451577255e+01 2.003631998962941552e+01 3.046789759613724868e+01 3.903740052818334050e+01 4.209930018850938183e+01 3.690506673136587779e+01 3.286257995148751121e+01 2.939458579192100274e+01
5.329999999999999452e-04 1.000053299999996348e+01 1.681248540220989796e+01 2.227303443345012468e+01 2.637231599395992632e+01 2.625352029057980729e+01 3.053147764233304073e+01 3.171414704303727916e+01 3.461749727766361673e+01 2.615943141809836447e+01 1.615337843845286514e+01 1.037274273699445892e+01 1.795496239257191107e+01 1.899963147549970088e+01 8.876875117550214966e+00 1.900130229553596806e+01 2.567874984865780874e+01 3.528682356736889147e+01 3.120014381444844531e+01 2.362208053214569148e+01 1.433573651907401114e+01 8.799281893629276041e+00 1.633359091450989098e+01 1.573034785285505244e+01 7.212264056966912307e+00 1.709569262233003073e+01 1.858478582548444891e+01 2.274704285579123919e+01 1.659410193068149653e+01 2.578835767255128530e+01 3.046789759613724868e+01 3.488690375270023480e+01 4.106826011608949045e+01 4.169922109315321279e+01 4.104997193548872048e+01 3.120421737093512959e+01 2.407310770104554365e+01
3.709999999999999756e-03 2.676322419124245400e+00 1.267029559170628161e+01 1.228552151892832178e+01 1.805844227690349513e+01 2.803027438588344467e+01 2.878592820359899207e+01 2.175443021832115775e+01 2.467156373758276544e+01 3.031855198066960000e+01 2.373315597397669663e+01 1.372503111501523954e+01 7.936933332180974077e+00 1.568653037106787274e+01 5.659845809745538858e+00 1.145477286109246862e+01 2.147401324930619637e+01 2.944465993950630534e+01 2.097650371258022872e+01 2.759400920152150505e+01 2.217336866529364414e+01 1.359941144567367211e+01 6.797718768767129660e+00 5.865159700069794368e+00 1.567438267620396530e+01 7.506923207011886312e+00 1.774731610608119325e+01 2.707956502996125181e+01 2.872817242247039005e+01 3.390932120033180297e+01 3.940349691165333468e+01 3.509873751423467780e+01 3.072874367274619445e+01 3.133035910295680537e+01 3.867437355790828946e+01 3.818312445784546583e+01 3.319391583479501406e+01
6.660000000000000121e-03 1.000665999999996281e+01 6.940336453571674724e+00 1.693913826788752175e+01 2.637231599395992632e+01 3.210804041591608637e+01 2.467113920477027378e+01 1.468755332181791751e+01 2.193396675398268769e+01 2.599131484675755033e+01 2.789099405512294894e+01 2.146724059914441796e+01 1.145475677786558499e+01 5.659845809745538858e+00 1.383041349375400664e+01 1.382790058952500090e+01 2.382246744138015870e+01 2.498905619998010508e+01 1.493768316457761536e+01 2.498905619998010508e+01 2.691749609900010398e+01 1.934952425211473681e+01 1.104503476863617273e+01 4.889285864767410672e+00 5.420097855698220002e+00 1.758641251814425743e+01 1.191140366569035436e+01 1.655710132863853801e+01 2.278253463175030191e+01 3.334866039821459083e+01 3.509873751423467780e+01 2.492557834724089005e+01 2.362134670249606572e+01 2.409598799482468934e+01 2.923169574599238274e+01 3.956435071683685578e+01 3.894791830666987664e+01
1.030000000000000013e-02 1.001029999999996356e+01 1.693913826788752175e+01 2.108526138185006005e+01 2.004142154891081518e+01 2.418354950540500070e+01 2.092260296857638835e+01 1.090798729273723922e+01 1.196720604342871930e+01 1.619274047216602597e+01 2.618615931206989700e+01 2.562427153703464455e+01 1.983959048357111499e+01 1.383041349042392554e+01 3.810873943808650743e+00 1.382817075346856761e+01 2.242006975305575978e+01 2.078696313917646066e+01 1.020671440612494862e+01 2.078696313917646066e+01 2.726192233923505270e+01 2.327212664483528570e+01 1.400792775855893169e+01 4.059233849714370734e+00 1.130654797243752796e+01 2.094339443204129125e+01 2.277395750911079375e+01 2.707956502996125181e+01 3.178660713091744228e+01 3.760002246076558663e+01 3.465301696010261168e+01 2.790522768116327512e+01 1.808268674143624111e+01 1.897027456517862376e+01 2.922142751989934695e+01 3.813745024864178390e+01 3.522342864275421448e+01
1.349999999999999985e-02 7.084567811865484899e+00 1.708456781186555062e+01 1.841005839972087799e+01 1.004144226198181222e+01 1.841005839972087799e+01 1.668460219109654119e+01 1.254247479298203771e+01 6.193972962736400412e+00 1.595894776701468487e+01 2.010107546012219970e+01 1.725651056037449393e+01 1.725651069370782764e+01 1.258384118648234917e+01 2.568317350305311386e+00 8.351625722832686449e+00 1.834172592125706558e+01 1.744230073225780941e+01 6.922793378459169311e+00 1.247448780527660617e+01 2.300268136577766498e+01 1.977290874887727412e+01 9.788100103713430755e+00 3.236585296503631248e+00 1.324562482708612521e+01 1.551732755678377806e+01 2.546512487737174624e+01 2.746001679905504744e+01 3.160068420264533628e+01 3.736404896171401191e+01 3.037490290897589418e+01 2.035748689873498662e+01 1.519104072621412449e+01 1.571745087936516505e+01 3.139887120063535164e+01 2.799125949733035768e+01 2.501178613026015540e+01
1.339999999999999872e-02 1.001339999999996344e+01 1.018545704486042602e+01 1.018545717819375795e+01 4.267953842027440103e+00 1.018545744486042537e+01 1.018545757819375908e+01 2.542498222966131038e+00 1.018545784486042471e+01 5.958970115796734746e+00 1.018545811152709213e+01 7.256532475524823056e+00 7.256532608858155875e+00 1.018545851152709147e+01 1.372379514123267308e+00 1.018545877819375889e+01 1.018541529398769185e+01 1.166819343714047719e+01 4.237698121024735087e+00 1.438641044581828687e+01 1.993430917512588962e+01 1.640841418383766381e+01 1.216366234944793234e+01 3.236585296503631248e+00 5.592575463852721640e+00 1.551733388786429479e+01 2.213953893186323540e+01 1.750631414881187808e+01 2.324674605390350735e+01 3.321545166992245157e+01 3.054627804184247353e+01 2.246385439472858536e+01 1.247079055355123955e+01 2.246385439472830470e+01 2.931993345056786282e+01 2.091784990961185642e+01 1.919477174723357393e+01
1.369999999999999864e-02 1.854766843058659465e-01 1.854766843058659465e-01 1.854766843058659465e-01 1.854766843058659465e-01 1.854766843058659465e-01 1.854766843058659465e-01 1.854766843058659465e-01 1.854766843058659465e-01 1.854766843058659465e-01 1.854766843058659465e-01 1.854766843058659465e-01 1.854766843058659465e-01 1.854766843058659465e-01 1.854766843058659465e-01 1.854766843058659465e-01 1.854766843058659465e-01 1.730061112196110029e+00 7.514464159162323575e+00 1.049600594427143108e+01 1.038529739537557184e+01 1.125391452640427481e+01 2.138111186249078699e+00 1.213084879387788817e+01 1.549502594774314801e+01 9.341203070257748209e+00 1.219953419466752464e+01 2.213953893186323540e+01 3.160068316151937040e+01 3.108316025975442187e+01 2.629602325553669573e+01 1.627329511753349323e+01 1.051466850499390127e+01 1.797662153427513587e+01 2.217256330534706166e+01 1.524568129577219366e+01 1.474225801545983394e+01
1.290000000000000001e-02 1.001289999999996283e+01 1.854766843058659465e-01 1.854766843058659465e-01 1.854766843058659465e-01 1.854766843058659465e-01 1.854766843058659465e-01 1.854766843058659465e-01 1.854766843058659465e-01 1.854766843058659465e-01 1.854766843058659465e-01 1.854766843058659465e-01 1.854766843058659465e-01 1.854766843058659465e-01 1.854766843058659465e-01 1.854766843058659465e-01 1.854766843058659465e-01 1.854766843058659465e-01 3.633252557276556716e-01 3.633252557276556716e-01 1.038585459532318112e+01 1.077144403620010182e+00 1.025267397684254611e+01 1.050937901991050794e+01 2.047895563057386425e+01 1.927010672312964346e+01 2.213953893186319632e+01 2.627351241828171879e+01 2.458236613520395153e+01 2.092547816815524797e+01 2.799934610682119640e+01 2.471935638556518811e+01 1.797662153427513587e+01 7.995803723000339147e+00 1.748232686635574851e+01 1.069203617656435057e+01 2.065984229402766559e+01
1.349999999999999985e-02 1.001349999999996321e+01 1.018545704486042602e+01 1.018545717819375795e+01 1.018545731152709166e+01 3.518806314417743497e+00 1.018545757819375908e+01 7.256531942191490003e+00 1.018545784486042471e+01 1.766616123987456932e+00 1.018545724499928973e+01 1.018545824486042584e+01 1.018545837819375777e+01 4.657607106583166789e+00 1.018545864486042518e+01 1.018545877819360790e+01 1.018545891158665206e+01 1.085173268501958965e+01 3.633252557276556716e-01 1.043912233116828503e+01 3.633252557276556716e-01 3.633252557276556716e-01 3.633252557276556716e-01 1.049420918977504513e+01 1.287502530765420339e+01 1.667478890283083359e+01 2.050474544256438492e+01 2.130594708731474185e+01 1.393439624246515862e+01 1.311368033811042899e+01 2.382325989873320182e+01 2.258869100493487636e+01 1.629293646419150221e+01 6.314774100874751994e+00 7.519721111016086645e+00 1.748232686635574851e+01 2.483800995543772316e+01
1.319999999999999993e-02 7.084267811865485598e+00 1.708426781186555132e+01 1.984332513055055003e+01 9.843346001374358778e+00 1.351878301008176564e+01 1.351878301008176386e+01 1.725651002704116266e+01 1.336787837468305007e+01 3.367895601884702828e+00 1.336787826501944565e+01 1.997191616777655199e+01 1.879970512246371683e+01 1.172865799096956430e+01 1.879970512244163672e+01 1.906237689810312474e+01 1.322988258637011327e+01 3.641998273178615797e+00 1.145769088350674636e+01 1.456931267610978331e+01 6.278052256264110120e+00 3.633252557276556716e-01 3.633252557276556716e-01 6.110293770474820363e+00 6.273503513443230428e-01 1.078352074733039956e+01 9.112511096792108134e+00 1.250480791783515144e+01 5.276917889447252819e+00 1.662558693947763899e+01 1.743582670757908559e+01 1.277407267682100489e+01 1.295113955049484922e+01 4.705770955930889343e+00 1.449969269977425590e+01 1.741958230293195342e+01 2.716246846400527204e+01
1.359999999999999924e-02 1.001359999999996298e+01 1.567325232707431226e+01 1.981538795080537696e+01 1.984332513055055003e+01 1.984332513055055003e+01 2.351876285601720440e+01 2.336792505502645412e+01 1.336787837468304652e+01 1.336787837468304474e+01 5.829718165199392566e+00 1.290070793154145790e+01 2.289695607417469958e+01 2.172863644051590626e+01 1.984314963062099579e+01 1.025934974698251700e+01 5.574702539393019407e+00 1.322988258636131853e+01 1.574201969971270820e+01 1.626372945475163689e+01 1.460916856331857083e+01 1.051648235251233920e+01 7.374239566309132243e+00 6.273503513443230428e-01 6.273503513443230428e-01 1.041705950479632570e+01 9.024739271029640353e-01 1.100028791670552453e+00 1.273481157496115124e+00 1.117805627956241210e+01 8.561488594979836719e+00 1.132508407690080432e+01 2.966103234687501811e+00 1.192655484618843253e+01 1.609955594192907213e+01 1.714555860416036026e+01 2.106377558010678541e+01
1.299999999999999940e-02 2.786500981126147192e+00 5.673252327074279400e+00 1.567325232707431226e+01 2.516061278905363352e+01 2.984330620985607396e+01 3.119758163629850500e+01 2.033030354417115859e+01 1.216437093189189866e+01 5.829718165199392566e+00 1.582971216478459198e+01 1.290090021571576173e+01 2.290918154116468486e+01 2.958652736580398823e+01 1.984303073112041815e+01 1.642612286090446716e+01 6.960158369096714814e+00 1.179511786755017688e+01 2.082164935048108134e+01 2.608470376586841510e+01 1.843153091940552812e+01 8.422538057239538745e+00 6.273503513443230428e-01 9.755691362154307100e+00 5.723709057622163421e+00 9.024739271029640353e-01 1.027404460103755390e+01 6.827253301261316132e+00 1.784917619423156188e+00 1.604017911199238311e+00 1.604017911199238311e+00 1.604017911199238311e+00 1.604017911199238311e+00 1.604017911199238311e+00 1.213883484762611076e+01 7.859114708653438086e+00 1.222723930764646383e+01
