output/example_1/elevation_000246.asc
nrows	75
cellsize	13.33333333
xllcorner	0
ncols	75
yllcorner	0
NODATA_value	-9999
[rows 34 to 50 of 75, columns 0 to 36 of 75]
4.159999999999999636e-03 7.075227857844851087e+00 1.707525089418550124e+01 2.070588436472407423e+01 2.185738518981597522e+01 1.846665636435119495e+01 1.847994196841723991e+01 1.425217535646630118e+01 2.361280423067818646e+01 1.718638929909196733e+01 2.165562725713903092e+01 2.741307101555339898e+01 3.725986601777000828e+01 3.996236855534262844e+01 3.002534107581590916e+01 2.310646635937563431e+01 2.131715352907828631e+01 3.097564750060854877e+01 2.963497608496377467e+01 2.489016304614893826e+01 1.784814086228925589e+01 2.490981554822096200e+01 3.480812906151056296e+01 3.152829596794812161e+01 2.369991077536722202e+01 2.559418101408949298e+01 1.801056890035201974e+01 2.118737519550999693e+01 2.855523644606362055e+01 3.880164622302543620e+01 3.868279010436904741e+01 2.867398742687179691e+01 2.345931694620374230e+01 1.938242729753173421e+01 1.663356321907198421e+01 2.509080011834646129e+01 2.067029677967298085e+01
3.329999999999999627e-04 1.000032329615549287e+01 1.241688614982111005e+01 1.072805992051254975e+01 1.200731676206384790e+01 1.632093079220913268e+01 8.479267771059637582e+00 1.847994201761438759e+01 1.365169526846203851e+01 2.071473625847319511e+01 3.063120898092759958e+01 3.563928768949782011e+01 4.131453769358443395e+01 3.846383046321600574e+01 3.426442180225062373e+01 2.802114769955423768e+01 1.814989728733425522e+01 2.493698239779297410e+01 2.021261637963900171e+01 2.294575553543290170e+01 1.568532038553622421e+01 2.573312795356911664e+01 3.152829596820399516e+01 2.113695681413171812e+01 2.304380487605252981e+01 1.514010668313233410e+01 2.559418101408949298e+01 3.155634038691959375e+01 2.855523644606362055e+01 3.880164622302543620e+01 4.233280210421525425e+01 3.533833364278573441e+01 2.552998815602131799e+01 2.982664393069429920e+01 2.508880359197637588e+01 1.465810915033681283e+01 1.335986832852452011e+01
1.129999999999999928e-03 1.204988530857607820e+00 2.417666656036516315e+00 3.658014001876189969e+00 4.949008449844206403e+00 6.322614079487525629e+00 1.632248631299001218e+01 1.097924013087709838e+01 2.096031478713318208e+01 1.864968804045938455e+01 2.441294422251425189e+01 3.429293509789136607e+01 4.015362931156416693e+01 2.998850869511774420e+01 2.446167941709429172e+01 2.127087657666186615e+01 1.810484572188840602e+01 1.489859883849678290e+01 1.320365985372059647e+01 1.281405241375463611e+01 2.294574384790758614e+01 2.984369136202825246e+01 2.552620839091629179e+01 2.126148482196792955e+01 1.257521296497890084e+01 2.304378736493189805e+01 2.382214089023974424e+01 3.506719141176425580e+01 3.880164622302543620e+01 4.292372160258177161e+01 4.363275590390080794e+01 3.380826903444518905e+01 3.561353934840690982e+01 3.532075403515561618e+01 2.791443565532130933e+01 2.369629353765627044e+01 1.335986832852452011e+01
3.329999999999999627e-04 1.000033299999996217e+01 1.241688637552782382e+01 1.070038658682597621e+01 9.948978462183418969e+00 1.632248573203242969e+01 1.209574182197007808e+01 2.094974115299257633e+01 2.508754819224965615e+01 2.441294422251425189e+01 3.265725632750017127e+01 3.834499033566365966e+01 4.431093756438437481e+01 3.846383046321600574e+01 3.426442180225062373e+01 2.990820692128961511e+01 2.061923341559119294e+01 2.494607627153745000e+01 1.862600395577599599e+01 1.090762796730646578e+01 1.938950777993667884e+01 2.311027830587005027e+01 1.954572347144365452e+01 1.082531921455479917e+01 2.126148481891983977e+01 1.257521296497890084e+01 2.391404284859172336e+01 3.174923976838515571e+01 3.391191735665230311e+01 3.828287206424025158e+01 4.453620180472425005e+01 4.363275590390080794e+01 3.531971279937668839e+01 2.512752609477614030e+01 2.369630300692888980e+01 1.335986832852452011e+01 2.250671968677502477e+01
4.329999999999999539e-04 7.071500811865462310e+00 1.707150081186539126e+01 2.012694094230207398e+01 1.995184337673805075e+01 1.995557434855236423e+01 1.916559237599005527e+01 2.025913040202507887e+01 3.025120082843967850e+01 3.429293509789253847e+01 3.834499033978404015e+01 3.694899658008436205e+01 3.585473848713512979e+01 3.694899658008436205e+01 4.109357966363430137e+01 3.535472094566716805e+01 3.081316214189382308e+01 3.236846064735580342e+01 2.515982615672213285e+01 1.938898730413571414e+01 9.206258862427430856e+00 1.693590677090116259e+01 9.134301306882139926e+00 1.954133049049996984e+01 2.551313502584169157e+01 2.391404284859178730e+01 1.556767414881467460e+01 2.720599928689492941e+01 2.229939349013237049e+01 2.922782543362528074e+01 4.031863393053770750e+01 4.002014720530792147e+01 2.999372363245794659e+01 2.265691341239508816e+01 1.655075764444082864e+01 2.369630300678280577e+01 2.476153702789907030e+01
5.329999999999999452e-04 1.000053299999996348e+01 1.690393581233726650e+01 2.104478046446849859e+01 2.688532321076135290e+01 2.997357168645809367e+01 2.915939532148886926e+01 3.025120082844133051e+01 2.886152973920777143e+01 3.300366299859661012e+01 3.694899658008436205e+01 2.694753125734328236e+01 2.585355573016989794e+01 2.694753125734328236e+01 3.353559795365294605e+01 3.767955028588351496e+01 3.125746671134425725e+01 2.709024684496793256e+01 2.527688275377213145e+01 1.526808229847262766e+01 8.007558421800018422e+00 1.673724474487666214e+01 7.957554979643034265e+00 1.395948779665115680e+01 2.435199518586371070e+01 2.720599942022826312e+01 1.556767414881467460e+01 1.556767414881467460e+01 2.136650639733951706e+01 2.832955354384887769e+01 3.948758477316368953e+01 4.043060005941257629e+01 3.122791017416359693e+01 2.087597636630477993e+01 2.700066818786519818e+01 2.659918593654584740e+01 1.617937045738926116e+01
3.709999999999999756e-03 3.337083800112101706e+00 6.873144990413506683e+00 1.266328867256876300e+01 2.277704481354951938e+01 2.770400743746476380e+01 2.800366798999391094e+01 2.386153563364526775e+01 1.886154152808869000e+01 2.723016607588580129e+01 3.300366298365171502e+01 2.878283433979905581e+01 1.878245388480775446e+01 2.878283433979905581e+01 2.353471199068152586e+01 3.190494423297953475e+01 2.709024684496793611e+01 1.674087786358760965e+01 1.975504321454361190e+01 1.918002855430924924e+01 1.462458743631053437e+01 6.311211702029305926e+00 1.675577195208793668e+01 2.260411363512886140e+01 2.854417820552034968e+01 3.174923990175565081e+01 2.384113613198910997e+01 2.384113613198883641e+01 2.384113613199074067e+01 3.532949802588758104e+01 4.370456779065480646e+01 3.629387330846197557e+01 2.616409001855094729e+01 3.122791017416359693e+01 3.535910368381864544e+01 3.086482284805899923e+01 2.476267326169071836e+01
6.660000000000000121e-03 1.000665999999996281e+01 1.690393581233726650e+01 2.105929658232444623e+01 2.477508028431800113e+01 1.770402023257678792e+01 2.223017300012665487e+01 1.386155123230398978e+01 1.308805004165506247e+01 1.886154152808869000e+01 2.886152973920371423e+01 2.576760618252543722e+01 1.576735273128814008e+01 2.198786565686932093e+01 1.776120569142634054e+01 2.776158268081550773e+01 2.709024684580263909e+01 1.674087786358763097e+01 9.317780891703288049e+00 1.452858077128832726e+01 5.132258922682950697e+00 1.563413995486796004e+01 2.102411223788615757e+01 1.854769571716057897e+01 2.591869381558968755e+01 3.602297075173239449e+01 3.532949800622655090e+01 3.532949800093324910e+01 3.532949802844121479e+01 3.965734819561746605e+01 4.443635449892041578e+01 3.446389242050363322e+01 3.629387039085460032e+01 4.020712878050512984e+01 4.114608075492411388e+01 3.205791270668044035e+01 2.498242307936158468e+01
1.030000000000000013e-02 5.783802691896265280e+00 1.285487050376176299e+01 2.285487050376183049e+01 2.063294867310976954e+01 1.063296574889388069e+01 1.430840415244714414e+01 8.088060295661533061e+00 1.808804194763882123e+01 2.259831343570599671e+01 2.674061201707902313e+01 2.991086498054601606e+01 2.198786565686932093e+01 1.198772562811382159e+01 2.198754951311611094e+01 2.985275088017589340e+01 2.925952215383271238e+01 1.865289691782245285e+01 1.450186429605443905e+01 4.052199059430318329e+00 1.454628815903236827e+01 8.998795082719597715e+00 1.189822605366232011e+01 2.234624335705677467e+01 2.887816801119906174e+01 3.889766254950676938e+01 3.542166023529786401e+01 3.137518893314284441e+01 3.542166022133039860e+01 3.534473027296510850e+01 3.943862968768335264e+01 4.443635449892041578e+01 4.190361171292799014e+01 3.786547502720444669e+01 4.168340026460534631e+01 3.268013167360191318e+01 2.844532195869975055e+01
1.349999999999999985e-02 7.084567811865484899e+00 1.708456781186555062e+01 2.009764896026772618e+01 1.595551805180329374e+01 1.430840415244706776e+01 4.308420469568914335e+00 1.430840415244708019e+01 1.552724578769367447e+01 1.259831366743356185e+01 2.259831343570579421e+01 2.558059049153064279e+01 1.994659387716743026e+01 9.946494301734370325e+00 1.571997150643907482e+01 2.571942979310896860e+01 2.523986360858751965e+01 1.865749195845992503e+01 3.972558640395448482e+00 3.343228690206565545e+00 1.379396026711431311e+01 1.944363974633728631e+01 2.234624327233425234e+01 1.854774293418358511e+01 2.591952892882905601e+01 3.603590876608656401e+01 3.072682386653663755e+01 2.214265774620016103e+01 3.072682378026141947e+01 2.590558945280781700e+01 3.391378913653088745e+01 4.253599243123710494e+01 3.692082637184162053e+01 2.801552390354311228e+01 3.518301682396367625e+01 2.851743421082987595e+01 1.818053895183628654e+01
1.339999999999999872e-02 1.001339999999996344e+01 1.018202419201915632e+01 1.018202432535243851e+01 5.955533811350376183e+00 1.018202459201915566e+01 2.223276926418912058e+00 1.018202694388630469e+01 5.527257020179823677e+00 1.552724578769368868e+01 2.547768577744026075e+01 1.558848359655908666e+01 1.558958467237035883e+01 8.089548592619346223e+00 1.516059782291024050e+01 2.516134950939462556e+01 2.113193715890540147e+01 1.103031113374323446e+01 1.288603616826885201e+01 2.643640944787490010e+00 7.836531071956534866e+00 1.526191753992222999e+01 2.564239437054837722e+01 2.888254798210291341e+01 3.300348251443617897e+01 3.200255897319530618e+01 2.675892333966273640e+01 1.767614553290837520e+01 2.458496251705866342e+01 2.069771616881808995e+01 2.989503977952621838e+01 3.855769658511486853e+01 2.878170076472358829e+01 2.287930563438349907e+01 2.527012349222485454e+01 2.902420880827242300e+01 1.821278711350798929e+01
1.369999999999999864e-02 1.820349021284149715e-01 1.820349021284149715e-01 1.820349021284149715e-01 1.820349021284149715e-01 1.820349021284149715e-01 1.820349021284149715e-01 1.820349021284149715e-01 7.253097268838256007e+00 1.725308872131298443e+01 2.136051327983282988e+01 1.136302771814755985e+01 5.589555608826360711e+00 1.558958467240964652e+01 2.182618365196618271e+01 2.265541564868827606e+01 2.004779456874629062e+01 9.919963149097062782e+00 2.643640944787490010e+00 1.190357979981208025e+01 1.603295224169917788e+01 2.247747318892243484e+01 2.274679993333490557e+01 2.273666596781261262e+01 2.691304519037962706e+01 2.801834737778279916e+01 1.880440664079349489e+01 1.439023590732081637e+01 1.543996717467476287e+01 2.187506401495494401e+01 3.112723623349203805e+01 3.334695080234806852e+01 3.518301682396366203e+01 2.527012349222485454e+01 1.784166710042342885e+01 2.427300734791053927e+01 2.091151851470198864e+01
1.290000000000000001e-02 1.001289999999996283e+01 1.820349021284149715e-01 1.820349021284149715e-01 1.820349021284149715e-01 1.820349021284149715e-01 1.820349021284149715e-01 3.518199945388396088e-01 1.035179783629899575e+01 1.449392253250287332e+01 1.742284355607606372e+01 1.400718362952646778e+01 4.008418396683212315e+00 1.182621436919541758e+01 1.182621436919126445e+01 1.247617724901230751e+01 1.949386490380501158e+01 1.594160262903131731e+01 1.190239097523970635e+01 1.691220009322406348e+00 1.125772557765065862e+01 1.562534817794061226e+01 1.253825175102500999e+01 1.253803796194331177e+01 2.273666596781261262e+01 2.666158477015006767e+01 2.049519626916033488e+01 1.104056434260534303e+01 1.856527176383832511e+01 2.245797830433086872e+01 3.054834624216698558e+01 2.385472056001834673e+01 3.054834624218255001e+01 3.017005198195421301e+01 1.995607106128915120e+01 1.372971259461936988e+01 1.791308703950558723e+01
1.349999999999999985e-02 1.001349999999996321e+01 1.018202419201915632e+01 7.253096719060857289e+00 7.253096852394190996e+00 7.253097141046736418e+00 1.018197908645125338e+01 1.035179782136667725e+01 3.518199945388396088e-01 1.035179796963232945e+01 7.422875364692535172e+00 1.035179836963233058e+01 1.035179850296548665e+01 1.826240336391557362e+00 1.035179876963051093e+01 5.355542945533701804e+00 1.035179912584125184e+01 1.021969093739189205e+01 1.033416951034309861e+01 1.021323377687097578e+00 3.938157699334813966e+00 1.042946324446484674e+01 5.239544716454430429e+00 1.409486405233406003e+01 2.250608997145554468e+01 1.996327649315439956e+01 1.326496821615579869e+01 8.756154902105777182e+00 8.756154902105777182e+00 1.856532576004982715e+01 2.618444380572370278e+01 1.656584613897005553e+01 2.618444380572370278e+01 3.419215768242286657e+01 2.838029965644956221e+01 2.094169331988008054e+01 1.052621425343935968e+01
1.319999999999999993e-02 7.084267811865485598e+00 1.708426781186555132e+01 1.725308107567070337e+01 1.725308120900403708e+01 1.725313283353376193e+01 1.277714584442119339e+01 2.777176006519201046e+00 3.518199945388396088e-01 3.518199945388396088e-01 3.518199945388396088e-01 3.518199945388396088e-01 3.518199945388396088e-01 3.518199945388396088e-01 3.518199945388396088e-01 3.518199945388396088e-01 3.518199945388396088e-01 3.518199945388396088e-01 3.518199945388396088e-01 3.518199945388396088e-01 3.518199945388396088e-01 3.518199945388396088e-01 9.137699779338678496e+00 1.223005470851492049e+01 1.723063950035829350e+01 1.603868883893088793e+01 5.644853556545876394e+00 1.603876260302472900e+01 1.855151167614263841e+01 2.101384300626735779e+01 1.725125770267355918e+01 1.160619595098011025e+01 2.228555658444819798e+01 2.491406298368937655e+01 2.801129011302513661e+01 2.441914076628026464e+01 2.014155662231293675e+01
1.359999999999999924e-02 1.001359999999996298e+01 1.769066952966358386e+01 2.346417222155982074e+01 2.362782521137286906e+01 1.362785576788630060e+01 6.556814156329871857e+00 1.277714756162374066e+01 7.422875231359202353e+00 1.035179810296566316e+01 3.518199945388396088e-01 3.518199945388396088e-01 3.518199945388396088e-01 3.518199945388396088e-01 1.035179863629893582e+01 3.518199945388396088e-01 3.518199945388396088e-01 3.518199945388396088e-01 3.518199945388396088e-01 9.125914218980700099e+00 3.518199945388396088e-01 5.337000444658585030e-01 9.422876908107047811e+00 7.910425515750248993e-01 1.069414064773000383e+01 1.393552001450527911e+01 3.409388830754434885e+00 1.289391999218232598e+01 1.557543591015091167e+01 1.293269372133083372e+01 6.423168715119551564e+00 1.725060331253542500e+01 2.153839941966506544e+01 1.384525864614195356e+01 1.708723637698248154e+01 2.193447172959197289e+01 1.457560898917386538e+01
1.299999999999999940e-02 3.548533905932734100e+00 9.322036597828969207e+00 1.932203659782889815e+01 2.362782521137286906e+01 1.362785576788629882e+01 1.033644573263088162e+01 2.033641037080280611e+01 1.742284342274273001e+01 1.449392279916954074e+01 1.035179823629899687e+01 2.208773798213470752e+00 1.035179850296566251e+01 7.422875764746634353e+00 1.449391807248533226e+01 1.035179885690294377e+01 1.700220910703498900e+00 1.035179931130517694e+01 7.423092502259515335e+00 6.055713383241663195e+00 1.116683813182562446e+01 9.267238940055676721e+00 7.910425515750248993e-01 9.401392474483031947e+00 1.056461862213198044e+00 9.796860956557509326e+00 1.322021391897561182e+00 5.315254859060110526e+00 1.093263410932952162e+01 2.720650910273037404e+00 1.172793397147792405e+01 1.234069474035939962e+01 1.224154327362616002e+01 6.154110280970628288e+00 1.559985330952608606e+01 1.983257413372185951e+01 1.345623256502619292e+01
