output/example_1/elevation_000091.asc
nrows	75
cellsize	13.33333333
xllcorner	0
ncols	75
yllcorner	0
NODATA_value	-9999
[rows 34 to 50 of 75, columns 37 to 73 of 75]
3.759679924076041857e+01 4.162548096836358269e+01 4.248719933691533157e+01 3.439052670683089730e+01 4.034169815318283980e+01 3.100026648909584637e+01 2.548406004123399171e+01 2.063990231711033019e+01 2.623648128003177504e+01 2.386198066627034819e+01 2.174258218420381539e+01 1.835770328059014744e+01 8.403583436158514886e+00 1.745464619523662719e+01 2.028160999942836185e+01 1.650437344998857725e+01 7.634641490232960237e+00 1.665267697805973057e+01 1.792988538992699432e+01 1.194579756761498501e+01 2.295821455868527394e+01 3.003584303978853853e+01 2.304150390310345742e+01 2.869181777773550124e+01 2.585392411831934112e+01 1.559359505240824006e+01 2.376048851516138427e+01 1.486982797232941067e+01 2.518977156395122208e+01 1.641896358459240091e+01 2.667397473472326652e+01 3.245783102777690488e+01 3.485237840305092760e+01 3.545865175023353544e+01 3.920080066735383184e+01 3.413148318532297765e+01 4.094975241538015354e+01
3.692650524698706249e+01 4.092396263422261882e+01 4.807284250701421513e+01 4.413568911041125631e+01 4.419369157863717135e+01 3.688441564074577883e+01 2.745629333135323336e+01 2.915795317402980302e+01 3.212491998840770435e+01 2.220690397982182773e+01 1.098677171228455229e+01 8.403583436158514886e+00 1.745464662063683647e+01 7.622697698624359752e+00 1.639615955184026674e+01 7.220260471675821634e+00 1.424609716206465571e+01 2.049541114717512968e+01 2.667136524913741269e+01 2.295821455867463001e+01 1.821256504634404649e+01 2.944089234723114501e+01 3.299167150334847065e+01 2.894540280021337253e+01 1.892255877656423380e+01 2.585392411832114945e+01 2.928933662507322211e+01 2.518977641835531500e+01 1.641896358459240091e+01 2.664065171296442358e+01 3.069004216373252802e+01 3.244681979934715343e+01 2.515635025660393964e+01 2.691111483113256853e+01 2.950215230953693890e+01 3.516201058927356371e+01 4.198042918827623993e+01
2.750173347722616413e+01 3.675332738606130079e+01 4.221781641151692810e+01 4.818722642384388166e+01 4.411801702973775008e+01 4.076718589417384209e+01 3.688491046363660786e+01 3.531468214641471803e+01 2.331455043094298318e+01 1.609359826852460174e+01 1.863362198069520304e+01 1.631548091095925912e+01 2.116845613637239509e+01 1.557281595847251054e+01 6.795547107964076794e+00 1.461785298559465396e+01 1.198135450991475004e+01 1.603687488998896882e+01 2.141838450639248492e+01 3.101842560189971465e+01 2.481283026946590908e+01 3.375006480955953947e+01 3.692746545728346774e+01 2.712796290907845886e+01 2.153530287902679419e+01 3.135207992600055960e+01 3.290546206430609999e+01 2.299992742311092542e+01 2.664065172529015513e+01 1.836577419597808714e+01 2.831728674705530935e+01 2.272340044327914299e+01 3.244681979934715343e+01 3.380107803286239943e+01 3.088745374326419579e+01 3.436095174892493276e+01 4.120137391015610007e+01
2.336308421530209145e+01 2.883260422690887737e+01 3.821207099027324006e+01 4.249534714972774907e+01 3.424496082139348374e+01 3.841780618538464864e+01 4.249537173876094442e+01 4.042179000175801917e+01 3.273583399624491364e+01 2.303235951461307351e+01 3.001151836666560513e+01 2.815645806550783448e+01 2.121574292622360502e+01 7.450159928512870344e+00 6.552955637581315607e+00 1.176479457038289489e+01 2.056284769738860163e+01 2.532590639169151103e+01 2.951732403395583404e+01 3.510476740232149240e+01 3.576294271574982986e+01 3.991584458457722917e+01 4.097360520230023440e+01 3.537030299308437975e+01 2.648179292633496829e+01 2.620332360053791376e+01 3.594376671361608544e+01 2.874694483469342643e+01 3.248146983074477845e+01 2.840901687660513630e+01 2.032852994286544401e+01 3.019545014263802329e+01 3.640948657405468936e+01 4.338699413485714018e+01 3.653644614428335302e+01 4.394391080508213321e+01 4.120137391015629902e+01
3.279683333312222260e+01 3.675332738606130079e+01 3.715286080684423808e+01 3.841780573071200422e+01 2.842706406615122106e+01 2.842706406615472758e+01 3.415773951096985428e+01 3.825358255395013884e+01 3.943025351453320582e+01 3.498474462118348072e+01 3.038518466140163454e+01 2.544393129945790122e+01 1.794684555295570405e+01 9.639392080366837590e+00 6.262105438529993684e+00 9.322677095301525441e+00 1.680772578969694564e+01 2.795124817250307458e+01 2.529668306068327155e+01 2.798384802672937965e+01 3.104072728168260298e+01 3.470997193036065198e+01 3.912858435525472345e+01 4.020191984578200106e+01 3.335850276012717330e+01 2.988737687047412805e+01 3.962377846784959701e+01 3.570903612148575945e+01 3.588131722106157184e+01 2.605886420674673687e+01 3.021032132914426427e+01 2.398435178637701881e+01 3.090546588743778855e+01 4.075838706759510188e+01 4.604639424889617061e+01 4.990304044406796891e+01 5.056498057231304699e+01
2.436201634542933192e+01 3.101109504773823389e+01 2.744187653029606366e+01 3.436430408828202587e+01 3.264964853344311990e+01 2.250208457538512263e+01 2.405117670891128512e+01 3.245550122323717090e+01 3.953949752418225216e+01 3.349043261246591641e+01 2.293881650557251106e+01 1.575236157572378382e+01 1.203885888772684964e+01 1.246559612723489607e+01 6.262105438529993684e+00 1.342738680579959620e+01 2.108292843019776441e+01 2.175925393264135721e+01 1.530046610935349882e+01 1.794000636501966639e+01 2.091656971513528163e+01 2.442642520264472950e+01 3.029684339767150547e+01 4.084628248832924413e+01 4.295229542918455223e+01 3.476072388817662784e+01 4.366110024969525227e+01 4.553197585437229833e+01 3.998753009548163817e+01 3.171640846861600593e+01 3.707120459233940579e+01 2.723154988614146887e+01 3.198241208695792892e+01 4.184003554570078620e+01 5.133774730546510057e+01 4.721909743763377065e+01 4.849555346970653602e+01
1.995404767854392603e+01 2.135855639674335649e+01 2.064051785653979110e+01 3.028615795938830502e+01 3.544756332690958089e+01 2.537150308605472659e+01 1.819156302529313152e+01 2.537150308605007254e+01 3.433876395884025357e+01 3.405592991478206955e+01 3.038450481531307545e+01 2.580662399477376923e+01 2.046872734047876818e+01 7.458182401404092055e+00 5.985870931318407528e+00 1.469662490084253470e+01 1.848547964146902700e+01 1.188301034552913826e+01 2.175925393264135721e+01 2.798384714375577786e+01 3.104072763036662863e+01 3.470997342192984547e+01 3.913165587999539952e+01 4.545710129118277365e+01 4.852887771867884936e+01 4.448683304752254486e+01 4.852887771868921618e+01 4.934098503439395955e+01 4.569375993901049071e+01 4.157068838134738797e+01 4.116191163593659041e+01 3.161883193371541978e+01 4.116191163593659041e+01 4.596501945940705269e+01 4.560075096117058280e+01 3.728503360573108694e+01 3.857924288390999834e+01
2.022640151747332382e+01 1.448792676588295514e+01 2.011060794537377916e+01 2.975549744324590762e+01 3.319448783984810802e+01 2.310100668055568818e+01 1.609119117425399637e+01 2.017771153465873724e+01 2.725825130396278340e+01 2.401898068075934134e+01 3.108898638241754142e+01 2.676405677046659903e+01 2.081259374383451544e+01 7.483734486603577096e+00 5.722070825145094908e+00 7.393975640528591242e+00 8.976037273748945111e+00 1.240276496446603716e+01 1.729302945176770478e+01 2.436916444797806136e+01 3.453033976324302046e+01 3.827319247514089540e+01 3.826824269330847983e+01 4.909880388204656043e+01 4.611842293314637686e+01 4.193150346146570939e+01 4.072493758082534043e+01 4.006811498511724778e+01 4.269716385578879425e+01 4.675685722242518239e+01 4.554820266471105583e+01 3.858739107940993307e+01 4.554820266541933194e+01 4.962827786618541381e+01 4.148366301013785318e+01 3.124856470921497120e+01 4.148366301009301793e+01
1.044961074811557822e+01 2.022640151757094173e+01 2.822414469152633743e+01 3.383047374107668759e+01 3.524730769861432123e+01 2.518885773303863829e+01 1.810202681634875432e+01 1.346148595775694012e+01 2.070422263468376656e+01 1.706948997657220346e+01 2.695873086927386097e+01 2.245328253000227647e+01 1.229227539465881236e+01 1.345239894583995444e+01 5.383481314110368565e+00 1.503406816966124460e+01 1.852826094317469341e+01 2.231473777092069000e+01 2.652268966101186365e+01 3.157042562363754712e+01 3.253670770395041956e+01 2.753939806054956918e+01 3.508953560315538311e+01 4.595916754958512485e+01 4.195710477817683426e+01 3.237473220457150802e+01 3.044034776216460259e+01 3.653384807984873817e+01 3.280927652642098735e+01 3.984701633603572901e+01 4.957802865272926596e+01 4.840597044270095495e+01 4.967436851965750577e+01 4.387747797063143906e+01 3.545343120747514121e+01 2.796933758325502595e+01 3.374607055645172693e+01
1.406727674280289797e+01 2.319080776945794042e+01 2.845902565180460897e+01 2.664910036483105316e+01 3.071011839323960757e+01 3.226595679137623307e+01 2.725825133904500319e+01 2.070422263468376656e+01 1.132324403026271042e+01 1.863230989471365717e+01 2.268971367084343171e+01 2.156007142507192853e+01 1.447586355536352443e+01 4.850153198009647504e+00 1.278493346664339469e+01 1.771436574210200376e+01 2.422162586575437615e+01 2.936601060877675806e+01 3.227288329972387970e+01 2.783656365725049042e+01 2.202553685441655418e+01 3.253670497554019647e+01 4.274983609359192371e+01 4.325594806652014768e+01 3.911383441758754032e+01 3.559795328728395702e+01 2.533352847645590700e+01 2.692342439528840359e+01 3.698838944446314514e+01 4.675685722242518239e+01 4.464922693551066146e+01 4.877806216722153465e+01 4.554453410886102205e+01 3.547494441205497395e+01 2.939847941005325893e+01 2.508605641376550821e+01 3.561057708722545811e+01
1.538021078561284050e+01 1.529292010851784411e+01 1.959108452688775515e+01 1.669951925046318308e+01 2.664913916140661954e+01 3.125575310274854246e+01 2.709149550529294004e+01 2.481846084349015769e+01 1.863230996380719873e+01 9.417231017727253573e+00 1.670712814544953062e+01 1.389143985036452200e+01 1.245096626882995672e+01 4.611462892840150651e+00 6.918940565818239463e+00 1.014850344700042406e+01 1.524580782430822445e+01 2.521878409430197721e+01 2.783656365725063964e+01 1.756845998202737391e+01 2.316256799105563147e+01 3.052946010389387155e+01 4.128644910384535649e+01 3.744047338022303251e+01 2.901087665094508239e+01 3.229843819280024064e+01 2.215537660907493489e+01 3.229843325450662661e+01 3.936208156829117399e+01 4.297308595051937630e+01 3.455883264814939082e+01 4.297308591788321763e+01 4.627280823795311449e+01 4.141950371381577867e+01 3.319608645330865215e+01 2.269932599680376129e+01 2.881851050908095857e+01
5.650134656364741659e+00 1.450519370309316081e+01 4.820699813257766309e+00 1.961370105979040446e+01 2.566820342494174412e+01 2.548903509771372455e+01 1.713075237550267715e+01 2.526711914211088228e+01 2.222282442742283592e+01 1.670700862939634490e+01 7.554688461974698122e+00 1.332579188515787472e+01 5.090573455267492164e+00 4.515262334094002128e+00 8.939120196527898798e+00 1.829500287641149114e+01 2.437224480084137213e+01 2.938661492891863958e+01 2.509258606432700844e+01 1.496838087786359495e+01 2.509258606432613803e+01 3.357147975240788185e+01 3.431351019753301301e+01 3.328087946184379575e+01 2.316893288476114421e+01 2.744270575665837342e+01 2.005890120552865596e+01 2.506046862691759003e+01 3.521135582001659969e+01 3.882353507719844288e+01 2.847330778334333345e+01 3.882353507714459084e+01 3.617562323427313942e+01 3.725263512576582059e+01 2.685037418350164984e+01 2.086546556621857462e+01 3.124688697057565534e+01
1.450529992929810774e+01 4.820699813257766309e+00 1.361079736392554729e+01 1.181575661487588036e+01 2.159770260634635619e+01 2.134063655001605042e+01 1.142735699994934429e+01 1.600658984566204879e+01 1.804951569833446356e+01 1.917462033367075591e+01 1.417623044502079033e+01 5.753620436586581732e+00 8.881727067631674188e+00 4.481422824096615187e+00 1.585753743902215973e+01 1.834158411605517003e+01 2.888001631707289718e+01 2.432350431159373372e+01 2.000355934104874223e+01 1.286000042722150205e+01 1.849120233262347668e+01 2.894670502978131665e+01 2.441146153534012342e+01 2.934400712584409732e+01 2.517752932072292893e+01 1.743987589378470915e+01 2.448252540746025829e+01 3.430545470856311141e+01 3.936213090935729753e+01 3.516417451677851602e+01 2.474156963468464454e+01 3.071996251828103652e+01 2.882917094008204728e+01 3.458321800977986271e+01 2.946648788789123685e+01 1.924792743465910050e+01 2.425879989415960836e+01
1.855994924937819590e+01 1.361078194379528128e+01 4.000261346671872609e+00 1.276032584130890690e+01 1.685534921148291332e+01 1.805427370552416022e+01 1.558326453486047392e+01 6.293958639634332108e+00 1.279979513406159164e+01 1.190909369466248613e+01 9.959262697457370805e+00 9.623751445570396967e+00 3.802223199104743934e+00 1.390228632762628003e+01 2.105135038212960907e+01 2.088812408253312114e+01 2.029999206340857754e+01 1.751372582044893633e+01 1.037916471893337089e+01 2.000128062289720887e+01 2.718007629379759749e+01 2.581725242106075768e+01 1.739335830939162619e+01 2.517752932064431448e+01 1.518709281419846313e+01 2.517752932072326288e+01 3.161363906758571574e+01 3.874433169197686055e+01 4.176920902992822704e+01 3.934814109099734480e+01 3.071996251828020874e+01 2.042372445042089879e+01 2.728788324094971429e+01 2.426605663756748399e+01 2.728788337428840194e+01 1.924792743465910050e+01 2.946648775466086789e+01
1.947571286697401760e+01 1.657576451406090001e+01 1.262392217279773199e+01 3.044995524288766298e+00 1.275905249438516087e+01 9.662699087128366671e+00 5.047234587411088214e+00 3.427202554852466942e+00 3.427202554852466942e+00 3.571742539262972027e+00 3.571742539262972027e+00 3.802223199104743934e+00 3.802223199104743934e+00 1.278044887930980344e+01 1.339484863834050188e+01 8.203867063616188560e+00 8.537589827773162554e+00 8.411913697855670335e+00 1.749747699922275146e+01 2.411509540772104998e+01 2.959018051878604894e+01 1.887212252311049809e+01 1.159120452828686254e+01 2.164690228270993799e+01 1.365059287247380304e+01 1.942438218161869656e+01 2.947296769933160121e+01 3.871061245678786378e+01 3.150554903528997031e+01 3.871061238433014751e+01 3.494410372824198419e+01 2.728788324090666251e+01 1.729254154638026364e+01 1.729254154638026364e+01 1.729254154638026364e+01 2.728788337430822963e+01 2.946648775465140346e+01
1.054045489885183784e+01 4.050649377225299830e+00 1.055954239209093792e+01 3.044995524288766298e+00 3.044995524288766298e+00 3.044995524288766298e+00 3.044995524288766298e+00 1.248371773764087855e+01 3.427202554852466942e+00 6.793499856070248200e+00 1.329356665458709763e+01 1.489397357399855792e+01 1.366396709686179278e+01 4.534341799773111248e+00 4.534341799773111248e+00 8.271304491659630997e+00 6.654514169538975565e+00 1.530670482035096214e+01 1.431801926654615720e+01 2.039497760975479324e+01 2.940839367760827372e+01 2.398680476241839088e+01 1.982526981350266126e+01 1.159120452828686254e+01 1.870455780711849059e+01 2.783486722324099105e+01 3.363724344405764555e+01 3.451170515273032180e+01 2.392279686298259733e+01 3.451170502717121025e+01 3.001334323854278452e+01 2.578951806660793622e+01 1.729254154638026364e+01 1.729254154638026364e+01 2.025298097800195052e+01 2.539766191669865947e+01 3.271247256734864095e+01
1.217109392225031250e+01 4.050649377225299830e+00 2.433192048303738364e+00 1.147603052306836169e+01 1.275932542401447556e+01 3.044995524288766298e+00 1.275935677481369623e+01 1.650731957760976698e+01 1.604457179637853059e+01 1.280187262560371941e+01 1.987026773581946060e+01 2.100964630613581363e+01 1.415930368239067505e+01 4.534341799773111248e+00 4.534341799773111248e+00 4.679751446342586441e+00 1.449227258482538971e+01 8.919000012732533733e+00 1.615247497768428886e+01 1.928241780903693936e+01 2.196402817718490752e+01 1.809491667990869246e+01 9.814486501315823119e+00 1.688256570859925887e+01 2.580853309622676406e+01 3.291250839353978108e+01 3.806603536737564752e+01 3.050947374956368918e+01 1.973134954663804308e+01 2.855492553431869140e+01 2.434379960545616228e+01 1.590860331728271682e+01 2.578951806674902869e+01 2.292169147606171364e+01 3.054135174055856083e+01 2.533855748204431180e+01 3.276155475260873118e+01
