output/example_1/elevation_000205.asc
nrows	75
cellsize	13.33333333
xllcorner	0
ncols	75
yllcorner	0
NODATA_value	-9999
[rows 17 to 33 of 75, columns 37 to 73 of 75]
3.232805386855600460e+01 3.638016996499326439e+01 3.806457015767988850e+01 4.223120808030816420e+01 4.021800667870715529e+01 3.146500814571082216e+01 3.946753713538276287e+01 4.284298785389481878e+01 4.698488900606674434e+01 5.200569663806392384e+01 5.318240961971790171e+01 4.353301312482883390e+01 4.248303036016983469e+01 4.299043817217315677e+01 3.733612284027741168e+01 4.406429948231340887e+01 5.371641172158147981e+01 5.214218597255930376e+01 4.408131867861660425e+01 4.326621507778259712e+01 5.064255443767585518e+01 4.917937611655317198e+01 3.971854932576570008e+01 3.423419237932583314e+01 3.826037030049405985e+01 3.317166239927511384e+01 2.342326675470890507e+01 3.132726806547032794e+01 2.238124384700535430e+01 3.211557664610323570e+01 3.697560247098907382e+01 3.516486782063248739e+01 3.711079575660960472e+01 3.922590377451741261e+01 4.026884534040578245e+01 4.753927845054937507e+01 4.470514125413235718e+01
3.066510989347616700e+01 3.635239798509225295e+01 2.783218782287900339e+01 3.635283267586187606e+01 3.004634991960062607e+01 2.630430159323757167e+01 2.930714143168631480e+01 3.271663738486668649e+01 3.780485191536127587e+01 4.788112756360085598e+01 5.211344484829436396e+01 4.248303036386506193e+01 3.577444384059043614e+01 3.349636045351097380e+01 4.299043675658578678e+01 4.742432045446469147e+01 5.148226875622226117e+01 4.782558662336332134e+01 3.719032941752687549e+01 3.616989907054498588e+01 4.540170265313750519e+01 5.311426032100021644e+01 4.768297237284529189e+01 4.374632125158476015e+01 4.226277338271575701e+01 3.715245620766908274e+01 3.132596727951461801e+01 2.150675683449296116e+01 3.079526897230503835e+01 3.482893898791252241e+01 3.936283616769424043e+01 4.470822840600752102e+01 4.665712116209676452e+01 4.879732065306323108e+01 4.986246240308457800e+01 5.393781143129031364e+01 5.438149090776540362e+01
2.640792980177092275e+01 2.788829588806144955e+01 2.170103351987130225e+01 2.996219790478864908e+01 2.263556890743091188e+01 3.302552490200251611e+01 3.946753709982775860e+01 4.284298785389481878e+01 4.698488900606674434e+01 5.200563789823726779e+01 4.967964822211102671e+01 4.563716234864694599e+01 4.053907818617559400e+01 3.106551440279876886e+01 4.053907818617561531e+01 3.786023142172394529e+01 4.592104933673611100e+01 4.105148711332443412e+01 3.695554824480886680e+01 3.114140222004963476e+01 4.029182990984639190e+01 4.433975874739314804e+01 4.502690223235600087e+01 4.096779011743243615e+01 3.810391413310053110e+01 2.828623467032717897e+01 3.002710627661487308e+01 2.087245146578837307e+01 2.087245146578837307e+01 2.541829774283492327e+01 3.237955160614769312e+01 4.258521964888029032e+01 4.917399364437967080e+01 5.315322950587624717e+01 5.680003519048946004e+01 5.278971326389689978e+01 5.403954511635307512e+01
1.726310904838620530e+01 1.726310904838620530e+01 1.726310904838620530e+01 1.938540331770828473e+01 2.996213654914577518e+01 3.301108136388184278e+01 4.307538648287663818e+01 4.493316867301667372e+01 4.907464946762090818e+01 5.244721511101401745e+01 4.281635349380734112e+01 3.610477522065589540e+01 3.254688346345267291e+01 2.919825237352014824e+01 3.641503522588207176e+01 3.239793965321523217e+01 4.190249046399451771e+01 3.695554824480886680e+01 2.680819825251813171e+01 3.361488523362107372e+01 3.084920419351372445e+01 4.029182990984639190e+01 4.097255622686229515e+01 3.134018289183270412e+01 3.409636582598875520e+01 2.991222088006901103e+01 1.989813086400382858e+01 3.003870832064790619e+01 3.080885033142790519e+01 3.490589104619079563e+01 3.943916294619500462e+01 4.108223418775621383e+01 3.939030414831142934e+01 4.604637131775648129e+01 5.007477094796563222e+01 4.306067555049892803e+01 4.432828993121416516e+01
2.788830527016798300e+01 1.726310904838620530e+01 2.788830750797876590e+01 1.949821647936408198e+01 2.708623308049063283e+01 3.756240514704472133e+01 4.016532430022910916e+01 3.481904492832875775e+01 4.199263955638637924e+01 5.203223394693854686e+01 4.967989363053499829e+01 4.563716234864696020e+01 3.950149743188621443e+01 3.009137125005035429e+01 2.691970872781336510e+01 3.455284727242910492e+01 3.330642896458779489e+01 3.653909791244952032e+01 2.421550611245478635e+01 2.509452094958925628e+01 3.361488519565707378e+01 3.825533623532390948e+01 4.222534471086567720e+01 3.415997110930234015e+01 2.436905955711118565e+01 2.886884249620277387e+01 1.913249370573057817e+01 2.952793263506719157e+01 3.229871576070780037e+01 3.363981604678975401e+01 3.518722008401271495e+01 3.127664828760854476e+01 3.851022581869929695e+01 3.614897780724098197e+01 4.274374226801427312e+01 3.726931035386744639e+01 4.432828993121416516e+01
3.212311963383737634e+01 2.788830786530586181e+01 2.152902274017223050e+01 2.117306295873392941e+01 3.164775418294700415e+01 3.584083142586388249e+01 3.001683229286716070e+01 4.016532513757680789e+01 4.199263955638637924e+01 5.203223394693854686e+01 5.039215093563365144e+01 4.093150251995840705e+01 3.552752624569185258e+01 3.950148747868544774e+01 3.455284727242910492e+01 2.509897171789528159e+01 2.389453753723044827e+01 3.146960184534586702e+01 2.245774531409105279e+01 2.398370176220717909e+01 3.176008219176264546e+01 2.920742773419776128e+01 3.691216882229158358e+01 3.237581464159504918e+01 2.822007011053834802e+01 1.833882201529182154e+01 1.833882201529182154e+01 2.933853747595941996e+01 2.227678866534152391e+01 2.368356530852398834e+01 2.524625863040938256e+01 2.684764181040429065e+01 2.860830173485817696e+01 3.043349221901942414e+01 3.280032155418040674e+01 3.726931035386744639e+01 4.432828993121416516e+01
3.636025768341835374e+01 2.610266257384083488e+01 3.198684172348455945e+01 2.479528608492833541e+01 2.387531350296991661e+01 2.580265436174751770e+01 3.602762624953589921e+01 4.390860371915312044e+01 5.203223394693854686e+01 5.615665937885541581e+01 5.446809500143335470e+01 4.894180426213732460e+01 4.493004302613514511e+01 4.155202658453074349e+01 3.753825672707176153e+01 3.311955397368467402e+01 2.375595296620743113e+01 2.215815113890315757e+01 2.100956286194440992e+01 2.232770882136847135e+01 2.841334109157498844e+01 2.431839246719972536e+01 3.149776786435721831e+01 2.741252283361665931e+01 1.733190139377060390e+01 2.800768357561465649e+01 1.833882201529182154e+01 2.012434936988324097e+01 3.041474717079484691e+01 3.364719418568085985e+01 2.813827229500490645e+01 3.676228439166340678e+01 3.851023305622872073e+01 3.614897780724098197e+01 3.657919238939981454e+01 4.609184744208547357e+01 4.717265072110762247e+01
3.129346244326429627e+01 3.636025768341835374e+01 3.867116358887530936e+01 2.849719566699850759e+01 3.418494537161072344e+01 3.602762624918151602e+01 2.957761062504889438e+01 3.973940441710414717e+01 4.896397876666792826e+01 5.399902458312902098e+01 5.513060588951996976e+01 4.531243224373587708e+01 4.507614045741558328e+01 3.764028390814300451e+01 2.812934220831783705e+01 2.607460949834378638e+01 3.314353258190478613e+01 3.152307647609394081e+01 2.652358834043768709e+01 1.938405334193771878e+01 1.816322409042449237e+01 2.304721688323147077e+01 2.671606867197157698e+01 1.640487948410542174e+01 2.724329514189363266e+01 3.182995675894961707e+01 2.280063360475113754e+01 3.041502126554836138e+01 3.453740654172838731e+01 3.620031519142094822e+01 3.512995453053051875e+01 3.512995452946071140e+01 4.490003519207932925e+01 4.319009227414499463e+01 4.334048489042078955e+01 4.767637816928591832e+01 5.207557645974029725e+01
3.639956502995660514e+01 4.552674269914220417e+01 4.283954731312999087e+01 3.361077686584431490e+01 4.283954418244094597e+01 4.391095395414148328e+01 3.545830793726491947e+01 3.467187153274836930e+01 3.975776442151062184e+01 4.985611018140922823e+01 5.221177833927787759e+01 4.245462951945654595e+01 3.570858326993857190e+01 3.148556836338221743e+01 3.763516693203867902e+01 2.922246385021749759e+01 3.870210528774446601e+01 3.989944507728129963e+01 3.519078789404147756e+01 2.588514592136890613e+01 2.762845629406335135e+01 1.653738366877231059e+01 1.562185909616751545e+01 2.631264602078615411e+01 2.448184166241914639e+01 3.384428821686324085e+01 2.999052480825487521e+01 2.999186870103286751e+01 4.001728947421274540e+01 4.311924155846956808e+01 4.490003730593833353e+01 4.490003519774361251e+01 4.893641718164036547e+01 5.294203892236458842e+01 5.276122422712488458e+01 4.972707839737989843e+01 4.162189665528560312e+01
4.645454080578684852e+01 5.051856127165498833e+01 4.788692947147841039e+01 4.373397504107002476e+01 4.788692947147841039e+01 4.974242021255734869e+01 4.558749096461664152e+01 4.480693730145992504e+01 4.896397876666792826e+01 5.399902458312902098e+01 5.282918729174757289e+01 4.298356830067340439e+01 3.621109445546034777e+01 4.101752052593474929e+01 3.859228934249902920e+01 3.591503524829327176e+01 3.695414634957637645e+01 4.647963106607949157e+01 3.999045540804926446e+01 3.596988748078706521e+01 3.203701375552512332e+01 2.494611496593345024e+01 1.517821552364587490e+01 2.607567586815480354e+01 3.358820722639177347e+01 3.766170530264035676e+01 3.996870708672270212e+01 4.001487862813580421e+01 4.416303214705456526e+01 5.282206482907282918e+01 5.156137277620772608e+01 4.681966316037463116e+01 4.283505771996469491e+01 4.681967278402403565e+01 4.596356131706381376e+01 4.195286366465714423e+01 3.533075851402462320e+01
4.968596151770991298e+01 4.795150617222044787e+01 4.390116427418122669e+01 4.795149551102087315e+01 4.402460126617823732e+01 4.807560325635201082e+01 4.907994402549130086e+01 4.502477274427883458e+01 4.502477277219664131e+01 4.907994926497919863e+01 5.470703592665705628e+01 5.000209673772692298e+01 4.172035789518667315e+01 4.990235167549486306e+01 4.782323656319685767e+01 4.543068821033498494e+01 4.647963109098430579e+01 4.201511625837416375e+01 3.492005421810955568e+01 3.073231073021788973e+01 3.477751454557987643e+01 2.582528086454799521e+01 1.483988826884468359e+01 2.571998844247592686e+01 3.079039830885480455e+01 3.363328450736078423e+01 3.666985535248368677e+01 4.038548194213823450e+01 4.480418202090559276e+01 4.903097201577016762e+01 4.259132803254824040e+01 4.211020760467819457e+01 3.349931053123141567e+01 4.211020760467819457e+01 4.048195512636570470e+01 3.253642317897206482e+01 3.157520433577873931e+01
4.000679245596980849e+01 4.313610810143795504e+01 3.433150754759645906e+01 4.251369238701148134e+01 3.445175688106888146e+01 4.251369350953655868e+01 4.219111130448248304e+01 3.544754782679063965e+01 3.544754782679064675e+01 4.092354151295090503e+01 5.062715891890461251e+01 5.571566322825815121e+01 5.153208879325139691e+01 5.183152820314366238e+01 4.776141808442745429e+01 4.701903529754172695e+01 4.291367281487406871e+01 3.659420967894254773e+01 2.776812421901584571e+01 2.061743635026696353e+01 3.072926583663005573e+01 2.554464286501761805e+01 1.451984111754375739e+01 2.497789871597275990e+01 2.087643324644414378e+01 2.421704702919173968e+01 2.762769336765711259e+01 3.230503638507764919e+01 4.103488711440108716e+01 4.453039023431720977e+01 3.630490906345330870e+01 3.816717257255745466e+01 2.872704245140397461e+01 3.344710868568824225e+01 3.344714027120362232e+01 2.695423199678215909e+01 3.375715898668521930e+01
3.322472309160249893e+01 3.911633594749318377e+01 2.966366851301075158e+01 3.406367270313108264e+01 2.906049114582384263e+01 3.362765953255738083e+01 3.270324986557054814e+01 3.008361998729423092e+01 3.949535936272830128e+01 4.598915859077987278e+01 5.084486635443443703e+01 5.516051841671101386e+01 5.023224761710822150e+01 4.617347801239117189e+01 3.762494427152352472e+01 3.948502187049209766e+01 3.262215515746726879e+01 3.242188684810766119e+01 2.252187035323487407e+01 2.061743635026696353e+01 2.851600261630042965e+01 2.544114569575238960e+01 1.419994245090833473e+01 1.633134595102646003e+01 2.385376245662690664e+01 3.259239644354733656e+01 3.647977274607021769e+01 4.038548194211204390e+01 4.480418188698654092e+01 4.076151325935128256e+01 3.174739561367982787e+01 4.076150929438421855e+01 3.344710868548811078e+01 2.372365696821361780e+01 2.372365696821361780e+01 3.343739215333699377e+01 3.375385157020757276e+01
3.366353979411603348e+01 3.766142203177505365e+01 3.406367256255678910e+01 2.466100911039291432e+01 2.524014360467441875e+01 2.424489454568882962e+01 2.614456862664354730e+01 2.908864269212272191e+01 3.238246319522770733e+01 3.711085080587768203e+01 4.677758239044287336e+01 5.112569241576542822e+01 4.122126360901691555e+01 3.595273924316097691e+01 3.238941427614012269e+01 2.912299961110625190e+01 2.677468211448616486e+01 2.498796087029394286e+01 3.242188023277873299e+01 2.851600261385955548e+01 1.785131897898076758e+01 2.635990944615283382e+01 2.421302058799320278e+01 1.373351552819907084e+01 2.423981234259533224e+01 2.984787697753434443e+01 3.006191701585586884e+01 3.933530513737511569e+01 4.365306765628475461e+01 3.757452991736427350e+01 2.841501494263885164e+01 3.529584270511362831e+01 3.136117355261242068e+01 2.372365696821361780e+01 2.711911036809854636e+01 3.661096487296355662e+01 4.314160447684774624e+01
2.408022065501971909e+01 3.211692234116839728e+01 2.923555625199919561e+01 2.160191724176366534e+01 2.160191724176366534e+01 2.832200606564800083e+01 3.548218021114892196e+01 3.741364507355143587e+01 4.194421659805555436e+01 4.598915859077781221e+01 5.084486635442778635e+01 5.516051841671458078e+01 5.023224761710794439e+01 4.617347801239117189e+01 3.948502187012988429e+01 3.397199423636659787e+01 3.397199423636659787e+01 3.201313399865712483e+01 3.565211516883935872e+01 2.556013077377396669e+01 2.635991183762050838e+01 1.536581145291170714e+01 1.430078331045334394e+01 1.338045629864094188e+01 2.296565746102837835e+01 2.150137052112765801e+01 2.774933083027208269e+01 3.640673546215862899e+01 3.244351050884417020e+01 3.325933300660596359e+01 2.530450614468982451e+01 3.093679499230134766e+01 2.138163185895764684e+01 3.136117354339392449e+01 3.661096486991120713e+01 3.266422801703953382e+01 3.804259472924957919e+01
1.842667795619569304e+01 2.742936540299791304e+01 1.964958897096950352e+01 2.923555632792452741e+01 2.710481096641692744e+01 3.505148551393654088e+01 4.178096218248485627e+01 4.456750850679814846e+01 4.059003577484046588e+01 4.484951166609452144e+01 5.084410258437226560e+01 5.528527212336531704e+01 5.819661009944714891e+01 5.363465199459232480e+01 4.831107302578300278e+01 4.129100342325646267e+01 4.421418455000255676e+01 4.224308289243654713e+01 3.980399519114122597e+01 3.565212315384232511e+01 3.056160212513247032e+01 2.635873438972328131e+01 2.383072640636168771e+01 1.303212073279816252e+01 1.620458013787071749e+01 2.138911245916370873e+01 3.001285511755729374e+01 3.125119834387303186e+01 2.272933636629550236e+01 3.091721607391027149e+01 3.093533705444720283e+01 2.098102191030123720e+01 1.964106312800810628e+01 2.988055181389193038e+01 3.691344434869374425e+01 4.200214038730349131e+01 4.597113468694104910e+01
1.646392767948005087e+01 1.775488943659848928e+01 2.742936540299791304e+01 3.319477578132895701e+01 3.653455448614685963e+01 4.053387496037048265e+01 3.757879955171370767e+01 3.482981619851047839e+01 3.009977255386101547e+01 3.616042786905816797e+01 4.664099272679865749e+01 4.557501815372128817e+01 4.841908560630159286e+01 5.397281466630244751e+01 4.987973293765997340e+01 5.127136807146609954e+01 4.580192041279232029e+01 4.101790750705660571e+01 3.703755514016861383e+01 3.373672178662288701e+01 3.072847871031214595e+01 2.815420966886647491e+01 2.558749191069572149e+01 2.281932121273792191e+01 1.252538508190797906e+01 1.252538508190797906e+01 3.220759000553903917e+01 2.679054778890843735e+01 1.587817807112848456e+01 2.664556490427300872e+01 2.670597634669402964e+01 1.786282414475518365e+01 1.786282414475518365e+01 2.300268203425028446e+01 3.015838389497055516e+01 4.009003451811202012e+01 4.436449651391353655e+01
