output/example_1/elevation_000195.asc
nrows	75
cellsize	13.33333333
xllcorner	0
ncols	75
yllcorner	0
NODATA_value	-9999
[rows 17 to 33 of 75, columns 0 to 36 of 75]
1.309999999999999880e-02 1.001309999999996236e+01 1.356590119748323353e+01 1.655086636103632358e+01 1.693463080312459823e+01 1.916321868180281740e+01 1.852824383005685860e+01 2.199622985567808797e+01 1.796367329135987490e+01 1.328411259881407425e+01 2.206478984705029944e+01 1.227807202840774359e+01 2.142087148815841502e+01 2.197158425331437925e+01 2.738433506192353661e+01 2.078649823584297351e+01 1.287508405381545984e+01 7.193521579387472720e+00 1.772289854092762340e+01 1.496381590471219170e+01 2.054129402512215563e+01 3.154772382763558625e+01 2.902492615244283414e+01 2.437264332130571631e+01 1.988409509478148607e+01 2.944646478729813666e+01 2.561830431522459861e+01 1.606405295734663241e+01 2.148909450819759215e+01 3.129101260633553494e+01 3.297415218563155292e+01 2.357403842057448884e+01 1.858863638349160397e+01 1.479744341354273374e+01 2.493996942214170787e+01 1.916016505109844559e+01 2.886748839890378449e+01
1.379999999999999977e-02 5.013795392552485630e+00 1.208438525727424917e+01 2.207558587538788686e+01 2.615028694603732973e+01 2.847564829425957456e+01 2.794989563782946362e+01 2.882738963144810285e+01 1.961783316963073176e+01 2.142636938185359696e+01 2.514602634279341942e+01 1.540512546076330835e+01 2.514637067671784365e+01 3.286187608172357955e+01 2.527179679191846517e+01 1.912048698437191518e+01 1.008724601784494901e+01 1.772290599606863282e+01 8.500022194687058885e+00 8.500022194687058885e+00 2.291469722004351084e+01 2.692568207160336868e+01 3.692623827390037405e+01 3.371622351824140651e+01 2.690080167486328122e+01 3.145230923034814907e+01 2.187311163818172233e+01 1.879958545946876924e+01 2.830909022763704286e+01 3.554970416679503842e+01 3.299734676273958911e+01 3.223082680436473879e+01 2.829516113973879854e+01 2.495175337734147547e+01 1.589124162273222751e+01 1.681100213322683956e+01 2.678577965701747488e+01
1.379999999999999977e-02 1.001379999999996251e+01 1.914433006442074969e+01 2.140465091601127412e+01 2.555680602535731083e+01 2.772362943196629459e+01 3.067169725064981733e+01 3.280476669306948878e+01 2.746451262245397729e+01 3.229062477325501845e+01 2.882315712389074136e+01 1.909524246427197625e+01 2.882315753702871675e+01 2.646419725499788456e+01 2.142933637618808973e+01 1.294608236581964533e+01 1.912048698402253422e+01 1.980701578321183831e+01 9.529864095223185672e+00 1.935849741615337294e+01 1.654446981255737015e+01 2.692660446549028208e+01 3.521280440524352429e+01 3.931228046713727053e+01 3.730887423712481166e+01 3.752332516410492502e+01 3.114806689076636204e+01 2.414901690397366707e+01 2.381293340588005591e+01 3.383660728661978112e+01 4.251596221489991478e+01 3.350787732314047673e+01 2.674737926065529692e+01 2.185970785394964011e+01 2.595352433363560962e+01 1.814432799183757439e+01 1.821379506347264865e+01
1.290000000000000001e-02 1.001289999999996283e+01 1.361519775348853933e+01 1.136384094324477978e+01 1.798548947402190024e+01 1.762223054506395314e+01 2.058086177347843915e+01 2.810078388704761920e+01 3.253636641520466100e+01 3.904352138907943726e+01 3.280518825397638949e+01 2.475603749628975336e+01 2.646419850957542153e+01 1.774356179879880102e+01 1.774356179879880102e+01 1.505637130059200501e+01 2.339469621746485473e+01 2.388071587693096731e+01 1.702551032853632051e+01 1.110198284566457616e+01 2.113583265289004487e+01 2.696386598723953654e+01 2.567635045847487874e+01 3.308154769263828143e+01 3.279945325362592712e+01 4.158956966892031204e+01 3.821996495442865438e+01 3.399186650178560143e+01 2.883377167811217134e+01 3.809047607316738748e+01 4.719564219380017533e+01 4.036619674152544235e+01 3.553383464469600028e+01 3.001945449843005775e+01 2.035395106893890826e+01 2.798181500265645738e+01 2.639180099674675617e+01
1.290000000000000001e-02 1.781006730720486653e+00 3.579127584696406128e+00 5.547607486458089987e+00 7.770576939162917363e+00 1.036425675377082634e+01 1.366300233065691927e+01 1.795401567066322812e+01 2.436904663636018853e+01 3.529127637956794672e+01 3.835661381264441161e+01 3.437860199955329676e+01 3.046562299767485982e+01 2.646419503342131208e+01 1.794746620333254938e+01 2.339470203943543325e+01 2.731508066267726775e+01 3.080738286600993803e+01 2.313389864941123619e+01 1.222818391581613362e+01 1.645446340679657382e+01 1.870515336428674402e+01 2.664868102185931065e+01 2.380712885005822699e+01 3.137647761721682471e+01 3.510034958183611309e+01 3.912838801384932452e+01 4.349847655735631946e+01 3.946712909235726841e+01 4.379410913236476688e+01 4.920517028357625122e+01 4.325534317617220381e+01 3.769891753687391400e+01 3.148050717313772395e+01 2.189960810079002940e+01 3.148050715987295334e+01 3.431401327884339736e+01
1.309999999999999880e-02 1.001309999999996236e+01 9.377361526916105916e+00 1.560758657535387606e+01 1.369979447718283971e+01 2.058086178206205119e+01 2.390662653965098272e+01 2.810079425521926311e+01 3.259655888970037552e+01 3.396735665852353492e+01 3.299371169578586205e+01 3.701511182601606009e+01 3.067391348711972299e+01 2.136498608678734357e+01 2.670457355404508348e+01 3.073151468560623911e+01 3.575070654195612008e+01 2.546076110836518325e+01 1.779318198285751507e+01 2.220715576873250896e+01 1.378297143712426021e+01 2.271961292380895969e+01 1.765490388142266553e+01 1.967282346673174587e+01 2.197574096189198656e+01 2.569337541484093990e+01 3.089908981877538707e+01 3.733248307145224487e+01 4.687719256267497059e+01 4.920517028357625122e+01 3.942491853992871853e+01 3.922069557121414363e+01 2.964800719653778671e+01 2.417379604763608825e+01 2.867646815473964139e+01 3.547551599075089968e+01 3.835707372499350498e+01
1.349999999999999985e-02 1.001349999999996321e+01 1.940418969606448130e+01 2.355249008604020489e+01 2.379279880044964557e+01 2.794734684247485390e+01 2.849463143545060717e+01 3.070107172534134676e+01 3.161684737591511052e+01 2.525378713770042438e+01 2.420968163072720358e+01 3.178706374930208156e+01 3.477468859551619573e+01 3.067391348712188659e+01 2.615836789497110360e+01 3.585925662801929548e+01 3.575070654195483399e+01 2.546076110836518325e+01 2.847461634782404971e+01 2.669896488322525130e+01 2.274786000296671062e+01 1.519077198287037334e+01 2.398918791332938483e+01 2.889393967154025944e+01 3.137647925020570838e+01 2.778813383518719604e+01 3.316492075815472163e+01 3.986362316558676611e+01 4.956815570592942777e+01 4.813133165451213102e+01 3.835677179373206513e+01 3.160668928294084878e+01 2.776680644276795107e+01 2.417379604763608825e+01 3.369383678320228626e+01 4.227456391726501295e+01 4.277882686551200209e+01
1.349999999999999985e-02 5.794642215334518731e+00 1.297779095114005798e+01 2.353322866707244287e+01 2.593488858114134388e+01 2.545268209147067751e+01 1.829575501001685822e+01 2.095263240396733551e+01 2.584286405309109469e+01 2.014396874832260309e+01 1.997591386994352902e+01 2.492064297263863182e+01 3.408457275970518907e+01 4.001018234394359752e+01 3.167583731223558274e+01 4.001018234394359752e+01 3.990403640273317620e+01 3.575070654195483399e+01 3.179768560275861944e+01 2.415471627092368223e+01 1.519077198287037334e+01 1.633532363268299648e+01 2.517292774186847026e+01 2.562591838983881942e+01 3.074824272593388841e+01 3.719785651993436915e+01 3.934098071772788785e+01 3.791637741566441377e+01 4.209561570683897713e+01 4.911293799551329897e+01 3.932893262820724090e+01 3.255701896586776201e+01 2.711474855919180982e+01 3.369383678783595570e+01 3.769892122472897711e+01 4.626479766117077475e+01 3.661998145555423889e+01
1.359999999999999924e-02 1.001359999999996298e+01 1.892386731458701377e+01 2.220258918758437616e+01 1.589600876058208101e+01 2.061336812848402289e+01 1.077878521527022393e+01 1.638836731539016611e+01 1.807354721117776464e+01 1.668018375586223456e+01 1.682041437276290452e+01 2.686176784297752818e+01 3.008591545221511865e+01 3.411753028867935456e+01 4.157391368806236898e+01 4.576002988388211179e+01 4.082351902004506883e+01 3.018889351758313566e+01 2.320018183056829386e+01 1.809217092121338055e+01 2.128740253433847940e+01 2.517292774511330933e+01 1.782956884739832049e+01 1.782956884739832049e+01 2.694894549518403437e+01 2.884540264983955282e+01 2.840289978908421986e+01 2.802315195931014458e+01 3.791588103729247905e+01 4.706356210958166741e+01 4.072287248945350768e+01 3.112463954377725628e+01 3.663034060977008011e+01 3.308358396886657005e+01 4.273345480090102200e+01 4.731749596771956590e+01 3.767555326675554994e+01
1.369999999999999864e-02 1.001369999999996274e+01 8.967990998604911113e+00 1.286004116912117645e+01 8.835762306946909561e+00 1.489277819401636194e+01 6.481836381001652825e+00 1.212665831377405112e+01 1.655563173493649032e+01 1.297528700697007586e+01 2.171308613786664665e+01 2.354829425884567584e+01 2.084032328502444997e+01 3.008591545221511865e+01 3.445673861060016208e+01 3.899848261491762003e+01 4.142182845510552625e+01 3.076777771106218040e+01 2.374077377573919279e+01 2.158565131477907073e+01 3.107702005504418707e+01 3.101286396264638512e+01 2.411275686002396057e+01 1.782956884739832049e+01 1.782956884739832049e+01 1.941183198827250322e+01 2.124870867910570027e+01 3.091908757170656585e+01 3.294985885329180064e+01 4.291519291865510866e+01 4.379172966987895421e+01 3.426282297488312167e+01 4.400476096840073836e+01 3.986662132938779735e+01 4.677681677993220433e+01 5.120612416671026779e+01 4.714888450314470703e+01
1.290000000000000001e-02 9.536208683835960542e-01 1.898532050906662549e+00 2.860782499556036473e+00 3.836682572505340172e+00 4.890775125972932180e+00 1.489310703750847686e+01 8.209004815474180816e+00 9.448330886419245900e+00 1.091227516929154717e+01 1.246825379509192722e+01 1.432369952075162445e+01 2.354829321427020261e+01 2.832209161513243245e+01 1.923387235960685260e+01 3.361193523772864467e+01 3.986803535168968438e+01 3.831586419299783586e+01 3.388827692688691684e+01 2.631113247970053592e+01 3.594200912628696187e+01 3.791297106526879901e+01 2.924758345558991479e+01 1.978152990564531422e+01 2.694894562851738939e+01 2.884540264983955282e+01 3.091908757172588906e+01 2.494133049437213501e+01 3.057626393570684442e+01 4.051557996974467102e+01 4.799522112528989481e+01 3.905936761711090099e+01 4.807805580000081846e+01 4.965460304889794685e+01 4.771373604757739884e+01 4.540798670539039250e+01 4.936183553551074255e+01
1.379999999999999977e-02 1.001379999999996251e+01 1.189806175569206204e+01 1.285984706813058764e+01 6.998379082512769855e+00 1.488644793838776259e+01 1.026431268272013320e+01 1.853886887536432937e+01 1.898349785384996125e+01 1.519218667199050721e+01 2.178586534700391297e+01 1.671990240485050805e+01 1.719643600788217341e+01 1.923387235960685260e+01 2.213729201226107435e+01 2.601026829011928498e+01 3.285884058127729901e+01 4.273998077368732851e+01 4.120931046755497817e+01 3.674952919352906378e+01 4.120931046755497817e+01 3.627273083669557252e+01 2.638993557522279332e+01 2.637557584550187784e+01 2.409137580905721165e+01 3.384591940493177020e+01 3.891448667459026467e+01 2.981217931281083011e+01 3.891448669629506441e+01 4.466700955814783214e+01 5.301052895778984464e+01 4.895015416120081397e+01 5.301053080126466455e+01 4.771373604638848320e+01 3.772700195760109665e+01 3.533166558885214670e+01 4.368986594101387766e+01
1.359999999999999924e-02 1.001359999999996298e+01 1.862810650641161558e+01 2.097939006652095273e+01 1.688404971549631739e+01 1.231225191795220120e+01 2.016932009307836182e+01 1.663825664236376056e+01 2.642143208506082175e+01 2.263433455670462280e+01 2.778609141310230513e+01 1.968462271075967962e+01 2.628986575334440801e+01 2.434101477868954433e+01 3.103141781007506950e+01 2.751523800842509360e+01 3.419078521859201913e+01 4.406172883764693893e+01 4.544892498235186906e+01 4.154680813993188337e+01 4.535682984187867817e+01 4.028571797078122074e+01 3.627273083669557252e+01 3.618122317910317065e+01 2.771312462371103535e+01 3.757236017396944305e+01 4.389270385388195450e+01 3.974204705101163171e+01 4.389270387925397188e+01 4.874959203399920682e+01 4.478923398493338937e+01 4.874959203399920682e+01 5.549004198132674759e+01 4.662683010547121398e+01 3.663226000011548678e+01 2.943409782731115953e+01 3.502560483518580980e+01
1.359999999999999924e-02 4.485735955001979747e+00 1.155680388167519546e+01 2.155683670595807300e+01 2.625190049125323100e+01 1.925029770920753336e+01 2.032368563453291443e+01 2.649669031849767009e+01 2.649667428293326310e+01 3.399038627151110603e+01 2.638847845478431253e+01 2.580530439241273655e+01 2.681291897747521347e+01 3.376030660321388410e+01 3.784547656313065289e+01 3.708191766790311306e+01 4.119540155446027541e+01 4.610520515502484784e+01 4.048429458689481919e+01 3.155659981243576340e+01 3.880340640450749135e+01 3.760857420659276329e+01 4.185905633017019767e+01 4.171082475888047014e+01 3.336606621179677035e+01 4.171082475888047014e+01 4.890474501109170546e+01 4.491520720891299590e+01 4.320248480157950155e+01 3.923095317452839481e+01 3.516200921439038041e+01 4.200914208667144578e+01 4.851202095640774559e+01 4.451886364908156679e+01 4.258631005747027132e+01 3.502560483518580980e+01 2.482425314703844066e+01
1.319999999999999993e-02 1.001319999999996213e+01 1.862769399482297317e+01 2.240826757908423517e+01 2.654840238213952119e+01 2.909438054452738243e+01 3.018658632501486139e+01 3.435006413288302696e+01 3.633486656520656766e+01 3.932449967621075615e+01 3.530748495885721638e+01 3.511180041571240906e+01 3.617601583522397135e+01 4.024776402110408213e+01 4.283466486148969210e+01 3.875138288118831298e+01 4.058083560268536161e+01 4.223430497911807180e+01 3.233684237328880329e+01 2.647590222062737197e+01 2.886137669525639993e+01 2.809414849028007310e+01 3.516377016511793840e+01 4.474769611234123090e+01 4.331826458208244190e+01 4.746785656171431356e+01 4.491520720892649621e+01 3.515298061718867473e+01 3.801227058637462619e+01 2.936828854445494486e+01 3.923095317452839481e+01 4.274988945292035680e+01 4.292217303115493365e+01 3.481974579978290052e+01 3.846788700473717171e+01 2.833822025243808440e+01 2.240102250221639935e+01
1.019999999999999900e-02 1.001019999999928878e+01 1.533918523791898103e+01 1.241139331199954832e+01 2.240827461899623074e+01 2.975781146859599957e+01 2.594373288905560315e+01 3.015871609787064855e+01 3.076896064070661296e+01 3.489743737215037100e+01 3.343307565592374431e+01 3.756143741763967370e+01 4.331491343665773286e+01 4.254181587140944742e+01 3.702982535632911976e+01 2.861577003509633599e+01 3.047526968357451693e+01 3.756119922825168800e+01 3.819689881135987264e+01 3.178028278802282713e+01 2.171892568188152595e+01 2.840090791654920466e+01 3.264297528605447241e+01 3.847722648820182201e+01 4.202351851811692995e+01 4.616714165958919125e+01 4.491520721083480794e+01 3.515298061718871026e+01 2.800647634455986434e+01 2.613281544464850370e+01 3.611210477180103595e+01 3.145861824702124210e+01 3.825484354288029465e+01 2.926041182801581897e+01 3.773220458189709348e+01 3.048773047254380231e+01 2.025751335624163119e+01
7.249999999999999500e-03 1.257251362049533139e+00 5.340200096204200442e+00 1.448054908859978873e+01 1.866917313709822679e+01 2.393464997189779453e+01 1.581680882290666013e+01 2.283500028791630854e+01 2.079822216265303680e+01 2.767792945008052641e+01 2.346487002122667320e+01 2.922183236001530915e+01 3.918574097714448357e+01 3.756119936158503236e+01 2.836599147885135253e+01 2.276216284636802101e+01 2.329686127748161439e+01 3.251799418118862661e+01 3.406635624438712284e+01 2.373370755064190618e+01 2.555795092591549178e+01 1.836796028415114534e+01 2.418525812740118042e+01 3.432032478255891306e+01 3.188730728326613928e+01 4.033742368734822747e+01 4.285250075844632534e+01 4.132985700338271329e+01 3.296289246067458123e+01 2.318061112320690142e+01 3.003819261327993928e+01 2.360092153851960717e+01 3.260993204405996693e+01 2.503749096113487838e+01 2.827030344136820261e+01 2.181156051221049452e+01 2.759397998658885598e+01
