output/example_1/elevation_000460.asc
nrows	75
cellsize	13.33333333
xllcorner	0
ncols	75
yllcorner	0
NODATA_value	-9999
[rows 17 to 33 of 75, columns 0 to 36 of 75]
1.309999999999999880e-02 1.001309999999996236e+01 1.028206500972320647e+01 1.028206514305653840e+01 5.404529546616905655e+00 2.089420849945586411e+00 9.057698442480777157e-01 7.677788302350283534e-01 1.218390364319204444e+00 1.498555827230028115e+00 1.778940129377091894e+00 1.778940129377091894e+00 2.062633491219394433e+00 2.345676988051781819e+00 2.627712928122773572e+00 9.447519104948918667e+00 1.095398003913862084e+01 5.262121557080102541e+00 1.348413120773365925e+01 1.094720099981824113e+01 1.361349847902511456e+01 4.689612831069296384e+00 1.457755472093625926e+01 5.873611356703102082e+00 5.159257426964011017e+00 1.961602108095997465e+01 2.614183904142679893e+01 3.451179040367053119e+01 3.421900529801151691e+01 3.236271267209789215e+01 3.829915648548106333e+01 3.352247209158930730e+01 3.085661645391659391e+01 2.379585491156414179e+01 3.047073797042056142e+01 4.062951034613617196e+01 4.449679304560479665e+01
1.379999999999999977e-02 2.821174248176255839e-01 2.821174248176255839e-01 2.821174248176255839e-01 2.821174248176255839e-01 2.821174248176255839e-01 2.821174248176255839e-01 4.132047971465733660e+00 9.956810407644596239e+00 1.126079567046337537e+01 3.562261346602649148e+00 9.450802474417484333e+00 9.985644646850300177e+00 7.403041349960547635e+00 1.207071172941866344e+01 3.038264161003648489e+00 3.332279937186925167e+00 3.626745952263080497e+00 3.922475875713177462e+00 4.219188977776227034e+00 4.219188977776227034e+00 4.895800758942297826e+00 1.464671958107418170e+01 1.939548985754206001e+01 2.373736014240790482e+01 2.668401158813819407e+01 3.190573790122866527e+01 3.284168549508957824e+01 3.695514283428619962e+01 4.219703854548279764e+01 4.567427381201429171e+01 4.383229142187270355e+01 3.814267526619870097e+01 3.113921848064444475e+01 3.114937928425598557e+01 4.131231822750036997e+01 4.297092556115185147e+01
1.379999999999999977e-02 1.001379999999996251e+01 2.821174248176255839e-01 2.821174248176255839e-01 2.821174248176255839e-01 2.821174248176255839e-01 1.025037753298583532e+01 1.302350139545469787e+01 1.097046427448968409e+01 1.776754098460149578e+01 1.400021628217126235e+01 6.165427645323764416e+00 1.538994148067723700e+01 1.681058458256608645e+01 1.531162524689876747e+01 4.908635198066312100e+00 1.360516121680351098e+01 1.400113771352159375e+01 1.398207949773142644e+01 7.779191023833406327e+00 1.414987617138710618e+01 1.352960154438277129e+01 5.806586435200244978e+00 1.562391463480222242e+01 1.916376443086986825e+01 1.816686634587363258e+01 2.776867524892711714e+01 2.294824227243275061e+01 3.122441852253814076e+01 3.690711602180082451e+01 3.888128411710699339e+01 3.475397666140359831e+01 3.883435335703384794e+01 4.106725896420871180e+01 4.131127866480091626e+01 4.537370626218528713e+01 3.883230111457292821e+01
1.290000000000000001e-02 1.001289999999996283e+01 7.353162522183295913e+00 1.028182722471096078e+01 5.282110522853203705e+00 1.028204976841020546e+01 2.954730114397890350e+00 1.295186937769157431e+01 2.056921782373901308e+01 2.466716340577865907e+01 1.821395947096829815e+01 8.245491507498201145e+00 1.821395963335043788e+01 2.592439535493746661e+01 1.749624141037460490e+01 6.841802848348137012e+00 1.749624329743620521e+01 2.498778488209743287e+01 2.188939298235496977e+01 1.297178048625339031e+01 2.096789098600221379e+01 1.678729482396225947e+01 1.458171403929763166e+01 6.716600656506369837e+00 1.101013830300904672e+01 2.071543252072373775e+01 2.681157642553297649e+01 1.734046001277364724e+01 2.271143123582402623e+01 3.249280075584684369e+01 3.414428555732953185e+01 2.516743094034988459e+01 3.414428555732953185e+01 3.906728677162707442e+01 4.334100337063328823e+01 4.856725999423986195e+01 3.875786576440121678e+01
1.290000000000000001e-02 1.001289999999996283e+01 1.735306111801038043e+01 1.941886554971050316e+01 1.235316279385385485e+01 1.491137350289472785e+01 4.915890793523438163e+00 1.491236258834383932e+01 2.100978095223679887e+01 2.513441423097141936e+01 2.238088437481963666e+01 1.821395963335097434e+01 1.174950403388562492e+01 2.174948805698603138e+01 2.182798156434932579e+01 1.749624329741451589e+01 9.951875327418118644e+00 1.898675719164693731e+01 2.812552341853445270e+01 2.454893642016066480e+01 2.689563150904205457e+01 2.294838529903004698e+01 1.769327441535084944e+01 8.044953237034496496e+00 7.889462046144380736e+00 1.776924773373115940e+01 1.891409504939939268e+01 1.308436241469834727e+01 1.887067548486107071e+01 2.780265262563146678e+01 2.991110878433186926e+01 2.084521692592206676e+01 3.017456690403624009e+01 2.890939021964773659e+01 3.673240416065615221e+01 4.063972295270821888e+01 4.537034461439311173e+01
1.309999999999999880e-02 1.001309999999996236e+01 1.717074906950848501e+01 2.217074906950846724e+01 2.235624112811166597e+01 1.904242717681898966e+01 1.491236760547139184e+01 8.001950948042875211e+00 1.101704569661762889e+01 1.808676172536943838e+01 2.806662092868674918e+01 2.454752389940287927e+01 1.445906217492602153e+01 2.454752390912764071e+01 2.929577115595890291e+01 1.877232361349585332e+01 1.291064869615740029e+01 1.872821255553601105e+01 2.902960065607939555e+01 3.107814750990144503e+01 2.559263234442097357e+01 1.966459168312798411e+01 1.001445864693060628e+01 1.780382198335497890e+01 1.776931070607761143e+01 9.121406420804069271e+00 9.121406420804069271e+00 1.891409504960607890e+01 2.639351282988123160e+01 1.361653774285967344e+01 2.454835642004896812e+01 1.833728150125988066e+01 2.702996280505554338e+01 2.297230469418504484e+01 2.663343038369958649e+01 3.166921769139906218e+01 4.134934986651627042e+01
1.349999999999999985e-02 3.028613445777633473e+00 8.028613445777615709e+00 1.509968125764306457e+01 2.509968125764299529e+01 2.505757428964612288e+01 1.507222467196111459e+01 1.507222467196111459e+01 1.616508580092216008e+01 1.679012222416594113e+01 2.677398170786505815e+01 2.777394320229767644e+01 1.757110954775078326e+01 2.777394320299291763e+01 3.349986906833711231e+01 2.677587786823499272e+01 1.611042674612384218e+01 2.675227889575852203e+01 3.301790090394304400e+01 2.705123757931320938e+01 1.756478822024428155e+01 1.201739310647425185e+01 1.966459168312798411e+01 2.364154341325843944e+01 1.891399231443130446e+01 9.121406420804069271e+00 9.121406420804069271e+00 1.892869226227544743e+01 2.146077314175005313e+01 1.361653774285967344e+01 1.501308175466476591e+01 2.471238075866038741e+01 1.893877604307273899e+01 2.895214912291824305e+01 3.633009785597926111e+01 4.056745472783246242e+01 4.551592060609792867e+01
1.349999999999999985e-02 1.001349999999996321e+01 9.353168766114368538e+00 1.642423657797979430e+01 2.642423657797972325e+01 2.917680710527035970e+01 2.505757428964615485e+01 2.505757428965139511e+01 2.322945130575250161e+01 2.256117095830672525e+01 3.089134595843981401e+01 3.193334748909503773e+01 2.347877419906311403e+01 2.591854696910411349e+01 3.602950971461888230e+01 3.025448543140268853e+01 1.981866274189646049e+01 3.025448543140268853e+01 3.456601711379607167e+01 2.546356063399422354e+01 1.896864589338134266e+01 1.348314054857823230e+01 2.304703656090654107e+01 2.508784741467587764e+01 1.532897237808142954e+01 1.605575928550134179e+01 1.892869220886630544e+01 1.046805444941735885e+01 1.172334822231198714e+01 1.576681608186610717e+01 2.380637868997329321e+01 1.691406719951110205e+01 2.808127993801348410e+01 2.226707186594693155e+01 2.942543626016986025e+01 3.909026347173127647e+01 4.562094915388534844e+01
1.359999999999999924e-02 1.001359999999996298e+01 1.935316876611429748e+01 2.349530438984522007e+01 2.979738209611444333e+01 2.577823849479432283e+01 2.702624963671671310e+01 3.105185183242781477e+01 3.319169772352686465e+01 3.252880514234914244e+01 3.663891013315441114e+01 3.776613988364832153e+01 3.364125317349817834e+01 3.602950971461888230e+01 3.741627779851074820e+01 2.728797390204648110e+01 3.025448543123468426e+01 3.442550356877293893e+01 3.644417010345212304e+01 2.693397673396786729e+01 2.457616212794846078e+01 1.502710283118954493e+01 2.458231983661173103e+01 2.917244570975488926e+01 2.221393624737450878e+01 2.581880795321907840e+01 2.159126484511739363e+01 1.185311022738829223e+01 1.859102186698848413e+01 2.386882990572318519e+01 2.167119351113736769e+01 2.860733825255089613e+01 3.294267586294429861e+01 2.777212880371243031e+01 2.698089024340581332e+01 3.177648379559343894e+01 3.900425331696202846e+01
1.369999999999999864e-02 1.001369999999996274e+01 1.782475308328711705e+01 2.203380722492832433e+01 2.420378521470233935e+01 1.609592391004888157e+01 1.735571859990638188e+01 2.702624963671673086e+01 3.044726536925143634e+01 3.155987571618806697e+01 3.578232605781345654e+01 3.610779863564621195e+01 3.446744480014099565e+01 3.869379824849491456e+01 4.156303323645695258e+01 3.741627779851076951e+01 3.883477551493096058e+01 3.475013422535588603e+01 3.109985059813220332e+01 2.701642240941294304e+01 1.746764963508864454e+01 2.458231983693181633e+01 2.177323521164387898e+01 3.136405003716118500e+01 3.204224206774569694e+01 2.996498866522686910e+01 2.009818998116043787e+01 1.323851398816932701e+01 2.298808115393876150e+01 3.253461323791531612e+01 3.025657653680471526e+01 3.426404959698583497e+01 3.974590292931058855e+01 3.615575307523599946e+01 3.282270551063945874e+01 4.063661484519781197e+01 4.562103940400492519e+01
1.290000000000000001e-02 1.001289999969203137e+01 7.787449740063093984e+00 1.305170381322023587e+01 1.580575392646387378e+01 1.038890699253802730e+01 2.018800287501315083e+01 2.748856751557855205e+01 2.035756549694416506e+01 2.145897049492433695e+01 2.597323332656449324e+01 2.597323332431311727e+01 2.434388284620383658e+01 3.283546823249989899e+01 4.040414086630280366e+01 4.169444423283853496e+01 3.187370685034860784e+01 2.509239157200370585e+01 2.152332176918000428e+01 2.152332176918000428e+01 1.985712206800550916e+01 2.940286331788860608e+01 3.136405003716330953e+01 3.542104639444085024e+01 3.385434672117877142e+01 2.392901570166470648e+01 1.702280264970901413e+01 1.494121823447475350e+01 2.472268038942048562e+01 2.948757131718615554e+01 3.208459280927332458e+01 3.516069430707772625e+01 3.860958811441473415e+01 4.173803275287720282e+01 4.158610598524770552e+01 4.516828854799393156e+01 4.803557028128389561e+01
1.379999999999999977e-02 1.013784261878340809e+00 2.018698955680682250e+00 3.049625312526034193e+00 5.931036103770099821e+00 1.568804168359540796e+01 1.694943053419325807e+01 1.822667462869994637e+01 1.328094421382937895e+01 2.095110332820483379e+01 1.592910894042342740e+01 2.281307550876246992e+01 1.856020579575512386e+01 2.862260357839553748e+01 3.020571379143482460e+01 3.742089838111458278e+01 3.883477564999722631e+01 3.475013422535588603e+01 3.109985059813220332e+01 2.431084311494787187e+01 2.940286331789668850e+01 2.656474204788644755e+01 3.625469417961496532e+01 3.856846044666483664e+01 2.858225208822271313e+01 2.160257839903226440e+01 2.683781687324902876e+01 2.472268038942051760e+01 1.747384544490967428e+01 1.958407536502120649e+01 2.209203477515853820e+01 2.504903875869246477e+01 2.837520563712137189e+01 3.428566325728289854e+01 4.451617924596977360e+01 5.007191961650330114e+01 4.381714549199161013e+01
1.359999999999999924e-02 1.001359999999996298e+01 1.167177264048742735e+01 1.302835153748666031e+01 4.637939682439346178e+00 5.789325026956419151e+00 6.963425659383916333e+00 8.218405544157594278e+00 9.505267652210349638e+00 1.093096628447886332e+01 1.093096628447886332e+01 1.278641359652150022e+01 2.281307550876250545e+01 2.867497022826994879e+01 2.309067011056322727e+01 3.020571379143493473e+01 4.040414086912464597e+01 4.087597841418416778e+01 3.107253909146266224e+01 2.980825930698328108e+01 3.802453699053506142e+01 3.625469417961496532e+01 4.034346780580710146e+01 3.857193192123892800e+01 2.858230800815584161e+01 2.858225208822271313e+01 3.436636798593064412e+01 2.439603754190406804e+01 2.310727630706326963e+01 2.948757131718615554e+01 2.764753407547960506e+01 3.208447878007960696e+01 3.860958811503773802e+01 3.860958811503772381e+01 4.868657894241957251e+01 4.585914103948754672e+01 3.561230979188862023e+01
1.359999999999999924e-02 1.001359999999996298e+01 1.775741513029891649e+01 1.556418289784932973e+01 1.195082363270720016e+01 1.578671939253945489e+01 1.073366957465507632e+01 1.822614726661177542e+01 1.527491183104679884e+01 2.095117099780743430e+01 1.093096628447886332e+01 2.095117113415094323e+01 1.594838586612069342e+01 1.862059298688933495e+01 2.867497022835042841e+01 3.020571379143493473e+01 4.040414086912464597e+01 4.497653488960740731e+01 4.087597841418416778e+01 3.959329022424924460e+01 4.369293010918908493e+01 4.429836930122549177e+01 4.011344658455067957e+01 4.271999191360185222e+01 3.857193192123892800e+01 3.856846044666483664e+01 3.851087563060869456e+01 3.436636798593064412e+01 3.306593163518911638e+01 3.721181600832698422e+01 3.767362816316932594e+01 4.181413484139496717e+01 4.630509605871039724e+01 4.878055387495088979e+01 4.647678368389381376e+01 4.225433666950934253e+01 4.225433666950933542e+01
1.319999999999999993e-02 3.870533562218098300e+00 1.255999825954200766e+01 2.331458943972280551e+01 2.304898721835245468e+01 2.073996225506904878e+01 1.780238368946131189e+01 2.073996225379766045e+01 2.235865497805725965e+01 2.412354785752614461e+01 1.409161181586724787e+01 2.412354785772540566e+01 2.302782172797643057e+01 2.413116992647338677e+01 3.288928237642929986e+01 4.040414086912464597e+01 4.463608297079421305e+01 3.666410581406599078e+01 3.246052610259717852e+01 3.666410581406599078e+01 4.430778438004282549e+01 3.845014502390694844e+01 2.995955303906300315e+01 3.845014502390694844e+01 3.664546729358067978e+01 4.084423136872675997e+01 4.112333688975227375e+01 3.697354334305596524e+01 3.565508181176351599e+01 3.980850363253598090e+01 3.930586904566025197e+01 3.510867446449027796e+01 3.642521153908879938e+01 4.062139611348224832e+01 4.225433666950934253e+01 3.198802161511106945e+01 3.198802161511106945e+01
1.019999999999999900e-02 1.001019999999996202e+01 1.222817273017628459e+01 1.941512051820190976e+01 2.954301148156300982e+01 3.078075067223282346e+01 2.783190428386900450e+01 3.078075065695957591e+01 3.246324539551748956e+01 2.792307747513938310e+01 1.787046700848216929e+01 2.792307747513999416e+01 3.313390463494716442e+01 3.424899205260309287e+01 3.847303079699036488e+01 4.235503114023784832e+01 3.815279657631403865e+01 3.159833159631007860e+01 2.233593260872527608e+01 3.159833159631007860e+01 4.011511605817629089e+01 2.995955686018421460e+01 2.410749317032705008e+01 2.946994825238044413e+01 2.649775094844892109e+01 3.664546729358067978e+01 3.529563694357749881e+01 2.684844564671128708e+01 2.553059454426783148e+01 3.397957164219779003e+01 3.345513583237638500e+01 2.497455805196058876e+01 2.628887555127052877e+01 3.642521153908879938e+01 4.225433666950934253e+01 3.198802161511106945e+01 2.471225681601497115e+01
7.249999999999999500e-03 1.000724999999991383e+01 1.899703544138723288e+01 2.313901035594079048e+01 2.353980917513824522e+01 2.273031592657160616e+01 2.718856492446801809e+01 3.482284995361301583e+01 3.780188554212380581e+01 3.213463611675814491e+01 2.495610200807812973e+01 3.213463612797309565e+01 3.614107510633511566e+01 3.561584759997614213e+01 3.978864718095869080e+01 3.815279657631403865e+01 2.800005185079648484e+01 2.739822935566122553e+01 1.734649619588828173e+01 2.739822935566122553e+01 3.318156989176785743e+01 3.030261331319837126e+01 2.610586849783383911e+01 1.937746595582553866e+01 2.649775094751027638e+01 3.664546564140778173e+01 3.112781546250025855e+01 2.103632971338809909e+01 1.972852086534510718e+01 2.947129902417003677e+01 2.530400798891504266e+01 1.917766269452510031e+01 2.628887555127052877e+01 3.642521153908879938e+01 4.123393052317925367e+01 3.530935108322701410e+01 3.014764494826827956e+01
