output/example_1/elevation_000038.asc
nrows	75
cellsize	13.33333333
xllcorner	0
ncols	75
yllcorner	0
NODATA_value	-9999
[rows 17 to 33 of 75, columns 37 to 73 of 75]
3.009894867563413712e+01 2.714830669011944053e+01 2.438936543049339178e+01 3.387640537032709886e+01 2.600136285589889340e+01 3.261554211989350449e+01 3.488772832467020635e+01 3.037727332689189552e+01 3.522283488795525841e+01 4.493989073486402930e+01 4.961275153751724787e+01 4.368291436611431777e+01 3.943175845493647813e+01 3.130483527747970385e+01 2.131900775730786535e+01 2.912194547746356221e+01 3.318305743906920213e+01 3.774935682562051653e+01 3.266655709417603504e+01 2.677658861674285973e+01 1.655800000891657575e+01 2.244797963684030151e+01 3.268239260686016223e+01 3.049897341148586349e+01 3.006916262328357448e+01 2.270322684340201036e+01 1.620671206290619537e+01 2.575368400242683720e+01 2.111719027530068260e+01 3.029226661704451828e+01 3.898982885891489047e+01 3.487562192549399498e+01 2.562499105018753909e+01 2.747916485337501058e+01 3.049985785366262192e+01 3.477941945979819849e+01 4.082066813338451539e+01
3.961728132956083925e+01 3.108304590612485541e+01 2.438936543049339178e+01 3.134111426253270238e+01 3.145731099389586305e+01 2.329544788079979156e+01 2.522295230224476725e+01 3.079289103935160554e+01 4.054797234030453268e+01 4.899993958156007068e+01 4.537122471185595884e+01 3.508354007466064672e+01 2.929212637112684448e+01 2.580175136423119042e+01 2.912194547746356221e+01 1.902774865308632357e+01 2.703657046897007632e+01 3.119821329175554681e+01 3.285320601075346758e+01 2.263761476511384529e+01 1.539658958918183274e+01 2.563255451947108199e+01 2.775879304029555783e+01 2.099817938983905563e+01 1.475721252831747421e+01 2.324060762073145625e+01 1.564332340376496688e+01 2.259545126525902603e+01 3.029187952872123191e+01 2.567371562051302547e+01 3.491163406895042698e+01 3.916165562295793023e+01 3.492155571884332943e+01 3.066976012478608027e+01 3.119411239924823320e+01 3.481517944211157811e+01 4.224458959398364044e+01
4.466644432651926166e+01 3.787483103263431161e+01 3.134111426253270238e+01 2.174459045210824115e+01 2.506596396260239601e+01 2.139341318011806692e+01 3.283284338162869176e+01 3.898169196336142761e+01 4.473090668019956695e+01 4.502819831868630729e+01 4.128757406263690655e+01 4.327826047011375010e+01 3.943175845493647813e+01 3.581478199941201979e+01 3.328337611886683334e+01 2.703657046897007987e+01 1.680845468674597853e+01 2.506378689555061356e+01 2.917075131970121049e+01 2.451880094186935466e+01 1.423661551020251714e+01 2.295151011739245561e+01 2.305302134683417137e+01 1.376669817135094398e+01 1.425846184284070617e+01 1.483730826606199393e+01 2.451694242427102921e+01 3.029454829478979150e+01 3.654930570650758881e+01 3.491163400457426036e+01 3.207919171356049048e+01 4.174975481797280707e+01 4.498418399435866633e+01 3.544547217536455719e+01 4.136404226215255875e+01 4.136404225191118655e+01 4.224458959398364044e+01
4.113480371398480884e+01 3.709938647756926855e+01 3.529333079349712676e+01 2.892913738614776520e+01 1.926380897665483971e+01 2.765984825516776269e+01 3.535616144185838294e+01 4.140566798962913708e+01 4.533400607341953048e+01 4.006540808719233127e+01 3.238408522441451964e+01 4.005853931414097246e+01 4.255507907332604844e+01 3.969340714201883458e+01 3.573168711471817005e+01 2.530509625563953691e+01 2.506378689796117953e+01 1.471690010269911397e+01 2.313977206285990462e+01 2.662435929515689637e+01 2.241868667457141484e+01 1.259384492378227272e+01 1.307619879287115872e+01 2.305705203449308627e+01 2.246658143127619311e+01 1.474441090488507911e+01 2.470373796505169395e+01 2.660305229066515409e+01 3.112223802191401489e+01 3.709551017854513333e+01 4.174975481797280707e+01 4.592357387642364586e+01 5.020107871764068364e+01 4.587941601514877732e+01 5.020107871764068364e+01 5.188366969040196608e+01 5.282423654715570649e+01
3.709938647756926855e+01 2.817928194856601465e+01 3.079192007621823279e+01 2.785297085049044696e+01 1.819899365415333392e+01 2.785296514182179450e+01 3.440800529137841579e+01 3.150532678288750787e+01 4.140566459758222351e+01 3.627683858067054246e+01 2.721490049205969797e+01 3.627649314321561036e+01 3.262787734134584383e+01 2.970316167915446570e+01 3.671410531564593782e+01 3.567211964623164278e+01 2.764710810318307566e+01 2.212736867032573684e+01 1.270401394739926637e+01 2.155436615845503212e+01 1.196963411200963812e+01 1.972652051113470861e+01 2.301709038022881515e+01 2.305935341175802122e+01 2.815419050502833187e+01 2.062588546419868507e+01 1.566669957204434915e+01 1.566669957204434915e+01 2.106556218824090365e+01 3.083092451344544216e+01 4.249275242473727587e+01 4.731525576653842791e+01 5.162146601169234827e+01 4.742064595625718937e+01 4.663445090877994659e+01 5.083308532726132256e+01 5.535622515922410969e+01
3.553524155926857020e+01 2.636493293264474147e+01 2.225815908079491834e+01 2.642841236068791844e+01 1.716303626408402749e+01 2.678684343653237931e+01 2.436889043509851049e+01 3.440800891939414186e+01 3.913407734797919346e+01 3.309543005798801119e+01 2.398747725504762229e+01 3.309542980665600709e+01 3.262923681583480118e+01 2.262638662578135396e+01 2.730934662075461006e+01 3.063811240559636317e+01 2.557677657321006137e+01 1.075156706371958215e+01 2.097875205999077153e+01 1.135779138003083943e+01 1.968871306430291668e+01 1.738315382521723151e+01 2.652462948079601546e+01 3.278189838691626790e+01 3.025624321706742137e+01 2.688697273635117213e+01 1.665282020522048612e+01 2.609785193764434652e+01 3.047388879491197144e+01 3.586381368821224669e+01 3.428858667640344748e+01 4.323176469710328007e+01 4.587507756321296881e+01 3.752666518193454692e+01 3.670671487989173443e+01 4.060973195297879101e+01 4.682945999041155005e+01
3.952832466423148361e+01 2.895367882757247102e+01 1.868400620344328900e+01 2.171006522813845407e+01 1.611117816405002046e+01 1.902746308356265814e+01 2.610831931861082467e+01 3.607318069294314711e+01 3.532469012663116814e+01 2.609227731842078057e+01 2.103532594122593835e+01 3.036435225103636171e+01 3.515198967798163920e+01 2.730881842453678487e+01 1.743487559198047876e+01 2.417296324262185436e+01 2.206368990660048013e+01 2.042950949810933636e+01 1.075156706371958215e+01 2.096612488252244333e+01 2.142738447221106668e+01 2.645406993800104090e+01 2.386046946159960314e+01 3.296032721554392708e+01 3.955431150552528408e+01 3.079940314013308722e+01 2.688892934348975672e+01 1.826850683189682201e+01 2.817240358891801932e+01 2.799595512823215415e+01 3.657628494216196202e+01 4.212621142881062042e+01 3.804739367696139851e+01 3.259903807136221587e+01 2.987292789755804989e+01 4.293042780782010226e+01 4.748033010550527422e+01
3.819017193693013468e+01 2.851256381427453945e+01 1.853969827617989807e+01 1.461626739328306357e+01 2.134383211118541368e+01 2.648491159704932940e+01 3.314755183586798637e+01 3.834451128555646449e+01 3.324045831316895061e+01 2.779215490815255052e+01 1.796313055487672727e+01 2.779215490808355327e+01 3.134950967775729325e+01 2.292849824393457681e+01 1.804456593935706721e+01 1.319821224528258163e+01 1.986702137300373039e+01 1.018134760058442900e+01 2.042816119608877301e+01 1.075156706371958215e+01 1.846462484906285795e+01 3.039802961729166242e+01 3.296035258591509631e+01 3.704468332437454592e+01 3.836118968114834615e+01 2.924267521302024520e+01 2.406840162051382492e+01 1.944702077778625338e+01 2.316131361896211160e+01 3.201131541747711395e+01 4.055145243926852316e+01 3.804739365443704457e+01 2.929887264412532133e+01 3.587286157343625348e+01 2.987292789755804989e+01 3.361529077362818185e+01 3.904484588815660828e+01
3.399137506492867544e+01 2.473025505476578090e+01 2.552007043539555653e+01 2.298565212396070123e+01 1.310350185885275209e+01 2.288575874957586365e+01 3.049462073829153752e+01 3.451188770596927213e+01 2.549724708978484955e+01 1.985762196337332242e+01 1.500675969066936055e+01 2.269617509264462996e+01 2.670758105347492872e+01 2.818956283265226759e+01 1.900704495124678672e+01 1.732469588151230155e+01 9.619613425493557912e+00 1.986262949636503095e+01 2.101705454139693430e+01 2.161512109762664124e+01 2.694708081338179895e+01 3.544633958494414827e+01 3.584795040027933055e+01 3.999215345768130447e+01 4.240167699056420503e+01 3.702953835266510652e+01 2.906143853264340748e+01 1.944702077778625338e+01 2.906143853264297405e+01 3.430535247231772189e+01 3.783434302497951052e+01 3.387644309288724997e+01 2.705691834820135711e+01 2.705691834820135711e+01 3.587286322640806446e+01 3.428884445757110910e+01 4.092790814794295073e+01
3.819059885559713763e+01 3.220487094359761215e+01 2.742614615227321195e+01 2.165296359799322445e+01 1.199726870568621884e+01 1.730123520954517602e+01 2.420623938021728705e+01 3.444274173027318398e+01 3.324044315079717649e+01 2.871635279956459286e+01 2.263267872820011561e+01 1.126809659227628480e+01 1.983982588388142076e+01 2.219604193502874878e+01 1.880944461005590895e+01 9.134651709214164583e+00 1.938592566597419875e+01 9.619613425493557912e+00 1.041199933318265280e+01 2.114012498583497290e+01 2.651497072889243611e+01 2.720779868106995991e+01 2.587838645698687756e+01 3.584795040027933055e+01 4.091496211346795775e+01 3.182991887147236554e+01 2.594511213798097415e+01 2.906143850613425528e+01 2.117673622842015746e+01 3.041628779131004379e+01 3.240876581889359898e+01 2.507046384444072729e+01 3.387644316702406400e+01 3.587286228131387844e+01 3.988927839770801853e+01 4.386644506019080580e+01 4.092792207471232757e+01
3.544491200994979607e+01 2.498414987428106926e+01 1.811384526645058912e+01 1.463698177557964186e+01 1.094070484960638723e+01 1.845533290639318125e+01 2.815897099246121016e+01 3.472593584359870533e+01 2.980506139414967492e+01 2.551270274577747799e+01 2.052380891765837490e+01 1.967854375595864980e+01 8.149369007558316724e+00 1.664427357151354414e+01 8.649798944355074681e+00 1.534756866376133111e+01 2.304973275496208629e+01 2.033260630708570105e+01 2.114012223462786366e+01 1.156416498289640415e+01 2.230662473805959678e+01 1.859165181338766004e+01 2.879840180638559133e+01 3.716920644402564733e+01 4.224264462359232652e+01 3.841263718948895445e+01 3.210958635721074472e+01 2.490494375773837632e+01 2.117673622842015746e+01 2.237551350831501651e+01 2.351107613185530809e+01 3.240876588830589355e+01 2.507046384444072729e+01 3.381161612002495076e+01 3.633198459010730375e+01 4.593555714239119681e+01 5.096066710507820829e+01
3.669657991285724563e+01 2.659341154938006468e+01 2.766433672550640921e+01 2.018941128164564347e+01 9.978204764640839386e+00 1.919540171266408990e+01 2.284304234995428473e+01 3.013971869805526183e+01 2.372561600150863370e+01 1.760330149856061510e+01 2.075838497649693082e+01 1.809387833952162339e+01 1.651602797453944405e+01 8.149369007558316724e+00 1.842027021595702863e+01 2.270816335769617922e+01 2.862802821551478516e+01 2.236518545790406520e+01 1.156416498289640415e+01 2.230699220432963870e+01 1.278222857115730271e+01 2.352072229990606189e+01 2.291312349039444740e+01 3.305204051033081214e+01 3.237182501123949407e+01 3.937155088746676057e+01 3.945660832869303647e+01 3.360845634102015822e+01 2.661208793912043902e+01 2.760660969732193948e+01 3.240876589847884048e+01 3.072328098810651298e+01 3.387677891421875387e+01 2.748255391883679266e+01 3.633339914630316514e+01 4.342056714806270179e+01 4.778651406586888584e+01
3.967342381491906877e+01 3.646116117584527672e+01 2.896866998497405632e+01 2.159296804883297582e+01 1.919539128856156651e+01 8.665276642588347400e+00 1.595659149485155837e+01 2.207451385919690168e+01 2.530201812539644024e+01 2.045542192831400996e+01 1.121645451141579564e+01 1.747168862228479114e+01 7.619661361390471122e+00 1.224122464186135950e+01 1.825189406497545619e+01 2.821761633395159308e+01 2.980965871617525664e+01 1.928837266455066768e+01 1.934722980544543347e+01 2.656547732813764284e+01 2.352070551295716072e+01 1.406667002013904799e+01 2.477365181324750409e+01 2.953612718448994912e+01 2.534382304425487220e+01 3.237182501123949407e+01 4.224264462359232652e+01 3.961664282718305685e+01 3.561301999202910196e+01 3.660007840524198031e+01 4.062492214817657299e+01 3.707826682304185795e+01 4.037200874442576293e+01 3.238411854726541605e+01 3.026300611339565094e+01 3.385505315929283654e+01 3.934107249229808190e+01
3.565852401955052642e+01 3.340192925842637095e+01 2.004765050829681883e+01 1.291640615125657732e+01 8.665276642588347400e+00 1.800540056311037418e+01 7.378746180950611411e+00 1.682548642993432253e+01 1.541174737989791765e+01 1.651230112498953417e+01 7.022911404352570663e+00 7.022911404352570663e+00 1.754219745985509959e+01 2.169960149853498166e+01 1.907789833276914493e+01 2.879549644761032923e+01 3.420866181009083107e+01 2.980965889825978721e+01 3.030688644150572841e+01 2.482218250300562801e+01 1.406667002013904799e+01 2.477362459943352135e+01 1.548993593596513740e+01 1.928153297324940496e+01 2.953612718448994912e+01 3.563713508071054292e+01 3.658975501550391840e+01 3.634434305593249803e+01 4.006029137582411437e+01 4.165998069978689244e+01 4.548860523866795091e+01 4.672688796009362022e+01 4.589027194536386389e+01 4.172985987996075607e+01 3.528160949053389572e+01 3.456172811947059387e+01 4.122675407194601860e+01
3.963158984968043796e+01 3.677734477815864267e+01 3.016643504028660772e+01 2.467467934813848274e+01 2.007098828279062630e+01 2.213407708494347048e+01 1.682552940674245434e+01 6.037353272934898207e+00 6.037353272934898207e+00 6.416976875017236459e+00 1.692728063813481043e+01 1.792756101913665390e+01 1.386179973195060278e+01 2.495533906281558245e+01 2.879549644761032923e+01 3.313918012646594491e+01 4.149904704877006623e+01 3.130710959208471778e+01 2.418269753831165758e+01 1.885545032858319558e+01 2.482218250300562801e+01 2.899845068124329828e+01 2.611792911417985863e+01 1.548993593596513740e+01 2.611792924750746181e+01 2.571554739094026232e+01 2.680003731344729445e+01 2.664352951998286656e+01 3.436958518417394259e+01 3.224503081837601570e+01 4.166128497413568965e+01 4.764471792464676270e+01 4.919729400797423580e+01 4.916165842942361053e+01 4.495342519754407817e+01 4.417562889368436174e+01 4.122675407194601860e+01
3.528519829348031323e+01 3.015283802116027445e+01 3.119719466171415334e+01 2.731165542666463608e+01 2.646594560593998580e+01 2.246679917678281768e+01 1.963313882060933580e+01 1.236624514232083349e+01 6.037353272934898207e+00 8.200549723174749062e+00 1.442664456436016884e+01 2.507056759426544090e+01 2.160844244093377142e+01 2.961515701372642795e+01 3.854099375428577190e+01 3.434798195505361917e+01 3.854074970569263314e+01 3.859995592617925553e+01 3.350263806351091489e+01 2.418269753831109270e+01 3.350263806351091489e+01 3.324031145470051030e+01 2.316774194092906569e+01 2.611792924629594381e+01 1.706817956607403985e+01 1.827423955119973087e+01 1.950594612478577616e+01 2.077879961118278729e+01 2.537542594681869090e+01 3.360222743970367532e+01 3.366561374892486924e+01 4.110825883919391543e+01 3.928963937125779182e+01 4.919729400797423580e+01 4.818074966087384325e+01 5.232937777526794321e+01 5.129484248206556174e+01
3.138950433243093840e+01 2.241204769447898215e+01 2.535010018261436571e+01 1.787033856255422748e+01 2.225142042301748191e+01 1.261649853253206821e+01 1.545322141178042408e+01 5.619233483762394066e+00 1.491965542239380405e+01 1.553864889682799877e+01 2.294271715454860683e+01 2.952015340825390766e+01 3.302128777241399149e+01 3.352343908335014788e+01 2.934910120058698979e+01 2.435026523117403841e+01 3.010137942912199804e+01 4.014915299260099601e+01 3.859988279318181270e+01 3.429225444308098503e+01 3.859988279318181270e+01 3.735088079716879150e+01 3.324031145445632518e+01 3.047502313466658919e+01 2.034705231842065132e+01 2.861697074780212802e+01 2.384682778714120488e+01 3.080653460992376225e+01 2.261060452524884923e+01 2.387870631028252433e+01 3.366561375613531482e+01 3.127725241084425178e+01 4.110825883919351753e+01 4.653902050810455648e+01 3.814595704279844313e+01 4.653902050786697941e+01 5.102906152615031488e+01
