output/example_1/elevation_000237.asc
nrows	75
cellsize	13.33333333
xllcorner	0
ncols	75
yllcorner	0
NODATA_value	-9999
[rows 34 to 50 of 75, columns 37 to 73 of 75]
1.409570729597545125e+01 1.472190431009272693e+01 2.203330043958922246e+01 3.163794123486712451e+01 3.750787190695326956e+01 3.709070196681025067e+01 2.740784551773386823e+01 2.035579452448842730e+01 2.558259517777453595e+01 1.731068179449944466e+01 2.457445371750305085e+01 2.897787711659125165e+01 3.454088199081988364e+01 3.859416644934360363e+01 4.341364146177459560e+01 4.415532161229050701e+01 3.390491650812146673e+01 2.794188574551428061e+01 2.440387548693000852e+01 2.149404619701811114e+01 1.935242906255999529e+01 1.725951657095865599e+01 1.521654921657807868e+01 1.346302742814664732e+01 1.730462500010968085e+01 1.029777057018109510e+01 2.012592439735275462e+01 2.070845417969459490e+01 1.175413089274041134e+01 1.903940527078258071e+01 2.767188908063346275e+01 2.184666936482811650e+01 2.649407887238061932e+01 1.856648766826486252e+01 2.129076391198963236e+01 2.422100832875233678e+01 3.157554775643161804e+01
1.250998451652150401e+01 2.272924140577579166e+01 2.925141326408640197e+01 3.646125282160818415e+01 3.359717838703878812e+01 2.954651029734913692e+01 2.799334872253863082e+01 2.389119830467030070e+01 1.519505149207012451e+01 2.558259610961572150e+01 3.145104119171792689e+01 3.832753945604839174e+01 4.265437857791295073e+01 4.440908872501972837e+01 4.852442433034136826e+01 4.841289685539308607e+01 4.249345757229649223e+01 3.823760829802827743e+01 3.137407269108190278e+01 3.137414784808344592e+01 2.835123891163870624e+01 1.898075498395388294e+01 2.486973008461782086e+01 2.319089269920299046e+01 2.278149262161856825e+01 2.009927572837393583e+01 9.697725781602581918e+00 1.030015702398251598e+01 2.070849926642084782e+01 2.629046395284699500e+01 3.354152176542830688e+01 3.216429982007856125e+01 3.136562486863796551e+01 2.098673108775889773e+01 3.136562486863779853e+01 3.451925556627577407e+01 3.157554775643161804e+01
2.107579271403189836e+01 2.673831638534617383e+01 3.268536582948404146e+01 3.313477138864956828e+01 2.943090402006988526e+01 1.943599021378794589e+01 2.237220004738975732e+01 1.326919612763692591e+01 2.389044956474267778e+01 2.934826043960130093e+01 3.180455382795931030e+01 3.448786540764027109e+01 3.752912166962033780e+01 3.467934601009493178e+01 4.440908871467747332e+01 4.299253413221184417e+01 3.879458419509116851e+01 4.299198477824946707e+01 4.162184817009726601e+01 3.574776815170522326e+01 2.483891730111117013e+01 2.884840508312527874e+01 3.102487042595402400e+01 2.659053375129004593e+01 2.314052578239260072e+01 1.967340009662942180e+01 9.277648864367552761e+00 9.277648864367552761e+00 1.695704749427438074e+01 2.809258776645052791e+01 3.502226357404812518e+01 4.073758454901317805e+01 3.394505796734485159e+01 2.362732557251759147e+01 3.394505796734485159e+01 4.161112182683925198e+01 4.162599488446512908e+01
1.441404444141998020e+01 2.505196538318583777e+01 2.074542963683472507e+01 2.323092284496344107e+01 2.461049518281855697e+01 1.950860881078162024e+01 1.168625050773990459e+01 2.237222832425649344e+01 1.681266209980096704e+01 1.936801565048247298e+01 2.200208942982154170e+01 2.481304792043243168e+01 2.791182492151204997e+01 3.467934601009567075e+01 4.440908873405530244e+01 3.822034108149195930e+01 2.949659223819941190e+01 3.821987577170687445e+01 3.970433285112245869e+01 4.012484026186049135e+01 3.260328673590564108e+01 3.284389912347500484e+01 2.225639013824079626e+01 1.628153000197653100e+01 1.264060769692211039e+01 9.277648864367552761e+00 1.945035073832134742e+01 1.133017091081463867e+01 2.174120089487846386e+01 2.080881400600399900e+01 2.673796444412276330e+01 3.668782643678287769e+01 3.809717397190489407e+01 3.394505796734485159e+01 2.812129327807022250e+01 3.160073260123207106e+01 3.871908959916462578e+01
1.927938723586991188e+01 2.270038713933181995e+01 1.296015176607216723e+01 2.071142965425799076e+01 1.901908411411238475e+01 1.023160306079647164e+01 2.089132071875502206e+01 2.609820215339762939e+01 2.705909852190391618e+01 2.935393772946507696e+01 3.180455382885603299e+01 3.448786540764027109e+01 3.752912167474296012e+01 4.160188599473408289e+01 4.330904410082699485e+01 3.414553555464910062e+01 2.542595045015822208e+01 3.414352881049909882e+01 3.037352368612149434e+01 3.713357493686297062e+01 4.333921783235873448e+01 3.711848790800742393e+01 3.105106184176768025e+01 2.347022008373707891e+01 1.637411878429732326e+01 8.899714072952816579e+00 1.907577670754874433e+01 2.172829034721588926e+01 1.426356686343702762e+01 2.460202748353377800e+01 3.070484000310536032e+01 3.365974265226584095e+01 3.703457922825450765e+01 4.112311082744769664e+01 3.827432541830344093e+01 4.161112182683929461e+01 3.871908959916462578e+01
1.843773401085049102e+01 1.849034180626906476e+01 8.388327625075953975e+00 8.388327625075953975e+00 9.238942857860696023e+00 9.238942857860696023e+00 1.134215647365319946e+01 2.196560998127915099e+01 2.771414807727724749e+01 3.055626758542616628e+01 3.377667202630097876e+01 3.783235208956813977e+01 4.268575351077741686e+01 4.242068384759677002e+01 3.300964847263597335e+01 3.123527814702315908e+01 2.274372027170534594e+01 2.760820962152163460e+01 2.441418226259390067e+01 3.310527329970975075e+01 3.888191678778350280e+01 3.345732147016844493e+01 2.934427911227465557e+01 2.188578289470000726e+01 1.291536950026492647e+01 8.529203733300025903e+00 1.869944500404788457e+01 2.688497197642870518e+01 2.460202748226316061e+01 1.771640354991924227e+01 2.040270331273935511e+01 2.342365961273396024e+01 2.691006950028820910e+01 3.206237097167107919e+01 3.913530254336615855e+01 4.893916537467278260e+01 4.859310525371159173e+01
1.657135841190557812e+01 1.736012518933990378e+01 8.388327625075953975e+00 1.330781328465706892e+01 1.933889975663061733e+01 9.238942857860696023e+00 1.987210417027126041e+01 1.469008844182961404e+01 1.758835268107162264e+01 2.071087680683302423e+01 2.411545870367648803e+01 2.895826128374747199e+01 3.859508276885448907e+01 3.815397124954905195e+01 2.786563791103980847e+01 2.255066477747510945e+01 2.468724732556902879e+01 1.904425448804186871e+01 2.492169717130228435e+01 2.876867174235536950e+01 3.491372271920161552e+01 2.559344800003494669e+01 1.977864930341051419e+01 1.550583128739725680e+01 1.793026119349125125e+01 8.180011300949990627e+00 1.347842132485089728e+01 2.359867101142196333e+01 3.220716962745936485e+01 2.804483974454988626e+01 3.070484000310536032e+01 3.365974265226584095e+01 3.703457922825450765e+01 4.112311082744776058e+01 4.607859399564002700e+01 4.910374270330301272e+01 4.920794126321774797e+01
6.485348044046869376e+00 7.249742208286811262e+00 1.735997643361152143e+01 2.020853953813013604e+01 2.271126498678156835e+01 1.358606430081744421e+01 2.392671733025997582e+01 1.918060509874451114e+01 2.771414807633646049e+01 3.055626758542616628e+01 3.377667202630097876e+01 3.783235208956813977e+01 4.268575351077741686e+01 4.241948519751182545e+01 3.494717420248271367e+01 2.444605797400214087e+01 1.681242169533157949e+01 2.325368784748514273e+01 1.584222788035134677e+01 2.219434050090527677e+01 2.791583051887047517e+01 3.343930274716240092e+01 2.751745209187889785e+01 2.109752248818655218e+01 1.075122925637073124e+01 7.864133461319374518e+00 1.789669551536316661e+01 2.666796136351167235e+01 2.972906430067815720e+01 2.972792955605682153e+01 3.395483198123746860e+01 4.228268623170183105e+01 3.815814526435980270e+01 4.228268623170473717e+01 4.496020379366346731e+01 3.946026531508312019e+01 3.972275893807743330e+01
6.485348044046869376e+00 6.485348044046869376e+00 1.648255188817919148e+01 2.521180568227708108e+01 2.768301744283404275e+01 1.977464673554625918e+01 2.851224050900736273e+01 2.629524387818108622e+01 2.737709217996290079e+01 3.703061993122172879e+01 3.938912652063066133e+01 3.523627289127931306e+01 3.938912652063066133e+01 4.151506149310968397e+01 3.113224210663050329e+01 2.365686475679390455e+01 2.325368784748514628e+01 1.303770008447998308e+01 2.010908740742073775e+01 1.268757742683195566e+01 2.400559256580265810e+01 2.928941230456570821e+01 2.409286389699138198e+01 1.384396325110354020e+01 1.477896629848910592e+01 7.584220927401486456e+00 1.799190043047699561e+01 2.151572349078969282e+01 1.922226883725260294e+01 1.922225881773719891e+01 2.972791971476165429e+01 3.717395074578916336e+01 2.783986947520877564e+01 3.717625135484217225e+01 3.308043546528977430e+01 3.268094122023382653e+01 3.405266103888885709e+01
1.173977301110746296e+01 5.781533688116233805e+00 1.231032334743369994e+01 1.805316801503479596e+01 2.822531594719499992e+01 3.061671055977121014e+01 3.509605285894443938e+01 3.575454142884363762e+01 3.703061993122172879e+01 3.689028151884111395e+01 3.270334886451402667e+01 2.478370202860514482e+01 3.270334886451402667e+01 3.689028151884107132e+01 3.847116370373793615e+01 3.417328508353693906e+01 2.740370793117450887e+01 2.010907677071317323e+01 9.736622038118687428e+00 1.685148707627521603e+01 2.209564102433114030e+01 1.967550857114390439e+01 2.072372756214433664e+01 1.585322441152274919e+01 7.239194912831112383e+00 1.723144701489390940e+01 9.176129701919371939e+00 1.040556271718638293e+01 1.172210133277466326e+01 2.229927404224199705e+01 2.579459177842540285e+01 2.739428497154608877e+01 2.250806073457717105e+01 3.113175937545106819e+01 2.447388559279007936e+01 2.806325530262408918e+01 3.531856753393036996e+01
1.245044677839055680e+01 5.085619539223572794e+00 9.279165697475132646e+00 1.977571086498095454e+01 2.629717875405859218e+01 3.222523534758572339e+01 3.736963984429863217e+01 3.319147932863332784e+01 3.736442278936733175e+01 3.270334886451402667e+01 2.209460226737328981e+01 1.925862546527637065e+01 2.209460226737328981e+01 3.270334886451402667e+01 3.776023876163240800e+01 3.558808425773029427e+01 2.461091338313287125e+01 1.735810407266981770e+01 1.806749716137829154e+01 7.821412954845505361e+00 1.613930193868535667e+01 1.340008528923278952e+01 1.473692774178750931e+01 6.912826925728472460e+00 1.693549878856016377e+01 2.062902420768614675e+01 1.964229815024627257e+01 1.428246601344111433e+01 2.185726575024073526e+01 1.367016855874691750e+01 1.522356457994879442e+01 1.681430163439863179e+01 1.866129126433486363e+01 2.056715286138509668e+01 2.413136583320016726e+01 2.794085533088747297e+01 3.520535902601207567e+01
1.488087154047769545e+01 5.085619539223572794e+00 8.002615444746169260e+00 1.214937972533256350e+01 1.772038077955933488e+01 2.799036305275400949e+01 3.229290530233613055e+01 2.303750165662418681e+01 3.223194662015960432e+01 3.270391799562644763e+01 2.209460640397451670e+01 1.416093419459575742e+01 2.520183220578610062e+01 2.974639853891385499e+01 2.869448973280704607e+01 2.959810774833522018e+01 2.510816767759646240e+01 2.666597976269402892e+01 2.122169336522481231e+01 1.613930193868535667e+01 6.155088507202894021e+00 1.600726640368398535e+01 6.563502854635351547e+00 1.648098963712950749e+01 1.073554357461126330e+01 2.055437416494558533e+01 2.679880121567362394e+01 1.815991419813531138e+01 2.674937446079817960e+01 2.423996373266431092e+01 1.818386657978419052e+01 2.433691317358102424e+01 2.923475633999023771e+01 2.810509909764594383e+01 2.921908827305000855e+01 3.802615681617820087e+01 3.520535902601207567e+01
6.446545606619779711e+00 4.643916460448838102e+00 1.445329724794633464e+01 1.468592484409377974e+01 2.171893093303807376e+01 3.196007104560099421e+01 2.811187615246175753e+01 1.795190293881105248e+01 2.811184371063278320e+01 3.013332814602722820e+01 1.937341793593376948e+01 1.144188675150912715e+01 1.909646383193687669e+01 1.907212143642417601e+01 2.170537167080614438e+01 2.392254734532259519e+01 1.313297237195640044e+01 1.697423121890319564e+01 6.868502680628632007e+00 1.287432201731874848e+01 1.553097779179573656e+01 6.155088507202894021e+00 1.534154954095493650e+01 2.032493279870934089e+01 2.055231134903220180e+01 1.523541765066427089e+01 2.480667640897871351e+01 2.316559929736605383e+01 3.113930820092274843e+01 3.206939477151670559e+01 2.155006003046358742e+01 3.206939476607325190e+01 3.895285233562820792e+01 3.844075601403089593e+01 3.942150007169716730e+01 4.350931727201037091e+01 4.483616509790925164e+01
1.394025017140887002e+01 4.174575250662594605e+00 1.101631827348558623e+01 2.111471266863911467e+01 2.892800141381781032e+01 3.190307961530655945e+01 2.175347349864061997e+01 1.459816511764014990e+01 2.472508360639745817e+01 3.220695148171108002e+01 2.612597837313580484e+01 1.909646381994598840e+01 8.184004984358924872e+00 1.326441268960139652e+01 2.262288976093542203e+01 1.766431235174755798e+01 1.191488726833365597e+01 5.141885826844290186e+00 5.592262374126651281e+00 1.213076840567011594e+01 5.610683532116093275e+00 1.565190441641483687e+01 6.155088507202894021e+00 1.820187479170684242e+01 2.818429846983686460e+01 1.867597850969751505e+01 2.821538692284420335e+01 3.291415900799213290e+01 3.730450055150104305e+01 3.627470498216405304e+01 2.770241442462283032e+01 3.018709737267248983e+01 4.044464791545905058e+01 4.614334312016042361e+01 4.212326937918224701e+01 4.614334312016042361e+01 4.416698756432594308e+01
1.307996864932024117e+01 3.658963384053134149e+00 8.480718495396443402e+00 1.585931166985727003e+01 2.735499689132952739e+01 3.030108486307563354e+01 2.191629473163992259e+01 1.187082834050954538e+01 1.759362725181038556e+01 2.797262811376450742e+01 2.419339619565550947e+01 1.375775175375243009e+01 6.449799004437873684e+00 1.445231052579263498e+01 1.725621956189734263e+01 7.081991612735605734e+00 4.819330907079196535e+00 1.069258284794710434e+01 5.438260308606249538e+00 5.610683532116093275e+00 5.610683532116093275e+00 1.561438798578278053e+01 1.707667791716748340e+01 2.118267692998219331e+01 2.908059441739023043e+01 2.826798697728993659e+01 2.543170142739787210e+01 3.202381742028292422e+01 4.064632366165424315e+01 4.220114013331011193e+01 3.804044612545608572e+01 4.044464791545905058e+01 4.333791223668671933e+01 3.926818701279487556e+01 3.182533068731107662e+01 3.697430019653224065e+01 3.399499153888247349e+01
1.040956234281344805e+01 3.106690227612235677e+00 1.398769322882301225e+01 2.324332770461644415e+01 2.606026981382896324e+01 2.051541230515229941e+01 1.944813099046263005e+01 9.649575147274266129e+00 1.944816819460314505e+01 2.459220768587277561e+01 2.366051897834681483e+01 1.880280770209814634e+01 1.444938842644752164e+01 4.340526476757530894e+00 1.387368813503119824e+01 4.545258676676112941e+00 7.947031939166710579e+00 9.398756082186256577e+00 9.091255020728254976e+00 1.586984340614222155e+01 1.560626400611623055e+01 6.326604074616701823e+00 1.592948118210606623e+01 1.624253438461921206e+01 2.154545477253462948e+01 2.554905338623182232e+01 3.093157820939205038e+01 3.816515128991237304e+01 3.923575761755284219e+01 3.533946928577271507e+01 3.977536645970103280e+01 4.016407103753179797e+01 3.744861960193575356e+01 2.891238663887966709e+01 2.655145045787689639e+01 2.655145045787689639e+01 3.399499153888247349e+01
2.352027947931213170e+00 1.181234018910960160e+01 1.588711646426165913e+01 2.090408863904830739e+01 1.504136755351779620e+01 1.733138361415700501e+01 1.145658290305160598e+01 7.837389912246849555e+00 1.578492606102966711e+01 1.433940367896668988e+01 1.795984730632356019e+01 3.939232810561778209e+00 1.355822270547308683e+01 1.336844175830569448e+01 4.340526476757530894e+00 1.345024196065937616e+01 1.564382139478597367e+01 1.708198696630987357e+01 1.298480135630202170e+01 2.137809160723977087e+01 2.041907974361174993e+01 1.625185309676336942e+01 6.857544161450411124e+00 1.684798630776965211e+01 1.186370851385727576e+01 1.709257584566061183e+01 2.526628831666889852e+01 3.526718480842687597e+01 3.406308321369587588e+01 2.433486121852301309e+01 3.406144021438517910e+01 3.017455468732217483e+01 3.023942184984523607e+01 2.295570349872602023e+01 3.328926645636539661e+01 3.697430019653224065e+01 3.697430019653224065e+01
