output/example_1/elevation_000170.asc
nrows	75
cellsize	13.33333333
xllcorner	0
ncols	75
yllcorner	0
NODATA_value	-9999
[rows 51 to 67 of 75, columns 37 to 73 of 75]
2.452224468438565452e+00 6.687540947748384035e+00 3.008788503622493060e+00 3.248553043586861921e+00 3.248553043586861921e+00 1.217321819397134597e+01 3.320061901252744807e+00 1.130802885657236168e+01 1.605067039850626998e+01 1.640429237084485337e+01 1.794299349000913679e+01 1.553932099577673398e+01 6.960651579173251946e+00 1.575873698425882097e+01 2.034875854851025778e+01 2.087268937994471685e+01 1.247937932847829323e+01 2.052029327469755060e+01 1.641747431717568517e+01 1.277998491807045411e+01 5.794616326719154387e+00 1.495860601423335545e+01 1.004405745952879236e+01 1.956142309511425381e+01 2.687357969806915747e+01 3.077775071836209975e+01 3.559559413454055488e+01 4.163714753740309504e+01 3.186032264538571468e+01 2.900842376898931718e+01 3.196657866144759552e+01 2.792931111480741535e+01 2.049103407612096461e+01 2.983512455222162885e+01 3.450913521517183824e+01 4.168720591703310419e+01 4.168720591804424913e+01
1.193814934887250701e+01 2.632254902373627026e+00 1.213213918836686922e+01 1.521452076622692751e+01 5.206944166061892254e+00 3.320061901252744807e+00 1.241314307584474363e+01 3.662041184787696135e+00 1.300578628142353921e+01 1.207215846908493084e+01 8.476097228949280193e+00 5.345497481703075593e+00 1.375261517057921701e+01 8.832032631467958694e+00 1.423548010054482127e+01 1.136529057191157044e+01 8.412573112128411523e+00 1.537271660832492159e+01 5.510982234798682100e+00 5.631685372087442687e+00 1.399595118132018357e+01 9.895818135580340069e+00 1.920974360094637134e+01 1.427618008005104322e+01 1.758736658991583113e+01 2.276846327484070187e+01 3.170419474426472206e+01 3.834331611981544796e+01 3.186032264599998243e+01 2.227854628246567259e+01 2.632828145679644649e+01 1.840602038950882147e+01 2.028417001261190222e+01 2.028417001261190222e+01 3.019599626522392910e+01 3.758403844759351387e+01 4.198947109426350721e+01
1.759601891317976197e+01 9.129641357230328325e+00 1.767910081953182910e+01 1.301831233120606868e+01 3.320061901252744807e+00 1.295844238402218807e+01 1.646504928577633464e+01 1.327576146517127675e+01 3.985285579040888759e+00 3.985285579040888759e+00 4.171142239570004406e+00 4.171142239570004406e+00 4.171142239570004406e+00 4.426315786186676426e+00 4.639729126286803229e+00 4.639729126286803229e+00 4.785082546204392884e+00 5.267621629106695735e+00 1.175303682030411601e+01 5.510982234798682100e+00 9.663641811560843564e+00 9.887034620226868853e+00 1.929246743508439010e+01 2.367598660995508553e+01 2.687357970826147024e+01 3.077775074632613084e+01 3.197788058589822668e+01 2.750904117808473970e+01 2.430939203132994209e+01 2.483061162854993142e+01 1.675250989886919584e+01 2.351350181110236903e+01 2.981530998690482548e+01 3.019599292362773468e+01 2.332833800099045618e+01 2.701393083643507609e+01 3.227369546995649330e+01
2.489721081305633632e+01 2.019689545022272270e+01 2.111984753232898271e+01 1.340791466058245263e+01 3.807926063503082048e+00 1.346328829742611255e+01 2.286200062625514562e+01 1.699544131279098025e+01 7.133901029645540071e+00 1.372897256329243376e+01 1.236232511673690837e+01 5.968419967582613062e+00 1.389264911252513990e+01 1.120968560521856716e+01 1.424428066588967035e+01 4.639729126286803229e+00 1.071675752188065545e+01 7.315143547187577866e+00 1.460374691932170066e+01 1.512388130548109011e+01 5.834439918474036979e+00 1.557045285856864325e+01 1.545124113531954713e+01 2.445427999133086416e+01 2.955164181479131358e+01 3.320487159159997503e+01 2.602477214669824335e+01 1.374628735325659434e+01 2.348495508829978817e+01 1.517916222600573484e+01 2.483061162854956194e+01 3.035293440196556958e+01 3.719269494472388260e+01 3.788572367047196110e+01 3.352755720915980930e+01 2.794253179921325625e+01 3.863566514972263377e+01
3.088461839058684433e+01 2.052755458711705572e+01 1.274114027746559508e+01 7.175658549771497974e+00 4.251179163515343085e+00 8.996532534967808914e+00 1.877829545391893262e+01 2.131500289293976635e+01 1.147818838566552735e+01 2.117808256672682887e+01 1.929459037525008469e+01 1.628311617642776454e+01 8.561034122465198237e+00 1.707773881398983562e+01 1.681517171005684119e+01 7.052273546655571046e+00 1.583652657347477799e+01 1.239250545848653218e+01 1.411510014315764039e+01 1.923876464687374366e+01 1.571141873130580890e+01 6.307333596237186590e+00 1.634933722172706183e+01 1.778439537054655517e+01 2.505775412867741991e+01 2.921484887391318708e+01 2.001337261472472306e+01 2.218420428163731017e+01 1.374628735325659434e+01 2.348212641206138684e+01 1.855611397459908929e+01 2.807226965218818293e+01 3.515621989159949123e+01 3.918941573298741332e+01 4.291626758306209410e+01 3.547229484155097623e+01 3.547229484155097623e+01
2.906933187632177962e+01 1.906183976589025519e+01 1.209919981789168197e+01 1.391457174337088176e+01 4.251179163515343085e+00 1.391509202162327341e+01 2.286445735712481664e+01 2.630505333575387894e+01 1.901087100990467249e+01 2.594839665875556989e+01 2.114726404773153590e+01 1.151433887503413267e+01 1.815708283374935661e+01 2.219374998465585946e+01 1.964923374425189451e+01 9.860193713190883003e+00 1.963025883979353026e+01 1.816023904364270081e+01 1.951431752850611900e+01 1.651348725339463641e+01 6.307333596237186590e+00 6.307333596237186590e+00 1.352258020908896263e+01 1.248373352615342391e+01 2.264195532577567249e+01 2.489644624450707866e+01 2.091487267895498192e+01 1.236998858114064781e+01 2.218419933605282424e+01 2.348413475562054487e+01 2.807226847962608218e+01 2.214343268090001615e+01 2.567258598513362600e+01 3.102917665931454039e+01 4.037368393919266651e+01 4.627271665051899419e+01 4.627271665051900129e+01
2.289209612824244644e+01 1.882989338945997204e+01 1.391499569755863597e+01 4.251179163515343085e+00 1.391491388333279922e+01 1.803310405618237766e+01 2.350487427176692634e+01 2.753664037951136123e+01 3.058968515590200710e+01 2.835838544154315244e+01 1.841792586521374275e+01 2.117270620007980497e+01 1.541144501082694163e+01 2.520139530781920101e+01 2.291577562108572863e+01 1.311612489103815982e+01 2.291577561842213129e+01 2.605738238467994350e+01 2.781321500482110665e+01 2.087619235631190406e+01 1.647537211087067632e+01 1.389228002100365877e+01 6.919303874281461653e+00 1.653617626246025196e+01 1.874620929445674733e+01 1.970763129872183939e+01 1.102059014954575211e+01 2.091483823029437517e+01 2.620059169293986301e+01 3.312980187326616743e+01 3.566087604058326122e+01 2.880128083777403347e+01 2.985303171883986906e+01 3.918938890910392558e+01 4.435727208055429571e+01 4.655554484176008145e+01 4.655554484176008145e+01
1.295911293259610453e+01 1.470519309669142594e+01 4.957574868698123360e+00 4.251179163515343085e+00 4.251179163515343085e+00 1.391457076728144315e+01 1.387498534814621998e+01 2.050548280296601789e+01 2.981704077409234799e+01 3.234198144257605634e+01 2.826303771076030813e+01 2.025705693273106789e+01 2.506171064784986768e+01 2.907743559771541442e+01 2.704879240637242432e+01 1.798601208160603804e+01 2.704891044489698615e+01 3.353576249726291536e+01 2.662970810965423496e+01 2.257792941884986604e+01 1.905710263466857413e+01 8.976635152766776926e+00 1.712255893122766182e+01 7.643353307684904507e+00 1.781910424805819559e+01 9.730118929401943006e+00 1.971063160212568022e+01 1.518153474812408810e+01 2.487123200362859876e+01 3.343790317514947219e+01 3.777100907356961557e+01 3.845147720188030149e+01 3.952438265646999582e+01 4.360000898814296022e+01 4.371296241278808026e+01 3.684948713129478648e+01 3.684948713129478648e+01
1.494432358708762010e+01 5.998112240551187746e+00 1.391499596409106232e+01 4.251179163515343085e+00 4.251179163515343085e+00 7.807036433597700942e+00 1.753327769300771166e+01 2.061450366788670152e+01 2.502445272203755522e+01 2.973665009011329730e+01 3.370007817709174702e+01 2.966339509310990508e+01 2.624095624935608839e+01 3.520901556586318293e+01 3.200630851225645301e+01 2.784562277599114921e+01 3.200469601863180458e+01 2.902939458392002692e+01 1.972365631981360679e+01 1.275038878149862498e+01 1.107741783501766086e+01 1.905710276726806995e+01 2.164577832111649869e+01 1.779458592071603107e+01 8.410922097807235431e+00 1.637133484296943919e+01 2.302074786157038488e+01 2.486715520597668316e+01 1.979509894360615974e+01 2.406852413469625773e+01 3.084349954878928912e+01 4.061325544441960744e+01 4.504299713343399958e+01 4.101879050151872974e+01 3.969232561609080534e+01 3.005338270653217236e+01 3.969232561609791077e+01
7.166798366462511005e+00 1.584475094250147009e+01 1.802092796412429010e+01 1.102209518983314318e+01 1.391647204719527764e+01 5.002346758978237773e+00 1.475793099118870977e+01 1.042571767798479243e+01 1.481616678097011608e+01 2.212667957113282569e+01 3.296686054293291335e+01 3.879280235956071721e+01 3.405725605375075560e+01 3.879629003713370139e+01 3.814640606532362455e+01 3.406649989081998342e+01 3.059710477812987151e+01 2.497306671893215579e+01 1.524369177112026463e+01 2.257792947132699979e+01 1.404647627188515280e+01 2.383120473187230814e+01 2.426668980926920938e+01 1.566176473218185983e+01 9.904883710587668588e+00 9.300983683824778581e+00 2.327726398875745062e+01 3.006061770680973666e+01 2.939513263208799287e+01 3.343790317349127150e+01 3.777100907356961557e+01 4.241354763979870768e+01 3.839543681541506004e+01 3.137997355333004634e+01 3.314872941913552751e+01 2.706771488170098650e+01 3.181358215062222783e+01
1.046353951022020112e+01 1.401397340261652325e+01 2.336932017730817535e+01 2.090068927824988876e+01 1.791884967143931107e+01 8.401914634271731686e+00 5.776004108987736529e+00 1.581146779247354317e+01 2.502445337385629998e+01 2.973665064990676754e+01 3.052752796768031018e+01 3.513121212191769871e+01 4.068102999175670931e+01 3.976748585710915052e+01 2.989308851025917946e+01 2.434096565579534044e+01 2.092947197587621844e+01 1.782787393813902810e+01 2.497315004254327064e+01 2.690860824967346687e+01 1.718665302557130303e+01 2.690860824967620957e+01 2.599166559168721236e+01 1.634776413466921241e+01 1.914165190059548749e+01 9.912604355634936582e+00 1.710360914659877807e+01 2.154576084319556983e+01 2.557231749195857162e+01 2.933870907038172504e+01 3.329569851725650409e+01 3.783431531251645197e+01 2.880605455624325728e+01 3.056573898758885477e+01 2.365821656198318479e+01 2.747567054044638013e+01 3.707923355711388780e+01
2.091102119464250464e+01 1.978373189808705135e+01 2.749711293990110761e+01 2.327486620527616878e+01 1.396112187432473206e+01 1.612049059113936167e+01 6.362411591781323317e+00 1.460444642875653720e+01 2.331206625028051960e+01 2.382305891094375383e+01 1.943293356754106327e+01 2.608447254803971305e+01 3.820824954913551608e+01 4.384035291534905809e+01 3.814640606532362455e+01 3.351882653270831014e+01 2.077018729737673297e+01 2.035513445770520846e+01 2.982240182925764316e+01 3.099129771181218373e+01 2.151061796256261971e+01 3.099129771313061354e+01 3.019364145835765001e+01 2.607242378778759928e+01 2.398031795673265520e+01 1.997335582766790196e+01 1.087361456251365688e+01 1.171761454710294359e+01 2.157217699480980500e+01 1.981683727228913483e+01 2.933789410285300647e+01 2.824821949954085909e+01 2.824822405211287801e+01 2.112568547196492830e+01 3.056573898758885477e+01 3.666776839740983007e+01 3.421673590156784428e+01
2.658157550054198381e+01 3.018877830176375099e+01 3.096638961932830725e+01 2.163354909641980228e+01 2.309430920554903111e+01 1.682125774855809297e+01 6.998882101667648570e+00 1.008655988786943958e+01 1.894118053854910855e+01 1.432891036419929875e+01 2.063553832325346704e+01 3.151841436247077155e+01 3.745760010369311033e+01 4.161645140624769823e+01 4.114867844883808345e+01 3.080777171194474207e+01 2.572560779227187666e+01 2.332963978767966751e+01 3.306874129171410459e+01 3.542947935721304020e+01 2.839474886848376656e+01 3.538841475189241947e+01 3.810501203759596933e+01 3.090946592087205858e+01 2.204992422691168485e+01 1.987362416349395389e+01 1.087361456251365688e+01 2.090777913758526552e+01 1.286192780853652096e+01 2.257519700670039953e+01 2.763353516006354837e+01 2.823243297034198562e+01 1.879331847528338884e+01 2.679841086008270779e+01 2.657021997665430746e+01 3.604319641528434914e+01 4.384705195278166912e+01
3.074664808974089425e+01 2.999513721602663097e+01 2.890668310740636215e+01 3.089514608907454729e+01 2.292970802996437740e+01 1.752298844414230317e+01 7.687912301979001661e+00 1.750938608743370395e+01 1.169648183641140271e+01 1.966545277624152277e+01 2.835553327616996455e+01 3.278823312616206209e+01 2.704327682915016950e+01 3.566701670682017067e+01 4.522739557786569264e+01 3.955791478109373571e+01 3.547997786010202503e+01 2.813201363870174632e+01 3.125721800318390464e+01 4.112909427062486856e+01 3.842458989615082032e+01 3.688532874424381447e+01 3.299124770203619050e+01 2.424521725804791572e+01 2.255855608033168735e+01 1.262289432370225128e+01 2.112058506842337025e+01 2.101505337889468805e+01 2.262462362571221419e+01 1.399707408555607024e+01 2.368841526334823655e+01 2.470102095002188847e+01 1.720512555218618189e+01 1.720512555218618189e+01 2.436704775292283998e+01 3.585811076862231772e+01 4.282997549604777276e+01
2.999534711193086878e+01 1.992622603094188349e+01 1.882539813450897981e+01 2.430706904881828478e+01 1.890075135257680827e+01 9.200720727795447473e+00 1.752927637288351903e+01 8.998938619449621257e+00 1.871860459281985101e+01 1.996533954215012585e+01 2.413439597703138162e+01 2.149270588720621333e+01 1.993749209460920468e+01 3.144488784986425856e+01 3.785225760036046694e+01 4.368359396230925284e+01 4.207941461708874442e+01 3.511271298362217408e+01 4.112909427062483303e+01 4.286035245266725724e+01 3.872796966832016352e+01 3.300196128119758754e+01 2.310696397582337269e+01 2.417882154756801683e+01 1.441247863412638708e+01 1.712222717049510479e+01 2.667157950260225974e+01 3.106537654937558557e+01 2.767811195426694937e+01 2.368841518479676367e+01 1.513823186999672288e+01 1.513823186999672288e+01 2.475658864966813155e+01 2.693447134925387942e+01 3.137588884972377556e+01 3.608300676360843084e+01 3.328832080972562579e+01
2.197564839844588036e+01 1.622693958512617129e+01 1.202560115568360821e+01 2.031173330012122946e+01 1.063796452333874676e+01 1.599205933750033815e+01 2.283916082546583937e+01 1.871860459306855162e+01 1.031253105918622559e+01 1.031253105918622559e+01 1.996505479311246845e+01 1.157736681262128009e+01 2.480109017157143469e+01 2.339212649320312565e+01 2.939979560434285588e+01 3.953694356620332684e+01 4.194352992476149211e+01 4.498790305463915473e+01 4.636814255804570450e+01 3.872884594950127735e+01 2.862788333734372515e+01 3.158286240606037154e+01 2.601709109690501265e+01 1.622895196841859899e+01 2.425968176930613396e+01 2.695388742022174355e+01 2.512302327976177452e+01 3.510034865141697935e+01 2.879852062081977593e+01 1.930837682434443892e+01 2.475658851633479784e+01 1.513823186999672288e+01 2.475658864966813155e+01 2.465987642713324490e+01 3.392262583694437694e+01 2.658831293316724853e+01 3.220681423885343264e+01
3.048694476667128228e+01 2.593169449033377205e+01 2.177290628561025798e+01 1.202560115568360821e+01 2.031173330012122946e+01 2.445492267736277014e+01 3.006796586782679981e+01 2.412585762828111058e+01 1.703772535046832459e+01 1.996407832048294040e+01 1.157736681262128009e+01 2.126561206627019018e+01 1.714486202302856910e+01 2.774209341264247897e+01 3.785225743137812060e+01 3.599156511195045027e+01 3.174138025032908317e+01 3.894456609322951124e+01 4.236285367393002588e+01 3.231384817666083364e+01 2.654778886438760210e+01 2.171310308392018840e+01 1.939444415233176500e+01 1.785911013187259044e+01 2.469892968674054146e+01 3.467842362083166563e+01 3.510037488623733282e+01 3.354599058660328836e+01 2.403676012774193538e+01 2.879852062081969066e+01 2.475658878299972088e+01 1.513823186999672288e+01 1.513823186999672288e+01 2.475658878300086130e+01 2.850586989861863785e+01 2.277122055585419247e+01 2.942006945862202727e+01
