output/example_1/elevation_000471.asc
nrows	75
cellsize	13.33333333
xllcorner	0
ncols	75
yllcorner	0
NODATA_value	-9999
[rows 34 to 50 of 75, columns 0 to 36 of 75]
4.159999999999999636e-03 1.605441538050872419e+00 1.160544142717809812e+01 1.145095280051334896e+01 1.756730485203083347e+01 1.389182825524307674e+01 2.096290837651202565e+01 2.917220452306720446e+01 2.733706301603355016e+01 3.733764783516909347e+01 3.732402322808690087e+01 3.585324490142176757e+01 2.885714501451736780e+01 2.833773901496770264e+01 3.661892504707459750e+01 4.083073680150955198e+01 3.140862189605596910e+01 2.472016393056474470e+01 2.957791902013877916e+01 2.300638789644373716e+01 3.127136751526235514e+01 2.732769329404651160e+01 2.065175104208357126e+01 3.025609774910866889e+01 3.382338783503779212e+01 3.672314861618799853e+01 2.864607758931432002e+01 2.148697870889886019e+01 2.173168112961813847e+01 2.671857230150313356e+01 2.014542574620687887e+01 2.987582708600430337e+01 3.338828808187138009e+01 4.283546032574022888e+01 3.975650538023145231e+01 2.983565197493341614e+01 2.409725498400031185e+01
3.329999999999999627e-04 1.000033299999996217e+01 3.962464142006032919e+00 5.677449993431124220e+00 7.567272358477263872e+00 1.756730497559784965e+01 2.382689148373980714e+01 1.917203951395799777e+01 2.917220452306720446e+01 3.745725442560697616e+01 3.336184066228793199e+01 3.088861016712275998e+01 2.181113735447333823e+01 2.258257752571475763e+01 3.252390330146147335e+01 3.716540869058540153e+01 3.806430006472930927e+01 2.957791902015294028e+01 1.990360273766939514e+01 1.990360273766939514e+01 2.681269698825503056e+01 1.755699694640013320e+01 2.732769256897723054e+01 2.931619509267521906e+01 2.199843174996976103e+01 3.004600212494773714e+01 2.745248180805808502e+01 1.778032217888173960e+01 1.762943208031052222e+01 1.685685172292896183e+01 2.671856976103765646e+01 3.111499530260337210e+01 3.450756034748486911e+01 3.842248329463676271e+01 4.315535006392508421e+01 3.815085510453044293e+01 2.860463169457642607e+01
1.129999999999999928e-03 1.000112999999996255e+01 1.396246414366198785e+01 1.274846269966466927e+01 1.756722711444618312e+01 1.081170078110321064e+01 1.382681422699624818e+01 2.382689148373980714e+01 3.331484604218000811e+01 3.336184066228793199e+01 2.342723013938900323e+01 2.633701019293789969e+01 1.681405851762280790e+01 2.678427572732199380e+01 2.724928590184325827e+01 2.724928590184325827e+01 3.510690732368708922e+01 3.351069491223000085e+01 2.957791902015109287e+01 2.681269698826938352e+01 1.700260326250732490e+01 1.548978862553292224e+01 2.266545415208937442e+01 2.407664885284321699e+01 1.509089558330825831e+01 2.494615591954961076e+01 2.442509780163051403e+01 1.458019913009967539e+01 1.371721046499833463e+01 1.618588161436539608e+01 1.874425857410156482e+01 2.142470697287136261e+01 2.491214832383223055e+01 2.976836976846479388e+01 3.924715090098268888e+01 3.855562370579691134e+01 2.859884068218218545e+01
3.329999999999999627e-04 7.071400811865485636e+00 1.707140081186555136e+01 2.274415011915619189e+01 2.081173963989355258e+01 1.081170078110321064e+01 2.081175487751087871e+01 2.796936762586910419e+01 3.623679311661328484e+01 3.336184066002562787e+01 2.342723013938878651e+01 1.636743895869773269e+01 1.404074336852174731e+01 2.299959756322800786e+01 1.728288770740178748e+01 2.106049485318841619e+01 2.681971137258172888e+01 3.673345274383670045e+01 3.362125252767756933e+01 2.399250094367605968e+01 2.433987785064445575e+01 1.436620403610577412e+01 1.257249808097906829e+01 2.087966676679554467e+01 1.069840863862191505e+01 2.088476419487041014e+01 2.042137740222571551e+01 1.155474036450305597e+01 2.165896552832543875e+01 2.603550044493549365e+01 2.852513330110538448e+01 3.111499596159843151e+01 2.937016649917943667e+01 3.842248329463676271e+01 4.315907996309105954e+01 4.029804213235025401e+01 3.095378704339134046e+01
4.329999999999999539e-04 5.773935691896265432e+00 1.284500350376176314e+01 2.284500350376183064e+01 2.495416524347923826e+01 1.788277249861153351e+01 2.495416524348175003e+01 3.330786824646872191e+01 2.623681576628516510e+01 3.330786824675136870e+01 2.839453537679726480e+01 1.843520392175895850e+01 1.136839991707334541e+01 1.301971151615748568e+01 2.299960026775107380e+01 3.100975147750028071e+01 3.510690732368708922e+01 4.082422680964151596e+01 3.754132962898117398e+01 3.362125252767756933e+01 2.830654399311810465e+01 2.433704549380101412e+01 2.087966676679554467e+01 1.069840863862191505e+01 1.929112362922831636e+01 1.883665163460252145e+01 1.023709483541858134e+01 1.023709483541858134e+01 1.314273406398142008e+01 2.309181969251570976e+01 3.088023099838610364e+01 3.532205601853659971e+01 3.887859675774385693e+01 4.279443294954263166e+01 4.314062500555739632e+01 3.333077529898010027e+01 2.638175496110210005e+01
5.329999999999999452e-04 1.000053299999996348e+01 1.802177344577754425e+01 2.216390906950846684e+01 2.716390906950844908e+01 2.788294386060149321e+01 2.814453046922615442e+01 2.883574482153120044e+01 1.916577224913781663e+01 2.883574482225477809e+01 2.770199306223616276e+01 1.935545941185638341e+01 9.369187775994699763e+00 1.935545914915086385e+01 2.711057145746645602e+01 2.816550462900471885e+01 3.234274962997988467e+01 3.702982892759595046e+01 3.277243612240250314e+01 2.860002172165171430e+01 2.786499500850672106e+01 1.798710325708977820e+01 1.069840863862191505e+01 1.929112362922831636e+01 9.100397861710618486e+00 8.653819845636114394e+00 1.883665147867752054e+01 1.023709483541858134e+01 2.041039717061654457e+01 1.755533551338999487e+01 2.253124920508782125e+01 2.912316398225984670e+01 3.783909030602080037e+01 4.075291322965266261e+01 4.363034994891113172e+01 4.029804213235025401e+01 3.620400972933803274e+01
3.709999999999999756e-03 1.000370999999996258e+01 8.021773445777615308e+00 1.302177344577759754e+01 2.302177344577752649e+01 2.814453046922615442e+01 1.814456656211730134e+01 1.997959412967111348e+01 1.469366192139772309e+01 2.469361919719982978e+01 2.359212440245928732e+01 1.361627870924349182e+01 7.845869960117715536e+00 1.783256752850113713e+01 2.109209764667222942e+01 1.816219654240560288e+01 2.816550462900471885e+01 3.137471159493934891e+01 2.278061981059531860e+01 1.852052194202765278e+01 2.695411653441963296e+01 2.491667351406353959e+01 1.798720466893598058e+01 2.329478857841124650e+01 1.768137107251185824e+01 7.552885576400298007e+00 1.774833601512111869e+01 2.042173698739891563e+01 2.444229709910018400e+01 2.446060538130639017e+01 2.530391532037134183e+01 3.407131076962319582e+01 3.785708046456529274e+01 3.088563612040288575e+01 3.377565898154799839e+01 3.826072335073780550e+01 3.404938279231928533e+01
6.660000000000000121e-03 3.021773445777633516e+00 1.302177344577766505e+01 2.216390906950846684e+01 2.716390906950844908e+01 2.705063522842432278e+01 1.705067300646997097e+01 9.979651898507137631e+00 1.991976625925785171e+01 2.406188883702677117e+01 2.485592092867947400e+01 1.639111187488574117e+01 6.405338982164643369e+00 1.608786601669708460e+01 1.109526206464139797e+01 1.816219654240560288e+01 2.816550462900640284e+01 2.720589074857448608e+01 1.716363669216204357e+01 1.279503800733673913e+01 1.900642464693745737e+01 2.905633865268029936e+01 2.787270435550757242e+01 2.413113478096357412e+01 1.403628332698319348e+01 6.756974151318856592e+00 1.066010939581220462e+01 1.790017277338872503e+01 2.778010573380793957e+01 3.341235020582977455e+01 3.420576295292118374e+01 3.255084946308151927e+01 2.845307586211289319e+01 2.381798861791275357e+01 3.377565094977753546e+01 3.318596684624472459e+01 2.390893825572483777e+01
1.030000000000000013e-02 1.001029999999996356e+01 1.716390906950848461e+01 2.310687358880559117e+01 1.896475164981501749e+01 2.310687358880559117e+01 1.747960857188231998e+01 7.479670885877834685e+00 9.919822451345044811e+00 1.828841441385257127e+01 2.074123826325269349e+01 1.076072980294766701e+01 4.994830539061238639e+00 6.100887594135358860e+00 1.609342209999338280e+01 2.135493856129875212e+01 2.369087317276571270e+01 2.437952183550822127e+01 1.900642464670615084e+01 9.042671661854019050e+00 1.900642464670566412e+01 2.634428139808687064e+01 2.940024400621810230e+01 1.958858591087101786e+01 1.622505909634526944e+01 5.967629987546621884e+00 1.622548932143800471e+01 1.790006013024919440e+01 2.494292944793261668e+01 3.460188877439159683e+01 3.293036103507874657e+01 2.845307586211289319e+01 1.833892322245169026e+01 2.845306549348229908e+01 3.467590847165230628e+01 2.897907375286171927e+01 1.877648536786731270e+01
1.349999999999999985e-02 7.084567811865484899e+00 1.708456781186555062e+01 1.810689837061685736e+01 8.964808058621853704e+00 1.810689837061685736e+01 1.725618609044608576e+01 1.414629600987953495e+01 4.146356197969910617e+00 1.414629600987931113e+01 1.725618662377992862e+01 1.900091939481969305e+01 1.304726374213363194e+01 3.092740819786587991e+00 1.138021219619949242e+01 1.108107718711543654e+01 1.133786536197513151e+01 1.243194010069782252e+01 1.379398868825768432e+01 6.454238817520256077e+00 1.220805562227469210e+01 2.218355099219829896e+01 2.657684928398559521e+01 1.669557933528662019e+01 9.452474684747295797e+00 5.182621585447773960e+00 1.542551865153991564e+01 2.434256135296896062e+01 3.175107356328667407e+01 3.346268272132068233e+01 2.581546090968185325e+01 1.870056078428487112e+01 1.530312268392802011e+01 2.553334680416885050e+01 2.446835114394099620e+01 2.537552554186101261e+01 1.506305833339634503e+01
1.339999999999999872e-02 1.001339999999996344e+01 1.018515609474929740e+01 1.018515622808262933e+01 3.964836042805767846e+00 1.018515649474929674e+01 7.256240324831948918e+00 1.018515676141596238e+01 2.146360050528961061e+00 1.018515702808262979e+01 7.256240858165282859e+00 1.018515729474929721e+01 1.018515742808262914e+01 1.013484708313590055e+01 1.380184139832744350e+00 1.021955903690224332e+01 6.601986036217499798e-01 1.152577901109688385e+00 3.218073506941091733e+00 1.171070937798575962e+01 1.380862127606038392e+01 2.165592165815997916e+01 2.622987529583617317e+01 2.350351991564744836e+01 1.468853070686760276e+01 4.419441733136656225e+00 1.044593163177626138e+01 2.053288042580354045e+01 2.450899430211823216e+01 2.247542718716972843e+01 2.166669657424156625e+01 1.135455853952755412e+01 1.832099521725972480e+01 2.249711836745226279e+01 1.717730220825401588e+01 1.906395387883122439e+01 1.216068086501490697e+01
1.369999999999999864e-02 1.851985851425031471e-01 1.851985851425031471e-01 1.851985851425031471e-01 1.851985851425031471e-01 1.851985851425031471e-01 1.851985851425031471e-01 1.851985851425031471e-01 1.851985851425031471e-01 1.851985851425031471e-01 1.851985851425031471e-01 1.851985851425031471e-01 1.851985851425031471e-01 1.851985851425031471e-01 1.851985851425031471e-01 1.851985851425031471e-01 3.643905268258542662e-01 5.449912072729689028e-01 9.249190063274701501e+00 1.380966458337899461e+01 1.488225521173512433e+01 1.397524845712144703e+01 2.114560512461610386e+01 1.995731092043594401e+01 1.400041016043060260e+01 3.664191567502836033e+00 1.293434374929740471e+01 1.682700074265558143e+01 1.203616342320465549e+01 1.343379787504629519e+01 2.243176356535402860e+01 1.832099521725972480e+01 8.079091037290776711e+00 1.831340831740796915e+01 1.614901859450336019e+01 8.757194283809756286e+00 1.906395420464089696e+01
1.290000000000000001e-02 1.001289999999996283e+01 1.851985851425031471e-01 1.851985851425031471e-01 1.851985851425031471e-01 1.851985851425031471e-01 1.851985851425031471e-01 1.851985851425031471e-01 1.851985851425031471e-01 1.851985851425031471e-01 1.851985851425031471e-01 1.851985851425031471e-01 1.851985851425031471e-01 1.851985851425031471e-01 1.851985851425031471e-01 9.732898268472171210e+00 4.808874712116217864e+00 7.171258983972526480e+00 7.965425700634567452e-01 9.602273399042434932e+00 6.369023372286424234e+00 7.089700133241634283e+00 1.402464995457354746e+01 1.071684733787274801e+01 1.552226816568146361e+01 1.290439246929567751e+01 2.648023938709519243e+00 2.659502425262108893e+00 4.415646806683068526e+00 1.222627472402801807e+01 1.130471278864577300e+01 1.618008730751089530e+01 6.056382176613941404e+00 1.335338018128183535e+01 5.929082489881118967e+00 1.614901807015495194e+01 2.330636507261147017e+01
1.349999999999999985e-02 1.001349999999996321e+01 1.018515609474929740e+01 7.256239924831949573e+00 7.256240058165282392e+00 1.018515649474929674e+01 3.071947043897946372e+00 1.018515676141596238e+01 7.256240591498615444e+00 1.018515702808262979e+01 1.018515716141596350e+01 2.146360450528960850e+00 1.018515742808262914e+01 1.018420483782011310e+01 1.018167147351602964e+01 1.932054651771950793e+00 1.085251026823079279e+01 9.455379589017180564e+00 1.052044963257874777e+01 1.051481256268532505e+00 1.051481256268532505e+00 1.051481256268532505e+00 9.519278879640770796e+00 5.155666642123994059e+00 7.237484934308612949e+00 1.877828769005393861e+00 1.046578749188930679e+01 2.601335789093285111e+00 4.739871409546533521e+00 1.908335330221045067e+00 1.908335330221045067e+00 1.262474252194959945e+01 1.211228778423363295e+01 3.249992750678343256e+00 1.226620882464070483e+01 1.654715137877904141e+01 1.746946952206011261e+01
1.319999999999999993e-02 9.917138657276884928e+00 1.682933609854899615e+01 1.725618569044608819e+01 1.725618582377942190e+01 1.608698711649727642e+01 6.087048300555759184e+00 1.608698711649727642e+01 1.725618635711275317e+01 1.509512954583698807e+01 5.095190670767227203e+00 1.214630844749761351e+01 1.628842576413884302e+01 1.282334565093168521e+01 3.593142611772166983e+00 1.110902284402815354e+01 1.515360755221192512e+01 1.762884806260180426e+01 1.499184439663129531e+01 5.409714586888841659e+00 1.064371012007878115e+01 1.051481256268532505e+00 1.051481256268532505e+00 1.236191466142620321e+00 1.236191466142620321e+00 1.432999653996579026e+00 1.432999653996579026e+00 1.616247259092448374e+00 1.616247259092448374e+00 9.809803609430749916e+00 1.908335330221045067e+00 1.908335330221045067e+00 1.908335330221045067e+00 1.908335330221045067e+00 1.908335330221045067e+00 1.226462257496635289e+01 7.063779094391938074e+00
1.359999999999999924e-02 2.686192062866322061e+00 1.249237469385477262e+01 2.000199392877281213e+01 2.404999208629050145e+01 1.962250073921926230e+01 9.622558108802696353e+00 1.962250073921926230e+01 1.863064229100409719e+01 8.630702142687590950e+00 1.009515749186574496e+01 1.923724870968491629e+01 1.992940727108002008e+01 9.913473297326817146e+00 1.282136375860402033e+01 5.215536989408102286e+00 1.044189876131404660e+01 2.050470827688808839e+01 1.591898298454150051e+01 1.272285348238835034e+01 1.200479644560696180e+01 1.761128438909846272e+00 1.102048103726911599e+01 1.048279373466167286e+01 1.236191466142620321e+00 9.211209690232402991e+00 1.142193413449739126e+01 7.518072895065189165e+00 1.152919635151998357e+01 1.102373182228988391e+01 1.145376898088054851e+01 3.674698242814619320e+00 1.207819649759148461e+01 1.908335330221045067e+00 1.224500187741719870e+01 1.908335330221045067e+00 1.908335330221045067e+00
1.299999999999999940e-02 9.665112938148528343e+00 6.946294648597354460e+00 1.026895122230679291e+01 2.003694011330691183e+01 2.376462339344584862e+01 1.539602101266895140e+01 2.376462339344584507e+01 2.130324043946161794e+01 1.130329383540714439e+01 2.009510159980823829e+01 2.009510159980823829e+01 2.420383489532694554e+01 1.988748031611041966e+01 1.609581646570931213e+01 6.391275037854219576e+00 1.611307835431324520e+01 2.475148164333003464e+01 2.676579209562243378e+01 2.357271341519860997e+01 1.654665634154095244e+01 1.155222133869189349e+01 2.733656297875651564e+00 1.249977194055027674e+01 8.885353393797288390e+00 8.280361475782081371e+00 1.409781169260783606e+01 1.765038349085662972e+01 2.055772801719405152e+01 1.550739397121676966e+01 6.427149447938511173e+00 1.317533115746226535e+01 1.380297775506315183e+01 3.032118201282163472e+00 1.386028519059850339e+01 1.226662382606460433e+01 1.908335330221045067e+00
