output/example_1/elevation_000257.asc
nrows	75
cellsize	13.33333333
xllcorner	0
ncols	75
yllcorner	0
NODATA_value	-9999
[rows 34 to 50 of 75, columns 37 to 73 of 75]
1.548373995911677348e+01 2.612769435410875118e+01 3.351147643474261884e+01 3.937199345872772938e+01 3.418186590682254433e+01 2.500133605063577136e+01 3.418186587702768264e+01 2.483778728578909423e+01 1.503129623537398274e+01 1.503129623537398274e+01 1.620411850201323745e+01 2.716801210913797249e+01 2.829636996680827821e+01 2.941837160027685982e+01 3.696761213234430699e+01 4.038426845870002779e+01 4.459460627648022779e+01 4.982399684073805446e+01 4.747483963817089148e+01 3.786503781086215525e+01 3.263415212203905469e+01 2.943420531488903436e+01 3.509780363456273022e+01 2.995467808204400839e+01 3.671473707203163173e+01 3.482578138863777184e+01 3.017618778874997432e+01 2.268952668695947850e+01 1.253707426412430870e+01 2.324526113299419094e+01 1.573497108541045542e+01 1.779957490710218337e+01 1.988952836370314259e+01 2.269840016396018356e+01 3.277881593426660345e+01 3.236417524580173222e+01 3.941329076700004919e+01
2.399476030869015020e+01 3.013456500555913564e+01 3.032407510267952588e+01 3.480903803640508443e+01 3.002541060291929398e+01 2.008297207247695226e+01 2.505727716625612089e+01 2.344363532344914702e+01 1.503129623537398274e+01 1.724843176889587681e+01 2.599092802960553428e+01 3.143645048692311406e+01 3.852948033092844327e+01 3.963729289646675369e+01 4.380699137791048514e+01 4.737735384483811885e+01 4.307292867291661054e+01 4.737735303572640078e+01 5.061705909295125139e+01 4.239687025850513891e+01 4.209577914381659269e+01 3.896647553005666964e+01 4.288319203312570949e+01 3.952468746415397760e+01 4.077717571259584872e+01 3.216035094352752566e+01 2.717985730496407371e+01 1.645961344069213794e+01 1.253707426412430870e+01 1.398319859583853209e+01 2.501943998881880304e+01 2.548577272085110579e+01 3.012280743799964355e+01 2.346204059331827452e+01 3.055478322296015747e+01 4.045631044789264052e+01 4.231596612236357657e+01
2.165922659124090544e+01 2.481995854882541863e+01 2.033586767428569431e+01 2.854138183500012715e+01 3.107014277193923135e+01 2.503806062508591879e+01 1.522611238815404811e+01 1.363941247182146732e+01 2.344363532140639705e+01 2.615980597259702733e+01 2.040211627075101930e+01 2.987561975204954834e+01 3.811790814433005892e+01 3.811790814405102878e+01 4.819874747019026984e+01 4.223376571790279144e+01 3.282909264303971497e+01 4.223376571792729806e+01 4.327674619398590039e+01 4.728654828528762266e+01 4.540812577105559456e+01 4.046632706560704662e+01 3.637531483412228539e+01 3.299282578069355765e+01 3.684793099655070847e+01 3.208549371354990853e+01 2.339225278979858302e+01 2.257110995099079176e+01 1.224788834380646740e+01 2.164183174881452842e+01 2.902116154609501208e+01 3.550352070675860006e+01 3.751455284430027604e+01 3.344892993627920674e+01 2.742533165125477623e+01 3.734613108976177642e+01 4.583622762084522151e+01
1.207096386831129742e+01 2.051654466747233485e+01 1.565186717783147152e+01 2.354035191825931506e+01 2.491622112166553293e+01 1.789364288581299434e+01 1.225336892041694270e+01 2.209025361821024802e+01 2.161694544023825060e+01 3.157147321894195713e+01 2.987561975204954834e+01 2.439681345996108064e+01 2.803801634164175027e+01 3.811790814433005892e+01 4.474748516301819024e+01 3.795101065431261134e+01 2.789343890165011430e+01 3.795101065431265397e+01 3.231111098952059990e+01 4.111652712361484419e+01 4.133024178474396848e+01 3.141312799583614890e+01 2.644125632007006033e+01 2.302608346986955112e+01 2.893091561104924736e+01 3.262738344531024381e+01 2.754679520852628016e+01 1.882970465660701720e+01 1.196495275748396558e+01 1.338390442855843254e+01 3.036927146800788080e+01 3.629726617449915693e+01 3.684225925177783267e+01 4.091771199425210881e+01 3.734613108976177642e+01 3.187860590895164847e+01 3.759988765183842219e+01
2.050619848677725798e+01 1.085621287069721497e+01 1.390787988964927280e+01 1.416053492188194696e+01 1.965056887389779305e+01 1.090862863885728551e+01 2.080931311688445362e+01 2.320017252666596619e+01 2.760009805715894160e+01 3.573039160573625850e+01 3.847435050625750108e+01 3.430806715117612526e+01 3.811790814433005892e+01 4.228092899831598572e+01 4.045593374370171347e+01 3.031053397602961752e+01 2.457134520579928605e+01 3.066553205369972090e+01 2.643259033880034892e+01 3.669310534036070237e+01 4.540812577105559456e+01 4.036767604796492748e+01 3.594513049987217812e+01 2.893091509016170804e+01 1.871397559728791293e+01 2.542245348740891231e+01 2.732071808645442701e+01 2.161068309659366804e+01 1.166961180856326230e+01 2.186191275575215087e+01 2.171018708000338293e+01 2.838645800528162866e+01 2.644140031307163952e+01 3.568575250863010950e+01 4.040713608832506765e+01 4.176945187821014827e+01 3.888310932253627072e+01
2.117849980906758489e+01 1.236306241635499781e+01 9.621344192095595105e+00 1.849761753041758539e+01 9.665374044507833773e+00 1.965047839527353446e+01 1.090862863885728551e+01 1.312737519030518918e+01 2.320237410219780827e+01 2.979538161327579360e+01 3.339822619269695991e+01 3.789560582619265006e+01 4.338849409693084169e+01 4.036447470988348840e+01 3.612429552061560400e+01 3.780425506697904581e+01 2.770850119836988412e+01 2.054979904173364602e+01 2.641146626459515190e+01 3.347772836200423541e+01 4.368645439513687023e+01 3.792389250420116298e+01 3.327158391899071432e+01 3.301969373821138021e+01 2.542532709745740505e+01 1.513402542893540570e+01 2.211380670581504049e+01 1.917272205846670019e+01 1.135440431352936841e+01 1.135440431352936841e+01 1.497405271963424589e+01 1.758193470098237299e+01 2.078550663501554041e+01 2.565951822715995334e+01 3.179899224145038161e+01 4.216681862086652899e+01 4.873769922177265101e+01
1.626373175273803895e+01 2.081176948379385649e+01 1.773839060700325021e+01 8.399677643867869747e+00 1.849436213373660109e+01 2.376294935657785246e+01 2.100260587982709026e+01 2.320017366444560025e+01 1.658510143820749505e+01 1.928106965232016989e+01 2.258969245443345741e+01 2.785225991877611662e+01 3.894419246661780676e+01 3.612433913131929586e+01 2.605849226285209497e+01 2.900668719798567352e+01 2.594510972098611390e+01 1.849560651996628025e+01 2.867383801574353086e+01 3.448779472599066054e+01 3.872806246160985211e+01 3.144065378583766091e+01 2.298323005847134937e+01 2.832797188094381369e+01 2.938169226614022378e+01 2.230490525760363241e+01 1.222598079754776990e+01 1.083206786672698918e+01 1.215432405459030463e+01 2.333764737877618600e+01 2.590943690266554356e+01 2.390152961011509447e+01 3.147562387876537926e+01 2.841376945961646783e+01 3.886759083912155432e+01 4.634587686916440674e+01 4.937472091678550612e+01
2.634224851808692236e+01 2.271055085497127024e+01 1.399057389897298975e+01 7.757481258809201030e+00 1.788342782390879293e+01 2.371887118108867654e+01 2.797353536963734300e+01 3.127178420944458992e+01 2.682148069629302967e+01 2.655451852008005176e+01 3.339822619269695991e+01 3.789560582619314033e+01 4.338849409693084169e+01 3.612426211047157665e+01 2.605849210842813690e+01 1.885259430413237070e+01 1.571663716164487923e+01 2.368132216066477369e+01 2.687479697250574162e+01 2.408147247626446941e+01 3.399330339911499266e+01 2.715114506838392927e+01 1.753592048457718988e+01 1.874834373674787713e+01 2.523424066350353812e+01 2.277588533277367944e+01 1.017965481641900283e+01 1.281960554249752349e+01 2.084570827886734889e+01 2.306095859783410873e+01 3.331615235775110051e+01 3.445295864839637545e+01 3.868232151954421738e+01 3.886758970787144563e+01 4.307314000998665904e+01 4.436430654080903224e+01 3.904347000842572157e+01
3.062550287570160634e+01 2.031949448292603577e+01 1.734611162407897567e+01 7.113371360434429747e+00 1.067525949589443357e+01 1.413073485727690759e+01 1.955675915247065078e+01 2.653526569032661087e+01 3.678584661562800306e+01 3.742572082413845180e+01 3.832751915992444225e+01 3.421263081992763233e+01 3.832751915992528069e+01 3.911430534589745633e+01 2.900668788416250266e+01 2.900668719798515127e+01 2.368133314145588386e+01 1.342071711750765495e+01 1.705254415097324383e+01 2.376220440385228727e+01 3.095897131887599940e+01 2.391197296886314660e+01 1.853934314463217703e+01 1.252974653037983011e+01 2.078245866040120760e+01 9.753632953954733509e+00 9.753632953954733509e+00 2.009559800478457348e+01 1.281960554249752349e+01 3.080433500695158955e+01 3.695578408018572958e+01 3.873595434564177253e+01 3.449933825845727853e+01 3.747972040476014399e+01 3.437358707929030288e+01 3.437115612498449480e+01 3.330085782104573866e+01
2.973266065208788334e+01 1.917812787769132399e+01 1.032562644055425594e+01 6.485518703813782260e+00 1.675563180372339289e+01 2.368414042262733332e+01 2.797353328416595986e+01 3.250775517065700626e+01 3.663928810797431623e+01 3.585333189082113847e+01 3.170452073275787441e+01 2.386778044653756226e+01 3.281101060344860798e+01 3.695231738801265209e+01 3.470010262585842042e+01 2.430653612307298772e+01 1.704356063086781603e+01 1.177484245065666357e+01 1.877369143661864470e+01 2.358989363012993223e+01 2.298627776555526481e+01 1.759297046695333933e+01 8.953399202091862463e+00 1.177981208052601225e+01 1.684099113216732135e+01 9.753632953954733509e+00 1.095344826801447624e+01 2.048064787397180808e+01 2.609319279934668856e+01 3.057406262640350647e+01 3.472321475037728788e+01 3.310230891305512557e+01 2.516826743705850333e+01 2.797779796377458439e+01 2.517212094338967532e+01 2.796582448120647868e+01 3.460091850762344023e+01
2.362371865710480634e+01 1.755417260638295218e+01 1.621740863515917397e+01 5.881744165205973651e+00 1.327941518397434173e+01 2.302572040034169376e+01 2.552483369004987779e+01 2.263241291926787113e+01 3.250775517219595656e+01 3.170452073275764704e+01 2.122394706836751865e+01 1.842655332692434911e+01 2.237939976947675902e+01 2.787755633676777833e+01 3.207604205477421999e+01 3.157710695491180175e+01 2.638480811237304380e+01 2.015621156984006745e+01 9.630598191689760057e+00 1.828869168519131705e+01 1.545045631127928587e+01 8.450154371799312614e+00 1.683854397255869273e+01 8.953399202091862463e+00 9.274727159821441802e+00 1.641836129347088757e+01 1.938386377539920957e+01 1.222790732857785301e+01 2.198782410228075790e+01 2.075177501787149836e+01 2.620927018579969925e+01 2.698742637877931116e+01 2.006239827352961669e+01 2.188774642540700199e+01 2.440426871184218172e+01 2.697379035004975734e+01 3.345346855500775263e+01
2.791418636530983832e+01 2.211669931627697494e+01 1.301111127376067245e+01 5.881744165205973651e+00 1.594574976823489010e+01 2.066975890547640660e+01 1.581903190946675508e+01 2.263241291878019723e+01 3.250775409337163779e+01 3.170452073275208704e+01 2.122394706836751865e+01 1.321497370404162552e+01 2.024828051754723290e+01 1.708813100700264442e+01 2.787755633482650452e+01 2.483417457606774192e+01 2.245006457106036279e+01 2.337643876813804411e+01 1.799870764226198006e+01 7.443540189245446470e+00 7.873595358055356819e+00 1.249341995396642169e+01 1.888408276959777510e+01 1.916995115716002118e+01 1.440048081719809225e+01 2.170198261096879122e+01 1.946715084641992277e+01 2.196518053266141735e+01 1.357737327206776889e+01 1.474937620149974116e+01 1.613997836259682472e+01 1.779444814285208665e+01 2.366916161190129841e+01 2.323860932692082670e+01 3.232563130913271010e+01 3.641181357791827367e+01 3.216644722308787152e+01
2.301562516476954556e+01 2.233408116930882414e+01 1.258348438351186793e+01 5.301597557387840887e+00 1.544407147317222773e+01 1.097440600709327896e+01 1.581903190946671955e+01 2.263241291927866428e+01 3.250775637764998294e+01 3.386255835773784639e+01 2.343276933960371977e+01 1.541224073130086225e+01 8.132982061298534404e+00 2.024635268070020189e+01 2.007184834506800897e+01 1.501668397601817162e+01 9.972653004186478043e+00 1.697756357847677577e+01 6.837274545446184071e+00 6.837274545446184071e+00 1.274097756512414925e+01 1.899020787896888507e+01 2.187427676065445681e+01 2.476001469450882908e+01 2.458723337898636174e+01 2.626902502239825310e+01 2.545293037253881963e+01 2.728969401616022949e+01 1.774242295818572401e+01 2.002828030118076441e+01 2.175012873798457846e+01 2.044642405373319960e+01 2.811654063407825888e+01 2.537023034186278281e+01 3.113448591454540804e+01 4.131029528882388746e+01 3.783855381253917471e+01
1.624702160499755621e+01 1.823561244384397284e+01 1.416037853169505922e+01 4.729969678054329663e+00 7.175861305457683414e+00 1.713304031199490751e+01 2.475084946952528497e+01 2.963584065312853610e+01 3.110139643874229520e+01 2.681405304039740756e+01 2.742610934110702203e+01 1.514637683275976698e+01 5.376202757667559062e+00 1.572566391313637446e+01 5.609961448736429546e+00 5.788428705093155102e+00 6.021087976051021862e+00 6.338273538046818700e+00 1.043270138481997300e+01 1.477383321802846616e+01 8.259609126478885344e+00 1.495366062591014966e+01 2.193732542472231373e+01 2.880508285708600269e+01 2.953659948833743698e+01 3.266429831833355024e+01 3.383215884121051431e+01 3.156364590609129905e+01 2.266945641961284963e+01 2.943701927149670539e+01 2.961572207564744730e+01 2.318533698544600341e+01 3.070763489072584207e+01 3.113461039450369228e+01 3.113466054875062028e+01 4.096962783943671127e+01 4.818629718864709588e+01
6.183282951326057209e+00 1.362916466000079829e+01 3.927317310397874461e+00 1.363527945982128919e+01 1.711330206205897042e+01 1.709721596154111722e+01 2.674970761439412925e+01 2.992496578150587183e+01 2.588220857139247855e+01 1.433905259071080351e+01 1.905895910146564276e+01 1.712220974071584934e+01 1.499437708129554103e+01 5.376202757667559062e+00 1.088919563134766300e+01 1.319346821696741578e+01 1.097598561436323372e+01 9.108181804237078794e+00 1.467929201679288909e+01 1.877530417487783154e+01 1.465055585970268481e+01 8.961476075113932183e+00 1.914071551068834154e+01 1.897395140160069005e+01 1.868664942694963216e+01 3.036643756337538136e+01 3.345212493205212212e+01 3.642604744553336360e+01 3.225896604217243180e+01 3.645204837004494891e+01 3.435902164012144056e+01 2.606335596502234608e+01 3.435927531623610776e+01 4.096477717534359186e+01 4.096962631696928980e+01 4.523376143727793419e+01 4.713112787333334808e+01
1.363267444550409202e+01 3.345440688731858181e+00 3.345440688731858181e+00 3.345440688731858181e+00 1.076393936683431463e+01 2.093098639785377202e+01 2.687435778562836575e+01 1.968598473444302499e+01 2.177815427705923668e+01 1.157442293263774680e+01 4.675207817348979056e+00 1.468913269727593196e+01 5.088547920910533762e+00 1.355324709378421488e+01 8.912680792250217365e+00 1.354695687324312736e+01 1.708530397499131936e+01 1.236922245919935115e+01 2.117923917757934049e+01 2.193049540450520496e+01 1.199464709530744599e+01 9.399905354087712439e+00 1.867399575149984869e+01 1.310730509786118958e+01 2.104709584877418393e+01 2.951635526985498714e+01 2.421391464855788556e+01 2.998249400894939853e+01 3.310965741094016579e+01 3.827460885814538472e+01 3.883596009492998746e+01 3.473233028388258248e+01 3.883598996130427139e+01 4.467781069636557589e+01 4.060533610328718623e+01 4.018410141825508930e+01 3.730654884241688052e+01
1.550570773110649370e+01 1.294164141076165464e+01 3.345440688731858181e+00 1.356929597998904491e+01 1.348387284222953220e+01 2.308256699032500237e+01 2.214537069525136204e+01 1.253482212828963149e+01 1.751598775923503482e+01 1.214943719853786241e+01 1.433056552046260279e+01 4.675207817348979056e+00 1.467349025395458106e+01 1.161334848195726188e+01 1.141635300213199855e+01 1.961168782610218031e+01 2.287865755603876039e+01 2.132208986753557767e+01 1.868830265944960090e+01 2.575637102140965595e+01 2.184857176675825130e+01 1.869374607166784230e+01 9.964367821602605702e+00 1.358244253850659611e+01 1.719172263814344959e+01 2.326519918159803169e+01 1.803172672580650016e+01 2.117545247369059425e+01 2.399847969513293577e+01 3.372543203838848314e+01 4.063272075030379682e+01 3.628771607870854865e+01 4.063264709705843813e+01 3.897394058667578776e+01 3.070638980726475609e+01 3.028007542028331756e+01 4.018410141826188919e+01
