output/example_1/elevation_000132.asc
nrows	75
cellsize	13.33333333
xllcorner	0
ncols	75
yllcorner	0
NODATA_value	-9999
[rows 0 to 16 of 75, columns 0 to 36 of 75]
1.369999999999999864e-02 1.001369999999996274e+01 1.278046755379178023e+01 1.692585256229472179e+01 2.400296380999804668e+01 2.643018252038860894e+01 2.758882791534728440e+01 3.173411360551611438e+01 3.178536225779903646e+01 3.594356063751337160e+01 4.150362366814123050e+01 4.565761651122368647e+01 4.493958874120281166e+01 4.089847590347098816e+01 4.089847590347098816e+01 4.182402509980749272e+01 4.586110247385712313e+01 4.340821620775100342e+01 3.912722254691912127e+01 4.042138693035327890e+01 4.042138693035551711e+01 4.471890634720511315e+01 4.731350256865810167e+01 4.318043317604569609e+01 4.187868640790784269e+01 4.601523127606697017e+01 4.939575533055492684e+01 4.446163839329142320e+01 4.047172518283899478e+01 3.942829019625708753e+01 3.526789538931990364e+01 3.940329015416315173e+01 4.311935458364726514e+01 4.311935458364726514e+01 4.706167148350551344e+01 4.960564486916531024e+01 4.540162443620292265e+01
1.279999999999999888e-02 1.386405716022998558e+00 2.773157383966319944e+00 9.848506120772254846e+00 1.640629314627133439e+01 1.640629285971087725e+01 1.756465434643858003e+01 2.758882804539390321e+01 2.169153053311359969e+01 3.012519371175273974e+01 3.140981815532856913e+01 3.984097718955568013e+01 4.089847590347098816e+01 3.103642657567519691e+01 3.103642657567519691e+01 3.197038056762455227e+01 4.019056528726344624e+01 3.752942762907733254e+01 2.900818388429894412e+01 3.017571679811521079e+01 3.017571679811521079e+01 4.042138693035548158e+01 4.318043317604569609e+01 3.315823801566916984e+01 3.185874582615441852e+01 4.023587029216361799e+01 3.972983941072946124e+01 3.888738683736058022e+01 3.076978224640986781e+01 3.440683042803209446e+01 2.556087707489970029e+01 3.391501400356592200e+01 3.354706179583147474e+01 3.354706179583147474e+01 4.311935458364726514e+01 4.366871923906671071e+01 3.506320643457222985e+01
1.299999999999999940e-02 1.001299999999996260e+01 1.278046588910705950e+01 4.858381198150023117e+00 6.383546695910036206e+00 1.047153883292408061e+01 2.050066675411614625e+01 2.274527798644130172e+01 1.585603101677741300e+01 2.595768579439712553e+01 2.554171291055403614e+01 3.567596233817110374e+01 3.943058284586392404e+01 3.392495394739033543e+01 2.402003147033154917e+01 2.624155456587740431e+01 3.613503479451301104e+01 3.304468081131276591e+01 2.334741295573580189e+01 2.308861915816401833e+01 2.999969975295582714e+01 3.823441750081082802e+01 3.578743134270681026e+01 3.165507615373192607e+01 2.616867117967346346e+01 3.609367101576845727e+01 3.972983941072946124e+01 3.001670549399614174e+01 2.528894628183194726e+01 3.035642630143313170e+01 2.094284489163805674e+01 3.035705966015115820e+01 2.676758852324795868e+01 3.635072144187963517e+01 4.138643035267052994e+01 3.715309392685997381e+01 2.920434932663479444e+01
1.369999999999999864e-02 1.001369999999996274e+01 1.902224956706604786e+01 1.487389259332872804e+01 1.640629512793720224e+01 8.885265486998681794e+00 1.074497539833906679e+01 1.267485529794613619e+01 2.274527798683145718e+01 1.967576802235231170e+01 2.554171291055403614e+01 3.567596233817096163e+01 3.537220722022862418e+01 2.547386967581273609e+01 2.046634219488899120e+01 2.727443161871568478e+01 3.135894926804142813e+01 2.884077201553444425e+01 1.888850419309848760e+01 1.922150568386571123e+01 2.214172837928763471e+01 3.501249339550317785e+01 3.165507609831018243e+01 2.181475322125165306e+01 2.873764780372456684e+01 3.869837124357142244e+01 3.957719180486934363e+01 3.582303942679356368e+01 2.778742830862268676e+01 2.094284489163805674e+01 2.797341835109612518e+01 2.237608555388996123e+01 3.183389180285962894e+01 4.030436663966847988e+01 3.554615142716809828e+01 2.708072702878562765e+01 2.490055412752031927e+01
1.290000000000000001e-02 1.001289999999996283e+01 1.509498863555232440e+01 1.917747081170977452e+01 2.307967944048276365e+01 1.892498726402655862e+01 2.079919869047866143e+01 1.848952650949066978e+01 2.690633787069958771e+01 2.563283862757814546e+01 3.400332699243549683e+01 3.984097718868815008e+01 3.943058284585755047e+01 3.449613958304688310e+01 2.727445376413712452e+01 1.718824811171600331e+01 2.727445376413711742e+01 2.532211398281988579e+01 1.517977772500915634e+01 2.359645871565877684e+01 3.175346943358344021e+01 3.401873886134410441e+01 2.876713952170632993e+01 1.933448075549411982e+01 2.919499538327033505e+01 3.687545707488256141e+01 3.022424768337671352e+01 3.354972036085626286e+01 1.872589458640047866e+01 1.872589458640047866e+01 1.849853159980294848e+01 2.797341835108184682e+01 3.579688934804701717e+01 4.009600514287080131e+01 3.133781018687987086e+01 2.158490395083795121e+01 3.133781018682553920e+01
1.299999999999999940e-02 2.512999999999997680e+00 5.094988897471604439e+00 9.177471802110220622e+00 1.417747180210681890e+01 1.995097449338934936e+01 2.995096980796637354e+01 2.855874261706931705e+01 3.271307876093083422e+01 3.622356748596945408e+01 4.045796121486000629e+01 4.043237782740094133e+01 3.772003811971654130e+01 2.783621968689778470e+01 2.525714526673379012e+01 1.502861622893423466e+01 2.525716013546688998e+01 2.326224442065493037e+01 1.301011354748952975e+01 2.033195422456375212e+01 3.033659075376718661e+01 2.801295312828176165e+01 2.184835696299641228e+01 1.699100783866449760e+01 2.692021590323161107e+01 3.252842394897385958e+01 2.357745695854124790e+01 3.248665318531173796e+01 3.077014598441214943e+01 2.557435451092458578e+01 1.582909557615474583e+01 2.351731021514463293e+01 2.811855994843538653e+01 3.008431141490728322e+01 2.930418865770411685e+01 1.950126666436593226e+01 2.274132442643800900e+01
1.299999999999999940e-02 1.001299999999996260e+01 1.509498863555160675e+01 1.086849158935379833e+01 1.664199428092244659e+01 2.664199281553211307e+01 3.409299229646567397e+01 3.282162448161288637e+01 3.709561143502952518e+01 4.226220673037909847e+01 3.336969551018366786e+01 3.081069301612649625e+01 3.485224128520109588e+01 2.493131549114064072e+01 1.772739528613843873e+01 1.295460408784430406e+01 2.332202041967346773e+01 2.133355648052299358e+01 1.107574255473788050e+01 2.133356268697452052e+01 3.046933197412410976e+01 2.391219873967890663e+01 1.384138000749051933e+01 2.391219760394761806e+01 3.102878181525532852e+01 2.857634267573796194e+01 1.833493198625724929e+01 2.857569934003766576e+01 2.803514365360403460e+01 2.510602043824060914e+01 2.116951366199297269e+01 1.343474909864237610e+01 2.358138575384031199e+01 2.306177800717775384e+01 2.490304966603991943e+01 1.728115826875611560e+01 2.734170087487486356e+01
1.290000000000000001e-02 7.083967811865485409e+00 1.708396781186626256e+01 2.086849096967935324e+01 2.501060497337801181e+01 3.078409232237223847e+01 3.117379014880824428e+01 2.259017093583537772e+01 3.117379014880824428e+01 3.941216625577382615e+01 2.931216642879174117e+01 2.381490644738120821e+01 3.337494452641414711e+01 2.742220526778602263e+01 1.723082786953211354e+01 1.099770057482856345e+01 1.918110891751956970e+01 1.949873874617465930e+01 9.390021776305658818e+00 1.653242375402046704e+01 2.298123108289312810e+01 1.936853750357974846e+01 1.185058068657337671e+01 2.199979453765135062e+01 2.440803163731977676e+01 2.517773840947440434e+01 1.431899062825115720e+01 2.070845899033026072e+01 1.760096251629687458e+01 1.996100360894289594e+01 1.115519390198887884e+01 1.899590214002495614e+01 2.237000060487963538e+01 2.311604663264905213e+01 1.431172164200710561e+01 2.324470132767313402e+01 2.380075486500828319e+01
1.349999999999999985e-02 1.001349999999996321e+01 1.688266726600022594e+01 2.102480586691283548e+01 2.679831063120441925e+01 3.069783512407670045e+01 2.691449202275708785e+01 1.682182431173814052e+01 2.691449202275708785e+01 3.379287173720253890e+01 2.942802775532566173e+01 1.893062516013184293e+01 2.942802775532519277e+01 3.151095629542312437e+01 2.567611195060333884e+01 1.918110891751956970e+01 8.852715959396883605e+00 1.696928237005717932e+01 7.929376312960524587e+00 1.632104059302236010e+01 7.697778164913559706e+00 9.204088461086428197e+00 1.745255232004269885e+01 1.784301840686203988e+01 1.504905622214106309e+01 1.862182122775734783e+01 1.879047530400154287e+01 9.496784352371061999e+00 9.959470008650990636e+00 1.044000716499414594e+01 2.063963915951165973e+01 1.115519390198887884e+01 1.172608801252329336e+01 1.233219253692397110e+01 1.233219253692397110e+01 1.233219253692397110e+01 1.305988984838018041e+01
1.379999999999999977e-02 3.347133333333335514e+00 6.882667239266077708e+00 1.265616993116248956e+01 2.265616999441580504e+01 2.052007882820553419e+01 2.334619513339508501e+01 1.328729954722782125e+01 2.334619513339508501e+01 2.640584709692984333e+01 1.901882245665346360e+01 1.556277035374891149e+01 2.629013816537712600e+01 2.913311224860519744e+01 2.503595945834796055e+01 2.161777224055918367e+01 1.687343035291188542e+01 7.182298214810066028e+00 6.445367025598693900e+00 6.822127941577847743e+00 7.195433243005889601e+00 1.689339055706150106e+01 7.678606181826498123e+00 7.999652941772899872e+00 8.301726866686840012e+00 8.594038865730794896e+00 8.895142874777738129e+00 9.469863746665348359e+00 1.933319038958824265e+01 1.649370916653496977e+01 2.449125577335936654e+01 2.327188132490123351e+01 2.258945908792765067e+01 1.804634163764621846e+01 2.313971876329383903e+01 1.233219253692397110e+01 2.120963758798707488e+01
1.290000000000000001e-02 1.001289999999996283e+01 1.688266724468090274e+01 2.102480300785308032e+01 2.350107462924164992e+01 1.341208973623878897e+01 1.636708499595028954e+01 1.025234915760323773e+01 2.031332399959751811e+01 1.852446644801747411e+01 1.124057708649558229e+01 2.212398113277820499e+01 2.769783837634414070e+01 2.337525894017943173e+01 1.497663063310354659e+01 1.826816233386706401e+01 1.362918968015305765e+01 5.917408009943346592e+00 1.572022760444925638e+01 1.329600035169181105e+01 1.655032748108623508e+01 7.678606181826498123e+00 1.739705094315068123e+01 1.076780611515358999e+01 1.505758939110877392e+01 1.010109708781317650e+01 1.558907596006116059e+01 1.956500477086933998e+01 1.037472014505419260e+01 2.055176772311833489e+01 2.154853363476778227e+01 2.566912354517683426e+01 3.179447075598653072e+01 2.495499273322178269e+01 2.435669376105773765e+01 2.493533669425600863e+01 1.691547636713359992e+01
1.359999999999999924e-02 1.001359999999688810e+01 1.701566934551661703e+01 1.705400418693861653e+01 1.539793744330983216e+01 1.323089748134243315e+01 6.448116532357417441e+00 1.636708342298299712e+01 1.512715098618318521e+01 7.451948667657349645e+00 1.849321044319097851e+01 1.874378213729238141e+01 1.784322069620661111e+01 1.872665125566307864e+01 9.208844108797896055e+00 1.451988201407618284e+01 5.404306477297256883e+00 1.522719078699732975e+01 1.985303959948601005e+01 2.266042649497312667e+01 2.113043551381298712e+01 1.743570498333075847e+01 1.106943299475380371e+01 1.386200523335146073e+01 2.288403415985839473e+01 2.526754487936845806e+01 2.119188022858442721e+01 2.464073265524615408e+01 2.055176612647639445e+01 1.135272695288647782e+01 1.135272695288647782e+01 1.865086906632285846e+01 2.854412621455753296e+01 3.450419402014247083e+01 3.577870344916040324e+01 3.240806477802223640e+01 2.339481451173518778e+01
1.349999999999999985e-02 1.001349999779297484e+01 7.674538194607531949e+00 9.342321738842949586e+00 5.492133903053447064e+00 3.629875644412833946e+00 1.208953532799188579e+01 1.307621157586780214e+01 2.988072241489637904e+00 1.307817036143693201e+01 1.363058805529394313e+01 9.106298334190439547e+00 1.541230624319180897e+01 1.313722502316304563e+01 4.899420999465266213e+00 4.899420999465266213e+00 1.155195697681157618e+01 9.488761570935048795e+00 1.602379711186178568e+01 2.625805539256699817e+01 2.477598884996588424e+01 1.506036130362032743e+01 2.083109173115602886e+01 2.369520203483439502e+01 1.945750477801365719e+01 2.948308851945096976e+01 3.122614594371109220e+01 3.055733053365102236e+01 2.563922151343484757e+01 2.154391188886368624e+01 1.135272695288647782e+01 1.865086906464170724e+01 2.854412012460679904e+01 3.416189125793018633e+01 3.831499240229283032e+01 3.862660636926829483e+01 3.422765007180988306e+01
1.319999999999999993e-02 9.222050843052176816e+00 7.368960423624744127e-01 1.037316926425528196e+00 1.338145345223620719e+00 1.639656689801383571e+00 1.946226359543874240e+00 2.253229139467044728e+00 2.564077922827945777e+00 2.877275710592366309e+00 3.189615438013491566e+00 7.239819120209641135e+00 1.306956695503371613e+01 4.401832962299144114e+00 1.176996154837322450e+01 1.470518288446228539e+01 1.449942818635771857e+01 1.597851164546655944e+01 1.601848523376856903e+01 2.618179289982018432e+01 2.786516982106891049e+01 1.816745881378529504e+01 2.786516982106891049e+01 3.358479403570198940e+01 2.656564978215982720e+01 3.358479403570436261e+01 3.339655236342970568e+01 2.357348402575039259e+01 1.671924283596801075e+01 1.440418123347003743e+01 1.210044033027189947e+01 2.227345811790540253e+01 2.709858572957054434e+01 2.421815089410854682e+01 3.416189405734142781e+01 3.778105666368441717e+01 4.195758854056927589e+01
1.299999999999999940e-02 3.126107588559888795e-01 1.004958125424058046e+01 1.047976139891711789e+01 8.118069449372189439e+00 4.259182897332525641e+00 1.086570044369034882e+01 9.020878696267571328e+00 4.725049021886944978e+00 1.148427370371727640e+01 1.226075942500798810e+01 3.636285741543515915e+00 3.952674827864669727e+00 6.328550522197540218e+00 5.383143435460293169e+00 1.860306135385561888e+01 2.440918798626253405e+01 2.622802279285430416e+01 2.618179288878938848e+01 3.028677144464025872e+01 3.198044128717847201e+01 2.499099781597918479e+01 2.499099983041699602e+01 3.480426278307442800e+01 3.652854792346260382e+01 3.810066786609466050e+01 2.988611474262025069e+01 2.018388828672199153e+01 2.645058361872049701e+01 2.432433035183037973e+01 1.734920767574964628e+01 1.331211339589446041e+01 1.729095912370139132e+01 2.713060656278469551e+01 2.963418604290893299e+01 2.780321812329456321e+01 3.511444747547137979e+01
1.349999999999999985e-02 1.001349895468658069e+01 1.472583520022701720e+01 1.718521945984522503e+01 8.248847055369369130e+00 1.485783825561731497e+01 1.234078697854003259e+01 1.527470844400992434e+01 8.275004136450673897e+00 8.372685250179436878e+00 1.359059675447345228e+01 1.537414030707403612e+01 6.981578581935489858e+00 1.229929334714253564e+01 6.012551227850344127e+00 1.565789731208448998e+01 2.081969738976060214e+01 2.780961926075369561e+01 2.689566645267903056e+01 2.751788700481755257e+01 3.153476954898427920e+01 3.480403485634956695e+01 3.480437088994262496e+01 3.897263616016947907e+01 4.106433286757916790e+01 3.095235335744218474e+01 2.404764696974276106e+01 2.988611474262025069e+01 3.395701744943589517e+01 2.532327316999034039e+01 2.336510886994706127e+01 1.331211339589446041e+01 2.335989248619190306e+01 2.649394503611024376e+01 1.996274956596203864e+01 2.247828678158706239e+01 2.517307269170547102e+01
1.369999999999999864e-02 4.485835954999541464e+00 1.448583478627593024e+01 2.150967797182723729e+01 1.200924435381114286e+01 2.126050056807989463e+01 1.894137683548496298e+01 1.400389537221652780e+01 1.702028982749714459e+01 1.084924839099076621e+01 1.927169490330986434e+01 1.835428427840379939e+01 2.048240913730350599e+01 1.899144359053776654e+01 1.564238034473008376e+01 6.910403632068438995e+00 1.383092150586563385e+01 2.201206261306407086e+01 1.884555768782794516e+01 1.843242285533231595e+01 2.445466255592220506e+01 2.740699768596577357e+01 3.155755027110156519e+01 3.602063204281856912e+01 4.217514992409537911e+01 3.205742451626844058e+01 2.887145700917017876e+01 3.810269619603397473e+01 3.898865009390438274e+01 3.501879686682724468e+01 2.748575679598773647e+01 2.336422366197187017e+01 1.458666906677936481e+01 1.679408269920199714e+01 2.648564381084284491e+01 3.223693618847106990e+01 3.511444758110813780e+01
