output/example_1/elevation_000197.asc
nrows	75
cellsize	13.33333333
xllcorner	0
ncols	75
yllcorner	0
NODATA_value	-9999
[rows 0 to 16 of 75, columns 0 to 36 of 75]
1.369999999999999864e-02 5.017066386604971839e+00 1.213480984972581034e+01 2.231326643871530635e+01 2.875216595408348041e+01 2.811795753367524853e+01 3.098995107924250902e+01 3.162790615513749870e+01 3.455217374586937495e+01 3.524633567767698850e+01 3.395122776143961119e+01 3.808740734714724852e+01 4.385110390475534814e+01 4.801770525839248904e+01 4.521357459124846656e+01 4.521357459124846656e+01 4.918057460198716058e+01 4.653753899056773946e+01 4.255291180688169561e+01 4.255290706844772330e+01 4.255291180688173824e+01 4.653753899073490174e+01 5.053379696188642356e+01 4.655262302770094607e+01 4.655262302770094607e+01 4.745543742474816895e+01 5.143400732513226359e+01 4.966134870009459945e+01 4.559271940579334625e+01 4.559271940565948711e+01 4.662585721871787570e+01 4.587139845890472856e+01 4.587139845965914020e+01 4.994102502710109803e+01 5.020398235322379321e+01 4.595509599466882378e+01 4.376317215334209720e+01
1.279999999999999888e-02 1.001279999999996306e+01 1.914811038126668663e+01 1.896894717073076464e+01 1.885068345471708895e+01 1.825695142530688031e+01 2.114517091793521786e+01 2.164127662256457896e+01 2.456629269145734895e+01 2.526363509688562559e+01 2.396815913468532955e+01 2.973298830587486208e+01 3.971345001698684740e+01 3.836104700061505923e+01 3.552263713603887396e+01 3.552263713603887396e+01 4.521357459124846656e+01 4.255291191371766502e+01 3.278617476743331594e+01 3.278617476398235908e+01 3.278617476743331594e+01 4.255291191371766502e+01 4.655262302770094607e+01 3.689157578794193171e+01 3.689157578794193171e+01 3.781018303267716618e+01 4.587324820813914528e+01 4.559271940579334625e+01 3.585351051671776190e+01 3.585351051671775480e+01 3.688437927567525776e+01 3.613182615345726134e+01 3.613182615345726845e+01 4.587139845965914020e+01 4.605143708345972442e+01 3.671592246976639728e+01 3.493244602804484344e+01
1.299999999999999940e-02 1.001299999999996260e+01 1.263352191831795857e+01 9.045490440233935558e+00 1.532063356446635538e+01 1.121338216187876213e+01 1.824634631602931023e+01 1.457358022464753589e+01 2.372010066939673223e+01 1.819809091668523138e+01 2.818750040244447064e+01 3.471698494282409087e+01 3.970895618567577401e+01 3.836104700061505923e+01 2.847701789651758020e+01 3.836104700061505923e+01 4.180154445028761501e+01 3.779157755709500321e+01 3.564678577189187791e+01 2.564777088232851554e+01 3.564678577189183528e+01 4.132008262623780581e+01 4.692594578351818768e+01 3.972123101110378229e+01 2.989364255094094247e+01 3.211772226312799461e+01 4.188694169195259320e+01 4.559271940579334625e+01 3.585351051671776190e+01 2.891810249573038405e+01 2.995909111358930588e+01 2.919946301611208739e+01 3.898448083608710135e+01 4.416348984409662393e+01 4.012145092525840795e+01 3.912882887402570731e+01 3.003540969716725328e+01
1.369999999999999864e-02 1.001369984699206661e+01 2.853739102641383862e+00 4.084839553253039490e+00 5.353955071707894753e+00 6.731166552347048970e+00 8.250042798614822814e+00 1.824634641180161054e+01 1.372598471866822045e+01 1.705951613937843447e+01 2.059482401567882803e+01 2.559072702098133334e+01 3.557147199036757002e+01 3.538090009559288518e+01 2.537212798087991317e+01 3.145513692886178347e+01 3.550470746830874447e+01 2.784877357919793539e+01 2.967331217199041049e+01 2.275465518993416580e+01 2.738285414738826162e+01 3.319444148031339381e+01 4.294507469634485375e+01 3.624668241472871699e+01 2.627142063816040007e+01 3.271989479156749780e+01 3.676175283655674519e+01 4.243557327068957363e+01 4.100161230670336465e+01 3.122990516939284333e+01 2.426510475660626298e+01 3.409197192561502021e+01 4.179478620519684995e+01 4.014686226277962788e+01 3.076979359517206447e+01 3.314775495478538403e+01 2.741453975843406710e+01
1.290000000000000001e-02 1.175376387438136438e+00 1.117477549668984693e+01 4.820496928830451111e+00 1.523356619836766512e+01 6.731166552347048970e+00 1.824634633172942699e+01 1.063984952318806521e+01 1.441959090099763863e+01 2.441300167006085076e+01 3.058108110558151438e+01 3.471698494323209161e+01 3.970856847335404183e+01 3.331120052517600527e+01 2.898267103138303113e+01 2.129126720724390154e+01 3.145513682389364263e+01 2.967331217141700250e+01 1.944770699038542006e+01 2.967331186188162917e+01 3.687989848292643558e+01 3.793135116066737567e+01 4.136537059394773763e+01 3.760695003297397676e+01 3.271989479156749780e+01 2.257973407861781467e+01 2.853760831488761340e+01 3.843300436461634462e+01 3.997634728259640013e+01 3.208607106478708459e+01 2.226267148736396351e+01 2.794596293108611107e+01 3.774156394909091716e+01 4.007147374080162194e+01 3.076409949852613579e+01 2.399775205397754263e+01 3.075486981184488045e+01
1.299999999999999940e-02 1.001299999999995372e+01 1.531624961986371503e+01 2.047694173068459733e+01 1.949282885281152389e+01 1.711844745297365122e+01 1.711844734419597458e+01 1.641304621384605511e+01 1.880278014873272596e+01 2.074243819021140567e+01 2.780548164959329682e+01 3.778752553693309579e+01 3.788370163701956983e+01 2.908198474262226085e+01 1.875789598475910225e+01 1.875789598475910225e+01 2.603667801619909383e+01 2.770522744495913869e+01 1.744048288072075437e+01 2.770516055250623211e+01 3.605530433595684059e+01 2.875398389153536627e+01 3.605606279132864245e+01 2.694277704503329574e+01 2.787382512114092137e+01 2.038443978414468560e+01 2.638587699737485437e+01 3.636967373011476212e+01 3.592256650594852374e+01 2.611802453230083643e+01 2.040455331604443856e+01 3.026191155819142509e+01 3.496601331280766090e+01 3.824120446219433944e+01 2.888704866324102838e+01 2.216181823652244987e+01 3.135851321120425084e+01
1.299999999999999940e-02 7.084067811865485176e+00 1.708406781186555179e+01 2.699960612747375066e+01 3.001340820373746254e+01 2.710814980499308291e+01 2.288476365924484313e+01 2.347982674780924484e+01 2.586775587810677024e+01 3.072915601165001220e+01 3.486492601236528799e+01 3.505212009173333598e+01 2.812075079164165103e+01 3.323430719142789513e+01 2.904445746739104806e+01 2.603667801622185252e+01 1.571828931109907046e+01 2.332681672960829289e+01 1.550656447206210053e+01 2.583100924572295654e+01 3.197926089633820723e+01 2.236459578074872212e+01 2.941758031052764011e+01 2.535516544558694108e+01 1.757623531721478471e+01 2.787382511970638177e+01 3.467070335926571545e+01 4.038645701680727029e+01 3.550927785342641840e+01 2.569762072950889831e+01 1.859921366538440068e+01 2.693197311119786974e+01 2.512636378068886600e+01 3.496601331343757124e+01 3.040663743112142114e+01 2.042697624234456200e+01 2.527550625029717679e+01
1.290000000000000001e-02 5.786402691896245898e+00 1.285747050376169476e+01 1.975748023098962136e+01 2.975748023098955031e+01 3.701562670071623273e+01 3.287724831299305350e+01 3.346460911862043730e+01 3.585192609898012961e+01 3.284044010431552607e+01 2.869132644889359796e+01 3.022312413221570893e+01 2.122355478967495657e+01 3.022312413221570893e+01 3.594162812483885716e+01 2.601835675267487247e+01 2.332658641308600167e+01 1.284249841427543259e+01 1.356480934360650181e+01 2.400851488689999513e+01 2.800434312464973630e+01 1.791205730031485643e+01 2.313078765247021451e+01 1.499774058910310792e+01 1.898983494423944407e+01 2.419412714593117286e+01 3.137522422253497112e+01 4.119414270231691688e+01 3.540995304557294787e+01 2.693197311148001916e+01 1.674417091538375502e+01 1.674417091538375502e+01 2.404727460941527539e+01 3.389625136376413650e+01 3.388665127510665087e+01 2.733067022394604706e+01 1.799029796744211396e+01
1.349999999999999985e-02 1.001349999999996321e+01 9.757480230989694192e+00 1.975748023098962491e+01 2.394152610627968514e+01 2.971502879817514753e+01 3.372772907029531098e+01 2.946091708488297201e+01 2.928814634178347376e+01 2.869083391954254481e+01 1.887281598096953417e+01 2.174699072548494172e+01 1.632911707924791855e+01 2.325400184778750301e+01 3.317068554158528570e+01 2.872468429246930910e+01 1.847043549430442511e+01 1.084372266954655650e+01 1.968943510021739840e+01 2.382773681110760222e+01 1.984033758451112206e+01 2.116963748607643225e+01 1.263064894983588893e+01 2.313240596141694994e+01 2.922282667768918429e+01 3.330224388832932902e+01 3.828176627058218884e+01 3.827724656794250535e+01 2.848390363443124684e+01 2.146898906910571370e+01 1.674417091538375502e+01 2.495291598630616292e+01 2.904186381078575252e+01 3.248166077203485713e+01 2.964555612166191167e+01 3.147984977069972601e+01 2.538508361133063573e+01
1.379999999999999977e-02 2.686412419124245332e+00 6.019745752457583698e+00 9.799390482549867443e+00 1.557289317444610255e+01 2.557289317444603327e+01 2.930029398178855615e+01 1.933087335020492858e+01 1.931665545608293044e+01 2.627141747506134095e+01 2.172521943316968063e+01 1.189150210177004574e+01 2.174676212509369222e+01 3.021761896431872430e+01 3.328209717788393363e+01 3.163507402566184723e+01 2.147360292461555176e+01 1.968943547061244104e+01 9.052573088710190063e+00 1.792013067017511574e+01 9.205008666234517634e+00 1.053130281613546515e+01 2.118402168171264677e+01 2.127034903657423115e+01 3.141612012265311549e+01 3.571824413951453892e+01 3.181717981783619109e+01 3.571831145851714240e+01 3.540992509964416257e+01 3.100016601237228642e+01 2.495291598630616292e+01 1.442238796763894726e+01 2.299706198163962156e+01 2.246346237548274516e+01 1.950086559151443666e+01 2.247221343041927355e+01 2.246953535282906955e+01
1.290000000000000001e-02 1.001289999999996283e+01 1.601974575245751353e+01 1.979939048254979639e+01 2.394152610627968514e+01 2.437279445804634648e+01 2.803153395596944719e+01 2.220427075258708527e+01 1.243995041276757441e+01 2.220506910625554298e+01 1.942360856868041097e+01 9.525393165841700593e+00 1.659577113762949097e+01 2.675478784398741183e+01 2.385306776425989383e+01 3.048708181296640163e+01 2.962739055851146830e+01 1.963051013030359826e+01 1.797158691568822775e+01 7.411011867996670333e+00 1.797158420857964245e+01 2.118213912291554379e+01 2.536941280656078845e+01 3.141612036823500276e+01 3.405073646606077631e+01 3.080783017019336611e+01 2.182947173276522435e+01 3.080782894183767340e+01 3.094554220938476163e+01 3.356604826371811612e+01 2.898405230048145143e+01 2.299176626172992499e+01 1.219338906719320370e+01 2.154162100223861032e+01 1.162692127134072884e+01 1.162692127134072884e+01 1.162692127134072884e+01
1.359999999999999924e-02 7.084667811865462461e+00 1.708466781186539052e+01 2.412271196999697409e+01 2.035617869275822756e+01 1.358564575276054853e+01 2.107842267453464302e+01 1.874892881076774742e+01 9.478545812605231546e+00 1.862428903896347165e+01 1.472156624878181574e+01 7.489508775605635549e+00 1.728989046888278125e+01 2.057754466835317331e+01 1.704344523707858627e+01 2.661090043157915730e+01 3.109716515212416965e+01 2.163177644922388509e+01 1.706063507735483142e+01 6.491157156507394888e+00 1.638228908091697633e+01 1.927862438444379478e+01 2.413200726919260930e+01 2.419675266023585536e+01 2.419339302266833513e+01 2.681648046369038596e+01 1.642361790790103626e+01 2.190670089140788335e+01 2.073183725090343188e+01 2.294164032936872033e+01 2.328681175106125778e+01 2.050550443684029389e+01 1.082410268862211566e+01 1.082410268862211566e+01 2.161345895077919721e+01 1.162692127134072884e+01 1.162692127134072884e+01
1.349999999999999985e-02 8.457372148021706337e+00 1.877612721590639211e+01 1.628475704725270745e+01 1.276274327481325166e+01 8.715208370133641580e+00 3.541255824432451682e+00 1.292111720306993128e+01 6.734487878480194922e+00 1.300467796167898804e+01 5.016624789274377605e+00 1.364960587789460611e+01 1.519400182106952535e+01 1.081773883709099060e+01 1.864941918477648741e+01 2.208122857321709276e+01 2.499602109294188068e+01 2.013923185540978267e+01 1.214718980958727457e+01 1.285609889606461920e+01 6.491157156507394888e+00 1.282731558980967712e+01 1.691209577396498887e+01 1.400196530900428726e+01 2.256483018896535242e+01 1.850488064892290296e+01 1.846026783017288508e+01 1.152596252289632517e+01 1.641588296422462889e+01 2.008173822091222505e+01 1.360899538169881673e+01 1.015918981846900770e+01 2.083679796620630498e+01 2.161346875401745038e+01 2.576915827251977120e+01 2.247223818353541347e+01 1.678115181851060811e+01
1.319999999999999993e-02 9.962634668411560313e+00 1.319751033589669476e+01 7.322854815197686662e+00 9.452254695649013883e+00 6.342971430555233603e+00 1.993519103032604711e+00 6.754754835871653817e+00 1.224088838937286283e+01 3.112410606353833042e+00 4.104253593196700578e+00 1.192476713555182855e+01 6.141782725786506525e+00 1.239591969168412611e+01 1.033851088028049858e+01 1.564250971836803394e+01 1.345002928843825529e+01 1.531766323982928846e+01 8.192038835906730654e+00 5.963055276934151827e+00 1.576180220762780237e+01 6.491157156507394888e+00 6.920320605320662288e+00 1.683421902977128326e+01 1.792859502704991925e+01 8.463429786496593721e+00 8.787527297360552936e+00 9.095494108299320146e+00 9.405440694410994951e+00 9.727820852998700474e+00 9.727820852998700474e+00 9.727820852998700474e+00 2.056932379416129919e+01 1.862059499701285148e+01 2.537013858416604961e+01 3.115312662200186722e+01 2.418084074294263530e+01
1.299999999999999940e-02 1.000173960569207310e+01 8.980202742518196501e+00 9.995225926515324266e-01 1.289408811578663494e+00 1.579796983765868523e+00 6.906462523119383690e+00 2.409264591524022059e+00 2.703087654064991519e+00 1.146238813188102057e+01 3.497769005789664654e+00 3.743798105941934296e+00 3.949910489553043913e+00 4.124025204471495343e+00 1.014660544349127136e+01 1.442943365797451349e+01 4.750630177778425001e+00 5.121371660941552939e+00 5.463205875802234601e+00 1.585711346001098221e+01 1.388682214577430862e+01 1.739067384118033033e+01 1.700968049062060672e+01 7.531382599564398816e+00 7.949904783341136039e+00 1.790023358868538850e+01 9.753193149046259336e+00 1.783882303158330629e+01 1.931183156181096194e+01 1.648772958516219589e+01 1.523710866770996653e+01 2.056934857632403890e+01 1.059293210907579308e+01 2.162788607402343999e+01 2.240913570754405626e+01 3.226823097384388461e+01 3.406692463083235367e+01
1.349999999999999985e-02 3.018149658524447165e-01 5.902498381213239220e-01 9.761857211801057588e+00 2.826110267967026690e+00 3.495713814523048857e+00 1.170641665805113796e+01 1.313612308763473102e+01 1.247045332977639376e+01 7.169301147477562530e+00 6.544989482841592654e+00 1.352472720868875378e+01 1.390730306207281863e+01 8.372222801818304916e+00 4.445894065625074276e+00 4.750630177778425001e+00 4.750630177778425001e+00 1.444053173492650899e+01 1.803745934935093231e+01 2.288910665248508991e+01 2.323496637747456717e+01 2.588524641070737786e+01 1.772236567021673537e+01 7.531382599564398816e+00 1.758240945123723975e+01 2.068576711921607014e+01 1.138643251596706030e+01 2.204733674265439447e+01 2.794796802009445358e+01 2.552808173057919916e+01 2.207773456984837068e+01 2.581253058130758049e+01 2.162787980117758124e+01 1.157933192163869052e+01 2.232041279231860997e+01 2.841308373709508572e+01 3.010238862150854899e+01
1.369999999999999864e-02 1.001331135993223143e+01 1.120594483830250709e+01 7.827794624363956011e+00 1.493050866677527999e+01 1.379125807691718286e+01 8.428139531011389352e+00 1.840101873485577499e+01 1.241612102455625077e+01 1.708181916073077744e+01 1.696184147983769108e+01 1.076189262708378713e+01 1.576433688991646953e+01 1.899443935732132616e+01 1.629809104996038371e+01 1.064010444503152542e+01 1.504425424300175429e+01 5.910126090643148977e+00 1.032732792746305250e+01 1.587002473027173544e+01 2.566466688843328470e+01 2.879046132237395383e+01 1.633778494206048393e+01 9.877885601397792925e+00 2.058708835138127213e+01 2.570839473426780941e+01 2.238626272884486212e+01 1.471151580944768078e+01 2.244788837171023488e+01 3.292414999124612507e+01 3.275413350412321023e+01 2.804853120938814826e+01 1.783796363460549728e+01 2.144786687077976950e+01 1.272390941196769631e+01 2.420738860994217490e+01 2.000454854940669236e+01
