output/example_1/elevation_000075.asc
nrows	75
cellsize	13.33333333
xllcorner	0
ncols	75
yllcorner	0
NODATA_value	-9999
[rows 51 to 67 of 75, columns 37 to 73 of 75]
1.489725714554544034e+01 1.788539690131386806e+01 2.212877032022829482e+01 1.443142700161444658e+01 2.435480692045040030e+01 2.634038547733468505e+01 1.606579698787151500e+01 2.270969502604577528e+01 3.113898872065654544e+01 3.846647958136215806e+01 3.700098604001382796e+01 2.761169110601539245e+01 1.781217365574365985e+01 2.465855750575784455e+01 2.874844980105440584e+01 2.145456612837891797e+01 3.100631347096397405e+01 2.915909872421155313e+01 1.935685860144655024e+01 1.791011558228399991e+01 7.937823146634289451e+00 1.787009820337620170e+01 8.977767266995586581e+00 1.844131450417114237e+01 1.653005063179337952e+01 2.680780502128669340e+01 3.347171409709444134e+01 2.345187367205179996e+01 2.341466337749048776e+01 1.366928614728640490e+01 2.341504486578201849e+01 2.890709048155820682e+01 3.593719129892306086e+01 3.281684987107536955e+01 2.304742398021213745e+01 3.281684987092754824e+01 2.960106037632920817e+01
9.425849817636471784e+00 1.641243163439479247e+01 2.603879544023061143e+01 2.025997507073969572e+01 2.894598487047422353e+01 3.053112751105025069e+01 2.127259181575616864e+01 3.053112751105025069e+01 3.711746397879198867e+01 3.990635053501523544e+01 2.998304309876742835e+01 2.302301368035967855e+01 2.761169110601539245e+01 2.240434885470547854e+01 3.225595451682585235e+01 2.711664248267564048e+01 3.539484036711004933e+01 3.323153237846684505e+01 2.915836936851613359e+01 2.129199092094218670e+01 1.841493812436154442e+01 2.153841896729303329e+01 1.875113125056386565e+01 9.570022708759607255e+00 1.934459231998722473e+01 2.396889942880931557e+01 3.020564479874590447e+01 2.629967860662102552e+01 1.647889852655050902e+01 1.366928614728640490e+01 1.545646974203055102e+01 2.523321219175126728e+01 3.212030863218367216e+01 3.691898061896985439e+01 3.281684987123842490e+01 3.691898088628779817e+01 3.539451234091393417e+01
1.689866324201267389e+01 1.686658690939431082e+01 2.798972277272855536e+01 3.062617078599004472e+01 3.493865004194702095e+01 3.559953031453225236e+01 3.140932030546386500e+01 3.559693196973020690e+01 3.889110932997841985e+01 4.308471701580633351e+01 3.700562404401944150e+01 2.998304309876742835e+01 3.635617451951574708e+01 2.677728289509324711e+01 3.635569019210706898e+01 3.698401238533369195e+01 4.103469075756318318e+01 3.737902183304937864e+01 3.652536308878508464e+01 2.855323463551576779e+01 2.057532559687377827e+01 2.042658708871042705e+01 9.570022708759607255e+00 1.748908804157030517e+01 1.019247634485750176e+01 1.698587339536231511e+01 2.410114097570957270e+01 2.112650111650469498e+01 1.252789318885839798e+01 2.224383870306941091e+01 2.523245235222162819e+01 1.816633558389978020e+01 2.795170492489409497e+01 3.348312849259255586e+01 3.627475756922022043e+01 4.050835989579535124e+01 4.557174589937227438e+01
2.788245263652932948e+01 2.833761248117875908e+01 3.338325271977078756e+01 3.840953142151440147e+01 3.424567028254817558e+01 3.840953142151556676e+01 3.955514696193512236e+01 3.718135987957499822e+01 2.861218204689260247e+01 3.429700384333824559e+01 3.852292298372346124e+01 3.990635053501523544e+01 4.078613704774159743e+01 3.379080755493225041e+01 4.078613704774159743e+01 3.925625058103815235e+01 3.428166162584559373e+01 2.729321439884563461e+01 2.746432579159068155e+01 2.328808710665225945e+01 2.169168356633069550e+01 1.099552240938534275e+01 1.377936671778974720e+01 2.241334834043992785e+01 1.978445534903974590e+01 1.080441779158290672e+01 2.033284275700439636e+01 1.141971770580681422e+01 2.110864628128035037e+01 1.966516037511726722e+01 2.996867093186867237e+01 2.795170492489409497e+01 2.109032231168961147e+01 2.356222925482395070e+01 2.620939579252872775e+01 3.627475756928880202e+01 4.562516482274882890e+01
2.087097472804585152e+01 2.753211762005325625e+01 3.660733622961160449e+01 3.337787372682748810e+01 2.417202587848200679e+01 3.337787372682748810e+01 2.922673969892838386e+01 2.922673969892838386e+01 2.246497182923519986e+01 2.385057652128363159e+01 3.198994119159498339e+01 3.622516503394076892e+01 4.136572283697135077e+01 4.368436016065671623e+01 4.214573470739006211e+01 3.234761457471002188e+01 2.518598824590793228e+01 1.987071155457834948e+01 2.328808710666441328e+01 1.250138822813374162e+01 1.250138822813374162e+01 2.169168169677827152e+01 2.135128705132778038e+01 2.022880118916378578e+01 2.430893893895589386e+01 2.044997798199010930e+01 1.141971770580681422e+01 2.082738830138824326e+01 2.506983281073455672e+01 2.996802466638332163e+01 3.329999270805708278e+01 3.498543126499555456e+01 2.796941037846120537e+01 2.906910392934045717e+01 3.627475756928877360e+01 3.115265496627604591e+01 3.626965443128633382e+01
2.972301186275517537e+01 3.415901802769107576e+01 3.516029105607893257e+01 2.920934397536865390e+01 1.907608271409690559e+01 2.920934397536865390e+01 2.823171526509666407e+01 1.862171022173770751e+01 1.763117290129629566e+01 1.763117290301081752e+01 2.145635539153935767e+01 2.682602971055541374e+01 3.715385267263450686e+01 3.974722684377680082e+01 3.404819735484419851e+01 2.999459085893482424e+01 2.689747994472710602e+01 2.503026445998262162e+01 1.426862836820265024e+01 2.328808710666370985e+01 1.622099557913816881e+01 2.682161521134007032e+01 3.017696444548799661e+01 2.568527428385643674e+01 2.412016203594612662e+01 1.141971770580681422e+01 2.105507913476204962e+01 1.217303409317916163e+01 2.181957554952945699e+01 2.619818676839967608e+01 2.567967821348171498e+01 3.405691657365670011e+01 3.804869104130229118e+01 3.916406242368480406e+01 4.339079244785320810e+01 4.139686017228419956e+01 4.562516482274876495e+01
2.794922952168388264e+01 3.005282768872141119e+01 3.097333979883732979e+01 2.079031921207703348e+01 1.565732122808112869e+01 2.554227707221711796e+01 2.145515849377082063e+01 1.330453528717267098e+01 1.330453528717267098e+01 1.682070866590263591e+01 2.747603710101429897e+01 3.622516503394069076e+01 4.136572283697186947e+01 3.574367591015698054e+01 2.578591218649077277e+01 1.972264937895084103e+01 1.630774719957833341e+01 1.630774719957833341e+01 2.503026420744733826e+01 2.916673508192925013e+01 2.682163637124609679e+01 2.252465261785204831e+01 3.269142520314825617e+01 3.523611036572280852e+01 2.899878448095119765e+01 2.200753141102694954e+01 2.549944351051200897e+01 2.181703235916537054e+01 1.292132554435628222e+01 1.715747278449842028e+01 2.372072131140857820e+01 3.287049491107394772e+01 3.060392226267937232e+01 3.475309899835622929e+01 4.048629723698839911e+01 4.516212697603172188e+01 4.516212697598212600e+01
1.992680216477677746e+01 1.928531181539540640e+01 2.485686495187866285e+01 2.265879029695431868e+01 1.241827952638811006e+01 1.914681744550890485e+01 1.091607442023854269e+01 2.145515849371921746e+01 1.945281975389535845e+01 2.747603621159841225e+01 2.304828957391475797e+01 2.918106891586189988e+01 3.945762529831510079e+01 3.700515094856112341e+01 2.709084882858609689e+01 2.999459085893482424e+01 2.689746779453857073e+01 1.797438015743296802e+01 2.837877956452617312e+01 3.352092601107511882e+01 3.673212559152095480e+01 2.980606758466950268e+01 3.673212201252827924e+01 3.922269992173551856e+01 3.538517197982866236e+01 3.416070244550606105e+01 3.178359411371889465e+01 2.174647164287792833e+01 1.345011526056399020e+01 1.894085720588329380e+01 2.700644222988640664e+01 2.503135477732814707e+01 2.095195224959552505e+01 2.644288695812993595e+01 3.628800219473779975e+01 3.514651172063662443e+01 3.514651172063662443e+01
1.599366021812430994e+01 1.149473549637387215e+01 1.753558704643720390e+01 1.791955853949650646e+01 1.661634266450814579e+01 8.694913802799268510e+00 1.914680979276609918e+01 2.577283978037754508e+01 3.003699128201574808e+01 3.431209901976914267e+01 3.352445270456338022e+01 3.775677647315650631e+01 4.367313952435497981e+01 4.100968936077401139e+01 3.700515703031859260e+01 3.542696612978563309e+01 2.539806676625725856e+01 2.837877952295519890e+01 2.041300921145606750e+01 2.709902709327772996e+01 3.609013437031759963e+01 3.965729503632812936e+01 4.073102103699044108e+01 3.147187336291379722e+01 2.602026531580123958e+01 2.992849658204231389e+01 2.472906765082333180e+01 2.355114011783595274e+01 1.409322143919446368e+01 1.438225040965156154e+01 2.398971147451085173e+01 1.537816541254011149e+01 2.219250102041668882e+01 3.188495401159634923e+01 3.337498447120297840e+01 2.809913023793904330e+01 3.514651142557472241e+01
6.816381807623743683e+00 7.403831218127297831e+00 8.007267796491740697e+00 8.007267796491740697e+00 8.694913802799268510e+00 9.512901836855894189e+00 1.939309703698576115e+01 2.443769761753204861e+01 2.232267535697710059e+01 2.710368768781417614e+01 3.586330845532889811e+01 3.375501599021173149e+01 3.799333049546380892e+01 4.308785166906952213e+01 4.510793785306601933e+01 3.542703483279294829e+01 3.444415048853277028e+01 2.557135564091272784e+01 2.245863813392810471e+01 2.634222204982505744e+01 3.142837406054173854e+01 4.060956332515042533e+01 4.456998403085941618e+01 3.922269986282316978e+01 3.065335444361838668e+01 2.090159487600903176e+01 2.470906690259738525e+01 1.502597004625734556e+01 2.382628483043054501e+01 2.398952758747312686e+01 1.537816541254011149e+01 2.502728194875851742e+01 2.909399438574802232e+01 2.991764786473535054e+01 2.359615958830543647e+01 2.785899148149714932e+01 3.490376040340571961e+01
8.956053865888328858e+00 1.621037535232831672e+01 1.764939420136236947e+01 8.007267796491740697e+00 1.792703514258083430e+01 1.939424108703062544e+01 1.068240913641740342e+01 2.053867221354252592e+01 1.187432238572731436e+01 2.233047504357078594e+01 2.586266148342375359e+01 2.382855034278297168e+01 2.867837901433336967e+01 3.883165299769008527e+01 4.650242555308796710e+01 3.741329412987740710e+01 3.112689235168081581e+01 3.311021199031809914e+01 2.439493853922813926e+01 3.311021400158001171e+01 3.916349641219024846e+01 4.454881119656815258e+01 4.076167680653642122e+01 3.675986885326293674e+01 3.153665777497933220e+01 2.624604042267748838e+01 1.630436985019404617e+01 2.506139227171792072e+01 2.948021216415894585e+01 2.502704300908907342e+01 2.502728221847832657e+01 1.652482810563219573e+01 2.610908561093195956e+01 2.036194243624306921e+01 2.382728711876329442e+01 3.365324086787723701e+01 3.783747640295498371e+01
1.901878587558948297e+01 2.253656506495258682e+01 1.937641984817796015e+01 9.412796210968883415e+00 1.940431152795331116e+01 2.460276363326354598e+01 2.053867221354252592e+01 1.187432238572731436e+01 2.169933735822604604e+01 2.504323547059203392e+01 1.923482711020729852e+01 2.879178316536737725e+01 3.799331832760223193e+01 4.308785067928336332e+01 4.920901243941244019e+01 4.007543146785537402e+01 3.628152598214739299e+01 2.735813366455368723e+01 3.241987756319057468e+01 3.052039344949268340e+01 3.962864318249806672e+01 4.236843230567824037e+01 3.263518410565088601e+01 2.706806940387974691e+01 2.748769822199579593e+01 1.776148950350534861e+01 2.624606723017386756e+01 3.029396719930322135e+01 3.886809159974223604e+01 3.188007225840542347e+01 2.325612855729218609e+01 2.608962521855709937e+01 1.769540471832045014e+01 2.721325936925700972e+01 3.364555569946885072e+01 3.070869211708576074e+01 3.784786541035514773e+01
2.356309957979667757e+01 2.991199726663881009e+01 2.092684349748753903e+01 1.086759390818493998e+01 2.092684337100543956e+01 2.786538863264459565e+01 2.577171915882129127e+01 2.169933797746734072e+01 1.310442262816085623e+01 1.560575662304261613e+01 2.504323559813622069e+01 3.298495088270475861e+01 3.237013471894405114e+01 3.657020296077867272e+01 4.237462810784836620e+01 4.471471333772752388e+01 3.564591896905323409e+01 2.949132750708789175e+01 3.801162269754919976e+01 3.952174128082541671e+01 4.357589808387267993e+01 4.630352253751581770e+01 4.076167751076459211e+01 3.159850774862684730e+01 2.201045845685525038e+01 1.877575786094303822e+01 2.014314576245072175e+01 3.425941451005379434e+01 3.827755804820233010e+01 2.687139472888260983e+01 2.019537986023213350e+01 1.769540471832045014e+01 2.721123535880818167e+01 3.130216307384455732e+01 3.837949045079317756e+01 4.078981256498403951e+01 4.324559516080103094e+01
2.619289387130621449e+01 2.583115356158770481e+01 1.566644719333074320e+01 2.092684349748753903e+01 1.328680829870088154e+01 1.920454929942246736e+01 2.946008148161659790e+01 2.697207941253975605e+01 2.288895200639696270e+01 1.443027124464593314e+01 2.415937027439515816e+01 2.673885144088429300e+01 2.261647024394963879e+01 2.815686995194411679e+01 3.812556472378244621e+01 4.535333237684056940e+01 3.654703373058622162e+01 3.830295479459435626e+01 3.407810550114345460e+01 4.289855008462297548e+01 4.600648905859463866e+01 4.102047006433910781e+01 3.689902975360203641e+01 2.981113709852100513e+01 2.023254258452760368e+01 2.220082091990420281e+01 2.849743756116340165e+01 3.750598515221011553e+01 4.247468306874221611e+01 3.736379400024132735e+01 3.055561529264783260e+01 2.722683368351263766e+01 1.898461959912300046e+01 2.433311056032834330e+01 3.414089490737901400e+01 3.611159413869933843e+01 3.328222129791588202e+01
2.887315524762275487e+01 3.019791174605949635e+01 2.019846096434876870e+01 2.560790343298447169e+01 1.514148112255630352e+01 2.560731420636166433e+01 3.384061855629222038e+01 2.974658144827591855e+01 2.006189334171733663e+01 2.415941526450432519e+01 1.580037833415662618e+01 1.711455194517025191e+01 2.673885404449065106e+01 3.282531501756359660e+01 3.888702457363896059e+01 4.444094525148616981e+01 4.535160472363125450e+01 4.652109023558326584e+01 3.918092524161701107e+01 4.658930393745564658e+01 4.183690813784201623e+01 3.203394693797888237e+01 2.727830947102539128e+01 2.586402782034687675e+01 2.124589961124379300e+01 3.079285201684811213e+01 2.726033163140300886e+01 3.409366655838476134e+01 4.380477460801225220e+01 4.121961374305379877e+01 3.119731380838990020e+01 2.433275348126538518e+01 1.898461959912300046e+01 2.844285832204124631e+01 3.120955617171977181e+01 2.627857620465526978e+01 3.327311060207581761e+01
3.335873560619818079e+01 3.530657746729126245e+01 2.631237388172847957e+01 2.802528440253011155e+01 1.710777825129878948e+01 2.329798186184234154e+01 3.410309756164558337e+01 3.388458013586150486e+01 2.559197184676972014e+01 2.548199714989843301e+01 1.580037833415662618e+01 2.548185070346198700e+01 1.906743967074796586e+01 2.754511944180571703e+01 2.883780247485344717e+01 3.617079325700472481e+01 4.127705708283793484e+01 4.673512609031084253e+01 4.787197219118203861e+01 5.149469414734584660e+01 4.604782002114131245e+01 4.102044422232500409e+01 3.566730419285167386e+01 2.270757253196343939e+01 2.345805117023254027e+01 3.203308466004391875e+01 3.693798490963772707e+01 3.514431797002242064e+01 4.474642385207444306e+01 4.301084221589142231e+01 3.292392303688134803e+01 3.259320680980072638e+01 2.847473160688776161e+01 2.027617447444055543e+01 2.163514214724968454e+01 3.126021939399921123e+01 3.786377782183239304e+01
3.863589713238491896e+01 4.132928433402082646e+01 3.804722528481662636e+01 2.937259251507259705e+01 1.931781854417040023e+01 3.017693422943706238e+01 3.860904571017888998e+01 3.955140661114659650e+01 3.537762864790130379e+01 2.694048755412878648e+01 1.724248697793030161e+01 2.693987492588528809e+01 2.866567287069674563e+01 2.104313583884615468e+01 2.387678330473601918e+01 2.669840962385415040e+01 3.119516239270788915e+01 4.321295854845369888e+01 5.056664963591988737e+01 4.562130534121856584e+01 4.149531865914522655e+01 3.817894074341307942e+01 3.346399627476195349e+01 2.377364004125940866e+01 3.203308470384044426e+01 2.730309287275553842e+01 3.676307640110317010e+01 4.474642385207444306e+01 4.512075423659371154e+01 3.916392987778701240e+01 3.292392303688757238e+01 2.312102376297750084e+01 2.191362445176508800e+01 2.974957258579663488e+01 3.126021939399921123e+01 2.390196753431958854e+01 2.951396985708606735e+01
