output/example_1/elevation_000084.asc
nrows	75
cellsize	13.33333333
xllcorner	0
ncols	75
yllcorner	0
NODATA_value	-9999
[rows 51 to 67 of 75, columns 0 to 36 of 75]
1.369999999999999864e-02 3.793344730092274464e+00 8.793344730092290007e+00 1.586441254195778860e+01 2.586441254195785433e+01 2.686858316348350328e+01 3.076731870435609295e+01 2.948279332158045563e+01 3.172623885505620933e+01 2.114614468291123472e+01 1.336039414356641153e+01 8.067119644615798890e+00 1.443972771048898807e+01 2.531909820667370070e+01 2.203067552659713613e+01 1.218923458625443779e+01 5.369029473016524889e+00 1.061305424434457301e+01 1.763663773635550314e+01 1.498045883674029888e+01 8.039477885847871264e+00 1.090000440829773609e+01 1.224805174121232687e+00 1.090000454163106980e+01 1.224805174121232687e+00 3.693866881315009731e+00 1.402403257196520814e+00 6.961173320063381631e+00 1.645001879571610148e+00 6.179248869231014574e+00 2.123167244191960901e+00 1.002507264330262871e+01 7.947164549203808548e+00 1.088493482147532276e+01 3.008064543196154794e+00 1.242032494222057970e+01 1.551582589837190085e+01
1.290000000000000001e-02 1.001289999999996283e+01 1.793548035380028338e+01 2.169103633206700721e+01 2.209258577938869905e+01 2.624187329432425031e+01 2.920042293972493042e+01 2.980876088524910017e+01 3.393817017294500715e+01 2.852106992420882747e+01 2.187739880839489715e+01 1.079310808986329739e+01 2.187739880839489715e+01 2.957866032779309862e+01 2.115212925526233789e+01 1.130628599730900596e+01 6.474112152474649662e+00 1.623077660308290149e+01 2.453422206161454255e+01 2.192143978763272827e+01 1.652456946277890637e+01 6.782537248881208569e+00 4.280119261087650173e+00 1.396153794341810617e+01 1.090000480829773366e+01 6.414358436376324413e+00 1.104372017537103190e+01 3.340528527717439911e+00 1.124215122833356872e+01 9.822959775741372468e+00 1.056821067729656605e+01 2.480178138630793505e+00 7.463911963793480986e+00 2.730848604865143248e+00 1.137817372080844436e+01 9.723654609622418121e+00 1.979726130149742858e+01
1.329999999999999932e-02 1.001329999999996190e+01 1.304624695307912141e+01 1.169833328014047424e+01 1.209119824463046911e+01 1.920423130630459596e+01 1.920403455523383585e+01 1.981101693927512031e+01 2.980876088524910017e+01 2.651429794564467812e+01 1.563980555057758615e+01 2.187739880839489715e+01 2.618488381651198793e+01 3.098990402015812151e+01 2.114432803733980748e+01 1.743938549063349086e+01 7.643873398374398498e+00 1.744663189543026149e+01 2.662990299584656029e+01 2.350730956354373546e+01 1.363222381051565257e+01 9.813046072537332520e+00 1.396153794341810617e+01 1.806223354455869767e+01 1.833971158633186604e+01 1.361056612572533453e+01 5.201328913594199577e+00 1.311736376477244370e+01 1.721728398193732090e+01 1.718858935069141225e+01 1.274938334102054682e+01 1.071943341905608271e+01 2.730848604865143248e+00 2.730848604865143248e+00 1.561533611874666860e+01 1.965558716566466302e+01 2.407370862287923785e+01
1.369999999999999864e-02 1.521256722888819191e+00 3.046242426214867294e+00 4.627381256299059942e+00 6.317689765756095532e+00 9.204441111706486822e+00 1.273997501842607782e+01 1.981097843032675598e+01 2.980583457127557523e+01 3.073679841878635344e+01 2.651429794564467812e+01 2.163354678476961368e+01 3.211901813675877548e+01 2.884601985625680953e+01 1.893387624803903435e+01 1.324200010143055728e+01 8.863592153575833521e+00 1.317107923850878315e+01 2.255335683434179117e+01 2.764015333602577940e+01 2.350730956354373546e+01 1.467711669258094176e+01 2.375333105876313766e+01 2.326315271792639905e+01 1.357746005296501046e+01 7.072102481087132908e+00 1.442613430527800489e+01 1.846352135007339967e+01 2.094251103781159884e+01 1.246356634594537915e+01 7.435197516689150632e+00 2.730848604865143248e+00 1.208328614554656433e+01 1.556078515575077148e+01 2.053939512816892687e+01 1.738128016782151519e+01 1.907380046282867170e+01
1.319999999999999993e-02 1.001319999999996213e+01 1.304624695307912319e+01 1.169845394856131726e+01 1.338875393831095195e+01 9.747661468777886640e+00 1.974777231672027256e+01 2.687378681969454775e+01 3.144895896946671954e+01 3.645604415383876784e+01 3.626816363388438447e+01 2.782516648369446699e+01 3.626816363388438447e+01 3.294309776828848157e+01 2.722385241558264823e+01 2.008505087347962714e+01 1.022755905807328070e+01 2.005945623586237048e+01 2.255335683434179472e+01 3.228999231695927818e+01 2.871727752583508675e+01 2.457984976028799906e+01 2.871727752583494464e+01 2.432543872112222161e+01 1.788960073228269110e+01 8.443380027091727413e+00 1.378332431561700311e+01 2.350125251782453972e+01 2.486192265725212991e+01 1.821015378321792966e+01 1.240696745127655376e+01 2.730848604865143248e+00 2.730848604865143248e+00 1.222896921739908116e+01 1.284083684833297134e+01 9.914140752658477496e+00 9.983179727441898521e+00
1.349999999999999985e-02 7.084567811865484899e+00 1.708456781186555062e+01 2.169889400568532878e+01 2.338783501998590708e+01 1.974780282809064147e+01 1.352730621030121583e+01 1.730695108564825802e+01 2.230695796019569244e+01 3.230875999412078414e+01 4.209296994356358823e+01 3.798452857463374244e+01 3.779060671857509845e+01 3.131463943737935551e+01 2.139858824544836580e+01 1.441112334075583412e+01 1.183831372152525141e+01 2.170754201392218263e+01 2.580908282816836419e+01 3.152854945804846309e+01 3.711457247864662889e+01 3.133028173717192288e+01 2.689426748453175620e+01 2.021361117272187258e+01 1.063147012354342813e+01 1.788960073228269820e+01 2.197684806930588763e+01 2.761836045097033931e+01 2.009542286951642254e+01 1.415238203431545472e+01 4.443204531707900529e+00 1.240712024255848078e+01 1.227006910207120782e+01 3.371605432783571388e+00 3.371605432783571388e+00 6.044362894649101925e+00 1.677254123730365620e+01
1.369999999999999864e-02 1.001369999999996274e+01 1.665593563276241795e+01 2.115016791088668313e+01 2.529230358282312707e+01 2.767123734601580054e+01 1.930081548253096102e+01 2.352767880868996997e+01 3.145358675627976197e+01 3.645604415383876784e+01 4.126048090422306558e+01 4.068825308822943043e+01 3.080474898511186765e+01 2.377866528645664701e+01 1.934306369983238483e+01 2.170754214725551634e+01 1.183831372152525141e+01 1.183831372152525141e+01 1.751877461396689384e+01 2.742950500861861585e+01 3.295713253685348576e+01 2.294601163812868094e+01 1.730237296557887205e+01 1.306069703191886155e+01 2.021360095833953352e+01 2.432543872117006245e+01 2.871863008064814338e+01 2.454819935829871724e+01 1.598698747713697976e+01 6.279089760128496955e+00 1.415238147879462183e+01 1.415041853353547374e+01 1.279411144170886061e+01 3.371605432783571388e+00 3.371605432783571388e+00 1.288448424828873584e+01 1.690650332179118109e+01
1.379999999999999977e-02 2.513800000000002033e+00 1.251380000002797743e+01 1.115016791067402124e+01 1.822123572253959978e+01 2.822123572326531971e+01 2.930168149054795990e+01 3.344597421815765159e+01 3.767467256331467240e+01 3.846160643204643037e+01 3.152656666801040686e+01 3.846160643208975927e+01 3.779060671857509845e+01 3.335964178558535309e+01 2.926280117873799824e+01 2.170754228074080316e+01 1.183831372152525141e+01 2.170754214737244325e+01 1.675304441765870322e+01 2.666203987714300538e+01 3.164043707397946292e+01 2.164633067050441895e+01 1.603790226374412953e+01 2.276104817769573074e+01 2.689426748055892347e+01 3.039147683136772926e+01 2.027634283333150478e+01 1.470935840289774177e+01 1.730898443406175247e+01 7.657255197273606484e+00 1.731363326883962372e+01 2.397072070689721457e+01 1.690301543063321432e+01 1.283639008533876869e+01 1.288447822211048255e+01 3.371605432783571388e+00 1.000160960688473644e+01
1.309999999999999880e-02 1.001309999999996236e+01 6.436122702763688253e+00 1.643612270287609789e+01 1.822123572253959622e+01 2.822123572326531971e+01 3.708457538447569846e+01 3.310903132488822820e+01 3.708457538455976987e+01 3.414553330088516958e+01 2.481298487172287892e+01 3.350374818802894339e+01 3.757803756737951062e+01 3.166117913315275700e+01 2.173702394380902447e+01 1.602548753168198203e+01 1.623109818593243858e+01 2.580908295504727690e+01 2.117504498366153598e+01 3.076199470019441051e+01 3.579862772591370401e+01 2.835303380816097629e+01 1.842224708211326245e+01 2.541097414927387277e+01 3.545579309457605888e+01 3.455280843703413751e+01 2.872423472516324239e+01 1.929094320541752339e+01 9.703649126254481061e+00 1.443766540528383224e+01 2.143935208372730017e+01 2.452502197598557743e+01 1.716857991906491776e+01 1.421735288165403688e+01 4.665924340286097483e+00 3.371605432783571388e+00 3.371605432783571388e+00
1.349999999999999985e-02 1.001349999999996321e+01 1.643612270282571686e+01 2.057825834076571425e+01 2.822123572326531971e+01 3.236337144310780189e+01 3.232998832568490855e+01 2.363657237853106352e+01 3.232998832568478775e+01 3.010015425607151940e+01 2.047793737320864693e+01 2.387923104719821410e+01 3.350374818802894339e+01 3.575518381280146940e+01 2.968388336348961332e+01 1.975591878388620160e+01 2.194386452809147059e+01 3.023866429099421893e+01 2.691359119177683468e+01 3.519572210629135611e+01 3.655482672137078026e+01 2.650972291470117881e+01 2.167001184558062477e+01 3.169454478944409104e+01 3.730447088835181546e+01 2.706685474070268782e+01 2.706069005926923765e+01 2.084595577574339487e+01 1.125017718288459889e+01 2.084854155441658108e+01 2.843156994465874376e+01 2.066047425031150908e+01 1.028914691139405768e+01 6.664701809068226623e+00 1.338895811820933268e+01 3.371605432783571388e+00 9.419647029846533570e+00
1.369999999999999864e-02 1.001369999999996274e+01 1.591483059394148469e+01 1.945039951767236985e+01 2.359292412461642030e+01 2.936658903930564080e+01 2.837280185170986968e+01 1.878989989221797074e+01 2.837280185170986968e+01 2.669818685210136522e+01 1.689694457678489314e+01 2.669818685210136522e+01 2.814068815556133885e+01 3.782367249395176856e+01 3.378052866506714480e+01 2.472294678051914119e+01 3.186748162361660874e+01 3.596122963137111128e+01 3.682137178875894534e+01 4.090954723670900250e+01 4.071046474110406876e+01 3.550065781772469364e+01 2.543062928310335025e+01 3.550065781772469364e+01 3.432738270674744996e+01 2.406019762468173084e+01 1.699532226932816670e+01 1.348985828612389248e+01 2.084801240684645762e+01 2.502813969218227186e+01 2.928582459029971119e+01 2.319037549930517983e+01 1.746470832144778385e+01 8.226741159348618382e+00 1.151578705273717951e+01 1.310989574820214187e+01 4.042193500343473467e+00
1.290000000000000001e-02 2.899651345942015013e+00 5.914764791510860320e+00 9.450298689518467299e+00 1.522380202725490861e+01 2.522403324398419855e+01 2.517803834353048131e+01 1.544377951189740372e+01 2.504941490310007524e+01 2.116778133052194377e+01 1.421851936398709171e+01 1.840844611094931693e+01 2.532011359371853132e+01 3.495015751644680790e+01 3.873428468973995109e+01 3.464481994646010321e+01 3.873428468944755565e+01 3.852626985226832090e+01 4.032527102436957733e+01 3.603321158930024382e+01 4.032527102541633468e+01 3.965738707549655118e+01 3.255569263926642520e+01 3.965738707554300646e+01 3.740815716118849821e+01 3.129052232041494364e+01 2.523924733298996159e+01 1.529875391319341205e+01 2.092163012950427969e+01 3.113735196123244720e+01 2.508372961885668673e+01 1.559230860120574569e+01 1.042134616954018611e+01 1.754513368879454660e+01 2.048930444234242998e+01 1.755834978513232159e+01 1.353115818624795175e+01
1.359999999999999924e-02 1.001359999999996298e+01 1.591051739103870233e+01 1.945039951471152051e+01 2.359292412461642030e+01 2.852587017050778684e+01 2.228885829963632759e+01 1.237048031222707145e+01 1.846755008359204453e+01 1.110014091353027332e+01 1.701376571118086645e+01 2.684140838867099532e+01 3.217835515958726234e+01 3.625924641387940994e+01 3.625924641387939573e+01 4.036888596002300034e+01 3.852626985226832090e+01 2.824149042324252079e+01 3.012878261287294990e+01 2.580644061243284781e+01 3.297837550217870728e+01 4.340823830159133223e+01 4.261043269224477825e+01 4.044473951328649264e+01 3.024132348905418510e+01 2.294645942552506312e+01 1.845593770926544863e+01 2.523930221101328186e+01 2.944594391002684830e+01 3.532685107118400225e+01 2.800435281168516610e+01 1.830673046166313966e+01 1.201483421040796173e+01 1.278483588603307375e+01 2.310615093521827035e+01 1.429928601948533995e+01 8.543714125198539122e+00
1.379999999999999977e-02 7.084867811864441478e+00 1.708486778685092489e+01 2.193399913350940622e+01 2.460780042778924326e+01 2.448245078617526715e+01 1.456258974532055639e+01 1.631936698627975346e+01 8.378575181161052043e+00 1.418525800198695741e+01 2.368942123164156754e+01 3.088352053223711025e+01 3.137068146671776603e+01 2.648211651955613988e+01 2.648211651955613988e+01 3.625924641387939573e+01 3.025763297500584059e+01 2.601633686456665728e+01 2.005538893463778294e+01 3.012878261287294990e+01 3.604772646023212701e+01 4.543500026403803815e+01 4.133273010156563743e+01 4.369304870918291073e+01 3.740815717510026417e+01 3.283496679570210119e+01 2.294645942552506312e+01 2.428982858775527376e+01 3.456107839353850864e+01 3.528353187984198769e+01 2.565107247486560382e+01 1.611340440853783917e+01 1.386976869200882412e+01 2.295792810674777229e+01 2.733354014515600383e+01 1.974693448190318179e+01 1.050040088512256808e+01
1.349999999999999985e-02 1.001134709537412348e+01 1.905764879120547661e+01 1.238435013429516296e+01 1.517219316956526143e+01 1.855549113694778995e+01 1.446131929289352236e+01 6.305949268540874009e+00 1.638293442095799790e+01 2.168707424493376479e+01 2.757992268530120228e+01 2.847652721114404883e+01 2.149388288227933685e+01 1.942768885743361551e+01 2.934577156506170326e+01 3.208714830469190815e+01 2.601633686456665728e+01 1.575885897561452786e+01 2.345196752566324250e+01 2.157966582739252104e+01 3.178275472751663244e+01 3.982075219247010978e+01 3.168295726033642623e+01 3.397884078668356977e+01 4.369304870918291783e+01 3.740815720070991546e+01 2.890630552766367245e+01 3.024867978974563698e+01 3.873024013555181710e+01 3.099919780218682774e+01 2.099378360120762466e+01 2.526052224672529078e+01 1.575898773415118548e+01 2.526050919836956865e+01 2.871629384484836933e+01 1.888880060121963567e+01 1.245244289648871572e+01
1.359999999999999924e-02 1.001359999999996298e+01 1.505823109415625360e+01 5.388412860910078983e+00 1.485108984364636697e+01 1.432658045527965385e+01 4.396827948526658147e+00 1.446132863643341082e+01 1.638293442094002472e+01 2.627154830851249301e+01 2.339940550131840169e+01 2.438673021124765583e+01 1.416935906601565520e+01 2.037917968582481620e+01 2.448180787031308370e+01 2.481134323820401733e+01 1.754839468375701017e+01 1.302564658706440426e+01 1.302564658706440426e+01 2.046721999831738259e+01 3.065778548642105505e+01 3.576143115403844064e+01 2.641008434774435898e+01 3.576143115404116912e+01 4.235994818862275224e+01 4.327356723486835222e+01 3.913588574137409637e+01 4.045192443756255329e+01 4.458165121466954872e+01 3.528353283382353567e+01 2.663090869770083557e+01 2.762878444320223181e+01 1.786420342267503258e+01 2.762878444218925367e+01 3.114790352658755523e+01 2.116763758751809021e+01 1.474572271091964382e+01
1.290000000000000001e-02 1.001289999999996283e+01 1.054244253369892448e+01 1.307086988449088327e+00 1.067893998663402222e+01 1.079076799472720083e+01 3.104464936308796386e+00 1.344480020469071313e+01 1.866731410059483309e+01 1.972987577726906139e+01 1.232684379991837709e+01 1.869555387530219903e+01 1.711677415413583958e+01 1.010809576444987457e+01 1.861947814829940029e+01 1.943425893665078874e+01 1.018723749328859185e+01 2.056022629259857837e+01 2.345196751739146634e+01 2.769458663881355065e+01 3.327859132569161460e+01 2.931166096445967639e+01 2.356368569613974273e+01 2.879488582325177504e+01 3.828120398344276509e+01 4.265392627747107923e+01 4.265392627748532561e+01 4.667241643135754003e+01 4.764407219419257444e+01 4.125296056384999588e+01 3.696639169047781337e+01 2.725746302194101034e+01 2.027626433888804769e+01 3.031057002152689250e+01 3.227651392556785481e+01 2.225109028729089289e+01 1.772202964510555745e+01
