output/example_1/elevation_000185.asc
nrows	75
cellsize	13.33333333
xllcorner	0
ncols	75
yllcorner	0
NODATA_value	-9999
[rows 0 to 16 of 75, columns 0 to 36 of 75]
1.369999999999999864e-02 7.084767811866630183e+00 1.708476781627981467e+01 2.649068419086421144e+01 2.578870324549522053e+01 2.989622299323829324e+01 2.977725777080684466e+01 3.048721407515174064e+01 3.126539449844621643e+01 3.436236599083157728e+01 3.524500530595042136e+01 3.939413383408949443e+01 4.504259500293915153e+01 4.084372232201776143e+01 4.084372232201776143e+01 4.084372232201776143e+01 4.504259500293915153e+01 4.471652677799486497e+01 4.053362412225222045e+01 4.053362412225222045e+01 4.087904937482228718e+01 4.517705129408153653e+01 4.594177942973270490e+01 4.179664188750573572e+01 4.179496549403935290e+01 4.179496549403935290e+01 4.593295639372160366e+01 5.197478627600651180e+01 4.788885196450601001e+01 4.788885196450601001e+01 4.988937522054656881e+01 4.579102088726614994e+01 4.708723615308631594e+01 5.117835868486755402e+01 5.277505852286516586e+01 4.862952056619156593e+01 4.753146067438765243e+01
1.279999999999999888e-02 1.001279999999996306e+01 1.948385680120312102e+01 1.650666364970161126e+01 1.580600330293957967e+01 2.306189238525093188e+01 2.027706928364071715e+01 1.834725289026978601e+01 2.080970617377194998e+01 2.412116331601166408e+01 2.511521351291209569e+01 3.524500530595042136e+01 4.084372232201776143e+01 3.101197651233054486e+01 3.101197651233054486e+01 3.101197651233054486e+01 4.084372232201776143e+01 4.053362412225222045e+01 3.119521881430566879e+01 3.119521881430566879e+01 3.129209446594829913e+01 3.950854140583160756e+01 4.179597857089011370e+01 3.190902993925276832e+01 3.190900740288752147e+01 3.190900740288752147e+01 4.179496549403935290e+01 4.788885196450601001e+01 3.778414933992936398e+01 3.778414933992936398e+01 4.407124306163492378e+01 3.563793384184538127e+01 3.696415012826794566e+01 4.708723615673350338e+01 4.739955607614715660e+01 3.850425880603646078e+01 3.739270665999277554e+01
1.299999999999999940e-02 1.001299999999996260e+01 9.483854960703046899e+00 9.436273596264340924e+00 1.002863232679161065e+01 1.351090926843349571e+01 1.716166005957444440e+01 1.000839207165956601e+01 1.341621111368959340e+01 1.760234643949460676e+01 2.511521351291209569e+01 3.524500530595042136e+01 3.938466948408131429e+01 3.370787612298015290e+01 2.413194398754938064e+01 3.389162818908547337e+01 4.226459617871292096e+01 3.780161865719946945e+01 3.323023642260569233e+01 2.470096110712198723e+01 2.602096422631814576e+01 3.533774019547350065e+01 4.171172076234535098e+01 3.183673540324751627e+01 2.496657871193649214e+01 3.183803301221673721e+01 4.172369399973214144e+01 4.699190690766570100e+01 3.686705789503200492e+01 3.048698970095351157e+01 3.533541306881124200e+01 2.965726250291347910e+01 3.992913337572301913e+01 4.593247680256587984e+01 4.024379785412642008e+01 3.311412862394606549e+01 3.016377962125469736e+01
1.369999999999999864e-02 1.208928609334393611e+00 2.412787140192085733e+00 3.662787140192085733e+00 5.023786538631373588e+00 6.469416185979268263e+00 6.469416185979268263e+00 9.423213900209187699e+00 1.265397055327094833e+01 1.688983615106914371e+01 2.453106526523711040e+01 3.461105785025184645e+01 3.513175148229426270e+01 2.622126526385261158e+01 2.145955731848076198e+01 2.829790481912634448e+01 3.584612261124094346e+01 3.351050326914287325e+01 2.428108922188129171e+01 2.112200558906958392e+01 2.221743497770236786e+01 3.236784630787344241e+01 3.881491137177241058e+01 2.894876073109352888e+01 2.202120789244635191e+01 3.183848934954037446e+01 3.782766667232723279e+01 4.354397912342876964e+01 3.686705792707491725e+01 2.655538222132139836e+01 2.500454075153018962e+01 3.533541306880919564e+01 4.256304980574705610e+01 4.181242739058097158e+01 3.171329208232670638e+01 2.592654673101408136e+01 3.608148624023405659e+01
1.290000000000000001e-02 1.001289999999996283e+01 9.483854953639445640e+00 7.675955587424110327e+00 1.503150301369153752e+01 1.231122461500847720e+01 6.469416185979268263e+00 1.812849453013864220e+01 2.347942585520560144e+01 2.347942585520560144e+01 2.453106526523711040e+01 3.461105785025184645e+01 3.586891646470953532e+01 2.596989857696406290e+01 1.900734540106076409e+01 2.604184043013034611e+01 2.604184042996563520e+01 2.860758810154012721e+01 2.451247960155212979e+01 1.764324732393302497e+01 2.689392396891051717e+01 3.530910160917166252e+01 3.655146118206353378e+01 2.670116579820594538e+01 1.974667223340786393e+01 2.387067663336310730e+01 2.954193040791334823e+01 3.941257173426767935e+01 3.972631694261297497e+01 2.946453962477327693e+01 2.214983190251810186e+01 2.812264187674201921e+01 3.840894381223245801e+01 4.072859654738380186e+01 3.060560216239525744e+01 2.344319824886230208e+01 3.054115471191882847e+01
1.299999999999999940e-02 1.001299999999996260e+01 1.948384852765331132e+01 1.239027129461068455e+01 2.161648891952939877e+01 2.154421488918308825e+01 1.370629916221293776e+01 1.256867020349199748e+01 2.457713929109499063e+01 3.371254578020341341e+01 3.461105785025184645e+01 3.869904463358158608e+01 3.565391739322841858e+01 2.587849659744543018e+01 2.604184043013034611e+01 1.613129268795098170e+01 2.356420349456505647e+01 2.269142503986746817e+01 1.449813862330235992e+01 2.451239718521536304e+01 3.115468235494609672e+01 2.717771856591218338e+01 3.128180324610636376e+01 2.748844538022656891e+01 1.754540938191490795e+01 2.748844538022656891e+01 3.351195840617590704e+01 3.844682959972053737e+01 3.891828786440581212e+01 3.058592192204372395e+01 2.031263072570868289e+01 3.058592115533541289e+01 3.891817645192821828e+01 4.311370341895866432e+01 3.729040947797226124e+01 3.054115471191882847e+01 2.047273975961782710e+01
1.299999999999999940e-02 7.084067811865485176e+00 1.708406781186555179e+01 2.204137531060511535e+01 2.096435972299592621e+01 2.967410703603691857e+01 2.625733891316304636e+01 1.879995515136086937e+01 2.906458901463378197e+01 3.794284902842838392e+01 3.367856004384952939e+01 3.794284902842838392e+01 3.981346008561843774e+01 3.565391739322841858e+01 3.013199913393553331e+01 2.356420349458864649e+01 1.333116001723447575e+01 1.142612959937618555e+01 1.748652824801063232e+01 2.329357837150233479e+01 2.565492535082444903e+01 1.671961338683368581e+01 2.552037986732178609e+01 2.567310354477283241e+01 1.555689594283297872e+01 1.952314220040712911e+01 2.448890606505995748e+01 3.433104466459359116e+01 3.473844304322302179e+01 2.444855164474429188e+01 1.860374537089067815e+01 2.444855164472449260e+01 3.473844131492847964e+01 3.895509384456053681e+01 2.884960464098611510e+01 2.301455150011661743e+01 1.858192294151106694e+01
1.290000000000000001e-02 5.012899999999991252e+00 1.078640269189622636e+01 1.785747050376165035e+01 2.785747050376157929e+01 3.437094900598527403e+01 3.467837361516536276e+01 3.035441032885484702e+01 3.468006935142145153e+01 3.286748519249361067e+01 2.358755228691459038e+01 3.286748519249324119e+01 3.263525249001948936e+01 3.688963105648429064e+01 3.570594293820512632e+01 2.765643833551080277e+01 2.229462914189978306e+01 1.316826314848420409e+01 9.516579557897598463e+00 2.029036165356899346e+01 1.956934128195384659e+01 1.100059015852510491e+01 2.151431462681983930e+01 1.555689594283297872e+01 1.555689594283297872e+01 2.567310367810616611e+01 3.351195840617590704e+01 3.844682959464264371e+01 3.441354710701835273e+01 2.718578605108005419e+01 1.710122792318647100e+01 2.718578577740216318e+01 3.502452925227549940e+01 3.525481137931777909e+01 3.122398664576364169e+01 2.811399598222791951e+01 2.393075778630984374e+01
1.349999999999999985e-02 1.001349999999996321e+01 1.688266723926614432e+01 2.102480286300740175e+01 2.679830555493479949e+01 3.556274272512396095e+01 3.141453324293074090e+01 3.270952108398856240e+01 3.686130669695400286e+01 2.863302685565045635e+01 1.875585411440387418e+01 2.863305616538206522e+01 2.260884356548631757e+01 3.105952397680397681e+01 3.164201462525749164e+01 2.252264677997512266e+01 1.828977148643997808e+01 1.887079936142927039e+01 8.349886515675501997e+00 1.500080494686905297e+01 9.036044103125128402e+00 1.956964603350045095e+01 1.321363244022415984e+01 2.356373522259339737e+01 2.567310367810616611e+01 2.386127116677368321e+01 3.373483385292118442e+01 3.746040978567997115e+01 2.720658165531334660e+01 2.000902592697439886e+01 1.569355879218627159e+01 2.068561100473652914e+01 2.784652176974148929e+01 2.873820135211211380e+01 2.126205276072464656e+01 2.312125858724014549e+01 1.417803505424096677e+01
1.379999999999999977e-02 3.347133333333335514e+00 6.882667239266077708e+00 1.265616993116235278e+01 2.265616993116242028e+01 2.984768446404040887e+01 2.156250680853988300e+01 2.283406223112683975e+01 3.270952108398856240e+01 2.534065197827724703e+01 1.564110079461145197e+01 2.120475085215198163e+01 1.707470193018236415e+01 2.684650259843500564e+01 3.570594293820535370e+01 3.104490600699416802e+01 2.688081964696592863e+01 1.668541707293905674e+01 7.221871412416490443e+00 7.221871412416490443e+00 1.691536222620932861e+01 2.269670228800608314e+01 2.356350353925094154e+01 2.356373522156754774e+01 3.349271461471042954e+01 3.373483385292118442e+01 3.250555078141893972e+01 3.639537986888824150e+01 3.441327339208315550e+01 2.985752773057277665e+01 2.365703478095481671e+01 1.385587309851095483e+01 2.180414017428797280e+01 1.884634741214262732e+01 2.223865288219688452e+01 1.340776416950364869e+01 2.312111032940717337e+01
1.290000000000000001e-02 1.001289999999996283e+01 1.688266723926614432e+01 2.102480286301244661e+01 2.573704993319259771e+01 2.166395377556031221e+01 1.615446824123219471e+01 2.572651716180131842e+01 2.957497729205075032e+01 2.539371736988177375e+01 2.120475085215198163e+01 1.170919579839093672e+01 2.120475079660858242e+01 2.886699091203262668e+01 3.628025301688674631e+01 3.211942350033683624e+01 2.267765160940119529e+01 2.150641900273614127e+01 1.745367590054754814e+01 7.221871412416490443e+00 1.503050815850220445e+01 2.598224248220890331e+01 3.016844329796840540e+01 3.134618484133059013e+01 2.915377498927803046e+01 3.110318768186305505e+01 2.343247603744248408e+01 3.110329071796147815e+01 3.217766276496303846e+01 3.203203854397296624e+01 2.780140387656757639e+01 2.179995028863657325e+01 1.205764635500038295e+01 1.205764635500038295e+01 1.262020330980967486e+01 2.182506190798257961e+01 1.845417363450654591e+01
1.359999999999999924e-02 7.084667811865462461e+00 1.708466781186539052e+01 2.225346734146037875e+01 1.822186768837164905e+01 1.219001241188965778e+01 1.516763726693359793e+01 2.753480422674855177e+01 2.539371736986149841e+01 1.571661035915345117e+01 1.855096938031637777e+01 9.682788384463270503e+00 1.504551270283583086e+01 2.469124799467230602e+01 2.660067432463400294e+01 3.014839942148245200e+01 2.267689912316862788e+01 1.329665602215119691e+01 1.449073692040432704e+01 6.423088537919724672e+00 1.750130672345620653e+01 2.254305571684963994e+01 2.035584732518052675e+01 2.197945387257803773e+01 1.927883715484342630e+01 2.515671716790025059e+01 1.725862274009198316e+01 2.228527245393316392e+01 2.202243596824413174e+01 2.254524967592852036e+01 2.413696255534489765e+01 2.066796512283606546e+01 1.205764635500038295e+01 2.148120216888946743e+01 2.233205580694566450e+01 2.633968993460003105e+01 2.682184910804252453e+01
1.349999999999999985e-02 1.001349999999996321e+01 1.916521876589005302e+01 1.516040968961144486e+01 8.745826863476843016e+00 1.822186768837164905e+01 2.330428844531056853e+01 2.303777789966139622e+01 2.432338512919183415e+01 1.489271824994762028e+01 9.087728697617933449e+00 7.789992057817995530e+00 1.723576040971287071e+01 2.152969339886801592e+01 1.970413182171840205e+01 2.405709589863566933e+01 1.547019576672708396e+01 1.589823422374398554e+01 6.423088537919724672e+00 6.792020400030224891e+00 1.526266453401134093e+01 1.181959947143374379e+01 1.602957393766902428e+01 1.796517042527220909e+01 1.278252523166991317e+01 9.692231699712978710e+00 1.839149338984915261e+01 1.151944162635248148e+01 1.974802213604144896e+01 1.763430355795554760e+01 1.376078138280678687e+01 1.133682645033179526e+01 2.027933581175585687e+01 1.836497356357174482e+01 2.321997213732801413e+01 3.032132214244798263e+01 3.741062070241109438e+01
1.319999999999999993e-02 1.001319875853567254e+01 1.430166157568623753e+01 5.703080648996569302e+00 1.321880345444007077e+01 1.656520444570245232e+01 1.307280921448716171e+01 1.122162255567970490e+01 1.410720689566579189e+01 1.300383915553472747e+01 5.172562426008965097e+00 1.456752558420177301e+01 1.957819234250944618e+01 1.112695531992979703e+01 1.945141564187171923e+01 1.899601340180884179e+01 9.057442327937735627e+00 5.949833850446310635e+00 1.416547531519471015e+01 1.574115826689256359e+01 7.315538090370117708e+00 7.689357958799260651e+00 8.069233921210496874e+00 8.069233921210496874e+00 8.455688842741597711e+00 8.850841296125810942e+00 9.249695623375405518e+00 9.645295315959911520e+00 1.003924536445732585e+01 1.043288161556983695e+01 1.082895367253924412e+01 1.082895367253924412e+01 2.048525820502179329e+01 2.124135292849831558e+01 2.999770450163568469e+01 3.546211317046626732e+01 3.526339087700754504e+01
1.299999999999999940e-02 2.991819035160698803e-01 9.635855407237237102e+00 8.485529670093653110e+00 3.088459120399567936e+00 1.034030130478136833e+01 8.613016909553655509e+00 2.273898750238594779e+00 2.567159927171288381e+00 2.861014134303522471e+00 9.316293748334063096e+00 1.150684264374712562e+01 1.365323241258490938e+01 5.760590126104782271e+00 5.645764793247597169e+00 1.274077796928221673e+01 1.451322356290443594e+01 5.614669408547745100e+00 5.614669408547745100e+00 2.015000035093071418e+01 1.424307671935850195e+01 1.702833831225573391e+01 1.214227315091537562e+01 1.795390290762169272e+01 1.096892526047284733e+01 1.113028331888494904e+01 1.855627619577241560e+01 1.917815389152762506e+01 1.873565276951316605e+01 1.471651339269063108e+01 1.991248093814872533e+01 2.081040204317261555e+01 1.174144660093638670e+01 2.173757380379360882e+01 2.675195143042297019e+01 3.084855201560436200e+01 2.529563007438740740e+01
1.349999999999999985e-02 9.114374946545970246e+00 7.044023527526218631e-01 9.911720200908227252e-01 1.278414514920485523e+00 1.568911198939583640e+00 1.860275539042015147e+00 6.205416404664377161e+00 8.158541594315279255e+00 1.120897193075404275e+01 3.283606539967347082e+00 3.585931334947019433e+00 3.888513471615002715e+00 4.191756667655178070e+00 4.497207364403694285e+00 4.803765538482428710e+00 5.140094658813697315e+00 1.467523254374587793e+01 1.257493178385311339e+01 1.922290913199271500e+01 2.354674580407435514e+01 2.017504565049448928e+01 2.033791862890204172e+01 1.449589572779603763e+01 2.209082509577598685e+01 2.100287734890981284e+01 1.445721794805969118e+01 2.386857660783388724e+01 2.649008361266869116e+01 2.138972621516731110e+01 2.701978876647496719e+01 2.439432136599718248e+01 1.536901222934560884e+01 1.267275243246136007e+01 2.267747401506514393e+01 2.441836174929980174e+01 1.819384392383737747e+01
1.369999999999999864e-02 7.221692320045398183e+00 1.026241623014006876e+01 6.232543431059239580e+00 1.028785644856255388e+01 3.194739852139416580e+00 5.082989752898931179e+00 1.004169773892900963e+01 1.196533061351184557e+01 6.090395911748262670e+00 1.354961321934617047e+01 1.419348249326991684e+01 1.292963172186475163e+01 8.578497208906847860e+00 1.285661112257679228e+01 7.683334412823429993e+00 5.848410202043142547e+00 1.511515980947438109e+01 1.962667498109501452e+01 2.528399970623679138e+01 3.130023984313136509e+01 2.919916932560655098e+01 2.383378597985277381e+01 2.383378597986292391e+01 1.968150360289218526e+01 2.808249226815973287e+01 2.401712398526359493e+01 1.816932409845265894e+01 2.779109175878437554e+01 3.184789525706674951e+01 2.979443027760080653e+01 1.930369623006891189e+01 1.533597984469534303e+01 2.261938447588115508e+01 1.364082112125304569e+01 1.547713225925240721e+01 2.564343514934026302e+01
