output/example_1/elevation_000339.asc
nrows	75
cellsize	13.33333333
xllcorner	0
ncols	75
yllcorner	0
NODATA_value	-9999
[rows 34 to 50 of 75, columns 37 to 73 of 75]
2.925288062520015586e+01 2.632994371299421132e+01 3.631023630927830936e+01 4.081950387726995899e+01 3.504428873811614409e+01 2.656979012484475078e+01 1.719220718526440805e+01 2.347941123514459960e+01 2.264202475446089835e+01 1.248834866128999188e+01 2.263735190618390192e+01 1.370900935892983519e+01 2.374209570507016309e+01 2.065490655005147147e+01 2.896692491089439514e+01 2.765951816693214127e+01 3.487427511701758220e+01 3.196255267270336375e+01 4.190379493194710392e+01 4.318766534402820412e+01 4.232022361329310201e+01 3.383937203004832384e+01 3.411577934593267969e+01 3.966827304588082370e+01 3.546447816546213261e+01 3.199717891300321782e+01 2.182016367939859691e+01 2.208644689454099108e+01 1.176322468024215340e+01 2.178145404079478809e+01 3.034112593257179213e+01 2.909348001852971066e+01 2.478560564033065106e+01 1.770069549971371714e+01 2.757187735596452782e+01 3.096180154115880967e+01 3.530779930336699834e+01
1.932652399698589818e+01 2.520045218589127245e+01 3.515818494701439789e+01 3.669661490899461143e+01 2.691127957503899282e+01 2.164175627710671890e+01 1.784317205865540856e+01 1.417647218525748798e+01 1.417647218525748798e+01 2.162738046825602822e+01 1.248834866128999188e+01 2.263735237853597582e+01 2.675901617487221529e+01 3.057656138397968704e+01 3.470138595657615355e+01 3.761863496512992100e+01 4.173487849699714047e+01 4.190379493194710392e+01 4.602087629645392752e+01 5.332060133624025156e+01 4.817116832062971810e+01 4.397031038448503892e+01 4.424639975522377000e+01 4.844874545950131761e+01 4.223576318511978656e+01 3.199717957679514058e+01 2.483900686668559388e+01 1.519105699534897624e+01 1.127650401587498408e+01 2.116731009306951705e+01 2.197442000639730253e+01 2.274966500423612104e+01 1.460783634494902827e+01 2.478560564033065106e+01 1.918064118723318501e+01 2.218322097897986112e+01 2.629076120792761628e+01
1.525222839220236004e+01 2.228650801650744029e+01 3.223538298656697521e+01 3.632529269391297078e+01 3.514149386339165204e+01 2.907461736407772079e+01 2.010869765234279782e+01 1.588192129584957435e+01 2.064429402422459958e+01 1.133371912921791669e+01 2.162738046806652292e+01 1.248834866128999188e+01 2.263737213545272198e+01 2.801058705743451682e+01 3.064905475868530971e+01 3.414962386659331628e+01 3.826631188028928676e+01 4.322738371471777441e+01 5.015221312308162993e+01 4.593147756991797337e+01 4.649472981151126305e+01 4.224623357981399607e+01 4.649472976571079386e+01 4.611721780472813492e+01 4.014303509350755661e+01 3.586156534192156187e+01 2.887738896544402678e+01 2.129051415931666469e+01 1.078841664146045431e+01 2.068030071739108777e+01 2.011591446708095532e+01 1.235462419852785665e+01 2.274966500444669038e+01 1.460783634494902827e+01 2.591084221766029572e+01 3.126260409381638183e+01 3.553092057944706283e+01
2.373250927308534486e+01 2.784108546192967282e+01 2.636773770093649105e+01 2.636592564452686460e+01 3.342981683230568990e+01 3.314001304064458964e+01 2.528372916753514943e+01 1.632953634555005706e+01 1.022104806978202163e+01 2.063906955330613258e+01 2.572899204482304469e+01 2.263737213598608378e+01 1.561345430987066685e+01 1.814049974228531426e+01 2.077681258958105559e+01 2.424851925739641700e+01 2.919535357079953286e+01 3.910389416319157618e+01 4.593147756991797337e+01 3.575658808156147472e+01 3.873674421487736907e+01 3.209267527445580015e+01 4.140283456661360617e+01 4.184208863425124036e+01 3.148351843598862487e+01 2.565084996889173752e+01 2.526745163064920163e+01 1.529898890910963694e+01 1.838532202035702312e+01 1.009135781315404756e+01 1.009135781315404756e+01 2.091731194960727080e+01 2.706001366066440283e+01 2.641226078913178199e+01 1.898733528031232254e+01 2.340689797679520012e+01 3.228228334824694201e+01
1.368978597800440156e+01 2.231546804203147261e+01 1.636018225447014984e+01 2.547673792230445855e+01 2.347415618952912197e+01 3.050190716918879019e+01 2.627885165173017157e+01 1.699534214702836721e+01 9.440967867894533683e+00 1.986554188671711429e+01 2.885686255092672425e+01 2.969581267944894165e+01 2.266447054527683136e+01 2.374223564650434781e+01 3.064905476097806414e+01 2.883106421124434604e+01 3.826631188042656362e+01 4.322738371475094254e+01 4.518620037313463911e+01 3.873674421487736907e+01 2.877800358534013370e+01 2.726229286610114499e+01 3.716710952466767992e+01 3.894801017656269693e+01 3.475978340667018784e+01 2.996640607270486356e+01 1.999832597669039558e+01 2.521397680058776203e+01 2.033452188687023110e+01 1.009135781315404756e+01 2.006895059547829163e+01 2.076729454493016647e+01 3.123945737607267858e+01 3.591141701225087246e+01 2.612711019550345171e+01 3.556541319821721459e+01 3.228228334824695622e+01
2.231839373921775405e+01 1.212785832407470821e+01 1.104271004496935404e+01 2.002770980935540734e+01 1.633245635522922967e+01 2.638794160629875307e+01 2.603763494477712470e+01 1.844506475334417317e+01 8.684129543993147848e+00 1.589213999690309365e+01 2.460017972237054806e+01 3.090671971593522471e+01 3.260101845718479296e+01 3.365520573816878169e+01 3.777493653115755023e+01 3.873818506653169180e+01 4.286348626458544686e+01 4.817297900847834313e+01 3.797440815948119308e+01 3.092948619998477255e+01 3.341344814199861446e+01 2.377811571354979137e+01 3.341357343780969558e+01 3.326390861784020103e+01 2.502486194488884053e+01 3.326390860563007834e+01 2.996616650341850630e+01 2.550115790935917204e+01 1.558889209611248816e+01 9.611627537260092780e+00 1.466872440689612489e+01 2.051440323103270202e+01 2.740897331429105321e+01 3.741392942500309715e+01 3.813928084274139962e+01 4.266158986294544064e+01 4.371009609041245625e+01
1.810670539690218561e+01 1.733397106268529342e+01 1.993546954789288961e+01 9.529892245797636718e+00 1.871624398523579913e+01 2.286113813328627486e+01 2.389368060250195214e+01 1.390603840737140118e+01 7.965719697369768149e+00 1.075725971580841822e+01 1.656633645787328390e+01 2.674613968211847848e+01 3.328040236787774830e+01 3.906248307218833560e+01 4.058774459384780187e+01 3.643669914067967852e+01 3.772417154921934923e+01 4.188276416002689473e+01 4.096710304052808738e+01 3.092956270569336397e+01 2.419985754209545092e+01 2.156178010669115963e+01 2.861991761571136195e+01 2.704144826289980941e+01 1.961674069348480387e+01 2.913834491054736375e+01 3.451822526269273084e+01 2.808044198553088222e+01 1.970498302870681329e+01 9.138493375948437247e+00 1.969881496107260332e+01 2.833238596610923565e+01 3.087398506159136247e+01 3.510689086287445093e+01 4.099938054840590240e+01 4.189546911372895011e+01 4.189546911372895011e+01
2.806218264945186647e+01 2.306963418440284386e+01 2.415054215221450562e+01 1.871956416351222785e+01 8.098452205928964531e+00 1.743748116690077765e+01 2.124642131209577656e+01 1.707067057395483900e+01 7.312281073644250284e+00 1.798228828156840464e+01 1.503565475062957191e+01 1.891346794249551166e+01 2.489933569504282218e+01 3.495582259791013513e+01 3.503273512967820125e+01 2.698080589030084653e+01 2.818270609932950066e+01 3.772417154921934923e+01 4.095905186023507838e+01 3.092945919108575481e+01 3.386392703309528684e+01 2.576465962565367107e+01 1.914900300503980546e+01 1.753820097039408665e+01 1.596462114838851676e+01 2.076601322922453718e+01 2.764959182006425209e+01 2.583156223125256545e+01 1.630070155480963123e+01 8.675177017922052869e+00 1.933940680343712515e+01 2.499866605651634899e+01 2.076445241212902104e+01 2.656578843497388931e+01 3.675909109952372233e+01 3.165104829606377734e+01 3.165104829606377734e+01
3.675318602353850395e+01 3.279814517227991644e+01 2.588117767831665006e+01 1.575562754288531053e+01 1.743748116195665787e+01 6.799212565445620804e+00 1.616577393476005753e+01 6.439536178977837366e+00 1.707067866451930271e+01 2.215293401215966895e+01 2.089021790154995628e+01 2.913071665990853631e+01 3.328040236787642669e+01 3.111812912516306540e+01 2.717047544681981108e+01 2.204945578930006533e+01 2.818270609932949711e+01 3.772417154927637739e+01 4.517111539604427861e+01 4.095875973011886373e+01 3.966640994864640390e+01 3.272502387310920113e+01 2.861988256989883794e+01 2.420536387308921888e+01 2.358284607423127355e+01 1.384898045272835887e+01 2.358498944273429032e+01 2.782427909942131450e+01 1.785315750434125093e+01 8.220602795491696924e+00 1.907870823371783686e+01 1.488560513384837058e+01 2.503724366479933039e+01 2.716050613510823553e+01 2.958409680207706316e+01 2.451662391996245560e+01 3.465156968381280933e+01
3.202190549773083461e+01 2.786891660150829253e+01 3.001390194519854404e+01 2.588278538117521421e+01 2.151836222417581723e+01 1.605301551681886352e+01 5.615516632078393577e+00 1.573761827682081460e+01 1.484252984934317965e+01 2.484026661070986819e+01 3.109931195366339196e+01 3.523045285893854839e+01 3.365567689317830258e+01 2.448421700402616707e+01 1.833143631183443389e+01 2.586716424568021466e+01 3.260133496482441018e+01 3.512351079290615274e+01 3.926671116745414736e+01 4.097061253121216851e+01 3.675176588229895458e+01 3.675176588229907537e+01 3.804458370642765175e+01 2.908302743796869194e+01 1.943487753960148723e+01 1.233965604753918477e+01 2.043259390669024711e+01 2.048634267761861238e+01 1.843811003752747624e+01 8.220602795491696924e+00 9.821350169092330162e+00 2.024534482818176429e+01 2.390896775497586901e+01 1.713859177464909322e+01 1.959137648785637609e+01 2.329953040964722888e+01 2.828616643411922738e+01
2.287356864242195442e+01 1.792204435566024756e+01 2.289548067131334719e+01 2.017025058735271870e+01 1.918147355113728381e+01 1.494537120283606768e+01 5.145448265136999488e+00 5.145448265136999488e+00 1.511508363923560516e+01 2.795327239633290262e+01 3.655474240749358472e+01 3.633898955385709684e+01 3.218271436413742492e+01 2.503680374914588924e+01 1.593018847930130377e+01 1.972779089673633024e+01 2.778956520173032985e+01 2.558505728899722342e+01 3.512351079290615274e+01 3.675176588229895458e+01 2.666919718329636879e+01 2.666919718329636879e+01 3.381990485725426510e+01 3.197099391535416757e+01 2.225983865514325899e+01 2.043337168159013828e+01 1.019514673737004351e+01 1.790858596445167095e+01 1.812821441864178240e+01 7.791315070445860691e+00 1.868633689224332173e+01 1.215015857236221386e+01 1.375838775997473107e+01 1.624036152729152960e+01 2.627389404833354902e+01 3.340275782939885119e+01 3.763816579462715595e+01
3.202190549773083461e+01 2.289548067131334719e+01 1.269692071413421530e+01 9.367625893563655382e+00 1.492784353555251187e+01 4.485815601537540331e+00 1.492311539294020761e+01 8.267752777391100594e+00 1.899808853526175767e+01 2.209365474019766040e+01 3.241254350966713815e+01 3.218271436413742492e+01 2.235161665964284694e+01 2.297248943579274894e+01 1.349917687374409958e+01 1.585174213872860172e+01 1.908696278746815267e+01 2.558505728899722342e+01 3.512351079290819911e+01 3.675176588229895458e+01 2.666919718329636879e+01 1.969364739127955133e+01 2.518207885601876939e+01 2.935279001657039544e+01 2.784840957099477166e+01 2.056515825054611213e+01 8.674821274107673119e+00 1.416886412322922340e+01 7.085372069727154276e+00 1.813396937639950934e+01 2.281231869944427615e+01 2.219935459024886626e+01 1.836423293380931199e+01 2.627389404818852725e+01 1.992358819084530097e+01 2.992640707194361838e+01 3.405879887584524113e+01
3.281992160761328137e+01 2.288643518899877094e+01 2.289548067131332587e+01 1.329659358669254487e+01 5.169303078321092926e+00 4.016787784051792265e+00 6.526356842848777262e+00 1.811571916384432868e+01 1.340401883537058580e+01 1.959667329226442334e+01 2.998641582672403771e+01 3.202764201275122957e+01 2.224072566894111347e+01 1.519869408428137980e+01 1.121670560896066959e+01 2.157654751005618010e+01 2.837880563825772029e+01 3.242588421426374623e+01 3.419595697319696370e+01 2.983401109324590550e+01 3.224270408254265874e+01 2.225747212835897315e+01 1.514632506849799931e+01 2.163390407728100939e+01 2.424530699093126174e+01 1.582237484334364730e+01 1.309962279067594970e+01 6.822615968242810247e+00 6.700384023913735554e+00 1.343635458683742812e+01 1.889603117043711222e+01 2.729391504841207450e+01 2.542475084836278754e+01 2.839155787902718941e+01 2.992640707194361838e+01 2.393654752907206529e+01 3.105854622285065858e+01
2.921538148990212491e+01 2.495181326760637930e+01 2.788619882773434000e+01 2.022520946076000214e+01 1.365929626124920482e+01 3.549121541346579534e+00 1.391835690023466832e+01 2.143428385088179766e+01 2.398720632053387902e+01 2.820567723633995527e+01 3.414400298370928510e+01 3.032873773920054816e+01 2.504929885828255465e+01 1.536405604619235810e+01 9.379765581310449463e+00 1.984990718840054313e+01 2.837717821188376632e+01 2.919720330723995971e+01 2.803171268561805007e+01 1.909670381698413522e+01 2.803171260711087953e+01 2.935279001236548169e+01 2.163390407703083085e+01 1.121562504431343221e+01 1.834999888130592538e+01 1.725063376674567195e+01 9.713279307201922563e+00 6.143748157314390390e+00 1.997755637596434397e+01 2.230443274949307408e+01 2.613232130454431967e+01 3.173515302413627026e+01 3.555406364956377985e+01 3.854709293219368504e+01 3.829417937589464316e+01 3.105854622285065858e+01 3.105854622285065858e+01
2.318849751143266857e+01 1.466091088919498908e+01 2.320547760631365719e+01 1.972181252880303504e+01 1.009718090754777542e+01 3.090780522951337428e+00 5.304829198046053129e+00 1.399849812629207157e+01 2.539152633652709667e+01 3.544617876001518653e+01 2.533490713235724812e+01 2.011597843487883708e+01 2.011644729171121782e+01 1.829306646405699865e+01 7.746176344501766842e+00 1.397465305547595094e+01 2.419212898256002831e+01 1.820323498453810984e+01 2.363256514800106700e+01 1.316711350238474409e+01 2.363256518378639726e+01 2.948029949659609272e+01 2.569768989472823151e+01 1.834758635039359120e+01 7.486308145465619290e+00 1.359937569205276731e+01 5.519317813702846465e+00 7.755541225445245601e+00 1.842827348323518066e+01 2.116662544179364858e+01 2.360950459299091975e+01 2.674933520985371871e+01 3.046393756342800430e+01 3.462266571004713001e+01 4.038703230364328078e+01 4.130204952125061624e+01 4.130204952125061624e+01
1.653766165416218570e+01 8.646563236835866917e+00 1.896043200144611873e+01 1.689632692423096216e+01 1.116598068066529237e+01 2.632221384849813273e+00 1.291957912304726186e+01 1.642236687301851816e+01 2.609159078283870059e+01 2.595332269337546549e+01 2.457919493921548337e+01 1.549772683375520010e+01 9.798446231455967492e+00 1.480793955078545743e+01 6.186579286345683215e+00 1.679087051163951116e+01 1.963536460065770584e+01 1.138318437126260108e+01 1.555319533444519564e+01 1.002120880937509995e+01 1.988531631368658381e+01 1.766565203398545236e+01 2.053921376888135342e+01 1.590044404873667006e+01 4.993503889532078688e+00 4.993503889532078688e+00 1.615988763500575942e+01 1.842827347322614528e+01 1.092037062148498627e+01 1.092037062148498627e+01 1.362213215635050467e+01 1.682031892770506687e+01 2.033408532189727680e+01 2.626728589639304090e+01 3.628566274622683352e+01 4.276173238688081568e+01 4.276173238688081568e+01
6.249765328061838154e+00 4.729658568990624090e+00 1.142009910372987314e+01 1.221436255911866375e+01 1.987845401711311855e+00 1.113847154977631781e+01 1.042996360701514469e+01 1.747447368084958086e+01 2.529193654388890522e+01 1.300436012396569474e+01 1.238364659874513585e+01 1.755693750674211273e+01 1.361628805696101274e+01 4.365974524646179411e+00 1.388803890044412093e+01 1.357806736067462516e+01 1.421781530160583173e+01 7.031072857509203189e+00 6.438745372800147138e+00 1.526521698901560242e+01 1.537031125657853003e+01 1.033174246261324214e+01 1.578241362309153573e+01 4.993503889532078688e+00 1.573727762122294394e+01 1.171609195881638144e+01 2.044165202088398914e+01 2.493028741221727884e+01 1.499477301986635780e+01 2.116672547209423527e+01 2.065736207342845887e+01 2.177261361554070973e+01 3.046393756342800430e+01 3.462266570595127746e+01 3.679365832820358406e+01 3.242472489391674628e+01 3.971986091049277690e+01
