output/example_1/elevation_000034.asc
nrows	75
cellsize	13.33333333
xllcorner	0
ncols	75
yllcorner	0
NODATA_value	-9999
[rows 17 to 33 of 75, columns 37 to 73 of 75]
3.581122647357698696e+01 2.844413416028839592e+01 3.509979867028711453e+01 3.924030004429579321e+01 3.714977785347783623e+01 3.298633654477509936e+01 2.496243395940441445e+01 2.845450021823930697e+01 3.373970875528087277e+01 4.381180017688011219e+01 4.771110222722347061e+01 4.276268804363873954e+01 3.868155048078457270e+01 3.110098952239018999e+01 2.116162253118250902e+01 2.890575059083058918e+01 2.890575076540510224e+01 3.358100022974396381e+01 3.270753176856041478e+01 2.698182217416265516e+01 1.717697986951713318e+01 2.533498015694728522e+01 2.950564090325678634e+01 2.773597069978218599e+01 2.279976758478233023e+01 1.500968091692551809e+01 2.483935143904484022e+01 2.807309640682060703e+01 2.206646532930481541e+01 3.199381778683183697e+01 3.863349991475975997e+01 3.158636037682348885e+01 3.625053120385486949e+01 2.907244485149412583e+01 3.140819443035788439e+01 3.573257394261376874e+01 4.274815034443421524e+01
4.098634696356909046e+01 3.078993163809116496e+01 2.476749702883510551e+01 3.205301709335284954e+01 3.076715117690568491e+01 2.269494312260267321e+01 3.298633654477509936e+01 3.877575446608048537e+01 4.287161998610265812e+01 4.786602808001501330e+01 4.364822763567547526e+01 3.371487332589366304e+01 2.870265151767124223e+01 2.537812369301460080e+01 2.890575059083058918e+01 1.899744423921157477e+01 2.686182157874441501e+01 2.363146244134750162e+01 2.364483466873072004e+01 2.776731673724687965e+01 2.540634148365918676e+01 1.562839166879524200e+01 2.387452153027679813e+01 2.336854551910839106e+01 1.432552808819317391e+01 2.410361866168719303e+01 2.171575570414982082e+01 3.053236542110687068e+01 3.199381778683183697e+01 2.676251659589401655e+01 3.665912259556350250e+01 4.152223981373469996e+01 4.242895458162455213e+01 3.254569876942074558e+01 4.125579852320043273e+01 3.596988183614934087e+01 4.299356705483502594e+01
4.506398724316476745e+01 3.923799806475289387e+01 3.205301718625474905e+01 2.184441502168769844e+01 2.064297781083140038e+01 3.076715204835996076e+01 3.490248275746060358e+01 3.880353388733343678e+01 4.130726014953278025e+01 4.529695272171857567e+01 4.771110222722347061e+01 4.276268804363873954e+01 3.868155048078457270e+01 3.535525082641346728e+01 3.301286057483637393e+01 2.686182304319236636e+01 1.698469907371865872e+01 2.362746846659624467e+01 1.388591344165005736e+01 2.362420504485699979e+01 2.493238433092454542e+01 2.285832135859912739e+01 1.417681780043944784e+01 1.367490741002483290e+01 2.336040532897305155e+01 2.773754014342025087e+01 3.039492118129741982e+01 3.405841954207949129e+01 4.072441075082974749e+01 3.379016580922601065e+01 3.379016580922601065e+01 4.358539697900004484e+01 4.660027947703026285e+01 3.740249711134174504e+01 4.660027947703636642e+01 4.299356705483502594e+01 4.299356705483503305e+01
4.249950691987569229e+01 3.810689255717220192e+01 3.622287954930206411e+01 2.927462451800778354e+01 1.931681472694898005e+01 2.927462650834246816e+01 2.482609501817969999e+01 3.479250201007175036e+01 3.149034931413787675e+01 3.851247214316575906e+01 4.807844586764436201e+01 4.101575117110638047e+01 3.689843685754829750e+01 3.689843685760678227e+01 3.679442513124534031e+01 2.686182265941555158e+01 2.492484278862533742e+01 1.511017029596764161e+01 1.388591344165005736e+01 2.191777753573801846e+01 1.280712574120401648e+01 1.319934527597552432e+01 1.319934527597552432e+01 1.319934527597552432e+01 1.395258495486654304e+01 2.365690407238654913e+01 2.775132730109917034e+01 3.328763631989515659e+01 3.769241108105245530e+01 4.358539697900180698e+01 4.358539697900004484e+01 4.765865567733680308e+01 5.163071369689020429e+01 4.745541205274845709e+01 5.163071369764305985e+01 5.315509522686610211e+01 5.315509522686603106e+01
3.810689255717220192e+01 2.756791919434166616e+01 3.065471301419263028e+01 2.813248994219035026e+01 1.831419865902895339e+01 2.812833250295105003e+01 2.482609501817969999e+01 2.507205231640822518e+01 3.221224598832927910e+01 4.183792796707952277e+01 4.379866164408685592e+01 3.689843685754829750e+01 2.710565972485244046e+01 2.710565972485244046e+01 3.406070534430810426e+01 3.484488199146555587e+01 2.492464306169448918e+01 2.491836364008919347e+01 2.137975238041365600e+01 1.227490840896705571e+01 1.645640369774626777e+01 2.250469905093065748e+01 1.319934527597552432e+01 2.280510842632749657e+01 2.365690407259382866e+01 1.505250610716488779e+01 2.484907804803597386e+01 2.323670782621623587e+01 3.346160864338490626e+01 4.308822635616149199e+01 4.308822635618507491e+01 4.718300332802945007e+01 5.092900225785548685e+01 4.682207378717120605e+01 4.553755796829494074e+01 4.902529535631828850e+01 5.313579663867146508e+01
3.810689255717220192e+01 2.756791919434166616e+01 2.051269317440861428e+01 2.554329475371811142e+01 1.733605226939050681e+01 2.685886609342776765e+01 2.046815364353792788e+01 3.037713522937362143e+01 3.911946849839911522e+01 3.909646095089662055e+01 3.171889079614986429e+01 3.520827021742222485e+01 2.687341968702091677e+01 2.025676101817514763e+01 2.588393342281817056e+01 2.943031666571373250e+01 2.473353396308736052e+01 2.090736207544126302e+01 1.185702483291322729e+01 2.106350966703067229e+01 1.997218712480008662e+01 1.846192433331867022e+01 2.293673504894544024e+01 2.718667310575703411e+01 2.893411814864061427e+01 2.194374474689120547e+01 1.623607376071998587e+01 2.607479555409653926e+01 3.147967040556307339e+01 3.329695774486673798e+01 3.329695774486673798e+01 4.308822635618817998e+01 4.521329572254149554e+01 3.692843774183033645e+01 3.563719279113052352e+01 3.916048351647607006e+01 4.408815727779828109e+01
3.781470238301607623e+01 3.356376495776788005e+01 2.558370309013370658e+01 1.595059414455488245e+01 2.408394910971783887e+01 1.724804349561919992e+01 2.265426833273085450e+01 2.959150341058287381e+01 3.920644819745759690e+01 3.300541869938033557e+01 2.388998861620911640e+01 3.294165985587929413e+01 3.394846792636895572e+01 2.588391101752343104e+01 1.629398386238406360e+01 2.235509262678773368e+01 1.871913395429037408e+01 1.238966180749151746e+01 1.161292458576710729e+01 2.236597375835911095e+01 2.791000342985816829e+01 2.800665215102752370e+01 2.516269114480905245e+01 3.490843705423654342e+01 3.582010755681462655e+01 3.008954284523661471e+01 2.059409032383863547e+01 1.750629271435702350e+01 2.736360030531211152e+01 2.629749637118663941e+01 3.616475392469815375e+01 4.155307067835516932e+01 3.743193629262101041e+01 3.103724101624987242e+01 3.989258204707432043e+01 4.399722009084064211e+01 5.313579663867146508e+01
3.356376495776432733e+01 2.347719662094028337e+01 2.641434834150151190e+01 2.384063796469990493e+01 1.462818830363229239e+01 2.408421546183545559e+01 2.648307404089824857e+01 3.575574168738334180e+01 3.403523636122426410e+01 2.859696601743595323e+01 1.922058883028423537e+01 2.855779675816158658e+01 2.950154199131210220e+01 2.848628356249420435e+01 2.237751006214073257e+01 1.329784029688197222e+01 2.002191285119280550e+01 1.124752088398632921e+01 1.193648386206932877e+01 2.232726918546276806e+01 2.433740128736741326e+01 3.376326057992867646e+01 3.490843705421585241e+01 3.896009841337860280e+01 3.754356379745877348e+01 2.759486820537266993e+01 2.828973066326987151e+01 1.841820837962236723e+01 2.139709604473453197e+01 2.875599550770197865e+01 3.817951948403666051e+01 3.491925460377547807e+01 2.692063395689658734e+01 2.974708388507360723e+01 2.974708388507360723e+01 3.989259185882997372e+01 4.843101116288349317e+01
3.222790247547629860e+01 2.218821132620100656e+01 1.684357726360967789e+01 2.202427415655678544e+01 1.380209474232860778e+01 2.321376356569935240e+01 3.076075506000765003e+01 3.457416699147967876e+01 2.991862359667855031e+01 2.069338177464176454e+01 1.594060122742988028e+01 2.182432716694461305e+01 2.138515169776208680e+01 1.931361269529249114e+01 1.951068675634168414e+01 1.307408953730636370e+01 1.082116270573303218e+01 1.135368677784405911e+01 1.733916165997898773e+01 1.577761622652087681e+01 2.323304822880394127e+01 3.546273649267676831e+01 3.937994111728460922e+01 4.355052354356136846e+01 4.165196623604222026e+01 3.754356403052427993e+01 2.828973817551527148e+01 1.841820837962236723e+01 2.828973262104046427e+01 3.386426006011005541e+01 3.491924101115797896e+01 2.414095355983310398e+01 3.491925460377547807e+01 3.989258050641426934e+01 3.989255972339117307e+01 3.441036985832158024e+01 4.015661159422069204e+01
3.648092560132597129e+01 3.011624774045237274e+01 2.202427467712047715e+01 1.265686052341736634e+01 2.089490688239270000e+01 2.412015181636745709e+01 2.133719345334406015e+01 3.076075506000836413e+01 3.401374685185751900e+01 2.923411548864489262e+01 2.182109789848075820e+01 1.228754151113205495e+01 1.920404878606678523e+01 1.876703311916177341e+01 1.005899222461590981e+01 1.038850808723089258e+01 1.992079302993353451e+01 1.950277941922573888e+01 1.210399357578181245e+01 2.185591141263767412e+01 3.018739483458758244e+01 3.235659056505041065e+01 2.944742351313997375e+01 3.937994111751714144e+01 4.107295991557839443e+01 3.112738350355777328e+01 2.407997955727669748e+01 2.828973817551527148e+01 1.984457195456361589e+01 2.975846987159931345e+01 3.128631163225764311e+01 2.271138347796741641e+01 3.319627672540438112e+01 3.894149182467518244e+01 4.392015781945271158e+01 4.432776947764016739e+01 4.143576719989550128e+01
3.761165986527558402e+01 2.880172763061024099e+01 1.623779289038438378e+01 1.766196202058005937e+01 1.161894581834255646e+01 1.515981122753327170e+01 2.195879799723059023e+01 2.873079859666116320e+01 2.870658667769075478e+01 2.481933429073374242e+01 2.225656704440737599e+01 1.833269463486679385e+01 9.246992870821088673e+00 9.583776935744340975e+00 1.606321052004863503e+01 1.719886251464285820e+01 2.586062491808079500e+01 2.216592883226059030e+01 1.275622741326165510e+01 2.189596546673345046e+01 2.671805499554793428e+01 2.259038352825200846e+01 3.130747364224061613e+01 3.543630918792676709e+01 4.107651397900638557e+01 3.815454707609484331e+01 3.112738350355777328e+01 3.387935864326209412e+01 2.683793684611635300e+01 2.131808235710948551e+01 2.131808235710948551e+01 2.492196052421562413e+01 2.490618126430634405e+01 2.983831470835097477e+01 3.691655370603393038e+01 4.681568994556257479e+01 5.130978546617526348e+01
3.326514366342941287e+01 2.235501556175256610e+01 2.094740733577534897e+01 2.109795153693057301e+01 1.089491564443528127e+01 1.599009740857813000e+01 1.498540436502199569e+01 2.414755061197323371e+01 2.405433868607660486e+01 1.584753336669527890e+01 1.787985696484620135e+01 8.773723482181171818e+00 1.265230700857416402e+01 1.669759460531428630e+01 1.805681685868789188e+01 2.607857637128201134e+01 3.192205903128770572e+01 2.630944994775688173e+01 1.677525073551846546e+01 1.380835899871293826e+01 1.711843153355308189e+01 2.442669316481385877e+01 2.157658093895001983e+01 3.130747376665345527e+01 3.124024015585887426e+01 3.824800377251188621e+01 4.107295991557839443e+01 4.092053448788283276e+01 3.540644560240411209e+01 2.628977742182101096e+01 3.128631163225774259e+01 2.752167414120443922e+01 3.482712446927270378e+01 2.783379086072627828e+01 3.784588409660450736e+01 4.526270540743443149e+01 4.968598579123224823e+01
3.761166599543461331e+01 3.278744643335701170e+01 2.930091589887577541e+01 2.372454787961241962e+01 1.432735659620951907e+01 9.837575131781310489e+00 1.866937631639475015e+01 2.340272707983494982e+01 1.544162637977658470e+01 1.689694464063480339e+01 8.297291594618132038e+00 1.768582401908972557e+01 1.191124362319062335e+01 1.504749538946787091e+01 2.387112525239427541e+01 3.085145420945752903e+01 3.369776613290443379e+01 2.368512211483916730e+01 2.505449311486691144e+01 2.332103814314709567e+01 1.487624213180141020e+01 1.487624213180141020e+01 2.442669240997333802e+01 2.875386135299137891e+01 2.454381963187872273e+01 3.124024015587158942e+01 4.107651407492978279e+01 4.430462619790892376e+01 4.039256995771341252e+01 3.628284659213213104e+01 4.039256995167338715e+01 3.326560710881791749e+01 4.155815930024397886e+01 3.494275568180769653e+01 3.121444057063920496e+01 3.569829417492208279e+01 4.141024311230196986e+01
3.101673210631377842e+01 3.553248811840680332e+01 3.322863118840418650e+01 2.356211686948168094e+01 1.836716468974373129e+01 9.072516773198822548e+00 1.735874973545611155e+01 1.815356123411853773e+01 9.807545587795489794e+00 7.819612720667856287e+00 1.744912728317147099e+01 8.297291594618132038e+00 2.209093113293458543e+01 2.398765298131102952e+01 2.118215726013209022e+01 3.134220852592409656e+01 3.794101772577550946e+01 3.367769390505964111e+01 3.262091172642655579e+01 2.442669331410292699e+01 1.487624213180141020e+01 2.442669331414543166e+01 1.604931027498162521e+01 1.918659802557536764e+01 2.875386151964342218e+01 3.787491290146288492e+01 3.385898523992141662e+01 3.385013684622222030e+01 3.736119624994923782e+01 3.733663734157519087e+01 4.163439171812263595e+01 4.317490991367243680e+01 4.727917404540828983e+01 4.485465608891764333e+01 3.698578649077879277e+01 3.622089256761858422e+01 4.320909191962244478e+01
2.048504927822167332e+01 2.938928197232746697e+01 3.175034392341877520e+01 2.210833048256998268e+01 1.553783204241186944e+01 1.735639668391035428e+01 7.931875005065156969e+00 1.603450875120582708e+01 7.233237786082954202e+00 1.641636573866069426e+01 1.527254573166384866e+01 2.190343003605574879e+01 1.887396353624487944e+01 2.988454103710045118e+01 3.134220852592409656e+01 3.561969982051584793e+01 3.994337578420061163e+01 3.563194825302915092e+01 2.500127141484116322e+01 1.895599259123286728e+01 2.442669331414543166e+01 2.850642495657206865e+01 2.562948758524437309e+01 1.604931027498162521e+01 2.562589904057421464e+01 2.802483639913098301e+01 2.356102226756370754e+01 3.010573303985555782e+01 2.712656664318729582e+01 2.712584532739223420e+01 3.733663686383156488e+01 4.637765337501853935e+01 4.821252560397362430e+01 5.097291977245844663e+01 4.686588640830358088e+01 4.610231958713243472e+01 4.320909191962244478e+01
1.552405286890629021e+01 1.990528082170716218e+01 2.415022964899191038e+01 2.895647175018766006e+01 2.276844868395258814e+01 1.872054540982438198e+01 1.610564912367212997e+01 6.443736196770795566e+00 1.330332903238500286e+01 1.980108566670111969e+01 2.413289748107019506e+01 2.834873644272846249e+01 2.988258175190605570e+01 3.396202592617699878e+01 3.601223132877658628e+01 3.185249352846274462e+01 3.128592103416826831e+01 3.930790446642929936e+01 3.299945006270058911e+01 2.385468650943111513e+01 3.299945006269505399e+01 3.255505136863589399e+01 2.278439280477852336e+01 2.486794890941364145e+01 1.733580950041365298e+01 1.831129004302082208e+01 1.929360162266788237e+01 2.030223756787306399e+01 2.030223756787306399e+01 3.011651658948653321e+01 3.183018424546838077e+01 3.964272095940889074e+01 3.771716768022040611e+01 4.821252519047212104e+01 4.733973448443393295e+01 5.164652782743710446e+01 5.308718906106811630e+01
1.958712536104474111e+01 1.224763372384704674e+01 1.893638691097822147e+01 2.421683793631367010e+01 1.881937559268084925e+01 1.082796543761711838e+01 1.060713427432199119e+01 5.977166342481200267e+00 1.234138608519479874e+01 2.232291033865394780e+01 2.938785508151019954e+01 2.882300157266526597e+01 3.265323761267072911e+01 3.158007042606462633e+01 2.771491796033377852e+01 2.298892426527123334e+01 2.943498629382470355e+01 3.865525961671704636e+01 3.800088732509968281e+01 3.383321606523368530e+01 3.800088732508313427e+01 3.665229588226405610e+01 3.240228084999750990e+01 2.906422557705669618e+01 1.994348768676684713e+01 2.791578171395740426e+01 2.904380225845024555e+01 2.378649526885876497e+01 3.011651658881018534e+01 2.189439120279229911e+01 3.183538322606242588e+01 2.928528196203442491e+01 3.964247994585992529e+01 4.557889525667990682e+01 3.678470634432878228e+01 4.557852150617406295e+01 5.028070179507216864e+01
