output/example_1/elevation_000146.asc
nrows	75
cellsize	13.33333333
xllcorner	0
ncols	75
yllcorner	0
NODATA_value	-9999
[rows 34 to 50 of 75, columns 37 to 73 of 75]
3.105847521788430754e+01 4.063274434290775616e+01 4.488787404475528575e+01 3.726588350100205815e+01 2.665151235908194494e+01 3.726588350844466646e+01 4.468739340457204889e+01 4.064115071635762177e+01 3.487037114524011372e+01 3.320771416449100144e+01 2.717112835332169851e+01 1.693994928630853636e+01 2.539130168130999721e+01 1.807205387536571806e+01 2.836647315459655871e+01 3.604787472277881477e+01 3.098651284307820220e+01 1.971181387940443130e+01 1.208942897439107789e+01 8.896007190975730339e+00 1.341585264906096420e+01 1.603086065708095731e+01 2.425155136791975963e+01 2.360816111465423717e+01 1.653272766004451810e+01 1.107836673240873360e+01 2.029275936692238247e+01 2.203830501104797790e+01 1.341390290186051359e+01 2.327523424792036977e+01 2.265410939193689188e+01 2.908748124071658481e+01 3.073973507334445188e+01 2.394310776246574335e+01 3.427757301231088150e+01 3.305583379639723063e+01 3.861132506311221135e+01
3.404423429992331762e+01 3.834878929975516115e+01 3.605686383350417401e+01 3.015025767429705539e+01 2.287878141379957242e+01 3.351313070151499574e+01 3.821057462997723064e+01 4.346890054135548098e+01 4.465780913051327872e+01 3.736760504740230004e+01 2.716924540692552981e+01 2.539130168131000431e+01 1.531078778589119516e+01 1.580282175620659579e+01 2.158849411602531632e+01 3.186676928374697582e+01 3.284062619909146719e+01 2.262209732703941967e+01 2.164797023369245110e+01 1.748177825336578550e+01 8.303466624804686447e+00 1.739451207179288872e+01 1.780263679431234536e+01 1.857265801694332197e+01 1.044445924169830775e+01 1.926450925886258148e+01 2.436514575984841002e+01 2.733638712579886132e+01 2.326050935666653174e+01 1.452138587109631374e+01 2.456046757867923347e+01 1.807466746245267686e+01 2.022267037334941975e+01 2.301437380668260957e+01 2.583896259237006632e+01 3.597665978485494520e+01 4.493653983476736613e+01
2.094580661467710314e+01 2.966452608806737956e+01 2.623123522139652763e+01 2.688771211411351558e+01 1.958146491413046064e+01 2.327707998697394487e+01 2.862964562774402211e+01 3.921707444498657935e+01 4.095126715825274744e+01 3.081723596855813341e+01 2.486668627558686850e+01 2.025691529136367564e+01 2.376767535147896737e+01 1.386752111956229605e+01 2.237573268236807777e+01 2.656987655077866961e+01 3.473274556229495857e+01 2.644814452936095250e+01 1.731608921748857810e+01 1.430737420319402275e+01 7.865411535933325204e+00 8.513650262220600951e+00 9.207890327653911910e+00 9.792526300873646505e+00 1.857620021387548803e+01 1.452695976145436951e+01 2.005537674498629030e+01 3.021003906469695011e+01 2.574855912755778675e+01 1.610752993343689354e+01 1.452138587109631374e+01 2.346044939116995565e+01 3.068480999108943763e+01 2.868123577640891853e+01 3.595911876640179372e+01 3.138595145013837495e+01 3.848922858637904909e+01
1.405487527182834562e+01 2.379167546490093343e+01 2.406725506521979341e+01 1.646031725872688156e+01 2.688771211411351558e+01 3.391398283511321665e+01 3.821057462997723064e+01 4.350043457596204632e+01 4.509506172361565035e+01 3.927198991798761796e+01 3.470599440077375419e+01 3.052377657601518024e+01 2.628146480392224049e+01 2.158368584853482730e+01 1.263857933815851631e+01 2.231772092371785376e+01 2.550041625968894010e+01 3.030758648631922014e+01 2.197126104766397958e+01 1.087856704639988870e+01 7.424005376180607740e+00 1.028790754173290622e+01 1.796117888418658737e+01 1.565200246520578986e+01 2.274814082175037200e+01 2.005417068594612928e+01 2.854502505835600346e+01 3.417688693904213437e+01 2.695320686755277251e+01 1.644182000548160971e+01 2.657922218121161606e+01 3.067901904288100923e+01 3.743665857493070348e+01 3.849119680764762563e+01 4.242614633608121011e+01 4.132158127966286543e+01 4.132158127966286543e+01
1.063957305668875541e+01 2.041300016207131307e+01 1.382967097294464942e+01 2.406725506547324400e+01 3.120957808902804942e+01 3.602634221980962081e+01 4.022159547334440077e+01 4.605641548235808358e+01 4.331174195720277709e+01 3.854685035953708905e+01 3.645583218405972303e+01 2.446605917297561916e+01 1.652385456705015443e+01 1.178143244350496843e+01 1.178143244350496843e+01 1.594700632409287167e+01 2.008873499732017720e+01 2.985129703904271992e+01 2.154836945353738997e+01 1.136598400801356590e+01 7.042478403685072053e+00 1.350379523128099457e+01 1.639229756944313010e+01 2.245089639932551506e+01 2.956708665103781897e+01 3.010009993274235285e+01 3.436956840418127967e+01 3.434088388274123815e+01 2.394398249881008667e+01 2.695520194236468114e+01 1.838211804072782130e+01 2.884598602232840747e+01 3.064649194920418296e+01 3.284768888299846878e+01 3.698742450547721461e+01 4.287739351986576963e+01 4.741737146818275050e+01
1.063957305668875541e+01 1.180841074794968470e+01 2.178860770833949445e+01 1.825674012430177484e+01 2.169383770867224825e+01 2.544001279481486222e+01 3.162850725306615018e+01 4.194777289936345710e+01 3.706572742420855349e+01 2.855128209390143468e+01 3.702240621791243314e+01 3.292481941627022479e+01 2.572048186988154939e+01 1.524832228911160925e+01 1.991010194179868620e+01 1.061052522685643673e+01 1.898273753829576549e+01 2.313461942919956726e+01 2.612419382087136555e+01 1.896724534573125354e+01 6.677166113554821258e+00 1.311830999405143849e+01 9.731390655790503885e+00 1.843297343078528527e+01 2.391157883243328541e+01 2.883469050272981704e+01 3.596303568211881441e+01 3.855091046270285204e+01 3.434777730833531706e+01 2.695043788969732645e+01 2.884598602232318854e+01 2.034259661681726428e+01 2.034259661681726428e+01 2.242017139240408596e+01 2.849915407808189016e+01 3.872909521377189179e+01 3.736698512970180985e+01
1.868109869577296678e+01 2.178785074087074136e+01 1.628983018349396161e+01 2.010676557934411690e+01 3.056282773548375076e+01 3.602634221980962081e+01 4.022159547334440077e+01 3.787467009116032557e+01 3.264382302881926279e+01 2.308172084981398697e+01 3.264382302880018472e+01 3.344170842040195879e+01 2.259278335784645364e+01 2.577035927307915486e+01 2.340108549156710538e+01 1.355142058928697324e+01 9.388797208759001478e+00 1.775501779523489887e+01 2.195748914310632216e+01 1.914267378641958217e+01 6.334698508157926788e+00 7.536693550764534955e+00 1.586033072585503412e+01 1.165994920958712910e+01 1.549049611926592540e+01 2.160623672806982398e+01 3.106702256295571374e+01 3.532601598924471631e+01 4.131961636771748658e+01 3.724362329768531765e+01 3.079690617633544747e+01 3.080343593568253624e+01 2.034259661681726428e+01 3.080343606901586995e+01 2.577323115493910421e+01 3.004531825623762131e+01 4.031067513469825059e+01
1.680029069177990664e+01 2.705049585281627600e+01 2.663905904835808158e+01 3.056281613370407513e+01 2.748414812438826971e+01 3.735782853026995554e+01 4.159991114873891860e+01 3.071649164704440338e+01 2.346555790973926037e+01 1.953008072228209002e+01 2.941838360713706280e+01 3.781314899646801564e+01 3.344170828034033605e+01 3.178067112769689118e+01 2.153996847664239667e+01 2.314443921590805431e+01 1.492496143951678178e+01 8.106206253864014499e+00 1.666709429181473112e+01 1.961762523556382476e+01 1.332903337051118697e+01 5.887458160684925446e+00 1.396271023820231605e+01 1.994404879334936709e+01 1.354436518570514458e+01 2.232283781997938021e+01 2.116515804751380969e+01 2.808070670464280028e+01 3.827662680962459518e+01 4.502424504636079661e+01 4.004864440434354123e+01 2.996109937036118609e+01 2.255221581574421919e+01 3.297584526447931808e+01 3.612030792623725262e+01 3.004531877219458735e+01 3.604276729519395417e+01
2.705083428420904923e+01 3.035502383293270157e+01 2.625601869406830247e+01 3.035545749359118872e+01 3.769925544824478436e+01 4.181721891937642965e+01 3.801529885176585566e+01 3.235636845010940732e+01 2.627764957872638263e+01 1.635344540760455345e+01 2.627764957872638263e+01 3.114146949094068972e+01 2.886264493401324671e+01 3.293441210116884577e+01 3.178067125436098195e+01 2.900741087823654851e+01 2.196248911729783515e+01 1.666496877614152794e+01 6.802751792755177718e+00 1.658226192288630330e+01 1.511477296588409303e+01 5.611867614481314881e+00 1.365175122413997322e+01 2.447869407854629031e+01 2.232283781997938021e+01 1.553652321258513602e+01 2.480453357271653658e+01 3.087233273637778552e+01 3.410633137921981017e+01 3.843745049376515510e+01 4.234188919741391288e+01 3.233145067928167293e+01 2.499216856506061646e+01 3.534908821731145423e+01 4.349065335439007640e+01 3.736715691664552708e+01 3.604276729519395417e+01
2.828715306970890353e+01 2.625601869341696926e+01 1.615847123688615028e+01 2.625601869384856357e+01 3.393986928601722042e+01 3.963492480570141652e+01 3.387395926857465867e+01 2.415480863363467634e+01 1.840971072487860738e+01 1.397235243644509595e+01 2.125381509538458147e+01 2.125381492517754012e+01 1.906216779585846055e+01 2.727105077160192081e+01 3.105723555409824499e+01 2.692862963843572999e+01 2.302843514943516467e+01 1.297944619139838629e+01 5.951210830353987902e+00 1.465446888599815445e+01 5.239994861936999371e+00 9.088873872162301026e+00 1.862049444349086613e+01 2.731247121438546799e+01 2.899308779375918732e+01 2.480453357271653658e+01 1.823489335567866831e+01 2.087000983962665046e+01 2.393126563913938654e+01 3.115656511223577851e+01 4.211184721664075425e+01 3.950026002965340410e+01 3.534908824578305797e+01 2.910300368943099514e+01 3.938009524451090471e+01 4.741953593458950422e+01 4.196660812452122968e+01
1.956894131047709351e+01 2.086943412750296289e+01 1.615847123688615028e+01 1.979566426551965819e+01 2.566420232812967583e+01 3.560381346125609525e+01 3.680938176647110538e+01 2.718121167917865222e+01 2.024625595040446413e+01 2.091094666395312629e+01 1.136835275708159365e+01 1.884988916133491443e+01 1.337306444957982166e+01 2.287870991373474183e+01 2.692861961074729038e+01 1.762279786557684957e+01 2.033922885273417691e+01 1.826348936456049898e+01 1.437215045158386317e+01 4.823508078876748151e+00 1.354536968746979220e+01 7.376111894030175975e+00 1.301299669852704177e+01 2.299520742990909739e+01 3.183644557749500237e+01 3.221864436258439213e+01 2.500453780229201328e+01 2.610786280742027543e+01 3.410633137767835166e+01 3.105767725580309957e+01 4.146643351095712404e+01 4.650992632881177968e+01 3.642682251196425369e+01 3.430258292310173118e+01 3.938009524451098287e+01 4.938008424453128953e+01 5.184695253342432864e+01
1.193586858615222646e+01 1.100411944089662342e+01 1.394841476431030891e+01 2.407599221118773514e+01 3.393986928601722042e+01 3.608668148238437823e+01 3.198561530621199367e+01 3.404742149431112352e+01 2.995010849887306037e+01 2.530355208837595171e+01 1.884988916176821760e+01 8.983466049180361068e+00 8.983466049180361068e+00 1.884988916176834906e+01 2.575597495489279964e+01 2.029189317606708087e+01 1.192899684111366021e+01 1.439066371815865786e+01 4.522692584047748987e+00 4.522692584047748987e+00 4.522692584047748987e+00 1.459154020565627619e+01 1.043147460289933548e+01 1.727791181860589376e+01 2.633356518263970614e+01 3.069426796174793637e+01 3.513779474171744965e+01 3.626900570721171846e+01 4.056614422771065875e+01 4.146643351095712404e+01 4.581722373172717511e+01 5.055455608340955109e+01 4.650992632881173705e+01 4.155519053712605171e+01 4.851583153555623795e+01 4.831769106362408195e+01 4.831769106362411037e+01
8.163482723410513842e+00 1.563355190071453471e+01 2.406468821584063988e+01 2.828211742747811996e+01 3.784136132362303329e+01 3.069002985693155949e+01 2.289103259357543152e+01 2.810086720908778801e+01 3.204674731479110505e+01 2.583897471216116770e+01 1.595491362305024197e+01 8.983466049180361068e+00 1.683259885931673239e+01 2.091396498373221391e+01 2.085551263874727468e+01 1.249946299079493706e+01 1.331780865301879047e+01 7.543619956121737857e+00 1.411606931476484839e+01 4.522692584047748987e+00 7.140039372601995282e+00 1.708269774306272382e+01 2.026740958286518435e+01 1.369204366416692942e+01 1.613444611088647207e+01 2.633356506973781919e+01 2.932262732566525898e+01 3.681609174300614740e+01 4.738500396836251838e+01 4.682838312446610018e+01 4.274540261511496908e+01 4.401100749265268774e+01 4.810185471235379850e+01 5.146466212049696765e+01 4.553008671479891945e+01 3.861083316788072750e+01 3.861083316788072750e+01
1.903140535534940270e+01 2.513851237428507090e+01 3.065247224986557484e+01 2.775699945578540806e+01 2.775710950772393204e+01 2.661299675384518437e+01 1.805134625152098593e+01 1.936511802273588856e+01 2.686949394135892533e+01 2.480550728785439674e+01 1.491390918093267537e+01 1.491641011565486430e+01 7.012423367823328313e+00 1.681686223270702030e+01 8.096242210270188977e+00 1.367764576676336219e+01 4.163130905756916356e+00 4.163130905756916356e+00 4.163130905756916356e+00 1.424767991709236981e+01 1.707853560354858757e+01 1.117305245504274858e+01 2.121099850476812065e+01 2.370016534125317520e+01 2.325644366483475878e+01 2.080297320347880330e+01 2.816338463213129728e+01 3.875566484435958614e+01 4.483367163080312423e+01 4.075198583822693621e+01 3.296337594059365728e+01 3.423418057594280128e+01 4.401100749265258827e+01 4.375433466740663135e+01 4.145390602152978943e+01 3.169173704200615660e+01 3.819984969502190353e+01
2.151318423189696105e+01 2.610920804355437852e+01 2.193387335524694137e+01 1.767301058263581481e+01 2.775710950794480425e+01 2.305728019825773600e+01 1.381053770532509084e+01 1.381053770532509084e+01 1.945601444729940610e+01 1.763143149522185027e+01 1.318490381262605560e+01 5.306672633164985164e+00 1.486982773764930243e+01 1.618676608853954235e+01 7.963134100103754776e+00 3.847774602175420444e+00 1.379793330612998936e+01 4.163130905756916356e+00 8.548253484304284555e+00 1.437653048426903624e+01 2.480701745194405561e+01 2.121099850476812065e+01 1.572722061228765078e+01 2.620177673848359134e+01 3.376239331646929287e+01 2.816338449427890822e+01 3.563974172889837178e+01 3.831312158805280177e+01 4.075200702699789446e+01 3.088155638817703874e+01 2.712219122040552932e+01 3.709774688135997422e+01 4.091307590623290480e+01 3.397154155555396216e+01 3.469590419215396082e+01 2.828919519147715533e+01 3.534913997435573663e+01
2.167822901580656847e+01 1.752824561631329559e+01 1.184497864657618926e+01 2.193387335524694137e+01 3.191854056428531550e+01 2.512015070093657698e+01 2.002106298035924681e+01 1.656357291962495637e+01 8.341823186016384284e+00 1.293851205658834225e+01 3.746100495489107285e+00 1.303858029015157349e+01 1.249967825045379577e+01 1.074952783354879138e+01 3.446469116263413568e+00 1.329054784780515241e+01 1.719235824703034154e+01 1.118812506894705905e+01 1.405682618753481705e+01 1.522132896196151464e+01 2.496328216905910935e+01 3.071986507418550616e+01 2.325179374006190258e+01 2.300267672820010034e+01 3.392508737342113534e+01 3.875559690067232310e+01 3.545032970180177045e+01 2.849359312750983619e+01 3.303317980723306135e+01 3.377171144600004737e+01 2.364183993525582039e+01 3.007375749951425092e+01 3.419324957002056919e+01 2.684271760935183337e+01 2.459800312889925067e+01 3.469590419208024201e+01 3.819984969343021675e+01
1.381402313900109924e+01 7.529762670003143477e+00 1.752823928467773129e+01 2.545969428435991944e+01 2.372244029044674818e+01 2.137163938568716759e+01 1.244829553697290159e+01 7.635009539704071813e+00 1.337656049201327235e+01 2.891702047002058240e+00 2.253039786627087704e+00 4.359288439809323457e+00 3.072446114884037627e+00 3.160617584563935711e+00 3.474370375592754634e+00 1.095807283535694054e+01 1.754113354113344769e+01 2.132812821704630224e+01 2.401643892223195209e+01 2.496328216905910935e+01 2.920824850913456672e+01 3.504657279912431989e+01 3.493122222846516678e+01 3.392508737347325365e+01 3.843705368479086104e+01 4.039109145416649227e+01 3.136966642554857287e+01 2.131473846588358612e+01 2.221935123501885911e+01 2.922787252578837069e+01 2.665697004123724412e+01 1.982596547102128781e+01 2.928340292857366478e+01 2.161432589022830442e+01 3.183978646474929164e+01 3.053669956642405481e+01 3.752549586774804879e+01
