output/example_1/elevation_000313.asc
nrows	75
cellsize	13.33333333
xllcorner	0
ncols	75
yllcorner	0
NODATA_value	-9999
[rows 17 to 33 of 75, columns 0 to 36 of 75]
1.309999999999999880e-02 1.001309999999996236e+01 7.397348061678346909e+00 1.035011994241493127e+01 9.665220870895386840e-01 1.246578250611585892e+00 1.529200251308099556e+00 1.812219078501959846e+00 2.096180677793390679e+00 2.380930264688183584e+00 2.672155647284685021e+00 9.812123868562558471e+00 3.505194645761454897e+00 3.797826270228350953e+00 4.086535130122171289e+00 4.369142877070158804e+00 4.641028908994675461e+00 4.947446732161254523e+00 1.488295152864328230e+01 1.451398597462861950e+01 1.302426418370455075e+01 1.283985965505637061e+01 2.276285819027319945e+01 2.734814283555022740e+01 3.150385152030086289e+01 3.303273389186817610e+01 2.250153668623590875e+01 3.303273389186817610e+01 4.116272530899199467e+01 4.614120581778963270e+01 3.613391847605517881e+01 2.928918715651040472e+01 3.428190958813856071e+01 2.849080779864040736e+01 1.849807708282760643e+01 1.614103540926944902e+01 2.608505058586394298e+01
1.379999999999999977e-02 2.917923608748816955e-01 2.917923608748816955e-01 5.710828809471862888e-01 1.012228168901464898e+01 2.752660633403094526e+00 1.113467562617194062e+01 8.370697460271815160e+00 1.080789183921851304e+01 3.771481835156847318e+00 1.139413644240301693e+01 3.087379494954233028e+00 4.531087478655901002e+00 9.242344482606107192e+00 1.236699163703499060e+01 1.342969349432176074e+01 1.028119724658190037e+01 5.620933093278479120e+00 1.207515043067974148e+01 2.099543393558645477e+01 2.350467965970668516e+01 2.292921720324241619e+01 2.708710957228490557e+01 3.328220132294705991e+01 3.821268102007084622e+01 3.731688895552765928e+01 2.993281925684503264e+01 2.993281925684503264e+01 4.051658984593989032e+01 4.552669624512746083e+01 3.601326672766528958e+01 3.879968572098970014e+01 3.769304838242918976e+01 2.961991911651216824e+01 1.960990730784422809e+01 2.609320163707760543e+01 1.758307029989143899e+01
1.379999999999999977e-02 1.001379999999996251e+01 2.917923608748816955e-01 2.917923608748816955e-01 9.872357416897953541e+00 5.880784867530572946e+00 1.579888615218211179e+01 1.706997150127346785e+01 1.565088625704089864e+01 6.505697628333928506e+00 7.646054675812923307e+00 1.386349650670810085e+01 1.263188205842894796e+01 8.838035137679733921e+00 1.493087379380783730e+01 1.916192096008555268e+01 1.473740034502208829e+01 6.309645199039206176e+00 1.595439310983465120e+01 1.746871211102838117e+01 2.181989847978856645e+01 2.347847182366160368e+01 1.928097016261116892e+01 2.426717850671554544e+01 3.127565577565521693e+01 4.110495321015286407e+01 4.051658984593989032e+01 4.051658984593989032e+01 4.470095865421029657e+01 4.958944383387679977e+01 4.552669624512746083e+01 4.062470141514403110e+01 3.062868569414548858e+01 2.352022631879922088e+01 2.961991911651216824e+01 3.171242183296751094e+01 2.756357536061915070e+01
1.290000000000000001e-02 1.001289999999996283e+01 1.029174514943364294e+01 6.100564210744935600e+00 1.478897169806482914e+01 1.594827810462637885e+01 1.177341495537867466e+01 1.974284367425606845e+01 1.080349013341006881e+01 1.589166208028114191e+01 1.715546835087483046e+01 1.271998596953076976e+01 2.052337122504748379e+01 1.519170677307742423e+01 2.033017318547164010e+01 1.880955152656993690e+01 9.037079961505606107e+00 1.595741407847072502e+01 7.293548127602768716e+00 7.993021869780292832e+00 1.774670761125722152e+01 1.359321893908404455e+01 2.347847232550235219e+01 3.062186934677563954e+01 3.107211891131942849e+01 3.519766060700990806e+01 3.650076411031552936e+01 3.760629372023228001e+01 4.173416427987924493e+01 4.635724092161557053e+01 4.638790194751838669e+01 3.640574581123799902e+01 2.933032106110806225e+01 3.062868569414548858e+01 3.769291817134834588e+01 3.553888654473779951e+01 2.908206509751187951e+01
1.290000000000000001e-02 7.083967714382067626e+00 1.708391393464198060e+01 1.641485606261529995e+01 2.067995310761250494e+01 2.510769665903951520e+01 1.664132733233403272e+01 2.290351438894046865e+01 1.370459387575290222e+01 2.310848893907992263e+01 2.609079811800342696e+01 1.732524765211926265e+01 2.609079811800342696e+01 2.560403786943461668e+01 2.803681425962575346e+01 1.812314263291876060e+01 1.114669191847217355e+01 2.095083356435972632e+01 1.700064193571202509e+01 1.773300043470497656e+01 9.037128366796013168e+00 1.881897329124580054e+01 2.168273938821383595e+01 2.035821328993133505e+01 2.081187953510482913e+01 2.713948135397777151e+01 2.624414964214352253e+01 2.736981210919920215e+01 3.210969192516210313e+01 3.898211320468748653e+01 4.309905375586990317e+01 4.346247680574722239e+01 3.640574581123799902e+01 4.062470141514403110e+01 3.849014234987134842e+01 2.845589310487356727e+01 2.131348310409277502e+01
1.309999999999999880e-02 1.001309974219288534e+01 1.619084885265254314e+01 2.033267192634906451e+01 2.480596773471814132e+01 2.946177329652683241e+01 2.302628961915580419e+01 2.705718264518866789e+01 1.811005881770437753e+01 2.760781646671664902e+01 3.088001508956329033e+01 2.677539617607456179e+01 3.088001508956329033e+01 3.164369224009472958e+01 2.175321663487032353e+01 1.472275515137916102e+01 2.102830549814296646e+01 2.512151494727969947e+01 2.400822657344850342e+01 1.422765875990599049e+01 1.763773344010058608e+01 1.016902075148942330e+01 1.172410789359867422e+01 1.329803412511033756e+01 1.497720569954826431e+01 1.685839941685048871e+01 1.892234100749904613e+01 2.179258869453656899e+01 2.507704969362433900e+01 2.874321633883573313e+01 3.470565217090575771e+01 4.482386761512756124e+01 4.638790194751838669e+01 4.426155642535390911e+01 3.426611269653925973e+01 2.715007707774523382e+01 2.321466939730306578e+01
1.349999999999999985e-02 3.028613445777638358e+00 6.190891105946022321e+00 1.066302706097861730e+01 1.773409539722297268e+01 2.773421283684086092e+01 3.152669653332425526e+01 3.240296013865351199e+01 2.852001880929667266e+01 3.319108972477782515e+01 3.977103877376089258e+01 3.590038794695038149e+01 3.977103877376089258e+01 3.164294475712286570e+01 2.175318473048240620e+01 1.823127932257674289e+01 2.815481127105208614e+01 3.086436532796834697e+01 2.116832264801571029e+01 2.385372672966902741e+01 1.870519502415782398e+01 1.109937842900473903e+01 2.089276546175880611e+01 2.332394323299256911e+01 2.516110360187543904e+01 2.714047682261868033e+01 2.624414964094296465e+01 2.736981211239107736e+01 3.536211533092701131e+01 3.898211320468748653e+01 4.309905375586990317e+01 4.888964429074868434e+01 5.240281648356303634e+01 4.242946670500766260e+01 3.535978420315739612e+01 3.527473835203644370e+01 2.520996814778021999e+01
1.349999999999999985e-02 1.001349989189904655e+01 1.619090640122493951e+01 2.033363999240053133e+01 2.480596773473679661e+01 2.644797796463984696e+01 2.936650454961144519e+01 2.736468623658647203e+01 3.149434115835623160e+01 3.508011608853178132e+01 3.492806677096702828e+01 2.604964030444397594e+01 3.492806677096702828e+01 3.571682101332382331e+01 3.164058709068401498e+01 2.262349522420664982e+01 3.216308954254606078e+01 3.485755576653996712e+01 3.086436532796834697e+01 2.886082918354124871e+01 2.250769264918623946e+01 1.269912629734882792e+01 1.269905422954031238e+01 1.921515893922992291e+01 2.731881406581747029e+01 3.452915343846291307e+01 3.650076206807363377e+01 3.760629400698975644e+01 4.173421072754350547e+01 4.214357382966147725e+01 4.623375954359237738e+01 5.195656326622850685e+01 5.201826092940918045e+01 4.203967055881810211e+01 3.498463418212842413e+01 2.919040261476780884e+01 3.527494943120652238e+01
1.359999999999999924e-02 1.001359999999996298e+01 1.895909165970349974e+01 1.863970424704383788e+01 2.275138225471037501e+01 1.644415203508359369e+01 1.937301400801352358e+01 1.735447514012690107e+01 2.572176507109726629e+01 2.509585481001695939e+01 2.632252303384099079e+01 2.104183003571224830e+01 2.811468164968099259e+01 3.799718254993769051e+01 3.629159832328460311e+01 2.943590091639002893e+01 3.629159832328460311e+01 3.514010814252651471e+01 3.102703557215065189e+01 2.500705865367705627e+01 1.507936001253206371e+01 2.251733667961053698e+01 2.251653230698935104e+01 1.432921254569527569e+01 2.422747797869676489e+01 2.461349712179686122e+01 2.751772604951704082e+01 3.743452175890212885e+01 3.639683608772320156e+01 3.218993208285075269e+01 3.793861424766992485e+01 4.788765544054875534e+01 5.159083686314105677e+01 4.161236461458229030e+01 3.455732701648260274e+01 3.920170548389627641e+01 4.333141755680836837e+01
1.369999999999999864e-02 1.001369949763474843e+01 8.977655329935791073e+00 8.647174850213071196e+00 1.387371824751933147e+01 9.371861343039137537e+00 1.597711201900301248e+01 1.157669474935719123e+01 2.122641936452047062e+01 1.801490772301749033e+01 1.632130185184860949e+01 2.632252303384099079e+01 3.308522346803396630e+01 2.906165240957442819e+01 3.352795991917970753e+01 3.903413696332393101e+01 3.804901280697049515e+01 2.811843862979943864e+01 2.110329357284623697e+01 1.775786373097902171e+01 2.500705865367705627e+01 2.910200284905193158e+01 2.833100011381579719e+01 2.422556762875514025e+01 1.606012960285737634e+01 1.754990864483207602e+01 2.751772642088526766e+01 3.172790719533875503e+01 2.649254224567466665e+01 3.639683608772320156e+01 4.169091283470542209e+01 4.578463157892040414e+01 5.151361637674669680e+01 4.866277603836953602e+01 4.161236461458218372e+01 4.866277605421328190e+01 4.987932823712556285e+01
1.290000000000000001e-02 9.578111825230672949e-01 1.906969178275565557e+00 2.873705667321228674e+00 3.873705667321228230e+00 4.899684019406382873e+00 5.971796554245043964e+00 7.104073588445062093e+00 1.709446823995179088e+01 1.223678991948010619e+01 2.224381322590707555e+01 2.233534154628790347e+01 2.648876364399156813e+01 1.882846809576669500e+01 2.894687166496055752e+01 3.685166606080868235e+01 3.804901015452306723e+01 2.811843862846702535e+01 2.771912724729342514e+01 1.775786373097902171e+01 1.775786373097902171e+01 2.772222291561486074e+01 2.952478640859574455e+01 1.959167506571347062e+01 2.601501370826096959e+01 2.751772642088526766e+01 1.989907685816180560e+01 2.184308874852449733e+01 2.496925401815189360e+01 2.823133124570382435e+01 3.171744752604035966e+01 3.748052688655396736e+01 4.744240699962102070e+01 4.911886341052800020e+01 5.159083686037731553e+01 4.958903668820497046e+01 4.539832289670574283e+01
1.379999999999999977e-02 1.001022638710405310e+01 1.190608962784661884e+01 8.645991937878966027e+00 9.637347580206876430e+00 1.192366627183084660e+01 9.749897642199279346e+00 1.698379228654367523e+01 8.806586813027148963e+00 1.023515900933541722e+01 2.024592367247483082e+01 1.232032822382861603e+01 2.233534154628793900e+01 1.882846809576669500e+01 2.261604422896634503e+01 3.266927806824722325e+01 4.216175808002370928e+01 3.804900993234839035e+01 3.119084491916781943e+01 2.112354746968169650e+01 2.307943535481045316e+01 3.093298959376337365e+01 3.216671224882385616e+01 2.227210848522803488e+01 3.216726429562628198e+01 2.982793024148929106e+01 1.989907685816180560e+01 2.982668164389821541e+01 2.753803206529599734e+01 3.745081929421178302e+01 4.169091283470542209e+01 4.578463157892040414e+01 4.615401586894805774e+01 3.898582355256372978e+01 4.615401586894805774e+01 4.373681766409121252e+01 3.525409045480854076e+01
1.359999999999999924e-02 7.086140881640437428e+00 1.712334758041609106e+01 1.569678314938889230e+01 1.658991545691628033e+01 2.155515872582974879e+01 1.381996384773708009e+01 2.220567016440818975e+01 1.881549035037295070e+01 2.024592367247483082e+01 1.232032822382861603e+01 2.233534138271915026e+01 1.490264469018842952e+01 2.198602050346852721e+01 3.202183110456513759e+01 2.971804904711306961e+01 3.979417519673840786e+01 3.825825638735413037e+01 2.829829985846153662e+01 2.692912438354540683e+01 3.186523423560209167e+01 3.634470309484908768e+01 3.510097802228797548e+01 2.525966707507671671e+01 3.515521181809187112e+01 3.370891950890971600e+01 2.487651412997974276e+01 3.395597946930488575e+01 3.324482343369029991e+01 4.154830457839997138e+01 4.664924356705341069e+01 4.245351311937128003e+01 4.161321502449452936e+01 3.179273247191849450e+01 4.161321502449452936e+01 3.954154756246175140e+01 2.940498280559815925e+01
1.359999999999999924e-02 1.001359999999996298e+01 1.717044906869123011e+01 2.552769503458203104e+01 2.598349529935294555e+01 2.771396257557972476e+01 1.954288201219312526e+01 2.785789866590858921e+01 2.314426479671667991e+01 1.232032822382861603e+01 2.233534138271915026e+01 2.648875680062030114e+01 1.757661981315574806e+01 2.466528356152253210e+01 3.470507963030090792e+01 3.979417519673840786e+01 4.398528307450428088e+01 4.231747002305286287e+01 3.825825638735413037e+01 3.675673150740863093e+01 4.082697096651194357e+01 4.218040695361684556e+01 3.224528377640667998e+01 3.095513637101931081e+01 3.924869854758751586e+01 3.898408477418802676e+01 3.480928575605936004e+01 3.899762273628130060e+01 4.319545888312676851e+01 4.727095721040141285e+01 4.245351311937128003e+01 3.233439652406575249e+01 3.529821715521340764e+01 2.727527177003223358e+01 3.234246771763372408e+01 3.654429897636927649e+01 3.368919917011512410e+01
1.319999999999999993e-02 3.028313445777633284e+00 1.302831344577739792e+01 2.217044906372673196e+01 2.664258501394724021e+01 3.241608769855856309e+01 2.974858303972000684e+01 3.420604821446703170e+01 2.787568089959271234e+01 1.744824678996481637e+01 2.787568089959271234e+01 3.176752877918601925e+01 2.205712702115010515e+01 2.391598075964307668e+01 3.101347877153818189e+01 4.105743738258322395e+01 4.653253901944880511e+01 5.063240615442963133e+01 4.654062883512707316e+01 4.242762894845217403e+01 4.372311469166823628e+01 4.625085843260993101e+01 4.218041688201600437e+01 4.089265063126129007e+01 4.496992212861933780e+01 4.690863257711115608e+01 4.260107167164733966e+01 4.398842787415973987e+01 4.827374641341076966e+01 4.830199377190698584e+01 3.817212813460315601e+01 3.102239628403691540e+01 2.529739502288559905e+01 3.058378511487042317e+01 2.232280448217666091e+01 3.226143163725494389e+01 2.816326160973163084e+01
1.019999999999999900e-02 1.001019999999996202e+01 8.028313445777614632e+00 1.250044940077717825e+01 1.827395209267339382e+01 2.827395209266320109e+01 2.863623295757984621e+01 3.286057684378113919e+01 3.357863398342171024e+01 2.884028280346853990e+01 3.357863398342171024e+01 3.625836106569023087e+01 2.785030294167000875e+01 3.395528591571448374e+01 3.811957881502048195e+01 4.487675917522754077e+01 3.653398969792278450e+01 4.487675917522754077e+01 4.077277313775270784e+01 3.241232546655506752e+01 3.371356032239037859e+01 4.077277327108604510e+01 4.347499432720573509e+01 3.911564468954469476e+01 3.911561240237350745e+01 4.060618531366422701e+01 3.147085265086596806e+01 3.293862414128354743e+01 4.398842787397498455e+01 4.588956122234850454e+01 4.003479302286083197e+01 3.583466242286368697e+01 3.058378511487042317e+01 2.078683025789090166e+01 1.956884570421843250e+01 2.816230126331668870e+01 1.851158492635027386e+01
7.249999999999999500e-03 1.000724999999996356e+01 1.802831344577643691e+01 2.171854512496566869e+01 2.188195868639531128e+01 2.598924428627938710e+01 1.859797911636354684e+01 2.703789566553634671e+01 3.176251580264134589e+01 2.806923086026368708e+01 3.228957057631454575e+01 3.681218622106463556e+01 3.789312947287744038e+01 4.205907739370833553e+01 4.348937305441013024e+01 3.941979929670381466e+01 3.073467155638008208e+01 3.497182067592574839e+01 3.254384743840735439e+01 2.659884737377957720e+01 2.659884737377957720e+01 3.664529092049642145e+01 3.911564468954469476e+01 2.801022077651713715e+01 2.801022070050646562e+01 3.144524098928433631e+01 2.486137046718614485e+01 3.293862414128346927e+01 4.398842787228774398e+01 4.169016789786826394e+01 3.154812746356034481e+01 2.578459646310949083e+01 2.215442395757424876e+01 1.945809229515436201e+01 1.697869938579453830e+01 2.441896611238999171e+01 1.694862736820307703e+01
