output/example_1/elevation_000138.asc
nrows	75
cellsize	13.33333333
xllcorner	0
ncols	75
yllcorner	0
NODATA_value	-9999
[rows 34 to 50 of 75, columns 37 to 73 of 75]
3.386868952610441141e+01 4.207734362267807171e+01 3.440327446675286183e+01 2.432242017765156561e+01 3.166806622471619903e+01 3.594098641292508489e+01 4.236014251714863121e+01 3.816542480809483351e+01 3.394543936580279109e+01 2.501048318896565092e+01 1.805261865903004548e+01 1.682553418721800753e+01 2.516381639261960146e+01 1.822451364407163865e+01 2.530879561311870418e+01 3.552386023048408248e+01 3.434672720185430705e+01 2.706769029822994099e+01 1.323750223651115476e+01 1.003180526961489250e+01 1.945129532289616137e+01 1.712939438302921502e+01 2.521734005749766183e+01 3.294371468437859818e+01 2.541887906038174449e+01 2.129962065230552071e+01 1.123969574647852809e+01 1.123969574647852809e+01 2.167118762140126265e+01 2.186982838348743385e+01 3.365851269099106702e+01 3.530410604534368701e+01 3.107361930935799066e+01 2.306379561039954140e+01 3.349959274235646944e+01 3.031062780153014913e+01 3.624952393007581009e+01
3.654473125366003217e+01 3.106297811131043218e+01 3.059306973158129850e+01 2.058880470070760893e+01 2.163767027026728584e+01 2.925563951908160476e+01 3.360869498193745386e+01 3.900265589545232103e+01 3.877675017237901045e+01 3.098070405153534779e+01 2.098014844923620004e+01 2.514305779847579458e+01 1.520115596753324283e+01 2.375286285865072600e+01 2.791655346114395186e+01 2.947334902590117167e+01 3.363495973709068920e+01 2.731521052865828381e+01 1.595203028237417797e+01 9.723540405793889008e+00 1.277660969132703350e+01 1.932066249830770488e+01 2.302945490745615231e+01 2.425637056287958515e+01 1.902384295492487354e+01 1.123969574647852809e+01 2.129957661916433409e+01 1.578682334029085688e+01 1.266043094577116790e+01 2.532266210162987718e+01 3.303153148630612890e+01 2.878169984297749551e+01 2.056956929548977442e+01 3.107362463058535695e+01 2.621795408049656828e+01 3.654481692031366435e+01 4.473977850165899639e+01
3.054793676574105277e+01 2.144525950333731146e+01 2.704633908139371101e+01 2.284381253778914456e+01 1.583342192398094106e+01 1.922468491745696539e+01 2.417261180955888378e+01 3.449591297412916191e+01 3.875923374304898061e+01 2.779598928776369249e+01 3.100704851120798722e+01 2.932132964553202825e+01 2.375288366369105475e+01 1.377043808389765367e+01 2.235528218857524863e+01 1.942812932820545768e+01 2.947359236311084274e+01 3.199096343993404545e+01 2.474025425880612516e+01 1.629397998837223582e+01 9.326284280385165104e+00 1.883456713167075591e+01 1.248235082863602941e+01 1.924988774730581653e+01 1.019017610253616191e+01 1.739575983280799676e+01 2.541749131582774979e+01 2.295146481975980635e+01 1.366374738830126567e+01 2.384625275629599273e+01 2.877001141256712202e+01 1.830994459483975234e+01 2.875071507148187777e+01 3.530414219341614768e+01 3.354822930139840764e+01 3.221483851384022756e+01 3.948113811020730424e+01
2.552629021023373923e+01 1.581278052272758572e+01 1.998502983344251405e+01 1.255003757282495513e+01 2.284381253780958687e+01 2.925563950759444154e+01 3.360868057484000815e+01 3.893924058956032752e+01 4.301945607599693489e+01 3.875923374342666250e+01 4.010891757423271997e+01 3.374404702460294914e+01 2.373111812663226416e+01 2.237982951181116320e+01 1.235171807267160915e+01 2.104428528367528983e+01 2.523635263546406549e+01 2.835565871316743269e+01 3.008031017756910686e+01 2.345469073421412531e+01 1.841023501281440389e+01 8.933155621408895186e+00 9.936797142448655862e+00 9.317338538365188327e+00 1.929264628503026913e+01 2.441203134334013569e+01 3.142730357208130343e+01 2.811359568347579696e+01 2.384625577975200983e+01 1.497983407264062272e+01 2.514003425893933397e+01 1.688878025108787995e+01 2.421684908084209198e+01 3.478887636804618211e+01 4.377921116173629912e+01 4.245968221554731059e+01 4.245968222908495449e+01
2.159770884298310634e+01 1.108627284259169521e+01 9.243900859510933543e+00 1.998502982623317692e+01 2.544358378881770477e+01 2.874247753047889020e+01 3.098407281359605747e+01 3.809334727023603051e+01 4.727682631865161511e+01 4.235937563232974412e+01 3.595891080026870412e+01 2.575147356426770529e+01 1.995083821805175361e+01 2.304223181499355277e+01 1.303228176791230375e+01 1.102294728474677576e+01 1.984803268764542494e+01 1.908455231039205913e+01 2.547151168961884693e+01 2.570040872365810358e+01 1.709878754861336603e+01 1.702936967430232684e+01 8.526860684473238194e+00 1.133731635360150314e+01 2.213408818972159509e+01 2.957013653572511913e+01 3.427752997805326629e+01 3.219923037214919503e+01 2.115333278492582991e+01 1.497983407264062272e+01 1.497983407264062272e+01 2.515411693741351584e+01 2.718098651664955057e+01 3.146555090340718053e+01 3.880217007012979735e+01 4.162606037501289791e+01 4.282336785904857379e+01
1.787992932281451886e+01 7.082871239255806195e+00 7.082871239255806195e+00 1.798821524617493495e+01 1.536207153822099869e+01 1.882129161451792143e+01 2.384358331629334060e+01 3.411166306873705167e+01 4.339356763816896034e+01 3.336817541285700628e+01 2.825045586481723703e+01 2.466953151691457080e+01 2.609342896220435293e+01 1.606238357764322089e+01 2.303017748317850888e+01 1.983355147434751942e+01 9.991491046686224564e+00 1.869777191802784344e+01 1.518526182105717304e+01 2.493763585605855582e+01 2.196466125697252636e+01 1.324119016520818803e+01 8.277218807184913985e+00 1.730272685588996495e+01 1.670701867305965749e+01 2.167850527266411476e+01 2.898841956109535545e+01 3.621132515601181723e+01 2.945636356618962637e+01 2.080635762231736763e+01 2.519459817297403958e+01 1.681419214406055929e+01 1.681419214406055929e+01 2.412893173601640129e+01 3.130117296429216012e+01 3.130117296421256867e+01 3.252698395333172243e+01
7.082871239255806195e+00 1.787993152844933320e+01 1.798821524617493495e+01 1.058143505099951476e+01 2.115343302481298338e+01 2.874248708609649938e+01 3.291980204903438789e+01 3.840611513494707197e+01 4.727682631865161511e+01 4.235937563232974412e+01 3.838086988742822570e+01 3.353205336817795512e+01 2.317405790291759615e+01 2.371342851030935606e+01 3.017859603878690322e+01 2.396962206819879526e+01 1.869690258234352598e+01 9.156572691098242345e+00 1.466103439372322725e+01 2.244189321326603093e+01 2.166128675324241470e+01 1.684415114397519986e+01 8.034335422251835723e+00 1.398409184650537007e+01 2.091020790975692378e+01 2.562039145769533377e+01 3.021236815125259767e+01 3.387816415844137197e+01 3.611803165663127402e+01 3.161389958679838585e+01 2.523802938036286037e+01 2.718098638442667792e+01 1.681419214406055929e+01 1.871151496562945127e+01 2.079219009255023565e+01 2.515308682745611080e+01 3.554272497766234551e+01
1.547973698563606604e+01 1.496770279669146753e+01 2.448016227826695612e+01 2.115343302481298338e+01 1.611480171716165088e+01 2.120388841409302572e+01 2.822095547143511851e+01 3.832458570018842892e+01 3.980661420403669126e+01 3.563089026991999475e+01 3.973653811379404743e+01 3.787914282247558617e+01 3.364582454503768361e+01 3.487573745887574006e+01 2.863349770964397223e+01 1.980594712502541199e+01 1.807309186713283111e+01 8.625905956782069950e+00 1.648008509262858468e+01 1.812784856254081234e+01 1.705871072628021068e+01 7.705470239282226075e+00 1.592674488042723979e+01 1.018032105867545489e+01 1.194517660635474066e+01 2.159879049758428238e+01 2.054810656273022929e+01 2.736203638488790091e+01 3.756971965386593126e+01 3.962361515683123514e+01 3.547895400082242645e+01 2.980329220899886522e+01 1.931406944404344372e+01 2.919937638994379725e+01 3.130117296429218499e+01 2.483445208407225380e+01 3.087610436212312592e+01
1.997044839659450588e+01 2.449899000648702341e+01 2.915178552358822728e+01 3.038604239805431462e+01 2.619206433246430166e+01 3.038604239807100527e+01 3.540792916605066409e+01 3.798938102384315130e+01 3.388878020283208770e+01 2.570095739726868800e+01 3.479237993120568007e+01 3.428321863221497523e+01 3.840102221227409274e+01 3.882081993821027055e+01 2.944619439754622192e+01 2.289232901589021196e+01 1.296879314759391733e+01 1.661497778224476107e+01 7.864041652181315456e+00 1.459195712787613530e+01 7.383541244861153707e+00 1.545352676721910434e+01 2.011777758897721569e+01 1.589084077964592900e+01 2.159878974893720738e+01 1.460259788141245352e+01 2.408786630362893177e+01 2.930112413409672456e+01 3.260018762376451207e+01 3.671183009452950330e+01 4.246813508570282636e+01 3.260156675654704372e+01 2.213138212549188921e+01 3.260156675654704372e+01 3.947688111810887790e+01 3.221442267188033526e+01 3.043415128714929452e+01
2.020265441848938437e+01 2.268058241255557661e+01 2.579674211548289620e+01 2.893065088449217725e+01 3.290938733048070475e+01 3.767169208421316284e+01 3.997535872191139816e+01 3.388878020277042680e+01 2.402677206145494893e+01 2.079091338274888656e+01 3.065305596026574975e+01 2.438556320738436511e+01 3.267923503342948521e+01 3.112595528360706254e+01 2.667784511873010445e+01 2.579583364688366842e+01 2.279701857647695107e+01 1.985560806188543026e+01 1.605685315287102100e+01 7.063577309161051865e+00 1.585805341159364446e+01 9.853415636045658843e+00 1.977642180543705663e+01 2.266218485156215934e+01 2.811136328283741648e+01 2.408786630363414361e+01 1.759092009321431860e+01 1.988525046420281939e+01 2.280122236359111199e+01 2.836812505345153568e+01 3.838958204720317013e+01 3.626688097764063201e+01 2.589980681398156293e+01 3.070750348162516019e+01 4.102918187049422727e+01 4.251200823059812706e+01 3.559539004028642495e+01
1.610135777718619821e+01 1.331543262431648600e+01 1.629091393450256930e+01 1.952892457746431987e+01 2.420186014244855244e+01 3.365944162653581628e+01 3.587312430591038748e+01 2.599800097637383800e+01 2.108791115293533736e+01 1.712499268340915037e+01 2.365101445885785125e+01 1.873790396885606313e+01 2.827059906215313134e+01 2.667259543449994297e+01 1.874573668465682985e+01 2.079325184399832338e+01 1.929419357749080888e+01 1.519005497806995741e+01 6.773849579662696740e+00 1.531841876201509756e+01 1.740185105153255662e+01 1.186318679422698352e+01 2.121518510616316533e+01 2.789470007935884510e+01 3.636173455109404529e+01 3.115052105274956062e+01 2.421954816589374460e+01 2.659573359644882729e+01 2.950227225956052735e+01 2.966798295838338362e+01 3.969111769567077630e+01 4.051072383670821608e+01 3.111773997160920757e+01 4.051072383670821608e+01 4.525972166855893164e+01 5.009942120234421026e+01 4.588127361852938435e+01
9.172153661925262824e+00 1.939279272218049499e+01 2.579674211548289620e+01 2.893065088449217725e+01 3.290938733048070475e+01 3.767169208421316284e+01 3.997535875757371571e+01 3.503361652244223734e+01 3.059473838086492847e+01 2.077306422593078139e+01 1.387056858210777399e+01 1.437846899808088708e+01 2.412594375538510150e+01 2.785487415549586743e+01 2.127155654749800107e+01 1.381311879987617708e+01 1.034349769194260915e+01 1.358983504710588619e+01 6.773849579662696740e+00 6.773849579662696740e+00 1.797910449294329993e+01 2.123033230356499601e+01 1.489680903397759693e+01 2.405643003606681418e+01 2.953113089473744779e+01 3.279903542008150907e+01 3.400653585341405716e+01 3.651138910955892669e+01 3.942635799667139196e+01 3.969111769567077630e+01 4.375567723082499327e+01 4.564791729548653620e+01 4.141602198367204579e+01 4.564791729548654331e+01 5.142582879138445406e+01 4.719769198861591519e+01 4.853841055822088890e+01
1.935415423848201399e+01 1.939279272217085648e+01 2.903590378392188498e+01 2.830780948647987927e+01 2.830780948647988282e+01 3.226497256914414180e+01 3.307796434330680313e+01 2.903345070822922835e+01 3.306900786410467674e+01 2.636126917892252663e+01 1.656114716897061712e+01 1.068474855149577429e+01 1.830719529861456607e+01 1.977044780322529149e+01 2.230058380164699372e+01 1.460856720514973439e+01 1.424934770789170990e+01 6.500293212240470631e+00 1.463585662775365925e+01 1.442308957132721403e+01 1.083317751994193756e+01 2.200941689756022868e+01 2.405643003606718366e+01 1.808321328021088803e+01 2.040722252631294609e+01 2.355594564163572358e+01 2.758066274110739613e+01 3.292444627438790405e+01 4.260155102746468714e+01 4.497885641291432535e+01 4.072571460690031131e+01 4.129715312034636554e+01 4.554639164261546114e+01 5.282990990934998621e+01 4.545093971373358244e+01 3.679039928462274389e+01 3.814482926423570319e+01
1.925790252087619336e+01 2.674776801291956119e+01 2.557928209086425753e+01 1.890141096364854079e+01 1.890141096364854079e+01 2.830780948647988282e+01 2.818533776369440957e+01 1.925641794817652652e+01 2.818533776271680225e+01 3.046099278529543497e+01 2.477557588172484060e+01 1.830719529861456607e+01 7.891597687163269370e+00 1.598153107540604623e+01 1.778107023524642116e+01 1.438995030955265797e+01 6.234688296826851328e+00 1.310884675512125064e+01 1.861089612882913258e+01 2.383147351739481934e+01 2.200905180475609768e+01 1.570777582710703690e+01 2.630544040501947833e+01 2.717515239207993716e+01 2.678027888928669142e+01 2.780018708393770055e+01 3.679461917172535834e+01 4.105505060212022528e+01 4.666368985742943920e+01 3.903372158697257532e+01 3.041761144763311364e+01 3.098361881607507229e+01 3.826287319399799713e+01 4.481642975583466182e+01 4.118903874442676738e+01 3.083810838122767350e+01 3.791578715947837708e+01
1.912304418490224478e+01 1.748308651929533397e+01 1.748689401298318558e+01 1.240424772243027896e+01 2.162949092188370770e+01 2.784526534469596015e+01 2.414417346372062667e+01 1.434458807480539022e+01 2.414417346372062667e+01 2.947022701466763195e+01 2.539227008312662548e+01 2.188951031309612105e+01 1.585531868608766004e+01 5.396240018137566707e+00 1.432354659731024071e+01 5.849443472003110323e+00 1.299363406632866891e+01 9.607797363631590315e+00 1.302489982574830307e+01 1.950614907763592853e+01 2.893199154444088705e+01 2.630544040501948189e+01 2.087429087876131817e+01 3.107855243236056353e+01 3.619318854325779000e+01 3.723294762635155308e+01 4.127029281120186255e+01 4.409207742842578170e+01 4.172624196986041767e+01 3.477430116152032724e+01 2.463038693407608548e+01 3.477430129459595065e+01 4.205858943807228201e+01 3.449753617616090651e+01 3.449753617619379042e+01 2.766103420962512160e+01 3.487716434683106570e+01
1.576071891133443614e+01 1.712912317103950954e+01 8.104068334915540461e+00 1.747904251012767318e+01 2.437577011219799417e+01 1.912078292243075239e+01 2.084632289612550338e+01 1.115056774437169551e+01 2.087745100252173103e+01 2.194588706406068468e+01 1.630492129986594563e+01 1.771789057267733014e+01 1.491605662883674022e+01 1.149690191019698027e+01 5.396240018137566707e+00 1.228729972496066125e+01 1.845871684381965849e+01 1.904146694872186885e+01 1.889865986403465214e+01 1.947146078413294035e+01 2.861971810729709276e+01 3.510415323543635679e+01 3.072749110119316995e+01 2.742750551461632824e+01 3.450540079225022083e+01 4.404851275291417778e+01 4.105434836824242950e+01 3.379075700615562283e+01 3.748025966468562586e+01 2.729655145640034064e+01 2.181572404638550111e+01 3.184600270819356282e+01 3.178887953180528569e+01 3.178887953199757987e+01 2.436267103521599608e+01 3.449753617619351331e+01 3.601322056556296758e+01
5.745535635440750966e+00 1.306729523865013576e+01 5.467616596740946022e+00 1.503199205702029140e+01 1.825225894245570046e+01 1.266939361123487195e+01 1.488899912608296283e+01 8.668161676126478810e+00 1.603278220451571201e+01 1.109413598497787312e+01 1.537153535518328340e+01 9.910957098593573988e+00 1.299775999140669036e+01 4.953971473851408014e+00 1.043063694063730473e+01 1.238395132179806879e+01 2.129858710093998297e+01 2.903380350531661946e+01 2.833393852312189765e+01 2.861971810725752974e+01 3.257129574026691188e+01 3.200892509181097978e+01 3.587209776860294852e+01 3.732714672410966728e+01 4.124157006063798292e+01 3.970321960508946546e+01 3.680793856859228441e+01 2.663604859341375786e+01 3.037467294542874896e+01 2.916525686124607120e+01 1.926876614813668809e+01 2.810535233916914422e+01 2.935522255721617668e+01 2.175465476858605030e+01 3.178887953200039007e+01 3.070729092502664415e+01 4.101963563841325566e+01
