output/example_1/elevation_000184.asc
nrows	75
cellsize	13.33333333
xllcorner	0
ncols	75
yllcorner	0
NODATA_value	-9999
[rows 0 to 16 of 75, columns 37 to 73 of 75]
4.738902913911065440e+01 5.155803080320333009e+01 4.740485832950574974e+01 4.323798195798620725e+01 4.323798195778947928e+01 4.323798195782380560e+01 4.740485820611894496e+01 4.798882350909898520e+01 4.382018059037152824e+01 4.512034204542496951e+01 4.805982372110536005e+01 4.686151738933403266e+01 4.283563255290793137e+01 4.686141148533430112e+01 4.946436824965135060e+01 4.544495669281134553e+01 4.946436824603097193e+01 4.805234942249930441e+01 5.217810735057413041e+01 5.710893048087539370e+01 6.468807687409369578e+01 6.081065771165705769e+01 5.661041987275524434e+01 5.794168653995182439e+01 5.981039601092732028e+01 5.932734126079658665e+01 5.927235399735780419e+01 5.927235415268303598e+01 6.319765892686984898e+01 6.314757834702913897e+01 5.906857173828551311e+01 5.999923702820737503e+01 5.598096801840967629e+01 5.999923702820737503e+01 6.105253626777334119e+01 5.809472898570921728e+01 5.781101292786437540e+01
3.733364582722998648e+01 4.738902913911065440e+01 4.323798195797977684e+01 3.298148832500491068e+01 3.298148832500491068e+01 3.298148832500491068e+01 4.323798195782770648e+01 4.218592774382324961e+01 3.377468985361611686e+01 3.507952743067353651e+01 3.802040949982205120e+01 4.251346482921240266e+01 3.399705187683136387e+01 4.251229402950701086e+01 4.469822531205890215e+01 3.598368064115603460e+01 4.308964704746234986e+01 3.841921113207240523e+01 4.274617934027028809e+01 4.869970171228580114e+01 5.971241212767992579e+01 5.636218630543628905e+01 4.664470038899849413e+01 4.688584801669347968e+01 4.964380978484839346e+01 5.018979222327818945e+01 4.996043005082749744e+01 4.996043005103913259e+01 5.927235415268303598e+01 5.906857173828540652e+01 4.996722793018444975e+01 5.263294981366689740e+01 4.712306619088679582e+01 5.544682317085102596e+01 5.125027889920300339e+01 4.841521484638641226e+01 4.827775559053179677e+01
4.027876590332254381e+01 4.304751704373104104e+01 4.459122614155852915e+01 3.341383185177482318e+01 2.492164385451459907e+01 3.598554575890437945e+01 3.825554172546247145e+01 3.409583429520326803e+01 2.801465916462780825e+01 2.801465916462780825e+01 3.802041394266839802e+01 3.902942574712771062e+01 2.949058904075531018e+01 3.902942574700604439e+01 3.813871431170257154e+01 3.116124029039232113e+01 3.358477597732508713e+01 3.750252426450180110e+01 4.208618849436705034e+01 4.811456609045230692e+01 5.704423404352132110e+01 5.700077103817415036e+01 4.670732943667149328e+01 3.970333336173855088e+01 4.560263727151291135e+01 4.357289811825403802e+01 4.326076275074026967e+01 4.996043005103913970e+01 5.927235415268303598e+01 5.906857173828386465e+01 4.996722793018444975e+01 4.386854267262641827e+01 4.281773626019383983e+01 5.155200527332690541e+01 5.117914136765098476e+01 4.190367270553370105e+01 4.296574565739287266e+01
4.101576505591595634e+01 3.443180808295900874e+01 4.101541604573203870e+01 3.287643655450315805e+01 2.093568854669777934e+01 3.287644847188903441e+01 3.077558469826274745e+01 2.415922399304285406e+01 3.409583429520326803e+01 3.802041394269725316e+01 4.218592787713465242e+01 3.584981291889991439e+01 2.626305304105466476e+01 3.584981278550092298e+01 2.857918831275756943e+01 3.813871431203173046e+01 3.669814108915424811e+01 4.599946242538543117e+01 5.076027498529508364e+01 5.519467668766473878e+01 5.748886731929086125e+01 5.470339216884629963e+01 5.368997155415505063e+01 4.560264372779997899e+01 3.562673627104828711e+01 3.865208896224969948e+01 4.824386783492697361e+01 4.901392904499084580e+01 5.849402337246085892e+01 6.027542142140338655e+01 5.113757572480475488e+01 4.825074600884472176e+01 3.935521523118424625e+01 4.763453259660525418e+01 4.387051710651892478e+01 3.788383643583279081e+01 4.731388091530566697e+01
3.449990436895394197e+01 2.803282493277831122e+01 3.700832768146419482e+01 2.996242683736489454e+01 1.793396245279433643e+01 2.772369451660865280e+01 2.090911420645299046e+01 3.076516587645890155e+01 3.785457494195757988e+01 3.636243089663893358e+01 4.006771914549829461e+01 3.745541778697418778e+01 3.393032921172829219e+01 2.626305304105466476e+01 3.584981278550092298e+01 3.531362874166868693e+01 4.393572058358348187e+01 4.328159593535311700e+01 5.258046682868864963e+01 5.720731436917745327e+01 4.797717318408870568e+01 4.519108205711072657e+01 5.171722123478463828e+01 4.558905538443254812e+01 4.311405051852518255e+01 3.562673627104828711e+01 3.940328448243236892e+01 4.623968388125896922e+01 5.571156963715154831e+01 5.304182215274764189e+01 4.912709819616860329e+01 4.227427604023648655e+01 3.698967477752870536e+01 4.387051230518596157e+01 3.422729477416999089e+01 3.989649288381074399e+01 4.652059349287831225e+01
3.052489995330310890e+01 2.379309649900971024e+01 3.330314406682717276e+01 3.077740260144840079e+01 2.666694085656158464e+01 1.793396245279433643e+01 2.772350079947166179e+01 2.823807598102019867e+01 2.940774197419751346e+01 2.627164431343882711e+01 3.130709866923133333e+01 3.105915766519125043e+01 2.430360397885957013e+01 3.393032921172829219e+01 3.979757420865373518e+01 4.440032768354090820e+01 4.817414275557357684e+01 5.244903500396456764e+01 5.663592304126170518e+01 5.332478779087267640e+01 4.393796925143345788e+01 3.827294731700765595e+01 4.337803064884658255e+01 4.311405051833193625e+01 3.327256121707181080e+01 4.311404966408458961e+01 4.901390554164265012e+01 5.295497464052238712e+01 5.561764731867103961e+01 4.644316541517224550e+01 3.995808099733637420e+01 4.311794009616151868e+01 3.461803822909678274e+01 4.132473827855406512e+01 3.422729477416999089e+01 3.859650239285289786e+01 4.514192008220335595e+01
2.629211734465698669e+01 2.040453128580502806e+01 2.562654013531394526e+01 2.562645057617134370e+01 1.688786772018928772e+01 2.666281101274660870e+01 1.793396245279433643e+01 1.878310470792854758e+01 1.963877949927059063e+01 2.052948373913642399e+01 2.145078370704737480e+01 2.240409550808689687e+01 2.381618987126188003e+01 3.335599142176147325e+01 3.719557564008180606e+01 3.949665646743338954e+01 4.221587265666556732e+01 4.548382732848602217e+01 4.974098326573219708e+01 5.497588181433908971e+01 4.990882836825996804e+01 4.052884469212865781e+01 3.355818514859713275e+01 3.952815359456278799e+01 3.173901540528545695e+01 4.160040402184674235e+01 4.903791130011752131e+01 4.571352437460670615e+01 5.054088139943409175e+01 5.271758875828726332e+01 4.433784409387652659e+01 3.436693579310382773e+01 3.889235985281316488e+01 3.154793250784003433e+01 4.117850639696177950e+01 4.768117540414951350e+01 4.791523062060510796e+01
1.660352577210098701e+01 2.473619502110402735e+01 1.583182967224872328e+01 1.583182967224872328e+01 2.562655388276416346e+01 3.076401078316207460e+01 2.483818694160196117e+01 2.847659838506638508e+01 2.361979987357300104e+01 3.039347478125313273e+01 2.694768664802682423e+01 3.231498232696048234e+01 3.335599142154374874e+01 2.586462961949961326e+01 2.805796389903318300e+01 3.024984155095753380e+01 3.262557232465069035e+01 3.541864631298344079e+01 4.035762016938657837e+01 5.076297310729555790e+01 5.119404514800856276e+01 4.598184943164476124e+01 3.952838526388510587e+01 2.973241806848545465e+01 3.948009036046828868e+01 4.445276294001385509e+01 4.422068023424665029e+01 3.516189827547448488e+01 4.463487705787186854e+01 5.138056551116837056e+01 4.618488739037245239e+01 3.940068048202444118e+01 2.964421379599946249e+01 3.944755988163218774e+01 4.529533158079095045e+01 4.489214137222694490e+01 4.857443539991994186e+01
1.492657827657895986e+01 1.492657827657895986e+01 2.473619502360454447e+01 1.583182967224872328e+01 2.562654409857232807e+01 3.172850983047182893e+01 3.493111531962561855e+01 3.663378762594882687e+01 3.064799383314581505e+01 3.346940498728416458e+01 3.523109002868428519e+01 4.052895408109015563e+01 3.727728368129632486e+01 2.777197765237498928e+01 3.701676223760629370e+01 3.659111532532177335e+01 4.221530920784061891e+01 4.323545508667224624e+01 4.974085772474902711e+01 5.511159529550055680e+01 4.709063936882116508e+01 3.690952843447009712e+01 3.193522615350254412e+01 2.863444855945148504e+01 3.633560433702471926e+01 3.907633692219926758e+01 3.521683647109044557e+01 3.036083224318943863e+01 4.025388011981560510e+01 4.781291852478358351e+01 3.866088110730638050e+01 3.292798052263566433e+01 2.849441268152970252e+01 3.672888750297906313e+01 3.914082549963251267e+01 3.500475600816172062e+01 4.065983885192663649e+01
2.426623605855694166e+01 2.193030930311921267e+01 2.473619502554655014e+01 2.562654409933051269e+01 1.783602997164749482e+01 2.761447659962080436e+01 3.008671405656420106e+01 3.466800114883098161e+01 4.098237859501255542e+01 4.328120085649116788e+01 4.291204603753106284e+01 3.324674148518499095e+01 3.324674148518499095e+01 3.018297626624583785e+01 3.498386848075783462e+01 4.411087348915095419e+01 5.051701669023447039e+01 5.456882604148355398e+01 5.205011949499226631e+01 5.597926660039733804e+01 5.148706947435705672e+01 4.618056170688763018e+01 4.191568637180928647e+01 3.667069956034985978e+01 2.728210742768633423e+01 3.518024183751050771e+01 2.606563136642094136e+01 3.521546795618271375e+01 4.359379420707740849e+01 4.755729592056857058e+01 4.352547614300129908e+01 3.850081215587272254e+01 3.510524832476625789e+01 2.700015963466432467e+01 2.925683648404622872e+01 3.277676865601243605e+01 3.980148020449986745e+01
2.849710343812496660e+01 3.204761479635960342e+01 3.461194522694405862e+01 3.137209227330032135e+01 2.149654461771484648e+01 2.004901114840153653e+01 2.004901114840153653e+01 3.031363412418368242e+01 3.867746572527336468e+01 4.364016462813437158e+01 4.911157153457010338e+01 4.264823264012532889e+01 3.372154139759203417e+01 4.073495997905487087e+01 4.360755017703946379e+01 4.817030433465265560e+01 5.438805405897415568e+01 5.040987378186907364e+01 4.292120586570224816e+01 5.101723599983742474e+01 5.161912669425960587e+01 4.967660502943103751e+01 3.999844080267057222e+01 3.308693363023251521e+01 3.518024183749556499e+01 2.606563136642094136e+01 3.385900009348039674e+01 3.780688546214167900e+01 3.392993376344378476e+01 4.198942581496613968e+01 3.958866748897484200e+01 2.996115517403988449e+01 2.571000138508479083e+01 2.571000138508479083e+01 3.854533505870294618e+01 4.252725075408403654e+01 3.980148020449986745e+01
2.566992099446843412e+01 3.545087942001880066e+01 3.842462660508495276e+01 2.846639114500545986e+01 3.138309078275211306e+01 2.226652664683362204e+01 2.955792048462256361e+01 2.383704521023442169e+01 2.863860939714842857e+01 3.535259185779773361e+01 4.575234756350457133e+01 4.637461553198659914e+01 3.679733692244629140e+01 4.120054155300137211e+01 5.094534712689392819e+01 5.587495180225828051e+01 4.640915558983073197e+01 4.093387334018974855e+01 3.751473693580648217e+01 4.336742181253289630e+01 4.202456651048663616e+01 4.882448027398297796e+01 4.682975974309776035e+01 4.283421806156360390e+01 3.919153208434311608e+01 3.105881066273325430e+01 2.489576960593797139e+01 3.259455484432502459e+01 2.862974522148508427e+01 3.801556000183198591e+01 3.715330484183782289e+01 3.312018657642981623e+01 2.479745667648572294e+01 3.437186030922167390e+01 4.067937053070379960e+01 4.469174052601769631e+01 4.930679535772087263e+01
3.545087942001880066e+01 3.947727504992001712e+01 4.255780258391823878e+01 3.842462660449186274e+01 3.617108559950193580e+01 2.790219847908810635e+01 2.594061936251494060e+01 3.334511063431482825e+01 2.955730236275981682e+01 3.559590973212233678e+01 4.665640383961311244e+01 5.050712143445131375e+01 4.146796859209783292e+01 5.050712143445131375e+01 5.511791477077191814e+01 5.989253088547609138e+01 5.438805400954019120e+01 5.040987378336973990e+01 4.336742181253289630e+01 3.365390592201686815e+01 3.510829937299141790e+01 4.397507612460088922e+01 4.577653797028403204e+01 4.977521719613022100e+01 4.463590850073487104e+01 3.784736121585332569e+01 2.983273867092590237e+01 2.360142343108128671e+01 3.139770187980635185e+01 3.215870306506310783e+01 3.189032691850241719e+01 2.351787250027555132e+01 3.312018952853249232e+01 2.816358535553000664e+01 3.081353987025556407e+01 4.071337865523255317e+01 4.563441286721727153e+01
3.670867757183951596e+01 3.745049381120077214e+01 4.112439394817513971e+01 4.341111359673012515e+01 4.187348814108572270e+01 3.777307739849012336e+01 2.864624887570016654e+01 3.841698218366426687e+01 4.024478576505840977e+01 4.481174581793172251e+01 5.116967912272559715e+01 5.545079828107886755e+01 5.128126247187538667e+01 5.545079828107886755e+01 5.962547784547615493e+01 5.368893782895158751e+01 4.938949881244939633e+01 4.585963532835431522e+01 4.285694416498271408e+01 3.997152374862621116e+01 3.015463712610371516e+01 3.783863107408171089e+01 3.605447055736109263e+01 4.384431660537733677e+01 4.784181152495039413e+01 4.329253782954670271e+01 3.656263825855042171e+01 3.139770187980634475e+01 2.220070012382672076e+01 2.537188938157196816e+01 2.214526632465571510e+01 3.189032697380525150e+01 3.692485172998038223e+01 3.749098254210564107e+01 4.066456992644022961e+01 3.580848593815184699e+01 4.279636152727000820e+01
2.668165140702558702e+01 2.772954697668103918e+01 3.540375952263450188e+01 3.377738985786702841e+01 4.344186943981808469e+01 4.244504429565133563e+01 3.841702548639775472e+01 3.328269054437419783e+01 3.892915731093416554e+01 4.855106789870509942e+01 5.671340796427242736e+01 5.268645697849333231e+01 5.518865318641973516e+01 5.803057924064347617e+01 5.527094147508048394e+01 4.508398396737726443e+01 3.940553721282330457e+01 3.590847867210164424e+01 3.290127877272600188e+01 3.015463712610371516e+01 3.783863107439648843e+01 2.803909124585392831e+01 3.588520252475647254e+01 3.409690541099678285e+01 3.852167875842000910e+01 4.253920005452051356e+01 3.767915002437196392e+01 2.777253856261547327e+01 2.520780019847349607e+01 2.071764693470855434e+01 3.129617922934278340e+01 3.229545694021302182e+01 3.246551575658356370e+01 3.764576363584339447e+01 4.471751705845663594e+01 4.559891471528212037e+01 4.563441286721727153e+01
1.956002018533842346e+01 2.241429594375592771e+01 2.547510950936477769e+01 3.064517218857063696e+01 3.781365697385285074e+01 4.748431716889533760e+01 4.702622117156141002e+01 3.892915731093416554e+01 4.702622117156141002e+01 5.261236891834020213e+01 5.113480372136212537e+01 4.304867409221694885e+01 4.555454427048712773e+01 4.837630944127400312e+01 5.389651609113139585e+01 5.368893782895158751e+01 4.938949881360958472e+01 4.585963533318541607e+01 3.825518466074768043e+01 3.716527437539235734e+01 3.783863107439648843e+01 3.588597045186357803e+01 2.611277584146940711e+01 3.406131333862705191e+01 2.872564452039790339e+01 3.666822083322269066e+01 4.103953759534593360e+01 3.169277430385871597e+01 1.969597203701908938e+01 2.468134570823465168e+01 2.993551196848265050e+01 2.331487102705571957e+01 2.492628779347900903e+01 3.122191621774771164e+01 2.987112633704258613e+01 4.255194780889396355e+01 4.677073685148035764e+01
2.666188235999715062e+01 2.770808425508802841e+01 3.560528641125572591e+01 3.971991101744676911e+01 4.461217841600252854e+01 4.527047716125605348e+01 4.917593805447215516e+01 4.855106789870535522e+01 5.261236891931245196e+01 5.164487164297992194e+01 4.679446600521838207e+01 3.740945073464244786e+01 3.868055046233095595e+01 4.837630944127395338e+01 4.424615531018560688e+01 4.832487774464050290e+01 5.234600271788593773e+01 5.256774475941774227e+01 4.828879916623642998e+01 4.717271950102892220e+01 4.754394038768948150e+01 3.991079034025642613e+01 3.406131333862705901e+01 2.425035120835504898e+01 2.295610176514902534e+01 2.991543146249948038e+01 3.513723234667418893e+01 2.926038238274772851e+01 1.900331058314456456e+01 1.900331058314456456e+01 2.081407923224668721e+01 3.004832714444370012e+01 3.395495583961103847e+01 2.726089094453177708e+01 2.976236467849618350e+01 3.271835952802174319e+01 3.841926914143270011e+01
