output/example_1/elevation_000448.asc
nrows	75
cellsize	13.33333333
xllcorner	0
ncols	75
yllcorner	0
NODATA_value	-9999
[rows 51 to 67 of 75, columns 0 to 36 of 75]
1.369999999999999864e-02 1.001369999999996274e+01 7.399657627034553542e+00 1.117930235712681331e+01 1.695280504902303065e+01 2.695280504902295959e+01 3.537936734442161679e+01 2.540978207674149658e+01 1.834734030981111630e+01 1.307215135122436678e+01 2.174732688933441693e+01 2.174732656195650904e+01 2.445376459006861936e+01 1.448274477881155065e+01 7.311705411507027463e+00 1.523022610903193375e+01 1.258022070409726823e+01 2.252343706046062977e+01 3.073836514865067926e+01 2.487901522976210344e+01 2.065636662575132831e+01 1.381231682758243196e+01 3.098429480075696407e+00 1.070228980322361068e+01 8.340058661696756914e+00 1.512672565043908612e+01 2.381887662098665714e+01 2.691424083445754434e+01 1.622384393482084164e+01 9.393142370513231754e+00 1.391920815325617511e+01 1.980461526891168234e+01 2.481700284772097831e+01 2.112693532681657160e+01 1.860328011830228689e+01 1.354259205284482093e+01 3.766482114148644644e+00
1.290000000000000001e-02 1.001289999999996283e+01 1.739965762703448249e+01 2.117930235712674403e+01 2.532143798085766306e+01 3.109494067275388218e+01 3.642384792039726449e+01 2.645683046357954282e+01 1.939480342820036185e+01 1.754378954666629298e+01 2.719293449796476025e+01 3.172390144729876482e+01 2.616055337844850825e+01 1.618617312801077190e+01 9.130299341913136857e+00 1.499639365560369519e+01 2.221495284027078299e+01 2.663118140438060166e+01 2.655417674107175330e+01 1.633363424122851981e+01 1.057033542861674569e+01 1.380778220547830948e+01 3.815483381368161009e+00 7.545524762832380716e+00 1.653869950469672645e+01 2.208834372697553405e+01 3.065123908819663612e+01 2.764959562280951744e+01 1.778547507803487093e+01 1.141422928860114538e+01 2.067429632263761974e+01 2.737763827692447904e+01 2.476120552359216376e+01 2.066541017386116152e+01 1.513062364489954348e+01 5.403949130338649987e+00 1.354259205284482093e+01
1.329999999999999932e-02 7.107082332888086995e+00 1.733555091485062860e+01 2.637992304365298679e+01 2.270467936929890840e+01 2.483030863045184233e+01 2.907944929017114788e+01 3.350175937319280450e+01 2.937610228847674776e+01 2.331351875982813482e+01 3.165542251564908582e+01 3.374809370522240215e+01 2.374031584549713259e+01 1.670324333885073287e+01 1.098427308727590557e+01 2.016644313237625852e+01 2.748099250506723124e+01 2.947944622990981856e+01 1.935728039457801586e+01 1.934732149485454400e+01 1.482256806352637390e+01 4.854590429557873676e+00 6.930751618752800880e+00 7.843529102318003154e+00 1.797057051715021103e+01 2.743112106239976811e+01 3.162564986364069597e+01 2.148866076723131258e+01 1.481264782474865349e+01 2.067460909516723433e+01 2.484675982711478426e+01 2.476120552359216376e+01 1.689165116425710167e+01 1.620174887644519046e+01 7.079832976771200492e+00 1.513095880332711474e+01 1.920219001082116250e+01
1.369999999999999864e-02 1.001369974249520034e+01 1.893450675270149830e+01 2.041388016592305021e+01 1.230754482323261279e+01 1.469074755582399128e+01 2.191139478983128086e+01 2.615452981142788857e+01 3.204822728499311069e+01 3.328701118290714334e+01 3.741047918055070198e+01 3.624507361734931266e+01 2.622833650122247562e+01 2.290665936580795403e+01 1.295713233660576158e+01 1.868872660799702601e+01 2.866845644055272757e+01 2.645829810128380899e+01 1.641594256605748114e+01 9.310593466723636524e+00 5.904116884210107941e+00 1.484329937843341085e+01 1.787869488934323670e+01 1.797057051715020748e+01 1.280568770839974846e+01 2.313545332844293512e+01 3.028723182118386603e+01 2.019021446530617325e+01 2.019021446530615194e+01 2.869781072625781704e+01 2.807191646024310927e+01 1.938246062488353516e+01 1.462177192291130012e+01 1.097218845005620302e+01 8.350376824230224315e+00 1.573608348891469966e+01 2.624250165930645196e+01
1.319999999999999993e-02 1.001319999999996213e+01 9.798447117598238165e+00 1.425159397943271955e+01 6.495297314318627890e+00 1.655136590045355405e+01 1.181192354411840917e+01 1.761212068056795843e+01 2.778434587471328143e+01 3.394651621790290363e+01 3.989329135508746305e+01 3.330714272400121700e+01 2.329990096324542748e+01 1.626016782024946750e+01 2.290510899161149183e+01 2.706018062914207789e+01 3.284212529894822552e+01 2.619361038102579542e+01 1.608937328816951151e+01 1.589216056467599714e+01 5.904116884210107941e+00 1.291386666921711779e+01 2.308280133022052283e+01 2.743111971814406758e+01 1.873916352945181885e+01 2.743112106239976811e+01 3.456718393383823695e+01 2.593224489203053906e+01 3.028723176103084569e+01 3.456718036985527220e+01 3.168457068525041009e+01 2.534633888038750982e+01 1.961715538571482753e+01 1.014292024009121462e+01 1.687400965981143131e+01 2.220708112177499416e+01 2.776764532539228370e+01
1.349999999999999985e-02 1.400250490563191841e+00 2.800530574595905708e+00 4.259180618545951091e+00 1.429810871544679429e+01 9.035854403189190975e+00 1.911027454149583349e+01 1.498200648496637655e+01 1.947922804832203525e+01 2.532672665391582001e+01 3.561800709575123136e+01 3.330351355256240709e+01 2.329985602618900487e+01 2.123592810875381076e+01 2.255531564313558235e+01 3.255028466124378639e+01 3.667518199044442895e+01 2.619361038102962524e+01 2.125093642119135495e+01 1.102873295771600759e+01 6.673663386005317832e+00 1.666729918877981120e+01 2.137691577817533073e+01 3.156673523343307153e+01 2.914089687626320213e+01 3.342768473332195356e+01 4.052441066467846298e+01 3.623625459955648864e+01 3.480878693177237437e+01 2.927249677208557088e+01 2.529100107933422592e+01 2.164185247669628254e+01 1.204537576145541600e+01 1.961715461604081057e+01 1.607418738888991427e+01 2.548081627477240119e+01 2.839523289856400368e+01
1.369999999999999864e-02 1.001369999999964833e+01 1.285225655072462203e+01 9.938622173359044965e+00 1.820601610936607884e+01 1.613597101822036350e+01 2.334122931062451300e+01 1.498200648496637655e+01 1.853426260807835391e+01 2.570128542333010913e+01 3.599334736259488920e+01 3.749651588805407698e+01 3.330351355256240709e+01 2.698529491271434466e+01 2.960747037894461542e+01 3.672374901323919261e+01 3.363883101116572760e+01 2.919737047778937367e+01 2.288280404732649842e+01 1.743457895453419937e+01 7.448262851994184253e+00 1.124802096238496496e+01 1.840485558650496500e+01 2.855229337720542304e+01 3.588687291793780076e+01 4.001834603369987065e+01 4.578572236020649910e+01 3.959735116388357312e+01 3.081421107153268935e+01 2.124773084065374817e+01 1.563591980479985111e+01 1.563591980479985111e+01 1.379510893011067019e+01 2.347044100174651149e+01 2.280489283747416351e+01 2.939283357982320055e+01 2.745132891039125056e+01
1.379999999999999977e-02 1.001379999999996251e+01 1.638035090008836292e+01 1.957213835165381965e+01 2.405283233377405949e+01 2.629097586632178363e+01 2.937139966113532097e+01 2.211777493428089514e+01 2.511603726039784590e+01 2.493601068606300686e+01 3.218479704038357880e+01 4.254694544458770622e+01 4.121604301212111920e+01 3.701297475450419938e+01 3.965549963508477305e+01 3.766728114439071362e+01 2.919737047778943051e+01 1.870880360620533978e+01 1.864045338198365442e+01 8.574399844203878018e+00 1.713530173947762592e+01 2.119468812409086667e+01 2.561532981559511413e+01 2.999207884991817252e+01 2.567679009197278006e+01 3.165859320565864365e+01 4.166281041921748596e+01 3.557524772223528231e+01 2.605317408845132121e+01 2.124773084065364515e+01 2.529100052176028157e+01 1.660092407999314901e+01 2.347028641686061690e+01 2.746200512590921505e+01 3.210069859524323732e+01 3.223829158789005334e+01 2.795645195056859933e+01
1.309999999999999880e-02 2.249167960663175148e+00 1.212742046922271477e+01 1.848334824097180018e+01 2.171454374948922350e+01 2.584857148423161632e+01 3.031205604600027925e+01 3.235489212512442947e+01 3.537994598094051213e+01 3.521980004031362199e+01 3.949548435648902256e+01 3.930652712356482681e+01 3.686869853259936747e+01 4.103493067222925816e+01 4.086290419941689578e+01 3.005352784140108469e+01 2.257302954844190168e+01 2.178083371796369860e+01 1.160378990583310532e+01 1.857406330074249823e+01 9.804504713135155924e+00 1.978523234934725039e+01 2.480322005820424991e+01 1.898484713522261558e+01 2.999207884991852424e+01 3.683283951756263264e+01 4.185734104635719177e+01 3.959735116388434051e+01 3.480876143608414708e+01 2.954065022260655837e+01 1.996936426685333998e+01 2.625772635639512842e+01 2.275092878422108456e+01 3.229208178980150024e+01 3.504029002153551176e+01 2.527626108798896354e+01 1.869851571329615680e+01
1.349999999999999985e-02 1.001349999999996321e+01 5.679125850344838966e+00 8.565819241111423565e+00 1.172780499206217897e+01 1.619769091033937158e+01 2.325628691375721502e+01 3.323096148160152552e+01 3.417415846230446874e+01 3.835880308910694936e+01 3.930652712356482681e+01 2.900194947659051792e+01 2.651826804941790527e+01 3.510852797322585417e+01 4.103493067222925816e+01 3.321952087626636541e+01 2.257302954844190168e+01 1.534361280653849846e+01 2.178083371796308754e+01 2.068043401128239012e+01 1.068056442013778984e+01 2.068042982590964485e+01 1.194531684250048897e+01 1.753759436680761752e+01 2.233122443815511815e+01 2.764590463398595332e+01 3.774057891585819391e+01 4.000765519477713639e+01 3.047338372454861855e+01 2.376832838539481330e+01 2.954065022442927457e+01 3.352169583196386782e+01 2.949589380470264643e+01 3.628941980817539559e+01 3.699958746672698595e+01 3.223829158789005334e+01 2.624218884360288229e+01
1.369999999999999864e-02 1.001369999949555734e+01 1.566899106364110672e+01 1.383870202898694401e+01 2.171453590741922213e+01 2.584799676017516745e+01 3.031205238277543046e+01 3.244532809594552702e+01 2.387380674915321777e+01 3.244532809334174317e+01 3.091612675371394303e+01 2.668495729563558072e+01 2.058562416952031171e+01 2.651826804941790527e+01 3.686869853259936747e+01 3.320898773007854743e+01 2.257268792374515343e+01 2.257302954844190168e+01 3.012015534641633607e+01 2.485437013210002632e+01 2.068043381105989909e+01 1.194531684250048897e+01 2.197603795140549465e+01 2.502884610187418701e+01 2.920150414223686752e+01 3.683283951756263264e+01 4.185734104635719177e+01 4.106981918531175069e+01 3.151201798553254818e+01 2.924779637063474880e+01 3.047338372544003704e+01 4.000765672470160439e+01 3.904268158164582303e+01 3.699958716149735238e+01 2.709300207233136248e+01 2.891089526005714205e+01 2.220743393781999941e+01
1.290000000000000001e-02 1.001289999999996283e+01 1.880116260078089852e+01 2.381274907698082544e+01 2.793684667353125661e+01 3.031445045678866634e+01 3.319530550839169791e+01 2.822724762796843123e+01 1.810298159884757041e+01 2.822724762796627118e+01 2.668495729562282293e+01 1.661097868591869897e+01 2.668495729563558072e+01 3.510852797322585417e+01 4.027772301620535700e+01 3.763491919313204193e+01 3.319622088376763713e+01 3.321952087626636541e+01 2.886031626108570691e+01 2.198266219565243773e+01 1.194531684250048897e+01 2.197663719855743381e+01 1.368393449438380394e+01 1.493713064309080529e+01 2.502897279385656759e+01 3.108767811956674620e+01 3.625609341470286751e+01 4.027833399914892709e+01 4.106981918531175069e+01 3.592662208467322671e+01 4.000765672470160439e+01 4.405666488871207065e+01 4.087773911984554331e+01 3.094484708610840329e+01 2.396765936278155706e+01 1.922525246854403846e+01 1.650084136794931666e+01
1.359999999999999924e-02 4.949193806945094032e+00 1.182921948274534429e+01 2.165166896754288928e+01 2.700071470549019281e+01 1.966390654852207476e+01 2.278337640254616048e+01 2.464777904610204118e+01 1.476418799369450063e+01 2.022770275510346139e+01 2.177690220159085044e+01 1.438233537363558412e+01 2.424165859692663716e+01 3.187829612947724200e+01 2.999056801405646766e+01 4.027772301620535700e+01 3.881829894542042325e+01 3.185446366393739837e+01 2.163473346842754808e+01 1.449049493800367294e+01 2.198266219565243773e+01 2.617810354120268812e+01 2.358125908911189939e+01 2.502897015351383203e+01 1.679164084607254637e+01 2.692089462249450094e+01 2.653053354001886888e+01 3.346676047300839230e+01 4.299013883251595303e+01 4.558245009686446991e+01 4.251936163486222142e+01 3.840392412115991050e+01 3.840394538661144708e+01 3.798430207469471043e+01 3.302874319612888598e+01 2.881429785574859181e+01 2.569790048062047205e+01
1.379999999999999977e-02 1.001379727696746080e+01 1.801163853561696726e+01 2.082382566239686383e+01 1.661573261601758844e+01 1.124477165848297489e+01 2.278337355009670873e+01 2.247059659623228356e+01 1.832287807347654862e+01 1.060899132602878581e+01 1.210434719930556824e+01 2.177690220159233547e+01 1.806555424136650245e+01 2.155094324120416616e+01 2.885817056691202254e+01 3.916952422269186940e+01 3.457553079193451850e+01 2.433791712462988599e+01 1.922056750851975337e+01 2.462802314079546662e+01 1.449049493800367294e+01 2.462802894801689391e+01 2.944296494887237259e+01 1.917178010550899359e+01 2.645289052691480336e+01 2.012740040576489875e+01 3.010510926983424795e+01 3.853730524606447716e+01 4.410201553076257142e+01 4.616275410235660814e+01 3.840392412115991050e+01 2.859510860256228426e+01 2.859510863218428511e+01 3.422142942257283948e+01 3.118665900635511079e+01 2.702000383017254492e+01 1.955169976134292043e+01
1.349999999999999985e-02 4.819884165885531147e+00 1.486777424432117201e+01 1.613839336523081869e+01 5.501100578674839703e+00 1.472691939603144107e+01 1.929009573393093646e+01 1.650589588092984172e+01 8.708681796270909103e+00 1.832287807347637099e+01 1.752400522063970456e+01 2.595061809688280619e+01 1.806555424136650245e+01 2.822703838138168564e+01 3.608405392385483168e+01 4.133783537645095407e+01 3.883264240092346853e+01 3.369046474371649680e+01 2.513368569476087799e+01 2.744638215209291587e+01 1.714848486853509613e+01 2.744638612969754021e+01 3.115687869588289871e+01 2.091719795305060714e+01 3.032503348837537160e+01 3.010510855455876822e+01 2.468172221048030224e+01 3.047131476683452789e+01 4.002834493749610800e+01 4.202631109788421071e+01 3.223160908652180723e+01 2.656475105011141125e+01 2.172426935709102125e+01 2.445183664187688422e+01 2.497968123097443538e+01 2.027382487952491275e+01 1.970306478760539548e+01
1.359999999999999924e-02 1.001359909312965968e+01 1.518798936815496781e+01 1.168826152243296868e+01 3.291423005469504393e+00 9.422901064691121320e+00 1.458060581431680092e+01 6.845999323334500453e+00 1.649434400852456051e+01 2.241005749617820797e+01 2.756687746747487111e+01 3.174949061531309624e+01 2.822704294146060633e+01 3.245145141972188441e+01 3.828035231554737550e+01 3.105607210255060480e+01 3.828035231554737550e+01 3.959357860030540621e+01 3.535361189429468709e+01 3.074922028974011212e+01 2.020256474230983912e+01 3.074851627623305461e+01 3.332124375509680192e+01 2.304057453832100677e+01 2.621634464387969388e+01 3.088283251332218171e+01 3.451058953845095800e+01 3.172099509101639470e+01 4.138245950914372884e+01 4.335793102791777187e+01 3.354427211741947445e+01 2.665804123914485757e+01 2.141796812871706024e+01 1.798297411759930142e+01 1.618415412312468504e+01 1.436052839614852239e+01 1.252437335399959828e+01
1.290000000000000001e-02 1.001289999997642610e+01 1.032502127269843584e+01 2.313157987123126702e+00 9.250557116782820444e+00 4.304286407582213592e+00 5.024263884844280881e+00 1.473514949553864284e+01 2.005343437206983737e+01 2.392144006963595970e+01 2.808211531772617775e+01 3.072519854295874353e+01 3.479503473590678908e+01 3.570018677032702215e+01 3.366419182184694137e+01 2.368276179003554205e+01 3.288035137118208695e+01 3.705036823848507055e+01 4.200611770729025096e+01 3.514503568373942954e+01 2.425439290071735599e+01 3.513806814298678205e+01 3.558614283778137377e+01 2.531115002951975512e+01 3.545586059801679113e+01 3.569442428784837062e+01 3.753155347364712213e+01 4.137633919595162268e+01 4.556698824684983862e+01 4.573097717556901642e+01 3.578062476191492891e+01 2.802759702290136445e+01 2.998510478771128618e+01 2.731328411784106081e+01 2.324418541491751711e+01 1.394239167308739091e+01 2.187271076453368224e+01
