output/example_1/elevation_000318.asc
nrows	75
cellsize	13.33333333
xllcorner	0
ncols	75
yllcorner	0
NODATA_value	-9999
[rows 17 to 33 of 75, columns 0 to 36 of 75]
1.309999999999999880e-02 1.001309999999996236e+01 7.574150554353616727e+00 6.840820283974229365e-01 9.513551482361951583e-01 1.198166707539321862e+00 1.456198545008816625e+00 1.821504861849162715e+00 2.106330444769342058e+00 8.539335981082841087e+00 9.900704994945176196e+00 1.275941864268369841e+01 1.237622288777776269e+01 4.335526924332792298e+00 1.356587852714477727e+01 1.093601023106245584e+01 1.377762738494502948e+01 1.156233566650134570e+01 5.344930508069646535e+00 1.531459277030771737e+01 1.736664327573722133e+01 1.320383613991261740e+01 1.711166649363115866e+01 2.210981923893300660e+01 3.192498951285466191e+01 2.822376031428054333e+01 1.872563004810915643e+01 2.822376030460497276e+01 3.266878427373890048e+01 3.758971435272525952e+01 3.899934919982596426e+01 2.896663636360295158e+01 3.190515020641458221e+01 2.855344572056080565e+01 2.383094664804409391e+01 1.370887214655601483e+01 2.383445882682619654e+01
1.379999999999999977e-02 2.930903867389711981e-01 2.930903867389711981e-01 1.276560395756273225e+00 1.056500733059225716e+01 2.302559062661293510e+00 9.095294594142171007e+00 8.048410948956423283e+00 9.516328075114634188e+00 2.515692922656258101e+00 2.806871665133371607e+00 3.098617869796936652e+00 3.392517765323932455e+00 3.688576001068665011e+00 3.985289830048883264e+00 4.281877268549491689e+00 4.578377246953510671e+00 4.879560366790777870e+00 1.335225743079828398e+01 1.894740297102331184e+01 2.550331181433632821e+01 2.170986477951023730e+01 2.508316111419304661e+01 2.947273054759791933e+01 3.603239547255614639e+01 3.217741940550426705e+01 2.426502694981078179e+01 2.426502693358842322e+01 2.967874938417474695e+01 3.903103651263304386e+01 4.321931417577607704e+01 3.899934920394404969e+01 3.551501283388681429e+01 2.730876480120126359e+01 1.709270905802770812e+01 1.465085481117503186e+01 2.286011306747639438e+01
1.379999999999999977e-02 1.001379999999996251e+01 2.930903867389711981e-01 9.980999626961337690e-01 1.028363089039154943e+01 6.933058822704812663e+00 1.597020302655807455e+01 1.577228365663782306e+01 6.341238388810682913e+00 1.393751093003828423e+01 1.330344937964409091e+01 5.519791094721192337e+00 1.133225379728179227e+01 8.691365501315782893e+00 1.258816918392605189e+01 9.608142100865954660e+00 6.394661425252272657e+00 1.391266181394224866e+01 5.952499403761143171e+00 1.580657593138299788e+01 2.111192915514265778e+01 1.821257685194516540e+01 1.474091061773803979e+01 2.223091068541999604e+01 3.300252624371083954e+01 3.763681345915404108e+01 3.363158575329823918e+01 3.363149083096838154e+01 3.763617849252413095e+01 4.312603745107747244e+01 4.690656354492548985e+01 3.850686567982101138e+01 2.826797399310343550e+01 2.096991397372620725e+01 2.730139912873434938e+01 2.275346059753961470e+01 1.612993249926174144e+01
1.290000000000000001e-02 1.001289999999996283e+01 1.029330710010826877e+01 6.098447463977847427e+00 1.448532367038719393e+01 1.468048967178511255e+01 1.579518690103344802e+01 1.939431930074703914e+01 9.263718681240687758e+00 1.939431922177208278e+01 1.908623658570981263e+01 8.142621123560664032e+00 1.790383945584364866e+01 1.455057926462750650e+01 2.052325181530756382e+01 1.758578902119551302e+01 8.132707652542116250e+00 1.781836369320096125e+01 1.596106490700130465e+01 7.035389185841165904e+00 1.704528140343839127e+01 8.134117274117617313e+00 1.528069284508315562e+01 2.574758218475204075e+01 3.141993837828552572e+01 3.195539003351471763e+01 3.604878635668807618e+01 3.640410186168391959e+01 4.050895598489096017e+01 4.506893814734934267e+01 4.264233214138143069e+01 3.242143996888766821e+01 2.649959338584073976e+01 2.826797399310343550e+01 3.500658098374466221e+01 3.025196025369980291e+01 2.630425541148973068e+01
1.290000000000000001e-02 7.083967811865462316e+00 1.708396781186539215e+01 1.609789660170429570e+01 2.029445992661644382e+01 2.477836488852976515e+01 2.299950633448794690e+01 2.277935115365425744e+01 1.262425559577076939e+01 2.277935115365659158e+01 2.367584227623581583e+01 1.241334433605238985e+01 2.367584227623581583e+01 2.418857138935026896e+01 2.804620986796930282e+01 2.038845354306976532e+01 1.016517819020200619e+01 2.038839933069240828e+01 2.115540177903011454e+01 1.704493751330022988e+01 8.134117274117617313e+00 1.814563683408567485e+01 2.120422928058658840e+01 2.270244183253885950e+01 2.167678718617961309e+01 2.221105030771428801e+01 2.839243077374961643e+01 2.659185569555377171e+01 3.109015823943991208e+01 3.767782820515314057e+01 4.178775723165929890e+01 4.099302797841301071e+01 3.374494501063919927e+01 3.850686567982101138e+01 4.120342437035279204e+01 3.617836388649696744e+01 2.950777942308486246e+01
1.309999999999999880e-02 1.001309999999996236e+01 1.545961341051032001e+01 1.862189108718833097e+01 2.276403209294872454e+01 2.723617710639676304e+01 3.271592324598396573e+01 2.698250931912849282e+01 1.769649055436997998e+01 2.698250932901128962e+01 2.889181019450952093e+01 2.019856059675798576e+01 2.889181019450952093e+01 3.129018906987971960e+01 2.110831341697859287e+01 1.381800299902295492e+01 2.038845638963724127e+01 2.458682257227728485e+01 1.818423619565278315e+01 8.134117274117617313e+00 8.134117274117617313e+00 9.736579325069071089e+00 1.136406520364177553e+01 1.304257075386116327e+01 1.479437058899384816e+01 1.664182707153587870e+01 1.871641955119893552e+01 2.136338387743095879e+01 2.438601013408260698e+01 2.781463022177952737e+01 3.349347550819621233e+01 4.339376028759023285e+01 4.397513013400630655e+01 4.418966335540476109e+01 3.404996672237201238e+01 2.683097202504659151e+01 2.170820701929183016e+01
1.349999999999999985e-02 2.686112419124245587e+00 5.459613400250394655e+00 8.621891060418784392e+00 1.309402701541837821e+01 2.016509482736842784e+01 3.016509521564619334e+01 3.206120163009214963e+01 2.786221175298433295e+01 3.206120164423752783e+01 3.767903381377435323e+01 3.347286695231919396e+01 3.767903381377435323e+01 3.129018906987970894e+01 2.110831341697859287e+01 1.772949979961163791e+01 2.655459166092315826e+01 2.531412383753901452e+01 1.523111500366957927e+01 1.534256184470012840e+01 1.872944527054819019e+01 9.508354928966722852e+00 1.946722541440610854e+01 2.282248994853376090e+01 2.453049225290248714e+01 2.221104853664946077e+01 2.839236788084508945e+01 2.659185569555377171e+01 3.419066111603867597e+01 3.767782820515314057e+01 4.178775723165929890e+01 4.750996517742725445e+01 4.893166934685203984e+01 3.839670664846723014e+01 3.113684421917423606e+01 2.522296027069646129e+01 2.466522022906288214e+01
1.349999999999999985e-02 1.001349999999996321e+01 1.545961341051032001e+01 1.862189108718839137e+01 2.276403209294872454e+01 2.723617030376941628e+01 2.655508893135327497e+01 2.656367741557297180e+01 3.069216557898155529e+01 3.413932519174959168e+01 3.418298570037801909e+01 2.788577239525116980e+01 3.418298570037801909e+01 3.541840232947194522e+01 3.129018906987968407e+01 2.233846585338891799e+01 3.182716702889291227e+01 2.963235100472185124e+01 2.531412383753901452e+01 2.598122178833673956e+01 2.151642157100848607e+01 1.122996152821352212e+01 1.120497674960716239e+01 2.149365033253589630e+01 2.746226253155386487e+01 3.195404809086625164e+01 3.604184239042006510e+01 3.640410186168391959e+01 4.050895598489179861e+01 4.281941854432785988e+01 4.700023300928516790e+01 5.281931383862342244e+01 5.111779966904094152e+01 4.081352235182045263e+01 3.357883865553946379e+01 2.846871799524866731e+01 3.489148018573332166e+01
1.359999999999999924e-02 1.001359999999996298e+01 1.869695981429099163e+01 1.812117727663558142e+01 2.134005137471925195e+01 2.170110067472055704e+01 1.658772967119769248e+01 1.658858221999967242e+01 2.656367741364425328e+01 2.453001280244148674e+01 2.567248374362880980e+01 2.129382640517835412e+01 2.765301200806769444e+01 3.688057397511551727e+01 3.664516794188699578e+01 2.962731039742481087e+01 3.664516794188699578e+01 3.446767047077565138e+01 3.033626056857050202e+01 2.413289002907468728e+01 1.381718493990022445e+01 2.151642157100857844e+01 2.149365033256926694e+01 1.295439944364706975e+01 2.327509903995468932e+01 2.929207063425088720e+01 3.024611336449902410e+01 4.026280371938541691e+01 3.703546215950716203e+01 3.280131221705599387e+01 3.856553503473313071e+01 4.863033148317398968e+01 5.134318892959404224e+01 4.113031465086562832e+01 3.392417542825711507e+01 3.867084555385541478e+01 4.289536388134960987e+01
1.369999999999999864e-02 1.001369999999996274e+01 8.995335876577655654e+00 8.369790534362968160e+00 1.341158547093799847e+01 1.198297819914020046e+01 9.552596198755271217e+00 1.950977596381831702e+01 2.546799127113260042e+01 1.760711263911996127e+01 1.620123918445057853e+01 2.283526128494423801e+01 3.208826380882908325e+01 3.083566858163172242e+01 3.485339117337277770e+01 3.961376078992620364e+01 3.741426240396976510e+01 2.740445621384646913e+01 2.013298931943024783e+01 1.663893552522469577e+01 2.413289002907468728e+01 2.830804642253223946e+01 2.746543916085466464e+01 2.327714553167432499e+01 1.479657931891748035e+01 2.002137724075727121e+01 3.024611336749850210e+01 3.229661439151620073e+01 2.698284798423572539e+01 3.703546215950716203e+01 4.064891392466577003e+01 4.482517779260665236e+01 5.063352135337323290e+01 4.834648422546116109e+01 4.113031465086562832e+01 4.834648422546116109e+01 4.980416689007052611e+01
1.290000000000000001e-02 9.707195694415982068e-01 1.932902458811901258e+00 2.913137021727221221e+00 3.937891579420669252e+00 4.983167809277582627e+00 6.049532316164655477e+00 1.599023495848057053e+01 2.040794876433361793e+01 1.198461894857809007e+01 2.172262322663735645e+01 2.417843823255288527e+01 2.823384558955208234e+01 2.092170344368591728e+01 3.083566858163056423e+01 3.855781920878225577e+01 3.741426240396976510e+01 2.740445621384646913e+01 2.693517028552375692e+01 1.663893552522469577e+01 1.663893552522469577e+01 2.693517028552378179e+01 2.517801037633141803e+01 1.479657931891748035e+01 1.479657931891748035e+01 1.645921589275727115e+01 2.680197187126786318e+01 2.211566831969595270e+01 2.362174157779037031e+01 2.706152241823274807e+01 3.064419007250907256e+01 3.640604337871472040e+01 4.644478287540359673e+01 4.822879541655275659e+01 5.134318892959404224e+01 4.970078682440556861e+01 4.541260048730283216e+01
1.379999999999999977e-02 1.001379999999996251e+01 1.168232530053162854e+01 7.350802529158653620e+00 1.089294777269280701e+01 1.493521930158954270e+01 1.599076782681582642e+01 7.656449911787274409e+00 1.734726630335724806e+01 9.538020513964966085e+00 1.947635839957105119e+01 1.425394745957943776e+01 2.417965789916334174e+01 2.092170344368591728e+01 2.469711815513574749e+01 3.456560641151755675e+01 4.153088472770448902e+01 3.741426240396976510e+01 3.033626070190559432e+01 2.013298945276358154e+01 2.265419477461404085e+01 3.108895383855959693e+01 2.804731818765110418e+01 1.769282806402444663e+01 2.523642739972889615e+01 2.680199519988441992e+01 1.893876639179948640e+01 1.893876639179948640e+01 2.626790518300990840e+01 3.637069446230293579e+01 4.064891392466577003e+01 4.482517779260665236e+01 4.535748080577844377e+01 3.823055263682567073e+01 4.535748080577844377e+01 4.541259976854073699e+01 3.495753387608888119e+01
1.359999999999999924e-02 7.329043215947977252e+00 1.807662159671371072e+01 1.428872099355863590e+01 1.682948876349870559e+01 2.415507134315488003e+01 1.756099122919777145e+01 7.656449911787274409e+00 7.656449911787274409e+00 1.764297415781891942e+01 1.182679611740204351e+01 2.178838413293783560e+01 1.685486103672187852e+01 2.389938793276209950e+01 3.376278204748835066e+01 3.172186654906013814e+01 4.143100175532322993e+01 3.741426253730995199e+01 2.740445634717980283e+01 2.609822529241828448e+01 3.278309158638332121e+01 3.690807681322959866e+01 3.114994738435439103e+01 2.086544477490482308e+01 3.114994738435493460e+01 2.922694368329018744e+01 1.893876639179948640e+01 2.922694366669477617e+01 2.551114214966591476e+01 3.267930464103775279e+01 4.272273938071067079e+01 3.966062435514733409e+01 3.552625486266835253e+01 3.140281293378481209e+01 4.115896995947503001e+01 4.541257342396764329e+01 3.495753380703683888e+01
1.359999999999999924e-02 1.001359999999996298e+01 1.992878957975430509e+01 2.455426310876698182e+01 2.607844071064184632e+01 2.464863136697203672e+01 1.466401726602161126e+01 1.469739696283418517e+01 1.767890836305854307e+01 1.294814383079847175e+01 2.178838413293783560e+01 2.596540504972196928e+01 1.952898642761684300e+01 2.666129183005255854e+01 3.648796892010773263e+01 4.143100175532322993e+01 4.539377186850434498e+01 4.153088486728487538e+01 3.741426253730995199e+01 3.612552473340063131e+01 4.024173375578781986e+01 3.838639711708238167e+01 2.815251176162806246e+01 2.683425038933867413e+01 3.544533692869116237e+01 3.340439583877108731e+01 2.922694368863771786e+01 3.340439583901407161e+01 3.562094991751634865e+01 3.979035144034907745e+01 4.049628504600349999e+01 3.552619767102371640e+01 2.590409544955486254e+01 3.552623806799341821e+01 3.924543707607754328e+01 3.564765362033058693e+01 3.130269600849937817e+01
1.319999999999999993e-02 5.786702691895055928e+00 1.578670213645060727e+01 2.193218416762551826e+01 2.604478477022683691e+01 2.885381584449829973e+01 2.465786516867317602e+01 2.507216601278047463e+01 2.699120744356695667e+01 1.791761439726474947e+01 2.699120744356695667e+01 3.356431654368305573e+01 2.406682410054058252e+01 2.593262051097397247e+01 3.298077670201600853e+01 4.262981722633895743e+01 4.128812804975753892e+01 4.538338400458291488e+01 4.099327160134856740e+01 3.690510940640297832e+01 4.099304072907712992e+01 4.273816209573172387e+01 3.838639711708238167e+01 3.704529911458332236e+01 4.138610786702533773e+01 4.308891255031756629e+01 3.902497436717355583e+01 4.029350866733371817e+01 4.436010321328467398e+01 4.202171913082000998e+01 3.214026406352389387e+01 2.663082505108286568e+01 2.303924390292126034e+01 2.951385466359009868e+01 2.951384647283456886e+01 3.130269503744875337e+01 2.085658561927308696e+01
1.019999999999999900e-02 1.001019999999355825e+01 8.169483184847322832e+00 1.194899860229546817e+01 1.901391194024550302e+01 2.893955752582140306e+01 2.737587156551712297e+01 3.151890754172627851e+01 3.195372026319151004e+01 2.785603094363580468e+01 3.195372026319151004e+01 3.793500475635486424e+01 2.987175724089226136e+01 3.580691523964639345e+01 3.977786763665046976e+01 3.968827084516299664e+01 3.143326273659401338e+01 3.968827084516299664e+01 3.690510708568578480e+01 2.702121994773047220e+01 3.690509630178825518e+01 4.099281591466755259e+01 4.026353091509427884e+01 3.618855246196361009e+01 3.618855246196361009e+01 3.742346803501747843e+01 2.921146432178275631e+01 3.048683285675026866e+01 4.029350866733371817e+01 4.629857898077147382e+01 4.048463946502419475e+01 3.628719230690566633e+01 2.951385466359009868e+01 1.995000023705404857e+01 2.715947608867422858e+01 2.975944058430011196e+01 2.543794727374327636e+01
7.249999999999999500e-03 3.169527632399098405e+00 1.316768414343779270e+01 2.193218405597628617e+01 2.604466019029072044e+01 2.574500751881552318e+01 1.737580020308675799e+01 2.574500814887977995e+01 3.121898444412438778e+01 2.739157543604060052e+01 3.153484727758473127e+01 3.600754854177783670e+01 3.955765714829198743e+01 4.349782267597719709e+01 4.335580466953145873e+01 3.559841796995004870e+01 2.570255343400096493e+01 3.030885578022541083e+01 3.287002321712924413e+01 2.702121994773047220e+01 2.702121994773047220e+01 3.690510072753212967e+01 3.618855246196361009e+01 2.634245099863218798e+01 2.634245099863218798e+01 2.933627466180949384e+01 2.350517015225545947e+01 3.048683285675026866e+01 4.029350866733371817e+01 4.655296837772544194e+01 3.673299486242648015e+01 2.993317643288068908e+01 2.443609169906192946e+01 2.715846357361126095e+01 1.760729184641277101e+01 2.493864633268502828e+01 1.542011023864354158e+01
