output/example_1/elevation_000476.asc
nrows	75
cellsize	13.33333333
xllcorner	0
ncols	75
yllcorner	0
NODATA_value	-9999
[rows 0 to 16 of 75, columns 37 to 73 of 75]
4.482423564072370681e+01 4.482423564072370681e+01 4.909559589959661707e+01 5.070153089468189478e+01 4.758242106030457563e+01 4.883722483775684964e+01 4.445756335657176805e+01 4.583428362839110548e+01 5.021116390211498270e+01 5.250590787581980123e+01 4.818194940260088543e+01 4.818194940260088543e+01 4.625218415560854623e+01 5.058715676503720005e+01 5.276863441183545689e+01 4.838247098127510526e+01 4.699500711317378432e+01 5.138723584920931131e+01 5.540780268214897575e+01 5.976687330074786075e+01 5.538128314508830385e+01 5.100119461213331107e+01 5.538128315383858080e+01 5.582407298464720213e+01 5.268399883674893402e+01 5.383161949538323654e+01 5.818509055704820554e+01 5.567792685555749443e+01 5.568202130155636809e+01 6.013117623627287145e+01 6.779417330743143566e+01 6.377429686355401373e+01 6.779417330705329903e+01 6.764326729518741388e+01 6.667006543421805986e+01 6.376604418314419576e+01 6.376604418314419576e+01
3.450501121454761488e+01 3.450501121454761488e+01 4.482423564072370681e+01 4.010940422265261418e+01 3.701397929665465369e+01 4.280165504309604785e+01 3.405315853388325564e+01 3.539214618407709168e+01 4.583428362839110548e+01 4.818194940260088543e+01 3.768462751820717216e+01 3.768462751820717216e+01 3.578255749958704968e+01 4.454320442391547630e+01 4.838247228904693742e+01 3.779630988618228571e+01 3.643279877196092542e+01 4.528224721352725624e+01 4.458166881758975819e+01 5.356754218822669600e+01 5.003540750683792027e+01 4.026086381682116411e+01 5.003527131720007048e+01 4.501302128020438431e+01 4.183560064100412745e+01 4.302211680570173513e+01 5.127447670194445806e+01 4.480290678094814183e+01 4.480312921568209106e+01 5.568202130155636809e+01 6.277902560441091140e+01 5.360919351009919609e+01 6.277902560333586024e+01 5.751907278309374050e+01 5.648746717041039744e+01 5.347258185695903165e+01 5.347258185695903165e+01
2.745785200185165920e+01 3.372149476795922851e+01 4.395414163069266777e+01 4.010940422265261418e+01 2.984225824143177519e+01 3.418166472658555932e+01 2.833409648222740174e+01 3.540469630029599557e+01 4.590922112065145910e+01 5.069746881632483593e+01 4.075922191383270388e+01 3.059249949826049075e+01 3.007439409525146701e+01 3.996776491000885301e+01 4.378209137303692700e+01 3.941979172195426173e+01 3.067835156028907306e+01 4.089692368545217960e+01 3.842685149179011006e+01 4.877963639810013774e+01 4.563102921445624816e+01 3.506733133773987277e+01 4.034953128579986270e+01 4.473737236165725051e+01 3.429512954200236408e+01 4.124936587621763096e+01 4.056348990346229755e+01 3.717427133909701098e+01 4.482749074720039317e+01 5.594916662573853472e+01 5.869174518682658714e+01 4.823166073018990119e+01 5.376081408306623644e+01 5.005085436162340073e+01 5.196544212042382327e+01 4.588237839002368901e+01 5.347258185695903165e+01
2.383967826788356348e+01 3.372114502686024906e+01 4.158892764204999537e+01 4.221666369592307433e+01 3.418166472658555932e+01 2.421169113206064338e+01 3.405347222614778957e+01 3.976725560081428767e+01 4.458938234223781194e+01 4.637253576173952752e+01 3.597133598224251472e+01 3.028213890896559946e+01 2.591659216914966635e+01 3.567586070614309079e+01 3.788959263419170043e+01 2.934847603395983029e+01 2.771958857509250507e+01 3.766552744449087697e+01 3.387648146229464174e+01 4.433876834558455471e+01 4.030561138458909909e+01 3.600625160257614255e+01 3.021514549658332882e+01 3.892319633968081405e+01 3.087449124805399592e+01 3.087449124805399592e+01 3.315884343952129143e+01 4.370481300247485024e+01 4.479557594716267488e+01 5.556253864377280394e+01 6.277902422832964646e+01 5.376081408306623644e+01 4.323702440118474044e+01 4.946449495005199282e+01 4.144871832673226919e+01 5.196544212042382327e+01 5.839269196166758746e+01
2.162152486209512858e+01 2.726016655300876579e+01 3.734628078480065483e+01 3.788100503590997903e+01 2.771769867008643828e+01 2.210082963781202281e+01 3.190509368743057550e+01 2.916944314241386493e+01 4.027829844090246780e+01 4.393564640649639585e+01 3.962971044654303654e+01 3.323604357185858760e+01 2.362221219173294173e+01 3.033736455246701524e+01 3.360122465045338203e+01 2.395744054418164737e+01 3.360511389692769768e+01 3.586673263127037359e+01 3.051324131465378287e+01 3.853230753439144252e+01 3.418247107830023168e+01 2.640462493332212190e+01 2.756601227675269783e+01 2.882829794259174250e+01 3.892325539812528490e+01 3.087449124805399592e+01 4.125241393043567939e+01 4.821169133093899006e+01 5.555596953688798578e+01 5.985874347634018733e+01 6.114213518034700456e+01 5.082169378539727234e+01 4.946449494420019732e+01 3.918823075461160244e+01 3.912562547035393834e+01 4.941476196785775699e+01 4.791853291302690820e+01
1.956477065114726344e+01 2.656953715211320599e+01 3.668734869093423612e+01 3.724846120095052981e+01 2.708588130961400964e+01 2.014679939208356885e+01 2.165494374177069403e+01 3.173137386006917637e+01 3.758954515294367837e+01 3.941378022647782586e+01 2.940181331153550204e+01 3.230216576054302635e+01 3.033736455246701524e+01 2.077707230975456909e+01 2.843056368440073456e+01 2.180125999090465072e+01 3.139105805371778857e+01 2.636336571245187699e+01 3.180754913609225554e+01 3.268099572716899104e+01 2.502882811008312203e+01 3.427880137121379533e+01 3.742980153404847954e+01 3.579517177518823701e+01 4.321850698578256100e+01 3.492608338639670507e+01 3.923063733027841948e+01 4.984126695167262966e+01 5.911246903115054607e+01 6.325714507856190494e+01 5.817793452748551175e+01 4.777463912797710321e+01 4.055211445521315028e+01 3.681451615619687345e+01 3.701882113960724041e+01 4.058927560168572057e+01 4.791853291302690820e+01
1.775230008649932500e+01 2.537505273476922341e+01 2.892441369166754583e+01 3.315040083342698551e+01 3.421459159366086311e+01 2.748962021866189787e+01 1.755603499224704578e+01 2.324211452969948866e+01 3.329182115897705785e+01 3.890928080799132971e+01 2.931929477678943741e+01 2.263979473081050386e+01 2.747139391476129688e+01 1.881436479716193588e+01 1.881436479716193588e+01 2.842720151068030177e+01 3.038992424761991273e+01 3.063153608935382621e+01 2.291203295302484477e+01 2.373483997190007599e+01 3.267448730769781662e+01 3.427477054373758847e+01 4.453550385646736487e+01 4.622399788163023260e+01 4.976473509198233813e+01 4.259608814150463729e+01 4.581029354800489983e+01 5.421509366890739301e+01 4.870283741621812368e+01 5.731537385652494976e+01 5.669016294783538967e+01 5.246780025584622109e+01 4.433810018154908761e+01 3.452708866994554171e+01 4.217822678054005792e+01 4.506335630464513997e+01 4.954490915127487938e+01
2.537505273476922341e+01 1.541055374075723527e+01 1.891712938374581299e+01 2.733848659431696504e+01 3.095868541370547078e+01 2.572264721344841831e+01 1.600339352985749031e+01 2.593601742073234107e+01 3.249523896170852311e+01 3.001563586084498780e+01 2.590328831680606569e+01 2.648553611984936396e+01 1.782536456461800967e+01 2.747139293112942582e+01 2.843113608881114018e+01 1.995088229196511875e+01 2.083803933982532897e+01 2.172027504409389920e+01 3.063990310141484841e+01 3.266037039675443054e+01 2.567926376010132827e+01 3.506979131308390407e+01 4.157602092695243812e+01 4.416035104615549045e+01 5.051149164854768259e+01 5.435154966039890212e+01 5.720151156264714132e+01 5.310246541610447224e+01 4.267634780621001767e+01 5.310246541610447224e+01 5.246780083222780888e+01 4.216607820894171965e+01 4.518338245678656762e+01 4.237096893995698821e+01 3.261238270785248261e+01 3.517635335915124273e+01 3.957632409450918942e+01
2.951492080510429972e+01 2.314637299314159335e+01 1.318344940598338333e+01 2.167741001470691842e+01 2.548655804914039891e+01 1.926806429972591417e+01 1.450307045033104636e+01 2.464452468216636305e+01 2.399529033263629074e+01 2.500366771789652631e+01 1.620714828183883327e+01 1.686296604465229620e+01 2.636548894018238087e+01 3.133843831468959706e+01 3.373156957833722203e+01 2.953167535255975551e+01 2.260746100256640645e+01 3.064004832571384185e+01 3.482167979409600633e+01 3.932306673588671941e+01 3.506979131308390407e+01 2.790380767280349517e+01 3.135069447018269884e+01 3.635331688865169042e+01 4.394293553984467593e+01 5.484790888445326118e+01 5.453128867891656029e+01 4.916521145816889771e+01 3.893373823976819637e+01 4.916521145816889771e+01 5.252009023715817193e+01 4.518338245729559333e+01 3.518112016285146382e+01 3.983694820847475171e+01 3.122625774534577658e+01 4.107817381399603818e+01 4.954490915127520623e+01
2.453955781201539921e+01 2.100749666749788247e+01 1.170966075939472439e+01 1.170966075939472439e+01 2.167337848127441191e+01 1.242407204523653341e+01 2.045253444988347624e+01 2.353090638173927829e+01 2.178643426785491855e+01 1.528698804772117725e+01 2.500652236580296517e+01 2.348575279430558638e+01 2.101432913371842304e+01 3.062624612538032665e+01 3.985106669022916748e+01 3.540133742365348013e+01 2.442123645365719398e+01 2.690649730419541186e+01 2.690649730419541186e+01 4.147224496588260934e+01 4.209455892410402100e+01 3.774099102293200758e+01 3.100978507437235621e+01 3.814776114249080763e+01 4.875690585948066769e+01 5.826997142422975884e+01 4.800591559511534712e+01 4.077369265021315670e+01 3.590893629229962158e+01 4.228227613461807266e+01 4.228227613461807266e+01 4.696129719601637476e+01 3.688594623475631806e+01 2.992327904080354273e+01 2.992327904080354273e+01 3.983695852101829615e+01 4.428844430530726584e+01
2.051149217174997119e+01 1.103815064417543113e+01 2.100881738478129179e+01 2.167586791615104147e+01 1.242407204523653341e+01 2.238372647639533852e+01 1.319522846035922292e+01 1.374105847157450633e+01 1.437949034322575592e+01 2.418270144610390915e+01 2.913218694808620413e+01 3.257335091833061114e+01 3.062624612565924309e+01 2.572928572900888966e+01 3.554321612176812550e+01 4.215798780404627877e+01 3.621602775258964613e+01 2.722214348065504552e+01 3.352188307957251112e+01 3.978202219034634624e+01 5.085039199727989967e+01 4.441991913950553084e+01 3.392342702259531251e+01 3.930701704888225123e+01 4.992311700954875420e+01 5.880973946490391313e+01 4.838970436774380346e+01 4.100907209882792870e+01 3.605251822315121757e+01 3.238932295138631190e+01 3.954323082398738620e+01 4.254628855332762782e+01 3.835075418237311595e+01 2.992327904080354273e+01 3.983688924092194128e+01 3.433409814738536880e+01 4.127702499855340079e+01
1.056528633584288812e+01 1.056528633584288812e+01 2.055442982887773340e+01 2.654846629098255306e+01 1.816105416943440076e+01 2.625216995689456922e+01 2.413778204550603945e+01 2.369825945936886669e+01 1.524101041013111946e+01 2.507870473432624792e+01 3.077206864404278619e+01 3.761485827982306063e+01 3.979211845398397429e+01 3.554321612176811840e+01 3.363921341311905877e+01 4.401505664413345897e+01 4.175817839438871459e+01 3.290332266598398547e+01 3.153712420325494037e+01 3.898110692855365045e+01 4.962334549633421688e+01 4.797595168209912231e+01 3.730785405433002211e+01 4.797595168209912231e+01 5.430009780702281574e+01 5.807703014982803325e+01 5.568661474193405070e+01 5.049731977488652745e+01 4.616904589611450405e+01 3.954323082398738620e+01 2.959770503024955701e+01 3.693551787356872040e+01 2.835981860529833298e+01 3.834306988650340742e+01 4.396613887800162956e+01 4.428503900125146231e+01 4.127702591142613642e+01
1.143340369487650143e+01 2.054079684829620334e+01 2.265242225018571176e+01 2.684191451220056024e+01 2.813543508016234895e+01 3.219896109213670599e+01 3.333363869145659919e+01 2.326788058640364554e+01 2.507870473432822678e+01 1.679508453801633650e+01 2.369521286349770861e+01 2.945205207409862425e+01 3.368336665756743287e+01 3.845314193557901916e+01 4.276768389478962717e+01 4.851179574571012409e+01 4.786712525962155951e+01 4.348369388195501273e+01 3.759825230695941656e+01 3.898110692855365045e+01 4.962334549634140046e+01 5.236990223360120922e+01 4.260546961264217458e+01 5.236990223360120922e+01 5.807703014982803325e+01 4.775103811913535878e+01 4.964589296208051650e+01 4.487179928070775503e+01 4.070081596474451402e+01 3.868445623386762833e+01 3.693551789111158001e+01 2.688238796924769858e+01 3.685755084191929853e+01 3.412515794486099452e+01 3.978644719481837910e+01 4.975803126449480374e+01 5.155877583872086234e+01
2.140205811973164174e+01 1.268866626930997299e+01 1.268866626930997299e+01 2.265242225623668659e+01 2.684965702054181946e+01 3.001045202955249636e+01 3.423784629782502975e+01 3.335250145810431377e+01 2.661169577981948819e+01 2.661169578670838121e+01 1.841658971574428350e+01 1.967140290528693924e+01 2.945316500944114679e+01 2.831881936184535320e+01 3.845314193557901916e+01 4.535571889279366786e+01 4.970298927377926645e+01 5.261622524174772053e+01 4.824511613550612310e+01 4.962334549634196179e+01 5.398922000304651192e+01 5.771024778329257998e+01 5.334643375158638889e+01 5.771024780960428302e+01 5.621699519739033946e+01 4.964589296208051650e+01 3.971634481787158677e+01 4.070081595945836028e+01 3.103069526557878177e+01 2.890232412472612111e+01 3.590403030904911219e+01 2.598852681955443344e+01 3.605553839679917871e+01 4.400076044009733067e+01 4.800610848217036164e+01 5.371542930860223919e+01 5.528797626824037081e+01
2.642233535868213323e+01 1.644894391282749879e+01 2.265242222407745487e+01 1.401016772030757984e+01 1.688089234791326021e+01 2.001246661228204005e+01 2.703708252032860671e+01 3.719487065531395587e+01 3.666088730253600403e+01 3.104379493160134373e+01 2.123337902617221218e+01 2.945316500943972926e+01 2.149538134425436908e+01 3.128709372096004415e+01 3.754114065212445439e+01 3.483672566572374052e+01 4.242160140678950597e+01 4.594885698836561971e+01 5.026838798413112386e+01 5.554356299950502063e+01 6.028974264349360368e+01 5.597678221443469226e+01 5.846901076294071231e+01 5.924980729290379600e+01 4.883400558762252786e+01 4.179613074457698474e+01 3.758688730886701990e+01 3.427631596444427942e+01 4.070081413598407494e+01 3.591765139741016810e+01 2.598852681955443344e+01 3.473720006848066788e+01 3.479052687754860784e+01 4.452414457503816436e+01 5.019413502461161869e+01 4.808025877172647711e+01 4.509977835883118757e+01
2.346897082435564741e+01 2.642142286393344719e+01 2.490861538751269322e+01 1.500130286300377236e+01 2.469925981834393980e+01 3.000903876219054922e+01 2.703697028257196422e+01 3.718636548017361321e+01 3.687603315942228477e+01 2.678752135505521537e+01 2.807696140186444111e+01 3.104379430896104708e+01 3.128709372096004415e+01 2.340701849109525767e+01 3.324800500803367242e+01 2.905056147773876418e+01 3.199829902153254935e+01 3.536709024363621978e+01 4.062311512650534695e+01 5.127459885024094888e+01 5.435498585892575107e+01 4.575261675638093095e+01 4.818708990232773459e+01 5.846901076294909672e+01 5.621699519739033946e+01 5.165671729074286844e+01 4.737296753724444187e+01 4.098487500984263221e+01 4.813911768007620395e+01 4.004503969056980139e+01 3.480835883038219691e+01 2.486014236453156556e+01 3.480763807419226197e+01 4.081736114477532595e+01 4.018582933356511688e+01 3.815037987379712803e+01 4.509977835883118047e+01
3.355238807860541073e+01 3.330871672113934068e+01 2.595487598320561062e+01 1.600693186151375969e+01 2.311492937384480229e+01 3.372333453896675337e+01 3.718617895460922540e+01 4.141943712744919281e+01 4.120462465903213456e+01 3.248376979992087144e+01 3.820638037338035531e+01 4.125842749953100252e+01 3.659383376183399150e+01 2.655739686182747405e+01 2.556942266905500105e+01 2.857157281805629978e+01 3.876775127586314795e+01 4.594885698836561971e+01 5.026838806238678359e+01 5.554356301646739524e+01 5.007385753499556813e+01 4.014407532458898231e+01 5.006693992069112653e+01 4.884052198875325956e+01 5.318360467931886859e+01 5.552232255231920277e+01 5.257447538467931025e+01 5.098234468419688170e+01 4.704193436647378945e+01 3.732404242482198242e+01 3.341266571887187808e+01 2.486014236453156556e+01 2.703827800751929544e+01 3.671607680990688038e+01 3.348882308193519464e+01 3.764051835694760229e+01 4.456570399796534332e+01
