output/example_1/elevation_000390.asc
nrows	75
cellsize	13.33333333
xllcorner	0
ncols	75
yllcorner	0
NODATA_value	-9999
[rows 0 to 16 of 75, columns 0 to 36 of 75]
1.369999999999999864e-02 3.549233905932734245e+00 7.328878636024999338e+00 1.232887863602498157e+01 1.939994644789040734e+01 2.939994644789033629e+01 3.019302681376462516e+01 3.312369830477855004e+01 3.338833368620529285e+01 2.924721249848353111e+01 3.054463704988676653e+01 3.468565442829194012e+01 3.703986650352957355e+01 3.401883422838064774e+01 3.514936352353437599e+01 3.940246990442675923e+01 4.046091163782478617e+01 4.469233138281257567e+01 4.849588535157482738e+01 4.442277856168757211e+01 4.442285948817633567e+01 4.849601335729411034e+01 4.974929961632037845e+01 4.583463198061894417e+01 4.583463198061894417e+01 4.651164344887156687e+01 4.257697769764305917e+01 4.651164344887168767e+01 5.203376888177715642e+01 5.057398735577109505e+01 4.647104291931029962e+01 4.647104291931029962e+01 4.647104291931029962e+01 5.057398735577109505e+01 5.186491872501665057e+01 4.772673324195647382e+01 4.772673324195646671e+01
1.279999999999999888e-02 1.001279999999996306e+01 1.732887863602492828e+01 2.147101425975585087e+01 2.647101425975583311e+01 2.726589708247000843e+01 2.019271844582553754e+01 2.312174095283832287e+01 2.761591142842802427e+01 1.924884457651193870e+01 2.054616842998922621e+01 3.054463704988676653e+01 2.672261290869451500e+01 2.370041908400480679e+01 2.482874392551333287e+01 3.311662851657095530e+01 3.007452684183981262e+01 4.046091163782478617e+01 4.282687889839736783e+01 3.460971219274102850e+01 3.460971352315781502e+01 4.282695518913934762e+01 4.583463198061894417e+01 3.618338726659666804e+01 3.618338726659666804e+01 3.739328169277236924e+01 3.287917047393553105e+01 3.850737927551306683e+01 4.813615252547371171e+01 4.647104291931029962e+01 3.659336463218321001e+01 3.659336463218321001e+01 3.659336463218321001e+01 4.647104291931029962e+01 4.772673324195647382e+01 3.823777369074682042e+01 3.823777369074682042e+01
1.299999999999999940e-02 5.786502691896265205e+00 1.285757050376176380e+01 2.285757050376183130e+01 2.518949289909533817e+01 2.312174095282743735e+01 1.312267887942468114e+01 1.778127395189504867e+01 1.894726489570656724e+01 1.347751393868941960e+01 2.014253085143657174e+01 2.211530685448950351e+01 2.365247874841939080e+01 1.654231419158033844e+01 1.921706272210817090e+01 2.277471210465308715e+01 3.007452684183981262e+01 4.046091163782478617e+01 3.845790146593386538e+01 2.900941956588124171e+01 2.900941944605457223e+01 3.657730137895620715e+01 4.062160799083943630e+01 3.901017139644297060e+01 2.932609077132239150e+01 2.771782986610331179e+01 3.416813108388268461e+01 4.380999749982849067e+01 4.446267229184750391e+01 4.035575274149878311e+01 3.948646962010363382e+01 2.968906279235520884e+01 3.948646962010363382e+01 4.654751643164041752e+01 4.792558731233997804e+01 4.101702559689125849e+01 3.206693503868685013e+01
1.369999999999999864e-02 9.076318980992224894e+00 1.595243191304216523e+01 1.962605992794657794e+01 1.518839524130106078e+01 1.518914158194840702e+01 1.620914611856376553e+01 7.774306708345294581e+00 8.946604527538051244e+00 1.014361267577785597e+01 1.014361267577785597e+01 1.181149589223677054e+01 1.352656854069836356e+01 2.365313733542282648e+01 2.946020878098780216e+01 2.642461947324645166e+01 3.678877007719787429e+01 4.130862976933823205e+01 3.153548156102536382e+01 2.471384943944190837e+01 2.471384943944190837e+01 2.686822606213969067e+01 3.501193260292496490e+01 3.545840185120691501e+01 3.148858842943362291e+01 2.452258107932590292e+01 3.135323967181922455e+01 4.114228018485855642e+01 4.035575274149878311e+01 3.054640810910722593e+01 3.341943348772366562e+01 2.700200506682725532e+01 3.261209127307277811e+01 4.244776491911310501e+01 4.384454426184392872e+01 3.464765384237573898e+01 2.982143647827905397e+01
1.290000000000000001e-02 1.001289999999996283e+01 6.803895788063796246e+00 1.183937716769367654e+01 1.376542064985536484e+01 5.183785359455959529e+00 6.210484420001045613e+00 1.620678898922347955e+01 1.894551434516534272e+01 1.826811980523707035e+01 2.014016633843113979e+01 1.336401510438152229e+01 2.304546657772767659e+01 1.828827959139194803e+01 2.865459644011091811e+01 3.678877007719787429e+01 4.103788024756939734e+01 4.409583701926379717e+01 3.844172220582824906e+01 3.294041495571347866e+01 2.890157441826541884e+01 2.125716077999270581e+01 3.097147973272044297e+01 2.903040073879980554e+01 2.181069381424603648e+01 3.137991690127786981e+01 3.131038757764311597e+01 4.080944043255104958e+01 4.035575274310517102e+01 3.054640810910727566e+01 2.363945624080185937e+01 3.075670988063802724e+01 3.075752420436952050e+01 4.057431875602562599e+01 4.693635057383639264e+01 3.799177762915425660e+01 3.552899783233780795e+01
1.299999999999999940e-02 9.296984993457668711e-01 1.850273634106832432e+00 2.795191830301989366e+00 3.761973034565500029e+00 1.376426421376073428e+01 1.621434571802315006e+01 1.092877287727346491e+01 2.092798126623259947e+01 2.795345159534073787e+01 2.142234114715661164e+01 1.584765517981047189e+01 2.550995552176061310e+01 2.865451657128899754e+01 2.434870242262539364e+01 3.057266101256139734e+01 4.117797668069842842e+01 4.008235422780755641e+01 3.034740952677365300e+01 2.889904329639220038e+01 1.905636597428087597e+01 1.905636597428087597e+01 2.669949229096788912e+01 1.921497337068642963e+01 2.903040073810834798e+01 3.544346360153566167e+01 4.066809948226844540e+01 4.462406746794405166e+01 4.324977783190964686e+01 3.341921888804517948e+01 3.075714347007974325e+01 2.088523929835471193e+01 3.074542874863456632e+01 3.867861452431181135e+01 4.428963910585144959e+01 3.538311799155921022e+01 2.938349212043591407e+01
1.299999999999999940e-02 1.001299999980928668e+01 8.925070905765762674e+00 8.571468453764056861e+00 1.375513925260177572e+01 1.083705409290143251e+01 2.083783894279149251e+01 1.470933355762349848e+01 2.470697872752103308e+01 3.213862085440444361e+01 2.302381306313953857e+01 2.272995193623640020e+01 2.072616636942545298e+01 2.701981498307170781e+01 3.479309293922323576e+01 3.936611670527970830e+01 4.543270393118000783e+01 3.782821103609655466e+01 2.802566935530862935e+01 2.243304987818223140e+01 1.905636597428087597e+01 2.669949229097328214e+01 1.663633458337029580e+01 2.668783343744522796e+01 3.294199662151039121e+01 3.439049400606770490e+01 3.842210829217295043e+01 4.082250410673297125e+01 3.513922894961405063e+01 3.105606019927061467e+01 2.903911946660607768e+01 1.905768690688965705e+01 2.489091226170643978e+01 3.467132558390086672e+01 4.013648982552692956e+01 4.171250466839498472e+01 3.306982372394886482e+01
1.290000000000000001e-02 1.001289999999996283e+01 1.892272481796748806e+01 1.855447211429429544e+01 2.259653461765746130e+01 2.083826127918928606e+01 2.498030030892532594e+01 2.470697882477475815e+01 2.177893102954669402e+01 3.177591152329100410e+01 2.965697979029442521e+01 3.222147788138108382e+01 2.542300981115515413e+01 3.404605531436541810e+01 3.978434574957468328e+01 4.635169043935302824e+01 4.924608634634299165e+01 4.190608248443802353e+01 3.619860174457959090e+01 3.213932022742877592e+01 2.479619963565184904e+01 2.560197792341836731e+01 1.536697378992785090e+01 2.390396769227333351e+01 2.748672171185221202e+01 2.465300747140953774e+01 3.439049400637260590e+01 3.673171645739589053e+01 2.690118822134011012e+01 2.110315426243522552e+01 2.530974828679517330e+01 1.730176771862810625e+01 2.126793726739978041e+01 2.625710741979944274e+01 3.605437882006665262e+01 4.192123787845451233e+01 3.305201435996345083e+01
1.349999999999999985e-02 1.001349999999996321e+01 1.414018559288791543e+01 1.656554184325382906e+01 1.914753074072578087e+01 2.248086407405951093e+01 2.662299969900955432e+01 3.109513565454524908e+01 3.177591152329100410e+01 3.591337371771317066e+01 3.900376469306826266e+01 3.876230336434188217e+01 3.475453917377444668e+01 3.876244683541312241e+01 4.333624003421375193e+01 3.630382155088722129e+01 4.236789471819999875e+01 3.536034494299316577e+01 4.236789468260487013e+01 3.856214349891513393e+01 3.450962101531440140e+01 2.968118648230977996e+01 2.397451331907447880e+01 1.359233863672620934e+01 1.749657579977927924e+01 2.465230769572249869e+01 3.436928963714206731e+01 3.463699115112289917e+01 3.054827995225032566e+01 2.530974094975026745e+01 1.494235419663250930e+01 2.530974828679517330e+01 3.115574311993433909e+01 3.522837433494186143e+01 4.013648982517842256e+01 4.113130276508086069e+01 3.226154044079417815e+01
1.379999999999999977e-02 2.055041452319316786e+00 4.140185592890067490e+00 6.565541843253400955e+00 9.147530740725020593e+00 1.248086407405836518e+01 1.695300002905797498e+01 2.402406784092349668e+01 3.402406784093057013e+01 3.938017838235673906e+01 3.531969761206767089e+01 3.406196644581104493e+01 3.811460437290621428e+01 4.225143738932643345e+01 3.924677412937778342e+01 2.891855394182558570e+01 3.271463418307283888e+01 2.795625333852474981e+01 3.368252180305076138e+01 4.383716700880996342e+01 3.555116678000628383e+01 2.580482088963578846e+01 1.866843532195520794e+01 1.242989818678319480e+01 1.865985765040063526e+01 2.572749069487027285e+01 3.527664963103872964e+01 3.054828177085920160e+01 2.050654429184846705e+01 2.344770938420546713e+01 1.494235419663250930e+01 2.032382280133583308e+01 2.741594286907355738e+01 3.724795826424195155e+01 4.186154331943067319e+01 3.803978654576268070e+01 3.492898879862131167e+01
1.290000000000000001e-02 1.001289999999996283e+01 1.414018559289043786e+01 1.230515140216735226e+01 1.914753074072530836e+01 1.731249655000233290e+01 2.662299969897948770e+01 3.109513565454524908e+01 3.404130622344820267e+01 3.531969761206767089e+01 2.574993140556289362e+01 2.451981820317063665e+01 2.855285115773537186e+01 3.736420594143866936e+01 3.906975123910817160e+01 2.867519914488837784e+01 2.202218870965547026e+01 2.305202957309252554e+01 3.368705763601117553e+01 4.161926517131826131e+01 3.512872061530241297e+01 2.946520660792587520e+01 2.185103316265656304e+01 1.135135222463517835e+01 2.183807880325997886e+01 2.569934233901487275e+01 3.541844941578818151e+01 3.211091169992919703e+01 2.344768593448957361e+01 1.278916484861238523e+01 2.344770922681223624e+01 2.940903010039275856e+01 3.437795310909850599e+01 3.493864025636422355e+01 3.646860345405154646e+01 2.887893178722347187e+01 3.654986354910946744e+01
1.359999999999999924e-02 7.084667811865485554e+00 1.708466781186555394e+01 2.230515140216821734e+01 2.644728702246703733e+01 2.731249655000754117e+01 3.145463217895286334e+01 3.404130622344820267e+01 2.445577596167296264e+01 2.621475353832947164e+01 2.509657936449181648e+01 1.908745272908133472e+01 2.379015694299534189e+01 3.331554512316120764e+01 3.611725546918710705e+01 2.559555606826043928e+01 1.775248285743991872e+01 2.867672350735677256e+01 2.707548011435547508e+01 3.437374693186507812e+01 3.109113664772311836e+01 2.120754429677850794e+01 1.516061238079311302e+01 1.034408161445738550e+01 1.570093952664828763e+01 2.574416771278401939e+01 3.010307434129061122e+01 2.806105679897055083e+01 1.786221523679378365e+01 1.140072145403310522e+01 2.143853907771588041e+01 2.856616758177651860e+01 2.572914543901201512e+01 2.244557765804723104e+01 2.857362239887571320e+01 2.350354466937228892e+01 2.694187255655616653e+01
1.349999999999999985e-02 1.001349999999996321e+01 1.688283926067760277e+01 2.102831584854984115e+01 2.680464688246075156e+01 3.423366826507267291e+01 3.026345518770348519e+01 3.423362844930984750e+01 2.593307057862032394e+01 1.666187386995286701e+01 1.556335384699688440e+01 2.509657936449181648e+01 3.256505489395980391e+01 3.736420594143866936e+01 3.387561691452156509e+01 2.323088998850942488e+01 1.534722961681138642e+01 2.329519564460971992e+01 1.931983445127077204e+01 3.013849115600314832e+01 3.194414811033012214e+01 2.205227784675177460e+01 1.470623120999128908e+01 9.428305784168317771e+00 1.848250707464841724e+01 2.263559832211347711e+01 2.045288630143746644e+01 2.332231180144338012e+01 1.935609383486645285e+01 1.020963624860768348e+01 2.092447225821660339e+01 2.409613221186955201e+01 1.496718137749101984e+01 1.523113857005919414e+01 2.307658421276374483e+01 2.723757663344133917e+01 1.715789356233865348e+01
1.319999999999999993e-02 3.346533333468069138e+00 6.882067245860574722e+00 1.265558109443288259e+01 2.265738129737748352e+01 2.923071885086264743e+01 2.008322522301109458e+01 2.923070250875638365e+01 2.194257545021540778e+01 1.221559657400082344e+01 2.184663115202326367e+01 2.793767601884704987e+01 3.502138781638094400e+01 3.795869350842298218e+01 3.507026841220972102e+01 3.065020763877309662e+01 2.329802382042749542e+01 1.227941621328017519e+01 2.066457298592854741e+01 2.066382928566106258e+01 3.140193281551804816e+01 2.900798343095165777e+01 2.389239517642776534e+01 1.847510586474791694e+01 8.191037139727400884e+00 1.723542721369913977e+01 1.319700803331483208e+01 1.725913182203641227e+01 8.704557574823034827e+00 1.772289125704319090e+01 1.885212090287428310e+01 1.778326315485392684e+01 8.944791775701485648e+00 1.786502087025094454e+01 2.088150903986088025e+01 2.492499061872778299e+01 2.171490137864616088e+01
1.299999999999999940e-02 1.001299999999996260e+01 1.688282895204089584e+01 2.100980047115949390e+01 2.403428895339102311e+01 1.985585009632074005e+01 1.453833875308179024e+01 2.517334002905145240e+01 2.007571519099097657e+01 1.020645775969124713e+01 1.510267755042880111e+01 2.431449987804607460e+01 2.468702252721529078e+01 2.771388804115303373e+01 2.469350373431418788e+01 3.195571483110886035e+01 2.765063780876446842e+01 2.066457298592854741e+01 9.761778326090281510e+00 2.066457095960919688e+01 3.073458270198703346e+01 2.606391130202468531e+01 1.976936392201555748e+01 1.638838285954678042e+01 1.491545881276373464e+01 6.956857446924085586e+00 7.312983003541823734e+00 7.312983003541823734e+00 7.668988873074008339e+00 7.668988873074008339e+00 8.040865717171765681e+00 8.406389630266819069e+00 1.776664258174063349e+01 8.944791775701485648e+00 9.350971160307073760e+00 2.084806126867357889e+01 1.003528473190420733e+01
1.349999999999999985e-02 7.084722964826791092e+00 1.709125263835575836e+01 1.963811299479851158e+01 1.541721896384913038e+01 8.983547115913031789e+00 1.985581160668818868e+01 1.996579152905922427e+01 1.593237160876635272e+01 8.348466210259557485e+00 1.582322057594085862e+01 2.567112767074339175e+01 1.733495187076210797e+01 2.115698225234867635e+01 1.733552634341006637e+01 2.773278774169249061e+01 2.798446532165092293e+01 1.896213666317996882e+01 8.202528357686087901e+00 1.490949868907484799e+01 2.558638727496606080e+01 1.988508223388823737e+01 1.266630386328066393e+01 6.156959374721268752e+00 6.486399455899730881e+00 1.682687555418065273e+01 8.886265609338749982e+00 1.360955030758773532e+01 1.825129511266804982e+01 1.827592599612551538e+01 1.894236449541375578e+01 1.028181416476104282e+01 1.748763393156913537e+01 2.102295971764833737e+01 1.955747227187989523e+01 1.003528473190420733e+01 2.154728198275023487e+01
1.369999999999999864e-02 1.001369998009324291e+01 1.736343241272669502e+01 1.538748794180980362e+01 4.450967002449493393e+00 1.539177245703717212e+01 1.778171455077850993e+01 1.587040934881193976e+01 5.967873645881952349e+00 1.592977898863050079e+01 2.225927255622628564e+01 2.352989403204817620e+01 1.963573525982605261e+01 1.088131826474748820e+01 2.115445480264434508e+01 2.576390945891511919e+01 2.364103293797720795e+01 1.277117649624369200e+01 6.785981414798896161e+00 1.524009563913423193e+01 1.879787899561873488e+01 1.360975050686245780e+01 5.738079385614142325e+00 1.591158689396411496e+01 8.536631015694984725e+00 1.635762467608113724e+01 2.165848858996882953e+01 2.046831129677160988e+01 2.730148537037561951e+01 2.366317701791150085e+01 1.332824955779755527e+01 2.107586086348872811e+01 2.037955332581061541e+01 2.953930872539933006e+01 2.526971251807708896e+01 1.858434728157897453e+01 1.185110641294955514e+01
