output/example_1/elevation_000338.asc
nrows	75
cellsize	13.33333333
xllcorner	0
ncols	75
yllcorner	0
NODATA_value	-9999
[rows 34 to 50 of 75, columns 37 to 73 of 75]
2.946241119421475929e+01 2.661452934053542663e+01 3.645827886747316882e+01 4.121261225877361056e+01 3.535621797935308308e+01 2.647382979790674895e+01 1.630108646196806177e+01 2.317338345318720982e+01 2.340488864427760518e+01 1.243754958109775899e+01 2.266588560145631703e+01 1.365222461238868590e+01 2.378461755632977770e+01 2.069068780917474726e+01 2.904325985400141974e+01 2.770324050929338000e+01 3.485501701156898946e+01 3.195276595758689453e+01 4.186167086750437250e+01 4.385003567654499079e+01 4.300518365576466806e+01 3.457337636868644637e+01 3.485369017948743675e+01 4.040955866483810155e+01 3.623858500115711934e+01 3.256195862547451014e+01 2.133809886884239759e+01 1.791355498073995989e+01 1.320638666465260513e+01 2.326185705489283606e+01 2.732921238340988879e+01 3.118691785880116996e+01 2.707204052470415689e+01 1.972435822707295827e+01 2.957394230627142306e+01 3.284955450443673186e+01 3.698918205068956411e+01
1.949724080341057686e+01 2.539251602358843130e+01 3.529392276399696726e+01 3.700438516251479371e+01 2.686754029964207291e+01 2.102136770206447380e+01 1.684907465238715218e+01 1.288550068358910217e+01 2.317334253850693315e+01 2.164477466664493122e+01 1.243754958109775899e+01 2.266596030525407102e+01 2.681706378492025067e+01 3.066846300495347677e+01 3.480627114318128434e+01 3.758148220240583015e+01 4.174486910065026990e+01 4.186167086750437960e+01 4.604972025978965178e+01 5.393789383684782024e+01 4.882307053278444897e+01 4.462839326985305632e+01 4.490277231038734840e+01 4.909155319146826457e+01 4.333654826192044140e+01 3.256206360601995442e+01 3.064548832197651151e+01 1.459572139314943762e+01 1.271192398475669627e+01 2.163677998927908064e+01 2.367111585837707111e+01 2.510104193997001332e+01 1.721730301301304422e+01 2.707204052470415689e+01 1.972435822707295827e+01 2.302271831777080635e+01 2.791676602216617908e+01
1.527585944954103070e+01 2.249273051243756427e+01 3.240069293283998064e+01 3.656318107070762125e+01 3.535621797935308308e+01 2.903638193873694462e+01 1.888129861788137376e+01 1.288550068358910217e+01 2.068321704383836490e+01 1.132110731882423238e+01 2.164477463667337531e+01 1.243754958109775899e+01 2.266906396307165039e+01 2.805605777370510268e+01 3.069772572612780692e+01 3.417621593529265311e+01 3.836668575434181605e+01 4.335982040668491777e+01 5.031124537350308401e+01 4.638984306821410541e+01 4.698230615516398245e+01 4.311089632606782374e+01 4.698230453310496557e+01 4.744672587910029193e+01 4.150582896513362385e+01 3.725169149700611371e+01 3.035254022393617745e+01 2.338315777668401196e+01 1.223740173567503042e+01 1.993268604675177258e+01 1.372453549878913925e+01 1.519817378585509005e+01 2.510104197327267173e+01 2.082326496548401451e+01 2.957394243960833080e+01 3.284955451134682392e+01 3.698925048432564466e+01
2.387426257741115165e+01 2.738755680798340819e+01 2.684142678912262525e+01 2.655484501064588088e+01 3.338408654761655470e+01 3.323999462095366653e+01 2.737558560087690651e+01 2.068305935652266925e+01 1.021339630678776444e+01 1.985695238703053533e+01 2.489333140841376135e+01 2.266906404742350389e+01 1.556064821949474819e+01 1.811663698841107362e+01 2.081350853493360731e+01 2.433756108575774846e+01 2.923710293242816505e+01 3.911532906539151355e+01 4.638984306821410541e+01 3.695218375217127971e+01 3.971641016731182816e+01 3.363263444886499087e+01 4.226248333343236396e+01 4.320364867559045763e+01 3.289455642223001774e+01 2.699987975476001267e+01 2.656070473420945532e+01 1.651261079683402855e+01 2.032249846518694980e+01 1.160355545175911196e+01 1.885206071104543568e+01 2.490515278510456199e+01 2.921096175571024744e+01 3.066615623066803309e+01 2.468797374492056207e+01 2.814440686501396982e+01 3.508819184237058408e+01
1.368799253538017169e+01 2.196759930505992742e+01 1.640117128809847102e+01 2.492304917217054694e+01 2.345300849963486556e+01 3.009703096795498212e+01 2.898996434386332055e+01 1.994023620645116068e+01 9.494550674673037705e+00 1.665328507344512587e+01 2.578439110787609323e+01 2.980140529437814578e+01 2.272175848869353842e+01 2.377747344652827977e+01 3.069772608873092778e+01 2.887942235794928436e+01 3.836668575920318602e+01 4.335982040786053204e+01 4.589981350433691887e+01 3.971641016731182816e+01 2.981687426401223107e+01 2.849100532996095936e+01 3.821397240721780264e+01 3.980917331868772635e+01 3.588807434049842016e+01 3.133280523121673511e+01 2.119503099045869021e+01 2.642403977144708804e+01 2.132967611245652506e+01 1.120773899443956623e+01 2.080536304522764723e+01 2.854031760131877604e+01 3.481370674298530332e+01 3.867293770954314169e+01 3.033660809282819315e+01 3.801353052288047962e+01 3.508819184238453204e+01
2.243030648044064179e+01 1.214108156863878740e+01 1.107791966754907875e+01 1.979631234269215057e+01 1.632557560437790301e+01 2.602013213506459977e+01 2.503628593085234755e+01 1.498777968577671160e+01 8.778884286866116327e+00 1.928696213064974074e+01 2.526484266898873088e+01 3.102473370236401706e+01 3.269156640341781639e+01 3.370610572144425987e+01 3.790012831319804576e+01 3.878825021022574759e+01 4.302820302088834126e+01 4.863299026805799485e+01 3.911058802687114877e+01 3.207073003486333818e+01 3.440506976535496619e+01 2.417948367995963821e+01 3.442488564756686742e+01 3.410608743282308808e+01 2.583953120348878585e+01 3.410608700039224317e+01 3.129491667996148863e+01 2.753264834269702632e+01 2.013335818629745333e+01 1.083651572687163878e+01 2.104653827104223041e+01 2.180503395161072788e+01 2.909999166616679034e+01 3.933281816985345358e+01 4.024471853015788980e+01 4.442414200700574156e+01 4.507592291511491567e+01
1.844893287247220925e+01 2.229519821332383955e+01 1.488433605163011997e+01 9.602851062990898967e+00 1.793353986337652017e+01 2.217082434157488180e+01 2.504124630105132709e+01 1.541578655578133805e+01 8.063794951520636189e+00 1.085553195720005704e+01 1.693187143100459124e+01 2.690762230737398397e+01 3.328718487135881787e+01 3.899879484878478308e+01 4.082611015856784320e+01 3.672117767738464522e+01 3.799158231976215205e+01 4.210559813650031913e+01 4.256774842496318456e+01 3.217311138547083971e+01 2.467227026578428095e+01 2.167356286227601103e+01 2.929081482923356106e+01 2.759590148388564046e+01 1.980913851293663441e+01 2.993171847720549650e+01 3.515421104682374676e+01 2.572745574701804117e+01 1.561364743084006790e+01 1.083651572687163878e+01 1.493298253697573585e+01 2.444437861728825467e+01 3.176141806086792130e+01 3.594749564906971528e+01 4.176610102594426621e+01 4.254913970626368069e+01 4.254913970626368069e+01
2.844175602185928753e+01 2.182167883550978260e+01 2.342139216633998444e+01 1.845863532412710484e+01 8.184102951929332903e+00 1.749206925014929936e+01 2.092884751230280216e+01 1.707524828741939515e+01 7.367349837258711176e+00 1.798515138312602701e+01 1.540089542346888329e+01 1.928075155811386665e+01 2.500826479457946760e+01 3.483899774309894326e+01 3.519904989148914609e+01 2.704268375233582233e+01 2.829250164647801569e+01 3.799158231976215205e+01 4.158933771572346672e+01 3.203458622792624055e+01 3.433779918694482802e+01 2.627860826651865622e+01 1.910575768744241643e+01 1.750728941975665975e+01 1.597268004432828370e+01 2.100492011624930910e+01 2.834421253213673708e+01 2.734002891371254051e+01 1.927686257594390895e+01 1.048845142678149145e+01 2.047399791694298088e+01 2.598074672510386662e+01 2.181656714300937594e+01 2.751351980060876556e+01 3.756415523026637970e+01 3.249374009337928015e+01 3.249374009337928015e+01
3.405371088364354648e+01 2.994557692469564358e+01 2.581569939610912101e+01 1.580675216707125941e+01 1.749206846822326256e+01 6.799383783120670266e+00 1.552893927767146209e+01 6.393999310351577314e+00 1.707652783277021058e+01 2.217607725051673029e+01 2.125658421560829936e+01 2.916203357617712300e+01 3.328718487131209258e+01 3.105138533759639685e+01 2.700125584577235571e+01 2.144280205458098720e+01 2.829250164647849886e+01 3.799158232877945096e+01 4.540075472203388784e+01 4.154313652253221534e+01 3.930075505304206729e+01 3.312574492627823730e+01 2.928527223617200193e+01 2.462738434054221770e+01 2.368887767849658843e+01 1.390364790916161830e+01 2.404978719429558964e+01 2.862385154779433449e+01 2.013982686638642861e+01 1.012561524382799050e+01 2.019015678547862791e+01 1.608063764253174810e+01 2.601975566785895211e+01 2.802057126788046659e+01 3.043304716197424042e+01 2.542719587743941645e+01 3.543889838658861891e+01
3.224934601833017922e+01 2.808016185494715700e+01 3.020840564456229416e+01 2.606996209015256838e+01 2.167149245227425425e+01 1.620130145006558919e+01 5.485628379561967805e+00 1.389616935674471065e+01 1.339184964714894122e+01 2.317550842544267908e+01 3.110847208570444522e+01 3.524075099565588687e+01 3.385586199909813132e+01 2.416197726438010207e+01 1.719279452764418537e+01 2.416197726437962956e+01 3.385586198784967138e+01 3.544213129535352635e+01 3.952938134727232011e+01 4.152357447762884135e+01 3.738939077211249185e+01 3.738939077213134254e+01 3.831243147745290401e+01 3.012683188453567595e+01 1.970500129864042904e+01 1.245278833399876817e+01 2.074184939222164914e+01 1.809283780946192266e+01 1.758363001080678245e+01 1.012561524382799050e+01 1.047767268726333967e+01 2.131554475056729459e+01 2.483217597733890614e+01 1.819327704002863300e+01 2.048615406577202691e+01 2.421003884978604503e+01 2.919693511543417941e+01
2.306901508624578057e+01 1.801942847324947650e+01 2.304982564474048701e+01 2.043798182374205297e+01 1.991428325636609387e+01 1.448752192827149798e+01 5.019699797128678753e+00 1.561796317196760242e+01 2.058003905566921787e+01 2.669435989595289627e+01 3.557588115185040323e+01 3.676052744553460627e+01 3.268500155027140863e+01 2.468936887289715187e+01 1.473315575662194021e+01 2.468924663134827213e+01 2.858961663041644030e+01 2.575121211983897496e+01 3.544213129535352635e+01 3.738939077211249185e+01 2.745095185611759803e+01 2.745095185611759803e+01 3.448726316687321969e+01 3.272212286069005671e+01 2.261252768411446468e+01 2.074184979564875775e+01 1.049896182715774451e+01 9.078923821467789423e+00 1.846841106656166431e+01 9.712673173088870016e+00 1.997181166949762599e+01 1.332581398766334679e+01 1.512305431724458415e+01 1.735518867332451265e+01 2.713800846058524030e+01 3.421430392788010266e+01 3.839277484949964503e+01
3.224934601833017922e+01 2.304982564474048701e+01 1.301107992680269909e+01 1.033705116844094540e+01 1.524098932622303337e+01 4.398512710674888915e+00 1.314904446009020411e+01 9.332593336095893477e+00 1.932386278775901545e+01 2.210879215827257127e+01 3.151076415613962567e+01 3.268500155027140863e+01 2.294172906937233947e+01 2.251673141373681375e+01 1.236753208337358068e+01 1.559527954580679676e+01 1.883295511746781870e+01 2.575121211983897851e+01 3.544213129567230425e+01 3.738939077211249185e+01 2.745095185611759803e+01 2.050313782012703001e+01 2.595290165912442149e+01 3.006509444735526415e+01 2.450463125595413771e+01 1.954974260274227404e+01 2.071215125588064865e+01 1.865698620718242040e+01 9.078923821467789423e+00 1.937857369754023296e+01 2.461137509408937518e+01 1.920028100958093731e+01 1.937585899500818343e+01 2.713800843764924053e+01 2.082005069536496222e+01 3.077191506691476164e+01 3.485767953603255620e+01
3.130127259449137611e+01 2.161925737152207816e+01 2.304982564473622020e+01 1.398734975377845657e+01 6.668935680768799834e+00 4.398512710674888915e+00 1.436779953097866525e+01 1.913970064829702267e+01 1.431854257940928576e+01 1.990619860031836907e+01 2.945752485334735127e+01 3.268500155027140863e+01 2.294172906937233947e+01 1.585473983962041444e+01 1.236753208337358068e+01 2.251662912095521918e+01 2.858961663012554055e+01 3.264029623908324851e+01 3.513874350065169239e+01 3.101248432104505071e+01 3.294478577083206261e+01 2.305676843351415783e+01 1.597648197970110218e+01 2.242570465540350000e+01 1.959862194904120258e+01 7.818410726080738726e+00 1.821541972880084970e+01 8.424918337706611027e+00 1.869252529878574265e+01 1.640692399602612994e+01 2.638331123462934258e+01 2.611867848317229956e+01 2.631119033755906855e+01 2.924303248148824252e+01 3.077191506691476164e+01 2.484963980310675069e+01 3.191353647609218669e+01
3.175086146341739024e+01 3.112340752253096454e+01 2.828903882597760955e+01 2.105554048504562914e+01 1.433120430643331922e+01 3.976575430815714629e+00 1.127193298197268412e+01 2.086039743847926431e+01 2.383411939571422167e+01 2.780234254436369312e+01 3.321416234039558191e+01 3.110264250354237348e+01 2.985098662450248952e+01 2.082511218790273944e+01 1.048911022543790494e+01 2.082511218788178553e+01 2.916615849404352900e+01 3.166240138129364468e+01 2.966609357366512612e+01 2.173354357566815054e+01 2.966609079327340126e+01 3.006509429843505998e+01 2.242570461583699881e+01 1.216050335482732869e+01 1.917388723032329523e+01 1.778862362151418353e+01 7.818410726080738726e+00 1.804336371504421166e+01 2.229628796247743239e+01 2.632383111912300322e+01 3.060349373459139954e+01 3.609918216386783740e+01 3.632112557384191831e+01 3.927285084790044323e+01 3.903702092177236693e+01 3.191353647609218669e+01 3.191353647609218669e+01
2.462570456960177623e+01 1.998389197576724285e+01 2.522706766987293037e+01 2.037455964325659252e+01 1.184113844939710880e+01 3.543039010167871705e+00 1.369757271693855927e+01 1.869891023191850010e+01 2.685748996954664136e+01 3.523618781352404028e+01 2.594046789596489333e+01 2.109562504717743892e+01 2.116977606375665744e+01 1.931743983142452947e+01 8.786874848378605662e+00 1.508205023875086326e+01 2.510310516236449985e+01 2.163196439161794160e+01 2.565454432659107198e+01 1.632350275955499086e+01 2.565454909140139250e+01 2.797951158405634331e+01 2.640945917831892231e+01 1.917525662263675201e+01 8.951654055835142287e+00 7.318593898096859895e+00 1.775978716234063270e+01 7.818410726080738726e+00 1.853699168015408816e+01 2.130319959073966629e+01 2.383791567658037280e+01 2.713685069225238777e+01 3.089826864731302436e+01 3.530973398909165439e+01 4.149914556058569559e+01 4.196546964090723719e+01 4.196546964090723719e+01
1.517971764792139666e+01 9.731618024811915291e+00 1.897487593817608698e+01 1.840910857866738937e+01 5.849370285982292472e+00 3.084773370558435257e+00 7.222967005402323615e+00 1.265512082813534889e+01 2.330083112916136301e+01 2.973974706015052760e+01 2.606776768787872456e+01 1.601517385079456801e+01 1.063488118685549466e+01 1.590202495003454253e+01 7.224090976255414631e+00 1.776355692074305637e+01 2.026917042432619809e+01 1.475283841117622607e+01 2.200813284223550070e+01 1.268101980945732521e+01 1.854437760629266307e+01 1.793020299048628630e+01 2.500585174409158995e+01 1.686101837355908373e+01 6.957549896413259383e+00 6.957549896413259383e+00 1.753209291919285917e+01 1.853699009719860058e+01 1.090865915832378086e+01 1.090865915832378086e+01 1.349449362151282017e+01 1.670469179434919127e+01 2.025939056253930204e+01 2.633861505107926604e+01 3.712688816478322451e+01 4.439270551195239278e+01 4.439270551195239278e+01
1.209503875907288872e+01 4.623382110690289259e+00 1.223554541086222436e+01 1.220080802336078207e+01 1.227941411639363523e+01 2.628905178871197901e+00 9.325830360474586911e+00 2.083912315678843541e+01 2.719317012086714769e+01 2.047970077940339806e+01 2.062123842199049406e+01 1.824255532360429299e+01 1.448184860002389662e+01 5.360003489022258982e+00 1.465630189785411552e+01 1.452843986331760284e+01 7.975844365644634948e+00 1.125032068977151134e+01 1.566521041134079262e+01 1.445419015559512310e+01 8.339171883115490402e+00 1.354292951919771326e+01 1.773743319326770873e+01 1.685886225295248408e+01 6.957549896413259383e+00 1.451925687456557945e+01 2.171221918182842003e+01 2.527453576561746473e+01 1.487315082755769424e+01 2.131901966195425047e+01 2.073471596047276222e+01 2.189375582689239863e+01 3.089826864731308476e+01 3.530973384403386461e+01 3.863687986710402100e+01 3.442332305536304915e+01 4.145871655837837721e+01
