output/example_1/elevation_000289.asc
nrows	75
cellsize	13.33333333
xllcorner	0
ncols	75
yllcorner	0
NODATA_value	-9999
[rows 34 to 50 of 75, columns 37 to 73 of 75]
2.496048600534779638e+01 2.905932093802175586e+01 3.060312544683441160e+01 3.500140390884497776e+01 3.599839410926968242e+01 2.631433447099281508e+01 2.914778233763708570e+01 2.206878379753402086e+01 1.232576445823723255e+01 2.189881216272013731e+01 1.758882730149555584e+01 2.059412340704424338e+01 2.735789132144352465e+01 3.711049710307610638e+01 4.058420825435315038e+01 3.496163031966559487e+01 4.215609816521736519e+01 4.670607554865680555e+01 4.929676776430092389e+01 3.940723222540169246e+01 3.230623899985604197e+01 2.787046199831635462e+01 2.487563421763636740e+01 3.083587224738826293e+01 3.493042488836999127e+01 3.610491776920829210e+01 2.711802716678089809e+01 2.073603142659367649e+01 1.090854546890956911e+01 1.883084324326584991e+01 1.421683101817613348e+01 2.398966161003191644e+01 2.774675697870848268e+01 2.939321036299361012e+01 3.116975052922470013e+01 2.581346840693911204e+01 3.259474108040701879e+01
1.531725006127251376e+01 2.346919962443082852e+01 2.067965716145044297e+01 3.062679912981550956e+01 3.599839410926968242e+01 2.631433447099281508e+01 1.957100341168951019e+01 2.187745536942997049e+01 1.232576445823723255e+01 1.543660204237892586e+01 2.481004286213144638e+01 3.021436058443142159e+01 2.609408151338806903e+01 3.170866074200342766e+01 4.149007578462119739e+01 4.514396895509565866e+01 4.411710168163195789e+01 4.837736547559526201e+01 4.645484675138115449e+01 4.638746656358730291e+01 4.193459142503241566e+01 3.783276039421321002e+01 3.468240502809229753e+01 3.878946449413570718e+01 3.610491922154213285e+01 2.672399680188563664e+01 2.338146085696829957e+01 1.388181320295885968e+01 1.050189028736182451e+01 1.071236822769923513e+01 2.265518762607054626e+01 1.678499094854577223e+01 1.844126815355661009e+01 2.008390444699629285e+01 2.178015141094039109e+01 3.116975052921379330e+01 3.482509569425236862e+01
1.646062478504232729e+01 1.385041878939620119e+01 2.356853265383699636e+01 2.823191760305575571e+01 3.235537238400461746e+01 2.808707206013723123e+01 2.173175403132681893e+01 1.478008410347881707e+01 1.159320958855753503e+01 2.135345451635897973e+01 2.006006454400753825e+01 2.957234217205937199e+01 3.584277317671035945e+01 3.989207854112987661e+01 4.553780169292895863e+01 4.250330962302124505e+01 3.398892591617666881e+01 4.250330962303488747e+01 3.628346290566520338e+01 4.350053691994304472e+01 4.338177471069522539e+01 3.773900178084384294e+01 3.367292017343449828e+01 3.493856651452830420e+01 3.508170144508675037e+01 2.569655198580046829e+01 1.921582139738332629e+01 1.996638273473116953e+01 1.008436103457462885e+01 1.999654885899344592e+01 2.571783766482624500e+01 2.617319860531403464e+01 2.774675697870849334e+01 2.655061179168710339e+01 3.116910681650881187e+01 2.516614449756893634e+01 3.191068864980682562e+01
2.261711694272915807e+01 1.290579048380926253e+01 2.133653485739373323e+01 1.848028550545490489e+01 2.823177816724910016e+01 2.305574867181358556e+01 1.017474128277058476e+01 1.994589774811730720e+01 1.087430003202864270e+01 2.065057619116371512e+01 2.957234217205937199e+01 2.589946765622461555e+01 3.287001362254336101e+01 4.318934176879474762e+01 4.384742914500235145e+01 3.826959667704652901e+01 2.836425737687094895e+01 3.297497011118879584e+01 2.932098873160324359e+01 3.926259226002411395e+01 3.929146445033262580e+01 2.955986029816970273e+01 2.412945933434011891e+01 2.535645964241163242e+01 3.218301783532098881e+01 2.576102161544549674e+01 2.218325256403184298e+01 1.974482573456115375e+01 1.008436103457462885e+01 1.161537664431974726e+01 2.182083470757693533e+01 2.705959435760890486e+01 3.092506427004281022e+01 3.611161837663161833e+01 3.857256254819481001e+01 2.867263549646160925e+01 3.482509569426544260e+01
2.670544373743791766e+01 2.133653488538687171e+01 1.159061747897073502e+01 2.012710144991132566e+01 2.169968804534706308e+01 2.310067707662074810e+01 1.902963791298678586e+01 1.017474128277058476e+01 1.017474128277058476e+01 1.709224371592153702e+01 2.693749436594308833e+01 3.589247485929119108e+01 4.014575100713713596e+01 4.092775365030411905e+01 3.377919331680580939e+01 3.371378035731425626e+01 2.958170635204620780e+01 2.337737085341167997e+01 3.297497011118879584e+01 3.801262808903459245e+01 3.388422549472986844e+01 3.388428502199535330e+01 2.816300301739928358e+01 1.857836541998760538e+01 2.407610186162428079e+01 2.218655729247755204e+01 1.519824391545770226e+01 1.918815945666275269e+01 9.666905217547776985e+00 1.932151074859758566e+01 1.495951523374618475e+01 1.775673309413268086e+01 2.705959435791450574e+01 3.379703022486985731e+01 3.774167442669613592e+01 3.857934073007680098e+01 3.563400078579554986e+01
2.078004315601418028e+01 1.648240092819565916e+01 2.012787573904758887e+01 1.037463129408197382e+01 1.600151815535160793e+01 1.812472238339473307e+01 9.295150720524688381e+00 1.902963805703858569e+01 1.017474128277058476e+01 1.996515274369843596e+01 2.698397530427939017e+01 3.123242834931580347e+01 3.706629362293804064e+01 3.672811131629921988e+01 2.693614318750426406e+01 2.958148901625891725e+01 2.019323826033053848e+01 2.958170635204620780e+01 3.715925019197209167e+01 3.388422549472986844e+01 2.324279660412309667e+01 2.324279672958949661e+01 3.062758646231562665e+01 2.407610186163524446e+01 1.399567319140204091e+01 2.019323749125431178e+01 1.593326920068170161e+01 9.051131973298339517e+00 1.919147671529532317e+01 2.328938842099647388e+01 2.483718330501895011e+01 2.705955429771586651e+01 2.171254557896725501e+01 2.480268826944133309e+01 2.987995221708002447e+01 3.914785829215678348e+01 4.569002036935989253e+01
3.029935904071550823e+01 2.618887037577211530e+01 2.421224092214996304e+01 1.927835802341213522e+01 9.224625362714540699e+00 8.460309135862557284e+00 1.810892541545912593e+01 2.266651251308712745e+01 1.996515274369697934e+01 1.372021368446276668e+01 1.720876176430484605e+01 2.277609659907604467e+01 3.274022738178220493e+01 3.322281599313541278e+01 2.910870012859567524e+01 2.106499474993611187e+01 1.820468458809492418e+01 2.470351017021600626e+01 3.436307176567191846e+01 3.256441768017353411e+01 2.181735641316261010e+01 1.520336426216029757e+01 2.178990442003381744e+01 1.942115152192248217e+01 2.026607268352335112e+01 1.010833511613344626e+01 8.442790678692681183e+00 1.866730449428251504e+01 1.414613493286502965e+01 1.749826634452695018e+01 2.225538646845167179e+01 3.252746359967624556e+01 2.670992597608007202e+01 3.379703022423247916e+01 3.774167442904255410e+01 4.316546045519763197e+01 4.558163774088681919e+01
3.018716123681517161e+01 2.909460777443590729e+01 2.468025597613073785e+01 1.596864873273987051e+01 1.742208967449829515e+01 8.460309135862557284e+00 1.200827112489169579e+01 1.812071285603197879e+01 2.599233128657221314e+01 1.773517931224355593e+01 2.698230202820758095e+01 3.123242828885984324e+01 3.599429696974598158e+01 2.625671423787067127e+01 1.965747786537218644e+01 1.730835914637442841e+01 1.628375918638037589e+01 2.282749959642079318e+01 3.239588301516732116e+01 3.670595883104981993e+01 3.062771234655784269e+01 2.180508347763235477e+01 1.070703960993564330e+01 8.074050066931084402e+00 1.817460571676339853e+01 8.074050066931084402e+00 8.074050066931084402e+00 1.829489072083052292e+01 2.150988086573567770e+01 2.515638662571089412e+01 2.969418169701125620e+01 3.714484858328133043e+01 3.553935058047422757e+01 3.944874961569814076e+01 4.256503784846049143e+01 3.829906552664447617e+01 3.528258242932928113e+01
2.044598242139986866e+01 1.938992358643685066e+01 2.275231039953721890e+01 1.413653376898187553e+01 7.826003302755384361e+00 1.741841437076286070e+01 1.996140332468403145e+01 1.769622283913382077e+01 2.608110499538750560e+01 2.458096293933308729e+01 2.566806913312772309e+01 3.570940259324324728e+01 3.113066773153233058e+01 2.527717757829741885e+01 2.115157393010529674e+01 1.367835569886373648e+01 2.313125132088502056e+01 2.968989114680979569e+01 3.461826070517479792e+01 3.064311127010413216e+01 3.061654577861437332e+01 2.574644267927174113e+01 2.098678052651771253e+01 1.723857793584747711e+01 8.074050066931084402e+00 1.817421867274738645e+01 1.829489692056859695e+01 9.845876852911901622e+00 1.985827739857263197e+01 2.285281372048828885e+01 2.723053858110016989e+01 3.066024875868414412e+01 3.412657149456585870e+01 3.779680566085110627e+01 3.356668172695625429e+01 2.826014824151062754e+01 3.528254758711034356e+01
1.589875398002285678e+01 1.311914021404487407e+01 1.887734002213927198e+01 1.676087490186834117e+01 7.377976365491794475e+00 1.401162628739328042e+01 2.332059940179779289e+01 2.606969208916796532e+01 3.012406251252152245e+01 3.458367049834922824e+01 3.570940259318906129e+01 3.283143846025587465e+01 2.687863801243756257e+01 1.716338446112464311e+01 1.151748298091082745e+01 2.091861629365202191e+01 2.303255183137433448e+01 3.224366350738418419e+01 3.064311127010413927e+01 2.109267949546084964e+01 2.109106661062122612e+01 2.351782331835613959e+01 1.456546807245455177e+01 7.656414128219481086e+00 1.764302783907236005e+01 2.210292095532912882e+01 2.106308529736993052e+01 1.111650529071093985e+01 2.108372369245647704e+01 1.293733314774487120e+01 2.277407659416883945e+01 2.138857170261920970e+01 2.681112560578883830e+01 2.960028900012284581e+01 2.385068856342465793e+01 3.226728903075371591e+01 3.226743435214704903e+01
2.539754277620120604e+01 1.890464834676371808e+01 1.027282322821059601e+01 1.580763117091341918e+01 6.927172991365972976e+00 1.650374523810292260e+01 2.236199140494445814e+01 2.546964754712628576e+01 2.912022352923335333e+01 3.344389160475788714e+01 3.565250191974886462e+01 2.600359602621792021e+01 1.948333333734678519e+01 1.478379672143902290e+01 1.151748298091082745e+01 2.076491172271219199e+01 2.211066620632491464e+01 3.024329374295632178e+01 3.063408743509222987e+01 2.109237450498171640e+01 1.444043454774181434e+01 1.926583640539412556e+01 1.721043357027042831e+01 7.656414128219481086e+00 1.161488941295611532e+01 2.146863461308569399e+01 2.507038299391421532e+01 2.108372374074479083e+01 1.293733314774487120e+01 2.275556741451244136e+01 1.515984534524529259e+01 1.673599576573043990e+01 1.835448764819303236e+01 2.015863777917961386e+01 2.265112588579964736e+01 2.265112588579964736e+01 2.931907660026822171e+01
2.680051218475932018e+01 2.092131200709670580e+01 1.266683268244925920e+01 7.707513657539779572e+00 6.475056325081522957e+00 8.896744377944136417e+00 1.181158937188168601e+01 1.520122106444156529e+01 1.894762159260931611e+01 2.478484322492522907e+01 3.513713815176718214e+01 3.073882122096941316e+01 2.138939449499480006e+01 2.051057512187761844e+01 1.013154497319417047e+01 1.388106343665503850e+01 2.075207180017442354e+01 2.644036881574010422e+01 2.824221880560963882e+01 2.382258232544875298e+01 1.916671455654698519e+01 9.810676617072187966e+00 7.294825698535050584e+00 1.720442835535706294e+01 2.140097415601302799e+01 1.861011508168645179e+01 2.836709089870176470e+01 2.643742367741247890e+01 1.799535374001842669e+01 1.712320531802892276e+01 2.475554908835236034e+01 2.341780980144348234e+01 2.492231989180282881e+01 2.328186623641766317e+01 3.226696976108836168e+01 3.226733520002679967e+01 2.931907660026822171e+01
1.836351383205861509e+01 1.301450051964957666e+01 9.288460582517922504e+00 5.837503935222997598e+00 1.450653664866803894e+01 1.938246058291608520e+01 2.237547643215055615e+01 2.546964754712628576e+01 2.913882062897574343e+01 3.344389160475924427e+01 3.935389109667433871e+01 3.475835732253250399e+01 3.073882121932402001e+01 2.410527390211854737e+01 1.766843899139597340e+01 8.531548900692937920e+00 1.341667552813663633e+01 2.228414277606260185e+01 2.395215329407863791e+01 1.364215929733103749e+01 1.642044742253311895e+01 7.060488717824023652e+00 7.060488717824023652e+00 1.029932073098095557e+01 2.070784020475074527e+01 2.836327625648543815e+01 3.240984251676432137e+01 2.744983029472059499e+01 2.744238855455641612e+01 2.003689434945217940e+01 2.936456011786518161e+01 3.311400053960012713e+01 3.468693978079492268e+01 3.000322566006877167e+01 3.000322864330040673e+01 4.007233989096069138e+01 3.938506109694818491e+01
2.680051218475932018e+01 1.931547050032153834e+01 1.150731789556025220e+01 5.382128040193370211e+00 1.485562086818277905e+01 1.967642963347477547e+01 2.334884238595138228e+01 2.334941574185039670e+01 3.345895120164595937e+01 3.589719457460959262e+01 3.159095097270500574e+01 3.157224692402177268e+01 2.928068364321094563e+01 1.967972740650215968e+01 1.262143398721282495e+01 7.805107624425184021e+00 1.545353023192199871e+01 2.025085951931256645e+01 2.470473427035064873e+01 1.393714962400809476e+01 6.737110016698588666e+00 1.592178367362130587e+01 1.649322017921790007e+01 2.060345870164905335e+01 1.635783024574469380e+01 2.240512714241300074e+01 3.244895193473973904e+01 3.697426296977650395e+01 3.325160060002836104e+01 2.936485081348545023e+01 2.498999509797457463e+01 3.040922491863480204e+01 3.982461106895608083e+01 4.007207283049253022e+01 4.007233989096069138e+01 4.433572041232329042e+01 4.717432455019183379e+01
2.645462843278470189e+01 2.132229039122128000e+01 6.832380593763990539e+00 4.922068549656874126e+00 7.353428108835397659e+00 9.802333165441387663e+00 1.313774715522823833e+01 2.039109990149933438e+01 3.049142196541195915e+01 3.159462625269586411e+01 2.172858750687573348e+01 2.172818880104892969e+01 2.879896497018252077e+01 2.546814359691354923e+01 1.792289205713667144e+01 1.477805369774645250e+01 7.162327114900863378e+00 1.553825078297214546e+01 1.930658561370069393e+01 1.531580478966638914e+01 6.737110016698588666e+00 6.737110016698588666e+00 1.228287109678192124e+01 2.211311356458079302e+01 2.665014698704986529e+01 3.071464301710062017e+01 3.644736094102368895e+01 4.062528400174668519e+01 4.187629885971353616e+01 3.827156040820647576e+01 3.438863534054386406e+01 3.827156048964025814e+01 4.369576967077915697e+01 4.607975060953080515e+01 4.229114755659121272e+01 4.305282079304242870e+01 3.797418286590762904e+01
2.238532960319112064e+01 1.755702799542369874e+01 1.343704667639192785e+01 4.503241522925448770e+00 1.397112025566624816e+01 1.964791346335028521e+01 2.334884238595772743e+01 2.754440070646030492e+01 3.177539239639344260e+01 2.879683262597769655e+01 2.461637548460115710e+01 1.513271760192722049e+01 2.014643280101473977e+01 2.309138771377313049e+01 1.511040708923973597e+01 1.461704398950303307e+01 1.321148797327795954e+01 5.963762909449704885e+00 1.512981989002503980e+01 6.423997402652106281e+00 1.591460825789695654e+01 1.639536067499190253e+01 2.056830747554614902e+01 2.629707513020974119e+01 3.423572478516131667e+01 3.697388889512870236e+01 3.780089149843765028e+01 3.108919213466127474e+01 3.235932805842840310e+01 3.905935707966483506e+01 3.570329764449865451e+01 3.169070492445474585e+01 3.570329734596817417e+01 4.074169720188109522e+01 3.300424354414956696e+01 3.372368525738944811e+01 3.249829714369516154e+01
1.870565804794291154e+01 1.345896068558569247e+01 3.833324969949247318e+00 1.340929544480843205e+01 1.790200040028227946e+01 1.960011746856578085e+01 1.898938424165472938e+01 2.334562096752169680e+01 2.174077151277191078e+01 1.881805530276167460e+01 2.552015713810325437e+01 2.004497359696442516e+01 1.035383501223178371e+01 1.627663533661086603e+01 1.198116997758948088e+01 1.289187469339469416e+01 5.759263310439429517e+00 5.963762909449704885e+00 6.131891669984481652e+00 6.923317106582279834e+00 1.365401216435788889e+01 2.173969921242252568e+01 2.561751637395687453e+01 2.961331401917496819e+01 2.463182416403783037e+01 2.744474973320044242e+01 3.300962549096477971e+01 2.424915728221420608e+01 2.553175057315153751e+01 3.514678421423194266e+01 3.093369013233303022e+01 2.221290404573307953e+01 3.093351303266185326e+01 3.657322309336033328e+01 2.755120262589029423e+01 2.703320262500153248e+01 3.249829714369516154e+01
