output/example_1/elevation_000003.asc
nrows	75
cellsize	13.33333333
xllcorner	0
ncols	75
yllcorner	0
NODATA_value	-9999
[rows 17 to 33 of 75, columns 0 to 36 of 75]
1.309999999999999880e-02 1.001309747219620938e+01 1.032604375729543911e+01 1.056735573644712112e+01 1.109012130428815857e+00 1.431591559294317140e+00 1.761098526320015401e+00 2.091134686433983259e+00 1.191476431870825614e+01 1.509987736930489888e+01 1.818508357289091038e+01 2.293474865289917730e+01 2.307752549140295173e+01 2.316684461702987008e+01 2.675153958408781207e+01 2.860296099674660297e+01 3.249351239415008763e+01 2.958044497055872313e+01 2.536501403041184943e+01 2.710933463117714837e+01 2.038421116869759331e+01 3.060742937579812661e+01 3.089372492703661166e+01 3.813037842702479452e+01 4.827749975234352320e+01 4.546549815051161403e+01 4.123429328771122471e+01 4.312968821118394658e+01 4.735827848312562338e+01 4.054585024534586779e+01 3.063979114072050436e+01 2.593981906727350051e+01 2.248515390263102987e+01 2.938032863259103422e+01 3.346911151368605175e+01 2.959441779258763461e+01 3.247887386584289260e+01
1.379999999999999977e-02 1.001379747204132364e+01 3.327504660468239561e-01 6.539968821083261830e-01 1.023446665344735429e+01 1.310933879435152072e+01 1.206941226967066250e+01 4.115104424514480996e+00 3.100863481626177975e+00 3.811313100124382292e+00 1.040442029090408660e+01 1.563953359208117888e+01 1.274538666736408743e+01 1.278816653935851733e+01 2.317209417313364028e+01 2.497564276546165374e+01 2.722457242695632473e+01 2.301329415752383767e+01 1.524987282583578363e+01 1.693827260267206825e+01 2.710933473690416662e+01 3.482808025703958066e+01 4.110213339839224034e+01 4.529557293858432132e+01 4.524928621771777415e+01 3.964671592926902122e+01 3.121279493838828145e+01 3.304649186499920432e+01 4.151557638416757356e+01 4.476410812747766244e+01 3.976512012553516939e+01 3.559170759673269657e+01 2.657475920696579053e+01 1.940086852892649105e+01 2.680088541693923787e+01 2.264444238928561504e+01 3.247897693962444521e+01
1.379999999999999977e-02 3.327504660468239561e-01 3.327504660468239561e-01 3.327504660468239561e-01 4.838417514607884939e+00 1.588533626455019032e+01 1.965146336196416499e+01 1.020987309669173726e+01 1.309056693875634814e+01 7.666205768283585797e+00 4.839350527542979563e+00 5.626687984691066013e+00 5.626687984691066013e+00 1.564767942021623170e+01 1.680289460915593125e+01 1.490659846035400449e+01 2.204341343024450950e+01 1.298097044275032808e+01 2.301329409002070392e+01 2.710933463110528407e+01 2.088696089053631511e+01 3.112503727376364182e+01 3.570653201194926396e+01 4.585486398747497816e+01 4.017743039832483731e+01 3.105072224148425875e+01 2.561493590166971046e+01 2.741427916103486595e+01 3.677388438756518241e+01 3.798847394330358895e+01 4.297753151990696097e+01 4.050074187031680850e+01 3.347815058077947725e+01 2.680088543786898825e+01 1.650269380580389011e+01 2.449607039900245553e+01 2.862242040978223656e+01
1.290000000000000001e-02 1.001289747224676674e+01 1.033148070379926331e+01 1.221995907602809162e+01 1.560337460949713240e+01 1.350320242968641793e+01 2.424733113254658434e+01 2.017490132941657421e+01 1.682746455407797370e+01 7.856212300263242021e+00 1.486756718430482316e+01 1.564767926895865280e+01 5.626687984691066013e+00 1.564767942016567304e+01 6.823708839809025761e+00 7.909499794224029934e+00 1.785575354734843145e+01 1.146387713912408124e+01 1.847382246369429026e+01 2.862321304070056271e+01 3.112503727371332474e+01 2.546199502471228726e+01 3.272589422803579851e+01 4.290284105265713066e+01 3.597581270052874913e+01 2.612563056959647767e+01 2.113306025828270052e+01 2.774483326039680620e+01 2.740635410080233925e+01 2.697496985898085242e+01 3.575858389550008809e+01 3.704891086632692065e+01 3.221476727137291363e+01 3.084285386272026841e+01 2.449607360351330954e+01 1.410711258768530385e+01 2.449590714097325517e+01
1.290000000000000001e-02 2.438256250363331823e+00 4.938256250363335376e+00 1.493825170956994697e+01 2.300204416514576877e+01 2.441878498585983692e+01 2.870077701517256585e+01 2.475216425373076490e+01 1.504643978308688013e+01 1.013697717006597188e+01 1.939525408931001849e+01 1.564767942027636671e+01 1.564767942019095059e+01 6.823708839809025761e+00 6.823708839809025761e+00 1.680289460908035792e+01 9.447580108591873582e+00 1.938725224379053103e+01 1.958297240652977678e+01 2.675263034341724833e+01 3.694635158850859824e+01 3.570653201114535591e+01 3.272589142881789570e+01 4.290230995907587186e+01 4.017742843078763570e+01 3.520935131692135656e+01 2.774483326023804253e+01 1.751746738668006387e+01 2.506703313999695126e+01 2.085911692647998450e+01 3.131552268714024123e+01 2.983514697579122910e+01 2.064148389281523421e+01 2.878604554784212155e+01 2.294607670264419497e+01 1.276152501435069730e+01 1.867530840486106314e+01
1.309999999999999880e-02 1.001309747219620938e+01 1.493825133926960369e+01 8.860578953127028257e+00 1.886057145462670448e+01 2.771576721795434040e+01 3.218744337655436283e+01 2.893158133778382890e+01 1.939525530067451342e+01 1.293354428410354018e+01 2.262610897103517615e+01 2.572074476864968418e+01 1.816913815167857038e+01 8.222732519447228938e+00 1.680289460222389764e+01 2.098618398223054271e+01 1.938725224410638504e+01 1.181660136458170562e+01 2.180010464402749903e+01 2.719509410885121881e+01 3.026698419155955122e+01 3.446904180186521671e+01 4.290231032809089839e+01 4.706320842866639254e+01 3.920924748220085121e+01 2.925236065601883340e+01 2.356061311691879112e+01 2.506703313987443593e+01 1.455324548881522517e+01 2.268204466110330131e+01 2.615318748771442969e+01 2.541450689500400273e+01 1.411205319515785916e+01 1.940893335448038570e+01 2.143141278574368869e+01 1.167000938221575623e+01 1.982526266155475980e+01
1.349999999999999985e-02 7.084567808916117038e+00 1.708455918987678857e+01 1.886057145446975269e+01 1.357462416103680525e+01 1.804676011602824914e+01 2.804673398073171953e+01 3.356095000304720344e+01 2.681660892598909030e+01 1.707686312777923376e+01 2.681660897851370606e+01 2.671158786227562132e+01 1.660044638152435681e+01 9.615401726093576684e+00 1.956193134593349114e+01 2.606497657929124045e+01 2.600205816695335415e+01 2.180010464392023906e+01 1.433322280871830934e+01 1.706457379298307231e+01 2.007867772127838180e+01 3.026698867033658757e+01 3.990978535913603764e+01 4.498317109936031954e+01 4.342629642515267818e+01 3.763970338488277889e+01 3.346060375882574789e+01 2.923356132453878686e+01 2.268204466089016336e+01 1.210794185882460461e+01 2.045164387265676353e+01 2.461113627259880232e+01 1.940618441811451689e+01 8.727523573643855670e+00 1.842806796093668353e+01 1.814564381865946174e+01 1.019704512212362246e+01
1.349999999999999985e-02 1.001349747209508578e+01 1.768956535272813468e+01 2.216363466292689210e+01 2.357460973093003531e+01 2.771574179787129211e+01 2.804673399136247980e+01 3.804638560487423149e+01 3.132100156213679298e+01 2.413235422187587886e+01 3.132100154917973356e+01 2.460112139678770404e+01 1.452274840619458729e+01 1.956193149514380991e+01 1.185502006983318601e+01 1.678459039276360087e+01 2.692821954277965446e+01 2.858936699144402027e+01 2.438539409633907340e+01 1.807069485875724979e+01 2.817281828023009993e+01 2.551493092960645725e+01 3.063346923719948478e+01 4.081438307473412408e+01 4.245665799252300587e+01 3.624007785722167796e+01 3.175283530575924829e+01 3.282508571763278127e+01 2.268204461669597194e+01 2.045164387289813490e+01 1.000824886601690089e+01 1.833534694842484214e+01 2.169691024244356115e+01 1.793681769008353655e+01 8.727523573643855670e+00 1.682818605940041934e+01 9.042703235024623254e+00
1.359999999999999924e-02 3.549133905932734034e+00 8.021269860948988750e+00 1.509233838955583629e+01 2.509251822848252189e+01 2.816882647119438587e+01 2.926271394838128259e+01 3.340331722814381266e+01 3.562096193495631269e+01 3.431762639225003397e+01 3.104542017714331692e+01 2.085609883995757841e+01 2.460112145380128013e+01 2.363497982957454369e+01 1.357382902812338621e+01 2.363498480436387084e+01 2.692821626223809872e+01 3.712526880681200225e+01 3.236183082997710159e+01 2.309999593110965677e+01 2.342741531277052047e+01 3.344519792340089737e+01 3.990978531368818238e+01 4.498317109134031000e+01 3.793223828065148950e+01 2.722920873540492437e+01 2.143672844309563175e+01 2.579682564447112725e+01 2.959383395295414942e+01 2.354345791079976635e+01 1.821919790654435189e+01 8.031199619364043585e+00 1.756481273842171476e+01 8.389057630217498840e+00 1.769290704015133997e+01 8.727523573643855670e+00 1.140896940288452122e+01
1.369999999999999864e-02 1.001369747209180616e+01 1.768921065842467755e+01 2.216283770897079464e+01 2.523924301824466809e+01 1.816884076691559002e+01 1.926273883967195033e+01 2.744419922678576640e+01 2.561165589162165190e+01 3.562113195140935318e+01 3.524854397522081229e+01 2.805827860004299623e+01 3.196168223428326272e+01 2.176360584558826616e+01 1.706085764393057858e+01 1.685774814951784251e+01 2.702360434962988833e+01 3.496757512963032610e+01 3.742685562018743184e+01 3.027690051234738178e+01 3.051432955691606708e+01 3.142222183708783945e+01 4.103356501236284259e+01 3.809376876982598503e+01 3.357738639921306856e+01 3.343610530622841992e+01 2.579682564313224447e+01 1.610729174750338899e+01 2.142945631212952051e+01 2.068892310119318267e+01 1.866562265661747588e+01 1.488428397761642152e+01 8.031199619364043585e+00 1.700481418233447428e+01 2.201292565899801090e+01 1.877708610946434931e+01 1.109527131510095721e+01
1.290000000000000001e-02 7.083967808916504794e+00 1.708395919053543111e+01 2.190602201427160622e+01 1.776443491264356567e+01 1.109777291184469838e+01 1.411288635762234378e+01 1.744621969182611210e+01 2.451736142490264569e+01 3.452060371994287635e+01 4.150110348194464649e+01 3.825706754960651068e+01 3.616307041021552493e+01 2.723049542221394503e+01 2.157258664773690171e+01 2.702360435416473194e+01 2.052744779423342791e+01 2.776642646763179201e+01 3.798715244818490788e+01 4.041275177041425337e+01 4.052090563035776682e+01 4.103356322556322766e+01 4.259602835655456232e+01 3.082360856863234844e+01 2.274096509498474106e+01 2.306005377629606201e+01 2.307774133502073610e+01 2.142945749355835616e+01 1.254046060696590459e+01 1.048058379942250085e+01 1.239941401005417276e+01 7.693182740134600017e+00 1.758145342624337815e+01 1.320516339571059206e+01 2.302239553655402204e+01 2.799173725307147009e+01 1.991778301241616589e+01
1.379999999999999977e-02 1.001379744511000780e+01 1.285443472205182402e+01 1.481559563992764517e+01 7.764439578511352913e+00 1.776443491409076003e+01 2.411288120173045613e+01 2.744716025467527842e+01 3.159409073558005687e+01 3.333662398712890962e+01 3.150172585784754276e+01 4.150110348242163383e+01 4.162198002196807778e+01 3.601172594038217767e+01 2.748656820885324592e+01 3.438399188339537460e+01 2.413381977802742995e+01 2.888637078712752171e+01 3.909673161137598640e+01 4.185031624450949295e+01 3.755990871232884842e+01 3.619899644935711081e+01 4.049658710370709969e+01 3.395754214190670695e+01 2.344770125849758458e+01 1.579923536019814456e+01 1.184771612458327716e+01 1.879256650063354073e+01 1.834548402855806870e+01 1.202979160600685127e+01 7.278563434215179484e+00 1.332386115937191384e+01 2.164346602188163970e+01 2.301043624315305181e+01 2.007684552665413591e+01 2.992106700179570211e+01 3.191412202104749340e+01
1.359999999999999924e-02 1.001359747199138184e+01 2.854439104031567531e+00 4.815600455413405534e+00 1.481559595294037379e+01 2.190602687139960381e+01 2.645505444592386723e+01 3.059558668098272349e+01 2.925422299512771573e+01 2.333677275218127534e+01 3.333665225009002597e+01 4.324665486404688863e+01 4.901599308946157407e+01 4.189321575724020619e+01 3.771080724043922316e+01 3.857930607949328561e+01 2.927657245704466504e+01 3.857930530087061527e+01 4.327486648162365412e+01 3.755991439181323699e+01 2.699068546208476604e+01 2.561150878128893638e+01 3.120803181361103995e+01 3.553520610496808985e+01 3.074071210572878599e+01 2.648681734845355251e+01 1.879254030322509905e+01 6.861068531006786486e+00 1.327420579951704660e+01 7.076338750834655578e+00 7.315443154917629975e+00 7.315443154917629975e+00 1.831516481963217302e+01 2.804049291876375705e+01 3.002830609736504286e+01 3.412452009263836317e+01 3.515120776787225765e+01
1.359999999999999924e-02 1.176076387438191651e+00 1.117607319000195432e+01 5.011094568100332936e+00 1.501108738234471218e+01 1.891381411300512383e+01 1.645509885333645173e+01 2.482274718219575860e+01 1.925428984761925122e+01 2.925422265588328941e+01 2.911027531369443722e+01 3.488377617121639673e+01 4.488306840879537418e+01 4.330140365555367055e+01 4.444769864258825010e+01 4.366714047836894963e+01 3.949145926650156468e+01 4.366714053223324754e+01 4.131756840663870634e+01 3.701940472387822467e+01 3.008631113944102964e+01 1.938138503094151588e+01 2.052463404196298669e+01 2.940710759787401685e+01 2.870424010822555871e+01 2.347658424670466815e+01 1.997938059728901905e+01 1.570508541098988964e+01 6.861068531006786486e+00 1.517237460862131471e+01 1.742984702183099088e+01 8.847211430823827882e+00 1.582191111114944704e+01 2.593215276636175304e+01 3.492469517086897213e+01 3.218065853960840172e+01 2.519338443983228260e+01
1.319999999999999993e-02 1.001319747218359701e+01 1.531784648291199424e+01 1.501108738172826129e+01 7.247162545600120076e+00 8.913829212266781710e+00 1.068159616523314526e+01 2.068157726367753568e+01 1.667230095014768665e+01 2.374336826836476888e+01 3.374320950429552113e+01 4.324665485823042843e+01 4.006825611420192956e+01 3.255402533297180412e+01 3.373626552563904824e+01 4.444769865312586177e+01 4.592754196638915687e+01 4.174209761532159035e+01 3.701941091741025502e+01 2.644221574415545106e+01 2.954002025598719072e+01 2.503995250305239750e+01 1.415087498913425179e+01 2.503996064791665432e+01 2.465530951223897560e+01 1.353200845116631079e+01 1.505093087110480354e+01 6.800179292731833414e+00 1.564616622992186024e+01 6.861068531006786486e+00 1.953916207322996357e+01 1.002456529674459595e+01 1.955369353234866026e+01 2.085103200873896157e+01 2.884598567823888260e+01 2.473797199579290762e+01 1.807663679002115487e+01
1.019999999999999900e-02 7.081267808916233975e+00 1.708125919086861799e+01 2.138860000629813030e+01 1.431823029809409142e+01 1.598489693519692878e+01 2.068157720107588915e+01 1.351002328997932622e+01 2.350999388436982329e+01 2.667225354370292578e+01 3.667169784782345232e+01 3.470632316063075962e+01 3.030220771337939922e+01 2.490257067048609585e+01 3.570185011119619389e+01 4.295084774543681050e+01 4.174209622597412306e+01 3.130888237483216230e+01 3.436469534577786789e+01 2.954019276434961583e+01 1.882458012435956718e+01 1.489301634598437474e+01 1.127833263284573384e+01 1.931315637571715627e+01 2.368365177383904197e+01 1.625462517220359260e+01 6.619363057606351575e+00 1.543298803021040300e+01 1.463653233521370645e+01 2.268826185311944954e+01 2.359153884189642270e+01 1.956559327594910158e+01 1.112177836077345106e+01 2.085103258866380926e+01 2.321526141558249989e+01 1.452838217240930518e+01 1.452838217240930518e+01
7.249999999999999500e-03 7.078317808991518412e+00 1.707830929247795027e+01 2.677844361827814268e+01 2.431819311610176726e+01 2.598484771268621429e+01 2.765085610746937306e+01 2.350999388440227733e+01 2.765085651701885183e+01 3.018697571953150316e+01 3.036975542002975459e+01 2.596758884767735154e+01 1.968460800575686420e+01 3.030220771344949426e+01 3.415152519276767151e+01 3.217391488671908917e+01 4.295084774546662487e+01 3.436469714837338074e+01 2.377872278613299883e+01 2.870625387608107815e+01 2.954012738215502409e+01 2.575141442787663948e+01 1.931315650583670163e+01 8.281691359922996654e+00 1.655268914451928453e+01 1.604886075337508444e+01 1.545035114219771266e+01 6.432317305721396927e+00 1.411764014376307230e+01 2.039033297405330813e+01 2.819760282980890764e+01 2.497313401525610743e+01 2.085102415213809124e+01 1.223587909758389181e+01 1.308356169605518637e+01 2.321526152284353373e+01 1.452838217240930518e+01
