output/example_1/elevation_000459.asc
nrows	75
cellsize	13.33333333
xllcorner	0
ncols	75
yllcorner	0
NODATA_value	-9999
[rows 51 to 67 of 75, columns 0 to 36 of 75]
1.369999999999999864e-02 1.001369999999996274e+01 1.566133620016055339e+01 1.101847609992421262e+01 1.679193157329330433e+01 2.678825915766930166e+01 2.920510212913308479e+01 2.470096185101424879e+01 2.054843868501222559e+01 1.371535153214999170e+01 2.275929658216302798e+01 2.665099783160578539e+01 2.422712088452970036e+01 1.412380268660412774e+01 6.729305476915467210e+00 1.175948278738048636e+01 1.891477512139287143e+01 2.934719223935290344e+01 3.286148187960126421e+01 2.885156280225046288e+01 2.117637261035015328e+01 1.178388677566595888e+01 4.882198443141415822e+00 9.605347608597629261e+00 1.917787851530691157e+01 2.507771255401605970e+01 1.801523951954072800e+01 2.507771255401669208e+01 1.775574376265045373e+01 7.596171429395633723e+00 1.391578635971267630e+01 1.809305241464397085e+01 1.052953529603357730e+01 1.977130496605072452e+01 1.308556572359056069e+01 2.936267884054462485e+00 1.145189354026349626e+01
1.290000000000000001e-02 7.084401037080989560e+00 1.709946686939040816e+01 2.101687673592213912e+01 2.515466310184865861e+01 3.092409442772889960e+01 3.278194995017689450e+01 3.186062201633956192e+01 2.187644116932879967e+01 1.818703330662999917e+01 2.784430231549020363e+01 3.141337782199552819e+01 2.558146499083361292e+01 1.874364496738452956e+01 8.461733576205350715e+00 1.578227585072989214e+01 2.514226657472245918e+01 3.113130882338169769e+01 2.308203185341752572e+01 2.317404134349694900e+01 1.594491612076517484e+01 1.539582269897943512e+01 5.608214149189759468e+00 1.440508348803988348e+01 1.837344718380882469e+01 2.770483168642963889e+01 2.802399763844986680e+01 2.784091176732784234e+01 1.775574376265045373e+01 1.082512398540783494e+01 2.096098419264357204e+01 2.482579663557103800e+01 2.066844183130710633e+01 2.482579663557605087e+01 1.726784588446708568e+01 1.308514318626438389e+01 4.598085456747623923e+00
1.329999999999999932e-02 7.084367811865485365e+00 1.708436781186555109e+01 1.916326313288022476e+01 2.164950423498901344e+01 2.651493489482281873e+01 2.278227621435273065e+01 2.985327923052956933e+01 3.186062201633957613e+01 2.395727854000129398e+01 3.231055065480302346e+01 2.736353456773257875e+01 1.731723206495038880e+01 1.130075130148179596e+01 1.271441473053313054e+01 2.268409528685480936e+01 2.952561864425783966e+01 2.716059213321466359e+01 1.887130376502499018e+01 1.455500490142183878e+01 1.641533781956023930e+01 6.666348947558923044e+00 1.513690917263150837e+01 1.926333421801509260e+01 2.170030084630755596e+01 2.585797842255415802e+01 3.163890199678970916e+01 2.679022894593306603e+01 1.669368086348136160e+01 2.096098419264357204e+01 2.511761257969228112e+01 3.062425709128750029e+01 2.648887817383032939e+01 2.242335059779189166e+01 1.648393286114905010e+01 6.313259416978449501e+00 1.476508732961043080e+01
1.369999999999999864e-02 1.001369999999996274e+01 1.277355678321289467e+01 6.864963646112291151e+00 1.260713961335099675e+01 1.891948668416349122e+01 1.571410282338193021e+01 2.485434441499443281e+01 3.062680174514332521e+01 3.393791422828353888e+01 3.807345595054007958e+01 3.065947475564865954e+01 2.083850224288174857e+01 1.351803836031280426e+01 2.280866908398764181e+01 1.994889594944472222e+01 2.971940286260844388e+01 2.782409958002402561e+01 1.926978173822700668e+01 1.381604404796044072e+01 9.981446292831456901e+00 7.427398829134068237e+00 1.736413116054345807e+01 1.830624932286667672e+01 1.202410994955791779e+01 1.757152994413103997e+01 2.744511904538847347e+01 3.092926578948737060e+01 2.385011781098784311e+01 3.092926578948737415e+01 3.358250364635865282e+01 2.355060229671387617e+01 1.640746789721693588e+01 1.826480670963054109e+01 8.112263072984758239e+00 1.648141238890117677e+01 1.643576054236893214e+01
1.319999999999999993e-02 1.386805639486890840e+00 2.773556130049964263e+00 4.290087926471768398e+00 1.423950753898786559e+01 8.948419291122672092e+00 1.072805782367866101e+01 1.648722672429003211e+01 2.648458956862294755e+01 3.241162866583469082e+01 3.818536311922550652e+01 3.288424037514583631e+01 2.319707781150236414e+01 1.592773446505049151e+01 2.601304993594096260e+01 2.971705253612681119e+01 3.370899179998973949e+01 3.061039640875856804e+01 2.177528253383897905e+01 2.171611524531259363e+01 1.873910016981018956e+01 1.463215828137341923e+01 8.557394650820604909e+00 8.557394650820604909e+00 1.830655198557644070e+01 1.631392242357120281e+01 2.189328759687932546e+01 3.193652575568216179e+01 3.388828512280198169e+01 3.218422280516761447e+01 2.638459245692226318e+01 2.223912239445726513e+01 2.011283447368516164e+01 9.990769541001077059e+00 1.826480670963081110e+01 2.241607060980215493e+01 2.633289270339538035e+01
1.349999999999999985e-02 1.001349999999986018e+01 9.844623936419655053e+00 1.423950698818492633e+01 6.513463179063908370e+00 1.646397514226845260e+01 2.071237458122837083e+01 1.380174594173835345e+01 1.826983489741255440e+01 2.404265979809085252e+01 3.404263451759765502e+01 3.288525802681136412e+01 2.319711688081075351e+01 2.115133150237053172e+01 2.149664329442292754e+01 3.123965069988874532e+01 3.966876501047907766e+01 2.952999410078083287e+01 2.952999049431338108e+01 2.532950837663078048e+01 2.119901822471186392e+01 1.830474483302294431e+01 8.557394650820604909e+00 1.543229123090801380e+01 2.242792041850158924e+01 2.060626200652632534e+01 3.032559311683212400e+01 3.614492114345238605e+01 3.535181860580026125e+01 2.805565119145471797e+01 1.798137641887925753e+01 1.214518964097832310e+01 1.214518964097832310e+01 2.011283447368516164e+01 9.990769541001077059e+00 2.026121294746787171e+01 2.587379582094393626e+01
1.369999999999999864e-02 1.001369999999996274e+01 1.984461187168099983e+01 2.060351613313827812e+01 1.353975952570172581e+01 1.646457110845191352e+01 2.379717780596488552e+01 1.380174594173835345e+01 1.733340194407369239e+01 2.440362465224791322e+01 3.440360760270315410e+01 3.688803059688358132e+01 3.288475640192903882e+01 2.690542245614489758e+01 2.649792384593078864e+01 3.521976049335544445e+01 3.669898894199909023e+01 2.656049920896548144e+01 1.959265379567901633e+01 2.120263514948373995e+01 1.152053547989751081e+01 9.782291463763876038e+00 1.830696587125399333e+01 2.243438300233613347e+01 2.942833426272952480e+01 2.631613831579540985e+01 3.481905227049104923e+01 4.033726142906845524e+01 3.123593958437430018e+01 2.117755410674577732e+01 1.534215720090430146e+01 1.214518964097832310e+01 2.208677602533614603e+01 2.440691783704133400e+01 1.586952966159252476e+01 2.471633505721531066e+01 2.516009316174181620e+01
1.379999999999999977e-02 1.001379999999996251e+01 1.629003513797556479e+01 2.336392630045754970e+01 2.352603007629508269e+01 2.645345090349986705e+01 2.793960094830905661e+01 2.086851329816080991e+01 2.379731849556726431e+01 2.365712008313188619e+01 3.072811285282731930e+01 4.072824908181984682e+01 4.037401261192984236e+01 3.638024323300746943e+01 3.320756722305517172e+01 4.001007521504384101e+01 3.709466525768259970e+01 2.697870295709388699e+01 2.379266542777187610e+01 1.410084258157565351e+01 2.045294412106199999e+01 1.077556909557231002e+01 2.045210848390494363e+01 2.184528083279682775e+01 3.178548004024145257e+01 3.648271119703945686e+01 4.068519511559629365e+01 3.623557944988316848e+01 2.623629971886543544e+01 2.117755410674578087e+01 2.421736096874979793e+01 1.413161273182154076e+01 2.421708437898582744e+01 3.074117576274285568e+01 2.646508514394320599e+01 2.802652064070612070e+01 1.809882839443984537e+01
1.309999999999999880e-02 2.145107163583509724e+00 9.216327430758509465e+00 1.825839142958843198e+01 2.154733231661030501e+01 2.567498978284112354e+01 3.012578925934365159e+01 3.086807972469476269e+01 3.379709219619848426e+01 3.365708494150996444e+01 3.779979882778440015e+01 3.991541158738750283e+01 3.602644272579186691e+01 4.018717140340205418e+01 4.274413508244627735e+01 4.085097093553284964e+01 3.511081784401859096e+01 2.697870295709388699e+01 1.715747512980674472e+01 2.379266539411909065e+01 2.457148969735134969e+01 1.927183715433719158e+01 1.220743145605630353e+01 1.895467350720759114e+01 2.882570354541820024e+01 3.514830540491341537e+01 3.938190236122297705e+01 4.033726142906845524e+01 3.535181860580026125e+01 2.778409335525990187e+01 1.769626436938454717e+01 1.917905993032703904e+01 2.237436151530918238e+01 3.241856509248199103e+01 3.251204299101293316e+01 2.248429147042617160e+01 1.682222770175014048e+01
1.349999999999999985e-02 1.001349999999996321e+01 5.478440879553637899e+00 8.251943617865086011e+00 1.158498702966325844e+01 1.605122244056477498e+01 2.308206605356227925e+01 3.302332637035726748e+01 3.672606105169543156e+01 3.731502022787740458e+01 3.325493517841658786e+01 3.334940173478982217e+01 2.603907716461507604e+01 3.491334127304248369e+01 4.054292522125472686e+01 3.678582469769050789e+01 2.660842444958301201e+01 2.087978060232230249e+01 2.697870295709388699e+01 3.116709815120503890e+01 2.801374259264564515e+01 1.745696164105096670e+01 1.324071681402208078e+01 2.285752947965070447e+01 2.802002737581743119e+01 2.506800197447823564e+01 3.514830540491341537e+01 3.878167699474138885e+01 2.881215167698699631e+01 2.166652860990377860e+01 2.778409335525990187e+01 2.925595449682986882e+01 2.925595449682943539e+01 3.654476218365466167e+01 3.672697958684590702e+01 3.091242651169942235e+01 2.672251639384932886e+01
1.369999999999999864e-02 1.001369999999996274e+01 1.548161018402974420e+01 1.364476973094050827e+01 1.828453712082291460e+01 2.567502043658650379e+01 3.012578925934365159e+01 3.432143943889142435e+01 2.769103440833300311e+01 3.111492591737538049e+01 2.298237563815275308e+01 2.653355470408119032e+01 2.117174819950696119e+01 2.674825310785770327e+01 3.646947498817110045e+01 3.735511716292308648e+01 2.717026098314584814e+01 2.793145260701981769e+01 3.511081809361987638e+01 3.790776519994714278e+01 3.092162532374923245e+01 2.353514575382260787e+01 1.521398851343350600e+01 1.496078461943798210e+01 1.821851035888827752e+01 2.506800197447823564e+01 3.514830540491349353e+01 3.986468989682960284e+01 2.990441321049870993e+01 2.751221984017715272e+01 2.881215167698699631e+01 3.878167699474138885e+01 3.923595122139639813e+01 3.821531568813192337e+01 3.407912865906904898e+01 3.481970212176956636e+01 2.778730235290293749e+01
1.290000000000000001e-02 1.001289999999996283e+01 1.915573558668016929e+01 2.365461293917947216e+01 2.780646559317549915e+01 3.276537319115275437e+01 3.486167607296012250e+01 2.977507154178682214e+01 2.105187049670267285e+01 2.664841574796215795e+01 1.734817377898752611e+01 1.681316248561124738e+01 2.649447273569707306e+01 3.187207432780302696e+01 3.730892170860762747e+01 4.153601748937277449e+01 3.438037810465027633e+01 3.811319266892798652e+01 4.023498811514533458e+01 3.373330840200108582e+01 2.368541541679328688e+01 1.814339223358775754e+01 2.484752416043320622e+01 1.624480727090079313e+01 2.587539323597214747e+01 3.188895592468220741e+01 3.762512204756253453e+01 4.190431750193935301e+01 3.986468989682960284e+01 3.459618505118967136e+01 3.878167699474138885e+01 4.289615788289735576e+01 4.109408886023842911e+01 3.117343788004925287e+01 2.439390117667367264e+01 2.510963589715180078e+01 2.865722118526099393e+01
1.359999999999999924e-02 5.013599999999991397e+00 1.208466781186544026e+01 2.208466781172956317e+01 2.922834631200311151e+01 3.190383348149735099e+01 2.480320878691791719e+01 2.477848140694324641e+01 1.618989143432752797e+01 2.035054437160003715e+01 1.293438876901595158e+01 1.568573077242955094e+01 1.850993464609646111e+01 2.401944544530051573e+01 3.343839608677906483e+01 4.155909149235927202e+01 4.453716301154474877e+01 4.190076138960250773e+01 3.180670978864233334e+01 2.597598860622577632e+01 2.158394885209720826e+01 2.793215848072030028e+01 2.958193363084137673e+01 2.517313660118174212e+01 1.808666360402363793e+01 2.780072741458016594e+01 2.745803281354129055e+01 3.460207862914847254e+01 4.492339446794045443e+01 4.449916531696811006e+01 4.316641257037855439e+01 3.885468952736289339e+01 3.885468952736289339e+01 3.481989746613756154e+01 2.510963651746045144e+01 1.849790053631061326e+01 2.372492604667490212e+01
1.379999999999999977e-02 1.001379999999996251e+01 1.878389586485491236e+01 2.286492996974764225e+01 1.941973771867691667e+01 2.226980943915958377e+01 2.480320877537327817e+01 1.480498743356066882e+01 1.839711746137321668e+01 1.047663791325145510e+01 2.035054602441842420e+01 1.703528338205828874e+01 2.732066016438450262e+01 2.361385257543933136e+01 2.835098944579599234e+01 3.501107181525287615e+01 4.425876987304817334e+01 4.604821441706573637e+01 3.685463994481361993e+01 2.684800653728539288e+01 3.155753363506021714e+01 3.568070515692452460e+01 3.013078976410227838e+01 2.052208298650114671e+01 2.779644827392793260e+01 2.129540772428260098e+01 3.119489021682577246e+01 4.010983486275596732e+01 4.597385067606667519e+01 4.698866640832014951e+01 3.885468952736289339e+01 2.859246518910907042e+01 2.859246518910907042e+01 3.573943173520423500e+01 2.966923138534404814e+01 2.085441271077978698e+01 1.425206525190321827e+01
1.349999999999999985e-02 1.001349999999996321e+01 8.833866626004505562e+00 1.606186796587853394e+01 1.238907832928456010e+01 2.060275098817011497e+01 2.066289652113227504e+01 1.658972792191777401e+01 8.496676002187459886e+00 1.839733277106214260e+01 1.047663791325145510e+01 2.151287552359713473e+01 2.582579297608090485e+01 3.303498528980601634e+01 3.688907977352181433e+01 3.662238763321935409e+01 4.093828119825566603e+01 4.600294836800126319e+01 3.657986749162925122e+01 3.393750415085962402e+01 4.097560611895090688e+01 3.576252241894212602e+01 2.604688468683651337e+01 2.260895775323704981e+01 3.225347823116845802e+01 3.119489021614689506e+01 2.595075261244854303e+01 3.161000408984370580e+01 4.173333226077137681e+01 4.268974080198758969e+01 3.227873750900583616e+01 2.650510032271708027e+01 2.168709958919327718e+01 2.745023657281774376e+01 2.917126951682028491e+01 2.461407909530336369e+01 2.016169204613133559e+01
1.359999999999999924e-02 6.731941521905392412e-01 1.067450707019128942e+01 6.069950252481143060e+00 1.295264856196459391e+01 1.073588525866554555e+01 1.483585283344569028e+01 6.670904302968543753e+00 1.658972823308219446e+01 2.247765312419645056e+01 2.152329781491538441e+01 2.644218995563450392e+01 3.634699716319201457e+01 4.043218661102881128e+01 3.488961827837830043e+01 2.612214477172661020e+01 3.488961827837830043e+01 3.893032674409354854e+01 4.334529322534450557e+01 4.389722870430827584e+01 4.258868290979476257e+01 3.292259673964824884e+01 3.442293409798098480e+01 2.485688363338999096e+01 3.444945050651318752e+01 4.010983271076938905e+01 3.356990638361892110e+01 3.884751533049309558e+01 4.285825567049576534e+01 3.856650936749244352e+01 3.854930133720348806e+01 2.926462133036694624e+01 2.255281411578073758e+01 1.771226261439725036e+01 1.558467188462608455e+01 1.628406654399094577e+01 1.170233365697821348e+01
1.290000000000000001e-02 1.001289999999996283e+01 1.617300226788356499e+00 2.288269327057571800e+00 2.976599874512684707e+00 3.669915797391125611e+00 4.902569532201946245e+00 1.481319199044990143e+01 1.496853256781412256e+01 2.516105526843469420e+01 2.553514410749899355e+01 2.975198960668051740e+01 3.565197762779128965e+01 3.381474334441232088e+01 3.056006958969183529e+01 2.008974168214799150e+01 2.956582646044483198e+01 2.780872465532941717e+01 3.817880956148534466e+01 4.424519458263762317e+01 4.661381654355885473e+01 4.258131438324790707e+01 3.685313337139550072e+01 2.734393378207975189e+01 3.397865015578778269e+01 4.322196929487685679e+01 4.300238940453706249e+01 4.032847063096253493e+01 3.631052914468312309e+01 2.766515909623253577e+01 3.630741564236845420e+01 3.604093140359999836e+01 3.141366545070254190e+01 2.467723245614109473e+01 1.659731975422162975e+01 1.298260334967583596e+01 2.132763841854254139e+01
