output/example_1/elevation_000192.asc
nrows	75
cellsize	13.33333333
xllcorner	0
ncols	75
yllcorner	0
NODATA_value	-9999
[rows 17 to 33 of 75, columns 0 to 36 of 75]
1.309999999999999880e-02 1.001309999999996236e+01 1.569024833837638688e+01 1.536962776031323052e+01 1.412394459111178158e+01 1.244997768927819060e+01 1.442927528380191937e+01 1.771290559280961929e+01 1.637077438991618905e+01 8.122278067529508760e+00 1.598132855968916388e+01 7.474803473881011406e+00 1.733838748296562216e+01 1.840831273673499879e+01 2.429570517300588861e+01 1.897947964084217176e+01 1.518729372160686886e+01 6.046822685271439290e+00 1.626183621181194994e+01 2.166523586149122238e+01 1.434240542392130457e+01 2.291897352197069537e+01 2.764730021325018328e+01 2.994623963972314229e+01 2.310741483834945953e+01 3.139611450933560732e+01 2.845058948406467181e+01 1.804278275769021889e+01 2.161827878261965452e+01 2.468455862994105843e+01 3.160417383072917019e+01 3.159981089146502597e+01 2.663971997200447817e+01 2.246775900732416531e+01 1.362389661090228721e+01 1.535801739517265041e+01 2.527553957167276977e+01
1.379999999999999977e-02 5.013667675362379228e+00 1.208116258365693874e+01 2.206054853881918376e+01 2.322428319505607064e+01 2.188442813898939221e+01 2.455987295549565630e+01 2.359922190149149301e+01 1.324112289628649641e+01 1.798180143960307475e+01 2.107469840405279982e+01 1.010933791141014026e+01 2.137900892700136168e+01 2.749251548422519420e+01 2.372456622570851792e+01 1.639189180114771105e+01 6.046822685271439290e+00 1.625977369955883844e+01 7.217813655622344449e+00 1.746057044402617819e+01 8.405279641826963299e+00 1.297457819271308210e+01 2.034220122132927600e+01 3.075923076297716463e+01 3.333926106295578506e+01 3.761160435320041273e+01 3.184006078324523159e+01 2.231090048849356222e+01 3.103356262234895979e+01 3.037962231374573463e+01 3.687442512609607803e+01 3.406543321826064386e+01 2.386514750608480995e+01 2.341493369042595418e+01 1.362389661090228721e+01 1.362389661090228721e+01 2.341516163931023442e+01
1.379999999999999977e-02 1.001379999999996251e+01 1.913666708663392768e+01 2.150947332803753653e+01 2.565081606882700171e+01 2.797952195005210640e+01 3.076547961739506576e+01 2.775645524146391807e+01 1.934281813114726134e+01 2.770911435364422104e+01 2.359509788492767512e+01 1.366470681646917740e+01 2.522937498043483018e+01 2.710773233797186421e+01 1.930856181771479996e+01 8.830865792688440408e+00 1.639050972196645262e+01 1.631599962305608997e+01 1.746057044685105097e+01 8.405279641826963299e+00 1.868030846251298982e+01 2.266094769218784677e+01 2.753910290071943834e+01 3.182581246048352241e+01 3.211515585691762453e+01 3.621197264833723750e+01 3.576277591349206375e+01 2.795671686517104959e+01 3.189652967184789034e+01 3.920799563806534849e+01 4.110235421661787569e+01 3.113371458452937901e+01 2.817967923535393027e+01 1.806429142699082391e+01 2.339025287089211602e+01 1.493140506499852549e+01 1.478339801693922340e+01
1.290000000000000001e-02 1.001289999999996283e+01 1.369539150856726195e+01 1.151030127189643082e+01 1.823607707660987742e+01 1.798245723222449044e+01 2.088644319779657010e+01 2.816377998859437426e+01 2.987413461632763045e+01 3.374862301704351353e+01 2.908467220236959960e+01 1.908498797042395623e+01 2.931518774489686052e+01 2.268748481511276793e+01 1.205362029433204007e+01 1.930856181771479996e+01 1.930809983340047253e+01 2.668143865935279280e+01 2.288092675911648044e+01 1.868030846251305732e+01 9.661945838307945067e+00 1.997436325131854673e+01 2.183684154439026770e+01 2.181570610252485665e+01 2.203550532082737234e+01 2.921334995928344114e+01 3.912080664391839946e+01 3.720385172970217269e+01 4.114816003724070015e+01 4.550480484651924229e+01 4.509459089527015152e+01 4.112342933930178646e+01 3.233344683930655350e+01 2.693224559646736793e+01 1.684360838737663713e+01 2.480135086293786273e+01 2.445074905132843313e+01
1.290000000000000001e-02 1.838641858350275493e+00 3.695595240111103408e+00 5.736836692048628450e+00 8.236836662780811835e+00 1.090944942697983322e+01 1.444504512704713939e+01 1.944685718056414814e+01 2.653366725082767630e+01 3.658774545268752121e+01 3.395464638971410665e+01 2.578329855390586545e+01 3.337814871379501369e+01 2.530605460358708214e+01 1.457018237551971218e+01 2.530605369752149869e+01 2.999057700174782681e+01 3.192551143741408737e+01 2.296594001439573418e+01 1.260272023329582858e+01 9.661945838307945067e+00 9.661945838307945067e+00 1.147274656806420623e+01 1.541060194644765957e+01 2.574021951774654227e+01 3.111076352444272786e+01 3.521173766401357597e+01 3.964275042172329933e+01 4.534108773994506691e+01 4.865240200452291219e+01 4.470324141475525437e+01 4.194210518746285032e+01 3.494659794290055288e+01 2.846935580427994594e+01 1.825477122573948563e+01 2.841688351509427690e+01 2.572700447346272412e+01
1.309999999999999880e-02 1.001309999999996236e+01 9.469080044954440112e+00 1.573645342619027687e+01 1.390160658762001411e+01 2.092039793555286309e+01 2.446264787906835991e+01 2.862434630137408931e+01 3.364368177097009749e+01 3.727854627030298218e+01 3.959265255238929626e+01 3.580464184321071031e+01 2.977393631109007899e+01 1.891676895038681039e+01 2.530605518338825277e+01 2.975401878350823992e+01 3.486988169006552596e+01 2.486617413212652394e+01 1.754968190820734009e+01 2.296594001439573418e+01 1.997436338465188044e+01 1.079114449726347758e+01 2.113816682613410691e+01 1.475604121838555471e+01 1.725519569758105831e+01 2.101339406179368652e+01 2.563070271693303681e+01 3.138305344821139897e+01 4.122866367769736939e+01 4.470324141489785319e+01 3.497802683265510382e+01 3.782180599179121572e+01 2.787824694864489672e+01 2.051454801231966130e+01 2.548827625046054024e+01 3.254277636951975694e+01 3.513565930034766893e+01
1.349999999999999985e-02 1.001349999999996321e+01 1.946864033216462175e+01 2.361047539300203013e+01 2.390058561399284898e+01 2.804230732079177457e+01 2.448730485730726159e+01 2.449987153411012386e+01 2.869446355840015528e+01 2.729167301849112093e+01 3.076924586052287225e+01 3.490216888407608309e+01 3.423367500970550026e+01 2.977394484272735653e+01 2.469800488559655705e+01 3.560280647265303600e+01 3.486987665366395106e+01 2.486617412876682920e+01 2.779619076133488420e+01 2.759110924009467425e+01 1.879784763005841697e+01 1.194085547930000146e+01 2.131321640566448394e+01 2.506385609378279611e+01 2.754081595819664940e+01 2.252015794236834267e+01 2.709306303328233412e+01 3.282108436076905633e+01 4.267422438441923305e+01 4.470324143953740048e+01 3.497802683265658885e+01 2.772749758950128296e+01 2.398190899133940590e+01 2.051454801231966130e+01 3.083609681012226389e+01 3.960129672984302118e+01 3.560936933714223329e+01
1.349999999999999985e-02 7.084563584456590846e+00 1.708356072810884640e+01 1.939257103338835719e+01 2.351540467632535325e+01 2.156410317141847344e+01 1.449141728356966041e+01 1.449163491367471401e+01 2.449682192789046198e+01 2.022195262332162358e+01 2.077292755467263774e+01 2.784277173371336644e+01 3.783437938740036088e+01 4.002778864546260706e+01 3.100463179679375614e+01 4.002778864546260706e+01 3.898484878811662924e+01 3.486987665366279998e+01 3.227013542185358119e+01 2.514546715524873477e+01 1.523827398333785688e+01 1.334441289428119148e+01 2.374799048990245964e+01 2.583950677207404922e+01 2.997792246870095312e+01 3.256147406780213771e+01 3.666170109920894049e+01 4.108696021328261594e+01 4.678958956701158911e+01 4.660258776127538738e+01 3.694445783958835960e+01 2.978482968292023969e+01 2.371970538800375650e+01 3.085442655006880486e+01 3.510449408949122585e+01 3.944204851189073935e+01 2.930173264880850326e+01
1.359999999999999924e-02 1.001359999999996298e+01 1.232288725036419486e+01 9.393934499106787683e+00 1.938972297196618655e+01 1.741810783429020049e+01 7.449400658626504246e+00 1.741769634924908772e+01 2.018595702921440349e+01 1.445305825619136009e+01 2.151931086384686154e+01 3.151513185291707231e+01 3.385494514069237226e+01 3.799783321512258283e+01 4.188402989091512296e+01 4.625284604486403595e+01 3.994731806666865026e+01 3.110616122374040415e+01 2.472367044686503590e+01 1.898326719176409583e+01 2.243907325919151319e+01 2.376082629018563708e+01 1.544610731979154750e+01 1.544610731979154750e+01 2.583950669024623537e+01 2.803388377066934467e+01 3.035907806345085191e+01 3.445903879253148716e+01 4.106006543707983525e+01 4.517907552885598932e+01 3.830434747255072381e+01 2.822934303370126585e+01 3.400643647750471388e+01 3.034518452762301877e+01 4.030657327498054343e+01 4.052219912108026278e+01 3.041751904531400186e+01
1.369999999999999864e-02 1.001369999999996274e+01 2.322885630632041121e+00 1.232178112696332661e+01 1.474004452890493155e+01 1.577873752989350997e+01 1.577891161459869451e+01 7.449400658626504246e+00 1.020408831358802892e+01 1.885749506876440051e+01 2.299870636595329287e+01 2.678391611073610434e+01 2.385499998659447130e+01 3.385494514069237226e+01 3.554152266910871560e+01 3.968450010173574327e+01 4.044776437928730672e+01 3.158565421984971522e+01 2.522317446689312703e+01 2.315457298726203916e+01 3.167928000423386337e+01 2.997792233536749507e+01 2.289248657598055559e+01 1.544610731979154750e+01 1.544610731979154750e+01 1.774121659278130991e+01 2.022380502830924698e+01 3.035900137377447550e+01 3.122895980230190816e+01 4.106007569278946789e+01 4.160232375997573229e+01 3.172118806131919655e+01 4.160232375997573229e+01 3.748207342865691061e+01 4.428143799933013014e+01 4.458373228019717516e+01 3.999837913082411234e+01
1.290000000000000001e-02 9.620579957524981740e-01 1.096205859527904991e+01 3.730080720092624702e+00 4.740233264644835742e+00 5.811859950781490092e+00 5.811859950781490092e+00 1.577891161459858793e+01 7.449400658626504246e+00 8.882293718617011891e+00 1.885749516704655093e+01 1.678584701907076848e+01 2.508233518817495877e+01 2.737643799541708489e+01 2.554137709052682226e+01 3.429256247201694663e+01 3.929285341336946402e+01 3.797124659311331385e+01 3.418130618992679359e+01 2.783971898931006450e+01 3.596948060250335288e+01 3.706335809475466192e+01 2.833097639174079418e+01 1.805837878245852934e+01 2.583950692035294949e+01 2.803388377066934467e+01 3.035907781418372409e+01 2.418848077174069644e+01 2.995790255928067225e+01 3.977841237757721871e+01 4.546436060699283388e+01 3.667332127708136369e+01 4.546436060699283388e+01 4.712553704745354821e+01 4.894864572713679962e+01 4.787487554401293721e+01 4.498856707825012080e+01
1.379999999999999977e-02 1.001379999999996251e+01 1.510420078505387309e+01 1.080115834296663380e+01 1.474022885891485579e+01 8.077244414374998627e+00 1.577891161237565854e+01 1.113229112669805509e+01 1.741769664518720973e+01 1.885749516679741333e+01 1.102370497564957041e+01 1.290525580128532823e+01 1.508363811799087806e+01 1.737667569255615163e+01 2.014993088262102106e+01 2.514989488322535749e+01 3.222096776798269246e+01 4.222127274797917096e+01 4.041579487074183419e+01 3.658889551010673813e+01 4.041579487074183419e+01 3.536787439130915800e+01 2.541619780328348099e+01 2.541619780328348099e+01 2.304519334386968765e+01 3.304481890391800647e+01 3.820450971771538207e+01 2.920067172347508233e+01 3.820547387066271483e+01 4.389921952409368089e+01 4.977504796921970609e+01 4.590437791669717882e+01 4.985693727702824418e+01 4.894394265060580551e+01 3.912586623665095686e+01 3.805357823602813028e+01 4.501415062957395463e+01
1.359999999999999924e-02 1.001359999999996298e+01 1.915573562801806418e+01 2.080266288484452986e+01 1.853192068603922493e+01 1.538112523329773218e+01 1.657061629796648816e+01 1.818703839850141080e+01 1.818702317462792095e+01 2.454573488218683153e+01 1.454898474834105215e+01 2.290044060841321283e+01 1.922517013976312228e+01 2.737643799541708489e+01 3.014994208295770051e+01 2.592339747640390257e+01 3.299447392316756122e+01 4.299482652414838668e+01 4.398112547011771767e+01 3.978577027516710274e+01 4.398112547011771767e+01 3.947421044874688789e+01 3.536787439130915800e+01 3.536787439130915800e+01 2.691184135613554673e+01 3.677143706272824630e+01 4.312794210700926811e+01 3.901623938985047602e+01 4.312906916224256548e+01 4.800634231809205943e+01 4.378067008796374893e+01 4.800634231808228947e+01 5.519619612489915284e+01 4.787487554401293721e+01 3.805357823602813028e+01 3.123403289272156158e+01 3.635977608786033244e+01
1.359999999999999924e-02 5.013600000000007384e+00 1.208466781186550598e+01 2.208466781189177652e+01 2.912671362210083004e+01 2.613862923278781736e+01 2.425960759345601048e+01 2.818408707330649321e+01 2.395674739721614444e+01 2.868976117517697944e+01 1.954618112280021691e+01 2.869128725387622580e+01 2.499816265764984990e+01 3.336731616790677180e+01 4.006643223361983530e+01 3.592350938573832053e+01 4.006643223361983530e+01 4.476912245190550266e+01 3.875076453801533916e+01 2.918743073754653139e+01 3.585967462039677400e+01 4.010732245735692914e+01 4.354961893495803338e+01 4.087748568962143736e+01 3.261426827776477211e+01 4.087748568962166473e+01 4.831153740369239813e+01 4.408408313318498273e+01 4.219815084764037749e+01 3.800175253704681211e+01 3.375473068719874448e+01 4.081648850275399099e+01 4.746557826836529870e+01 4.329867356565745951e+01 4.367608495585800910e+01 3.635977608785302095e+01 2.654794963325204904e+01
1.319999999999999993e-02 1.001319999999996213e+01 1.699343188353510570e+01 2.113563400051049967e+01 2.690918330154958582e+01 3.508709834595248367e+01 3.449916777803299794e+01 3.808263841991412590e+01 3.395367730457761013e+01 3.369345247680745814e+01 2.954660215494284969e+01 3.369485044566968668e+01 3.499824827886064327e+01 3.914117800564206107e+01 4.359634315679129912e+01 3.940635767755060925e+01 4.126660377360920506e+01 4.057823237984938913e+01 3.002721647395430793e+01 2.333985564646776467e+01 2.484720905096726185e+01 3.387740724691348504e+01 3.313491479203199219e+01 4.354961893495803338e+01 4.245023523082357286e+01 4.657826244627173651e+01 4.408413658046153927e+01 3.402612437833255399e+01 3.697183266144325131e+01 2.808256190846434563e+01 3.800175253704681211e+01 4.575854701968043514e+01 4.171759925619874565e+01 3.338596262614691312e+01 3.959983851884406647e+01 2.978595871927751304e+01 2.387961490641283646e+01
1.019999999999999900e-02 1.001019719913064421e+01 6.993430817086216500e+00 1.276693350920134939e+01 2.276693639077146258e+01 2.509812185077550950e+01 2.509896310130172736e+01 2.923590670347676479e+01 3.073733608863415867e+01 3.487991428001350869e+01 3.339889057977775622e+01 3.751048869239599526e+01 4.324068430252952311e+01 4.329901664321802457e+01 3.764691260476516277e+01 2.902327404449144765e+01 3.093496507146501884e+01 3.819190318961536690e+01 3.875076453801531784e+01 2.950162465944516299e+01 1.780800906235088732e+01 2.395720044133853932e+01 3.387740711358015488e+01 4.010732232402357766e+01 4.243181292133987625e+01 4.646251405294279380e+01 4.409146398657598809e+01 3.402621625560242080e+01 2.703191415603733105e+01 2.494320796675687291e+01 3.486587574741683682e+01 3.567368735590736861e+01 3.728832028295057199e+01 2.770982593747274692e+01 3.728832028279593658e+01 3.176456937266296521e+01 2.119486039114513787e+01
7.249999999999999500e-03 1.219928125181664713e+00 1.121992888335648608e+01 1.718780390221330734e+01 2.291639985385404898e+01 1.877445835559585063e+01 1.509961472494861390e+01 2.277701635404032032e+01 2.073317121739967916e+01 2.763204562949372090e+01 2.340571720469528572e+01 2.917874432963898101e+01 3.915380016984103406e+01 3.819190332319322323e+01 2.870840712003028727e+01 2.289484021147728399e+01 2.345578198684020421e+01 3.298189757422461099e+01 3.445912390838616091e+01 3.072593887267125723e+01 2.625839912994654668e+01 1.780800906235088732e+01 2.484720891763392814e+01 3.585967448706343674e+01 3.274167262968496317e+01 4.086100399817198081e+01 4.367614195525748499e+01 3.905580151204225814e+01 2.908047632386015380e+01 2.201198219216698959e+01 2.570681768920579202e+01 3.408551574957449759e+01 3.316351118923424934e+01 2.323691581151941676e+01 3.316351169998857529e+01 3.585334267094351191e+01 2.877367045001233947e+01
