output/example_1/elevation_000112.asc
nrows	75
cellsize	13.33333333
xllcorner	0
ncols	75
yllcorner	0
NODATA_value	-9999
[rows 51 to 67 of 75, columns 0 to 36 of 75]
1.369999999999999864e-02 3.549233905932739574e+00 8.021369860932333395e+00 1.509243767279783199e+01 2.509243767279789949e+01 3.384332444912609361e+01 2.885181816744368888e+01 2.043456900664986264e+01 2.875686469338034001e+01 2.456340803366071768e+01 1.457518197361985024e+01 1.120638011017043922e+01 2.192806179469851457e+01 2.235810985966299214e+01 1.226577716327467193e+01 6.449359973219643827e+00 1.482201203331714368e+01 1.899469633864990925e+01 2.452576780452530514e+01 2.255610144616401413e+01 1.252667985807391204e+01 6.793892035975119370e+00 1.299665435463255392e+01 1.059320302889621956e+01 6.793463134022176275e-01 9.947375619149637416e+00 5.602970775343508514e+00 1.170005929425480495e+01 1.650995455871141715e+01 1.709845537117486458e+01 1.212620938024868700e+01 6.699103914701185047e+00 6.658964389043065424e+00 1.201857982009323145e+01 1.251678774594070731e+01 1.567035490154523458e+01 1.319806214272539080e+01
1.290000000000000001e-02 1.001289999999996283e+01 1.769136952966358933e+01 2.216350548466318315e+01 2.619091671046905745e+01 3.033308865452291769e+01 3.465886109596540621e+01 3.054691181166622727e+01 3.049090922904277434e+01 2.261543049461491250e+01 2.390491100334054764e+01 1.457410029782461436e+01 2.520219014101743582e+01 2.652604302333951480e+01 1.779225331132861498e+01 7.658796082736188282e+00 1.352941812792474430e+01 2.067037104640930067e+01 3.072502662584059152e+01 2.672423426416759185e+01 1.993301242665530637e+01 9.916820710077617562e+00 1.993301242665530637e+01 1.545045006811662347e+01 1.077171535400581881e+01 2.435505694247597219e+00 1.241749474151929000e+01 1.083419509159983463e+01 2.050345461489907706e+01 2.492542962875551993e+01 1.834238792699104437e+01 1.802103588263419809e+01 1.762744108102967644e+01 2.014426871458998747e+01 1.598503463677008796e+01 6.071974053423681461e+00 4.912241767075100185e+00
1.329999999999999932e-02 1.001329999999996190e+01 1.567818450765377847e+01 1.911877523926960265e+01 1.618939832687754787e+01 2.619091671046905745e+01 3.060589173884953595e+01 3.162148678764559051e+01 3.362861584355605515e+01 3.007619749058382652e+01 2.070173116422944304e+01 2.527178765407764160e+01 2.939575257386868046e+01 2.622752192066448984e+01 1.615602007469600565e+01 8.965882179357750559e+00 1.313780251145861122e+01 2.027898196120573004e+01 3.033139997737785265e+01 2.703785241420187901e+01 1.699009134532282062e+01 1.699009134532282062e+01 2.409906626816085051e+01 1.900288535823655423e+01 1.295151480335198535e+01 3.691387077384785442e+00 1.387202688883233925e+01 2.056555840387085254e+01 1.772367295883464067e+01 2.744010316282355078e+01 2.898215566968492851e+01 2.325641712297782604e+01 1.927657065348473964e+01 1.760960414373860417e+01 7.738404600848935111e+00 1.598503463665059954e+01 1.199335489476559680e+01
1.369999999999999864e-02 1.522405090157492369e+00 1.153509097510131554e+01 9.109476296928212591e+00 1.911877523926960265e+01 2.678312669615691277e+01 2.058873615732997209e+01 2.122624659743870623e+01 3.162148678764559051e+01 3.447751969202563060e+01 2.675435335630384870e+01 3.447751969202563060e+01 3.344786059583806548e+01 2.339893328026157704e+01 1.627366729210561758e+01 1.040692198229678844e+01 2.052912689545588165e+01 2.137860738901997593e+01 3.143106431319741745e+01 3.120894776388559677e+01 2.703785241420187901e+01 2.703785241420187901e+01 2.230626461726804166e+01 1.580694258302652244e+01 5.757479204536374517e+00 6.341582211152309689e+00 1.630128767575687476e+01 2.488308411778326246e+01 2.744010316282355078e+01 3.150083718990473258e+01 2.499511899241185375e+01 1.760576156075640242e+01 9.453306105428195494e+00 9.453306105428195494e+00 1.760962143516325540e+01 2.159307045860156649e+01 2.176522180661155659e+01
1.319999999999999993e-02 1.001319999999996213e+01 3.741003438044437246e+00 5.523505069284904145e+00 1.263078511645943891e+01 2.028132712310583585e+01 1.345029118712573180e+01 2.352269309895633853e+01 3.115425391909872133e+01 3.529657298136191912e+01 3.598298292898884654e+01 3.980571630340175204e+01 3.438046231735470570e+01 2.432532641450059074e+01 2.202600549160573351e+01 1.191998252481541698e+01 1.777229786263691125e+01 2.783667544137761496e+01 3.559880826882084648e+01 3.287752882013263900e+01 2.816836854906904364e+01 2.386248626459028088e+01 1.804136743774838791e+01 7.926473017438485869e+00 1.580694258302652244e+01 1.630128767575687476e+01 1.073216160259505081e+01 1.792726347260836661e+01 2.789137387781480371e+01 2.687374439811378224e+01 2.130439571634423501e+01 1.138178476067185585e+01 1.807819250879274264e+01 1.354549353228345687e+01 1.927248380753630030e+01 2.882289887624827429e+01 2.415004636640151858e+01
1.349999999999999985e-02 1.001349999999996321e+01 1.376857990728627357e+01 1.556260751686046717e+01 8.231483246513825236e+00 1.022404290886293410e+01 2.028132712310583585e+01 1.758941079234068994e+01 2.114670874278576918e+01 2.692732476242407813e+01 3.692834652711345456e+01 3.932120309718031592e+01 3.352047331864174140e+01 2.432532642764187258e+01 1.422653859247572328e+01 2.202600548736583264e+01 2.619209563318639056e+01 3.200100299705569995e+01 3.623027326223417788e+01 2.547536509557028594e+01 1.816243238487377454e+01 1.361906932355284994e+01 1.026564361540649983e+01 1.804136743774824936e+01 2.230626461726804166e+01 2.489487938635767250e+01 1.561551005586159846e+01 2.489487938635767250e+01 2.948548459569466118e+01 2.029534843430280233e+01 1.347647475120966476e+01 1.987630312106086450e+01 1.783826907779351956e+01 2.260181996070930666e+01 2.039324292546790929e+01 2.976747442761905660e+01 2.843737405136030816e+01
1.369999999999999864e-02 1.001369999999996274e+01 1.677711432714961148e+01 2.011044766051198707e+01 1.828236497396806470e+01 2.028132712310583585e+01 2.028132712310583585e+01 2.338743485065603878e+01 3.115425391909872133e+01 3.529657298136191912e+01 4.107050015856847125e+01 3.515636792481706152e+01 2.511237500399322187e+01 1.929318694704302573e+01 2.432532642665087508e+01 1.704624477338263588e+01 2.715082225394700544e+01 3.038532053297992519e+01 3.412771650509855448e+01 3.287752882013261768e+01 2.816830025643305291e+01 2.141117381558235522e+01 1.026564361540649983e+01 1.666187482988774704e+01 2.789884611197305020e+01 3.020180333454262822e+01 2.495307088292291908e+01 2.998102776173988815e+01 2.785801019424985370e+01 2.419772040279819336e+01 1.502685157634290292e+01 2.367398187647495078e+01 2.271964454003500933e+01 2.932103363667808082e+01 2.976847404704869149e+01 3.371747803798142229e+01 2.907335681497301749e+01
1.379999999999999977e-02 1.001379999999996251e+01 6.777114327112217396e+00 1.011044766044556198e+01 1.718151547231108367e+01 2.718151547253785694e+01 3.029128734989043537e+01 3.339245137281038467e+01 3.753470630953223974e+01 3.657678440403703490e+01 3.241689509263380131e+01 3.657678440403703490e+01 3.352047331864174140e+01 2.641564578365490235e+01 3.131477905100684467e+01 2.289735132305586163e+01 2.026558418633651826e+01 2.026558418633651826e+01 2.743844653041659143e+01 3.749970371657300205e+01 3.028223273542286975e+01 1.915662011351909300e+01 1.253892880421722644e+01 2.395042861869059436e+01 3.231934243109755300e+01 3.883535441890493445e+01 3.385314100309437180e+01 2.785801019424985370e+01 1.917071509227434234e+01 1.742937237313682530e+01 1.966078632216603950e+01 2.741522103725379722e+01 3.039190418911538671e+01 2.944021799254339555e+01 2.543148990190638870e+01 2.707017723546684707e+01 2.338730107598206587e+01
1.309999999999999880e-02 2.513100000000002332e+00 8.286602691896277406e+00 1.828660269205206745e+01 1.643500298078236099e+01 2.350607079264788268e+01 3.350607079350103845e+01 3.324852372043996951e+01 3.289808044935849551e+01 3.128881673493651405e+01 2.225441627597263405e+01 3.024666478117241297e+01 3.440078439270127575e+01 3.645964795107794743e+01 3.712194652311102061e+01 3.296117157336723125e+01 2.386544331838447874e+01 3.038532053297992519e+01 2.689998080196726704e+01 3.731025450194148618e+01 3.467689948363219798e+01 2.710467449966472131e+01 1.572094259517020198e+01 2.193819679188508687e+01 3.290383349216455144e+01 3.515780426323510000e+01 2.692986638353169226e+01 2.167245941085563388e+01 2.785801019424985370e+01 2.379576740691111070e+01 2.542778552545993520e+01 3.165933922919379384e+01 3.234104040405750879e+01 2.256946370670558011e+01 1.546070405387490254e+01 1.885773816868207220e+01 1.388175088469106377e+01
1.349999999999999985e-02 1.001349999999996321e+01 1.665523562976517624e+01 2.242873843208704443e+01 2.643500298103058910e+01 3.057713876417910726e+01 3.324852372043996951e+01 2.313084080828547684e+01 2.216932303826881068e+01 2.573832072573970819e+01 1.722891414350107553e+01 2.021710405896157070e+01 3.024666478117241297e+01 3.688035759588275653e+01 4.214469404704581024e+01 3.210970473016705995e+01 2.970757992125362179e+01 3.810789519443788720e+01 3.528009873075576053e+01 4.151230484301753876e+01 3.225442947991341214e+01 2.131406803891720969e+01 2.710467449966427722e+01 3.151345010957929560e+01 3.727059182333533016e+01 3.474765628069290102e+01 2.632727866809226214e+01 2.277912077409260050e+01 3.022232272211979875e+01 3.241612273676655320e+01 3.394653260955993801e+01 3.210593011858897228e+01 2.805707939090503800e+01 2.451998043744529809e+01 1.909006910833542747e+01 8.955893935741851664e+00 8.034510323109559593e+00
1.369999999999999864e-02 2.900451345948125592e+00 1.290045134593100329e+01 2.151472243560294473e+01 2.598685874352018743e+01 3.176036153459656219e+01 3.214510759611439283e+01 2.202267973826144853e+01 1.496701394681685748e+01 1.993612598607076336e+01 1.324137884091344119e+01 1.695362016516943271e+01 2.208233313443600210e+01 3.258222188283188103e+01 4.081666027170589928e+01 4.214469404704581024e+01 3.974799719769594475e+01 4.390325546863667228e+01 4.666956738654808134e+01 4.384704504843291772e+01 3.660510042715265655e+01 2.910543877046901784e+01 2.916754779922337448e+01 3.970682109887297173e+01 3.956159797596576055e+01 3.071736321023117711e+01 2.511344540524194358e+01 2.899437692096504904e+01 2.773263641814767055e+01 3.623295716322380144e+01 3.493409993291970039e+01 2.520852398972693109e+01 1.823254003068511508e+01 2.044961921578234509e+01 1.032142085888827054e+01 1.908963190635001794e+01 1.316183752918155569e+01
1.290000000000000001e-02 1.001289999999996283e+01 7.372587300947696320e+00 1.184472325594725994e+01 1.761822594784347729e+01 2.761822594778545437e+01 2.757430650077835210e+01 2.160614232847114380e+01 1.749203794394068368e+01 1.018305337483872997e+01 1.993612598606989650e+01 2.715242218023671938e+01 3.144866779140502189e+01 3.666430407360461885e+01 3.147163878767172562e+01 3.809690963915794981e+01 4.305484795370971085e+01 4.784471120243762954e+01 4.215529194770536492e+01 3.504978486789154601e+01 4.215500152698025005e+01 3.970682109888390698e+01 3.970682109887302147e+01 4.404265304452540875e+01 4.232942482268243367e+01 3.330850335023603748e+01 2.763367388863355245e+01 3.620046290154120072e+01 3.623295716322380144e+01 4.011069647732850285e+01 3.424327933342728159e+01 2.733851363692944858e+01 2.184349253166971749e+01 1.174389546895143965e+01 2.044961921578171271e+01 2.044687147248445669e+01 2.029458188592613155e+01
1.359999999999999924e-02 5.787102691896246043e+00 1.578710269189609150e+01 1.553755311022464447e+01 2.553755310991289207e+01 2.470185130946352459e+01 2.333789443902625749e+01 1.338024023481120572e+01 7.853264102674814673e+00 1.749203794383638311e+01 1.993612598531928981e+01 2.992304252141139997e+01 3.499141661956858940e+01 3.100664919934351005e+01 2.464023963573411180e+01 2.949634150398860299e+01 3.902697157071497003e+01 3.822011537576765505e+01 3.808480620130773531e+01 2.926273698074147234e+01 3.820313573632199677e+01 3.780917257611210403e+01 4.167604092787422587e+01 4.700439926682172853e+01 4.277249040263669144e+01 3.358416207553043620e+01 3.358416207553043620e+01 4.018953862405248856e+01 3.738133196233412292e+01 3.252019105758250106e+01 2.847425160024366875e+01 2.043349372125634744e+01 1.325903876987694474e+01 2.184349642165314265e+01 2.590162979747557870e+01 3.027322531515559945e+01 3.016060964130647193e+01
1.379999999999999977e-02 1.001379999999996251e+01 1.992923831440458216e+01 2.553755310991289207e+01 2.168882445642144674e+01 1.449989174686522020e+01 2.081104651148211815e+01 1.474358682047416025e+01 6.326891556715739995e+00 1.180526764231955461e+01 1.867828765208541597e+01 2.862712374289268880e+01 2.933469921231245081e+01 2.113534535267164216e+01 1.961444238254481220e+01 2.540918953574826844e+01 3.507949491823077182e+01 3.822011537649270707e+01 2.855166966846128318e+01 2.571116185070482274e+01 3.306728118387800208e+01 2.871636745114023626e+01 3.395264016969658627e+01 4.307729381379368050e+01 4.679491694453462003e+01 4.277249040263669144e+01 4.277249040263669144e+01 4.020279113969518647e+01 3.045687780328705330e+01 2.358183953705950842e+01 1.870967463793758867e+01 1.487052179720290646e+01 2.329156695769309948e+01 2.043348856226112176e+01 2.734377816827982244e+01 3.706468084878137148e+01 3.314802900672683705e+01
1.349999999999999985e-02 7.084567811865461806e+00 1.708456781186539075e+01 1.996156759139542558e+01 1.690193328445552368e+01 7.287455334998887757e+00 1.258963066903577221e+01 1.282062692345446031e+01 4.896414960056506338e+00 1.162822797945740838e+01 2.139351907556462962e+01 2.597689137639099854e+01 2.192008337960772479e+01 1.539268280140115586e+01 2.530744926621469304e+01 3.346753495238857568e+01 3.599833093564864583e+01 3.616887492115555602e+01 3.162459152777005045e+01 2.218953082614111594e+01 2.370547520768058547e+01 3.306728885295625986e+01 3.985763037292661437e+01 4.258366315651058898e+01 4.811123533812455122e+01 4.864996823090110922e+01 4.436140223604811439e+01 3.899119118792940952e+01 3.520194754537635617e+01 3.144064144111585790e+01 2.479654940328753554e+01 1.487052179720290646e+01 1.487052179720290646e+01 2.479767551271909198e+01 3.423917686072579158e+01 3.593499067245117118e+01 2.635029471086367892e+01
1.359999999999999924e-02 9.328144380743198738e+00 1.629339317681256460e+01 8.886488952629189697e+00 1.193294178534501881e+01 2.793290746837521876e+00 2.793290746837521876e+00 3.741061823499702843e+00 3.585679163193738805e+00 1.218976822919882963e+01 1.922326825225402303e+01 2.183438979370866306e+01 1.234419637989091356e+01 1.902263378857682241e+01 2.306251754106389029e+01 2.886841612622366426e+01 2.717141669760394862e+01 2.662429441331094893e+01 2.662429563508930741e+01 1.960124185121454943e+01 2.913902983108039635e+01 3.697923556340192164e+01 4.032371973072657312e+01 3.169552720061959405e+01 4.040288120648598635e+01 4.436134504213723773e+01 3.367937164407782547e+01 3.512171043680407223e+01 2.719653082209210737e+01 2.740870150679997863e+01 1.770431298127755326e+01 1.644688638668630531e+01 2.373720554622141066e+01 2.459988991267687908e+01 3.392703961275469737e+01 3.593497183775953374e+01 2.635029468218289139e+01
1.290000000000000001e-02 1.001289999999996283e+01 1.056589095286125790e+01 1.383014944436457894e+00 1.964258660799490741e+00 1.195693725951138653e+01 2.793290746837521876e+00 2.793290746837521876e+00 9.621690746608042133e+00 4.449466622062335119e+00 1.424897750278026365e+01 1.807340004430785640e+01 1.668539635280116329e+01 9.864592029879867496e+00 1.535746581572530900e+01 2.173815842001021892e+01 2.084199941714273407e+01 2.662428340116182568e+01 1.704395387110357163e+01 2.662429563508930741e+01 3.308641082648760801e+01 3.667267767061136396e+01 3.377633469311818715e+01 2.552178878279094221e+01 3.574743744348808860e+01 4.436168363608323517e+01 3.367937253063598746e+01 2.651252701275703316e+01 2.332092665484509908e+01 2.064140565053534715e+01 2.740872968788826469e+01 2.636457432872192186e+01 1.865140299701914728e+01 2.540082849491369998e+01 3.480115852621685235e+01 3.994576309754439336e+01 3.593497183775953374e+01
