output/example_1/elevation_000395.asc
nrows	75
cellsize	13.33333333
xllcorner	0
ncols	75
yllcorner	0
NODATA_value	-9999
[rows 51 to 67 of 75, columns 37 to 73 of 75]
1.874054185533231731e+01 1.201939700271190681e+01 1.721306113007878480e+01 1.319462079801816579e+01 2.359067931206165980e+00 9.987082278744209063e+00 1.462233090416858339e+01 1.404692617937815591e+01 8.856316169291181595e+00 3.629987908448198297e+00 1.282321737520739902e+01 1.645060438499938726e+01 2.058803437514243484e+01 2.198559146619605897e+01 1.789600835125276745e+01 1.084627477396894690e+01 2.088750561874045530e+01 2.062548172211908692e+01 1.971304637467912002e+01 1.296271974674214711e+01 1.947080901568197930e+01 2.165911714340057870e+01 1.473463830251098372e+01 1.698475221540356728e+01 7.574665905769869312e+00 1.512683947633725978e+01 2.652403291533745744e+01 3.260029990917012555e+01 3.871666369207140690e+01 3.449730813120309847e+01 3.885352395053511998e+01 3.732310764841760431e+01 2.912415996837464505e+01 3.732310764841756878e+01 3.857607851372058150e+01 3.218153813054045997e+01 3.344084201895525865e+01
2.637292084237817136e+01 2.208440650206374301e+01 2.125084293304237093e+01 1.305629529702689418e+01 2.685635911958036193e+00 7.206669923650851572e+00 1.585118490001296898e+01 2.020919920877860676e+01 1.647996506247607940e+01 1.357105887426476620e+01 5.025588855804959287e+00 1.491148785928773179e+01 2.036347993392088540e+01 2.575609177199148547e+01 2.588644622184411048e+01 2.164688205177282754e+01 1.592323919667357579e+01 2.616282420053492785e+01 2.644251704788546320e+01 1.643479486782974064e+01 2.638356243611131902e+01 2.384173552300014975e+01 2.234367242315616053e+01 1.363202115972516637e+01 8.048866946431514791e+00 1.293905373289587857e+01 1.859423919151347349e+01 2.848009703069719123e+01 3.233759672767103410e+01 3.658445945174182867e+01 3.821952604409996468e+01 3.326305653231688098e+01 2.326649519979331160e+01 2.948471162969808290e+01 2.875204275010329980e+01 2.640764311567732392e+01 3.628626163656331727e+01
2.510182519036829518e+01 1.497713033542331473e+01 1.117269768764238336e+01 1.329770548863224100e+01 3.206936927799924675e+00 1.325805514194694013e+01 1.515872942521840194e+01 2.397673207823260810e+01 2.111837662816046901e+01 1.169162116681657437e+01 1.178732322004207411e+01 6.460880474192098433e+00 1.631441325455358538e+01 1.602410359907805670e+01 2.575610085271994265e+01 3.033934787457350879e+01 2.616282420053504509e+01 2.182197191542228154e+01 3.094949031240813397e+01 2.396213438414400798e+01 3.149284705988100086e+01 3.270854318843511521e+01 2.454625940544788776e+01 1.824331601500964339e+01 8.048866946431514791e+00 1.824289781118440601e+01 2.151736932747900255e+01 2.525357783181861393e+01 2.226561036182607012e+01 3.244533146592092265e+01 3.120711857714243465e+01 2.419471133373141924e+01 1.941111239628436280e+01 1.941111239628436280e+01 2.156978625044278175e+01 2.500604798738815404e+01 3.082913132441533577e+01
2.215406291161591312e+01 2.509714510816889188e+01 1.649997434597870338e+01 6.460030396032566458e+00 3.644247616115347643e+00 1.071452898004905130e+01 2.025192294854265995e+01 2.772144765654597620e+01 2.122137046713986663e+01 2.078198806646447849e+01 1.116706888840606737e+01 1.248334857749787297e+01 7.948503619645204132e+00 1.780994957682140267e+01 1.937084946897536142e+01 2.910262613913813823e+01 3.586535884305616406e+01 2.762860557439330123e+01 3.507491076632791049e+01 3.596206026004757206e+01 3.391245363619174213e+01 2.812514171818441611e+01 2.052795491418470419e+01 1.034117402789036966e+01 8.048866946431514791e+00 8.048866946431514791e+00 1.131006221393371902e+01 1.498810529792831936e+01 2.504428863832294283e+01 2.968232882781649451e+01 2.504612180731169246e+01 1.708717553938992140e+01 2.711034141815739318e+01 2.450948836899857142e+01 3.162943620664763955e+01 3.494113031627737342e+01 3.209274265288349426e+01
3.221835286238410845e+01 2.640858059972575589e+01 1.627805195372893365e+01 1.376897408443450033e+01 3.644247616115347643e+00 1.376812615594666411e+01 2.159920009533733776e+01 2.686114143103184304e+01 3.107391185219921326e+01 2.634546376869118589e+01 1.680163881184975594e+01 1.452515355809541298e+01 1.780996906885167874e+01 9.562630908191405155e+00 1.937088184536150237e+01 2.502948890365457402e+01 3.064648222934983224e+01 3.749965442857956077e+01 4.154787108924873706e+01 3.740488006793196973e+01 2.978914133249801210e+01 1.973649246053328454e+01 1.390560496923916745e+01 1.824413372290644375e+01 8.048866946431514791e+00 8.550820637425257331e+00 1.874501377306556549e+01 2.135261640451075493e+01 2.849735635112900667e+01 2.508848411843447224e+01 1.501285557017640926e+01 1.986977902675571173e+01 2.933279141953025970e+01 3.445993489039742741e+01 3.445993489039719293e+01 4.422893698734092993e+01 4.181774644413911801e+01
3.617820520263983042e+01 2.635456112256990835e+01 1.502067429685916267e+01 8.295279783341674928e+00 4.127989771113790951e+00 7.699960942712922751e+00 1.211323068204266562e+01 1.962421273524383381e+01 3.013877950144594919e+01 3.121725277217491623e+01 2.633288951903929132e+01 1.975449129090344869e+01 2.341546773963940709e+01 1.937088969754211476e+01 1.126254301631362864e+01 1.688774309589797440e+01 2.656925974459112538e+01 3.290397941665928272e+01 3.812041669715274850e+01 3.329276205970777625e+01 2.326050939425736885e+01 1.821242487534417620e+01 2.398524180019948560e+01 2.241573846625738398e+01 1.417895807735179936e+01 1.878595154301444836e+01 9.304171504554156868e+00 1.955992365468611283e+01 2.505317814622194206e+01 2.160178325221173168e+01 1.385898458516558307e+01 2.349224019351999004e+01 2.933279141953025970e+01 3.813447060074597061e+01 3.850613860449146841e+01 4.134120172860384201e+01 4.217530613486193403e+01
2.983088028507157574e+01 2.147795371009223686e+01 2.111734586704350392e+01 1.472001540949434961e+01 4.637662820968264654e+00 1.472193346623870625e+01 2.052589607870112332e+01 2.411268089579935747e+01 2.886796260751085086e+01 3.452510434410226736e+01 3.289299210680388086e+01 2.897254393065053080e+01 2.351173214589712401e+01 1.418674983009630530e+01 1.126254301631362864e+01 2.097963348683626350e+01 2.057034576984434793e+01 2.203983907371715389e+01 3.380765029636389585e+01 3.740488055716844684e+01 3.240408980058664667e+01 2.326050939425736885e+01 3.240408945099673588e+01 2.859207126237192043e+01 2.414875028329752027e+01 1.793740304661274365e+01 9.870513136654873065e+00 1.969738893692513670e+01 1.286909892081591700e+01 1.263032658337421843e+01 2.160178368140654825e+01 2.760201395221303855e+01 2.924212701908564327e+01 3.333176414251653341e+01 2.864586879235028505e+01 3.152868775534142642e+01 3.243162915907969079e+01
2.033706561031918625e+01 1.432522893869043301e+01 1.006434204787754361e+01 7.506487748085471701e+00 5.172739850306812492e+00 7.744190940037154469e+00 1.032008440997593546e+01 1.354556692410917051e+01 1.901091056789383771e+01 3.028963135732964318e+01 3.545762827691929431e+01 2.540831310144319133e+01 1.867179558849050025e+01 2.351174247927488281e+01 2.097963366148689346e+01 1.320047726383911524e+01 1.320047726383911524e+01 2.382808271001632150e+01 2.898251824811315203e+01 3.398573103815402874e+01 3.740488013223762209e+01 3.329276205860931270e+01 3.740488008629920103e+01 3.244620538247959018e+01 2.545130498275655739e+01 2.139110841706649779e+01 1.136202169596427680e+01 1.079358324361569998e+01 1.146034648258838295e+01 1.220253518829301775e+01 2.218787448421022290e+01 2.218787475089720118e+01 1.926590876171355049e+01 2.924212495787188004e+01 2.147461054804558955e+01 2.534876487573982828e+01 3.243162915907969079e+01
2.984458740479665906e+01 2.546659874247611910e+01 1.789401931754582975e+01 8.616780613453730808e+00 5.697053986692393046e+00 1.570497326236201552e+01 2.063622353184877056e+01 2.445325156452130244e+01 2.900616043846737568e+01 3.488483538766080727e+01 3.683599214141255374e+01 3.251115416152183712e+01 2.410698011756716497e+01 3.251115416152152449e+01 2.683237157487178237e+01 1.995806730589994160e+01 1.911451011812548373e+01 1.531491674803364944e+01 2.004766666703302747e+01 2.692484482646083066e+01 3.686673335684101716e+01 3.733243524638944422e+01 3.331038664230148072e+01 2.743535926611917475e+01 1.851732821785342864e+01 1.136202169596427680e+01 2.141758369446583643e+01 2.105844753304966943e+01 1.860438633478758064e+01 2.218787448421022290e+01 1.220253518829301775e+01 1.220253518829301775e+01 2.218787475089990835e+01 2.817796317791171035e+01 2.147461054804558955e+01 2.605113016511277735e+01 3.184517442448219882e+01
3.201904412320508442e+01 2.149034891264342662e+01 1.415401836661273194e+01 1.604646996371411660e+01 6.177405301041229535e+00 7.341806674944669098e+00 2.266660270694172397e+01 3.215363996172713712e+01 3.594912709506384374e+01 3.408554124249656780e+01 2.725178457314444813e+01 3.408554124249656780e+01 3.415007004064231921e+01 3.830917659375906936e+01 3.335331873275182346e+01 2.778795788711513737e+01 1.815144562133450634e+01 1.531491674803364944e+01 2.201539991218583125e+01 3.147609669919581066e+01 3.691834101859241457e+01 3.331038652744454964e+01 2.342803392652744776e+01 2.337305388021487929e+01 1.342644826254034918e+01 1.136202169596427680e+01 2.141758396113263174e+01 3.042209291241250568e+01 2.858157562995728540e+01 1.926590875998695296e+01 1.220253518829301775e+01 2.218706235787616166e+01 2.514553268718618284e+01 1.812030898686420954e+01 2.526520306160691476e+01 3.520999886368041842e+01 4.000650353051683084e+01
2.893845428396797814e+01 2.868784787102187295e+01 2.454643707945475484e+01 1.674048704510153840e+01 6.634768735739548617e+00 1.411743079300779868e+01 2.353410682630088502e+01 2.239841098201633329e+01 3.215364175756572251e+01 3.010149575697585433e+01 2.003663558975372538e+01 3.010149575697585433e+01 3.752817398057082698e+01 4.231722105487475005e+01 3.274750730297525791e+01 2.292339029353885138e+01 2.783544879819619311e+01 2.490991548029937164e+01 1.821843971336130608e+01 2.299137068797893235e+01 3.280584226360328870e+01 3.393155150530393627e+01 2.632250805149988082e+01 1.634915980165634508e+01 2.141758409446598321e+01 1.136202169596427680e+01 1.644914719492485133e+01 2.638608120354587072e+01 3.333167560786487371e+01 2.629879217739345876e+01 2.218787475087691519e+01 1.323440273136839096e+01 1.518395480451784607e+01 2.514562723030165614e+01 3.170607491231074704e+01 3.744271199792651572e+01 4.226623519439683463e+01
1.884342378046337174e+01 2.618050412488116763e+01 2.148820938556697513e+01 1.723370012450583388e+01 7.096068110030808285e+00 1.082040947309403123e+01 1.505080249310590546e+01 2.525563909061480317e+01 3.058064126387261084e+01 2.654652629462870550e+01 2.003663558975372538e+01 2.375774333629946966e+01 2.877175077512449164e+01 3.837027036053596163e+01 3.685845126822955820e+01 2.780484225431917267e+01 3.685845126822955820e+01 3.034583609162420004e+01 2.057140030508193718e+01 3.034583609162420004e+01 3.691833204558594161e+01 2.987758713630626062e+01 1.986653243232177246e+01 2.632250805147417694e+01 2.385267129119883478e+01 1.414388431523485501e+01 2.126037251168432363e+01 3.042282031806858456e+01 3.693824006272418359e+01 3.289222615150845996e+01 2.390035925753701918e+01 1.397358666700561436e+01 1.584691177165471387e+01 1.775380914541058885e+01 2.339402792220029781e+01 3.336429086646729303e+01 3.243956588085955417e+01
1.396995802763258432e+01 1.649937961789837715e+01 1.720138546528217205e+01 7.096068110030808285e+00 7.707675028894859004e+00 1.790912887661371755e+01 2.292084178662567950e+01 2.740025245216881089e+01 2.350417102070070996e+01 1.622239663564898748e+01 2.654652629462205482e+01 3.357101030295645216e+01 3.752817398057082698e+01 4.231722080798644470e+01 4.181003444447163986e+01 3.769017235190438697e+01 4.181003461887875261e+01 3.308283733815716232e+01 2.322797355865806779e+01 3.308283733815716232e+01 3.411907258079639149e+01 2.419461658516042490e+01 2.987758713630626062e+01 3.313814251864911142e+01 2.745971301052391311e+01 1.732684323148880523e+01 2.746210305922334882e+01 3.531303370959202681e+01 3.288699926113586969e+01 2.291272886787203333e+01 2.468695789881495273e+01 1.474242536901934386e+01 2.467393290345964019e+01 2.760709517839538663e+01 2.087276899008131537e+01 2.531103103709254754e+01 3.084259951384861154e+01
1.972485502967107607e+01 9.039779082334435500e+00 8.217859625151431757e+00 1.747097234326695414e+01 1.789716922854689685e+01 8.609611465738229441e+00 1.888278993159955732e+01 2.066758240154645421e+01 1.307436326325901987e+01 2.350416639710157440e+01 2.473835456203120486e+01 3.177207637289356512e+01 4.139973968010640704e+01 4.042098549749837844e+01 3.918734597422589161e+01 4.312128100174384571e+01 4.319359260334466910e+01 3.311142910800049322e+01 2.668561866905435664e+01 3.657831248185944162e+01 3.740056580346677606e+01 2.758418456655714479e+01 3.740056580346677606e+01 3.540167169979695672e+01 2.466938318495258642e+01 2.448484907653797293e+01 3.158260492538981623e+01 3.308471011495088021e+01 2.899675516184873203e+01 2.583926747698582815e+01 1.582796442447738983e+01 2.451165727844205477e+01 2.859731958411109076e+01 3.084260022206867902e+01 2.087276899008131537e+01 2.087276899008131537e+01 2.793108471994052877e+01
1.028831652023038146e+01 1.926460156800147772e+01 1.854444522163371900e+01 2.342042815372008846e+01 2.302820458141320614e+01 1.838503782194548464e+01 9.542456459740346730e+00 1.029581210541166669e+01 2.062531518558811428e+01 2.598326438768464897e+01 2.964484599340821092e+01 3.301487993897365669e+01 3.714946235282499032e+01 3.092882510965940668e+01 2.969225392237861172e+01 3.642677213797836799e+01 4.581340189098586535e+01 4.056066310238778527e+01 3.071563168667851684e+01 4.056066310238778527e+01 4.146384404865955275e+01 3.255372856793962910e+01 4.146384404865955275e+01 4.023699707283935112e+01 3.534518504009931661e+01 3.417026879796910066e+01 3.253352807384045775e+01 2.899675570387906021e+01 1.887980818878214251e+01 1.752180272274901895e+01 2.583928402066950625e+01 1.582796442447738983e+01 2.636700221513235221e+01 3.233306246337105705e+01 3.084260022206868257e+01 3.084260251524378305e+01 2.793108473172382133e+01
2.108328593708725407e+01 1.761373868114126751e+01 2.599136300937349375e+01 3.004261255773320016e+01 2.510063303154851866e+01 1.993409512823560448e+01 9.542456459740346730e+00 1.990992333799045610e+01 1.147654363575624892e+01 2.170825214384429103e+01 1.974602939458284467e+01 2.389409682581185734e+01 2.938732548764792440e+01 2.396421569884075709e+01 3.370901451982544472e+01 4.312128100174384571e+01 4.340670034177242087e+01 4.464304663889630831e+01 4.059906175576692533e+01 4.479744117625818234e+01 4.647418908221451517e+01 4.231853107915653567e+01 4.634352193447153923e+01 4.142306626749129350e+01 3.796637037629378852e+01 3.253352825111878843e+01 2.247680112562187205e+01 2.093618283020805748e+01 2.760813000572239773e+01 1.752180272274901895e+01 2.760809820522056057e+01 2.636700191628442269e+01 1.738208129498290333e+01 2.809279413069948106e+01 3.303518390385836057e+01 3.716594850769652680e+01 3.787163529662321082e+01
2.679232434336521251e+01 2.801149728256006455e+01 3.151354669201306180e+01 2.874979452627708199e+01 1.178042277085432232e+01 1.178042277085432232e+01 1.465235967225612512e+01 2.020380844229912753e+01 2.190875153312622103e+01 1.269792852455431031e+01 1.358984888092614618e+01 2.408184731739047990e+01 1.924576089200004958e+01 2.635580075010644308e+01 3.576399442024734299e+01 3.750587438637165150e+01 3.396534934187631904e+01 4.072253875204442863e+01 4.937025889178431015e+01 4.774171202184399476e+01 4.768936676427243526e+01 5.176119398282371264e+01 4.474475062117122803e+01 3.516002109136613996e+01 2.822065231846999467e+01 2.477881332734379072e+01 3.253117896270777010e+01 2.686526428781769837e+01 3.121845967102565211e+01 2.109743025371561131e+01 3.117492562894952712e+01 3.233303297007556409e+01 2.809279413069813458e+01 1.904794743458557704e+01 2.217882000438259382e+01 3.303518390385836057e+01 4.224930516275445314e+01
