output/example_1/elevation_000368.asc
nrows	75
cellsize	13.33333333
xllcorner	0
ncols	75
yllcorner	0
NODATA_value	-9999
[rows 17 to 33 of 75, columns 0 to 36 of 75]
1.309999999999999880e-02 1.001309999999996236e+01 7.352728071408559885e+00 1.253153499629003420e+01 5.937298806522601780e+00 1.341188451887730393e+00 1.617376464588483165e+00 1.895271825620277406e+00 2.379457509280171301e+00 8.952484462487868555e+00 4.001451344467939819e+00 6.279244411110220803e+00 1.058209327431143620e+01 8.715691944001907387e+00 7.487596569868811613e+00 1.200251251845126710e+01 1.364147207204840129e+01 5.051236778706009289e+00 1.484168855893638117e+01 1.528919817529967240e+01 1.937017455034059310e+01 2.597120062727688961e+01 2.371490018801889121e+01 2.200240009012840403e+01 1.503358178478637797e+01 2.450734533313264052e+01 2.363063351858564687e+01 1.876441746428932333e+01 2.849654270023263791e+01 2.946834432541069049e+01 1.977914336990391320e+01 2.533685944197780771e+01 1.997757216724719953e+01 2.967310229436626301e+01 3.583577949351175818e+01 2.571273150354585368e+01 2.003658823041275383e+01
1.379999999999999977e-02 2.872854943722340515e-01 2.872854943722340515e-01 7.285314178163869059e+00 9.510492852696975641e-01 7.390317797392133237e+00 9.785012538521945302e+00 5.175363646803694984e+00 2.250118770234230681e+00 2.471492990795088662e+00 2.858789909899526638e+00 3.145980161081828097e+00 3.434006615552454900e+00 3.722907785648959411e+00 4.012189043359850160e+00 4.302096497980670620e+00 4.593037868647735777e+00 1.384707615155002713e+01 1.409198898761609975e+01 2.178104810457348250e+01 2.633715664702919668e+01 2.278116832300577954e+01 2.692082871255464838e+01 2.859561979441639679e+01 2.046075067357848809e+01 2.860268346194640898e+01 3.255243587423701257e+01 2.346685707817154665e+01 3.255243587423647966e+01 3.273912798929247003e+01 2.292679217244497991e+01 3.273912798910876631e+01 2.356740060773847745e+01 3.338365659878814284e+01 4.000726156009625356e+01 3.417107715571360416e+01 2.992998342412172974e+01
1.379999999999999977e-02 1.001379999999996251e+01 2.872854943722340515e-01 5.617996533315435803e-01 1.030665397497010716e+01 1.416970039164674056e+01 1.054223247762687343e+01 1.635925091054391345e+01 1.563029904772070289e+01 8.886561635318013685e+00 4.838628155729109537e+00 1.140587895978673316e+01 5.744579752111468096e+00 9.416051993416065358e+00 1.172838756685035300e+01 8.184087028848992418e+00 1.431674522832153507e+01 5.543909561114021223e+00 1.531265512931274309e+01 2.027475356757990355e+01 1.731975870342305157e+01 1.272107377695176034e+01 1.983323086761246756e+01 2.989409901526457602e+01 3.019107793517687810e+01 3.425761572486671724e+01 3.752150391852452316e+01 3.352625986513204737e+01 3.752150391890615566e+01 3.674214271604014925e+01 2.783450255745845325e+01 3.674214261865377296e+01 2.848481244081494168e+01 3.739532654927284483e+01 4.236802690387226988e+01 3.333369067619418047e+01 2.334533358079875853e+01
1.290000000000000001e-02 1.001289999999996283e+01 6.060852199127928053e+00 1.054679220113517957e+01 7.576911954159225360e+00 1.782472371909336317e+01 1.678200015615041707e+01 2.383195450059283260e+01 1.741053355913387080e+01 7.648802029166526850e+00 1.579755782419439214e+01 1.609907099076475490e+01 1.409331353328481384e+01 1.436713122775351259e+01 1.957963475246716456e+01 1.742817141235292411e+01 8.705167307923213471e+00 1.533801538383212559e+01 6.522398061686599746e+00 1.632098373706169170e+01 7.488057508732573808e+00 1.731975870342261459e+01 2.692082325149324262e+01 2.854515034041590482e+01 3.261839880422955673e+01 3.187220297056352081e+01 3.598704873483451649e+01 3.722423667686409487e+01 4.013126995459306556e+01 4.161389288965730771e+01 3.764375342130696112e+01 4.161389289699985028e+01 3.545854849384834750e+01 4.227286764491761062e+01 3.829759653884439530e+01 2.836881283816571298e+01 3.333005319706932568e+01
1.290000000000000001e-02 1.001289999999996283e+01 1.606084207320776258e+01 2.020296277506571059e+01 1.787797024386711087e+01 2.240831971343567375e+01 2.665919055810359950e+01 2.568769175329293120e+01 1.544017583218602852e+01 9.716539927642477537e+00 1.988586511348078645e+01 2.708204814626832047e+01 2.414505896357554349e+01 2.423518404349600175e+01 2.198911502208731150e+01 1.207619391165968459e+01 1.848444164672273615e+01 2.043976058512802396e+01 1.631921199016733937e+01 7.488057508732573808e+00 1.731975850637260095e+01 1.980805307945643534e+01 2.127352759135014182e+01 1.857683411291394293e+01 2.440269274516815656e+01 2.187974553470455774e+01 2.806615177631760361e+01 2.722814768679540975e+01 3.015591646540026005e+01 4.004422722769975707e+01 4.241242715303487643e+01 4.651756275467198520e+01 4.511265672585358288e+01 4.525036322904171016e+01 3.541761467434971422e+01 3.829816537456382264e+01 3.725130299991452887e+01
1.309999999999999880e-02 1.001309999999996236e+01 1.466481827646355995e+01 1.733749047344734251e+01 2.035268944173505190e+01 2.388837846387514574e+01 2.803235607460902656e+01 2.987216808809094815e+01 2.409633745462334176e+01 1.688034342797512366e+01 1.396149131146860078e+01 1.998459939466739144e+01 3.016748202390247258e+01 3.168729777160012162e+01 2.174152249352984967e+01 1.468391659620540857e+01 2.465464616294657318e+01 1.732655333515405260e+01 7.488057508732573808e+00 1.731975811494374540e+01 8.494753643034201218e+00 9.872671288390296951e+00 1.132113177491774536e+01 1.288179049203666260e+01 1.449906313041419637e+01 1.616478961675852233e+01 1.808127721924950038e+01 2.013368909701366860e+01 2.592559085183718537e+01 3.593445657284966188e+01 3.248391571849422377e+01 3.823377694853500230e+01 4.812056835724732906e+01 4.931296681072585386e+01 4.525147247136101214e+01 4.021469014234993011e+01 3.311521246530814722e+01
1.349999999999999985e-02 2.307657338705615846e+00 4.664679942660771239e+00 7.337292361786272643e+00 1.035240580774891761e+01 1.388793972898677431e+01 1.966145231965129980e+01 2.966246695680550971e+01 3.131232734151718589e+01 2.242815453793429370e+01 1.998459939466739144e+01 2.846506782320406614e+01 3.431573081186173368e+01 3.095077269606653303e+01 2.099661834609283417e+01 1.967183379431289225e+01 2.876373130235543840e+01 2.149237019542306726e+01 1.314508391031237089e+01 1.925210986422627712e+01 9.343989565642639050e+00 1.921992255782384618e+01 2.127228637847396087e+01 1.376430628488719066e+01 2.167600166596870537e+01 2.110496158167838132e+01 2.806615179350742295e+01 2.722814723225059552e+01 2.406009586091738939e+01 2.710422798557516444e+01 3.710541477316730408e+01 4.651756275467198520e+01 5.223247426211805333e+01 4.891444092763865825e+01 3.898381138183902550e+01 3.185196259838053479e+01 2.599192925786330832e+01
1.349999999999999985e-02 1.001349999999996321e+01 1.173569678640516933e+01 1.733742002040080621e+01 2.035268943476839354e+01 2.388837846387514574e+01 2.803235607460902656e+01 3.380742540271936747e+01 3.671163780540498323e+01 3.256549939389164905e+01 3.016748200143400993e+01 3.431572559480754592e+01 4.028550757439452212e+01 3.504996450058026625e+01 2.805368186484827930e+01 2.673863643020891345e+01 3.373839878420256611e+01 2.758123798351644851e+01 2.326253412879376015e+01 2.002193414456371556e+01 1.097607082236847731e+01 1.083148197520065104e+01 1.820970416774525802e+01 2.748962227009168302e+01 3.111413759766033138e+01 3.111095202542374238e+01 3.111095202542374238e+01 3.722410943671471983e+01 3.409012635650160661e+01 3.710541477316730408e+01 4.121335734828115704e+01 4.680939760667060057e+01 5.091164735298945487e+01 4.786924879627768803e+01 3.792382227036939213e+01 3.077911025834803738e+01 2.983018538421974597e+01
1.359999999999999924e-02 7.084759965065079435e+00 1.709058489128797120e+01 2.585074706113720566e+01 2.440790977052375155e+01 2.858122760260972228e+01 3.469106413387353172e+01 3.064425839744594882e+01 3.469106413209049578e+01 3.876623423833349591e+01 3.583665575332057784e+01 3.528705641734310916e+01 3.028860526029486522e+01 3.735948516274559950e+01 3.794496867222035519e+01 3.663970279372342986e+01 3.872400764055942091e+01 3.307197620480148004e+01 2.455620804586201800e+01 2.252433523879829025e+01 1.268272345348666263e+01 1.191267074224752953e+01 2.184380603503214857e+01 2.752068918387321617e+01 3.206208074876886371e+01 3.617021036061901640e+01 4.107536180000962389e+01 3.807420070122780942e+01 3.886268116197950917e+01 4.294820757205727801e+01 3.985329269508282124e+01 3.697197969941304052e+01 4.680939760667060057e+01 4.786924879627768803e+01 3.792382227036938502e+01 3.792382223956558818e+01 3.698524803517979365e+01
1.369999999999999864e-02 1.001369999999996274e+01 1.514495242072274195e+01 1.728504710461076499e+01 1.433474356770998526e+01 2.440780005808539599e+01 2.986562453941084883e+01 2.104266009222377676e+01 2.986562460866352708e+01 2.877152437988721090e+01 2.584505114506352186e+01 2.529608326095794979e+01 2.322811293838655189e+01 2.899218298829321938e+01 3.898733230695447816e+01 4.126830242824360795e+01 3.211582409207815658e+01 2.510851401847253328e+01 2.511144798963519165e+01 1.520148162427167726e+01 2.263935661634485186e+01 2.184380603504520835e+01 1.347963285028315283e+01 2.340313376634697562e+01 2.209365320446939762e+01 3.206205948565118291e+01 3.514556374037251629e+01 2.812245132640589063e+01 2.892645567532227346e+01 3.542010430984202429e+01 2.994049177271169526e+01 3.569564916926618992e+01 4.553273937122820314e+01 5.195428946933882486e+01 4.786924879627768803e+01 4.786924413052607008e+01 4.695028110451477943e+01
1.290000000000000001e-02 1.007937338775715341e+00 1.101015160545619409e+01 7.240255229031000717e+00 1.727469292892615016e+01 2.435038911919376048e+01 2.069900338753108571e+01 1.602414520021542543e+01 2.381859988690932539e+01 2.765362667069793545e+01 1.877043693441601135e+01 1.821944792328391927e+01 2.822237154781068824e+01 3.735948516274559950e+01 4.313206976785458835e+01 4.185260249867255311e+01 3.579900681014854769e+01 2.813123125177721562e+01 1.799415823426874539e+01 2.523209133301125107e+01 2.934116267297582326e+01 2.752068805754531766e+01 2.340313375317452227e+01 1.508744736770927730e+01 2.501332349855320558e+01 2.831169709201567031e+01 2.831180222418989700e+01 2.102424332281393760e+01 2.310654151582311400e+01 2.542116101759514635e+01 3.542015335311391766e+01 4.394181352619671088e+01 4.963082539950512029e+01 5.033295913727129545e+01 4.619444797710232820e+01 5.033295913727129545e+01 5.269345228332127107e+01
1.379999999999999977e-02 1.001379999999996251e+01 2.436531561810464375e+00 3.457203570390097624e+00 1.346621336239822853e+01 6.441537210653523360e+00 1.033975893457426309e+01 1.845386170295229888e+01 1.515575256942616988e+01 2.111043372397553242e+01 1.425177137326425658e+01 2.429890210448858667e+01 3.236328931477568460e+01 3.830398725215292188e+01 3.858701015294969494e+01 3.778927481701004609e+01 2.736353098074670598e+01 2.142139626106150629e+01 2.813123125177721562e+01 3.229565590789577811e+01 3.780263212876557333e+01 2.785932884496742545e+01 2.209365254256826461e+01 1.792454647611722152e+01 1.697757106026113405e+01 1.833538961055099392e+01 1.833538961055099392e+01 2.163773178262882624e+01 3.164884468300894582e+01 3.542015335311391766e+01 3.178494866833121435e+01 3.879364342998112392e+01 4.863279884962001631e+01 4.538305329160814949e+01 3.633251117845792777e+01 4.538305329160814949e+01 4.278602930513427083e+01
1.359999999999999924e-02 1.001359999999996298e+01 1.244253299466566354e+01 1.346622470858997289e+01 4.982605068036851215e+00 6.111572590684352768e+00 7.240108863709026288e+00 8.434485181104813378e+00 9.747855020502449008e+00 1.111521598831349955e+01 1.348907504689806913e+01 2.352455011599935375e+01 2.413482989886557561e+01 3.040873716873724675e+01 2.857072224995032528e+01 3.858701015294969494e+01 3.489535419758237111e+01 2.464138251983904127e+01 3.165276364109256946e+01 4.175199058551188358e+01 4.189850476930560319e+01 3.235943784595894357e+01 2.236574110250972325e+01 2.789017261897709687e+01 2.692835106515591193e+01 2.208626092585611644e+01 2.831183479914056988e+01 2.539034498872002388e+01 2.701126068714919981e+01 3.697432831984867363e+01 4.167546533124498609e+01 4.576730803093199995e+01 4.188718093463555903e+01 3.777605867731654143e+01 3.139956333037853042e+01 4.126347957778011732e+01 4.206608895123310532e+01
1.359999999999999924e-02 7.084667811865462461e+00 1.708466781186539052e+01 1.914202495963083450e+01 1.499702580106333549e+01 1.319096783248802218e+01 1.706146427450779512e+01 1.224505559344254380e+01 1.970397226434849713e+01 2.115916595708435821e+01 1.522353792985813747e+01 1.704407139512248293e+01 1.704407139512248293e+01 2.038938180551091151e+01 2.617530945150512167e+01 3.619172628442898798e+01 3.903198570448658700e+01 3.061719357049807044e+01 3.194136547334576548e+01 4.202691383901539268e+01 3.938088403877134880e+01 2.945105960572352899e+01 2.815716023038537230e+01 3.646379046087096043e+01 3.620011007807189429e+01 2.711408870616919486e+01 3.620005980154301994e+01 3.117506397760032755e+01 3.697432831630719363e+01 3.408168623404926478e+01 4.395778407447671299e+01 4.351595067402112704e+01 3.360702063047457955e+01 2.788308611553911831e+01 2.788308611553911831e+01 3.438123530245925252e+01 3.219377586017714776e+01
1.319999999999999993e-02 1.001319999999996213e+01 1.618759158841092827e+01 2.032973781542878200e+01 2.480189639406474100e+01 2.343977056919523250e+01 2.210586418328194114e+01 1.845221982656404336e+01 2.646272056108820792e+01 2.940309123663682200e+01 2.525414355415597711e+01 1.995709336758594077e+01 2.706895298816974105e+01 2.706895298725740417e+01 3.455937733659247613e+01 4.034352844109811542e+01 4.483733329884206853e+01 4.073943029485467093e+01 4.202691383894360655e+01 4.612260626569607780e+01 4.347652131601842740e+01 3.938088403877134880e+01 3.809985582283427874e+01 4.219451754002815136e+01 4.116942017467414416e+01 3.707521274138007783e+01 4.116942017467414416e+01 4.108834257756633690e+01 4.518471456937354702e+01 4.395778407447671299e+01 4.805321249965211194e+01 4.765883544808419003e+01 4.188717765779701097e+01 3.777605866125529133e+01 3.438123529678517087e+01 2.444753744988964428e+01 2.516216238090633439e+01
1.019999999999999900e-02 3.025313445777638499e+00 6.187591105946022019e+00 1.065972706094629530e+01 1.773079489521335006e+01 2.773080045434752350e+01 3.134278351659431294e+01 2.966143775822305528e+01 3.360766119613007419e+01 3.844635476399930241e+01 3.412609069451062282e+01 2.574458287545859037e+01 2.704441130780432090e+01 3.706059537655766434e+01 4.123952772557556301e+01 4.345634164722745396e+01 3.930028228509335264e+01 4.345634164722743975e+01 4.400993372168291984e+01 4.327155377100746136e+01 4.196966392423775716e+01 4.612638812299591962e+01 4.096699632959480653e+01 3.676415757116338057e+01 4.096699608154429484e+01 4.022908789022818610e+01 3.602796565422771380e+01 4.022908789022793741e+01 3.862857718084885761e+01 4.284843326140082809e+01 4.001273318526797595e+01 4.412071919454067626e+01 4.330131622635033040e+01 3.390108537169333403e+01 3.215910983690759650e+01 2.220480297942548020e+01 3.215913480797333079e+01
7.249999999999999500e-03 1.000724999999996356e+01 1.618759158841090340e+01 2.032973781539129021e+01 2.480188506270234328e+01 2.564047131346977437e+01 2.977570240876264407e+01 2.711645721260509845e+01 2.494490121713203479e+01 3.438290620282067778e+01 3.990847659775911183e+01 3.576115337635911828e+01 3.706059537655766434e+01 4.120777008121686436e+01 4.423222000531364984e+01 3.845036434673228598e+01 2.929729966464326196e+01 3.845036434673225756e+01 3.399035469350867089e+01 3.325421040453782240e+01 3.195591337163527967e+01 4.034131603069160121e+01 3.594815766943998625e+01 2.677157735134181848e+01 3.594815637971490219e+01 3.521434932125839623e+01 2.604526529824378756e+01 3.521434932125838202e+01 2.861122290895082187e+01 3.701479474241378398e+01 2.949574235761736674e+01 3.831732308713699808e+01 4.103851321814868669e+01 3.110923482517791783e+01 2.406854078066679747e+01 2.074672884422954411e+01 2.881266631923789845e+01
