output/example_1/elevation_000285.asc
nrows	75
cellsize	13.33333333
xllcorner	0
ncols	75
yllcorner	0
NODATA_value	-9999
[rows 51 to 67 of 75, columns 0 to 36 of 75]
1.369999999999999864e-02 3.028813445777633451e+00 8.028813445777615243e+00 1.509988125764311384e+01 2.509988126662861418e+01 2.998960057802059254e+01 2.706896941134013446e+01 2.963889242358147413e+01 2.495163088170099286e+01 1.741250418858182769e+01 7.206451201057014089e+00 1.014013616056922906e+01 1.881441551662092238e+01 2.497207325323116933e+01 1.536905147582551656e+01 5.232667122275437954e+00 1.237396365840357682e+01 2.259983116566817785e+01 2.541342921121689002e+01 2.118057249974636136e+01 2.541108633213002221e+01 2.006344481618657483e+01 1.470277505319957001e+01 5.004100141021110559e+00 1.381174516580669298e+01 1.798093670189160775e+01 2.205557019298675669e+01 1.527839957362270162e+01 5.426238458109996721e+00 2.272784946661125183e+00 2.272784946661125183e+00 2.272784946661125183e+00 2.272784946661125183e+00 2.272784946661125183e+00 2.272784946661125183e+00 2.272784946661125183e+00 1.203195493926305382e+01
1.290000000000000001e-02 1.001289999999996283e+01 1.717095020434950214e+01 2.217095033892974953e+01 2.728461077809085111e+01 3.142673726970908987e+01 3.273341513227382649e+01 2.235687649585977610e+01 1.481646996232643332e+01 1.012628599815264785e+01 1.741250418858182769e+01 2.051671988290356552e+01 2.479887589623090705e+01 2.102046930435019334e+01 1.070685358297180834e+01 6.592502340067568412e+00 1.678783564396303163e+01 2.004201614599031700e+01 2.973431317920659822e+01 2.982053464277433719e+01 2.474522985764361849e+01 1.600636128791121138e+01 6.030517984412886001e+00 1.489079051024773825e+01 1.303741158067382599e+01 2.310737271253102421e+01 2.087718720812425843e+01 1.101697999296164099e+01 1.527839957362987100e+01 1.203218646246346424e+01 1.203218646374405409e+01 1.203218659623065534e+01 2.272784946661125183e+00 2.272784946661125183e+00 2.272784946661125183e+00 2.272784946661125183e+00 2.272784946661125183e+00
1.329999999999999932e-02 7.084367811865137199e+00 1.708436780562700008e+01 2.096005549622621800e+01 1.728461083688460675e+01 2.435567864864418297e+01 3.435567844827131267e+01 2.963889242358147413e+01 2.066474259270742309e+01 1.012628599815264785e+01 1.538228585758414191e+01 2.594719932783068472e+01 2.876349468716985669e+01 1.899395648887358234e+01 1.659566715941276982e+01 6.592502340067568412e+00 9.937259687568376521e+00 1.716906896486067780e+01 2.697803323991061930e+01 2.567874638148375865e+01 1.553179685061123472e+01 1.052708196882996106e+01 6.801020880238072941e+00 1.247976249027238893e+01 1.944697203670817487e+01 2.722427287681386687e+01 2.497832569420501159e+01 1.782709513540323343e+01 2.497832573259432465e+01 2.044226864758261897e+01 1.407066793204715438e+01 4.220668837502850046e+00 1.203218673141400430e+01 1.203218499930229868e+01 1.203217875850207363e+01 4.437527061148776042e+00 1.203235728036089469e+01
1.369999999999999864e-02 1.001369999999996274e+01 1.596005550705489462e+01 1.096005551654852361e+01 2.096005549622621800e+01 2.584702577418151392e+01 2.584702584851851270e+01 2.998916568872883559e+01 2.441349439718480951e+01 1.381042310945971607e+01 2.441349439718480951e+01 2.594719932783068472e+01 3.277170243260471239e+01 2.371228213038792632e+01 1.343729783422267765e+01 8.316457274303930447e+00 1.850646625717233107e+01 1.716906896486067780e+01 2.697803323991061930e+01 2.982431631510860015e+01 2.468167810748632007e+01 1.677879205235427662e+01 6.801020880238072941e+00 1.680510393659358570e+01 2.506264500042517440e+01 3.326789887380890320e+01 3.124717263868799222e+01 2.616496770712078757e+01 2.218334273005097401e+01 1.625995292883838772e+01 6.262887033025329231e+00 1.407066793333957122e+01 1.407066789693279496e+01 1.773154693481749788e+01 7.709408854993714755e+00 1.429398649085606365e+01 1.620465379257774075e+01
1.319999999999999993e-02 1.001319999999996213e+01 5.960055516548541377e+00 1.491900462686548146e+01 1.677595801548998722e+01 1.584702582419313188e+01 1.584702582420176853e+01 2.584702585145462450e+01 2.866536698355923107e+01 1.999810284101679869e+01 2.866536698355923107e+01 3.623994816407243036e+01 3.388437002597806469e+01 2.371228213038792632e+01 2.055733384411967890e+01 1.025573375267143028e+01 2.055733384411967890e+01 2.697803323991061930e+01 3.088857170659697360e+01 3.082524619448042813e+01 2.539098015350931803e+01 1.748507289674260079e+01 7.627857105586925535e+00 1.087787325712180930e+01 2.184779237333377111e+01 3.089327122689404348e+01 3.093596772619983781e+01 1.956471502597650769e+01 1.248740476937093824e+01 8.522580992193992344e+00 1.625987576042441063e+01 2.044155118862527587e+01 2.415409074076359275e+01 2.190639859654516641e+01 1.773154774924353916e+01 1.158427673101934019e+01 2.169878367314031919e+01
1.349999999999999985e-02 1.487919561548970870e+00 3.178228071006003130e+00 4.919004630562979763e+00 6.775958012333496150e+00 8.775958012333489933e+00 1.877595801761716388e+01 2.547376959038804500e+01 2.900930350285834791e+01 3.044503143056559225e+01 3.464489473509779316e+01 4.032959319138355880e+01 3.448404299134853801e+01 3.026913149551173277e+01 2.266299314572323809e+01 1.234741142272449288e+01 1.967904931986441142e+01 2.986687079947105516e+01 3.438554554205868641e+01 2.398213080152885723e+01 1.671138174150691924e+01 1.220673604929431555e+01 8.492939737286736346e+00 1.844309598500092662e+01 1.650003405157693948e+01 2.233341893448608673e+01 3.259773716626616391e+01 2.599948931736060231e+01 1.649150515355598756e+01 1.861601414340778149e+01 1.126790074653035489e+01 1.712111444779199942e+01 2.733061095755941139e+01 2.712278240724311829e+01 1.697541036667508507e+01 1.741148993888149477e+01 2.586799043915301155e+01
1.369999999999999864e-02 1.001369999999996274e+01 1.317822807556969344e+01 1.199007244242890735e+01 1.384702582419966710e+01 1.877595801761716388e+01 1.231149191826623834e+01 1.547376957843462719e+01 1.900930348436738626e+01 2.608037129624418782e+01 3.608037135933760453e+01 3.608587743218186716e+01 2.601097793548460402e+01 2.012088583515433271e+01 1.643676594488581344e+01 2.266299314572323809e+01 1.835007810821908336e+01 2.855454465131781916e+01 3.786730628573876345e+01 3.121886693898494158e+01 2.299509870059344863e+01 1.284538553734632771e+01 9.381346949426248472e+00 1.428925301209472920e+01 2.391540235842628803e+01 3.089327122689404348e+01 3.661447850226704048e+01 3.030033834601929854e+01 2.622692560335325496e+01 2.361447322644602309e+01 1.339725808620749703e+01 2.361447322644602309e+01 3.148467766873454821e+01 3.127134634881688768e+01 2.206741505223094180e+01 2.755533636396286568e+01 3.170211278646632636e+01
1.379999999999999977e-02 5.787302691896265117e+00 1.578730269191077973e+01 2.199007245050954040e+01 2.384702583497422523e+01 2.645362966217883738e+01 2.231149192643965762e+01 2.047645772765786987e+01 2.900930350285834791e+01 2.717426929397387880e+01 3.717426939294600885e+01 3.960275001761984015e+01 3.448404283801637860e+01 3.026913146876679050e+01 2.371789058831444663e+01 2.668118481699706024e+01 2.428152710097932143e+01 3.277110274888360664e+01 3.381888505623825125e+01 2.381926731932806973e+01 1.870461086562200137e+01 2.037752322443657960e+01 1.030551859419835736e+01 2.002717991366695571e+01 2.386262020594465838e+01 3.323316963498584897e+01 3.494536242045588637e+01 2.482834576189638298e+01 1.756013526806106029e+01 1.756013526806106029e+01 2.361447322644602309e+01 1.930134187833328596e+01 2.950632021782705294e+01 3.630514352455259086e+01 3.217814976225530899e+01 3.630514352455259086e+01 3.445806019931006858e+01
1.309999999999999880e-02 1.001309999999996236e+01 1.992943828722703614e+01 2.644070343501027409e+01 2.229856985567271366e+01 2.644070350347080733e+01 3.144070240989340093e+01 3.047645777157553937e+01 3.461859836752934427e+01 3.717426939294600885e+01 3.664360694055047674e+01 2.952868026697683845e+01 3.192397209581216444e+01 3.608893410853260519e+01 3.383520993318454373e+01 3.681394005195116392e+01 3.439159517589695980e+01 3.862804357248911913e+01 3.786730628573903346e+01 3.290057447797720869e+01 2.779463851310269717e+01 2.135309420318474238e+01 1.123087491673949323e+01 1.768510544803300277e+01 2.724993374334272289e+01 3.309541190423411905e+01 3.724079253405543710e+01 3.194653652619400930e+01 2.779150436136965752e+01 2.217019615331071947e+01 3.194237861299159320e+01 2.523449768083801104e+01 3.364745192219628933e+01 4.229357021046327958e+01 3.838261698130379784e+01 3.838257558305060968e+01 3.861654337432499773e+01
1.349999999999999985e-02 7.084567811865484899e+00 1.708456781204636243e+01 1.729856986529656737e+01 1.229856987493453779e+01 1.729856987493450404e+01 2.436963768669090413e+01 3.436963755553053090e+01 3.721645699051553180e+01 3.305177563004962593e+01 3.247930698279389361e+01 2.235417264788232217e+01 2.179431139818984420e+01 3.025317765275913828e+01 2.942646481486969634e+01 3.359712349705000634e+01 4.072492570573339776e+01 3.884540410710098968e+01 3.381583336601060807e+01 2.966957023219260137e+01 2.362906420645347083e+01 1.329413853736738105e+01 1.207617834175057681e+01 2.251374977518776888e+01 2.590200201579340700e+01 2.292553950928396489e+01 3.309542292730440494e+01 3.940674598605134804e+01 3.646155746587211866e+01 2.940237200228503411e+01 3.646155747999106467e+01 3.534173832381295455e+01 3.945153179461016180e+01 3.838261698130379784e+01 2.854087533864858273e+01 2.854087524339388082e+01 3.126805568909017907e+01
1.369999999999999864e-02 1.001369999999996274e+01 1.405414144853059355e+01 7.298569874934556445e+00 1.177070582993411918e+01 1.677070582993408365e+01 2.384177364117041620e+01 3.384177265279720359e+01 3.159240064324795227e+01 2.292245854319085296e+01 2.478122396414082118e+01 2.607560974260702480e+01 1.586899429227068836e+01 2.299819953503045866e+01 1.926248530791142954e+01 2.646946007708922721e+01 3.608044152784517422e+01 3.471955503755924610e+01 2.461958419265377529e+01 1.946184872054961446e+01 1.574448159389971913e+01 2.362906344457149288e+01 2.253715654090487064e+01 1.382734612209151948e+01 1.540294309197113343e+01 2.590422106104533029e+01 3.114010702820396403e+01 2.928222193419493991e+01 3.940674512153455566e+01 3.942833985387283491e+01 3.994076895142556793e+01 3.575957874780846879e+01 3.642144719183104229e+01 3.747617057726666445e+01 2.758909903846430112e+01 2.127869575433568627e+01 2.729414556043813889e+01
1.290000000000000001e-02 2.012899999999998357e+00 4.054141452319310446e+00 1.405414144855325276e+01 1.436963768691474641e+01 2.436963801853418587e+01 3.091282015700587849e+01 3.456970358671813415e+01 2.445256003217764373e+01 1.724866259164143756e+01 1.459666200747139797e+01 2.022654949927827772e+01 1.281450745301405192e+01 1.281450745301405192e+01 1.665614238319670548e+01 2.178805307161985283e+01 3.191553373713771435e+01 3.884540410710098968e+01 3.381583336601060807e+01 2.803310557471279907e+01 1.778364305268774714e+01 2.803310528838377280e+01 2.867856799872427942e+01 2.014894103557991656e+01 2.590421983483179957e+01 1.773081840145978205e+01 2.091426493051696767e+01 2.817140766806959462e+01 3.830763707231080417e+01 4.332308876646923324e+01 3.282270687363779160e+01 2.551273267319268356e+01 2.627066727834345272e+01 3.339560229500940380e+01 2.758903929284602441e+01 1.722148785925655190e+01 2.316829974359427524e+01
1.359999999999999924e-02 1.001359999999996298e+01 1.405414144855665093e+01 1.819627655505017927e+01 2.436963803102245052e+01 2.851179652151654409e+01 3.612143454616288807e+01 2.897008096092467611e+01 2.478726200663465917e+01 2.022654949924647383e+01 1.013192198853589154e+01 1.013192198853589154e+01 2.022654949927851220e+01 2.299819953503045866e+01 2.685179340305782958e+01 3.102731912966786965e+01 3.608044183721388265e+01 4.149830698350753977e+01 3.149656818953089044e+01 2.431794077454467029e+01 2.018546938906153088e+01 3.036947720052269517e+01 3.456320917390715408e+01 3.041043665708368948e+01 2.976131994709351147e+01 1.953931301057597381e+01 2.976132145623625647e+01 2.825051624649025683e+01 3.876267423178362748e+01 4.046176048475635412e+01 3.636602999419142890e+01 2.924376185293364472e+01 1.897049991656032830e+01 2.463844613813872186e+01 2.361552032335488249e+01 2.257601426619106277e+01 1.230294997462901208e+01
1.379999999999999977e-02 5.022367732113559136e+00 1.214160237093927286e+01 2.219506663297612192e+01 2.562086890828887675e+01 2.422742191617500396e+01 2.680283314732693611e+01 2.181872728751902457e+01 1.463628443285010938e+01 1.836722008455747002e+01 1.013192198853589154e+01 1.013192198853589154e+01 2.022655021623923233e+01 2.701944262347970493e+01 3.040102158194811111e+01 3.456789625793634002e+01 3.960511635705901767e+01 4.440768432399153198e+01 3.442600965863007900e+01 3.282618598264980392e+01 2.269691618255719234e+01 3.282618598264980392e+01 4.189182168730167177e+01 3.184497653270131323e+01 2.597393828296254625e+01 2.138515452511795800e+01 3.157248984838026473e+01 3.874912979495590548e+01 4.280399552096926641e+01 3.650426203959980853e+01 2.656540721416729411e+01 2.951157251914993296e+01 2.463679619690446643e+01 1.406083843484419305e+01 1.283713359562164769e+01 1.160927404212644554e+01 1.040734896634328521e+01
1.349999999999999985e-02 1.001349999999996321e+01 1.914503849205144448e+01 1.843049144290543140e+01 1.670891608145989338e+01 1.430429705998171208e+01 1.702229169621968197e+01 2.054592318164372244e+01 1.732243846669134868e+01 8.326727222211545154e+00 1.785196906601259670e+01 2.022655021623923233e+01 1.390739988905075286e+01 1.682692573935664271e+01 2.025628470654285707e+01 2.535770639538372961e+01 3.544433676851251391e+01 4.268846892275177396e+01 3.271806446799806878e+01 2.687477352692281940e+01 3.282618598264980392e+01 3.695699141265158971e+01 4.602868199448260356e+01 4.023823046225290767e+01 3.363906521325674959e+01 2.344800129527879307e+01 2.931603197122431936e+01 3.913146497415988989e+01 4.150933676757170332e+01 3.225441789034763218e+01 2.523913797518103763e+01 1.934899655322957912e+01 1.579809039813589600e+01 2.463806271623886701e+01 2.061440087819914169e+01 2.259742548815503937e+01 1.373085122280040338e+01
1.359999999999999924e-02 1.001359999999996298e+01 1.159030853196753164e+01 9.093597817367312430e+00 1.235170216245382946e+01 7.352644045432129793e+00 1.368132550974908668e+01 1.353741838439340128e+01 6.636360491466142264e+00 1.275537545857991262e+01 1.372512190676264154e+01 1.386878033664328846e+01 2.405900017267729751e+01 2.701944262345863379e+01 3.040102158194811111e+01 3.456789625793634002e+01 3.960511635705901767e+01 4.679587324893138600e+01 3.693205322687027348e+01 3.401481308074912846e+01 3.401481308074912846e+01 4.397489395233517229e+01 4.405258805497897612e+01 3.989447224537374836e+01 3.591636557397079343e+01 2.573849850473330036e+01 3.589344895874215524e+01 4.303843105121870138e+01 3.977717558238974505e+01 2.976550490043493369e+01 2.775411530399501814e+01 1.753240128341545656e+01 2.615210746611877113e+01 3.030166376031288777e+01 3.086864632051022284e+01 2.819583226501067230e+01 1.773760682750256024e+01
1.290000000000000001e-02 1.001289999151834387e+01 1.590526664128129042e+00 2.248478359087537903e+00 2.913668464323988960e+00 3.583317994501745929e+00 4.271746385304690641e+00 4.977092000481989409e+00 5.868095677366908625e+00 1.579833578118937432e+01 1.292048356287916100e+01 2.145439878828123170e+01 2.865215907690638630e+01 3.426273592301694748e+01 3.902518633614668175e+01 3.481240926072613462e+01 3.705002678836093821e+01 4.118375563411304086e+01 4.687875301149942686e+01 4.397489395233517229e+01 4.397489395233517229e+01 4.808245068052724491e+01 3.989447224537388337e+01 2.975225067965727632e+01 2.975225067965727632e+01 3.163917342894710671e+01 4.008638798434896700e+01 4.162938724292575898e+01 3.184850132857929594e+01 2.976815116034604358e+01 1.959485770954057671e+01 2.775411530399500037e+01 2.034569953953782928e+01 3.049677527726182902e+01 3.746857985648919964e+01 3.254773537687459140e+01 2.244882964191884511e+01
