output/example_1/elevation_000118.asc
nrows	75
cellsize	13.33333333
xllcorner	0
ncols	75
yllcorner	0
NODATA_value	-9999
[rows 0 to 16 of 75, columns 0 to 36 of 75]
1.369999999999999864e-02 1.001369999999996274e+01 1.554172761781897982e+01 2.128543529080175034e+01 1.714307646476504843e+01 1.880974721663658400e+01 2.294797974275101637e+01 3.000469475388063145e+01 3.168863615952491841e+01 3.583046418740924111e+01 4.141850338159839851e+01 4.556094700466351100e+01 4.693499169508346114e+01 4.274125250325209890e+01 4.274125250325209890e+01 4.274125250325209890e+01 4.693499169508346114e+01 4.334398181766801628e+01 3.933090967820289308e+01 3.933091820063840771e+01 4.334410223529223316e+01 4.743904321247806166e+01 4.661711154580462591e+01 4.243106735568984078e+01 4.111081573887663154e+01 4.530128087703259609e+01 4.875617134631916372e+01 4.297776514276422688e+01 3.885974172760445811e+01 4.297772771053627849e+01 4.476347619713608594e+01 4.436290433479479134e+01 4.145292638648268024e+01 4.145292535423909186e+01 4.558157912477308571e+01 4.528073390009461718e+01 4.106175207051610698e+01
1.279999999999999888e-02 1.399550490563073124e+00 1.139955317203288843e+01 1.487851783591060517e+01 7.143059562935639484e+00 8.809726229602311776e+00 1.588077871437236510e+01 2.352333109999878147e+01 2.168868798801702980e+01 3.009129668655444334e+01 3.141841235541626887e+01 3.978728141128238605e+01 4.274125250325209890e+01 3.264242420834425928e+01 3.264242420834425928e+01 3.264242420834425928e+01 4.274125250325209890e+01 3.784328476628349591e+01 2.986981281594481530e+01 2.986981281681006450e+01 3.386854662727841969e+01 4.334411311490288909e+01 4.243106735568787968e+01 3.225126018752344237e+01 3.092989199704826575e+01 3.943418591224630632e+01 3.885974149868878413e+01 3.809493798094678141e+01 2.916707611849894732e+01 3.809483327773781269e+01 3.494537863057698956e+01 3.453511600745420651e+01 3.166966627039262860e+01 3.166966627003592549e+01 4.145292535423909186e+01 4.106175207051610698e+01 3.104944081374918596e+01
1.299999999999999940e-02 1.001299999999996260e+01 3.419855579667496315e+00 4.878505494646444340e+00 1.487851783537831807e+01 1.880974721640349401e+01 1.139171512707393141e+01 1.352372229063005449e+01 1.594907854099365885e+01 2.594908960854499469e+01 2.564490453330174091e+01 3.564494813571138110e+01 4.178135427088439258e+01 3.557430138790589069e+01 2.571643299256310300e+01 3.155749779015070544e+01 3.570668873074325234e+01 3.361469942212653450e+01 2.447162766486770380e+01 2.447162766486794894e+01 2.986981281682162859e+01 3.933091859533411849e+01 3.491837174085477358e+01 3.072542260291464444e+01 2.515392768461080308e+01 3.523285667591539294e+01 3.885974149869391425e+01 2.916707611849891890e+01 2.434477296584229933e+01 2.989068841226671225e+01 2.810838363142500285e+01 3.039488138506515469e+01 2.482540517106879463e+01 3.453511651369416313e+01 3.906089254875158900e+01 3.487797624181278877e+01 3.398197888550490120e+01
1.369999999999999864e-02 1.001369999999996274e+01 1.341986342363052565e+01 1.487851783591061050e+01 1.194957746504966778e+01 2.195015005780186002e+01 2.139190799821306754e+01 1.716521734664926413e+01 2.594873238774976087e+01 1.987140124499447680e+01 2.564490453330173736e+01 3.564494813571138110e+01 3.789187115789146532e+01 2.831544204004611842e+01 3.011646508462832017e+01 2.175892221832525308e+01 3.045579244930030782e+01 2.966611716832947465e+01 2.019797974659020312e+01 2.966611716832947465e+01 3.784323398331777355e+01 3.135361516706475982e+01 2.716835851491021003e+01 2.066518104675723677e+01 2.776251298127623102e+01 3.787851632041751770e+01 3.973103309477971834e+01 3.610041943115317054e+01 2.699837093232976670e+01 2.001635459774932002e+01 2.678823083919217041e+01 2.051766258794022946e+01 3.039488153793305614e+01 3.862562269740449494e+01 3.487797624170149646e+01 2.501246707446546935e+01 2.790200780998566188e+01
1.290000000000000001e-02 1.001289999999996283e+01 1.431126618752699819e+01 1.919579540801620965e+01 2.195008444956696891e+01 2.609640736649239301e+01 3.129682086479023440e+01 2.293871227907792587e+01 3.129682116243924739e+01 2.694247197619269585e+01 3.401368022775110234e+01 3.978728141128237894e+01 3.568440030997778933e+01 2.976878019921810292e+01 2.035711493033737085e+01 1.915740026308202104e+01 1.915740026308202104e+01 2.749395927067936540e+01 1.792310755191666871e+01 2.749397744982096015e+01 3.483309488479403626e+01 2.715126255939368249e+01 1.702080679011594100e+01 2.716835848181830215e+01 3.491769412982965548e+01 3.613588389533465062e+01 2.916301813777079133e+01 3.613542991463454968e+01 2.793611901540891296e+01 1.749107091913287348e+01 1.662833983993541409e+01 2.678823098118260404e+01 3.446467476224020743e+01 3.256834829885239913e+01 2.930949352563463250e+01 2.517649895520380099e+01 1.802402277128839714e+01
1.299999999999999940e-02 2.594988897471608436e+00 5.268788886951191408e+00 1.029036712893083028e+01 1.610270393341931339e+01 2.319763555150682066e+01 3.317629007747090952e+01 3.293641728451733997e+01 3.706483889311710556e+01 3.694255613621397316e+01 3.828195548568073292e+01 3.717561095071229715e+01 3.152241185423399727e+01 2.163632446221194527e+01 1.579383526403622362e+01 2.581468166031730860e+01 3.058825757635584353e+01 2.390785008217851626e+01 1.580372583658612662e+01 2.545346121130814510e+01 3.074362971500426411e+01 2.068312394469834459e+01 1.481973447659144583e+01 2.199382559071055354e+01 3.209165407474698384e+01 3.160087859765745932e+01 2.214705655745225243e+01 3.006863642259168756e+01 2.599295156183156763e+01 2.443643682748623647e+01 1.424470621932960412e+01 2.216050601549533994e+01 2.632894789678450564e+01 2.259802715350175362e+01 2.259802872614925207e+01 1.514671679534612991e+01 2.517649895558159656e+01
1.299999999999999940e-02 1.001299999999996260e+01 1.531369986672458872e+01 1.106907267145459350e+01 1.687953809062180355e+01 2.689271313572277577e+01 3.477978750667303132e+01 3.064133196977425655e+01 3.477978750667424634e+01 3.828195553292636788e+01 2.807534127777497801e+01 2.695463906363555040e+01 3.105583894342899853e+01 2.106520398379086600e+01 1.389827149889511126e+01 2.153992190344539992e+01 2.570885942170503924e+01 2.349883187592908840e+01 1.389237553797121905e+01 2.353018746703737207e+01 2.459579460412805574e+01 2.041654676028797866e+01 1.298789584761931337e+01 2.004115069498823587e+01 3.015080064449688280e+01 2.750094264143466560e+01 1.768715868210741249e+01 2.558129140539898927e+01 1.688898953630477706e+01 2.033518773779545086e+01 2.033585394556827453e+01 1.219711009950215796e+01 2.086909258767061459e+01 2.086919445291653119e+01 1.247988405926408007e+01 2.086919471958569972e+01 2.502066961665508416e+01
1.290000000000000001e-02 5.012899997995320156e+00 1.208396399551707390e+01 2.111164925021392946e+01 2.524858958504017181e+01 3.101912530989486072e+01 2.969916089545755256e+01 2.040853676252002558e+01 2.969916089545755256e+01 3.629127905898878481e+01 2.608085767807655841e+01 1.971079299469287704e+01 2.994829301683655487e+01 2.765904462858707547e+01 2.125035124251786556e+01 1.150011983804179927e+01 2.127900972222506581e+01 2.173927403648891499e+01 1.225319520792471550e+01 1.931864586731757072e+01 2.039226967510888144e+01 1.064116656009203155e+01 2.017016335052878162e+01 2.364387616339145026e+01 2.417774305026865633e+01 2.294285533554257839e+01 1.410955044384383328e+01 1.960747845298200431e+01 1.872953054244282001e+01 1.056095160527937082e+01 1.056095160527937082e+01 1.086965731990460604e+01 1.086965731990460604e+01 1.086965731990460604e+01 1.086965731990460604e+01 1.086965731990460604e+01 2.033058189359361023e+01
1.349999999999999985e-02 1.001349999999996321e+01 1.915407177865867183e+01 2.622111634691145099e+01 3.140759857643345399e+01 2.725129290581103803e+01 2.552497784914371692e+01 1.523503402942244911e+01 2.552497784914370982e+01 3.151930565128257911e+01 2.608085770615148746e+01 1.584999704041809565e+01 2.608085770607565834e+01 2.721084586596973764e+01 1.701092435183353757e+01 1.005878032963674329e+01 1.773094570750723165e+01 2.044314437831286568e+01 1.929517607452650196e+01 1.027099995183980674e+01 1.707578800786200190e+01 9.118476040489264633e+00 1.655848362700544385e+01 1.537880192773224586e+01 1.161567259023725995e+01 1.019150839739709724e+01 1.866912296302425034e+01 9.897284233396627329e+00 1.961190383126452375e+01 1.056095160527937082e+01 2.028043176050126561e+01 1.634386530104816160e+01 2.086904720370458577e+01 2.086919445162657638e+01 1.086965731990460604e+01 2.086919458211742295e+01 2.170496407909984526e+01
1.379999999999999977e-02 5.389113204684691460e+00 1.217354621074355059e+01 2.209473741605988906e+01 2.554905968934796334e+01 1.705784497826934754e+01 2.209500004843803822e+01 1.184927961596876322e+01 1.712971683530027889e+01 2.735342248009747124e+01 2.312839265808260691e+01 1.297628973872009794e+01 2.312839265795668453e+01 2.513414660685880264e+01 2.061605062642764707e+01 1.773089687325166608e+01 8.155990303684522047e+00 1.634683315832495154e+01 1.938898095207390071e+01 1.600333470802207358e+01 8.484034748239606571e+00 7.533430394559095689e+00 7.929794711023422593e+00 8.338309986799430362e+00 8.741047481259618834e+00 9.116059576764920180e+00 9.433938603819751023e+00 1.891917024167531025e+01 1.024633082541626372e+01 1.987090244331233180e+01 2.466627851772111413e+01 2.563555961054635546e+01 2.981687721096685806e+01 2.500794551080285189e+01 1.793752922948314676e+01 1.162151369299760439e+01 1.162151369299760439e+01
1.290000000000000001e-02 1.001289999999996283e+01 1.710583186772734265e+01 1.993203713934304844e+01 2.136608200464453589e+01 1.128865748345918441e+01 1.554788265292064153e+01 8.987449561645750151e+00 1.900580177203347532e+01 2.128209348058535255e+01 1.707663839999164779e+01 1.050015155036720849e+01 2.049296343635072404e+01 1.899651246682492456e+01 1.070420242196631655e+01 1.484458074165732633e+01 6.907406210101045829e+00 1.305906509287891915e+01 1.490975094544740109e+01 6.718968105815370961e+00 7.024483478768375200e+00 1.479903114523926533e+01 1.251737723598246177e+01 1.705194014198578500e+01 1.781637610988308751e+01 9.601775186915297411e+00 9.433938603819751023e+00 1.012390259856496932e+01 1.967153245484621493e+01 2.413057261190283498e+01 3.216490459864646567e+01 3.211803599188900904e+01 3.628533934540191552e+01 3.201886893877859563e+01 2.587218948593124068e+01 1.881663026344283196e+01 1.162151369299760439e+01
1.359999999999999924e-02 1.001359997442736294e+01 3.831419111674989164e+00 1.131957660739339211e+01 1.558189057411084377e+01 1.485905595666360668e+01 6.266774094552737928e+00 1.541550108441337663e+01 2.206947687722552942e+01 1.705836903760467749e+01 6.966584271402123996e+00 1.686345263329817001e+01 1.940627274949893177e+01 1.483828648924579241e+01 5.376957905554673900e+00 5.376957905554673900e+00 5.705934010659604816e+00 6.023123747937248140e+00 6.313124070564557933e+00 7.748709495738342667e+00 1.712421990034728481e+01 2.207670273495975977e+01 2.216182197566861944e+01 2.131155123454924905e+01 2.243427406832803683e+01 2.301374100288970226e+01 2.398331801725888113e+01 1.991551117602523746e+01 1.093529785470803439e+01 1.800890398042584195e+01 2.583636674306486114e+01 2.218705983487524591e+01 2.918693404204811159e+01 3.919434207189311792e+01 3.297092411193303718e+01 2.589378226531508531e+01 2.174377905859832438e+01
1.349999999999999985e-02 3.166695312954160846e-01 4.139151405281936924e+00 1.047168463561290963e+01 6.478366060449269881e+00 9.701070769461292542e+00 5.035628357804686317e+00 1.284857434101073181e+01 1.309102661539086121e+01 1.292882284762401213e+01 3.905338301707454995e+00 1.278736002368854408e+01 1.038674180715646855e+01 1.456601365941204129e+01 5.376957905554673900e+00 1.468798987877206663e+01 1.132469357473705074e+01 8.313994027891752125e+00 1.619080991631394184e+01 1.725737469418686487e+01 9.957889111781398128e+00 1.980917440107341676e+01 2.673324444998228699e+01 3.012912026251532183e+01 3.154048746626321531e+01 2.862641565239693975e+01 1.988674941875502711e+01 1.431022236445354245e+01 2.093995381180419812e+01 1.192162304762285885e+01 1.579297488168237429e+01 2.203860413202908575e+01 2.618307385856477509e+01 3.195757781523452934e+01 3.492245634544230626e+01 2.505166504421854157e+01 1.807405979438912880e+01
1.319999999999999993e-02 9.916500113088087431e+00 7.466030931825679007e-01 1.050893358090574825e+00 1.355607021664937628e+00 3.073291015349270072e+00 6.261186795178670828e+00 1.127724418000535422e+01 2.858137406591518825e+00 3.170546816251806010e+00 3.486298566621215844e+00 3.802326475611197409e+00 4.115438203642395543e+00 9.241527663831796247e+00 5.039734819148207201e+00 1.645036730187570484e+01 1.643505709621021182e+01 1.485434606417132031e+01 2.423255803430094701e+01 2.389746355450515480e+01 1.696045031164536354e+01 1.268336445486800379e+01 2.044435748347933668e+01 3.121621720497098806e+01 3.784077274618018549e+01 3.241494396043894710e+01 2.605644213025066236e+01 1.712954549782482161e+01 2.203860148293721011e+01 1.192162304762285885e+01 1.192162304762285885e+01 1.192162304762285885e+01 1.781280000144843356e+01 2.781116509052769459e+01 3.266788216527481836e+01 2.298526290090560664e+01 2.794275288066979357e+01
1.299999999999999940e-02 1.001299999999996260e+01 1.309214165831473409e+01 1.097194355300069368e+01 7.102450988108565788e+00 1.793920295811953780e+00 2.104444429750918832e+00 2.416302961908126434e+00 8.164890962652970430e+00 1.264628173451180615e+01 5.635626652215043109e+00 1.165815380158870163e+01 1.310852054803451594e+01 4.557801574505741193e+00 1.416125861010465314e+01 1.911184511579558531e+01 2.568789381959522444e+01 2.579986355505707252e+01 2.953334602674987508e+01 3.100849118474754817e+01 2.511278417161089749e+01 1.531286596522847709e+01 1.922532989518143864e+01 2.473840025385223029e+01 3.373803356339217174e+01 3.680133397104948045e+01 2.864098321969505179e+01 2.006903388187630100e+01 2.618268880217543426e+01 2.203860148293712840e+01 1.271446141444715217e+01 2.203859827069388544e+01 2.406577077426835487e+01 2.788506732653901565e+01 3.202581507710895892e+01 3.266788216527481836e+01 2.890972547493490552e+01
1.349999999999999985e-02 1.001349999999996321e+01 1.746138511469589005e+01 1.939767175725752324e+01 1.191572919689814469e+01 1.512307669342086669e+01 6.229217349229569045e+00 1.278370533467682790e+01 1.475026213585765156e+01 8.753801431926691023e+00 1.572511128379675505e+01 1.870816428496361894e+01 1.711400963215236359e+01 7.835149638610205081e+00 5.576604227821115423e+00 1.521676790607637564e+01 2.044839297204110551e+01 2.465986549841172604e+01 2.874288839819221764e+01 3.396568801879303834e+01 2.807700399677710124e+01 1.829985682745444464e+01 2.214716029173472478e+01 2.627522657042796084e+01 3.534596528201939236e+01 3.289147743552653225e+01 2.439048901315316797e+01 2.864098321969505179e+01 2.991821850139820782e+01 1.994885882970122637e+01 2.286881468366062720e+01 1.392346400241340731e+01 1.392346400241340731e+01 1.788702333842862657e+01 2.370018421677151466e+01 3.360342181807462936e+01 3.434502691882895675e+01
1.369999999999999864e-02 3.347033342382876420e+00 1.334810075034871168e+01 2.326981645171571955e+01 2.207784217979310526e+01 2.174498167435560347e+01 1.196810041616919484e+01 2.174498167435560347e+01 2.093332182211954873e+01 1.179400751466172004e+01 1.493675852930919490e+01 2.380290751619835277e+01 2.395366091590678792e+01 1.788025397538088157e+01 1.513568901970945824e+01 6.545995175460086912e+00 1.629647245475291584e+01 1.458284814507348237e+01 2.443859589378944008e+01 2.494490990699996047e+01 3.103209223383597504e+01 2.939064966229977216e+01 2.306659886385636682e+01 3.256193710006962760e+01 3.959582854222868775e+01 3.289147743552653225e+01 3.023817600072381140e+01 3.680133124232887809e+01 3.407087594630694838e+01 2.991821793489648940e+01 2.563672477824793816e+01 1.557738259123534519e+01 1.392346400241340731e+01 2.406604270847030236e+01 3.185716018068393396e+01 3.776965871063923430e+01 4.422054026417845307e+01
