output/example_1/elevation_000381.asc
nrows	75
cellsize	13.33333333
xllcorner	0
ncols	75
yllcorner	0
NODATA_value	-9999
[rows 0 to 16 of 75, columns 0 to 36 of 75]
1.369999999999999864e-02 3.549233905932734245e+00 7.328878636024999338e+00 1.232887863602498157e+01 1.939994644789040734e+01 2.939994644789033629e+01 3.483472440949719839e+01 3.635630151340294702e+01 3.576112226546844397e+01 3.172728549947504817e+01 3.299200656383527530e+01 3.702521763675581923e+01 3.798575010003529684e+01 3.516515839190802240e+01 3.391543379846358164e+01 3.791768682911988719e+01 3.858200577164603118e+01 4.258745573568838694e+01 4.795460766996576751e+01 4.378538425864057615e+01 4.246588878047769811e+01 4.664176684495942027e+01 4.626859543685345955e+01 4.209167442522738867e+01 4.076593598221950288e+01 4.494158204508277521e+01 4.172951312096250120e+01 4.590990614834315409e+01 5.177323127320151741e+01 4.874857170067791401e+01 4.453912020001169481e+01 4.453912020001169481e+01 4.453912084738882982e+01 4.874860780497748891e+01 5.507760102300353111e+01 5.089428745657183129e+01 5.089428745657183129e+01
1.279999999999999888e-02 1.001279999999996306e+01 1.732887863602492828e+01 2.147101425975515809e+01 2.647101425975376543e+01 3.214434417989395598e+01 2.540993212375299493e+01 2.655941463093061827e+01 2.655941513462919445e+01 2.187421369212207267e+01 2.315842151802510074e+01 3.299200656383527530e+01 2.827045735522731462e+01 2.541457867732631826e+01 2.413804870963903682e+01 3.174833783531994413e+01 2.891774014051346242e+01 3.858200577164603118e+01 4.378538425864057615e+01 3.345404749678823464e+01 3.209807027531514478e+01 4.070432758337698687e+01 4.209183085249153322e+01 3.170582336380456567e+01 3.034158366504631843e+01 3.572832340088213243e+01 3.133527652403436292e+01 3.741107652125806737e+01 4.762860722079125964e+01 4.453912020001169481e+01 3.459938055899271347e+01 3.459938055899271347e+01 3.459938055927493394e+01 4.453912064025278283e+01 5.089428745657183129e+01 4.072342759981641080e+01 4.072342759981640370e+01
1.299999999999999940e-02 5.786502691896265205e+00 1.285757050377090849e+01 2.285757056781397623e+01 2.888926581041820540e+01 2.744774259717783593e+01 1.864888451263772851e+01 2.482474328227772276e+01 1.662993550087384165e+01 1.610166827413639012e+01 2.315842151802589655e+01 3.299200657805749870e+01 2.827045735522731107e+01 1.836006283706937836e+01 1.836006283706937836e+01 2.191141726601107109e+01 2.891774044022302448e+01 3.858212363733287731e+01 3.739725701381536993e+01 3.313896333340876765e+01 2.591465779929135138e+01 3.648002597561291793e+01 4.141446086131295345e+01 3.099388451551139667e+01 2.412992239358661450e+01 2.514167533999840742e+01 3.269504188533015565e+01 4.305156686963584889e+01 4.725413257760038732e+01 4.305807146468439583e+01 3.751066289636104045e+01 2.784137966004725939e+01 3.459938055693072556e+01 4.453911688148088643e+01 5.097507810749067403e+01 4.370240348136204034e+01 3.345862143900906460e+01
1.369999999999999864e-02 7.084767811865485321e+00 1.708476781190262628e+01 2.003294894152455186e+01 1.972055553605443379e+01 1.989790789037946794e+01 1.372325407750350479e+01 1.503260214214500756e+01 1.162379607577841334e+01 2.063764199056038606e+01 2.204613913912577772e+01 2.370390220847052021e+01 2.540957203099247153e+01 1.836006283706937836e+01 2.827045523155334550e+01 2.541457867823317329e+01 3.516516003519795674e+01 4.051827644777713999e+01 3.008232992623285540e+01 2.249578504764458842e+01 2.249578504764458842e+01 2.985440795580625206e+01 3.414551314185307263e+01 3.099388451551139667e+01 2.031970378340675865e+01 2.871829206610621910e+01 2.871860551087785751e+01 3.919773837854872767e+01 4.305807146537831898e+01 3.313162052819419756e+01 3.492643785765006470e+01 2.525940836755547991e+01 3.492643786108894943e+01 4.243412600402616874e+01 4.676795907815754560e+01 3.654817521569209049e+01 3.046947522682226150e+01
1.290000000000000001e-02 1.001289999998473768e+01 1.233363452351284195e+01 1.034093417570398721e+01 1.429864097653422306e+01 1.029424677358783136e+01 1.617057581888419904e+01 7.971292397187476730e+00 9.307600772885569640e+00 1.066843964479135742e+01 1.208270566611511221e+01 1.374967760514311976e+01 1.546573665962382371e+01 2.047843497466891449e+01 3.034070813764305541e+01 3.516515953532989869e+01 3.916974832589581723e+01 4.051832885048093402e+01 3.008233005562873075e+01 3.313896333341109113e+01 2.985440795580625206e+01 1.918943855004452459e+01 2.700407553821369788e+01 2.613197060060296906e+01 1.805507885799210399e+01 1.805507885799210399e+01 2.562708081165994045e+01 3.619111365291384175e+01 4.384245665137314774e+01 3.603901069367455534e+01 2.623276439426323847e+01 2.278445552702031662e+01 2.900894427108422846e+01 3.744053555404546785e+01 4.476060555573187116e+01 3.435749426418484376e+01 3.435711242319214165e+01
1.299999999999999940e-02 1.001299999999996260e+01 2.333634443294917649e+00 3.309534516243450408e+00 4.309534516243450852e+00 5.330155242406362959e+00 6.390153122581826217e+00 1.616280388353517239e+01 1.928130854941579386e+01 1.778758824717550624e+01 2.194921819741678704e+01 1.635199060774309388e+01 2.540238155316341917e+01 2.361196401252708199e+01 3.034070771606914718e+01 4.002162421200364406e+01 4.639357289848658894e+01 4.471218484210329791e+01 4.051832885098535542e+01 3.842359427725784826e+01 2.792852727806138802e+01 2.700407553821369788e+01 1.636920278591782818e+01 1.551122202715806786e+01 2.613196848927284677e+01 2.871778491525732591e+01 2.562691442111247397e+01 3.617983817126427937e+01 3.979251363348920023e+01 3.065607610052213872e+01 3.037737174888088632e+01 2.039647314524589916e+01 2.378747623681881151e+01 3.460609222744196245e+01 4.175400158853531707e+01 3.129468369703874586e+01 2.353502660800431201e+01
1.299999999999999940e-02 9.664625892455915857e-01 1.096646261893350882e+01 1.038060812709588454e+01 1.138085956566090751e+01 1.239740020575981561e+01 1.343214452092107969e+01 1.357888584277258381e+01 2.429900186302905851e+01 2.803044281703790475e+01 2.211543572150196724e+01 2.626246196734375360e+01 2.446877426169126934e+01 3.340800816948045338e+01 3.742063029555548326e+01 4.354274834163656038e+01 3.666568219279406549e+01 4.354274677945349481e+01 4.299569990444273060e+01 4.263807376951552186e+01 3.750919458736370871e+01 2.700407553604762256e+01 2.438596806427811003e+01 1.383182514031592625e+01 2.438157571559320047e+01 3.350762980401970026e+01 3.617977990956587320e+01 4.041106921765726412e+01 3.633889178685625154e+01 3.170308643078727684e+01 2.332959465010872080e+01 1.837122718793126452e+01 2.695332380941891159e+01 3.592362959249985011e+01 4.475872060334658187e+01 3.435731281597917786e+01 3.173497927713956202e+01
1.290000000000000001e-02 1.001289999999787561e+01 1.510859884400795750e+01 2.038103546175439007e+01 2.138242967430484143e+01 2.231960091195923823e+01 2.333811133781604497e+01 2.436216943227698550e+01 2.912814561634212041e+01 3.173196292081618353e+01 2.901029894818761079e+01 3.555120098279859775e+01 3.424366419297240327e+01 3.833323633157179700e+01 4.102900790138205167e+01 3.699893123619362001e+01 2.976377237902471506e+01 3.918544608964849374e+01 3.325555426394635106e+01 4.013914503297869629e+01 3.644798369826505535e+01 2.595378925549382032e+01 2.315061917794747615e+01 1.264242933329017404e+01 1.866723275664527293e+01 2.926726841955969505e+01 3.546064482765515180e+01 3.957926819274176466e+01 3.226671378823062497e+01 2.234819463743675172e+01 1.978571015768657304e+01 1.667796798855139784e+01 2.571113693896597141e+01 3.814464402759059425e+01 4.149503220744560394e+01 3.743744047967684452e+01 2.989246355211657757e+01
1.349999999999999985e-02 1.001349999999996321e+01 1.397571979134161069e+01 1.621205026440981811e+01 1.863773397268198906e+01 2.197174303506519877e+01 2.575262063570367843e+01 2.989965976567433614e+01 3.567887480801378786e+01 4.095941601706196877e+01 3.830301118546636019e+01 3.636358536044127021e+01 4.059383702424243978e+01 4.102900624536665219e+01 3.538896977404597521e+01 2.721379266547795339e+01 2.534886761388249354e+01 2.991296964663591496e+01 2.631257794738025879e+01 3.610837686454714657e+01 3.342346445971883639e+01 2.285974849202633763e+01 1.537764420624558426e+01 1.144453542298724891e+01 1.886265903685595546e+01 2.943675401988400964e+01 2.546341212195841308e+01 3.381649408338044083e+01 3.166660398912276619e+01 2.163572175664059571e+01 1.450773406544435673e+01 2.359036980965795038e+01 2.600882954521413026e+01 3.543280735127207492e+01 3.747403553376535967e+01 2.715347557944496870e+01 2.807124480191222915e+01
1.379999999999999977e-02 1.974961351381841812e+00 3.974961351381991026e+00 6.211029328911298109e+00 8.636385580673985984e+00 1.196971930019012831e+01 1.574937302040343390e+01 2.152326812094955244e+01 3.153004818439045209e+01 3.733690869278773050e+01 3.310223596181178607e+01 2.608655975592641596e+01 3.467126134145027549e+01 3.699893122403387480e+01 2.721379266547795339e+01 2.148381286485483344e+01 2.641664585748402416e+01 2.002387260444087502e+01 2.704556745994047162e+01 3.683549089453432401e+01 3.644798107019845901e+01 2.595378910336692968e+01 2.083858998864505452e+01 1.029135494386804162e+01 2.058509381483184342e+01 2.387695443772002690e+01 1.962243225936342128e+01 2.968873981680684793e+01 2.686012513152333980e+01 2.270446365711745784e+01 1.450773406544435673e+01 1.954549534772933583e+01 2.668197274817594433e+01 3.665096382191752156e+01 3.591517179944846561e+01 2.574592409363499357e+01 1.947579388878228457e+01
1.290000000000000001e-02 1.001289999999996283e+01 9.748419416154888495e+00 1.621147045747961712e+01 1.570769048331790962e+01 1.570769048331790962e+01 2.571148470304775913e+01 2.989965976567433614e+01 3.183970322073075110e+01 3.310223596181074157e+01 2.292946369508687354e+01 2.032055972598434224e+01 3.013318166616026872e+01 3.521266510230707070e+01 3.423741757941576225e+01 2.641588240388829689e+01 1.652183490922343623e+01 2.641664585742876881e+01 3.117796046471608307e+01 3.521512157613437211e+01 3.166795140186954427e+01 2.689715246017353323e+01 2.110198441855148488e+01 1.029135494386804162e+01 1.770648532335003367e+01 1.369028829153280924e+01 2.387695132498746986e+01 2.507523588641199197e+01 2.092154213857248735e+01 1.269897359680325977e+01 2.270446351039314692e+01 2.872723855750263766e+01 3.374891217250255693e+01 4.003809096637127141e+01 3.982732293791463007e+01 3.410540774958018773e+01 3.015441741226509365e+01
1.359999999999999924e-02 1.001359999999996298e+01 1.973766763788399814e+01 2.384946524214059949e+01 2.571148470304775913e+01 2.571148470304775913e+01 2.985809447758526858e+01 3.183970322073075110e+01 2.175941848572457715e+01 2.360918517628194024e+01 2.239904819962475457e+01 1.598467846402182424e+01 2.084573510068830871e+01 3.097226433433400672e+01 3.023533424268920555e+01 2.037599096907351992e+01 1.471824832624450963e+01 2.421444119051434996e+01 2.133005879066926269e+01 3.117796008250444828e+01 2.538229954547851719e+01 1.718877695410474971e+01 2.392601784713033197e+01 1.894378099364493195e+01 8.841617989699267710e+00 1.906272197362147125e+01 2.325690957446723317e+01 1.926062513441839030e+01 1.096479487809541986e+01 2.090777559531219154e+01 2.672588440151679023e+01 3.330669250713518892e+01 3.007402015648735727e+01 3.007406360998707129e+01 3.280079760080953122e+01 3.346444452393371449e+01 3.226546472075519745e+01
1.349999999999999985e-02 1.001349999999996321e+01 1.650881099374523941e+01 2.065094673991628227e+01 2.565094707255392947e+01 3.095879498058493695e+01 2.693051887997654603e+01 3.095879498058493695e+01 2.336377369575726703e+01 1.373492539239660282e+01 1.254008091500047151e+01 2.238381920451052665e+01 3.008976768735612950e+01 3.521266099079558387e+01 2.979308964503877988e+01 1.992548215740221806e+01 1.308091774460036838e+01 1.443379559409678592e+01 2.421319808534882512e+01 2.551144623543596524e+01 2.082267019430917898e+01 1.194024239445058733e+01 1.652182555303969735e+01 1.541824928179811138e+01 8.059109973501970003e+00 1.718258731038019249e+01 1.770590979607748139e+01 9.272953697367874781e+00 1.889145204832217928e+01 2.227872851948729149e+01 2.476085446239448729e+01 2.230877323391590394e+01 2.005312687696009988e+01 2.702331889455060576e+01 2.377741782179691299e+01 2.241197278250837854e+01 2.683651183933305617e+01
1.319999999999999993e-02 3.175477660168381178e+00 6.508810993501719544e+00 1.150881099350173464e+01 2.150881099454400314e+01 2.602566246054644949e+01 1.700578915452770090e+01 2.602566245940746725e+01 1.921044091758861327e+01 9.327285532368856380e+00 1.500423994873112044e+01 2.193583722638227584e+01 3.176787889068225823e+01 3.249745589448214389e+01 2.979953060951826060e+01 2.687394038511148864e+01 2.051527308024666496e+01 1.091988843194674352e+01 1.851527357350538949e+01 1.548379266236632112e+01 1.539219516382149422e+01 1.178579341001185554e+01 6.564076349707916869e+00 6.903117087838090526e+00 7.261672645158595785e+00 7.616939043923195207e+00 7.616939043923195207e+00 1.202773525002083410e+01 1.775850704651234935e+01 1.277601468775657167e+01 1.771303009936207573e+01 1.357586375201390183e+01 1.028832786020009493e+01 1.766157850324016110e+01 1.914315618482404702e+01 1.499600373291549538e+01 2.005098412765586957e+01
1.299999999999999940e-02 1.001299999999996260e+01 1.650881099374523941e+01 2.065094673991628227e+01 2.565094660296987783e+01 2.196531694700922088e+01 1.143380465704820814e+01 2.182940025431536668e+01 1.732102295028500549e+01 7.521620915921660711e+00 1.450047992757888515e+01 2.457886855327441111e+01 2.455617453312014220e+01 2.313156659049530361e+01 2.065849689513785137e+01 2.716579020169250214e+01 2.457379946057957909e+01 1.851527345839538086e+01 8.965680909688050093e+00 7.568956407440045275e+00 1.136114669837902724e+01 6.086776749514418050e+00 1.236314043511376148e+01 1.599596116655111366e+01 1.666110390470250024e+01 9.865011403081913599e+00 1.774090712468114006e+01 8.152656755246347586e+00 8.533153672489648400e+00 8.914736631564959879e+00 9.296342267500936174e+00 9.676618179152578492e+00 1.006517569408725521e+01 1.044987129989415919e+01 1.083422710916656762e+01 1.122688441637432710e+01 1.163441815247785804e+01
1.349999999999999985e-02 7.067300968269774941e+00 1.677357564408361768e+01 1.994878204266181143e+01 1.845687437046378321e+01 1.831461824729696275e+01 6.873362229816376789e+00 1.802080144962567587e+01 1.178315244550516816e+01 5.711758399306837930e+00 1.389202062737630072e+01 1.689910601571847693e+01 1.283758212450488934e+01 1.835494128116274481e+01 1.460017116331951748e+01 2.263745959385710904e+01 1.979713076212733824e+01 2.101314128019241068e+01 1.252438249722171903e+01 1.511781034680712388e+01 5.617860711773096760e+00 1.562309484441197327e+01 1.666048550754226554e+01 2.334433893545629246e+01 1.486658550136305301e+01 1.282207558706860162e+01 2.304525440659607938e+01 2.107625285605247711e+01 1.603712953767476890e+01 1.906241668917198240e+01 1.894154794811644393e+01 1.121277363129909155e+01 1.357368089099171726e+01 1.947539982273254466e+01 1.783831479470856607e+01 2.131847501998451477e+01 2.176194500176011815e+01
1.369999999999999864e-02 1.001369993484927967e+01 1.418408617252303294e+01 8.549279156183839490e+00 9.758959361048017200e+00 1.322559786275948035e+01 2.717564046247534559e+00 1.212763829482554989e+01 1.211758208557640160e+01 1.034637303060126712e+01 3.371119445972164286e+00 9.651769615593934759e+00 6.591350662498500768e+00 9.623363529507264147e+00 1.664665695348289987e+01 1.455318143480736737e+01 1.001571989446746258e+01 1.607654234029903861e+01 1.470088874400419954e+01 5.171387683184428319e+00 9.089116730455025106e+00 1.876431753887279896e+01 2.707011809584544082e+01 2.099196636678692585e+01 2.447109052554445441e+01 2.311651146235345777e+01 1.778612135683005491e+01 2.875559240816481932e+01 2.748453707568285509e+01 2.352827437848939596e+01 1.364387140745454019e+01 2.138196604201154827e+01 2.447670122540829141e+01 2.832771366743828523e+01 2.721531408666423957e+01 2.908980694036166881e+01 2.192885633327887263e+01
