output/example_1/elevation_000225.asc
nrows	75
cellsize	13.33333333
xllcorner	0
ncols	75
yllcorner	0
NODATA_value	-9999
[rows 17 to 33 of 75, columns 37 to 73 of 75]
1.576796311618866220e+01 1.865008874423764951e+01 2.870313213899583715e+01 3.738505142295029771e+01 3.529295516803333754e+01 3.502725896439186215e+01 3.502725896439186215e+01 4.519319052279881532e+01 4.973366562879002117e+01 4.127963461047928462e+01 4.974320898819590298e+01 5.137949284840741626e+01 5.087720242384902747e+01 4.700413092105186763e+01 4.306235359932652074e+01 5.238585466606426877e+01 4.734007018969710145e+01 4.141573022685705041e+01 3.203322723960678786e+01 4.141573022685705041e+01 3.821732975304812641e+01 4.617866539470784915e+01 4.607955796075192012e+01 3.668477947050040910e+01 3.152335859961177533e+01 3.377277264068949592e+01 2.527409379770572428e+01 3.180721748671896876e+01 2.306016501925375195e+01 2.724657557072354308e+01 3.729911446395901464e+01 4.194573737829036730e+01 3.796900171929375745e+01 3.164596013433044064e+01 3.388837004836633326e+01 4.337815738248639263e+01 4.483252687201981246e+01
1.651312089145101325e+01 2.652010281896261290e+01 3.077612523234139275e+01 3.168513288085843627e+01 2.508763179538790311e+01 2.785706172613866727e+01 3.239912589419773781e+01 3.822648738629796838e+01 4.841588150641886301e+01 5.170291846638485822e+01 5.583923936778032981e+01 5.180998233074471671e+01 4.700413083376756873e+01 3.746701365408577544e+01 4.700413092105186763e+01 5.028582855637309734e+01 4.050717264211787949e+01 3.390488448668022414e+01 2.980980994278974805e+01 3.890760944600678073e+01 3.293134382165159479e+01 4.202652700456906132e+01 4.765317160843227384e+01 4.460093069853056846e+01 4.066480468416830263e+01 3.723062264255374743e+01 3.167732398804872318e+01 2.316700355309157899e+01 2.246293384327610099e+01 3.377576079773029250e+01 4.100544118120921411e+01 4.711394186564100295e+01 4.501673379761670191e+01 4.100570777414894508e+01 4.057770590207320538e+01 4.740647863142752527e+01 5.443210893852634058e+01
1.758393297427772950e+01 1.651312089145101325e+01 2.656534776174624923e+01 2.143441997719910219e+01 3.168513288085844692e+01 3.800479138077093921e+01 4.221274185551757796e+01 4.674009313073361938e+01 5.259318210167145224e+01 5.933760827655387260e+01 5.394568100168801550e+01 4.887906691084402411e+01 3.968647398773653379e+01 3.459786996724921693e+01 4.405802740343326462e+01 4.773222351739837421e+01 4.328479397213479984e+01 3.390633953237976783e+01 2.776124790305292933e+01 3.408371030958969072e+01 2.909340651316730231e+01 3.414857975186811245e+01 4.361791270701094447e+01 4.175230832836031425e+01 4.004966143854903748e+01 3.584118039032127712e+01 2.701791135808531052e+01 2.162648246272654262e+01 3.071259981804088213e+01 3.613311416941531462e+01 3.525566847106733093e+01 4.314591179091384987e+01 4.287599089591245871e+01 4.287599089871526559e+01 4.694647072628975337e+01 5.423525000949695141e+01 5.178244020455138497e+01
2.766139093250968273e+01 2.656534766799237701e+01 1.818700625278350458e+01 2.835960225637663612e+01 3.482207879191407329e+01 4.016997063104405896e+01 4.439628794000746126e+01 4.852490530390853962e+01 5.280372544109575728e+01 5.542897730818555857e+01 4.613013750942511848e+01 4.062300968956402158e+01 4.148398073856112944e+01 3.215039188869918974e+01 3.838375885057735815e+01 3.837293789104986530e+01 4.182618894489395700e+01 4.057765520781764224e+01 3.408371030887472841e+01 2.525604287804794268e+01 3.408286292875020251e+01 4.128117301560546082e+01 4.165403651541726049e+01 3.073390541155509581e+01 2.947827276069531877e+01 3.545480551509541556e+01 3.014227900462320520e+01 2.107858940638515577e+01 3.050270350889176996e+01 2.816119613669954447e+01 3.279604443701097694e+01 3.338655642824540593e+01 3.328941644394768673e+01 3.328941644394780042e+01 4.287599089871526559e+01 4.930448620941558602e+01 4.211409647950556945e+01
1.916424352226621508e+01 2.942682694523013254e+01 2.835960345333649002e+01 2.031501386226857520e+01 3.059508022094444613e+01 2.996335362299635108e+01 4.016997797799440661e+01 3.781426937818146428e+01 4.651428474055236961e+01 5.757190156956229998e+01 5.299380933667111293e+01 4.331264028280312317e+01 3.450204268936678886e+01 3.129667053501876239e+01 2.944135649818911205e+01 3.640111262412954574e+01 3.257669275354627558e+01 3.910458563519433994e+01 3.265070006850503859e+01 2.370458971275600746e+01 2.879569879987048964e+01 3.698384053526304172e+01 4.062897680490905827e+01 3.248689218574369164e+01 2.242988292369964043e+01 3.158893017171221018e+01 2.701526152750644627e+01 2.053036369581796805e+01 2.187888760030306656e+01 2.325107528130999768e+01 2.325107528130999768e+01 2.494307402626583325e+01 2.665712794368390703e+01 3.609725909257845444e+01 3.562355101026218307e+01 4.108331281749563857e+01 3.662718961988888111e+01
2.942682962931196045e+01 2.245622322536022608e+01 3.277452602186662745e+01 3.059510940526532607e+01 2.263643337815614487e+01 3.295282142484881405e+01 3.095352034810847996e+01 4.138208831320491043e+01 4.760092546044189277e+01 5.283680549598332732e+01 4.791873428729814322e+01 4.094926786333185476e+01 3.554085539739801902e+01 4.050776643004429189e+01 3.640602600099959574e+01 2.768326016910167198e+01 2.656119722561619056e+01 3.372331814185560717e+01 3.128547064041362802e+01 2.219934051148069898e+01 3.013217543344272897e+01 3.396589691693532131e+01 3.543122186692639275e+01 2.605381047205525036e+01 1.909348059121789021e+01 2.865314035504142254e+01 1.980779236391673237e+01 2.907157352975687203e+01 3.111816715058104421e+01 3.263532018849232230e+01 2.325107528130999768e+01 3.270949203582974718e+01 3.608799393605406891e+01 2.665712794368390703e+01 2.895463874117557523e+01 3.152385530831973526e+01 4.108331281749563857e+01
3.526972479778935821e+01 2.498174514949789327e+01 3.526972532415374673e+01 3.718000031479814993e+01 3.295282142484881405e+01 2.531028661726535844e+01 2.900298628813549939e+01 3.288635424212274216e+01 3.809831781038860044e+01 4.886766819007244322e+01 5.127223554021312424e+01 4.205444113909297954e+01 4.475798004462829027e+01 3.979568989719491867e+01 3.074278548160268798e+01 3.639883046917073273e+01 3.371815603198284350e+01 2.492896844671801659e+01 2.380326211552640459e+01 3.012855913960775567e+01 2.091126512265670812e+01 2.898035477769759183e+01 2.580122832823403201e+01 2.605078410029291547e+01 2.799255941720111451e+01 1.909348059121789021e+01 2.853763115802675188e+01 2.417852068452225467e+01 3.335833636138455915e+01 3.639769975871830354e+01 2.752137333894241422e+01 2.997154090008444882e+01 3.946854197853647150e+01 3.328941660286164250e+01 3.429694683629890761e+01 4.108331281370225696e+01 4.108331281749563857e+01
3.803625754801338843e+01 2.776188186044596051e+01 3.497034086047444390e+01 4.539588493933330682e+01 3.945391717641594909e+01 2.924857266795524424e+01 3.049230167333054453e+01 4.070061737486967246e+01 4.760092562642326897e+01 5.323061207973005082e+01 5.507914482526831534e+01 5.127224674798601711e+01 4.904674168701510695e+01 3.974890484092237841e+01 3.342503491182321085e+01 3.894115109806338637e+01 2.990084492510095870e+01 2.951643240104643340e+01 3.271615155144225184e+01 3.383671784177818864e+01 2.898035219579487531e+01 1.964310386341965042e+01 2.784913463394618915e+01 2.526722725526016688e+01 1.839850854342000730e+01 2.799248284931901054e+01 3.188122616912517415e+01 2.750782089056165347e+01 3.669890097026839015e+01 4.096150428543954547e+01 3.295119989230723689e+01 3.947518185814832492e+01 4.351377430150111536e+01 4.287601352971442026e+01 4.385201024898887567e+01 4.793765877412675280e+01 4.655603391309788464e+01
3.497634194093804894e+01 3.497634352761456711e+01 3.497634132482919256e+01 4.542338828379399729e+01 4.369062689136026023e+01 3.434433982709751376e+01 4.070061737486967246e+01 3.693797764734945588e+01 4.417033477377265172e+01 5.442963547033194516e+01 5.665193272270676061e+01 5.183499679076224709e+01 4.421649856586098082e+01 3.801318237236763053e+01 4.261196316764468861e+01 4.283709880439563733e+01 3.498264024130904915e+01 3.494904395260932972e+01 4.112408272218432614e+01 3.060338714988121467e+01 2.460255106683742099e+01 2.785563217352740750e+01 1.842897664815831860e+01 2.447046426489062654e+01 1.791746342697328487e+01 2.384772986008932705e+01 3.405635697721163524e+01 3.399032813819620458e+01 3.399088888779374429e+01 4.323932855445202250e+01 4.247551176141219997e+01 4.653067189592397312e+01 4.573082092038971780e+01 4.979995920558837952e+01 4.499553404252417010e+01 4.078767223849493462e+01 3.656461526293073661e+01
4.542354751672952062e+01 4.542392454290126125e+01 4.542329586791113627e+01 4.978274330906242540e+01 4.880228102171570015e+01 4.456360179095077001e+01 4.880228102171567883e+01 4.717521437764497705e+01 5.140645265142675413e+01 5.224679558290470993e+01 4.552795153400226269e+01 5.219383620543045055e+01 5.087150192264256532e+01 4.347444490878134360e+01 5.087150522634324545e+01 4.824240874462869044e+01 4.434628114366630314e+01 4.354324870115830493e+01 4.611504047933033235e+01 3.761921802877644438e+01 3.342853895375736073e+01 3.158465471022577020e+01 2.667768268457103176e+01 1.723465075011945657e+01 2.606788996905828881e+01 3.203227981582556083e+01 3.795592732395826374e+01 4.323352771414586471e+01 4.323932855445200829e+01 4.714158003488908832e+01 4.675358184350108814e+01 4.415901203135675956e+01 3.592727087468884406e+01 4.415900852670418431e+01 3.925739565373206119e+01 3.094003150575393235e+01 3.094003145730458471e+01
4.470802979117411269e+01 4.877435739884122512e+01 4.646642582530540722e+01 4.240213265888085203e+01 4.646605121763618484e+01 5.028898738217112907e+01 5.316714383047042247e+01 5.322778453794669673e+01 5.611669727990449275e+01 4.733657829341459689e+01 3.777157062333303372e+01 4.733657828924814481e+01 5.604864666998063427e+01 5.230467564196835184e+01 5.212316949305552072e+01 4.811201144039705468e+01 4.576615942562487760e+01 4.184608282857670503e+01 4.080173245412245819e+01 3.918947861875477656e+01 3.532718079123702637e+01 3.333274784684640224e+01 2.374452820505707251e+01 1.678896935980726468e+01 2.003156855159920724e+01 3.264852202188740904e+01 3.321197199980271364e+01 3.719625079583149585e+01 4.195685369577466162e+01 4.376392419067943962e+01 3.672194406075191608e+01 4.002022891412477890e+01 3.031695917721652478e+01 3.486788454325369457e+01 3.510213416541733977e+01 2.517750751851407287e+01 3.510213419437975091e+01
3.497128762087218945e+01 4.389423527824443028e+01 4.157665650541121494e+01 3.264136392795317221e+01 4.156620554636757703e+01 4.054971859877836948e+01 4.340228438163565983e+01 4.348323642667176614e+01 4.633734848886562929e+01 4.318265094515907521e+01 3.326809138551704592e+01 4.270610508375668246e+01 5.100519798447529496e+01 5.206937048443912630e+01 4.662882694042362886e+01 3.874305864482954576e+01 4.184608282857670503e+01 3.258883747783276874e+01 3.154469007206008868e+01 3.154350728359823464e+01 2.608732792388221355e+01 2.852263053562376882e+01 2.614331963822418103e+01 1.631463129060661288e+01 2.374508464383050566e+01 2.839030577457656079e+01 2.371651517536116671e+01 2.849184853010015317e+01 3.793209553695391634e+01 3.878241870979301353e+01 2.981704677921822721e+01 3.878167347543313781e+01 3.486784025860956149e+01 2.496277162185609555e+01 3.188216814782269637e+01 2.517750751851407287e+01 2.517750751851407287e+01
3.007130635192204693e+01 3.983965870602314396e+01 3.752151716428907235e+01 2.772577580157542343e+01 3.752151261019455575e+01 3.364712143732591443e+01 4.071752796972731403e+01 3.660353382029992275e+01 4.633734848886562929e+01 4.000274639897692452e+01 3.014532421860841538e+01 3.712863458947081341e+01 4.573846571346658862e+01 4.808869753358716537e+01 3.874279176523923240e+01 3.340472853149562837e+01 3.831206015393907194e+01 3.530022186595781619e+01 2.610098836733070726e+01 2.223304544088472667e+01 2.057988577983726586e+01 1.900207759096745264e+01 2.638538357721856187e+01 2.534968041716757980e+01 1.561439019710743636e+01 1.880383971948574739e+01 2.846424408962466401e+01 3.719625071353061685e+01 4.195684446164892023e+01 3.469446381278208946e+01 2.480951587993894591e+01 2.974480583839461900e+01 3.161976420726144710e+01 2.170724733866622103e+01 2.183943985371472252e+01 3.188216878974597890e+01 3.510213419730138895e+01
2.660406527428837009e+01 3.638602461072093064e+01 3.425625595367203147e+01 2.445539271935272296e+01 3.339070297054867353e+01 2.925537950133805509e+01 3.094196031736390751e+01 4.071752796972731403e+01 4.459681430979159700e+01 3.727461334196362941e+01 2.750712533268703552e+01 3.200890480204044763e+01 3.885482380416759440e+01 4.851800693076992843e+01 4.662882693253962429e+01 3.831206015393909325e+01 2.911941479486164752e+01 2.697890640077033808e+01 2.494696036450007526e+01 3.154465226821984203e+01 2.999349987700952624e+01 2.373012266690901484e+01 1.674005055151489785e+01 2.268073517554752172e+01 1.511666915676554623e+01 2.489084585809978378e+01 3.094849969255325917e+01 3.663746308912056548e+01 3.651726280558437310e+01 3.244908700981881111e+01 2.974480580670554986e+01 1.985121690173704323e+01 2.654550367456341675e+01 1.896447882649017203e+01 2.183943985452653891e+01 3.188772629244954970e+01 4.104834783106368690e+01
2.929779975388659352e+01 3.298151294804490874e+01 2.892563678941380445e+01 2.150656751493300334e+01 2.358996107752388838e+01 2.630729999807276442e+01 3.610929453501206154e+01 4.155697555642798591e+01 3.745107705815233601e+01 3.182695433762621207e+01 2.505453967259382253e+01 3.484299789671797498e+01 4.116917371532495196e+01 4.674353486726176499e+01 4.489231963288240479e+01 3.558642743382767293e+01 3.558642743382767293e+01 3.343068181062995592e+01 3.142445236059669611e+01 3.801166114162961662e+01 3.697849985741132883e+01 3.037169611312559070e+01 2.461459021374534828e+01 1.442873802018536011e+01 2.394667140262163940e+01 2.731362159394662470e+01 1.994983721092863860e+01 2.943158767825589450e+01 3.244908444228186539e+01 2.266648631388306612e+01 2.553174113632429965e+01 1.727396860845427895e+01 1.727396860845427895e+01 2.683809909759431989e+01 3.188762513942435461e+01 2.693653826698339770e+01 3.189458401385186548e+01
1.952293601198469730e+01 2.673079784778314760e+01 1.914283921969345670e+01 2.605875444803930563e+01 3.339070082254243488e+01 3.610928778875123157e+01 4.016324680576655481e+01 3.751736940759665373e+01 2.773992779713555024e+01 3.054161337339197502e+01 2.305543255709974204e+01 2.746444581781851113e+01 3.308919440302449999e+01 4.269063382719231470e+01 4.883593768902244392e+01 4.489231963288182925e+01 4.489231963286916027e+01 4.269713200171121770e+01 4.051594628732600256e+01 4.047818120588068780e+01 3.611230862682395326e+01 3.194085102017973909e+01 2.779444858923185535e+01 2.339337050891732517e+01 1.379394449264573730e+01 2.306427716370532366e+01 1.320226316448736448e+01 2.404560279455269267e+01 2.840428055652306938e+01 2.436576742026258557e+01 1.624385144743651566e+01 2.553173387673441752e+01 1.828002887492388950e+01 2.514485375259795674e+01 3.505124969384697664e+01 3.683891437370766653e+01 4.104834783106368690e+01
2.555351932491906197e+01 1.695765133534320057e+01 2.576374356361801787e+01 3.275261149379485204e+01 3.990390200154501343e+01 3.842360147853909069e+01 3.440716725566704781e+01 3.249123007438716826e+01 2.847750068723576788e+01 2.077797496317023729e+01 3.054161337339197502e+01 2.831602828973448283e+01 3.318552666956960451e+01 3.996289495366915645e+01 4.961108872984091533e+01 4.837556760483871443e+01 4.361905798054979044e+01 3.961819160693823960e+01 3.694627235584641056e+01 3.429332923107876496e+01 2.683727796964080525e+01 2.799986417335261280e+01 1.829104507648153444e+01 1.644755529893101809e+01 2.349257657681530276e+01 1.320226316448736448e+01 1.750856533156936834e+01 2.357869756421800389e+01 2.322830867174358005e+01 1.512896473249712592e+01 2.436576814337274755e+01 2.926356307184734717e+01 1.938368992491097487e+01 2.938875087885253379e+01 3.752968556210597484e+01 3.573319519813065881e+01 4.261112891259107727e+01
