output/example_1/elevation_000181.asc
nrows	75
cellsize	13.33333333
xllcorner	0
ncols	75
yllcorner	0
NODATA_value	-9999
[rows 17 to 33 of 75, columns 0 to 36 of 75]
1.309999999999999880e-02 1.001309999999996236e+01 1.745093036223543237e+01 1.580603536181983060e+01 1.123682556673284161e+01 1.372040819773341092e+01 1.760037911139130529e+01 1.074816471230235315e+01 1.693097666565208570e+01 7.828687380742529456e+00 1.296918445685899002e+01 8.056117246557999323e+00 5.786652775449732999e+00 1.299893750741876985e+01 9.806611363375422386e+00 1.306052571305528609e+01 5.773459575785109266e+00 1.569564873977351027e+01 2.103332131456438958e+01 2.462149238127836881e+01 2.462149251060511546e+01 3.466298836735187905e+01 3.308734399125702197e+01 3.236323596491481425e+01 2.287267530822759554e+01 3.236323596491481425e+01 3.129262092033835074e+01 2.023210998566117880e+01 3.129262083930391114e+01 2.920268366888479861e+01 1.357355598250879503e+01 2.214773889078601599e+01 1.362752842693755184e+01 2.264235913210413287e+01 1.390492748938466505e+01 2.404816362199759538e+01 2.847117696164436751e+01
1.379999999999999977e-02 4.552484977592333060e+00 1.183551486078053117e+01 2.201029995379388993e+01 2.229134432223806073e+01 2.322889503391979815e+01 2.492591040225849497e+01 2.107025607163216563e+01 1.345605139646223769e+01 1.752998831582348060e+01 1.856468232847592148e+01 8.997735351630661071e+00 1.737713750532684998e+01 2.008786091212623859e+01 1.917384524875207319e+01 1.926940305060909964e+01 1.565815425908228065e+01 6.908091406757017161e+00 1.687194591974365210e+01 1.448975428800571663e+01 2.462149251503883463e+01 2.678526468805178951e+01 3.093958122641451780e+01 3.755379280668523734e+01 3.327631312446113299e+01 3.755379293307042587e+01 3.516690425213774063e+01 2.432000375500133060e+01 3.516690425213774063e+01 3.374627784622850157e+01 2.922894715591346682e+01 2.825634457193434912e+01 1.633966919693626707e+01 2.746283944511849029e+01 2.404241343341145054e+01 1.390492748938466505e+01 2.113137521012410147e+01
1.379999999999999977e-02 1.001379999999996251e+01 1.900114425013597597e+01 2.143014809438422930e+01 2.557022697604066153e+01 2.611594452931513999e+01 3.025844609569129062e+01 2.687748148641064105e+01 2.009344253093479082e+01 2.286364535898289674e+01 2.251454778425345182e+01 1.211319765392581083e+01 2.251181297640875556e+01 2.742199875003682763e+01 2.167098554254062037e+01 1.152828874970540340e+01 9.514347677636646239e+00 1.687194697182473391e+01 8.155316612858868552e+00 1.821361884887692284e+01 1.962680467658617545e+01 1.666167590223727046e+01 2.678526151376905773e+01 3.186490200782021631e+01 3.186648217743048050e+01 3.621585665810758314e+01 3.938054582969741091e+01 3.079114546283445364e+01 3.938054582969736828e+01 4.004536944081798566e+01 3.051698413737197768e+01 2.380307505313137639e+01 2.855310788723688020e+01 2.845900456177417581e+01 2.417111473570548696e+01 1.390492748938466505e+01 1.484116672086418554e+01
1.290000000000000001e-02 1.001289999999996283e+01 1.369559650683643959e+01 1.143025925764066386e+01 1.795087645603734217e+01 1.611588144742342976e+01 2.444655406139240483e+01 2.858896823153673594e+01 2.956041835511796023e+01 3.241348745765762374e+01 2.710657955096876393e+01 1.805788413875300691e+01 2.701981554347347014e+01 2.477490206397226657e+01 1.469100875843054688e+01 2.167098554254062037e+01 1.666291664412687723e+01 2.238667672075687420e+01 1.821361884796699826e+01 9.464438023629364594e+00 9.464438023629364594e+00 1.962678885926721506e+01 2.210057291028975257e+01 2.087454659539456614e+01 2.087456622262790873e+01 3.186611024094623090e+01 4.220402500164144044e+01 4.162720698411190057e+01 4.550062239784588769e+01 4.229667000034029201e+01 3.873036751149304990e+01 3.476443495422446262e+01 3.073740005602824610e+01 2.417111486911300489e+01 1.390492748938466505e+01 1.390492748938466505e+01 2.417111486812290266e+01
1.290000000000000001e-02 1.838641858350554603e+00 3.695595240121074987e+00 5.656756591502918319e+00 7.950913930208539426e+00 1.111319159037694781e+01 1.444652492371215935e+01 1.944652493431980034e+01 2.651759619730701800e+01 3.651778328926268102e+01 3.407604537583623738e+01 2.899549706542311256e+01 2.806038091383382849e+01 1.832878591007496638e+01 2.477490206397226657e+01 2.884066420325678948e+01 2.678168918962243694e+01 3.014732109229655066e+01 2.218859386667386957e+01 1.223140695706563896e+01 9.464438023629364594e+00 9.464438023629364594e+00 1.115976757288807342e+01 1.301338745725801616e+01 2.294771576790876821e+01 2.710244199007455279e+01 3.472638871376651792e+01 3.933036613900089407e+01 4.502129059669117339e+01 4.414774552498731452e+01 3.773781546479121829e+01 3.308633525758772009e+01 2.644234661014875343e+01 1.616744815632609189e+01 2.417111486911300489e+01 1.979115287124111333e+01 2.645820057210553244e+01
1.309999999999999880e-02 1.001309999999996236e+01 1.369559650683643959e+01 1.143025929278684316e+01 1.795092721405620395e+01 1.611588144742342976e+01 2.444655406139211706e+01 2.858896823153673594e+01 3.358913534211158236e+01 3.619771444614109868e+01 4.030956646013054723e+01 3.626352150094272275e+01 2.648832465294302452e+01 2.828210669665548593e+01 2.284415097906158820e+01 3.254991045863286558e+01 3.484894520157615005e+01 2.617476168909711731e+01 1.651453258676961866e+01 2.114981294426569036e+01 1.090039117181810191e+01 2.019207752998264382e+01 2.207616921284412470e+01 2.409298690202832205e+01 1.630231870109581038e+01 1.904320315054595625e+01 2.375762813970636955e+01 2.944652627932835287e+01 4.053230543729516455e+01 3.995441089592481632e+01 2.876057379730221442e+01 2.245966204472046712e+01 1.854097898728858951e+01 2.644234660396138636e+01 3.073740035245036495e+01 2.709473603640510930e+01 3.075294019386188538e+01
1.349999999999999985e-02 1.001349999999996321e+01 1.915563562373067796e+01 2.143028419810814000e+01 2.557267646034070907e+01 2.611594452931513999e+01 3.025844609569129062e+01 3.089761617166904628e+01 3.456411798169169458e+01 2.623614934450531777e+01 3.229157618328809320e+01 3.640734459454526473e+01 3.626352150094272275e+01 3.590837550037328185e+01 2.636381165466982779e+01 3.590837550037272052e+01 3.089619345185505139e+01 2.160098353904619728e+01 2.617476168909711731e+01 2.576831145555499347e+01 2.138851756348006106e+01 1.314293693024134235e+01 2.373553091369947410e+01 3.193140823054854494e+01 2.286879486366098035e+01 3.031004584233298615e+01 2.566874196368334893e+01 3.664808441999506528e+01 4.494817424511514758e+01 4.222190245765033723e+01 3.753053166397528173e+01 3.084031824158746815e+01 2.043313373562488522e+01 2.776927541922519893e+01 3.825447071197547899e+01 3.754058586843028422e+01 3.053162254791112673e+01
1.349999999999999985e-02 5.013499999999990742e+00 1.208456781186544049e+01 2.208456781186536944e+01 2.566997455372998971e+01 2.275189453644766502e+01 2.385044050255463688e+01 2.093127587387690980e+01 2.797893379820725102e+01 2.049163109962307061e+01 2.233501375895088259e+01 2.937536585783644227e+01 3.933193070172593053e+01 3.959989556081509932e+01 3.200819331406054147e+01 3.959989556081539064e+01 3.484894520157623532e+01 2.661477007460201349e+01 3.249661616077185045e+01 2.373847850160013451e+01 1.314293693024134235e+01 1.531931282659227200e+01 2.592454937690490269e+01 3.362122344844559763e+01 3.390315259970456196e+01 3.827998792031922193e+01 3.213227633763614932e+01 4.097826178245178852e+01 4.387501534450951368e+01 3.369716141074113125e+01 2.762661672054164086e+01 2.393671811255473969e+01 3.084031824204075178e+01 2.640162040360210938e+01 3.690369224799740522e+01 3.907700210527728757e+01 2.861109250873249366e+01
1.359999999999999924e-02 1.001359999999996298e+01 1.446184853599300091e+01 2.019689501198320158e+01 1.570354805168548395e+01 1.278499453206608116e+01 1.389130938946018468e+01 1.389130921511622319e+01 2.209303194676959592e+01 1.604767967570107245e+01 2.307828350637987214e+01 3.303484618615571833e+01 3.245822160026044401e+01 3.656086546312477026e+01 4.123710831775572672e+01 4.484421270668254067e+01 3.963197097974991578e+01 3.379999087274438807e+01 2.815843471644401319e+01 1.727307318557863169e+01 2.373847459889707068e+01 2.591387496860387429e+01 1.859433596874791306e+01 2.925687459095714615e+01 3.785147386493055421e+01 4.219311898831249863e+01 4.281679297913406401e+01 4.708108899490815702e+01 4.793162586291419558e+01 3.804263065841682590e+01 3.804263065840565616e+01 2.762836759835141009e+01 3.811617796416136628e+01 3.249001711883756371e+01 4.115115602831291852e+01 4.331076422836407147e+01 3.851543158880998163e+01
1.369999999999999864e-02 9.435716362392071455e-01 7.831578964450289781e+00 1.310380286799321858e+01 1.418516815850112778e+01 5.742790520181049629e+00 6.853225217552015636e+00 1.680377234254130414e+01 1.214917454471674318e+01 2.115773990768668611e+01 2.527397759078789363e+01 2.545954025890236139e+01 2.256059152983050353e+01 3.245822159973419474e+01 3.796294540886545121e+01 4.202805046672673228e+01 4.539625581942397758e+01 4.177423281991403314e+01 2.973450446271571579e+01 2.065192731266700221e+01 3.189725533519512979e+01 3.357545955899431078e+01 2.330655141359283888e+01 2.294434091359558181e+01 2.682814745583333860e+01 3.381501803703921638e+01 4.519686266220244875e+01 5.421383604190764061e+01 5.004305528946789394e+01 4.820490700930652395e+01 4.233461116357528198e+01 3.291780089079205140e+01 4.233461116358592591e+01 4.293288460189113920e+01 4.712645806481059196e+01 4.982498790232533992e+01 4.372777839847118742e+01
1.290000000000000001e-02 1.001289999999996283e+01 2.283184297644010208e+00 3.254383158946176469e+00 4.226089492325013630e+00 1.418540213626056179e+01 1.680802004355534152e+01 8.520314624663070546e+00 9.870121178170480292e+00 1.124299108021133975e+01 2.115788651017475530e+01 1.559439454493040778e+01 2.545954025685480460e+01 3.006901690785018744e+01 2.815002546383264459e+01 3.583713270634055448e+01 3.583238483864900559e+01 4.446753687028520119e+01 3.668620055944347769e+01 2.624995496648665849e+01 3.662904701329613033e+01 3.381426773255635254e+01 3.085908038281272781e+01 2.923416919801790925e+01 3.785147386493055421e+01 4.219311898831249863e+01 4.929536099489579470e+01 4.840552314874774709e+01 3.998643318225465748e+01 4.840552310586157603e+01 4.748483568077147510e+01 4.331455503771302062e+01 4.748483586076345375e+01 4.821648395926685282e+01 4.405932796365311788e+01 3.979202966863781654e+01 4.688747859532742268e+01
1.379999999999999977e-02 1.001379999999996251e+01 1.267235924720041496e+01 3.838697440096410674e+00 1.022274148191499599e+01 7.983758710791871493e+00 1.795431341755761068e+01 1.846284776649493864e+01 1.979889763703751981e+01 2.115794034167670645e+01 1.327881971541212458e+01 2.317283279770751037e+01 1.815769232908580477e+01 2.027305227691417500e+01 2.254002744550390958e+01 2.632501210719475182e+01 3.203361764860638772e+01 3.988905204313385156e+01 4.221437093280907504e+01 3.812302450326041026e+01 4.275415117981330582e+01 4.388412632384018508e+01 4.138127262866044731e+01 4.004507742687892602e+01 4.434592127227588776e+01 4.977544176205385895e+01 4.037316845349481298e+01 4.143394321918546552e+01 3.423684226223952010e+01 4.367494866380165064e+01 4.784162700364623788e+01 4.781461269057008678e+01 5.115567056290199588e+01 4.111992661578415920e+01 3.403251630025116015e+01 3.270501581702322369e+01 4.187322079890803650e+01
1.359999999999999924e-02 1.001359999999996298e+01 1.907414300167549115e+01 1.992632397313301951e+01 1.674153202457294398e+01 1.795431341762112609e+01 1.223613510091355572e+01 1.928484402880059889e+01 2.925518771962244813e+01 2.647498822539125385e+01 1.656944341636058837e+01 2.647498822091432302e+01 2.185498639195200354e+01 3.006776999527980010e+01 3.229735681707564510e+01 2.772792056577306141e+01 3.336115396464122540e+01 4.304562046253208507e+01 4.969869648414709928e+01 4.632457451694153150e+01 5.065919570872521405e+01 4.712381349894062055e+01 4.288973149674904306e+01 4.421981865290666036e+01 4.845172216219389583e+01 4.848613504640387362e+01 3.851282971989490278e+01 3.161443773857948258e+01 3.017710988726728871e+01 3.365703072591688993e+01 4.205079179344801332e+01 3.789288281486185639e+01 4.493728967364067728e+01 4.476836768843006809e+01 3.771781545847930062e+01 2.764748736468894563e+01 3.628606935996533167e+01
1.359999999999999924e-02 5.109792795111737007e+00 1.208812720629146042e+01 2.208469741634853634e+01 2.686120871658425102e+01 2.220509008354897063e+01 1.928484402880041415e+01 1.928484402880041415e+01 2.925518771438951759e+01 3.043745488316729109e+01 2.151295948343998532e+01 3.057144868569298524e+01 2.625202350565972864e+01 3.540324210241459468e+01 4.124677540202914372e+01 3.760229273370359948e+01 4.158376778891943815e+01 4.706007364730781006e+01 4.492147784887269779e+01 3.544494197550642411e+01 4.216170786401801962e+01 4.118135171959952601e+01 3.256781432356356021e+01 3.391098127700517040e+01 4.421981865290666036e+01 5.133492991981511722e+01 4.558203841719845428e+01 3.638332071434955850e+01 2.638986728317652819e+01 2.786663589877840863e+01 3.756536830064118959e+01 3.097690056681216930e+01 4.000154628854023287e+01 4.061212691972350797e+01 3.056386836902697723e+01 2.468570811858943159e+01 2.617929434723831150e+01
1.319999999999999993e-02 1.001319999999996213e+01 1.768786948857539798e+01 2.216000525545745958e+01 2.793350778922511779e+01 3.217378492840244064e+01 2.925518771438951404e+01 2.925518771438951759e+01 3.338013683095068274e+01 3.560326444969837922e+01 3.145672701760880230e+01 3.561115819481968714e+01 3.609947095035340681e+01 3.429987096293548632e+01 4.404304998763285539e+01 4.281304526111010489e+01 3.859289085930039676e+01 4.284880630643763766e+01 4.062687197037710973e+01 3.000868849264147187e+01 3.176154601804305955e+01 3.287042300259002303e+01 2.657949576864879049e+01 3.256781432356356021e+01 4.288973149674904306e+01 4.716551369729731391e+01 3.713756290678073668e+01 3.216069237104849066e+01 3.340802394748635606e+01 2.333327030319469841e+01 3.083129718751703408e+01 2.606018336284238401e+01 3.455588550214289256e+01 4.217614056669740563e+01 3.599032130185747036e+01 3.123268185689364529e+01 2.105361201125591464e+01
1.019999999999999900e-02 3.545733905932739738e+00 8.017869860932332671e+00 1.379137255282860863e+01 2.379137255181459665e+01 2.524137394548775148e+01 2.574009093416782079e+01 2.988036449991465204e+01 2.983339069676342348e+01 3.397478555282619794e+01 3.683506284639614847e+01 3.724725319459740547e+01 4.139992321940763276e+01 4.404371580895459459e+01 4.005741107774807830e+01 3.562286117205127312e+01 2.829568372492148498e+01 3.769256732607160387e+01 4.036040160106388441e+01 3.480767882342077257e+01 2.438224923547760881e+01 2.255594970685188372e+01 3.287042300254147875e+01 4.118135171959952601e+01 4.712381349894103266e+01 5.133492991981511722e+01 4.631540267485971896e+01 4.017872766848185506e+01 3.014834539946279435e+01 3.083049864621435532e+01 2.069528876139045082e+01 3.080328792895380019e+01 3.836699884047252596e+01 3.395931240124895822e+01 2.624499570952917082e+01 2.136857205115358127e+01 2.816461979164949270e+01
7.249999999999999500e-03 1.000724999999996356e+01 1.768786901551744606e+01 1.483638088081455741e+01 1.647664607279841675e+01 1.524532634365987960e+01 1.574485565118695440e+01 2.192835501672975695e+01 1.983343506004189649e+01 2.683363025636440824e+01 2.683363025636440824e+01 2.723797931588618582e+01 3.724725319459740547e+01 3.897105289548039764e+01 3.383135673689302081e+01 2.523009176034145185e+01 2.318669129469535761e+01 3.344245578317295298e+01 3.611156175778585009e+01 2.582900361873630857e+01 2.771588570697543474e+01 2.004254493063217168e+01 2.726741751770078537e+01 3.759332120465150240e+01 4.276477771617931722e+01 4.696384429665396709e+01 5.016787014603438877e+01 4.017872766848184796e+01 3.309721950567246296e+01 2.296866310348541873e+01 1.908984075847406103e+01 2.477046080235364300e+01 3.396899707651844125e+01 2.963267933523917463e+01 1.927865730800941790e+01 1.437389801651264953e+01 2.432761671470056797e+01
