output/example_1/elevation_000005.asc
nrows	75
cellsize	13.33333333
xllcorner	0
ncols	75
yllcorner	0
NODATA_value	-9999
[rows 34 to 50 of 75, columns 37 to 73 of 75]
1.215769706932350580e+01 1.705597340440710497e+01 2.758231998158541742e+01 3.440703645694274826e+01 4.037324355535768916e+01 3.848118688383313923e+01 3.642208251440876410e+01 2.846477411335002472e+01 1.903467987272092898e+01 2.532137868661416746e+01 2.747110885086711818e+01 2.154065496868282281e+01 1.921850936895717510e+01 1.063535553906533693e+01 2.136799447516218819e+01 2.583136852316413012e+01 2.983526504307808480e+01 3.399723941891323875e+01 3.972649779499090528e+01 4.677411507641677701e+01 4.477592157472903978e+01 4.075142658619461855e+01 4.114691757047488352e+01 3.482108406129835032e+01 2.504101304110021076e+01 3.256328109212500976e+01 2.309904439929847442e+01 3.646365324164005273e+01 4.348998235423291447e+01 3.320013367333631038e+01 3.714746204704516686e+01 4.487767315883962738e+01 4.046845363665856610e+01 4.754031736265397257e+01 5.975512931020312379e+01 6.905147620937307806e+01 6.863938840099091010e+01
1.215769706932350580e+01 2.288084467838551106e+01 1.971439728821282955e+01 2.575908046456093814e+01 3.607640739991230561e+01 3.926992172814566118e+01 2.948648995505286763e+01 2.283029344269274219e+01 2.846477411166612370e+01 2.846493082845449152e+01 3.092135603235503893e+01 2.217572609919175264e+01 1.703733926683007383e+01 2.136276651435726848e+01 1.142009936741014187e+01 2.188324978005837806e+01 2.056662462456333884e+01 2.569274901885525253e+01 3.549404721673072061e+01 4.340814640244671807e+01 3.850818501715342990e+01 4.340813465311111230e+01 4.837066659995427642e+01 3.913820677627513334e+01 2.982500722356208556e+01 3.637132335705183550e+01 3.650658380643400847e+01 3.031490002079839030e+01 4.193181746424703960e+01 3.852252415979518929e+01 4.785091619899340287e+01 5.227437322168527345e+01 5.198186283920610151e+01 5.680152646888133461e+01 6.515710651918675467e+01 6.192671724562292468e+01 6.099962776980279244e+01
2.288084467837392921e+01 1.418652604626379699e+01 2.491704660234125157e+01 2.822343304691381505e+01 3.855709810417936012e+01 3.852032332364100142e+01 2.876147140753214160e+01 2.948892521918934406e+01 3.642206936384363303e+01 3.816174813745453775e+01 3.532697117471981585e+01 3.031064569670964914e+01 2.603330441269969597e+01 2.142802839671711723e+01 1.195441245842191869e+01 1.572183728649313039e+01 2.488080711181772386e+01 3.399577545737552953e+01 3.865321633734144058e+01 3.449508069497909446e+01 2.953230000472554906e+01 3.433277592196181160e+01 4.422034685979869550e+01 4.494760767303579030e+01 4.054719123523132396e+01 4.445349241860805733e+01 4.639850444242909333e+01 3.491563606081032134e+01 4.656419813683770315e+01 4.624969329428665077e+01 5.395414671750975089e+01 6.164416865562168368e+01 6.158784749184604124e+01 6.559656762017083054e+01 6.777684316924441532e+01 5.819648202211308785e+01 5.140336396359226256e+01
2.649200192841535895e+01 1.586440407698315624e+01 2.649200192847303725e+01 3.323384853746096468e+01 4.285399580193501379e+01 4.258976505619306607e+01 3.562478386624339777e+01 3.933269910244200673e+01 4.087651789935959101e+01 3.066231587109237822e+01 3.066229670130593021e+01 2.854564979816713688e+01 2.657765497705937463e+01 2.221680602326485143e+01 1.195441245842191869e+01 2.209912139998480640e+01 2.800444936398608320e+01 2.897655930123157120e+01 3.092564764888778583e+01 2.494044764961853033e+01 3.030367585171764233e+01 4.022064619763279580e+01 4.837066659996052920e+01 5.085365267076291929e+01 4.665684583625010617e+01 5.080012887552654632e+01 5.168661896187290949e+01 4.253185299382414541e+01 5.202498368604679513e+01 5.745489630685070637e+01 5.815154744105803530e+01 5.153028406731551314e+01 5.152883859418794543e+01 6.159829803551067329e+01 6.381524150363474490e+01 6.232516423764884905e+01 5.239811152058717880e+01
2.222061317006417980e+01 2.649200192848709179e+01 1.855235361065499688e+01 2.894316330372826229e+01 3.585570509895759983e+01 4.048363331692127787e+01 4.551077395408040616e+01 4.498396924612237768e+01 3.451197353012965152e+01 3.066231607819156579e+01 2.143627191580080904e+01 1.941022882009136907e+01 1.735959054453492811e+01 1.989053508666344072e+01 1.244747856181070667e+01 1.449055016873890622e+01 2.424528957782286298e+01 1.991350417712610366e+01 2.171533643533250313e+01 2.680473212761662793e+01 3.655492298447331478e+01 4.441357223991313674e+01 4.572512017611484225e+01 4.142585141975523300e+01 3.649117233201931754e+01 4.217125057666585519e+01 5.055232831394157245e+01 5.462502470809938870e+01 6.088482256593522379e+01 6.164416865560280456e+01 5.153028406731551314e+01 4.399125840300551005e+01 5.001669956030846009e+01 5.420984181789845024e+01 5.367988890133899815e+01 5.367988890239578126e+01 5.255046997105021234e+01
3.293358437677102302e+01 3.323384853744524747e+01 2.894316330372826229e+01 2.129836096401316681e+01 2.584907158945441807e+01 3.310304599370346779e+01 4.354467927710909692e+01 4.404597834305348414e+01 3.451197370819852495e+01 2.469723307206475127e+01 3.066231604890017692e+01 2.854571453088934518e+01 2.423860053974230055e+01 1.450727276020828427e+01 1.289206576093880763e+01 2.240136819541983471e+01 1.724682637479449099e+01 2.638068230403669645e+01 2.805189259148723835e+01 3.505833190005863287e+01 4.075248037311603611e+01 4.182479436800723960e+01 3.749772721505479467e+01 3.118260621480035866e+01 3.700548614677749271e+01 4.746418272371488456e+01 5.575583401258996474e+01 5.331087608253096732e+01 5.749827090565958798e+01 6.486951125189831657e+01 5.858131467248833246e+01 5.001669956030848851e+01 3.920618760102389899e+01 4.607478539807847540e+01 5.035439006709602694e+01 4.312907784394848676e+01 4.621933885671630549e+01
3.757942944875517810e+01 2.718038362341974334e+01 2.129836096401316681e+01 3.154954134055787307e+01 3.585566694621800110e+01 4.048362731874392750e+01 4.721237971749683737e+01 3.661539324705669429e+01 2.930476717003141118e+01 3.451197370381436969e+01 3.514795024082700792e+01 2.744530777162904656e+01 1.782066104321509314e+01 2.316114849151449917e+01 1.331148450933389427e+01 2.317305208824826934e+01 2.637575556842362801e+01 2.361308976171494933e+01 3.306261113061067647e+01 4.206477109877188525e+01 3.867675661440122070e+01 3.435940310559138311e+01 2.741731670251868636e+01 3.308493267509278724e+01 4.352571770913477422e+01 5.174078361854594021e+01 5.166154124809234105e+01 4.320129093938934517e+01 5.166154169024407850e+01 6.071971005650015485e+01 5.041636204776137475e+01 5.230706165278323994e+01 4.607478539807856066e+01 3.505542541040014726e+01 4.250365417727299189e+01 4.310853833711207983e+01 3.531312020059701950e+01
4.187507984440278364e+01 3.585570523226304118e+01 3.154954147389120678e+01 2.490084702014993212e+01 3.519320724554830804e+01 4.381165145737582378e+01 4.835118367514325399e+01 3.777917980990169866e+01 3.971917866561881993e+01 3.939317543889911377e+01 3.096121250478124054e+01 2.133251131739410411e+01 2.733538098426376095e+01 2.453358628387757534e+01 2.137231292732857213e+01 1.392613112642668227e+01 2.494685695333713227e+01 3.306247801968552125e+01 3.722971315601688502e+01 3.603988413852241735e+01 3.175005191165335461e+01 2.448175576187944813e+01 3.435940310559185207e+01 4.182479433834916449e+01 4.785448886403329993e+01 4.955314619161748624e+01 4.537494329875303833e+01 3.741827887865608204e+01 4.747318454887864192e+01 5.366757337100057867e+01 5.230705969990683712e+01 4.160535578609388807e+01 4.612842917946929333e+01 4.250365417710819571e+01 3.147830522358904659e+01 3.213743662017114389e+01 4.310853833711207272e+01
3.796905154226543999e+01 4.207546649045235654e+01 3.952388327136623758e+01 3.519320724554827251e+01 2.902672625709569942e+01 3.501248826912497236e+01 4.553615727030622651e+01 4.835118367514325399e+01 4.482693792809211430e+01 3.515950680635665293e+01 2.531363430319514407e+01 3.096121250608769415e+01 3.046563700684701104e+01 2.043310474202370841e+01 1.687383277604416776e+01 1.438593740764375362e+01 2.448056719220312871e+01 3.051858377554465918e+01 3.363786649301241027e+01 2.938211555958584853e+01 2.203396448570097377e+01 3.175005191165342211e+01 3.132386824306285078e+01 4.168783211177974835e+01 4.611481989606520671e+01 4.194555130924806718e+01 3.537663433037464955e+01 3.370372788405160946e+01 3.941538776173905489e+01 4.948643481149149892e+01 5.300842215996121354e+01 4.612842917850218782e+01 3.514111781764780318e+01 4.015538112253483405e+01 2.933380091389595634e+01 4.015538098920181653e+01 4.454743987414560991e+01
2.793826887678907056e+01 3.503040582774212197e+01 4.506356988374258066e+01 4.381165220290495199e+01 3.419966290053600488e+01 3.946031413961178202e+01 4.988217734974918471e+01 4.783611549026083765e+01 3.755555997790008860e+01 3.045079870072853723e+01 3.515950680635669556e+01 3.587729947170143419e+01 2.863060359485275796e+01 1.997514616661227649e+01 2.571960133243696589e+01 2.287198053326103420e+01 1.507692489114807088e+01 2.481039886459280908e+01 2.721625473495193148e+01 1.973581534866240261e+01 2.938211555958584853e+01 3.603988413853095096e+01 4.168783232476305045e+01 4.602962649815869156e+01 4.037966460614432407e+01 3.206661907559362845e+01 2.980504842842713487e+01 3.960241692128904134e+01 4.784902102209462527e+01 5.004359862707368478e+01 4.873982707262584313e+01 3.787322625491166406e+01 3.152494372655836230e+01 3.817456000621233869e+01 3.817456000621233869e+01 2.933380091389595634e+01 3.466940890600572089e+01
3.796905154173659014e+01 3.502342231532185224e+01 4.487654344974923504e+01 4.903269690341517162e+01 4.478663697739120408e+01 4.919964646106186024e+01 5.431671156992560157e+01 5.085344938556339400e+01 4.056666486458039600e+01 4.056666475137196670e+01 3.990789805692901382e+01 3.188294725381796368e+01 2.297603728378479460e+01 2.862944731342948046e+01 2.667997649026905549e+01 1.838248380422170669e+01 2.010095530066151426e+01 1.576874879544152286e+01 1.747047068283944427e+01 2.721625473493233827e+01 2.938211555957593291e+01 3.958221583743225835e+01 3.918698428407905965e+01 4.037966444785502063e+01 3.624194697503493501e+01 2.673524004428734102e+01 3.333971357128456248e+01 4.324855867477052129e+01 5.004359991408698249e+01 3.929493477216200148e+01 4.126735207812050277e+01 4.564159228078347041e+01 3.817456000621228185e+01 2.763076191408253024e+01 2.763076191408253024e+01 3.817456000621235290e+01 4.454741943596469866e+01
4.590865414072548845e+01 4.498687759465965286e+01 4.898365387851824693e+01 4.851323120697779245e+01 4.447961334814347367e+01 4.577782298786658544e+01 4.988537597338434892e+01 5.421076262720909966e+01 4.839727336187735318e+01 3.855682181331680169e+01 3.176695780151689874e+01 2.653990723965760168e+01 3.188294725381795658e+01 3.020381403245250240e+01 2.130850776784716416e+01 2.669493474024509183e+01 2.489224045216036529e+01 1.625781877339252901e+01 2.561320448469312794e+01 2.719182334122859146e+01 3.729599250125946952e+01 3.644444917511082593e+01 2.955570806757452473e+01 3.386527018850664206e+01 2.673524004428734102e+01 2.673524004428734102e+01 3.333971357128456248e+01 4.324855867477084814e+01 5.055724108901059566e+01 4.126735207812048145e+01 3.053831273330123253e+01 3.553243948294748122e+01 3.660043223998637529e+01 2.763076191408253024e+01 3.817455987287900143e+01 3.270772180477115398e+01 4.049402908399264334e+01
3.957334491583316805e+01 4.364710818500475398e+01 4.423702012395647643e+01 4.286854570397882469e+01 3.465548202143516932e+01 3.593256927926988453e+01 4.577594665252480155e+01 4.439089429156800293e+01 5.132571556382577427e+01 4.198104057779447373e+01 3.229468876124592214e+01 3.585485378603137008e+01 3.449916871979589672e+01 2.489464151321530849e+01 3.020323104112369705e+01 2.219720342198792906e+01 1.965744264885394088e+01 1.672581204407642375e+01 1.985980495461621231e+01 2.967620733909994257e+01 3.372934890605652924e+01 3.042776782756669363e+01 2.344577315510244020e+01 2.468875953347271590e+01 3.100467947641792676e+01 3.624194710836827227e+01 4.037966460620268094e+01 4.539617517308958128e+01 4.102570796299323774e+01 3.553243934961415107e+01 3.553243934961414396e+01 2.540536102728326284e+01 2.631474404336811901e+01 3.660043223542175639e+01 4.258479542088830527e+01 4.364139823008279251e+01 4.049402908392831790e+01
2.971820961515310344e+01 3.796065912502660922e+01 3.441553028232915779e+01 3.441553028233037281e+01 2.898340798817311281e+01 3.880407688215932893e+01 4.104952226594038223e+01 3.743846510722786292e+01 4.726481408144876184e+01 4.606711390044498700e+01 3.909788276904859572e+01 3.988421375439932604e+01 2.980986382051796468e+01 3.449910334311756799e+01 2.645493880196452352e+01 3.089951327996147512e+01 2.660892534407236099e+01 1.717818472638023763e+01 2.460078036702883963e+01 2.547879591888510475e+01 2.842901014528671411e+01 2.181110045147005394e+01 3.042776782756669363e+01 3.386527018850662785e+01 3.796764397767608301e+01 4.493060847917988099e+01 4.863064123500853242e+01 3.787564146405582477e+01 3.039661177569627526e+01 3.430327727786286118e+01 2.540536102728326284e+01 2.540536102728326284e+01 2.540536102728326284e+01 3.553243961627740788e+01 3.852301208092845997e+01 4.928395202930907715e+01 5.123981950898757987e+01
2.412004429270482930e+01 3.388347989425906803e+01 3.441553028207643905e+01 2.465382089265521870e+01 3.441553028118300261e+01 3.641102446679300186e+01 3.121022133667727516e+01 3.817241420775715710e+01 4.799547556043205532e+01 5.303634504941026506e+01 4.706581725759641444e+01 3.690949618389278442e+01 3.988413021411411563e+01 3.238684000127359752e+01 3.612505507498261181e+01 3.099372606648289974e+01 2.124492200686730570e+01 2.275579579179610690e+01 1.780166593261186847e+01 2.353857702200329527e+01 2.021122462474067305e+01 2.864537825154583217e+01 3.443832882449467547e+01 4.091581851192977837e+01 4.334784182404848707e+01 4.586563250006668113e+01 4.335969608561016742e+01 3.744735067217499846e+01 3.312977732062814340e+01 2.435391067559370626e+01 2.435391067559370626e+01 3.553243948294745991e+01 3.553243961628081848e+01 2.794974172882877994e+01 3.852301208421662437e+01 4.008687569412887797e+01 4.779231639956926614e+01
2.073696646358370543e+01 3.043158403045810090e+01 3.019292743494070308e+01 2.229517974299449179e+01 3.197515541626289348e+01 2.659861901252364547e+01 3.641102446679300186e+01 4.325582838605036784e+01 4.844149017947074043e+01 5.249021347141990645e+01 5.114476823767211044e+01 4.706581725759637180e+01 4.070210463941467083e+01 4.255736130109871596e+01 3.661711476884912031e+01 2.609671787795763365e+01 3.099372608250551053e+01 2.937393215283125159e+01 2.031464310146535368e+01 1.841432894239346396e+01 2.735852427024549627e+01 3.183786033134385463e+01 3.331761182909598773e+01 3.138148940827134581e+01 3.192950963719615487e+01 3.433394649909696028e+01 3.634631997940881121e+01 2.904962497765182050e+01 2.337248995100913973e+01 3.296927251341201526e+01 3.721035133813724372e+01 4.178514457773978563e+01 4.292894159598515103e+01 3.852301208421614831e+01 3.115357849015943259e+01 4.206225366354768624e+01 4.673033722304831628e+01
1.772877733257687538e+01 2.749360085794088349e+01 2.055399565667931228e+01 3.019292743494070308e+01 2.437479870914370395e+01 3.412966404105017659e+01 2.935291351702583285e+01 3.919470285089722239e+01 3.862320392831799865e+01 4.557033943930210285e+01 5.537306123835855232e+01 5.485814579173886329e+01 5.081230678759905572e+01 4.423070916882728909e+01 3.346346079386931649e+01 3.661711478486452620e+01 3.448193176410362781e+01 2.861198539295608967e+01 1.993374745667043513e+01 2.735934839276734820e+01 1.906813214687111468e+01 2.787775810717894842e+01 2.199472097199495479e+01 2.879433244774911671e+01 2.467649738415255456e+01 3.295886897202401400e+01 3.121352036217494330e+01 2.264009958490350272e+01 2.929891508841634007e+01 2.337248995100913973e+01 2.719640110312152004e+01 3.304996217183613538e+01 4.354211212838698231e+01 4.206225366260041199e+01 4.206225366354567541e+01 3.578271087373600778e+01 4.362227477272159604e+01
