output/example_1/elevation_000408.asc
nrows	75
cellsize	13.33333333
xllcorner	0
ncols	75
yllcorner	0
NODATA_value	-9999
[rows 34 to 50 of 75, columns 37 to 73 of 75]
1.953917161555760273e+01 2.829785133419161269e+01 3.213795901840067160e+01 3.223038931447414512e+01 4.194759801695578005e+01 4.106851394304452185e+01 3.128590202466454784e+01 2.487078393488052797e+01 3.449346106978437376e+01 3.615402168173392994e+01 2.576676340473494875e+01 2.024347350006037871e+01 1.695143360469264238e+01 2.297119131054201802e+01 1.420993730964186597e+01 2.402700080399512572e+01 2.027127114260689922e+01 2.266605781884920390e+01 2.553042584043345897e+01 3.641347230869776297e+01 4.565621623906019977e+01 4.790256107086037929e+01 4.210779066217207145e+01 3.792715287889046749e+01 3.584794227307822467e+01 2.451738196234776268e+01 1.619552500798325667e+01 1.305404507930058600e+01 2.338013726690477156e+01 2.836096605737097320e+01 3.337096383953287670e+01 3.386176546626327877e+01 2.681344671359343934e+01 3.135306745131364181e+01 2.425437619428057090e+01 3.441762998043294886e+01 4.182454783837857093e+01
1.821529858379254563e+01 2.610002023085676015e+01 2.260999479596933170e+01 3.222940875399131500e+01 3.888862681377506902e+01 3.481729857721382615e+01 3.128590202556769029e+01 2.168019375237324553e+01 2.751823326266996972e+01 3.157659710719264012e+01 3.194775108051931412e+01 2.465047103541192541e+01 1.735648808419254863e+01 1.312063764852863912e+01 2.232279495054299545e+01 2.259590445301179784e+01 2.976648544256143580e+01 3.227204938222488551e+01 3.091433619330571503e+01 3.144104266715240570e+01 4.135962717138517064e+01 4.369017156868092400e+01 3.370833039299486700e+01 2.806947906120118930e+01 3.223582224666406404e+01 2.907397725387147247e+01 2.305879554832720046e+01 1.261323177862113809e+01 2.305892528586378276e+01 3.022967731108280987e+01 2.314507643034471940e+01 2.759168677216074883e+01 1.939418005712232329e+01 2.103680032523183741e+01 2.632464382338582709e+01 3.222127373623420254e+01 3.918285575250776986e+01
2.501071973138256865e+01 1.635330735043920569e+01 2.610001940056860548e+01 3.085237806160408880e+01 3.334567876262616437e+01 2.532212591095965948e+01 3.334593951976077619e+01 2.751823326266996972e+01 1.787982287153678840e+01 2.430542979941130355e+01 2.641769460609458164e+01 1.990154264767997105e+01 1.745551885513258128e+01 1.239267507874634866e+01 2.297680668308919394e+01 2.984293794131171751e+01 3.438611529797395860e+01 4.020827804865550092e+01 3.885785820028078064e+01 4.112273496031262709e+01 4.565621623978749710e+01 4.237776022907152651e+01 3.242589963179769086e+01 2.680178485879913453e+01 2.241399107578386563e+01 2.505486117540588609e+01 1.301141231890013295e+01 1.261323177862113809e+01 2.237504736997153287e+01 2.411848369594415331e+01 1.560062031938169191e+01 1.714747946155854663e+01 2.759926610291742222e+01 3.135328007006135209e+01 2.520921981860389494e+01 3.531844690602643055e+01 4.407058439502419134e+01
1.510827584459144113e+01 1.510827584459144113e+01 2.298784116274505251e+01 1.984857026442099226e+01 2.421159109225402872e+01 1.975083950958519452e+01 2.933453678345631488e+01 3.157659712750903935e+01 2.430542979941130355e+01 1.456672603318543935e+01 1.846569393357490796e+01 2.033040858842147358e+01 1.143000706378622588e+01 2.129457685997447669e+01 1.610806067167122890e+01 2.620850793725074723e+01 2.794989934536775777e+01 3.412385371374212895e+01 4.251749267945856303e+01 4.635379453311946207e+01 5.062554942788870704e+01 4.658542457321782138e+01 4.080482272261654231e+01 3.406065493842622516e+01 2.422733156353979211e+01 1.812418948809454733e+01 2.260825847698817981e+01 1.218992009362938944e+01 2.210736340714237258e+01 1.351083291477775639e+01 2.412643594703523675e+01 2.760092660630395045e+01 3.178101135269215760e+01 3.941328435525197449e+01 3.531844690602615344e+01 3.009933103491147222e+01 3.508296324877455419e+01
2.512737456816462966e+01 2.338659785576816219e+01 1.352755988351552752e+01 1.251239625292924806e+01 1.443789385955377291e+01 2.307195362120449289e+01 1.990845990235940377e+01 2.404839186165997589e+01 2.251545055062514678e+01 1.241960193665007495e+01 1.756636812001341141e+01 1.050911959237825144e+01 1.768334776992628576e+01 2.532607852017079253e+01 2.155070106040471956e+01 2.132375338077902782e+01 3.082111187033322253e+01 4.016285365337190427e+01 4.173270594149601465e+01 3.602700763061244515e+01 4.466571969588542146e+01 4.533787920257253745e+01 4.106489627778016427e+01 3.821424664335237509e+01 3.250411621203561907e+01 2.838338309569948592e+01 2.475756770976137133e+01 1.770018680185116366e+01 1.161618843469048379e+01 2.215306321768881048e+01 2.801818247901613290e+01 3.104695226240168893e+01 3.532475652388524878e+01 4.040753629573860195e+01 4.407058438785463039e+01 3.997288477571366627e+01 4.407058439241706083e+01
2.261330728617398478e+01 1.826936152211878905e+01 2.329975411665324714e+01 2.047857945764048182e+01 1.113374721055433625e+01 1.893087497607407244e+01 9.143942734611297141e+00 1.925966304228726145e+01 1.765144585909411745e+01 1.851262847051475546e+01 9.629346249322219720e+00 1.938471145364688653e+01 2.439405072275493325e+01 3.179438149561856619e+01 2.720799936301985156e+01 3.126627635049138831e+01 3.540444971046779443e+01 3.875963074365984795e+01 3.151373469656650883e+01 3.019881538750589556e+01 4.039162133509313435e+01 4.106489627778016427e+01 3.100357336750187542e+01 3.395046662021480444e+01 3.094302084826267674e+01 2.827864910692156997e+01 2.876630706165914475e+01 2.135023513959383124e+01 1.123652016334139958e+01 1.218657904106698275e+01 2.548407170940181388e+01 2.101761472967177369e+01 2.603126389191881884e+01 3.608338423216849833e+01 4.494217354027981060e+01 4.066012547768311691e+01 4.201009135459786847e+01
2.757465288004962289e+01 2.745617026980220032e+01 2.509496829512303151e+01 1.536870651328412052e+01 1.970324507428875194e+01 9.937588909601556608e+00 9.143942734611297141e+00 1.755804069657918021e+01 8.836987439406888356e+00 8.836987439406888356e+00 1.851243746237389942e+01 1.423803906955669518e+01 2.131337033887976418e+01 3.112703953994850181e+01 3.437459069717169058e+01 3.871827497211791069e+01 3.786921261290704877e+01 3.362522204903957856e+01 2.446467763033405518e+01 3.450680207745602246e+01 4.158136527203409116e+01 3.974261630595442085e+01 2.971031876520931192e+01 2.397593336006397280e+01 2.097422001151410598e+01 1.835443978009171317e+01 2.475931735991965255e+01 2.107954578694096526e+01 1.085182172435993131e+01 2.056737177274536066e+01 1.600523327892291192e+01 2.603465911966922164e+01 3.532475652310390046e+01 4.040753629558280835e+01 3.896455926418606452e+01 3.030006868657766006e+01 3.164200035456901361e+01
3.510376402989385980e+01 2.587025930523292416e+01 2.032464140973506161e+01 2.509496787345191393e+01 1.792098930150065428e+01 1.965472319380901567e+01 1.704027874798199349e+01 8.043694952493979144e+00 1.736416236329720419e+01 8.836987439406888356e+00 1.565825024212532846e+01 2.418772495550691204e+01 2.075397135792979242e+01 2.880667385303091876e+01 3.926294445210773887e+01 3.794799853993818317e+01 2.781661321220123284e+01 2.356441642234196721e+01 2.144916221149508928e+01 2.720425960841928159e+01 3.731837470873806950e+01 4.400754407689536407e+01 3.817072628500979903e+01 3.395038502360217336e+01 3.094021059094591664e+01 2.476999732943621879e+01 1.461514724040926438e+01 1.124708783535631795e+01 1.085182172435993131e+01 1.190168793116178492e+01 2.177694098537178746e+01 2.757407585405037764e+01 3.222042252201734414e+01 3.637222806073553016e+01 3.467874390051819233e+01 2.444102642296749295e+01 3.164200035456901361e+01
3.915315365871330044e+01 3.380590065934059396e+01 2.587256100634827050e+01 3.166642021921712669e+01 2.763338257736254988e+01 2.491251356413430429e+01 1.458076214545675242e+01 7.529419851932662056e+00 1.623493593759776843e+01 1.846433267426699132e+01 2.298992086026911963e+01 2.971085102831585800e+01 3.090921580504480914e+01 3.506822169417748114e+01 4.092549500781409932e+01 3.074521115197334353e+01 2.781661236738856147e+01 1.771080944703930626e+01 2.781661321219069549e+01 3.443551973970971858e+01 4.029903718437953586e+01 3.737998790714024011e+01 3.317687323851750136e+01 3.737959352734534946e+01 3.343182541316693346e+01 2.872825046225264956e+01 2.399599886378054947e+01 1.987640930789347138e+01 1.048476989785047664e+01 2.042927083011701228e+01 1.345161263325310586e+01 2.342069755018594890e+01 2.219743323842383731e+01 3.222042318607617517e+01 3.116723568794046884e+01 2.444102642296749295e+01 3.030006855324432635e+01
3.352343991583418159e+01 3.930175579922316587e+01 3.527520624721953624e+01 3.259961336962554412e+01 3.018887179419181521e+01 2.104335429460439855e+01 1.947946573140914239e+01 1.643101212021447921e+01 6.724636636847894700e+00 1.653663456216074223e+01 2.421752253135079158e+01 2.943239357053616345e+01 3.463731709222142285e+01 3.040413121392659690e+01 3.463731709222142285e+01 3.074521115197334353e+01 2.067358758347672776e+01 1.549749326410763750e+01 2.010116819505528696e+01 2.593641142318553605e+01 3.604401922824599325e+01 3.235624175362687538e+01 2.317157305309417836e+01 3.235616501822124746e+01 2.818599257195638330e+01 2.034895639667598033e+01 1.957034495728091628e+01 9.964518306255570224e+00 1.989288659729612974e+01 2.452373258579806148e+01 2.342057039411384523e+01 1.507508823420406152e+01 2.513309851732230271e+01 2.878606888508499750e+01 2.097771868573220644e+01 3.116723568794046884e+01 3.896455913085272726e+01
2.860797873958079407e+01 3.428302424376222035e+01 3.259961025601771212e+01 2.283021542883040311e+01 2.462450720224682144e+01 2.132858150283321308e+01 1.216518021008223371e+01 1.432839000274978325e+01 6.116890671935529156e+00 9.723619940825962260e+00 1.468260826141687403e+01 2.508713445764307082e+01 2.957783098462134674e+01 2.032692934820884290e+01 2.957783098431638891e+01 2.570367980944216413e+01 2.146537323326947089e+01 1.346008137932626525e+01 2.091197330655998243e+01 3.107848803520298020e+01 3.478589964349861674e+01 2.817189778337095873e+01 1.839833174654013348e+01 2.817189615710376671e+01 2.415631560543294043e+01 1.579895796102501571e+01 1.358466399064521113e+01 9.590154512060486525e+00 1.568827552697413985e+01 2.654176458101417424e+01 2.928029902667029205e+01 2.513309851733436773e+01 1.686843514909462272e+01 1.867723028667883511e+01 1.867723028667883511e+01 2.966221980897246269e+01 4.009680373710867940e+01
2.038258751473576780e+01 3.018985066193583933e+01 3.152522757333292702e+01 2.176489673004461523e+01 1.493568281744689408e+01 1.976689105076540187e+01 1.530237896158460664e+01 5.314679499041109700e+00 1.384712589725623744e+01 1.958611031110993395e+01 2.421745931574995581e+01 2.943237794290692833e+01 2.536553028106771990e+01 1.540628156314989639e+01 2.341620657925389892e+01 1.915952672358790210e+01 1.100175093833457751e+01 2.146537323326947089e+01 2.811235073498742665e+01 2.729112003584693369e+01 3.060489085101138329e+01 2.073923109004181597e+01 1.526330293075964839e+01 2.112560818299438736e+01 2.250938888203856791e+01 1.852009518303321656e+01 9.060158479728160685e+00 1.905182185861583832e+01 2.533545707399221314e+01 3.068908054621181947e+01 3.328541406208654507e+01 2.328481548040038973e+01 2.696048016695023719e+01 1.995286185198949269e+01 2.885122470919516502e+01 2.423670878101194504e+01 3.022990513177429150e+01
2.860790414429679629e+01 2.971740998268929346e+01 3.383150683252610236e+01 2.871019291498674875e+01 1.978066083026113020e+01 1.018646776716075131e+01 7.551979209556976436e+00 4.818167795945996090e+00 1.261902019183312973e+01 2.288986949124831582e+01 2.649342321837865555e+01 2.639007889580973654e+01 2.184440412908616480e+01 1.213787079813860537e+01 1.750351046350526119e+01 8.654174239129238444e+00 1.824106324221861897e+01 2.131870955566586545e+01 2.176859122741802821e+01 1.764005112670716713e+01 2.291435504712050175e+01 2.102649336587673901e+01 2.110485413390651743e+01 1.151007316694887628e+01 1.750169056026864922e+01 8.544780220415301386e+00 1.594588882034988409e+01 1.991826310451630633e+01 2.320015198178014160e+01 3.232631008375413018e+01 3.743710236326430163e+01 3.036013802370207415e+01 3.398790287877282168e+01 2.989335921582245703e+01 2.323745724157043924e+01 3.298313338223582036e+01 3.568852438550356254e+01
2.805036660031985818e+01 1.967685701123513198e+01 2.804719322709682316e+01 2.948247615987864734e+01 1.976271334633818810e+01 1.974359870879870726e+01 1.436398044002500463e+01 4.345011791953599101e+00 1.360204343046368258e+01 1.789017751281184232e+01 1.697499706838696198e+01 1.495300502756864169e+01 1.973627333487904423e+01 1.702613653743840061e+01 8.024546215120567538e+00 1.582456331947862793e+01 6.111679207988695239e+00 1.259351906545532707e+01 1.242540557782653998e+01 1.166214348935152145e+01 7.162918406368345536e+00 9.285399575144310802e+00 1.691426718418836472e+01 1.749869359445681383e+01 8.072135527287597867e+00 1.574505623709187851e+01 1.144080627012948526e+01 1.357266452844173443e+01 2.362391677170820614e+01 3.137921486302763796e+01 3.720963575403432344e+01 4.034765514764691829e+01 3.909203608272463981e+01 2.943301284322146927e+01 3.298313340085901757e+01 2.743708193803739803e+01 3.417514685293992471e+01
2.391952264705743403e+01 1.376212165517172359e+01 1.848986104179307688e+01 2.180061217593159739e+01 1.989992548732395150e+01 2.063041129249497985e+01 1.473450195822723963e+01 8.690654711243803732e+00 3.672927335383660452e+00 1.164761697662952322e+01 1.348057409618303915e+01 7.943281840621509993e+00 1.242048808285551686e+01 1.194664565237789411e+01 5.151805700285996714e+00 5.411447542960130974e+00 5.745786279589288448e+00 6.007211492633508065e+00 6.251336037415678781e+00 6.490412950614715015e+00 6.731678509244125586e+00 6.990052963220040994e+00 7.273881420342838133e+00 7.634050959532420855e+00 1.160601662747285090e+01 1.684414956016906473e+01 2.206771130239192047e+01 2.362438821353168095e+01 1.707737435215211264e+01 2.292807958478061892e+01 3.304754517360838406e+01 4.063565864034892883e+01 4.316933212301227485e+01 3.624192969484590066e+01 3.697389974421001568e+01 3.417514685293992471e+01 3.417514685293992471e+01
1.830816866271397458e+01 1.412704712697401810e+01 8.447097595145626414e+00 1.786307449371121336e+01 1.155893749208655130e+01 1.191719214184484699e+01 1.272078962996242524e+01 3.350342671707652098e+00 5.957987367732364703e+00 3.672927335383660452e+00 3.672927335383660452e+00 3.973151683963486835e+00 4.578822693231633600e+00 4.832490490842324071e+00 6.172487540094041769e+00 1.198574229463748964e+01 1.481803829522085358e+01 1.561932719678103076e+01 8.238893685912600517e+00 1.588993854614521517e+01 1.115908688490421774e+01 1.213838960264717848e+01 1.176138558990409599e+01 7.273881420342838133e+00 1.735703661981596824e+01 2.183975834210527012e+01 2.953724811218713597e+01 3.137921483902754360e+01 2.720506899184346494e+01 2.185052906445019616e+01 2.640713506700093305e+01 3.354542077373992726e+01 4.358160849189304287e+01 4.597280157854800109e+01 4.660248531682674411e+01 4.373068693204523072e+01 4.373068693204523072e+01
1.225172077380763902e+01 4.650506164320128200e+00 1.240523268094170284e+01 1.243330118483386748e+01 1.025952712760470575e+01 2.801356371305607773e+00 3.028665327388465389e+00 1.202665322329778874e+01 8.002025860822316261e+00 1.229969944291655359e+01 1.116313905572654619e+01 5.010428790348905537e+00 1.027118445352009601e+01 1.330622816006544440e+01 8.910665718169406446e+00 8.430474651779181983e+00 1.722246098375739010e+01 2.256789992676216983e+01 1.965027539086158015e+01 1.228223530119723428e+01 1.948293971100756394e+01 2.136499912079555585e+01 2.038227226079152032e+01 1.731384539972669145e+01 7.934265005662338055e+00 1.807157850752360773e+01 2.510909160813415042e+01 2.931378226886336336e+01 3.495189531811803363e+01 2.903114260112482370e+01 3.614012339355988956e+01 4.063565864077749978e+01 3.976615836414809024e+01 4.355358995619682361e+01 4.142033956484416990e+01 4.551893143935746622e+01 4.305415150873334085e+01
