output/example_1/elevation_000284.asc
nrows	75
cellsize	13.33333333
xllcorner	0
ncols	75
yllcorner	0
NODATA_value	-9999
[rows 0 to 16 of 75, columns 37 to 73 of 75]
4.548565819433962787e+01 4.972980706226185532e+01 5.625127890339823011e+01 5.218135992094334341e+01 5.125333844089200142e+01 5.125333844089200142e+01 5.532479081076399297e+01 5.002489097931436390e+01 4.585054930045097166e+01 4.621288265395713069e+01 4.621288265395713069e+01 5.038854293809706064e+01 4.832873418409614175e+01 4.363982227138939862e+01 4.363982227138841807e+01 4.618581316600977971e+01 4.226455269857559216e+01 4.647270195119315872e+01 4.885745650068108148e+01 5.334224198851620002e+01 5.142715597875651667e+01 5.413238003761591699e+01 5.280809967732806598e+01 5.703813050763543657e+01 6.292957057635253904e+01 6.597158803908322966e+01 6.340687568593226331e+01 6.340687568593226331e+01 6.760721052836379386e+01 6.701579469913792764e+01 6.305234468260648129e+01 6.379123003195684305e+01 5.987588846664328912e+01 5.886755062772429170e+01 5.886755062772429170e+01 6.276785737552992828e+01 6.173505459741581802e+01
3.499074964394968390e+01 4.548565819433962787e+01 5.054518137067033479e+01 4.227413720568060995e+01 4.133129864065417536e+01 4.133129864065417536e+01 5.125333844089200142e+01 4.417968338708466547e+01 3.570711493760065025e+01 3.606668841568524897e+01 3.606668841568524897e+01 4.621288265395713069e+01 4.363982227138939862e+01 3.249720430957076900e+01 3.249720430957076900e+01 3.460868530232179552e+01 3.221729928625480710e+01 4.126619439119580335e+01 3.867122165595548466e+01 4.367026874265097547e+01 4.139713661089945873e+01 4.403029936342599626e+01 4.272934913827631931e+01 4.849854855780816365e+01 5.869505598549988434e+01 5.614809408324887130e+01 5.337316756711352639e+01 5.337316756711352639e+01 6.340687568593226331e+01 6.168443627020584330e+01 5.395668365404947053e+01 5.846869405317900004e+01 5.075392806010047764e+01 4.976042308246830714e+01 4.976042308246830714e+01 5.886755062772429170e+01 5.266161798571044272e+01
3.806463719042623950e+01 4.431700814902329455e+01 4.646142459306265238e+01 3.641168083375978171e+01 3.411673328702143237e+01 4.423739681494100751e+01 4.224117295387414117e+01 3.957881863606554873e+01 2.963037231249512971e+01 2.863247439571776454e+01 3.903843990483922255e+01 4.029619872656056856e+01 4.448582716333525156e+01 3.576080155041643138e+01 2.484002169102392088e+01 2.484002169102392088e+01 2.641545551877951326e+01 3.597940370596449355e+01 3.334620387396879693e+01 3.184672534680266764e+01 3.440397796339433256e+01 3.707320327876724519e+01 4.272934913827631931e+01 5.280809967732806598e+01 5.928466731882075180e+01 5.393831807827643843e+01 4.658046305677601850e+01 5.294389391750409857e+01 6.273815968953663003e+01 5.780096235404359817e+01 4.870398603492584044e+01 4.928490683176119092e+01 4.928490684260650312e+01 4.319206962267627858e+01 4.829747736628253563e+01 5.123047022210189283e+01 4.737546628844020091e+01
2.976388908968996461e+01 4.011946600381517669e+01 4.774536689019194569e+01 3.772401596340615981e+01 3.036183747704802371e+01 3.722674728098580488e+01 3.200963257022882402e+01 3.535937554611075484e+01 2.490414926080152824e+01 2.490414926080152824e+01 3.187322378528445554e+01 2.997496952876477039e+01 3.747227604156240233e+01 3.760940029141318064e+01 3.342228489289635007e+01 2.484002169102392088e+01 3.537940016361508100e+01 2.641545551877951326e+01 2.826448569319175164e+01 3.193579587119498697e+01 4.167262840097109233e+01 4.698913034051144422e+01 5.119659497497340084e+01 5.703813050763543657e+01 5.561187389167089634e+01 4.780731593442843774e+01 4.345770205596771518e+01 5.293201908101118391e+01 5.711269794501794195e+01 6.096283864439148914e+01 5.254882063950485360e+01 4.331707811145019349e+01 3.998244581856167912e+01 4.548719309622546803e+01 3.897594016901406633e+01 4.195553242894164470e+01 4.855970927158737283e+01
3.917170356188840685e+01 4.431700814902329455e+01 4.159031728768960789e+01 4.477523882202257255e+01 3.722674728098580488e+01 2.681149138277494615e+01 2.461619533605337651e+01 3.206779455032278037e+01 3.534562510289640613e+01 3.187322340054691594e+01 2.159642549102927944e+01 2.977412740481885578e+01 2.755046391926672200e+01 3.154374751589868353e+01 2.299064541391090088e+01 3.342228690333938346e+01 3.959068093397761601e+01 3.701598841642427828e+01 3.453206661062494476e+01 4.167262840097091470e+01 3.764519784958379489e+01 4.306852666282846798e+01 5.278265608021699506e+01 5.848148668866494404e+01 5.104687041441984974e+01 4.574585430313747025e+01 4.095539540754899122e+01 5.009440518300670675e+01 4.825327728459349430e+01 5.711269794501794195e+01 5.500554350806167747e+01 5.073666012352266108e+01 4.543476077017327697e+01 3.616556119290589066e+01 4.548719309399427857e+01 4.769770237408680913e+01 5.199916388581315374e+01
3.746288070644765611e+01 3.845940105111665019e+01 3.107383046586955189e+01 3.845940105111665019e+01 4.137796754440048375e+01 3.360085403917352664e+01 2.933687412917119630e+01 2.181967727870286566e+01 3.198569592401246098e+01 2.865897047112976637e+01 1.970714692781139377e+01 1.970714692781139377e+01 2.049616054874330828e+01 2.129867592157170364e+01 3.096600283054327818e+01 3.472107818320754546e+01 3.641041353310287576e+01 4.061720064405644592e+01 4.480222206167633914e+01 4.901952195469427664e+01 4.717420084614429499e+01 5.129000485360015205e+01 5.696198579150398444e+01 5.898355256888079623e+01 5.520440372284964070e+01 4.796731427613477194e+01 3.883165977199337959e+01 4.188063041884105786e+01 4.825327728459163268e+01 5.711269793048757748e+01 5.150915455233857188e+01 4.280506840671809954e+01 3.817184415908577222e+01 3.465049962315407583e+01 4.370524089200951323e+01 3.974944095008761025e+01 4.462897141248937771e+01
3.438286770768320366e+01 3.353553743687295707e+01 2.362146823211363156e+01 3.383249554048082075e+01 3.754570701301241087e+01 2.932325213772177008e+01 1.931129324084462340e+01 2.682910751374514291e+01 2.753425071778141131e+01 1.869972469638435086e+01 2.865897071786564609e+01 2.674829566681752979e+01 3.064578656825082703e+01 3.108201905380656882e+01 2.296255584158656760e+01 2.433431594496758521e+01 2.583729348654847158e+01 3.641041353289932658e+01 4.288074087454518235e+01 4.919408020644137736e+01 5.337294020764313274e+01 5.743751080015341159e+01 5.337246102109838120e+01 4.926485691670471567e+01 5.194329025515708764e+01 4.240675409015040032e+01 3.695869502717445698e+01 4.608995312445777159e+01 4.865679156966467644e+01 5.745268402661697849e+01 5.500553584599874313e+01 5.073665931671660445e+01 4.258014511425044191e+01 3.324938381146282751e+01 3.461196704945757574e+01 4.356156079322918373e+01 4.780660037480862457e+01
2.498499989820390610e+01 2.854138424599242541e+01 1.960616532935650369e+01 2.948389743644051109e+01 3.352630663230485908e+01 2.389588224353571988e+01 2.588034815168473202e+01 1.705511780293998569e+01 1.771522652311292845e+01 2.079561870452024053e+01 3.091387159507885585e+01 3.707914068917263961e+01 3.787207460215873311e+01 2.739485224072245728e+01 3.348354463148620397e+01 3.167719032685711511e+01 3.629850602521795366e+01 2.821362339362413962e+01 3.869865284971199060e+01 3.917886596312182235e+01 4.919408020644137736e+01 5.337246102109838830e+01 4.377788350726083166e+01 4.254471437402611400e+01 5.053187467757910412e+01 4.458020096127830101e+01 3.542056935528341910e+01 3.998059623027173615e+01 4.865679156966534435e+01 5.079825765742214827e+01 4.696344805724827154e+01 4.795560410465563450e+01 4.290737684644799543e+01 3.905401289930340170e+01 3.127226023652471554e+01 3.432286630120768933e+01 4.127647506489628171e+01
2.090691885077279366e+01 2.302928441237795099e+01 1.683592186401125090e+01 2.421981568609495028e+01 2.833829196656563454e+01 2.467538207707944764e+01 1.619625937519953851e+01 2.588034818819367189e+01 2.663883056383616932e+01 3.090712259218555147e+01 2.657560865217405421e+01 3.684004884806161328e+01 4.135218302571644955e+01 3.098295472494646674e+01 4.114736183707181283e+01 4.078645802174378332e+01 3.869800809834119093e+01 2.821362339362413962e+01 3.187145034926427201e+01 3.917886596312182235e+01 4.919408020644137736e+01 5.337246102109818224e+01 4.377788350726083166e+01 3.715074964635525845e+01 4.288228962970088531e+01 4.304960588828044621e+01 3.397149181525708883e+01 4.056002623025474207e+01 4.976983100055668530e+01 4.696344805943595446e+01 3.774548286350481163e+01 4.044536235271623781e+01 3.476467940962687209e+01 2.959202571804640058e+01 3.905401288767441059e+01 4.040487240367265542e+01 4.067089423497102274e+01
1.275792479650630895e+01 1.338488784174152180e+01 1.399279918491737540e+01 1.457248695436866548e+01 2.422575854231030945e+01 1.532708112628864860e+01 2.496379211078862781e+01 1.619625937519953851e+01 2.271270529372979396e+01 3.555119252380721662e+01 3.255311876969300755e+01 4.103448567377195388e+01 4.555152979711491668e+01 3.626553789806214922e+01 4.555152979711491668e+01 4.455636470675241156e+01 3.441051061613998030e+01 2.821362339362413962e+01 3.869865311637865801e+01 4.211225429993586999e+01 5.214089685628549375e+01 5.623623058447940082e+01 4.658807019844383746e+01 4.288365467523762220e+01 3.347771006407397465e+01 4.001404547391294386e+01 3.255804879558487386e+01 4.162006085323251625e+01 4.895271686740172612e+01 4.580792314116503405e+01 3.654318144515105615e+01 3.106959225051744156e+01 2.796753635748605760e+01 3.749830798425313105e+01 4.289888733895949002e+01 4.891659398864313602e+01 4.956210520321627655e+01
1.599690522493669853e+01 2.273374901676507776e+01 2.358081058885733228e+01 2.422379575290614540e+01 1.532708112628864860e+01 1.532708112628864860e+01 2.499437440610767780e+01 2.631507498600725370e+01 3.067475092365996403e+01 3.847530425643697072e+01 4.269610423935718302e+01 4.688576329472399351e+01 5.063020740661592356e+01 4.643921663633980756e+01 5.063020740661592356e+01 4.872433580426088895e+01 4.112755238020038462e+01 3.082256740377466286e+01 3.497398383134108002e+01 4.087761981250258003e+01 5.088659890034278277e+01 5.389345299990009863e+01 4.429662595406416159e+01 3.888001928805425678e+01 4.004626454218919207e+01 3.056833725207603436e+01 3.806385637619790430e+01 3.658617409822742417e+01 4.560111190992931540e+01 4.967890477753842760e+01 4.427186497713852731e+01 3.648156086691506061e+01 2.692149363529290085e+01 3.648155968671353122e+01 4.245412624504379551e+01 4.663521176188210404e+01 5.044714872736204114e+01
2.596184922627210412e+01 2.072499496689228948e+01 3.050532256287496935e+01 2.495406698891083508e+01 2.495677511344450750e+01 2.467310303887975564e+01 1.652845867726597717e+01 2.623797170518079369e+01 2.654666977573272035e+01 3.556353241924831821e+01 4.129337113578566232e+01 4.186425064529700535e+01 4.267310642418455302e+01 4.603929933352824833e+01 5.019891202081818449e+01 5.071456186385686493e+01 4.073493700727821931e+01 3.353646191405367460e+01 4.365790175170649690e+01 4.927744190119905454e+01 5.507246192843144428e+01 5.795642153311343492e+01 5.237983333988072587e+01 4.835272232162044048e+01 4.401008856252838086e+01 3.846601537801571880e+01 2.894547036103848470e+01 3.846601597649882365e+01 4.117354742283555424e+01 5.002198095642645370e+01 4.446013490935226287e+01 3.647868978054071221e+01 2.692149363529290085e+01 2.917259616623949015e+01 3.862662836627591645e+01 3.742184111758767528e+01 4.206755936771696014e+01
3.465348865949657409e+01 2.559518219822447804e+01 3.477304931915708153e+01 3.501769155170448045e+01 3.110024092467210366e+01 2.117806597627541265e+01 2.623797165543860288e+01 1.776335012132257418e+01 2.731186873317812314e+01 2.868900847996427217e+01 3.342087751146006980e+01 3.300126164043739152e+01 3.386238659724387645e+01 3.771805535390918607e+01 4.639462695000582215e+01 5.112593239754691865e+01 4.742753671326351395e+01 3.745402007540831590e+01 3.999203760766555149e+01 4.702885913900335879e+01 5.705540578123767403e+01 5.448910329213980930e+01 5.035461003259823087e+01 4.652247470112860839e+01 4.406261388732569628e+01 3.465128952707672028e+01 2.785086572855627551e+01 3.193202225374114533e+01 3.984248409657028134e+01 4.395834104693071964e+01 4.070905601767297810e+01 3.149787745104974590e+01 2.590811121900710745e+01 3.548960690178672905e+01 3.270634251008459614e+01 4.202852648760964627e+01 5.044714872736204114e+01
3.991717569193833270e+01 3.570936333478975655e+01 3.991717560357181327e+01 3.666079472798000438e+01 2.740543697777973620e+01 3.110024115642076836e+01 2.385429743908618860e+01 2.760547780266989903e+01 1.907990623727113189e+01 2.907025143294292491e+01 2.351040623817673847e+01 2.593319530765041137e+01 2.907694531516984782e+01 3.340915769331394358e+01 3.868984062964929649e+01 4.752506395346496504e+01 5.159608195666169905e+01 4.245086800938558724e+01 4.996575531515664892e+01 5.414458831246365378e+01 5.713902472842296021e+01 4.796572041286454180e+01 4.141816407009188339e+01 3.724900597249449419e+01 4.215087671202248742e+01 3.994938508351348361e+01 3.593235565586470415e+01 2.633723590605606901e+01 3.450232099526097329e+01 3.450232098865148345e+01 4.138012136542158714e+01 3.186590016763610222e+01 2.500281845280062853e+01 3.459993931259515421e+01 4.083720060945273644e+01 3.864904364250994462e+01 4.517268891035461564e+01
3.709686237411405330e+01 4.128144940451220180e+01 4.530136947382345625e+01 4.113252081104787550e+01 3.439326802537778605e+01 3.824029854403062245e+01 2.973680609796028307e+01 3.328035842718125537e+01 2.907025143294291425e+01 2.046409062764307052e+01 3.060871059274603567e+01 3.590797732416471177e+01 3.916567692616297336e+01 3.985738637428853792e+01 4.613737357580878040e+01 5.112594244894268058e+01 5.659776551092104313e+01 5.240420542149905003e+01 5.659776550986207866e+01 5.588629132727312765e+01 5.981540393512961629e+01 5.448910329213975956e+01 5.035461003259823087e+01 4.215087673553579606e+01 3.281091999416575788e+01 3.053093901412582056e+01 2.849085275048120636e+01 3.450232099526114382e+01 2.488199022792468540e+01 3.350980464147308169e+01 3.732174735801350351e+01 3.344032530692174987e+01 2.500281845280062853e+01 2.744963504881883054e+01 3.698524834678422479e+01 4.466986836374194070e+01 4.784380275233645108e+01
2.703287726508734323e+01 3.709686237411369802e+01 3.406053233274261061e+01 4.111036484008667458e+01 4.394150498459637078e+01 4.410683961899619732e+01 3.996643482955005311e+01 3.060871074758451016e+01 2.046409062764307052e+01 2.046409062764307052e+01 2.189857140614749298e+01 3.220044476034331637e+01 3.878752315215569979e+01 4.055896025801443017e+01 4.056784937782845901e+01 5.061997447968123254e+01 5.560045123743822160e+01 5.168333260764472215e+01 5.437747162365889153e+01 4.649524451489504884e+01 5.437747162365889153e+01 5.451256307409238389e+01 4.531158136859679786e+01 3.874795451796008194e+01 4.215087673553579606e+01 3.602100960123486573e+01 3.524631675236783934e+01 2.566352561186126735e+01 2.388335844746670134e+01 2.388335844746670134e+01 3.231107731406594041e+01 2.382653441048110565e+01 3.344032530284667359e+01 3.698524834678422479e+01 3.142095441846035797e+01 4.082404331310103629e+01 4.931695302330867037e+01
2.998055025775874682e+01 3.072712490050565393e+01 2.645831796809337888e+01 3.377086168564505897e+01 4.418246654526107164e+01 4.308531497719008740e+01 3.283500622220374510e+01 2.681474960948681741e+01 2.302229526939115445e+01 3.060871329485396330e+01 3.220044476034331637e+01 2.413319493309879959e+01 3.459141060202592399e+01 3.023974980203684382e+01 3.761785346089494197e+01 4.771178058794021126e+01 5.168333260764472215e+01 4.232559222765969764e+01 4.506641092837411833e+01 4.111483215184053108e+01 4.837516307954688699e+01 5.225919717116116203e+01 5.184077474362271687e+01 4.800648651656310761e+01 4.914687323793231144e+01 4.531497815494165593e+01 3.911792829749622769e+01 3.126457342588535582e+01 3.351784528525571716e+01 3.216044315581743973e+01 2.267221940742806296e+01 3.224009980785896090e+01 3.698850725276347617e+01 4.337588990222769780e+01 4.082404331310103629e+01 3.617301272119824773e+01 4.085218716315461052e+01
