output/example_1/elevation_000297.asc
nrows	75
cellsize	13.33333333
xllcorner	0
ncols	75
yllcorner	0
NODATA_value	-9999
[rows 51 to 67 of 75, columns 0 to 36 of 75]
1.369999999999999864e-02 3.028813445777633451e+00 8.028813445777615243e+00 1.509988125764311384e+01 2.509988125764317957e+01 2.618290281981686718e+01 2.185514467103839920e+01 2.070534082713800572e+01 1.058326432617406354e+01 5.738041538949448572e+00 1.359974934107742683e+01 1.498945831694742381e+01 2.066969056692442663e+01 2.102098061584417721e+01 1.047355362193530048e+01 2.710616827418219188e+00 1.356991431343283239e+01 1.977844583819099711e+01 9.867344433704172246e+00 1.977874220971100172e+01 1.923301752116136498e+01 1.840040590915125307e+01 1.401612037337098826e+01 3.970338795507943441e+00 1.392710057586880446e+01 1.607205072461855622e+01 6.510022227746108392e+00 1.196702100131412649e+01 1.206348980312811037e+01 5.969620419085279295e+00 2.099102122282068716e+00 2.473588961650659890e+00 1.016927969460309988e+01 1.260595183582701218e+01 9.651723530314926691e+00 1.422858918882875301e+01 4.240492802565770880e+00
1.290000000000000001e-02 1.001289999999996283e+01 1.717094906950867994e+01 2.217094906950866218e+01 2.602393678773061936e+01 3.042752854742523994e+01 2.818048407914586662e+01 1.868552336311785211e+01 1.830494501900946247e+01 8.506218429568029649e+00 1.127916468624766821e+01 2.081103276132008162e+01 2.937277086269977744e+01 2.129896393944136435e+01 1.075341551272050822e+01 4.275504004250905155e+00 1.521004276965646262e+01 2.389586019034389608e+01 1.559990758555715296e+01 2.389586104685578505e+01 2.451269221708618673e+01 1.524469822645512451e+01 5.288351897448920091e+00 1.401612037135538458e+01 1.277431256408471150e+01 2.086079047640641448e+01 1.393576988932265515e+01 2.053420062741148655e+01 1.342139986397908302e+01 1.515320437591449654e+01 1.231868658305834430e+01 1.121163272686518120e+01 2.513728935210344240e+00 2.513728935210344240e+00 2.513728935210344240e+00 2.513728935210344240e+00 1.128855842842923707e+01
1.329999999999999932e-02 7.084367811867219977e+00 1.708436783291033478e+01 1.822602490771791039e+01 1.519000404016648531e+01 2.590021660734447551e+01 3.217469674453828787e+01 2.615845883521932791e+01 1.679780187795297408e+01 1.173633288768498417e+01 1.979093661235108925e+01 1.749739921411323706e+01 2.618627944235247540e+01 2.547162132427558845e+01 1.699004166065364174e+01 6.020436885583813513e+00 1.116114054856098825e+01 2.164110392184047171e+01 2.548714062609284881e+01 2.961921742760571874e+01 2.055715959477088006e+01 1.070864372656183505e+01 6.218758469619514173e+00 1.106009340330375323e+01 1.994440628877265453e+01 2.552979020724831472e+01 2.421034938661262359e+01 2.638232504523427835e+01 2.273847072703439665e+01 2.356939396061315151e+01 1.511592704815115340e+01 1.389980878701586775e+01 3.987960001204524207e+00 2.513728935210344240e+00 2.513728935210344240e+00 2.513728935210344240e+00 2.996985640939378470e+00
1.369999999999999864e-02 1.001369999136401567e+01 1.304543251082521671e+01 7.793118100603081189e+00 1.371817417726115274e+01 2.099646647295599067e+01 3.095717308826339575e+01 2.994549554189319451e+01 2.491776524089384992e+01 1.627969710268600423e+01 1.846978630352066020e+01 2.398054007841542656e+01 2.873340305356084556e+01 2.606168971922191346e+01 1.591672539198696690e+01 8.061242511973500058e+00 1.888983971106851811e+01 1.979843590450017743e+01 2.984003650118252082e+01 3.034983580295865480e+01 2.055139591126888021e+01 1.707542988549499441e+01 7.154400711435673799e+00 1.102546067496119164e+01 1.790661042976852357e+01 2.753133307927721418e+01 3.251417550372693910e+01 2.818759219755486001e+01 2.445666468253622128e+01 1.896165115710196858e+01 1.519991561229380039e+01 5.918161487064562465e+00 1.391134222663082731e+01 9.719271956340350016e+00 1.260291714997148738e+01 1.120791645248758961e+01 3.818299374742446517e+00
1.319999999999999993e-02 1.520756722888817913e+00 3.045742426214836041e+00 1.124688264556935557e+01 1.573213252237706250e+01 2.412682829096507575e+01 2.842340745048265660e+01 3.298416801611487159e+01 2.895793522874483372e+01 2.172159026962295059e+01 2.694291051836932382e+01 2.643270678050580358e+01 3.262021134350548124e+01 2.857445314668420977e+01 2.090546443845721569e+01 1.046138827964320761e+01 1.581989284669201723e+01 2.589671204398616666e+01 3.399056934425373555e+01 2.925824894513775831e+01 1.945760728701728937e+01 1.799343091554717233e+01 8.117540754948894488e+00 1.802613776827240599e+01 1.800661057545572774e+01 2.769090402657975147e+01 2.873786692365573003e+01 2.012768994110608389e+01 1.540357045680215009e+01 1.717092594023575458e+01 7.915081571640143032e+00 1.287295278579529167e+01 1.986730591316127459e+01 1.959312459306287835e+01 1.710135702461058216e+01 6.699624743824795559e+00 1.428871825306544174e+01
1.349999999999999985e-02 1.001349999999996321e+01 1.304543251189522302e+01 5.629621836763575971e+00 1.567376418167237695e+01 1.164649072738855118e+01 1.868381157669898229e+01 2.619331809839019343e+01 2.953414388181763783e+01 3.031383153825766641e+01 3.394425557034846719e+01 3.410299007426423401e+01 3.124485241514403810e+01 2.069880470285365348e+01 1.431473541195199495e+01 1.536526252013927163e+01 2.504511364444175570e+01 2.589671204398616666e+01 3.585159104078902459e+01 2.644171995507509010e+01 1.659567960344817550e+01 9.587878705548357416e+00 1.130786677106972427e+01 2.111412209872927903e+01 2.767252302461951885e+01 3.184284416944422702e+01 3.251417550372693910e+01 2.793699432973500052e+01 1.992994671999939271e+01 1.007723815898889619e+01 1.791020823074814672e+01 1.781008016150122231e+01 2.624920128049080503e+01 2.662434034579784026e+01 1.677133318893093161e+01 9.391561144045923015e+00 1.637540291684682714e+01
1.369999999999999864e-02 1.001369999999996274e+01 1.915593562357448931e+01 1.567376418167238938e+01 8.440558779560689118e+00 1.072672080043960996e+01 1.316476688254252991e+01 1.617184601107386754e+01 1.951560042114752136e+01 2.659711403659798279e+01 3.662476116727800957e+01 3.592076576405081312e+01 2.597090286520067437e+01 2.023506429369925286e+01 1.855187754967813518e+01 2.538758730894457116e+01 2.356651777587435959e+01 3.349041751723536464e+01 3.693518493821432003e+01 2.741125428937952435e+01 1.763070346798554766e+01 1.066694467235054944e+01 2.047839086053980040e+01 1.625111324878528407e+01 2.312914296305626394e+01 3.280817945926408896e+01 3.153180587251057787e+01 2.181773988755720239e+01 1.482649517020460372e+01 1.268203054842109445e+01 1.480356208825541486e+01 2.450168624199364942e+01 3.167286960222262593e+01 2.494126876073309873e+01 1.506372940373144864e+01 1.548871623254131791e+01 2.376022231937443507e+01
1.379999999999999977e-02 5.013800000000006918e+00 1.501380000000003889e+01 2.266686024728022986e+01 1.851434638144590394e+01 2.066874215914815238e+01 2.317077619597257510e+01 2.133244364381911140e+01 2.953414388182833150e+01 2.659796142487755688e+01 3.664693605748652772e+01 4.012393689431945631e+01 3.434068874055079590e+01 3.017463264619881613e+01 2.353408122772784594e+01 3.265050295784396184e+01 3.349041751723535043e+01 3.369895456302873527e+01 2.958245379441944678e+01 2.305483378136585415e+01 2.154108513087495425e+01 1.177275775285432857e+01 2.153967534760966629e+01 2.596406710941117169e+01 2.312914296305632433e+01 3.280817945923476486e+01 3.145308348783110119e+01 2.181484882730716279e+01 2.463619533904721592e+01 1.536956608841267169e+01 2.450168637156392037e+01 2.046226891091600919e+01 3.001963323929911098e+01 2.902215765306306139e+01 2.003711864299946654e+01 2.536769790211863906e+01 2.949069255407188805e+01
1.309999999999999880e-02 1.001309999999996236e+01 1.915593562385058846e+01 2.221990660467612244e+01 2.636199503530914257e+01 2.563409868963204730e+01 2.977626979061635026e+01 3.135041803060383714e+01 3.550518878913808152e+01 3.664693605748652772e+01 4.083513820236682790e+01 4.264746382140591408e+01 3.990360150700890074e+01 3.763563846368607813e+01 3.345801855914502454e+01 3.764702533348368974e+01 3.525961711820150413e+01 2.542667025407965653e+01 1.981988225515616264e+01 1.641193729341906149e+01 1.334585456089206801e+01 2.153826410691453574e+01 2.485211190574982965e+01 2.934677278398860523e+01 3.280817945922939316e+01 3.678556980907082163e+01 3.544967125090687432e+01 3.145256885213361642e+01 2.768784638913643903e+01 1.811864781048938866e+01 2.769145603479079654e+01 2.599310758392599041e+01 3.402503055726747760e+01 3.393623866380143284e+01 2.984543087522149918e+01 3.393623866528519528e+01 3.280556814650815767e+01
1.349999999999999985e-02 1.001349999999646911e+01 1.405494148624710071e+01 1.221990725920923992e+01 1.930954289392239076e+01 1.563409808929142919e+01 2.270516590512838562e+01 3.270516794125997961e+01 3.982687333386305539e+01 3.567927412994291814e+01 3.574768264133752638e+01 3.284900446692994080e+01 2.995518073647670221e+01 3.695197340551057863e+01 3.637130352586168414e+01 4.050702886198727981e+01 3.940598653789659522e+01 3.369895456299760639e+01 2.958245379441946099e+01 2.613065077349591192e+01 2.305658895556967636e+01 1.334585456089206801e+01 1.481690944399420928e+01 2.506588374278170051e+01 3.168077342488214754e+01 3.268038418390516142e+01 4.297476609105197554e+01 3.547159491143725774e+01 2.594518110640953878e+01 2.178938554632970792e+01 3.127764156119305028e+01 3.551996957352969986e+01 3.956623773948822276e+01 3.894207879830022989e+01 2.918085961035210119e+01 2.918085961035171749e+01 2.920523413119950362e+01
1.369999999999999864e-02 2.013699999999998713e+00 4.054941452319311246e+00 6.636930349790925554e+00 9.309542768915177291e+00 1.430954276891526256e+01 2.138061058234681155e+01 3.138061208397424551e+01 3.567927412994291814e+01 2.559318885763892837e+01 2.559638921648610577e+01 2.705489468408163134e+01 2.278701366556029129e+01 2.925992061349895579e+01 2.631428936397001550e+01 3.637130352586166282e+01 4.222094953899225089e+01 3.963347903209693612e+01 3.445097519449750934e+01 2.667490488823716532e+01 1.635389042554296424e+01 2.352323948367895312e+01 2.506084781959501129e+01 1.698820535715991653e+01 2.211089126670844252e+01 3.268038418390516142e+01 3.936920150908618155e+01 3.954956168144719442e+01 3.528321220842384776e+01 2.726655792039330706e+01 3.528321220842384776e+01 3.837284647081769151e+01 3.939511772626638475e+01 3.605946325869447833e+01 2.633164868901970479e+01 1.948246356469949347e+01 2.358148804265582754e+01
1.290000000000000001e-02 1.001289999999035452e+01 1.405494118289336036e+01 1.221990725646157649e+01 1.638061058106397283e+01 2.345169833588565211e+01 2.845170924321430306e+01 3.321363475745837945e+01 2.904725447066279997e+01 2.854733483827100926e+01 1.831775704422850382e+01 1.679272106944910448e+01 2.526144286437334685e+01 1.906579645926510835e+01 2.298309340081285157e+01 2.806026271265072580e+01 3.808756055127887663e+01 3.543701324674725583e+01 2.497514461853689127e+01 1.975554330644345669e+01 2.667490488823855799e+01 3.083638626984255282e+01 2.738862824583748434e+01 1.698820535715991653e+01 1.934580603527587428e+01 2.461914233284806031e+01 3.215527504025562422e+01 4.241717030069622041e+01 4.081388555614199021e+01 3.675688371123009546e+01 3.555117364531540147e+01 2.862718361345191198e+01 2.963201409153869648e+01 3.214934352290323716e+01 2.809241878940624915e+01 2.358148804275817412e+01 1.379285752214962635e+01
1.359999999999999924e-02 1.001359999999996298e+01 1.886958649868326177e+01 2.221990605256486617e+01 2.636198684959591176e+01 3.052274699167891114e+01 2.905987729678922804e+01 2.904725447066271471e+01 1.881951425048096382e+01 2.181515000475795674e+01 1.987393990399798227e+01 1.306059642273205768e+01 1.492862134062071711e+01 2.526145615300464797e+01 3.307390053991645829e+01 3.721439069840967306e+01 4.222094953899225089e+01 3.963347903532564231e+01 3.328450248727596517e+01 2.284581882565561628e+01 3.328440784496991967e+01 3.154029537965919872e+01 2.095793027392629782e+01 2.739796571625114652e+01 2.989009306356236095e+01 2.370232979785420824e+01 2.985088460476983485e+01 4.014277880364762296e+01 4.817241946890357696e+01 3.837319365759761780e+01 2.862718456128498445e+01 2.181777168770216235e+01 2.279734385431448374e+01 2.457628890399488242e+01 1.836081329794693318e+01 2.014657637106154198e+01 1.896708336389936989e+01
1.379999999999999977e-02 4.982371745918344530e+00 1.191186173636558898e+01 2.171531928653549315e+01 2.636027385275602342e+01 2.588435527739253317e+01 1.892668956381059431e+01 2.612421024257461966e+01 2.181493705826550666e+01 1.144553949594746634e+01 9.497149674933092811e+00 1.120232497147508965e+01 1.367734125525949018e+01 2.405404602805888103e+01 3.150089102735485724e+01 3.563915696614989059e+01 4.011587618272724853e+01 4.349737510742865254e+01 3.328450248727738625e+01 2.735603101564957385e+01 3.727367922648542020e+01 3.473848359609172576e+01 2.416213063950595696e+01 3.473903056632098441e+01 3.786568815575291325e+01 2.759523756668682282e+01 3.786568815575289904e+01 4.429868854111884247e+01 4.404956073720445175e+01 3.421729134832719410e+01 2.862718363883652373e+01 2.715984758162252888e+01 1.749312839123001240e+01 1.484887570775830135e+01 2.014657637106154198e+01 1.023860702917950860e+01 1.023860702917950860e+01
1.349999999999999985e-02 1.001349999999996321e+01 1.648946256861050230e+01 1.565608637024591943e+01 1.569080502032248781e+01 2.098303794142152512e+01 1.186344956872135370e+01 2.149185125668948970e+01 1.789442743257328772e+01 7.572659663785788808e+00 1.789503721490003585e+01 2.160825071264308406e+01 2.107795531253884036e+01 1.768629458673424892e+01 2.138117756205349451e+01 2.595000834696117664e+01 3.306248228476142970e+01 4.305639051571412779e+01 4.147132311785622250e+01 3.390207733918202848e+01 4.147132225927427385e+01 3.842049304145204758e+01 2.800774469447015136e+01 3.842049306769793304e+01 4.200914519491384169e+01 3.393630929381750860e+01 4.200835255866459050e+01 4.423676019361884926e+01 3.858712625977514676e+01 3.452158188434992780e+01 3.688965614758934208e+01 2.715978885139855947e+01 2.685188230183749170e+01 2.142030492132872510e+01 1.154862585914498574e+01 2.014166755670589026e+01 1.023860702917950860e+01
1.359999999999999924e-02 1.001359999999996298e+01 7.354525818462140485e+00 5.994270798069779360e+00 1.256235185434015911e+01 1.316581804108594689e+01 7.442788001242085727e+00 1.410940000633840263e+01 1.486029939076444251e+01 6.329359557799405955e+00 1.238000877234063779e+01 2.322517311132407158e+01 3.123896459632004508e+01 2.792318912557341903e+01 2.497267502996944799e+01 3.504404043524782253e+01 4.011587618272724853e+01 3.902848438370905626e+01 4.330928061197807466e+01 4.334691184346073101e+01 4.653136469416860876e+01 4.258945233046953405e+01 3.412180384272171096e+01 4.258945233045542977e+01 4.765212985187056205e+01 4.304428630792551758e+01 4.171893937177204492e+01 3.999777768451436799e+01 3.073379558021217406e+01 2.506249894444934512e+01 2.897205527868752384e+01 2.557731373530084440e+01 2.281850138351421720e+01 1.302460528562867559e+01 2.142030492133044817e+01 2.340552212045834679e+01 1.362695978541583841e+01
1.290000000000000001e-02 6.517765682419781603e-01 1.291961026371243548e+00 1.937458804536831058e+00 2.595414185994834533e+00 3.257697725106438291e+00 3.925913580738691788e+00 3.925913580738691788e+00 4.624538189194311144e+00 1.486069617965767975e+01 2.035651887028730656e+01 2.668691378273926418e+01 2.643379820332384966e+01 3.038700492487020455e+01 3.504399961980832501e+01 3.916765614464198819e+01 3.644247273853800806e+01 2.846715355960025562e+01 3.722662792349972705e+01 4.001959913588393647e+01 3.477632824651615806e+01 4.100744024325182124e+01 4.429261175191111022e+01 4.843126558622721234e+01 4.471114302871544766e+01 3.887486910688876662e+01 2.539349639708386874e+01 3.680665139694995958e+01 3.261405925579848031e+01 2.871285260531348627e+01 1.948611211858105108e+01 1.595251491442484060e+01 1.474355401197593629e+01 1.505867742137649223e+01 2.503769138767754399e+01 2.744575695949424698e+01 1.805447324923316899e+01
