output/example_1/lateral_incision_000464.asc
nrows	75
cellsize	13.33333333
xllcorner	0
ncols	75
yllcorner	0
NODATA_value	-9999
[rows 51 to 67 of 75, columns 37 to 73 of 75]
1.745283868972664095e+03 1.460740700211679950e+03 5.622896626887568772e+01 1.573679862569987087e+01 0.000000000000000000e+00 1.173953405544930547e+03 1.225688744910842161e+02 1.306695331615055011e+03 3.510207104336821260e+01 0.000000000000000000e+00 1.072888480095645913e-01 0.000000000000000000e+00 1.947899347607768306e+01 1.898487394154055963e+01 5.239711469222619461e-02 1.531067130195735926e+00 0.000000000000000000e+00 9.471206946247336944e+00 1.097687783852928867e+01 2.553483274037857242e+00 5.208984851757541001e+00 5.187632989537836892e+01 1.612109622973746127e+03 2.469208853324254960e+03 8.156236466999490631e+02 1.209792008442462503e+02 1.685403855623335971e+02 3.497034952699625610e+00 0.000000000000000000e+00 3.214117645298907746e+02 9.639026125328510943e+02 6.578817258081056707e+01 3.625100503797159490e+02 2.473991854422136782e+02 1.265043033308905773e+00 1.076381586163887505e+02 1.747444370932519586e+00
4.356583872442372751e+01 1.134649004894497466e+03 7.428077140228653841e-01 5.390131429258560729e+02 1.429588562266614872e+03 3.171186402920638248e+00 2.518243650083386171e+02 5.832367971181000712e+02 2.651239331092399425e+02 2.842714763513405956e+02 4.794774659434194177e+02 5.030345429918076547e+02 2.517741840159518745e+02 1.300737618030692602e+03 8.113285810727248872e+02 2.965428828797508913e+02 1.138448756391112966e+03 1.882824002546747977e+01 8.717526800530595210e+02 4.811971166256066681e+02 6.608160489536089699e+02 1.120928995092914420e+02 6.069591512475761529e-03 1.453344939359727732e+03 2.043850164095761784e+03 4.095304925282289901e+02 5.572242657065772846e+02 4.634576117609411767e+02 5.507342096149092185e+02 4.067218924676644320e+01 0.000000000000000000e+00 8.735139025002287099e+02 0.000000000000000000e+00 1.011622065918318526e+03 1.901377405527061626e+02 2.944408876082503923e+01 3.601164847271239182e+02
4.983652275433168910e+01 8.145027862676433870e+02 1.090431124249411710e+01 6.085364739059685917e+02 4.025783115431677857e+02 2.477535385190575146e-01 8.571530642764753338e+02 6.565346497140403699e+02 1.815116524270310094e+02 0.000000000000000000e+00 3.876607186378962524e+02 0.000000000000000000e+00 3.115887382466111717e+02 9.418667498253466874e+01 2.458833829414740213e-01 5.040593637164880647e+02 0.000000000000000000e+00 5.652179101745226717e+02 0.000000000000000000e+00 6.058372233477600730e+02 5.392260367512298558e+01 7.230091802242384347e+02 1.188007339383795852e+03 0.000000000000000000e+00 8.751754992185682340e+02 3.968883927765152180e+02 9.688984682118403668e+01 1.141807257577465577e+02 9.071919699551015128e+02 7.538719517618845884e+02 4.876105661973166150e+01 1.159010692992950226e+03 4.423331485113542385e+02 8.811255607544981103e+02 2.239715738807360594e+02 8.472024145514571956e+02 1.555458118811656902e+02
1.611199899293235861e-04 7.537060137394571484e+02 3.284760457459840666e+01 7.153531020279046970e+02 0.000000000000000000e+00 1.262070283950251451e+03 1.015153864841181308e+00 1.336935123551598281e+03 1.406943285581544387e+03 2.188804714496580459e+02 1.774390101698734554e+02 0.000000000000000000e+00 1.411064532000836607e+03 2.217608692487296196e+01 1.185129092777500091e+03 1.665789485619222603e+02 4.274349078564165438e+02 3.836497529640509896e+01 5.018313719500586103e+02 0.000000000000000000e+00 3.192428125959311842e+02 5.657726741320217343e+02 0.000000000000000000e+00 0.000000000000000000e+00 7.606745521582617187e+00 1.337051685642278244e+03 2.009363991971196810e+03 5.711784519655731174e+02 5.561317046056211666e+02 9.151071283974735024e+02 1.388112531763179504e+03 1.008823008975747939e+02 9.160636118307478171e+01 0.000000000000000000e+00 1.715843094037414289e+02 3.268993440615144550e+02 3.411448668130757369e+02
2.779668731356597391e+02 3.257688964396348297e+01 2.422114707786192156e+01 5.464338054719977436e+02 1.016508153729993410e+03 6.270495393195891438e+02 9.957948630912768522e+02 0.000000000000000000e+00 5.165711966348101214e+02 1.197566495820500677e+03 3.646833839889986848e+02 0.000000000000000000e+00 1.577586658625518794e+02 4.045752671299600820e+02 4.773475724649106269e+02 6.508147436166777311e+01 8.284846293438515659e+02 2.432152631191996193e+02 1.484203054502296197e+02 1.450092793077840838e+02 8.953929598115701083e+02 1.258550007649646432e+03 3.040780670290392340e+00 0.000000000000000000e+00 8.466529649905704673e+02 3.712367525255977352e-01 1.837292251575384626e+03 0.000000000000000000e+00 3.405368919669700034e+01 4.355399212330371483e+01 1.267877157478491590e+01 1.314122757206348524e+03 8.232440956703018173e+02 0.000000000000000000e+00 1.189459361164975462e+03 1.200100701281637612e+03 3.772177614417965685e+01
2.886825576166111773e+02 5.493624409111374689e+02 3.499928023700825008e+01 1.530306543445408352e+03 8.395030395927526001e+01 1.394996816626446901e+02 7.879124576534807147e+02 6.577314678084387651e+02 1.025838441456771655e+01 1.106022120283600316e+03 2.367196019150009079e+02 3.082353075972447343e+01 2.587191685342568235e+02 2.126777178817202685e-01 5.628080707584392712e+02 1.470526288642469410e+02 0.000000000000000000e+00 1.244198134727180786e+03 3.491309771764044445e+00 2.765275514854015455e+02 7.323411658536658706e+02 1.308161862094373851e-01 2.712344526364005901e+02 8.440122039986847540e+02 1.005417892914511754e+03 6.635245010825381087e+02 0.000000000000000000e+00 3.257413010017298802e+02 1.396008811378535938e+03 8.867002092789487051e+02 9.186136469359192915e+02 5.844916650264160580e+02 9.695718001646619344e-02 1.040371314724471858e+03 0.000000000000000000e+00 5.545529445169031533e+02 6.261179337342886697e+01
2.473507905320680038e+02 3.274505015973388709e+02 9.396978648913734133e-02 6.561670781194956135e+02 3.782529316748168213e+01 7.046685780475770855e+01 9.851871476008977879e+02 1.116962425909893682e+03 5.575627159099963137e+02 5.396592192700028079e+01 4.648375084129513652e+02 1.364351497846085692e+02 8.002761255003292717e+02 7.196264982937800596e+02 1.079151732692870155e+03 1.290024119678967338e+02 9.593715343818897736e+02 0.000000000000000000e+00 7.398500030478772942e+02 2.145130097296909071e+02 1.281929131371639414e+03 2.172496249499987471e+02 5.729153580101856136e+01 3.039826976545448360e+02 3.673912189219038282e+01 0.000000000000000000e+00 1.328127813253409215e+02 1.071869787379493346e+03 2.684265700101744869e+02 1.424334668491690309e+03 2.035906334850823640e+01 8.479825830211343600e+02 1.866724211140539467e+02 4.755760412957573635e+01 6.485968598400927476e+02 7.564141855502699627e+02 0.000000000000000000e+00
0.000000000000000000e+00 3.769149355627634179e+01 4.251428833218153791e+00 4.002717821124838906e+02 1.417328024946343930e+03 9.777288334429219958e+02 1.137411787626193245e+03 1.860380018499301968e+02 4.181972838615731121e+02 9.794519419333184373e+00 4.493419644972869946e+02 1.388882750985093935e+03 8.856863925744612231e+01 3.412488178141506410e+02 1.092428755682100388e+02 2.661998684703292994e+01 1.034080169564713515e+03 5.836434026759947074e+02 0.000000000000000000e+00 1.358326113156704650e+03 5.057229786524606752e+00 3.416534823680926252e+02 0.000000000000000000e+00 3.360403767629560434e+01 1.781398619553639492e+03 3.255716164267437307e+01 1.909929917236860319e+02 6.953282646021943947e+02 6.983869227160298578e+02 3.405102659464852022e-01 1.640568773676684202e+02 6.135682410645720211e+02 6.047318361030433920e+01 1.302441231429821073e+03 9.753497681757410191e+02 7.044697672608484709e+02 5.423292802538749129e+02
2.922201970902211769e+02 1.122014617135465642e+03 5.369080705936360687e+01 1.959408383344961919e+02 9.491491422104094511e+01 2.742586956908806997e+02 3.788811827123229818e+02 0.000000000000000000e+00 3.649789650114382198e+02 6.025246034353132529e+01 1.055647872658241340e+03 1.781314475744352137e+02 3.125570363368497624e+02 2.195262195045780729e+01 1.734934791934453642e+03 0.000000000000000000e+00 7.743048018305064488e+02 7.447829873210101823e+02 2.408852513558839519e+02 2.230329811643016740e+02 0.000000000000000000e+00 6.550414747268304154e+02 4.658322988511568497e+02 3.768833889553242216e+02 1.257481165873668715e+03 3.199372249848600092e+01 1.452857655291679293e+03 9.576930315737685078e+02 1.654887347530705597e+02 5.214872052952839567e+02 9.967281025963619641e+02 7.959401809396080125e+02 6.697842490685342227e+02 8.330178857307421936e+01 1.906866189545273471e+02 2.924526589414856517e+02 3.277446559939623398e+02
7.271191140559052712e+01 2.913614798773151904e+01 1.750633735083851894e+00 1.476876874506150898e+03 1.192798825908268100e+03 7.646114358559443769e-01 2.836559070765912183e-01 2.884440279579739581e+02 0.000000000000000000e+00 3.075141971432278751e+02 1.120760413730120746e+02 1.726608742557314713e+02 4.297043539727686152e+02 4.660582408165600441e+02 2.305310415779245545e+02 1.967360977371880324e+02 3.413953717157962160e+02 4.155527930600933928e+01 6.739838659445639450e+02 1.304403252038048322e+02 2.901877837704744820e+02 6.513073867022404784e+02 7.000500352033366198e+02 2.510899634800516012e+01 2.027745587299544070e+02 9.002432407457600902e+02 2.963179630637893247e-01 1.511520188688474718e+03 3.185809561315646188e-01 6.157820090732144536e+02 1.622292257817442078e+03 6.212212495486136632e+00 3.382063031041242507e+00 1.036397042047753075e+03 1.002355568157601169e+03 8.876910620035863531e+01 1.391280357887754917e+03
5.813371345599759366e+01 1.569041176578248724e+03 2.077990590050975861e+00 2.163381109511539364e+02 0.000000000000000000e+00 9.043667175569122492e+02 1.286446877121488342e+03 4.728368495908974865e+02 4.440709218767865423e+02 6.317973099183125214e+02 6.874229414866390186e+01 1.401801435058891002e+03 5.970654616358347084e+02 1.492825434641868831e+01 6.729016165549156767e+02 1.255720206448691272e+02 1.183522458728280753e+03 8.674488813448151703e+00 5.151195442080651219e+02 3.387565765933044872e+02 3.838035525033141226e+01 1.557000193456858312e+02 4.435153395497414976e+02 2.258819605427542001e+02 9.238213823454796056e+02 5.710382368697783022e+02 1.016307854577197212e+01 1.759420112830374137e+03 7.071462308572987467e+02 3.820907350790191686e+02 1.514652056981426131e+00 1.038136822592962972e+03 3.253901524119648911e+02 2.459775950105080540e+02 5.624094235743536956e+02 7.332103151221538155e+02 8.726395500100541369e+01
0.000000000000000000e+00 1.068766267159947347e+03 3.107192980709507224e-01 9.023504160697465295e+02 5.881147591978004812e+02 8.844986307152424843e+02 8.361863137751122110e+01 3.003152075521360231e+01 4.610934892809980852e+02 9.587984700959783879e+01 4.248228326737420275e+02 1.276118076831195509e+02 2.911890274370986731e+02 0.000000000000000000e+00 1.450665950253850269e+03 3.894174798548701233e+02 1.015248830755209042e+03 7.908641943417459288e+02 1.522747399184456469e+02 7.479237321022791321e+02 6.340833172616032698e+02 2.710248051367520929e+02 2.532682064693124460e+02 8.379263504938046481e+01 2.631018401804964242e+02 2.327157181565057353e+00 1.696817159477522637e+03 5.959609762924814369e+00 0.000000000000000000e+00 5.029506172725346147e+01 3.362715482101160092e+02 2.056271721747244214e+02 9.630406949477011835e+01 4.619206555384793091e+02 7.001182770659861490e+02 1.767524481370006839e+01 4.518942536827788015e-01
6.575798887161105313e+02 1.423951416365952355e+03 0.000000000000000000e+00 0.000000000000000000e+00 1.115360062231790835e+03 1.282343964351457089e+03 0.000000000000000000e+00 0.000000000000000000e+00 3.534470688214236134e+02 2.865601249661062866e+02 7.471229015413895524e+01 3.038552845193230212e+01 5.125984430383000472e+02 7.277027627475756617e+02 8.145952234354426764e+02 4.991650009578810909e+01 1.412558725506727797e+03 3.712530172734764733e+02 2.595098654194707706e+02 1.133830944932581815e+03 9.096760882988720596e+02 1.672198929322910388e+01 1.496239144148626679e+02 6.768508061852269293e+02 0.000000000000000000e+00 1.548187295968487206e+03 1.488458653961192113e+03 1.719348966266619527e+02 0.000000000000000000e+00 0.000000000000000000e+00 2.425881268961554156e+02 7.067630820409701755e+02 6.439204300030030481e+02 1.307712150810041294e+03 8.471218843943550780e+01 8.995242370481771843e+01 4.778971332398011782e+02
1.687412771736033847e+03 1.625773865000195073e+01 7.613267161607034268e+02 3.071913422903381274e+02 2.729829241904878412e+00 1.539732936480588705e+02 1.220611164057520455e+03 1.379297430181551363e+03 1.399455373109757147e+03 1.093113337411803059e+02 4.701250504498425187e+00 2.602530611469891255e+02 0.000000000000000000e+00 4.366591748385571918e+02 1.037884890791357520e+03 3.038099020246631312e+02 1.866573651240268816e+02 3.140533886437036770e+01 8.245327250797031127e+01 4.481691512148586298e+02 2.605830277727091584e+02 1.437932119183872828e+03 6.869416384805109743e+00 8.182762758868854007e+02 4.628987416030452096e+01 5.082659037551379129e+02 1.413856898025968121e+03 3.548564332777007166e+02 4.547696912417763997e+02 1.408341745417062839e+03 2.206804305023599611e+01 1.009313958864851543e+03 5.243767428296582693e+02 4.798527695869771570e+00 1.394426116295692509e+03 6.548355699892543953e+02 7.189992460577199154e+02
2.231051538184312832e+01 1.593863006590503119e+03 7.215957996424750718e+02 3.261572033085420230e+02 3.268480188429372220e+02 3.649667785812039256e+01 5.542746550614698435e+02 8.595263631433347200e+02 1.188597244415829209e+03 9.981573577106622963e+00 1.734006138344879673e+03 7.719614498534256199e+02 7.094483971983700030e+02 5.343036223169692676e+02 6.240273388910291885e+01 1.982305078658428101e+02 0.000000000000000000e+00 7.666400044877829032e+02 2.039891981195198056e+01 1.377587582304361113e+01 5.369346317338165591e+02 1.952766837952401602e+03 7.284313203354496409e+02 1.431877537918986718e+03 4.580830364892334750e+00 8.858327576284689258e+02 3.500733680013707527e+01 1.646026516094973147e+02 1.243456936301740399e+02 6.524544515911887856e+02 5.389896199681284088e+02 4.534434209162172102e+00 4.510616723069639420e+02 8.337780043077598293e+02 6.850002560679180306e+02 1.440897707963939745e+01 6.086236514806136455e+01
1.134945568748427377e+03 5.744812403280113813e+02 8.471775226737092623e+01 6.459086911185225972e+02 3.690901981105129721e+02 1.090664765416076534e+03 3.434277968359625288e-02 1.112032186812782356e+03 0.000000000000000000e+00 1.714103081620410194e+03 1.563908433548814855e+03 6.566917824406635873e+02 2.766511792028550354e-01 2.231748084832041457e+01 1.371758081266266061e+01 3.572666111573940384e+02 1.774546397065626309e+02 3.022518813276795413e+02 4.648517053410260758e+01 3.463112149806862590e+02 5.566914100288316831e+02 0.000000000000000000e+00 3.432025474002842316e+02 2.918722862639242166e+01 3.630531858014742284e+02 0.000000000000000000e+00 0.000000000000000000e+00 6.986935193122067176e+02 4.955724302803524495e+01 4.165071752010354658e+02 5.243767428296582693e+02 1.616385947977710202e+03 3.224539855568825608e+00 1.311884249302836679e+03 2.401381075696567677e+02 1.454811499913408568e+02 3.809255352131089012e+02
1.187526042581575211e+03 1.791887977520470576e+00 1.342324075617769665e+02 0.000000000000000000e+00 5.172475208715881081e+02 1.728346092608856907e+03 6.511089056013578329e+02 9.654385528903701186e+01 1.385758799901686416e+03 1.860242167572847620e+02 2.474215876805511414e+02 1.042196229621365546e+03 5.015106169729092471e+02 1.657889104573881411e+01 1.489543936425972825e+00 5.019001373420517780e+02 4.787621876549243893e+01 7.775735573658626265e+01 7.012469980836137040e+01 7.607364829286868826e+02 1.295829973661071755e+01 7.853079608139710288e+00 5.023873817456868096e+02 1.431461362085261757e-01 1.092286431192349937e+03 1.268267702696721699e+03 5.099873205489822980e-02 1.018111900092970359e+02 0.000000000000000000e+00 6.368375363826975217e+02 3.375046835663698630e+02 1.662535970533493582e+03 1.611960134777377363e+01 5.109833756301487142e+02 7.589775079408523197e+02 1.168335123091505466e+03 4.367245281907091226e+02
