output/example_1/lateral_incision_000291.asc
nrows	75
cellsize	13.33333333
xllcorner	0
ncols	75
yllcorner	0
NODATA_value	-9999
[rows 0 to 16 of 75, columns 37 to 73 of 75]
2.730880095320796741e+01 0.000000000000000000e+00 4.020924072664800331e-04 0.000000000000000000e+00 3.204114022286294605e-01 0.000000000000000000e+00 0.000000000000000000e+00 5.525900172972106512e-03 1.975129308987696054e-03 1.188172025416675964e-01 0.000000000000000000e+00 0.000000000000000000e+00 0.000000000000000000e+00 1.935879317804396393e+01 8.108273727206165293e-02 2.093329821185450912e-01 3.806198676219459571e+02 5.534273966179734998e+02 6.722467671270577512e+02 5.558879181938473835e+01 5.887352107860049273e+02 1.413804672173728704e+03 4.799260649388555180e+02 3.877028125657212740e+02 5.022033694440563067e+02 9.270076761518872388e+01 1.641620491379147495e+02 4.971400586072146629e-06 0.000000000000000000e+00 5.267006942434419869e+01 1.048169385794283137e+01 1.556254070430262981e-01 0.000000000000000000e+00 1.171760928489934850e+00 0.000000000000000000e+00 2.202483508468670581e-01 0.000000000000000000e+00
2.951586788673725703e+00 8.097447668449901936e-01 1.091569533275524926e-05 1.510866892439821418e+00 7.820061957112786786e+02 0.000000000000000000e+00 3.100048254882713650e+02 9.613063059099301810e+00 6.374126099482212027e+01 4.464584629024590186e+02 7.038431330337188285e+01 1.807788115597039678e+02 0.000000000000000000e+00 3.318784591815331808e+00 1.650377878206307969e+02 2.273976865169396433e+02 5.542782865809754433e+00 1.614441428939401248e+02 1.127938996246827628e+03 8.948372816657217399e+00 9.338054493072465903e+02 1.044486693749930737e+03 1.390627819258721161e+02 2.129040593959909131e+02 2.473597919061257926e+02 6.563555491422910109e+02 7.486548298403706667e+02 1.429637859988903248e+00 3.174979991003321089e+01 3.595333971346759938e+01 5.764757463916935443e+00 2.574008996195319696e+02 5.460947852834339074e+02 2.064633274630805886e+02 1.551008283961703982e-01 9.241355666261127908e+02 1.648010294740461124e+00
1.487814680536818287e+03 1.619115467809586164e+02 3.376983964025811815e+02 2.245736224639940701e+02 3.029379668619788504e+02 1.886303534552349106e+02 1.047464665930836645e+03 2.131067791824111737e+02 3.976025267276604040e+02 2.320989459353505993e+02 4.441705023695190135e+01 3.319115025342347280e+02 8.658739057127917249e+02 8.856585210688491543e+02 2.506052653811294206e+01 1.163865200854522612e+02 6.811225846271473756e+02 1.132641040693104060e+03 1.272753168075093527e+03 1.069529621026180735e+02 3.858648799340409710e+02 1.720329843160885019e+01 6.509399857915547045e+02 4.341912208389055081e+02 4.601423966607977434e+01 1.851769465117721154e+02 9.445985219140624167e+00 1.062995629764775231e+03 1.206081753373297829e+02 1.568740910407975946e+02 0.000000000000000000e+00 2.589735565174692056e+02 0.000000000000000000e+00 1.056707163429464202e+02 0.000000000000000000e+00 1.308992746491389880e+03 1.423043024623251362e+01
0.000000000000000000e+00 0.000000000000000000e+00 7.285266248559167934e+01 5.451264380094606850e+02 0.000000000000000000e+00 1.449642478599208289e+03 1.201161014191492541e+03 0.000000000000000000e+00 1.534083153363842911e+01 1.673901793609326205e+02 3.087988999234741527e+01 8.220932320434145595e+02 9.595219268167455766e+02 5.925334258790267086e+02 3.834345700756898623e+01 1.974935909580863225e+01 1.170326226393511071e+01 3.271213380038821583e+01 4.775194640635789689e+00 6.390118821791035089e+02 4.100483569920247646e+02 1.155842231741062278e+03 1.617001129071525511e+01 2.034069764822602266e+00 3.170813130593202231e+02 8.680511597418118299e+02 1.816832149125938400e+01 8.065167905846312806e+02 0.000000000000000000e+00 2.497844844762779246e+02 1.447554452434740369e+03 3.246757845080002625e+01 3.454331651420650360e+02 9.546050626898854716e+02 0.000000000000000000e+00 1.107506257855554281e+02 3.630048124704167094e+02
1.117095431443209463e+03 1.991207025423012453e+02 6.712163493526578861e+01 2.420387647244381242e+02 7.803274681454527126e+02 5.866288558772151163e+00 4.714347426666981278e+02 3.243838095697116728e+02 5.696121180689968924e+02 1.345122202139022193e+03 1.668101884030427584e+01 1.516035628840975505e+03 6.385279596069639183e+02 1.601748592358512497e+03 1.136728050001010928e+02 0.000000000000000000e+00 1.293085029389795864e+03 1.154492840410166991e+03 4.938571558983312570e+02 1.691517936181883897e+03 5.491511105068353800e+02 1.982934628221976538e+02 4.798646895533067323e+02 5.323628659318446665e+01 3.621131383283400282e+02 5.883640201731874413e+02 5.281068765067311688e+01 1.217787808392651414e+03 1.066927471872993181e+02 1.291814742137457017e+02 6.321937963132673133e+01 7.430875597106228270e+02 3.324402591381913794e+02 2.202231765323483614e+02 1.456604306447394492e+03 4.208898374335666404e+02 1.192785875282785355e+03
0.000000000000000000e+00 1.735590722073237941e+02 0.000000000000000000e+00 5.970208285830907471e+02 4.643585763990074042e+02 1.029120553850939359e+03 6.400988181061262328e-02 4.048010569775950671e+02 5.475803534501190484e+01 1.533643793179578324e+03 9.160481927749628994e+02 2.544357922704248320e+00 6.427528675328132124e+01 1.062759346482799998e+02 1.265166388376159432e+02 8.180998170576815482e+02 1.090265126686554368e+03 3.958870486534178212e+01 6.819805860973475546e+02 2.219888610188453981e+02 2.540475633346787561e+02 3.655249225952677961e+01 6.371881604623949613e+01 2.107270224466766678e-02 4.395842877881443655e+02 8.898738199882000117e+02 7.326013948833439144e+02 1.563420856010345972e+00 7.406039076206294567e+02 9.484165710205651578e+00 3.654551462156515527e+02 1.337621365680699057e+02 9.194441014627218465e+02 1.426852529317612728e+01 2.357441460855433206e+02 1.618254185485540897e-01 3.623733652403109886e+02
7.320700312344737004e-02 4.248797395940231354e+02 5.130879866202390005e+00 1.085013426882181420e+03 1.759439706586152852e+01 1.071873008591422604e+03 4.289515202987669227e+02 2.131494546371883132e+02 4.098898150449974764e+02 7.257813109286530562e+01 5.299419120174986286e-01 8.197205392486945357e+02 3.530815786677483743e+02 1.583170247755955415e+02 2.035444491467594617e+02 5.206122710817023602e+01 2.247186307079826122e+02 1.414928310209254505e+03 1.447411871105648906e+01 0.000000000000000000e+00 8.555717264419561161e+02 7.628684881064941692e+02 4.163295644582285959e+00 3.027911364988851233e+02 6.202385736926856907e+02 0.000000000000000000e+00 3.218095775376806387e+02 1.676127030994709610e+00 5.493107633281427979e+02 4.823832958457506379e+02 1.820226025467103455e+02 5.249633138704954405e+00 5.352872294851335937e+02 1.105008024403448630e+01 9.610619136539537521e+02 1.275606965931829336e+03 3.790065907375600318e+02
8.160877624070750471e+02 2.526497825269873942e+02 2.936125566034583585e+02 6.096723691751247998e+02 4.097046107288774692e+02 1.316068007059706986e+02 1.859084290440456044e+01 2.699398467167208082e+01 0.000000000000000000e+00 1.069336430439857850e+03 6.483279850025941187e+02 7.597785170892655060e+01 1.055395043404112130e+03 6.514449465512991821e+01 1.531472971598870458e+02 1.465892319454143717e+03 8.317198592864231133e-01 3.974428710869304950e+02 9.339194755141206770e+02 2.230670624510021867e+02 7.594607282741979937e+00 7.774845043309184121e+02 9.166914372854873250e+01 1.654334196360886438e+02 9.955100986093310667e+02 5.675195765878071370e+02 1.121960440223505344e+02 1.061631948196531084e+03 1.089501132494438451e+01 3.916957157096583728e+02 3.050798034890052577e+02 0.000000000000000000e+00 3.596105894436735753e+02 1.029431306299905202e+01 3.944895896172565699e+02 1.742088887615807025e+01 6.654726104706978731e+02
5.916096649009782595e+02 6.259039522183104109e-01 5.031647869024595821e+02 1.981355359025722009e+02 1.146737835677382236e+03 3.164707631238392604e-01 1.256318810569252719e+03 5.676868587300984927e+02 1.423458031530662765e+03 9.550362769039323894e+02 2.381327388494416653e+02 1.208622488088229375e+03 9.085205061990652666e+02 4.294402757243217934e+02 1.052097225480435554e+03 9.597612495014883507e+02 1.516399696142790390e+03 2.346626267978958680e+01 6.989033037514330582e-01 7.161806276344215121e+02 0.000000000000000000e+00 7.419135311657070986e+01 9.333822283782284330e+02 1.239149655469135212e+02 1.390898078082121401e+03 8.407632631350191454e-01 1.309337843893546562e+02 6.436748597741431013e+02 2.216152700123839381e+01 8.936930459402711904e+02 9.296939438502111130e+00 1.065132990865599822e+03 1.355449845382770036e+03 5.296448747535396961e+01 2.248769389304070998e+00 1.124245433723947144e+03 0.000000000000000000e+00
8.014313096486372388e+02 2.764294542228024056e+02 9.134607509769238050e+02 4.915814395408909263e+02 7.626597815618997629e+02 1.603069657842535776e+02 6.486809597625282322e+02 3.709321662931816945e+02 4.596935055865088060e+01 7.696269603205804515e+02 0.000000000000000000e+00 2.195651189424811491e+02 8.680177379030619704e+02 3.318104942581401673e+01 1.533371448806467008e+01 0.000000000000000000e+00 3.183587120041149205e+02 0.000000000000000000e+00 1.624057760894682815e+03 3.465227598277814423e+02 8.869540020681391468e+00 4.178756449265266610e+02 5.370315828164621053e+02 4.957696643210299214e+01 8.634400120956215119e+00 0.000000000000000000e+00 0.000000000000000000e+00 8.574024900559936668e+02 5.563135421733106796e+02 2.000252330516065058e+01 1.101031036614202634e+02 2.334967805411653217e+02 8.299776548347765583e+02 4.190066478420532547e+01 4.530111615626206856e+01 3.217447507974860059e+02 3.595160662980559323e+02
3.137894260884721120e+01 1.664182708107834685e+01 4.565776054976375775e+01 4.635809648835317320e-01 2.139334917203490338e+00 1.324702279824686002e+02 1.255824863298175160e+03 2.444649198595378039e+03 1.256923476794860335e+02 1.240302361209182749e+02 0.000000000000000000e+00 2.068199993837945172e+00 1.953662383417630792e+02 2.894327535130581168e+02 3.389839042937359181e+02 1.858076206577991911e+02 1.325270810246341398e+03 1.305473529904411123e+02 9.102279308615463833e+02 3.635888573883538015e+02 5.466151615603455411e+02 4.159826763302945665e+02 2.008253868346721731e+02 2.191285286356549022e+01 1.399584322173433520e+03 3.562860381175394053e+01 1.278680303993748794e+03 1.186262005754924985e+03 2.524205039533902450e+01 7.337973938430648104e+02 3.090929246232772698e+02 1.226364123579548050e+03 4.245144492220806853e+01 4.194018194748812434e+00 5.107205386385074348e+02 5.326830196260184493e+02 4.244918611957143071e+02
5.056250223093940690e+02 6.231104428493838299e+01 7.717146954457400625e+02 1.360365251933160380e+03 1.912354759247396885e+01 1.439374344567858088e+03 8.975981001908117207e+00 7.338414147221488975e+02 1.794662640400501687e+03 1.458871695579103189e+01 5.301469690672373645e+02 1.321008940503990516e+03 4.789658970216186162e+02 9.034307747353401510e+02 5.556355236254153063e+00 1.811889049248227082e+02 7.613128053694512118e+02 3.092529526517510590e+02 6.657607545632643564e+01 7.145426946470019303e+00 9.409295040503284469e+00 3.272514325267098201e+01 5.083596130311210572e+02 2.747194181063002247e+02 0.000000000000000000e+00 6.414524437477252832e+02 6.664447237563260273e+01 4.880154372328478303e+02 2.461293781745219345e-01 3.023466502285197866e+00 1.084742993686323320e+00 1.037667199766259955e+03 7.833593924257313290e+01 9.935877717814527159e+02 7.575801160653172701e+02 3.024282814132075359e+01 0.000000000000000000e+00
3.793223960322874291e+02 1.339493739469143918e+01 3.376891110835340726e+01 8.390645967229205553e+02 3.721129258950846861e+02 6.844099127560379969e+00 3.259577752228377676e+02 2.008730838740645908e+01 1.188748258256845702e+03 0.000000000000000000e+00 1.106232598803656089e+02 7.964380495492358136e+01 4.477015222558676442e+02 4.636529116452455810e+02 1.509724961526762570e+02 8.163504286103586765e+02 1.697449934277859711e+02 6.719522083994196748e+01 3.816834152763086081e+02 1.329957750530575424e+02 0.000000000000000000e+00 2.166578990755399445e+02 1.254984083399769816e+03 9.381963231032684689e+02 4.219838719867645978e+02 1.471791255469880980e+03 9.515597287837268823e+02 1.776330395091987979e+00 1.484348777743417713e+03 1.392844686007270639e+03 6.849183386072203916e+01 1.222974990838616804e+02 1.215429821083650666e+02 1.197019717007449117e+03 1.012946137807194305e+02 2.019123918071188850e+00 5.519833917941309664e+02
1.198890721670432640e+03 8.085890938367099068e+01 8.596107310019634724e+02 1.229405217501818299e+02 0.000000000000000000e+00 4.264426131719225737e+02 4.976632794891681328e+02 1.022995109810639292e+03 4.948674380412604101e+00 6.292302869616194130e+02 4.661465466860713605e+02 1.392962104053844463e+01 6.639854204991017639e+01 2.636047865139837754e+01 2.840323452649550973e+02 1.212856565206993054e+02 1.172362130902853039e+01 4.392165604361189821e+02 1.147347613591941951e+01 4.730575690388962471e+02 3.810506186771284547e+02 8.289341738730435054e+02 0.000000000000000000e+00 0.000000000000000000e+00 8.501036004358374498e+01 1.655638850544938578e+03 1.167394059773580921e+03 1.350345340418354226e+03 7.894789110594555126e+00 1.904564946494774347e+02 1.220345673793527112e+03 1.232250795347209305e+03 2.425899727978495690e+01 9.095639215160266744e+00 0.000000000000000000e+00 3.532906548631747512e+01 4.106665153485774908e+02
3.141636508150343730e+02 0.000000000000000000e+00 6.891327151163272902e+01 1.336100123105397586e+01 5.870256999649319596e+02 1.663638880021999285e+02 0.000000000000000000e+00 1.704061246798580441e+03 1.484185172021929930e+03 0.000000000000000000e+00 0.000000000000000000e+00 1.461863281068454853e+03 3.017697497557159636e+02 9.857030882234420233e+01 1.648357573104023572e+02 8.236581361602215168e+01 0.000000000000000000e+00 2.718302511415475298e+00 5.050888058892548429e+02 3.253277100886971880e+02 4.038146397818392757e+02 2.085565353579617636e+02 1.083984371090533614e+03 1.253168600717956451e+03 9.260186443340055007e+01 1.219059901353615949e+01 1.580190448966872196e+01 0.000000000000000000e+00 6.924808962123456695e+02 4.932764095116048253e+01 1.197250666238353915e+03 2.148628385184012224e+00 4.023903078257377075e+01 1.851269125247423233e+02 6.814459702772501259e+02 8.133173479278252671e+02 4.411292751818149394e-01
6.850683070748588079e+02 1.301810468103293260e+03 7.947285864767657131e+02 1.141963076704930415e+02 3.588109919560324101e+02 6.015082766525162015e+02 2.205267857459743936e+02 3.321637067769341343e+02 3.825480296816484156e+02 0.000000000000000000e+00 3.156711753536062020e+02 0.000000000000000000e+00 3.281625982399114037e+02 4.824105827801994337e+02 3.830893247026494475e+00 5.331657381704045520e+02 6.203130807339877038e+02 1.607538693564949384e+01 2.450385871670938798e+00 3.246203109076569717e+02 5.954266149517829732e+00 5.783197461772462589e+01 0.000000000000000000e+00 2.934434498902952715e+00 1.155116263189471965e+03 4.087733854356517895e+02 5.787369938776542995e+02 6.010722127099646741e+02 6.418204642587719491e+02 1.519674347489134107e+03 2.332199021135892636e+01 1.934685903186264611e+01 1.423855685191191924e+03 8.324928173788716776e+02 8.397082962698218012e+01 1.423803054616595010e-01 1.532409942767885669e+00
1.166889622836382756e+02 8.437254991838707383e+02 2.533730220363124985e+01 1.730378087362075323e+00 2.967609874866330294e-02 5.920574974905903218e+02 2.490900531237092821e+02 1.464124371099705400e+02 1.208970243023581332e+02 1.295594345004994466e+03 0.000000000000000000e+00 8.665389038054696869e+01 3.621941315810550464e+02 2.418512822908730300e+02 2.768556373179794718e+02 2.109899357690659372e+01 4.721885049890783392e+01 7.317011722298535688e+02 1.246506051883041664e+03 2.745591577930246672e+02 1.386318185512232958e+03 4.061732850275208051e+01 3.911358431325067109e+00 1.283340633579350865e+01 6.129428303213214804e+02 7.900111971113052505e+02 2.025254687610658380e+02 0.000000000000000000e+00 9.097236854899102809e+02 4.848498208511557550e+02 5.748090028598722145e-02 1.323069648844630422e+02 2.714892606001420745e+02 1.158041591117297003e+03 7.431073209621994238e+02 2.234834000566698009e+01 1.338960116206693662e+01
