output/example_1/lateral_incision_000103.asc
nrows	75
cellsize	13.33333333
xllcorner	0
ncols	75
yllcorner	0
NODATA_value	-9999
[rows 34 to 50 of 75, columns 37 to 73 of 75]
6.555988580068278893e+00 8.694024449035993030e+02 1.399459924380468010e+02 6.039006028508592944e-02 1.226289342666665107e+03 3.273394782995114838e+02 3.657946637106997514e+02 0.000000000000000000e+00 1.126653383866543891e+03 1.556789318805958374e+03 8.753532144277970701e+02 2.276771940307492770e+01 1.731806350965450065e+03 1.229784820141328510e+03 0.000000000000000000e+00 0.000000000000000000e+00 7.064346708238614383e+02 9.828116709969351994e-03 6.242697435953823515e+02 1.438791333766622849e+01 1.552563904357579183e+01 6.303280319551091679e+02 7.885368937874969220e+01 7.537623604866324101e+00 2.033332298962443119e+01 1.453626312930514644e+02 1.662713992665628211e+03 7.722567363005114771e+01 6.465830913955372807e+02 1.455043265887481141e+02 1.402234553835397264e+03 1.223153582088700887e+03 3.209271578264625759e+02 1.495810662397947908e+03 3.100208261783196235e+02 2.540219507842926703e+02 5.307918577186619586e+02
1.801852203003584521e+02 6.321898062349784198e+01 6.996748541127229828e+02 3.289814999485300859e+02 3.376237561879932514e+00 7.882256879236294367e+01 5.847255639413378958e+01 7.218227320898182597e+02 8.997472135670220723e+02 3.666760489544384995e+02 4.344290604860725011e+02 9.116604592232263258e+02 5.639167033078912539e+00 1.172110514578391985e+03 7.017948947231193415e+02 1.749847209366834022e+02 1.848937654039040126e+02 7.531394939128874739e+02 5.785746413442977882e+02 2.877646716922730996e-01 2.103245554145754568e+02 4.640630587908984239e+02 4.641466686902739891e-01 9.699106140183361049e+02 2.408123742762876986e+02 3.763051980209398266e+02 2.024792067529057704e+03 5.619471472291459122e+02 1.333157054550927683e+02 0.000000000000000000e+00 2.187390719453679111e+01 2.015104966107339735e+01 1.069574778979172436e+01 1.637006992371303227e+02 2.653785553429673314e+02 7.616019801037195975e+02 8.444291533427892773e+02
6.258365433098488211e+02 2.709461425459028305e+01 1.011304601215328034e+03 6.207075807794476532e+02 1.841130984545112028e+02 2.944520166927983382e+02 1.530236406702734975e+01 4.996743658628602702e+02 2.368723457143933615e+02 5.588493552036185719e+01 4.893539587647814382e-01 0.000000000000000000e+00 6.691007965233142158e+02 2.102215045460743337e+00 7.130393292379259265e+02 3.775746120159342354e+02 1.381673533308198557e+03 1.345756272738666894e+03 1.449589529013643574e+00 1.747576049788111732e+03 2.200462375092780007e+02 2.347180783445310226e+02 9.164013229946329275e+00 0.000000000000000000e+00 2.996351498206323072e+02 2.363359321263113699e+01 3.152289660796036515e+02 5.086002539866504435e+02 1.333885436892275038e+02 0.000000000000000000e+00 1.527659795388737166e+03 1.130532162186219551e+02 8.760275988630488655e+02 2.418271907217263106e+02 8.393152961948889015e+02 1.328615715718253512e+02 3.096914554358198188e+02
1.503257565392919446e+02 4.453354689448462267e+01 2.147506317548697297e+01 1.348145530573136170e+02 6.417649569992164515e+01 5.193730986720860301e+02 0.000000000000000000e+00 2.147655740649291545e+01 2.934467711464048278e+01 2.098023474843980409e+02 5.616606518119583598e+02 1.148857130059987668e+02 1.689003271415540439e+03 1.207428550802722157e+03 1.776838774012631461e+01 3.329216048859959756e+02 5.909238416752011744e+02 2.304594179676173482e+01 6.818287624749152656e+02 1.529819856022724480e+03 1.046187823383360467e+02 2.620828756520348968e+00 6.442232700461879569e-01 9.021643902297491024e+01 0.000000000000000000e+00 1.171713261197409111e+02 4.121749087634948410e+02 7.220380040928692900e+00 7.418020386579131582e+02 1.494155907717071614e+03 1.093363588763620875e+01 2.012113595575596321e+02 8.324198763704534940e+02 2.933310101478769525e+02 1.837088353022926981e+02 4.131444460871426827e+02 1.303770512919635109e+02
4.170285451030674722e+02 2.439027748393153416e+01 4.257487163022113386e-01 8.984289195719870804e+02 2.806357646422154684e+00 5.063062336453344869e+02 3.496866360305165813e+02 0.000000000000000000e+00 8.139376719279590633e-06 7.283489940704701571e-02 2.390806225830952769e+01 1.086337385276179930e+02 1.752858369823618716e+02 1.329163155908047884e+03 1.386757907345337117e+03 0.000000000000000000e+00 2.061945426177353369e+01 1.336688719633321398e+03 8.960381439820190508e+02 7.469275103978205834e+02 1.603887868082981186e+03 8.053838841587604520e+02 1.066219260005871519e+02 6.250678767465311694e+02 6.905340776856745606e+02 3.330383828868630758e+02 8.745629314011188171e+02 1.612753335013578138e+01 9.012097375003684192e+02 7.290462473435816264e+02 1.377998446011393753e+03 1.969717992997780698e+02 1.018840489835861263e+03 1.839022179289259782e+02 8.507220649355890174e+00 6.234631825981144182e+00 3.743092760352283221e+01
2.755998236488406974e+02 6.973125103618647458e+00 1.265239467168918281e+02 3.593980803156625257e+02 9.653292382067519384e+02 4.182497023708921624e+00 1.098842786657355788e+02 1.134144877957128074e+03 7.563021605143268289e+02 0.000000000000000000e+00 2.721594881019962031e+02 1.211926850263285189e+02 0.000000000000000000e+00 0.000000000000000000e+00 0.000000000000000000e+00 3.303377437715009250e+02 0.000000000000000000e+00 2.347746460391838070e+02 5.823389825905902484e+01 5.801027453762744557e+01 6.799059012692551107e+01 5.600415864205381666e+01 3.111101718151081172e+02 1.244880232729376104e+02 1.803867030520584080e+01 3.191439963651475864e+02 3.328100357231078874e+02 8.785851530968901102e+01 1.215028070671599352e+02 2.539949213721087062e+00 1.103708688509686453e+03 3.940868253027497872e+02 9.124248811977540754e+02 2.726699753448984325e+02 4.320818047645799709e+01 1.375205051734332073e+03 6.216737066396399314e+01
6.345933039052869162e+02 5.543439504580795756e+02 2.726862444522178208e+01 7.232831420298210787e+02 4.914224179652048861e+02 2.887285112610972604e+01 2.724898899386704443e+02 2.033135512766620820e+02 0.000000000000000000e+00 5.943460943266398733e-02 8.291403600241956156e+02 6.745933492789865227e+01 7.389614568421076228e+02 1.264224024878107457e+03 9.463218559559549021e+02 7.354448116535384088e+02 5.848077388128791299e+00 1.038190451139140080e+01 1.380239821957695540e+03 6.091782112557411892e+02 1.284204424948045698e+03 6.982163994630471215e+00 1.424564038764349334e+02 4.707714183344768912e+02 1.034457837380481804e+00 1.000102369997297615e+03 7.540700151835787324e+01 5.830915621121406645e+01 1.425216870389366761e+02 7.262993685499644698e+02 1.062394165171634057e+02 5.306583416829282669e+02 7.194956366592415407e+02 2.710524553710922874e-05 3.730922899893436124e+02 3.257934943621714865e+02 2.525727027832722182e+00
5.311171747770857792e+02 0.000000000000000000e+00 4.566996401495545683e+02 3.149967737543913415e+01 3.601030043490314938e+02 7.061970939556292706e+02 5.084739199987371450e+01 1.011496213446141951e+03 3.133274754526464676e+02 3.257652917078058818e-01 7.448594953757347037e-01 1.551557577106234431e+00 0.000000000000000000e+00 0.000000000000000000e+00 9.731459970963447859e+01 9.798423838811579571e+02 1.862512778660508417e+01 1.049029344224602710e+03 3.743725904449834729e+02 3.083769811945367700e-01 7.329989730497383107e+02 1.647991807684677042e+03 4.661764348153442938e+01 4.690635181499069262e+01 9.522721729953730119e+00 6.092176846442468596e-01 4.987015707940847165e+02 8.361323364242698517e+02 2.386924012483613922e+02 3.241386346315654805e+02 3.534529912305303583e+02 5.292455697727973759e-05 7.339763135599754378e+02 3.838469090004867894e+02 8.096893853251202700e+01 2.146238984912283456e+02 1.096780409194010417e+03
1.142510831354644836e+02 8.915686280896967446e+02 1.464540280694180865e+03 5.178939279282483312e+02 0.000000000000000000e+00 6.516912627805149896e+02 9.720129087718090659e+02 1.330562732867924325e+01 1.453247165076639476e+03 4.072993924094995464e+02 2.126611301887596426e+02 3.497614452526529027e-01 6.798506478377257167e+01 8.278331716182844957e+02 4.616489686305664577e+02 3.442917616753222205e+02 5.086506960605485794e-01 1.021344693531160488e+03 6.140926911749538704e+02 6.690547621905195363e+00 9.333399270284975273e+02 5.728971357641479045e+01 8.472156535637134667e+00 7.177632963765156546e+02 9.858614402480203598e-01 0.000000000000000000e+00 9.213798332153103843e+01 2.927214775400260578e+02 2.361478496945703114e+02 2.055525949671341479e+01 7.882328489430219520e-02 1.577284953467728599e+02 1.092918600405898566e+01 1.372045677062416644e+03 0.000000000000000000e+00 0.000000000000000000e+00 6.156230550862521795e+02
8.101979883303872612e+02 1.118614245286802770e+03 2.946210489088155100e+02 5.333142100030506327e+01 1.996481128499733160e+01 0.000000000000000000e+00 1.164417263983733619e+03 1.338501420268468564e+03 1.293222127852160099e+02 1.117754860787939606e+03 6.877541209752552342e-01 2.593310736083352386e-01 5.176845451635682593e+01 1.216019233968811536e-01 2.070308015666338122e+02 1.357693954950021293e+02 2.596414966012493969e-02 2.484791099738493969e+01 0.000000000000000000e+00 0.000000000000000000e+00 1.213845919109418325e+01 2.090608819799934111e+02 3.869925123342406437e+02 4.714982495271079731e-03 1.477252360473128419e+03 7.034680169225761119e+02 4.533235331229509484e+02 3.079566181855077502e+02 8.461090346642506574e+02 4.404658631173759318e+02 8.166494340597543200e-01 3.465755346749344312e+01 3.446284516991104940e+00 4.501753508782105655e+02 4.578385020129453475e-01 8.776084980907594399e+02 9.960514277774229868e+02
4.521282467728013899e+02 9.038610606538989032e+02 8.300947648808986514e+02 3.611804101545265766e+00 1.690036435541280184e+02 1.033204263551558370e+03 1.092237689365783808e+03 8.239930015418863718e+01 1.302877967856886244e+03 1.852272541267280133e+02 1.414745505977459516e+03 8.457195548432922578e+02 7.998796257862702532e+02 3.589043215156760311e+02 5.566533772790941015e+01 2.293186489287295959e+00 7.700334809064197543e+02 7.033099130018675282e+01 3.443000964365574532e+02 1.243058921863119508e+02 9.047411355114202252e+02 1.090893522887554354e+03 5.453586464598541994e+01 1.900685161423244267e+02 3.720004430287523860e+02 6.182927336365769833e+01 3.219739863114055538e+02 9.087954281925661348e+01 6.508562066566186388e+01 1.790565662484614151e+01 3.665225108911930363e+01 1.595976196568058558e-01 0.000000000000000000e+00 7.904952364591339347e+02 1.517779295956260285e+03 2.859981591660046973e+01 6.316321790035748336e+02
9.713424755874356720e+00 1.703094644009772537e+03 0.000000000000000000e+00 1.174135623316079545e+03 1.217317833431737427e+03 5.873248792176106008e+02 2.518573259247278706e-01 0.000000000000000000e+00 1.639990779149386071e+03 6.305308094015585851e+01 8.669315364743870589e+01 5.568202989152973714e+01 3.830117273817426167e+02 0.000000000000000000e+00 8.303922361877255298e+00 1.626147590360121285e+03 4.973384730576811421e+02 8.155368990795632271e+02 1.144212815748155435e+03 8.992804776646974574e+01 1.574294849603282046e+03 6.852025227370238554e+02 1.803178750632846317e+01 1.012969407976755065e+03 4.755348813706763167e+01 8.124525614695415925e+02 9.224074013906567870e+01 4.086862430018729242e+02 1.493120486705425076e+00 6.826486282433904762e+02 8.280788757617935758e+00 1.190388114432326802e+03 1.750484570912657603e+02 1.304947910797204145e+02 1.652182348689449327e+03 2.157150041021148468e+02 4.428953786218825712e+02
1.612563208731597086e+01 1.376690991023071717e+02 2.419777509918039868e+02 2.527155219316287837e+00 1.208378091087116957e+01 8.253350189038521023e+01 5.919964283524405124e-02 2.108658677101874162e+02 0.000000000000000000e+00 9.694654109112481137e+02 4.418425544667150575e+02 9.617061846188964536e-01 1.761707054206486305e+02 6.981870521291109526e+02 5.599988217163945903e-01 1.744327790390255586e+03 1.247968774602810953e+02 2.647290919059007024e+02 1.517303069962850486e+03 8.298778660685254494e+00 7.745789987307665569e+01 5.975112995788678063e+02 3.056863384682090512e+01 6.949414130870696908e+02 1.169426131430271425e+03 9.060808544336092609e+02 1.557265067930701434e+02 1.664668276616235403e+02 5.409442690609995275e+00 4.997636606271686901e+02 2.134908612118414339e+02 1.391591113706551369e+03 4.446201509995673860e+02 8.647121562765240697e+02 4.600922523464473102e+02 2.221069261707272702e+01 1.074404450997357117e+03
8.400075110170240222e+00 1.033966958704936303e+02 1.072127700425206953e+01 3.773381930525077337e+02 0.000000000000000000e+00 1.342428873976637078e+03 0.000000000000000000e+00 6.399693389418948755e+02 1.191139257783807352e+03 1.889147133176217608e+02 9.840141701988023897e+02 1.373941450420819137e+03 1.109668079574611284e+03 1.590955554101972202e+00 9.442945552170741621e+02 6.311471340026943153e+02 9.855166409517801185e+02 1.476561831138481921e+03 2.470313581851995011e+01 4.255076051775029100e+02 8.861815278853022164e+02 0.000000000000000000e+00 1.081969699283654478e+02 0.000000000000000000e+00 8.974987256846825403e+02 1.605179314548831782e+00 1.220963118577007435e+03 4.850317603909268769e+02 1.412026060921977688e+00 5.019995357098453042e+02 1.502933921446849581e+03 1.375450810118307743e+02 1.489323512470640708e+03 4.169694060052914324e+02 1.191938739519076140e+00 6.692259060323148105e+02 1.872959247893561212e+02
6.443167070812537531e+02 5.561323207820014769e-01 5.785081039525692859e+02 1.343372987764920623e+01 4.911314816464346791e+02 1.016295212103955947e+02 1.359447819651877296e+02 1.882120593947629317e+00 9.971789028142048039e+01 3.243646278842717834e+02 2.055143952536616609e+02 3.008184596115002591e+02 0.000000000000000000e+00 2.748533860494287069e+02 1.108829562112113308e+03 1.159474221039402664e+03 6.061308263818928026e+02 7.286815751697360843e-01 6.441498448390697149e+02 1.181840566581724261e+03 1.910304216464760119e+00 3.709335319289990451e+01 6.847859254186691942e+02 1.148639782995912128e+03 1.876838413072690344e+02 9.240651200577104873e+02 7.640853490214911972e+02 4.661094970394275094e+01 2.406326454999163644e+01 1.445606119062881021e+02 9.685839468142424948e+02 5.597020153878672772e+02 4.527199611613235675e+01 1.230460461011358802e+03 1.554155340728282511e+02 1.413610657676670826e+03 4.990992459585054064e+01
1.566204894163904555e+02 1.616102200240130742e+03 1.126514702859954919e+00 1.476075356163163406e+03 0.000000000000000000e+00 4.780146598606976909e+02 1.181453228532533558e+03 6.027863339752557295e+02 0.000000000000000000e+00 5.510437081264223025e+02 1.320456849931736770e+03 2.804468471109173038e+02 7.335939867076000098e+00 3.449571372082736076e+01 6.712573531340071895e+02 3.367171719353139991e+01 2.599006479326941399e+00 1.337213189503717103e+03 5.751981074514367265e+02 2.204233988796309163e+01 6.051752701745669594e-01 4.802294887852607417e+02 1.093174622460005367e+03 5.299765916669960006e+02 2.664924861096625186e+00 8.214753773303737034e+02 0.000000000000000000e+00 1.666161928686238412e+02 3.009037624203998362e+01 1.505140759530518153e+03 1.034027651760548906e+03 3.495550365771201768e+02 3.503345734134931388e-02 1.016848554188661780e+02 3.632356979545015747e+02 5.687184252754630052e+02 8.877748232456150390e+02
3.107543689082166907e+02 7.068989557724903534e+02 1.478014440464212839e+03 2.613579222260733204e+01 1.585606070210985536e+03 2.547418215488984572e+01 3.302327610269466049e+02 4.721687612313771609e+01 1.627031792506239526e+03 1.582462943244997632e+03 8.683426079878848896e+02 5.929348873108070848e+02 6.337431882634588121e+00 1.543530124224384735e+03 0.000000000000000000e+00 1.845077735662322027e+02 3.354589478261890463e+02 7.228140999380190124e+02 2.361507167271964036e+01 9.130817990700186328e+02 8.713798759665120315e+02 9.380389563556171879e+02 6.756863989748126187e+02 2.279421844399670505e+01 2.333154230635246051e+02 1.064143342645942170e+01 5.063978824502162013e+01 9.375135245984239418e+02 1.161044868715627217e+03 2.352583749381349953e+00 4.626936318884791177e+00 1.127905044852482206e+02 7.019662639007921143e+02 1.405733143527218544e+03 9.475570259957808048e+02 3.703557119313887824e+02 1.124595577982693158e+03
