output/example_1/lateral_incision_000091.asc
nrows	75
cellsize	13.33333333
xllcorner	0
ncols	75
yllcorner	0
NODATA_value	-9999
[rows 17 to 33 of 75, columns 0 to 36 of 75]
0.000000000000000000e+00 2.692012247880334712e+02 1.590131542182353712e+02 3.463605898864975075e+01 1.075589678051214193e+01 1.056842081473517055e+03 3.839259028859027580e+02 2.883302321833150472e+02 8.116610546486986095e+02 1.556381578436108803e+00 6.984693362584692977e+02 5.893204888318214216e+02 5.266355926058170098e+02 1.134630898327970243e+02 0.000000000000000000e+00 1.234147848940885268e+02 8.913278769857751058e+02 1.493694470466920166e+01 0.000000000000000000e+00 5.103766803616989591e+02 4.444859308470334440e+02 2.579186172700871111e+02 4.001394966546404248e+02 3.256041717024655782e+02 9.555643487488023879e+01 3.602129218603923277e+01 5.775991806812061924e+01 2.161997643424639932e+02 0.000000000000000000e+00 1.697307847025121646e+03 1.304302465001639488e+00 1.628920505341646731e+03 1.397729149598415006e+03 1.721569041096419710e+02 1.267852924013574466e+03 3.133726223097267338e-01 2.723647987601508476e+02
0.000000000000000000e+00 1.081641046550874989e+02 5.997325210540670923e+02 1.293490942183737161e+03 9.176887270250158508e+02 1.062713974595290665e+03 1.724379571353521214e+03 1.233836460131900914e+01 7.094143443144532739e+02 4.111336295729071821e+01 1.144070388217333857e+03 0.000000000000000000e+00 2.005768239284107949e+03 1.366999201241107130e+03 1.128139215201214398e+02 1.394614604351368371e+03 0.000000000000000000e+00 0.000000000000000000e+00 5.880155834635340995e+01 7.061426762115313522e+02 3.484605561699166856e+02 9.796674032887085559e+02 1.052548046268049120e+03 2.115264582413659582e+02 4.832702052873007581e+00 3.467344393398864213e+02 2.947889526910223026e+02 5.497392037148881627e+02 2.888581702383994099e+01 9.150087555407837954e+02 8.510067291306889956e+02 0.000000000000000000e+00 3.805676495812517715e+02 6.988012230432455674e+00 0.000000000000000000e+00 0.000000000000000000e+00 2.815856697932600810e+02
0.000000000000000000e+00 2.348194461526599355e+02 6.569332061377772334e+02 5.110397827699768527e+02 1.043223789993837272e+03 1.136880961188183505e+02 3.039038289244398925e+02 4.023338292589740406e-01 9.139446331199983433e+02 1.140728076539207450e+03 1.180733220108819751e+03 1.416858770135130044e+03 4.681350170680000247e+02 0.000000000000000000e+00 0.000000000000000000e+00 2.520959141900212686e+01 4.031614429510933064e+02 2.332890085545315060e+02 6.390455736518720187e+02 6.775532039410741447e+01 1.099243707776430483e+02 2.188481321557348451e+02 2.134127192693222241e+02 2.484591351627468025e+00 9.562074177562702744e+02 1.335696773868408627e+03 8.853285663060631805e+02 2.413661830610966490e+02 4.563177506686246829e+02 2.036411512285698677e+02 7.050602252524971618e+02 6.072790358488895812e+00 1.140439763279290673e+03 8.209334299996515938e+02 3.481896340202979445e+02 5.562687067249087569e+00 1.672627163877029943e+01
0.000000000000000000e+00 1.518839547411723061e+03 5.616726343973830353e+02 1.046836566327789569e+03 4.450537420162223157e+02 5.770042777942017975e-02 1.100585150653215351e+03 5.478718184428140771e-03 3.316996409710205285e+02 1.066558096022430618e+03 6.040517421372117042e+02 7.483432948403637397e+01 8.641435939878090444e-01 1.979352319451491482e+01 3.151452963533659499e+02 4.568351471781181772e+02 7.624269573128612087e+00 0.000000000000000000e+00 2.592677719137686410e+00 1.348255619802021670e+02 1.112641184445354384e+03 1.593363933931409292e+03 7.925788684077506474e+00 4.482229894280485638e+01 2.703345221603248660e+02 3.912771917158746646e+02 4.931534549355441754e+02 7.598226565508636554e+01 4.940317770635307966e+02 4.825068658105644204e+02 8.858883491702304980e+01 1.086657910722266479e+03 1.070571466130764726e+01 2.066860906764689787e+02 7.141761368448945859e+02 2.283074756180938802e+00 1.320644619470575947e+02
0.000000000000000000e+00 2.329494160761107224e+01 2.187750580746903495e+01 1.555784287012547473e+01 2.622570465379576490e+02 0.000000000000000000e+00 1.631284897436740266e+03 1.151422876751334989e+01 6.635869673894542302e+02 6.797101093300603907e+02 1.885460255588790233e+02 1.008907611330685086e+03 1.592594980232426565e+02 1.003765905708672790e+03 6.421637945082376291e+02 1.330500157417314995e+03 3.054974219287880643e+01 1.483833734055478999e+03 8.554841050221967862e+02 7.468546581374624793e+01 2.083897162873608977e+02 4.581558481524522790e+02 7.002311309836827604e+02 6.309907232194268545e+02 7.402889454826255644e+01 5.399572060924819006e+00 5.147069629754337257e+02 3.228617549710272527e+01 1.356136864583364513e+03 5.843594732201125908e+02 0.000000000000000000e+00 8.233308017103912562e+02 1.361774028998497386e+02 3.511822102195533262e+02 1.275313935211947410e+03 1.007311104061880201e+03 4.916208848092737753e+02
0.000000000000000000e+00 1.137258728095386289e+02 6.059074107102547941e+02 1.041540685900684139e+03 1.581503306824829679e+03 9.246455351004993872e+01 1.591496985536946696e+01 2.618470993616886631e+02 8.118193317696138820e+02 9.918138206923836719e+01 8.934619286107857761e+01 9.411604143602556860e+02 7.412872116054075811e+00 1.240719071942800610e+03 1.021170889946507714e+03 1.114706807160299462e+00 1.430807722591209540e+03 0.000000000000000000e+00 7.345060904568961178e+02 1.228272760015055809e+00 9.132592071783406027e+02 6.647371902451334336e+02 9.704639319614477699e+02 1.410092966658395912e-06 5.981905847344679117e+00 5.253386253925140359e+00 1.175868111979079060e+02 9.538479604775973257e+02 1.181984574687715650e+01 2.530446157820999815e+02 0.000000000000000000e+00 5.388671425102575085e+02 5.906406486318962834e+02 8.040145415191510381e+01 4.538919227285163629e+02 0.000000000000000000e+00 1.525434155135703520e+02
0.000000000000000000e+00 6.607349844951586419e+02 1.140854552350489712e+03 1.213956259644313832e+03 1.493468251110001006e+02 0.000000000000000000e+00 1.183649220700415754e+03 1.249403929554503634e+01 8.126222540493083457e+00 2.675353614200815924e-05 8.154039362519407419e+00 1.060776730653623190e+03 9.309531074303066589e+02 1.132438171892960099e+02 2.016879024612279068e+02 3.902947097014661608e+02 6.383744810670827974e+02 3.389634551190202387e+02 1.434688060021914566e+02 5.520528369529019983e+02 1.674328963698211992e-01 4.478443863149688298e+01 1.346162800287410619e+03 5.100482873638419505e+02 2.982957563444381890e+02 7.222202666960769193e+02 2.509209492775791261e+02 3.879363288830151646e+02 1.546502504125101609e+02 1.107298647282871116e+03 0.000000000000000000e+00 2.635855861632306230e+01 7.552094243573805876e+00 1.216930116940765458e+02 3.147999192420057852e+02 6.081436983343782003e+02 1.158601989789707886e+03
0.000000000000000000e+00 1.005419903536584343e+03 4.199713379536880211e+02 1.594403979588265884e+03 7.906937504091578148e+02 0.000000000000000000e+00 6.085370221369391857e+02 3.722250180643260364e+01 2.619149005795918583e+00 0.000000000000000000e+00 0.000000000000000000e+00 4.585068165442059467e+02 8.846108289523105839e+01 1.019770567838824782e+01 9.765990822781410543e+02 1.272100992545493625e+02 3.676437643780136568e+02 8.824931324171718927e+01 6.391388993824022009e+02 3.570055797838427907e+02 8.245943323866474657e+02 2.857929495417226917e+02 1.502828359335351820e+02 1.003763780191421091e+02 1.429414804937588883e+02 6.696277174316590219e+01 7.259043698708661907e+01 1.132817201004250585e+01 6.543660200617681388e-01 8.513312125195265025e+02 8.289909276976251249e+02 2.308047299167709809e+02 1.159777163730475422e+03 3.936449765178333848e+01 9.685595211891823055e+02 1.657487906441186396e+03 1.335237710380947647e+03
0.000000000000000000e+00 0.000000000000000000e+00 3.845761923549601224e+00 2.633328692782873048e+01 3.902730358592081394e-01 0.000000000000000000e+00 4.297386881876798410e-05 2.595425376773641233e+02 1.804137574320907049e+02 1.997301271341599183e+00 2.534738549915601524e+01 7.622026549442774801e+00 1.015969788754068531e+03 1.349747623445164493e+02 1.020821846769641979e+03 8.657819562941638196e+02 3.638254336001381262e+01 8.279611697879078065e+02 7.601426001515973212e+02 8.467056409465461684e+02 3.507437094247856635e+01 1.363036975373344603e+03 6.542823475237024411e+01 2.094306975844411056e+02 8.914319321786261980e+02 5.116549124542890468e+02 4.403245236804243063e+02 5.292132925824089398e+02 8.893609464824525048e+02 1.772288719524572116e+02 2.169707776489622404e+02 6.184633243473731454e+02 2.470739193866837979e+02 2.496238316029542545e+02 4.365838809415036081e+01 3.980149093528937243e+01 0.000000000000000000e+00
0.000000000000000000e+00 8.668666388437562773e+02 4.122447349912658296e+02 1.279691627828494120e+03 1.143901023870337781e+02 9.383984244245202717e+02 0.000000000000000000e+00 7.465921103212446042e+02 1.046889616299218233e+03 6.978067904316117342e+00 5.591183423121828611e+01 0.000000000000000000e+00 4.161825041588183467e+02 9.853685667250836389e+00 1.452854066923371192e+03 1.092891977638670824e+03 7.598566883515442214e+02 2.767552534534086135e+02 1.046922516382343019e+03 6.682229887867050522e+00 2.623736985752157835e+01 1.232889713564713702e+03 1.336925220001219543e+02 1.025824128883034234e+02 1.063610876506931469e+01 2.802046078217388754e+02 6.363613108146523700e+02 2.530076719866805135e+01 6.740541333002327065e+02 1.783099912691876909e+02 8.713412782329502306e+02 2.969336421791073932e-01 1.173955754414015118e+00 7.476223678059086524e+02 9.564059500464539099e+01 1.974914921946020741e+01 1.036824105950227022e+03
0.000000000000000000e+00 3.967431862331580295e+00 1.555771772857337965e+01 1.633371534354529331e+01 1.035310881526588673e+03 4.572864171963433364e+02 0.000000000000000000e+00 3.182137095705008960e+02 2.299576313985024569e+02 7.685345733388515566e-01 1.431799648915127136e+03 8.633290130872657073e+02 1.152259480821769102e+03 5.491928495178087815e+02 1.682304683052372525e+02 2.373412120130145411e+02 4.720377598520529432e+02 7.661305600974667414e+02 2.565887276892845534e+02 1.152122073985203997e+03 5.699658768531047315e+01 3.921014476809190796e+02 2.335582391208600654e+02 3.648258524565790140e+01 2.904355096632503519e-02 4.158021900633507784e+01 3.111479839207276541e+02 0.000000000000000000e+00 9.529140355681873871e+02 8.138654156491411129e+01 1.868913540983479606e+02 1.059254698085606606e+03 1.606581016999522049e+01 1.055674845131013853e+03 1.440376262777928559e+03 4.546446347271960775e+01 6.341219871430888588e+02
0.000000000000000000e+00 0.000000000000000000e+00 1.065269011817017599e+03 1.201096759854178572e+03 6.766733480076770775e+02 1.090842375113674734e+03 3.756696824093795350e-01 0.000000000000000000e+00 0.000000000000000000e+00 8.759077322183243552e+01 1.823424027723180245e+02 1.188072760398514163e+02 2.558826056656996428e+01 3.702333147575534866e+01 2.826896368516352176e+00 4.860455516149655986e-01 4.038175909675717890e+02 6.240067662800437347e+02 4.596071111996518965e+01 4.936152155066359910e+02 7.168822289417652200e+02 2.823987763752003843e+02 2.697729993928163026e+02 1.514454259777376571e-09 3.065649625847506741e+02 8.137897173686765484e+01 6.966354121010875922e+00 7.284195945796373195e+00 4.258967673056640706e+02 2.387313622202523078e+01 2.296635179385697256e+02 8.644700962413836578e+02 6.952563177342215113e+02 1.155766684645287228e+02 9.619424831962743172e-03 6.206864558140970303e+02 5.219640951793099504e+01
0.000000000000000000e+00 1.120463381144842742e+03 2.136651221697239311e+00 5.931280432388651747e+01 8.480907058744300286e+00 1.304151616536620111e+02 3.886767162959119446e+02 1.726215110438168040e+03 0.000000000000000000e+00 1.757145761998627904e+03 4.512248411576013041e+02 7.906220583853742312e+01 1.110466098576477179e+03 4.499947095693432288e+02 1.075146697471590613e+02 1.255094394784245821e+02 1.056424836760285313e+00 1.362296111531241571e+01 3.722314754653535260e+02 3.634649732327271288e+00 2.672389289904118073e+02 2.690652297864270395e+02 2.716286231224140479e+01 1.629054750938703586e-04 2.365193129120728849e-02 4.198933696379946809e+02 2.328115484956318824e+02 0.000000000000000000e+00 1.472170590402096877e+03 1.019937134120472422e+02 2.453524112360935590e+02 0.000000000000000000e+00 4.148835230114778483e+02 1.354307807693700397e+03 6.367549805939112275e+02 7.824384727841560334e+02 8.547814780549297211e+02
0.000000000000000000e+00 9.824539066341755245e+01 3.707221868336758348e+02 1.241780786602347234e+03 5.351287091499297048e+02 1.173605822511094175e+03 3.497811701507015982e+02 1.291245073966962991e+03 2.796234552754713221e+01 5.696117544984951486e+00 4.284746911693605220e+00 0.000000000000000000e+00 2.610759689811112394e-02 1.488886324925627232e-03 0.000000000000000000e+00 5.649780255503132186e-04 0.000000000000000000e+00 0.000000000000000000e+00 1.250150584162714864e+02 8.393000250932003414e-01 9.646668536701080257e+02 8.642731694820156463e+01 0.000000000000000000e+00 1.132118122489494816e+01 2.980678985093902611e+02 7.169368727960966226e+02 9.317782732622167714e+02 8.642361294443356883e+02 5.604229672452596560e+02 1.397704539230211651e+02 9.539978924527889603e+02 8.517263402777965666e+02 2.294688242037924795e+02 6.717264573908251180e+01 3.337544492999429568e+00 8.180389765886546627e+01 0.000000000000000000e+00
0.000000000000000000e+00 8.853262221945456076e+02 4.411133499885685296e+02 0.000000000000000000e+00 7.564556947555063289e+02 0.000000000000000000e+00 5.287682988352586335e+02 6.214575119782375623e+01 2.172871325624610108e+02 4.872467261156489537e-01 9.334935516096021502e+02 4.828023764492479775e-02 4.810588589556808188e+02 7.097875375199778318e+02 2.445142929228539597e+00 6.729484812821326725e-04 4.796568585448429012e+00 7.033592989568355769e-01 6.228604707055786172e+00 3.407186819524886090e+01 1.120662942630315683e+03 4.353811294331745785e+01 3.835918701978479817e+02 6.435149478615070393e+02 3.683842464730631150e+02 1.128763818896499060e+02 2.395374524899453572e+00 1.342947473052660825e+03 5.966253782297222870e+02 2.737450333372766309e+01 1.602265818204854668e+03 1.868336756469541271e+01 2.989120427056943363e+00 8.133535132877644003e+01 0.000000000000000000e+00 5.044718712835894507e+02 5.985190192265428095e+02
0.000000000000000000e+00 2.629418556566199072e+01 1.080949793804252129e-01 6.016202822665663064e+01 2.166131475070123713e+01 7.184490167885307983e+02 4.566183237590717567e+02 7.886167048184903328e-01 2.256563948946603304e+01 1.038374846454905907e+02 0.000000000000000000e+00 6.123593848535604138e+02 1.128492203594740431e+03 4.089870813311471665e+01 3.389238141828608608e+00 0.000000000000000000e+00 1.909930019859622874e+01 3.538393833944310245e+02 5.664760092152076965e+01 4.050489106084545483e+02 4.980352894746562242e+02 0.000000000000000000e+00 4.524599058316965170e+02 1.264760896697685666e+03 1.491185885238131050e+03 4.566562939799874812e+02 9.379865250979831899e+02 4.948789198133376921e+00 8.144086027429298156e+02 2.594567604667608496e+00 5.530186634145848075e+02 3.884912188298459910e+02 0.000000000000000000e+00 1.047906458234163409e+02 7.320800698442361636e+02 0.000000000000000000e+00 0.000000000000000000e+00
0.000000000000000000e+00 2.258837209318260708e+00 1.094315946841921405e-02 2.501035103107051571e-01 1.350212226375192004e-01 0.000000000000000000e+00 1.089332784597507271e+03 1.474392031544537076e+02 5.144961657744625683e+01 1.364372430887537462e+02 5.962001635854414161e+01 8.499416665910214306e+02 0.000000000000000000e+00 1.055861762391580669e+03 8.559738429926676417e+02 4.494250432471919687e+00 2.889157467330911686e+02 1.646539840988137712e+03 1.662281672829812749e+02 8.212005194381581532e+02 5.787970282466993694e+02 3.306730365547763881e+02 2.830465742456876228e+02 4.982308654322700363e+02 4.496514078889126154e+02 5.893850551047312365e+02 6.145672956978014412e+01 1.512286499341689989e+02 3.784399922402697030e+02 0.000000000000000000e+00 3.560265555157846507e+01 6.617214515912058914e+02 5.891088346836272649e+02 0.000000000000000000e+00 8.662205506376541280e+02 5.150732899018267474e+00 4.522863148939511007e+02
