output/example_1/lateral_incision_000238.asc
nrows	75
cellsize	13.33333333
xllcorner	0
ncols	75
yllcorner	0
NODATA_value	-9999
[rows 34 to 50 of 75, columns 37 to 73 of 75]
2.712472782030943108e+02 0.000000000000000000e+00 1.942873934450522881e+02 2.610710413685418416e+02 1.801504695577731638e+02 3.998722012068115532e+02 5.707267197335252717e+01 3.331676499435429832e+02 5.870720589581883360e+02 1.008985886483166894e+00 3.888014042884273067e+02 4.719473296720692019e+02 8.415092067984713822e+02 1.389253258934953919e+03 5.972547715137437763e+02 8.325263747100672962e-01 1.416610751828757486e+02 9.485976372643814614e+01 1.353107616409441789e+02 1.730863349278871794e+02 2.456581978375532458e+02 1.610462574237968880e+01 1.375399822432305541e+01 1.267823659568862666e+02 8.954413917588773302e+02 0.000000000000000000e+00 4.440216436347159288e+02 9.637921345521539251e+02 4.440771834345044744e-01 9.448212376215850554e+02 1.585005358643422142e+03 9.208640885050721181e+02 1.622926622764681497e+03 1.686625958948874571e+00 7.084105523170718754e+01 2.947963684963177684e+02 5.626068832886287510e+02
7.490929848597753349e+00 1.050972880646942258e+03 8.815192134026449367e+02 3.433254273135908363e+00 5.685343427146787008e+02 1.073498761654720056e+03 1.923989763401592427e+03 1.365385115981874605e+03 1.488597568370878310e+00 1.570689558985348455e+01 1.455056855515246461e+01 8.848572864887503897e+01 3.338419823810204434e+02 5.357030451668223350e+02 8.192941087053151605e+00 6.418243117158674522e+02 7.415459866033563685e+02 3.240781646252831365e+02 4.364465131640854452e+02 1.541331540780957084e+03 1.188615569485786182e+03 8.890665444883443058e+01 1.448862958605582435e+03 1.405699146059389932e+03 2.141738335809457112e+03 0.000000000000000000e+00 7.443514176205641775e+01 6.314158939919134639e+01 1.549179400896862035e+03 2.108803486534781769e+03 5.525289648796574511e+02 1.313950644021741141e+02 7.896632315929597326e+02 3.268402002833951059e+01 1.375855031413550250e+03 6.318468009417604208e+02 0.000000000000000000e+00
3.518042862649267732e+01 1.749357172245618358e+03 6.708054472554722452e+02 4.407855806739595650e+00 6.815623783178054964e+02 5.400275018467117771e-01 5.615065419482082234e+02 2.107739782121925742e+01 7.155218007205373851e+02 1.464059758851610013e+03 1.171750308548486373e+03 1.289979514134737883e+03 5.455271016286388885e+02 1.666827379897478636e+02 0.000000000000000000e+00 1.195354185485484777e+03 1.810781136379922884e+02 1.486842843691631444e+01 1.203660796864162608e+00 1.932388343276347200e+02 0.000000000000000000e+00 1.416393090103226768e+03 1.684163816104875764e+02 2.772809294402356954e+02 8.390275321991058490e+02 1.078695441338471255e+03 0.000000000000000000e+00 2.941015545865440117e+01 5.811640426265331882e+01 1.043451719028485769e+01 9.414648768364327225e+02 5.296179848038549665e+01 5.767263923625830557e+02 1.178850664479111243e+00 9.239369545890385780e+02 3.424451832088252559e+02 5.944803043052889961e+02
5.951626529383149773e+02 2.197286570345807490e+02 0.000000000000000000e+00 3.104496665347840967e+00 9.121790725585150028e+01 2.083975099299102567e+02 6.547687472138557041e+01 1.549123066029616894e+03 5.576746073653125535e+01 7.613816056380395381e+00 7.757723237996841381e-02 1.427778749655141732e+00 2.651739359938214591e+01 1.953069160248907110e+02 6.994853977289723161e+02 1.444654945253506867e+03 0.000000000000000000e+00 1.717185996407327195e+02 4.973712069039939365e+02 4.501544188536009017e+00 3.647290716130230948e+01 1.437071958230571100e+00 7.911159719460725910e+02 0.000000000000000000e+00 5.177156465936538154e+01 9.451925907384452330e+02 4.653794414435008520e-01 1.073003058832573373e+02 8.532839020427014702e+02 6.459612219052315822e+02 7.466489808385799734e+02 5.296437842885328564e+02 2.178009059686198157e+01 2.180581266850025486e+02 4.889159838341654307e+01 4.303140633682836835e+01 2.358706065241239003e+02
1.080476778902683463e+03 7.176228275285827749e+02 3.913101978068603271e-01 1.178101461433643360e+00 8.683974139902397837e+02 1.414551504428813189e+02 1.658672321389833769e+03 0.000000000000000000e+00 1.454372644149283467e+01 8.073086853789651514e+02 5.761564573567821981e+02 9.310746051890661192e+02 3.647107102740499158e+02 7.581072542274157513e+02 3.003847533970281916e+02 1.013085401411839712e+03 5.775159574385692274e+00 7.050727798908036448e+02 1.761036145713502208e+02 9.834197267929263830e+01 5.061842019386149900e+02 2.889832054783973945e+02 1.208692940501115345e+03 8.687562385498581818e+01 1.821417748146018312e+02 2.257049108349123117e+02 1.112888446980198953e+00 1.246970727413249278e+03 9.907293176419884162e+00 6.621165358826541478e+02 7.629901141192075329e+02 1.352222200443344263e+03 5.761784767744211422e+02 6.212525860771510224e+02 1.372656530976227316e+02 5.608879029596732835e+02 3.743092760352283221e+01
2.306711601320283123e+01 1.591123639996109205e+03 0.000000000000000000e+00 0.000000000000000000e+00 0.000000000000000000e+00 0.000000000000000000e+00 2.123186594897582324e+02 1.257493809510003757e+03 1.655480028361402901e+03 1.132127020878014036e+03 1.205366984100653781e+03 2.937322105314600549e+02 1.465324212185966424e+01 3.688771750710177599e+01 6.453914901625238087e+01 1.267337766555436019e+03 1.867285541255906267e+01 9.514112107566454597e+02 3.331934540608194766e+02 1.406215697318203297e+02 9.607996364798728450e+01 5.818254035977626017e+02 1.405152521121552354e+03 1.065194659776942217e+03 7.133422431012828611e+02 3.506838023141530414e+01 6.088601860767911376e+02 5.632634183623745230e+02 1.218415724816624333e+03 1.621623757394643235e+02 7.247237347280449882e+00 0.000000000000000000e+00 0.000000000000000000e+00 0.000000000000000000e+00 2.169048359055533126e+02 3.716179031445104641e+00 1.862282635041153753e+02
1.692164125371474029e+03 9.092350813218024541e+02 1.102225478678467083e-02 1.695133798142220982e+01 0.000000000000000000e+00 0.000000000000000000e+00 2.757865372382066198e+02 9.764430115109149710e+01 3.034447697114802622e+02 1.086071035000735652e+00 2.692923359054351540e+00 7.091290583894526662e+02 1.032845852798220903e+03 3.269379480292391804e+02 1.244586564970006748e+01 1.491981684893069655e+02 7.688862415731732369e+01 1.205479399510020073e+02 8.507673038487773738e+02 1.357664502681598606e+03 0.000000000000000000e+00 5.080174706564904996e-01 1.432161406410299165e+01 2.920304921205872617e+01 1.077785963507546057e+03 1.491255752327158035e+01 1.194461405804642027e+02 8.110072960846058665e-01 7.606390073295674483e+02 3.343437726320381103e+02 1.235089609617800761e+03 1.190054724323627397e+03 3.176362290711834930e+02 1.496476183857894512e+03 2.599844559181672139e+02 6.323506772863439664e+02 5.197729576949959851e-01
4.238167085181765970e+01 8.793018496064949829e+01 1.055371719661079169e+03 1.062075730848009471e+03 7.531426651007907367e+02 5.422192547926061934e+02 3.145961433067255371e+02 3.435717108510963840e+02 1.229919231909743985e+03 1.324896033718261606e+03 7.133487137104415297e+02 1.551557577106234431e+00 0.000000000000000000e+00 1.548345724985900915e+02 8.931928657358065493e+02 4.589433252382846717e+02 3.480145043571667429e+02 6.803418842868101137e+02 8.776426921381822410e+01 3.878654395476863783e+02 0.000000000000000000e+00 6.171144945768312482e+02 1.391030912862706145e+03 6.372784666949883103e+02 3.699889740769761488e+02 1.459668645808821097e+01 1.136372373421771726e+03 0.000000000000000000e+00 0.000000000000000000e+00 3.257366266125797551e+02 0.000000000000000000e+00 0.000000000000000000e+00 1.980567503540727046e+02 3.421406950075127611e+02 9.854439285124106718e+00 5.065993484975494425e+02 3.726288512462468394e-01
1.222768291307349671e+02 1.134707075432264345e+00 5.628824446146968512e+02 9.600192300064485380e+02 3.567421242438091866e+01 9.924675786899537400e+01 1.933081538072635510e+02 2.054421161076191140e+02 5.505087955269315714e+00 6.351569209496261692e+02 8.121133540642972548e+00 2.840685599405877948e+00 7.100603075482359827e+01 1.758144188292153798e+00 4.982249872402003916e+02 0.000000000000000000e+00 1.419149637638726290e+03 9.253821441589377628e+01 1.410923897771556312e+03 1.693484780719909679e+02 1.321543749991881123e-01 2.123296865714642223e+01 0.000000000000000000e+00 1.017799987713925816e+03 1.315818713672236527e+03 1.675081447762739373e+01 1.544783943069294082e+03 1.645184586239847022e+03 9.493295335487927105e+02 1.030916285836317229e+03 2.486221521822631644e+02 5.990614244156876111e+02 2.425823824600801402e+02 8.188973872558344738e+02 1.383594421818272338e+02 5.052512796086932099e+02 3.367213482376638467e+02
1.337964902240295487e+03 3.151378961772925891e+01 1.346688925629038067e+02 5.604030399765449602e+02 2.799992295588406819e+02 3.342397256723919554e+02 9.885007451709965665e+01 1.005527007717084985e+03 0.000000000000000000e+00 0.000000000000000000e+00 5.628599291395701130e+02 2.489462797355874386e+02 1.163116134620565418e+02 5.641687675601121832e+00 0.000000000000000000e+00 8.245741029573507319e+01 1.242270128605966192e+03 2.644063701305145742e+02 8.935491523932141433e+01 1.818533716053274532e+02 1.992429201309796554e+03 3.461834639878503594e+02 6.019096804454991343e+02 6.927697048029361326e+01 5.094111012707447372e+00 4.822455607003119837e+01 8.137954508288468958e+01 2.482345234537795431e+00 6.767975103272283022e+00 1.190413677794679643e+03 4.240873348677249624e+02 1.375170796448855526e+03 3.249006577491481380e+02 5.982706806168303046e+02 2.676005374691423100e+01 3.088227665125199906e+02 2.300749851735683364e+02
1.214278358002476807e+03 2.834779635773430062e+00 8.186402015586334073e+02 1.632962024299961001e+02 2.112680343931557161e+02 6.866563087904971781e+02 3.037008237311108587e+02 2.774407671900485752e+02 6.707921604599999910e+02 1.928029082866657404e+02 1.703057768634165825e+02 3.609707773062567639e+02 2.631572535656990794e+02 3.869982213439162706e+02 1.155328630131103429e+00 3.384192428753678428e+02 0.000000000000000000e+00 5.419551660917908293e+02 5.648262858859095559e+01 5.421725446431922002e+00 1.267087800426404556e+03 7.510739152041866191e+02 1.395538034971141315e+03 2.308787156699574439e+01 3.576391798410581373e+02 0.000000000000000000e+00 4.638980615662667901e+02 4.102854737599543569e+02 1.580120217638165059e+03 1.465756768180879703e+02 2.069878966458499576e+02 2.269287029562620006e+01 1.302269666968955164e+02 2.440732020872185899e+02 1.117744297865141192e+02 3.225742392986990694e+02 4.849524148932080152e+02
9.332449835942830418e+01 4.769620344262125400e+01 1.002489143306284632e+03 1.442277117641768669e+01 5.944406301516177438e-01 1.121464041492363549e+03 4.690940723462759365e+02 1.002551826904978327e+01 9.501414377379863936e+02 7.600042808903320690e+01 7.230411376593857540e+02 5.425028241386162797e+00 1.608970812531574666e+03 5.124774870220131788e+02 3.824314591552948741e+02 4.191348170592092259e+01 4.859336339653170285e+02 5.971238256539574074e+00 1.201066083106584074e+03 1.204752233553005453e+03 0.000000000000000000e+00 2.692551917725150474e+02 1.530470819101431701e+01 3.811019057345594661e+02 0.000000000000000000e+00 9.332425629467819590e+02 7.055034478797896327e+02 2.431909501183936584e+02 2.332787880949827866e+02 5.175717309773964416e+02 0.000000000000000000e+00 7.412778456417876214e+02 8.732509495941867499e+02 7.612960227242436986e+02 6.237218794711509418e+02 5.072085099602476248e+02 3.690949522893690755e+02
6.638167438031183565e+02 0.000000000000000000e+00 0.000000000000000000e+00 5.908630480767011761e+01 1.462215898184054907e+01 1.298016464486393943e+03 7.461047296657881134e+02 2.419729296790325446e+00 3.510010025063924672e+02 2.459346048645513427e+00 0.000000000000000000e+00 1.979116329618136376e+02 7.973252189503050431e+02 5.831392396353098775e+02 1.957910556004755165e+01 7.576540553924559163e+02 3.755729140264930948e+02 6.010528214101327649e+02 1.327500559064918093e+02 3.749833488312076746e+00 2.797008773771980259e+02 0.000000000000000000e+00 7.334229730783163177e+02 1.490926726959243979e+03 1.359429683758847432e+03 2.920063647370183327e-02 1.115324265221730457e+03 1.329198024731504404e+02 9.439040196868718624e+01 8.579508009745820800e+02 0.000000000000000000e+00 7.759522605861966440e+02 4.886319032737650332e+02 8.669599352761301816e+02 2.732640736003767188e+02 8.689947406195699386e+02 3.439504555845797995e+02
1.236112525644498703e+02 4.377189628418740597e+01 1.182593208559516853e+02 1.172137606015975209e+01 1.903506294397411125e+02 0.000000000000000000e+00 3.646324465089149385e+02 2.090868693166192394e+00 1.129915414637925323e+03 1.399038865267183951e+02 4.723358591428298503e+00 4.239012405354915813e+02 1.587764970128885409e+02 4.901604775644931919e+02 1.054244480472547139e+03 4.944870896302711571e+02 6.286840956617884331e+02 3.164226391132408480e+02 1.096825440104817289e+03 1.907798273502607334e+00 7.015548949114341681e+00 7.329996612227122341e+02 1.185408100462553193e+03 0.000000000000000000e+00 1.077705793759063454e+03 0.000000000000000000e+00 1.033010615371846825e+03 3.311518541881325177e+02 3.343203269346450952e+02 5.878751873718365459e+02 4.747252222896531748e+02 1.747805089571368455e+02 1.814394109713541070e+02 5.725844021692687580e-01 6.178487271742651501e+02 8.229206180429727624e+01 5.479733633903553027e+02
1.514794956185001865e+03 3.256298391932516978e+01 4.728330099770232096e+02 2.903294961566624579e+02 7.206092718467048144e+02 1.657193234162494422e+00 6.337138111804835034e+02 5.309392816709284979e+00 2.482063306502578826e+02 0.000000000000000000e+00 2.432059351456674676e+02 1.262799784637455645e+02 7.417536280214044098e+01 0.000000000000000000e+00 1.171843024913678590e+02 2.165661562924412198e-01 5.818712703965351452e+00 6.114239710050333176e-01 4.265646048665522549e+00 5.659587235988790610e+01 0.000000000000000000e+00 1.662335753558174076e+02 4.445773048813363175e+02 0.000000000000000000e+00 4.562319228812180540e+02 1.445629825321789440e+03 2.166289920903240329e+02 0.000000000000000000e+00 9.596908221478412315e+02 8.657929033225508419e+02 9.083916795528667762e+02 1.058840205885687510e+03 1.179134653362795717e+02 9.642576120320119344e+02 2.069828740440961212e+02 1.323146133872533255e+03 3.063904391932792350e+02
6.959854774355139853e+02 3.540810938631030247e+00 1.478312320808818754e+02 3.729500995154576231e+02 7.826764873103934406e+02 9.927620376604409103e-01 8.327001838089680632e+02 5.454411667853533707e+00 3.336554742254876373e+02 4.884820682434511951e+01 7.853829771064685872e+01 1.252344007378675315e+03 1.087105542243129321e+03 7.424522475887564497e+02 7.081873939748667190e+00 2.554268500551677334e+02 3.451468975822061793e+02 5.605076547753997147e+02 5.770245132359294757e+02 7.463755639415868472e+02 7.192425625389759630e-03 1.557337563495853416e+01 9.405736193051740202e+02 1.221837175082185468e+03 2.663813020157987310e+01 3.956740738626954794e+02 3.957977914154039354e+02 4.022212989687930644e+02 2.460104706724961261e+02 0.000000000000000000e+00 8.057319181148380949e+01 3.725980924857813292e+00 1.052459178846503619e+03 1.303655422423471748e+02 2.356960714924953137e+01 7.625220175267961864e-02 0.000000000000000000e+00
1.213049209587270028e+01 1.646941598842940493e+03 1.326973945070178843e+03 6.461332877601087148e+02 1.632306349571376547e+00 6.830516719683857900e+02 1.031971070164599240e+02 2.731594149218199874e+00 6.933906443409799749e+02 1.753794383611177636e+02 0.000000000000000000e+00 2.268709295775646711e-05 7.836644588423426683e+01 1.941513711535347297e-01 1.152024037779712444e+03 3.454198329820118829e+02 8.289935591205615992e+02 1.114131197004913929e+03 0.000000000000000000e+00 3.847734212746589151e+02 5.596547459163526810e+02 1.298977813763674272e-02 4.387709039174152963e+02 1.550006699368988734e+02 4.787111698082545530e+01 6.530831418206950048e+02 4.339662447335364845e+02 8.462070810186907011e+02 7.523648845071655842e+02 6.258887167572594024e+01 6.992701870182602875e+01 3.633205435686626856e+02 7.079396052258800864e+02 1.240219987541238140e+02 1.209166728878893764e+03 1.240818061777132243e+03 3.353705290276324149e+02
