output/example_1/lateral_incision_000236.asc
nrows	75
cellsize	13.33333333
xllcorner	0
ncols	75
yllcorner	0
NODATA_value	-9999
[rows 51 to 67 of 75, columns 37 to 73 of 75]
0.000000000000000000e+00 0.000000000000000000e+00 2.803714141214158850e+00 5.814827322169139734e+02 1.135830261808754571e+01 5.193101929964039520e+00 1.887476522260245986e+02 3.318579818751134098e+02 1.300685665561145242e+03 8.647564536833847626e+01 6.046622179884483330e+02 5.339680589283971130e+02 0.000000000000000000e+00 1.360855017058710246e+03 1.278673979701499093e+03 1.386172106043874010e+03 1.794048253932635077e+02 5.405864009787709392e+02 7.397757334722366522e+02 2.752968563713986327e+02 3.808145455928974457e+02 1.679363954111075373e+03 7.790795782579223214e+02 1.618170023776436039e+01 1.371411414676419554e+03 0.000000000000000000e+00 5.029918138863237118e+02 7.488116206191733681e+02 2.919168769462267505e+02 0.000000000000000000e+00 4.201478871625748752e+02 5.208312611906463871e+02 6.090521534198048315e+00 2.845910291191307806e+02 1.213843122972650690e+03 4.974192052719644153e+02 1.245436797731694689e+01
0.000000000000000000e+00 0.000000000000000000e+00 0.000000000000000000e+00 1.720923233492639426e+00 0.000000000000000000e+00 0.000000000000000000e+00 0.000000000000000000e+00 2.852706161820129864e+02 2.595198616339784436e-01 8.625563313107221575e+00 1.486021199954327354e+00 2.387063089639019364e-01 1.785613748457485315e+02 3.862918748900050900e+02 5.651729050564651970e+02 2.211134295720095224e+02 1.238073966656528228e+03 1.155057023251892972e-09 6.449093240625636554e+02 5.496801840479241363e+00 5.408833849561961449e-02 2.577135174669988373e+02 1.165317123178735756e+03 1.458615127389140071e+03 1.620970389779822796e+01 7.679303865908655098e+02 1.124968005782723594e+03 1.736277908123336378e+00 1.145929586859335586e+03 2.607123656849887006e+00 1.692661284107457050e+03 1.892006750952118637e+02 7.493077944320835115e+01 7.879610287150773047e+02 8.706825027465927747e+01 3.434465033254418143e-03 5.311175931826570462e+01
3.372232444748313469e+02 9.784253455998812115e+02 1.738048716855132398e+03 1.696883652882449667e+01 1.140346390076356187e+00 4.270903427731743704e+02 0.000000000000000000e+00 0.000000000000000000e+00 1.891561366675828140e+02 1.185146969616325379e+02 0.000000000000000000e+00 1.357898076899532953e+03 4.740453894341537762e+02 6.069190634030754872e+00 7.303680000993588237e+02 8.168391775944065785e+02 1.430018555156812226e+03 7.191143652161966315e+01 9.282909988119234868e+02 2.924292600488413427e+02 2.736906928098413516e+00 3.349068259628799069e+02 9.380075742669339434e+02 0.000000000000000000e+00 1.359656656985740028e+03 3.497998143028223694e+01 1.281247640578583514e+03 2.130294041698487035e+03 6.574291416722217036e+02 7.883288595385306508e+01 4.386888157832194679e+02 2.538968066692993686e-01 1.234180718473841353e+03 1.336761118370274914e+02 1.514291765026727035e+03 1.132292846001485714e+03 6.637384679512655339e+02
7.603999548014950260e-02 8.089298136321416699e-01 4.226661774962509099e+01 5.845294918330699169e-02 1.144067750980218761e+03 6.226955646259486912e+02 7.702254160396462623e+01 2.468914764926751388e+02 9.892225719505460120e+02 9.319074584856596175e+02 6.545795191040881491e+02 1.352981633860129262e+00 8.852505041016527230e+02 1.102005101751241682e+03 2.899024293443221723e+01 8.864512930691259953e+02 8.733906580654318077e+02 2.533144433618050306e-01 1.494970488547626474e+03 1.775635839528813449e+02 2.588669733648091551e+02 1.370232567896985643e+02 0.000000000000000000e+00 6.783861855021410747e+01 0.000000000000000000e+00 1.627125385504662518e+03 7.686794118655142505e+00 7.495518989111133124e+02 0.000000000000000000e+00 7.406880008244874034e+02 2.407054311634852866e+02 1.114625852367046946e+03 6.988569013323502759e+02 1.071138725978860748e+03 2.301538001359360806e+02 6.838900296725144017e+02 1.489688203483926372e+03
0.000000000000000000e+00 0.000000000000000000e+00 6.914182888762875336e+02 1.531929186108812235e+00 3.194843324942267486e+02 3.614316317914756382e+02 1.348607865619944732e+02 3.428365483243333678e+00 1.123677461972985611e+03 6.601488731584146308e+01 1.902822645631574261e+01 4.651620504846196127e+02 2.141270376172630208e+01 1.179765487646507381e+03 1.442346129752598245e+03 1.281055812059231300e+02 4.225722178816389487e+02 1.208989411307948785e+03 5.012554149672977521e-01 2.061748902568900199e+00 0.000000000000000000e+00 4.420536883921014351e+02 1.667462896962213037e+01 3.386025929091064199e+02 8.888354660131773244e+02 4.699050562495555710e+02 1.671727147443909644e+03 0.000000000000000000e+00 1.018556312712088129e+03 1.014797325288930779e+03 0.000000000000000000e+00 5.336898773871059802e+02 9.422039937165450283e+02 5.591398968658347712e+01 5.811740765100917088e+02 5.360395006510383809e+01 7.096914408039098134e+02
8.562033162399969797e+02 8.358470553097490665e+02 1.415429123018590872e+03 3.519512827592227922e+01 3.319139757431005933e+01 6.227054723152461975e+02 8.869777692632951016e+01 1.569564567389259082e+02 5.563001550188017745e+02 1.365687761391607857e+01 3.171497133016642351e+02 6.433093196573278192e+02 1.114896062457924245e+03 2.472903979991472667e+01 2.039954279949092495e+02 3.126940234795176821e+02 5.654454692066136801e+01 1.473958480775096177e+03 3.491309771764044445e+00 5.776606838240878687e+02 5.750417619459981324e+02 6.352018998171835165e+02 5.874195323510013722e+00 1.341736202703939398e+02 3.454256295720059029e+02 2.335435187976196403e+02 0.000000000000000000e+00 1.577141822808803909e+03 8.299394004084052767e+02 8.516194311555781269e+02 2.643344087478342317e+02 2.231670508604474534e+01 7.368108797391398568e+00 2.107445459658661946e+02 3.459611296062612951e+02 1.029945803681811412e+03 1.192033410255237840e+02
4.397366236454795967e+02 6.533099203230466401e+02 1.128814317458828555e+03 0.000000000000000000e+00 3.175213607872740505e-03 3.561493175135428828e+02 1.095295081214448061e+02 1.121993238537938396e+03 3.626195490980211389e+01 4.464050211442450404e+02 1.317057950575948553e+03 5.483046415747587332e+01 0.000000000000000000e+00 5.220644004485682217e+02 1.739879654247166627e+02 1.553886770580849657e+02 1.049204022023531252e+03 0.000000000000000000e+00 5.237896085057031996e+02 1.781886251509108288e-01 9.874996535333003749e+02 0.000000000000000000e+00 8.988415004461381841e+02 9.279428299352017575e+02 4.734184037802793910e+02 1.962272213938560939e-01 1.030434498048776049e+03 2.271764832539740837e+02 1.171530937458886683e+03 9.939535414037305827e+02 1.001654767637778150e+03 1.046481789103416986e+03 9.490588820398752432e+02 3.386628780259171378e+01 5.958602077478435604e+02 1.051969276317486468e+01 2.001316044414525948e+02
6.503221802552646977e+02 8.550809841485092875e+02 9.246789749487838606e+01 0.000000000000000000e+00 0.000000000000000000e+00 8.910200230705249851e+02 2.665766398971468334e+02 4.454781691929180170e+02 8.568113865117551597e+01 4.609549541918910904e+02 3.419031477287327334e+02 5.152104493771322495e+02 1.350772195986618840e+02 1.608486304615234303e+03 1.588477621716933072e+03 2.299840829108985929e+02 8.032270915368505939e+02 1.369160391539919374e+03 5.790113805603011032e-01 1.007115645568004084e+03 2.365266500293648377e+00 3.470681658523319157e+01 1.129532839264256381e+03 1.306475198143795637e+02 5.506562908397692269e+01 6.528406184326756829e+02 0.000000000000000000e+00 1.080185190552379709e+03 2.249762144937727442e+02 5.346602243753914081e+02 1.150448683287337190e+03 1.372650055052198923e+03 1.016223220540852026e+03 7.853921125250857393e+00 0.000000000000000000e+00 1.007882376030284490e+03 1.017805260897577169e+00
1.662039156751594930e+02 5.690413310440578520e+00 1.379137908780102180e+03 4.126992485432127182e+02 1.677574872780522128e+03 0.000000000000000000e+00 1.974552399502497730e-04 3.738747386213387358e+02 2.264967246087388162e+02 3.584542757460887685e+01 1.055047012234129625e+03 1.179592750306851030e+03 8.396711249718397596e+01 1.082659331563243512e+02 1.486391027906316140e+03 6.904910807428417456e+02 0.000000000000000000e+00 1.555603541708437945e+02 2.679013029953166702e-01 9.787869957089868649e+02 1.348427889601958896e+01 2.388443965935816209e+02 5.109823780457731601e+01 1.158308772430194145e+00 0.000000000000000000e+00 1.191811609070216491e+03 1.141649243559550769e+03 3.014017614067389772e+01 0.000000000000000000e+00 1.066596627119771711e+03 3.311961735628140335e+00 0.000000000000000000e+00 0.000000000000000000e+00 1.766763898598550213e+02 1.551756949571930363e+03 1.119164331348460564e+03 7.009309126332270434e-01
1.978134089183538613e+00 5.073831656229161808e+02 1.346111933660123157e+02 4.800066939582964096e+02 9.114638264281904867e+02 0.000000000000000000e+00 1.172361320925213249e+03 6.490850764617601953e+02 2.727637552940755086e+02 1.563484278529766591e+01 4.627482812233932918e+01 1.544213912402540018e+03 7.341974811225508990e-01 8.270925673546574899e+02 8.200546192763290492e+02 6.600701526933761443e+02 1.091674868240604837e+03 0.000000000000000000e+00 7.184753063570283871e+01 4.757464681950787053e+02 4.957505047548273325e+01 4.439834168190837431e+02 5.241768491824890219e+01 3.726885489847919075e+02 7.171416622790473205e+00 1.287809853755395029e+00 3.153413320997271398e+02 4.509475441423345501e+02 2.392707469925253960e+01 4.098348027563041995e+01 1.346147791136624846e+03 5.384817842819081761e+02 5.406046432630211029e+02 5.393090380426963293e+02 1.565917511614846489e+03 8.377316746335927746e+02 1.758819331591591251e+01
6.087184177201928605e+02 2.999280820582874707e+00 0.000000000000000000e+00 0.000000000000000000e+00 5.968256874707311965e+01 8.751211079125273500e+02 2.346526531062179011e+00 3.391751727701243624e+01 9.214540944292017457e+02 5.753991226525351443e+00 7.830807405302838333e+02 2.797241440243562351e+02 5.804782852384256557e+02 0.000000000000000000e+00 7.976352970537815281e+02 5.138906897982933515e+02 1.086351177420121758e+03 7.796944349464563402e+02 2.995306943376541540e+02 6.827601970470450965e+01 1.168205084474246860e+03 1.013088609258704587e+00 1.971509982300572403e+02 1.180661075651124065e+03 1.482167521273217436e-01 1.937260406133491415e+02 3.398555880309311874e+02 1.010804288970991252e+03 3.748851534074366754e+01 8.235684187363960973e+02 0.000000000000000000e+00 0.000000000000000000e+00 1.383320021188201565e+02 6.473421568541430133e+02 1.030451663097026540e+03 8.930200734889916703e+01 1.322538595339467520e+03
1.428151471568145610e+02 2.114358356563579093e+02 0.000000000000000000e+00 1.382587280165386346e+03 5.236915234907386321e+02 1.258498001092780669e+03 1.052694470993336608e+02 9.404440775231981320e+01 8.298068433952356600e+02 8.733001476045857316e+02 4.023103223382138438e+00 2.765378704696594809e+02 4.960900237451419947e+00 8.015411761075063168e+02 1.014313377931861282e+03 7.374765119843760708e+00 2.830951609044620341e+02 6.738094595661523556e+01 4.191275832156416215e+01 0.000000000000000000e+00 8.728371236903201691e+01 1.955068027654152445e+02 4.611427376148880057e+02 2.488059871662116507e+02 4.749291000822118463e+02 4.877344565083880639e+02 4.071709032329212050e+02 8.324731869097460049e+02 5.275783271187141077e-01 1.042716132419343921e+03 5.129630336867887763e+02 1.993875174571624598e+02 9.506331024328675312e+02 9.730236203178826599e+02 3.230830555159169535e+02 9.559725214241622098e+02 0.000000000000000000e+00
8.695044131684277033e+01 6.889691310476021613e+01 6.057601379219009914e+02 9.678873829678127549e+02 3.870895144434119857e+02 7.624298020975498957e+02 8.442729999532058116e+01 1.236425501825582614e+03 0.000000000000000000e+00 1.999373895295725276e+02 2.199032392498863828e+02 3.267457786414783349e+00 1.049650025179893298e+01 1.066313774629256557e+02 7.220504179638670621e+02 7.549245954361847453e+02 3.306192982202703661e+02 5.523115333496431276e+02 3.031567956946020104e+02 0.000000000000000000e+00 2.686950000426786005e+02 1.439556365738327258e+03 2.192801949111392901e+02 7.439292664095179930e+01 0.000000000000000000e+00 0.000000000000000000e+00 8.739040490495605127e+02 1.663115613162192687e+02 7.925353508650979393e+02 3.661024529102017766e+01 0.000000000000000000e+00 4.162574925206139369e+02 1.029226183543496745e+03 7.643136508738234625e+01 0.000000000000000000e+00 0.000000000000000000e+00 5.222574412519006728e+02
2.157713373022413350e+02 7.028792858832440515e+02 1.569566211798076427e+00 4.908042889299490525e+02 5.904743873783294248e+02 1.445152170999079772e+03 7.061407290238260259e+01 5.223951282537648240e+02 3.004637464259527047e+00 7.949152890984399846e+02 3.780961914193682105e+00 6.654671006493259711e+02 1.425091770532908640e+03 1.117208564658073158e+02 6.249589076540158494e+00 1.716281616850947103e+02 5.769452488018210943e+02 9.019851536274236992e+01 3.197475557366222461e+02 1.192264086030735797e+02 3.358958008590441295e+02 3.046684541002256879e+02 4.511689127085383575e+02 5.487066920321236552e+01 2.816039235303051100e+02 2.052969600708781286e+02 0.000000000000000000e+00 1.258339457834114938e+02 6.827090082623549279e+02 7.275237763002424174e+01 0.000000000000000000e+00 6.450161678801476910e+02 4.912612852605096947e+00 1.104472314518431176e+03 0.000000000000000000e+00 5.972546762559658191e+02 1.120016439019455987e+02
1.908120841570550752e+01 5.068060353005002128e+01 2.375467565086742070e+02 5.726116244837870681e+02 2.769177307061323177e+02 7.896714054730859971e+02 1.632394188099394600e-02 1.363080100451162480e+02 8.398023432678032805e+02 5.752893578747308538e+02 2.276133528747971297e+02 4.505150927563230425e+02 2.295320763682501592e+02 2.812183785810933045e+02 3.752646333187053074e+02 1.838227170934067374e+02 0.000000000000000000e+00 1.940488869422557059e+02 3.771124287443281986e+01 0.000000000000000000e+00 5.936084916813513956e+01 6.019737790501217489e+00 5.306223038390994589e+02 2.343213105988974831e+01 4.125646471880676245e+02 1.051437794235986303e+03 2.328069871428206170e+03 1.152960778617427195e+03 2.035076760214406377e+01 7.859134704699241638e+02 9.029044443198435488e+01 3.368150870564713273e+02 1.142918792217417376e+03 7.335784843669017619e+02 2.843630391487299676e+02 0.000000000000000000e+00 5.760643878305667442e+01
4.274561739316273812e-01 3.872146287519638008e+01 1.545437942288710360e+02 1.701723174861052939e+03 1.080897503179084879e+03 3.000780032966941491e+01 9.958381573716003459e+02 6.314849275735271661e+00 2.006390604604040959e+02 3.170536620590229973e+02 7.319178279663149169e+02 7.991196537058839340e+02 7.850506839779328061e+01 5.643755392288272787e+02 1.194603701508695622e+03 6.909101377081950659e+02 1.344786302270920109e+00 1.367659611472427983e+01 3.304432341892945070e-06 0.000000000000000000e+00 3.778322161097371890e+01 1.406760457577991303e+02 0.000000000000000000e+00 3.854730060239932072e+02 1.231749418559465875e-01 6.182114846783549922e+01 1.546586661644569631e+03 2.776324995575614629e+00 1.088200077889139038e+03 6.491134974512692679e+02 0.000000000000000000e+00 9.568685564660256659e+02 1.523491756605034766e+02 6.121804725448208728e+02 1.108854477890221460e+03 2.243846959932301672e+02 3.402814460155265692e+02
1.895220657530163919e+02 9.329193962163929044e+00 1.211200149447044168e+03 9.851343910984503509e+02 9.584673904188091953e+00 9.305926396288388105e+02 1.286355572136309092e+03 4.447617880410786597e+02 1.680066022151604699e+01 9.119019180712235766e+02 1.548990115872172510e+03 7.192120934350431298e+02 1.346031367417718059e+02 1.055740183577516063e+03 2.039109668692233868e+02 2.566858170697257151e+02 1.197557756796212516e+02 8.946880897808912323e+02 7.672326146953591888e+02 3.234397702265451926e+02 4.381416522078109779e+02 5.903012704036066225e+02 4.922329631565582453e+00 2.469860374999177566e+01 3.009043277496067503e+02 7.213896326957054725e+02 3.129326999835152634e+01 1.339081629647535920e+03 5.424168756830668059e+01 1.061109170729602965e+03 1.069181044501546239e+03 1.581342178885658534e+01 1.641613763560121981e+02 1.137996025978002081e-08 3.088184844892219303e+02 1.106820940795253591e+03 5.694837388912101233e+02
