output/example_1/lateral_incision_000364.asc
nrows	75
cellsize	13.33333333
xllcorner	0
ncols	75
yllcorner	0
NODATA_value	-9999
[rows 34 to 50 of 75, columns 0 to 36 of 75]
0.000000000000000000e+00 1.070139868914580347e+03 9.737340131747283749e+02 6.546556614290327616e+02 2.679124623436334787e+02 1.084630917396471432e+03 2.379941943768132830e+02 3.386804732452319655e+01 2.333421091198336583e+01 4.147554454180797734e+02 5.819645324227958554e+02 6.131719718406228594e+02 1.244204819945098563e+02 6.286744381521231873e+01 6.503373213844262182e+02 6.621426153949782645e+01 3.577948697831093483e+01 7.655241842126270058e+02 1.913567975301223214e+02 1.300938856809831350e+02 4.345815434080470219e+00 1.181950051337836157e+03 1.291125004524201358e+03 4.459123169310513504e+02 3.654164031290221715e+02 3.884454065341180353e+02 3.306230351938499723e+01 1.145415744664378735e+03 7.122563424797035623e+02 3.883486755954234013e+02 3.637578906183723007e+02 2.951066080964196772e+02 0.000000000000000000e+00 7.870321421864919103e+02 9.771689012591059509e+02 3.373163828563241395e+01 1.312508842811643035e+03
0.000000000000000000e+00 1.821660778130685117e+02 2.844241613990709538e+02 1.062187096634052295e+03 4.465767054012281356e+00 6.797058762751375660e+00 7.572196797930698153e+01 2.292128745987903073e+02 3.209980360105105888e+02 1.299834025925739070e+03 5.566471414277056056e+02 7.883381765711942535e+02 1.788749797128086350e+00 4.281262616551338596e+01 1.043586452391850344e+03 1.128573319017014910e+03 7.037388502704943676e+02 1.000490334052087427e+01 2.376213087197515677e+02 8.607820932872400022e+00 6.769008172862986612e+02 0.000000000000000000e+00 7.350992110516810953e+02 3.928242216930930564e-01 1.574553135125752306e+03 2.888696011390566127e+02 0.000000000000000000e+00 5.622300581223738618e+02 1.631551753381846538e+03 1.925726140102731847e+02 7.659380564437969952e+02 3.702605457541528153e+02 5.374590885412401349e+02 4.406980836123354379e+02 5.685248504970768124e+01 5.654713500883617350e+00 3.343660665881200771e+02
0.000000000000000000e+00 1.189997638673783285e+03 5.897218422816172279e+02 1.669927128089854884e+00 4.117322442286659339e+02 1.274633769591283453e+03 1.218279581244362930e+02 1.087700276471034840e+03 6.152648655400791995e+02 1.125910758952311852e+02 4.915470498921867488e+02 4.568656824325371417e+02 0.000000000000000000e+00 7.158296736086036844e+02 1.607113398598773557e+01 0.000000000000000000e+00 1.056510808540846710e+03 3.248615607977156827e+01 1.601751525490578842e+02 1.152202044222812219e+03 4.215048249830988993e+02 1.896350597411502861e+02 1.932075334883317907e+02 5.035019589584860178e+00 2.474385300834904342e+02 8.795374248233589469e+02 1.020553822442545879e+03 1.156590532055707143e+02 3.287847052164909911e+01 1.822181503111202971e+02 1.280741676151419597e+02 2.481292153213087992e-01 3.194838869333505045e+02 1.618180404744049952e+02 1.798363920855331477e+00 1.014427052593501912e+03 1.446336021699231544e+01
0.000000000000000000e+00 6.367728423082894690e-03 6.652330826638664339e-03 8.028773669606907788e+02 2.844241613990709538e+02 2.986785830869679899e+02 9.642168162258408302e+02 1.590582857886113061e+03 1.737594597762179660e+01 3.051064182719813402e+02 1.035341183679033520e+03 1.073979052896795793e+03 1.202056897069845945e+03 2.623481275506807364e+01 0.000000000000000000e+00 4.033911556602259196e+00 0.000000000000000000e+00 2.230175625876181584e+02 1.344154384525756640e+00 8.700666713356613400e+02 7.671923268650543832e+02 7.035520798571883461e+01 8.477782179129427504e+02 3.474189533751438130e+00 1.414754124341753595e+03 6.364727100280733794e+02 3.156183270365594851e+01 0.000000000000000000e+00 0.000000000000000000e+00 1.548717419529522431e+03 6.395652508872757380e+02 1.295706356790295217e+02 3.365793477926324329e+01 0.000000000000000000e+00 2.779491692149851811e+00 8.687051530290399342e+02 6.318706748505518362e+02
0.000000000000000000e+00 9.160419671347808617e+02 9.662562238944567525e+02 1.384310569057215057e+00 1.032736783097736861e+02 1.280628614225748834e+03 0.000000000000000000e+00 8.929985694653419515e+00 1.297339693737108846e+01 1.518490268711164859e+01 4.898399499378714381e+02 2.740621813062092738e+00 8.426961069878492481e+02 6.678651844189499309e-01 1.394312941765338337e+03 0.000000000000000000e+00 4.008543536042517417e+02 4.601711944235140663e+02 1.260855479190998267e+03 2.198291309351467770e+00 1.386806932984962941e+03 2.352949382012874594e+03 6.244175367376980290e+01 2.081999163909162287e-01 0.000000000000000000e+00 1.181421408803381183e+02 1.108985063574939886e+03 0.000000000000000000e+00 2.586232412333908428e+02 0.000000000000000000e+00 7.440526593364668884e+01 4.499704467632801652e+02 3.751520613779824771e+02 3.010935576035489589e+02 1.011834154847546046e+02 8.482615934934949564e+02 1.886865723561784762e+03
0.000000000000000000e+00 2.732467043087261072e-01 6.353565600152875277e+02 1.117908708953678776e+01 3.325392704558693140e+02 3.036982242898222353e+02 3.620354648585034738e+02 5.854397807048093227e+02 2.677795436723971737e-06 1.019914539023517897e+01 5.128094885558751912e+02 6.761095159759493072e+02 4.014441501125649836e+01 1.848198731071130640e-01 1.153908178378855382e+03 3.644845045002131201e+01 9.344737930398315129e+00 9.187658060386762315e+01 9.007196963908855878e+02 1.301622118606611821e+03 6.552633997162549129e-01 5.593013112451100142e+02 2.449329036731992801e+03 9.545825662131152285e+02 1.277054817680702428e+02 1.146252388366620778e+01 9.920792849213967202e+02 9.041528839036801628e+02 1.433851616282007342e+02 4.272492912286778477e+01 1.522302312712476805e+03 4.140069225029823201e+02 3.197455798876992503e+02 9.834275800552188684e+02 8.476198152303478537e+02 1.452714556546029883e+02 4.969279592162546777e+01
0.000000000000000000e+00 1.701144873213964729e+03 6.887666621732128069e-01 4.610646316106789300e+01 2.369622891387230723e+01 1.857571343556358201e+01 2.005894158405383682e-03 2.923176702060176213e-01 3.282662072709977963e+01 2.783769600763218666e+00 1.077152091429415805e+03 1.024404254871919193e+03 1.297172238582450063e+03 3.238096792477867325e+01 2.397238858344564392e+02 2.761752485838668463e+02 7.287569930202767665e+00 5.673606669200981401e+01 6.931781227570012049e+01 0.000000000000000000e+00 1.024067659411000932e+03 2.200478364193641845e+00 6.798453588893711412e+02 5.283023574862879101e+00 1.640576580880875554e+03 1.582244911134847143e+03 2.098876580654700490e+02 7.545896883749834672e+01 1.955575531610336676e-02 8.353244428177637815e+01 1.256012136314777308e+03 3.322358548736376065e+02 1.189101950454720509e+03 0.000000000000000000e+00 8.838951784836203842e+02 1.560654262032372571e+03 4.221299199747495550e+02
0.000000000000000000e+00 1.774815995014418604e+03 1.012968134123099730e+03 3.066530054026691232e+02 2.896465191709352212e+02 2.426644634482944429e+00 4.372847989913399402e+01 8.931406457691715559e+02 1.681141402822689770e+02 6.073218452826812381e+02 3.438096104385741683e+02 1.341166381107228290e+03 1.521526894131704921e+03 6.265880000774424730e+01 5.013318953234701212e+02 5.703178302916112443e+02 2.452687629838877683e+02 4.442100839971754453e+02 9.278980533312982004e+01 1.068913893223490504e+03 2.138978966311445902e+02 1.016750828741237456e+03 9.688452888410890296e+01 2.213132336153900326e+01 0.000000000000000000e+00 1.187460879408478434e+02 0.000000000000000000e+00 9.766872985902372406e+00 8.651828487192494777e+02 5.704376843268956918e+02 8.409397476823947954e+02 3.395498170687293964e+02 1.159592165629114788e+03 5.103997864572239678e+02 6.678061454055831803e+01 8.476824972823149551e+01 1.219254727814000461e+01
0.000000000000000000e+00 1.375929847779765396e+02 5.752052196764982455e+02 1.817980145914101797e+02 9.251681264501714850e+02 4.637172011045286126e+02 2.088893031103782505e+02 6.138424911636756320e+01 8.382553581992345926e+02 3.496008552635517574e+00 0.000000000000000000e+00 1.004052602460085836e+03 9.268811121910747488e+02 1.069661085786271002e+02 1.245662987858510405e+03 1.601592240924865962e+02 1.188158554057002220e+03 3.622859341965657336e+02 0.000000000000000000e+00 1.676734108806805068e+01 4.178093192225473445e+02 5.724067924094072168e+02 0.000000000000000000e+00 1.322254612650901436e+03 3.880566368491224125e+02 2.074422515231919988e+02 1.017297532753299407e+02 5.590405715734235947e+00 0.000000000000000000e+00 4.554570497675868523e+02 7.894881956168223951e+02 6.809291015162872327e+02 2.373802410772335492e+01 7.018497432528744184e+02 2.054202524772010108e+01 1.291881154890633070e+03 8.170672069282694565e+02
0.000000000000000000e+00 6.427504867814179761e+02 1.191000409106991675e+00 2.287713392766727054e+02 2.355430832982761160e+02 7.374486256460349942e+00 6.390000896440780025e+02 6.471937960930915779e-01 1.442048398954181948e+03 4.734983754858505023e+01 0.000000000000000000e+00 5.484976569527119636e+02 1.005424925090593092e+03 7.873875959638476729e+01 3.615864136087076304e+02 0.000000000000000000e+00 8.144742268810747419e+02 1.994483281450673076e+02 8.054043501299743184e+02 6.883253108978227601e+02 0.000000000000000000e+00 1.182212645326752636e+03 2.259758836089494072e-01 1.057775735119917897e+02 4.984212856244202072e+00 0.000000000000000000e+00 5.992985137227689165e+02 3.151047776713389226e+02 1.821169605520409718e+01 4.195390492224750005e+02 5.466473199358966895e+02 2.878154586217079896e+02 0.000000000000000000e+00 1.116937784268943005e+03 4.105708692649528757e+01 5.452188801831325691e+02 2.241637254292855062e+02
0.000000000000000000e+00 5.695128990987691395e+02 5.039938794199006793e+02 1.328196867220737261e+02 3.772897617482979510e-06 1.247761114616759187e+03 1.106998715828538025e+02 9.163910462595024455e+02 3.325626521432093909e+02 4.013950135785051998e+02 1.173314456347698496e+02 3.439423291006510226e+02 4.503737971417547215e+01 1.556112812946759618e+02 5.228035272431187508e+01 4.646028067065495293e+02 1.181257388318442963e+03 1.122128091050297982e+00 4.781365115107081465e+02 2.757923220011640364e+00 1.789218530773395059e+02 1.587945607785031370e+03 5.549157943865542819e+01 3.416725501052477512e+02 6.237616448015520518e+02 1.317549112816814443e+02 6.510675710994527208e+02 4.022393072881698117e+02 2.979524063240602771e+01 3.302562829264332436e+02 1.650418792597835136e+03 8.284379976651771358e+02 2.747538849467025202e+00 5.208854695386706848e-06 1.960212133038734450e+01 9.856181982936985941e-02 5.118903808649061489e+02
0.000000000000000000e+00 4.030317501567989069e+00 0.000000000000000000e+00 0.000000000000000000e+00 0.000000000000000000e+00 0.000000000000000000e+00 0.000000000000000000e+00 0.000000000000000000e+00 0.000000000000000000e+00 0.000000000000000000e+00 4.856887186266467324e+02 0.000000000000000000e+00 0.000000000000000000e+00 3.361648226095107930e+02 5.814471779549830188e-01 3.118983962310115317e+02 7.754921008145537087e+01 4.365811928470494081e+02 1.309778631240015301e+01 4.965018741314125350e+00 1.247879608673604253e+03 5.181006960261465011e-01 1.233970377916906500e+03 1.210506139317989664e+03 1.560522747628016873e+02 7.257056499883645984e+00 2.220504860425669236e+01 3.286905741083582910e+01 5.486044901101583946e+02 1.316955105646314905e+02 5.169355636273598975e+02 2.060724292004536551e+01 1.060799845871766593e+03 5.531964602514177614e+02 7.382108021151246930e+02 4.265428136494046640e+01 3.952376926799831267e+02
0.000000000000000000e+00 1.485881190654803561e+02 0.000000000000000000e+00 0.000000000000000000e+00 0.000000000000000000e+00 0.000000000000000000e+00 0.000000000000000000e+00 0.000000000000000000e+00 0.000000000000000000e+00 0.000000000000000000e+00 2.793944132638701117e+00 0.000000000000000000e+00 0.000000000000000000e+00 0.000000000000000000e+00 1.628264917921670303e+03 0.000000000000000000e+00 0.000000000000000000e+00 0.000000000000000000e+00 5.406405351200240830e+02 2.776928667243723226e+02 3.454630419256901774e+01 6.700405185849905365e+02 1.677757128132684102e+03 7.783409466667282004e+02 9.974825036877483626e+02 5.094358793037889086e+02 0.000000000000000000e+00 4.432416022308115657e+02 6.890171284658288187e+01 1.629993875889504579e+03 2.222852991285679369e+00 1.250496552765491970e+03 8.449529341570666929e+02 4.987253361935914313e+02 1.220428002820536193e+02 1.067395709396318125e+03 4.802384537414770449e+01
0.000000000000000000e+00 3.806330171044436952e+02 3.434946353629068767e+02 1.055255554318174518e+03 2.033713717612748155e+02 1.334495908375287854e+03 1.756249396492006554e+02 9.370595599074443953e+02 1.700301029831362484e+03 0.000000000000000000e+00 2.077813664628426409e+02 3.132612914560353090e+01 2.901462098447610575e-04 3.194670597446216789e+02 4.692524609971420091e+02 3.528944612026612049e+02 0.000000000000000000e+00 1.425027866004747239e+03 0.000000000000000000e+00 0.000000000000000000e+00 0.000000000000000000e+00 0.000000000000000000e+00 0.000000000000000000e+00 1.467975983969131448e+03 8.581417759617406773e+02 0.000000000000000000e+00 1.279457231379043606e+03 1.776278716832221434e-05 1.232184023978553569e+03 1.095491741390913916e+02 1.051009149677541700e+03 4.181646923263845395e+01 1.066612160619293491e+03 2.330820457086900888e+02 3.777572339094281233e+02 4.978456722629458397e+01 1.348951334538539992e+00
0.000000000000000000e+00 1.334738037514054838e+02 0.000000000000000000e+00 2.197656229554806995e+00 0.000000000000000000e+00 9.586047146250042488e+02 6.252813030410727606e+02 3.612801121929880566e+01 8.593063560440845094e+02 3.224392427616515278e+01 1.043515850191561412e+03 3.816716374643458494e+02 2.204758167409399949e-01 4.623215978236239039e+02 1.401745689101545622e+02 1.304184108866165275e+02 2.807787641941332595e+02 0.000000000000000000e+00 1.323253754778154189e+03 2.302582569208503855e+02 0.000000000000000000e+00 0.000000000000000000e+00 1.062874617154163417e+02 0.000000000000000000e+00 0.000000000000000000e+00 9.841501762479199442e+02 0.000000000000000000e+00 0.000000000000000000e+00 0.000000000000000000e+00 1.978452486672857162e+02 1.281271759128758504e+03 3.627281010027531352e+02 6.961294098847012037e+02 1.652847396352844726e+03 1.025043313645363696e+02 1.247075547358537051e+02 6.244755256463056412e+02
0.000000000000000000e+00 8.632901170852519499e+02 5.739300319049869614e+01 6.773723139831744788e+00 1.247525315954649727e+01 0.000000000000000000e+00 3.515881955058405310e+02 2.599571874832857930e+02 2.949596367854225036e+02 3.989570466582471830e+00 4.515221209147857735e+02 5.369610294648435200e+01 0.000000000000000000e+00 5.514782255177441357e+02 0.000000000000000000e+00 1.508516947646433891e+03 3.928618430865842281e+00 2.180553846555329756e+02 9.403698490833841461e+00 0.000000000000000000e+00 3.318686347625863959e+02 1.385789736919187135e+03 3.564838768833663494e+02 2.142433518357706390e+01 1.092003053447305774e+03 0.000000000000000000e+00 1.435355783865688409e+03 0.000000000000000000e+00 2.040479469398557910e+01 3.466783118150901233e-01 7.468181563662390090e+02 0.000000000000000000e+00 1.273348153701371302e+03 1.575287137484706790e+01 1.295298041167582426e+02 5.652877534260359198e+02 3.064328903215952593e+01
0.000000000000000000e+00 1.374669721098726541e+03 8.955361620606420274e+02 1.299881813144010266e+03 0.000000000000000000e+00 7.694157262636268797e+02 5.148379103745996872e+02 4.570046867147713243e+01 1.218011176470814462e+03 1.705669237517131265e+01 3.867653717867810315e+02 1.501645351269285982e+02 0.000000000000000000e+00 1.507153026425817055e+00 5.913635640001593856e+02 5.850420139236603490e+01 1.493491412178878591e+03 5.495530726931982599e+02 1.316842994625974370e+03 0.000000000000000000e+00 8.874303919947884651e+02 7.715943334455362219e+02 9.555766543007754299e-02 1.311037245313879112e+03 1.647656667687508389e+03 2.075968708562805887e+02 6.602510786886456344e+02 3.848654556876943502e+02 1.111547858913045344e-04 1.011103382086641886e+03 5.730812291012653964e-02 5.793820395301926283e+02 2.742980508517061100e+00 9.181949153862801722e+02 6.330090676784272397e-01 8.607594107766376510e+02 1.006798214578220711e-02
