output/example_1/lateral_incision_000125.asc
nrows	75
cellsize	13.33333333
xllcorner	0
ncols	75
yllcorner	0
NODATA_value	-9999
[rows 17 to 33 of 75, columns 37 to 73 of 75]
9.991321102713416735e+01 8.370755612451050638e+02 8.423524180323734356e+01 7.110693545266908586e+02 8.568726451827101300e+02 1.065688020053284930e+02 2.251625583887910409e+02 5.832701506612885396e+02 2.743406395196354310e+02 5.736726777383851505e+00 2.718951912644481013e+02 7.218957403712443011e+02 1.532718221080181820e+03 3.411729569873042465e+02 6.271261010741424116e+02 2.742673475720529837e+02 7.824183262759080160e-01 1.028214466015369908e+02 3.838240333467532395e+01 1.799704615098422611e+00 8.331878346864297100e+02 4.493153235073297651e+02 3.396268850339419387e+00 1.186028825019974420e+03 0.000000000000000000e+00 1.423555343999126990e+03 1.266467266982585670e+03 4.988284556971112806e+02 3.652993668956025619e+00 1.411222616460820291e+03 4.353243478718034112e+02 1.208565862076639178e+03 1.066669589847730322e+03 1.903104380795527817e+01 2.575460352084887745e+02 9.705166117429186556e+01 2.493362510242216956e+02
4.316225848206216256e+02 4.956613208644517385e+02 1.396909484694326466e+03 2.004231144807276266e+00 9.170215694148454588e+01 4.225993467241744384e+02 1.682120156504665687e+01 9.344788387658263673e+01 4.604962074251056414e+00 4.985830798915459923e+02 1.283879893318254290e+03 1.568818048132808372e+03 2.228194015963539982e+02 7.943366172750393162e+02 1.903604943077640144e+01 1.207319365177575321e+01 4.874644806144895597e+02 2.792337110071214283e+02 8.133055922817047190e+01 0.000000000000000000e+00 6.713633844799660189e-01 0.000000000000000000e+00 1.083276551629637197e+03 4.577631130773505141e+00 1.067221645682479220e+03 2.390777773228120964e+02 4.318862731275670086e+01 1.400749556709001631e+01 3.309630023166815249e+02 5.864923992543369025e+01 1.128454170140702445e+03 3.366992186546769403e+02 8.115759535115161043e+02 9.994829800652361484e+01 5.197785135654827400e+02 3.808990553113908959e+02 7.472072341026320146e+02
9.391064546621404929e+01 6.018959628245630711e+01 3.215985812852693471e+01 6.378826102365195538e+01 9.555124858800818188e+00 1.080048574627888229e+03 1.276853684318633331e+00 6.531975616154668387e+02 2.720526065077161704e+01 1.332862204398019834e+01 1.194274336282573188e+02 3.411729569873042465e+02 1.234794408071707721e+03 8.598121887465902446e+00 1.045638711478014557e+03 0.000000000000000000e+00 8.092080340638522102e+02 2.797151296254091549e-02 4.171397031959526203e+02 1.001726402272317728e+03 2.021087927944248577e+02 8.966397393404295713e+01 0.000000000000000000e+00 1.024707890263676973e+03 1.528559619207558451e-01 5.450841379747641895e+02 3.352006826167939213e+00 1.511899793464907361e+03 7.751562095422517586e+02 6.047587997500628489e+02 4.466226192437260795e-02 3.075106349115654325e+02 7.955077806151464870e+00 1.020734796423528878e-01 3.610458122808142889e+01 8.637884610217927275e+02 0.000000000000000000e+00
1.086417661655004395e+03 2.781650359475545997e+02 8.659186037596444407e+01 2.986270431866248032e+02 2.430651776144373333e+00 3.844599065958843909e+01 1.509816359714448595e+02 1.453279544395038272e+02 4.265412680566506687e+00 5.158561584702995333e+02 5.051524118498521716e+02 9.295659303016849506e+00 1.323289831146721326e+03 9.261869997202589957e+02 1.277849408340978243e+02 1.097429062682763288e+03 1.589427880835336509e+03 1.172620906042644684e+00 1.392959632948666240e+02 9.055347551507846902e+02 1.258145183454042353e+03 1.931034047146222861e+02 1.672446978044250443e+02 7.893700031614060419e-01 6.858973473316235641e+02 0.000000000000000000e+00 5.530818917168018061e+02 6.539086548754997921e+02 9.216279903798149462e+02 6.828323007500854374e+02 1.205539979291753525e+03 1.492366483620519091e+02 7.858293182731672655e-01 1.573710910428412717e+02 1.076238727331631480e+03 8.159555912454851523e+02 0.000000000000000000e+00
6.595640034689494087e+02 1.367538038218410975e+03 6.920830683146326692e+02 6.257953100064369210e+02 6.809311615641496473e+01 5.617608897271192063e+02 4.890445338215546940e+02 4.082629279052480911e+02 4.692344253846030711e+01 1.291768380793145932e+00 4.863005543872013732e+02 1.230423834684235999e+03 4.273133173128202600e+01 0.000000000000000000e+00 1.276217796229420628e+03 1.434551406193319001e-01 1.275218122011448031e+03 1.573492219343908971e+02 1.377772098352384546e+03 1.813482341851668309e+02 1.291390821820722067e+03 5.164906636244362659e+01 3.019594525808852268e+02 0.000000000000000000e+00 1.666511895243196250e+03 1.382672132588481418e+03 0.000000000000000000e+00 9.077848086132079288e+02 3.982314562380899048e+01 1.250723829595307812e+01 4.623954815884544267e+00 1.615986802587365219e+03 1.621674203372843522e+03 1.043810224205073155e+03 6.274452107702518333e+02 2.024370960605138947e+01 3.114207909730500319e+02
3.357146263644303907e+00 3.034314621023275649e+01 3.040228681358039697e+00 5.661973610556797212e+02 2.100544420515810273e+01 1.038713478380076594e+03 1.315923282851875626e+02 2.779257257838374926e+02 1.118779015021966643e+03 1.994980706047908541e+02 3.199310863989604741e+02 1.703531723943823124e+02 2.393708879007405699e+02 3.399584008830159405e+02 1.799281870394195039e+03 7.589240800598984151e+02 5.287037043747439924e+01 6.623098961540536678e+00 2.024893296599629764e+02 5.135015095527800213e+02 4.146084053204547537e+00 2.606960893129643253e+01 2.795182735908925906e+02 1.738094361826320437e+03 6.021349320909390599e+02 1.024620742075620594e+00 8.322851985981631060e+02 0.000000000000000000e+00 7.869052436238180235e+02 7.225849078765760396e+02 1.235224790635113550e+03 4.378271954700932334e+00 1.372040442511487072e+03 0.000000000000000000e+00 1.916177049627916062e+02 7.549762909621308893e+01 5.215142988809637927e+02
4.075742390605440590e+01 4.868263608079720939e+02 4.300760634288636766e+02 2.928705607168325287e+02 1.036759082622110739e+01 1.083704491831217183e+03 5.482859747705159634e+02 8.874279365777046347e-02 0.000000000000000000e+00 1.267652673924046240e+02 1.500688780473585027e+01 3.799737454368734557e+00 0.000000000000000000e+00 5.142182477081336174e+02 6.888217014577802502e+02 1.384428943428253206e+03 6.481314192315223011e+01 1.546421908421817761e+02 9.170507416659809508e+00 1.137389653973817531e+03 1.183259467953395188e+03 1.964653781079782746e+01 2.543165858711970984e+01 1.617246154603129071e+03 3.625651673566308464e+00 9.091291313381440204e+02 1.607062402438501294e+03 1.255205457995860343e+03 1.862130724069025689e+02 5.308891787231161175e+01 6.659827424983418496e+02 1.347424307422041920e+03 3.627775736636935733e+01 8.225845444991197155e+02 1.283169748778695293e+03 1.280847296239686273e+02 1.939977144847754857e+02
2.774814264503230543e+00 4.777309741761043504e+00 1.320938411863422743e+02 1.028734754910313086e+03 2.113970215109248485e-01 2.134272799251141066e+02 6.809979380929080435e+02 0.000000000000000000e+00 4.024188484266288128e+02 1.483252037260941506e+03 1.205363067641048360e+02 1.005360729027668754e+03 5.277170269892892520e+02 1.398276111624562930e+02 1.456899472529937157e+03 1.094316378273485952e+02 1.210656553779601154e+03 6.522906209103424544e+02 4.085690581200504994e+02 1.961223420889331548e+00 2.769930252417189465e+01 2.233393344273661683e+02 0.000000000000000000e+00 3.489027172241082830e+00 1.334761720095736734e+02 2.045247960483849567e+02 4.877664782669481447e+00 2.187198363989827499e+02 3.152444822855366056e+02 1.306777987872941438e+01 1.088361533029763156e-01 7.764702123986343167e+02 7.626809042722343293e+02 1.570344904264771060e+02 8.703616525465791653e+01 4.561392889780115922e+01 3.802315007866720862e+02
1.792720938367940278e+02 5.592325335774322070e+01 1.413614583044570105e+00 0.000000000000000000e+00 3.055375823603464482e+02 2.963378875530658547e+02 6.783709613863027243e+02 1.537266499217399485e+02 8.534846020003612921e+02 5.047114468276067782e+02 1.851404165530623303e+01 0.000000000000000000e+00 1.410449384398439199e-01 4.461343470006028724e+02 8.264840402323612167e+00 1.435646932634023415e+03 8.468782616429758718e+02 5.078693564809784533e+01 1.117764407918316465e+03 7.100054368274220451e+02 8.422238397190940304e+02 0.000000000000000000e+00 4.138513079154827210e+02 1.359679782230707815e+03 0.000000000000000000e+00 3.390086882156078900e+02 2.465728205835411586e+02 8.083451329367620701e+02 0.000000000000000000e+00 3.322076912321951347e+00 2.016175031069245449e+02 9.969281846629280963e-01 8.000945655104303569e+02 1.430686542633611964e+02 8.676722906561705031e+02 8.475074328914549824e+02 6.316083560657848466e+02
5.068118866713657411e+00 2.059092943385413719e+02 1.855833558027070396e+01 1.038713487123156483e+03 1.590570926399342682e+02 1.111966341678299614e+03 6.880135110627427366e+02 3.872807055838047745e+02 1.486942263938518352e+02 2.473187876699595051e+02 1.054206597805429283e+03 8.630581866037179850e+01 1.166415457358206595e+03 1.011401322993749091e+03 1.638712904020896133e+02 4.230877764717460821e+01 1.628199799517180395e+02 3.822516987193572646e+01 5.917398414996923748e+02 7.792630382638210396e-01 3.271596719250441083e+02 1.587885555885741724e+03 1.213491751504191463e+01 1.788672114707283981e+03 3.397457331809335415e+02 6.246375103617143623e+02 2.712664699610789754e+01 1.077226440130437446e+01 1.520598958405082080e+01 5.790619144000570486e+02 6.267854465058757540e+01 6.589129411805112113e+02 9.456788016245811832e+02 4.671153119473990145e+00 1.647053414909676803e+03 1.391495387908507610e+03 5.319774149483396378e-05
8.243167645608663179e+02 4.473240781754158624e-01 5.433337265488288326e-01 2.107413325245315150e+02 8.230538232699831269e+02 2.039422981955242875e+01 2.244879074076113454e+02 7.063244377013181747e+02 8.604167224549156856e+01 3.920364430200140191e+02 9.261157649938394343e+02 1.129473213087154818e+03 1.395284385899383608e+02 9.368048916632068313e+02 4.497508218490929153e+02 2.934338793921981220e-08 6.619002728873717842e+02 8.676223714096994399e+02 1.234630343116745053e+02 1.610091057594439974e+02 1.662501577768258576e+00 1.512070189542856269e+03 1.530573021595793648e+01 1.250434010746935911e+02 8.317027221339627374e+01 3.618200240367310272e+01 1.511152927260004901e+02 4.247485015778524371e+02 1.294046839795554149e+02 6.310236989126759966e+01 5.230853752906177760e+02 0.000000000000000000e+00 3.285144791389078733e+01 1.402156249683203555e+02 1.832323395206244987e+00 1.443486963590724372e+03 5.287975875571681854e+02
2.433814811067218784e+02 3.780395340556273709e+02 2.031868674019155492e+02 2.878430274458248732e+02 1.087885699980460918e+00 1.498567044675299485e+03 2.063457586491663562e+02 1.070903037007566354e+03 2.633529142658081810e+02 5.127625137636531463e+02 3.218907714890853526e+02 4.994727411426724757e+02 3.141247448288980308e+02 1.087231042165634776e+01 3.401689948804541359e+02 6.558680375237556746e+02 0.000000000000000000e+00 1.278373968247539461e+00 8.835955953677998878e+02 5.185185151967083357e+02 2.259170059330929403e-01 8.224699410158938235e+02 3.725448974760562493e+01 1.335640558606271725e+03 2.686386769929641218e+02 1.245999115090292889e+03 0.000000000000000000e+00 7.174192415873131949e+02 3.875085454858876233e+02 2.359737400182217471e+01 5.349194415237925568e+02 7.552864110145540053e+02 9.072165903414281729e+02 2.266064471747079949e+02 7.244775067959036505e+02 0.000000000000000000e+00 5.514227588646117795e+01
4.031726584867511676e+00 9.298296492812324621e-02 9.217497460635526441e-01 1.096204465567288025e+03 4.787351725380029848e+02 7.121870951949822448e+00 1.027933281875791408e+03 8.643472504902080118e+02 9.605756340291675315e+02 5.116230658622179135e+02 1.860947791753740077e+01 2.483127694490034187e+01 9.646385793406543598e+02 5.867690449383925397e+02 1.435916670831997237e+02 0.000000000000000000e+00 1.899585981382495561e+02 3.584305816583313344e+02 3.362481269017309593e+00 4.045834115003319198e+01 7.422145953684366759e+02 1.720173080288803931e+03 2.627712950375422096e+01 4.201136065969907349e+02 0.000000000000000000e+00 1.014446641490818593e+03 2.845289772826912866e+00 6.035887517875332833e+02 5.803319074636409596e+02 1.996379791274598290e+02 8.324454186289736413e+01 1.472976454505937616e+00 2.205822605093057689e+02 5.686854444985785904e+02 1.527758583646635543e+03 2.867716465787812581e+02 2.269654621388897908e+02
3.438465003186604463e+02 4.577905351752287544e+01 6.742957645805937545e+02 2.583471407689227703e+02 1.759430256941554262e+03 4.877240589085378133e+02 1.346624427609194896e+01 5.474212181421365259e-02 1.671970033648106437e+03 0.000000000000000000e+00 9.577901472957113356e+02 3.166578923078868790e+00 5.835929380042107368e+02 1.655861178305457315e+02 4.867405209983638770e+02 4.229454087911885374e+00 1.132207943272620241e+03 8.468782358518625415e+02 1.210827469241507515e+03 1.365360961002493468e+03 0.000000000000000000e+00 6.169335201092666239e+02 1.707829005524867583e+01 6.696762676461322599e+02 7.004340005766622426e+02 6.023344347520599662e+00 2.157060851875936862e+02 8.132539272151628893e+02 3.869535717822030652e+00 1.227120078800649708e+03 6.430200102907678001e+02 3.096695761469051149e+02 2.399166714448608104e+02 0.000000000000000000e+00 2.865963984462005669e+02 2.000025323130756192e+02 2.091219065594454207e+02
6.904878852624261754e+01 0.000000000000000000e+00 4.683675261915396248e+01 9.240507354331039096e+02 0.000000000000000000e+00 5.883863167770232394e+02 0.000000000000000000e+00 6.181459748295142163e+02 8.571373445743926123e-01 1.918593899841901873e+02 6.278955935743332475e+02 2.147754679775788844e+01 1.122517906935310748e+03 2.021383288303636618e+02 1.156343245385404089e+03 3.443268771871620402e+02 4.754386243742258600e+00 8.649119696255586405e+02 8.077150446794368008e+02 3.377334756645727794e+02 1.171478960988925110e+03 1.367987716110476697e+02 2.816604769489588023e+01 6.788033759366220465e+02 1.091254112499369967e+03 0.000000000000000000e+00 4.560270558077850751e+02 9.576274660509191961e-01 1.817030322604896071e+02 9.883591860153357800e+01 4.476772968995859401e+02 8.454973855728942453e+02 5.822249651860344244e+01 2.008973759597452258e+01 2.639718516347604691e+02 1.154883571263689873e+03 1.631590163414718830e+01
2.731623430647269970e+02 0.000000000000000000e+00 7.553912886244938818e+02 2.376603449946978515e+02 5.804964408756634953e+01 1.204550536117183128e+03 6.073114660374891400e+02 6.176022035092402120e+02 4.381713428047333547e-01 1.261158221755300701e+02 6.848090905522357161e+02 1.697365038611851062e+01 1.435137602987983882e+03 3.596093046995795106e+01 1.100224145859296669e+02 8.690755223739101893e+02 4.502123881518755866e+01 1.118284788991915635e+00 6.570457767857950557e+02 1.136528152023148095e+03 1.136254553867263439e+03 1.702698039329264247e+03 0.000000000000000000e+00 1.329378068246051896e+02 8.713742373697102721e+02 8.030701603230393175e+02 5.181207962358437271e+02 2.022417675083869071e+01 6.228199566628446746e+02 7.439526948484949571e+02 9.490652896995546826e+02 3.192565878775005785e+02 5.065994593358350926e+02 7.585162881844277649e+01 1.948694662574524372e+01 3.154053018207812897e+02 8.637731008872531646e+00
6.699941462281133226e+02 1.866085560424801315e+01 5.275857356816121069e+01 4.405197513594008285e+01 9.535775520770513367e+02 8.488831233177859303e+02 1.580375324386583680e+00 1.490187138453163925e+03 1.264923717089689717e+03 3.823844414254625690e+01 2.555845128846581549e+00 1.890336138527248977e+01 9.222596887099817877e+02 1.584221351593265403e+01 9.839466563765914771e+02 9.838740687753412431e+02 4.734472438846761406e+02 6.830423743498689646e+02 2.460610767885220582e+02 3.918400378174042231e+01 6.235482878786761773e+01 1.105064885983382226e+02 4.420070278590383372e-01 9.056452909213732028e+02 0.000000000000000000e+00 1.458085929605239016e+03 9.390074686282318339e+01 6.611021292626332091e+00 1.129774207205495884e+01 0.000000000000000000e+00 1.709622701646244991e+02 1.078972163905428260e+03 7.897341388746499433e+02 3.868430996420697454e+01 3.809938278879476226e+00 7.466685564204336742e+02 3.413031782561384375e+01
