output/example_1/lateral_incision_000053.asc
nrows	75
cellsize	13.33333333
xllcorner	0
ncols	75
yllcorner	0
NODATA_value	-9999
[rows 34 to 50 of 75, columns 37 to 73 of 75]
6.555988580068278893e+00 3.880827077317433691e+02 9.306046996834564311e+01 4.271049642653228489e+02 5.737333483074147722e+01 3.134984144129139594e+01 0.000000000000000000e+00 2.025338388201186035e+02 1.461780299699729767e+03 2.074168251618406789e+00 7.752372818724062427e+02 2.486551528384719933e+00 7.195045592147628621e-01 1.197029197842306530e+03 3.697540207164375925e-01 8.453451826393056763e+02 2.490574231274783017e+02 1.899099187375193065e-01 8.976381418519708763e-03 0.000000000000000000e+00 1.747875254688067441e-05 5.926063801402116127e+01 6.729170765148094757e-01 5.686430487394967486e+02 2.297269542843451404e+02 2.061327850971371731e+02 2.560178421067184740e+00 9.644730098626764629e+02 7.104300916557516530e+02 1.262689377232569798e+00 3.586676522618819263e+02 3.603476310228803641e+02 1.986874787365890711e+02 0.000000000000000000e+00 4.909295778515675011e+02 7.372723175760265804e+02 3.776811046331057469e+02
1.801852203003584521e+02 1.357640736333221867e+03 1.128032097792807690e+03 0.000000000000000000e+00 9.324399107827177886e+02 9.199082700431634976e+02 1.060034471712778213e+03 0.000000000000000000e+00 7.099108316079173697e+00 9.718598722691142484e+02 1.348612414036506834e+03 5.151566001764344094e+01 1.205961133777996793e+03 8.449762406250951585e+01 1.107219138439028256e+03 7.270774396855919122e+02 2.593018680866255750e+02 0.000000000000000000e+00 1.087443098766446327e-02 8.352618280264949817e+02 3.759993555569968180e+02 3.473090616527029084e+01 4.641466664900683603e-01 2.924398777366064905e+01 4.393017864115218885e+00 1.369168831133830722e+01 2.231780760690456020e+02 1.141503991026450393e+00 0.000000000000000000e+00 7.798281649289591542e+02 4.287987813322137640e+02 1.990059810986051403e+01 9.566878376958806385e+00 8.784033673148211392e+02 3.130902250368322015e+01 1.140045898183063677e+01 3.524008996904433957e+02
2.074158557863467820e+02 2.570323041256752106e+01 2.782361485296735850e+02 2.424702887315443718e+02 3.701794053432009264e+02 9.091183990078125987e+01 7.393215187855802242e+02 0.000000000000000000e+00 0.000000000000000000e+00 2.290616837573033990e+02 9.506217759224736028e+02 3.844787119245751228e+02 1.691848489421728718e+00 7.689716384610899240e+02 1.172058406534235473e+03 0.000000000000000000e+00 2.852132255699016810e+02 1.148980094222692514e+03 1.098105068749733618e+03 3.280724746600810704e+02 1.807743957191639765e+02 2.347180783445310226e+02 9.164013229946329275e+00 0.000000000000000000e+00 0.000000000000000000e+00 8.950453419768378117e-06 4.147820266996955070e+02 6.410049518479758035e+02 0.000000000000000000e+00 1.388264565359800251e+01 1.882217697344908558e+01 1.581313924658935321e+03 2.566600265759371950e+02 5.547056181593715962e+01 6.267628753609187697e+02 7.281353681763737313e+02 1.440614242751614960e+01
8.551723930315571209e+00 3.849162500958330213e+01 2.697636980447939550e+02 5.670895784560717630e+02 1.589592571593681441e+03 1.606939132960242844e+01 1.049775798458956011e+01 1.846069053757857432e+02 1.269065431943272188e+03 1.794216584886236276e+01 6.254987886506644372e+02 3.453056933214210176e+02 5.680213361211739311e+02 1.872036179851855309e+02 2.881262244195038211e-08 1.284508381876510839e+03 1.020996061781563526e+03 5.806821946855507122e+02 7.636880350635725563e+02 1.062154254349692337e+02 1.103683164164534425e+01 1.834593957693405386e+00 6.442232700461879569e-01 2.210284616157606763e+01 6.484999429727031384e+01 9.125052815742769496e+00 4.074518391723340294e+00 2.071808246684107075e+02 4.593242168511852697e+02 2.262305418973853932e+02 2.944011253115965587e+02 1.644197637029093812e+03 4.569834204264588493e+02 9.773272106954859595e+00 2.572501257680640663e+01 5.565658066584762978e-05 1.303770512919635109e+02
1.091382466487287502e+03 1.012479781714491310e+03 7.479674245987322934e+01 1.028789403205803810e+00 0.000000000000000000e+00 9.569884452651948550e+02 0.000000000000000000e+00 4.437691825624896751e+02 1.992861145641019220e+02 2.143962589072425260e+02 5.399931769244531665e+00 1.365040187828182752e+03 3.037487811782747826e+02 3.351392007751082502e+01 1.330568075496710208e+03 8.890737657655262138e-02 9.004013145301876193e+02 1.643293322952141352e+03 1.033866273461318563e+01 2.170122265371148274e+01 4.657872535949253034e+01 5.516224928008338679e+01 8.257218547097726002e+01 6.250678767465311694e+02 3.200509202652038994e+02 3.330383828868630758e+02 2.121602306691097439e+01 3.158284250543080596e+00 7.292050952427676691e+01 9.817173515914876702e+01 5.943551610217688363e+01 1.567706608260936321e+02 2.306812886432994958e+02 1.813764030771934301e+02 3.163209012406823775e-04 1.090908420213829028e-01 3.743092760352283221e+01
7.419793321626508487e+02 4.306821791838422869e-02 0.000000000000000000e+00 2.760666903822576614e+02 0.000000000000000000e+00 5.211956635721300017e+02 4.677168372279044775e+02 1.551078536539261279e+02 7.069511172649439459e+02 3.636163555683255026e+02 1.311223663020979757e+03 5.570533288008884476e+00 7.234346308638472465e+02 2.633106658249557199e+02 1.566208108088738697e+02 3.482717024578340670e+02 6.571839679492193227e+02 1.849855521354250598e+01 9.696411915325751352e+02 6.341521552987157975e+02 1.413523701053419472e+02 2.668573589893521003e+01 1.209559440329319841e+03 7.043493682278874957e+00 1.803867030520584080e+01 3.191439963651475864e+02 9.955650958475790446e+01 6.666353157626831588e-03 1.860910502694215207e-01 2.539949213721087062e+00 2.664804770450277260e+02 2.083697806693564871e+02 3.878804863299221408e-05 2.726699753448984325e+02 4.320818047645799709e+01 1.375124417596367721e+03 6.216737066396399314e+01
4.942109447280155221e-01 6.720527816794675573e+02 4.940778571545784842e-02 2.348451584515220164e-05 1.815490355269397469e+02 1.355139738309036829e+03 2.723454545457331566e+00 9.868249961369882328e+01 0.000000000000000000e+00 3.083159008470890967e+02 6.173838148862225808e+02 2.983351847294960987e-02 1.496915383972575000e+03 1.529816048176666072e+03 9.865774197740591944e+02 8.692688488526658830e+02 8.698380356934242164e-01 5.617622182723889637e+02 1.176406295186307716e+03 6.913226983161745665e+00 9.275804021179961723e+00 1.761386128666911645e+03 1.035795960301211153e+03 4.729668689421301053e+01 6.357499562153636816e+02 1.000102369997297615e+03 7.540700151835787324e+01 1.239894648669569339e-02 1.422484589152745684e+02 6.083910108136544750e+02 2.435956431397574562e+00 5.306583416829282669e+02 2.642139494942329065e+02 2.710524553710922874e-05 3.724447272591020237e+02 1.310162946716186752e+03 0.000000000000000000e+00
7.685561978017609590e+02 0.000000000000000000e+00 4.866808248829707395e+02 1.067916270194415347e+03 4.310414279530340842e+00 1.714760187451383189e+01 5.970034619169303625e+01 0.000000000000000000e+00 8.182137297811323151e+01 8.542016870590678934e+01 4.692177103747018074e-02 1.369964113467326570e+03 1.219606046689442458e+01 9.265893287615840563e+02 5.182618361574777737e+02 0.000000000000000000e+00 6.792614355228747627e+02 8.994780964841844479e+02 1.320194265376719841e+03 1.297563371822784120e+03 4.529306500180449291e+01 4.813153310392887079e+02 3.015315326811344221e+01 1.398052596792822669e+03 1.711956949348929811e+03 5.230590085590376415e-01 4.501955288864074305e+02 4.254469341082390201e+02 1.763998135342501712e+02 1.358491488546830617e+01 3.509972056630934958e+02 5.292455697727973759e-05 7.326088247326333658e+02 3.838469090004867894e+02 3.760112794064626200e+02 1.400843908012037105e+02 1.316253841735501283e+03
5.806180067450260367e+02 9.227078832593215907e+01 0.000000000000000000e+00 7.005861388907347873e+02 1.194457961864174393e+02 1.219884205693305375e+03 7.324622562649317770e-01 9.357252837569462987e-08 1.029020152673235316e+03 4.421849404386877040e+02 4.920493383427219101e+02 0.000000000000000000e+00 9.143902544786504905e+01 0.000000000000000000e+00 0.000000000000000000e+00 1.716461331135819819e+03 6.729508227366072788e+02 3.699858366636141227e+01 5.065642525823283222e+02 1.379539937603322869e+03 8.740797767545284387e+02 1.847412687480910476e+00 1.479865456450224428e+03 1.656346315530558513e+03 6.553559273294931042e-01 6.162000738758401894e+02 9.165867783459398765e+01 8.917367876157401270e+02 1.429129109046727706e+02 2.336431460657763353e+02 1.209354630029234386e+03 1.577284953467728599e+02 1.092918600405898566e+01 5.321587768025914329e+02 9.427827602935853974e+02 1.031610620313160780e+02 1.184919731818721544e+02
4.344257639773461577e+00 4.929717701571692601e+02 0.000000000000000000e+00 1.050593558772556662e+03 2.642961193295906952e+00 2.361517599689520353e+02 1.510919725223496890e+01 8.067012672446425370e+01 5.992658954113073833e+02 2.846083551352620145e+00 8.322510594513328641e+00 7.817032964091796430e+02 1.191803498576607353e+03 0.000000000000000000e+00 2.627220546592123185e+01 7.628476524732427322e+01 4.246373542275675845e+02 9.191096053986537981e+02 1.160578279032778937e+03 1.360387228813646516e+03 1.076638864552392993e+00 9.379397221877860602e+02 2.195891561714546242e+03 6.976957095216483822e+02 5.349818578420826043e+01 5.590263569309979630e+02 1.767593555869916733e+00 6.594912336393184660e+01 6.860175286765552016e+01 2.179106929740599696e+02 3.388824993250104667e-01 3.465755346749344312e+01 3.446284516991104940e+00 7.403093110727010071e+02 1.075674032562941193e+03 1.633701857275747216e+01 9.047498386038128046e+02
3.558923750990678059e+02 2.183293449820835121e+02 6.504943103091958001e+00 5.652849488629002828e+00 1.631472422607747035e+02 2.287520233387825996e+01 4.260533839313360716e+00 2.922479036200676106e+01 0.000000000000000000e+00 1.211814355491580272e+03 2.337308980072296265e+02 1.418313254267312914e+03 2.583778261407823607e+01 7.901402404448609786e+02 1.529329149724570698e+03 0.000000000000000000e+00 0.000000000000000000e+00 5.128701782706005519e-01 9.415620115971128143e+02 1.611107372496279879e+02 2.129744445748732744e+02 1.829838219751023644e+03 1.660329464604762967e-02 1.049712952878997612e+03 3.527173812642337225e+02 5.198569006044849949e+00 7.886275237600424362e+02 5.926927026458813543e+02 1.219571528071470766e+03 1.790565662484614151e+01 3.665225108911930363e+01 1.595976196568058558e-01 7.345105354986573047e+02 7.263493179079862330e+02 1.014255511015579181e+01 9.632775876208401087e+02 4.370688490678630274e+02
5.894114047640910847e+00 1.139913771062796144e+02 1.385374793660290316e-01 2.644521799693922754e-05 6.797094248658618596e-05 0.000000000000000000e+00 0.000000000000000000e+00 7.003382850893172002e-05 5.225354252419457793e-05 4.675805638860070701e+01 5.790128346776643866e+02 1.384829592240322071e+01 8.420539002033736153e+01 4.856677656650350627e+02 0.000000000000000000e+00 2.114979319642790222e-04 1.397303307902786855e+03 7.651460817402607972e+02 4.948862373961653738e+00 1.391769452946653928e+03 6.036538709122584123e+02 0.000000000000000000e+00 1.467121451056092596e+00 8.031828126169622806e+01 1.398447116128211064e+03 1.407550882638817882e+02 0.000000000000000000e+00 5.120515865939696596e+02 1.493120486705425076e+00 4.226451198322649816e+01 6.187449095906945473e+00 2.917627779145017826e+02 7.883503546543444429e+01 3.302710609435137599e+02 1.552908947111321254e+02 1.730116966810662007e+03 2.994887461548772762e+02
1.033672035342596928e+03 2.474363873385916577e+02 1.271661616874857070e-03 7.916170907634824234e-06 3.164873605729950441e+02 1.917948967266397409e+00 6.890476720483106694e-05 0.000000000000000000e+00 0.000000000000000000e+00 1.160768078771386591e+01 3.736780170719471439e+00 6.247654050212763650e+02 3.378446697845556059e+02 8.767091826215895480e+02 0.000000000000000000e+00 1.161543880775565327e+02 3.348686648695098711e+01 6.030410919212589533e+02 2.972612030510963788e+00 1.575700470891912119e+03 0.000000000000000000e+00 7.933270746054200799e+02 3.659264089041092802e+02 1.229842452352082546e+03 1.180346671444784157e+01 2.976668645326163798e+01 3.154866579409226546e+01 1.561636690517456927e+01 5.409442690609995275e+00 1.433113672825732294e+02 2.134908612118414339e+02 1.941030180389644215e+02 5.290428390253971429e+02 1.042293487442805599e+03 7.423472199584278997e+01 3.919633025995425442e+02 0.000000000000000000e+00
8.144934453336490776e+01 7.237940324973630268e+00 0.000000000000000000e+00 1.389042820564446572e+02 2.046006066403978707e+02 2.647584600126816667e+02 1.211531759726552991e+03 1.095330181032274368e+03 5.458605386462171509e+02 2.063799671031448104e-05 4.916628440050370141e-01 1.756521387152827174e+02 9.035420342766600754e+01 1.385052904538774328e+03 8.168216598160555577e+02 1.313267491182728463e+03 1.068629625379101666e+00 1.486705545824107162e+02 1.936685483712974998e+00 1.063105325577910889e+03 4.279518769221694470e+02 9.924363769887246463e+02 1.021565169567588249e+01 3.987161782780976438e+00 5.458206321573451305e+02 6.466388976746233652e+01 3.057230003576318467e+01 3.977416847751713558e+00 1.412026060921977688e+00 2.687129622419295174e+02 7.256603514326474169e+02 4.792742175260400472e+01 7.580123799590652425e+02 1.081834979360436044e+00 6.825379839184319053e+02 4.844608300278451907e+02 9.672542875353994418e+01
4.191004927006662939e+00 7.401354623947936417e+00 6.870545327132684861e+02 9.167039152934402182e+02 4.833334490726284685e+02 5.817600441067935435e+02 8.195003806381990330e+01 2.861976374695310028e+02 4.785975898823999763e+00 1.385030944934593435e+02 0.000000000000000000e+00 5.717722007935610691e+02 0.000000000000000000e+00 6.389590106471025592e+02 6.375989189958702354e+02 3.486487644678026410e+00 1.467153273228515076e+01 4.336712015744577116e+02 0.000000000000000000e+00 0.000000000000000000e+00 1.369202209034725115e+02 1.516994305064220327e+02 2.198456482736881696e+02 1.057942940303591968e+03 1.531369878600104357e+03 1.241106461748026817e+02 2.616530891706864023e-06 1.187805080457054185e-01 1.413876625758453409e+00 0.000000000000000000e+00 1.671156754559883950e+02 1.194013390402129744e+02 0.000000000000000000e+00 0.000000000000000000e+00 0.000000000000000000e+00 5.151337799429010147e+02 3.942546852486163433e-01
3.160006029195875499e+02 0.000000000000000000e+00 0.000000000000000000e+00 7.761844666557332175e+02 7.223098858955394164e+00 0.000000000000000000e+00 1.565149463249962764e+03 8.274213682992326540e+02 6.772405191641794318e+02 2.189428417314257316e-02 4.228125338951724128e-06 1.369837364083507794e+02 4.195100963785947670e+02 7.245527507692504088e+00 1.351208265862839930e+01 4.537953939656670173e+02 8.185594129753881134e+02 7.930413536004848538e+02 1.356492470175917064e-01 2.753848262638534834e+02 4.204425381814560492e-01 0.000000000000000000e+00 2.466201491780445565e+00 1.621077877961954300e+03 1.265557762751829074e+01 1.738997299399598351e+00 0.000000000000000000e+00 1.909534111444363305e+02 2.208781492765520049e+00 4.349859837443526658e+02 1.026077760814127032e+03 1.037302577727101834e+03 3.083269452061847815e+01 0.000000000000000000e+00 2.212202213039621412e+01 3.638322626871594707e+02 0.000000000000000000e+00
7.095136022217824348e+02 1.261348896253438596e+02 1.526243585857829146e+02 1.740849847551721155e+02 1.135192678671268141e+03 0.000000000000000000e+00 9.950794997000160791e+00 9.327366692402387471e+00 4.356825315904131344e+02 5.266529998862367099e-08 2.532507312695534973e-01 5.651948505648587116e+02 3.172778959855357357e+02 9.186123886142459014e+02 4.281081854474533657e+02 7.508343233402341355e+01 4.898757429171365629e+02 1.160501384084458323e+03 1.120396315919017070e+03 1.323194337261383680e+03 1.401150876080929427e-05 3.803422784562480956e+02 1.335485812233526985e+03 1.383650633681649533e-01 6.641945072713705258e+02 3.466540820702452379e+02 4.978620637165010976e+02 1.449578441514219094e+03 9.270175345060958083e-01 2.443183925059623220e+02 1.534391573142232346e+03 9.736793116110460389e-01 7.462726145836925298e+02 2.968981294610888000e+01 9.906246203468208478e+02 2.315754840007470250e+02 4.144734148240934815e+02
