output/example_1/lateral_incision_000499.asc
nrows	75
cellsize	13.33333333
xllcorner	0
ncols	75
yllcorner	0
NODATA_value	-9999
[rows 34 to 50 of 75, columns 0 to 36 of 75]
0.000000000000000000e+00 4.473697544125464560e+02 1.130692186246242500e+03 2.044187362233166425e+02 1.648592732760708714e+03 3.081006697191847366e+02 1.455981375164127030e+03 1.681733110938941067e+01 0.000000000000000000e+00 4.162305990703654288e+02 5.819645324227958554e+02 6.132529960479513420e+02 3.940268096899453667e+02 6.563401777827631633e+01 6.503373213844262182e+02 3.508869378583104890e+02 8.111598627024347934e+02 5.229414790566628426e+02 1.481155837546341170e+00 4.925650689189232025e+02 6.717201693247899641e+01 6.302716336390284368e+02 1.364069819700804764e+01 1.597853097201615128e+03 2.588570698216880461e-01 5.230601629708614837e+02 1.761169796073124871e+02 1.647083475687990983e+02 8.935214659727495246e+02 1.282981982776386189e+02 2.149592284370106938e+02 4.253298440302420431e+02 6.559013185707423190e+02 7.870321421864919103e+02 5.177711030045207963e+02 1.662350943020924774e+02 0.000000000000000000e+00
0.000000000000000000e+00 6.529848561285727726e+01 1.899947201436219757e+02 1.747944395651757759e+03 8.493562580675142470e-01 1.008651710188658797e+02 7.250904406302029592e+00 2.145656756170068604e+02 5.879234218520410877e+02 3.203002635855548306e+02 5.569872119525016387e+02 2.659506961470459032e+02 0.000000000000000000e+00 6.756619530730199585e+02 6.262098513646865428e+01 6.038596009048815176e+02 4.576338485617520178e+02 2.652566497794268230e+01 3.120105213034048575e+02 1.561403006322637737e+02 1.574053418665213940e+03 1.320868788464436818e+02 9.407089118364100386e+02 3.100442448114104366e+01 5.280935560333932699e+02 1.188315809579917198e-02 1.120473214719169846e+03 3.887344500574368453e+02 5.188069653500408052e+00 8.079209447825469681e+01 6.758745213194000598e+02 1.568281391595759032e+03 6.061043828432988221e+02 4.407538963717313436e+02 1.797643081129094185e+02 5.234696939343529039e+02 9.200134189739802650e+02
0.000000000000000000e+00 0.000000000000000000e+00 1.455066180922441617e+03 9.480315294191199449e-01 4.448944062386595988e+02 1.239670205517315708e+03 1.162322976538188868e+03 6.494223446332701144e+01 1.640960895109188522e+00 1.185921725016735166e+02 2.018477001021101813e+01 7.947046022585642788e+01 6.681669797428194215e+02 5.802481205414019314e+02 3.517720797215439887e+01 3.398658064651647948e+01 1.145931966276613366e+03 1.217174270886149517e-01 1.241065429650023134e+03 1.890199220805883726e+02 2.772468021181185183e+00 2.822682330751841384e+00 9.682932559895494933e+02 1.892006799968004032e+02 6.451662913915032505e+01 8.322014450390913680e+02 2.805964663921810143e+02 2.672962862894407365e+01 1.775959831799157200e+02 1.582556558136598994e+02 4.938849556137093089e+00 1.215024293449261279e+02 2.028922845628160303e+02 1.618805667179331067e+02 3.257555020037739002e+00 0.000000000000000000e+00 3.500300482107300581e+02
0.000000000000000000e+00 1.093277223325369960e+03 1.852433923874223865e+03 1.284865151902117759e+03 2.132094885821694561e+02 3.959872216162771110e+02 1.449501121540278973e+03 5.485731573329663888e+02 1.737594597762179660e+01 3.084207263559185321e+02 3.627053362590534107e+02 2.535360933143199702e+02 9.404196451933489742e-01 1.067311002354266805e+02 1.150477766823797054e+02 2.009213289179531046e+02 2.594333175853530520e+02 8.884930129635149569e+02 6.411654474154513537e+02 9.351875677019313216e+00 2.571921574511187032e+02 2.749020947316534489e+02 2.602244687874498297e+01 1.595286998765050512e+01 6.050696213792284652e+02 5.236671281410419851e+02 1.287006443629103458e+01 8.880786320279419215e+02 1.691982526181810954e+03 1.113678602958509600e+01 1.182223313594410229e+03 5.104194291042899749e+02 1.109791263966935958e+03 0.000000000000000000e+00 2.779491692149851811e+00 6.619633719530469307e+02 2.453852755277201325e+01
0.000000000000000000e+00 2.907433404979989788e+01 0.000000000000000000e+00 4.697256960646195978e+01 1.147218701057645831e+03 1.921008092045662086e-01 7.274802526594850542e-03 8.929985694653419515e+00 1.297339693737108846e+01 1.783397951497534706e+01 6.199142516516031947e+02 1.175443022033482976e+03 1.222729693398979407e+03 4.435867825958429478e+01 5.419549702781573615e+02 3.529771098587166875e+02 8.210578550005734542e+02 4.822516281797621787e+02 0.000000000000000000e+00 0.000000000000000000e+00 2.824271074181146091e+00 8.563513491405834088e+01 4.575325497279335423e+02 7.461698581256498528e+02 6.537927536157759789e+01 2.870607694336935651e+02 0.000000000000000000e+00 0.000000000000000000e+00 0.000000000000000000e+00 5.466492903251148618e+02 6.982086344809119964e+02 6.060328356090979014e+02 5.247823942266688846e+02 3.010935576035489589e+02 1.011834154847546046e+02 1.232396822180373697e+01 4.382014907154140815e+02
0.000000000000000000e+00 0.000000000000000000e+00 7.465317282597102349e+02 3.616108144359255334e+02 5.040125193712314058e+02 4.401781780519872314e+02 9.092027210222480562e+02 3.188880487340267678e+01 1.373431809801404135e+01 2.989884695603970499e+01 7.598393140161006158e+02 2.878587058934295442e+02 1.298639266256014480e+03 4.410927012974119776e+01 4.985377240195984996e+02 1.612424858565865691e+02 4.903310926110728474e+01 9.187658060386762315e+01 5.931041656109096039e+02 1.732265139353207246e+02 7.432862631894531660e+02 4.263586751131774655e+00 1.618897432861219787e+00 4.109615512394196313e-01 1.648478918552930736e+03 1.635678531233925526e+01 7.728290392100192321e+02 2.859976598550040308e+02 6.581033304457529312e+02 3.230166469530769859e+02 8.343200790736095485e+01 4.140069225029823201e+02 3.658025518824356936e+02 4.756534925463186028e+02 6.453010341418605833e+01 7.037010275215674255e+02 5.194909302198823298e+02
0.000000000000000000e+00 7.043403692557540126e+02 9.478645551377326228e+00 4.756453461358211143e+01 2.369622891387230723e+01 1.857571343556358201e+01 2.597475258838405239e+02 1.864407680725357608e+01 1.816756244209984672e+01 3.561425063887771785e+02 1.042703489146544538e+00 1.029583000960875779e+03 5.424160019175374146e+02 2.671279664143023869e+00 7.827154907442059084e+02 2.427527392968696063e+02 7.502744256698096024e+02 9.367174341412743388e+01 7.598984458105903173e+01 4.585027475356895934e+02 2.851187245431393080e+01 7.451632223665848187e+02 1.019779380465396628e+02 1.742105296909504375e+02 4.738784489982292030e+02 5.729189885552547423e+01 6.399183766755380702e+02 1.220338915192816103e+03 3.629879771560413815e+02 1.164831631433065695e+03 3.058488680753405333e+02 4.008160490294966394e+02 6.329315346129487807e+02 1.086986410790142230e+02 1.581373625736699182e+02 6.276666844041413924e+02 4.265332384046726588e+02
0.000000000000000000e+00 1.727664092407209750e+02 1.333519323235789670e+03 1.990234985001633872e+00 2.897089348443101358e+02 2.799032990445699642e+00 5.259049472409490136e+02 1.951473643828665505e+00 4.908356322836761478e+02 1.380388610635631721e+03 3.438096104385741683e+02 0.000000000000000000e+00 1.485468771537734654e+02 7.091421838391084087e+00 3.613796658278611744e+02 3.711899421115665518e+02 2.726037882157798435e+02 7.576195686401568992e+02 1.125749101943089045e+03 3.290510458383066634e+02 3.529208208469038368e+02 3.365378280182063122e+02 5.670903728661513696e+02 1.079406485178981484e+03 0.000000000000000000e+00 3.536629362928662772e+02 1.551950791915018557e-01 2.271553390349316146e+02 5.915666700662692392e+02 5.707183021283641438e+02 9.380389181243782559e+02 8.474009308984428799e+02 1.612635602863614110e+02 1.206456731815597827e+01 4.720472142270315885e+02 2.585912745512229662e+02 1.241904183332102285e+01
0.000000000000000000e+00 0.000000000000000000e+00 5.762226193533008427e+02 1.822124161302050140e+02 9.251681264501714850e+02 4.637172011045286126e+02 4.624903625434459400e+02 6.009432139105784927e+02 8.518703877433941862e-01 1.277361750236653961e+03 1.902524003375606654e+01 9.018433645496214695e+02 6.614684148762740961e+02 1.316775449105012541e+00 3.482164672992770420e+02 2.699715563833029464e+00 4.094786714514220876e+02 1.307637618879716301e+00 8.724870917219806188e+02 2.535937074365083106e+02 6.574389500438878997e+01 1.321461082247173024e+01 6.992242118458460709e+01 2.459809856966432449e+02 2.494829259241426485e+02 7.677224598907324662e+02 1.641348495833602072e+01 1.123307676628519630e+03 9.203736873379060626e+02 4.554570497675868523e+02 8.332233011139453538e+02 3.748639227152375497e+02 1.699456891407162402e+02 6.494731410830395513e-01 7.196007420347219750e+02 1.161738282166705403e+03 8.648388102441853675e+01
0.000000000000000000e+00 6.428067741357326668e+02 1.191000409106991675e+00 2.287713392766727054e+02 2.355430832982761160e+02 2.251264680250670480e+01 7.609363200882338560e+02 1.397587779758783881e+03 2.868924468328686430e+02 3.053766775330563621e-01 1.641126874469370591e+02 0.000000000000000000e+00 3.877376192893773919e+02 2.207699751192428650e+01 3.579673225039556996e+02 5.528911822496411332e+02 2.514909011808746584e+02 1.011029922024324605e+03 1.580390935940499730e+02 1.659606882738587785e+01 7.911440472474922672e+02 5.109608235471443436e+02 1.372986484675745977e+01 1.255167469397832036e+02 3.369418882038055472e+02 1.659762412730977701e+02 1.889502320569504956e+00 3.964936491839135897e+02 0.000000000000000000e+00 4.226702986384304950e+02 4.041363870316631051e+02 6.250987900175182403e+02 2.563295035920292975e+01 7.609491220866200933e+01 2.904845769058634630e+01 1.353457854063063451e+03 4.550250899437413068e+02
0.000000000000000000e+00 5.695240914454627728e+02 5.040051026340718181e+02 1.029521256644310142e+03 8.139274168446932833e+01 1.154170694877897562e-03 4.881172317719701823e+02 5.705018981800079558e+01 1.185226210581973646e+03 2.233824450704342439e+02 1.576599330904733506e+03 8.669385907622207696e+02 6.268931083969410167e+01 1.403661457909826595e+03 3.463548437729273815e+02 0.000000000000000000e+00 1.230633022560324434e+02 1.259326150417318075e+02 1.106613212677274163e+02 8.435831186972756086e+02 5.520618074611086286e+02 7.901778390803596608e+01 0.000000000000000000e+00 1.480036682818913221e+02 1.807292708311620686e+02 7.923483657732342067e+01 1.382803583245610746e+01 1.437247865670932015e+03 2.620971596693554284e-01 5.867851851357588657e+02 1.064840573566341618e+03 1.459817709279254849e+01 1.379998796760212144e+03 1.187344284439612011e+03 8.854370956819140019e+02 8.445364290112449908e+02 1.861165426009389989e+02
0.000000000000000000e+00 4.030317501567989069e+00 0.000000000000000000e+00 0.000000000000000000e+00 0.000000000000000000e+00 0.000000000000000000e+00 0.000000000000000000e+00 0.000000000000000000e+00 0.000000000000000000e+00 0.000000000000000000e+00 0.000000000000000000e+00 0.000000000000000000e+00 0.000000000000000000e+00 1.097943357870193722e+03 1.639619496266243814e+00 5.176774384295366644e+02 5.140302380575196821e+02 1.856188922531435992e+02 1.288442174586897863e+03 2.556546235880058049e+01 5.267135464126801025e+02 3.990505239737608678e-02 7.378154840367407985e+01 9.590558835527019932e-01 4.466097230756511749e+01 1.292073310611088800e+03 1.694414516084359093e+03 1.672272270446614328e+01 2.452306003091488495e+00 8.882012533778276975e+02 5.732918723675568817e-02 5.069109409113327160e+02 3.748976073978598720e+02 0.000000000000000000e+00 0.000000000000000000e+00 4.904318145651817531e+02 2.448468858966757811e+00
0.000000000000000000e+00 1.487415828537206721e+02 0.000000000000000000e+00 0.000000000000000000e+00 0.000000000000000000e+00 0.000000000000000000e+00 0.000000000000000000e+00 0.000000000000000000e+00 0.000000000000000000e+00 0.000000000000000000e+00 0.000000000000000000e+00 0.000000000000000000e+00 1.209973891872866574e+02 1.366039279503196147e-01 0.000000000000000000e+00 0.000000000000000000e+00 8.469084988310754625e+00 3.612133987932433001e+02 0.000000000000000000e+00 1.174852617863784189e+03 4.485470341688611029e+02 9.404548837223657642e+00 1.526031301726704214e+03 4.448065599701204746e+02 0.000000000000000000e+00 1.368101295848823611e+03 1.146021829450846781e+03 2.503106579233362368e+02 9.698914897264975821e+01 9.915724958677379846e+02 4.725291139863214340e+01 1.425767585431454791e+03 4.497038382551807149e-03 1.347233376894238166e+00 8.834305112434992679e+01 2.236653123122121833e+00 1.289163344245670487e+03
0.000000000000000000e+00 3.806330171044436952e+02 3.435290905606635761e+02 2.054407373900356618e-02 6.755397103510448460e+02 5.194479491470623316e+02 7.800436378351900402e-01 5.782664274788671719e+02 2.107454756471568302e+01 1.293260932570935211e+03 5.356505777828421344e+01 1.756421714840569848e+03 5.989825941387013586e+01 7.641773843145235787e+02 0.000000000000000000e+00 1.111523681571118459e+03 6.467614974713294107e-02 2.853555856953731151e-01 8.086092986421566309e+01 3.036145365882957081e-02 0.000000000000000000e+00 1.376991333669055848e+02 0.000000000000000000e+00 4.179078358607488326e+02 1.917284961108296215e-01 0.000000000000000000e+00 0.000000000000000000e+00 0.000000000000000000e+00 3.337897101138705125e+02 1.464715399217322442e+02 0.000000000000000000e+00 7.180851712209789639e+02 0.000000000000000000e+00 6.322727246442196929e+02 8.475013993513050536e+02 4.686306054484382089e-01 1.128227291619754851e+03
0.000000000000000000e+00 1.334738037514054838e+02 0.000000000000000000e+00 3.421240200832964096e+00 5.687267273542245221e+02 5.501267584487387694e+02 3.780876392238097239e+00 5.198668080230147552e+02 0.000000000000000000e+00 4.032920033779053028e+02 4.851162679394886545e+00 1.724166454142892917e+02 2.519080651014021566e+00 1.843699784004137809e+00 0.000000000000000000e+00 5.575173468384562057e+02 1.798878336319322386e+02 1.529080342411447191e+03 1.068288928240858013e+03 1.401711615204044961e+02 1.282192147900176906e+03 2.372634348278130023e+00 1.323044119405617778e+02 1.719849303207404745e+01 6.236180203542559184e+02 8.757917860248294346e+02 0.000000000000000000e+00 0.000000000000000000e+00 0.000000000000000000e+00 0.000000000000000000e+00 1.851614108917175940e+02 6.743193451166467067e-01 5.838226613228735005e+02 0.000000000000000000e+00 1.439095483645096920e+03 0.000000000000000000e+00 1.373949435345161646e+03
0.000000000000000000e+00 0.000000000000000000e+00 1.100803006010849458e+03 9.233052437215620785e+02 1.247525315954649727e+01 8.780528107034083405e+02 4.141701872012145600e+02 1.058984300161008832e+03 9.301257605536097799e+02 1.088968707337815886e+03 2.810089674802225268e+00 7.281363360049026845e+00 6.840295873870257992e+01 2.991213978369960955e+02 9.062766756009550306e+01 1.007337036325609915e+03 3.960103210801211748e+00 6.597801644006958668e+02 0.000000000000000000e+00 4.372069647122239076e+02 7.650767845675204626e+02 1.671860105606686830e+03 0.000000000000000000e+00 1.228623198023960867e+03 1.061326264621439577e+03 7.472511617385444538e+01 2.968108928413398075e+02 7.401125238858775219e+02 8.558188976789327853e+02 7.170102843271759241e+01 2.261846246450170668e+02 1.499850247432578954e+03 3.591478623762341158e+02 5.876536966184850144e+02 1.121960925955501898e-01 9.185836203227613623e+02 5.037046712452422081e-01
0.000000000000000000e+00 5.851709615580657555e+02 1.039909466657894077e+00 1.051424233000073372e+02 3.427134450967150201e+02 7.694157262636268797e+02 5.148379103745996872e+02 0.000000000000000000e+00 8.886128331750080633e+01 8.347718463440576215e+02 7.705295290331133806e+00 5.349462938468813036e+02 2.120336850454390287e+02 4.214670896348336555e+02 5.345654962512710426e+02 2.044794819841576405e+00 4.360658474284624475e+01 7.242876367029240328e+02 0.000000000000000000e+00 6.368488856053176050e+02 0.000000000000000000e+00 4.586536184271831629e-01 4.478156079701367389e+02 7.127050213858024108e+02 4.208728269406719069e-01 1.658087886050305144e+02 2.403283946090815915e-02 1.115723405446934038e+02 1.192473836050986392e+03 6.898358184492030887e+01 5.804533087364990251e+02 0.000000000000000000e+00 1.032535694790823300e+03 0.000000000000000000e+00 6.781392657513406448e+02 9.595146358818350336e+02 1.299233811392424059e+03
