output/example_1/lateral_incision_000404.asc
nrows	75
cellsize	13.33333333
xllcorner	0
ncols	75
yllcorner	0
NODATA_value	-9999
[rows 34 to 50 of 75, columns 0 to 36 of 75]
0.000000000000000000e+00 6.772901500450166168e+02 1.367537360231186085e+03 1.452427987383594427e+03 8.358414477361717445e+02 1.502402293450889147e+03 8.752549734099422949e+02 1.499388932112628709e+03 2.567932365084772641e+02 4.162305990703654288e+02 5.819645324227958554e+02 6.131719718406228594e+02 1.244204819945098563e+02 6.286744381521231873e+01 6.503373213844262182e+02 3.508869378583104890e+02 1.675935203030625473e+02 2.974790425082967005e+01 1.466270464721329290e+03 5.943081499580621596e+01 3.470379788354811694e+02 1.216752607857258681e+03 1.178895006398925034e+03 7.293180127492928477e+01 3.100549634519126698e+02 1.121490164690436586e+03 3.317316422762777250e+01 7.433391767322897294e+02 9.516507400230275380e+02 4.294545827314641997e+02 1.371538833209174300e+02 1.049657564432744863e+02 6.282801278907107490e-01 7.870321421864919103e+02 5.177711030045207963e+02 1.576711638143709990e+02 2.946074684074359880e+02
0.000000000000000000e+00 3.678957659853735240e+00 1.249743446562889027e+01 1.930514658339291429e+02 2.433957858095965037e+02 1.800997772678592241e+02 2.388677856793646868e+02 1.677915170007849781e+02 7.655979292129502483e+02 6.529723287319158520e-02 5.566471414277056056e+02 7.883381765711942535e+02 8.201383266908389942e+02 3.749163582338172205e+02 1.155885820030521018e+03 4.116175517826804935e+02 4.575534978930461421e+02 1.472181300209738879e+02 1.159375651598760300e+02 7.477843206765717454e-01 2.163434367739843651e+02 0.000000000000000000e+00 1.054146940500110532e+03 1.887181347473598692e+01 1.725616460505764735e+03 6.859307844756275472e+02 7.222603142499694684e+01 0.000000000000000000e+00 1.530200395834948949e+03 6.374998909686677280e+02 6.572731319472333666e+01 4.861767616148327988e+02 3.820266121443501106e+01 4.407538963717313436e+02 1.797643081129094185e+02 4.424871331022034155e+02 9.908567754041149556e+02
0.000000000000000000e+00 1.196264685214270145e+02 6.859681074985828673e+02 9.677527539932984837e+02 2.886908716375031076e+02 8.831432164405438243e+02 1.472567141784701107e+03 6.115772168147170760e+02 7.954503580897650181e+02 1.185921725016735166e+02 4.915470498921867488e+02 5.494816453700710781e+02 1.358405089209959897e+03 9.078397023646157749e+00 8.849509406237625342e+01 0.000000000000000000e+00 1.076085694278575829e+03 0.000000000000000000e+00 2.863752842953360300e+02 1.560903348114137088e+03 1.425037651790491395e+02 3.182658487393594555e+02 7.383188326776081567e+02 7.424942202166541847e+02 1.206296325766340338e+01 4.482028149612004313e+02 0.000000000000000000e+00 1.473744008853519745e+03 5.189446745426878351e+02 6.109496719083049356e+02 4.332659169623209738e-02 6.474687112818664900e+02 3.307812866071209328e+02 1.618180404744049952e+02 3.257555020037739002e+00 5.977985720488908861e+00 0.000000000000000000e+00
0.000000000000000000e+00 2.382167730404391648e+02 1.135112152594902454e+03 3.780842642655854320e+02 0.000000000000000000e+00 5.978817425974804110e+02 4.783638334344360032e+02 5.481874961628343499e+02 1.737594597762179660e+01 3.051064182719813402e+02 1.045793724310800599e+03 1.338213619314503603e+03 3.342074026172065970e+01 1.758034962042288043e+03 1.188049024623322936e+02 4.033911556602259196e+00 0.000000000000000000e+00 8.884930129635149569e+02 5.247928028324292882e+02 2.106822975746378290e+02 8.113948283063335154e+00 3.354514800898092517e+02 8.815787681107364051e+02 1.248509899255546543e+03 1.701707646379436767e+01 1.739414304736758822e+03 9.868270757121015890e+01 1.492420282252505331e+03 2.666563365152948251e+01 0.000000000000000000e+00 5.345418221105823022e+02 2.957432492525119869e+02 3.660957968302961518e+01 0.000000000000000000e+00 2.779491692149851811e+00 5.185000803966261884e+01 9.057148026400700047e+00
0.000000000000000000e+00 0.000000000000000000e+00 0.000000000000000000e+00 4.697256960646195978e+01 7.363486319387316144e+02 1.921008092045662086e-01 7.274802526594850542e-03 8.929985694653419515e+00 1.297339693737108846e+01 1.518490268711164859e+01 5.517066836091211144e+02 0.000000000000000000e+00 1.555503853239688851e+03 1.570703047315731283e+03 6.823522630140014371e+02 1.614015079314483003e+01 4.008543536042517417e+02 4.822516281797621787e+02 0.000000000000000000e+00 1.271174234438736221e+03 8.347003980605672169e+00 1.467871707982789530e+03 3.509467598353493827e+02 6.022744257983877958e+01 1.696400551174781640e+03 0.000000000000000000e+00 0.000000000000000000e+00 2.973612830580390387e+00 1.552185731621555306e+03 2.523069691711820042e+02 8.587768312273965421e+01 4.499704467632801652e+02 3.751520613779824771e+02 3.010935576035489589e+02 1.011834154847546046e+02 8.720261196784502999e+02 4.537233925288526848e+02
0.000000000000000000e+00 5.037843795047429012e+02 1.163469736249856396e+03 1.393618129597862776e+02 5.040125193712314058e+02 4.148398277148296529e+02 8.954684056020294065e+02 1.075855373180144397e+03 2.677795436723971737e-06 1.019914539023517897e+01 6.506232610914257748e+02 1.342210729058828917e+02 1.102005058750798298e+03 2.695731614891193431e+02 5.335083746338166399e+00 1.483544735073759853e+02 2.445609304621866187e+01 9.187658060386762315e+01 5.931041656109096039e+02 1.688260675230815764e+02 1.321920320222271584e+03 1.120265064984041103e+00 2.114889976759284878e+02 2.034557032957493902e+03 1.384133261480289548e+03 1.065671659458298137e+01 2.370293864611018080e+02 1.928630240979875339e+02 4.024525394879567557e+02 4.391014586007726450e+01 1.531817021690532783e+03 4.140069225029823201e+02 3.658025518824356936e+02 1.559530149782630701e+02 6.425145297965975999e+01 1.625284004628851449e+02 4.993007011209710555e+01
0.000000000000000000e+00 0.000000000000000000e+00 1.890123768117427971e+02 4.610646316106789300e+01 2.369622891387230723e+01 1.857571343556358201e+01 2.005894158405383682e-03 2.225169094763193911e+01 3.282662072709977963e+01 2.783769600763218666e+00 1.220546257252621217e+03 3.083733122882277939e+02 3.389786549307047636e+01 2.702916092690769005e+02 1.583013879303981867e+03 1.041406440515933355e+03 1.516790664447958648e+02 5.673606669200981401e+01 6.931781227570012049e+01 1.494767651698249156e-02 2.328370454691927080e+03 1.503021148456710080e+03 5.771206406051240911e+00 4.374069230062844440e+02 1.381623218908501149e+00 1.239380309628277928e+03 5.655531926320996945e+02 2.367156243012840946e+02 7.298122616409139063e+00 8.353244428177637815e+01 1.442288716275679917e+03 3.392753963195895039e+02 6.748296829435441850e+02 2.361813056316461541e+02 2.953667872961155183e+01 1.946676964501407525e+01 4.224933160410100186e+02
0.000000000000000000e+00 6.423134853297063955e+02 9.243280250223632493e+02 7.221614615928609737e+02 2.896465191709352212e+02 2.426644634482944429e+00 5.564675671959302008e+02 9.551794127290520464e+00 1.022638333693158756e+03 6.077964944326672594e+02 3.438096104385741683e+02 7.823346875104020910e+02 1.494790999919718161e+03 1.143508088626198003e+02 3.694320287508342062e+02 1.064027657053340590e+03 2.655669870951260236e+02 4.442100839971754453e+02 9.373144887315849871e+01 1.111680773608170057e+03 1.033405044451610820e+03 5.641269431923968680e-01 2.510123017250505768e+02 2.104393223414995617e+01 4.625606425076542294e+00 7.562995511784947666e+02 1.944400802954328489e+00 4.163430114601334964e+01 4.748691228165610734e-02 5.704376843268956918e+02 9.380389181243782559e+02 2.289205723831449859e+02 4.467659105364862739e+02 2.985778669141997810e+01 6.604811768418924203e+02 9.431357572670400202e+01 1.219254727814000461e+01
0.000000000000000000e+00 2.050843270732038945e+02 5.752052196764982455e+02 1.817980145914101797e+02 9.251681264501714850e+02 4.637172011045286126e+02 1.162249577651625259e+03 8.001084733682882870e+02 2.020734558505417766e+01 3.194474430599452717e+02 0.000000000000000000e+00 0.000000000000000000e+00 5.134550026850800464e+01 1.411925042030508848e+03 2.450043383533588415e+00 1.155493051476457822e+03 5.745062919892202080e-02 1.007894830655185842e+03 2.734813773106537838e+01 5.595527636418718203e+02 4.178093192225473445e+02 9.089931706792933710e+02 8.566462819350888935e+01 9.124444464453302928e+00 9.361751608162866205e+02 1.158444909914680693e+03 4.959823318591705288e+02 1.979635576186468313e+02 4.336910833405410948e+00 4.554570497675868523e+02 8.325961328704236166e+02 1.269451272595213368e+03 1.131900692413386089e+01 1.547904578203679193e+03 2.514059000533994208e+02 1.291881154890633070e+03 8.170672069282694565e+02
0.000000000000000000e+00 6.428067741357326668e+02 1.191000409106991675e+00 2.287713392766727054e+02 2.355430832982761160e+02 7.374486256460349942e+00 1.123950724590070195e+03 9.591758580639998399e+02 1.426564962222310129e+01 2.726278114877825942e+02 2.592750291901110060e+01 1.614524103210319197e+02 1.117767375825252202e+03 4.867495945740271850e+02 8.526274217732743637e+02 5.830626670722291287e-03 5.238742832896977006e+02 1.084709816034833466e+03 0.000000000000000000e+00 3.117878107458677732e+02 1.960564419747553586e+02 9.092090915255871550e+02 9.731791347415826294e+02 4.259295830427038965e+00 1.384577214837544034e+03 0.000000000000000000e+00 5.992985137227689165e+02 3.185229752584719449e+02 2.225541088460974493e+01 4.226702986384304950e+02 5.708872917565015541e+02 3.360195085821686689e+01 1.210004643195810381e+01 8.581083889464379126e+02 4.586559751802754192e+01 7.078701350100132004e+02 2.241637254292855062e+02
0.000000000000000000e+00 5.695150998040379591e+02 5.039959893494833523e+02 3.566060319104021801e+02 2.190461069750299170e-03 1.343688455270754503e+03 1.107019450132652878e+02 8.769875759807832212e-04 1.119844695641324961e+03 7.654709569917733916e+02 3.522310441086699484e+02 5.540365126599404791e-04 8.488285789979854599e+02 8.874738471663489463e+02 7.938946280125824160e+02 7.724501177526102262e-03 9.111052866975196594e+02 4.996575026619498594e-02 1.354569158785714990e+03 2.063072358202629744e+02 0.000000000000000000e+00 0.000000000000000000e+00 4.896671626420820758e+02 1.342096120842890983e+00 3.443804312869349928e+02 2.336303989490867536e+02 8.139872679303609857e+02 4.574772364814403431e+02 4.397719823107485126e+01 4.871746669467337938e+02 2.770017934781722246e+01 2.068986286685428126e+02 1.993159152733580584e+02 1.173692121876809864e+02 1.490011017304802863e+02 4.674832771199788226e+02 5.963562004333283539e+02
0.000000000000000000e+00 4.030317501567989069e+00 0.000000000000000000e+00 0.000000000000000000e+00 0.000000000000000000e+00 0.000000000000000000e+00 0.000000000000000000e+00 0.000000000000000000e+00 0.000000000000000000e+00 0.000000000000000000e+00 0.000000000000000000e+00 0.000000000000000000e+00 0.000000000000000000e+00 0.000000000000000000e+00 0.000000000000000000e+00 0.000000000000000000e+00 0.000000000000000000e+00 0.000000000000000000e+00 9.047083935602645397e+02 2.208884794378388392e+02 3.883494806791347287e+02 8.274540604063789715e+02 4.650624054323328205e-02 7.142465921708009091e+02 1.440757623487887429e+01 1.234950317172522546e+03 4.252677225786354711e+02 6.316687348993898468e+02 4.345252803953686405e-01 3.778952772420211659e+02 6.623058724693457577e+00 6.585836175759089883e+02 1.100747976276209386e+02 2.797195861192999473e+02 5.157274427424781607e+02 1.912106122099089021e+02 1.432648634659163456e+01
0.000000000000000000e+00 1.486379963894061120e+02 0.000000000000000000e+00 0.000000000000000000e+00 0.000000000000000000e+00 0.000000000000000000e+00 0.000000000000000000e+00 0.000000000000000000e+00 0.000000000000000000e+00 0.000000000000000000e+00 0.000000000000000000e+00 0.000000000000000000e+00 0.000000000000000000e+00 0.000000000000000000e+00 0.000000000000000000e+00 0.000000000000000000e+00 0.000000000000000000e+00 2.083426318937921451e+02 0.000000000000000000e+00 0.000000000000000000e+00 9.947233579621877197e+02 4.730032141393360803e+02 3.873254693530327586e+02 1.277126446241137046e+03 1.611215630277489907e+01 2.028855978035594205e+02 1.937604299126427634e+02 3.474403952690540365e+01 0.000000000000000000e+00 8.100879400112763733e+02 2.837475190632845283e+02 1.149858417432560316e+02 8.691557327993527338e+01 1.097672360550553672e-01 4.269315084652231462e+02 6.121834217366931341e+01 1.386783896197772947e+03
0.000000000000000000e+00 3.806330171044436952e+02 3.435060364595623241e+02 1.586187575978108725e+03 2.647884445269216940e+02 1.701784167103299536e-03 2.006297175459165487e+02 9.647061109673344390e+02 5.057438504568346502e+02 1.488472056334861691e+03 8.243680343543367428e+01 1.229430362037747500e+03 8.922212310902147010e+02 3.879603294940715159e+02 7.212884295554788423e+02 3.302970663427145809e-03 1.409357253460887705e+03 3.347394368679298395e+02 1.291034831787811186e+02 1.207151258584555535e+03 6.747418138190002246e-01 0.000000000000000000e+00 1.066609583697494827e+03 4.951813938393785861e+02 4.275566691334851122e+00 7.076480332144224121e+02 3.607632758285557770e+02 0.000000000000000000e+00 3.637249635659576796e+01 2.714415249287547294e+00 3.436485204364058745e+02 1.941067376440927319e+02 5.596355534622126697e+02 9.246562134396532073e+00 1.414992149505404768e+02 4.408717496759745700e+02 7.523357324881625345e+02
0.000000000000000000e+00 1.334738037514054838e+02 0.000000000000000000e+00 2.197656229554806995e+00 0.000000000000000000e+00 1.206737464628655061e+03 6.252813030410727606e+02 3.612801121929880566e+01 1.307990222630139215e+03 1.638756350147801413e+03 2.013435447656420685e+00 1.753355056509125802e+02 8.775789671633695832e+01 1.409296737913056929e-01 4.087397146584120122e+01 2.375266894485141833e+01 1.419580134058104704e+03 0.000000000000000000e+00 1.054969702768816660e+03 3.727527324869894301e+02 4.604834142628551064e+01 1.048876036133289062e+03 3.858345106490636278e-02 0.000000000000000000e+00 0.000000000000000000e+00 6.049309171169783212e+02 5.587791545381669494e+02 5.680968664483077646e+02 6.315821814232069755e+02 1.408881289157969263e+02 6.419907924203764082e+01 3.181165139974900740e+02 1.310302917553264024e+03 4.928338472362239031e+02 1.929040050441289481e-05 3.171724896427502927e+02 3.503551962581373687e+02
0.000000000000000000e+00 8.766386852257369355e+02 7.023903985279567053e+01 6.773723139831744788e+00 1.247525315954649727e+01 0.000000000000000000e+00 3.515881955058405310e+02 2.707849953205141560e+02 4.467298429848884211e+02 1.685973830650170271e+02 1.545948526333107111e+03 5.370817202787790734e+01 0.000000000000000000e+00 5.514782255177441357e+02 1.135814156653691043e+03 1.685965178732756613e+03 1.009487786589800180e+03 0.000000000000000000e+00 5.853957307117634628e+02 2.791010801293410850e+02 1.384302447116746862e+03 7.974948570815189441e+02 0.000000000000000000e+00 0.000000000000000000e+00 1.547304157682854661e-02 5.342843672057779258e+02 0.000000000000000000e+00 7.712489830206609165e-02 3.086198438204773993e+02 0.000000000000000000e+00 2.307276651256203763e+02 8.176412823449599045e+02 1.090735690192071843e+03 2.410284405317800065e+03 1.369543447530179947e+03 2.525240178576200378e+02 2.308051762733046814e+02
0.000000000000000000e+00 1.872768717110303779e-02 3.184542972601336341e-01 6.355658013220596558e+01 0.000000000000000000e+00 7.694157262636268797e+02 5.148379103745996872e+02 4.838801602741624919e+01 1.687432114213282375e+03 2.188820061949166700e+02 3.128781045495004491e+02 1.501645351269285982e+02 0.000000000000000000e+00 1.507153026425817055e+00 1.016408625935640998e+03 1.337423615120551688e+02 9.149357803717474269e+01 1.020661446138461429e+03 8.717504310796925893e+02 6.295205998940939480e+02 5.957958653009465024e+02 7.804954739294534081e-05 1.253137322470758590e+03 1.182403676812324420e+03 7.323652192980226801e+02 2.704421035795908090e-01 1.987037513347216873e+02 8.340781812753766644e+02 0.000000000000000000e+00 8.537687583658164385e+02 3.283128778996241781e+00 1.104386152368647799e+03 0.000000000000000000e+00 9.244813215009108944e+02 1.173013995022942026e+02 1.003392612491494333e+03 0.000000000000000000e+00
