output/example_1/lateral_incision_000275.asc
nrows	75
cellsize	13.33333333
xllcorner	0
ncols	75
yllcorner	0
NODATA_value	-9999
[rows 17 to 33 of 75, columns 0 to 36 of 75]
0.000000000000000000e+00 1.475331848048083202e+03 5.223341686529536219e+02 1.312498039490044221e+03 1.831130890404584477e+02 3.270025142255278752e+02 1.211548997614062955e+03 1.054462013427538949e+02 6.885263896332810418e+02 7.649511131011195175e+02 5.148419872842613358e+02 1.303314116774548211e+03 1.034217373497106337e+03 0.000000000000000000e+00 6.789295064814139096e+02 9.932695710086636609e+02 2.833877829246219893e+00 4.593860961200619499e+02 6.064891122585552239e+02 1.178185079747971429e+02 7.041157410493509587e+02 2.860675677252426112e+02 8.728901271927771859e+02 1.243133545771543993e+02 5.692337516168263223e-01 2.068697626002328036e+02 1.415736473231617992e+03 2.780110403593922683e+02 4.113527498213013445e+00 2.403866732107228454e+00 1.830701305727962733e+02 8.720337549792375187e-01 6.361304026182214102e+02 1.828999750514363996e+02 1.251092524714261799e+03 1.061237311753217227e+03 1.329682369493941678e+02
0.000000000000000000e+00 0.000000000000000000e+00 4.773085379607980485e+02 5.354683285335609666e-01 9.060835834380472420e+01 0.000000000000000000e+00 1.549808368682933519e+02 1.486181171817386939e+03 8.945503597086941205e-01 7.664401639335872005e+02 9.983046752854691022e+02 4.503299302369307533e+00 1.392395753980155138e-01 5.947813256707411789e+00 5.092073415109989583e+02 1.973089227983909097e+02 8.065363893592746081e+02 4.759128818247096859e+01 2.535236101800449262e+02 1.958608066419253930e+02 1.177286846183701954e+02 1.064220175563030608e+02 5.352874274567367863e+00 1.715022468472171795e+02 4.410766576827142416e+01 3.584162052404997212e+02 1.343233873848715575e+03 2.157027101175761175e+02 1.289570836828531355e+03 6.989844979860953345e+02 5.567600950231155110e+01 3.006686041608626283e+02 1.673891170065545339e+03 3.857861011406881744e+02 1.399634448093402561e+01 6.607002406258521887e+02 6.921334734265893758e+02
0.000000000000000000e+00 4.588853195153754427e+02 1.035215639799381734e+03 7.803351899099969842e+02 0.000000000000000000e+00 7.364508968373331754e+02 1.385375079335380860e+03 2.169267929372516335e+02 1.589172574736918762e+02 2.806454800253599160e+02 3.778777940046691128e+02 1.218817337533341970e+03 4.146401018070118312e+02 6.191214908017107064e+02 3.577463178728761477e+02 1.256235984598510413e+03 2.240231560173764365e+02 8.843859179888022481e+01 1.452303527576849092e+03 1.548736819793763573e+02 2.107988383734588922e+02 1.900280496271738286e+02 2.587612523499643089e+02 2.221252074714537628e+02 2.370603927011226464e+00 3.733817239886528938e+01 1.619557592448413516e+03 0.000000000000000000e+00 1.642547595261817833e+03 3.440315259230409879e+02 1.354537046684456958e-01 3.516414138502434525e+02 1.017511259047642369e+02 1.337993939170098567e+00 4.759988969682045195e+02 1.066687769636550684e+03 6.995264645454517449e+02
0.000000000000000000e+00 0.000000000000000000e+00 3.601147684861071063e+00 5.246767822095429210e+02 7.109035116260616860e+01 1.102323969337284204e+01 1.151714238190426158e+03 9.455011780387596598e-01 8.011044571036705975e+02 1.406992257323746117e+03 1.101030872778923353e+01 3.307072393344124066e+02 3.017182878031666959e+00 1.491013603106655410e+02 3.774232353299955776e+02 1.959034227266165828e+02 1.119400728917251399e+03 5.251261731639480104e+02 5.449962758520957351e+00 1.082231723856523331e+03 5.675473150371500424e+02 9.293068159257080652e+02 4.314741924801845130e+01 6.693497533649701836e+02 5.372352639336479569e+02 4.025538954118633228e+02 1.108123190563818206e+01 2.022926164313169011e+02 2.260864615357808134e+02 7.397914194158345254e+02 1.230046704810972642e+02 3.922702766919425699e+01 0.000000000000000000e+00 9.301419642700106682e-03 3.548623834078581041e+01 6.948691823657843543e+02 9.816208758632834588e+02
0.000000000000000000e+00 6.473765471417051458e+02 1.050421765313676126e+01 1.380262303296103482e+03 6.636264109999950733e+02 3.279169525384775739e+02 1.062133560412670249e+03 5.881668165632363525e+02 7.063056064396486136e+02 4.130526126186169336e+02 3.296042817838627457e+02 6.347430144230391988e+02 8.495446749135044229e+02 8.363286350101269591e+02 7.343075089106959830e+00 9.285630780802210893e+02 6.163378581276130035e+02 6.582548557638591546e+02 2.333627159953401531e+01 6.958389293261986097e+01 7.421640956542961476e+02 1.300505208207342491e+02 5.962803358538571956e+02 5.595452583951065435e+02 6.470709356555064460e+02 0.000000000000000000e+00 5.822622508425882870e+02 8.322289961860892049e+01 3.415056876231147953e+01 4.873403242731475871e+02 1.287476129210072884e+02 1.482149291010574188e+03 8.111412355150855547e+02 4.024384397514938314e+02 1.010743628187626769e+03 7.563143975133841650e+02 1.942652902426521555e+00
0.000000000000000000e+00 0.000000000000000000e+00 2.214013850370656655e+02 1.355379814047780087e+02 3.924346020288834325e+01 1.853631351015869455e-01 1.590396803843756035e-01 1.463783576317879351e+02 8.476580475221613824e+02 9.960200566412288481e+01 8.934619286107857761e+01 1.298061753730922590e+02 2.978438215251900374e+02 3.752542174564145512e+02 6.690523904392516386e+01 3.608991383611785295e+02 2.994113987774232877e-01 9.952202944257842319e+02 5.453904577449976365e+00 9.670374346788053117e+02 7.077426455774723308e+02 3.668996420344958551e+02 1.270761102634490136e+01 1.237473436145630323e+01 1.249643686344574718e+02 9.627670063421344366e+02 4.126834817708944456e+02 0.000000000000000000e+00 4.578782131621427425e+02 3.561327562237408539e-01 2.428951868232102527e+02 9.512561920552727770e+02 4.588107189176764678e+02 6.328884309195237847e+02 1.375782095909206078e+02 7.236463240838411970e+00 3.066597549722642384e+02
0.000000000000000000e+00 1.245110667618907883e+03 1.158726638324463920e+03 3.589365561492244296e+02 8.359795443309202483e+02 8.342805443873183435e+01 4.161128122905880105e+02 1.458158896665957904e+01 8.126222540493083457e+00 2.675353614200815924e-05 2.557658473164789470e+01 4.013648472418898905e+01 5.610809618159328238e+02 7.052770375033317407e+01 1.053311168374791805e+03 0.000000000000000000e+00 1.765143372345866339e+02 3.325096843535006741e+01 1.402646136375206538e+02 6.564095542803947581e+01 6.115536697764648579e+02 1.833388397407455983e+01 2.507640445306123667e+01 1.822995152236025973e+01 1.131540136281519835e+03 1.232208189219983012e+02 2.928634062300212122e+02 1.272032651816745386e+02 4.831883878812821536e+02 3.632620786948681939e+02 2.682105188773636906e-01 5.506590779288910653e+02 1.404671885151266224e+02 4.994614676210294988e+02 3.386963527996013568e+01 4.612074523112899556e+02 7.565347818097151276e+02
0.000000000000000000e+00 5.971043797438519161e-07 0.000000000000000000e+00 7.881040796258234877e+02 8.001740298961165081e+02 5.939276113895497033e+00 7.050175925199682752e+02 3.641341763391801578e+02 5.093628828478307218e-07 7.300688360440316274e+02 7.310211919416219644e+02 1.013194478158867810e+03 1.420490416825766715e+02 8.931648962957930280e+02 9.795584578506746709e+01 1.840363589356526219e+01 1.115289330516144446e+03 1.443899859249131268e+01 7.251934430629502231e+02 1.118599805260972289e+03 4.116534170402045589e+01 1.314738334903873707e+01 1.503371811861154356e+03 5.194600340059998871e+02 6.280629102091307425e-01 1.479669621586625226e+03 9.585037362333016517e+02 5.631210789588342180e+01 2.020361854572204763e+01 5.835032653418988247e+01 0.000000000000000000e+00 2.652763902126665485e+01 3.407598733408104863e+02 5.078237826637848684e+01 1.102864422937761219e+03 3.939553299360441088e+02 7.579153829344527367e+02
0.000000000000000000e+00 7.991349423884636280e+02 0.000000000000000000e+00 8.682951236998039803e+02 2.503202819812927089e+02 1.932711977527691829e+02 7.740271861329617877e+02 8.076770591236172550e+02 0.000000000000000000e+00 0.000000000000000000e+00 6.092065120844157633e+01 4.535966089835109756e+02 2.061666902895591680e-01 1.470805479760873027e+02 5.530888498557293360e+02 5.258137634475749564e+02 3.452491069882943719e+01 1.234718431750919194e+02 6.103750948072998881e+02 7.739952853630999243e+02 5.847740128075364510e+02 1.217045072709195042e+00 5.087455588300536533e+02 2.933293228557373595e+02 1.554901704777115810e+03 8.537248166518800190e+02 5.207498219834541864e+00 3.577643771781287114e+02 0.000000000000000000e+00 1.933885579322629553e+02 1.207136174464896961e+01 2.443590268221279018e+02 1.010442668061535642e+03 1.227900292737270718e+02 5.636921774772512208e+02 4.748920816528555520e+02 7.164089937472281235e+02
0.000000000000000000e+00 3.297153160184340663e+02 1.715879325086393919e+03 1.032670240002236596e+03 7.474596497993851472e+02 1.210001860619420739e+02 8.730356764327509609e+02 8.347504447356435264e+01 1.239468547753510165e+03 1.539965886074639002e+03 2.931105714335407129e+02 9.113685409135558757e+02 0.000000000000000000e+00 5.229210213786540606e+01 6.810135858370365725e+01 1.831371273195907747e+02 1.047530133530100102e+03 5.312322913223144951e+02 3.217441315054195172e+00 1.010324321913445033e+03 0.000000000000000000e+00 1.151006510910671977e+03 0.000000000000000000e+00 0.000000000000000000e+00 0.000000000000000000e+00 0.000000000000000000e+00 3.079043736744563375e+02 3.096256250348180288e+02 1.499156306704294366e+03 2.298196361789758555e+02 3.118940891248728349e+02 1.706412138150208477e+02 6.565620114934362164e+02 1.787898028625438656e+02 3.061871105098094858e+02 1.755205819288414375e+02 1.052032753629364237e+01
0.000000000000000000e+00 2.901427531693116180e+01 5.995286488750850395e+01 0.000000000000000000e+00 5.089632671390809548e+01 6.574413753342480504e+01 0.000000000000000000e+00 0.000000000000000000e+00 1.613862019313342898e+03 1.677919848830611727e+03 9.997836514270225905e+01 2.561534907386431428e+02 3.920380350007317816e+02 5.041870977751357827e+02 1.615103603638468712e+03 1.620000874461842955e+02 1.642776508213634941e+02 9.266541807679910789e+02 1.012262510809942341e+03 1.017647300878727634e+01 1.371550085567108226e+03 9.986770123389977698e+02 1.656616654811018634e+02 1.447765702682338087e+03 0.000000000000000000e+00 2.076813659505428404e+02 3.406511460368360531e+02 1.063044895734019661e+02 4.827307522881582145e+02 2.519439030652504963e-01 8.864911959324068675e+02 2.186787764549143198e-01 3.066690444467872823e+01 5.186630082803782571e+00 6.353082793574122888e+02 4.765499009164953748e+01 6.442787364763191817e+02
0.000000000000000000e+00 1.383180107096161919e+03 4.320467323859792828e+02 1.655701921138837633e+03 2.586757404098717572e+01 1.211126857760336634e+03 1.022322381418744612e+03 0.000000000000000000e+00 1.083256041173023476e+02 2.176392880062534563e-01 7.533217138671219573e+02 1.670592397295086187e+02 5.764556640881702378e+02 3.228441225166216668e+02 1.268834620942355741e+03 1.034380928245269393e+00 2.157897903133620616e+02 1.073697516097167636e+03 5.554679887246161343e+02 2.244235036423280860e+01 9.279460574011906147e+02 2.931846646555273423e+02 1.100819172801453306e+03 3.476578031147846559e+02 6.209254043998970474e+02 6.273145094842899425e+02 1.224662512833712981e+03 5.834292640422636396e+02 1.336527995817031069e+03 1.846733409586024663e+02 1.269924249941834375e+02 7.371890354447270965e+01 4.885908210412410426e+02 2.611787539825273541e+01 1.450469831678959736e+02 0.000000000000000000e+00 3.173239682033484996e+02
0.000000000000000000e+00 6.046133934905404885e+02 6.144598350313270885e+02 4.065213430139676234e+02 1.500877690830848792e+02 6.469710185917492140e+01 3.235316368257618933e+02 2.399122626681372950e+01 8.260410460271365309e+02 9.158427010241903190e+02 2.818621360468328589e+02 3.531681153190377813e+02 4.996736005179540143e+02 9.318270851908384884e+02 9.728267678483073055e+00 4.182510736040620714e+01 2.198591945653948301e+02 3.762852761897839855e+02 3.760042561231986724e+02 1.554975800476449024e+02 2.672389289904118073e+02 2.690652297864270395e+02 1.162274006036720266e+03 2.638282017535988757e+02 4.708083752238571833e+02 0.000000000000000000e+00 8.067047751631770325e+02 7.292216986642035863e+02 2.992317105946378888e+02 6.203246318459551958e+02 6.547623883394791164e+02 4.653572582157004263e+02 9.134328741527853879e+01 8.072411418710327098e+02 1.459711083260537237e+02 2.094357324065551751e+01 2.307151778438603742e+02
0.000000000000000000e+00 1.419062761686286755e+01 7.574595538677610929e-01 0.000000000000000000e+00 1.835745979725770667e+02 0.000000000000000000e+00 8.082459168446772537e+02 3.154713730883618155e+02 2.208316547681211546e+02 1.378538779884355108e+03 2.212685762669251801e+02 1.657309923457301011e+03 0.000000000000000000e+00 2.526373322905839132e+02 6.107853420884331399e+02 1.324696813519451553e+02 0.000000000000000000e+00 1.428473634355099193e+03 1.274973819481720909e+02 2.276702714962922869e+02 6.450629395549715355e+02 1.788792512494253728e+01 2.617345262137519057e+02 2.531845164643963031e+01 3.123506373882037792e+02 7.169368727960966226e+02 3.975138503951162749e-01 2.594988606497272698e+01 1.751105498523241408e+02 9.738770569836680124e+02 6.567006766655217689e+02 3.693414847036568176e+02 5.188758778800293925e+01 1.499520175697190894e+02 6.519454096841954538e+01 1.757460009878686265e+02 8.597709608809270776e+02
0.000000000000000000e+00 0.000000000000000000e+00 1.394765281873513061e+02 1.293933586193910287e+03 1.212443442357306594e+03 6.258426710753655975e+00 5.287682988352586335e+02 6.214575119782375623e+01 2.194202532336759646e+02 7.176957606058455674e+00 0.000000000000000000e+00 8.021040673514415076e+00 7.813846699554427460e+02 4.354577226951482061e+01 2.002071680700611580e+02 6.729484812821326725e-04 1.236343672914472691e+01 6.629817282744705835e+02 4.550234312343823717e+02 3.470284409416780704e+02 2.268802533797119452e+02 6.401745824905262907e+02 8.184730329613709898e+01 4.132196320772189893e+02 3.880893444383460746e+02 1.128763818896499060e+02 7.683313227889954078e+00 3.723396814954505771e+02 7.186022824583168358e+02 3.938349315508556856e+02 4.761724122360417937e+02 5.075044309934559692e+02 5.794562125691433039e+02 6.369442779695559942e+00 9.557694834809227586e+02 7.933846168961163903e-01 1.464332545355459274e+02
0.000000000000000000e+00 2.101134546153927545e+02 3.135716749352804982e+02 6.016202822665663064e+01 2.166131475070123713e+01 7.184490167885307983e+02 4.566183237590717567e+02 7.886167048184903328e-01 2.256563948946603304e+01 2.852499062213454977e+02 4.828478496731939629e+01 1.003166266560684335e+03 1.237578000154886240e+03 4.090704117382639993e+01 1.280480446838902253e+01 6.913286130599531134e+02 1.056604579505650288e-01 7.695191052611768328e+02 8.699407188658933592e+02 7.478191120862695698e+02 1.031348710322834279e+02 3.311841392991833573e+02 5.264212619817727301e+01 1.246028640333225439e+03 5.060336626745800537e+00 7.594375867564646221e+00 9.457703273434792379e+01 1.402527673956126080e+02 7.557261476674266305e+02 1.272974975671857152e+02 1.210474919995682086e+01 2.189274410456430815e+03 7.193366545437687591e+02 4.522686213455432380e+02 5.981160062729987459e+00 2.714870115718704255e+02 2.087518670241274492e+02
0.000000000000000000e+00 1.255015250570207854e+03 4.373117672864754581e+02 1.560917728138965003e+03 5.488211980007234843e+02 1.397524668349466381e+01 2.317635568475936054e+02 0.000000000000000000e+00 7.774746730000258594e+02 7.906179195234818735e+02 5.553469576514179380e+02 3.738105327638815645e+00 0.000000000000000000e+00 5.468381705407892923e+00 1.115106685385433138e+02 1.032960985040987907e+03 1.241277386337463753e+02 3.681588101226100207e+02 2.119893454748781494e+02 5.274203131422218860e+01 1.113698198768503289e+03 6.367733877097064124e+02 6.020218374722276167e+02 7.029243693551176508e-02 5.408995849115759711e+02 5.218765047478727865e+02 1.676741435314214641e+03 3.021422326403893521e+02 1.709310385921426985e+02 6.126960900203136617e+01 7.181418148123550509e+02 4.424204852562704673e+02 2.584275316990868632e+01 7.744732801917805887e+01 3.099735264023506147e+02 5.057180194014064796e+02 2.687318429897048873e+02
