output/example_1/lateral_incision_000040.asc
nrows	75
cellsize	13.33333333
xllcorner	0
ncols	75
yllcorner	0
NODATA_value	-9999
[rows 0 to 16 of 75, columns 37 to 73 of 75]
7.502961367587193805e-04 0.000000000000000000e+00 4.020924072664800331e-04 0.000000000000000000e+00 0.000000000000000000e+00 0.000000000000000000e+00 0.000000000000000000e+00 5.525900172972106512e-03 0.000000000000000000e+00 0.000000000000000000e+00 0.000000000000000000e+00 0.000000000000000000e+00 0.000000000000000000e+00 9.255328140683416146e-05 0.000000000000000000e+00 0.000000000000000000e+00 3.406494484988912177e+02 7.773896239680702536e+01 1.638932671567318033e+00 0.000000000000000000e+00 0.000000000000000000e+00 8.373029254395878525e+02 2.170076602411976694e+02 3.876115161606607558e+02 5.022033694440563067e+02 9.270076761518872388e+01 1.639761441799737725e+02 4.971400586072146629e-06 0.000000000000000000e+00 5.267006942434419869e+01 1.048169385794283137e+01 4.724478034368194868e-05 0.000000000000000000e+00 1.171760928489934850e+00 0.000000000000000000e+00 0.000000000000000000e+00 0.000000000000000000e+00
1.756536206294911153e+02 4.235891705559774218e-04 1.091569533275524926e-05 5.378437562668199947e-05 3.829133738672423419e+02 0.000000000000000000e+00 9.551887974163028048e+02 4.129829195079624355e+02 0.000000000000000000e+00 4.743027464626772875e-05 3.898638805586060130e+00 0.000000000000000000e+00 4.591000277398487839e+01 1.896901962634336926e-03 6.147309689919144375e+02 4.041139779023879441e+02 1.052706464401811218e+03 4.293598971394060868e+02 0.000000000000000000e+00 9.851290592496387433e+01 1.290412765597347402e+02 4.823115635552365461e+02 0.000000000000000000e+00 2.359474694223332278e+02 1.615479656482528696e+02 1.575502786404881874e+02 5.860279885748200286e+02 9.705886978976743009e-06 3.174979991003321089e+01 3.595333971346759938e+01 2.769643502044647931e+00 5.285319599640739625e+02 5.801095292206731528e+02 6.947543909288482755e-01 3.299352647238887357e+02 3.968304609336269095e+02 0.000000000000000000e+00
3.902295579951385776e+02 7.184781781905344360e+02 2.868331285608616099e+02 7.585484258581358290e+02 2.830957811244513422e+01 1.559217138828400721e+03 1.115382949088393161e+03 3.335583092764195451e-05 4.808629021419857850e+02 2.467616041414593439e-05 2.511451105704090878e+02 0.000000000000000000e+00 1.135741286813538863e+03 4.224595575081211791e+02 1.307067201355287807e+03 1.959000830174105090e+02 1.478670641328370827e+01 1.250342910360260618e+01 8.797049458270294053e+02 2.381333357052687205e+01 0.000000000000000000e+00 5.479911095429436045e+02 1.084247213367798167e+03 4.147492775545980521e+02 8.455743363691349259e+02 5.068657574595163169e+02 5.074071715972811489e+02 1.359169683437253752e+03 6.182032675024535706e+01 2.521043512905923656e+00 8.080736335463857358e+02 6.850486563371603665e+01 1.008365367045533048e+03 1.431416221341273513e+03 3.461252159996303135e+02 2.627815331316363086e+02 4.159812500716631121e+02
3.480196440778531155e+02 9.663785144553768305e+02 8.585711542675992405e+02 2.695804986750595162e+02 1.777417236779593850e+02 2.235313426123987313e+02 0.000000000000000000e+00 8.657928520638171221e+02 5.206935723208224545e+02 4.133442381440878632e-07 9.508939429078458261e+02 1.298016635987708469e+03 1.498437427984780186e+02 7.386702409068259385e+02 3.431712496937766446e+02 1.471170626097499508e+02 5.315856579495557526e+02 8.087043623777283585e+01 9.999830844774098182e+01 1.411175899583808814e+03 1.618861874478287064e+03 3.220668859575483225e+02 1.690509859959109463e+03 6.624454984034854306e+02 2.673871179237413003e+02 5.502295631689164566e+02 3.351645157841737159e+02 7.794765196144439869e+02 0.000000000000000000e+00 5.519589059649540985e+01 1.741496470687939791e+03 9.903706431611678909e+02 0.000000000000000000e+00 1.072032023060466145e+03 3.938101651375642973e+02 9.225452823157817761e+01 5.782882126506880383e+01
1.886636178807318265e+00 1.260448778083273737e+03 5.349798840488466567e+02 6.027227649461332248e+02 1.739181641189654499e+02 3.781520370535732241e+02 1.209365412766443342e+03 1.922420756580097247e+02 4.802209855758071910e+01 8.234203768984651788e+02 1.114785304984859522e+03 7.264105609404412078e+00 9.977570480334773038e+02 8.760936975102191582e+01 1.503945321588768593e+03 7.302531002225663315e+02 1.016094457841676785e+03 2.795702361213753875e+02 1.794970034356579447e+02 2.941252036661839320e+00 0.000000000000000000e+00 2.555472631747377648e+02 3.660172738262860292e+01 9.269966827286243216e+00 1.371633394677375236e+03 1.529031719944885026e+03 1.547060578841754079e+02 7.259335508054416550e+02 9.788449671221290771e+01 1.291814742137457017e+02 1.304815171890208347e+01 4.588338060209733271e+02 7.101656938331877882e+02 2.207454543718924356e+02 2.135967203621223689e+02 6.004243101413326258e+02 2.144468033008935492e+01
5.304420318712573135e+02 7.239455570415458396e+02 1.426711285198248333e+02 2.199351525889563845e+02 4.518141658137619743e+01 1.136412936351869121e+03 5.573100259012779816e+02 0.000000000000000000e+00 2.821204720936197532e+02 8.518417446060242355e+02 1.624205185783305749e+00 1.195165219710770771e+03 0.000000000000000000e+00 8.010436096243074644e+02 1.131954245140405533e+02 3.550888955329536998e+02 9.510920711526019033e+01 1.824481786008237520e+02 2.517623964136085135e+02 5.703923124434010106e+02 2.394926709539196565e+02 1.050323519219402669e+03 1.807221494850109593e+03 7.565856584282696531e+02 3.062775994971480031e+02 2.734347599031454479e+02 1.955809641530617569e+02 7.166504518125628920e+02 0.000000000000000000e+00 9.484165710205651578e+00 1.388901402146616032e-03 1.068353041489144886e+02 4.498894270221994134e+02 4.861059431516578933e+00 6.837120206893860086e+02 3.431869898667973189e+02 4.306511369075060713e+00
6.184045528263488904e+02 9.077700720073577756e+00 1.449894264154214518e-01 0.000000000000000000e+00 6.117233368972435414e+00 1.156110455368390376e+03 5.694658673899524501e+02 1.428709397732672642e+03 6.242785678878766475e+02 1.820062495678324233e+00 5.794255272031683717e+02 2.892854996375062342e+02 9.877657417440123027e+02 9.078607278910557170e+02 8.289735481113922333e+02 0.000000000000000000e+00 7.444322008856516959e+02 7.506323177795765389e+01 1.122767665928527947e-01 1.147015337683860849e+02 0.000000000000000000e+00 4.896100559595640078e+01 1.435647895072083884e+02 9.119391235671712366e+02 1.326091443305826260e+03 8.256615777720957894e+00 1.311495495309448643e+03 1.958178329773124782e-01 3.055110593105530015e+00 3.619879875779796963e-05 4.565383340006990807e+02 2.635745738092655088e+01 8.018281787928616495e+02 4.661375109135632755e+01 1.522245446613873582e+03 1.666231840398331485e+02 0.000000000000000000e+00
5.995176766566048343e+01 1.586975537077979652e+03 1.294744320250600822e+03 1.121956682362598940e+03 1.633615125577823392e+03 8.104135423319894471e+01 7.359801411896654599e+00 5.105355169792314030e+01 1.929995282318509586e+00 1.411129122117083909e+02 2.456473663091929893e+02 1.753698439687987047e+02 3.980794683161729353e+01 8.535113861400009938e+00 7.107494552096108009e+02 9.016686658507562697e+02 1.537986719903173949e+01 7.101997305642498759e+02 4.935710960947530452e+02 4.487201156402487072e+02 3.318376324301942049e+01 8.168307299102137294e-05 6.217274299497653089e+01 8.898787359739136760e-02 1.427096559069314026e+02 1.829762194572847056e+00 3.948202983050169337e+02 0.000000000000000000e+00 1.213945515249506113e-04 0.000000000000000000e+00 6.053390533796326736e+02 4.032429461545399274e-01 9.233914873514250985e+02 5.568650570978471848e+01 1.176504121927414559e+02 2.606436297199842400e+01 0.000000000000000000e+00
6.707782216670165099e+02 0.000000000000000000e+00 1.578736795803614825e+02 1.612785600293049356e+03 3.192342446250644912e+02 5.192784410531182857e+02 5.221895896092015619e+02 1.807175683961616187e+03 1.165824502615590063e+03 3.940151239311798292e+01 6.897429770247740635e+02 7.214445036676016798e+02 2.930718032860123685e+02 2.313198456258387381e+00 6.258342902451101963e+02 9.514600740121929903e+02 4.593191313727514853e+02 8.259613524564970248e+02 1.135045408242494318e+02 9.012823493899762752e+02 3.938999905608771002e+00 1.361158367655138761e+02 8.803397587700685278e+01 1.366873549199050331e+02 9.561670062377301065e+02 3.961205577189549132e+01 1.821664017757975898e+03 4.935910936974898391e+02 2.612198951985685724e+01 2.436172883681510726e+01 4.762330504017985788e+01 1.045175839862564089e+03 7.826944290888496880e+01 3.310660040938086013e+01 1.013319138440206189e+02 6.911468398060932259e+02 0.000000000000000000e+00
5.608463800392946723e+02 1.354901285450146588e+03 1.016787415209349277e+01 1.177545888033309666e+03 1.379953625561529861e+03 9.831600441574512672e+01 7.169502796990150273e+01 1.022963911148844574e+02 2.877947225727161253e+02 1.920935019927572966e+02 8.594672969263306186e+02 6.890360081707344762e+02 3.079369493674773395e+01 1.617684757421607173e+02 3.898190107912088820e+02 9.834840746251711607e+01 3.214717176811906825e+02 1.156962413789598632e+00 2.485658570171513020e+02 9.850596473156747379e+01 2.285611389913304314e-01 3.617261679956872200e+01 5.053006711425221953e-01 1.361073296371068331e+00 6.465156699319804829e+02 2.463871263958534452e-01 5.539281327176232708e+02 9.576096641592089327e+02 1.033015227542173761e+03 0.000000000000000000e+00 0.000000000000000000e+00 8.470573307775550802e+02 0.000000000000000000e+00 1.287975536663516095e+03 7.450029629489720264e+02 4.178318130241077029e+02 0.000000000000000000e+00
1.182687315174711330e+03 1.469207674164033733e+03 2.245233606248817182e+02 4.507558828159245579e+00 0.000000000000000000e+00 4.105037036925186271e+02 1.496249609414722386e+02 4.327537292234582651e+02 6.287784103552712622e+02 6.283624896391031598e+02 7.391163711593415857e-06 6.879517901854110562e+01 1.158797853532578586e+02 1.952434443545434606e+00 1.638016525099914418e+02 2.372660104775550138e+01 5.909806549045666770e+02 1.421478749209103967e+02 1.061524520646734118e+02 6.258646070016729936e+02 0.000000000000000000e+00 1.671002975342724426e+02 5.187259764911806315e+02 3.507407505700545016e+02 2.007993152810666970e+02 5.754310328270863693e+02 3.870724799916803249e+01 1.381444065427597707e+03 1.374482560273017043e+03 5.989946324499602497e+02 1.040657247229249833e+03 2.899759915966679813e+00 0.000000000000000000e+00 0.000000000000000000e+00 8.853460408258300731e+02 1.163486956087713509e+01 4.122690258556100389e+02
2.740615457002930953e+02 1.122731689244561082e+01 9.642021813328881308e+02 1.421453204750313546e+02 3.401758576573279811e+02 3.965263307184942576e+00 7.986897369608779440e-02 0.000000000000000000e+00 9.993857042664134032e-04 3.706197550375188318e-05 2.772842647993391196e+01 0.000000000000000000e+00 2.579582941004981755e+00 1.698552335565448956e+01 0.000000000000000000e+00 1.376033598741798016e+02 1.115906559869332114e+03 1.307830105810226939e+01 3.990359942909594793e+02 6.787221272367092979e+02 7.121476357704237614e+01 2.517608979538272607e+01 1.622797856504320180e+01 1.071357702396980585e+03 2.867910814489395648e+02 2.125253144971808979e+03 6.005441847744536972e+02 0.000000000000000000e+00 1.442629981659285704e+03 3.623953374271827670e+02 5.602979267164511779e-01 6.024476612670717941e+02 1.327796674299874439e+03 3.853693212174442237e+02 1.056950736852384082e-01 1.507889827262029485e+03 1.736250960229366171e+02
6.267589314014742286e+00 7.660596273169983743e-05 1.101378061728048863e+00 8.861715597692133883e+01 1.829294378362972395e+01 3.647652763965576472e+00 5.852744324975675538e-02 2.219693709170043189e-02 6.421606793889085626e-06 0.000000000000000000e+00 1.407011278239136800e+02 1.870243755998038271e+00 1.351844727580746586e+00 1.479176282280080912e+01 9.806808047791607530e-01 8.658818122183244270e+01 2.530911582609634252e+02 6.918677349718191039e+00 1.257721529202521197e+03 0.000000000000000000e+00 1.234495035696655805e+02 9.368478720554602290e+00 1.083449177822839005e+01 6.968272034463891984e+00 8.608372088477223016e-02 1.840464743008061177e+01 1.739338440089006781e+03 1.601494716666323257e+03 6.363364188265229160e+01 0.000000000000000000e+00 1.397204755912560358e+03 6.793121788528105753e+02 6.314230491327856498e+02 7.465409066271615757e+02 0.000000000000000000e+00 1.229846743892257791e+03 1.093776950671701343e+03
1.679744324939028209e-04 0.000000000000000000e+00 6.602127518346834862e-05 2.236280488263703498e-04 9.236189230832451358e+00 1.179278493232235903e+01 6.307498686676828470e+01 2.373053210436945903e+02 3.973924666595236204e+02 8.359661857665983007e+02 2.433034692481597574e+02 0.000000000000000000e+00 2.062052243362542470e+01 2.502665076346167073e-03 7.571712661676027665e+02 7.289560203598614230e+00 2.942503907993131520e+02 3.564909519416800094e+02 1.043225602234698357e+02 7.605580380855849398e+02 5.558163678075696907e+02 1.495494946236313893e+01 4.182398226697603718e+02 9.973294946071852018e-02 2.180686969498754624e-02 3.845574110427655956e+00 7.229300673905619306e+02 2.032001186407245541e+02 2.988834075312611471e+00 6.447259643326724472e+02 2.998994452636398478e+01 8.659908799913533517e-02 1.075082742940601293e+03 0.000000000000000000e+00 9.148097618277356560e+02 0.000000000000000000e+00 4.187692989811806683e+02
2.583426828969222822e+00 2.565383039585252019e-05 0.000000000000000000e+00 6.078827789687890970e+01 3.677881378597344913e-03 4.693937098921450684e+02 4.637973405058449430e+02 1.958079250308501829e+00 5.058560367844328312e+02 1.089862238892967561e+01 4.134672276991888107e-02 3.039491836875722015e+02 5.931267148885083884e+00 9.520215727988010030e+02 8.765937500115931869e+00 8.434048801468177317e+02 3.355097674087967334e+02 0.000000000000000000e+00 4.123757272752970326e-01 1.294564228499169189e+02 1.785013142192863711e+02 1.348946255338501032e+02 9.284330611232716137e+02 9.276073076185276989e+00 4.383428905052055846e-01 0.000000000000000000e+00 5.424159249462122716e+02 1.002929742288158877e+03 8.635691657003553567e-01 2.837676863993808638e+02 2.551146838381723398e+02 1.983865219411991347e+02 4.460665581714575723e-01 3.818439722611043918e-01 1.576917875783846966e+03 6.190735521903106928e+02 0.000000000000000000e+00
7.638518093040913470e+01 2.261878471333951666e+02 3.962438840633959813e+01 2.805816749323740851e+02 2.916967497374869822e+02 1.184396964593611528e+03 0.000000000000000000e+00 5.368686585291108031e+02 1.003483627249251640e+03 6.558167256170113202e-01 5.932280525119615504e+02 4.701157757510866020e+01 4.263324461590573833e+01 1.194166116293296227e+03 9.468803117034035877e-01 3.983242855854354048e+02 0.000000000000000000e+00 6.869645148988263372e+02 1.589658446085723256e+02 9.710177114813485844e+01 8.283871413442070661e+02 2.335247769158300173e+02 1.262670768641632321e+03 1.177505022935397427e+01 1.058618638410255164e+00 1.192236497000684494e+03 1.038110088699462267e+03 5.646849768142824644e+01 3.467654364758691599e-01 3.931515656045475566e+02 8.961155304964438528e+01 1.696219321562244087e+00 1.553500810160205674e+02 1.316433740572985869e+02 0.000000000000000000e+00 1.304957741781690795e-03 0.000000000000000000e+00
3.574167929576524898e+02 6.570474856725351174e+02 1.564083146329726581e+01 1.312646150120098198e+01 2.489880379365801559e+02 1.340897978619150877e+02 1.264468750464406867e+03 1.487955587587538957e+03 1.046035892003348948e+02 2.891155398149093685e+02 1.776492210954894570e-04 7.740189409015473032e+00 1.278384520610141948e+02 6.181779631781937345e-01 4.284137314413171680e+02 3.923103888877139980e+02 4.643902739090165710e+01 2.272930758703774359e+02 3.019424520556910352e+02 2.432073722175788077e+01 1.406993976728264442e+03 1.001724834867066193e+03 9.711171816486872785e+02 7.238385607386411493e+02 4.835689833624751373e+02 1.759805420696902267e+00 1.479789330267257355e+03 4.777818771192645499e+02 2.192091688112316028e+00 1.766787804820884711e+00 3.895214296441308122e+00 5.665105024701516641e+02 1.867421294775593310e+02 8.241744935285541942e+02 1.459760312023614460e+03 7.156653520724822783e+02 0.000000000000000000e+00
