output/example_1/lateral_incision_000200.asc
nrows	75
cellsize	13.33333333
xllcorner	0
ncols	75
yllcorner	0
NODATA_value	-9999
[rows 0 to 16 of 75, columns 37 to 73 of 75]
2.730880095320796741e+01 0.000000000000000000e+00 4.020924072664800331e-04 0.000000000000000000e+00 1.781994231056288625e-01 0.000000000000000000e+00 0.000000000000000000e+00 5.525900172972106512e-03 1.975129308987696054e-03 0.000000000000000000e+00 0.000000000000000000e+00 0.000000000000000000e+00 0.000000000000000000e+00 1.935879317804396393e+01 0.000000000000000000e+00 2.093329821185450912e-01 3.806198676219459571e+02 5.533227361939046887e+02 6.720165921480607949e+02 6.737363233089738834e+00 1.632179901113442133e+00 8.422788015463320335e+02 2.427252176180507206e+02 3.877028125657212740e+02 5.022033694440563067e+02 9.270076761518872388e+01 1.640646817504415651e+02 4.971400586072146629e-06 0.000000000000000000e+00 5.267006942434419869e+01 1.048169385794283137e+01 7.794786057581508387e-02 0.000000000000000000e+00 1.171760928489934850e+00 0.000000000000000000e+00 2.202483508468670581e-01 0.000000000000000000e+00
2.026421701667809216e+00 8.097447668449901936e-01 1.091569533275524926e-05 8.649230372919133325e-01 2.759783612625568594e+02 2.282855427465877440e-01 3.099353584313910233e+02 9.613063059099301810e+00 6.281378714593866874e+01 2.676334875116284593e+02 6.951521890982344587e+01 1.807788115597039678e+02 0.000000000000000000e+00 3.228414298892076761e+00 6.426037952281765229e+02 2.819967913872612826e+02 1.660130956658890655e+00 4.084922871898245944e+02 4.179663832406072856e+02 1.235549216767061580e+02 3.266617583167852334e+00 5.912604345033541264e+00 1.390627816969933974e+02 1.386192846221218531e+02 1.162154289937390331e+03 2.873869723527915880e+02 8.489296986704778192e+02 4.997687577612168752e-01 3.174979991003321089e+01 3.595333971346759938e+01 5.764757463916935443e+00 5.040751579255821753e+02 6.176375605332188456e+01 4.248792614206850615e+00 1.551008283961703982e-01 4.251362976214691614e+00 1.648010294740461124e+00
4.239998885161237467e+02 1.592821690895184474e+02 3.170043418493036143e+02 1.462603279658390250e+02 3.700186669511865603e+02 9.635134943706106014e+02 1.410645606623873164e+03 1.622664206789792729e+02 1.970681304205070603e+02 5.564427441453732115e+01 3.491766777221595248e+02 3.192368059255359185e+02 9.248702064988833627e+01 2.402548273078248542e+02 7.628858662951203087e+02 4.192981403280997483e+02 3.369580924025740831e+00 2.270099413546053047e+00 2.690275476053269799e+01 2.644511186924452204e+02 6.177036097467910167e+02 3.898021683559409780e+02 9.284468114561274206e+02 1.053605579344559118e+02 6.035403253712661353e+02 3.679922363336361855e+02 2.158668762264440133e+01 6.523387438598361996e+02 1.196403372209180560e+02 1.444368449038085487e+02 2.393896218254108135e+02 1.318345815745693539e+00 4.064536162511911357e+02 7.391625037959657902e+02 2.323045811743652109e+02 0.000000000000000000e+00 1.313372025948359294e+02
1.008510670014139009e+03 0.000000000000000000e+00 7.001513542071661789e+01 1.464313142195363753e+02 1.685692814778784054e+01 1.464473288699547766e+03 2.291377541780170475e+02 1.576802779204542162e+02 0.000000000000000000e+00 1.244702222522308148e+03 8.994292951925864372e+02 8.014953227879800579e+02 1.967838813713989907e+02 1.521823877521087240e+02 8.001412267934723559e+02 1.358129992555745389e+02 7.667540748579959597e+01 1.127910443098450514e+03 6.601382074121653432e+01 8.856232863844812755e+02 1.060045346934921781e+03 2.353806440490555190e+02 1.733670323772904567e+03 8.381555771643124899e+02 1.499547951723799599e+02 1.404947589590247503e+02 1.595174615560285947e+00 7.493102622832042243e+02 0.000000000000000000e+00 2.497844844762779246e+02 6.677930054663860346e+02 6.351536066847915052e+00 2.886427454125540066e+02 3.285787264166064006e+02 6.148563475836947418e+02 4.003295311590874661e+01 4.481583336802791051e-07
1.877901544221831500e+02 5.536457434293099444e-01 6.712163493526578861e+01 1.416158867158796113e+02 1.553380489592391598e+02 1.576121706015552171e+01 4.413669871138921508e+02 1.615340115691597020e+03 1.466736595903704711e+03 6.500932300148210743e+02 1.054413248298684209e+02 8.693875717497436426e+02 1.390716364671573274e+03 1.497142976768110429e+02 7.094449253670470412e+00 2.824176420900734730e-01 9.448388959848758759e+02 5.922353114814002311e+02 1.950038023466827894e+02 2.337707192598269312e+00 4.842759122317909259e+02 1.982934628221976538e+02 4.798154073593290150e+02 3.311953340658092202e+02 5.629046031159552932e+00 3.080548468424843023e+01 7.188229542701203627e+02 2.998121032466513114e+01 9.788449671221290771e+01 1.291814742137457017e+02 6.321937963132673133e+01 1.984032365180073896e+02 8.225039588601525793e+02 1.570025423596387881e+01 2.934602138495289836e+01 6.251520626490622590e+02 6.937272750968546688e+02
1.711518566513777387e+03 1.366104629130443584e+02 0.000000000000000000e+00 4.697379152139008056e+02 7.891800829075078809e+02 5.161458133881661752e+02 1.560136502996547051e+03 2.965993753963671864e+01 7.013828821365402089e-01 9.106534310472771665e+01 3.531683270090832139e+01 2.050847504376672958e+01 8.333538185829821998e+01 5.491378652427043150e+00 1.728724870643122131e+03 1.443667131658121434e+03 1.342962029159216115e+02 2.689577513227566214e+02 4.639084019234516632e+02 1.865536112805755806e+02 2.392137172072299904e+02 1.639084015638717862e+00 1.206038500162611049e+00 1.626595914214733057e+03 1.545797895021321892e+03 9.502721921041893438e+01 5.245414156533165624e+02 7.166504518125628920e+02 0.000000000000000000e+00 9.484165710205651578e+00 3.654551462156515527e+02 1.337621365680699057e+02 4.082212070632875793e+02 7.566296325786383647e+01 1.440126946297385757e+02 3.201066581074533701e+02 3.623733652403109886e+02
1.522507930228233135e+03 3.819707076031814097e+01 3.342869060447278571e+02 1.112981530393750745e+03 1.017663646343348660e+03 5.588751309271514174e+02 9.694077621094555397e+00 9.955414413854043687e+02 8.414411774205572101e+02 1.642482983848585491e+03 1.448628818466782377e+03 1.377024928170317537e+02 7.628714078535260796e+02 3.062985885174004963e+01 3.529366702247637022e+01 4.766338729022489673e+00 1.083576501421353129e+02 3.609063018816432873e+02 1.413410978054613487e+01 0.000000000000000000e+00 8.555717264419561161e+02 7.492907771543189028e+02 1.227093465228915381e+00 9.678740790993155088e+02 4.766088832193694316e+02 1.804879616479978299e+00 6.832527615440482123e+02 2.018441506504654228e+02 3.824922852304720209e+02 4.729143034025073007e+02 1.820226025467103455e+02 0.000000000000000000e+00 3.511075709473104922e+01 3.812714871558479324e+00 3.855867234473356575e+02 5.490194618405107576e+02 3.747155631561312816e+02
4.856706927651340067e+01 7.347004426559871604e+01 9.308467295679905362e+01 0.000000000000000000e+00 0.000000000000000000e+00 6.137605445405249327e+00 1.066972586146657704e+03 0.000000000000000000e+00 5.586184457695819674e+02 0.000000000000000000e+00 5.439392605162348460e+00 6.450608351067322701e+02 5.980327359360542161e+00 4.180726365716662372e+02 1.574080559128158363e+00 1.142280149181693332e+03 1.558434386340500168e+02 5.374693133064385364e+01 3.365143084655183303e-01 2.161616907815389936e+02 7.594607282741979937e+00 4.753495275231877599e+02 7.549542770327694825e+02 2.284743004536154842e+02 1.060224368320204121e+03 0.000000000000000000e+00 8.017697113359988634e+02 4.798357916799240002e+02 1.788282811430266017e+00 3.602991903115136552e+02 3.050798034890052577e+02 1.096289272871888443e+03 9.398926246111961973e+02 1.102676476956479519e+03 1.492596034911699689e+02 3.743290401885264487e+02 8.616110874156747457e+01
8.407004671410005869e+01 1.237719931966111744e+03 1.629422313614001041e+03 4.837354285195772263e+01 1.929765926435557901e+02 1.011614622352587617e+03 8.837043084791323508e+02 2.269352225361280375e+02 2.700118714759230709e+00 1.025758617832087660e+00 2.381327388494416653e+02 9.612385700411855396e+02 1.619131638937397533e+00 1.563071569866917798e+02 8.004613603704040088e+02 7.984947980745347422e+02 0.000000000000000000e+00 0.000000000000000000e+00 4.806304426656236046e+02 1.206416988687927642e+03 0.000000000000000000e+00 5.870883056821723400e+00 0.000000000000000000e+00 8.410735102575091560e+02 4.966138677947430358e-01 1.407102221498513018e+03 1.091845955950222105e+03 7.598746643880043905e+01 7.520938498929274374e+02 7.496316428959815994e+02 2.506673282706391781e+00 3.091581962388407874e+02 2.930748065965557316e+02 1.146429479538048554e+03 4.853911134823938056e+01 6.773575009885420286e+02 0.000000000000000000e+00
1.884392294402216521e+02 5.267130335293317103e+02 1.704479976200455327e-01 1.706724224398837350e+03 1.370486230641975226e+03 4.057786172969278127e+00 6.918444784631800815e+01 6.135275775690384137e+01 4.512441971393398603e+02 2.601460022316938989e+02 1.010617895248308855e+03 4.866717167376879871e+01 8.375344630557113987e+02 3.310943602290669929e+01 1.115134223732532064e+03 6.562910225977607581e+01 0.000000000000000000e+00 3.660897758676154012e+02 2.356154079991273353e-01 3.418377821488953714e+02 8.869540020681391468e+00 4.154075992878723582e+02 5.201931756926334174e+02 0.000000000000000000e+00 1.211796824707971382e+03 1.254787126167246782e+02 1.098938487675902024e+03 0.000000000000000000e+00 5.434358939497003576e+02 2.000252330516065058e+01 0.000000000000000000e+00 5.905934816354312034e+02 8.649150179836011887e+01 8.902337588120950995e-02 1.437775170895351948e+03 7.216702137048253007e+02 3.595160662980559323e+02
2.961174638686248528e+01 2.152890653308098123e+01 9.783715448631110121e+02 2.815884453669547725e+02 0.000000000000000000e+00 1.060794300964893182e+03 4.577667962983031913e+01 1.842629949955514768e+00 1.150322407650417972e+03 9.561618156592032847e+00 8.825752022323578103e+02 2.068199993837945172e+00 1.953662383417630792e+02 2.894327535130581168e+02 3.389839042937359181e+02 3.886444389543562465e+02 1.188476111160362905e+02 9.312249632524645904e+02 2.351008680658701735e+02 3.635888573883538015e+02 5.466151615603455411e+02 4.159826763302945665e+02 1.981613098944978049e+02 4.840581840330879260e+01 5.597174302294591826e+02 5.988696011303469504e+02 3.437630880321013382e+00 1.250815343372664756e+03 1.180348594004352208e+03 7.219445960680313874e+02 3.070645782192876823e+02 2.713256835087066747e+02 3.207879729840152905e+00 3.358111797722181677e+02 9.549826312088940767e+02 1.229048092496597491e+02 4.182937608832000365e+02
4.923548464110081682e+02 5.502667180846696056e+02 6.130877099815908196e+02 8.940760736828275412e+01 1.610928684111308087e+02 1.557897862876091608e+02 1.441795903873445894e+01 2.507093322509682309e+02 1.618245732634610468e+00 6.491465659702946596e+02 4.532653033159256211e+02 3.409932689863020414e+02 1.667067388494942008e+02 8.934817052677315132e+02 5.556355236254153063e+00 4.636980905773293138e+00 3.124261413845896485e+01 2.244935193927696844e+02 7.062387353536166756e+01 1.769391389982187535e-02 7.032599693624440595e-01 3.272514325267098201e+01 4.998863541711203311e+02 0.000000000000000000e+00 3.742675031426617949e+01 0.000000000000000000e+00 1.589637547450509601e+03 5.315321011388606465e+00 3.861229292846774115e+02 7.635787506656477035e+02 1.536057892680452369e+03 8.583943536398420520e+02 2.453100998517470899e+01 2.585409343727175155e+02 1.310691333354261445e+01 6.713967419636607019e+02 8.945162349679795852e+02
1.246857514027039002e+02 9.639089637781571795e+00 0.000000000000000000e+00 7.602226908707580151e+02 2.388663286028657353e+02 6.834546418025345247e+02 1.885796106383710091e+00 3.666054295186334144e+01 8.727786027885269959e+02 3.269085254930661222e+01 9.687896330676625922e+00 3.899272636390607545e+02 0.000000000000000000e+00 3.842279565846828149e+01 6.185921981365550693e+01 1.145046358237013839e+00 9.978669803987103251e+02 2.075645550133211145e+03 1.481055446519208090e+03 1.106544946231127824e+02 3.367240140018693637e+02 3.909432590681038278e+02 7.731203396669685901e+01 1.015147841081871150e+01 5.559602869447632933e-02 2.544709569952760542e-01 1.621128037521185888e+03 5.355070361612587204e-01 2.212754367183739035e+01 6.253304979582951546e+02 1.182195367742616781e+03 2.753845522854443839e+00 7.312786346677887650e+02 3.486135838964688674e+02 2.945292982163358033e+02 5.539292901531129854e-01 7.534821588091668332e+01
9.402415256181698169e+02 5.689080720345495479e+01 8.596107310019634724e+02 7.786181686896756560e+01 1.046267191819994657e+01 4.064290813779318228e+02 9.635586017226739841e+01 2.045577041082549119e+00 1.183864373048258358e+03 1.763087565566491222e+01 7.553206484089528203e+02 1.813332279140063861e+02 1.291498194517925810e+02 2.428848270657287287e+02 9.229057918720704379e+01 5.914452170109385065e+00 1.340198281381515244e+03 3.747837450501559715e+02 0.000000000000000000e+00 2.154375294364611761e+02 1.661623700334642422e+02 2.251233964035367130e+00 4.413112212840402435e+02 4.957825179913810985e+02 5.135930609846891457e+02 6.529691567498886116e+02 0.000000000000000000e+00 8.508653771985802905e+02 0.000000000000000000e+00 4.351392511570758757e+02 3.114256352365402103e-01 7.664320209559823525e+02 1.407793527931213021e+03 1.886562474854546565e+02 4.273946907184998167e+02 2.306253332853686402e+02 3.047283697648153975e+02
8.753361170916952005e+02 6.031405630199839152e+02 9.707766486923289904e+02 4.072859200938082402e+00 3.677881378597344913e-03 6.138266931845492991e+02 3.126846876168444282e+02 1.024971200553385842e+02 3.735799389851657111e+02 1.191838313464774401e+01 1.191477273475675531e+02 4.119417285455506317e+02 3.351780184920508532e+01 2.921988408424129489e+02 9.153142819795158402e+01 8.236581361602215168e+01 0.000000000000000000e+00 2.718302511415475298e+00 4.573191179120298671e+02 3.050771249140458394e+02 5.402540194753714786e+02 4.269681016340948645e+02 3.393744851798454931e+01 6.878303822735002404e-01 1.251016287198875489e+03 5.665439596626364249e+01 3.700861505660168973e+02 1.247770614157432618e+02 7.103229666699407971e+02 0.000000000000000000e+00 2.003970115239114307e+02 8.969874714336327770e+00 2.973295165589090061e+02 2.216403349434813776e+02 0.000000000000000000e+00 5.072011287509834574e+02 4.411292751818149394e-01
1.446463887837114726e+02 2.392531527980210349e-01 3.124409663062174900e+02 9.757443182112011471e+01 3.588109919560324101e+02 4.302023045220829545e+02 2.205267857459743936e+02 1.259503743164501373e+02 9.042511890374942141e+02 7.834122975592693328e-01 1.862573665375092391e+00 5.467916439476574908e+01 3.573125738045177968e+02 6.533539322459530467e+02 5.416113992846835856e+01 3.577096858855954338e+02 6.087837528138517200e+02 0.000000000000000000e+00 2.341748732850785775e+00 2.568767562913831739e+02 1.516858806648551869e-02 3.667412821000071972e+02 1.037550605218896408e+03 8.174988799728980737e+00 7.168144199182155489e+02 5.396524649626081782e+01 1.581216049181513039e+00 0.000000000000000000e+00 8.419544886218840247e+02 6.073723908234403279e-02 1.701402184214862530e+02 3.592754886765766855e+02 1.560028675536329047e+03 4.541846209212635586e+02 3.426409056049602100e+02 2.039574646540799847e+02 0.000000000000000000e+00
9.604528754690174992e+02 1.140078462692515359e+03 8.181145234785126377e+02 7.790924163350580329e+02 0.000000000000000000e+00 5.917845303041362968e+02 2.490900531237092821e+02 1.244717738938831644e+03 1.046035892003348948e+02 2.891155398149093685e+02 6.329733939351559684e+02 3.398881450897007426e+02 1.410073048037440913e+03 1.086529387286449037e+03 2.176745785941513134e+01 1.567552919124967957e+03 4.643902739090165710e+01 2.839867573730610051e-01 1.117346441891127569e+02 6.259652085134478350e-01 5.548677839565084469e+02 5.258045852528685504e-01 1.289499979625844162e+03 6.302565920999859372e+02 1.222003241455831457e+01 8.117584753207640613e-02 1.515473556252298977e+03 0.000000000000000000e+00 4.844495565459568110e-08 8.515531925614219517e+02 1.097004237412366621e+02 1.875229622814078123e+00 4.052796456633257804e+01 3.849563744558246725e+01 3.333236288250551382e+01 9.359066783565532788e-01 3.150867690660223275e+02
