output/example_1/lateral_incision_000144.asc
nrows	75
cellsize	13.33333333
xllcorner	0
ncols	75
yllcorner	0
NODATA_value	-9999
[rows 17 to 33 of 75, columns 37 to 73 of 75]
9.991321102713416735e+01 8.370755612451050638e+02 8.423524180323734356e+01 7.110693545266908586e+02 8.568726451827101300e+02 1.284322003111649110e+03 3.340037109621894160e+02 1.691078024199191304e+03 2.743406395196354310e+02 5.736726777383851505e+00 2.832986813720062287e+02 1.147836579445330472e+03 5.441323878358509774e+02 1.596896931914715489e+00 7.197760332638440559e+02 2.742673475720529837e+02 1.009071203278492312e+01 1.028214466015369908e+02 3.838240333467532395e+01 1.799704615098422611e+00 1.881379998705466505e+02 2.782637267037978290e+02 1.467925205344627784e+03 1.244881093758453128e+00 7.729241296798586518e+02 5.931960348429951182e+02 1.643942155106149627e+01 5.739497709183975758e+02 8.773398176867632401e+02 8.372239249007656099e+02 1.756948145579591255e+03 1.048300130929213992e+03 6.127004583889107403e-01 6.716256084733107627e+02 5.025605007580604706e+02 1.237150078317899613e+02 2.493362510242216956e+02
6.081201899590028006e+02 2.557227629373005868e+02 3.259319441593819988e+02 2.004231144807276266e+00 9.170215694148454588e+01 1.050891850362440437e+03 1.010424423813935420e+02 1.139184677697475990e+03 4.604962074251056414e+00 4.986703399452115377e+02 2.495840180715287033e+02 9.081670820275215661e+00 0.000000000000000000e+00 4.557444590867945067e+02 5.135463342850160871e+02 1.953550996261075170e+02 8.791378634315190510e+00 2.792337110071214283e+02 8.133055922817047190e+01 0.000000000000000000e+00 6.713633844799660189e-01 1.225495088424336245e+02 7.132857374977552354e+02 1.454722669943938854e+03 0.000000000000000000e+00 3.603171894681022280e+01 6.670051759830207629e+02 1.185962551501324242e+03 7.679763673921019063e+01 1.508500989819094400e+02 1.128454170140702445e+03 1.275902363546229026e+03 1.102338297144602848e+03 2.222093829383525758e+02 1.013683836145660848e+03 9.678033823251392960e+02 7.472072341026320146e+02
3.940268123031218011e+02 1.372746382083223011e+02 1.396588769645413493e+02 6.378826102365195538e+01 9.555124858800818188e+00 2.103937741802678119e+00 1.276853684318633331e+00 1.204926006077810371e+03 2.720526065077161704e+01 1.332862204398019834e+01 1.274375431318531895e+02 1.569819922787932910e+03 7.957473906494328730e+02 9.894542439302181691e+00 1.256027468948700744e+03 6.858412004759730785e-01 4.291579107222577960e+01 8.384273014205662067e-02 4.171397031959526203e+02 1.001726402272317728e+03 4.458238299262326905e+02 2.092076723002940639e+02 1.881248595250681177e+01 0.000000000000000000e+00 1.049538336763923098e+03 5.628571436331083078e+01 7.678356291598989003e+01 3.333469210807485865e+02 4.838265516734256977e+00 6.048287187983927424e+02 8.712420026791255268e+00 3.081114572093830475e+02 7.955077806151464870e+00 1.020734796423528878e-01 3.610458122808142889e+01 8.637884610217927275e+02 0.000000000000000000e+00
1.439749999787423932e-05 7.594866953090277093e+02 5.062542418321680202e+02 2.986270431866248032e+02 2.430651776144373333e+00 3.879211812464799891e+01 1.984640694691539977e+02 1.456667559175591009e+02 4.265412680566506687e+00 5.158561584702995333e+02 5.154790961984568867e+02 4.892154034054448175e+01 8.693131268584106692e+02 1.180798224569017378e+02 0.000000000000000000e+00 1.255867846427799122e+03 4.877092919834263185e+00 2.721536654869871086e+02 1.392959632948666240e+02 9.055347551507846902e+02 0.000000000000000000e+00 2.577963511570115429e+02 7.003680008013328688e+02 9.166536562449718986e+02 0.000000000000000000e+00 1.540278598369369092e+03 1.623979166894912680e+02 1.223876969048398450e+03 5.530624361212093163e+02 9.164293902650323389e+02 6.885429333128105611e+01 1.506171495826398257e+02 7.858293182731672655e-01 1.573710910428412717e+02 1.076238727331631480e+03 1.148764817028270727e+03 0.000000000000000000e+00
0.000000000000000000e+00 1.255037538169419349e+03 1.684483828505469546e+03 1.302211749597089465e+03 8.408997964332138508e+01 5.621723245080888773e+02 4.890445338215546940e+02 4.082629279052480911e+02 4.692344253846030711e+01 1.291768380793145932e+00 4.863005543872013732e+02 4.145476539462523533e+02 1.304324387162606627e+03 2.294138842046388049e+02 4.827647081679991459e+00 7.154157416624695998e+02 9.670511977331859725e+02 0.000000000000000000e+00 4.806300070720094020e+00 1.856207450147927318e+02 7.382171789715111743e+01 9.523436928201688190e+00 2.947202825770261470e+01 6.939256745062859011e+01 1.012642635342647964e+03 5.718633152154686261e-01 0.000000000000000000e+00 1.119871546042585123e+03 3.860417445113106965e+02 7.883863326780727903e+02 1.059965276601445510e+02 1.911480527800869424e+02 1.252791164652674496e+02 3.922919589082996339e+01 1.158069248540523631e+03 2.024370960605138947e+01 5.149240985271405862e+02
3.517449178403145424e+02 9.836841083833380850e-01 9.111403099682249263e+01 1.455336737622138221e-01 2.193499401399046747e+02 0.000000000000000000e+00 1.315923282851875626e+02 2.779257257838374926e+02 1.324356973089963276e+03 1.221888200882743604e+03 1.514679724734541196e+03 4.029997154978280705e+00 2.161441164891869562e+02 1.304436096144534986e+03 5.223440645285338633e+02 1.539698979218953268e+00 1.170762982133565401e+03 3.582639656210346288e+02 7.046381140075891381e+02 2.094507638644199972e+02 0.000000000000000000e+00 1.532679990866833577e+03 1.041318502306015034e+03 3.272890009399574751e+00 1.475263048362633056e-01 1.441400796241669241e+03 0.000000000000000000e+00 5.121419631975955866e+01 5.190632471346019017e+00 9.568530265345951591e+01 9.240386639647017120e+00 6.795240787696131974e+02 1.238463003833614266e+03 5.143251246754872454e+02 2.050859883730768729e+02 5.398939608538854600e+02 1.285654287097054521e+03
1.892952341122722544e+02 4.581713867052293381e+02 4.643490950226730547e+02 1.441899741026945094e+03 3.064690997756746071e+01 1.094553440527614157e+03 5.482859747705159634e+02 5.573626066114484301e-01 8.308017242696840299e+01 3.435317670594016022e+02 5.772407323502021370e+01 9.197864819247724881e+02 1.333962536643552426e+02 2.852124701292719422e+01 1.699234861060078174e+03 1.377729097601256626e+03 1.147318847238900759e+02 4.356430848051062981e+02 8.304870992123148881e+02 1.881319986737348415e+01 2.665164457032273049e+02 1.485046726927133420e+02 2.080870105430246073e-02 1.161047457756982112e+03 1.459273510564875096e+02 1.006950153387074010e+03 7.799074028894534649e+02 2.835746678583154221e+02 5.949136889450637256e+01 1.057534196449566252e+03 1.015808162245466974e+03 0.000000000000000000e+00 4.566027580554273300e+02 2.278967484582734293e-01 1.435414525200968910e+03 4.418248403549553132e+02 1.939977144847754857e+02
1.669103058819913485e+02 1.670149587303725696e+02 1.367644510801821127e+02 1.028734754910313086e+03 7.577326781014593671e+00 2.134272799251141066e+02 6.809979380929080435e+02 0.000000000000000000e+00 8.356772183639155855e+02 1.056754437595735823e+02 1.758770466557459997e+02 4.792347578362691252e+02 6.026874372218010194e+02 5.228361181109155496e+02 4.885594891832266171e+02 5.217733944231539454e+02 1.292558870187672710e+03 8.743192223317521439e+00 2.663733168545607555e+02 1.120128378349909326e+03 6.896872841697539798e+02 1.059074750194124803e+01 2.144971021306479315e+02 1.401363403028553876e+03 0.000000000000000000e+00 5.612556389978316247e+02 9.742312181165749507e+01 2.608058851233799373e+02 3.218607708224533894e+02 6.590733702245566406e+01 1.311107455900085370e+03 0.000000000000000000e+00 0.000000000000000000e+00 4.872532975007927689e+02 1.495531461410113252e+02 3.625671881207475167e+02 4.855951919034686171e+02
1.792720938367940278e+02 6.326329607263438959e+01 1.413614583044570105e+00 0.000000000000000000e+00 3.055375823603464482e+02 2.963378875530658547e+02 6.783709613863027243e+02 1.537266499217399485e+02 8.534846020003612921e+02 5.049310667464192761e+02 1.851404165530623303e+01 6.707968810595061476e-03 3.083336655025897812e+02 8.838054693734103466e+02 1.021931243745276952e+01 1.045141763537953544e-01 0.000000000000000000e+00 8.552651798060146575e+02 3.633043738197809347e+00 1.482996509179489749e+03 7.578798642809153385e+00 9.577750879882752315e+02 3.482938467035640429e+02 0.000000000000000000e+00 1.728670287561479313e+02 0.000000000000000000e+00 2.894744588231844551e-01 0.000000000000000000e+00 0.000000000000000000e+00 3.322076912321951347e+00 2.051982602767954518e+02 1.023750714313834020e+00 1.939688969484791770e+01 7.585658494746071483e+02 3.810678323716371096e+02 1.634691006916538925e+01 6.646316084526673649e+02
5.068118866713657411e+00 2.059092943385413719e+02 1.855833558027070396e+01 1.055754947533317363e+03 1.591395955332798735e+02 0.000000000000000000e+00 7.453747474147162393e+02 3.872807055838047745e+02 1.486942263938518352e+02 2.473187876699595051e+02 1.054206597805429283e+03 8.640800366469085247e+01 5.409703613671127442e+01 7.831145657500954149e-02 9.217327091972507560e+02 4.254872390575031318e+02 2.005237076207320399e+02 6.536524168752904416e+02 1.752028668790512484e+03 0.000000000000000000e+00 1.385773607403960170e+02 1.370160325070472140e+02 0.000000000000000000e+00 8.250108762771602642e+02 4.194728627314245273e+02 1.420055665624565977e+00 6.415012735087657347e+01 1.236539159641687391e+01 1.520598958405082080e+01 5.790619144000570486e+02 6.267854465058757540e+01 6.589129411805112113e+02 1.005156392785368780e+03 4.785795366172070544e+02 1.265669775981835841e+02 3.657874956578235981e+01 5.392842533342268929e+00
0.000000000000000000e+00 9.420910548623201919e+01 5.433337265488288326e-01 2.433191643922351375e+02 1.230540527096569576e+03 2.637246981184346168e+02 7.604212984086677807e+02 7.508238665472598541e+02 8.604167224549156856e+01 3.936159992022068081e+02 0.000000000000000000e+00 1.129955669990711385e+03 1.579780622086505559e+02 1.012241503125862550e+03 8.419248472221160000e+02 2.934338793921981220e-08 8.656847559801344687e+02 1.121655769654577853e+03 3.542335158453976192e+02 1.131787727789611786e+00 1.714652039879528616e+02 1.250644681294802012e+03 1.407785290948322881e+03 9.682014152717456454e+02 8.317027221339627374e+01 3.618200240367310272e+01 1.551651984553475074e+02 4.247485015778524371e+02 1.334545897089024322e+02 6.310236989126759966e+01 5.231049605345577902e+02 0.000000000000000000e+00 3.285144791389078733e+01 3.523050564298443987e+02 8.810919857771450836e+01 2.966601499594576552e+01 5.533089369012429870e+02
4.239165663046218242e+02 0.000000000000000000e+00 2.677739835353632998e+02 3.880767210075441085e+02 3.481426392911735945e+01 2.819637539025456885e+00 1.427775630881480993e+03 1.076568758346506456e+03 2.769611530071094876e+02 4.134617263771824014e+01 6.322856464306406679e+02 5.683394528068299678e+02 3.141247448288980308e+02 1.087231042165634776e+01 3.401689948804541359e+02 6.558680375237556746e+02 2.294782072018582308e+00 1.689487704653372191e+01 1.523465464960074314e+03 5.810288021969048700e+00 1.199898867228341182e+01 3.243792992334482506e+02 9.846899836899226655e-01 4.969598482620749280e+01 3.639304424360834105e+02 1.245999115090292889e+03 3.386381806263257204e+02 3.541818421037011166e+00 8.082859026823178965e+02 5.537616346263410350e+01 0.000000000000000000e+00 4.258185343130459444e+01 2.098814458878555911e+02 9.193576375344299549e+02 1.164462325206438436e+03 2.951229307132497865e+02 5.514227588646117795e+01
1.120194534058882709e+02 1.118251236639298213e+03 1.094961617551410882e+02 1.096204465567288025e+03 1.585147789868013433e+03 1.599715828887849739e+03 9.298150427980484523e+00 1.407526654068247126e+03 1.614388798116668340e+03 1.038642722371386817e+01 8.071785848227864335e+02 3.670870839427978893e+01 9.646385793406543598e+02 5.869155931480923982e+02 1.435916670831997237e+02 0.000000000000000000e+00 4.233181852991704659e+02 1.024959352661712728e+03 1.024257012447073521e+03 8.727564215333636355e+00 4.261157240915964621e+02 1.386830620420315427e+03 1.492500301916241142e+03 5.257308344054107465e+02 0.000000000000000000e+00 1.014446641490818593e+03 5.244724774297239946e+02 1.181978837405775984e+01 1.774379484340941247e+02 1.231454021494245580e+03 6.102559835671953579e+02 1.244988886574559501e+02 2.376221653243977983e+02 3.667558266234627773e+00 1.233564834297741974e+01 3.511096694537927760e+02 2.269654621388897908e+02
8.400637071723129168e+01 3.920042515428103229e+02 0.000000000000000000e+00 2.583471407689227703e+02 5.408601993989961443e+00 0.000000000000000000e+00 2.141117073741527577e+01 1.265077862908126235e+03 2.704464184996644462e+02 4.997499443575165401e+01 2.678501527344698161e+02 3.166578923078868790e+00 6.614308938192750702e+02 1.991413787904470496e+02 7.793058573948020467e+02 4.229454087911885374e+00 0.000000000000000000e+00 3.033662504242639613e-01 8.594153895857078851e+02 2.389160529484824977e-02 2.461987289854627647e+02 5.473327390309178782e+02 0.000000000000000000e+00 6.033793947619145683e+02 7.016348577966017501e+02 6.023344347520599662e+00 3.372552465693943873e+02 5.566408137236117000e+02 1.205635246985046024e+03 9.111193074258403612e+02 9.300471459948623121e+00 1.074007472081919786e+03 1.271467357190420671e+03 5.875090044243797820e+02 5.873429420565331611e+02 4.217757746998308903e+02 2.091219065594454207e+02
8.789764210582314945e+02 2.215865087819437349e+02 4.938747365880161055e+01 9.240507354331039096e+02 0.000000000000000000e+00 6.148025106368343131e+02 1.709049387865338531e+03 1.081336405141557044e+00 1.469141333121663820e+03 0.000000000000000000e+00 7.886023944747282712e+02 2.147754679775788844e+01 2.371756492866301187e+02 3.116021235215289380e+02 2.619114192099318075e+02 3.443268771871620402e+02 6.790131326469762030e+00 8.985302374441545226e+02 5.284334773851087448e+02 1.651153281765006341e+03 6.266851881182017081e+00 7.532002190105174577e+02 3.047638874501005262e+02 5.392053285121236286e+02 0.000000000000000000e+00 0.000000000000000000e+00 5.898023737024244610e+02 1.296471836426524078e+03 2.756838345670332728e+02 8.903794244715938078e+01 1.021542729560246357e+03 1.522306914171542076e+03 5.822249651860344244e+01 2.008973759597452258e+01 2.639718516347604691e+02 1.154883571263689873e+03 1.631590163414718830e+01
6.958543632441364934e+02 0.000000000000000000e+00 7.553912886244938818e+02 2.376603449946978515e+02 5.804964408756634953e+01 1.209762594849042216e+03 8.118617598183706150e+02 6.111012777600919890e+02 0.000000000000000000e+00 1.723828016389460117e+03 1.269044873859485278e+03 1.697365039234162865e+01 1.002016154170596678e+03 9.871863624001510118e+01 1.230912005266500273e+03 8.690755223739101893e+02 4.502123881518755866e+01 4.335458618845353662e+00 6.118517349328704835e-01 5.306901134549365224e+02 1.533693015547598348e-01 0.000000000000000000e+00 5.381664105877034672e+02 0.000000000000000000e+00 8.743113099149327354e+02 0.000000000000000000e+00 2.170364133648646288e+01 3.144340004280069252e+02 1.874492631688708144e+01 9.759533119692180207e+02 1.119377553093574079e+03 3.192565878775005785e+02 5.065994593358350926e+02 3.203232741795742413e+02 1.948694662574524372e+01 6.380747103046624034e+02 8.637731008872531646e+00
6.749535842837584596e+02 1.866085560424801315e+01 5.275857356816121069e+01 4.405197513594008285e+01 9.535775520770513367e+02 8.488831233177859303e+02 5.997556770510166047e+01 0.000000000000000000e+00 1.007433816249851475e+03 2.272189809711568476e+00 2.901693010897954395e+00 3.791264971784327713e+02 5.586098335219511455e+02 9.207479193719846933e+01 7.804116443925504427e+02 9.838740687753412431e+02 4.734472438846761406e+02 3.634684353405434609e-02 4.223960568970493341e+02 4.677544200714376821e+00 1.348612292885407669e+03 6.223508854008812250e+02 8.632193968888553226e-02 3.084169336502802139e+02 1.545798218625438736e+01 7.078208546143844160e+02 0.000000000000000000e+00 0.000000000000000000e+00 1.747549106120894976e+03 3.556691476249175565e+01 1.734807147154549227e+02 1.182490934449475162e+03 9.476178547158399397e+02 5.427873067932953290e+02 8.535633212338157136e+02 1.566548908749972270e+03 3.520104197826736936e+01
