output/example_1/lateral_incision_000262.asc
nrows	75
cellsize	13.33333333
xllcorner	0
ncols	75
yllcorner	0
NODATA_value	-9999
[rows 17 to 33 of 75, columns 0 to 36 of 75]
0.000000000000000000e+00 1.319933530960196322e+03 4.456382450044829469e+00 1.430216529227544925e+03 1.148178928743892158e+01 4.972638632777714562e+00 1.325697106529709179e+00 2.374655962832694911e+01 2.042727866857480201e+00 0.000000000000000000e+00 4.722222916551522154e+00 1.528227206931559401e+01 3.218178269964881988e+00 2.605099048355386913e+02 0.000000000000000000e+00 1.806226013332526037e+01 6.568350727290362556e+02 5.649371378409732136e-01 4.713497882534275050e+02 1.178185079747971429e+02 7.041157410493509587e+02 2.860675677252426112e+02 5.261046460377743728e+01 9.300108778177741442e+01 8.713089384122339425e+02 2.067611420199573047e+02 5.022292574557158673e+02 2.160212080635153313e+02 1.329182314651205616e+03 2.403866732107228454e+00 1.720618910414781567e+03 1.730144156013549036e+03 8.641861836217372694e-01 7.407660693785434205e+02 1.027554282499362671e+03 7.047013968692441210e+01 5.531130464863722409e+02
0.000000000000000000e+00 0.000000000000000000e+00 1.376362949926475721e+03 8.323658796486352003e+02 7.332077800209783902e+01 1.392482784259490245e+03 1.374275824110416579e+03 1.544331156826393226e+03 3.392404531855393088e+02 4.330766066106724566e+01 1.073670534545535475e+03 6.286869202482855599e+02 3.003730957013925718e+02 8.921009027479005908e+02 2.849106421798819611e+01 0.000000000000000000e+00 2.025478291454964719e+01 6.115195387181690023e+01 1.192096427466771047e+01 5.800179004070175282e+00 6.363955006731085007e+01 1.064220175563030608e+02 1.357227533318622591e+03 8.960821311962536839e+00 1.387867158892446241e+03 3.510315643103076582e+02 6.258088533859626068e+02 2.154167628859298986e+02 5.695932390398018015e+02 5.987370558727797061e+02 7.794654280767082355e+02 1.587861800283125149e+02 1.090573855981474935e+03 3.273029452258453489e+02 1.165910712006698304e+03 4.493600158547812953e+02 7.218382292390643329e+01
0.000000000000000000e+00 4.521675058835069194e+02 1.033915453967340454e+03 7.467364419322171898e+02 0.000000000000000000e+00 7.331154217382908200e+02 1.141168522769017500e+03 1.164730761766399780e+02 1.247722979380704601e+03 5.730790630806287567e+01 1.452178003566989730e+02 1.014574763494290551e+03 4.146401018070118312e+02 6.181263169059523079e+02 1.291766432018242483e+01 6.304165410991314999e+00 1.355098238649089808e+03 7.762791629672938143e+02 5.357040130783339009e+02 1.307299725179289567e+02 2.107988383734588922e+02 1.900280496271738286e+02 2.587612523499643089e+02 1.579842296532650039e+02 2.370603927011226464e+00 3.733817239886528938e+01 1.220066240070603726e+03 0.000000000000000000e+00 1.277129741549491655e+03 3.439766749228778053e+02 3.097319154880939323e+02 7.875068570632983267e+00 1.082885527277192523e+03 1.337993939170098567e+00 4.759988969682045195e+02 1.284167016000133117e+03 1.199424534732145503e+03
0.000000000000000000e+00 7.258103000723579044e+02 2.731848631422438611e+00 5.246767822095429210e+02 7.109035116260616860e+01 1.102323969337284204e+01 9.862864493897186549e+02 9.455011780387596598e-01 5.063093536767281080e+02 1.000784671661490393e+03 1.101030872778923353e+01 1.679034757536355755e+02 3.017182878031666959e+00 8.866997157982872295e+02 8.376900083404079211e+00 1.565193579495698259e+03 1.851375419495734143e+00 1.122499677710921020e+02 7.800351912916282799e+02 6.988737844534407486e+02 5.214250003592691201e+02 9.293068159257080652e+02 4.314741924801845130e+01 6.693497533649701836e+02 5.372352639336479569e+02 4.025538954118633228e+02 1.108123190563818206e+01 2.022926164313169011e+02 2.260864615357808134e+02 5.152499922429673234e+02 7.186746540691926555e+01 5.639446643298610979e+02 0.000000000000000000e+00 9.301419642700106682e-03 3.548623834078581041e+01 1.564413032869335529e+00 9.649055880795884832e+02
0.000000000000000000e+00 3.551462696359764664e+02 9.111863754072375059e+02 9.216437513181675740e+02 5.621636355337716395e+02 3.279169525384775739e+02 1.060810281678177262e+03 5.881668165632363525e+02 7.054875169335749661e+02 1.689536670194252395e+02 3.296042817838627457e+02 4.227377059946347231e+02 8.495446749135044229e+02 7.360597093496963907e+02 3.055111653151950879e+00 3.421509175838803571e+02 1.318362014010963094e+03 1.358485531538238433e+02 6.660307671386124007e+00 5.350816374078209492e+02 4.733108219698992229e+02 8.730619086820323105e+01 5.381016007399546197e+02 5.595452583951065435e+02 6.470709356555064460e+02 0.000000000000000000e+00 5.785668705575510558e+02 8.322289961860892049e+01 3.415056876231147953e+01 4.201352861804874124e+02 9.184562369149368521e+01 1.427998540349229188e+03 8.111412355150855547e+02 4.024384397514938314e+02 3.234937029971509901e+02 1.600495655015808097e+03 0.000000000000000000e+00
0.000000000000000000e+00 0.000000000000000000e+00 2.211956081702284962e+02 6.383574944786543881e+01 1.244598902268434415e+01 1.853631351015869455e-01 1.590396803843756035e-01 1.463783576317879351e+02 8.476580475221613824e+02 9.960200566412288481e+01 8.934619286107857761e+01 1.298061753730922590e+02 2.919590518475058616e+02 2.447588555818022016e+01 0.000000000000000000e+00 1.593376982898631888e-01 5.925167328587414772e+01 0.000000000000000000e+00 4.588236403897885793e+02 2.688234660916997996e+02 2.827110363632025951e+02 3.433061502151284685e+02 7.215129275331511494e+00 1.237473436145630323e+01 1.510806991977221060e+03 8.577585271838124754e+02 4.126834817708944456e+02 0.000000000000000000e+00 4.578782131621427425e+02 3.561327562237408539e-01 1.957992606401628564e+02 9.512561920552727770e+02 4.588107189176764678e+02 5.416231214807486483e-01 1.191326147181940996e+03 2.009994384189927707e+00 8.820115106504869118e+02
0.000000000000000000e+00 1.182071393804998706e+03 3.458383230618944140e+02 1.436034384265232120e+03 4.611225753134818888e+02 8.342805443873183435e+01 4.161128122905880105e+02 1.458158896665957904e+01 8.126222540493083457e+00 2.675353614200815924e-05 2.557658473164789470e+01 4.013648472418898905e+01 5.466986519742519022e+02 7.052770375033317407e+01 9.534823116242406513e+02 1.870002376564547603e+03 9.581221722211539600e+02 0.000000000000000000e+00 0.000000000000000000e+00 1.203054260255054714e+03 0.000000000000000000e+00 7.327340382260389333e+02 1.397547114368080656e+03 1.737554941379609019e+01 7.802840563047608384e+02 1.232208189219983012e+02 1.848565585495322239e+02 1.272032651816745386e+02 4.831883878812821536e+02 3.632620786948681939e+02 2.682105188773636906e-01 5.506590779288910653e+02 1.095058876273552499e+02 1.015824687324854381e+02 3.098006905782196085e+01 6.644216049020567425e+02 1.883622542332814646e+03
0.000000000000000000e+00 5.971043797438519161e-07 0.000000000000000000e+00 7.881040796258234877e+02 8.001740298961165081e+02 5.939276113895497033e+00 7.050175925199682752e+02 3.280406439708989978e+02 6.091688244757982602e+02 3.933077209466830482e+02 3.189248478941922258e+02 9.230016012515642387e+02 1.420490416825766715e+02 8.782427593942474005e+02 9.795584578506746709e+01 1.474483260660550513e+03 3.689797111775615690e+02 1.579369018727894854e+03 1.315548772889784914e+03 1.326484727406426245e+01 1.088044403791780042e+03 1.717541142411110968e+03 5.259887782823595703e-01 1.448317321146330983e+02 6.280629102091307425e-01 1.182600379406728962e+03 5.199189939271026333e+02 5.631210789588342180e+01 5.863337598236996406e+00 5.835032653418988247e+01 0.000000000000000000e+00 2.652763902126665485e+01 1.466480128147862843e+02 2.720371636632960843e+01 3.726620790896267295e+02 8.219188056891554197e+02 7.579153829344527367e+02
0.000000000000000000e+00 7.944451061431446988e+02 0.000000000000000000e+00 8.682951236998039803e+02 2.503202819812927089e+02 1.932711977527691829e+02 7.735216050525804121e+02 2.781710279276796882e+02 0.000000000000000000e+00 4.333240500939230628e+02 9.871810062590698820e+00 4.526263510927040556e+02 2.061666902895591680e-01 1.470805479760873027e+02 3.801753869038140579e+02 3.690165765491163796e+01 8.410189768471042493e-01 6.410908739628790727e+02 2.470054843705438998e+03 1.215983061587934344e+03 2.029369384703243213e+02 0.000000000000000000e+00 3.431132626173790072e+02 1.626771025321725404e+02 3.444713432289567550e+02 1.104121713480227299e+03 6.395145849725956850e+02 5.341956286528651532e+01 0.000000000000000000e+00 1.799071999688804055e+02 1.207136174464896961e+01 2.443590268221279018e+02 7.070594256876102008e+02 0.000000000000000000e+00 4.131507325478928010e+02 4.748920816528555520e+02 7.164089937472281235e+02
0.000000000000000000e+00 6.459094538770912663e+01 1.369275706149309599e+03 6.874395304187555666e+02 4.554357267242535841e+02 1.086128932324986181e+03 7.672914783969873724e+02 6.434836084451958413e+02 7.651470174459302598e+02 1.229248088471904566e+03 1.121554426065221719e+02 8.564689683539131693e+02 0.000000000000000000e+00 5.229210213786540606e+01 5.088725349675718803e+02 1.829072054410761723e+02 5.558188414139409588e+02 1.275388807414579560e+03 8.919656280858461059e+02 3.492922725175881169e+02 4.053148243147484919e+01 1.178788832728228471e+02 1.505241948494154087e+02 0.000000000000000000e+00 3.941906353630387372e+01 3.891997433952567031e-01 3.449619264106131844e+00 5.465535017364100412e+01 6.988923794181536095e+02 1.961588130875328488e+02 3.118940891248728349e+02 1.706412138150208477e+02 6.565620114934362164e+02 4.620853077080797533e+01 3.061871105098094858e+02 1.755205819288414375e+02 1.052032753629364237e+01
0.000000000000000000e+00 0.000000000000000000e+00 1.154033564734702288e+01 1.832705386934501348e+02 2.003869290158920364e+02 1.570012120202003416e+02 2.141227900648584352e+02 1.634264627240640664e+02 2.827609250409402080e+02 4.099481962047250363e+02 9.960903873594142510e+01 2.561534907386431428e+02 3.920380350007317816e+02 5.041870977751357827e+02 9.398241276744143988e+02 4.293925377957310019e+01 8.570302001176266913e+02 7.749514859371475950e+02 5.422486791343693540e+02 9.510499235596787670e+00 1.050752996021319177e+03 9.986770123389977698e+02 1.656616453938942755e+02 2.261742567957266203e+02 5.332694459397604305e+02 4.665635028320602373e+02 7.831625633715025288e+02 3.799917338858960534e+02 4.719961579813783601e+02 2.519439030652504963e-01 8.864911959324068675e+02 2.186787764549143198e-01 3.066690444467872823e+01 5.186630082803782571e+00 6.353082793574122888e+02 4.765499009164953748e+01 6.442787364763191817e+02
0.000000000000000000e+00 1.091164027456627082e+03 6.336232480716538475e+02 2.784638820927401639e+02 5.783289686558714493e+02 1.762099021147134863e+03 1.072372356370970465e+03 1.230236762471069142e+03 7.076078532508581986e+01 1.461867991282816547e+03 8.669615939786807246e+01 5.724627023887544510e+02 5.764556640881702378e+02 3.228441225166216668e+02 9.374735081221443806e+02 8.130484879613311122e-01 1.537320669010917527e+03 1.015877509403498607e+03 1.704148901930660145e+02 1.467133905657013884e+03 7.168822289417652200e+02 2.892876130798589998e+02 6.083920634278448460e+02 2.193094070754816016e+02 5.131807817063582888e+02 4.912176892659928740e+02 1.201435621454491638e+03 3.067084253344363560e+02 1.201842612282940763e+03 1.422574103454691681e+02 1.269924249941834375e+02 7.371890354447270965e+01 4.885908210412410426e+02 2.611787539825273541e+01 1.450469831678959736e+02 0.000000000000000000e+00 3.173239682033484996e+02
0.000000000000000000e+00 6.046133934905404885e+02 6.144598350313270885e+02 4.065213430139676234e+02 1.256932690772035670e+02 6.469710185917492140e+01 2.990172621276287259e+02 7.341245348700304021e+02 2.954059036745472326e+02 1.214189512797914858e+02 2.342495137686247233e+02 1.559825864781664677e+02 2.295047259033743501e+02 9.019589474435639431e+02 9.728267678483073055e+00 4.182510736040620714e+01 2.198591945653948301e+02 3.762852761897839855e+02 3.760042561231986724e+02 7.888551003933206118e+01 2.672389289904118073e+02 2.690652297864270395e+02 1.033304383440375659e+03 1.213039614490621858e+02 2.124051640628541406e+02 0.000000000000000000e+00 8.067047751631770325e+02 7.292216986642035863e+02 2.992317105946378888e+02 6.203246318459551958e+02 6.547623883394791164e+02 3.298210033414776490e+02 6.843842216678983448e+01 3.947014937846575435e+02 1.459711083260537237e+02 2.094357324065551751e+01 1.250094829510216385e+02
0.000000000000000000e+00 1.419062761686286755e+01 7.574595538677610929e-01 0.000000000000000000e+00 1.835745979725770667e+02 0.000000000000000000e+00 7.804361043865227430e+02 3.139815343190419412e+02 1.798701843945098062e+02 5.329794155263165294e+02 8.729240144113848601e+02 1.153553777387288392e+03 9.147284010402224794e+02 2.460335368591215968e+02 6.107853420884331399e+02 1.324696813519451553e+02 0.000000000000000000e+00 1.428473634355099193e+03 1.274973819481720909e+02 2.276702714962922869e+02 6.450629395549715355e+02 1.788792512494253728e+01 2.617345262137519057e+02 2.531845164643963031e+01 3.123506373882037792e+02 7.169368727960966226e+02 3.975138503951162749e-01 2.594988606497272698e+01 1.751105498523241408e+02 9.738770569836680124e+02 6.567006766655217689e+02 3.306922038535643651e+02 0.000000000000000000e+00 0.000000000000000000e+00 7.067848913412793976e+00 1.757460009878686265e+02 1.867479483456429818e+02
0.000000000000000000e+00 1.736169048822825516e+03 7.102820803976522939e+02 5.331534128196180973e+02 7.692155600417693222e+02 8.880737862429762680e-03 5.287682988352586335e+02 6.214575119782375623e+01 2.194202532336759646e+02 4.872467261156489537e-01 9.334935516096021502e+02 4.828023764492479775e-02 7.123346466508232879e+02 3.985271180246013500e+01 2.002071680700611580e+02 6.729484812821326725e-04 1.236343672914472691e+01 6.629817282744705835e+02 4.550234312343823717e+02 3.470284409416780704e+02 2.268802533797119452e+02 6.401745824905262907e+02 8.184730329613709898e+01 4.132196320772189893e+02 3.880893444383460746e+02 1.128763818896499060e+02 7.683313227889954078e+00 3.723396814954505771e+02 7.186022824583168358e+02 3.938349315508556856e+02 4.761724122360417937e+02 4.307087028113257361e+02 1.597041268362468998e+02 1.179727471027927777e+03 7.380030308615259855e+02 7.933846168961163903e-01 8.403471398436278150e+02
0.000000000000000000e+00 4.509394036580224707e+01 3.118473871194078129e+02 6.016202822665663064e+01 2.166131475070123713e+01 7.184490167885307983e+02 4.566183237590717567e+02 7.886167048184903328e-01 2.256563948946603304e+01 2.852499062213454977e+02 4.828478496731939629e+01 1.003166266560684335e+03 1.237578000154886240e+03 4.090704117382639993e+01 1.280480446838902253e+01 5.952890435444121522e+02 1.056604579505650288e-01 7.249875899909393411e+02 8.699407188658933592e+02 6.186485919377965956e+02 1.031348710322834279e+02 3.311841392991833573e+02 5.264212619817727301e+01 1.246028640333225439e+03 5.060336626745800537e+00 7.594375867564646221e+00 1.643137463875233152e+03 2.319525250974499642e+01 7.409332087308005157e+02 1.272974975671857152e+02 1.210474919995682086e+01 1.352162952003432338e+03 5.783314234449613878e+01 4.407771511153241839e+00 2.805553931459846808e+02 1.284600166035539246e+02 8.776700662453549739e+01
0.000000000000000000e+00 1.215182799973816600e+03 1.639388797533755678e+03 7.653539036974113969e+02 9.469231824244239704e+01 7.780169655848775179e+00 2.317635568475936054e+02 0.000000000000000000e+00 7.774746730000258594e+02 3.074019912856700785e+02 3.604884442441730243e+02 3.738105327638815645e+00 0.000000000000000000e+00 5.468381705407892923e+00 7.046554461634670474e+01 3.977118876856410452e+02 1.013224611886715394e+02 1.422675451014517307e+02 1.102786770619022576e+02 2.498101316136527750e+00 4.683318505929355524e+02 6.367733877097064124e+02 5.978453904660140097e+02 0.000000000000000000e+00 5.367231379053623641e+02 5.160727282812985095e+02 6.214273979393315130e+02 1.210289036322156875e+02 1.291861800220884788e+02 6.126960900203136617e+01 7.181418148123550509e+02 4.042949172747427724e+02 1.227232645831701802e+03 9.134671305742888308e+02 0.000000000000000000e+00 1.524396076309937598e+03 1.419426829102350666e+03
