output/example_1/lateral_incision_000012.asc
nrows	75
cellsize	13.33333333
xllcorner	0
ncols	75
yllcorner	0
NODATA_value	-9999
[rows 34 to 50 of 75, columns 37 to 73 of 75]
2.833277863941222829e+00 2.840022551803151032e+02 2.261082424361529775e+01 7.169299673965371172e-06 0.000000000000000000e+00 0.000000000000000000e+00 4.142861262185138003e+02 2.631631214322902110e+02 6.045797525478292522e-01 3.881265603911278959e+02 8.512711201721987209e+02 1.135254427868980883e+03 0.000000000000000000e+00 5.290625910813563451e+02 1.111948176162105062e+00 7.218992710771736938e+02 1.004785148067926670e+01 1.899099187375193065e-01 8.976381418519708763e-03 0.000000000000000000e+00 1.747875254688067441e-05 0.000000000000000000e+00 0.000000000000000000e+00 1.016210569076248760e+02 2.178427022596439997e+02 1.097778789144053690e+03 0.000000000000000000e+00 3.148494886120329852e+02 2.958283191081827681e+02 7.709199951830798625e+01 1.193688152709640235e+03 1.034927782252419092e+03 3.584864312273016385e+00 7.471034208990270997e+01 3.140465413255193639e+01 1.654464759787504136e+01 1.012377019879636038e+02
0.000000000000000000e+00 1.178598301730091407e+03 5.672149718523173334e+01 1.013214531917443395e+01 0.000000000000000000e+00 6.865271245897260144e+01 1.187906440491539968e+02 0.000000000000000000e+00 3.097161880621627006e+02 4.338066166518269142e+02 0.000000000000000000e+00 2.484909759352987919e+02 5.531823132830205623e+02 1.484488665070470461e+03 1.833363435526770058e+00 2.713313275064843992e+02 1.774124235508235930e-03 0.000000000000000000e+00 1.087443098766446327e-02 3.274515103583662778e+01 1.228342018594414498e+02 9.949459293929294290e+00 4.641466664900683603e-01 9.626949181680482062e-05 4.393017864115218885e+00 9.286964194796962224e-02 3.531710924810066103e+02 1.989998928420818602e+00 2.749216839071805794e+02 2.495775021409019523e+00 9.965311419285134420e-01 4.529143614605222723e+01 8.151968938050920599e+01 3.535763584462323479e+02 1.788425191507126328e+02 1.374810451437686538e+02 6.282838248881259346e+01
2.892128088822098562e+02 1.562680940124115958e+00 1.110390724239675137e+03 2.978885997504366046e+01 5.175601518432158343e+01 7.860449552485506253e+00 0.000000000000000000e+00 1.239672431083918269e+02 4.036288783945827277e+02 2.908404880151851390e+00 4.857719982436311170e+02 1.260666125631113383e-05 8.130015638294976270e+02 8.675412902661693693e+01 0.000000000000000000e+00 1.118401158075647714e+02 1.647306617453158708e+02 6.646894636961646954e-07 7.250894318353628876e+01 3.531363007955454236e+02 0.000000000000000000e+00 3.599606960261921529e+01 0.000000000000000000e+00 0.000000000000000000e+00 0.000000000000000000e+00 8.950453419768378117e-06 3.248907150429308786e+02 1.905003390551174220e+02 1.614048553940570514e+02 9.628516013314660782e+00 2.023774676592327282e+01 1.665570263727542226e+02 8.535132887634983012e-01 6.701793597352994425e+01 6.316012063015705724e-01 5.177531380478284007e+01 1.440614242751614960e+01
1.526524406710523408e+03 3.178570037252169982e+02 9.453988266029332976e+01 0.000000000000000000e+00 8.459844668861542325e-06 2.108807252049007264e-01 0.000000000000000000e+00 0.000000000000000000e+00 1.996332864598043599e+00 1.019992936140286521e-01 7.444364144462292643e+02 1.201516110604007736e+03 1.274988401513749295e+03 1.390666431798674978e+02 0.000000000000000000e+00 0.000000000000000000e+00 8.766442500984578112e-02 6.012902307726197932e+02 1.074343320839241187e+03 4.072623975335824820e-02 3.582416551185977482e+02 4.174375097429240782e+02 6.442232700461879569e-01 2.210284616157606763e+01 6.484999429727031384e+01 9.125052815742769496e+00 8.122516719554171427e-01 5.730603804872012574e+01 9.155026422740197845e+00 4.229432596242903486e+01 0.000000000000000000e+00 1.361890051680171609e+02 2.638859892748458265e+02 8.293990257733844018e+00 2.242684767701291076e-02 5.565658066584762978e-05 1.303770512919635109e+02
1.959872337826690236e+00 9.726885274268538524e+02 8.425169565786820858e-01 7.883514270661771661e+02 1.435675189774462979e+03 2.017683438200140955e+00 0.000000000000000000e+00 8.028234508367264599e-01 1.091288166594183595e+00 3.337877030291377878e+02 8.209057571357489605e-03 2.318607421958318326e+01 8.745775584361544475e+01 7.600528295015130880e+02 0.000000000000000000e+00 0.000000000000000000e+00 1.487675573334197452e+03 1.987032805670112054e+02 3.295546920239697197e+00 3.774656714857773636e+02 6.287205149126682500e+02 0.000000000000000000e+00 7.321109252470370166e+01 2.528552062727548844e+02 5.420852697153298649e+00 6.038045418374092532e-02 4.231628470698444063e-03 3.294146382665175338e-04 2.036552768628244792e+01 9.751919100607862845e+01 5.943551610217688363e+01 0.000000000000000000e+00 2.306812886432994958e+02 2.990802196827029805e-04 3.163209012406823775e-04 1.090908420213829028e-01 3.743092760352283221e+01
6.404891867010880979e+00 1.465116243083848076e+03 8.768900964643765974e+02 0.000000000000000000e+00 8.316702155561169763e-01 7.585291774060466685e-05 1.927378819625684781e-09 8.494956132542366589e+00 2.020268637877194635e+02 0.000000000000000000e+00 9.425209444036056539e+02 1.485733745702166516e+03 7.268314905032780189e+02 2.125613836357207447e+02 1.552508167365062945e+03 3.228503812120442351e+00 8.248009020309709740e+02 0.000000000000000000e+00 9.265402062740716929e+02 0.000000000000000000e+00 1.831938169086503458e-07 7.838085639595409475e+02 4.036762203504658828e+02 0.000000000000000000e+00 2.169191022164786204e+02 2.489923372673513029e+02 9.334584527466112114e-01 6.666353157626831588e-03 1.217034724528263424e-04 1.144156713560717353e+00 2.661904328238928770e+02 2.056464323454148087e+02 3.878804863299221408e-05 2.699466270209567824e+02 4.320818047645799709e+01 8.659778035247926482e+02 6.216737066396399314e+01
8.899861784000717333e-05 1.179947862798916416e-04 0.000000000000000000e+00 7.905002058595590597e+02 8.656680090864506383e+02 4.383194098184959681e-05 0.000000000000000000e+00 7.433671307587304966e+01 0.000000000000000000e+00 1.899628822688506489e+02 8.722473465417431271e+02 4.167042662394055128e+02 1.254429221543087655e-02 3.074110882134586973e+02 4.089875326399902065e+02 1.729673231356086035e+03 2.161317109452598828e+01 1.009349152693171618e+03 6.052323343632941715e+02 2.720478813199201794e-04 1.070206432805372287e+03 4.554850485178499184e+02 1.630066327575504213e-04 3.335433132410849453e+02 5.625033855593034104e+02 0.000000000000000000e+00 1.233154459378837942e-01 1.239894648669569339e-02 2.635171171951767720e-05 1.452005045046261822e-01 0.000000000000000000e+00 5.275749979086255053e+02 2.642139494942329065e+02 2.710524553710922874e-05 3.513787340050889725e+02 6.023975647663334030e+02 0.000000000000000000e+00
0.000000000000000000e+00 0.000000000000000000e+00 3.666089220426888460e+02 0.000000000000000000e+00 3.204046327887720054e+02 4.849837598251886561e+02 9.418707512754390012e-05 0.000000000000000000e+00 7.819409187855332277e+01 6.450530483272896163e+02 3.172391291257708872e+02 1.660649316683949182e-03 3.884009024512028532e+02 4.332769447875251103e+02 8.403990814992521337e+02 0.000000000000000000e+00 5.146001669224049238e+02 1.608081232930915760e-01 5.159975660765875318e+02 1.909740641742150501e+03 6.142584031744053163e+02 2.487865718547937357e-05 5.834452680285415909e+02 7.957683484477637421e+02 0.000000000000000000e+00 5.230590085590376415e-01 4.147640291774938532e+02 9.137790423971851794e+01 3.875783987804558706e+01 9.671318222896009535e-06 4.287110901296836829e+01 5.292455697727973759e-05 7.326088247326333658e+02 3.507267159763999302e+02 2.594237870069695191e+02 3.284164365538291577e+02 4.974899364089353639e+02
4.408749659943205188e+02 6.670105821464035708e-06 0.000000000000000000e+00 3.253084842075017491e+02 0.000000000000000000e+00 1.267594907491000811e+02 3.482885555259163752e-04 9.357252837569462987e-08 2.541681572628676804e+02 2.222560483991959472e+02 6.237043793160130243e-05 3.150218088560102956e+02 8.001746668736748234e+02 2.087052678229068761e+02 6.528351065950186438e-01 4.748077325948636371e+02 9.698496301999709885e+02 5.217564050421610773e+02 1.746337261591308199e+00 1.461053211535066566e+03 2.179158140019629286e+02 7.310526369149687298e+02 1.070204512343182842e+03 0.000000000000000000e+00 6.553559273294931042e-01 7.812374275410370217e+01 4.753096249592056211e+02 8.435225124974289335e-01 1.639041686486428375e+02 1.295105067648997554e+01 0.000000000000000000e+00 1.468064233694819904e+02 1.092918600405898566e+01 5.050706984412614133e+02 3.120560572767352028e+02 1.204695453643972314e+03 2.113012047945739269e+00
1.249631010506584206e+00 1.260926781536645507e+02 0.000000000000000000e+00 4.570630584915884924e+02 7.906305619337301493e+01 3.758291556034832194e-04 0.000000000000000000e+00 0.000000000000000000e+00 7.134046439102301918e+01 0.000000000000000000e+00 2.274192928662454847e+02 5.979173271949292712e+02 2.949315188897643907e+02 6.882717867234839915e-01 5.085798696557722565e+01 1.017946390359309362e+03 1.318257236099723514e+03 1.327825486027776833e+03 1.000201412916188588e+03 9.818088816670480057e+00 8.476662566318594827e+02 8.524988411563609816e+02 1.089702741509566586e+01 1.571266607152167413e-02 0.000000000000000000e+00 4.352588709519725398e+02 0.000000000000000000e+00 4.608663396547340767e+02 5.199295427440445394e+01 2.353798666930978153e-03 3.388824993250104667e-01 3.125722042267244660e+01 2.932020947090118734e-01 1.143952913461548405e+03 1.177111513297118108e+03 0.000000000000000000e+00 5.877323349348657633e-01
5.644301965571822848e+02 1.718554922278622072e-06 0.000000000000000000e+00 0.000000000000000000e+00 3.285081787301692615e-04 4.410746492071818950e-04 5.996354721966395241e-05 4.530327713031360065e-05 0.000000000000000000e+00 9.689730696055040937e+01 3.732865638369789281e+02 2.248518211342820337e+02 0.000000000000000000e+00 3.008379329557647566e+02 1.262004167815822484e+03 1.216856794834259681e+00 2.913605034071489741e-01 2.216835298206070348e+01 1.541982298099708544e+02 4.809391494525758759e+00 2.907812940999745592e+02 2.898800235176267870e-07 0.000000000000000000e+00 1.655835814602816569e+01 1.904716221051866683e+02 0.000000000000000000e+00 5.205663571205461722e+02 0.000000000000000000e+00 9.488636810596614568e-01 0.000000000000000000e+00 3.665225108911930363e+01 1.595976196568058558e-01 2.691706452453771021e+02 2.413007821024126258e+02 1.325184016317891746e+02 1.380723185117062485e+03 1.847766889734698680e+03
0.000000000000000000e+00 3.876773878520949346e+00 1.090371743985243556e-04 2.644521799693922754e-05 6.797094248658618596e-05 0.000000000000000000e+00 0.000000000000000000e+00 7.003382850893172002e-05 5.225354252419457793e-05 4.460019476727074442e-07 1.093151413824649580e+02 7.622080753708437395e-06 2.167953433426099821e+02 3.888462266800758016e+02 2.983754438846666517e+02 7.548362285094610513e+01 6.791125413446981440e+01 1.259559151331237845e-02 1.870927733835096660e+02 2.373633238330706519e+01 8.957111174693512794e+02 3.043246937021652343e+02 8.000314516816622472e+02 5.645413487064654401e-01 1.095711160471132706e+00 0.000000000000000000e+00 4.468927060318964836e-05 0.000000000000000000e+00 1.493120486705425076e+00 3.567881424763952225e+01 6.404636746146069040e-05 2.468926389471893970e+02 9.823127522866277559e+02 1.543423274644458054e+00 1.222492872323377469e+03 0.000000000000000000e+00 1.101146726765686168e+02
5.565706984409793390e-02 1.013621577329526340e-03 1.271661616874857070e-03 7.916170907634824234e-06 8.359905899822655329e+01 1.917948967266397409e+00 6.890476720483106694e-05 0.000000000000000000e+00 0.000000000000000000e+00 8.521165845412873847e-07 3.736780170719471439e+00 1.516743816699466549e+02 2.926881337305593433e+02 2.170822467874224344e+02 4.561122551394840912e+02 1.666924050814614304e+02 1.239070864638336378e+00 9.783737565493463535e+02 2.367798389533305397e+02 1.231943296003672401e+02 2.513869981491974936e+00 8.651305593055079726e+02 2.050624187940555743e+01 2.329965525413252578e+02 1.013552168058848679e+03 1.028819991113460446e+03 2.510490209744879131e+00 0.000000000000000000e+00 5.409442690609995275e+00 1.336154015963655581e+02 1.742148908874986830e+02 1.524840054468818096e+02 6.694370935178093873e+01 5.684470542440843843e+01 6.099672497103346558e+01 1.183703115896383480e+02 0.000000000000000000e+00
0.000000000000000000e+00 0.000000000000000000e+00 0.000000000000000000e+00 3.148999079311579976e+02 4.847549491281308298e-02 1.784305796465668834e+02 1.743342046954589364e+02 3.409256833556563748e+01 1.410754226338155837e+00 2.063799671031448104e-05 1.076929862185873530e-08 5.476135228912342257e+01 9.035420342766600754e+01 3.631781744179547218e+02 3.558523756404373233e-03 6.051177168933946859e+02 3.484186302729243039e+02 9.292118423126664695e+00 0.000000000000000000e+00 1.682623495553812063e+03 1.382017127910176724e+00 1.817668924058555646e+01 1.473111585831595448e+03 9.936805974761567768e+02 0.000000000000000000e+00 0.000000000000000000e+00 0.000000000000000000e+00 3.977416847751713558e+00 1.412026060921977688e+00 1.770935630053778823e+03 2.291305305796932146e+02 1.874834138409768869e+00 1.642852797717210080e+02 1.098370276415920443e+03 5.798294347068153911e+02 9.513931961336925980e+00 0.000000000000000000e+00
4.413390404845749480e-03 2.835817457933569017e+02 1.670693880975336015e+03 1.013066850562535279e+02 1.422568899152728363e+02 6.510283081121450550e+02 0.000000000000000000e+00 1.147515684767472379e+02 2.125258439587384275e-04 3.888112405072187630e-06 0.000000000000000000e+00 3.419971752109326246e+01 2.623452717278897239e+02 0.000000000000000000e+00 1.815319660663567731e+02 4.861433470584594829e+02 6.232081466329610464e+00 0.000000000000000000e+00 0.000000000000000000e+00 6.952161080692045516e+02 0.000000000000000000e+00 1.283914638928691147e+03 1.943512952039472339e+03 2.453704070183590296e-04 0.000000000000000000e+00 0.000000000000000000e+00 0.000000000000000000e+00 0.000000000000000000e+00 3.681364618096412187e+02 9.048977063656847122e+02 5.166533054823072568e-01 1.165441606677319442e+03 1.628127982924048922e+02 1.422969781954567168e+02 4.848602569791561336e+02 7.066219917856934671e+02 3.240641588633986214e-01
1.333133411240645501e+02 2.705663231221662386e+02 7.083004614374033281e-01 0.000000000000000000e+00 1.509864710440791214e+03 0.000000000000000000e+00 7.320906259688373439e+02 4.019378387890412796e+01 6.272413057995437136e+00 2.189428417314257316e-02 4.228125338951724128e-06 0.000000000000000000e+00 0.000000000000000000e+00 1.039771190072156202e+02 3.286382094736583213e+02 4.298279615538010412e-01 1.190884740052296991e+02 1.805224063853620237e+03 1.419590838182778498e+03 1.003125590543879468e+02 1.407059226475563491e+03 5.050196078528632615e-01 1.781281014741966601e+03 5.250744138681007200e+01 5.765419285459152552e-04 4.186296998381992444e-07 2.466077533295765818e+02 1.071218491748012411e+03 4.000295348750904054e+02 7.306681796928879180e+01 5.308944115453131189e+02 3.232126743443673149e+02 5.888428428376639658e+02 4.431779743785898518e+02 2.411525841364539069e+00 3.242608201820031013e+02 3.947246611597119568e+02
1.530640262976241894e+00 0.000000000000000000e+00 5.182888634375452739e+02 1.672470025445111048e+02 1.106883727092505265e-01 1.180630767376950871e+03 2.516616343495556735e-05 5.069473465449662513e+02 4.322670933132325217e+02 5.266529998862367099e-08 2.254259912356632034e-02 2.799278054830737703e-02 3.939423819702041385e+01 1.488054497325474017e+02 1.013470947898550828e-01 6.988572370840599035e+01 1.935999392335144194e+03 1.115952573661033739e+03 0.000000000000000000e+00 4.334151963538435552e+02 9.273580563202510803e+02 4.060116062421862466e+02 1.189423238550737644e-01 2.044755678054324427e-04 5.683964855429729113e+01 6.193321228164663808e+02 1.247322021606033331e+03 6.424667442988097719e+02 1.019995280130118260e+02 7.075216599280881837e+02 5.115514621732100409e+02 7.339285102378779145e-03 2.133808184271559771e-01 7.029178852172678944e+02 2.530284319009621470e+02 1.103133150871859147e+00 9.585980683845454564e+01
