output/example_1/lateral_incision_000219.asc
nrows	75
cellsize	13.33333333
xllcorner	0
ncols	75
yllcorner	0
NODATA_value	-9999
[rows 51 to 67 of 75, columns 37 to 73 of 75]
1.164530772773910940e+03 8.391666868747186925e+01 1.563394811365437590e+03 2.548485975531766599e+02 7.046383421554766047e-01 6.878490844515290519e+02 2.992530975936883237e+02 0.000000000000000000e+00 1.263056185074505455e+00 0.000000000000000000e+00 1.682810447208501898e+02 9.506855763771762895e+02 1.496045390544502425e+02 1.484973277880553724e+03 1.237345325849060828e+03 5.656257381811657297e+02 1.243963419843703605e+03 7.872012100189099471e+00 3.646645934758291130e+00 0.000000000000000000e+00 5.625191180870116341e+02 0.000000000000000000e+00 9.922539511132759393e-02 7.312578225387120483e+02 1.207687463675242725e+02 6.842162323449421137e+02 4.973026818362498602e+02 7.488116206191733681e+02 2.918181569636956283e+02 0.000000000000000000e+00 4.083730810201323607e+02 1.566025361464387061e+03 3.748024458154290084e+00 9.827469215297152232e+02 1.461168637873723810e+03 0.000000000000000000e+00 1.245436797731694689e+01
0.000000000000000000e+00 0.000000000000000000e+00 0.000000000000000000e+00 8.826619354909189807e-01 7.572499724984187424e+02 0.000000000000000000e+00 1.153968003031533271e+03 1.135680814956466520e+02 2.246480824914190748e+02 1.597570102355173188e-02 1.568192803524742430e+03 0.000000000000000000e+00 6.440473857037712833e+02 1.984071804463059152e+01 1.307576898628032946e+00 6.641600507818862242e-01 9.650115577936676514e-01 1.049730271553237571e+03 1.025081500013811137e+03 8.101519230106632676e+02 1.635414663408205627e-01 0.000000000000000000e+00 3.612170667776576920e+02 7.854935687326377547e+02 5.884610530184496611e+02 1.083062261810804330e+02 2.335134281892954107e+02 1.736277908123336378e+00 6.671374989882810951e+02 1.204266408504880133e+02 1.177012389849604006e+03 0.000000000000000000e+00 0.000000000000000000e+00 0.000000000000000000e+00 1.485949489673571406e+03 1.410254120743782778e+03 0.000000000000000000e+00
6.207289791789028754e+01 0.000000000000000000e+00 0.000000000000000000e+00 4.130935683549545274e+02 1.195035730697114559e+03 1.328520120644777990e+03 1.089123084836185695e+00 0.000000000000000000e+00 0.000000000000000000e+00 4.036079734267481740e+02 8.765938746237238177e-02 0.000000000000000000e+00 0.000000000000000000e+00 1.039422307260836305e+03 7.414548405518607979e+02 2.373797445467708656e+02 7.511560071293445162e+02 1.274581894211783322e+02 1.500747977589660387e+01 7.051708612016474262e+02 1.276638297723975484e+03 6.895102668000120048e+02 1.663525514134860828e+01 1.322341225784760809e+03 6.626039573862642555e+02 5.267189317352234639e+02 2.501495991317685963e+01 5.651432201515549423e+02 9.566533112595052444e+02 1.203284271361886653e+02 1.308891190846960853e+03 8.484046624609207754e+01 5.356369819642195580e+02 3.211723617818234544e+01 2.378137797840387293e+02 6.432544639403100746e+02 6.487061123264876414e+02
1.432546528428174042e+03 2.226695196829709289e+01 1.452296355798805280e+03 1.016826484975657650e+03 2.948702005778130228e+02 1.332523076833719813e+02 8.577572536150707947e+02 0.000000000000000000e+00 2.470523343869415100e+02 0.000000000000000000e+00 1.463237303628895688e+03 3.670535947182464724e+02 1.290500967345564334e+02 1.433173846235325072e+03 5.244609883795634460e+02 1.817325541815373591e-01 2.795831964269377679e+01 2.533144433618050306e-01 4.170649672360002569e+02 5.100505868426750133e+00 2.138113077111152052e+02 1.299219080971410278e+02 2.923155311267958041e+02 2.388604269031785243e+00 4.785730893979534244e+02 6.272728138452549729e+02 1.452749506157761061e+02 1.267516561659572858e+02 1.283105635451484204e+03 1.952799788553633320e+01 5.541655732837885040e+01 1.687349060373329337e+02 4.579569533461032620e+02 5.628085846818039499e+02 1.673301105024580693e+02 2.810987007298230651e+02 1.001569785781256428e+03
3.092137557523384999e+02 1.631059362633877186e+01 5.002854660185557236e+02 5.599956486629108667e+02 6.820259668716639680e+02 4.065779312761746311e+00 1.037339769267478617e+00 1.175299646813277150e+03 1.398645881595804667e+03 5.940877126976583895e+02 3.850857744786034118e+02 9.459057696255827352e+01 1.058058960325283664e+02 5.524955971199677833e+02 2.529200645747983458e+02 1.281055812059231300e+02 4.075215833921563444e+02 6.696598671150394466e+02 5.012554149672977521e-01 1.167771671030191328e+03 0.000000000000000000e+00 4.375932618150042686e+02 4.283548520287532142e+02 3.475554562140453640e+02 1.240915444461125228e+00 1.380782222024450220e+03 1.015167674416168893e+03 5.862673373179628555e+01 2.968392727634456207e+01 1.108653927814259248e+02 2.108486784863088133e+02 1.189642445053819756e+03 7.310175253798839776e+02 2.225823285138889673e+01 2.082528136363249303e+02 5.219488085100072539e+01 5.343605485807564719e+02
1.772182619906330387e+02 2.055571004115172296e-01 5.937223071596787349e+02 1.259030160081323402e+03 0.000000000000000000e+00 5.860986236336614184e+02 7.342677417840452847e+01 3.181934088179243503e+00 3.968960351582866224e+02 3.217893334059341193e+00 2.208509518732957986e+02 2.207849938597762502e+02 5.045929467179586254e+02 1.315841222539148987e+02 0.000000000000000000e+00 1.674375384849219017e+01 5.654454692066136801e+01 6.329977612089970762e+02 2.131528213744334987e+00 2.063108880730403598e+02 5.750417619459981324e+02 6.352018998171835165e+02 0.000000000000000000e+00 8.246480612910618220e+02 0.000000000000000000e+00 7.516329591284440426e+01 3.178639792250764068e-02 1.578670105809291954e+03 4.898062909875266655e+02 2.933214765329245779e+02 0.000000000000000000e+00 2.065889087589697937e+01 7.293570693217791359e+02 5.307165204138034653e+01 0.000000000000000000e+00 8.335876140884993220e+02 1.192033410255237840e+02
7.142881184804604118e+02 2.083888857136848571e+01 1.140091398708792170e+01 1.285727567865597621e+03 0.000000000000000000e+00 1.722717982895271689e+02 0.000000000000000000e+00 1.087018154953736257e+03 3.626195490980211389e+01 3.447562363181539240e+02 1.317057950575948553e+03 1.329551288741277482e+01 1.118880113651488955e+03 0.000000000000000000e+00 1.929017868276046102e+02 1.060105700636795063e+03 3.039591712781115120e+02 0.000000000000000000e+00 5.237896085057031996e+02 1.781886251509108288e-01 9.874996535301887661e+02 5.062176187421354712e+02 0.000000000000000000e+00 8.200447186219381592e+02 1.275587323164709005e+03 1.434808057550981886e+01 2.196973151811949165e+01 2.809516508187148247e+02 1.171530937458886683e+03 9.858245776138917336e+02 6.932374285334739170e+02 7.070972321280944470e+02 5.694778648283198663e+02 3.386628780259171378e+01 5.958602077478435604e+02 1.051969276317486468e+01 2.001316044414525948e+02
1.825274603921350103e+00 1.122130409872878090e+03 3.139103928280445821e+00 5.364323934591541274e+02 5.698873838122565871e+01 4.317962725443793488e+02 1.785031329005753093e+02 4.454781691929180170e+02 5.182760190542225587e+01 4.609549541918910904e+02 3.419031477287327334e+02 1.679580041537260797e+02 9.097442311922603153e+01 4.409197738034748681e+02 8.518556063088119572e+02 2.233024595808122115e+02 3.365428930315932234e+02 7.804481643817983922e+02 5.790113805603011032e-01 1.007115645568004084e+03 1.349927742477023457e+03 1.539103514936958618e+03 7.330291526439697236e+02 8.883782030124295348e-01 3.436220379297864724e+01 1.088619706686252631e+00 1.709760272657548485e+00 6.272764606472164814e+02 6.770816202734944227e+02 4.496416751538084213e+02 8.592538928093405275e+02 5.679613395632535457e+02 8.726514406779501769e+02 2.733923429303593000e-01 0.000000000000000000e+00 1.007882376030284490e+03 1.017805260897577169e+00
8.030043814062192951e+02 1.718092937220982321e+03 3.658337635355580986e+00 1.235055474322732834e+03 0.000000000000000000e+00 1.034087596972847745e-01 0.000000000000000000e+00 0.000000000000000000e+00 1.172495778824840045e+02 3.584542757460887685e+01 1.055047012234129625e+03 5.504131686013369062e+02 5.795952605071245500e+01 1.005084474689221111e+03 5.446640642943770416e+01 9.701905679037024299e+01 7.681833369314232414e+02 1.555603541708437945e+02 2.679013029953166702e-01 9.787686796591689244e+02 1.012689011504992777e+03 6.316648218166920969e+02 1.180125178080039028e+00 1.238004277055087414e+03 4.217783703108711961e+02 4.916527327388223512e+02 8.125150949102951472e+02 9.350228109137039834e-01 1.281961638156458605e+02 2.793279621833025317e+02 3.311961735628140335e+00 0.000000000000000000e+00 9.132447495255222520e+02 1.766763898598550213e+02 1.551756949571930363e+03 7.211586504310772625e+02 7.009309126332270434e-01
1.216026219765336009e+03 4.074910722068933211e+01 7.862471101605154900e+02 1.990312998619405915e+00 1.508035839959027044e+03 1.543132810429179472e+03 1.102270041185265200e+03 3.137207833634619192e+02 2.727637552940755086e+02 1.563484278529766591e+01 4.627482812233932918e+01 1.393328427752503558e+03 0.000000000000000000e+00 7.009079974737582006e+02 4.748041872586932186e+02 7.064640472654109260e+01 3.999135138515792391e+02 0.000000000000000000e+00 7.184753063570283871e+01 4.757464681950787053e+02 2.040466158858655454e+00 1.408886130281742055e+02 7.278100841269244938e+02 1.033116679049418053e+03 1.237868926419772833e+03 3.078340599125260757e-02 1.785372877075522524e+02 1.645706164768501267e+01 1.472451905110604685e+03 1.555258384904378545e+03 7.838215039217291178e+02 3.100673488789137622e+01 5.293625193534959408e+02 5.393090380426963293e+02 9.113483968463228848e+02 4.425125917516520531e+02 9.714169214865135515e+00
4.847887596375563248e+02 0.000000000000000000e+00 6.879365797222714036e+02 1.044609732512836672e+03 2.753353019177124383e-01 7.736211742688005870e+02 1.143046819648340716e+03 3.963740767616111782e+01 7.536302225435194941e+02 4.391612361729334557e-01 7.730070699810338510e+02 2.765196605924401183e+02 5.804782852384256557e+02 0.000000000000000000e+00 7.531370853557110649e+02 4.463774711268767987e+02 1.066229376504648371e+03 7.796944349464563402e+02 2.995306943376541540e+02 5.870032848855014151e+01 7.118308249476080540e+00 0.000000000000000000e+00 3.623118448300057821e+02 1.180661075651124065e+03 7.591503793335852013e-02 1.045532847714862555e+03 3.860582673634271487e+02 1.464177594521164565e+02 7.517932173460513923e+01 5.840151253503460111e+02 0.000000000000000000e+00 0.000000000000000000e+00 1.383320021188201565e+02 1.745977372498500415e+02 5.709647835833578711e+02 8.867871868353034870e+01 1.006030870363863187e+03
0.000000000000000000e+00 2.114358356563579093e+02 1.513477595388185819e+03 1.817993603692335228e+03 8.626784369964146890e+02 0.000000000000000000e+00 1.729877614440804621e+02 1.140092394380460291e+03 8.764523456782414712e+01 1.054266233302680149e+02 5.437299619611007984e+02 2.765378704696594809e+02 4.960900237451419947e+00 8.015411761075063168e+02 1.014313377931861282e+03 7.374765119843760708e+00 2.830951609044620341e+02 6.738094595661523556e+01 6.086915291862168287e-01 1.140010355199915011e+03 3.766128594951339181e+01 1.492296682909216088e+03 0.000000000000000000e+00 2.465572833723601889e+02 4.711795831027781674e+02 4.871091974445467940e+02 2.158090907862704739e+02 1.378503035834060881e+02 5.865963671289566719e+02 3.840450288093040232e-01 6.747464578462352165e+02 1.993875174571624598e+02 1.299865352403884799e+03 3.872386410502365379e+02 2.107029606949254514e+02 3.121779406806390398e+02 5.866478436474239970e+02
0.000000000000000000e+00 6.889691310476021613e+01 4.956375475944838627e+02 7.138915945831028012e+02 1.201640581164475350e+02 0.000000000000000000e+00 7.250227528799141510e+02 5.189285839374377929e+02 2.948578013590514441e-02 8.213208618904076275e+01 4.481786925768759033e+01 0.000000000000000000e+00 9.778013239696138115e+00 5.765425807318923717e+02 7.194989080859858177e+02 7.549245954361847453e+02 3.306192982202703661e+02 5.523115333496431276e+02 1.147536022569375591e+00 1.050508192157884878e+03 1.216690783196944103e+01 1.222305462255573502e+03 2.192801949111392901e+02 6.447646897583015857e+01 0.000000000000000000e+00 0.000000000000000000e+00 8.673654189773359349e+02 1.355867920053925218e+03 1.387357697317897191e+03 2.421118708815281195e+01 1.223878329115072574e+03 5.347204157853755078e+02 1.641179071381641734e+03 1.231205995324632738e+02 6.555144389735678487e+02 8.933297249899856851e+00 4.608738276792619217e+02
2.130714063285901716e+02 7.028792858832440515e+02 1.569566211798076427e+00 4.908042889299490525e+02 3.268457294057945433e+02 6.894052770844382394e+02 2.089705804241781886e-02 2.948060484404448403e+02 8.666694518096174988e+02 2.853691151248403344e+02 1.512548113386699242e+03 6.652325706667386385e+02 1.384447747546130131e+03 7.990489645705628163e+02 5.004898749372027851e+02 1.485434922575125825e+02 5.769452488018210943e+02 8.990183896134436736e+01 8.148233079706316175e+02 6.424877216784329903e+02 3.942791888006819789e+01 2.234229550975258576e+02 4.511689127085383575e+02 5.487066920321236552e+01 2.816039235303051100e+02 2.052969600708781286e+02 7.290956935819447153e+02 1.882458375520556899e+02 0.000000000000000000e+00 6.855150632609067998e+02 0.000000000000000000e+00 3.348719220475802558e+02 7.967953513858750947e-01 1.586742382408176354e+03 0.000000000000000000e+00 1.259617462949231168e+02 1.606752564077521228e+01
1.908120841570550752e+01 5.068060353005002128e+01 1.599686283486246907e+02 3.447978929516406765e+02 8.264567195757500713e+02 2.041594349481856625e+02 0.000000000000000000e+00 0.000000000000000000e+00 1.118613658146423404e+02 3.623355401808970555e+02 2.276133528747971297e+02 1.697229484880298514e+03 1.189563750607531802e+03 1.819428349473084339e+01 1.866328509266028277e+02 1.838227170934067374e+02 0.000000000000000000e+00 1.940488869422557059e+02 2.272756989131926864e-01 5.341472803216737475e+02 3.981096417464521409e+01 1.083827326428449851e+03 5.306223038390994589e+02 2.343213105988974831e+01 4.116951846838722986e+02 2.613395084391638648e+02 7.903098941388509502e+01 4.127564122093994925e+00 8.276131973437961733e+02 1.613597584538910723e+03 0.000000000000000000e+00 0.000000000000000000e+00 1.455837996285966028e+03 3.213505687115000597e+01 6.830582007938431843e+02 9.832044211249876753e+02 5.760643878305667442e+01
4.274561739316273812e-01 3.872146287519638008e+01 1.545437942288710360e+02 9.241580503829883355e+02 5.183938827567988028e+02 2.488025460609850192e+00 1.436490392330639452e+02 1.721663197108707664e+03 2.188877707233830294e-01 1.923827276742813730e+00 1.109866305415039960e+03 1.263582441991228507e+03 7.247581977832122391e+01 1.428274226506580135e+03 8.505873324121535006e+02 6.679121311308845179e+02 1.344786302270920109e+00 1.367659611472427983e+01 0.000000000000000000e+00 7.809803750301391574e+02 6.976483517146042459e+02 4.074464502973413005e+01 0.000000000000000000e+00 3.849839241697832222e+02 9.845004514703529139e+02 2.875760035469127374e+01 1.294576916411748790e+01 1.017092192767463189e+03 1.607151245237141893e+03 1.277058984589876474e+02 6.416935618749184869e+02 1.786775994102456133e+00 4.812052057423306906e+01 6.121804725448208728e+02 7.244401294135018361e+02 8.996724983286583210e+01 3.402814460155265692e+02
1.895220657530163919e+02 0.000000000000000000e+00 1.028615067538134781e+03 6.746740176338630590e+02 6.343811655923034643e+00 4.503224862706492786e+02 3.671639776148961687e+02 0.000000000000000000e+00 1.634796964761191475e+03 8.822850771820640148e+02 2.432106707579493765e+00 2.404655611320309916e+00 6.970274232620317889e+02 2.928609759424604704e+02 2.039109668692233868e+02 5.501222321143624328e+01 2.514798804143637199e+02 2.785770717612123235e+02 6.321091566336962160e+02 1.942722980044088672e+02 4.381416522078109779e+02 4.879891862072922208e+02 4.922329631565582453e+00 0.000000000000000000e+00 1.539117926251621839e+03 7.153624166179439499e+02 0.000000000000000000e+00 8.270751079593742361e+02 0.000000000000000000e+00 1.057312705958218658e+03 6.122704327446016350e+02 8.794193096712346502e+00 1.108471837496772196e+03 9.228553591243930896e+02 2.860133747860940616e+02 1.011909444621568014e+03 5.694837388912101233e+02
