output/example_1/lateral_incision_000493.asc
nrows	75
cellsize	13.33333333
xllcorner	0
ncols	75
yllcorner	0
NODATA_value	-9999
[rows 0 to 16 of 75, columns 0 to 36 of 75]
0.000000000000000000e+00 3.111560667785954148e-09 0.000000000000000000e+00 7.593259462781106777e+02 0.000000000000000000e+00 6.938671446162800294e+02 3.322898466254517871e+02 1.334620413499106235e+03 4.073628599788000884e+02 5.961565685188394070e+01 5.062690216439984425e+01 1.908731984851879560e+01 3.514105762963559414e+02 7.628841068651413480e+02 3.757497399238296225e+02 1.600331517760587587e+02 5.412460465191597483e-06 0.000000000000000000e+00 1.430772275955948469e+00 4.457327673779949428e-01 1.369037624423728450e-01 8.214038731092654518e-05 2.132444891575236974e-04 1.614394187922306756e+01 3.277852217537050450e+01 3.683079742832933903e+02 4.872394394856004141e+01 3.778789329571462519e-01 8.592563712945595588e-06 1.072833790534963305e-01 1.062124016246730662e+03 8.674842464155866537e+02 9.240312403002536712e+02 0.000000000000000000e+00 0.000000000000000000e+00 0.000000000000000000e+00 1.735495984371692302e+01
0.000000000000000000e+00 4.968741270872458813e+02 2.555186949314572473e+02 1.161611804565905913e+03 3.541250584271079447e+02 1.928566076335825608e-01 1.024122812420439033e+02 0.000000000000000000e+00 6.612289315337223172e+01 5.593920308623949040e+02 6.764297573139155695e+00 4.251452809142685396e+02 1.859681924605758354e+02 1.193537163614999145e+03 1.145364920280567048e+03 1.259016599537355432e+03 3.370132842758679317e+02 1.779359462108671508e+01 4.778060027682983559e+02 1.595832079549811544e+00 7.185125002582071829e+01 0.000000000000000000e+00 6.306793887555367739e+00 4.046274533121911645e+02 4.502574862921687213e+02 7.667182716869201613e+02 9.009730007249305572e+01 5.540854903445388118e+02 4.266099728048768043e+02 3.092736700459576937e+00 6.010422782699507707e+02 2.397154746407007906e+02 4.860686227624618709e+02 1.220337343097958751e+02 5.044055294350693538e-03 4.953269723825541178e+02 4.242600120298839670e+02
0.000000000000000000e+00 0.000000000000000000e+00 0.000000000000000000e+00 8.800214552789747131e+02 5.142895792246201836e+02 7.338699987497959683e+02 4.659540237036489430e+02 2.046371847368081944e+02 3.544047977161505969e+02 0.000000000000000000e+00 7.317776482393671813e+02 1.032053032806850297e+03 1.598795565344437080e+02 1.582330663376505413e+02 1.771905018399087908e+02 3.611535663997400434e+02 3.710480548309355981e+02 3.727677036244053284e+02 3.829645004939479236e+02 3.561356527572013420e+02 1.863555641022826448e+00 6.115407395138421407e+02 9.978380608907219766e+02 9.644180970526851979e+02 1.412124661198250806e+03 0.000000000000000000e+00 3.014052677689704751e+02 1.523037926628401806e+02 9.129167000843095821e+02 2.382059133437487617e+02 1.183800811288345614e+02 3.742012840302932091e+02 1.421270407284114299e+03 8.433157241666904724e+01 8.556414111297175396e+02 1.462914106946282573e+03 7.922355208258168204e+02
0.000000000000000000e+00 1.613621650396439463e+03 1.511683340655307575e+03 3.746543434313841203e+02 8.830611905646260311e+02 1.457189397683852803e+03 3.099459920724185302e+00 1.374083975361879084e+03 5.301445250621948162e+02 2.167722591095607640e+02 1.709997525444519169e+03 0.000000000000000000e+00 1.378755835505500499e+03 2.859412607066428791e+02 1.537097351089043968e+03 2.528539384613139873e+02 0.000000000000000000e+00 1.711454574980576027e+01 1.581335897972790860e+01 1.387352933681338811e+02 1.308844885261260060e+02 3.308875908108086037e+02 9.851297111955294667e+02 4.836485704509408947e+02 3.107195931639677724e+02 1.688333265754874901e+02 5.849785893212936116e+02 1.175845756147782367e+03 1.966570729940414139e+02 1.020887303491613807e+03 9.789376402110337949e+01 1.893121012013515880e+01 1.353514835549658528e+03 4.429600618855810978e+01 8.743590648461538422e+02 6.364521081904765651e+02 1.199838395423893900e+01
0.000000000000000000e+00 0.000000000000000000e+00 1.579366904720440168e+01 8.885250869550509378e+01 1.372198852478356343e+02 0.000000000000000000e+00 8.844672242746239021e+01 1.742658447096785608e+02 1.028190553335638953e+02 3.688598848708891609e+01 9.241297739793475330e+01 4.581060247672265291e+02 7.483634658204030075e+02 4.882785835967516919e-01 1.376792743822608713e+02 8.782144033578050539e+02 1.735193880089536123e+00 3.903129351362429844e+01 6.624712308540449612e+02 6.105455050196288980e-01 5.148874082929758060e+02 1.725365883967793025e+03 4.382130952006668134e-01 5.916602506625537217e+02 1.080666718843812760e+03 2.590297254845516051e+01 1.044101987127648499e+03 0.000000000000000000e+00 5.461519025427283935e+01 2.468475278937293069e+02 5.190740965186818130e+02 1.353075877352619500e+03 2.956015435178119901e+02 2.124847715200381799e+02 2.591305472542719812e+01 6.770844094886506355e+02 1.310325629535466078e+03
0.000000000000000000e+00 8.581193137947367688e+01 1.305396497191991784e+03 1.079800743797243285e+03 8.051815741435511882e+02 6.265472120582493289e+02 4.048263852448400826e+02 1.030175105480358980e+03 1.345424775846312571e+02 4.833608432987248875e+02 1.224888536355649649e+03 9.031558289205923984e+02 6.398131845889032121e+01 5.921200790829403786e+02 1.218246200254831813e+01 4.320795089333644796e+02 8.486242998392935988e+01 6.729220191215891873e+02 1.358937956624909589e+02 1.415632925905417778e+03 4.287282196716462934e+00 9.325661838263469008e+02 1.621310487608141102e+03 6.592910678724756508e+02 1.491770719388609905e+02 8.220969289035886618e+01 1.631174430880657610e+03 1.243057846406397005e+02 5.953753027984838582e+02 8.058124016991083636e+02 1.993018336395158769e+02 6.417141002040547271e+00 1.950316282168725479e+02 2.490630233431387452e+01 5.803616525266992312e+02 3.378544261020919066e+02 6.885308990015911377e+02
0.000000000000000000e+00 6.532634605305585183e+02 0.000000000000000000e+00 1.310985733066536341e+02 8.700598281417072712e+02 7.181275907494886042e+02 8.429051304407726093e+02 6.449109659604926037e+02 1.555835886073029087e+03 2.432855039935690513e+02 7.533444559555347269e+02 2.209716101607926362e+02 6.762055203767712186e+00 1.130211212509899497e+03 4.754859320622040286e+02 2.657976780353097297e+02 8.386911412752327806e+02 3.784659109128429009e+02 2.702616798899344985e+02 7.703616234716357667e+02 1.101701626609996765e+03 6.318310793206992315e+01 9.888295831084301426e+02 7.726046742384691015e+02 5.898456141115585751e+02 9.444183624882214190e+01 5.912717842851654950e+02 5.445874591435834873e+02 1.949349163255274107e+02 0.000000000000000000e+00 9.690673626354104044e+02 6.807320447148912308e+02 7.473697251200879066e+01 8.065357644965981763e+02 4.072392198538197476e+02 1.348079118495458317e+02 1.787618039092965603e+02
0.000000000000000000e+00 6.734417404112504073e+02 8.491828384833812606e+02 5.950440095697889120e+01 7.877684102470566074e+01 6.044133580600638425e+02 5.529428431471319527e+02 2.435163746110679881e+02 1.889143666535201549e-01 5.934556280200827132e+02 2.721242481230978427e+01 1.391878313005054792e+02 5.208195873284645359e+02 4.548744352040105241e+02 2.362118342631264341e+02 2.437999090870514749e+02 3.508009785188779688e+02 1.340598473484601172e+01 4.942942520639171278e+00 6.804105632362172855e+02 1.885348899271096343e+03 1.528287978042239274e+03 2.338054081674506435e+01 1.067513703357297572e+03 7.147174405451655730e+02 8.740381673326096745e+01 2.103513794004198303e+02 0.000000000000000000e+00 5.228375891399639386e+02 1.303540042648374424e+02 2.159106571299047062e+01 1.722783761623199553e+03 4.538354155326900496e+01 1.414775148561523793e+03 8.106676524420089436e+02 4.723381919957842712e+01 4.984568426433459649e+02
0.000000000000000000e+00 7.747893393734208303e+02 5.200478830210422529e+02 7.846595028718796812e+02 1.152553318288377568e+03 4.954290186791868678e+02 2.350653059844748327e+02 6.263425455783693678e+02 0.000000000000000000e+00 5.649873556516477713e+00 7.921116377503806234e+02 2.834665329157255087e+02 6.790872392610508790e+00 3.731604920279856970e+02 2.140564663743698475e+02 4.272428693099158750e+02 0.000000000000000000e+00 1.833932494273076586e+01 1.148687906966471814e+02 4.304922938393230147e+00 0.000000000000000000e+00 9.493908640800442527e+02 4.660858761908662586e+02 0.000000000000000000e+00 0.000000000000000000e+00 3.281510772823007187e+02 4.049628505103407861e+01 5.017529516225517909e+02 3.604113046139570997e+01 3.940839981206615272e-01 1.986552096647995711e+02 9.555981627247980441e+02 2.617245302220600323e+01 2.707298718067863774e+02 7.748297183402112154e+00 4.757063871773345554e+00 0.000000000000000000e+00
0.000000000000000000e+00 2.766328746238918939e+02 8.803667290548202118e+01 5.873610445908088877e+02 7.662243486337823697e+02 5.805746974004690628e+02 3.452683172216518415e+02 3.449613894237643308e+02 0.000000000000000000e+00 0.000000000000000000e+00 5.993959095938642401e-01 1.697546084286586066e+01 1.295958753006449058e+02 2.969388058127951808e+02 9.592136980413939682e+02 3.658605658958511953e+01 6.191594939390030277e+02 1.570444224337489686e+03 3.138965313164803206e+02 1.700323935711616841e+01 5.940241256639988023e+02 3.175828370803143486e+01 7.523439539953019448e+02 1.601149954132989661e+00 1.641316375072268102e+03 1.092409278754382740e+03 9.246062910440651876e+02 8.854460380178055345e+01 1.000629504016046667e+03 0.000000000000000000e+00 4.608167389434030259e-01 1.250311868458196614e+03 1.558153928079259742e+02 9.323046696871142558e+02 1.105056146183787405e+03 5.094446970152729364e+02 5.240600648564571884e+02
0.000000000000000000e+00 1.462269475767366885e+03 1.688121880629283169e+03 7.727275429188523725e-01 7.805373110373596823e-01 9.975744816466619369e+00 3.482355810234683702e+01 2.497359559539447105e+01 3.362364147452862717e+00 9.506534210973155723e+02 1.011149640117210311e+03 3.817987035543154661e+01 5.515774099833355422e+02 4.392074796865199460e+01 0.000000000000000000e+00 1.071822189620550425e+01 9.126482346338387970e+02 5.807793120311973780e+02 2.615829509279402600e+02 8.633657047234972737e+00 6.733740267479787462e+02 3.429007318780684272e+02 1.049547027517481155e+02 7.505643703658136019e+02 0.000000000000000000e+00 6.650983956958702947e+02 7.352724599484653822e+01 4.110939722284823006e+02 1.238780752853257354e+03 1.169371913534418354e+03 7.388693595858306935e+02 1.527774770801118507e+02 1.338038204461760188e+03 1.154001344703143786e+03 6.985118610365105563e-02 8.631094913760146028e+02 1.071598373650195526e+03
0.000000000000000000e+00 8.845856570552240328e+02 1.068157627202685262e+03 7.609954819625154414e+02 1.377124435694987369e+03 8.468838362793648002e+02 1.867497260484380774e+02 4.710709227329563191e+02 4.537930153347263129e+00 1.263548750306564898e+03 2.338913955617478990e+01 4.795674973997742896e+00 1.103459144337153475e+03 8.922820793431083075e+02 2.877325988682846258e+01 1.478959333047603423e+03 2.480193322046409321e+02 1.031129686723220630e+03 2.018435553919885450e+01 1.079331313652826339e+03 3.224692022160286911e+02 7.255014504517600926e+01 0.000000000000000000e+00 3.398769600436374958e+02 1.368852543917583262e+03 4.751061942058063892e+02 1.320494615733083947e+03 8.556633781163152435e+02 1.090862965619800207e+03 4.218978312656984144e+02 3.501537832863952815e+01 1.439789259601129515e+03 5.302052158970045781e+01 4.942423130359113088e+02 1.713136302396553390e+02 1.020879884967467035e+02 1.214422202557000674e+03
0.000000000000000000e+00 0.000000000000000000e+00 1.353622227736882223e+03 1.315985345088903159e+03 5.619353444276108611e+00 2.971029476883082499e+00 4.876631567473052655e+02 2.511659229680293848e+01 5.127105338256349114e+02 1.027951368167500050e+03 3.002643839180111840e+01 1.119452670909807921e+03 9.130555620652502284e+02 7.159924946899918723e+02 1.488458808175464355e+03 0.000000000000000000e+00 5.726200866071500286e+02 1.247439116493529582e+03 1.658811997041671304e+02 8.834835945586610251e+02 8.731555368053154353e+00 1.374801769270739442e+03 0.000000000000000000e+00 3.576318791573124267e-02 1.537922569023975861e+01 2.452576309995230019e+00 2.423637573079055940e+01 7.497322349934770536e+00 1.943525792201343094e+01 6.679057909712031282e+00 0.000000000000000000e+00 4.072634100462310158e+01 1.996693764965223039e+01 1.231304189928481208e+01 8.980699904332157075e+02 1.571216857783460341e+02 3.035701962943504668e+02
0.000000000000000000e+00 9.369391826340398666e+02 1.417885393902073247e+03 3.037005000751885291e+02 6.378612645962866168e+01 3.969752705819079353e+00 0.000000000000000000e+00 1.465532180861678846e+01 1.091309588890301683e+02 2.579855946399113122e+02 8.256726692308748738e+01 8.910837591228420251e+02 7.693968188090526894e+01 1.277712906277662569e+03 2.671225064538778042e+02 5.540514015132344383e+01 1.503292004603406667e+03 8.600752058917798877e+02 1.741191018518657013e-02 0.000000000000000000e+00 0.000000000000000000e+00 9.825705156295418874e+02 1.119756669702228692e+03 1.034823595645564183e+02 7.243657348920388586e+02 3.688734321738944573e+02 3.341060663577176797e+02 4.516019158880391728e+02 1.655665278196903046e+03 8.015391144155939855e+02 1.449232495994431019e+03 5.158985696724703303e+02 1.145815851472549411e+03 1.505530156676545403e+03 1.076803992247408193e+00 3.637956560627632729e+00 4.633680237451576431e+02
0.000000000000000000e+00 2.382470239268714429e-01 2.401675265521548142e-01 1.022189349818502592e+03 3.009673618719082810e+02 0.000000000000000000e+00 5.821875467970372142e-01 2.571083434257775480e+02 1.074998511367602759e+03 3.407947363938647527e+02 1.985448917478929616e+02 0.000000000000000000e+00 1.206600967004011181e+03 1.250509801679616658e+03 1.315800749646921375e+01 4.216533960387225761e+02 1.543572452423868754e+03 0.000000000000000000e+00 2.326741857022369118e+02 1.323218900535386638e+03 0.000000000000000000e+00 8.562402908530097889e+00 4.466131847136759481e-01 1.838758302347780784e+02 5.871680712944938563e+01 9.060861547711753783e-01 5.552441846214042016e+02 1.557661330857487769e+02 2.883894206750485623e+01 3.365312613285079237e+02 4.942654477424734978e+02 1.761692482528759873e+00 1.370875598215730633e+03 1.524705489609870313e+02 1.672894823551545869e+03 1.800830018320120871e+03 8.652509812064260730e-01
0.000000000000000000e+00 8.929636360682258100e+02 1.095291386584252450e+03 3.903105925044720453e-02 4.423627935381733778e+02 4.808097408659505190e-01 4.540383703266400950e+00 3.662640526114734740e+01 7.306672636944273336e+02 1.613622015811187566e+03 1.775403017014514262e+03 8.806590248468145319e+02 1.394579398587515229e+01 3.533034941263399453e+00 1.409135964963301376e+03 0.000000000000000000e+00 1.183534958767287648e+00 7.253560491398252452e+02 1.189196055032155755e+03 1.125526593619177447e+03 7.473131878437970954e+02 6.993123992393888102e+02 1.888370943980140737e+02 3.444625716574917451e+00 6.710083745454661539e+02 2.386380971856998912e+01 1.182633511895796801e+03 1.378522148474016262e+02 1.357251343357797566e+02 1.768091688599593070e+01 9.479104904776664853e+01 9.549415569950077725e+02 7.048058653823896975e+02 2.748401567355818997e+02 1.013741239529642712e+03 7.346696150898181941e+02 1.069431897578761408e+02
0.000000000000000000e+00 1.854058537983582085e+02 6.162754020882118766e+02 1.253802794184466393e+03 2.631358937082076181e+02 6.685300450135774497e+01 3.855626550860666839e+02 1.141919293999135443e-01 5.847376260210234378e+00 0.000000000000000000e+00 0.000000000000000000e+00 0.000000000000000000e+00 1.609126463745590172e+03 2.153110799315118129e+02 6.181466961579724284e+02 8.815860297712189322e+02 8.076905023638309089e+00 0.000000000000000000e+00 5.219957377683900113e+00 5.987680512461121225e+02 2.378115648850967318e+03 2.153189054596765217e+01 3.762288225100891168e+02 2.654729811363752106e+02 2.041118297116948810e+00 1.992505494603285854e+02 8.825407149419462485e+02 6.797541519592296027e+02 4.929363107042208725e+01 1.067318147641448377e+03 1.433019267423232748e+02 3.462810032936047264e+02 5.943597613982781240e+02 3.002444977284774268e+02 3.004088433194440455e+01 5.582303022523237814e+02 2.236096593419235035e+02
