output/example_1/lateral_incision_000188.asc
nrows	75
cellsize	13.33333333
xllcorner	0
ncols	75
yllcorner	0
NODATA_value	-9999
[rows 17 to 33 of 75, columns 37 to 73 of 75]
9.991990860419301157e+01 8.370755612451050638e+02 8.423524180323734356e+01 7.110693545266908586e+02 8.584874136018183890e+02 0.000000000000000000e+00 3.611687581338629229e+02 2.467641018263407489e+02 2.813992031434638648e+02 7.086788059875538011e+02 6.130379414357617662e+01 2.153651515772868663e+02 1.513645126831481548e+03 1.349972738836383996e+03 1.087800742803970593e+02 4.815209251919582130e+02 3.520551267034124976e+02 1.028214466015369908e+02 3.838240333467532395e+01 9.224245215934436715e+01 4.723391575542908640e+02 5.809880323525866288e+02 3.415705440058900422e+02 1.144475160317105747e+03 1.525974388214539431e+03 1.700509191482708071e-01 1.691766194608381738e+03 1.394498466869237745e+03 8.864129881057380089e+02 1.759263500993534990e+01 4.600987516628843537e+02 0.000000000000000000e+00 5.384931157818579095e+02 7.680901540645226078e+02 3.586743281530035006e+02 1.271201242702748857e+01 2.493362510242216956e+02
5.901668630633253088e+01 4.033263938183792447e+02 4.584267037222488170e+02 0.000000000000000000e+00 4.227484092823568744e+02 9.197359626974081266e+02 7.930699543312721289e+02 0.000000000000000000e+00 4.604962074251056414e+00 1.228833473193976289e+02 1.012808907851528375e+03 7.178345088026732128e+02 1.576757849092982440e+02 7.753706661751463116e+02 0.000000000000000000e+00 4.748039401116011504e+02 3.785298218941437085e+02 2.792337110071214283e+02 8.133055922817047190e+01 6.374127799611838441e+01 1.238034250507505050e+02 3.128728736176100824e+02 3.414043337333035311e+01 1.038815037588530231e+03 1.555490112984191001e+03 9.888346985064447381e+02 1.053769032187243066e-06 4.805561813789034318e+02 4.290376651894714399e+00 7.800739471903250433e+02 8.025131880987056832e+01 0.000000000000000000e+00 1.110975868976637685e+03 2.250482666980656177e+02 0.000000000000000000e+00 1.133958766430776450e+03 7.472072341026320146e+02
3.078811822822158888e+02 3.861879659603921482e+02 8.982145973821918687e+02 7.563185184208025476e+02 1.713758646354716859e+02 3.489846440133011924e+02 1.276853684318633331e+00 8.961407306212026924e+01 3.238206405881020089e+01 6.617137120777999826e+02 5.667705255253017604e+00 8.133417496984893660e+02 1.055299807819063744e+03 2.073203437659979613e+02 1.279136147069106755e+03 1.886203581264953073e+03 7.478662820222895107e+02 4.130778843079006037e+02 6.913782040119206158e+02 1.597271694967257893e+01 5.661780759684686473e+02 2.096267546371830974e+02 9.236906540718928227e+01 4.908837306248787513e+01 6.963122930606792806e+02 9.483516701650200957e+02 5.679734825678672223e+02 3.578332825905402359e+01 6.019213464122184831e+00 9.701917670398380551e+02 6.457607593272156521e+01 3.243449114835912042e+02 7.955077806151464870e+00 1.020734796423528878e-01 3.610458122808142889e+01 8.747632526349974569e+02 0.000000000000000000e+00
1.257869654486862146e+03 5.141047755330789641e+02 4.026944442979097403e+02 4.684941776018830240e+01 9.633212847266277095e+02 1.236425347892048876e+03 2.548802604172067277e+02 1.774330419641991057e+02 4.265412680566506687e+00 5.158561584702995333e+02 6.383738914262496564e+02 1.674531725978593386e+03 0.000000000000000000e+00 1.755321001793616915e+03 1.111737325159159617e+01 3.017633337576411350e+02 8.580587814161503957e+02 6.738063322895916372e+02 1.412120311958092316e+02 1.259018547970905928e+02 2.193153652541145675e+02 2.579322798365192284e+02 1.124218451759872096e+03 4.253791439278070463e+00 4.272341734631686450e+01 1.135806119224263711e+02 8.472674366695264325e+02 7.515379996102200977e+00 1.282081354491867160e+03 1.172502839312467358e+03 3.435651914621819287e+02 1.506171495826398257e+02 7.858293182731672655e-01 1.573710910428412717e+02 0.000000000000000000e+00 4.059560358145296846e+02 1.140368323591845146e+00
3.218496685030855620e+00 0.000000000000000000e+00 4.634961865728257067e+02 0.000000000000000000e+00 8.912823086117167577e+02 6.351114153847798889e+02 7.155192596863164454e+02 8.157639006439441118e+02 4.786291011873176870e+01 4.605086708789512500e+02 6.832633799437768403e+02 0.000000000000000000e+00 2.759179218278786720e+02 9.290292046871763887e+02 6.872138763966084980e+02 5.646365493187503404e+01 8.713240567155631879e+02 0.000000000000000000e+00 4.658856892385615538e+02 6.571090156921673042e+02 7.483669981876705890e+01 1.726487416588101009e+00 1.466394216517086306e+02 2.679179660964391587e+02 7.021448568418368552e+01 6.848462999721286337e+01 8.703344211993656598e-01 1.116739633847220830e+03 4.818633339241997646e+02 1.348189732790601454e+02 3.525579879334931093e+02 9.304694291859992745e+02 2.415195537616088188e+02 4.574896435797654135e+02 4.848265120253311693e+02 1.138470646490896883e+02 8.807842013665075456e+02
1.382237577858824125e+02 0.000000000000000000e+00 9.396178675655902168e+01 1.317824473343409181e+03 8.807535896259321362e+02 1.971142562515113354e+02 1.315923282851875626e+02 2.780347202409884062e+02 2.483953246582341876e+02 7.224945286887557359e+02 1.100222398628797464e+03 2.511747586343042116e+01 2.631958773048722264e+02 9.901760379985821601e+02 9.859061052916231347e+02 1.460000726318386114e+03 5.801430040961793821e+00 8.567895185123810506e+02 4.230801021235287180e+02 1.614817984745989634e+03 1.390815585288784177e+02 1.745554675972834673e+02 7.010348602971619769e+00 6.609806432270831067e+01 9.722117817530734101e+02 6.554278679947740329e+02 1.936473466660692466e+01 3.547021929263373750e+02 8.811766750954581084e+01 1.157664320283209008e+03 3.871777396386974601e+02 3.256827194474569698e-01 9.307936201345391680e+00 1.549469023600335277e+03 7.937044668137091321e+02 2.036830243565458165e+00 3.880153643406771948e+02
3.493805741333320043e+02 0.000000000000000000e+00 0.000000000000000000e+00 0.000000000000000000e+00 6.428866365805831720e+02 0.000000000000000000e+00 1.064306726691070935e+03 3.929382268191116623e+02 9.119524068414911255e+01 1.756317705421201580e+00 3.655648284179247032e-01 7.723762083716890174e+02 1.896390777340265004e+02 1.190319178849328224e-01 1.066377978315354540e+03 0.000000000000000000e+00 1.256380274191106309e+03 0.000000000000000000e+00 6.419328927370823124e+01 6.579449073096366174e-02 1.487331660990352248e+03 5.126697747863871655e+02 5.616401674577242602e+02 6.331791818150482243e+01 9.720066592298712749e+02 1.212583943491156560e+03 8.949101841153780157e+00 5.139681215700878738e+02 6.153941253316713755e+02 8.136000313771718506e-02 1.544517126527344431e+01 5.749619278150887425e+01 4.718467395794446020e+02 2.327745839524093086e+00 4.717973857306631658e+00 2.472656781887864099e+02 1.940346557150022022e+02
2.054675866363909336e+02 5.789109129042581117e+02 9.508521064996958785e+02 6.065998471516119253e+02 8.516121986539877753e+01 1.329672647114055906e+02 1.299795515579181256e+03 2.398539509239273855e+02 1.935798189165334406e+02 1.325970696514667964e+02 7.353219992008529289e+02 1.319199279501614910e+03 6.352103901377165585e+02 1.130211271048547133e+02 8.435644068472898880e+02 1.282008548528079928e+01 1.743167889427344790e+03 0.000000000000000000e+00 1.200984817630247335e+03 9.137388173814508718e+01 1.432716194297029233e+00 4.160532566765820661e+02 1.508380905263054274e+03 1.063851677525593232e+03 2.464050843614005259e+01 1.461997264025782783e-01 4.617558569798758299e+02 1.095531258112734747e+02 3.331057249278807575e+01 1.717834484376221553e+02 1.307387548953868645e+03 4.428023319631944901e+02 1.104329642729600664e+03 1.176266991168165106e+02 5.016643333886302116e+02 1.427198398469172247e+01 5.055578595976587053e+02
1.857741897021435591e+02 1.153676510413631178e+02 5.853322332918274924e+02 5.398236778247581924e+02 1.237355870518469146e+03 1.037441025261464347e+03 2.010802925247096340e+01 3.566191317266316787e+02 0.000000000000000000e+00 5.346527712718062730e+02 3.136598423366224608e+01 2.477559443310673792e+00 0.000000000000000000e+00 1.288567063445073245e+03 1.868787482968891966e+00 1.289429874449851070e+02 9.878474658307792922e+00 3.047308518780569671e+02 1.197838326681954641e+03 2.878289989018604729e+02 1.131316606386716614e+02 1.460702799637210703e+01 1.559010018431966046e+03 0.000000000000000000e+00 1.534844950888290896e+03 2.111706472818578675e+02 1.406669293847344022e+02 8.014023876737080627e+02 3.943872438261944922e+02 1.690827389308565243e+00 1.711310420620572472e+02 1.148096961683388599e+03 2.853330921750085167e+02 0.000000000000000000e+00 5.437805868675281928e+00 7.131885788422436008e+02 7.058549502514179039e+02
5.068118866713657411e+00 2.059092943385413719e+02 1.537577379073577788e+02 7.253120955807516168e+01 2.287831627498212299e+02 4.557758676081865588e+02 8.102879694655213427e+01 1.578166775379826731e+03 3.757914428563797742e+02 2.473187876699595051e+02 1.054206597805429283e+03 4.352618264387333511e+02 2.794295346147113719e+02 2.997178646648307065e+01 9.181328500799709218e+02 1.495573670321469137e+02 3.913093577632147912e+01 4.284481995438486024e+01 9.756026095105121385e+02 0.000000000000000000e+00 1.026896227949194326e+03 5.165087447048715603e+02 7.390568757650690657e+00 1.259670054504076461e+03 2.087492533246105722e+03 1.200807428638371306e+02 6.415012735087657347e+01 1.236539159641687391e+01 1.520598958405082080e+01 5.807734138127079859e+02 6.267854465058757540e+01 6.589129411805112113e+02 1.005156392785368780e+03 4.785795366172070544e+02 1.265669775981835841e+02 8.772243707562483905e+01 5.392842533342268929e+00
6.035071354778322075e+02 7.180214159086804102e+02 1.482896930115527923e+01 2.433191643922351375e+02 1.230540527096569576e+03 3.560463029731899383e+02 9.029133523018107610e+01 8.039380025485926353e+02 8.604167224549156856e+01 3.936159992022068081e+02 0.000000000000000000e+00 0.000000000000000000e+00 1.047860008649159454e+03 2.956840999077141987e+02 6.396411611059631923e+02 5.486724678093272445e+01 9.621252064907630484e+02 2.370930894899443686e+01 3.035275559540922359e+02 4.179950667318300930e+02 6.758868452013806518e+02 4.442779797703682476e+01 6.839648740878326860e-01 2.304506489985561188e+02 4.445628384527332173e+02 4.373019522643274115e+01 1.573934232478524109e+02 4.247485015778524371e+02 1.334545897089024322e+02 6.310236989126759966e+01 5.231049605345577902e+02 0.000000000000000000e+00 3.285144791389078733e+01 9.418059841321403383e+02 7.060258680201550305e+02 2.105107868290980022e+01 5.551670140348502400e+02
1.206868643677055930e-01 5.606919025641831089e-01 7.265225681617124565e+02 3.880767210075441085e+02 4.559856906515358332e+01 2.460543931692090496e+02 3.550784114229055888e+01 0.000000000000000000e+00 7.448558971728223241e+02 4.134617263771824014e+01 1.072243626674487359e+03 5.819581218612516977e+02 3.188068255352313827e+02 2.842239302696325254e+01 3.401689948804541359e+02 6.558680375237556746e+02 2.294782072018582308e+00 1.706128624286473183e+01 0.000000000000000000e+00 8.595162150690463250e+02 6.464761684367132375e+02 1.574854396431895225e+02 1.412049404798699337e+00 1.556708567992136068e+03 5.128401089180442796e+02 2.043978273784149202e+00 3.386381806263257204e+02 6.173825784426572483e+00 4.865086605936021213e-02 6.142733449490435760e+01 0.000000000000000000e+00 2.532793685373532071e+02 1.561613990737563711e+02 1.203782238764272421e+02 1.618653625275075001e+02 2.264915440840179883e+02 5.814038763543279629e+02
2.378522882285165707e+01 4.860556907643417048e+02 1.458066702235463374e+01 1.107907531238038928e+03 1.206577059336606617e+01 5.622373773782857143e+02 1.170506032163599912e+03 1.014785910295666582e+02 1.462259939352264781e-01 3.057409536280966122e+01 1.531968027497543972e+03 3.670870839427978893e+01 9.646385793406543598e+02 5.869155931480923982e+02 1.435916670831997237e+02 1.132131830435179864e+02 5.896200334728912367e+02 1.154763107080570705e+02 3.176111705546946382e+02 1.327579164078379677e+02 4.884584010443108468e+02 1.797747153145822722e+03 7.840611459240054426e-01 1.056381695505183870e+03 4.568689173940088040e+02 1.026843481827122787e+03 8.230489734828303199e+02 7.854855616325551182e+02 2.334771146070036352e+01 7.975658986712023761e+02 8.714077194339160997e+02 8.163046176860157175e+02 0.000000000000000000e+00 1.180225254438727006e+03 0.000000000000000000e+00 1.712784611235065313e+03 4.615706524575914500e+02
1.029242617744449944e+03 5.071302427723353503e+02 1.579744243095980671e+01 6.318135899816603569e+02 2.113776448962159691e+02 2.567698393301197370e+02 5.024702573691803309e+02 1.854893055116449432e+02 6.613582379334120560e+02 4.111217204934474125e+02 5.546392182161955589e+02 3.166578923078868790e+00 6.614308938192750702e+02 1.991413787904470496e+02 7.793058573948020467e+02 1.401309910452796430e+02 1.908684546879453023e+02 7.861311065686066080e+00 2.371915587797149669e+02 1.199602197390632682e+03 6.714222444276291696e-03 1.424052360567279266e+03 6.888482628443377997e+00 3.994320642598781319e+02 0.000000000000000000e+00 7.163537085751759292e+00 8.626259231491792434e+02 1.041530544831836664e+02 9.517459420832855344e+00 8.089069896264192039e+01 1.372868289893471683e+03 1.124801122005712159e+03 3.788585341862127365e+01 1.289092189052625201e+02 1.020880158605418046e+03 1.700401118680198351e+03 2.091219065594454207e+02
1.507848504332736411e+03 5.657236948243267989e+02 2.364924404916723120e+02 2.852650975366782973e+02 5.693769223038203791e+02 1.172616316709888224e+03 6.192127706546463060e+02 1.859736873404717130e+02 1.141300175659716132e+01 1.276155214919617947e+03 2.708273847766487208e+01 1.247652253433059997e+02 4.706910857145495015e+02 3.116021235215289380e+02 4.089549680225709949e+02 6.073192888972298533e+02 1.543320526279309888e+03 9.387589309823181338e+02 9.125278582414917992e+02 1.187953413796104087e+03 1.474035167274519381e+03 3.245226332661720221e+02 2.392364315634394611e-01 2.673821177234268021e+02 4.120908225480228566e+02 0.000000000000000000e+00 6.449715934698331239e+02 5.231438948732937178e+01 2.580209174794860227e-01 5.058303314496391749e+02 6.821137084065804856e+02 5.600786447492886566e+00 1.481240570472442869e+03 1.084012304534511941e+03 2.639815009145480644e+02 0.000000000000000000e+00 1.631590163414718830e+01
9.387997357960372256e+02 3.170370632366554808e+00 4.324310285399504323e+02 3.400706787419437660e+02 5.879419844031633602e+01 0.000000000000000000e+00 1.417581096058705498e+03 8.413934565518516138e+02 4.139123812695634115e+02 3.992888935243099127e+02 1.531982425114221087e+02 1.516024706722690553e+03 3.539708649616705429e+02 9.897645576252322996e+01 0.000000000000000000e+00 8.690755223739101893e+02 4.502123881518755866e+01 4.335458618845353662e+00 1.066435251181585215e+02 1.363730334520853944e+02 0.000000000000000000e+00 1.211734582560349281e+03 0.000000000000000000e+00 1.505827156987565559e+03 7.246666690768412309e+02 6.426385927190434586e+02 3.513973555106660456e+02 7.446720947092169354e+02 2.232442688617048816e+02 0.000000000000000000e+00 6.315892613081270923e+01 1.351860726590346985e+03 1.595393108461141992e+03 5.351161282115336917e+02 8.077421900958109973e+02 1.678200030913265209e+03 8.637731008872531646e+00
2.680782455179472024e+01 7.805214352277406533e+02 5.548497124991455394e+02 9.312884566268000981e+02 2.516659190080819712e+02 8.750194925588617707e+02 5.999756137371535658e+01 7.316849990552233294e+02 8.662873608758134836e+00 0.000000000000000000e+00 9.885291220319952288e+01 2.164471718575514387e+02 6.859315588259213428e+02 1.441358512880872240e+02 1.797003066663399693e+02 9.838740687753412431e+02 4.789545733862457269e+02 5.525972368326625883e+02 4.583590884052354681e+02 2.857214407772924574e+02 1.018062088983250305e+03 4.371842385647385720e-06 3.203855360776524996e+00 1.506793539202586544e+03 1.082838971963640518e+02 2.842015998678244841e+02 7.169050868753606665e+02 7.044172662897693726e+00 5.666039159494474688e+02 5.149494017698860944e+02 2.552707358278817118e+00 5.511753247127259669e+01 0.000000000000000000e+00 1.240434634998902936e+02 4.143028491825629089e+02 1.175339829054042973e+01 2.761067150465295867e+02
