output/example_1/lateral_incision_000221.asc
nrows	75
cellsize	13.33333333
xllcorner	0
ncols	75
yllcorner	0
NODATA_value	-9999
[rows 34 to 50 of 75, columns 0 to 36 of 75]
0.000000000000000000e+00 5.659963825436676643e+01 1.585548017762997233e+03 6.770734989917170310e+01 2.845637301704452398e+02 5.807227945378975846e+02 3.678682439678054266e+02 1.074936747786404567e+03 4.272181568211259162e+01 1.950611514234452670e+02 6.325729612770793864e+01 4.297301062674379182e+02 1.225736383810098857e+02 6.055949089499168991e+01 2.475859403090444175e+02 4.653638997935684074e+02 0.000000000000000000e+00 1.545766492344609333e+03 7.632263784558922453e+02 6.826065513659648332e+02 8.901109206802316764e-01 7.568816139974156840e+02 8.511140601890745927e+01 3.251477761047346462e+02 2.128420214090126805e+01 1.625886884015842725e+03 2.049397345807602164e+02 6.817352946613053746e+02 2.369081066577048909e-07 2.670816557833462070e+02 3.611611101027505697e+02 8.514239660463606469e+02 2.628203048571485283e+02 2.385603544905179785e+00 1.224508029847246689e+03 1.133955138250049004e+03 1.950458031432450809e+02
0.000000000000000000e+00 3.162451845915164594e-01 3.406526416767474075e+01 6.759093034884418216e+01 1.253179240535819474e+02 2.323839336260374182e+02 2.042476212746261979e+02 4.807004471943224111e+00 8.055114064871387427e+02 2.473944171038764637e+02 5.674007688439086223e+02 7.690897158812732641e+02 1.392949463117509595e+03 2.070148899870117987e+01 2.578495665487883457e+02 5.260955063125646802e+02 6.179604962832025876e+02 2.659206022489350829e+01 6.342812418012121043e+02 1.247325601586169569e+03 1.181622809964657534e+02 5.403204846892256228e+02 6.684346611677509031e+01 9.695116158326443383e+02 4.436816299625797910e+01 1.432616556068499676e+03 1.016120887103274981e+02 2.828360455358638959e+01 3.937551269171807311e-01 4.655145328873266521e+02 6.349923432990091214e+02 1.403085579745299185e+02 2.106271970828910298e+02 2.405639508264353594e+02 1.948372451009387829e+00 6.810889157534583092e+02 1.598917794921162638e+01
0.000000000000000000e+00 6.469210635321601330e+02 2.191357401611755051e+02 1.091662044126783542e+02 1.476434666735641031e+03 9.991527545130875296e+02 3.561414652363262121e+02 1.561028308498976457e+03 0.000000000000000000e+00 7.002927382471026476e+02 4.613714989042404682e+02 9.729144423240444484e-01 0.000000000000000000e+00 7.320865026108082247e+02 1.607113398598773557e+01 1.378911483857065718e+02 1.914557914705430449e+03 8.341876881959293542e+02 1.250285822430885503e+02 1.302206666442164988e+03 0.000000000000000000e+00 1.119284919896748306e+03 4.948245667438112605e+02 2.215442695829570141e+02 1.337641326462185816e+03 0.000000000000000000e+00 3.165659362134799153e+02 3.865982189313471054e+02 2.210188690047185212e+00 7.059599877171220328e+01 3.175555243476616329e+00 1.071096626474907776e-01 0.000000000000000000e+00 1.923996224232908725e+00 7.640217308338735620e+02 1.086585555239882837e+02 1.822072074822126524e+03
0.000000000000000000e+00 3.603990824864034437e+01 0.000000000000000000e+00 2.763481893098283422e+02 9.777807627271226920e+02 8.014975693717502736e+02 1.829468580222571461e+02 7.184792040556536676e+02 9.160763972563401012e+02 2.661672627634017658e+02 1.017217579791488106e+03 9.621420396470346077e+02 5.132703001716995459e+02 2.891312322815259108e+02 1.356015273791624266e-02 8.604633258187359388e+02 4.975139643557313889e+02 5.733209033567374746e+01 4.709020736601138424e+02 0.000000000000000000e+00 7.862804728535157892e+02 2.117421777095393281e+03 8.027613165487848619e+02 7.807807068362961900e+00 1.215769438717632056e+01 3.675965485837747337e+02 0.000000000000000000e+00 8.175450798053701646e+02 2.085996886201767211e+02 1.033079941476672047e+03 5.900301435894672295e+02 1.277629381069672121e+02 1.176616992243529694e+03 1.329311775525034136e+03 9.642676685474416445e+02 9.089945576513539294e+00 5.146235885056527195e+02
0.000000000000000000e+00 0.000000000000000000e+00 9.142048931948409063e+02 1.280611434410688616e+03 9.151371523807614494e+01 8.588525233870303737e+02 1.382261059383715178e+02 4.772487417380166335e+02 6.481629664329341400e-02 1.518490268711164859e+01 8.628375925448453643e+01 2.687281293022261934e+02 7.282439071698291855e+02 3.585646883312751498e+00 2.006450775628340466e+01 9.530156745368690281e+02 0.000000000000000000e+00 6.821685341982968112e+02 1.615111243933679589e+03 1.601608898674469174e+03 4.899136161213096585e+01 1.140829697179214691e+03 1.169082886836597668e+00 1.253392802712976618e+03 5.789528902206710654e+02 1.778824917908460179e+02 1.065738326750203413e+02 5.819120406372514509e+01 3.768248724882422493e+02 2.165688265312184058e+02 5.923619699683874984e+01 2.039512943266459217e+02 6.526885149124693752e-01 2.073038829916817427e+00 7.155703219290701327e+02 3.010384669598996510e+01 9.758745880010536666e+02
0.000000000000000000e+00 6.485686420112846235e+02 2.697412601866532977e+00 1.880377348129412383e+02 3.248133183585165398e+02 3.035362949334976861e+02 9.711015616167530595e+01 5.559624761960914263e+00 2.677795436723971737e-06 1.019914539023517897e+01 6.231702702713126882e+02 1.671160172743318242e+02 1.071790544323092490e+03 1.736846011330233978e+03 2.780409152942871174e+02 9.122831073252533542e+02 2.678835119927180042e+00 9.483205450807329129e+00 3.983067427310832045e+02 7.835061676310222083e+02 3.138224790568356752e+02 2.121822255227864551e-01 6.816066711967175706e+02 1.095738697564253698e+03 8.074516937340108598e+02 2.151941619945047535e+02 0.000000000000000000e+00 7.051192520301422064e+02 0.000000000000000000e+00 6.770772302410736074e+02 5.392309231982367237e+02 1.485624678151798328e+00 3.287750312731957933e+02 1.443279080379198149e+03 1.479134655713628206e+02 7.316394342370843162e+01 1.499369950141392110e+03
0.000000000000000000e+00 6.651117115940778604e+02 1.501262153878721165e+03 9.578528134280136896e+01 2.353776492870745329e+01 1.857571343556358201e+01 2.005894158405383682e-03 2.489479767233764539e-03 0.000000000000000000e+00 2.783769600763218666e+00 1.475191883105724173e+02 2.855773652046882489e+02 4.633426527867671325e+02 1.702180203932912718e+03 2.617343470180666714e+02 2.782015657434657214e+02 1.054041354977368838e+00 5.326357342615738588e+01 3.864056916745487911e+02 6.286021385309657035e+02 6.196937605276045815e+02 4.604553637041308178e+01 1.087405800968302628e+03 0.000000000000000000e+00 1.012753346148958485e+03 1.284563640383990979e+01 6.790666705193437735e-01 6.867014072227964334e+02 4.501634644071604185e+00 7.870055586741103753e+02 7.829153341809754920e+02 3.808620804147588501e+02 0.000000000000000000e+00 0.000000000000000000e+00 1.253817370071486295e+02 9.939384113868825921e+00 1.271089987539039157e+03
0.000000000000000000e+00 2.259229804562403388e+02 0.000000000000000000e+00 1.098979968918426948e+03 2.896465191709352212e+02 2.426644634482944429e+00 1.676958743886356373e+01 6.506876794653106799e+01 2.484720102753484241e+02 2.996596858545960913e+02 3.230225523775021088e+02 1.381856606078127015e+03 6.418066978113859022e+02 1.631729831011900500e-01 1.500770201334666183e+02 3.336001496430774438e+01 2.170211218214405449e+02 2.445791326439911302e+02 3.098684814775928658e+02 2.421301452412983792e+02 8.910779502275366895e+02 8.016957262237797366e+00 1.140409138548349574e+03 4.899131888422865586e+02 2.152472324589215873e+02 7.919937303033062790e+02 1.427012782458452591e+02 3.033373287160925802e+00 6.004064494252290274e+00 1.281129527390216083e+02 8.056552491476999194e+02 3.948980252116125484e+02 4.698497998289334987e+02 4.977126538731299092e+02 4.117483155949619800e+01 1.102008425398440068e+03 0.000000000000000000e+00
0.000000000000000000e+00 1.375929847779765396e+02 5.752052196764982455e+02 1.817980145914101797e+02 3.010074409792411529e+02 4.637172011045286126e+02 1.096988919109333665e+03 9.982436062940507338e-01 1.508733152643270330e+02 0.000000000000000000e+00 9.848944298372646244e+02 8.404697729102983317e+01 1.137217776166597361e+02 7.694618293058781422e-01 6.667330860608999501e+02 2.271065308154387026e+02 9.506190846090330524e+02 8.566863407839819047e+02 1.189255436503762198e+01 3.007470430159999637e+02 4.492823243143320155e+00 5.055126599037919846e+02 1.786073861848396405e+02 3.086312243576561514e+02 4.443867137163924896e-01 4.295626863245268510e+02 7.078222628924385162e+02 7.129132768474559043e+02 1.597983388394195288e+02 4.378645704359713591e+02 1.148398354997407012e+02 1.067380995398121286e+03 0.000000000000000000e+00 1.792910083037343156e+02 4.113115611359985380e-02 1.033190258229086140e+02 1.344777243239457675e+03
0.000000000000000000e+00 5.831114568923408115e+02 1.191000409106991675e+00 0.000000000000000000e+00 7.174089204929366588e+02 1.392266159275067139e+01 2.161948085806390054e+02 4.945094604719615816e+00 1.741975005615271925e+02 1.335013565060343133e-01 2.476038585856686325e+02 1.145720063423812917e+03 7.045768020131056630e+00 4.702395480237861989e+02 5.649275150258180247e+02 3.618142756286417807e+02 5.145750106576823555e+02 9.434774064126461326e+02 4.851529064761777477e+00 3.766849107538676744e-01 2.000657021936962678e+02 1.591838307503236820e+03 4.247170811216435027e+02 9.699820946980064491e+02 3.645971656043770395e+02 6.614108050932216543e+01 1.233498506429695226e+03 3.843506628944210206e+02 3.325327601463298777e+01 5.756080838209674866e+00 7.809463424828772986e+02 1.323709693072214009e+02 1.651613340523118154e+02 6.867233218531400780e+02 0.000000000000000000e+00 4.912754793952123578e+02 1.439438527804999012e+03
0.000000000000000000e+00 5.695053486323540710e+02 1.494315598975749026e+03 9.430181560630029480e+01 1.278592930879838377e+03 4.920770368910442727e+01 8.038361276916629095e+02 8.153399664329239727e+01 2.067432315525694619e+00 7.032584612914927220e+02 1.251626077149699995e+03 0.000000000000000000e+00 5.869019990952639318e+02 9.032684753267401447e+02 9.433444341505153830e+01 1.230588365168652672e+03 1.123271245510112664e+02 6.262087169688669519e+00 1.232125449058378147e-01 1.138057719520471665e+03 1.104028047549753182e+03 2.859604690557309823e+02 6.021885010050767768e-03 1.319280736987381033e+03 2.628844194235231271e+02 6.002712326494232542e+01 1.022298933316867874e+03 1.015334644946911311e+02 1.179005368442088411e+03 6.482701945397509462e+02 0.000000000000000000e+00 9.400094165677251112e+02 1.033241489529516599e+02 1.052785647723348575e+03 1.464209950799125295e+02 1.226780225185670588e+03 9.893461531297434419e+01
0.000000000000000000e+00 3.878158162598421388e+00 0.000000000000000000e+00 0.000000000000000000e+00 0.000000000000000000e+00 0.000000000000000000e+00 1.420577749004270913e+02 6.853460899307179943e+02 3.396905645669208411e+02 1.382656264233281718e+03 1.254767375413970740e+03 8.772452373630851241e+01 1.116134496558676574e+03 1.535906355831890835e+02 8.551866193880476885e+01 2.137714784863940736e+02 1.322767780987160450e+03 2.526637442601827321e-01 5.598577463643898966e+01 8.631702899720882644e-03 9.074281504640650837e+02 1.257741757907187008e+01 7.839692031402889825e+02 1.153266714778742653e+03 1.787728716110699878e+01 5.963592369009403455e+02 8.769704515370209492e+02 8.423197925676257469e+00 1.085445678808756384e+03 6.855611495327889315e+02 1.605010088823504759e+02 2.818457423539991282e+02 4.684322868208223412e+01 1.785874068162553385e+02 3.513455923636433109e+00 8.867636637066928529e+01 2.753785016848896916e+01
0.000000000000000000e+00 1.466090674447236779e+02 0.000000000000000000e+00 0.000000000000000000e+00 0.000000000000000000e+00 0.000000000000000000e+00 0.000000000000000000e+00 8.822035916206301636e+02 0.000000000000000000e+00 0.000000000000000000e+00 5.686535198474048229e+02 5.549958396229385258e-04 3.101265058907064187e+01 6.815931092306282135e-02 9.196363133465916204e-03 0.000000000000000000e+00 0.000000000000000000e+00 6.111221866113745449e+01 1.016136759052752495e+03 3.584534399707311536e+01 3.273920327439128073e+02 4.416964752737696926e+02 0.000000000000000000e+00 1.448476686819834413e+03 2.612180996600700382e+02 1.422331523853056979e+03 1.870945221730509900e+02 2.221974975102545784e+02 9.872164698203505395e+02 1.571282007744045472e+00 5.661219105054881595e+01 1.557661936299521983e+02 3.872844213008469438e+01 1.572502297728670101e+03 9.363610556576365980e+02 1.637728068474343672e+03 3.785595503475028067e+01
0.000000000000000000e+00 3.805663115124858109e+02 6.494415416057627226e+02 2.802896783893159549e-01 5.660805520860153592e+02 3.931581039223557354e+02 0.000000000000000000e+00 1.106074644524779105e+00 0.000000000000000000e+00 0.000000000000000000e+00 0.000000000000000000e+00 1.205229129408370682e+03 0.000000000000000000e+00 2.022876607040806505e+02 1.106689865672507040e+03 0.000000000000000000e+00 0.000000000000000000e+00 7.503138188937622317e+02 8.523076579554532373e+02 4.907480670139589165e+02 1.078512514406306764e+03 2.925473337457350453e+02 2.035799007449317628e+02 1.152475961250264163e+03 1.973211712333421701e+02 6.275010544203112772e+00 3.562663946373093609e+02 6.387872491618286075e-01 3.696546620025130778e+02 1.777532545562440305e+02 0.000000000000000000e+00 8.689301404575795686e+02 6.456815382574112618e+02 5.045310209261697310e+02 1.116381472378633589e+03 1.000174925099095844e+03 0.000000000000000000e+00
0.000000000000000000e+00 1.227736116489282239e+02 1.532148375530683282e+00 7.935889311321961404e-02 4.364899586343145010e+00 1.384202283766243795e+02 0.000000000000000000e+00 3.557305115289139508e+02 6.446681226959609603e+02 8.208185356592722428e+02 0.000000000000000000e+00 2.557879204077090094e+02 7.008928918911690289e+02 3.493772098859802782e+02 9.671779924459021913e+02 3.096157951500692889e+02 1.027518377016996283e+03 0.000000000000000000e+00 7.683869551812797454e+02 0.000000000000000000e+00 0.000000000000000000e+00 8.515667607180221239e+02 5.381637026754763156e+02 3.204462359067383090e+02 1.000249922018406465e+02 6.517203260661000286e+02 0.000000000000000000e+00 5.878512429348130581e+02 1.403013004122708480e+03 8.217561885730129916e+02 6.451310346501426807e+01 0.000000000000000000e+00 5.113632256567116201e+02 5.528308928692379141e+02 4.907340217590219140e+02 1.759587235094360040e+03 2.310679933019767773e+01
0.000000000000000000e+00 6.774930131724241846e+02 1.483619463455045661e+03 5.001028324837667682e+00 0.000000000000000000e+00 1.280495078401317869e+03 1.216134630557923089e+02 2.236418825162849657e+02 8.934359748342309331e+02 0.000000000000000000e+00 3.847333500216058155e+02 9.812285862803221681e-01 1.111180660949428400e+01 0.000000000000000000e+00 5.514898093985834748e+02 3.401083789205467269e+02 1.107851678672594062e+03 7.914040507642561124e+02 3.682808984366549021e-01 6.292746240615696252e+02 9.944432611978896830e+02 0.000000000000000000e+00 0.000000000000000000e+00 7.271511043781980277e+01 1.263864912305607049e+03 0.000000000000000000e+00 4.176151980031535800e+02 2.643132729376204111e+02 1.377871860269661056e+03 0.000000000000000000e+00 1.257547441070256355e+03 2.950640066185193788e+01 2.479044386571706866e+02 1.667526746789371259e+02 5.433986118653476751e+02 1.801197909922331633e+02 1.100484873551318632e+00
0.000000000000000000e+00 0.000000000000000000e+00 0.000000000000000000e+00 0.000000000000000000e+00 0.000000000000000000e+00 1.410134439175237503e+03 1.384933196276687113e+02 4.428604251750681442e+02 6.494422357944869439e+00 5.462352344251045224e+02 8.904443746941954885e+01 9.621679823741512791e+02 3.026780429075867218e+01 5.503150710203733809e+01 6.738334604154404133e+02 0.000000000000000000e+00 5.373302205417206778e+02 0.000000000000000000e+00 1.248437186463709395e+03 1.771981273754421409e+02 7.984149545074967591e+02 1.213340240310600393e+03 0.000000000000000000e+00 1.463160847743091381e+03 1.638698448250723914e+02 8.613062192572901949e+02 1.056235953509479259e+03 1.227949671614812921e+01 1.179199413713325413e+02 7.266782235774998933e-02 5.492323431091065231e+02 2.520529400234805735e+02 1.680705797393892169e+02 5.175282329162949964e+02 1.687120415580614917e+03 0.000000000000000000e+00 8.691799963742305408e+02
