output/example_1/lateral_incision_000383.asc
nrows	75
cellsize	13.33333333
xllcorner	0
ncols	75
yllcorner	0
NODATA_value	-9999
[rows 34 to 50 of 75, columns 37 to 73 of 75]
3.945056740824460917e+02 5.658847008574963411e+02 1.255694425286999127e+01 4.706345025840875564e+02 2.587356505250913870e+02 1.144034901743565570e+03 1.779924736452576894e+02 8.333793725302318762e+02 1.384263652541800411e+03 2.448094583670130078e+02 1.294701402973922313e+03 1.069147058890562541e+01 9.319213619600503762e+02 1.602683179369234722e+03 9.382495306329586171e+00 8.960424954612626607e+02 1.594338645348886985e+02 5.690649061291942417e+02 4.803208720611780222e+02 2.896894144510953879e+02 3.107654257992549560e+02 1.500446449167755532e+02 7.122004969415382902e+02 4.679931924996751924e+00 8.599051214439066726e+00 2.580489955341554165e+01 1.255611017385075911e+03 0.000000000000000000e+00 2.105820299192554330e+02 1.631852301148610422e+03 1.471096220546774980e+01 1.638017648738243395e+02 1.081700160550240525e+03 1.315860432014029129e+03 1.929920693238982565e+01 8.088974112700876731e+02 2.485773110896889193e+02
1.599129304386384320e+03 0.000000000000000000e+00 1.772426305707693075e+02 1.335573307849315761e+01 0.000000000000000000e+00 1.724733569265517190e+03 5.417067777751772155e+02 7.701952548727483361e+00 1.928434965490899629e+02 1.408228157691986326e+03 4.564432804717498016e+02 0.000000000000000000e+00 8.543332779590728023e+02 1.393229903715437956e+02 9.920619321296794624e+02 7.304617366186834033e+02 1.430402988004708220e+02 7.328880233399166855e+02 1.062379275522062699e+03 6.939058938889410229e+02 1.779351119693929490e+02 9.399007089504322039e+02 1.356519252551400541e+03 5.353506738440792105e+02 1.513784811546828223e+03 8.685188841385303249e+02 9.885631594167675473e+01 1.902827884979330122e+02 0.000000000000000000e+00 1.376762168627059054e+03 5.083411068414302036e+01 7.656688181829047153e+02 7.755037980188808966e+00 1.868787135377491495e+02 4.782721700931853093e+02 8.820654663868953094e+02 1.249416121702756328e+02
4.183389703739912036e-01 4.703327284822440113e+00 1.628166014844380015e+03 5.775120725559504535e+02 2.756581031331328191e+01 5.818596791914928872e+02 1.047695312822167807e+03 6.320784374889871060e+02 4.175892506799375070e+00 1.329473975754711773e+03 9.166482622202944412e+02 1.204143408044437138e+03 9.274407489578408104e+00 1.034584233703154723e+03 9.960276793780146818e+02 4.454990359645540821e+02 4.154804795835581785e+02 4.238705766654736635e+02 1.203660796864162608e+00 2.019115303532123562e+02 2.256303618295591562e+00 0.000000000000000000e+00 0.000000000000000000e+00 2.185014950930190878e+02 2.370882573499161428e+00 1.813601858966525926e+00 8.730597494097122535e+02 2.918326454595687096e+02 1.180469024886546322e+03 1.376056532816529057e+02 1.360001385262012974e+01 2.340523098869754222e+02 1.261793750381131986e+03 1.754450531201578315e+03 2.280320158539051434e+01 9.208901572438390986e+02 6.244754431759690760e+02
1.097727435354281852e+03 5.918618803134750124e+02 8.749420023683812886e+00 4.985450582085948490e+00 1.398006752093145451e+03 1.745216565453591500e+02 9.845416729498520647e-01 1.264547822466106481e+03 1.624978984863219011e+03 1.095701388438601320e+00 1.122616613929614857e+02 7.699200088975045375e+00 6.401694222516349555e+02 1.411085189885706193e+01 9.538175872610316075e-01 5.602744846082741788e+02 1.028929599687060318e+03 1.324722925412437178e+02 6.480092079675374634e+02 3.145045023759864122e+01 8.367597238611811008e+02 6.176066961689379013e+02 6.570555589055053360e+02 8.989918512064376728e+02 1.474363098352397401e+03 1.139641361104973157e+03 0.000000000000000000e+00 3.718284865014932734e+02 1.228371662500912436e+02 2.613162478060570493e+02 1.139594783805053346e+01 8.179968115795595622e+02 8.580985246222143132e+02 5.921945131945769845e+02 1.250503241452033535e+03 3.915958341620986403e+02 2.740421699902868795e+02
0.000000000000000000e+00 4.226310599071979937e+02 1.567943579439897348e+03 4.097718421237101438e+01 1.156834545666922009e+00 1.025426430392681596e+03 1.384399297617381535e+03 1.369797688328829963e+02 1.501287887375371213e+02 1.296850558672891793e+03 1.426273221500563579e+02 1.228650959209925020e+01 0.000000000000000000e+00 1.070419955623707892e+03 9.740236679754205795e+01 6.566499162041128379e+00 0.000000000000000000e+00 6.354043418657563507e+02 5.687620541299163079e+01 6.654135760330475158e+00 6.087027952900035643e+01 2.768093511149817054e+00 1.393012060543157986e+03 3.068755730198013225e+02 1.143393052249049106e+03 9.720964415553225990e+01 4.954407203397041712e+02 0.000000000000000000e+00 5.601784349553003040e+02 9.045894309996553773e+01 3.770703610325621291e+00 7.807282025955849747e+01 9.381471942600279590e+01 2.377705434654455996e-01 6.294850800450008137e+02 0.000000000000000000e+00 3.894806451104300038e+01
1.554770141117316768e+02 5.166799750689007169e+02 4.434054149617696616e-01 1.096045030419184513e+03 1.226947095772916782e+03 2.385128462932426885e+01 9.172368959597928324e+02 1.133505984417832906e+03 1.088424349699625964e+03 4.481818272888390311e+02 2.581350763626537059e+01 2.110754329743858477e+02 1.035100891009153941e+02 9.557773663858517921e+01 1.260735247558881298e+02 8.276199032160055822e+02 1.229126532452447549e+02 4.647451166567856262e+02 9.434265554249790853e+01 9.196345981201570794e+02 1.181595926257565679e+03 1.349958439301782107e+02 2.608058845277824034e+01 6.706153992732558078e-02 7.361654053128629585e+02 2.579014342521551839e+01 8.815769167336503642e+02 4.702812523621485497e+01 6.146000248367050744e+01 4.038855606184526437e+00 1.275136943759137239e+03 2.471630902169530941e+02 5.649301379967215553e+02 1.283120608895609394e+02 2.169048359055533126e+02 4.786581600617115129e+01 1.862282635041153753e+02
8.897898904589497988e+02 9.054570992386252737e-01 8.658482112482758453e+00 4.965600100969830919e+02 1.148972332426876392e+03 1.311417332151414712e+03 0.000000000000000000e+00 1.507527991735659953e+03 1.368529229879107788e+03 3.937782853755565249e+00 1.799557645416389846e+02 1.209579093637479218e+03 4.295810736643870342e+01 3.372525786279211388e+02 3.979074842354307862e+01 3.066028243388578267e-01 8.063118117410571131e+02 1.154881752735109103e+03 1.195289589786782045e+02 7.914779159192662519e+02 5.349796635234121140e+02 1.166849527803743968e+03 8.027387795835136330e+02 1.073185645280558674e+03 3.993833481277721376e+02 1.286352071380332063e+03 1.353929782327724297e+03 8.672431345557497480e+02 5.404751812459674056e+02 8.654326238714070696e-01 3.610778537402651409e+02 0.000000000000000000e+00 4.412981660211128769e+02 1.325941338292479486e+03 2.599844559181672139e+02 6.972018912456034059e+02 5.197729576949959851e-01
4.316608552292202603e+02 2.042507731009557972e+02 1.046238004100987837e+03 0.000000000000000000e+00 1.808444256465658668e+02 9.683037642561943130e+02 8.204721919351316046e+02 0.000000000000000000e+00 6.591911837191808843e+01 1.025336136655945211e+03 5.064295779508853457e+02 3.017142910648107659e+02 5.636289847050517804e-02 1.556686318234706619e+02 1.399238827579623479e+00 0.000000000000000000e+00 3.332637434424104299e+02 1.593963184829579177e+03 1.151061930099780994e+02 6.446609456853807387e+02 1.798954729553026652e+02 4.687252216384945882e+02 2.737672349131530791e-01 1.984421708640388715e+02 1.460362205728695244e+02 2.015335233352279687e+01 1.292939067711056396e+03 3.374971994988814572e+01 1.092419069410972270e+02 1.923380540996859267e+01 2.877640297404835223e+01 2.444973608264143365e+02 1.985664821622469276e+02 3.442597898091344746e+02 9.934396809550961507e+02 0.000000000000000000e+00 2.929565454436339067e+01
1.500647692293871387e+02 1.324749024745280224e+02 9.338329906829342235e+02 4.750410994073059889e+00 1.057077613846668328e+03 6.524789138883693340e+02 8.097554276002759934e+02 9.000407515804836223e+00 4.291804903212777522e-01 5.551913047267374850e+02 0.000000000000000000e+00 7.696666931193782375e+02 8.769895493266686515e+01 1.957817347945810527e+00 4.423626473795101219e+02 2.840877312690506074e+02 4.486437302840044481e+02 7.198980407534590142e+01 6.241202565488168830e+02 9.849605392142703977e+02 6.633213608702250212e+02 4.744603507664782569e+02 0.000000000000000000e+00 7.323367451827894570e+01 1.044490558059958630e+03 2.437201809616318542e+02 2.045049177365644368e+02 2.039118977734679845e+02 2.061789883682600966e-01 1.121087103458369967e+02 8.634741563003018427e+02 3.798509053952639078e+02 4.798240252650828097e+00 9.765782241207774632e+02 3.733611435488409143e+02 1.273015940542524049e+02 2.540809217641516327e+01
5.013356303304537960e+02 8.242484239597862370e+02 2.297194915684766841e+02 2.960061998598096125e+02 2.547920571841241895e+02 4.208560712355799183e+02 1.992933974460112836e+02 1.368509369189688698e+02 3.782782597604882890e-01 1.837917729586280529e+03 6.661707397516881883e+02 2.646070780183150646e+02 3.214487143363429595e+02 0.000000000000000000e+00 6.354511045095456439e+02 1.865234563025058492e+02 1.639166237383717544e+03 1.238319400780827522e+02 1.638654935917955754e+03 7.077970936457003290e+02 7.321910332852768306e+02 0.000000000000000000e+00 7.910953035917406169e+02 2.568271762539782802e-02 0.000000000000000000e+00 1.025777383581171534e+03 1.028726716277413061e+03 0.000000000000000000e+00 1.217698187207256751e+03 5.288090082955728803e+02 3.320285770991102225e+00 6.174074023805522984e+02 5.724054507602747890e+02 2.728113087799401342e+02 0.000000000000000000e+00 4.889606882114981659e+02 3.931499755462871235e+02
3.274739596131797992e+00 7.299397149414336354e+02 1.208294517638347116e+02 8.311180453567197368e-01 4.477085451033852905e+02 5.832237418562699531e+02 9.893651069791059172e+02 1.166234815790919299e+01 4.994953360126847315e+02 4.390150482969890966e+00 1.728753372227825125e+01 4.537276102469957095e+02 1.801311790369086907e+02 1.257329926389154252e+03 5.346882790917863986e+02 2.467164249644806375e+02 7.146377452183874084e+02 4.835720221373030370e+01 1.492071743915308559e+02 6.048790397564551995e+02 2.014852011772676832e+01 5.059001540401001193e+02 0.000000000000000000e+00 2.850259997770791287e+01 7.695652355357009355e+02 2.116392917030025966e+00 1.262273568027754209e+03 1.129147134052123219e-01 5.439133054986572233e+02 9.453598523364030370e+02 1.547103371997841123e+03 2.260295125721898657e+01 6.205213190923625000e+00 8.842587933891435625e+01 1.386771973536471251e+03 1.156660090171217917e+03 1.905585023429118863e+01
2.396898642224415426e+02 4.669832150642918833e+01 2.040444928572378558e+02 5.406570470571044780e+02 2.310479923271098812e+01 1.630349336833401708e+01 4.639403105257653981e-01 6.836671567564815177e+02 1.171110540476064216e+03 9.845385447040061990e+02 4.915799352565538243e+02 3.717769730355728370e+02 1.065948060944071187e+02 7.020247096947673349e+00 4.948329947509668614e+01 9.016850443358456459e+02 2.162894668149394306e+02 3.346287323685812254e+01 2.616931636509922328e+02 3.805300587747254326e+02 9.085424610495248317e+02 3.089088861923584091e+02 4.874564655012371617e+01 1.195188983686477258e+02 5.018423214826039498e+02 0.000000000000000000e+00 2.173324398253257925e+02 4.941059985657101361e-01 8.017960958331889287e+02 4.058811416672930363e+02 2.613350844598823741e+01 1.048163320311504776e+03 8.448409231145892591e+02 5.936096908634858949e+01 1.644585367516880936e+01 1.664349416781985838e+02 2.828985488041297458e+02
4.148752452501578425e-01 2.191725508816216106e+01 3.419092930147792941e+01 1.966831074794729943e+02 6.996928912946578976e+02 5.830711850138784484e+02 2.126151256724281069e+01 1.113723639186872788e+03 2.858498062064551704e+01 1.037226800251118902e+03 9.256628197607630000e+02 1.482005138883751840e+02 0.000000000000000000e+00 3.075071238159778204e+02 3.481097991244213290e+02 1.487987864475071092e+03 2.217529315015973168e+00 1.196853108408956132e+03 1.140564361207728297e+02 4.070584123697611290e+01 1.315319166521396255e+03 7.926958293045960602e+01 2.704460970933342256e+00 5.303232383855088301e+02 3.042056473364916656e+02 1.274252157617795547e+03 0.000000000000000000e+00 9.522475573813492247e+02 9.035804054792059787e+02 0.000000000000000000e+00 1.490161346830427078e+02 6.302149349968846082e+02 1.118263837379908523e+02 7.251211969308321841e+02 7.720053718242946843e+02 4.765901134186862720e+01 1.223466035656015549e+02
7.677501133985459774e+02 7.288480607385628218e+02 4.641218774486040388e+02 2.693418363561971063e+01 1.037849569854500032e+03 1.964012629290734155e-02 8.250569765982265835e+02 1.147248753124970335e+03 1.066162678166997694e+03 1.399038865267183951e+02 2.826427594742400515e+02 2.848968015827141471e+02 3.593667036279404869e-01 4.626525709261408714e-01 5.787191230222473450e+02 5.970123854069449862e+02 2.979244046196033224e+00 1.283287279901331317e+02 8.365077965459578309e+02 1.098042335935480313e-01 3.048237850634963593e+02 2.877937912985233311e+02 8.663984731106567097e+02 2.666977254187360558e+01 2.644165462557097257e+01 4.326975395176045680e+00 3.201239810993723012e+00 3.577626559965975730e+02 7.678888026875470985e+01 1.348915884497172101e+03 9.433930772899303747e+02 6.479629059644009885e+02 1.496786435035874376e+02 1.040406097974832846e+03 9.133399017572664036e+01 1.381412826967794444e+03 5.484732870255235184e+02
0.000000000000000000e+00 0.000000000000000000e+00 0.000000000000000000e+00 1.044717768321473386e+03 1.448487585684227270e+03 3.056861366278962877e-01 1.424299901431691524e+03 4.638703060630582513e+02 3.402244218362551464e+01 6.171362018027114898e-02 4.426764820399392875e+02 7.926734340141282642e-01 6.614753434123483657e+02 1.138083336190504042e+03 8.079984639702221330e+02 2.335374529693005297e+00 1.432656433501014817e+03 1.029215906415923200e+03 0.000000000000000000e+00 5.928346032827655563e+02 3.804614959203853886e+01 5.950195435858556436e+01 8.449837958985775686e+02 1.730293224463262504e+03 0.000000000000000000e+00 1.450604675895830269e+03 1.523638264396302247e+03 0.000000000000000000e+00 1.407957801767268165e+03 4.359428537757926492e+00 1.061135199851818385e+02 1.121554174089282867e+02 8.837286467547592110e+02 1.222259123689042553e+03 4.952510423307036262e+02 3.873017453247955899e+01 3.070178049910318236e+02
1.303203152016124932e+03 0.000000000000000000e+00 0.000000000000000000e+00 1.586828872235510062e+03 2.403101429556388238e-05 4.827061512082399304e+02 9.493375864636719825e+02 1.116115938115577411e+00 8.459291019283872402e+02 1.091190478487545050e+02 2.738791430257776369e+02 5.687786854905247083e+02 1.692612803902260907e+02 4.683417554365497608e+02 1.568864217808392958e+01 3.488688458386226898e+01 2.571256563636478631e+02 9.722394397142024900e+02 1.386812568465355071e+03 4.676514526982207371e+02 7.605876457613687762e+02 3.410048191459087548e+02 0.000000000000000000e+00 1.481055744512051398e+01 6.610473616970804187e+02 1.063321888222200641e+03 9.495946922053866501e+02 1.377969737026739665e+02 6.597749806047685297e+02 2.076651193848306605e+02 1.045792804967847815e+03 1.741109081347577359e+01 4.409387321490291924e+02 0.000000000000000000e+00 6.854666313096093972e+02 1.133917942138524950e+03 5.569224480640966135e+01
4.424777448574034224e+02 1.029187279601776481e+03 1.261828884234570523e+03 0.000000000000000000e+00 0.000000000000000000e+00 0.000000000000000000e+00 8.828515825556069103e+02 8.172201354402432116e+02 7.300125519758105952e+01 1.425328983897494936e+03 5.366193754272738943e+02 1.460038630548822312e+02 5.418725201239389833e+00 6.241120793509758791e+00 2.840181142877542531e-01 1.674705518760082441e+03 1.510076727935164399e+03 1.301017388307448073e+03 7.544384215153316475e+00 9.088565273587929649e-01 0.000000000000000000e+00 4.741917628918605487e+01 1.440992208346674033e+03 1.488337778623332269e+03 8.797014356684244376e+02 3.910016994739144547e+00 3.526192333285484537e+00 1.668749485615970585e+00 5.424462468130703883e+02 5.052165187140810190e+02 0.000000000000000000e+00 4.977127220741911060e+02 6.271197737392195215e+00 7.523938868269274849e+01 8.873128376945350615e-01 2.358212727420608985e+02 9.608749382758730917e+02
