output/example_1/lateral_incision_000089.asc
nrows	75
cellsize	13.33333333
xllcorner	0
ncols	75
yllcorner	0
NODATA_value	-9999
[rows 51 to 67 of 75, columns 0 to 36 of 75]
0.000000000000000000e+00 0.000000000000000000e+00 1.105763585897183106e+02 4.824850278182994390e-01 0.000000000000000000e+00 0.000000000000000000e+00 5.576963174612311605e+02 7.737898783087922538e+01 1.135638466722763269e+02 4.140178377414810207e+00 2.082297834363021423e+02 2.360167176048103670e+02 4.575873936490589244e+02 4.177370322249523982e-01 0.000000000000000000e+00 6.220155611978497063e+02 1.785028078177750501e+02 1.453450171532464992e+03 6.966638467759466380e+01 6.863676567554459318e+00 3.290776564810637979e+02 1.314468981946190297e+03 0.000000000000000000e+00 1.626857237196064034e+03 0.000000000000000000e+00 0.000000000000000000e+00 0.000000000000000000e+00 0.000000000000000000e+00 0.000000000000000000e+00 0.000000000000000000e+00 2.468778679402212350e-01 3.798657361880167826e+01 0.000000000000000000e+00 0.000000000000000000e+00 0.000000000000000000e+00 1.301406486503413134e+03 0.000000000000000000e+00
0.000000000000000000e+00 5.652884978311060422e+02 1.707127462681914380e+02 1.053138122128244277e+03 1.132813518944985054e-01 1.212027575480543184e+01 1.800674628102402153e+01 4.661741264733843764e+02 4.594583670872632979e+02 1.365098019449047115e+03 1.327420036138739306e+03 2.843241287021670587e+02 1.317358667165413863e+03 4.674128269500670285e+00 0.000000000000000000e+00 1.341831108227740287e+03 8.856487357986576114e+01 2.224035679870257809e+01 0.000000000000000000e+00 1.341718454104239527e+03 5.901592634277581055e+02 6.224099770385907959e+02 1.800864348038687694e+02 5.289195185816020057e+02 3.112657856303521271e+02 1.411778728306498124e+03 1.066416432358881366e+03 6.197375048379566209e+01 3.405824753026177518e+02 5.163899702912914336e+02 8.209611574212269716e+02 8.465854820035106059e+02 8.526186880461309556e+02 0.000000000000000000e+00 0.000000000000000000e+00 9.157186695642237737e+02 2.780706643509598308e+01
0.000000000000000000e+00 7.997562884907442822e+02 1.678569403017893592e+03 1.183433163012650994e+03 1.623620303967619520e+02 4.714335569573862017e+02 1.479910788838331825e+02 1.082688793533472165e+02 2.915286157217613550e+02 9.603235109219815513e+02 1.626938195518102259e-01 8.281360822387219969e+02 1.225257109196936653e+03 1.054494102547629382e+03 5.319903038896696899e+02 2.952139239150161529e+02 1.876813174064799625e+02 4.044508508742197250e+02 2.347190357798334404e-01 6.176552158409466529e+02 1.113800543972125979e+03 1.885123426483226012e+02 2.146738435159454070e+02 2.994610242872874437e+02 4.526329011216074036e+02 9.331329501811034106e+02 8.434066628841280222e-01 2.993738366892419549e+02 1.165342292380488061e+03 0.000000000000000000e+00 0.000000000000000000e+00 5.881592997602271566e+01 5.069851289116764974e+02 1.058789206003095842e+02 1.645439608614174887e+01 7.199986658023804864e+01 5.711393255401227975e+01
0.000000000000000000e+00 3.745158090211214841e+01 1.000715625881160946e+02 7.734156576800581107e+00 3.401414363053599743e+01 3.260984174022314050e+02 2.307789992692358396e+02 3.272653164752011321e+02 0.000000000000000000e+00 6.660833997932765404e-04 1.106057019066365683e+03 4.350275031782712176e+02 9.676305368053062921e+02 1.122349256506801041e+01 0.000000000000000000e+00 9.744723448265381194e+02 6.906168903928117686e+01 4.682739559450026832e+02 6.035288159384410847e+02 1.026807415246323352e+01 3.332768804264392770e+02 9.767397247239156144e+00 3.172054802653283332e+02 2.466161225485487876e+02 1.165777083626846888e+03 2.210965924446843545e+01 1.441096339495823486e+03 5.447728755768383735e+02 9.469719145840092551e+02 5.957526001866889409e+00 2.985496902808021105e+02 1.016637446391334493e+03 1.294489847462642729e+02 1.507038645185719361e+03 1.425355767841963717e+00 1.137920277601480848e+03 1.021192516630911769e+03
0.000000000000000000e+00 1.719356565276837614e+02 7.131085328316150935e+02 1.513553249287162544e+03 1.093046304462726312e+03 0.000000000000000000e+00 1.204875645724928972e+03 1.293234920269880377e+03 3.196613862585474664e+01 0.000000000000000000e+00 8.097542696337769996e+01 0.000000000000000000e+00 1.324825297961715478e+02 4.998552856912790077e+01 1.070625634230545302e+03 8.326100825712242113e+02 1.103541119659235790e+02 2.105004254533131700e+02 7.827299241093310229e+02 3.326003936477926004e+02 1.069191884795731440e+01 1.203008193966421047e+01 3.063765681487690813e+02 0.000000000000000000e+00 2.235659387107095597e+01 4.100323244027147211e+02 8.960151941805855813e+02 5.715186730952414109e+02 0.000000000000000000e+00 1.560211227129683493e+03 1.169762496763377612e+03 5.219539237040178392e+01 1.157729563754332958e+03 7.765756437817738060e+02 9.952933099019482199e+00 1.020739854167851135e+01 2.248224091818069326e+01
0.000000000000000000e+00 8.198156038205668210e+02 1.347227262287844724e+03 1.146030543065854999e+03 8.100836491123616270e+02 1.514411886494215196e+03 0.000000000000000000e+00 5.430957249767866415e+02 0.000000000000000000e+00 1.032222820938239787e-06 0.000000000000000000e+00 3.865066979256656584e-10 5.799158913076285808e-05 5.245343011236420239e+01 8.046282745538335348e+02 1.076482492177217518e-02 6.388442446204192038e+02 6.520053211002956459e+02 1.157625013257892022e+01 1.709841442310287505e+02 9.640506589957823280e+00 8.416480506021129031e+02 1.076572898870744211e+03 1.117437089316780884e+03 1.886631888571639548e+00 1.393973812217795967e+02 2.657251681853206264e+02 6.766795295144726197e+02 0.000000000000000000e+00 0.000000000000000000e+00 5.188185556182048686e+00 1.593130997302004062e+03 9.774955682662049412e+02 1.758761122883840244e+03 1.198526557076726995e+01 1.152728891987619818e+03 1.473425596618561258e+03
0.000000000000000000e+00 8.073194968845124322e+02 1.492740346846867681e+02 1.272924687387009044e+03 4.741958341203106784e+02 5.188840695585428193e+02 4.205723456551788217e+02 1.068774568848430135e+03 2.466246788319284278e+01 8.976994651588022407e+02 4.078815930861843526e+02 2.302235548513747447e-09 6.260049252717586549e-07 1.566047563494757000e+01 3.995062707357488989e+02 1.141277183070721776e+03 0.000000000000000000e+00 0.000000000000000000e+00 1.585656282718501586e+02 7.010602156918054690e-08 4.739020780364948564e+02 3.899493792232039482e+02 6.633722216621696361e+02 4.558601383940094109e+01 1.307824381158811775e+03 9.363335092178232344e+02 7.304179717652588977e+01 3.308798945833799365e+01 1.429329114365257965e+03 8.409852862046139990e+02 2.441052201237763342e+00 6.556274116193859527e+02 5.413436874040048679e+02 1.858393655297160763e+02 3.062579713850662984e+02 3.235399692049463205e-01 5.593004059860562904e+01
0.000000000000000000e+00 1.667355042569132024e+02 1.555911820189449600e+03 3.924065134164885227e-01 2.307278053184793691e+02 1.461689831419267804e+01 2.645587807495418247e+02 7.597812439795088721e+02 5.070592853826913711e+02 5.627214368398579154e+02 2.255353997290404777e+02 1.643585396076004956e+00 3.319095043575595696e+02 6.479128716259711496e+01 1.774632497402350850e+02 1.202392390999739519e+03 0.000000000000000000e+00 0.000000000000000000e+00 4.972444205263581551e+01 3.356939961392008627e+02 6.535617819322989419e+01 7.165665440318552726e+01 9.051034888944185752e+01 8.571422147077138334e+02 1.165288608983407357e+03 8.483171705167219610e-04 4.505587102982624401e+02 2.887340047023453948e+01 9.378500127992174384e+02 1.320166497919203596e+00 4.365711357304018065e+02 0.000000000000000000e+00 8.611640400779549509e+00 8.691463848943346380e-07 5.334448778971344609e+02 1.517666180545818311e-01 6.658987493015308701e+02
0.000000000000000000e+00 0.000000000000000000e+00 2.364617404724861416e+01 8.400316546095587000e+02 9.907741037802023243e+01 6.690694361936793939e+02 5.520808147124719198e+02 6.690439429233313717e+01 8.343204901906013902e+02 5.604061306734636219e+02 4.939629663524234502e+02 4.802666294579493069e+02 0.000000000000000000e+00 5.587120109052211570e-01 8.779151626651436402e+01 1.440794540661978829e+02 2.741397339319416204e+01 1.485877060194130479e+02 6.291573269986080277e+02 3.072515694824921297e+02 5.962936618061133842e+00 8.566831516682698293e+02 4.942002331987607988e+01 5.744854021840151290e+02 5.357303156523495318e+02 8.760489260365186936e+00 6.598616292216203192e+02 0.000000000000000000e+00 4.957708195240923210e+00 1.082361736602304973e+03 7.884458096341446662e+02 3.119715215693786377e+02 3.957259250393204297e+01 4.298910926143320665e+01 1.063057853215599025e+01 0.000000000000000000e+00 0.000000000000000000e+00
0.000000000000000000e+00 1.219355055108323285e+02 2.210563473997646611e+02 1.252691359158447767e+03 3.077875570348136876e+02 5.883013914454943460e+02 3.720554705255951689e+01 0.000000000000000000e+00 5.845954017829131999e+02 1.014955680152729315e+03 2.478578342527568452e+02 7.521674960120418518e+02 3.685459652086484539e+02 4.321955616579840580e+02 5.479935208721208255e+02 1.055329204817740987e+02 3.868299652734249889e+02 9.452412481439999681e+01 6.285957137144657736e+02 1.820170720167944654e-06 3.851024056348966838e+02 6.909679325352416299e+02 2.973685382875680148e+02 3.010541046240279002e+02 5.496456041911401371e+02 1.764607124113401682e+01 6.600211033111062306e+02 1.078371534933254452e+03 3.796057887168816647e-01 1.051823201963419933e+03 1.064188389896891067e+03 1.553237850957322053e+02 1.609003247656888220e+02 2.473148896069570526e+02 6.171093602707738990e-01 0.000000000000000000e+00 0.000000000000000000e+00
0.000000000000000000e+00 1.625278238117364253e+03 4.411953798042853236e+02 1.625780581114630422e+03 1.074027908427246075e+03 2.978538063883693354e+01 5.027481488499989837e+02 0.000000000000000000e+00 1.333474987617047645e+03 1.693072108960982632e+03 2.546955418629675592e+02 1.673208270148387328e+03 0.000000000000000000e+00 5.633517873601614383e+02 0.000000000000000000e+00 5.810443699092189718e+02 1.334413754541828666e+03 8.038769935622722187e+02 7.612826033431048245e+02 1.490626669307087404e+01 6.287625955234285584e+02 3.379649015427588097e+02 0.000000000000000000e+00 3.648335569752289871e+02 8.849117175114378142e+02 5.404702390761969610e+01 2.661523268213858273e+02 8.914488674943532942e+01 1.094662700198085076e+03 2.661679075706858839e+02 9.686041309934201138e+01 3.782647167897338818e+02 1.542923976793410702e+03 2.921264498707191137e+01 1.709481212571938386e+03 7.862313789715949497e+02 7.075600864518688695e+02
0.000000000000000000e+00 0.000000000000000000e+00 3.280363237313454139e+00 2.842622258186621025e+02 9.477806234852769762e+01 1.419566518723091519e+02 7.309739611269656052e+02 2.266876059977217805e-01 1.407175806409020197e+03 1.437288821854492426e+03 9.476117466162961023e+00 4.178531116559775000e+02 5.225519248739586828e+02 5.076341692344857961e+02 6.377814630826986786e+02 1.125175103832580135e+02 0.000000000000000000e+00 1.073558642484739266e+03 4.271384801002052711e+01 2.919871240119962863e+02 4.519886161079729447e+01 8.746466036168074609e+00 5.354230039069531131e+02 7.097919567733010808e+02 5.065010885815159725e+01 6.479542708444181471e+02 4.647960409043940366e+00 3.059810221196108273e+02 7.832266483822334635e+01 2.214847930625613581e-01 1.903277185965865037e+00 2.235273860303052800e+02 1.240884317984001427e+03 8.418847407220121370e-01 1.126374728622533439e+03 8.495726600496379399e-01 6.152004808972340015e+02
0.000000000000000000e+00 1.395843757771096307e+03 5.315793431491981664e+02 1.458309620690568181e+03 0.000000000000000000e+00 1.277668131966621331e+03 9.375754761457046698e+02 8.524310583519138618e+02 0.000000000000000000e+00 1.939839268834470110e+00 5.799734618733571097e+02 6.538935365788697709e+02 6.284313777039587379e+00 5.649570305291543946e+02 0.000000000000000000e+00 2.922498817773298470e+02 1.345861296100210893e+03 1.257941484232609497e+02 6.100424250976392386e+02 1.788092712420072061e+01 4.998812305719575306e+02 6.929330058739230358e-01 5.904452899883340322e+00 1.662647188091190609e+00 1.329166467316868250e+02 1.662504401664645215e+01 4.852625874041645915e+01 5.291042299450645032e+02 5.234038437684550900e+02 9.932194632957481417e+02 4.125091855743982023e+02 3.523803687872569981e+02 6.382614613317335284e+01 7.946090221048405056e+02 3.086527488611764611e-02 2.878638284029032093e+02 2.191442024128914312e+01
0.000000000000000000e+00 0.000000000000000000e+00 3.720617185605963755e+02 3.305800309679279394e+02 5.081467343510519186e+01 9.166085144014301704e+02 8.557649507292678663e+02 8.012497720416073435e+02 2.657661204388281817e+02 3.714378489751414918e+02 1.180613716887698502e+03 8.749247794860730210e+02 1.817340156026142211e+02 2.865475278228988145e+02 5.232355936533480190e+00 8.193849252651295956e+02 1.260453894584984937e+03 5.299120440616845826e+02 4.324562335378650602e+01 8.726507492209315160e+02 1.161805891337152843e+03 8.211164916779209761e+02 4.963296405702361085e+02 9.648477290789634253e+02 1.691253787296344910e+02 5.651094428584003992e+01 4.895276104756860605e+02 6.642364379871206665e+02 4.351166495324155647e+01 2.187556979698664748e+02 2.989594912034767731e+02 0.000000000000000000e+00 0.000000000000000000e+00 8.082908050276531640e+02 2.675616920841498991e-02 1.117424423180367967e+03 3.503863653193765515e+01
0.000000000000000000e+00 6.514974144048335347e+02 1.250872139697678449e+02 2.614854065129963712e-02 5.896585693778059749e+02 7.532729543431170214e+02 1.626300405629626539e+03 2.477643567881084419e+00 1.524656259674001149e+03 5.753287897859258919e+02 6.188432863127857217e+02 5.921375129360054643e+02 5.776315110494482497e+02 1.885206107218994731e+01 4.344554869221063313e+02 0.000000000000000000e+00 6.278151270137853999e+02 3.292358035673445329e+02 1.624868640425025887e+03 0.000000000000000000e+00 2.617640261700733362e+01 2.268830079974633307e+01 0.000000000000000000e+00 3.274832997919526201e-01 1.107456377961155340e+03 1.059323113280384632e+03 0.000000000000000000e+00 3.551480142882024893e+02 9.047719104133193468e+02 1.354679211770566383e+02 2.031500261457591705e+01 0.000000000000000000e+00 6.997355048410776135e+01 7.630877516466021007e+02 2.919737134725349392e+02 9.725964522093992173e+02 1.539760843257966449e+01
0.000000000000000000e+00 0.000000000000000000e+00 1.408395675923276940e+03 5.108142144330700063e+01 1.675788509686783243e+02 0.000000000000000000e+00 0.000000000000000000e+00 0.000000000000000000e+00 1.251090142115623621e+03 5.894684977700848094e+02 8.137833470104919797e+02 8.936897050314601074e+02 1.139618480680005490e+02 2.345242055152102623e+01 1.313921887986502952e+03 4.684790486372337170e+01 6.129930037929506170e+02 1.438654254252721216e+02 1.452808660064314195e+00 6.171246328679166027e+02 6.910396712809173323e+02 6.678598664746795066e+02 2.829422130588585560e+02 6.017826100244160443e+02 1.298135475061336138e+03 4.922645317917132388e+02 6.431026189269197175e+02 2.047269331053566930e+02 4.904406886867714199e+00 7.077345301984247605e+00 1.237521481474255154e+02 9.487134891967698422e+02 1.007199048970694264e+02 9.183624151655835988e+01 4.089616020206689129e+00 1.278080495376694216e+03 9.832742385472718283e+00
0.000000000000000000e+00 1.178806830570971869e+02 1.597457065149750633e+03 1.255827679598670784e+03 5.879263331971098978e+02 1.602203069658031609e+03 7.332396354611191782e+02 0.000000000000000000e+00 3.883300759318295832e+02 8.148114726628953122e+02 3.917276081435410333e+02 1.150588369568854432e+03 4.216984047298232099e+02 1.603428745128469018e+03 3.158715128540241945e+00 8.893613396344026700e-01 3.954752494188267686e+00 3.840018118857171925e-02 1.616967870741052593e+03 6.943001266712801112e+01 1.237445147477462193e+01 3.037108767286817965e+02 1.543890858163256752e+01 4.620089496453795732e+02 9.856868589291336775e+02 1.858861084257628349e+01 3.811458202448233834e+01 7.076443299132708376e+01 2.681795969313069463e+02 2.916967182535608316e+01 7.889497522382708894e+01 9.846580743004300302e+02 9.908191704685791024e+00 7.350389495932860200e+02 4.222429891550640946e+01 1.439564274790830723e+03 1.712437416864836450e+02
