output/example_1/lateral_incision_000099.asc
nrows	75
cellsize	13.33333333
xllcorner	0
ncols	75
yllcorner	0
NODATA_value	-9999
[rows 34 to 50 of 75, columns 37 to 73 of 75]
6.555988580068278893e+00 8.694024449035993030e+02 1.399459924380468010e+02 6.039006028508592944e-02 1.067929096780234659e+03 2.473183186816318369e+02 1.998198012959829271e+02 3.248463926294688235e+02 9.296274088873874462e+02 0.000000000000000000e+00 1.379349603713451870e+03 3.884865427111554936e+01 2.555818857698547504e+02 1.325045641671037401e+03 8.875189186898265916e+02 8.694141950842690676e+02 1.978684124798408606e+00 3.687723703478039852e+02 3.786245336023545747e+02 3.178141398043440868e-01 2.514554088120665654e+02 6.303280319551091679e+02 7.885368937874969220e+01 1.060820931464668774e+03 1.354172844466701164e+01 4.440237826435122201e+02 9.601366168715535423e+02 7.648252960071621942e+01 4.507192423375059320e+01 9.568249457790226131e+01 1.176410295598731636e+03 2.711244131002646895e+02 1.607245066330116060e+03 1.257128248917768815e+03 1.230935451007034231e+02 2.321016257481680611e+02 4.908523200866626439e+02
1.801852203003584521e+02 6.321898062349784198e+01 6.996748541127229828e+02 3.289814999485300859e+02 3.376237561879932514e+00 1.144649227035248984e+01 5.731300081940391777e+01 4.715665001508251066e+02 5.562080288262540080e+02 3.043725880398068284e+02 4.763173772872228255e+02 7.905017945874546115e+01 1.368153386142134886e+00 0.000000000000000000e+00 7.421659431043244695e+02 1.460918089047049187e-02 8.824878419800553502e+02 9.161410402120354775e+02 8.825003158350912145e+02 3.235320282315594227e+02 4.281338817864748876e+02 4.640630587908984239e+02 4.641466664900683603e-01 7.877819670712038942e+02 2.408123742757634886e+02 2.291124031154061527e+02 1.075835671959261617e+03 2.165021443569415283e+00 1.567423318228730125e+02 2.438369698705978692e+02 4.723658237621978784e-01 2.083655387670794168e-01 5.639708341245326828e+00 1.179538984751285113e+02 1.052567738933149428e+02 6.273151656625923351e+02 8.444291533427892773e+02
6.245870789396690270e+02 2.669382570429292301e+01 1.011304601215328034e+03 6.207075807794476532e+02 2.599443676822796689e+01 6.342884733218512849e+01 0.000000000000000000e+00 4.600960768972817618e+02 2.368723457143933615e+02 1.134410876003955870e+01 0.000000000000000000e+00 1.052889888580874185e+03 9.640041565126931573e+02 6.183827448182178159e+02 0.000000000000000000e+00 2.454010051412289783e+01 1.419010624027507902e+03 1.795944394710728886e+02 0.000000000000000000e+00 3.283595711131532653e+02 1.811955335559531193e+02 2.347180783445310226e+02 9.164013229946329275e+00 1.089496052931106306e+03 2.805696255980292904e+02 2.247494236633539444e+01 3.152289660796036515e+02 3.784682775241479931e+02 8.795231118010296711e+01 1.378301503350361656e+02 9.167864340687933691e+02 1.082886965262097192e+03 2.387676767987040023e+02 6.878111380774918189e+02 7.324257534627985251e+02 1.295125729869751581e+02 2.700219345669768813e+02
1.503257565392919446e+02 4.453354689448462267e+01 2.147506317548697297e+01 1.348145530573136170e+02 6.417649569992164515e+01 5.159060581537410144e+02 6.915647957488261000e+02 1.792587493270156074e+01 2.892639591952943690e+01 2.098023474843980409e+02 4.921458643989872712e+02 5.208694794784443616e+01 4.959754534154128578e+02 8.457421243281190755e+02 4.915579150186346169e+00 1.539357602356041980e+03 5.778609995997351234e+02 6.831178044886786438e+02 7.802389823215186198e+02 7.506361344226696701e+02 1.046187823383360467e+02 2.620828756520348968e+00 6.442232700461879569e-01 9.021643902297491024e+01 0.000000000000000000e+00 1.171713261197409111e+02 3.918919275564700229e+02 3.909385760341141491e+00 4.861074933515790235e+02 1.297092359855759696e+03 1.093363588763620875e+01 5.437339035443653046e+01 8.324198763704534940e+02 2.886754762837621229e+02 1.837088353022926981e+02 3.701448935427451943e+02 1.303770512919635109e+02
3.619648724068912884e+02 2.394050597352953247e+01 4.257487163022113386e-01 8.958321636798058307e+02 2.806357646422154684e+00 5.063062336453344869e+02 3.496866360305165813e+02 0.000000000000000000e+00 8.139376719279590633e-06 0.000000000000000000e+00 2.390806225830952769e+01 8.406584679957883566e+01 7.683259921237298329e+01 7.490084063061100323e+02 1.629995949023563995e+01 1.022050285020899764e+03 0.000000000000000000e+00 4.330308713743038140e+01 1.156338569879518445e+03 2.966428251836911727e+02 1.105255160615480463e+03 5.361137100885396194e+02 1.024875473480568218e+02 6.250678767465311694e+02 6.905340776856745606e+02 3.330383828868630758e+02 5.279767574024924670e+02 1.606250576285257026e+01 4.382213423292199650e+02 7.290462473435816264e+02 1.222441115606665562e+03 1.969717992997780698e+02 9.523693117851863690e+02 1.839022179289259782e+02 8.507220649355890174e+00 6.234631825981144182e+00 3.743092760352283221e+01
1.226455772539263052e+02 4.554357980174636999e+00 6.710720329773471349e+01 3.569783249228464683e+02 9.625672615893097372e+02 4.182497023708921624e+00 1.098842786657355788e+02 1.134144877957128074e+03 7.563021605143268289e+02 0.000000000000000000e+00 2.721594881019962031e+02 1.211926850263285189e+02 0.000000000000000000e+00 7.893727490577794015e+02 2.697114624988638631e+00 1.619084480706031854e+02 1.510875608245372860e+03 9.308529007128819330e+02 3.000987941523911573e+01 5.801027453762744557e+01 3.708507011430872069e+01 3.140328972257514550e+01 1.611973485908259249e+02 1.179339489662114460e+02 1.803867030520584080e+01 3.191439963651475864e+02 1.883947545353528312e+02 5.041131015989360975e+01 4.064495746123579067e+01 2.539949213721087062e+00 7.979307811782522322e+02 3.423011870416225406e+02 7.094570822748029286e+02 2.726699753448984325e+02 4.320818047645799709e+01 1.375205051734332073e+03 6.216737066396399314e+01
3.645928966552211250e+02 4.438398348173263912e+02 2.409531670683668025e+01 6.406524792018889229e+02 4.914224179652048861e+02 2.887285112610972604e+01 2.717744405137852937e+02 7.649417520503121182e+01 0.000000000000000000e+00 5.943460943266398733e-02 8.291403600241956156e+02 4.137835351421898622e+01 6.073160786045116311e+02 3.483294651898036136e+02 1.535818821371495169e+01 1.085023261580515054e+03 1.817479072640161348e+02 1.095639569507340525e+02 1.097229114442893206e+03 3.321853940438475661e+01 7.711344153278992053e+02 8.422621208133973596e+02 8.638629454762424587e+01 4.073701500849945774e+02 1.034457837380481804e+00 1.000102369997297615e+03 7.540700151835787324e+01 1.882741985621347425e+01 1.425216870389366761e+02 7.262993685499644698e+02 1.016900008500837629e+02 5.306583416829282669e+02 5.782624562600818763e+02 2.710524553710922874e-05 3.730922899893436124e+02 2.865430305360276293e+02 2.525727027832722182e+00
3.729594133514124223e+02 3.629048197468867443e+02 3.327322639521370320e+02 3.149967737543913415e+01 3.588577741349574239e+02 6.998553314388224180e+02 5.084739199987371450e+01 9.171292946893430553e+02 1.146989847649943357e+02 3.257652917078058818e-01 7.448594953757347037e-01 1.551557577106234431e+00 8.625326881405082986e+02 8.893894803801484841e+02 1.794011164296556160e+00 8.670964481621956566e+02 1.939823519271560315e+02 2.860076920982238562e+02 3.743725904449834729e+02 3.083769811945367700e-01 7.329989730497383107e+02 1.624121798929800889e+03 4.155105012011602383e+01 3.316108035316789682e+01 9.522721729953730119e+00 6.092176846442468596e-01 4.987015707940847165e+02 8.361323364242698517e+02 2.386924012483613922e+02 3.241386346315654805e+02 3.534529912305303583e+02 5.292455697727973759e-05 7.339763135599754378e+02 3.838469090004867894e+02 1.698819885520568278e+03 2.091850312071071585e+02 1.005249622600577140e+03
0.000000000000000000e+00 7.310356682098580450e+02 1.199214498714956335e+03 5.178939279282483312e+02 0.000000000000000000e+00 5.248718867088849720e+02 8.993872667165142047e+02 1.330562732867924325e+01 1.341411027159651894e+03 1.354099994102580524e+02 1.673465153049441483e+02 3.497614452526529027e-01 6.779356969296215141e+01 2.056518967599613461e+02 1.050128134060150709e+00 1.019556215273282305e+03 9.923709156317421503e+02 7.615401836370471074e+02 5.855325524542914764e+02 4.078846679869112535e-01 9.333399270284975273e+02 5.728971357641479045e+01 8.205513111584094688e+00 7.177632963765156546e+02 9.858614402480203598e-01 0.000000000000000000e+00 7.048140945404708191e+01 2.927214775400260578e+02 2.361478496945703114e+02 2.055525949671341479e+01 7.882328489430219520e-02 1.577284953467728599e+02 1.092918600405898566e+01 1.370140178632670541e+03 1.146072095232893616e+03 0.000000000000000000e+00 5.793162146390692442e+02
1.111827850009181702e+03 6.843947564030747799e+02 1.348058087957939222e+02 1.392563179404497475e+01 1.966422319902301297e+01 0.000000000000000000e+00 1.119776149076311640e+03 1.207055960709009014e+03 4.537637411020332223e+01 8.899860423405500569e+02 0.000000000000000000e+00 2.593310736083352386e-01 5.176845451635682593e+01 3.681476766543403869e+02 1.338284307312468613e+01 8.508619073201759875e+02 1.963859703821576375e+02 0.000000000000000000e+00 1.014419592828462100e+03 1.055890505742214373e+03 1.213845919109418325e+01 2.090608819799934111e+02 3.869925123342406437e+02 4.714982495271079731e-03 1.477252360473128419e+03 6.813899785329663246e+02 4.533235331229509484e+02 2.683712155688792791e+02 8.461090346642506574e+02 4.404658631173759318e+02 8.166494340597543200e-01 3.465755346749344312e+01 3.446284516991104940e+00 4.501753507401027150e+02 4.578385020129453475e-01 6.798454335958875845e+02 9.960514277774229868e+02
5.991317618343032336e+00 3.170056975951795835e+02 7.085776635853403604e+02 3.611804101545265766e+00 1.643549564142011548e+02 1.033204263551558370e+03 1.092237689365783808e+03 1.893454657818366968e+03 1.120375603587883688e+03 1.839746534085967085e+02 1.149733390568036157e+03 3.817542320391257817e+02 7.998796257862702532e+02 6.961243629595383027e+02 4.048480825377267500e+00 2.754514984460302571e+02 3.365131878424924707e+02 2.938884997757583495e+00 3.206227358201315951e+02 8.173057832983430160e+01 9.047411355114202252e+02 1.090893522887554354e+03 5.453586464598541994e+01 1.900685161423244267e+02 3.720004430287523860e+02 1.852814428138327685e+01 2.445489962023614510e+02 4.657482702303342137e+01 2.243581669461580574e+01 1.790565662484614151e+01 3.665225108911930363e+01 1.595976196568058558e-01 0.000000000000000000e+00 4.870907497123435519e+02 9.473088080211965689e+02 2.466343044971496923e+01 2.520998153108123461e+02
1.146765118289476959e+03 6.210204118698348097e+00 2.651550190797416349e+02 1.043334059497064345e+03 1.061465530774501758e+03 5.873248792176106008e+02 2.518573259247278706e-01 0.000000000000000000e+00 1.222966803392221436e+03 1.001277311346620536e+03 8.570969856630438244e+01 1.303288248047997968e+03 1.609746950203802953e+03 1.648566000257160113e+03 0.000000000000000000e+00 5.860422173216534247e+02 0.000000000000000000e+00 8.155368990795632271e+02 9.723963477349324194e+02 8.992804776646974574e+01 1.436484906686103159e+03 6.852025227370238554e+02 1.803178750632846317e+01 1.012969407976755065e+03 1.167889104336194528e+01 1.938028586562237479e+02 2.755440192758090845e+01 2.769921953728123754e+02 1.493120486705425076e+00 5.260318103120117712e+02 8.280788757617935758e+00 1.060417611943128350e+03 1.750484570912657603e+02 1.304947910797204145e+02 1.030504036777724650e+03 1.798642370565380872e+02 1.040587326593410808e+03
3.685626573545416136e+02 0.000000000000000000e+00 0.000000000000000000e+00 3.308581554773822875e-01 1.208378091087116957e+01 8.171259559597262978e+01 5.919964283524405124e-02 2.102572447938582911e+02 0.000000000000000000e+00 5.180842834928588445e+02 1.634486854145809502e+02 0.000000000000000000e+00 1.851485246399562641e+02 1.083555414936106672e+03 3.722518198476890694e-01 7.634339965365273883e+02 1.241365675618784792e+02 5.646785231521861448e+01 1.367320924566574831e+03 8.298778660685254494e+00 6.863200784429639612e+01 5.942742396962808016e+02 3.054160224676950364e+01 6.613509932753321436e+02 9.232471244421234360e+02 5.255108190948172933e+02 1.526207446515170432e+02 1.464502733237458756e+02 5.409442690609995275e+00 4.278955627584342096e+02 2.134908612118414339e+02 1.245578483439828233e+03 4.446201509995673860e+02 8.647121562765240697e+02 9.880954639278062359e+02 1.558665804569852753e+01 9.145783977382209287e+02
1.685525162527842436e-05 4.994160541385994634e+01 1.530949194919127194e+03 3.371498200785434562e+01 0.000000000000000000e+00 1.333188620949609685e+03 0.000000000000000000e+00 6.199541720997423226e+02 1.188947499227321487e+03 1.889147133176217608e+02 7.946015787813760198e+02 1.058222814114304128e+03 1.260627492923892135e+02 1.160799200031010741e+03 1.260865745921093461e+00 5.255535566609553371e+02 7.291644944933176475e+02 1.356565662338486391e+03 2.470313581851995011e+01 3.544812966427835477e+02 8.861815278853022164e+02 1.452467100398818502e+03 7.483119377549164142e+01 9.489446469893116500e+02 5.855425985717907906e+02 1.605179314548831782e+00 1.038716518655998243e+03 1.191569420289497714e+02 1.412026060921977688e+00 5.019995357098453042e+02 1.428757179387879887e+03 1.375450810118307743e+02 1.346800319963653465e+03 4.335469918727252292e+01 1.527584292571093101e+03 9.586664911313232551e+01 1.744605368583632412e+02
4.776688325099485155e+02 0.000000000000000000e+00 5.972739976155741459e+01 1.101080395774269164e+03 4.805005936015955399e+02 1.016295212103955947e+02 9.295221463656434935e+01 1.882120593947629317e+00 3.029807262345421393e+01 3.243646278842717834e+02 2.055143952536616609e+02 7.038241100766040290e+02 8.482691148155400924e+02 2.403956423619335852e-03 7.237694101746238857e+02 4.191548573402936313e+02 4.588525971611373393e+02 7.286815751697360843e-01 5.232472281336616788e+02 1.181840566581724261e+03 1.910304216464760119e+00 3.700507415421483159e+01 6.569313546881272714e+02 2.002660555110089717e+02 1.257602367067477616e+02 3.194480647719350941e+02 3.516746112983759645e+02 4.661094970394275094e+01 2.406326454999163644e+01 1.445606119062881021e+02 7.509672992752772416e+02 4.376189949477321193e+02 1.820982483692244358e+00 0.000000000000000000e+00 0.000000000000000000e+00 1.087559530694348950e+03 2.783012692595816162e+01
0.000000000000000000e+00 4.695981351347807617e+02 1.305319245212007672e+03 0.000000000000000000e+00 1.103588830882413049e+03 4.780146598606976909e+02 1.611544114852267739e+03 4.510470406463007862e+02 0.000000000000000000e+00 5.247351977649215087e+02 3.787332995548642884e+02 8.470420117151574004e+02 1.552702551442524964e+03 0.000000000000000000e+00 1.413366482824951845e+03 3.220676613888315387e+02 2.521817538584715024e+00 1.189142727506968413e+03 5.751981074514367265e+02 2.204233988796309163e+01 6.051752701745669594e-01 4.802294887852607417e+02 1.733022858759379687e+02 9.305410298134340508e+01 1.375779430249101324e+03 6.011926409404976539e+02 0.000000000000000000e+00 1.353051522191152287e+02 1.114071951978793606e+00 8.873117755933504895e+02 1.066848439437691987e+01 2.178994162005770647e+02 1.539102659287298593e+03 2.356087116091169378e+02 1.452176011159272946e+02 4.861303459378879666e+02 7.492698475635893374e+02
1.175444995215103745e+03 9.691806092033179993e+02 5.360387830288352689e+02 1.230037976292712472e+02 5.315517682375798802e-01 2.428014799532158108e+01 0.000000000000000000e+00 1.221821677639668678e+03 6.854344505976923756e+02 4.771355639778583901e-01 9.025555315213383665e+02 3.792598518834327592e+02 2.038140023165989079e-01 0.000000000000000000e+00 1.627074418167663907e+03 2.766643183473967427e-01 6.009188121652679229e+02 6.490075243265962399e+02 3.801213851739272176e+00 9.130817990700186328e+02 8.713798759665120315e+02 1.781481501398686191e+02 1.280593703042324876e+02 7.018698228382545423e+00 8.270556433722616063e+00 2.759314479001576892e+00 5.063978824502162013e+01 2.405027638215098591e+02 5.695547157869325474e+02 0.000000000000000000e+00 0.000000000000000000e+00 1.209521949930444180e+03 0.000000000000000000e+00 7.406418600526675391e+02 8.652844224487456586e+02 3.674144439977467300e+02 1.084628657172575913e+03
