output/example_1/lateral_incision_000350.asc
nrows	75
cellsize	13.33333333
xllcorner	0
ncols	75
yllcorner	0
NODATA_value	-9999
[rows 17 to 33 of 75, columns 0 to 36 of 75]
0.000000000000000000e+00 2.128530545746947098e+02 8.488332944394497872e+02 1.299783573230101865e+03 8.724064778421184201e+02 6.722210204968064318e-01 1.126208422050223817e+03 1.206295304990968134e+03 0.000000000000000000e+00 5.580743540306114880e+01 8.519157743254716024e+02 2.416841504342133931e+02 5.534392754429028400e+02 9.300264865219035926e+01 1.595978409828813938e+03 1.254204669443161720e+03 2.457427612750720807e-04 3.324259931545117297e+02 5.953909345748365922e+02 2.718728133680353043e+00 4.828540278421331777e+02 1.981614489332386313e+02 0.000000000000000000e+00 4.504368733844718804e+02 1.708778354919228804e+00 8.251287851588310787e+02 5.839906885596135453e+02 1.057199671109522043e+01 3.165348762098059865e+02 1.436481678497038956e+03 1.078336485480512685e+01 5.646449917564459042e+01 1.194548568563057870e+03 7.910424870837224489e+02 7.015205946145551934e+02 5.386856647447332280e-01 1.570352609759911957e+03
0.000000000000000000e+00 5.221767952655396172e+00 0.000000000000000000e+00 1.032079146651220071e+03 1.461618180626722330e+00 8.629042174291025731e+02 1.317745722782713756e+03 5.629632434359110611e-06 1.615929443169654178e+03 6.314950081052164705e+02 0.000000000000000000e+00 1.454560952809208629e+02 5.117944114856020406e+02 0.000000000000000000e+00 4.715901228875835627e-01 1.004936060729003934e-07 1.099181022537136414e+03 1.022118236708100758e+00 3.470487100283201585e+02 5.591217249304246479e+02 1.127482656235983001e+02 3.182785085728466470e+02 4.199034477520214637e+02 2.527192361591403369e+02 4.467587650920911102e+01 7.012921459672728588e+02 4.470744323510713798e+02 0.000000000000000000e+00 0.000000000000000000e+00 1.378904462603435150e+03 8.672828645963515726e+01 1.998450092052395917e+02 1.001943881303356420e+03 1.263178849448166119e+02 2.098415083578347762e+01 8.757229002076269353e+02 0.000000000000000000e+00
0.000000000000000000e+00 1.340903331639410681e+03 0.000000000000000000e+00 7.944839162698671964e-02 1.744940571156343367e+03 6.131917963898800963e+02 8.229064551492128885e+02 7.334370972509625108e-01 1.471234985722396232e+03 1.564561856695405595e+02 1.108617156350352673e+02 1.176566540994433353e+03 7.247044242543337900e-02 2.913261832096509796e+00 5.655965793807368982e+02 3.707009942636602107e-01 7.900665507730701620e+01 1.313748516199185133e+03 2.775502140258988781e+00 1.242122439478011415e+02 1.090011801636035784e+02 8.311134486062441056e+02 2.594893774551479169e+02 2.282595641665518826e+02 2.370603927011226464e+00 3.733817239886528938e+01 3.298475217294403024e+02 3.668650998280914877e+01 1.109423186646093171e+02 8.418412576685493605e+02 7.887445333962971006e+01 3.195359889129977660e+02 1.874583102812866002e+02 1.092729166469763946e+01 3.863373147344268546e+02 1.342615180153663687e+03 0.000000000000000000e+00
0.000000000000000000e+00 8.449145131782263007e-01 0.000000000000000000e+00 1.933796358577333478e+02 3.535245148339407137e+02 8.406664052738295823e+02 3.180062034032942506e+02 1.818753007657080616e+02 5.312516132060133955e+00 1.343336618246569515e+03 1.574690325310067252e+00 1.075454259498801690e+02 7.250915305215513627e+02 4.684260365493047971e+02 5.363793552079662419e+01 1.769445143926366626e+01 4.737351132202775872e-02 0.000000000000000000e+00 1.526504774881778985e+03 1.980821984115940040e+03 1.081600505878696367e+03 0.000000000000000000e+00 1.154663818371551997e+03 1.050630851017667737e+03 5.372352639336479569e+02 4.025538954118633228e+02 2.685951204428846495e+02 2.022926164313169011e+02 3.236536532334004619e+02 8.973029415396156310e+02 5.055673956928450821e+02 6.373113671025982541e+01 2.004555714577020069e+02 6.940320284322373254e+02 1.281570720363437772e+02 2.115498865761817449e+00 1.510545879526540375e+03
0.000000000000000000e+00 0.000000000000000000e+00 9.324558020728157715e+01 2.570777743479883526e+00 0.000000000000000000e+00 7.066086931193176497e+02 0.000000000000000000e+00 1.158586402917879241e+03 3.697349371251487469e+02 1.677882483559174034e+02 4.682306224704817765e+01 7.678100489110954641e+01 7.004311615508545401e+02 7.374640791989966360e+00 2.011880494349077964e+01 5.842963864521696138e+01 1.217838349209755279e+03 1.375297072220228529e+03 0.000000000000000000e+00 7.895849680038962788e+02 3.812572783770230558e+02 9.819073763898671814e+02 4.605042117473147414e+02 8.291503767042584059e+02 2.095177528468930461e+02 1.603801908553497469e+03 2.743973291714559082e+02 4.290554003728593102e+02 9.691663743890526348e+02 5.095690673121682721e+02 8.217201133584511581e+02 4.600702075915113198e+01 8.678908246883379434e+02 4.024384397514938314e+02 7.369408446034783822e+01 9.991525439892491249e+02 4.694838812492164948e+01
0.000000000000000000e+00 2.510098195186290866e+02 8.798315931141648889e+02 6.635273969562420007e+02 7.197019757195589591e+02 1.853631351015869455e-01 1.590396803843756035e-01 1.502226614614467337e+02 1.976082326919364789e+02 1.782787536573528371e+02 8.580993946237243790e+02 1.342011328341492629e+02 1.045029862224949966e+03 3.979153736365642544e+02 1.276183134164118655e+03 2.065499608560880631e+02 1.033072074782637856e+03 2.217054679543979319e+02 1.501591231018487406e+03 1.775759352979876482e+01 4.722844357619936773e+02 1.121447658431446399e+02 3.381026550335624847e+01 4.944199931156384764e+01 1.239849289626673254e+02 1.121855745634565267e+02 3.063587391118278447e+02 4.024851523633303430e+01 8.580419965021241069e+01 1.841270589289101736e+02 2.432806458073822000e+02 0.000000000000000000e+00 4.612961355307926965e+02 1.604624268572002022e+00 8.616508455306812664e+01 7.220385383004293089e+01 9.645024335094016124e+02
0.000000000000000000e+00 0.000000000000000000e+00 2.698238215652219996e+00 4.796257187230561492e-01 0.000000000000000000e+00 1.631262904338585145e+02 4.161128122905880105e+02 1.458158896665957904e+01 8.126222540493083457e+00 2.675353614200815924e-05 1.650823727469073106e+02 4.047078224138074631e+01 6.740894219321842229e+02 8.045118710611376400e+01 7.313477866039709170e+02 3.729657038802393458e+02 3.152951438001387032e+02 5.272776980968145608e+02 7.625078433005387524e+02 6.765190008063830085e+00 4.650187867393947272e+01 1.044156711009615947e+03 8.478951925324440708e+02 6.919234297734004713e+02 1.492443644179074454e+03 5.290509858314343319e+02 6.011596713898618418e+02 1.063282903081211316e+03 6.881455693461866758e+02 8.263179663959060690e+02 6.513044265549754073e+02 5.543836245050601974e+02 1.404671885151266224e+02 7.919165791127243947e-01 5.643940228851845653e+00 3.623801927614672991e+02 3.480521520099019313e+02
0.000000000000000000e+00 2.394954114224655655e+02 7.726979518536816158e+02 9.796442409044079795e+02 1.471844617833426355e+03 5.939276113895497033e+00 7.050175925199682752e+02 4.443230771252969475e+02 2.386340617120737963e-06 1.112492899171364343e+03 7.501658394020449805e+02 5.991051612067698429e+00 7.133334544708828844e+02 8.931648962957930280e+02 4.838396338486999184e+02 1.156387627850760111e+02 2.840860200397495987e+02 3.053587380295668936e+02 4.895541019702423000e+02 5.848456283555145774e+02 2.656476033902898326e+00 2.223689903637243503e+02 5.086920270039547063e+02 9.042371744245751870e+02 2.349201406237279688e+00 1.865428275765693700e+00 6.825284311180695340e+01 5.687466328071657529e+01 2.105486468873964157e+01 8.262221237131464591e+01 1.245953841805829398e+01 2.652763902126665485e+01 0.000000000000000000e+00 1.144461464690204139e+03 7.253157809555957556e+02 1.753808039848425153e+02 1.190060773230802397e+03
0.000000000000000000e+00 7.992793271050578596e+02 4.354677309933367990e-01 8.683364108629538123e+02 2.747209102140098480e+02 3.523034770251922509e+02 1.000617471867344761e+03 5.956410458129852981e-02 2.187638524039077481e+02 6.863919492920601897e+02 1.057212383865285346e+03 2.719773448212694689e+02 2.349194872583089762e+02 1.470805479760873027e+02 5.705362501588773512e+02 0.000000000000000000e+00 2.144109801799728530e+02 4.523984174509153888e+01 5.189097502666808168e+02 8.578741694182518529e+00 2.413778722712899594e+01 3.926683275794010886e+00 3.686644457132360913e+02 1.583041675060977468e+03 5.236741834697087370e+02 8.998823861445756620e+02 4.688632306472395044e+02 7.342378356492297371e+02 1.231309066158144788e+03 3.883886684051939255e+02 1.804000744921176818e+02 2.443590268221279018e+02 8.113588059051263457e+00 6.624131742724023297e+02 4.663229750722738487e+01 1.031942717115253345e+03 7.169677968552240372e+02
0.000000000000000000e+00 0.000000000000000000e+00 1.231614547560928713e+03 6.617407487532447874e+01 7.795650753947153122e-01 8.177823700537559262e+02 3.132754156925955158e+02 1.379805958587088980e+03 3.886937273940612272e+02 9.204084368757676202e+02 4.116449666085228500e+02 4.859682764102988983e+01 6.988272091413237241e+00 5.229210213786540606e+01 9.695825223033857299e+01 1.880424945901358171e+02 2.523269841340095715e-02 2.991498712892114398e+01 1.707445292459186248e-01 8.155410689391686674e+02 1.318968785591069491e+03 6.163472615374481620e+02 8.206341952100945747e+00 9.425387442385558643e+02 6.265708133912282847e+02 6.943864468712139546e-06 1.188219694472402125e+03 4.434750072965546508e+01 7.087406101660556033e+02 7.033618869114925474e+02 5.572614899233708456e+02 1.354758414724728709e+03 1.402458392460169762e+03 5.863523764972675281e+02 6.922739074415388814e+02 1.755205819288414375e+02 1.052032753629364237e+01
0.000000000000000000e+00 6.588115149155489689e+02 2.885305486969423905e-01 1.312559006353992572e+03 1.038382700657936539e+03 1.184778769602246307e+01 8.789052024512036265e-01 2.356037579100271557e+02 9.511272411305413925e+02 1.653108758340914164e+03 3.951052672485754425e+00 8.197456379200399397e+02 7.316860165285122548e+02 2.681788859011604131e+00 1.833152100723826550e+02 1.637755892918985126e+02 2.734088568665171124e+02 1.037806407318649917e+03 6.853650772217281428e+01 1.366984821098455086e+03 4.966171472379624419e+01 9.298200636082526671e+02 1.989159702685261379e+02 7.433064811066202537e+00 1.347250933677791409e+03 2.238275388617546469e+03 6.030190594189657531e+02 8.871862107859966784e+01 7.109249241788318159e+02 1.090081487083828904e+02 5.508100044985369550e+02 2.186787764549143198e-01 3.066690444467872823e+01 5.186630082803782571e+00 6.353082793574122888e+02 4.765499009164953748e+01 6.442787364763191817e+02
0.000000000000000000e+00 1.462354294556844479e+03 1.666560897355027919e+03 3.709986234805723626e+01 6.435608881393207525e+00 2.555680991448238615e+02 1.457880967110553456e+03 0.000000000000000000e+00 5.773882908001114629e+02 3.351418152548420721e+02 1.341735382712269029e+03 9.587579246233646018e+02 0.000000000000000000e+00 1.256166217051906813e+02 9.946257594181270534e+00 7.276036173400676716e+02 2.157897903133620616e+02 9.836355740679106248e+02 1.914490033859292737e+02 1.236884317132065235e+03 2.345241719712909116e+02 2.518082357625456495e+02 1.598301419663135448e+03 4.166501368305598021e+02 2.433643064859685410e+02 1.007718503223704033e+03 5.980314808348957740e+02 1.547318730468890408e+03 1.974855418170003531e+02 1.166187651224183810e+03 2.016859819036772933e+03 7.899164112699195357e+02 1.223334173632622651e+03 1.532302912377533346e+02 1.450782646280739243e+02 0.000000000000000000e+00 3.173239682033484996e+02
0.000000000000000000e+00 1.403934683954731781e+02 3.811896566890572302e+01 0.000000000000000000e+00 7.799766513548782996e+02 0.000000000000000000e+00 3.435823968966823259e+02 6.625372387030171240e+02 1.451817097956930240e+02 0.000000000000000000e+00 2.634199423329275760e+02 9.240930293148749115e+02 7.985670049291137502e+02 2.427009742428589618e+02 1.659630761206166881e+03 4.833786808696186199e+02 2.198591945653948301e+02 1.237427373317796082e+03 4.423119942512014404e+02 1.469900086353353799e+03 2.672389289904118073e+02 1.174782512725005517e+03 2.973601228540982078e+00 1.480487163015236547e+03 1.746132677400661350e+03 7.198932999594244109e+01 1.592450217063820617e+02 1.060113122814974318e+01 4.751872797589387574e+02 5.508073749127294860e+01 6.550462981085976253e+02 5.519541244759205938e+02 2.449146569824455923e+02 2.531529669402520142e+02 2.265778844445298716e+02 1.169587448552953219e+02 1.060640439627072737e+03
0.000000000000000000e+00 1.444676555553936126e+01 1.126855632438212629e+00 0.000000000000000000e+00 1.573513700470603908e+03 4.386776460695606374e+02 7.292351068444136217e+02 1.320829797469040159e+02 7.820920398461819900e+01 0.000000000000000000e+00 3.820374320641371391e+00 3.481905181948275185e+01 2.453693617866458787e+00 3.472385441146053608e+02 9.863351623207801566e+00 2.508529965747447932e+02 0.000000000000000000e+00 1.428473634355099193e+03 1.274973819481720909e+02 2.276702714962922869e+02 6.450629395549715355e+02 4.713404957542458362e+01 6.918496539996431238e+01 6.949386918891353844e+02 3.927295234668282546e+02 1.046253129656784466e+02 4.844909061165982962e+02 1.614146597168634798e+03 6.228959876115815177e+02 8.592704820997576931e+00 6.681337159248464559e+02 7.546936484275224757e+02 7.939055342104121848e+01 9.786770840316346494e+02 1.455848647192043099e+00 1.277232186327726140e+03 1.556923676245572778e+03
0.000000000000000000e+00 4.589335462843249047e+02 1.772304806602911867e+03 1.713152446188512840e+03 7.973679663800209028e+01 6.258426710753655975e+00 5.292617094986159145e+02 1.330516201559525484e+02 2.194202532336759646e+02 7.028089055208607761e+01 1.437271304036035247e+02 3.198960419993544519e+02 1.760440508625335269e+03 3.920275448766074646e+02 3.706380929847946391e+02 4.630150004863878621e+00 1.236343672914472691e+01 6.679358237720414309e+02 4.550234312343823717e+02 3.470284409416780704e+02 2.268802533797119452e+02 6.401745824905262907e+02 1.406358325038523560e+02 8.816116664786438832e+02 3.880893444383460746e+02 1.666404929129215589e+02 5.237235851555745967e+02 5.440162941649886079e+02 1.321619538432326863e+03 4.019338916852134957e+02 4.762363036167728296e+02 2.864936370563384571e+02 4.559679293447703685e+02 7.252348176322574318e+02 4.269843419724176101e+02 8.910480927456019344e+02 4.622830305290260178e+00
0.000000000000000000e+00 1.618083556123958715e+03 3.177121855243706250e+02 8.786493284159804773e+01 6.657077035389242781e+01 7.184490167885307983e+02 4.566183237590717567e+02 7.886167048184903328e-01 2.256563948946603304e+01 2.852499062213454977e+02 4.828478496731939629e+01 3.220606248393585958e+01 1.357138383316429575e+01 7.204610592405343823e+02 1.280480446838902253e+01 1.052364917043349124e+03 1.056604579505650288e-01 1.066844645112238140e+03 1.020099098958618470e+03 1.335548616265836053e+01 1.052185264376057745e+02 3.311841392991833573e+02 5.264212619817727301e+01 1.246028640333225439e+03 5.060336626745800537e+00 9.621151112392986988e+02 9.372346098317979113e+02 2.157234660306281455e+02 1.269748198964120078e+01 1.272974975671857152e+02 1.470152971557874544e+01 8.535201125763042000e+02 2.519717473778680272e+00 2.335857746865800522e+01 2.935362250941403772e+02 8.685467877435947059e+01 8.406464613093916114e+02
0.000000000000000000e+00 0.000000000000000000e+00 1.469272288056104571e+03 1.233408307035231388e+01 1.043173114273193960e+03 1.397524668349466381e+01 2.317635568475936054e+02 2.007797743591102080e-01 2.452459509299590081e+03 1.355186884900550922e+03 6.072234484344661496e+02 3.738105327638815645e+00 0.000000000000000000e+00 5.468381705407892923e+00 1.115106685385433138e+02 5.406937840481618878e+02 7.985715211523154444e+00 8.669834855512137892e+02 0.000000000000000000e+00 2.952784265869914293e+02 3.045189768141056685e+00 6.544760144271660920e+02 6.020218374722276167e+02 7.029243693551176508e-02 9.272361665515609275e+02 1.954119955493438283e+02 9.652031689443839468e+01 1.703260406193494134e+02 1.860283137698116036e+02 6.126960900203136617e+01 0.000000000000000000e+00 1.951974825509123832e+02 1.457829510101920611e+01 3.537708158171544142e+02 1.142087324602274293e+03 0.000000000000000000e+00 0.000000000000000000e+00
