output/example_1/lateral_incision_000055.asc
nrows	75
cellsize	13.33333333
xllcorner	0
ncols	75
yllcorner	0
NODATA_value	-9999
[rows 0 to 16 of 75, columns 37 to 73 of 75]
7.502961367587193805e-04 0.000000000000000000e+00 4.020924072664800331e-04 0.000000000000000000e+00 0.000000000000000000e+00 0.000000000000000000e+00 0.000000000000000000e+00 5.525900172972106512e-03 0.000000000000000000e+00 0.000000000000000000e+00 0.000000000000000000e+00 0.000000000000000000e+00 0.000000000000000000e+00 9.255328140683416146e-05 0.000000000000000000e+00 0.000000000000000000e+00 3.425551552103070208e+02 1.532068953235756226e+02 4.669524233470843200e+01 6.355844287460938880e+00 0.000000000000000000e+00 8.373029254395878525e+02 2.170076602411976694e+02 3.876115161606607558e+02 5.022033694440563067e+02 9.270076761518872388e+01 1.639761441799737725e+02 4.971400586072146629e-06 0.000000000000000000e+00 5.267006942434419869e+01 1.048169385794283137e+01 4.724478034368194868e-05 0.000000000000000000e+00 1.171760928489934850e+00 0.000000000000000000e+00 0.000000000000000000e+00 0.000000000000000000e+00
1.756536206294911153e+02 4.235891705559774218e-04 1.091569533275524926e-05 5.378437562668199947e-05 5.465421717732752995e+02 3.293360464427991019e+01 9.463986345470699391e+00 5.673578247945835074e+02 0.000000000000000000e+00 4.743027464626772875e-05 3.898638805586060130e+00 0.000000000000000000e+00 1.123923027682433116e+02 1.896901962634336926e-03 6.187998358258021199e+02 4.041139779023879441e+02 0.000000000000000000e+00 4.293598971394060868e+02 0.000000000000000000e+00 3.398378678920376501e+02 3.234780894797173119e+02 4.823115635552365461e+02 0.000000000000000000e+00 2.483791648687035547e+02 1.615479656482528696e+02 2.875181795667672304e+02 7.141579999631815099e+02 9.705886978976743009e-06 3.174979991003321089e+01 3.595333971346759938e+01 2.769643502044647931e+00 6.895746814303387282e+02 1.239076036741128974e+03 6.947543909288482755e-01 3.299352647238887357e+02 5.526107961067200449e+02 0.000000000000000000e+00
6.847184517880567682e+02 7.356156435298877341e+02 2.868331285608616099e+02 9.184214786658160392e+02 9.728287487937677724e+01 6.630028361729664539e+02 0.000000000000000000e+00 4.538155037620569487e+01 6.370106400288435680e+02 2.467616041414593439e-05 4.004852533275438873e+02 1.181138247148210354e+02 2.855460650762458386e+02 7.246923042250617186e+01 1.665012849869679012e+00 2.037750951357851079e+02 2.911039266182481100e+01 1.172984278950259096e+02 1.123476223937153236e+03 1.243649148852138637e+02 3.656461922840925638e+01 1.021607744281778992e+03 1.346548095662108381e+03 4.147492775545980521e+02 1.079447952461084014e+03 9.552560347149182007e+00 3.706764559220758315e+02 3.173294957210218481e+00 6.405394768055384702e+01 2.521043512905923656e+00 1.072511284584548321e+03 6.850486563371603665e+01 1.407918497367318878e+03 3.646393350203330215e+02 8.812661520106090620e+02 3.262937515301888425e+02 5.758243358919648927e+02
6.635012177027989821e+01 3.937653473912257596e+02 8.585711542675992405e+02 3.195445732078599121e+02 1.136582695755495706e+03 9.316605161831893156e+01 7.293722056013499468e+02 1.399212399377605834e+03 5.206935723208224545e+02 6.387602444018056502e+01 1.500399950867695225e+03 5.529040351403211040e-02 6.896593411024919078e+02 1.350643108261760062e+03 3.454314175815048884e+02 2.964603195734278529e+02 5.315856579495557526e+02 8.087043623777283585e+01 2.566856004400498819e+02 3.636158590829962804e+02 1.838520700918491002e+02 9.976853020211041922e+00 1.071701768922462634e+03 0.000000000000000000e+00 3.109177974288043629e+02 6.776821288057746528e+01 6.830767269852928258e+00 5.321105265170128718e+01 0.000000000000000000e+00 5.519589059649540985e+01 2.400113407542266486e+03 1.379700372374389872e+03 3.769386407071936063e+00 1.628108304209121400e+02 5.107352504966208073e+00 3.755773745961097347e+02 7.453304826329464561e+01
2.312110995774596844e+01 1.144599261457312195e+03 5.353621289838738448e+02 0.000000000000000000e+00 9.414472071231580230e+02 3.201389400774384342e+01 4.530352699870983884e+02 2.133842911879410451e+02 2.556752979883129342e+02 1.126335912618882048e+03 0.000000000000000000e+00 7.969177804592619623e+02 4.783810612420494657e+00 0.000000000000000000e+00 1.893451027611844779e+02 7.304650449049071312e+02 1.016094457841676785e+03 2.795702361213753875e+02 1.906745040848499855e+02 1.480726766183023528e+02 2.922316166402351811e+00 1.262648901369410851e+03 4.272851570248676722e+01 9.220620438581900169e-02 3.202941653271224141e+02 3.810082518681692676e+01 8.078827717886201754e+02 1.655617090991611349e+03 9.788449671221290771e+01 1.291814742137457017e+02 1.304815171890208347e+01 8.601305981646993359e+02 1.046028823846490241e+03 1.992234191561306034e+02 1.006740505943707120e+00 1.309032306456772176e+03 2.144468033008935492e+01
3.955872386796472995e+01 7.314382271265520785e+01 4.741983709287686111e+02 2.509313981048707944e+02 5.337886790735822018e+01 2.635969267000070886e+02 7.872291156494333109e+01 5.599627347308708814e-01 2.069010291391502054e+00 9.027279999389172360e+00 3.075466485387680109e+02 4.043658909815593461e+02 1.801739026269245869e+02 1.473393861443555124e+03 1.176268480269566936e+02 3.655596826626962752e+02 9.510920711526019033e+01 1.930905895556224152e+02 2.558563063049448942e+02 6.313929220579269668e+02 2.635736897418603348e+02 0.000000000000000000e+00 1.069185662381544262e+03 3.181166805641840938e+02 2.478257831137289600e+02 2.138887996365087361e+02 1.321945135234591895e+01 7.166504518125628920e+02 0.000000000000000000e+00 9.484165710205651578e+00 1.388901402146616032e-03 3.200590021556626539e+02 0.000000000000000000e+00 1.607083721956517408e+01 0.000000000000000000e+00 3.543170395324495985e+02 4.306511369075060713e+00
2.115252264639813973e+02 5.915386397979768844e+02 1.326346518242303318e+02 4.919427522331747014e+02 3.872277023222522874e-01 3.845828876976124633e+01 5.719101839478548044e+01 2.825536772660281031e+02 8.685592921218077436e+02 7.653090014371710481e+01 5.784950327146019617e+02 1.010399178418162336e+02 6.157618127627283222e+00 1.035066407908535439e+03 8.338239565240206730e+02 6.507474535916620084e+01 0.000000000000000000e+00 1.015376000017069629e+02 1.122767665928527947e-01 1.147015337683860849e+02 0.000000000000000000e+00 5.125002723541449257e+01 1.457262129172081586e+02 4.968047730010084706e+01 4.349490367375809683e+02 0.000000000000000000e+00 5.093907405509043684e+01 1.958178329773124782e-01 3.055110593105530015e+00 3.619879875779796963e-05 6.050557734792586189e+02 1.944377558686877592e+02 2.828239823301262490e+01 1.291687201727627325e+03 2.360289507879017634e+01 4.930030494152651954e+02 0.000000000000000000e+00
4.218935392554431019e+01 5.396150238533835619e+01 4.588256741770928215e+01 4.683675215385219559e+01 2.277256993237278664e+02 1.469499914236022732e+03 4.918929599661262841e+02 0.000000000000000000e+00 1.153276782209113662e+03 1.911947680731736625e+02 1.323286551088082660e+03 3.124317097805625849e+02 3.980794683161729353e+01 1.684451552261571550e+01 7.346995395359874692e+02 2.263619764264558398e+01 1.544752181614506696e+02 8.014075297023989606e+02 5.139813613823813512e+02 4.501975917000171421e+02 3.318376324301942049e+01 8.168307299102137294e-05 7.336370055832097137e+01 1.693266964975838107e+02 1.931572048575589118e-01 5.038050271031934244e+02 4.235318556186008436e+02 2.892229999183812517e+00 1.213945515249506113e-04 0.000000000000000000e+00 6.151725746979099085e+02 1.391008575877353223e+03 5.104511702337563861e+02 8.651116717223297781e-02 1.070478636406739952e+03 1.628130237376293223e+02 0.000000000000000000e+00
1.284604611817639352e+03 3.323606187462921184e+02 4.106558386288428437e+02 1.102193735922203359e+03 1.820081114785013483e+02 1.105560459927345846e+03 8.828763471510421823e+02 8.913673223439607796e+01 1.535549226138491008e+02 4.334846044450311524e+02 1.426510766393137828e+03 7.214445036676016798e+02 2.983801965685133837e+02 2.313198456258387381e+00 9.799925199322727565e+01 5.666374256270361798e+01 5.397784845035732815e+01 0.000000000000000000e+00 1.390436120935644340e+02 9.740794740612718670e+02 3.938999905608771002e+00 1.361158367655138761e+02 8.803397587700685278e+01 7.647266689045985686e+02 1.254370156515010649e+03 6.588668737184251256e+01 1.701863746089956294e+03 5.122660125864478005e+02 2.612198951985685724e+01 2.436172883681510726e+01 4.830928832326486599e+01 4.540462349282030345e+02 1.071629813815078705e+03 1.842786108898051509e+02 7.049670587439745759e+02 4.494661996003690985e-01 1.345284602313064113e+02
3.319288766474991235e+02 9.890339714988255082e+02 3.840863330920309977e+02 0.000000000000000000e+00 5.812743543485269129e+02 9.831600441574512672e+01 7.169502796990150273e+01 4.372999705369666685e+02 7.941697887607743951e+02 1.948194735054940736e+02 1.196433375640459076e+02 5.936927137868621251e+00 3.079369493674773395e+01 1.617684757421607173e+02 4.109422255888188147e+02 4.694785747866289398e+02 1.715567183604702173e+00 2.828503522401389318e+02 0.000000000000000000e+00 3.186659798622638391e+02 1.274932737939414418e+00 3.617261679956872200e+01 5.053006711425221953e-01 1.361073296371068331e+00 8.517877856089253328e+02 0.000000000000000000e+00 1.410320261951091425e+03 1.619881438930218280e+02 1.033015227542173761e+03 0.000000000000000000e+00 8.113546943003861998e+02 1.491655600917109268e+03 2.792322000860111952e+00 1.480444920904953392e+02 0.000000000000000000e+00 6.333481461590447452e+02 1.935922238219421332e-01
1.650937435558045081e+03 0.000000000000000000e+00 1.071816058892977935e+03 2.634149628385197275e+02 8.530346067728389414e+01 1.002665942426800711e+03 7.117711562514296020e+02 4.327537292234582651e+02 1.051811576817788591e+03 9.954038898916206790e+02 9.399083154058233802e+00 2.020080117023446746e+02 1.158797853532578586e+02 1.952434443545434606e+00 1.638016525099914418e+02 2.496409295659992722e+02 1.713237834674744136e+02 5.697877658168228443e+00 2.638001384292255125e+01 6.655366854134442747e+02 0.000000000000000000e+00 1.671002975342724426e+02 5.187259764911806315e+02 5.126298984515379971e+02 6.699062959289910850e+02 2.009330966855057454e+01 3.370278967521879849e+02 0.000000000000000000e+00 2.941663317139298517e+00 6.280767197990073925e+01 4.879483272370641771e+02 9.893589403872135035e-01 7.712911204567317327e+02 5.670369120820278113e+02 0.000000000000000000e+00 5.791048991282060570e+02 4.122690258556100389e+02
5.872867002512423369e+02 2.599030073285713627e+01 9.814765722919212294e+02 5.775689243462629747e+02 8.783935432295188548e+02 1.607334935990578373e+01 1.578059987119336682e+01 0.000000000000000000e+00 9.993857042664134032e-04 6.084532736621456905e+01 4.298194139399841873e+01 2.702177612625990122e+01 2.579582941004981755e+00 1.698552335565448956e+01 0.000000000000000000e+00 3.267962754809701096e+02 7.080724319843187686e+02 1.766688650764229180e+02 2.040963203435640594e+02 8.307760154544897659e+02 7.121476357704237614e+01 2.517608979538272607e+01 1.622797856504320180e+01 1.071357702396980585e+03 6.063778247885641122e+02 1.179203412737046932e+02 9.345582290328400177e+02 1.467441119899689738e+03 9.015343945592952650e+02 1.222219438258473474e+03 1.608087723512337107e+03 3.103847537424352865e+01 5.948742186426200078e+02 1.217997497800328119e+03 4.300405440453330286e+00 4.703343445745663871e+02 2.389540041920698457e+02
1.818372828077648862e+01 7.660596273169983743e-05 1.101378061728048863e+00 8.861715597692133883e+01 3.704557628468117514e+01 2.547866902537370777e+02 4.632089177488010137e+02 2.219693709170043189e-02 6.421606793889085626e-06 0.000000000000000000e+00 1.407011278239136800e+02 1.870243755998038271e+00 1.274099050860340654e+01 3.183007991865663300e+01 9.806808047791607530e-01 8.860074483355529651e+01 9.907946266259687036e+02 0.000000000000000000e+00 4.012269339806292123e+02 7.597410157764529437e+00 2.720427557145144988e+02 1.136713725527411789e+01 1.083449177822839005e+01 6.968272034463891984e+00 6.679688064078435161e+01 8.179355765560665077e+02 7.077682607904755008e-01 9.395315761750971433e+02 2.676990752576511312e+01 6.447122700398529105e+02 2.117889686080254208e+01 2.643065933909579712e+02 2.117014616175781612e+02 1.109277610285585070e+03 4.477618942503859785e+02 4.040861623154783899e+01 9.931106771861433202e+00
1.679744324939028209e-04 0.000000000000000000e+00 6.602127518346834862e-05 2.236280488263703498e-04 9.236189230832451358e+00 1.179278493232235903e+01 1.379188613407547450e+02 2.556893250631751471e+02 3.973924666595236204e+02 8.359661857665983007e+02 2.433034692481597574e+02 0.000000000000000000e+00 3.461338319062213031e+01 2.909012232246435659e+01 1.086218839250977680e+03 7.289560203598614230e+00 3.082411138938011277e+02 1.577528309320043491e+03 6.398945711164218864e+01 6.227147620774082952e+02 7.162857357547869697e+02 1.495494946236313893e+01 4.182398226697603718e+02 9.973294946071852018e-02 6.905987680744276602e+00 1.604502712315720601e+03 4.632155627265258886e+02 0.000000000000000000e+00 7.001707583433075115e+02 0.000000000000000000e+00 4.842648568947003014e+02 8.060630112184363725e+02 0.000000000000000000e+00 0.000000000000000000e+00 1.382495382366427521e+03 5.226397589842660807e+01 5.723175390323577858e+02
2.583426828969222822e+00 2.565383039585252019e-05 0.000000000000000000e+00 6.078827789687890970e+01 3.677881378597344913e-03 4.693937098921450684e+02 6.844296493968328150e+02 1.958079250308501829e+00 5.058560367844328312e+02 1.089862238892967561e+01 4.134672276991888107e-02 3.039491836875722015e+02 1.522415334007112904e+02 7.614921981888411739e-01 1.319525789861228020e+02 0.000000000000000000e+00 3.355097674087967334e+02 1.969955192853944084e+02 5.257231107424718175e+01 1.229636925304596389e+03 1.791525208972109340e+02 2.323078171054585539e+02 9.284330611232716137e+02 9.276073076185276989e+00 4.383428905052055846e-01 4.315538973493546204e-02 2.029977040822521303e+03 1.622333434535780043e+03 2.481054759925799935e+00 1.711094352540650618e+02 6.762856304272081616e+02 3.069563410160748731e+02 4.527795178345760951e-01 3.818439722611043918e-01 1.622249806449449352e+03 7.807765479299796425e+02 0.000000000000000000e+00
7.638518093040913470e+01 2.261878471333951666e+02 1.416606210628705469e+02 2.805816749323740851e+02 2.916967497374869822e+02 1.346870820571643321e+02 6.849876899282462261e+01 8.677618853065381472e+02 1.124590849463205359e+03 6.558167256170113202e-01 5.932280525119615504e+02 1.436958007576172918e+02 5.990298230435255391e+02 8.028726685966315335e-01 6.071353744190290627e+02 8.281487966616674612e+02 0.000000000000000000e+00 1.180500151142743874e+02 2.781505737065946171e+00 7.575576336484106150e+02 4.746227539459243303e+02 2.336260553849854489e+02 1.262670768641632321e+03 1.362397265555819814e+01 2.199617696958194646e+00 1.507402560348918641e+01 1.166260491804553567e+03 1.244571015126594560e+01 1.294957095646825110e+03 2.622386667888863485e+02 2.107589191404118711e+00 3.987886234773629894e+02 1.557082708639344901e+03 9.298493627300753133e+02 5.539751008572744162e-01 1.304957741781690795e-03 0.000000000000000000e+00
1.180609617868439955e+03 3.173042565153431838e+02 1.700104473580298929e+02 3.721106092606126481e+01 1.165419472322334741e+03 5.519097240866161656e+02 1.198341434246770199e+00 1.530938983107868694e+02 1.046035892003348948e+02 2.891155398149093685e+02 9.986784686778708675e+00 9.970261188569322641e+00 7.707226901802516750e+02 5.436910915957039236e+01 1.219015907420579197e+03 4.293300788037641951e+02 4.643902739090165710e+01 4.302817513215429699e+02 7.604279602008445238e+01 1.032674977544323156e+03 0.000000000000000000e+00 0.000000000000000000e+00 9.713354001001978304e+02 7.324683202517118161e+02 5.372070084642181200e+02 9.932856397274800031e+01 2.104528165908995518e+01 7.329273157794490317e+02 9.271061032511656776e+02 1.200392343371592005e+03 3.394400841148734003e+02 2.161724317226389402e+01 8.695994205771772556e+01 8.682477662684536313e+01 3.544214497382482136e+02 7.329804872310244264e+02 0.000000000000000000e+00
