output/example_1/lateral_incision_000495.asc
nrows	75
cellsize	13.33333333
xllcorner	0
ncols	75
yllcorner	0
NODATA_value	-9999
[rows 17 to 33 of 75, columns 0 to 36 of 75]
0.000000000000000000e+00 2.152227151470709430e+02 9.852193818894777451e+02 1.827479702422504033e+02 1.442514278678809205e+02 8.379429916700879630e+02 2.676752823969751205e+01 1.129901072791445131e+03 6.753387807775932288e+02 4.323895647999249192e+00 1.227921237250356626e+03 6.715025861715938049e+01 1.597114687943783792e+03 3.612164041203673150e+02 1.060430668201116760e+03 6.793481553538198625e+01 1.481488768123139380e+03 7.109641604980274678e+02 1.452634651492079684e+03 3.464260965759615374e+01 0.000000000000000000e+00 2.809487129173860342e+00 7.532292278395179892e+02 1.007053103406013292e+03 3.650174713237122432e+02 3.749367803244020934e+02 2.206438554009701534e+02 5.896999978152781523e+02 1.001515919547071462e+03 4.035014960753105129e+02 1.064498608892013635e+03 3.975009078136586993e+00 7.174061504552295219e+02 3.515314566534408982e+02 2.712032949595326414e+01 1.149893639751373513e+02 5.565410224439035574e+02
0.000000000000000000e+00 2.466967986206984431e+00 0.000000000000000000e+00 0.000000000000000000e+00 0.000000000000000000e+00 0.000000000000000000e+00 2.338213396751895630e+02 1.538235287610290698e+03 1.035318040724643197e+03 5.795041122349924763e+02 3.678718086233687927e+02 3.761513465344697854e-02 4.944048572818498997e+02 7.128155021312713302e+01 3.220394294320734474e+01 5.405347361238620474e-01 8.753002062130187824e+02 6.478614992194347622e+01 0.000000000000000000e+00 7.190014354030084860e+02 5.286744671380746752e+01 1.162874877245842981e+03 1.530938563426149813e+03 4.452767100128237416e+02 9.913943153865060864e+00 6.811693004817710673e+00 3.584288542032159341e+01 1.864748665391557703e+00 3.331917194905574320e+01 9.054107870621137408e+02 2.453086273048780352e+00 3.701004309918267268e+02 8.167125580765457471e+02 5.588794284606527754e+02 7.578966566713030488e+02 0.000000000000000000e+00 8.421123916375204317e+02
0.000000000000000000e+00 1.735073986421688687e+03 0.000000000000000000e+00 0.000000000000000000e+00 0.000000000000000000e+00 0.000000000000000000e+00 1.393892395380758444e+03 8.107736920081367771e+02 1.837232387774274944e-02 3.503933411344762590e+02 1.322492042283427509e+03 1.587661749713372956e+03 1.987049241993291560e+01 2.850178642839141219e+01 1.690177105188957967e+03 4.613757987194486709e-01 3.865706734568381648e+02 6.278884616954703688e+02 8.078164605752640455e+02 7.247727521733280582e+02 1.529582628701414251e+03 2.583648963475626559e+00 3.483314327186652690e+02 9.291285956686814416e+02 0.000000000000000000e+00 9.379290074757291222e+02 1.584047150891796036e+02 6.067996910901731411e+01 1.109423186646093171e+02 8.507967160662951756e+02 1.082131433025052871e+02 9.160851776155736843e+02 3.486935981182925275e+02 1.426749861252939411e+02 5.523291003626154634e+02 9.339051651859850267e+01 8.915277214532671906e+02
0.000000000000000000e+00 5.918754020871954680e+00 5.619634026366264834e+02 8.312357162744855259e+02 4.333264413571189612e-05 1.637120743387773700e+03 3.185058142709473739e+00 6.706956840090446222e-07 1.272916695858820276e+03 2.909569447429659590e+02 5.335435367765393266e+02 3.393465821407171461e+02 9.546740796512276361e+00 1.274051688720405309e+03 9.616048413003446740e+02 1.002288644168853921e+03 2.645094454192987996e+02 8.224524553636830433e+02 3.005490596688415117e+00 7.893832510054497789e+02 3.635608557288882139e+02 3.345139890150570068e+02 1.511513389606589763e+00 6.469490666535098455e+01 4.724889090554833615e+02 7.017703789931105121e+02 1.096845410614062075e+03 3.938795752804281278e+02 3.363303876705753055e+02 5.875735394162858256e+02 1.479493583211451835e+02 3.531831121640912556e+02 4.291451003605781693e+02 3.241877659322570793e+01 3.120395732496161827e+02 2.214706686659320667e+02 3.504175184984219094e+00
0.000000000000000000e+00 0.000000000000000000e+00 9.324558020728157715e+01 2.570777743479883526e+00 2.390394075847671331e+02 2.687423434637919399e+02 0.000000000000000000e+00 3.991758537154844930e+02 4.906012486969120090e+01 5.117396745131296854e+01 2.425028508353335965e+01 1.074675581275773538e+03 1.319315628271774443e+01 5.034191251393384618e+02 0.000000000000000000e+00 8.487602168555346225e+02 7.971670725512652211e+01 5.514447560108598054e+02 8.571409191921293313e+02 0.000000000000000000e+00 2.072791621678183844e+02 1.784779329382126036e+02 1.786753124570658429e+02 8.754479568458177710e+02 3.624277312467865997e+00 1.211174179416039578e+03 1.039141349242797332e+03 2.865310629410395222e+02 0.000000000000000000e+00 1.573447756283163699e+03 2.325439861408516506e+01 3.109071756408992471e+00 1.649400352283419124e+03 9.745946293338353144e+02 3.519026470642937170e+02 3.735217338375523166e+00 7.556974211417298193e+02
0.000000000000000000e+00 1.444706456555967634e+03 2.720205082871905233e+02 1.174434568093868165e+03 7.312320283866105228e+02 4.049286864543374804e+02 1.014777728806529353e+03 5.403899225900076999e+02 0.000000000000000000e+00 0.000000000000000000e+00 1.308691148625123368e+01 4.288861809398869696e+02 1.057667606062709069e+02 4.019815197913246152e+01 3.259075303787327726e+01 9.365284136756458793e+02 4.214313887958585951e+02 1.904388230881677373e+02 5.748541344714469759e+00 1.045617536029715922e+02 2.992642368834424929e+02 5.325058459618219331e+02 4.103953642790532967e+02 1.360518991299144773e+03 7.587772767004963725e+02 1.613027740547938151e+02 8.430763540239391887e+02 1.203096392701632340e+03 5.416614041065689333e-01 7.060977364417954050e+01 1.059032763410388270e+03 4.029795700534999128e+02 4.503235967271947082e+00 1.028562053217954372e+03 9.796231504934568193e+02 0.000000000000000000e+00 0.000000000000000000e+00
0.000000000000000000e+00 4.174163128843875938e+02 3.169037249714496407e-01 2.289555827132276988e+02 1.392179735619246550e+01 2.174712191759962252e+02 5.878349336428325387e+02 1.430922709976060332e+03 1.112616962890417582e+01 1.034776686534175724e+03 1.642654103985148950e+01 1.346250181110395488e+03 6.930742547171661272e+01 9.067325511607355111e+02 9.353556222924974008e+02 2.328833767817187095e+02 5.193515283790011239e+01 8.170304832927794223e+02 2.780316041664683553e+02 5.045938762412711185e+02 9.849476307887978237e+02 8.022406699309362921e+02 8.643666454010525513e+02 2.049003704477823362e+02 0.000000000000000000e+00 1.626773208742690713e+02 1.934608699429981584e+02 1.800248863689729717e+02 7.977627419079891524e+02 1.557735499701574611e+02 9.752001283064453219e+02 2.757571904226566630e+02 8.505518937316188044e+01 7.852686168501964437e-01 2.244679514043055804e+02 2.019463549675703291e+02 8.632465131198048311e+02
0.000000000000000000e+00 0.000000000000000000e+00 7.277439192281960914e+02 1.953707226426565358e-01 1.604496474474107799e+03 1.290819465660579681e+03 7.050956787697141408e+02 4.443230771252969475e+02 3.017141662192630065e+02 4.766228060638742076e-02 0.000000000000000000e+00 1.015906887059299720e+03 1.080215244676575423e+02 6.940255368901431243e-01 9.838783281295015968e+02 4.327251349144570547e+00 9.726831937708143414e+02 4.445676385656072398e+02 4.906247302504651202e+02 2.126795829296155716e+03 1.076253418216066621e+03 8.453471262903454431e+01 1.624415934560579089e+01 0.000000000000000000e+00 4.012753039679739686e+02 1.381696359684772005e+03 2.202253998043824481e+02 1.723710988085961162e+03 9.300455402393930626e+02 7.516880906132644213e+02 1.156151663105120875e+01 1.277763429421235514e+03 1.014219532002484357e+03 4.954826463321525694e+02 2.338618589238504342e+02 6.181119099064150078e+02 5.979862446301203818e+02
0.000000000000000000e+00 8.253381645731059280e+02 4.778067946000015809e+01 8.683364108629538123e+02 2.748412636809664491e+02 3.523672600789205944e+02 1.074795959980683620e+03 1.447206909272818542e+01 2.359336373390686958e+02 6.999819293024363560e+02 1.078110164355279039e+03 8.569668494379864114e+02 0.000000000000000000e+00 1.499028500020678223e+02 7.141523166488004790e+02 5.998522114067607163e+02 1.901247996337399684e+02 4.757328139210763425e+02 4.545988242448816550e+02 9.165311051414026906e+02 1.417736478758100986e+02 1.479911875647356510e+03 1.453797483040711313e+03 4.659677518537075258e+01 4.037268342983543903e+02 3.510269464555484547e+02 3.074832558282206474e+00 5.929189992864329497e+02 5.787053236223412256e+01 9.287282369346776534e+01 0.000000000000000000e+00 3.653972944687315039e+00 8.140356449912035259e+02 8.271213409248430253e+02 5.015865672386835854e+02 7.910541818982495954e+01 1.641684973508465930e+02
0.000000000000000000e+00 1.226734653845876072e-01 1.820364680089797389e+02 8.333412513748344281e+02 2.790600768251064778e+02 3.138889067899486349e+02 2.647342404630839141e+00 1.011463397017964922e+02 4.115411002824528737e+02 8.787134827747808075e+00 1.434812705808518842e+02 1.310691941059550118e+03 3.426462415165462971e+02 5.797321326449669954e+01 9.695825223033857299e+01 1.933824901339835378e+02 4.186238067476902636e+00 1.371235896878777680e+02 0.000000000000000000e+00 1.497330957132170859e+01 1.323475309756708839e+03 1.258499954529664819e+03 7.189525464372179613e+02 0.000000000000000000e+00 3.562781311851506416e+02 6.634997277268006428e+02 1.237509317790481418e+03 1.712058376970224671e+00 5.401964818662501102e+02 6.566143673185025591e+02 1.289000223186233640e+01 1.050334274257766225e+02 0.000000000000000000e+00 6.564938461800207961e+02 3.503428026628520229e+02 9.556853910998107722e+02 7.599553347993872876e+02
0.000000000000000000e+00 5.360665513140941130e+02 4.198300358056492314e+02 3.556191341861645014e+02 1.413510654495793233e+02 1.966247005265474002e+02 1.637529398298494954e+01 1.153529225504255074e+00 8.796248570608266846e+02 3.536623323651140254e+02 1.598413008884256783e+02 1.706716817770102637e+02 0.000000000000000000e+00 1.456406008583296625e+02 1.942959524982359767e+02 1.637755892918985126e+02 7.492382435648754502e-01 1.784097529378153979e+01 0.000000000000000000e+00 4.394520567722894953e+02 1.290581586537228304e+03 1.330813184219914547e+03 4.701099515490776639e+02 3.809298359122657729e+01 5.652734704365917651e+02 6.413822105959786768e+02 3.426639099689823524e+02 2.898492759672170749e+01 5.462345934602875985e+01 1.527027551854562262e+03 1.144038504597846440e+03 9.372341142762560366e+02 1.931531163987915249e+02 8.254988222767409525e+02 7.418739987374879385e-01 4.765499009164953748e+01 6.481451734022803066e+02
0.000000000000000000e+00 6.815963713604472787e+02 1.192818429076025950e+03 3.115642147717398984e+02 6.708662180372607509e+02 2.040169755350998173e+02 1.342355994416421709e+03 4.029486020186731139e+02 1.326946559932214882e+02 1.397716854379141978e+03 5.636231395317556689e+02 2.747181952812254622e+02 2.381694294084737917e-07 7.961813534536271391e+02 0.000000000000000000e+00 7.403073758503707040e+02 5.107730502112129329e+02 6.469272952696669563e+02 1.171282756987707899e+03 3.639655108784619983e+02 6.634737092360372799e+02 6.368861963087749700e+02 2.564453468170011519e+01 0.000000000000000000e+00 8.595215364033568903e+02 4.809593323018915356e+01 1.959380494077751962e+02 1.583594874788468360e+03 7.127318839803434685e+02 2.996007069768801330e+02 3.062538681324991785e+02 2.303640387906296212e+02 3.244532678872087672e+02 6.152524056103644057e+01 2.601473633018515557e+02 1.982456952574859699e+01 4.885676003689910090e+02
0.000000000000000000e+00 7.222638949537413033e+00 2.424520738345405491e+00 7.789103493552040902e+01 1.157134170883108766e+02 1.559544625821750969e+02 7.953445418106166187e+01 5.399993571292220622e+02 1.021992869186055600e+03 9.092640002188603603e+02 1.352593972316679128e+03 6.810737794377746956e-01 8.056651261406466347e+01 0.000000000000000000e+00 1.186050028695612355e+03 1.634502027857165103e+03 5.602642842189573003e+02 8.114409943885275425e+02 6.722103834881713869e-02 7.025302156480963731e+02 1.038246109318936305e+03 1.046204072621466821e+03 1.955392898975674143e+02 9.833306841455470249e+02 7.374093359837662831e+01 8.266566109341031279e+02 1.390826569411344638e+00 2.307401244434306022e+02 4.355958128204730997e+02 8.405524967594349164e+02 7.616175426420471695e+02 6.146563086140885162e+02 1.385648908573869448e+03 1.007962531900428303e+03 1.024796038982577329e+03 2.535872745955052494e+02 3.722186392251275038e+02
0.000000000000000000e+00 5.226502114136849286e+02 1.167597975879675687e+03 7.200910617069943100e+02 6.714709978007101654e+02 8.146315561947228616e+02 1.241327914073335705e+03 1.228431947759063947e+00 2.782947807737449875e+00 0.000000000000000000e+00 0.000000000000000000e+00 6.794385046707926676e+02 1.493589006389088958e+01 8.974851683954130976e+02 2.757398335762455943e+01 3.168515989308139638e+02 8.125338324068072104e-01 1.300099856799593852e+02 5.385006146083802605e+02 6.280401525700775665e+02 6.450629395549715355e+02 5.742396803368174574e+01 2.841958666909927729e+02 7.060843896484967672e+02 4.070209529322790445e+02 5.418181031508840988e+02 3.414497353542116684e+02 2.285114441927504458e+01 2.982509746002166562e+00 1.551808649083318059e+01 6.683702901442719622e+02 7.546936484275224757e+02 7.939055342104121848e+01 1.862776245150173793e+02 9.123221292439663443e+01 9.475636302366799555e+02 2.725220969719495088e+02
0.000000000000000000e+00 0.000000000000000000e+00 6.421890928761722535e+02 3.821772169929813145e+01 7.988035598921568692e+01 1.901847624882396133e+02 5.691899490545853268e+02 6.093572251521625276e+02 1.444502202415293596e+03 4.182246363135811293e+02 0.000000000000000000e+00 2.061220607766615842e+02 1.619711434493784168e+02 1.067867506695466773e+03 6.041090677483986155e+02 5.734154116128142959e+02 2.897191013671678661e+02 6.708258564679484834e+02 4.550234312343823717e+02 3.470284409416780704e+02 2.509479998386599675e+02 6.997530560343788011e+02 1.664884191603147485e+02 9.303672333383516388e+02 3.880893444383460746e+02 1.666404929129215589e+02 5.238978411021536203e+02 5.500847543109420030e+02 1.321619538432326863e+03 4.019338916852134957e+02 4.762363036167728296e+02 7.921657809542524546e+02 4.857223393266397125e+02 1.496896301206613089e+03 5.633004569860108335e-01 1.538610591370917824e+01 6.789267730459355334e+02
0.000000000000000000e+00 3.951250303030295186e+02 3.401006589585088591e+02 8.786493284159804773e+01 6.657077035389242781e+01 7.184490167885307983e+02 4.566183237590717567e+02 1.839553838220559498e+02 2.256563948946603304e+01 8.031888927032258607e+02 4.938169511176869975e+01 6.779313572012177929e+02 2.211229553294207761e+01 7.204610592405343823e+02 1.280480446838902253e+01 1.052364917043349124e+03 1.056604579505650288e-01 1.078425065071563040e+03 0.000000000000000000e+00 2.434587524740470599e+01 1.052185264376057745e+02 8.136645835085065528e+02 8.259366855593859214e+01 1.611166941408242337e+03 3.000959256093954082e+02 9.621151112392986988e+02 9.372346098317979113e+02 2.161139068908119327e+02 1.710062339266069671e+02 7.180606705967303161e-02 2.942991492109536011e+02 1.219336005936702350e+03 1.072089811025621771e+02 5.835067103781076270e+01 5.625015507339911665e+02 0.000000000000000000e+00 7.815456270198374114e+02
0.000000000000000000e+00 1.081311652708790461e+03 1.067968234236484051e+02 5.157598178525793742e+01 1.043276923679940182e+03 1.508980416934103630e+01 2.317635568475936054e+02 2.568809667287886782e+02 6.198996884536146013e+01 1.365089287327301236e+03 6.072234484344661496e+02 3.738105327638815645e+00 0.000000000000000000e+00 5.468381705407892923e+00 1.115106685385433138e+02 5.406937840481618878e+02 4.777719307033883211e+01 1.113624904899265857e+03 3.328736972003475785e+02 5.777571297501511935e+02 1.157479958249018637e+01 2.961342843952223234e+02 4.068470762264622635e+02 5.241478677918532867e+02 5.552163218844909807e+02 1.551951460102131477e+03 1.184639332081318571e+03 3.791862963869320424e+02 1.173668158590396160e+03 1.604186535715487253e+03 5.428745439374491752e+02 8.223272034935689589e+00 1.344867603040163203e+03 1.134643712418440828e+03 2.136141591200138805e+02 2.350666241020487348e+02 2.507150271450613275e+02
