output/example_1/lateral_incision_000060.asc
nrows	75
cellsize	13.33333333
xllcorner	0
ncols	75
yllcorner	0
NODATA_value	-9999
[rows 51 to 67 of 75, columns 0 to 36 of 75]
0.000000000000000000e+00 0.000000000000000000e+00 1.105763585897183106e+02 4.824850278182994390e-01 0.000000000000000000e+00 0.000000000000000000e+00 5.576963174612311605e+02 7.737898783087922538e+01 5.432404107722759790e+01 4.140178377414810207e+00 6.509415170658287479e+02 1.919669404938620261e+01 7.754113235362674459e+02 0.000000000000000000e+00 1.169460612455862929e+03 1.479826657304494120e+03 1.329853973266760931e+02 1.182119216699860772e+03 0.000000000000000000e+00 6.863676567554459318e+00 2.679235117453960697e+02 4.097377671072235898e+02 7.456610202645684637e+00 3.208993317536732093e+02 1.120278938531981368e+02 1.983026365395886562e-07 1.254945223570681208e+02 2.772527740593241674e+02 1.069313015348075879e+00 1.118587977434019876e+03 1.230257179579341710e+03 8.988915013611232041e+01 6.745782797985175883e-01 1.573620906975151712e+01 1.272492918075009349e+01 3.153383471779855007e+00 7.671550374201773366e+02
0.000000000000000000e+00 2.757614710539177736e+02 1.474225016863939004e+02 1.053138122128244277e+03 1.132813518944985054e-01 3.829528671686324603e+00 1.094001011223920194e+01 4.661741264733843764e+02 4.594583670872632979e+02 6.315028101204420636e+02 8.507466678785880276e+02 1.690059498890980478e+02 9.311097965161631009e+02 4.674128269500670285e+00 1.192418859645116299e+03 5.568157161929535448e+01 3.425988674579150484e+01 5.030226029818301186e+02 1.250368634494105208e+03 1.341718454104239527e+03 4.447225111653694540e+01 5.758946262863819499e+00 8.616137831954845296e+02 5.285138850834763389e+02 3.953685844367351478e+02 3.412141326686007119e+02 9.975392996294060595e+02 1.042909212351995620e+02 7.471221395983994853e+02 1.874222936555436814e+00 1.366885056727762162e+02 1.620654938393424560e+00 4.203015103161866932e+02 2.609881734633343053e-01 5.882229053828510814e+02 1.169946764707532338e+03 6.380838507772605226e+02
0.000000000000000000e+00 6.270705677091997359e+02 5.070668421472273621e+02 8.486100817243413985e+02 8.983521958769933917e+02 3.439355143866923186e+02 0.000000000000000000e+00 1.082688793533472165e+02 2.915286157217613550e+02 9.603235109219815513e+02 3.547048530634215808e+02 9.186343623058661478e+01 3.959151705972651598e+02 1.054494102547629382e+03 5.124356081350064187e+02 2.362987472935363087e+02 2.369828571804136530e+01 1.131354767147156281e+03 2.347190357798334404e-01 6.176552158409466529e+02 9.959763803177629597e+02 5.527836683106017723e+00 2.628799725819123978e+01 2.994610242872874437e+02 9.950001023177878778e+02 1.055784001679390030e+03 0.000000000000000000e+00 1.172283427071927008e+03 1.391794962443087229e+02 2.320426091105892112e+02 1.496503844793371618e+00 8.934519410964152257e+02 8.512016828382163567e+02 8.104156437480284012e+02 0.000000000000000000e+00 1.358114619234735983e+03 1.174185219283535986e+01
0.000000000000000000e+00 7.903653565345264269e+02 4.947478008183607585e+02 2.005422611230808059e+02 2.911530127347996313e+02 8.158128176755675440e+02 1.011876043876499807e+03 1.091118970603220504e+02 0.000000000000000000e+00 6.660833997932765404e-04 1.928146554137996418e+02 4.326117197222847039e+02 2.105363448050983664e+02 1.122349256506801041e+01 0.000000000000000000e+00 1.094902891832293932e+02 1.349726223842758372e+02 7.793087934243201289e+02 6.035288159384410847e+02 1.026807415246323352e+01 3.332768804264392770e+02 9.767397247239156144e+00 2.795234068922239885e+02 8.645170999270715129e+01 9.446367656295262805e+02 2.414493951671601479e+01 1.415544239230934181e+03 1.684861795378213174e+03 8.878583991743485058e+02 1.253687892333326317e+03 4.566058746417712477e+00 1.013866995738858805e+03 8.831918508725295851e+02 1.474647877222708985e+02 1.098357829174281051e+03 2.326778879801702171e+00 5.097807938462783568e+02
0.000000000000000000e+00 5.392780194958647633e-02 1.829447365751191990e-01 7.882139081409425216e+02 1.428408955866800056e+02 3.906448013321041657e+01 9.204892437753915146e+01 2.185566239517300602e+01 3.550616058945139645e-06 0.000000000000000000e+00 1.032222820938239787e-06 0.000000000000000000e+00 3.840364267860449723e-03 4.998552856912790077e+01 5.769214923127894963e+02 1.351484269248046530e+03 1.124002391623857449e+02 2.565388672074428769e+02 7.463472026319697079e+02 3.326003936477926004e+02 1.069191884795731440e+01 1.203008193966421047e+01 1.923943458163773528e+02 0.000000000000000000e+00 3.057500462635539407e+01 9.049460296340552077e+02 1.589109432941403611e+03 0.000000000000000000e+00 1.362030561967655785e+03 5.308545984026524138e+02 0.000000000000000000e+00 6.190521156101611950e+02 1.709836988805776912e+02 4.638751796623289465e+02 2.118031395541558126e+01 9.658347224285216726e+02 1.641958041201784908e+03
0.000000000000000000e+00 3.318487298229546241e+02 4.915966735205728924e+02 1.146030543065854999e+03 5.397930152041283236e+02 3.690263556729133825e+02 4.638820034455105770e+02 1.602053096186687355e+02 0.000000000000000000e+00 1.032222820938239787e-06 0.000000000000000000e+00 3.865066979256656584e-10 5.799158913076285808e-05 3.980334736987686028e+01 2.186854449330238879e+02 5.436688880684857850e+02 5.220516874229051751e+01 2.348013183213028583e+02 1.157625013257892022e+01 1.709841442310287505e+02 9.640506589957823280e+00 6.035513258238419212e+02 2.365413271907182775e+02 1.354599037171172995e+03 1.790344705995355525e+02 3.367932898961532260e+02 6.620871055409553700e-07 1.084400521327712795e+03 1.027860178411016250e+03 1.334454750500179046e+02 0.000000000000000000e+00 0.000000000000000000e+00 5.165932724974796386e+00 2.512978706859830424e+02 9.543881322162015124e+01 5.976930353434786412e+02 3.081927132772176492e+02
0.000000000000000000e+00 8.053103465369651985e+02 1.120875837034670894e+03 1.121288062086815216e+03 4.737010686796804748e+02 3.722031320883195917e+02 1.078351102901525138e+02 4.864238386826058900e+02 2.503209777311293793e-01 8.976994651588022407e+02 1.991633982148705968e+02 2.302235548513747447e-09 6.260049252717586549e-07 1.566047563494757000e+01 3.995062707357488989e+02 1.582931651591852187e+03 1.901419521659331053e+02 1.510867864296992366e+03 0.000000000000000000e+00 7.010602156918054690e-08 3.242638509818505668e+02 5.215092039365607945e+01 4.820781588187094258e+02 2.296893886706723720e+02 1.122717655090921426e+03 2.234208260356100340e+01 3.312127966907525689e+01 1.479064215122534279e+03 9.205679312993927965e+01 3.874385087260484397e+02 6.703360193576727397e+02 7.242325430075652548e+02 1.482253247763328545e+03 1.072433149314348526e+02 7.493363120857313220e+01 1.243806584133598392e+01 1.255986895723369116e+03
0.000000000000000000e+00 7.241363098548105448e+00 4.405831707357257443e+01 9.751239038183399543e+02 1.660236224969736440e+03 1.296825222105658426e+00 2.645587807495418247e+02 7.597812439795088721e+02 5.070592853826913711e+02 5.538533048536644401e+02 9.746722478583239990e+01 1.643585396076004956e+00 3.319095043575595696e+02 5.683800091624123496e+01 0.000000000000000000e+00 2.465455530414903649e+02 1.160506722848215873e+02 5.707310091850266645e+02 0.000000000000000000e+00 3.217963220300542275e+02 6.535617819322989419e+01 1.200412606096909713e+03 2.177526495952647281e+02 7.302065869905526370e+02 1.356298732294608499e+03 8.483171705167219610e-04 2.450957439047981836e+02 1.373863285453224137e+01 7.761944216261505289e+02 5.340840763856699596e+02 1.027507786540618895e+02 5.793323583200833582e+01 1.067632801723000739e+03 8.352568020938109612e+02 1.957157227840708060e+02 5.632963942526888559e+02 2.979986742154690837e+00
0.000000000000000000e+00 1.048896947411398514e+03 1.578912012411833032e+01 6.894807120825462432e-01 3.348977519177668949e+00 6.690694361936793939e+02 5.520808147124719198e+02 6.690439429233313717e+01 8.343204901906013902e+02 1.921339022070339695e+02 2.097127542131525217e+02 2.076531912715284420e+02 0.000000000000000000e+00 5.587120109052211570e-01 5.844573479047670617e+01 0.000000000000000000e+00 1.266749873087423595e+02 3.745819899352995970e-05 6.291573269986080277e+02 2.940716556977359346e+02 5.962936618061133842e+00 3.065191521447866876e+02 5.417388344962318358e-01 9.060582546986818215e+02 5.357303156523495318e+02 0.000000000000000000e+00 9.680085421356486677e+02 1.261528903951758593e+02 2.609979088989221054e+02 4.529065556465280338e+02 7.720674306460771277e+02 2.744865493305438804e+02 1.859868923031709187e+02 9.974964408273765404e-01 9.187236474638999653e+02 1.371816113004338149e+03 9.536420617675388485e+02
0.000000000000000000e+00 6.014287184456991326e+02 5.514783645458916084e+00 1.153134062232474662e+03 3.014848006849258013e+02 5.883013914454943460e+02 1.112104698186371365e+01 1.693937386709726525e+03 5.585109017122176738e+02 3.666627391092462744e+02 0.000000000000000000e+00 1.213346998658731536e+03 3.346659687941412926e+02 4.321955616579840580e+02 4.419705502153663588e+02 9.215609319752846318e+01 1.384234076905962486e-02 9.452412481439999681e+01 6.285957137144657736e+02 1.820170720167944654e-06 3.851024056348966838e+02 5.125706131643244134e+01 1.943529472003608021e+02 8.860677277958521358e+01 5.496456041911401371e+02 1.764607124113401682e+01 6.858126671111532460e+02 1.191943486989446086e+02 4.034874087125058395e+01 1.688034145992887503e+01 1.064188389896891067e+03 3.374651397617668636e+01 7.636310227696973207e+00 5.603821228281564117e+02 8.528704200618511533e-02 0.000000000000000000e+00 9.711729986479944046e+02
0.000000000000000000e+00 1.467246270204185748e+03 5.762382592744645535e+02 5.490790999446392107e+02 1.074027908427246075e+03 2.978538063883693354e+01 0.000000000000000000e+00 4.486874561996070838e+02 2.074796659397881626e+01 1.300425507762432972e+03 8.859215736276712105e-01 1.729998144323482165e+02 0.000000000000000000e+00 5.633517873601614383e+02 0.000000000000000000e+00 5.810443699092189718e+02 1.330097065815856467e+03 8.038769935622722187e+02 5.952189059473759016e+02 1.349926597446629373e+01 6.287625955234285584e+02 0.000000000000000000e+00 9.768226803669938363e+02 3.646765229849758327e+01 8.849117175114378142e+02 5.250914158825747080e+01 5.162466307045359599e+02 1.007136230852502337e+02 4.986470829286231492e+02 2.627998643225186584e+02 9.686041309934201138e+01 1.103355333479065848e+03 7.233935560954101618e+00 1.382627350498553369e+03 4.769325559432868999e+02 7.652596640882368320e+02 1.324163006057514622e+03
0.000000000000000000e+00 0.000000000000000000e+00 9.587544909700012052e-01 2.842622258186621025e+02 9.477806234852769762e+01 1.419566518723091519e+02 1.862099757443570525e+02 3.371361141181085372e+02 9.654094727649443541e+00 7.287619407717389475e-01 9.070698418074792926e+02 2.044193527062970759e+02 5.124415220662259571e+02 5.076341692344857961e+02 6.377814630826986786e+02 1.125175103832580135e+02 0.000000000000000000e+00 7.808453211512791086e+02 7.577097171214762561e+00 1.073847419014360867e+03 7.575397576630884089e+00 8.746466036168074609e+00 5.354230039069531131e+02 7.097919567733010808e+02 5.065010885815159725e+01 4.137880053825298887e+01 1.453883774798096340e+02 3.274615835080554405e+01 1.088912899298036109e+03 2.214847930625613581e-01 5.975860862797179873e-01 1.667707689984812873e+02 3.169292033181168904e+02 3.522495269883248881e+01 4.161458470445602131e+01 8.359241228215618094e+02 1.593169265146207714e+00
0.000000000000000000e+00 1.026511687576354916e+03 5.328168364707861429e+02 3.479298210940224862e+02 0.000000000000000000e+00 1.277668131966621331e+03 8.581149086471127703e+02 4.015907707345943578e+01 2.057201470679565602e+00 6.734276050235197317e+02 4.373949788141517914e+00 6.430388567713704333e+02 6.284313777039587379e+00 5.607111634701344656e+02 0.000000000000000000e+00 2.880199363129760854e+02 8.679916351027344490e+02 9.468829012342988349e+00 1.371323202214194225e+03 1.306465695328652146e+03 4.986504523547002918e+02 6.929330058739230358e-01 4.239245592601879942e+00 1.662647188091190609e+00 1.320677350589583909e+02 9.125983819383509399e+02 1.109413806475229194e+03 0.000000000000000000e+00 4.439247420109301174e+02 9.919383427927376715e+02 4.089174729677037590e+02 3.485129159532456811e+02 7.477627994278503998e-01 3.160689781317817942e-02 3.086527488611764611e-02 4.155904149087242558e+02 1.974342176754319667e+02
0.000000000000000000e+00 0.000000000000000000e+00 3.702268558958290896e+02 3.305800309679279394e+02 5.081467343510519186e+01 9.166085144014301704e+02 8.125618141278306439e+02 8.533698723418523002e+01 1.054187893402825694e+03 1.347356208468489740e+02 2.940567187555637929e+02 8.749247794860730210e+02 1.764909140464706923e+02 0.000000000000000000e+00 1.530982290090231572e+03 8.077745303509974519e+02 9.049136840991892541e+02 1.229159529330738962e+02 8.054778251846547619e+02 4.949436801163647033e+02 6.651434520225133156e+02 5.768980082202555195e+02 1.447032754974103170e+02 6.148514918598066288e+02 1.691253787296344910e+02 2.207944574468836763e+01 1.041354959667701081e+02 3.576327050854800973e+02 3.703060607622551403e-01 2.184473042738883066e+02 7.248898338099483851e+01 1.515638242089461796e-01 8.545265206787843226e+01 5.097258260814527819e-01 2.675616920841498991e-02 4.658548426597922010e+00 1.538483472168287491e+01
0.000000000000000000e+00 6.207736908123221156e+02 1.085748079852138801e+02 2.614854065129963712e-02 5.896585693778059749e+02 7.517706057730262046e+02 3.287431270292274235e+02 2.550199554795226575e+01 1.276869803643658997e+03 0.000000000000000000e+00 6.188432863127857217e+02 5.820659942942448879e+02 8.727332024471104432e+02 0.000000000000000000e+00 1.592928039041691136e+03 1.397577308642665002e+03 4.914502261956024540e+02 9.993948442839767665e+01 5.442015648736952471e+02 5.975343887260047495e+02 2.607273183019278306e+01 7.869124885932695861e+02 1.131711573159585811e+02 8.143147510614450084e+02 9.148623154748617026e+02 1.059323113280384632e+03 0.000000000000000000e+00 3.039557175641987783e+02 7.317196408304135957e+02 4.505680390374932287e+00 9.821369789111392947e+02 6.551731423789548217e+02 0.000000000000000000e+00 3.222414112124512258e+02 2.898499799219292186e+02 2.518380958083755505e+00 6.115714589333501863e+02
0.000000000000000000e+00 0.000000000000000000e+00 1.144387873087818434e+03 7.694947440493641579e+02 3.816688199909710875e+02 8.650385528609469930e+02 8.720853138732858270e+02 3.044731345090652042e+01 8.967831963708576950e+02 5.893801057350424344e+02 8.137833470104919797e+02 1.054902483569897669e+02 0.000000000000000000e+00 3.043675661058985042e+02 8.228360495835630672e+02 2.838702420668767559e+02 1.816640266970302378e+02 4.935806330720355461e+00 5.111967797907549738e+01 3.136764303872919299e+02 3.074096523856544749e+00 1.519376247949627896e+03 2.356103279029381952e+02 1.502931394296886765e+03 5.115166940348825619e+02 4.526071231731910984e+02 6.431026189269197175e+02 0.000000000000000000e+00 1.054573137826876291e+03 1.073410408163946840e+03 0.000000000000000000e+00 9.738218819103724400e+02 3.739340383670674228e+00 5.664943806539247362e+02 4.089616020206689129e+00 3.966442404991248054e+02 4.537502521776239064e+02
0.000000000000000000e+00 1.178546088145398016e+02 9.329042610275256493e+02 1.345213841016846800e+03 6.425033037362743471e+02 6.836920254917752118e+02 5.501193318829347163e+02 5.481440738486459407e-01 1.750713842030061642e+03 1.117285629833715120e+03 1.904321651712033088e+02 6.193343619793315611e+02 3.394204123703853497e+02 8.532381994271811436e+02 1.106115218052634788e+02 8.273396423422935868e+02 4.722955071775649003e+02 1.614942941000881982e+00 4.164666234807928191e+00 0.000000000000000000e+00 8.226797771242635235e+02 1.897277475874802377e+01 4.737091646409220402e+02 0.000000000000000000e+00 8.800050891086300453e+02 1.218158928103876661e+02 9.855145470126304872e+02 6.400296496109403961e+02 4.030853343032302973e+02 1.409954404016563467e-01 3.877317902267337217e+02 5.038623645385501391e+02 1.822466654489438440e+02 1.211621544018063105e+03 4.107114772144601744e+01 1.322172425432022180e+00 1.266503049120261494e+03
