output/example_1/lateral_incision_000156.asc
nrows	75
cellsize	13.33333333
xllcorner	0
ncols	75
yllcorner	0
NODATA_value	-9999
[rows 51 to 67 of 75, columns 0 to 36 of 75]
0.000000000000000000e+00 2.809853922048755592e+01 1.737189633800518322e+02 4.824850278182994390e-01 0.000000000000000000e+00 0.000000000000000000e+00 5.576963174612311605e+02 7.737898783087922538e+01 1.135638466722763269e+02 6.120019665111370841e+02 0.000000000000000000e+00 1.312740553246834452e+03 4.935974012047515680e-02 4.721430692579608035e+02 7.959849123045542818e+00 2.367846525395301072e+01 0.000000000000000000e+00 4.946212612763754350e+02 9.353763405821450760e+02 3.978474677220389140e+02 5.075667648926176412e+01 5.111096565180451989e+01 2.765235677449984220e-02 2.582538976864476581e+02 5.097978514740694891e+02 5.605043739571133301e+02 6.150179975766048983e+02 4.062582026612636121e-01 1.626284903638783135e+03 0.000000000000000000e+00 0.000000000000000000e+00 0.000000000000000000e+00 1.192212996985724804e-01 7.610032317424140729e+02 9.597824301670405589e+01 0.000000000000000000e+00 0.000000000000000000e+00
0.000000000000000000e+00 1.755275495717002920e+00 6.531379541797781485e+01 1.083218920420843233e+03 7.333088321383167241e+00 1.212027575480543184e+01 1.800674628102402153e+01 4.661741264733843764e+02 4.594583670872632979e+02 3.863077190902736788e+02 0.000000000000000000e+00 4.512827520671588672e+02 0.000000000000000000e+00 7.694091410401083131e+00 1.079079402815817957e+03 2.232121735153088480e+02 1.304255000416298742e+02 3.241472430925283987e+01 1.168228902215709468e+03 8.963286945620474455e+00 3.260482327355287868e+00 1.079446009611282875e+02 5.527889211593682148e+02 0.000000000000000000e+00 0.000000000000000000e+00 0.000000000000000000e+00 0.000000000000000000e+00 3.248625127537246158e+02 1.039764378827276232e+03 4.092990700971457519e-05 7.167325473413279724e+02 1.127806035282934438e+01 5.091263346343532703e+01 0.000000000000000000e+00 1.391442591061354960e+03 1.439629736986014677e+03 5.034777076432816898e+02
0.000000000000000000e+00 1.059622353455220036e+03 1.120122203642613989e+01 5.187898819440029001e+02 1.659320958083679045e+02 4.716337657578424682e+02 2.308080678195220230e+02 1.082688793533472165e+02 2.915286157217613550e+02 1.106460636504558124e+03 1.456994487826920537e+00 2.152226607361427568e+02 1.340273207152951272e+03 0.000000000000000000e+00 9.143806813911010067e+02 2.613144756942960445e+00 1.358852177933976463e+03 5.326218930530068008e+01 2.037982553366859690e+02 6.275679562671459735e+02 0.000000000000000000e+00 4.890956834568253839e+02 1.323421387836249892e+02 1.420159510716646082e+03 9.371632257616758777e-01 3.233499450312261843e+02 4.405537902563323769e+02 1.073779164091209423e-02 1.323204126099506993e+03 0.000000000000000000e+00 3.851383209297842427e+02 3.887084865856329685e+01 1.389351925678432735e+03 1.109192243216646375e+03 8.741020684856316336e+00 2.578271739628503667e+01 7.288143792841168533e+02
0.000000000000000000e+00 5.858339440760313437e+02 3.243711665540761260e+02 3.379299843307765627e+01 1.514769116119014825e+03 2.390933820532357004e+03 5.256592100585855860e+02 3.956687322376124598e+02 0.000000000000000000e+00 8.757040067058312616e-01 0.000000000000000000e+00 4.365994866957940985e+02 0.000000000000000000e+00 6.396759138020537421e+02 4.067319067825904995e+02 8.517325569573306154e+01 0.000000000000000000e+00 9.293816490984474967e+02 6.035288159384410847e+02 1.026807415246323352e+01 3.332768804264392770e+02 1.566472923709906411e+02 4.338295914688471271e+02 8.398436241408974823e+00 4.694349465375881891e+02 1.178223919712476572e+03 3.917566169924027690e+02 1.284687905765243556e+02 5.184138610877676001e+01 2.131049453304054353e+01 3.739816686998621549e+02 3.669627033697588558e+02 2.144658139882788248e+02 7.578273242053473524e+00 1.503239510812448543e+03 2.136959721719336187e+02 1.117413422062216796e+03
0.000000000000000000e+00 0.000000000000000000e+00 5.501049191943674259e+02 3.403252517832460171e+02 4.685406838741006830e+00 1.160484095374889193e+03 0.000000000000000000e+00 2.410943429638869020e+02 0.000000000000000000e+00 0.000000000000000000e+00 8.097542696337769996e+01 0.000000000000000000e+00 1.970515294413453944e+02 8.447595858652493916e+02 1.818938954312810097e+01 0.000000000000000000e+00 0.000000000000000000e+00 9.879957676591153586e+02 7.827299241093310229e+02 3.326003936477926004e+02 1.414409849425180710e+02 2.963874279358111608e+02 7.297137261203918115e+02 2.935972334693368158e+00 0.000000000000000000e+00 7.918828031660307261e+02 4.813629149604992108e+00 7.697518718050416737e+02 0.000000000000000000e+00 6.511133549116832455e+02 7.876037448857286449e+01 3.469678771864008127e+02 7.332784797681958366e+01 8.762483430402157865e+02 9.274374105110097162e+02 0.000000000000000000e+00 3.833941960770376340e+02
0.000000000000000000e+00 1.109009617141966508e+01 5.186175956041765858e+02 8.731763519406711112e+02 1.408959450026292643e+03 2.224583471350150035e+02 2.240689459082440464e+02 5.360751330278325213e+02 4.776414567107518110e+02 1.032222820938239787e-06 0.000000000000000000e+00 3.865066979256656584e-10 6.005403925052809200e+02 2.529830523733417280e+01 6.378538481043365209e+02 0.000000000000000000e+00 2.008117948436461404e+02 0.000000000000000000e+00 1.157625013257892022e+01 1.724445951763851212e+02 1.123645527472667993e+01 1.004499495842782267e+03 1.324142421478473807e+03 1.334665483191809585e+02 0.000000000000000000e+00 1.697609879838508640e+00 7.051821210133739442e+02 8.231349427040801174e+02 1.580103900514832627e-01 6.017279959379479806e+02 1.882258117969307705e+02 4.433427572382386472e+01 4.298127862260193979e+02 0.000000000000000000e+00 4.133322283577674625e+02 1.114194091586184186e+03 5.138741784820034582e+02
0.000000000000000000e+00 0.000000000000000000e+00 8.546981689032595568e+02 1.071865513931972146e+03 7.208906827070042027e+02 1.243172943355335747e+03 1.178075286087111408e+03 1.919806389524981967e+02 1.618546247231464292e+02 8.976994651588022407e+02 4.078815930861843526e+02 7.372437292492692862e+00 4.075471360347700056e+01 5.050043749220555469e+02 1.212035443049705464e+03 4.930500354472574998e+01 1.341336593471376545e+03 5.273184435137171704e+02 1.585656282718501586e+02 1.436674107958085358e+02 1.103086672512846462e+03 2.690365063130631711e+02 6.613809867223514605e-01 6.332148481000592710e+02 1.982122612669249975e+02 6.078371681186478099e+02 8.013289910750222234e+00 3.495586073152104234e+01 1.248155260641568020e+03 5.103689530763435869e+02 1.820460590767926590e+02 1.032380115570149883e+03 3.128462886734642900e+00 2.941694715039722610e+02 4.239513314652589315e+02 0.000000000000000000e+00 0.000000000000000000e+00
0.000000000000000000e+00 1.484884686517580349e+03 7.219513432100510553e-01 7.638102970253394233e+02 9.525426349344625123e+02 1.461689831419267804e+01 2.645587807495418247e+02 7.774055481775620819e+02 5.070592853826913711e+02 5.627214368398579154e+02 2.255353997290404777e+02 1.643585396076004956e+00 5.204349094468610701e+02 8.035099414560985451e+02 5.741824462782900582e+02 6.005485401567575110e+01 4.798320778387706582e+02 1.072298810174368899e+00 4.297501997352630383e+02 5.020775837405031439e+02 3.253169018010702302e+02 7.880736222498189170e-01 1.995130590025096069e+02 3.645206715859373503e+02 9.025995116772271558e+02 4.029061515324358993e+02 1.725751690515158643e+01 3.182451969972286676e+01 1.530020039472047344e+01 1.883023316260948548e+02 3.399757305408375032e+02 1.056846850675230144e+03 8.611640400779549509e+00 6.053280352194309266e+00 3.939656027505548650e+02 7.820298945333554741e+01 5.275560099860951091e+00
0.000000000000000000e+00 3.820924079346225994e+02 1.282130210204349829e+01 1.128604593570722727e+02 9.907741037802023243e+01 6.690694361936793939e+02 5.520808147124719198e+02 6.690439429233313717e+01 8.343204901906013902e+02 5.651305230937402939e+02 4.939629663524234502e+02 6.020818290276183689e+02 0.000000000000000000e+00 5.587120109052211570e-01 4.847065992612688774e+02 9.965436571703034474e+01 4.739152753640964733e+01 6.314572487329729711e+02 9.112768296445404985e+02 1.298666831647036133e+03 1.421792887110269419e+02 2.342279853355896790e+01 4.861414047388912536e+02 0.000000000000000000e+00 5.503639236115659514e+02 1.168107532888074047e+03 2.074526931085936781e+02 1.364204577116890277e+03 1.256074590569183158e+01 5.689027842238246757e-01 5.020312802746018406e+02 3.121960222269763108e+02 4.600395243451937688e+01 5.431409409851760728e+01 2.132033029775679722e+02 3.572818148350169736e+02 0.000000000000000000e+00
0.000000000000000000e+00 1.333647304497014829e+03 1.297430006124041029e+03 3.326052600702538484e+02 9.309983564033274206e+02 5.883013914454943460e+02 3.720554705255951689e+01 2.445228698189342964e+00 0.000000000000000000e+00 4.588632677006991685e+02 1.047139067617699993e+03 4.728357317199969430e+02 1.523009819388389360e+03 1.030208913334161480e+03 6.218231142021862112e+00 1.154101753468995017e+00 8.649979972923355263e+02 1.983656560540644591e+02 3.931120972718510416e+02 3.662549759097908416e-03 1.135870956788136255e+03 0.000000000000000000e+00 1.044102426522801579e+03 2.721817642372172108e-02 3.468199017928674266e+01 3.241767834336244647e+01 7.019935136008682548e+02 2.504229079537651970e+01 1.306187152945271691e+03 1.051944037963836536e+03 1.126948617283733938e+03 4.303761850884904447e+02 1.026404188528156055e+03 1.161015133328322122e+02 9.103413938476202816e+01 6.022278029728179938e+00 1.187068159094467092e+03
0.000000000000000000e+00 3.940458531156640731e+01 1.836049984236598220e+02 1.425482589233559452e+02 2.122203902744600157e+01 7.579770132841423447e+01 6.290250177834237775e+02 5.719437827928337583e+02 6.718027903435951131e+00 1.089300841903410060e+02 5.939338460022677282e+02 3.064583311978106508e+02 5.873032919252091233e+02 0.000000000000000000e+00 2.669615958191108689e+02 1.336424394126175974e+00 2.358156198900017557e+02 1.223870951052866296e+01 1.356392198623885115e+01 2.809399161750577036e+02 9.726743665389697071e+02 1.076488490920982741e+02 2.145899812931872646e+02 1.078735335857269746e+02 8.976302622764849275e+02 9.023084353961232864e+02 3.482740277343621926e+01 6.536825079962732161e+02 3.307994694637323505e+02 2.716366290728377635e+02 1.055757229376003892e+02 0.000000000000000000e+00 1.512746097834892680e+03 6.378055928246467374e+02 2.164540280017921603e+01 0.000000000000000000e+00 1.221973010758530336e+03
0.000000000000000000e+00 1.372485981148063047e+03 4.952806425692154448e+02 6.078591989386723071e+02 1.865468360081300432e+02 1.419566518723091519e+02 1.083352906439073422e+03 5.209862213551800778e+02 0.000000000000000000e+00 1.311876487992324883e+03 2.075545206412582786e+02 9.512304831074733329e+02 3.697733554093673103e+00 1.137996462412709889e+03 6.411885575014033520e+02 1.766488868401355035e+02 4.978082460264082520e+00 2.415020999531074075e+00 2.119485833679616462e+02 4.606214556454199851e+02 2.310301860900246425e+02 1.539183888575159642e+02 8.719165241575501568e+02 0.000000000000000000e+00 8.356878745758633897e+01 6.749022103333228415e+02 6.923032420010265753e+01 1.055862689833723607e+03 8.093476041960130374e+01 2.214847930625613581e-01 3.249145606866293292e+02 1.300536864511444492e+03 5.193759709501026833e+01 3.571591776587098366e+02 2.403076563835854773e-01 1.022191375709034673e+03 8.809638197432246187e+00
0.000000000000000000e+00 2.606344099536330532e+02 3.114837916885566074e+02 9.416780413937304957e+02 6.905931211344952771e+02 0.000000000000000000e+00 5.045819081410474194e-01 5.232095458316842951e+02 1.454392209429482364e+03 1.028730409537465249e+02 1.017887205127024686e+03 0.000000000000000000e+00 7.413154300047013479e+00 0.000000000000000000e+00 4.733895536713256291e+01 3.565623086614344288e+02 4.900621066037710556e-09 1.257941484232609497e+02 9.783981749063456164e+02 3.830839426819654392e+01 0.000000000000000000e+00 1.139884718604313179e+02 4.262914818601178126e+02 1.260639514525853656e+03 1.010761727042292364e+02 9.115540120976537537e+02 4.365097706335592420e+02 5.566744646737512312e+02 7.208246012163259593e+02 2.886054960047760574e+02 1.842177277351235318e+02 4.414458807646136620e+02 3.550337563163620302e+02 9.114650567714701168e+00 1.232343422261614023e+03 2.157102630894697995e+03 6.647453057195275505e+02
0.000000000000000000e+00 1.665642731800433296e+01 3.720617185707416184e+02 3.305800309679279394e+02 5.081467343510519186e+01 9.241057120426020219e+02 0.000000000000000000e+00 2.247744736175938556e+02 4.289252008405302377e+02 5.912166404661822128e+01 2.488736365586534873e+02 1.055809131586791409e+03 2.567120749210640156e+02 6.549232277655004282e+02 3.501104763295572866e+02 3.686114551115277749e+01 1.324562277778246333e+01 7.599775296858622369e+02 2.120611752330800073e+02 1.804028920819373809e+02 7.472293316661614426e+02 1.014476511201045383e+02 6.702612343674860540e+02 1.655595407770945116e+01 4.421674482412379348e+02 1.928432225663614190e+02 1.028750800939375551e+02 0.000000000000000000e+00 6.623734052611048639e+01 2.550580934629603291e+02 8.072162337309630402e+02 1.394086889096683080e+03 1.963999918500421549e+00 4.474022231202268785e+01 6.204580413371726308e+02 2.266116303951666566e+02 4.182476905212434986e+02
0.000000000000000000e+00 6.649241053878911316e+02 1.250872139697678449e+02 1.756405010919212195e+00 2.492882117778551621e+00 3.441857922663680114e+01 5.461212217423003494e+02 8.237543131948521022e+02 0.000000000000000000e+00 3.368187540157255739e+02 4.249196657039043998e+02 5.921375129383077365e+02 0.000000000000000000e+00 1.187196405850633028e+03 1.034371626644539743e+00 1.072631145625359750e+03 8.643232262281243266e+02 4.225193707179477620e+00 6.717201586678803551e+02 4.344388819079663335e+02 2.333984086791428325e+01 1.801056823328293603e+02 4.566601978005068645e+02 1.190180864592266659e+02 0.000000000000000000e+00 1.209712466381430858e+02 6.283678234110982430e+02 7.593566541618267820e+02 0.000000000000000000e+00 4.625282684125579635e+02 4.122863773192650569e+02 7.958787439328165192e+02 4.899974085100287979e+00 5.571781928472648815e+02 3.459411502739255866e+02 1.165020579550984166e+03 3.087015565737238489e+02
0.000000000000000000e+00 5.345483357825315096e+01 3.273815608039557219e+02 1.499535435406211946e+03 9.897829805589244643e+02 2.655781242339651516e-01 3.578588242124249419e+00 1.754189882999752870e+00 1.257031948890104331e+02 1.739299159127538132e+03 1.049240021212428928e+03 5.454917976297000450e+02 6.433967419753354733e-01 7.449845624688837233e+02 7.084560304474027403e-02 1.094680871749307698e+03 0.000000000000000000e+00 5.386963010792043178e+02 1.548969842390767326e+03 3.866656640014904269e+02 2.984244616805441979e+02 4.271926453268292079e+01 3.222444716788247092e+02 6.736404525814314184e+02 0.000000000000000000e+00 5.603074545233259869e+02 4.340998300922913131e+02 1.250060480433069870e+03 1.540191084345189211e+03 2.353829233987684972e+02 1.516851993635227245e+03 1.858976458514370322e-01 4.223266325481828858e+02 1.444325208645174371e+03 7.272187750455170772e+02 6.627952407517678068e+01 2.539002989841901581e+01
0.000000000000000000e+00 3.289218515033043104e+02 9.514015517316894375e+02 4.242015466873771956e-01 1.971001663361042100e+00 1.255117947135208709e+02 1.581595254383440761e+03 7.317918324401923655e+02 1.525846213636184075e+03 5.504190809317662803e-01 2.108096325635354447e+02 4.299835164261354981e-02 3.143986725522074153e+02 1.445891373784819507e+03 9.069387971624632883e+02 1.799758269773543304e+02 5.993186151742904713e+02 1.781134714298421386e+03 1.616398018204001346e+03 6.635509873675783865e+01 3.631834267971058239e+00 0.000000000000000000e+00 5.731876984331859148e+02 4.660420325558729928e+02 0.000000000000000000e+00 2.271892371076926054e+01 0.000000000000000000e+00 7.048557185159824989e+00 3.074936555086328553e+02 1.138302338770354027e+03 1.638636604453155314e+03 1.147455001995030344e+01 2.123286066628774620e+02 6.681475160147608676e+02 1.654806163268317505e+02 4.381092323303943659e-02 2.164037517636565440e+02
