output/example_1/lateral_incision_000297.asc
nrows	75
cellsize	13.33333333
xllcorner	0
ncols	75
yllcorner	0
NODATA_value	-9999
[rows 34 to 50 of 75, columns 0 to 36 of 75]
0.000000000000000000e+00 0.000000000000000000e+00 1.013432846181959349e+03 1.511972515970968516e+03 2.712100268832047618e+02 5.647438039824608325e+01 0.000000000000000000e+00 1.052063204087974327e+03 7.394563269830794070e+02 4.130397868099313996e+02 5.819645324227958554e+02 6.131719718406228594e+02 1.244204819945098563e+02 6.286744381521231873e+01 6.503373213844262182e+02 2.348147574491654552e+02 1.475837840619768748e+00 9.544629176415705842e+02 1.427944369165616649e+02 4.667892857032986171e+02 1.475889115168490946e+02 1.175639198391904756e+03 1.245368008634555736e+03 2.997295809847419168e+00 1.392386839786655173e+03 4.673240460066684676e+01 7.670552267777610496e+02 1.532918069672829915e+03 6.990053305705281446e+02 2.670816557833462070e+02 3.611611101027505697e+02 1.160984824228492052e+01 1.027920971739347351e+03 1.424743427689095824e+03 7.946131035501831548e+02 2.161046444007379552e+00 1.038135698314498313e+03
0.000000000000000000e+00 1.439723998060532040e+02 1.205004764700320363e-01 1.026996992338561085e+03 1.793464458449313099e+02 1.265198735499007398e+03 1.055093710092983139e+00 1.076820129218838629e+00 1.947010094966711335e+01 5.237986971571856998e+01 1.316210629852132774e+00 7.691731019390615529e+02 1.392949463117509595e+03 2.364755153338080618e+01 1.043477472021381345e+03 3.886761565651505634e+02 1.285788233223010820e+03 0.000000000000000000e+00 1.583880888727434240e+03 4.880628705630749096e+02 2.715524290878482248e+02 0.000000000000000000e+00 6.738202064587160294e+02 4.151312079097476726e+02 6.402709340736877586e+00 1.928425192464911175e+00 1.507234472299752959e+01 2.261299453367469994e+02 1.204663043127595756e+01 4.655145328873266521e+02 6.349923432990091214e+02 3.702605457541528153e+02 5.140015674450768302e+02 1.071036273177600719e+02 7.446630262584250204e+01 1.599396292386521964e+03 9.204846890572583318e-01
0.000000000000000000e+00 1.220592719686290593e+03 9.928583499749630619e+02 1.659456259211941074e+02 4.744650117839699988e+01 1.973572923383217983e+02 4.301090599263113745e+02 1.147617576257156543e+03 5.121732860372676441e+02 6.365859424638937014e+01 4.915470498921867488e+02 9.729144423240444484e-01 0.000000000000000000e+00 0.000000000000000000e+00 1.607113398598773557e+01 1.118877685876162786e+03 8.566892865400599248e+02 9.107780357007642102e-01 5.160953426444774550e+02 1.295455747620516377e+03 2.106356707102822767e+01 1.007353994238758617e+02 9.416865620898805389e+01 1.529882804597712266e+03 1.897990847761093747e+01 6.934027610639394368e+01 5.509872789413692296e+00 0.000000000000000000e+00 3.392900539117119934e+02 7.059599877171220328e+01 3.175555243476616329e+00 1.071096626474907776e-01 3.194838869333505045e+02 1.908847487371585716e+00 1.866975693920416859e+02 1.206869406803668880e+03 1.157601210415176638e+03
0.000000000000000000e+00 8.788521721799382931e+02 8.013098388750782988e+02 3.163786111662581675e+02 1.401528053392513584e+03 8.125242759592869106e+02 0.000000000000000000e+00 6.915702166311805286e+02 0.000000000000000000e+00 3.051064182719813402e+02 1.035341183679033520e+03 2.193986538616961468e+00 5.306669269604338823e-02 9.505903697888586521e+02 5.230245169251331845e+02 0.000000000000000000e+00 3.805083900299089237e+02 8.092338401042919713e+02 1.745962839048634692e+02 1.201478998687353851e+03 1.439081214198439227e+02 3.559274047232259619e+01 3.144022077514254079e+02 8.545491553394005280e+01 6.695386324962646540e+01 3.806734898467051949e+02 5.680848856893112497e+02 6.773597875346204091e+02 2.338935572988012837e+02 1.033079941476672047e+03 5.900301435894672295e+02 1.295706356790295217e+02 2.954542835564985381e+01 1.970189343477811690e+02 2.246451346287970523e+02 6.753144665043278110e+02 2.039411484308508022e+02
0.000000000000000000e+00 5.211934531218808121e-06 1.107975317935763997e+03 0.000000000000000000e+00 9.151371523807614494e+01 8.593091602314447073e+02 5.504662175146614800e+02 4.772487417380166335e+02 6.481629664329341400e-02 1.518490268711164859e+01 9.428371568483896681e+01 1.589241233795210519e+03 2.497433632091213269e+02 1.120072773307913621e+03 3.661170408195653181e+01 9.603546095708289840e+02 3.097836991592951676e+02 8.921479850764211506e+02 4.490379756899067161e+02 0.000000000000000000e+00 0.000000000000000000e+00 5.633187064783996902e+02 1.292830224441191831e+03 1.309963800769929549e+03 2.059558540530926862e+01 1.769454127708302735e+02 9.517921893614819737e+02 0.000000000000000000e+00 7.020116771448795134e+02 6.195346645197353155e+02 7.440526593364668884e+01 4.421483708263780272e+02 3.751520613779824771e+02 2.678055463240848439e+02 6.620175931683347699e+02 5.256722087338114413e+00 8.737598837212209446e+02
0.000000000000000000e+00 0.000000000000000000e+00 1.034427410246965110e+03 8.520314842912023323e+02 3.248133183585165398e+02 3.035362949334976861e+02 9.711015616167530595e+01 1.603699476207358998e+01 2.677795436723971737e-06 1.019914539023517897e+01 7.068858534666127298e+02 0.000000000000000000e+00 4.047112855722914446e+02 7.121377012441364514e+02 5.133086925864450905e+02 9.291787253271878626e+02 2.678835119927180042e+00 8.099961540118925996e+01 8.005501949492335143e+02 4.015221168703179799e+00 1.217452210041417402e+03 1.661937752382307963e+03 6.770584354596597905e+02 1.238326303615895370e+02 1.234281905947711948e+03 1.547911731624642925e+03 3.134568441494716922e+02 2.711824800695553872e+00 5.028635786733888722e+02 3.919614025375465616e+01 4.010581891889214035e+02 3.003596394663348406e+02 1.470147198980899020e+03 2.282534748372322042e+02 4.614409086218905713e+02 1.167963737775651225e+03 1.260932197779738544e+03
0.000000000000000000e+00 1.322169856265795431e+02 2.347042957781437522e+01 5.529415737881980704e+02 2.353776492870745329e+01 1.857571343556358201e+01 2.005894158405383682e-03 2.923176702060176213e-01 3.276787488581724261e+01 2.783769600763218666e+00 5.227296917292239868e+02 1.682731288987899461e+03 1.497313039225226703e+02 1.637552028527281209e+03 6.709975995534130107e+02 3.336387964944776741e+02 1.054041354977368838e+00 5.326357342615738588e+01 0.000000000000000000e+00 8.552769476007770209e+02 1.191084000449267766e+00 1.034325140360781234e+03 1.743665893793519928e+01 1.431156552581787082e+03 0.000000000000000000e+00 1.666882764787147408e+01 3.970475795502604797e+02 0.000000000000000000e+00 9.455074820022089170e+02 5.900565713304011695e+01 1.008205071350311215e+02 1.568286474884317556e+02 5.946730868638985257e+00 1.145286247911962619e+03 8.838951784836203842e+02 1.358029908304179116e+03 0.000000000000000000e+00
0.000000000000000000e+00 1.032804277402114849e+03 1.101741170259698720e+03 6.308292990600654093e+02 2.896465191709352212e+02 2.426644634482944429e+00 3.015268269287001601e+01 1.570419422670073288e+02 4.774068854774586725e+02 3.633404444075727611e+02 3.230225523775021088e+02 1.848984577950440951e+02 8.075041158053037904e+00 3.106563326886376899e+02 6.064054099583853485e+01 2.477698427106807344e+02 2.452687629838877683e+02 4.400631011152887595e+02 1.145008330858485657e+01 1.105253418110811253e+03 1.677291369074492833e+00 5.496629182362846677e+02 0.000000000000000000e+00 1.496148232773990003e+03 3.218829562925486130e+02 9.348293265543168218e+02 5.310367012762743570e+02 3.592277719555653004e+00 8.231848716888900981e+02 9.021394796501279956e+00 1.353919977259879261e+03 1.826931211013927907e+02 3.006038951684464564e+02 2.670235634790223003e+02 5.918007183664848725e+01 8.476824972823149551e+01 6.773511059380652455e+00
0.000000000000000000e+00 1.375929847779765396e+02 5.752052196764982455e+02 1.817980145914101797e+02 7.389262712578607761e+02 4.637172011045286126e+02 1.354616110622544966e+03 8.098392295941928865e+01 2.012417893219914902e+02 8.179039689148617072e+02 9.848944298372646244e+02 9.047792899282882217e+02 1.363060546174481544e+02 1.599105494870046869e+03 9.260160141069768258e+01 2.530134172140219277e+02 1.188158554057002220e+03 3.622859341965657336e+02 0.000000000000000000e+00 7.496403093689139041e-01 5.964526044004842333e+02 9.815290592519625434e+00 7.687908442194747067e+02 1.187937566305727017e+02 6.943316965136162366e+01 4.295626863245268510e+02 1.155562982477700871e+03 5.590405715734235947e+00 1.120274804594087755e+03 1.449995020389312003e+03 3.018602165202799483e+02 2.696142006592220355e+02 5.042804058560170638e-02 3.260857561928026893e+00 4.113115611359985380e-02 1.291881154890633070e+03 8.093424748955332007e+02
0.000000000000000000e+00 6.027121090063234305e+02 1.191000409106991675e+00 2.257480349700403224e+02 1.299089749218184942e+01 7.374471354566660253e+00 0.000000000000000000e+00 8.154350718784861556e+02 9.070203535446395904e+01 3.060717228129238947e+02 2.476984816494411064e+02 7.192593307783425871e+02 8.323572278266266267e+02 4.224690054136171491e-01 1.185303222797044782e+03 6.492771383576484823e+02 6.912025297998570750e+02 1.994483281450673076e+02 8.027116557254048530e+02 5.753570449672452014e+02 6.670675135232703497e+02 4.847542172983197450e-01 4.790841108271543476e+02 1.153229298270663783e+01 4.795056370148360543e+02 6.614108050932216543e+01 1.093036304552884808e+01 3.135127770112009102e+02 1.482845120457883240e+03 5.492553363499278163e+01 1.143564095567025305e+02 3.017187948374480015e+02 5.673393469992159908e+02 4.224155915096930336e+00 4.105708692649528757e+01 5.452188801831325691e+02 2.241637254292855062e+02
0.000000000000000000e+00 5.695084626776142613e+02 1.494318655707092148e+03 2.398346669689874773e+02 7.999503374491629870e+01 5.759973105060053200e+01 1.309091113441410926e+03 1.342432816105263669e+02 1.943039697357536397e+02 6.536447799859225825e+02 9.219234114420083870e+01 3.216872013745287404e+02 0.000000000000000000e+00 1.380263367618960180e-01 3.623221362499508587e+02 4.384533664272904616e+02 5.062824822063653585e+01 5.413709797119705627e+02 2.851842560913034390e+02 5.755354562937776564e+02 8.042185424770211455e+01 1.525536664742610128e+03 2.127155794687188859e+02 1.347144619829646786e+02 2.668138600537639604e+02 6.002712326494232542e+01 6.510675710994527208e+02 2.934094639359560688e+02 0.000000000000000000e+00 9.512845554787795663e+02 3.723731124166665407e-01 1.070459772151376114e+02 4.746515146792743849e+02 4.591331231733059894e+02 1.960212133038734450e+01 9.856181982936985941e-02 5.118903808649061489e+02
0.000000000000000000e+00 3.878158162598421388e+00 0.000000000000000000e+00 0.000000000000000000e+00 0.000000000000000000e+00 0.000000000000000000e+00 0.000000000000000000e+00 2.821026586606538800e+01 1.581903557243908153e+03 7.341191530480986103e+02 3.133820922887560414e+02 0.000000000000000000e+00 1.027712453244593177e-01 7.287985591037812583e+02 1.192822091265623463e+01 1.071094732882997278e+03 4.264466320550117189e+02 0.000000000000000000e+00 0.000000000000000000e+00 0.000000000000000000e+00 4.727239503064420423e-01 1.896047309730351458e+02 6.663124012899818638e+01 1.201163635710515564e+03 8.544420665373030488e+01 6.760696162899258752e+02 6.370786000181629660e+00 1.156840392671008466e+01 9.192018295584848602e+02 1.321476455767683831e+02 1.648609261480597752e+03 3.099878254906328721e+02 2.284561394166433672e+02 0.000000000000000000e+00 4.738673723408093110e+02 4.265428136494046640e+01 3.786560328250826615e+02
0.000000000000000000e+00 1.467114314229200431e+02 0.000000000000000000e+00 0.000000000000000000e+00 0.000000000000000000e+00 0.000000000000000000e+00 0.000000000000000000e+00 0.000000000000000000e+00 5.299108542788740124e+02 5.807211558163347718e+02 8.558040100397765855e+02 1.150219564028894803e-01 1.063552511309853116e+03 8.240453958091350160e+02 0.000000000000000000e+00 3.249299066102813072e+02 0.000000000000000000e+00 1.167724086207751384e+02 0.000000000000000000e+00 7.622346845040286780e+02 9.278706206496412960e+02 1.194959959498968383e+00 9.004747920108012522e+02 2.740407311723389512e+02 1.021561356791415562e+02 0.000000000000000000e+00 4.585540574714968898e+02 1.592100772659790096e+02 8.121601484937455098e+02 3.652880800074557843e+00 8.074056754151556561e+02 1.557661936299521983e+02 1.868763348924703678e+02 8.659961996241993809e-02 1.210274233090797907e+03 1.363252211443310671e+02 4.672624263308620840e+01
0.000000000000000000e+00 3.805663115124858109e+02 6.494655508024233086e+02 3.309042264190915716e+01 5.661047191646576948e+02 1.178734612440886593e+02 2.151483178747522800e+02 8.271838799951721057e+02 7.759814871201053066e+00 8.227150720996475002e+02 2.880824737233166957e+02 1.211572742421808471e+03 1.986303835060054368e+01 0.000000000000000000e+00 1.121657727117167042e+03 7.141249024331719397e+01 1.248400564011677943e+03 5.238287221902586452e+02 1.502339137455403034e+03 4.891198705262874390e-04 3.457790632133539361e+02 1.152234764691762763e+02 1.608931215540560288e+03 5.252842364839565334e+02 3.198844684781193450e+02 9.725902376047500297e+01 2.521463272803047744e+02 1.192518122489889947e+03 0.000000000000000000e+00 1.199768483738422219e+03 7.063432777812226959e+02 0.000000000000000000e+00 1.606805890684305041e+03 2.296027208511131903e+02 8.495902010664431145e+02 8.055117415188092309e+02 1.348951334538539992e+00
0.000000000000000000e+00 1.227736116489282239e+02 1.532148375530683282e+00 7.935889311321961404e-02 4.364899586343145010e+00 7.022632097526800408e+02 2.695016483345227698e+02 1.613402350804725529e+02 2.097057298879279585e+02 7.521680379462535093e+00 7.022591154498920574e-01 0.000000000000000000e+00 0.000000000000000000e+00 0.000000000000000000e+00 1.182257505901851800e+03 1.407065607771020455e-05 4.149171857306245101e+02 0.000000000000000000e+00 0.000000000000000000e+00 0.000000000000000000e+00 0.000000000000000000e+00 4.961464674746219217e+00 7.843873616732139897e-01 0.000000000000000000e+00 0.000000000000000000e+00 0.000000000000000000e+00 4.974967025890123296e+02 2.807483503546658499e-08 1.298664610763161363e+03 6.844411328215306867e+02 0.000000000000000000e+00 8.685370542926344797e+02 1.084479527498591324e+03 6.592857782343583217e+00 5.665437400029642276e+02 1.395798638518783264e+03 6.244009026007815919e+02
0.000000000000000000e+00 8.632901170852519499e+02 3.988044590028896152e+01 5.001028324837667682e+00 0.000000000000000000e+00 9.537378863890588718e+02 1.426311851405432094e+02 1.244579125458606939e-01 1.237678744327635741e+03 1.252075330379033403e+03 0.000000000000000000e+00 4.054190868950432218e+02 1.688311675747811478e+03 0.000000000000000000e+00 0.000000000000000000e+00 1.128241124482074838e+03 0.000000000000000000e+00 0.000000000000000000e+00 6.660122707996991949e+02 0.000000000000000000e+00 0.000000000000000000e+00 1.306036958853522719e+03 1.421444575066808511e+03 1.591666277428837702e+03 0.000000000000000000e+00 2.998049193830142940e+02 0.000000000000000000e+00 0.000000000000000000e+00 0.000000000000000000e+00 2.204313943908827866e+02 8.335179261654774336e+02 4.910742768418980972e+02 1.107509589745908670e+03 3.168764916000091958e+01 1.158960159596187623e+03 7.628423223867226852e+02 2.570606144553058243e+02
0.000000000000000000e+00 3.492153425166395664e+02 1.004086649064289247e+02 0.000000000000000000e+00 0.000000000000000000e+00 7.694157262636268797e+02 5.148379103745996872e+02 1.009116000616530300e+03 5.368324986117337261e+01 1.386537704663929389e+03 8.341059530855139315e+01 9.560157061808622458e+00 1.302945161415164193e+03 1.385447125791565213e+03 6.011139308377559018e+02 8.145925446032820094e-02 1.126101219220578059e+03 8.855571861784020484e+02 0.000000000000000000e+00 1.386435907198388975e+02 1.269651580243365515e+03 0.000000000000000000e+00 1.401825061793204441e+03 0.000000000000000000e+00 2.013602075686705177e+02 8.023907717258775847e+02 0.000000000000000000e+00 0.000000000000000000e+00 0.000000000000000000e+00 0.000000000000000000e+00 1.575316165406709843e+03 2.935807151370021870e+02 2.223824074369198911e+02 1.533150761494953713e+03 8.584908336993543116e+02 1.061248345052040349e+03 0.000000000000000000e+00
