output/example_1/lateral_incision_000473.asc
nrows	75
cellsize	13.33333333
xllcorner	0
ncols	75
yllcorner	0
NODATA_value	-9999
[rows 0 to 16 of 75, columns 0 to 36 of 75]
0.000000000000000000e+00 3.111560667785954148e-09 0.000000000000000000e+00 7.593259462781106777e+02 0.000000000000000000e+00 6.938671446162800294e+02 3.322898466254517871e+02 1.334620413499106235e+03 4.073628599788000884e+02 5.961565685188394070e+01 5.062690216439984425e+01 1.908731984851879560e+01 3.514105762963559414e+02 7.628841068651413480e+02 3.757497399238296225e+02 1.600331517760587587e+02 5.412460465191597483e-06 0.000000000000000000e+00 1.430772275955948469e+00 4.457327673779949428e-01 1.369037624423728450e-01 8.214038731092654518e-05 2.132444891575236974e-04 1.614394187922306756e+01 1.018493662736725192e+01 4.037682547253197640e+00 4.863268802456290274e+01 2.394697288128030332e-06 8.592563712945595588e-06 1.072833790534963305e-01 1.062124016246730662e+03 8.674842464155866537e+02 9.240312403002536712e+02 0.000000000000000000e+00 0.000000000000000000e+00 0.000000000000000000e+00 1.735495984371692302e+01
0.000000000000000000e+00 4.545785078698248753e+02 2.296093496835118231e+02 1.149890413423194332e+03 3.143862266328696364e+02 1.928566076335825608e-01 1.007381585586616524e+02 1.099360306022030727e+03 6.289732337969026332e+01 5.056383728443443601e+02 1.468673970433953627e+03 3.206548336258469476e+02 7.534900536600150645e+01 3.970783660499081407e+02 1.811925587768863721e+01 6.678296367761347483e+02 3.370132842758679317e+02 1.779359462108671508e+01 4.778060027682983559e+02 1.595832079549811544e+00 4.129832279233492720e+00 0.000000000000000000e+00 6.306793887555367739e+00 4.046274533121911645e+02 4.502574862921687213e+02 4.335915663233807891e+02 1.177861189546370497e+03 5.540484788662165556e+02 4.266099728048768043e+02 3.092736700459576937e+00 6.010422782699507707e+02 1.306302714430527203e+02 4.860686227624618709e+02 3.655390711571771423e+00 5.044055294350693538e-03 4.953269723825541178e+02 3.569508687425663993e+02
0.000000000000000000e+00 0.000000000000000000e+00 1.524660006607715331e+03 7.968310912795287777e+02 5.142895792246201836e+02 6.662166328361979595e+02 1.988177816765635271e+02 2.044820297085138066e+02 6.383460276584498843e+02 1.201486858747651695e+03 1.785022036322980625e+02 1.957267178592163646e+02 0.000000000000000000e+00 8.780757636542669786e+01 4.384706524716289522e+00 2.704665641102424161e+02 1.727717819238349080e+02 3.727677036244053284e+02 2.383263598078705456e+02 1.242198336506169909e+01 3.042912010362665001e+02 4.674783162692669976e+02 9.978380608907219766e+02 7.514728932135233208e+02 8.466455788453332616e+02 3.410407831572973123e+02 1.458258279656403374e+03 0.000000000000000000e+00 9.065588413296001136e+02 2.204063968097215422e+02 1.476773206018456221e+03 4.004708204667758764e+02 3.976313468737957351e+02 9.944007481920757527e+02 1.368620825736577160e+02 1.383990191967170176e+03 1.264631918866919023e+02
0.000000000000000000e+00 1.188979163233913368e+03 1.173896017581492060e+03 1.556840019310237494e+03 3.152558303247231493e+02 1.347173588871893116e+03 4.532622405601612172e+02 7.652398077544863781e+02 1.045868384101689088e+02 1.128089471657822287e+03 3.224168600848985600e-01 1.561150750824059742e+03 0.000000000000000000e+00 7.858973918134287260e+02 1.073239338272154555e+03 1.386683518901124671e+03 0.000000000000000000e+00 1.711454574980576027e+01 1.100164597905831442e+03 3.781725585549685076e-01 4.734363331872526146e+02 3.722973307117413100e+01 9.851297111955294667e+02 4.836485704509408947e+02 5.712622629507988137e+01 2.031788368092742871e+02 0.000000000000000000e+00 5.201784022891318955e+02 1.966570729940414139e+02 1.020828366460216785e+03 5.333927700777669543e+02 4.191973022915041724e+02 1.094952657434424452e+02 7.579351966764776627e+00 5.831755890601261854e+02 6.364521081904765651e+02 6.737472372941468848e+02
0.000000000000000000e+00 9.371969337771213659e+00 9.113850780831756992e+01 3.264865313409470104e+01 7.811762790339828655e+01 8.172904669912028339e+02 1.616722093907952285e+03 6.821856182632046739e+00 1.562099449927912431e+01 1.816474013404439063e+02 9.912126487440589244e+02 7.037473612761289132e+02 3.111337259885062849e+02 4.882785835967516919e-01 7.748424271449390233e+01 8.782144033578050539e+02 1.735193880089536123e+00 3.903129351362429844e+01 1.467677956725369086e+03 6.910693081049392958e+02 3.812948417416145985e-01 1.056809737691914052e+03 3.112595192427659030e-01 5.916602506625537217e+02 1.391645796624449360e+02 1.109260587741272417e+02 1.327702450923599372e+03 2.208405973685623280e+01 5.461519025427283935e+01 2.468475278937293069e+02 4.800469055375041307e+02 6.523955595007802977e+00 4.900551202031870446e+00 7.549909862847957243e+01 6.440465302691133154e+00 6.770844094886506355e+02 1.441021040796236775e+03
0.000000000000000000e+00 6.487391259565326607e+01 5.937130195522125859e+02 1.401345078609702341e+03 1.528205776593841048e+00 1.689602276652716739e+01 5.479284588254082600e+00 2.923953879449722990e+02 2.424503659531613664e+02 7.763338933136735420e+01 1.557757951492881830e+03 6.298691286873793160e+02 6.398131845889032121e+01 5.025734600606243703e+02 1.218246200254831813e+01 4.320795089333644796e+02 8.486242998392935988e+01 6.398876528000130293e+02 3.694863989822533057e+00 0.000000000000000000e+00 9.349778415336442094e+02 1.612114140039331232e+03 4.115481619837243557e+02 6.592910678724756508e+02 5.782709822248111777e+02 5.042025898999021933e+02 2.099492947468385662e+00 9.208011020692684667e+01 5.953753027984838582e+02 8.058124016991083636e+02 1.845034142379601860e+01 1.008328979396472391e+01 9.146905945253440677e+02 0.000000000000000000e+00 5.746223702123915018e+02 3.378544261020919066e+02 7.454721275990013964e+02
0.000000000000000000e+00 1.242311031417269533e+03 1.174187063560356364e+03 2.956312884025299468e+02 6.587637983476987813e+00 1.266565609078522243e+02 7.317207484199692544e+02 6.444709345718906661e+02 3.701579048389718878e+02 1.876125139184430850e+02 1.800928613890705208e+02 8.002910958851774126e+01 0.000000000000000000e+00 1.130211212509899497e+03 4.754859320622040286e+02 2.657976780353097297e+02 8.386911412752327806e+02 3.784659109128429009e+02 1.355504187490753232e+01 1.627730270051637262e+03 7.280336149876689422e-01 8.202366723885667170e+02 7.914270999348723308e+02 1.180215775198728124e+03 3.788956175972413689e+02 2.205969555685284433e+01 0.000000000000000000e+00 2.061779365359770395e+02 1.949349163255274107e+02 0.000000000000000000e+00 1.315093208754892089e+02 3.147666426713778609e+00 1.566180677453716953e+03 4.690766971191425228e+02 4.072392198538197476e+02 1.348079118495458317e+02 1.667696477563862700e+01
0.000000000000000000e+00 6.732101670338055328e+02 8.479072048180488537e+02 5.950440095697889120e+01 7.877684102470566074e+01 6.044133580600638425e+02 5.529428431471319527e+02 2.435163746110679881e+02 1.889143666535201549e-01 4.211251228742128205e+02 2.721242481230978427e+01 1.391878313005054792e+02 5.208195873284645359e+02 4.548744352040105241e+02 0.000000000000000000e+00 2.434664417336451834e+02 1.736463046646476016e+02 1.340598473484601172e+01 8.110794094029214474e-01 0.000000000000000000e+00 1.575287714450147632e+03 6.234321690293548102e+01 1.291081987979034693e+03 1.608984224042880669e+03 0.000000000000000000e+00 1.257470541387931178e+02 4.521904753187021697e+02 0.000000000000000000e+00 5.228375891399639386e+02 1.303540042648374424e+02 2.159106571299047062e+01 8.010163263356348580e+02 2.044552413657324763e+00 5.440545893550714709e+02 8.106031835537118013e+02 4.723381919957842712e+01 4.151794904271237669e+02
0.000000000000000000e+00 4.246635121592273663e+02 1.774132149739442639e+02 1.548548019671995462e+03 7.178487818363925044e+02 2.971336431753477996e+02 2.350653059844748327e+02 6.263425455783693678e+02 0.000000000000000000e+00 5.649873556516477713e+00 7.921116377503806234e+02 2.834053464805134581e+02 6.790872392610508790e+00 3.731604920279856970e+02 1.045345355893788792e+03 6.155068716058344762e+02 6.386937313584102185e+02 1.833932494273076586e+01 7.409876120628771901e+01 8.442695718361941317e+02 7.914106769542269149e+02 7.408199545009970279e+02 2.979569552681380795e+00 9.964416777246974561e+02 9.240279719544341219e+01 7.893821453040867482e+02 0.000000000000000000e+00 4.532781085390049043e+02 2.095667442789217816e+01 7.519763449138725946e+02 1.905877599704836598e+02 1.285173181610336997e+03 2.116338840688690437e-02 3.423196128023910774e+02 1.111502775815531322e+03 0.000000000000000000e+00 1.129051328072052911e+03
0.000000000000000000e+00 1.991108070119271076e+02 8.179236340917381654e+01 2.477226569970044920e+02 7.839733369950657504e+01 4.310168245788779018e+02 3.452683172216518415e+02 3.449613894237643308e+02 0.000000000000000000e+00 0.000000000000000000e+00 0.000000000000000000e+00 1.303733224224509513e+03 1.275337007282533222e+02 2.969388058127951808e+02 2.107182273987041299e+02 0.000000000000000000e+00 4.606541120402150113e+02 1.216955362983939494e+03 3.138965313164803206e+02 1.700323935711616841e+01 5.936748083172559518e+02 1.034413476999338627e+03 1.015781349658907061e+03 2.441240980637701674e-01 9.495045901500524224e+02 1.556718802005298812e+03 2.836273728756799528e+01 1.220471709710534469e+03 3.788244922489064948e+01 7.392140081636896412e+02 5.346827984081140812e+02 1.458685419875679656e+02 9.503034551026361214e+02 1.074007003190335581e+03 1.325886690444128590e+03 1.167695885384452197e+02 1.660999402541576444e+02
0.000000000000000000e+00 1.102169514294421560e+03 1.525504860403390239e+03 5.589628069529813956e+02 3.739120092483365738e+02 9.425585730706833374e+02 2.537481092082615319e+01 2.497359559539447105e+01 3.362364147452862717e+00 9.506534210973155723e+02 5.483119123686708463e+02 3.768404395119838313e+01 4.218673002773316512e+02 1.868350318827017631e+01 1.009435554984575447e+03 9.838371800377650516e+02 8.906196745165833306e+01 9.998087347117174204e+02 2.615829509279402600e+02 7.547073992229467621e+00 3.509274239066502332e+02 1.118952921714681679e+03 1.091769614223480630e+03 1.586514901484094253e+03 9.145244059823795624e+01 1.563439546756306981e+03 3.683489785291306475e+02 8.724859458336478024e-01 9.476311706392898770e+00 1.341521524709071223e+01 2.277931904527762813e-02 1.627515600883636353e+03 7.458925255204210316e+02 1.365547745920828726e-01 7.208567132095166086e-01 4.606402463302493033e-01 3.010589272905385769e+02
0.000000000000000000e+00 8.845856570552240328e+02 1.068157627202685262e+03 4.540354678916139619e+02 1.211209007022864853e+03 8.458306701964570493e+02 1.867497260484380774e+02 4.710709227329563191e+02 4.537930153347263129e+00 4.738803055921927694e+02 3.042951972642966894e+02 7.214696526687760070e+02 6.175295240148819857e+02 8.922820793431083075e+02 0.000000000000000000e+00 2.581987778797122246e+02 1.794958442916664580e+02 3.982109756682046395e+02 2.018435553919885450e+01 2.261247538009734992e+00 2.338561574926781077e+02 1.312573579389504857e+03 3.791069485239491499e+00 6.904689472634785261e+02 1.689415565471111904e+03 5.774686175769586782e+01 8.467147197610580545e-01 1.141848159715068959e+03 8.991788984631657513e+02 1.249588904370436467e+03 1.513781418297650987e+02 1.436724907032176368e+00 1.822309491354984345e+01 2.648517116118366630e+02 6.105815732829249782e+02 8.769743305752376727e+02 0.000000000000000000e+00
0.000000000000000000e+00 0.000000000000000000e+00 1.353622227736882223e+03 1.315985345088903159e+03 5.619353444276108611e+00 2.971029476883082499e+00 4.876631567473052655e+02 2.511659229680293848e+01 5.126543707268145909e+02 5.005483389998719872e+02 1.140408863093211721e+03 5.469606907758069383e+02 8.835745344234397862e+02 7.159924946899918723e+02 4.495319074419015792e-01 8.134940936987544546e+02 2.982387838803603017e+02 1.143985750291642944e+03 5.275506597844448606e+02 1.683867152118887933e+00 1.224909794564276098e+02 3.107105151591750047e+00 1.451500314392086693e+03 3.173407702199282312e+02 4.232146564808940070e+01 1.539959126525515330e+03 1.833901045941806274e+02 1.002805177243386197e+03 2.475935906993374829e+02 7.397584425553698111e+02 0.000000000000000000e+00 8.652804306960553049e+02 1.122615585170723762e+03 1.519140036014897248e+02 9.729272100398568455e+02 1.769121703568112480e+03 2.678010020740717891e+02
0.000000000000000000e+00 5.042151817646588938e+02 4.321764304270065509e+02 3.037005000751885291e+02 6.378612645962866168e+01 3.969752705819079353e+00 0.000000000000000000e+00 4.049569862521395613e+00 1.389872832083256753e+03 6.286980584122933351e+02 0.000000000000000000e+00 1.240161185934316563e+03 1.383941745023389103e+03 1.093388775575745639e-02 6.629293799176362256e+01 7.508605488816900788e+02 1.642671023896290592e+02 8.364355561277093329e+02 3.304326684669064207e+02 6.914849876852522357e+02 1.667685633828796767e+02 4.231801106103542338e+02 3.999980856084235938e+02 2.415030319117301427e-01 7.747187843400739666e+02 2.108561244748127137e+03 1.374380304902879516e+03 1.007372203411567000e+02 2.148294011936930588e+02 1.120949755130485528e+03 1.927853203031287990e+02 1.468198048216367397e+03 2.601616255317836846e+01 3.283197688473131279e+02 4.712291293869818674e+02 0.000000000000000000e+00 2.332034059766642997e+02
0.000000000000000000e+00 2.382470239268714429e-01 2.401675265521548142e-01 8.248779484134777249e+02 3.009673618719082810e+02 1.189883953584326264e+03 8.752278402083228312e-03 8.099932503209141998e+01 1.060816409482849622e+03 1.108978839563924765e+02 7.805448780148676047e-01 3.503770934239449275e+02 1.004579206369314726e+01 3.865066978200646795e-10 8.989355971594922323e+01 4.621560814005136422e+02 2.422457350121231645e+00 5.249253195865308044e+02 1.368915998181143845e+00 0.000000000000000000e+00 3.343870324805092764e+01 1.232549629065258387e+03 3.038748022958734296e+01 2.284033484359933652e+01 0.000000000000000000e+00 9.060861547711753783e-01 8.323017567623896866e+02 8.427183304968494104e-01 4.444347293162671519e+01 1.838296418215577148e+02 4.938469473746637277e+02 1.761692482528759873e+00 2.350114224618525611e+02 3.872662004154324933e+01 6.409722994358733104e+02 1.930842457341034191e+01 8.664776943724299940e+01
0.000000000000000000e+00 4.612660374012680791e+02 3.252666339658446191e+02 3.903105925044720453e-02 4.351176627597582183e+02 0.000000000000000000e+00 3.921205361338937792e+02 3.532367856907486612e+02 1.679768665838130062e+02 8.000831243700565665e+02 1.639392133548940819e+03 2.351794756599437051e+02 1.214643483717665958e+03 6.986952913474775642e+02 5.276862660521707085e+02 8.045852338468350808e+02 0.000000000000000000e+00 8.361482306067798618e+02 4.373036261342631974e+02 1.115896868638675869e+03 1.633305697169661016e+03 3.091994675547964783e-02 1.065369759708457423e+03 4.241947530391014425e+02 5.159150546732761313e+02 7.391551192087987054e+00 1.182084743100924015e+03 3.781132506828854503e+02 1.110231989578968204e+01 0.000000000000000000e+00 1.028246378305875851e+03 9.502786880541162873e+02 6.015018932557884455e+02 2.145994186997230031e+02 6.036548637709740888e+02 6.828802854879422739e+02 6.951179940139304563e+02
0.000000000000000000e+00 1.854058537983582085e+02 6.162754020882118766e+02 1.253802794184466393e+03 2.540911123097098709e+02 5.660594970521822233e+02 1.285243638201437534e+03 4.709537218792430480e+00 0.000000000000000000e+00 3.169447864101399759e+01 4.038430344342661016e+00 2.793155749104707652e+00 0.000000000000000000e+00 3.259989480999657729e+01 8.705618056599772059e-01 2.647085097581197033e+00 4.005082462460597958e-01 3.058540965977161630e+00 7.815955540278050506e+00 2.207647412838247547e+01 1.306611275441478348e+01 2.897082125029859156e+01 5.123714345109210910e+01 9.901707745120782533e+01 2.041118297116948810e+00 1.992505494603285854e+02 8.825407149419462485e+02 6.649367958133717593e+02 3.549665260602095884e+01 4.027840583704540904e+02 1.422573352784219196e+02 3.462810032936047264e+02 1.568433339496605640e+03 1.023860271674392237e+02 5.803862895592386622e+02 5.531852037565490718e+02 2.236096593419235035e+02
