output/example_1/lateral_incision_000361.asc
nrows	75
cellsize	13.33333333
xllcorner	0
ncols	75
yllcorner	0
NODATA_value	-9999
[rows 51 to 67 of 75, columns 37 to 73 of 75]
0.000000000000000000e+00 0.000000000000000000e+00 0.000000000000000000e+00 3.210231322275128036e+02 1.053730300904414662e+03 8.300976505670344396e-01 1.310882322419520685e-01 0.000000000000000000e+00 8.943399178252689126e+02 1.859473588762652412e+02 3.915384397955476743e+02 7.193245523428823844e+02 1.143826094654852113e+03 2.444272479748821070e+02 1.424596453494943717e+03 3.246985491075912167e-01 1.085004899965652356e+02 1.639526501013366442e+03 1.404212137331537313e+01 1.579798150713475479e+03 8.837285993271370899e+02 1.268231333934313056e+02 2.071646621491774169e+02 1.322445782048454703e+03 0.000000000000000000e+00 3.274759458238675620e+02 4.620080671611322032e+02 1.257234952500747340e+03 0.000000000000000000e+00 3.214117645298907746e+02 9.639026125328510943e+02 4.296210186487150651e+01 3.589461842186109948e+02 2.463572886508123361e+02 5.712436603237473491e+02 2.083989848479047280e-01 9.628823896435143297e+02
4.196000526432727042e+02 0.000000000000000000e+00 0.000000000000000000e+00 2.294515665215090205e+00 0.000000000000000000e+00 6.436720550157094749e+02 8.611339665155253442e+02 0.000000000000000000e+00 7.695458237335084384e-02 8.205332987314873705e+00 1.948073094496476898e+01 0.000000000000000000e+00 7.459786559611903733e+00 4.710310856862150869e-02 0.000000000000000000e+00 1.299599032547692786e+03 1.364201955626039990e+03 0.000000000000000000e+00 1.785304609616651561e+01 2.041488480527298588e+00 4.756121717219605194e-01 5.059117159836764586e+02 6.418830286682175483e+02 1.426744308658208240e+02 5.032493456217277412e+02 1.425052332573289782e+01 1.578287333188387720e+03 5.812528737951995481e+02 5.507342096149092185e+02 3.517095512538566737e+01 3.693427468349749461e+02 8.599403577637250464e+02 9.654812943478934812e+02 1.401045413937966941e+02 2.976631283128894356e+00 5.842730413060504588e+02 5.315407035267100611e+01
2.622401404098761759e+02 1.133344517610330740e+03 9.078296046471731415e+02 4.891659330598693411e-04 8.294078399446678986e+02 9.662327352944228096e+02 0.000000000000000000e+00 1.163992749833426615e+03 1.469767695365443103e+02 1.146268317736756899e+03 2.339012921685561253e+02 6.461023560412196787e+01 1.450208392434705274e+03 1.553693361779022098e+03 1.354290881812397856e+03 1.091781587747213734e+03 1.004118100858605885e+03 3.506151842382503880e-01 3.938766597317346907e+01 0.000000000000000000e+00 1.825436425752390619e+02 2.500048113171290165e+00 4.740228950294771266e+02 1.513606502168288216e+03 0.000000000000000000e+00 2.631548464212783074e+02 2.758247459071958119e+00 6.201177759095303372e+02 3.657537081628263991e+02 8.322670584430367171e+02 1.556553466137790831e-01 1.750091129780869323e+03 2.901607521519596844e+02 1.958534093133626897e+01 1.033324964396285850e+03 1.865347438152560926e+02 7.477663896232216985e+02
3.626239120078146860e-01 2.917905220906179693e+02 1.385779425150704583e+03 1.550393129608576601e+03 4.498439067799419711e+00 5.794955063009350624e+02 4.150223313438128798e+02 1.040313294321365447e+03 2.569013747917458512e-01 1.422040825469516712e+00 4.900255006569127545e+02 3.537714583330894413e+01 1.494706767318171869e-01 1.606733828403709140e+03 7.293445574968366145e+02 6.119988105781760446e+00 4.034887526459456808e+02 1.075420810130967084e+03 1.511266622335189602e+01 5.474608239061766426e+02 2.175321050548394552e+01 9.729202928312718157e+00 6.680244564972274475e+02 2.136097610031122258e+02 2.828862871452309946e+02 3.824754645197384093e+02 1.473410602972752031e+03 1.623519378753815134e+00 7.348075702345264517e+02 8.467289957849338862e+02 1.369048827573893901e+00 2.751335347779147733e-02 0.000000000000000000e+00 1.262576278885795091e+03 4.383302815054711346e+02 2.569758490117076022e+01 6.676399971284909043e+02
2.419155692340095243e+02 3.060636135246459233e+01 2.427814756238469442e+02 6.887922362797768301e+02 4.129052739108561809e+01 1.152050044090038000e+03 0.000000000000000000e+00 8.148540396911024573e+02 3.100490533481911726e+01 0.000000000000000000e+00 7.459405832678747856e+02 2.649803900304910371e+02 1.465192646681516408e+03 8.106565016931975842e-01 0.000000000000000000e+00 8.993607833167162724e+00 5.175616859252056834e-01 1.903413494562888104e+02 1.484203054502296197e+02 1.450092793077840838e+02 2.341118260109899651e+01 0.000000000000000000e+00 4.191134527494337902e+00 1.121061788408106167e+03 9.587670365836942210e+01 8.233416600174807627e+02 5.553983185470843864e+02 5.136803904593391508e+02 0.000000000000000000e+00 7.870265095464631031e+02 4.644360304592220601e+00 8.746193686586380522e+01 8.042908966105477475e+02 0.000000000000000000e+00 7.880156276061708240e+02 5.924678227101104966e+01 3.772177614417965685e+01
9.782405881032181014e+02 2.759624429724620298e-01 8.185134792928657532e+01 1.152978535056664896e+03 5.449584556622365028e+01 2.002249855601696424e+02 7.574150379948185901e+02 6.129686785838499645e+02 0.000000000000000000e+00 6.067499635712615600e+02 1.991224233749371020e-01 4.757975545509364679e+02 1.009079606348054995e+03 3.265424774148984284e+02 0.000000000000000000e+00 0.000000000000000000e+00 1.963822155796489000e+01 6.693161497526511994e+02 3.491309771764044445e+00 2.765275514854015455e+02 5.847043290267838529e+02 1.058670696656403834e+03 2.616052366017668973e+01 8.708701064212883693e+02 0.000000000000000000e+00 0.000000000000000000e+00 0.000000000000000000e+00 8.348764200938218494e+01 1.027306454507312537e+03 8.201127623642355502e+01 4.413054352312203719e+02 0.000000000000000000e+00 9.533631426669473967e+02 7.578094014071418769e+02 0.000000000000000000e+00 5.545529445169031533e+02 6.261179337342886697e+01
4.425880530568332460e+02 9.198267359600250757e+02 2.124165113703295447e+02 2.294434933598204793e+02 4.011703691534169280e+01 1.015238102504633616e+03 0.000000000000000000e+00 8.868673921166811969e-01 1.854828173754805221e+02 5.396592192700028079e+01 4.536779738187315161e+02 3.369968101316417801e+02 0.000000000000000000e+00 8.791415230755902712e+02 5.324035807886964733e+00 1.389727379873565269e+03 1.586536447228189672e+03 4.662387953204062114e+02 6.368724151981435853e+02 2.145130097296909071e+02 1.281415180643115718e+03 4.065437889112088143e+00 5.435152614700070899e+02 0.000000000000000000e+00 4.569393748714916228e+02 5.433807708752944166e+00 6.474738793738829372e+02 2.146015061397725354e+00 1.021592603561048008e+03 3.331424933099853103e+00 7.271780109534694247e+02 1.396119897657036120e+02 1.078612670058476510e+02 4.755760412957573635e+01 5.584005388053703882e+02 1.266018015774838403e+02 0.000000000000000000e+00
0.000000000000000000e+00 2.356813427615708001e+00 3.025146781980332822e+00 7.513527740442265213e+02 2.427795429695710894e+01 1.062149750434524549e+03 7.263935665193164368e+02 1.268384900761872359e+03 4.181972838615731121e+02 0.000000000000000000e+00 4.493419644972869946e+02 2.242521923944676132e+02 4.205616681861962434e+02 5.005499294755674669e+02 1.547766574063597773e+03 0.000000000000000000e+00 0.000000000000000000e+00 0.000000000000000000e+00 2.629273925984070956e+02 1.354116955982576201e+03 5.057229786524606752e+00 3.416534823680926252e+02 1.301277911384573372e+03 0.000000000000000000e+00 4.016018755258448508e-02 8.602343009322374883e+02 1.032786151024329513e+02 1.596675143354204636e+02 1.436375112884300336e+02 4.838757886810613229e+01 6.730550109345871590e+01 1.854120877210232621e+01 7.192286851462628192e+02 2.576720795628637575e+02 1.021824466801323439e+02 9.483725113446829482e+02 3.029484372514999801e+00
1.574052840782283056e+02 1.401898099224940495e+02 6.434966472630724184e+02 1.689606085907965507e+03 1.789777797072992005e+00 9.721714094397001418e+02 3.930778632258998186e+02 7.665911356863867354e+01 3.075545101768242375e+02 6.025246034353132529e+01 1.055647872658241340e+03 1.219824695677722275e+03 1.586124796118239431e+02 1.456343014095827357e+03 5.567488577041749522e+02 4.119830235325667900e+02 0.000000000000000000e+00 3.352510997315022792e+02 1.191661580446972550e+02 1.879992931552611992e+02 0.000000000000000000e+00 6.157345076298404365e+02 7.037335323836283862e+01 5.244982219821090439e+02 6.758650800991388223e+02 2.444487287048266637e+02 1.033715548814170049e+00 9.121546263455014696e+02 4.890144917772323652e+02 1.034036757122024319e+01 1.493248494381505907e+03 8.320034498523236621e-01 2.017999416243711597e+00 2.159375925223431807e+02 9.587865640651733656e+02 1.419428702460489262e+02 1.063811225926205452e+03
1.189115832065670446e+02 1.364286290610118044e+02 4.313519427605270380e+02 1.081860067039199578e+02 3.661507688004031280e+01 1.509849110755869788e+03 6.587706649565859607e+02 0.000000000000000000e+00 1.368078709659603419e+03 3.075141971432278751e+02 1.120760413730120746e+02 1.144084001296748312e+02 3.204875316072544251e+02 9.151907368390595821e+02 6.419497011836972433e+02 1.504570466104255217e+02 1.630954899134296511e+03 1.870846234759888773e+02 2.129723535688409299e+02 1.034767068729050443e+01 0.000000000000000000e+00 9.676943130254777259e+01 1.359132486194136789e+02 1.038806550394756414e+03 1.040373240650047592e+03 5.628972130677879449e+01 1.116795019038588634e+03 1.570887864860878153e+03 1.701263919507916398e+03 2.405149483290467742e+02 1.827894105663704138e+01 4.818732564306589694e+01 7.546601181811984134e+02 0.000000000000000000e+00 1.401259062860804860e+01 4.564524508337630095e+02 9.935668369357864549e+02
2.536074768782787103e+01 2.400764736886194441e+02 1.393887549406794051e+03 0.000000000000000000e+00 0.000000000000000000e+00 2.958949320306773575e-05 9.112492283092772141e+02 1.100103734146877514e+03 3.675503716806581451e+02 2.106255066041675832e+02 2.090605533120425434e+02 3.749009212971454872e+02 5.970654616358347084e+02 1.492825434641868831e+01 1.451644664087516048e+03 6.858656372554893323e+02 2.726649334532709190e+01 4.762719592675912494e+00 3.251165774838154903e+02 5.113438398721171119e+00 1.279610768513053245e+03 1.109084004967398414e+03 1.434739260049646646e+03 3.964305426514978414e+00 7.146168174142513863e+01 0.000000000000000000e+00 4.667554059817938423e+02 1.877695281841592845e+00 4.338625242870461420e+02 3.927913611285317188e+02 1.507491760148246158e+03 2.143371756921342453e+01 7.262788112465113647e-06 1.076646203796096188e+03 7.351716286854662386e+00 1.575734270272595836e+02 8.726395500100541369e+01
2.276067468549743808e+03 1.667363826662656720e+03 2.115486105008191089e+02 6.036463444133103318e-01 0.000000000000000000e+00 1.037505113023767763e+03 1.723743369076500720e+00 1.152276162584351141e+03 0.000000000000000000e+00 4.534603539337810219e+01 1.544370268689538079e+02 3.816275016622706318e+01 2.909990247557338421e+02 0.000000000000000000e+00 3.913814240597323533e+02 0.000000000000000000e+00 3.174843409735175896e+02 5.809363570258500031e-01 5.327509793518261461e+01 7.679881281633080334e+02 6.226362155796632436e+01 2.522430723065727705e+02 1.314295711361861549e+02 1.193355357190862605e+03 8.332634044813780747e+02 5.775429580657370110e+01 3.117614846648081084e+00 1.744614863383834518e+02 1.163561484990820418e+03 7.750379837732051556e+02 1.284233235383582269e+03 0.000000000000000000e+00 4.218235083291623937e+02 4.728637993923772598e+00 9.048500492925626304e+01 2.306721023780828972e+01 9.248654258730775837e+02
1.686006277113159740e+03 5.951177020923216432e+00 2.447142595790450059e+01 2.242184819793847623e+02 4.250947711610036350e+01 1.678385233537111844e+03 1.318108719233562397e+03 1.015788126134536951e+00 1.147881077308076556e+03 5.157840302213708128e+02 1.124816856818452152e+03 1.360709488858967253e+00 5.092692017605155002e+02 7.265209906013609498e+02 5.379004471584980820e+02 5.240614700088470954e+02 1.590104331722637653e+03 5.775002682019086251e+02 1.045445353248543142e+03 0.000000000000000000e+00 1.023750096713188782e+03 2.442325276019263303e+00 1.457471844988926023e+03 2.784215879164831904e+02 0.000000000000000000e+00 1.663287063337890856e+02 2.374238130886485862e+02 7.415633653445212303e+01 7.395390527690892668e+02 5.446323183687597975e+02 1.048168462512390597e+01 9.504541851709601588e+02 1.041059293950463598e+03 1.723514826541114076e+02 7.393686229966880319e+02 1.158787788441705516e+03 4.086625845432171786e+02
1.598183365890032626e+00 8.383983549488496010e+02 2.848696536397441150e+02 3.790898376152630078e+01 2.757020321960575338e+00 2.242951414961597001e-01 1.895181203447827102e+03 1.289442405950212105e+03 1.492583008462237437e+01 1.517427590048762113e+03 5.755622058002512631e+02 1.568700144104508070e+02 2.983173467190838437e+02 5.041083522404697987e+02 1.868070778211579466e+02 2.093638906150552828e+02 6.152787969247278665e-01 9.019851536274236992e+01 1.172175036748109051e+03 1.104431059690431766e+03 4.148275113543897987e+02 3.523358393540897282e+01 5.051441493341864941e+01 8.183718210448274704e+02 8.274470246886671703e+02 2.052969600708781286e+02 9.130739660208167841e-08 8.119850099840684834e+02 9.559715882843773898e+02 2.212952259980388590e+02 8.684831521033822810e+01 3.219706250450108200e+02 9.500156196844906162e+02 4.170718576180445325e+02 4.141028856435099783e+02 3.797933647204333738e+02 4.648983374028042022e+02
1.683644156896214099e+03 4.173956479196143050e+02 1.448117805950796310e+03 3.426533051635555580e+02 1.140750542445645124e+03 5.465023667155481917e+02 3.700618042764204461e+02 0.000000000000000000e+00 1.634873602220662406e+03 0.000000000000000000e+00 7.112993753599946558e+02 2.351664354482470003e+02 4.434038380952483749e+02 7.335153915578618466e+01 1.436214208702348969e+03 1.922247381453392734e+02 1.169519831113629834e+03 6.532729194950472902e+02 1.058164585510880443e+03 2.745948055841180917e+02 6.884134044324716797e+02 1.784608794963928915e+02 9.148518605555918271e+01 4.572800828398266759e+01 1.322349765452075644e+03 1.401779388984680530e+01 1.356977186938243676e+03 4.757517491313093387e+02 3.151895699390429240e+00 1.788719174864389916e-01 1.788797566757810955e+02 1.094041658582816126e+03 1.477639034145848029e+02 8.646907113512151355e+00 1.009746149128405250e+03 6.029584477825628710e+02 5.760643878305667442e+01
3.974203142354863303e+02 1.855595101684548887e+00 4.246184485744579351e-02 2.803248484740744217e+01 8.543576225599744021e+02 9.186220590004772930e+02 2.744483415856236785e+00 1.451917584020174218e+03 1.369030675530911765e+02 2.540939651755774165e+01 0.000000000000000000e+00 1.419471158490139487e+03 2.863177947292359704e+02 4.313225723780917065e+02 3.938787828802797435e+02 1.394695305681847231e+02 1.651300672648660282e+02 2.784465896883598930e+02 3.022102330354227462e+01 1.498480541432896729e+01 1.109294806906008489e+03 3.427155484962469245e+02 8.694532040139117157e+01 3.854730060239932072e+02 1.108034441201130038e+00 0.000000000000000000e+00 1.098998538499868800e+03 3.005705715198305228e+01 1.639637672571545636e+03 2.865389544844859984e+02 1.248596935704195721e+00 1.288528437383037044e+03 1.029283113908386667e+03 7.196445505689318907e+02 7.005677277298865420e+02 8.610967224857898827e+02 3.420271134385974392e+02
3.678598428423286659e+00 1.224395582269225997e+03 6.806588612194190091e+02 1.105103084787940588e+03 9.807753015417256393e+02 2.929399015635675063e+00 5.046714550200583176e+02 5.434182868350335411e+02 1.457322237437078456e+03 0.000000000000000000e+00 0.000000000000000000e+00 1.672376577541652409e+02 1.933298459913538461e-05 1.566111311998802194e+03 0.000000000000000000e+00 2.727040691631179357e+02 7.286087292397731972e+02 0.000000000000000000e+00 4.977940164898339015e-01 7.165804955486097469e+02 7.760302272831427484e-01 1.167409843957986970e+00 1.261181802091751969e+01 2.155702372292803659e+02 8.042718981818958355e+02 8.365189965307458806e+02 0.000000000000000000e+00 7.155167484458111176e+02 1.614392109769596118e+03 4.787995704183798011e+02 4.352610701177470673e+02 0.000000000000000000e+00 2.674337930619117287e+02 4.372137409411362228e+02 4.641095778012940514e+02 3.043552445982280688e+02 2.298560907288713651e+01
