output/example_1/lateral_incision_000240.asc
nrows	75
cellsize	13.33333333
xllcorner	0
ncols	75
yllcorner	0
NODATA_value	-9999
[rows 34 to 50 of 75, columns 0 to 36 of 75]
0.000000000000000000e+00 5.195405725011704590e+02 1.486426598610666133e+03 5.332266752806001477e+02 1.269816171479707009e+03 1.759948436482301531e+03 4.395563130088996786e+02 1.307878124165764575e+02 7.478097736312264487e+02 2.531937358334960209e+02 2.278460228033699480e+02 5.181403932388210478e+02 1.244204819945098563e+02 6.286744381521231873e+01 4.437933557841302559e+02 2.995181380066037491e+01 6.157200749425830821e+01 4.042381260205935405e+02 7.130058423962204870e+02 1.534683128273462899e+03 4.932574187693163736e+01 1.241826635134881599e+03 8.511140601890745927e+01 3.677016383974194014e+02 1.909413155009558807e+02 9.734023927046079052e+02 2.487282803295977340e-01 0.000000000000000000e+00 7.217988341373825278e+01 2.670816557833462070e+02 3.611611101027505697e+02 1.027716227057708011e+03 1.393788149094596747e+03 6.310515587964781048e+01 1.166079745451235794e+03 8.831283111159758619e+02 1.636634173446659815e+03
0.000000000000000000e+00 1.441730393881867300e+01 5.280719043309687777e+02 1.193570431506529530e+03 4.791804803639482202e+02 2.198846472889930848e+00 1.768149300325929207e+00 9.916596897874185288e+02 0.000000000000000000e+00 1.705283104371290847e+03 6.242771118466987446e+02 7.690897158812732641e+02 1.392949463117509595e+03 2.364755153338080618e+01 5.661880548721355808e+02 1.267856846070028496e+03 1.748072448870449762e+03 1.025190056126528191e+02 8.687405680067721505e+02 3.579076620277501775e+02 8.021751775501607673e-01 1.199143292860217116e+03 1.601058676858223464e+02 2.781609193407348357e+02 1.658024369893912308e+03 3.069089557360931053e+02 8.317381177857434977e+02 1.496983507060166119e+02 3.937551269171807311e-01 4.655145328873266521e+02 6.349923432990091214e+02 2.141159508684142452e+02 0.000000000000000000e+00 7.727989883026170901e+02 3.727707475784750812e+01 1.182705038992286628e+00 7.883459420002025126e+02
0.000000000000000000e+00 1.496816686193717487e+03 1.374269312798231510e+02 2.444320683913942460e+01 9.026485742043066196e+00 2.161035328953530552e+02 7.407117555816338381e+02 1.882381783834700400e+03 1.381345016306836726e+02 7.002927382471026476e+02 4.613714989042404682e+02 9.729144423240444484e-01 0.000000000000000000e+00 0.000000000000000000e+00 1.607113398598773557e+01 1.437719263567283292e+02 2.238872294353410553e+02 8.750160187498022824e-01 7.295200020471307880e+02 1.172868877193266371e+03 1.400597265105956835e+00 1.258261206172569700e+03 1.112356296104979265e+03 2.871681409650108208e+02 2.292071450069668401e+02 1.360136529327085555e+03 4.242592568531603661e+02 5.516599468157531874e+02 2.210188690047185212e+00 7.059599877171220328e+01 3.175555243476616329e+00 1.071096626474907776e-01 8.262780030449955859e+01 1.183876508009942199e+03 9.565713761913251574e+02 7.668766952840016984e+02 0.000000000000000000e+00
0.000000000000000000e+00 3.603990824864034437e+01 5.827954951054868360e+01 3.227162951441625438e+01 1.242414584044911408e+03 4.169884372570626283e+02 1.867626975082854131e+02 1.018948359326031778e+03 9.232562338116399587e+02 2.746068487381893419e+02 1.017217579791488106e+03 9.621420396470346077e+02 5.132703001716995459e+02 2.920772948162057219e+02 2.867831018224976560e+02 1.343548455967657901e+03 5.681846392504095320e+02 3.302351661726943917e+02 3.544247803102240080e-01 2.291651160826858602e-01 1.567594822286364888e+03 1.443102693074834406e+03 7.691418835707702328e+02 2.330176932410057944e+01 1.747825952090125270e+02 0.000000000000000000e+00 4.215093558768037383e+02 9.091801934622955059e+02 2.095368363317512888e+02 1.033079941476672047e+03 5.900301435894672295e+02 1.295706356790295217e+02 2.954542835564985381e+01 1.555838426916267281e+03 3.500908617119763448e+02 2.694889742154409191e+02 2.087880474453095303e+01
0.000000000000000000e+00 0.000000000000000000e+00 1.107903276618332029e+03 1.615828852345186533e+03 9.151371523807614494e+01 8.590634139629744368e+02 3.689197980617475991e+02 4.772487417380166335e+02 6.481629664329341400e-02 1.518490268711164859e+01 9.428371568483896681e+01 3.421221252331662868e+02 1.210756930680177220e+03 1.174175700276035599e+02 3.661170408195653181e+01 9.603546095708289840e+02 0.000000000000000000e+00 6.830966630937351738e+02 1.759882965562129016e+02 1.856752711726971086e+02 5.962049541997872792e-02 1.566980030732833939e+03 1.627381201993323145e+00 6.524507694724769635e+01 1.517994438761010088e+02 5.537335177431671127e+02 2.737230734182448373e+02 1.335208612917450921e+02 4.310793214549397590e+02 2.165688265312184058e+02 5.923619699683874984e+01 2.039512943266459217e+02 6.526885149124693752e-01 6.932392805514758720e+02 7.012771500777591704e+00 1.245393917191132232e+03 0.000000000000000000e+00
0.000000000000000000e+00 9.316208567340648870e+02 1.072983381492814772e+02 1.880377348129412383e+02 3.248133183585165398e+02 3.035362949334976861e+02 9.711015616167530595e+01 1.561723723145039777e+01 2.677795436723971737e-06 1.019914539023517897e+01 7.068858534666127298e+02 1.685395070141896099e+02 2.324492582444385107e+02 2.466377525743393164e+02 5.039338239031033027e+02 9.193963397099161057e+02 2.678835119927180042e+00 9.483205450807329129e+00 4.097607619633461695e+02 1.255138260425522958e+03 7.499297703966990412e+02 0.000000000000000000e+00 8.202453199737540217e+02 1.142831025795303958e+03 8.074516937340108598e+02 3.045930688102342856e+02 0.000000000000000000e+00 0.000000000000000000e+00 4.577452894432938280e+01 6.770772302410736074e+02 5.996334228682893581e+02 3.269934535459466360e+02 1.195747914015499873e+03 5.491560056703408410e-01 8.640124223365850185e+02 1.429765749402253618e+02 4.660971799440143570e+01
0.000000000000000000e+00 0.000000000000000000e+00 2.988976058240839784e-01 4.298439150645572795e+02 2.353776492870745329e+01 1.857571343556358201e+01 2.005894158405383682e-03 2.489479767233764539e-03 8.621844130986268340e+00 2.783769600763218666e+00 1.796774034091064607e+02 6.607571449025144830e+02 8.879308305022320935e-01 8.276778218042805975e+02 4.668052617915008682e+02 3.103349456089808882e+02 1.054041354977368838e+00 5.326357342615738588e+01 2.770018607542066391e+01 3.241505628281977920e+02 2.917404284014697282e+02 4.638157441780558088e+01 2.318083387439924081e+02 1.261009375300426072e+01 1.012753346148958485e+03 1.284563640383990979e+01 4.885534077961612098e+00 6.942041802495665479e+02 5.133896377524902022e+00 7.870055586741103753e+02 6.812889619239246297e-01 1.445129741329886315e+02 5.946730868638985257e+00 8.679469344962542436e+02 8.693638292816153808e+02 7.401685760091573911e+02 5.385469566914312054e+02
0.000000000000000000e+00 4.239587782098367370e+02 1.263868750777082255e+02 1.098979968918426948e+03 2.896465191709352212e+02 2.426644634482944429e+00 1.676958743886356373e+01 2.845059088296624168e+02 2.484720102753484241e+02 2.996596858545960913e+02 3.230225523775021088e+02 3.093164551106706881e+02 0.000000000000000000e+00 2.296863820876144473e+02 2.269726919035889967e+00 3.686626103202117832e+01 2.452687629838877683e+02 3.137787351617023432e+02 9.428817586182973720e-01 1.213351651898767841e+03 8.922500089141627768e+02 2.566154173708130415e+01 9.866224416814286542e+02 5.335165313180515341e+02 2.152472324589215873e+02 7.919937303033062790e+02 1.427012782458452591e+02 3.033373287160925802e+00 6.004064494252290274e+00 1.281129527390216083e+02 8.658308713153734288e+02 4.619816516667126507e+02 7.991774986550784377e+01 1.336619971085305451e+03 5.918007183664848725e+01 8.476824972823149551e+01 1.814967468374370618e+00
0.000000000000000000e+00 1.375929847779765396e+02 5.752052196764982455e+02 1.817980145914101797e+02 7.247910777303261511e+02 4.637172011045286126e+02 4.009523427447556969e+02 9.982436062940507338e-01 8.425669989784325935e+02 0.000000000000000000e+00 9.848944298372646244e+02 5.567714850805572269e+02 3.219540693244542240e+02 1.348683528674869692e+01 9.106496685368759927e+02 2.271065308154387026e+02 1.175946146129906765e+03 3.112100581003644493e+02 0.000000000000000000e+00 1.391678921516018363e+03 2.451080075845786244e+00 1.765642954265469143e+03 2.908343262835971359e+02 6.919905475625761255e+02 6.937858671088002893e+01 4.295626863245268510e+02 7.078222628924385162e+02 7.129132768474559043e+02 1.597983388394195288e+02 4.378645704359713591e+02 1.148398354997407012e+02 1.067380995398121286e+03 0.000000000000000000e+00 1.792910083037343156e+02 4.113115611359985380e-02 1.200366278530078716e+03 6.593155812092119277e+02
0.000000000000000000e+00 5.879246169227925520e+02 1.191000409106991675e+00 0.000000000000000000e+00 1.364576662443522309e+03 4.745496521950539659e+01 2.288539782941619027e-02 4.787428575434857692e+01 4.442999943041896245e+02 1.335013565060343133e-01 2.476984816494411064e+02 6.708694800352916445e+02 7.333412772611493438e+02 4.072914928182930794e+01 7.667757143956528125e+02 3.618142756286417807e+02 5.145750106576823555e+02 1.994483281450673076e+02 5.903295225811505134e+02 1.951198105822839679e+01 1.533737681748463274e+03 1.173635662496863233e+03 8.529765581372269025e+02 0.000000000000000000e+00 3.763718700728530280e+02 6.614108050932216543e+01 1.242375568772578617e+03 5.250837292207847895e+02 4.469259196899847808e+01 2.521106275359791482e+01 7.809463424828772986e+02 1.323709693072214009e+02 2.347980751688810130e+02 6.956222895341381900e+02 0.000000000000000000e+00 5.451784915360852892e+02 2.239152274479904747e+02
0.000000000000000000e+00 5.695055248246591191e+02 1.494315752664843103e+03 9.430198231585420388e+01 1.934518962028248953e-07 4.932519041271480660e+02 1.643336853196667668e+00 3.812756682143187277e+02 4.034148027223621824e+01 7.923547240273536545e+02 3.653652326616084167e+01 6.022046516618287342e+02 2.534527617394238064e+02 1.792009459704465568e+00 1.200802593017908038e+02 1.332656604099095070e-05 2.657359571820242650e+02 1.445055289025107868e+03 0.000000000000000000e+00 1.373114356056040151e+03 1.713896890251065770e+03 2.859604690557309823e+02 2.789195391882018384e+02 1.330977414991917840e+03 2.628844194235231271e+02 6.002712326494232542e+01 1.112650914364781329e+03 4.134987899822188524e+02 5.923350119937208547e+02 6.772951276892417809e+02 0.000000000000000000e+00 1.014078157888816236e+03 1.033241489529516599e+02 6.730090192805826099e+00 6.158492021759858517e+02 1.417691519448715326e+03 4.595659124888308611e+02
0.000000000000000000e+00 3.878158162598421388e+00 0.000000000000000000e+00 0.000000000000000000e+00 0.000000000000000000e+00 0.000000000000000000e+00 0.000000000000000000e+00 0.000000000000000000e+00 1.908430363723494949e+01 1.001908820131838418e+01 0.000000000000000000e+00 1.250081026346220824e+03 2.680378229144680380e-01 2.322075617941026451e+02 4.154779733954322865e+02 1.200961736829330420e+02 2.141229863321948699e+02 9.143651894313748016e+02 1.698446640962262943e+00 1.739416302345757458e+03 9.086824158058402645e+02 1.257741757907187008e+01 7.839692031402889825e+02 1.153266714778742653e+03 1.787728716110699878e+01 5.963592369009403455e+02 4.473793948294783149e+02 4.407265288878392084e+01 2.167613522303686295e+02 8.168581994344961004e+02 1.605010088823504759e+02 2.818457423539991282e+02 2.258445135129479411e+02 3.644588625544541856e+02 5.573557272511058258e+00 1.205633381396530467e+03 6.161551122527052939e+02
0.000000000000000000e+00 1.466369871343047464e+02 0.000000000000000000e+00 0.000000000000000000e+00 0.000000000000000000e+00 0.000000000000000000e+00 0.000000000000000000e+00 8.141185128548665162e+00 9.524761142238668299e+01 4.141094248812289038e+02 0.000000000000000000e+00 8.255076692525012731e+02 3.159896380772936331e-01 1.893010584357121786e+02 0.000000000000000000e+00 0.000000000000000000e+00 1.094691569740497471e+03 3.922830437570705158e+02 9.216987539453613820e-01 4.016448046037002939e+01 4.094665338046274883e+02 5.076501284439266897e+02 3.989247301974028659e+01 0.000000000000000000e+00 2.623117349627512453e+02 1.422331523853056979e+03 3.943831210929514555e+02 2.828973469394647555e+00 2.452691141489080167e+02 2.137181974818142649e+01 5.661219105054881595e+01 1.557661936299521983e+02 3.872844213008469438e+01 6.839463461336451928e+02 1.294129424730588198e+02 1.263863400290911727e+02 1.730657836615654048e+02
0.000000000000000000e+00 3.805663115124858109e+02 6.494482507025910536e+02 2.869986096930092212e-01 5.660872206986464334e+02 2.644821014554263501e-03 2.923010283260742881e+02 8.932396492567013411e+02 0.000000000000000000e+00 6.086816308565857980e+02 9.806591299780420741e+02 1.547215649113132940e+03 4.437026591819680732e+01 1.022012163413931631e+02 0.000000000000000000e+00 1.057679329106142859e+03 0.000000000000000000e+00 0.000000000000000000e+00 0.000000000000000000e+00 1.528061682826805736e+03 6.162817878906028000e+02 1.249583617269624256e+03 0.000000000000000000e+00 1.262968370850380069e+02 2.667493807403363917e+02 7.945762661418292794e+01 1.595823520491448448e+02 1.176752226921495925e+01 1.090552844936853944e+03 1.782174394623076239e+02 1.791533332255465538e+01 0.000000000000000000e+00 6.637026724935907396e+02 5.045310209261697310e+02 1.168274370816916644e+03 1.307822031533347854e+03 0.000000000000000000e+00
0.000000000000000000e+00 1.227736116489282239e+02 1.532148375530683282e+00 7.935889311321961404e-02 4.364899586343145010e+00 4.421719781684620330e+02 2.703970977980940233e+02 1.132620231189724791e+02 0.000000000000000000e+00 0.000000000000000000e+00 0.000000000000000000e+00 0.000000000000000000e+00 0.000000000000000000e+00 0.000000000000000000e+00 1.471065277950002383e+03 1.317075570363074576e+03 0.000000000000000000e+00 0.000000000000000000e+00 1.378391806680828495e+03 6.837290744751690701e-08 1.383818077321665896e+03 3.248790237361678805e+02 9.784859857555242968e+01 7.218044331330280272e+01 0.000000000000000000e+00 6.011738984453201056e+02 9.261848790802676490e+01 4.898002617390874889e+02 4.508211456934409966e+02 8.217561885730129916e+02 1.765792916599897069e+02 0.000000000000000000e+00 5.867975227468424464e+02 5.528308928692379141e+02 4.907340251506632285e+02 0.000000000000000000e+00 9.685235104940726387e+02
0.000000000000000000e+00 8.091634690033661172e+02 7.178004405870428428e+00 5.001028324837667682e+00 0.000000000000000000e+00 3.873511240677264595e+02 1.272285254350078247e+02 1.113676672615253210e+03 4.274002055672825406e+01 2.166324242904024970e+02 0.000000000000000000e+00 0.000000000000000000e+00 0.000000000000000000e+00 0.000000000000000000e+00 4.440841096972563662e+01 5.773666089964754065e+02 8.835808052468707956e+02 5.132945425621747972e+02 0.000000000000000000e+00 1.452171873992685050e+03 3.337005835466765880e-01 3.039113809795601355e+02 3.340520926066582774e+01 5.103303776144697963e+02 0.000000000000000000e+00 9.446360801297922194e+01 0.000000000000000000e+00 3.323459556685669440e+02 3.623985440071983817e+02 6.402787987293532979e+01 3.529256182308132539e-02 7.469791338305826400e+01 5.246851890167801002e+02 1.667526746789371259e+02 2.071327181836959994e+02 4.629521515168381143e+02 1.115309271178505810e+02
0.000000000000000000e+00 0.000000000000000000e+00 1.360954674866462355e+01 0.000000000000000000e+00 0.000000000000000000e+00 3.520833702416429674e+02 3.335196177343034947e+02 8.537382812226006763e+02 6.494437328893900130e+00 7.214961340068233540e+02 4.559569084173654119e+02 4.506532587174511661e+01 1.495330393899664386e+03 1.111877140205470482e+02 0.000000000000000000e+00 1.024318051888098353e+03 0.000000000000000000e+00 2.487020370580967565e+01 6.933907097395649544e+02 1.243803388060599445e+03 0.000000000000000000e+00 0.000000000000000000e+00 9.680569611124780067e+02 0.000000000000000000e+00 1.009584857247008131e+03 9.538888820429613133e+02 0.000000000000000000e+00 6.437729687484608121e+02 7.302404593832234241e+02 1.144958767610163193e+02 9.310799217505373235e+02 1.201273761138750615e+03 5.216797891089360064e+02 5.669411969351035923e-04 3.323803079177429254e+02 3.590369972378502439e+02 4.152380578137769618e+01
