output/example_1/lateral_incision_000454.asc
nrows	75
cellsize	13.33333333
xllcorner	0
ncols	75
yllcorner	0
NODATA_value	-9999
[rows 34 to 50 of 75, columns 0 to 36 of 75]
0.000000000000000000e+00 1.129256492040779221e+03 1.988234120737014621e+01 6.234038167261663830e+02 1.149856481090642092e+03 7.380942641451855479e+02 2.802756187579442440e+02 1.468718648948633927e+03 0.000000000000000000e+00 4.162305990703654288e+02 5.819645324227958554e+02 6.132529960479513420e+02 3.934349824698541056e+02 6.286744891185748685e+01 6.503373213844262182e+02 3.508869378583104890e+02 6.080852396022835364e+02 1.141323828414956694e+02 7.336303437046828302e-01 1.318634618736216680e+03 1.879586168805817863e+02 5.511767588909374354e+02 1.577291041356640910e+01 6.339488341498506543e+02 1.929287866926993900e+02 5.230601629708614837e+02 7.965112849578157466e+02 4.638588656928976661e+02 0.000000000000000000e+00 1.103214077625253822e+03 4.828416827952993207e-01 3.438763215909823430e+02 6.855488960116092585e+02 7.870321421864919103e+02 5.177711030045207963e+02 1.583234207074728204e+02 1.458919167450276859e+02
0.000000000000000000e+00 4.987501007469910541e-02 1.088948644802140597e+00 1.095018795265259769e+03 1.688678921506126699e+03 1.761214853823520343e+01 1.957396680134933433e+02 7.592301831981473015e+01 4.286284057259485962e+02 3.203002635855548306e+02 5.569872119525016387e+02 2.310399405715629086e+02 2.389780153226454331e+02 5.415050266721662808e+01 1.234057938179821122e+03 4.116175517826804935e+02 4.575534978930461421e+02 1.061269829214767014e+03 4.252219240043533546e+02 1.522536731291188801e+02 1.358075494495045064e+02 3.074954036776131883e-01 3.402985492240099461e+02 4.182090322344142805e+02 1.232917795351772554e+02 0.000000000000000000e+00 9.990973733274450979e+02 7.540369063966038539e+02 1.123873928496811232e+03 4.878936013253933446e+00 1.377910618562214950e+03 1.893778263256798027e+03 2.589485042375440571e+02 4.407538963717313436e+02 1.797643081129094185e+02 4.999160143188383358e+02 4.858536011062408875e+02
0.000000000000000000e+00 7.330223042421068840e+02 5.663149821558305774e+01 5.963401380785509076e+01 7.937491388827061733e+00 1.732603777015304331e+03 9.606848075398668243e+02 1.337076235213693280e+03 1.546201299484476710e+00 1.185921725016735166e+02 1.131813197808678062e+01 3.103246589710433909e+02 0.000000000000000000e+00 7.708883859344139182e+02 4.254535625718082770e+02 6.481910935752837588e+01 1.145931966276613366e+03 0.000000000000000000e+00 8.590315758175960354e+02 1.307383029104174057e+03 0.000000000000000000e+00 2.058657652030580210e-01 5.164533741108709819e+02 1.294129978658216260e+03 6.278131615737652282e+02 2.105500566613762459e+01 0.000000000000000000e+00 5.542107569068584780e+02 3.732053937494734797e+00 4.346227473866434821e+02 6.056846341561043801e+02 4.425658674494595823e-01 9.359466776002294353e+01 1.618805667179331067e+02 3.257555020037739002e+00 4.434550863959286744e+02 7.307645087663438517e+02
0.000000000000000000e+00 1.069656435353581173e+03 5.231607389666855852e+02 3.971771728713758307e+02 6.669468615688894033e+02 1.035392189603685210e+03 4.783638334344360032e+02 5.481874961628343499e+02 1.737594597762179660e+01 3.084207263559185321e+02 5.569569198891568362e+01 2.007288496354383085e+02 4.796660337653986694e+00 1.499305149694711190e+03 1.595404926573922239e+03 4.270156672299253131e+01 2.575423333509035615e+02 8.884930129635149569e+02 6.411654474154513537e+02 8.441663728028704128e+00 3.153938275187728664e+02 5.043906169381787663e+02 8.498074181436432895e+00 7.482594155174215302e+02 1.348874181934202397e+03 4.712956650860243144e+02 1.465646114300135650e+03 0.000000000000000000e+00 1.220027635751760272e+03 1.256068054022789056e+03 5.212907129071782037e+02 6.260130142265152244e+02 4.336365389366662271e+01 0.000000000000000000e+00 2.779491692149851811e+00 3.046459900368110425e+02 7.156646871825406606e+02
0.000000000000000000e+00 0.000000000000000000e+00 0.000000000000000000e+00 4.697256960646195978e+01 1.147093224892986427e+03 1.921008092045662086e-01 7.274802526594850542e-03 8.929985694653419515e+00 1.297339693737108846e+01 1.783397951497534706e+01 6.113682578397057341e+02 6.680989519693573584e+02 6.530985881335010568e+00 1.365637981445171590e+03 3.150355286110724684e+00 1.428703857429313985e+03 7.513549557955534510e+02 4.822516281797621787e+02 0.000000000000000000e+00 0.000000000000000000e+00 0.000000000000000000e+00 1.915564672045819350e+02 1.070746368235827731e+03 1.632145151370153924e+00 6.967981017051324670e+02 5.725486543726817246e+01 7.357641179528367275e+02 2.767795283020689778e-01 3.034580341162460559e+00 1.389061137652960497e+03 3.617328157376300055e+02 6.060328356090979014e+02 5.247823942266688846e+02 3.010935576035489589e+02 1.011834154847546046e+02 7.809469957812580354e-01 3.895751500773181331e-01
0.000000000000000000e+00 6.028316524460127539e+02 1.225304740708407962e+02 3.616108144359255334e+02 5.040125193712314058e+02 4.401781780519872314e+02 9.092027210222480562e+02 0.000000000000000000e+00 1.373431809801404135e+01 1.351345347417227671e+01 7.598393140161006158e+02 1.851883756370312550e+00 4.489749629032277767e+01 9.560902872218683513e+01 1.089223174028655876e+03 8.234713022243164460e+01 4.903310926110728474e+01 9.187658060386762315e+01 5.931041656109096039e+02 1.732265139353207246e+02 7.432862631894531660e+02 1.272154574101439948e+03 1.693687362637247361e+03 7.807591366206380599e+02 1.426898822676749390e+00 5.662294026208822828e+01 3.564799391204584111e+01 5.506014486350173911e+02 1.197606084904529325e+03 2.825622838297022099e+02 1.006844362917080282e+01 4.140069225029823201e+02 3.658025518824356936e+02 4.755890440150870973e+02 6.453010341418605833e+01 7.037010275215674255e+02 4.964365259723957706e+02
0.000000000000000000e+00 1.023806662609417550e+00 9.478645551377326228e+00 4.756453461358211143e+01 2.369622891387230723e+01 1.857571343556358201e+01 1.655011683215186054e+02 1.431644409420038357e+02 6.381280027886222115e+02 2.783769600763218666e+00 1.042703489146544538e+00 2.339501877586486671e+02 8.701794591313152978e+02 8.086190088267789733e+00 1.278894625089367310e+03 6.012938358774482595e+01 7.498362043634277825e+02 5.673606669200981401e+01 6.931781227570012049e+01 1.752057608444063774e+00 2.851187245431393080e+01 7.435207266868347915e+02 7.914770795139978077e+01 8.684730325667403577e+02 1.892088028653109291e+02 0.000000000000000000e+00 2.237273177763116792e+02 1.429073587029122336e+02 7.932649945441299906e+02 2.898509079915210691e+02 1.442288716275679917e+03 3.852033299177348908e+02 6.317075889325849403e+00 8.719839554464290359e+02 3.327228880239389497e+01 6.228316320927397101e+02 4.265332384046726588e+02
0.000000000000000000e+00 1.683824875634937825e+03 1.165326353846652268e+02 1.990234985001633872e+00 2.897089348443101358e+02 2.799032990445699642e+00 4.245844734339363669e+01 9.416670571369157017e+01 7.866644303632473338e+02 6.077964944326672594e+02 3.438096104385741683e+02 0.000000000000000000e+00 1.479039893051786976e+03 3.647350215919477989e+01 2.909566232029685580e+02 1.661977165401718892e+01 2.726037882157798435e+02 7.322069539646284966e+02 9.373144887315849871e+01 0.000000000000000000e+00 0.000000000000000000e+00 3.328072030835135138e+02 5.670903728661513696e+02 9.837803071085530746e+02 1.397334352473490753e+03 2.452368137280008131e+00 5.097068605849611913e+02 6.040122872315148470e+02 4.748691228165610734e-02 5.704376843268956918e+02 9.380389181243782559e+02 3.804554438738767317e+02 1.826028960669588086e+00 1.427464500531085378e+03 0.000000000000000000e+00 2.519307490435428178e+02 1.219254727814000461e+01
0.000000000000000000e+00 0.000000000000000000e+00 5.762226193533008427e+02 1.822124161302050140e+02 9.251681264501714850e+02 4.637172011045286126e+02 7.843029268098463263e+02 5.735447873524028637e+02 6.479554687826722947e+00 1.465681958742008817e+01 1.902524003375606654e+01 0.000000000000000000e+00 1.932533489100323149e-08 1.850130214603614149e+02 1.130564747937424812e+02 1.463160695312830740e+03 4.094786714514220876e+02 1.307637618879716301e+00 4.330913256927363477e+02 0.000000000000000000e+00 9.663655693574768293e+02 4.699189268270543174e+00 3.601477817503402434e+01 5.225504361635541954e+02 7.862091122055051073e+02 1.708580149713031204e+01 2.959737382502732430e+02 0.000000000000000000e+00 1.496907317658839176e+01 4.554570497675868523e+02 8.328308237138404593e+02 5.139300992047624277e+02 1.296453734700775840e+03 0.000000000000000000e+00 8.846398673242680388e+02 1.121795364364822376e+02 6.477523099488024627e+01
0.000000000000000000e+00 6.428067741357326668e+02 1.191000409106991675e+00 2.287713392766727054e+02 2.355430832982761160e+02 7.374486256460349942e+00 1.336767262587866071e+03 1.183217271717072890e+03 3.568220879090669229e+01 4.636883252597009459e+02 2.592750291901110060e+01 6.357790319904344187e+02 6.396741775008663922e+01 0.000000000000000000e+00 1.504442732461693595e+03 1.524544670109577504e+00 2.507601415069849224e+02 1.381564982867162561e+00 7.991273370433576702e+02 6.595768561738644120e-01 1.095883814175530688e+03 5.069138284421964045e+02 5.009268846457580970e+00 5.282127911381564900e+02 3.175956157874934238e+00 1.063436209408222908e+02 2.025418437939262617e+01 9.581780211696104743e+02 2.225541088460974493e+01 4.226702986384304950e+02 5.749185343809351707e+02 8.895400617634884100e+01 3.026239965630094786e-01 2.065897653851555447e+02 8.862139537370528615e+02 3.249803277949491758e+02 1.256443396779714448e+02
0.000000000000000000e+00 5.695189381512415139e+02 5.040000459346254047e+02 6.720172712062249047e+02 6.053524568365299501e-03 1.427117098329101509e+03 4.808537530306126655e+02 4.754021158759820196e+02 6.663858414689274867e-02 1.164502963972201570e+02 1.139410843846995740e-03 1.608429689456059226e-04 1.291480894731874059e+03 7.745456543107468406e+02 1.642825079905664097e+03 5.026887391013443107e+02 1.330295467551569910e-01 3.446000434055497941e+00 5.234549342185207621e+01 2.781675714303565883e+02 7.251888512485182900e+02 7.930342746533692662e+02 1.056395989289064119e+03 2.284962710845830219e-02 4.822921579158123109e+02 5.696689875829238190e+02 1.340078034201945911e+03 4.574772364814403431e+02 4.397719823107485126e+01 4.871746669467337938e+02 3.184478499198409907e+01 1.158006921841818894e+03 9.939811415082990820e+00 7.418517248015360792e+02 1.355971816449105972e+03 1.049011883783313124e+02 1.656428756036656011e+02
0.000000000000000000e+00 4.030317501567989069e+00 0.000000000000000000e+00 0.000000000000000000e+00 0.000000000000000000e+00 0.000000000000000000e+00 0.000000000000000000e+00 0.000000000000000000e+00 0.000000000000000000e+00 0.000000000000000000e+00 0.000000000000000000e+00 0.000000000000000000e+00 0.000000000000000000e+00 0.000000000000000000e+00 0.000000000000000000e+00 0.000000000000000000e+00 1.596583534050963067e+02 7.718728542629465892e+02 3.254527665520731716e+02 1.813869723373213105e+02 0.000000000000000000e+00 7.576298121412407909e+02 2.126466488357004891e+01 5.227385206210561819e+02 1.334368419532905364e+03 1.125420762053018052e+03 5.709780022376642137e+02 1.342262932008867260e+01 1.704718047939845178e+02 3.910314827321394091e+02 5.690699919393214259e+02 0.000000000000000000e+00 1.176392126258557937e+03 3.331242308057712194e+02 1.272826842896772177e+03 9.007604106570321179e+00 3.104986598923496217e+02
0.000000000000000000e+00 1.486951613719984095e+02 0.000000000000000000e+00 0.000000000000000000e+00 0.000000000000000000e+00 0.000000000000000000e+00 0.000000000000000000e+00 0.000000000000000000e+00 0.000000000000000000e+00 0.000000000000000000e+00 0.000000000000000000e+00 0.000000000000000000e+00 0.000000000000000000e+00 0.000000000000000000e+00 0.000000000000000000e+00 1.493716978950545282e-01 8.173932232130965758e+02 0.000000000000000000e+00 3.040832181548585589e-01 0.000000000000000000e+00 1.456030404045555088e+03 2.725775651442081671e+00 8.915554249187087610e-01 0.000000000000000000e+00 0.000000000000000000e+00 0.000000000000000000e+00 9.195839039331264075e+02 4.800129915829276683e+02 1.149848254997378234e+02 1.947828473442671111e+02 1.239014811322161449e+03 0.000000000000000000e+00 7.003818342600613960e+02 1.586139290548105691e+02 5.441639036549545949e+01 4.286587557127062951e+02 2.860845325634398364e+02
0.000000000000000000e+00 3.806330171044436952e+02 3.435189836333416906e+02 1.060348500902806058e-02 6.755299740195237064e+02 1.954740126602340666e+01 4.784996647471482373e-04 7.416076251490741811e+01 1.686194809552172728e+03 4.235135429989787212e+02 9.617657423632127802e+02 1.513690658264391971e+02 1.156481582602867775e+03 5.209024708932429348e+01 1.481222880169947075e+03 8.067744448573422460e+02 1.322928606880722502e-01 1.035156809612171998e+02 3.258477067622383174e+02 0.000000000000000000e+00 2.971186370606603289e-01 4.942352839646472376e+02 9.165524912931952031e+02 5.251612038747454108e+02 0.000000000000000000e+00 3.109630036123873538e+02 0.000000000000000000e+00 0.000000000000000000e+00 0.000000000000000000e+00 0.000000000000000000e+00 9.929467029313994999e+02 4.435466795595293472e-05 8.549275518693650611e+02 3.073300510488452630e+01 4.407246295591825174e+02 1.690892089436142896e+03 8.651561347233417791e+02
0.000000000000000000e+00 1.334738037514054838e+02 0.000000000000000000e+00 3.421240200832964096e+00 5.686141533269687898e+02 0.000000000000000000e+00 1.774425713674900408e+03 0.000000000000000000e+00 1.279983744025465967e+03 1.296622292205956455e+03 1.087684520821187107e+03 2.444045299639811264e-01 7.018154407079321118e+02 8.010373926535555356e+00 1.932203415952298826e+02 0.000000000000000000e+00 1.330149122431954538e+02 6.426194317179943027e+02 7.930585894518624173e+02 2.722228251403670356e+02 7.206874193653516159e+02 9.095537873390473768e-05 4.662302025742502565e+01 1.626656583908876186e-01 5.625365066652017276e+02 1.045233719716719918e+02 9.054180963385157384e+02 0.000000000000000000e+00 7.057889022440947429e+02 0.000000000000000000e+00 0.000000000000000000e+00 0.000000000000000000e+00 0.000000000000000000e+00 0.000000000000000000e+00 0.000000000000000000e+00 6.499595433695878910e+02 1.273773328785664489e+02
0.000000000000000000e+00 1.468138487301813484e+03 1.047460284666932921e+03 6.773723139831744788e+00 1.247525315954649727e+01 0.000000000000000000e+00 3.515881955058405310e+02 2.716594512206545460e+02 9.548634494131948713e+01 1.431207066392999423e+03 1.011694883367949593e+01 3.347754886889062504e+02 0.000000000000000000e+00 6.141802300858932995e+02 2.772254808245495639e+01 2.503700274159244827e+02 6.698203718752435520e+01 0.000000000000000000e+00 1.011392681571288810e+00 0.000000000000000000e+00 3.439515365994702734e+01 1.163991489800471754e+03 8.741266757220236272e-01 6.074805978223074590e+02 1.486997734618218772e+02 5.034700127542588177e+01 0.000000000000000000e+00 4.133083612756238949e+02 9.961041506244163202e+02 0.000000000000000000e+00 0.000000000000000000e+00 0.000000000000000000e+00 0.000000000000000000e+00 0.000000000000000000e+00 0.000000000000000000e+00 0.000000000000000000e+00 0.000000000000000000e+00
0.000000000000000000e+00 1.872768717110303779e-02 9.080544900607569616e+02 1.570373230813405826e+03 0.000000000000000000e+00 7.694157262636268797e+02 5.148379103745996872e+02 1.606260031964423433e+03 1.705616298389128588e+03 9.766559891800294935e+00 5.661902474627527226e+02 1.640510365143348054e+03 1.221741937320190763e+00 4.127340033448563759e+02 2.592094083008531058e+01 9.186196606797204822e+02 0.000000000000000000e+00 6.869687167761805995e+02 8.722235113051668804e+02 6.295277258857623792e+02 4.351777827995738903e+02 9.506059927220060501e+01 2.238690866692702031e+01 7.256823620450386443e+02 3.258101236292765179e+02 1.232343888429643584e+03 1.994659869502355409e-01 2.650603092238353611e+02 0.000000000000000000e+00 4.952425770732997421e+02 7.312092247197181649e+00 1.369102496956599452e+03 3.390255061826979954e+02 9.679874936435709287e+02 4.180975373909324045e-04 5.868354463214625838e+01 0.000000000000000000e+00
