output/example_1/lateral_incision_000260.asc
nrows	75
cellsize	13.33333333
xllcorner	0
ncols	75
yllcorner	0
NODATA_value	-9999
[rows 17 to 33 of 75, columns 37 to 73 of 75]
1.355555171171522943e+03 3.360211115182398605e-05 6.277883506350407288e+02 0.000000000000000000e+00 6.462948800895167096e+02 1.031146828693292946e+03 3.948940928079277342e+02 9.582622870601851446e+02 7.536239942082255538e+02 0.000000000000000000e+00 6.297311871970554193e+02 2.506576652114567025e+02 4.263644784468253306e+02 9.687661914875096159e+01 1.210027959703442377e+02 7.840299678267589343e+02 9.592332991794443160e+02 1.586140594703930162e+02 1.112691981032108060e+03 4.289214569888366668e+01 5.491392088774857712e+02 5.809880323525866288e+02 3.416941833050977380e+02 8.780722499478949672e+00 4.612499468497500699e-01 3.535550173308039490e+01 1.963109777071944109e+02 3.144847612140727051e+02 1.657052996579941180e+02 2.611278385062545340e+02 7.405716324993890964e+01 9.854199469986808708e+02 3.919782767382768611e+02 3.590086735793699972e+02 8.925708925020276183e+02 1.546376452793233511e+02 4.518188950776061574e+02
2.772536610150153820e+02 3.853293079242270096e+02 4.634926355866833205e+02 4.203987809612621618e+01 0.000000000000000000e+00 5.488469450573139738e+02 1.471821109686522675e+02 0.000000000000000000e+00 4.604962074251056414e+00 1.228833473193976289e+02 1.017924588508300985e+03 6.715678675360075545e+01 8.060223055878136620e+02 2.097808112554737647e+01 9.262222572379499752e+02 0.000000000000000000e+00 1.196129398897399341e+02 4.946326506081895786e+02 4.135649726861382192e+02 3.386039080778162003e+01 3.545255141976152800e+02 3.312748873901399520e+02 5.450261933632826583e+01 0.000000000000000000e+00 1.182445862087386558e+03 1.126547907208280094e+03 3.535047805896378748e+01 0.000000000000000000e+00 3.573247278798363880e+01 9.109144098094627395e+01 0.000000000000000000e+00 1.355261472971691319e+03 7.219214617209630660e+02 0.000000000000000000e+00 1.286293165844664827e+03 1.165282565010548268e+02 7.472072341026320146e+02
7.274615202759852295e+00 0.000000000000000000e+00 6.131062969423008724e+01 8.588721929921840115e+01 1.780769281777474475e+02 3.639568380003159120e+01 1.278757916042108320e+02 8.374498883234961113e+02 3.238206405881020089e+01 7.562550216699984276e+02 5.667705255253017604e+00 0.000000000000000000e+00 5.005919040372086215e+02 3.493062575435280337e+02 1.091325381882133797e+03 4.836345177529657491e+01 5.015723231647991609e-01 5.984071765945701005e-01 8.969521984264097227e+02 0.000000000000000000e+00 3.106074885203593894e+01 2.399139299715976392e+02 4.318774134225003536e+02 8.330897178844139717e+01 1.337361608401164176e+03 2.614021230461892173e+02 1.025466610402251177e+02 1.468999659239235370e+03 1.840164360304678439e+02 9.161325696645025118e+02 0.000000000000000000e+00 1.740861122250170467e+02 8.189282273972875004e+00 8.135277414467696477e-01 3.610458122808142889e+01 9.049427723531454149e+02 0.000000000000000000e+00
5.757210166218550640e+00 7.479561116026552554e+02 3.703230715059974187e+01 0.000000000000000000e+00 7.819983323234926047e+02 3.928059212693838287e+00 4.104363963820855110e-01 1.064693725814623804e+03 3.080783390466585843e+02 5.158561584702995333e+02 7.052495013403007533e+02 3.858960172993565152e+01 1.174072832809117926e+03 8.216079586796683998e+01 1.012195248105790256e+03 5.530995010738540714e+02 1.607168936482940126e+03 7.178703923080054210e+02 1.593028808399914169e+02 1.212442551495175394e+03 1.342133376338682410e+03 5.328046452508723405e+02 1.451715012442690522e+03 2.863580457801658099e+02 1.066272906397089628e+03 3.830399874116364458e+02 2.179493072706917722e+00 4.406968129356037025e+02 1.448705517551168896e+03 1.386542421051908150e+03 2.358222228923648078e+00 3.191399681831931616e+02 0.000000000000000000e+00 7.405019813544992076e+02 3.333824809501107893e+02 4.795321186021668325e+01 1.140374908247891117e+00
5.572357857474329990e+01 2.832286818223003593e+02 2.904762030328618607e+02 2.293711637085104371e+02 1.356060671566445919e+01 5.909996637292811101e+02 3.386938805580844480e+00 6.788586425890520104e+02 3.470483252294996532e+02 7.871795161338204707e+02 6.895195739432560913e+02 6.610902636987086680e+02 3.295420146529600629e+02 1.191808163406457481e+02 9.836273623476567707e+01 1.186304106509563354e+02 1.638678080419454943e+02 1.588514696239578541e+02 9.030418475881879203e+01 7.865963070899954346e+01 8.616152462423403904e+02 6.693577383178804894e+02 5.396658464382863940e+02 3.559687111182237018e-01 2.237231553601558005e+02 5.722152536180852849e+02 3.469706415524005365e+02 2.272293602199618192e+02 1.450906317418056915e+03 5.018677078213772234e+02 3.100099431714549425e+01 6.251038629344220681e+02 8.651746931403704366e+02 1.056769366906086134e+03 9.106173067264951015e-01 8.021075526516154923e+02 4.895291166911028995e+02
4.419640402479067802e+02 2.358542175970672061e-01 2.232363585597807685e+02 3.585740184804593014e+02 6.046757873271840253e+02 1.336729722438657006e+02 8.634104183696048267e+02 2.852999299403853684e+01 1.421312325840095127e+03 1.450667540285165842e+03 9.040965128550187968e-02 1.305747780444582133e+02 1.765982354765870070e+02 1.095991023231026247e+03 6.355666017534900902e+02 3.032101737532470906e+02 1.023270179934564112e+03 1.414040121702193801e+03 9.645919614475619710e+02 1.185198724259645587e+03 7.328065298514031545e-01 4.903071699122692166e+02 0.000000000000000000e+00 7.074248376765780222e+02 3.105158811169711726e+02 1.711669380945453733e+00 2.733337859360655102e+02 6.338681509379554200e+02 1.714347543793134605e+02 6.040928792656948190e+02 9.932250795874901428e+01 5.532363281443286951e+02 2.030231484957799921e+02 3.305410811077921807e+01 6.957763969412706047e+02 3.710792071872884321e+02 9.156406649551491910e+02
3.068855187462218623e+02 1.689654668601981257e+03 0.000000000000000000e+00 9.555184177383555313e-03 0.000000000000000000e+00 6.699099449983565435e-01 2.957612342878920497e+00 9.029940167590355315e+01 9.425035447075421189e+02 2.358987598977587936e+02 3.590209377118256384e+02 1.165437387424673510e+01 5.396651533030000110e+02 1.208517934290125822e+03 9.203774942890657940e+02 2.293272427773682054e+01 9.794094418440635081e+02 4.781733486584996626e+02 0.000000000000000000e+00 5.007457078998764928e+02 4.284945611542540291e+02 3.642810192954605508e+00 1.174923833695250778e+03 1.684647321977648289e+03 7.381379045389144800e+00 4.207758214832642807e+01 0.000000000000000000e+00 1.053894308812676073e+01 9.807475712593442267e+02 3.631971825133165908e+02 3.475359991425222006e+01 1.962507480557528368e+02 2.431206044293768684e+02 7.257995197451671174e+02 7.809175592123696106e+02 1.606793379292589350e+02 6.083088999585415877e+02
1.252049343898120242e+03 2.582881172655280366e+01 1.490611525769736545e+03 1.436553302311747757e+03 0.000000000000000000e+00 5.131315970191957376e+02 1.480166715586302644e+03 7.839167486543155405e+01 1.970821973153611140e+01 2.702057827498716165e+02 1.146036892918193644e+02 4.707940601721276042e-01 9.433171400812083718e-01 1.888247452027652002e+02 2.202468490007578907e+02 1.546817633055645501e+03 1.268703669492398944e+02 5.279416333520354101e+02 1.108228216002333719e-02 8.699261390855208447e+02 1.365387443689838847e+03 4.899513498597885928e+02 1.162373249182785599e+02 6.502581389031917070e+02 1.137472369187114055e+03 3.128606994565321315e+02 1.098986866239621122e+03 0.000000000000000000e+00 1.145077065438149333e+02 7.841583049426559455e+02 4.232104145518354699e+01 1.056226262077658248e+03 1.121782739571252250e+03 9.440284714964290060e+02 8.198691240958369235e+02 3.775404139284024296e+01 5.055578595976587053e+02
2.724663570625608600e+02 9.619394385670440215e+02 4.258683859781310588e+00 5.402105297672287634e+02 1.610436732539253235e-01 4.853173579193804130e+02 1.341045643839606100e+03 2.255711751699454055e+02 1.109774217000212957e+03 0.000000000000000000e+00 1.605509275011865782e+02 6.811709745779435252e+02 6.823442098818568411e+02 9.819792286315812362e+02 2.236395525308034848e+02 9.282222650793909224e+02 2.932324903564074248e+02 8.541573217651341565e+02 6.431334407380685434e+02 8.779334467123861714e+02 1.200354463285473230e+03 1.122311054748565084e+03 1.391968483255531197e+01 9.623610354206142858e+00 9.803226398799226899e+02 0.000000000000000000e+00 1.971093357727690076e+01 0.000000000000000000e+00 0.000000000000000000e+00 1.109226179351785362e+02 1.927819114693981595e-01 6.554665284507863987e+01 2.853330921750085167e+02 0.000000000000000000e+00 5.437805868675281928e+00 8.350920140979986854e+02 7.058549502514179039e+02
5.068118866713657411e+00 2.107845214706124466e+02 3.482017758290406846e+02 2.947850109055738130e+02 6.662545033814608075e+01 6.516849673819575628e+02 1.138705456203972290e+03 0.000000000000000000e+00 5.727670171292179475e+02 4.733027437037098935e+02 0.000000000000000000e+00 9.625855862577226389e+02 6.042090243380420134e+02 1.451262853300983657e+01 0.000000000000000000e+00 8.557041830908318616e+02 3.913093577632147912e+01 4.284481995438486024e+01 0.000000000000000000e+00 0.000000000000000000e+00 0.000000000000000000e+00 4.106074431711417283e+00 3.885410803757504361e+00 1.034305229492325452e+03 3.039975586657214901e+00 1.352376500854573123e+03 9.041974672744541976e+02 1.264346390798216589e+03 3.693480662073703797e+02 4.722280843245241755e+01 1.297280446601203494e+03 8.101504517173591466e+02 1.880713481849513258e+01 4.813735355503432629e+02 7.718328002745899994e+02 3.623690224175568346e+02 1.389155410487506117e+02
6.035071354778322075e+02 7.180214159086804102e+02 1.768946958931961078e+01 2.525164517065998666e+02 5.857888187815299830e+01 3.560463029731899383e+02 1.285221643780051863e+02 0.000000000000000000e+00 1.052973198182967423e+02 7.592835811868748124e+02 5.670005957340605640e+00 5.422861754897691071e+02 2.716257917650749221e+01 3.158618793515118455e+02 0.000000000000000000e+00 5.607515883470122731e+01 1.076397658696106191e+03 4.069661344971676726e+02 7.806266968703898783e+02 9.206226774197991745e+02 6.440384416967997367e+02 7.776216472365568961e+02 1.177827795650308644e+02 1.189517430524605288e+03 4.738694785852972018e+02 1.037721578668852729e+01 1.116205329720304285e+00 4.504279499849004083e+02 1.286108595945876914e+03 2.054512016382527673e+00 3.110938392481437518e+02 3.322420671299984178e+02 4.410209741498011482e+01 4.904775549378875894e+02 3.587226175016630805e+02 3.674094293621690355e+01 6.587406362982882229e+02
8.134735323827423770e+01 8.535983521726413059e+00 0.000000000000000000e+00 3.941961446818520471e+02 7.763280652665673642e+02 4.410259830733739932e+02 1.626471775720475819e+02 2.082656789937371684e+02 7.448558971728223241e+02 3.739869784321968496e+02 4.637272608571990986e+02 3.156107682055408645e+02 5.374231205371827400e+02 3.793831597836890523e+01 3.401689948804541359e+02 6.898079407449159817e+02 5.357727138077688096e+02 2.022888329897219535e+02 4.664054736189420396e+02 2.547472175236818348e+00 0.000000000000000000e+00 1.165140837040511769e+03 8.217997438494929696e+00 0.000000000000000000e+00 1.646364557220779545e+02 6.163260050683476265e+02 6.974232645644616468e+02 0.000000000000000000e+00 3.249877807608608293e+01 1.215948249147388424e+03 1.827579138461285311e+02 1.555780338649697757e-08 5.764259972150588283e+02 1.226719504584910283e+03 2.081833287096049503e+02 1.421974270512515886e+03 5.279752012037520217e+02
3.474619137977309151e+02 1.394770274164791317e+02 3.277106983084673857e+02 1.059245731942446355e+03 1.416091000758644668e+03 3.509567356920251058e+01 1.043495400888102495e+03 9.771903655948241396e-02 9.031460379346723357e+02 3.298370092440305257e+02 9.260701097982256158e+00 4.133920220319998293e+02 1.756156053123528409e+03 1.348452940088202240e+03 5.888324877552014414e+02 2.662390665802928424e+01 6.506987985691176846e+01 6.865324148100113710e+00 7.544829113937635334e+00 1.747149132787195924e+01 8.573364344625565536e+02 1.942339663434323427e+02 1.212726240966731211e+03 7.629752802871900030e+01 1.451898084357230118e+03 2.936402382292717448e+02 6.043086863101791550e+02 1.539754413719287641e+03 2.799214347105549194e+01 8.841456147829858310e+02 3.370473000699671928e+01 1.613385510193494156e+03 3.417013112085523403e+02 8.176764360184721170e+01 2.462659890826206777e+01 1.662467579300784564e+03 2.913167867049787363e-01
1.791467083410925909e+01 5.348624376011061088e+01 8.708934263972333838e+02 1.049361956631819112e+03 0.000000000000000000e+00 0.000000000000000000e+00 5.105304106282690668e+02 5.330093011059344690e+02 8.358627737476855657e+01 5.308649959710179473e+02 1.153926532244223154e+03 5.901853463263915955e+02 0.000000000000000000e+00 2.204543897096432659e+02 7.914921189762530958e+02 1.110293004432754360e+00 4.429339897291279726e+02 3.808734073685899943e+02 8.312141984748114965e+01 1.737916613885071229e+02 1.008952680105879267e+02 1.377331920904590845e+02 1.301644982520504001e+01 1.273689580969472068e+01 1.217596351758597166e+03 1.433025866071070595e+03 8.907961389131189662e+02 6.862104499710435235e+00 5.496633909791878381e+00 5.779571417270608436e+02 1.723632126991454015e+03 4.018391729255581595e+02 1.111109435034535764e+01 3.012531151546175234e+00 9.200987263553937368e+00 1.714396510790159756e+00 4.368850602743554532e+02
3.047844789586957148e+01 1.615640722347956455e+02 1.494700560215284440e+03 3.203631832710683636e+00 1.195189165412966759e+03 1.113856935173821284e+03 6.252841423150933906e+02 4.794401906810030596e+02 2.486140367280489727e+02 4.516247480223001709e+00 1.283919585140415165e+03 5.523474888163018903e+00 1.459965259733563244e+03 1.686875349085468770e+03 1.139918821936183804e+03 4.768562497543100964e-02 1.007289550341432232e+03 5.117102832016266589e+00 9.379643343575371546e+02 2.819217100803846421e+01 5.916978048765703306e+02 1.444936458482538910e+03 1.068269018960695121e+03 1.316607389868795281e+03 1.345911063285770410e+02 4.804947426769484764e+02 1.559394157971667596e+02 9.693393702382917354e+02 3.566511181177282275e+00 7.521894055001791912e+01 1.208908449866935371e+03 4.780937296750199295e+01 6.356785395367378442e+02 4.456625441184225878e+01 1.514315334989515449e+01 8.027736197013091441e+02 1.631590163414718830e+01
1.491617968711808544e+02 8.568475544135035307e+02 9.553966884856139874e-01 5.248502137316829703e+02 8.398837558172024274e+02 4.075351515565363014e-01 1.417581096058705498e+03 8.423884571210054446e+02 1.228636956777077785e+03 8.592107675883014508e+02 1.238085970998906937e+01 9.408746719414946256e+02 9.821614401804457657e+02 7.075665933665652574e+02 4.132926540964128890e+02 1.139821528705526134e+03 8.121792102302057401e+02 8.194418896237644745e+00 1.160101584842060447e+02 1.666157034533904948e+02 1.135378137212157554e+02 4.342167641575239259e+02 3.441087926783852140e+02 1.186375572458295267e+02 5.641990177196723977e+01 2.215231474075389340e+00 1.658621962874057090e+02 2.585842599587741688e+02 0.000000000000000000e+00 5.964826696959995616e+02 0.000000000000000000e+00 1.307322965106550328e+03 1.367309790511528490e+03 6.666253604765890941e+02 4.035664582329264931e+02 3.725552560109980504e+02 1.268780998656940717e+01
3.609264424834670422e+02 0.000000000000000000e+00 2.238069502449067159e+02 1.365497369234205678e+02 2.959219361402325035e+02 8.750194925588617707e+02 6.629924148698719932e+01 3.527895137615047361e+02 4.876684442887893169e+02 3.471046626682545622e+01 1.014307592473166864e+01 6.605662371772563120e+02 1.879108664728871645e+02 0.000000000000000000e+00 2.435663924543573273e+02 0.000000000000000000e+00 6.885351421804896290e+02 1.131430508777593104e+03 1.041612355481255690e+03 6.630160671598825957e+02 4.795499234963242152e+00 1.122792135409339835e+03 5.566239321231669379e+01 3.159123744032216763e+01 4.918141373706783952e+02 1.701775922756665125e+02 1.027558808604788965e+03 2.600873686443145871e+00 9.689221005644562865e+02 1.069432518220324511e+02 4.432373453726895605e+02 1.091538332552819611e+03 2.875776062862752838e+02 9.558279282051266534e+01 0.000000000000000000e+00 9.199061924763900606e+02 2.761067150465295867e+02
