output/example_1/lateral_incision_000234.asc
nrows	75
cellsize	13.33333333
xllcorner	0
ncols	75
yllcorner	0
NODATA_value	-9999
[rows 51 to 67 of 75, columns 0 to 36 of 75]
0.000000000000000000e+00 9.472030013813990763e+02 2.849131330428319231e+00 7.208156577758752626e+00 0.000000000000000000e+00 3.547590982419662531e+00 0.000000000000000000e+00 8.092657881329887459e+01 1.135638466722763269e+02 9.898344277886889131e+02 3.496016978682949343e+02 5.539540919300584676e+01 2.213102805577291576e+02 4.721430692579608035e+02 1.173066612622889124e+03 1.624685396320925065e+03 3.505102333469249931e-01 1.646074487015555405e+03 4.050500829051566853e+01 0.000000000000000000e+00 1.531701911237728098e+02 1.200576027329353337e+03 1.040783101296518822e+02 1.152721387535990743e+03 1.477443118346511255e+03 0.000000000000000000e+00 1.447534725579028873e+03 4.126837453263348943e-01 6.145325259403771993e-03 0.000000000000000000e+00 0.000000000000000000e+00 0.000000000000000000e+00 0.000000000000000000e+00 0.000000000000000000e+00 0.000000000000000000e+00 0.000000000000000000e+00 0.000000000000000000e+00
0.000000000000000000e+00 7.506175393311747257e+02 6.990944465292961429e-02 5.947502695236602221e+02 1.572074167571562953e+01 1.212027575480543184e+01 1.800674628102402153e+01 4.661741264733843764e+02 4.611686633739989247e+02 1.368539720410622351e+02 8.513379161022266999e+02 7.787030777398992853e+00 1.997204812301147854e+02 1.845872020400209834e+01 4.955127472777210187e+02 2.440575013505245749e+01 1.014036703492103015e+03 1.908203695474311417e+03 2.459460976001935251e+00 2.360776450713299468e+01 3.628850062778513319e+01 2.489026486762833112e+00 1.126720867995843037e+03 2.916831000052936247e+02 1.888219916323544245e+00 7.165797314876433575e+02 1.679535355566987187e+00 3.661296105169295174e+02 2.694310932418878224e+02 1.387824533228466407e+03 0.000000000000000000e+00 0.000000000000000000e+00 0.000000000000000000e+00 0.000000000000000000e+00 0.000000000000000000e+00 0.000000000000000000e+00 0.000000000000000000e+00
0.000000000000000000e+00 9.573465257561156250e+02 9.457706435940004894e+02 1.207194014169389931e+02 3.968822983145123828e+01 0.000000000000000000e+00 2.453215292880573770e+02 1.082688793533472165e+02 2.915286157217613550e+02 9.415245562192300213e+02 1.272354928213219551e+02 2.795660192981942682e+00 3.276738793705062136e+01 1.405686420202579029e+03 3.190942174297614997e+01 2.165958970534966355e+01 5.740975913429422235e+02 4.575875936161000368e+02 5.202781583387628643e+02 6.275679562671459735e+02 1.978694149939595661e+02 6.796179260179430912e+02 6.000755486616332490e+01 1.533454999667246284e+03 1.796845511375122939e+01 8.459369257314762081e+02 2.309144552197690103e+00 4.528853507908589537e-01 2.005210167275484707e+02 1.026660650675387842e+03 3.228087446108205416e+00 8.396027576957205838e+02 8.645238770562510808e+02 2.702499896591463084e+02 1.447905410483774062e+02 6.861674656934379755e+02 2.233322969537042368e+01
0.000000000000000000e+00 2.987183780842447050e+02 1.101191520455251748e+03 6.147504228853377981e+02 4.753326251792724406e+02 9.335975331165782336e+02 5.548804762081122135e+02 3.956687322376124598e+02 0.000000000000000000e+00 8.757040067058312616e-01 1.659525015650819446e+00 4.365994866957940985e+02 1.281496527629681692e+00 7.886861051424282323e+02 1.192432852113169020e+03 5.116835896524678162e+01 3.298800869092391395e+02 4.368696119431044167e+02 6.035288159384410847e+02 5.882629406181986553e+01 0.000000000000000000e+00 7.794598774546378763e+02 7.137333555073856814e+02 1.116419221392979324e+02 1.572605531003807755e+02 1.098108574701611360e+03 3.917580048661445744e+02 1.391763843816181634e+02 6.719239204026279140e+02 1.075009784140515876e+03 1.207294821316205002e+02 1.057910045705009452e+03 4.328829887306320643e+02 7.236643164132843253e+01 3.384153096830196432e+02 5.676266389899312799e+02 2.221185031041426026e-03
0.000000000000000000e+00 1.160155920004471710e+02 1.874330304341708597e+02 1.877555642343438365e+02 5.922301640541558498e+01 1.970716900355425878e+02 1.810704356940189257e+02 1.566985124174639395e+03 7.004769961098298836e+02 0.000000000000000000e+00 8.097542696337769996e+01 0.000000000000000000e+00 2.221278119331279584e+02 2.953887336919813720e+02 4.580109983694119791e+01 1.991643205661558014e+01 1.234415520965677615e+03 1.492308040541434195e+02 7.827299241093310229e+02 3.326003936477926004e+02 8.292148780381576216e+02 1.373971333393440545e+03 6.041619117317563337e+01 1.762813925463565056e+03 1.542312046775095723e+03 1.200127932107131423e+00 6.896793553936744274e+02 7.697518718050416737e+02 5.424839618043025666e+02 7.440523001043176237e+02 1.558921955165012605e+02 8.819280924097829484e+02 3.279830887793602869e+02 6.469356742927006021e-01 6.613401306385595717e+02 5.450842390536866588e+01 4.533520115703482816e+02
0.000000000000000000e+00 9.478861041837822086e+02 9.556769758902562444e+02 1.226214342400983469e+03 5.640224461355210224e+02 4.567242565145016897e+02 8.269295741074863599e+02 1.956872678181820504e+02 1.786911555251622019e+02 2.102413189015978787e+02 0.000000000000000000e+00 8.336563538417852970e-02 6.668140779773746090e+02 5.991470654527875439e+01 8.407215378920036528e+02 2.614168324832164458e+01 7.239413062105305698e+02 0.000000000000000000e+00 1.157625013257892022e+01 4.041751672229368069e+02 5.899266323015658600e+02 4.080609743914223486e+02 1.075451352149297577e+02 4.407545418661280934e+01 2.192132473293623605e+02 9.643586271177754270e+02 6.254051384419246915e+02 8.231349427040801174e+02 4.961502775727846029e+02 8.113928174347473714e+02 4.788060947890484975e+00 4.940686138934419773e+02 4.520181120358382714e+02 1.209915921431942678e+02 5.041635162390653022e+02 2.527631779149362146e+01 2.574202803825227370e+00
0.000000000000000000e+00 2.264342905485876543e+02 6.244616271836273214e+00 1.091601510308737488e+03 7.608439983836974285e-01 4.027707396475734924e+01 2.080843889330902527e+02 1.460848674205118186e+03 7.800102698327902999e+02 8.981924025625403374e+02 4.078815930861843526e+02 3.792214054964321690e+01 5.548819025954242790e+01 1.768747706231657890e+00 1.565857467935873274e+03 3.068412285424886576e+01 6.171352913140169676e+02 5.290958844408572759e+02 1.585656282718501586e+02 1.436674107958085358e+02 1.448474842806147933e+01 9.214661811128303270e+02 1.411180899237592996e+02 1.418790131988519761e+03 1.519314201349831819e+03 7.003441397284612124e-01 1.517494551782851659e+03 4.886554107760981651e+02 5.807628914926559673e+02 8.046783480398621577e+02 2.400946986794917848e+01 1.563211602305958081e+02 1.458481510873620266e+02 0.000000000000000000e+00 0.000000000000000000e+00 4.655656335858408283e+02 2.280668944147355148e+01
0.000000000000000000e+00 0.000000000000000000e+00 6.748768631318083635e+02 0.000000000000000000e+00 1.071257254426036297e+03 4.208616010359344983e+01 4.253943324147566614e+02 8.030914550258886493e+02 5.070592853826913711e+02 5.627214368398579154e+02 2.255353997290404777e+02 1.643585396076004956e+00 5.908681542985053738e+02 1.087101467503063532e+03 1.881058691022307698e+02 4.438532293148999770e+02 8.725754784778911244e+01 1.072298810174368899e+00 4.297501997352630383e+02 5.033118922985750601e+02 3.435785134817861319e+01 1.699241170163871402e+03 5.322694814997085899e+01 5.104667289370091225e+02 7.319854246301055412e+01 7.125448155705278168e+02 1.641015383642312475e-01 4.347789672952070532e+02 3.001366977609275750e+02 2.423346290845865383e+02 3.534485939282412232e+02 1.529259552011277492e+02 9.164006234161506725e+00 3.537074457701672259e+02 5.030965333319199573e+01 3.073643141034609894e-01 0.000000000000000000e+00
0.000000000000000000e+00 1.140801643632080868e+03 3.177648173991191811e+02 8.076735591831375132e+02 8.788222002354593769e+02 1.179657020058293028e+03 5.794415694749876593e+02 6.690439429233313717e+01 8.343204901906013902e+02 5.651305230937402939e+02 4.939629663524234502e+02 6.020818290276183689e+02 0.000000000000000000e+00 5.587120109052211570e-01 1.106008243604370136e+03 2.316062847300370038e+02 1.108862028541429481e+03 6.317850211456423040e+02 1.175678371847950920e+01 6.935103244358140273e+02 8.699839062320772882e+02 5.235173836132790939e+02 6.699391474156824700e+01 1.935540277729445222e+02 1.104631904916694111e+03 7.478146247012580261e+02 1.001748496615954082e+03 2.519865426754845572e+01 3.878808428166440763e+02 3.249041796327043929e+00 5.022012468584312614e+02 3.149691827248529989e+02 4.436909197320638327e+02 0.000000000000000000e+00 5.741615909857770816e+01 4.798130285672188506e+02 1.469251410529283930e+03
0.000000000000000000e+00 5.510102068624947833e+02 2.015758634272496579e+02 3.010329743569918293e+01 3.335548879266007294e+00 0.000000000000000000e+00 3.720554705255951689e+01 2.445228698189342964e+00 0.000000000000000000e+00 7.042805459272869939e+02 2.066200680932407163e+00 7.934951986730166027e+02 0.000000000000000000e+00 1.030931602916595693e+03 3.339992134477720924e+02 5.006349351395377312e+01 9.520856259295842392e+02 2.093114383394893139e+02 4.236296429653712039e+02 4.485717749156873992e+02 8.567581732297428516e+02 2.175176574380148224e+02 6.886428177244383164e+00 9.630155735513807258e+02 1.208295877016274972e+03 3.326119295867108150e+01 3.581565357571048214e+00 4.325478207492274407e+01 0.000000000000000000e+00 1.051944037963836536e+03 1.126948617283733938e+03 5.060527117638634422e+02 0.000000000000000000e+00 8.590839706110740792e+01 1.354894813999855501e+02 1.067637454720230608e+03 2.438664118084589383e+00
0.000000000000000000e+00 3.492976801916476148e+01 2.546950281432582983e+02 4.782779661831738167e+02 3.630287351599375825e+02 8.497990770306603281e+02 6.558243560784691226e+02 8.837907686767199493e+02 6.718027903435951131e+00 1.413956135798499417e+03 1.500282361498365447e+02 5.861503698704632370e+02 8.767543698636178533e+02 2.711966870508731517e+02 1.238610247083704053e+03 1.461444945082164493e+00 4.364439439692792462e+02 1.223870951052866296e+01 6.454214490032635467e+02 7.417403787422448431e+02 2.666325917329405115e+02 0.000000000000000000e+00 1.171552955922169531e+03 0.000000000000000000e+00 1.034789509616278565e+03 1.396975090695053012e+01 4.386994916893520440e+02 6.630981055561993571e+02 3.307994694637323505e+02 2.743133078414327315e+02 7.472590163510982393e+02 5.179160557596529380e-02 3.265229450358791041e+02 0.000000000000000000e+00 1.688106950516255438e+03 9.813488639741113673e+01 3.553134392598843760e+02
0.000000000000000000e+00 1.687050358351988280e+03 9.240526533201533539e+02 7.873746055990872295e-01 2.668204200227472143e+02 3.919579890941955114e+02 0.000000000000000000e+00 6.611360444458501888e+02 3.847591988239453258e+02 4.795328515545914456e+02 5.759606599953031036e+02 1.643777617396967230e+02 1.620840854580833138e+03 3.499005005068536320e+02 1.764143139906970532e+02 1.767245404685296819e+02 4.339877005341828919e+01 2.319399608020718517e+01 3.315026627108837260e+02 3.932894360731977486e+02 1.436164584003301457e+02 3.470587735537994831e+02 5.152957027521202917e+02 3.756297715570151468e+02 2.231110546962542003e+02 0.000000000000000000e+00 1.368261782924944043e+02 0.000000000000000000e+00 8.093476041960130374e+01 3.060054912643853653e-01 9.566204228874126159e+01 4.242989793636769491e+01 2.013494778734117290e+03 1.293872593637319369e+03 7.520254815145462901e-01 8.900324654050792788e+02 7.759860391842450156e+01
0.000000000000000000e+00 2.619335521433052349e+02 3.115728406812119147e+02 9.416780413937304957e+02 6.940139009129296710e+02 3.960481583902774787e+02 4.948496148619603474e+01 6.567883896987927983e+02 1.216236551782246806e+03 1.292849175296481235e+03 0.000000000000000000e+00 8.594996373799485809e+02 6.358604593623758774e+02 1.598364213666253363e+03 9.023506657643981725e+02 3.565623086614344288e+02 4.900621066037710556e-09 4.955633678443003305e+02 1.177667477916821326e+03 4.242775004963228724e+01 1.054754517630922464e+03 3.933240285808187187e-01 3.084751145187246948e+02 2.565669221866403049e+01 0.000000000000000000e+00 0.000000000000000000e+00 1.561034577501766591e+02 6.231866132787107517e+02 7.208246012163259593e+02 2.928216858376651430e+02 9.089357730730223466e+02 2.689057983181012901e+02 1.392243855884262530e+03 6.406757102024497108e+00 1.593825973991672754e+03 0.000000000000000000e+00 6.074271215973413973e+01
0.000000000000000000e+00 1.996626663066868161e+02 8.118626269779149425e+02 1.749382672475454683e+02 3.743537258002789372e+02 1.530653542550856230e+02 0.000000000000000000e+00 7.540449033394240814e+02 8.907783861055271473e+02 1.092896908995537842e+03 5.379524883522194614e+02 3.172854292625322614e+02 1.736873558947272841e+03 1.431335849293093816e+03 3.501104763295572866e+02 1.745845834324251769e+02 1.324562277778246333e+01 7.655523110159249427e+02 1.011461823771158492e+02 7.255599897390715114e+02 0.000000000000000000e+00 7.569057052460503883e+02 2.044770593758232735e+02 8.525367969983290095e+01 8.307289766824219157e+00 1.648235724634922917e+03 4.732470143622722958e+02 4.287787673298043245e+01 6.623734052611048639e+01 2.550580934791961738e+02 6.199069104894191469e+02 1.282950434236496449e+03 1.264871389864151894e+02 1.320299463657563365e+03 0.000000000000000000e+00 1.486987742444663638e+02 5.706145417508429851e+00
0.000000000000000000e+00 2.828764617546178783e+02 7.536690193776854585e+02 4.290585877345799872e+02 1.252064032115499003e+03 7.765576499566603843e+02 1.516634001584108091e+03 0.000000000000000000e+00 8.393975352910978245e+02 1.536127967245221726e+03 1.998060945341145200e-01 3.636018771488043626e+02 0.000000000000000000e+00 0.000000000000000000e+00 9.705155706578324271e+01 8.547828036509476135e+01 3.759016512597860515e+00 4.941043530336978620e+02 0.000000000000000000e+00 0.000000000000000000e+00 9.355472175568391435e+01 1.936713647208155180e+02 5.978244497410454414e+02 5.550432610445111550e+02 9.302794124986606406e+00 1.126472770956775776e+03 1.428622762951496306e+01 9.013228290460903054e+02 4.256375024341887414e-01 1.423237337752964095e+03 5.999996836229763630e+02 1.347399756105444339e+03 4.377246018822881268e+01 2.072505476311113739e+02 5.544842738167178595e+02 2.385770279462352903e+02 4.320847337422706573e+02
0.000000000000000000e+00 1.716431003246858609e+02 8.888915039498004944e+02 8.179080749511904287e+02 1.475748601687584141e+03 2.829995477902885748e-01 1.280141202900603901e+02 1.206974692625011357e+03 1.596434061590182864e+03 0.000000000000000000e+00 1.262595100073664753e+03 1.227455676814199478e+03 6.231645117559152141e+02 4.341852803156771188e+02 5.399347497177859623e+02 3.856289528353423757e-01 4.207057793106344548e+02 2.338267155160894504e+02 1.917482238200505265e+02 4.298214446409505740e+02 2.984244616805441979e+02 4.907499825622775091e+01 3.302956736405805600e+02 5.161840749390506744e+02 1.823491763687445086e+02 1.185578316401350918e+02 5.760728143349562060e+02 0.000000000000000000e+00 8.668636855689940148e+02 2.871956422559966313e+02 6.527373111620871668e+02 6.198421096968854682e-01 4.361790289795246736e+02 3.747756021233616366e+02 3.950555168535294093e-01 4.862067184207215291e+02 2.993287992402592934e+01
0.000000000000000000e+00 1.473494724710375081e+01 2.498751858969317041e+01 1.860645935594446954e+01 2.395113756732616750e+01 9.110579999861893157e+02 0.000000000000000000e+00 5.733919362079239335e+01 4.574376979031383428e+01 9.942975266309122162e+02 1.265122497578033745e+03 1.562641109028007520e+02 1.214661264411647039e+02 3.104132534207297454e+02 1.162226967193808065e+02 6.917008975795347396e+02 8.349748240606901390e+02 4.540250963941447537e+01 8.042235444159317694e+02 7.616436139618794243e+01 1.697824901698691136e+01 0.000000000000000000e+00 5.731876984331859148e+02 1.070215244444133162e+02 8.340970645767575888e+02 1.741727205724479290e+02 1.922574953250986596e+01 4.121650459839183327e+02 3.120517556055949058e+02 4.570534928615672925e+02 1.282944058219769659e+03 4.884456863191665832e+00 2.359361046792751040e+02 1.603440290914974753e+02 3.520160444442753374e+02 2.032189034541079877e+02 2.230846207697332204e+02
