output/example_1/lateral_incision_000444.asc
nrows	75
cellsize	13.33333333
xllcorner	0
ncols	75
yllcorner	0
NODATA_value	-9999
[rows 17 to 33 of 75, columns 0 to 36 of 75]
0.000000000000000000e+00 2.152183545576928623e+02 9.852149747755182716e+02 1.193679639452799535e+02 5.274139513914794861e+02 1.872970773035623608e+02 1.335890096208898115e+01 0.000000000000000000e+00 5.498302407866450494e+02 6.930966767977862446e+02 9.787682963192818875e+01 7.233731617127881464e+02 8.267449066823949977e+01 4.892361062630970423e+02 1.563080237708872573e+03 8.163452363550976543e+02 1.050473688370585496e-01 4.663292982193588398e-02 4.738240705001206088e+00 0.000000000000000000e+00 1.764940128080233080e+03 2.191255524631736080e+03 1.082884110228734244e+03 5.603351596282550418e+02 1.421301828330042554e+03 2.940900896880440740e+01 3.928526501545144356e+01 5.896999978152781523e+02 4.280720679260869588e+02 4.035014960753105129e+02 4.848949524468110326e+02 3.975009078136586993e+00 5.190916945482608753e+02 1.864647944117668876e-01 2.059978565962363177e+02 9.577637055287013368e+01 5.565410224439035574e+02
0.000000000000000000e+00 2.466967986206984431e+00 0.000000000000000000e+00 0.000000000000000000e+00 0.000000000000000000e+00 1.490904097398806916e-02 4.618272121141982893e+02 1.643540611839325720e+03 0.000000000000000000e+00 9.676291436012495524e+02 9.625464440402282662e+02 0.000000000000000000e+00 1.404239648099144915e+03 8.931538755042718094e+02 8.245593994022701736e+02 9.852524417548258226e-10 3.636866589984119855e+02 7.851571185194237614e+02 2.212243889294644816e+01 2.371935707339174826e+02 4.716866154678851331e+01 3.493461356509026814e+02 1.640734800010371373e+03 8.363161111255788001e+02 1.346415024386706818e+03 5.457871425868340793e+02 1.523075712153681494e+01 1.864748665391557703e+00 2.331454767891509405e+00 7.588886344017392958e+02 2.453086273048780352e+00 3.701004309918267268e+02 4.225181726164588554e+02 3.304660213709327650e+02 3.199998938949600529e+02 0.000000000000000000e+00 1.933046886474444648e+02
0.000000000000000000e+00 1.693558134212396908e+03 0.000000000000000000e+00 0.000000000000000000e+00 0.000000000000000000e+00 1.002297434786418080e+03 5.912639182504066184e+02 8.004063609803913550e+02 7.355215002359112759e+02 6.907777706659092019e+02 0.000000000000000000e+00 8.837085319396057912e+02 1.169282574053926282e+03 1.538735030284635968e+03 1.474057851221911051e+02 5.621476038436237559e+02 5.829455630324671400e-01 8.730997793304632637e+01 1.274780471960514561e+01 7.053504419993919328e+01 1.219890336202433218e+03 3.747384988849812970e+01 6.961733900977801568e+02 2.006494711257474250e+01 2.370603927011226464e+00 3.314648271002154729e+02 6.052606236702579281e+02 6.067996910901731411e+01 1.109423186646093171e+02 8.507967160662951756e+02 1.081343589263180576e+02 9.160851776155736843e+02 3.486935981182925275e+02 1.426749861252939411e+02 5.523291003626154634e+02 9.339051651859850267e+01 5.251100475139156742e+02
0.000000000000000000e+00 5.918754020871954680e+00 5.619625460967669142e+02 8.187135753371779856e+02 8.172025429344218992e+02 1.361583975226452559e+01 5.882525412143564836e+02 8.805224401155635405e+01 3.000431947050669237e+02 2.727013243866585981e+02 1.117352674436592451e+03 1.709764327814141893e+01 4.312151709276150200e+02 1.221904177380324654e+03 1.813024725519668934e+01 4.223738019460998583e-01 7.580054402883775992e+02 4.432739741004604106e+00 0.000000000000000000e+00 8.302367097429483920e+02 5.184353796578435549e+02 1.293019993927720179e+02 7.732767423534905049e+01 1.313651199312976814e+03 1.134929450908629860e+03 4.099056999393572482e+02 4.781232062772160702e+02 2.206761445547716676e+02 3.241310441544408718e+02 0.000000000000000000e+00 5.100527422112255636e+02 9.663585582757617658e+02 4.082062924587251587e+02 3.241877659322570793e+01 3.120395732496161827e+02 2.214706686659320667e+02 0.000000000000000000e+00
0.000000000000000000e+00 0.000000000000000000e+00 9.324558020728157715e+01 2.570777743479883526e+00 1.476769336646798365e+02 8.601692714225484906e+02 4.983019998386005511e+00 0.000000000000000000e+00 1.625630648274262180e-01 1.049358567981540091e+03 0.000000000000000000e+00 2.662097735845359807e+02 1.643684670440240803e+00 2.614665716845163956e+01 1.274921450158681182e+03 9.944694887161391605e+00 1.528681962303439605e+03 6.046486185356840224e+02 8.571409191921293313e+02 6.425739788325997779e+02 1.027435913393328065e+03 5.747594119424805967e+02 5.311177033013409954e+01 6.066668940575080882e+01 2.931841201185980026e+02 3.503060731837458661e+02 2.815254756894378829e+02 2.346697188457960976e+02 2.628092743107137039e+02 4.447213409946611051e+01 1.453899736680056010e-01 1.285352098174602418e+02 2.470596972425395066e+01 4.156790226284388723e+02 7.369408446034783822e+01 0.000000000000000000e+00 7.556974211417298193e+02
0.000000000000000000e+00 7.194628904710065171e+02 1.309792236221992994e+02 1.174434568093868165e+03 7.312320283866105228e+02 3.117825754475821327e+02 4.061787578430315904e+00 1.146889308489120140e+03 7.761141675845615850e+01 0.000000000000000000e+00 9.895869990603960105e+02 8.569050733612372142e+02 1.689254289248455221e+00 4.833617613498675496e+02 1.954888162209155098e+03 3.980200975642715662e+02 1.963169885689653427e+01 6.647359024467311883e+02 5.748541344714469759e+00 1.045617536029715922e+02 2.386823497817660495e+02 1.402729314065213373e+02 1.686228420697850368e+02 1.331628183685034401e+03 5.777108563736184976e+01 7.774756689005790804e+02 0.000000000000000000e+00 2.360630401255139361e+02 9.295512724432871892e+02 8.119978852532428846e+02 6.225694898491082085e+02 8.159124206009845466e+02 6.207664261809539994e+02 1.604624268572002022e+00 1.951467661031020100e+02 9.606763688777926973e+02 0.000000000000000000e+00
0.000000000000000000e+00 6.244479035610623896e+01 3.321124851772929105e+02 2.287295812059538136e+01 1.392179735619246550e+01 2.174712191759962252e+02 5.781142217812599711e+02 1.149317860718962976e+02 1.238732513584201911e+02 9.223208178289918635e+01 0.000000000000000000e+00 1.392820834168423971e+03 3.118878890549916605e+01 5.211523246378483236e+02 7.531865457976501830e+02 2.941976562727856503e+02 2.935463270916637271e+02 8.821051960454278742e+02 2.780316041664683553e+02 5.045938762412711185e+02 8.618783552047485728e+02 1.160149322977668817e+03 9.385643151243223681e-01 1.469183195596653377e+03 5.121893962172962347e+02 1.101924820385561787e+01 4.786830989991636329e+02 1.119055739804005725e+03 6.536401229432925675e+02 7.618697892492228618e+01 1.940367834947356940e+01 1.279464285466167297e+02 0.000000000000000000e+00 4.799391244004435180e+02 1.259424004712244596e+03 3.660050356180919806e+01 5.855360028926877476e+02
0.000000000000000000e+00 1.022023308001041755e+03 1.446645067285749775e+01 1.953707226426565358e-01 1.604496474474107799e+03 1.290819465660579681e+03 7.050956787697141408e+02 4.443230771252969475e+02 6.269861769093907355e-01 4.766228060638742076e-02 9.908644682596221855e+02 8.451570012233855778e+02 1.862648910077373099e+00 1.609273570663908913e+03 7.978932199132050300e+02 9.262913620531662673e+02 1.218047468024106195e+02 1.523671191421437925e+03 4.906247302504651202e+02 0.000000000000000000e+00 3.237859249694080290e+02 1.703277722939104066e+01 1.163465802751181855e+03 7.461203949843212513e+02 1.177082468301775862e+03 6.394765585327210147e+02 1.016410231937163360e+02 5.772550443995934302e+02 3.800019277453948234e+02 3.497326846899740360e+01 1.553978652464178140e+03 3.492535066826123398e+02 6.924186347552304710e+01 9.295674686554735899e+01 1.727452396424432095e+02 5.865259837440382285e+01 4.297016260505447462e+02
0.000000000000000000e+00 8.074992889658988133e+02 1.736872778055635180e+01 8.683364108629538123e+02 2.748412636809664491e+02 3.523034770251922509e+02 1.074795959980683620e+03 1.447206909272818542e+01 2.359336373390686958e+02 6.863919492920601897e+02 1.077735202890823302e+03 8.569668494379864114e+02 0.000000000000000000e+00 1.499028500020678223e+02 7.141523166488004790e+02 5.973681776259352318e+02 5.987359206057358563e+01 4.729000059048557318e+02 6.462049552792292317e+00 6.111869307593158283e+02 1.288035345330105201e+03 4.095413120729570267e+01 6.703142372912529368e+01 5.390864548185296599e+02 1.389636442734066009e+02 7.416106705706141611e+02 8.830626757978226351e+02 7.398394546469588828e-01 4.220115248726297429e-05 1.147239221495848142e+03 1.614499975728511345e+03 7.613586473849769618e+02 8.321959971440237496e+02 1.065160876880583373e+03 3.561685881309297770e+02 9.977463662568795826e+02 1.601214737798650276e+02
0.000000000000000000e+00 0.000000000000000000e+00 1.820364680089797389e+02 8.333412513748344281e+02 2.783694619574075091e+02 8.598614097237775695e+02 1.195142300770755783e+00 1.011463397017964922e+02 4.115411002824528737e+02 8.787134827747808075e+00 1.434812705808518842e+02 1.310691941059550118e+03 3.426462415165462971e+02 5.797321326449669954e+01 9.695825223033857299e+01 1.933824901339835378e+02 4.186238067476902636e+00 3.342273529869896898e+00 0.000000000000000000e+00 0.000000000000000000e+00 2.951137309987595714e+00 3.830952666336804100e+02 2.990688308086780012e+02 0.000000000000000000e+00 0.000000000000000000e+00 6.600842818680117716e+02 9.465185736400756014e+02 0.000000000000000000e+00 1.026774521639618570e+03 5.753372046822430974e+01 1.247948230343497926e+03 1.050280929106992147e+02 0.000000000000000000e+00 5.863523764972675281e+02 7.495383108359822018e+02 4.885322774218534505e+02 6.277380512263514447e+02
0.000000000000000000e+00 1.077966221528892447e+03 4.856210017692179690e+02 8.113648081547859192e+02 8.917941772904681557e+02 1.688346590718399511e+02 1.024739557287030721e+03 1.589824995687252567e+03 5.296764643738100631e+02 3.489052766645963857e+02 4.453672590391280295e+01 1.693461549716187449e+02 0.000000000000000000e+00 1.418631718725575013e+02 1.833152100723826550e+02 1.637755892918985126e+02 7.492382435648754502e-01 1.784097529378153979e+01 1.576640387577388537e+03 1.406884159691438072e+03 3.622989652056698873e+01 1.835653470752244800e+02 4.701099515490776639e+02 2.467843872028398522e+01 0.000000000000000000e+00 4.935771038465254037e+02 1.945176356327187079e+02 3.709316033446127108e+02 1.409053181685275380e+00 1.103812467846408083e+02 8.361404032416270411e+02 2.262824686036497042e+02 1.347892652399356848e+03 6.005105154707845259e+02 1.322786148379329916e+03 4.765499009164953748e+01 6.442787364763191817e+02
0.000000000000000000e+00 2.527069495276937250e+00 4.233118860162456087e+00 2.187428719074977579e+01 1.340555953951454740e+02 1.244435553469736249e+02 4.157450650254820061e+02 1.511934659591215450e+03 5.139570380970627639e+02 9.664318656614331076e+02 1.147353203403119778e+03 9.967488000446396654e+02 2.019565376279675917e+01 4.398863383706537320e+02 4.527558013279199258e+02 7.276036173400676716e+02 5.107730502112129329e+02 2.963881297695677404e+02 6.572582202562460907e+01 4.765356459064199868e+01 8.652110171390781943e+02 6.368861963087749700e+02 2.564453468170011519e+01 0.000000000000000000e+00 2.921556883433250391e+02 2.264051816162936959e+01 6.798195813017277942e+02 1.273067924303015559e+02 0.000000000000000000e+00 1.710368115636021912e+03 1.874741006854335978e+02 6.558064949713363490e+01 2.084921076245784946e+02 4.256920920184077772e+02 1.535362210797163129e+02 0.000000000000000000e+00 3.173239682033484996e+02
0.000000000000000000e+00 1.190858136261138469e+02 6.117085843265456333e+02 1.229008326001974638e+03 1.119293300927781274e+03 1.577851822614466755e+03 3.071862809237841674e+01 1.233756081758582752e+02 1.051864303634358606e+02 2.368960692935257555e+02 1.596594423079622231e+02 2.305731593207133585e+02 1.107154951751203953e+02 1.939344713985765907e+02 5.779787117521152595e+01 6.378519406458304957e+02 2.365242143699987309e+02 7.726042756220042520e+02 6.722103834881713869e-02 2.305497116515853691e+02 1.024265042895174929e+03 1.046204072621466821e+03 1.955392898975674143e+02 9.833306841455470249e+02 7.374093359837662831e+01 3.659392768578119330e+02 0.000000000000000000e+00 6.970692120717131957e+01 8.768893527684703315e+01 4.772804238919159161e+02 9.710933237766075763e+02 4.247655735311996636e+02 1.552973186208029574e+03 6.517320376766956542e+02 9.334806711138757009e+02 2.454395455811826707e+02 0.000000000000000000e+00
0.000000000000000000e+00 1.169843215076281922e+03 5.240648205585320056e+02 5.439493792536017054e+02 2.678227219987801959e+02 0.000000000000000000e+00 1.680899792559288244e+03 3.573115846475167814e+02 1.395176590219260220e+02 1.716488922071476054e+03 1.036112904102650873e+03 2.887412753635986746e+02 6.633969427834881571e+01 9.556983058884551383e+02 6.984754004647262491e+02 2.744474155476747228e+02 6.029286275212289992e-01 1.300099856799593852e+02 4.969204782236510596e+02 6.280401525700775665e+02 6.450629395549715355e+02 5.742396803368174574e+01 2.841958666909927729e+02 7.060843896484967672e+02 4.070209529322790445e+02 5.418181031508840988e+02 3.414497353542116684e+02 2.081232481864696737e+01 7.145037742940158978e+02 1.463506496487251596e+01 6.681337159248464559e+02 7.546936484275224757e+02 7.939055342104121848e+01 1.862776245150173793e+02 9.123221292439663443e+01 9.475636302366799555e+02 4.929534495366667102e+01
0.000000000000000000e+00 0.000000000000000000e+00 8.544928865568425636e+01 3.821772169929813145e+01 7.988035598921568692e+01 1.901847624882396133e+02 5.292617094986159145e+02 1.522125000273399564e+02 3.657417697506380136e+02 2.223811323127874573e+02 0.000000000000000000e+00 1.543922196976451744e+02 3.579598312223552057e+02 4.746067391581356105e+02 4.069731205497266728e+02 4.630150004863878621e+00 1.236343672914472691e+01 6.679679388000198514e+02 4.550234312343823717e+02 3.470284409416780704e+02 2.509479998386599675e+02 6.401745824905262907e+02 1.406358325038523560e+02 8.816116664786438832e+02 3.880893444383460746e+02 1.666404929129215589e+02 5.238978411021536203e+02 5.500847543109420030e+02 1.321619538432326863e+03 4.019338916852134957e+02 4.762363036167728296e+02 2.979059060473784371e+02 4.857223393266397125e+02 1.496896301206613089e+03 5.633004569860108335e-01 1.538610591370917824e+01 1.237171589133761699e+03
0.000000000000000000e+00 8.122951238574530919e+01 3.401006589585088591e+02 8.786493284159804773e+01 6.657077035389242781e+01 7.184490167885307983e+02 4.566183237590717567e+02 7.886167048184903328e-01 2.256563948946603304e+01 2.852499062213454977e+02 4.828478496731939629e+01 2.795919899001241333e+02 2.211229553294207761e+01 7.204610592405343823e+02 1.280480446838902253e+01 1.052364917043349124e+03 1.056604579505650288e-01 1.066943828404029773e+03 1.020099098958618470e+03 1.335548616265836053e+01 1.052185264376057745e+02 3.976777783249772824e+02 7.750637189683206429e+01 1.703679518922489535e+02 3.000959256093954082e+02 9.621151112392986988e+02 9.372346098317979113e+02 2.157234660306281455e+02 7.745369451983729903e+01 0.000000000000000000e+00 1.045577133967916552e+03 2.380392116728936571e+02 1.072089811025621771e+02 2.379832990935585002e+01 5.610092443334767722e+02 6.837960048028757001e+02 1.424558361694766120e+02
0.000000000000000000e+00 1.064280172324514979e+03 7.759403344838428040e+01 5.157598178525793742e+01 1.043173114273193960e+03 1.508980416934103630e+01 2.317635568475936054e+02 8.041535438079975506e+01 4.965967702366148018e+01 1.365089287327301236e+03 6.072234484344661496e+02 3.738105327638815645e+00 0.000000000000000000e+00 5.468381705407892923e+00 1.115106685385433138e+02 5.406937840481618878e+02 4.760832204464497153e+01 4.073825018534404308e+02 5.158240235820929911e+02 1.137575642406585757e+03 3.045189768141056685e+00 7.909105866882238161e+02 8.399583162120296720e+01 2.724848640177579000e+02 5.250512957732493646e+01 1.551951460102131477e+03 4.237054109904253778e+02 1.729056775770741865e+02 1.286419303412473255e+03 5.339726282118001564e+02 6.937017682693816596e+02 1.067658711381030230e+02 4.164654829186242182e+02 8.434099594089934726e+02 2.136141591200138805e+02 3.063714248082869893e-02 1.193939060773668928e+02
