output/example_1/lateral_incision_000023.asc
nrows	75
cellsize	13.33333333
xllcorner	0
ncols	75
yllcorner	0
NODATA_value	-9999
[rows 0 to 16 of 75, columns 0 to 36 of 75]
0.000000000000000000e+00 1.240194955607018301e+03 1.091036719735334827e+03 1.217399959539599877e+03 4.915655414831697954e+02 8.440148301120246970e+02 0.000000000000000000e+00 3.284435192812633773e+02 8.757024613384039924e+00 0.000000000000000000e+00 0.000000000000000000e+00 1.194283342739616287e-05 2.638001873447476815e-05 2.026420197800674146e+02 9.138677871282839149e+00 0.000000000000000000e+00 5.412460465191597483e-06 0.000000000000000000e+00 1.430772275955948469e+00 0.000000000000000000e+00 0.000000000000000000e+00 8.214038731092654518e-05 2.132444891575236974e-04 0.000000000000000000e+00 2.231114699250212551e-07 0.000000000000000000e+00 1.467995409988723132e+00 2.394697288128030332e-06 8.592563712945595588e-06 0.000000000000000000e+00 9.754937835882682862e+01 2.594803766448525835e+02 6.279972762530221644e+02 0.000000000000000000e+00 0.000000000000000000e+00 0.000000000000000000e+00 1.548180209182953640e-03
0.000000000000000000e+00 2.287679980125832913e+02 4.209010674727309151e+02 1.334629761666997638e+03 8.247453466493424230e+02 6.097117269033518596e+02 1.583532967001792031e+03 0.000000000000000000e+00 0.000000000000000000e+00 4.474571065752147092e+02 3.730244592907515084e+02 2.658331672206681517e+01 2.075377802363997830e+02 5.245793269908450611e+02 3.564253132908155874e-02 1.292316043409888380e+02 1.871878876377573589e-03 1.315370211327804057e-06 6.431548036872198042e-04 2.283934412570481527e+02 5.742582469539013346e+01 8.763151664203197910e+00 4.623939332681852754e+00 0.000000000000000000e+00 5.704786405746865796e+01 2.232924703102273511e+01 9.662371485168516072e-01 2.427490699785422379e+01 2.355142331157115620e+01 1.004542318657399846e+03 5.721003530904696390e+02 0.000000000000000000e+00 0.000000000000000000e+00 3.655390711571771423e+00 5.044055294350693538e-03 3.315906617922359089e-03 0.000000000000000000e+00
0.000000000000000000e+00 1.795867579796913915e+01 1.373695251529677863e+00 5.347963462478093533e+01 2.123105375818364671e+00 1.042127386020636095e+03 1.285201230250974334e+02 0.000000000000000000e+00 8.159405886285229599e+02 1.706778102916302657e+02 6.251665297308592528e+01 8.716476867340982153e+02 6.065164913507646816e+02 1.376775168235810298e+01 9.789924632534022066e+02 2.813105042765029484e-01 5.518330751354637869e+02 2.466905863022910030e-05 3.562804901723570765e+02 9.090374185245427441e+01 7.474626548440952547e+02 1.775951104489136867e+01 1.436870424246330458e+03 1.069991310011966306e+02 1.162556005651806117e+03 1.342743465851705196e+02 8.579801123620576391e+02 0.000000000000000000e+00 2.950245741118304288e+00 8.668465162853854054e+02 1.290112057801887246e+01 8.229118290312725321e+02 1.416243307933952565e+03 5.198728765501588704e-07 0.000000000000000000e+00 4.238266807007197261e-03 1.630479566780624054e+03
0.000000000000000000e+00 9.752315965030876441e+02 4.362196083590422404e+02 3.443601298086317684e+02 1.703750145558175063e+03 0.000000000000000000e+00 7.519515320714428981e+02 3.166850636026588290e+02 1.535537256125327872e+02 6.872872166336711643e+02 5.458189395819476708e+00 0.000000000000000000e+00 6.342656838788159348e+02 5.827663239295369522e+02 9.216638479588218615e+02 1.357819266480581177e+02 4.700287095505307775e+02 5.944069703466882144e-04 6.642752265102507181e+02 1.212139663896524553e+03 0.000000000000000000e+00 9.350135394067972356e+02 9.029067778659062924e+02 9.183047368079944306e+01 5.708582728716341990e+02 1.419582028997295424e+02 5.797021145738712988e+01 1.726550304110662182e+03 1.099730975750126390e+03 3.790412503764795993e+00 8.679550548542387105e+02 4.099714759224689156e-03 5.402686368238907022e+01 9.408030602935713027e-03 0.000000000000000000e+00 1.330150651552797285e+02 1.123989017151326834e+03
0.000000000000000000e+00 2.474425361880675748e-03 0.000000000000000000e+00 1.617551569517168726e-03 6.655696057597491944e+00 1.349776018287538772e-02 7.042111956141399105e+02 5.420471389146952106e+02 7.545689451042371159e-04 2.876345523351163669e-01 8.240625060960857127e+02 1.724702472839093446e+02 3.358877786777523036e-03 3.357838025931199155e+01 7.080547986297608531e+02 1.280080345656042766e+02 7.407764803797082322e+02 0.000000000000000000e+00 2.410153638541401904e+02 3.000813296275242972e-02 2.716989144566605319e+02 4.201224353368135098e+02 9.265865670137726511e+02 9.729543342481977675e+01 7.138872185493991083e+02 9.763024905557292641e+02 7.451056271130518383e+00 8.597984263656672965e+02 1.921156670694297575e-02 8.794598531695419297e+02 2.245880605940363694e+03 1.016983474651650354e+01 1.417649039019638053e+02 5.651002341767222958e+01 1.475552058980161519e+03 2.901090098496520682e+02 9.060739426735545976e+01
0.000000000000000000e+00 3.348312020401754552e+01 0.000000000000000000e+00 1.680629530109441910e-03 1.162441314207831589e-01 4.321179184286363579e+02 0.000000000000000000e+00 2.857064122448772991e+02 3.954365041261362990e+02 0.000000000000000000e+00 4.381221664508481300e-02 7.935604382868189921e-01 3.944094844758586760e+01 1.488071521193655826e+02 1.419156921308758001e+03 7.323368786416260434e+01 2.240006199836277005e+02 1.757627929157370374e+02 1.266254339202446886e+02 5.002420483810685141e+02 1.625464518562914463e+03 1.498623048937364729e+03 0.000000000000000000e+00 1.018965476299215993e+03 1.807690131665303568e+02 1.419023006847631677e+03 2.760420125135236731e+02 1.328852394388878224e+02 1.311521282906832766e+03 1.003146827278963116e+01 4.940211139137905150e+01 6.865892758551453881e+02 3.936464446187976023e+02 0.000000000000000000e+00 2.634923324011525665e+02 1.574233847423115321e+03 2.782399049205410506e+02
0.000000000000000000e+00 0.000000000000000000e+00 9.114610044327752902e+00 2.526976443774735159e+01 9.294817313077746945e+00 4.095995249640249654e+02 1.935570765409481453e+02 0.000000000000000000e+00 4.373047006388741664e+01 2.625430113180683353e-03 3.095501531369940955e-04 4.456679858352656787e+00 1.043694605813472123e+02 7.007076257995121793e+00 1.675781778227321013e+02 1.831813674040139261e+01 7.362016215597406017e+02 7.263124997796810476e+02 3.121789406001266798e+02 1.045948588099906146e+03 2.892938319556828901e+02 6.375647263728554037e+01 1.349567416565195117e+02 1.162480157328777750e+03 5.476838916654365903e+02 1.460641534540875909e+03 8.730123867071648647e+01 7.318174307444414808e+02 1.613099677235011086e+03 2.995324061904969426e+02 6.876389302928952247e+02 4.688130060217677055e+02 1.318347229562285065e+03 3.490985297904832123e+02 1.389540900875945226e+03 1.678998789661444562e+03 2.604498662086405716e+02
0.000000000000000000e+00 3.527904351436368415e+02 1.555176302148965988e+03 4.626416694704887504e+02 1.193474102397582293e+01 0.000000000000000000e+00 7.379998931058814549e+01 1.067352772585187353e+02 5.984001178973213655e+02 1.428568806436876670e+01 9.472494280671511433e+02 7.609465148518575006e+01 5.320026507379320257e+00 5.185964224018075583e+02 7.102753274833966124e-01 4.272953640780852425e+01 7.820230319243535178e+02 1.359676978509543410e+01 2.398369191362275998e+01 3.003097889941056309e+01 3.199996571237526766e+01 3.929504747000193277e+01 1.434868762529697683e+01 1.979027373717205940e-01 0.000000000000000000e+00 0.000000000000000000e+00 1.620401871601419685e+01 0.000000000000000000e+00 2.281280134344521571e+01 4.425451997878096400e+00 4.521863591212165545e+01 6.883178795448886333e+00 0.000000000000000000e+00 2.529249820283563466e+01 1.060338062089340561e+01 5.606915840588694522e+01 4.398176704411714155e+01
0.000000000000000000e+00 2.921079354327098013e-06 0.000000000000000000e+00 1.593979335839671307e+02 1.448121844064032615e+01 0.000000000000000000e+00 2.442685520759312011e-05 0.000000000000000000e+00 2.853912222632758358e+02 1.576391354122772448e+01 6.696963238896432813e+02 1.180998566524797752e+03 5.875870526495449440e+02 1.396275406681619188e+03 9.572197914020068765e+01 1.313509966897744789e+03 1.485410837707392684e+00 1.349842900952130321e+03 3.820005001832325320e+02 1.860806723852203106e+02 1.149692585958181098e+03 4.685780655236898440e+01 5.272434326564724643e+02 5.088856459819127735e+02 6.942648208602187765e+01 1.462776130246681987e+03 1.188702517828398413e+03 7.321762202746382400e+02 1.142603452816640015e+02 1.146173137280638684e+03 9.239183290440016663e+02 1.754040585850996479e+02 1.269751581226190183e+03 9.369743051501130822e+02 1.702888380439448611e+03 2.843823676976206798e+02 5.837559486373805839e+02
0.000000000000000000e+00 6.093397136008335337e+02 1.147960537870632834e+03 1.396667315603554016e+02 1.524635090853718680e+02 7.410432497383763299e-03 0.000000000000000000e+00 5.591807522595784619e+00 1.467882834344052299e+02 7.365723478555564725e+02 3.044282096967560847e+02 7.809132604347686311e+02 8.675989833213668589e+02 2.670811722844299607e-05 4.287458191185892815e+02 1.377173597300822472e+01 1.073038504565840867e+02 4.272953640780852425e+01 5.115657155618225715e+01 6.212081454256485813e+01 5.862833835106294744e-01 2.868659750615237272e+02 1.290725765112920920e+00 1.655009415064651193e+03 2.909595488861578474e+02 5.343415615229803279e+02 4.559345903034371927e-01 1.478931572193249799e+01 9.393434064202012737e-06 3.581490161714825593e+00 8.262345591550503343e+01 1.395679605137941053e+03 1.452066034788206252e+02 2.756563640308895629e+02 9.542422525692236377e+02 2.300906366882862031e+01 1.100795342232386929e+03
0.000000000000000000e+00 5.430472412188106546e+02 1.203242645440995375e+03 0.000000000000000000e+00 2.508898590054047806e-01 7.635688386314471643e+01 3.994058762073109461e-04 1.208311565142601740e+00 2.045549919597886799e+02 4.191158946229915614e+02 8.508083235141591558e+02 1.416884387058505865e+02 2.463408186694324513e+02 0.000000000000000000e+00 0.000000000000000000e+00 1.029364647547089589e+03 9.548788474225750633e+01 0.000000000000000000e+00 1.552296850496487082e+02 0.000000000000000000e+00 3.936045550924500702e+01 8.207419617271607422e+02 1.086976786796825081e+03 3.514725623217740846e+00 1.373929177199645437e+02 5.590180609976998767e+02 1.035445347412481169e+03 1.042955825572555284e+02 3.213247458577547701e-03 3.850619225021281993e-04 3.209334535860915594e+02 1.091288312474209210e+00 1.331360867675971349e+03 6.191563844622586523e-05 3.275997487142905698e+02 1.175439567908898653e+03 0.000000000000000000e+00
0.000000000000000000e+00 2.218412874770884363e-02 3.494930758318780528e-01 2.987706005406540726e+02 2.147527455926431514e+02 6.198387776671813532e-05 6.543814280584671295e+00 2.679763531222637880e+02 3.334779364190670492e+01 9.483893509954110641e+02 2.271134716216476890e-01 5.539400584547476001e+02 2.761551692354176524e+01 7.256733589191397868e+02 2.748052486819909177e+02 1.617620400989642121e+03 1.294531167887223091e+03 9.239566708069384049e+02 3.193738268630632433e+02 5.343043339023555438e-01 2.458186512393860426e+02 3.395265649533756314e+00 1.160193048970918881e+03 0.000000000000000000e+00 0.000000000000000000e+00 4.183614128207645422e+02 7.231685376957451581e+02 7.363055264253246150e+02 9.354159999967162094e+02 1.010252124538041233e-03 8.039347994817248946e+02 5.188530308488986265e+01 1.093836911323924596e+03 6.465788228423215368e-08 3.650130374449924631e+01 1.139712774729011471e+03 1.433258924660121920e+02
0.000000000000000000e+00 5.773957190124750696e+02 9.497434364636835653e+02 1.627926368242801761e-09 1.142199901014857133e+00 0.000000000000000000e+00 1.020667503849989771e+03 9.502483413424326386e+01 6.745191383952527531e+02 1.327050811719159840e-01 1.387352835658251934e+03 8.436306766641347394e+02 8.313438033454145781e-01 4.867265800494127461e+02 8.286321081067169416e+02 5.496940820973656550e+00 1.170747342941504257e+03 9.586039278548898324e+01 1.822373466612339712e+02 1.867585770379531773e-01 4.332589486132301992e+00 1.857538100001786461e+02 1.008731840909802990e+01 3.173123258474304862e+02 5.745720197787246661e+02 2.556183814213995333e+02 1.541485447663561445e+03 6.077350138907955852e+02 1.846066776680733434e-01 1.412675172059967963e+02 2.214168258709687507e+02 4.880658289955380202e-01 2.290216266176882414e+02 0.000000000000000000e+00 8.069417968144247055e+00 0.000000000000000000e+00 2.330905519764087899e+02
0.000000000000000000e+00 0.000000000000000000e+00 0.000000000000000000e+00 0.000000000000000000e+00 5.218688267929557014e+02 1.042561705969761388e+00 9.657844289353059821e+02 4.886844809388092585e+02 2.892719638480994035e+02 1.686946146561729847e+03 5.695173487956305962e+02 7.120599113111532930e+00 3.742564158963255068e+02 4.385912976215473691e+02 2.511402386586506168e+02 1.136755859623221568e+03 2.562497552280659079e+02 2.667406523692912046e+01 4.955222761824116446e+02 4.456981656452517093e+00 5.193702965847255167e-03 2.619041491097852337e+00 8.887074244001574641e+01 5.836792536078108107e+00 5.377331664201939532e+00 3.830645151678015168e+02 3.776345329373904747e+01 0.000000000000000000e+00 5.427567918887509677e+02 6.147288609336162141e-04 8.905246029368173444e-01 2.689232890873864755e-04 8.848292558121497731e-01 1.422811998294399574e-04 0.000000000000000000e+00 5.538584275080303413e-04 0.000000000000000000e+00
0.000000000000000000e+00 1.397661642696446904e+01 1.273866714385407439e+00 1.885050672755816281e+00 3.548064032813005042e+01 1.702240862589367680e+03 6.015312363728723994e+02 2.293711019223000136e+01 1.026622379048317768e+00 3.495450968834332173e+01 2.104735525640022615e+02 0.000000000000000000e+00 1.039736977686659429e+03 2.499737101934095449e+02 9.084662893914044446e+01 1.020204065418629256e+02 1.107536988352335783e+02 1.003711135821905600e+03 4.423828638767540724e+02 4.777367428417837042e-03 1.617754446903602317e-01 1.715540558919018466e+01 1.197553760325429266e+02 7.893203692014406914e-02 0.000000000000000000e+00 3.483394971702311409e+02 5.892679442706887585e+02 1.992487869071396460e+02 3.430632431102342395e+01 7.090525075464199745e+00 9.733757506899815484e-06 1.776499105941080304e-04 1.014526625955347999e-08 1.902658447861395156e-04 0.000000000000000000e+00 1.132706919641651060e-03 0.000000000000000000e+00
0.000000000000000000e+00 1.214798416191409088e-06 0.000000000000000000e+00 5.614631854392752075e+02 9.564932457524064375e+02 3.141868411891983897e+02 2.083469086520476665e+01 1.514767264243026830e+03 7.595864389830026084e+02 7.488079260014740157e+02 0.000000000000000000e+00 6.935762224808213432e+02 7.304364570648828021e+02 7.069345230192431018e+02 1.585741511164437156e+01 1.467703981232670003e+03 1.088491724984701037e+00 1.216860424694383340e+02 4.900395541178749426e+01 0.000000000000000000e+00 1.214559078194106178e+03 1.869182604497963496e+02 1.065126227100346354e-05 3.692066644187515456e-05 3.075566685024510583e-01 1.959689038415897335e-03 1.183549673287352704e+02 8.542392491992727344e+01 9.085214110251241948e+01 0.000000000000000000e+00 2.393398608040268815e-05 0.000000000000000000e+00 3.330551463554016090e-04 1.814257318461056627e+02 2.477169920607500482e-04 0.000000000000000000e+00 0.000000000000000000e+00
0.000000000000000000e+00 2.242411480743413321e-04 1.441552194743303062e+03 6.555610147697814227e+02 1.510496934083746190e+00 0.000000000000000000e+00 4.426383272726291693e+02 1.768046027311368107e+03 5.479025890120690292e+02 8.126320602862576834e+02 7.959700590520701553e+02 1.526823834810311276e+01 1.656905093912226675e+03 6.132942977013361485e+01 4.826035603495740389e+01 0.000000000000000000e+00 7.523832001013765723e-04 8.856449541173637030e+00 3.508486311563042026e+00 8.448030199705818859e+02 7.111030659872302522e+02 1.040883472422241343e-04 5.568074656758349192e+02 4.424687239229502467e+01 0.000000000000000000e+00 4.396840618801174314e-05 2.095401502611502593e-04 9.514663965106849863e-01 0.000000000000000000e+00 0.000000000000000000e+00 0.000000000000000000e+00 6.104428213011808566e+02 7.096129244296818115e+02 1.088085205800144024e+02 3.087250102460909034e+02 1.477972323077990228e-04 1.240310201286301322e-04
