output/example_1/lateral_incision_000076.asc
nrows	75
cellsize	13.33333333
xllcorner	0
ncols	75
yllcorner	0
NODATA_value	-9999
[rows 17 to 33 of 75, columns 0 to 36 of 75]
0.000000000000000000e+00 5.476550719269823020e+01 1.590131542182353712e+02 3.463605898864975075e+01 1.075589678051214193e+01 1.056842081473517055e+03 3.839259028859027580e+02 2.883302321833150472e+02 8.000784472169759738e+02 1.556381578436108803e+00 4.916349528958662631e+02 7.761020862630680313e+02 3.915394207644634150e+01 6.395208931702765085e+02 5.962048400735224050e+02 3.729444452129251886e+01 5.435320482134928852e+02 0.000000000000000000e+00 1.286305939495493476e+03 3.110411552345634618e+02 3.267607427268968081e+02 1.534773688225084243e+02 4.001394966546404248e+02 3.254685761056242654e+02 9.555643487488023879e+01 3.602129218603923277e+01 5.163951057591282812e+00 4.296144737884802223e-01 8.064874261986323063e+02 8.175803969769135904e+01 1.217436512630061543e+03 4.272902774772784369e+02 3.073608585132641338e+02 1.553379648822022840e+00 1.267803050793104603e+03 3.133726223097267338e-01 2.698912134957721491e+02
0.000000000000000000e+00 0.000000000000000000e+00 3.898203758637441751e+02 1.293490942183737161e+03 9.176887270250158508e+02 7.966536157552121722e+02 1.214394638307738887e+03 1.233836460131900914e+01 7.094143443144532739e+02 3.713616916260102840e+01 1.121543580339830896e+03 1.528076368228279307e+03 6.171692577520934719e+02 3.806661114083061292e+00 2.223469418095484116e+02 9.538965810145192847e+00 1.169040507376784262e+03 1.016540774992058346e+03 1.710221493564762795e+03 4.502796629446121983e+02 3.231987729324492165e+01 5.293420595722578526e+01 2.468320296789159727e+02 1.275394853702340185e+02 9.948557133640515415e-01 3.467344393398864213e+02 9.642705547765631025e+01 7.765112075681191994e-01 4.609685687097197047e+02 4.767728976029908949e+02 2.395911933646392811e+01 1.600855477870534855e+02 1.616868467501607256e+02 7.651292433271815980e+02 1.312412754374969381e+03 0.000000000000000000e+00 2.634895129005230388e+02
0.000000000000000000e+00 2.348194461526599355e+02 6.569332061377772334e+02 5.106982799641070869e+02 6.988578596395326485e+02 1.113506294434655501e+02 2.913637556217179281e+02 4.023338292589740406e-01 9.139446331199983433e+02 1.140728076539207450e+03 8.751732682303126012e+02 7.302815931260910247e+02 4.626759546844277260e+00 1.443894019019407551e+03 6.774621581202401330e+02 1.209289892821542090e+01 1.024897005712579690e+00 1.307033583636974527e+03 1.110108205384146231e+03 1.084115855083658930e+00 1.411794138366610468e+03 1.495226604462318846e+03 1.444261172564061724e+02 1.169886775771327848e+03 7.843118017143447105e+02 1.333522060560954969e+03 4.241806842833293558e+02 1.998015948588242452e+02 1.618417016603041603e+01 1.010064869781348023e+02 2.168551377322469875e+02 1.318775417808886687e+03 4.694506511147755745e+00 3.682126423274824560e+02 3.439051298036782214e+02 5.562687067249087569e+00 1.672627163877029943e+01
0.000000000000000000e+00 1.414233291540175969e+03 1.042606766815349147e+03 1.038668255365652612e+03 3.624867353126571743e+02 1.207015145054929462e+03 6.247956643743523273e+02 5.478718184428140771e-03 3.316996409710205285e+02 8.796362535149623909e+02 4.494715854044849266e+02 3.223595061744513046e-01 1.470498630549144764e+03 1.003966166985249060e+03 1.180074410309031464e+03 1.449643961060382026e+03 3.589303862231120661e+02 5.789476112240240724e+01 2.641674036440703688e+01 3.110539366824473291e+02 5.303022849798304605e+02 3.849033002236299126e+02 7.712144541674033462e+02 4.444601320958871327e+01 2.003739664975896915e+02 3.640187061090683187e+02 7.479022042422352357e+00 6.663355654524437455e+01 1.276674554058825066e+02 1.724105043633289540e+02 6.931921872629642678e+01 1.772136157386854372e+00 5.065572772177985961e+00 1.771371619440602103e+02 7.141761368448945859e+02 2.283074756180938802e+00 1.320644619470575947e+02
0.000000000000000000e+00 1.362180828311242976e+03 1.488551508675479909e+03 5.162755055299595774e+00 1.867166187784438307e+02 9.737282492001766059e+02 3.273113713825075024e+02 1.055137685675305317e-04 6.635869673894542302e+02 6.678239413505801849e+02 1.885460255588790233e+02 5.174382894171163798e+02 1.161165633031964489e+03 9.505067724756470398e+02 2.122593610374357922e+03 6.285769938044116998e+02 9.708776507132405698e+01 0.000000000000000000e+00 1.122085889272813574e+03 1.507849684045519552e+03 2.382462136572641720e-01 4.581558481524522790e+02 3.394760149890848311e+02 5.084482166334428825e+02 6.368253234648221195e+01 5.399572060924819006e+00 5.147069629754337257e+02 3.228617549710272527e+01 1.356136864583364513e+03 6.071956329077585934e+01 6.388857695198323654e+02 6.568921952927448160e+01 1.246151386743333234e+02 3.355799272542685685e+02 1.275313935211947410e+03 9.717163634145979358e+02 1.493863326580169314e+03
0.000000000000000000e+00 3.753522425137714030e-02 1.332612193657572996e-01 1.066034472704307973e+03 1.041554381520305014e+03 2.662640684887405840e+01 1.330547187346600246e+01 5.950244470477951353e+01 8.118193317696138820e+02 9.918138206923836719e+01 8.934619286107857761e+01 7.542385718527893914e+02 7.412872116054075811e+00 5.356758775441592206e+02 5.225412487320705850e+02 2.988422776003669679e-01 6.991494052561499757e+02 4.868343645946226843e+02 2.257461863104296210e-02 5.806163647367416161e+02 2.615180894735476969e+01 1.609544886533533088e+02 9.704486233036393514e+02 1.410092966658395912e-06 2.638989477064947131e+00 5.253386253925140359e+00 1.175868111979079060e+02 9.538479604775973257e+02 1.181984574687715650e+01 1.626952676091747207e+02 9.908761650570988877e+02 4.429292156284060979e+02 5.905723572723500183e+02 6.928572754282966173e+01 4.538919227285163629e+02 6.473786935866769454e+02 0.000000000000000000e+00
0.000000000000000000e+00 5.507558567220445411e+02 9.501198045575896458e+02 1.213956259644313832e+03 1.493468236827977762e+02 1.300676285431982706e+03 2.236861969067927873e+02 0.000000000000000000e+00 8.126222540493083457e+00 2.675353614200815924e-05 8.154039362519407419e+00 1.060776730653623190e+03 5.794696791002731970e+02 1.430904966132631671e+03 1.976297620612058665e+02 1.496380195955444151e+03 6.751880334230210110e+02 3.324574142828234926e+02 4.843027823149065512e+02 0.000000000000000000e+00 6.743938650995075079e+01 1.658339630830212855e+03 8.885255229113070072e+02 4.441030861795824762e+02 2.311561229866238459e-07 3.013316050978029015e+00 8.855668923116090241e+01 3.874611162573795582e+02 1.538536037173400075e+02 1.080940088666549627e+03 1.319257730768144256e+03 0.000000000000000000e+00 7.552094243573805876e+00 1.216930116940765458e+02 3.147999192420057852e+02 6.054172746983224442e+02 6.286920964922318262e+02
0.000000000000000000e+00 8.329024017423897703e+02 1.218165929556481615e+03 1.077331091260153471e+03 7.803889443657019456e+02 0.000000000000000000e+00 6.085370221369391857e+02 2.520902201854042701e+01 2.619149005795918583e+00 0.000000000000000000e+00 0.000000000000000000e+00 4.585068165442059467e+02 8.185857021792016042e+01 4.019884343695194318e+00 4.573589281811371166e+02 1.539402705663523648e+03 3.609656368845790553e+02 8.824931324171718927e+01 1.621633564914225417e+03 1.489562066881028670e+02 6.149121282999643654e+02 3.408873457365296122e+00 5.491238198063392417e+01 5.384930688853452274e+00 3.979907288087054966e-09 0.000000000000000000e+00 1.181292539057811375e+01 0.000000000000000000e+00 5.969227118529204512e-01 8.046506490416037423e+02 7.719704035937613753e+02 2.305194360964383975e+02 1.159692320335670729e+03 3.936449765178333848e+01 8.793206678484300483e+02 1.076964606735130474e+03 6.373204053151012971e+01
0.000000000000000000e+00 0.000000000000000000e+00 5.255927884549688178e-01 5.673317411919482467e+00 3.902730358592081394e-01 0.000000000000000000e+00 4.297386881876798410e-05 2.595425376773641233e+02 1.804137574320907049e+02 9.170016391559123736e-01 2.534738549915601524e+01 7.622026549442774801e+00 1.015969788754068531e+03 4.236385853468052431e+01 7.141973977676647110e+02 8.657819562941638196e+02 3.638254336001381262e+01 8.279611697879078065e+02 1.183516214791977291e+03 5.056687377938803074e+00 1.120588957590413884e+03 1.591033856843063354e+01 1.049554410150544982e+03 4.652699537586283896e+02 0.000000000000000000e+00 7.561537285769301564e-06 0.000000000000000000e+00 4.529969217379692168e+02 8.339940479275973075e+02 1.050592067399015761e+01 3.764488355536450115e+01 4.496416846993522540e+02 2.380841652763934917e+02 2.466358873126872027e+02 4.365838809415036081e+01 3.712794634030809249e+01 0.000000000000000000e+00
0.000000000000000000e+00 8.095565758140431853e+02 1.204564460191770650e+03 6.099798516048224428e+02 1.039994615148672352e+02 9.383984244245202717e+02 0.000000000000000000e+00 7.465921103212446042e+02 6.899086779351326868e+02 6.967254647605362727e+00 3.880746505029257776e+01 0.000000000000000000e+00 4.161825041588183467e+02 9.853685667250836389e+00 1.452854066923371192e+03 1.092891977638670824e+03 7.598566883515442214e+02 3.773940468599401754e+01 1.269846792459719182e+02 1.886207419738057638e+02 4.922789234815071885e-02 5.799850794249620094e+02 8.900731732635230742e+01 1.062538296008277428e+01 1.063610876506931469e+01 2.550849251097638728e+02 6.363613108146523700e+02 1.353526044585591492e+01 5.118971541986448983e+02 7.593318497260460731e+01 6.739924091070203360e+01 1.514454264191003870e-09 1.203124939096675689e+03 7.476223678059086524e+02 8.851449727417411845e-03 1.187566035844828320e+03 1.387545691044857392e+02
0.000000000000000000e+00 3.967431862331580295e+00 1.555771772857337965e+01 1.633371534354529331e+01 1.035310881526588673e+03 4.415419444899770838e+02 1.091122745171046517e+03 2.998324045743231068e+02 7.764421648220360339e+01 2.525880836130619684e+02 7.539530118571437356e+01 5.455074374227685752e+01 4.786973187750820102e+01 3.592318019127633306e+02 1.328241033067841386e+02 2.032632903403246303e+02 4.238657904615603229e+02 5.626921568636528264e+02 1.214810575334445986e+02 2.742760547855704658e+02 1.618193338982931436e+03 1.723596453041118934e+02 3.308672133940459759e+01 3.648258524565790140e+01 2.904355096632503519e-02 4.158021900633507784e+01 3.082415332120904168e+02 0.000000000000000000e+00 8.524865342684418579e+01 4.228549208641999568e-01 7.807322691258146961e+02 1.025062532252245546e+03 1.539175236450246054e+01 1.055674845131013853e+03 1.440376262777928559e+03 4.546446347271960775e+01 1.778001701866440385e+02
0.000000000000000000e+00 0.000000000000000000e+00 9.932538046590608474e+02 6.226220211821885187e+02 9.913679076270592532e+02 4.187521941626600324e+02 7.256466516434556979e+02 5.480435882932120961e+01 0.000000000000000000e+00 6.476758449280746177e+00 3.567699795599727963e+01 7.641505737665140741e-01 5.731737371441154139e+00 5.371923417127726452e+02 9.599619408805377816e+02 4.860455516149655986e-01 3.952697677285693203e+02 6.228007461648253411e+02 1.030336867354413243e+03 7.148078036228602627e+01 4.035465155462640041e+02 9.032089082114059408e+01 1.644431474553337864e+02 1.514454259777376571e-09 3.065649625847506741e+02 8.137897173686765484e+01 3.218756835861473764e-01 1.042900921082532250e+03 7.489179819101378754e+00 8.112171843883545534e+02 6.465151246917074559e+02 1.397005994581686537e+02 6.952563177342215113e+02 1.155766684645287228e+02 9.619424831962743172e-03 6.206864558140970303e+02 4.051976999586604222e+01
0.000000000000000000e+00 1.188992881084774496e+02 1.886363331056520281e+02 8.366031726320971984e+02 4.707782724009536537e+02 3.136548151161875708e+01 1.848257397503887844e+01 7.750689324756252745e+02 8.942506274022338175e+02 1.359060054858866806e+02 2.385083479108631650e+02 5.021294387039827001e+01 2.781829231146302916e+01 2.061422847385982848e+01 1.274635499335235794e-03 9.487629527986358369e+01 1.056424836760285313e+00 1.357844316492296777e+01 3.721575039269257559e+02 3.634649732327271288e+00 2.672389289904118073e+02 2.618010263418760815e+02 0.000000000000000000e+00 1.629054750938703586e-04 2.365193129120728849e-02 4.198933696379946809e+02 2.267049848441816380e+02 1.192040566169556541e+03 7.609699304697610245e-01 1.068303455852847605e+02 1.437995218618174365e+00 0.000000000000000000e+00 2.999877049989807460e+02 1.354307807693700397e+03 6.367549805939112275e+02 7.824384727841560334e+02 2.968900829903107592e+02
0.000000000000000000e+00 1.473518602672193190e+01 8.865125230256765576e+01 7.138248616911343447e+01 3.118362585774940854e+01 6.812902150586877781e+01 2.873805451893052805e+02 9.593660453309117884e+02 1.206283880404628462e+03 1.404642071982362950e+03 4.284746911693605220e+00 0.000000000000000000e+00 2.610759689811112394e-02 1.488886324925627232e-03 0.000000000000000000e+00 5.649780255503132186e-04 0.000000000000000000e+00 0.000000000000000000e+00 1.250150584162714864e+02 8.393000250932003414e-01 9.646668536701080257e+02 3.466510698791541029e-02 1.118631267980096027e+03 1.428967934089264355e-02 2.553206695330584068e+02 4.465165017597401516e+02 5.712629071235962783e+02 1.446716624064874395e+03 3.489881703950176828e+00 3.003197237312770085e+02 1.299976304140245475e+03 2.716469360804891267e+02 2.294688242037924795e+02 6.697106593161308297e+01 0.000000000000000000e+00 8.142908249514982799e+01 0.000000000000000000e+00
0.000000000000000000e+00 1.003926488407439592e+02 3.039366676821219926e+02 1.020134181865941514e+03 8.820005059977389692e+02 1.255097955513760326e+03 3.101586699285090845e+02 6.214575119782375623e+01 2.159328782710572341e+02 4.872467261156489537e-01 9.334935516096021502e+02 4.828023764492479775e-02 2.304596224928711194e+02 6.304320794671925796e+02 9.632525926103206645e-06 6.729484812821326725e-04 4.796568585448429012e+00 0.000000000000000000e+00 1.179625760948119711e-04 3.335364367432143951e+01 9.376371214784260246e+02 1.084023735844928069e+03 7.059838357895642957e+01 6.337855125612721849e+02 3.683842464730631150e+02 7.646192954510517836e+01 2.395374524899453572e+00 8.616610661848318387e+01 2.952927496025410381e-01 1.303279947160566053e+03 1.251544010698897864e+03 1.868336756469541271e+01 2.989120427056943363e+00 5.451646080307089903e+01 1.061222183121510170e+03 3.754576561284445688e+02 5.910974071913248054e+02
0.000000000000000000e+00 2.629418556566199072e+01 5.460327814409561553e-03 6.016202822665663064e+01 2.166131475070123713e+01 7.184490167885307983e+02 2.973891799273713445e+02 1.669097671115974663e+03 1.689839800368483111e+03 7.708932762273607864e+01 0.000000000000000000e+00 1.932887390020712530e+02 8.700171038303387832e+02 4.053585659758719117e+01 1.097724792628188652e+03 0.000000000000000000e+00 1.909930019859622874e+01 2.360884060769713955e+01 6.545594616220661237e+02 3.261944622561748588e+02 3.682070202064857085e+02 9.839033503957938365e+02 6.839075257710603317e+00 1.264760896697685666e+03 1.440991797562449165e+03 3.063521995265942905e+02 5.576352700037896284e+02 4.010230395242413692e+02 1.634176096671540336e+03 3.368079113307616979e+01 1.081520901946550794e+03 3.884912188298459910e+02 0.000000000000000000e+00 0.000000000000000000e+00 2.997140724142344581e+01 3.785768177872244564e+02 9.798903331447272649e+02
0.000000000000000000e+00 1.401705338968541881e+00 1.094315946841921405e-02 2.501035103107051571e-01 1.350212226375192004e-01 0.000000000000000000e+00 1.089332784597507271e+03 1.474392031544537076e+02 1.261456458625597743e-01 8.389044512096892683e-03 3.691984773135542497e+01 3.338221266154495197e+02 2.929320102134283275e+02 6.699939602607897768e+02 5.108184497602509282e+02 4.494250432471919687e+00 2.889157467330911686e+02 7.624792191868035616e+02 1.453872842345036247e+02 4.877948387089840026e+02 1.297504678597627219e+02 3.282200832096203840e+02 2.800778003343847899e+02 4.982308654322700363e+02 4.496514078889126154e+02 5.493764678381401154e+02 9.584713328788508306e+02 1.435346431964760313e+03 3.933516487909142256e+02 1.624803842663513365e+01 1.164618529121433994e+03 6.534648686911348250e+02 5.325422421349514934e+02 1.184823316371929195e+03 1.156692292464655111e+03 3.861342511248240044e+02 7.508850698002643185e+02
