output/example_1/lateral_incision_000116.asc
nrows	75
cellsize	13.33333333
xllcorner	0
ncols	75
yllcorner	0
NODATA_value	-9999
[rows 0 to 16 of 75, columns 0 to 36 of 75]
0.000000000000000000e+00 4.927698364692384985e+02 0.000000000000000000e+00 1.355173610521276942e+03 4.024761666130473259e+02 4.339364425927362277e+02 3.135746041963442394e+02 1.334620413499106235e+03 3.989037117104237495e+02 5.953693517562656723e+01 6.425295078029544804e-01 1.194283342739616287e-05 2.638001873447476815e-05 2.026420197800674146e+02 9.138677871282839149e+00 0.000000000000000000e+00 5.412460465191597483e-06 0.000000000000000000e+00 1.430772275955948469e+00 4.990219084527659776e-02 0.000000000000000000e+00 8.214038731092654518e-05 2.132444891575236974e-04 0.000000000000000000e+00 2.231114699250212551e-07 0.000000000000000000e+00 1.467995409988723132e+00 2.394697288128030332e-06 8.592563712945595588e-06 0.000000000000000000e+00 1.059712603314569833e+03 8.671616602136681422e+02 9.240312403002536712e+02 0.000000000000000000e+00 0.000000000000000000e+00 0.000000000000000000e+00 1.548180209182953640e-03
0.000000000000000000e+00 2.519061034868621096e+00 5.863770240904493676e+02 1.275222595186634408e+03 3.140630551599014275e+00 4.247452566755446135e+00 0.000000000000000000e+00 9.214328049030593775e+02 2.583476584282961426e+02 1.070117113321628494e+03 5.896243685552930991e-01 2.663333595828128963e+01 2.075377802363997830e+02 5.245793269908450611e+02 1.035221922080469085e+03 3.131538663470167307e+02 1.871878876377573589e-03 1.315370211327804057e-06 6.100055350066143944e+01 1.741207393773307501e+02 5.815755047017586321e+01 8.763151664203197910e+00 4.623939332681852754e+00 0.000000000000000000e+00 8.890313322218884196e+01 2.232924703102273511e+01 9.662371485168516072e-01 5.540484788662165556e+02 3.886289224340593478e+02 4.724538116539608836e+02 1.351785787365605884e+01 2.194343792162456168e+02 2.385766160751379061e+02 3.655390711571771423e+00 5.044055294350693538e-03 3.315906617922359089e-03 0.000000000000000000e+00
0.000000000000000000e+00 7.211066162846976795e+02 3.227743886118979999e-01 1.802780682911255283e+01 2.509607642362149988e+02 1.131720734544772768e+03 1.763469270896369835e+03 3.182855243114243393e+00 5.458151091974966818e+01 8.666911518620011066e+02 0.000000000000000000e+00 1.126115408003393668e+03 6.065164913507646816e+02 1.436742398995837448e+03 4.620549651609517383e+01 8.619176544712116765e+02 6.481505483696199690e+02 9.680789933351144683e+00 1.911038562188604928e+01 4.488410181252815505e+02 3.570852828038421762e+02 4.759417449566312541e+01 1.282289732526495300e+03 3.804047887525842384e+02 1.962450278032513484e+00 1.787536349414500876e+02 7.503639864855351789e+02 1.041339305827098727e+01 2.141436312533780750e+00 6.356572532962528044e+01 1.595216122415610300e+02 1.306876775322519393e+02 6.580660385376587556e+02 5.021059468069132095e+02 0.000000000000000000e+00 5.062770177249850434e+01 1.442484418330132485e+03
0.000000000000000000e+00 4.324020270068886020e+02 2.420663916326396077e+02 1.099805130319007958e+03 7.646072356054002057e+02 1.114430352734185817e+03 5.089333188135357773e+02 0.000000000000000000e+00 4.277639916403337565e+02 4.600902637141692786e-01 7.828388156068829176e+02 0.000000000000000000e+00 6.342656838788159348e+02 8.861813806288834030e+02 1.035299521028856134e+03 3.677506604829003436e+02 0.000000000000000000e+00 4.450597177547357433e+02 9.155929662847203332e+00 7.461512562751991027e+02 1.283657839995434188e+03 1.103644648334354542e+03 6.777749204537351488e+02 4.493676801922393906e+02 6.911277642250718145e+01 2.755861290034340527e+02 5.125597012544577638e+02 6.951132025850074569e+02 5.847689352636927396e+01 1.642737186252139159e+00 1.187482891172098078e+02 2.397699823451758903e+02 9.479980813986830981e+02 4.126329019761396211e+01 0.000000000000000000e+00 2.309262573207480216e+02 1.471017572991240513e+03
0.000000000000000000e+00 1.030880635157585175e+03 1.698875690173488692e+03 2.943705836920853471e+02 5.681836924328225180e-01 5.931049915863960678e+02 1.106403793662143926e+03 5.420471389146952106e+02 6.893809795131826377e+02 3.444304479185522894e+01 0.000000000000000000e+00 1.807803176662934845e+02 3.474892587926950114e+02 5.369371500882514283e+02 1.336885857517065368e+01 1.579534148872835431e+03 1.685500179881160193e+03 1.276499956356672783e+03 1.059394375904188834e+01 5.322088377961042625e+02 4.199763943112833431e+02 4.264076411834619762e+02 2.060820099530790017e+01 1.020737392497857513e+03 3.311438043346119002e+02 9.764791642390545121e+02 1.206743806531182145e+03 1.311551964634625165e+03 8.987437984632695134e+02 1.534900615041585070e+03 3.478621062788864293e+01 1.060207352095673286e+03 1.462335982954591145e+03 6.664659361790225489e+01 8.606223924349162644e+02 9.309918845667766618e+02 1.260135122969260806e+02
0.000000000000000000e+00 5.412202207972261192e+01 3.683483370688003800e-01 1.962598497961662303e-01 2.874271382766214060e+02 0.000000000000000000e+00 0.000000000000000000e+00 2.857064122448772991e+02 3.954365041261362990e+02 3.521475389117848067e+02 4.630361665738916486e+02 1.081554675810338750e+02 4.105695594580783592e+01 9.128164788607135449e+01 1.378539177524821291e+01 1.193362526070675131e+03 1.401528266998505615e+03 3.594755290091189437e+01 1.482089636086177187e+01 1.146530374629136986e+03 4.726293972251702940e+02 1.596425664578003989e+03 2.752953824815636708e+01 1.565297016005781927e+02 6.504844623951502172e+02 8.249676291536056638e-01 0.000000000000000000e+00 2.872018862437366593e+01 4.783086852240497251e+02 8.803904430590348511e+02 5.310544653094908973e+00 2.787500228678139251e+02 2.510612382594152621e+02 3.822621631906520179e+02 5.076796852844200885e+02 1.360079812218536910e+00 1.246462909409221311e+03
0.000000000000000000e+00 5.800912432478845631e+02 9.739346212194859618e+02 1.776154643891891737e+03 4.707689033647208703e+02 6.940359379536928373e+02 2.044624246166988257e+02 0.000000000000000000e+00 4.529926910732251031e+02 1.406731694134638055e-01 7.672657248859444508e+02 9.235674683509776273e+00 3.216789476574669493e+02 1.030880160872680563e+03 6.566417415873276653e+00 8.103726517593439667e+02 1.725344978156003322e+02 6.002521282919826717e+02 5.300219177269624105e+00 1.491584014463506094e+02 1.198129100984142951e+03 1.906730837498730011e+02 9.643305507308010505e+00 7.207627373277399556e+02 2.808661299170723282e+02 7.778977079920894155e+00 0.000000000000000000e+00 1.274399068151070509e+02 8.869022493317950193e+02 8.690637610888642257e+02 7.807924090903811702e+02 2.218183493482411563e+02 2.358900107698358113e+02 1.004623661017223640e+03 8.244248855512105933e+01 3.783308540803085975e+02 4.383606527328558968e+02
0.000000000000000000e+00 0.000000000000000000e+00 1.089196163901309866e+01 8.616618344048257327e+00 7.856988426894235999e+01 6.042110714006654462e+02 2.826519733074910050e+02 0.000000000000000000e+00 8.217669451577052087e+02 8.436379917440307281e+02 1.360852333115199713e+02 7.889124612431388073e+00 1.087446177284101850e+03 1.226065497778150302e+03 5.826791718609625192e+00 1.525612986061314132e+03 1.829250019898875053e+03 1.192442950649846352e+03 1.143527989616378626e+01 1.854655408929137934e+02 5.074626254486413472e+02 6.258033671096641370e+01 9.692753714384167552e+02 3.527830325151621764e+02 1.183498439842922352e+02 7.680072489396289939e+02 1.475869810550000921e+03 8.311453382880033303e+01 2.835845150743915966e+01 0.000000000000000000e+00 4.277463003954390075e+01 2.504284382777943918e+01 5.674910535118154797e+01 0.000000000000000000e+00 0.000000000000000000e+00 0.000000000000000000e+00 7.235816212312678886e+01
0.000000000000000000e+00 4.980522158330767724e+01 3.959306362926220686e+02 4.482010134078332158e+02 2.971932544217621626e+02 6.088461680588386571e+02 3.445056724120086642e+02 2.290183820932821277e+02 8.361208575589606653e+02 1.781242415277677310e+03 4.747140151091407461e+02 3.100356549752720348e+00 2.283738904826366252e+02 6.030999794297658667e+01 9.907535776010169002e+02 5.296140159742555031e-01 9.336936865770826444e+02 6.511449343146724686e+02 1.707321173692410525e+02 1.240534518803256560e+03 1.359714757523002845e+03 2.453337483880752359e+02 4.366680172464175484e+02 1.590865778334396907e+02 9.544326110896010960e+02 1.619120735216407070e+02 3.333543184773503185e+02 1.872330378971344134e-01 7.508773878987110493e+02 6.219900024440493098e+02 5.972762437963515367e+02 1.699021659542424004e+03 1.126151446208386460e+03 7.196716294209719536e+02 0.000000000000000000e+00 8.022748727849070747e+02 1.377298356682924350e+03
0.000000000000000000e+00 0.000000000000000000e+00 6.184667769172853014e+02 1.658066728446426907e+02 3.667433704377044137e+02 3.379432390865983962e+02 1.517215104329749522e+02 1.415155243002638770e+02 2.376287781316273993e+02 2.005157327468155870e+02 3.625872897534832759e+02 2.702691564686572434e+01 2.708152441235492915e+02 0.000000000000000000e+00 1.662604191687478988e+03 5.822690303887648611e+01 2.304518765232022872e+02 1.127746716303532139e+03 8.770909622749932169e+02 4.535998798260828524e-01 9.441856884875560851e+00 0.000000000000000000e+00 2.459063457586533019e+01 8.375813793328422407e-02 0.000000000000000000e+00 1.172491281659563001e+01 0.000000000000000000e+00 1.510036435051425087e+03 1.126850728866673762e+03 1.264284993927446521e+03 2.498787055430182988e+02 5.084437559628127588e+02 0.000000000000000000e+00 9.723755178503998309e+01 1.064208878837302564e+03 0.000000000000000000e+00 0.000000000000000000e+00
0.000000000000000000e+00 1.277450034348862346e+03 3.114239133173011282e+02 3.192127768467750002e+02 3.460146696949561829e+02 0.000000000000000000e+00 3.470707706042976497e+02 5.940119688143553844e+00 4.803165215417124045e+02 6.454247427768020771e+02 1.054227739581768901e+03 4.567069418115378809e+00 3.964680062474579358e+01 6.900013269497711690e+02 3.410076271092078741e+02 5.496904869670740936e+02 1.398640185677276577e+03 2.443699657139396519e-01 3.167133515859004600e+00 3.952825161874922628e+02 6.626478308594256532e+02 9.182981822351515575e+02 1.583503428744944813e+03 7.389506927504021405e+01 1.155388950799871509e+03 6.196599370099070256e+02 1.185117965645928507e+03 7.532203308581769896e+00 7.606839484044584196e+02 7.597865774183200074e+02 2.007681877191684521e+02 4.724051160579318207e+02 1.965235464421690494e+02 4.882343873561495116e+02 9.948099642143474739e+02 8.223056357371349989e-02 0.000000000000000000e+00
0.000000000000000000e+00 8.331536220833735342e+02 6.513087748490567037e+02 0.000000000000000000e+00 3.687048944382624995e+02 1.172697455023565709e+02 4.791267381256518831e+01 3.532741859760081411e+02 8.505275147894714109e+02 6.895936324610928523e+02 2.229818176654287925e+02 4.767783759906459977e+02 0.000000000000000000e+00 1.444758398612916750e+01 9.923910897877053685e+02 1.279934468336451090e+02 1.553810685697512994e+01 5.944368100151417593e+02 1.295775749274583859e+03 1.281678197930318959e+02 5.456394485500217115e+02 2.215579885734735512e+02 4.592619520454475150e+02 4.723088441429208046e+02 1.017281903637787195e+03 0.000000000000000000e+00 4.000181570879388637e-01 4.899792256321271680e+02 7.981483218316345885e-02 6.275716568442591097e+02 1.124343248918927202e+03 8.959146195550381719e+00 2.711146760349192846e+02 5.585570815123762713e+02 5.913019347936795356e+01 2.959831097439079031e+02 1.165742281942794307e+03
0.000000000000000000e+00 1.590884639692793371e+03 7.588453478825431375e+02 1.640058836476341412e+03 5.289646063175209889e+01 5.408998807724874496e+02 5.531086958166113163e+02 1.904427987854962367e+01 1.679676228914754802e+03 1.369988120322509673e+01 4.529718988375032040e+02 1.135029384012776291e+03 0.000000000000000000e+00 1.240079947811213060e+03 1.138210222475114961e+03 0.000000000000000000e+00 5.316411341736085205e+02 7.501920153395386706e+02 4.676097806769527665e+02 2.911480025484453549e+01 7.635983665113376118e-01 8.179649935986809624e+02 1.795458127745774391e+03 1.139932555712647755e+01 8.710939500955207677e+02 0.000000000000000000e+00 4.709074815605242179e+02 0.000000000000000000e+00 4.472586441670661088e+02 0.000000000000000000e+00 3.456339422608338818e-01 3.476745912090742650e+02 3.976608102494584784e+01 8.931585072484948284e+01 3.556806863213567453e+02 1.496636240424164441e+02 1.414148129452023284e+02
0.000000000000000000e+00 6.926747513964736314e+00 5.385519390769141213e-01 1.153026548131808049e+00 3.685167497648721024e+01 2.211320822740447056e+00 4.454386879200171023e+01 1.623167755365029885e+00 3.287672996060765485e+01 1.889487132901662259e+00 2.345768302460541133e+00 6.968242519186803747e+02 1.150346258457477830e+02 1.533826929783338983e+03 2.845353694148489154e-02 3.935651517756844555e+02 1.434881821609622421e+03 0.000000000000000000e+00 4.198460738064988504e+02 1.405745099508283857e+01 6.920817332650883600e+02 4.070879111288394636e-01 5.153307480613966618e+02 8.141397955284869425e+00 3.162216950203758614e+01 4.777507995230916293e-01 8.416373451210448593e+02 1.950059755456404753e+00 4.456139370493719412e+02 0.000000000000000000e+00 0.000000000000000000e+00 0.000000000000000000e+00 5.075859130737605369e+02 6.355753707135870512e-01 4.433958007261907142e+02 2.725564450495858715e-01 2.759342308030247750e+02
0.000000000000000000e+00 1.046045725254878789e+03 5.651273405206527514e+02 1.313001436771808983e+02 1.123416971030110290e+02 2.278586366874100406e+02 1.049664867699618526e+03 6.147020847190972859e+01 1.724005885729654665e+03 4.266933239456962497e+02 5.143978713222649048e+02 2.650977320920785374e+01 2.189374008766833413e+00 4.180573176779273092e-01 2.658995828975576501e+02 3.044804686133047653e+02 8.581386963645913966e+02 1.283628972232080741e+03 6.115214249616980169e+02 2.850502284162836020e+01 5.790511476325517606e+02 4.474116463081496242e+00 1.361020954380666126e+02 2.129282633408946523e+01 2.970494184358040801e+00 9.163392882408719515e+02 8.444359536371744070e+02 0.000000000000000000e+00 9.280300788230935041e+02 1.261934555930281931e+03 5.285486276644565384e-01 8.444882123049225129e+02 9.472920431586155132e+01 1.431965038029279356e+02 7.452033971902303620e+02 7.974100325431955980e+02 9.090871955708486496e+00
0.000000000000000000e+00 4.417250645710647916e+01 9.014410833795220697e+02 1.229729055962477133e+02 1.704958107789972814e+02 5.802493406685856598e+02 2.003924585047202334e-01 5.990388073468651555e+02 3.474714528722062141e+02 1.042246185275751714e+03 2.224855021571733573e+02 1.058175068062631453e+03 3.513430068976280722e+02 6.850801783214022862e+02 1.477832048794858449e-04 3.405636657504327331e+02 1.567219100382653551e+03 1.786978518718061935e+02 6.009668477639078787e+01 0.000000000000000000e+00 1.653893544713077119e+02 1.589663692728182241e+03 9.649655641631225933e+01 5.376793918746718415e-01 1.838102667340816954e+00 2.350158405023366299e+02 1.425891352094349962e+01 3.261192739940110528e+02 0.000000000000000000e+00 3.802944414945769154e+02 1.109038504527098667e+03 3.271195625248865202e+00 0.000000000000000000e+00 2.680912337410225064e+02 9.415139018716672581e+02 0.000000000000000000e+00 4.500417303086615028e+00
0.000000000000000000e+00 0.000000000000000000e+00 5.643958617251905707e+02 6.371427154016898697e+01 1.430096383604103039e+03 3.124306699023546798e+02 0.000000000000000000e+00 4.806590735220120791e+02 3.523807874223376189e+02 4.895338995841017060e-01 2.271996715205224504e+01 1.226188048841691852e+03 1.108528257426877985e+02 7.066176337529925604e+02 1.739563115066906448e+03 1.857022168446027105e-02 1.006555213677319557e+03 3.414816235098182347e+02 4.663799096018814083e+01 5.283435396107577162e+02 1.234898102265339475e+02 3.731176205873476306e+02 4.017132805936225850e+02 4.572319516031427042e+02 1.328468570897515519e+03 5.276896179539569403e+02 2.309089633361865594e+02 3.238553375467869841e+02 1.648877687763185829e-01 0.000000000000000000e+00 6.747233948418651153e+02 1.944705391142950823e+00 1.692972934839137906e+03 4.370139417597322335e+02 4.069393742446068245e+02 1.428336339036146683e+02 6.415937665454677585e+01
