output/example_1/lateral_incision_000191.asc
nrows	75
cellsize	13.33333333
xllcorner	0
ncols	75
yllcorner	0
NODATA_value	-9999
[rows 17 to 33 of 75, columns 37 to 73 of 75]
9.991990860419301157e+01 8.370755612451050638e+02 8.423524180323734356e+01 7.110693545266908586e+02 9.577468857283212174e+02 0.000000000000000000e+00 3.611687581338629229e+02 2.467641018263407489e+02 2.813992031434638648e+02 7.086788059875538011e+02 1.239035423834631047e+02 2.292906549813766333e+02 1.164187218165213089e+01 1.658253483157999426e+02 1.110550748498185669e+02 7.040165752108924835e+02 3.520551267034124976e+02 1.028214466015369908e+02 3.838240333467532395e+01 9.224245215934436715e+01 4.723391575542908640e+02 5.809880323525866288e+02 3.416941833050977380e+02 3.394642544992184412e+02 2.169900276334985847e+02 2.204427280218734353e+00 4.218355449151855510e+02 1.483634120782699256e+03 4.189583058580795272e-02 5.158275934352785725e+02 5.683377359348452273e+02 0.000000000000000000e+00 5.560247057885934510e+02 1.091094279187560232e+03 5.881463033067080914e+02 3.977632463867591639e+01 2.493362510242216956e+02
7.304761287252701152e+01 4.033263938183792447e+02 4.584267037222488170e+02 1.510666209938678151e+02 5.152697788438103998e+02 0.000000000000000000e+00 8.619830779982312379e+02 0.000000000000000000e+00 4.604962074251056414e+00 1.228833473193976289e+02 1.014104186333129746e+03 8.044987147265220528e+02 1.577238421630611072e+02 9.591261892634146307e+02 1.834779197345780233e+02 4.930123964801423995e+02 3.785298218941437085e+02 2.792337110071214283e+02 8.133055922817047190e+01 9.282874396014663887e+01 1.238034250507505050e+02 3.128728736176100824e+02 3.468354998845549630e+01 1.041814309222854718e+03 3.565769421879134597e+02 1.304463852193281127e+03 1.211069510385187158e+02 2.139011037166653040e+01 8.080592366828833519e+02 5.742330997808827533e+02 1.250734048220527086e+02 0.000000000000000000e+00 1.110975868976637685e+03 2.250482666980656177e+02 0.000000000000000000e+00 1.137539872843728745e+03 7.472072341026320146e+02
3.480393489858234943e+02 3.861879659603921482e+02 8.982145973821918687e+02 8.780011430725717219e+02 1.713758646354716859e+02 4.669930738110805919e+02 3.604968925684368219e+00 1.127525569663216629e+02 3.238206405881020089e+01 6.617137120777999826e+02 5.667705255253017604e+00 8.260301983180979732e+02 1.270216203678878628e+03 0.000000000000000000e+00 1.584250530896129703e+03 2.012745365365801717e+03 7.478662820222895107e+02 4.335409658541921090e+02 7.617402640539698950e+02 2.164539899806128886e+01 5.686710135522115479e+02 2.096267546371830974e+02 9.236906540718928227e+01 4.908837306248787513e+01 7.137110301801083097e+02 9.946342721457093603e+02 1.534639094524280608e+03 0.000000000000000000e+00 1.197084504456994551e+02 0.000000000000000000e+00 6.457607593272156521e+01 3.243449114835912042e+02 7.955077806151464870e+00 1.020734796423528878e-01 3.610458122808142889e+01 8.747632526349974569e+02 0.000000000000000000e+00
6.823862331665818924e-03 1.359480290807717211e+03 6.433173267382006770e+02 4.773074255228905116e+01 1.084160547900871506e+03 1.515898293015136915e+03 2.576705379631113146e+02 1.774330419641991057e+02 4.265412680566506687e+00 5.158561584702995333e+02 7.052495013403007533e+02 3.843720612261309810e+01 3.786170035386115273e+02 2.454729992264458076e+02 1.224334661983805006e+01 6.147529721130032385e+02 1.135516734413231006e+03 6.974061746689366146e+02 1.412120311958092316e+02 2.534688324290226547e+02 3.161758062571994969e+02 2.579322798365192284e+02 1.124218451759872096e+03 4.253791439278070463e+00 4.272341734631686450e+01 1.570091252910888215e+02 2.769921714411279368e+02 9.961256077154679360e+02 5.564387706376961340e+00 1.767113429712789241e+02 3.435651914621819287e+02 1.506171495826398257e+02 7.858293182731672655e-01 1.573710910428412717e+02 0.000000000000000000e+00 4.355220351287359222e+02 1.140368323591845146e+00
2.542572587618224489e+01 0.000000000000000000e+00 7.582618010235519250e+02 0.000000000000000000e+00 1.030239690481430443e+03 6.351114153847798889e+02 7.697274994960614549e+02 9.328855532691629833e+02 4.794528992060183015e+01 4.605086708789512500e+02 6.840924312950139665e+02 2.623733101120470312e+00 3.569667181324954868e+02 1.516816973704014345e+03 1.236168603512549225e+03 5.674692056398335893e+01 1.221180997695239057e+03 1.114836208838198672e+02 6.843201307844495886e+02 2.229330111188228436e+00 2.295082135916294988e+02 1.726487416588101009e+00 1.466394216517086306e+02 2.679179660964391587e+02 1.272625305435734475e+02 0.000000000000000000e+00 5.079155177392750353e+00 2.633971965771781925e+02 7.514366214872915117e-01 2.418690454352472443e+02 3.525579879334931093e+02 1.024358564122094549e+03 6.847802033210438140e+02 6.499739759092371969e+02 4.848265120253311693e+02 1.301270700898333246e+02 9.102525034622035491e+02
1.576799608311146415e+02 1.449892521602859363e-02 4.040201472299288525e+02 1.130470353620855519e+02 8.857466118445641996e+02 2.763337481195394503e+02 1.321402206623688755e+02 2.956664181198978554e+02 2.484120291035814887e+02 7.224945286887557359e+02 1.100222398628797464e+03 4.136652450055544961e+01 2.778568610671742931e+02 9.901760379985821601e+02 0.000000000000000000e+00 0.000000000000000000e+00 6.129917695980735743e+02 3.364209588345779025e+02 1.692451655043462324e+03 2.148370703030398374e+02 2.338307349033415790e+02 1.745554675972834673e+02 7.010348602971619769e+00 7.095912782083939874e+01 9.726339374163048888e+02 8.828192009463380145e+02 4.723689167227939265e+02 1.404008765025993588e+00 1.373491800232609648e+03 1.401144777158968736e+03 9.990111490106512520e+02 4.466770679433403224e+00 4.105305622981015290e+01 2.888251510294670421e+00 1.075870160018780552e+03 1.762338224617579669e+02 4.051149061314806659e+02
4.361644804624514222e+02 0.000000000000000000e+00 0.000000000000000000e+00 2.920168469916941234e+01 9.883178574131271716e+02 0.000000000000000000e+00 1.194823474428433201e+03 5.334828980424806559e+02 9.126469870699791898e+01 1.756317705421201580e+00 3.655648284179247032e-01 7.723762083716890174e+02 1.896390777340265004e+02 1.190319178849328224e-01 1.264662986790203973e+02 7.166144931100011490e+02 6.784308600479877605e+00 1.048624327969650993e+00 7.992447236277695310e+01 2.062829603225877051e+01 4.132858389241184796e+02 5.137677607725649978e+02 5.712180792617974703e+02 6.374535917870706925e+01 1.415033127692008748e+03 1.601496203349117593e+02 1.479763034095375815e+03 6.525727030536677908e+00 1.195150015875703502e+03 8.136000313771718506e-02 1.643241291137235294e+01 2.965150758153291690e+02 1.212534754837671244e+03 3.113784621590509119e+02 5.640328135491492922e+00 3.708243550133416306e+02 2.547502213416888992e+02
2.054675866363909336e+02 7.209113367733946234e+02 1.234220489870832807e+03 1.215804402118624239e+03 8.516121986539877753e+01 1.329672683419660757e+02 1.431032903372448118e+03 4.131626430389366078e+02 1.935798189165334406e+02 1.325970696514667964e+02 7.353219992008529289e+02 1.319199279501614910e+03 6.655106628035911172e+02 4.067422396821228290e+02 1.014466939298110674e+03 1.647283841408716398e+01 4.294859076468226817e+02 5.798751623696630304e+02 4.507586212833722357e+02 7.310398978259008800e+02 7.599089462459113875e+00 1.123231422233595595e+03 9.883640539641861551e+02 6.095193648909292961e+01 2.205233357453485254e+00 1.188402387943747485e+01 2.054701191392026338e+00 5.137544182258109231e+02 7.271997658424756139e+01 6.959026538502497488e+02 1.193635772473489141e+02 4.428023319631944901e+02 1.104329642729600664e+03 3.385175241945220819e+02 6.036550732368141325e+02 1.676431433414437322e+01 5.055578595976587053e+02
2.112240203471846769e+02 1.450815625731846126e+02 6.194076465566980687e+02 0.000000000000000000e+00 1.333889266583688368e+03 1.172276261454572477e+03 2.010802925247096340e+01 4.316801931383944861e+02 0.000000000000000000e+00 5.346527712718062730e+02 3.136598423366224608e+01 7.935157220133765676e+00 0.000000000000000000e+00 1.483364819568353596e+03 1.868787482968891966e+00 4.646634233789563950e+02 1.101289151977074141e+02 3.254361457918237193e+02 1.197838326681954641e+03 1.411559903077187528e+03 2.712617453704933457e+00 1.741458889606696303e+01 7.969745891487915515e+02 0.000000000000000000e+00 7.254220658923816245e+01 1.080370032291570851e+03 2.698941316656170670e+02 1.577576009694178651e+02 8.381865229333791376e+02 1.690827389308565243e+00 1.896123644910362600e+02 1.148096961683388599e+03 2.853330921750085167e+02 0.000000000000000000e+00 5.437805868675281928e+00 7.298209890990987105e+02 7.058549502514179039e+02
5.068118866713657411e+00 2.059092943385413719e+02 1.711196279655378305e+02 7.253120955807516168e+01 2.430223423759501031e+02 4.909450473141757243e+02 1.772326389036151113e+02 1.026450402855235211e+02 3.783012426403587938e+02 2.473187876699595051e+02 1.054206597805429283e+03 4.986544401293776900e+02 3.544640313117749884e+02 2.997178646648307065e+01 1.085333022599283595e+03 4.367407459933843938e+02 3.913093577632147912e+01 4.284481995438486024e+01 9.756026095105121385e+02 0.000000000000000000e+00 1.887666620844903946e+03 1.558276718670205582e+03 1.694783183974390289e-02 2.416632576165572459e+02 4.602231354654112927e+00 6.884272698145089180e+02 7.408414659239821276e+01 1.236539159641687391e+01 1.649284863808715684e+01 5.885526678645735501e+02 6.267854465058757540e+01 6.589129411805112113e+02 1.005156392785368780e+03 4.785795366172070544e+02 1.265669775981835841e+02 8.772243707562483905e+01 5.392842533342268929e+00
6.035071354778322075e+02 7.180214159086804102e+02 1.482896930115527923e+01 2.433191643922351375e+02 1.230540527096569576e+03 3.560463029731899383e+02 9.809836401448966114e+01 8.039380025485926353e+02 8.604167224549156856e+01 3.936159992022068081e+02 0.000000000000000000e+00 0.000000000000000000e+00 1.173269685477903067e+03 3.036041346341144163e+02 9.093059391340402726e+02 5.486724678093272445e+01 9.621252064907630484e+02 2.370930894899443686e+01 3.035275559540922359e+02 4.179950667318300930e+02 6.758868452013806518e+02 2.505983296280271020e+02 1.245845498823823618e+03 0.000000000000000000e+00 4.399424740915907250e+02 4.394837594950208626e+01 1.573934232478524109e+02 4.247485015778524371e+02 1.334545897089024322e+02 6.310236989126759966e+01 5.231049605345577902e+02 0.000000000000000000e+00 3.285144791389078733e+01 9.418059841321403383e+02 7.263790144099283452e+02 5.279315179530940583e+01 5.551670140348502400e+02
1.206868643677055930e-01 5.606919025641831089e-01 7.265225681617124565e+02 3.880767210075441085e+02 4.559856906515358332e+01 2.460543931692090496e+02 3.550784114229055888e+01 0.000000000000000000e+00 7.448558971728223241e+02 4.134617263771824014e+01 1.072243626674487359e+03 5.856899048224966009e+02 3.188068255352313827e+02 2.842239302696325254e+01 3.401689948804541359e+02 6.558680375237556746e+02 2.294782072018582308e+00 1.706128624286473183e+01 0.000000000000000000e+00 8.888031089827964024e+02 9.023677689067627625e+02 6.058491761642325173e+02 1.333424856297830274e+03 1.413714920016134524e+00 2.199461444842480660e+02 2.043978273784149202e+00 3.386381806263257204e+02 6.173825784426572483e+00 4.865086605936021213e-02 6.142733449490435760e+01 0.000000000000000000e+00 3.727240227051095758e+02 1.592676575289570735e+02 3.699048625691652887e+02 2.398643022621524779e+02 2.297385884309290702e+02 6.340169851728217054e+02
2.378522882285165707e+01 4.860556907643417048e+02 1.662129998773587403e+01 1.107907531238038928e+03 1.516350015801424433e+01 5.622373773782857143e+02 1.170506032163599912e+03 1.014785910295666582e+02 1.462259939352264781e-01 3.057409536280966122e+01 1.531968027497543972e+03 3.670870839427978893e+01 9.646385793406543598e+02 5.869155931480923982e+02 1.435916670831997237e+02 1.155680233089291278e+02 6.680752346192448385e+02 3.254855275005264161e+02 5.120434405932592199e+02 1.327579164078379677e+02 7.703701517769339944e+02 8.388580088439691735e+02 4.006359036167221461e+02 9.666683881875902884e+00 1.514847053422723988e+01 1.249365202702881761e-02 8.230489734828303199e+02 7.854855616325551182e+02 2.334771146070036352e+01 7.975658986712023761e+02 8.714077194339160997e+02 1.755315807188206279e+01 0.000000000000000000e+00 1.521158271303458378e+03 6.037811488196741516e-01 6.040280705440299869e+01 5.851678676933628367e+02
1.212783675591432939e+03 5.396554305375345848e+02 1.610065318702824655e+01 7.990804437298328367e+02 2.113776448962159691e+02 2.567698393301197370e+02 5.024702573691803309e+02 1.854893055116449432e+02 6.613582379334120560e+02 4.193518522993549027e+02 5.744277713806593511e+02 3.166578923078868790e+00 6.614308938192750702e+02 1.991413787904470496e+02 7.793058573948020467e+02 1.532579897211078332e+02 2.335791891891266232e+02 7.933397466643229201e+00 4.105440420223755495e+02 1.442146130658735729e+03 1.062297262623450589e-01 7.909095698078601799e+02 1.069131624706191133e+03 1.451194997054185976e+00 7.890066959470761958e+02 1.437286049920692577e+01 8.626259231491792434e+02 2.297087421020473244e+02 9.517459420832855344e+00 3.266095721708931592e+02 1.685500635408180187e+03 1.304099625810985344e+03 2.062912872355463207e+02 1.289092195228659818e+02 1.234155293333262989e+03 1.386199660552798036e+02 2.091219065594454207e+02
3.006584941729864795e+02 7.489879578097774129e+02 5.130406419247900658e+02 3.943947974687759483e+02 7.568766293499268158e+02 1.172616316709888224e+03 6.192127706546463060e+02 1.894304842805193232e+02 1.141300175659716132e+01 1.354274178697586876e+03 3.846769224722478242e+01 1.669859478338825340e+02 4.706910857145495015e+02 3.116021235215289380e+02 4.089549680225709949e+02 6.097545110244867601e+02 2.194572130196812410e+01 1.186326127617943712e+03 1.013596134132597740e+03 1.231420475757468466e+03 2.097791458178286348e+02 1.391374871119625425e+02 2.084384300395969944e+02 0.000000000000000000e+00 5.108840705978697656e+02 0.000000000000000000e+00 6.449715934698331239e+02 1.103065995567375808e+02 2.580209174794860227e-01 6.254281651455758038e+02 9.345702196140571232e+02 5.652113768137271954e+00 2.633085865888357091e+01 1.151328800076823654e+03 2.639815009145480644e+02 2.653862142611562724e-02 1.631590163414718830e+01
1.257061770333026971e+03 3.285243369516986256e+00 4.912034868985485048e+01 4.088411137163141120e+02 5.879419844031633602e+01 0.000000000000000000e+00 1.417581096058705498e+03 8.413934565518516138e+02 4.558787816809509081e+02 2.069572780264533396e+00 2.666909578699941221e+02 1.622700517456577245e+03 3.539708649616705429e+02 9.897645576252322996e+01 0.000000000000000000e+00 8.690755223739101893e+02 4.502123881518755866e+01 4.335458618845353662e+00 1.092951598262510515e+02 1.666157034533904948e+02 3.769839096519124744e-01 2.914958300363943167e+01 3.923881349499757221e+01 1.583159015803528291e+03 6.038561040904709643e+01 6.446134376259190049e+02 3.513973555106660456e+02 7.487393709652569669e+02 2.861665732045558457e+02 0.000000000000000000e+00 6.547916934668788258e+01 1.668076377048592121e+03 1.469979659299146704e+02 5.351161282115336917e+02 8.555441721728127504e+02 2.472039910490110515e+01 8.637731008872531646e+00
3.182027869737674308e+01 1.584538537038175718e+03 5.951100651348926931e+02 9.848210206413315291e+02 2.812391814137075698e+02 8.750194925588617707e+02 5.999756137371535658e+01 7.316849990552233294e+02 4.786366959996183823e+01 1.917506903024480636e+01 1.464831514452884562e+02 3.619719537673349237e+02 1.042466553457317559e+03 1.448377250353608474e+02 1.821152487259090265e+02 9.838740687753412431e+02 4.789545733862457269e+02 5.525972368326625883e+02 4.583590884052354681e+02 3.931936062755804073e+02 1.158345066187260954e+03 0.000000000000000000e+00 6.455204408263400637e+02 2.140603373559163636e+00 5.437870503112574738e+01 5.155409542186351928e+02 7.169050868753606665e+02 7.044172662897693726e+00 6.035567667353365096e+02 1.077438094898140434e+03 2.552707358278817118e+00 9.089785550589094498e+01 0.000000000000000000e+00 1.240434634998902936e+02 4.143028491825629089e+02 1.175339829054042973e+01 2.761067150465295867e+02
