output/example_1/lateral_incision_000080.asc
nrows	75
cellsize	13.33333333
xllcorner	0
ncols	75
yllcorner	0
NODATA_value	-9999
[rows 17 to 33 of 75, columns 0 to 36 of 75]
0.000000000000000000e+00 1.125930740840184541e+02 1.590131542182353712e+02 3.463605898864975075e+01 1.075589678051214193e+01 1.056842081473517055e+03 3.839259028859027580e+02 2.883302321833150472e+02 8.034179758228261790e+02 1.556381578436108803e+00 5.504875946222778111e+02 7.830006097741071471e+02 3.915394207644634150e+01 1.192994584337136303e+03 1.040381743675191650e-01 4.520822259793942521e+01 1.354675686740343281e+03 8.587307200826937787e+02 1.286305939495493476e+03 5.103766803616989591e+02 4.143712181222927029e+02 2.579186172700871111e+02 4.001394966546404248e+02 3.256041717024655782e+02 9.555643487488023879e+01 3.602129218603923277e+01 4.912366000963809398e+01 4.296144737884802223e-01 1.252944590612942420e+03 9.426768086401506253e+01 1.304302465001639488e+00 6.171275837743331749e+02 3.125989921519430936e+02 1.892527668778105632e+00 1.267803050793104603e+03 3.133726223097267338e-01 2.723647987601508476e+02
0.000000000000000000e+00 0.000000000000000000e+00 4.591295352582727674e+02 1.293490942183737161e+03 9.176887270250158508e+02 8.680012945247888183e+02 1.369615485737951303e+03 1.233836460131900914e+01 7.094143443144532739e+02 4.014979499580819322e+01 1.121543580339830896e+03 1.755446323208943568e+03 7.483861358629670804e+02 5.633590970027229972e+00 3.378453036497396056e+02 1.233226635864972877e+03 1.826218686389808221e+00 2.817179639165850062e+02 0.000000000000000000e+00 6.323920657310882234e+02 5.190101977608692607e+01 3.312024431599116951e+02 5.513691466145904769e+02 2.114452506145925099e+02 4.001008333770390557e+00 3.467344393398864213e+02 1.691426581023917777e+02 5.671978971837416950e+00 1.242410984890199188e+03 7.058721052679181867e+02 2.698343478329659817e+01 2.858070240771572230e+02 2.559263431138652720e+02 7.671704578962246615e+02 1.312412754374969381e+03 0.000000000000000000e+00 2.771156475249355822e+02
0.000000000000000000e+00 2.348194461526599355e+02 6.569332061377772334e+02 5.108067730826353454e+02 8.155617543217365437e+02 1.113506294434655501e+02 2.961417102219538151e+02 4.023338292589740406e-01 9.139446331199983433e+02 1.140728076539207450e+03 1.040555560794106441e+03 8.242594832972248469e+02 4.626759546844277260e+00 1.573239790046960252e+03 6.937945582601163323e+02 1.228348961387016743e+03 5.205220101574730052e+02 9.126907143446537418e+01 1.448897693416233324e+03 1.336527557833802726e+00 1.521963192429274692e+01 1.964619487329593426e+02 1.446156250314364513e+02 1.326239962233821188e+03 9.561536456716926295e+02 1.335696773868408627e+03 5.064788353972919026e+02 1.998015948588242452e+02 9.811242686624305520e+01 1.710559904909335387e+02 3.724454693069985183e+02 1.270429487647549109e+02 6.638026768854224713e+01 3.728101237825429166e+02 3.439051298036782214e+02 5.562687067249087569e+00 1.672627163877029943e+01
0.000000000000000000e+00 1.414233291540175969e+03 1.070233896107486544e+03 3.703708695127027681e+02 1.292678590346394287e+02 1.367474885595082469e+03 7.541273911092011986e+02 5.478718184428140771e-03 3.316996409710205285e+02 9.786420673827346945e+02 4.981821009030245477e+02 3.223595061744513046e-01 1.566046433316080083e+03 1.231336121965913662e+03 1.180074410309031464e+03 5.720534702978702845e-08 2.173966915161505256e+02 0.000000000000000000e+00 1.913610386365385239e+02 5.213751778507369181e+02 7.074129976733935337e+02 6.506837958141170475e+02 1.069635244792941194e+03 4.444601320958871327e+01 2.703345221603248660e+02 3.912771917158746646e+02 5.638314921048071682e+01 6.705152410956837628e+01 1.743574898141052643e+02 2.979808758415697412e+02 8.858883491702304980e+01 1.260684659320220931e+02 1.055470468855369148e+01 1.837654362465196414e+02 7.141761368448945859e+02 2.283074756180938802e+00 1.320644619470575947e+02
0.000000000000000000e+00 1.644077369663491027e+03 2.786011705979660746e+00 6.807577963325051940e+00 3.163172430550577587e+02 1.203721215216260816e+03 7.532354385324163104e+02 2.903067526486611261e+00 6.635869673894542302e+02 6.708914125849114498e+02 1.885460255588790233e+02 5.699334789339952749e+02 1.326547925595757079e+03 9.505067724756470398e+02 0.000000000000000000e+00 8.277437401096769918e+02 9.708788324694938865e+01 0.000000000000000000e+00 0.000000000000000000e+00 0.000000000000000000e+00 2.382462136572641720e-01 4.581558481524522790e+02 4.982148063436442840e+02 5.901518954213876214e+02 7.402889454826255644e+01 5.399572060924819006e+00 5.147069629754337257e+02 3.228617549710272527e+01 1.356136864583364513e+03 7.696581132798566216e+01 0.000000000000000000e+00 8.663268896365495664e+01 1.246151386743333234e+02 3.363254995064133368e+02 1.275313935211947410e+03 1.007311104061880201e+03 1.429989107376166544e+02
0.000000000000000000e+00 3.753522425137714030e-02 3.403592709844813271e+02 1.485369276260549668e+03 1.331025006252662479e+03 2.959294455809805768e+01 1.483136703780044208e+01 1.138030503239012177e+02 8.118193317696138820e+02 9.918138206923836719e+01 8.934619286107857761e+01 8.532443857205616951e+02 7.412872116054075811e+00 7.609974408636819589e+02 6.529415197383195846e+02 2.988422776003669679e-01 9.224894945657637209e+02 1.028011779106236645e+03 5.078017123570060382e-02 1.067883663626584166e+03 8.468544788655473212e+02 1.609544886533533088e+02 9.704486233036393514e+02 1.410092966658395912e-06 5.981905847344679117e+00 5.253386253925140359e+00 1.175868111979079060e+02 9.538479604775973257e+02 1.181984574687715650e+01 1.634428271583317382e+02 0.000000000000000000e+00 4.436767751775631154e+02 5.905723572723500183e+02 6.928572754282966173e+01 4.538919227285163629e+02 0.000000000000000000e+00 3.423829482906812416e+01
0.000000000000000000e+00 6.607349844951586419e+02 1.140854552350489712e+03 1.213956259644313832e+03 1.493468236827977762e+02 1.414736559899074564e+03 5.091256904662140528e+02 3.328326981299050136e+00 8.126222540493083457e+00 2.675353614200815924e-05 8.154039362519407419e+00 1.060776730653623190e+03 7.560782694477851464e+02 1.555329670174912508e+03 2.006760231939758228e+02 1.666650315045690377e+03 1.013982155627209750e+03 3.355161654459731153e+02 9.649001729692370191e+02 0.000000000000000000e+00 4.617927972223902202e+02 8.828319767554847886e+02 1.253959948632446185e+03 7.159888141312527523e+02 5.800832023465542164e+01 4.380243631678437310e+01 8.869119795210441737e+01 3.874611162573795582e+02 1.546502504125101609e+02 1.080940088666549627e+03 1.319257730768144256e+03 0.000000000000000000e+00 7.552094243573805876e+00 1.216930116940765458e+02 3.147999192420057852e+02 6.081436983343782003e+02 6.988876206570949989e+02
0.000000000000000000e+00 9.484421896531204084e+02 1.497564230038616870e+03 1.125031190817277547e+03 7.836455649061477970e+02 0.000000000000000000e+00 6.085370221369391857e+02 2.845852020228925028e+01 2.619149005795918583e+00 0.000000000000000000e+00 0.000000000000000000e+00 4.585068165442059467e+02 8.507189256858860915e+01 4.019884343695194318e+00 6.007319355484758034e+02 1.539402705663523648e+03 3.609656368845790553e+02 8.824931324171718927e+01 6.385922353493233459e+02 7.840190291681004737e+02 6.006374782209404017e+00 2.421443314762132815e+01 6.432051955603571969e+01 6.042235491238566070e+00 2.481670748196280485e+01 2.647602882100666410e-01 1.212343382785797097e+01 1.114121101992124174e+01 6.543660200617681388e-01 8.513312125195265025e+02 8.084801830636434943e+02 2.308047299167709809e+02 1.159777163730475422e+03 3.936449765178333848e+01 8.793206678484300483e+02 1.134694998711201606e+03 2.663787733843194019e+02
0.000000000000000000e+00 0.000000000000000000e+00 5.255927884549688178e-01 2.441252466318939796e+01 3.902730358592081394e-01 0.000000000000000000e+00 4.297386881876798410e-05 2.595425376773641233e+02 1.804137574320907049e+02 1.997301271341599183e+00 2.534738549915601524e+01 7.622026549442774801e+00 1.015969788754068531e+03 8.509023939051225227e+01 8.908059881151766604e+02 8.657819562941638196e+02 3.638254336001381262e+01 8.279611697879078065e+02 1.468459174064851595e+03 1.137337840786181831e+00 1.671635243121353142e+03 1.662991627875827874e+02 1.330547317791200840e+03 7.397853045343683789e+02 1.502726543474196319e+02 4.449176115603007275e+01 1.775106772452905268e+00 5.287931856739058958e+02 8.893609464824525048e+02 8.622444879158247488e+01 2.122599342462645211e+02 6.184633243473731454e+02 2.470739193866837979e+02 2.496238316029542545e+02 4.365838809415036081e+01 3.712794634030809249e+01 0.000000000000000000e+00
0.000000000000000000e+00 8.256152428274091335e+02 1.483500737865969768e+03 7.955627340504094036e+02 1.071756733272320474e+02 9.383984244245202717e+02 0.000000000000000000e+00 7.465921103212446042e+02 7.862547491498703494e+02 6.967254647605362727e+00 4.309625601860016531e+01 0.000000000000000000e+00 4.161825041588183467e+02 9.853685667250836389e+00 1.452854066923371192e+03 1.092891977638670824e+03 7.598566883515442214e+02 3.773940468599401754e+01 6.737926804109479235e+02 0.000000000000000000e+00 7.396402871416739799e+02 9.463174641064141497e+02 1.221806669962873571e+02 1.062538296008277428e+01 1.063610876506931469e+01 2.550849251097638728e+02 6.363613108146523700e+02 2.363871469381790646e+01 6.503566768879853726e+02 1.392177108789230999e+02 4.512949149090878223e+02 2.969336421791073932e-01 1.173955754414015118e+00 7.476223678059086524e+02 8.851449727417411845e-03 1.249912463503140771e+03 3.412008419678676887e+02
0.000000000000000000e+00 3.967431862331580295e+00 1.555771772857337965e+01 1.633371534354529331e+01 1.035310881526588673e+03 4.415419444899770838e+02 1.091122745171046517e+03 3.040365726135094064e+02 1.078838899653332248e+02 8.922863462171280844e+02 4.255324382145140589e+02 2.178118591117770677e+02 3.154642058042123836e+02 4.264113660741246576e+02 1.360883017587455583e+02 2.032632903403246303e+02 4.238657904615603229e+02 6.189413564747750343e+02 2.336958091838380938e+02 5.992063616274895139e+02 0.000000000000000000e+00 2.158744664533017783e+02 3.665777594562564445e+01 3.648258524565790140e+01 2.904355096632503519e-02 4.158021900633507784e+01 3.111479839207276541e+02 0.000000000000000000e+00 5.192474698699053306e+02 4.228549208641999568e-01 8.835502244741724098e+02 1.045101421638204556e+03 1.606581016999522049e+01 1.055674845131013853e+03 1.440376262777928559e+03 4.546446347271960775e+01 2.582324445285290722e+02
0.000000000000000000e+00 0.000000000000000000e+00 9.932538046590608474e+02 6.226220211821885187e+02 1.657022020552126833e+03 4.679960648413123749e+02 1.004711062504506572e+03 1.507890571379191158e+02 0.000000000000000000e+00 2.268098947390562614e+01 7.376370435982346407e+01 3.383325794311427615e+01 1.075127729988462733e+01 5.624920728787327562e+02 3.618505200026561619e-02 4.860455516149655986e-01 3.999778891070720306e+02 6.228007461648253411e+02 1.166844053889069983e+03 7.148078036228602627e+01 5.297600339287351972e+02 2.689805457810946336e+02 2.456223331159359020e+02 1.514454259777376571e-09 3.065649625847506741e+02 8.137897173686765484e+01 3.218756835861473764e-01 1.504217217495189971e+03 7.767118741395911741e+00 1.476278945509446203e+03 8.988054767213504874e+02 3.196848077017122023e+02 6.952563177342215113e+02 1.155766684645287228e+02 9.619424831962743172e-03 6.206864558140970303e+02 5.219640951793099504e+01
0.000000000000000000e+00 2.066916748057905124e+02 1.185375372329200900e+03 2.980170868191213458e+02 1.668905821854051737e+03 8.391970780300431443e+01 1.093345690917520443e+02 1.049559721660459445e+03 1.487293480321132165e+03 5.329139035374356581e+02 6.005445258333169249e+02 3.173203398081506066e+02 3.014315692714212673e+02 1.837702083943193827e+02 2.472038119658726441e+00 9.487629527986358369e+01 1.056424836760285313e+00 1.362296111531241571e+01 3.721575039269257559e+02 3.634649732327271288e+00 2.672389289904118073e+02 2.618010263418760815e+02 0.000000000000000000e+00 1.629054750938703586e-04 2.365193129120728849e-02 4.198933696379946809e+02 2.267049848441816380e+02 1.526218091372692925e+03 3.392118569881354233e+02 0.000000000000000000e+00 1.437995218618174365e+00 0.000000000000000000e+00 3.062790802221369972e+02 1.354307807693700397e+03 6.367549805939112275e+02 7.824384727841560334e+02 4.594122315156625973e+02
0.000000000000000000e+00 5.658801967127497079e+01 9.074055058637800641e+01 1.098717587608175990e+02 3.463357801095476418e+01 8.370653707391207945e+02 0.000000000000000000e+00 1.079751117597679468e+03 1.411824592116618533e+03 1.429670738905452708e+03 4.284746911693605220e+00 0.000000000000000000e+00 2.610759689811112394e-02 1.488886324925627232e-03 0.000000000000000000e+00 5.649780255503132186e-04 0.000000000000000000e+00 0.000000000000000000e+00 1.250150584162714864e+02 8.393000250932003414e-01 9.646668536701080257e+02 3.466510698791541029e-02 1.118631267980096027e+03 1.428967934089264355e-02 2.980678985093902611e+02 5.940203198554180517e+02 7.619203970606773737e+02 3.767445293519173788e+02 7.696968891733025941e+01 7.331014552155079400e+02 1.720260335272935663e+03 4.441957018652945521e+02 2.294688242037924795e+02 6.697106593161308297e+01 0.000000000000000000e+00 8.142908249514982799e+01 0.000000000000000000e+00
0.000000000000000000e+00 1.896836228965463818e+02 4.704006642761960677e+01 5.761859730960704837e+02 6.837624011172983955e+02 1.257220931374130714e+03 3.957276349641028332e+02 6.214575119782375623e+01 2.168954839114162496e+02 4.872467261156489537e-01 9.334935516096021502e+02 4.828023764492479775e-02 2.304596224928711194e+02 6.628899336573258552e+02 9.632525926103206645e-06 6.729484812821326725e-04 4.796568585448429012e+00 0.000000000000000000e+00 1.179625760948119711e-04 3.335364367432143951e+01 9.376371214784260246e+02 1.084023735844928069e+03 7.059838357895642957e+01 6.337855125612721849e+02 3.683842464730631150e+02 1.079092328211437177e+02 2.395374524899453572e+00 1.250531073289120741e+03 3.678211226927691513e+01 1.336173088177237389e+02 1.251544010698897864e+03 1.868336756469541271e+01 2.989120427056943363e+00 5.451646080307089903e+01 1.061222183121510170e+03 3.754576561284445688e+02 5.910974071913248054e+02
0.000000000000000000e+00 2.629418556566199072e+01 5.460327814409561553e-03 6.016202822665663064e+01 2.166131475070123713e+01 7.184490167885307983e+02 3.902146159984871474e+02 1.681044711875971416e+03 1.650341436711538279e+01 1.038374846454905907e+02 0.000000000000000000e+00 1.932887390020712530e+02 9.346755529109799454e+02 4.053585659758719117e+01 1.110805315375459259e+03 0.000000000000000000e+00 1.909930019859622874e+01 2.360884060769713955e+01 6.943888894609432327e+02 3.261944622561748588e+02 3.682070212372777291e+02 0.000000000000000000e+00 6.839076288506534596e+00 1.264760896697685666e+03 1.491185885238131050e+03 3.490512295250598527e+02 6.952166652598078826e+02 1.138560944119840769e+03 5.205404733055016830e-01 1.668026567397092776e+03 1.277375162134165576e+00 3.884912188298459910e+02 0.000000000000000000e+00 0.000000000000000000e+00 2.584232633228801319e+02 4.436050798765161858e+02 1.016000093235828444e+03
0.000000000000000000e+00 1.401705338968541881e+00 1.094315946841921405e-02 2.501035103107051571e-01 1.350212226375192004e-01 0.000000000000000000e+00 1.089332784597507271e+03 1.474392031544537076e+02 1.261456458625597743e-01 4.708643230147895054e+01 6.692329385282360477e+01 8.361494925766239703e+02 5.212682710205003787e+02 7.690795183129148427e+02 6.025647362859143641e+02 4.494250432471919687e+00 2.889157467330911686e+02 9.948936121915891135e+02 1.483697568652032430e+02 7.676030095998684146e+02 2.179798782863111626e+02 3.304726643287366414e+02 2.830465675857902852e+02 4.982308654322700363e+02 4.496514078889126154e+02 5.892805975720984861e+02 1.147608616834917711e+03 1.625890581287906798e+03 3.394085448781356540e-01 4.553666886350017080e+02 6.456795567087958716e+02 6.554548338357861894e+02 5.508861286397777803e+02 1.444458788605341169e+03 1.371912595430652800e+03 3.866230724676626096e+02 1.876768395560542757e+00
