output/example_1/lateral_incision_000172.asc
nrows	75
cellsize	13.33333333
xllcorner	0
ncols	75
yllcorner	0
NODATA_value	-9999
[rows 0 to 16 of 75, columns 0 to 36 of 75]
0.000000000000000000e+00 0.000000000000000000e+00 0.000000000000000000e+00 7.593259462781106777e+02 1.366821773850643012e+03 6.938183004394281852e+02 3.322898466254517871e+02 1.334620413499106235e+03 3.989037117104237495e+02 5.961565685188394070e+01 6.425295078029544804e-01 1.194283342739616287e-05 2.638001873447476815e-05 2.026420197800674146e+02 9.274754642652583314e+00 0.000000000000000000e+00 5.412460465191597483e-06 0.000000000000000000e+00 1.430772275955948469e+00 4.990219084527659776e-02 0.000000000000000000e+00 8.214038731092654518e-05 2.132444891575236974e-04 0.000000000000000000e+00 2.231114699250212551e-07 0.000000000000000000e+00 1.467995409988723132e+00 2.394697288128030332e-06 8.592563712945595588e-06 0.000000000000000000e+00 1.059712603314569833e+03 8.671616602136681422e+02 9.240312403002536712e+02 0.000000000000000000e+00 0.000000000000000000e+00 0.000000000000000000e+00 1.686286653330240881e+01
0.000000000000000000e+00 9.682761186527817472e+02 9.683680318336521395e+02 1.373522227554630717e+03 1.099931834023034298e+03 6.259030344074253662e+02 5.871592942234665315e+02 1.590091002640813542e+02 7.913259913192955537e+02 1.892551955504452508e+02 1.624981740043544898e+00 2.663333595828128963e+01 2.075377802363997830e+02 5.254029823123846654e+02 4.940587401952053028e+02 3.139775216685563919e+02 1.871878876377573589e-03 1.315370211327804057e-06 6.466909133955984998e+02 8.246627818548175810e+02 5.815755047017586321e+01 8.763151664203197910e+00 4.623939332681852754e+00 3.917985185865563835e+02 7.836494607328787652e+02 2.232924703102273511e+01 9.662371485168516072e-01 5.540484788662165556e+02 4.257561228666174316e+02 8.172041737730975228e+02 1.351785787365605884e+01 1.023679175679341142e+03 4.833394027496148624e+02 3.655390711571771423e+00 5.044055294350693538e-03 1.919069355123072853e+02 8.446011772069739436e+02
0.000000000000000000e+00 5.028599452838120669e+02 8.391768181345549138e-02 2.012145914809328140e+00 3.522124436432528594e+00 4.300258188833327608e+02 1.357317676969462354e+03 5.506504356997976402e+02 1.076997483617636107e+02 1.182777490459097436e+02 5.044953395310084261e+02 1.144408595832618403e+03 6.281950144279805954e+02 8.761398253756276517e+02 1.204023416251719283e+02 1.379693097628017711e+02 6.785748772461220142e+02 3.669541380584481516e+01 3.754269478380923033e+02 1.705078068670419214e+02 1.545100896685900352e+03 4.759417449566312541e+01 2.567416816481026842e+01 7.273038739250836215e+02 3.055454115571610032e+02 5.354915193850575861e+02 8.679211541846548243e+02 1.943643767923253733e+02 2.333387709147152691e+02 6.188364279074743735e+01 8.310454565051113605e+02 0.000000000000000000e+00 5.760748264849983258e+01 9.099709913976028020e+02 3.541898245557084834e+01 1.877647777442969790e-01 5.402396387665460225e+02
0.000000000000000000e+00 1.075888543901073859e+02 1.690651627239051038e+02 4.079353507841514670e+02 1.231173956078198671e+03 2.362908072936901931e+02 2.884480131279590687e+00 2.576710058671246202e+02 4.487154826579063069e+02 1.796416317207521161e+02 6.899975811833861599e+02 1.868230623572861293e-01 6.342656838788159348e+02 3.846812451302121758e+02 2.296906280333354857e+02 1.716070121654998957e+03 2.873547955180849272e+02 7.827147413848649649e+02 9.767115160656373973e+01 1.612122660150869251e+02 2.469459767208433618e+02 1.103644648334354542e+03 6.155300878845462194e+02 1.484514580004348083e+01 1.367526779372278952e+03 2.692834009109746063e+01 5.125597012544577638e+02 0.000000000000000000e+00 0.000000000000000000e+00 7.824080393555427690e+02 1.645986835491322324e+02 4.490941409157651947e+02 4.763486865423636232e+02 1.110090771287808593e+03 2.627024762349394109e+02 3.704770707290396103e+01 1.107056108755617743e+03
0.000000000000000000e+00 1.408319585932980772e+03 2.447012599664020343e+02 1.455231499235646197e+03 1.284393526951771719e+03 3.335154689615495727e+02 1.634075441519860988e+03 4.909071350990218434e+02 1.028410375880387392e+03 1.696898104295373457e+02 1.857297640335147992e+00 1.807803176662934845e+02 3.474892587926950114e+02 1.138108343044065805e+03 3.087043921731566343e+02 6.175981785536309872e+02 1.365984323618711869e+03 5.929584298628652606e-02 1.101016784604672694e+03 5.012906314024561283e+01 2.572015862189057884e+02 9.221001598621276116e+02 1.627532807323086217e+03 2.529109266694774760e+02 9.459689890143582716e+02 5.492005421549801092e+00 0.000000000000000000e+00 1.303681868211831185e+00 4.146432154622762312e+01 1.262350531175908763e+01 4.584541568916576892e+01 1.183813214239769195e+03 6.540800781786715561e+02 6.667221826367985216e+01 4.967943955372199905e-01 6.602290611312375290e+01 3.965848259602311714e+02
0.000000000000000000e+00 1.022218916527931015e+03 8.593153821066966884e+02 3.100269752336064357e+02 3.899234529245805447e+02 3.189084038197882442e-01 4.374926577501273073e+01 2.857064122448772991e+02 3.956186505464294214e+02 3.591289095734965144e+02 4.630361665738916486e+02 1.081554675810338750e+02 4.105695594580783592e+01 6.548034943218713124e+02 7.018921116141755192e+02 7.456488819858134720e-01 1.257977739655895675e+03 1.557666438131712994e+03 1.357671395801902690e+03 1.708949815499843794e+02 6.948685437018809807e+02 0.000000000000000000e+00 1.343402202811657162e+03 1.841560186927040945e+02 1.404215346040635040e+03 5.993538291066504087e+01 0.000000000000000000e+00 9.208011020692684667e+01 5.953753027984838582e+02 1.149786307367522113e+03 1.283242032436662861e+01 4.457287254886085748e+02 2.851885366530170813e+02 3.849374693888698289e+02 2.055133610537457116e+02 3.440280842222354636e+02 2.852004435380307568e-01
0.000000000000000000e+00 9.514278276927278739e+02 1.323725379416342548e+03 6.104229976434007767e+02 4.893851239226960956e+02 6.940359379536928373e+02 2.044624246166988257e+02 0.000000000000000000e+00 4.529926910732251031e+02 1.406731694134638055e-01 7.672657248859444508e+02 1.136911258774050424e+02 3.216789476574669493e+02 1.716152482942508470e+02 9.439463758888387019e+02 8.590681547849596882e+02 1.723663329654556708e+00 1.480173038105016758e+03 1.013498595635713428e+02 1.308327893527162587e+03 1.228308815172543291e+03 5.519858703139440195e+02 6.491130734010669130e+02 2.288649549637430027e+02 5.032171413150429657e+02 8.460423688992863163e+02 0.000000000000000000e+00 4.225745597238736551e+00 1.949236208553330698e+02 2.237690643703436777e+01 1.474601256239551219e+02 6.131075427348995390e+02 1.249863798069241305e+00 0.000000000000000000e+00 1.149050337244144202e+03 1.566485566697464947e+03 2.712036514186727914e+02
0.000000000000000000e+00 0.000000000000000000e+00 1.131503900774379545e+01 5.950440095697889120e+01 7.856988426894235999e+01 6.042110714006654462e+02 2.826519733074910050e+02 0.000000000000000000e+00 8.217669451577052087e+02 8.436379917440307281e+02 7.675961075003909855e+02 1.045882989927226134e+02 1.102342021676197874e+03 0.000000000000000000e+00 1.263280130999257381e+03 7.025873921985549941e+02 0.000000000000000000e+00 1.711264387004510127e+03 1.584253465487302837e+00 8.037743027660016537e+01 0.000000000000000000e+00 2.023341449711709004e+02 1.320338095540821769e+03 3.783760141474564307e+02 1.631218424952629903e+03 1.432070590001289702e+03 1.689365501577113378e+02 9.269409050557476348e+02 4.025818370046359860e+02 1.937038853341478841e+02 0.000000000000000000e+00 5.627463991113264541e+01 1.732434171416348079e+01 7.426150798742431789e+02 5.425341921308616975e+02 5.633747587518854516e+01 4.446175873727809602e+01
0.000000000000000000e+00 6.272363718774333847e+02 1.274677150848623569e+03 4.482010134078332158e+02 2.971932544217621626e+02 6.097941315911738229e+02 0.000000000000000000e+00 2.310388967473780042e+02 1.205144950876812118e+02 8.049764569213001550e+02 1.495043968588402379e+02 7.955632584293538230e+02 1.478418021013897032e+03 6.175433613704137770e+01 4.046051699977882663e+02 2.816927814110765667e+02 3.765740773784706903e+02 5.488816117207380785e+01 1.602927315555992209e+03 1.010580078662997380e+03 2.916757036570057267e+02 1.600912404611339298e+03 0.000000000000000000e+00 2.926845998753190656e+02 2.921149720594398502e+01 1.227288441541063833e+02 0.000000000000000000e+00 0.000000000000000000e+00 3.843960629442104278e+02 1.735817648054815976e-01 9.641685972817342645e+02 1.350659601702963073e+03 6.008514786289474614e+02 4.288876951742666961e+02 9.291097225038459584e+00 1.517694525123698668e+03 4.750796461554155030e+02
0.000000000000000000e+00 3.998360087891676358e+02 9.521691739250052251e+02 1.658066728446426907e+02 3.667433704377044137e+02 8.581813621549887330e+02 0.000000000000000000e+00 1.462460737612634375e+03 8.837554981091997206e+02 5.484448682816910150e+02 1.243294255418591510e+00 2.838210290730550582e+02 1.351712991859054227e+03 0.000000000000000000e+00 4.857854376984573719e+02 1.681527631275591261e+01 0.000000000000000000e+00 1.423764493808277465e-01 1.082444071513843710e+03 1.199575278717168771e+02 5.399861913182716080e+02 1.231644210092237984e-01 8.517815256705163165e+02 1.573287578956641482e+03 5.679246174289392002e+01 1.253325165060485915e+03 4.356020498803282521e+02 1.087633444711693073e+03 1.019777672217880308e+03 6.069464293495434504e+02 3.393944385333952374e-01 3.733084784356316277e+02 3.913783462795577179e+02 7.176121214701869633e+01 3.455885121993242937e-01 5.824469342791003328e+02 3.974460406872548788e+02
0.000000000000000000e+00 2.332748130966547651e-01 2.283281257273730436e-01 5.258773309305476005e+02 3.730410323996716784e+02 4.448306196509922188e+02 3.539078849708781149e+01 2.023949380341516857e+01 0.000000000000000000e+00 5.279780834117443646e+02 1.627148092606861551e+00 1.495207985602540930e+03 1.536728795808960657e-01 1.324313624925800468e+03 4.465962224535908298e+00 5.562332750433449746e+02 6.376896968858100081e+02 1.379056699009144040e+03 5.760599663182162544e+01 1.641666582964011013e+03 1.206835598835098381e+03 1.340428587100032376e-01 7.783324826887750305e+02 1.561232700548089269e+01 1.113567248583998435e+03 2.520063354483887963e+02 1.741881117486186348e+00 6.462975436061642931e+00 8.241813201116011669e+02 1.267053630842527809e+03 1.634148528101269449e+01 9.086871362259045792e-01 1.297900369922118671e+02 8.252380909867944592e-01 3.381473595335428683e+01 7.880319878764200325e+01 5.923138909724233372e+02
0.000000000000000000e+00 6.376262982529763121e+02 1.168802705692981192e+02 8.015742843839265106e+02 4.667699109827410098e+02 2.524216900757328403e+02 1.392230464813154867e+03 3.913818117456889922e+02 1.046762649978892568e+03 1.373828169161155017e+02 7.289466610671992441e+01 1.093044594774674607e+02 1.639395547868356289e+02 0.000000000000000000e+00 1.071386935529551238e+03 1.246591795836108076e+03 4.108870207438482112e+02 6.587113391489663172e+02 6.532516906287742131e+02 9.503498208913586609e+01 9.732159614908658796e+02 1.697695247334755322e+03 1.466510055594674782e+02 8.892842420563509904e+02 3.793698005163624885e+02 1.000565643178316918e+03 0.000000000000000000e+00 7.723740457299250011e+02 4.141049831870096227e+02 8.114234515350414085e+02 1.476505558168225321e+02 1.434145086986995466e+03 1.792082298312162592e-01 4.313691184605515616e+01 1.766543770055675679e+02 3.964282010526820841e+02 6.875800170366948123e+02
0.000000000000000000e+00 2.741252710668730330e+00 8.988895707118164324e+00 2.220398349559221884e+00 4.147671832870721431e+01 5.893623388165103449e+01 2.946938854621231485e+02 1.011533351418289044e+03 4.526745606339642336e+02 7.141703236475427730e+02 3.374036199545597015e+02 3.515780578739143181e+01 5.054801142986065656e+02 7.440026795129767834e+01 0.000000000000000000e+00 5.296864409166784071e+02 0.000000000000000000e+00 1.299900260197169359e+02 1.446193848189882374e+03 1.059273441190598533e+02 2.724359742952401131e+00 0.000000000000000000e+00 1.112426774506200999e+01 0.000000000000000000e+00 5.833768383086143317e+00 1.617641342273737237e+01 5.167530477145451187e+02 1.721582711315127426e+03 3.977790747760765839e+02 1.082963123872897313e+03 1.342330588551294795e+03 8.047066189164362449e-01 1.624626625287664638e+03 1.441859076392884617e+03 4.291857822632941861e+02 1.867433360235534394e+02 1.418057540938092416e+02
0.000000000000000000e+00 2.007600409867006022e+02 3.164820804759284556e+02 7.744381290441194210e+01 5.649373523028226600e+02 2.135204007856177644e-01 1.265792604399729460e-01 6.070365242509432768e+00 2.762905879320337590e+02 1.209878522691599983e+03 2.352053690255611968e+02 5.742867338616322286e+02 1.034440944011360898e+03 1.320710702378550195e+03 2.927989680668056849e+02 4.850783732980700202e-01 2.084649326253059201e+02 6.190472874578580331e+01 9.287949467644139867e-01 0.000000000000000000e+00 7.990471119937277535e+02 4.369836703160493130e+02 2.082737571694521819e+02 1.186333007214833970e+03 1.531473818304486372e+02 1.303628440473978117e+03 2.290277714111262242e+00 9.999916954448331285e-01 6.192450027497112153e+00 3.464267205380368697e+00 5.771752190033937069e+01 3.735347101832649628e+02 3.797906408767807420e+02 0.000000000000000000e+00 9.760769867627778922e+02 6.126942122432862625e+00 3.525069146798211364e+02
0.000000000000000000e+00 1.530876280257596136e+03 0.000000000000000000e+00 1.257838927695406852e+02 8.476351132967004105e+02 1.212894260806971715e+03 6.262968224003659543e+02 7.100435252256811509e+02 1.817999098984378614e-01 7.789509182069694226e+00 7.062556178014687269e+00 1.108575105768074209e+01 1.260298041778540146e+01 1.616318214569484724e+01 2.481855667000229637e+00 2.103661126496592146e+02 4.762394837634111013e+02 1.297866133295406676e+00 9.835664809007923850e+02 0.000000000000000000e+00 2.353780400218828728e+00 3.269138201457877244e+02 5.584319499773370126e+02 1.101377019637538297e+03 5.328995660134783918e+01 1.076869745422037795e+03 3.458259442703344462e+02 4.354649909951533573e+02 1.748184845620845351e+02 7.567709515925560027e+02 0.000000000000000000e+00 1.039644142329544252e+02 4.500446197512129061e+02 1.306707138791952048e+03 2.984586974041558278e+02 2.886195337966760732e+01 9.022598637380655191e+02
0.000000000000000000e+00 1.550561467048449231e+03 5.249174253575727107e+02 8.243931649396029115e+01 7.584907000412570142e+02 6.879218023132133908e+01 7.719637809452829060e+02 1.546044571878971965e+02 7.532238975475469260e+02 4.796250380207172839e+02 3.657862935916381275e+02 1.195574518141691215e+03 8.667410110446245426e+02 4.329498582821349828e+01 9.225726785419192311e+02 4.862394577045828226e-02 2.187177322802422013e-08 1.438758274511146283e+03 6.670144567259616224e+02 1.003757604665950566e+03 8.874868507725961990e+02 6.074321927897496032e+00 5.317890354907427763e+02 1.209439697802199589e+03 2.732363270929024868e+00 2.776071848523286008e+02 6.326414070710600299e+02 0.000000000000000000e+00 7.652382105923095423e+02 6.882883433443889865e-02 8.750290823086686487e+02 1.840111635294846559e-01 3.643628794353365379e+02 7.470216395088843910e+02 1.069117323008801577e+03 1.057362298333898565e+02 8.095451404069447676e+01
0.000000000000000000e+00 1.135919115966331674e+03 6.743136147519152024e-02 6.223150607900893192e+02 3.689860559683185159e-01 4.801793525344402269e+02 3.342550276487946235e+02 5.372263237591595519e+00 4.079244478181232694e+02 7.652700150900219569e+02 4.004375154029075929e+02 0.000000000000000000e+00 6.777736465380922937e+02 3.250234974643829560e+02 5.863256360151948456e+02 0.000000000000000000e+00 1.136043787629858343e+03 3.023073357703260200e+01 9.083369463478480839e+02 5.591478146294652873e+01 0.000000000000000000e+00 0.000000000000000000e+00 5.286733387866109979e+02 5.908836416650352703e+02 1.336077345543658623e+02 5.403379327467557687e+02 8.707982038998503640e+02 0.000000000000000000e+00 5.209986029191450143e+02 1.620154199498865921e+01 1.321910040295481394e+02 1.234699697790642858e+03 5.456016812907432012e+00 1.632843432458156713e+03 1.772553340336372969e+02 9.167889137598651814e+02 1.253398186660786905e+03
