output/example_1/lateral_incision_000317.asc
nrows	75
cellsize	13.33333333
xllcorner	0
ncols	75
yllcorner	0
NODATA_value	-9999
[rows 34 to 50 of 75, columns 37 to 73 of 75]
8.574959756012736989e+02 3.406988523581335357e+02 0.000000000000000000e+00 4.706345025840875564e+02 4.265665198537388960e+02 4.009284863350326873e+02 8.609861422903566108e+02 1.972245570833632371e+02 0.000000000000000000e+00 4.508700573142367602e+02 8.391373372969552520e+02 1.971185930456752944e+00 1.014421568569907436e+03 3.240636579871132881e+02 5.194272429690258832e+02 9.940123849781986110e+01 1.561336648106239977e+02 9.485976372643814614e+01 1.586863147383277521e+02 2.896894144510953879e+02 2.798223231808079277e+02 1.415396628895602191e+02 1.889629675388167982e+02 1.167640786537739586e+03 1.343644000928954711e+03 3.177348991080140195e+02 6.760439104294633808e+02 1.075223278900885589e+03 1.765039508360229803e+01 2.836901677658556764e+02 4.479896979017481158e+02 2.084072252260908442e+02 2.461398396708979703e+02 3.014748550151283180e+00 8.789913511790827272e+01 5.040827402041914596e+00 1.408250217912491564e+02
1.577061513750162021e+03 2.033985988949818307e+02 5.270045244876669699e+01 3.973372838857194278e+00 1.176787605853385458e+03 7.485757320059974518e+02 1.706910538552292067e+01 4.971661275246344189e+02 5.607018109697861519e+02 1.610335415744122258e+02 1.668727559264888782e+02 3.079472310654464140e-01 3.602272103470879756e+02 1.587484878437685666e+03 9.919346363471170207e+02 7.304617366186834033e+02 0.000000000000000000e+00 4.744543024944605918e+02 1.058665179694939525e+03 6.939058938889410229e+02 1.663816493499268176e+02 9.223458968707416261e+02 8.117880535287273460e+02 1.143022942546814647e+03 5.229319176041252604e+02 4.157574241707442297e+02 1.347373471194992590e+03 4.919831969203622748e+02 1.920146405338812201e+01 6.007477305717556249e+01 5.946341116588916842e-01 7.948265026340995121e+01 4.098909105091954608e-01 1.124634601730536360e+03 2.939185964729948068e+02 8.730655822021433323e+02 1.249416121702756328e+02
0.000000000000000000e+00 0.000000000000000000e+00 4.308614951975282565e+02 1.394579081405327692e+01 8.526595952011367672e+02 4.162629538882292763e+02 6.469811342666165501e+02 0.000000000000000000e+00 7.142651076487848059e+02 8.702983017300949375e-04 0.000000000000000000e+00 1.570369571877400290e+02 1.495057089800379124e+01 2.055450355394916606e+00 3.631819943734490153e+01 2.730512159206963929e+02 3.937942687867719656e+02 4.238705766654736635e+02 1.203660796864162608e+00 2.019115303532123562e+02 2.256303618295591562e+00 0.000000000000000000e+00 1.334098955631142417e+03 1.427386884461676857e+02 4.433070543028169368e+02 9.889971145286480123e+02 8.490755236219242761e+02 3.028294002954856410e+02 1.592965015165045095e+01 1.406221609726301040e+03 9.311438005313634676e+02 1.347889688412109308e+03 9.737887569558637324e+02 0.000000000000000000e+00 5.025757774639906188e+02 7.291268912485807050e+02 6.244198152719383188e+02
8.913292079128749990e+00 8.101730764952750405e+02 7.061196128527690234e+02 8.684051776414666080e+00 6.623105636803283005e+02 5.395621513378851652e+00 1.085225611144270488e+03 1.098934235740117401e+03 9.707386419008732048e+01 1.235152935400650676e+03 0.000000000000000000e+00 1.500307101861866158e+03 3.715518078122065049e+02 8.300342517325607332e+02 4.320166089886148808e-01 3.254282242466849162e+00 1.994660401372357228e+02 6.355771959145749328e+00 6.459179443175725055e+02 3.145045023759864122e+01 4.113650777136472243e+02 1.093211206232644273e+01 8.500079218370159140e+01 3.554405083909068139e+02 4.056487964864944047e+02 2.780365903440265574e-02 5.063235731304835063e+00 5.508544915306842995e+02 1.200782411938746463e+00 3.385610095681756206e+02 2.661744024896818246e+02 8.584497440955263983e+02 8.371802708726994524e+01 5.545883991281637009e+02 1.147687267185323323e-01 1.021569658393181186e+02 1.503505725738712329e+01
3.538853918411278414e+02 0.000000000000000000e+00 9.556741317104140307e+02 2.232649001203358807e+01 2.657256698231023506e+01 7.447175185695414923e-02 2.406391047610898113e+02 2.620449492348712606e-01 6.558793077247215706e+02 1.130706068186931816e+03 4.390851087131172790e+02 6.724253619526902526e+01 1.248661721882557913e+03 8.115653262970392916e+02 5.158955283556956601e+02 5.041337737740148484e+00 9.792351388377522881e+02 1.172884739930440645e+02 1.189835526021419355e+03 7.654996358255410769e+02 1.263258367985654758e+02 8.471185474146926708e+01 8.452970410584244121e+01 3.234447407247390061e+01 6.938960478724225140e+02 6.756618917218160050e+02 8.066714900001867363e+02 1.904582275626004062e+01 8.104499480582147086e+00 4.833380968705500322e+02 0.000000000000000000e+00 1.945133209043664024e+01 1.834782571938066198e+01 1.000090889886187824e+03 1.579827648513557506e+03 3.638175119272703455e+02 3.894801988134116044e+01
1.802402954583709061e+03 1.374845929677102276e+03 0.000000000000000000e+00 1.542042168367748332e+02 2.163142833013087341e+01 0.000000000000000000e+00 0.000000000000000000e+00 6.646640760769622602e+02 1.805539674370198554e+03 1.149929630960128293e+02 1.186453574726180250e+03 4.720889228973920808e+02 1.515324162031888200e+01 4.864391216960832764e+01 8.449953043490019411e+01 3.690340444510237035e+02 4.141608959688647218e+01 0.000000000000000000e+00 0.000000000000000000e+00 3.882814473501967996e+02 3.605092770829315327e+02 1.172465144353535464e+02 1.378074749097188260e+03 9.822269858313940176e+02 3.321630345717050403e+01 9.161525834124171297e+02 0.000000000000000000e+00 1.175575375177103979e+03 0.000000000000000000e+00 0.000000000000000000e+00 1.408648285481018547e+03 1.696826883813443601e+03 5.466938201013409753e+02 1.283120608895609394e+02 2.169048359055533126e+02 3.832392370414383187e+00 1.862282635041153753e+02
5.736880956033338634e+02 3.472674609307464948e+02 2.361703410244075929e+00 1.515201885519444431e+03 1.674815143331094077e+03 4.977110171518819293e-01 4.689776530107641150e+01 1.421321059556320733e+03 1.028944337528428150e+02 9.439226739523375045e+02 3.607993378167568039e+02 2.954180235566777313e+01 1.071249213508592213e+01 3.372525786279211388e+02 3.979074842354307862e+01 3.066028243388578267e-01 7.989930932258723715e+02 1.300039194012753569e+03 1.239991629137725340e+03 6.492084581480048655e+01 1.190360521439281001e+03 4.958723996748362879e+02 3.763349296136654942e+01 2.538341799790789253e+02 0.000000000000000000e+00 6.537029666047100136e+02 3.116271521427934399e+00 3.665478197307680830e+02 5.535183142480109453e+00 3.659252916511861144e+02 0.000000000000000000e+00 3.680704302563850661e+02 4.174695847188584708e+02 1.325941338292479486e+03 2.599844559181672139e+02 6.324378984944447666e+02 5.197729576949959851e-01
3.507351882672186889e+02 8.967632401867247154e+02 3.631172646164666844e+02 0.000000000000000000e+00 3.122971918822085158e+01 1.548093689550377803e+03 1.581250784889654710e+02 2.285028535662504690e-02 1.479285613953235412e+01 0.000000000000000000e+00 0.000000000000000000e+00 9.052879279822731107e+00 0.000000000000000000e+00 1.556686318234706619e+02 3.675485865237090310e-01 3.176940840886033470e+02 1.929461792927628494e+02 5.058476900923980111e+02 6.731595833317072675e+02 3.967289564732677150e+02 7.268678393501208645e-02 2.713365242337310974e+02 4.910641679336889069e+02 2.469888722384179047e+01 2.845424408222334023e+02 1.632315261337093659e+01 1.033659497859716339e+03 8.585357393619876802e+02 0.000000000000000000e+00 1.007836305384289062e+03 5.921428205712245152e+00 0.000000000000000000e+00 1.985664821622469276e+02 3.421406950075127611e+02 4.640873651891125746e+02 6.285667975138904495e+01 8.627606275989203155e+00
3.458407250708281566e+01 1.187341154514934942e+03 2.056202785363289820e+00 7.300409560382335030e+02 9.556578102076809245e+00 6.098365752101639146e+02 1.191351756418423292e+03 2.982602980211931367e+02 2.236322757886122474e+02 3.732994839934294760e+02 9.281073704151447146e+01 2.840685599405877948e+00 7.100603075482359827e+01 1.957817347945810527e+00 9.356647299187324052e+02 8.944901911982111642e+02 2.256890713918616242e+01 9.364061465526692700e+02 3.469364992098975335e+02 1.651341277975552657e+02 2.285967610954716633e+02 1.207800734513225080e+02 0.000000000000000000e+00 1.014615682652181619e+02 6.508881492226992123e+02 8.399644827729896406e+02 1.446137459186922570e+03 1.553036954389642005e+03 1.402090446233439280e+01 3.573486727649653005e+01 1.342497561167640242e+03 8.632437985616561491e+02 2.425823824600801402e+02 8.188973872558344738e+02 8.698733421920386490e+02 1.127551914869658560e+02 3.603773411722685864e+02
2.025645897505073734e+01 3.077372356342496005e+02 2.820624891588353194e+02 9.791780871843516252e+02 6.202649023300659259e+00 7.453455708452150930e+02 0.000000000000000000e+00 6.284367737534591924e+02 6.334601685279502448e+01 1.740409277153651957e-01 5.824927540712679956e+02 2.570602090120310095e+02 3.138656580968680601e+02 1.365658576786414535e+01 1.022355172326123238e+03 5.706705864102169556e+01 1.105469739479608961e+03 5.908617974327298725e+02 5.237489139313412352e+02 6.722195732158626242e+02 7.294295356676585698e+02 1.258797252861175139e+03 1.901365620147228981e+02 1.106287175445728735e+03 4.025893619544793189e+00 4.418732545786971855e+02 5.352898949850231247e+02 9.443301509351308409e-01 2.261569153226623712e+02 7.214642514404129088e+02 6.505761921472765774e-01 1.525562529246866461e+03 0.000000000000000000e+00 1.537592055891032032e+03 2.973186902726096719e+02 1.438899333074884680e+03 8.712585868420662791e+02
9.604761790075515364e+02 3.124734865693122865e-01 1.295177786863299207e+00 6.556936340893087163e+02 1.062772441026533699e+01 1.275233837197631374e+03 6.504013332489550692e+01 4.361614880598036166e+02 0.000000000000000000e+00 3.197832743091257726e+02 6.900918052833502543e+02 4.521446588663183661e+02 1.761075574583678360e+02 2.107565758312719311e+02 1.294740402806300608e+03 1.527741524771827208e+01 1.837624323273659854e+01 0.000000000000000000e+00 6.922663566222289546e+02 5.429152307486290283e+02 1.473186642884089537e+01 1.487020819024204002e+03 1.385878882384579583e+03 1.595320191131731008e+03 1.232199593698018361e+03 0.000000000000000000e+00 0.000000000000000000e+00 0.000000000000000000e+00 3.401987148850180347e+02 1.437987929062015446e+01 7.673343133889264891e+02 1.505815769375257185e+00 6.900395280829222884e+02 5.315787119476603984e+00 1.118463299022662795e+03 6.467831179690195995e+02 1.888096839493023893e+01
1.018831604123755028e+03 6.721634930593089621e+02 1.119806736932008107e+03 1.904563616725633437e+03 1.594351391504672577e+01 1.891075951476863565e+03 4.177838869792492460e+01 3.757867700687681349e+02 6.961642941156842426e+02 1.454827672694475211e+02 3.623762218374694726e+02 3.230453178113126569e+02 8.404599394051972183e+01 1.130105138183209419e+03 5.800655533471876879e+01 2.909430768766822339e+01 1.074135497594609205e+03 8.638440889464450265e+02 2.373788260007519852e+02 3.805300587747254326e+02 2.766776090576614138e+02 1.398454678053156783e+02 9.077440424308816773e+02 3.797321238870015350e+02 9.943061814810482701e+01 1.131893147812029611e+03 3.857361995155247882e+02 1.068746171652815935e+00 4.546124504172834883e-06 5.334123048259159532e+02 8.572333832928389938e+02 1.544804816050766476e+02 3.467701143922664642e+02 9.750687057120059080e+02 0.000000000000000000e+00 7.593830157350831200e+01 6.394737103632504613e+02
0.000000000000000000e+00 2.517562812140687889e+00 8.125349082619084129e+02 3.486271171183915953e+02 0.000000000000000000e+00 2.364594330555966906e+02 0.000000000000000000e+00 1.336060881614403797e+03 1.128610921702952510e+03 2.459346048645513427e+00 9.256628197607630000e+02 1.482005138883751840e+02 5.328572194190348910e+02 1.575966193105840887e+02 2.047014764384409773e+02 7.373052415827795585e+02 6.618938870659263785e+02 5.331791884666725991e+02 1.140564361207728297e+02 4.070584123697611290e+01 4.323232608715375136e+02 1.131117804720742015e+03 3.604298483391779053e-06 8.926677553559311491e+02 1.873578144944966652e+03 1.164466067375286912e+03 1.813673632288073101e-01 2.487948315288117840e+02 4.643737384017317140e+02 1.764839802000280500e+01 1.275598312454871361e-02 3.780656554448724478e+02 1.118263837379908523e+02 3.364860048491541988e+02 3.730851172496562640e+02 0.000000000000000000e+00 3.439504555845797995e+02
7.286070482572750961e+02 1.617036019470597108e-01 4.292358622933887204e+02 6.280177076525720850e+02 1.442899975692423823e+03 2.316939508489463506e+01 4.823204513790537362e+02 1.381009787794021690e+02 8.748581397046554287e+01 1.399038865267183951e+02 2.826427594742400515e+02 2.640130075822414142e+02 0.000000000000000000e+00 1.311003113539828519e+03 8.428066574344335038e+01 6.154699466950276019e+02 6.730209127416741239e+02 0.000000000000000000e+00 6.944540053708645928e+02 9.702746980037001145e-02 1.720016039921891320e+02 3.339955646257750459e+02 1.050242707364622447e+03 0.000000000000000000e+00 9.994803982959523410e+02 2.081952136672982689e+01 1.021770733215638643e+03 4.277747073640629196e+02 3.503488428435588276e+02 2.335521926982556451e+01 1.408078186621187378e+01 6.330159376866056391e+02 1.496786435035874376e+02 8.816488827412064211e+02 6.186111334266832955e+02 9.080892010251601221e+01 5.479733633903553027e+02
1.659824477288198041e+00 9.339816404445518971e-01 9.876227894553118176e+02 5.462066446485620190e+02 8.122516237720468268e+00 1.301059669618515500e+03 1.672068927324557080e+03 4.987679282014818227e+01 8.550647725439298483e+02 3.934322165120994441e+02 5.231243851145686818e+01 4.020139071353469831e+02 1.331393181077870622e+03 7.805448920560384067e+02 1.126413188216424857e+02 9.523723771029170848e+02 1.239249681021372680e+03 2.159598201475031035e-04 3.454601649807484591e+02 1.112610502846350471e+02 0.000000000000000000e+00 1.442125486460689956e+02 1.689635738591577896e+00 9.949995548612772609e+02 9.857886227444945249e+00 1.439277490436187463e+03 0.000000000000000000e+00 2.151683838370390163e+02 1.067636301055579452e+03 9.157045749543300417e+02 9.249325834061941123e+02 0.000000000000000000e+00 2.256228514044443330e+02 1.171412950666041979e+03 4.952510423307036262e+02 3.873017453247955899e+01 3.070178049910318236e+02
1.720055628541948920e+02 4.938260411618237145e-01 4.955415763866454881e+02 1.366491164990821794e+01 1.220870904269664834e+03 0.000000000000000000e+00 3.435251171533188312e+02 6.123642571369358478e+01 0.000000000000000000e+00 9.237895250003799674e+02 6.473595085507506397e+00 3.494347656716218466e+02 9.820311321387124508e+02 3.488163416564601107e+02 2.250041784275209977e+01 3.135093634211816607e+02 3.433576451902576991e+02 1.223641005401229222e+03 6.783318848399810577e+02 9.247128247341133829e+02 1.278322615715002030e+03 6.835271730457266415e+01 1.635386396816357774e+03 8.709777892381387119e+02 1.833645422480723930e+00 1.304960826485163125e+03 1.054744370417263184e+02 3.303225897442055015e+01 2.809943224152292487e+02 8.131549921877118114e-02 8.057319181148380949e+01 3.725980924857813292e+00 6.386198292568856516e-02 5.360894342510588331e+02 6.854309119339569634e+02 1.006855088436305095e+03 5.569224480640966135e+01
9.755734541590829201e-01 7.770464813046767429e-03 0.000000000000000000e+00 4.358037845280596656e+01 6.132198203385745501e+02 0.000000000000000000e+00 5.248167888157549896e+02 4.548957368273709676e+02 1.853174843274905115e-01 8.067509915415200794e+02 1.560669543538780601e+02 3.596399479212622055e+02 0.000000000000000000e+00 4.022973486507358984e+02 4.708576732446009601e+02 2.223236495057767215e+00 6.551168109875139862e+02 0.000000000000000000e+00 2.849182521523046674e+01 4.600151931129464344e+01 1.038805926482472842e+03 6.591729253094950991e+02 0.000000000000000000e+00 0.000000000000000000e+00 2.796807599228217782e+02 9.665671197865468400e+01 6.385656522400822723e+02 3.406533729060249129e+02 2.574027754764886140e+02 2.368239549034944957e+02 6.992701870182602875e+01 3.687335435378716397e+02 5.468857987696118528e+01 1.008910640742201736e+03 1.192187787364531459e+03 6.846096185045926177e+02 9.608749382758730917e+02
