output/example_1/lateral_incision_000351.asc
nrows	75
cellsize	13.33333333
xllcorner	0
ncols	75
yllcorner	0
NODATA_value	-9999
[rows 0 to 16 of 75, columns 37 to 73 of 75]
2.730880095320796741e+01 0.000000000000000000e+00 4.020924072664800331e-04 0.000000000000000000e+00 3.979261858437778687e-01 0.000000000000000000e+00 0.000000000000000000e+00 5.525900172972106512e-03 1.975129308987696054e-03 1.188172025416675964e-01 0.000000000000000000e+00 0.000000000000000000e+00 0.000000000000000000e+00 1.935879317804396393e+01 8.108273727206165293e-02 2.093329821185450912e-01 3.815658800127624204e+02 5.534273966179734998e+02 6.760571021001833287e+02 5.558879181938473835e+01 8.372223329491361028e+02 0.000000000000000000e+00 5.570414108035605523e+02 4.026352472758312615e+02 5.022033694440563067e+02 9.270076761518872388e+01 1.642259001771812166e+02 4.971400586072146629e-06 0.000000000000000000e+00 5.267006942434419869e+01 1.048169385794283137e+01 1.556254070430262981e-01 0.000000000000000000e+00 1.171760928489934850e+00 0.000000000000000000e+00 2.608628469712240827e-01 0.000000000000000000e+00
3.932863815346397729e+00 8.097447668449901936e-01 1.091569533275524926e-05 2.691510682692550560e+00 8.986150317401065024e+01 5.485562588111632749e+02 3.843574829575582044e+02 3.765819949223700291e+01 6.374126099482212027e+01 6.412547454996051783e+02 7.038431330337188285e+01 1.850239883113055441e+02 5.142995434043970704e+01 7.397369280921828327e+00 3.983357050278344786e+02 2.417496114965107950e+02 1.218119838240044430e+02 1.744911411933004501e+02 1.686245432540737852e+02 1.410561675004774543e+03 2.357341025162220092e+02 1.402402216935880688e+02 8.171887945321950610e+02 2.148288989997606109e+02 2.473597919061257926e+02 6.568773512519492215e+02 1.409761362953452135e+02 2.954087908138529617e+00 3.174979991003321089e+01 3.595333971346759938e+01 5.764757463916935443e+00 4.897071830018683727e+02 1.534099502341866206e+00 0.000000000000000000e+00 1.502651668884355907e+01 1.445131741801457963e+02 1.729301063392857829e+00
1.500815591022999797e+03 1.747773916233915656e+02 3.728455269687527789e+02 9.227045548460648661e+02 2.392194209808206651e+01 1.317249684579902214e+00 0.000000000000000000e+00 1.583301196159601432e+02 3.601008811248312327e+02 7.211590281191197391e+02 2.227256397462392385e+02 1.672883519906750507e+03 9.430075853874126324e+01 5.932036679945714468e+02 1.421435303725046424e+03 0.000000000000000000e+00 5.274304669058288937e+02 3.880015020436640611e+02 9.548633792224252375e+02 4.513801140765874038e+02 3.671965630308280879e+02 1.245846611071554435e+03 2.903213010714280244e+02 1.389065592664035442e+01 4.607602248083180996e+01 9.260126686869637069e+02 4.348353923823064093e+01 1.304291243534060413e+03 1.594030328202368594e+02 4.210310892323196299e+02 5.260929380960050139e+02 5.106455318057936665e+01 1.300542620101636430e+03 2.621197441693139041e+01 1.714199232696188062e+02 6.118732799458408778e+01 8.765127023220811679e+02
5.591463226864244689e+02 2.221222187883289401e-01 7.285266248559167934e+01 5.658204941088538362e+02 6.504695709539458903e+02 3.602746896078615180e+01 1.742724543854609820e+01 4.142540375052616923e+02 2.291208543756636971e+02 5.191594370403748826e+02 2.916655278402511726e+02 3.810720398148877166e+02 1.015406243904161272e+02 9.651310817438819356e+01 1.060575387303105828e+02 9.106311238600839033e+02 6.972238870844065559e+02 7.397762339778611640e+00 8.273922895628061269e+02 4.269654385677163759e+02 1.482589438092321416e+03 0.000000000000000000e+00 1.126473547033810064e+03 1.290422336699257357e+02 3.170813130593202231e+02 3.189968560455372426e+02 1.481277334257163147e+02 1.121533227031243882e+02 2.996328692802326543e+01 9.560528860506595947e+02 0.000000000000000000e+00 6.612958422148707882e+01 5.202761911729346593e+02 1.614737512546732034e+02 1.044814572388889040e+01 3.115929867805467097e+02 7.042091711054721372e+02
3.142313338979175796e+02 1.991207025423012453e+02 6.712163493526578861e+01 1.137630238945405381e+03 1.297703932386936856e+02 4.729553065858573859e+02 1.366865004565303025e+03 6.380989678490148975e+01 1.140925340393959914e+03 2.166794411267317173e+02 3.049065343637233738e+01 4.787683887324938610e+02 7.545149746805096811e+02 2.217862258491533345e-01 1.278548428611769850e+03 4.566953443696048112e+02 9.833759622755461578e+02 1.162390329735010255e+03 5.826891187867752286e+00 5.883453057771044570e+01 0.000000000000000000e+00 9.350525210140198169e+02 7.324323454544949072e+02 5.323628659318446665e+01 3.621131383283400282e+02 1.133318936796141770e+03 6.922700214192870760e+01 8.207137432639303825e+02 1.363620841949709757e+02 1.291814742137457017e+02 1.061936285887562462e+03 1.261794289857843523e+03 2.920400277215981077e+01 1.865831825412288936e+01 2.360428310264114771e+01 2.614956035363125508e+01 1.192785875282785355e+03
1.076186760536449356e+03 1.868388926675564221e+02 0.000000000000000000e+00 5.970208285830907471e+02 5.190908997459240481e+02 7.220969996910927193e+02 9.438023909178028816e+02 2.902766499136766924e+02 2.568166469943727215e+00 3.987133684033044574e+02 1.584506367759370960e+03 4.675625840802588300e+02 2.185534123193760170e+00 6.347429028438037903e+02 2.020817904110487291e+02 1.053084696520152086e+01 5.403595370409961873e+01 2.090861730709693944e+01 1.308441337082376322e+03 7.871480116278469268e+02 2.540475865212327449e+02 4.977773415966928638e+01 6.371881604623949613e+01 2.107270224466766678e-02 4.395842877881443655e+02 3.683327124283325134e+02 1.884503444339458724e+02 1.310592927712345272e+03 2.873087913999530585e+01 1.979608707723994598e+01 3.786834435878341765e+02 9.679897682736924480e+02 7.493917307206235137e+02 9.368946447267154554e+01 1.559755445038148991e+03 8.303888324195057749e+02 3.623733652403109886e+02
1.003949578392264925e+02 5.364535710397348112e+02 9.222901030164472047e+01 2.912403187078822786e-02 1.591335381294894376e+02 4.762695163385661772e+02 7.459803066310290660e+02 1.015831968720070506e+02 2.901143199241347048e+01 1.517536719835582062e+03 0.000000000000000000e+00 3.236029609160538456e+01 1.028608879691419276e+02 5.851968387442404946e+02 5.701004679954014875e+01 4.251248788237501230e+02 5.326208906276966673e+02 4.956179553242827751e+01 1.648900054574727747e+01 5.701043494282577058e+02 8.555717264419561161e+02 7.628684881064941692e+02 4.163295644582285959e+00 3.027911364988851233e+02 6.202724617724732070e+02 8.338859519664387108e+02 4.209094790954465566e+02 0.000000000000000000e+00 4.378452823812376771e+00 4.823832958457506379e+02 1.820226025467103455e+02 0.000000000000000000e+00 6.116244836113470029e+01 1.874774808790773051e+01 9.060086265667807481e+01 1.364286683606857480e+02 7.712734774327894911e+02
7.470804671493743854e+02 1.873684625593164954e+00 5.445911142851481372e+02 1.652059439208422020e-01 2.241848061359444841e+02 3.696009298899606499e+00 1.413198293958784689e+03 1.892975913660598408e+01 1.172304270141947200e+03 0.000000000000000000e+00 2.840514863683852695e+02 1.709497660185861321e+02 1.282497942508633059e+03 3.185693544237802826e+02 5.728003439037212274e+02 4.751592853077836187e-01 1.092625996162944830e+03 1.240835232903570159e+03 7.193438643252727971e+00 9.967359070584144547e+02 1.352127959890793996e+01 7.774845043309184121e+02 1.001013396769346002e+02 2.280363214244964638e+02 4.229579132354802482e+02 8.790393746648032902e+02 2.689586573684162873e-01 6.053432607870468019e+02 1.878187218863146484e+02 3.916957157096583728e+02 3.050798034890052577e+02 3.475000056803080994e+00 1.401067150109397289e+03 1.196827306138166733e+02 9.831648401981849474e+02 9.844346144527771685e+02 7.166847251561096073e+02
1.312654488686959553e+02 1.886037556569070546e+02 0.000000000000000000e+00 2.901505915056611684e+02 3.166408128565815900e+02 8.558159336194819389e+02 9.353073414620979520e+02 1.323145567600714685e+03 2.185203224344774299e+03 1.658743765409653861e+03 3.854607294908536375e+01 3.220909716341709554e+02 1.139219613499235066e+02 5.503721333987124353e+02 5.841080890892453681e+01 8.543298661654048374e+02 1.551024694908354036e+02 1.005601070240006379e+03 0.000000000000000000e+00 0.000000000000000000e+00 5.757864877054242214e+01 7.974791880974549940e+01 7.485695572680320375e-02 1.820307879975165477e+01 4.938480670723672006e+02 4.784623866992902208e+01 1.437553677879585848e+03 4.091263704220140198e+02 6.051365442570220132e+00 9.007709268876511715e+02 9.384212601030554879e+00 7.826392116344865144e+02 2.524655248254513253e+02 0.000000000000000000e+00 4.867793113724184195e+02 4.633359028063701430e+02 0.000000000000000000e+00
3.611034548582959758e+01 1.541120305606781358e+03 1.049182280891895971e+03 1.196237021969346443e+02 5.758724640039438327e+02 1.946859650066928680e+02 1.942516778471884606e+02 1.336715806514036331e+03 1.223689648068386987e+03 0.000000000000000000e+00 1.291976850192146458e+03 0.000000000000000000e+00 1.710497278967577728e+01 3.680383274467353516e+01 1.533371448806467008e+01 2.734014731833712686e-01 7.853824134569341595e+02 2.722138538084996640e+02 6.030913246003537864e+01 9.791228378977293687e+02 1.876381419695955444e+01 4.178756449265266610e+02 6.322079862819119853e+02 1.760270470545537478e+02 1.561066819449363265e+03 0.000000000000000000e+00 1.552606866201785074e+01 0.000000000000000000e+00 5.563135421733106796e+02 3.615378588106018753e+01 2.655614127443620305e+02 6.295263514353663368e+02 9.450469306902258495e+02 3.250168401087633185e+01 1.813496861088840149e+02 5.266676936050687345e+02 3.600819572531991071e+02
1.239546469514083810e+03 3.057361796114902219e+01 1.310099303814008387e+01 4.949964618194884736e+01 4.626701123112689373e+01 4.649249545030473740e+01 2.153625991637417769e+01 2.873254248571993585e+01 5.161339666100315071e+01 1.632555481796957110e+03 2.006620281194065683e+03 6.161736108849854077e+01 3.957578413176226491e+02 4.175677420192497493e+02 4.911169629621699642e+02 1.872901275593848709e+02 1.340836495964307915e+03 8.665447134888308867e+00 4.600592915068428965e+02 2.649673629406602782e+00 5.611542178567963219e+02 4.159826763302945665e+02 3.439033407286327702e+02 1.229495976655515506e+03 3.456418659743378612e+02 1.628039200274874077e+02 2.700908398612912151e+02 7.519435827858777621e+00 5.459953463047355626e+02 7.931765440390238382e+02 6.009928171408439539e+02 1.713253580524346376e+02 9.375640324904659337e+02 3.421605705051198925e+02 1.647316516576687651e+00 4.638010634652874331e-01 5.653237089211519333e+02
9.772658539837415781e-02 5.179916276644219124e+02 3.525191336392669683e+01 1.599623501916471696e+03 2.614814092160316932e+02 1.747461707771586816e+03 6.712486559396440100e+01 1.021760469448941308e+03 0.000000000000000000e+00 5.348052592323683712e+02 4.850777832329937951e+02 2.246789372057667222e+01 1.177214586576713600e+03 6.334499826166788807e+02 4.370476193680922279e+02 3.551992473132650616e+02 7.787507458002907015e+02 6.006939785946192387e+02 4.139192690661335519e+02 3.365841819089546760e+01 1.148599029344373257e+01 3.272514325267098201e+01 2.421231010889556057e+00 0.000000000000000000e+00 1.254501367463284623e+03 7.798475816285312590e+01 1.681163608183461065e+03 1.210807759697842812e+03 9.459617279132261913e+00 3.794997863787936243e+00 9.582624304799249870e+00 1.283992752610621235e-01 9.586812822080421483e+02 1.010860000423607730e+01 9.053638357657595748e+01 7.149351151330690755e+02 1.240373126670535555e+02
3.861166273694092297e+02 6.708899784276769651e+02 0.000000000000000000e+00 1.887897281726042209e+01 1.951846410661125963e+00 9.415563000441495944e+01 2.808314332445329953e+01 5.692261455180172334e+02 4.569630971152477628e+02 0.000000000000000000e+00 1.445802417967069573e+02 9.526198270673681918e+02 1.352828309781387361e+03 2.122605535839219044e+02 1.002664964530173734e+03 8.413182208073757806e+01 8.699059314751997363e+02 3.975643791012620341e+02 3.925646620997735567e+02 1.329957750530575424e+02 0.000000000000000000e+00 2.357154608903234987e+02 1.094313059830252932e+01 1.326558669298254927e+03 1.386915728963393349e+03 9.474525885142874131e+02 1.325695158240959017e+02 1.123022114545698514e+03 1.397094818086245823e+03 3.547761796007721387e+02 1.481486928657350377e-01 1.972638367754499029e+02 5.502126969073072971e+00 1.483130244198859145e+03 3.068779576100084228e+02 8.101492047921123003e+02 5.523458902680240499e+02
9.238378442991298373e-03 8.085890938367099068e+01 8.596107310019634724e+02 2.008164439924894680e+02 0.000000000000000000e+00 5.959042153845930443e+02 5.052229879839646998e+01 4.032591322733208306e-01 0.000000000000000000e+00 6.938801876287893720e+02 1.696882274916290356e+01 5.499521444927069069e+00 2.001688810262571749e+01 2.365457737413209713e+02 1.264382075843263564e+00 1.147542802349429849e+03 2.803786818570680452e+02 4.664019741849897400e+02 1.147347613591941951e+01 4.730575690388962471e+02 3.859559515775359841e+02 0.000000000000000000e+00 2.828550192469749547e+01 1.092730907486425394e+03 3.702593431239096162e+02 1.068126655854660385e+03 3.165493915165380940e+02 9.202152151028693439e+00 1.131753736161257848e+03 2.806052002556937737e+02 2.170857788927926038e+02 4.326081723617632520e+02 1.501267922008646005e+00 1.166851075721981033e+03 1.475233168159347542e+03 8.047614560693615431e+02 4.106665153485774908e+02
8.130034049738299018e+02 4.838534497632687135e+02 7.402733215162905367e+01 3.829309291653175933e+02 4.370929303042370151e+00 2.639708444493837760e+02 2.674140222389081334e+00 5.036165929930575089e+02 1.543905548308177913e+03 1.367670904601782240e+02 1.120675353319256601e+03 2.035409841585148172e+02 2.786183031351064301e+02 5.429919174174899581e+02 3.794960965542502436e+02 5.775874109735366346e+02 3.647691065875725371e+02 4.285891344811217891e+02 5.050888058892548429e+02 3.253277100886971880e+02 4.581800493993305281e+02 5.263746892574390586e+02 1.065411395867228919e+02 1.034471071509692450e+02 3.233135886145824855e+01 1.372235989912844456e+00 9.465701223534205155e+02 3.077734495580135672e+02 3.179865658076348467e+01 4.578148736539504604e-01 1.725718562529370047e+03 9.732646713285340923e+00 1.326764271778602051e+02 1.527366477013714530e+02 2.106272786689331440e+02 0.000000000000000000e+00 2.496525044202763581e+02
1.161669748845485941e+02 3.950183581776322512e+02 4.095139723557468301e+02 1.191252522432968561e+02 3.588109919560324101e+02 6.064372212223427141e+02 2.219514735974773600e+02 9.533351874339390406e+02 3.298808252012711932e+02 9.888815711889519022e+00 1.436295166795416662e+03 7.595042028905815812e+01 6.272681401815272011e+02 9.917085702752096950e+02 3.830893247026494475e+00 6.637964352577334921e+02 6.203130807339877038e+02 1.607538693564949384e+01 2.565333568379579106e+02 3.440751014381855271e+02 5.954266149517829732e+00 6.677485656581546891e+01 1.254868737251553739e+03 5.429526721249172223e-07 1.391246911738487029e+02 9.562560876862279429e+02 1.932557141220325647e+01 9.862874679226483750e+02 1.813164165762263451e+02 1.449594382874636949e+03 0.000000000000000000e+00 0.000000000000000000e+00 1.704478720144034924e+03 1.844068651482676273e+02 9.601388128106757449e+02 9.086613347083707595e+02 3.157848651532642634e+02
1.465265319982126357e+03 6.041294775970881936e+00 4.107170394341999931e+00 4.423130524754880071e+02 4.400605401791034765e+00 5.920574974905903218e+02 2.490900531237092821e+02 2.595210570904075098e+02 1.402653663461807582e+03 1.451710872047391687e+00 2.736947289243577188e+02 0.000000000000000000e+00 4.514998006796246841e+02 1.073287445792329208e+03 2.817451840544039783e+02 2.109899357690659372e+01 5.896136482363734643e+01 1.663464969464253329e+02 4.726718100213034859e+02 4.752842666242609084e+02 2.108771409482105526e+02 1.789405181157474658e+02 3.911358431325067109e+00 1.401530604782098877e+01 6.146890154397935930e+02 7.900111971113052505e+02 6.970469863655562222e+02 4.126948132779282332e+02 1.112152690667382558e+03 1.393784919963392440e+03 1.026666471243881107e+00 1.244724685003383456e+03 5.540632213799221972e+02 0.000000000000000000e+00 5.114885937631541424e+01 1.018780155622641360e+03 1.338960116206693662e+01
