output/example_1/lateral_incision_000098.asc
nrows	75
cellsize	13.33333333
xllcorner	0
ncols	75
yllcorner	0
NODATA_value	-9999
[rows 51 to 67 of 75, columns 37 to 73 of 75]
0.000000000000000000e+00 0.000000000000000000e+00 2.406668695654679890e+00 0.000000000000000000e+00 1.194455331572758849e+00 0.000000000000000000e+00 0.000000000000000000e+00 2.133349430373902150e-02 0.000000000000000000e+00 1.183944078780664086e+03 0.000000000000000000e+00 6.124307299270558360e+02 1.707391858208840858e+03 7.896131496908714631e+00 3.913348976371321619e+00 4.313926772863012502e+02 4.544805778145518502e+02 1.136760625649914346e+03 0.000000000000000000e+00 1.009514741943940841e+01 4.109954661339061772e+02 5.622046481424359854e+02 1.066184322393182615e+00 0.000000000000000000e+00 0.000000000000000000e+00 3.075622308382131820e+01 2.075794833556325045e+02 5.358449936844221639e+01 1.361568039709866980e+03 2.116480594423968853e+00 7.365388276781702643e+02 0.000000000000000000e+00 1.041860490958717946e+03 1.738488858828434458e-01 3.300245389380011551e-01 1.263145053151968540e+02 1.257689827508261526e+00
5.228653691830165826e+02 0.000000000000000000e+00 1.546207020349314234e+03 2.509725587193644003e+02 1.983684236984493000e-06 3.016259828127127776e+02 3.976778427762146606e+01 4.798925470481487423e+02 2.710155392855542118e+02 1.665877387725098743e+03 6.185888421385744778e+02 9.569775102760810341e+02 3.911153632709819021e+02 8.333149697902666730e+02 1.275295412528651696e+03 0.000000000000000000e+00 1.760055933304493237e+03 1.182634153548222500e+01 1.228413385472253822e+03 1.308713466701094603e+03 1.186660662988649392e+03 2.443092648279724111e-01 7.371049815001184697e+02 1.132873007857352604e+03 7.965799267952544369e+02 0.000000000000000000e+00 1.223393608786724371e+03 0.000000000000000000e+00 0.000000000000000000e+00 4.137168392524549176e+01 8.997061241467405353e+02 1.879238394192120154e+01 1.544998672793610694e+03 8.216406268407214384e+02 7.024423608429460728e+02 1.094487058906710217e+03 0.000000000000000000e+00
2.789792013988638928e+02 4.809327942703271788e+02 3.825831581373532799e+02 6.951517348662078177e+01 1.607844017886998813e+02 1.212037850136101440e+02 2.276983681064253418e+01 8.757591309481864528e+02 1.231325112370959971e+02 6.784510843346761355e+00 8.202826647509385560e-02 5.860116693818251861e+02 4.193379095258881506e+01 9.663283871283105100e+02 0.000000000000000000e+00 0.000000000000000000e+00 1.320313358870293285e+01 5.381241324364048069e+02 2.577434394058831231e+02 1.370121227955228960e+03 1.753880004919396924e+02 7.590899553648865776e+02 7.271260844228839915e+02 1.873549035655858575e+02 1.930402041331492669e+01 8.668281403992864398e+02 0.000000000000000000e+00 1.712742715656796690e+02 1.649323028757507927e+02 1.327879486420516969e+03 8.300751585768832683e+02 5.815392211429400504e+02 1.511263112149922527e+01 0.000000000000000000e+00 1.370353835563420262e+02 4.619695556372268896e+01 0.000000000000000000e+00
0.000000000000000000e+00 2.045931734466043110e+02 2.100251210453701560e+02 3.260219259738989628e+00 3.549777483382741252e+02 1.038630954815968295e+02 1.501565111657906515e+00 6.672367951735471081e+01 4.708289641490177146e+00 1.492580460214441018e+02 5.555022952199529982e+02 6.477270594760129825e+02 1.656422565185376357e+02 2.037450570120668374e+02 2.870584182186307771e+02 6.288292646507885593e+02 1.376596496506145513e+03 2.827338482375424178e+00 3.841723194123207463e+01 4.034091140345173443e+01 1.528821313445429730e+01 5.850837652857646987e+01 2.435488055271584784e+01 3.124596127774408387e+02 1.578132198400277957e+03 5.028395981537751140e+02 3.119080984808419998e+00 9.616529906508365002e+02 1.191613690699512972e+03 2.831852565932236416e+02 7.013140828389045289e+00 9.522160518074099400e+02 4.812494891216393000e+01 5.089758140194558678e+02 6.697534084907400711e+02 2.162150675796425503e+01 1.447662413424316128e+02
8.264220057486771793e+02 4.613896141847181980e+02 0.000000000000000000e+00 2.456528945398709993e+02 0.000000000000000000e+00 2.439555370938599310e+02 0.000000000000000000e+00 0.000000000000000000e+00 2.916707059844297305e+02 5.760179527756014295e+02 1.285277948336695886e+02 2.227694418658292932e+02 3.300396634477987732e+02 8.283277197599163628e+02 3.731859295180557297e+02 1.809021198294826149e+01 2.635855645784268972e+02 1.958642270966048216e+02 2.379194444773970645e+02 5.656507500294146666e+02 7.449346653266260319e+02 4.324932726016353968e+02 1.154314149720941032e+03 8.259506813062353459e+00 3.588920864404840358e+02 7.025647911180860072e-01 9.844291289158879863e+02 0.000000000000000000e+00 0.000000000000000000e+00 1.698978284580800562e+02 6.383945755722650119e+02 4.362595251420868294e+02 9.900587047560107123e+01 3.212075607300009850e+00 0.000000000000000000e+00 6.270067350054870303e+02 8.332497175027310732e+01
8.893986016291997885e+02 9.236973328004542054e+02 5.569227938989794211e+02 7.021853342976396561e+02 1.039466637602278638e+02 5.509984623853471675e+01 0.000000000000000000e+00 1.733557465852448445e+02 7.472392866362612551e+01 9.712652385138574118e+02 6.592678556677934694e+02 5.979343974509866655e+00 2.057399205957264314e+02 1.371771160229148734e+02 0.000000000000000000e+00 7.460407304960720012e+02 1.904784139819478250e+00 3.408614202660145907e+02 1.745221713886390447e+01 7.765005153868913794e+02 0.000000000000000000e+00 6.674894673023411542e+02 7.774231519374891377e+02 0.000000000000000000e+00 0.000000000000000000e+00 9.508169843651526776e+01 0.000000000000000000e+00 1.281834934104318791e+01 2.260323380998138632e+01 6.707168860091961733e+02 7.301639864672766578e+01 1.775215878460351178e+02 7.152405433952236535e+01 8.823237584473354218e+02 1.238202546096326387e+03 6.645340561935646519e+02 1.192033410255237840e+02
0.000000000000000000e+00 5.628414426585948149e+02 0.000000000000000000e+00 8.923272258786410021e+02 1.007750557814675858e+02 2.017166353548932420e+02 7.207602700754478064e+02 6.546928793965844307e+02 5.293326633444659368e-01 8.712284327482369406e+01 4.982696765608337408e+00 6.435293913594929336e+02 9.137455457938820302e+00 5.637985116114436757e-01 1.383119786569282041e+02 3.636203115656857108e+02 8.216053503490537935e+01 8.438697124767048763e+01 3.148453710176906384e+02 1.166558934877804631e+03 1.373018224783688197e+02 4.644090097339800991e+02 6.559705818700045938e+02 2.312523428165466441e+02 9.867435807628579525e+00 1.310344860401964752e+03 1.710426757469720087e+02 1.556107614507616006e+02 5.680072698374997344e+02 2.300530048080096606e+02 3.204764062604852484e+02 2.093696860659666754e+02 1.422080108603521786e+01 1.435190733650300920e+01 5.958602077478435604e+02 3.900394479040992568e+00 2.001316044414525948e+02
1.116391914398845984e+03 3.560958934372440710e-01 4.078730433854768194e+02 5.537318306468989704e+02 4.126062925460290103e+02 2.196492237343257727e+02 9.930030290485724436e+02 1.895082024076739629e+02 4.986560010242279191e+02 4.554384989216474082e+02 8.096687430762076474e+02 3.692828013992941294e+01 0.000000000000000000e+00 3.358037865545457775e-06 5.817839750845610070e+02 9.965701944595792838e-01 1.782272203465706184e+02 6.785892260393438846e+01 2.551702596459417691e+02 4.628529889488592062e+02 1.732392042269710608e-01 1.041186105625874916e+02 3.047745875961336282e+01 7.726820381382076164e+01 2.924185954435310464e+02 3.377305792785476157e+00 1.630053910037566567e+01 1.117144015981051098e+03 3.181151842085960979e+01 1.819768250778191714e+02 8.583518744422418649e+02 2.275996843349539063e+02 1.009140094341434368e+00 2.733923408331156435e-01 3.231970516760964074e+02 2.810676352794188038e+00 0.000000000000000000e+00
0.000000000000000000e+00 5.000801023453445850e+02 9.200077759267066835e-03 0.000000000000000000e+00 1.136651484998222195e+01 1.168679116469106845e+02 1.182989019705932378e+03 1.857339049307190351e+02 1.278912684890622558e+02 0.000000000000000000e+00 1.054543038367406098e+03 1.791168648338486094e+02 7.249079922568935162e-04 3.875107652362872086e-03 1.487762694820330358e-05 2.463119855350322496e+02 6.362272875289361309e+02 6.295212911422336077e+00 7.244951546300483187e+02 1.480385470514856694e+00 8.364476715616281410e+01 0.000000000000000000e+00 6.163135880434066394e+01 0.000000000000000000e+00 1.539534436374990037e+03 1.680101932416008140e+03 1.787925337836135053e+00 1.241841038626049112e+03 1.619191812267120270e+02 7.971632372462055400e+02 5.422837552343100924e+02 5.608230108311327058e+02 4.464761241643304857e+02 0.000000000000000000e+00 0.000000000000000000e+00 2.324002274339104872e+02 4.935206667824892861e+02
8.273980612933191878e+02 4.713183726706663492e+02 1.058941131681502723e+00 9.672241283635173659e+02 1.562752856607258536e+03 3.595036408737188935e+02 1.426193619833352159e+03 2.297630724975517751e+02 1.078940381290566393e+03 2.633076592123925197e-01 1.232991008478731146e+03 4.776815809885195563e+02 6.442148200484701874e+02 2.634573696257501751e+02 5.077739248055542589e+02 2.004706196083372582e-01 2.679837873178328209e+02 5.986068042912850018e+01 1.134675513519420065e+03 4.728984033768567770e+02 1.754665345288706249e+02 8.664637076123564157e+02 6.908140243041341932e+01 1.159770497733294832e+02 0.000000000000000000e+00 2.547377060101875941e+02 2.340054988869321448e+02 0.000000000000000000e+00 1.072316917263065079e+02 6.937597434454919494e+02 7.721828665605650599e+01 2.691043766025263722e+02 1.089027553045951436e+03 1.892312735392195799e+00 3.095343565157970147e+02 7.646323559106981520e+02 4.002517031756580650e+02
1.443767018779464877e+02 2.606562338912713983e+01 9.800356667735883320e+02 0.000000000000000000e+00 2.362691332778391384e+00 6.215651589570289071e-01 6.282806634433875104e+01 1.036794387706594762e+03 0.000000000000000000e+00 4.224350117300190721e-01 7.816383256952199190e+02 2.393684903137248625e+02 2.515999778064672796e+02 0.000000000000000000e+00 5.428379201371220830e+01 2.610157914283387868e+02 8.446837454673652701e+01 5.661188929345828456e+02 3.638385550827725190e-01 1.422093546398929902e+03 1.556212451127729253e+02 1.704768726878968153e+02 3.354011947673694749e+01 6.170634488075371848e+01 2.762316611998887765e+02 4.338954737714859107e+02 1.566799072892631841e+02 1.118685373376488542e+03 0.000000000000000000e+00 8.969377800758975283e+00 1.787889689635975117e+02 5.088007460163295832e+02 3.994903047084036873e-01 4.625059583087347050e+02 1.154159923365363966e+03 7.465746513715704857e+00 5.657748581028912440e+02
0.000000000000000000e+00 8.615874461657574557e+02 6.857243466310583457e+00 8.086881338428385391e+01 1.443754890307102187e+03 1.462807673131900401e+03 7.049533100487423098e+02 2.289557708405870196e-01 1.321152135203896307e+02 1.262441522601379575e+03 0.000000000000000000e+00 1.054132049053297351e+03 7.491132783586472215e+02 7.981705711555265452e+02 1.014218643248327112e+03 4.769428565601625678e+02 8.669081955943390483e+01 2.437943138411853994e+01 2.560799412009214127e+00 4.165824473104665913e+02 8.206039797222812240e+02 8.746389131898713032e+00 1.169555717527987099e+03 2.814449964024005908e+02 3.088648381502187021e+02 3.313465746777527698e+00 2.904905332150389086e+02 5.195476328776139852e+00 4.762952787655467546e+02 3.842259303098319378e+02 1.471631463258643857e-01 8.323831076505446447e+01 0.000000000000000000e+00 9.338724691970379581e+02 6.547635178022014770e+02 3.058969365073526205e+02 1.858577974257897125e+01
3.147977642116364905e+02 2.269909171515498656e+02 3.590143780360459669e+00 1.118186884167441235e+02 0.000000000000000000e+00 2.559775744335228183e+02 1.523161463978870813e+02 0.000000000000000000e+00 0.000000000000000000e+00 5.570055411659016187e+01 9.828303832685243151e+02 2.135966960991432188e+03 3.669384626908415612e+02 9.321539868400320756e+02 2.680881842492752298e+02 4.194157366927100270e+02 9.387009136423815789e+02 6.207100842405343855e+01 1.216976158315289013e+03 6.632700571657666160e+02 1.332292946691885618e+03 1.750196309709345144e+02 1.403444202757239282e+03 7.351177082718805877e+01 1.636457746417834613e+01 5.978277086343441624e+02 3.355838872845129117e+02 4.192028718171551418e+02 2.576287258607703734e+02 1.055293330463629928e+02 1.141937251338525812e+03 2.831778281527788721e+01 4.871157711289563963e+02 0.000000000000000000e+00 9.368713003812979778e+00 1.726397068374442654e+02 7.061490367748114672e+00
3.011226586081516277e-01 8.800030962879436629e+02 1.466435722183325074e+00 1.692603916577992038e+02 1.117525525891244342e+03 1.199967399081456961e+03 1.174225246655658195e+00 3.198015014424401414e+01 0.000000000000000000e+00 1.578276644587386045e+03 9.061538635759387006e+00 1.387073504194887164e+03 4.682593950974030150e+01 1.013346192684394111e+02 2.106468923020199924e+01 2.187717440425611670e+01 7.816542312608095244e+02 3.860529014725872798e+02 1.557423627581239478e-01 1.403304066924403060e+02 1.518616570050887503e+03 5.130211494709315048e+02 1.221661779537888215e+01 8.300078669061591654e+02 3.221657291179516847e+02 7.513988773407277222e+01 6.347276271472711642e+02 5.738069587587942806e+02 6.520889125250432699e+02 0.000000000000000000e+00 7.422421892588372430e+02 3.733409730233072099e-01 5.439207003044681414e+02 5.759714498804953564e+02 4.788310919637229404e+02 5.301848453858497123e+02 1.606752564077521228e+01
5.726707371489474507e-01 8.429405652133916647e+02 9.259235584201051950e+01 3.291161572515595424e+01 5.538905562016548600e+00 6.293430147861288759e+01 6.906438165054851197e+01 6.354661359901467677e+02 4.559586717245383419e-02 1.335432312311440228e+03 1.232722681134588811e+03 1.548146724365284221e+01 1.017422487220104017e+03 1.058223575574248571e+03 3.548220463679213026e+02 1.129821789052491852e+02 2.963160714190105409e+02 7.933347489345032955e+01 2.272756989131926864e-01 3.933595869360766528e+02 3.246860782362277860e+02 1.880077729620095681e+02 0.000000000000000000e+00 6.545067822566068116e+02 1.036441659243197819e+03 5.079115638380084192e+02 4.102705635244104769e+02 1.947515985904987019e+02 7.516961364933706591e+01 2.994558671291517538e+00 8.175340528077499584e+02 8.741508277123148218e+02 1.609603622833818692e-01 1.230472401191919744e+03 1.312551595352427512e+03 0.000000000000000000e+00 5.211427453788995479e+01
8.635004994585452778e+02 3.234200863677303914e+02 4.581983542020412301e+02 6.797394287107712785e+01 7.497483924368877979e+02 1.634263376752320474e+00 2.925050393378972444e+02 6.343981258810904365e+02 1.240729896473254996e+02 1.293534198104435745e+03 1.134663050786218008e+02 5.911281594899068237e-01 1.095300928091884771e+03 9.551991699839870762e+02 1.580940607403244940e+02 3.250162869074329137e+02 1.264466612083439713e+03 1.081362716786842348e+01 1.271084771952600249e+03 6.253796183493969920e+02 1.429658156993520777e+02 9.724444528149859934e+02 2.408758398581910143e+01 1.881909203896091185e+02 2.219586938865146521e+02 9.065677713387140457e+00 5.112630278654873450e+02 4.932811323039927061e+02 3.353230305997432197e+02 1.869813331007609122e+03 3.518102221276330965e+02 2.658025784870389998e+02 7.264746272195112624e+02 7.020349148646718618e+01 3.859844838236501374e+01 1.566607397336295890e+03 7.670146457791349803e+02
1.497612283557849878e+03 1.043114583329107745e+03 1.401773484875217719e+03 2.151968172740130925e+01 8.142913889842454012e+01 1.214344957299692851e+03 2.677868597055355959e+00 9.348651874993916522e+01 8.786687508999047935e+00 8.573343632434541632e+02 1.377393787360485476e+03 1.796143023116713522e+01 2.249779676272772377e+01 2.891916715083002742e-01 1.040677775647753151e+03 2.873433293681970895e+02 1.372953169206435931e+01 6.710974553812252275e+00 6.321091566336962160e+02 7.951230151940345081e+01 4.399660314252814715e+02 1.541267633185194654e+03 2.028100858191869520e+02 1.188221680600958280e+03 0.000000000000000000e+00 1.777872982456142665e+02 4.792053453899443980e+02 0.000000000000000000e+00 0.000000000000000000e+00 1.046718019816145443e+03 7.412588006459832002e+01 8.647895183516867519e+02 4.329562086375224794e+02 0.000000000000000000e+00 3.502757408481143102e+02 2.348560314482184026e+02 4.174921770397187970e+02
