output/example_1/lateral_incision_000243.asc
nrows	75
cellsize	13.33333333
xllcorner	0
ncols	75
yllcorner	0
NODATA_value	-9999
[rows 0 to 16 of 75, columns 0 to 36 of 75]
0.000000000000000000e+00 3.111560667785954148e-09 0.000000000000000000e+00 7.593259462781106777e+02 1.366821773850643012e+03 6.938183004394281852e+02 3.322898466254517871e+02 1.334620413499106235e+03 3.989037117104237495e+02 5.961565685188394070e+01 5.057625754280022790e+01 1.194283342739616287e-05 2.638001873447476815e-05 2.026420197800674146e+02 9.274754642652583314e+00 0.000000000000000000e+00 5.412460465191597483e-06 0.000000000000000000e+00 1.430772275955948469e+00 2.055395778728417444e-01 0.000000000000000000e+00 8.214038731092654518e-05 2.132444891575236974e-04 0.000000000000000000e+00 2.052103043362334955e-01 0.000000000000000000e+00 1.467995409988723132e+00 2.394697288128030332e-06 8.592563712945595588e-06 1.072833790534963305e-01 1.059712603314569833e+03 8.672218059349546593e+02 9.240312403002536712e+02 0.000000000000000000e+00 0.000000000000000000e+00 0.000000000000000000e+00 1.698044969286322470e+01
0.000000000000000000e+00 4.246987728475325952e+01 1.094221885439737640e+00 1.088452221270128803e+03 2.215433694015822539e+02 6.896587067175167931e+02 7.255103872845563728e+02 1.791210011312325037e+02 8.824079838131412998e+02 5.261170608668678597e+02 1.296169394744528972e+03 2.756855966895485111e+01 2.075377802363997830e+02 5.254029823123846654e+02 9.127989008906052959e+02 5.317099825110140046e+02 1.871878876377573589e-03 6.010800392429228367e+00 1.916072262269952944e+02 6.431163774658620014e+02 5.895753460504741383e+01 8.763151664203197910e+00 4.623939332681852754e+00 3.924501073987429436e+02 6.482447296105862051e+02 1.753593574330186300e+02 9.662371485168516072e-01 5.540484788662165556e+02 4.266099728048768043e+02 3.092736700459576937e+00 1.088092014467490003e+02 6.106752593612677629e+02 4.843894383846052278e+02 3.655390711571771423e+00 5.044055294350693538e-03 4.922751156755404622e+02 8.709096703780099915e+02
0.000000000000000000e+00 1.193901997613554158e+03 8.382149068438703807e+02 5.676112737178275438e+02 0.000000000000000000e+00 2.004743752445761800e+02 2.314516889745070500e+02 1.364672254643582789e+02 3.864321198369352146e+02 8.967808395032284352e+01 2.878708089227658320e+02 4.823978946099472296e+02 6.284133536495766066e+02 6.906392090243313078e+02 6.901987077656539213e+02 1.547632929706981963e+00 9.560254799915023796e+02 5.135320784758125257e+01 4.258612486215976674e+02 5.010307483547874696e+00 3.141095592426191843e+02 7.281019878365728459e+01 3.929781879207377671e+01 1.133974568472550004e+01 2.239603479954105225e+01 3.352169131322541489e+02 1.041589191737315105e+03 1.974924824548125173e+02 8.473505532145856023e+02 1.333932139612404910e+02 1.324223418512079661e+03 2.682646697421445126e+01 1.548384875974570377e+03 9.099709913976028020e+02 4.553392120711020397e+01 1.387301161306924939e+02 1.585871752181584498e+02
0.000000000000000000e+00 1.660017730194663477e+00 4.616037541530517530e+01 9.849811298506116941e+01 1.724446515176859691e+02 1.166483184887424386e+03 3.023183268655832308e+02 2.522081585005032309e+02 7.510063475127758181e+01 1.613894137747408195e+03 5.387880365839762362e+02 9.421824486091950890e-01 6.342656838788159348e+02 6.185420976064480101e+02 9.536155218733027823e+02 4.859791467929612168e+02 4.538720738073574239e+02 3.053959182277568516e+02 5.760198464365544879e+01 7.115662276451724892e+02 6.115615127832696771e+02 3.579953456608568896e+00 7.265847732884006973e+02 6.085401315180104120e+01 8.424489815975671263e+02 3.709878783833577387e+01 1.411435285791592833e+03 0.000000000000000000e+00 1.965245344489865147e+02 7.036134615154624328e+01 2.576264706288620232e+02 4.120243538309015321e+02 4.362525910958148643e+02 1.110090771287808593e+03 7.947602996034645457e+02 2.507937117995126357e+02 4.725991260246710368e+01
0.000000000000000000e+00 1.047713255993048278e+03 1.724151162889953639e+03 7.863674867990101802e+02 6.441498549299424781e-01 3.287808746182255160e+00 7.713875544444256320e+02 8.191681439559440605e+02 1.505865651392497966e+03 0.000000000000000000e+00 6.132620957250336460e+02 1.807803176662934845e+02 3.474892587926950114e+02 3.672372345905829434e+02 0.000000000000000000e+00 6.613576998415368280e+02 6.055941262816102721e+01 1.362359220553285695e+03 1.252284867338536742e+03 4.278133014591340384e+02 4.032100787076492443e-02 9.303846884914263455e+02 2.143380051320879431e+02 1.656190763010627620e-01 1.035316873425687390e+03 0.000000000000000000e+00 0.000000000000000000e+00 1.303681868211831185e+00 5.448318786478912301e+01 1.321583289660819283e+01 6.040435474280472228e-01 8.199770719965700891e+02 7.194706506583966075e+02 6.677217634172130545e+01 1.608837305384204910e+03 6.368751042976391545e+02 2.681737653985738348e+02
0.000000000000000000e+00 1.597194265515222241e+03 2.960298424442024157e+02 3.736516184998381362e+01 0.000000000000000000e+00 1.355731869440464266e+02 1.038154174073501190e+00 1.390942827491986975e+02 1.859109946135874623e+02 5.955992204995327484e+02 4.760647474749985690e+02 1.081554675810338750e+02 4.105695594580783592e+01 6.231685669067860545e+02 1.605947139607488250e+00 1.088531010516879633e+03 1.675870458988474532e+00 4.518637501948246040e+02 2.308702185259302375e+00 4.617142638916666542e+00 1.320646665366194554e+02 0.000000000000000000e+00 3.319059607484972503e+02 9.598334718590149350e+02 8.568327208584133325e-01 2.484849127844658199e+02 7.475432692808282127e+02 9.208011020692684667e+01 5.953753027984838582e+02 1.603165507626134968e+03 1.118650571924855058e+03 2.623867628856020318e+01 3.748190490344157411e+02 3.849374693888698289e+02 7.809722910103787399e+02 5.294900168492490344e+00 9.392287662254803990e+02
0.000000000000000000e+00 0.000000000000000000e+00 0.000000000000000000e+00 7.123980797373014866e+02 4.893851239226960956e+02 6.944714593792908772e+02 1.020527304399378977e+03 7.746265319791556081e+00 4.920273426825854699e+02 2.104172078293754566e+02 7.857478608388923931e+02 1.137566839211135061e+02 3.216789476574669493e+02 1.716152482942508470e+02 5.523619056777376954e+02 6.926494578457878788e+02 1.251938660008858506e+03 1.155381623291804090e+02 8.879585714513267476e+02 9.431646431898774163e-02 7.566479422536473294e+02 1.819208979432611386e+02 7.078270563864726306e+00 4.145272606089773149e+02 1.036818236397178907e+02 9.261634172202175250e+02 1.341059045320983159e+03 4.225745597238736551e+00 1.949236208553330698e+02 0.000000000000000000e+00 0.000000000000000000e+00 1.499088374919020339e+02 9.177183711798653576e+02 4.889520749806895878e+02 3.999497872121146429e+02 2.850178227424856914e+02 7.655807829344715287e+01
0.000000000000000000e+00 1.220025263531093707e+01 6.335789744839014048e+01 5.950440095697889120e+01 7.856988426894235999e+01 6.042110714006654462e+02 5.526158497443392434e+02 1.503204490753575584e+01 8.217669451577052087e+02 8.436379917440307281e+02 7.680271844548201443e+02 6.404247537371101195e+00 1.331228986774477363e+01 2.816401846195575445e+02 1.263280130999257381e+03 0.000000000000000000e+00 5.975025878015841272e+02 4.166826506422789578e+01 2.879259508592335237e+02 0.000000000000000000e+00 7.486080084291827461e+02 9.350314112051522075e-01 3.610016525824234463e+02 1.088343955713679811e+01 1.426982465974689831e+03 5.680879820853083295e+00 1.773315115405795552e+02 9.269409050557476348e+02 4.025818370046359860e+02 9.247869942488496520e+01 1.316943018391864939e+02 6.956893713115166520e+02 1.114791079003584251e+01 5.905399527421724315e+02 5.350091955765633678e+00 6.007096344879258822e+02 1.009163868344479511e+03
0.000000000000000000e+00 1.594390790709922840e+03 5.769300552665524719e+02 2.753788357772319841e+02 1.252912754025565164e+03 7.661953170203298669e+02 0.000000000000000000e+00 2.310388967473780042e+02 1.205144950876812118e+02 1.446179286614541525e+03 1.074664317766696740e+03 1.663887332775757670e+02 1.277190646323203282e+03 3.731604920279856970e+02 4.065687126529354600e+02 5.393333719494428351e+02 1.172474527053788734e+03 8.253946599124216732e+01 7.311027281269921332e+02 8.680453538002335101e-01 6.183380260295601829e+02 7.850181489761137072e+02 7.120519260542462234e+02 2.558461616497634594e+01 1.117174663213738540e+03 4.883372515704857051e+02 0.000000000000000000e+00 0.000000000000000000e+00 3.843960629442104278e+02 6.932458625990505219e-01 3.497927302713098925e+02 1.506427899777856055e+03 0.000000000000000000e+00 5.014614200521425005e+02 2.843790132020122208e+00 1.265771123999973291e+01 1.039384180847069405e-01
0.000000000000000000e+00 9.382492041638412772e-02 4.028496775303361943e+01 4.141298956124970800e+02 1.935589030727203763e+01 3.813569033162134136e-01 1.694136056139596747e+02 1.098734961677616084e+01 9.326978719288310913e+02 0.000000000000000000e+00 5.635673502964132240e+02 2.586798610682996014e+02 8.165046585426313186e+02 2.859620827215423446e+02 5.268221864473975984e+02 3.396404612268982959e+01 1.739613305266193493e+03 8.139005867486481804e+01 2.458785594832274910e+02 9.553650162447715957e+02 7.014271593753294383e+02 3.966746273215143219e+02 7.003494428091642021e+02 1.637155243500585389e+00 3.201353572812029711e+02 1.253341447784747061e+03 7.041791194985531774e+02 0.000000000000000000e+00 1.242239831198536493e+01 4.253694650665997834e+00 0.000000000000000000e+00 1.052520124849768990e+03 2.644268517332654156e+01 2.662657161454425048e-02 1.022962890710847660e+03 2.737731595362821935e+01 9.130870790058168041e+02
0.000000000000000000e+00 1.365639683137676002e+03 1.753863705132310542e+03 5.998261064542372196e+02 7.659581319208789409e+02 1.211277659508145462e+03 3.575331405939655127e+01 8.021638438173497434e+02 1.799723406513886459e-01 9.427479238046597629e+02 5.882051059075727295e+01 5.432473789952584866e+02 1.763111912636364242e-02 8.860229390387193007e+02 1.443558121024055652e+02 0.000000000000000000e+00 9.344416368254020426e+02 9.620274433349634080e+01 2.122663157238621423e+01 5.193110802797444876e+02 0.000000000000000000e+00 6.929914169424448822e+00 5.461513070337068712e+02 1.629635109788550551e+01 2.703559497141272345e+02 8.832668429269866692e+02 7.422119118339274735e+01 0.000000000000000000e+00 3.731614946766319463e+02 2.589987565171295500e+02 1.135037445592059839e+03 2.538278136436133425e-01 1.432578047166181250e+03 1.373167306596870503e+03 3.159631450195568547e+01 5.288423427161253443e+01 1.711415988476732082e+02
0.000000000000000000e+00 6.681684297032086306e+01 3.201922557304467887e+02 4.279235199736318123e+02 1.038171067481176351e+03 2.538100152830017464e+02 1.820490251325403221e+02 4.386695907225568476e+02 7.711262003176655444e-01 8.172296049391729866e+01 1.002039439187708354e+03 6.887080261903714700e+02 4.254064213917056492e+01 7.544484329258017397e+02 8.260281460949402117e+02 5.048250544404587004e+01 4.859467237910732873e-01 4.660569334934031644e+02 1.050988669572134540e+03 1.336632150840542408e+03 3.887939743382578399e+02 1.112233414430224911e+03 1.688705828861967120e+03 1.392856975303923264e+03 1.669992444127455826e+02 2.677613731202866916e+02 1.272983280873407693e+03 7.515403809746086381e+02 1.087479747138423818e+03 4.355420107528407243e+02 4.191818758614538787e+00 1.684016896333199838e+03 1.604192986700070151e+03 6.317965506359680603e+02 7.602940544022703762e+01 0.000000000000000000e+00 3.294517125528794850e+02
0.000000000000000000e+00 0.000000000000000000e+00 8.475591788766419221e-02 5.760863966737018727e-01 6.643999175976479421e+01 2.971029476883082499e+00 1.915069549746404789e+02 5.086961113628350972e+02 7.774700233204160327e+01 1.219233263762216211e+03 6.312939416154923720e+02 8.397229362335071556e+00 2.571250814511992777e-01 8.167570114613518228e+01 1.097524256546379746e+02 1.412506872685613644e+03 0.000000000000000000e+00 1.595023330046812589e+03 1.482015485833513280e-01 1.829386579687515280e+00 8.518223014111827140e+00 1.348485295120837257e+01 3.797492887294120045e+00 2.841180777725506701e+00 0.000000000000000000e+00 0.000000000000000000e+00 1.041981432159421672e+01 5.996654963105975611e+01 9.828613053819026391e+00 6.410124687322644732e+00 2.671381340821534991e+02 3.621751576058482556e+02 4.248933303350527907e-02 3.157005599709686408e+02 1.247204375266205858e+02 0.000000000000000000e+00 1.998185159618268756e+02
0.000000000000000000e+00 1.295712133706454097e+03 3.248965615066784380e+02 1.283777051600264372e+02 3.269201077637702042e+02 6.164925917346519668e+01 0.000000000000000000e+00 8.849890579620746394e+02 1.699529003333725896e+01 1.264569484597797100e+03 8.074144334871618867e+02 3.232859696595326682e+02 1.183734784921884511e+03 0.000000000000000000e+00 1.428827289765661135e+03 1.711120232913324116e+03 1.628055512666276627e+03 2.124924757310830259e+01 6.743576174639416649e+02 1.344046217993080518e+03 1.736792439591619654e+02 7.718552173311186593e+00 5.679550856075801448e+02 3.032318606243865702e+02 1.549257595127489594e+03 2.527783608595321425e+02 2.945895257465379018e+02 1.638003847768538662e+03 6.397113005472173199e+02 2.761143041788623123e+02 2.274646544835844164e+00 1.565966969521966121e+03 1.164836832989612731e+03 0.000000000000000000e+00 2.779327542996746274e+02 4.273956260426735980e+02 3.533436136772160125e+02
0.000000000000000000e+00 7.254804068097046345e-03 0.000000000000000000e+00 7.229302930973836965e+02 0.000000000000000000e+00 1.907155432040681546e+02 7.065569653801577488e+02 4.228031666774814425e+02 2.962912877681762325e+02 3.572016437267709534e+02 3.374290262186202085e+02 0.000000000000000000e+00 1.279408965320252946e+03 1.478751832641046576e+03 2.049014731255472270e+02 7.630119730797985085e+02 1.638838961913884784e+00 1.650266144997120591e+03 0.000000000000000000e+00 1.864125273106982377e+02 1.360292720941907874e+03 2.683217420733309950e+02 1.170203235032774991e+01 2.562609959943300169e+02 3.406424136573634769e+02 6.758310235804538024e+02 6.099054209295917417e+02 4.031553186005569955e+01 7.857183460616041657e+02 5.481973142559483136e+01 5.470013984954983925e+02 2.124367610151027819e+01 7.339536909910717668e+02 1.172444678643770430e+03 2.279459190253070915e+02 5.713906018452354374e+01 1.566122837067471707e+01
0.000000000000000000e+00 5.894029649193895466e+02 4.444082170671044878e+02 2.042270248605641711e+02 0.000000000000000000e+00 8.721184549807904887e+02 1.420990970920496011e+03 0.000000000000000000e+00 1.545047402696832933e+03 1.056960413401539427e+03 7.051463551833091969e+02 8.286066717324496267e+02 0.000000000000000000e+00 1.684072100800015960e+03 1.179570845125742728e+01 0.000000000000000000e+00 1.239026019178474144e+03 8.491220594404599353e+01 3.613109457957345967e+02 5.516722324766063821e+02 2.932494131252012437e+01 1.240744529338194980e+03 8.247704760418629988e+00 2.705580324670477808e+02 1.317046945777917472e+03 6.680480296475988098e+02 9.905801872570907562e+02 8.483445930441658334e+01 1.082391273746271736e+03 0.000000000000000000e+00 1.145801779780721517e+03 4.718527864534431160e+02 2.502163139304064643e+00 1.343658010367719726e+03 1.002047068733162178e+03 6.627328037971577714e+02 9.510253250674099945e+01
0.000000000000000000e+00 6.686722384961576893e+00 1.089850370363829590e+01 2.989571266146213802e+01 1.440006973753222042e+02 6.631506092388926845e+02 2.881378891328124041e+02 3.814256784950385395e+02 3.274536342599984096e+02 0.000000000000000000e+00 2.802103820194458876e+02 1.126428187217829645e+03 1.641563447683736740e+03 7.605975542601643546e+00 1.146789226868624837e+03 4.315868440949095941e+01 2.568956968049809575e+02 1.259972919120559027e+03 0.000000000000000000e+00 8.788027637795195801e+01 5.757622688918455189e+00 2.129854978408721067e+00 1.648880210212972202e+02 1.607927248358330630e+01 1.163728187494788926e+03 8.481977483781141700e+02 3.563884881516244718e+02 1.197519908581614914e+02 1.068202051413079971e+03 1.620154199498865921e+01 3.973571659863531522e+02 7.833130887634659985e+02 8.272491970070225307e+02 1.320956028409469241e+02 1.102043245112716704e+03 1.278667431326534221e+01 6.022762001898627204e+01
