output/example_1/lateral_incision_000034.asc
nrows	75
cellsize	13.33333333
xllcorner	0
ncols	75
yllcorner	0
NODATA_value	-9999
[rows 17 to 33 of 75, columns 0 to 36 of 75]
0.000000000000000000e+00 1.363885525819386430e+03 1.590131542182353712e+02 3.463605898864975075e+01 7.869386018315032594e+00 9.578931049530833661e+02 3.839259028859027580e+02 2.431449859191754683e+02 7.783901157640935935e+02 9.616667216510625167e+02 0.000000000000000000e+00 1.297881811300450636e+03 1.586393010157205463e+00 5.654225824741338613e+01 1.953682577541569287e+02 3.327240375842202980e+01 0.000000000000000000e+00 4.717517149796295683e+01 8.329518071664513172e+02 6.886568342012930088e+02 0.000000000000000000e+00 1.465831605456359284e+03 0.000000000000000000e+00 8.157828998935212894e+01 1.587701057610594810e-02 6.977759929831333068e-04 2.319746744378962900e-04 5.911555326983418185e-05 4.241299189161695338e-04 7.579649164235831467e-04 0.000000000000000000e+00 4.912173222676742057e+01 1.977684106100951453e+02 1.553379648822022840e+00 1.263258705478059255e+03 3.133726223097267338e-01 0.000000000000000000e+00
0.000000000000000000e+00 1.424247255112919220e+03 5.811513198234271727e+01 4.285553680258275335e+02 6.653105812504267078e+02 9.252304324439367065e+02 4.065496540835529231e+02 1.233836460131900914e+01 7.074524730357921953e+02 0.000000000000000000e+00 8.711015993409623661e+02 6.985466311280828222e+01 0.000000000000000000e+00 0.000000000000000000e+00 7.387185204827850384e+02 6.850088448228219828e-01 9.118249406204853358e+02 2.020129778248769981e+03 7.876615021956616829e+02 7.724307815616699990e-01 8.901853261390519947e+02 1.546388767724334457e+03 2.462021034293852324e+02 5.749799323963432016e+02 1.770702510391617182e+02 0.000000000000000000e+00 9.642705547765631025e+01 1.232281731280704829e-03 0.000000000000000000e+00 0.000000000000000000e+00 6.168714244760641714e-04 1.026195912010186184e+01 4.036742467974088200e+00 4.575343428730826076e+02 1.312412754374969381e+03 0.000000000000000000e+00 6.891403770396028960e+01
0.000000000000000000e+00 2.090032396386372113e+02 6.201481939985585257e+01 1.242863018976348258e+03 3.920417508627839993e+02 3.433956222231008155e+02 2.138620024947012155e+02 4.023338292589740406e-01 9.139446331199983433e+02 1.127897693395171473e+03 9.358620603175903625e+02 0.000000000000000000e+00 9.003567600284742412e+02 1.486979922085475803e+00 3.142890260076848108e+02 5.897184798917287480e+02 1.186681235827492856e+03 1.110769650982460462e+03 7.981113503533096676e+00 8.144207399415337250e+02 6.760293359089912428e+02 7.830501821667457989e+02 2.072971312822017751e+02 2.467463736786091374e-03 1.487628017111498370e-03 4.663056062742496124e+02 4.187746347381964256e+02 1.996820434549202048e+02 1.618417016603041603e+01 1.368007289437228168e-03 5.099897762579991500e+00 4.419922736011570237e+02 7.383314823396380007e+02 1.806735748363344385e+00 6.737069733160521423e+01 5.354241606495649286e+00 1.633253118127435499e+01
0.000000000000000000e+00 1.519195608204644714e+03 5.292455391982322510e+00 7.599241386952193977e+01 3.558409173234243781e+02 0.000000000000000000e+00 0.000000000000000000e+00 5.478718184428140771e-03 3.291829570659025990e+02 1.452360543009883941e+03 4.739663662191312410e-01 4.643939570213051411e+02 2.498625699645147904e+02 7.385293633758469696e+02 1.414874206647500410e+00 1.164486503055301725e+01 1.027623622086402833e+02 2.557128639987939156e+00 1.021845974239622450e+02 1.560730436656079121e+02 1.106650628011376511e+03 2.579075498347000367e-05 1.409669263317755394e+02 1.129723752790950617e-06 6.432558676494138164e-05 2.886959330502630792e+02 3.214462308403426949e+00 1.478969633782116716e+03 0.000000000000000000e+00 5.016663091147233189e+01 6.840478515460969788e+01 1.272689857055465668e-01 4.548730321975091897e+02 5.410118754775908201e+00 7.109856058252721596e+02 2.283074756180938802e+00 1.241898142798803804e+02
0.000000000000000000e+00 6.725952380042524510e+02 6.646345783511524985e+01 1.025555876932790397e+03 0.000000000000000000e+00 3.825386930907705096e+00 0.000000000000000000e+00 1.055137685675305317e-04 6.635869673894542302e+02 6.600927931312730834e+01 1.905652723115804648e+01 7.835678436193477410e+02 4.971311295693312537e+00 4.716434927359179028e+02 4.779025697898785552e+01 8.570091416394653834e+02 2.899086576420880306e+02 1.395014293015798330e+03 1.484733070868415098e+03 0.000000000000000000e+00 1.115137799446903045e+03 2.320262437620675371e+02 4.203561892172792192e+00 7.167324119708463892e-02 2.531356802341380198e-03 7.983905117047077056e+02 1.524996958345275573e+02 2.279178791817379945e+01 6.062134132851671211e+02 4.880242235567509397e+02 1.553902689825658285e+02 1.333939303791297526e+01 5.105689110722641288e+01 1.590413524725365505e+03 4.298839416433401084e+01 8.351095146429572651e+02 1.185922049189520067e+03
0.000000000000000000e+00 1.150639296459740422e+02 9.575137392356219834e+02 0.000000000000000000e+00 1.193928852236699186e+03 8.021649981855075566e+02 0.000000000000000000e+00 4.561076607060758170e-04 8.118193317696138820e+02 9.329691589596559709e+01 0.000000000000000000e+00 2.430813763152359286e+01 3.961210546569643043e+02 1.141213533287466134e+03 0.000000000000000000e+00 1.420006743989686584e+03 7.857150768287637810e+00 1.082796325639578072e+03 1.055473035189319944e+03 5.492052297928332791e+02 4.950503687863024425e+02 4.461099852933793954e+02 2.044526705669213982e+02 1.410092966658395912e-06 2.029535699715255201e-03 5.253386253925140359e+00 7.425974396366665360e+02 9.089621436418262590e+01 1.269423823933923813e+03 1.303299350356275454e+03 2.560742336883185200e+00 2.420736541302418061e+02 0.000000000000000000e+00 8.261502838930257440e+02 5.834278335593680964e+01 1.647351873324882661e+02 0.000000000000000000e+00
0.000000000000000000e+00 4.183122053247206179e-03 1.539419218259759418e+03 6.494003553684543704e+02 0.000000000000000000e+00 1.659808182314523595e-01 4.900595941884880631e-04 0.000000000000000000e+00 8.126222540493083457e+00 2.675353614200815924e-05 8.079477460935400757e+00 3.438357254747614021e-03 8.954736525290181817e+02 7.907258374189710115e-02 1.609811819496117096e+02 1.459655185604235385e+03 5.711270789483918406e+02 7.008262717597723013e-01 7.301568823311527012e+01 2.886419193011902280e+02 2.065578417526803037e+02 2.165612163798643053e+02 2.269396134320714680e+02 6.565121475811311313e+01 2.311561229866238459e-07 3.013316050978029015e+00 8.855668923116090241e+01 6.273729236749965139e+02 3.097459038264335440e+00 2.814781687119256617e+02 4.026858916596659697e+02 7.962644295120616107e+02 7.860699028060294040e+02 3.771671909347535347e+02 1.211038045357609150e+02 1.612140267358130131e+03 3.161295337781765511e+02
0.000000000000000000e+00 3.986688265692561686e+02 2.669651488624736757e+01 4.332479298771417007e+02 5.425479998360711988e+02 9.003505257058528741e+02 5.593531774436685464e-05 0.000000000000000000e+00 4.854171418303736186e-06 0.000000000000000000e+00 0.000000000000000000e+00 3.869025106027398238e+02 2.525191871083540320e+02 7.917054859246455578e+01 1.583821004554559977e+03 0.000000000000000000e+00 2.328125541528699216e+01 2.839232461424247731e+02 1.413939312453898538e+03 7.093086104941147596e+01 3.081349799019953650e+01 9.924627703468387381e+02 3.309302183190780511e+02 7.609013677067630363e-06 3.979907288087054966e-09 0.000000000000000000e+00 1.153088583120814548e+01 1.306169653123576779e+02 5.739850810294441317e+02 5.076924446024710278e+02 1.133811621065669044e+02 8.019978910097754579e+02 2.154083467683009076e+03 1.429780650495004920e+03 1.864475808447427241e+01 6.040260264643267192e+02 5.692683733852419437e+01
0.000000000000000000e+00 0.000000000000000000e+00 1.739052801666187975e-01 0.000000000000000000e+00 4.897449409862086227e-04 0.000000000000000000e+00 4.297386881876798410e-05 3.787750671949562076e+01 0.000000000000000000e+00 2.156276312299513019e-06 2.534738549915601524e+01 0.000000000000000000e+00 1.006870092139450321e+03 0.000000000000000000e+00 4.729822384554653354e+02 1.299028058620918500e+03 2.620393817519455482e+01 4.977123406491081037e-02 1.099271862812657218e+03 0.000000000000000000e+00 0.000000000000000000e+00 5.929125946239201994e+02 1.657019252599777914e+01 0.000000000000000000e+00 0.000000000000000000e+00 7.561537285769301564e-06 0.000000000000000000e+00 1.501459486115213053e+02 1.615886827504387497e+02 4.633020720253210243e+02 1.325285332127927404e+03 1.426290608115986913e+01 5.008172556282176515e+02 3.953859387057455654e-01 3.370787274727248359e+02 3.712794634030809249e+01 8.518974833174228252e+02
0.000000000000000000e+00 4.037672153154554167e+02 2.710563551629041612e+01 0.000000000000000000e+00 6.594199079251326623e+01 2.012694815284773995e+02 3.951305434945949173e+02 1.884713241595661088e+02 3.196961941371490070e+02 6.090185123837977699e+01 0.000000000000000000e+00 0.000000000000000000e+00 0.000000000000000000e+00 6.004392196172470904e+02 1.018741838772382238e+02 4.377023492232955846e+02 7.598566883515442214e+02 3.706302083299425476e+01 6.052558400822029228e+01 4.135137126752288506e-01 5.724903242215235650e+02 1.795542974166353624e-05 4.644648525472585554e+00 1.062538296008277428e+01 1.063610876506931469e+01 3.282576694426667530e+01 2.988329870083280184e+02 3.731578174908730716e+02 2.283216501340502589e+02 1.792855673035558937e+02 0.000000000000000000e+00 1.082726006473939833e+03 2.019208925370216434e+01 2.129605669767379528e+00 7.178989362971547052e+02 1.187566035844828320e+03 1.314892442930542131e+02
0.000000000000000000e+00 3.967431862331580295e+00 1.514800708126145867e+00 1.359779883758913229e+03 1.383059001297416216e+03 3.816632965486437712e+00 2.579698465194744585e+02 7.482887930299800416e+01 2.748349419544288708e+02 5.835513691818509534e-05 0.000000000000000000e+00 0.000000000000000000e+00 6.104313165176410735e-05 1.383272282640569301e+03 1.053918829857007751e+02 5.101254260823397999e+02 1.871056745637117160e+02 4.330702744870418996e+02 1.462048159731390058e+02 0.000000000000000000e+00 2.708478380587404217e+02 4.052890644032286360e+01 1.542415094114851380e-04 3.648258524565790140e+01 2.904355096632503519e-02 9.166747870306231505e+00 2.844689507000399131e-01 7.924954468038242794e+02 3.930353419648468503e+02 2.051601917993948803e+02 1.150570071847757617e+03 1.265121545866752584e+01 1.650128981973656206e+00 1.546166872793743551e+03 6.664695580503737347e+02 4.546446347271960775e+01 5.817684291996089163e-01
0.000000000000000000e+00 0.000000000000000000e+00 7.788559761774395156e+02 0.000000000000000000e+00 1.134867469103332249e+00 1.679812358953589410e+03 1.652875008333195183e+03 1.292867218892410619e+03 5.981837984986142374e+02 1.284674558895900418e+02 6.502764530521391319e-05 1.162201700668698129e-01 1.480747738533184865e+00 5.371291531200813552e+02 3.562720350829122253e+02 0.000000000000000000e+00 3.310980719503157275e+02 4.984402184761470949e+02 2.784723297909106066e+01 6.032393590370639571e-04 2.772644215836555759e+01 1.235385935818304932e-04 0.000000000000000000e+00 1.514454259777376571e-09 3.065649625847506741e+02 7.422461097266407251e+02 4.672759543545631118e+02 1.867175381766982722e+00 4.704422457722062063e+02 3.754218837875999952e+02 1.951118777892976368e+02 3.072260639146655876e+02 1.823235909747395667e+01 3.067417671226724565e+02 0.000000000000000000e+00 4.680566803693664610e+02 1.986440802161655528e+00
0.000000000000000000e+00 1.926241954137979349e+02 7.052166226332365895e-01 6.277971311743882552e+02 7.439886777433983980e+02 9.750170054641052957e+02 0.000000000000000000e+00 0.000000000000000000e+00 3.165521435076379362e+02 2.590665354259904518e+00 1.370509295076670924e+02 1.707990329010317943e-01 1.907172412669230156e-06 1.554597685494568893e+01 1.274635499335235794e-03 3.553359139455965021e+01 1.056424836760285313e+00 5.580048881074168854e+00 0.000000000000000000e+00 4.875332423743120903e-04 0.000000000000000000e+00 2.618010263418760815e+02 0.000000000000000000e+00 1.629054750938703586e-04 2.365193129120728849e-02 4.189122666942319597e+02 1.101818147954554661e+03 1.408170670470814912e+03 1.844892641908685675e+02 9.310496953028761027e+02 4.398139323170088915e+02 3.791054036555574385e+02 1.018878999890883847e+03 6.200059181633305050e-01 1.073747906507850303e+03 4.100713451375165164e+02 0.000000000000000000e+00
0.000000000000000000e+00 1.207978881932218883e+03 7.971871653400353352e+02 4.648795623681441391e+00 1.104599810926853554e+00 6.540657144993413112e+02 1.141564548665744951e+03 1.230650594146370764e+02 1.251917196313696934e+02 2.358628622319753010e+00 4.284746911693605220e+00 0.000000000000000000e+00 2.610759689811112394e-02 1.488886324925627232e-03 0.000000000000000000e+00 5.649780255503132186e-04 0.000000000000000000e+00 0.000000000000000000e+00 8.230505631364922468e-05 0.000000000000000000e+00 7.880311128298959602e+02 3.466510698791541029e-02 8.816626089823769234e+02 1.428967934089264355e-02 5.426783775598859272e+00 2.608379158498886907e-01 0.000000000000000000e+00 2.593514523255265658e+02 4.316714104899557469e+02 8.572060771068461094e+00 6.821612762871653786e+02 6.920521955692452138e+02 1.617073882622298842e-01 1.107684304279083420e+02 5.578664343680599131e+02 8.142908249514982799e+01 8.921038486458991201e+02
0.000000000000000000e+00 7.004906737834892283e+02 1.334859530561448873e-06 0.000000000000000000e+00 1.156558591001838067e+03 1.085644049565660794e+02 1.739167157134930221e+03 8.144600321916479757e-01 1.454010091467234247e+02 3.958849551307305887e+02 3.363993757898727495e+02 4.828023764492479775e-02 2.304596224928711194e+02 2.322677921114291166e+02 9.632525926103206645e-06 6.729484812821326725e-04 0.000000000000000000e+00 0.000000000000000000e+00 1.179625760948119711e-04 0.000000000000000000e+00 9.338296730230799767e+02 4.857853452365978910e+02 1.081809922112688582e+03 0.000000000000000000e+00 4.762060698409875670e+01 1.829860973954191650e+01 2.961140233615403758e+02 1.005974104566387552e+02 7.153247934002787360e+02 6.432995386072544761e+02 7.838564508716838741e-01 1.470900599313778514e+02 9.816210602721350043e+00 1.913851558183393706e+02 6.086885651669526851e+02 1.145308475690369754e-01 5.663961612469491911e+02
0.000000000000000000e+00 1.077933495318149504e+01 5.460327814409561553e-03 6.016202822665663064e+01 1.885185426039412732e+03 5.217263772866339195e+02 7.281320075411366055e-01 7.895710172146644936e+02 1.049739115288349467e+03 7.881482087670658530e+02 0.000000000000000000e+00 1.931959696410490892e+02 6.013905177027755826e+02 0.000000000000000000e+00 9.180085292996787416e+01 1.024286959911238290e-03 0.000000000000000000e+00 2.947277213837852017e+00 3.536121084447218550e+02 3.026018731683540750e+02 2.704578464233104995e+01 6.468375132740777644e+02 1.099397004935250095e+02 1.092103807988361041e+03 7.771078605352778368e+02 1.172182299196355189e+02 1.180874088948147354e-05 6.868306967769720472e+01 1.974768629125578627e+02 1.779282775696876797e+02 8.388086035202042012e+02 1.641948699546534840e+02 2.763158330427296860e+01 8.879910402580247109e+00 7.517821037958200350e+02 3.735783189866623957e+02 3.909218838847355215e+01
0.000000000000000000e+00 1.401705338968541881e+00 1.094315946841921405e-02 5.074085675325767236e-02 0.000000000000000000e+00 1.463243801435888827e+03 1.089332784597507271e+03 1.473236237380048408e+02 2.986064460225910239e-02 8.389041400536215165e-03 0.000000000000000000e+00 1.030325006208816376e+03 1.635191641243363847e+01 1.162903770920686384e+03 1.053036609084517750e+03 0.000000000000000000e+00 1.475255130426451032e-02 3.710508406175268306e+02 1.058068093830781038e+02 9.775008455219146981e+02 4.019722026826345314e+02 1.321545561605581270e+03 1.707477886901333619e+00 3.322883279031029815e+02 4.496514078889126154e+02 4.132863286240672664e+02 2.496154962586448107e+02 2.360319994512718722e+02 7.796626447527158916e+02 8.436880209908183659e+00 4.283588144073759167e+02 2.428072827075031270e+01 1.893649537885853995e+00 1.560059892220034953e+03 1.481982268512402243e+03 3.861342511248240044e+02 2.680940142791607741e+02
