output/example_1/lateral_incision_000161.asc
nrows	75
cellsize	13.33333333
xllcorner	0
ncols	75
yllcorner	0
NODATA_value	-9999
[rows 34 to 50 of 75, columns 37 to 73 of 75]
4.088454175403696240e+02 0.000000000000000000e+00 4.791715781751562417e+02 2.474494385455099632e+02 1.801504695577731638e+02 2.299060435312388506e+02 3.677887164874901060e+01 2.104548002315706015e+02 2.871779929650959406e-01 1.513881500919906784e+03 2.036991766211727395e+02 1.349235727003054990e+03 5.180497391127844367e+02 1.189814806083464163e+02 2.858972063609689940e+02 0.000000000000000000e+00 0.000000000000000000e+00 3.068214120608487292e+02 2.556698345078304291e-01 8.270746946086998150e+02 1.967700263274326744e+02 3.592361895790976405e+02 1.048744435124820740e+00 2.047899202046373262e+02 5.579036373797811166e+02 3.082603936034055536e+01 2.857443031650829246e-01 5.084819559267382374e+02 0.000000000000000000e+00 8.524118349951261280e+02 1.147474604961547584e+03 1.035318600996834448e+03 1.042295816754165116e+03 1.687284888412222585e+02 2.649296401138594437e-01 7.202824638035342559e+02 2.097854027891668238e+02
5.863932584596514062e+02 6.915117983406965152e+01 1.329465495389845728e+03 1.097142693989325380e+03 4.481622966135420256e+02 1.884442066565954121e+01 6.446578635080540209e+01 5.463527383595697273e+01 7.687007286617121571e-02 5.757959862177583545e+02 4.721412118200861983e+02 1.242545868325379104e+02 5.365767485195561903e+02 1.423308086574710103e+02 5.658415248602999554e+02 3.654726389669940545e+02 1.921963900353255212e+02 5.338159393007709923e+02 2.790040933927023161e+02 2.505869096224216150e+02 3.220443286918968084e+01 2.637537841532137577e+02 2.458781016042081546e+02 0.000000000000000000e+00 0.000000000000000000e+00 8.031174517752886004e+02 2.575860435479728494e+02 1.327056144977584381e+03 7.737187518367417169e+02 1.959857908407428295e-01 4.136592831619557131e+01 9.763300681604256681e+01 2.911421226453849798e+01 1.449768165425125801e+02 4.879769234664984197e+02 3.644506825190698009e+02 2.238409821123129575e+02
6.317850811855879556e+02 2.903002763535648256e+01 4.707355868739059588e+02 5.247752422420137286e+00 9.410285761748383493e+00 3.066190298970747676e+02 9.638606069406951349e+01 6.654077431796409883e+02 2.387285341160144867e+02 1.987992888003781786e+02 5.105238503197188606e+02 1.210667043575989283e+03 6.160913938518939759e+00 9.583506509210440072e+02 7.722037895047466236e+02 4.162660966308079082e+02 1.665957424232846984e+00 3.439690438996179545e+00 2.321246045690661397e-01 1.520565217409534000e+02 6.101646199852723385e+02 1.294732685408980331e+02 7.813721599846833215e+02 1.648928675265730362e+03 2.910900063299350915e-01 5.494782798649797542e+02 1.205137415840786552e+01 0.000000000000000000e+00 6.293404814582670497e+02 4.000685338002462004e+02 3.595117101213733690e+02 3.321023891862252553e-01 1.692857561721793672e+03 3.054520083970692212e+02 4.713009828132452981e+02 2.458595763293841117e+02 3.815155549709085108e+02
1.260975184257997398e+03 8.950851591830233929e+02 5.020773768862492830e+02 1.495281488470582758e+02 1.314847044724168427e+03 2.024987920653126139e+02 4.558522592060343825e+00 2.147655740649291545e+01 3.303765608379465135e+01 2.098023474843980409e+02 7.771779607109559720e+02 1.206834294619810180e+03 3.838528081213611358e+02 0.000000000000000000e+00 1.747254451754266938e+03 4.795484610306530726e+02 3.595663072257475079e+01 1.029812720795355290e+02 4.973712069039939365e+02 4.501544188536009017e+00 3.613437675889828427e+01 1.335906943657469981e-01 1.578348215970895581e+02 0.000000000000000000e+00 2.978305472418727504e+02 5.969675240219859234e+02 6.333052451523983564e+02 1.191503554321779347e+03 3.928163098531676383e+02 0.000000000000000000e+00 1.850059059767932297e+02 5.812241726795569496e-01 1.143322604832457046e+03 2.969677428373057637e+02 3.808247219827990193e+02 7.492466728206686639e+02 1.303770512919635109e+02
4.907252421434840528e+01 8.176451308538868545e+01 1.036403913770383497e+03 0.000000000000000000e+00 1.221021659917314082e+03 1.343157011879573929e+03 5.644939922379636528e+02 9.243568509676844513e+00 8.139376719279590633e-06 5.494081982427379671e+02 4.699324936413688079e+02 3.532269303531181777e+02 0.000000000000000000e+00 7.331718496148458826e+02 6.180834622711048354e+01 1.374946066484626250e+01 1.472159784063806228e+03 8.215803314426450470e+02 8.712215768844815500e+01 0.000000000000000000e+00 3.322117624009112813e+00 3.058550816691045782e+01 7.673054074328530305e+01 3.737834061975487399e-01 1.555939253597881589e+03 6.151705435932941057e+00 6.564807880951109382e+02 3.657972831321624341e+01 6.099374159368347819e+02 1.065495600729241914e+03 7.244363280267825758e+02 1.148761389589757043e+00 5.187028634333908030e+02 1.078253279881168282e+03 6.251904274502239787e+02 4.576490448714244508e+02 3.743092760352283221e+01
1.594652660298291494e+03 3.543664167139096488e+00 0.000000000000000000e+00 4.620737122579914740e+02 1.245153398799740643e+02 4.648613361879652075e+02 1.120583389116776800e+02 0.000000000000000000e+00 7.563021605143268289e+02 6.508973055931752683e-01 3.567137467375690107e+02 2.802426000018590457e+02 5.030351277057575885e+02 1.262452729274728881e+03 9.932860333490453968e+02 1.189743849763379103e+03 2.529160801763878474e+00 2.801061217525899565e+02 3.353407997245556089e+02 4.290511161001115958e+00 0.000000000000000000e+00 5.835945586972755450e+01 1.222966783741134805e+03 2.890356016035833520e+01 4.389707579021734887e+02 8.435266626751511954e-01 1.623126171995519784e-01 9.428551282556685464e+01 4.543300481617231412e+02 1.600772351164817451e+02 1.041152809836548613e+03 1.253615482340097287e+03 2.094865639708971727e+01 1.258050526151440778e+02 2.866632288999045386e+02 2.862262232988917390e+02 1.759428720044133172e+02
3.808625495266963412e+02 1.302642706376204387e+03 5.570310445687229617e+01 2.702053787867531582e+02 4.136206156229085877e+02 1.834369113855848639e+02 5.260444572208490399e+02 3.974177542008589512e+02 2.271594511947682520e+02 0.000000000000000000e+00 1.420883146273583179e+03 1.862469072857784340e+02 1.113216714195551447e+02 2.341365231807048133e+02 2.151004528988071343e+02 1.760468444778594630e+03 2.723878515432086829e+02 7.972624030462149847e+01 1.145175069188934913e+03 2.041783458311858567e+03 3.751498512163737473e+02 7.023519305602354734e+02 4.410885866705302760e+02 1.070604331838830747e+00 2.036243982141995730e+02 7.476328772496830197e+02 7.669142173880176472e+01 4.180324061466290573e+02 4.146350248643856276e+02 9.500422599415429659e+00 5.074793284940416243e+02 1.471777328205483172e+03 0.000000000000000000e+00 0.000000000000000000e+00 8.497082997288949002e+00 3.312406562601305495e+02 7.935738486092991479e+02
0.000000000000000000e+00 7.385850691750514443e+02 1.125573219911708975e+03 3.853377213237731098e+02 3.607445761145825713e+02 0.000000000000000000e+00 5.091144151557190156e+01 2.201482561338887312e+00 0.000000000000000000e+00 1.599622356318432139e+02 2.015997853643836493e+02 1.551557577106234431e+00 0.000000000000000000e+00 0.000000000000000000e+00 3.793330202333123680e+02 8.211741734490988165e+02 4.822375704121159856e+02 1.042231585851563523e+03 7.367121712120727750e+00 5.779302157591806690e+02 2.015010724876613267e+03 1.793282545970417061e+02 2.252097832131802022e+02 6.442938816841000893e+00 1.587089157861901185e+03 8.639602682616643392e+01 4.697023663408484140e+02 5.240846618325133477e+02 0.000000000000000000e+00 3.252848298290813887e+02 6.569265659776841630e+02 6.921696913592875262e+02 2.403536471673374422e+02 1.023869890175248258e+02 4.264989562876900209e+02 5.295158154850098526e+02 4.744129379534210216e+02
1.983404671109063599e+02 1.133504703181651934e+02 8.075415693757797726e+02 5.327743548799287510e+02 3.441287172334509847e+01 8.535644569879887058e+02 1.089872796995299495e+03 1.034472955591745915e+02 7.489481610260870639e+02 4.226727011715082654e+02 1.035650938191716023e+03 3.497614452526529027e-01 6.798506478377257167e+01 8.351983512023563208e+02 4.693548027269287672e+02 0.000000000000000000e+00 3.368519551923636755e+02 0.000000000000000000e+00 1.002404741951856522e+03 4.914703605260896779e+01 1.630684258830603767e+03 1.235924532159673845e+03 7.741569008325577670e+02 1.305416406324484413e+00 2.950163082954637730e+02 5.489622330140465465e+02 0.000000000000000000e+00 8.285612280708048161e+01 1.021287311438663210e+03 7.308741042113801711e+01 7.882328489430219520e-02 5.502017427320585057e+02 6.422068194243501011e+02 3.612541462782970392e+00 1.272562757833551132e+03 9.734450920985789253e+02 6.980934206577511514e-01
3.536508037088091072e+01 1.287697151189910016e+02 1.428610611115340845e+01 9.294561853434848899e+02 1.996481128499733160e+01 0.000000000000000000e+00 0.000000000000000000e+00 4.599845849682094467e+01 6.049626845741211127e+02 1.081911834205936202e+03 9.805275438227339180e+01 7.123864126915115094e+02 5.260392966560103645e+01 7.986889705730412237e-01 4.656071395140409663e+02 2.727506376588672410e+01 6.771910167575490505e+02 5.271144900602184862e+02 6.647649498810530986e+02 1.317264532621462877e+03 2.625670057111754474e+01 2.155086004898805996e+01 4.085476571034196702e-01 1.141278968054692996e+03 2.777548119111277742e+02 1.015895544471014887e+03 2.328541664235939948e+02 6.362527574924847613e+02 7.692382663646789354e+01 6.929439673612819206e+02 8.166494340597543200e-01 1.499934619369181803e+02 1.099472225342362663e+03 4.356978614713609943e+01 5.657474993501890594e+02 4.769349433992374543e+01 0.000000000000000000e+00
1.820573320705421565e+03 8.871049425037839455e+02 2.062050440147240238e+02 5.117305407398109907e+01 2.112680343931557161e+02 1.033204263551558370e+03 1.093529976083779047e+03 2.181594711155784694e+02 3.699543509623975410e+02 0.000000000000000000e+00 2.762843758949293260e+01 1.535296946356850185e+03 6.306032281865665112e+00 3.767122775050214614e+02 0.000000000000000000e+00 1.942901184228640261e+02 1.804101855447194325e+01 1.069731281384425529e+03 6.349638611389502785e+02 8.814601790899116622e+02 3.403885024600887732e+02 1.047120387545214371e+01 1.278313242582385783e+03 8.183670195406533594e+02 1.262419327652436785e+01 2.114858460348594633e+02 7.402350162430072942e+02 5.606858038875230932e+02 2.424193734413357859e+01 2.045219287538123965e+01 3.704357650594040763e+01 1.595976196568058558e-01 3.610046110001106854e+02 2.788174614922063483e+02 1.620422795062737364e+01 8.580956919324987666e+02 0.000000000000000000e+00
1.389839675411309599e+03 5.052827120935907690e-01 3.748788641023554646e+02 1.087505232004960135e+03 5.944406301516177438e-01 7.357842881687500949e+02 2.518573259247278706e-01 1.433210884409620856e-01 9.344138269753161694e+02 1.002278744550744477e+03 1.394371557763212195e+03 3.479176019220619054e+01 1.219682030837024058e+03 4.483433169498371171e+02 3.794240328545101875e+02 3.646295624055796480e+01 4.857291479942029468e+02 0.000000000000000000e+00 9.539669526644578355e+02 1.345395103081792243e+01 1.393362092417225085e+03 7.619875200994397524e+00 1.099423777697337982e+03 1.492890959671291817e+00 1.585839681409232504e+01 4.231985831986002609e+02 6.746634387901520995e+02 6.506925685363607954e+02 1.552745708738682673e+00 8.954659704038544987e+02 8.576764171026953321e+00 0.000000000000000000e+00 1.750484570912657603e+02 2.505039575249514883e+02 2.120612414114257547e+02 2.823907271604761036e+02 3.690949522893690755e+02
2.162895295020450988e+02 8.793121797698015598e+02 7.964543463198535846e+02 1.062821757810860845e+03 1.208378091087116957e+01 5.438487272323523030e+02 5.919964283524405124e-02 6.274678065219744667e+02 0.000000000000000000e+00 6.521723228741050207e+02 1.038828590100611109e+03 8.697258305987339844e-01 3.152328376724092323e+02 8.942535353371634983e+02 6.210150158724519365e+00 7.388198514931879117e+02 2.646517021291079175e+01 1.206842302076359147e+03 3.672591654138523722e+02 1.115682640205097869e+02 7.364301616182674479e+02 8.000402721653629978e-01 6.977726782128010541e+01 1.254102702409247513e+03 1.514035560927223116e+02 7.881539370627374410e+02 2.639389167457202916e+02 2.222693147845855606e+02 5.409442690609995275e+00 7.546073757794513313e+02 4.194765621913781501e+02 2.146917238470154814e+02 4.886319032737650332e+02 8.663305591835205632e+02 2.731409800789466544e+02 3.752952657749357854e+02 3.439504555845797995e+02
1.215635697396951969e+02 8.687847073366350514e+02 1.481309996230756951e+03 1.030266359553583243e+03 0.000000000000000000e+00 1.672803900005325204e+03 3.127539370237100229e+02 7.103089532366036565e+02 7.370927681051023228e+02 1.889147133176217608e+02 7.841742367589415608e+02 4.322465293271839073e+02 7.353924552471473586e-01 5.853835290627301680e-01 4.003896756580079455e+02 0.000000000000000000e+00 0.000000000000000000e+00 7.413060795417175086e+02 3.078055031568118807e+02 5.506588064994672749e+01 4.145400474095565642e+02 2.260482140225574099e+01 1.379538734672709325e+03 1.323672672264393100e+02 6.755870073456031832e+02 1.855289163527892027e-01 4.536827736574100527e+02 1.142126002811478287e+02 2.288766997635881317e+00 4.206625063556809891e+02 2.898682521262239788e+02 1.697648990518572418e+02 1.814394109713541070e+02 5.633509655012838948e+02 1.388417633862791718e+03 4.869570411610169458e+02 8.218923155158405436e+00
2.161083535772393982e-01 5.276104323323000926e+02 1.118891669123761858e+03 0.000000000000000000e+00 1.131145175400985636e+03 1.554309939277555372e+02 0.000000000000000000e+00 1.333500667910201400e+02 3.586197532008903863e+02 9.618852540670994813e+02 0.000000000000000000e+00 4.068585422990614830e+01 8.740856573245577010e+02 4.145173670550791485e+02 1.306582627837220343e+03 6.759721185106646146e+01 1.068784837276379136e+02 2.350545429040885315e-01 7.881503974860825110e+02 4.454108593109870071e+02 1.139627017046020001e+03 2.550857178550108628e+00 9.775368025454453402e+01 2.531100481227707348e+02 1.457824861293363028e+03 3.535956984922844271e+01 1.704342036216558824e+02 4.845471609086452247e+01 1.242955516602360433e+02 7.449285563606779306e+02 1.350411939719200518e+02 1.055578551968113288e+03 3.760854246094083209e+01 0.000000000000000000e+00 1.460209318560886913e+03 3.105136519602117673e+00 9.920470150229708679e+02
1.068868118542977982e+03 1.439042908073239914e+03 2.940470312262345942e+02 7.921902529092428722e+02 6.247476328306546520e+02 3.953049853610121289e+01 0.000000000000000000e+00 6.105304272701557693e+02 4.136453453818591086e+00 1.238789256568046767e+03 2.929966601208324732e+02 1.484853617896604192e+03 1.812928084352433089e+01 5.766347919271939872e+02 1.185919919862293975e-01 0.000000000000000000e+00 2.088807566134735794e+01 6.593124525648202052e+02 1.521549510782593275e-04 4.608011143013511628e+02 2.490101472498741142e+00 1.534495567022141131e+03 8.624411791522106796e+02 1.580970355181173090e+02 7.502182647096343082e+00 6.239400539700525883e-01 4.456925835333492500e+02 2.086548224133655083e+02 2.419350730239659697e+02 0.000000000000000000e+00 1.047116157638531320e+01 1.220747810310824207e+03 1.041135851284245291e+03 1.036524811500749593e+03 0.000000000000000000e+00 1.415683215026848302e+03 2.598863745362286295e+02
5.126965865736527803e+02 1.039367180967260040e+01 3.866366994895547577e+02 3.188580979788800391e+02 8.193761293774884962e+02 2.430239760914142266e+02 0.000000000000000000e+00 1.063261636571378176e+03 1.212154365244086421e+03 0.000000000000000000e+00 1.436971079749396495e+03 5.188583380151594149e+00 1.516532272192319851e+03 1.529335987632089200e+03 8.551118536955700122e+00 4.754088782535571340e+02 1.135190286949273059e+03 1.191107414536752231e+03 1.493932152293796207e+03 0.000000000000000000e+00 0.000000000000000000e+00 5.217604039714302644e+02 3.030129860351522098e+01 1.619635980772126516e+02 4.475982192465688847e+00 7.385353758661747179e+02 2.611181416637182338e+02 3.350600582606267608e+01 4.949160727932992359e+02 1.058042457506785183e+01 7.581936633366406220e-01 3.905232044623500656e+02 1.372584245962151726e+03 1.643563028299313089e+01 6.097268347924183445e+02 0.000000000000000000e+00 2.978837364971813031e+02
