output/example_1/lateral_incision_000043.asc
nrows	75
cellsize	13.33333333
xllcorner	0
ncols	75
yllcorner	0
NODATA_value	-9999
[rows 34 to 50 of 75, columns 0 to 36 of 75]
0.000000000000000000e+00 1.331125574497359366e+03 9.632396526288597443e+02 0.000000000000000000e+00 0.000000000000000000e+00 5.774874315104346323e+01 5.301636780633474473e+02 2.918795048638954199e+02 1.789478882457294958e+03 9.012020425050964150e+02 2.795616909523522509e+02 1.576887013135048846e+03 3.025346301906667463e+02 7.764537343743356814e+02 0.000000000000000000e+00 2.937052033946862295e+01 2.526431711872295259e-04 5.715470915737637370e+02 6.734734056412342795e+01 1.024611423129301357e+01 4.545595132990086773e-01 1.651913577534854085e+03 0.000000000000000000e+00 1.212438739151243112e+02 4.303254723826666464e+02 1.297860688763148005e+02 2.725813790757506538e+01 5.719160503843278320e+02 0.000000000000000000e+00 2.815133685513296200e+02 7.055072491215464652e+02 1.696279371638843031e+03 4.625548578776330544e+01 3.423787134129675280e+01 4.281912145528172786e-01 1.284038406921185356e+02 8.171707171417126858e+01
0.000000000000000000e+00 1.361629877012493672e+01 3.427755883555660148e+02 9.051714597619254619e+02 1.319107063917135463e+02 1.679409616196757270e+03 1.659989401277800027e+02 4.776422390527911688e+01 1.701004676225051071e+02 1.308028880299216894e+02 7.102286117879482674e+01 1.897216092500426896e+02 6.203279980170672161e+02 2.048669900664919794e+02 2.570777879504856287e+02 0.000000000000000000e+00 2.923451477610844625e-04 7.765707910077552275e-05 1.092261274155631781e+03 1.805174273515434606e+02 1.144442038051038935e+03 2.824997704751112337e+02 1.222585654093035146e+03 2.885061169610197567e+02 5.575562446266147845e+02 1.449832067921764519e+03 1.879095751576398188e+00 1.094381021209866731e+03 5.149600658733455560e+01 3.544940683530430192e+02 4.681054677827476098e+02 2.025083516925612344e+02 2.559093597470726955e+00 7.544632960948873688e+02 3.640712457674547977e+02 5.511134512469029687e+02 9.179919923531248287e+02
0.000000000000000000e+00 8.503394491195620049e+02 3.767459846062352291e+00 9.674481838697503999e-01 5.318316545552772823e+01 1.789594185957184322e+02 5.675187574851314594e+02 2.518780013156437292e+02 1.728165270559611031e+02 1.848190143314768363e+02 1.413255919498285266e+03 0.000000000000000000e+00 8.277991356259533404e+02 7.164246084341106098e+02 3.899189997292391743e-04 4.635953734173192241e-05 1.904891539768906845e-04 2.137640009550099377e-05 1.372281135140844793e-04 7.086618969134193549e+02 3.967563769206058168e+02 0.000000000000000000e+00 3.150490426649117808e+02 6.025706208835034658e+02 0.000000000000000000e+00 4.107526764611920385e+02 3.081488029380840317e+02 4.067949793643760472e+02 0.000000000000000000e+00 6.324883658967057727e+02 1.883135230050788493e+02 1.074770507361672117e+03 1.954932669169289170e+02 1.972449723123092413e+00 1.117305086617483539e+03 6.555712866736849946e+02 1.072158120175877912e+03
0.000000000000000000e+00 1.264685226000910006e+03 1.293198049274295499e+03 1.156617200763570736e+03 1.385070765785717413e+02 8.700826678757842956e+02 9.917060552664585202e+02 1.240096984591431521e+02 1.266069035826836398e+03 7.563670444823341654e+01 8.365205525120583161e+02 2.532010229469976537e+02 2.320868967625640096e+02 5.912091272701459899e-02 1.356015273791624266e-02 3.040326609440737116e+01 2.431910122738174707e+01 3.572054670421062639e+01 3.070463388476606211e-06 7.920414961127169917e+00 1.443029580213596773e+03 2.075238415808252739e+03 7.430288200867510113e+02 9.685495682642995874e+00 2.163780796147483088e+00 4.264053518565032164e+02 2.293743581690075928e+01 5.491438227754186983e+02 7.465192981651177888e+02 4.314349226643643398e+00 2.387009334155691533e+02 0.000000000000000000e+00 9.166648923957210400e+02 9.164669551129278489e+02 0.000000000000000000e+00 6.124506106111826966e+02 8.047980399434032961e+02
0.000000000000000000e+00 5.469936481386831701e+02 9.608824617932224328e+02 2.305767568303689619e-01 4.572700573098549270e-01 1.569364786473843587e+01 7.691974476468762134e+01 1.188399845985486394e+02 0.000000000000000000e+00 7.748687720164573633e+00 3.679113180547613382e+01 2.418398819976776224e+02 0.000000000000000000e+00 0.000000000000000000e+00 1.068833147438187625e-04 3.529157755819784938e+02 2.420802253029519875e+02 1.010312607050824681e+03 1.580537204357538883e+01 4.296279113084150225e+01 8.181706335687387137e-04 2.430879853141648539e+02 0.000000000000000000e+00 2.599875757620747052e+01 4.530082494953377932e+02 2.048330127601065556e+02 2.766546919733747245e+02 8.300455372726457881e+02 1.321193193577902605e+02 1.777224746807234967e-01 3.028416830905673010e+02 7.690506006591532469e+02 0.000000000000000000e+00 1.243650334121811056e+03 1.775048083462939985e+03 0.000000000000000000e+00 0.000000000000000000e+00
0.000000000000000000e+00 9.093178537437021305e+02 1.133792092121029327e+03 6.425357385071010867e+02 4.179715804749266350e-02 0.000000000000000000e+00 0.000000000000000000e+00 6.307588777194126843e-07 2.677795436723971737e-06 0.000000000000000000e+00 0.000000000000000000e+00 6.800739369683388702e+01 3.671411726192484792e+00 1.724287087131974039e-01 5.482856682508074724e-04 2.749023335068694109e+02 7.122077122339261450e+02 0.000000000000000000e+00 0.000000000000000000e+00 1.679777603221781490e+01 8.457724156701176810e+01 0.000000000000000000e+00 7.176155017594363699e+02 3.488194212665060263e+02 1.151004106688313868e+03 5.204887764949941129e+02 8.804124724523430245e+01 1.423165316473313624e+03 1.569493876130273122e+02 3.869826906179467869e+02 0.000000000000000000e+00 1.026205074215453578e+03 1.340849633704046653e+02 1.295823227296904179e+03 1.272964648781267982e+01 6.863412367464119370e+02 0.000000000000000000e+00
0.000000000000000000e+00 2.637525306610929761e+02 4.283546812591173421e+02 2.995248249997681245e-01 2.335324791193728089e+01 1.857571343556358201e+01 2.005894158405383682e-03 2.489479767233764539e-03 0.000000000000000000e+00 0.000000000000000000e+00 2.205246783660976291e-06 9.958854160649062930e-06 2.382354998912779536e+02 1.237664675938318257e-04 6.317723687042182235e+00 1.234065817666024998e+02 8.984194891104099270e+02 2.673038817909332820e+01 1.170028191408731118e+03 2.186932770805001837e+03 2.660881825132880962e+00 3.362821347939928263e+00 2.846050596179755416e+02 0.000000000000000000e+00 7.682214664656831893e+00 1.124196014420743722e+03 1.735691829968315005e+02 4.766995827160171117e+00 2.343342664162171616e+02 2.850451856855219717e+02 5.989583052754870778e+02 3.401519803299284490e+02 9.049826942945184101e+02 3.184576013764071067e+00 1.358050624525436660e+03 1.292929874285691312e+03 3.735873211070085631e+00
0.000000000000000000e+00 1.395893222910676741e+03 1.010826260027855369e+03 8.914353279139965025e+02 2.896465191709352212e+02 2.426644634482944429e+00 1.676958743886356373e+01 1.252521951022917968e-01 3.345097290596198150e+02 2.383343912593675782e+02 2.950441124874281146e-08 5.060002101546352833e+02 3.267047157484873310e+02 9.026743190383967885e+02 2.035112941468673053e+00 2.241996109712176890e-06 1.168825750364843259e+02 7.074539646706396923e+01 3.150477379534115219e+00 1.465652846433541299e+03 4.708553049969830226e+02 4.052042698664106157e-01 1.354805181777442158e+02 0.000000000000000000e+00 0.000000000000000000e+00 1.037550985005798454e+00 3.800483179526835897e+02 1.497511345165291914e+02 6.106642880359178349e+00 1.098221357214950558e+03 2.604151251416237187e+02 3.843017908512793497e+02 2.324089255333344067e-02 2.513570680372838240e+02 1.253332437324198509e+03 6.244570496588498827e+02 1.619876609258261624e+02
0.000000000000000000e+00 0.000000000000000000e+00 5.750046490989519725e+02 1.817980145914101797e+02 2.607189507088962728e+02 4.637172011045286126e+02 6.364895706994411739e+02 1.886344737183203790e+02 1.583906863176393074e+02 6.492799189826477004e+02 3.010910082586855645e-03 1.218449253937166304e+03 2.830261908514635252e+02 6.687791316814088987e+02 5.329476396999375254e+01 0.000000000000000000e+00 8.211599766041627086e-08 1.387592409569102983e+03 1.594567250439334885e+03 1.108226402810271622e+02 1.972949910750959646e+02 2.616055633152972177e+02 0.000000000000000000e+00 1.058425387713369446e+03 1.478081471737577957e+01 9.417112830800216443e+02 2.288708740191931099e+02 2.456390376982679982e+02 1.371941962472495334e+03 8.596410634481564728e+01 2.305020831107013919e+02 0.000000000000000000e+00 1.217699035463551809e+03 5.809856176995926944e+02 3.166332876919443962e+01 1.913298565246310545e+02 5.783335420077055034e+01
0.000000000000000000e+00 5.675342328084839210e+02 1.191000409106991675e+00 0.000000000000000000e+00 5.952889619244532469e+02 8.638499271375255972e+00 4.312897804723505715e+02 1.018771925284100810e+01 1.210566245754517695e+03 8.970449314588062180e+02 1.662683914303634310e+03 1.652025901050383482e+03 2.676469538375188861e+00 1.096841682392284838e+03 1.561285984444799366e-09 0.000000000000000000e+00 0.000000000000000000e+00 2.813394188675955547e+02 5.904647557708073435e+01 1.942563468810430516e+00 8.668239316453932588e+02 1.294609307652412781e+03 0.000000000000000000e+00 4.974489182846249413e+00 2.948423422874183757e+02 6.263442915553623891e+01 2.185691731501144375e+02 9.905530291647393071e-01 1.178572068999279509e+03 1.158311947169339192e+03 3.942317077280870219e-01 1.176412349411280758e+02 2.561421577038466921e+02 1.269921315008614329e+03 5.493922344730291343e+02 9.375073230640357451e+02 3.365152993420535381e+02
0.000000000000000000e+00 5.694944087451942778e+02 1.494304852785246794e+03 4.156027567550835577e+00 3.710295279114313303e+02 1.734485216942498255e+03 2.480802174142171452e+02 2.960361148599155285e+02 7.660918838779721227e+02 9.407007478752273073e+02 7.870299077321644745e+02 4.989638202711964787e+00 1.722034855680622513e+03 9.964056653734508018e+02 1.745715860977608280e-01 0.000000000000000000e+00 2.754998590429299838e+02 1.098189393878652851e+02 4.164577211534995627e+02 1.052249145672503118e+03 3.986871836926233925e+00 4.954899473682448843e+02 9.277245760938900503e+02 5.241993344094702252e+02 7.601238419341598274e+01 5.529927921998177842e-01 8.073629871430796356e+01 3.991155794317057826e+02 9.787801642336186205e+02 1.625964361980763409e-08 1.125260970549360081e+03 2.627985640361576998e+02 1.209609049921658652e+02 8.711301775873315023e+01 1.354317067009560787e+03 8.398568829785660910e+02 2.123555160859293380e+02
0.000000000000000000e+00 3.878158162598421388e+00 0.000000000000000000e+00 0.000000000000000000e+00 0.000000000000000000e+00 0.000000000000000000e+00 8.950398945710850285e+02 0.000000000000000000e+00 3.100655978834211401e-01 0.000000000000000000e+00 1.296103608539236696e+01 6.384764135350812921e+02 3.615647737115883160e+02 5.073122624146567432e+02 6.339848935766232785e+01 5.662496507028269832e+01 7.938336567296279611e+01 1.362884950968187908e-05 5.139628381433974624e+01 1.949005047043098671e+01 4.756805479065793207e+01 8.096635264364397244e+02 0.000000000000000000e+00 0.000000000000000000e+00 2.181556604373084269e+02 4.311989234392775643e+02 1.973002443598219635e+00 4.232443635027053688e+02 0.000000000000000000e+00 0.000000000000000000e+00 0.000000000000000000e+00 1.109148239123987878e+03 7.829522262831090984e+02 4.391708736723899165e+02 5.928107873089933832e+01 0.000000000000000000e+00 2.475865164286027493e+02
0.000000000000000000e+00 5.551398531454024265e+01 0.000000000000000000e+00 0.000000000000000000e+00 0.000000000000000000e+00 0.000000000000000000e+00 7.306795239974875900e-01 0.000000000000000000e+00 4.465318496092241958e+02 4.860982754875303158e+02 0.000000000000000000e+00 0.000000000000000000e+00 8.697630870160160157e+02 4.750891771070020013e+02 1.707821483935608171e+02 2.323651822544471202e+02 3.907023514726730582e+02 4.736201610471089651e+01 8.620268118209286267e-04 1.567417260680158279e+03 1.004990516646804366e+02 1.189579964494742512e+02 9.957030458097267456e+02 3.693151472284188799e+02 2.886167946461146130e+02 1.092098428311033231e+01 6.050750096613538886e+01 1.675210661640257968e+03 1.046175986084069809e+00 8.398587567519599872e+01 6.250776527876061550e+01 0.000000000000000000e+00 4.681628437825685727e-07 7.647972340271949179e+02 2.676118848798511181e+02 5.645617551382612191e+02 3.320579110962929121e+02
0.000000000000000000e+00 3.805663115124858109e+02 5.309542697997219420e+02 5.937292166713434654e+02 1.040881406161919358e+03 0.000000000000000000e+00 4.050841253661614019e+02 1.503406736196872998e+03 2.271261140771828195e+02 1.041478714700571800e+03 0.000000000000000000e+00 1.222890110218990912e+03 0.000000000000000000e+00 0.000000000000000000e+00 2.887665074928187914e-01 1.290265568505122862e-01 0.000000000000000000e+00 0.000000000000000000e+00 0.000000000000000000e+00 0.000000000000000000e+00 0.000000000000000000e+00 9.323706146385153488e+02 1.763077834387929386e+02 4.062717272354763054e+02 1.540926439591612684e+00 2.659569920854872862e+02 2.088112265105761090e+00 2.283610852868719378e-03 1.047545083633258400e+03 1.047796867848776628e+03 0.000000000000000000e+00 6.069450533143534443e+01 8.516523230392750686e-05 8.249458961381129314e-06 6.521570601057458116e-01 1.046531776618363452e+01 0.000000000000000000e+00
0.000000000000000000e+00 1.227736116489282239e+02 9.636526375966666391e-01 4.288785236865688830e+02 9.124024117314905880e+02 0.000000000000000000e+00 4.582470628348023070e+02 5.223787980987137189e-10 2.610321655678580441e+02 5.889543712543620586e+02 6.660800182665868761e+02 2.832047017430560487e+01 6.939649262416793363e+01 5.654252594582117126e+02 7.362220815268096885e+02 9.053062609129502789e+02 1.523966313766929090e+02 7.103436103463579911e+02 0.000000000000000000e+00 9.222640420634949123e+02 0.000000000000000000e+00 0.000000000000000000e+00 0.000000000000000000e+00 0.000000000000000000e+00 9.736407367542477687e+02 3.102834259179160199e+02 0.000000000000000000e+00 1.436726049269546365e+03 3.110926169900671390e+00 6.613920579152277242e+02 5.688602500619225566e+02 1.837691886825266465e+02 6.720125914621395413e-01 0.000000000000000000e+00 0.000000000000000000e+00 0.000000000000000000e+00 4.405502622130282653e+00
0.000000000000000000e+00 4.989214005198005283e-04 4.371594222229365639e-02 0.000000000000000000e+00 7.656306572815640976e+00 4.421203754800670538e+01 5.937668917022276673e+02 0.000000000000000000e+00 1.765390818752989048e+02 3.357215460423167883e+02 0.000000000000000000e+00 1.399290108340261668e+03 1.493672861946950434e+03 5.910635254615486929e+02 0.000000000000000000e+00 1.092824539115912685e+01 6.753019860934185772e+02 5.857948420600851214e-04 1.636698783356684771e+03 1.200301666773117859e+03 4.334787497490727333e+02 3.113900251057353060e-05 6.470133994927614367e+02 0.000000000000000000e+00 0.000000000000000000e+00 0.000000000000000000e+00 1.449137486086679701e+03 1.151227496887660209e+03 8.688665398704130212e+02 1.178454886372049657e+02 4.869175201998971829e+02 5.474285194405682731e+00 1.358325504282871066e+02 2.305404170895409091e-04 1.630569373277826841e-04 9.251733543204530861e+02 7.105171854892240901e+01
0.000000000000000000e+00 3.949538621286294529e+02 4.443974982088860202e+02 1.383777924509202194e+03 0.000000000000000000e+00 6.460174568202181611e-01 2.717567733019590150e+02 2.944933342565292378e+02 1.389380923422425894e+03 3.776046263991285623e-01 5.405504369756459937e+02 8.549247613454157602e+01 1.289765886236489678e+03 1.034438065353901038e+03 1.077620337291048003e+02 6.572178551945360141e+02 7.972247437904151468e+01 1.472134214439051448e+03 0.000000000000000000e+00 1.085785936894683346e+02 0.000000000000000000e+00 9.170769335158087188e+01 1.284990369275468538e+03 5.117303251300301525e+01 1.147120006839759526e+03 0.000000000000000000e+00 1.561045763500347903e+03 0.000000000000000000e+00 9.954937586647500893e+02 0.000000000000000000e+00 6.022389247014704239e+00 6.752830987338858222e+02 2.789032157186766350e-02 0.000000000000000000e+00 4.494339812349166436e+02 0.000000000000000000e+00 7.220655684794310218e+02
