output/example_1/lateral_incision_000307.asc
nrows	75
cellsize	13.33333333
xllcorner	0
ncols	75
yllcorner	0
NODATA_value	-9999
[rows 51 to 67 of 75, columns 37 to 73 of 75]
0.000000000000000000e+00 0.000000000000000000e+00 0.000000000000000000e+00 0.000000000000000000e+00 1.375624325027547002e+03 3.002751210223540568e+01 0.000000000000000000e+00 1.252419691189548212e+00 4.534255628738783912e+02 2.043490579434757990e+02 2.278931398424911379e+02 5.857959632613156664e-01 1.244288369266304699e+03 1.692220860941443107e+03 5.870932108835492436e+00 7.379502452551278679e+00 2.517922442155536178e+00 0.000000000000000000e+00 0.000000000000000000e+00 1.800415271873358734e+03 1.506602580426063469e+03 3.526890502439475199e+02 0.000000000000000000e+00 0.000000000000000000e+00 7.231186353719338911e+01 4.429731216369860863e-02 0.000000000000000000e+00 2.033809034548892392e+00 1.484618344501223191e+03 3.211669085174389124e+02 2.475348566200321727e+02 7.100980873004244813e+02 2.926498141196501024e+02 1.099418326301763727e+03 1.776526831107975966e+02 2.440295818108862989e+02 2.886481364958955851e+02
8.289850252359909746e+02 0.000000000000000000e+00 0.000000000000000000e+00 0.000000000000000000e+00 0.000000000000000000e+00 1.021361833296651184e+03 2.053156462565725178e+03 9.517158247115830818e+02 0.000000000000000000e+00 2.526763819847354853e+02 7.680171218875851480e+01 1.309273016177301770e+03 3.299222477109142346e+02 0.000000000000000000e+00 1.756499420966861180e+03 3.968864877518367393e+02 0.000000000000000000e+00 0.000000000000000000e+00 7.110134659763470921e+00 1.502881199289482083e+03 9.601566886706970081e+02 3.730857681953877432e+02 3.502042768792593961e+02 1.432101963219807850e+01 7.689373167545187471e+02 7.223025800440035482e+01 8.552894996477391487e+01 8.934489432216821569e+01 5.491370915407852635e+02 2.269806413212239704e+01 1.343285440192186343e+03 1.103557478095637634e+03 1.642597955007206512e+00 8.242672425052887775e+01 9.739309593423930664e+02 5.715272588435803982e+02 5.311175931826570462e+01
1.230907004957466143e+03 5.462739452114755778e+01 9.207183593723102604e+02 0.000000000000000000e+00 0.000000000000000000e+00 0.000000000000000000e+00 7.275930036770378138e+02 0.000000000000000000e+00 1.665626652851402923e+03 1.403384732014411274e+00 2.154279468953182175e-01 1.253004890942698957e+00 0.000000000000000000e+00 0.000000000000000000e+00 1.203689996035239119e+03 1.608946747385654135e+02 2.160639723495707472e+02 8.521019286357470435e+01 1.566839901412721929e+03 1.220694099007175737e+01 1.488608879264204916e+03 1.149297293122493784e+03 2.259435031777813574e+00 7.821011956631729163e+02 9.519526563093980940e+02 6.129791497600132288e+01 6.673140300517775358e+02 5.735474416674543363e+02 2.207096734262827795e+03 7.294132546925748102e+02 1.584192935373281728e+02 6.352362328826456350e-01 1.105462840754415538e+03 0.000000000000000000e+00 7.467059857251821313e+02 1.592395947185509385e+03 7.477663896232216985e+02
5.605354518460969615e+01 1.738290637218202050e+02 6.666926838216298847e+02 0.000000000000000000e+00 7.570110576053573936e+01 1.025124027937085657e+03 0.000000000000000000e+00 1.612391389017878510e+03 0.000000000000000000e+00 5.696016009284226129e+02 1.032435237394444130e+03 1.176872757634132995e+03 1.671564992600556479e+03 0.000000000000000000e+00 0.000000000000000000e+00 5.836092934932869412e+02 6.240742825499238506e+02 1.031367402016826645e+03 1.329925600458577946e+03 7.781748747139824900e+02 1.226753900007468268e+01 1.139895529910221370e+02 2.217536805287323034e+02 2.507171885082642859e+02 4.738908624453107343e+00 1.195754380062898690e+03 1.059552010048658758e+03 4.260685967430571282e+02 1.089534035476917097e+03 1.459610541256124918e+02 1.245607327753072546e+01 1.308527267941921536e+03 1.863464150555246235e+01 9.327909424225607609e+02 5.012704897928893288e+00 5.546858192625082893e+02 1.045030766840648617e+01
1.049383129377354340e+00 3.257982824881089527e+02 1.303515523653921719e+03 5.564986274404041211e+01 1.273835268661584223e+03 0.000000000000000000e+00 3.852424748432090382e+02 4.145808337575429050e+02 8.442990315339358176e+02 0.000000000000000000e+00 2.539312472263547420e+02 7.396926386689223136e+02 8.788859936037349598e+02 9.249982669387145506e+01 4.100047661300539517e+02 7.518841159330834216e+02 3.906370488357836024e+01 1.274822932314698676e-01 5.012554149672977521e-01 1.577617847105479427e+02 1.958500839330961867e+02 1.459591813991197107e+01 1.526511446583460838e+03 2.404522530101576763e+02 5.132325356570534325e+01 4.244205058684579512e+01 1.057656393239946055e+03 8.692096362976428736e+02 3.128735663634692354e+00 9.733162521209819715e+02 5.899901144608662662e+02 2.232892037401676646e+02 1.298863864798690315e+00 1.285683655867117977e+03 2.720863433791877810e+02 6.179784721792633491e+02 3.772177614417965685e+01
8.588545245358757256e+02 0.000000000000000000e+00 2.982247909707229638e+00 0.000000000000000000e+00 6.702030436118857324e+02 6.783510717171034043e-01 9.342335711388834625e+02 7.849774404641716501e+02 1.159531063862904603e+03 2.542884598400711127e+02 5.415010180741127215e+02 8.683338165307227428e+02 1.938191371238014881e+03 1.529338279419899663e+03 4.318247427759618340e-01 7.499985947555522614e+01 0.000000000000000000e+00 6.388793552654680070e+02 3.491309771764044445e+00 1.046340063115116266e+02 1.249865273812050646e+03 2.615612036614116960e+02 4.655972258323092206e+01 1.048112431230146058e+03 2.058892893462506891e+03 4.857815530052498048e+02 1.419509251645889663e+02 1.088704289901053244e+03 2.218643785282336384e-02 0.000000000000000000e+00 3.322544132900431268e+00 6.035305302349194108e+02 5.650479275670349466e+01 4.490734639423644694e+02 8.486495462556443954e+02 3.437894859100337044e+02 6.261179337342886697e+01
4.425880530568332460e+02 7.887413463861514629e+02 5.011487069505239367e-01 4.296831444894753815e+01 1.255235915634605135e+03 2.424925153441713110e+00 6.525151963715596821e+02 1.004475979567842387e+03 1.590391705406244682e+03 6.163815443385035620e-01 4.108110022643661523e+02 1.471462219480527835e+02 2.665784095446470019e+02 0.000000000000000000e+00 1.515858725158266225e+03 5.513323045646059199e+02 5.344734252027770935e+02 4.471868169473158900e+02 6.355908524018745993e+02 4.677593643150020739e+02 3.070491508750895449e+01 2.404522530101576763e+02 1.428859600971866712e+03 6.597580230070212437e-01 1.029890252305909826e+03 1.004889105437916101e+03 0.000000000000000000e+00 1.196592733451348352e+02 4.212853692740499127e+02 4.400197695591746765e+02 2.800925609564274623e+02 0.000000000000000000e+00 0.000000000000000000e+00 3.386628780259171378e+01 5.578756083521657274e+02 1.262952927183013827e+02 1.318858650250379696e+03
0.000000000000000000e+00 2.356813427615708001e+00 4.401937746750087399e+02 1.132361403500234509e+00 2.228556481481090827e+02 2.409746026160484167e+00 1.079912907241249968e+03 0.000000000000000000e+00 4.181972838615731121e+02 0.000000000000000000e+00 4.493419644972869946e+02 5.673459733247102577e+02 2.789567556340255123e+02 4.186722406082938619e+02 1.425128718094876774e+02 6.106283895181220345e+01 0.000000000000000000e+00 1.042018710563144168e+03 1.321179856940953243e+02 4.903843728527742769e+02 3.529286277926813931e+00 5.895345731195595818e+02 1.561135320207029736e+03 1.180243727276131722e+03 1.075734866914411292e+01 3.688086587822780177e-02 1.564556906610999931e+03 5.316660747777542610e+02 2.675901098419843720e+02 8.665872564764323105e-01 1.198432093132488262e+03 5.445161100450428648e+02 4.872450587989251289e+02 2.353422271567402788e+02 8.340010984962403784e-01 3.908162659489146336e+02 3.029484372514999801e+00
1.558696302007444672e+02 0.000000000000000000e+00 2.444132993779281264e+02 3.878258959829316268e+02 1.515078898100331060e+02 5.266766646184952805e+01 1.568504004512673419e+03 0.000000000000000000e+00 2.842766407987577963e+02 6.025246034353132529e+01 1.055047012234129625e+03 6.229894226995951385e+02 1.519017981565218633e+02 1.505569877447253248e+03 2.156098266879781988e+01 4.717191696931174647e+02 3.696691618701053699e+02 1.058238060859187257e+01 3.744433912940964149e+01 0.000000000000000000e+00 2.947325929883639901e+02 4.650973251089528304e+01 5.778792030291581341e+02 2.544803341916405941e+02 0.000000000000000000e+00 1.036978850075145147e+03 0.000000000000000000e+00 3.548805209244360412e+02 3.654345316446771221e+02 8.132815840458208640e+02 8.564140078905469409e+02 1.585144560948436947e+02 1.739317194986428561e+00 1.768355532209023409e+02 6.941140652754490930e+02 0.000000000000000000e+00 1.581028251487655325e+02
0.000000000000000000e+00 6.435957649870007913e+01 4.519190864757260329e+02 1.658232221282472665e+03 3.082507290228692227e+02 1.354540091918123608e+02 5.706282076756715327e+01 1.353975331461870837e+03 7.243948046811800623e+01 1.572264055894357782e+01 4.627482812233932918e+01 1.066291122265197941e+02 3.204875316072544251e+02 9.132751411225597167e+02 1.541660461572169254e+02 1.850327749938218913e+00 1.285107737327121640e+03 9.538701622327660345e+01 7.692462038730336360e+01 4.776489624064784607e+02 3.519717490001025908e+02 9.623175986801618365e+01 1.564211240748278442e+03 9.373669635354184493e+02 5.177666562108684900e+01 9.766500626880990694e+02 1.685209388182381872e+03 1.023981349491099024e+02 3.380594693943223774e+02 1.281728685046023884e+03 4.509793462516570344e+02 1.062163622644289696e+01 5.348682405360287930e+02 5.853564923942088427e+01 4.172552819283955046e+02 1.481407724979606932e+01 1.917170370059472617e+01
1.014137254114933597e+02 5.734292263720704996e-01 1.489433803782971609e+03 1.206444640144411551e+03 1.308265445853432012e-06 9.604234742485556353e+02 7.829952171690321165e+02 6.440663937746653189e-02 4.244146594967153305e+02 9.929155845504504896e+02 8.349102057189903690e+02 2.833083423635109170e+02 5.804782852384256557e+02 1.279398422513539302e+01 1.381639622394955950e+03 4.592571916109050534e+01 2.079137428239824814e+01 1.353181066263246066e+03 2.995306943376541540e+02 0.000000000000000000e+00 1.244984438936244032e+03 8.784087645144662702e+02 7.631670135292914665e+02 4.182712955367473562e+00 7.052476665283249986e+02 1.929898932179457205e+01 5.802318678542944781e+02 3.001124791761251913e+02 2.767755141228457916e+01 3.663662995639035813e+01 1.964384652337997750e+01 5.618410718534049693e+02 1.740036497993898257e+00 4.402959769464831474e+00 8.993425846060592033e-01 1.313442582199097842e+03 3.697633220837709955e-01
1.074223314436186229e+03 1.966747638231589974e+02 0.000000000000000000e+00 2.443971456172449042e+00 1.011016123094211480e+03 5.205471804586794633e+02 1.200577265953034157e+03 3.767616611047972697e+01 1.679210795739883451e+03 2.573935965678492721e+02 5.386931765666865164e-03 6.381348010480847961e+02 4.960900237451419947e+00 8.015411761075063168e+02 3.905167447454893477e+02 0.000000000000000000e+00 2.563922152127800018e+02 5.530476018266552440e-01 5.327509793518261461e+01 7.672363996144773637e+02 2.994330494214871692e+02 0.000000000000000000e+00 2.611688089046135701e+02 1.353945782136640446e+03 1.220736160011428410e+03 8.859915867635802442e+02 0.000000000000000000e+00 3.847093279221808189e+02 1.460106853118444178e+03 6.570277967720750212e+01 6.702241211285905820e+02 6.842790168689833763e+01 1.250592007308081755e+01 2.466013911117875601e+00 1.577218030771528447e+03 4.927976419927155689e+02 6.436929292028783038e+02
0.000000000000000000e+00 1.092976077186066703e+02 9.069555852578579334e+02 3.552864276205898708e-05 1.145730554153488185e+02 6.635819755517931071e+02 0.000000000000000000e+00 3.486217638013218334e+02 0.000000000000000000e+00 0.000000000000000000e+00 8.353919712866548934e+02 1.995625338853511153e+02 3.179971556426001555e+01 1.087533845404485078e+02 8.441529070089139850e+02 9.487101749882178581e+01 7.428144933085831099e+02 5.775002682019086251e+02 1.045445353248543142e+03 0.000000000000000000e+00 2.828495617201286336e+02 2.542939550000217253e+02 2.108205374084361949e+02 1.162095109272537456e+03 7.762596333458961908e+02 1.602890086430403187e+02 2.374238130886485862e+02 7.415633608472272442e+01 3.813424958605260713e+02 1.286532044198583435e+03 1.087670199748457662e+02 1.137950561998412013e+03 9.973727251247976255e+01 9.535483428264362828e+02 1.222161511810112122e+00 1.966358293984701504e+02 4.086625845432171786e+02
1.403739814546865716e+02 0.000000000000000000e+00 8.367470201220909587e+01 5.881090867084324145e+02 0.000000000000000000e+00 4.973106115413910970e+02 1.292959766615108492e+03 1.061004541509840692e+03 3.055004805787897482e+01 0.000000000000000000e+00 1.567873579157920176e+03 1.484844918187000985e+03 2.693354477449860784e-01 2.136676484873146080e+02 6.249589076540158494e+00 1.716281616850947103e+02 5.769452488018210943e+02 9.019851536274236992e+01 1.172175036748109051e+03 1.093339317628035815e+03 8.391007611138498135e+00 1.841718218532285123e+00 1.267707528551650057e+03 6.142365489837079906e+01 6.645548887213379885e+02 2.052969600708781286e+02 9.130739660208167841e-08 7.004959579974621420e+02 7.726159380477034802e+02 1.701905455689846576e+03 2.262077383272649733e+00 1.041454688376956256e+03 8.316750601916681944e+02 4.170718576180445325e+02 4.107134035179082048e+02 2.338081342073455744e+02 4.648983374028042022e+02
2.817078733001094406e+02 4.450873681234742776e+02 3.773113447633710393e+02 2.534826460875303944e+00 0.000000000000000000e+00 8.651343036854168531e+02 1.373535045540119654e+03 0.000000000000000000e+00 3.629050542274496394e+01 1.296514224186444608e+03 1.295387790293579201e+03 3.608242461800049341e+02 9.178602723125870853e+02 3.070503031057258454e+02 4.446079434597580757e+02 1.260991199331575444e+03 3.488732361791485914e+02 5.127062184133800429e+02 9.889081608261012661e+02 2.745948055841180917e+02 3.666726216758988812e+02 6.539404341901427387e+00 5.306223038390994589e+02 2.354055592912560968e+01 4.125646471880676245e+02 1.210724942727154485e+03 3.545473157768463466e+02 7.423497641533244860e+02 1.144814980399552269e+03 0.000000000000000000e+00 7.118660858888061682e+01 6.843161175592563268e+02 7.023960215514135825e+02 3.037484801619447694e+02 9.834840278144628201e+02 5.849040472869554605e+02 5.760643878305667442e+01
5.594978408717018965e+02 5.845677574679381650e+01 4.246183241120309038e-02 1.659274218023293543e+03 1.422897037170581143e+03 8.390307427332174939e+01 1.424212460928772739e+00 3.597714321306461329e+02 7.360079795676984986e+02 0.000000000000000000e+00 0.000000000000000000e+00 0.000000000000000000e+00 0.000000000000000000e+00 1.063632933644388459e+03 5.073547301782306818e+02 1.216312907900735581e+03 7.657228986878245713e+00 7.415821174054971721e+01 5.926552704996033754e+02 1.498480541432896729e+01 8.924550025308923296e+02 2.902858127985240912e+02 0.000000000000000000e+00 3.854730060239932072e+02 1.231749418559465875e-01 8.536116971836835887e+01 4.239154880647391366e+01 1.425879211241086068e+03 3.466676007734675657e+00 5.559141242034864945e+02 4.402900391599059731e+02 6.417720171354106995e+00 8.990776019931884377e+01 1.182572178092168400e+02 0.000000000000000000e+00 2.441269386719023373e+02 3.402814460155265692e+02
3.070636048096155264e+02 1.221775757277972161e+03 9.365586857690996112e+02 8.951681431311252481e+02 1.052705035384230392e+01 6.680197165643906310e-01 4.046584839774382090e+02 9.031001039354289333e+02 3.317294936486678694e+02 3.753348524273769158e+02 1.555593664370423312e+03 0.000000000000000000e+00 7.403983119148140304e+02 1.263561812044948107e+00 2.040376537597407847e+01 1.591737887002456375e+02 1.481002065359511789e+03 1.120366315038678522e+03 7.731425060158268252e+02 7.165804955486097469e+02 0.000000000000000000e+00 1.167409843957986970e+00 1.261181802091751969e+01 2.155702372292803659e+02 4.590826855559569140e+02 9.818891046622054475e+00 1.271308445029134475e+02 4.654975183429752583e-01 6.407320054310371233e+02 1.036306497216856769e+03 1.612454047122765246e+02 1.581313724591849677e+03 2.436633131189233747e+00 0.000000000000000000e+00 9.304694823768418246e+02 9.205090974872640572e+02 5.708500862785643903e+02
