output/example_1/lateral_incision_000335.asc
nrows	75
cellsize	13.33333333
xllcorner	0
ncols	75
yllcorner	0
NODATA_value	-9999
[rows 34 to 50 of 75, columns 0 to 36 of 75]
0.000000000000000000e+00 1.070139868914580347e+03 9.737340131747283749e+02 6.546556614290327616e+02 2.247772235159758338e+02 4.202460958376782401e+02 0.000000000000000000e+00 1.727176263667818148e+03 1.454296824556940010e+03 4.130397868099313996e+02 5.819645324227958554e+02 6.131719718406228594e+02 1.244204819945098563e+02 6.286744381521231873e+01 6.503373213844262182e+02 0.000000000000000000e+00 1.076360707418585662e+03 4.719223640729763360e+02 1.162261964022620475e+02 1.330729804001343837e+03 1.128468653467358990e+03 1.175639198391904756e+03 1.276568153935891132e+03 2.547373329863116282e+02 3.360695323894472608e+02 8.052297810842460422e+02 5.894116550745879257e-01 5.260869093680237256e+02 6.990053305705281446e+02 2.670816557833462070e+02 3.637578906183723007e+02 2.951066080964196772e+02 1.498835446263498625e+03 3.963296403227340647e+02 1.352183391455648461e+03 1.839408391482477256e+01 1.276046922556838581e+03
0.000000000000000000e+00 0.000000000000000000e+00 1.186657657003695249e+03 8.543088946164159552e+02 8.784900069825234823e+02 2.901904098111920689e+02 1.612730843751364546e+03 1.654016712731035568e+03 3.394744237912698281e+02 1.038360291221745683e+03 5.143746614736745641e+02 7.883381765711942535e+02 0.000000000000000000e+00 4.281262616551338596e+01 1.043586452391850344e+03 8.342420650555088741e+02 5.477527388360921456e+00 0.000000000000000000e+00 3.112183490716128063e+02 1.272360011661228782e+03 2.715524290878482248e+02 0.000000000000000000e+00 6.738202064587160294e+02 6.160590453286723687e+02 5.002609840261600311e+02 9.798111940370287698e+01 6.260370601123839833e+02 1.405057161519065403e+03 1.643854036558892915e+02 4.803960223497340962e+02 6.349923432990091214e+02 3.702605457541528153e+02 5.374590885412401349e+02 4.406975280921963645e+02 1.235660189001534377e+02 2.457931181835335266e-01 2.689578376446000334e+02
0.000000000000000000e+00 1.515864298524817514e+03 6.304206281102710641e+00 1.577749053088527944e+02 7.010496343170642319e+01 4.837554908305789070e+01 1.815478646382378827e+02 1.873114956361692762e+01 1.379400027672171063e+03 8.785220405740533067e+01 4.915470498921867488e+02 9.290343995455191362e+01 0.000000000000000000e+00 1.311933117259706023e+02 1.607113398598773557e+01 0.000000000000000000e+00 5.118522994056925768e+02 4.219524276730664951e+02 9.005895255422123000e+02 2.037138003877412729e+00 3.648266372428147406e+02 1.008122685797606977e+02 9.416865620898805389e+01 4.541010974331132388e+02 5.514351858438548106e+02 4.188132815422664521e+02 1.159649828939708414e+03 7.075956141601198457e-01 5.106726574527100126e+01 7.068909191410264725e+01 3.175555243476616329e+00 1.071096626474907776e-01 3.194838869333505045e+02 3.566267160987602836e+01 9.075132214174450382e+02 6.536248449245426855e+02 0.000000000000000000e+00
0.000000000000000000e+00 1.620787811082603412e+03 6.441771589637127136e+02 1.677062867529583400e+03 1.000718746937418814e+03 1.101139331268097067e+03 9.665908067504967676e+02 2.063948471220682563e+02 8.587666946584715078e+00 3.051064182719813402e+02 1.035341183679033520e+03 4.944126973319895342e+02 1.473260256261364587e+00 1.311208169771161010e+03 5.230245169251331845e+02 2.306043382841423739e+00 0.000000000000000000e+00 8.274219537571372030e+02 1.533516915319083182e+03 5.218697354587659021e+01 1.440231440878722196e+03 8.538894151352319568e+02 7.064595739765589997e+02 8.438730398181664896e+02 4.111959084541917377e+02 1.732059034039197911e+02 2.081155508849206797e+02 7.820129344208062321e+02 6.615495049617397854e+02 1.040003309126380600e+03 5.900301435894672295e+02 1.295706356790295217e+02 3.365793477926324329e+01 1.391283950098602418e+03 1.210702863757214800e+03 2.548078739779965929e+02 1.437073582239359049e-01
0.000000000000000000e+00 5.209440924224818446e+02 2.293312012010169099e+02 0.000000000000000000e+00 9.151371523807614494e+01 8.593731440690373802e+02 5.504662175146614800e+02 4.775076891342381487e+02 1.037080998054025827e+01 1.518490268711164859e+01 4.898399499378714381e+02 3.710320820317709831e+02 3.900582868947327597e+01 5.107509390109854763e+01 4.720194171931987057e+02 0.000000000000000000e+00 4.008543536042517417e+02 1.695153800433252798e+02 4.720828079288776848e+02 4.903800297500321648e+00 1.142003786879276731e+03 7.574330824232744135e+02 0.000000000000000000e+00 3.786734246964243766e+02 1.884488508082215219e+02 3.205202951976395553e+01 3.919319038388965737e+02 1.510727320648374814e+02 1.720012778627904311e+02 0.000000000000000000e+00 7.440526593364668884e+01 4.499704467632801652e+02 3.751520613779824771e+02 2.835892729806600414e+02 0.000000000000000000e+00 6.840698180825622785e+02 9.491271937417943718e+02
0.000000000000000000e+00 2.732467043087261072e-01 3.363868183726221872e-01 1.396796067836690099e+03 3.248133183585165398e+02 3.035362949334976861e+02 9.711015616167530595e+01 1.603699476207358998e+01 2.677795436723971737e-06 1.019914539023517897e+01 5.128094885558751912e+02 5.340067610002550680e+01 1.041922068084557168e+03 3.148549221911940776e+01 4.036477756112876136e+02 1.633480019622253465e+01 2.678835119927180042e+00 9.187658060386762315e+01 3.905223576758134385e+01 2.712728536223126596e+01 7.644460627052380914e+02 1.178767113445722998e+03 4.337542966283680101e+01 5.852125049589045602e+02 4.458877819462895964e+00 3.338241879759362405e+02 5.407715028129450729e+02 6.615200400684771012e+02 1.396585809008340959e+02 4.272492912286778477e+01 1.183684845343588904e+03 4.140069225029823201e+02 0.000000000000000000e+00 9.800089766371550013e+02 8.318434628504596731e+02 7.457798818638120508e+01 1.161237565714554194e+03
0.000000000000000000e+00 1.083708475688807994e+03 1.252704956988090998e+03 5.237797059368012320e+00 2.369622891387230723e+01 1.857571343556358201e+01 2.005894158405383682e-03 2.923176702060176213e-01 3.282662072709977963e+01 2.783769600763218666e+00 1.077152091429415805e+03 2.217242137886211939e+00 1.474464411409914874e+03 1.442021023136520625e+02 9.201847241509678952e+02 4.747128472160369483e+01 1.066346049913815097e+00 5.673606669200981401e+01 8.234102551180830787e-01 4.227172512166256979e+02 1.223531564263355298e+00 0.000000000000000000e+00 5.596829710003812579e+02 7.111993211092479950e-01 7.007834548592530837e+02 5.617295340198571694e+02 4.091213234673319334e+02 7.545896883749834672e+01 1.955575531610336676e-02 8.353244428177637815e+01 0.000000000000000000e+00 3.264311290024285199e+02 5.946730868638985257e+00 1.294791116453558743e+03 8.838951784836203842e+02 1.360759922606095870e+03 1.640985930186319024e+02
0.000000000000000000e+00 1.049412304557484958e+03 5.764664715311256487e+02 2.059690955299390964e+02 2.896465191709352212e+02 2.426644634482944429e+00 4.372847989913399402e+01 6.509390382678741389e+02 7.664106032152037074e+01 4.976514318723128554e+02 3.438096104385741683e+02 1.306631571875482223e+03 2.454417632543338073e+02 8.855533191131288504e+02 0.000000000000000000e+00 4.326525964615066187e+02 2.452687629838877683e+02 4.442100839971754453e+02 9.278980533312982004e+01 3.772598597565988854e+01 1.451722429342370788e+03 1.308251799024576940e+03 0.000000000000000000e+00 1.428640197344221576e+02 5.197948873188845198e+01 1.100823361540223232e+03 7.796114219812661759e+02 3.592277719555653004e+00 8.651828487192494777e+02 5.704376843268956918e+02 6.750739797916709506e+01 1.420488087355843732e+02 4.644495000242599758e+02 4.743297316024304564e+02 5.918007183664848725e+01 8.476824972823149551e+01 1.219254727814000461e+01
0.000000000000000000e+00 1.375929847779765396e+02 5.752052196764982455e+02 1.817980145914101797e+02 7.389262712578607761e+02 4.637172011045286126e+02 1.379226157578373886e+03 7.734930611802764133e+02 9.354578474532065968e+01 6.943268555002129006e+02 9.923788735119760531e+02 4.023597133685161964e+01 3.106679228872353633e+02 8.999787860784893567e+00 1.252157175326375636e+03 1.038039267341581535e+03 1.188158554057002220e+03 3.622859341965657336e+02 0.000000000000000000e+00 1.676734108806805068e+01 4.153075848397971299e+02 5.522691126965476087e+02 1.218161421144306047e+02 4.868451597245462494e+02 0.000000000000000000e+00 0.000000000000000000e+00 0.000000000000000000e+00 5.590405715734235947e+00 0.000000000000000000e+00 4.554570497675868523e+02 6.451566988978352128e+02 0.000000000000000000e+00 1.116153698477572561e+03 5.627044564687495409e+01 9.404994584321640261e+00 1.291881154890633070e+03 8.170672069282694565e+02
0.000000000000000000e+00 6.191168291261795957e+02 1.191000409106991675e+00 2.257480349700403224e+02 4.325627026444900025e+01 7.374486256460349942e+00 1.343595956097343169e+01 6.471937960930915779e-01 3.280446433533449522e+02 0.000000000000000000e+00 4.064398059391323841e+02 1.226974685542401630e+03 0.000000000000000000e+00 3.733972382616019559e+02 1.814446795205678598e+02 1.181793631605293740e+03 6.912025297998570750e+02 1.994483281450673076e+02 8.030891999895163735e+02 6.883253108978227601e+02 0.000000000000000000e+00 1.354919018622463000e+03 8.887266765287618853e+01 1.429331113999357058e+03 1.219605264729115333e+03 9.399225711333043591e+02 3.127130840434600714e+02 3.135127770112009102e+02 1.604927558421228539e+01 3.646489011210089188e+02 5.293742160975394881e+02 1.002138035893216738e+03 0.000000000000000000e+00 2.444224442118473348e+02 4.105708692649528757e+01 5.452188801831325691e+02 2.241637254292855062e+02
0.000000000000000000e+00 5.695102226641896550e+02 1.408238615103663562e+02 8.102143507383543692e+02 1.259855365887995276e+03 1.136381600584958989e+02 0.000000000000000000e+00 1.226811795342237055e+01 3.518326066275626545e+02 2.109124075894476960e+02 2.582377090779331752e+02 5.640429896792112459e+02 2.512824732495391800e+02 0.000000000000000000e+00 7.867307858883287963e+02 4.389421018705859296e+02 4.231444799183351506e+02 5.413709797119705627e+02 2.856341288266829679e+02 2.757923220011640364e+00 7.007986409264392478e+02 9.731053377248895231e+02 8.223455688450525258e+01 8.439802102986474210e+02 2.668138600537639604e+02 6.002712326494232542e+01 6.510675710994527208e+02 3.647907773783675793e+02 2.868737360815432780e+01 5.162955085923411502e+01 1.091202171728025860e+03 1.775500032343665380e+00 8.182338679400666024e+02 1.488181217681772296e+03 1.960212133038734450e+01 9.856181982936985941e-02 5.118903808649061489e+02
0.000000000000000000e+00 3.797127499129007600e+00 0.000000000000000000e+00 0.000000000000000000e+00 4.435295139406907765e+02 2.691207518884102114e+02 5.876677286318463302e+02 2.567788530474975914e+02 6.435255248783652178e+02 1.131808153416861387e+03 8.632843663089506236e+00 5.638831104665272278e+02 4.860257687348504163e+01 1.254849119127726681e+03 2.211454073960867390e+02 2.109976606170021398e+02 4.967780474526527996e+02 0.000000000000000000e+00 6.972877046656117273e+02 1.225092219134567813e+03 0.000000000000000000e+00 8.833177638062566075e+02 9.905591812205361890e+00 6.477684180752986549e+02 1.545322890814604193e+02 0.000000000000000000e+00 2.220504860425669236e+01 2.581998591129199738e+01 2.716514714114774733e+02 9.333670730384841363e+02 4.491491499788473334e+02 1.417373879436040909e+02 8.669822036380284089e+02 0.000000000000000000e+00 7.382108021151246930e+02 4.265428136494046640e+01 3.951955672793792473e+02
0.000000000000000000e+00 1.483763432612803683e+02 0.000000000000000000e+00 0.000000000000000000e+00 8.305658202513545030e-01 2.517908701154519466e-02 0.000000000000000000e+00 2.958700875498113982e-03 3.962389843979041357e-03 7.597442482463037661e-02 0.000000000000000000e+00 0.000000000000000000e+00 3.152707968655324988e-01 0.000000000000000000e+00 0.000000000000000000e+00 0.000000000000000000e+00 0.000000000000000000e+00 1.268417216595986702e+03 3.773896527612423597e+02 5.365177326011287278e+02 5.950469199449980806e+02 2.342704745108403870e+02 7.144982383572947571e-01 3.950939321437119816e+02 1.312554385222775181e+03 3.082978335234312226e+02 5.235166132292528118e+02 1.880490592590916208e+02 1.159808436347578159e-01 1.478904580536283788e+02 7.541699572110883310e+01 1.123224452163196929e+03 1.005887797336971857e+03 4.987253361935914313e+02 1.220428002820536193e+02 1.064891524653118040e+03 4.802384537414770449e+01
0.000000000000000000e+00 3.805663115193924568e+02 7.247262540126860131e+02 1.764939400949132278e+02 4.559883680282388241e+02 2.736201996824952403e+02 4.965230837828232211e+02 1.199152858613295393e+03 1.448697337096804176e+03 1.422046642021332445e+02 1.279154933329020878e+03 6.175051162964330160e+02 4.860258316922475075e+01 1.604809054374906623e+02 8.820559610244547457e+02 0.000000000000000000e+00 0.000000000000000000e+00 6.691645460642927219e+02 2.663054394797590547e-04 7.603461750060661188e+02 1.237144596796577844e+03 4.372336880906882328e+00 9.333427657222023299e+02 4.263828172999414986e-07 9.364517610841875239e+02 3.595587026612287218e+01 4.576023715625110526e+02 0.000000000000000000e+00 4.788791311523944716e-02 7.582799242783354430e+02 1.565229506553244399e+01 2.259493987638253145e+02 1.049535874274926982e+03 5.854999924230758523e+01 8.481798692588037625e+01 1.200596220797519642e+01 1.348951334538539992e+00
0.000000000000000000e+00 1.254693447612748685e+02 1.532148375530683282e+00 1.081124448056847768e+03 0.000000000000000000e+00 2.398338750483345052e+02 4.709093819317787393e+02 6.173920947131994463e-01 6.625679819033895512e+01 1.707781980826962354e+02 1.931135582658741043e+02 7.955716501392641931e+02 0.000000000000000000e+00 5.861946087198765554e+02 9.683494547779633876e+02 1.306298217174908359e+03 8.344537581684420502e+01 0.000000000000000000e+00 0.000000000000000000e+00 0.000000000000000000e+00 0.000000000000000000e+00 0.000000000000000000e+00 0.000000000000000000e+00 0.000000000000000000e+00 0.000000000000000000e+00 0.000000000000000000e+00 0.000000000000000000e+00 0.000000000000000000e+00 6.258950331351841214e+02 6.973533961996586372e-02 1.579928575095123279e+03 1.900775905556765721e+01 5.128715319011013207e+02 9.377403752126764402e+02 1.012782565229339582e+02 1.068792390357553586e+03 6.244009026007815919e+02
0.000000000000000000e+00 8.632901170852519499e+02 5.739300319049869614e+01 6.773723139831744788e+00 1.247525315954649727e+01 0.000000000000000000e+00 2.795219946052212663e+02 3.796087755392354435e+00 8.514646875201381135e+02 8.662626685887875055e+01 7.939418425436552980e+02 1.223275482528520342e+03 0.000000000000000000e+00 3.759730248450753876e-01 3.906356456149890164e+02 1.624061245339205925e+03 7.372619672514460376e+01 0.000000000000000000e+00 0.000000000000000000e+00 0.000000000000000000e+00 0.000000000000000000e+00 0.000000000000000000e+00 0.000000000000000000e+00 0.000000000000000000e+00 0.000000000000000000e+00 0.000000000000000000e+00 0.000000000000000000e+00 0.000000000000000000e+00 9.003538608969689676e+02 0.000000000000000000e+00 8.286686189388417461e+02 8.771990565980941028e+02 1.839338433893450997e+02 1.624002369870381017e+03 7.323948411696767913e-01 3.883059663637215522e+02 5.996584713933036603e+00
0.000000000000000000e+00 9.048886083662131341e+02 1.134721113449458016e+03 6.489562346590601010e+02 0.000000000000000000e+00 7.694157262636268797e+02 5.148379103745996872e+02 4.556321016177194139e+01 1.198213672485479265e+03 1.734130124369051629e+01 6.610821504310588352e+02 9.244058926955271716e+01 2.631154340180119675e+02 4.286553144680898542e-01 1.224844771916974366e+02 1.115705872548337823e+02 1.354157231598174121e+03 7.448994186340901535e+01 1.170669414871132723e-03 1.268131024858398405e+03 1.712324076937496784e+02 1.082192704736565503e+01 4.979918360672394897e+02 7.375053160237009706e+02 3.452163525005770908e-04 5.104899053443896264e+02 1.736868351776884083e+02 8.286776797578253309e+02 3.263329668507509718e-01 3.769782906248520931e+02 0.000000000000000000e+00 0.000000000000000000e+00 1.110440990767188642e-02 0.000000000000000000e+00 1.047220167084342620e+03 7.799596679954915999e+02 2.979969933552998214e+02
