output/example_1/lateral_incision_000048.asc
nrows	75
cellsize	13.33333333
xllcorner	0
ncols	75
yllcorner	0
NODATA_value	-9999
[rows 51 to 67 of 75, columns 37 to 73 of 75]
1.126913179983012157e+02 7.040260736933943235e+02 8.330259302933687877e+02 0.000000000000000000e+00 1.515268494363608170e+03 4.765046219068640312e+02 9.368564443887486277e+02 3.987016471692550483e-06 3.619888819002410401e+02 6.401231030229186103e-02 0.000000000000000000e+00 7.151301651165269391e+01 6.085552176709818895e+01 9.415580734136040064e+01 3.281003757762881445e-01 2.440466190277047431e+01 1.205475653497364192e+03 3.804855355811118329e+02 1.175792027835630961e+03 7.102020718316053027e-02 2.435984748820876788e+01 1.304790835051835813e+02 1.644235486008288262e+03 5.971623459324256977e+00 1.613309096230867908e+03 1.763253666185699558e+03 9.270509909739201930e+02 2.094240355773027584e+00 2.461448738264363501e-01 4.425999810304399773e+01 6.027263672456032850e+01 1.331683948319469891e+03 1.027778359077073901e+03 8.469520446216227683e-02 1.122544077555640342e+03 5.421794193370202493e+02 1.375034842303091446e-04
3.245741456507960265e+02 4.921330534501977922e+02 6.029830844710716065e+02 1.329053781653017722e+03 9.466701260852559585e+01 9.093678151835142671e+02 0.000000000000000000e+00 3.127439075607146606e+02 2.347566327786563267e+00 9.279454493939871895e+01 5.997073560742089740e+02 1.243909368038880757e+03 8.391876900563046320e+02 1.769711438777247903e+00 3.249100494937629833e+02 1.162505545431791234e+03 7.596012312916651581e+02 8.268315482569713026e+01 8.814404335286269987e-01 6.456566038895078918e+02 7.062481451450347549e+02 1.948191696326397278e+02 2.212052219538688291e+02 2.897650970071708230e+02 0.000000000000000000e+00 4.784297328395887422e-02 5.355692150334306945e+01 1.149788124119175336e+03 1.472750943445116434e+02 4.649452494903436417e+01 1.086555086735108944e+03 2.496034349024613519e+00 2.977738570147427932e+00 8.922567165168240990e+02 7.017681438516673325e+02 3.437283592194012840e+02 0.000000000000000000e+00
3.604524395153855494e+02 7.116925516869922319e+01 6.307146049006306932e+00 1.591048049948486096e+03 6.281917368093747882e+02 0.000000000000000000e+00 6.337411877486965217e+00 4.160094728878046908e+02 1.231325112370959971e+02 0.000000000000000000e+00 8.202826647509385560e-02 1.282170907223365930e+02 2.781042053532966634e+02 3.792977875971651969e+01 0.000000000000000000e+00 8.381247101856054087e+02 1.303247936280033770e+00 6.230186368739010216e-01 8.462305156461522984e+02 5.642851554140111148e+01 1.445806559367955970e+03 4.321374440305395410e+02 0.000000000000000000e+00 1.235327653578163108e+03 2.467602701038640589e+02 5.885563939319563360e+02 0.000000000000000000e+00 1.431029985015778038e+03 5.370106941840916761e+02 3.791528328985833696e+00 1.871183754321443985e+03 9.232285347966139852e+02 1.458760081990899664e+02 3.659917526257956411e+02 0.000000000000000000e+00 0.000000000000000000e+00 0.000000000000000000e+00
1.508763084055793693e-02 0.000000000000000000e+00 0.000000000000000000e+00 0.000000000000000000e+00 2.881755616313417931e+02 8.276700551499541803e+01 1.501565111657906515e+00 3.490643102642023143e-05 2.158022328302067638e+00 0.000000000000000000e+00 5.555022952199529982e+02 3.826099084081051274e+02 1.298763199532070530e+03 1.169442403020417942e+03 1.428655822398481860e+03 4.686343067851068867e+01 1.515332538660914224e+03 0.000000000000000000e+00 2.690691498651750724e+00 1.135779916586000127e+03 1.646669856825647912e+03 2.062689509289546308e+01 3.813196728716133634e+02 3.166798439429991276e+02 0.000000000000000000e+00 9.868897005496745578e+02 6.389580624400565512e+02 0.000000000000000000e+00 1.285626203754274457e+03 5.228020730754241185e+02 5.270152528888336718e+01 5.729824386574853179e+02 0.000000000000000000e+00 1.462170565996799887e+01 7.144851740546794190e+02 2.843270249709795507e+02 0.000000000000000000e+00
1.391843091694385350e+02 7.177882444503327974e+01 0.000000000000000000e+00 0.000000000000000000e+00 0.000000000000000000e+00 3.139694772352992376e-06 0.000000000000000000e+00 2.658095200523890753e+02 4.706235326112698236e-02 9.362703057913662974e+01 2.769269553858433384e-04 0.000000000000000000e+00 3.577852531995382890e+01 2.864055024026537239e+02 0.000000000000000000e+00 5.903229426558647219e+02 1.051518443460302251e+03 2.582734221175538546e-04 9.000350662400251681e-04 9.872751609399863355e+02 2.673925204882633722e+01 1.114325303273249801e+03 9.601724009734982701e+02 0.000000000000000000e+00 3.725439587059944935e-01 9.051507461155802048e+02 2.000384420390570540e+03 7.089957671760762423e+02 2.707906147737589819e+01 1.423265650613947855e+03 1.146578768656513064e-01 1.693168788005991985e+02 1.819519076063214058e+01 7.557412329093978087e+02 4.258066323108828044e+00 9.883686450391851963e+01 8.195442833436061392e+01
8.035918243882271099e+02 1.258869008634404025e+02 5.565337972066791963e+02 0.000000000000000000e+00 1.035035815907840515e+02 9.046160319630547519e+02 4.054881997138562042e+02 4.790255729862575436e+02 5.655645994076575533e+01 5.703120944599741051e+02 7.278127241683587378e-01 0.000000000000000000e+00 9.957300120810499777e+01 1.100299715623649774e+02 1.271398823863310554e+03 3.770708285710851726e+01 4.974849945077609732e+02 6.569531092337178857e-02 6.007471128254284540e-07 3.982846642425812433e+02 6.443745765717281984e+02 0.000000000000000000e+00 8.601825493812241819e-01 1.066041617228341920e+03 1.296244836909304468e+02 1.541252948404754193e+02 6.304740909336175925e+00 5.228020730754241185e+02 3.673947408440727713e+02 2.140831721983358804e+00 8.449085962142908102e+01 1.762681070524311338e+02 7.152405433952236535e+01 8.537662753042668555e+02 2.903604785146765721e+02 1.424114418601686339e+03 1.192033410255237840e+02
8.764896206418599149e+02 7.984859667382507951e+02 4.858136277827333629e+02 2.873175180617344040e+02 9.608121341419911232e+01 6.076053007123797443e+02 5.296916396223126933e-01 1.494956822990963303e+02 3.169145820468962711e+02 4.679648479978084197e+00 4.325554216724540879e+02 4.725940623851820344e-01 1.525785044025622650e-01 5.637985116114436757e-01 9.720411360717899629e-02 2.807632828151440663e+02 7.855552807908243729e-01 1.198763830926814933e+01 3.714938413655860927e+01 1.482029790629199852e+03 1.028339138591851167e+02 3.765450931561332482e+02 2.185487100246912462e+02 4.455449252639938629e-01 2.299405748079984448e+02 1.401475851351022470e+02 5.109619087076636106e+02 1.149072062313043489e+03 1.385001624769020509e+03 1.328459196997682668e+00 1.187569795984864953e+02 0.000000000000000000e+00 0.000000000000000000e+00 1.435190733650300920e+01 5.958602077478435604e+02 7.536153538139295227e-02 2.001316044414525948e+02
5.649079707628113738e+02 8.564149647632756341e+02 3.677039068898362189e+02 2.834457614141288104e+02 1.941361652388328025e+02 1.508335922523492378e+01 4.237411946733787431e+02 1.342965678113918784e+03 1.686696507923952879e+02 5.281468986447713405e+02 1.964484895636252304e+02 3.202026886456055621e+01 0.000000000000000000e+00 3.358037865545457775e-06 5.817839750845610070e+02 2.131621698263821258e+02 1.795547882044220955e+02 1.367784224734975851e+01 1.789485712261850949e+03 3.765616287796375028e-02 2.647273305658266551e+01 5.510251484394906356e+02 2.840685033621964806e+01 1.981568025571804981e+01 2.099003086803031124e+02 2.111516829097893205e-02 5.608776884429992151e+02 1.546946027041448133e+03 6.509145019868241206e+02 1.185631132477402705e+00 5.881636257917267585e+02 7.908612556588783491e+02 0.000000000000000000e+00 1.430881778791816714e+03 5.595068583709419130e+01 4.390322540014075230e+02 0.000000000000000000e+00
1.258689824576588379e+01 1.155237806157560954e+01 2.252601405601453521e+01 5.845216753983951463e+00 1.369336465096071986e+00 4.356147222456355550e+00 2.741360782724364071e+02 6.937376896596297229e+02 6.776581564145369896e+01 9.184247882124763009e+02 8.664122670811331091e+02 6.133343665529205069e-01 7.249079922568935162e-04 3.875107652362872086e-03 1.487762694820330358e-05 0.000000000000000000e+00 5.114237153474267793e-03 6.945775501458044801e+02 6.712250998424250383e+02 0.000000000000000000e+00 1.241373935949776978e+03 1.065231239717660173e+03 2.536618671874153463e+01 0.000000000000000000e+00 1.466909167337663575e+02 5.048933350114883645e+00 3.379637318021485157e+02 1.115842724467218886e+03 2.132299121825727539e+01 0.000000000000000000e+00 0.000000000000000000e+00 1.388086132459977478e+02 2.983277862268583362e+02 5.566525869205333947e+02 1.027669054833092588e+02 9.495359692920432337e+01 8.709338062089388544e+00
8.845914571610650228e+02 1.496605898561501817e+02 6.873725837038908537e+01 8.522429290663841357e+02 9.396637014628013276e+02 7.409102863558065337e+02 2.146332916793720074e+02 1.658664494306651704e+03 8.404523582247092008e+02 2.390574139832659171e+02 2.086399192066767228e+02 7.144643436595131902e+00 9.171355266404407303e+01 2.540108060977783566e+02 5.077739248055542589e+02 4.254204267707785903e+02 1.449773177476145293e+03 9.102710211062822054e+02 0.000000000000000000e+00 7.679750025038858894e+02 1.389198315723229327e-01 7.553737403841083733e+02 4.331448122415850577e+01 4.661678334767443521e-05 8.674972215244416418e+01 4.560713540083834339e+00 2.718277659412834737e+02 6.829022198226938372e+02 3.502401791961681443e+00 2.100001794566792057e+02 1.608993004448496322e+03 6.841732553719347409e-01 0.000000000000000000e+00 4.042116718090040308e+02 4.973075693879608821e+02 1.025455624132439567e+02 9.775641773855367478e-02
0.000000000000000000e+00 4.684715312739206752e+02 1.731323329728305112e+02 7.069654123763856433e+02 9.460426550397525602e+01 6.903044961775148067e+02 5.809359486520701239e+02 0.000000000000000000e+00 5.093774071889492205e+01 2.599734462691403891e+01 3.792951232727246236e+01 2.414057598979349351e+01 8.029246810519071005e+02 0.000000000000000000e+00 5.428379201371220830e+01 1.003013836824321992e+01 3.830525463132724440e+01 4.248107967416687814e+01 1.168296180816891592e+03 1.315677475940906049e+01 4.625708413203953029e+01 1.704768726878968153e+02 3.006248615678003233e+01 1.383642294059917940e-02 1.294426661729857209e+01 7.615760142323625814e+01 0.000000000000000000e+00 1.309386152661122260e+01 6.473291972187721512e+02 1.337329492061884821e+03 6.753743500131763540e+02 3.904361530939658431e-01 1.410659466450155378e+03 1.365065305538236018e+01 1.103186111972628851e+03 7.692666182164853694e+01 3.495772353939818231e+02
6.409207884725794884e+02 7.548854104587127267e+02 9.196976637360737561e-01 3.192615384947489865e+00 8.593410457644600342e+01 7.417359866443399596e+02 1.381040219594119435e+03 1.156701387452750396e+01 8.181500671577124422e+02 3.855599538460216422e+02 2.429645025051084133e+02 0.000000000000000000e+00 2.513522583079090378e+00 7.981705711555265452e+02 1.014218643248327112e+03 2.753420471171851318e+02 1.089543152376685157e+03 0.000000000000000000e+00 1.162172034912171483e+02 2.091346879832733521e+02 8.206039797222812240e+02 8.746389131898713032e+00 2.798168913638341948e+01 5.364062420838914804e-05 7.714317046497336605e+01 6.881549939222045396e+02 1.046715373952743676e+03 2.702532049359858579e+00 1.849589190797771323e+02 1.864711720774037407e-01 0.000000000000000000e+00 1.204526569334294663e+03 4.973950182118298926e+02 4.952665853223774661e+02 2.929562967028993103e+00 1.528677036043366570e+03 0.000000000000000000e+00
2.334488406371469296e+02 3.330886270850078290e+02 2.187033301021616865e+02 5.994526714992165353e+02 7.038332183429351971e+02 1.413014999681494244e+00 6.794893751289868078e+01 4.451849150757041684e+00 1.500873534997878167e+01 3.281376403977943141e+02 1.195118909838301278e+02 6.009363817647421229e+02 7.316619218864174456e+01 7.250899618135476885e+02 7.222647155307078126e-01 1.715561929190370805e+01 1.561602254240628795e+01 4.214977632650898727e+02 1.526221625810966771e+03 0.000000000000000000e+00 1.322200814239290366e+03 1.564231162061455791e+02 1.030135375756502469e+01 3.279011170172387324e+02 2.087125353994185275e+02 1.426332660870763220e+02 2.393145019033025456e+00 4.951310392172749744e+02 2.423653493058392314e+02 4.723754979607373450e+00 2.528079851106023401e+00 3.340161095300197669e+00 8.645590963627009629e+00 3.209628311713873927e+01 3.451887699672720800e+01 4.353016074851682902e+02 7.061490367748114672e+00
1.241727038715290377e+02 2.854191239271770998e-05 0.000000000000000000e+00 6.605701272601412536e-06 0.000000000000000000e+00 2.390316464607421665e+01 1.174225246655658195e+00 8.743838402952387456e-01 1.717923484769593472e+02 8.294768601240631369e+02 4.767089686799974579e+00 2.183192420555013484e+02 6.733421131324460873e+01 3.877868099184495065e+01 2.556280927630274480e-01 4.807053782319532509e+00 2.325578918046841537e+01 6.103292190095648273e+00 9.016324082727477389e+02 0.000000000000000000e+00 1.176707665601540157e+03 1.281039706953280586e+02 2.077890722850557340e-04 5.009358113422574199e+00 4.178348763869717430e+01 2.351280449647954462e+00 1.707098835348323519e+03 4.319440886120570440e+02 6.520889125250432699e+02 0.000000000000000000e+00 1.597061734230229391e+01 4.411262054572758871e+02 5.282744866075292975e+02 1.240654738346870678e+00 2.489471800110103175e+02 7.880353046731829636e+01 1.391090068936711077e+01
3.764246323076842482e-01 3.281414935048754842e+02 9.097860252362032218e-01 8.098656107942680311e-07 0.000000000000000000e+00 2.513659246956697398e-03 6.900441746183912528e+01 6.227874726315204725e+02 2.151202822218123174e+02 5.940963610596527644e+01 3.069170738213409066e+01 4.121000998139468834e+02 4.063383591535396704e+02 5.134386604574528974e+02 8.250808778772180663e-01 6.427712216191421891e-04 2.981635735280912058e+02 6.876379797127293614e+01 2.609652157167049609e+02 3.920979369925545939e+02 3.045995576140661569e+02 0.000000000000000000e+00 2.751471722185859221e+02 4.715169814176862815e+02 3.480149025815464938e+02 1.193239114909722645e+02 1.432026738150021629e+03 1.168152068961114992e+03 7.507680785260248513e+01 2.994558671291517538e+00 2.284747301083635218e+00 2.287399780826479230e+02 1.518502255263937855e+02 1.921002551918851609e+00 1.173066574261501501e+03 7.793722055678513243e+02 3.498094698763818400e+01
7.319364108562797355e+02 3.234200863677303914e+02 2.019617191571512066e-02 5.719362354026392836e+01 0.000000000000000000e+00 4.517319327828811737e+01 1.511296329264089078e+00 5.023381983194698250e+02 1.017390757556752767e+01 7.228723714798633182e+01 3.814328748797436788e+02 3.872612967441369847e+01 1.122538711462963811e-03 0.000000000000000000e+00 4.338128066244092474e-04 5.547039302292557750e+01 4.486456231922193751e+02 3.262940183632979441e+00 4.876502776052905119e+02 4.975441848994261136e+02 2.825523702333857523e-01 3.262282772345187709e+02 6.128416438381797207e+02 4.286552626426821462e+02 1.607750441119434015e+02 4.431725423057985580e+01 8.222007563698070953e+01 4.869121609465888127e+02 3.318631599248873272e+02 2.552664008531665019e+01 3.585875747532844571e+01 4.285537274645281514e+01 3.973900051269745859e+02 1.297582214801815894e+02 0.000000000000000000e+00 7.241474229531975197e+02 2.459382895405782108e+02
1.629382249562030438e+03 3.342230311306694830e+02 9.316072026660175425e+02 9.483939733821716800e+02 2.239462307142482871e+02 1.030093535351747050e+03 7.932770087913104362e+02 6.882772606092514707e+02 5.805041544276886043e+02 9.836967323506613070e+00 3.018405160074240143e+02 7.896451958927831072e+01 9.784689115954924432e+01 8.351929255454159318e+00 6.077312091549952129e+02 1.189635959921710537e+03 0.000000000000000000e+00 1.185540851225707002e+03 2.005277604040741579e+01 7.951230151940345081e+01 1.059513192152856647e+02 7.343227022678827325e+02 1.226723102244438053e+02 4.484059364847607299e+02 1.202469432676031829e+03 1.646863929315878067e+03 4.572215720827588825e+01 6.523630007118672438e+02 8.937023940032875089e+02 9.907662667471701020e-06 4.283685630896726798e-02 0.000000000000000000e+00 8.846957692532056439e-02 3.848562890864258748e+02 3.543310057461943074e+02 5.508110901954591299e+00 8.623069463405411170e+02
