output/example_1/lateral_incision_000085.asc
nrows	75
cellsize	13.33333333
xllcorner	0
ncols	75
yllcorner	0
NODATA_value	-9999
[rows 51 to 67 of 75, columns 37 to 73 of 75]
8.980056186845131183e-02 4.973184889199131362e+02 8.427063481427799161e+02 4.244529918951664627e+01 4.821491962639008761e+02 1.346316557468712972e+03 4.951875661931423700e+00 6.271815376257798107e+02 3.619888819002410401e+02 6.401231030229186103e-02 6.033746732015247716e+01 1.606691691322762154e+03 3.045919274452475065e+02 1.472365168577856821e+03 9.002004303309475972e+02 2.440466190277047431e+01 1.368282904168827372e+03 1.163007446314980598e+03 0.000000000000000000e+00 3.595801343686109135e+02 7.879147421380145033e+01 0.000000000000000000e+00 4.373709677515327030e+02 2.945242741622662948e+02 0.000000000000000000e+00 3.075622308382131820e+01 2.075794471887563475e+02 4.547937250712562332e+02 2.463285121487553653e+01 4.005392235892012991e+02 0.000000000000000000e+00 1.430874272551350487e+03 1.683817530058194123e+01 1.738488858828434458e-01 0.000000000000000000e+00 1.411572941155427770e+03 1.375034842303091446e-04
1.307147439966668578e+01 8.960837193709259907e+01 1.255296658291335234e+03 4.719609199062081650e+00 5.648884372028392136e+02 8.790814999536976648e-01 5.389716085107679788e+01 3.133918329039481705e+02 2.347566327786563267e+00 9.279454493939871895e+01 6.165245791302362477e+02 2.411565718151317412e+02 1.372283267223990038e+02 9.922367443244792184e+02 7.553214104217656768e+02 0.000000000000000000e+00 1.171314684289330216e+03 4.339883227975022351e+02 1.124969913580960792e+03 3.882670088488178184e-01 9.443113859925561826e+01 1.460709390496312608e+03 1.079970772213969894e+03 1.072721786116011117e+03 7.958273412075794795e+02 0.000000000000000000e+00 8.510990816058875907e+02 0.000000000000000000e+00 0.000000000000000000e+00 1.070944554805696043e+03 1.177860106091335183e+03 0.000000000000000000e+00 6.883779305959508292e+02 1.107328158691596400e+03 7.017681438516673325e+02 1.062271127950042910e+03 0.000000000000000000e+00
2.789792012084343469e+02 4.808526785872998630e+02 1.053298985753874817e+01 5.249106128600809029e+01 4.248228479912839362e+00 2.020533811853197026e+00 6.337411877486965217e+00 4.160094728878046908e+02 1.231325112370959971e+02 7.407225269173861593e-01 8.202826647509385560e-02 1.472448143086386665e+02 1.065002926949285893e+03 1.461700224516697517e+02 5.193765659403636619e+02 2.086248878988422177e+02 3.777456557729105491e+00 6.502138329994646426e+01 3.512593103909151182e+01 0.000000000000000000e+00 5.770036356841280849e+02 0.000000000000000000e+00 9.099989374389940622e+02 3.610818880885810813e+02 6.824909790214423992e+02 1.156339391743122178e+03 0.000000000000000000e+00 6.018439593182943099e+02 0.000000000000000000e+00 1.361072085362116468e+03 5.518247504141651234e+02 4.834147180975128855e+00 1.587216841758227702e+03 1.312063880263038982e+03 1.021901575316036997e+03 1.486190062924879873e+00 0.000000000000000000e+00
1.209554988202580716e+03 2.045931734466043110e+02 1.116213762066960555e+02 3.260219259738989628e+00 2.881755616313417931e+02 8.519835934941593791e+01 1.501565111657906515e+00 4.972845666397792996e+01 4.708289641490177146e+00 1.492580460214441018e+02 5.555022952199529982e+02 3.846052321726775745e+02 3.682029769827350663e+01 0.000000000000000000e+00 2.840148126940026145e+02 5.394304266531395342e+01 7.695323695617931890e+02 9.791113154402079743e+00 1.262587649176617333e+03 1.703770312895180496e+03 0.000000000000000000e+00 1.188030524605686878e+03 0.000000000000000000e+00 2.997401388712855237e+02 1.451769964772556705e+03 0.000000000000000000e+00 8.339453955735847330e+02 0.000000000000000000e+00 1.122513536620793047e+03 7.940618049160648617e+00 7.013140828389045289e+00 8.299310791130083089e+02 1.179393893300299467e+01 1.727387910847079411e+02 6.898464195971196311e+00 6.331357361182756271e+00 1.501196090491548496e+01
2.210145144045252721e+02 8.797613714831631171e+01 0.000000000000000000e+00 2.456528945398709993e+02 0.000000000000000000e+00 2.439555370938599310e+02 0.000000000000000000e+00 0.000000000000000000e+00 2.572882470614130170e+02 5.760179527756014295e+02 1.281118892609007958e+02 3.415870498719647763e+00 3.139598008115643211e+02 6.409845564582941506e+02 3.731859295180557297e+02 1.809021198294826149e+01 2.225281287687206486e+02 3.095409851271845625e+01 1.962081850020036313e+02 1.297738877913159286e+02 5.444084377139624848e+02 5.232079476589218530e+02 1.357349313244884343e+03 9.269493537769570024e-02 2.825615915624197783e-01 2.351441910499183408e+01 1.266282747230393170e+03 8.312445601370300210e+02 6.260157898571769408e+00 1.698978284580800562e+02 6.383945755722650119e+02 4.362595251420868294e+02 9.343454357264208454e+01 1.313081847162823578e+03 1.062171153224473755e+03 2.964003683376471372e+02 8.332497175027310732e+01
4.831070261243446140e+01 1.258869008634404025e+02 5.565337972066791963e+02 7.021853342976396561e+02 1.039466637602278638e+02 3.592951961527572280e+01 0.000000000000000000e+00 1.656930888671187176e+02 5.183732799919533285e+00 5.612139655103107998e+02 4.102328605158725736e+02 1.120371665702968755e+00 2.057399205957264314e+02 1.357275969440950973e+02 0.000000000000000000e+00 7.444994819146880900e+02 1.168206983470921159e+03 0.000000000000000000e+00 5.889723269098579976e+02 1.484879333422225223e+01 9.238902061744124694e+02 6.674894673023411542e+02 2.593194919202532560e+02 0.000000000000000000e+00 6.178289622019851777e+02 8.381499824848634717e+02 1.227581088149042365e+01 5.749857545096773492e+02 0.000000000000000000e+00 6.707168860091961733e+02 7.301639864672766578e+01 1.775215878460351178e+02 7.152405433952236535e+01 8.823237584473354218e+02 1.238202546096326387e+03 6.645340561935646519e+02 1.192033410255237840e+02
1.011028780744643640e+00 1.154388598024971770e+03 5.551009415069066790e+02 8.923022874837753307e+02 9.152207880775662829e+01 2.017166353548932420e+02 5.613252347917643874e+02 2.649000126787466343e+02 5.293326633444659368e-01 2.197304774519939841e+01 4.982696765608337408e+00 6.154030243840651337e+02 9.137455457938820302e+00 5.637985116114436757e-01 1.383119786569282041e+02 2.821329405906466263e+02 9.189986448440361499e+00 1.633543841104295211e+02 0.000000000000000000e+00 0.000000000000000000e+00 4.417732177715264896e+01 4.644090097339800991e+02 5.898016953665454594e+02 2.343505351349139687e+02 2.332325333174789534e+02 5.850615214881920565e+02 3.321961745042197123e+01 1.439458086775636616e+02 5.657026485153994599e+02 1.128775515040710076e+02 3.204764062604852484e+02 2.093696860659666754e+02 1.422080108603521786e+01 1.435190733650300920e+01 5.958602077478435604e+02 7.536153538139295227e-02 2.001316044414525948e+02
3.645480422185838734e+02 5.738594481118944941e+02 0.000000000000000000e+00 5.537318305099881854e+02 2.389006161569726885e+02 1.297889555014583891e+02 7.857546158253236968e+01 3.606072221639996656e+01 6.743782800736306626e+01 8.770904304313626199e+01 6.069389220936159290e+02 3.324178108251265229e+01 0.000000000000000000e+00 3.358037865545457775e-06 5.817839750845610070e+02 0.000000000000000000e+00 0.000000000000000000e+00 4.123518835383551391e+02 0.000000000000000000e+00 4.423802990445399814e+02 8.533677016150094385e-02 5.281379391150660041e+01 3.047745875961336282e+01 3.206536300002117201e+01 3.163901409967504605e+02 1.811657507146051671e+02 0.000000000000000000e+00 1.198414162246587011e+03 1.215148363594147582e+02 1.269451753542457254e+03 7.424525669744298284e+02 2.274174741018415489e+02 1.009140094341434368e+00 2.733920228316504830e-01 5.595068583709419130e+01 8.769972527429102911e+02 0.000000000000000000e+00
1.588050781097556410e+02 0.000000000000000000e+00 5.213139296895030128e+01 2.174400400906385187e+02 0.000000000000000000e+00 1.340165364151273934e+03 4.893056267014968874e+00 1.510361390259525479e+03 6.836150234498356326e+01 0.000000000000000000e+00 1.054543038367406098e+03 1.786491776444236166e+02 7.249079922568935162e-04 3.875107652362872086e-03 1.487762694820330358e-05 2.389393017267916548e+02 1.474793848735076462e+00 9.866184725174672394e+02 6.831474657229539105e+01 1.015981872338149287e+03 2.880769808217516470e+01 0.000000000000000000e+00 5.885657628262910634e+01 0.000000000000000000e+00 1.466909167337663575e+02 5.165390294681865413e+01 1.692446081509478518e+03 5.309033880295215280e-01 0.000000000000000000e+00 1.396950689780854191e+03 6.969578855584185328e-01 5.597267351972750475e+02 3.488764337044116246e+02 0.000000000000000000e+00 1.612121064594619611e+03 1.108877651293451265e+02 3.015474225161993900e+02
1.092645682137349468e+03 2.601913101329792255e+00 3.660874072638962584e+00 5.468145597045318027e+02 1.300373371209427660e+03 3.286039923549589616e+02 0.000000000000000000e+00 1.712798439364175920e+03 8.813642286301471813e+02 9.809592979596620808e+02 1.100987307864086461e+03 1.267085770633085815e+02 1.632044864047290105e+02 2.540108060977783566e+02 5.077739248055542589e+02 0.000000000000000000e+00 9.663176391257169371e+02 2.511604161956218917e+01 1.635870646065372682e+02 7.191749275129096475e+01 1.754665345288706249e+02 8.664637076123564157e+02 4.331448122415850577e+01 4.661678334767443521e-05 2.901196663801304112e+02 3.937338114223583041e+00 1.864223346011582017e-01 5.471160121233109521e+02 0.000000000000000000e+00 4.177522999620119748e+00 5.505785246828755142e+00 1.710571429629824934e+03 3.157411359837062150e+02 0.000000000000000000e+00 1.329685460786333238e+02 4.281616023443845052e+02 4.002517031756580650e+02
0.000000000000000000e+00 0.000000000000000000e+00 4.275688727721944221e-02 4.352744700270258704e+01 3.709253508630896476e+02 2.974295240615573710e-02 2.395023638969580588e+02 9.243083760449039010e-02 3.255023890590231339e+00 4.037674896129446438e+02 3.215175723841053355e+02 2.393684903137248625e+02 7.969685559860188562e+00 0.000000000000000000e+00 5.428379201371220830e+01 2.610157914283387868e+02 6.538172525192248941e+01 1.317725792758104717e+02 5.369280310850742808e+02 1.321053750924999804e+03 1.556212451127729253e+02 1.704768726878968153e+02 3.354011947673694749e+01 2.204888351004968570e+02 4.040926217772728819e+02 1.448298742270557341e+03 6.200552922904515896e+01 2.193991652319755659e+01 8.509436713879134686e+02 2.450369937039552326e+02 4.749582590789800918e+01 1.209029220066267953e+03 0.000000000000000000e+00 1.263227443062733073e+03 9.213013199282199821e+02 6.706440158685292197e+00 4.380656871471393856e+02
4.709102339288987693e+00 0.000000000000000000e+00 4.312968552426774949e+01 2.359218027955068409e-01 9.713486668859600215e+00 9.287921987895535949e+02 8.257397326670694326e+01 5.788054657119486137e+02 1.740627265353439270e+03 7.276870922573189793e-01 6.940951527882963212e+00 5.127403609296521836e+02 3.167175972861080524e+01 7.981705711555265452e+02 1.014218643248327112e+03 4.769428565601625678e+02 1.111736644740021120e+03 8.266693777994499115e+00 9.744580672812312514e+02 4.153135875088316880e+02 8.206039797222812240e+02 8.746389131898713032e+00 2.798168913638341948e+01 6.546840734164339892e+02 3.247356627193105965e+02 2.976361218702098910e+01 1.157607463176695319e+03 0.000000000000000000e+00 2.806053387641275094e+02 1.078523417664730232e+03 1.202340269659172918e+03 5.490167942591969386e+00 1.466969414324347099e+03 7.679067114094459612e+02 6.547635178022014770e+02 1.672715675343820010e+02 1.858577974257897125e+01
1.516835769720902363e+03 1.510589537336028911e+02 4.532631561183445683e+02 1.689225648676677565e+03 1.331068923002479778e+02 2.341599875881323953e+02 0.000000000000000000e+00 8.008783332493566149e+02 2.441018401944187843e+01 0.000000000000000000e+00 0.000000000000000000e+00 6.666819829405159226e+02 1.874250018223881398e+02 7.270715057350362258e+02 7.222647155307078126e-01 3.316410828512464946e+02 8.118317195812783211e+02 6.150645974406136673e+01 1.076811663837981314e+03 6.632700571657666160e+02 1.332292946691885618e+03 1.564231162061455791e+02 3.181635409465426179e+01 7.844160760282892220e-01 1.300869525893787966e+02 1.708901426073573703e+03 5.567366638047056995e+02 4.186587683439717011e+02 2.423653493058392314e+02 4.032083484076594004e+01 0.000000000000000000e+00 6.596277277112301363e+02 5.903721474197245911e+00 4.152391092784821325e+01 9.368713003812979778e+00 1.726397068374442654e+02 7.061490367748114672e+00
1.309447602877451573e+03 1.143305874364870647e+02 7.018368247478641297e-01 1.053851819388427430e+03 5.375764156185952203e+01 7.269421212249952760e+02 1.174225246655658195e+00 1.512096728076763652e+00 0.000000000000000000e+00 6.831252949983461349e+02 9.020353228943945867e-01 7.489449582836122090e+02 1.095556309822527652e+02 1.013346192684394111e+02 2.106468923020199924e+01 2.187717440425611670e+01 7.816542312608095244e+02 3.718343491274898156e+02 1.557423627581239478e-01 2.049648404206330099e+01 1.193637353712258800e+03 1.281039706953280586e+02 5.522628012033526375e+02 4.973795797800031337e+00 9.637948463525000307e+02 0.000000000000000000e+00 4.876688888697964899e+02 5.025088048927862587e+02 6.520889125250432699e+02 0.000000000000000000e+00 3.472319467206682475e+02 6.566337969601194402e+01 2.464384606341217676e+01 1.329593453327171119e+03 4.788310919637229404e+02 4.588848057218119152e+02 1.606752564077521228e+01
9.104514566081527391e+02 3.314278394103209848e+02 9.097860252362032218e-01 8.573373617730291016e+02 6.408662938141075927e+01 9.848401825589880865e-01 6.900441746183912528e+01 6.354661359901467677e+02 4.559586717245383419e-02 4.967618391847854582e+02 0.000000000000000000e+00 1.687465878092353478e+03 1.844845642818593490e+02 5.554270062741957190e+02 8.252667623427708321e+00 3.872671464297409472e+01 2.963160714190105409e+02 7.933347489345032955e+01 2.272756989131926864e-01 3.930620605570089197e+02 3.045995576140661569e+02 0.000000000000000000e+00 1.542488790307305408e+03 2.682409897714516944e+01 8.434358991561982748e+02 3.519950140756905625e+02 4.102705635244104769e+02 1.866320349023052358e+02 7.516961364933706591e+01 2.994558671291517538e+00 1.349010703223518249e+03 8.239017530123403503e+02 6.288238099996347863e+00 2.311023782653552061e+01 1.124699828203670222e+03 0.000000000000000000e+00 5.211427453788995479e+01
7.764705019800878461e+01 3.234200863677303914e+02 1.146807232521956099e-01 3.750040955169583299e+02 1.079961242558818384e+02 1.164343009047165879e+03 1.750742404234615579e+00 5.451284266271303522e+02 1.240729896473254996e+02 1.292535924063834955e+03 5.917968764523338905e+02 1.720632197094949634e+00 7.311548569916147926e+02 6.777174846576766640e+02 1.552619389291028540e+02 3.245953852222010596e+02 1.254425902387576571e+03 1.081362716786842348e+01 1.271084771952600249e+03 4.975441848994261136e+02 2.825523702333857523e-01 8.819094049374215274e+02 3.724497697013676856e+01 5.027433789463275957e+02 0.000000000000000000e+00 6.353853358721054612e+00 5.112630278654873450e+02 4.922761968182685450e+02 3.318631599248873272e+02 1.332875324097043119e+02 8.579460207457672141e+02 0.000000000000000000e+00 1.674913563105167214e+03 5.794931155100343290e+01 4.737685175836845701e+02 1.296645271815413253e+03 7.670146457791349803e+02
1.205916287405922958e+03 1.043114583329107745e+03 5.020445398312716634e+02 3.589585061843267795e+02 3.410446896970618980e+01 8.733435224384550111e+02 2.583490765351772467e+00 6.682657737419758348e+01 8.786687508999047935e+00 8.573343632434541632e+02 5.638460605645507258e+02 1.329801254665481451e+02 1.434180134435103469e+02 6.408899337203625919e+02 5.625993874623266038e+02 2.523817558637253988e+00 9.077420576812054165e-01 6.710974553812252275e+00 6.321091566336962160e+02 7.951230151940345081e+01 4.399660314252814715e+02 7.785959375745937905e+02 1.358504992460348149e+01 1.565214770972090946e+03 5.087202210715029764e+02 6.166826876207494479e+01 4.792053453899443980e+02 9.862666926166804160e+02 8.937023940032875089e+02 1.270271113456030747e+02 6.289359620722427735e+01 1.186364891389936474e+03 4.381909885725264644e+02 1.023177797398713324e+03 2.723589260436994550e+02 5.199005664610223221e+01 4.174921770397187970e+02
