output/example_1/lateral_incision_000025.asc
nrows	75
cellsize	13.33333333
xllcorner	0
ncols	75
yllcorner	0
NODATA_value	-9999
[rows 34 to 50 of 75, columns 0 to 36 of 75]
0.000000000000000000e+00 9.197413489739138015e+01 9.225612866281632023e+02 1.232125982440550729e+02 3.388436723610452077e+02 8.944188343534672185e+02 1.018181498027150383e+03 1.567356546862052255e+03 3.443477525163831388e+02 7.273981378776599058e+02 1.187395010159392996e+03 1.625994659116737751e+01 0.000000000000000000e+00 2.868868735619611243e+02 0.000000000000000000e+00 2.937052033946862295e+01 2.526431711872295259e-04 1.421831463477557088e-04 4.515306878807609223e+02 1.592635816380284880e-05 9.846080483161716757e+02 8.360005572100427571e+02 2.964268329478436499e+02 6.798276858221051953e+02 4.219171509148375243e+00 8.986140170864670154e+02 7.401882943100163175e+02 3.557491331021109318e+02 0.000000000000000000e+00 2.812421794750568438e+02 1.089411260228064066e+03 5.042398127913679673e+02 3.647447777571171628e+02 5.552129993593422519e+00 9.058707084557742064e+02 0.000000000000000000e+00 7.516965157241552333e+02
0.000000000000000000e+00 8.438319390731578551e+02 2.999708464495513205e+00 1.503291297600302334e+00 3.042968325416093762e+02 1.693202382870466408e+03 1.821660253266148832e-01 1.668066355450792670e+01 6.289824969057106046e+02 4.906937337179641645e+01 1.423595511174846395e+00 1.249746822973339249e+03 5.092379296385509235e+00 6.556665610713474734e+01 2.570777879504856287e+02 0.000000000000000000e+00 2.923451477610844625e-04 7.765707910077552275e-05 8.128678287932829107e+02 9.435181824415279834e+02 2.668913395719566779e+02 2.876525090501332871e-01 1.280676230182568816e+03 1.259535131062055342e+02 2.462783129172214842e+02 3.038764326681727539e+02 1.278115515731770074e+03 5.917496615812508480e+02 5.149600658733455560e+01 2.946412218954300215e+02 4.278234399765077569e+02 1.197341133910819764e+02 0.000000000000000000e+00 1.538186714399400216e+03 3.737578527603812972e+01 3.811067602932232603e+02 1.703085120694249554e+03
0.000000000000000000e+00 2.019632936220943087e-01 4.675628319515168982e+02 1.281658557267855258e+03 6.139895046359782782e+00 6.326340711044192489e+00 1.794044440736690262e+02 1.312194776106200607e+03 0.000000000000000000e+00 6.462233507107123387e+01 1.034931506133910375e+02 0.000000000000000000e+00 4.396327875664969724e+02 7.021200242471932143e+02 3.899189997292391743e-04 4.635953734173192241e-05 1.904891539768906845e-04 2.137640009550099377e-05 1.372281135140844793e-04 7.086618969134193549e+02 1.419670288127017784e+03 2.348630018038847709e+02 2.765523329250784457e+01 2.364166505720447731e+02 1.114137083139559536e+03 5.312400450818348929e+01 2.104848911748244973e+02 1.095575929362785018e+03 0.000000000000000000e+00 5.841292215803682666e+02 1.535378708754391539e+02 7.713405166869139293e+02 2.098273512508044902e+01 3.687373690603457277e+01 5.158238379409613117e+02 4.182013954673203671e+02 1.409763078034799166e-01
0.000000000000000000e+00 6.274292728379733717e+02 0.000000000000000000e+00 4.723211315806734660e+02 7.257175479521233683e+02 1.135150141501032266e+02 1.155432678835640900e+03 1.347627593560230252e+03 6.151597887164174949e+01 7.081374952191977101e+00 1.909128198918865280e+02 1.159085481009579439e+02 2.060723733063702241e+02 5.912091272701459899e-02 1.356015273791624266e-02 1.629097963449792985e+01 4.020125477133986713e+00 1.597232037479433409e+01 3.070463388476606211e-06 7.920414961127169917e+00 1.442935823264539522e+03 9.791433707482565296e+02 8.625407952676034711e+02 2.810497571805474308e+02 1.915161635921060963e+02 3.753228651554122735e+02 4.839271485855707056e+02 5.840906694995502590e+01 6.713782571308080378e+02 1.108372397615955851e+00 0.000000000000000000e+00 1.055398353539458640e+03 2.307153932763862372e+02 3.949168750836078989e-01 2.821818752889546644e+01 0.000000000000000000e+00 2.007873188182474564e+02
0.000000000000000000e+00 5.469936481386831701e+02 9.608824617932224328e+02 2.198777841110167164e-01 0.000000000000000000e+00 1.569364786473843587e+01 7.681264348698854860e+01 3.307505282003825098e+00 0.000000000000000000e+00 4.000801714460319403e+00 3.679113180547613382e+01 2.154115751382553867e+02 0.000000000000000000e+00 0.000000000000000000e+00 1.068833147438187625e-04 1.372459598049474039e+02 2.382711023311801739e+02 3.849356996583568389e+02 7.626994642854975082e-01 3.690762058942154056e+01 8.181706335687387137e-04 2.430879853141648539e+02 1.407801369713922135e+01 0.000000000000000000e+00 1.099913193248157768e+02 5.462335428812194777e+02 1.661866449048183767e+03 5.465785049808598615e+02 2.541047908430613589e+01 1.362719082456191700e+03 1.433918436629044891e+03 0.000000000000000000e+00 0.000000000000000000e+00 1.908451795580698729e+02 7.003832412664658023e+02 9.432966274467564745e+02 4.871633721953983809e+02
0.000000000000000000e+00 8.008335355210643911e+02 1.413898770709184873e+02 9.063679632582395840e+00 4.179715804749266350e-02 0.000000000000000000e+00 0.000000000000000000e+00 6.307588777194126843e-07 2.677795436723971737e-06 0.000000000000000000e+00 0.000000000000000000e+00 6.800739369683388702e+01 3.671411726192484792e+00 1.724287087131974039e-01 5.482856682508074724e-04 2.749023335068694109e+02 1.381624184438521752e+02 0.000000000000000000e+00 0.000000000000000000e+00 1.659467342836215553e-02 8.457724156701176810e+01 0.000000000000000000e+00 7.051030977859262521e+02 3.288220090679271834e+02 6.756108384467306678e+02 1.043179094611618174e+00 2.481841465704471261e+02 6.267684887574397408e+02 7.476428336814104796e+02 8.811936698108710289e+02 5.508671760210835373e+02 6.146430314981047305e-01 4.035200084390595521e+02 3.212706796431109524e+02 1.404247406255473685e+01 4.876496065522943998e-05 5.669083585183599255e-02
0.000000000000000000e+00 2.637525306610929761e+02 4.283546812591173421e+02 2.995248249997681245e-01 2.335324791193728089e+01 1.857571343556358201e+01 2.005894158405383682e-03 2.489479767233764539e-03 0.000000000000000000e+00 0.000000000000000000e+00 2.205246783660976291e-06 9.958854160649062930e-06 0.000000000000000000e+00 1.237664675938318257e-04 1.497180570508714212e-05 1.234065817666024998e+02 8.845630895853735183e+02 9.338713101505698333e+00 3.748689897590020337e+02 3.881170440609493539e+02 2.660881825132880962e+00 3.362821347939928263e+00 2.846050596179755416e+02 0.000000000000000000e+00 5.892825704959767563e+02 1.341573654022133724e+03 9.206641893350313577e-01 1.033676464251644802e+02 4.093511043924243609e+02 8.506106815550666056e+01 6.054821357714532115e-02 5.325070383766387749e+02 8.855446527653135718e+02 0.000000000000000000e+00 6.606024610043485887e-06 3.056917603247879091e-04 4.770125634662586332e-06
0.000000000000000000e+00 1.271005081243260292e+03 0.000000000000000000e+00 2.622828220143651947e+02 2.613836339998297831e+02 2.426644634482944429e+00 1.676958743488365755e+01 1.256198798664166816e+03 2.613971279565237182e+02 2.383343912593675782e+02 2.950441124874281146e-08 3.481671068586708942e-06 6.335791235714084451e+02 2.758155789064074881e+01 0.000000000000000000e+00 2.241996109712176890e-06 9.125974343718137334e+02 1.055940806079532422e+03 2.601505196947863752e+00 2.897342958073670616e+02 4.674271821560927265e+02 4.052042380271522748e-01 1.354805181777442158e+02 0.000000000000000000e+00 1.052411301460424738e+03 7.801881487260081940e+02 1.042896262149130479e-05 1.604116185065517584e+03 5.478097658146075446e+02 1.913320066299109001e+01 5.934440141599773142e+02 2.682682784070196931e+02 1.306439506660135308e-01 1.561777896351402717e+02 6.414561637222089274e+00 3.167917035470192016e-02 5.421931123865232014e-05
0.000000000000000000e+00 9.499051051812250535e+02 5.750046490989519725e+02 1.595827677066126284e+02 2.607189507088962728e+02 4.113767731390657900e+02 4.924298184080041665e+02 6.986526332556027228e+02 0.000000000000000000e+00 4.955451143104497760e+02 3.010910082586855645e-03 1.299603433953712511e+03 3.883379080579287574e+02 1.899855923272654366e+02 4.742695130493146394e+01 0.000000000000000000e+00 6.221646116198709445e-08 1.598957080626058769e+03 1.239284428698091006e+03 9.755127178254686271e+01 1.004004110714764579e+03 1.221602944355332966e+03 0.000000000000000000e+00 1.058425387713369446e+03 1.353943950328499568e+01 6.183158649393320729e+02 1.138525406999953702e+03 5.978054005873626409e+01 0.000000000000000000e+00 1.053819135521145654e+03 3.212368156077568528e+02 1.027907245737572595e+02 5.805166215469723738e+02 1.446575751558839329e+03 2.045113798093029800e+02 1.913208379703192463e+02 0.000000000000000000e+00
0.000000000000000000e+00 5.558005853328268131e+02 5.878963853750934732e+02 5.025431526383480900e+02 1.656781489765622837e+02 0.000000000000000000e+00 1.075441644219179352e+03 0.000000000000000000e+00 6.805112195325457378e+02 7.711137325234684567e+02 1.435715296003886351e+03 7.672012897392445439e+02 3.626007119374087431e-04 6.596426630689164767e+02 1.561285984444799366e-09 0.000000000000000000e+00 0.000000000000000000e+00 2.572607252099339235e+02 1.319808211139704099e+03 6.824035319676003155e+02 7.977666044860429184e-02 8.377725281092829164e+02 4.162669182139904933e+02 2.461867851213051794e-01 2.944731005112964795e+02 5.181592818351534788e+02 6.966874038328672025e-01 7.238245793817984577e+02 1.385931727244443135e+00 4.660783158061542466e-06 3.264654649908430795e+00 3.260649460739065830e+02 5.993035661258432611e+01 7.435061833739905524e+02 1.067499718279486842e+03 7.157665043866642236e+02 9.363680403460622870e+01
0.000000000000000000e+00 5.694916518242068832e+02 8.161372901640986584e+02 1.280596822994311424e+03 1.164320226458968136e+03 4.888655407471965759e+02 3.922174987548197578e+01 1.765414568812606149e+03 1.351894099809489489e+03 5.111005653512788172e+02 1.037105116591505976e+03 3.816375928068477918e+00 7.780560444406440865e+02 3.807482631814393415e+01 0.000000000000000000e+00 0.000000000000000000e+00 2.422020699255177476e+02 1.098189393878652851e+02 2.884936647224349144e+02 1.231891192895237737e+03 8.221065332505038441e+02 0.000000000000000000e+00 1.629563902223851983e+03 9.304503337232691251e+01 5.686599825877010517e+02 1.052778270891527201e+00 8.273046276230531930e+02 0.000000000000000000e+00 6.596836754071283337e+01 1.219372949847624881e+02 0.000000000000000000e+00 9.513151237529191349e+02 7.240051052237763543e+02 4.102356158728533764e+00 2.326291603295388200e+02 6.522690326589572862e+01 9.852792477532836983e+02
0.000000000000000000e+00 2.774876026858621714e+01 0.000000000000000000e+00 0.000000000000000000e+00 1.070073180196899557e+03 0.000000000000000000e+00 0.000000000000000000e+00 0.000000000000000000e+00 2.536877924706882368e+02 1.172590626475407362e+03 0.000000000000000000e+00 9.799391835502216281e+02 1.712535389078986327e+03 7.091770794785374754e-01 0.000000000000000000e+00 5.662496507028269832e+01 4.112362188550807929e+01 8.833460039967013699e+02 1.137471840637034777e-02 1.033812317504228531e+03 1.416617195096646356e+03 7.034810992596884489e+02 0.000000000000000000e+00 9.754442988091877851e+02 4.381363675199802401e+02 7.757658676976726675e-02 2.321842235471141294e+02 8.005501178218203506e+01 2.949117834867306554e-05 2.116686224166513863e+00 7.488861559280672431e+00 1.352943239085464100e+01 1.857881352638008536e+02 9.359630387196403944e+02 0.000000000000000000e+00 1.262219330675657829e+03 3.731662773072910166e+00
0.000000000000000000e+00 3.667415847786755734e+01 0.000000000000000000e+00 0.000000000000000000e+00 1.852685597486052510e-06 1.715782503584485767e+03 0.000000000000000000e+00 0.000000000000000000e+00 7.507306963572234508e+02 1.916241562077090350e+02 1.196773157726933277e+03 1.914823254587954580e+03 0.000000000000000000e+00 0.000000000000000000e+00 1.363070792205560338e+02 1.578644473097312812e+03 2.921179267189238544e+02 5.141740123101367317e+02 9.478037722296612344e+01 1.018792305596226413e+02 4.600258815659672109e+02 1.021639962607122243e+03 1.904675564573589099e+02 0.000000000000000000e+00 0.000000000000000000e+00 1.276672719194711590e+03 3.698369550346279766e+02 0.000000000000000000e+00 4.916089901567251275e+01 1.561285984668242770e-09 0.000000000000000000e+00 6.329129694142707763e-01 4.681628437825685727e-07 1.870958195044995591e+02 2.311220555072872287e+02 2.785162182798974300e+02 2.898799933059571440e-02
0.000000000000000000e+00 3.804159441391867063e+02 1.026482816411792783e+03 0.000000000000000000e+00 2.063657695937305547e+01 1.938389539558550609e+02 9.486999513190343691e+01 8.296782738919550866e+02 0.000000000000000000e+00 0.000000000000000000e+00 0.000000000000000000e+00 1.723350687306258806e+03 2.640583096293521521e+02 1.217006140461024586e+02 1.232385208411025815e+03 2.487754344796399408e+01 0.000000000000000000e+00 3.158991611973976887e+02 3.434235117469575016e+02 1.983358631258058153e+02 6.301603780396575303e+02 6.749198547347439217e+02 2.212799841015733904e+01 1.273971963525043771e-01 1.382126194799099324e+02 4.595623986322417522e+02 7.557536124236336263e+02 4.052508000726263049e+02 1.419599603006913092e-05 1.011609709543226288e+01 0.000000000000000000e+00 0.000000000000000000e+00 8.516523230392750686e-05 8.249458961381129314e-06 6.521570601057458116e-01 9.691178281377931469e+00 0.000000000000000000e+00
0.000000000000000000e+00 1.225685015240706264e+02 1.520355467197134658e+02 1.517634650715027256e+01 1.436746569302647458e+02 2.097394959863669044e+02 5.514474763846091037e+02 5.975399234965324240e+02 1.037206536386845901e+00 0.000000000000000000e+00 6.155781934974413616e+02 0.000000000000000000e+00 0.000000000000000000e+00 0.000000000000000000e+00 0.000000000000000000e+00 0.000000000000000000e+00 1.512457766116858465e+03 0.000000000000000000e+00 5.545995940438720462e-01 1.392622662046959503e+00 6.037728732384687325e-01 0.000000000000000000e+00 0.000000000000000000e+00 0.000000000000000000e+00 8.750775962444178049e+02 8.814755465659136462e+02 3.864657366017979712e+01 8.364325646319582530e-01 4.316371919219166102e+02 4.378575712714264228e+02 4.914714080759905528e+02 1.837691886825266465e+02 6.720125914621395413e-01 0.000000000000000000e+00 0.000000000000000000e+00 0.000000000000000000e+00 3.302934083832686838e+02
0.000000000000000000e+00 4.989214005198005283e-04 0.000000000000000000e+00 0.000000000000000000e+00 1.147388715743825754e-01 4.421203754800670538e+01 5.843078960354383753e+02 0.000000000000000000e+00 9.450912884898584707e+02 1.149390378469463258e+03 4.508500724061137817e+02 4.797452078040616925e+02 0.000000000000000000e+00 0.000000000000000000e+00 1.020478302971551557e+03 0.000000000000000000e+00 5.530629497179455178e+00 6.149333655182086886e+02 1.056627311810362073e+02 8.823588683024249804e+02 1.349149077223180029e+03 1.417680382197911513e+03 5.575865524676277118e+01 1.740392846376747912e+03 5.369628569016004604e+01 1.228737245563248507e+03 1.417800724913608867e+00 7.160314632824134833e+02 7.248721056761503405e+02 1.178454886372049657e+02 4.521924960971313681e+02 5.474285194405682731e+00 1.358325504282871066e+02 2.305404170895409091e-04 1.630569373277826841e-04 1.046405231234781852e-01 6.546526425335761346e+00
0.000000000000000000e+00 2.288022556816277984e+02 1.327306952100035687e+03 7.670509979482266090e+02 0.000000000000000000e+00 6.460174568202181611e-01 2.717567733019590150e+02 1.039637769491562494e+03 9.017482112164556156e+02 0.000000000000000000e+00 9.554552189088351497e+02 8.407546876942117819e+01 7.509809849294446167e+02 1.031045892556991475e+03 2.520125975601732762e+02 4.047133382096180121e+00 1.572709193610971397e+03 1.035790172502021278e+03 5.119793322444470950e-04 5.781407456439359827e+00 8.302156219523467371e+02 1.532897685184697707e+02 9.861867493943005911e+02 3.350361951432736518e+00 4.998822218007591545e+01 3.031377740258818676e+02 1.234488267049037944e+02 8.006056397380369845e+02 5.072647697402345557e+02 1.081077246196063697e+03 6.022389247014704239e+00 6.435244287167466837e+02 6.577461509300853777e+02 4.143206284869853651e-01 3.446443147412787766e+01 0.000000000000000000e+00 0.000000000000000000e+00
