output/example_1/lateral_incision_000409.asc
nrows	75
cellsize	13.33333333
xllcorner	0
ncols	75
yllcorner	0
NODATA_value	-9999
[rows 34 to 50 of 75, columns 0 to 36 of 75]
0.000000000000000000e+00 9.601518610622048300e+02 4.655850784982824848e+02 1.740974859758375942e+03 1.180204133935873415e+03 3.725565454772944349e+02 1.967312380738553372e+02 1.609163358255529602e+03 3.926868250250655592e+02 4.162305990703654288e+02 5.819645324227958554e+02 6.131719718406228594e+02 1.246538650696245014e+02 6.286744381521231873e+01 6.503373213844262182e+02 3.508869378583104890e+02 2.170399340818518965e+02 3.642298598425364275e+01 4.054749156650013475e+01 2.892579003294014228e+02 4.000976026326097212e+02 1.216752607857258681e+03 1.219928889955150225e+03 1.792925956697828553e+02 4.609753148843333861e+02 1.153029606366969801e+03 1.591843466231314324e+02 0.000000000000000000e+00 1.099997982157799015e+03 5.374348552721578471e+02 4.845052752426624920e+02 3.823374599974665102e+02 6.282801278907107490e-01 7.870321421864919103e+02 5.177711030045207963e+02 1.576711638143709990e+02 3.355220935467250598e+01
0.000000000000000000e+00 5.394750897255061517e+00 1.442751325237395221e+01 2.852002159532788141e+02 3.036315462174638924e+02 1.864350574087578423e+02 2.937806025219546200e+02 2.066625175159872754e+02 1.382911400512919364e+01 2.897807234811410737e+01 5.566471414277056056e+02 7.883381765711942535e+02 0.000000000000000000e+00 4.296882499768220214e+02 1.205737502403371764e+03 4.116175517826804935e+02 4.575534978930461421e+02 2.255256743049366435e+02 3.496386210417086886e+02 9.270126280356332416e+01 5.426540085708961669e+02 0.000000000000000000e+00 1.055418236073413709e+03 3.633097604127210616e+02 5.234003875163639741e+00 1.041409477616675986e+03 1.443013628286489052e+02 3.848939766392515480e+02 1.688157773358801478e+03 1.132550319439911618e+03 3.405533620529370182e+02 0.000000000000000000e+00 9.181301778666995972e+01 4.407538963717313436e+02 1.797643081129094185e+02 4.424871331022034155e+02 1.303075816836142167e+03
0.000000000000000000e+00 1.788260166693485189e+02 1.439987645869432299e+03 3.665101113640824906e+02 1.090267099085853715e+03 2.148547920742308293e+02 1.611237141050820355e+03 8.977452835255326136e+02 8.001088864213807028e+02 1.185921725016735166e+02 4.915470498921867488e+02 8.367734512708057082e+02 1.621436518478168182e+03 9.313905801293401510e+00 1.004297905644218787e+02 0.000000000000000000e+00 1.076085694278575829e+03 0.000000000000000000e+00 4.756650935257967490e+02 2.158451196900914937e+01 4.475832430057261035e+02 6.441181780142536581e+02 7.653493596169990951e+02 8.632401723629393473e+02 1.523698643939501629e+01 7.774399680814925659e+02 6.760258221659095170e+02 2.431019386552187456e+01 1.716804897515324768e+01 1.098734593131629026e+03 4.332659169623209738e-02 9.002858040622218141e+02 6.156986548207792111e+02 1.618180404744049952e+02 3.257555020037739002e+00 4.820958676208259419e+01 2.012240285467440799e+02
0.000000000000000000e+00 2.382167730404391648e+02 1.135112152594902454e+03 4.999384250580563389e+02 0.000000000000000000e+00 6.614201300346383050e+02 4.783638334344360032e+02 5.481874961628343499e+02 1.737594597762179660e+01 3.051064182719813402e+02 1.049930192272267050e+03 1.545578123165534407e+03 3.349341645119640276e+01 1.548682240836939172e+02 3.965146611945319250e+02 4.033911556602259196e+00 0.000000000000000000e+00 8.884930129635149569e+02 5.247928028324292882e+02 8.838717674423137396e+02 8.113948283063335154e+00 1.219186484929844028e+03 8.815787681107364051e+02 1.280350803494276988e+03 1.918144245083377655e+02 2.020968294669326148e+00 9.480758363674030988e+02 1.435164625920663628e+00 6.383403501954825288e+02 3.894817357457132516e+02 8.944523830754404798e+02 2.957432492525119869e+02 3.660957968302961518e+01 0.000000000000000000e+00 2.779491692149851811e+00 5.185000803966261884e+01 1.425233787081699788e+01
0.000000000000000000e+00 0.000000000000000000e+00 0.000000000000000000e+00 4.697256960646195978e+01 7.964124988232275655e+02 1.921008092045662086e-01 7.274802526594850542e-03 8.929985694653419515e+00 1.297339693737108846e+01 1.518490268711164859e+01 5.750687608773179136e+02 0.000000000000000000e+00 1.755961422422029045e+03 2.872918058578063096e+02 7.322111376614265055e+02 1.614015079314483003e+01 4.008543536042517417e+02 4.822516281797621787e+02 0.000000000000000000e+00 2.453735009787145884e+02 4.128033825475632739e+02 3.630167799169315757e+00 1.260465053343353020e+03 6.022744257983877958e+01 7.884425115876828158e+02 0.000000000000000000e+00 0.000000000000000000e+00 4.668330007812608073e+02 8.829812444598077263e+02 3.494670300046209377e+02 8.643031219942155019e+01 4.499704467632801652e+02 3.751520613779824771e+02 3.010935576035489589e+02 1.011834154847546046e+02 9.100275040642858357e+02 5.919428079138464227e+02
0.000000000000000000e+00 5.186557386374106500e+02 1.242789756699906320e+03 1.780312671234540289e+02 5.040125193712314058e+02 4.190114596031712608e+02 8.954684056020294065e+02 1.075855373180144397e+03 2.677795436723971737e-06 1.019914539023517897e+01 6.545063421653461546e+02 1.837316858375569666e+02 1.414101409344060130e+03 8.492511456178687013e+02 9.078495767820593088e+00 1.978529257320210775e+02 2.445609304621866187e+01 9.187658060386762315e+01 5.931041656109096039e+02 1.707702100922374768e+02 1.124411250111828338e+02 3.454512075803267024e+00 7.725079040010868994e+02 1.733922165578613317e+02 0.000000000000000000e+00 2.994330996952292026e+02 3.450167600290514542e+02 5.325137903491887528e+02 4.024525394879567557e+02 4.391014586007726450e+01 1.531817021690532783e+03 4.140069225029823201e+02 3.658025518824356936e+02 2.006989326877324515e+02 6.453010341418605833e+01 1.628855480881979929e+02 4.993007011209710555e+01
0.000000000000000000e+00 0.000000000000000000e+00 2.385100210013529249e+02 4.610646316106789300e+01 2.369622891387230723e+01 1.857571343556358201e+01 2.005894158405383682e-03 2.225169094763193911e+01 3.282662072709977963e+01 2.783769600763218666e+00 1.220546257252621217e+03 5.727542496080667433e+02 3.464679928130171760e+01 8.019566350527775285e+02 6.477325923242199224e+02 9.415625136939349105e+00 1.516790664447958648e+02 5.673606669200981401e+01 6.931781227570012049e+01 1.494767651698249156e-02 2.822694860717682719e-01 1.067435656527945298e+02 6.121132028212556087e+00 1.741647421720533202e+03 4.779806446537572917e+00 1.880198888186420947e-01 8.168464992706261683e+02 4.317894692088873398e+02 1.829143795216478807e+01 8.353244428177637815e+01 1.442288716275679917e+03 3.392753963195895039e+02 7.656881859148820695e+02 2.738408630982688692e+02 3.327228880239389497e+01 2.107218021755154069e+01 4.224933160410100186e+02
0.000000000000000000e+00 7.057582198822577766e+02 1.176210835954683716e+03 8.668240379304978660e+02 2.896465191709352212e+02 2.426644634482944429e+00 5.604317974831750462e+02 9.551794127290520464e+00 1.138242189848689350e+03 6.077964944326672594e+02 3.438096104385741683e+02 1.416581544921522209e+03 8.825976623392656961e+01 1.165220981382282304e+02 9.512674940226647777e+02 1.430811689084356999e+02 2.655669870951260236e+02 5.679879318621826769e+02 9.373144887315849871e+01 1.268266145204218446e+03 1.033405044451610820e+03 1.210936816897965729e+00 1.848631129883983135e+02 5.291973083429443392e+00 4.731394991186772927e+02 5.301456536401757091e+01 1.944400802954328489e+00 4.163430114601334964e+01 4.748691228165610734e-02 5.704376843268956918e+02 9.380389181243782559e+02 2.329106842143370670e+02 6.895249253259157740e+02 4.916220292546397985e+01 7.019290233338289227e+02 9.431357572670400202e+01 1.219254727814000461e+01
0.000000000000000000e+00 2.050843270732038945e+02 5.752052196764982455e+02 1.817980145914101797e+02 9.251681264501714850e+02 4.637172011045286126e+02 1.301168842488609698e+03 1.129760468478655412e+03 2.020734558505417766e+01 5.698495465980497556e+02 0.000000000000000000e+00 0.000000000000000000e+00 7.243389811196364008e+02 1.215451483549441178e+02 5.234627871264994958e+00 4.476941958159807200e+02 2.640006803073627339e-01 1.276649210941265210e+03 2.891470469736462690e+01 8.443210631988746400e+02 4.178093192225473445e+02 9.089931706792933710e+02 1.102107350213572772e+03 5.932644981887867175e+01 5.082485134511397291e+02 1.186788945126991393e+03 6.366232182026628834e+02 3.896476566530826631e+02 1.496907317658839176e+01 4.554570497675868523e+02 8.325961328704236166e+02 1.473343471586418673e+03 1.349356432774790733e+02 1.052839369290745140e+02 2.575470994813499033e+02 1.291881154890633070e+03 8.170672069282694565e+02
0.000000000000000000e+00 6.428067741357326668e+02 1.191000409106991675e+00 2.287713392766727054e+02 2.355430832982761160e+02 7.374486256460349942e+00 1.123950724590070195e+03 1.103621317831897613e+03 2.219411006867803948e+01 4.151395068693906296e+02 2.592750291901110060e+01 1.614524103210319197e+02 1.117767375825252202e+03 7.382994055886080105e+02 1.493033731826657004e+03 2.415365970680522167e+00 1.110921547462581884e+03 1.192598341224818341e+03 3.148602847353773271e+01 3.512913150774348310e+02 1.960564419747553586e+02 9.092090915255871550e+02 1.160476338092752712e+03 5.115116019180332074e+01 7.538178813983573718e+02 0.000000000000000000e+00 6.772911962787671882e+02 3.319250680184121620e+02 2.225541088460974493e+01 4.226702986384304950e+02 5.708872917565015541e+02 5.443004800646450576e+02 2.248632099121572381e+01 1.429336053768433430e+03 4.586559751802754192e+01 7.078701350100132004e+02 2.241637254292855062e+02
0.000000000000000000e+00 5.695157101820199159e+02 5.039966388903536085e+02 3.952759897666825850e+02 2.819647983706277238e-03 1.349432075321275306e+03 1.107025632824257571e+02 1.515010798197959779e-03 1.249701031657975363e+03 7.654715713474745371e+02 3.522316615673736351e+02 1.137870618544928195e-03 8.488291448004144968e+02 8.874744153490909184e+02 1.668050236676655459e+03 5.987582785409133521e+02 4.253353864603335666e+01 6.419838399398662432e+02 1.772558489411644018e+02 2.246812511301650943e+02 2.742171667270588628e-02 0.000000000000000000e+00 7.387615659618285235e+02 2.328184120458735507e+01 1.882710522220486098e+02 3.369911863672850245e+02 1.009099804775588041e+03 4.574772364814403431e+02 4.397719823107485126e+01 4.871746669467337938e+02 2.770017934781722246e+01 8.471340654139961543e+02 2.517459221875567152e+02 9.980050974661126020e+02 1.529836906292286471e+02 6.178663028571830864e+02 6.048289011707023519e+02
0.000000000000000000e+00 4.030317501567989069e+00 0.000000000000000000e+00 0.000000000000000000e+00 0.000000000000000000e+00 0.000000000000000000e+00 0.000000000000000000e+00 0.000000000000000000e+00 0.000000000000000000e+00 0.000000000000000000e+00 0.000000000000000000e+00 0.000000000000000000e+00 0.000000000000000000e+00 0.000000000000000000e+00 0.000000000000000000e+00 0.000000000000000000e+00 0.000000000000000000e+00 0.000000000000000000e+00 7.554983482473937784e+02 6.085841958134146523e+00 1.139151369049993491e+03 5.259006735040484273e+02 1.052356907265707605e+03 7.367852737092430004e+01 3.874331430386540092e+02 2.499997373475867164e+02 2.642875649954645745e-01 7.284718416455505121e+02 4.345252803953686405e-01 3.778952772420211659e+02 6.623058724693457577e+00 6.992939654823082947e+02 1.252958721077104371e+02 6.277568184438210892e+02 9.337190110776932670e+02 3.420332047430780449e+02 1.998057780192384669e+01
0.000000000000000000e+00 1.486430115976697834e+02 0.000000000000000000e+00 0.000000000000000000e+00 0.000000000000000000e+00 0.000000000000000000e+00 0.000000000000000000e+00 0.000000000000000000e+00 0.000000000000000000e+00 0.000000000000000000e+00 0.000000000000000000e+00 0.000000000000000000e+00 0.000000000000000000e+00 0.000000000000000000e+00 0.000000000000000000e+00 0.000000000000000000e+00 0.000000000000000000e+00 1.027118604657949163e+03 4.925091061594398245e-01 3.880608835163802723e+02 6.992120478187199240e+01 0.000000000000000000e+00 5.725461416977405804e+01 6.637575604743791473e+02 6.219035602221261883e+01 9.289378978132228895e+02 3.663705230544523488e+02 5.288266332733567054e+01 0.000000000000000000e+00 8.100879400112763733e+02 2.837475190632845283e+02 1.149858417432560316e+02 3.956070571401361349e+02 1.559224713469945955e+00 1.088827853630339632e+03 6.121834217366931341e+01 1.554952417076737447e+03
0.000000000000000000e+00 3.806330171044436952e+02 3.435071121164493775e+02 1.690550443467159539e+03 3.158277030518078163e+02 2.750620452049476906e-03 2.240535511779760611e+02 9.647071472196956847e+02 9.326758522556258413e+02 3.370269177492332443e-06 1.133531175154876962e+02 1.286063651344164100e+03 9.147408536771908985e+02 3.879613978919415445e+02 7.273217537799440606e+02 5.312708887634724988e+02 1.447503888480325713e+03 1.729600225187023170e+02 3.924810523351824543e+01 0.000000000000000000e+00 0.000000000000000000e+00 4.138708204934278001e+02 8.424409584331120868e+02 8.223445823412093887e+02 2.444852801983328732e+02 1.095920715451038404e+03 3.979333759979637080e+02 0.000000000000000000e+00 9.157489953479961287e+01 2.714425386120086880e+00 3.574043934670773979e+02 1.941621148357012601e+02 1.070147764752721287e+03 1.634625362674834605e+03 2.686997069251901404e+00 1.069361048738478530e+03 7.523357324881625345e+02
0.000000000000000000e+00 1.334738037514054838e+02 0.000000000000000000e+00 2.197656229554806995e+00 0.000000000000000000e+00 1.281191326437303132e+03 6.252813030410727606e+02 3.612801121929880566e+01 1.341122185282462624e+03 3.293319509023144853e-01 5.029870521579491083e+02 6.491120413095246704e+02 1.102518270540954433e+02 1.409296737913056929e-01 4.087397146584120122e+01 4.355574436073199251e+01 2.743522269444153494e+02 8.884852661391302320e+01 1.433696010162951779e+03 0.000000000000000000e+00 1.047077516322963397e+01 1.684018270824831006e+03 4.878601551912481682e+02 1.275011578611333107e+03 1.011705029064736664e+03 3.334351688078649595e-02 0.000000000000000000e+00 1.003436263939324931e+03 0.000000000000000000e+00 1.146050490330893808e+03 1.970922797779473683e+02 5.173724052364611481e+01 2.569107256914170634e+00 1.401887762998298740e+03 1.929040050441289481e-05 6.827419302417171139e+02 3.503551962581373687e+02
0.000000000000000000e+00 1.000949317164964100e+03 2.898917677358338096e+02 6.773723139831744788e+00 1.247525315954649727e+01 0.000000000000000000e+00 3.515881955058405310e+02 2.716594512206545460e+02 8.233116932086517181e+02 6.006874554050656343e+02 5.415934626309423100e-02 5.370817202787790734e+01 0.000000000000000000e+00 5.514782255177441357e+02 1.135814156653691043e+03 2.097883304896836307e+02 1.949280208551517346e-01 4.157325033679252897e+02 3.498026810271873188e+01 9.333334209481778387e+00 1.186634035835813620e+03 1.848410927034969786e+00 0.000000000000000000e+00 0.000000000000000000e+00 1.812285161530641062e+02 4.650749062146674078e+02 3.861788088749898407e+02 1.365638160133289603e+02 1.614506134769822211e+03 0.000000000000000000e+00 1.068797392393430073e+03 4.466134912249883904e-01 4.506599462621154828e+01 1.259303636184667852e+02 2.253406503207228866e+02 2.521961871867714819e+02 3.090696961526521704e+02
0.000000000000000000e+00 1.872768717110303779e-02 3.184542972601336341e-01 1.822030603871114636e+02 0.000000000000000000e+00 7.694157262636268797e+02 5.148379103745996872e+02 2.883423498762974191e+02 1.411122493419411228e+02 2.241866513030501835e+02 6.503011497649267767e+02 1.501645351269285982e+02 0.000000000000000000e+00 1.507153026425817055e+00 1.694371239785308262e+03 8.293170352852396263e+02 9.328375521837368467e+01 7.425289023163292086e+02 8.717504310796925893e+02 6.295205998940939480e+02 1.323789273593592384e+02 1.053449878603375510e+03 0.000000000000000000e+00 0.000000000000000000e+00 5.646200779950540927e-01 9.698414892150479805e-01 0.000000000000000000e+00 3.277059295942914147e-02 0.000000000000000000e+00 1.563954202818933936e+02 9.072421622049992038e+02 2.195142032322879686e+02 1.116341140848104772e+02 1.020622830971852181e+03 1.417669024748531001e+03 1.555724290406599039e+03 8.455938272616915833e-05
