output/example_1/lateral_incision_000310.asc
nrows	75
cellsize	13.33333333
xllcorner	0
ncols	75
yllcorner	0
NODATA_value	-9999
[rows 17 to 33 of 75, columns 0 to 36 of 75]
0.000000000000000000e+00 2.125481138119095590e+02 1.705534785243531587e+03 1.082571208446559694e+03 7.187232861641449517e+02 4.367644800067018451e+01 1.205086133727608733e+01 3.648246543764409466e+01 7.340158140773292428e-02 1.479742150393256225e+03 1.002655499166150094e+03 7.416434003848365819e+01 2.583601400162586401e+02 1.410720505439038334e+03 9.086508362807456933e+02 1.370968043445983312e+03 7.822421108888115668e+02 2.248675507045001609e+01 1.593853505017007137e+03 0.000000000000000000e+00 8.481750878401497079e-03 6.179855652545586508e+02 1.120113675030202330e+03 4.504368733844718804e+02 1.708778354919228804e+00 2.328114124276181087e+02 1.798671293576908070e+01 5.799737743073405909e+02 1.324136707074720789e+02 2.016053906271330902e+02 8.298269916441328178e+02 9.211984750341059014e-01 6.782191920820748692e+02 3.444905767000366836e+02 9.821343478143684251e+02 3.958886529580865621e-02 1.978695652814157881e+02
0.000000000000000000e+00 4.594583218141788383e-01 0.000000000000000000e+00 0.000000000000000000e+00 4.553178277773385352e-01 7.987809293456306250e+02 1.343955879459918151e+03 1.570662241202780478e+03 5.668243153212717971e+02 8.309779081390120670e-01 1.545929216103469006e+00 2.101240980582793938e+01 5.508927004842390396e+00 1.552409401152834434e+01 5.407437553516762918e+00 7.999836132075887285e+00 4.780368513505962869e-02 7.482811102299057211e+02 1.540761123421174716e+03 7.029854820984389789e+02 9.164316147043792853e+02 5.173606809546117624e+00 3.743684287270295385e+02 2.481685335380680897e+02 4.467587650920911102e+01 7.012921459672728588e+02 2.143191641624775059e+02 0.000000000000000000e+00 0.000000000000000000e+00 1.003177878604264151e+03 6.227007715877832084e+01 1.359709068273482217e+03 3.315522138221131740e+02 5.250445993031457874e+02 5.066447779860024703e+00 1.743595850243194718e+03 2.847902024778035557e+00
0.000000000000000000e+00 1.215571705214542590e+03 0.000000000000000000e+00 9.376159836149268756e+01 8.028672496440665327e+02 0.000000000000000000e+00 4.684873119413065297e+02 1.928066113541357254e+02 1.782692271395834780e+02 3.685049736150970290e+01 1.647701310480390703e+03 9.487733074683130781e+02 5.353544629420844103e+02 3.043131326318176662e+02 5.016998863919392875e+02 3.140041831459438413e+02 7.372650593642470085e+02 3.326170304361836827e+01 2.163897277927225389e+02 8.614778492911301555e+02 1.390428030987366583e+03 1.713947839779899880e+02 2.594893774551479169e+02 2.221252074714537628e+02 2.370603927011226464e+00 3.733817239886528938e+01 3.298475217294403024e+02 2.433325992940375215e+01 1.092968323828661852e+02 8.418412576685493605e+02 7.887445333962971006e+01 3.194845368661954694e+02 8.940485727454137077e+02 8.508295419665421022e+00 1.074089104679593902e+03 1.696016420239963963e+03 1.012795536274143160e+03
0.000000000000000000e+00 3.215727935258815839e-01 5.784317482381804894e+02 2.788877523988711731e-03 2.475494911935172127e+02 7.452664313585819400e+02 2.057243909088718237e+00 1.001800594406868754e+03 7.346461089017061186e-01 4.261217102186001284e+02 4.565238698448789592e+02 3.387840998131126753e+02 2.549453497917434674e+02 4.675533950084497405e+02 1.274415381003000221e+03 1.440841169074252093e+03 5.977998191730453215e+01 1.499224891188061747e+03 1.867190808634846988e+00 1.355531199841112311e+03 9.726151387976534579e+02 3.394976102645728702e+02 3.616029397724616388e+02 7.539729896750607168e+02 5.372352639336479569e+02 4.025538954118633228e+02 2.685951204428846495e+02 2.022926164313169011e+02 3.205253982478194530e+02 8.973029415396156310e+02 5.055673956928450821e+02 4.532010488861081399e+01 6.028853224744185724e+01 2.738590002908946985e+02 3.804992471914035832e+02 1.385200956872444067e+03 8.788601651690981953e+02
0.000000000000000000e+00 1.764643391871502899e+03 8.183802602262315418e+01 1.579687924604836757e-01 0.000000000000000000e+00 6.091678615848184108e+02 0.000000000000000000e+00 1.307584138287913675e+03 4.792474251171783095e+01 9.985389037100069345e+02 3.537774926291416477e+02 6.347430144230391988e+02 8.495446749135044229e+02 9.262337614040003473e+02 4.293127801949850095e+02 1.834097705464104777e+01 1.698747419856561010e+03 7.531834872720302201e+02 4.082213192313031414e+02 8.239499520025549417e-01 0.000000000000000000e+00 6.118221895763223301e+02 8.090861107510251031e+02 3.678225364821563659e+01 6.738888893780881517e+02 1.081771370251065491e+03 7.667180615873371607e+01 4.534733279615230789e-02 5.191175121988638921e+02 1.210092100355967432e+03 1.593246563938704128e+02 4.228247418298244753e+01 8.244469278831199972e+02 4.024384397514938314e+02 7.369408446034783822e+01 6.647191884088084635e+02 2.016339754129752464e+02
0.000000000000000000e+00 5.984574756423796771e+00 2.244305586478749035e+02 4.741257919110993271e+02 4.070803667054158836e+01 1.853631351015869455e-01 1.590396803843756035e-01 1.502226614614467337e+02 0.000000000000000000e+00 1.014063528705310802e+02 8.934619286107857761e+01 1.298061753730922590e+02 2.978438215251900374e+02 3.931058672751086078e+02 8.251126231559737789e+02 1.083633920517225135e+02 7.716548482239749092e+02 5.231495449261631236e+00 5.570617702377946898e+02 7.720951420370820333e-05 1.034008404805734244e+03 2.788941426338714114e-01 3.919152633426292454e+01 8.347846137704686953e+01 4.813536296045543139e+01 1.732645412943248004e+02 4.655937329615343145e+01 2.727250779700797878e+01 2.658742491043662994e+02 1.040027687777396181e+00 2.428951868232102527e+02 9.513147097342982761e+02 4.612961355307926965e+02 1.604624268572002022e+00 6.634261484917414009e+01 1.624289648305767969e+03 1.328895458761112636e+01
0.000000000000000000e+00 0.000000000000000000e+00 1.522544628324060795e+03 0.000000000000000000e+00 0.000000000000000000e+00 1.631262904338585145e+02 4.161128122905880105e+02 1.458158896665957904e+01 8.126222540493083457e+00 2.675353614200815924e-05 2.557658473164789470e+01 4.013648472418898905e+01 5.610809618159328238e+02 7.052770375033317407e+01 1.718489305767685210e+03 8.673465236194306538e-01 1.447590381603591368e+03 5.272776980968145608e+02 2.037784176167675128e+02 8.936937118105487343e+02 9.935612290711352443e+02 1.735427844520204189e+03 3.297452435812265037e+01 1.355257351706825375e+03 4.538736530101261337e+02 9.746004298509153614e+02 7.080164568564703664e+00 7.242907782964937979e-01 9.193742932903530800e+02 9.588989500632324052e+02 2.682105188773636906e-01 5.506590779288910653e+02 1.404671885151266224e+02 7.919165791127243947e-01 5.624358556213989004e+02 8.747314755320741142e+02 3.487569650438496183e+01
0.000000000000000000e+00 5.971043797438519161e-07 1.085887314913394732e+02 7.920384151509201729e+02 8.008406820802802031e+02 5.939276113895497033e+00 7.050175925199682752e+02 4.443230771252969475e+02 2.386340617120737963e-06 1.112492899171364343e+03 5.031079191044037202e+02 0.000000000000000000e+00 7.117974377897039631e+02 8.931648962957930280e+02 3.725116741523617634e+02 1.062265943281471863e+02 2.120465480353034309e+02 1.637687758557841278e+01 1.155532838043707500e+02 1.548910280281307450e+03 4.774974530528444916e+02 0.000000000000000000e+00 0.000000000000000000e+00 1.391439410286074690e+03 3.695900197050284675e+01 1.817480568538570873e+00 0.000000000000000000e+00 5.687466328071657529e+01 2.105486468873964157e+01 7.245695572285869446e+01 0.000000000000000000e+00 2.652763902126665485e+01 0.000000000000000000e+00 7.916571127021105667e+02 3.321122833437347026e+02 6.176042816639104416e+01 1.303807094545184782e+03
0.000000000000000000e+00 7.992793271050578596e+02 4.354677309933367990e-01 8.682951236998039803e+02 2.576767822254345219e+02 3.397563850156337821e+02 8.068509132775575381e+02 5.956410458129852981e-02 6.499732312620388086e+01 6.863919492920601897e+02 5.794765382057947818e+02 1.147737196533842905e+02 6.434071663055441093e+00 1.470805479760873027e+02 5.705362501588773512e+02 6.233489584676980257e+02 3.583114633187835807e+01 4.104363429697114043e+02 8.720913323853231987e+02 6.475727685929552990e+02 1.989822522213319678e+00 1.169423850515800950e+03 2.601037863331800395e+02 0.000000000000000000e+00 8.913203433030274709e+02 2.433733755443226698e+02 4.688632306472395044e+02 7.342378356492297371e+02 1.104899970569013931e+03 2.067092984882134772e+02 1.207136174464896961e+01 2.443590268221279018e+02 8.113588059051263457e+00 6.519996672283709813e+02 3.902454995005787453e+01 6.180382212585009256e+02 7.164089937472281235e+02
0.000000000000000000e+00 2.483851049737903907e+02 9.775234537333986964e+02 1.284550100180549180e+03 8.962485247584594390e+02 1.481540572159697376e+03 4.132993309870287248e+02 4.324219778631687063e+02 1.294060418519006816e+03 3.507924360128234298e+01 6.040315082274164915e+00 1.491034284689016658e+03 4.917153504615473025e+02 5.229210213786540606e+01 9.695825223033857299e+01 1.831371273195907747e+02 1.168684515030761304e+03 8.179092878881010620e+02 6.123550629729810346e-01 3.608622407754429329e-01 5.929971941032786162e+02 4.705156572547698488e+02 8.402579861410636113e+02 2.381659000910109967e+02 2.207214005742555401e+02 4.209663711798083519e+00 6.692457621504662484e+02 1.139799761672010618e+03 1.621446625905709027e+01 1.404764791094670272e+03 4.600255243414931670e+02 1.706412138150208477e+02 6.571449639157846150e+02 4.592506916290214463e+02 6.826021074040215808e+02 1.755205819288414375e+02 1.052032753629364237e+01
0.000000000000000000e+00 1.569041851251586195e+03 4.854752962733645205e+01 6.938901651814291860e+00 7.371275757939065976e+00 3.127111065692913527e+01 8.011670717000004061e+01 7.700863380622492116e+01 6.396759820379755013e+01 9.460372686065865366e+01 7.137073385821556712e+02 3.683560809931020685e+02 3.920380350007317816e+02 1.379276560836273120e+03 0.000000000000000000e+00 1.637755892918985126e+02 2.687628479731671973e+02 0.000000000000000000e+00 6.255947050336491202e+02 4.442494941827619641e+02 1.673578043667683460e+03 2.345094366763158789e+01 3.439811484279394449e+02 1.111075167251134275e+02 8.821808312095288329e+02 9.915511608613338694e+02 1.213493365681445724e+00 4.389717055522071476e+00 1.746152378350246011e+02 1.910585935044750556e+02 1.063386806644308713e+01 2.186787764549143198e-01 3.066690444467872823e+01 5.186630082803782571e+00 6.353082793574122888e+02 4.765499009164953748e+01 6.442787364763191817e+02
0.000000000000000000e+00 0.000000000000000000e+00 7.270737433743021256e+02 2.292022296470148603e+02 1.148447475435268188e+03 1.175843095315031860e+03 1.079711855376678841e+03 5.054082351712989407e+02 1.611349839918055295e+03 1.833245222090122297e+02 9.643573864683500005e+02 0.000000000000000000e+00 7.107620472809977628e+02 0.000000000000000000e+00 4.649142093567530054e+00 5.841963664144184349e+02 2.157897903133620616e+02 1.075417534271547993e+03 1.469240544177679567e+03 2.132089425109411138e+02 1.161432707575526592e+03 1.207609455514067577e+03 1.081279376310870930e+02 6.893094133601429974e+01 4.886464477932603359e+02 9.924978079413657497e+02 5.822116649187121311e+02 1.283135604777429535e+03 1.472457221086896517e+01 5.524825195805159410e+02 2.916585800358863025e+02 7.371890354447270965e+01 4.885908210412410426e+02 2.611787539825273541e+01 1.450469831678959736e+02 0.000000000000000000e+00 3.173239682033484996e+02
0.000000000000000000e+00 1.224433384887809325e+03 1.095405067289605540e+03 9.646620064082627550e+02 4.354202422493348763e+02 9.502653885169867181e+02 9.236800978181007338e+01 8.199699938857280586e+02 1.486550083947055555e+03 5.984443107647614397e+02 8.225692059757517427e+01 9.718837057934558743e+02 2.449973064718693472e-01 4.679823363774033282e+02 9.898946026149687896e+02 4.833786808696186199e+02 2.198591945653948301e+02 3.762852761897839855e+02 3.760042561231986724e+02 2.835718193727290100e+02 2.672389289904118073e+02 1.015657687846251747e+03 1.287156670746631448e+02 1.671607182518633408e+03 8.031537834510683069e+02 0.000000000000000000e+00 8.067047751631770325e+02 7.292637477472287628e+02 2.992317105946378888e+02 6.203246318459551958e+02 6.547623883394791164e+02 5.519541244759205938e+02 1.067609911918515451e+02 0.000000000000000000e+00 1.509889143788268768e+02 2.226646454303890010e+01 3.371906120259234285e+02
0.000000000000000000e+00 1.419062761686286755e+01 7.574595538677610929e-01 0.000000000000000000e+00 1.835745979725770667e+02 7.186929371369349395e-01 0.000000000000000000e+00 3.266245961867358005e+02 9.769535572017351797e+02 5.436039695176132227e+02 4.106685314580375348e+02 9.166217516892635331e+02 4.046709434293997276e+01 1.588259769941389834e+02 1.112811891800376770e+03 2.508529965747447932e+02 0.000000000000000000e+00 1.428473634355099193e+03 1.274973819481720909e+02 2.276702714962922869e+02 6.450629395549715355e+02 1.788792512494253728e+01 6.021179894642266390e+02 3.112223661820369358e+01 3.123506373882037792e+02 7.254233213579815356e+02 3.975138503951162749e-01 2.594988606497272698e+01 1.751105498523241408e+02 9.738770569836680124e+02 6.567006766655217689e+02 3.979036010900805422e+02 1.490882650626736904e+03 9.826156510692908341e+01 3.545699820544770660e+02 1.757460009878686265e+02 1.738686998239007835e+02
0.000000000000000000e+00 0.000000000000000000e+00 1.193717524277111579e+03 1.106720842628663831e+03 7.973679663800209028e+01 6.258426710753655975e+00 5.287682988352586335e+02 1.280238112695878954e+02 2.194202532336759646e+02 1.682767438315910269e+01 0.000000000000000000e+00 8.043481259927596057e+02 1.545470369195381579e+02 1.172935905718899541e+01 2.002071680700611580e+02 4.630150004863878621e+00 1.236343672914472691e+01 6.679358237720414309e+02 4.550234312343823717e+02 3.470284409416780704e+02 2.268802533797119452e+02 6.401745824905262907e+02 8.184730329613709898e+01 4.132196320772189893e+02 3.880893444383460746e+02 1.128763818896499060e+02 5.237235851555745967e+02 5.440162941649886079e+02 7.208759382733181837e+02 3.938349315508556856e+02 4.762363036167728296e+02 3.896164165118238998e+01 5.224515884075205951e-01 1.039018271734387554e+03 2.398592324665052274e+03 1.188178503393532310e+03 1.060726120281848353e+03
0.000000000000000000e+00 9.693259874919020831e+02 3.177121855243706250e+02 8.786493284159804773e+01 6.657077035389242781e+01 7.184490167885307983e+02 4.566183237590717567e+02 7.886167048184903328e-01 2.256563948946603304e+01 2.852499062213454977e+02 4.828478496731939629e+01 4.088823135689385602e-01 1.357138383316429575e+01 7.032268621350087869e+02 1.280480446838902253e+01 1.052364917043349124e+03 1.056604579505650288e-01 1.066730191959791910e+03 8.699407188658933592e+02 9.058493019019564372e+02 1.031348869793613545e+02 3.311841392991833573e+02 5.264212619817727301e+01 1.246028640333225439e+03 5.060336626745800537e+00 6.155187982691497837e+02 8.315285093380718990e+02 2.157234660306281455e+02 1.269748198964120078e+01 1.272974975671857152e+02 1.210474919995682086e+01 7.962545786184015242e+02 9.177356424879769747e+02 1.143459598242819952e+00 1.620750700107303601e+03 1.594412018418571506e+03 1.022471366753881838e+01
0.000000000000000000e+00 1.628907495258265953e+03 8.743624949400651758e+02 1.135515501200439076e+03 1.043173114273193960e+03 1.397524668349466381e+01 2.317635568475936054e+02 2.007797743591102080e-01 1.239921889316663510e+03 1.101730953773856299e+03 5.887920616766459716e+02 3.738105327638815645e+00 0.000000000000000000e+00 5.468381705407892923e+00 1.115106685385433138e+02 3.949959317276953925e+02 6.671222115959461689e+02 5.120500336631739629e+02 6.935283506597227188e+02 2.541951162831998090e+02 0.000000000000000000e+00 6.501753931226611485e+02 6.020218374722276167e+02 7.029243693551176508e-02 6.422685325238471705e+02 1.399401195528469316e+03 8.310322189176926599e+01 2.587716770297208413e+01 1.860283137698116036e+02 6.126960900203136617e+01 7.181990696172662183e+02 8.885569014649526309e+00 0.000000000000000000e+00 1.713845046138653970e+03 2.184454246799344901e+02 4.190227469936532856e+01 1.667635108358316984e+03
