output/example_1/lateral_incision_000439.asc
nrows	75
cellsize	13.33333333
xllcorner	0
ncols	75
yllcorner	0
NODATA_value	-9999
[rows 0 to 16 of 75, columns 37 to 73 of 75]
3.361469718034777543e+01 0.000000000000000000e+00 4.020924072664800331e-04 0.000000000000000000e+00 3.979261858437778687e-01 0.000000000000000000e+00 0.000000000000000000e+00 5.525900172972106512e-03 1.975129308987696054e-03 1.188172025416675964e-01 0.000000000000000000e+00 1.490839285678350612e-01 0.000000000000000000e+00 1.935879317804396393e+01 8.108273727206165293e-02 2.093329821185450912e-01 4.566308148231929067e+02 5.563837012072933703e+02 6.760571021001833287e+02 5.558879181938473835e+01 8.372223329491361028e+02 2.360458973370409552e-01 7.437037567947003254e+02 1.862404962884342297e+01 2.889756057951431103e+02 6.304318187264352673e+02 5.385499670565903898e+02 4.403133197833088843e+02 2.663419024735299345e+00 5.267006942434419869e+01 1.048169385794283137e+01 1.122292021492203240e+01 2.215767845423674220e+00 1.171760928489934850e+00 1.107207941568070879e+02 6.909699642465498926e+01 0.000000000000000000e+00
1.727101434817137715e+01 8.097447668449901936e-01 1.091569533275524926e-05 3.608004507753123313e+00 7.550558769261488123e+02 3.343290203289465694e+02 6.933488715168296039e+02 3.793830986573159691e+01 6.780575591388370071e+01 6.412547454996051783e+02 7.101247375537336382e+01 3.757798267888256873e+02 2.492921108911788508e+02 7.397369280921828327e+00 8.454185330267705467e+02 9.220281490072659381e+02 3.758856370596821534e+02 1.744911411933004501e+02 1.698775907357321557e+02 9.833625407296770149e+00 3.126269442607764737e-01 2.185320369482435297e+02 4.989492469448016010e+01 4.277922486256709789e+01 2.592385291138103298e+02 8.125025625467957013e+01 1.967366608005330306e+02 1.740741337867096377e+02 3.204111934259205441e+01 3.595333971346759938e+01 5.764757463916935443e+00 8.064082196030755156e+00 2.499536128554395873e+02 9.032424150782927654e+02 0.000000000000000000e+00 4.364376907868922331e+02 1.729303510631301055e+00
1.330321702777376458e+03 2.288775821637609340e+02 3.821520285025399062e+02 8.398024262081650022e+02 2.809991145980418423e+02 1.684227342966010497e+02 1.714870717562472464e+02 1.768943114135184373e+02 1.171035036769407270e+03 7.320369032765089514e+02 2.071425107653264774e+02 3.300423091035289644e+02 1.525516362442049740e+03 1.205168869351462263e+03 3.148065395550459016e+02 1.370082605170216993e+03 3.163568454187992529e+02 8.002034800961899919e+02 1.750172107728072319e+02 3.666898364497636180e+02 1.105993514855823534e+01 6.834899060008905280e+02 1.478492510526979004e+03 6.242450660024512672e+02 7.640117502598504871e+02 4.964531067111115021e+02 6.144065892763671854e+01 1.446160741029321173e+02 3.645151600184605059e+02 4.435361109964906632e+02 6.083648369324255327e+02 8.440115704974356277e+02 2.081187528052822415e+02 6.497395466602746410e+02 1.766407331397051053e+02 8.518973576336102838e+01 1.053871462679206985e+02
2.350488484955877144e+00 5.906927791241936347e+02 7.285266248559167934e+01 4.849161743150859394e+01 4.360452637843855683e+01 2.709100119083535105e+02 2.372010608715303590e+02 4.491883570572736630e+02 7.067322028921435049e+02 6.616210593226520587e+02 6.402770457820862475e+02 1.782848074765010438e+01 1.098563728759957257e+03 7.621326299089465692e+02 0.000000000000000000e+00 9.982232625275681812e+02 1.493279305483814596e+03 0.000000000000000000e+00 9.167987013184598482e+02 0.000000000000000000e+00 6.176424275868217819e+02 9.522590841461503715e+02 3.538325531504602139e+01 7.505123363758924881e+01 1.941643061825537870e+02 8.751929300883153928e+01 1.983788796933585559e+02 4.526408543049696220e+01 4.891234242267595391e+02 5.057357023122663886e-01 2.567312940988911691e+02 6.866012702401162642e+02 2.264671837498735272e+02 1.766230471612400521e+01 3.074833190339138014e+02 4.660245495343839366e+02 3.598729230979532012e+00
1.933698092935227919e+02 9.129024454147301526e+01 7.175812911014286044e+01 1.137630238945405381e+03 2.452945826045874189e-01 8.869201430599073319e+02 0.000000000000000000e+00 4.002316342457135079e+02 3.027336663061807371e+02 2.869007154854983810e+00 8.648443653793047758e+01 1.087409857155544159e+03 4.111377934500212383e+00 1.236268787240319853e+03 9.326021965710624499e+02 6.693218820154888116e-01 1.852097822313460540e+00 4.572987357718499766e+02 1.071833297338155944e+03 9.706734330472771717e+02 4.000397231268833593e+02 1.318108465387727222e+02 1.249575446958038356e+03 1.724333603027544541e+03 1.068216864153545430e+03 3.485457723239026251e+01 2.358308795082597840e+02 9.208825319084049852e+02 7.118891085540985841e+02 1.453741405950778187e+02 0.000000000000000000e+00 5.282231740314035306e+00 1.204615836223654952e+02 1.389297274335357770e+03 1.702967893822506369e+02 1.307272672106241544e+03 1.196074035139102079e+03
3.653008683869373385e+01 9.038221144569748731e+02 0.000000000000000000e+00 5.970208285830907471e+02 5.201036685618963702e+02 4.322932670298923341e+01 1.535899075665328350e+00 4.305723512899314755e+02 1.077565025779307906e+00 2.127337233420779405e+00 1.281300678983901435e+03 8.607570236938000789e+02 4.767231493347269122e+01 2.293978491852276758e+00 1.685655534159485569e+01 4.239312025109023239e+02 1.342968598737671982e+03 0.000000000000000000e+00 6.714901231696097927e-02 1.423748221227290287e+02 0.000000000000000000e+00 0.000000000000000000e+00 2.440423993937083367e+02 2.107270224466766678e-02 4.424438938571387894e+02 2.712559479054569920e+02 6.135689479328075322e+02 1.068185885350943067e+02 9.912811761686348291e+02 1.979608707723994598e+01 3.862280074450416123e+02 1.015446073637745826e+03 7.916595027396731439e+02 7.301678250372073080e+02 1.390774297562019797e+02 7.777961614705122884e+02 4.563229616314459349e+02
5.203269689996005098e+01 5.315795356163230281e+02 1.034972429573440422e+03 2.912403187078822786e-02 1.751674862008026423e+02 1.686178697936657329e+02 4.171995529635826756e+02 4.230025153184475695e-01 4.436818681068676540e+01 1.494031918566731292e+03 8.289249833563642369e+02 6.802081181686725486e-01 1.037080190603426599e+00 1.025287695522428749e+03 7.983224734482657681e+00 6.280932427451817013e+00 0.000000000000000000e+00 1.931527946167570349e+02 7.120979501430383607e+02 1.120504264147284630e+03 1.190888930377995365e+02 1.436967140919162830e+03 7.877382166569250330e+02 1.484650007880512931e+03 3.466557377295390818e+00 2.391726762759708720e+02 8.846594215950653961e+02 6.690763934454756168e+01 7.652165385875854264e-01 4.880307528973589797e+02 1.820226025467103455e+02 7.344695344785930047e+02 1.226050505277590446e+03 6.654562733360711491e+02 4.514339597837427220e+01 1.316273674414197785e+03 1.719157572091976505e+00
3.308898339754039739e+02 1.833372047717820363e+00 3.686144583193671451e+02 7.093882152916379482e+02 2.378435153357311265e+02 1.027206501377122123e+02 1.696622617437397480e+02 0.000000000000000000e+00 1.762411746577597341e+03 9.612472312523124174e+02 1.600906535768050615e-02 1.220641254350392273e+03 1.439917337938679566e+03 1.153008461783294649e+02 1.262987262645876851e-01 1.562673769963547272e+02 1.274166729796812206e+03 0.000000000000000000e+00 2.209220617608213786e+02 8.311008173422367236e+02 3.900054601997223358e+01 3.201716031023548794e+02 4.652798732700384221e+02 3.236059921385982534e+02 0.000000000000000000e+00 4.861399514869190170e+02 0.000000000000000000e+00 4.229391289468796344e+02 3.864570663294357722e-01 4.004824388436900335e+02 3.050798034890052577e+02 5.554125364440593557e+02 5.344432068793042845e+02 1.278132164611942017e+02 1.567747368799661672e+03 2.395293551532268168e+02 1.512704334908731880e+02
1.158816918006556079e+03 5.023888762190960620e+02 1.326205623236991471e+02 2.494714781260522614e+02 1.302347860360356380e-01 2.251755679498837992e+01 8.647275579528323988e+02 7.422316490961712816e+02 1.153919476839020263e+03 1.734630198719283811e+01 1.365333385763152137e+03 1.274054898167408396e+02 0.000000000000000000e+00 0.000000000000000000e+00 4.724366525711523650e+02 1.110850811938646920e+01 8.376825889664471561e+02 2.816427504071161252e+02 1.484678542372009588e+03 3.596478276614302558e+02 1.070991473713324467e+03 8.704553032925848299e+01 8.318462782500887442e+02 6.509524876321559077e+02 3.797691013219206866e+02 8.344468817699286092e+02 1.036761097935929229e+03 1.049655994334531641e+02 1.165936238663790391e+03 1.069228661284877035e+03 9.384212601030554879e+00 5.881511477488642186e+02 1.975551775414155316e+02 1.834602174405063835e+01 1.004571378520456619e+02 7.259364478971793915e+02 1.545565123478267111e+01
1.192326872084080378e+03 1.124970061315117675e+02 2.196982965869268867e+02 1.419134688762204277e+00 4.876935026646281131e+02 1.570779024196208411e+03 6.157558750521950897e-01 1.751921450563946214e+00 0.000000000000000000e+00 1.162714424424759954e+03 1.233113873792804895e+02 4.400638863692575597e+01 3.948548511420452201e+02 0.000000000000000000e+00 5.489067034887167438e+02 9.066120379867093959e+00 1.794702633476140363e+02 1.198442255236225947e+03 1.924648412843754386e+02 1.141708151625066193e+03 8.691543746841889018e+00 1.190351802104082282e+02 1.012889440590894197e-01 3.213672879087784509e+02 4.566576793670186021e+02 6.397335301335874647e+02 1.056700097167685954e+03 1.370083325687457716e+02 1.597792596823202075e+03 3.622196276169157869e+01 2.657415833798451104e+02 8.951351915452356707e+02 1.660229066111448219e+03 1.043354389827129580e+01 6.563694298822894098e+02 1.016298029684946528e+03 3.982036185008936968e+02
2.194695202842181345e+02 1.435988885777197965e-01 0.000000000000000000e+00 4.961998061732074348e+02 3.243028796281744803e+02 2.178538478143981294e+01 1.455628607340105191e+03 3.379045936731682787e+02 1.645360332028602386e+02 4.893075102808638194e-02 0.000000000000000000e+00 1.471776621869416317e+02 8.900999755958503101e+02 2.785049202248777647e+02 5.171996923328219964e+02 1.979088386094403518e+02 8.031768138726451411e+01 1.245166435606986113e+02 8.904139789294326590e+01 1.535380955186958317e+03 3.413746796813786233e+00 3.421430255262852143e+02 2.044225846486315668e+00 1.072430234195358700e+01 7.689817226232456449e+00 0.000000000000000000e+00 6.643647949735542397e+02 1.918392433051929800e+02 6.658843892103358257e+02 0.000000000000000000e+00 7.049761072056936655e+02 1.034173047850125386e+03 1.122753773847994685e+00 1.631370716563696078e+03 5.825843442184965397e+02 9.723947090453617648e+01 2.422522128875857277e+02
0.000000000000000000e+00 8.598528325550403224e+02 4.780355883596814692e+02 1.241051536273839417e+02 1.395482178791078013e+03 4.402923759682130367e+02 8.080599849696874060e+00 1.168564564980580826e+03 4.819813402477103637e+02 1.617944834776232099e+01 1.242442896636823207e+03 5.176509607487443532e+01 2.343706573235622272e+02 6.413709080020622650e+02 1.033335796107393890e+03 5.286330734659632924e+01 2.369423376751211094e+02 6.006939785946192387e+02 5.724074545521850723e+02 4.088704741150696691e+02 9.648370937763128268e+02 3.742529362509527573e+02 7.243556893964619121e+02 3.062103022875551233e+02 6.707084693175706889e+02 3.447163018114163151e+02 9.703399370281681513e+01 1.305163043629665026e+03 7.086549120792882128e+00 7.600142736343404977e+02 2.398556284688554285e+02 6.196405137979942523e+00 2.998145601062810783e+02 0.000000000000000000e+00 1.314994747769167915e+00 1.237558960741544354e+02 2.319925641907779834e+02
0.000000000000000000e+00 1.341886628709183242e+03 3.045753868068674919e+01 4.138446895956178651e+02 1.841238900137162204e+02 6.118140550892146621e+02 2.829532071531377824e+02 1.143716547800750277e+03 7.257630407865900679e+02 1.408357013853096760e+03 1.113715645942250916e+02 6.333321780488470267e+02 2.128033879450169650e+02 0.000000000000000000e+00 2.741530689228973472e+01 4.037128948739077146e+02 8.996253797255948825e+01 4.953412043249076078e+02 3.925646620997735567e+02 1.333676559230884493e+02 6.620450712538799110e+01 2.357154608903234987e+02 1.525784631071312702e+01 1.847116125447554964e+02 6.049936683977900742e+00 7.720709098404315851e-02 2.750413769879373831e+02 7.509634276850417223e+01 1.327259221631868741e+03 2.645057796649805226e+01 1.631483654578900996e+03 2.230810299786829489e+02 1.624004600371884408e+03 1.586426242284991304e+03 3.786478762679346346e+02 1.004055227253492717e+02 0.000000000000000000e+00
9.177174699325303209e+02 1.617901512209711512e-01 4.820985917311522257e+02 8.734687318789686117e+01 7.521968009028432789e+02 7.805473159851214149e+00 3.345177163033309853e+02 0.000000000000000000e+00 1.011642091330611947e+03 2.974212030766254067e+00 1.968556032544218404e+00 9.120782224693213038e+02 5.039486076167650026e+02 1.575093499824422167e+02 6.104231516394416985e+02 5.853601668403813392e+02 1.070974146745135869e+01 4.687274806731735453e+02 1.147347613591941951e+01 4.730575690388962471e+02 3.859559515775359841e+02 0.000000000000000000e+00 2.992971782466683450e+01 1.373989548403669048e-01 3.855499362409878472e+01 8.330917270204595582e+01 1.308866092265204315e+03 9.774372619900738357e+01 5.457526646587953110e+02 2.529282977444417213e+02 0.000000000000000000e+00 9.048185438300648684e+02 9.816186466549918350e+02 0.000000000000000000e+00 0.000000000000000000e+00 8.153057826836372897e+02 4.131351854178686267e+02
2.917909001485462568e+02 2.833420527120922294e+00 1.383012058548451478e+03 1.489055288308198897e+02 1.137762376656420997e+02 2.639887726032408750e+02 2.674140222389081334e+00 7.654571494215298344e+02 0.000000000000000000e+00 2.797994765217723625e+02 2.136263737604724042e+02 8.512968195095965029e+00 8.717108952759076601e+02 1.221040250417604966e+03 8.718992925627213708e+02 1.225688272463279205e+01 1.538419015145478568e+02 6.398840723435436075e+02 8.019479794314892160e+02 3.582050870089207706e+02 4.581800493993305281e+02 5.263746892574390586e+02 1.065411395867228919e+02 1.124162007038016782e+02 8.242467165931037698e+02 1.146288227763640634e+03 5.840181647408826393e+02 2.995754516769989664e+02 6.105094778544010170e-01 2.754941309347623246e+02 1.488681120202195871e+03 3.878839575856020616e+01 4.735080997762852348e+02 4.798202670749265621e+02 1.501611320330508761e+02 7.712734583186730788e+02 2.496525044202763581e+02
5.050205269700297483e-01 6.248939773853198858e+02 4.647683747133847909e+00 3.271940211222614039e+02 3.925698101993535829e+02 6.076079591092676537e+02 2.219514735974773600e+02 0.000000000000000000e+00 2.922799662729654528e+02 8.152058169956623033e+02 5.340406392834863709e+02 1.640184231879290564e+03 5.262156010951545682e+01 6.551082716873014533e+02 4.811286010077503050e+01 5.284490979661672583e+00 3.573574191745385065e+02 1.128102546136603621e+02 1.023276868363281324e+03 3.171975807698512995e+02 6.518071498992680901e+00 5.638980568389634982e+02 7.809245048978200998e+01 3.019522093682101058e+02 8.416798580894571842e+02 0.000000000000000000e+00 3.933977376033927840e+02 3.864220389243179739e+02 1.236178131759803733e+02 4.433682903594057052e+02 1.000540437732470309e+03 1.315047285553369960e+01 1.558402021036221186e+02 1.110954719097415136e+03 4.381825740819431303e+02 4.613946275938180719e+01 3.327975043386558127e+02
2.455724672812820231e+01 2.833996432242173000e+02 1.784974549116117748e+00 5.912118121260640464e+02 0.000000000000000000e+00 5.920574974905903218e+02 2.490900531237092821e+02 2.600488434761663257e+02 4.398519962764324873e+02 2.959084195090584402e+01 9.793344161493099591e+02 1.215191665629133922e+03 6.449168521172525743e+02 0.000000000000000000e+00 3.192169177786039214e+01 5.028574168451208948e+02 9.486917931364078527e+01 4.974350917124153284e+02 1.301228944790847777e+02 6.744612799008143922e-01 3.621859987951028188e+02 2.181414193925762675e+02 4.507682445596935139e+01 6.349586373111956163e+02 1.119598796905236668e+03 7.900111971113052505e+02 1.158348063473560842e+03 4.990522813461261649e+02 5.953682033100626541e+02 1.264792802451404441e+03 3.590060582244756802e+02 8.654996380157830060e+01 1.403953240813702223e+03 8.278489779604882415e+00 3.603189484469240824e+02 4.490170712746182176e+02 4.311961971701002767e+02
