output/example_1/lateral_incision_000087.asc
nrows	75
cellsize	13.33333333
xllcorner	0
ncols	75
yllcorner	0
NODATA_value	-9999
[rows 17 to 33 of 75, columns 0 to 36 of 75]
0.000000000000000000e+00 2.135840495936340346e+02 1.590131542182353712e+02 3.463605898864975075e+01 1.075589678051214193e+01 1.056842081473517055e+03 3.839259028859027580e+02 2.883302321833150472e+02 8.090833235356785735e+02 1.556381578436108803e+00 6.474120582343817887e+02 1.257500343132501484e+03 1.509804035092593267e+03 2.292293827245593940e-01 7.072890178321306394e+02 3.848165451966931272e+01 8.391355849068106636e+02 0.000000000000000000e+00 0.000000000000000000e+00 5.103766803616989591e+02 4.444859308470334440e+02 2.579186172700871111e+02 4.001394966546404248e+02 3.256041717024655782e+02 9.555643487488023879e+01 3.602129218603923277e+01 5.775991806812061924e+01 1.012055891662850229e+02 2.641550016169004493e+02 1.147650395596028829e+03 1.304302465001639488e+00 1.197025445864057019e+03 9.689216511484631837e+02 7.190154065301834407e+01 1.267852924013574466e+03 3.133726223097267338e-01 2.723647987601508476e+02
0.000000000000000000e+00 1.077858233458229265e+01 5.689728910470253140e+02 1.293490942183737161e+03 9.176887270250158508e+02 9.939147571176500833e+02 1.641859842686382990e+03 1.233836460131900914e+01 7.094143443144532739e+02 4.111336295729071821e+01 1.144070388217333857e+03 0.000000000000000000e+00 5.714742274355388645e+02 3.050025049470665977e+02 3.058218720876592656e+01 2.533584700245242516e+01 9.562897958390914255e+02 2.329156828971117193e+03 2.889673925180674274e+01 6.901076637674432277e+02 1.932038839978633860e+02 7.280842374240564823e+02 9.822666379435053159e+02 2.114452506145925099e+02 4.832702052873007581e+00 3.467344393398864213e+02 2.947889526910223026e+02 1.572850939926042599e+02 1.584658419820441289e+01 1.323509954662233667e+02 4.193706278945444978e+02 0.000000000000000000e+00 2.671888303224935726e+02 5.439604931502695528e+00 0.000000000000000000e+00 0.000000000000000000e+00 2.815856697932600810e+02
0.000000000000000000e+00 2.348194461526599355e+02 6.569332061377772334e+02 5.110397827699768527e+02 9.658927894200724040e+02 1.113506294434655501e+02 3.005815869370719042e+02 4.023338292589740406e-01 9.139446331199983433e+02 1.140728076539207450e+03 1.180733220108819751e+03 1.182874895762367260e+03 2.516254289441794185e+02 1.617803539811916664e+02 1.529009934077938169e+03 1.339626845573697665e+03 2.003392368267046253e-01 9.819847686019156754e+02 0.000000000000000000e+00 1.012798250631046315e+01 1.002177973194370821e+02 2.161176670064137113e+02 1.446156250314364513e+02 1.499379757916190556e+03 9.561536456716926295e+02 1.335696773868408627e+03 8.102659139328669653e+02 2.353639053909851100e+02 2.762607895603060797e+02 1.965360636220420929e+02 4.699080735907958228e+02 4.361294667035716657e+02 6.217650957922779753e+02 6.517422216115759284e+02 3.481896340202979445e+02 5.562687067249087569e+00 1.672627163877029943e+01
0.000000000000000000e+00 1.475316723051257441e+03 3.175911027425760480e+00 4.199942690556071625e+02 1.473454930401864544e+02 1.635493505966790281e+03 9.802524410952612470e+02 5.478718184428140771e-03 3.316996409710205285e+02 1.066558096022430618e+03 5.695084154507853782e+02 2.077678727051731045e+01 2.802643252539375324e-02 1.564319242013802750e+03 0.000000000000000000e+00 1.595132292335109241e+03 7.410273824866628729e+02 0.000000000000000000e+00 1.288981362291332971e+03 1.317169619549438949e+03 8.610573391857855086e+02 1.267291933654400964e+03 1.529876371241865854e+03 4.444601320958871327e+01 2.703345221603248660e+02 3.912771917158746646e+02 3.278135583730070834e+02 6.962223291185173935e+01 4.000385251472586674e+02 4.298537687820385713e+02 8.858883491702304980e+01 7.633902086102771136e+02 1.066081929110848137e+01 1.976735689251487713e+02 7.141761368448945859e+02 2.283074756180938802e+00 1.320644619470575947e+02
0.000000000000000000e+00 4.007812060210041438e-01 2.003354843313774225e+01 1.181484923998771031e+01 1.368396860679022211e+02 1.606305148815407847e+03 1.429747218520413753e+03 8.465443135517233486e+00 6.635869673894542302e+02 6.763497581831285288e+02 1.885460255588790233e+02 7.382307053434504951e+02 7.045429297714161976e+01 9.647342050019680073e+02 3.772846119527238216e+02 1.146898124361530336e+03 0.000000000000000000e+00 5.302954816640402669e+02 2.420164825067609105e+00 0.000000000000000000e+00 1.529304173203065353e+01 4.581558481524522790e+02 6.741680904128711518e+02 6.241994292902944608e+02 7.402889454826255644e+01 5.399572060924819006e+00 5.147069629754337257e+02 3.228617549710272527e+01 1.356136864583364513e+03 3.862098163595381948e+02 0.000000000000000000e+00 5.277001599280299615e+02 1.246151386743333234e+02 3.453353133412684883e+02 1.275313935211947410e+03 1.007311104061880201e+03 4.037556347780882220e+02
0.000000000000000000e+00 6.733933607195420734e+01 1.585748035813378237e+03 5.347742228001012563e+02 1.533687780566232277e+03 3.495493580795155708e+01 1.591496973365525669e+01 2.087069025430099884e+02 8.118193317696138820e+02 9.918138206923836719e+01 8.934619286107857761e+01 9.411604143602556860e+02 7.412872116054075811e+00 1.026495351464343003e+03 8.983479043012536067e+02 1.114706807160299462e+00 1.278610804049366607e+03 0.000000000000000000e+00 3.338564800875402625e+02 0.000000000000000000e+00 8.078532647762831687e+01 1.609544886533533088e+02 9.704639319614477699e+02 1.410092966658395912e-06 5.981905847344679117e+00 5.253386253925140359e+00 1.175868111979079060e+02 9.538479604775973257e+02 1.181984574687715650e+01 1.687957205800876750e+02 0.000000000000000000e+00 4.512420923840871865e+02 5.905723572723500183e+02 7.140185875786414726e+01 4.538919227285163629e+02 0.000000000000000000e+00 1.097269918927808732e+02
0.000000000000000000e+00 6.607349844951586419e+02 1.140854552350489712e+03 1.213956259644313832e+03 1.493468236827977762e+02 1.614921028582216650e+03 1.012180847304709459e+03 9.043501002355247564e+00 8.126222540493083457e+00 2.675353614200815924e-05 8.154039362519407419e+00 1.060776730653623190e+03 9.309531074303066589e+02 6.230530568018096460e+01 2.016879024612279068e+02 2.039015240088810685e+02 4.509481625697241611e+02 3.389634551190202387e+02 6.174906723942999065e+01 9.271755362398805289e+01 1.617241896184030168e+02 1.289004368247861066e+03 6.269118170434313697e+02 3.857621173573608075e+02 1.801908047361352772e+02 4.585834296906116379e+02 2.099404736664534710e+02 3.874611162573795582e+02 1.546502504125101609e+02 1.080940088666549627e+03 1.319257730768144256e+03 0.000000000000000000e+00 7.552094243573805876e+00 1.216930116940765458e+02 3.147999192420057852e+02 6.081436983343782003e+02 1.103062806659650278e+03
0.000000000000000000e+00 9.914589626798791642e+02 1.808227718144576670e+02 1.444854609118783856e+03 7.891130471482289295e+02 0.000000000000000000e+00 6.085370221369391857e+02 3.403588744737447058e+01 2.619149005795918583e+00 0.000000000000000000e+00 0.000000000000000000e+00 4.585068165442059467e+02 8.846108289523105839e+01 1.019770567838824782e+01 8.343836506867863818e+02 8.863895863861802127e+01 3.630941122633320788e+02 8.824931324171718927e+01 6.391388993824022009e+02 7.200793515012532398e-01 2.238631482102752557e+02 1.023015216258482667e+02 1.187754780762686408e+02 1.792937298945237501e+01 1.185991820961608738e+02 5.330266742445598993e+01 3.984378701728935113e+01 1.132817201004250585e+01 6.543660200617681388e-01 8.513312125195265025e+02 8.289909276976251249e+02 2.308047299167709809e+02 1.159777163730475422e+03 3.936449765178333848e+01 9.214977516254147076e+02 1.454942640209688989e+03 8.765898133813352615e+02
0.000000000000000000e+00 0.000000000000000000e+00 3.845761923549601224e+00 2.633328692782873048e+01 3.902730358592081394e-01 0.000000000000000000e+00 4.297386881876798410e-05 2.595425376773641233e+02 1.804137574320907049e+02 1.997301271341599183e+00 2.534738549915601524e+01 7.622026549442774801e+00 1.015969788754068531e+03 1.315448141237315554e+02 1.020821846769641979e+03 8.657819562941638196e+02 3.638254336001381262e+01 8.279611697879078065e+02 5.878883333768748116e+02 6.919367901343922540e+02 3.452810031309756766e+01 1.214944282846471879e+03 7.045434440877448878e+02 1.601501875393135606e+03 5.668944317588225204e+02 2.117954030612375220e+02 2.739684795252119329e+02 5.287931856739058958e+02 8.893609464824525048e+02 1.632152507115349636e+02 2.169707776489622404e+02 6.184633243473731454e+02 2.470739193866837979e+02 2.496238316029542545e+02 4.365838809415036081e+01 3.712794634030809249e+01 0.000000000000000000e+00
0.000000000000000000e+00 8.529020585183149024e+02 1.725654272684085413e+02 1.130468204873574223e+03 1.129650039828875379e+02 9.383984244245202717e+02 0.000000000000000000e+00 7.465921103212446042e+02 9.514648745479507852e+02 6.967254647605362727e+00 5.150938284393662059e+01 0.000000000000000000e+00 4.161825041588183467e+02 9.853685667250836389e+00 1.452854066923371192e+03 1.092891977638670824e+03 7.598566883515442214e+02 1.531528508586504245e+02 9.717096257491817823e+02 0.000000000000000000e+00 1.401906048318106741e+03 1.231389754398137029e+03 1.333821070262079047e+02 1.744308111416441420e+01 1.063610876506931469e+01 2.573265155026630850e+02 6.363613108146523700e+02 2.530076719866805135e+01 6.727944940986593565e+02 1.783099912691876909e+02 7.948592962249597349e+02 2.969336421791073932e-01 1.173955754414015118e+00 7.476223678059086524e+02 4.211424909050364107e+01 1.570299666683331907e+03 7.675105035885966345e+02
0.000000000000000000e+00 3.967431862331580295e+00 1.555771772857337965e+01 1.633371534354529331e+01 1.035310881526588673e+03 4.415419444899770838e+02 1.847267319057787290e+03 3.118014673449296197e+02 1.785873411851503931e+02 1.616173710367713511e+03 1.048936778485453033e+03 4.426411637589536667e+02 8.053263073747208409e+02 4.957157401366554836e+02 1.360883017587455583e+02 2.032632903403246303e+02 4.720377598520529432e+02 7.235799506138430388e+02 2.565887276892845534e+02 1.035050670719665050e+03 5.691683796316180377e+01 3.868934836170213316e+02 2.293062821404842282e+02 3.648258524565790140e+01 2.904355096632503519e-02 4.158021900633507784e+01 3.111479839207276541e+02 0.000000000000000000e+00 9.067650006726204310e+02 3.376908802854515557e+01 1.166605329163971305e+02 1.046038924430543830e+03 1.606581016999522049e+01 1.055674845131013853e+03 1.440376262777928559e+03 4.546446347271960775e+01 5.692395288618791938e+02
0.000000000000000000e+00 0.000000000000000000e+00 9.932538046590608474e+02 6.731862798010906772e+02 7.535432244386330467e+02 2.713570231109497399e+01 1.517484699607691027e+03 3.141873970176726516e+02 0.000000000000000000e+00 5.227337109890624589e+01 1.330595732205147783e+02 1.113147941472468290e+02 1.922803774316416181e+01 6.363172206379972522e+02 1.796692758127590439e-01 4.860455516149655986e-01 4.038175909675717890e+02 6.240067662800437347e+02 2.725241315122688235e+01 3.700128129118780862e+02 7.067292357299429568e+02 2.823987763752003843e+02 2.697729993928163026e+02 1.514454259777376571e-09 3.065649625847506741e+02 8.137897173686765484e+01 5.959563569616359580e+00 3.424494039904341314e+00 4.166186834317363150e+02 2.077182762922155490e+01 1.535173299007458581e+03 6.921916616242662030e+02 6.952563177342215113e+02 1.155766684645287228e+02 9.619424831962743172e-03 6.206864558140970303e+02 5.219640951793099504e+01
0.000000000000000000e+00 6.183140757445493136e+02 1.107662975518405574e+03 1.788514062882227407e+01 2.374985401118425266e+00 9.192201641843253412e+01 1.260458275593922792e+02 1.576457486988458413e+03 0.000000000000000000e+00 1.250066487638670196e+03 2.570883733787606218e+01 8.669112840911159310e+02 8.021620236945822171e+02 3.955526223099795402e+02 2.472038119658726441e+00 9.487629527986358369e+01 1.056424836760285313e+00 1.362296111531241571e+01 3.722314754653535260e+02 3.634649732327271288e+00 2.672389289904118073e+02 2.685899413227235755e+02 0.000000000000000000e+00 1.629054750938703586e-04 2.365193129120728849e-02 4.198933696379946809e+02 2.293422351562597328e+02 0.000000000000000000e+00 1.198290385031456026e+03 2.526330337733870124e+01 2.792778458993606705e+01 0.000000000000000000e+00 3.751210009924748761e+02 1.354307807693700397e+03 6.367549805939112275e+02 7.824384727841560334e+02 7.676274764195569560e+02
0.000000000000000000e+00 9.648661068217518277e+01 9.145359030974786663e+01 4.615902477487671263e+02 1.591746037660347611e+03 1.925189759070652826e+02 1.002518336528453062e+02 1.272251011794060332e+03 1.632268937164791396e+03 1.429670738905452708e+03 4.284746911693605220e+00 0.000000000000000000e+00 2.610759689811112394e-02 1.488886324925627232e-03 0.000000000000000000e+00 5.649780255503132186e-04 0.000000000000000000e+00 0.000000000000000000e+00 1.250150584162714864e+02 8.393000250932003414e-01 9.646668536701080257e+02 3.466510698791541029e-02 1.118631267980096027e+03 1.428967934089264355e-02 2.980678985093902611e+02 7.169368727960966226e+02 9.295148310283675528e+02 7.887695549349394923e+02 1.928785157548136340e+02 3.841656851005286200e+01 7.857002958507176800e+02 7.249786902211626511e+02 2.294688242037924795e+02 6.697106593161308297e+01 0.000000000000000000e+00 8.142908249514982799e+01 0.000000000000000000e+00
0.000000000000000000e+00 6.109287534289286441e+02 1.215493772807107916e+03 0.000000000000000000e+00 7.564556947555063289e+02 0.000000000000000000e+00 5.224576583095443993e+02 6.214575119782375623e+01 2.170102427694493485e+02 4.872467261156489537e-01 9.334935516096021502e+02 4.828023764492479775e-02 3.535866277554279691e+02 7.039389750379232282e+02 2.445142929228539597e+00 6.729484812821326725e-04 4.796568585448429012e+00 0.000000000000000000e+00 2.930554180189706148e+00 3.335364367432143951e+01 9.433881747929905259e+02 3.099498793323850165e+01 7.634943689352091667e+01 6.337855125612721849e+02 3.683842464730631150e+02 1.128763818896499060e+02 2.395374524899453572e+00 1.181556325284808054e+03 5.937496162718888826e+01 1.495127533037999456e+03 1.251544010698897864e+03 1.868336756469541271e+01 2.989120427056943363e+00 5.451646080307089903e+01 1.061222183121510170e+03 4.015985659631058979e+02 5.939002692030725257e+02
0.000000000000000000e+00 2.629418556566199072e+01 5.460327814409561553e-03 6.016202822665663064e+01 2.166131475070123713e+01 7.184490167885307983e+02 4.566183237590717567e+02 7.021944798532306908e-01 2.255129400265589723e+01 1.038374846454905907e+02 0.000000000000000000e+00 4.084283643340852450e+02 1.055263913302188030e+03 4.089870813311471665e+01 2.442624421216525121e+00 0.000000000000000000e+00 1.909930019859622874e+01 1.790150383600045529e+02 2.563568352390998939e+01 3.655824695901302448e+02 3.825966030405982679e+02 0.000000000000000000e+00 1.634609756282537489e+02 1.264760896697685666e+03 1.491185885238131050e+03 4.566562939799874812e+02 8.849122030330341886e+02 3.163395236485923192e+02 1.650596083436127515e+02 1.494110360337018165e+03 2.014118383218130415e+00 3.884912188298459910e+02 0.000000000000000000e+00 0.000000000000000000e+00 6.144304044805069225e+02 0.000000000000000000e+00 0.000000000000000000e+00
0.000000000000000000e+00 1.401705338968541881e+00 1.094315946841921405e-02 2.501035103107051571e-01 1.350212226375192004e-01 0.000000000000000000e+00 1.089332784597507271e+03 1.474392031544537076e+02 2.043620421039421231e+01 1.026779223902431823e+02 7.767023428617835634e+02 4.245942233361968192e+02 0.000000000000000000e+00 9.472415392779348622e+02 7.420903535916609144e+02 4.494250432471919687e+00 2.889157467330911686e+02 1.464243047251991811e+03 1.593085217871080204e+02 5.483807464366931583e+01 4.038388829629101338e+02 3.306730365547763881e+02 2.830465725649355591e+02 4.982308654322700363e+02 4.496514078889126154e+02 5.893850551047312365e+02 1.560544765904543141e+01 7.668953158269081882e+01 2.875754787054505357e+01 1.558557803457424825e+03 0.000000000000000000e+00 6.617214515912058914e+02 5.838375680427882344e+02 0.000000000000000000e+00 1.687789809810099939e+02 5.150732899018267474e+00 6.269552096435665334e+01
