output/example_1/lateral_incision_000140.asc
nrows	75
cellsize	13.33333333
xllcorner	0
ncols	75
yllcorner	0
NODATA_value	-9999
[rows 34 to 50 of 75, columns 37 to 73 of 75]
6.555988580068278893e+00 0.000000000000000000e+00 4.685821208938629070e+02 7.705206514172647791e-01 1.515035590512511874e+02 0.000000000000000000e+00 3.677887164874901060e+01 2.104519588705472586e+02 1.913831087641777685e+03 6.922296327060892054e+02 1.217958703572481340e+02 4.831115847843167899e+01 1.487088540084762087e+02 2.827215984142083585e+02 2.038792655388728292e+02 0.000000000000000000e+00 7.064346708238614383e+02 2.537416426821220909e+02 4.484939761505898446e+02 5.199151373781983239e+02 6.685097111395884362e+00 1.505202774137105962e+03 1.094590456828930058e+01 4.642221399356303664e+02 7.049373759852250032e+02 1.451702757263127523e+02 3.610807596973911959e+00 0.000000000000000000e+00 9.115523776768798143e+02 1.157527281903813616e+02 1.156624559978025957e+02 9.964688990059894422e+02 3.421065620445566537e+02 5.111327480284282387e+01 1.163482317662532978e+03 1.354846572958801403e+02 7.527845440942880373e+01
4.612484883776679112e+02 6.915117983406965152e+01 1.326921179253090941e+03 1.243322714508876459e+01 6.849520858451910499e+01 2.920793372902589340e+02 6.446578635080540209e+01 5.463527383595697273e+01 0.000000000000000000e+00 1.268485808620189800e+03 6.361091029328227933e+02 7.613549963359026833e+02 1.494522872392201274e+00 1.088315595813209029e+03 1.333780885442278077e+03 3.654726389669940545e+02 1.861637767131566648e+02 3.215912859109009219e+02 2.202188746120185954e+02 1.170548852139973235e+02 0.000000000000000000e+00 0.000000000000000000e+00 1.263066257222584738e+02 5.795053607396919233e+02 3.902420344777263495e+02 1.019587827160946070e+01 1.500817988077587188e+03 6.024577835967091914e+02 5.366405976237953901e+00 2.443646700883877187e+01 1.912605337595812971e+00 7.274904154724634964e+02 1.135328970549573171e+02 1.360062597097544995e+03 5.282062176752789355e+02 1.166455280152105843e+03 4.069506869929129245e-01
6.317850811855879556e+02 2.709461425459028305e+01 1.523460327606209376e+03 5.414014624258193180e+02 3.148897209741478687e+00 4.075040647630780555e+00 9.638606069406951349e+01 6.654077431796409883e+02 2.368723457143933615e+02 1.941179030035747246e+02 1.233883718773827468e+03 1.974697132468505060e+03 2.867275160189923326e+02 2.622787925401617315e+01 5.402690254169848458e+02 1.694377946496734921e+01 1.665957424232846984e+00 3.417737546866197018e+00 0.000000000000000000e+00 5.758865674614260115e+02 8.397941317743523371e+00 1.669278966421980385e+03 3.312624748740906284e+02 1.180364242375551612e+03 1.899951792441096465e+00 1.203163924869710542e+02 1.677493815374047017e+02 8.780608447804924310e+01 1.060114314513400871e+02 1.622778993049211920e+02 1.701438604552081188e+03 1.659287738661048728e+00 7.693919990186258246e+02 1.965310125822710688e+03 6.393108483697817235e+01 1.490777372739183022e+02 3.815155549709085108e+02
1.518728767714873413e+02 5.990087819508517697e+01 9.155097415259395177e+01 1.486937536720314768e+02 9.551010834034960340e+01 1.083886728720871588e+03 4.558522592060343825e+00 2.147655740649291545e+01 3.303765608379465135e+01 2.098023474843980409e+02 7.673536893166726713e+02 1.773498277519786086e+02 8.532457679252194112e+02 1.438563671449985804e+03 7.664520765293494264e+01 1.655308919427946421e+03 1.836368908076726939e+03 1.029812720795355290e+02 1.891177233665722568e+01 3.024444393802162523e+01 3.722138745541547777e-02 4.275020511669470125e+01 1.410505584828807287e+03 2.198111454989446756e+01 1.230694693706018597e+03 1.687988051416364897e+03 6.320922570560106806e+02 2.159685952183736788e+02 0.000000000000000000e+00 3.370376981608099527e+02 6.335694502241884720e+02 6.342382680874546708e+00 4.231380152594076627e+00 2.969677428373057637e+02 1.840341895761163471e+02 6.454259449413444827e+02 1.303770512919635109e+02
9.374502292618568617e+02 2.752006407316185914e+02 3.830607498101520036e+02 7.180820635320978909e+02 5.926603926472641781e+00 8.815291089910278970e+02 4.094181697054279425e+02 9.243568509676844513e+00 8.139376719279590633e-06 5.494081982427379671e+02 0.000000000000000000e+00 1.123232007771546108e+02 1.788164140190828277e+02 1.118824257133190940e+03 1.893346418738811963e+02 4.329848436962767977e+01 8.614055402253139846e+02 1.345503485631520107e+03 8.277267908960803311e+01 6.077640988623934648e-01 1.387836020547915041e+03 1.164979787419263069e+01 1.040192419555916786e+03 0.000000000000000000e+00 1.216083874441527314e+03 4.042054764766035646e+00 6.564807880951109382e+02 3.657972831321624341e+01 1.543186720530783589e+02 0.000000000000000000e+00 0.000000000000000000e+00 4.856149620356529795e+02 6.465507848551509369e+02 1.071612101332502107e+03 6.248221565423805259e+02 4.576490448714244508e+02 3.743092760352283221e+01
7.922469927781395427e+02 0.000000000000000000e+00 1.149738783372040842e+02 1.313976461686145967e+03 0.000000000000000000e+00 2.569705778033535921e+02 1.120583389116776800e+02 0.000000000000000000e+00 7.563021605143268289e+02 6.508973055931752683e-01 3.075235253715785575e+02 2.759802012101119999e+02 9.297891126142104667e+01 1.978162049422977145e-02 1.251129447763601775e+03 6.779552474911358786e+02 1.995926441370581284e+00 1.330189306067928328e+03 0.000000000000000000e+00 0.000000000000000000e+00 4.912990030576914933e+02 5.654633133717430837e+01 0.000000000000000000e+00 7.182351109682439301e+02 1.266173387134889197e+02 0.000000000000000000e+00 1.623126171995519784e-01 9.428551282556685464e+01 4.539360755635573810e+02 1.592861845148628674e+02 0.000000000000000000e+00 8.241224365195138901e+00 0.000000000000000000e+00 0.000000000000000000e+00 1.453442780116390850e+03 6.931972745383195900e+01 1.759428720044133172e+02
6.877794706330416830e+01 1.213351941591222385e+03 1.473631639114205200e+03 0.000000000000000000e+00 1.284229669104936193e+03 5.335796688703672999e+02 3.373949444490601763e+02 3.974177542008589512e+02 0.000000000000000000e+00 5.577544227381359860e+02 1.107822876369496953e+03 9.235379096235897123e+01 1.090424756801330659e+02 8.252927878971345876e+01 2.032716700129114145e+02 1.377443845959675627e+03 6.100490654569444560e-02 8.174191827913828945e+01 2.004185016389045337e+00 3.503799699500256679e+02 6.188664955330415296e+01 2.412434468530936016e+00 1.709380094666776699e+02 1.067867329472986057e+03 1.166757228842386212e+03 2.346683807302980540e+01 1.090546671078374175e+03 8.686410421076709554e+01 3.783408101368002008e+02 9.500422599415429659e+00 5.036076747260957518e+02 1.188537900535775407e+03 0.000000000000000000e+00 1.983463865656391079e+02 1.175846572736752416e+00 2.343708263192521315e+02 5.811170987777202299e+02
3.173498582139400810e+02 4.477346807081323163e+02 1.009092376491783625e+03 2.731882657050392140e+02 3.607445761145825713e+02 0.000000000000000000e+00 5.091144151557190156e+01 1.211186009505172523e+00 6.658846934806056197e+02 3.257652917078058818e-01 1.069719427954842983e+00 1.551557577106234431e+00 0.000000000000000000e+00 0.000000000000000000e+00 3.233708590007411203e+02 2.355302674211590741e+01 1.191988021455244734e+03 6.737336980479582405e-01 1.085618683591802210e+03 2.191904137596936266e+02 6.916330242803320516e+02 4.365916815429280007e+00 5.567797001045851175e+02 0.000000000000000000e+00 1.244987669530703833e+00 4.429419530421433819e+02 3.600300217022041807e+02 1.023649810815079718e+03 5.171001151085080210e+02 3.252848298290813887e+02 6.569265659776841630e+02 1.226350705160620919e+03 5.429837696411492942e+01 1.316432654013177626e+03 1.381626425178570344e+03 2.320355462925247707e+02 1.749188782425904378e+02
1.983404671109063599e+02 1.133504703181651934e+02 8.075415693757797726e+02 5.327743548799287510e+02 2.844807411926989360e+01 8.523874251262917596e+02 1.088662422941663408e+03 1.452532023765459179e+01 1.924316908593215771e+02 2.493616379527309412e+00 2.815046811237875204e+02 3.497614452526529027e-01 6.798506478377257167e+01 8.351983512023563208e+02 4.648158233609244121e+02 4.678054877154921201e+02 2.995110407774265937e+01 6.218265726461132772e+02 1.974748257331193635e-01 1.683780405931358928e+03 2.945504881028481492e+01 1.129611839710090862e+03 2.306093319685997358e+03 3.058260898926388336e+02 7.102034449525242508e+02 4.734009540178039543e+01 7.888770176708777626e+02 3.883392383429505799e+02 5.139608848025725365e+02 2.055525949671341479e+01 7.882328489430219520e-02 4.804018824557453371e+01 1.795130190175673235e+01 1.057370790137949371e+03 2.679106502726331200e+02 4.193184923483228772e+02 6.980934206577511514e-01
3.536508037088091072e+01 1.232500492600371018e+02 1.571878272860134757e+03 7.355160325259981846e+02 1.996481128499733160e+01 0.000000000000000000e+00 1.464975070090993768e+03 1.726263618813959511e+00 3.054300944531375421e+02 2.860321849293806622e+02 1.199819372603029251e+03 3.350920074492473333e+01 5.176845451635682593e+01 7.986889705730412237e-01 4.656071395140409663e+02 1.916866279675623064e+00 5.233904034488398338e+02 2.082897231925113601e+02 6.195292091814807236e+02 0.000000000000000000e+00 4.759120123945199055e+01 1.555062055230757551e+03 0.000000000000000000e+00 1.959006170134599643e+02 7.239244565785696750e+02 5.133713489416701350e+02 3.779169131022904793e+01 3.791873147964479074e+01 6.735086793144051853e+01 5.316974585092966663e+02 8.166494340597543200e-01 1.499934619369181803e+02 1.154173409083826698e+02 5.971312284690172278e-01 1.734201617919203287e+01 4.769349433992374543e+01 0.000000000000000000e+00
9.093244795168665178e+02 1.840844066204229179e+01 7.860610248309090942e+00 3.688341348122206043e+00 2.112680343931557161e+02 1.033204263551558370e+03 1.092237689365783808e+03 0.000000000000000000e+00 5.896230598464842387e+02 3.288261895624053750e+02 1.536582912679419266e+01 5.488817940149918684e+01 8.209567294812231921e+02 3.589043215156760311e+02 0.000000000000000000e+00 1.942823185632100547e+02 2.446827726471643700e+02 0.000000000000000000e+00 8.237623649609253107e+02 1.611117429305839366e+01 0.000000000000000000e+00 7.757798843716353865e+00 1.444640526355518375e+02 8.437240481180191409e+02 1.230763347220208992e+01 2.114858460348594633e+02 6.398498061444321365e+02 1.061832393725860356e+03 8.038937475030352289e+02 1.790565662484614151e+01 3.665225108911930363e+01 1.595976196568058558e-01 4.442201901104008144e+00 8.263309060472573409e-01 6.282173535126621466e+00 8.580956919324987666e+02 0.000000000000000000e+00
2.671317155650023665e+02 1.570165170636547828e+03 7.866065786315496098e+02 7.602788542783589492e+02 5.944406301516177438e-01 7.357842881687500949e+02 2.518573259247278706e-01 1.433210884409620856e-01 9.004652386994889639e+02 1.086901266219960576e+02 3.411164809202553556e+02 0.000000000000000000e+00 0.000000000000000000e+00 4.307057686087561024e+02 3.607243198910179558e+02 4.001414833691213646e-01 8.263758962901082441e+02 1.044149064451922186e+03 0.000000000000000000e+00 2.650437303326200436e+02 3.485828073712133914e+02 5.182238937534555134e+02 1.311633624042526947e+02 7.732335466555368839e+02 8.654129103980591253e+02 2.278262337447318941e+02 6.201553462423070187e+02 6.506925685363607954e+02 1.493120486705425076e+00 8.954659704038544987e+02 8.576764171026953321e+00 0.000000000000000000e+00 1.750484570912657603e+02 2.505039575249514883e+02 2.120612414114257547e+02 2.823907271604761036e+02 3.690949522893690755e+02
1.322293070971258658e+03 0.000000000000000000e+00 7.075876451622578998e+02 1.062821757810860845e+03 1.208378091087116957e+01 5.295330362589060087e+02 5.919964283524405124e-02 2.108658677101874162e+02 0.000000000000000000e+00 6.521723228741050207e+02 8.323051245035870807e+02 2.223388412421435234e+01 1.025053157714127565e+03 2.966891754266819135e+02 1.442508103009953357e+00 2.756059793510890472e+02 1.926303178821108304e+02 1.703772184856859084e+01 3.149223795473191672e+02 1.342595577122155419e+03 9.880664680606197692e+01 4.615855055377651865e+02 1.280170024339900237e+03 4.893377690899041177e+00 1.476431020651924939e+02 8.071223103627129092e+01 1.572223070209197715e+02 2.222693147845855606e+02 5.409442690609995275e+00 7.546073757794513313e+02 4.194765621913781501e+02 2.129338043965310874e+02 4.886319032737650332e+02 8.663305591835205632e+02 2.731409800789466544e+02 2.452435614276943454e+02 3.439504555845797995e+02
0.000000000000000000e+00 8.687847073366350514e+02 1.227113874546465240e+03 1.021752632798268792e+03 0.000000000000000000e+00 1.459332612622085207e+03 3.127539261100873205e+02 2.989242582838338080e+01 3.038216962539709698e+01 1.889147133176217608e+02 1.459521704596324525e+03 8.193174109226213204e+02 6.946264630226951731e+00 9.505075431076968471e+02 8.589518492755582884e+02 1.154905355608905779e+02 2.707343679848093032e+01 3.326328775677995964e+02 2.022612288330598176e+02 6.561682330076517644e+01 9.724521318617501038e+02 1.124206214768912275e+02 4.305075116286652133e+02 6.994846318036338744e+02 9.868048486605982816e+02 7.357156005530514449e+02 3.398855661360475438e+02 1.142126002811478287e+02 2.288766997635881317e+00 2.866502180437153697e+02 1.101820207615367053e+02 4.800429369271305369e+00 1.814394109713541070e+02 5.633509655012838948e+02 4.561797648016525955e+02 2.385350257324142547e+02 1.010985473044681612e+03
2.161083535772393982e-01 2.576336574656905896e+02 7.660627085333835566e+02 0.000000000000000000e+00 1.013803378382162919e+03 1.078516788839634444e+02 1.479028023963110172e+03 1.882120593947629317e+00 1.273613346499606223e+03 3.243646278842717834e+02 2.055143952536616609e+02 1.992038059763989111e+02 1.306379397552901480e+02 0.000000000000000000e+00 5.750065762168786705e+02 0.000000000000000000e+00 1.469366726519968779e+03 9.289300641027668917e+02 1.979828819773745607e+01 4.899167677464850499e+02 6.332855573690869733e+01 1.212765308218798054e+03 1.210150601426878580e+02 1.184257491492352074e+03 7.098860169998717993e+02 1.552693180568633657e+01 1.680670483647466824e+02 4.845471609086452247e+01 1.242955516602360433e+02 1.457205582282999558e+03 3.064586399458233967e-01 4.338730984584440762e+02 5.184115834962123026e-01 5.700477880079032502e+02 5.081050370390788657e+02 3.105136519602117673e+00 5.750625098819674577e+02
7.208041796026467409e+02 8.097485761092367511e+02 2.940470312262345942e+02 2.301621436024554157e+02 9.497937863459588925e+01 3.953049853610121289e+01 1.148671342727611545e+03 0.000000000000000000e+00 0.000000000000000000e+00 3.838094453623617710e+02 0.000000000000000000e+00 3.963841996670956291e+02 4.805271409557136622e+02 1.548351618025134485e+03 0.000000000000000000e+00 1.519156504374151609e+03 1.410678580850335493e+03 4.274133208972790143e+00 4.075441035670435781e+02 4.206147516551608234e-01 1.005409285009214386e+03 4.925501392283495079e+02 2.170913963677373602e+02 1.542216364969820290e+02 4.301765518785003017e+00 6.239400539700525883e-01 4.456925835333492500e+02 2.086548224133655083e+02 2.419350730239659697e+02 6.319365007170429180e+02 3.748211818976873388e+01 5.731467773877042191e+02 6.642564058527601674e+02 1.612673608769648354e+03 2.892621262919009268e+02 4.337833574573471651e+02 3.848198596085637746e+01
3.675962807912175663e+02 9.791823657823556459e+01 2.625840798682953618e+02 9.077779539670644908e+02 8.187237208149575736e+02 2.430239760914142266e+02 6.646002209444686741e+02 1.071631594437378908e+03 4.497212286861906705e+01 1.511932375310659836e+03 3.288780657228620612e+02 1.217379023461098313e+03 1.180032423534559939e+03 0.000000000000000000e+00 1.185800993466787759e+03 0.000000000000000000e+00 1.406148356137355222e+03 0.000000000000000000e+00 5.891784249479619575e+02 3.627801588838967746e+02 0.000000000000000000e+00 4.163161489310145846e+00 3.030129860351522098e+01 1.514028817418093524e+02 1.554722446310597306e+00 7.383788727855551315e+02 2.551812910745078682e+02 3.350600582606267608e+01 1.752806468356818641e+02 1.339529636071601317e+03 6.681006546452844930e+01 4.727342330520427822e+02 1.760891276572585866e+02 6.308785590473371840e+00 1.083637614177396699e+03 0.000000000000000000e+00 2.759046003613731841e+02
