output/example_1/lateral_incision_000246.asc
nrows	75
cellsize	13.33333333
xllcorner	0
ncols	75
yllcorner	0
NODATA_value	-9999
[rows 0 to 16 of 75, columns 37 to 73 of 75]
2.730880095320796741e+01 0.000000000000000000e+00 4.020924072664800331e-04 0.000000000000000000e+00 3.204114022286294605e-01 0.000000000000000000e+00 0.000000000000000000e+00 5.525900172972106512e-03 1.975129308987696054e-03 0.000000000000000000e+00 0.000000000000000000e+00 0.000000000000000000e+00 0.000000000000000000e+00 1.935879317804396393e+01 0.000000000000000000e+00 2.093329821185450912e-01 3.806198676219459571e+02 5.533227361939046887e+02 6.722467671270577512e+02 2.570655872121784924e+01 1.632179901113442133e+00 8.422788015463320335e+02 2.427252176180507206e+02 3.877028125657212740e+02 5.022033694440563067e+02 9.270076761518872388e+01 1.641620491379147495e+02 4.971400586072146629e-06 0.000000000000000000e+00 5.267006942434419869e+01 1.048169385794283137e+01 7.794786057581508387e-02 0.000000000000000000e+00 1.171760928489934850e+00 0.000000000000000000e+00 2.202483508468670581e-01 0.000000000000000000e+00
2.026421701667809216e+00 8.097447668449901936e-01 1.091569533275524926e-05 1.510866892439821418e+00 7.386415210841258272e+01 3.517437522333190714e+02 3.100048254882713650e+02 9.613063059099301810e+00 6.287216660127364776e+01 9.611379542506251710e+02 6.951521890982344587e+01 1.807788115597039678e+02 0.000000000000000000e+00 3.228414298892076761e+00 8.010950169841780735e+02 5.502017645585787022e+02 2.741779363545050696e+00 6.081652611853630847e-02 2.698187594083448744e+02 1.247507492166257492e+02 3.266617583167852334e+00 5.912604345033541264e+00 1.390627819258721161e+02 2.129040593959909131e+02 2.103456756333129078e+02 5.730008203109604210e+02 2.772897434549279865e+02 1.429637859988903248e+00 3.174979991003321089e+01 3.595333971346759938e+01 5.764757463916935443e+00 9.882756715916864323e+02 0.000000000000000000e+00 4.248799880648815197e+00 1.551008283961703982e-01 8.226192180320874741e+02 1.648010294740461124e+00
1.329015210636307245e+02 1.599706032864847884e+02 3.269440257271744485e+02 7.330075474200300505e+02 2.898439992354114647e+00 7.368174966018275427e+02 1.495319154532884909e+02 1.846721131418711934e+02 2.423323184467407998e+02 3.301900150801546374e+02 2.699120162458478376e+02 3.235290246366704423e+02 8.658739057127917249e+02 4.181051644566427967e+02 1.119896908329288863e+02 3.043487846299470334e+02 9.259027599088462921e+02 8.531092856857392235e+02 5.047441201714806880e+02 1.022573698542629359e+03 7.949356437924185457e+02 4.243769234421134797e+02 1.900115111478310137e+00 3.905161713694254217e+02 9.672898945060747877e+00 9.207008736981430275e+01 2.499028947601076709e+02 3.186915444484445743e+02 1.206081753373297829e+02 1.444368449038085487e+02 7.306487036463607865e+02 2.766563456611975766e+02 1.691539471038537101e+02 6.414672037598101895e+01 2.763424302588479122e+02 2.065219495459742518e+02 1.096949324557074533e+03
5.031224830483939172e+02 0.000000000000000000e+00 7.001513542071661789e+01 1.163152015923703175e+03 9.842664893806205555e+02 6.849842731404927054e-01 7.012975272833173221e+02 1.297052847726003392e+03 1.866829726857608023e+02 0.000000000000000000e+00 1.123432297027386539e+03 8.015193411673141100e+02 9.595219268167455766e+02 1.777393914150333387e+02 1.140728659712506669e+03 0.000000000000000000e+00 1.496504856971143056e+02 2.992578586543290839e+02 1.941909681854911014e+02 6.696974734419343633e+01 0.000000000000000000e+00 2.353806440490555190e+02 1.617001129071525511e+01 2.034069764822602266e+00 2.994564291343535842e+02 3.431620656579617048e+02 1.495788274440143823e+03 4.653026902955136848e+02 0.000000000000000000e+00 2.497844844762779246e+02 1.253083903857516816e+03 9.890103340071168532e+02 2.998643758257945251e+02 8.882515127022270462e+02 7.446596915222393136e+02 0.000000000000000000e+00 6.650658136163536938e+02
0.000000000000000000e+00 3.584790017596683498e+01 6.712163493526578861e+01 0.000000000000000000e+00 6.998315066174191088e+02 2.075090691541266210e+02 7.786361893755422159e+01 1.768101142595791657e+02 8.450862077201389866e+01 3.997929761501381449e+02 1.245081701037809694e+02 8.432162797216946046e+02 1.719001935083822218e+03 9.753806196319834498e+02 1.873488776652834642e-01 8.987537957029561539e+02 1.413304154442256504e+02 7.522633762906899619e+02 5.443721946288376330e+02 6.083681100148034915e+01 4.869678520095093290e+02 1.982934628221976538e+02 4.798646895533067323e+02 3.174411946752486102e+01 1.171174040939239047e+00 3.664100585114605906e+02 1.529835685198447891e+03 3.133374705391556176e+02 1.066927471872993181e+02 1.291814742137457017e+02 6.321937963132673133e+01 7.091090369517239651e+02 5.176132684498578556e+02 0.000000000000000000e+00 1.396054656523737663e+02 8.425788447669256129e+02 7.161310067937653230e+02
1.069809362769856079e+03 1.735590722073237941e+02 0.000000000000000000e+00 5.970208285830907471e+02 6.971483829516474771e+02 1.201986423170907756e+03 1.096263177060641965e+03 2.798086086694390815e+02 1.390909548903993809e+01 6.451570880886177406e+01 4.442406805972897388e+01 3.609518783068719472e+01 3.718746209647881074e+01 0.000000000000000000e+00 0.000000000000000000e+00 0.000000000000000000e+00 1.326052597926105818e+02 2.793602581837359367e+02 6.819805860973475546e+02 2.219888610188453981e+02 2.392137172072299904e+02 3.087591669859757104e+01 6.371881604623949613e+01 7.505348550956126701e+02 4.931904931830061400e+02 1.112179641334026741e+02 1.470717805823869412e+03 1.145920662294567904e+02 1.299702577589418695e+02 9.484165710205651578e+00 3.654551462156515527e+02 1.337621365680699057e+02 7.737470316734296603e+02 1.553490914530633745e+03 8.818146888135301253e+01 1.242056843993316079e+03 3.623733652403109886e+02
1.375352722643508741e+03 4.196820556827363102e-02 8.793622339634944183e+02 6.171469744910740474e+02 1.365939727853634849e+03 1.085406900024918059e+03 5.704585855692571705e+00 2.887765448160110271e+00 1.209824281042332586e+03 1.486836842236679104e+03 4.760086166508819474e+02 9.934867133864241850e+02 1.201892168813529452e+03 5.272443066730741066e+02 0.000000000000000000e+00 1.067378724835638877e+03 8.062154866851724364e+02 3.609063018816432873e+02 1.447411871105648906e+01 0.000000000000000000e+00 8.555717264419561161e+02 7.628684881064941692e+02 4.163295644582285959e+00 3.026869329392495160e+02 2.977727554321777461e+02 6.317514929729966866e+01 4.163499166870279282e+02 1.646250963246908725e+02 3.887941704658762205e+02 4.823832958457506379e+02 1.820226025467103455e+02 0.000000000000000000e+00 3.431142422221483912e+01 1.320440110960790207e+03 9.753910878993501399e+01 8.027086882723297094e+02 3.747155631561312816e+02
2.699469929596082807e+02 1.317259314104886016e+03 3.277400019605756825e+02 1.729306623415238278e+02 7.670064511419849396e+02 0.000000000000000000e+00 7.729781489711160702e+02 2.152461234788877391e+02 8.837444783489038400e+02 5.023027425039539366e+02 2.620722038395065852e+02 0.000000000000000000e+00 9.706764844946215476e+01 0.000000000000000000e+00 1.152839561940206295e+03 7.387308295963532778e-01 1.183056040847255872e+03 2.139800029322440878e+03 3.984959586691294930e+02 2.230670624510021867e+02 7.594607282741979937e+00 7.627958659577180924e+02 0.000000000000000000e+00 7.847802485861693640e+02 5.110272246430113228e+02 1.094809770014670214e+01 1.053932857718426703e+03 0.000000000000000000e+00 3.097718262419609569e+00 3.916957157096583728e+02 3.050798034890052577e+02 0.000000000000000000e+00 8.391504715726920267e+02 0.000000000000000000e+00 0.000000000000000000e+00 1.751082642262958871e+02 5.435178179018678293e+02
1.678868700900821853e+00 6.683710705134634722e+00 2.406408744521053134e+00 7.705747659144024055e+02 9.887256789554604097e+01 1.616428881975730292e+03 7.309476839860641348e+02 4.425079290163108112e+02 1.327495053387807218e+02 1.456688532384127210e+00 2.381327388494416653e+02 1.180343725876188728e+03 1.619131638937397533e+00 4.187293747026043320e+02 1.054395686994833113e+03 1.082321406482159546e+03 3.444841634841419253e+00 1.631479420390842733e+03 6.486239881713781870e+02 2.023969007157109274e+02 0.000000000000000000e+00 7.419135311657070986e+01 4.171361427186683954e+02 1.251138749020624497e+00 0.000000000000000000e+00 0.000000000000000000e+00 4.555987601281443062e+02 1.907355367881043833e+02 1.936508281505573592e+01 8.936930459402711904e+02 2.506673282706391781e+00 4.813643467844761403e+02 7.452308578261714729e+02 1.487934802764947790e+03 1.755390128281752311e+02 9.973431875087849221e+02 0.000000000000000000e+00
1.703189097804629455e+02 7.839244787786103643e+02 1.024023945808764893e+03 1.390339612236345612e+00 1.464087154217011630e+03 4.186626369017159845e+02 1.092233338872525565e+03 0.000000000000000000e+00 0.000000000000000000e+00 2.601460022316938989e+02 1.010617895248308855e+03 4.866717167376879871e+01 8.631039864338976031e+02 3.310943602290669929e+01 1.115287375080618176e+03 9.230839960150000252e+02 7.317933566622251647e+02 0.000000000000000000e+00 1.272113639570494342e+03 3.465227598277814423e+02 8.869540020681391468e+00 4.178756449265266610e+02 0.000000000000000000e+00 1.380724958675646349e+03 1.670489326751600458e+02 1.140936736519431861e+03 1.859149393349599222e+03 4.065555718686065347e+02 5.563135421733106796e+02 2.000252330516065058e+01 3.500238442414188356e+00 7.858754413217081680e-01 2.487144755095023072e+02 2.790872384411105713e+02 1.351198664825891682e-01 4.493911022371138984e+02 3.595160662980559323e+02
2.892044601809677040e+00 3.989272593989743427e+02 7.371690634479790560e+02 3.479137604410020401e+01 3.196955302165326174e+01 1.531887966350887154e+03 1.633766231634261885e+03 9.610272203968248732e+02 1.027768736483374141e+02 6.168477026778468826e+02 0.000000000000000000e+00 2.068199993837945172e+00 1.953662383417630792e+02 2.894327535130581168e+02 3.389839042937359181e+02 1.434481994397855829e+02 5.406559882674961273e+02 1.634360380070079600e+03 2.351008680658701735e+02 3.635888573883538015e+02 5.466151615603455411e+02 4.159826763302945665e+02 2.008253868346721731e+02 4.503127950269206394e+02 2.437910533263845707e+02 2.580657505366731641e+01 5.292852017328824559e+02 0.000000000000000000e+00 2.524205039533902450e+01 7.337973938430648104e+02 3.087996791813338291e+02 4.647434513803688105e+02 1.125806187417558021e+03 1.171838904532971171e+01 7.257336757022528673e+02 3.181737329804915930e+02 4.182937608832000365e+02
1.743212525877432029e+02 7.004393388414570154e+00 8.988349608814066869e+02 4.012936457194732611e+02 7.658774159638993240e+01 1.287189529421921774e+00 5.856094495407668319e+02 0.000000000000000000e+00 1.568452692073484059e+03 7.441878780345011819e+02 1.070353617374739315e+03 1.069928291032817469e+03 4.737474652150046950e+02 8.934817052677315132e+02 5.556355236254153063e+00 1.570375167812900088e+02 4.156515881552727478e+02 4.921029122682198818e+02 2.518072233059503162e+02 1.769391389982187535e-02 9.409295040503284469e+00 3.272514325267098201e+01 5.083596130311210572e+02 0.000000000000000000e+00 1.017180511902665557e+03 1.446634616758396760e+03 6.512953010360249984e+00 1.689938295853934051e+03 0.000000000000000000e+00 1.382605277004181898e+00 1.084742993686323320e+00 3.676134494053184376e+00 0.000000000000000000e+00 0.000000000000000000e+00 0.000000000000000000e+00 5.432910458486168892e+01 1.404602008143259354e+03
3.000247915347507046e+02 1.339493739469143918e+01 0.000000000000000000e+00 7.602226908707580151e+02 9.010469658684397700e+02 6.991459053215215818e+02 0.000000000000000000e+00 1.509713729785947180e+03 1.081002141332102084e+01 8.926196312259668275e+02 1.426924155459630299e+02 8.530493861988890103e+01 3.164281314732164674e+02 3.914363060814159212e+01 6.185921981365550693e+01 8.160464212523434071e+02 6.938255235443094193e+01 2.711157960953065071e+02 0.000000000000000000e+00 1.329957750530575424e+02 0.000000000000000000e+00 2.166578990755399445e+02 5.643610749725554570e+02 1.023386096636034814e+01 4.913542600675872762e+01 1.006476892441853806e+03 1.076503173567863492e+01 7.313360296854968965e+02 2.727297084071158118e+00 7.745754525500949512e+02 1.677538617286066014e+01 3.820401964468595679e+02 6.320175786583461530e+01 0.000000000000000000e+00 1.273853179962746935e+02 3.781270805387214864e+02 5.441132476063687591e+02
9.451448570545047687e+02 6.827268462046696129e+01 8.596107310019634724e+02 7.786181686896756560e+01 2.789901485586251084e+01 0.000000000000000000e+00 2.500156066791852822e+02 1.017741592938192639e+03 8.718765647265269081e+02 6.330427659099268745e+00 9.668969698463151872e+02 2.218558117282099147e+02 1.405837409731030675e+03 4.068615258892932047e+02 9.229057918720704379e+01 6.935284946992359778e+01 2.767190957693602127e-01 4.391436432336432745e+02 0.000000000000000000e+00 4.730575690388962471e+02 3.750671000565693021e+02 3.121092055765337818e+02 3.359439214624263741e+02 3.638839424624200092e+01 1.064852988088986649e+03 8.897229049829901442e+02 1.806287547102429869e+01 1.378747929231509261e+03 2.140546627284796614e+03 1.361803983255226740e+03 1.094786320728140936e+03 1.149558061799334219e+01 1.400614037320548277e+03 6.630790821593344617e+02 5.064206065534312415e+02 0.000000000000000000e+00 3.047283699643506907e+02
3.141636508150343730e+02 0.000000000000000000e+00 6.891327151163272902e+01 1.336100123105397586e+01 1.040146152921622758e+01 3.616791131752648880e+00 4.501612631590752756e+01 3.793885662581705560e+02 5.884606866884524834e+01 3.397556453584734868e+02 4.283684757717817888e+02 6.391122986758847446e+02 7.053295462699979623e+01 4.799135415044391380e+02 9.153142819795158402e+01 8.236581361602215168e+01 0.000000000000000000e+00 2.718302511415475298e+00 5.050888058892548429e+02 3.253277100886971880e+02 4.038146397818392757e+02 2.059616424385854145e+02 3.223709488067443374e+01 5.478806056906682898e+02 1.499455513683324398e+03 9.131204952651837914e+01 7.721091633066503164e+02 3.237517740577913372e+01 8.741920660769609412e+02 1.637648134620367500e+03 9.320640541142266500e+01 4.279401812514787480e+02 1.037276600052787444e+03 2.218580403555198188e+02 0.000000000000000000e+00 5.081896333408844271e+02 4.411292751818149394e-01
1.314058648116483141e+02 1.103970666807270163e+03 7.878085769002873349e+02 1.141963076704930415e+02 3.588109919560324101e+02 4.432633302358260039e+02 2.205267857459743936e+02 1.304045244877397636e+02 8.066870675317697987e+02 2.530540911656834169e+01 1.600234572428921183e+03 5.416946686590249556e+02 0.000000000000000000e+00 8.127527327557540957e+02 7.701590281002022209e+01 3.577096858855954338e+02 6.087837528138517200e+02 1.607538693564949384e+01 2.450385871670938798e+00 3.246203109076569717e+02 1.906492973226235621e-02 2.357803663635007396e+01 9.660909090050796522e+02 5.025198242982863803e+02 7.436558425848519782e+00 3.664347090960386595e+02 9.871186891854505348e+02 4.417703661709290941e+02 2.805378715692262936e+00 6.549342937850938142e+02 4.534555320254719959e+02 1.043571334174629044e+02 9.878861179383077342e+02 1.171383754683387451e+03 1.077833106209487823e+03 9.193850588959460310e+02 0.000000000000000000e+00
5.412779677840649128e+02 6.093922077602426270e+02 2.533730220363124985e+01 0.000000000000000000e+00 2.967609874866330294e-02 5.920574974905903218e+02 2.490900531237092821e+02 1.244717738938831644e+03 1.180019134658235771e+03 3.108409493070962526e+02 7.717801148669855138e+01 3.530093388965969439e+02 1.471483837589004679e+03 1.170948123088888678e+03 2.520040521124474822e+02 1.676433255648678511e+01 4.721885049890783392e+01 5.018298148853477869e+02 3.597506213807594690e+02 2.100241535279187985e+02 6.234839436084048430e+02 4.061732850275208051e+01 3.683294645786379551e+00 0.000000000000000000e+00 4.520543748359738174e+02 5.557735434130231624e+02 1.795036488380466153e+02 1.045870725592928920e+03 8.441331457338930022e+02 1.087627477143794152e+02 1.832235800334941018e+02 2.200900272699056472e+02 9.300164764973020226e+01 1.368739012253313149e+03 0.000000000000000000e+00 1.214386059513581131e+03 5.719258659054755753e+02
