output/example_1/lateral_incision_000463.asc
nrows	75
cellsize	13.33333333
xllcorner	0
ncols	75
yllcorner	0
NODATA_value	-9999
[rows 0 to 16 of 75, columns 37 to 73 of 75]
3.361469718034777543e+01 0.000000000000000000e+00 4.020924072664800331e-04 0.000000000000000000e+00 3.979261858437778687e-01 0.000000000000000000e+00 6.452354815858253601e-02 5.525900172972106512e-03 1.975129308987696054e-03 1.188172025416675964e-01 0.000000000000000000e+00 1.490839285678350612e-01 0.000000000000000000e+00 1.935879317804396393e+01 8.108273727206165293e-02 2.093329821185450912e-01 4.566308148231929067e+02 5.563837012072933703e+02 6.760571021001833287e+02 5.558879181938473835e+01 8.372223329491361028e+02 2.360458973370409552e-01 7.437037567947003254e+02 1.862404962884342297e+01 2.889756057951431103e+02 6.304318187264352673e+02 5.385499670565903898e+02 4.403133197833088843e+02 2.728289809458580706e+01 5.267006942434419869e+01 1.048169385794283137e+01 1.122292021492203240e+01 2.215767845423674220e+00 1.171760928489934850e+00 1.107207941568070879e+02 6.909699642465498926e+01 0.000000000000000000e+00
2.080070457540125801e+02 8.097447668449901936e-01 1.091569533275524926e-05 3.608004507753123313e+00 7.550558769261488123e+02 3.346961483530871533e+02 5.998402186942641379e+01 3.862583336637545273e+01 6.780575591388370071e+01 6.412547454996051783e+02 7.101247375537336382e+01 6.642205064809991200e+02 2.492921108911788508e+02 7.397369280921828327e+00 8.454185330267705467e+02 2.329527974184433674e+02 8.554123592695661955e+02 1.744911411933004501e+02 1.698775907357321557e+02 1.394715536857987992e+01 3.054951812178102966e+00 2.494239769601043974e+02 1.170542043143747719e+02 6.017810937896812362e+01 2.919102614533525752e+02 8.125025625467957013e+01 2.021576181462516217e+02 5.013975252848009063e+02 3.204111934259205441e+01 3.595333971346759938e+01 5.764757463916935443e+00 8.064082196030755156e+00 2.537186509214560601e+02 9.770480092539247607e+02 3.281869844964408571e+02 7.429312531366707617e+02 1.729303510631301055e+00
5.978830730031261282e+02 3.749743988641772603e+02 3.926251954875953629e+02 9.661375054312825341e+02 2.809991145980418423e+02 9.427033142480522656e+02 1.093289370168161980e+02 4.714802566214335116e+02 1.171035036769407270e+03 7.528352922592807772e+02 5.894981916760782497e+02 1.493855456454924280e+01 7.423608131662590495e+02 1.223734742267720094e+03 3.162902365406696958e+02 8.100579106994941867e+02 3.184058881813326707e+02 1.469014151094997089e+02 1.819698512977282689e+02 5.118327845162475569e+02 0.000000000000000000e+00 1.192908161154241952e+03 1.264185663776777574e+03 2.737936172316028092e+02 7.211389122359282737e+02 8.317137968428716022e+02 8.318610521400288462e+02 4.692321577287262357e+02 9.551344839418948141e+02 4.437665164982187775e+02 6.097110604523601296e+02 0.000000000000000000e+00 2.460607388363900156e+02 1.374091474287355368e+03 7.262185506504511068e+02 2.305052401278832690e+02 3.617505501096842977e+02
8.220469791393578873e+01 1.022700899259813468e+03 7.285266248559167934e+01 4.849161743150859394e+01 6.487304066278520622e+02 2.323640328194446492e-01 1.702073689737381756e+03 1.090045467958118934e+03 7.067322028921435049e+02 6.616210593226520587e+02 4.838802209825204841e+02 1.808831039727132008e+02 1.007487465491245757e+03 9.854816033716617767e+02 6.847795393251647056e+02 0.000000000000000000e+00 1.147284678978278635e+03 9.492377767672703612e+02 0.000000000000000000e+00 5.169437734763789649e+02 1.239257409231957809e+03 3.310090607324822827e+02 6.388841008277412357e+02 2.136405702064741730e-01 1.521836177569211031e+03 3.290174195707497695e+00 1.741587096499617404e+00 5.352786119503828104e+02 1.243741685361005409e+02 6.372213707454037479e-01 2.567312940988911691e+02 9.566692570172067462e+02 9.622164479226611320e+02 1.007847954451129340e+02 4.417035777669793362e+01 1.192307127849718881e+03 3.598729230979532012e+00
1.527161569906404793e+03 0.000000000000000000e+00 7.175812911014286044e+01 1.137630238945405381e+03 1.176591107928584279e+03 2.093940407103624750e+02 4.096337333893702635e+02 6.402044723914023052e+02 3.048768968017275824e+02 2.869007154854983810e+00 3.661488809582321147e-01 6.506080207607058696e+01 1.711051646037196633e+03 0.000000000000000000e+00 1.006617892469278331e+03 7.911326150036256388e-01 8.499961375091519358e+02 4.425891455801328220e+02 1.351875833092102539e+03 2.303132693491245941e+00 1.301985297147572282e+02 1.568127665577515245e+03 9.306849253240518749e+01 7.102555254589037759e+02 6.793602462141416254e+01 7.771868123521178973e+01 2.234249600109302207e+02 1.330521004553145076e+03 1.323830865140142805e+02 1.492335848761252919e+02 0.000000000000000000e+00 1.101613845891689465e+02 8.818876619754988155e+00 9.391234203925532711e+02 6.061696031549863619e+02 1.881060825507406378e+02 0.000000000000000000e+00
5.524798569701866313e+01 1.257949319470573982e+03 3.707222105814086035e+02 5.970208285830907471e+02 5.201036685618963702e+02 1.029444195800218495e+03 5.623132323000912436e+01 2.321969919880336306e+02 1.670423209539631637e+00 1.557682264911645476e+01 2.823835239224114275e+02 6.390766949548147835e+01 1.303944325235603330e+01 2.919537956975844963e+02 4.964493456854755777e+02 2.987769125106505612e+02 2.869432413813147491e+02 7.240998256617011748e+02 9.206458601290149772e+02 4.683178617127635057e+00 5.241645403792661000e+02 0.000000000000000000e+00 5.094105102286438864e+02 2.276392738783520429e+02 3.504687107391145560e+02 1.234320705271670249e+03 6.139456445072548831e+02 1.068185885350943067e+02 9.912811761686348291e+02 1.979608707723994598e+01 3.862280074450416123e+02 6.457018551860829803e+02 8.416227964607354579e+02 2.614017018189142618e+02 1.277061959729060305e+02 1.436675855274954117e+01 6.096605051619594633e+02
8.542248547289633507e+02 5.576425102213544704e+01 1.297708721145413392e+03 3.901249286246903125e+02 4.262978847720141857e+02 6.060617106864577552e-01 4.196463416412400420e+02 1.048916657822351453e+03 2.384562993481434603e+02 2.253709682935869125e+02 6.186353679372521128e+02 1.254802343479625080e+02 7.101293469495226773e+00 2.116784950019705747e+01 9.030104896238931644e+01 2.583714307336151705e+01 8.759494898566697429e+01 1.130317236802667225e+02 1.459488091219853789e+00 8.451785492344951081e+02 1.855987688474211552e+02 1.785386551416564487e+02 1.654312444409767693e+02 4.117703743857727545e+02 3.466557377295390818e+00 2.391726762759708720e+02 8.846594215950653961e+02 6.690763934454756168e+01 7.652165385875854264e-01 4.880307528973589797e+02 1.820888284000413933e+02 8.908634578459103670e-01 6.069337693441032116e+02 3.569761644572433852e+02 1.782857713165714619e+00 1.181813911321095929e+03 2.194136093834696624e+02
1.113703954526417874e+03 7.182521266561664453e-01 3.613829127758951358e+02 1.202491603400278791e+03 5.372868210354305347e+02 2.981023606989404717e-01 7.922795692665993101e+02 3.056111740102575141e+02 0.000000000000000000e+00 5.442786923728992861e+02 1.026024444664359180e+03 9.562326823739205395e+01 1.200859863273035671e+03 7.401676166881211429e+02 1.425600914993975493e+03 2.930715921839908447e+02 9.963695986027032632e+02 5.514198748195055941e+02 8.673247962666354738e+01 1.687118566444071064e+02 7.075675789154470294e+02 4.788841676359906785e+01 5.087298002282810785e+02 3.752841600077611020e+02 0.000000000000000000e+00 4.861399514869190170e+02 0.000000000000000000e+00 6.422709686281117456e+02 3.864570663294357722e-01 5.899421231261604817e+02 3.122748679672176308e+02 5.257711054309964283e+01 4.536802831781128589e+02 4.027226474693210889e+01 1.266489080790508979e+03 2.556592231261927282e+02 1.512704334908731880e+02
2.306278191225871765e+01 1.846236578482916002e+02 1.657893262765434201e+02 1.710836181889937507e+03 4.586320349796510527e+02 8.050751838387478188e+01 6.450611472825926285e+02 1.783436531828293070e+01 1.023917520007628355e+03 6.028482816292594180e+02 5.091426470353677125e+00 5.107436368201633741e+02 1.205148656153338379e+03 0.000000000000000000e+00 5.088910140015402135e+02 2.059467912616195804e+02 3.977690942377446470e-01 5.391029975586094452e+02 9.272802879691010958e+02 6.474909388277437756e+02 1.247297372158605413e+03 1.101538253927171354e+03 8.425485665825858561e+00 8.289767719082982467e+02 3.797691013219206866e+02 8.350848052814227458e+02 0.000000000000000000e+00 5.950286164005106002e+02 0.000000000000000000e+00 4.821089533086009169e+02 9.384212601030554879e+00 5.946653707333798593e+02 4.318686071390396819e+01 3.281396897592257034e+01 1.022738385390923213e+03 9.372509880861609872e+02 1.889938698035859233e+01
6.422019447893132948e+00 1.784609052571789789e+03 4.993540237974705143e-01 0.000000000000000000e+00 5.240202821850666481e+01 8.709160735907228457e+01 6.707807665518343754e+01 3.380931586070761580e-02 0.000000000000000000e+00 1.270236103310850684e+00 1.485191446734150418e+02 1.304817729294199580e+03 2.620063151361637210e+02 9.366702494623083908e+01 5.701834770767723057e+02 9.066120379867093959e+00 4.959709564536667017e+02 2.512047375771226054e+00 6.248104354065608277e+02 1.543426822248400413e+03 2.981577160927875170e+01 2.399353301593243941e+02 1.004110771244882443e+02 1.036522575078204227e+03 4.566576793670186021e+02 6.546503477412591110e+02 0.000000000000000000e+00 1.321101684004886465e+03 4.511073212684434708e+01 2.865879108798253583e+02 3.027642385242074852e+02 8.686119818290726471e+02 5.870978277703360391e+02 1.277064692961935037e+02 2.145373031816276068e+02 1.162108693284731999e+03 3.982036185008936968e+02
2.096021363645738322e+00 1.362137508776087103e+01 1.160657585546615564e+03 1.160792182766943824e+03 3.363139407827667924e+02 9.929662204107065691e+02 1.464942097734613526e+03 1.301611324286747276e+03 0.000000000000000000e+00 1.728418191511928853e+03 4.775423983135079311e+02 1.432548331817965391e+03 3.423212408258325290e+00 1.516351969364428442e+03 1.213883260065572813e+03 6.023931568470125058e+02 8.031768138726451411e+01 7.420217071214716498e+02 8.957594396917009760e+01 1.734159780603889374e+02 3.413746796813786233e+00 1.531093212343878804e+03 1.712944430203666712e+01 4.166580983891730625e+02 7.689817226232456449e+00 3.190422285698188087e+00 1.420873425398625159e+03 1.541684825042574314e+00 3.430502451932792951e+01 0.000000000000000000e+00 1.618935859226918183e+03 6.634036967906026803e+02 4.758316803758750879e-01 1.233322096886494364e+03 4.725269054588560635e+01 3.215897722221469053e+02 2.655410054485078604e+02
6.390985845799957588e+02 0.000000000000000000e+00 0.000000000000000000e+00 0.000000000000000000e+00 5.066309596620317848e+02 0.000000000000000000e+00 0.000000000000000000e+00 2.243734016144301180e-01 8.188177422484695001e+01 7.187287277801585716e+00 3.078575388525065364e+02 0.000000000000000000e+00 4.954758072943888010e+02 7.240625497101071950e-01 2.178433559059826408e+01 5.342168154675199787e+01 2.369423376751211094e+02 6.006939785946192387e+02 6.334454071991356159e+02 4.088704741150696691e+02 9.648370937763128268e+02 3.757872643167157776e+02 2.216139396727242694e+00 3.068674144647638400e+02 6.707084693175706889e+02 5.469352771593202078e+02 4.240062668792974705e+02 6.681975697778257199e+02 6.446749707839538814e+02 7.446680121415960585e+00 1.452496328536154579e+03 5.584181186167253372e+02 3.190943846647633086e-01 0.000000000000000000e+00 2.721032223800777956e+02 2.933914995069375777e+02 2.896385353329971508e+02
8.022464138225724355e+02 3.744114702718519094e+00 6.101294223407711570e+02 8.094389575178087171e+02 1.841238900137162204e+02 6.700837909241259922e+02 0.000000000000000000e+00 4.317443029458448223e+02 9.993170461618005902e+02 2.063791048766479150e+02 1.015848822356231267e+02 7.675119014347855000e+02 1.364864407051101125e+03 6.222898662308230087e+02 8.536307431169069559e+02 7.353761728410967180e+02 8.996253797255948825e+01 4.953412043249076078e+02 3.925646620997735567e+02 1.333676559230884493e+02 6.620450712538799110e+01 2.357154608903234987e+02 1.534384003425311960e+01 1.847116125447554964e+02 6.049936683977900742e+00 7.720709098404315851e-02 5.784895790895017171e+02 9.612398245850929470e+02 7.487613608770972178e+02 8.596687354367581690e+01 0.000000000000000000e+00 9.102153554711365757e+01 1.322427324153564996e+03 6.102956718001551053e+02 4.499815840763910160e+02 2.626449195020943534e+02 0.000000000000000000e+00
2.690992295797617544e+02 1.138706544928643751e+02 1.209244103568263995e+01 1.250766332003218395e+03 8.847123837180837427e+02 1.225941396452596877e+01 3.345177163033309853e+02 0.000000000000000000e+00 6.790833395129526195e+01 3.750112390626842398e+02 1.434067044830565237e+03 1.194108469539736817e+00 7.531209995585929846e+02 6.319934564470137275e+02 8.399247654035709729e+02 7.394720004744871176e+02 1.070974146745135869e+01 4.687274806731735453e+02 1.147347613591941951e+01 4.730575690388962471e+02 3.859559515775359841e+02 0.000000000000000000e+00 2.992971782466683450e+01 1.373989548403669048e-01 3.855499362409878472e+01 9.133588744685324912e+01 1.498482767341330828e+03 6.523864061581324449e+02 1.025826435762561914e+03 1.208745554363443716e+03 8.640469246441898576e+02 0.000000000000000000e+00 2.941156265117264823e+01 6.744571027871975843e+01 0.000000000000000000e+00 8.153057826836372897e+02 4.131351854178686267e+02
5.765531757610259547e+02 1.530547753486396516e+02 1.373154023320067836e+03 1.097263649362711702e+00 2.081075087460205566e+02 3.680479193383479810e+02 6.036551467679162286e+00 7.654571494215298344e+02 1.264267683310085459e+02 2.444315134177193344e-02 3.888033049722973260e+02 9.634636270671784359e+02 2.582511970620118488e-02 1.181639718383606123e+03 4.924216172196119032e+02 1.178702868879730192e-01 2.984692832540324048e+02 9.883033994649496208e+02 8.020434268608693174e+02 3.582050870089207706e+02 4.581800493993305281e+02 5.317463279743122939e+02 1.066467741823856699e+02 1.124162007038016782e+02 8.242467165931037698e+02 0.000000000000000000e+00 0.000000000000000000e+00 2.995754516769989664e+02 6.105094778544010170e-01 1.509323077647335822e+03 1.151811234863638589e+01 8.839836470929067218e+02 1.741429206803989246e+03 4.828380347273104007e+02 1.818057198826171543e+02 9.663064146507487067e+02 2.496525044202763581e+02
3.156731647979553745e+00 6.606114382768151927e+02 8.437939132985237620e+02 0.000000000000000000e+00 0.000000000000000000e+00 1.777009484111593451e+01 2.242092439046891457e+02 0.000000000000000000e+00 3.163159008581212106e+02 0.000000000000000000e+00 6.490614987041413997e+01 1.434110895855394347e+03 1.874395777894740149e+02 4.257973507512522815e+02 1.602885921470028663e+01 5.110743890294958760e+02 2.811854373720246714e-01 3.972678664964935269e+00 1.082023949704917953e+02 3.172375816929865096e+02 3.379993890825538472e+01 1.455763115864028556e+01 2.980645554086415672e+01 3.288672040173079836e+02 8.416798580894571842e+02 3.278211630732736470e+00 5.848579296450243419e+02 1.241762965448713430e+03 7.431689383015417434e+02 4.317262827026559791e+01 4.250053169009733178e-01 9.478565477659586236e+01 9.626091848335637451e+02 6.505628088991993536e+02 0.000000000000000000e+00 3.202759236913027507e+02 5.069283933286956199e+02
1.213328641955258149e+02 7.970109291455041785e+02 1.177902502992785230e+03 1.473179665138274030e+00 7.268125989602472146e+02 1.699188702697464635e+02 2.524524643689993866e+02 2.647037702780574477e+02 4.402205312393821828e+02 2.959084195090584402e+01 0.000000000000000000e+00 1.530763975364712337e+02 7.890237052146105157e+01 1.738782325943273236e+03 1.342490530486940997e+03 2.253113391336197258e-01 2.051219721517874746e+02 1.285995667335429289e+02 1.305698559371996623e+02 6.744612799008143922e-01 3.643884075498371544e+02 1.672983059724655959e+03 1.174258075793001552e+02 1.119134592414854069e+03 1.119598796905236668e+03 7.900111971113052505e+02 1.158348063473560842e+03 4.990522813461261649e+02 5.954337210264633313e+02 7.904519221316862740e+02 9.974708095159689947e+02 3.239855277308608805e+01 6.494794200751366589e+02 7.254034134225107664e+02 2.538155146145766423e+02 1.523988606998648834e+02 5.303190046880507680e+02
