output/example_1/lateral_incision_000082.asc
nrows	75
cellsize	13.33333333
xllcorner	0
ncols	75
yllcorner	0
NODATA_value	-9999
[rows 17 to 33 of 75, columns 0 to 36 of 75]
0.000000000000000000e+00 1.406865293640855157e+02 1.590131542182353712e+02 3.463605898864975075e+01 1.075589678051214193e+01 1.056842081473517055e+03 3.839259028859027580e+02 2.883302321833150472e+02 8.050378866129703965e+02 1.556381578436108803e+00 5.807158258855837403e+02 8.219675228713514343e+02 4.026140582739766671e+01 7.747599894108999763e+01 6.323024401718853049e+00 6.395571601455832251e+02 4.094024926699393632e+02 1.398404153487767871e+03 0.000000000000000000e+00 5.103766803616989591e+02 4.291059106535669230e+02 2.579186172700871111e+02 4.001394966546404248e+02 3.256041717024655782e+02 9.555643487488023879e+01 3.602129218603923277e+01 5.775991806812061924e+01 1.919441325597922576e+00 9.830287884564327783e+00 3.666577812999689172e+02 1.304302465001639488e+00 7.400406253584050091e+02 3.686755266895796694e+02 2.229351232344712130e+01 1.267852924013574466e+03 3.133726223097267338e-01 2.723647987601508476e+02
0.000000000000000000e+00 0.000000000000000000e+00 4.885440758885559376e+02 1.293490942183737161e+03 9.176887270250158508e+02 9.034280257181833349e+02 1.446756399249490869e+03 1.233836460131900914e+01 7.094143443144532739e+02 4.111336295729071821e+01 1.136517215418284422e+03 1.867949077050880760e+03 8.126989576338930874e+02 1.221224576248489058e+02 8.786297852048199957e+02 1.572883406246189431e+01 3.411086507926348155e+00 7.947228004253705649e+02 0.000000000000000000e+00 6.494751734643921282e+02 6.252059649997639923e+01 4.055772168452865571e+02 6.812117503178775451e+02 2.114452506145925099e+02 4.832702052873007581e+00 3.467344393398864213e+02 2.836476479785704328e+02 7.855625330878148738e+00 1.481104986728441418e+03 1.012339649493546176e+03 7.345614796286152171e+01 5.150106890994585456e+02 2.567142928292144575e+02 1.379520838654745507e+00 0.000000000000000000e+00 0.000000000000000000e+00 2.815856697932600810e+02
0.000000000000000000e+00 2.348194461526599355e+02 6.569332061377772334e+02 5.108067730826353454e+02 8.640818959073880023e+02 1.113506294434655501e+02 2.974416242965103265e+02 4.023338292589740406e-01 9.139446331199983433e+02 1.140728076539207450e+03 1.122434975986999916e+03 8.707235792541986257e+02 4.626759546844277260e+00 1.637853481802927263e+03 7.627211420129519865e+02 1.636368321579077701e+03 1.338889097808533734e+03 9.126907143446537418e+01 1.639131573671169917e+03 1.336527557833802726e+00 4.313249867891174461e+01 1.964619487329593426e+02 1.446156250314364513e+02 1.379236670322174177e+03 9.561536456716926295e+02 1.335696773868408627e+03 6.197391950861492660e+02 2.102580177973570983e+02 1.394440961894551094e+02 1.784096907038590416e+02 4.208288460934964519e+02 2.383581529167914823e+02 2.165192762110112312e+02 4.506531824119607563e+02 3.481896340202979445e+02 5.562687067249087569e+00 1.672627163877029943e+01
0.000000000000000000e+00 1.414233291540175969e+03 1.090883277658253746e+03 7.500413706324696932e+02 2.647271580260552923e+02 1.444566084818074614e+03 8.181645889331516628e+02 5.478718184428140771e-03 3.316996409710205285e+02 1.027535730054869646e+03 5.220936001660387547e+02 3.223595061744513046e-01 1.613414951850231091e+03 1.343838875807850854e+03 1.180074410309031464e+03 6.257848585351510895e-01 1.222224140853699282e+03 0.000000000000000000e+00 3.576553356914776032e+02 5.674407579164776507e+02 7.851433589704550968e+02 8.319071678903092106e+02 1.207835750311176071e+03 4.444601320958871327e+01 2.703345221603248660e+02 3.912771917158746646e+02 1.350068812310809108e+02 6.718942000762389455e+01 2.397597007414681798e+02 3.330343027616312952e+02 8.858883491702304980e+01 3.052642842573910684e+02 1.066081929110848137e+01 1.872199028327047472e+02 7.141761368448945859e+02 2.283074756180938802e+00 1.320644619470575947e+02
0.000000000000000000e+00 1.775825424814103826e+03 4.408325556213390506e+00 6.807577963325051940e+00 3.793218604609709814e+02 1.318527715953709958e+03 9.741597075763407929e+02 4.445083078462499948e+00 6.635869673894542302e+02 6.724268558462920282e+02 1.885460255588790233e+02 5.955302109887021516e+02 1.408427340788650554e+03 9.505067724756470398e+02 4.173518308846489333e+00 9.270699962066391890e+02 9.708788324694938865e+01 0.000000000000000000e+00 0.000000000000000000e+00 0.000000000000000000e+00 2.382462136572641720e-01 4.581558481524522790e+02 5.516958403943864369e+02 6.006511279106341590e+02 7.402889454826255644e+01 5.399572060924819006e+00 5.147069629754337257e+02 3.228617549710272527e+01 1.356136864583364513e+03 1.670909716624288137e+02 0.000000000000000000e+00 1.990382577006411395e+02 1.246151386743333234e+02 3.387859249282852261e+02 1.275313935211947410e+03 1.007311104061880201e+03 2.188695538226283475e+02
0.000000000000000000e+00 3.753522425137714030e-02 5.996045489925214724e+02 1.736681132119660333e+03 1.388724126700473562e+03 3.106272332688796922e+01 1.483136703780044208e+01 1.407768236945761089e+02 8.118193317696138820e+02 9.918138206923836719e+01 8.934619286107857761e+01 9.021380483926965326e+02 7.412872116054075811e+00 8.680535809973888490e+02 7.275462197205415578e+02 1.114706807160299462e+00 1.036882483905482559e+03 1.141665800132852837e+03 5.078076239963025956e-02 1.350051970875963889e+03 1.340909322414825056e+03 1.609544886533533088e+02 9.704486233036393514e+02 1.410092966658395912e-06 5.981905847344679117e+00 5.253386253925140359e+00 1.175868111979079060e+02 9.538479604775973257e+02 1.181984574687715650e+01 1.687957205800876750e+02 0.000000000000000000e+00 4.490296685993190522e+02 5.905723572723500183e+02 6.928572754282966173e+01 4.538919227285163629e+02 0.000000000000000000e+00 5.570452471620400559e+01
0.000000000000000000e+00 6.607349844951586419e+02 1.140854552350489712e+03 1.213956259644313832e+03 1.493468236827977762e+02 1.472265286577154484e+03 6.530935247340669321e+02 4.998860603889200505e+00 8.126222540493083457e+00 2.675353614200815924e-05 8.154039362519407419e+00 1.060776730653623190e+03 8.441911493683943490e+02 1.617046397730854096e+03 2.011608477857816411e+02 2.192251750900846563e+00 4.173518308846489333e+00 3.371589537631199391e+02 1.228834823973098310e+03 0.000000000000000000e+00 6.943860489419026862e+02 1.136377561846089975e+03 1.495641340869386113e+03 8.722164999979605682e+02 6.838061172819919875e+01 1.564921369275938616e+02 1.531385267711340816e+02 3.874611162573795582e+02 1.546502504125101609e+02 1.080940088666549627e+03 1.319257730768144256e+03 0.000000000000000000e+00 7.552094243573805876e+00 1.216930116940765458e+02 3.147999192420057852e+02 6.081436983343782003e+02 7.934714359414616638e+02
0.000000000000000000e+00 9.686421199242296325e+02 1.635015020941043531e+03 1.204685373127380444e+03 7.851730093525474103e+02 0.000000000000000000e+00 6.085370221369391857e+02 3.003259758285104652e+01 2.619149005795918583e+00 0.000000000000000000e+00 0.000000000000000000e+00 4.585068165442059467e+02 8.666672181345823844e+01 4.019884343695194318e+00 6.724745632590619380e+02 1.539500699801478731e+03 3.609656368845790553e+02 8.824931324171718927e+01 6.385922353493233459e+02 1.134195437851333963e+03 6.025561291162317978e+00 1.231944122273209530e+02 8.185480236011431998e+01 9.496407993610500142e+00 4.405325687711647475e+01 1.471731500150485417e+01 1.231427298672251602e+01 1.114121101992124174e+01 6.543660200617681388e-01 8.513312125195265025e+02 8.178601013344099329e+02 2.308047299167709809e+02 1.159777163730475422e+03 3.936449765178333848e+01 8.793206678484300483e+02 1.222386053450470854e+03 3.928890536635559556e+02
0.000000000000000000e+00 0.000000000000000000e+00 5.255927884549688178e-01 2.633328692782873048e+01 3.902730358592081394e-01 0.000000000000000000e+00 4.297386881876798410e-05 2.595425376773641233e+02 1.804137574320907049e+02 1.997301271341599183e+00 2.534738549915601524e+01 7.622026549442774801e+00 1.015969788754068531e+03 1.064917320479509470e+02 9.789188680357858630e+02 8.657819562941638196e+02 3.638254336001381262e+01 8.279611697879078065e+02 1.329506877452436697e+02 2.364072250993718001e+02 8.891695497854550823e+00 5.257091628596441524e+02 1.660195411647785875e+02 9.549704043653493954e+02 2.627371206786515359e+02 8.765100419044644298e+01 8.007953757643967663e+01 5.287931856739058958e+02 8.893609464824525048e+02 1.103258703978247723e+02 2.144581614667133920e+02 6.184633243473731454e+02 2.470739193866837979e+02 2.496238316029542545e+02 4.365838809415036081e+01 3.712794634030809249e+01 0.000000000000000000e+00
0.000000000000000000e+00 8.337761956829790506e+02 1.620607463770029653e+03 8.932294225659035192e+02 1.088639912379121171e+02 9.383984244245202717e+02 0.000000000000000000e+00 7.465921103212446042e+02 8.331883309171730616e+02 6.967254647605362727e+00 4.553652612006338529e+01 0.000000000000000000e+00 4.161825041588183467e+02 9.853685667250836389e+00 1.452854066923371192e+03 1.092891977638670824e+03 7.598566883515442214e+02 3.773940468599401754e+01 8.192171710501249891e+02 0.000000000000000000e+00 1.001326015524843342e+03 1.101745170076451814e+03 1.333821070262079047e+02 1.062538296008277428e+01 1.063610876506931469e+01 2.550849251097638728e+02 6.363613108146523700e+02 2.522882147803301223e+01 6.687643655669726286e+02 1.580193514500720937e+02 5.540696183214512303e+02 2.969336421791073932e-01 1.173955754414015118e+00 7.476223678059086524e+02 8.851449727417411845e-03 1.337633690939757116e+03 4.679421214959344866e+02
0.000000000000000000e+00 3.967431862331580295e+00 1.555771772857337965e+01 1.633371534354529331e+01 1.035310881526588673e+03 4.415419444899770838e+02 1.105987338340664792e+03 3.063406922091412525e+02 1.248575455786461674e+02 1.237013068573748114e+03 6.107317176923412489e+02 2.754479488762467554e+02 4.511486253318983017e+02 4.460823994086198354e+02 1.360883017587455583e+02 2.032632903403246303e+02 4.278257649847894868e+02 6.474939103128765510e+02 2.560179740669396438e+02 7.572251177267908133e+02 5.691683796316180377e+01 2.646460623073507463e+02 8.228581806809374655e+01 3.648258524565790140e+01 2.904355096632503519e-02 4.158021900633507784e+01 3.111479839207276541e+02 0.000000000000000000e+00 6.593331130018968906e+02 5.608765513434920136e-01 9.435636394354362437e+02 1.045101421638204556e+03 1.606581016999522049e+01 1.055674845131013853e+03 1.440376262777928559e+03 4.546446347271960775e+01 3.491822606320336035e+02
0.000000000000000000e+00 0.000000000000000000e+00 9.932538046590608474e+02 6.226220224478122418e+02 0.000000000000000000e+00 7.964234072159478046e+02 1.149284777350280820e+03 1.971084645465087988e+02 0.000000000000000000e+00 3.169213316584619378e+01 9.072614462154643888e+01 5.925394196052434381e+01 1.303225219843608684e+01 5.780445146451340861e+02 3.618505200026561619e-02 4.860455516149655986e-01 4.023823686390649641e+02 6.228007461648253411e+02 1.223405914407668888e+03 1.452767761862846783e+02 6.059123900406236771e+02 2.806522613688654246e+02 2.581138330746474026e+02 1.514454259777376571e-09 3.065649625847506741e+02 8.137897173686765484e+01 1.331140833200952667e+00 1.534484687860475788e+03 5.958131994282758370e+01 4.739195504114965818e-01 1.030585039762780070e+03 4.322363431436298242e+02 6.952563177342215113e+02 1.155766684645287228e+02 9.619424831962743172e-03 6.206864558140970303e+02 5.219640951793099504e+01
0.000000000000000000e+00 2.447762872653621571e+02 6.139158303759126056e+02 9.488709610985428071e+02 3.281164084571588369e-01 8.401690105867339753e+01 1.096330572670099599e+02 1.191817444191221966e+03 0.000000000000000000e+00 7.433597868670260596e+02 8.051358707259307721e+02 4.494655411153270279e+02 4.418822060047019136e+02 2.659172105148256833e+02 2.472038119658726441e+00 9.487629527986358369e+01 1.056424836760285313e+00 1.362296111531241571e+01 3.721575039269257559e+02 3.634649732327271288e+00 2.672389289904118073e+02 2.631730392649114947e+02 0.000000000000000000e+00 1.629054750938703586e-04 2.365193129120728849e-02 4.198933696379946809e+02 2.267049848441816380e+02 0.000000000000000000e+00 6.633018392765219460e+02 5.783300953865527561e+00 1.886547280541360561e+00 0.000000000000000000e+00 3.264926200623277737e+02 1.354307807693700397e+03 6.367549805939112275e+02 7.824384727841560334e+02 5.477195549229089693e+02
0.000000000000000000e+00 7.346376718309294063e+01 9.115091375127779827e+01 1.163485106564525609e+02 2.397765921934469588e+02 1.068184431421661657e+03 0.000000000000000000e+00 1.138626840574427888e+03 1.481919512245433680e+03 1.429670738905452708e+03 4.284746911693605220e+00 0.000000000000000000e+00 2.610759689811112394e-02 1.488886324925627232e-03 0.000000000000000000e+00 5.649780255503132186e-04 0.000000000000000000e+00 0.000000000000000000e+00 1.250150584162714864e+02 8.393000250932003414e-01 9.646668536701080257e+02 3.466510698791541029e-02 1.118631267980096027e+03 1.428967934089264355e-02 2.980678985093902611e+02 6.499678460699694824e+02 8.647694963660836720e+02 3.770534931978568949e+01 1.369302825742036589e+02 8.764890768186918422e+02 3.710464296291311825e+02 5.282615316527568439e+02 2.294688242037924795e+02 6.697106593161308297e+01 0.000000000000000000e+00 8.142908249514982799e+01 0.000000000000000000e+00
0.000000000000000000e+00 2.308779633449223354e+02 7.180599479978503723e+02 1.058444974431832406e+03 7.564556947555063289e+02 1.257220931374130714e+03 4.348704850742855115e+02 6.214575119782375623e+01 2.168954839114162496e+02 4.872467261156489537e-01 9.334935516096021502e+02 4.828023764492479775e-02 2.304596224928711194e+02 6.786533993054902112e+02 9.632525926103206645e-06 6.729484812821326725e-04 4.796568585448429012e+00 0.000000000000000000e+00 1.179625760948119711e-04 3.335364367432143951e+01 9.376371214784260246e+02 1.084023735844928069e+03 7.059838357895642957e+01 6.337855125612721849e+02 3.683842464730631150e+02 1.128763818896499060e+02 2.395374524899453572e+00 5.131428029260180068e+01 3.987484999413785403e+01 5.027665385258689525e+02 1.251544010698897864e+03 1.868336756469541271e+01 2.989120427056943363e+00 5.451646080307089903e+01 1.061222183121510170e+03 3.754576561284445688e+02 5.910974071913248054e+02
0.000000000000000000e+00 2.629418556566199072e+01 5.460327814409561553e-03 6.016202822665663064e+01 2.166131475070123713e+01 7.184490167885307983e+02 4.555826385071602544e+02 1.684042846770791812e+03 1.799070690140190720e+01 1.038374846454905907e+02 0.000000000000000000e+00 1.932887390020712530e+02 9.625526014578889544e+02 4.053585659758719117e+01 1.112984508122142870e+03 0.000000000000000000e+00 1.909930019859622874e+01 2.381763357993250452e+01 7.142900171976939419e+02 3.264754981932167652e+02 3.682070228292345178e+02 0.000000000000000000e+00 6.839077880469362825e+00 1.264760896697685666e+03 1.491185885238131050e+03 3.767000367302175619e+02 7.308559750008769242e+02 1.611667198742111623e+03 4.365271905870145908e+00 1.014146578798804285e+03 1.277375162134165576e+00 3.884912188298459910e+02 0.000000000000000000e+00 0.000000000000000000e+00 3.325540324210329572e+02 4.983174891546564709e+02 1.090291763237483337e+03
0.000000000000000000e+00 1.401705338968541881e+00 1.094315946841921405e-02 2.501035103107051571e-01 1.350212226375192004e-01 0.000000000000000000e+00 1.089332784597507271e+03 1.474392031544537076e+02 1.261456458625597743e-01 5.303976454569328070e+01 1.377922675912127772e+02 1.095299385964706744e+03 6.354400919527117821e+02 8.144772797563546192e+02 6.025647362859143641e+02 4.494250432471919687e+00 2.889157467330911686e+02 1.114917661176258889e+03 1.505763572677001605e+02 9.684400127918258931e+02 2.600837770314585100e+02 3.304726643287366414e+02 2.830465684993042714e+02 4.982308654322700363e+02 4.496514078889126154e+02 5.892805975720984861e+02 1.234000930961322183e+03 2.453362859551398323e+00 1.540161155735449094e+00 7.791431954905555131e+02 6.456795567087958716e+02 6.573421602488127746e+02 5.604358950023550960e+02 1.609610067832203640e+03 1.502652032466518676e+03 3.866230724676626096e+02 7.738370211898658368e+00
