output/example_1/lateral_incision_000352.asc
nrows	75
cellsize	13.33333333
xllcorner	0
ncols	75
yllcorner	0
NODATA_value	-9999
[rows 0 to 16 of 75, columns 37 to 73 of 75]
2.730880095320796741e+01 0.000000000000000000e+00 4.020924072664800331e-04 0.000000000000000000e+00 3.979261858437778687e-01 0.000000000000000000e+00 0.000000000000000000e+00 5.525900172972106512e-03 1.975129308987696054e-03 1.188172025416675964e-01 0.000000000000000000e+00 0.000000000000000000e+00 0.000000000000000000e+00 1.935879317804396393e+01 8.108273727206165293e-02 2.093329821185450912e-01 3.815658800127624204e+02 5.534273966179734998e+02 6.760571021001833287e+02 5.558879181938473835e+01 8.372223329491361028e+02 0.000000000000000000e+00 5.570414108035605523e+02 4.026352472758312615e+02 5.022033694440563067e+02 9.270076761518872388e+01 1.642259001771812166e+02 4.971400586072146629e-06 0.000000000000000000e+00 5.267006942434419869e+01 1.048169385794283137e+01 1.556254070430262981e-01 0.000000000000000000e+00 1.171760928489934850e+00 0.000000000000000000e+00 2.608628469712240827e-01 0.000000000000000000e+00
3.932863815346397729e+00 8.097447668449901936e-01 1.091569533275524926e-05 2.691510682692550560e+00 1.006730008254300373e+02 5.667882778962574548e+02 3.990610293123878591e+02 3.765819949223700291e+01 6.374126099482212027e+01 6.412547454996051783e+02 7.038431330337188285e+01 1.850239883113055441e+02 5.142995434043970704e+01 7.397369280921828327e+00 4.396051169731856589e+02 2.519028462194030453e+02 1.218119838240044430e+02 1.744911411933004501e+02 1.686245432540737852e+02 1.410561675004774543e+03 2.357341025162220092e+02 1.900182729607436727e+02 8.357542100942426941e+02 2.148288989997606109e+02 2.473597919061257926e+02 6.568773512519492215e+02 1.511228188792711649e+02 2.954087908138529617e+00 3.174979991003321089e+01 3.595333971346759938e+01 5.764757463916935443e+00 4.998880259863387323e+02 1.534099502341866206e+00 0.000000000000000000e+00 6.267715492677788092e+01 1.552649315469867588e+02 1.729301063392857829e+00
1.511915727410837690e+03 1.747773916233915656e+02 3.728455269687527789e+02 9.329053845432320031e+02 2.871139216811409511e+01 2.545858363103046695e+00 0.000000000000000000e+00 2.640876259819683582e+02 3.601008811248312327e+02 7.222715881230302557e+02 2.227256397462392385e+02 1.691384052438842218e+03 9.430075853874126324e+01 6.306468655059644561e+02 1.446637925759102927e+03 0.000000000000000000e+00 5.454728382972183454e+02 3.889033002894088327e+02 9.548633792224252375e+02 4.577449038358147391e+02 4.530480108103305952e+02 1.282209170609990451e+03 2.903213010714280244e+02 2.536394613425426670e+01 4.607602248083180996e+01 9.689023261482848284e+02 4.348353923823064093e+01 1.364027252825553887e+03 1.594030328202368594e+02 4.210310892323196299e+02 5.822392753041242486e+02 5.106455364468826019e+01 1.302578667100362054e+03 8.984242353799999137e+01 2.012058364226326432e+02 6.118732799458408778e+01 8.945904945983346579e+02
6.293350030773216304e+02 2.221222187883289401e-01 7.285266248559167934e+01 5.658204941088538362e+02 6.513584032514622777e+02 9.873638885057329162e+01 4.389539038775589574e+01 4.573289144102089949e+02 3.335590444204199798e+02 5.209577334846587746e+02 2.916655278402511726e+02 4.226678631985103038e+02 3.907108593883339154e+02 1.426731250168957956e+02 1.065374659299242808e+02 9.338166025241006309e+02 7.384932990297571678e+02 7.397762339778611640e+00 8.456587608770606721e+02 5.500402174082777265e+02 1.545488558609782331e+03 0.000000000000000000e+00 1.166796467092797229e+03 1.788202849370813396e+02 3.170813130593202231e+02 3.427833828826610443e+02 1.568786333456407647e+02 1.840200715082831948e+02 2.996328692802326543e+01 9.560528860506595947e+02 0.000000000000000000e+00 6.612958422148707882e+01 5.715699213205477918e+02 2.074522235416298486e+02 1.044814572388889040e+01 3.441453528987279924e+02 7.518598093434063685e+02
4.374905475625009217e+02 1.991207025423012453e+02 6.712163493526578861e+01 1.137630238945405381e+03 1.297703932386936856e+02 4.729553065858573859e+02 1.411245647463174919e+03 6.380989678490148975e+01 1.200169360238525087e+03 2.262301670758117211e+02 4.984098715387936096e+01 0.000000000000000000e+00 9.575674037816273767e+02 2.217862258491533345e-01 1.363506748982951422e+03 8.002414976974461069e+02 1.206459070128539679e+03 1.231924662510793951e+03 7.744025681955677420e+00 6.707276235714245161e+01 0.000000000000000000e+00 9.949990467300102637e+02 8.182837932339970166e+02 5.323628659318446665e+01 3.621131383283400282e+02 1.206237059994895617e+03 7.024382835297728889e+01 8.943620721837977499e+02 1.363620841949709757e+02 1.291814742137457017e+02 1.061936286683552225e+03 1.291001147595924294e+03 1.005307268163135319e+02 5.888079649441284857e+01 6.223083273681385919e+01 9.411103354075991945e+01 1.192785875282785355e+03
1.186666601681034990e+03 1.868388926675564221e+02 0.000000000000000000e+00 5.970208285830907471e+02 5.190908997459240481e+02 7.220969996910927193e+02 1.048240580962559079e+03 4.444926141227118706e+02 3.581554616311367845e+00 5.973779140387795223e+02 4.039099978495531218e+01 1.007607259284171278e+03 4.023589732648483519e+00 8.436984809199233268e+02 0.000000000000000000e+00 1.171270578129766626e+01 5.403595370409961873e+01 7.259760791248814371e+01 1.473687406260042735e+03 1.042390680383045492e+03 2.540475941481871018e+02 4.977773415966928638e+01 6.371881604623949613e+01 2.107270224466766678e-02 4.395842877881443655e+02 4.074859902854691427e+02 2.907094184257305187e+02 1.365577396992769536e+03 2.873087913999530585e+01 1.979608707723994598e+01 3.786834435878341765e+02 9.679897682736924480e+02 9.699741660303436674e+02 1.130121741609819139e+02 9.054780858329490201e+00 8.413523417158251050e+02 3.623733652403109886e+02
1.978170686659773025e+02 5.364535710397348112e+02 9.305254500700803533e+01 2.912403187078822786e-02 1.599547050623400821e+02 4.762695163385661772e+02 7.459803066310290660e+02 1.568047681602429861e+02 4.661507086491837981e+01 5.362643630013732121e+01 8.593789387162871662e+00 4.075095066975976721e+01 2.576925721916289831e+02 8.393696484474221506e+02 7.546618195610933810e+01 6.615807539069152199e+02 8.793513036660085618e+02 1.877023585668981696e+02 6.320042570180648056e+01 5.701043494282577058e+02 8.555717264419561161e+02 7.628684881064941692e+02 4.163295644582285959e+00 3.027911364988851233e+02 6.202724617724732070e+02 9.479653819891934745e+02 5.254865344419131361e+02 0.000000000000000000e+00 4.378452823812376771e+00 4.823832958457506379e+02 1.820226025467103455e+02 0.000000000000000000e+00 2.497713320313681322e+02 1.874774808790773051e+01 3.495982304990840817e+02 1.364286683606857480e+02 7.815114496235289607e+02
8.650985766224375766e+02 1.873684625593164954e+00 5.748945807517054618e+02 1.652059439208422020e-01 2.364527232804741743e+02 3.696009298899606499e+00 1.413198293958784689e+03 1.963851000500500277e+01 1.359443184417849125e+03 2.163062314812354892e+00 7.906620334219697952e+02 4.976899674448369524e+02 1.282497942508633059e+03 3.185693544237802826e+02 5.728003439037212274e+02 4.751592853077836187e-01 1.092625996162944830e+03 1.287567300161359753e+03 7.193438643252727971e+00 1.007214682695126271e+03 1.352127959890793996e+01 7.774845043309184121e+02 1.001013396769346002e+02 2.280363214244964638e+02 4.409608831720115631e+02 9.442118754321116967e+02 2.689586573684162873e-01 6.741908209615573924e+02 2.892627125918463094e+02 3.916957157096583728e+02 3.050798034890052577e+02 3.475000056803080994e+00 1.614222936061800510e+03 1.385331591785535750e+02 1.202397144980139956e+03 1.020261234045030164e+03 7.166847251561096073e+02
3.458936381979416410e+02 1.893979750585450006e+02 0.000000000000000000e+00 3.378723842569681324e+02 3.166408128565815900e+02 8.558159336194819389e+02 9.353073414620979520e+02 1.323145567600714685e+03 3.218838702059776438e+02 8.423218827123134522e-01 2.311342022886618111e+02 3.258765955311221774e+02 1.251229083180652424e+02 6.104141209814978311e+02 1.011579081665900617e+02 8.543298661654048374e+02 1.551024694908354036e+02 1.111399857711478717e+03 0.000000000000000000e+00 0.000000000000000000e+00 5.757864877054242214e+01 7.974791880974549940e+01 7.485695572680320375e-02 2.838894901831623230e+01 2.078663351865402298e+00 6.722185936989896504e+01 1.507828103273416673e+03 5.232058004447693520e+02 6.051365442570220132e+00 9.007709268876511715e+02 9.384212601030554879e+00 7.826392116344865144e+02 4.561701165267750753e+02 0.000000000000000000e+00 7.076365896818698502e+02 4.633359028063701430e+02 0.000000000000000000e+00
9.998959550395041163e+01 1.682530815858341612e+03 7.160648911957432006e+01 4.720922741898951926e+02 1.366777656376937330e+03 1.034207486560136431e+03 4.558216397788505105e+02 2.655818991393018109e+02 1.533251259449879626e+03 1.263865946594125100e+00 1.486911815241283648e+03 1.233368594559165254e+00 2.380897141139962514e+01 3.701027565646937489e+01 1.533371448806467008e+01 2.734014731833712686e-01 7.853824134569341595e+02 2.730533901617919810e+02 6.030913328999192657e+01 1.047960184873657681e+03 1.876381419695955444e+01 4.178756449265266610e+02 6.322079862819119853e+02 1.760814857602694303e+02 2.968519308159925263e+00 0.000000000000000000e+00 3.339716961890928104e+01 0.000000000000000000e+00 5.563135421733106796e+02 3.615378588106018753e+01 2.655614127443620305e+02 6.392778165561261403e+02 9.610218847291396287e+02 3.250168401087633185e+01 3.143822972290249140e+02 5.824192303698000615e+02 3.600819572531991071e+02
1.841957053873974814e+02 8.816842081250959495e+01 5.336292416443897935e+01 5.100866318277162748e+01 0.000000000000000000e+00 5.516924505009336599e+01 2.419141813877343594e+01 4.954700465790472919e+01 9.809594486596099117e+00 9.569736823579015095e+01 0.000000000000000000e+00 7.274843012229187877e+01 4.464461384069334713e+02 4.774849759293898614e+02 5.338403737179348809e+02 1.872901275593848709e+02 1.340836495964307915e+03 8.665447134888308867e+00 4.824746427495114176e+02 2.649673629406602782e+00 5.625236531308694339e+02 4.159826763302945665e+02 3.439033407286327702e+02 1.257113420579333024e+03 0.000000000000000000e+00 1.722625773093047883e+02 4.866526443876297776e+02 8.515805683224396461e+00 5.459953463047355626e+02 7.931765440390238382e+02 6.115921231353394205e+02 1.767109343922659548e+02 1.100612905845662908e+03 5.676848491764393430e+02 1.647316516576687651e+00 4.638010634652874331e-01 5.750809467815182643e+02
2.187013347654713780e+00 1.061170701421097874e+03 9.231603652722452580e+02 3.591495759549528088e+01 1.075330912015692547e+03 8.475801571295004351e+02 8.773216254694754070e+02 3.190913299620576709e+02 1.612881515023148324e+02 7.179421834586503337e+02 7.753042488461372841e+02 2.246789372057667222e+01 1.177214586576713600e+03 6.334499826166788807e+02 4.964566464546979319e+02 3.564737868241874139e+02 7.787507458002907015e+02 6.006939785946192387e+02 4.139192690661335519e+02 3.365841819089546760e+01 1.148599029344373257e+01 3.272514325267098201e+01 2.421231010889556057e+00 0.000000000000000000e+00 1.283138283907153891e+03 1.763887490945602394e+02 4.416549002222529552e-01 5.186302087155308271e+01 9.459617279132261913e+00 3.794997863787936243e+00 1.192255712941571488e+01 1.283992752610621235e-01 1.249572067762528832e+03 1.031290323475089821e+01 2.643556322510694940e+02 1.005812468667308281e+03 1.240373126670535555e+02
3.619531531833355871e+02 7.910500433095070321e+02 0.000000000000000000e+00 1.887897281726042209e+01 1.951846410661125963e+00 9.415563000441495944e+01 2.808314332445329953e+01 6.285030643199163478e+02 6.653962147703228993e+02 0.000000000000000000e+00 1.720384535022852219e+02 1.132268801897566846e+03 1.468238362751846807e+03 2.530857554435800694e+02 1.109722657165705186e+03 8.413182208073757806e+01 9.046222161648687461e+02 3.984189592223739851e+02 3.925646620997735567e+02 1.329957750530575424e+02 0.000000000000000000e+00 2.357154608903234987e+02 1.094313059830252932e+01 1.336600008342054252e+03 2.880749222822820421e+00 1.035423776224656194e+03 1.869594781613694465e+02 1.307636356999880036e+03 1.397094818086245823e+03 3.547761796007721387e+02 1.481486928657350377e-01 6.754372022377633584e+02 9.057634173715801751e+01 1.570473761167386506e+01 5.156199819617219191e+02 8.101492047921123003e+02 5.523458902680240499e+02
2.475248791613972799e+02 8.085890938367099068e+01 8.596107310019634724e+02 2.008164439924894680e+02 0.000000000000000000e+00 5.959042153845930443e+02 5.701018522520589471e+01 5.315171386343643389e-01 9.222561963981250723e-04 8.681379402459020866e+02 1.696882274916290356e+01 5.499521444927069069e+00 2.001688810262571749e+01 2.548885031634237919e+02 4.719613993915086070e+00 1.219477104374403098e+03 3.397877089436737492e+02 4.676285080015618405e+02 1.147347613591941951e+01 4.730575690388962471e+02 3.859559515775359841e+02 0.000000000000000000e+00 2.828550192469749547e+01 1.097517675770234973e+03 4.314593426417052910e+02 1.272549191879181080e+03 2.613197756523485182e+01 1.057806344414510136e+01 1.496514893885152560e+03 4.515846064498226724e+02 2.466000020288552435e+02 6.980780721006667591e+02 2.204576295270304964e+00 1.332836644373250238e+03 1.536024690062061154e+03 8.482539618866982210e+02 4.106665153485774908e+02
1.247780203660792722e+03 4.838534497632687135e+02 7.402733215162905367e+01 3.908223166635986559e+02 4.370929303042370151e+00 2.639708444493837760e+02 2.674140222389081334e+00 5.102814396841749272e+02 8.074087518494298621e+00 8.075853088679346703e-01 1.155858606821910143e+03 3.291083273128451765e+02 3.961393514479852911e+02 6.642816622085623521e+02 4.667609224785518904e+02 5.775874109735366346e+02 3.771398671993877088e+02 4.294063596911581158e+02 5.050888058892548429e+02 3.253277100886971880e+02 4.581800493993305281e+02 5.263746892574390586e+02 1.065411395867228919e+02 1.034471071509692450e+02 3.310280627300813450e+01 1.372235989912844456e+00 1.221291245294841474e+03 4.553330970110808380e+02 3.255028727106565611e+01 2.577638898197274742e+01 3.048528051173946665e+02 1.689810829528474301e+01 3.289662074862300187e+02 1.527366477013714530e+02 2.109592150173773462e+02 0.000000000000000000e+00 2.496525044202763581e+02
1.161669748845485941e+02 4.645676233024501585e+02 4.870333981712301465e+02 1.191252522432968561e+02 3.588109919560324101e+02 6.064372212223427141e+02 2.219514735974773600e+02 9.533351874339390406e+02 5.318095686894019991e+02 1.235716568308574281e+01 4.490961010684268473e+01 8.351843643857827715e+01 6.272681401815272011e+02 1.013768294326541650e+03 3.830893247026494475e+00 6.651108959927936439e+02 6.203130807339877038e+02 1.607538693564949384e+01 2.565333568379579106e+02 3.448424164139852905e+02 5.954266149517829732e+00 6.762372494747197038e+01 1.254868737251553739e+03 5.429526721249172223e-07 1.889648196153257231e+02 9.779912373944483761e+02 1.932557141220325647e+01 1.006106590165908983e+03 4.253667440048406547e+02 2.942613195429210649e+01 1.309032636455706289e+01 2.842710160084262583e+01 1.266618624099105261e+02 1.878354393679429108e+02 1.006894999210765491e+03 9.520914980885053183e+02 3.157848651532642634e+02
1.574612970962534291e+03 6.862141406292074919e+00 4.107170394341999931e+00 4.759507790498645932e+02 4.400605401791034765e+00 5.920574974905903218e+02 2.490900531237092821e+02 2.596141939428217142e+02 2.483668942540648317e+01 4.129068814799603082e+00 4.602319050920526706e+02 8.973029491221566900e+00 4.514998006796246841e+02 1.073287445792329208e+03 2.817451840544039783e+02 2.109899357690659372e+01 5.896136482363734643e+01 1.663464969464253329e+02 4.726718100213034859e+02 5.176403158635894215e+02 2.206131999912307151e+02 1.909907336580311323e+02 3.911358431325067109e+00 1.401530604782098877e+01 6.146890154397935930e+02 7.900111971113052505e+02 6.970469863655562222e+02 4.135979347123463299e+02 1.112152690667382558e+03 6.611322192050990907e+02 2.231117262532035994e+01 1.022710528270699086e+02 5.543662911265536195e+02 0.000000000000000000e+00 5.114885937631541424e+01 1.018780155622641360e+03 1.338960116206693662e+01
