output/example_1/lateral_incision_000226.asc
nrows	75
cellsize	13.33333333
xllcorner	0
ncols	75
yllcorner	0
NODATA_value	-9999
[rows 17 to 33 of 75, columns 37 to 73 of 75]
9.445840037862929250e+00 4.182077904383510258e+02 2.718934512727173569e+02 7.406569017461362137e+02 2.300192699514991830e+02 7.968272861553241881e+00 1.100704798711796002e+02 9.582622870601851446e+02 2.819718648628241340e+02 7.086788059875538011e+02 2.010978660499962700e+02 2.392327248756821803e+02 4.261513784304850674e+02 0.000000000000000000e+00 1.209863984013375955e+02 7.723796810385332492e+02 3.520551267034124976e+02 7.472261718526374352e+02 3.995292680618494785e+01 7.640629834234740656e+02 4.723391575542908640e+02 5.809880323525866288e+02 3.416941833050977380e+02 7.846896275458010717e-01 0.000000000000000000e+00 1.483250473701978990e+03 0.000000000000000000e+00 1.794857036261805433e+03 6.927868885056399639e-01 7.869675710009282739e+02 1.292131688946266877e+03 6.607440884255715901e+02 1.102085480653717013e+03 2.369678682041235263e+01 8.538887761883593441e+00 0.000000000000000000e+00 2.493362510242216956e+02
9.551337769582960391e+01 2.390742182874924708e+02 1.080996350339691617e+03 2.179824239632751812e+02 1.433891108322824870e+01 5.576302286403515751e+01 1.443140790691289226e+02 0.000000000000000000e+00 4.604962074251056414e+00 1.228833473193976289e+02 1.017924588508300985e+03 6.715678675360075545e+01 8.060223055878136620e+02 2.359062654092073386e-01 9.262222572379499752e+02 1.451640681248005421e+03 3.785298218941437085e+02 8.142456277719137461e+02 1.796377084100003074e+01 9.378853219339392808e+02 1.304735817114169549e+02 3.183763838899258189e+02 4.519153460179477833e+01 1.064553760619572586e+03 1.002297043876835119e+03 9.579171238639120247e+02 1.103397308804841941e+03 2.276968331142610880e-01 6.358352046904286681e+02 3.127636440631296182e+02 1.639849261382173893e+02 0.000000000000000000e+00 1.110975868976637685e+03 5.780147872365730564e+02 1.700082891823975615e+02 1.145334605890473540e+03 7.472072341026320146e+02
4.087353385002004735e+00 2.113512462023564922e+02 1.506436147343422363e+02 5.489065245440212237e+01 1.039435752364292057e+03 6.179018134055287419e+02 1.328742844377705296e+03 8.374498883234961113e+02 3.238206405881020089e+01 6.617137120777999826e+02 5.667705255253017604e+00 1.507752066327747798e+03 2.555120615679317382e+02 3.012058453142007011e+02 6.421070820041963998e+02 3.656916273795204120e+01 7.478662820222895107e+02 4.976424731972240352e+02 2.101358696180244010e+02 7.640266968686930795e+02 5.940906743014749054e+02 2.203115252957725261e+02 9.703339750173861944e+01 7.898385813270533617e+01 9.537486846789538504e+02 2.614021230461892173e+02 1.069799000930792545e+03 8.597225561210353817e+01 2.009678254246517213e+02 6.224969535666732554e+02 6.457607593272156521e+01 3.243449114835912042e+02 7.955077806151464870e+00 1.020734796423528878e-01 3.610458122808142889e+01 8.747632526349974569e+02 0.000000000000000000e+00
8.420313546593861247e+02 2.906483270922838313e-01 1.237820704701804964e+01 4.631315490983312770e+02 7.786250216956085524e+02 0.000000000000000000e+00 1.051856792314562199e+03 1.977978623537112526e+02 4.265412680566506687e+00 5.158561584702995333e+02 7.052495013403007533e+02 3.858960172993565152e+01 2.410700189095057908e+02 2.282370550176582356e+02 1.527099210185577476e+03 2.243113003935545180e+01 1.143178906004886585e+03 1.261163272325490880e+03 1.388947334419576464e+03 5.940755711016438845e+00 7.375890597922640382e+02 2.580212962537688099e+02 2.759498574133668569e+01 5.364189121005653149e+00 4.242013519897455467e+02 2.661856773541935581e+02 5.993602905693220464e+02 5.196251125876400323e+01 3.983753664422025054e+01 2.037949072661064633e+02 4.183633580392019553e+02 9.910470499106863826e+02 3.747941457902626325e+02 1.573710910428412717e+02 0.000000000000000000e+00 1.100911062758154912e+03 1.140368323591845146e+00
6.410415992002761243e+01 1.117538530190621259e+03 1.064287629335597103e+03 1.727356212416105263e+00 5.310007685133838322e+02 3.928766839115069729e+02 1.346914601494150475e+03 2.868401489557886652e+00 3.462436511766741205e+02 4.605086708789512500e+02 6.895195739432560913e+02 6.570562582611958078e+02 1.618929276107121780e+02 7.868419728125354595e+01 1.169130121869372232e+02 5.575372066104523583e+02 1.011332036749904546e+03 3.485253348525268393e+02 6.685887282959240565e+02 4.954696152984226387e+00 2.537796777505346881e+02 1.726487416588101009e+00 2.885383089805566783e+02 7.121631136175431038e+02 1.505226944485084459e+02 4.199751268296159310e+02 6.754473537141402630e+02 1.284314249173983491e+01 1.787145030254281437e+02 4.462660009792462912e-01 0.000000000000000000e+00 1.843231004257881667e+00 2.657092755776917059e+00 6.045809091890499758e+02 6.776624501601610291e+02 1.386179320478373256e+03 6.636258674238636246e+00
5.685790568910917275e-02 4.773622239810040924e+01 6.506358843700393209e+02 7.755978500401749898e+02 2.322339670936746714e+01 6.905375478655733978e+00 6.311293612283121135e+00 1.197096724006003569e+03 7.109041312095589547e+02 7.224945286887557359e+02 9.040965128550187968e-02 8.998446647221057049e+01 8.610003959823990805e-01 3.691706303697634439e+02 1.477501682381908495e+03 3.108847775746748532e+00 5.139400898496535586e-01 1.343691680870641221e+03 6.078804684783423227e+02 1.970881541833946216e+01 6.193273346969759814e+02 1.019905293557665573e+03 7.010348602971619769e+00 2.071218161383966816e+01 5.140944905513399554e+00 3.063816168992871667e+02 6.873425333280557936e+01 7.825390671910331548e+02 3.826849256494535467e+01 1.281671968692841119e+03 0.000000000000000000e+00 4.359345869553962984e+02 1.023360698820230482e+03 0.000000000000000000e+00 2.180976770356913335e+02 3.470913176221222898e+02 6.964342443075009896e+02
1.679848233708252565e+03 6.322422983736577073e+00 1.135425860363767924e+03 1.233126911796156264e+03 1.084422191085573104e+03 4.322233726850420510e+01 9.705431273871917952e+00 4.379781254100010734e+00 1.723398345593456042e+02 1.756317705421201580e+00 5.757502359172372408e+00 7.382126632497207908e+00 4.579232608183668845e+02 3.654152602887228909e+02 8.603532298364484632e-01 9.238109972217825998e+02 4.888117503761477565e+02 4.632584768525560004e-01 1.265450768966242805e+02 6.665773953797161084e+02 2.632208324911261554e-01 7.936350459136401696e+02 3.868625828257148669e+02 5.640834757015303902e-01 1.971531186334524364e+02 3.397052979412733720e+01 1.606634148713148306e+03 6.144853555520312511e+02 1.108366615764055950e+03 3.739739707949811418e+02 5.283629275753369257e+02 6.802889569877148688e+02 1.346955878042145685e+02 5.589216126226045844e+01 4.230815850103209073e+02 1.332912327791703774e+03 6.083088999585415877e+02
6.580193683759231362e+02 5.478410330531924721e+00 7.139619623395612962e+02 2.750813745583739660e+02 1.176423063103196228e+03 2.153901550866422383e+02 3.500799693099861276e+00 1.515627727061515998e+03 2.320403539456302440e+02 1.325970696514667964e+02 7.353219992008529289e+02 0.000000000000000000e+00 1.376702848798110836e+03 4.776404985702988029e+02 2.006634382073094116e+02 6.561529723253689781e+02 2.101768707876854236e+01 5.716465995167632173e+02 1.341046479825607548e+03 8.239787301465648852e+02 1.005901622482687912e+03 7.112917422003151025e-02 7.467646004084139122e+02 1.330783112521308794e+03 6.716585517488306323e+02 5.406018822564329085e+00 1.328324432255509691e+03 1.615930863746824997e+01 4.160097577707844039e+02 9.182830110661917900e+00 5.810563998178802194e+02 4.515300152251069790e+02 1.104329642729600664e+03 9.440284714964290060e+02 8.196075620268569537e+02 2.226296958560188344e+01 5.055578595976587053e+02
2.685635833111279567e+02 5.375233079165669778e+02 0.000000000000000000e+00 1.182973813835684851e+01 1.641492381661314539e+02 0.000000000000000000e+00 5.556941867915261355e+02 6.646676718260385996e+02 0.000000000000000000e+00 5.346527712718062730e+02 3.136598423366224608e+01 6.768987273361947246e+02 6.452367517818980787e+02 6.244406555396294323e+01 2.924503928747642476e+02 7.134362579918764595e+02 1.789541401061636066e+02 3.986885756918610468e+02 0.000000000000000000e+00 3.636091234698930066e+02 3.868625828257148669e+02 9.878181838767778800e+02 1.440851149442508472e+01 0.000000000000000000e+00 1.570286972005846415e+01 1.466352079433094559e+03 2.554785744033527521e+02 4.273766765201449971e+02 1.061700331786450562e+02 1.161877771141513804e+01 2.829713023838831418e+02 1.148096961683388599e+03 2.853330921750085167e+02 0.000000000000000000e+00 5.437805868675281928e+00 7.997285619183733161e+02 7.058549502514179039e+02
5.068118866713657411e+00 2.107845214706124466e+02 3.482017758290406846e+02 7.253120955807516168e+01 4.384234962104729902e+02 4.961154407315865456e+02 9.749999168301136478e+02 6.221901824856420262e+02 3.840196792113545143e+02 2.473187876699595051e+02 1.122931963922914065e+03 7.735822965870743246e+02 6.042090243380420134e+02 7.714627927132848839e+00 7.736207218392021332e+02 8.504527257283003792e+02 3.913093577632147912e+01 4.284481995438486024e+01 9.756026095105121385e+02 0.000000000000000000e+00 5.637701909625460530e+02 8.624892211133504816e+02 8.129263304571404092e+01 8.946983777742151460e+02 1.214192452426509483e+01 3.628729873558567078e+02 8.456963333314675424e+01 2.088204230067543676e+01 1.653348648216788419e+01 6.581015788718738122e+02 6.267854465058757540e+01 6.608537828271098533e+02 3.231155056422971406e+00 4.813735355503432629e+02 1.265669775981835841e+02 7.937038111026201932e+02 5.392842533342268929e+00
6.035071354778322075e+02 7.180214159086804102e+02 1.768946958931961078e+01 2.525164517065998666e+02 3.306860012743672028e-01 3.560463029731899383e+02 1.285221643780051863e+02 0.000000000000000000e+00 1.052973198182967423e+02 3.946991923042521648e+02 1.671488243469109847e+00 2.488011060639406136e+00 1.883626326617403990e+01 3.146539672977434066e+02 1.252094260664666990e+03 5.486724678093272445e+01 9.621252064907630484e+02 2.370930894899443686e+01 3.035275559540922359e+02 4.183175370321990272e+02 8.164191981187350448e-04 0.000000000000000000e+00 1.382054619100348191e+03 5.515359423049178389e+01 2.088370441307453307e-01 6.698501891969992812e+02 7.405741917701143393e+02 5.276145549628294020e+02 1.334545897089024322e+02 6.310236989126759966e+01 5.231049605345577902e+02 2.757299743629533850e+02 3.840236706607074524e+01 1.123306316158416166e+03 1.053838945850305436e+03 0.000000000000000000e+00 1.186025989821412594e+02
1.206868643677055930e-01 1.936732610977700553e+00 0.000000000000000000e+00 3.941961446818520471e+02 4.559856906515358332e+01 2.503039071488692286e+02 1.626471775720475819e+02 2.082656789937371684e+02 7.448558971728223241e+02 2.317743157446208215e+02 6.384842721280399758e+00 8.411284339336054927e+02 4.342434177627894201e+02 2.842239302696325254e+01 3.401689948804541359e+02 6.857336257710087466e+02 2.382002762295942944e+02 1.347644829112365699e+02 4.332172674256171945e+02 1.176598582137064113e+03 4.712151472569548218e+02 6.577726556336307340e+02 1.209181252488674772e+03 7.668203068958283630e-01 8.196053281547696088e+02 2.211978317616893719e+02 3.387973026628537241e+02 6.173825784426572483e+00 4.865086605936021213e-02 6.501182167005642043e+01 0.000000000000000000e+00 8.376964308350977717e+02 4.321327653451877495e+02 9.411716271515629728e+00 1.470137841510417502e+03 3.423816996160714439e+02 0.000000000000000000e+00
2.440562625562485266e+01 6.792295996479376754e+02 1.733109383975160540e+02 6.508906584747317758e+00 3.171216410763887552e+02 2.048953104524153090e+01 8.748970958208759612e+02 9.771903655948241396e-02 8.991633783142807488e+02 3.642026145470182428e+02 5.050902339858901691e+00 5.237416089751658319e+02 9.646385793406543598e+02 1.215200798836760214e+03 5.800172584816640438e+02 0.000000000000000000e+00 1.023605437072550217e+03 1.327049158258049829e+03 3.277862925416081907e+02 8.704551965058703900e+01 1.356498646867524371e+01 1.747112135495086349e+01 4.295263188334246820e+02 1.230878493821976427e+01 4.844694012799519101e+02 2.418527303224585410e+02 1.689041761873187113e+02 8.953000074894201816e+02 2.604141129371257435e+01 9.495324007883018567e+02 0.000000000000000000e+00 1.349747553076896793e+03 4.611261575771071648e+02 3.587507170812097570e+02 4.271881174796881737e+02 1.173133198943010484e+03 1.129915734010491406e+03
6.882954100683328988e+02 7.030007836467067364e+02 3.083298612602470143e+02 2.087046180752115632e+01 1.566430451594595752e+03 4.473630331331302727e+02 1.305556422009277640e+02 5.102502489524521820e+02 8.358627737476855657e+01 5.716102050139793391e+02 8.558436121486967352e+01 5.075124358593982947e+02 6.614625619275661847e+02 2.204543897096432659e+02 7.698488299568779212e+02 1.292625511823218176e+03 2.064458365482172297e+01 2.714971673246232697e+01 3.323644183721449963e+01 1.321129942002071402e+03 1.030258893824857068e+03 1.899050662492423953e+02 6.640149805698551688e+01 8.049935232067668949e+02 0.000000000000000000e+00 1.271074414335271740e+03 8.629349103277781978e+02 5.636909234256600030e+02 9.517459420832855344e+00 8.830129472158811268e+02 8.829615908603237813e+02 1.587128935932370268e+02 2.849961739155642704e+02 1.007454753793868996e+01 2.421781342321543491e+02 1.249521361074215520e+03 2.131719855371423193e+02
1.325078498269294414e+03 9.447093887183985998e+02 1.635685177321169249e+03 0.000000000000000000e+00 1.078205442670458893e+02 4.134671947838967299e+01 6.033543911516946991e+02 4.794401906810030596e+02 1.750280116255074745e+02 3.135735017666414137e+02 6.004616150640217853e+01 9.658582602350842308e+02 4.706910857145495015e+02 1.034899610458678580e+03 1.139918821936183804e+03 0.000000000000000000e+00 4.735719193312235689e+02 6.709770057306380977e+02 2.131557362949967001e+02 4.258502406572666246e+02 3.301821436290278484e+02 0.000000000000000000e+00 5.099635135134844290e+02 8.904978650127113724e+02 1.737554875305863334e+03 0.000000000000000000e+00 1.871612864434920027e+02 3.990015876155516708e+02 5.888107787293913598e-01 1.144226268182524336e+03 1.348101259511992339e+03 3.052973103133709287e+01 0.000000000000000000e+00 1.033670670907562680e+03 1.148674719681270290e+03 2.653862142611562724e-02 1.631590163414718830e+01
9.465669875612019446e-01 7.184211475631677501e+01 5.878501507422335948e+01 4.344625120016338542e+02 9.660501206667761380e+02 4.075351515565363014e-01 1.417581096058705498e+03 8.423884571210054446e+02 1.084253596070205731e+03 1.771516419477760337e+03 3.789672743077141348e+01 3.284857498037942491e+02 3.604255370136644387e+02 9.897645576252322996e+01 0.000000000000000000e+00 9.396966265444390274e+02 8.121792102302057401e+02 4.508126415323634895e+00 1.160101584842060447e+02 1.666157034533904948e+02 1.135378137212157554e+02 4.342167641575239259e+02 5.413544365218195935e+02 7.961066129369012287e+02 2.174439636814001098e+00 5.732485415601224759e+02 7.879346663942801570e+02 1.891715647045041635e+02 1.841778708953011119e+03 1.383782248747279482e+03 1.858833842729951114e+00 1.498545148926704314e+03 1.439936992956256101e-01 2.594977557424121528e+02 1.149005483762177988e+02 2.933928971757350155e+02 1.268780998656940717e+01
1.401070235928646525e+03 5.471049758075350766e+00 2.522353804071572370e+02 6.739289420486544486e+02 2.959219361402325035e+02 8.750194925588617707e+02 6.053242696605367712e+01 2.034914956815892992e+02 1.127027324036105711e+03 2.218062697956980855e+02 1.016260902017697504e+03 1.387613361560383680e+02 1.313446960490088316e+02 1.484079384556694947e+02 2.114114906826937386e+02 1.143939017438274732e+03 6.869241529244072808e+02 6.347106960097420369e+02 2.735922523764897392e+02 1.145343174129785666e+03 1.399496785113520048e+02 1.066916110977831295e+03 3.482967934023004375e+01 0.000000000000000000e+00 5.087051347498654081e+02 2.735539755659027183e-01 8.611233072013557148e+02 1.216122169785943925e+03 1.234247467060866029e+03 5.125100555211997033e+01 1.069661094926096894e+03 4.576761160866665819e+02 3.423038675919766849e+00 4.042462832834693245e+02 5.487322187350357581e+02 1.184411961032964378e+01 2.761067150465295867e+02
