output/example_1/lateral_incision_000131.asc
nrows	75
cellsize	13.33333333
xllcorner	0
ncols	75
yllcorner	0
NODATA_value	-9999
[rows 17 to 33 of 75, columns 0 to 36 of 75]
0.000000000000000000e+00 7.820389845971129716e+02 1.590131542182353712e+02 3.463605898864975075e+01 1.881487510696597454e+01 0.000000000000000000e+00 3.865066144586459131e+02 2.883302321833150472e+02 1.290463085128594230e+03 1.556381578436108803e+00 1.463272705199058692e+03 5.893204888318214216e+02 1.637061812796556808e+02 1.407095490553442914e+03 1.018462814373898624e+02 1.054685242616750202e+03 3.790536147639099340e+01 7.688357646593784693e+02 0.000000000000000000e+00 5.894235701984948861e+01 4.468631764893033278e+02 2.579186172700871111e+02 5.498619980569733343e+02 3.256041717024655782e+02 9.555643487488023879e+01 3.602129218603923277e+01 5.775991806812061924e+01 6.850384111200016832e+02 0.000000000000000000e+00 5.368095506524982738e+02 8.449814731146944951e+02 5.362821303077122366e+02 0.000000000000000000e+00 1.511365580209536120e+03 6.249059043739655408e+02 9.176329420867286757e+00 2.723647987601508476e+02
0.000000000000000000e+00 8.821022077924477571e+02 6.774788981110273198e+02 1.295687485210659815e+03 9.176887270250158508e+02 1.066592710172467150e+03 1.626521751213422462e+01 1.310243368452163004e+01 7.094143443144532739e+02 4.111336295729071821e+01 1.199073924508144046e+03 2.436988532591657020e+01 1.517497772819907595e+03 2.113797679065701800e+02 1.263926597967030830e+03 1.602617242634215472e+03 7.969256897500899868e+02 1.903991693794845048e+02 0.000000000000000000e+00 1.937433985996381125e+02 5.696349147697011404e+02 1.181676780625258289e+03 1.085958353274823139e+03 2.115264582413659582e+02 4.832702052873007581e+00 3.510315643103076582e+02 7.380222650024051063e+02 1.312231617176641294e+03 1.548609612222814349e+03 4.949305629568124232e+02 1.844646365408562083e-01 8.008213199337121946e-01 1.663056409623063701e+03 2.108427400982737857e-03 0.000000000000000000e+00 7.444267594149310696e+01 4.063988256679105149e+01
0.000000000000000000e+00 2.348194461526599355e+02 6.569332061377772334e+02 5.110397827699768527e+02 5.843232319407356545e-01 4.420958364538286105e+02 3.429252051402662005e+02 7.119641803272624081e+00 9.139446331199983433e+02 1.140728076539207450e+03 1.180733220108819751e+03 9.607469538962984643e+02 1.548509535178797769e+01 1.291835857058583997e+03 1.766617307980088526e+03 5.007875524733078691e+02 0.000000000000000000e+00 1.567300051195323704e+03 7.422502293862747536e+01 7.058533620005327691e+00 1.510702954628106454e+03 7.210193419025135881e+02 1.599584386294267688e+03 4.135144290264612437e+02 9.602381247851634498e+02 2.800105820756413166e+01 1.141606154053820461e+02 1.683641589487590409e+02 3.116580602797402548e+02 1.235895367550481572e+00 1.084012311422982066e+03 0.000000000000000000e+00 7.292608089928075970e+02 1.255049004033907734e+00 1.033637282949919381e+03 1.234858825562967922e+03 2.025507018654580236e+02
0.000000000000000000e+00 0.000000000000000000e+00 1.263696921063901073e+03 1.145842174204235107e+03 4.090968668303509617e+02 6.566866804504991251e+01 3.063470621556912192e+02 8.853843686117514835e+02 3.316996409710205285e+02 1.066558096022430618e+03 7.005298206085080892e+02 9.274664690266566822e+02 4.129395920441932333e+01 1.347315052685522915e+03 1.373465422371088380e+03 0.000000000000000000e+00 2.513808697562798500e+02 1.252140751989646105e+03 1.997155356346020039e+00 1.051204955548058251e+03 5.556421233476443149e+02 7.406742792622323179e+01 2.536699657735408664e+01 1.042203871797139669e+02 2.833861728425382012e+02 4.021348757829815668e+02 5.331610406256092283e+00 0.000000000000000000e+00 9.384708141760803812e+01 1.469169238946910809e+03 8.858883491702304980e+01 4.360742927556152182e+01 1.194780393936384529e-02 1.044912804320124451e+03 0.000000000000000000e+00 1.105031514628467448e+02 3.146246566566373417e+02
0.000000000000000000e+00 1.226489552887395575e+03 1.990605642909806079e+02 2.897840189371088400e+02 5.019633883677192188e+01 2.046335197465230635e+02 3.926521694048232121e+02 3.212669339663534629e+02 6.635869673894542302e+02 6.860531445980311673e+02 3.000413751677450591e+02 6.648382553009728326e+02 1.869849201727378158e+02 4.075427831040133242e+02 1.028837277968942317e+03 3.463559396203342544e+02 4.865392276387910329e+02 1.888302672854714004e+01 1.756930338559245968e+02 4.479542702304276958e+01 1.176454002182719307e+02 4.424428360724462550e+01 1.451316311415222060e+02 8.003830862926635064e+02 7.402889454826255644e+01 5.399572060924819006e+00 8.880212160022999797e+02 1.392588005840997084e+03 7.897679359718788206e+00 4.012776359080376665e+02 4.127134022291994597e+01 2.169609677735803928e+02 2.019758512934283772e+02 1.242246738745085395e+02 3.300988816694768957e+01 1.570176549945642591e+03 2.852318019896633245e+02
0.000000000000000000e+00 3.891123965627060102e+02 9.887710854780932550e+02 1.122771582705818901e+03 1.037204347174294526e+03 7.536750339918461350e+02 6.080724943178494186e+02 1.258428750488048991e+03 8.118193317696138820e+02 9.918138206923836719e+01 8.934619286107857761e+01 9.454126618326181415e+02 5.723016415995638795e+01 0.000000000000000000e+00 1.308513982105741889e+03 4.101291350780441007e+02 5.401406407786183763e+02 2.088536052830821745e+02 1.138232768813483517e+03 3.832419731573936588e+02 0.000000000000000000e+00 4.773228821607375494e+00 1.619676050344231726e+03 9.147091819377892534e+02 3.279609779911756391e+02 9.270085219090100281e+01 1.977961889698403297e+02 0.000000000000000000e+00 4.573368568266347438e+02 6.393538227338170827e+02 0.000000000000000000e+00 1.347441567675482474e+02 0.000000000000000000e+00 1.816172546328241992e+02 3.668880450874333121e+01 2.927940457698815990e+01 9.601939884179737419e+02
0.000000000000000000e+00 6.607349844951586419e+02 1.140854552350489712e+03 1.213956259644313832e+03 1.506409973615537297e+02 4.344316702230057281e+00 3.509737860791446451e+02 1.408036409991983540e+01 8.126222540493083457e+00 2.675353614200815924e-05 8.154039362519407419e+00 1.060776730653623190e+03 9.309531074303066589e+02 1.901511701257486777e+02 2.017929808222304189e+02 2.758209523031880384e+00 1.789308379970692187e+01 8.871309632099466853e+02 1.585530971129163049e+02 5.539605348439197741e+01 5.589049625669177885e+02 2.033694675752860235e+02 0.000000000000000000e+00 1.789704230436045318e+00 1.725010320266484376e+00 2.880290069053911566e+02 0.000000000000000000e+00 8.151193598332820329e+02 4.830453254698229557e+02 1.427748655363032412e+03 0.000000000000000000e+00 1.181395021188993724e+02 6.931780095120756187e+02 1.259954749960617804e+01 9.355736202711111673e+02 1.538389904107799921e+01 1.820331942437447310e+02
0.000000000000000000e+00 1.389482885559757960e+03 8.358011318919675432e+02 7.880503193815447958e+02 7.977420399690215618e+02 0.000000000000000000e+00 6.086427971095374687e+02 6.565574081677721097e+01 2.619149005795918583e+00 0.000000000000000000e+00 0.000000000000000000e+00 4.585068165442059467e+02 8.846108289523105839e+01 1.019770567838824782e+01 1.784753761552515805e-01 1.307300000186821478e+02 6.328665829727684695e+02 1.916391193829974497e+02 6.192267944532691217e+02 1.530701390368431021e+02 2.049857402361752179e+01 9.932390768596266639e+01 1.155464813511863895e+03 6.475621258818213164e+02 4.264140791928994645e+02 3.286857623972278475e+02 1.901772700176771593e+02 1.132817201004250585e+01 6.543660200617681388e-01 8.513312125195265025e+02 8.289909276976251249e+02 6.624646231147650042e+02 3.661258921802883606e+02 7.753722662135355677e+02 1.291497496342698469e+03 7.020181780331600407e+01 9.887798362350998786e+02
0.000000000000000000e+00 0.000000000000000000e+00 4.975116578978985515e+00 5.789520782202479410e+01 3.902730358592081394e-01 0.000000000000000000e+00 3.545657505375877427e+00 2.595425376773641233e+02 2.823005150416458946e+02 1.997301271341599183e+00 6.066218781325173381e+01 5.103296072595815502e+01 0.000000000000000000e+00 1.381678768437060967e+02 1.020858374841009663e+03 8.814852518392199272e+02 3.638254336001381262e+01 1.188883025365029908e+02 8.272536154195539382e+01 7.855037747411734017e+02 4.606049099122889601e+01 2.127391034445766422e+02 2.912940200414115566e+02 1.552407389919370075e+02 8.505058897376817129e+01 1.591210324797915465e+00 0.000000000000000000e+00 5.292132925824089398e+02 8.893609464824525048e+02 1.772288719524572116e+02 2.169707776489622404e+02 1.195592930310018573e+03 2.557606887663600332e+02 5.847715470198750154e+02 4.365838809415036081e+01 3.838193614250686210e+02 1.902329581757509516e+02
0.000000000000000000e+00 1.259142502991872107e+03 8.599651517780574750e+02 8.530886518631216404e+02 1.380023773741426396e+02 1.748611532671166913e+02 6.474885330195672850e+02 8.611113047415244637e+01 1.648932336307066180e+03 3.131332793722746715e+02 1.147158685362105416e+03 9.561333134945495260e+01 5.268468241754271730e+02 1.894749848340741494e+01 4.795902953967060789e+00 1.095330288947504414e+03 7.598566883515442214e+02 2.771490593624694725e+02 1.827699591348310548e+01 2.089828616438900895e+02 3.889668568255934815e+02 6.273662790836726799e+01 5.625957317561475293e+02 5.346353430551545927e+01 2.769138145831965971e+02 3.390088401429169380e+02 6.377771641754764005e+02 2.530076719866805135e+01 8.289098266022077723e+02 1.788935034895512217e+02 1.064387063008614632e+03 1.543042702448446732e+02 1.173955754414015118e+00 9.193144147063644596e+02 2.919392862936705342e+02 1.732468488009664611e+02 5.645100404222612056e+00
0.000000000000000000e+00 6.934874835233101749e+02 1.585951966741657543e+03 9.238472506641302289e+02 6.036646881189144942e+00 5.016270324840118633e+01 4.252592432400424372e+01 3.198675557691797735e+02 2.250247639414785397e+02 1.128778132494159536e+03 9.658743078713298473e+02 3.862242452021031340e+02 6.169245315024874117e+02 3.672932795174938292e+02 5.919419796802070977e+00 4.140683418098035418e+02 4.731937529357311973e+02 7.661305600974667414e+02 2.565887276892845534e+02 1.216445570558368239e+01 5.789118575810983458e+01 4.027144977443937250e+02 2.335582391208600654e+02 4.807208855027942462e+01 3.451232017873293589e+00 5.242300129441620271e+01 3.159524310075832432e+02 1.374005796764292420e+01 1.240479945987412748e+03 2.887594002661502373e+02 5.990565863360210415e+02 1.086122019443195086e+03 1.606581016999522049e+01 1.057865371749943961e+03 9.364021637473983617e+01 4.765499009164953748e+01 6.441077656599642296e+02
0.000000000000000000e+00 4.468278815151141998e+02 1.664259125917220317e+01 8.743179019477393865e+01 1.223391998251168644e+02 8.188055406300895811e+02 1.513065364343783131e+03 1.683465418815815724e+02 3.509661126984721591e+01 1.211737808817377449e+01 7.135850152117737366e+01 1.698512288762007643e+02 1.285358447798205134e+03 0.000000000000000000e+00 2.302437577197873111e+02 5.187109054771323144e+02 4.038891816312602714e+02 6.240067662800437347e+02 4.596071111996518965e+01 4.936152155066359910e+02 7.168822289417652200e+02 2.823987763752003843e+02 2.697729993928163026e+02 1.514454259777376571e-09 3.065649625847506741e+02 8.137897173686765484e+01 2.314098112200665724e+01 2.245759898924414699e+01 1.559955112113642173e+01 1.281928923847001158e+02 1.734773496774898760e+01 6.395504905297594078e+00 0.000000000000000000e+00 6.539716339341802041e+02 1.288731874391007537e+01 1.331859364343467405e+03 5.219640951793099504e+01
0.000000000000000000e+00 2.145683667898374480e+01 5.410727285724949525e+02 1.387708227443802684e+02 3.969672561909569595e+02 1.004798119792070679e+03 2.483566974518560357e+02 2.803603681537928196e+02 5.823522382768559282e+02 1.000823403264378499e+03 1.644866947648990276e+02 1.502222925342155804e+03 6.684880741601841692e+01 0.000000000000000000e+00 1.333925541731310886e+02 4.633273477777526637e+02 7.754296954581372248e+00 7.350618328422294212e+01 3.722314754653535260e+02 7.746952440102602111e+01 2.672389289904118073e+02 2.690652297864270395e+02 6.673109323010788785e+02 1.626382971648624505e+02 2.365193129120728849e-02 4.198933696379946809e+02 2.406011990394134727e+02 1.564070119420280434e+03 1.246209796168823658e+02 1.285592676475452436e+03 9.076455369912027891e+02 2.354201395075220304e+00 5.547510299080331606e+02 2.410158060851811257e+01 9.316249587163399326e+01 1.645374902901349117e+02 9.964152017229115472e+02
0.000000000000000000e+00 1.020550943516862276e+03 0.000000000000000000e+00 1.391688496199794599e+03 0.000000000000000000e+00 9.567933919610019302e+02 3.383198836894981696e+02 7.848592888106500354e-01 1.316897597692039028e+02 0.000000000000000000e+00 4.284746911693605220e+00 1.533623694511456051e+03 2.251920382817116604e+02 1.320732278972051787e+01 1.484978401420218042e+01 5.649780255503132186e-04 0.000000000000000000e+00 1.265358826598636142e+03 1.251102713824882358e+02 1.299632281116911827e+03 0.000000000000000000e+00 6.686179859016523324e+02 5.666819069965791869e+02 2.005067081718989641e+01 3.050515237486286537e+02 7.169368727960966226e+02 2.927603753087688887e-02 8.668045899586633141e+01 2.249709008369370906e+02 1.756771582595322556e+01 9.650266600452063415e+00 3.560519642759791409e-02 2.294688242037924795e+02 1.067300243088993284e+03 1.007365043865791137e+02 1.227539331871812919e+03 5.293951044655366331e+02
0.000000000000000000e+00 9.536705269593525145e+02 4.411133499885685296e+02 0.000000000000000000e+00 7.564556947555063289e+02 8.880737862429762680e-03 5.287682988352586335e+02 6.214575119782375623e+01 2.194202532336759646e+02 4.872467261156489537e-01 9.334935516096021502e+02 4.828023764492479775e-02 5.632147585394794760e+02 7.129482678228263239e+02 2.445142929228539597e+00 6.729484812821326725e-04 1.236343672914472691e+01 5.323504893474174651e+02 3.766531340911426469e+02 9.415310619470728852e+02 1.147059861782865475e+01 3.200712911852020284e+02 1.393175924715554714e+01 3.049756955610640716e+02 3.828008152270519986e+02 1.128763818896499060e+02 5.336155986512391536e+00 4.584263551016198903e+02 7.573202876845439278e+02 9.664467746854633390e+00 9.115129121376342027e+02 1.874538908676281679e+01 2.989120427056943363e+00 9.349889309187194613e+02 2.758117805638718210e+02 8.838697491816229501e+01 2.093549363850129055e+02
0.000000000000000000e+00 2.629418556566199072e+01 1.080949793804252129e-01 6.016202822665663064e+01 2.166131475070123713e+01 7.184490167885307983e+02 4.566183237590717567e+02 7.886167048184903328e-01 2.256563948946603304e+01 2.309964682432236032e+02 3.534414700162338274e+00 1.003166266560684335e+03 1.237578000154886240e+03 4.089870813311471665e+01 3.389238141828608608e+00 0.000000000000000000e+00 5.792326044031061656e+02 4.798599391248435353e+01 6.402592423349192359e+02 4.990720904340088282e+01 9.638833809518359885e+01 5.239854403812098553e+02 4.181077596965401710e+00 9.228051575581420138e+02 0.000000000000000000e+00 4.566562939799874812e+02 9.523070194713935734e+02 0.000000000000000000e+00 1.666243446966764168e+02 1.107803776890321679e+01 2.548364309772987326e+02 3.994190684906823208e+02 0.000000000000000000e+00 0.000000000000000000e+00 5.558263388891358545e+02 1.083352320664584845e+01 5.032255361542037235e+02
0.000000000000000000e+00 5.433453746498835812e+01 1.094315946841921405e-02 3.483931378589717465e-01 3.908464570566565488e-01 2.159795316123122699e+00 1.091220562792673491e+03 3.572352042791807207e+02 3.037641300732578316e+02 1.824738578289614566e+02 7.213811866630016993e+02 1.384125642164865440e+03 4.787813762509981075e+02 1.183647151774731128e+03 8.559738429926676417e+02 4.494250432471919687e+00 3.237057459423185151e+02 3.442073868505055430e+02 9.542146098408668422e+02 7.663997459953134417e+00 1.221891255118769095e+03 1.936490611233370487e+02 7.849628171724104959e+02 2.156126930873054732e+02 5.312340488978160238e+02 5.893850551047312365e+02 1.185833457363986412e+02 5.314369531589629787e+02 8.817143286843155465e+02 6.605222751065015530e+01 1.275141623670667883e+02 6.624527694822637613e+02 5.891088346836272649e+02 1.239986680000503839e+03 7.812529777478694086e+02 6.702227722303085500e+00 6.785708825277198457e+02
