output/example_1/lateral_incision_000233.asc
nrows	75
cellsize	13.33333333
xllcorner	0
ncols	75
yllcorner	0
NODATA_value	-9999
[rows 34 to 50 of 75, columns 0 to 36 of 75]
0.000000000000000000e+00 2.515006273070989664e+02 4.821704522816159511e+02 2.540954908540579424e+02 1.201254427200498867e+03 1.065944798186267462e+03 4.610383334622324014e+01 1.307878124165764575e+02 3.272087580027128411e+02 2.531937358334960209e+02 1.362653318362359869e+02 5.181403932388210478e+02 1.244204819945098563e+02 6.286744381521231873e+01 3.216195884498293935e+02 4.757695044836832032e+00 6.157200749425830821e+01 1.374091775892180181e+02 3.245611921521697809e+02 7.423872868306916644e+02 4.854150144734308014e+01 4.460377689065324489e+02 8.511140601890745927e+01 3.677016383974194014e+02 2.781787150073616033e+01 4.418016360764130468e+02 5.551409072514246645e+02 1.682700613334246782e+03 1.734988056691171510e+00 2.670816557833462070e+02 3.611611101027505697e+02 8.514239660463606469e+02 9.167703450522258208e+02 6.310515587964781048e+01 2.167490764199877447e+02 8.809602236123993180e+01 2.293186743603643208e+03
0.000000000000000000e+00 1.441730393881867300e+01 1.528756359490564307e+02 1.508794330563037249e+02 3.109052446199648330e+02 8.521840139213642260e+02 1.768149300325929207e+00 4.768537729765474182e+02 2.617209524247504078e+02 1.385943038945949866e+03 5.881127209060088035e+02 7.690897158812732641e+02 1.392949463117509595e+03 2.070148899870117987e+01 2.761818842873930180e+02 6.884083804904823864e+02 1.005216641985516731e+03 8.695695523618492473e+01 1.255616872795483005e+03 7.948437700719767918e+02 2.356375915366634786e+02 5.790208163205303435e+02 1.601058676740849762e+02 1.816968575435506409e+03 1.130392206315030080e+03 3.059865630592743173e+02 5.230751129679960059e+02 7.661639463136204142e+01 3.937551269171807311e-01 4.655145328873266521e+02 6.349923432990091214e+02 1.436084667774583181e+02 3.835495354372357468e+01 1.471130080062634988e+02 3.540664024442455826e+01 1.356629292028485906e+03 9.267625763627689821e+02
0.000000000000000000e+00 8.708195099703434607e+02 8.544539107937000608e+02 1.380665313645123661e+03 5.797371292719668556e-01 2.284822849820577595e+00 5.928133771454874079e+01 1.070436484516064411e+03 3.032276106007200767e+01 7.002927382471026476e+02 4.613714989042404682e+02 9.729144423240444484e-01 0.000000000000000000e+00 7.320865026108082247e+02 1.607113398598773557e+01 1.403293912565965513e+02 0.000000000000000000e+00 1.494270144671389517e+03 0.000000000000000000e+00 1.886469339391260576e+02 1.344008641045058638e+01 1.208200936250385894e+03 2.226916603770592928e+02 1.350550176161589661e+03 1.900302068124374577e-01 7.739213064069225538e+02 1.806263833470543204e+03 5.353386824622866698e+02 2.210188690047185212e+00 7.059599877171220328e+01 3.175555243476616329e+00 1.071096626474907776e-01 3.697892838522499837e+00 6.604496619102286559e+02 2.024772037975764931e+02 1.180567342287886419e+02 1.578550177022858350e+02
0.000000000000000000e+00 3.603990824864034437e+01 0.000000000000000000e+00 2.763481895565816444e+02 0.000000000000000000e+00 1.208376011177743294e+03 1.837172915025308555e+02 8.616985107397648562e+02 9.232562338116399587e+02 2.676992934117807295e+02 1.017217579791488106e+03 9.621420396470346077e+02 5.132703001716995459e+02 2.891312322815259108e+02 1.864607461172024827e+01 9.209084825791240974e+02 5.198102157966701498e+02 5.733209108465967319e+01 1.429933278108611603e+03 8.639486057442089972e+00 5.478290524448260612e+02 1.479449698285203567e+03 0.000000000000000000e+00 1.366293227067956551e+01 1.231543839738814768e+03 0.000000000000000000e+00 1.727920220629074777e+02 8.753692061059506386e+02 2.085996886201767211e+02 1.033079941476672047e+03 5.900301435894672295e+02 1.295706356790295217e+02 2.640166496963861675e+01 1.555367833739874641e+03 1.489307557230874863e+02 0.000000000000000000e+00 0.000000000000000000e+00
0.000000000000000000e+00 0.000000000000000000e+00 1.102987698628496901e+03 1.615761309684784464e+03 9.151371523807614494e+01 8.588525233870303737e+02 2.658462674159408721e+02 4.772487417380166335e+02 6.481629664329341400e-02 1.518490268711164859e+01 9.428371568483896681e+01 3.421221252331662868e+02 1.210756930680177220e+03 1.174175700276035599e+02 3.661170408195653181e+01 9.603546095708289840e+02 0.000000000000000000e+00 6.829371732700993789e+02 2.826584019480571328e+02 1.134309056981544472e+03 0.000000000000000000e+00 1.511836115331176188e+03 2.526372351587367575e+02 1.045772450913992543e+03 6.953322333998039539e+02 2.910801457125886600e+02 2.502618359053307131e+02 5.819121108738416126e+01 4.281181525537820676e+02 2.165688265312184058e+02 5.923619699683874984e+01 2.039512943266459217e+02 6.526885149124693752e-01 4.683260299997256766e+02 7.012771500777591704e+00 9.146832834713343345e+02 1.281775962267571423e+01
0.000000000000000000e+00 8.302295227282160113e+02 2.697412601866532977e+00 1.880377348129412383e+02 3.248133183585165398e+02 3.035362949334976861e+02 9.711015616167530595e+01 7.770103650997185696e+00 2.677795436723971737e-06 1.019914539023517897e+01 7.038885871132065404e+02 1.685395070141896099e+02 1.526134196294471792e+02 6.641725653398455620e+01 5.039338239031033027e+02 9.193963397099161057e+02 2.678835119927180042e+00 9.483205450807329129e+00 4.050510098974691005e+02 1.560233131369417606e+03 5.814801806675839089e+02 0.000000000000000000e+00 1.284994513411822254e+03 1.127498699693570870e+03 8.074516937340108598e+02 2.345830710137460926e+02 0.000000000000000000e+00 8.674655742752083825e+02 0.000000000000000000e+00 6.770772302410736074e+02 5.996334228682893581e+02 3.245588511477654379e+02 9.398912037354790527e+02 0.000000000000000000e+00 4.494290884783172828e+02 5.496800428260351055e+02 4.928914707340178447e-01
0.000000000000000000e+00 6.651117115940778604e+02 1.700546473173953700e+03 4.297464930541481749e+02 2.353776492870745329e+01 1.857571343556358201e+01 2.005894158405383682e-03 2.489479767233764539e-03 6.393078801557625646e-01 2.783769600763218666e+00 1.796774034091064607e+02 5.431608002834541367e+02 8.879308305022320935e-01 5.048028675612760026e+02 4.668052617915008682e+02 3.103349456089808882e+02 1.054041354977368838e+00 5.326357342615738588e+01 0.000000000000000000e+00 1.308000847122155619e+03 2.294062509394848348e+00 1.054373648651407166e+03 1.034340283310823224e+03 0.000000000000000000e+00 1.012753346148958485e+03 1.284563640383990979e+01 1.168344653660272181e+00 6.867014072227964334e+02 4.501634644071604185e+00 7.870055586741103753e+02 6.812889619239246297e-01 9.488873228154812267e+00 5.946730868638985257e+00 6.758986822640977152e+02 8.693638292816153808e+02 2.847231645728155627e+02 1.379178724829405311e+01
0.000000000000000000e+00 3.191087556521376314e+02 0.000000000000000000e+00 1.098979968918426948e+03 2.896465191709352212e+02 2.426644634482944429e+00 1.676958743886356373e+01 1.871093643752487026e+02 2.484720102753484241e+02 2.996596858545960913e+02 3.230225523775021088e+02 5.668662334911257261e+01 1.079907747466996170e+03 2.105504825899398469e+01 1.379938029001961468e+03 3.336001496430774438e+01 2.452687629838877683e+02 2.682131846618182749e+02 1.362181278160215925e+02 2.562420642456494146e+00 1.086114970794666078e+03 0.000000000000000000e+00 3.484178819949207195e+02 5.335165313180515341e+02 2.152472324589215873e+02 7.919937303033062790e+02 1.427012782458452591e+02 3.033373287160925802e+00 6.004064494252290274e+00 1.281129527390216083e+02 8.658308713153734288e+02 4.593862510664991419e+02 5.412224544337968624e+00 1.009866753783202512e+03 5.918007183664848725e+01 2.070043597702095184e+01 2.151177519963441398e+02
0.000000000000000000e+00 1.375929847779765396e+02 5.752052196764982455e+02 1.817980145914101797e+02 7.190959692795629508e+02 4.637172011045286126e+02 6.265962043116382318e+01 9.982436062940507338e-01 3.298355081189769180e+02 0.000000000000000000e+00 9.848944298372646244e+02 5.567714850805572269e+02 1.229660497968802474e+03 1.006380991829167293e+01 1.478512822129741835e+02 2.271065308154387026e+02 1.175946146129906765e+03 2.722997529673325516e+02 2.131146956056606143e+02 2.138265095775459645e+00 1.429102357360983888e+03 1.099270749991200375e+02 2.510179187308152109e+02 5.629032189471311085e+02 5.541164215720512942e+01 4.295626863245268510e+02 7.078222628924385162e+02 7.129132768474559043e+02 1.597983388394195288e+02 4.378645704359713591e+02 1.148398354997407012e+02 1.067380995398121286e+03 0.000000000000000000e+00 1.792910083037343156e+02 4.113115611359985380e-02 1.192636244474315390e+03 1.460966550819777922e+03
0.000000000000000000e+00 5.831114568923408115e+02 1.191000409106991675e+00 0.000000000000000000e+00 1.354865352808562193e+03 1.392266159275067139e+01 1.265359124429831809e+03 6.075158619341321398e+00 2.478211803900606185e+02 1.335013565060343133e-01 2.476984816494411064e+02 6.708694800352916445e+02 9.269537652867083466e+01 8.112137779875396859e+00 5.998783800169170490e+02 3.618142756286417807e+02 5.145750106576823555e+02 1.639113159248257716e+02 4.938222242412732754e+01 3.538753874381153075e-01 1.396917818164714163e+03 2.796841745252586406e+02 7.658344700235218170e+02 0.000000000000000000e+00 3.763718700728530280e+02 6.614108050932216543e+01 1.242375568772578617e+03 4.773669553830380892e+02 4.469259196899847808e+01 1.820499458236957224e+01 7.809463424828772986e+02 1.323709693072214009e+02 2.347980751688810130e+02 6.875807488669867098e+02 0.000000000000000000e+00 5.451784915360852892e+02 2.239152274479904747e+02
0.000000000000000000e+00 5.695055186140726846e+02 1.494315746677171092e+03 9.430197680231691493e+01 1.701291641746068763e+03 3.715020849011439736e+02 1.312689814719347536e+00 1.179903630448157941e+02 4.034148027223621824e+01 7.594760937014194724e+02 3.653652326616084167e+01 5.344068361874317361e+02 1.855224979194559012e+02 8.285952177272414474e+02 9.443220640246391895e+01 1.332656604099095070e-05 2.653774293324312907e+02 1.239255309920590435e+03 6.232390707314147704e+01 2.448252497818369875e+02 0.000000000000000000e+00 2.859604690557309823e+02 2.579343162381190950e+02 1.325567611686880809e+03 2.628844194235231271e+02 6.002712326494232542e+01 1.104910122825462395e+03 3.407528633392982442e+02 4.171858580536777481e+02 6.660554741343829619e+02 0.000000000000000000e+00 1.014078157888816236e+03 1.033241489529516599e+02 1.764463863912425046e+00 4.685702073178245541e+02 1.296177655842002423e+03 4.595638061226238733e+02
0.000000000000000000e+00 3.878158162598421388e+00 0.000000000000000000e+00 0.000000000000000000e+00 0.000000000000000000e+00 0.000000000000000000e+00 0.000000000000000000e+00 0.000000000000000000e+00 3.970765288198259135e+00 1.001908820131838418e+01 0.000000000000000000e+00 5.331501844891536166e+02 6.689934686624608275e+02 1.290752308875845600e+01 4.154769742232649037e+02 1.200689777692821423e+02 1.258185525583117510e+02 1.478666698991272824e+03 3.228769490210315496e+01 1.551251732958410514e+02 9.086824158058402645e+02 1.257741757907187008e+01 7.839692031402889825e+02 1.153266714778742653e+03 1.787728716110699878e+01 5.963592369009403455e+02 4.203476851584083533e+02 2.189724150012433768e+02 7.993242027139167760e+01 7.373624544524896010e+02 1.605010088823504759e+02 2.818457423539991282e+02 2.258445135129479411e+02 2.095231762159689879e+02 3.935043344926318021e+00 6.948930408663616163e+02 4.810489633246805852e+01
0.000000000000000000e+00 1.466265428692905459e+02 0.000000000000000000e+00 0.000000000000000000e+00 0.000000000000000000e+00 0.000000000000000000e+00 0.000000000000000000e+00 1.868767258117492114e+00 9.523545537775282810e+01 4.141094248812289038e+02 0.000000000000000000e+00 6.805478394773684840e+02 0.000000000000000000e+00 6.801705908882833000e+02 6.749183320696633928e+02 1.177678169914937143e+03 3.235519957743755981e+02 1.342066144473760825e-01 5.597862774129548598e+02 0.000000000000000000e+00 3.911172585661057610e+02 5.076501284439266897e+02 3.145420800916071791e+00 1.448476686819834413e+03 2.612180996600700382e+02 1.422331523853056979e+03 5.804117464286933981e+00 2.407800685203971014e+01 1.685387219360071409e+00 2.660453158649485061e+00 5.661219105054881595e+01 1.557661936299521983e+02 3.872844213008469438e+01 4.169829916892769575e+02 1.582471677418763875e+03 1.253399681008123991e+02 5.648988611284233912e+02
0.000000000000000000e+00 3.805663115124858109e+02 6.494457263328750969e+02 2.845747814903155093e-01 5.660847596138179370e+02 7.908591585038295124e-05 7.462487650430423400e+02 4.801850234960456874e+02 0.000000000000000000e+00 6.084705261628505468e+02 2.931717095669285413e+02 1.296053150512418824e+03 0.000000000000000000e+00 2.472691164335232561e-01 1.676462219962207598e+02 3.429133919620431357e+02 6.646899097770309481e+02 4.825520200053745867e+01 1.075563315002219042e+03 1.282275764603395373e+03 0.000000000000000000e+00 2.850772298377906395e+02 3.437344277854440975e+02 0.000000000000000000e+00 2.535705457556037743e+02 7.894356743046438396e+01 1.343555014721060616e+03 8.379827599128088167e+00 7.424249351376283812e+02 1.782174394623076239e+02 0.000000000000000000e+00 8.709221499730837195e+02 6.456815382574112618e+02 5.045310209261697310e+02 1.116538385480483612e+03 9.603099463727814964e+02 2.828145732544201110e+02
0.000000000000000000e+00 1.227736116489282239e+02 1.532148375530683282e+00 7.935889311321961404e-02 4.364899586343145010e+00 4.421719781684620330e+02 6.352055321875094762e+01 1.088547876771418856e+02 0.000000000000000000e+00 0.000000000000000000e+00 0.000000000000000000e+00 5.764855637424257218e+00 0.000000000000000000e+00 1.112810502305952241e+03 0.000000000000000000e+00 3.648439637566530891e+00 0.000000000000000000e+00 2.453777738782683571e+01 9.707921576304129303e+02 1.332747614300513987e+03 0.000000000000000000e+00 3.914182004926481113e+02 1.422244433665380559e+00 1.034504558088224030e+03 1.099713583757265383e+02 8.451666072470294466e+02 2.684327478256695372e+02 1.352787264705857297e+03 1.438693238397039067e+03 8.217561885730129916e+02 1.052543869521835234e+02 0.000000000000000000e+00 5.656349876734544750e+02 5.528308928692379141e+02 4.907340251506632285e+02 0.000000000000000000e+00 1.147376135579993843e+03
0.000000000000000000e+00 8.010029222650982774e+02 7.178004405870428428e+00 5.001028324837667682e+00 0.000000000000000000e+00 2.067220420861586661e+02 1.272285254350078247e+02 8.969638532153411461e+02 9.457744666717795567e+00 2.166274685354992187e+02 1.062675742131193147e+03 2.665026967389490054e+01 1.094015228330322770e+03 2.564851924509293113e+01 1.658476608771908104e+03 2.584520794824968704e+01 3.263549988305595662e+02 1.755784216665442273e+03 1.625084583755951328e+00 2.585236660390444197e-01 0.000000000000000000e+00 0.000000000000000000e+00 0.000000000000000000e+00 0.000000000000000000e+00 0.000000000000000000e+00 5.942854261563380760e+02 7.880851740094083198e+02 2.354898723959333040e+01 1.587711831895721161e+03 8.352403022708418945e-01 1.610737184293417840e+03 2.950640066185193788e+01 4.156006558235743569e+02 1.667526746789371259e+02 2.071327181836959994e+02 4.629521515168381143e+02 6.807864193207338985e+02
0.000000000000000000e+00 0.000000000000000000e+00 6.084591967753691932e+00 0.000000000000000000e+00 0.000000000000000000e+00 8.826784153336984673e+01 2.584628843729361165e+02 7.845547950324616977e+02 6.494437328893900130e+00 7.214961340068233540e+02 4.146581440437238939e+02 1.395878617144283282e+02 1.587510554500597095e+02 1.213228654564075697e+02 4.729558814587147708e+02 3.151029295838076223e+02 1.740088158300139867e+02 2.441330607136053743e+02 1.075510988134077934e+03 2.582996164374311121e+01 4.065514269529069793e+02 1.058819116382505143e+02 0.000000000000000000e+00 0.000000000000000000e+00 0.000000000000000000e+00 7.600564255028927629e-01 0.000000000000000000e+00 5.052694118129419394e+02 0.000000000000000000e+00 7.646140998507224822e+02 3.463370838915183185e+02 1.014060204118043657e+03 3.407569051660726132e+02 4.264483858454496735e-04 3.136010466887241819e+02 8.210688698587321142e+02 4.032880332817089020e+00
