output/example_1/lateral_incision_000030.asc
nrows	75
cellsize	13.33333333
xllcorner	0
ncols	75
yllcorner	0
NODATA_value	-9999
[rows 17 to 33 of 75, columns 0 to 36 of 75]
0.000000000000000000e+00 1.340269339908379607e+03 1.590131542182353712e+02 1.916009858341780969e+01 2.248090938121605487e-01 8.573554715168976372e+02 3.839259028859027580e+02 1.794201998446550022e+02 6.669195820673418211e+02 9.616667216510625167e+02 9.248719410310399098e+02 2.458769252665339025e+02 6.598362191458038151e-01 5.654204598447937968e+01 1.440269201987920837e+02 3.327240375842202980e+01 0.000000000000000000e+00 4.717517149796295683e+01 3.213934357813308225e+02 4.634871553251268210e+02 0.000000000000000000e+00 1.298453662254363053e+03 0.000000000000000000e+00 5.073002566842585281e+01 1.587701057610594810e-02 6.977759929831333068e-04 2.319746744378962900e-04 5.911555326983418185e-05 4.241299189161695338e-04 7.579649164235831467e-04 0.000000000000000000e+00 4.912173222676742057e+01 1.066631740556334051e+02 1.553379648822022840e+00 1.258761516262821033e+03 3.133726223097267338e-01 0.000000000000000000e+00
0.000000000000000000e+00 1.421935708828719271e+03 3.424409554203198525e+01 3.486717854816158706e+02 6.505133516623965306e+02 7.722409677815892337e+02 3.353799030980264888e+02 1.233836460131900914e+01 7.038017839132709241e+02 0.000000000000000000e+00 8.700535217497858866e+02 1.670557328182410856e+03 0.000000000000000000e+00 3.135345789678132178e+02 1.300667312548966663e+02 1.152916491415876285e-05 9.118249406204853358e+02 1.466362149390960440e+03 4.663670040225905495e+02 0.000000000000000000e+00 6.149682035833402551e+02 1.199129457014545778e+03 2.283032969353257045e+02 3.546568486916510778e+02 4.905261816664040708e+01 0.000000000000000000e+00 9.642705547765631025e+01 1.232281731280704829e-03 0.000000000000000000e+00 0.000000000000000000e+00 6.168714244760641714e-04 6.002599695339485564e+00 4.036742467974088200e+00 2.508509327663269346e+02 1.312412754374969381e+03 0.000000000000000000e+00 6.891403770396028960e+01
0.000000000000000000e+00 2.089570999237049875e+02 1.099205882415113365e+03 1.186043012011681412e+03 3.920417508627839993e+02 3.034705407503772108e+02 1.248351880385270363e+02 4.023338292589740406e-01 9.131379548231349190e+02 1.037734483753449695e+03 8.138305785813571447e+02 4.418408279243265611e+02 1.693717061423566065e+03 0.000000000000000000e+00 0.000000000000000000e+00 1.374519071563360740e+03 4.810844073943671333e+02 7.819673503602276696e+02 6.534689564409770668e+00 4.273323460701581666e+02 1.623958839867095207e+02 7.153372357267305688e+02 2.042287375209567699e+02 2.467463736786091374e-03 1.487628017111498370e-03 4.663056062742496124e+02 4.187746347381964256e+02 1.996820434549202048e+02 1.618417016603041603e+01 1.368007289437228168e-03 5.099897762579991500e+00 2.408284253711333918e+02 3.511080003394714026e+02 1.250143842028035746e+00 1.266214398158537506e+03 3.370829462833923262e+00 1.347379310212018311e+01
0.000000000000000000e+00 1.219770717251885344e+03 7.434484973154839474e-06 5.776564359053527653e+01 2.794128485913108193e+02 0.000000000000000000e+00 0.000000000000000000e+00 5.478718184428140771e-03 2.233218133032201820e+02 1.357591121303290947e+03 6.130276561589717566e-02 3.314090249586446362e+02 1.466093275692610632e+03 0.000000000000000000e+00 4.535549666843208172e+01 1.688740985843633780e+03 1.100724601006659668e+03 8.675340083002885949e-01 1.488697662173344270e+03 1.412464840527014530e+03 1.043396510836396601e+03 2.579075498347000367e-05 1.409669263317755394e+02 1.129723752790950617e-06 6.432558676494138164e-05 2.886959330502630792e+02 3.214462308403426949e+00 1.409171367785216034e+03 0.000000000000000000e+00 2.804777820661966103e+01 6.840478515460969788e+01 1.272689857055465668e-01 3.071203120627454837e+02 2.010659334801533138e+00 3.041498716533463949e+02 2.283074756180938802e+00 1.189540968135589338e+02
0.000000000000000000e+00 4.021953302306147862e+02 0.000000000000000000e+00 8.513818948688532373e+02 0.000000000000000000e+00 3.825386930907705096e+00 0.000000000000000000e+00 1.055137685675305317e-04 6.394320910766866746e+02 2.975587357632088725e+01 1.645011660911536410e+03 5.691075477512041516e+02 4.971311295693312537e+00 3.955209243852629015e+02 6.191136518203568357e+02 3.886734844565097102e+00 0.000000000000000000e+00 8.187930527141554649e+02 1.409110295904710028e+03 0.000000000000000000e+00 1.004800446554051291e+03 2.275303909836934508e+02 8.782955111211373511e-01 7.167324119708463892e-02 2.531356802341380198e-03 7.982193590202854239e+02 1.644074582999466429e+03 1.396832054420375080e+01 3.517215163782334457e+02 3.724132632887879026e+02 1.553902689825658285e+02 1.031943083388868843e+01 1.301574141372414317e+01 1.017660214478039052e+03 3.601178012052096733e+01 3.457970398951506468e+02 1.185922049189520067e+03
0.000000000000000000e+00 1.150639296459740422e+02 8.516885820459496017e+02 0.000000000000000000e+00 1.057051133042665469e+03 6.788630427116424926e+02 0.000000000000000000e+00 4.561076607060758170e-04 8.118193317696138820e+02 9.016681301027978179e+01 1.174832591212731131e+03 2.430813709735597428e+01 3.961210546569643043e+02 6.830690711132444903e+02 1.653701116707098890e+03 3.334201626129980944e+00 0.000000000000000000e+00 2.037483866275121329e+02 2.327471349328100985e+02 5.486350298152101459e+02 4.390809859877143708e+02 3.645705578190513165e+02 3.478353214531172455e+01 1.410092966658395912e-06 2.029535699715255201e-03 5.253386253925140359e+00 6.161891176252349851e+02 7.282970004923350871e+01 5.934895619207323989e+02 9.265456693801465917e+02 2.560742336883185200e+00 1.937416262282634989e+02 0.000000000000000000e+00 1.143237546691457709e+02 5.391435175177721106e+01 4.601158435708516095e+02 0.000000000000000000e+00
0.000000000000000000e+00 4.183122053247206179e-03 1.476824688227201705e+03 5.793033011175775755e+02 0.000000000000000000e+00 1.659808182314523595e-01 4.900595941884880631e-04 0.000000000000000000e+00 8.126222540493083457e+00 2.675353614200815924e-05 8.079477460935400757e+00 3.438357254747614021e-03 8.707895655251603557e+02 1.351524439290911687e+03 7.761889110299795558e-01 1.208494372470390317e+03 2.368034298997867779e+02 7.008262717597723013e-01 2.381414381704847472e+01 1.622192485344749230e+03 1.079232271380650872e+02 2.165612163798643053e+02 2.105162782707168674e+02 2.293241264327230411e+01 2.311561229866238459e-07 3.013316050978029015e+00 8.855668923116090241e+01 4.816381976314272038e+02 3.097459038264335440e+00 1.829055678951288044e+01 2.086772224848402288e+02 1.561789595590499573e+02 7.860699028060294040e+02 5.641293881371964289e+02 5.684914397822504384e+01 1.061288059499969222e+03 3.161295337781765511e+02
0.000000000000000000e+00 3.509336844926214667e+02 2.354442304460379987e+01 4.332479298771417007e+02 4.754082936077107888e+02 7.689486079638921865e+02 5.593531774436685464e-05 0.000000000000000000e+00 4.854171418303736186e-06 0.000000000000000000e+00 0.000000000000000000e+00 3.530446899970123127e+02 3.483217431733514502e+01 4.972404328607060364e+01 1.181468787884180301e+03 1.908756407987109469e+03 8.100394217212805614e+00 0.000000000000000000e+00 4.470699741217987366e+02 5.867308250466507502e+01 1.414215261664834422e+01 7.905018464759807557e+02 1.410636669248567330e+02 7.609013677067630363e-06 3.979907288087054966e-09 0.000000000000000000e+00 1.153088583120814548e+01 1.081865626071920730e+02 1.916997503931829954e+02 6.838470376639979520e+01 1.128248037441192793e+02 4.632390416890012830e+02 1.112025768860809876e+03 9.986023731180256391e+02 7.447157639476547075e+00 5.009960046452410438e+02 5.692683733852419437e+01
0.000000000000000000e+00 0.000000000000000000e+00 1.739052801666187975e-01 0.000000000000000000e+00 4.897449409862086227e-04 0.000000000000000000e+00 4.297386881876798410e-05 9.537563462871530805e-04 0.000000000000000000e+00 2.156276312299513019e-06 2.351923440206640947e+01 0.000000000000000000e+00 8.352374307232432784e+02 0.000000000000000000e+00 2.424320229567360911e+02 1.299028058620918500e+03 4.372693410005884296e+00 4.977123406491081037e-02 1.067351382225310545e+03 6.078310077547026822e+02 4.610071109819314756e+02 4.695337829755602570e+02 1.558626485386839100e+01 0.000000000000000000e+00 0.000000000000000000e+00 7.561537285769301564e-06 0.000000000000000000e+00 1.501459486115213053e+02 1.615886827504387497e+02 4.633020720253210243e+02 9.554351019339455888e+02 1.311083823340757881e+01 1.494646010347581978e+03 1.774417224736819662e+03 3.844947015992482875e+01 1.034856735174166609e+01 8.518974833174228252e+02
0.000000000000000000e+00 3.558218198282505114e+02 2.382488686478384565e+01 0.000000000000000000e+00 6.594199079251326623e+01 1.752884402984941801e+02 1.253650541712382619e+03 1.747053278380696838e+03 1.347496689304958863e+02 5.573483158367602108e+00 0.000000000000000000e+00 0.000000000000000000e+00 0.000000000000000000e+00 2.996425260814795593e+02 9.961192794749918278e+01 2.684239526998295560e+02 7.598566883515442214e+02 3.706302083299425476e+01 3.341081839534268738e+00 2.095111212694758529e-01 2.745098628317016392e+02 1.795542974166353624e-05 1.560160936455513292e-01 1.062538296008277428e+01 1.063610876506931469e+01 3.282576694426667530e+01 2.590275243943299301e+02 2.092197922944630477e+02 2.283216501340502589e+02 1.792855673035558937e+02 2.180781241652558037e+03 1.540138901547181149e+03 1.648981772237720236e+02 8.032907055667850216e+01 2.581528542264054522e+02 1.187160712101113631e+03 1.314892442930542131e+02
0.000000000000000000e+00 3.967333628030226933e+00 1.514800708126145867e+00 1.337262804490093913e+03 1.209601080847431149e+03 9.833410147582266614e-01 2.529515301739691893e+02 1.170632620139996583e+00 2.716511101337650302e+02 5.835513691818509534e-05 0.000000000000000000e+00 0.000000000000000000e+00 6.104313165176410735e-05 7.881270560199617421e+02 8.932804546347006180e+01 1.586310793700934880e+02 3.333976699016081113e+01 4.330702744870418996e+02 1.561788641147337196e-03 0.000000000000000000e+00 1.297702833708147411e-04 7.870254521616912413e+00 1.542415094114851380e-04 3.648258524565790140e+01 2.904355096632503519e-02 4.427274745768740694e+00 2.844689507000399131e-01 6.668690913812048393e+02 1.868634930042933604e+02 2.051601917993948803e+02 1.150570071847757617e+03 2.939092206041492545e+02 1.323480929125646753e+03 4.689085948758391353e+00 2.858082320362385644e+02 4.546446347271960775e+01 5.817684291996089163e-01
0.000000000000000000e+00 1.613189000926566905e+03 1.646906651219240075e+03 1.443027092322436147e+03 1.134867469103332249e+00 1.346062598749941344e+03 1.018549464606988977e+03 1.255892170528465840e+03 5.563568308807049334e+02 8.376171303842963312e+01 6.502764530521391319e-05 1.162201700668698129e-01 6.338858949890498889e-03 5.255817520811249324e+02 2.041090264944541843e+02 1.753564825883756157e+03 2.962472171220319979e+02 4.976392902206659414e+02 1.354117247432630759e-03 6.032393590370639571e-04 0.000000000000000000e+00 1.235385935818304932e-04 0.000000000000000000e+00 1.514454259777376571e-09 3.065649625847506741e+02 5.783080845302316675e+02 3.343850876170379820e+02 1.867175381766982722e+00 3.484114874894185618e+02 1.160704314620738700e+02 1.951118777892976368e+02 2.629009014711155032e+02 6.568847160550496938e+02 3.503183653041181600e+01 2.113292475545550815e+02 4.328789298273909480e+02 1.986440802161655528e+00
0.000000000000000000e+00 5.978965380552847542e-01 4.569182124136645928e-01 3.068771117245271629e+00 3.931786827408412677e+01 7.632735470638682500e+02 0.000000000000000000e+00 0.000000000000000000e+00 3.165521435076379362e+02 2.497860898114369859e-06 1.338491437981066099e+02 1.707990329010317943e-01 1.907172412669230156e-06 1.377389004402216344e+01 1.274635499335235794e-03 6.034678496991723517e-04 3.401372847271180166e-01 5.580048881074168854e+00 0.000000000000000000e+00 4.875332423743120903e-04 0.000000000000000000e+00 2.612874711453061423e+02 0.000000000000000000e+00 1.629054750938703586e-04 2.365193129120728849e-02 4.189122666942319597e+02 1.101818147954554661e+03 1.168480775634618794e+03 1.317186131330499279e+02 7.286701837773733814e+02 1.442244382030742429e+02 3.791054036555574385e+02 3.431026648797878806e+02 6.804839880023881449e+01 3.310802906947154725e+02 4.100713451375165164e+02 0.000000000000000000e+00
0.000000000000000000e+00 7.138850618411960340e+02 5.514370993850395308e+01 1.509242521204072546e+03 1.104599700182546496e+00 4.523007304763377192e+02 9.711800307207432752e+02 9.955623602757555091e+01 1.107381830903164428e+03 1.390392029128386184e+03 4.284746911693605220e+00 0.000000000000000000e+00 2.610759689811112394e-02 1.488886324925627232e-03 0.000000000000000000e+00 5.649780255503132186e-04 0.000000000000000000e+00 0.000000000000000000e+00 8.230505631364922468e-05 0.000000000000000000e+00 7.842285489776975282e+02 3.466510698791541029e-02 8.744777996279909758e+02 1.428967934089264355e-02 2.332273417886562505e+00 2.608379158498886907e-01 0.000000000000000000e+00 5.937991926291297204e+02 1.947434327116886834e+02 8.572060771068461094e+00 2.917953889540181081e+02 3.629536642794035970e+02 1.225721701776191594e+03 4.051317601382998390e+01 6.171661332118502514e+02 7.550615978798479944e+01 8.921038486458991201e+02
0.000000000000000000e+00 6.992226483051771311e+02 0.000000000000000000e+00 1.634038009688972352e+03 6.840083896919906010e+02 1.085644049565660794e+02 1.445594990980246621e+03 4.469314786432104825e+02 1.214892372463446577e+02 3.504310439601000553e+02 3.063529356231695715e+02 4.828023764492479775e-02 2.304596224928711194e+02 2.101643701427648239e+02 9.632525926103206645e-06 6.729484812821326725e-04 0.000000000000000000e+00 0.000000000000000000e+00 1.179625760948119711e-04 0.000000000000000000e+00 9.209972910617599382e+02 4.857853452365978910e+02 8.927306407448193113e+02 0.000000000000000000e+00 9.530363032730496897e+00 1.829860973954191650e+01 2.961140233615403758e+02 6.077949919661877232e+01 3.037013180157197212e+02 3.426948044627400805e+02 7.838564508716838741e-01 1.853553196473543274e-01 9.573189356322235426e+02 0.000000000000000000e+00 4.901241603330880707e+02 1.145308475690369754e-01 5.663961612469491911e+02
0.000000000000000000e+00 1.077933495318149504e+01 5.460327814409561553e-03 6.016202822665663064e+01 1.537023698007855728e+03 3.559063769559259640e+02 7.281320075411366055e-01 6.082154183225680981e+02 9.521471525450527906e+02 7.002377942265594584e+02 0.000000000000000000e+00 1.931959696410490892e+02 5.369986891955281862e+02 0.000000000000000000e+00 9.180085292996787416e+01 1.024286959911238290e-03 0.000000000000000000e+00 1.199877037794256078e-04 3.103965981175077218e+02 2.872720906602864943e+02 6.099952584441057368e-01 3.371376309371072466e+02 1.056753287719865426e+02 7.913734583653534855e+02 6.734709251146521183e+02 1.172182299196355189e+02 1.180874088948147354e-05 6.868306967769720472e+01 1.974768629125578627e+02 1.779282775696876797e+02 3.029203595847667430e+02 6.688398085958229444e+01 0.000000000000000000e+00 9.319751123239449271e+02 4.378811207413172042e+02 3.735783189866623957e+02 1.886228950609366706e+01
0.000000000000000000e+00 6.159281076480315614e-02 1.094315946841921405e-02 5.074085675325767236e-02 0.000000000000000000e+00 1.164474560204757381e+03 1.089332784597507271e+03 1.473236237380048408e+02 2.986064460225910239e-02 8.389041400536215165e-03 0.000000000000000000e+00 8.534476600340199184e+02 9.075788591602824695e+00 9.144523524606681804e+02 9.411849586917961688e+02 0.000000000000000000e+00 1.475255130426451032e-02 2.901158450749765620e+02 1.027074885119192942e+02 8.257175019772530504e+02 1.841830076214474445e+02 1.170553928118753447e+03 3.746430486550098027e-01 4.296638387457023356e+01 4.496514078889126154e+02 4.132863286240672664e+02 2.496154962586448107e+02 2.360319994512718722e+02 7.777081721079678118e+02 3.643899128808856247e+00 3.452211902014323073e+02 2.078505743675318911e+02 1.277034832174722169e+03 9.644370847789853940e+01 3.527368758801343915e+02 3.861342511248240044e+02 1.895387621874028525e+02
