output/example_1/lateral_incision_000045.asc
nrows	75
cellsize	13.33333333
xllcorner	0
ncols	75
yllcorner	0
NODATA_value	-9999
[rows 17 to 33 of 75, columns 37 to 73 of 75]
9.897519042184052540e-02 2.040295711801864229e+02 6.805064844332890939e-01 1.023390887321361902e+03 2.799399619665329624e+02 2.046735762109774726e+02 7.828562566083453476e+02 3.895203774194796686e+00 2.672944373330756207e+02 5.736726777383851505e+00 1.011759006216298395e+01 3.774598240254666592e+01 1.501511363791256827e+03 5.664809791823762453e+02 1.400253262593619930e+01 2.598516978029793449e+02 0.000000000000000000e+00 4.577989471989328507e+01 1.068578321064625811e+02 5.957320178991203363e+00 7.678716075328595707e+02 1.324612567377590949e+03 2.423601581081786804e-01 0.000000000000000000e+00 3.190924215673441200e+00 0.000000000000000000e+00 0.000000000000000000e+00 4.580650115007432532e+02 5.944888065903430743e+02 5.771228223529578827e+02 2.773578993612966315e+02 6.942783276261900482e+02 0.000000000000000000e+00 8.652957613539184933e+01 2.006880037803328645e-02 1.075236837079181527e+02 8.541040169961346464e+02
1.070760250047472027e+03 7.412932578582657470e+02 8.501004130641841527e+01 1.974030451676148212e+00 4.722735584657724139e+00 3.245330209910095505e+02 1.963552112832331602e+02 2.682450092630405152e+02 0.000000000000000000e+00 5.890417414200821433e+00 0.000000000000000000e+00 1.438241119647170052e-01 7.107597866218563354e+01 0.000000000000000000e+00 1.153065589652554346e+00 8.777520538561049079e+02 0.000000000000000000e+00 0.000000000000000000e+00 6.421756465115696528e+02 2.906352895819505306e+02 2.073575256406779843e+01 5.808968340605335925e+02 1.424975715810642214e+03 0.000000000000000000e+00 1.077584780826162614e+03 1.520198329444206365e+03 5.168985788336669884e+00 1.027737079388068423e+03 9.945625156958319621e+02 1.994044971774997288e+00 1.121784156804533723e+03 3.132152013082567805e+02 2.772349461659275107e+02 5.957863882567605742e+02 5.451045070517744762e+02 2.152905003990169632e+02 4.640929171809297600e+02
3.295152940842258895e-04 1.469153459868884283e+03 8.928733277192362721e+02 2.481556787894008576e+00 1.650442032482940476e+03 0.000000000000000000e+00 5.546859344142532109e+02 3.551219108747865789e+02 2.647438335274604171e+01 6.278312376445716936e+00 2.173800427460512857e-02 1.173725819808369986e+00 7.180342919374378425e+02 9.910090075223004078e+02 5.186021270426563206e+02 5.355804129786755352e-01 1.502953700162341022e+01 5.937127553679707717e+02 1.682407313759666977e+03 7.523540108785282428e+02 4.710799317824915988e+02 0.000000000000000000e+00 9.254181191701100033e+02 1.472383326533429349e-01 2.224912258144624033e+01 0.000000000000000000e+00 2.662366405488720034e+02 5.480501230348450008e+02 0.000000000000000000e+00 8.482371541619797881e+02 0.000000000000000000e+00 2.969196449626425647e+02 5.921942099718609853e+00 1.020734796423528878e-01 2.815385033419045158e+01 4.724154746265838867e+02 0.000000000000000000e+00
0.000000000000000000e+00 9.740240430276031702e+02 9.134765115232878543e+02 2.200426598343273952e+02 5.177336398047516752e+01 1.998796658081537316e+02 1.456987947890211785e+02 8.660265867738546319e+01 0.000000000000000000e+00 4.051955847627759510e+01 2.076436911599305120e+02 1.104045717594349441e+02 0.000000000000000000e+00 2.008081669892986199e+00 2.131554567715038888e-05 8.789645966287043848e+02 1.807838154698221160e+03 4.083106713392268716e+00 1.040285374736949734e+03 4.265839247519407422e+02 1.008744936295809225e+03 1.828787604643706572e+03 5.565361836734497025e-01 3.889985242973934305e+02 8.847294791810429615e+02 0.000000000000000000e+00 1.846589568538109916e+01 1.657639591183884249e+03 5.815294580781698386e+01 3.504605261164246031e+02 8.687040644473980819e+02 2.750996750550007732e+02 4.607659659928666684e+01 6.566853748400694357e+00 2.556157124711341916e-05 7.130350342907661556e-05 0.000000000000000000e+00
1.132049830162881790e+03 8.744354944136707442e-01 5.424682915075569554e+02 4.930544041590726678e+00 1.247457620354953463e+02 1.314903789258142979e+03 1.919930350409032087e+02 4.082629279052480911e+02 4.481930038576880548e+01 9.363718064988926244e+02 2.010653139710262280e+02 3.624484012677534679e+02 6.658907389548045330e+01 1.494983799839303629e+02 3.513530720333152999e+02 1.333752358272806191e+02 1.828654760732491468e+03 4.983420653533391373e+02 0.000000000000000000e+00 1.215661789707640082e+03 6.388456567385278340e-02 2.644785226455711680e+00 4.934412324965274479e+02 1.398121353232940692e+03 6.452385708175979744e+02 1.171839493225851569e+01 8.180485617730813601e+02 0.000000000000000000e+00 9.838102273817105470e+01 5.741174036164644612e+00 1.816844969630492690e+00 2.587420426454470146e+01 6.865368122505968729e-02 6.153929690712433143e+01 6.812331437104571705e+02 1.368971010911441226e+03 0.000000000000000000e+00
8.625047266406969584e+02 2.048322272091635909e+02 1.100797741966045749e+02 1.818659541134059339e+02 1.452756976601978067e+02 2.953447655318300917e+02 3.392006214685164611e+00 1.220133091517143100e+02 1.043580273374884428e+03 1.056117251252396272e+03 1.286393600915004765e+00 8.016863997905498991e+02 1.633780869987119218e+02 2.473451038509391253e+01 4.665990133628391163e+02 8.710207782098523239e+02 1.573219549662686345e-01 2.171760128932966722e+02 1.239347821224401059e+03 2.295067669792250908e-01 1.005926583424538990e+03 1.667873645740928851e+03 3.452793912235763401e+02 3.426321090995846816e+02 0.000000000000000000e+00 0.000000000000000000e+00 1.064495555218234585e+03 4.275705922065058928e+01 1.645699143389896335e+03 4.488658086471897377e+02 3.787252865137276103e+02 2.077288444949439850e+02 7.092084090860323897e+01 9.104418461195083410e+02 9.927170921068105258e+01 5.041740583211866067e+01 9.916048737145598257e-03
1.021889005705756553e-01 8.444633395888131417e+02 1.518570108121346891e+02 7.610637968987452950e+01 2.118148836876708074e+01 9.575792009669002027e+02 2.495794037945351818e+02 8.874279365777046347e-02 7.684140174092676716e+02 5.078774757412492704e+02 6.541060059262794368e+01 1.814132776584941382e+02 5.975404548567397569e+02 7.487762051806780619e+02 1.282698379278664147e+00 2.179835272902678298e+02 0.000000000000000000e+00 1.081015177822007217e+03 6.434661156476354918e-09 1.458419926360174941e+03 1.018129893532720189e+03 1.773642489930030308e+02 2.283391005263350593e+00 8.804107127842085490e+00 3.078397062978705776e+02 0.000000000000000000e+00 3.505095728479818717e+02 9.788230022606828618e-01 1.088494064836121424e+03 3.030673675964981726e+02 1.005701537066503448e+02 3.050395888976199643e+01 0.000000000000000000e+00 1.059902326856834634e+03 1.291640640396168571e+01 1.613571865315064315e+03 4.882372705490560261e-05
1.989319676260170366e+00 6.002741889417383163e+02 4.921453358514332876e+01 7.242162316628374583e+02 4.999160815931017687e+00 1.182470454312230686e+03 1.539761907596252755e+00 1.111760410133087134e+03 2.800994120499305851e+00 1.593394165945026089e+03 1.135914404723386042e+02 1.205548767723334549e+03 1.549742240531997339e+01 4.758957021097552911e+02 3.816160439485873326e+02 1.330187090846692968e+02 1.334208169124001870e+03 3.995443064546279344e-02 5.912729745935264418e+02 9.799067548408486346e+02 2.057327034267660437e+01 0.000000000000000000e+00 1.533429805967860524e-05 0.000000000000000000e+00 0.000000000000000000e+00 1.537190722316373694e+02 2.196841575291282211e+00 1.566808964262426684e+02 0.000000000000000000e+00 5.924833238813675962e+02 5.094207185320206577e+01 1.079307389700616568e+03 5.636042723580488882e+02 1.479264218543237575e+03 2.060447108299800334e+02 2.866351723475627296e+02 1.151024298199154333e-01
1.612060462943719941e+01 3.580354502168497106e+02 3.465426732379930854e+02 2.250983478288366939e+02 0.000000000000000000e+00 3.794024278375960080e+02 1.522570005342917284e+03 1.212375891869045716e+02 0.000000000000000000e+00 8.479353195775934182e+01 0.000000000000000000e+00 8.733396786294779304e+02 1.291240310460541991e+02 1.404330741775828812e+02 1.124161452378635204e+03 3.786863838626769621e+02 7.918683740712989305e+00 0.000000000000000000e+00 0.000000000000000000e+00 0.000000000000000000e+00 1.760406668889087589e+00 3.771474663465018917e+00 4.532965697845844133e+00 0.000000000000000000e+00 1.583954559958230812e-01 9.168725351954847156e+02 3.963822911067228461e+02 5.404621411815636520e+02 5.616405450481520845e-01 7.678320062356617655e+02 7.070179659190454231e+02 1.227348513979620293e+03 2.424396516757882978e+02 2.308111638000425714e+01 9.186327205099357798e+02 2.508589386030438391e+02 3.622884947064453058e+02
5.646156242606755749e-01 1.297363117187732087e+03 1.073304985384810607e+03 6.600071972015439492e+00 1.007697941505818903e+03 1.282793462998933137e+03 6.684156927544536586e+01 2.853941885253227042e+02 4.392129604620907735e+00 9.034031720254810693e+01 6.812631063575985308e+02 6.499996104987030288e-01 0.000000000000000000e+00 0.000000000000000000e+00 1.075191155582933655e+00 0.000000000000000000e+00 1.748594149429058234e+03 0.000000000000000000e+00 0.000000000000000000e+00 2.019945399694416608e+02 8.794700321924638908e-01 5.300703244233213809e+02 2.163784328827605066e+02 2.133610178279678848e+02 3.651350969812291236e+00 4.547205228515690010e+02 2.436759641401048526e+01 1.784392548516007309e+03 4.291194090803700760e+02 7.273178200133773430e+01 3.147894785810890106e+00 1.671997762665661753e+02 0.000000000000000000e+00 1.471898310239512739e+03 1.370088668187617486e+03 2.440936750780662976e+02 5.319774149483396378e-05
3.264969931713253004e+02 0.000000000000000000e+00 9.424374312087726366e+02 1.215232437862575125e+03 1.075611424538893175e+02 1.646849638128998095e+03 7.827452723632687821e+02 3.604342120513067016e+02 5.699072469583109068e+02 3.639148242100657740e+02 1.116215106508097108e+02 7.533408586121042845e+02 9.912332986076824000e+02 2.039092674282369799e+01 1.546876166942225154e+03 0.000000000000000000e+00 2.132727560084148308e+02 7.920448145216475950e+02 1.261937899090561288e+01 1.398567655459699836e+03 1.089621009299507477e+03 0.000000000000000000e+00 4.459006504393040018e+02 1.022975781139621176e+01 1.093794187860529288e+00 0.000000000000000000e+00 2.141811072189238985e+01 3.905496228919323585e+02 7.369830661905808711e+01 8.922980809153440305e+02 1.177381556637990570e+03 5.020339522912262851e+02 0.000000000000000000e+00 6.552324285853185302e+02 7.567238750009222485e+02 8.118667414214520761e+00 3.642085301021880366e-04
4.615212425700478320e+02 4.270575093784714227e+02 1.708351235008136086e+02 2.448846032174988522e+03 1.116693096070819365e+03 0.000000000000000000e+00 0.000000000000000000e+00 8.814773875667724496e+02 1.538554225398305334e+03 0.000000000000000000e+00 7.396632049344514144e+02 1.005599985906915435e+03 1.871984074840151990e+01 1.485426218151799503e+03 1.138427553947098204e+03 5.850298815274117032e+02 5.914793591425131503e-01 1.004069653695839065e+03 1.532456568158849223e+03 3.484511388790537012e+01 3.697964585094741778e+02 2.556066927956140375e+02 4.185182767232196852e+02 2.527670488506089157e+02 7.641432020747587650e+00 4.733604696286894953e-01 0.000000000000000000e+00 9.292490758766850378e-01 7.934084860700569664e+01 6.785784150938131916e+02 0.000000000000000000e+00 3.967008260918437372e+02 2.776232530987573455e+01 9.957416849926387314e+00 1.604834089496293359e+02 3.509170396773059224e+02 8.091531400555139898e-05
1.054401618459260614e+00 4.870907910953510722e+00 3.618440979536838427e+02 1.573508241857485723e+00 2.640254165115497875e-02 1.738291803417165738e+03 1.725576369328290639e+03 1.110084375173331583e+00 8.365524872502593325e+02 1.472499772271718484e+03 1.014687711718153309e+03 1.011334661822094603e+02 0.000000000000000000e+00 1.563666037264567876e+03 1.133583237866741626e+02 4.658350878351970592e-01 6.744496078602746536e+01 2.890623529028493408e+02 2.391630391506598983e+02 0.000000000000000000e+00 0.000000000000000000e+00 1.133779116196199766e+03 1.430188128616274980e+03 1.930795131378247049e+02 2.565896687685196298e+01 9.642002154246682721e+00 3.621960328880459239e-04 0.000000000000000000e+00 0.000000000000000000e+00 9.805610287404345580e-05 4.189305456252100885e-06 1.470186319811312720e-07 3.461352549247084198e+01 8.302649231735348394e+02 5.145271319725526205e-01 3.647193930008328380e+02 1.403231664924315503e+00
2.756787756090310495e+02 1.770389440659407565e-01 3.658606152940259904e+02 1.057917593130991918e+02 5.333705653928510770e+01 2.052412817576722226e+00 1.406604728016155150e+03 6.302834198562803749e+02 4.642526268959958458e+01 7.340358556297247787e+02 1.192875490743224845e-03 0.000000000000000000e+00 4.157143717218988286e+02 1.146616258625317819e+01 6.133097645329101510e+00 7.050270701089905501e+00 0.000000000000000000e+00 0.000000000000000000e+00 7.423671103123576813e+02 1.239138849890056918e+03 4.585850721913273986e+01 1.481725164760418489e-01 5.018757869346374889e+01 3.979944321549519373e+02 1.748005499106581510e+03 0.000000000000000000e+00 2.618148870542185693e-04 3.168512331776546947e-04 3.516471448943179468e+01 5.245096830256980525e+01 6.894195274045621602e+01 4.734371997134597443e+00 8.020479087558445030e+01 2.023592226025097141e+00 9.365919078261657660e+02 5.041259589113004722e+02 4.416867254461944299e+02
6.166760390943502301e+01 0.000000000000000000e+00 4.683675261915396248e+01 1.007576376877611466e+02 1.101928224509252061e+02 1.136508929815221205e-07 0.000000000000000000e+00 1.881675506035234813e+00 4.776207093871050802e+02 0.000000000000000000e+00 1.596588078545345070e+03 0.000000000000000000e+00 8.449146424249549625e+01 6.458334951215378794e+01 3.404085156735737314e+02 3.408236269013186188e+02 1.138200060345661541e+03 5.590257270688025528e+02 2.206666507025946373e+02 1.320448920016287274e-04 1.311859874989333093e+03 1.405446285649136826e+03 1.688505198201615030e+03 2.374258796919105663e+01 7.006433974780760536e+02 1.746510233191655288e+03 1.323956328526394145e+03 5.661914153216406476e+02 1.737201513073430021e+02 5.960833850505566716e+02 7.694971368224622132e+00 7.418935219603606246e-02 0.000000000000000000e+00 9.180224560352718832e-01 7.159693850972449525e+01 4.217883426105909166e+02 1.580160176154194751e+01
8.683914509256078418e+01 0.000000000000000000e+00 2.959220646945269095e+01 2.651541913546949236e-01 9.526082669157027567e+02 3.568580787685594657e+01 0.000000000000000000e+00 1.347653176789653573e+00 1.171561260774367611e+03 8.598747315108421496e-01 1.074011360294925680e+03 0.000000000000000000e+00 2.982049809447603650e+01 1.859450250132343854e+02 9.831195264034223555e+02 3.612896215793811621e+02 1.835190033647396968e+00 2.275218773206994654e-04 1.104656165587241787e+02 1.498538620490643147e+01 3.113907685919760979e+02 8.427625047955525872e+01 7.524537471801996844e+02 0.000000000000000000e+00 2.336140883859149753e+00 8.890577874240024414e+01 4.651433238062002147e+02 1.033303216201135911e+03 3.467828943805545805e+01 7.800427771450102910e+02 1.178573641071739075e+03 5.698881782446688931e+02 1.298642588238861073e+01 0.000000000000000000e+00 1.948694662574524372e+01 4.001105830849293277e+00 8.637731008872531646e+00
1.908048295133888246e+02 4.125087831784277070e-01 2.549600519013598046e+02 1.197436580402615363e+02 6.667456524303216270e+01 9.183765485502257775e+01 1.061739054442171437e+03 0.000000000000000000e+00 5.614528483338032174e+02 1.507354975687904552e+00 1.632901827471898741e+03 3.979907299685838591e-09 1.063216645613519631e+03 0.000000000000000000e+00 4.966712934366144054e+02 6.085219097090443618e+00 7.536822619862677186e+01 7.093441971588125625e+02 0.000000000000000000e+00 5.480840159834822305e-03 3.824344446463362078e-04 1.430495413594669307e-04 8.764843194311472985e+01 1.166730080550384173e+03 4.061527740101243467e+02 8.143671352912056136e+02 1.085565489711539433e+00 7.723135312874620695e+01 9.726129863682491532e+02 1.835933276038174654e+03 1.095071947710721815e+03 6.253389869685279479e+01 9.542834620701823667e+01 1.413005577800744504e+03 6.172809707598534033e+02 1.053273871079612945e+03 5.637527123793684147e+00
