output/example_1/lateral_incision_000294.asc
nrows	75
cellsize	13.33333333
xllcorner	0
ncols	75
yllcorner	0
NODATA_value	-9999
[rows 51 to 67 of 75, columns 0 to 36 of 75]
0.000000000000000000e+00 0.000000000000000000e+00 1.870004265871906171e+02 7.208156577758752626e+00 0.000000000000000000e+00 3.547590982419662531e+00 0.000000000000000000e+00 8.092657881329887459e+01 1.075144071986765539e+03 5.590744306084184601e+00 2.468788651243096126e+02 7.838415445796869108e+02 7.259571572236878865e+02 4.721430692579608035e+02 1.593302975350659381e+03 1.017693153590821709e+02 5.076493712778699887e+02 1.362234602108718207e+01 1.366141965773675793e+01 4.827129909161642729e+01 1.320545715437547507e+01 2.515169845306573961e+02 1.039956346995987815e+03 0.000000000000000000e+00 5.974204092393279097e+02 7.716109592560452484e+02 4.036884693945265781e+02 1.411230756460532803e+03 3.391793267768156852e+02 0.000000000000000000e+00 1.293002801657769851e+03 0.000000000000000000e+00 9.981549444664902921e+02 2.738814207625814561e+02 1.120363380768924117e+03 6.207545696505301294e+02 3.003499800309564876e+02
0.000000000000000000e+00 7.788511098571447064e+02 3.000922498084895906e+01 6.851392747955642335e+02 2.626446358132513481e+01 1.212027575480543184e+01 1.800674628102402153e+01 5.257813089022730537e+02 8.190785124740405081e+02 1.396684555753950292e+02 1.270821618773100454e+03 0.000000000000000000e+00 1.595936993516729103e+02 2.020864108095898715e+01 3.964218064479026111e+02 1.184323015077255690e+02 1.064695122023936847e+03 2.541613083608781215e-02 3.335278556900748725e+01 0.000000000000000000e+00 2.214000383913001997e+02 8.042434949074626047e+02 6.769854550718903852e+00 2.916405103168989967e+02 9.797490078471922743e+02 9.697253099499682776e+02 1.089889714893604378e+03 1.977296816152149528e-01 1.113979053768599897e+03 4.155410307499931264e+02 2.291946012438995695e+03 8.810954242791094657e+02 6.172206260924172350e-01 0.000000000000000000e+00 0.000000000000000000e+00 0.000000000000000000e+00 0.000000000000000000e+00
0.000000000000000000e+00 0.000000000000000000e+00 9.457706435940004894e+02 4.105609038314154304e+02 5.994689154106457352e+01 0.000000000000000000e+00 2.453215292880573770e+02 1.082688793533472165e+02 6.532232128402881699e+02 0.000000000000000000e+00 0.000000000000000000e+00 7.580159132991946080e+02 6.008989758981638261e+02 0.000000000000000000e+00 6.353670587251484676e+02 5.845469429912401438e+01 1.461877345672006641e+02 6.952465371488746086e+02 5.202781583387628643e+02 6.275679562671459735e+02 2.445202120844353715e+02 5.868431294946252592e+02 3.057366563854817798e+01 1.694914965943963125e+03 6.214794345452800144e+02 8.982074697680959616e+02 1.648187965097089247e+01 1.016972301747171903e+00 2.626267425626642282e+00 0.000000000000000000e+00 7.830649168486443159e+02 1.105138817050996295e+03 1.938429372979960519e+01 1.170556470148676908e+03 0.000000000000000000e+00 0.000000000000000000e+00 0.000000000000000000e+00
0.000000000000000000e+00 9.519286626618426794e+01 1.221006959022172168e+03 3.409360188111384105e+02 2.661285664489242819e+01 1.468499685502877294e-01 6.647689567259106980e+02 5.695967470807664768e+02 4.442475102492894052e+02 2.018384865752081936e+01 1.421596387894110194e+03 2.518415125664688503e+01 9.715310299991523380e+02 7.892843300024421751e+02 1.230331771736447990e+03 5.676317753074671657e+01 1.074111209338484059e+03 4.368696119431044167e+02 6.035288159384410847e+02 5.882629406181986553e+01 2.499140366204106272e+02 3.072485234899507986e+02 9.553601261363020569e+01 6.114738288754840596e+02 6.519246986048151484e+02 1.121384084502811902e+03 0.000000000000000000e+00 1.611461421798495337e+02 7.447853800872603642e+02 1.327584973798131614e+03 4.521924692471765539e+00 0.000000000000000000e+00 6.670239321337360252e+02 8.669361517754024362e+02 1.382472133932011139e-03 1.605710794436713968e+03 1.329499146506409033e+03
0.000000000000000000e+00 0.000000000000000000e+00 1.510666549471339382e+00 1.812315079992189908e+02 5.088176423604576826e+01 4.521875720358566468e+02 1.563668452630973249e+01 3.550165514109810516e+01 8.781792632385104298e+02 0.000000000000000000e+00 8.519455151520131722e+02 2.404283581889425647e-01 1.081712209767657669e+03 3.580066496851085276e+02 6.818110395230321501e+02 7.262450776411854747e+01 5.209681253861623418e+02 1.492308040541434195e+02 7.827299241093310229e+02 3.326003936477926004e+02 1.298194043824500277e+01 4.464638249290468934e+02 5.887684672408790476e+01 6.982827597130027470e+02 1.167084634262446387e-02 1.426714439635194953e+00 6.896793553936744274e+02 7.698243234981551950e+02 1.305543005209186980e+01 1.042618579234471321e+00 1.282687109642227824e+03 3.957374641066729737e+01 9.595336819223543898e+02 2.511145682104000230e+02 1.149254047841651982e+03 5.161367725695028552e-01 7.655804244085833261e+02
0.000000000000000000e+00 3.932724929493330137e+02 8.759805003181039638e+02 1.947068387361457553e+01 2.156125800625289912e+02 1.240596932663658890e+03 2.041144826009786470e+02 1.199228069813700813e+03 7.871462951770532754e+02 2.520369851625043793e+02 0.000000000000000000e+00 8.336563538417852970e-02 6.721031187439585892e+02 1.022494107063495790e+03 7.744227463227528574e+01 1.976194538179479707e+02 1.663998317023083757e+02 1.651695764508643305e-01 1.157625013257892022e+01 4.041751672229368069e+02 0.000000000000000000e+00 1.127860075097344634e+03 1.225683001879957175e+02 4.292728168977877772e+02 2.088786881787573435e+00 3.264594612043867983e+02 6.256468432468146830e+02 8.231349427040801174e+02 3.938064750831227343e+02 0.000000000000000000e+00 3.512505409400339431e+02 2.414537372758409788e+02 6.536760721829939484e+02 4.200653025410894656e+02 2.682399071302987181e+01 7.872798148813604939e+02 1.495657825647432659e+01
0.000000000000000000e+00 9.619356412307047322e+02 1.433612007861408415e+02 1.127374680175596040e+03 9.163331392422829902e-01 9.387402738382960576e-01 1.309818327374654530e+02 2.105072623477659590e+02 0.000000000000000000e+00 1.024146494998192793e+03 4.078815930861843526e+02 3.792214054964321690e+01 1.190451613165452756e+02 4.862396972006434481e+01 7.684347600934472666e+01 1.117240720023139829e+03 1.646509632454074890e+00 5.457855214954265648e+02 1.585656282718501586e+02 1.436674107958085358e+02 3.185417450808733406e+02 1.268843067913950335e+03 7.234191201621999312e+01 1.358161490837720464e+02 5.420246036687304922e+02 1.157814678989460111e+00 2.870828556425449847e+02 6.342932185368052842e+02 1.691325170744399884e+03 1.771227567428617533e+01 2.762049532192197034e+02 1.107661680906384021e+02 1.481802567895267657e+02 2.939629125088394801e+01 6.039791021546680322e-02 6.060682704253088104e+02 3.673068933672257685e+01
0.000000000000000000e+00 0.000000000000000000e+00 6.866840919652740922e+02 0.000000000000000000e+00 1.220799296484559591e+03 3.640332039980856393e+02 1.390413604594065646e+03 7.738539389033804810e+02 1.193622043765043827e+03 5.627214368398579154e+02 2.255353997290404777e+02 1.643585396076004956e+00 5.908681542985053738e+02 2.868658995279670307e+02 0.000000000000000000e+00 3.890225890982231931e+02 4.202883167583947852e+02 1.072298810174368899e+00 5.631955604042991581e+02 5.977941426449926894e+02 5.857522344625400592e+02 4.856892903373034587e-01 1.760031469818830772e+02 6.725265244870930701e+02 0.000000000000000000e+00 0.000000000000000000e+00 9.219459147767830043e-01 5.546250555011664574e+02 2.004093571327206291e+01 2.898764272904525683e+02 7.947131846559071278e+01 0.000000000000000000e+00 4.550375688433933163e+01 4.421233251661715258e+02 2.432488070500466506e+02 5.274410136505471414e+00 1.302474065084945209e+01
0.000000000000000000e+00 1.159645575625704851e+03 3.530527867725173223e+02 8.385300030332948609e+02 1.152901889031026258e+03 2.462581826973650578e+01 8.778499867984942284e+02 1.037899728503263532e+03 1.014776045690537217e+03 5.651305230937402939e+02 4.939629663524234502e+02 6.020818290276183689e+02 0.000000000000000000e+00 3.481676312438144549e+01 1.106008243604370136e+03 2.317407222609632811e+02 1.112373664542453298e+03 6.317850211456423040e+02 1.592877653981330965e+01 2.640746034397285058e+01 2.917920310514310813e+02 2.207494407629262412e+01 1.229458459777193411e+03 9.978341114976516337e+02 5.273208220872224956e+02 2.637164898847756067e+00 1.112543216945978884e+03 2.519865426754845572e+01 8.242382432145382154e+02 1.403802429402976486e+02 6.325425342083999567e+02 3.198559990881860244e+02 0.000000000000000000e+00 0.000000000000000000e+00 3.883175792276583138e+02 1.746593788157413485e+01 1.231609627626259318e+01
0.000000000000000000e+00 1.107279293024734670e+03 9.288723624681656474e+02 1.252816612668716090e+01 2.899901133061825931e+02 9.151006846179893728e+01 3.720856978713057117e+01 2.445228698189342964e+00 0.000000000000000000e+00 7.042805459272869939e+02 1.875476770248034697e+01 7.934951986730166027e+02 2.682766581522518550e+02 1.037087567764742289e+03 3.339992134477720924e+02 5.006349351395377312e+01 9.520856259295842392e+02 8.772139159677548150e+02 1.455059145940053895e+03 3.879161327050584305e+02 2.230245156438236336e+02 1.520529439270597152e+02 1.376639335888097548e+03 3.195175073649249953e+02 6.358712014123807421e+02 2.245631042667326085e+02 2.176589045517975762e+02 6.548996562982033254e+01 8.484029436418100545e+01 0.000000000000000000e+00 1.167093774056271741e+03 5.060527117638634422e+02 8.821148483489585246e+00 5.011535931183138359e+02 2.401847287185781852e+02 5.125105586704370353e+02 1.811025308773789106e+02
0.000000000000000000e+00 1.513694150203636624e-01 3.846323080283650664e-01 1.721491413041350071e+01 3.094245627546254340e+01 8.418677277075831853e+02 8.772382454648992507e+02 8.837907686767199493e+02 6.840451649214702279e+00 5.138290188921306623e+00 2.414774990654272813e+02 1.358685065133200396e+03 1.122787928994855911e+01 1.320633115827438814e+03 4.966613875493204091e+02 1.461444945082164493e+00 5.697009713438112612e+02 2.880789529659093162e+01 5.294091114243929042e+01 3.697331269641860558e+02 2.746147290706944943e+01 1.570904454463097863e+03 0.000000000000000000e+00 2.779122377544841171e+01 2.575769460086409595e+02 4.126449082244448050e+02 4.650644019766369865e+02 0.000000000000000000e+00 3.307994694637323505e+02 2.743133078414327315e+02 7.472590163510982393e+02 7.106060624102805434e+01 0.000000000000000000e+00 7.375150828584911267e+01 1.486529318291598827e+02 2.468034488720126873e+01 3.858612655840249772e+02
0.000000000000000000e+00 1.034970205281541098e+02 3.901523290105829744e+01 1.103712301634243609e+01 6.929843521483397808e+02 7.430389769752003986e+02 0.000000000000000000e+00 6.611360444458501888e+02 3.880302355358095383e+02 5.845654520401335503e+02 5.817382416667035017e+01 1.532559635005557084e+03 1.788510428679002473e+02 1.412085522415003140e+02 4.378537163057264934e+02 1.767245404685296819e+02 4.339877005341828919e+01 5.621749718278998671e+02 1.505484078942783022e+01 1.045392238655928674e+00 4.820666915417318705e+02 1.403491120914486373e+03 2.368777956231514565e+02 1.334434764169429627e+03 1.571894403923716599e+00 1.356560522650448206e+02 2.795236198375155823e+02 2.990612686282626100e+02 8.093476041960130374e+01 3.060054912643853653e-01 1.105403920166419738e+02 1.495468752808083650e+02 7.102811523092020707e+02 1.035801491768009797e+01 1.010232346040606330e+03 3.563082393114659681e+02 2.487091218733116643e-02
0.000000000000000000e+00 9.926456500561785106e+02 1.247518196872810904e+03 9.416780413937304957e+02 6.940139009129296710e+02 4.009449877365535144e+02 3.089435970999200549e+02 6.586511052020478019e+02 0.000000000000000000e+00 1.079996220006410397e+02 9.833316744786816344e+01 0.000000000000000000e+00 0.000000000000000000e+00 2.707859505897463350e+02 1.083917059457744017e+03 3.565623086614344288e+02 4.174482405636699589e+00 4.250786803263099500e+02 7.549461330352216919e+02 2.800298703336686046e+01 7.519434099644292928e+02 1.565277224558179796e+03 3.142371343965228334e+02 4.696607352728870524e+02 1.225181642501938313e+03 2.502646746033301781e+02 7.005686090097063357e+01 1.489525511014469146e+02 7.272180087760391416e+02 2.929351307133538853e+02 2.975556197624719061e+02 9.561411639177612187e+02 6.168510508273131743e-01 4.343699212979934146e+02 1.972872812194331971e+01 4.930625697426125953e+02 6.977840668880543262e+02
0.000000000000000000e+00 1.996626668565377258e+02 8.118626269779149425e+02 1.749382672475454683e+02 3.745638250100064397e+02 1.027410772519400780e+03 1.973428075009066163e+01 3.544847888090449040e+00 5.574847244282847214e+02 1.662015996084028018e+02 1.719963264502684069e+03 7.912969657524512535e+00 1.692645775020401588e+00 9.147680053939239997e+02 1.549061023037286304e+03 4.303745477378889746e+02 1.324562277778246333e+01 7.665826129950677341e+02 2.388814642196305726e+02 4.218831621717579594e+01 1.261925839100411935e+02 3.522534647700906163e+01 2.055642181341130197e+02 3.498764249116157430e+02 1.046077363029381104e+03 9.192652208496865285e+01 1.040059019239441341e+03 2.923447471464255045e+02 6.623734052611048639e+01 2.642801159355922778e+02 2.277880854331784519e+02 1.417223922601458526e+03 1.470213092913090804e+03 0.000000000000000000e+00 1.072241751916754311e+03 0.000000000000000000e+00 1.099164094090198915e+02
0.000000000000000000e+00 1.404537738041534851e+02 2.623580376811410556e-03 2.285454701934671107e+02 5.061800881236237615e+02 1.188555703934840002e+00 1.674905604521342184e+00 1.213106813925204960e+03 1.657359833520646589e+03 5.650017287647412445e+01 2.366399175503139674e+01 6.069587157113344347e+02 1.612906393776938501e+02 2.846180996087380208e+02 3.672866256161817091e+02 8.547828036509476135e+01 3.759016512597860515e+00 6.980548615782591924e+02 1.059484493405418704e+02 2.670746096172657644e+02 1.063924877348190421e+03 3.289436242151775218e+02 0.000000000000000000e+00 4.700205251748772071e+02 1.058309497199711586e+03 4.360068161812002785e+01 4.631638968609548215e+02 5.856542085177125045e+02 4.256375024341887414e-01 1.351306627798829041e+00 6.752443411839781220e+02 1.763284310845590852e+01 1.625325828454632983e+03 8.648881223789093156e+02 2.299795557801072476e+01 1.459866205827075419e+03 4.606598157637181430e+02
0.000000000000000000e+00 1.381498915776234753e+03 1.128317229728334610e+02 9.383776832235000711e+02 1.576693470136421638e+03 1.171834038746631137e+02 6.303463221842864641e+02 1.093575604126251164e+03 1.564423104903934814e+02 1.547737816773214263e+03 6.303015795790605580e+02 1.020735815513411360e-01 1.497973374696127848e+02 1.236524673443869460e+03 1.665194073923656333e+03 2.059308899270997983e+02 4.207057793106344548e+02 2.338267155160894504e+02 3.898711972473947753e+02 9.890754066179802066e+02 2.984244616805441979e+02 5.774379027347851689e+01 4.357954506069563081e+02 9.083970282964994567e+02 8.517070772638851039e+00 1.219451276588478379e+02 5.049666922031109948e+02 2.789370277601126880e+00 0.000000000000000000e+00 3.637966170761428089e+02 9.274031354076751086e+02 2.033838769717806940e+02 2.563682385160064996e+02 1.513086243831313071e-01 6.086979101524133284e+02 1.565484011777184151e+03 1.842261960536841912e+02
0.000000000000000000e+00 2.877523304129358905e+01 4.817351844920462156e+01 7.759912752632935451e+01 6.752810270196148679e+01 2.598310861093905189e+01 8.359253529837259578e+01 3.941544445360067783e+01 0.000000000000000000e+00 2.536793870543054936e+02 4.217589931825410758e+02 6.853278201814708837e+01 1.870605763854352688e+02 3.104132534207297454e+02 1.162226967193808065e+02 6.917008975795347396e+02 8.349748240606901390e+02 4.540250963941447537e+01 8.042235444159317694e+02 7.616436139618794243e+01 1.697824901698691136e+01 0.000000000000000000e+00 5.961785441974973310e+02 2.162357004360332979e+01 2.229953476126906367e+02 2.498133313729428266e+02 1.118992128611153248e+03 4.949576484893842689e+02 5.773296972371733773e+02 3.752338920723240676e+02 1.856220065011956422e+01 3.378959921638526431e+00 1.129546631572628357e+00 1.308631224863896932e+03 5.319465918011926533e+02 2.110726061409910699e+02 2.231519560741865007e+02
