output/example_1/lateral_incision_000036.asc
nrows	75
cellsize	13.33333333
xllcorner	0
ncols	75
yllcorner	0
NODATA_value	-9999
[rows 51 to 67 of 75, columns 37 to 73 of 75]
2.978833539860115138e+02 7.021630387100680082e+02 1.552398689591754817e+02 0.000000000000000000e+00 1.135201896601934550e+03 0.000000000000000000e+00 7.554099322618752694e+02 3.987016471692550483e-06 3.619888819002410401e+02 6.401231030229186103e-02 0.000000000000000000e+00 1.780360449312212018e-02 1.736005345808864370e-02 6.688478480790638510e-03 3.281003757762881445e-01 0.000000000000000000e+00 9.305167642640242320e+02 7.527789072143982594e+02 7.450012187678553000e-01 2.264832688351423040e-02 5.324485098609446823e+02 1.062637583130154582e+02 1.946777929604172073e+02 3.532032835417543737e+01 1.445287235684054622e+03 1.497208396123590546e+03 0.000000000000000000e+00 1.318640195209497961e+03 1.821426177484570275e+01 1.458559641878751563e+03 0.000000000000000000e+00 5.799587915994064815e+02 5.069777288535736659e+01 8.469520446216227683e-02 1.118082096160248739e+03 2.821999268101898224e+02 1.375034842303091446e-04
2.840099159019749564e+01 3.720655421372978253e+02 6.028592120338654468e+02 1.020542498280487735e+03 0.000000000000000000e+00 6.929417869202477505e+02 1.386134058565465921e+03 2.829015606857377634e+02 9.874647407989342249e-03 9.279454493939871895e+01 5.745297607746019821e+02 1.176673907541703784e+03 4.022848780067512280e+02 6.545535240659722831e+02 1.240669456068886944e+02 1.488095527942250101e+03 1.213943368460289474e-06 3.813823169512396305e+01 4.909141503802454736e+02 1.009553977998941605e+03 0.000000000000000000e+00 1.516927362698504851e+02 1.857186140139122088e+01 7.396684655547339844e+02 1.991522774629552259e+03 1.567963843065403807e+03 6.633311736293885588e+02 0.000000000000000000e+00 0.000000000000000000e+00 1.311133674946218434e+03 4.275848700945751943e+02 1.607940563526008004e+00 1.021212892843529062e+03 1.286565438096852176e+02 7.017681438516673325e+02 3.437283592194012840e+02 0.000000000000000000e+00
1.547448764836835267e+02 7.116925516869922319e+01 6.307146049006306932e+00 1.127281932479023681e+03 5.151240111777993889e+02 0.000000000000000000e+00 6.337411877486965217e+00 4.160094728878046908e+02 1.231325112370959971e+02 0.000000000000000000e+00 8.202826647509385560e-02 1.244788102273336392e+02 2.285934299958139206e+02 3.522120336970977661e+01 1.096378042183878989e+02 8.151489757125595759e+00 9.790266818693679625e+02 0.000000000000000000e+00 1.342852545631989756e+02 6.898817422409242006e+00 3.031815417815616911e+02 3.298849125465464454e+02 3.370593306674976475e+01 5.735629781530016089e+02 0.000000000000000000e+00 1.189323602325539923e+03 1.928372014834889825e+01 3.124122031181524515e-06 6.873657303920239201e+02 0.000000000000000000e+00 7.356452815323447112e+02 3.735635183324492345e+02 1.419145624881750223e+02 9.767707363580184392e+02 4.610750864983510837e+02 0.000000000000000000e+00 0.000000000000000000e+00
1.508763084055793693e-02 0.000000000000000000e+00 0.000000000000000000e+00 0.000000000000000000e+00 2.871087392790869899e+02 7.889063116805854747e+01 1.435266084001822483e-05 3.490643102642023143e-05 0.000000000000000000e+00 0.000000000000000000e+00 5.304912783855176031e+02 3.614634419699899581e+02 1.045071621480497015e+03 9.358294452165241637e+02 5.520485989420863007e+02 3.050774284511012269e+01 7.852133225625950672e+02 2.600707830366101234e+02 0.000000000000000000e+00 1.422810865576360868e+02 2.176487873391197070e+02 1.586818746802111036e+03 6.688972448544906513e+01 1.044450326211498577e+03 1.242629369145365672e+03 0.000000000000000000e+00 7.352722191789052886e+02 1.485837423576552055e+03 0.000000000000000000e+00 3.100530438433959830e+02 5.238604201232170254e+01 1.537297727526550034e+03 1.128359791499012545e+03 8.917426934432327812e+00 2.315414054480794448e+02 1.293312931263589917e+03 0.000000000000000000e+00
1.391843091694385350e+02 7.177882444503327974e+01 0.000000000000000000e+00 0.000000000000000000e+00 0.000000000000000000e+00 3.139694772352992376e-06 0.000000000000000000e+00 0.000000000000000000e+00 4.706235326112698236e-02 2.288450469553118261e+00 2.769269553858433384e-04 0.000000000000000000e+00 3.577852531995382890e+01 1.647537268472549385e+02 6.399270353179680342e+02 1.731983120217857390e+02 1.463157939749403447e+01 2.582734221175538546e-04 9.000350662400251681e-04 6.799729124825570903e-03 6.244389622614324509e+01 2.018551411459088030e+01 3.803658714717223006e+02 7.471699150881134983e+02 3.725347310019184177e-01 1.214432637583511450e+03 7.026779313184781017e+01 1.649362455518983325e+03 4.596412297811669987e+02 2.503448469272685273e+01 0.000000000000000000e+00 1.693168788005991985e+02 1.349980387665223134e+03 3.968613795467821888e+02 4.258066323108828044e+00 8.965130136143987727e+01 8.195442833436061392e+01
7.171743591447143444e+02 1.258869008634404025e+02 5.565337972066791963e+02 0.000000000000000000e+00 1.020487316250827519e+02 9.043661202994961741e+02 1.590875744496655670e+02 9.964322739339392001e+02 4.349749528060482930e+02 9.999369820383100205e+01 8.806331445421511665e-04 0.000000000000000000e+00 9.613139416478614407e+01 1.100299715623649774e+02 7.679652139894342326e+02 3.619014098568236193e+01 3.255195941157993502e+02 6.569531092337178857e-02 6.007471128254284540e-07 9.109179609252836372e+02 6.840426908000553112e+02 3.163631649305033378e+01 6.157748181465681370e+01 1.028208090562476627e+03 1.296244836909304468e+02 1.524017076332884244e+02 7.473359497132059914e+01 6.280910366844191101e-03 1.028242931143947089e+03 0.000000000000000000e+00 5.107805310845336066e+02 1.690186149780014659e+02 7.152405433952236535e+01 8.209936112317595871e+02 7.322833012514735174e+01 1.136941075403014793e+03 1.192033410255237840e+02
4.371955331048760627e+02 6.859737187082095033e+02 6.236986259205946226e+02 9.107200409550804920e+01 8.198250335750026352e+01 1.039368547955283475e+03 1.156964896869181075e+03 1.111467087542773458e+00 1.349048518115427875e+01 1.357565341659652177e+03 1.746429955150384501e+02 1.091785916138864651e-04 2.836915374090869240e-06 0.000000000000000000e+00 1.351507222116539424e+03 2.753052081707973002e+02 1.466416165810189568e+03 1.198763830926814933e+01 3.714938413655860927e+01 0.000000000000000000e+00 6.584175390513449599e+01 2.433301858882884119e+02 1.375072727901237386e+03 0.000000000000000000e+00 2.299405748079984448e+02 1.401475851351022470e+02 1.403968132576871142e+02 7.815378679006413165e+01 4.244526963228062755e+01 1.087152423740711129e+03 2.346344627668041749e+00 2.614472240009994408e+01 0.000000000000000000e+00 1.435190733650300920e+01 5.703588516292271606e+02 5.700740908294767021e-04 2.001316044414525948e+02
1.058266712724981062e+03 1.535558808655513076e+03 5.874638099664292668e+02 1.752518769955127675e+00 4.283359163715969089e+02 2.434515470934426329e+00 5.523401306331553684e+00 1.515267946750788610e+02 1.181864571746865522e+03 2.095176490225638588e+01 1.572533305647207555e+02 0.000000000000000000e+00 0.000000000000000000e+00 3.358037865545457775e-06 5.810536420076042532e+02 1.623569737726296580e+02 1.731236209328657765e+02 4.798573437552771104e+00 7.039264738529748229e+02 1.833391340677126493e+02 0.000000000000000000e+00 6.040653947877764267e+02 2.451375723709481136e+01 7.543178513690972586e+00 2.099003086803031124e+02 2.111516829097893205e-02 5.408806960868434999e+02 3.816885736281631125e+02 0.000000000000000000e+00 4.876314401561940599e+02 0.000000000000000000e+00 5.616191687701049204e+02 1.118470546205773246e+02 5.619514845247930879e+00 7.577391295635634627e+00 3.040327857455475851e+02 0.000000000000000000e+00
5.719898252936978906e+02 2.056704014762312340e+02 9.691102742260999658e-01 4.230319340081597375e+02 0.000000000000000000e+00 1.319077597158332935e+02 7.322458429925120527e+02 0.000000000000000000e+00 4.481826412912747060e+01 5.861625072054492875e+02 6.331136442997228642e+02 1.526745376421016764e-02 7.249079922568935162e-04 3.875107652362872086e-03 1.487762694820330358e-05 0.000000000000000000e+00 5.114237153474267793e-03 0.000000000000000000e+00 0.000000000000000000e+00 1.805469434277864593e+02 1.311036313478185775e+03 9.418778923152933658e+02 2.188000254624979135e+01 0.000000000000000000e+00 1.466909167337663575e+02 1.507063531941450041e+00 3.257320106454907886e+02 4.346924562114351431e+01 1.737690100724965305e+03 1.145013459981106962e+03 0.000000000000000000e+00 0.000000000000000000e+00 4.672493064640584635e+02 4.122103306590376803e+01 7.359131138229735476e-04 5.279837944012764410e+02 1.999044774331900580e-04
2.556147733197235983e-01 1.220065194505635731e+02 1.784552780684600464e+02 3.221183165807927367e+02 1.691283100578390304e+03 8.548713159250303306e+02 2.143064418490801870e+02 1.057205474627386366e+03 1.385690220319181378e+02 1.221654390346999103e-01 9.719531587768857894e-03 2.182764956178400578e-02 9.171355266404407303e+01 2.540108060977783566e+02 4.874951153044848411e+02 1.126266373552265842e-03 0.000000000000000000e+00 3.847928117156244809e+01 0.000000000000000000e+00 2.793425590377706058e+01 1.329363062381683903e+03 7.282521815010017008e+02 4.331448122415850577e+01 4.661678334767443521e-05 8.674972215244416418e+01 5.786782428718404425e-01 2.249209936087709707e+02 8.237268772120477252e+02 2.262224869668581773e-02 8.225623360120558614e-01 1.174389619074618622e+03 1.756944077731863629e+01 4.729478235627458389e+02 1.273872261022988823e+03 1.110793887238275829e+03 1.486039834231501573e+03 9.775641773855367478e-02
1.687069811489426456e+03 1.528262909424541704e+03 1.660240071789214369e+02 1.924671595740768169e+02 9.460426550397525602e+01 2.312358209086621059e+02 1.160987988062523755e+02 0.000000000000000000e+00 2.017444862856387022e+00 0.000000000000000000e+00 3.732641256100994553e+01 1.014808830278205164e+03 7.956992556570413626e+02 0.000000000000000000e+00 5.428379201371220830e+01 5.564070466928085601e+00 5.050699066384435458e-05 5.550746014139135696e+02 5.435825183809384242e+01 1.077839294066843649e+03 3.833943797598116987e+00 1.629268670509717936e+02 2.914590057729760275e+01 1.383642294059917940e-02 1.294426661729857209e+01 5.897658131215428057e+01 7.194219612975654172e+02 0.000000000000000000e+00 2.749198618217332637e+02 1.045672147068044069e+03 6.287401030075045583e+02 0.000000000000000000e+00 8.361521656010474146e+01 0.000000000000000000e+00 3.896460170286647440e+02 1.234113203418379889e+01 3.038438947120848752e+02
2.415652969617854069e+02 5.727264967799028454e+02 1.270930450348223673e+02 1.446430546070159266e+02 1.459449935664654596e+01 6.516843196795332460e+02 1.305553686314897050e+03 6.989659357276906348e+02 1.615493425532887670e+02 6.194306077071423111e-01 0.000000000000000000e+00 1.230300540057275384e+03 1.738091300874196636e-03 7.847618278085120664e+02 9.938662385330080724e+02 4.328062196925104430e-05 1.134473670838514749e+02 1.775289927417073343e+01 1.487854032565267516e+03 1.161649189272345595e+01 7.835475304023868830e+02 8.003345507166782724e+00 2.751718015340977530e+01 5.364062420838914804e-05 7.714317046497336605e+01 4.986303987003896623e+02 4.398607380411582994e+02 0.000000000000000000e+00 8.298802385225579883e+02 0.000000000000000000e+00 0.000000000000000000e+00 1.187067943422025337e+03 8.600933509499574257e+02 1.413142959778378582e+01 1.425902819537877519e+02 1.098853056684867170e+03 0.000000000000000000e+00
0.000000000000000000e+00 2.591733233864732142e+02 8.182930327236107360e+01 2.465533855977930102e+02 4.609136838334011372e+02 0.000000000000000000e+00 6.794893751289868078e+01 4.451849150757041684e+00 1.500873534997878167e+01 3.128971853487810222e+02 1.552972146725718630e+03 3.241494154932141214e+02 1.650908182930827707e+03 6.687483453008310335e+02 7.222647155307078126e-01 2.774311257778465126e-06 0.000000000000000000e+00 1.139089146402744035e+02 9.925709952833713032e+02 0.000000000000000000e+00 9.966412089289387950e+02 1.564231162061455791e+02 1.030135375756502469e+01 8.301913023369536515e-03 2.692761828187451578e-01 7.801374147242510162e+02 9.128157660041377852e+00 2.853995785008291932e+02 1.435864509964949093e+03 6.772134915988523574e-01 2.528079851106023401e+00 0.000000000000000000e+00 2.823885068720001641e+02 0.000000000000000000e+00 1.579265614639843761e+03 5.483049540738670657e+02 7.061490367748114672e+00
1.241727038715290377e+02 2.854191239271770998e-05 0.000000000000000000e+00 6.605701272601412536e-06 0.000000000000000000e+00 2.390316464607421665e+01 1.174225246655658195e+00 8.743838402952387456e-01 1.673182167450348743e+03 5.528672431862731855e+02 4.767089686799974579e+00 1.970469061662740557e+02 0.000000000000000000e+00 3.826179743567161040e+01 2.556280927630274480e-01 2.229119556361519518e-04 1.129745092592546518e+00 1.061610230104263336e-05 3.920576460938908099e+02 0.000000000000000000e+00 7.014318746916892451e+02 1.281039706953280586e+02 2.077890722850557340e-04 3.661568818561071221e-05 7.854306755541122129e+02 2.825877729047991394e-01 1.336948204045790476e+02 6.302411667239898634e+02 6.520889125250432699e+02 0.000000000000000000e+00 1.597061734230229391e+01 4.113409035678745909e+02 1.204918388830405547e+03 5.129278460214137425e+01 1.728104832006599736e+03 2.034031896434161126e+02 5.026356032058564294e-01
3.764246323076842482e-01 3.281414935048754842e+02 9.097860252362032218e-01 8.098656107942680311e-07 0.000000000000000000e+00 2.513659246956697398e-03 6.325269812512466672e+01 1.353793066106410947e+02 1.556015163933655231e+03 5.686554810839747631e+01 1.141462764891174174e+03 1.688214153944342343e+03 3.794829419104671047e+02 5.119439305185732110e+02 8.250808778772180663e-01 6.427712216191421891e-04 2.981635735280912058e+02 6.876379797127293614e+01 2.609652157167049609e+02 3.920979369925545939e+02 3.045995576140661569e+02 0.000000000000000000e+00 2.692183203300898526e+02 1.382949473093369193e+02 4.685327310135273819e+02 1.782915752897646033e+00 7.119677958275628953e+02 1.168152068961114992e+03 7.507680785260248513e+01 2.994558671291517538e+00 2.284747301083635218e+00 2.287399780826479230e+02 4.454480262370152559e+02 5.733778054894611387e+01 4.106263825481311187e+02 2.370830621327534118e+02 3.404604612841482236e+01
7.111947552010100253e+02 3.220826137026591027e+02 2.019617191571512066e-02 4.058059559298017405e+01 0.000000000000000000e+00 4.517319327828811737e+01 8.417509042338245928e-01 9.295073859824969986e+01 6.967530227064447246e+00 1.086205111774042507e+03 1.678511497622571369e+03 1.546035620657532128e+01 1.122538711462963811e-03 0.000000000000000000e+00 4.338128066244092474e-04 5.547039302292557750e+01 4.486456231922193751e+02 3.262940183632979441e+00 4.876502776052905119e+02 4.975441848994261136e+02 2.825523702333857523e-01 3.262282772345187709e+02 4.923378424845169548e+02 1.082781638519242335e+02 5.589039125244864437e+01 7.808080308764393749e+02 4.209243321378119962e-01 1.009874910650845266e+02 3.318631599248873272e+02 2.552664008531665019e+01 3.585875747532844571e+01 2.539496857181216427e+01 1.566170779905459653e+02 3.999693298020450811e+02 1.969572984372586433e+00 7.713663478518171814e+02 1.396915293342726727e+02
3.457184155207658591e+02 2.949667498295042378e+02 1.341972973551963378e+03 1.305259452620547052e+02 6.301543145983481509e+02 2.119558326589965134e+02 1.589065602204323113e+03 0.000000000000000000e+00 6.288571970032273839e+02 1.467645118911291775e+03 1.185258319787684087e+02 8.531129926593830626e-02 6.984508961158890372e+01 8.351929255454159318e+00 6.077312091549952129e+02 1.081520440468719698e+03 0.000000000000000000e+00 1.068596326988391866e+03 2.005277604040741579e+01 7.951230151940345081e+01 1.059513192152856647e+02 7.343227022678827325e+02 9.390053453219297808e+01 4.128075800151875114e+02 8.733640593863618733e+02 3.496357052219101433e+02 3.389882743185092528e-01 1.449347355242057915e+02 8.937023940032875089e+02 9.907662667471701020e-06 4.283685630896726798e-02 2.485707901877962342e+02 4.088049122050979349e+02 2.117718037815185710e+02 7.060941324101362397e+02 2.614526568765873638e+00 4.621082850274152065e+02
