output/example_1/lateral_incision_000296.asc
nrows	75
cellsize	13.33333333
xllcorner	0
ncols	75
yllcorner	0
NODATA_value	-9999
[rows 51 to 67 of 75, columns 0 to 36 of 75]
0.000000000000000000e+00 0.000000000000000000e+00 2.123570310058642292e+02 7.208156577758752626e+00 0.000000000000000000e+00 3.547590982419662531e+00 0.000000000000000000e+00 8.092657881329887459e+01 1.178465595501787220e+03 7.855634725840233479e+00 3.593756508024165441e+02 7.838415445796869108e+02 7.259571572236878865e+02 4.721430692579608035e+02 7.828889326716547714e+01 1.182400976765197100e+02 8.075983189765183852e+02 8.749096931209814443e+01 1.366141965773675793e+01 1.062764401250054078e+02 1.320545715437547507e+01 2.737268008607371712e+02 1.370026492471934262e+03 0.000000000000000000e+00 1.010972755594323303e+03 1.363934639610407430e+03 4.036884932012034142e+02 1.459419098364700631e+03 3.506447495038052580e+02 0.000000000000000000e+00 0.000000000000000000e+00 0.000000000000000000e+00 0.000000000000000000e+00 1.628161396654171767e+03 2.825148352553260906e+02 6.442630249880704696e+02 0.000000000000000000e+00
0.000000000000000000e+00 7.819093441052546041e+02 3.179433821769812241e+01 6.851392747955642335e+02 2.626446358132513481e+01 1.212027575480543184e+01 1.800674628102402153e+01 5.257813089022730537e+02 9.963401806675989292e+02 1.570800035322917836e+02 1.608756196012943974e+03 0.000000000000000000e+00 1.595936993516729103e+02 2.020864108095898715e+01 6.786693804390685045e+02 1.409707858198252666e+02 1.354944454791506359e+03 2.541613083608781215e-02 3.335278556900748725e+01 0.000000000000000000e+00 2.214000383913001997e+02 8.689409783534226790e+02 8.174518899153493834e+00 6.962782197029835061e+02 9.848659154212524527e+02 9.697253099499682776e+02 1.089889714893604378e+03 1.977296816152149528e-01 1.120957246348653825e+03 4.178778867190230812e+02 4.988101831163061206e+02 1.414597599964829442e+03 1.172690960940328523e+03 0.000000000000000000e+00 0.000000000000000000e+00 1.503416380228572734e+03 1.458476448697122578e+03
0.000000000000000000e+00 0.000000000000000000e+00 9.457706435940004894e+02 4.615859569065490859e+02 7.098124297662758408e+01 0.000000000000000000e+00 2.453215292880573770e+02 1.082688793533472165e+02 6.872305987234881286e+02 0.000000000000000000e+00 0.000000000000000000e+00 7.822638652759860634e+02 6.008989758981638261e+02 0.000000000000000000e+00 9.185659617558727632e+02 7.250216586981203193e+01 3.959995543358963914e+02 6.976605644323265096e+02 5.202781583387628643e+02 6.275679562671459735e+02 2.445202120844353715e+02 1.273031825083206968e+03 6.009599190361238641e+01 1.281619707887553659e+03 6.214794345452800144e+02 8.982074697680959616e+02 1.648187965097089247e+01 1.016972301747171903e+00 2.626267425626642282e+00 0.000000000000000000e+00 1.388238337101376828e+03 1.424177358718813821e+03 4.312283167677707496e+01 0.000000000000000000e+00 0.000000000000000000e+00 0.000000000000000000e+00 6.319170906178488423e-01
0.000000000000000000e+00 2.447044914507547446e+02 1.489750904481245243e+03 3.685384809084840185e+02 4.209663019077868285e+01 1.468499685502877294e-01 6.647689567259106980e+02 5.695967470807664768e+02 4.600720318254959125e+02 2.247957019876734819e+01 1.507552026510262294e+03 2.518415125664688503e+01 9.732039436745972125e+02 7.892843300024421751e+02 2.516471495014127697e+02 7.181453155924283749e+01 1.357142125873701616e+03 4.368696119431044167e+02 6.035288159384410847e+02 5.882629406181986553e+01 2.499140366204106272e+02 9.672576464716844384e+02 1.132673260562560245e+02 5.702491252046015688e+02 6.541884389354555651e+02 1.121384084502811902e+03 0.000000000000000000e+00 1.611461421798495337e+02 7.650737530263189683e+02 1.491413001878210025e+03 2.445904554268529552e+01 0.000000000000000000e+00 8.252581068519193650e+02 8.750653568407631155e+02 1.472949965947998408e+02 3.573313387195222646e+01 5.688789079747008373e+02
0.000000000000000000e+00 0.000000000000000000e+00 1.510666549471339382e+00 3.046496609232023616e+02 5.685264846104341530e+01 4.521875720358566468e+02 1.563668452630973249e+01 3.550165514109810516e+01 8.781792632385104298e+02 0.000000000000000000e+00 8.519455151520131722e+02 2.404283581889425647e-01 1.081712209767657669e+03 3.580066496851085276e+02 8.474084893810480708e+02 8.657705643240204552e+01 6.782368861277752785e+02 1.492308040541434195e+02 7.827299241093310229e+02 3.326003936477926004e+02 1.298194043824500277e+01 3.301239904988871672e+02 6.931953074663434222e+01 1.421387938691376803e+03 1.167084634262446387e-02 1.426714439635194953e+00 6.896793553936744274e+02 7.698243234981551950e+02 1.305543975549070268e+01 1.042618579234471321e+00 1.642574458133793996e+03 1.728619670147952831e+02 9.595336819223543898e+02 2.511145682104000230e+02 1.270931806242855600e+03 3.030074152999625348e+00 8.408732978368149134e+02
0.000000000000000000e+00 5.416929655464949747e+02 1.272691489715405396e+03 1.947068387361457553e+01 3.054643856224402043e+02 1.602957570614442602e+03 3.161044914282722402e+02 1.235103990604591672e+03 8.510173229147244456e+02 2.520369851625043793e+02 0.000000000000000000e+00 8.336563538417852970e-02 6.721031187439585892e+02 1.077614021088655363e+03 7.744227463227528574e+01 2.601147072889399396e+02 1.894960877994927557e+02 1.651695764508643305e-01 1.157625013257892022e+01 4.041751672229368069e+02 7.592660011827646604e-01 4.843964451305461938e-01 1.634061359559403002e+02 1.249469643401192116e+03 2.088786881787573435e+00 3.264594612043867983e+02 6.256468432468146830e+02 8.231349427040801174e+02 4.965105758379885970e+02 0.000000000000000000e+00 4.579327287442810075e+02 2.414537372758409788e+02 6.536760721829939484e+02 4.504135754654653852e+02 6.414159863133546935e+01 1.343432219981445019e+00 2.142348080877207650e+01
0.000000000000000000e+00 9.619356412307047322e+02 1.433612007861408415e+02 1.204825106565925807e+03 9.163331392422829902e-01 9.387402738382960576e-01 1.464542305963577462e+02 2.260477991069688812e+02 0.000000000000000000e+00 1.037371831183304039e+03 4.078815930861843526e+02 3.792214054964321690e+01 1.190451613165452756e+02 6.549896760762598547e+01 1.039909028581993766e+02 1.154982627347410926e+03 1.646509632454074890e+00 5.457855214954265648e+02 1.585656282718501586e+02 1.436674107958085358e+02 3.985888660017056964e+02 5.419272163813553256e-01 2.639037365133910953e+02 5.068548499194731107e+02 5.618276436939610221e+02 1.157814678989460111e+00 2.870828556425449847e+02 6.397059196298672532e+02 1.953075677795909959e+00 6.578179269568768461e+01 3.991004934015003869e+02 1.386775468895048959e+02 1.481802567895267657e+02 4.943949918792468878e+01 6.039791021546680322e-02 6.793673250330214159e+02 3.673068933672257685e+01
0.000000000000000000e+00 0.000000000000000000e+00 6.866840919652740922e+02 0.000000000000000000e+00 1.301272818522216767e+03 5.148598542387661610e+02 1.399491450409398794e+03 8.541171684775981703e+02 1.270686244021281709e+03 5.627214368398579154e+02 2.255353997290404777e+02 1.643585396076004956e+00 5.908681542985053738e+02 2.887521382426004379e+02 0.000000000000000000e+00 3.890225890982231931e+02 4.202883167583947852e+02 1.072298810174368899e+00 6.378801188826977295e+02 8.297231889877449476e+02 8.295520869394568990e+02 7.478492450841243144e-01 7.512012233154596288e+02 6.938640203139576670e+02 0.000000000000000000e+00 0.000000000000000000e+00 9.219459147767830043e-01 5.546250555011664574e+02 3.295745771354992826e+01 3.309266854791769106e+02 1.476672246366104844e+02 0.000000000000000000e+00 4.778732791366054045e+01 4.421233251661715258e+02 2.432488070500466506e+02 5.274410136505471414e+00 1.302474065084945209e+01
0.000000000000000000e+00 1.159645575625704851e+03 3.530527867725173223e+02 8.385300030332948609e+02 1.152901889031026258e+03 2.629074454291006901e+01 8.778499867984942284e+02 1.037899728503263532e+03 1.014776045690537217e+03 5.651305230937402939e+02 4.939629663524234502e+02 6.020818290276183689e+02 0.000000000000000000e+00 3.481676312438144549e+01 1.106008243604370136e+03 2.317407222609632811e+02 1.112373664542453298e+03 6.317850211456423040e+02 1.592877653981330965e+01 4.020482196269903596e+01 0.000000000000000000e+00 2.067770881292005072e+02 1.530460939220641308e+02 9.978341114976516337e+02 5.273208220872224956e+02 2.637164898847756067e+00 1.112543216945978884e+03 2.519865426754845572e+01 9.670077627442858557e+02 1.938724054770146665e+02 6.821608619613798510e+02 3.198559990881860244e+02 0.000000000000000000e+00 0.000000000000000000e+00 3.883175792276583138e+02 1.746593788157413485e+01 1.231609627626259318e+01
0.000000000000000000e+00 1.198222805790716393e+03 1.102203918111800249e+03 7.019034567838285454e+01 4.274306532106086252e+02 9.310361886233545192e+01 3.720856978713057117e+01 2.445228698189342964e+00 0.000000000000000000e+00 7.042805459272869939e+02 1.991473546451658549e+01 7.934951986730166027e+02 2.921980002632742526e+02 1.037087567764742289e+03 3.339992134477720924e+02 5.006349351395377312e+01 9.520856259295842392e+02 8.772139159677548150e+02 1.516306320572583900e+03 4.470479552192721258e+02 5.791146614215479076e+02 1.230624502228482413e+02 3.763005577956793357e-01 4.863691110212582203e+02 6.452224435606949555e+02 2.245631042667326085e+02 2.176589045517975762e+02 6.548996562982033254e+01 1.478826216921385992e+02 3.544891312485461299e+00 1.221272095474143498e+03 5.060527117638634422e+02 8.821148483489585246e+00 5.011535931183138359e+02 2.401847287185781852e+02 5.235827104463151045e+02 1.811025308773789106e+02
0.000000000000000000e+00 1.513694150203636624e-01 3.846323080283650664e-01 5.676601886566604804e+01 3.109226280806186082e+01 8.671946585872982496e+02 8.772382454648992507e+02 8.837907686767199493e+02 6.840451649214702279e+00 5.138290188921306623e+00 2.607279674179262088e+02 1.397343208900192394e+03 2.305053573354742369e+01 1.387995219355966810e+03 5.620539736816991763e+02 1.461444945082164493e+00 5.697009713438112612e+02 2.880789529659093162e+01 5.294091114243929042e+01 4.525306531125820015e+02 2.821661480178487835e+01 4.061193283399336451e+01 3.231167746860464973e+01 5.050434616688013278e+01 3.508362286436418458e+02 4.146692963567872994e+02 4.650644019766369865e+02 0.000000000000000000e+00 3.307994694637323505e+02 2.743133078414327315e+02 7.472590163510982393e+02 7.106060624102805434e+01 0.000000000000000000e+00 7.375150828584911267e+01 1.486529318291598827e+02 2.468034488720126873e+01 4.137914549751479854e+02
0.000000000000000000e+00 1.940417278421738558e+02 2.084228031271281623e+02 6.749751220718914624e+01 7.954282800746107114e+02 7.446792083963836149e+02 0.000000000000000000e+00 6.611360444458501888e+02 3.880302355358095383e+02 6.039520189271081563e+02 5.839683396136071281e+01 2.417954767283761441e+01 2.624556520477614185e+02 2.047998462097147865e+02 4.567224488922855130e+02 1.767245404685296819e+02 4.339877005341828919e+01 5.621749718278998671e+02 2.326291494483316669e+01 1.045392238655928674e+00 5.979863237369576154e+02 0.000000000000000000e+00 3.811585628256375458e+02 0.000000000000000000e+00 1.571897562420716765e+00 1.980118573410971692e+02 2.795236198375155823e+02 2.990612686282626100e+02 8.093476041960130374e+01 3.060054912643853653e-01 1.105403920166419738e+02 1.505527252324291680e+02 7.639543153310369235e+02 3.043130056347498069e+01 1.010232346040606330e+03 3.866224005529691112e+02 2.487091218733116643e-02
0.000000000000000000e+00 9.942678550641641095e+02 1.247518196872810904e+03 9.416780413937304957e+02 6.940139009129296710e+02 4.009449877365535144e+02 3.089435970999200549e+02 6.586511052020478019e+02 0.000000000000000000e+00 1.275266126475357567e+02 1.882587434649282159e+02 2.930633945114418566e+02 1.045691488816645602e+02 3.276123315465482619e+02 1.102685361452706729e+03 3.565623086614344288e+02 4.174482405636699589e+00 4.250786803263099500e+02 8.823758398323527672e+02 4.751858826412446746e+01 1.008927049103502668e+03 1.080006590445308445e+00 3.142788210929943489e+02 5.655649001549204513e+02 1.334817792020918205e+03 2.591636310403598031e+02 1.106318027758551779e+02 1.489525511014469146e+02 7.272180087760391416e+02 2.929351307133538853e+02 3.007845239610672365e+02 1.025165359351311700e+00 3.028124186132647822e+01 4.841950578667025979e+02 1.998225662134325376e+01 4.945313945875612376e+02 1.086953169640875331e+03
0.000000000000000000e+00 1.996626668565377258e+02 8.118626269779149425e+02 1.749382672475454683e+02 3.745638250100064397e+02 1.027410772519400780e+03 1.973428075009066163e+01 3.544847888090449040e+00 7.081438880288773134e+02 3.593165484759553010e+02 2.466099522489876250e+01 6.727727343037119567e+01 1.682629167091303941e+02 9.726588665437647023e+02 1.634452795204083714e+03 4.830494950108168837e+02 1.324562277778246333e+01 7.665826129950677341e+02 3.199559394312269660e+02 5.153664301516523949e+01 1.456075857287409008e+02 1.505722745447873194e+02 2.055642181341130197e+02 4.637201963784717691e+02 1.136773294170085364e+03 9.436293730427901494e+01 1.130558036008809495e+03 2.923447471464255045e+02 6.623734052611048639e+01 2.642801159355922778e+02 2.277880854331784519e+02 1.488893275435749501e+03 9.960072949319194180e+00 5.466461517446927765e-01 1.502507631265498503e+03 0.000000000000000000e+00 1.099164094090198915e+02
0.000000000000000000e+00 1.420587852496727237e+02 2.623580376811410556e-03 2.285454701934671107e+02 5.061800881236237615e+02 4.750107521718437198e+00 1.674905604521342184e+00 1.214870853585936629e+03 1.946829658364416389e+02 5.744241329173372179e+01 4.942861651220160866e+02 6.403024992879371666e+02 2.115190996234848342e+02 2.846180996087380208e+02 3.735023300802757831e+02 8.763770725553064267e+01 3.759016512597860515e+00 6.980548615782591924e+02 1.059484493405418704e+02 2.670746096172657644e+02 1.063924877348190421e+03 4.058327285830312121e+02 0.000000000000000000e+00 5.340992796918204704e+02 1.058309497199711586e+03 4.641059326768500171e+01 4.631638968609548215e+02 5.856542085177125045e+02 4.256375024341887414e-01 2.898234790298859220e+00 6.918731838602257085e+02 2.236753246887280255e+01 3.808693839769622400e+02 1.262668836353457436e+03 2.299795557801072476e+01 9.679569015097158058e+01 0.000000000000000000e+00
0.000000000000000000e+00 1.495194965184822877e+03 1.335900287858781894e+03 4.352935921608235503e+02 9.898287804103546250e+02 4.135973020902894746e+02 1.709384155610379366e+03 8.348312949022981684e+02 7.180901269522457824e+02 1.024083058907213850e+00 7.714980584572818998e+02 1.020735815513411360e-01 1.497973374696127848e+02 1.253075093952698353e+03 3.043525955690763496e+01 2.588068067557023255e+02 4.207057793106344548e+02 2.338267155160894504e+02 3.898711972473947753e+02 9.890754066179802066e+02 2.984244616805441979e+02 5.774379027347851689e+01 4.357954506069563081e+02 9.083970282964994567e+02 8.517070772638851039e+00 1.219451276588478379e+02 5.049666922031109948e+02 2.789370277601126880e+00 0.000000000000000000e+00 3.637966170761428089e+02 1.053010521072178108e+03 1.159875962541339277e+03 6.815676073434425462e+02 1.513086243831313071e-01 9.147411496523069445e+02 3.362282596542930264e+02 1.940588393072925157e+02
0.000000000000000000e+00 3.299767586503320871e+01 6.138471368233924608e+01 8.642201700653339458e+01 1.033940034358834055e+02 5.185134302660605243e+01 1.007649431549276215e+02 9.426029444327113538e+01 5.580153496818984138e+01 8.607675154059766101e+02 1.101355863824374865e+03 6.853278201814708837e+01 1.870605763854352688e+02 3.104132534207297454e+02 1.162226967193808065e+02 6.917008975795347396e+02 8.349748240606901390e+02 4.540250963941447537e+01 8.042235444159317694e+02 7.616436139618794243e+01 1.697824901698691136e+01 0.000000000000000000e+00 5.961785441974973310e+02 2.162357004360332979e+01 2.229953476126906367e+02 2.498133313729428266e+02 1.208239920886697064e+03 5.350771021370571816e+02 6.741460082069156670e+02 9.114357392664660438e+02 2.552808412895965944e+02 3.378959921638526431e+00 1.203596538725615339e+01 1.632854077613544177e+03 9.132448909128373771e+02 2.178704931112593499e+02 2.231519560741865007e+02
