output/example_1/lateral_incision_000139.asc
nrows	75
cellsize	13.33333333
xllcorner	0
ncols	75
yllcorner	0
NODATA_value	-9999
[rows 0 to 16 of 75, columns 0 to 36 of 75]
0.000000000000000000e+00 8.449590967110555084e+02 0.000000000000000000e+00 7.593259462781106777e+02 1.366821773850643012e+03 6.938183004394281852e+02 3.322898466254517871e+02 1.334620413499106235e+03 3.989037117104237495e+02 5.953693517562656723e+01 6.425295078029544804e-01 1.194283342739616287e-05 2.638001873447476815e-05 2.026420197800674146e+02 9.274754642652583314e+00 0.000000000000000000e+00 5.412460465191597483e-06 0.000000000000000000e+00 1.430772275955948469e+00 4.990219084527659776e-02 0.000000000000000000e+00 8.214038731092654518e-05 2.132444891575236974e-04 0.000000000000000000e+00 2.231114699250212551e-07 0.000000000000000000e+00 1.467995409988723132e+00 2.394697288128030332e-06 8.592563712945595588e-06 0.000000000000000000e+00 1.059712603314569833e+03 8.671616602136681422e+02 9.240312403002536712e+02 0.000000000000000000e+00 0.000000000000000000e+00 0.000000000000000000e+00 1.548180209182953640e-03
0.000000000000000000e+00 8.634212124369030050e+01 1.385862412401599613e+03 4.914540417214266199e+02 1.484339109126904305e+03 1.126447990441009637e+02 5.654915439024528041e+02 1.259778447799216252e+02 9.934517024829872867e+01 1.146480926639369727e+03 5.896243685552930991e-01 2.663333595828128963e+01 2.075377802363997830e+02 5.254029823123846654e+02 1.380721415633951210e+02 3.139775216685563919e+02 1.871878876377573589e-03 1.315370211327804057e-06 3.201380554694227953e+02 3.255045416184742635e+02 5.815755047017586321e+01 8.763151664203197910e+00 4.623939332681852754e+00 0.000000000000000000e+00 3.168895603726329568e+02 2.232924703102273511e+01 9.662371485168516072e-01 5.540484788662165556e+02 4.226487863418254847e+02 4.724538116539608836e+02 1.351785787365605884e+01 9.545339933736023568e+02 4.654940819985463918e+02 3.655390711571771423e+00 5.044055294350693538e-03 3.315906617922359089e-03 3.985844915003290225e+02
0.000000000000000000e+00 0.000000000000000000e+00 4.633148553045160867e+01 1.886205283020552903e+00 4.357451107946531010e+02 1.184359689635202130e+03 5.472680844361214270e+00 3.232230848079105812e+01 1.383905470574129595e+02 6.438742905772679137e+01 7.566252857137276067e+01 1.144408595832618403e+03 6.129343885363084610e+02 4.574325048055015941e+00 4.632609150981715516e+02 3.646669633924369691e+02 6.588638886535300117e+02 2.801114195898446368e+01 5.301556800865420200e+02 1.687789895208175461e-01 5.173664566396643067e+02 4.759417449566312541e+01 1.631937993443095820e+03 1.298783857002015338e+03 1.962450278032513484e+00 2.050511177605100954e+02 8.579543996298392585e+02 1.678370870552770668e+02 3.329893801598803993e+00 8.806875657101310253e+02 0.000000000000000000e+00 8.090355603362191914e+02 6.580660385376587556e+02 7.485040885844912282e+02 0.000000000000000000e+00 4.621279656464918730e+02 2.566350678922509587e+02
0.000000000000000000e+00 1.302744986220583769e+03 1.591244799535194488e+03 1.356179608359495433e+03 5.178653904837264577e+01 7.812058880456366872e+00 1.549479204392278575e+02 1.341875174965130952e+02 1.709637895340642331e+02 5.653388541678870070e+02 9.635703059212076482e+01 1.868230623572861293e-01 6.342656838788159348e+02 5.862992501664734846e+02 3.939296416323288863e+00 1.337384680370707201e+03 2.871640728767683868e+02 2.588732973346927224e+02 2.934134804553332287e+02 8.544721386406007468e+02 2.732641926393361587e+02 1.103644648334354542e+03 3.383643678426529391e+02 4.735265169496214810e+01 8.066948328026675199e+02 1.141505445903033660e+03 5.125597012544577638e+02 1.298671145336051268e+03 7.938047243415395542e+02 2.035333195621118030e+00 1.654724533657020629e+03 2.397699891884005012e+02 1.449528118823559907e+03 6.427300804329101993e+02 6.753293620231889349e+01 2.659329556699902675e+00 1.791934419139229817e+02
0.000000000000000000e+00 1.717669720501272877e+03 1.158331506439837995e+03 3.264197915501990224e+02 2.211625539040065576e+02 1.103805051174785604e+03 6.218742893924425061e+02 3.494586484207894728e+02 1.490057645005929544e+03 5.241076652716505180e+01 3.854912003230736017e-01 1.807803176662934845e+02 3.474892587926950114e+02 1.551651701944763545e+03 7.269817944421293987e+01 1.024672319056332526e+03 8.999972843824622259e+02 1.426409212925817940e+02 3.378879740795207454e+01 6.070602504448755781e+02 4.211002462180179577e+02 9.221001598621276116e+02 2.600842601400128729e+02 2.980939730020780587e+01 4.321634726269289217e+02 9.775178479282883472e+02 0.000000000000000000e+00 0.000000000000000000e+00 0.000000000000000000e+00 5.222451155022743023e+02 2.426521432339092854e+01 1.371589851630982139e+03 1.462607577320839027e+03 6.664659361790225489e+01 4.181054802183340939e+02 2.361742944175647807e+01 1.233381966024533227e+02
0.000000000000000000e+00 5.412202207972261192e+01 5.941593559207451136e+00 4.956910107639964735e+02 2.884881251738381707e+02 0.000000000000000000e+00 0.000000000000000000e+00 2.857064122448772991e+02 3.954365041261362990e+02 3.521475389117848067e+02 4.630361665738916486e+02 1.081554675810338750e+02 4.105695594580783592e+01 4.756835813027266795e+02 5.487919775510778919e+00 3.152274633398753849e+02 1.172778681565828037e+03 6.397991287225761425e+02 8.873080506160037828e+01 1.485124873702586001e+03 4.726565290507658688e+02 0.000000000000000000e+00 5.148035071238300588e+02 4.241838332131799660e+01 9.236247023065626536e+02 5.724532171007550119e+01 0.000000000000000000e+00 8.796682661218676458e+01 4.893680986979936733e+02 1.671206419068372725e+03 1.145150219253355850e+01 1.369734498643276311e+03 2.510612382594152621e+02 3.822621631906520179e+02 4.408809314010597404e+02 1.341415834410033767e+02 1.453315512844057594e+03
0.000000000000000000e+00 8.974089004308032145e+02 9.123174249026055804e+02 5.105513740665811042e+02 4.893851239226960956e+02 6.940359379536928373e+02 2.044624246166988257e+02 0.000000000000000000e+00 4.529926910732251031e+02 1.406731694134638055e-01 7.672657248859444508e+02 1.136911258774050424e+02 3.216789476574669493e+02 2.736129999883392472e+01 1.117977418482881831e+03 1.172384565127351834e+02 1.671216872613524856e+03 1.468374985193164321e+03 2.345259931891106220e+01 7.111402133279458440e+02 1.198129100984142951e+03 5.456942244784522700e+02 7.686759565087575652e+01 2.831138569323698451e-01 3.441329647471578141e+02 8.460423688992863163e+02 0.000000000000000000e+00 1.422235022567489523e+03 1.948783459462676717e+02 1.425407348235059317e+03 1.444068990563244824e+03 3.797491062874850343e+01 8.650762708293378012e+01 3.233171904519018653e+02 9.455942162607759656e+02 0.000000000000000000e+00 7.866798412308837669e+02
0.000000000000000000e+00 0.000000000000000000e+00 1.131503900774379545e+01 3.492720671510685548e+01 7.856988426894235999e+01 6.042110714006654462e+02 2.826519733074910050e+02 0.000000000000000000e+00 8.217669451577052087e+02 8.436379917440307281e+02 6.999448795520841031e+02 1.045882989927226134e+02 1.102342021676197874e+03 0.000000000000000000e+00 4.946352931297968212e+02 2.017297904613076298e+02 0.000000000000000000e+00 1.238287746453531554e+03 3.328549800113951846e+02 7.030522217058846763e+02 7.175485745126943584e+02 5.023538088613271668e+01 4.496929991936164583e+01 1.518356451496003501e+03 1.185458017082406599e+02 1.415779421471299202e+03 1.689365501577113378e+02 9.179700945969906343e+02 0.000000000000000000e+00 4.902852886397172227e+01 7.354483609466720964e+02 0.000000000000000000e+00 1.326743223063014739e+03 3.709687462746459552e+00 1.438494871018246613e+03 5.236388165503539085e+02 5.270097613567985562e+00
0.000000000000000000e+00 3.695679886925971118e+02 8.923148042335727723e+02 4.482010134078332158e+02 2.971932544217621626e+02 6.088461680588386571e+02 1.259694634064533147e+03 2.290183820932821277e+02 1.627439885677969414e+03 1.225702696017877535e+01 2.597282765316617059e+01 2.498146140702949367e+02 1.265057142972221072e+03 6.030999794297658667e+01 2.037691729208093250e+02 7.961768119942469468e-02 3.316949010499385508e+02 2.008287436449596619e+00 8.468969684477154942e+02 1.568817842079046727e+02 2.904514994750840629e+02 1.082967873751256320e+03 1.683609826186524439e+00 1.379435388360222532e+03 1.054192222968457827e+03 0.000000000000000000e+00 1.411872443887343707e+03 1.663453951738215437e+02 8.429359113320061851e+02 7.111947373398992340e+02 1.099792811250953719e+03 8.710749335370553581e+02 5.708966586915865804e+01 0.000000000000000000e+00 1.548655959324624519e+03 3.641262919274622423e+00 1.456928641631419168e+03
0.000000000000000000e+00 0.000000000000000000e+00 6.184667769172853014e+02 1.658066728446426907e+02 3.667433704377044137e+02 3.379432390865983962e+02 1.203982727757979546e+03 2.006049423103379183e+02 1.582902446632185956e+03 1.096585966200711482e+03 2.320148083847101805e+00 4.686482419481239958e+02 1.182938133732732467e+03 0.000000000000000000e+00 3.790504194665003865e+02 1.739757176125343863e+00 7.147236161512056469e+02 1.726897734358207401e+02 5.496047864001290861e+01 4.945324167221016296e+02 2.933274225679312508e+02 1.592876307186238137e+03 1.323914079006759152e+02 7.073393003106211836e+02 1.369528422133666027e+03 4.629571829929500950e+02 1.324854520297929867e+03 9.468693842859414644e+02 2.588834164798628876e+02 1.033974391368875104e+03 1.977571833826854419e+00 5.463568784723957794e-01 1.041063088268844467e+03 0.000000000000000000e+00 1.044302747157785483e+01 2.620358504447047920e+01 1.054995639916202066e+02
0.000000000000000000e+00 1.602551151272674815e+03 9.239408909456975607e+02 3.192127768467750002e+02 3.667124049268019803e+02 0.000000000000000000e+00 1.234201246467813462e+03 5.940119688143553844e+00 5.892755021310346137e+02 1.394612481600048795e+03 4.790645438978200943e+00 4.091618101223013468e+02 1.181356673209022716e+02 0.000000000000000000e+00 1.927844372218124880e+00 6.063997066135985960e+02 1.088969951386613275e+03 8.196521936577638598e+02 6.652307395919082822e+00 0.000000000000000000e+00 1.600903505793435544e+00 1.833549419811691195e+01 9.799674858457700921e-01 5.765610328294591191e+00 2.005719044883912261e+01 1.398664781483853048e+01 1.144572348436301645e+01 1.853954225583957793e+01 5.842406912462053725e+01 0.000000000000000000e+00 1.244665499692884168e+03 5.710505685260775408e+02 1.965235464421690494e+02 1.031455989229315492e+03 9.956113507868379884e+02 6.404560873080789634e+02 1.083342724505874699e+01
0.000000000000000000e+00 0.000000000000000000e+00 0.000000000000000000e+00 9.514750920708282820e+02 2.397754867634227516e-01 3.387329813484323040e+02 1.013897762341486128e+02 9.531685349193481898e+02 9.594241774790078807e+02 1.645574071631641857e+02 1.148854528842498667e+03 5.904756617784993296e+02 7.914146380206467484e+02 5.048303268919577036e+00 0.000000000000000000e+00 7.242995460361655091e+01 5.684437596558587984e+02 1.831267962019560613e+01 1.497004860522447871e+03 1.546720780182217595e+03 3.113401167764707225e+02 1.420200369435703578e+03 5.224731488759374542e+02 5.237977451653395633e+01 3.693605341049919133e+01 3.960789121166544646e+02 7.684485893503666603e+02 2.714109706003072802e+02 1.355010901752445989e+03 8.731809347457305918e-05 1.446908085084565528e+03 5.221288069479730893e+02 2.711146760349192846e+02 5.585570815123762713e+02 5.913019347936795356e+01 3.059140534938769065e+02 4.195075744300554561e+02
0.000000000000000000e+00 7.049280167822113299e+02 4.098068598242612381e+01 1.086781313805864499e+02 8.464448968757076273e+02 1.016246457740588056e+02 3.154639971487275716e+02 1.529012636643667065e+03 2.778279137111538262e+02 7.584793039022142693e+02 1.248602911091242191e+02 4.438968553174216822e+02 4.975476596173901811e+00 4.706431260599450752e+02 2.148482295402941133e+02 1.558604266560955466e+03 3.341073813631999234e-02 4.974975675905430421e+02 8.551576925743066795e+02 6.414216085908595915e+02 7.053607155719823822e+02 2.286555098451776402e+01 3.918719255709409595e+02 1.408497111173679173e+02 0.000000000000000000e+00 1.007038050184676905e+02 4.867757884279338327e+02 1.605542935355605607e+02 1.231425055039704830e+03 1.177890249664614203e+03 2.724718283578518907e+01 1.475881830888456079e+03 8.828863713689791837e+01 8.931585072484948284e+01 4.291857822632941861e+02 1.867433360235534394e+02 1.414539471320535142e+02
0.000000000000000000e+00 6.789085102705331565e+02 1.044122041354319663e+03 2.100114754919631288e+00 5.998867970361661861e+00 2.351078305022310744e+00 5.543068405011886135e+00 1.148740723030477007e+01 3.673916473803108040e+00 1.630013422360854847e+01 5.764593723988907641e+02 1.587002057793584299e+03 4.752203787451730932e+02 2.176255589660173655e+02 1.196051669840748986e+02 6.536414495471966346e-02 1.489562242350331644e+03 1.506703284473577469e+03 4.210403769608968219e+02 8.913775352434349486e+01 6.411746839816045167e+02 7.337752499803546158e+00 1.433484841475221629e+03 8.141397955284869425e+00 3.162216950203758614e+01 4.777507995230916293e-01 1.031076204506805880e+03 7.340513913225241822e+02 3.417473230217385094e+02 2.763131200442506952e+02 8.662269504412897447e+00 4.718609541828785723e+02 4.557274758080458241e+02 4.910599000846098079e+02 4.459290283058144269e+02 6.126942122432862625e+00 3.525069146798211364e+02
0.000000000000000000e+00 5.745161713100666248e+02 6.869201861065160841e+00 3.059535735731867589e+02 5.456577839675977657e+02 1.203075003962042047e+03 1.230924341867571229e+03 7.992850591854221420e+02 2.037562387912090571e+02 1.407353745505170309e+03 1.989525221527663479e-01 1.759696484347631928e+00 1.002454896009528751e+00 8.269647146528603443e+00 2.189652520213321552e+01 1.550636670484516344e+03 1.804840287049312622e+02 0.000000000000000000e+00 6.115214249616980169e+02 2.850502284162836020e+01 1.300739305616436468e+03 2.929143804893935794e+02 5.561794119020656808e+02 5.866930140228025436e+01 2.970494184358040801e+00 1.799011571903967706e+03 1.369240208084631831e+03 4.368382257461457030e+00 5.248910227873661988e-02 7.297178942750664419e+02 7.259275997675098324e+02 2.831278585626746391e+01 7.531868342326774837e+02 2.000766246386870534e+03 1.064634130820844803e+03 4.904156840903654597e+02 8.212951342638934875e+02
0.000000000000000000e+00 9.508100183230382640e+00 2.936668908197398764e+01 0.000000000000000000e+00 5.730248520261702652e+02 2.579894376818512001e+02 4.967643496716185609e+02 2.516013555326528888e+02 5.764188858827947826e+01 1.053211730548137893e+03 5.957327390140992520e+02 1.122203299955950115e+03 5.095840903698324951e+02 1.267836361374286753e+03 1.535637295756455103e+02 1.345756310667105481e+03 1.058038324487443106e+03 1.791822841142359550e+02 6.009668477639078787e+01 0.000000000000000000e+00 1.659241344903548168e+02 9.022111590908390433e-01 5.317890354907427763e+02 5.052902872520638411e+00 1.838102667340816954e+00 5.272463676856327766e+02 1.425891352094349962e+01 1.147471979916128703e+03 9.941860845774081668e+01 3.807915848962814493e+02 7.384556192939360244e+02 3.938704085147584806e+02 1.497037128823493768e-01 4.733475689276363028e+02 1.239945212154830756e+02 5.424965971049521585e+01 9.946232704317671036e+00
0.000000000000000000e+00 1.439932508265465150e-01 6.343712341243160608e+02 1.574713294198638778e+02 4.134572077720347072e-01 4.519150631575067791e+02 1.151013594679307914e+02 4.893633988911465735e+02 1.208634260181518357e+03 1.581978363981550118e+01 5.589474378350561210e+02 4.975582644338481941e+02 3.937733340662392152e+02 3.024729297637334184e+02 4.047033208838302585e+02 6.306381545165015012e+01 6.082776596966419902e+02 1.147693989080132951e+03 2.195187411088067222e+02 5.304187578024426841e+01 5.755710947975097724e+02 8.712494603612624360e+02 5.286733387866109979e+02 5.897890075213582577e+02 1.328468570897515519e+03 5.363751916980712622e+02 3.565317960970975264e+02 1.161621610635197612e+03 1.648877687763185829e-01 1.040192298302121260e-01 1.102373045641678218e+01 0.000000000000000000e+00 4.872387895826026920e+02 2.719805878945556543e+01 4.276377022080156962e+02 7.141727231429850917e+02 8.481053853959998605e+02
