output/example_1/lateral_incision_000121.asc
nrows	75
cellsize	13.33333333
xllcorner	0
ncols	75
yllcorner	0
NODATA_value	-9999
[rows 0 to 16 of 75, columns 37 to 73 of 75]
7.502961367587193805e-04 0.000000000000000000e+00 4.020924072664800331e-04 0.000000000000000000e+00 0.000000000000000000e+00 0.000000000000000000e+00 0.000000000000000000e+00 5.525900172972106512e-03 0.000000000000000000e+00 0.000000000000000000e+00 0.000000000000000000e+00 0.000000000000000000e+00 0.000000000000000000e+00 1.935879317804396393e+01 0.000000000000000000e+00 0.000000000000000000e+00 3.425551552103070208e+02 5.182151061805500376e+02 6.608149284318060381e+02 6.737363233089738834e+00 0.000000000000000000e+00 8.373528799268053717e+02 2.170076602411976694e+02 3.876115161606607558e+02 5.022033694440563067e+02 9.270076761518872388e+01 1.640646817504415651e+02 4.971400586072146629e-06 0.000000000000000000e+00 5.267006942434419869e+01 1.048169385794283137e+01 7.794786057581508387e-02 0.000000000000000000e+00 1.171760928489934850e+00 0.000000000000000000e+00 3.252369639585878103e-02 0.000000000000000000e+00
9.661284230660766070e+02 8.097447668449901936e-01 1.091569533275524926e-05 7.771492738903650332e-01 8.886677204738994078e+02 2.862221733396003174e+02 3.099353584313910233e+02 1.015736561591079408e+03 0.000000000000000000e+00 4.743027464626772875e-05 4.176719355052806115e+00 7.810781729174615293e+02 6.633092057182642520e+02 6.555686168376590217e+01 2.546300477830415048e+02 6.142145048442912412e+02 0.000000000000000000e+00 4.300979854047875506e+02 4.720541486184571056e+01 1.235549216767061580e+02 1.171247382670522711e+03 4.339722529424451523e+02 3.384432035959671339e+02 4.045331194539568287e+02 1.615479656482528696e+02 8.966935780904146895e+02 3.521480858202468767e+02 4.997301163959649850e-01 3.174979991003321089e+01 3.595333971346759938e+01 5.764757463916935443e+00 2.502355578981168946e+02 7.442449013746387720e+01 6.947543909288482755e-01 3.993110351792323058e+02 1.406414901417465728e+02 8.903248415216261646e-01
3.913167969620010354e+02 2.056137875902819090e+01 2.924603314981388280e+02 2.051163215024900239e+02 1.708994144033279667e+02 1.622159837876802291e+00 5.004255002974313697e+02 1.813717538158776108e+02 1.381890751566480048e+03 6.121582377753383071e+02 0.000000000000000000e+00 0.000000000000000000e+00 1.068417559984220873e+02 1.295993453621828451e+02 2.212359232979554804e+02 2.507837296083921501e+02 1.294744153832254483e+02 4.976839434198218015e+01 3.534567988672111483e+02 1.473295121063917748e+02 1.865757747146994063e+02 1.428545653300117237e+02 7.741348285835897514e+02 4.842949167701729039e+02 1.112841531186856400e+03 1.373175265133382936e+03 5.171545627821061686e+01 1.156171238786582990e+03 8.354616973732782981e+01 1.889384269020666807e+01 0.000000000000000000e+00 2.512796657696227385e+02 4.965303284249210947e+01 1.051303258119232396e+03 5.528513010152586560e+01 7.476389761370899123e+01 2.461121789334067955e+02
2.727754239642802077e+02 7.986201870229183442e+02 8.606386839491303817e+02 9.606068937658036475e+02 8.429871163882183964e+02 1.074589409149444776e+02 1.705372942146123592e+02 6.315643198584970150e+02 6.992218351976666781e+02 0.000000000000000000e+00 1.186983214363544448e+03 1.059677451453039112e+03 7.866118098095487312e+02 2.182605825573243123e+02 7.835451935722126109e+02 6.381003281842168917e+02 5.315856579495557526e+02 3.433579640420033456e+02 1.617119187640521716e+01 8.856232863844812755e+02 9.973469444572114071e+02 1.611493712262108147e+03 2.948844959982873775e+02 3.402132685424351166e+02 1.080937818305760857e+03 8.914187947117216027e+01 6.860715120986599231e+02 6.087265870876786948e+02 0.000000000000000000e+00 5.519589059649540985e+01 0.000000000000000000e+00 1.231821281494886762e+03 2.304972147485759570e-01 8.914557209454261510e+02 0.000000000000000000e+00 1.853639783100209684e+02 1.085193000522900206e+02
9.850201614641796368e+02 5.282727536719020236e+02 5.353621289838738448e+02 0.000000000000000000e+00 3.459311477538235522e+02 9.158726197100005493e+02 2.411401839099751587e-01 1.660678082882005128e+03 2.331743462595373018e+00 2.917424462431797565e+02 2.026526007241650973e+02 1.620250071826403655e+03 1.049972836301180905e+03 2.997392186927516278e+01 2.637637724269458204e+02 7.304650449049071312e+02 1.016094457841676785e+03 2.795702361213753875e+02 1.950038023466827894e+02 0.000000000000000000e+00 3.828809779143789456e+02 0.000000000000000000e+00 1.325207106324672850e+03 3.570741855019938953e+02 1.987265120046011475e+02 1.291564325985839332e+03 1.647569577831974129e+03 2.998121032466513114e+01 9.788449671221290771e+01 1.291814742137457017e+02 3.068565726328174748e+01 1.466507682244252237e+03 9.648170561985028826e+02 2.186285168053659902e+02 3.563207328026549590e+02 5.972765645291867713e+02 2.754140135307013182e+01
1.499553829348506042e+03 6.859352069225670903e+02 4.742016395581172787e+02 0.000000000000000000e+00 1.176854111175667583e+02 8.427123406667020866e-01 1.783648831044548842e+03 1.003709553778761858e+02 5.288953382197730662e+02 2.972018120886344263e+02 2.585008319057563995e+02 3.280765700301852661e+01 1.021218234400654183e+03 4.487205228123340817e+02 1.282444326628875046e+02 4.349953986752732362e+02 1.149465048692879634e+02 2.623959512865880015e+02 3.819758256641143817e+02 9.065987908347534585e+02 2.109480697599996972e+02 1.724459457628340147e+02 4.093515055423934257e+01 1.530143792627618041e+03 2.095706072818483701e-01 1.000730220915925543e+03 0.000000000000000000e+00 7.166504518125628920e+02 0.000000000000000000e+00 9.484165710205651578e+00 1.388901402146616032e-03 7.658431867271126521e+02 8.954712148350830603e+02 1.354338852933984981e+03 1.096359629422229176e+02 2.511262012696389547e+02 4.306511369075060713e+00
0.000000000000000000e+00 0.000000000000000000e+00 3.769779864789063595e+02 8.786063263156514722e+02 1.531746738237314048e+03 1.228583811240504087e+00 1.566550198233162064e+03 7.768661123635517924e+02 0.000000000000000000e+00 5.508751108337067990e+02 5.507110681339222538e+02 9.544053482215530266e+02 6.157618127627283222e+00 8.571165486633263697e+01 0.000000000000000000e+00 2.165585958744594208e+01 4.423182325187003698e+02 1.796691821298138336e+02 1.939710336269172275e-01 1.409166339385585047e+02 4.191218464480214578e+01 1.101638292693179899e+01 3.279461408524418431e+01 3.458689833861981242e+02 0.000000000000000000e+00 9.795727002845875404e+02 1.015680441144214797e+03 1.958178329773124782e-01 9.566041698600123766e+00 3.619879875779796963e-05 1.103563283876869718e+03 2.860607631213094351e+02 0.000000000000000000e+00 1.727223221562610661e+03 3.729984073526355814e+01 4.448379708157193022e+02 2.330111970661361624e+02
3.434925393468357129e+02 8.198174607939112093e+02 2.492374064062879029e+02 1.134947936499012712e+03 1.398078200702710605e+00 8.069550237799650176e+02 4.136114193857030727e+02 6.126422664495451045e+02 1.743630578564300260e+00 9.983860721150756490e+02 5.390980407140386887e+02 3.579310351530044159e+02 1.863753014782320747e+02 3.375401448391381223e+02 5.135041928795708088e+00 1.420716557795286974e+02 6.922375778270976809e+01 5.346066677578770623e+02 6.684389642750580833e+02 5.560569349660813714e+02 1.080025195696848414e+03 7.568375039709535486e+02 1.513951912250789292e+03 5.339279848445097620e-01 1.380211734582430381e+03 1.598150109602353950e+03 3.956514108640755012e+02 2.156571085058595258e+02 4.346597855947672997e+02 6.760268592703508883e-01 8.635708436288738312e+02 1.424911645953643529e+03 1.914449740565556567e+03 6.050808171272020672e+02 3.615258577434971698e+01 5.329162894556983474e+02 1.783244328197044481e+01
7.412704582332249856e+02 2.911180352874840338e+00 3.882891916581201741e+01 1.181582791469845262e+02 1.345272306792480094e+03 1.791032445545831479e+03 1.022534577426102601e+03 2.060094986995008526e+02 9.593399334506207197e+02 1.025758617832087660e+00 2.362380813120525147e+02 7.214445036676016798e+02 2.983801965685133837e+02 2.313198456258387381e+00 1.657325962684597087e+00 4.596574303129772829e+02 3.611580268667045743e+02 8.330253687856579745e+02 4.532763979244639927e+02 9.741417838273183634e+02 3.938999905608771002e+00 6.258302006752861644e+02 7.392304156106056325e+02 1.551863644374336673e+03 2.631320851086206503e+01 2.480816780994927058e+02 5.296219591676825758e+02 5.173170877265038143e+02 2.460556812659538650e+02 2.436172883681510726e+01 1.146724778748257222e+03 9.656571669374598059e+02 1.256465842894876005e+03 2.343377945089176073e+00 1.275913529327747710e+03 4.368809237596461799e+02 7.030134016905831231e+02
0.000000000000000000e+00 1.266056205845987279e+03 4.009177442835112259e+01 1.507674844390319322e+02 1.105617378016195062e+03 3.011309920338215420e+02 2.264209966879910496e+00 0.000000000000000000e+00 8.404806413441095856e+02 2.390362992458067879e+02 1.010617895248308855e+03 7.109899562861667164e+02 3.079369493674773395e+01 1.973722262429991758e+02 6.381393331055638782e+02 2.878982821195968711e+01 5.974760741683318201e+02 3.270279946498253025e+02 2.356154079991273353e-01 3.418377821488953714e+02 1.274932737939414418e+00 4.352065171215324568e+01 7.555774427313648456e-01 8.773268884137711439e+02 6.614635003336128420e+02 2.727971341499900504e+00 1.050431255697363667e+03 5.597891193712849827e+02 8.569300744852642993e+01 8.802501421649337772e+02 4.605318916710393751e+02 8.419815836452745543e+02 0.000000000000000000e+00 1.663066626312161816e+03 9.250582736493950051e+02 3.801362950935660567e+00 1.935922238219421332e-01
4.466118644003827285e+02 1.702019920731284174e+03 6.923645016085122279e+02 5.799006545386780545e+02 2.949045124695272579e-01 2.017492804819723631e+02 9.399308489626185974e+02 5.143139774006064044e+02 7.482404143035597599e+02 5.554468795234107574e+02 6.469398146905875535e+01 4.853527844656007915e+02 6.369816299653099350e+02 1.043219318038576127e+01 2.239395196448267882e+02 5.179801085361011914e+00 4.196010968749231438e+02 7.234908335489823230e+02 3.114559976807663020e+02 0.000000000000000000e+00 2.216490047208312149e+02 4.159826763302945665e+02 1.943070241613032749e+02 0.000000000000000000e+00 5.724566240914209629e+02 1.810329404600971202e+03 2.617304865404276093e+00 3.244219751387275892e+02 1.622757374595863212e+03 4.524152228802146283e+02 2.981089032992995271e+02 2.858225815819119831e+00 8.838566122064311230e+02 3.923225665570389538e+02 1.500175397557606175e+03 3.149931225773400101e+01 4.182937608832000365e+02
3.001726358330858435e+00 1.058725481285201113e+03 5.586359719296717685e+02 5.429155903758928616e+02 6.042194592609201891e+02 3.487325965049537513e-01 1.730574459269959391e+02 1.577375313417886389e+02 1.738614014413672919e+02 6.689318243576792611e+00 2.074297540836163591e+02 5.414564672876917939e+01 4.310202052424066466e+01 3.716857315090224745e+01 7.202271775546525987e+02 5.066734019178653057e+02 9.318446846590380517e+01 1.619315634229138823e+03 8.590936369804300057e+02 2.319241241671770037e+00 4.227297044138121578e+02 3.248744760631387152e+01 4.998863541711203311e+02 6.251901181669315974e+02 1.079798263596848642e+02 5.491321603420832389e+02 1.803875660085173649e+03 2.713625932880288083e+00 1.792172123093853088e+03 8.164812355362998915e+02 1.741573622946088085e+00 1.338771737698359630e+03 2.506913951049484695e+03 4.362028221523061120e+02 1.111166790560017770e+00 1.116773771754184708e+02 6.367425280306348441e+02
5.940786593885815137e+02 6.395881506609703671e+00 7.884388134937559016e+02 7.601117939609783889e+02 1.328276689060334377e+02 5.592265200127117168e+02 2.264264655577555629e+02 1.207322474262179639e+03 1.639833298142543754e+02 6.142620389798460110e+02 1.895438795935886560e+02 3.753391273541327422e+01 8.051613560955679532e+02 3.469459302921161026e+01 0.000000000000000000e+00 1.165568192225109215e+03 1.683401504321824689e+02 7.719141054190371278e+02 3.230913372718227379e+02 1.222491792647620059e+03 7.800541767426901743e+02 1.249765335242011233e+01 1.083449177822839005e+01 1.015031169760063179e+01 2.995787058657738839e+02 8.155492737753589836e+02 1.833735392681248641e+03 1.523870151479900187e+03 1.378113973410162316e+02 0.000000000000000000e+00 1.041354090472303596e+03 1.351799900935465075e+03 3.348656914276575094e+02 1.151860453728776747e+03 3.057014461497692537e+02 9.950794500521204782e+02 2.537688820865811863e+02
4.073759339162571109e+02 1.061376511861619321e+01 4.861389267444906181e+02 5.741098538363234383e+01 9.236189230832451358e+00 1.351650684148348489e+02 1.489751633249994995e+02 1.699032457158481975e+03 4.036528772529547950e+02 8.359661857665983007e+02 3.827514724016985497e+02 3.226889661814419696e+01 6.157295857436684372e+01 2.427112410184383293e+02 8.922722108794390294e+01 8.204310250035572381e+02 1.586166083239690806e+03 7.599705635022498029e+01 5.786874896816625551e+02 4.025402230467735620e+01 1.017194744734774645e+03 3.868593975448783340e+01 4.739450841774058745e+02 8.853838722141787798e+01 4.890797288331269783e+02 5.573560596749384786e+02 1.025056693828387751e+02 2.575713354714971501e+02 6.278181846350413053e+01 1.161908584224605193e+03 4.270186554230129872e+01 0.000000000000000000e+00 7.933159236066417179e+02 1.113561857548559374e+03 1.622589789691195392e+02 7.966088217152129118e+02 0.000000000000000000e+00
5.727707363634295916e+02 1.090916065424978342e+03 3.399719831417387184e+01 9.429156598273840473e+02 3.677881378597344913e-03 7.539629795862418860e+02 1.642504893692529038e+02 1.099012921240291263e+02 5.069686648441237367e+02 1.089862238892967561e+01 1.154443145996822153e+02 4.047187482805335321e+02 0.000000000000000000e+00 7.732957189545758281e-01 7.899131116660571479e+02 2.146496550957616023e+01 6.875463294745571829e+02 8.515083553280223896e+02 7.025954877825977007e+01 1.659783753867496046e+02 1.459393651232228649e+03 7.791960254493299090e+02 6.873456468777698092e+01 3.421764114391459088e+01 7.019901816056797372e+01 5.664558649013138591e+01 3.215796093102817963e+02 3.538728748315097619e+02 6.604667914494329883e-01 8.725958088008478626e+02 1.310969985434801856e+03 2.191896646511291014e-01 1.064081285403801536e+00 1.191434816469586977e+01 4.575099537969388734e+02 1.516502179938953709e+01 4.411292751818149394e-01
8.789741914166495462e+01 4.579101559911616164e+02 2.582454453080878238e+02 1.009965949771114879e+03 2.916967497374869822e+02 8.625752426038558269e+02 1.106504483655177928e+01 4.546586319436876238e+02 1.327333988399959935e+03 6.558167256170113202e-01 1.072713305977001028e+03 9.057064826845214744e-01 3.945795610638862740e+02 8.092915597266271561e+02 0.000000000000000000e+00 8.281487966616674612e+02 4.016873911488334947e+00 3.450417642322559004e+02 1.614969704078802124e+02 1.048008590442444756e+03 8.922833882061786070e+00 8.127059013567948114e+02 1.114063901461535124e+03 0.000000000000000000e+00 6.777015872777893719e+02 1.502652304217476740e+03 0.000000000000000000e+00 5.277866387417878968e+02 3.631766101197178465e+00 1.080336164847602731e+03 7.094041289384909987e+02 6.929323320565315498e+02 3.861972498520735826e+02 8.897229223428979594e+02 7.733104832619104307e-01 3.866903483224017180e+01 0.000000000000000000e+00
1.402792322842197015e+00 4.192388586501706413e+02 2.315206888277439532e+02 3.957730887822363002e+02 1.256342643194292805e+03 9.529568678860164255e+02 1.689287660515411460e+01 9.633373613788020293e+02 1.046035892003348948e+02 2.891155398149093685e+02 4.282817167747774079e+02 1.823495639933167212e+01 3.369805387034305681e+02 2.032686561903397049e+01 8.940794387547205346e+00 4.293300788037641951e+02 4.643902739090165710e+01 2.839867573730610051e-01 5.812871779156519381e+01 1.618759532452907933e+03 1.106220477875478309e+03 1.784716240407110490e+02 3.782077401431503745e+02 3.487146821491770652e+02 6.340789315258494696e+01 1.430723677356485041e+03 1.205692365675191922e+03 0.000000000000000000e+00 1.136209499329327855e+03 7.367299887827773830e+01 1.133690914446613185e+01 5.065210234918742316e+01 1.007228136859872158e+01 1.112375957947619327e+03 7.046206054804836185e+02 1.312797184105887027e+03 7.702307054159740311e-03
