output/example_1/lateral_incision_000255.asc
nrows	75
cellsize	13.33333333
xllcorner	0
ncols	75
yllcorner	0
NODATA_value	-9999
[rows 51 to 67 of 75, columns 0 to 36 of 75]
0.000000000000000000e+00 1.273722084899106676e+03 2.849131330428319231e+00 7.208156577758752626e+00 0.000000000000000000e+00 3.547590982419662531e+00 0.000000000000000000e+00 8.092657881329887459e+01 1.668074268252572381e+02 0.000000000000000000e+00 3.182130366658171639e+01 1.005501120099832633e+03 5.269677731487032588e+02 4.721430692579608035e+02 5.709704303618453878e+02 1.441490405185296595e+02 1.073850376137170315e+02 7.386846699742452560e-02 1.366141965773675793e+01 3.800787838875550051e+01 1.320545715437547507e+01 0.000000000000000000e+00 8.730710851219556616e+02 2.606725545740931693e+01 5.106646653335234731e+01 5.223683763953325752e+02 1.359392057940685845e+03 8.290970327535386559e+02 3.328851364387700187e+02 0.000000000000000000e+00 0.000000000000000000e+00 0.000000000000000000e+00 0.000000000000000000e+00 1.079904328313244150e+03 0.000000000000000000e+00 9.981234335503983175e+02 0.000000000000000000e+00
0.000000000000000000e+00 7.506175393311747257e+02 6.990944465292961429e-02 5.947502695236602221e+02 1.572074167571562953e+01 1.212027575480543184e+01 1.800674628102402153e+01 4.694565878502472742e+02 4.611686633739989247e+02 7.407330791356465625e+02 2.834618209599339078e+00 4.601098880708975116e+02 1.471912379118504532e+03 1.845872020400209834e+01 6.946911872397076877e+02 2.005382342511759930e+02 1.810129521380411290e+02 2.541613083608781215e-02 3.335278556900748725e+01 0.000000000000000000e+00 2.214000383913001997e+02 1.117126928155017822e+03 6.799372807378701866e-01 1.756208428454017110e+02 8.176318388164937687e+02 6.479581330972209798e+02 2.724332344468822598e+01 3.133162246154675472e+02 1.389899803254561903e+03 1.018238431092756429e+02 1.516573496770889051e+03 6.349464853600566272e+01 0.000000000000000000e+00 2.119355311889933313e-01 2.584268650555380304e+02 0.000000000000000000e+00 0.000000000000000000e+00
0.000000000000000000e+00 9.573465257561156250e+02 9.457706435940004894e+02 1.207194014169389931e+02 3.968822983145123828e+01 0.000000000000000000e+00 2.453215292880573770e+02 1.082688793533472165e+02 2.915286157217613550e+02 9.415245562192300213e+02 1.089131806079436274e+03 1.015475282529846446e+01 5.547182870981450833e+02 1.405686420202579029e+03 1.098389162511555014e+03 1.723049593513348441e+02 6.301058319928044966e+02 5.177135076424723366e+02 5.202781583387628643e+02 6.275679562671459735e+02 1.978694149939595661e+02 4.350297730185973819e+02 4.169869894914511832e+01 1.026891290773146466e+03 6.214794345452800144e+02 7.523622235665590097e+02 0.000000000000000000e+00 2.544488913288313370e+02 0.000000000000000000e+00 5.717336349284689732e+02 0.000000000000000000e+00 5.072855225082980155e+02 1.845292134897163805e+03 7.632043737460479349e+01 2.808886683112348805e+02 5.592000910052286144e+02 0.000000000000000000e+00
0.000000000000000000e+00 7.571389244110760046e+02 4.155243650440801844e+02 7.603845671515304048e+02 1.155569635603457215e+02 1.068729746804500110e+03 6.647689567259106980e+02 5.695967470807664768e+02 0.000000000000000000e+00 8.757040067058312616e-01 9.276114510256198855e+02 5.358779145615615107e+02 4.589919415354347620e+02 7.886861051424282323e+02 9.868269023430499374e+02 2.704330010161575046e+02 7.517816246323417317e+02 4.368696119431044167e+02 6.035288159384410847e+02 5.882629406181986553e+01 0.000000000000000000e+00 5.023439673992895393e+01 7.198950701693864573e+01 1.014530276209410204e+03 6.430056228971163819e+02 1.111591101241086790e+03 0.000000000000000000e+00 1.510179730855687410e+02 0.000000000000000000e+00 9.605581884573689422e+02 5.008614387350053221e+02 0.000000000000000000e+00 2.544966353256956211e+02 8.078458157744352093e+02 2.029145732386346879e+02 1.007114762415315283e+02 4.806160237314919073e+02
0.000000000000000000e+00 1.506218304861714046e+02 5.037115129245009939e+02 3.820505221233254360e+02 9.619941548349338234e+00 8.053394526799537516e+02 1.196428628922179996e+03 2.250530996399993100e+01 8.781792632385104298e+02 0.000000000000000000e+00 5.100448406588261605e+02 1.734165231848237843e-01 7.402478371997775639e+02 3.541822056338249922e+02 1.000527406218454644e+03 1.418762057283638853e+02 7.181653295112006390e+02 1.492308040541434195e+02 7.827299241093310229e+02 3.326003936477926004e+02 8.293156812825486668e+02 1.330181840320906076e+03 0.000000000000000000e+00 1.100243566484363100e+03 4.578473733863206121e+02 1.426714439635194953e+00 6.896793553936744274e+02 7.697518718050416737e+02 5.424839641524723675e+02 6.195573320466223777e+02 2.194882348170995385e+02 7.887783089631543589e+02 8.744701942508955881e+02 8.357430879113043432e+01 1.621903353140363019e-02 1.366083727983830443e+02 4.579479933614572360e+02
0.000000000000000000e+00 1.624188665530951084e+03 3.101596580774737433e+01 1.395417007976845412e+02 3.377960981673067131e+00 8.856067709369439456e+01 2.542819295321481210e+00 1.626520017713398829e+03 1.932661721598204565e+02 2.520369851625043793e+02 0.000000000000000000e+00 8.336563538417852970e-02 6.721031187439585892e+02 8.070036694851181380e+01 1.496654617604874375e+03 2.161383377211979351e+01 4.617985000417291275e+01 0.000000000000000000e+00 1.157625013257892022e+01 4.041751672229368069e+02 8.952515961187845051e+02 2.497073534819562610e+02 2.616506738042740920e+01 5.992745395452541857e+01 8.808335072126667455e+02 1.623795501114606452e+02 6.256468432468146830e+02 8.231349427040801174e+02 0.000000000000000000e+00 8.014379428234589264e-01 5.046123847463744596e+02 1.245715832918914657e+03 6.496675562510384907e+02 1.211296132325893495e+02 7.793358572275074039e+02 5.256495268757028327e+01 2.574202803825227370e+00
0.000000000000000000e+00 6.562521875092879782e+02 6.734672906970438078e+01 1.522631275057909306e+03 1.200937002903772566e+02 1.194450386045096593e+03 1.030300512664465259e+03 2.483023737852503299e+00 1.170170463131358019e+03 8.981924025625403374e+02 4.078815930861843526e+02 3.792214054964321690e+01 1.189579954630608540e+02 3.548827056047219344e+02 4.330513798251334947e+02 8.940971208641491330e+01 1.199518723496034909e+03 5.290958844408572759e+02 1.585656282718501586e+02 1.436674107958085358e+02 1.937719411260181346e+01 1.395418026271921462e+03 0.000000000000000000e+00 8.537439152547522099e+02 1.424238816322854317e+00 1.157814678989460111e+00 2.350553540754090989e+02 6.342932185368052842e+02 5.954823368101390315e+02 9.577120997564851024e+00 6.534222990130565449e+02 3.515559058036990336e+02 1.458481510873620266e+02 0.000000000000000000e+00 0.000000000000000000e+00 4.655656335858408283e+02 3.673068933672257685e+01
0.000000000000000000e+00 0.000000000000000000e+00 6.748768631318083635e+02 0.000000000000000000e+00 1.071257254426036297e+03 4.208616010359344983e+01 1.024587926029609207e+03 1.318027808347012979e+03 5.070592853826913711e+02 5.627214368398579154e+02 2.255353997290404777e+02 1.643585396076004956e+00 5.908681542985053738e+02 3.016820307555055924e-01 5.904656043564348238e+02 6.405635611968698413e+02 3.357588061435906184e+02 1.072298810174368899e+00 4.297501997352630383e+02 5.033118922985750601e+02 3.201090410552766343e+02 4.332954889744108868e+02 4.818454109623266390e+01 1.313136451260476179e+03 7.992437212534943001e+02 1.455048876350289675e+03 9.219459147767830043e-01 5.466695016495934851e+02 3.079408699320255209e+02 5.490614045779526577e+02 3.970211609065303264e+02 5.835333618662293702e+02 9.164006234161506725e+00 3.537074457701672259e+02 5.030965333319199573e+01 5.274410136505471414e+00 1.302474065084945209e+01
0.000000000000000000e+00 1.157836337517069751e+03 3.530527867725173223e+02 8.385300030332948609e+02 1.120947233194467572e+03 0.000000000000000000e+00 6.943455011904098910e+02 4.388743621099664551e+02 8.494773672661459614e+02 5.651305230937402939e+02 4.939629663524234502e+02 6.020818290276183689e+02 0.000000000000000000e+00 1.728527333345921235e+01 1.106008243604370136e+03 2.316062847300370038e+02 1.108862028541429481e+03 6.317850211456423040e+02 1.582911432851021516e+01 6.935103244358140273e+02 8.699839062320772882e+02 2.055229799292871178e+02 4.854961387870179124e+01 6.246345959749447729e+02 8.194303097877345121e-02 8.401251067918523177e+02 1.112543216945978884e+03 2.519865426754845572e+01 3.878808428166440763e+02 3.249041796327043929e+00 5.022012468584312614e+02 3.149691827248529989e+02 4.436909197320638327e+02 0.000000000000000000e+00 2.140971801986992205e+02 0.000000000000000000e+00 9.652733124025514826e+02
0.000000000000000000e+00 1.054649783643064211e+03 1.398361577452051279e+03 1.226330966789573722e+03 7.644012665083587308e+02 2.988261556387327005e+02 3.720554743864483527e+01 2.445228698189342964e+00 0.000000000000000000e+00 7.042805459272869939e+02 2.066200680932407163e+00 7.934951986730166027e+02 0.000000000000000000e+00 1.030931602916595693e+03 3.339992134477720924e+02 5.006349351395377312e+01 9.520856259295842392e+02 2.562368835756130920e+02 4.620416100491646603e+02 6.480983882967103682e+02 5.518299462377462987e+02 1.436530966788927344e+03 1.300211401578291941e+02 2.019893351527669267e+02 7.563592500943445884e+02 1.417757473131194047e+03 8.369954246672534737e+01 4.412586152137406259e+01 0.000000000000000000e+00 1.051944037963836536e+03 1.126948617283733938e+03 5.060527117638634422e+02 0.000000000000000000e+00 2.406687123517145324e+02 7.671983159648904120e+02 6.327823399942943752e+02 0.000000000000000000e+00
0.000000000000000000e+00 1.847345982858722948e+02 9.980980146607163306e+01 3.113207302320230241e+00 1.784213512095158194e+01 1.083715871760897613e+02 7.197426686096712274e+02 8.837907686767199493e+02 6.718027903435951131e+00 1.420638782755902412e+03 1.500282361498365447e+02 7.091374085878817368e+02 9.421850033340673463e+02 2.790825815275333071e+02 1.238610247083704053e+03 1.461444945082164493e+00 4.400371097127032840e+02 2.880789529659093162e+01 6.304462045241849590e-03 2.417888016017297161e+02 3.599256304920368876e+01 4.757351352007622936e+00 1.259299468331726075e+03 7.059202729411011887e+02 0.000000000000000000e+00 6.986026085607488767e+02 4.886084920074926572e+02 6.630981055561993571e+02 3.307994694637323505e+02 2.743133078414327315e+02 7.472590163510982393e+02 5.179160557596529380e-02 3.750215577691435556e+02 1.677887942915273698e+03 1.461915217037432740e+03 2.254799338272250431e+00 6.556597824650161783e+02
0.000000000000000000e+00 0.000000000000000000e+00 2.921149555467837331e+02 2.298780181335368411e+02 9.997543991930817810e+02 3.927180886513613700e+02 0.000000000000000000e+00 6.611360444458501888e+02 3.847591988239453258e+02 4.795328515545914456e+02 9.297745604413333922e+02 3.702143516239056567e+02 3.456719837411600338e+02 4.928579290204417589e+02 1.821977814876823629e+02 1.767245404685296819e+02 4.339877005341828919e+01 8.414619489330043223e+01 3.235919411796311920e+02 8.132411203125933241e-01 8.815841898677238078e+02 2.197474197662706388e+02 9.681164428065725360e+02 2.207970176224080205e+03 1.038514258722241721e+03 4.272690704354814528e+01 6.013211478689885325e+02 8.628907001272467792e-01 8.093476041960130374e+01 3.060054912643853653e-01 9.579064709101258757e+01 2.690606759478635013e+02 9.719068811506613201e+02 1.166797220604891208e+03 1.415436733839043804e+01 2.216214547013321976e+02 5.667444346632260022e+02
0.000000000000000000e+00 2.690712966723535260e+02 3.115728406812119147e+02 9.416780413937304957e+02 6.940139009129296710e+02 4.009449877365535144e+02 2.308047193751298209e+02 6.567883896987927983e+02 1.216236551782246806e+03 1.391277534406180621e+03 8.605069604990484322e+02 6.662116329122221714e+01 9.940443419913950720e+02 8.670078773376667769e+00 9.509680628188366427e+02 3.565623086614344288e+02 4.174482405636699589e+00 2.168744504033677458e+02 5.684156142478846050e+02 5.153199008708211437e+01 9.147004695178990232e+02 0.000000000000000000e+00 3.088947501308083474e+02 2.993907559576767241e+01 8.926345901333394295e+02 1.966301275632920786e+00 1.236801374971506903e+03 8.426150090381479458e+02 7.208246012163259593e+02 2.929351307133538853e+02 1.111572070742711844e+02 2.661590655940541410e+02 1.090683884044306978e+03 3.475493463392855631e+01 1.607629086933681720e+03 3.354962035409822647e+02 3.752578442774469636e+02
0.000000000000000000e+00 1.996626668565377258e+02 8.118626269779149425e+02 1.749382672475454683e+02 3.745638250100064397e+02 7.629734439448922103e+02 0.000000000000000000e+00 1.428918063760173482e+03 8.907783861055271473e+02 1.126097952930015481e+03 1.552091721315414361e+03 7.218834090114086166e+01 1.220342852167679212e+03 1.036928252216874398e+03 3.501104763295572866e+02 1.745845834324251769e+02 1.324562277778246333e+01 7.665826127694546130e+02 1.182507871850946941e+02 1.623174381928369939e+03 1.230230207780068667e+03 7.569057052460503883e+02 2.044770593758232735e+02 8.919795533610900407e+01 8.472381787269689539e+02 0.000000000000000000e+00 0.000000000000000000e+00 4.429141348022474034e+01 6.623734052611048639e+01 2.550580934791961738e+02 9.720693385869507210e+02 1.613165244774432267e+03 1.077424778378486678e+02 3.165844540396845446e+02 3.055401891485566352e+02 2.339339464230194494e+02 5.706145417508429851e+00
0.000000000000000000e+00 1.087962541025657970e+02 0.000000000000000000e+00 2.250399588186659798e+02 4.985062061885084859e+02 9.462474404776136225e+02 0.000000000000000000e+00 6.643424924983950177e+02 8.412026227332814869e+02 3.419335346601192214e+02 3.500600631066022288e+02 8.822401096009150123e+00 2.846082862552119650e+02 8.502722556031220336e+01 2.224758074516287252e+02 8.547828036509476135e+01 3.759016512597860515e+00 6.646958483931027786e+02 0.000000000000000000e+00 0.000000000000000000e+00 3.048805028559250445e+02 1.936713647208155180e+02 5.978244497410454414e+02 3.552424897976836178e+02 1.002529044935182469e+03 4.203682824158742903e+01 0.000000000000000000e+00 1.086265259891032429e+03 4.256375024341887414e-01 1.608393255758647001e+03 5.039963009493449135e+02 2.250858454460116036e+02 7.237007851368624642e+02 5.606924560856988364e+02 4.262691229507773905e+00 2.387960781777495640e+02 4.320847337422706573e+02
0.000000000000000000e+00 1.739667582270730463e+03 1.250494187250011919e+03 6.316139547659649622e+01 0.000000000000000000e+00 2.910413398165967536e+01 2.038769305581107005e+02 2.659109892372770787e+02 1.638728753077398324e+03 1.175968978190052894e+03 4.559696440456639266e+01 1.981373577354579538e+02 1.193080777778307493e+03 1.105950603450275139e+03 5.399347497177859623e+02 3.856289528353423757e-01 4.207057793106344548e+02 2.338267155160894504e+02 3.637820807952049904e+02 6.420499146120329215e+02 2.984244616805441979e+02 5.526972987812280280e+01 4.075838300088403798e+02 3.575766851964345960e+01 1.965943976718032786e+02 1.446139983551642445e+03 6.422192951933833456e+02 1.806670803375605427e-01 8.910701767914133598e+02 1.288646801948646498e+03 3.716858361128622334e+01 0.000000000000000000e+00 0.000000000000000000e+00 9.558934252029604295e+01 1.097269952176817327e+02 4.941771488669744485e+02 2.993287992402592934e+01
0.000000000000000000e+00 5.830180058716262010e+02 1.608747768426283756e+03 4.449243559301111191e+02 1.223671204748957280e+03 1.710956677018531991e+03 4.028054623405262902e+01 3.572334884840389080e+00 6.408865438525539560e+01 8.238458735451276382e+00 4.307950560491336773e+02 1.399529944143938565e+03 1.214661264411647039e+02 3.104132534207297454e+02 1.162226967193808065e+02 6.917008975795347396e+02 8.349748240606901390e+02 4.540250963941447537e+01 8.042235444159317694e+02 7.616436139618794243e+01 1.697824901698691136e+01 0.000000000000000000e+00 5.731876984331859148e+02 9.773907207005297550e+02 3.939573457522184867e+02 1.013425393779288811e+03 2.091661598720491355e+01 4.121650459839183327e+02 3.657941230807614943e+02 2.594639614341422273e+01 3.333255367130156515e+02 7.125309207274577830e+02 1.047170220821252769e+03 1.604929447192010912e+02 4.162835873902935759e+02 2.032189034541079877e+02 2.230846207697332204e+02
