output/example_1/lateral_incision_000497.asc
nrows	75
cellsize	13.33333333
xllcorner	0
ncols	75
yllcorner	0
NODATA_value	-9999
[rows 17 to 33 of 75, columns 0 to 36 of 75]
0.000000000000000000e+00 2.152229206767394203e+02 9.852195869843975515e+02 1.827481737266583366e+02 1.519208660135184630e+02 1.622082600432240042e+03 3.961629069354164479e-01 6.118189184915826218e+02 1.958735474809342350e+02 8.673128976305248443e+02 4.180195248719542747e+02 1.158111946013586468e+01 1.297830703456780611e+03 8.838579761453420360e+02 1.033553846256683215e+02 1.467724359261444249e+02 0.000000000000000000e+00 7.115796920929705038e+02 2.838062509653706798e+02 4.412186540534120738e+00 4.743439486616284739e+02 3.999709754089219587e+02 7.532292278395179892e+02 1.007053103406013292e+03 3.889816876799223451e+02 3.757298568173129070e+02 2.206438554009701534e+02 5.934520533123892392e+02 0.000000000000000000e+00 4.072535515724217703e+02 1.064498608892013635e+03 3.975009078136586993e+00 7.185455283741057428e+02 3.890015389373078847e+02 2.818249114704391545e+01 1.294721088703463181e+02 5.565410224439035574e+02
0.000000000000000000e+00 2.466967986206984431e+00 0.000000000000000000e+00 0.000000000000000000e+00 0.000000000000000000e+00 0.000000000000000000e+00 1.543367397441166759e+03 9.254434474154168129e+02 0.000000000000000000e+00 5.795041122349924763e+02 4.254698929185306042e+02 3.085836522864485176e-01 6.024351350179384781e+02 7.137144156425394215e+01 2.331496331862117586e+02 5.405347361238620474e-01 9.930215892902662063e+02 6.478614992194347622e+01 7.441016783919218369e+02 1.435053697061329103e+03 7.198739859830101295e+01 1.744949081647989715e+03 1.877795593504618409e+03 4.455785939145537782e+02 3.369311831560729331e+01 6.969144774231857298e+00 3.584288542032159341e+01 1.864748665391557703e+00 3.331917194905574320e+01 9.054107870621137408e+02 2.453086273048780352e+00 3.701004309918267268e+02 8.167125580765457471e+02 5.588794284606527754e+02 7.578966566713030488e+02 0.000000000000000000e+00 8.421123916375204317e+02
0.000000000000000000e+00 1.736682409423067156e+03 0.000000000000000000e+00 0.000000000000000000e+00 0.000000000000000000e+00 0.000000000000000000e+00 1.620680771756150989e+03 1.124916774000508894e+03 1.837232387774274944e-02 3.503933411344762590e+02 1.343942520732110324e+03 8.437328714751696213e-01 6.997438769798210956e+01 3.388784651791534230e+01 1.949508274579794431e+02 5.848279955246281636e-01 6.125903839753301554e+02 6.525238078901678591e+02 8.087434040056309641e+02 1.462290135752701417e+03 3.594911794842079189e+02 2.512474325956342369e+01 1.198106985726228913e+03 1.271789700668898604e+03 2.545772676911279286e-01 9.628740106599469755e+02 1.584047150891796036e+02 6.067996910901731411e+01 1.109423186646093171e+02 8.507967160662951756e+02 1.082131433025052871e+02 9.160851776155736843e+02 3.486935981182925275e+02 1.426749861252939411e+02 5.523291003626154634e+02 9.339051651859850267e+01 9.049334697726343393e+02
0.000000000000000000e+00 5.918754020871954680e+00 5.619634047908015191e+02 8.328841279113274823e+02 4.523926210055801176e-05 1.758911069071800057e+03 3.185058142709473739e+00 1.432834924618991046e+01 1.374490738086683223e+03 2.909569447429659590e+02 5.335435367765393266e+02 4.610331844700057786e+02 9.546740796512276361e+00 1.344742704091861015e+03 9.616048413003446740e+02 1.146784403188096348e+03 2.714581951422817951e+02 8.340535999552571411e+02 4.533902225135514996e+00 7.893832510054497789e+02 1.354707730970019838e+03 8.446978381675801302e+02 2.624024508282446266e+00 3.621939246068267835e+02 1.071121899459988754e+03 1.271861388784387827e+03 1.096845410614062075e+03 3.938795752804281278e+02 3.363303876705753055e+02 6.019147654930536646e+02 4.185886324415346280e+02 5.832375803964517900e+02 4.301965663769406092e+02 3.255126870849762355e+01 3.120395732496161827e+02 2.214706686659320667e+02 3.504175184984219094e+00
0.000000000000000000e+00 0.000000000000000000e+00 9.324558020728157715e+01 2.570777743479883526e+00 2.390394075847671331e+02 2.697176532396893549e+02 3.075346758171834338e+01 6.000358175665904810e+02 7.686007205859264957e+01 6.894555609931695983e+01 2.425028508353335965e+01 1.153569639564192585e+03 1.319315628271774443e+01 5.576075483021625132e+02 0.000000000000000000e+00 1.041738587259771975e+03 8.196279125610605831e+01 6.699173387186380069e+02 8.571409191921293313e+02 0.000000000000000000e+00 2.072791621678183844e+02 4.863075334504709417e+02 7.002223303429462931e+02 2.974515945323858546e+00 3.624280757125595276e+00 1.599933941768116938e+03 1.692107297894439853e+03 4.756379674503934893e+02 0.000000000000000000e+00 0.000000000000000000e+00 3.910018973771250472e+01 6.431459586284866248e+00 1.716548199297393396e+01 2.125115590685066991e+01 3.519026470642937170e+02 3.735217338375523166e+00 7.556974211417298193e+02
0.000000000000000000e+00 1.513507679052371714e+03 2.736206773598623272e+02 1.174434568093868165e+03 7.312320283866105228e+02 4.049286864543374804e+02 1.033919553234344903e+03 7.675080733046577279e+02 0.000000000000000000e+00 0.000000000000000000e+00 1.965123443181542839e+01 4.444126328033921141e+02 1.161935670783739738e+02 4.269034453912047411e+01 3.259075303787327726e+01 9.793903778914634586e+02 4.385739436073540674e+02 3.211100160219770601e+02 5.748541344714469759e+00 1.045617536029715922e+02 2.992642368834424929e+02 5.325058459618219331e+02 4.103953704377694862e+02 0.000000000000000000e+00 1.489892847352903345e+03 5.855303539835585269e+01 1.205691416589805613e+03 1.377748711640099145e+03 5.416614041065689333e-01 8.258431939143652301e+01 1.377088163810987453e+03 7.389276123486372398e+02 7.166055219635086182e+00 1.135260319505916641e+03 1.152515733192725293e+03 0.000000000000000000e+00 0.000000000000000000e+00
0.000000000000000000e+00 4.563480119426243959e+02 3.169037249714496407e-01 2.486705751822516675e+02 1.392179735619246550e+01 2.174712191759962252e+02 5.878349336428325387e+02 1.452292179499803069e+03 1.112617137763783148e+01 1.170589120398686191e+03 1.642654103985148950e+01 1.346250181110395488e+03 6.930742547171661272e+01 9.067325511607355111e+02 9.353556222924974008e+02 3.294737223699200968e+02 5.193515283790011239e+01 8.939296634882750823e+02 2.780316041664683553e+02 5.045938762412711185e+02 9.849476307887978237e+02 9.839575908524900569e+02 1.140170499989727432e+03 3.803405017018080230e+02 1.354149462046332530e+02 5.232592726563489123e+02 1.661794426739558128e+00 1.887090560943532935e+01 1.032302683587912497e+03 1.557735499701574611e+02 9.752001283064453219e+02 4.561243575343629004e+02 1.687514686494571947e+02 7.852686168501964437e-01 2.670194192749385707e+02 2.142392253813287937e+02 8.632465131198048311e+02
0.000000000000000000e+00 0.000000000000000000e+00 7.891336004080973225e+02 1.953707226426565358e-01 1.604496474474107799e+03 1.290819465660579681e+03 7.050956787697141408e+02 4.443230771252969475e+02 3.296285982280379585e+02 4.766228060638742076e-02 0.000000000000000000e+00 1.015906887059299720e+03 1.080215244676575423e+02 6.940255368901431243e-01 9.838783281295015968e+02 4.327251349144570547e+00 9.923581294074602965e+02 4.445676385656072398e+02 4.906247302504651202e+02 2.255437472808067469e+03 1.159521779899346029e+03 8.453471262903454431e+01 2.437743444510446267e+01 7.721215009880917635e-02 5.387608429780743791e+02 1.563080892896717842e+03 2.281162300271921879e+02 0.000000000000000000e+00 9.734147666586122796e+02 8.394906100630477113e+02 1.315107894110272646e+01 1.277763429421235514e+03 1.014219532002484357e+03 5.733208308609308688e+02 2.953808004076925045e+02 6.457050409371448723e+02 5.979862446301203818e+02
0.000000000000000000e+00 8.270593705693308948e+02 4.778067946000015809e+01 8.683364108629538123e+02 2.748412636809664491e+02 3.523672600789205944e+02 1.074795959980683620e+03 1.447206909272818542e+01 2.359336373390686958e+02 7.021570376608120796e+02 1.078110164355279039e+03 8.569668494379864114e+02 0.000000000000000000e+00 1.499028500020678223e+02 7.141523166488004790e+02 5.998522114067607163e+02 1.901247996337399684e+02 4.757328139210763425e+02 5.677972910083313991e+02 9.803833248507639837e+02 1.417736478758100986e+02 1.741049234284977956e+03 6.598520812313866202e+01 6.264114316602675814e+01 4.457041579786288708e+02 6.265348328913199794e+02 3.181373054030731673e+00 1.071728332899995394e+03 3.216836715889814400e+02 9.287282369346776534e+01 0.000000000000000000e+00 3.653972944687315039e+00 8.140356449912035259e+02 8.271213409248430253e+02 5.263276854309683586e+02 7.910541818982495954e+01 1.641684973508465930e+02
0.000000000000000000e+00 1.226734653845876072e-01 1.820364680089797389e+02 8.333412513748344281e+02 2.790600768251064778e+02 3.138889067899486349e+02 2.647342404630839141e+00 1.011463397017964922e+02 4.115411002824528737e+02 8.787134827747808075e+00 1.434812705808518842e+02 1.310691941059550118e+03 3.426462415165462971e+02 5.797321326449669954e+01 9.695825223033857299e+01 1.933824901339835378e+02 4.186238067476902636e+00 1.371235913477851796e+02 0.000000000000000000e+00 1.497330957132170859e+01 1.396990859454841939e+03 1.403769491076802524e+03 8.142976849735226779e+02 0.000000000000000000e+00 4.250513714563103917e+02 6.634997277268006428e+02 1.431718962758847283e+03 2.672067447191833978e+00 6.924503693127796851e+02 9.201953534249289532e+02 1.448239285271495902e+01 1.050334274257766225e+02 0.000000000000000000e+00 6.564938461800207961e+02 3.503428026628520229e+02 9.573397585579961060e+02 7.599553347993872876e+02
0.000000000000000000e+00 5.375469894583382029e+02 4.198300358056492314e+02 3.556191341861645014e+02 1.467510345095498678e+02 1.966247005265474002e+02 2.733214464070498551e+01 1.153529225504255074e+00 8.998757284502344191e+02 3.536623323651140254e+02 1.598413008884256783e+02 2.474025881015437847e+02 0.000000000000000000e+00 2.095322491500556339e+02 1.965734759411962784e+02 1.637755892918985126e+02 7.492382435648754502e-01 1.784097529378153979e+01 0.000000000000000000e+00 4.595117342467094090e+02 1.290581586537228304e+03 1.330813184219914547e+03 4.701099515490776639e+02 5.788265672532320849e+01 5.652734704365917651e+02 6.690882410274448375e+02 3.628652959048948787e+02 1.871857469554089164e+02 5.581265226494028298e+01 1.644315954429478097e+03 1.153351618747823295e+03 1.088635515870443214e+03 2.684341718663431493e+02 8.254988222767409525e+02 7.418739987374879385e-01 4.765499009164953748e+01 6.481451734022803066e+02
0.000000000000000000e+00 7.416371572579438407e+02 6.660098552028213703e+01 9.596975839381323112e+02 2.943414316739620062e+02 8.412530502856801604e+02 2.501860330105809567e+02 8.065803771260882513e+02 1.337554873211136055e+02 1.419541730547213319e+03 5.712200334762889042e+02 3.287581150898210467e+02 3.189629008097600149e+02 1.078259800397762319e+03 0.000000000000000000e+00 7.425821988923897834e+02 5.107730502112129329e+02 6.469272952696669563e+02 1.190878819152469305e+03 3.639655108784619983e+02 6.634737092360372799e+02 6.368861963087749700e+02 2.564453468170011519e+01 0.000000000000000000e+00 8.646599600553289520e+02 4.976113567132846072e+01 2.225589992108503452e+02 1.615851118161614977e+03 1.473303421750566145e+01 3.200621859398669926e+02 3.234225051021542754e+02 2.303640387906296212e+02 3.442493838888278219e+02 6.152524056103644057e+01 2.601473633018515557e+02 1.982456952574859699e+01 4.885676003689910090e+02
0.000000000000000000e+00 8.309072737083857518e+00 7.187179492812377113e+00 9.433147385558183373e+01 1.482500673997273850e+02 1.773399163326741643e+02 1.001620338605025324e+02 2.705479497470208994e+00 1.614698010080565155e+03 1.595673015214644010e+03 1.510594623441095791e+03 6.810737794377746956e-01 1.137660960172126323e+02 0.000000000000000000e+00 1.320332351196967011e+03 1.301009982431604897e+02 6.750660811409697999e+02 8.880612690405647527e+02 6.722103834881713869e-02 7.025302156480963731e+02 1.038246109318936305e+03 1.046204072621466821e+03 1.955392898975674143e+02 9.833306841455470249e+02 7.374093359837662831e+01 8.266566109341031279e+02 1.390826569411344638e+00 2.307401244434306022e+02 4.357278859789716421e+02 8.521604818559211481e+02 9.297258991434027848e+02 7.194056824369458809e+02 1.405490239219251634e+03 1.007962531900428303e+03 1.024796038982577329e+03 2.560094971303439593e+02 3.722186392251275038e+02
0.000000000000000000e+00 5.778054631869738387e+02 5.986851718159326197e+01 1.053514013847684225e+02 1.296250916479497164e+03 4.207192921838015423e+02 2.460480543264370112e+02 5.533893118259230732e+02 1.274807849241406466e+01 0.000000000000000000e+00 0.000000000000000000e+00 8.550076048328254501e+02 4.038909183457051313e+02 1.170244117319786483e+03 2.896616831493130562e+01 3.326126933573542033e+02 9.919154743494584814e-01 1.300099856799593852e+02 5.385006146083802605e+02 6.280401525700775665e+02 6.450629395549715355e+02 5.742396803368174574e+01 2.841958666909927729e+02 7.060843896484967672e+02 4.070209529322790445e+02 5.418181031508840988e+02 3.414497353542116684e+02 2.285114441927504458e+01 2.982509746002166562e+00 1.551808649083318059e+01 6.683702901442719622e+02 7.546936484275224757e+02 7.939055342104121848e+01 1.862776245150173793e+02 9.123221292439663443e+01 9.475636302366799555e+02 3.005821905330179789e+02
0.000000000000000000e+00 0.000000000000000000e+00 6.421890928761722535e+02 3.821772169929813145e+01 7.988035598921568692e+01 1.901847624882396133e+02 5.710410084770467165e+02 0.000000000000000000e+00 1.572152807644597033e+03 8.415740515030006463e+02 0.000000000000000000e+00 2.458707460062662449e+02 1.818682738114713402e+02 1.089685404691987515e+03 6.135388637366928606e+02 6.584754949999907012e+02 4.004508713767434074e+02 7.343776573904286806e+02 4.550234312343823717e+02 3.470284409416780704e+02 2.509479998386599675e+02 7.426153199831882148e+02 1.682062607514183981e+02 9.508849814478866165e+02 3.880893444383460746e+02 1.666404929129215589e+02 5.238978411021536203e+02 5.500847543109420030e+02 1.321619538432326863e+03 4.019338916852134957e+02 4.762363036167728296e+02 8.526196128400231373e+02 4.857223393266397125e+02 1.496896301206613089e+03 5.633004569860108335e-01 1.538610591370917824e+01 7.646598506481979030e+02
0.000000000000000000e+00 4.044769432266489275e+02 3.401006589585088591e+02 8.786493284159804773e+01 6.657077035389242781e+01 7.184490167885307983e+02 4.566183237590717567e+02 1.839553838220559498e+02 2.256563948946603304e+01 8.923232024093688324e+02 5.339404720640438029e+01 7.862077617424567961e+02 2.211229553294207761e+01 7.204610592405343823e+02 1.280480446838902253e+01 1.052364917043349124e+03 1.056604579505650288e-01 1.078425065071563040e+03 0.000000000000000000e+00 2.434587524740470599e+01 1.052185264376057745e+02 8.803071201322027264e+02 1.232180904428120556e+02 1.895059796883387193e+01 3.000959256093954082e+02 9.621151112392986988e+02 9.372346098317979113e+02 2.161139068908119327e+02 1.710062339266069671e+02 7.180606705967303161e-02 2.942991492109536011e+02 1.271658342216326673e+03 1.072089811025621771e+02 6.080665224778646660e+01 5.646876532663520720e+02 0.000000000000000000e+00 8.263129259470125589e+02
0.000000000000000000e+00 1.081311652708790461e+03 1.067968234236484051e+02 5.157598178525793742e+01 1.043276923679940182e+03 1.508980416934103630e+01 2.317635568475936054e+02 2.568809667287886782e+02 6.198996884536146013e+01 1.365089287327301236e+03 6.072234484344661496e+02 3.738105327638815645e+00 0.000000000000000000e+00 5.468381705407892923e+00 1.115106685385433138e+02 5.406937840481618878e+02 4.777719307033883211e+01 1.113624904899265857e+03 3.350724453698300067e+02 5.777571297501511935e+02 1.157479958249018637e+01 4.013231368832309727e+02 8.377048930920175662e-01 7.364039990826056510e+02 5.625897174987097742e+02 1.551951460102131477e+03 1.270976604555631411e+03 3.791862963869320424e+02 1.250113604530477915e+03 0.000000000000000000e+00 6.166682548296380446e+02 1.079702185528260117e+01 1.379796362030698674e+03 1.195858711951490932e+03 2.136141591200138805e+02 2.750274290442043821e+02 5.158431531193823503e+02
