output/example_1/lateral_incision_000049.asc
nrows	75
cellsize	13.33333333
xllcorner	0
ncols	75
yllcorner	0
NODATA_value	-9999
[rows 17 to 33 of 75, columns 37 to 73 of 75]
9.897519042184052540e-02 2.899299456482451660e+02 6.805064844332890939e-01 1.267287878072758076e+03 4.716845334966145629e+02 3.413042371194813995e+02 9.894204679219908485e+02 4.178782084736745617e+00 2.672944374068929960e+02 5.736726777383851505e+00 1.011759006216298395e+01 2.846711868726060857e+02 2.094780548657813029e+02 1.167690590542067184e+03 1.400254333370841131e+01 2.598516978029793449e+02 2.621137062191395770e-10 4.577989471989328507e+01 3.413922433907476943e+02 1.236952624583753213e+01 1.584023744987399141e+03 3.174601495908057132e+02 2.495855338778248389e-01 3.485330348741268836e+01 1.576563438788720532e+03 5.808728155406993210e+02 7.815313129046923102e+00 4.445984817882694529e+02 9.535589684811724283e+02 1.105092179334109233e+03 2.773578993612966315e+02 7.303141477862407100e+02 1.660478405491487024e+02 5.847123268621058969e+02 3.101143782775968916e+00 1.928204891791922648e+02 8.541040169961346464e+02
1.228553217296664116e+03 1.020472224259962445e+03 2.583724760805628762e+02 2.526083074951554863e+02 2.295003524605409950e+02 5.452986129444080916e+02 3.430188583108156308e+02 2.905902976281347492e+02 0.000000000000000000e+00 5.890417414200821433e+00 0.000000000000000000e+00 7.459384415294145754e-01 1.696725575227576144e+02 0.000000000000000000e+00 1.153065589652554346e+00 1.403902761688512101e+03 5.587539678834715460e+02 8.442737510549456204e-01 7.357404904505741570e+02 7.318445052742989674e+02 2.185575346305433442e+01 1.157584682974072393e+03 1.371807124455217945e+03 1.342465014677386762e+03 1.277011610312296930e-01 3.195574792309363232e+01 2.112891788846985435e+02 1.212926435848508163e+03 9.979592141472486446e+02 1.994044971774997288e+00 1.121784156804533723e+03 3.132152013082567805e+02 2.772349461659275107e+02 6.095443217160009226e+02 6.739767096120338010e+02 2.500361943681387800e+02 5.054953785876225538e+02
3.295152940842258895e-04 1.624629735398674711e+03 9.658358861320577944e+02 5.688600487210513847e+02 6.346325946910422289e+01 4.040170241409627039e+01 5.947485319566076214e+02 3.551219108747865789e+02 2.647438335274604171e+01 6.278312376445716936e+00 2.173800427460512857e-02 6.770704510857831337e+01 8.257923141086730539e+02 1.007688215684530292e+03 8.140175113899027792e+02 1.788364420542011723e+00 1.137373599156748242e+03 9.822090413020017650e+02 1.715365647011719830e+03 1.673735016191618115e+03 8.549866057629010356e+02 5.432116053809171063e+01 1.211833515323301071e+03 5.494873293598770969e-01 1.397901661304276331e+03 1.803627278601533135e+02 1.471708206760219420e-06 8.146901337128481373e+02 2.600036592864017493e+01 8.482371541619797881e+02 0.000000000000000000e+00 2.969196449626425647e+02 5.921942099718609853e+00 1.020734796423528878e-01 2.815385033419045158e+01 5.150286552351607270e+02 0.000000000000000000e+00
0.000000000000000000e+00 0.000000000000000000e+00 0.000000000000000000e+00 4.970582745151907602e+02 0.000000000000000000e+00 5.651225749868792718e+02 1.456987947890211785e+02 8.660265867738546319e+01 0.000000000000000000e+00 4.051955847627759510e+01 2.076436911599305120e+02 1.104045717594349441e+02 0.000000000000000000e+00 2.008081669892986199e+00 6.561565888032189378e+02 1.354656280558749017e+02 4.423469861254981872e+00 5.210478519187883961e+00 1.422936014117729428e+03 2.321667475791205106e+03 1.056877770028065243e+03 9.341757481116425010e-01 0.000000000000000000e+00 1.190733756021609224e+03 0.000000000000000000e+00 5.591325977664375841e+02 5.533781604066873570e+02 7.490281190333543115e-01 4.333218469726468811e+02 4.846060789374091655e+02 1.141150153947544823e+03 3.267779456828680509e+02 8.537624050988601709e+01 6.566853748400694357e+00 2.556157124711341916e-05 7.130350342907661556e-05 0.000000000000000000e+00
1.132049830162881790e+03 1.581939140224272364e+02 6.978556382097008282e+02 4.930544041590726678e+00 7.832058320964001723e+02 1.488057377490827548e+03 2.504736493899394816e+02 4.082629279052480911e+02 4.481930038576880548e+01 9.485685608459584728e+02 2.010653139710262280e+02 3.746690270982410311e+02 6.658907389548045330e+01 1.494983799839303629e+02 3.586174566524950365e+02 1.336876485990514993e+02 1.374568520066016617e+03 1.293740058370153292e+03 0.000000000000000000e+00 1.324770785182221971e+03 1.419682560813807726e+01 1.074146128378721869e+03 8.530401801904132526e+02 1.403825853750856822e+03 6.452385708175979744e+02 2.175363306818096305e+02 9.270194078008993301e+02 3.002286029158221581e+01 9.733523882266301825e+02 8.148509046804750255e+01 1.864809810740359453e+00 5.968955696979418235e+01 2.502966668462481836e-01 6.153929690712433143e+01 6.812331437104571705e+02 1.371421619991933085e+03 0.000000000000000000e+00
8.625047266406969584e+02 2.048322272091635909e+02 1.015557721433229062e+03 1.639666375869308240e+03 1.582888494224165221e+01 7.048629866626722560e+02 3.392006214685164611e+00 1.616573838836158359e+02 1.043580273374884428e+03 1.173399201311911384e+03 1.286393600915004765e+00 9.417710378595209022e+02 1.639973825540360508e+02 2.473451038509391253e+01 5.093837542966970773e+02 8.710207782098523239e+02 1.573219549662686345e-01 7.315749091280528091e+02 1.267848807704114733e+03 2.151303130400011643e+00 1.615048438816012094e+03 0.000000000000000000e+00 4.012987034666758746e+02 3.502045123593898666e+02 0.000000000000000000e+00 0.000000000000000000e+00 8.598106309962166449e+01 4.106805010608472912e+02 2.944901242695582155e+01 6.510328915826743241e+02 6.557155030586098974e+02 3.719397228973707001e+02 1.151665452086485146e+02 9.104418461195083410e+02 1.291952364892746914e+02 6.948218897389807580e+01 9.916048737145598257e-03
1.021889005705756553e-01 8.444633395888131417e+02 1.551050861424211575e+02 1.411725596109959724e+03 6.604611732311732908e+01 2.654995475649772985e+01 3.497649094410423913e+02 8.874279365777046347e-02 7.684140174092676716e+02 7.255350873493360950e+02 6.818557076987545429e+01 3.509158113271732304e+02 6.041204793066190177e+02 7.885157668718300101e+02 1.282698379278664147e+00 2.947092531406559601e+02 0.000000000000000000e+00 4.791363882225736859e+01 6.641077039860917089e-03 9.765229037398485445e+01 1.027934101359635633e+03 2.270333256936995383e+02 2.283391005263350593e+00 8.804107127842085490e+00 3.078397062978705776e+02 0.000000000000000000e+00 8.990594649612958165e+02 3.212124236007901459e+02 2.693965387671226352e+01 8.825368419442656887e+02 1.005701537066503448e+02 3.050395888976199643e+01 0.000000000000000000e+00 1.445846071658471601e+03 5.439203102841986492e+01 2.342320916631122518e+00 1.886061711963165166e+01
1.989319676260170366e+00 8.256444013740336914e+02 1.412610240031773969e+02 1.499145437817247171e+02 5.756054026591057493e+01 4.205672799615614394e+02 1.539761907596252755e+00 1.111760410133087134e+03 2.800994120499305851e+00 2.000276001610935168e+02 1.600971297078741031e+02 1.494463428395634537e+03 1.549742240531997339e+01 5.985157945638151205e+02 4.625621707371884668e+02 4.606418170032022807e-01 8.412669093494528170e+02 1.345604339861561130e+03 3.161645051449686861e+01 8.025712157783494831e+02 1.265062922977869704e+02 8.608426821930741824e+00 2.200392217062470124e+00 0.000000000000000000e+00 0.000000000000000000e+00 1.847230173871825798e+02 2.196841575291282211e+00 1.423265681005053466e+03 5.446564374093559202e+00 1.671398340862442183e+03 5.094207185320206577e+01 1.079307389700616568e+03 9.273793491157038034e+02 4.543458978083030075e+01 2.090458911380860343e+02 3.914452606804373431e+02 1.151024298199154333e-01
5.528139610249000668e+01 3.580354502168497106e+02 3.465426732379930854e+02 9.585156194825196962e+02 1.408114212335228217e+02 8.143416903792131052e+02 0.000000000000000000e+00 1.212375891869045716e+02 0.000000000000000000e+00 1.057600230734796014e+02 0.000000000000000000e+00 1.157540025804336437e+03 3.717155394588196486e+02 2.834045647866672653e+02 3.543218016996922159e+01 0.000000000000000000e+00 8.049368485244685871e+02 5.636425713558520734e+00 4.400920700674246291e+02 1.519610152851777684e+03 1.760406668889087589e+00 3.771474663465018917e+00 4.532965697845844133e+00 0.000000000000000000e+00 1.583954559958230812e-01 9.188703268882554767e+02 4.410744215797257652e+02 0.000000000000000000e+00 1.950729453615595332e+02 7.018881343974398002e-01 3.586304948705945890e+02 2.397403282629823877e+02 4.551235615789930193e+02 2.397300930017858889e+01 1.182923072596190650e+03 3.799516067373717192e+02 4.014055227745419074e+02
5.646156242606755749e-01 1.462970210023447862e+03 1.291363591782599769e+03 7.268538343121035084e+00 1.321822573705562931e+01 7.116318445320712271e+02 6.684156927544536586e+01 2.853941885253227042e+02 4.392129604620907735e+00 9.306234673244004796e+01 8.476650007604390566e+02 6.499996104987030288e-01 1.001480314187808176e+02 1.108102497462086603e+03 1.134901323209915063e+03 8.653706222238158716e+02 5.391094509311474781e+01 4.895953681747610631e+02 1.389015560173234462e+03 1.869137576239026100e+00 1.089699539927144087e+03 5.585402450695884227e+02 2.163784328827605066e+02 2.133610178279678848e+02 3.651350969812291236e+00 4.547205228515690010e+02 2.436759641401048526e+01 0.000000000000000000e+00 1.107333001639106442e+03 2.269736330207359174e+02 4.110958575626106892e+01 1.295108226173430488e+01 6.774357490831084760e+01 1.789851938585665323e+02 9.235028560090702854e+01 2.861596763790992100e+02 5.319774149483396378e-05
3.264969931713253004e+02 0.000000000000000000e+00 8.393569880973518593e+01 1.366049274854478597e+02 1.548175220665911240e+02 7.832800983957553171e+02 1.405362622696796734e+03 4.042819613852245197e+02 5.699072469583109068e+02 3.639148242100657740e+02 2.672409367437515471e+02 1.021871512246203451e+03 1.543297333855620934e+02 6.337182478190534312e+02 1.336867166208618983e+03 4.219418830552196020e+00 4.606717601548073162e+02 0.000000000000000000e+00 1.702873661680214582e+03 2.173320859170906374e+02 2.877688540384189082e+02 0.000000000000000000e+00 4.474376161422463838e+02 1.022975781139621176e+01 4.247452622249958232e+00 0.000000000000000000e+00 2.141811072189238985e+01 4.218684684752501539e+02 1.152284183305668250e+02 1.048599725382540782e+03 1.911557535860112722e+01 1.401901838421503953e+03 1.189213832513730580e+02 8.731770216791062467e+02 1.128850170817239359e+03 8.118667414214520761e+00 3.642085301021880366e-04
4.615212425700478320e+02 4.270575093784714227e+02 2.498840416884347349e+02 1.455994486389956535e+02 2.691112644161659091e+02 6.216826349946057206e+00 1.605490553628046655e+03 6.995127080724572579e+02 2.762498852707654606e+01 1.697064694997980627e+00 1.928777287157190585e+02 8.433124006043220788e+01 3.119644697586293773e+02 1.346011373372130947e+03 1.079902273725890183e+01 1.353862875496353126e+03 1.432463422481523594e+03 1.121503433960034954e+03 0.000000000000000000e+00 1.762444186687017009e+03 1.161587705244125573e+03 2.562110362452688150e+02 4.286625882323126575e+02 3.016833304559210092e+02 7.641432020747587650e+00 1.221678117968657995e+00 0.000000000000000000e+00 9.292490758766850378e-01 7.973898619170616087e+01 6.811503794002213681e+02 0.000000000000000000e+00 3.967008260918437372e+02 2.806975998940048953e+02 9.957416849926387314e+00 3.199361734136243172e+02 5.515951562290091488e+02 8.091531400555139898e-05
1.054401618459260614e+00 4.870907910953510722e+00 3.618440979536838427e+02 5.279930677644313874e+01 1.429064211491526294e+03 8.449252702928921508e+02 2.060714519850701532e+00 4.463770399546450562e+02 1.683316077439194260e+03 1.001065596919125824e+03 1.288105558229211283e+03 8.221865625585079940e+00 1.546761207068008126e+01 2.478983794282018760e+00 4.550168686919129755e+02 5.552209114164911625e+02 6.744496078602746536e+01 4.824976327765260180e+02 1.182384522295682473e+03 1.563859231312698910e+02 5.594844165481082143e+01 3.914511957997493710e+02 4.683732045340910872e+02 2.103166047536532517e+02 7.773783832464233967e+01 1.034447155497635151e+01 3.621960328880459239e-04 0.000000000000000000e+00 0.000000000000000000e+00 9.805610287404345580e-05 4.189305456252100885e-06 1.470186319811312720e-07 3.915862960944219822e+02 1.061017112161797286e+03 1.074882129345331894e+00 4.422357501890041931e+02 1.403231664924315503e+00
2.756787756090310495e+02 1.770389440659407565e-01 3.700997204994770868e+02 1.070998123239304647e+02 5.368994179617821771e+01 2.426670518492968220e+00 5.206036869436384222e+02 3.410639128306021672e-01 1.640567549592675034e+00 1.604019829495539170e+03 4.392443794654511402e-01 1.043333163277726953e+03 4.368423559979495963e+02 7.879622164189150908e+02 4.021203287063902820e+01 7.050270701089905501e+00 7.844695189867162410e-01 1.227535861632000014e+00 1.659671919784346272e+01 3.152392606961819297e+02 5.300232899588899205e-01 7.880773785787248187e+00 9.123112534287902236e+02 1.780334597157934923e+03 3.521344425143869472e+01 1.255768886775752602e+00 2.618148870542185693e-04 3.168512331776546947e-04 3.516471448943179468e+01 5.245096830256980525e+01 6.894195274045621602e+01 4.734371997134597443e+00 8.020479087558445030e+01 4.852310814822423168e+01 0.000000000000000000e+00 0.000000000000000000e+00 5.181639016718336279e+02
6.166760390943502301e+01 0.000000000000000000e+00 4.683675261915396248e+01 1.007576376877611466e+02 1.101928224509252061e+02 1.136508929815221205e-07 0.000000000000000000e+00 2.596837290485992185e+02 1.412238972899444434e+03 0.000000000000000000e+00 4.068503887702568136e+02 1.536705657661559826e+03 9.084539542499992848e+00 6.863455884857086176e+01 3.452224581961477270e+02 3.408236269013186188e+02 1.138200060345661541e+03 5.590257270688025528e+02 2.369391170679774916e+02 3.237624752635321812e+01 4.964683388182165231e+02 6.998606034220019865e+02 2.114701759402569436e+00 8.077140998267157102e+02 0.000000000000000000e+00 5.093518678552023857e+02 1.328908863082545849e+03 5.661914153216406476e+02 2.134556691350499307e+02 5.960833850505566716e+02 7.694971368224622132e+00 8.660160029800118009e-01 0.000000000000000000e+00 9.180224560352718832e-01 7.171125297236848439e+01 4.652823110409084961e+02 1.580160176154194751e+01
8.683914509256078418e+01 0.000000000000000000e+00 1.560255211728483005e+02 2.651541913546949236e-01 9.526082669157027567e+02 7.462796503235108503e+01 3.158055584302142282e+00 1.509702594591404250e+03 1.127192015869310126e+03 1.354603964219243473e+01 0.000000000000000000e+00 1.222881878492398045e+02 2.982049809447603650e+01 1.859450250132343854e+02 1.085897528404680770e+03 3.943423271059888862e+02 1.835190033647396968e+00 2.275218773206994654e-04 1.104656165587241787e+02 1.609869027889750370e+01 3.349506971375546414e+02 1.277547078093432447e+03 1.529285908505960379e+03 2.071275382991742131e-01 7.157200873286338947e+02 1.105267364275964468e+02 1.936481701053458551e+02 1.689530475617503498e+03 3.467828943805545805e+01 8.188952241119872042e+02 1.178573641071739075e+03 5.983640746334065170e+02 1.298642588238861073e+01 0.000000000000000000e+00 1.948694662574524372e+01 4.001105830849293277e+00 8.637731008872531646e+00
2.303208096252688222e+02 4.125087831784277070e-01 3.655362583872174582e+02 1.670239021298846183e+02 1.225913941339512689e+02 9.183765485502257775e+01 5.025017956026713364e+02 1.340737626987219528e+03 2.962344318700895762e+00 7.519051488581148988e+02 2.762058768288268240e+01 0.000000000000000000e+00 1.063216645613519631e+03 0.000000000000000000e+00 5.585437168461819510e+02 6.085219097090443618e+00 7.536822619862677186e+01 7.093441971588125625e+02 0.000000000000000000e+00 5.480840159834822305e-03 3.824344446463362078e-04 3.960448511106939851e+00 0.000000000000000000e+00 1.284777023052096865e+03 2.972940605765379587e+02 1.503294210647033651e+03 6.094922653242506705e+00 1.608744935948689658e+02 1.111731058665401861e+03 4.733515320823844377e+02 1.170784002659648195e+03 6.305383093549502149e+01 1.253560812755973899e+02 0.000000000000000000e+00 6.179470071810090985e+02 1.053767634414957456e+03 5.637527123793684147e+00
