output/example_1/lateral_incision_000355.asc
nrows	75
cellsize	13.33333333
xllcorner	0
ncols	75
yllcorner	0
NODATA_value	-9999
[rows 0 to 16 of 75, columns 0 to 36 of 75]
0.000000000000000000e+00 3.111560667785954148e-09 0.000000000000000000e+00 7.593259462781106777e+02 1.366821773850643012e+03 6.938183004394281852e+02 3.322898466254517871e+02 1.334620413499106235e+03 3.989037117104237495e+02 5.961565685188394070e+01 5.062690216439984425e+01 1.837977988102178628e+01 3.436049804044909592e+02 2.232454613535915087e+02 3.650444744388041158e+02 1.472141431173776311e+02 5.412460465191597483e-06 0.000000000000000000e+00 1.430772275955948469e+00 4.457327673779949428e-01 0.000000000000000000e+00 8.214038731092654518e-05 2.132444891575236974e-04 1.614394187922306756e+01 2.734756896395310610e-01 1.936537849555193258e-01 1.467995409988723132e+00 2.394697288128030332e-06 8.592563712945595588e-06 1.072833790534963305e-01 1.059712603314569833e+03 8.672903852689478299e+02 9.240312403002536712e+02 0.000000000000000000e+00 0.000000000000000000e+00 0.000000000000000000e+00 1.729778388324247018e+01
0.000000000000000000e+00 1.978317680896238926e+02 8.404162081146317576e+01 1.088452221270128803e+03 2.419835782427223023e+02 9.998701353080756462e+02 0.000000000000000000e+00 4.169817429810783551e+02 6.206763274924411888e+01 0.000000000000000000e+00 3.878468593359269221e+02 3.263007832515222617e+01 8.298327050558526707e+02 4.676193592009520899e+02 1.572982178022485868e+03 0.000000000000000000e+00 3.360732011596183497e+02 1.779359462108671508e+01 4.778060027682983559e+02 2.235411571249459051e-01 8.875990132679808085e+02 1.026915697042761622e+01 6.306793887555367739e+00 4.044920087804285913e+02 4.472843760059147940e+02 2.211197407882765162e+02 1.848797140734064426e+00 5.540484788662165556e+02 4.266099728048768043e+02 3.092736700459576937e+00 9.841402187326335707e+02 3.253837668662338274e+02 4.843894383846052278e+02 3.655390711571771423e+00 5.044055294350693538e-03 4.941815577892190277e+02 2.677388895928488637e+02
0.000000000000000000e+00 0.000000000000000000e+00 2.246374556338482193e+02 3.359384414828520704e+01 1.437713025807171050e+02 3.995562585043716695e+02 1.028309055276141407e+03 5.109885016300339089e+02 9.620159350306822432e+01 1.668662305522118231e+03 5.419635699944127509e+02 2.798450890154011290e+02 1.224754840603536422e+03 4.957650197542056958e+02 2.991474397994697298e+01 1.745969655549042500e+03 1.520808055864832227e+02 3.421186628472665916e+02 1.086575752451622066e+02 7.944824868294334692e+02 1.139922307121381273e+01 0.000000000000000000e+00 7.925594456896958491e+02 2.218801887966874801e+03 9.141131463392709975e+02 4.418417277699772683e+01 6.534913304150464910e+02 1.976027622961765644e+02 8.807877803884044852e+02 9.625117728812681150e+01 5.946224030824227569e+00 2.175651915565839829e+02 8.316416195724669933e+02 9.601733995013544245e+02 1.028765452352953815e+02 2.574860906555222755e+02 2.066129613050093496e+02
0.000000000000000000e+00 0.000000000000000000e+00 9.394091007918143532e+02 2.656950144930682001e+01 2.736092317936879112e+02 6.548266825138172180e+02 3.561608711614587008e+01 4.136942764976820968e+02 1.370011065462261286e+03 7.905176177983809893e+00 8.311397986631946821e+01 8.129730936007897526e+02 2.595831586692953579e+02 2.111043694388883907e+01 1.691820875124338727e+03 1.260749090677349216e+02 7.157188715334968947e+02 1.705834356531408247e+01 1.252362425634892134e+03 7.472321050910742315e+02 7.043691225989042550e+02 3.444333028424677678e+01 8.614632281150222752e+02 1.679456086071985737e+03 4.093168118604081585e+00 3.493427241131644223e+02 9.912050639278903645e+02 0.000000000000000000e+00 1.966570729940414139e+02 8.253930108803617713e+02 6.937078860940654295e+02 5.451722188900075707e+02 6.869107912097708777e+02 1.110090771287808593e+03 5.818364452555783828e+02 1.092349819487215655e+03 1.852082625930308879e+01
0.000000000000000000e+00 1.502394712996621422e+02 3.851013659908358022e+02 2.673484636691506466e+02 2.021757784096599835e+02 1.160240955234836520e+03 6.187481473685948004e+02 6.145871708282185431e+00 2.529463980732097994e+00 6.560398906772384180e+02 1.011517665841234646e+02 3.015510894245030826e+00 3.286224655053588890e+02 4.799861886171846663e+02 1.066527786719100504e+03 6.221787636527600398e+02 7.016212656525465663e-01 3.903129351362429844e+01 8.390121148681593013e+02 2.023432389283052046e+01 1.728537290411876981e+01 3.594772227290168587e+01 8.718687338340075144e+01 1.810782200642183568e+02 5.528244707351742591e+02 9.396743137831800823e+02 4.528283256763804161e+02 7.067286824983368021e+00 5.448318786478912301e+01 6.974021522316807875e+01 2.823638245525086532e+01 7.217660780667566769e+02 1.548896921110610265e+03 6.733907292496192554e+01 6.440465302691133154e+00 8.315518993119428615e+02 4.351893547528634087e+01
0.000000000000000000e+00 2.330282648276837421e+01 8.600512996114956366e+01 1.656617387014651683e+02 7.418781066007132097e+01 1.099151391858968596e+00 4.611058956196116299e+01 1.376385315576112873e+02 2.663250834895101775e+02 1.620113738557193074e+03 1.286771540897805608e+03 5.154696391948753131e+01 5.509693515508286055e+02 7.964990459526781024e+02 8.542285281984763969e+02 1.909672799856593883e+02 6.447713133905121197e+01 2.715072027728517128e+02 3.991483740569890415e+02 1.459466982527510766e+02 2.797102803460829819e+02 8.122200598420379265e+02 3.056319163632678624e+02 1.625049319988671357e+02 4.345849489611993022e+02 1.401196951680254870e+02 7.493004220509844799e+02 9.208011020692684667e+01 5.953753027984838582e+02 1.361678675482143490e+03 1.164302587383040418e+03 2.326979627348385549e+01 1.753215707445225462e+02 1.460297264318430962e+03 5.746223702123915018e+02 1.299477850395881660e+03 9.439295358633572164e+01
0.000000000000000000e+00 9.598154094199779820e+02 9.677224448771078187e+02 1.364607575126974098e+03 8.992956700692526510e+02 7.453140399404272785e+02 5.302444260591101965e+02 7.553285874583832538e+02 1.267167736550292602e+03 2.363751268270150661e+02 2.253795481008491777e+02 6.759340364431375292e+02 3.218365919522077547e+02 1.730295527766755868e+02 5.006414889596107365e+00 1.221367814407915830e+03 3.598071526042456867e+02 3.260564168191251042e+02 1.568878818594762663e+02 7.880155014257514949e+02 1.214842154463650104e+03 2.859372564570163036e+02 1.199314235155208053e+03 1.702440948003350627e+02 1.142599555128112343e+03 1.133651648298058490e+02 0.000000000000000000e+00 4.225745597238736551e+00 1.949236208553330698e+02 3.010545249405531081e+02 8.423982822034126912e+02 7.156156696145414742e+01 4.725196900801312268e+02 4.648843061177876166e+02 4.072392198538197476e+02 4.142036503809612213e+02 6.914065239859627354e+01
0.000000000000000000e+00 6.159052998017120899e+02 1.091125071184860190e+03 5.950440095697889120e+01 7.856988426894235999e+01 6.043227781043598270e+02 5.527518225649366741e+02 3.054252337850634191e+01 8.658739166121054041e+02 2.452347860196676947e+02 4.315224211160217038e+01 8.472754172080129820e+02 5.167041707487039730e+02 4.548744352040105241e+02 1.399857494750758178e+03 8.084772686498358780e+02 8.590024730054297208e+01 5.794331295287820467e+02 4.823551729809638005e+02 2.470968153915297005e+00 7.431150084166400493e-02 4.690638619068445081e+01 3.550013143377437785e+01 5.120224899205429381e+01 1.197048240320671539e+03 9.638108220929934760e+02 2.513414712989031443e+02 0.000000000000000000e+00 5.191817362207616497e+02 1.106355673178253198e+02 1.745301583150774832e+03 7.115797595338506198e+01 8.166436811933622266e+02 1.175923509091682178e+02 8.106031835537118013e+02 4.335827531955251857e+02 1.881361399561850476e+02
0.000000000000000000e+00 6.695045370089644621e+02 5.882869185972896275e+02 9.297532131344031541e+02 1.252813330856400171e+03 4.474748654685735119e+02 1.223709564606878075e+03 6.249874022952590167e+02 1.236324462117812146e+02 0.000000000000000000e+00 9.300484367202125213e+01 2.833418170570084271e+02 6.790872392610508790e+00 3.731604920279856970e+02 8.655638843437394598e+02 5.029593889391403394e+01 4.214764992846879466e+01 1.484526756162544189e+03 0.000000000000000000e+00 0.000000000000000000e+00 7.039354226932226766e+02 5.508456285725720818e+02 1.386699467400818321e+03 4.329666181728725149e+01 1.485258609484453018e+03 4.886357161441698622e+02 7.049625080758995637e+02 0.000000000000000000e+00 6.387888017775394474e+02 5.153689409917453759e+02 7.991379684735009050e+02 1.058932836799125567e+02 8.424273031188997152e+01 0.000000000000000000e+00 1.125044455801980376e+02 1.100422523663728072e+02 1.016252009480229219e+02
0.000000000000000000e+00 2.056420333808716805e+02 2.448613027061065566e+02 3.253440436933346405e+02 3.502482376761312821e+02 1.716228680380147011e+02 9.616331537838362920e+00 3.447760770452009069e+02 0.000000000000000000e+00 0.000000000000000000e+00 0.000000000000000000e+00 7.860735711830164973e+02 1.275337007282533222e+02 2.969388058127951808e+02 0.000000000000000000e+00 1.696098795891243299e+03 0.000000000000000000e+00 4.149521028082580756e+02 8.679223070537560716e+02 2.383707051880047167e+00 7.039572985546612927e+02 0.000000000000000000e+00 7.137033447052032216e+02 1.166263452909936227e+01 3.750500630755258840e+02 2.736084407701198415e+02 1.152339935889279943e+01 8.178532239596936506e+02 4.860333467985578864e+02 8.094935612927646389e+02 1.362267837743788732e+02 4.453146889460024909e+02 6.288101347562611636e+02 7.932989071990979255e+02 2.271997200993808264e+01 4.992042316561245343e+02 8.231745519105849951e+00
0.000000000000000000e+00 4.506904092121946519e+02 7.604426615468057662e+02 4.070432273013844338e+02 1.112329694280362673e+03 8.964884756095211742e+02 6.074184266310406883e+02 2.497359559539447105e+01 3.362364147452862717e+00 9.434289588080150679e+02 2.755714865348296017e-01 1.445291054701415874e+02 8.413839818974072386e+02 1.375165368706899427e+00 7.535296155484354585e+02 5.803700041832396437e+02 1.862760977915044123e+02 6.926152727354665330e+02 7.133047240048366575e+02 7.516125895769860676e+00 2.589359452596361848e+02 4.907521960980108702e+02 4.071947624945218536e+02 5.202354650022806482e+01 6.880998968244413163e+02 1.338206267380476504e+02 7.241643784525130059e+02 1.284225260072641390e+02 4.500893333596059733e+02 5.310549685887947291e+00 7.672589024809782359e+02 9.364520047241837801e+02 0.000000000000000000e+00 2.742364377343205319e+02 0.000000000000000000e+00 1.693822162262602546e+02 1.213877968526608786e+00
0.000000000000000000e+00 8.845856570552240328e+02 1.068157627202685262e+03 4.537418437823648674e+02 1.038360804860226381e+03 8.361620464795806811e+02 1.867497260484380774e+02 4.710709227329563191e+02 7.711262003176655444e-01 6.616997233521086628e+02 2.346118229681852370e+02 6.378304337287565886e+02 2.196978636339838431e+01 5.693690047990585299e+02 0.000000000000000000e+00 8.074361937348392075e+02 9.770940060754048773e+01 1.246496373604804148e+03 2.634587373030468029e+02 7.601963349715090317e+02 1.127485525494616070e+02 9.155564629840665702e+02 1.667302947303733163e+03 6.925343763982692735e+02 8.160759564037476821e+01 6.204024853310060053e+02 8.048587605459683800e+02 0.000000000000000000e+00 1.163707724471500796e+03 2.512416687372225255e+01 4.049326734221683068e+02 0.000000000000000000e+00 1.868774815903996522e+00 0.000000000000000000e+00 4.326940253423716740e+02 2.400423873450417034e+02 1.161281968868708674e+02
0.000000000000000000e+00 2.425917555388447511e+02 5.141275706793036804e+00 2.604612704820538482e+01 7.139037930352726846e+01 2.971029476883082499e+00 4.876631567473052655e+02 1.578288749134378932e+01 2.920360687387799885e+02 9.670378284046485078e+02 5.720014386869436862e+01 6.996924754291551380e+02 1.265832674155923598e+02 7.159924946899918723e+02 3.629712428001390379e-01 2.032876331676243638e+02 7.903779031965095783e+02 1.213933252408262007e+02 1.140215379009307753e+03 4.472413205920994983e+02 2.082313008667837362e-01 1.151017275920111516e+01 1.075409362743531716e+01 2.899078177396682321e+01 8.916809815451343013e+01 5.027315143048824666e+02 1.460028053937802497e+03 5.238526080723520408e+02 1.716897319215873097e+02 6.892292709076562005e+02 1.368977070136430029e+03 1.177646984749238982e+03 6.060819295936546496e+02 1.518871131899002478e+02 3.164137615478373391e+02 3.029034162024921102e+02 2.872006030250699951e+02
0.000000000000000000e+00 0.000000000000000000e+00 0.000000000000000000e+00 1.428753441047637978e+02 6.428404172587365792e+02 1.388269872898630908e-01 5.985058915195188547e+02 0.000000000000000000e+00 1.196698545244641537e+03 2.325769974478868960e+02 9.313900183512643025e+02 3.496032001473594164e+02 8.492722996250379310e+02 1.093388775575745639e-02 6.369522585324837394e+01 9.447955368975841566e+02 1.705552273552124461e+03 1.156132876699379608e+02 3.989589761232340237e+01 6.725179684571950034e+00 1.670989342638827111e+02 7.849091939970858220e+02 1.684781270249462182e+02 1.204772089271606092e+03 4.426778141889028961e-01 2.097332787268911813e-01 1.235724028000688968e+01 5.305874992792117695e+01 0.000000000000000000e+00 5.610597664351681857e+01 1.488859045066420705e+01 8.157197125315224895e+00 3.481817642010122427e+01 1.603141193218250393e+01 2.395867983506375936e+02 0.000000000000000000e+00 1.520187043623602907e+00
0.000000000000000000e+00 1.877444094079263266e+02 7.830958999721707059e+00 2.177399378845753404e+02 1.187863644233208333e+02 1.365950826575817700e+02 2.333793338766656067e+00 6.446707825732281094e+01 7.289869620686121152e+02 1.814083399812953701e+02 1.676332964469633680e+03 5.684004592360682864e+02 2.321656965360046456e+02 1.227232937391506198e+02 8.583585239739295503e+02 0.000000000000000000e+00 0.000000000000000000e+00 1.214534966132919408e+03 1.852341807517136374e+01 1.264549896862204605e+03 4.033303120720633501e+02 4.206094722319172092e+02 6.975144610990744241e+02 2.521468868630874827e+00 1.181032574856577185e+03 2.823673024224626715e+02 1.478596739379125211e+03 5.882238247152860566e+01 6.840274747810759060e+00 9.391364336321315704e+02 1.637833124701350243e+03 1.436645076687536857e+02 9.356006240878557492e+02 0.000000000000000000e+00 0.000000000000000000e+00 3.437355853345699757e+02 3.135732055353640249e+02
0.000000000000000000e+00 2.061673206051902412e+02 4.257009274320165737e+00 1.297055076967619129e+02 5.493395064081142004e-02 1.447642261951104388e+02 0.000000000000000000e+00 3.305125160660185202e+02 1.159024312643454323e+03 8.813767010572038316e+02 1.818572040407113946e+02 3.015390850652478321e+02 1.049665273481647091e+03 4.545259711555091258e+02 8.795065971618150797e+02 7.002308302713304329e+02 1.537880709977088827e+03 0.000000000000000000e+00 6.819254710820312084e+02 7.586613336844782225e+02 2.433968910523748548e+02 7.458715296974660305e+02 6.452042908479441508e+01 1.454797672730530511e+00 1.005102609967488661e+03 8.289238782915043657e+01 3.195928303113679476e+02 9.082865283262205480e+01 2.805584059111537840e+02 3.041992331713314570e+02 1.974485094967959320e+00 1.271545444293695027e+03 0.000000000000000000e+00 3.038485326371193196e+02 1.514443734218630880e+03 1.923032770289500926e+00 1.579467395530234342e+02
0.000000000000000000e+00 1.631920662573687366e+02 0.000000000000000000e+00 2.845844502742863256e+02 3.214739957421719510e+02 5.268961766904080832e+02 8.820036529094269326e+02 6.470899982064762135e+00 1.473698117600623636e-01 1.022834964789571366e+01 9.264023521429843200e+00 1.739860764389132086e+01 2.467044666863511537e+00 2.823623244818609379e+00 1.986594420032001151e+00 2.475079290278203725e-01 0.000000000000000000e+00 1.089121571778406178e+03 1.135061979216974123e+03 2.729399538912488197e+02 1.163150316695393514e+02 1.314688827182831574e-02 1.339296202600444985e+03 3.066888875299311508e+02 0.000000000000000000e+00 8.690093514841973956e+02 6.261038180841826488e+02 3.233435550642729339e+01 6.035333822782810103e+02 1.459877809915351236e+03 2.318605420992831512e+01 4.764240468001134445e+02 8.420493249690379045e+00 5.671018864299328666e-01 2.695445767560015859e+00 2.332850274751496613e+02 1.211703833704164879e+01
