output/example_1/lateral_incision_000365.asc
nrows	75
cellsize	13.33333333
xllcorner	0
ncols	75
yllcorner	0
NODATA_value	-9999
[rows 51 to 67 of 75, columns 37 to 73 of 75]
0.000000000000000000e+00 0.000000000000000000e+00 1.561843571619745944e+03 0.000000000000000000e+00 1.027131378819172824e+03 0.000000000000000000e+00 6.162944639152225790e+01 3.951404885252344457e+02 1.617721712855022588e+03 1.688587457125546791e+02 4.863950271782323947e-02 0.000000000000000000e+00 2.358346982943470209e+02 1.012331684540218134e+03 2.280179780403045413e+02 3.991315010318039072e+02 8.602427765399987720e+02 8.252188255672015416e+00 1.369056131455387515e+02 1.589877813020257008e+03 3.317751102029203025e+02 4.467142361794925876e+01 2.860390194182655250e+02 2.195789203875393696e+02 3.998515712819030288e+00 4.618256820723755141e+02 8.179934930817594250e+02 1.259601609986216545e+03 0.000000000000000000e+00 3.214117645298907746e+02 9.639026125328510943e+02 6.578817258081056707e+01 3.602220755829332575e+02 2.463572886508123361e+02 6.321677245846018423e+02 2.083989848479047280e-01 9.628823896435143297e+02
4.714056725496834588e+02 0.000000000000000000e+00 0.000000000000000000e+00 1.609882092383626286e+03 8.321742971287642376e+01 1.285660731655243296e+02 6.711638787151645857e-01 1.119306604405129191e-01 2.469257906247595447e+00 4.117344633545353544e-03 1.943964346986709415e+03 1.583174479726375012e+03 9.464889908795437634e+01 1.509650595766192964e+03 1.286002717852187516e+03 1.460408731862988807e-01 8.036582338805969528e+01 2.025499413599738535e-02 1.140760047793132230e+02 2.119919599252578557e+00 4.756121717219605194e-01 5.059117159836764586e+02 6.423612811131837361e+02 6.079737114365402704e+02 8.860694790372613170e+02 0.000000000000000000e+00 1.654434374222673227e+02 4.093280178881544771e+02 5.507342096149092185e+02 3.517095512538566737e+01 3.693427468349749461e+02 8.599403577637250464e+02 9.654812943478934812e+02 2.290359171826493991e+02 2.976631283128894356e+00 6.481824319674695971e+02 1.144206528759423094e+02
2.691723417569418189e+02 0.000000000000000000e+00 1.408763280807475667e+03 1.474310592201911518e+00 1.151517433717249105e+03 9.662327352944228096e+02 4.225531235166349688e+02 1.772851520189398116e+02 1.719357669540438110e+03 8.947395429568697978e+01 1.127205908496005350e+03 2.302846132314258227e+02 1.147720948506102678e-01 4.963481612686739481e+02 5.892938566327627541e+02 1.091781587750325343e+03 1.114620268640058612e+03 3.986076664862822083e-01 1.542344508408476145e+02 0.000000000000000000e+00 1.825436425752390619e+02 2.500048113171290165e+00 6.621598717156089151e+02 1.568291529979307768e+02 0.000000000000000000e+00 0.000000000000000000e+00 1.335464689642984837e+01 6.908215165275111076e+02 8.369880452383195006e+02 8.322670584430367171e+02 1.700194601425592467e+01 0.000000000000000000e+00 8.755310712217085438e+02 1.958534093133626897e+01 1.230531277665746302e+03 5.329905695649541713e+02 7.477663896232216985e+02
3.626239120078146860e-01 3.598959684767946783e+02 1.186045589745387190e+02 5.561555063523942408e+02 5.199385152720423786e-01 7.485410423756279670e+02 4.152652384638037120e+02 0.000000000000000000e+00 4.595465329956610390e+01 1.964633287186630772e+00 5.274407880440103327e+02 1.087111455910194877e+02 8.781957898295592031e+02 2.027314575687414244e+00 1.600850055988104032e+03 7.434490548900483873e+02 4.040839781522804515e+02 1.224311987129425461e+00 1.632249918262995081e+01 5.474608239061766426e+02 2.175321050548394552e+01 3.264543699875596872e+01 7.820415027568321875e+02 4.972924899794009534e-02 5.019979197281696202e+02 4.622480086097135086e+02 1.565195547358677004e+03 4.757318316032676364e+01 1.255456448412341842e+03 2.102333122145433322e+02 2.730320750285312101e+02 1.371324302888129731e-01 4.580751162524784176e-02 1.641702487836504588e+03 4.496810718007114929e+02 2.569758490117076022e+01 7.475342952285052434e+02
2.419155692340095243e+02 3.060636135246459233e+01 7.378819578899849319e+01 1.656160748124774727e+03 1.005658212074390079e+01 1.105919659423311487e+03 0.000000000000000000e+00 8.148540396911024573e+02 3.100490533481911726e+01 0.000000000000000000e+00 7.459405832678747856e+02 2.649803900304910371e+02 2.090629585055732775e+02 7.711384556809198330e+02 3.104334497892677902e+00 6.487991629886229816e+01 5.175616859252056834e-01 1.904104941596863512e+02 1.484203054502296197e+02 1.450092793077840838e+02 2.341118260109899651e+01 0.000000000000000000e+00 8.062779599680987985e+01 2.519650494085970394e+01 3.838251094145201705e+02 8.233416600174807627e+02 1.118716926857952330e+03 6.102045582356159912e+02 3.984064096790569387e+00 2.606286298227767588e+02 1.909264262416764382e+02 6.689683690581424571e+02 1.017907528558139575e+03 0.000000000000000000e+00 9.390474530505800885e+02 2.911884424034333279e+02 3.772177614417965685e+01
9.782405881032181014e+02 2.759624429724620298e-01 8.185134792928657532e+01 3.043733942861018704e+02 1.685982012217136283e+00 4.826239393285021038e+02 9.270229122250248111e+02 7.654387345520955250e+02 0.000000000000000000e+00 6.067499635712615600e+02 1.991224233749371020e-01 5.124559466066770028e+02 1.118934269111927961e+03 0.000000000000000000e+00 3.798360617413062812e+01 3.524216530424282041e+02 5.609590799937290058e+02 6.693161497526511994e+02 3.491309771764044445e+00 2.765275514854015455e+02 5.847043290267838529e+02 1.187489798100204098e+03 2.616052626240404422e+01 9.011750168856159462e+02 0.000000000000000000e+00 0.000000000000000000e+00 2.930248389272858276e+02 1.083785101754666812e+03 9.498357061674144006e+02 8.454219625229903556e+01 7.809210799077097818e+02 0.000000000000000000e+00 1.248641342529679832e+03 7.977102325459801477e+02 0.000000000000000000e+00 5.545529445169031533e+02 6.261179337342886697e+01
4.425880530568332460e+02 1.080298527837441270e+03 3.217861010454179223e+02 1.229900548481648002e+03 4.819132093410748752e+01 1.168819774331786903e+02 0.000000000000000000e+00 8.868673921166811969e-01 2.236540766907110083e+02 5.396592192700028079e+01 4.536779738187315161e+02 4.078537578899058076e+02 0.000000000000000000e+00 1.001776190073767566e+03 3.490348214650862246e+02 4.102612211151308585e-01 2.921588497580507919e+02 4.987588053096516205e+02 6.368724151981435853e+02 2.145130097296909071e+02 1.281415180643115718e+03 4.065437889112088143e+00 5.825622323765337569e+02 0.000000000000000000e+00 4.569393748714916228e+02 5.433807708752944166e+00 1.213371686795469031e+03 1.007920568823344411e+03 0.000000000000000000e+00 5.945965205447731705e+02 7.271780109534694247e+02 1.396119897657036120e+02 1.078612670058476510e+02 4.755760412957573635e+01 5.584005388053703882e+02 1.266018015774838403e+02 0.000000000000000000e+00
0.000000000000000000e+00 2.356813427615708001e+00 3.252021011497385317e+00 2.003549415227653583e+02 3.720865876146826423e+01 8.380004947045299559e+02 8.906508481299766800e+02 1.459240139949455170e+03 4.181972838615731121e+02 0.000000000000000000e+00 4.493419644972869946e+02 2.726001169100878201e+02 4.630863196517099709e+02 6.344418460160409268e+02 3.766043279834822215e+02 2.486415225503882596e+02 7.477469710117306079e+01 7.839755963465194218e-06 4.580836602787874199e+02 1.356733209777638649e+03 5.057229786524606752e+00 3.416534823680926252e+02 1.301277911384573372e+03 0.000000000000000000e+00 4.016018755258448508e-02 1.023829041544581059e+03 4.081062672727647964e+02 0.000000000000000000e+00 0.000000000000000000e+00 1.546767620235799086e+03 1.855754454254192069e+03 1.854120877210232621e+01 7.192286851462628192e+02 2.576720795628637575e+02 2.514283345855725145e+02 9.911195975635320110e+02 3.029484372514999801e+00
1.574052840782283056e+02 3.120218027025159131e+02 7.735827516431107824e+02 3.045179915944509048e+02 3.844338727109325760e+01 2.204453008138510199e+02 3.930778632258998186e+02 7.665911356863867354e+01 3.075545101768242375e+02 6.025246034353132529e+01 1.055647872658241340e+03 1.219824695677722275e+03 1.586124796118239431e+02 1.456343014095827357e+03 5.806559414019350243e+02 4.735882667419504628e+02 0.000000000000000000e+00 7.933692744361916311e+02 1.203224482765307783e+02 2.014859954771631010e+02 0.000000000000000000e+00 6.157345076298404365e+02 7.037335323836283862e+01 5.244982219821090439e+02 6.758650800991388223e+02 5.881111238180327518e+02 1.033715548814170049e+00 1.223702399963493008e+03 0.000000000000000000e+00 1.449408229770808809e+01 9.937330563293463683e+02 8.315505139840645370e+02 2.456022887795727527e+00 2.327123941406357801e+02 1.044022090250565270e+03 1.419428702460489262e+02 1.102545095751248027e+03
1.748403275712937557e+02 1.366285142573246389e+02 4.313519427605270380e+02 2.239814389735686717e+01 2.662921222471888427e+01 2.499795437268527962e+02 6.587706649569724959e+02 0.000000000000000000e+00 1.368078709659603419e+03 3.075141971432278751e+02 1.120760413730120746e+02 1.144084001296748312e+02 3.204875316072544251e+02 9.151907368390595821e+02 6.426053055319086980e+02 3.664533282560896055e+02 2.136227191083869315e+01 3.196807578433671893e+02 2.606884257179281121e+02 2.538117173668504734e+01 0.000000000000000000e+00 9.676943130254777259e+01 1.359132486194136789e+02 1.276666017034571496e+03 5.461694472852998397e-07 6.358142442348779610e+01 1.369146804424761967e+03 4.115068916157382546e+02 1.732470061947002762e+02 1.580929926553597397e+03 2.380612581239487469e+01 1.121900609685835207e+03 3.235777021131348761e+02 3.764568188097101586e-01 1.842744368992524429e+01 5.639264122571948974e+02 9.935668369357864549e+02
8.782229015267361660e+01 2.477286178195293189e+02 1.396651105992953262e+03 5.776727949158961337e+02 1.247040131726449980e-01 5.204981584004322031e+02 2.088825375737300476e+02 1.049336002305575555e+00 3.871805075781123264e+02 2.845320341595825653e+02 3.868310315378203654e+02 4.015677660538228793e+02 5.970654616358347084e+02 1.492825434641868831e+01 1.452566591634457836e+03 8.630776819890883189e+02 6.251247317113291757e+01 2.086673597559467623e+02 3.251165774838154903e+02 2.356886580918109075e+01 1.279610768513053245e+03 1.334286214748667817e+03 1.596365667768798403e+03 3.964305426514978414e+00 4.574030385924453981e+02 0.000000000000000000e+00 5.260179017787512521e+02 1.877695281841592845e+00 4.338625242870461420e+02 0.000000000000000000e+00 9.769886066002839016e+02 2.190967489165529685e+02 1.517429899439231349e+02 1.485724353401640201e+03 4.557994341171051929e+02 3.415819608315047731e+02 8.726395500100541369e+01
1.050944526672358847e+01 0.000000000000000000e+00 1.356619454027386155e+03 4.018181751621499487e+00 1.384647847763691971e+03 0.000000000000000000e+00 7.502562966929160666e+02 2.048307802258786978e+02 5.914278950832228432e+00 7.814287055615758959e+01 1.546291087306530869e+02 3.816275016622706318e+01 2.909990247557338421e+02 0.000000000000000000e+00 3.913814240597323533e+02 1.081836548423127766e+02 3.181459570655336506e+02 9.505119885772293742e+01 5.327509793518261461e+01 7.833112719969049067e+02 8.515049517201839535e+01 3.637012867645220808e+02 1.318616456111560353e+02 1.407391600414689265e+03 1.173736020663390491e+03 6.407110203621112987e+01 8.630629284543120150e+01 1.744614863383834518e+02 1.163561484990820418e+03 1.744068038527524322e+03 9.089311706649671407e+01 1.123396568742520003e+03 1.095637230647923616e+03 4.728637993923772598e+00 1.425703447298851074e+02 2.306721023780828972e+01 9.641265778215949922e+02
3.998233974200242358e+01 8.803337306193442373e+02 2.572438240842388524e+01 1.040303833266282481e+03 0.000000000000000000e+00 7.173123494219840950e+02 1.226390684594081959e+00 6.724841453557818340e+02 6.775074321432656027e-06 1.205358309048796627e+03 1.317214468502215823e+03 3.329733266204935660e+01 5.092692017605155002e+02 7.277027627475756617e+02 5.403534839302741375e+02 5.318501486134287006e+02 0.000000000000000000e+00 5.825625482547220599e+02 0.000000000000000000e+00 4.169579439161400281e+00 1.085304307464641624e+03 4.575194177782072380e+00 7.601696260532391136e+01 5.124400994375369010e+02 0.000000000000000000e+00 1.663287063337890856e+02 2.374238130886485862e+02 7.489938135842889722e+01 7.848272559289583796e+02 2.952057969450291086e+00 2.378218892899583921e+02 4.435039164567081116e+02 1.062134826616080090e+03 2.250396270260561380e+02 1.012067134002501916e+03 1.367818745035046959e+03 4.086625845432171786e+02
8.737415103134082983e+00 1.842247114056314583e-01 9.937690829969303650e+02 9.010439021789114804e+02 1.072204934174098071e+03 1.230895404439202139e+03 5.872803521373130025e+02 3.310463861437751376e+01 0.000000000000000000e+00 8.852784947371764019e+02 1.605537861753814695e+03 1.568700144104508070e+02 3.939963797560666308e+02 5.403291443523596627e+02 1.899003854465081531e+02 2.093638906150552828e+02 6.152787969247278665e-01 9.019851536274236992e+01 1.172175036748109051e+03 1.104431059690431766e+03 4.157735277648781107e+02 7.007912746403486892e+01 2.008763051897416290e+02 8.183718210448274704e+02 8.274470246886671703e+02 2.052969600708781286e+02 9.130739660208167841e-08 0.000000000000000000e+00 5.711690599905361978e+02 4.445136731810477304e-01 1.374100464288151215e+03 1.038944845749339265e+02 9.500156196844906162e+02 4.170718576180445325e+02 4.141028856435099783e+02 3.797933647204333738e+02 4.648983374028042022e+02
1.366265467316162130e+03 1.284911862366444439e+03 1.448117805950796310e+03 3.426533051635555580e+02 1.140750542445645124e+03 8.724040830581556065e+02 8.367970765629636389e+02 1.313551182407970197e+00 1.329678881059487821e+03 2.182262304454375190e+00 1.509248472133004270e+03 4.570077002575266079e+02 5.537726903259055007e+02 7.337291903206433119e+01 1.109573515124029441e+01 1.980768161339602216e+02 1.169551783562483024e+03 6.532729194950472902e+02 1.058164585510880443e+03 2.745948055841180917e+02 6.885267288066356741e+02 1.784608794963928915e+02 9.160667464099941526e+01 5.098084880637640737e+01 2.061873493332230467e+01 6.988219102427937912e+01 7.769786519514191525e+01 7.340961068485104306e+02 1.480002628922397435e+03 8.697079414559851784e+00 1.477693186143776302e+03 1.211467345907220079e+03 1.477639034145848029e+02 8.646907113512151355e+00 1.009746149128405250e+03 6.029584477825628710e+02 5.760643878305667442e+01
0.000000000000000000e+00 7.546169556185913230e+00 4.246184485744579351e-02 2.803248484740744217e+01 1.487829306867916557e+03 1.297188109232779198e+03 4.242638790606246602e+00 1.943822792373672428e+02 1.648500868156266279e+03 1.412677163326335631e+03 1.403035071616535401e+00 0.000000000000000000e+00 2.873295586153342924e+02 5.516672330470366887e+02 5.536742724028414386e+02 1.394695305681847231e+02 1.651300672648660282e+02 2.900544761965530824e+02 3.119678153771985407e+01 1.498480541432896729e+01 1.109294806906008489e+03 3.427155484962469245e+02 8.694532040139117157e+01 0.000000000000000000e+00 3.002432523358851579e+00 0.000000000000000000e+00 1.284890774713647943e+03 3.285424764826933028e+02 4.186752862572671319e+00 1.436727452722673434e+03 1.227099289633412553e+02 1.718892393804124822e+03 1.780385148643627417e+03 7.196445505689318907e+02 8.509238149946095291e+02 9.316052551111711182e+02 3.420271134385974392e+02
7.638343718888734202e+00 1.227777475643606067e+03 6.806588612194190091e+02 1.688938507207975135e+03 1.313072570459292592e+03 2.929399015635675063e+00 8.696813958546466665e+02 1.084413216216395540e+03 0.000000000000000000e+00 1.406129642982137284e+03 4.906418473493723731e+00 0.000000000000000000e+00 3.202099786885409003e+02 1.972050369903143689e+02 0.000000000000000000e+00 2.727040691631179357e+02 8.480710464319805624e+02 0.000000000000000000e+00 2.500034047864417630e+01 7.165804955486097469e+02 7.760302272831427484e-01 1.167409843957986970e+00 1.261181802091751969e+01 2.182573074558511337e+02 8.604919352787876505e+02 9.481539528066156208e+02 5.052247749004947082e+02 5.703849937123101066e-01 1.781852154226559648e+01 1.389410446201107561e+03 8.656490805100405623e+02 0.000000000000000000e+00 6.727256401314700724e+02 1.137682023098085210e+03 5.502554443048749135e+02 3.043552445982280688e+02 6.228311385419397084e+01
