output/example_1/lateral_incision_000491.asc
nrows	75
cellsize	13.33333333
xllcorner	0
ncols	75
yllcorner	0
NODATA_value	-9999
[rows 34 to 50 of 75, columns 0 to 36 of 75]
0.000000000000000000e+00 1.128293960482710245e+00 4.635925929585366703e+02 2.044187362233166425e+02 1.612226805125240617e+03 1.219746785185946152e+02 1.120282059783063914e+03 1.371678224556498726e+01 0.000000000000000000e+00 4.162305990703654288e+02 5.819645324227958554e+02 6.132529960479513420e+02 3.940268096899453667e+02 6.563401777827631633e+01 6.503373213844262182e+02 3.508869378583104890e+02 8.111598627024347934e+02 4.209076711963445518e+02 1.617633581857496210e+03 2.756527063863841818e+02 1.662132954829953405e+03 4.680507836662379191e+02 8.137716207125386347e+00 9.152196445708807460e+02 2.588570698216880461e-01 5.230601629708614837e+02 1.260968783810661762e+03 1.417976298151255321e+02 2.072423495187222215e+03 1.441267883571691300e+03 2.086101171326040458e+02 1.801322617966986854e+02 2.703599917326268951e+02 7.870321421864919103e+02 5.177711030045207963e+02 1.583234207074728204e+02 1.250933410906866129e+03
0.000000000000000000e+00 1.684022016409035814e+03 1.807316020713707871e+02 9.249879402738722547e+02 1.692485664623400908e+03 4.494568071390772701e+01 6.388306272428386556e+00 1.355914288847485523e+02 5.879234218520410877e+02 3.203002635855548306e+02 5.569872119525016387e+02 2.582461721304484854e+02 0.000000000000000000e+00 4.674899330210093353e+02 2.889261637622080325e+00 4.259774399845138646e+02 4.576338485617520178e+02 2.494821014665475900e+01 9.358549718422889896e+01 1.553640013940452320e+02 1.056320603607955718e+03 1.526819429071181048e+03 2.991071891908985094e+02 0.000000000000000000e+00 1.543324531694781001e+02 1.188315809579917198e-02 1.073882072185693914e+03 6.673266875924017540e+02 3.863218731783190378e+02 4.066107962654423424e+00 3.720619302752346016e+02 9.330725480418502684e+02 6.061043828432988221e+02 4.407538963717313436e+02 1.797643081129094185e+02 5.029664275164231526e+02 8.776423823852479700e+02
0.000000000000000000e+00 1.443565783930953103e+03 4.195027588776258085e+02 2.274012656207463068e-01 1.409493412307830340e+02 9.528922655085901852e+02 7.119919801123184016e+02 6.156218573597364241e+01 1.640960895109188522e+00 1.185921725016735166e+02 2.018477001021101813e+01 4.799859747091379347e+01 5.511640760323426775e+02 4.365723054910500309e+02 1.483933267205006132e+03 9.308025297332535501e+02 1.145931966276613366e+03 1.217174270886149517e-01 9.062520223181838901e+02 1.596483749707437028e+03 0.000000000000000000e+00 1.362398530409001069e+03 1.185128720154423299e+01 8.812794464488994208e+02 6.125273668531253861e+02 6.902544784599946581e+01 1.409029470302704794e+03 1.045081588177523372e+03 6.868780540742278617e+01 1.223972264875550309e+03 1.119040994810902703e+03 8.557588605860787823e+01 2.025715602691381889e+02 1.618805667179331067e+02 3.257555020037739002e+00 0.000000000000000000e+00 1.095774613146836458e+02
0.000000000000000000e+00 1.091845916315653540e+03 1.218417732852913105e+03 1.235477138582646830e+03 7.364741772953951227e+01 3.959872216162771110e+02 1.449501121540278973e+03 5.485731573329663888e+02 1.737594597762179660e+01 3.084207263559185321e+02 3.627053362590534107e+02 1.043683734904709723e+02 4.467901751177811320e+02 1.460134608404697246e+03 0.000000000000000000e+00 1.377304185712840763e+02 2.594333175853530520e+02 8.884930129635149569e+02 6.411654474154513537e+02 8.772506030609923400e+00 1.490946890370521487e+03 0.000000000000000000e+00 1.123790260384191242e+03 1.407356669046320796e+01 3.337086640775017266e+00 2.354768122882084640e+02 0.000000000000000000e+00 1.072110283824167354e+01 7.821686004996807924e+02 1.874785665450953957e+03 1.049515743336004789e+03 3.609495744231721233e+02 1.109791263966935958e+03 0.000000000000000000e+00 2.779491692149851811e+00 6.619633719530469307e+02 2.453852755277201325e+01
0.000000000000000000e+00 0.000000000000000000e+00 0.000000000000000000e+00 4.697256960646195978e+01 1.147218701057645831e+03 1.921008092045662086e-01 7.274802526594850542e-03 8.929985694653419515e+00 1.297339693737108846e+01 1.783397951497534706e+01 6.199142516516031947e+02 1.016859209442153542e+03 6.598124563826172562e+02 1.171587954071732912e-01 1.473550751359855667e+03 1.970289624874147876e+02 8.210578550005734542e+02 4.822516281797621787e+02 0.000000000000000000e+00 0.000000000000000000e+00 2.302842895777099219e+00 8.522071064956135444e+01 1.787488297143862383e+03 9.535758546203338710e+02 4.542996892630224011e+02 8.520403978765105080e-02 1.987205263108247633e-01 4.195449653777837966e+02 1.731464414664383867e+03 5.423539785309037597e+02 6.982086344809119964e+02 6.060328356090979014e+02 5.247823942266688846e+02 3.010935576035489589e+02 1.011834154847546046e+02 1.232396822180373697e+01 1.495675491784055851e+02
0.000000000000000000e+00 1.721180300285300063e+03 6.523815309291927633e+02 3.616108144359255334e+02 5.040125193712314058e+02 4.401781780519872314e+02 9.092027210222480562e+02 1.646007288310030248e+01 1.373431809801404135e+01 2.989884695603970499e+01 7.598393140161006158e+02 2.878587058934295442e+02 3.587827722177524379e+02 2.529754546990938824e-01 0.000000000000000000e+00 8.563209113675465289e+01 4.903310926110728474e+01 9.187658060386762315e+01 5.931041656109096039e+02 1.732265139353207246e+02 7.432862631894531660e+02 4.263586751131774655e+00 1.618897432861219787e+00 1.328401394581417435e+03 4.550076392972654844e+02 9.292602098639378028e+01 3.946353126928330290e+00 2.858567764927026360e+02 5.726328361510618379e+02 3.230166469530769859e+02 8.343200790736095485e+01 4.140069225029823201e+02 3.658025518824356936e+02 4.756534925463186028e+02 6.453010341418605833e+01 7.037010275215674255e+02 5.194909302198823298e+02
0.000000000000000000e+00 5.741533801643313382e+02 9.478645551377326228e+00 4.756453461358211143e+01 2.369622891387230723e+01 1.857571343556358201e+01 2.579700101556192635e+02 1.526480787747294244e+03 0.000000000000000000e+00 2.827185480166519369e+02 1.042703489146544538e+00 4.508646162244198194e+02 7.208746018070233674e+01 1.077595174178566367e+03 4.256478990275761589e+02 1.447878829836843408e+02 7.502744256698096024e+02 8.667664654540340052e+01 7.598984458105903173e+01 3.664741316641619164e+02 2.851187245431393080e+01 7.451632223665848187e+02 1.019779380465396628e+02 1.742105296909504375e+02 3.634691679159063682e+01 2.460548950846666827e+01 4.061706852043757294e+02 9.951076501279488866e+02 3.629879771560413815e+02 1.092711027510572649e+03 3.058488680753405333e+02 4.008160490294966394e+02 5.347349005840044356e+02 2.049649172626518734e+01 8.165699883831170780e+01 6.276666844041413924e+02 4.265332384046726588e+02
0.000000000000000000e+00 0.000000000000000000e+00 1.222886044351994315e+03 1.990234985001633872e+00 2.897089348443101358e+02 2.799032990445699642e+00 3.654482933735876031e+02 1.100214962148105657e+00 5.648981718577964983e+01 1.178914374044859414e+03 3.438096104385741683e+02 8.958023640170123372e+02 3.990439205270813972e+01 1.617924113860562329e+03 3.070061900411387228e+02 3.711899421115665518e+02 2.726037882157798435e+02 7.576195686401568992e+02 9.881194742195395975e+02 2.088076099428517693e+02 1.126617726085198228e+03 3.328072030835135138e+02 5.670903728661513696e+02 1.078150943383903950e+03 1.605446717024773761e+03 7.196793095989045241e+01 1.471457743377429779e+03 7.001011390167309223e+00 4.522166588262749087e+02 5.707183021283641438e+02 9.380389181243782559e+02 8.438182494993556020e+02 6.900817319986831535e+02 4.425363809660542436e-01 2.397841916918602863e+02 2.585912745512229662e+02 1.241904183332102285e+01
0.000000000000000000e+00 0.000000000000000000e+00 5.762226193533008427e+02 1.822124161302050140e+02 9.251681264501714850e+02 4.637172011045286126e+02 4.383869746296276304e+01 7.578701226909450028e+00 1.695945364967100659e+03 8.504421035543263088e+02 1.902524003375606654e+01 5.605331343122815042e+02 1.273187395334990839e+02 5.145917413157575311e+02 8.758468471705526781e+02 2.699715563833029464e+00 4.094786714514220876e+02 1.307637618879716301e+00 5.159539724251034158e+02 1.228827761100328644e+02 0.000000000000000000e+00 4.699189268270543174e+00 6.992242118458460709e+01 2.459809856966432449e+02 7.660512466978121893e+02 1.466758864417088404e+01 1.022929949728270884e+02 2.932916107691482352e+02 9.203736873379060626e+02 4.554570497675868523e+02 8.332233011139453538e+02 8.343424488711976039e+01 6.826754163248987872e+00 1.149048257249321750e+03 6.481656837296342246e+02 8.664914356373687951e+02 8.648388102441853675e+01
0.000000000000000000e+00 6.428067741357326668e+02 1.191000409106991675e+00 2.287713392766727054e+02 2.355430832982761160e+02 1.350484121835665441e+01 7.609363200882338560e+02 9.962358748083894397e+02 6.330746396957240307e+01 1.227834625926570197e+03 2.592750291901110060e+01 9.374769283941011508e+02 3.873903894377939849e+01 4.732698839689632564e+02 1.206495384812236449e-01 5.528911822496411332e+02 2.507758840950824606e+02 5.722222761171730099e+02 2.178070717049128469e+00 1.148356239129459937e+03 6.302803065867835812e+02 5.072301986124515452e+02 1.372986484675745977e+01 1.255167469397832036e+02 9.437890378947562908e+01 2.566662988121343858e+00 4.305731225468704224e+02 5.691347669396510582e+02 8.667404972720644309e+02 4.226702986384304950e+02 2.559680089029322403e+01 2.849970396372148329e+01 1.717828646233324889e+03 1.930210541652710390e+03 0.000000000000000000e+00 9.646991335124295119e+02 4.440162234643464672e+02
0.000000000000000000e+00 5.695230820664476141e+02 5.040041017410917448e+02 1.029520218038287112e+03 1.280166562716375012e+01 1.410876991410201962e-04 4.817264771225789559e+02 8.042077870021431757e-04 8.207357368170128211e+02 1.447157848009810095e+03 6.152911184117016319e+02 5.126907894227432507e+02 0.000000000000000000e+00 9.892760986287449043e+00 2.572429235119866462e+02 2.769359809181067931e+02 6.613887121815223509e+02 1.396293336692099047e+03 1.103824926654751408e+02 1.675583673199214445e+02 5.520618074611086286e+02 7.901778390803596608e+01 0.000000000000000000e+00 1.480036682818913221e+02 3.800316349064976862e+01 2.928448313857270477e+02 2.584395414641069255e+00 7.856069822726684606e+02 8.636147855521523979e+02 4.871746669467337938e+02 3.517872059283599242e+02 1.421162788120132525e+01 5.963410505461299635e+02 9.712580174615156920e+02 8.854370956819140019e+02 3.025736018760441652e+02 1.816701970933539769e+02
0.000000000000000000e+00 4.030317501567989069e+00 0.000000000000000000e+00 0.000000000000000000e+00 0.000000000000000000e+00 0.000000000000000000e+00 0.000000000000000000e+00 0.000000000000000000e+00 0.000000000000000000e+00 0.000000000000000000e+00 0.000000000000000000e+00 1.147718184975251688e+03 7.757995222269635178e+02 0.000000000000000000e+00 0.000000000000000000e+00 0.000000000000000000e+00 0.000000000000000000e+00 2.328760553385521632e+02 2.674055275457162111e+02 1.871562878474581566e+03 1.026189507660256140e+03 0.000000000000000000e+00 7.378154840367407985e+01 9.590558835527019932e-01 4.466097230756511749e+01 7.622487045111507769e+02 9.981683676220633288e+02 1.907779162362046810e+00 5.918955532485867934e+02 5.486207932728699461e+02 1.058319305719252043e+03 6.017488519111258682e+01 6.574369499960047278e+02 0.000000000000000000e+00 1.065366339130202505e+03 1.757903386274953448e+02 2.448468858966757811e+00
0.000000000000000000e+00 1.487337921122227726e+02 0.000000000000000000e+00 0.000000000000000000e+00 0.000000000000000000e+00 0.000000000000000000e+00 0.000000000000000000e+00 0.000000000000000000e+00 0.000000000000000000e+00 0.000000000000000000e+00 4.658878502088277287e+02 0.000000000000000000e+00 0.000000000000000000e+00 1.172375411398691313e+03 0.000000000000000000e+00 8.045747706570126638e+02 1.406000033192475257e+03 0.000000000000000000e+00 0.000000000000000000e+00 6.930081372258826977e-02 0.000000000000000000e+00 1.078781410049789429e+03 5.461085347270812917e+02 6.548380820280780199e+02 8.798991398789448795e+02 0.000000000000000000e+00 4.198597540103939991e+02 6.760035749452187019e+02 0.000000000000000000e+00 1.484376651617318657e+03 1.295249598168506111e+02 0.000000000000000000e+00 5.253185754950935689e+02 0.000000000000000000e+00 5.182368931578287174e+02 1.738846919165531330e-02 9.979489553384480587e+02
0.000000000000000000e+00 3.806330171044436952e+02 3.435274115643637742e+02 1.898282317395597052e-02 6.755380609229309812e+02 3.469505055276275698e+02 7.783198502175372457e-01 4.058322051671309509e+02 2.107293663310970189e+01 7.785348701299823233e+02 4.495380009394989997e+02 1.539338711639506414e+02 6.566117435261080573e+02 8.894714993042305196e+02 0.000000000000000000e+00 3.623719436572801555e+02 6.839884189511383283e+02 5.655011510619976889e+01 1.352604435427977705e+03 4.137917655402414852e+01 8.694596165145392206e+02 0.000000000000000000e+00 0.000000000000000000e+00 0.000000000000000000e+00 1.403137506026578274e-01 1.814554219002015714e+02 6.986811374263975267e+02 1.473568340784098382e+03 1.076341763923138615e+03 1.257440615570402187e+01 6.628518920531053027e+01 4.612283435725461231e+02 6.687196046845599540e+02 2.057597251844242303e-01 6.595594910423421275e-01 1.104047770130793424e+03 6.776007406195483327e+02
0.000000000000000000e+00 1.334738037514054838e+02 0.000000000000000000e+00 3.421240200832964096e+00 5.687267273542245221e+02 1.538784083350697642e+02 3.780876392238097239e+00 1.227774448952913247e+02 0.000000000000000000e+00 2.101802482328291148e+02 2.829571477609784438e+02 6.329686661392024689e+02 3.472798363684523792e+02 2.839578266941065294e+02 4.720774906979863204e+02 1.211595783484607637e+03 2.267333034201868713e+02 1.101498825918623425e+03 0.000000000000000000e+00 8.919725568031951752e+02 1.963452511703698065e+02 1.322694283877387988e+03 0.000000000000000000e+00 0.000000000000000000e+00 0.000000000000000000e+00 0.000000000000000000e+00 0.000000000000000000e+00 0.000000000000000000e+00 0.000000000000000000e+00 0.000000000000000000e+00 0.000000000000000000e+00 0.000000000000000000e+00 0.000000000000000000e+00 0.000000000000000000e+00 0.000000000000000000e+00 0.000000000000000000e+00 1.197845519144886339e+03
0.000000000000000000e+00 0.000000000000000000e+00 8.247043654662485324e+02 7.580103066739512769e+02 1.247525315954649727e+01 8.713867546879761221e+02 4.141701872012145600e+02 1.052784628322576054e+03 9.301257605536097799e+02 2.769544931943418646e+02 1.168172231780721937e+00 9.462525330668170227e+02 6.840295873870257992e+01 2.387812469564599951e+02 1.196810684665687177e+03 0.000000000000000000e+00 1.412148200028255360e+03 0.000000000000000000e+00 7.487678988549910741e+01 6.420954723921404650e+01 1.471844777822073411e+03 1.415910863778104613e+03 2.114970090482392873e-01 1.142493255679041795e+03 0.000000000000000000e+00 0.000000000000000000e+00 0.000000000000000000e+00 0.000000000000000000e+00 0.000000000000000000e+00 8.659796784923599944e+01 6.665615684973000725e+02 9.131570808679161928e+02 1.502068535926956429e+03 6.721913771606633645e+02 0.000000000000000000e+00 0.000000000000000000e+00 0.000000000000000000e+00
0.000000000000000000e+00 4.100881758223910651e+02 1.039909466657894077e+00 3.686648094530787034e+01 2.951233374966493557e+02 7.694157262636268797e+02 5.148379103745996872e+02 0.000000000000000000e+00 0.000000000000000000e+00 1.199365300626632660e+02 1.370572495512979883e+00 5.736090922081289278e+01 2.120336850454390287e+02 1.942349517865245900e+02 3.406317249762962973e+01 1.453577968389721264e+03 1.293355442312310970e+03 7.239557289862588050e+02 0.000000000000000000e+00 6.368488856053176050e+02 9.094165865984084576e+02 1.445243987897532945e+00 1.148360479873334725e+03 7.358567545521390230e+02 1.250850647182494413e+03 5.674267264443761150e+01 5.042607912805474371e+02 9.298130593396989288e-08 8.782663497486088318e+02 7.058403939240903036e+00 3.138708028334864366e+02 0.000000000000000000e+00 3.038068557283303335e+02 1.063900180869067981e+03 1.590337580015363301e+03 6.237388248098519120e-03 1.461667845908602885e+02
