output/example_1/lateral_incision_000368.asc
nrows	75
cellsize	13.33333333
xllcorner	0
ncols	75
yllcorner	0
NODATA_value	-9999
[rows 34 to 50 of 75, columns 0 to 36 of 75]
0.000000000000000000e+00 1.070139868914580347e+03 9.737340131747283749e+02 6.677933489646993621e+02 2.929822141150499419e+02 1.295330156232892875e+02 5.125718782184541169e+02 6.471714305354691987e+01 6.088183051544029212e+01 4.147554454180797734e+02 5.819645324227958554e+02 6.131719718406228594e+02 1.244204819945098563e+02 6.286744381521231873e+01 6.503373213844262182e+02 1.056586097981187038e+02 3.577948697831093483e+01 8.977521263885671488e+02 1.946082082591721871e+02 2.200623179510933198e+02 7.517217215672063801e+00 1.186506897477122720e+03 1.461680997587421643e+03 4.459123169310513504e+02 5.403513702645124113e+02 4.287236477893801521e+02 3.306230351938499723e+01 1.341748679334380313e+03 7.152157342889395295e+02 3.992856006020806490e+02 3.637578906183723007e+02 2.961941450890805072e+02 0.000000000000000000e+00 7.870321421864919103e+02 1.346825447291611454e+03 6.457225234670568170e+02 5.608806722342013273e+00
0.000000000000000000e+00 1.821660778130685117e+02 8.487142928555977051e+02 1.225832885527356211e+03 2.174470567306491731e+01 1.066879965537222752e+01 7.958815038597397518e+01 3.130969895094042386e+02 3.240934234157198830e+02 1.299834025925739070e+03 5.566471414277056056e+02 7.883381765711942535e+02 6.014759461225120951e+00 4.281262616551338596e+01 1.043586452391850344e+03 1.278753265698445375e+03 8.207835909780833390e+02 1.464031666029585210e+01 7.707914329149889454e+02 1.303570649197966347e+01 7.369535428792836456e+02 0.000000000000000000e+00 9.717824975673760264e+02 2.879395153921086692e+00 2.347347925527990071e+02 3.606223033039735242e+02 0.000000000000000000e+00 7.343720519960106685e+02 7.678614542015596101e+01 3.399414609019713112e+02 8.621855339374291134e+02 3.722686083743918175e+02 5.374590885412401349e+02 4.406980836123354379e+02 7.814671899924674392e+01 5.063019181254298928e+02 3.579153745813021459e+01
0.000000000000000000e+00 1.541370516510243306e+03 1.528118466678982031e+03 1.669927128089854884e+00 7.967790674886714442e+02 4.435148449592749103e+02 3.689891834459754136e+02 1.092257927866796308e+03 6.152648655400791995e+02 1.125910758952311852e+02 4.915470498921867488e+02 4.963414713530107747e+02 0.000000000000000000e+00 8.334141313678293272e+02 1.607113398598773557e+01 0.000000000000000000e+00 1.073048343507746495e+03 2.772179152833782609e+02 3.902292454001184296e+02 1.708578449294984694e+03 4.215048249830988993e+02 1.896350597411502861e+02 2.950508429877289132e+02 1.824126576688695778e+01 3.271047797718092625e+02 1.484980237207961864e+03 1.100186679874436095e+03 1.156590617703938193e+02 2.150123570851625630e+02 1.851466290053292312e+02 1.750844547361017760e+02 2.481292153213087992e-01 3.194838869333505045e+02 1.618180404744049952e+02 3.173412781098090996e+00 1.380196546493096093e+03 2.140786073073266493e+02
0.000000000000000000e+00 6.367728423082894690e-03 6.652330826638664339e-03 1.194287593686956143e+03 0.000000000000000000e+00 2.998708609219849563e+02 1.131349625593825067e+03 1.640848732108246395e+02 1.737594597762179660e+01 3.051064182719813402e+02 1.035341183679033520e+03 1.073979052896795793e+03 1.345349884934471447e+03 5.461558460809588667e+01 2.142779957558989850e+02 4.033911556602259196e+00 0.000000000000000000e+00 4.733303657760232568e+02 1.344154384525756640e+00 1.157009134770556557e+03 1.228127528695880528e+03 7.035520798571883461e+01 8.651065502444421327e+02 8.196359690061298409e+01 2.639849989036892453e+02 1.017719397360131438e+03 1.862190672092492889e+02 0.000000000000000000e+00 0.000000000000000000e+00 1.665974596686578252e+03 6.646012226681716584e+02 1.295706356790295217e+02 3.365793477926324329e+01 0.000000000000000000e+00 2.779491692149851811e+00 0.000000000000000000e+00 1.175366598263205560e+03
0.000000000000000000e+00 1.268976639164898870e+03 1.580843066771665917e+03 1.384310792282896996e+00 1.686153928365559693e+02 1.463199622321467814e+03 0.000000000000000000e+00 8.929985694653419515e+00 1.297339693737108846e+01 1.518490268711164859e+01 4.898399499378714381e+02 2.740621813062092738e+00 1.261870131807526377e+03 6.210520468938671712e+01 2.364183578528050234e+01 0.000000000000000000e+00 4.008543536042517417e+02 4.601711944235140663e+02 1.521243222005816961e+03 2.198291309351467770e+00 1.701370706113370261e+03 5.423772595693245648e+02 6.244175367884362515e+01 6.665821085516625999e+01 5.052529126692805903e+02 2.231497273111612003e+02 1.407971428844807178e+03 0.000000000000000000e+00 3.202495241704781392e+02 0.000000000000000000e+00 7.440526593364668884e+01 4.499704467632801652e+02 3.751520613779824771e+02 3.010935576035489589e+02 1.011834154847546046e+02 8.702493300995774916e+02 1.700050830138693527e+02
0.000000000000000000e+00 1.166467770608764596e+02 6.812513273018048494e+02 1.426634111705582519e+01 3.325392704558693140e+02 3.290892987553278886e+02 4.380745672161546054e+02 7.461702780958917174e+02 2.677795436723971737e-06 1.019914539023517897e+01 5.128094885558751912e+02 7.152304387398935432e+02 4.995091577276774615e+02 6.970798015287097371e+01 1.219959439819177987e+03 3.644845045002131201e+01 9.344737930398315129e+00 9.187658060386762315e+01 1.413986761376254208e+03 1.690068398840864347e+03 6.552634081589131521e-01 9.379404494893493620e+02 5.653697307505868821e+02 3.455663411721810689e+02 0.000000000000000000e+00 1.040083760695823457e+03 1.463588002843151571e+03 9.440439666248491903e+02 1.433851616282007342e+02 4.272492912286778477e+01 1.522302312712476805e+03 4.140069225029823201e+02 3.197455798876992503e+02 9.834275800552188684e+02 8.476198152303478537e+02 1.452714556546029883e+02 4.993007011209710555e+01
0.000000000000000000e+00 1.769275309393498446e+03 6.887666621732128069e-01 4.610646316106789300e+01 2.369622891387230723e+01 1.857571343556358201e+01 2.005894158405383682e-03 2.923176702060176213e-01 3.282662072709977963e+01 2.783769600763218666e+00 1.077152091429415805e+03 1.024404254871919193e+03 1.365727649968907372e+03 1.050170660504996221e+02 6.774281259564598940e+02 3.130841011667338307e+02 7.287569930202767665e+00 5.673606669200981401e+01 6.931781227570012049e+01 5.423772595693245648e+02 1.444528539241866383e+03 2.294396005871826905e+00 0.000000000000000000e+00 7.266520592776948888e+02 1.529483669055010076e+01 0.000000000000000000e+00 2.142867559719452117e+02 7.545896883749834672e+01 1.955575531610336676e-02 8.353244428177637815e+01 1.411806559657205526e+03 3.353745588034021807e+02 1.318701955274195143e+03 0.000000000000000000e+00 8.838951784836203842e+02 1.560654262032372571e+03 4.224933160410100186e+02
0.000000000000000000e+00 0.000000000000000000e+00 1.054875952198609639e+03 3.099611199340413918e+02 2.896465191709352212e+02 2.426644634482944429e+00 4.372847989913399402e+01 9.325556829718640302e+02 1.681141402822689770e+02 6.073218452826812381e+02 3.438096104385741683e+02 1.341166381107228290e+03 2.791511026212131128e+02 7.282231313860560817e+01 2.459652638190007110e+02 5.703178302916112443e+02 2.452687629838877683e+02 4.442100839971754453e+02 9.373144887315849871e+01 1.106249072550771416e+03 7.650424729149862060e+02 1.418009863266149750e+03 8.365116365952049193e+01 1.739234121467266050e+02 4.385265869809296078e+02 1.486059675476639370e+02 0.000000000000000000e+00 9.766872985902372406e+00 8.651828487192494777e+02 5.704376843268956918e+02 9.129282500173688959e+02 3.395498170687293964e+02 1.396798267448506977e+03 5.148640902758211269e+02 7.154973116648697840e+01 8.476824972823149551e+01 1.219254727814000461e+01
0.000000000000000000e+00 1.558458174667610194e+02 5.752052196764982455e+02 1.817980145914101797e+02 9.251681264501714850e+02 4.637172011045286126e+02 3.512208195941947224e+02 1.010698402774295488e+02 9.088369964216680046e+02 3.496008552635517574e+00 0.000000000000000000e+00 1.004052602460085836e+03 7.932950324626269776e+02 1.375936139240631348e+02 9.859629696461783510e+01 1.601592240924865962e+02 1.188158554057002220e+03 3.622859341965657336e+02 0.000000000000000000e+00 1.676734108806805068e+01 4.178093192225473445e+02 8.521547027631418132e+02 4.200191396848438785e+01 1.401724096174666556e+03 4.554943175732861960e+02 2.153838804511380829e+02 1.017297532753299407e+02 5.590405715734235947e+00 0.000000000000000000e+00 4.554570497675868523e+02 7.894881956168223951e+02 7.642131946562043368e+02 5.758265793766728535e+01 1.039246121814288244e+03 2.054202524772010108e+01 1.291881154890633070e+03 8.170672069282694565e+02
0.000000000000000000e+00 6.428067741357326668e+02 1.191000409106991675e+00 2.287713392766727054e+02 2.355430832982761160e+02 7.374486256460349942e+00 7.569849371196655738e+02 6.471937960930915779e-01 1.575059464454449198e+03 5.072676679237648756e+01 0.000000000000000000e+00 5.515530977671600112e+02 1.735121516879809406e+03 9.665578305461937703e+01 1.083035208574715170e+03 0.000000000000000000e+00 8.202898309595340152e+02 1.994483281450673076e+02 8.152065325987639426e+02 6.883253108978227601e+02 1.634960955579755080e+02 1.234504269200280760e+03 2.680343182638749600e+00 4.812046316862465574e+02 4.984212856244202072e+00 0.000000000000000000e+00 5.992985137227689165e+02 3.184775106495022783e+02 2.225541088460974493e+01 4.226173102606796306e+02 5.466473199358966895e+02 4.479056675888843415e+02 0.000000000000000000e+00 1.474729383124255492e+03 4.105708692649528757e+01 5.452188801831325691e+02 2.241637254292855062e+02
0.000000000000000000e+00 5.695129029625737758e+02 5.039938829178378796e+02 1.360119863361336456e+02 6.429049634480349032e-06 1.251001659768616719e+03 1.106998737689932852e+02 1.038709805674596964e+03 1.552521925432174221e+01 4.015142680320676050e+02 1.470134321393814787e+02 3.439424498045103746e+02 3.428078001739437468e+02 1.367563132098621850e+02 3.864038321627751316e+02 4.646028067065495293e+02 1.254246194683761132e+03 5.861441585894762163e-01 1.663548381965153311e+00 3.425761207524943188e+02 9.608160931278860062e+02 2.157633305540254676e-01 1.020584404916294375e+03 3.972704249553957538e+02 6.237616448015520518e+02 1.317549112816814443e+02 6.510675710994527208e+02 4.487047015329047213e+02 2.979524063240602771e+01 4.527812832715171112e+02 2.167726408608376005e+03 1.051834516874215296e+03 2.747538849467025202e+00 7.473242423814421461e-06 1.960212133038734450e+01 9.856181982936985941e-02 5.118903808649061489e+02
0.000000000000000000e+00 4.030317501567989069e+00 0.000000000000000000e+00 0.000000000000000000e+00 0.000000000000000000e+00 0.000000000000000000e+00 0.000000000000000000e+00 0.000000000000000000e+00 0.000000000000000000e+00 0.000000000000000000e+00 4.984950267028664257e+02 0.000000000000000000e+00 0.000000000000000000e+00 0.000000000000000000e+00 0.000000000000000000e+00 0.000000000000000000e+00 4.542449144816554281e+02 9.787234245955686447e+02 1.945167747186959843e+02 3.214507678930427232e+02 0.000000000000000000e+00 1.376159903037995946e+03 1.962706152330739997e+03 1.744700657352253294e-05 1.560522747628016873e+02 7.257056499883645984e+00 2.220504860425669236e+01 3.286905741083582910e+01 6.928600750536980968e+02 2.325748239114363969e+02 1.007933061023006189e+03 2.060724292004536551e+01 1.354902448962580820e+03 5.929388241854353510e+02 7.382108021151246930e+02 4.265428136494046640e+01 3.952376926799831267e+02
0.000000000000000000e+00 1.485938999442719535e+02 0.000000000000000000e+00 0.000000000000000000e+00 0.000000000000000000e+00 0.000000000000000000e+00 0.000000000000000000e+00 0.000000000000000000e+00 0.000000000000000000e+00 0.000000000000000000e+00 2.793944132638701117e+00 0.000000000000000000e+00 0.000000000000000000e+00 0.000000000000000000e+00 0.000000000000000000e+00 1.077421911237534502e+00 1.019112955791731139e+02 0.000000000000000000e+00 0.000000000000000000e+00 0.000000000000000000e+00 1.879280129415946021e+00 0.000000000000000000e+00 1.334817878240266396e+02 1.234302222230220501e-04 3.640737796642065405e+02 2.402966126794022159e+02 0.000000000000000000e+00 1.074582736104257947e+03 8.321764619545666619e+01 2.502508305634551959e+02 2.676504413564634888e+02 1.560523109055084433e+03 1.362260550167608471e+03 4.987253361935914313e+02 1.220428002820536193e+02 1.067395709396318125e+03 4.802384537414770449e+01
0.000000000000000000e+00 3.806330171044436952e+02 3.434960471738068009e+02 1.102956986667012416e+03 2.033728192414328646e+02 1.385879125545763600e+03 1.756263244833444048e+02 9.400924038984918525e+02 1.735434471094740275e+03 0.000000000000000000e+00 2.423851664208882255e+02 7.082033126712643423e+01 1.780440050497008589e-03 1.754283856145160371e+03 1.337796739062322558e+03 1.066891310926862161e+03 0.000000000000000000e+00 1.076522666765386930e+03 1.149829378702316944e+03 6.006969067629291885e+02 7.972943152783713003e+02 1.696853372989595982e+03 0.000000000000000000e+00 9.837179339387517985e+02 0.000000000000000000e+00 0.000000000000000000e+00 0.000000000000000000e+00 0.000000000000000000e+00 1.610820801866477495e+03 8.074983046901440184e-04 1.455262600529625161e+03 1.918281443909936854e+02 1.066689006900542836e+03 2.338789597329567016e+02 4.188468525652232302e+02 4.978456722629458397e+01 1.394470394336299490e+00
0.000000000000000000e+00 1.334738037514054838e+02 0.000000000000000000e+00 2.197656229554806995e+00 0.000000000000000000e+00 9.773438535754062286e+02 6.252813030410727606e+02 3.612801121929880566e+01 1.306598775215675687e+03 6.648131137487690978e+01 1.491290730563161333e+03 3.849003679004870264e+02 2.204758167409399949e-01 4.655196973458593561e+02 1.401745689101545622e+02 1.703287636854608309e+03 1.436224727065212392e+03 5.091594776490308050e+01 1.182427179782330086e+03 3.534802203783622190e+02 7.026371351438727970e+02 1.490917019775201197e+03 1.378424040969038288e+03 0.000000000000000000e+00 1.124253001957000379e+03 8.702595680510336251e+01 1.523624652243737728e+03 8.092035879368352198e+02 0.000000000000000000e+00 0.000000000000000000e+00 0.000000000000000000e+00 0.000000000000000000e+00 0.000000000000000000e+00 0.000000000000000000e+00 0.000000000000000000e+00 1.742036078917853956e+02 6.252624165527890909e+02
0.000000000000000000e+00 8.632901170852519499e+02 5.739300319049869614e+01 6.773723139831744788e+00 1.247525315954649727e+01 0.000000000000000000e+00 3.515881955058405310e+02 2.599571874832857930e+02 8.616634088062537558e+02 3.989570466582471830e+00 1.014223711574545860e+03 5.369610294648435200e+01 0.000000000000000000e+00 5.514782255177441357e+02 1.860432245780371119e+01 0.000000000000000000e+00 1.513419759099247131e+01 7.663760903251719583e+02 9.403698490833841461e+00 0.000000000000000000e+00 3.318691319647278988e+02 7.299050705632434521e+00 1.974354646549902892e-01 6.819009198225235195e+02 7.960085585509799557e+02 8.135847435660120652e+01 8.208634751069729063e+00 6.233432418689415044e+02 9.539095689879583517e+01 0.000000000000000000e+00 0.000000000000000000e+00 0.000000000000000000e+00 0.000000000000000000e+00 0.000000000000000000e+00 0.000000000000000000e+00 1.616948864759778644e+03 7.072104544830065151e+02
0.000000000000000000e+00 1.481340230989407928e+03 1.091362002116298981e+03 1.330781056934455592e+03 0.000000000000000000e+00 7.694157262636268797e+02 5.148379103745996872e+02 4.570047185540207835e+01 1.644713096879945624e+03 2.478345439882057377e+01 7.437250563151545748e+02 1.501645351269285982e+02 0.000000000000000000e+00 1.507153026425817055e+00 6.348279303631045423e+02 3.953256510031218340e+02 3.396286933299915711e-01 6.225349599985185023e+02 1.319680516126769589e+03 0.000000000000000000e+00 8.874303919947884651e+02 1.044939427939214511e+03 1.989760899971961594e+00 4.718166350542345100e+01 0.000000000000000000e+00 2.075968708562805887e+02 6.675914689677788374e+02 4.696747404741291234e+02 1.204759867199436769e+02 3.796457715454141635e+02 1.261030577779310988e+03 3.193216481423235109e+02 1.248566973373785459e+03 8.799909962961598922e+02 7.101743761308812282e+02 0.000000000000000000e+00 0.000000000000000000e+00
