output/example_1/lateral_incision_000225.asc
nrows	75
cellsize	13.33333333
xllcorner	0
ncols	75
yllcorner	0
NODATA_value	-9999
[rows 17 to 33 of 75, columns 0 to 36 of 75]
0.000000000000000000e+00 1.662865704775643508e+03 4.052259011194194613e+02 1.313893993820937339e+03 7.214935849208292211e+02 6.774190120112805289e+02 3.074521166863771100e+02 1.299217738400309372e+03 1.367373030510825174e+03 1.337200216491090941e+03 4.578883614286294801e+02 3.204405843618931158e+02 8.053269781459350725e+02 8.033865658058358505e+00 8.126058110160951173e+02 8.321451116953307974e+02 4.540049254711526032e+02 1.175358167402897607e+03 3.689692283156944086e+02 1.178185079747971429e+02 6.788157575653461890e+02 2.708181116437698961e+02 1.000571462532243231e+03 2.350550345977167499e+00 1.177770382158195162e+02 2.067611420199573047e+02 1.513513378660815761e+03 1.543006107758838255e+02 1.320952606959685227e+03 2.403866732107228454e+00 2.870901293654723077e+02 0.000000000000000000e+00 1.587658778087789642e+03 7.820620137241048724e+02 5.485348964619170147e+02 3.953615978997700040e+02 4.409034453603007933e+02
0.000000000000000000e+00 6.186375372196897615e+02 1.047005586470888375e+03 0.000000000000000000e+00 9.219894193132242890e+02 1.476182064707867204e-02 8.218508051657428837e+01 2.576753060935051280e+02 3.084744921268018061e+02 4.236809719474929352e+02 1.185736280208311882e+03 7.166737535198775788e+01 6.751710992416808388e+00 5.549942598717475448e+02 8.917072758516681574e+01 1.141647202898264140e+03 2.380617893707791310e+00 8.249257831511449979e+00 0.000000000000000000e+00 0.000000000000000000e+00 5.913291396045053006e+01 1.019431804910232415e+02 9.376363418347352097e-01 4.199507700874640932e+02 3.861379967558465864e+01 3.510315643103076582e+02 1.081744927942354479e+03 1.211334645456307868e+02 6.739363068611816061e+02 5.124791888635792247e+02 1.491938252509409722e+03 1.663155306092607200e+00 6.009599351893313042e+02 0.000000000000000000e+00 0.000000000000000000e+00 3.557150572893344815e+02 7.880075296424075759e+02
0.000000000000000000e+00 5.960847315175564987e+00 1.149816884022352724e+03 5.251220526619634938e+02 5.843232319407356545e-01 4.420958364538286105e+02 3.429252051402662005e+02 7.960449431145951493e+00 1.948319496817295260e+02 1.378645616364123194e+00 1.010203087797265653e+03 5.089502224462796320e-01 0.000000000000000000e+00 8.862647281030008344e+02 1.853688095800680502e+00 1.449685963254894716e+02 9.583934405555842204e+02 7.820836472151279395e+02 3.178698324120352936e+02 1.182319345239157968e+02 2.107988383734588922e+02 1.900280496271738286e+02 2.587612523499643089e+02 8.950079213814464418e-02 2.370603927011226464e+00 3.733817239886528938e+01 5.210592314190637353e+02 0.000000000000000000e+00 5.434915536346408089e+02 1.680616454061952254e+02 4.219366430709324618e+02 3.748992992402059299e-01 5.307258399420862816e+02 7.420671564035540086e+02 3.463898883938770155e+02 6.522022955260242725e+02 1.448794696563898242e+03
0.000000000000000000e+00 1.290513500551239076e+03 8.357039741653264855e+02 1.149428609008680951e+03 3.464815809235135475e+02 4.476778690547733959e+02 8.490038545002519186e+02 1.030587235081929066e+03 3.980200285754971219e+02 0.000000000000000000e+00 1.106637092648239786e+03 3.676777137281077330e+02 4.309949878449367020e+02 1.788333012556392418e+02 0.000000000000000000e+00 1.900745057793636192e+02 1.759598608991151991e+01 0.000000000000000000e+00 3.548677157934180286e+02 6.780264045881098127e+02 5.214250003592691201e+02 9.179792394969804263e+02 4.314741924801845130e+01 6.693497533649701836e+02 5.372352639336479569e+02 4.025538954118633228e+02 1.108123190563818206e+01 1.466360082778011531e+02 2.260864615357808134e+02 5.282532188773904380e+01 6.858033392625582110e+02 1.409878227004906250e+02 1.315531342606831686e+03 0.000000000000000000e+00 3.264687692717363916e+02 1.332563451331683382e+03 1.672464235859516091e+00
0.000000000000000000e+00 2.440969689838638885e+02 9.551194050071525510e+01 3.240932592702558281e+02 5.552390966360211166e+01 2.723713265725325527e+02 3.905838663850851162e+02 4.004382514990110735e+02 6.635869673894542302e+02 6.860531445980311673e+02 3.000413751677450591e+02 1.084534070799005150e+02 1.510544867223957453e+03 1.393072242462198801e+03 4.162563424923864090e+02 4.507038825154160833e+01 6.986881430805298123e+02 4.060616040154283901e+00 0.000000000000000000e+00 5.206663136591962484e+02 2.939643856203059045e+02 1.567983483347507345e+01 4.140868718892604079e+02 5.595452583951065435e+02 6.467262442206910009e+02 0.000000000000000000e+00 5.222239041562609145e+02 8.322289961860892049e+01 1.830851383319325620e+01 4.226577426795957422e+02 5.429959549483061920e+01 3.609542444693099696e+02 8.111412355150855547e+02 1.041247569700278063e+03 1.540750850766670055e+03 5.999345616100623779e+00 9.685679717217750522e+02
0.000000000000000000e+00 1.076823240049293418e+03 4.207409532097445890e+02 1.457259041649268056e+03 1.238883343059833805e+03 3.152523447474280260e+02 1.590396803843756035e-01 4.448205229366511415e-01 8.118519604694726013e+02 9.918138206923836719e+01 8.934619286107857761e+01 0.000000000000000000e+00 3.332137130058678167e+02 0.000000000000000000e+00 1.645688439045755786e+03 0.000000000000000000e+00 0.000000000000000000e+00 4.190301657427656323e+02 1.371835531819133394e+03 1.364370797818722622e+03 1.931511906069402817e+00 6.928803909534147465e+01 1.055827723592970187e+03 1.029326426256765899e+03 2.822537922078709585e+02 3.094165285759056587e+02 3.972254596711475187e+02 0.000000000000000000e+00 4.573368568266347438e+02 6.399226829236703225e+02 2.449702103954713106e+00 5.761952698846292833e+02 5.956964578581471415e+02 1.270642531234342414e+03 4.085343741011943308e+00 9.827550400082222950e+02 4.253423159258974806e+02
0.000000000000000000e+00 6.908311300769219088e+02 1.140854552350489712e+03 1.213956259644313832e+03 1.506409973615537297e+02 3.238561531293058948e+01 4.081699490019682344e+02 1.458158896665957904e+01 8.126222540493083457e+00 2.675353614200815924e-05 2.557658473164789470e+01 1.071762114796949163e+03 1.523510838936545269e+03 1.936976377511685712e+02 3.922744263318290905e+02 7.077690031698789426e+02 4.719963016287927644e+02 2.355287333055562926e-01 2.459729243216991676e+02 1.320985490445492587e+03 6.522428122873067480e+01 1.723073038671615222e+02 5.690884236508554750e+02 1.417153509187930013e+03 1.926106557980038403e+01 2.666247063891509228e+01 9.722450228646121104e+02 1.271561079948503874e+02 4.831883878812821536e+02 0.000000000000000000e+00 0.000000000000000000e+00 7.014950636357707658e+00 0.000000000000000000e+00 1.226304497735908541e+02 8.144741897016904204e+02 3.610370736108354208e+02 0.000000000000000000e+00
0.000000000000000000e+00 5.971043797438519161e-07 8.358604294645682558e+02 7.881040796258234877e+02 8.000666943330696768e+02 5.939276113895497033e+00 7.050175925199682752e+02 6.565574081677721097e+01 4.228784652729787013e+02 3.892628022068452083e+02 3.189248478941922258e+02 4.676463229894042115e+02 9.753512578806362399e+01 1.019770567838824782e+01 9.252518268987847350e+00 7.816513500469313840e+02 4.069399938043704879e+02 1.758682186049920574e+03 4.807036604071244223e-01 5.549174240948863712e+01 1.574126619557076310e+03 1.823632259577896164e+01 4.626359375502447913e-01 1.532074774060510833e+02 9.231636832373160928e+01 4.653114746441537477e+02 3.656924305924953842e+02 3.842416763182512796e+01 7.348195584515542222e-01 5.690689932597333467e+01 9.543070978300174829e+02 1.240191180352490619e+03 4.773634585486705078e+02 2.574155597309422774e+02 1.352438212612524012e+03 2.032201799827846003e+02 7.579153829344527367e+02
0.000000000000000000e+00 1.993785091575668300e+00 0.000000000000000000e+00 5.577645714098357388e+01 1.853684624130963527e+02 0.000000000000000000e+00 7.710057349613389306e+02 1.065033043671983705e+03 3.989607539598554240e+02 1.605845314262280397e+02 9.871810062590698820e+00 4.451119948851833783e+02 0.000000000000000000e+00 1.397670489781146443e+02 0.000000000000000000e+00 9.155082216421694739e+02 3.821881439893593324e+01 1.018529614479220868e+03 1.576010554189442018e+03 3.894618286014048181e+02 4.830830740987775584e+02 1.712393351124276464e+01 1.173131664716204796e+03 1.316282649554994578e+03 1.144803865376936791e+00 1.520111862378140586e+02 0.000000000000000000e+00 7.240699482920315404e+02 8.893766956676861355e+02 1.799071999688804055e+02 4.702891142206238939e+00 2.088888705974091522e+02 1.550508841816825338e+02 3.587383540248048348e+02 1.194544295127390825e+02 4.048975733429709294e+02 7.164089937472281235e+02
0.000000000000000000e+00 1.356707909162377291e+03 1.068350730254178643e+03 4.233633715258459915e+02 4.535560572213073556e+02 1.387104704994246731e+03 6.524476323891219920e+01 1.193426338075423701e+03 4.104806942376135339e+02 4.290802140190303930e+02 8.796641761186585029e+01 8.564689683539131693e+02 0.000000000000000000e+00 5.229210213786540606e+01 1.659523065681617027e+02 1.121939877433675974e+03 7.598566883515442214e+02 6.478929042285216156e+02 1.768350937109496313e-01 8.812523218948704198e+02 4.916987390993010187e+00 1.324771012204766521e+03 4.610465386878782965e+02 6.632632487287368122e+02 3.486446402618898333e+02 3.716279835383215300e+02 1.136982385976536762e+03 8.200372263693071773e+02 4.812271051599573184e+02 1.961588130875328488e+02 3.118940891248728349e+02 1.648183995063855036e+02 6.550638777140420643e+02 7.256732057794959556e-02 2.926208716098860236e+02 1.732468488009664611e+02 1.052032753629364237e+01
0.000000000000000000e+00 4.144931113118852650e+00 2.911138883942098232e+01 8.608277388439233846e+01 2.720898938960339706e+02 1.534899209829679421e+03 2.461741983840591885e+01 9.416142781010557883e+01 1.165422987686778526e+02 6.187224174085556569e+02 1.055775198775651234e+03 2.519416046312511526e+02 3.049773577446790114e+02 5.018971830332749846e+02 1.443181035588989062e+03 7.487323588923857187e+00 1.086263951510756669e+03 1.146274811715146370e+03 3.537364225005754861e+02 2.614179739989489804e+02 4.252671603390267023e+02 4.188697502619753550e+02 4.779541830250027346e+01 2.741083998330030909e+02 0.000000000000000000e+00 4.209557196220667947e+02 1.644532238918439191e+02 2.502749161346130791e+02 4.600923363409378908e+02 2.519439030652504963e-01 8.864911959324068675e+02 6.654107198051767424e-02 3.066690444467872823e+01 5.186630082803782571e+00 6.353082793574122888e+02 4.765499009164953748e+01 6.442787364763191817e+02
0.000000000000000000e+00 5.085963671101160912e+02 1.680405448199603029e+02 4.323555165021507491e+02 1.367097773754735734e-01 2.803904401881724517e+00 4.988754741983544818e+02 1.297916067704477655e+03 1.469939740932963787e+03 7.457446835437260557e-02 3.830079976858458934e+01 2.277939071072334514e+02 0.000000000000000000e+00 2.984378006752488091e+02 1.779511545298581154e+02 1.136082531760644088e+03 8.279247782896349008e+02 3.458199148156870706e+01 4.596071111996518965e+01 5.376766507746727939e+02 7.168822289417652200e+02 2.823987763752003843e+02 2.730402615701079299e+02 1.333659225465465624e+03 4.394475200698428239e+02 1.102809331830989322e+03 5.156980999079515868e+02 4.719439106128140224e+02 7.911633233580736260e+02 1.422574103454691681e+02 1.734773496774898760e+01 2.580636761399529178e+01 8.285124909675757010e+01 2.611787539825273541e+01 1.443323782975962217e+02 8.960871531976280266e+02 3.019195171713691366e+02
0.000000000000000000e+00 0.000000000000000000e+00 1.000168441448259671e+02 2.801904297604536609e+01 1.075604988389222854e+03 7.070725250487237190e+02 2.222255432866282376e+02 4.333411487743754975e+01 6.402212222778290425e+02 4.077716859693443325e+02 7.827327875267632180e+02 8.394883840129641612e+02 1.635746003310397782e+03 6.150756101900871045e+02 7.950051181189992988e+00 4.182510736040620714e+01 2.198591945653948301e+02 3.749693423348977035e+02 3.722314754653535260e+02 7.755955082512856791e+01 2.672389289904118073e+02 2.690652297864270395e+02 6.677912807155731798e+02 9.049687802132638126e+02 7.597784975587905443e+00 8.018992918458103532e+02 8.040249284346675722e+02 7.292216986642035863e+02 2.992317105946378888e+02 6.203246318459551958e+02 5.477015545714030154e+00 4.410428228162786901e+00 9.173013082813978372e+02 2.431325465396476559e+01 1.278522094386705135e+02 5.199233440794644139e+02 5.276859631252873442e+02
0.000000000000000000e+00 1.327163605516853906e+01 7.574595538677610929e-01 0.000000000000000000e+00 5.802525225409732812e+00 0.000000000000000000e+00 7.772131369086386030e+02 2.323831701427029941e+02 1.316897597692039028e+02 0.000000000000000000e+00 5.802665630764375919e+02 3.673328648680154629e+01 4.147172210681177695e+00 2.460335368591215968e+02 6.092658374077526560e+02 1.324696813519451553e+02 0.000000000000000000e+00 1.428473634355099193e+03 1.274973819481720909e+02 2.276702714962922869e+02 6.450629395549715355e+02 1.788792512494253728e+01 2.617345262137519057e+02 2.507179851066159770e+01 3.123506373882037792e+02 7.169368727960966226e+02 3.975138503951162749e-01 2.594988606497272698e+01 1.751105498523241408e+02 9.694566638221773474e+02 2.296109094358600089e+02 6.232961880287291478e+02 2.591057406889913750e+02 5.342172487912050656e+02 1.167652606941303929e+03 1.718769175894729528e+02 4.642414385420863709e+02
0.000000000000000000e+00 1.522727949494685845e+03 1.332683151415390739e+03 8.728695971031102729e+00 7.564556947555063289e+02 8.880737862429762680e-03 5.287682988352586335e+02 6.214575119782375623e+01 2.194202532336759646e+02 4.872467261156489537e-01 9.334935516096021502e+02 4.828023764492479775e-02 6.504488485143803018e+02 3.734375021700246577e+01 2.002071680700611580e+02 6.729484812821326725e-04 1.236343672914472691e+01 6.629817282744705835e+02 4.550234312343823717e+02 3.397759073968323946e+02 4.239474852894625201e+01 4.960476889104425595e+02 8.061206611603192584e+01 4.132196320772189893e+02 3.880893444383460746e+02 1.128763818896499060e+02 7.683313227889954078e+00 3.723396814954505771e+02 7.186022824583168358e+02 3.863182843265510655e+02 1.715442428222499132e+02 3.804680009534040437e+02 6.485630959216662177e+02 0.000000000000000000e+00 5.528832787872862582e+02 1.040948866930135409e+03 1.204606335135115103e+01
0.000000000000000000e+00 0.000000000000000000e+00 3.110959296938125362e+02 6.016202822665663064e+01 2.166131475070123713e+01 7.184490167885307983e+02 4.566183237590717567e+02 7.886167048184903328e-01 2.256563948946603304e+01 2.670458552163906347e+02 2.449846234749338336e+01 1.003166266560684335e+03 1.237578000154886240e+03 4.089870813311471665e+01 3.389238141828608608e+00 6.222050087522672968e+00 5.800468392024337163e+02 1.346713429106521573e+02 8.699407188658933592e+02 3.835490218264957321e+02 2.278979721501117126e+02 1.820979046893847340e+02 1.029618704606830079e+03 1.245957177307070879e+03 5.060336626745800537e+00 7.594375867564646221e+00 2.036826924327425843e+02 2.960419529955856444e+00 5.448858956631142973e+02 1.272974975671857152e+02 1.307118654835230018e+03 1.769719408545629449e+02 1.520458964358088906e+03 5.241677881440838291e+02 5.900822991724577378e+02 9.694139904265744008e+02 1.505712590502906551e+03
0.000000000000000000e+00 9.041172556894410945e+02 4.910430158107233751e+02 4.880879771693658498e+00 6.206563139966942089e+00 7.762059380055052138e+00 7.858788124221630369e+02 7.966703648797488313e+02 4.327307181307633499e+01 1.053746981827691343e+03 9.693588509666973323e+02 3.738105327638815645e+00 1.596527469575819850e+03 1.183647151774731128e+03 3.933223178463199243e+00 2.504705936696906576e+02 3.018388980590715960e+02 1.090069173173026229e+03 2.175451686694489517e+00 1.577065271782170157e+03 4.367894057776817363e+01 3.893906533666319660e+02 5.523150669452177226e+02 0.000000000000000000e+00 5.364598585223611735e+02 1.537795589472373422e+03 3.301420113407867234e+02 7.938698561051674574e+01 2.855061339552560753e+02 6.126960900203136617e+01 7.181418148123550509e+02 2.199282394575904505e+02 6.292942592214676267e+01 2.792359588466145510e+02 1.086178721390361716e+03 7.869939291411140125e+00 1.862326863800680712e+03
