output/example_1/lateral_incision_000017.asc
nrows	75
cellsize	13.33333333
xllcorner	0
ncols	75
yllcorner	0
NODATA_value	-9999
[rows 51 to 67 of 75, columns 37 to 73 of 75]
1.204838170408182805e+03 1.519608324819715790e+03 6.749538331964937754e+01 3.271158941054649176e+02 5.293174869470434487e+02 1.353446408202064958e+03 4.953591092992199378e+02 3.987016471692550483e-06 3.619888819002410401e+02 6.401231030229186103e-02 0.000000000000000000e+00 1.780360449312212018e-02 1.736005345808864370e-02 6.688478480790638510e-03 3.281003757762881445e-01 6.070905760770236839e+02 1.543806004433216003e+03 2.253915389746783404e+00 6.361055251423161394e+01 1.558817796035514675e+03 1.190900176102976047e+03 2.737915612313786085e+01 3.768071736953630761e+02 5.228713771302216706e+00 5.280678092014290996e+02 1.596934120884778395e+03 7.465369604426512069e+02 7.837500661833676077e+02 0.000000000000000000e+00 7.939910330293562311e+02 3.141854788676575936e+02 7.558194268054769793e+01 1.778649087024536867e-04 8.469520446216227683e-02 5.957328453971035742e+02 1.394927555448456076e+02 1.375034842303091446e-04
9.785849103377688607e+02 2.076729404786094619e+02 5.983326053771103261e+02 4.000010048924121975e+02 0.000000000000000000e+00 2.487435599898098531e+02 1.086656463272755445e+03 2.530415388009726883e+02 9.874647407989342249e-03 9.279454493939871895e+01 1.056335662187827396e+01 1.908045572345911580e+02 4.589471027520204984e+02 2.340794712557676576e+02 2.552998378129917256e+00 1.553888722236514308e+00 1.082476599799550598e+02 1.535050964091476317e+03 7.950698858403893610e+02 2.491886882508579504e+02 0.000000000000000000e+00 1.251546892163763403e+01 1.889148018326759484e+03 1.259941883840421724e+03 7.187693307820191002e-01 1.702187890396190141e+03 5.642222060564610047e+02 1.238175643603384479e+01 0.000000000000000000e+00 0.000000000000000000e+00 0.000000000000000000e+00 1.371505958261976048e+03 1.769031645777300582e+03 4.863498843284583728e+01 3.091121951513713384e+02 1.963135111339780394e+02 0.000000000000000000e+00
1.320071945448426504e+03 7.105452898386226934e+01 6.307146049006306932e+00 8.706516964004912040e+01 2.459594007337138919e+02 0.000000000000000000e+00 3.919586568690118344e+00 4.160094728878046908e+02 1.231325112370959971e+02 0.000000000000000000e+00 8.202826647509385560e-02 2.062387550973491912e+01 1.675029786641485714e+02 2.387725615615328589e+00 1.438719807821861650e+03 3.909864059095201014e+02 0.000000000000000000e+00 0.000000000000000000e+00 1.268057807758049904e+02 0.000000000000000000e+00 3.031815417815616911e+02 1.111644633660439609e+02 6.302587439699472043e+02 1.231839900288556009e+03 1.635348857994904620e+03 4.753099373721634180e+01 0.000000000000000000e+00 5.783614616516019851e+02 1.248597884397063126e+03 5.400983347125268175e+00 1.597891213696867226e+03 1.758156781873809749e+01 1.344681449188928354e+03 0.000000000000000000e+00 1.528046710483937254e+01 0.000000000000000000e+00 0.000000000000000000e+00
2.671560669638840921e-04 0.000000000000000000e+00 0.000000000000000000e+00 0.000000000000000000e+00 2.871087392790869899e+02 5.926396464483589455e+01 1.435266084001822483e-05 3.490643102642023143e-05 0.000000000000000000e+00 0.000000000000000000e+00 1.037271363740004837e+01 5.286512182083528444e+01 3.116517634543854456e+02 8.161639931495259361e+02 4.267365209457484099e+01 1.320439513326728729e+03 1.025564068713377353e+01 1.960667428371185110e+02 0.000000000000000000e+00 1.422810865576360868e+02 1.333179115308843166e+02 6.254736666492758559e+02 4.718418066249866483e-01 5.366995459934967627e+00 1.006193180342925473e+02 0.000000000000000000e+00 0.000000000000000000e+00 2.125002069706024486e+02 3.345504606951431583e+02 4.792962678224506590e+01 2.322030272265564236e+03 1.234848084855375873e+03 2.192996637081583676e-04 1.100047224947765699e+03 2.365417384977963877e+02 4.949364999750657148e+02 0.000000000000000000e+00
1.391843091694385350e+02 7.177882444503327974e+01 0.000000000000000000e+00 0.000000000000000000e+00 0.000000000000000000e+00 3.139694772352992376e-06 0.000000000000000000e+00 0.000000000000000000e+00 4.706235326112698236e-02 0.000000000000000000e+00 2.769269553858433384e-04 0.000000000000000000e+00 2.889320926819779700e+01 4.611093390669329488e-03 1.148961867782346644e+03 2.346028960244280537e+00 4.360114666617942589e+02 2.582734221175538546e-04 9.000350662400251681e-04 6.799729124825570903e-03 2.474491133195271275e-06 0.000000000000000000e+00 1.584940499811880841e+02 6.426040385256644072e+01 1.445918927211218488e+03 3.620729297339036634e+02 3.043705915907573556e-01 6.735693908026432837e+02 2.130050177331206385e+02 5.206541148324875934e+01 0.000000000000000000e+00 2.159672147300509096e+03 8.311405858581625807e+02 0.000000000000000000e+00 5.149987953520062547e+02 7.836712521337759085e+01 8.195442833436061392e+01
1.369290650052299497e+03 1.232602237633549009e+02 4.095875922445810602e+02 0.000000000000000000e+00 2.560437170609067081e+01 6.054080494872506506e+02 9.737459007877346551e+01 1.949939436541302129e+01 1.871724361816954456e+02 9.566039586498008873e+01 8.806331445421511665e-04 0.000000000000000000e+00 9.613139416478614407e+01 9.976062417650827285e+01 1.259922665310766206e+03 9.069227770868462102e+00 2.155713645797922950e+01 6.569531092337178857e-02 6.007471128254284540e-07 0.000000000000000000e+00 7.429947156030744964e+02 0.000000000000000000e+00 3.435251278522724192e+02 1.015564814422491509e+03 3.926682989753631148e+01 4.947380397253215989e+01 2.805491427668904976e+02 4.562637342197342627e-02 6.549407741611039455e+02 0.000000000000000000e+00 2.352167887420926462e+01 0.000000000000000000e+00 7.152405433952236535e+01 5.442807926199524218e+02 5.502421619131030184e+02 6.689199167055895714e+02 3.715902586121526241e+01
1.738901246676199662e+03 0.000000000000000000e+00 3.574982092845863235e+01 2.261599755135527232e+02 7.200178216535946376e+02 4.524751311590088108e+02 0.000000000000000000e+00 1.400590675882142705e+03 2.524736744689859904e+02 2.350087340149987085e+02 1.804791994834022972e+01 1.091785916138864651e-04 2.836915374090869240e-06 0.000000000000000000e+00 1.451322986043602441e+02 2.593334407556031351e+02 2.821404980718213551e+02 1.198763830926814933e+01 2.565331670693262876e-04 5.228537059893200478e+01 1.535998804681563342e+03 4.983254956332320296e-01 4.011217815078410922e+02 1.124160377627423941e+03 2.264371516397921198e+02 1.136788307785423058e+02 1.203809055401254000e+03 4.209389266946503483e+01 1.705687045531591139e+03 2.518394742442553252e+03 9.609028760682740256e+01 1.777387138162971070e+01 0.000000000000000000e+00 1.435190733650300920e+01 3.322317597379307585e+02 5.700740908294767021e-04 2.001316044414525948e+02
4.755331907384439916e+01 0.000000000000000000e+00 3.871106459378676732e+02 1.197176170139536225e+03 9.400612835275410362e+02 0.000000000000000000e+00 6.271213550986356040e+02 0.000000000000000000e+00 3.962145714405201602e+02 1.747134639765220854e+01 6.241844592739883346e+00 0.000000000000000000e+00 0.000000000000000000e+00 3.358037865545457775e-06 4.638068068027762791e+01 1.430082330162646898e+01 2.257376003179635404e+01 4.798573437552771104e+00 1.278219932036312942e-02 1.386289896983618632e+02 4.062729905610330405e+01 8.974378149171182031e+02 1.377846772684157258e+03 2.683416570918758614e-06 2.099003086803031124e+02 2.111516829097893205e-02 5.105502978785515324e+02 1.457277126589379804e+03 3.436417025424091332e+00 7.911511467504412849e+02 2.632265536608988441e+02 8.527415682714374157e+01 1.339342942350365284e+01 0.000000000000000000e+00 7.577391295635634627e+00 2.837473328706414009e+02 0.000000000000000000e+00
6.308850216982486927e+02 1.114580365645647442e+00 5.423073890633204428e+02 1.043645712099804086e+03 0.000000000000000000e+00 1.004453383929017718e+03 2.201107413903685483e+03 6.105203450855718756e+02 2.280466112081369445e+01 2.619996992014290882e+01 2.892536354197590143e+01 1.526745376421016764e-02 7.249079922568935162e-04 3.875107652362872086e-03 1.487762694820330358e-05 0.000000000000000000e+00 5.114237153474267793e-03 0.000000000000000000e+00 5.323309925019893853e+02 1.140661929349653974e+03 3.630029509527454934e+01 3.237475072683752728e+02 3.350699930334884447e-01 0.000000000000000000e+00 1.466909167337663575e+02 3.535884839642747246e-03 2.557902843994535544e+02 2.068967750605747824e+03 1.500475940595644261e+03 7.254539398871781231e+00 1.208062290289830969e+02 7.209768904423077629e+02 9.256248562768851175e-04 7.424945363397030818e+00 7.359131138229735476e-04 5.279837944012764410e+02 1.999044774331900580e-04
1.344827360043654608e+03 1.638255764162034211e+03 0.000000000000000000e+00 0.000000000000000000e+00 1.164794607185878704e+03 7.702411507934757537e+02 9.356386116462001610e+02 6.449016014061580790e+02 1.248791762457930190e+02 1.221654390346999103e-01 9.719531587768857894e-03 2.182764956178400578e-02 9.171355266404407303e+01 2.540108060977783566e+02 4.874951153044848411e+02 1.126266373552265842e-03 0.000000000000000000e+00 2.433102220922549908e+00 3.727074743392606706e+02 0.000000000000000000e+00 8.786743666175140106e+02 2.485740900328456515e+00 2.818296692445503027e+01 4.661678334767443521e-05 8.674972215244416418e+01 5.786782428718404425e-01 2.235385372059713802e+02 9.607199238729089075e+02 2.702314050066771642e+02 1.389635309036859496e+02 1.204655058038638771e+01 8.544795230595279918e+02 6.867385761234619395e+02 2.087825514193939398e+02 5.554119879323100122e+02 5.689374388617846989e+02 9.775641773855367478e-02
2.752487914606613906e-01 3.688848781698888502e+01 0.000000000000000000e+00 1.455446269009604521e+02 9.722158131110517161e+02 0.000000000000000000e+00 3.265661230535473023e-08 0.000000000000000000e+00 2.017444862856387022e+00 0.000000000000000000e+00 3.732641256100994553e+01 5.653167405471639313e+02 6.548037307643876375e+02 0.000000000000000000e+00 5.428379201371220830e+01 5.564070466928085601e+00 5.050699066384435458e-05 7.843134499076967359e+01 2.999869513535574015e+02 3.153527893805796793e+02 1.049175697303049446e+03 9.714005309948699818e+00 7.574865183920555189e+00 1.383642294059917940e-02 1.294426661729857209e+01 3.006091465339574498e+01 3.037488967148989900e+02 8.800850246444834823e+00 1.546982997776517550e+03 1.458336371640743323e+02 1.634601882655070085e+03 6.616669879305578661e+01 0.000000000000000000e+00 3.067501372355479816e+02 7.388916163016739347e+01 2.094713495775531786e+00 9.940073045827641351e+01
4.251077886700260224e-05 1.520667491443674813e+01 4.586334428659259999e+01 7.600764616046512856e+02 0.000000000000000000e+00 3.396520858303537693e+02 9.500337481634450114e+02 5.948263196241680362e+02 1.477983239527128205e+02 6.194305544525322560e-01 1.804287596500684003e+03 8.025370951696027078e+02 1.738091300874196636e-03 6.439636327261424640e+02 9.938662385330080724e+02 4.328062196925104430e-05 3.305804380348475124e+00 2.320507529347993536e+00 2.918592991492911892e+02 4.323386265919330635e-04 4.776112826443760895e+01 9.460668272472834428e-03 3.031297940381682654e+00 5.364062420838914804e-05 3.984066916177536655e+01 2.322276474156975326e+02 6.651245086976642540e+01 8.958905623808766450e+01 5.512318005601264304e+02 7.323011410784203257e+00 8.326458024570569023e+02 2.682940171016139743e+02 0.000000000000000000e+00 0.000000000000000000e+00 6.297898882704300831e+02 4.023602450721999162e+02 0.000000000000000000e+00
0.000000000000000000e+00 0.000000000000000000e+00 8.840430408032631384e-06 1.275257976440227367e+03 1.740525551459586495e+02 0.000000000000000000e+00 2.956764667404943991e-03 4.451849150757041684e+00 4.789377134611695966e-03 2.060563932813800420e+03 1.037291436966576612e+03 2.850785705524451208e-01 1.041623409394653663e+03 4.596199193348113887e+00 7.222647155307078126e-01 2.774311257778465126e-06 0.000000000000000000e+00 3.420568086149240461e+00 1.187912918188876077e+01 0.000000000000000000e+00 9.624404190855312180e+00 1.564231162061455791e+02 2.015285147380433128e-01 8.301913023369536515e-03 5.097092000221684766e-03 7.366173706812504385e+00 3.095580895171204929e+02 3.870478781678273350e+01 4.076733529400498810e+02 1.771511646846831117e-04 2.528079851106023401e+00 6.710513731758584299e+02 3.780212157137629592e-01 9.858753611538699033e+02 1.143688940167414643e+02 5.478830905385955248e+02 7.061490367748114672e+00
1.241727038715290377e+02 2.854191239271770998e-05 0.000000000000000000e+00 6.605701272601412536e-06 0.000000000000000000e+00 1.306855986071262521e+01 0.000000000000000000e+00 0.000000000000000000e+00 3.119892357156581397e+02 1.251828725453800416e+03 3.382110066005185600e-01 1.212933714655775248e+03 1.004791522578411467e+01 3.818369679108524650e+01 2.556280927630274480e-01 2.229119556361519518e-04 1.129745092592546518e+00 1.061610230104263336e-05 1.481637398887366067e-04 0.000000000000000000e+00 3.496416913911887718e+02 1.281039706953280586e+02 2.077890722850557340e-04 3.661568818561071221e-05 4.272194035307151694e+01 9.055929778831045951e+01 9.259148008498800664e+02 9.664394567271358483e+01 6.210948855191563780e+02 0.000000000000000000e+00 1.597061734230229391e+01 4.007163136154676977e+02 4.638793422256202916e+02 0.000000000000000000e+00 5.682527399060432333e-02 1.277230812012212255e+03 0.000000000000000000e+00
3.764246323076842482e-01 3.281414935048754842e+02 9.097860252362032218e-01 8.098656107942680311e-07 0.000000000000000000e+00 2.513659246956697398e-03 1.670206106523723687e-03 1.434452291535587847e+03 2.023385302719855190e+02 1.955128267918930129e+00 2.342012316049765275e+01 2.223684551546588040e+01 2.765931038699256419e+02 4.339579115304587162e+02 8.250808778772180663e-01 6.427712216191421891e-04 2.981635735280912058e+02 6.876379797127293614e+01 2.609652157167049609e+02 3.920979369925545939e+02 3.045995576140661569e+02 0.000000000000000000e+00 2.607384750010274388e+02 0.000000000000000000e+00 2.189743609455944794e-05 9.663343628760752324e+01 4.397823411166034475e+02 1.882011850082906506e+02 7.046364957936923190e+01 2.994558671291517538e+00 2.284747301083635218e+00 1.814147043623617890e+02 9.676610509206301458e+01 1.381206927723211720e+03 1.438232890101294288e+03 0.000000000000000000e+00 7.039710471758071435e+02
6.180142337617272688e+02 3.215026627725840740e+02 0.000000000000000000e+00 9.743333662994428934e+00 0.000000000000000000e+00 3.871048707291758717e+01 9.350068556246638991e+02 2.291811559556092845e+02 1.883730649135580970e+00 1.638362253028348277e+03 4.609907504576881365e+01 1.546035620657532128e+01 1.122538711462963811e-03 0.000000000000000000e+00 4.338128066244092474e-04 5.547039302292557750e+01 3.251729405880725494e+02 3.262940183632979441e+00 4.876502776052905119e+02 4.975441848994261136e+02 2.825523702333857523e-01 3.262282772345187709e+02 4.923378424845169548e+02 3.146576009730182477e+00 7.274479961691347363e+00 2.704397316680675658e+02 5.723010436816405218e+02 7.012371367670731992e+00 1.399785469267092708e+02 2.552664008531665019e+01 2.844315678809812731e+00 1.472597705928054211e+03 1.099302647273523945e+02 1.344152203517131056e+03 1.776537743122405118e+03 9.012424986526609700e+02 7.137875869627821501e+00
9.984993785683955139e+02 6.227192245284426235e+02 1.593465925200355741e+03 3.490378219707096150e+02 1.086047712931158458e+02 9.144762541491061256e+02 3.807698517407258691e+02 2.988479611301012184e+01 9.341658402436861479e+02 1.212823588718712017e+03 1.172327516562275633e+02 8.531129926593830626e-02 2.345133106901789617e-03 0.000000000000000000e+00 1.738059205962110809e+01 2.495413836504405651e+02 1.692241077084467804e+02 5.028270556251427479e+02 1.998422285580338453e+01 7.196259699103292995e+00 1.059513192152856647e+02 7.343227022678827325e+02 7.582129668743672823e+01 0.000000000000000000e+00 7.389262978870488746e-03 2.236088411444640371e+02 2.872771738588115227e+02 1.071682317220947169e+02 3.136062431992960455e+02 9.907662667471701020e-06 4.283685630896726798e-02 4.338143597550985646e+02 3.695529322461513289e+01 1.136789134364985102e+03 6.486970033859212198e-03 9.790724274203060986e+02 6.727562414381453948e+01
