output/example_1/lateral_incision_000051.asc
nrows	75
cellsize	13.33333333
xllcorner	0
ncols	75
yllcorner	0
NODATA_value	-9999
[rows 17 to 33 of 75, columns 0 to 36 of 75]
0.000000000000000000e+00 0.000000000000000000e+00 1.590131542182353712e+02 3.463605898864975075e+01 1.075589678051214193e+01 1.056842081473517055e+03 3.839259028859027580e+02 2.883302321833150472e+02 7.874039384845162886e+02 1.556381578436108803e+00 1.634517372584267036e+02 3.465719110931925115e+02 3.514681661966367869e+02 1.727990367911045837e+02 5.302886467544045956e+01 5.075612366272304712e+02 6.421539165183328350e+02 6.438866514797297214e+02 6.462167819670553399e+02 4.623899061607801286e+01 4.022470959760242408e+02 4.685756685594731721e+02 2.156089337165576936e+01 1.458546769202177416e+02 7.114438619756326432e+01 1.496071168560530396e+01 4.142893414808129088e-02 5.911555326983418185e-05 4.241299189161695338e-04 7.579649164235831467e-04 0.000000000000000000e+00 4.912173222676742057e+01 3.028365330557670632e+02 1.553379648822022840e+00 1.267803050793104603e+03 3.133726223097267338e-01 1.334262062618049924e+02
0.000000000000000000e+00 1.513012032702583156e+03 5.811513198234271727e+01 1.260469999794087926e+03 6.887658915915508260e+02 1.084909301166755995e+03 4.516410466387367819e+02 1.233836460131900914e+01 7.094143443144532739e+02 0.000000000000000000e+00 8.739413556685690310e+02 1.398862790715727833e+01 1.245272024869690313e+03 1.090852210964319724e+00 9.862957654242654826e+01 2.679411823548553118e-01 1.036434630949341056e+02 8.166994875739715098e+02 2.849667665139941630e-01 8.052077768705549587e+00 0.000000000000000000e+00 0.000000000000000000e+00 7.712341387187783539e+02 1.588007015435229050e+03 8.514957540635176656e+02 8.856457483119891094e+01 9.642705547765631025e+01 1.232281731280704829e-03 0.000000000000000000e+00 0.000000000000000000e+00 6.168714244760641714e-04 1.649731946535339944e+01 1.452073434473969016e+01 7.651292433271815980e+02 1.312412754374969381e+03 0.000000000000000000e+00 7.364963542393951457e+01
0.000000000000000000e+00 2.348194461526599355e+02 6.563542369574523718e+02 2.693323136893587044e+00 3.922893599513573122e+02 6.663518269014047064e+02 2.349937391688491743e+02 4.023338292589740406e-01 9.139446331199983433e+02 1.140235405026136505e+03 0.000000000000000000e+00 2.356974675803745001e+01 7.187571620121090410e-01 3.559043352456833418e+02 1.098346025466161819e+02 1.117102981595618530e+03 5.154473843835113422e-01 7.542785440785428364e+01 5.530320971561593524e+02 4.651703615802901481e+02 0.000000000000000000e+00 1.626829084806513492e+03 1.260510323302471306e+03 2.467463736786091374e-03 1.487628017111498370e-03 4.663056062742496124e+02 4.187746347381964256e+02 1.998015948588242452e+02 1.618417016603041603e+01 1.368007289437228168e-03 5.099897762579991500e+00 6.884482577308696136e+02 6.141758168082480651e-01 2.324294305149072386e+02 3.439051298036782214e+02 5.562687067249087569e+00 1.672627163877029943e+01
0.000000000000000000e+00 8.377256333809166122e+00 1.127948279237401721e+03 9.194430281430575747e+01 1.189105733033147771e+03 3.965621342983819773e+02 0.000000000000000000e+00 5.478718184428140771e-03 3.316996409710205285e+02 1.906396814061049270e+02 6.751632996207653115e+00 3.223595061744513046e-01 8.134012445264414737e+02 3.861695275808013861e+01 1.165495627531525315e+03 3.256156656334475201e+02 4.156226140538488778e+01 1.280115740350950546e+03 9.420747442072830609e+02 1.417532139446064775e+03 1.447453384020172052e+03 2.579075498347000367e-05 1.409669263317755394e+02 1.129723752790950617e-06 6.432558676494138164e-05 2.886959330502630792e+02 7.479022042422352357e+00 6.639483059434927270e+01 1.276674554058825066e+02 1.003969794851539490e+02 6.840478515460969788e+01 1.272689857055465668e-01 8.855325341631510128e+02 5.814411675900530696e+01 2.316275350536401731e+02 2.283074756180938802e+00 1.277654479880676774e+02
0.000000000000000000e+00 1.636623992883291066e+03 2.197862129731455116e+00 4.147440444779721815e+02 2.282681068720528450e-01 1.774538064219371236e+01 0.000000000000000000e+00 1.055137685675305317e-04 6.635869673894542302e+02 6.493452734981108279e+02 1.869922017417156894e+02 8.207326352485077336e+01 1.537048708918369577e+01 2.200554491334368947e+02 1.285759458242098106e+02 8.549373667316739756e-01 5.340256206495930655e+02 1.352233665045112984e-02 0.000000000000000000e+00 0.000000000000000000e+00 1.155509915679850110e+03 4.296939414537432640e+02 2.750196179343300855e+02 7.167324119708463892e-02 2.531356802341380198e-03 7.983905117047077056e+02 5.072603075229150704e+02 3.228617549710272527e+01 1.262607026739214007e+03 1.681688405091036032e+01 2.056332281186476223e+02 6.568921952927448160e+01 5.468198910646859758e+02 2.950501761218290540e+02 1.340210451401235900e+02 9.670841323285437738e+02 1.185922049189520067e+03
0.000000000000000000e+00 1.186421011885783628e+03 1.463504024712220826e+03 7.218587113439512981e-01 1.773957028079709971e+03 1.535270086799525416e+03 2.041541599074745079e+02 4.487535576945651528e+00 8.118193317696138820e+02 9.918138206923836719e+01 7.667122239205690448e+01 3.392715399488521655e+01 1.855974360093382984e+03 7.680507691199710507e+02 2.231591853250382673e+00 4.791028369284469477e+02 2.326846315523178532e+02 3.003754000063096896e-01 1.715004412959063984e+03 1.230135068226145904e+03 4.950503687863024425e+02 8.298009228892364035e+02 9.579320733254126026e+02 1.410092966658395912e-06 2.029535699715255201e-03 5.253386253925140359e+00 1.175868111979079060e+02 5.788394849117470358e+02 2.976082777853682728e+02 1.026826640643180610e+02 7.508809522281687805e+02 4.429292156284060979e+02 7.858473557881370652e+02 1.540183547008830267e+01 9.336824699156501310e+02 6.473786935866769454e+02 0.000000000000000000e+00
0.000000000000000000e+00 4.183122053247206179e-03 1.539419218259759418e+03 1.000320752074795109e+03 0.000000000000000000e+00 1.659808182314523595e-01 4.900595941884880631e-04 0.000000000000000000e+00 8.126222540493083457e+00 2.675353614200815924e-05 8.154039362519407419e+00 1.060776730653623190e+03 1.788867913180885978e+02 2.863095098619154300e+01 1.294227981448040055e+03 1.176981590647504845e+03 1.607813426405973814e+03 1.093819815655263710e+03 2.561974650148604038e+00 4.654664460246355588e+02 6.284090612807092384e+02 2.270141026068782537e+02 2.269396134320714680e+02 1.419390768979587278e+02 2.311561229866238459e-07 3.013316050978029015e+00 8.855668923116090241e+01 9.255682899750499359e+01 7.000904135687494545e+01 1.022497038849415105e+02 1.142938574213125094e+03 0.000000000000000000e+00 3.901859406520345033e+02 4.231591643600354047e+01 1.437254482727967400e+02 6.007892611602502484e+02 3.161295337781765511e+02
0.000000000000000000e+00 6.001062278005575763e+02 4.048483378608136007e+01 4.332479298771417007e+02 7.720828223703388176e+02 1.694802190930288134e+03 2.563368388913074227e+02 4.887780389396192859e+00 4.854171418303736186e-06 0.000000000000000000e+00 0.000000000000000000e+00 4.585068165442059467e+02 4.052158013765952660e+01 1.011885259084191489e+03 0.000000000000000000e+00 0.000000000000000000e+00 3.609656368845790553e+02 8.856996781096688665e+02 4.460075920958652205e+02 6.363625060660336885e+01 4.420910637275530242e+00 4.057565531096825606e-01 1.472526668900467939e+03 7.609013677067630363e-06 3.979907288087054966e-09 0.000000000000000000e+00 1.153088583120814548e+01 2.285648498244255222e+02 3.664688932139677604e+02 1.160734481968751908e+02 4.880744966883113278e+01 3.471317904176968341e+02 1.314415394715774710e+03 7.263049008279455165e+01 7.106882703258572747e+02 1.076964606735130474e+03 5.692683733852419437e+01
0.000000000000000000e+00 0.000000000000000000e+00 1.739052801666187975e-01 0.000000000000000000e+00 4.897449409862086227e-04 0.000000000000000000e+00 4.297386881876798410e-05 2.025630444123343636e+02 0.000000000000000000e+00 2.156276312299513019e-06 2.534738549915601524e+01 5.443635655201042312e+00 0.000000000000000000e+00 1.107026331360812410e+00 1.482545022890795963e+03 1.372515119047486451e+03 3.638254336001381262e+01 6.615252256008338918e+02 1.337789103963061450e+02 6.973688312867294847e+00 4.188381042266842655e+02 1.013816775092223793e+03 1.657019252599777914e+01 0.000000000000000000e+00 0.000000000000000000e+00 7.561537285769301564e-06 0.000000000000000000e+00 1.501459486115213053e+02 2.485005452236322014e+02 7.350836943341626295e+00 4.832941784962036422e+02 5.417414694243901749e+02 1.184938678420115243e+00 7.851300018086028558e+02 1.131625475502706195e+03 3.712794634030809249e+01 8.519630714428294596e+02
0.000000000000000000e+00 6.063556390417229522e+02 4.065688871234016233e+01 0.000000000000000000e+00 9.701152420324700643e+01 9.383984244245202717e+02 8.201972694390110519e+02 6.115084042204607613e+02 1.430542417767954475e+03 7.237811799718457451e+02 0.000000000000000000e+00 0.000000000000000000e+00 8.594341316432559097e+01 5.029837286990233025e-01 1.540852823690887021e+02 9.947549291196967260e+02 7.598566883515442214e+02 3.706302083299425476e+01 1.079079541896517640e+03 1.787101275500884867e+02 3.122147292730478512e+02 5.949813488970699638e+01 2.730420661759476886e+01 1.062538296008277428e+01 1.063610876506931469e+01 3.282576694426667530e+01 4.666897915748330661e+02 1.045307436991392933e+03 2.448401864425029260e+02 1.056329397329535823e+03 1.572939128844911636e+02 1.564498188325350725e+01 1.037728899136749078e+03 1.497828511827172406e+03 1.092626692004631423e+03 1.187566035844828320e+03 1.314892442930542131e+02
0.000000000000000000e+00 3.967431862331580295e+00 1.555771772857337965e+01 1.633371534354529331e+01 5.576489297863216734e+02 7.206763570148501685e+01 2.636326514350537877e+02 4.444682386482061247e+02 2.748349419544288708e+02 5.835513691818509534e-05 0.000000000000000000e+00 0.000000000000000000e+00 1.246311927088161464e-01 1.630884240067785640e+03 1.127458655116663380e+02 1.489104449166885047e+01 4.238657904615603229e+02 4.330702744870418996e+02 9.108073729071614935e+02 1.928426459799853943e+00 8.496890434929651903e+00 1.666127985167701411e+02 8.182945850798763132e+00 3.648258524565790140e+01 2.904355096632503519e-02 2.858901555787612025e+01 2.844689507000399131e-01 1.307782576980658177e+03 7.151375595129270550e+02 2.054522212578918072e+02 4.867323566148677969e+02 8.642304340270175800e+00 1.165681559836205679e+03 4.935617815070741585e+02 9.684106959423767194e+02 4.546446347271960775e+01 5.817684291996089163e-01
0.000000000000000000e+00 7.837741322716705099e+02 3.328897712036992971e+02 1.187424710488475057e+03 3.536384598224301499e+02 1.096570515952103619e+01 9.201671613442110811e+02 6.956750697652000781e+02 9.018732613438052113e+02 6.785905217282510193e+02 6.502764530521391319e-05 1.162201700668698129e-01 4.994437071412178852e+00 5.371291531200813552e+02 7.948783175897209503e+02 4.860455516149655986e-01 3.929537188611121792e+02 4.990127861735220449e+02 3.763686911868679204e+02 1.067857988138220975e+02 2.722264122064117942e+02 1.235385935818304932e-04 0.000000000000000000e+00 1.514454259777376571e-09 3.065649625847506741e+02 1.176925968125894997e+03 1.021860488322481615e+03 2.216973014679831433e+00 1.103564713358118070e+03 0.000000000000000000e+00 1.339222345441201924e+03 6.424863979875375719e+00 2.122608794763906417e+02 1.155766684645287228e+02 9.619424831962743172e-03 6.089906304475257457e+02 1.986440802161655528e+00
0.000000000000000000e+00 7.010553309783770892e+00 2.661467802630092194e+00 1.079171887797936602e+00 0.000000000000000000e+00 1.109576444157683454e+03 5.504572659977934563e+02 0.000000000000000000e+00 3.165521435076379362e+02 2.927943797466969755e+01 1.531342337268912388e+02 1.707990329010317943e-01 1.907172412669230156e-06 1.554597685494568893e+01 1.274635499335235794e-03 9.487629527986358369e+01 1.056424836760285313e+00 5.580048881074168854e+00 0.000000000000000000e+00 7.777843742056915477e-02 0.000000000000000000e+00 2.618010263418760815e+02 0.000000000000000000e+00 1.629054750938703586e-04 2.365193129120728849e-02 4.189122666942319597e+02 1.104564581657996087e+03 3.843740871459638129e+02 1.858912222732222119e+02 1.417422778858125731e+00 1.248252839522809154e+03 1.196252777885667085e+00 4.366864568991192641e+01 1.058161429873965744e+03 2.424122552863530871e+02 7.824384727841560334e+02 2.729653698654255667e+00
0.000000000000000000e+00 5.348970120182651300e+01 7.108548421600382881e+02 1.745442241552822679e+03 0.000000000000000000e+00 1.470289255862789332e+03 2.070404699311346803e+02 1.693113558485834346e+03 1.501352801385527982e+03 1.610413298650962588e+01 4.284746911693605220e+00 0.000000000000000000e+00 2.610759689811112394e-02 1.488886324925627232e-03 0.000000000000000000e+00 5.649780255503132186e-04 0.000000000000000000e+00 0.000000000000000000e+00 8.230505631364922468e-05 0.000000000000000000e+00 7.880311128298959602e+02 3.466510698791541029e-02 9.185430106386121452e+02 1.428967934089264355e-02 1.106095672069981006e+01 2.608379158498886907e-01 0.000000000000000000e+00 6.957888842093874473e+02 1.486003536832635348e+02 5.682149311307041444e+02 4.977463233183095070e+01 2.834197213358826772e+01 1.734381267392157326e+02 6.697106593161308297e+01 0.000000000000000000e+00 8.142908249514982799e+01 0.000000000000000000e+00
0.000000000000000000e+00 0.000000000000000000e+00 1.175479139936833235e+03 4.271503159295151164e+01 1.861972038515035024e+02 1.135296277687280053e+02 3.163076862985238158e+00 8.216740163192039148e+00 1.484450299220406748e+02 8.692137339221408183e+02 4.259926867659667664e+02 4.828023764492479775e-02 2.304596224928711194e+02 3.830902850086862372e+02 9.632525926103206645e-06 6.729484812821326725e-04 0.000000000000000000e+00 0.000000000000000000e+00 1.179625760948119711e-04 0.000000000000000000e+00 9.376371214784260246e+02 4.967248088114704387e+02 2.746670770309127718e+01 3.230751570385472604e+01 2.588873823517367327e+02 1.829860973954191650e+01 2.961140233615403758e+02 4.872037089398493777e+02 1.114303932383430947e+03 6.150467964589494159e+02 5.473929358050699534e+01 6.029472355083712500e+02 1.576207699251593208e+00 5.270276206780441441e+01 1.040913617895454536e+03 3.754576561284445688e+02 5.691258149456036790e+02
0.000000000000000000e+00 1.741096648193951779e+01 5.460327814409561553e-03 6.016202822665663064e+01 2.166131475070123713e+01 6.715476167665200364e+02 1.272214396669431608e+03 5.862477359584383976e+02 2.361793516070864598e+02 8.019656149249578903e+02 0.000000000000000000e+00 1.931959696410490892e+02 7.798296523635921176e+02 3.139757005383408739e+00 2.467269555699793671e+02 1.024286959911238290e-03 1.764427162639023194e+01 4.280123455554146084e+00 6.501296129412122582e+02 3.254137192683901390e+02 6.403996454327310062e+01 1.459874525106046576e+03 3.566621296179317824e+02 3.427415455245220528e+02 1.163613076148003984e+03 1.172182299196355189e+02 1.180874088948147354e-05 6.878183643493703414e+01 2.405341600848957455e+02 2.581032768282458960e+02 1.164161983858646181e+03 0.000000000000000000e+00 1.270381174666748905e+02 0.000000000000000000e+00 7.552198788300080423e+02 3.735783189866623957e+02 5.616775108446420717e+01
0.000000000000000000e+00 1.401705338968541881e+00 1.094315946841921405e-02 2.501035103107051571e-01 1.350212226375192004e-01 1.502829148222218691e+03 1.089332784597507271e+03 1.473236237380048408e+02 2.986064460225910239e-02 8.389041400536215165e-03 0.000000000000000000e+00 1.472919910418198242e+03 3.882077126837515948e+02 1.290543561930723504e+00 0.000000000000000000e+00 9.391611032997999597e-01 1.475255130426451032e-02 6.526865930902082482e+02 1.449669388529686387e+02 2.224017966489866467e+02 2.444583732990827762e+00 6.360560346166746513e+02 3.334467898561148047e+01 1.534852893616219035e+03 4.496514078889126154e+02 4.132863286240672664e+02 2.497419469608351505e+02 5.209542836037390998e+02 1.208412598892779215e+03 5.432409095258568641e+02 1.407769102360158797e+02 6.476195815794493171e+01 9.511190642160549658e+01 3.111560677299395596e-09 2.052498090792955736e+02 3.861342511248240044e+02 3.312747767815123439e+02
