output/example_1/lateral_incision_000170.asc
nrows	75
cellsize	13.33333333
xllcorner	0
ncols	75
yllcorner	0
NODATA_value	-9999
[rows 34 to 50 of 75, columns 37 to 73 of 75]
1.415836850324923944e+03 0.000000000000000000e+00 4.791715781751562417e+02 2.607883030050044795e+02 1.801504695577731638e+02 2.590925146563332078e+02 3.677887164874901060e+01 2.104548002315706015e+02 3.398699748897396944e+01 7.627120479022308928e+02 6.678371787184211144e+02 3.490667552138754814e+01 1.598233315077620091e+03 1.543726020528930292e+02 3.088158328628999811e+02 0.000000000000000000e+00 0.000000000000000000e+00 3.068214120608487292e+02 2.556698345078304291e-01 1.114166162182945754e+03 8.586125802245379646e+02 2.421186899995026067e+02 3.623729365274514294e+02 4.920388811188419198e-01 4.355505866806190056e+02 6.580190989179353664e+02 1.779074211239180840e+02 5.091524776827267260e+02 3.728493459190152515e-01 9.601583402813271277e+02 1.537217272602375488e+03 1.035318600996834448e+03 1.856003629224803490e+03 5.852526974489586564e+02 2.649296401138594437e-01 1.031936434597995003e+03 4.388635975388236261e+02
3.058621897490666123e-07 6.915117983406965152e+01 1.329465495389845728e+03 1.248888086655792904e+03 5.668544184888289692e+02 1.571648431017813436e+02 6.446578635080540209e+01 5.463527383595697273e+01 7.687007286617121571e-02 8.881117207288468762e+02 3.891747064734407786e+02 8.915890059934365297e+01 1.777427039540152132e+00 1.286094754393687651e+02 6.228510844931882957e+02 3.654726389669940545e+02 1.921963900353255212e+02 5.714913580803773812e+02 3.858151167516733722e+02 2.505869096224216150e+02 8.492751183155390038e+01 6.045765841011274233e+00 5.438239726795675324e+02 6.854123438873991745e+02 0.000000000000000000e+00 1.376808409461858673e+03 3.663294699406173804e-01 1.315121329634500036e+01 0.000000000000000000e+00 1.760212859646969150e+02 1.183216365068417190e+03 1.278904044102959432e+02 5.084750524136257468e+02 1.449768165425125801e+02 9.729589798248401848e+02 0.000000000000000000e+00 3.179745261478744851e+02
6.580901492691551766e+02 2.903002763535648256e+01 4.707355868739059588e+02 2.443749972818259266e+02 1.128837819285550950e+02 4.731448087105113700e+02 9.951287996268521852e+01 6.654077431796409883e+02 2.387285341160144867e+02 1.987992888003781786e+02 1.122796008675880785e+03 3.748666326384234253e+02 2.254659762602408790e+01 1.608249010706420904e+03 6.333554243301698534e+02 5.004160860871816681e+02 3.216802796773018169e+00 3.439690438996179545e+00 2.321246045690661397e-01 1.520565217409534000e+02 6.101646199852723385e+02 2.100897713017866408e+02 6.025478930445369485e+01 5.827773865859102216e+02 7.731740519946959012e+02 5.848317797847085719e-02 4.080017651653135999e+02 2.750820177116059426e+02 0.000000000000000000e+00 4.447286627247744484e+00 8.526602057319141181e+01 1.400062289644714156e+03 7.458691708618172811e+01 7.933852332546846355e+02 1.377043596391006076e+03 3.431312967047783218e+02 3.815155549709085108e+02
3.319410059448706107e+01 9.281810292737603731e+02 3.324072252099955449e+02 1.107446611736771956e+03 2.118305123479509167e+00 3.686919606324444203e+02 4.558522592060343825e+00 2.147655740649291545e+01 3.303765608379465135e+01 2.098023474843980409e+02 7.771779607109559720e+02 7.954014461843322579e+02 7.929145786222807146e+01 3.972334060043487547e+00 1.040435994992238420e+03 6.970264822602814547e+02 2.435119783478594968e+01 1.171597856838574927e+02 4.973712069039939365e+02 4.501544188536009017e+00 3.613437675889828427e+01 1.335906943657469981e-01 1.348422965493034642e+00 1.258716319518810565e+02 0.000000000000000000e+00 7.583247085169006474e-02 1.599536232247442740e+03 1.192831946556708544e+03 4.686786410751849985e+02 1.586376508808217523e+03 6.445246071831587376e-01 1.236918441613352115e+02 4.570483003174145438e+02 3.039722818472969834e+02 3.808247219827990193e+02 7.492466728206686639e+02 1.303770512919635109e+02
1.147515896198211522e+03 8.055114061328922048e+00 1.261929458903666257e+00 3.900978957752475651e+01 1.065044313345516116e+02 1.549700513745424360e+03 5.644939922379636528e+02 9.243568509676844513e+00 8.139376719279590633e-06 5.494081982427379671e+02 1.161822102182527715e+03 7.112634806124675606e+02 1.407527007850451071e+02 8.165856100074951200e+02 5.152307472664631183e-01 1.618402458141495686e+02 7.704137422532958226e+02 1.681183623252240125e+02 8.852839795941065404e+01 0.000000000000000000e+00 3.322117624009112813e+00 4.770329312750935458e+01 8.278060685730600881e+02 3.308332505125343346e+02 1.316517204778311907e+02 2.341376997723823017e-01 4.000428549738472839e+02 3.657972831321624341e+01 6.099374159368347819e+02 1.065495600729241914e+03 8.486568365867486818e+02 6.262433095814738948e+01 5.653906081842022147e+00 1.082866173454691989e+03 6.251904274502239787e+02 4.576490448714244508e+02 3.743092760352283221e+01
4.186310683483625894e+00 1.515161962244469578e+02 1.115881132478056315e+03 1.470687974047478292e+03 1.946494608092298790e+02 2.410589930602425657e+00 1.146846271930013188e+02 0.000000000000000000e+00 7.563021605143268289e+02 6.508973055931752683e-01 4.249832600270777334e+02 2.802426000018590457e+02 7.688632725391611302e+02 1.263806948381469965e+03 5.884101526829937256e+02 1.158610411536860283e+03 8.971661539437664201e-01 1.303974692039457750e+02 1.103395460519776179e+03 4.290511161001115958e+00 1.889189927769039556e+01 5.835945586972755450e+01 0.000000000000000000e+00 1.518849122684650183e+03 2.294630344404248490e+01 5.668689655037405828e+02 1.113159016399539269e+03 9.428551282556685464e+01 4.543300481617231412e+02 1.600772351164817451e+02 1.987029490974536827e+02 8.553583713396669452e+00 1.173285246860451025e+03 1.229464836702108869e+03 1.210271656119668915e+00 3.826456837598515222e+02 1.759428720044133172e+02
1.330741205111802856e+03 1.784948617949707170e+02 4.768216414301661530e+02 3.350179559848193662e+02 6.676529090503354382e+02 4.066666334544466963e+02 5.260444572208490399e+02 3.974177542008589512e+02 2.271594511947682520e+02 0.000000000000000000e+00 1.606166603148187505e+03 3.370883894212560676e+02 1.253605869396808572e+02 2.341365231807048133e+02 2.151004528988071343e+02 6.981813456682074275e+02 8.505583125868730576e+02 3.180184966092477250e+00 1.201524159023181483e+03 0.000000000000000000e+00 4.070306310659176461e+02 7.026284408617676718e+02 2.301087539170935941e+02 1.485254624873741314e+01 1.238118210416463967e+02 7.093260889237316178e+02 3.264868464207327179e+02 4.181327606327684521e+02 4.163847432689840957e+02 9.500422599415429659e+00 5.074793284940416243e+02 4.409497526108201555e+02 5.121643462870591890e+01 0.000000000000000000e+00 4.652973551221306536e+01 5.412029928837738453e+02 8.835253893965576708e+02
0.000000000000000000e+00 7.386985408154860124e+02 1.125573219911708975e+03 3.853377213237731098e+02 3.607445761145825713e+02 0.000000000000000000e+00 5.091144151557190156e+01 2.201482561338887312e+00 0.000000000000000000e+00 1.599622356318432139e+02 2.015997853643836493e+02 1.551557577106234431e+00 0.000000000000000000e+00 0.000000000000000000e+00 4.550858550642157070e+02 1.042584277615580504e+03 1.095240157150225571e+02 7.103136495422349981e+02 4.813897632480143685e+00 1.006582904814307312e+03 3.573718187217602349e+02 1.294896390552014736e+03 0.000000000000000000e+00 6.699914451898122252e+02 1.270355777846139745e+03 1.489874775568394227e+02 1.360601654524813057e+03 3.353921971741528552e+01 0.000000000000000000e+00 3.252848298290813887e+02 6.569265659776841630e+02 6.921696913592875262e+02 3.697238638499482590e+02 1.716884784730525269e+02 1.500894792906801740e+03 1.642949034684813796e+02 6.066940240217967357e+02
1.983404671109063599e+02 1.133504703181651934e+02 8.075415693757797726e+02 5.327743548799287510e+02 3.441287172334509847e+01 8.535644569879887058e+02 1.089872796995299495e+03 1.203154833141860820e+02 5.505087955269315714e+00 6.326663164934684573e+02 1.035650938191716023e+03 3.497614452526529027e-01 6.798506478377257167e+01 8.351983512023563208e+02 4.766163006435848501e+02 0.000000000000000000e+00 5.400161099529660760e+02 1.648912603817625040e+03 7.363114622293935554e+02 6.924047676039144505e+01 2.073697951404171818e+02 8.809577266431518865e+02 1.604934063859454341e+01 1.425998085022564055e+03 1.218070530667785079e+01 1.293840215742779264e+03 1.689398537259544355e+02 1.357625860970121892e+02 6.959036868510301233e+00 5.495584121710130603e+02 7.882328489430219520e-02 5.502017427320585057e+02 1.220008058938906515e+03 4.332527478537091525e+00 3.709691416685449212e+02 1.184898675118378151e+03 6.980934206577511514e-01
3.536508037088091072e+01 1.287697151189910016e+02 2.471559692239584649e+01 9.294561853434848899e+02 1.996481128499733160e+01 0.000000000000000000e+00 0.000000000000000000e+00 1.491423537559930992e+02 0.000000000000000000e+00 1.399578430686621004e+03 1.631802061854041597e+02 7.182779173524144198e+02 5.260392966560103645e+01 7.986889705730412237e-01 4.882896447285003205e+02 1.117513241525448962e+02 9.355784995466525515e+02 5.310749382752710517e+02 7.695951495118763432e+02 6.931076647901481920e+02 8.451248461901224118e+01 2.421571480949745236e+01 5.502322093904123221e+02 1.646230462506362642e+02 0.000000000000000000e+00 1.055715434597342210e+03 6.409963477732163710e+02 1.383220894627369690e-01 7.855884584389497149e+01 6.703030102160823844e+01 8.945419681656991973e-01 1.499934619369181803e+02 1.383185348840477673e+03 6.063447639607284145e+01 9.808544787210066715e+02 4.769349433992374543e+01 0.000000000000000000e+00
3.506263269824130901e+01 1.414671494314531401e+03 2.079728957198972239e+02 8.066673676949949368e+01 2.112680343931557161e+02 1.094244854453531161e+03 0.000000000000000000e+00 6.568060364525358636e+02 6.476515585715776524e+02 1.457473455142673480e+01 6.543134115574561349e+01 1.900538107215813852e+02 5.338410314207002330e+02 3.869982213439162706e+02 0.000000000000000000e+00 1.942901184228640261e+02 1.868928663169049642e+01 0.000000000000000000e+00 6.538994786880950869e+02 1.163081302868900593e+03 1.232176084748483845e+03 1.676731508823813854e+01 5.598326026696330473e+02 7.473894521459918678e+02 1.190191232881865488e+02 2.114858460348594633e+02 7.594645909170910727e+02 1.043475178145333530e+03 2.964109316215195236e+02 6.356682788693716901e+01 4.830643450428048169e+01 1.595976196568058558e-01 3.610046110001106854e+02 3.211623652520514156e+02 1.620422795062737364e+01 8.580956919324987666e+02 0.000000000000000000e+00
0.000000000000000000e+00 4.326424876948976816e+00 6.174404601610951886e+02 1.238239366756645268e+03 5.944406301516177438e-01 8.359436491218439187e+02 2.518573259247278706e-01 1.270126183591892328e+02 9.344138269753161694e+02 1.230293437007833063e+03 0.000000000000000000e+00 4.073573512525068452e+01 1.574171099872891944e+02 4.527015440290403490e+02 3.807025584507356939e+02 3.646295624055796480e+01 4.857291479942029468e+02 2.264837755344999426e+00 1.087721173613068004e+03 1.208984041952065525e+02 1.111005746857595113e+03 2.446886245804885451e+00 9.495107464068040599e+02 3.372263468630986267e+02 1.376892933369784657e+02 4.231985831986002609e+02 6.767738290286672509e+02 6.506925685363607954e+02 1.552745708738682673e+00 9.296627701992036918e+02 8.576764171026953321e+00 0.000000000000000000e+00 1.750484570912657603e+02 2.505039575249514883e+02 2.120612414114257547e+02 2.823907271604761036e+02 3.690949522893690755e+02
5.655526664388952440e+02 1.573421348184951967e+03 9.355983678595680431e+02 0.000000000000000000e+00 1.462215898184054907e+01 8.364689260119112078e+02 9.720922172250243687e-01 1.005786867557655683e+03 0.000000000000000000e+00 6.521723228741050207e+02 5.922569254070257330e+02 1.213441829205479507e+03 2.053270632090727688e+01 6.210471526323173208e+01 6.327253346379540844e+00 7.388198514931879117e+02 2.646517021291079175e+01 0.000000000000000000e+00 3.672591654138523722e+02 1.115682640205097869e+02 1.764042528770794718e+02 7.335309607393769582e+00 5.354463262656571487e+02 3.703667652758615532e+02 1.516444492049074597e+02 9.942805874593328781e+02 6.814603115124301667e+02 5.494964350717100388e+02 2.617248632868384561e+02 8.293660555744478415e+02 4.194765621913781501e+02 2.146917238470154814e+02 4.886319032737650332e+02 8.669599352761301816e+02 2.731409800789466544e+02 3.752952657749357854e+02 3.439504555845797995e+02
3.819635160236655906e+02 8.687847073366350514e+02 3.626744681407743087e+01 0.000000000000000000e+00 1.874015632813595573e+02 1.152686585274559690e+02 3.562569563190235158e+02 2.138455452833233394e+01 8.428452360035707898e+02 1.889147133176217608e+02 7.841742367766761390e+02 2.792450669848420262e+02 2.682616942597098930e+00 3.524119829759452500e+02 4.003896756580079455e+02 6.972443774168485264e-01 0.000000000000000000e+00 7.930160211273441746e+02 5.949420140876134155e+02 2.575079582488859273e+02 1.384818692779808998e+03 1.356800449574006784e+01 1.437705513558272742e+03 1.195281460135292491e+03 1.159960317939404149e+03 1.806185547636398780e+01 1.909164240880454599e+01 1.168323527638688830e+02 2.451747519424643862e+00 4.293635705772964570e+02 2.900664265322251367e+02 1.697648990518572418e+02 1.814394109713541070e+02 0.000000000000000000e+00 1.449902109042799339e+03 6.895354586043985137e+02 1.561669801281071024e+01
0.000000000000000000e+00 7.484435362314118265e+02 1.445419275802501261e+03 0.000000000000000000e+00 1.321623756848763605e+03 6.297091242883010409e+02 2.266383933405140549e+00 6.301686019985028224e+02 4.125490519358669417e+02 9.618852540670994813e+02 3.721451209466588352e+02 5.134648405084853948e+02 1.606622320013975695e+02 8.411586638033378449e+02 1.306582627837220343e+03 6.759721185106646146e+01 1.580947763311423557e+02 2.350545429040885315e-01 8.927036455877653225e+02 5.854034726161188473e+02 1.331887025394116222e+02 2.210527260267530547e+00 1.516689125695390032e+02 1.588796823620720488e+03 1.682881092898900477e-01 4.719021237283355390e+02 7.455221002967033428e+02 3.331055680749624344e+02 3.772923663910913206e+02 9.026753063563481874e+02 1.350411939719200518e+02 1.055696576588901053e+03 1.080081714085937961e+02 6.429148415884884571e+01 2.108901104480834192e+02 1.433110640508504332e+02 1.170960444506807107e+03
3.114854014782573732e-01 6.405976540465997005e+02 0.000000000000000000e+00 2.071645941927781678e+02 1.245191773805523781e+03 5.329933572350054192e+02 2.916893813189347373e+00 9.280932177540739758e+02 4.136460706478914062e+00 1.318487801930208661e+03 8.445837614529299344e+02 1.227755088268939261e+02 1.463427641337990508e+03 1.693256382292741691e+01 1.185919919862293975e-01 0.000000000000000000e+00 9.051997895238467606e+01 7.610118928160906080e+02 1.521549510782593275e-04 1.147912128248199224e+03 5.582323964562350511e+02 1.349072050880700679e+01 6.818871106156509541e+02 7.664156483106539852e+00 4.369082620274814417e+02 1.245243323535944668e+01 4.465116965193601573e+02 2.086548224133655083e+02 2.435004491146226258e+02 0.000000000000000000e+00 7.888157349774475335e+01 1.228995716744788069e+03 4.567112899636797465e+02 1.542469822027991313e+03 1.554391844999588557e+02 0.000000000000000000e+00 3.300284726931253658e+02
1.297409240027387341e+03 3.973537971647986922e+01 4.655553593904058971e+02 1.047696238508551403e+02 1.538041270941465939e+02 8.670417586948249777e+01 9.384836843429333157e+02 1.612092658680653301e+02 1.057772972259520657e+03 5.134735785491171782e+02 1.544826719798867316e+03 1.548153648020685523e+03 9.223317765041436078e-02 5.004620436624084050e+02 8.551118536955700122e+00 4.784427866225167918e+02 0.000000000000000000e+00 1.236888685198561006e+03 1.625974781328557413e+02 3.224214083948422171e+02 1.045673950558849583e+03 3.969397230684251987e+00 7.100225188369455509e+02 1.223506359764146282e+03 6.250881061525943494e+01 7.517546978230269588e+02 2.667479454293565482e+02 3.350600582606267608e+01 5.858858985964728845e+02 6.258887167572594024e+01 2.885012853953196199e+01 1.472271028665796564e+02 8.579091139224664175e+02 1.719281562936824415e+01 1.092890889004467454e+03 1.330915650807222050e+02 3.353705290217637298e+02
