output/example_1/lateral_incision_000046.asc
nrows	75
cellsize	13.33333333
xllcorner	0
ncols	75
yllcorner	0
NODATA_value	-9999
[rows 17 to 33 of 75, columns 0 to 36 of 75]
0.000000000000000000e+00 0.000000000000000000e+00 1.590131542182353712e+02 3.463605898864975075e+01 1.075589678051214193e+01 1.056842081473517055e+03 3.839259028859027580e+02 2.883302321833150472e+02 7.843957811505454174e+02 1.556381578436108803e+00 8.104926825960652081e+01 2.613852233443685122e+02 2.894625421612488481e+01 4.449256376908869584e+02 1.152516023537374849e+03 1.002205112712231738e+02 9.702896946350479084e+02 1.079827003710325243e+03 2.266178859468200812e+02 4.267166268932722915e+02 2.337130537902765752e+02 1.197482987622789068e+02 6.086218949855863869e+00 1.190949042931011519e+02 2.528031695604425622e+01 3.307101410618075166e-01 2.319746744378962900e-04 5.911555326983418185e-05 4.241299189161695338e-04 7.579649164235831467e-04 0.000000000000000000e+00 4.912173222676742057e+01 3.028365330557670632e+02 1.553379648822022840e+00 1.267803050793104603e+03 3.133726223097267338e-01 1.002352567373279015e+02
0.000000000000000000e+00 1.463638686691812154e+03 5.811513198234271727e+01 9.807926506506207716e+02 6.794078369875009002e+02 1.079211128085517657e+03 4.516410466387367819e+02 1.233836460131900914e+01 7.094143443144532739e+02 0.000000000000000000e+00 8.739413556685690310e+02 1.112067031575586043e+03 8.940930759322359336e+02 0.000000000000000000e+00 2.176179409682836479e+02 8.230958654221601591e+02 9.762494369075539469e-01 1.437833037612097314e+03 2.664825122878507386e+02 8.283472557640830303e+01 3.284791639832113930e+01 0.000000000000000000e+00 5.399247475895157322e+02 1.148664787965996084e+03 5.690288422338435339e+02 6.291834561363520706e+00 9.642705547765631025e+01 1.232281731280704829e-03 0.000000000000000000e+00 0.000000000000000000e+00 6.168714244760641714e-04 1.649731946535339944e+01 1.452073434473969016e+01 7.651292433271815980e+02 1.312412754374969381e+03 0.000000000000000000e+00 7.364963542393951457e+01
0.000000000000000000e+00 2.348194461526599355e+02 6.560511017094848967e+02 1.583039230763125943e+03 3.920417508627839993e+02 5.520988879769406594e+02 2.349937391688491743e+02 4.023338292589740406e-01 9.139446331199983433e+02 1.139784489779787691e+03 1.390615314770970372e+03 7.870465487582525732e+00 7.187571620121090410e-01 1.621302962689887295e+02 1.275352181679445948e+03 1.296205947935339509e+03 2.792838045215420379e+02 0.000000000000000000e+00 2.558031970746464765e+02 1.793629861021595673e+02 1.184468047299858569e+02 1.320058659377699541e+03 1.095236003158724998e+03 2.467463736786091374e-03 1.487628017111498370e-03 4.663056062742496124e+02 4.187746347381964256e+02 1.998015948588242452e+02 1.618417016603041603e+01 1.368007289437228168e-03 5.099897762579991500e+00 6.884482577308696136e+02 6.141758168082480651e-01 1.830883059067344050e+02 3.439051298036782214e+02 5.562687067249087569e+00 1.672627163877029943e+01
0.000000000000000000e+00 8.377256333809166122e+00 5.856376662345298882e+02 9.110832413648410011e+01 8.995816987023855518e+02 3.578432015800511294e+02 0.000000000000000000e+00 5.478718184428140771e-03 3.316996409710205285e+02 1.852743786367700523e+02 4.739663662191312410e-01 1.393006864821051977e+03 7.314075921452473494e+02 2.211764868372150161e+01 1.161189352983624531e+03 1.484071777573579993e+03 0.000000000000000000e+00 6.304867589233665512e+02 9.196302460845588485e+02 1.417532139446064775e+03 1.350084563157086222e+03 2.579075498347000367e-05 1.409669263317755394e+02 1.129723752790950617e-06 6.432558676494138164e-05 2.886959330502630792e+02 7.479022042422352357e+00 4.054720685191641394e+01 6.678700653285848432e+01 7.629331812268675606e+01 6.840478515460969788e+01 1.272689857055465668e-01 7.963487152076687607e+02 2.373186790798751389e+01 4.914063300247752863e+01 2.283074756180938802e+00 1.277654479880676774e+02
0.000000000000000000e+00 1.289002598796081202e+03 2.197862129731455116e+00 5.853489149639256794e+01 2.282681068720528450e-01 1.201320475120396658e+01 0.000000000000000000e+00 1.055137685675305317e-04 6.635869673894542302e+02 6.493452734981108279e+02 1.619776901748449234e+02 5.310322316289420641e+00 4.971311295693312537e+00 1.616201678500163780e+03 1.362505603863656006e+03 0.000000000000000000e+00 4.588399100813094122e+01 1.406055239478677549e+03 7.939407119134207278e+02 0.000000000000000000e+00 1.155509915679850110e+03 4.208227798637522596e+02 2.693098222397266568e+02 7.167324119708463892e-02 2.531356802341380198e-03 7.983905117047077056e+02 4.686975211902177989e+02 3.228617549710272527e+01 1.159345086895746590e+03 1.524033153800017999e+03 1.553902689825658285e+02 5.220941636654497131e+01 3.167959776607098092e+02 2.793780742038090352e+02 9.029319199565209146e+02 9.669026308827440062e+02 1.185922049189520067e+03
0.000000000000000000e+00 5.748839442753004505e+02 1.289971103333919473e+03 7.218587113439512981e-01 1.633018483279205611e+03 1.216650279503968250e+03 2.530262484702505432e+01 6.728595365242300286e-01 8.118193317696138820e+02 9.918138206923836719e+01 7.667122239205690448e+01 3.392715399488521655e+01 1.301204454063200274e+03 4.579958959670575496e+02 1.619248296572591395e+00 1.012607362171394101e+02 1.254529349385885325e+03 0.000000000000000000e+00 9.315425289031068132e+02 5.702622930603710074e+02 4.950503687863024425e+02 7.084525323801733521e+02 7.319337960623989829e+02 1.410092966658395912e-06 2.029535699715255201e-03 5.253386253925140359e+00 6.053717031418540273e+01 4.472853512550730670e+02 1.153572202953444759e+00 3.971056951051901933e+02 6.664583717432252570e+02 4.084786431107245903e+02 3.034848385463035356e+02 4.729551167336394357e+00 5.580967116078460322e+02 6.473786935866769454e+02 0.000000000000000000e+00
0.000000000000000000e+00 4.183122053247206179e-03 1.539419218259759418e+03 8.778572217542325689e+02 0.000000000000000000e+00 1.659808182314523595e-01 4.900595941884880631e-04 0.000000000000000000e+00 8.126222540493083457e+00 2.675353614200815924e-05 8.154039362519407419e+00 7.575421496309209033e+02 2.681480984367220799e+01 2.863095098619154300e+01 9.892492961220287953e+02 5.536232431981479749e+02 1.036040328882632821e+03 5.819176032241812209e+02 1.711510235936566815e+00 2.138611893295871980e+01 4.836742030126615646e+02 2.165612163798643053e+02 2.269396134320714680e+02 9.203115987871370862e+01 2.311561229866238459e-07 3.013316050978029015e+00 8.855668923116090241e+01 8.957630254800639591e+01 1.060858701158328358e+03 5.292837349307313843e+01 7.740806964254265949e+02 1.380837755031242295e+03 1.200287147242486981e+03 2.081288610244016013e+01 5.638574058967420797e+02 6.007892611602502484e+02 3.161295337781765511e+02
0.000000000000000000e+00 5.403408877019455758e+02 3.632757800067322762e+01 4.332479298771417007e+02 7.536813641433246858e+02 1.376991307243010851e+03 3.444411105813635743e+01 6.522416471008886107e-01 4.854171418303736186e-06 0.000000000000000000e+00 0.000000000000000000e+00 4.585068163130303560e+02 2.812877642264476119e+00 7.545691084306960192e+02 1.917152538841543219e+03 0.000000000000000000e+00 3.609656368845790553e+02 3.496416864357627787e+02 5.187852404855728139e+01 1.563883412499144015e+03 4.410867151698574844e+02 1.526424047251161255e+03 1.215822783523872204e+03 7.609013677067630363e-06 3.979907288087054966e-09 0.000000000000000000e+00 1.153088583120814548e+01 1.949203706011467716e+02 1.621077180972881024e+03 2.591665922972256908e+01 8.332096152125143362e+02 1.005365233957099576e+03 1.022916765637021513e+03 3.043975039800497129e+01 6.737123968656684383e+02 1.076964606735130474e+03 5.692683733852419437e+01
0.000000000000000000e+00 0.000000000000000000e+00 1.739052801666187975e-01 0.000000000000000000e+00 4.897449409862086227e-04 0.000000000000000000e+00 4.297386881876798410e-05 1.530116975118335176e+02 0.000000000000000000e+00 2.156276312299513019e-06 2.534738549915601524e+01 1.054376452504619088e+00 0.000000000000000000e+00 0.000000000000000000e+00 1.270225714238434875e+03 1.372515119047486451e+03 3.638254336001381262e+01 6.172293568575889822e+02 3.834327325554352939e+01 1.796553977089104137e+02 3.824892251340047977e+01 9.740051026981499263e+02 1.657019252599777914e+01 0.000000000000000000e+00 0.000000000000000000e+00 7.561537285769301564e-06 0.000000000000000000e+00 1.501459486115213053e+02 1.968568401594403952e+02 1.439470525423440783e+00 5.565619134865060857e+01 1.530049719281202897e+03 1.122032635396476991e-01 5.034996875827986855e+02 1.090033126301048924e+03 3.712794634030809249e+01 8.519630714428294596e+02
0.000000000000000000e+00 5.465202156352382872e+02 3.677301810825568396e+01 0.000000000000000000e+00 9.701152420324700643e+01 5.988476945519669243e+02 7.242660294726650818e+02 5.544488571749772063e+02 1.103098687203430927e+03 5.288387889608160322e+02 0.000000000000000000e+00 0.000000000000000000e+00 9.730224520128588628e-01 1.397297562704466600e+03 1.119998124714004888e+02 8.361863090031811225e+02 7.598566883515442214e+02 3.706302083299425476e+01 9.242854957914753413e+02 5.587319953896965785e+01 2.785883685551901578e+01 1.151373017102642393e+01 2.730420661759476886e+01 1.062538296008277428e+01 1.063610876506931469e+01 3.282576694426667530e+01 4.176106876989617263e+02 8.547695583108294386e+02 2.283216501340502589e+02 7.041249142405114299e+02 4.487522655550887407e+01 3.907096426931249056e+01 6.415955248151276464e+02 1.047305632739564771e+03 1.092626692004631423e+03 1.187566035844828320e+03 1.314892442930542131e+02
0.000000000000000000e+00 3.967431862331580295e+00 1.555771772857337965e+01 1.633371534354529331e+01 6.158413912994367223e+01 1.598051431347997550e+03 2.610161332278896111e+02 3.304568115203391017e+02 2.748349419544288708e+02 5.835513691818509534e-05 0.000000000000000000e+00 0.000000000000000000e+00 1.246311927088161464e-01 1.213706458717062105e+03 1.123221626228410770e+02 1.356221903909407047e+03 4.238258055294414817e+02 4.330702744870418996e+02 8.192976146151835337e+02 1.604987732514053800e-01 1.473453520513122839e+03 1.606373021357350979e+02 8.182945850798763132e+00 3.648258524565790140e+01 2.904355096632503519e-02 2.286504781618195992e+01 2.844689507000399131e-01 1.159712004106471795e+03 7.151375595129270550e+02 2.051601917993948803e+02 3.411612959518320167e+02 2.644958080520343757e-01 1.733386771839932408e+03 4.199264194897903053e+02 8.202506945722298042e+02 4.546446347271960775e+01 5.817684291996089163e-01
0.000000000000000000e+00 7.328421421935885292e+02 8.231295143117730504e+02 4.987895590128769641e+02 4.751524638113877330e+01 9.754310096531053631e+00 6.461401040386449495e+02 3.970648417900787877e+02 8.128810415289779030e+02 5.173878430193844906e+02 6.502764530521391319e-05 1.162201700668698129e-01 4.994437071412178852e+00 5.371291531200813552e+02 7.071910991456226157e+02 0.000000000000000000e+00 3.929537188611121792e+02 4.984402184761470949e+02 3.763686911868679204e+02 5.070699046775495589e+01 2.719873905643209469e+02 1.235385935818304932e-04 0.000000000000000000e+00 1.514454259777376571e-09 3.065649625847506741e+02 1.133911860337248299e+03 8.632429939046506888e+02 2.196811462331020426e+00 8.271541638464141215e+02 1.391374667910776225e+03 9.269624171073868411e+02 0.000000000000000000e+00 9.098194414384021229e+02 1.155766684645287228e+02 9.619424831962743172e-03 5.759733399880001343e+02 1.986440802161655528e+00
0.000000000000000000e+00 1.565103498939938845e+03 1.357090946138747768e+03 5.996118691765413289e-02 0.000000000000000000e+00 8.247125067750079097e+02 6.158413912994367223e+01 0.000000000000000000e+00 3.165521435076379362e+02 2.087520870890304536e+01 1.480011660971759966e+02 1.707990329010317943e-01 1.907172412669230156e-06 1.554597685494568893e+01 1.274635499335235794e-03 9.487629527986358369e+01 1.056424836760285313e+00 5.580048881074168854e+00 0.000000000000000000e+00 7.777843742056915477e-02 0.000000000000000000e+00 2.618010263418760815e+02 0.000000000000000000e+00 1.629054750938703586e-04 2.365193129120728849e-02 4.189122666942319597e+02 1.104564581657996087e+03 2.411085498264340572e+02 1.856524264151294688e+02 1.521190152374936588e+03 4.497682938516105651e+02 5.955976570590689079e+01 2.701567231714319064e+02 7.833797990252893442e+02 1.683389805799174155e+03 7.727774907478057003e+02 2.729653698654255667e+00
0.000000000000000000e+00 1.824785194589033897e-03 1.843628189955177910e-02 9.133894189919358269e+02 0.000000000000000000e+00 1.223385234304348160e+03 1.150978136708872626e+03 1.210262586372220085e+03 1.099236305911215595e+03 1.215417807463652444e+01 4.284746911693605220e+00 0.000000000000000000e+00 2.610759689811112394e-02 1.488886324925627232e-03 0.000000000000000000e+00 5.649780255503132186e-04 0.000000000000000000e+00 0.000000000000000000e+00 8.230505631364922468e-05 0.000000000000000000e+00 7.880311128298959602e+02 3.466510698791541029e-02 8.836340223973675165e+02 1.428967934089264355e-02 7.212261792413511508e+00 2.608379158498886907e-01 0.000000000000000000e+00 4.749796979029851514e+02 1.188249214847197663e+03 8.572060771068461094e+00 4.321613931469118342e+01 3.254228208767172248e+01 8.379953245181333443e+01 6.697106593161308297e+01 0.000000000000000000e+00 8.142908249514982799e+01 0.000000000000000000e+00
0.000000000000000000e+00 1.208930511359636512e+03 8.832569663026894204e+02 4.179351235502665673e+01 1.725581676020425675e+03 1.089097276063122877e+02 2.094125203466073337e+00 8.216740163192039148e+00 1.472288102990834204e+02 7.243990296182998918e+02 3.641657710634686964e+02 4.828023764492479775e-02 2.304596224928711194e+02 3.318984724210523609e+02 9.632525926103206645e-06 6.729484812821326725e-04 0.000000000000000000e+00 0.000000000000000000e+00 1.179625760948119711e-04 0.000000000000000000e+00 9.354889038179202316e+02 4.857853452365978910e+02 1.598776654390451540e+03 5.358125472000634382e-01 1.720737559044985687e+02 1.829860973954191650e+01 2.961140233615403758e+02 2.927721925255270321e+02 1.023431433386398453e+03 1.017800344157709105e+03 2.689376286085475840e+02 4.700012403904523950e+01 4.370947019377014158e+02 1.237908246469103979e+01 9.494275957105095358e+02 3.669962440099184846e+02 5.691258149456036790e+02
0.000000000000000000e+00 1.336084267392751812e+01 5.460327814409561553e-03 6.016202822665663064e+01 1.951279829200702807e+03 6.177591935424890153e+02 8.900558684827112756e+02 1.062684797488802673e+02 1.728741980611840972e+03 7.978410984294376931e+02 0.000000000000000000e+00 1.931959696410490892e+02 7.757467830258885897e+02 3.139753998608294072e+00 1.685432011314905765e+02 1.024286959911238290e-03 1.284988529731509210e+01 4.280123455554146084e+00 5.571989566868115844e+02 3.122679082293677197e+02 2.735859804403371243e+01 1.250152024199908965e+03 2.469244785270817033e+02 6.848272708177590573e+01 1.109042676662400936e+03 1.172182299196355189e+02 1.180874088948147354e-05 6.878183643493703414e+01 2.121945396281600722e+02 2.688940806225746201e+02 2.021559367113377093e+01 9.555607138611160281e+02 7.011218048840844403e+02 7.098510151659926350e+02 7.552198788300080423e+02 3.735783189866623957e+02 5.616775108446420717e+01
0.000000000000000000e+00 1.401705338968541881e+00 1.094315946841921405e-02 2.501035103107051571e-01 1.350212226375192004e-01 1.502829148222218691e+03 1.089332784597507271e+03 1.473236237380048408e+02 2.986064460225910239e-02 8.389041400536215165e-03 0.000000000000000000e+00 1.472919910418198242e+03 1.556041697402038153e+02 1.290543561930723504e+00 0.000000000000000000e+00 0.000000000000000000e+00 1.475255130426451032e-02 5.935117632327168167e+02 1.338920918833606493e+02 9.805084156644984716e+01 1.068387937618780597e+03 1.215764357993372045e+02 2.218385480309453595e+00 1.351285469026052851e+03 4.496514078889126154e+02 4.132863286240672664e+02 2.497419469608351505e+02 3.327934012227232756e+02 9.426124366136035633e+02 2.214940877126866212e+02 5.569977589499528925e+00 3.695646163340259704e+02 9.716374865689399485e+02 0.000000000000000000e+00 1.217279827101459233e+02 3.861342511248240044e+02 3.283040877981237600e+02
