output/example_1/lateral_incision_000256.asc
nrows	75
cellsize	13.33333333
xllcorner	0
ncols	75
yllcorner	0
NODATA_value	-9999
[rows 34 to 50 of 75, columns 0 to 36 of 75]
0.000000000000000000e+00 5.195405725011704590e+02 0.000000000000000000e+00 5.368026108850276614e+02 8.714326045594661991e+02 6.099583719641777861e+02 8.009480295380589041e+02 3.542500887684391273e+02 7.350635373786278706e+02 4.214210701706234019e+00 4.443969281917421199e+02 5.181403932388210478e+02 1.244204819945098563e+02 6.286744381521231873e+01 5.478940984195305646e+02 1.156088028747435828e+03 1.129466112012250711e+01 7.606285996043014848e+02 7.130058423962204870e+02 1.650357943079259485e+03 9.804479584243873092e+01 1.108795367004707032e+03 9.404516152800566431e+01 3.677016383974194014e+02 9.796512566427244337e+02 2.089736572084104864e+02 1.652826565193378201e+02 4.356165965595078546e+02 2.430479128193863687e+02 2.670816557833462070e+02 3.611611101027505697e+02 0.000000000000000000e+00 1.293354358189692164e+02 0.000000000000000000e+00 1.573583534668329520e+01 7.113375025031710948e+02 6.143936968464157644e+02
0.000000000000000000e+00 2.450907617257280720e+02 5.776540156125126941e+02 1.479416299440022385e+03 1.581600745808857027e+03 1.693286571788953365e-01 5.182897160445345435e+02 4.007737604980779622e+01 2.695251690563198466e+01 1.020874700056033362e+03 1.030558634504412339e+03 7.690897158812732641e+02 1.392949463117509595e+03 2.364755153338080618e+01 9.562322707736103666e+02 8.979646925297701898e+01 3.054873197813486740e+02 9.276814544686939001e+00 6.208962581983651035e+02 9.627720717548765572e-01 4.490074761222998490e+01 0.000000000000000000e+00 1.700203631451786634e+02 3.186750269099455863e+02 1.092028741121029725e+03 6.161522632163597990e+01 6.392112229509582244e-01 3.858202215666682378e+02 3.937551269171807311e-01 4.655145328873266521e+02 6.349923432990091214e+02 2.926755452458079958e+02 1.359180563494815601e+02 6.848573452528710277e+02 1.285096715948718384e+03 3.282699825350272249e+02 2.199924128106066803e+02
0.000000000000000000e+00 6.358586412160214252e+01 7.466780424028085505e+00 1.212277352057990072e+02 3.074589452522166511e+01 8.675503770968996378e+02 0.000000000000000000e+00 1.396170215173905262e+03 1.198780642933596482e+03 2.940390145722927562e-01 4.791945020603249645e+02 9.729144423240444484e-01 0.000000000000000000e+00 0.000000000000000000e+00 1.607113398598773557e+01 3.117528708073551229e+02 5.796392313108142389e+02 4.216622144294711916e+01 7.707877061055926333e+02 4.206888940882021757e+02 9.839468812189040818e+02 1.007353993416055005e+02 1.147886558635899519e+03 2.136986024761146155e+02 2.428188182557505126e+00 1.302589481914138560e+03 2.232795990511001083e+00 5.544057567055408526e+02 2.210188690047185212e+00 7.059599877171220328e+01 3.175555243476616329e+00 1.071096626474907776e-01 2.279073180086916750e+02 1.266805603376452837e+03 1.319972106994901424e+03 1.029182774891969302e+03 7.754921808085460100e+01
0.000000000000000000e+00 2.804331371054800570e+02 1.071400077747435034e+03 8.395054125967712935e+02 1.198290089431808610e+03 4.784512852995785011e+02 4.197282676986873753e+02 1.142404244804220752e+03 9.232562338116399587e+02 2.968729924648765177e+02 1.025293166083834876e+03 9.621420396470346077e+02 5.132703001716995459e+02 2.920772948162057219e+02 5.230245169251331845e+02 1.522448452537923231e+03 1.404532089386621578e+02 1.037467513879063432e+02 6.595053728055790820e-01 5.002548116237436489e+02 1.366852321207862360e+03 1.161345829456550518e+03 9.237989381016744801e+02 2.755404422586903124e+01 3.965804976353720122e+02 0.000000000000000000e+00 1.157682402091762242e+03 1.312387950191297477e+03 2.264214121857473287e+02 1.033079941476672047e+03 5.900301435894672295e+02 1.295706356790295217e+02 2.954542835564985381e+01 6.566616502582857606e+01 1.146731857096442582e+03 8.361208590603324637e+02 3.054988489825331399e+01
0.000000000000000000e+00 0.000000000000000000e+00 1.107919923697500963e+03 0.000000000000000000e+00 9.151371523807614494e+01 8.593091602314447073e+02 4.812702667874753502e+02 4.772487417380166335e+02 6.481629664329341400e-02 1.518490268711164859e+01 9.428371568483896681e+01 3.421221252331662868e+02 1.210756930680177220e+03 1.174175700276035599e+02 3.661170408195653181e+01 9.603546095708289840e+02 0.000000000000000000e+00 1.003089473034141292e+03 4.183322516735963177e+02 3.472833997917723625e-02 1.320319681515144794e+03 0.000000000000000000e+00 3.101635175556030077e+01 6.982834243822812823e+02 1.270816121391441811e+03 1.283367222876381675e+03 2.737434882768881153e+02 6.431494202724611569e+02 5.518939481607231983e+02 2.165688265312184058e+02 5.923619699683874984e+01 2.039512943266459217e+02 3.751520613779824771e+02 2.678055463240848439e+02 9.118788792681989719e+01 8.173090388187115307e-01 4.185849021686031506e+02
0.000000000000000000e+00 1.214986449394465353e+03 6.230876483380477566e+02 1.880377348129412383e+02 3.248133183585165398e+02 3.035362949334976861e+02 9.711015616167530595e+01 1.603699476207358998e+01 2.677795436723971737e-06 1.019914539023517897e+01 7.068858534666127298e+02 1.692202992682490788e+02 3.563517596890791310e+02 2.473696957559672285e+02 5.039338239031033027e+02 9.193963397099161057e+02 2.678835119927180042e+00 9.483205450807329129e+00 7.149773502944276515e+02 1.081643976237228799e+03 1.408555068649910709e+02 2.001599184744186175e+02 9.847186564742887640e+02 1.827106302345270024e+03 8.074516937340108598e+02 1.538871986819906851e+03 1.784265091271062431e+02 2.711824800695553872e+00 4.697832178929972997e+02 6.770772302410736074e+02 5.996334228682893581e+02 5.887571986039409921e+02 1.448829568584885010e+03 1.421959665667187949e+02 1.160654960345729876e+02 2.228597838293545976e+02 2.816183343135647874e+02
0.000000000000000000e+00 0.000000000000000000e+00 2.988976058240839784e-01 4.298439150645572795e+02 2.353776492870745329e+01 1.857571343556358201e+01 2.005894158405383682e-03 2.489479767233764539e-03 2.727865658825810513e+01 2.783769600763218666e+00 1.796774034091064607e+02 1.418370704154098121e+03 2.247161169701126671e+00 2.582788032112563315e+02 4.670386422495689089e+02 3.103349456089808882e+02 1.054041354977368838e+00 5.326357342615738588e+01 1.840211611807282850e+02 1.318746759270391522e+03 3.291317682495288750e+02 5.745773757278602289e+01 2.615702074764134295e+02 6.170612272763251127e+01 1.012753346148958485e+03 1.284563640383990979e+01 3.133382054446391294e+02 8.266072535341090770e+02 2.309260389806188130e+01 7.870055586741103753e+02 6.812889619239246297e-01 2.275531463888970620e+02 5.946730868638985257e+00 1.124431786953300616e+03 8.738281062849055161e+02 1.358029908304179116e+03 9.815776311789153397e+02
0.000000000000000000e+00 7.228120242160507587e+02 7.468051028873070436e+02 1.098979968918426948e+03 2.896465191709352212e+02 2.426644634482944429e+00 1.676958743886356373e+01 6.911934837432589802e+02 2.484720102753484241e+02 3.166650698714957457e+02 3.230225523775021088e+02 6.807195845417754754e+02 0.000000000000000000e+00 1.455094412045787521e+03 2.269726919035889967e+00 5.460125947149411019e+01 2.452687629838877683e+02 4.334992158836352019e+02 6.093294982820002481e+00 8.408507690120563893e+02 3.863687839171950031e+02 8.119689821857418721e+00 1.159352270214254077e+03 5.339182639524044589e+02 2.152472324589215873e+02 7.919937303033062790e+02 1.427012782458452591e+02 3.033373287160925802e+00 6.004064494252290274e+00 1.281129527390216083e+02 8.658308713153734288e+02 4.619816516667126507e+02 1.610424319197876173e+02 2.610903677021873932e+02 5.918007183664848725e+01 8.476824972823149551e+01 5.311327859933888895e+00
0.000000000000000000e+00 1.375929847779765396e+02 5.752052196764982455e+02 1.817980145914101797e+02 7.376375265164283519e+02 4.637172011045286126e+02 1.083025971266241186e+03 9.982436062940507338e-01 1.373725276777374802e+03 0.000000000000000000e+00 9.848944298372646244e+02 5.823319839800999489e+02 4.925441967054806014e+01 8.716918864097026187e+01 1.018004157998525670e+03 2.272819681242094703e+02 1.175946146129906765e+03 3.622859341965657336e+02 1.315036173312093752e+03 3.392686744482143695e+02 7.983903257845507824e+02 1.843697025316996374e+01 1.536677471148418363e+03 1.178949568263740048e+03 6.937858671088002893e+01 4.295626863245268510e+02 7.078222628924385162e+02 7.129132768474559043e+02 1.597983388394195288e+02 4.381927796903659100e+02 1.148398354997407012e+02 1.067662612162133428e+03 0.000000000000000000e+00 1.792910083037343156e+02 4.113115611359985380e-02 1.291881154890633070e+03 7.977920979989511352e+02
0.000000000000000000e+00 6.010878167818137854e+02 1.191000409106991675e+00 0.000000000000000000e+00 1.364576662443522309e+03 1.458155600076688188e+03 2.288539782941619027e-02 1.725224903656044717e+03 1.434573605523051810e+03 1.335013565060343133e-01 2.476984816494411064e+02 6.708694800352916445e+02 1.132116698482634092e+03 6.679239689959072734e+01 5.424992850286067778e+02 3.618142756286417807e+02 5.145750106576823555e+02 1.994483281450673076e+02 6.746908210911176411e+02 9.263984881284055746e+02 3.938321938365135111e+02 5.963027647445659341e+01 1.284306096973701585e+02 0.000000000000000000e+00 4.170430595506196028e+02 6.614108050932216543e+01 1.338414871000889207e+03 5.258096297625779698e+02 2.531048534664980423e+02 8.030092782321273148e+01 7.900129378778786986e+02 1.333539911006986358e+02 2.347980751688810130e+02 7.094220841628638254e+02 9.097335268148041720e+00 5.451784915360852892e+02 2.239152274479904747e+02
0.000000000000000000e+00 5.695055415060554651e+02 1.494315768233205290e+03 9.430199786169923470e+01 1.323964742859837958e-05 1.193961159725934976e+03 1.970463768058541731e+00 1.367834855429068739e+03 4.034148027223621824e+01 9.480013121094445978e+02 3.653652326616084167e+01 6.084397015663890897e+02 3.641241022201742794e+02 1.412221936394008708e+02 1.351345635320339689e+01 2.461022750423643157e-01 2.657359571820242650e+02 0.000000000000000000e+00 2.638854809403492396e+01 6.005405415271291076e+02 3.678619371615712197e+01 9.569347342200464936e+02 4.617387402612232563e+02 1.565217670069738006e+03 2.628844194235231271e+02 6.002712326494232542e+01 1.286343191751176164e+03 0.000000000000000000e+00 1.603769777324713687e+03 0.000000000000000000e+00 5.978350587649720893e+01 1.014078157888816236e+03 2.070492946778426528e+02 1.618542422342794040e+01 9.876242469690565962e-02 1.435812038325932008e+03 4.997636888554494590e+02
0.000000000000000000e+00 3.878158162598421388e+00 0.000000000000000000e+00 0.000000000000000000e+00 0.000000000000000000e+00 0.000000000000000000e+00 0.000000000000000000e+00 0.000000000000000000e+00 3.004469137917287185e+02 1.001908820131838418e+01 5.599822940669181570e-02 5.825571196804362444e+02 8.055181408630865008e+02 1.919618619704767681e+01 1.106187629647058429e+03 1.200961736829330420e+02 2.142083198106743680e+02 1.490758412539704914e+01 4.858235876941368474e+02 5.391912071346632729e+02 4.324304829401884831e+01 2.348210746945844107e+02 7.839692031402889825e+02 1.153266714778742653e+03 1.787728716110699878e+01 5.963592369009403455e+02 7.757013022070989336e+02 7.675087393018893067e+01 3.454443532762816460e+00 1.085092609796240595e+03 1.605010088823504759e+02 2.818457423539991282e+02 2.258445135129479411e+02 8.071150487540498943e+02 6.908030639223945002e+01 2.728793973454459287e+00 1.687411523809365917e+03
0.000000000000000000e+00 1.466605571761649571e+02 0.000000000000000000e+00 0.000000000000000000e+00 0.000000000000000000e+00 0.000000000000000000e+00 0.000000000000000000e+00 0.000000000000000000e+00 2.647594416851206347e+02 0.000000000000000000e+00 0.000000000000000000e+00 1.469192411335381394e+03 7.444352988538003046e+02 2.615227858741441036e+00 1.349803595533541511e+03 3.706285523750167399e-01 1.609243084717811634e+00 2.727436494641284526e+02 4.731547349657291761e+02 1.952394875725467216e+02 1.460383591873064768e+00 5.508993389987359706e+02 1.863920728204607826e+02 1.366571751925886591e-02 2.623117349627512453e+02 1.422331523853056979e+03 1.422382484114845056e+03 7.507297105718585328e+00 1.470001813760157575e+03 2.137181974818142649e+01 5.661219105054881595e+01 1.557661936299521983e+02 3.872844213008469438e+01 1.356922137222588844e+03 6.050484951109741587e+02 1.288271505886119712e+02 9.841466497977409063e+02
0.000000000000000000e+00 3.805663115124858109e+02 6.494538735500748317e+02 2.926553390751847616e-01 5.660929946552820411e+02 8.309321398946134529e-03 2.757620720496427680e+02 1.575276644862374496e+03 4.003177074005059149e-03 3.866391554576480497e-03 1.399307864074024337e+03 1.750319928432599210e-03 8.241238893295254684e+02 1.449545532919441087e+02 7.031773764036926195e+02 2.752206000557144989e+02 7.769939813952884151e+02 1.193387151972202446e+03 5.748916514309820514e+02 1.857175893346287410e+02 2.089743577100354344e+02 0.000000000000000000e+00 1.514407604263194798e+03 0.000000000000000000e+00 1.911240162121037542e+02 1.069594474237310466e+00 2.474409550159840585e-02 6.265272338374660421e+02 5.389838343544571444e+02 1.782174394623076239e+02 2.265452328403351316e+02 0.000000000000000000e+00 8.612549108459890022e+02 5.045310209261697310e+02 1.929688558249066318e+03 3.228589460418946828e+02 1.080760087605552533e+00
0.000000000000000000e+00 1.227736116489282239e+02 1.532148375530683282e+00 7.935889311321961404e-02 4.364899586343145010e+00 6.536412464837046628e+02 7.241569690401836397e+02 0.000000000000000000e+00 1.190327007544566186e+03 4.481565845736998881e+02 2.208296918289521724e-02 0.000000000000000000e+00 0.000000000000000000e+00 0.000000000000000000e+00 0.000000000000000000e+00 0.000000000000000000e+00 0.000000000000000000e+00 0.000000000000000000e+00 0.000000000000000000e+00 0.000000000000000000e+00 1.285249404721253995e+03 6.746983842968248823e-02 0.000000000000000000e+00 4.104375610037551496e+02 3.687621145987307045e+02 3.025703669225079295e+01 1.521796553333479380e+02 1.351485633211723325e+03 0.000000000000000000e+00 8.218114613791360625e+02 6.460865389572600179e+02 0.000000000000000000e+00 7.968475251555971681e+02 5.528308928692379141e+02 4.907340251506632285e+02 5.834385291875856865e+02 4.664471625989135362e+01
0.000000000000000000e+00 8.266535976871919047e+02 7.178004405870428428e+00 5.001028324837667682e+00 0.000000000000000000e+00 7.278194564759324976e+02 1.286026171925504968e+02 9.361427574301682819e-01 1.244306112227328356e+02 2.166379588742690032e+02 0.000000000000000000e+00 0.000000000000000000e+00 0.000000000000000000e+00 0.000000000000000000e+00 4.493058067067260595e+02 0.000000000000000000e+00 0.000000000000000000e+00 0.000000000000000000e+00 0.000000000000000000e+00 0.000000000000000000e+00 0.000000000000000000e+00 3.210425099573656667e+02 1.019678748952263504e+03 4.063516966427533461e+00 1.234791422033114259e+02 0.000000000000000000e+00 0.000000000000000000e+00 0.000000000000000000e+00 0.000000000000000000e+00 3.135105435122392237e+02 3.764502644523798836e+02 2.162239871678387715e+02 2.042280584525174731e+02 2.768126487896568051e+02 8.972218176660697964e+02 4.629521515168381143e+02 7.278954394680555140e+01
0.000000000000000000e+00 0.000000000000000000e+00 3.137207198565650756e+01 0.000000000000000000e+00 0.000000000000000000e+00 7.688639838572720464e+02 5.051230865815716129e+02 1.000333986505284315e+03 6.494437328893900130e+00 8.955862096250615423e+02 9.919861966328354583e+02 4.506532952077353116e+01 1.526108404320415275e+03 1.840460953450849786e+02 9.909632328418754810e+01 8.130603101398905963e+00 6.512244385355395480e+02 4.819743577164459052e-04 4.434554546924110241e+02 4.798943910505323629e+01 4.716357935521789813e+01 4.552766388707159990e+02 4.198582136560676759e+02 4.268661859573738866e+02 0.000000000000000000e+00 1.324035092270170026e+03 8.573127538760871857e+01 1.525805211699827623e+03 0.000000000000000000e+00 0.000000000000000000e+00 0.000000000000000000e+00 0.000000000000000000e+00 0.000000000000000000e+00 4.455514402233731630e+02 3.396880102651726929e+01 1.232410271113740788e-06 2.421951427128856551e+02
