output/example_1/lateral_incision_000370.asc
nrows	75
cellsize	13.33333333
xllcorner	0
ncols	75
yllcorner	0
NODATA_value	-9999
[rows 17 to 33 of 75, columns 37 to 73 of 75]
8.061192772553774830e+02 6.045124082415652111e+01 1.480777080916508481e+01 1.380672398626184988e-02 0.000000000000000000e+00 0.000000000000000000e+00 1.165304779010042239e+03 1.064241780802833119e+02 1.604288939773972800e+02 1.451915078612585042e+01 8.396391887868818458e+02 1.613758996807856061e+00 3.660200077821026525e+02 6.017113065438488206e+01 1.220892525779398312e+02 7.840299678267589343e+02 9.755521015206385300e+02 1.711302054293184582e+01 9.644208046483903445e+02 1.639850013968403346e+03 1.398308414099167010e+02 1.247075140978485251e+03 3.532097772770126198e+02 1.317774473498297425e+02 1.577084861959485451e+01 3.844300033345791689e+01 1.963109777071944109e+02 0.000000000000000000e+00 3.604467278897914184e+02 1.735798016757941468e+03 4.008770805504509482e+00 1.041706730018590406e+03 4.670538068482033012e+00 0.000000000000000000e+00 7.507374186217706438e+02 8.995836731590940190e+02 4.532776352637952186e+02
1.672232690839422503e+03 3.258262751725197859e+01 2.059436859900917511e+02 5.946330903023422252e+02 4.050464387858619375e+02 4.467940123217805093e-01 3.167380570353359417e+02 9.781841691197328270e-01 8.955987075161142457e+02 6.453921715632244513e+02 1.067781014126733908e+03 2.035661703706912817e+01 4.059200537697668665e+01 3.809173925384412485e+01 9.349837459979493133e+02 0.000000000000000000e+00 1.196129398897399341e+02 4.155080527874335417e+02 3.552956260200988936e+02 9.352538995769596397e+01 0.000000000000000000e+00 7.648187624656284243e+02 8.612516258585114883e+02 3.907699015283621407e+02 3.374683609289016317e+02 0.000000000000000000e+00 1.066909598555026264e+02 1.963302888720425301e+02 4.846882076659717882e+02 6.958106497428150305e+02 2.769007224461092420e+01 2.294668256416661904e+02 1.025703737920277518e+02 1.009955213502207243e+03 2.033714194891074669e+02 1.976351546347450778e+02 1.066702595168969083e+03
2.847901634700428986e+02 4.849756930354226370e+01 1.146244416771474789e+03 1.553629124057872082e-02 2.278882643600221058e+02 5.421969171891259265e+01 3.994775970628645041e+02 3.225833500382178642e-01 7.206133336566957723e+02 9.430612604615654391e+02 1.440510642642871062e+03 7.712576388663136129e+01 1.146990191690046458e+03 2.195518398188555125e+02 6.403396063969628358e+02 4.843486399319212410e+01 1.667122303850300398e+02 1.982025243550073981e+02 9.705643923313886035e+02 5.082522206749026736e+02 1.287318974414943568e+03 1.832571944298648781e-01 0.000000000000000000e+00 8.270562471029611515e+02 1.016961591526636198e+03 0.000000000000000000e+00 2.628748559295206064e+02 3.668423154334131482e+02 3.973074561290541169e+02 6.947270183362747957e+02 0.000000000000000000e+00 1.570164747915905082e+03 1.180509344875339366e+03 1.421542020654350836e+03 2.527971158177111821e+00 2.457652264765533001e+00 5.003521284879435598e+02
1.757586117981292091e+03 9.851956639789581516e+01 1.204803559328858455e+03 0.000000000000000000e+00 2.112109470490512138e+02 2.605973596175723515e+02 0.000000000000000000e+00 0.000000000000000000e+00 4.195053900063800825e+02 6.932860743215390187e+01 2.050000131486789279e+00 0.000000000000000000e+00 5.276224054770474368e+02 9.339093725333742668e+01 1.692474639684026627e+01 9.604531041789512074e+02 1.110719684909936404e+02 3.290426836711851433e+00 7.853169570106027777e+02 4.782562374908258107e+01 8.593178868658873171e+02 0.000000000000000000e+00 1.917179134516836996e+02 6.877074105453737047e+02 1.333258312904251852e+02 1.319425003446859819e+03 1.591287670204974347e+02 5.143620814554470826e+02 1.603516038437113593e+02 2.103641907524183452e+01 2.994931693106391180e+01 1.444707905902394259e+03 9.914426151325777710e+02 1.676379075234275362e+01 1.030148684275333608e+03 8.786357033366527958e+02 5.230767974649936605e+02
1.303124160268168453e+03 0.000000000000000000e+00 0.000000000000000000e+00 5.286640010599996913e+02 4.398194752783157355e+02 0.000000000000000000e+00 4.897071430420162415e+02 6.358288705835519750e+01 4.503275654654601681e+02 4.221559054779400100e+01 1.808795333463747923e+01 6.650590432765050082e+02 3.316332522173615871e+02 1.402381340048963523e+02 3.067617298108277168e+02 5.053311721675105446e+02 1.469092348997862700e+02 2.875875276270558629e+02 3.197510156112579338e+01 2.203898766159171601e+02 4.258139884109851891e+00 5.434420813627424423e+02 9.848982530786119014e+02 8.680514237035528158e-01 6.144833087942056409e+02 4.418825905864467245e+02 8.616837658213898976e+02 2.339142245755454610e+02 5.125259158192106952e+02 2.374542175012565224e+02 6.835344335460524690e+02 2.669364113767851521e+01 5.059810828044868458e+01 1.007629042308684120e+03 1.128692745001962294e+03 1.440950889462305895e+02 9.021522234514419551e+02
5.161345859547969539e+00 0.000000000000000000e+00 1.216537986190863649e+03 0.000000000000000000e+00 1.097293463958506976e+02 2.303102657912585585e+02 8.737895654840659165e-02 0.000000000000000000e+00 4.439186298646495388e+00 1.855324591457896020e+02 9.040965128550187968e-02 1.305747780444582133e+02 1.765982354765870070e+02 1.096190436060197499e+03 6.862645655484529925e+02 1.498666560988113361e+03 6.582724323703409937e+02 9.545102985254045436e+00 8.100305252987277527e+02 9.783223986179599478e+02 1.034347665493868817e+03 8.575809378448711584e+01 1.257163268944815627e+03 9.676242493715885473e+01 0.000000000000000000e+00 5.268045950095168184e-01 4.529826462293617624e+02 9.244474192690239533e+02 0.000000000000000000e+00 6.176698076856944226e+02 9.684577795372630362e+02 1.859503927198977991e+01 1.723226692264431222e+03 1.755243615421771874e+00 7.291939497203321707e+02 9.520864304613034790e+01 0.000000000000000000e+00
7.875099129071136304e+02 0.000000000000000000e+00 2.215505365418238171e+02 2.090808540578624957e+02 5.054281141664906727e+02 9.332582728063667332e+01 6.688725265060658103e+02 4.432606768032253513e+02 3.767752541115734743e+02 2.740292994068136636e+02 3.798307962791318459e+02 1.165437387424673510e+01 5.406989258261346549e+02 5.217555446457940889e+02 4.212748234496895066e+02 3.995083883085735721e+01 8.098411189217094375e+01 4.874988332475828656e+02 9.118525992721981765e+02 7.912343438143665253e+02 1.249963894436261626e+03 1.026813052620001599e+03 7.176408817817152794e+02 7.953440610794270071e+01 0.000000000000000000e+00 1.241288709581358944e+03 2.038824810973485313e+01 3.304035148933199366e+02 8.096869470253005829e+02 8.676323030157296039e-05 1.205133075113280910e-01 2.027156077001183974e+02 1.597342513177895569e+02 3.796454769037081292e+02 1.023541019936851626e+02 1.282329219890880836e+02 1.132659426183495725e+03
4.469625620001056632e+02 3.661595115058868828e+02 1.247539578480563478e+03 0.000000000000000000e+00 7.384100552149706118e+02 6.959345987544881318e+00 7.837937451824553818e+02 3.029508749822061873e+02 3.483099614664904493e+02 9.079465550446995437e+00 2.082929680714058236e+02 6.719011616870434409e+02 1.058889745721599411e+03 5.511886231489794596e+01 5.211686994742301238e+00 5.800009769115634981e+02 1.644509216712181399e+02 5.279416333520354101e+02 4.828090840081797097e+01 4.819072651376373195e-01 5.932395059433503093e+02 3.360827249944583741e+02 1.350852224595781763e+02 0.000000000000000000e+00 9.991948392233427967e+02 2.465215877468499002e+03 1.683874555735345211e+03 6.480304334652895015e+00 1.662901464947317891e+03 0.000000000000000000e+00 0.000000000000000000e+00 0.000000000000000000e+00 3.332454890787738009e+02 9.632957132686723298e+02 1.124499906308909232e+02 1.638175353849263729e+03 5.055578595976587053e+02
1.554383462636216393e+02 1.261615557671802321e+02 1.602358946714276442e+02 5.792534326457870009e+01 2.412940942373786299e+02 6.515442139616783868e-01 0.000000000000000000e+00 1.433405593586262739e+03 8.222048452001542955e+02 2.635014111250421251e+02 3.321294567636674060e+02 4.819038732577823225e+02 1.289629198706129046e+03 6.006702601886728665e-01 1.251577352553860401e+01 2.080896241440344454e+02 3.970014131158195028e+02 1.238061577728068308e+01 9.080671622720501546e+01 3.953505848042486264e+02 1.032191004949436142e+01 2.579161231421336709e+01 4.911305799399742256e+01 5.241453810570078531e+01 7.110791447169965140e-01 4.154468240542746571e+02 7.272057437590382278e+02 1.033011226449928017e+03 0.000000000000000000e+00 1.519742413273598913e+03 1.057086843178711661e+03 0.000000000000000000e+00 2.668199836746081743e+01 4.755105397443094830e+02 7.502923850314936089e+02 1.220761476840671776e+03 7.058549502514179039e+02
1.842829525852162575e+01 2.120184156316415738e+02 3.482017758290406846e+02 3.229885164065704544e+02 2.449555472765189847e+02 9.226312217401963380e+02 1.356220962303616488e+02 3.245898383384596286e+01 4.237911306611165401e+02 7.325242935444069303e+01 6.412003560249323186e+01 3.004787728259070150e+02 4.302066401351669924e+02 5.985287706113526838e+02 3.213995052655327811e+01 3.204014037369444345e+00 0.000000000000000000e+00 4.762328670773051726e+02 1.278834751278825195e+02 8.198389835312131027e+02 4.687014428282380436e+02 6.682859641701242026e+02 2.525760554024825808e+02 6.184425084220018789e+02 3.425369364157456289e+02 3.530834433059397526e+01 6.001616200319431300e+02 7.047971785685758732e+02 6.644768395443895193e-02 5.746066252574842110e+02 3.369663828102512637e-01 1.722181848901734327e+02 4.346703793418310511e+02 4.072840047303337152e-01 0.000000000000000000e+00 1.218214642192288011e+03 1.389155410487506117e+02
6.035071354778322075e+02 7.180214159086804102e+02 1.768946958931961078e+01 2.525164517065998666e+02 1.782528888740738182e+02 3.734319620274488329e+02 5.938936641178631817e+02 1.263202062476394985e+03 3.763475767031440569e+02 2.313204760899079115e+00 6.963619709397622728e+02 2.229719517628455492e+02 3.413357907443996808e-01 5.350576876255668139e+02 1.179803403844435383e+00 1.335376982547139413e+01 2.522241629497074200e+00 1.198990032577804868e+03 8.461302072735936264e+00 1.293517512913715279e+02 7.993674572435812706e+02 7.892323477468466990e+02 1.177827795650308644e+02 1.296611412725088485e+03 1.111149045279074926e+03 7.310849706521989901e+02 1.119314657790784850e+03 2.253735160184923245e+02 1.832869153036295756e+03 5.017501315621354374e-01 2.136137092556657535e+02 4.100387251827709179e+01 6.676445227125119573e+02 3.355846195096698921e+02 5.852530777005727032e+02 1.393907947541819112e+03 3.721775337967767050e-01
9.263375117741888971e+02 2.148904861292988855e+01 0.000000000000000000e+00 3.942898604202084698e+02 1.774237231009341542e+02 8.358087092333686030e+01 7.830193257744403335e-01 1.555647275831465549e+03 1.667745643856139566e+02 1.265889579989724751e+02 1.367481211245429904e+02 4.277667844624239137e+02 6.755184708977633790e+00 5.195375966673811519e+01 5.895650703910818038e+02 2.389509666251701525e-01 1.480781465935384404e+03 3.105459912451696169e+01 5.320433556391942602e+02 2.610908317507573884e+01 1.224563186076633725e+00 1.165140837040511769e+03 8.217997438494929696e+00 2.840441075424701367e+01 2.636613815885331178e+02 2.577220112230772884e+02 5.153372761667301347e+02 6.606385676061961476e+01 1.368941872296574729e+03 9.831145659509369139e+00 1.519549867281378511e+03 3.918172916529693453e+02 5.591531735721709993e+02 3.071401359621318079e+02 6.337092068194123406e-01 9.320242705388386639e+01 1.728299686317777457e+02
5.100807675261548297e+02 2.863152480287170079e+02 3.964068966459189483e+02 1.069977771783395838e+03 1.621472323064052944e+03 5.291511503977369557e+02 7.888578863896532312e+02 8.033638354503063184e+00 1.367744693083964478e+02 0.000000000000000000e+00 1.188150332087371680e+03 0.000000000000000000e+00 2.946349082997535973e+01 2.425106281429867181e+02 1.662540556023301122e+02 1.756266320858795552e+03 2.077826307865695554e+01 1.265152787342325951e+02 1.108119105974648164e+03 2.729387845355567492e+02 1.199463565489304884e+01 6.125492326841737167e+02 0.000000000000000000e+00 1.609817095500378173e+03 3.865636176168265479e+02 1.020279113434352439e+03 0.000000000000000000e+00 5.830909020908595721e+02 6.940604082674993833e+02 4.741628513237719389e+00 1.092940667838607709e+02 9.264736446326233477e+01 1.152363920335344858e+02 2.437375220363717787e+01 2.220761782529157244e+02 1.353420218822293236e+03 3.569036242639231205e+02
4.994267543535218579e+01 0.000000000000000000e+00 1.710460329601169178e+02 0.000000000000000000e+00 2.920581698631322443e+00 0.000000000000000000e+00 6.321362717212526832e+02 7.771444386351470257e+02 3.328322837128844753e+02 3.180506235330548037e+01 1.301729773194729432e+03 6.378316274709020490e+02 3.432822090764335599e+02 3.497427416351233660e+02 0.000000000000000000e+00 0.000000000000000000e+00 8.112429405264605293e+02 1.219619534164042534e+03 1.584206340960803345e+02 2.183828211296498694e+02 6.089651830720832777e+02 3.053466061278598431e+02 9.596802251910240500e+00 7.989248561656887659e+02 5.908109043690529916e+02 7.835304809402809951e+02 8.969035265693147494e+02 3.797278004097411213e+02 5.811801673164911364e+00 1.644955829432390374e+03 4.985731793760609065e+01 5.809060835959182896e+02 1.224612416008499167e+03 2.772143092151389396e+02 2.174583158550749431e+02 3.782768527658645326e+02 5.532771029283965163e+02
8.111942710946855186e+02 9.126194915113732975e+01 6.081296299974090971e+02 1.884474395857550917e+02 4.547076153706965052e+00 9.205469842261181839e+02 7.675869270912662614e+02 7.193446736612227710e+01 1.297031238305877878e+03 3.049500575114002032e+01 1.613556510865549187e-01 1.540160752656918930e+03 1.165117795926277893e+02 2.384213591849262404e+00 2.810231464229107132e+02 1.211796086163322570e+03 1.198128946441063817e+03 7.686756345362063314e+00 9.380786443951352567e+02 1.304663712245650515e+02 1.066737106348674388e+03 3.454279476028452223e+02 1.416357569780268477e+03 7.478622318277158456e+02 4.157000615305631754e+02 2.721537452170632037e+02 2.785744964186553716e+02 7.082019279561399117e+02 4.541060765811732836e+01 1.694074683324930220e+03 2.536337033429860099e+01 1.872978095298318546e-01 7.741652740003346480e+02 1.306429757012511800e+03 3.335354998649603431e+02 3.064854687365853465e+02 1.631590163414718830e+01
3.550371488915212694e+02 1.203616834365648629e+03 3.179824559357512612e+02 6.740594924261106371e+02 0.000000000000000000e+00 8.199818140420160262e+02 2.858614413033859591e+02 3.534319048377375339e+02 3.131332810136026978e+02 1.597739783353475104e+03 1.682792544955656012e+03 1.166677657861696389e+02 5.670707610441636604e+01 4.477108267656838052e+02 8.907294835057810189e+01 0.000000000000000000e+00 4.793711472491737027e+02 9.384424711336602343e+01 1.160101584842060447e+02 1.666157034533904948e+02 4.466637768976929124e+02 6.927626528274658995e+02 1.841444706745683959e+02 1.129954803547835951e+02 1.278395915626977626e+02 1.588401627403845318e+01 1.193964961820308623e+01 7.936857208231641607e+02 3.652762114150333872e+01 7.395771980591098327e+02 3.673516633087284617e+02 8.394439196345526852e+02 3.474085076325978889e+02 4.262400095329529108e+02 5.160601383242106976e+02 0.000000000000000000e+00 1.957129971525016003e+02
1.337941857118066480e+02 0.000000000000000000e+00 5.982535072251038173e+02 1.054123978889365617e+03 1.039005289971656111e+03 1.330033908787556030e+01 1.032830252291742681e+03 9.944571121480195188e+02 8.720400536520812693e+02 7.886633910342019327e+00 0.000000000000000000e+00 2.777034063725777742e+02 0.000000000000000000e+00 3.861450302510465917e+02 5.794962618618836814e+02 1.158789927190427989e+03 3.982829269063631017e+01 7.505448604371292731e+02 1.232408006648935952e+03 7.874787206638497992e+02 2.579815370960712428e+01 3.750029577815499238e+02 6.318332266270884929e+02 3.662423985342125548e+02 1.523723134134739439e+03 1.468186107154816455e+03 1.613456379430323977e+03 8.220556187146567595e+01 3.740491482568577908e+01 7.649678809526528767e+02 9.701892671344279506e+02 2.988536858876132669e+02 1.063326670415850458e+03 3.251768430319095273e+02 6.629289234782615949e+02 2.194896505328092928e+01 6.436964744797099911e+02
