output/example_1/lateral_incision_000001.asc
nrows	75
cellsize	13.33333333
xllcorner	0
ncols	75
yllcorner	0
NODATA_value	-9999
[rows 34 to 50 of 75, columns 0 to 36 of 75]
0.000000000000000000e+00 5.879423272583284898e+00 0.000000000000000000e+00 1.069974450174555360e-04 0.000000000000000000e+00 1.742024863985802341e+01 2.076736862268369777e+01 2.362994599006252088e+02 1.388184412342815506e+02 2.219390450634893597e+01 2.883784379413154042e+01 4.997651035418832066e+01 6.388402487456774992e+01 5.696471855663772033e+01 0.000000000000000000e+00 3.293494391783499786e+00 2.526431711872295259e-04 1.421831463477557088e-04 8.170067534487907679e+00 1.592635816380284880e-05 1.716245217165257841e+01 1.542187202900226553e-03 6.470069471725426524e+01 4.219903780928127901e+01 0.000000000000000000e+00 4.805228301567799463e+02 5.711691996453560627e-01 1.406824740963611475e+03 9.126450238225614839e+02 2.683920215977854407e-02 0.000000000000000000e+00 1.497666691486337523e-07 2.158171011875879941e+01 1.134296568206977014e+02 1.747257938604984133e+02 2.233411886142543601e+00 6.300696960690516590e+01
0.000000000000000000e+00 0.000000000000000000e+00 8.237177487473572590e-01 1.955080655887199015e+01 1.171078101210488427e+02 2.732541334891764109e+02 0.000000000000000000e+00 1.339754986750411603e-01 1.488046889569770090e-02 1.293286790972282176e+02 1.304094757059943674e+02 1.847195599751726647e+01 1.346374375232114851e+01 0.000000000000000000e+00 1.731665531456481233e+01 0.000000000000000000e+00 2.923451477610844625e-04 7.765707910077552275e-05 0.000000000000000000e+00 1.834116482387505087e+01 2.273469941041598830e+00 3.092235092090819037e+01 6.174985624388541794e+01 3.433651978393163773e-02 1.365061753066856227e+03 0.000000000000000000e+00 3.306774512564102224e+02 9.805635596811147252e+02 2.325919104790803227e-05 0.000000000000000000e+00 1.958920493901267735e-06 3.865066979306942962e-10 0.000000000000000000e+00 0.000000000000000000e+00 7.706965293830390930e-07 0.000000000000000000e+00 1.350032106805257115e+02
0.000000000000000000e+00 3.466571149920980358e-05 2.389870818400762005e+02 1.091578202793289591e+02 0.000000000000000000e+00 5.961308237002594934e-01 1.210930684896087115e+02 4.073420512014515680e+02 2.091159462529195423e+02 0.000000000000000000e+00 9.340635787780202293e+01 6.190242897584262494e+01 1.974961301005606984e+01 2.615767991953032023e+01 3.899189997292391743e-04 4.635953734173192241e-05 1.904891539768906845e-04 2.137640009550099377e-05 1.372281135140844793e-04 3.450192944217341307e+01 2.369938739647367143e+01 0.000000000000000000e+00 4.172328113454684484e+01 2.425983033956977692e+02 1.466651840398370041e+03 2.587634913567762318e-01 0.000000000000000000e+00 4.189476540220316281e+01 0.000000000000000000e+00 3.025906985375623393e+01 1.101248337583795056e+01 6.382957387728845688e+00 3.090952489047384955e+00 4.770203341406167429e-04 0.000000000000000000e+00 3.511050888224844765e-06 0.000000000000000000e+00
0.000000000000000000e+00 1.476761584703835979e+02 3.788259757429611909e+02 0.000000000000000000e+00 2.235177426884878003e+02 4.130150082758219696e+02 0.000000000000000000e+00 7.347349808447114494e-01 1.308941002619796734e+02 2.810158188202155927e+01 0.000000000000000000e+00 5.962254952456248702e+00 1.296368699194622032e+01 5.912091272701459899e-02 1.356015273791624266e-02 0.000000000000000000e+00 1.482624104226740580e-05 2.128574188957038757e-04 3.070463388476606211e-06 1.265411378486962811e-05 2.855051660124220092e+01 3.590292745021615417e+01 5.779163941895808232e-02 3.792063956791216697e+02 5.148610709973731900e+02 7.967523117043397995e-01 1.543842804192824758e+02 1.039206254638145819e-05 3.228175796326941338e+01 4.911299419204397765e+01 0.000000000000000000e+00 0.000000000000000000e+00 2.201702420349681971e-02 0.000000000000000000e+00 5.348273357766353958e-02 4.282451602335480591e-03 1.067730851911668506e-05
0.000000000000000000e+00 5.717918376641812115e-05 2.374277294876350817e-04 1.433273867903685925e+02 2.190122958623556997e+02 1.195454020085819153e-05 4.603503224198343347e+00 0.000000000000000000e+00 0.000000000000000000e+00 1.365314091433663668e-01 2.221552675862527249e+00 8.977588164933958836e+00 0.000000000000000000e+00 0.000000000000000000e+00 1.068833147438187625e-04 9.451194890956190553e-04 2.714288460323885594e-04 2.144307395270553585e+00 5.831814159155044149e-05 4.716107737952860646e+00 8.181706335687387137e-04 8.575319424646874467e+00 1.029159050484740874e+03 1.810363667522134676e+02 5.340112412103290751e+01 2.648569644500363696e-01 7.614574173840621540e+01 2.752104680919807578e+01 0.000000000000000000e+00 0.000000000000000000e+00 2.834640097654613555e+01 4.621742403963566836e+00 4.645344734599680669e-01 2.136718211481288821e-01 0.000000000000000000e+00 1.559976817211989946e-03 1.889069151326079409e-05
0.000000000000000000e+00 1.501413982707683772e+02 2.458884513610506417e+02 8.887635776029129478e-03 4.179715804749266350e-02 0.000000000000000000e+00 0.000000000000000000e+00 6.307588777194126843e-07 2.677795436723971737e-06 0.000000000000000000e+00 0.000000000000000000e+00 1.588591726323117470e+01 1.932919767506498188e+00 1.724287087131974039e-01 5.482856682508074724e-04 3.343062193624892209e-01 0.000000000000000000e+00 6.663147683291202661e+00 2.468667413110267361e+01 1.659467342836215553e-02 1.007694086748853834e+01 4.617144293401982506e-03 5.949393798844718049e+02 1.123127763766772205e+03 0.000000000000000000e+00 1.216879236673301421e+03 0.000000000000000000e+00 1.297065455597935113e+02 2.606572542276201432e+01 3.104557360867688942e+01 1.732806021183053437e-05 3.606556293895147459e-06 0.000000000000000000e+00 1.684498132842830037e-02 1.850311999140650306e-03 4.876496065522943998e-05 1.777950649966786539e-04
0.000000000000000000e+00 2.635014765779025083e+02 4.283546635438370345e+02 2.995248249997681245e-01 5.855802233432323423e-01 4.719816213378717151e+00 2.005894158405383682e-03 2.489479767233764539e-03 0.000000000000000000e+00 0.000000000000000000e+00 2.205246783660976291e-06 9.958854160649062930e-06 0.000000000000000000e+00 1.237664675938318257e-04 1.497180570508714212e-05 1.242240057291746575e-04 6.404347612200655071e+00 0.000000000000000000e+00 2.579021432709785699e+01 3.686417679888462828e+01 3.753686236833322226e-02 1.484642707601310896e+01 7.653564198018852949e+02 5.105095590469027798e+02 9.812799967074078422e-01 1.497447749065560743e+02 2.110050056941323930e+02 0.000000000000000000e+00 1.014884055194431767e+02 3.027949386395468423e+02 5.467168556394401691e+00 0.000000000000000000e+00 4.686758226822451689e+00 0.000000000000000000e+00 6.606024610043485887e-06 3.056917603247879091e-04 4.770125634662586332e-06
0.000000000000000000e+00 7.502561590545318414e-04 4.707007761214244397e+02 2.255929920121765804e+02 1.259898430425399951e+01 2.426644634482944429e+00 6.283326816137751791e+00 1.807942867422798727e+01 6.262740968986770795e+00 3.581617900029748693e-03 2.950441124874281146e-08 3.481671068586708942e-06 2.188065486860883269e+01 4.742600424954809490e+00 0.000000000000000000e+00 2.241996109712176890e-06 6.360454607093034080e-08 1.295694600815837205e+01 4.075369166602002720e-03 2.443893282198009587e+01 2.018171039467035044e+01 1.087026091363984506e+02 1.331307379681000498e+02 7.161282106301676720e+00 1.670452623084261631e+03 1.770717581481743537e+02 1.556482144952778413e+02 1.024824159168268523e+02 1.354399559169844162e-03 1.624243017132599505e+02 1.098044806302794285e+02 7.755995356046332745e+01 0.000000000000000000e+00 5.979252295514405624e+00 4.188713090118130200e-01 3.167917035470192016e-02 5.421931123865232014e-05
0.000000000000000000e+00 8.349206453549026037e+02 7.959572802669170333e-01 4.964144540706975022e+02 0.000000000000000000e+00 1.619302676806345076e+01 5.445017983171778297e+01 1.415484473338682392e+01 0.000000000000000000e+00 6.579698382488192721e+00 3.010910082586855645e-03 4.454956512968378490e+01 1.308888301359091244e+01 3.942444577516832194e+00 5.324534541719145864e+00 0.000000000000000000e+00 6.221646116198709445e-08 3.080769984862875410e-03 1.916497283492758896e+01 4.095064999782731252e-02 4.548338828202146827e-02 1.943149932287162187e+02 1.276022870956187438e-01 6.479928686839420493e+01 2.530170492231284527e+02 8.453492942373003416e+00 0.000000000000000000e+00 1.779916128844337209e+02 1.026409183071964435e+02 3.319683486884047324e-04 1.491545569376754656e+02 0.000000000000000000e+00 8.752575792311617420e+01 1.192116676085599352e+02 1.884380058070117769e+01 1.511781004624576319e+01 7.896501745782422255e+00
0.000000000000000000e+00 3.679153576160748571e+02 4.574580922770567213e+02 5.522842512290588868e-01 8.178546723113571488e+02 1.307741632616628102e+01 2.091024739965102697e+01 0.000000000000000000e+00 1.402332579830583015e+01 0.000000000000000000e+00 1.050782306276157319e-03 2.583427072632680321e+01 3.626007119374087431e-04 2.008854152140708038e+01 1.561285984444799366e-09 0.000000000000000000e+00 0.000000000000000000e+00 5.983533524847855389e+00 7.332919331228943127e-02 3.193027484597129373e+01 1.239230350697216409e+03 0.000000000000000000e+00 1.746648885782745424e+02 3.446640019861059727e+02 8.619517776695277078e+00 9.560201313516699523e-03 9.130371830066892364e-04 3.624110883228036438e-04 1.699301574109136084e+02 6.803647398771336605e-03 1.278042161602633655e+02 5.845477039283056087e+01 1.378563410547853818e-05 6.265335887912717006e+00 0.000000000000000000e+00 1.171702921788823959e+00 1.303603281377979428e+00
0.000000000000000000e+00 0.000000000000000000e+00 7.961888092220714270e+02 9.188709595898579892e+02 5.278215178739453090e-02 1.431041271072878317e+03 0.000000000000000000e+00 2.165217526286932070e+01 3.216831306849159411e+00 7.753174302973827992e+01 4.247038901108481923e+01 1.779054404618975571e+00 2.887954104394190935e+01 3.807482631814393415e+01 0.000000000000000000e+00 0.000000000000000000e+00 5.462146710287297147e+00 5.925031837460013884e-02 1.151785870295802994e+01 0.000000000000000000e+00 3.766419315560269183e+02 2.842136620180645501e+00 1.240363101956160768e-04 5.921123087017032827e-02 8.375942933854300249e-03 2.359986116637114328e+00 9.757259354462465055e-06 0.000000000000000000e+00 2.682903937069735926e-05 4.390212321965311304e+00 0.000000000000000000e+00 1.913749906284056479e+01 6.330451183018726447e+00 7.304430334626195531e+01 0.000000000000000000e+00 3.259944979966989109e+01 8.103756098060278745e+00
0.000000000000000000e+00 0.000000000000000000e+00 4.707728087987360366e-02 7.305102491659218875e-05 0.000000000000000000e+00 0.000000000000000000e+00 1.068775941857311636e+03 1.817661913607381166e+03 9.943529848883655120e+01 4.987654740657828256e+01 0.000000000000000000e+00 3.438993352308595064e+01 5.723988931008375403e+01 0.000000000000000000e+00 0.000000000000000000e+00 0.000000000000000000e+00 0.000000000000000000e+00 1.132065924375084620e+01 4.126987351352580617e+02 6.171613745966800479e+02 2.749092767684622185e-01 1.632155184942421329e+03 8.128969272525952972e-02 1.600214578201922533e-01 9.864917078744275813e-03 3.860618887359433342e-04 1.583851912896342069e-04 7.702715844867982873e-06 2.949117834867306554e-05 5.030214839189033898e-06 4.171130263102419411e-01 0.000000000000000000e+00 2.460814256723376146e-06 2.183201239030826135e-01 1.112182447770163963e-04 3.536234362569584455e+00 3.731662773072910166e+00
0.000000000000000000e+00 0.000000000000000000e+00 0.000000000000000000e+00 2.935000698316483181e+02 0.000000000000000000e+00 3.990575229777782056e+02 1.315509986617777713e+03 3.655785034768314290e+02 7.017862608148246295e+01 0.000000000000000000e+00 4.943744186586413747e+01 8.557981736659178296e+01 0.000000000000000000e+00 0.000000000000000000e+00 2.322260959160365346e+00 0.000000000000000000e+00 8.232440101198280402e+00 5.334742007822065943e+02 0.000000000000000000e+00 0.000000000000000000e+00 1.435083228830293592e+03 0.000000000000000000e+00 4.470884370539787938e+02 7.626864591317041686e+02 1.837888538211468576e-05 7.504662105068583555e-01 4.439571609670789898e-01 3.200617710960729737e-06 1.983776070560133720e+00 1.561285984668242770e-09 0.000000000000000000e+00 3.301642294891621900e-07 4.681628437825685727e-07 0.000000000000000000e+00 3.312525812665601865e+00 0.000000000000000000e+00 2.898799933059571440e-02
0.000000000000000000e+00 0.000000000000000000e+00 0.000000000000000000e+00 0.000000000000000000e+00 7.761774073217815157e+02 1.890621272849604554e-03 6.828271345782284243e+02 3.537468433725120462e+02 0.000000000000000000e+00 5.619571193678245891e+01 9.938114338298977657e+01 1.448580648472337336e-03 1.624437124957093669e-04 0.000000000000000000e+00 7.347622651678268271e-07 5.986311933010806996e+00 4.399684384339631720e+02 2.795206713716468698e+02 4.805438116541584463e+02 0.000000000000000000e+00 1.157347187512271375e+03 4.345874021476826101e+02 0.000000000000000000e+00 4.503959274120848022e+02 3.374354216987458699e+01 6.964438615984610124e+02 5.209199756162120387e+00 7.655955278350572435e+00 1.419599603006913092e-05 0.000000000000000000e+00 0.000000000000000000e+00 0.000000000000000000e+00 8.516523230392750686e-05 8.249458961381129314e-06 6.521570601057458116e-01 1.260147803647191644e-01 0.000000000000000000e+00
0.000000000000000000e+00 0.000000000000000000e+00 0.000000000000000000e+00 0.000000000000000000e+00 2.723363032998577751e+02 1.341780657909738238e+03 1.614422221723520734e-01 4.799223732860221503e+02 7.195054556686734486e+02 1.810621775498552416e-03 0.000000000000000000e+00 5.369218936763523686e+00 0.000000000000000000e+00 0.000000000000000000e+00 0.000000000000000000e+00 2.106876811710171327e-01 3.559835589475246707e+02 2.406308062180581828e+02 2.526727838154647077e-01 2.305007636986971988e+02 5.800542017439108378e+01 7.694940259311935051e+02 3.698535639961280594e+02 0.000000000000000000e+00 1.198753124890045285e+01 3.418978946643029537e-02 4.079547133155246001e+02 6.876862830869015397e+02 1.234861457109334459e+01 0.000000000000000000e+00 7.497805782763683263e-04 4.092404899206539826e-01 6.720125914621395413e-01 0.000000000000000000e+00 0.000000000000000000e+00 0.000000000000000000e+00 2.801196153543219491e+00
0.000000000000000000e+00 4.989214005198005283e-04 0.000000000000000000e+00 0.000000000000000000e+00 0.000000000000000000e+00 8.449910474582071629e+02 3.979972554779291158e+02 1.939822893175232321e-01 5.874086122256754834e+02 1.240662337207924338e+03 6.162736478305749444e+00 1.733542364935721780e+00 6.565943636519756765e+00 0.000000000000000000e+00 6.980345582468877068e-06 4.700905180329953623e+02 9.815933627342985801e+02 0.000000000000000000e+00 3.748510413090871793e+02 2.531640332913066231e+02 0.000000000000000000e+00 1.645396149437175737e+01 4.855030913946325910e+01 7.017347566527904235e+01 1.104013215242016031e+03 1.085637878389311481e+03 0.000000000000000000e+00 3.435333885679027048e+02 2.542651302051191919e+01 1.674113878771311015e+00 1.083015223107419045e+00 4.365627687810107460e+00 3.512483135949957092e+00 2.305404170895409091e-04 1.630569373277826841e-04 0.000000000000000000e+00 1.084664204157986589e+01
0.000000000000000000e+00 8.081241063605018482e+00 0.000000000000000000e+00 0.000000000000000000e+00 0.000000000000000000e+00 1.747239889681791170e-01 0.000000000000000000e+00 4.196019717090299537e+02 5.456124744049543895e-02 1.693398614002147724e+03 0.000000000000000000e+00 6.903905091081061300e+02 4.749278617790102999e+02 5.483378623314674769e+02 8.345452127462178851e+02 9.142558322731859732e+01 1.646680163436831323e+00 1.104617377661869568e+03 3.697299146200796827e+02 6.990074238424320852e-03 1.571849447726970617e+01 0.000000000000000000e+00 9.844260575306160277e+00 5.938430851135481525e+00 1.556187568439107418e-06 6.876976841462060293e+02 6.891548877819931249e+02 3.622305531492247275e-04 3.669267897328703043e+02 5.439036141870387837e+02 8.576237826322296698e+00 1.329558967175970707e+01 3.877280951635797113e+00 0.000000000000000000e+00 1.774257909072738100e-06 9.161386918614405905e-01 0.000000000000000000e+00
