output/example_1/lateral_incision_000389.asc
nrows	75
cellsize	13.33333333
xllcorner	0
ncols	75
yllcorner	0
NODATA_value	-9999
[rows 34 to 50 of 75, columns 0 to 36 of 75]
0.000000000000000000e+00 1.730148106240357947e+03 1.103471113669782426e+03 1.059527791234602319e+03 6.955153878726490575e+02 9.209433972581815624e+02 5.125742577087233940e+02 1.047345065939212418e+03 2.263236318070486561e+02 4.162305990703654288e+02 5.819645324227958554e+02 6.131719718406228594e+02 1.244204819945098563e+02 6.286744381521231873e+01 6.503373213844262182e+02 3.124351876106533155e+02 3.865133672690329547e+01 1.627647793052069801e+03 8.152410818725695663e+02 6.510457393227567309e+02 2.436391651659374702e+01 1.212285903304018575e+03 7.554854498075094398e+02 1.027740376841971948e+00 1.326334283810067518e+03 9.642687327913009767e+02 3.317316422762777250e+01 4.940592942470160551e+02 7.963367765357269263e+02 7.351873080966895202e+01 5.009361874121260030e+02 1.175791708648735721e+03 0.000000000000000000e+00 7.870321421864919103e+02 5.177711030045207963e+02 1.080310414945852955e+02 6.489806781120334733e+01
0.000000000000000000e+00 1.377953504716567068e+03 3.524085947416958575e+00 1.162159677332414134e+02 1.547097984986490928e+02 1.040820610828098438e+02 1.154505070028173321e+02 5.401888823844715404e+01 4.759712908616633626e+02 6.529723287319158520e-02 5.566471414277056056e+02 7.883381765711942535e+02 2.082870001455260578e+01 2.093842192144763601e+02 1.044570424448387939e+03 3.211100377793365510e+02 3.899936839118702210e+02 2.909900903310252573e+01 1.159957989434182082e+03 3.403687492028004726e+02 1.046682760775441011e+03 0.000000000000000000e+00 6.002820918481173749e+02 1.887181347473598692e+01 5.599792240799935144e+02 6.738736072778582411e+02 0.000000000000000000e+00 1.523058378828472087e+03 8.014444978030941229e+02 6.104145260352738944e+01 3.380400446699183021e+02 1.056657555494736472e-01 5.584921220307688827e+02 4.406980836123354379e+02 1.797643081129094185e+02 4.416738623407097748e+02 6.105266709126636897e+02
0.000000000000000000e+00 0.000000000000000000e+00 8.385876292483238785e+02 5.499015396531767692e+02 1.610576554098702672e+03 1.292356424508461487e+03 6.793398035160995505e+02 1.602687484855071261e+03 7.466135383934599759e+02 1.170949611225652802e+02 4.915470498921867488e+02 5.494816453700710781e+02 5.755406326205976484e+02 9.078397023646157749e+00 5.528319464655830018e+01 0.000000000000000000e+00 1.076085694278575829e+03 1.350317030484013003e+03 1.115381688922581827e+00 2.789489182955635442e+02 7.777711785986011819e+02 1.896350597411502861e+02 3.784768396687795189e+02 1.942979973056697673e+01 1.153081160572929775e+03 6.673963802451916081e+02 1.497991182745520746e+03 1.160887934157846360e+02 9.074188541863011324e+02 5.652844485512521544e+01 1.549419052615508690e+03 1.242756226640120190e+02 3.194838869333505045e+02 1.618180404744049952e+02 3.257555020037739002e+00 7.708481242537829070e-02 0.000000000000000000e+00
0.000000000000000000e+00 2.382167730404391648e+02 1.135112152594902454e+03 8.467539801321059656e+01 0.000000000000000000e+00 4.060744163790511152e+02 4.783638334344360032e+02 5.480175994973247953e+02 1.737594597762179660e+01 3.051064182719813402e+02 1.035341183679033520e+03 7.017956234138796390e+02 3.301233926540638919e+01 1.106358512102357736e+03 1.069480800337409391e+03 4.033911556602259196e+00 0.000000000000000000e+00 1.536015132097623166e+02 8.767898328255579088e+01 7.047122220712966900e+00 6.703717391909879098e+02 2.199303738753980042e+02 8.815787681107364051e+02 7.650595129448644229e+02 2.937902188464116549e-01 8.381730342253600838e+02 1.757332787065767661e+03 3.454996270599334895e+00 0.000000000000000000e+00 5.695679341685721511e+02 7.164544042503270305e+01 2.957432492525119869e+02 3.365793477926324329e+01 0.000000000000000000e+00 2.779491692149851811e+00 5.050129395882983374e+01 4.029237368180954570e-02
0.000000000000000000e+00 0.000000000000000000e+00 0.000000000000000000e+00 4.697256960646195978e+01 5.569405463859729934e+02 1.921008092045662086e-01 7.274802526594850542e-03 8.929985694653419515e+00 1.297339693737108846e+01 1.518490268711164859e+01 4.898399499378714381e+02 1.601869184182585286e+03 1.605232032706395273e+02 6.029369529486486954e+02 5.710987811907120886e+02 1.434553598893105297e+00 4.008543536042517417e+02 4.822516281797621787e+02 5.593418159132897927e+02 3.266476326305951829e+02 5.787241161436351256e+00 3.353240889899169588e+02 2.424002740836153009e+02 1.217102499201673027e+03 2.681359412175579564e+02 1.854153470545393247e+02 0.000000000000000000e+00 1.336027762404751229e+03 4.947447030477688941e+02 1.737556903259041974e+02 7.440526593364668884e+01 4.499704467632801652e+02 3.751520613779824771e+02 3.010935576035489589e+02 1.011834154847546046e+02 8.720261196784502999e+02 4.537233925288526848e+02
0.000000000000000000e+00 4.602500960815279427e+02 9.294442151300412434e+02 3.106151055255343962e+01 5.040125193712314058e+02 4.028403909337768027e+02 8.954684056020294065e+02 1.075855373180144397e+03 2.677795436723971737e-06 1.019914539023517897e+01 6.224036003938499562e+02 8.826952792393911977e+02 2.115240914171708368e+02 1.685260340260684416e+03 1.517370394575429145e+03 3.777356295036209133e+01 1.916696764525450547e+01 9.187658060386762315e+01 5.931041656109096039e+02 1.553695008410063849e+02 1.173992392878156608e+02 2.093549342853039674e-01 4.302036536010481313e+02 5.832015463892518028e+02 8.792243914161022076e+02 2.131429186700349956e-07 1.060705640455142884e+03 6.554850655148815974e+01 1.473712557567354509e+02 4.391014586007726450e+01 1.531817021690532783e+03 4.140069225029823201e+02 3.312080857276535539e+02 1.112769076883275421e+00 8.673709262445798913e+02 1.547194828740466335e+02 4.993007011209710555e+01
0.000000000000000000e+00 0.000000000000000000e+00 4.091997497171633569e+01 4.610646316106789300e+01 2.369622891387230723e+01 1.857571343556358201e+01 2.005894158405383682e-03 1.695297138977756291e+01 3.282662072709977963e+01 2.783769600763218666e+00 1.077152091429415805e+03 1.253889295280579972e+03 0.000000000000000000e+00 1.156707144941207162e+03 2.426562797277169921e+02 5.370266137185857360e+02 7.287569930202767665e+00 5.673606669200981401e+01 6.931781227570012049e+01 1.494767651698249156e-02 1.799409492212052157e+02 2.160572294151588721e+02 8.745356759020118664e-01 1.355645902478789537e+02 1.856885439310685797e+03 1.624829086847101678e+01 0.000000000000000000e+00 1.969111983949551075e+02 4.356466588721514377e+00 8.353244428177637815e+01 1.442288716275679917e+03 3.392753963195895039e+02 1.077740749025612956e+02 1.987573010355284708e+01 0.000000000000000000e+00 0.000000000000000000e+00 4.224933160410100186e+02
0.000000000000000000e+00 4.296145445125048923e+02 1.781055338647644248e+02 3.270214099845254054e+02 2.896465191709352212e+02 2.426644634482944429e+00 3.967211761003638912e+02 9.551794127290520464e+00 6.167559792172866082e+02 6.077964944326672594e+02 3.438096104385741683e+02 0.000000000000000000e+00 7.218335563994836548e+02 5.095576515979850285e+00 4.337111158287675572e+00 5.717840281613938487e+02 2.655669870951260236e+02 4.442100839971754453e+02 9.373144887315849871e+01 1.110303155569687533e+03 1.033405044451610820e+03 1.111208573695436598e+03 4.146723637066887704e+02 0.000000000000000000e+00 4.986400738871820693e+01 1.147408127841625628e+03 0.000000000000000000e+00 1.531254117842661344e+01 0.000000000000000000e+00 5.704376843268956918e+02 9.380389181243782559e+02 5.606545415367778560e+02 1.418608138482934748e+02 4.626522127332974037e+02 4.323178429076536986e+02 9.431357572670400202e+01 1.219254727814000461e+01
0.000000000000000000e+00 2.050843270732038945e+02 5.752052196764982455e+02 1.817980145914101797e+02 9.251681264501714850e+02 4.637172011045286126e+02 7.905644799241860028e+02 1.623758088143515010e+02 1.604198387100150057e+03 2.471157163153186076e+01 0.000000000000000000e+00 1.088068709904140860e+03 6.792430266201449740e+01 2.187136407413735828e+00 1.138985168601989699e+03 1.833753697896891879e+02 5.745062919892202080e-02 4.861786271187553439e+02 1.051769153963805259e+01 3.620193949989423743e+01 4.178093192225473445e+02 9.088069278027792279e+02 1.382660790434572391e+02 1.105095176374280072e+03 2.100540846879140056e-01 1.414269350197873337e+03 2.150630792954353296e+02 1.642534743135731787e+02 4.336910833405410948e+00 4.554570497675868523e+02 8.325961328704236166e+02 1.249312405617838294e+03 1.307519988412182386e+02 2.186577389110762795e+02 2.514059000533994208e+02 1.291881154890633070e+03 8.170672069282694565e+02
0.000000000000000000e+00 6.428067741357326668e+02 1.191000409106991675e+00 2.287713392766727054e+02 2.355430832982761160e+02 7.374486256460349942e+00 1.123950724590070195e+03 5.939539728742157649e+02 8.227950915198812831e-01 1.573447025811252615e+03 0.000000000000000000e+00 1.601312732097063076e+02 9.683696063756297008e+02 4.268231610444134816e+01 1.331586420063325477e+03 1.807275820819601790e+02 1.533347530910140311e+00 4.839976874421319621e+02 0.000000000000000000e+00 4.226914608326866585e+01 1.960564419747553586e+02 9.091777557797049667e+02 1.395301298872889674e+03 2.273305280375371638e+02 0.000000000000000000e+00 4.525928187325081353e+02 5.992985137227689165e+02 3.185229752584719449e+02 2.225541088460974493e+01 4.226702986384304950e+02 5.708872917565015541e+02 2.034677539028182878e+02 1.193890226357076898e+02 1.166982266285702281e+03 4.586559751802754192e+01 5.864931923609124169e+02 2.241637254292855062e+02
0.000000000000000000e+00 5.695144271290907909e+02 5.039953641689389769e+02 2.403700123216711404e+02 1.539520212261298550e-03 1.326685810543902562e+03 1.107013742788388129e+02 2.796802380820198435e-04 6.933997501615425563e+02 3.326279504828869449e+02 3.439532995859196376e+02 9.983798190571676535e-06 8.265982609029266541e+02 1.100841703710958374e-04 1.261582743487565494e+03 1.757358485505303136e+01 4.158510745853029711e+00 0.000000000000000000e+00 8.966619557895486423e+02 1.239033223588040471e+02 0.000000000000000000e+00 1.277490918087509272e+03 7.681961459345872072e+02 1.603294526524861752e+01 8.326404772747330298e+02 1.346050207014652926e+02 6.510675710994527208e+02 4.574772364814403431e+02 4.397719823107485126e+01 4.871746669467337938e+02 0.000000000000000000e+00 9.830531588838663026e+01 0.000000000000000000e+00 1.544721833017502377e+03 1.370909858667377250e+02 2.363905230966297779e+02 5.842920352452881616e+02
0.000000000000000000e+00 4.030317501567989069e+00 0.000000000000000000e+00 0.000000000000000000e+00 0.000000000000000000e+00 0.000000000000000000e+00 0.000000000000000000e+00 0.000000000000000000e+00 0.000000000000000000e+00 0.000000000000000000e+00 0.000000000000000000e+00 0.000000000000000000e+00 0.000000000000000000e+00 0.000000000000000000e+00 0.000000000000000000e+00 0.000000000000000000e+00 3.329477098781298992e+02 7.656288254298599441e+02 6.887249627902319560e+01 5.566788720739338032e+02 1.176731617608455736e+03 8.271013350121045278e+02 1.438763597352942270e+03 2.782916932219604291e+02 1.833445578832840206e-02 7.635787638200841911e+02 8.448379454383131133e+02 5.137409093699599225e+02 0.000000000000000000e+00 3.778952772420211659e+02 6.176029481964786072e+00 1.214794930868686833e+03 8.078348033465078970e+01 1.283492652957245355e+03 3.141756104329745014e+01 4.692921446327576973e+01 1.089574019252745302e+03
0.000000000000000000e+00 1.486192092444315165e+02 0.000000000000000000e+00 0.000000000000000000e+00 0.000000000000000000e+00 0.000000000000000000e+00 0.000000000000000000e+00 0.000000000000000000e+00 0.000000000000000000e+00 0.000000000000000000e+00 0.000000000000000000e+00 0.000000000000000000e+00 0.000000000000000000e+00 0.000000000000000000e+00 0.000000000000000000e+00 2.170415634989741420e+02 0.000000000000000000e+00 0.000000000000000000e+00 0.000000000000000000e+00 1.654890117656783787e+03 1.852641579981591932e-05 0.000000000000000000e+00 8.997802169081168699e+01 5.137383848171075442e+02 2.378622405203288110e+02 1.861198236035357945e-02 2.077452265047925266e+02 4.157621305341659195e+02 1.023070343962340303e+02 1.314145073398900934e+02 2.824233387674714777e+02 3.001292660100976946e+02 5.375050590801566663e-01 1.267147536962026379e+03 1.173394508544601422e+03 6.121834217366931341e+01 5.606793648125179743e+02
0.000000000000000000e+00 3.806330171044436952e+02 3.435017012455455188e+02 1.353861118807548564e+03 2.033786457889319195e+02 1.654125087904197699e+03 1.756319891568923310e+02 9.570788768685748664e+02 4.863791826353158854e+02 5.494607452459924843e+02 4.168818444632363396e-01 5.537064847869330606e+02 8.198197903285766870e+02 3.879559883191430458e+02 5.050112959853825032e+02 1.748779484247764913e+02 1.261264751051666479e+02 1.223050568226057749e+03 0.000000000000000000e+00 0.000000000000000000e+00 0.000000000000000000e+00 6.295817420986527857e+00 0.000000000000000000e+00 2.319726818903140497e+01 7.082831054824904982e+01 1.280348020931920018e+03 1.125434334260959304e+03 9.050107475295474160e+02 6.423773433031493596e+02 3.114834931640426419e+01 0.000000000000000000e+00 8.475212374750533399e+02 0.000000000000000000e+00 5.700046766262590836e+02 2.479615628677479719e+02 0.000000000000000000e+00 2.205474394060340160e+02
0.000000000000000000e+00 1.334738037514054838e+02 0.000000000000000000e+00 2.197656229554806995e+00 0.000000000000000000e+00 1.075724257032195055e+03 6.252813030410727606e+02 3.612801121929880566e+01 1.194784076344176128e+03 8.324745558428897141e+01 1.299804471937043672e+03 2.408075321074856845e+01 1.931203812998659330e+01 1.409296737913056929e-01 0.000000000000000000e+00 1.280974170389268068e+02 8.665437097934093345e+02 1.305590332325385589e+03 0.000000000000000000e+00 1.252569306513554466e+03 4.374679327785922778e-02 5.720778403130418610e+02 1.635732311834784923e+03 1.152073063666131702e+03 2.967085074805267397e-01 0.000000000000000000e+00 1.619815695439087710e-02 2.773314473693097148e-03 1.237473910449127061e+03 0.000000000000000000e+00 4.049995987544331228e+02 6.926432643659349253e+01 9.926362908393455200e+02 1.054086947209888194e+03 5.552604690172267965e+02 6.552518230694629437e+02 2.109975520664139594e+02
0.000000000000000000e+00 8.632901170852519499e+02 5.739300319049869614e+01 6.773723139831744788e+00 1.247525315954649727e+01 0.000000000000000000e+00 3.515881955058405310e+02 2.599571874832857930e+02 6.253222471548958765e+02 9.020970782007792366e+01 1.580639316308222078e+03 5.370817202787790734e+01 0.000000000000000000e+00 5.514782255177441357e+02 8.949474380786995198e+02 1.151685511809936457e+01 1.544826349182648755e+03 5.392235001430592547e+02 2.331303961015697723e+02 8.964928871903437084e+02 7.488395420872622026e+02 3.647795322580769994e+00 0.000000000000000000e+00 3.375288142241064104e+00 3.073356342803097050e+02 3.989267871137043642e+01 2.758735174926485456e+02 9.772947321759623946e+02 0.000000000000000000e+00 5.110017737147073547e+01 5.228282828679299277e-01 1.266063204794921071e-01 0.000000000000000000e+00 0.000000000000000000e+00 0.000000000000000000e+00 0.000000000000000000e+00 0.000000000000000000e+00
0.000000000000000000e+00 1.671301177041298615e+03 1.392734887389337018e+03 1.481981245007358893e+03 0.000000000000000000e+00 7.694157262636268797e+02 5.148379103745996872e+02 4.838801602741624919e+01 2.788223857178793423e+02 1.920874052453083323e+02 3.814047865540783846e+02 1.501645351269285982e+02 0.000000000000000000e+00 1.507153026425817055e+00 1.985448635113349667e+02 7.311644475824359688e+02 9.107733132069313342e+01 1.064037466463456738e+01 0.000000000000000000e+00 3.180834428968734784e+01 6.308484588075818920e+02 1.102874382019779659e+03 6.876596963924639283e+01 1.542532654077014342e+02 3.586883556838851632e+02 1.130673998264580405e+03 6.278431101651823809e+01 1.229538443395870218e+03 1.232857342961608111e+02 1.980152102350927379e+01 1.622789765631097907e+03 6.177663565554064462e+02 8.430662638123761781e+02 1.753044393552970632e+03 0.000000000000000000e+00 7.133947129345768872e+02 2.040766349122046677e+02
