output/example_1/lateral_incision_000447.asc
nrows	75
cellsize	13.33333333
xllcorner	0
ncols	75
yllcorner	0
NODATA_value	-9999
[rows 0 to 16 of 75, columns 37 to 73 of 75]
3.361469718034777543e+01 0.000000000000000000e+00 4.020924072664800331e-04 0.000000000000000000e+00 3.979261858437778687e-01 0.000000000000000000e+00 0.000000000000000000e+00 5.525900172972106512e-03 1.975129308987696054e-03 1.188172025416675964e-01 0.000000000000000000e+00 1.490839285678350612e-01 0.000000000000000000e+00 1.935879317804396393e+01 8.108273727206165293e-02 2.093329821185450912e-01 4.566308148231929067e+02 5.563837012072933703e+02 6.760571021001833287e+02 5.558879181938473835e+01 8.372223329491361028e+02 2.360458973370409552e-01 7.437037567947003254e+02 1.862404962884342297e+01 2.889756057951431103e+02 6.304318187264352673e+02 5.385499670565903898e+02 4.403133197833088843e+02 1.167087137893549098e+01 5.267006942434419869e+01 1.048169385794283137e+01 1.122292021492203240e+01 2.215767845423674220e+00 1.171760928489934850e+00 1.107207941568070879e+02 6.909699642465498926e+01 0.000000000000000000e+00
2.667058310164843604e+01 8.097447668449901936e-01 1.091569533275524926e-05 3.608004507753123313e+00 7.550558769261488123e+02 3.343290203289465694e+02 7.815798400540114699e+02 3.793830986573159691e+01 6.780575591388370071e+01 6.412547454996051783e+02 7.101247375537336382e+01 4.392971512474552469e+02 2.492921108911788508e+02 7.397369280921828327e+00 8.454185330267705467e+02 0.000000000000000000e+00 5.326415185860589645e+02 1.744911411933004501e+02 1.698775907357321557e+02 9.833625407296770149e+00 3.126269442607764737e-01 2.185320369482435297e+02 1.112700456051100559e+02 5.982634752500480602e+01 2.592385291138103298e+02 8.125025625467957013e+01 2.016218692316487591e+02 2.853202477088821638e+02 3.204111934259205441e+01 3.595333971346759938e+01 5.764757463916935443e+00 8.064082196030755156e+00 2.499536128554395873e+02 9.770480092539247607e+02 0.000000000000000000e+00 5.198259336023828610e+02 1.729303510631301055e+00
1.686884053964491841e+03 2.288775821637609340e+02 3.909841369975759449e+02 8.782041947631987568e+02 2.809991145980418423e+02 3.835214275728673101e+02 4.261068186007954068e+02 2.619423920743195708e+02 1.171035036769407270e+03 7.409943226760494781e+02 2.640126339885679272e+02 6.086167350895691470e+02 3.880722058567600925e+02 1.212049956482342850e+03 3.162902365406696958e+02 2.071807340568434483e+02 3.178652057950673111e+02 1.230750198073660158e+03 1.815515239274770067e+02 3.732535567298348838e+02 1.745425862311533294e+01 7.160338033104436590e+02 6.000245544598990222e+01 1.342117351033954947e+03 1.809666226883379750e+03 6.116813495793004449e+02 1.008764127021844729e+03 5.406797167858806006e+02 6.015280204466092755e+02 4.437665164982187775e+02 6.083648369324255327e+02 8.880356226976007292e+02 2.081187528052822415e+02 7.820292646335516338e+02 3.357873946188608443e+02 1.499623575463244265e+02 1.913179475961448190e+02
0.000000000000000000e+00 8.068948041318313926e+02 7.285266248559167934e+01 4.849161743150859394e+01 1.421169956366290705e+02 2.323640328194446492e-01 4.949096967294268552e+02 6.604879695477155792e+02 7.067322028921435049e+02 6.616210593226520587e+02 7.896965631689937481e+02 1.782848074765010438e+01 1.465481380242284558e+03 9.777101325576317095e+02 0.000000000000000000e+00 1.511854976128190401e+03 3.030872313909926952e-01 2.010988451513629514e+02 1.017939901276363571e+03 0.000000000000000000e+00 1.311560277731509359e+03 1.756909559265273174e+03 7.334564595694536004e-01 2.424804381203800290e+02 9.502708534646675531e+00 1.116062531139187683e+02 1.180380338449031825e+02 1.848357950795343640e+02 5.246339995539932488e+01 6.372213707454037479e-01 2.567312940988911691e+02 6.866012702401162642e+02 3.449503861814416723e+02 2.138038586341110090e+02 1.881241517432746093e+02 7.204624982702472380e+02 3.598729230979532012e+00
7.781927348784842025e+02 1.091258861315919148e+03 7.175812911014286044e+01 1.137630238945405381e+03 1.347824712431840339e+02 2.498009121498490117e+02 3.481843776926089262e+00 1.210772462179573722e+03 3.046786339303709497e+02 2.869007154854983810e+00 4.696525577595572258e+02 1.365923727127031725e+03 9.841596180990441667e+01 5.875882079411802579e+02 8.298931012547358250e+02 2.370860065407148909e+02 1.565153525920211223e+03 1.568233495693880641e+01 1.164464046239332475e+02 3.801945280097585282e+02 1.429698077140532860e+03 6.716566429730376209e-01 3.837842662438371804e+02 9.926538186442865026e+02 8.667852182963944188e+02 5.126859624604416013e+02 8.574000610685762922e+02 1.084750480234769384e+03 5.380353540310255767e+01 1.492335848761252919e+02 0.000000000000000000e+00 5.282231740314035306e+00 6.390891483950005068e+02 1.335095692136294199e+00 8.028846357025618090e+02 5.584689546980402497e+01 0.000000000000000000e+00
5.372913474663392464e+01 1.907169263125299494e+02 3.933732986643871943e-01 5.970208285830907471e+02 5.201036685618963702e+02 1.844851147565476879e+02 3.469513287530809862e+02 1.364748727831450424e+03 1.077565025779307906e+00 1.037761622262214622e+01 1.302784080765101635e+03 1.689867709306570987e+03 4.468695768899149243e+02 3.027331137154608314e+02 2.439374282882404710e-02 2.557293154267764024e+01 0.000000000000000000e+00 9.706799178405856310e+01 7.379883058558267805e+01 9.286756674358439341e+02 0.000000000000000000e+00 9.427672443501882071e+02 9.404559353035480171e+02 2.107270224466766678e-02 4.424438938571387894e+02 3.478400338534560206e+02 6.135689479328075322e+02 1.068185885350943067e+02 9.912811761686348291e+02 1.979608707723994598e+01 3.862280074450416123e+02 1.023002805059892466e+03 1.329152483422216619e+03 4.907816252692572334e+01 9.537638614941722608e+02 1.407613870073517148e+01 5.310458336826121695e+02
1.122140446894069328e+03 8.728954863787476981e+00 1.038982635933107758e+03 1.162250347651398452e-01 1.751674862008026423e+02 3.134882743339990157e+02 1.338758786771861878e+03 4.230025153184475695e-01 1.655911710361017981e+02 0.000000000000000000e+00 0.000000000000000000e+00 2.376753964811975948e+03 1.263728088503058643e+03 4.464223367130786713e+00 1.589740431255422436e+03 1.276345110208563938e+01 1.317003435294594738e+03 1.419940583076099301e+03 1.807832791835509624e+03 0.000000000000000000e+00 1.411813139567602775e+03 3.920574921199773257e+02 9.124971956377487459e+02 1.542436765642919681e+03 3.466557377295390818e+00 2.391726762759708720e+02 8.846594215950653961e+02 6.690763934454756168e+01 7.652165385875854264e-01 4.880307528973589797e+02 1.820226025467103455e+02 7.344695344785930047e+02 1.586932808220399920e+03 1.277179004767342718e+01 1.308058923717404696e+02 6.236327327793731001e+02 2.194136093834696624e+02
9.118937367053167691e+02 2.294339559676959350e+00 1.372199771690495254e+03 1.120562363778871941e+03 1.339586737978725850e+01 7.734432822402393413e+02 1.049967101283914105e-06 7.435298813923841408e+02 9.557393450372695725e+02 1.458129667891584177e+03 0.000000000000000000e+00 1.063772960641878399e+03 6.291424257023029432e-01 1.676476589003077152e+03 7.004674109151893617e+02 3.024245348902974797e+02 0.000000000000000000e+00 1.140697593604263318e+02 1.508934980163762248e+03 1.053665083824397016e+03 6.390356203944305946e+01 8.446368314418737100e+02 0.000000000000000000e+00 3.236059921385982534e+02 0.000000000000000000e+00 4.861399514869190170e+02 0.000000000000000000e+00 4.229391289468796344e+02 3.864570663294357722e-01 4.004824388436900335e+02 3.050798034890052577e+02 7.576930782009345648e+02 4.066203289123525300e-02 1.135051102714793160e+03 1.743888660162967952e+00 1.156809133132535722e-01 1.512704334908731880e+02
2.306278186815313447e+01 1.118995772662228774e+03 0.000000000000000000e+00 8.132063676366564096e+02 1.749731216535915512e-01 2.447881478807641997e+02 6.377356005307358373e+02 4.082525778001772778e+02 1.012059939353605955e+02 1.999156460542178138e+03 1.083975085678579944e+03 6.282267710675107919e-01 1.062748164324851359e+03 1.725549309619868836e+03 5.088910140015402135e+02 1.110850811938646920e+01 1.152944690552268185e+03 2.818298007809778483e+02 7.151218555678619282e+01 4.762494163462083065e+02 1.231920248926741579e+03 1.317112769889047854e+02 1.235187055429661086e+03 6.953230030894483207e+02 3.797691013219206866e+02 8.344468817699286092e+02 1.037308927921004624e+03 1.333075830135941544e+02 0.000000000000000000e+00 2.596671890191321097e+01 9.384212601030554879e+00 7.106404191828603416e+02 1.089802535895729818e+01 1.488168900694572869e+02 7.746115699307197247e+02 7.693811067999210991e+02 1.889938698035859233e+01
1.720211659523650932e-02 5.408561782135457179e+02 1.528797159918455236e+03 1.113703108724290125e+00 8.138088114390149030e+02 0.000000000000000000e+00 4.790065684483991504e+02 1.558658785570289865e+03 5.338961167707265076e+02 1.654829087813486467e+03 0.000000000000000000e+00 9.080210273666868943e+02 2.219048922128556114e+03 0.000000000000000000e+00 5.701834770767723057e+02 9.066120379867093959e+00 1.948926485541350928e+02 1.469617916845046693e+03 1.924648412843754386e+02 1.232141496465425007e+03 2.981577160927875170e+01 4.697740449125406599e+02 2.607811127484538805e+00 4.835528191867967394e+02 4.566576793670186021e+02 6.416983912018092724e+02 0.000000000000000000e+00 3.815176916466264743e+02 2.919127473933290275e+02 9.086970258197136729e+01 3.027642385242074852e+02 3.869675027001987360e+02 8.708575031969492386e+01 1.245905037558469758e+03 1.874813114974333303e+03 1.073864875541764832e+03 3.982036185008936968e+02
8.614033308193393168e+02 3.106975799503636040e+02 3.342445729854759406e+01 1.103876641019463705e+03 1.647244378794805016e+03 5.653700352776553473e+02 8.094773242159299109e-03 7.997752247889363844e+02 2.012197652736707099e+01 9.552363642499293039e-01 1.456064786831971787e+03 1.522371964701521392e+03 1.478443874965102850e+03 6.964780108584667460e+02 6.870271627679076119e+02 3.147314958586788975e+02 8.031768138726451411e+01 3.270448874970956012e+02 8.957594396917009760e+01 6.441244724456145931e+00 3.413746796813786233e+00 7.596053224510848167e+02 1.050513919917203864e+01 1.979624385162609101e+01 7.689817226232456449e+00 3.190422285698188087e+00 9.033815708915282130e+02 3.491474788746447189e+02 1.178440674725465897e+03 4.505139459219255400e+02 6.308955041287116501e+02 2.964457883190700045e+02 7.542331904268414711e+00 8.463673691662327414e+00 1.033297487611686165e+03 2.138056738759540281e+02 2.655410054485078604e+02
1.495269338535069181e+01 2.797103868005294558e+01 6.586078492529444475e+02 0.000000000000000000e+00 4.829530224454290988e+01 1.160962819920438506e+03 1.339476888140511392e+03 4.504513904718783213e-01 2.512983172466111270e+01 2.383499612506033145e+02 3.533760507803252153e+02 7.610217194184433254e+01 2.343706573235622272e+02 7.240625497101071950e-01 2.060943326674772891e+01 5.342168154675199787e+01 2.369423376751211094e+02 6.006939785946192387e+02 5.724074545521850723e+02 4.088704741150696691e+02 9.648370937763128268e+02 3.742529362509527573e+02 7.620000840302874394e+02 3.062103022875551233e+02 6.707084693175706889e+02 4.245870085437307466e+02 4.949059561258411577e+02 8.089878597599931709e+01 8.461651202140066275e+00 1.233281818706509057e+03 1.962680834500643527e+02 8.385581913804999843e+00 1.507108819060937549e+03 6.163653513967840354e+02 1.314994747769167915e+00 2.466196815014077970e+02 2.896385353329971508e+02
4.663841601031142545e+02 0.000000000000000000e+00 2.921482449353397328e+02 5.301741780530160213e+02 1.841238900137162204e+02 6.569791533340784326e+02 3.020622670197213324e+02 1.888031124138422570e+02 1.448137027609545414e-02 1.558999280514149932e+00 1.480787433199539691e+03 1.024410003953867545e+03 6.874488490939128269e+02 4.162718433346913116e+02 3.559641893387547498e+02 4.977215241509369434e+02 8.996253797255948825e+01 4.953412043249076078e+02 3.925646620997735567e+02 1.333676559230884493e+02 6.620450712538799110e+01 2.357154608903234987e+02 1.525784631071312702e+01 1.847116125447554964e+02 6.049936683977900742e+00 7.720709098404315851e-02 3.790775666542176054e+02 1.097608351284393393e+03 3.315151620548190294e+02 2.978259242694094269e+02 9.392220232791309797e+01 1.405046157197991306e+03 1.056441660195984241e+03 3.485418556790151001e+02 4.316601353672217556e+02 1.749781531504382883e+02 0.000000000000000000e+00
8.898761329193678193e+02 1.617960905002911176e-01 1.697203111518323624e+02 1.667109490482353522e+03 8.114938695373845121e+02 7.805473159851214149e+00 3.345177163033309853e+02 0.000000000000000000e+00 1.077314564865903094e+03 4.809937076255524744e+02 7.068310277378692774e+01 3.447640186498794037e+02 5.703131297345947814e+02 1.575093499824422167e+02 6.104231516394416985e+02 6.394786444701311439e+02 1.070974146745135869e+01 4.687274806731735453e+02 1.147347613591941951e+01 4.730575690388962471e+02 3.859559515775359841e+02 0.000000000000000000e+00 2.992971782466683450e+01 1.373989548403669048e-01 3.855499362409878472e+01 8.330917270204595582e+01 1.308866092265204315e+03 1.042308529610793357e+02 6.654258487165127463e+02 4.605154395361856245e+02 2.443897344242239100e+01 4.038386022930796457e+02 1.035311863433321832e+03 6.744571027871975843e+01 0.000000000000000000e+00 8.153057826836372897e+02 4.131351854178686267e+02
1.106526365456432814e+03 1.683729283966092680e+03 5.374991911255505528e+01 7.312912657478066194e+02 1.142691777873805847e+02 2.639887726032408750e+02 2.674140222389081334e+00 7.654571494215298344e+02 0.000000000000000000e+00 3.418650022548027323e+02 1.212251780592993327e+03 1.073792105825332932e+01 1.601220449163279909e+03 2.443179337897480764e+03 1.276436327516084475e+03 5.203169301937110731e+02 1.724725557905780420e+02 7.184505072804668089e+02 8.019479794314892160e+02 3.582050870089207706e+02 4.581800493993305281e+02 5.314875816192319462e+02 1.065411395867228919e+02 1.124162007038016782e+02 8.242467165931037698e+02 1.146288227763640634e+03 5.840181647408826393e+02 2.995754516769989664e+02 6.105094778544010170e-01 1.072399438330922067e+03 0.000000000000000000e+00 9.182260010910247274e+02 7.016308753130005016e+02 4.798202670749265621e+02 1.663067644445805229e+02 7.953898704278265086e+02 2.496525044202763581e+02
5.050205269700297483e-01 1.361212990230116020e+02 1.441518293467267085e+03 3.004757721433654183e+02 2.890608255097243173e+01 6.470043070093616961e+02 2.219514735974773600e+02 0.000000000000000000e+00 2.922799662729654528e+02 8.792778857830668358e+02 5.703131297345947814e+02 8.436369696014533019e+02 5.343265508407207420e+01 1.592336894807084718e+03 4.676384164973592306e+02 1.180233414310974496e+02 8.682012550657419752e+02 1.669060763945875578e+02 1.101459898576311843e+03 3.171975807698512995e+02 1.554085529157076984e+01 6.256368578125711792e+02 2.714217787885374378e+02 3.107911983750004197e+02 8.416798580894571842e+02 0.000000000000000000e+00 3.933977376033927840e+02 5.675697042702610133e+02 2.687381786749392631e+02 3.095768517420108878e+02 3.194213755396323151e+01 1.384906329669031599e+01 4.688965545134601030e+02 1.920394948898720031e+02 0.000000000000000000e+00 9.549518396495966499e+01 3.489134209451200377e+02
8.700720128707168044e+01 1.566645521380855143e+03 0.000000000000000000e+00 1.064387542115489254e+02 1.094028220051483686e+03 5.920574974905903218e+02 2.490900531237092821e+02 2.600488434761663257e+02 4.402205312393821828e+02 2.959084195090584402e+01 1.038769812270851617e+03 2.476077160132160770e+03 1.516860048370550658e+03 7.551788058667839643e+00 6.183902033736270596e+02 8.210925602371089553e+02 9.486917931364078527e+01 6.334344299546432921e+02 1.301228944790847777e+02 6.744612799008143922e-01 3.621859987951028188e+02 5.598602233113412012e+02 9.351157799571531370e+01 1.670952770791286639e+02 1.119598796905236668e+03 7.900111971113052505e+02 1.158348063473560842e+03 4.990522813461261649e+02 5.953682033100626541e+02 4.794747490131532572e+02 3.416462850670657136e+00 1.672257864028416634e+02 1.005340501014650272e+02 1.025164652733908639e+02 4.067814154911275892e+01 6.072761423504657614e+02 4.311961971701002767e+02
