output/example_1/lateral_incision_000204.asc
nrows	75
cellsize	13.33333333
xllcorner	0
ncols	75
yllcorner	0
NODATA_value	-9999
[rows 34 to 50 of 75, columns 0 to 36 of 75]
0.000000000000000000e+00 0.000000000000000000e+00 1.532183878498515469e+03 1.368175761826265768e+00 1.435062254567832269e+02 1.331045083301484908e+02 6.028317325715587458e+02 2.184349397343260648e+02 1.288209716279527628e+00 2.722447268792470609e+01 5.814506940120514855e+02 3.078808281106756795e+02 1.225736383810098857e+02 6.055949089499168991e+01 9.427161264818012398e+01 1.415605518818827591e+02 1.633016303585442017e+02 3.579087092708965656e+02 1.025831062593480780e+01 9.559745606014768100e+02 6.006565847776097371e+02 9.694618248455203480e-01 2.958516308331272171e+01 1.718385911716647172e+02 2.128420214090126805e+01 5.583420931746097722e+02 1.076183199467862863e+02 4.374127704846480924e+02 0.000000000000000000e+00 2.552384855247983637e+02 3.419938719188103846e+02 4.770872810609811410e+01 1.491596640779343261e+03 0.000000000000000000e+00 1.037785645719553031e+03 1.931180151368969518e+03 1.137013039208986129e+03
0.000000000000000000e+00 5.956997107611829279e+02 1.053715964554333596e+03 1.435878943360125504e+03 2.841621926135483367e+00 5.915312839006086278e+02 3.179301562833177854e+02 1.222699559574099112e+03 4.991209304319534112e+02 1.024625888980704929e+02 5.395752997704813652e+02 7.690897158812732641e+02 1.392949463117509595e+03 2.070148899870117987e+01 2.578495665487883457e+02 5.485507490324925328e+01 3.068341576269986248e+01 1.565008256946337362e+01 5.289769132741954649e-02 1.634247757945202466e+03 2.114462597517742792e-01 4.300033088959703491e+02 5.974003918917921965e+02 9.694553463059035039e+02 0.000000000000000000e+00 1.500614016644820140e+03 8.113861578579268041e+01 7.392734393735862568e+02 3.937551269171807311e-01 4.655145328873266521e+02 6.223716409421706430e+02 8.563534740836350920e+02 4.735021422918936018e+00 1.288868953730901239e+03 1.421750213803821225e+03 1.307489045918896636e+03 5.712204905712113145e+00
0.000000000000000000e+00 5.871150863010622061e+02 1.015232480360543718e+03 4.548893666407537921e+02 1.358156721220974305e+03 8.297627793004686225e+01 7.997358330753717155e+02 4.409552437531588680e+02 1.289545798326471186e+03 7.002927382471026476e+02 4.613714989042404682e+02 9.729144423240444484e-01 0.000000000000000000e+00 7.320865026108082247e+02 1.607113398598773557e+01 1.378911483857065718e+02 1.204108394170591055e+03 1.409999202363184850e+03 6.419131347536384737e+02 1.427957788435510054e+02 1.345123094834144517e+01 1.062330331012208489e+03 4.530879414221458319e+02 6.160107900952829851e+01 8.750576569556407094e+02 3.537252224039367547e+02 1.215440225470350466e+00 2.860278307695683679e+02 2.210188690047185212e+00 7.059599877171220328e+01 3.175555243476616329e+00 2.157369459941056903e+03 1.244493327338281233e+03 1.272405756403580668e-01 1.197237155976807117e+03 0.000000000000000000e+00 4.688771907206900096e+02
0.000000000000000000e+00 1.484125156244756738e+01 0.000000000000000000e+00 2.763481893098283422e+02 8.128904663332003793e+02 3.414095570512267273e+02 1.809249952202316649e+02 6.710502472540621284e+02 9.150926184243006674e+02 2.661672627634017658e+02 1.017217579791488106e+03 9.621420396470346077e+02 5.132703001716995459e+02 2.891312322815259108e+02 1.356015273791624266e-02 8.604633258187359388e+02 4.975139643557313889e+02 2.739265048932263413e-01 3.116041742762930653e+02 3.548225579551809261e+01 7.460992862352250086e+02 1.937830120394813207e+02 1.190320901026677575e+03 1.165093568449520717e+03 7.817924299556909773e+02 1.816225278582138891e+00 5.927377358133709322e+02 7.773585604093537995e+02 2.085996886201767211e+02 1.033079941476672047e+03 5.861331229136588945e+02 4.197361728907441858e+00 9.635182188486718360e+02 3.100791352801303447e+02 0.000000000000000000e+00 9.744622746436195939e+02 1.642358852108989140e+03
0.000000000000000000e+00 0.000000000000000000e+00 8.054336401112415160e+02 1.220963148630463138e+03 9.151371523807614494e+01 8.588525233870303737e+02 3.034215845483185703e+01 4.772487417380166335e+02 6.481629664329341400e-02 1.518490268711164859e+01 7.245289950815377722e+01 8.991619891982703905e+01 5.491690057218969514e+02 1.133412928202027615e+03 1.157459469301009136e+01 5.412343534237847962e+02 0.000000000000000000e+00 6.821685341982968112e+02 7.225965263503247797e+02 5.037183409001881529e+01 3.564869578755950101e+02 7.671876441157783120e+02 4.747325169987463482e+02 6.539601803030435923e-01 1.412884572108327461e+02 1.188401907203039400e+03 0.000000000000000000e+00 4.472112956016110275e+02 2.151341709753821476e+02 2.165688265312184058e+02 5.923619699683874984e+01 1.965054077946388702e+02 3.247792636404485620e+02 0.000000000000000000e+00 8.499357870216176281e+00 9.084461054115349725e+02 1.307581101651889412e+03
0.000000000000000000e+00 2.965175245867625335e+02 2.697412601866532977e+00 1.555851833763244656e+02 3.248133183585165398e+02 3.035362949334976861e+02 9.711015616167530595e+01 5.559624761960914263e+00 2.677795436723971737e-06 1.019914539023517897e+01 1.670677984208406315e+02 1.663934155969693336e+02 4.370282756273461473e+02 7.374855649003580993e+02 2.750676371313610389e+02 2.770528297452394781e+02 2.678835119927180042e+00 9.483205450807329129e+00 3.125411433403205592e+02 4.233029602533952840e+01 1.430235560283588711e+03 5.475064817013525271e+02 3.768096837507519581e+01 4.182867466564405134e+01 5.269587265293629343e+02 2.126299223304768873e+02 8.413373477210536748e+02 1.884600853334854946e+02 0.000000000000000000e+00 6.770772302410736074e+02 5.392309231982367237e+02 0.000000000000000000e+00 1.237946690241024044e+02 5.431634476684082529e+02 1.094253479950185238e+03 9.126110918961552798e+00 9.400286307280138942e+01
0.000000000000000000e+00 1.193589336122957434e+02 1.157733356350905296e+03 1.526467176761229894e+01 2.353776492870745329e+01 1.857571343556358201e+01 2.005894158405383682e-03 2.489479767233764539e-03 0.000000000000000000e+00 2.783769600763218666e+00 1.605434474577803940e+03 6.380183549552834066e+00 1.160739235983159688e+03 1.027010870613263478e+03 2.608202415224126867e+02 1.288257748435835595e+02 1.054041354977368838e+00 5.326357342615738588e+01 2.030745582816301109e+01 3.076119619707035326e+02 0.000000000000000000e+00 6.563273192230741415e+01 1.217968013427554979e+03 1.424704544162731509e+03 1.012753346148958485e+03 1.284563640383990979e+01 6.790666705193437735e-01 6.867014072227964334e+02 4.501634644071604185e+00 7.870055586741103753e+02 7.829153341809754920e+02 3.570552806532043064e+02 8.941164059350427351e+02 4.470399996664957030e+02 9.314777150335352474e+01 1.468346308947272746e+03 4.279976839708411696e+00
0.000000000000000000e+00 9.441959664614425662e+01 0.000000000000000000e+00 1.087712851456278941e+03 2.896465191709352212e+02 2.426644634482944429e+00 1.676958743886356373e+01 4.643263697927607581e+01 1.156708119480889252e+02 2.887130549458231599e+02 3.230225474321306365e+02 1.039655897728156106e+03 1.272448822428688402e+02 0.000000000000000000e+00 7.679330514981039641e+02 3.332278896074083008e+01 2.087613995166339009e+02 4.190117014232757953e+00 8.571965813769269289e+02 1.468841148724354071e+03 8.026134668977325646e+02 5.415263770091693907e+00 1.548656506332913807e+02 2.030953643763337766e+02 1.697408086679373582e+02 7.919937303033062790e+02 1.427012782458452591e+02 3.033373287160925802e+00 6.004064494252290274e+00 1.281129527390216083e+02 8.056552491476999194e+02 3.933957042729713294e+02 3.639504614433171810e+02 3.195296260365281569e+02 0.000000000000000000e+00 8.227519419325816443e+02 0.000000000000000000e+00
0.000000000000000000e+00 1.375929847779765396e+02 5.752052196764982455e+02 1.817980145914101797e+02 2.607189507088962728e+02 4.637172011045286126e+02 1.020508328680679256e+03 7.683013002250474983e+02 3.335904375501513641e+01 1.141335500746836715e+03 9.361624259103842860e+02 1.715567119741445595e+03 1.673037889440782777e+01 9.721937988944672497e+02 2.947687915626811446e+02 2.271065308154387026e+02 1.095304658827819395e+02 0.000000000000000000e+00 5.419990096372893049e+02 1.368318747264242461e+02 1.478877955655249377e+00 5.054236873804737229e+02 0.000000000000000000e+00 1.393584653375503990e+02 3.594352439666101962e-01 4.295626863245268510e+02 7.078222628924385162e+02 6.006577533627049661e+02 1.597983388394195288e+02 4.378645704359713591e+02 1.148398354997407012e+02 9.643789485935324137e+02 7.965328219828321608e+02 1.670777321366375929e+02 4.113115611359985380e-02 0.000000000000000000e+00 3.945254796488615767e+01
0.000000000000000000e+00 5.831114568923408115e+02 1.191000409106991675e+00 0.000000000000000000e+00 6.055361048901211234e+02 1.392266159275067139e+01 9.758063628975403248e+00 1.435098787798520107e+03 7.182140859661618038e+01 1.052557058215120378e+03 2.037278308829002640e+02 0.000000000000000000e+00 1.192547615905591556e+03 6.603215358787867899e+02 5.649275150258180247e+02 1.016986549479281763e+02 2.804239672078617787e+02 0.000000000000000000e+00 1.249186935875081645e+03 5.889369855117822539e+01 1.599396240678752974e+03 8.464932728289979877e+02 9.236031064032930260e+01 4.297433903555138954e+02 3.062471830039103793e+02 6.614108050932216543e+01 7.658590673255787351e+02 2.590611594158540925e+02 9.604304723729677562e+02 0.000000000000000000e+00 7.125089565920717405e+02 1.174900759943233055e+02 7.052066984686804929e+00 1.771075401908541949e+02 1.259907649713830551e+03 4.891853804740207465e+02 1.498751672381674780e+03
0.000000000000000000e+00 5.695052044768397081e+02 1.494315473839395509e+03 9.430167372156516592e+01 7.495712389656838468e+02 6.337088122055575212e+01 5.022803629635167795e+02 1.149085862271926317e+03 1.258972347698254453e+03 5.047680792741159195e+01 6.365437752356191368e+02 1.257884593416340749e+03 5.332151088574617148e+01 1.322550042823104150e+03 5.266210290771751943e+02 2.491895876321412118e+02 9.181348357775254954e+01 9.961869157463362399e+02 8.464392718187017550e+00 3.167411238653631926e+02 3.946305149634076201e+02 2.859604690557309823e+02 6.021885010050767768e-03 1.319280736987381033e+03 2.628844194235231271e+02 6.002712326494232542e+01 4.004288732945169045e+02 1.417082302079322176e+00 1.244158991397978980e+03 6.482701945397509462e+02 0.000000000000000000e+00 6.530365807942021092e+02 1.506016283254031123e+03 1.770198333865336622e+02 1.122598494306161001e+03 6.405279764528155511e+02 3.054743764520826517e+02
0.000000000000000000e+00 3.878158162598421388e+00 0.000000000000000000e+00 0.000000000000000000e+00 0.000000000000000000e+00 0.000000000000000000e+00 0.000000000000000000e+00 2.922361255981340946e+02 0.000000000000000000e+00 0.000000000000000000e+00 0.000000000000000000e+00 0.000000000000000000e+00 0.000000000000000000e+00 0.000000000000000000e+00 0.000000000000000000e+00 1.395369723760333045e+03 6.760239675387754232e+02 2.035654474852523915e-05 1.475766765803562748e+03 5.189280680939440344e+02 9.074281504640650837e+02 1.257741757907187008e+01 7.839692031402889825e+02 1.153266714778742653e+03 1.787728716110699878e+01 5.963592369009403455e+02 1.612280913888546820e+03 2.163565883265098648e+02 1.014145906553411351e+03 6.855611495327889315e+02 1.605010088823504759e+02 2.817183235189834818e+02 1.140258190793508220e+03 1.439430134497201607e+03 3.034762739771968421e-01 3.787756101411021064e+02 1.611893985291882700e+03
0.000000000000000000e+00 1.465838870271925316e+02 0.000000000000000000e+00 0.000000000000000000e+00 0.000000000000000000e+00 0.000000000000000000e+00 0.000000000000000000e+00 7.889876824668244026e+00 0.000000000000000000e+00 0.000000000000000000e+00 0.000000000000000000e+00 0.000000000000000000e+00 0.000000000000000000e+00 0.000000000000000000e+00 0.000000000000000000e+00 0.000000000000000000e+00 0.000000000000000000e+00 1.541239808005554551e+03 7.556708120540184836e+01 5.106237136491794217e+02 1.003469067355221569e+03 2.872019025020460390e+02 0.000000000000000000e+00 1.444395133807628326e+03 2.612180996600700382e+02 1.402958101197366886e+03 4.271139016706146663e+02 1.133381921962400725e+02 4.388175907792016233e+02 1.571282007744045472e+00 5.661219105054881595e+01 1.557661936299521983e+02 3.838168512331983351e+01 9.811469546690217385e+02 4.610797231419566629e+02 3.371558343591172502e+01 1.740732732316550482e+03
0.000000000000000000e+00 3.805663115124858109e+02 6.494355128629539422e+02 2.743339920508868213e-01 1.124253014709597522e+02 1.546156924925773183e+03 0.000000000000000000e+00 4.434155830320676728e+02 6.872844984784950384e+02 1.074562546764127319e+03 2.719668813921961714e+02 1.541633697069557307e+01 1.157607130823983880e+03 1.468307000595068075e+03 1.057934063944217996e+03 2.405557232801109251e+02 0.000000000000000000e+00 1.284387845867726583e+03 0.000000000000000000e+00 1.019173615926058289e+02 6.097660258728860860e+00 4.898975678863355938e+02 3.166688361626452775e+01 1.135902050430102918e+03 1.699664710886081025e+02 5.040694151621372612e+02 1.621010624726801552e+01 6.217811830685966470e+02 4.267009758004986963e+01 5.292626791935965969e-01 5.082049660423957107e+02 6.780946101167531879e+02 6.426584106276277453e+02 4.238088858330702919e+02 1.127369264097716496e+03 1.716645779634435712e+03 2.682871244951636314e+00
0.000000000000000000e+00 1.227736116489282239e+02 1.532148375530683282e+00 7.935889311321961404e-02 4.364899586343145010e+00 2.538639100258700978e+02 4.317119801998866535e+01 1.226081559991444010e+03 9.689220976817083510e+02 1.108581937448064764e+03 3.691291798289603321e+01 1.341984006932760394e+03 0.000000000000000000e+00 7.443343848093196584e+02 0.000000000000000000e+00 5.450955406767014892e+02 1.421089161672011869e+03 8.367864387565806528e-01 5.325243680825433756e+01 2.198801793867479759e+00 1.436887114704948317e+03 0.000000000000000000e+00 9.172327595178793445e+02 7.743378173941549676e+02 1.527654742144943384e+03 4.614221274204219014e+01 1.035825090350665278e+03 8.570906809706493732e+02 8.792033195045310728e-04 1.962116869228458143e+02 3.452947896847003936e-04 1.253594928244867788e+02 4.686661316815861937e+02 1.058124688632115749e+03 9.878989017500562113e+02 1.755145743662054891e-01 7.094939580490794242e+02
0.000000000000000000e+00 3.738539400032465210e+02 8.221449730183106794e+02 5.001028324837667682e+00 0.000000000000000000e+00 5.161282647417224325e+02 8.170432503796119761e+01 3.650581273660583292e+02 8.934359748342309331e+02 9.648815108016978002e+02 1.169819268165822734e+02 8.715797629135419129e+02 8.066919911814690461e-04 0.000000000000000000e+00 5.514898093985834748e+02 2.076802860529857355e+02 1.802821591228778288e+03 1.552657621745459267e+02 1.653295954236676266e+02 1.119760925873148835e+03 2.368668112903621059e-01 0.000000000000000000e+00 0.000000000000000000e+00 6.581441112337605546e+02 5.001314973783023561e+02 3.387442646298069349e+01 2.268795385227276848e-08 0.000000000000000000e+00 0.000000000000000000e+00 0.000000000000000000e+00 0.000000000000000000e+00 0.000000000000000000e+00 0.000000000000000000e+00 0.000000000000000000e+00 0.000000000000000000e+00 0.000000000000000000e+00 0.000000000000000000e+00
0.000000000000000000e+00 0.000000000000000000e+00 0.000000000000000000e+00 0.000000000000000000e+00 0.000000000000000000e+00 1.075018854792092498e+03 4.360064758722649714e+01 1.522544018884128491e+03 6.494422357944869439e+00 1.598254828045411386e+03 3.283541634395621145e+01 1.386012513445833292e+03 3.026780429075867218e+01 5.503150710203733809e+01 6.738334604154404133e+02 9.361256775846570690e+02 4.169026310113127352e+02 5.048198244428298231e+00 7.018512017643510603e+01 3.695338124028208426e+01 1.258050241204821987e+03 0.000000000000000000e+00 1.747036277128729580e+03 3.312122871900590404e+00 3.382602147286212890e+00 0.000000000000000000e+00 9.340413024021006549e+02 0.000000000000000000e+00 9.063997332331495045e+02 1.200036545659222838e+03 0.000000000000000000e+00 0.000000000000000000e+00 0.000000000000000000e+00 0.000000000000000000e+00 0.000000000000000000e+00 0.000000000000000000e+00 6.039750275098928114e+02
