output/example_1/lateral_incision_000353.asc
nrows	75
cellsize	13.33333333
xllcorner	0
ncols	75
yllcorner	0
NODATA_value	-9999
[rows 17 to 33 of 75, columns 37 to 73 of 75]
1.761283189832919618e+02 1.383255690886022194e+03 5.751754529638349140e+02 0.000000000000000000e+00 6.463093796727822564e+02 0.000000000000000000e+00 1.165304779010042239e+03 4.305335915374978839e+01 1.515363679287224841e+02 9.110678895671345572e+02 9.609380207633157056e+01 1.094047535037016587e+03 1.624180731087347567e+03 5.979531826941106942e+01 1.220892525779398312e+02 7.840299678267589343e+02 9.755521015206385300e+02 1.711302054293184582e+01 4.704454595798566743e+02 1.376279793132839131e+03 2.597212732064974716e+01 2.811529156079481027e+02 3.416941833050977380e+02 1.312575824429883937e+02 4.612499468497500699e-01 3.844300033345791689e+01 1.963109777071944109e+02 0.000000000000000000e+00 8.641527631989118845e+02 5.271186494591903511e+02 1.444739443787556921e+00 2.583011767129809186e+02 4.780366199611286788e+02 1.185202100690817815e+03 7.506543651338749896e+02 7.325627828540236806e+02 4.532776352637952186e+02
2.725289552572444904e+02 1.921648397393029768e+02 5.819012736087071289e+02 3.389102583526923240e+02 7.852360584065234406e+00 4.467940123217805093e-01 3.167380570353359417e+02 9.781841691197328270e-01 7.783963932280029212e+02 1.107767343850789956e+02 7.320606145998202408e+01 1.909517931142732152e+02 1.045589229223365692e+03 1.171937570447231110e+03 9.317775241188624022e+02 0.000000000000000000e+00 1.196129398897399341e+02 3.780651783864356048e+02 3.552956260200988936e+02 1.933583229819043581e+01 3.515798152328200672e+02 1.536393773226504663e+03 4.525642599339171284e+02 3.907699015283621407e+02 1.913888754446226130e+02 0.000000000000000000e+00 1.066909598555026264e+02 1.163846251605797448e+02 3.382623517001720757e+02 6.188868519698750106e+02 3.727300380267068114e+00 5.531110655565450998e+02 9.245658149554810734e+01 6.284230271808990409e+01 1.411602241922783833e+03 5.498534082392042421e+01 9.201430983396692227e+02
9.905324059991496597e+02 0.000000000000000000e+00 1.496244103632644240e+01 1.553629124057872082e-02 2.085564328246624370e+02 4.162015913849636206e+01 3.960741793964184581e+02 0.000000000000000000e+00 7.206133336566957723e+02 4.426847608129834839e+02 3.566232630519766644e+02 1.619955961463265908e+02 2.179509660799303106e+02 2.069658103161819440e+02 4.003299264046879102e+02 4.843486399319212410e+01 1.667122303850300398e+02 1.982025243550073981e+02 4.638471986859973413e+02 2.158010077944712464e+02 4.851013630340468694e+02 0.000000000000000000e+00 2.786734458516860613e+01 1.398375006736565069e+02 5.037142218338379394e+02 0.000000000000000000e+00 2.628748559295206064e+02 2.795115714726932765e+02 1.228360197357578272e+03 2.118898684157341847e+02 1.833247286720583347e+01 4.242663171835182538e+02 3.317888499353754241e+02 7.904490680433716534e+02 1.372418697508386964e+00 3.063565588146715868e+02 2.708481674315103760e+02
8.875333778481269746e+02 2.019580091140640299e+00 5.903506665996211495e+02 6.012458040588880976e+02 0.000000000000000000e+00 2.151524781139289644e+02 8.797562235796189043e+02 1.263846256782022010e+03 4.195053900063800825e+02 3.528245192398419050e+00 1.969832203182279251e+00 9.927803040167241306e+02 2.282533835101110853e+01 8.620906368194418974e+02 1.338593882009600833e+01 9.604531041789512074e+02 1.110719684909936404e+02 3.290426836711851433e+00 3.436446173628033876e+02 6.859030715151142203e+02 1.067658119249944946e+02 1.423261036072288334e+03 6.164561263131407998e+01 0.000000000000000000e+00 1.619816308823319105e+03 5.506961754178141746e+02 1.586364331620172266e+02 5.143620814554470826e+02 1.079019423762787937e+03 0.000000000000000000e+00 9.616872791689236237e+02 4.733013208582169113e+02 2.395162205665277497e+02 1.676379075234275362e+01 2.992923480427534741e+02 1.501050015363094417e+03 5.230767974649936605e+02
0.000000000000000000e+00 1.429742983945169271e+03 2.319091553437851161e+01 4.064661898948368268e+00 4.099649587446071450e+02 8.268516159468454134e+02 2.163195892817222727e+02 4.038814004913410116e+01 4.503275654654601681e+02 4.221559054779400100e+01 6.449572888048659358e+00 6.650459180114937681e+02 3.316332522173615871e+02 1.401687595014862495e+02 3.035469064377643917e+02 5.053311721675105446e+02 1.469092348997862700e+02 2.875875276270558629e+02 3.126125253767306233e+01 7.096909764672462018e+01 4.258139884109851891e+00 9.671201248583582988e-01 1.377196074890582167e+03 2.702333202247005488e+02 9.052295162259910910e+01 7.395907188628842732e+02 1.458054164408310726e+03 0.000000000000000000e+00 1.277953287068039799e+03 4.236721302424545001e+02 0.000000000000000000e+00 9.757389263278138287e+02 1.068992496202993969e+00 5.956703846325852680e+01 8.196978940093410415e+01 1.408335903229426833e+02 9.021522234514419551e+02
2.985572918476461446e+00 5.154392676968292335e+02 1.589984353485391750e+02 1.247508598001940300e+03 4.259661801088139299e+01 2.352191750249847928e+02 0.000000000000000000e+00 0.000000000000000000e+00 4.439186298646495388e+00 1.855324591457896020e+02 9.040965128550187968e-02 1.305747780444582133e+02 1.765982354765870070e+02 1.096190436060197499e+03 6.862645655484529925e+02 1.498666560988113361e+03 6.582724323703409937e+02 9.545102985254045436e+00 2.723501862240396463e+02 6.732702979532801635e+01 8.181654053719375952e+02 4.890446333194361017e+01 1.715494081389824146e+02 0.000000000000000000e+00 1.662651869169910697e+03 1.365445220802382096e+02 1.538361054890574451e+03 1.639780710243808244e+03 8.151000599388300998e+02 3.888746701105331161e-01 4.417757048169838754e+02 0.000000000000000000e+00 1.219662472190081644e+03 7.497571646943674750e+02 1.479551446565943479e+03 8.248157503848656233e+02 0.000000000000000000e+00
1.054213444269940396e+02 2.599273252748511367e-06 2.777072358669370633e+00 1.270243440523967138e+03 7.725081081106671945e+02 1.005961427902215632e+02 1.341900040341453746e+02 4.219334138992496719e+02 3.767752541115734743e+02 2.740292994068136636e+02 3.798307962791318459e+02 1.165437387424673510e+01 5.406989258261346549e+02 3.587520531462443500e+02 8.800671587390535677e+00 3.995083883085735721e+01 8.098411189217094375e+01 4.874988332475828656e+02 9.118525992721981765e+02 7.912343438143665253e+02 1.249963894436261626e+03 4.016348310991637618e+02 1.980093607083363736e+02 5.672483162491055442e-01 8.625799054121093832e+02 6.014698705486957806e+02 1.320885100584060723e+01 1.154983053431947837e+03 6.368425216407580525e-01 7.616020265670551908e+02 9.944837608044651915e+02 9.349429027610896981e+01 6.328396206855859418e+01 6.677881718947463696e+01 2.832647306448328450e+01 4.241394995985327654e+01 8.258398710429614766e+02
0.000000000000000000e+00 1.349501598732258856e+02 6.524428446460801752e+02 3.999752334217469070e+02 1.849862619208903709e+02 6.959345987544881318e+00 7.837937451824553818e+02 3.029508749822061873e+02 3.464869151955795132e+02 9.079465550446995437e+00 2.062930320415676420e+02 6.719011616870434409e+02 8.967295377223425703e+02 3.969853492204013889e+01 3.371973094988145476e+02 5.633820672787105650e+02 1.461703270905724423e+02 5.279416333520354101e+02 4.828090840081797097e+01 4.819072651376373195e-01 5.932395059433503093e+02 2.755288972694161203e+02 5.669891754609314916e+01 1.035564099492824653e+03 6.683881059244147309e+02 1.321087196164069837e+03 1.321236135850018854e+03 2.327017675220961035e+00 1.110212616780441294e+03 9.369612910136019082e+02 1.002288807005509597e+00 1.184343883535548457e+03 1.901509993437038020e+02 5.510283657162407280e+02 9.089246244220387894e+01 8.026588940814647231e+02 5.055578595976587053e+02
9.133642767750046687e+01 1.224753233667851049e+02 2.196072450863161762e+01 5.792534326457870009e+01 8.791291774418886007e+01 6.515442139616783868e-01 0.000000000000000000e+00 1.433405593586262739e+03 5.332128276029939116e+02 2.597739235518884584e+02 2.491724447003738021e+02 4.819038732577823225e+02 1.289470397657285730e+03 3.043141942548799648e+02 2.392793224525303799e+02 2.726527868722268408e+02 3.359226900783802989e+02 1.238061577728068308e+01 7.796655928996621299e+01 3.953505848042486264e+02 1.032191004949436142e+01 1.192872157069701622e+01 1.307424111862746713e+03 1.378812562756452962e+03 7.110791447169965140e-01 4.154468240542746571e+02 4.583017328557536416e+02 3.283398838771398687e+01 3.859281948506557569e+02 2.192440632674268670e+02 0.000000000000000000e+00 2.791220659623206757e+02 2.668199836746081743e+01 4.755105397443094830e+02 7.502923850314936089e+02 1.220761476840671776e+03 7.058549502514179039e+02
5.083452875201293963e+00 2.107845214706124466e+02 3.482017758290406846e+02 3.229885164065704544e+02 2.449555472765189847e+02 9.226312217401963380e+02 1.356220962303616488e+02 1.773417541418897514e+01 2.666478532991958446e+02 1.214670635549241297e+03 0.000000000000000000e+00 3.004787728259070150e+02 4.302066401351669924e+02 1.082945249826476356e+03 1.435514699197699784e+01 6.829569853327184603e+01 6.788665275784835558e+02 2.345514724969325755e+02 1.197950999798439113e+02 8.198389835312131027e+02 4.687014428282380436e+02 6.682859641701242026e+02 2.430291779818289797e+02 6.184425084220018789e+02 3.425369364157456289e+02 3.530834433059397526e+01 1.785963667797423568e+03 3.274107294607820506e+01 8.815825634669034798e+02 1.632934783816461675e+02 3.824644258336279190e+00 1.634892544097087637e+02 4.344653565085480409e+02 4.072840047303337152e-01 0.000000000000000000e+00 1.218214642192288011e+03 1.389155410487506117e+02
6.035071354778322075e+02 7.180214159086804102e+02 1.768946958931961078e+01 2.525164517065998666e+02 1.782528888740738182e+02 3.225631440098380267e+02 3.915982557722214210e+02 9.315091101044129118e+02 1.506571186567402265e+03 2.225163656616699370e+01 8.414907513717653842e+01 2.229719517628455492e+02 3.413357907443996808e-01 5.041251620328171157e+02 5.629127982698898336e+01 2.787732522120100498e+02 3.486114464444765986e+02 4.829847201065143736e+02 1.287266249010798902e+03 1.193377967407626841e+02 7.993674572435812706e+02 7.892323477468466990e+02 1.177827795650308644e+02 5.768676700331634493e+02 6.599524496318085198e+01 4.696372209800795190e+02 2.429099303619319699e+02 2.768861855093259194e+01 6.139982614616457113e+02 1.420941936179512822e+03 7.228479818645499790e+02 4.100387232584733965e+01 6.676445227125119573e+02 3.355846195096698921e+02 2.971980379647602888e+01 9.700994597536700894e+02 3.721775337967767050e-01
8.982152083286191555e+02 2.073919916041296219e+01 0.000000000000000000e+00 3.942898604202084698e+02 1.306154645445006963e+02 4.093455889692194205e+00 7.830193257744403335e-01 7.093641856309983496e+02 2.025284892258038383e+02 6.245769654676423954e+01 7.277562191310302069e+02 4.277667844624239137e+02 6.755184708977633790e+00 6.129957314223172489e+02 6.107944529049511857e+02 1.496547742560930487e+02 4.207623409969609156e+02 6.994112621247584229e+02 4.666478602957878365e+02 2.597550619296206165e+01 1.224563186076633725e+00 1.165140837040511769e+03 8.217997438494929696e+00 2.308456620729176478e+01 2.073231740697600571e+02 2.496243212289831206e+02 1.006255782684222140e+03 5.163811458738868509e+01 1.409517400186527766e+03 3.384992051024514694e+02 7.313310802610772043e+02 5.972944917244345220e+01 0.000000000000000000e+00 1.632031298275044549e+02 3.870068997783668010e+02 7.409489617979440368e+01 5.164286519878619863e+00
3.912168317184754187e+02 1.128841565989270919e+02 3.784796651852561808e+02 1.069977771783395838e+03 1.621472323064052944e+03 4.839421526028060612e+02 2.475440541618660859e+02 6.931316239580282534e+00 2.047815980738360793e+02 4.940140242468188347e+01 1.552986805404821098e+03 5.799023255528084064e+02 2.946349082997535973e+01 9.004820825099437798e+02 8.536268245430520665e+02 7.384899023515770011e+01 6.754813667257930092e+02 2.716556541974326251e+02 6.222795377246088719e+02 2.729387845355567492e+02 1.199463565489304884e+01 6.125492326841737167e+02 0.000000000000000000e+00 1.067930289733182690e+03 1.238132844991498132e+03 4.603923043757181972e+02 9.600298848578413526e+02 1.590971290183087206e+01 2.102466615987478065e+02 3.063447300537748674e+02 2.168959018261541587e+02 1.463044747922347369e+03 0.000000000000000000e+00 9.846029967199378952e-01 1.579512288050760162e+03 8.696715204443079301e+02 3.569036242639231205e+02
4.033797811709994789e+02 1.550281500730235848e+03 1.481310137018306072e+01 0.000000000000000000e+00 2.920581698631322443e+00 0.000000000000000000e+00 6.320143848664691859e+02 1.499439492186995722e+03 9.261863317573556742e+00 0.000000000000000000e+00 7.786116704223131535e+01 3.282490496017992427e+02 1.639096992113995611e+03 1.298623195591143030e+03 7.802277797738984333e+00 1.109675714731687094e+03 1.272611176319787546e+03 4.231909491586136483e+02 1.584206340960803345e+02 2.183828211296498694e+02 6.089651830720832777e+02 3.053466061278598431e+02 9.596802251910240500e+00 7.989248561656887659e+02 5.908109043690529916e+02 7.355595480583591552e+02 1.240883820990112326e+03 0.000000000000000000e+00 6.883704265727196798e+02 1.750955649146964106e+02 9.368960392976548519e+02 2.322219514359784682e+02 3.200068000553110181e+01 4.428683143645064888e+02 2.168001338024416498e+02 3.782768527658645326e+02 5.532771029283965163e+02
2.654025115760113067e+02 7.255997040465516079e+01 6.081296299974090971e+02 1.884474395857550917e+02 4.547076153706965052e+00 4.468605563099903861e+02 7.675869270912662614e+02 7.158991878616684801e+01 3.386729122039270834e+01 0.000000000000000000e+00 1.398909706462911117e+03 1.273519077513056317e+02 1.305899345323515035e+03 3.082194269604180192e+01 9.574329667778386010e+02 6.712268265660875386e+02 2.845143246342376031e+01 7.686756345362063314e+00 9.380786443951352567e+02 1.304663712245650515e+02 1.066737106348674388e+03 2.831165262352823788e+02 1.060765741075440019e+03 4.519962113087279363e+02 6.710798606852714556e+02 6.066327415958572828e+02 3.164237587045618625e+02 2.106107544994690883e+01 4.412610997968856168e+02 3.404504990151967263e+02 2.502604760153487362e+01 1.872978095298318546e-01 7.741652740003346480e+02 1.306429757012511800e+03 3.335354998649603431e+02 1.251777461693936715e+02 1.631590163414718830e+01
2.357600141305111094e+02 1.203616834365648629e+03 3.179824559357512612e+02 6.592924827278310431e+02 0.000000000000000000e+00 5.254876154174742169e+02 2.558919897388837512e+02 3.534319048377375339e+02 3.131332810136026978e+02 4.570228508407478785e+02 3.188469590255983235e+02 3.349699155803751296e+02 1.282743997521000656e+00 3.800588231023643289e+02 8.104318883391714223e+01 2.975559916450082110e+00 1.705210907825690470e+01 1.173365162334754785e+01 1.160101584842060447e+02 1.666157034533904948e+02 4.466637768976929124e+02 5.253906861733198639e+02 3.414848215744032700e+02 1.514405884545243497e+00 3.403151665878338061e+00 2.353900161201949572e+02 8.830462233250686950e+02 0.000000000000000000e+00 2.035296211988856783e+02 1.047185632043026438e+01 3.673516633087284617e+02 8.394439196345526852e+02 3.474085076325978889e+02 4.262400095329529108e+02 5.135696061437439539e+02 0.000000000000000000e+00 2.561220381920275813e+01
1.867385876871532624e-01 0.000000000000000000e+00 5.982535072251038173e+02 5.775995546376167340e+02 7.659170738383830894e+02 1.330033908787556030e+01 6.203843965032723418e+02 9.944147571869859803e+02 8.720400536520812693e+02 7.886633910342019327e+00 4.521245700381776942e+02 1.131183956887416343e+03 7.141369801098247194e+01 9.760177060915473248e+02 1.101048113132644630e+03 3.778789424776135775e+02 2.222326779000864860e+01 4.033596907833859859e+02 1.097559888941519603e+03 7.874787206638497992e+02 2.579815370960712428e+01 1.854149608606079767e+02 6.841046271251491362e+02 1.433052471439826832e+03 8.072216398921962082e+02 2.756159672964400897e+02 1.078075352949385319e+02 2.124384793003050831e+01 5.254223644645479681e+02 3.042327762556873836e+02 9.553238379500736528e+02 2.988536858876132669e+02 1.060423724773896538e+03 4.696470981406728811e+02 7.566978744442081961e+01 8.348419430976729672e+00 6.436964589347004448e+02
