output/example_1/lateral_incision_000123.asc
nrows	75
cellsize	13.33333333
xllcorner	0
ncols	75
yllcorner	0
NODATA_value	-9999
[rows 51 to 67 of 75, columns 37 to 73 of 75]
1.839234478129448513e+00 9.964509456258729969e-02 0.000000000000000000e+00 0.000000000000000000e+00 1.930716491160545251e-02 1.676231640073590906e-02 0.000000000000000000e+00 0.000000000000000000e+00 0.000000000000000000e+00 0.000000000000000000e+00 0.000000000000000000e+00 0.000000000000000000e+00 0.000000000000000000e+00 1.116121411581348610e+02 1.853710284311234704e-02 1.481448800112379104e+03 0.000000000000000000e+00 5.693022002276272815e+02 1.667514399886681886e+01 2.215759147274125098e+02 6.775809681200947807e+02 0.000000000000000000e+00 9.605014274903328442e+02 8.821130515906713265e-01 6.195673122702842761e+01 6.337477032780184061e+01 2.409969141635355072e+02 2.439776654051223943e+02 1.501344490582548588e+02 1.011936719971536647e+01 2.156066513351561742e+00 6.845333662403318975e+00 2.221001351158772508e+00 2.896271491894833350e+00 6.637861416163027570e+02 4.281219663514430636e+02 1.831373704118990808e+00
9.361400133966046724e+02 1.443727219478911366e+03 0.000000000000000000e+00 1.415258953075512636e+03 9.244130965369446358e+02 3.709800579434092356e+02 6.650667751559897169e+02 1.569931274262688703e+03 0.000000000000000000e+00 4.379743364310414933e+01 4.788499470368950597e+02 0.000000000000000000e+00 6.301768887187014343e+02 0.000000000000000000e+00 1.441239752168177802e+03 2.860267341962748042e-08 1.536832183224558548e+03 4.792766652278089055e+02 5.648242457212817271e+02 8.187933880688190058e+00 5.407562497255671587e+02 1.289050870104995511e+03 1.629127271252627684e+00 1.594276736362217889e+03 9.468441841555488736e+01 5.191408821193344920e+02 8.177697831708799185e+02 1.045504107482672453e+03 0.000000000000000000e+00 1.579702864818668104e+03 1.077347856557200657e+03 4.603587170691279766e+02 1.311541252709851278e+03 1.597990335238481308e+01 4.075367118286594632e+02 1.094487058906710217e+03 0.000000000000000000e+00
7.601198226892611274e+02 6.003398408183572883e+02 1.670145446348786922e-01 6.433944241627666543e+02 0.000000000000000000e+00 9.513924117460833259e+02 8.973000825988708584e+02 1.442842641793812969e-02 1.303349099877130129e+03 8.328813191528350899e+02 6.697581701261332228e+02 1.195683943231103513e+03 6.643442968192388776e+01 9.342336403731081873e+02 1.005652870977335169e+03 3.511131417677808599e+02 7.497597771633163211e-01 3.510281091676843630e+02 4.933334392547293987e+02 6.530196196605892283e+02 3.725695145292143025e+02 4.344271084040101094e+00 4.383184167292809548e+02 1.187669483279329370e+03 0.000000000000000000e+00 0.000000000000000000e+00 1.762137184392852305e+03 1.004444603818719315e+03 4.379418375823126652e+00 4.628820363978067576e+02 0.000000000000000000e+00 9.920279608020026672e+02 6.205830722631478693e+02 4.225865536658176325e+02 1.228841865956472601e+00 1.116641152917623430e+02 0.000000000000000000e+00
4.660706217567267231e+02 3.769877081318547596e+01 6.252638398057987601e+00 1.743975370274632496e+03 3.627779965755365765e+02 1.014402285953378993e+02 1.239752118973794381e+01 6.128734101116832811e-01 3.798437587493129541e+01 6.084171437342375839e+02 6.926817080784286418e+02 1.230060426002565176e-02 1.176330189752486376e+03 6.051591679123396261e+02 5.227070054031977975e+01 3.963546546247389415e+02 3.351697075543916071e+02 4.243379054616880097e+01 3.594416556240647651e+02 8.368083674881315801e+02 7.695044009268702894e+02 1.730089701016718209e+02 6.622826918059619175e+02 0.000000000000000000e+00 6.243265696962984634e+01 8.982802686897723277e+01 1.047542228309183656e+03 9.268140532872054527e-01 4.960837849792027896e+02 4.598080476498968210e+02 8.510066504206589499e+00 9.584016035636474271e+02 4.326331232662441266e+02 1.525923452256869496e+03 1.333123336541239325e+02 2.162151556031222199e+01 3.917933832687852487e+02
2.829847610963234956e+02 1.345204290210022236e+03 1.602821681555002797e+01 1.307161443610546598e+02 5.226918695850279306e+01 2.442445292793133262e+02 0.000000000000000000e+00 8.329194729470838183e+02 2.916707059844297305e+02 1.375756035162790795e+03 1.285277948336695886e+02 1.362789931096702958e+03 8.381486767767235557e-01 3.833141138164857580e+02 3.755902688021051858e+02 5.882573377101008418e+02 5.391269181837799351e+02 2.839201140307930018e+02 3.520870989045792876e-01 1.333689064987768688e+03 0.000000000000000000e+00 0.000000000000000000e+00 6.811949405018074231e+02 1.020379913064041716e+03 2.807004749800253762e+02 8.700262251442289880e+02 1.818650959244811460e+00 1.028180663121871703e+03 1.144868957127195245e+03 1.698978284580800562e+02 6.383945755722650119e+02 4.362595251420868294e+02 9.900587047560107123e+01 3.212094391880384592e+00 0.000000000000000000e+00 1.659917532782285207e+03 8.332497175027310732e+01
8.576640045443841700e+02 1.404950035206214125e+03 3.436426978894645146e+01 1.702344661101474685e+03 1.822033244784503481e+01 8.805830063025558729e+01 0.000000000000000000e+00 2.746808174434698344e+02 7.535062044186210528e+01 1.053056333738468538e+03 6.592678556677934694e+02 7.298324639086154093e+02 1.135054908613915892e+00 3.468470403794258914e+02 0.000000000000000000e+00 0.000000000000000000e+00 0.000000000000000000e+00 4.525474908810186321e+02 1.298757095898980879e+03 2.240592136926157885e+00 0.000000000000000000e+00 9.437736763322311651e-02 1.569697764272312497e+03 0.000000000000000000e+00 1.672212586575953537e+03 1.002715272075237863e+03 0.000000000000000000e+00 0.000000000000000000e+00 2.627329413111915528e+02 6.809712670010261490e+02 7.557557010430254252e+01 2.335865202940224776e+02 7.425852788004625893e+01 8.823237584473354218e+02 1.238202546096326387e+03 6.645340561935646519e+02 1.192033410255237840e+02
1.387017232780000242e+01 0.000000000000000000e+00 3.080323679124059595e+02 4.022460747238273626e+00 1.182142305960277042e+02 2.034043942475159383e+02 7.207602700754478064e+02 6.899235140243742990e+02 5.293326633444659368e-01 8.712284327482369406e+01 4.982696765608337408e+00 8.874668091718024243e+02 1.536402175326642450e+01 6.592530306029287601e+01 1.383119786569282041e+02 5.725041005763242765e+02 1.434014675338513825e+03 7.707631110753350185e+02 0.000000000000000000e+00 2.877140735572964445e+02 7.272189335895768636e+02 7.464153097618930133e+02 2.061304100114192295e+01 3.102750752399228290e-02 3.142723844802032929e+00 5.332464824413305493e-01 3.315186210456018330e+02 1.167258293050473640e+03 1.185441053707478886e+03 9.155615891703521356e+02 6.476746694688621346e+02 2.093696860659666754e+02 1.935557299903006268e+01 1.435190733650300920e+01 5.958602077478435604e+02 1.051969276317486468e+01 2.001316044414525948e+02
1.471543212888324348e+01 2.124367900406247234e+00 1.075674531148645428e+03 4.320038664757094304e-01 7.796696461635558535e+02 2.214377292025453983e+02 6.461036454241495619e+01 2.552438842027481769e+02 5.512350268396622823e+02 4.554384989216474082e+02 8.096687430762076474e+02 3.692828013992941294e+01 0.000000000000000000e+00 3.358037865545457775e-06 5.820404870747227051e+02 1.457745198898681167e+02 9.183957213904568562e+01 4.764011938137874935e+00 9.097930752299248525e+02 8.955726546456056667e+02 3.638565625949495370e+02 1.154654876121279443e+02 4.443670532009716112e+02 9.600738643912183790e+00 1.293843089999616723e+03 1.618945985363965576e+02 3.446309628104409484e+01 1.934715323961528384e+02 6.630216920820861333e+02 6.515244213889296816e+02 3.971051540821699977e+00 5.227914255555739373e+02 1.955733409373816585e+02 2.733923429303593000e-01 6.396919688415366636e+02 2.072517741277890764e+02 0.000000000000000000e+00
1.311695424288281856e+03 0.000000000000000000e+00 7.219992398322966665e+02 3.726861935024509270e-02 3.538331919422286660e+02 4.416730555824212274e+02 1.705311804121891726e+02 2.721403346634079981e+02 2.412979144552500941e+02 0.000000000000000000e+00 1.054543038367406098e+03 1.791168648338486094e+02 7.249079922568935162e-04 3.875107652362872086e-03 8.016724250975819643e+01 3.173737499699109890e+02 3.854682503853997577e+00 9.614874259252284219e+02 2.631704171585183190e+02 5.496387120903644785e+01 1.308870196334116258e+02 1.537495397368460415e+00 2.997526352342652558e+02 1.445512790551236160e+00 1.308825364349453082e+02 1.733958178033633999e+02 1.096935666121791826e+02 5.770713306656474373e+01 1.268976777739072077e+03 2.059027287798349732e+02 1.139967157129380439e+03 5.608230108311327058e+02 9.132447495255222520e+02 1.766763898598550213e+02 4.792809955759532841e+02 4.433071068555579330e+01 8.588946917517133670e+02
4.461202114736290270e+01 8.337423862067197433e+02 1.811942297679146577e+03 1.335116682713050551e+01 5.185362269435332792e+02 4.564062572671317639e+02 1.079186352800917126e+00 7.465187597242652906e+00 4.532040290645840059e+02 2.633076592123925197e-01 4.627482812233932918e+01 9.074949006934393765e+02 9.192656176898525473e+02 2.634573696257501751e+02 5.224240684415970009e+02 5.457563173734459205e+00 9.032053111482318855e+02 9.425290900137733843e+02 9.017384091720796846e+01 1.065209890802646896e+03 1.754665345288706249e+02 8.664637076123564157e+02 6.934398216744104104e+01 1.434143761776680321e+02 3.551032684086410285e+01 3.061885072745051062e+00 1.915800085557667387e+02 8.893078885956181239e+02 4.641579905749524393e+00 1.235128766709261299e+03 1.225827063182915026e+03 1.056450344854651568e+01 5.293625193534959408e+02 4.029740978597822050e+02 7.839007181473018591e+02 1.131784741396380696e+02 4.582926038200327525e+02
5.041790913344030969e+02 1.372184494449985777e+03 4.809202748483604068e+02 3.770982671812318499e-01 1.651667168485249249e+03 9.752655921099407266e+00 3.246960968152151281e+02 1.742691312932764731e+02 3.767718205176489588e-01 8.017929586510261970e+02 5.276109945424767602e+02 2.448294751755457241e+02 5.780568929500058175e+02 0.000000000000000000e+00 5.612425804103114757e+01 2.699065869698694087e+02 8.501731597314554278e+01 1.377539053881852396e+03 1.877453298707882112e+01 1.738391662226781307e+02 1.556212451127729253e+02 3.354360395551917122e+02 7.438738070817198604e+02 4.376152985480259190e+02 2.775734653996597689e+00 4.132998841305972633e+02 9.893510074991034742e+01 3.930691285183565924e+02 1.413057039857547326e-01 9.965043351839403840e+02 9.498329355495804975e+02 8.482064285804642623e+02 5.834603666107286699e+02 2.150265045668879225e+02 1.939055726317091342e+02 1.159841926337791733e+02 8.142874793171981764e+02
8.586628766459718065e+00 0.000000000000000000e+00 1.975333284134653127e+02 1.167045344989111300e+03 5.543362979134600010e+01 0.000000000000000000e+00 3.291646149034568225e+02 1.187282875179061648e+03 1.804237352891414048e+01 5.481329209243892819e+02 1.913785231588898794e+00 2.401162255773551237e+02 0.000000000000000000e+00 7.981705711555265452e+02 1.014218643248327112e+03 4.769428565601625678e+02 8.669081955943390483e+01 1.266554241691291338e+02 1.417488607563771197e+01 4.772862310466236977e+02 8.206039797222812240e+02 8.746389131898713032e+00 7.487530616275365958e+01 4.326224985850814164e+02 3.175648097353215515e+00 1.234153357310646584e+02 0.000000000000000000e+00 2.775466826023246458e+00 1.074078170821895583e+03 4.368480362673683004e+01 4.287024401616911859e+02 1.169385942060938305e+03 3.046001063748014417e+02 2.648280440344134679e+00 1.635977075325169380e+03 6.647533431228106338e+02 1.858577974257897125e+01
3.985641520399552746e+02 1.214873919666618804e+03 3.209699627676804994e+02 4.251554942972471167e+02 1.918857519921790811e+02 0.000000000000000000e+00 1.476055317957292573e+03 0.000000000000000000e+00 1.201759216538589726e+03 2.420560254446441739e+00 6.939476573443726011e+02 1.135019136748309847e+03 6.848267374285366031e+02 9.398543437476747897e+01 7.194989080859858177e+02 7.542891317137333544e+02 9.405516295568421583e+02 9.958768411568686929e+01 4.504600456274172049e-01 7.007828637625930241e+02 0.000000000000000000e+00 3.631497596287563852e+02 1.091135506871451298e+03 1.206406813235259960e+03 3.032674740453317952e+01 1.102333990585940910e+03 2.818319626767313846e+00 4.441683319685755009e+02 6.066120398703966430e+02 3.041355905319242083e+02 5.889179555500681396e+00 0.000000000000000000e+00 1.447712251306390954e+03 4.575277226247957856e+02 9.368713003812979778e+00 1.726397068374442654e+02 7.061490367748114672e+00
2.130714063285901716e+02 6.660277695049156819e+02 7.538899178769265745e+02 1.411065283142047821e+00 1.500585672986162251e+02 4.620446378952274102e+01 8.827041480132112383e+02 1.270427913598228997e+03 1.430727789629625022e+02 8.660523431439464730e+02 8.396203622904019994e+02 2.925266173226299884e+02 4.831222157687061269e+01 3.876372329819048446e+02 8.178042585075107240e+01 4.897556582978730688e+01 0.000000000000000000e+00 3.860529014725872798e+02 1.557423627581239478e-01 1.432323632665793127e+02 5.598823704741005258e+02 1.566897449285530541e+01 8.264139997137635874e+02 3.478508680761130734e+01 1.388976805613812985e+03 4.729745043868617813e+02 9.193087330199504095e+02 5.766879244131552014e+02 0.000000000000000000e+00 2.228950683351676076e+01 1.048969559471404636e+03 0.000000000000000000e+00 2.528297581156924423e+02 6.655036412758832967e+02 4.788310919637229404e+02 5.639964320479107300e+02 1.606752564077521228e+01
1.908120841570550752e+01 3.827281516545472755e+02 1.083581671752936018e+02 1.387911362171670135e+03 1.594450049171081901e+03 9.092516614580086980e+02 2.181920433150803262e+01 4.076373944705449759e+01 1.011768884365056067e+02 4.366406394883918551e+01 7.966630273567608356e+01 1.270333484735904676e+03 6.312767820134910153e+02 4.852006584658622046e+02 4.658015503742743135e+01 1.438780415891166058e+03 6.501712126247504102e+02 7.933347489345032955e+01 2.272756989131926864e-01 3.934696158391200811e+02 3.536832340345250003e+01 1.914858300105351248e+02 7.673763494168437660e+01 0.000000000000000000e+00 0.000000000000000000e+00 7.623517982893996532e+02 4.102705635244104769e+02 2.041879990341555242e+02 7.516961364933706591e+01 2.994558671291517538e+00 1.089749497571018992e+03 1.343907323774695442e+03 9.724540660273231651e+01 7.218712382645214802e+02 3.891045115319868728e+02 1.887507997420772483e+02 5.211427453788995479e+01
1.286194704512086673e+03 1.513067583368591613e+02 8.096276994152507456e+00 7.673908902295410144e+02 1.483274621671178011e+02 5.348769051310049605e+01 4.550969373649861041e+02 6.230184000953516943e+02 1.306971823944865605e+02 8.232748094697623173e+02 1.656275151915611366e+00 4.551548810211181184e-01 4.324875985763113704e+02 4.199011096380065169e+02 0.000000000000000000e+00 4.373118293137254398e+01 0.000000000000000000e+00 1.081362716786842348e+01 1.271084771952600249e+03 6.253796183493969920e+02 7.775757663852898531e+02 1.105110917421487926e-01 1.170490931179716512e+02 2.035177979067938168e+02 1.003649963991342474e+03 1.973357791697045016e+01 5.112630278654873450e+02 4.932811323039927061e+02 3.353230305997432197e+02 9.462143600657513787e+01 6.739064451827998425e+01 6.708037688249138455e+02 6.113790868732825174e+02 0.000000000000000000e+00 1.014650940965095629e+03 9.022494453744403131e+01 9.574635827053797357e+02
0.000000000000000000e+00 1.064620441474415884e+03 1.741173169443020470e+02 2.331708378486918587e+00 1.683305046555992249e+03 1.243122325102580135e+03 2.091688857324150490e+02 3.412160657066314684e+02 1.952645601738740311e+01 0.000000000000000000e+00 1.557657753689117044e+03 1.047213043416899154e+03 1.103311846482635303e+02 0.000000000000000000e+00 7.146938999369202747e+02 1.036261911785679331e+03 3.891011445578769781e+02 6.710974553812252275e+00 6.321091566336962160e+02 8.178180940461152204e+01 5.653807924807591689e+02 6.042326945432011343e+01 1.404716096455046909e+03 9.776808831025537216e+00 5.283309504646348387e+02 1.913288218938117211e+02 4.792053453899443980e+02 0.000000000000000000e+00 0.000000000000000000e+00 8.218091031161397098e+01 1.040761106588592611e+03 2.553922537617873134e-01 0.000000000000000000e+00 8.299032305570084418e+02 8.909304468146227407e+01 0.000000000000000000e+00 4.691167833345531335e+02
