output/example_1/lateral_incision_000357.asc
nrows	75
cellsize	13.33333333
xllcorner	0
ncols	75
yllcorner	0
NODATA_value	-9999
[rows 17 to 33 of 75, columns 0 to 36 of 75]
0.000000000000000000e+00 2.128578807291071087e+02 1.596415428328146390e+03 8.211112131326419217e+01 4.848450743472271007e+00 3.598904968996452567e+02 4.825632348196005950e+01 1.669567155185263118e+03 1.438088025260138920e+03 4.630833652766838782e+02 1.450564124635222925e+03 1.650952925648855398e+03 2.659736107342775995e+02 4.996745402814468662e+02 4.202677094055733420e-01 1.048142712684226319e-01 0.000000000000000000e+00 2.567800935423019837e+02 1.434787205590285339e+03 8.992760509528372381e+01 7.017785546740146856e+02 2.803242074685830971e+02 0.000000000000000000e+00 4.504368733844718804e+02 1.708778354919228804e+00 8.251287851588310787e+02 8.718045042183324540e+02 1.057199671109522043e+01 5.860474498207781835e+02 1.650632280414097522e+03 6.947985715474712265e+01 4.789501705991767722e+02 1.194548568563057870e+03 7.910424870837224489e+02 1.258845989742286974e+03 1.547041034257979106e+02 2.234774705188996435e+01
0.000000000000000000e+00 6.334178855349206216e+00 0.000000000000000000e+00 5.988228486607880680e-03 1.545707646550667960e+02 6.297373584437681302e+02 2.087235940347489986e+02 9.719074472865726899e-02 4.814123789267178495e+02 2.388383955428846761e+01 8.337375174967089606e+02 1.137460302081270527e+02 1.289158485721478087e+01 1.349635873979148748e+00 1.463466426413878025e+02 2.078450596983363994e+02 7.436036871013703831e+02 2.900294868574376794e-01 4.113510857198626809e+02 0.000000000000000000e+00 1.127482656235983001e+02 3.182785085728466470e+02 4.199034477520214637e+02 2.527192361591403369e+02 4.467587650920911102e+01 7.012921459672728588e+02 4.470744323510713798e+02 0.000000000000000000e+00 0.000000000000000000e+00 1.688768289393473424e+03 8.672828645963515726e+01 5.092923066513604908e+02 1.001943881303356420e+03 2.054555500961046732e+02 2.098415083578347762e+01 1.192756194735413374e+03 7.684973125077331133e+02
0.000000000000000000e+00 1.389204463592289585e+03 0.000000000000000000e+00 1.080866461786253723e+02 9.715951283231526077e+02 2.112539986670052272e-01 0.000000000000000000e+00 2.809483374689383481e+02 1.098627611319506947e+01 2.850897337262348401e+02 1.135427198777137789e+02 2.185088555845516589e-01 5.579046073787647941e+00 2.913261832096509796e+00 5.655965793807368982e+02 6.389342268297107239e+02 1.466802700078977523e+03 1.367288074449317321e+02 1.997764400190809653e+01 1.777717077643122366e+03 3.228968660273001205e+02 9.288844012375598140e+02 2.594893774551479169e+02 2.282595641665518826e+02 2.370603927011226464e+00 3.733817239886528938e+01 3.298475217294403024e+02 3.668650998280914877e+01 1.109423186646093171e+02 8.418412576685493605e+02 7.887445333962971006e+01 3.195359889129977660e+02 1.874583102812866002e+02 1.092729166469763946e+01 4.871133363021880314e+02 5.721247908624173988e+02 1.435261530093449380e+02
0.000000000000000000e+00 8.535481310851369408e-01 1.855448450645198193e+02 2.527953888128621145e+02 3.535245262697600879e+02 8.406664052738295823e+02 3.441013336676347194e+02 5.432486291180770195e+02 1.679535497356460638e+01 3.318943177967030422e+00 2.218330840992428055e+00 1.075454259498801690e+02 7.250915305215513627e+02 4.684260365493047971e+02 7.629392038893020356e+01 3.452565554078302057e+02 6.015431108369002633e-01 4.812183624969261473e+02 8.335963350725279497e+01 1.631800445286855393e+03 6.914465132579193778e+02 2.174208024828778729e+00 0.000000000000000000e+00 1.052739565550101361e+03 5.624032420719764787e+02 4.025538954118633228e+02 2.685951204428846495e+02 2.022926164313169011e+02 3.236536532334004619e+02 8.973029415396156310e+02 5.055673956928450821e+02 6.373113671025982541e+01 2.004555714577020069e+02 6.940320284322373254e+02 1.969138065816598839e+02 5.046281270649479893e+02 6.751632218151280540e+01
0.000000000000000000e+00 0.000000000000000000e+00 9.324558020728157715e+01 2.570777743479883526e+00 0.000000000000000000e+00 7.066086931193176497e+02 0.000000000000000000e+00 1.256021574756209020e+03 5.205756723586704311e+02 1.762271697821451539e+02 1.218916383841220750e+02 7.678100489110954641e+01 7.004311615508545401e+02 2.129911227475918878e+01 2.058171335197110352e+02 1.170378679546657850e+02 8.019065121393943230e+01 1.537874423036923645e+03 1.507778902122875252e+03 9.019603455423332861e+00 4.036666532412511970e+02 1.329821084444346525e+03 4.940735576210811075e+01 1.512457213029676950e+02 4.950043412358243700e+02 7.174586588217409826e+02 3.231728262937019736e+02 1.064636592171076330e+02 1.393910141358452393e+03 6.397906351395780575e+02 1.108359782957388461e+03 4.600702075915113198e+01 8.678908246883379434e+02 4.024384397514938314e+02 7.369408446034783822e+01 1.067649717742172925e+03 6.106685942390298578e+02
0.000000000000000000e+00 2.845270214314986106e+02 1.324625315807635843e+03 1.070649361153365817e+03 1.096495986252276225e+03 1.907896112624748071e+02 1.590396803843756035e-01 1.502226614614467337e+02 4.144837889621101681e+02 2.552364348842614277e+02 8.580993946237243790e+02 1.342011328341492629e+02 1.045029862224949966e+03 3.990989427581830569e+02 3.238543494089375230e+01 3.364232178768490940e+02 1.360174078887662063e+03 2.223861513480740371e+02 2.005160206326924481e+03 1.020178064616862571e+03 1.445466460708199952e+00 1.123671803573576653e+03 0.000000000000000000e+00 1.615841679230443617e+02 1.949512803981004652e+02 1.299774257947313174e+02 1.414356180533097245e+02 6.681939711511319047e+01 9.272722252704333812e+01 2.386676470716566030e+02 2.432806458073822000e+02 0.000000000000000000e+00 4.612961355307926965e+02 1.604624268572002022e+00 8.616508455306812664e+01 7.788279499520123750e+01 1.499099311252507505e+03
0.000000000000000000e+00 0.000000000000000000e+00 2.698238215652219996e+00 4.796257187230561492e-01 0.000000000000000000e+00 1.631262904338585145e+02 4.161128122905880105e+02 1.458158896665957904e+01 8.126222540493083457e+00 2.675353614200815924e-05 1.650823727469073106e+02 4.047078224138074631e+01 6.740894219321842229e+02 8.612621415076620224e+01 2.192635746426296439e+00 4.503715482784923552e+02 3.172491293455501022e+02 5.272776980968145608e+02 0.000000000000000000e+00 1.215857001182151635e+03 7.938482198469023388e+02 0.000000000000000000e+00 1.596420316226885689e+03 6.199032151173774992e+02 5.579434580010636182e+02 1.384302785462708471e+03 4.984669940700787834e+02 1.593406904079018886e+03 1.116447120011594507e+03 1.229382956868445262e+03 9.066636648873642343e+02 5.543836245050601974e+02 1.404671885151266224e+02 7.919165791127243947e-01 5.643940228851845653e+00 5.057236694865189293e+02 3.723486180163882295e+02
0.000000000000000000e+00 2.744156004608008743e+02 1.210502303948632061e+03 1.385751074597337492e+03 8.496438188890033416e+01 1.664386351619807272e+02 7.050175925199682752e+02 4.443230771252969475e+02 2.386340617120737963e-06 1.112492899171364343e+03 7.501658394020449805e+02 5.991051612067698429e+00 7.133334544708828844e+02 8.931648962957930280e+02 4.838396338486999184e+02 1.156387627850760111e+02 2.840860200397495987e+02 3.053587380295668936e+02 4.897048339052486767e+02 8.365783928876152231e+02 0.000000000000000000e+00 3.756868600283486330e+02 5.708676473900151223e+02 9.062187441494153290e+02 2.349201406237279688e+00 1.865428275765693700e+00 1.382307972342721030e+02 5.687466328071657529e+01 2.105486468873964157e+01 8.262221237131464591e+01 1.245953841805829398e+01 2.652763902126665485e+01 0.000000000000000000e+00 1.144461464690204139e+03 7.990376916595027978e+02 1.813728870787402627e+02 1.348827205797999113e+03
0.000000000000000000e+00 7.992793271050578596e+02 4.354677309933367990e-01 8.683364108629538123e+02 2.747209102140098480e+02 3.523034770251922509e+02 1.000617471867344761e+03 5.956410458129852981e-02 2.359336373390686958e+02 6.863919492920601897e+02 1.057212383865285346e+03 3.831442618389889958e+02 4.343966941763277987e+02 1.470805479760873027e+02 5.705362501588773512e+02 0.000000000000000000e+00 2.144109801799728530e+02 1.422378517788214936e+02 9.274116858744857836e+02 8.804362387558533953e+00 1.390563605273473968e+03 3.926683275794010886e+00 1.355231315230216296e+03 5.479713165454566024e+02 5.269640371607194993e+02 8.998823861445756620e+02 4.688632306472395044e+02 7.342378356492297371e+02 1.231309066158144788e+03 3.883886684051939255e+02 2.498055982406198439e+02 2.443590268221279018e+02 8.113588059051263457e+00 6.624131742724023297e+02 4.663229750722738487e+01 6.787798369133922449e+01 7.172802588027615229e+02
0.000000000000000000e+00 1.772814826680005638e+02 1.726377883335469278e+03 4.811837121816154195e+02 4.659933081602169977e+02 3.850786195812987103e+02 6.106521301135885551e+02 1.492088686008010427e+03 3.886937273940612272e+02 1.391215660816406853e+03 6.314174384544155600e+02 4.859682764102988983e+01 5.880375698801541517e+01 5.229210213786540606e+01 9.695825223033857299e+01 1.880424945901358171e+02 2.523269841340095715e-02 6.492170496715633021e+01 5.674919635109421101e-01 1.343219664181436883e+03 2.383910730521115056e+03 1.524578055546998712e+03 8.229258924126057195e+00 1.742133757938038798e+03 1.115507835561009642e+03 6.943864468712139546e-06 1.188219694472402125e+03 4.434750072965546508e+01 1.126031482928043943e+03 9.004862083845124516e+02 5.652420324296119816e+02 1.424837868562442736e+03 1.402458392460169762e+03 5.863523764972675281e+02 6.922739074415388814e+02 1.755868828976896907e+02 1.052032753629364237e+01
0.000000000000000000e+00 1.657201724621326093e+03 2.529225232822136959e+01 1.493159695753893068e+01 1.948661721606149300e+01 3.620677649778681371e+02 4.043041377163345373e+01 3.252569860188331274e-02 1.060349762692771492e+03 1.540824894008752040e+02 4.619850488246699527e+00 1.085588989627456158e+03 1.178246791631676388e+03 2.681788859011604131e+00 1.833152100723826550e+02 1.637755892918985126e+02 2.734088568665171124e+02 1.723808640702815637e+03 1.911364196379785483e+02 5.738793695305015063e+01 5.365717544259813820e+01 5.447315120460428943e+02 1.145613100604824240e+03 1.181605680160237704e+01 2.910332023709510167e+02 4.384417953068690395e+02 6.071302288533856881e+02 5.051337644633298396e+02 1.438601387041373073e+03 1.090081487083828904e+02 6.688564265108109339e+02 2.186787764549143198e-01 3.066690444467872823e+01 5.186630082803782571e+00 6.353082793574122888e+02 4.765499009164953748e+01 6.442787364763191817e+02
0.000000000000000000e+00 0.000000000000000000e+00 1.227585284692451523e+03 7.060135084535511396e+02 1.658840140215414749e+03 9.186386584161700952e-01 1.366128912737045482e+02 3.072094817466048084e+02 1.957201204875145493e+02 2.499568802853632405e+02 1.615418416239543149e+03 9.587579246233646018e+02 0.000000000000000000e+00 1.471047276874560055e+02 9.946257594181270534e+00 7.276036173400676716e+02 2.157897903133620616e+02 1.397454248636294096e+03 2.463697404210642787e+02 1.373605116665522701e+03 2.345241719712909116e+02 4.158912058908859422e+02 4.890509167501941761e+02 7.292112497083430753e+02 1.176238828853210627e+01 1.290170356608436109e+01 0.000000000000000000e+00 1.236062540957694189e+00 2.023426362920441761e+02 1.438377221816135034e+03 2.488816608888636438e+03 7.899164112699195357e+02 1.223334173632622651e+03 1.532302912377533346e+02 1.450782646280739243e+02 0.000000000000000000e+00 3.173239682033484996e+02
0.000000000000000000e+00 1.434008674957788969e+02 3.818850363667182535e+01 4.451584551354257542e+02 1.246431350818280407e+03 2.563364958331919752e+02 9.057567955492670535e+02 1.622690774455609608e-01 1.391242093204469654e+02 1.651039077076872630e+01 1.251348425173493979e+03 1.084520218749873166e+01 1.028677295344944241e+03 5.877610765952148313e+02 4.090970372470264493e+01 4.865544917853900984e+02 2.198591945653948301e+02 1.530955865587020298e+03 4.423119942512014404e+02 1.033450293249259744e+02 2.672389289904118073e+02 1.443249582372379791e+03 3.869548722879828873e+00 8.841094527097084210e+02 5.376864018111207315e+02 2.494664562366978373e+02 2.651669142482959955e+02 7.102657210051592074e+02 1.403891005711918069e+03 1.484637565490124871e+02 6.550462981085976253e+02 5.519541244759205938e+02 2.449146569824455923e+02 5.236585788893173685e+02 2.804646917682052845e+02 1.857716431507468826e+02 1.220419072139869286e+03
0.000000000000000000e+00 1.448836192292275094e+01 1.126855632438212629e+00 0.000000000000000000e+00 1.573513700470603908e+03 4.445773162626676367e+02 7.458693384799255455e+02 1.921435651166900698e+02 4.114337706072780634e+02 2.191044227127316191e+01 1.724687004092163178e+01 5.979807938016426050e+01 1.318328112891515786e+02 0.000000000000000000e+00 5.623976053673276709e+01 2.508529965747447932e+02 0.000000000000000000e+00 1.428473634355099193e+03 1.274973819481720909e+02 2.276702714962922869e+02 6.450629395549715355e+02 5.247556200710968710e+01 1.382076750323021486e+02 7.008755211701251255e+02 3.986073140027408499e+02 5.112761657005603979e+02 1.520839577519164777e+03 1.134759458165864432e+00 6.228959876115815177e+02 1.428311924053744697e+01 6.681337159248464559e+02 7.546936484275224757e+02 7.939055342104121848e+01 1.423520102359615748e+03 1.455848647192043099e+00 2.052330662044312817e+02 1.252793321927556605e+02
0.000000000000000000e+00 6.794017101085775039e+02 7.808359667280114991e+01 5.101274481606425937e+00 7.973679663800209028e+01 6.258426710753655975e+00 5.292617094986159145e+02 1.330516201559525484e+02 2.194202532336759646e+02 2.176447129912911578e+02 2.079012272777807482e+02 7.168463906731891200e+01 5.562352023648167005e+02 6.405338194807745822e+02 3.785557515710473808e+02 4.630150004863878621e+00 1.236343672914472691e+01 6.679358237720414309e+02 4.550234312343823717e+02 3.470284409416780704e+02 2.268802533797119452e+02 6.401745824905262907e+02 1.406358325038523560e+02 8.816116664786438832e+02 3.880893444383460746e+02 1.666404929129215589e+02 5.237235851555745967e+02 5.500847543109420030e+02 1.321619538432326863e+03 4.019338916852134957e+02 4.762363036167728296e+02 2.864936370563384571e+02 4.695367966631971512e+02 1.081576665265239853e+03 1.427556584994105719e+02 1.492439752633943272e+03 5.202323512644353443e+00
0.000000000000000000e+00 1.742545563212643401e+03 3.178591039960616627e+02 8.786493284159804773e+01 6.657077035389242781e+01 7.184490167885307983e+02 4.566183237590717567e+02 7.886167048184903328e-01 2.256563948946603304e+01 2.852499062213454977e+02 4.828478496731939629e+01 4.380829958631366594e+01 1.357138383316429575e+01 7.204610592405343823e+02 1.280480446838902253e+01 1.052364917043349124e+03 1.056604579505650288e-01 1.066844645112238140e+03 1.020099098958618470e+03 1.335548616265836053e+01 1.052185264376057745e+02 3.311841392991833573e+02 5.264212619817727301e+01 1.246028640333225439e+03 5.060336626745800537e+00 9.621151112392986988e+02 9.372346098317979113e+02 2.157234660306281455e+02 1.269748198964120078e+01 1.272974975671857152e+02 1.470152971557874544e+01 8.535201125763042000e+02 7.768884967192300905e+01 2.379832990935585002e+01 9.563928718670640592e+02 7.324351398437102676e-06 1.261321579726864229e+03
0.000000000000000000e+00 0.000000000000000000e+00 1.566883297865214445e+03 1.800170119896244714e+01 1.043173114273193960e+03 1.397524668349466381e+01 2.317635568475936054e+02 2.007814125352349599e-01 0.000000000000000000e+00 1.360966645577171903e+03 6.072234484344661496e+02 3.738105327638815645e+00 0.000000000000000000e+00 5.468381705407892923e+00 1.115106685385433138e+02 5.406937840481618878e+02 1.554784268094250166e+01 8.669834855512137892e+02 0.000000000000000000e+00 3.659339603791481750e+02 3.045189768141056685e+00 6.544760144271660920e+02 6.020218374722276167e+02 7.029243693551176508e-02 9.737040433180268337e+02 3.682189013627935879e+02 9.652031689443839468e+01 1.703260406193494134e+02 1.860283137698116036e+02 6.126960900203136617e+01 0.000000000000000000e+00 1.951974825509123832e+02 7.070447154958253577e+01 4.888751619543413085e+02 0.000000000000000000e+00 3.310895357630446179e-01 5.689359181507122685e+02
