output/example_1/lateral_incision_000308.asc
nrows	75
cellsize	13.33333333
xllcorner	0
ncols	75
yllcorner	0
NODATA_value	-9999
[rows 0 to 16 of 75, columns 0 to 36 of 75]
0.000000000000000000e+00 3.111560667785954148e-09 0.000000000000000000e+00 7.593259462781106777e+02 1.366821773850643012e+03 6.938183004394281852e+02 3.322898466254517871e+02 1.334620413499106235e+03 3.989037117104237495e+02 5.961565685188394070e+01 5.062690216439984425e+01 1.837977988102178628e+01 3.154922322130346970e+02 2.026420197800674146e+02 9.274754642652583314e+00 0.000000000000000000e+00 5.412460465191597483e-06 0.000000000000000000e+00 1.430772275955948469e+00 4.457327673779949428e-01 0.000000000000000000e+00 8.214038731092654518e-05 2.132444891575236974e-04 9.301684364745756994e+00 2.734756896395310610e-01 0.000000000000000000e+00 1.467995409988723132e+00 2.394697288128030332e-06 8.592563712945595588e-06 1.072833790534963305e-01 1.059712603314569833e+03 8.672218059349546593e+02 9.240312403002536712e+02 0.000000000000000000e+00 0.000000000000000000e+00 0.000000000000000000e+00 1.714033155400310804e+01
0.000000000000000000e+00 1.307254250569849603e+02 4.647391576027634841e+01 1.088452221270128803e+03 2.215433694015822539e+02 7.410131889719673381e+02 0.000000000000000000e+00 4.165827472424190319e+02 1.512101292749152615e+00 0.000000000000000000e+00 3.679586821014126485e+02 6.183647639711030024e+02 2.075377802363997830e+02 5.254029823123846654e+02 9.127989008906052959e+02 6.669060145687845989e+02 3.360732011596183497e+02 1.779359462108671508e+01 4.157105916824322662e+02 2.235411571249459051e-01 5.895753460504741383e+01 8.763151664203197910e+00 4.623939332681852754e+00 4.003253092390912684e+02 3.592451522673564455e+02 8.302512964857020279e+02 1.001865254318956788e+00 5.540484788662165556e+02 4.266099728048768043e+02 3.092736700459576937e+00 6.637237053731601009e+02 9.569067291282731276e+02 4.843894383846052278e+02 3.655390711571771423e+00 5.044055294350693538e-03 4.932002807625463561e+02 6.902692733258982116e+02
0.000000000000000000e+00 6.123677895643680813e+02 6.173200757380046753e+02 8.680057509210874400e+01 1.749127978671324399e+02 1.315017744377803865e+03 9.980762271607599700e+01 1.515065150394005286e+03 8.526955720852176910e+02 6.946407971290166188e+02 0.000000000000000000e+00 3.831670663124697285e+02 1.535538756468909924e+03 6.906392090243313078e+02 1.082925289704942770e+03 3.725296780878770733e+02 2.508889931650653793e+01 1.268068609491819103e+02 1.024549041438585419e+02 3.049049944830943559e+02 8.960205589367914172e+02 7.281019878365728459e+01 3.929781879207377671e+01 1.041149238849037602e+03 2.945661049739110240e+02 2.224536372920518090e+02 1.799944697962326075e+02 1.976027622961765644e+02 8.609524298887803297e+02 7.225834731471833265e+02 2.809204999586365830e+02 4.019543944585882400e+02 2.914620631975287210e+02 9.601733995013544245e+02 7.835233611437031698e+01 1.966396388041968066e+02 4.480289262653204787e+02
0.000000000000000000e+00 5.451965075635376934e+01 1.857345314493939554e+02 4.475605188713441294e+02 1.356352182346578957e+03 4.733666355967355344e+01 1.443258165739610632e+01 5.196087105835066922e+01 6.115607674009132779e+02 1.712971455975588242e+03 1.208576642359646200e+02 5.031166983046031760e+02 3.693645084761200792e+01 6.185420976064480101e+02 0.000000000000000000e+00 1.318530980703627620e+03 1.319473007954227342e+02 7.852847842608020379e+00 6.222145031366383137e+02 5.961902106284026104e+02 7.849268867552114948e-01 3.579953456608568896e+00 7.265847732884006973e+02 9.138769422943231575e+02 1.473207980487927955e+02 2.841970156466262551e+02 3.928864975005700444e+02 0.000000000000000000e+00 1.965245344489865147e+02 1.322236238383670270e-01 7.964726700539307558e+02 1.054691559335154523e+02 6.578228921548389962e+02 1.110090771287808593e+03 5.818364452555783828e+02 5.878263507169698414e+02 3.215853401938487366e+01
0.000000000000000000e+00 4.406598824329197583e+00 1.012095051391965939e+02 1.363666434704526012e+02 8.643358437802238825e+01 5.608883905298540640e+02 1.385167777567741268e+03 1.617478357576028429e+03 1.710856540067687837e+00 3.285516381908871519e+00 3.217645727996851974e+02 3.658015577786927111e+02 5.642756648806265503e+02 3.679477461750933003e+02 1.087945296829915236e+02 1.810172960760357341e+02 7.558755607512781580e+02 2.822878111056964201e+01 1.161431030802408941e+03 1.015408784700941737e+03 2.082743964972479489e+00 9.303846884914263455e+02 2.151709625595122475e+02 3.736322569923735841e+02 2.382342246826162295e+02 1.160175478000991689e+03 4.528283256763804161e+02 7.067286824983368021e+00 5.448318786478912301e+01 2.273589019756388439e+02 8.616191426627086685e+02 1.340488076858161648e+01 1.926098465660203942e+02 6.733907292496192554e+01 6.440465302691133154e+00 6.023716614118781081e+02 2.260065139322720285e+01
0.000000000000000000e+00 4.317480559910306965e+02 1.578614792914140708e+03 1.139745597722482557e+02 1.227370278628132155e+03 1.629273953954192109e+02 9.483552318549426445e+02 3.026348773716565077e+00 1.007561015772235692e+03 1.993282920891412573e+02 6.887958528164617178e+01 7.356336426487389701e+01 1.042714225926567373e+01 6.231685669067860545e+02 8.542285281984763969e+02 1.139844463737075415e+02 3.319726686415214090e+01 4.544372342555487165e+01 4.183387803115965653e+01 4.617142638916666542e+00 1.832943911965043355e+02 1.661453860322534481e+01 8.521524589941020622e+02 9.469206174891253340e+02 3.041607483649267465e+02 4.825621734606497348e+00 7.493004220509844799e+02 9.208011020692684667e+01 5.953753027984838582e+02 8.368650466473505958e+02 6.479064912564419956e+02 7.231277550490176509e+01 7.429710576207050963e+02 1.460297264318430962e+03 5.376395298144808521e+02 3.095861998573777214e+02 2.340293310136902605e+01
0.000000000000000000e+00 7.352839095755950893e+02 8.130748492309273843e+02 0.000000000000000000e+00 9.543293924590731194e+02 7.073510730676325693e+02 1.657382928219226130e+02 1.252228700643918557e+02 4.946048454229464824e+02 4.950235289363898801e+02 3.380662466832261543e+02 1.228918335079413282e+02 3.216789476574669493e+02 1.716152482942508470e+02 5.006414889596107365e+00 4.357429305786833993e+02 3.300229782422632496e+01 1.183339114379844887e+03 1.232553386632036734e+02 7.632983539426163588e+02 7.566479422536473294e+02 9.218791700709484758e+02 1.321015530236822428e+02 8.223601546078894842e+01 1.581750318407027578e+02 6.113170477806022518e+01 0.000000000000000000e+00 4.225745597238736551e+00 1.949236208553330698e+02 3.626499648199916805e+02 2.013898458369910145e+02 2.095393164674971445e+02 8.790149008567359488e+02 4.648843061177876166e+02 4.072392198538197476e+02 1.330295064867094013e+01 9.346641637838043835e+02
0.000000000000000000e+00 6.159052998017120899e+02 1.091125071184860190e+03 5.950440095697889120e+01 7.856988426894235999e+01 6.043227781043598270e+02 5.527518225649366741e+02 3.054252337850634191e+01 8.217669451577052087e+02 8.436379917440307281e+02 7.680950364242581827e+02 4.810063763486515143e+01 3.735342383721398818e+01 2.816401846195575445e+02 1.383588467863803544e+03 3.244820103796859598e+02 1.099953670907594415e+03 1.524852062899200291e+02 5.613007130727262428e+00 0.000000000000000000e+00 7.486080084291827461e+02 1.903692039206743292e-01 1.528233687905537636e+03 6.121954774710182789e+00 3.165135315847204112e+01 9.312746049902219738e+02 1.931238233872974206e+02 0.000000000000000000e+00 4.163365944381673671e+02 3.233956342070122219e+02 1.296074980871420621e+03 6.158765509041526087e+01 7.662975671660932449e+02 1.175923509091682178e+02 7.099917633670055750e+01 6.992120985665502531e+02 1.512422060597876623e+02
0.000000000000000000e+00 3.618237261044393449e+01 9.961863597238617558e+02 5.600727045359794829e+02 1.541971283394844704e+03 9.041724574364458249e+02 1.926298616630267020e+02 2.736387215035479699e+02 1.205144950876812118e+02 1.446179286614541525e+03 0.000000000000000000e+00 2.833418170570084271e+02 6.790872392610508790e+00 3.731604920279856970e+02 4.065850480545817049e+02 1.140006306309346428e+03 1.019189972887256658e+03 8.535044108447971123e-01 0.000000000000000000e+00 6.248903584610825419e+02 6.183380260295601829e+02 7.850249874140329212e+02 1.080675419626280700e+03 1.272648957130012377e+02 1.429880452817026935e+03 3.095857217303632183e+02 4.587712831473546089e+02 0.000000000000000000e+00 4.221305615325657072e+02 6.350569904741198712e+01 1.352193487652091562e+03 6.540219115552153539e+01 5.307703389219235532e+02 1.089002822062547693e+03 6.935693593791480680e+02 1.063164054329998407e+03 2.242553916628218147e+01
0.000000000000000000e+00 0.000000000000000000e+00 1.497747341250324382e+02 8.359942608935284625e+01 2.007432629929627410e+02 3.213112337612192277e+02 4.079371351875668097e+02 1.098734961677616084e+01 9.326978719288310913e+02 0.000000000000000000e+00 0.000000000000000000e+00 7.860735711830164973e+02 1.275337007282533222e+02 2.859620827215423446e+02 6.059542486927267646e+02 2.114904124750655967e+01 4.344595103100325595e+00 1.409468186372852642e+03 4.424523708617155648e+02 0.000000000000000000e+00 7.039572985546612927e+02 3.966746273215143219e+02 9.874044694660010180e+01 8.953649378929505076e+01 2.899136152333765608e+02 2.356137393652910532e+02 1.048527102723345024e+03 1.003086829076506774e+02 4.232080546638755436e+00 1.269716158545942335e+03 5.286490737400586113e+02 1.965812696568621334e+02 2.083733768648448859e+02 9.930960319207863449e+02 9.419831340239047890e+00 3.837571252450412196e+00 9.161763630460236527e+02
0.000000000000000000e+00 5.992620183224909169e+01 8.084520220497507808e+02 4.961651673887246830e+02 1.008607463821947761e+02 9.401620124454756251e+02 8.731370089326929929e+02 9.247349966431497705e+02 1.799723406513886459e-01 9.434289588080150679e+02 0.000000000000000000e+00 1.444737339613604377e+02 8.413839818974072386e+02 8.888283883773538951e-01 1.445262435417180598e+02 1.305323571265164446e+03 2.814325811263733712e+00 7.283248037093866856e+01 6.907925964459406032e+02 0.000000000000000000e+00 2.040648211719794745e+02 2.537216120591686490e+02 1.168096973104528615e+02 1.340503590083920074e+02 2.190137888084670692e+01 7.368341664993823770e+02 2.304774289516378083e+00 9.109926853000490610e+01 8.626586400358258970e+02 2.365855793766037962e+01 1.269817859404803073e+00 4.507929973311004090e+00 6.765789158426045447e+01 0.000000000000000000e+00 1.413887018756609905e+03 1.077403849301921809e+03 1.063857486235818669e+03
0.000000000000000000e+00 4.317043376690173204e+02 6.387209148776435086e+02 4.442749405304856509e+02 1.038171067481176351e+03 2.541078140381517301e+02 1.820490251325403221e+02 4.705695419562602524e+02 7.711262003176655444e-01 9.186910732321587147e+01 2.797097379473651131e+02 5.884119148049511523e+02 0.000000000000000000e+00 5.540556748746093945e+02 1.410188647383502492e+01 4.405567754809871985e+02 2.539717501121724581e+02 2.622444778902866425e+00 1.386746211371358413e+03 0.000000000000000000e+00 0.000000000000000000e+00 1.883400830105970272e+02 6.250248787990967685e+02 3.589525685136468081e+00 5.243236170474640545e+01 2.742464103881101423e+01 1.331678365739019910e+03 4.526272507522897254e-02 5.224000564383034922e-02 2.074009406035209793e+02 8.354058404395574371e+02 1.342686903591991495e+03 1.182160548887359681e+02 3.194620541980677331e+01 1.375135677493222772e+02 2.087242625764024240e+02 9.942268842444856318e+02
0.000000000000000000e+00 5.850050979034906504e+02 0.000000000000000000e+00 2.604612704820538482e+01 6.643999175976479421e+01 2.971029476883082499e+00 4.827127692035427344e+02 2.698234966464830187e+00 2.919621147547629221e+02 0.000000000000000000e+00 4.252665213629771301e+02 3.045948599306379947e+02 7.101555240009337240e+02 6.091830738033208945e+02 3.629712428001390379e-01 7.590279166008450318e+01 5.655915628298795355e+02 9.441312376397916761e-01 9.129962310402490289e+01 1.315427222912930802e+03 1.130644725587051798e-04 4.448682118344631249e+02 2.093356230855287592e+01 1.264339490510748419e+03 7.174994493315326736e+02 7.623303792614447048e+02 2.071566206240154173e+01 5.393411959937269557e+02 1.651423852594851382e+02 9.048878048164440315e+02 8.691415200090513054e+02 0.000000000000000000e+00 1.352193695156153353e+03 3.981054887310903734e+00 1.526688986241391831e+03 1.222211723018160910e+03 2.171422649411246653e+02
0.000000000000000000e+00 1.521682227724910945e+03 3.494196457769571680e+02 1.334104418802729413e+02 5.472781109959677224e+02 6.032245952416252521e+02 1.007891098856834233e+01 7.265015259363093492e+02 7.603329055575143514e+01 2.878315331885339674e+02 1.054328881682292149e+03 1.518600897159438546e+03 1.475935136348490460e+02 5.667293688800945120e+02 3.930769273713606848e-01 1.749446039109432149e+02 5.239072494279017889e-01 1.512072386130238556e+03 1.307485249541459282e+00 4.648071480652077270e+01 1.238326335399584423e+03 0.000000000000000000e+00 0.000000000000000000e+00 0.000000000000000000e+00 2.341218975003283376e+01 1.332205533828173884e+03 3.671926951890349233e+00 2.606584427614490664e+02 1.813242811271793126e-02 2.702429122167071114e+02 1.919078763394880980e+02 1.062782676904070513e+03 3.131407697493321596e+00 1.442249417182095840e+03 1.147944238078557888e-01 0.000000000000000000e+00 4.584293435691698164e+02
0.000000000000000000e+00 7.871328856689756321e+02 1.181013809853740668e+03 2.177399378845753404e+02 8.754471361252597035e+02 2.459659277552220524e-01 1.134614868479236065e+03 6.083294393552588417e+02 3.265589135489365731e+02 1.196210458931029758e-01 1.402482410944537833e+03 8.162642891076078433e-01 1.291617689978690350e+03 1.576939443294434795e+03 9.465143073882539490e-03 4.801014205445098355e+02 0.000000000000000000e+00 5.580962318129813582e+01 0.000000000000000000e+00 7.633401756502254329e+02 1.454462608236978705e+00 1.501931969701206981e+03 0.000000000000000000e+00 1.989066540403086591e+01 6.119165269803781939e+02 9.317433263717339287e+02 1.570728006127253877e+02 7.425371965380362553e+02 7.079525140744880218e+02 1.855951659318760107e+02 3.167837735717656500e+01 6.711516157227878239e+02 1.183385007712360675e+03 0.000000000000000000e+00 2.321897204726913060e+02 0.000000000000000000e+00 8.076648040681354814e+02
0.000000000000000000e+00 1.859732048912685514e+02 0.000000000000000000e+00 3.701638084768663930e+02 2.016590218584479430e+02 3.238827242012094931e+00 1.566682781436001619e+02 2.834909742714217487e+02 3.951643539919542718e+02 6.763909235032388096e+02 0.000000000000000000e+00 1.104986510976295222e+03 6.071925926150623809e+02 5.411566066478093262e+02 0.000000000000000000e+00 1.086752355770976841e+00 4.323841694163555189e+02 1.514535265491385644e+03 2.562101185252090545e+02 5.032788732822110589e+00 1.751847210025361164e+03 5.064200162115573107e+02 2.628304962946956493e+02 1.922326054341569375e+02 3.315906129265183466e+00 7.678482167180013676e+02 5.722242138780956111e+01 1.014076659156629376e+03 7.743358938664205198e+02 0.000000000000000000e+00 3.537119033485539887e+01 1.881338433221393913e+01 2.640651591999417178e+02 1.224734059458447973e+03 5.848911621925108761e+01 7.338318963460818622e+01 1.689488734975440366e+03
0.000000000000000000e+00 1.631920662573687366e+02 3.739796738829305127e+02 1.280153896646923158e+03 2.801375998079187184e+02 6.742915948443763909e+02 5.708834354687893153e+01 2.992228988470253626e+02 1.032925827501592266e+03 8.438089875584341826e+02 7.157215784145863609e+02 0.000000000000000000e+00 1.477261867673278175e+03 5.371161520308194213e+02 5.742809081275238441e+02 5.155446744880744063e+02 1.336110041499568069e+03 1.081063834975556347e+03 0.000000000000000000e+00 2.867197661440193315e+02 3.520925191684493711e+02 7.846896462538713877e+02 8.879629008885136727e+02 1.336781706002848296e+02 1.236154880159037930e+03 1.041508219755237178e+03 2.139888537202941166e+02 6.397785021556766196e+02 2.568991039821275422e+02 1.620154199498865921e+01 1.248727175427550492e+03 7.310711476437431884e+02 8.420493249690379045e+00 7.378926565163843043e-02 2.654501153820115178e+02 2.665672358303172729e+01 2.536202966082594799e+02
