output/example_1/lateral_incision_000489.asc
nrows	75
cellsize	13.33333333
xllcorner	0
ncols	75
yllcorner	0
NODATA_value	-9999
[rows 0 to 16 of 75, columns 37 to 73 of 75]
3.361469718034777543e+01 0.000000000000000000e+00 4.020924072664800331e-04 0.000000000000000000e+00 3.979261858437778687e-01 0.000000000000000000e+00 6.452354815858253601e-02 5.525900172972106512e-03 1.975129308987696054e-03 1.188172025416675964e-01 0.000000000000000000e+00 1.490839285678350612e-01 0.000000000000000000e+00 1.935879317804396393e+01 8.108273727206165293e-02 2.093329821185450912e-01 4.567089221719901957e+02 5.563837012072933703e+02 6.760571021001833287e+02 5.558879181938473835e+01 8.372223329491361028e+02 2.360458973370409552e-01 7.437037567947003254e+02 1.862404962884342297e+01 2.889756057951431103e+02 6.304318187264352673e+02 5.385499670565903898e+02 4.403133197833088843e+02 6.645926136392270678e+01 1.782013893457753397e+02 1.972017260387275144e+02 1.122292021492203240e+01 2.215767845423674220e+00 1.171760928489934850e+00 1.107207941568070879e+02 6.909699642465498926e+01 0.000000000000000000e+00
4.665717642862354069e+02 8.097447668449901936e-01 1.091569533275524926e-05 3.608004507753123313e+00 7.550558769261488123e+02 3.581113485329618698e+02 3.293860382215767117e+02 3.862583336637545273e+01 6.780575591388370071e+01 6.412547454996051783e+02 7.101247375537336382e+01 9.995046712791908021e+02 2.492921108911788508e+02 1.069634080827030687e+01 8.454185330267705467e+02 3.597211484017894918e+02 1.286590051780032695e+02 1.751160184028129549e+02 1.698775907357321557e+02 1.394715536857987992e+01 3.054951812178102966e+00 2.494239769601043974e+02 1.170542043143747719e+02 6.017810937896812362e+01 4.433322571761992208e+02 8.125025625467957013e+01 9.731375430161799613e+02 8.538772267839282222e+02 3.290379244112550339e+01 3.595333971346759938e+01 5.764757463916935443e+00 8.064082196030755156e+00 6.646465462060431264e+02 9.770480092539247607e+02 4.756722992669884320e+02 1.020777713747729877e+03 1.729303510631301055e+00
3.113207317087512820e+02 9.714872096168321605e+02 3.926251954875953629e+02 1.109238611075339804e+03 2.809991145980418423e+02 1.699872546293205232e+03 1.632360163142553517e+02 9.296068242027076849e+02 1.171035036769407270e+03 7.528352922592807772e+02 1.211703801895559764e+03 2.539432742098687754e+02 7.318224730561674960e+02 0.000000000000000000e+00 3.940826055554322238e+02 1.585474674125419142e+03 3.188886248243829300e+02 1.178655388114297921e+03 1.819698512977282689e+02 1.126600991958537406e+03 2.351366811346377972e+02 3.812417683542395253e+02 6.147355799543256580e+02 8.039690242404813034e+02 7.056904141024145360e+01 3.612276969924765240e+02 5.016620766122605346e+02 1.181543523606225055e+00 2.654009173427031669e+02 7.884537420346368890e+02 9.640376167363141349e+02 3.404292455127064354e+00 6.779594661664496016e+02 0.000000000000000000e+00 1.451750140581669939e+03 2.368342853649264725e+02 6.396314495809099299e+02
2.551578449890826619e+02 8.446667182424666862e+02 7.285266248559167934e+01 4.869637450759895358e+01 2.300643023605664723e+02 1.834743976087529660e+01 1.709056858971276142e+03 5.611506845356218491e+02 7.067322028921435049e+02 6.616210593226520587e+02 7.871264012646182096e+01 3.069282476352873879e+00 4.592915358143751519e+02 0.000000000000000000e+00 1.151858786515244446e+03 5.096977115470180593e+02 1.103712054120399522e+00 9.383446799938436698e+02 0.000000000000000000e+00 1.294371907051021026e+03 1.263113150983836931e+03 1.493454655922442726e+03 2.396573950388973273e+01 1.765615905219600101e+00 0.000000000000000000e+00 0.000000000000000000e+00 7.205254135052842912e+01 6.808879951578528562e+02 1.253771927281278664e+02 6.372213707454037479e-01 6.808754166447466787e+02 4.744115158039758029e+00 2.172659735827959349e+00 1.449920874918117079e+03 9.523738148978698348e+01 2.177681846498998368e+02 8.010851816559161307e+02
6.555899265949298638e+01 1.321545812338410769e+03 7.175812911014286044e+01 1.137630238945405381e+03 6.745469232359000671e+02 1.550892872890103149e+02 9.596712319169972716e+02 6.402044723914023052e+02 3.048768968017275824e+02 2.869007154854983810e+00 2.777431020211174655e+02 1.983819233651183467e+01 2.480175037305161823e+01 4.596563004730589910e+02 3.588021319978894326e+02 2.326824972058003880e+02 2.549126014862981648e+01 7.541551354179000555e+02 1.475175074293744046e+02 1.519724465850279671e+02 0.000000000000000000e+00 2.681498458153500408e+00 1.763890449803019010e+03 7.377750284923415620e+02 7.979862397853979701e+02 0.000000000000000000e+00 9.098488604920964917e+02 6.550188473636939079e+01 3.183596625582928823e+02 1.492335848761252919e+02 0.000000000000000000e+00 2.929455933944941535e+02 1.001385771724759621e+02 9.699645953504330009e+01 1.981252586227346058e+01 1.371376395471815613e+03 0.000000000000000000e+00
1.986793538393541780e+02 8.049815164063932116e+02 4.998923599388540424e+02 5.970208285830907471e+02 1.331361078128324493e+02 1.453926786203003871e+02 1.678111676143114209e+03 2.589557850190986983e+02 1.670423209539631637e+00 1.557682264911645476e+01 4.400640898147306075e+02 1.075121985593924364e+03 7.157093494018365032e-01 4.684654215725170161e+02 5.821811671592236053e+02 1.563672863515677136e+02 1.265277692918680486e+03 1.014332880927830303e+02 1.613538542560722362e+03 1.875489855606279832e+02 8.132912193579751658e+01 0.000000000000000000e+00 1.444204235295856051e+03 5.732434502322247454e+02 3.588468263449909159e+02 3.511129227568134752e+02 8.540987586156266076e+00 3.225258486783644116e+02 0.000000000000000000e+00 1.979608707723994598e+01 3.862280074450416123e+02 6.404186831192609786e-01 2.601743394188012530e+02 8.764295011593198126e+01 1.274815159496217575e+03 2.652342422891737783e+01 7.658721141416951923e+02
1.154086895179952421e+02 1.335983808000140016e+03 9.755257744406512757e+02 3.901249286246903125e+02 2.194738776517031056e+02 8.535857631312655514e+00 1.016844567546012627e+03 1.880483191924936737e+00 2.413131569185485432e+02 2.997481162273812174e+02 3.956607698553752925e+02 0.000000000000000000e+00 1.343503525712482997e+03 1.054544882533236176e+02 3.173834271045798801e+02 0.000000000000000000e+00 6.048542835746712854e+02 4.871138191771918535e+00 1.452723174785541582e+00 9.040582539825008368e-01 1.156207078510720066e+03 0.000000000000000000e+00 0.000000000000000000e+00 4.218443427399400889e+02 3.466557377295390818e+00 2.501175535734424784e+02 4.679998746123177966e+01 3.101884242636666045e+02 7.973623012799592402e+01 4.880307528973589797e+02 1.820888284000413933e+02 8.908634578459103670e-01 1.111550984434607471e+03 2.633615296197313569e+02 2.537316187656242619e+02 1.045524740239713537e+03 2.241524008953146279e+02
1.559819354147236481e+03 1.963132563190479019e+00 1.088641171348356693e+03 1.616431381931204896e+03 3.341016743072080999e+02 5.014511104351231552e+01 7.003898502916044890e+02 7.691089954477323545e+02 3.154775668898527670e+02 1.449880999874109875e+03 1.403966570934253699e+00 1.657137079456599849e+03 6.416169161810119022e+02 2.194527980159701599e+02 3.804320505369524597e+01 1.998001807503655698e+02 2.203083638956537698e+02 4.802427427389260117e+01 1.413543768952113851e+03 5.321465073698452670e+02 2.283281791687887530e-01 1.317270883394408884e+03 1.117486472570755950e+03 4.114385838726946076e+02 0.000000000000000000e+00 4.861399514869190170e+02 0.000000000000000000e+00 1.235177384903477787e+03 3.864570663294357722e-01 1.082450392356653310e+03 3.122748679672176308e+02 5.812730994791503747e+01 7.404521596170177133e+01 1.018901098816408535e+02 2.797923388455215559e+02 5.533523292833349387e+02 1.516532380175331411e+02
8.573740929292232522e+02 1.668734147167112269e+03 0.000000000000000000e+00 1.561783364081755508e+03 7.015583921979263096e+02 2.772246962953407667e+00 3.677720737134087017e+02 1.097759046623994436e+03 0.000000000000000000e+00 0.000000000000000000e+00 6.772526066388629715e+02 9.396540217252704963e+01 5.248426513817673333e-01 5.952768983563783145e+00 3.373155207920527232e+01 0.000000000000000000e+00 2.946397831804344492e+01 0.000000000000000000e+00 1.840727770323237564e+03 4.853909414057799299e-01 8.521706187582236680e+02 4.496302015374003958e+01 1.463027239863297609e+03 7.773033431304741043e+02 3.797691013219206866e+02 8.350848052814227458e+02 0.000000000000000000e+00 1.527654646746514800e+03 2.502547214518845919e+01 1.348778864686640190e+03 9.384212601030554879e+00 1.485419158386858498e+03 1.560686289947327623e+03 5.995075925960254892e+01 3.808339189500974271e+02 1.146042016877307823e+01 1.264070984164507223e+02
3.304442465790351662e+02 8.067039953949431492e+02 1.104557567311752337e+03 6.591568508177118701e+01 1.596374108744686282e+03 0.000000000000000000e+00 4.174547987854787152e+02 3.231304988947376611e-01 8.619090889253372723e+01 3.555614907750845646e+02 2.475896323794711251e-01 6.744227028098580945e+01 7.262435539831121787e+02 1.498598250730523205e+03 3.127856758694836117e+02 5.723411293182141435e+02 2.698178573097606758e+01 7.800511808568535344e+02 7.458788716640578969e+02 0.000000000000000000e+00 1.335732131386648234e+03 1.658313867402743540e+02 1.182737334419414976e+00 7.859818579949760533e+02 7.177716950944079599e+02 6.573051995157139800e+02 4.409136344427833620e+01 1.383718341871498581e+02 1.648216251057457526e+01 1.192348425128039253e+03 1.342133891967284853e+03 1.524260851334659947e+03 1.031699050402592910e+00 1.233913707388798230e+03 5.570556836057894543e+02 7.690012880112842595e+02 3.982036185008936968e+02
0.000000000000000000e+00 4.305428313724036116e+02 1.866158785140231885e+03 9.599768277334010236e+02 4.565260938496771104e+01 4.127995674390212599e+01 3.757357524220610756e+00 1.127551790633879563e+02 9.834309508014306402e+02 2.797057881663317289e+02 0.000000000000000000e+00 6.659859703295093141e+02 7.679420803834645426e+01 0.000000000000000000e+00 1.360138693134361802e+03 6.026478850451468361e+02 1.062148663961234433e+03 4.628057758782485109e+01 1.082819685686795538e+03 2.862828030717678871e+02 3.413746796813786233e+00 1.544965469603014071e+03 5.757802152991130242e+02 5.155774418285089666e+01 3.909613558198282846e+01 3.268110493782763637e+00 2.382247625872314645e-01 3.050320095702073786e+02 2.170763906080453296e+02 2.719223646607819234e+00 1.543581565168353563e+03 2.130979606015575598e+02 4.681328445427336646e+02 7.965456929477842323e+02 0.000000000000000000e+00 1.682390012006754476e-01 3.187099964481870416e+02
5.118463719184558158e+02 8.746034432503090557e+02 2.845913435494064743e+02 4.940193954941426568e+01 1.388389773348661265e+03 3.565291889611152101e+02 2.041381799492086486e+02 9.976414889908770400e-02 9.462240041456584549e+02 1.969432877798570189e+03 1.962452859229657349e+02 1.169407930488334912e+00 6.037716686275047095e+02 2.747728322168626960e+02 2.178433559059826408e+01 5.342168154675199787e+01 5.299538750075176949e+02 1.593541927920369403e+02 8.036808552261200944e+00 7.566313566114998821e+02 9.648370937763128268e+02 7.592733528754803274e+02 4.908595739446944890e+02 0.000000000000000000e+00 0.000000000000000000e+00 5.654894013927863625e+02 0.000000000000000000e+00 7.294076568821329829e+02 1.433325827233455357e+03 1.307426362792221880e+03 0.000000000000000000e+00 1.595809038953578693e+03 2.328818539744322891e+02 3.460124316066164170e+02 0.000000000000000000e+00 6.010608056455132555e+02 2.896385353329971508e+02
2.426098995321372342e+01 4.033414146191564242e+01 4.159311856351693137e+01 1.413625295705003170e-06 3.095354765309825780e+02 0.000000000000000000e+00 8.154153320917824885e+02 7.006364438220091415e+02 2.216915809305257223e+00 1.349214423458128067e+03 3.474674626032888227e+02 0.000000000000000000e+00 0.000000000000000000e+00 6.239745184434434577e+02 8.536307431169069559e+02 7.353761728410967180e+02 8.996253797255948825e+01 7.121578972228047633e+02 6.759858569457966269e+02 1.333676559230884493e+02 7.380555344460633194e+01 2.357154608903234987e+02 1.957412440241797071e+02 2.758820174834702357e+02 1.225083353089048472e+02 7.720709098404315851e-02 6.798950995681375389e+02 1.535377485165178655e+02 5.249263907770654214e+02 1.699654919103368684e+03 3.004913077521012554e-01 3.334192624046012270e+02 0.000000000000000000e+00 1.049219018773753476e+02 2.417128288049415819e+00 3.247632901797530280e+02 8.153508026648246698e+01
8.843780464350724060e+02 9.438952883111895744e+02 0.000000000000000000e+00 8.852428390261112554e+02 1.183978026798318524e+03 1.484434914861575407e+02 3.345177163033309853e+02 2.812483485397511345e+02 6.114483922578700685e+02 2.298803987087510592e+01 1.340995807304537948e+02 6.683318364866568118e+02 1.063311993163372790e+03 8.083556550355040144e+02 9.814048173711275922e+02 7.982855199362048779e+02 1.070974146745135869e+01 4.687274806731735453e+02 1.147347613591941951e+01 4.730575690388962471e+02 3.859559515775359841e+02 0.000000000000000000e+00 2.992971782466683450e+01 5.643979028448394786e+01 3.855499362409878472e+01 1.923598061431616486e+02 7.327519333122368153e+02 3.281274401592062162e+01 1.017871628592007660e+01 2.224577587427627634e+01 1.463357059500837522e+03 9.563500440555886328e+00 1.246563719683555746e+03 1.267653784994475927e+02 8.370691142580678843e+02 1.078353794868310388e+03 4.131351854178686267e+02
1.036851405362269247e+02 1.381156379156263029e+03 9.999337932208993607e+02 4.617262088262655828e-01 3.063437631241280883e+02 0.000000000000000000e+00 6.393362146052795936e+01 7.654571494215298344e+02 1.839758888267122757e+03 0.000000000000000000e+00 4.967559958066548376e+00 1.153038345999729586e+02 1.437565893696619241e+02 1.297779748066700222e+03 6.807846565920287958e+02 3.379847217314664931e+01 8.384280388880729333e+02 3.175362297280608459e+02 8.053028878993817443e+02 3.582050870089207706e+02 4.581800493993305281e+02 5.317463279743122939e+02 1.066467741823856699e+02 1.124162007038016782e+02 8.242467165931037698e+02 1.727859844152563085e+02 1.784101024733557495e+02 2.440368595144533970e+02 1.148311694622817640e+03 0.000000000000000000e+00 4.161237203035976222e+02 1.872805674618027467e+02 5.478312495081786437e+02 3.782898107220599400e+02 2.146707737756857171e+02 1.358762147246718996e+03 3.799945049296146067e+02
1.887506641152518227e+01 0.000000000000000000e+00 8.954688877224319299e+01 8.273856224079981985e+02 1.813842640196756975e+02 6.176436373264335771e+02 2.242092439046891457e+02 0.000000000000000000e+00 4.596466720501726400e+02 2.145015067170256202e+02 7.981141775621378542e+01 1.544155780772641817e+00 3.292019572455714638e+02 7.474054591334396491e+02 0.000000000000000000e+00 4.216292359416573845e+02 8.739287295908448527e+01 9.685654969536640735e+00 1.827344695064705320e+02 3.172375816929865096e+02 4.235502554936307007e+01 2.201027742865910000e+02 1.112155236942845988e+02 3.384519472865030139e+02 8.416798580894571842e+02 1.098244647338023938e+01 8.951920362262843582e+02 3.359188202714934164e+02 4.886374952204286615e+02 6.735072224528786364e+02 1.097635141968652079e+03 1.248679586108119793e+03 4.916639040574915498e+01 9.454684608628805336e+02 5.708792541966929548e+02 3.945321942799001818e+02 7.503340414292754303e+02
1.213328641955258149e+02 7.970565048859991748e+02 1.293034666557280616e+03 0.000000000000000000e+00 8.268579679533086164e+02 8.358733408853879610e+02 2.524524643689993866e+02 2.647037702780574477e+02 4.468588952528122036e+02 3.823513786024413008e+01 5.185018042198522608e+02 7.109614216821374839e+02 1.553300535019606562e-02 6.466971973759889636e+01 5.143276660990045457e+02 2.509334219099164187e+01 3.865473533140406914e+01 1.148668858649572940e+03 1.372827480997213456e+02 6.744612799008143922e-01 6.626932054356940398e+02 8.074889399581633143e+01 1.212430512735357297e+03 4.229850347989541071e+00 1.119598796905236668e+03 7.900111971113052505e+02 0.000000000000000000e+00 0.000000000000000000e+00 0.000000000000000000e+00 3.498430789562257246e+02 1.366357940067422078e+03 5.370788210994060563e+01 2.779250595595520457e-01 1.034494738683847800e+03 2.717216962762834669e+02 6.066872821888539846e+01 5.303190046880507680e+02
