output/example_1/lateral_incision_000385.asc
nrows	75
cellsize	13.33333333
xllcorner	0
ncols	75
yllcorner	0
NODATA_value	-9999
[rows 17 to 33 of 75, columns 0 to 36 of 75]
0.000000000000000000e+00 2.134117403349819142e+02 1.298649551810469347e+03 1.381681283829044560e+03 9.697693462649429108e+00 5.833265156311533417e+00 3.556494840418961445e+01 1.942208130079400874e+01 4.252104777934355262e+00 4.820152089296550457e+01 4.355449924792003458e+02 1.004712984581405095e+02 1.295739239377314789e+02 5.481425771949418504e+02 5.502457517550056991e+02 1.462885159916246948e+03 1.975352623915230197e+02 1.047017378732939733e+03 1.614997408254946322e+03 6.611003797535589754e+00 0.000000000000000000e+00 2.035798935662646159e+01 7.481178038380076778e+00 4.036950503922547284e+00 2.830334842053371176e+02 1.009935286372657743e+03 0.000000000000000000e+00 5.127289665320827083e+01 8.222300809052823567e+00 3.857032972288068322e+02 7.223429842810551236e+02 9.981237450878489847e-02 4.129541437128121970e+02 8.329480866304207893e+02 0.000000000000000000e+00 8.887906027685477284e+01 2.386480606037028451e+02
0.000000000000000000e+00 3.041333483722215902e+01 0.000000000000000000e+00 1.164475484161213957e-02 1.449211770540694488e+03 6.103384639697036391e+02 1.340464185301579221e+02 3.593595302314246283e+02 1.430937397725870824e+03 8.046252746184877347e-02 6.970602178765621382e+00 9.001771151692857131e+00 3.562446162147346218e+00 1.430091085981893073e+01 1.444149545373300647e+01 5.228796522165986005e+00 1.330067208128366829e+01 5.258836368945068784e+01 0.000000000000000000e+00 1.728542164662945197e+03 0.000000000000000000e+00 0.000000000000000000e+00 7.789541932707967362e+02 2.527192397425264119e+02 4.467587650920911102e+01 7.012921459672728588e+02 6.005940110122072610e+02 0.000000000000000000e+00 0.000000000000000000e+00 6.468441031961364160e+02 2.814088346465244967e+02 5.206680295909379765e+02 2.079691824601674455e+01 6.091415443535029226e+02 2.326333224105273700e+01 0.000000000000000000e+00 8.252193740155408932e+02
0.000000000000000000e+00 1.541024976250201689e+03 0.000000000000000000e+00 0.000000000000000000e+00 1.284492763083406317e+03 9.308549931140132685e+02 1.266773452803520001e+02 2.981936461774663538e+00 2.155327010091640147e+02 1.088258827946658130e+03 2.194050307966573996e+02 1.403625670386926686e+03 8.616077210427710042e+02 4.342006770215718348e+02 1.301007355435152419e+02 7.720460720583665761e+02 1.378072890465857199e+03 1.446054567733012846e+02 1.987464355432055842e-04 1.088241213568223657e+03 1.434444161719412023e+03 1.391046988303045318e+01 2.594893774551479169e+02 2.282595641665518826e+02 2.370603927011226464e+00 3.733817239886528938e+01 3.298475217294403024e+02 3.668650998280914877e+01 1.109423186646093171e+02 8.418412576685493605e+02 7.887445333962971006e+01 1.051008769766200430e+03 1.874583102812866002e+02 2.676497516737799742e+02 5.459083226291328401e+02 9.290180472948138686e+02 2.318238771222252694e+02
0.000000000000000000e+00 3.129460136764240730e+00 5.998064929738696947e+02 0.000000000000000000e+00 0.000000000000000000e+00 8.408782072515762138e+02 4.544900574746370125e+02 1.465444526833359078e+03 3.348943301546536966e-01 1.105060155535615422e+03 6.970883012894133799e+02 1.094556872878597176e+02 0.000000000000000000e+00 4.710384083429050293e+02 1.052733822476081684e+02 1.299903631272378334e+03 1.430623859097593042e+00 3.621933738483147636e+01 1.092789259106920781e+03 7.568093378046059083e-01 0.000000000000000000e+00 1.613415118364945444e+00 1.189263267578431709e+02 1.052739565550101361e+03 6.848616802472075733e+02 4.025538954118633228e+02 2.686892742069518931e+02 2.088155799091440770e+02 3.236536532334004619e+02 8.973029415396156310e+02 5.055673956928450821e+02 8.763207038155762518e+01 2.004555714577020069e+02 7.171402428966565594e+02 3.120395732496161827e+02 1.891593769856587528e+02 4.752794527104005624e+02
0.000000000000000000e+00 0.000000000000000000e+00 9.324558020728157715e+01 2.570777743479883526e+00 0.000000000000000000e+00 7.066086931193176497e+02 0.000000000000000000e+00 1.565017625141388180e+03 6.497893334457151013e+02 2.221213752837514335e+02 1.183108914773262768e+03 1.133765986412446637e+03 7.004311615508545401e+02 2.129911227475918878e+01 7.220069821543555690e+02 1.832081913586658857e+02 6.146566844500385152e-01 1.407020059584312094e+03 8.569713956770208370e+02 4.104598348559946430e+02 1.024719590729275195e-02 1.700047729164551047e+00 7.882460316167025667e+02 1.130282967587776056e+03 4.046268172303205688e+02 1.075684582241430917e+03 8.324565742458513569e+02 2.322232718241577913e+02 2.065667727908184759e+02 9.757334602557124299e+02 1.336343575632781949e+03 4.600702075915113198e+01 8.678908246883379434e+02 4.024384397514938314e+02 7.369408446034783822e+01 0.000000000000000000e+00 0.000000000000000000e+00
0.000000000000000000e+00 4.539436988794903982e+02 1.369992823493107380e+03 7.667350100549897434e+02 9.213058171734663802e+02 1.259512793519228808e+03 1.590396803843756035e-01 1.502226614614467337e+02 1.044193383602921131e+03 1.325897264631187682e+03 0.000000000000000000e+00 2.110450218956491995e+02 1.045029862224949966e+03 3.990989427581830569e+02 3.927490762449443764e+02 1.023199270977718101e+02 1.265640331669183524e+03 2.690106177440470105e+02 6.073842704633612977e-01 7.405264095547037186e+02 4.143435192261027744e+00 1.313190719283668159e+03 7.076420203185286937e+02 6.414860404913472394e+02 5.082742667614382270e+01 1.918226674603714628e+02 3.060177664483925923e+02 9.361756237005533876e+02 1.209307196472577971e+03 1.499748243323030692e+03 2.466475960729397912e+02 0.000000000000000000e+00 4.612961355307926965e+02 1.604624268572002022e+00 1.924752838600112455e+02 7.840315017132695630e+02 1.719638281260932445e+03
0.000000000000000000e+00 6.244479035610623896e+01 9.439711940380218991e+00 5.234585170190928949e+00 7.957334249608791765e+00 1.692598587696113555e+02 4.162584173103945773e+02 1.458158896665957904e+01 9.887798554263712347e+00 8.371193095613501782e+02 4.308462106682588910e+02 5.046834242335052068e+01 6.740894219321842229e+02 9.910105266823894965e+01 4.319512111277896338e+02 2.775506879543226191e+01 5.974582826280910695e+02 5.272776980968145608e+02 2.780316041664683553e+02 5.045938762412711185e+02 1.475737437592834567e+03 3.925235079095333646e+00 3.287986007322614341e+02 1.977026075783093306e+00 1.392661397731548050e+03 1.609062539695634371e+02 2.085820236372239833e+02 1.128178470053673088e+01 3.416504003874892281e-01 4.522831475786613376e-01 1.049259180663077302e+02 5.544768044806091893e+02 1.404671885151266224e+02 7.919165791127243947e-01 3.804489564971854634e+02 4.088251799361630674e+02 6.058505144966902733e+00
0.000000000000000000e+00 4.251275419330760883e+02 1.262908261298353182e+03 1.119168108022283832e+03 2.889149008780038344e+02 1.063774731851582601e+03 7.050175925199682752e+02 4.443230771252969475e+02 2.386340617120737963e-06 1.112492899171364343e+03 7.501658394020449805e+02 5.991051612067698429e+00 7.133334544708828844e+02 8.931648962957930280e+02 5.406034460493370943e+02 1.833955746634038917e+02 3.144094278511640255e+02 3.053587380295668936e+02 4.906247302504651202e+02 1.267520982867845987e+03 9.316261703621458992e+02 0.000000000000000000e+00 0.000000000000000000e+00 1.498495322337131938e+03 4.426184513306145263e+00 1.631823472866424751e+01 1.764819760529782968e+02 9.525874450601899923e+01 1.020074997057718747e+03 4.616869510269689272e+02 1.306377740853008795e+01 2.652763902126665485e+01 0.000000000000000000e+00 1.144461464690204139e+03 1.545567470031456196e+03 0.000000000000000000e+00 5.051220364348877752e+02
0.000000000000000000e+00 8.032777373922970128e+02 4.354677309933367990e-01 8.683364108629538123e+02 2.747209102140098480e+02 3.523034770251922509e+02 1.000617471867344761e+03 5.956410458129852981e-02 2.359336373390686958e+02 6.863919492920601897e+02 1.077735202890823302e+03 8.540581125450003128e+02 6.492563817915315667e+02 1.470805479760873027e+02 5.705362501588773512e+02 0.000000000000000000e+00 2.150047125904639529e+02 2.922898290309945537e+02 1.568864126132325964e+03 1.049845436685593995e+03 1.193873473983906734e+02 1.102377793652466835e+03 1.232536445286792404e+00 1.675756646681567418e+03 1.862372714559174085e+02 9.048814400052594920e+02 4.688632306472395044e+02 7.342378356492297371e+02 1.231309066158144788e+03 1.212856784653461546e+03 5.948110020573824386e+02 2.454877509241406415e+02 8.113588059051263457e+00 6.677642464487084908e+02 5.214899123590969765e+01 4.346689512899681063e+02 1.057856427107519949e+03
0.000000000000000000e+00 7.482266778690411684e+02 6.795571519181405620e+02 0.000000000000000000e+00 5.475878111518985634e+02 3.850786692687009918e+02 6.130322963597781154e+02 9.553614483904898691e+01 3.913816876315728450e+02 7.570310439169135319e-02 1.434812705808518842e+02 6.972860860368454041e+02 1.760825687168200773e+02 5.797321326449669954e+01 9.695825223033857299e+01 1.880424945901358171e+02 7.243038578497790203e-01 0.000000000000000000e+00 1.446712202807363155e+03 6.916849129536933560e+01 1.489514034561567087e+03 3.324859618259182525e+02 5.422973210839497682e+00 1.395134205741511551e+02 1.053889691696694797e+01 7.868007408241697753e+00 8.018785952305547937e+01 3.699725444132711232e+02 4.466991808496805447e+02 1.233879084273863327e+03 0.000000000000000000e+00 9.842293197425368589e+01 1.402554840800131615e+03 5.863523764972675281e+02 7.208539371818354766e+02 3.232531082797716522e+02 1.052032753629364237e+01
0.000000000000000000e+00 4.307981815457255834e+02 1.069136835233237662e+03 2.019664982099022268e+02 5.097847728181610591e+02 0.000000000000000000e+00 0.000000000000000000e+00 5.024648424535076288e+02 1.740083840604597299e+03 4.690443957919384275e+02 4.037788820090159447e+02 2.667206887746805251e+02 0.000000000000000000e+00 1.350643016914755492e+02 1.833152100723826550e+02 1.637755892918985126e+02 1.387166466150465567e+03 1.402999605664836736e+03 3.583722440022999081e+02 1.469049263547801729e+03 1.819128829907857153e+03 2.551507395464024057e+02 4.166952778721925199e+01 4.312688739978630004e+00 2.793498800024307229e+02 1.281734449481559182e+02 1.456502384766435512e+02 3.134281624734504135e+02 2.953429084803513760e+01 1.409980214081471956e+02 1.703819859844511257e+03 8.475279487201997641e-01 3.066690444467872823e+01 5.186630082803782571e+00 6.353082793574122888e+02 4.765499009164953748e+01 6.442787364763191817e+02
0.000000000000000000e+00 1.716278312501580388e+02 6.695589327152089254e+02 1.199383776617692774e+03 2.957578054350173602e+01 7.767940999540707026e+01 5.329079223185992760e+02 1.373018676862000120e+01 2.395305045897223817e+00 1.193728465041739497e+02 1.394074536450539881e+03 0.000000000000000000e+00 4.999241558444016391e+02 1.471047276874560055e+02 9.946257594181270534e+00 7.276036173400676716e+02 5.107730502112129329e+02 1.479501212196924484e+02 1.465902132596457704e+03 0.000000000000000000e+00 2.390746887471454443e+02 1.319064276964333885e+03 7.269133669351730831e-02 6.416962254135519288e+02 9.056263592867410672e-01 1.074866725332101623e+03 1.637353886066978959e+00 2.585989050720788285e+01 1.661984894430547001e+03 1.696448918472074411e+03 0.000000000000000000e+00 7.928234317760328622e+02 1.223334173632622651e+03 1.532302912377533346e+02 1.450782646280739243e+02 0.000000000000000000e+00 3.173239682033484996e+02
0.000000000000000000e+00 1.240334342997497075e+01 1.443047088621789555e+02 5.783214302120534711e+01 1.549182832416862539e+02 9.380537426340060847e+02 8.907659207977028473e+02 1.102665176704226013e+02 5.686961845275902760e+02 1.096758508699626873e+02 3.857285695303130524e+02 1.171207840188742239e+03 1.113513105683457070e+03 1.341371594091078123e+03 8.847650932492749121e+01 4.889112688964861491e+02 2.365242143699987309e+02 3.183104224321489824e+02 6.393519148416466180e+00 3.364794816539531439e+02 3.064864101385396680e+02 1.423931917682840265e+02 1.955392898975674143e+02 1.192012345416349177e+02 5.661139663636938479e+01 3.883626435299571540e+02 1.120579480031275582e-01 2.263246598909409499e+02 3.142991956720152658e+01 2.462301048141139290e+02 6.800956772076485777e+02 5.519541244759205938e+02 2.449146569824455923e+02 8.751510918328310462e-02 3.096873058400178707e+02 4.611774902174772706e+02 1.301124508483017280e+03
0.000000000000000000e+00 1.935052262210501794e+02 3.053095293642268189e+02 4.864409800422232024e+02 1.238344518621489669e+03 0.000000000000000000e+00 4.030454168147009852e+01 7.299770746376750594e+02 2.985939131633983266e+02 1.122918376333568403e+03 2.167254188438009805e+02 3.696839940166308907e+02 0.000000000000000000e+00 1.375636214306379124e+01 2.165735049934620520e+02 2.508529965747447932e+02 6.029286275212289992e-01 1.300099856799593852e+02 2.121484564974429361e+02 2.276702714962922869e+02 6.450629395549715355e+02 5.742396803368174574e+01 2.841958666909927729e+02 7.060843896484967672e+02 3.994697336789031965e+02 5.112761657005603979e+02 1.557212963707949484e+03 1.317066855996005970e+01 7.145037742940158978e+02 1.463506496487251596e+01 6.681337159248464559e+02 7.546936484275224757e+02 7.939055342104121848e+01 2.835702759542333595e+01 7.423383114675446848e+01 3.504161362901982670e+02 9.659596333806363191e+02
0.000000000000000000e+00 1.152422540597289526e+03 9.989032650076691198e+02 1.760452147919185251e+01 7.973679663800209028e+01 1.766062159002230558e+01 5.292617094986159145e+02 1.330516201559525484e+02 2.219438469088223940e+02 2.196838698246288004e+02 9.229033606522539230e+02 3.955364753936253663e+01 1.255414803614782841e+03 5.949980322751982840e+02 3.852562597889658491e+02 4.630150004863878621e+00 1.236343672914472691e+01 6.679679388000198514e+02 4.550234312343823717e+02 3.470284409416780704e+02 2.268802533797119452e+02 6.401745824905262907e+02 1.406358325038523560e+02 8.816116664786438832e+02 3.880893444383460746e+02 1.666404929129215589e+02 5.237235851555745967e+02 5.500847543109420030e+02 1.321619538432326863e+03 4.019338916852134957e+02 4.762363036167728296e+02 2.864936370563384571e+02 4.857223393266397125e+02 1.250733191776974991e+03 1.011107368178120851e+03 4.569973616359428092e+02 1.938590818541217971e+02
0.000000000000000000e+00 0.000000000000000000e+00 3.401006589585088591e+02 8.786493284159804773e+01 6.657077035389242781e+01 7.184490167885307983e+02 4.566183237590717567e+02 7.886167048184903328e-01 2.256563948946603304e+01 2.852499062213454977e+02 4.828478496731939629e+01 2.593768063461374709e+02 2.066548131830028012e+01 7.204610592405343823e+02 1.280480446838902253e+01 1.052364917043349124e+03 1.056604579505650288e-01 1.066844645112238140e+03 1.020099098958618470e+03 1.335548616265836053e+01 1.052185264376057745e+02 3.311841392991833573e+02 5.497484570444415652e+01 0.000000000000000000e+00 7.393056133012663622e+00 9.621151112392986988e+02 9.372346098317979113e+02 2.157234660306281455e+02 1.269748198964120078e+01 5.662804714759545277e+02 2.751019081816266620e+01 2.435313016726143420e+00 1.072089811025621771e+02 2.379832990935585002e+01 5.568923738494092959e+02 7.183328342801843291e+02 1.065141602703298105e+02
0.000000000000000000e+00 4.434928365892585589e+02 8.986448209226033441e+02 3.102038502958883370e+01 1.043173114273193960e+03 1.397524668349466381e+01 2.317635568475936054e+02 8.041535438079975506e+01 2.942880287819796692e+01 1.365089287327301236e+03 6.072234484344661496e+02 3.738105327638815645e+00 0.000000000000000000e+00 5.468381705407892923e+00 1.115106685385433138e+02 5.406937840481618878e+02 4.632516231887691305e+01 1.043440603894759306e+03 0.000000000000000000e+00 6.014917087367875865e+02 3.045189768141056685e+00 6.576153873467997073e+02 7.720436575062550446e+02 7.029243693551176508e-02 1.148323782909909141e+03 3.682189013627935879e+02 9.652031689443839468e+01 1.703260406193494134e+02 1.860283137698116036e+02 4.167353689766995899e+02 1.068547500938609147e+02 2.177921321408726030e+01 1.000789568687861504e+02 8.434099594089934726e+02 2.136141591200138805e+02 3.218564351311279097e+02 9.762576061454552701e+01
