output/example_1/lateral_incision_000119.asc
nrows	75
cellsize	13.33333333
xllcorner	0
ncols	75
yllcorner	0
NODATA_value	-9999
[rows 0 to 16 of 75, columns 37 to 73 of 75]
7.502961367587193805e-04 0.000000000000000000e+00 4.020924072664800331e-04 0.000000000000000000e+00 0.000000000000000000e+00 0.000000000000000000e+00 0.000000000000000000e+00 5.525900172972106512e-03 0.000000000000000000e+00 0.000000000000000000e+00 0.000000000000000000e+00 0.000000000000000000e+00 0.000000000000000000e+00 1.935879317804396393e+01 0.000000000000000000e+00 0.000000000000000000e+00 3.425551552103070208e+02 5.182151061805500376e+02 6.608149284318060381e+02 6.737363233089738834e+00 0.000000000000000000e+00 8.373528799268053717e+02 2.170076602411976694e+02 3.876115161606607558e+02 5.022033694440563067e+02 9.270076761518872388e+01 1.640646817504415651e+02 4.971400586072146629e-06 0.000000000000000000e+00 5.267006942434419869e+01 1.048169385794283137e+01 7.794786057581508387e-02 0.000000000000000000e+00 1.171760928489934850e+00 0.000000000000000000e+00 3.252369639585878103e-02 0.000000000000000000e+00
9.138090829491737850e+02 4.235891705559774218e-04 1.091569533275524926e-05 7.771492738903650332e-01 8.886677204738994078e+02 2.652061426468757759e+02 3.099353584313910233e+02 1.015736561591079408e+03 0.000000000000000000e+00 4.743027464626772875e-05 4.176718093821572886e+00 7.628627974898405455e+02 4.632894501013076365e+02 1.620099392981143865e+03 7.852646076668719388e+01 4.922589327668347892e+02 0.000000000000000000e+00 4.300979854047875506e+02 4.720541486184571056e+01 1.235549216767061580e+02 1.060599426466661271e+03 3.909449224285191917e+02 3.384432035959671339e+02 4.045331194539568287e+02 1.615479656482528696e+02 7.907531090555538640e+02 3.306999109149451783e+02 4.997301163959649850e-01 3.174979991003321089e+01 3.595333971346759938e+01 5.764757463916935443e+00 2.487637873860728348e+02 1.824435414862316520e+03 6.947543909288482755e-01 3.993110351792323058e+02 1.193227444944588314e+02 8.903248415216261646e-01
3.907570803432335538e+02 1.372872505269567228e+03 2.924029328981738445e+02 2.051163215024900239e+02 1.496433710295250137e+02 0.000000000000000000e+00 4.227005958287210206e+02 1.813717538158776108e+02 1.179047671774207856e+03 4.775284340720289151e+02 0.000000000000000000e+00 0.000000000000000000e+00 9.011794253677574318e+01 1.195684874432173075e+02 2.085530863867471680e+02 2.501704017217150238e+02 8.800509267474758701e+01 4.976839434198218015e+01 3.534567988672111483e+02 1.273484929215762378e+02 1.753770626451890848e+02 1.428545653300117237e+02 6.884388353405959151e+02 4.842949167701729039e+02 9.577923215167386388e+02 1.309759949056272262e+03 5.171545627821061686e+01 1.101195167917023582e+03 8.354616973732782981e+01 1.667043830485459210e+01 0.000000000000000000e+00 2.355829771421511794e+02 1.691070576188176574e+03 9.153857369873308016e+02 1.649613170092210268e+01 7.146589740132840518e+01 2.103875239935130139e+02
6.890523356463131677e+01 6.915050324157932664e+02 8.606386839491303817e+02 9.606068937658036475e+02 7.690397144156404465e+02 1.171980068803676659e+03 1.554371026969132572e+02 2.786688605638365743e+02 5.187803191343115259e+02 2.663639208226359187e+02 9.479189281367970352e+02 7.923401576780083815e+02 5.452546164371678969e+02 7.826294847788751952e+01 6.775809360022475403e+02 5.157182231686470004e+02 5.315856579495557526e+02 3.433579640420033456e+02 1.617119187640521716e+01 8.856232863844812755e+02 8.832580542368359602e+02 1.504630649643111155e+03 2.667203260095845394e+02 2.663082540230310542e+02 9.999815417975961509e+02 8.914187947117216027e+01 6.042419145068255375e+02 5.027861180528180967e+02 0.000000000000000000e+00 5.519589059649540985e+01 0.000000000000000000e+00 1.179632202796987031e+03 6.829035525541368723e-02 8.126261652836924441e+02 7.116458410477055168e+02 1.319255806114203153e+02 1.076125726395155766e+02
9.017187821043202121e+02 5.282727536719020236e+02 5.353621289838738448e+02 0.000000000000000000e+00 3.459311477538235522e+02 5.478731116259041301e+02 2.411401839099751587e-01 1.116730261825576918e+03 2.331743462595373018e+00 6.827778418456213672e+01 2.010229752251588593e+02 1.536345270539856301e+03 9.040514651968987891e+02 2.997392186927516278e+01 2.637637724269458204e+02 7.304650449049071312e+02 1.016094457841676785e+03 2.795702361213753875e+02 1.950038023466827894e+02 0.000000000000000000e+00 3.828809779143789456e+02 0.000000000000000000e+00 1.246038661231921878e+03 2.049925853299871221e+02 9.011875361542220730e+01 1.212279940923150207e+03 1.512500145686624364e+03 2.998121032466513114e+01 9.788449671221290771e+01 1.291814742137457017e+02 3.068565726328174748e+01 1.442246354901972836e+03 8.898926017920618960e+02 8.342509144502707841e+01 2.663471437255861929e+02 5.778688676309567427e+02 2.754140135307013182e+01
1.491460595020035043e+03 6.859352069225670903e+02 4.742016395581172787e+02 0.000000000000000000e+00 6.526394457078217783e+02 1.140661648613523899e-01 6.981281441673703512e+02 4.019094846521762854e+00 2.657820628900367410e+02 2.911698741423997490e+02 1.642072942745325292e+02 3.280765700301852661e+01 9.287635952756506867e+02 3.610323404300887660e+02 1.282444326628875046e+02 4.349953986752732362e+02 1.149465048692879634e+02 2.623959512865880015e+02 3.183085420592234414e+02 7.972916354563486721e+02 9.292070365042839342e+01 1.413992500115872808e+01 2.900815210657363252e+01 1.018531883227725075e+03 1.371037108206509814e-01 6.632601975255138314e+02 0.000000000000000000e+00 7.166504518125628920e+02 0.000000000000000000e+00 9.484165710205651578e+00 1.388901402146616032e-03 7.658431867271126521e+02 8.954712148350830603e+02 1.045951403899140587e+03 7.066996521169822643e+01 1.670524999639987527e+03 4.306511369075060713e+00
0.000000000000000000e+00 0.000000000000000000e+00 3.769779864789063595e+02 2.721413719740507418e+02 8.977494881096579320e+02 3.889358138124003883e-01 7.958868893048565951e+02 7.312708414372254992e+02 0.000000000000000000e+00 5.485491970845298511e+02 4.047896970296393988e+02 8.791010692686052153e+02 6.157618127627283222e+00 6.206865730792601710e+01 0.000000000000000000e+00 2.165585958744594208e+01 4.423182325187003698e+02 1.796691821298138336e+02 1.939710336269172275e-01 1.257316969809254061e+02 3.744588210164539532e+01 1.101638292693179899e+01 2.440141473070567280e+00 2.187006658559082837e+02 2.496093214746921944e+02 7.927910120193124612e+02 1.015680441144214797e+03 1.958178329773124782e-01 3.055110593105530015e+00 3.619879875779796963e-05 1.097052352771375126e+03 2.860607631213094351e+02 0.000000000000000000e+00 1.044413982650970638e+03 1.926907456824795162e+01 5.624523054751729205e+02 2.139319291249087485e+02
3.035034686644542603e+02 2.548957992245290711e+02 4.604966441106723209e+02 7.546461719413280207e+02 0.000000000000000000e+00 5.145876663650391265e+02 3.898257513119629607e+02 6.126422664495451045e+02 1.743630578564300260e+00 9.983860721150756490e+02 5.390980407140386887e+02 3.563729998151310383e+02 1.476428940081449923e+02 2.479025049838550103e+02 5.135041928795708088e+00 1.420716557795286974e+02 6.922375778270976809e+01 5.346066677578770623e+02 5.921514943878934218e+02 5.214213878193816072e+02 9.638434064273338890e+02 5.445280026618163447e+02 1.422457688929461028e+03 5.339279848445097620e-01 1.094867807338598368e+03 1.100111754181541528e+03 3.956514108640755012e+02 2.156571085058595258e+02 3.467769878821544580e+02 6.760268592703508883e-01 7.759287646570445531e+02 1.424911645953643529e+03 1.531227168017086569e+03 3.887492888729076981e+02 2.856590135372463735e+01 4.676827645694186231e+02 1.783244328197044481e+01
2.280349622150348523e+02 1.067517247974622663e+00 8.571102293135393069e+00 1.037614698633342556e+02 7.299092570441345060e+02 1.179081992774939863e+03 1.021608310579323529e+03 2.060094986995008526e+02 9.565157902981045481e+02 1.025758617832087660e+00 2.362380813120525147e+02 7.214445036676016798e+02 2.983801965685133837e+02 2.313198456258387381e+00 1.657325962684597087e+00 4.466332996206068628e+02 3.611580268667045743e+02 8.330253687856579745e+02 4.532763979244639927e+02 9.741417838273183634e+02 3.938999905608771002e+00 6.258302006752861644e+02 2.760798296449187319e+02 1.285359163704096773e+03 8.386905069322560635e+00 1.785768001224971385e+03 0.000000000000000000e+00 5.170933461302968226e+02 2.117132659750335790e+02 2.436172883681510726e+01 1.075563987137250933e+03 4.124427317611252306e+02 1.030030132758659647e+03 2.343377945089176073e+00 1.080901583880796125e+03 4.368809237596461799e+02 7.030134016905831231e+02
0.000000000000000000e+00 6.649825531098547344e+02 1.160048897355592317e+03 0.000000000000000000e+00 7.780368863913191717e+02 1.377720848584525811e+03 2.264209966879910496e+00 0.000000000000000000e+00 8.404806413441095856e+02 2.390362992458067879e+02 1.010617895248308855e+03 7.109899562861667164e+02 3.079369493674773395e+01 1.973722262429991758e+02 6.381393331055638782e+02 2.658557452142943589e+01 5.400044296476548880e+02 3.270279946498253025e+02 2.356154079991273353e-01 3.418377821488953714e+02 1.274932737939414418e+00 4.352065171215324568e+01 7.555774427313648456e-01 7.680783400045039571e+02 2.972365264405801213e+02 0.000000000000000000e+00 7.109565914935467390e+02 2.564921306714596540e+03 8.562871309943679421e+01 8.412193311136556986e+02 5.859803375082467483e+02 4.692480980424349468e+02 0.000000000000000000e+00 1.332900639267832958e+03 5.313431546595668351e+02 1.520840674434458695e+00 1.935922238219421332e-01
3.325936452021808236e+02 1.504416394361488301e+03 6.917274760842021806e+02 3.422580850923714024e+02 2.949045124695272579e-01 2.225067344215201004e+01 5.745258033723939661e+02 4.998591233836309016e+02 5.167749353602466726e+02 3.908169790424134362e+02 4.500536611082564775e+01 4.843461491802573846e+02 6.369816299653099350e+02 1.043219318038576127e+01 1.930323195141079111e+02 3.579258171373884689e+00 2.941416737882503867e+02 7.234908335489823230e+02 2.473233558656754383e+02 0.000000000000000000e+00 1.439291006008857607e+02 4.159826763302945665e+02 1.943070241613032749e+02 0.000000000000000000e+00 2.152459111576562236e+02 1.425898197229860671e+03 1.611037680277092043e+00 1.760148546987630652e+03 1.006425823155989406e+03 1.343533558312129117e+03 1.500212979099633912e+03 0.000000000000000000e+00 4.650241503036859854e+02 4.124427317611252306e+02 1.365154440065275821e+03 1.630239074745684391e+01 4.182937608832000365e+02
3.001726358330858435e+00 9.796136105936482181e+02 5.556866784107415924e+02 2.417845983420711207e+02 3.753150303368635718e+02 1.637970499258849259e+03 9.596727946687883559e+01 1.187642958064365075e+02 1.707499914130206946e+02 4.070102221100230011e+00 1.477526228556722288e+02 5.414564672876917939e+01 4.310202052424066466e+01 3.716857315090224745e+01 7.006978443330194750e+02 3.191556769444284214e+02 6.644035673720053126e+01 1.444752484175977088e+03 7.868186905540314910e+02 2.319241241671770037e+00 3.871678373997401081e+02 3.248744760631387152e+01 4.998863541711203311e+02 6.058059572885692887e+02 7.477169101333308276e+01 0.000000000000000000e+00 1.442671165886627477e+03 1.091537055057642647e+00 1.145604281165443126e+03 4.342133608496127408e+02 1.949385002961367963e-01 9.495502499350239987e+02 1.888071800680085744e+03 2.915525097945720177e+02 1.111166790560017770e+00 6.138905582943566941e+01 6.367425280306348441e+02
4.197235568924576796e+02 4.311857320458731380e+00 7.099320439303269268e+02 7.601117939609783889e+02 1.328276689060334377e+02 3.000474039965799875e+02 7.331045060512620637e+01 9.258858956988809723e+02 9.412234344862258695e+02 4.318342817638993552e+02 1.700136382639238377e+02 1.638174759764003596e+01 8.051613560955679532e+02 3.469459302921161026e+01 0.000000000000000000e+00 1.078761310978334222e+03 1.683401504321824689e+02 5.983412632150741501e+02 9.925905145819700692e+01 1.185791158998977608e+03 7.800541767426901743e+02 1.249765335242011233e+01 1.083449177822839005e+01 1.015031169760063179e+01 2.995787058657738839e+02 8.151246555568322947e+02 1.231528526268674341e+03 1.162653984216561867e+03 0.000000000000000000e+00 0.000000000000000000e+00 6.365444629450846605e+02 7.219852354686448734e+02 3.348656914276575094e+02 8.367091988272188701e+02 3.022609574948868953e+02 8.820817897126983098e+02 2.537688820865811863e+02
1.038037872996423374e+02 8.924642413237130256e+00 2.982364763936332110e+02 5.741098538363234383e+01 9.236189230832451358e+00 1.084493067501690348e+03 1.438500401826001962e+02 1.472137944004944984e+03 4.036528772529547950e+02 8.359661857665983007e+02 3.630323971366440219e+02 3.226889661814419696e+01 6.157295857436684372e+01 2.427112410184383293e+02 8.922722108794390294e+01 8.204310250035572381e+02 1.462662257386366946e+03 9.007699936120878582e-09 1.929175172358827126e+02 1.685974170239587011e+03 8.081497089513288756e+02 3.868593975448783340e+01 4.739450841774058745e+02 8.853838722141787798e+01 4.890797288331269783e+02 5.466911481550183680e+02 7.262008622321452833e+01 5.016775954036535836e+02 2.425281103906454572e+00 0.000000000000000000e+00 4.270186549715173641e+01 0.000000000000000000e+00 7.933159236066417179e+02 1.113561857548559374e+03 1.493374554382746453e+02 6.872147925397796371e+02 0.000000000000000000e+00
5.727707363634295916e+02 1.010830677662572953e+03 3.384788079708285835e+01 9.152176607510906479e+02 3.677881378597344913e-03 6.773079863127959470e+02 1.441167999718618660e+02 7.344058506848623438e+02 5.069686648441237367e+02 1.089862238892967561e+01 1.154443145996822153e+02 4.047187482805335321e+02 0.000000000000000000e+00 7.732957189545758281e-01 7.899131116660571479e+02 2.146496550957616023e+01 6.498964778210855684e+02 6.968772594706236987e+02 0.000000000000000000e+00 1.523137918938450639e+02 1.189856330205216864e+03 3.788944005431371806e+02 6.429379441212589086e+01 3.421764114391459088e+01 7.019901816056797372e+01 5.664558649013138591e+01 1.581427231566039779e+02 3.362480961686132197e+00 9.216783929520291849e+02 4.813006577832960886e+01 1.310969985434801856e+03 2.191896646511291014e-01 1.064081285403801536e+00 1.191434816469586977e+01 4.300300712106716787e+02 1.343722835669069582e+01 4.411292751818149394e-01
8.789741914166495462e+01 4.379084670044372842e+02 2.422399087159638782e+02 9.431071576186702714e+02 2.916967497374869822e+02 7.069329571461059913e+02 1.037142815748683944e+00 2.885763744949246075e+02 1.327333988399959935e+03 6.558167256170113202e-01 1.072713305977001028e+03 9.057064826845214744e-01 3.945795610638862740e+02 8.092915597266271561e+02 0.000000000000000000e+00 8.281487966616674612e+02 2.498810731649265371e+00 3.304592703364690465e+02 4.277923997589076066e+02 6.955191094598104655e+02 8.922833882061786070e+00 5.520349888640550944e+02 7.352682490891928637e+02 0.000000000000000000e+00 6.777015872777893719e+02 1.472096710918749977e+03 8.188514340750779752e+01 0.000000000000000000e+00 0.000000000000000000e+00 8.686387062344628021e+02 5.102685886442573064e+02 4.205544781111401562e+02 2.246156765756642528e+02 8.897229223428979594e+02 7.733104832619104307e-01 3.642828927121937710e+01 0.000000000000000000e+00
1.402792322842197015e+00 4.060331918543374172e+02 2.315206888277439532e+02 3.825674219864030761e+02 1.256342643194292805e+03 8.601960194119541256e+02 6.771790471421851088e+00 8.262939219080935800e+02 1.046035892003348948e+02 2.891155398149093685e+02 4.282817167747774079e+02 7.347719917146319446e+00 3.353956704341536010e+02 2.032686561903397049e+01 4.193477685748512762e+00 4.293300788037641951e+02 4.643902739090165710e+01 2.839867573730610051e-01 4.506284449712618567e+01 1.218457907546712249e+03 8.798100519410789957e+02 1.784716240407110490e+02 1.089794524404730538e+02 7.757608439916984366e+01 6.340789315258494696e+01 1.430723677356485041e+03 1.122619151544560509e+03 5.650159200263863823e+01 2.994254906899162734e+02 3.202095790086030291e+01 7.901891251833815133e+00 3.189772136206579489e+01 7.977782938649362166e+00 1.043672337360417714e+03 4.558618107559590271e+02 1.226047748566209748e+03 7.702307054159740311e-03
