output/example_1/lateral_incision_000011.asc
nrows	75
cellsize	13.33333333
xllcorner	0
ncols	75
yllcorner	0
NODATA_value	-9999
[rows 0 to 16 of 75, columns 0 to 36 of 75]
0.000000000000000000e+00 6.644075504704695732e+02 1.363763350078520261e+03 6.390337083337130935e+02 4.915655414831697954e+02 8.440148301120246970e+02 0.000000000000000000e+00 4.449363840341879239e+01 0.000000000000000000e+00 0.000000000000000000e+00 0.000000000000000000e+00 1.194283342739616287e-05 2.638001873447476815e-05 2.026420197800674146e+02 9.138677871282839149e+00 0.000000000000000000e+00 5.412460465191597483e-06 0.000000000000000000e+00 1.430772275955948469e+00 0.000000000000000000e+00 0.000000000000000000e+00 8.214038731092654518e-05 2.132444891575236974e-04 0.000000000000000000e+00 2.231114699250212551e-07 0.000000000000000000e+00 1.467995409988723132e+00 2.394697288128030332e-06 8.592563712945595588e-06 0.000000000000000000e+00 7.468537549286673993e+01 1.003474577779843742e+02 2.882102550694870047e+02 0.000000000000000000e+00 0.000000000000000000e+00 0.000000000000000000e+00 1.548180209182953640e-03
0.000000000000000000e+00 0.000000000000000000e+00 1.514483558300112236e+03 1.327082005151527540e+02 1.234707140233771696e+02 7.641866102271622196e+01 1.212996125909913872e+03 0.000000000000000000e+00 1.416325644788863656e+03 2.707455830590678048e+01 8.439659962964934437e+01 2.658331672206681517e+01 2.075377802363997830e+02 5.245793269908450611e+02 3.564253132908155874e-02 1.067769076464157152e+01 1.871878876377573589e-03 1.315370211327804057e-06 6.431548036872198042e-04 1.097263157399102766e+02 5.742582469539013346e+01 8.763151664203197910e+00 5.173441573786678697e-06 0.000000000000000000e+00 3.551657718490932325e+01 2.232924703102273511e+01 9.662371485168516072e-01 2.323218869742687431e+01 2.355142331157115620e+01 3.842883509277033909e+02 3.336650263295829291e+02 0.000000000000000000e+00 0.000000000000000000e+00 3.655390711571771423e+00 5.044055294350693538e-03 3.315906617922359089e-03 0.000000000000000000e+00
0.000000000000000000e+00 1.392937973872924431e+03 4.919220292259211536e-01 6.192035456554126540e+02 3.860092192080236129e-01 3.586042931450361237e+01 2.925735226402518308e+01 0.000000000000000000e+00 3.436807652828334625e+01 1.086227223970502820e+02 1.966786566113535173e+01 7.532937122678066544e+02 6.065164913507646816e+02 1.376775168235810298e+01 2.708907865014032836e+02 2.813105042765029484e-01 5.003290229537795142e+01 2.466905863022910030e-05 1.458102214101726304e+02 4.212674267470164935e+00 3.203714313915994012e+02 1.775951104489136867e+01 1.321352625128800128e+03 1.104558442292167975e+01 7.743033133632034151e+02 1.340975713514985159e+02 7.923075014509536231e+02 1.367975073575756369e+03 2.553995280475123479e+02 2.900041919199829294e+02 6.103050989686004790e+00 3.888052121302486626e+02 6.532308144483893102e+02 5.198728765501588704e-07 0.000000000000000000e+00 4.238266807007197261e-03 5.666987336315735320e+02
0.000000000000000000e+00 6.971199935104514225e+02 1.536904427145230784e+03 1.048504161904147850e+03 4.080622240057272165e+01 2.089014108762552553e+02 1.477533177450688072e+03 1.630025780762053671e+02 1.347327848954950582e+02 4.630441429206049975e+02 1.553470745276886191e+03 0.000000000000000000e+00 6.342656838788159348e+02 5.827663239295369522e+02 1.030624963245892047e+02 2.812271306717768038e+00 9.360799208438758967e+01 5.944069703466882144e-04 2.040343487067735850e+02 3.931320538696799645e+02 0.000000000000000000e+00 4.899768248673217954e+02 6.725941237616433455e+02 3.836024366166898290e+02 1.521266936886061103e+02 1.569875482609902974e+03 5.786689580564296165e+01 1.240809903978698230e+03 3.810261047317970906e+02 3.790412503764795993e+00 5.045502788932031422e+02 4.099714759224689156e-03 5.402686368238907022e+01 9.408030602935713027e-03 0.000000000000000000e+00 8.900560475773570346e+00 4.487755043394518566e+02
0.000000000000000000e+00 2.474425361880675748e-03 0.000000000000000000e+00 1.617551569517168726e-03 4.025299756226406771e+02 0.000000000000000000e+00 3.102083378589460381e+02 5.366453121048883759e+02 7.545689451042371159e-04 2.876345523351163669e-01 8.240625060960857127e+02 1.724702472839093446e+02 3.358877786777523036e-03 3.357838025931199155e+01 1.464785136949848834e+02 1.207226939234587526e+01 9.834635892139050384e+01 2.800666647798669828e+02 1.135140608662665418e+00 3.242494124348157243e+02 3.662310056539527636e+02 1.189968788412381173e+03 1.297125624149566875e+03 9.512830635380760214e+01 3.208312554880054108e+02 9.760063846441460100e+02 0.000000000000000000e+00 1.702094904687901931e+02 1.921156670694297575e-02 2.849373201693686610e+02 1.210795925980484071e+03 1.016983474651650354e+01 9.637634089797487036e+00 5.651002341767222958e+01 1.343301079815124467e+03 4.460917601827925409e+02 2.827371091745312697e+02
0.000000000000000000e+00 1.223141686344078849e+01 0.000000000000000000e+00 1.680629530109441910e-03 1.162441314207831589e-01 3.106770885496872552e+02 0.000000000000000000e+00 2.851907034807904893e+02 3.954365041261362990e+02 0.000000000000000000e+00 4.381221664508481300e-02 2.653126098611342801e-05 3.889260484136524099e+01 1.243582180281465992e-03 1.379876699951228716e+02 1.567929942915426125e+02 1.667460961460006729e+03 8.235914683919971822e+02 9.392385325215977243e-01 2.159991988663034306e+02 4.289810892737953851e-02 5.223798796314170545e+00 1.342428359225883980e+02 3.160690837861203590e+02 1.151060611646269308e+03 1.051487000803894261e+03 1.106669785236969801e+03 1.316724105352424772e+02 2.879370734657642856e+02 6.239574682390381213e+02 4.940211139137905150e+01 6.865892758551453881e+02 1.907181410536855140e+02 6.026185932603699484e+02 2.771262808656865104e+02 2.124990312674080144e+02 1.302471129440115874e+03
0.000000000000000000e+00 0.000000000000000000e+00 9.114610044327752902e+00 8.584765484032875094e+00 0.000000000000000000e+00 4.095995249640249654e+02 1.934128983330163578e+02 0.000000000000000000e+00 4.373047006388741664e+01 2.625430113180683353e-03 3.095501531369940955e-04 8.560217091825343960e-01 2.267028538256091186e-02 1.089198159726739959e+03 2.915563346787898809e+02 6.373408498210704209e-01 3.025916906931282213e+01 2.523978766241786964e+00 1.831117281068303839e+02 0.000000000000000000e+00 1.035881085407480668e+03 1.115973602926287185e+03 9.039809059328941743e+00 4.372158195751695287e-01 3.489667164933052845e+00 2.559753271658183227e+00 2.426496517516491735e+01 4.185258596533824402e+02 1.561408474319790230e+03 5.360291986271943188e+02 1.400512429164738251e+03 3.555040713053933246e+02 1.469286333431601577e+02 1.547897406925675568e+03 1.622517647444982913e+03 1.729985367859923628e-01 1.443881125728344728e+02
0.000000000000000000e+00 1.830185517598988554e+02 5.279211269136137616e+02 1.586276464721763091e+01 1.847974192078255499e-05 0.000000000000000000e+00 7.379998931058814549e+01 1.067352772585187353e+02 1.594901553004048083e+02 9.181957094168189393e-01 5.950566092474426583e+00 1.722025361866093229e+00 9.570256868476453747e+02 3.365874939656746960e+02 1.512945246971550084e+00 1.335788576463647360e+03 5.256170412898173936e+02 2.218099957313473283e+02 1.102016473908912957e+02 1.177587567623455016e+03 1.057370455373919782e+02 5.127916743159441921e+02 3.893224697796803184e+02 1.590081380621339520e+02 4.560824511210058176e+02 4.562812652177551058e+02 1.062539346943903865e+03 6.684736056161489692e+00 2.174005499247158468e+00 2.580091254236980447e+01 6.387253569721941204e+01 4.157152575922910387e+01 7.506474515859650865e+01 9.079051225680593973e+01 2.322835089252409091e+01 5.993753688804625881e+02 1.103691555353329301e+00
0.000000000000000000e+00 2.921079354327098013e-06 0.000000000000000000e+00 2.361460814149950949e+01 4.211182917989714491e-05 0.000000000000000000e+00 2.442685520759312011e-05 0.000000000000000000e+00 8.776693439409847031e+01 1.576391354122772448e+01 1.654050452731908933e+02 2.341830701418225544e+03 1.742176042816436620e+03 5.808679916902573126e+00 1.701816042445351741e+03 4.945224855958637704e+02 1.113603876093462986e+03 8.910023880701276084e+02 7.509908269697177730e+01 3.910204076930040742e+02 2.758845115966888670e+02 4.575453519311238182e+01 1.561028509355508959e+03 1.566070385646070918e+03 0.000000000000000000e+00 7.483122931353586305e-02 1.177587355572651706e+00 7.409073704790375814e+01 6.765714900033224239e+02 1.265807609442327475e+03 4.386271855541501736e+02 6.855342680419480530e+02 1.546943293911168894e+03 1.745225400527772663e+01 1.392356518600010133e+02 6.642938925463522537e+02 9.977822166603684764e+02
0.000000000000000000e+00 2.315460615584451034e+02 4.365658932381907107e+02 1.056356742725355389e+02 1.430938531015798389e+02 7.410432497383763299e-03 0.000000000000000000e+00 1.536373989209736373e-06 1.247004455101363760e+02 3.524706313892432377e+02 0.000000000000000000e+00 6.848734409804653751e+02 8.623844687431738265e+00 6.551090437557847963e+02 1.555454146992402002e+03 5.938181606530863519e+02 1.032376743811117770e+00 6.462988831280180193e+02 7.851624860353644486e+00 3.184284724219831553e+00 1.571747988222191680e+03 8.596061165684078560e+02 2.075604345714650023e-01 2.224223108429074500e+02 1.623255721725541662e+03 5.343415615229803279e+02 4.559345903034371927e-01 7.006938992719138892e-02 9.393434064202012737e-06 1.303404806425071880e-03 8.250098378331101401e+01 5.683372231582483209e+02 1.449269327186151202e+02 8.724899944191114400e+02 6.836752586868140042e+02 3.122300012282884154e+02 4.801874885885342223e+02
0.000000000000000000e+00 3.207624742640759905e+02 7.415876409117904586e+02 0.000000000000000000e+00 2.508898590054047806e-01 7.635688386314471643e+01 3.994058762073109461e-04 7.856648689792521401e-01 6.895019615369186283e+01 8.776179578287642471e+02 1.653615521874392471e+03 0.000000000000000000e+00 1.484533967169722700e+03 0.000000000000000000e+00 1.497386704154272365e+02 2.500436663627789642e+02 4.303589270991392546e+00 0.000000000000000000e+00 1.552296850496487082e+02 0.000000000000000000e+00 4.509088517175142918e+00 6.321386542283559038e+02 3.166563072883545615e+01 3.514725623217740846e+00 4.115343870505603263e+01 7.650807898386938177e+01 6.936089002812619810e+02 1.042955825572555284e+02 3.213247458577547701e-03 3.850619225021281993e-04 1.744064417310743238e+02 1.412198995954201570e-05 5.581811806462134200e+02 6.191563844622586523e-05 3.037773712582500707e+02 6.076356915646780408e+02 0.000000000000000000e+00
0.000000000000000000e+00 2.218412874770884363e-02 3.494930758318780528e-01 2.954255207319026226e+02 2.147527455926431514e+02 6.198387776671813532e-05 6.543814280584671295e+00 1.358246353305780474e+02 1.322353029945883691e+03 1.324046082736444703e+02 5.251270424790551061e+00 1.411950380261878536e+03 1.163981761670478818e+03 8.279570065150156779e+02 3.958856884950285622e-07 1.016029452394030045e+03 3.443784129538883576e+02 9.239566708069384049e+02 3.193738268630632433e+02 5.343043339023555438e-01 2.458186512393860426e+02 3.395265649533756314e+00 2.231485445981303144e+02 2.685539804109851048e+02 1.006558387817182847e+03 7.584125020681580231e-01 0.000000000000000000e+00 4.655562452265642719e+02 4.223041319594270817e+02 1.010252124538041233e-03 2.683808596602110015e+02 1.535990848765094086e+01 4.886413002064260809e+02 6.465788228423215368e-08 2.001786288533160629e+01 5.540282652319241379e+02 1.411137412112573202e+02
0.000000000000000000e+00 3.376907589028289749e+02 5.525804070799264309e+02 1.627926368242801761e-09 1.142199901014857133e+00 0.000000000000000000e+00 4.873720163544073216e+02 1.028074471043712720e+03 1.305366057792205368e+02 0.000000000000000000e+00 2.382054188041651344e+02 2.048469761511424281e+02 1.953187817563864712e+02 5.991897207453154124e+02 2.137448073278010554e+02 2.740835903023273659e+02 4.230282453253319090e+02 2.511331278488005410e+02 6.233028732376191527e+01 1.867585770379531773e-01 4.332589486132301992e+00 1.821108043898691733e+02 0.000000000000000000e+00 1.537595571581221350e+02 0.000000000000000000e+00 1.373758278455539539e+03 3.697108386312038419e+02 0.000000000000000000e+00 1.846066776680733434e-01 1.001285415912191468e+02 4.162461809996319343e-06 3.016230531922483511e-05 3.123081792778861856e-07 0.000000000000000000e+00 8.023385975038217982e-04 0.000000000000000000e+00 1.183404969845715158e+02
0.000000000000000000e+00 0.000000000000000000e+00 0.000000000000000000e+00 0.000000000000000000e+00 5.036193731489608467e+02 7.812925056955917569e+01 3.256132481055083190e+02 1.490993327408388081e-02 0.000000000000000000e+00 1.341040334638769309e+03 3.190281052974548448e+00 3.153702144645402541e+02 0.000000000000000000e+00 3.934625056697544778e+02 1.648047151734116369e+03 5.975780522131531143e+02 2.262360254397515575e+02 7.463782506909095726e-01 3.763226886244750631e+02 4.456981656452517093e+00 5.193702965847255167e-03 2.619041491097852337e+00 8.335999264384189189e+01 0.000000000000000000e+00 3.633611615720459126e-02 1.764108943660487938e+01 3.076204942850447921e+01 1.001602329695730532e+03 2.212562168163217109e+02 6.147288609336162141e-04 5.433064871358570755e-05 2.689232890873864755e-04 0.000000000000000000e+00 1.422811998294399574e-04 0.000000000000000000e+00 5.538584275080303413e-04 0.000000000000000000e+00
0.000000000000000000e+00 4.714825031719553472e+00 1.273866714385407439e+00 1.885050672755816281e+00 0.000000000000000000e+00 1.062344924971955038e+02 1.644127927902098163e-01 6.931172354611310311e+02 0.000000000000000000e+00 1.633661386679409816e+03 9.364056661659215024e+02 2.391987053301011485e+02 5.041250434642076925e+02 2.499737101934095449e+02 9.084662893914044446e+01 3.369056276170879993e+00 0.000000000000000000e+00 1.418543976190227340e+02 7.013899690247286856e+01 4.777367428417837042e-03 1.617754446903602317e-01 1.715540558919018466e+01 8.596809626396539272e+01 7.893203692014406914e-02 0.000000000000000000e+00 1.157091021676932385e+01 2.439412817596950447e+02 8.231440848740976435e+01 1.543532795245835132e+01 1.243684135820551312e-04 9.733757506899815484e-06 1.776499105941080304e-04 1.014526625955347999e-08 1.902658447861395156e-04 0.000000000000000000e+00 1.132706919641651060e-03 0.000000000000000000e+00
0.000000000000000000e+00 1.214798416191409088e-06 0.000000000000000000e+00 8.447098869346009451e+02 1.031868243550629586e+03 2.104886238027664547e+01 1.013545040815685979e+03 1.972356107306600506e+03 2.396958962609088815e+02 4.678828058864138439e-01 5.677256545990711629e+02 8.016499877073579228e+02 1.443584611188652786e+02 3.575139207512078769e+02 7.670325626818846887e-01 1.467703981232670003e+03 8.052362821311134233e-01 1.216860424694383340e+02 4.900395541178749426e+01 0.000000000000000000e+00 5.512104591936526958e+02 1.135392606107569122e+02 1.065126227100346354e-05 3.692066644187515456e-05 3.075566685024510583e-01 1.959689038415897335e-03 5.878704031281809775e-05 1.273522250027435179e-05 0.000000000000000000e+00 0.000000000000000000e+00 2.393398608040268815e-05 0.000000000000000000e+00 3.330551463554016090e-04 9.926250810080446740e+01 2.477169920607500482e-04 0.000000000000000000e+00 0.000000000000000000e+00
0.000000000000000000e+00 2.242411480743413321e-04 1.690035168297201267e+02 1.169905218495325244e+03 0.000000000000000000e+00 0.000000000000000000e+00 9.164516770135351464e+01 8.237003980829297234e+02 1.615124583897169487e+03 4.424422859084054380e+02 0.000000000000000000e+00 4.431092902734127392e+02 3.500897474404543459e+02 7.459629325347323174e+02 4.801890687533344959e+01 0.000000000000000000e+00 7.523832001013765723e-04 8.856449541173637030e+00 3.458751671135028349e+00 7.063956370110627176e+02 3.244076827496705278e+02 1.040883472422241343e-04 2.117435949955954584e+02 1.362241400603223074e+00 0.000000000000000000e+00 4.396840618801174314e-05 2.095401502611502593e-04 1.160462195850925474e-04 0.000000000000000000e+00 0.000000000000000000e+00 0.000000000000000000e+00 3.965453477797721575e+02 3.841734571405969518e+02 8.918583424070713761e+01 1.788001292222325844e+02 1.477972323077990228e-04 1.240310201286301322e-04
