output/example_1/lateral_incision_000217.asc
nrows	75
cellsize	13.33333333
xllcorner	0
ncols	75
yllcorner	0
NODATA_value	-9999
[rows 0 to 16 of 75, columns 0 to 36 of 75]
0.000000000000000000e+00 3.111560667785954148e-09 0.000000000000000000e+00 7.593259462781106777e+02 1.366821773850643012e+03 6.938183004394281852e+02 3.322898466254517871e+02 1.334620413499106235e+03 3.989037117104237495e+02 5.961565685188394070e+01 5.057625754280022790e+01 1.194283342739616287e-05 2.638001873447476815e-05 2.026420197800674146e+02 9.274754642652583314e+00 0.000000000000000000e+00 5.412460465191597483e-06 0.000000000000000000e+00 1.430772275955948469e+00 2.055395778728417444e-01 0.000000000000000000e+00 8.214038731092654518e-05 2.132444891575236974e-04 0.000000000000000000e+00 2.052103043362334955e-01 0.000000000000000000e+00 1.467995409988723132e+00 2.394697288128030332e-06 8.592563712945595588e-06 1.072833790534963305e-01 1.059712603314569833e+03 8.672218059349546593e+02 9.240312403002536712e+02 0.000000000000000000e+00 0.000000000000000000e+00 0.000000000000000000e+00 1.698044969286322470e+01
0.000000000000000000e+00 2.120999718918106325e+01 0.000000000000000000e+00 9.772493464871740798e+02 2.215433694015822539e+02 6.718291528649423299e+02 6.506547261953090810e+02 1.667000437543781572e+02 8.086859933058675551e+02 7.796388002164997033e+02 1.169180797405124963e+02 2.756855966895485111e+01 2.075377802363997830e+02 5.254029823123846654e+02 9.127989008906052959e+02 3.139775216685563919e+02 1.871878876377573589e-03 1.315370211327804057e-06 8.273871076140037530e+02 3.646672468364547512e+02 5.895753460504741383e+01 8.763151664203197910e+00 4.623939332681852754e+00 3.924501073987429436e+02 3.737498522032763617e+02 4.180503083751180782e+01 9.662371485168516072e-01 5.540484788662165556e+02 4.266099728048768043e+02 3.092736700459576937e+00 1.088092014467490003e+02 3.518535597852217052e+02 4.843894383846052278e+02 3.655390711571771423e+00 5.044055294350693538e-03 4.922751156755404622e+02 4.046581790779213179e+02
0.000000000000000000e+00 0.000000000000000000e+00 1.773993336490788124e+03 3.337842221711412094e+02 1.565961527822807284e+03 7.945504372442572958e+02 0.000000000000000000e+00 2.313840638930876707e+02 1.567822812106564243e+03 0.000000000000000000e+00 7.444753216663130502e+01 8.998026759982556655e+01 6.284133536495766066e+02 6.600531197573506006e+02 2.851150012028910510e+02 4.997527541702783651e+02 6.991078474746586835e+02 2.439764851321809829e+02 6.065071705873931478e+02 4.011908606357989697e+02 5.287524334160841022e+01 7.281019878365728459e+01 3.920194682828977761e+01 8.995720448513663996e+02 0.000000000000000000e+00 7.875150401257185422e+02 8.969891484243063360e+02 1.943643767923253733e+02 7.071854701206526670e+02 1.333932139612404910e+02 1.222891549774677515e+03 1.239209799946998025e+01 6.146234023642379043e+02 9.099709913976028020e+02 4.027652369086118256e+01 7.449772113188788580e+02 5.032842289742202979e+01
0.000000000000000000e+00 4.567127084073119931e+02 5.123064707955566632e+01 7.023600955124765051e+02 6.185864952024758168e+02 4.772343981780480249e+01 1.633620517081608114e+03 8.108909090836897349e+02 1.025414428704312058e+03 4.069891991242582208e+01 3.087550694623570280e+02 9.421824486091950890e-01 6.342656838788159348e+02 6.185420976064480101e+02 4.368654726113523452e+02 1.534997586096428668e+00 1.050307622526155228e+03 1.759450478858978613e+03 3.799401792879255879e+01 3.231509341614853952e+02 6.003512828518641982e+02 3.579953456608568896e+00 7.265847732884006973e+02 7.642990469407618548e+02 1.253548612919685041e+02 7.272269968198918377e+01 5.478726333920897105e+02 0.000000000000000000e+00 1.533358516479592879e+02 3.049875432819164622e-01 1.645289020387849916e+02 0.000000000000000000e+00 1.497472352293350013e+03 1.110090771287808593e+03 7.947602996034645457e+02 1.796941281725466297e+03 6.037949152175450962e+01
0.000000000000000000e+00 1.023051820885187226e+03 1.561909561144508189e+03 8.133577776215506816e+00 7.895875275241292002e+01 1.483271775514801902e+02 2.876031109642178762e+02 2.323154647521639760e+01 3.781822407892792004e-01 1.368144816998638817e+03 3.632648964966447238e+02 1.807803176662934845e+02 3.474892587926950114e+02 3.672372345905829434e+02 1.248613395907679887e+03 4.618205845543091073e+02 4.026013909537770132e+02 3.411117054405908675e+02 2.786365865453016681e+02 4.262426395635363860e+02 4.032100787076492443e-02 9.303846884914263455e+02 2.143380051320879431e+02 7.094545913314735799e+02 1.488752515126839482e+00 9.563564522335694846e+02 8.050467682983791065e+02 1.303681868211831185e+00 5.411411292318269517e+01 1.672843766463489601e+03 2.485360447107952098e+01 8.184775482904352657e+02 6.540800781786715561e+02 6.677217634172130545e+01 5.969882854764948661e+02 5.020972276976511921e+02 1.362087900177540973e+02
0.000000000000000000e+00 0.000000000000000000e+00 2.435748182632617898e+02 9.408209983900595716e+02 2.164402468742380563e+02 6.941045704951935704e+02 6.968529292528782548e+01 1.142259375143500506e+02 1.271607963844985761e+03 3.710393902872023091e+02 4.660605557223728965e+02 1.081554675810338750e+02 4.105695594580783592e+01 6.231685669067860545e+02 5.371142496568767077e-01 4.370993455043317795e+02 5.468758141614506485e+02 2.240129843309191404e+00 2.443340917438854092e+02 4.617142638916666542e+00 3.900694218506797739e+01 0.000000000000000000e+00 3.868572262616130075e+01 9.582299850737135785e+02 1.052026076006491593e+02 7.444651584767763097e+02 7.361806478336314967e+02 9.208011020692684667e+01 5.953753027984838582e+02 1.808747032454622001e+02 1.028156305515084910e+02 8.596499097798099456e+02 2.851885366530170813e+02 3.849374693888698289e+02 4.338414085398538873e+02 1.054345884962975788e+02 1.562829241612571650e+03
0.000000000000000000e+00 1.023912189123239045e+03 1.350182917840574419e+03 7.123980797373014866e+02 4.893851239226960956e+02 6.941322586568990118e+02 4.222877411876248743e+02 6.416727482273320682e+00 4.668877338835413866e+02 3.064907990397496107e+01 7.672657248859444508e+02 1.136911258774050424e+02 3.216789476574669493e+02 1.716152482942508470e+02 5.523619056777376954e+02 6.926494578457878788e+02 8.277950810689241052e+02 3.177535348561660555e+01 8.059024551313943903e+02 0.000000000000000000e+00 5.357372016301369513e+02 0.000000000000000000e+00 1.201870975118914203e+03 7.449710353163968648e+02 1.518150634942491806e+01 4.890767778392761329e+02 5.448552001062774934e+02 4.225745597238736551e+00 1.949236208553330698e+02 6.977217081213929077e+02 1.385621539898465699e+03 0.000000000000000000e+00 1.249863798069241305e+00 0.000000000000000000e+00 4.425065515407480916e+02 9.815169626441283413e+01 4.454195607220403019e+01
0.000000000000000000e+00 0.000000000000000000e+00 6.335789744839014048e+01 5.950440095697889120e+01 7.856988426894235999e+01 6.042110714006654462e+02 2.826519733074910050e+02 0.000000000000000000e+00 8.217669451577052087e+02 8.436379917440307281e+02 7.675961075003909855e+02 5.409074374020995037e+02 6.706716071324124506e+00 2.800877369206119170e+02 1.263280130999257381e+03 0.000000000000000000e+00 1.174252574906484369e+03 3.613615573068622666e+01 1.410281196936957258e+03 1.132989672033281295e+03 4.617910907217548129e+02 6.950539632448085285e+02 1.102463180651738242e+02 7.630481266130037739e+02 2.709382299804989902e+00 1.026666264690729236e+02 1.773315115405795552e+02 9.269409050557476348e+02 4.025818370046359860e+02 5.086488312575269788e+01 9.275780260649112430e-01 1.423933452532088722e+03 2.539191378970187998e+03 7.426150798742431789e+02 9.956929800796730206e+02 4.979574610804132995e+00 1.291118428726548927e+03
0.000000000000000000e+00 1.208073190854652466e+03 3.971608314507853521e+01 1.565557674818463170e+02 6.586523086960717137e+02 6.402687932624235145e+02 0.000000000000000000e+00 2.310388967473780042e+02 1.205144950876812118e+02 1.446179286614541525e+03 1.878865989642557395e+02 7.829480198893983811e+01 1.361353241682277257e+02 3.731604920279856970e+02 4.065687126529354600e+02 5.271105097689893455e+02 5.489503218917545979e+01 8.637556691694796029e+01 2.082729933025559035e+02 0.000000000000000000e+00 6.183380260295601829e+02 7.398241008394448954e+02 3.845572265081581520e+01 3.130868368893995068e+01 1.106306292079559171e+03 3.838947634033729059e+02 0.000000000000000000e+00 0.000000000000000000e+00 3.843960629442104278e+02 1.904315152970021927e+03 1.164424919129787213e+03 1.766922453526194925e+00 1.348289032030060980e+03 6.683958225915191633e+02 4.700727169918661019e+01 2.039374548148296356e+02 1.454488729151574717e+03
0.000000000000000000e+00 3.998360087891676358e+02 1.857271063539264588e+01 1.830027819491204184e+02 4.371056911707106565e+02 2.763869281088270902e-01 1.694136056139596747e+02 1.098734961677616084e+01 9.326978719288310913e+02 0.000000000000000000e+00 1.550584994623308376e+03 2.958577883526269758e+01 1.627230271294920612e+03 2.859620827215423446e+02 5.268221864473975984e+02 3.396404612268982959e+01 1.226801386994659879e+03 1.726526136737948946e+03 8.483416368640635596e+01 9.401062699977478587e+02 6.905677840564134158e+02 6.842372636635451144e+00 1.754585841883480953e+03 1.476751146129341123e+03 6.364644721734691046e+01 1.253341447784747061e+03 4.534022907266042921e+02 0.000000000000000000e+00 1.516337777920290897e+00 0.000000000000000000e+00 6.491654212564307045e+02 1.177157267221848315e+03 3.535519097020214829e+00 3.096234298097476767e+01 0.000000000000000000e+00 0.000000000000000000e+00 4.637174277684946588e+01
0.000000000000000000e+00 4.109700738127094155e+02 1.697941739979702106e+03 1.721143079637612800e+03 1.396166904360324907e+03 1.052659903248302726e+03 3.575331405939655127e+01 7.615373883949006313e+02 0.000000000000000000e+00 9.023491168249901193e+02 1.357822354413458015e+03 1.397020536512175681e+02 4.663127158616764518e+02 0.000000000000000000e+00 1.430690783672735051e+02 0.000000000000000000e+00 5.734965764389535252e+02 4.767602602365824964e+02 6.132115661025286935e-01 2.697464461257142716e+02 1.218300671294415679e+03 6.992921823254947267e-01 8.521739225923628283e+02 2.058360462376005273e+01 1.113896885506975195e+03 1.079689284218798484e+01 7.403302082638315085e+01 8.251941617900445181e+02 2.901854905163204421e+02 1.214877198076910361e+02 5.625183324338073589e+02 2.561425864170764726e+02 1.542905780309783950e+03 1.625338935548239760e+03 9.273448236210634832e+01 2.908125012928319961e+02 4.236350214283576747e+02
0.000000000000000000e+00 0.000000000000000000e+00 3.160817270949517024e+02 4.279235199736318123e+02 1.038171067481176351e+03 2.538100152830017464e+02 1.820490251325403221e+02 1.525422298459860485e+03 3.390961028545789180e-01 1.126461608510724091e+03 1.396961852112744396e+02 5.421835383835217215e+01 1.143721636177685923e+03 2.014701872437362340e+02 6.464258217138001328e+02 0.000000000000000000e+00 1.468290642640311944e+03 4.086650929725546888e+01 1.963808476215105259e+01 5.003290135567973493e+02 5.194545802704890320e+02 6.694903798200235201e+01 8.010673450179571375e+01 6.575060319645363052e+02 1.195121483423765540e+03 2.156131541830555989e+02 1.163321525483122969e+03 4.773015142078807003e+02 3.705266705936726908e+02 4.566643956957494197e+02 1.298919385168257350e+03 1.337356962841738095e+03 1.157901263488784167e+02 1.199324111643537982e+01 1.492952925160300310e+02 6.495814384394014951e+02 2.555974489579014062e+02
0.000000000000000000e+00 1.259341392995758724e+03 0.000000000000000000e+00 5.760863966737018727e-01 0.000000000000000000e+00 2.971029476883082499e+00 1.914654947002387928e+02 9.072307861894486223e+02 1.703862013887453564e-01 4.358262853068303571e+02 6.312939416154923720e+02 7.642175306284154885e+02 1.301248250897044727e+02 8.072610423710179930e+02 8.495445584659915284e+00 1.476526851989899569e+03 1.002440716392005839e+02 1.256954233844566744e+02 1.147291272693833434e+03 1.614864248611314451e+03 1.565872092297528980e+03 9.698872319560778443e-01 9.541288173933667238e+00 5.975475591561580480e+00 1.905119700691249562e+01 1.218446512617853728e+01 0.000000000000000000e+00 2.786465662330651849e+00 4.356613343444443132e+01 1.462681543772098536e+01 2.054768284219431607e+01 1.673915622246222412e+01 0.000000000000000000e+00 1.085887319838990607e+03 5.670364175655307690e+02 0.000000000000000000e+00 1.998185159618268756e+02
0.000000000000000000e+00 1.113974389426166226e+03 2.594924364590523851e+02 1.070476823316229002e+03 1.013799086904078877e+03 5.610609496756169392e+02 3.687008546464611527e+02 5.039614612649603487e+01 7.040670139638742739e+02 1.133464407999747436e+03 1.049098792279574127e+03 4.758628143175276932e+02 1.313655965457234515e+03 4.518235756553514726e+00 7.118211723483456765e+00 2.295162602232285565e+01 1.322570160647660664e+01 0.000000000000000000e+00 1.726330120584513494e+01 1.565855858548145640e+01 4.711866737325403420e+01 1.893864970059489963e+02 7.753140747692166315e+02 9.099571927840454464e+02 1.668996631411672524e+03 7.186204021219552942e+02 1.495115866880480326e+03 2.161305313890232185e+02 1.149839305142466628e+03 4.312847079130193606e+02 1.047868669172448108e+03 3.176837902787387975e+02 1.428920179824462593e+03 7.129869395504341567e-02 1.621149966996666990e+03 2.129278009087358896e+03 3.525069146798211364e+02
0.000000000000000000e+00 6.727993498604853961e+00 3.564210449027860328e+00 6.526676970787960386e+00 1.049981637373976540e+01 9.466129096619226857e+00 1.928717260076061280e+01 9.396316122560381956e+00 7.105735250572494666e-01 1.109879211891898876e+03 0.000000000000000000e+00 7.982501299083602397e+00 6.873698538715843576e+00 8.810466486438517677e+02 1.510958689641320518e+02 1.293152296874186277e+03 1.112466814566366111e+03 1.254399892620793253e+03 2.311317191427061744e+02 3.475814922670529654e+02 1.174032471494931315e+03 1.980074056666956039e+01 1.998649557068911520e+02 8.641139180246120759e+02 9.379474484532490806e+02 1.191191206826455016e+02 1.060423961283700756e+00 4.419921550065800488e+02 4.826352695838057372e+00 1.061313715008141799e+03 1.845426688786839975e+02 6.232389659196309140e+02 9.380252797516170915e-01 1.741169849119411083e+03 7.072118939744147070e+00 1.458464155834788926e+03 1.092953722851712428e+03
0.000000000000000000e+00 1.748785174982984245e+03 2.218867546179158410e+02 3.914229337192916205e+02 1.552337321851977322e+03 3.595685326210123094e+02 3.842359020144928081e+02 5.894719268892901027e+02 1.714341563552788330e+03 4.633121930560253898e-01 1.874730356741425226e+02 9.395271763615281770e+02 9.659181980456710903e+01 9.746713860950529806e+02 1.192196218955746872e+03 0.000000000000000000e+00 0.000000000000000000e+00 8.636353256866839274e+02 3.607714579261422614e+02 5.211497850550778139e+02 2.464823483339354482e+01 6.314222518723641997e+02 0.000000000000000000e+00 1.173333596206900893e+03 9.681919742049334445e+02 6.680480296475988098e+02 4.659907808992038554e+02 5.160474296221677193e+00 9.882587654008206357e+01 2.622089464725359562e+02 8.101596158947955928e+02 1.581296939784541111e+00 1.260414675828372282e+02 0.000000000000000000e+00 1.308674482734888670e+03 5.745582181602433280e+00 0.000000000000000000e+00
0.000000000000000000e+00 3.409035128454255528e+02 1.284236812619570401e+03 1.096565392704271558e+00 1.303559999732237173e+01 2.352964957542279301e+00 2.987433376485523127e+02 3.095119914575002440e+02 0.000000000000000000e+00 1.187159891610147270e+03 4.116969072183613854e+00 3.157043837112296956e+02 2.163110690442401562e+00 6.627171633748795330e+02 1.177928460974849258e+03 0.000000000000000000e+00 2.568956968049809575e+02 1.255418864292947546e+03 9.708608950647811753e+02 8.341820426102120223e+01 1.166984482896951114e+00 1.501539917790243983e+01 1.321532304783845120e+03 1.105743277529324686e+01 6.854419062739143556e+02 8.481977483781141700e+02 1.651819561332181138e+03 3.711502669024986290e+01 8.741697315117042990e+02 1.620154199498865921e+01 3.798075555878461955e+02 4.237647262176058121e+02 2.438892281479928670e+01 3.207136223050502508e+02 3.707529704106395485e+00 1.188003651535256893e+02 0.000000000000000000e+00
