output/example_1/lateral_incision_000395.asc
nrows	75
cellsize	13.33333333
xllcorner	0
ncols	75
yllcorner	0
NODATA_value	-9999
[rows 34 to 50 of 75, columns 37 to 73 of 75]
1.247697203829740431e+02 0.000000000000000000e+00 3.010701551011210952e+01 4.848681186716891602e+02 3.222932027869750868e+02 1.410885407150493165e+03 1.792801909063109917e+02 1.375765108914222537e+03 3.672749463621975110e+02 2.448094583670130078e+02 5.688249483108004156e+00 6.198720453220324771e+02 1.680332958655152879e+03 2.077802718267368576e+01 1.099518656636298601e+03 1.345175651826173180e+03 8.719654481897152891e+02 1.438897355892870110e+03 1.162045674161324087e+03 2.896894144510953879e+02 3.107654257992549560e+02 1.500446449167755532e+02 7.122004969415382902e+02 4.774080431449890582e+00 8.599051214439066726e+00 4.152307636282971544e+02 1.464119822565118056e+02 2.509100422679285884e+02 5.697589634652908686e+00 1.403416708927785805e+02 1.075123086064718791e+03 4.310260915752514848e+02 1.320646901716533876e+03 1.376202070313578815e+03 3.417978311426016091e+01 1.147770022461480494e+03 2.485773110896889193e+02
4.415250421580242914e+02 2.732864685857600193e+02 1.434427450423270102e+03 1.301150933249446780e+03 7.180127254085823196e+00 0.000000000000000000e+00 9.950922697634565566e+02 8.125834335701448197e+00 8.208355347760128780e+02 4.103505833114472523e+01 1.343658609518183994e+03 1.675626976200268700e+03 7.719056323764618810e+01 9.946178389609669921e+02 1.051209800641713173e+03 7.304617366186834033e+02 1.993511376196449874e+02 7.328880233399166855e+02 1.062379275522062699e+03 6.939058938889410229e+02 1.779351119693929490e+02 9.399007089504322039e+02 2.887329666888174273e+00 1.190542895591524257e+03 5.926017363989658406e+02 9.218272949851110525e+02 3.920160127262510059e+02 1.330291391718095156e+03 1.278757770304994601e+01 1.243721172991158710e+03 1.993112529791096392e+02 1.878718896681460040e-02 9.538519985190795580e+01 5.981962491069303667e+00 5.780868879110782927e+02 7.512151851676670731e+02 1.249416121702756328e+02
8.575194357806822154e+02 8.830009915889314698e+02 3.396402818154631120e+01 3.856610671613751720e+02 3.082444584448454066e+02 5.833448504946823050e+02 3.818654182790718323e+02 1.528504148485113774e+03 4.213180645429498128e+01 0.000000000000000000e+00 9.763616915486824155e+02 1.150324818430186191e+00 1.630407878493935186e+03 0.000000000000000000e+00 1.313470113547396522e+03 6.185423175405447864e+02 4.213292665347722163e+02 4.238705766654736635e+02 1.203660796864162608e+00 2.019115303532123562e+02 2.256303618295591562e+00 0.000000000000000000e+00 3.019462612056591411e+01 2.680293108853082913e+02 4.938375473045435449e+00 1.813601858966525926e+00 1.223712102772220987e+03 1.792643375181990905e+03 2.281688956351840147e+01 6.779231186886352134e+01 1.203800009541339250e+03 1.110158457653212878e+02 1.532040200647280471e+03 9.172599562921283223e+01 3.698273086182199165e+01 1.209842394112199827e+03 6.244754431759690760e+02
1.123849686617192447e+03 1.746975038479088198e+03 4.294921323784840865e+02 1.170676551794714193e+01 1.274181989979820855e+03 4.733798152137600823e+02 9.845416729498520647e-01 5.716777468388085026e+02 1.235802442886994186e+02 7.334269336175226499e+02 1.170448763828288463e+02 1.594073713140688596e+03 4.349069635958836102e+02 2.361266919834476425e+02 1.049526686038384753e+02 8.401894999870221170e+01 0.000000000000000000e+00 1.324722925412437178e+02 6.480092079675374634e+02 3.145045023759864122e+01 8.367597238611811008e+02 6.176066961689379013e+02 9.302769442288143864e+02 1.230779212552791250e+03 5.688529789945851007e+02 1.738427156532797881e+03 0.000000000000000000e+00 9.755925019026506106e+02 3.239491857465679203e+01 5.806508168521640982e+02 0.000000000000000000e+00 5.509417341379246409e+02 5.354485356862047638e+02 5.926049504489808442e+02 1.516565025811071791e+03 4.718763499464835149e+02 2.740421770758406410e+02
0.000000000000000000e+00 4.448464581573135774e+02 7.368935757753981761e+02 5.121821347922041241e+02 7.310383082072243077e+00 8.919935808188370174e+02 3.801637832704092830e+02 1.213761271489216597e+03 7.054327193427525344e+02 1.891226988497598238e-01 1.115903469078249373e+03 8.378944752116010477e+02 4.923224045184603170e+01 1.281011479217303759e+03 5.414932895516741382e+02 4.595872881699336290e+02 6.281591369221133370e+00 7.288628763132051063e+02 2.926264707947012766e+02 1.997926479541266076e+01 6.087027952900035643e+01 2.768093511149817054e+00 1.393012060543157986e+03 3.160457784135899715e+02 1.143393052249049106e+03 3.848743312298280443e+02 9.869648471923964053e+02 4.767441952000510810e+02 1.588618527387599897e+03 1.105334549008855083e+00 1.417942548688113220e+03 5.789676771281388135e+00 0.000000000000000000e+00 2.864823444241607064e-01 1.168000788507212746e+03 0.000000000000000000e+00 3.894807677752124420e+01
1.679947060617693637e+02 6.244538260851517180e+02 1.117561064682907990e+01 7.015443148241802191e+02 7.797938755961646429e+00 3.950994466989510556e+02 7.863103388338162176e+02 1.154136676684114036e+03 1.809353731745022342e+00 1.745479860851934745e+03 6.333534234876073015e+02 7.860334901544472359e+02 1.035100905903830579e+02 9.557773663858517921e+01 1.260735247558881298e+02 8.276199032160055822e+02 1.229126532452447549e+02 6.423079690063751741e+02 2.585334530221400087e+02 1.151846494232692741e+01 1.188821050654983537e+03 1.349958439301782107e+02 2.608058845277824034e+01 1.975424206309819226e+02 2.054374646124486947e+00 2.148711978232925048e+02 1.097221907940056553e+03 5.864694765550781312e+02 7.268127886170312877e+02 0.000000000000000000e+00 6.529497099428847378e+02 0.000000000000000000e+00 8.003376246427586693e+02 1.283120608895609394e+02 2.169048359055533126e+02 6.053120910952113576e+01 1.862282635041153753e+02
8.897898904589497988e+02 9.054570992386252737e-01 1.986036363658494395e+02 6.181823973728029387e+02 1.341330208193444378e+02 3.402476348847270349e-01 5.619452403083321315e+02 2.598306005067805735e+00 1.451592626623451679e+03 1.804356975095700591e+03 1.542217538742445413e+02 1.653734007320222190e+03 3.767896313144909755e+02 3.372525786279211388e+02 3.979074842354307862e+01 3.066028243388578267e-01 8.069118178805181287e+02 5.371230596909297219e+02 1.407423633177285467e+02 1.116167317034548660e+03 5.349796635234121140e+02 1.166849527803743968e+03 1.071547313696809397e+03 2.061866049714841154e+01 1.596428554457421711e+00 3.441569330512582514e+00 1.533092755892958792e+02 5.290647906381987013e+02 9.653715876020759197e+02 1.482605433551547321e+03 4.393247135305654361e+00 6.915780979212628381e+02 4.412981660211128769e+02 1.325941338292479486e+03 2.599844559181672139e+02 7.726643408374703768e+02 5.197729576949959851e-01
4.316608552292202603e+02 2.042507731009557972e+02 1.046238004100987837e+03 0.000000000000000000e+00 1.841169519020552627e+02 1.719463011370070490e+03 6.878491786517212603e+00 1.013029451081906018e+03 8.504468650085808576e+02 0.000000000000000000e+00 1.249688276427585606e+03 3.017142910648107659e+02 5.636289847050517804e-02 1.556686318234706619e+02 1.399238827579623479e+00 0.000000000000000000e+00 5.890494541282452445e+01 9.773603860153802714e+01 1.203417764919062165e+03 6.534958969859196714e+02 1.798954729553026652e+02 4.687252216384945882e+02 2.737672349131530791e-01 6.162451935518504342e+02 8.347768928449083887e+02 3.974191480939110193e+02 3.085371001309026084e+01 3.186194040283548361e+02 1.263331857127991043e+03 0.000000000000000000e+00 1.047301806687159342e+03 1.474533812810050676e+03 1.985664821622469276e+02 3.442597898091344746e+02 1.569348663364238746e+03 0.000000000000000000e+00 4.556189492723518697e+01
1.500647692293871387e+02 1.324749024745280224e+02 9.338329906829342235e+02 4.750410994073059889e+00 1.057077613846668328e+03 1.172284618229333091e+03 2.269000382270976779e+00 8.299677976921337574e+01 0.000000000000000000e+00 2.719161242496345210e+01 2.361224159564492098e+01 9.312492864326108020e+02 3.444749594955489442e+02 1.957817347945810527e+00 4.423626473795101219e+02 2.840877312690506074e+02 7.487728628124131092e+02 1.769245778834159637e+02 4.324955223360436207e+02 1.090659992626578514e+03 6.633213608702250212e+02 4.744603507664782569e+02 0.000000000000000000e+00 1.593953770794842342e+02 1.873262914226924067e+02 1.623219197072337181e+02 8.776091032973627080e+02 2.255410074715603059e+02 8.770189482678946158e-01 1.256631162007980947e+03 3.649988407757282403e+02 2.919889285487472534e+02 4.798240252650828097e+00 1.007325712709660934e+03 6.550100631812620122e+02 1.371813458523720044e+02 2.540810067100951386e+01
5.071658561233845148e+02 8.253690205068310206e+02 2.297194915684766841e+02 4.277861350045648692e+02 7.139606503691586568e+02 7.548267361789714869e+02 1.562480919648195243e+00 8.807300379457085455e+02 1.338273798248419098e+03 5.598673319084476816e+02 9.259434214188527221e+02 3.480960043643174799e+02 3.214487143363429595e+02 0.000000000000000000e+00 6.354511045095456439e+02 1.865234563025058492e+02 1.422172500844120123e+03 2.289847661940444254e+02 6.831472079507956323e+02 7.077970936457003290e+02 7.321910332852768306e+02 0.000000000000000000e+00 7.910953035917406169e+02 2.568271762539782802e-02 0.000000000000000000e+00 2.846771639111826175e+02 2.058722295063973036e+02 2.203627099455858496e-01 1.439996422763199917e+03 3.187424656142665640e+02 8.748670674780352208e-01 4.385950647463419614e+02 1.106635711906656979e+03 1.109302988941412650e+03 3.062614524059829590e-01 7.841836647598519221e+02 3.931499755462871235e+02
2.032627225763532408e+01 7.299397149414336354e+02 2.611391370827217884e+02 8.311180453567197368e-01 8.038681878227420157e+02 1.596931783409878790e+03 7.519323682482268012e+00 7.827504851238956007e+02 3.307818579785067072e+02 7.631193903622308881e+02 4.705019343529580169e+02 4.551908023776973664e+02 1.801311790369086907e+02 1.257329926389154252e+03 5.346882790917863986e+02 2.467164249644806375e+02 2.284270679519768521e+02 1.957717348619527513e+02 9.894551842407585696e+01 6.055660454144327787e+02 2.014852011772676832e+01 5.164924509523107190e+02 1.928273112608283313e+01 2.130722728687226493e+02 1.322142286164116967e+03 5.926370898421548645e+02 1.771536398583170424e+01 1.001619912506945411e+03 1.456137296098454726e+03 5.914198849630219001e+01 1.435032840624974369e+03 4.363128907767778486e+01 8.279507196170575298e+02 0.000000000000000000e+00 5.547635845128229448e+02 3.114817340494618492e+01 1.905585023429118863e+01
2.396898642224415426e+02 4.669832150642918833e+01 5.761529089800405927e+02 8.769035086018894845e+02 0.000000000000000000e+00 8.774823436021318912e+01 0.000000000000000000e+00 2.022010202926468878e+02 4.074195636155676539e+02 6.177676485862308553e+00 7.850112824732789818e+00 6.915908616848637394e+02 1.065948060944071187e+02 7.020247096947673349e+00 4.948329947509668614e+01 1.670819415674907759e+03 1.324348898653768629e+03 1.339444070463647449e+02 4.088976874107950152e+02 3.805300587747254326e+02 9.085424610495248317e+02 4.145613694934615410e+02 6.925526207071008855e+01 4.916318009916481060e+02 7.830674606598129230e+02 2.889526918311133633e-02 8.187260277810634079e+02 4.460409066745991140e+02 6.027536791097692230e+02 4.073861480825053150e+02 9.609453314501830619e+02 5.911131154963193239e+02 0.000000000000000000e+00 1.084901159707967508e+03 2.488649370076498002e+01 4.334283316780429800e+02 2.904144378458757387e+02
4.148752452501578425e-01 2.191725508816216106e+01 3.419092930147792941e+01 6.634909526429648849e+02 6.927945927190162365e+02 5.968309430638976920e+01 7.481567916461086725e+02 9.330813223998555728e+00 1.647238818431606262e+02 1.885567195517304810e+02 1.186060102269778781e+03 1.482005138883751840e+02 2.070807239911997000e-01 3.075071238159778204e+02 3.487348405774332036e+02 9.941405795596606367e+02 4.271047807456838541e+00 7.718087423861228444e+02 2.311909084772848644e+02 4.070584123697611290e+01 1.315319166521396255e+03 3.344131078804909976e+02 5.204768556065188250e+02 4.545919812359533125e+02 5.863347102422027319e+02 7.537052680250220682e+00 5.818872831534687293e+02 4.763863011028170149e+02 1.080418876302863055e+03 8.828618208876817164e+01 1.490161346830427078e+02 1.480179644973996574e+03 4.043992163214550146e+02 8.160182806689285639e-01 1.418223140373693241e+03 1.410359035108394323e+02 2.907768702564499677e+02
8.130626636692993543e+02 1.835564194749230474e-05 5.407036883411542476e+02 2.392571973233588665e+02 7.802215422036565542e+02 5.878930166351215121e+02 2.832127396151616683e+00 1.707828528666930652e+03 1.745750792372788737e+03 1.399038865267183951e+02 2.826585542500131396e+02 1.754346766555863724e+01 1.516943107839667391e+03 2.122536070215756183e+02 1.405821688422812031e+03 1.634297023634049708e+02 1.346345235719788434e+03 1.615500761398124325e+02 3.212809756326362276e+02 1.091505880363213237e+03 8.737313167086095973e+02 0.000000000000000000e+00 9.046791645678395071e+02 6.870290909725154052e+02 7.247712529655219171e+00 1.041052375318540953e+03 3.207194526496611076e+01 6.775210985790884599e-02 3.962083398275811419e+02 3.533828750374636911e+02 1.126953661574235412e+03 6.482965441585458848e+02 5.629107872567233244e+02 9.220631954594307178e-01 6.497209839756637848e+02 1.653220769322332671e+03 5.484732870255235184e+02
1.484136719445338599e+02 7.032533164489734645e+02 2.766784978673392175e+02 3.733857052883614642e+02 1.014775512562394397e+03 7.500598083890313319e+02 2.074337012713996842e+01 1.450736217695232654e+03 3.402244218362551464e+01 5.426908096328603506e+02 7.848703786518058223e+02 0.000000000000000000e+00 7.888513459691146590e-01 7.211708686171902638e-02 0.000000000000000000e+00 8.871221131019398172e+02 1.499480342024222068e+02 2.009617479743223498e+02 1.185752568000010569e+03 5.482548363149772968e+02 1.019944574153963828e+02 5.090170210290498289e+02 2.321834564596071289e+02 7.042219340116799842e+00 3.147336761745314107e+02 1.092428499337378071e+03 4.020382500344918526e+02 4.981279711104937746e+02 0.000000000000000000e+00 2.965129236531736865e+02 4.743583550813480656e+02 1.335076152883255531e+02 8.843570073428902560e+02 9.642145873006633394e+01 4.972119642389562841e+02 3.873017453247955899e+01 3.070178049910318236e+02
0.000000000000000000e+00 0.000000000000000000e+00 0.000000000000000000e+00 0.000000000000000000e+00 0.000000000000000000e+00 0.000000000000000000e+00 5.653079769749314920e+00 5.631766154068750252e-01 3.421640234899471267e+01 2.563502911741085200e+02 2.119124533528244508e-02 3.461469682083543944e+02 1.075915765446857222e+03 1.169265912211712504e+02 0.000000000000000000e+00 1.008470876231651658e+00 7.999062158997611860e-01 5.431587197196472871e+00 7.978716103449506214e+00 7.672007624547068971e+00 1.761085137931297595e+01 3.361831793049150807e+00 0.000000000000000000e+00 1.096503917952220718e+03 4.458966568646886230e+02 4.450639856409294026e+01 0.000000000000000000e+00 6.339602569251065916e+02 9.830393733967541721e+02 2.750448409886049035e+02 1.314142195976016758e+01 1.772291830911268917e+01 4.409387321490291924e+02 1.023665827765294634e-01 6.854666313096093972e+02 1.133917942138524950e+03 5.569224480640966135e+01
6.084794185290554651e+02 5.314934413577365149e+02 2.893648975717162557e+02 1.406663726089646616e+03 0.000000000000000000e+00 0.000000000000000000e+00 1.725251926409126099e+03 2.839376128601422238e+02 0.000000000000000000e+00 0.000000000000000000e+00 3.525246028073448201e+02 1.776367534011345413e+02 0.000000000000000000e+00 1.755171164829495822e+01 9.049203142827778379e+01 4.458597709384962400e+02 7.047950542863094370e+01 9.674093896408448927e+02 7.573000433367811866e+02 9.216067419475635916e+02 4.472316009117672593e+02 1.462531328598809296e+03 7.776479467844084184e+02 8.329430201794599142e+00 1.645394582053422255e+03 3.815155745664731768e+01 3.526192333285484537e+00 1.668749485615970585e+00 8.586358544449395822e+02 5.843828264427584145e+02 6.230127030319694725e+00 5.000539677414974449e+02 6.271197737392195215e+00 7.523938868269274849e+01 8.873128376945350615e-01 2.628050610179781756e+02 9.608749382758730917e+02
