output/example_1/lateral_incision_000176.asc
nrows	75
cellsize	13.33333333
xllcorner	0
ncols	75
yllcorner	0
NODATA_value	-9999
[rows 0 to 16 of 75, columns 37 to 73 of 75]
2.730880095320796741e+01 0.000000000000000000e+00 4.020924072664800331e-04 0.000000000000000000e+00 0.000000000000000000e+00 0.000000000000000000e+00 0.000000000000000000e+00 5.525900172972106512e-03 1.975129308987696054e-03 0.000000000000000000e+00 0.000000000000000000e+00 0.000000000000000000e+00 0.000000000000000000e+00 1.935879317804396393e+01 0.000000000000000000e+00 2.093329821185450912e-01 3.804317920775778816e+02 5.277665381506776612e+02 6.608149284318060381e+02 6.737363233089738834e+00 1.632179901113442133e+00 8.422788015463320335e+02 2.348489380435043756e+02 3.876115161606607558e+02 5.022033694440563067e+02 9.270076761518872388e+01 1.640646817504415651e+02 4.971400586072146629e-06 0.000000000000000000e+00 5.267006942434419869e+01 1.048169385794283137e+01 7.794786057581508387e-02 0.000000000000000000e+00 1.171760928489934850e+00 0.000000000000000000e+00 3.252369639585878103e-02 0.000000000000000000e+00
0.000000000000000000e+00 8.097447668449901936e-01 1.091569533275524926e-05 7.771492738903650332e-01 1.051791297294061906e+03 7.117335163578005677e+02 3.099353584313910233e+02 9.509223252659420922e+00 6.281377353571031819e+01 6.433309727793705690e+01 6.951521890982344587e+01 1.775812555376330977e+02 7.494645330770165401e+02 3.085827682116015075e-02 4.813048291914802803e+02 2.347264977680746085e+02 6.855628340418875268e+02 5.703475746007209182e+02 4.792040346790690819e+01 1.235549216767061580e+02 3.266617583167852334e+00 5.912604345033541264e+00 1.383411020712081836e+02 8.112407634792252793e+02 4.360086821261337491e+02 6.148380607333290726e+01 5.939615927908432695e+02 4.997687577612168752e-01 3.174979991003321089e+01 3.595333971346759938e+01 5.764757463916935443e+00 2.692434001384442581e+02 0.000000000000000000e+00 4.248792614206850615e+00 6.818789773239641363e+02 7.211914953275970674e+02 8.903248415216261646e-01
1.309733546018791685e+03 1.591849131148969150e+02 3.053031255059810292e+02 3.750262185219713729e+02 1.191389973573643459e+02 2.204364078168792673e+02 7.794027700204749181e+02 1.275023912966228863e+03 4.711278576352864178e+01 0.000000000000000000e+00 1.088994364883694033e+02 9.590304259576583945e+01 4.381846116314144268e+01 4.293715151211517309e+02 1.571366725120833507e+02 1.167233854213618116e+02 1.028919322847507232e+02 4.688818397500145352e+02 4.055818392743216805e+02 2.020053537882997716e+02 6.177036097467910167e+02 3.399935355723225712e+02 4.981609912103107263e+02 4.817578270531954132e+01 0.000000000000000000e+00 1.346065577891341945e+03 4.398582879973472748e-01 3.752092191511477495e+02 1.196403372209180560e+02 1.421383666379348938e+02 2.048267633506202046e+01 1.569939544509096095e+03 0.000000000000000000e+00 4.201323859532003553e+02 6.588984699821945412e+01 1.642988424994131265e+02 1.289342571787176261e+00
1.360170671885495075e+01 0.000000000000000000e+00 6.962221317579368929e+01 3.574726174717912386e+02 1.626015623934432597e+02 1.559720086438533748e+01 1.022423583399810695e+03 1.463733762226637793e+02 1.216588306990426872e+03 5.494009539814683194e+02 8.994292951925864372e+02 7.085760746383781452e+02 7.540702415419535782e+02 6.417294085096299341e+02 8.989025621065882987e+00 6.687462483947563214e+02 1.047850515992691953e+03 4.199657326072510841e+02 1.713891277290377957e+01 8.856232863844812755e+02 1.060045346934921781e+03 2.353806440490555190e+02 1.015262736854802370e+03 1.177896395643086294e+02 1.257043892007307022e+03 1.486024312093112920e+00 8.098251353977183271e+02 5.693797727415344525e+02 0.000000000000000000e+00 2.497844844762779246e+02 6.295617570019962841e+02 3.991434835170752535e+02 2.167220277601199996e+02 8.219665358281174576e+02 1.470294865735699432e+03 2.686226799745722005e+01 7.642522687133583759e+02
1.264864419284700148e+02 5.536457434293099444e-01 0.000000000000000000e+00 8.647417920896102714e+02 3.119818622374825168e+02 1.826911275214581920e+01 3.480651316075657178e+02 5.120665521419582547e+02 2.008982566809983084e+01 0.000000000000000000e+00 2.426517697887792110e+03 4.540591648913736549e+02 2.750760693469329681e+02 1.394065869383973677e+01 3.019966931356952387e+02 3.932571446427206752e+02 2.696789903509895225e+01 5.871041594029866246e+02 1.950038023466827894e+02 2.337707192598269312e+00 4.842759122317909259e+02 4.231373423382728305e+01 4.797685458944156949e+02 3.169383430323690050e+02 2.032879737135031633e+02 3.373312839219213544e-01 1.012958312183480757e+03 2.998121032466513114e+01 9.788449671221290771e+01 1.291814742137457017e+02 4.682425518684043197e+01 1.006519268797193376e+03 1.263700894533436703e+00 6.138273474095742976e+00 1.341913927412614157e+03 3.464826552320532471e+01 7.861906138342052941e+01
1.160147627261991090e+02 6.814211004043301045e+02 8.667652465848418615e+02 2.699740397502740086e-01 5.180229460687133525e-01 1.158681362168215628e+03 2.283689860043514841e+02 1.961563731464232463e+00 7.045180078384115632e+02 1.382416732504479569e+03 1.541972922179115812e+03 1.685603760245381011e+02 0.000000000000000000e+00 8.176978742497839221e+02 3.537107147551013782e+02 4.416335890279688101e+02 1.255692901184931429e+02 2.623959512865880015e+02 4.639084019234516632e+02 1.865536112805755806e+02 1.384364639374619514e+02 2.480996639194099351e-01 8.641025636259373641e+02 1.369886387254770398e+03 1.725582294602447320e+01 3.091383981151450939e+02 1.133109296316726189e+00 7.166504518125628920e+02 0.000000000000000000e+00 9.484165710205651578e+00 3.065988654787989844e+02 1.554595097072725366e+03 2.922501212541848403e+01 1.374612344083873552e+02 0.000000000000000000e+00 8.796724976436480858e+01 3.442229100315491905e+02
1.642414871102001184e-01 1.322620498367364689e+03 4.946224376552623880e+01 1.002414383520531260e+03 1.668137108534386925e+03 3.561249092057264254e-01 1.143512742890601885e+03 1.236262558385695002e+03 6.089284061143219162e+01 6.623314954075641969e-01 0.000000000000000000e+00 1.343373996098649741e+03 0.000000000000000000e+00 7.490290872177491792e+02 1.011394178461638944e+03 9.361315694301574695e+02 8.598203154458452673e+02 2.251745382546509404e+02 1.413410978054613487e+01 0.000000000000000000e+00 3.299319487932191350e+02 1.310437376316035625e+02 3.348129765804652158e-01 1.548387863502316577e+02 0.000000000000000000e+00 1.201425692747626272e+03 0.000000000000000000e+00 1.958178329773124782e-01 3.759593034716417606e+02 4.140701899774222170e+02 1.153685061811630987e+02 1.281396894741447340e+03 1.655681758121338135e+03 3.185108210262703299e+00 1.621643169875366766e+03 1.026586407228336611e+03 3.747155631561312816e+02
1.752879028000658991e+03 0.000000000000000000e+00 3.623972431867588853e+02 0.000000000000000000e+00 3.336536240585339641e+01 4.684037720798950772e+02 1.263819409045045417e+00 4.003753132401935773e+02 2.956277292044135834e+02 4.212731911160242930e+02 8.503347741107962747e+02 1.005334156254616914e+03 3.204951335543167374e+02 1.034710688065713757e+00 1.365548001817769830e+02 1.590345838909523479e+02 1.229615078812277176e+02 0.000000000000000000e+00 0.000000000000000000e+00 2.161616907815389936e+02 0.000000000000000000e+00 2.549805368516489423e+01 2.935388597321284010e+02 2.159539039650429970e+02 6.636300601597494619e+01 1.302686145645469878e+03 5.519038246407282031e+02 2.195921697917168842e+02 1.405486946620496838e+03 3.488369686986784473e+02 2.115074631484352778e+02 4.402636502546107522e+02 3.071904152428058765e+01 4.595378894481407315e+02 2.922501212541848403e+01 2.066897848227191332e+02 1.783244328197044481e+01
7.508246407777822924e+02 1.572075165929044438e+01 9.772987483848993406e+02 1.418867067924575167e+02 6.562413491072262559e+02 5.946545063001908602e+02 0.000000000000000000e+00 2.269352225229340831e+02 0.000000000000000000e+00 1.025758617832087660e+00 2.362380813120525147e+02 5.917304544680890785e+02 2.949042520040952127e+02 1.546478597721562892e+03 6.694556843512255000e+02 1.331735112686096954e+03 9.883864303509535603e+02 8.785551310437190295e+02 4.571439699383379320e+02 1.206416988687927642e+03 5.600508810922302700e+02 1.924414574365463038e+00 0.000000000000000000e+00 5.391863352808006766e+02 3.278872162451472505e+00 6.343463558268094857e+02 0.000000000000000000e+00 3.424674545795897274e+01 3.807206685734082043e+02 5.838176934746533107e+02 9.276389127646800716e+02 1.635030268496451754e+03 3.115237821896407766e+01 9.428113049960314811e+02 6.391856869415966003e+02 1.164786108436720497e+03 7.030134016905831231e+02
7.132367853311569661e+02 1.638592567106818265e+01 0.000000000000000000e+00 2.725121928908901623e+02 1.957195882972680465e+02 3.703517673057205570e+02 4.270486236872325208e+02 9.994750664281521040e+02 4.512441971393398603e+02 2.601460022316938989e+02 1.010617895248308855e+03 1.226522189867584984e+03 6.473561002408797549e+01 1.312114932906231843e+03 6.381393331055638782e+02 3.110384560191441849e+01 6.773358493345577926e+02 3.270279946498253025e+02 2.356154079991273353e-01 3.418377821488953714e+02 1.274932737939414418e+00 5.257063105110965040e+01 3.861671326992645259e+00 7.185092983643838807e+02 1.432634693277670976e+03 3.764944550093467512e+01 1.227348645554619225e+03 8.564670676110530394e+02 1.553345452623877918e+02 1.004384852231328296e+01 9.191606462440770429e+02 2.063238849970076227e+00 1.059643900464111312e+03 2.744805679001345879e+02 0.000000000000000000e+00 3.857880361615990239e+01 1.585654933777451845e+02
2.597050165614337658e+00 7.552493735824690191e+01 7.508882122374079700e+02 4.855495270376476356e+02 0.000000000000000000e+00 6.645592020550617463e+01 1.187707710658828091e+03 7.249455968533033001e+02 4.678299811452781114e+02 2.629023527605443888e+00 8.825752022323578103e+02 1.249902416328951404e+03 1.460538158552989785e+02 9.891246155149157175e+02 3.356735363534074281e+02 3.421130450210486629e+02 1.185759687848769772e+02 3.772682036308418105e+02 0.000000000000000000e+00 6.390296196165350295e+01 5.466151615603455411e+02 4.159826763302945665e+02 1.981613098944978049e+02 1.606194355100348137e+00 1.130565094268966050e+03 7.674109191001936097e+02 2.199984576878082798e+00 4.926800044053501324e+02 1.093018202027184088e+03 6.956800488687979396e+02 2.451472580086335427e+02 1.221642615983009392e+02 5.173775296196225781e+02 1.566028025244722812e+02 1.161693419294183059e+03 9.505286659602080590e+02 4.182937608832000365e+02
3.626406796359853502e+01 1.698528413888278976e+02 6.011046040370609944e+02 8.940760736828275412e+01 3.310585825071845534e+02 1.523908680614708601e+03 1.299870608469293032e+00 2.125081831582606284e+01 3.078379081721811872e+02 1.422946708500096804e+02 1.796119781739012922e+02 1.630770749140433793e+02 5.762746367540319881e+01 4.256088052269507216e+02 5.556355236254153063e+00 4.636980905773293138e+00 3.104545109038316397e+01 1.337033572897200315e+02 5.283884900754738112e+01 7.614504645820666155e+02 1.397165356137732850e-01 3.272514325267098201e+01 4.998863541711203311e+02 6.969927386911140275e+02 6.559502821862078008e+02 1.081748214455957623e+03 1.224172230407771700e+01 5.113076140495281834e+02 4.027584006091313427e+02 6.050967814493923242e+02 0.000000000000000000e+00 0.000000000000000000e+00 4.259405229429589923e+01 1.248233927868214721e+02 5.443438177563830322e+02 4.008899990996567908e+02 8.779117775065922160e+02
1.455827617651022265e+01 9.639089637781571795e+00 9.067699594905069489e+02 7.602226908707580151e+02 2.385277086590975841e+02 3.016365677168273578e+02 1.202481360507133104e+03 1.024879736827141642e+03 1.426468676872698097e+03 2.560233741440006039e+00 6.203293057928394774e+02 3.734899029794096350e+02 0.000000000000000000e+00 3.842279565846828149e+01 6.185921981365550693e+01 1.145046358237013839e+00 9.978669803987103251e+02 1.027925590913432416e+03 7.380635518682216798e+02 1.279564740889487418e+01 7.107411698977951175e+01 1.898008631783538513e+00 2.796477834829454778e+01 1.015031169760063179e+01 3.013479225658118708e+02 2.515481742874236559e+01 1.075880792491818966e+03 1.516689012215131083e+00 1.138262156827264334e+03 8.876773339495841810e+02 5.271983604496131015e+00 5.410055507862424520e+02 6.558324138324569219e+01 0.000000000000000000e+00 0.000000000000000000e+00 1.285719015165174596e+03 8.867869128571579722e+02
9.402415256181698169e+02 3.464141818652825577e+01 8.580805194683625814e+02 7.786181686896756560e+01 1.046267191819994657e+01 8.162958055120050176e+02 4.760493207456893572e+01 7.123122746360462543e+02 6.463554429744908703e+02 8.360992715032841716e+02 5.035667306999498578e+02 3.226889661814419696e+01 6.157295857436684372e+01 2.428848270657287287e+02 9.222795296996557113e+01 5.914452170109385065e+00 1.044814722769564241e+03 1.248762234986450039e+03 1.293582825797119995e+03 9.435385544899153274e+02 3.315476341442565200e+01 1.530752640163323804e+03 1.476046107033844237e+03 8.853838722141787798e+01 4.890797288331269783e+02 6.202017018335527609e+02 6.307247533795588197e+02 0.000000000000000000e+00 1.233447230605167761e+03 0.000000000000000000e+00 1.399168512112482176e+03 1.270974019416320743e+03 7.933159236066417179e+02 1.503997789048878076e+03 9.679880341504044736e+02 5.886182106573700423e+01 3.029906887577555494e+02
1.951724433185487584e+01 6.022246109861889636e+02 1.592569879360531104e+03 1.608745650939947382e+03 3.677881378597344913e-03 6.133487119208679132e+02 1.343825841150444603e+03 9.408603738832499630e+01 3.245619372929837141e+02 1.191838313464774401e+01 1.170963167874555637e+02 4.119417285455506317e+02 3.351780184920508532e+01 9.623705392455885033e+01 8.337168014869927219e+02 2.146496550957616023e+01 0.000000000000000000e+00 8.920087866181555802e-02 2.561469621492733495e+02 0.000000000000000000e+00 4.466012567808034106e+01 2.880296338646501919e-01 1.029173141693023581e+03 1.608493436741519815e+02 8.974807574339362759e+01 5.665439596626364249e+01 3.700861505660168973e+02 6.218969413024512960e+02 0.000000000000000000e+00 1.359207217269194416e+03 8.837213195134744126e+00 1.014093166817211568e+03 9.972140173944769685e+02 1.102382518410018548e+02 8.212212427814711191e+02 4.337783829298920750e+02 4.411292751818149394e-01
1.276758579160363212e+02 2.130039838119233195e+02 2.717510532847090872e+02 2.456908695159638256e+01 3.588109919560324101e+02 4.302023045220829545e+02 2.200324177321184607e+02 1.039695460800444664e+02 9.017254343342212906e+02 7.834122975592693328e-01 0.000000000000000000e+00 5.467916439476574908e+01 3.553676231565403327e+02 9.743612261273538522e+00 7.114020688780051387e+02 8.281487966616674612e+02 2.534865996000607140e+02 8.382373423767010081e+02 2.615120675966091994e+02 0.000000000000000000e+00 1.119260185350275378e+03 1.383166734447267743e+02 2.600637170525219233e+01 1.598999673741791412e+03 1.445795815750449087e+01 1.919610610173635905e+03 1.490312154115055819e+03 1.135973584423942029e+01 1.266011834955972290e+03 1.856959758038706696e+03 1.010672057826069249e+03 2.559890813158570921e+01 2.176235916540507631e+01 4.175615606590901052e+01 1.210322769864627844e+03 1.063827918436910664e+02 0.000000000000000000e+00
1.063726059709644460e+03 1.339374925828421510e+03 1.701963114523209697e+03 7.526717043282902750e+02 0.000000000000000000e+00 5.917845303041362968e+02 2.490900531237092821e+02 1.244717738938831644e+03 1.046035892003348948e+02 2.891155398149093685e+02 4.415023577357812883e+02 1.006499266351943156e+01 4.098720546427397693e+01 9.826547100398455470e+00 7.902759239362870858e+02 4.293300788037641951e+02 4.643902739090165710e+01 2.839867573730610051e-01 8.234831746939251218e+01 0.000000000000000000e+00 5.241021768519048010e+02 8.871626023613310963e+02 4.886963433630138525e+02 5.310560897093770194e+01 1.236878098335061850e+03 3.737985621877563780e+00 2.859135511864381485e+01 2.523820003817702773e-01 6.997319643880963440e+02 2.364138613960369284e+01 8.346571377644279437e+02 1.478489411548730232e+03 1.964468617361210931e+02 1.533309703970902547e+03 1.126419306224749022e+02 6.113822799020068999e+01 1.833348346135315978e+02
