output/example_1/lateral_incision_000492.asc
nrows	75
cellsize	13.33333333
xllcorner	0
ncols	75
yllcorner	0
NODATA_value	-9999
[rows 0 to 16 of 75, columns 0 to 36 of 75]
0.000000000000000000e+00 3.111560667785954148e-09 0.000000000000000000e+00 7.593259462781106777e+02 0.000000000000000000e+00 6.938671446162800294e+02 3.322898466254517871e+02 1.334620413499106235e+03 4.073628599788000884e+02 5.961565685188394070e+01 5.062690216439984425e+01 1.908731984851879560e+01 3.514105762963559414e+02 7.628841068651413480e+02 3.757497399238296225e+02 1.600331517760587587e+02 5.412460465191597483e-06 0.000000000000000000e+00 1.430772275955948469e+00 4.457327673779949428e-01 1.369037624423728450e-01 8.214038731092654518e-05 2.132444891575236974e-04 1.614394187922306756e+01 3.165730729810951161e+01 3.368704907710854286e+02 4.872394394856004141e+01 2.394697288128030332e-06 8.592563712945595588e-06 1.072833790534963305e-01 1.062124016246730662e+03 8.674842464155866537e+02 9.240312403002536712e+02 0.000000000000000000e+00 0.000000000000000000e+00 0.000000000000000000e+00 1.735495984371692302e+01
0.000000000000000000e+00 4.947751236825149022e+02 2.541707528221007522e+02 1.160719247947487247e+03 3.541250584271079447e+02 1.928566076335825608e-01 1.024122812420439033e+02 0.000000000000000000e+00 6.612289315337223172e+01 5.593920308623949040e+02 6.764297573139155695e+00 4.251452809142685396e+02 1.798752595202797977e+02 1.091955371209610803e+03 1.096102718923249085e+03 1.249058718165407981e+03 3.370132842758679317e+02 1.779359462108671508e+01 4.778060027682983559e+02 1.595832079549811544e+00 6.199267922680493825e+01 0.000000000000000000e+00 6.306793887555367739e+00 4.046274533121911645e+02 4.502574862921687213e+02 7.458182909240209710e+02 7.760449224351050646e+01 5.540854903445388118e+02 4.266099728048768043e+02 3.092736700459576937e+00 6.010422782699507707e+02 2.397154746407007906e+02 4.860686227624618709e+02 1.122330824153152520e+02 5.044055294350693538e-03 4.953269723825541178e+02 4.242600120298839670e+02
0.000000000000000000e+00 0.000000000000000000e+00 0.000000000000000000e+00 8.800214552789747131e+02 5.142895792246201836e+02 7.338699987497959683e+02 4.537648897219047512e+02 2.046371847368081944e+02 3.419061372927772027e+02 0.000000000000000000e+00 7.263474164826853894e+02 9.881863004235972312e+02 1.513529474709245903e+02 1.505384823318852057e+02 1.676071287642066636e+02 3.512158208974897207e+02 3.612352105213553841e+02 3.727677036244053284e+02 3.829645004939479236e+02 3.041938565915999675e+02 7.323055298965922555e-01 5.648689219661096104e+02 9.978380608907219766e+02 9.329806135404772931e+02 1.386532980273137809e+03 0.000000000000000000e+00 2.959257146501711304e+02 1.376577300887794024e+02 9.129167000843095821e+02 2.371641028044003008e+02 1.177458349335827421e+02 3.563976669302948039e+02 1.378572929908016931e+03 8.433157241666904724e+01 7.977626037608453089e+02 1.462914106946282573e+03 7.481308510903277238e+02
0.000000000000000000e+00 1.590598043542755704e+03 1.210253070214309446e+03 7.930039250476595214e+01 6.235141859336675907e+02 1.430189801919726506e+03 2.087212405587240482e+02 1.128224948083448680e+03 4.527371600240955445e+02 9.631157643299731319e+01 1.560656442221973066e+03 0.000000000000000000e+00 1.293954317135531483e+03 1.214449140111037764e+02 1.511410508704573203e+03 2.251241996887963523e+02 0.000000000000000000e+00 1.711454574980576027e+01 1.581335897972790860e+01 7.814507977457182619e+01 4.837183572337279713e+01 3.074749920376843875e+02 9.851297111955294667e+02 4.836485704509408947e+02 3.107195907094436507e+02 1.412264834691265492e+02 5.052127371720634414e+02 1.175845756147782367e+03 1.966570729940414139e+02 1.020887303491613807e+03 8.493611745960410531e+01 1.893121012013515880e+01 1.305492287689851992e+03 3.602035655930673386e+01 8.513526306548183129e+02 6.364521081904765651e+02 1.656292588817664864e+03
0.000000000000000000e+00 0.000000000000000000e+00 7.226852133789242849e+00 8.776540590026804978e+01 1.353761962939186674e+02 0.000000000000000000e+00 8.836524853018920567e+01 1.191740029957026223e+02 8.296649354434664758e+01 2.545580528865036385e+01 9.241297739793475330e+01 4.581060218587356871e+02 7.337370973516779031e+02 4.882785835967516919e-01 1.376792743822608713e+02 8.782144033578050539e+02 1.735193880089536123e+00 3.903129351362429844e+01 6.526374420940328491e+02 6.105455050196288980e-01 4.291653708153666571e+02 1.615373943038662901e+03 4.382130952006668134e-01 5.916602506625537217e+02 9.731573925548261741e+02 2.408734745884768458e+01 9.362298017802385175e+02 0.000000000000000000e+00 5.461519025427283935e+01 2.468475278937293069e+02 5.190740965186818130e+02 1.328161445628932597e+03 1.670032997005560560e+02 1.721048284631343392e+02 2.170524677043451334e+01 6.770844094886506355e+02 1.243825017258025582e+03
0.000000000000000000e+00 6.184858547112511928e+01 1.001214975879542521e+03 7.843606560838046562e+02 5.456345688779307466e+02 6.022111109407409231e+02 1.469622648363859128e+02 8.110887569352216815e+02 1.732560026722462453e+03 2.527526192517716197e+02 1.055437809107971134e+03 8.883410960525262681e+02 6.398131845889032121e+01 5.912779063534379702e+02 1.218246200254831813e+01 4.320795089333644796e+02 8.486242998392935988e+01 6.729220191215891873e+02 5.338114285973780682e+01 1.349837420866556840e+03 4.287282196716462934e+00 8.696545239576487347e+02 1.497783218853757035e+03 6.592910678724756508e+02 9.773952746251029566e+02 6.526348777403315182e+01 1.523862343310891674e+03 1.243057846406397005e+02 5.953753027984838582e+02 8.058124016991083636e+02 1.993018336395158769e+02 1.747071149239030547e+03 1.181067078864605406e+02 1.728794284727902777e+03 5.746223702123915018e+02 3.378544261020919066e+02 5.824626765504781361e+02
0.000000000000000000e+00 6.524834756848113102e+02 0.000000000000000000e+00 1.310985733066536341e+02 8.700598281417072712e+02 7.181275907494886042e+02 8.429051304407726093e+02 6.449109659604926037e+02 1.531479797825092646e+03 2.423027788636380535e+02 7.351487978998618473e+02 2.209716101607926362e+02 5.975935745605109872e+00 1.130211212509899497e+03 4.754859320622040286e+02 2.657976780353097297e+02 8.386911412752327806e+02 3.784659109128429009e+02 2.702616798899344985e+02 6.603696825425056431e+02 1.026411988758193047e+03 6.318310793206992315e+01 9.174368534534979744e+02 6.357797724876875236e+02 3.128527718109956481e+02 8.669356181389458982e+01 4.456260528036376058e+02 5.445874591435834873e+02 1.949349163255274107e+02 0.000000000000000000e+00 9.679455450379152808e+02 5.115527106437493785e+02 7.437868030985659118e+01 6.178360186007985249e+02 4.072392198538197476e+02 1.348079118495458317e+02 1.728483695289280320e+02
0.000000000000000000e+00 6.734417404112504073e+02 8.491828384833812606e+02 5.950440095697889120e+01 7.877684102470566074e+01 6.044133580600638425e+02 5.529428431471319527e+02 2.435163746110679881e+02 1.889143666535201549e-01 5.828407975440602513e+02 2.721242481230978427e+01 1.391878313005054792e+02 5.208195873284645359e+02 4.548744352040105241e+02 2.284352995305055458e+02 2.437999090870514749e+02 3.468303351112351152e+02 1.340598473484601172e+01 4.942942520639171278e+00 6.795635096039333121e+02 1.761821630516712275e+03 1.458120261022438171e+03 2.338054081674506435e+01 9.897842697086553017e+02 6.314256159481709574e+02 7.382485849976390568e+01 1.777758482289086430e+02 0.000000000000000000e+00 5.228375891399639386e+02 1.303540042648374424e+02 2.159106571299047062e+01 1.492953541230492192e+03 3.856225425522681149e+01 1.177983524550147195e+03 8.106676524420089436e+02 4.723381919957842712e+01 4.984568426433459649e+02
0.000000000000000000e+00 7.285225605957100470e+02 4.395469085175843134e+02 7.846595028718796812e+02 1.149752215635934817e+03 4.846813288760086493e+02 2.350653059844748327e+02 6.263425455783693678e+02 0.000000000000000000e+00 5.649873556516477713e+00 7.921116377503806234e+02 2.834665329157255087e+02 6.790872392610508790e+00 3.731604920279856970e+02 1.892923469959877423e+02 3.882625782528428999e+02 0.000000000000000000e+00 1.833932494273076586e+01 1.148687906966471814e+02 4.304922938393230147e+00 0.000000000000000000e+00 8.125659623292626748e+02 3.249102349654611999e+02 0.000000000000000000e+00 0.000000000000000000e+00 2.559134456303972911e+02 4.049628505103407861e+01 4.934090995775862893e+02 3.604113046139570997e+01 3.940839981206615272e-01 1.986552096647995711e+02 7.296150248703937677e+02 2.617245302220600323e+01 8.477819824430287099e+01 7.748297183402112154e+00 4.757063871773345554e+00 0.000000000000000000e+00
0.000000000000000000e+00 2.766328746238918939e+02 8.803667290548202118e+01 5.300418458701283271e+02 6.959326122819371676e+02 5.690126900439179281e+02 3.452683172216518415e+02 3.449613894237643308e+02 0.000000000000000000e+00 0.000000000000000000e+00 5.993959095938642401e-01 1.697546084286586066e+01 1.295958753006449058e+02 2.969388058127951808e+02 8.761599657138622206e+02 3.658605569439768601e+01 5.948492538064401742e+02 1.529430118685884736e+03 3.138965313164803206e+02 1.700323935711616841e+01 5.940241256639988023e+02 2.149468596899474804e+01 5.559648752704665640e+02 1.601149954132989661e+00 1.543586175996582369e+03 1.092409278754382740e+03 9.103662376280543640e+02 8.854460380178055345e+01 9.949617337851683487e+02 0.000000000000000000e+00 4.608167389434030259e-01 1.149934442204778634e+03 1.415901125991608183e+02 9.172681216915639197e+02 1.104166252837141428e+03 5.094446970152729364e+02 5.240600648564571884e+02
0.000000000000000000e+00 1.416963866268644551e+03 1.572485015257166651e+03 7.727275429188523725e-01 0.000000000000000000e+00 1.774679197332444801e+03 2.537481092082615319e+01 2.497359559539447105e+01 3.362364147452862717e+00 9.506534210973155723e+02 1.001503166980821220e+03 3.817987035543154661e+01 5.515774099833355422e+02 3.392770761353188647e+01 0.000000000000000000e+00 1.071822189620550425e+01 8.257454071369807025e+02 5.807793120311973780e+02 2.615829509279402600e+02 8.633657047234972737e+00 5.093876246908150733e+02 1.692695932706988344e+02 8.503588997418507915e+02 4.638497165706557723e+01 1.424803205638436566e+03 6.505063431289735263e+02 7.352724599484653822e+01 3.920173865099678210e+02 1.238780752853257354e+03 1.169371913534418354e+03 6.366654428656970595e+02 1.527774770801118507e+02 1.227840571434095637e+03 1.151299669994480610e+03 6.985118610365105563e-02 8.549532413307892966e+02 1.071598373650195526e+03
0.000000000000000000e+00 8.845856570552240328e+02 1.068157627202685262e+03 7.316868014020387818e+02 1.360438687150840451e+03 8.458306701964570493e+02 1.867497260484380774e+02 4.710709227329563191e+02 4.537930153347263129e+00 1.218878428037795857e+03 2.236132334281531087e+01 1.658521883393045755e+03 1.103342315059998782e+03 8.922820793431083075e+02 2.763468249983915115e+01 1.375055363000624766e+03 2.480193322046409321e+02 1.021283532848828600e+03 2.018435553919885450e+01 7.035190551059115478e+02 1.257570577064432882e+03 7.380575067297574787e-02 2.052215723708415851e+01 3.343033905337622258e+01 9.304196558886083324e+00 2.855624163227907388e+02 4.289126061455230570e+02 1.008331180914884612e+03 8.723860697871231196e+02 6.517549880517562997e+02 1.503995900093832688e+03 1.534223580332115660e+02 3.717351631051770369e+02 1.478298435048530564e+03 4.478366180443341591e+02 1.013078667365574574e+02 1.202502974878608939e+03
0.000000000000000000e+00 0.000000000000000000e+00 1.353622227736882223e+03 1.315985345088903159e+03 5.619353444276108611e+00 2.971029476883082499e+00 4.876631567473052655e+02 2.511659229680293848e+01 5.127105338256349114e+02 9.478761087931728753e+02 2.919350537744059793e+01 1.046011123823758226e+03 9.130555620652502284e+02 7.159924946899918723e+02 1.368086533339260313e+03 0.000000000000000000e+00 4.009633719087750592e+02 1.140413762804288808e+03 2.320971535093723560e+03 1.155440166276348009e+03 2.995617084722996815e+00 1.965538970872933646e+02 1.645590597218393668e+03 4.076108893552137715e+02 1.456348527789504033e+03 7.351630450462018906e-01 1.217046724258965318e+00 3.935040173208719239e+00 5.025758655631409888e-02 1.295175677238793233e+00 2.155450697783900793e+01 3.004556858237173955e+01 6.665942905401107232e+00 0.000000000000000000e+00 1.540552847923068214e+01 4.880130117419042790e+02 1.406229075334192203e+03
0.000000000000000000e+00 9.167339780694347837e+02 1.372989719458212221e+03 3.037005000751885291e+02 6.378612645962866168e+01 3.969752705819079353e+00 0.000000000000000000e+00 1.465532180861678846e+01 9.957206212944727497e+01 2.311142204950912173e+02 7.497860714108919922e+01 8.701148764162750240e+02 1.218150620609906198e+01 1.431915770616097348e+02 4.250931869731034567e+02 2.308923630398680586e+02 5.415036529628841890e+02 4.948581992136423935e+01 9.328477773420222547e+02 5.783668681019776159e+00 1.366855100163636735e+03 5.514282862542913790e+02 1.115135209171733550e+03 1.288878180147515540e+00 1.212238667698291579e+02 3.968711382025073817e+02 5.303720318841442349e+02 5.762250891736613312e+02 2.272996674753544823e+02 1.366881677447060383e+03 4.229170540363259647e+02 9.679968275844944401e+02 2.958283567004930319e+02 3.531006029946934746e+02 1.148711438033837567e+03 4.725004023350637961e-01 5.282237626470983827e+00
0.000000000000000000e+00 2.382470239268714429e-01 2.401675265521548142e-01 1.012370906257256252e+03 3.009673618719082810e+02 0.000000000000000000e+00 5.821875467970372142e-01 2.571083434257775480e+02 1.074194626323719604e+03 3.375848302411496320e+02 9.570613647726645468e+01 7.115497440695486375e+02 3.432125585946484758e+00 2.844051567235371114e-01 2.724511515707446208e+00 2.720112670508779118e+01 1.195233049527229596e+01 1.370922469288904324e+02 6.574775617730522015e+01 2.313414759537198506e+02 1.249263753660467728e+03 8.562402908530097889e+00 4.466131847136759481e-01 1.838758302347780784e+02 5.871680712944938563e+01 9.060861547711753783e-01 5.552441846214042016e+02 1.339778706963660682e+02 2.883894206750485623e+01 2.978323116217936786e+02 4.942654477424734978e+02 1.761692482528759873e+00 1.318639656000583273e+03 7.912537344262544536e+01 1.209533045576739141e+03 4.258140140774795555e+02 1.059048359588892254e+03
0.000000000000000000e+00 8.732215096369594676e+02 1.060288148651269921e+03 3.903105925044720453e-02 4.416070442033170593e+02 0.000000000000000000e+00 1.196173873252957719e+03 9.066823829031882269e+02 3.782875964149949937e+02 3.801941561738162818e+02 1.441879143877694332e+03 2.412613633871639074e+00 7.581524184428772628e+01 3.305861306717423531e+02 6.304805134392609034e+02 4.160148842809313692e+02 3.957883775129143373e+02 0.000000000000000000e+00 1.720724861286051919e+03 4.922227249115021550e+02 7.465075685690320597e+02 6.993123992393888102e+02 1.888370943980140737e+02 3.444625716574917451e+00 6.710083745454661539e+02 2.386380971856998912e+01 1.182633511895796801e+03 1.302232585604406268e+02 1.196604966268550498e+02 1.661191006584300567e+01 9.020490831372462992e+01 9.549415569950077725e+02 6.185023240781041522e+02 2.748401567355818997e+02 9.184150414842085866e+02 6.993995198100504922e+02 0.000000000000000000e+00
0.000000000000000000e+00 1.854058537983582085e+02 6.162754020882118766e+02 1.253802794184466393e+03 2.624067703401212839e+02 6.942817956734926383e+02 7.922315233997887844e+02 7.531623095379710975e+00 5.769134735356763244e+00 3.582160894735893919e+01 9.516377206416816392e+00 6.166079271537023487e+02 5.915543704440824513e+02 2.318068011860234208e+02 5.552866705542060117e+02 1.328410225017655932e+02 5.907753423904676282e+01 1.213896289231476885e+03 5.086868297681592210e+00 2.737139304908931194e+02 1.927699747464426537e+03 1.313975898542815024e+01 3.762288225100891168e+02 2.654729811363752106e+02 2.041118297116948810e+00 1.992505494603285854e+02 8.825407149419462485e+02 6.797541519592296027e+02 4.929363107042208725e+01 1.067318147641448377e+03 1.433019267423232748e+02 3.462810032936047264e+02 5.928537480906226165e+02 2.587891006701496508e+02 2.017442444677708835e+01 5.565878962626098883e+02 2.236096593419235035e+02
