output/example_1/lateral_incision_000419.asc
nrows	75
cellsize	13.33333333
xllcorner	0
ncols	75
yllcorner	0
NODATA_value	-9999
[rows 34 to 50 of 75, columns 37 to 73 of 75]
4.666401635974040119e+01 1.306970129896155413e+03 2.301582263827058483e+01 5.543695899042729707e+02 3.224592991008910303e+02 0.000000000000000000e+00 9.109728967663388630e+02 5.976800001168787446e+01 7.939489509652788684e+02 2.448094583670130078e+02 1.336899367220979116e+02 0.000000000000000000e+00 1.184198109350722234e+03 1.052732870643922979e+03 0.000000000000000000e+00 4.108287597867354535e+00 2.546905066259523664e+01 1.885037204143149481e+01 1.172366681663556243e+01 5.432592173589430331e+02 3.107654257992549560e+02 1.500446449167755532e+02 7.122004969415382902e+02 3.046696664109722974e+01 8.599051214439066726e+00 5.519287012722065811e+02 1.354666561684752423e+03 0.000000000000000000e+00 9.839881995630233860e+02 1.742481628373285929e+01 1.504233073821493917e+03 6.934725317886784524e+01 1.061417561443724935e+03 4.675235845185415542e+02 2.261593538223849578e+02 7.633303221399984295e+01 2.485773110896889193e+02
1.065074107519117206e+02 3.965652323729509590e+02 4.396702354594232247e+02 4.020779480569073598e+02 1.035917891695835991e+01 6.780724359044020266e-01 4.400131092324645579e+02 8.506415091337244121e+02 8.359266005977744385e+00 2.233499388810376161e+02 4.583488910818368822e+02 5.952493097707522338e+02 6.256861676305258690e+00 0.000000000000000000e+00 1.501883831702516090e+03 1.442711986305596611e+03 1.026020368816798964e+03 1.575308290465080745e+03 7.062472776415175986e+02 6.939058938889410229e+02 1.779351119693929490e+02 9.399007089504322039e+02 8.620075990138591493e+00 2.647490283773193482e+02 1.447527501147945031e+03 1.060620053942737741e+03 6.121691472810274490e+02 1.214748668456217501e+03 3.706596338204616359e+01 0.000000000000000000e+00 9.470324664472091172e+02 4.932529061429625550e+00 1.193908002816652925e+02 3.249895530002416990e+02 1.533169471033200352e+03 8.720247530693956151e+02 1.249416121702756328e+02
3.435985109493404366e+02 1.550562308277434242e+00 7.411402696788502453e+01 3.606718580135191132e+02 4.312309141904332819e+02 5.851110861976500246e+02 3.837897170179611521e+02 8.315224338259815795e+02 1.009216692429154278e+02 6.942833578367770997e+02 1.328599686976317344e+03 7.256711216784809722e+02 5.913952183286687614e+02 1.721570339378817138e+01 2.895439117081248526e+01 7.246266905378709566e+01 4.865449800313215292e+02 7.361670918651251441e+02 1.311840209630295249e+02 2.019115303532123562e+02 2.256303618295591562e+00 0.000000000000000000e+00 4.405905760472697352e+01 2.411016382245497081e+00 3.129082732843703951e+01 1.599384731769663581e+01 7.704516148443801740e+02 5.762210194064305142e+02 2.710406813002433276e-07 2.003883219972262708e+00 1.895682628453059237e+01 1.204126739615233390e+02 9.635085387051148587e+01 1.518814032324549771e+03 5.015347745126037182e+01 4.068031448563041153e+01 1.029864417528528065e+03
4.086218583098402064e+02 2.195845181083205375e+02 9.204119598491460863e+01 6.555190045596752952e+02 1.209637117454512236e+03 4.788267657592866158e+02 5.336588863516826819e+01 1.053075096332568819e+03 3.124710090532291247e+02 1.089187400599294975e+00 1.204301110098589788e+03 1.237270946171274318e+03 1.561400000923149719e+03 1.632629993786783018e+01 5.253132757944341620e+02 1.194618948949378137e+02 1.111293790257480083e+02 1.324722925412437178e+02 6.480092079675374634e+02 3.145045023759864122e+01 8.367597238611811008e+02 6.176066961689379013e+02 9.359336169306798183e+02 1.274654004263829393e+03 5.773797201719193026e+02 3.520466359897340567e+02 0.000000000000000000e+00 2.732943650016056836e+02 7.115225857425417644e+02 1.160711474998204484e-01 1.281541776059581480e+03 8.921077701756544229e+02 0.000000000000000000e+00 5.932997149321881807e+02 3.553802420491895191e+02 8.455811077370884732e+02 2.774462676287116665e+02
1.087415438913625849e+03 3.635468730337356078e+02 9.510534354429427140e+02 7.786962894826102044e+00 5.188773752305100970e+02 9.084095387549787119e+02 1.604344059183907945e+01 4.589202113729444932e+01 6.877060318114530446e+02 4.282281098105067940e+02 7.396787003940415162e-02 7.783462866936816908e+02 2.973392642316373458e+00 7.479286501376800516e+02 1.363090599689220426e+02 1.412872804719630970e+01 1.004142045849767584e+02 7.634555793317312009e+02 4.804856070404549087e+02 2.131034914608888897e+01 6.087027952900035643e+01 2.768093511149817054e+00 1.393012060543157986e+03 3.199543991035631620e+02 1.144891885846800278e+03 1.201294226225166994e+03 1.127140852635433248e+03 2.007573830252527785e+02 6.667806362728028944e+02 0.000000000000000000e+00 2.134547775354070041e+02 1.267320300591351270e+02 6.203379167472820477e+00 2.864823444241607064e-01 3.296820234230116284e+02 1.084139674020211004e+02 3.894808202701749877e+01
1.691119129241903352e+02 1.395009183754865262e+03 1.673179014086438883e+03 5.102235341603562802e+02 7.199512230077750985e+01 1.142067088033114487e+03 2.158773475478393721e+03 7.238837413511998875e+02 1.064213660329912045e+03 1.223715106335554538e+03 6.196968262853532611e-02 0.000000000000000000e+00 6.061782925156121564e+02 0.000000000000000000e+00 4.244350398937313571e+02 8.501898449027951301e+02 1.229126532452447549e+02 6.451157731136337361e+02 7.483459737236651108e+02 1.485879024043346064e+01 1.212070391436494447e+03 1.349958439301782107e+02 2.728627557823710603e+01 3.865983712834255925e+01 2.089671843994581124e+01 4.067239364099182239e+02 1.129304421712673275e+03 1.575731502807381503e+03 0.000000000000000000e+00 8.855707844151750123e+02 3.477344241579300501e+02 1.543993813629591045e+02 0.000000000000000000e+00 1.283120608895609394e+02 2.169048359055533126e+02 6.601478446213337747e+01 1.862282635041153753e+02
9.054198833103480411e+02 1.890753371102528888e+02 6.641412202583317139e+02 0.000000000000000000e+00 4.933357852361106097e+02 2.209819889330547849e+00 1.434528261180970503e+03 5.213534671411152885e+02 1.486231830346986953e+03 0.000000000000000000e+00 6.847346428690942730e+02 7.194150868151946554e+01 9.475571980223458368e-01 4.472928427382968266e+02 3.979074842354307862e+01 3.066028243388578267e-01 8.091491684287933595e+02 1.367082102415201234e+03 1.632604158764171700e+02 1.490587801184565478e+03 5.349796635234121140e+02 1.166921974117120044e+03 2.275303575497010513e+02 1.036048864968830117e+02 2.314624448199306173e+01 1.058638947305534117e+01 9.942086979912844527e+02 4.755035237503292365e+02 3.464190229590785597e-01 1.311781780999617411e+02 1.131107654829584362e+03 0.000000000000000000e+00 4.474902499715287831e+02 1.325941338292479486e+03 2.606050235151016636e+02 6.753106021177180196e+01 2.493055292488748798e+00
4.316608552292202603e+02 2.104093368356289204e+02 0.000000000000000000e+00 3.601712026550052883e+02 2.098364328239388215e+02 1.498555335248964866e+02 9.573278135028070679e+00 1.104939681743798928e+03 5.652405059115873343e+01 7.682807930190888328e+02 1.574169620986909422e+03 9.802121173601619830e+02 3.061301222544002343e+01 1.556686318234706619e+02 1.399238827579623479e+00 0.000000000000000000e+00 4.673746755616066935e+02 4.312211325674141449e+02 3.146808393053665327e+02 9.426191505764746807e+02 1.798954729553026652e+02 4.687252216384945882e+02 8.579471524452264575e-01 4.676671820403463520e-01 8.917142932100841790e+02 1.266119024755053942e+03 3.252371677828222829e+01 2.183837023895058564e+02 4.580946386532781958e+02 5.227507893305511288e+01 1.652307207954981777e+03 8.529682148370903860e+01 1.985688387003298772e+02 3.442618086588805681e+02 1.370088484466545424e+03 0.000000000000000000e+00 4.126885852467464701e+02
1.500647692293871387e+02 1.436157105351392147e+02 7.886429742233991291e+00 1.662314127938106765e+02 4.727532886525365541e+01 6.034400045329753084e+02 5.895739749193614898e+02 4.711774416844030355e+01 7.828056276093612098e+01 1.635586089186227582e+03 5.763938760014898435e+02 9.425580818715304758e+02 4.222421514255656803e+02 1.957817347945810527e+00 4.423626473795101219e+02 2.840877312690506074e+02 6.094771641454664177e+02 4.523509052086972133e+02 1.122233172186061667e+00 5.388526084372600167e+01 6.633213608702250212e+02 4.744603507664782569e+02 0.000000000000000000e+00 1.593953770794842342e+02 1.873262914226924067e+02 6.439916891268501331e+02 2.705693126338018146e+02 6.147046743166766873e+02 3.989147159351798422e+00 1.700995420155882130e+02 9.884264384199798315e+02 1.241348711615032016e+03 0.000000000000000000e+00 1.735497956869732183e+00 1.337429188383446444e+03 1.608424725416311389e+02 2.540812711815606306e+01
5.668704862608395842e+02 8.253690205068310206e+02 2.297194915684766841e+02 5.005747306158396555e+02 4.752906455494980698e+00 2.787883688396754489e-01 1.552489294991296674e+03 2.856345561562187108e+00 1.221197656609540445e+03 4.619260840282784670e+02 0.000000000000000000e+00 3.480960043643174799e+02 3.214487143363429595e+02 0.000000000000000000e+00 6.354511045095456439e+02 2.400049445433029405e+02 1.264528145647361271e+03 2.040212533089089106e+02 1.219317026278090907e+03 1.146602156970209762e+03 7.321910332852768306e+02 2.950565300747094888e+00 2.362990041514527295e+00 3.135528629046918425e+00 0.000000000000000000e+00 0.000000000000000000e+00 1.203320542853000006e+03 1.364165246010684562e-01 9.457986721018769458e+02 1.384446564716658941e+03 1.560660049260441662e+00 6.470163266166962330e+02 5.530055045466205002e+02 1.485325789905476768e+03 4.440418461567581403e+02 1.493090134555945497e+03 3.931499755462871235e+02
8.400240175704669809e+01 7.299397149414336354e+02 2.985740562341326836e+02 1.516511376280150980e+00 1.304426640484327436e+03 5.346996634024229706e+02 2.478088211424457086e+02 1.339271630297476804e+03 2.659160409350143972e+00 7.853992411453176601e+02 4.801518883894148075e+02 4.551908023776973664e+02 1.817101675169665498e+02 0.000000000000000000e+00 5.368116367513288196e+02 1.643765141376042749e+01 2.314372356509265316e+00 8.808700968496739847e+01 9.037634588262332613e+01 6.055660454144327787e+02 2.014852011772676832e+01 1.438643477886593658e+01 3.558256907909234457e+01 1.318952095299475104e+03 1.112404960362554220e+03 3.521325792119782960e+01 4.323019136028104299e+02 2.653401097108596535e-02 1.621526575994875202e+03 1.864764377995716586e+03 7.835979882727014001e+02 2.777121328409159062e+01 0.000000000000000000e+00 2.274242463209808385e+00 1.167295342904991173e+02 1.206963390295189583e+03 2.663493996993864243e+02
2.700109198992548727e+02 4.952546403496067740e+01 5.762265496229422297e+02 5.587245359897796959e+01 2.726466803545826600e+00 2.634881970487335252e+02 1.554826541966097295e+02 1.654254447372893253e+02 1.868956678742633160e-01 1.317158784999875252e+03 0.000000000000000000e+00 7.162954620181428709e+02 4.100557282115279918e+02 7.020247096947673349e+00 1.169860417717614610e+03 3.089226810417090796e+00 1.434284720476840391e+02 6.415309120279040656e+01 6.014387733085103491e+02 3.805300587747254326e+02 9.085424610495248317e+02 9.597390821361415192e+02 1.178225653187979276e+02 2.760551285537058905e-02 2.787158978022686142e+02 1.007208359669615106e+03 1.427418799682940165e+00 5.471751813013844412e+02 0.000000000000000000e+00 4.075183905727556635e+02 4.607428843108589689e+01 5.137129776285232197e+01 1.423252251579762060e+03 6.377188141304804958e+02 9.282075992286769406e+02 0.000000000000000000e+00 2.904144378458757387e+02
1.052734278076086696e+02 2.191725508816216106e+01 4.277691337629364909e+01 6.640285418822732026e+02 1.734469458204748662e+02 9.660181577648614848e+01 0.000000000000000000e+00 1.381791813187173602e+03 1.109913184619627557e+01 1.141555505120110183e+03 0.000000000000000000e+00 1.623324490035115332e+03 4.542384195125590054e+02 4.446146908616133260e+02 1.722126595886876999e+02 1.330208869997851906e+01 1.403449536275992614e+03 4.066238460711749667e+02 2.399699474723748835e+02 5.147021907227018289e+01 0.000000000000000000e+00 4.716019143044779298e+02 4.208557306238874673e+01 5.883148105662216949e+02 1.600403731548609585e+02 3.071296899777354383e+01 3.944716364466362535e+01 1.103057722611913050e+03 4.777522756638180113e+02 8.828618208876817164e+01 1.916843581171440576e+02 0.000000000000000000e+00 4.987372411500491012e+02 8.840384201786929452e+02 4.806777896648222281e+02 8.731128050548317105e+02 1.110122296114257097e+03
5.087217129837542728e+01 2.302136089317163226e+01 6.961288857008042896e+02 0.000000000000000000e+00 8.607347526948641581e-02 2.399078749110814499e+02 5.909631659939342807e-01 1.396075183019291899e+03 1.611300186124504989e+03 2.113006766929304697e-02 1.473307886421116564e+02 1.079826207619790011e+03 7.802929285930348513e+00 1.003246661629190498e+03 9.876199501800444125e+01 3.065830074810019568e+00 2.080166761894308252e+02 5.371971154452076513e-02 0.000000000000000000e+00 1.184694830399730563e+03 1.487216524270752738e-01 6.545011606818826522e+02 3.823661091115504291e+02 3.832892714716694513e+02 3.625424237451886711e+01 1.511881581952911574e+03 2.686876085199726276e+02 4.462040584236938656e+01 1.534644429392304119e+03 9.482167965553852582e+02 2.076561705295027205e-01 0.000000000000000000e+00 7.320538506335468583e+02 2.895680543505108631e+02 1.495036340408682008e+03 2.557357895806133286e+01 7.927700543063999703e+02
1.153255811432976088e+03 2.031725431490207825e+02 4.771179847448372584e+02 6.214592720302730555e+01 1.032153219326076396e+03 8.162807969035759470e+02 8.857790204337594560e+02 1.350160773703860741e+03 1.369321696768774927e+03 6.233892149290991280e-02 2.207701639373106843e+02 1.210772317505203688e+02 7.443692918934350473e+02 6.057298339695366849e+02 9.814597285593512197e+02 1.056457368358309452e+02 4.991970333847899042e+02 3.755631008880667423e+02 3.512041474848090843e+02 1.903724026271531784e+02 1.430111098660376001e+03 1.342236659254375354e+03 2.272702246783640874e+02 5.462584231567799709e-01 9.411369170738844332e+02 1.794571544673871813e+03 5.821694219460708837e+02 8.603969806824673014e+02 2.111538747836181784e+01 4.023093478202671186e-06 1.103513301211080716e+03 1.336923294120951766e+02 8.843570073428902560e+02 1.086681536111952227e+02 6.557294989110670258e+02 2.827554110786298338e+02 3.070178049910318236e+02
2.439516886210690245e+02 4.839401045642499071e+02 0.000000000000000000e+00 1.460075943195607451e+01 8.131551886678904495e+00 0.000000000000000000e+00 1.665164896636258845e+03 9.617823026427225841e+02 1.514977553717757473e+03 4.780337496296392032e+02 8.413239273793128303e-01 8.588812732130798877e-02 2.466722444277430704e+00 4.915919112115367806e-01 1.980522826430534788e+00 9.144922942823862755e+00 1.952402930413615456e+00 0.000000000000000000e+00 1.137295123457391455e+01 1.498091170232761371e+01 1.668961138780833053e+01 1.998039072071041700e-01 0.000000000000000000e+00 0.000000000000000000e+00 0.000000000000000000e+00 4.145998013810789189e+02 1.206209604802822014e+03 2.150517558216274594e+01 0.000000000000000000e+00 5.965685913595879128e+02 9.075812014143474471e+01 1.772291830911268917e+01 4.409387321490291924e+02 1.023665827765294634e-01 6.854666313096093972e+02 1.133917942138524950e+03 5.569224480640966135e+01
8.709960011430704299e+02 0.000000000000000000e+00 1.290249378304741640e+03 1.350816900496713515e+03 2.650099188681472810e+02 7.200500065063462216e+02 1.641688109639025299e+02 2.547215180287945486e+02 5.393019444032884913e+00 2.630683538233351104e+00 9.095383721157758146e+02 1.021386191273567761e+03 6.705930737020622701e+02 2.957774152710638873e+02 7.552158904291324006e+02 7.361133067676765904e+02 9.614081047306551397e+01 1.297078100414854134e+03 4.723673560776061322e+02 1.964475329961337309e+02 1.070956553120622402e+03 4.084526345487718686e+02 1.660094703894990516e+03 1.366950709580366241e-01 1.525391468976301212e+03 5.401255964030551695e+02 5.024699929779501417e+01 2.270740545965858281e+00 1.708289994307945703e+00 2.896484180957983767e+02 3.481489780854189320e+01 5.002048113353387748e+02 6.271197737392195215e+00 7.523938868269274849e+01 8.873128376945350615e-01 2.646369947443959632e+02 9.608749382758730917e+02
