output/example_1/lateral_incision_000269.asc
nrows	75
cellsize	13.33333333
xllcorner	0
ncols	75
yllcorner	0
NODATA_value	-9999
[rows 34 to 50 of 75, columns 37 to 73 of 75]
1.148903508332736401e+01 1.938816427321783067e+02 1.444923103319165648e+03 4.706345025840875564e+02 2.692416990635802563e+02 3.998722012068115532e+02 1.501272885717131203e+03 7.108661607379033285e+02 6.305756289550665628e+01 1.517932171082871946e+03 1.266029115666971848e+03 6.750982112920136160e+02 2.497282686308480777e+02 7.828123227691920647e+02 1.411592184547663919e+03 5.524355155329379841e+02 1.416610751828757486e+02 9.485976372643814614e+01 1.586863147383277521e+02 2.896894144510953879e+02 2.798107828179170724e+02 8.709278360241938799e+01 4.227068269383159049e-01 1.539820923883419823e+02 1.532581551138913767e+02 6.899403114519944147e-01 2.117071914791982534e-01 8.474219325991299456e+02 3.714647356479626694e+01 1.110048755790885252e+03 5.044240766949245085e+02 5.451999100202588977e+01 1.618319465899989211e+02 9.421173837021115105e+01 1.665514083427494825e+03 3.135622766644057720e+02 6.950681079768473865e+02
1.258389066163439793e+03 1.361524365333032165e+03 4.993244003738159620e+01 3.433254273135908363e+00 7.411490267617926975e+02 1.719598253579717095e+02 5.830075422527446563e+02 6.625183902690914692e+02 1.237727996447595680e-01 3.177324743009569943e+02 1.823771942930429191e+02 5.270144794733688798e+00 3.342220416432247703e+02 5.357030451668223350e+02 8.192941087053151605e+00 6.418243117158674522e+02 7.415459866033563685e+02 4.729279503664703270e+02 1.058665179694939525e+03 6.939058938889410229e+02 1.087166954631542012e+03 1.099236594941563681e+03 1.585978259419344738e+02 8.059042007548903257e+02 5.229319176041252604e+02 2.759160059882301964e-06 9.528674295695822138e+02 1.223505386877403538e+02 3.892662360009303768e+00 3.834672684321571978e+01 1.037543220597535587e+01 1.143348380982595472e+03 1.334121636315483556e+03 6.942723097016779548e+02 0.000000000000000000e+00 1.392488294109537946e+03 0.000000000000000000e+00
8.438077449585514387e+02 1.935132330862673598e+03 6.708054472554722452e+02 4.407855806739595650e+00 8.526595952011367672e+02 0.000000000000000000e+00 9.871830488657394653e+02 1.106313463038726574e+01 8.683954206292856952e+02 1.932935641539395704e+02 2.295847524917854514e+02 9.133789128587367259e+02 2.168219149197369404e+02 1.666827379897478636e+02 0.000000000000000000e+00 1.195354185485484777e+03 1.853534947706156117e+02 1.486842843691631444e+01 1.203660796864162608e+00 1.965859906357883915e+02 0.000000000000000000e+00 1.475625477168845919e+03 1.143622311496988459e+03 0.000000000000000000e+00 2.615787547210530875e+02 8.642997730884128487e+02 0.000000000000000000e+00 1.471908382271653636e+03 3.018998377524338750e+01 7.623259187192675199e+02 1.254355718104697416e+03 5.979083041593801795e+01 3.229232388399003071e+02 1.138232479791056221e+03 1.246248006966575161e+02 1.282978609214213066e+03 5.944803043052889961e+02
9.236646674465527340e+00 1.262968259350008566e+03 5.323552274306786103e+02 1.297557324001526702e+01 6.622781687952771108e+02 5.865075524046152395e+02 2.762135752301634284e+02 3.817790022108548120e-01 6.095544520367558334e+02 5.831809080687112328e+02 4.150950836417811729e+02 1.921958729529458765e+01 2.699368127779723281e+01 3.339396902585626776e+02 6.994853977289723161e+02 5.164957286672264445e+02 8.447119073421430357e+01 9.584215794757186586e+02 5.005997481552144563e+02 1.324539402791137199e+01 3.647290716130230948e+01 1.437071958230571100e+00 3.176788868151628620e+01 0.000000000000000000e+00 1.380987465513899224e+03 1.611463660438320858e+03 1.031825258532635644e+03 2.856055247544435929e+02 1.525081211724981012e+00 6.824048207754429995e+01 1.078216612181017581e+03 7.511230362028539957e+02 2.178009059686198157e+01 3.386432886011475034e+02 5.844362977935315939e+02 4.303140633682836835e+01 5.429897628738334561e+02
1.241189279690754347e+03 1.138138706007515992e+02 5.963033100409301142e+02 3.111937736952680780e+02 1.921868286904734305e+03 1.502243695906211997e+03 2.328213578329360800e+01 6.581288318224195564e+02 7.652257994230692306e-01 9.479424887452295723e-01 1.018999374872925898e+02 2.660138099329418537e+01 1.002197652965404700e+03 7.581072542274157513e+02 3.005395315070654192e+02 5.889881401597463082e+02 3.819551341391421033e+02 2.002516883472543157e+02 5.154759914635815221e+02 1.048151787949551874e+02 5.061842019386149900e+02 3.079904245155973399e+02 1.108571636694162407e+03 1.198022901569175019e+03 0.000000000000000000e+00 1.453301602456059072e+03 8.475916688568275958e+02 9.950590511018198470e+00 6.159400663331413739e+01 2.197115910979663909e+02 8.793073378085191072e-01 8.479575568979498712e+02 4.631408358930772806e+02 1.105378228680036727e+03 1.084372929503609612e+03 1.259292519813789795e+03 3.743092760352283221e+01
1.762018856667522414e+03 4.789546501836278480e+02 1.890198099352936145e+00 2.383250501209262211e+02 8.648906330553861608e+02 1.744919471518976417e-01 9.570736986307052803e+02 3.424995221228493278e+02 1.110495051520032575e+03 2.374314741582474539e+02 6.649793270442920630e+02 2.937322105314600549e+02 1.465324212185966424e+01 3.688771750710177599e+01 6.846615425009797207e+01 3.305983084157139729e+01 1.261810796615886829e+03 2.202552435719926649e+01 6.996014182066207177e+00 1.544013291939472765e+02 9.607996364798728450e+01 5.829442516173519380e+02 2.213078303127099300e+00 9.707190984347295171e+02 2.098475501500541895e+01 5.626842676061180555e+02 2.164565708948840239e+01 2.792326338095158462e+02 3.252532135775027200e+02 1.024307439232376510e+03 4.295254693577735452e+02 1.371272658635174082e+02 9.086488701283730052e+01 9.700642030359645673e+01 2.169048359055533126e+02 3.716179031445104641e+00 1.862282635041153753e+02
0.000000000000000000e+00 9.322580966891642902e+02 1.455947896664694554e+03 4.179184268548652881e+01 9.323431052992653179e+00 1.191437281592436875e+03 0.000000000000000000e+00 1.379602413786888974e+03 3.233371121769898195e+02 1.836446034018247531e+02 7.470840042158569361e+01 7.091290583894526662e+02 1.032845852798220903e+03 3.304019782375133332e+02 7.759189621754757127e+01 1.159556259917301759e+03 2.635216677432413235e+02 9.213410628894581578e+02 6.335047333090598158e+02 1.357664502681598606e+03 0.000000000000000000e+00 2.618963893560001477e+00 1.776723732220586953e+02 3.511260790761901376e+02 1.311304094122202741e+03 4.054553042238872029e-01 4.871388980241658828e+02 1.260239806905095747e+03 1.882905053483498250e+02 8.499550651956276397e+02 9.961805293095158049e+02 2.484022060152506128e+02 2.898579310467192727e+02 1.760430020321099676e+02 2.599844559181672139e+02 6.323506772863439664e+02 5.197729576949959851e-01
2.846589552424111957e+02 7.032665657357681539e+02 1.422524750524866931e+03 8.396323820628049717e+00 2.048158078321187148e+01 6.017532819345752841e+02 5.059644114388165121e+02 4.811288330891382543e+02 7.589374424280700282e+01 1.213068225388776000e+03 1.218350145755724014e+02 1.551557577106234431e+00 0.000000000000000000e+00 1.548816828263026366e+02 9.356415632912840863e+01 0.000000000000000000e+00 3.125278597554996622e+02 1.333448278007580257e+02 6.731595833317072675e+02 3.967289564732677150e+02 3.484567727140567950e+00 4.237492613093577631e+01 8.062743348994600012e+01 1.486012171042995533e+03 0.000000000000000000e+00 0.000000000000000000e+00 1.047988283062674327e+03 2.168079409472741048e+01 2.833755139530539964e+02 3.273590415779854084e+02 0.000000000000000000e+00 0.000000000000000000e+00 1.985664821622469276e+02 3.421406950075127611e+02 9.854439285124106718e+00 5.537892264220780589e+02 3.726288512462468394e-01
1.921466298550067791e+02 1.322244591453776081e+02 2.163843029763043901e+01 1.140953695953582958e+01 1.142985054647236666e+03 2.477407395662183098e-01 1.940626320841506924e+02 2.742617060955901707e+02 5.505087955269315714e+00 6.351569209496261692e+02 8.121133540642972548e+00 2.840685599405877948e+00 7.100603075482359827e+01 1.758144188292153798e+00 7.003315623612035097e+02 1.031348673113845734e+03 3.103333302860114529e+01 7.143179984942893270e+02 3.469364992098975335e+02 1.639654118901243862e+02 7.060407499506237805e+00 8.154122392383198985e+02 1.295790552128722993e+03 1.391043256296807613e+03 1.800698756993541094e+00 4.760684118826333133e+01 5.052466249660738526e+02 8.935003357145882319e+02 2.551454319046998709e+00 9.775992830881094164e+01 2.486221521822631644e+02 5.992728691182003331e+02 2.425823824600801402e+02 8.188973872558344738e+02 1.801137532653207813e+02 2.603449571567287890e+01 5.409490894959242269e+02
7.805976226616494387e+02 2.533516074243628111e+02 5.368696145814461715e+02 4.595617486197318158e+01 1.575909874689354240e+02 0.000000000000000000e+00 2.787322294723824143e+02 1.005527007717084985e+03 0.000000000000000000e+00 0.000000000000000000e+00 5.800623529539739138e+02 2.512817193821777835e+02 1.192515949553797583e+02 5.641687675601121832e+00 0.000000000000000000e+00 3.040610259941849449e+02 1.642138451903251962e+03 1.420589263897245758e+02 4.928755481305980766e+02 6.718298336961142923e+02 0.000000000000000000e+00 1.220906094891426648e+02 1.136340349782671382e+02 2.180980271074770549e-01 1.348897325890891352e+03 4.695848108531693583e+02 6.011580324850542212e+01 8.013359933389443412e-01 1.381212540363226708e+03 4.797489438101000019e+02 8.037631768182617407e+02 5.948642033848118444e+02 6.963069195515071215e+02 2.105674707214297996e+02 6.152632007929989868e+02 3.311108540507303246e+02 6.928635109085568047e+02
0.000000000000000000e+00 2.398051559555856116e+01 1.168583447170947011e+03 1.772810116580294704e+01 5.488166148489601710e+02 7.412922468224145689e+01 5.393391539034391826e+02 2.821358869738170938e+02 6.707921604599999910e+02 1.928029082866657404e+02 6.177793851818325948e+02 9.120739445225378006e+01 1.031673632637825222e+03 5.168079260926085681e+02 0.000000000000000000e+00 0.000000000000000000e+00 1.336639044284907030e+01 5.862113588697670821e+02 6.181914461121724571e+02 2.201158898040897895e+02 1.443727107430999695e+03 0.000000000000000000e+00 3.827708337163948094e-01 1.310791499745261490e+03 2.306705197763842534e+03 1.316281380236561745e+03 5.050289142230053585e+02 5.364806978555858450e+02 2.338088510936233266e+00 1.212439625995598817e+03 0.000000000000000000e+00 1.526725606705854510e+01 5.115967834824434703e+02 6.713128669281614975e+02 3.085856963428443578e+01 3.709760166852806265e+02 8.657687996259733154e+02
1.011268079186117575e+03 4.336375971756279455e+02 3.175611624585848176e+02 3.138563291993504123e+01 1.076503831216720982e+03 1.570983641375875550e+03 2.052578308499161253e+01 1.689392209118648793e+02 9.501414377379863936e+02 7.632884539345445774e+01 3.623762218374694726e+02 1.871768267259071195e+02 0.000000000000000000e+00 7.719324268473961581e+01 1.150573005628072707e+02 6.084443635607800616e+02 1.140155150677813708e+03 3.524545215542350718e+01 7.212748053255253353e+02 1.327306772926851295e+02 1.274511380531038185e+03 4.103295500823364250e+01 0.000000000000000000e+00 6.566120245405277167e+00 3.080730710752664550e+02 6.862474817538046068e+01 0.000000000000000000e+00 1.141732141671037425e+03 1.167554476068189160e+03 3.380067940969928575e+00 6.494710002938347770e+02 1.306491547276808888e+03 5.562293146764972107e+00 4.780957430959816179e+01 4.734009343838890231e+02 1.052146580428908464e+03 3.690949522893690755e+02
8.300587990657645605e+02 8.955736261927830810e+02 1.701339096333114185e+03 1.909004472715180256e+01 6.593947744608387893e+02 2.751701931548570901e+00 2.851470484832614147e+02 5.758856976065914068e+00 7.703848858117680720e+02 2.459346048645513427e+00 9.256628197607630000e+02 9.995594773329814586e+01 8.288888685298221048e+01 2.621076602322311260e+02 1.317438469372977124e+03 1.488425064721842318e+03 9.800275598224134228e+02 1.022534301063686080e+01 0.000000000000000000e+00 0.000000000000000000e+00 0.000000000000000000e+00 2.678840747240878954e+02 3.702301635870042560e+02 2.086690038937839109e+00 0.000000000000000000e+00 3.892326198318432944e+02 7.650263802150334413e+02 2.874001452457789014e+02 1.080540228093473843e+03 6.594367561156582269e+02 3.635960695403612704e+02 6.060630065997702332e+02 1.644659487447158654e+03 4.195777348234321380e+02 4.364806161681387380e+02 8.689947406195699386e+02 3.439504555845797995e+02
5.961633843920765230e+02 3.729529084898588280e+02 1.090021760124625871e+03 3.934942670353879013e+00 3.936108025846036753e+02 2.408001888734134468e+02 9.958123557081412400e+02 1.057286668307169997e+01 8.748581397046554287e+01 1.399038865267183951e+02 2.191939378233567766e+02 5.501598632974317127e+01 4.478965043371038064e+02 9.747055614798605347e+02 0.000000000000000000e+00 1.313980591083755826e+03 8.487047312337060723e-02 1.730156951972048546e+03 4.159450347881277708e+02 0.000000000000000000e+00 8.683636729158288290e+02 1.280006351893479859e+03 5.837947908269018171e+02 2.939953299899153194e+02 2.319901071096004685e-01 1.688129090353039174e+01 0.000000000000000000e+00 3.311518541881325177e+02 3.343203269346450952e+02 5.884201315969806956e+02 1.062862109739200832e+03 1.809356439670089287e+02 4.286071530606736815e+02 1.314696244927448561e+02 6.178487271742651501e+02 9.080892010251601221e+01 5.479733633903553027e+02
1.659824477288198041e+00 1.209791320944538484e+03 9.970544240142826311e+02 0.000000000000000000e+00 1.670894496988971241e+03 1.657193234162494422e+00 1.079883482407645488e+03 4.951949309313877023e+01 8.550647725439298483e+02 8.816011105914958534e+01 2.931554443584666547e+00 7.706560532126322869e+02 7.682726919308119022e+02 6.181108995832101982e+02 1.039214003493763357e+03 9.805527805238233086e+00 1.676690167149339231e+03 1.244472096009332517e+03 9.176690549813770303e+02 2.955924504069863019e+02 0.000000000000000000e+00 4.851221905874379736e+00 2.252374575254193019e+02 3.978347345057033522e+02 6.098652654734840439e+01 7.415016561903986503e-01 2.166499689721085815e+02 0.000000000000000000e+00 9.596908221478412315e+02 8.657929033225508419e+02 9.144257890685406664e+02 0.000000000000000000e+00 1.229026825025752174e+02 1.171412950666041979e+03 4.952510423307036262e+02 3.873017453247955899e+01 3.070178049910318236e+02
4.582018118956555668e+02 0.000000000000000000e+00 6.742622107302723862e+02 8.133338026227708850e-01 6.189894212649794554e+02 9.927620376604409103e-01 8.151207861694164194e+02 3.085705233028195593e+01 7.879885408803245355e+02 6.319305477827700912e+01 9.383635315212713124e+01 6.275840514898509692e-01 9.135712934417776978e+02 4.844912240112068389e+02 1.369770163424152365e+01 1.478297384076569642e+03 0.000000000000000000e+00 3.907548437942261330e+02 7.585181058631750375e+02 0.000000000000000000e+00 4.656311879422432867e+02 1.189863782700141655e+03 2.269696578465343340e-01 1.515893650881872645e+03 6.602499919956518397e+02 1.211240902752267630e+03 0.000000000000000000e+00 7.198020772472405042e+02 2.565087818600437686e+02 0.000000000000000000e+00 8.057319181148380949e+01 3.725980924857813292e+00 6.386198292568856516e-02 5.360894342510588331e+02 3.253876434610507573e+01 3.547829106006705047e+02 5.569224480640966135e+01
8.891878769187208036e+02 4.111989184895252161e-05 8.727659618416734020e+02 2.904187603276370666e+01 2.689393064133787448e+02 6.888492356521545616e+02 5.087489962799518253e+02 3.132140580324102643e+02 3.606710685791662740e+02 8.532183807853646158e+02 1.970997021263601212e+01 3.150259778845662026e+02 6.018201646077500300e+02 2.473215719936395018e+01 1.795594840196801840e+02 1.925630391292530135e+02 4.196116203165659044e+02 4.406926125568782595e+02 0.000000000000000000e+00 1.032391660648184597e+03 1.169851801392329207e+03 0.000000000000000000e+00 0.000000000000000000e+00 6.962472243499648528e+01 7.175125586387875956e+02 9.308282369674850543e+02 2.604084988604150226e+02 3.052035713889950443e+02 0.000000000000000000e+00 7.162199236147240811e+01 6.992701870182602875e+01 3.639250367910988757e+02 5.450492105387679942e+01 5.578317709577336245e+02 7.219232124478212427e+02 6.153200942772796225e+02 5.093594396546845928e+02
