output/example_1/lateral_incision_000425.asc
nrows	75
cellsize	13.33333333
xllcorner	0
ncols	75
yllcorner	0
NODATA_value	-9999
[rows 34 to 50 of 75, columns 37 to 73 of 75]
1.136810119823979193e+02 1.388186784672010845e+03 2.750921893416390418e+01 5.543695899042729707e+02 3.224592991008910303e+02 0.000000000000000000e+00 1.092582666588333268e+03 6.029506472650902538e+01 1.042368129984594134e+03 2.448094583670130078e+02 1.336899367220979116e+02 0.000000000000000000e+00 3.773656727177947801e+01 2.478907846000896242e+01 2.609975027625643520e+02 4.566415368502288352e+00 8.499812409218429821e+01 3.274159824402116925e+01 2.028549219318726671e+01 7.151747178756346557e+02 3.107654257992549560e+02 1.500446449167755532e+02 7.122004969415382902e+02 3.046696664109722974e+01 3.809817706420788852e+01 8.289714959201776310e+02 4.141362480263130474e-01 9.424542596226794661e-03 1.076621924485429872e+03 2.990442654150776036e+01 1.097407306091600276e+03 3.068012772061036344e+02 3.777234719548432622e+02 3.281549005914647523e+02 6.548013833689482226e+02 2.097369699039511204e+02 2.485773110896889193e+02
1.438508041763693655e+02 9.382695672181480404e+02 1.810779231071463471e+02 4.082849604225646658e+02 1.444352563853822424e+01 6.780724359044020266e-01 8.003722136244333569e+02 1.543904101305402037e+03 9.044585934617266787e+00 1.234504226173764891e+03 4.583488910818368822e+02 1.139043170632356123e+03 7.274395740676540072e+02 2.215446801281544253e+01 1.088760479813147555e+02 6.456109682561824457e+02 1.548713907126367076e+03 3.927977001918507085e+02 1.135621135004605321e+03 6.939058938889410229e+02 1.779351119693929490e+02 9.399007089504322039e+02 8.620075990138591493e+00 6.000242758721714154e+02 1.973049771144445117e+02 1.088436523689033493e+03 6.395670515622429093e+02 1.583628779469324400e+03 3.726275383057701873e+01 7.631882582434585061e+00 2.685962828509275369e+01 2.074951476537832562e+01 1.338627272705586790e+02 1.400488599638867129e+02 3.867195203120791547e+01 1.019871239197124964e+03 1.249416121702756328e+02
9.252026779941344330e+02 1.285039565473750827e+02 6.673326495698679537e+02 1.510641470268926014e+03 4.676336127306210528e+02 5.851110861976500246e+02 3.837897170179611521e+02 1.103782765106016086e+03 1.043167705736363047e+02 1.223991646361099129e+03 6.028189157790116326e+01 9.221350949470649994e+02 1.045531770848308339e-01 1.047687130577056450e+03 6.261742572512906690e+01 2.654056417309731160e+02 7.319655270937702198e+02 8.310980489978579726e+02 1.311840209630295249e+02 2.019115303532123562e+02 2.256303618295591562e+00 0.000000000000000000e+00 1.006802401407507261e+02 1.655855536454695809e+01 3.366570815460365651e+01 2.437113614955372043e+01 1.044414537260403222e+03 1.525909082551520214e+03 5.706160739592316133e+01 1.360427457730102985e+00 1.495625917303094184e+03 1.308681654494657778e+03 2.075529346861968349e+02 1.037843009316741103e+02 2.288777274892584046e+02 5.125317790460105982e+01 1.092352676415566975e+03
5.896997814169862977e+02 9.529024126433175752e+02 1.032395392423890144e+02 1.361054247810767720e+03 1.655895241860253364e+01 5.172509891835268547e-01 6.947648632585443806e+01 1.053075096332568819e+03 5.709250773579245788e+02 2.130113046315215364e+00 8.568079389236490329e+01 1.393796115867804941e+00 4.201244630886923233e+02 5.193491073799465312e+02 6.780597912285678603e+02 1.194618948949378137e+02 1.150146461810120968e+02 1.324722925412437178e+02 6.480092079675374634e+02 3.145045023759864122e+01 8.367597238611811008e+02 6.176066961689379013e+02 9.359336169306798183e+02 1.392735332690264158e+03 9.770535353822363049e+02 6.337918712376277881e+02 0.000000000000000000e+00 4.091588770669443988e+02 7.898581330265739098e+02 4.991508174642265705e-01 1.050916824396620314e+03 8.921077701756544229e+02 0.000000000000000000e+00 5.932997149321881807e+02 5.677005533300086881e+02 9.740478444497082364e+02 2.774462676287116665e+02
1.132384957423289961e+03 7.825122023480519147e+02 0.000000000000000000e+00 2.401926310235884543e+01 1.396735132002264436e+03 0.000000000000000000e+00 8.009330691624620613e+01 4.589202113729444932e+01 1.141912654116396197e+03 7.726590391090923049e+02 0.000000000000000000e+00 3.188745273451718276e+02 1.385119821839622318e+03 4.347291931450541491e-01 1.955790077679930619e+02 5.049336856103754201e+01 3.265282383042169272e+02 8.191610690572856583e+02 4.804856070404549087e+02 2.131034914608888897e+01 6.087027952900035643e+01 2.768093511149817054e+00 1.393012060543157986e+03 3.264211637128195207e+02 1.155813617455025906e+03 1.220307513691119539e+03 1.419901293152321387e+03 3.129865198871990515e+02 5.818215748120121589e+02 1.163158417414435375e+00 1.931753910408538104e+02 1.267320300591351270e+02 6.203379167472820477e+00 2.864823444241607064e-01 3.296820234230116284e+02 1.084139674020211004e+02 3.894808202701749877e+01
1.691119129241903352e+02 0.000000000000000000e+00 9.122121331917131259e-01 1.336330082489452025e+03 7.612994278373322743e+01 5.710158440536182525e+02 1.224541703997468176e+03 7.239758200365375842e+02 2.358732574262214996e+02 5.479769499009834135e+02 7.582542702296191095e+00 1.695559359609184546e-05 1.322480575537430468e+03 3.765843111185640879e+01 1.286754578887266298e+00 1.369414375413318952e-01 1.229126532452447549e+02 6.451648311830703051e+02 7.998936277226046059e+02 1.485879024043346064e+01 1.212070391436494447e+03 1.349958439301782107e+02 2.728627557823710603e+01 5.470249495154233443e+01 1.084477352415982097e+02 5.961860969029796706e+02 1.186242802087329892e+03 3.229765036138054484e+02 8.609219832744577708e-03 1.569417801297295455e+03 5.006045135234006693e+02 1.749577317012189894e+02 0.000000000000000000e+00 1.283120608895609394e+02 2.169048359055533126e+02 6.601478446213337747e+01 1.862282635041153753e+02
9.076556490527035521e+02 2.591301999667927589e+02 7.414169749508366749e+02 0.000000000000000000e+00 1.474975590713183919e+03 4.918135943916280617e+00 7.043273670956458545e+02 1.112319108554512013e+03 1.470821167175648725e+02 5.972931394069450839e+00 1.652363130244786817e+03 1.608809121614067976e+02 2.219266111416451537e+01 5.240772677108524249e+02 6.694345401920018901e+01 3.987672543728357777e+00 8.096483611338314859e+02 2.602704831924866902e+00 1.652815902545306699e+02 1.514972118078267840e+03 5.349796635234121140e+02 1.166921974117120044e+03 2.275303575497010513e+02 1.500119290760077604e+02 2.011294635970047580e+02 1.323868741365300927e+01 1.355805574008821168e+03 5.092426509630639657e+02 2.844245203024430779e+01 1.261527645728496736e+03 1.235423975177189277e+03 0.000000000000000000e+00 4.474902499715287831e+02 1.325941338292479486e+03 2.606050235151016636e+02 1.308384035128840992e+02 2.493055292488748798e+00
4.316608552292202603e+02 2.127460569563471893e+02 0.000000000000000000e+00 4.228186892677388187e+02 1.487531045491271243e+03 1.095166973616508812e+03 1.315482142459938864e+01 1.114897493822678598e+03 9.599501747684586306e+00 1.342343418820676106e+03 2.358732574262214996e+02 1.015396022575584539e+03 8.997300626270890689e+01 1.560069028558044408e+02 1.399238827579623479e+00 0.000000000000000000e+00 4.677711739735434548e+02 0.000000000000000000e+00 5.744532058237147112e+02 1.026698683781909040e+03 1.798954729553026652e+02 4.687252216384945882e+02 8.579471524452264575e-01 5.611075823153733211e+00 8.994774042199697988e+02 9.049056032359693802e+01 3.440783114248941388e+01 2.890801938286589916e+02 2.257163708910288946e+01 1.205360483679083245e+03 0.000000000000000000e+00 1.983513078172330495e+02 1.985688387003298772e+02 3.442618086588805681e+02 9.798486659790441422e+01 3.646241607144399044e+00 5.170667736129881860e+02
1.675358330929767305e+02 1.436157105351392147e+02 7.886429742233991291e+00 1.662314127938106765e+02 4.736814729300580495e+01 6.472702141394370301e+02 1.010895230196695593e+03 1.892129205462559582e+00 1.155260081022341637e+03 9.284122860441441389e+02 5.763938760014898435e+02 9.425580818715304758e+02 4.222421514255656803e+02 1.957817347945810527e+00 4.423626473795101219e+02 2.840877312690506074e+02 1.323388067071306295e+03 8.237443135169502284e+02 1.122233172186061667e+00 1.094218507817312087e+02 6.633213608702250212e+02 4.744603507664782569e+02 0.000000000000000000e+00 1.593953770794842342e+02 1.873262914226924067e+02 6.532598005747105390e+02 1.666445639950654140e+03 1.141049896819768264e+03 4.741501358161500690e+01 1.951074982582899793e+02 8.670450736729814025e+02 1.294853006723410090e+03 0.000000000000000000e+00 1.368003317764032829e+02 8.740741623755402534e-01 2.901482178606693765e+02 2.540812892677815427e+01
7.776350509375087086e+02 8.253690205068310206e+02 2.297194915684766841e+02 5.005747306158396555e+02 4.752906455494980698e+00 2.787883688396754489e-01 3.872642858419238792e+02 1.176175523561243175e+01 2.918877431897434462e+02 4.850324068695995834e+02 0.000000000000000000e+00 3.480960043643174799e+02 3.214487143363429595e+02 0.000000000000000000e+00 6.354511045095456439e+02 8.144021846616612947e+02 1.567172548915402558e+03 2.040212533089089106e+02 1.446961017782810131e+03 1.530863762754553136e+03 7.321910332852768306e+02 1.273409412248448831e+02 9.273327654825562760e+00 1.644333516311765777e+02 0.000000000000000000e+00 1.664119415714168326e+03 6.318180867091027721e+02 2.962861389223832020e+00 1.115793317783282419e+03 2.005225021000753145e+02 8.490027733081925589e+02 1.703688015551189437e+03 6.930307328903965072e+02 4.281999813087668372e+01 2.321705318531642774e+02 2.238624870324473761e+02 3.933398103762115170e+02
2.191817673384967122e+02 7.299397149414336354e+02 2.985740562341326836e+02 1.516511376280150980e+00 1.304480711614647134e+03 5.673231028246405003e+02 7.803271306244126890e+02 5.011520243744724468e+01 1.588665391590982949e+02 1.119401001094661979e+03 4.801518883894148075e+02 4.551908023776973664e+02 1.817101675169665498e+02 0.000000000000000000e+00 5.998323572469631699e+02 3.596796015797395967e+02 2.314372356509265316e+00 4.103970982414752484e+02 6.063942423176321199e+02 6.055660454144327787e+02 2.014852011772676832e+01 1.077504370508112572e+02 3.558256907909234457e+01 1.545376842644074941e+03 1.204630272836981476e+03 0.000000000000000000e+00 1.498203590143874386e+01 1.129864834943165306e+03 2.041637613156566204e+03 1.276434577280234635e+03 0.000000000000000000e+00 2.894723940552911756e+01 0.000000000000000000e+00 1.620845774812482603e+02 0.000000000000000000e+00 1.596137615670082369e+03 7.031983536549277005e+02
2.938880910772910511e+02 4.952546403496067740e+01 5.762265496229422297e+02 5.587245359897796959e+01 2.726466803545826600e+00 3.709054627959096138e+02 3.093020278414294353e+02 4.379102806254486069e+01 4.460784126178086808e+02 1.764852153891434572e+00 1.414538228868030600e+00 7.162954620181428709e+02 4.147027586557044287e+02 2.556500557760648462e+01 2.187613252778700712e+02 3.946071334300709310e+01 1.044588327963151642e+03 6.415309120279040656e+01 6.014387733085103491e+02 3.805300587747254326e+02 9.085424610495248317e+02 1.035176210032919471e+03 3.532372025352433411e+02 1.820015983159400150e+02 7.731632969069148658e+02 0.000000000000000000e+00 0.000000000000000000e+00 1.192389305828661605e+02 5.674574221446015798e+01 1.030287127917208181e+03 1.349309991591515256e+02 9.350863368750344762e+02 0.000000000000000000e+00 1.242672770215119726e+03 1.330509835255302733e+03 0.000000000000000000e+00 2.904144378458757387e+02
1.346653014540992501e+02 2.191725508816216106e+01 4.277691337629364909e+01 6.640285418822732026e+02 1.757364567512966005e+02 1.309174894824786008e+02 1.820697059753136955e+02 4.835282714353451183e+01 1.645069258779539325e+02 1.151511504702731372e+03 7.728909199430792576e+00 0.000000000000000000e+00 4.542384195125590054e+02 5.052256933257661444e+02 7.986467429845105244e+02 7.882901479515162180e+01 4.695028077594010938e+02 4.066238460711749667e+02 2.399699474723748835e+02 5.147021907227018289e+01 0.000000000000000000e+00 4.942364090682577284e+02 3.309946929141353849e+02 2.920440742145018476e+02 6.560793061108289859e-01 1.502101649254302629e+03 0.000000000000000000e+00 1.269226043296200487e+03 1.263420666189906394e-01 1.640363479293940827e+02 1.916843581171440576e+02 8.011511199027522423e+01 0.000000000000000000e+00 9.825407741528692895e+02 3.067424167108047186e+02 1.087209109901435113e+03 1.355256628062402115e+03
5.087217129837542728e+01 2.302136089317163226e+01 6.961288857008042896e+02 0.000000000000000000e+00 8.607347526948641581e-02 3.059666425162449741e+02 7.419403176307399690e+02 1.612717280854450763e+01 6.450351082632876398e+01 5.780891387345551635e+01 2.899425107560602441e+02 1.080199993380344722e+03 7.802929285930348513e+00 1.003246661629190498e+03 6.893931961502792092e+02 2.110814576874454929e+01 1.090968248059007692e+03 5.371971154452076513e-02 0.000000000000000000e+00 1.197148239222548455e+03 2.429872852480185088e+02 8.530486904899646561e+02 3.231888527229515695e+00 1.406917728893499198e-01 6.739732220215840925e+02 1.496781597512200506e+02 5.117542715089575722e+02 3.905407071402416932e+02 1.835598812325408558e+00 1.121771298892645973e+03 2.076561705295027205e-01 2.937694348104928466e+00 7.320538506335468583e+02 2.902723572370088050e+02 1.667618388985694310e+03 2.557357895806133286e+01 8.577701771953234129e+02
1.153255811432976088e+03 2.051769887014938547e+02 4.925351840466938711e+02 6.393996316398580149e+01 1.032153219326076396e+03 8.162807969035759470e+02 3.482053661958445190e+01 2.927676431013298330e+00 3.654940677308216550e+02 8.856184904009460297e+02 2.836226386579177188e+02 1.824068084202589368e+00 6.745634341350249485e+01 2.462966133793788117e+02 3.763357632407210644e+02 9.244882963380534875e+02 2.089406747590128361e+02 8.768422693778858275e+02 3.891709328131927350e+02 6.235700446522680522e+02 6.670116973636197599e+02 8.046922937741820547e+00 1.326722392732348681e+03 9.588276428694102833e+02 0.000000000000000000e+00 7.914298943800099551e+02 6.248681910841509080e+02 1.020607061427063968e+03 1.046527435414483733e+02 1.030818069847510685e+02 1.268252134952972028e+03 2.434515421760848710e+02 8.843570073428902560e+02 1.086681536111952227e+02 6.557294989110670258e+02 3.465914353313237370e+02 3.070178049910318236e+02
2.439516886210690245e+02 5.287927568289376268e+02 0.000000000000000000e+00 5.278903950957151636e+01 8.131551886678904495e+00 0.000000000000000000e+00 5.036227100771365173e+01 1.490148262244942714e+02 0.000000000000000000e+00 2.624412851637259791e+02 1.259771480681486310e+03 1.238005408586270278e+03 1.384023859568528451e+03 1.175251700646610997e+00 1.696602820713721815e+00 1.023213357500145726e+01 7.914086505037909447e-01 0.000000000000000000e+00 7.860436964418333894e-02 9.543372454873524369e-01 1.057071299870536230e+01 4.082480133885271130e+02 3.575449519578796753e+02 1.405330187808526034e+03 1.318869843879113660e+03 4.145998013810789189e+02 1.206209604802822014e+03 6.850166942545224913e+01 0.000000000000000000e+00 8.210137273897692012e+02 9.075812014143474471e+01 1.772291830911268917e+01 4.409387321490291924e+02 1.023665827765294634e-01 6.854666313096093972e+02 1.133917942138524950e+03 5.569224480640966135e+01
3.522875707770787699e+02 2.149706641045569810e+01 1.510604614546865605e+03 9.078071152998700200e+01 3.232496581190540610e+02 5.682301715129384201e-01 0.000000000000000000e+00 1.518669531825727859e+02 1.327482199233998244e+03 7.913155050400741963e-01 3.253518443887192575e+02 1.359968651603554122e+02 1.089361787746013777e+00 9.786149664440497986e+01 1.656266105120026282e+02 1.065459485601941878e+03 3.272563568224217079e+02 1.045800370828402038e+03 4.633234481928977857e+02 9.839039021023594387e+02 1.760429686856697913e+02 4.539915367356933906e+00 1.216096668396659652e+03 6.486483051686640238e+02 3.444883418668906643e+02 5.404255710144608429e+02 5.024699929779501417e+01 2.270740545965858281e+00 1.708289994307945703e+00 3.527308514182210502e+02 7.763744788098058791e+01 5.903060069283665143e+02 6.271197737392195215e+00 7.523938868269274849e+01 8.873128376945350615e-01 2.646369947443959632e+02 9.608749382758730917e+02
