output/example_1/lateral_incision_000054.asc
nrows	75
cellsize	13.33333333
xllcorner	0
ncols	75
yllcorner	0
NODATA_value	-9999
[rows 17 to 33 of 75, columns 37 to 73 of 75]
9.897519042184052540e-02 4.120381924881947384e+02 6.805064844332890939e-01 1.517777051200139795e+03 8.322737976514200682e+02 0.000000000000000000e+00 1.271077130982362860e+03 3.181860519012493782e+01 2.672944374068929960e+02 5.736726777383851505e+00 1.011759006216298395e+01 6.130605878906335420e+02 3.076140909151468463e+02 5.704769734246445267e+01 3.098134219460733902e+02 2.605085357114875251e+02 3.544022148260975769e+02 1.002246438535538999e+02 8.869921804084027599e+02 9.255182652582415415e+01 5.406891707803615645e+02 8.013433005563192637e+02 2.304099131569143921e+01 1.338377875757690390e+03 1.458056012832510078e+03 1.953210864941711922e+00 1.003909603506811834e+02 1.141426101375354847e+02 2.489894858860585458e+01 1.211403435104175060e+03 2.827758527194020530e+02 8.838981822314976853e+02 2.104450503340529011e+01 1.218082461455582688e+03 3.101143782775968916e+00 2.997775578942490142e+02 8.541040169961346464e+02
1.286108689739732426e+03 1.461804577996297667e+03 4.943454984594540065e+02 4.198763018468657719e+02 2.156450230028865747e+02 8.624182670034165312e+02 7.863377140112693269e+02 2.905902976281347492e+02 0.000000000000000000e+00 5.890417414200821433e+00 0.000000000000000000e+00 7.459384415294145754e-01 3.255424466251479316e+02 5.412607630629779898e+00 3.597842735433417829e+02 3.109850782005921244e-01 1.203771589613384322e+03 3.815065675477451350e+02 1.009401065418621897e+03 1.459517151499836245e+03 1.408595503733751086e-01 0.000000000000000000e+00 1.358526666756971736e+03 1.478037559791193667e+00 5.253100364262214050e+00 4.220194179897194253e+00 1.081028851139832625e+02 4.526287866201241741e+02 1.096354541468105481e+03 2.423416130648376576e+00 1.121784156804533723e+03 3.132152013082567805e+02 2.772349461659275107e+02 6.095443217160009226e+02 8.365436991734597996e+02 2.888631132284968430e+02 5.591738261068900329e+02
3.295152940842258895e-04 1.657488442000691521e+03 9.861236871637727290e+02 6.985634926984997719e+02 9.879067146187605886e+01 9.369927157705014906e+02 6.071601122956617473e+02 3.551219108747865789e+02 2.647438335274604171e+01 6.278312376445716936e+00 2.173800427460512857e-02 1.160769447790842577e+02 9.137066846255465862e+02 1.187063057395512942e+03 3.544022148258354719e+02 3.861083318948280407e+02 1.503718318449083213e+00 4.517323446226270676e+02 3.862087590449685877e+02 9.990749078719957197e+02 8.705760623635509887e+01 3.205955361322459680e+02 0.000000000000000000e+00 6.597230871880016139e+02 7.712101972372757928e+02 1.449403600767345097e+03 5.330320460007004613e+02 1.073147986403091947e+00 0.000000000000000000e+00 0.000000000000000000e+00 0.000000000000000000e+00 2.969196449626425647e+02 5.921942099718609853e+00 1.020734796423528878e-01 2.815385033419045158e+01 5.686026648072335092e+02 0.000000000000000000e+00
0.000000000000000000e+00 0.000000000000000000e+00 1.866272268905958853e+01 1.174968385293596157e+03 5.339572389297286392e+00 6.280076634450113460e+01 1.456987947890211785e+02 8.660265867738546319e+01 0.000000000000000000e+00 4.051955847627759510e+01 2.076436911599305120e+02 1.104045717594349441e+02 0.000000000000000000e+00 2.008081669892986199e+00 1.065328003082236819e+03 1.100046908072181395e+03 2.409140251896189113e+02 6.043568665535924644e+00 2.086419297093310092e+02 1.509610273633679071e+03 1.371306094271554684e+03 1.084300637495994257e+00 1.599959189193137718e+03 6.611434288292714427e+02 1.014608795017681814e+03 0.000000000000000000e+00 4.639012485683962268e+02 6.423545230765748215e+01 0.000000000000000000e+00 1.198195249656475198e+03 1.345268637994311803e+03 4.306124625272378807e+02 2.854960784557532065e+02 6.566853748400694357e+00 2.556157124711341916e-05 7.130350342907661556e-05 0.000000000000000000e+00
1.135190815079273307e+03 4.157722797498983027e+02 2.330945937723622308e+01 1.994875120347571169e+02 2.370582402428759394e+00 1.709939729473498119e+03 3.038815902756140872e+02 4.082629279052480911e+02 4.481930038576880548e+01 9.485685608459584728e+02 2.010653139710262280e+02 3.746690270982410311e+02 6.658907389548045330e+01 1.494983799839303629e+02 3.586174566524950365e+02 1.336876485990514993e+02 5.768070082699603063e+02 6.785720524613431053e+02 0.000000000000000000e+00 1.454661384476800322e+03 5.745475413253888064e+02 6.154636157529369545e-03 1.885624618861380668e+02 7.280740158856558537e+02 6.452385708175979744e+02 2.175363306818096305e+02 8.681850997488116946e+02 8.549949124724619196e+02 3.596687656421111434e-01 6.727001620909915118e+02 1.002332837479387564e+02 9.358891758537066607e+01 2.502966668462481836e-01 6.153929690712433143e+01 6.812331437104571705e+02 1.371421619991933085e+03 0.000000000000000000e+00
0.000000000000000000e+00 2.048649021714929290e+02 8.999595860285997162e+01 8.291437923958445921e+00 4.374496841955554487e+02 9.102125544966817188e+02 3.392006214685164611e+00 2.103533883263299060e+02 1.043580273374884428e+03 1.354568415047633835e+03 1.880242812589376644e+00 1.145740999888477972e+03 1.639973825540360508e+02 2.473451038509391253e+01 5.612103171328368489e+02 9.026496638779469777e+02 1.573219549662686345e-01 5.608719656156348492e+02 6.231755661626800702e+02 1.491028156014100148e+02 2.828441249452078754e+00 2.976140581232311888e+02 5.685760318558238851e+02 5.034862635122820507e+02 0.000000000000000000e+00 0.000000000000000000e+00 8.598106309962166449e+01 2.976942318114546424e+02 3.740092038906031462e+02 3.454330665390643418e+01 9.583369848744171122e+02 4.810844723932900706e+02 3.283895838277676944e+02 9.104418461195083410e+02 1.291952364892746914e+02 1.229299205159632322e+02 9.916048737145598257e-03
3.328807466016681094e+00 9.704267349868965766e+02 6.486033389887313660e+02 1.022942118865525707e+01 1.216003864366178277e+03 3.903895623687424177e+02 4.509548124052442404e+02 8.874279365777046347e-02 7.684140174092676716e+02 9.583270974431488867e+02 7.176429839874518279e+01 6.165814207264546667e+02 6.041204793066190177e+02 8.395999657998630710e+02 1.282698379278664147e+00 3.960514392912558037e+02 1.156283305687111351e+00 1.797236634990684934e+03 8.487761072382263592e+02 0.000000000000000000e+00 0.000000000000000000e+00 4.392483073602725199e+02 2.283391005263350593e+00 2.049513877836884390e+01 3.078397062978705776e+02 0.000000000000000000e+00 8.999141213962218444e+02 2.739389208370525921e+02 1.902128542790013626e+02 1.107717711714200526e+01 5.420712661875156755e+02 3.050395888976199643e+01 0.000000000000000000e+00 1.823465156207599193e+03 1.626111704816173074e+02 6.372584802193362208e+00 7.270385922333090889e+01
1.989319676260170366e+00 1.060405344205835718e+03 2.745758104255217518e+02 2.943782773498267336e+00 2.419652610919055746e+02 2.231883211060163035e+02 1.576005070745839953e+00 1.111760410133087134e+03 2.800994120499305851e+00 2.775456804308065557e+02 2.893883336803899624e+02 1.235252645897888080e+01 1.615537366069490233e+01 7.545927809116433309e+02 5.913106318673412716e+02 0.000000000000000000e+00 4.432024289895148854e+02 1.712783397608369569e+03 2.196527618942540450e+00 2.316960934898670530e+02 1.999806767057047807e+02 7.809149793675494777e+01 1.252329515679566718e+01 1.068865776073426055e+01 0.000000000000000000e+00 1.867215470483466788e+02 7.534062059141255041e+00 1.518556013397080795e+00 1.439171404024101093e+03 8.150468898221076230e+00 9.252340452259930998e+02 1.079307389700616568e+03 1.399185230542322188e+03 2.631313717224999777e+02 2.090458911380860343e+02 5.301221468179811609e+02 1.151024298199154333e-01
6.285104609217821547e+01 3.580354502168497106e+02 3.465426732379930854e+02 3.078715080253038536e+02 0.000000000000000000e+00 1.499318038290542063e+03 0.000000000000000000e+00 1.212375891869045716e+02 0.000000000000000000e+00 1.131944184121162493e+02 3.808586956335374225e+02 6.429639326923603626e+00 1.026952130340191843e+03 2.834045647866672653e+02 5.595478435365192738e+00 2.838750271400969041e+02 3.486727930690411199e+02 9.344172751915092334e+00 7.297067272367596615e+02 1.225585589299262210e+03 1.760406668889087589e+00 3.771474663465018917e+00 4.532965697845844133e+00 0.000000000000000000e+00 1.583954559958230812e-01 9.188703268882554767e+02 4.422778195696175771e+02 1.465724772737398673e+01 1.455001929217070256e+03 1.760960324510474777e+02 9.781535744574577507e+01 9.955614036574663714e+02 9.729539983693961176e+02 2.397300930017858889e+01 1.492671807800431452e+03 7.615951533307213595e+02 4.512304861986378341e+02
5.646156242606755749e-01 1.677606569731154423e+03 1.535056494095920243e+03 4.692792920188203709e+01 3.542542064896876752e+01 1.400436879138999757e+03 9.256644121843795858e+01 2.853941885253227042e+02 4.392129604620907735e+00 9.306234673244004796e+01 1.002971335857599684e+03 3.517579021310532905e+00 4.704092705735332629e+02 7.079560789666663823e+01 1.210459548667792433e+03 7.679678110381520355e+02 9.454392708906821596e+00 1.667031713922172912e+03 1.933806850993265243e+03 3.112362427918277774e+00 1.089862112530132435e+03 5.597552828975493640e+02 2.163784328827605066e+02 2.133610178279678848e+02 3.651350969812291236e+00 4.547205228515690010e+02 2.436759641401048526e+01 0.000000000000000000e+00 1.257824206404129427e+03 3.582166785046393329e+02 3.896026055027299435e+02 1.777382595830325158e+02 7.577432177840159966e+01 7.564472970647925649e+02 5.641561670275256120e+02 3.396324644903731382e+02 5.319774149483396378e-05
3.264969931713253004e+02 2.351663055506822975e+00 8.393569880973518593e+01 2.936093000917074392e+02 6.962981234123907370e+02 1.185019119383296982e+02 5.283710405265824193e+02 4.234349598512467878e+02 5.706037844234417662e+02 3.651504669880265510e+02 3.863434084433740168e+02 1.527292022147305715e+03 1.037204660936141494e+02 3.347520596971465920e+02 1.144609812908882986e+03 0.000000000000000000e+00 0.000000000000000000e+00 1.235131411060928713e+03 1.755358191448171510e+03 9.201667841100412488e+02 2.877688540384189082e+02 0.000000000000000000e+00 4.474376161422463838e+02 1.022975781139621176e+01 9.654241897365420044e+00 0.000000000000000000e+00 2.141811072189238985e+01 4.247485015778524371e+02 1.214529030921122086e+02 9.531329114279357029e+00 1.336713466374691279e+02 7.635053570162961023e+02 1.706990822041579463e+02 1.134232327589433226e+03 1.582117786694561801e+03 8.118667414214520761e+00 3.642085301021880366e-04
4.615212425700478320e+02 4.270575093784714227e+02 3.426830926842663985e+02 1.680224890491367091e+02 1.490274518945836007e+03 3.693544980564381603e+02 2.023296277763906303e+00 0.000000000000000000e+00 0.000000000000000000e+00 2.012169169816617043e+01 3.172917004668269101e+02 8.085844119419718368e+01 4.966567218084073829e+02 2.594060489339844011e+01 3.450191476227366660e-01 4.596006199763203313e+02 1.291191839056456047e+03 3.483111405169787389e+01 1.199829015588012226e+03 0.000000000000000000e+00 0.000000000000000000e+00 2.562110362452688150e+02 4.372519960932752383e+02 4.382728946425667118e+02 7.641432020747587650e+00 3.199828427621605442e+01 0.000000000000000000e+00 9.292490758766850378e-01 7.973898619170616087e+01 6.812056730240321940e+02 0.000000000000000000e+00 4.123587299098791163e+02 5.771054178585061436e+02 9.957416849926387314e+00 5.226938484943570984e+02 5.515951562290091488e+02 8.091531400555139898e-05
1.054401618459260614e+00 4.870907910953510722e+00 3.618440979536838427e+02 1.100508781743037190e+02 0.000000000000000000e+00 1.141299747695573842e+03 1.324817430463680466e+03 1.011977071630942504e+02 1.112697929890544174e+03 6.747115562330584453e+02 0.000000000000000000e+00 9.483926851584777751e+02 1.278223796315982952e+01 2.691569578960057232e-02 5.951605372589377652e+01 6.488192944784652809e+02 1.596515617595278627e+03 2.044347512042663961e+00 3.736673042337717447e+02 6.807644915432772450e+02 0.000000000000000000e+00 7.529788603665563187e+02 3.725971347162704888e+02 2.234280289192548423e+02 2.439636990632136531e+02 1.564863382858919039e+01 3.621960328880459239e-04 0.000000000000000000e+00 0.000000000000000000e+00 9.805610287404345580e-05 4.189305456252100885e-06 1.470186319811312720e-07 8.448539119717423773e+02 1.282042724376956130e+03 1.074882129345331894e+00 4.959731634517917200e+02 1.403231664924315503e+00
2.756787756090310495e+02 1.770389440659407565e-01 3.748430053981232959e+02 1.070998123239304647e+02 5.380529150590754028e+01 1.142775689583721856e+02 0.000000000000000000e+00 1.157600691373811742e+03 3.771385991628212508e+01 3.069412911093937169e+02 9.839402210515557954e+02 2.219814883201804605e+02 1.319645026525162557e+01 1.655446463792833583e+03 1.897435731413007431e+02 7.050270701089905501e+00 2.257203061068864969e+01 6.456686943830618475e+02 4.513582501626232091e-01 9.019992787184442085e-01 3.930136422350557268e+02 1.068735095392548601e+03 4.010269625171120822e+01 8.317053529049287590e+02 8.412333801284688661e+02 1.255768886775752602e+00 2.618148870542185693e-04 3.168512331776546947e-04 3.516471448943179468e+01 5.465942015544246857e+01 6.894195274045621602e+01 4.734371997134597443e+00 8.020479087558445030e+01 4.028113244629723226e+02 0.000000000000000000e+00 0.000000000000000000e+00 6.553240137055217929e+02
6.166760390943502301e+01 0.000000000000000000e+00 4.683675261915396248e+01 1.007576376877611466e+02 1.101928224509252061e+02 1.865388328442819585e-02 8.700987439629335185e-01 1.970136800523680677e+03 1.536402571094392442e+03 1.639075647693107651e+00 7.554330874342508650e+02 3.781352307748829276e+02 1.139445841164896528e-01 9.051751764909050735e+01 4.466041698280935748e+02 3.408236269013186188e+02 1.173463841565237772e+03 5.590257270688025528e+02 3.311372065378893126e+02 1.006016697676924423e+03 0.000000000000000000e+00 0.000000000000000000e+00 1.633053025099280475e+01 4.543231712421542312e+01 8.851583983725465998e+01 1.409411973752698259e+03 1.986330484592637276e+03 6.375197267697051302e+02 4.153470015554067913e+02 5.960833850505566716e+02 9.034283849373309749e+00 8.660160029800118009e-01 0.000000000000000000e+00 9.180224560352718832e-01 7.171126180573629938e+01 5.190874813391063753e+02 1.580160176154194751e+01
9.466312500716205136e+01 0.000000000000000000e+00 3.673970241245762622e+02 2.651541913546949236e-01 0.000000000000000000e+00 1.188629050493811690e+02 3.721084526204607279e+00 0.000000000000000000e+00 7.642940636974199151e+02 0.000000000000000000e+00 9.305419994564067565e+02 8.166733548374671692e-01 1.425717513222977232e+03 2.811733904585974528e+02 1.085897528404680770e+03 3.947161096364260970e+02 1.835190033647396968e+00 2.275218773206994654e-04 1.145354355362713079e+02 1.684288758032380073e+01 4.570241338498803430e+02 0.000000000000000000e+00 1.484905908949487184e+03 1.032337862484344896e+03 8.735487820473726970e+02 1.157769461041487915e+02 1.035463825989756288e+03 1.264470137553759628e+02 3.467828943805545805e+01 8.913481085532088173e+02 1.178602793130583450e+03 6.306131253387345623e+02 1.298642588238861073e+01 0.000000000000000000e+00 1.948694662574524372e+01 4.001105830849293277e+00 8.637731008872531646e+00
2.890444053111705784e+02 4.125087831784277070e-01 5.163102070793640905e+02 2.709556449554129927e+02 1.691950631887793861e+02 9.183765485502257775e+01 7.247439860528871236e+01 7.884273459403927973e+02 6.662207006091900894e+02 4.121382269034475598e+02 2.157129653802330793e+00 1.361423116459298399e+03 0.000000000000000000e+00 0.000000000000000000e+00 5.646520774174341568e+02 6.085219097090443618e+00 7.536822619862677186e+01 7.093441971588125625e+02 0.000000000000000000e+00 6.750767234196360711e+00 3.824344446463362078e-04 1.114461000644023159e+02 0.000000000000000000e+00 2.103913604126448789e+01 2.038522321024822304e+03 7.979160892119127766e+02 3.132416410543419616e+01 1.100049885200018252e+03 1.271867074978128358e+03 6.166458853314427415e+02 9.885418663496153613e+00 6.323626428924949749e+01 1.599262701614222806e+02 0.000000000000000000e+00 6.179470071810090985e+02 1.053767634414957456e+03 5.637527123793684147e+00
