output/example_1/lateral_incision_000186.asc
nrows	75
cellsize	13.33333333
xllcorner	0
ncols	75
yllcorner	0
NODATA_value	-9999
[rows 34 to 50 of 75, columns 37 to 73 of 75]
2.802642004792068153e+00 5.186445104016111145e+02 4.791715781751562417e+02 2.607883030050044795e+02 1.801504695577731638e+02 2.590925146563332078e+02 3.677887164874901060e+01 2.104548002315706015e+02 3.547409464802223056e+01 1.492120122491140819e+03 2.080808572473090123e+02 1.103923630291877345e+02 1.486283736161444494e+03 8.036430527118396583e+01 4.054161311551409881e+02 0.000000000000000000e+00 0.000000000000000000e+00 3.068214120608487292e+02 9.306428005883797994e+01 2.745204935544947844e+01 2.884000860700787872e+00 2.869949952803804081e+02 1.949932444852472457e+01 1.000478596872622120e+03 7.850100738390210608e+02 0.000000000000000000e+00 0.000000000000000000e+00 7.713679466730179684e+02 6.048202688881876554e+01 1.339671701383091218e+00 1.714049968021823078e+00 1.103391531440453491e+03 4.292938410234407911e+02 1.004786629718070799e+03 1.439262772488342250e+02 1.334572555808460720e+03 4.388635975388236261e+02
8.165721435842527853e+01 1.131269101885666544e+02 1.329465495389845728e+03 1.248888086655792904e+03 5.668544184888289692e+02 1.939857282228568920e+02 6.446578635080540209e+01 5.463527383595697273e+01 7.687007286617121571e-02 1.003532807036060035e+03 2.971912013659105583e+02 1.216368247372496540e+02 3.999642155545601554e+02 4.836636370724016274e+02 9.994927203152650463e+02 4.057900734626018675e+02 1.921963900353255212e+02 5.714913580803773812e+02 3.906180022868095989e+02 3.554340985032212643e+02 2.146324259241776815e+02 1.473463306241468445e+02 4.013750746154149738e+02 7.285787711863176419e+00 5.042178208980815270e+02 7.712201440689300398e+02 1.117876460942033191e+03 1.011702867300247021e+03 0.000000000000000000e+00 1.185080310818273574e+03 1.183452143028839146e+03 1.044956217046896654e+03 1.464105335487069169e+03 1.449768165425125801e+02 1.631452821675041150e+03 2.089343717315934867e+01 6.145553529161393271e+02
8.389320290525789687e+02 2.903002763535648256e+01 4.707355868739059588e+02 7.880405645430527102e+02 5.666797106169510698e+02 5.281268170476836303e+02 1.673158304910165555e+02 6.654077431796409883e+02 2.387285341160144867e+02 1.987992888003781786e+02 1.250372542393932463e+03 3.125078873479083086e+02 4.421786260801028767e+00 5.673786441750813765e+02 1.127833066381178241e+03 7.726585560757200710e+01 4.177455556382923163e+01 1.117170824525321926e+01 2.321246045690661397e-01 1.520565217409534000e+02 6.104345570953262268e+02 2.246780321658164610e+02 7.850100738390210608e+02 4.707766488574569621e+02 1.571106743783913373e+01 1.615799169727548133e+03 5.313975762771160589e+02 9.127752591147300620e+01 0.000000000000000000e+00 7.322822285966971094e+02 5.690172779876909317e+02 1.443820685962369907e+03 7.861829474992028111e+01 1.480056444220556614e+03 0.000000000000000000e+00 5.832994000182134187e+02 3.815155549709085108e+02
4.187634077682835709e+02 2.161747700700118457e+02 1.413182070442759596e+03 7.080252128160766460e+02 0.000000000000000000e+00 1.604738176072614351e+03 1.349757480882200014e+02 2.147655740649291545e+01 3.303765608379465135e+01 2.098023474843980409e+02 7.771779607109559720e+02 8.119366190128763492e+02 1.528324293159736726e+03 0.000000000000000000e+00 3.702679994393578795e+02 1.111104582648936002e+03 8.521067489813297016e+02 1.717185996407327195e+02 4.973712069039939365e+02 4.501544188536009017e+00 3.613437675889828427e+01 1.335906943657469981e-01 4.993309047454497218e+00 1.548188151653331715e+03 9.518251074709704653e+02 2.917471871078333479e+01 0.000000000000000000e+00 6.376366907309727594e+02 0.000000000000000000e+00 1.332882216091222594e+00 1.031147969401896880e+01 1.184079958676670969e+02 1.227613473009579820e+03 1.046073089083651666e+03 4.475980169050432096e+02 8.085052174370778175e+02 1.319652497963107862e+02
1.192565170353992177e-01 5.065312948232679560e+02 1.186498838776999264e+03 2.252305881545238435e+02 8.397176724515676369e+02 5.300782212467518093e+02 9.924127032980382523e+01 1.870559964391310359e+01 8.139376719279590633e-06 5.494081982427379671e+02 1.510669926575678119e+03 1.153957680570482353e+03 5.577482757734374985e+01 9.740827868486057639e+01 3.173612097423250678e-01 1.710871537297045506e+03 7.927104766825602837e+02 4.034130255110242729e+02 1.001580602520478038e+02 0.000000000000000000e+00 6.090062283820082634e+00 4.770329312750935458e+01 8.278060685730600881e+02 2.870253847935459746e+01 3.035816845929312535e+02 3.446991184538365172e+00 1.101401108945177157e+03 3.757003373724961959e-01 6.733857273030644137e+02 1.056715697396133606e+02 1.666937847803829754e+03 1.198815835634768661e+02 1.373401683237929092e+03 1.869744663806023084e+02 0.000000000000000000e+00 0.000000000000000000e+00 3.743092760352283221e+01
5.848822317147972853e+02 7.474869595377038323e-01 3.360089759429230494e+00 9.994866340632245283e+02 8.854123737047500526e+02 3.116281515944707508e+02 6.874665481863104333e+02 2.342959304578224433e+00 7.563021605143268289e+02 6.508973055931752683e-01 5.768635034272839448e+02 2.802426000018590457e+02 1.433284068873251272e+03 3.291463428173382795e+02 1.615149496307941945e+03 1.012059477625074209e+02 5.579178328123100528e+01 1.408370235952107237e+02 2.638272995066469662e+02 1.032302112647731462e+01 9.607996364798728450e+01 5.835945586972755450e+01 8.446976738361571790e+01 4.369102504564749552e+02 4.430591145488089069e+02 2.247944321013002877e+01 1.609107039180144739e+03 6.376786617139539430e+02 4.543300481617231412e+02 1.600847631929549379e+02 3.592614491805416477e-01 1.192444516688837695e+02 3.940133870407348748e+00 8.706411179986082516e+02 2.636997792696917031e+02 5.706047835869399023e+02 1.794759900708410214e+02
0.000000000000000000e+00 1.512522949178462795e+03 1.690283189813165791e+03 3.350179559848193662e+02 7.156937960815936322e+02 4.308872355979562485e+02 5.260444572208490399e+02 3.974177542008589512e+02 2.271594511947682520e+02 0.000000000000000000e+00 2.692923359054351540e+00 6.264983475626611380e+02 6.965655416304543905e+02 2.341365231807048133e+02 9.506552935212791908e+02 2.304743235416875962e+02 1.437255931294399034e+03 8.648930761312405480e+01 6.749606797785013441e+02 5.483640693849107492e+02 5.579940791129376976e+02 6.272435404180499745e+02 8.348939134469744658e+02 6.308968381460489105e-01 1.079769550144380901e+03 2.184686160751070005e+01 6.982411624907252872e+02 2.781433890994914293e+01 4.163847432689840957e+02 9.500422599415429659e+00 5.078019802517472385e+02 1.869744663806023084e+02 1.138271989149772480e+03 2.990216541514991988e+01 1.011601953304490848e+03 6.451745130336215652e+02 1.016160187178126648e+03
1.576038480558841002e+03 2.375422096370339489e+02 1.207225019163357047e+03 4.031557099926415617e+02 3.607445761145825713e+02 0.000000000000000000e+00 5.091144151557190156e+01 2.201482561338887312e+00 0.000000000000000000e+00 1.599622356318432139e+02 2.015997853643836493e+02 1.551557577106234431e+00 0.000000000000000000e+00 1.486701264921584027e+02 9.508821448861763201e+02 3.227080875861002482e+02 2.380529643193112861e+03 1.568094914132578197e+03 1.868586219171981710e+01 1.100747241152769220e+03 0.000000000000000000e+00 1.108006767387234049e+03 2.702687606238048379e-01 2.088097958840926367e+02 1.811824079360185025e-01 1.046156717396200122e+02 1.125312291808296777e+03 1.279505131691613684e+01 0.000000000000000000e+00 3.252848298290813887e+02 6.569265659776841630e+02 6.921696913592875262e+02 1.582082282824572985e+03 2.722061438425902224e+02 4.830879270044910641e+02 1.007743676344132240e+02 8.582725773226684396e+02
4.581982742642962876e+02 4.649481629183059539e+01 3.093614475386809204e+01 5.328832730381278679e+02 3.441287172334509847e+01 8.732574508440575300e+02 1.269051787989647693e+02 1.400084771702549347e+02 5.505087955269315714e+00 6.351569209496261692e+02 0.000000000000000000e+00 2.772073045212667619e+00 6.798506478377257167e+01 1.758144188292153798e+00 4.821346662017128892e+02 1.961553159698942181e+02 7.410776332825354302e+02 7.623036480801251003e+01 9.694522897016661318e+02 8.091498733671610211e+00 6.405977972561471461e+02 2.186670132341734643e+03 1.467302444418191669e+02 6.668053293698807238e+01 4.454459001434672438e-01 1.565767577061031034e+03 3.001880886218448268e+02 1.205624314666521059e+03 9.690219490125099355e+02 5.647704689670360949e+02 7.882328489430219520e-02 5.502017427320585057e+02 2.799352854736824714e+00 3.428087101197994091e+00 1.520253056108892906e+03 1.665340157028081876e+03 6.980934206577511514e-01
7.734083827238265485e+00 7.168886874891923071e+02 2.230976519256801396e+02 9.346808648526044863e+02 1.996481128499733160e+01 1.614072138441262894e+02 8.653444310679356022e+01 7.301176097401296374e+02 0.000000000000000000e+00 1.411483995397820991e+03 1.937031965182522981e+02 7.341773224526242529e+02 5.260392966560103645e+01 5.641687675601121832e+00 8.117610303818788680e+02 4.984207292527954678e+02 0.000000000000000000e+00 0.000000000000000000e+00 0.000000000000000000e+00 6.201103578583662284e+02 4.414103074654539682e+01 1.273326548124374767e+03 7.400974729584976330e+02 1.560404298085158416e+03 9.645034456044136562e+00 1.481436835819486532e+03 1.364959709446957277e+03 2.479076055674711121e+00 9.551303948936157440e+01 3.064925004851247081e+02 8.945419681656991973e-01 1.499934619369181803e+02 3.730905601369582314e+02 7.186339745900346543e+01 1.463105647772352924e+01 4.769349433992374543e+01 0.000000000000000000e+00
1.773250176145251316e+03 9.914289148929969997e+02 2.136123492516102260e+02 1.175708051424775249e+02 2.112680343931557161e+02 4.889859975610862648e+02 4.677117617607230216e+01 1.646792258138951638e+03 6.707921604599999910e+02 1.783201368022683369e+02 1.165685052941349227e+02 9.192195375546485820e+02 5.338410314207002330e+02 3.869982213439162706e+02 0.000000000000000000e+00 1.942901184228640261e+02 4.498331232412237313e+01 4.026158523391672617e+01 6.773893651910129847e+02 1.574579125129716203e+03 8.040667405072289284e+02 2.500345534649645596e-01 7.434558579950069088e+02 5.813619590691514460e+00 1.533970753041314083e+03 1.079021785846561698e+02 7.992076318978138261e+02 2.044394561633382637e+02 1.481121386593147918e+03 1.475094801093104309e+02 4.830643450428048169e+01 1.595976196568058558e-01 3.610046110001106854e+02 3.934755552849891274e+02 1.620422795062737364e+01 8.580956919324987666e+02 0.000000000000000000e+00
0.000000000000000000e+00 6.446098951647570630e+01 7.152712220718802882e+02 1.238239366756645268e+03 5.944406301516177438e-01 1.198582088221735603e+03 8.302088848438241087e+01 1.144187623225879946e+02 9.344138269753161694e+02 1.317901474198876031e+03 3.758751693609641364e+01 3.666913651951141446e+02 8.145789792254423674e+02 4.828451764178742565e+02 3.807025584507356939e+02 3.646295624055796480e+01 4.857291479942029468e+02 2.264837755344999426e+00 1.191531831189848845e+03 7.224112918471996636e+02 3.130564678956700986e-01 7.505862244292596586e+01 3.161982584760003601e+00 6.687293392017787710e+02 2.826035011884073924e+02 4.231985831986002609e+02 6.767738290286672509e+02 6.506925685363607954e+02 1.552745708738682673e+00 1.017312860992116271e+03 8.576764171026953321e+00 0.000000000000000000e+00 1.750484570912657603e+02 2.505039575249514883e+02 2.120612414114257547e+02 2.823907271604761036e+02 3.690949522893690755e+02
9.252420402705153037e+02 1.262538703815699250e+02 0.000000000000000000e+00 0.000000000000000000e+00 1.462215898184054907e+01 1.140802162775676834e+03 1.417191259636393568e+02 7.452669274251064735e+02 0.000000000000000000e+00 6.521723228741050207e+02 1.367773443584170991e+03 5.483675267190525204e+01 5.315989144352981839e+02 1.036181697351206367e+03 6.327253346379540844e+00 7.388198514931879117e+02 2.646517021291079175e+01 0.000000000000000000e+00 3.672591654138523722e+02 3.965855662938610635e+02 6.402943714307882601e+02 1.291770429636784911e+03 3.496200371557691700e+00 2.293544440895390153e+02 1.188569045396386173e+03 3.359016638914361579e+02 1.260933822261132633e+02 7.928153116096139286e+01 1.076087715492237749e+03 1.072713506556094444e+03 4.637584003103846158e+02 2.146917238470154814e+02 4.886319032737650332e+02 8.669599352761301816e+02 2.732640736003767188e+02 4.883534831509551850e+02 3.439504555845797995e+02
3.819635160236655906e+02 8.822663764546483662e+02 8.157021510075381343e+01 9.194657610235919876e+00 1.895351404973797571e+02 4.302746433910945711e+01 3.223979801692769342e+01 8.428138107609869394e+02 8.428452360035707898e+02 1.889147133176217608e+02 8.043567634739264349e+02 4.369147422890271741e+02 4.022848489794023408e+02 7.939761898679582153e+00 4.474548876108412969e+02 6.972443774168485264e-01 0.000000000000000000e+00 8.598714643580075290e+02 9.980162135629135491e+02 0.000000000000000000e+00 1.003042169252708504e+03 1.414255563837937757e+02 3.018347067941228867e-01 1.832557281219827132e+02 8.290012008469678051e+01 1.052786178306733156e+01 1.840897260615305697e+02 1.275736495887102393e+02 2.476957358809877618e+01 0.000000000000000000e+00 2.900664265322251367e+02 1.697648990518572418e+02 1.814394109713541070e+02 5.725844021692687580e-01 8.605044265279407512e+01 5.770093660514549860e+00 1.419109905828784690e+02
0.000000000000000000e+00 1.164629859720423610e+03 1.002878158623704691e-01 2.903294961566624579e+02 3.152386497447100755e+00 8.391098692784685227e+02 9.288387209737169314e+01 1.255291841202146998e+03 4.125490519358669417e+02 9.618852540670994813e+02 3.747606091644368007e+02 9.580386249594890842e+02 3.320017845428339598e+01 3.390441753350589238e+02 1.306582627837220343e+03 6.759721185106646146e+01 1.580947763311423557e+02 7.059116317105089422e+01 1.080566045213309053e+03 1.367611571958629611e+03 5.130111473412629630e-02 1.548780357241123511e+02 9.334755513735731869e-01 1.306183194222545126e+03 1.643197642045671980e+00 3.621874849748034535e+02 5.969044039116165550e+02 1.332040474111471440e+03 1.449254139228623046e+02 1.488982946760773757e+03 1.812491975577017627e+02 1.055696576588901053e+03 1.080081714085937961e+02 4.242121471678680678e+02 3.748846291948003113e+02 1.420718288692071610e+03 2.774533844436349455e+02
1.408768377867229731e+02 4.116284051099396499e-05 7.577811681807114610e+02 2.542224139428232661e+02 1.380220779822248574e+02 4.582436437743899660e+02 6.445185675033006589e+01 7.164348514980522395e+02 5.032373470626235523e+00 2.884243100137240390e+01 7.230068756184189169e+02 7.599146030859883716e+00 1.059386336937253418e+03 6.269300885179580973e+02 1.185919919862293975e-01 2.155145116892744994e+01 5.077668528729554396e+02 2.135990395855712336e+02 1.822953067771847202e+02 4.721439215217761443e-01 5.623241733512608107e+02 3.928855121894974189e+01 7.930464905865625269e+02 6.084013569393773651e+02 5.198126847264253891e-01 1.263780056120154605e+01 5.215303850877180594e+02 2.086548224133655083e+02 2.435004491146226258e+02 0.000000000000000000e+00 8.057319181148380949e+01 3.725980924857813292e+00 1.001833948429984048e+03 8.961968725920993393e+02 2.159984550557522027e+02 1.143204566724330249e+02 6.483392949749199943e+02
1.075666568844521294e+02 0.000000000000000000e+00 3.247098692990489894e+02 9.718628945798603525e+01 5.674208916670605731e+02 6.100478758320207362e+02 6.138793871027274207e+01 4.878422217903688534e+02 0.000000000000000000e+00 4.461070106327597955e+02 2.283458700340918313e+02 4.333525619717712374e+01 3.639537551292094122e+02 1.244635718681905928e+03 1.744882225939001996e+00 5.795358159086285710e-01 8.697164383743896110e+00 1.095577930165349656e+01 2.893349575411104411e+02 5.221464827783967166e+02 5.578144502502963178e+02 2.231642339152807020e-01 2.583195710297597429e+02 1.264155821518187783e-01 6.250881061525943494e+01 7.629842619165650603e+02 2.735109185139779697e+02 3.350600582606267608e+01 5.858858985964728845e+02 6.258887167572594024e+01 6.992701870182602875e+01 3.330843108367625405e+02 2.166359302140906209e+02 1.949668744574993440e+01 2.378128029810858663e+02 3.148144814955549009e+02 3.353705290217637298e+02
