output/example_1/lateral_incision_000205.asc
nrows	75
cellsize	13.33333333
xllcorner	0
ncols	75
yllcorner	0
NODATA_value	-9999
[rows 17 to 33 of 75, columns 0 to 36 of 75]
0.000000000000000000e+00 1.905883731678292142e-02 8.667939239195401342e+02 7.612037250405319355e+02 1.442187977983665633e+03 1.330417266471672519e+02 3.804390500414836538e+02 4.646922113002736410e+02 1.017434265109778835e+02 1.339156691568500719e+03 1.095886361616415343e+03 1.019423893509487726e+02 1.379879169310919679e+03 1.588467862298385853e+03 8.961011468981634920e+00 1.665377454599840348e+03 3.635320927796116734e+02 6.949142515049477424e+02 3.758379719387123430e+01 1.027716861513780344e+02 6.788157575653461890e+02 2.708181116437698961e+02 5.848612417637651788e+02 5.397713460026631083e+02 9.563174033160257181e+01 7.932960057345940186e+01 4.664989650767838612e+02 7.763294400605524004e+01 1.089077092869139506e+03 2.403866732107228454e+00 1.091930083213330960e+02 0.000000000000000000e+00 8.535444418453032540e+02 1.336202698609697791e+03 3.322810205337472667e+01 4.719646008723236696e-01 1.575006575524839946e+03
0.000000000000000000e+00 6.186375319337871588e+02 1.047005586470888375e+03 0.000000000000000000e+00 9.176887270250158508e+02 1.071601927469648899e+03 1.626521751213422462e+01 2.573350570724110185e+02 1.069209359297917850e+01 4.231844713286639035e+02 8.243901236506068244e+02 7.166737535198775788e+01 7.729608311022901717e+02 3.723352505478155194e+02 1.330891238948652017e+03 0.000000000000000000e+00 1.969365250511544048e+02 1.189990716811594893e+03 5.494954074813638272e+02 9.649570552845449356e+02 5.913291396045053006e+01 9.803020628749402476e+01 9.376363418347352097e-01 4.091223941714736156e+02 3.861379967558465864e+01 3.510315643103076582e+02 5.078042678472804141e+02 1.378608699064547061e+01 1.260706521225853066e+03 5.124386207170158514e+02 6.306076737573766877e+02 0.000000000000000000e+00 5.203314576326503129e+02 0.000000000000000000e+00 3.094657406327255345e+01 5.236072212419656147e+00 1.525873565392563933e+03
0.000000000000000000e+00 0.000000000000000000e+00 1.149816884022352724e+03 5.251220526619634938e+02 5.843232319407356545e-01 4.420958364538286105e+02 3.429252051402662005e+02 7.960449431145951493e+00 0.000000000000000000e+00 1.378645616364123194e+00 4.617466876580880353e+02 5.089502224462796320e-01 1.252345416953929771e+03 2.724307744107623535e+02 1.089628096008007105e+03 0.000000000000000000e+00 0.000000000000000000e+00 2.493631786985921028e+00 1.077846702139564059e+03 2.159908189010565820e+03 1.107993130473930279e+02 1.900280496271738286e+02 2.587612523499643089e+02 8.950079213814464418e-02 2.370603927011226464e+00 3.733817239886528938e+01 1.141606154053820461e+02 7.840354643692623995e+02 0.000000000000000000e+00 1.599657542352061341e+02 5.470935858848119615e+00 3.748992992402059299e-01 0.000000000000000000e+00 7.406703293509544892e+02 2.520711372755039008e+02 4.130016229459268970e+02 1.702090687713765647e+02
0.000000000000000000e+00 1.114415765005448520e+03 5.479473294328211068e+02 3.654945878763413134e+02 1.326394289635437929e+02 4.926883044006933687e+02 5.574739978214709026e+02 4.078727110478163809e+02 3.316996409710205285e+02 1.066558096022430618e+03 8.719902570891591722e+02 3.676777137281077330e+02 2.156595121724285491e+02 1.098226809788909577e+02 0.000000000000000000e+00 3.237436307277259289e+02 0.000000000000000000e+00 1.352699059520409037e+03 5.111269906796446882e+00 1.733311474927086238e+03 1.368480173994371967e+02 4.950237408606771510e+02 2.121964714113551143e-01 6.693497533649701836e+02 5.372352639336479569e+02 4.025538954118633228e+02 1.108123190563818206e+01 2.187031886262536418e+01 2.260864615357808134e+02 5.282532188773904380e+01 6.858033392625582110e+02 1.409878227004906250e+02 1.315531342606831686e+03 1.093980707790658016e+03 8.438201725287284489e+02 3.423371376043289729e+02 5.073909729502487380e+02
0.000000000000000000e+00 1.794075549339792985e+02 3.230387873522906830e+02 1.963536629499787978e+02 1.390589005714142345e+01 2.095554679766487425e+02 1.727880281972821592e+02 3.981520190851117036e+02 6.635869673894542302e+02 6.860531445980311673e+02 3.000413751677450591e+02 9.744862460828072415e+01 1.202783934365830874e+03 7.253562589180422719e+02 2.882830274577140361e+00 1.068114669309932651e+03 8.932750421688588176e+02 1.556297721950072344e+02 8.864636168974364239e+01 8.322107072034832242e+00 1.002094773229580255e+03 1.473360219178629450e+03 1.631277172150827539e+02 3.735411973557651208e+02 2.547614323731217212e+02 4.450691503604732020e+02 1.656600095534132151e+03 1.459292184789872104e-01 1.830851383319325620e+01 4.226577426795957422e+02 5.429959549483061920e+01 3.609542444693099696e+02 5.072220474470900626e+02 3.287322081872789568e+02 9.766324583361907230e+01 1.455948383031841786e+03 8.909299191116820111e+02
0.000000000000000000e+00 9.059138090923723894e+02 1.309755384646819039e+02 7.648786726692273987e+02 6.729965279064258539e+02 1.079240999947852970e+03 2.853399651079168962e+02 9.930390777847744630e+02 8.118193317696138820e+02 9.918138206923836719e+01 8.934619286107857761e+01 9.454126618326181415e+02 1.489105284846565951e+02 0.000000000000000000e+00 7.237168591969908675e+02 1.528189833482291988e+03 1.046055859567359903e+03 6.963368576550415128e+02 1.484248493628097663e+02 1.556636500800301974e+03 5.094050973682998418e+00 3.876689217723071579e+02 0.000000000000000000e+00 8.935311619020043850e+01 8.763237220454055887e+01 2.379620986078001579e+02 3.804028292306684307e+02 7.446381518870206264e+02 4.573368568266347438e+02 6.393538227338170827e+02 0.000000000000000000e+00 4.685165808741114688e+02 4.049868028050168505e+02 6.312935708236031473e+01 1.035245859964548117e+03 2.179761494521786517e+03 5.361165056128010065e+02
0.000000000000000000e+00 6.855375269972995511e+02 1.140854552350489712e+03 1.213956259644313832e+03 1.506409973615537297e+02 4.776870773572209572e+00 4.004598555843077747e+02 1.408036409991983540e+01 8.126222540493083457e+00 2.675353614200815924e-05 2.557658473164789470e+01 1.060776730653623190e+03 9.309531074303066589e+02 7.677144676222631006e+02 1.747928775371865129e+01 2.468395786065284483e+02 9.396338953013078310e+01 3.160700047093976117e-01 1.420982480824681593e+00 5.536596612323256750e+02 8.273423804782376010e+02 3.237876966326035610e+00 1.522148218224003358e+03 1.166565504045775697e+03 7.828488176201609576e+02 5.322475868915034880e+02 5.259361003051095622e+02 8.180644489498703820e+01 4.831883878812821536e+02 1.429889850886414933e+03 5.393252464640622748e+02 2.956872732735401428e+02 6.257695938971872920e+02 0.000000000000000000e+00 0.000000000000000000e+00 5.983533092285124440e+02 8.977611097056510516e+02
0.000000000000000000e+00 0.000000000000000000e+00 8.358604294645682558e+02 7.881040796248382776e+02 7.977420399690215618e+02 4.047526240587890456e+00 7.050175925199682752e+02 6.565574081677721097e+01 4.228784652729787013e+02 3.891768619065862254e+02 2.880375124252569776e+02 4.676463229894042115e+02 8.846108289523105839e+01 1.019770567838824782e+01 1.784753761552515805e-01 1.307300000186821478e+02 6.339483892298861747e+02 3.293382889474177659e+02 6.049904921025486146e+02 8.974027963324914481e+02 0.000000000000000000e+00 9.146890100324676496e+02 0.000000000000000000e+00 1.097398290795755202e+03 0.000000000000000000e+00 3.360270014507383962e+02 3.430886063494683640e+02 3.842416763182512796e+01 7.348195584515542222e-01 5.631730833361477551e+01 4.012079824810346054e+02 5.032571142779598858e+02 1.483476506156975745e+02 9.316713781396973673e+02 1.824696518437997952e+02 1.891334798806500146e+02 6.532079950140547453e+02
0.000000000000000000e+00 1.437165435310450448e+03 6.580490625721748756e+02 1.112144968562557779e+03 8.873041487921176440e+02 9.183640445813393782e+00 2.034141151505833136e+02 4.135896213142211195e+02 4.101463016668619161e+02 7.854773939518336192e+02 8.465161329226823739e+00 4.365466119542459751e+02 0.000000000000000000e+00 1.397670489781146443e+02 0.000000000000000000e+00 8.816577220590282877e+02 3.638254336001381262e+01 4.753571272255957183e+02 0.000000000000000000e+00 4.379305954582069660e+01 6.913701946510988137e+02 0.000000000000000000e+00 6.664582002692186506e+02 5.009235868823418514e+01 9.747060311296052078e+02 3.350697916002513127e-02 0.000000000000000000e+00 7.240699482920315404e+02 8.893766956676861355e+02 1.799071999688804055e+02 1.186750789525691971e+03 1.990491466589537026e+02 1.224981316038593150e+03 8.805267717535776910e+02 5.087127270759533815e+01 4.048975733429709294e+02 7.164089937472281235e+02
0.000000000000000000e+00 0.000000000000000000e+00 3.063033906710860288e-01 1.823139678554105103e+01 4.798420171813292541e+02 1.650947965655354039e+02 4.803977019021854034e+01 2.269114431725165559e+01 3.663686826118235818e+00 2.722685589003180340e+01 7.122646247809841213e+01 6.252283066156320501e+02 0.000000000000000000e+00 5.229210213786540606e+01 1.659523065681617027e+02 1.120169915453729573e+03 7.598566883515442214e+02 6.069084677592699109e+02 6.437062325313278279e+02 2.546088625190701578e+02 1.501906951394741782e+03 1.322701996300397468e+03 6.760420033215067406e+02 0.000000000000000000e+00 0.000000000000000000e+00 3.783276101937786962e+02 3.350983919597659906e+02 6.389701288560221428e+02 4.769375937157431053e+02 1.961588130875328488e+02 3.118940792945396652e+02 1.580305873743322707e+02 6.291723934266884726e+02 9.193144147063644596e+02 2.919392862936705342e+02 1.732468488009664611e+02 1.052032753629364237e+01
0.000000000000000000e+00 5.019868219077051918e+01 8.926870798593436120e+02 1.703047443461586226e+03 1.275070038262715144e+01 2.450704158040371965e+02 1.708475567289402477e+02 6.297615702806969011e+02 1.131108444172032250e+03 1.337755175032130865e+03 6.946911208027505280e-01 5.638668942942184685e+02 5.621218624655298868e+01 8.946387297246825199e+01 6.297144275422848523e+02 7.487323588923857187e+00 1.086263951510756669e+03 1.067631320499704316e+03 2.673685116888627817e+02 1.673161844928782784e+02 4.252671603390267023e+02 4.188239016448249004e+02 1.130085014634696108e+03 4.195732336567858312e+01 3.741322185111375234e+02 1.055284125329194467e+01 9.779467818186110550e-01 7.835605427157516090e+01 2.833032371360116599e+02 2.519439030652504963e-01 8.864911959324068675e+02 6.654107198051767424e-02 3.066690444467872823e+01 5.186630082803782571e+00 6.353082793574122888e+02 4.765499009164953748e+01 6.442787364763191817e+02
0.000000000000000000e+00 1.021602904337699215e+03 4.059759439527684322e+02 1.699765565722551628e+03 1.604036736872960773e+02 1.143098639868386215e+02 8.223010468710137957e+02 0.000000000000000000e+00 1.443809590502448543e+02 5.766694399963479327e+02 1.762593224951697493e+03 5.166603372287260498e+01 0.000000000000000000e+00 3.040091319607478226e+02 0.000000000000000000e+00 5.882655450722418209e+02 8.279247782896349008e+02 0.000000000000000000e+00 4.596071111996518965e+01 4.936152155066359910e+02 7.168822289417652200e+02 2.823987763752003843e+02 2.720197293603555977e+02 9.441097347948560810e+02 3.065649625847506741e+02 4.264567446250273406e+02 9.048321507847241492e+02 1.547367952819490426e+02 7.382391578901824687e+02 1.422574103454691681e+02 1.734773496774898760e+01 2.580636761399529178e+01 8.285124909675757010e+01 2.611787539825273541e+01 1.443323782975962217e+02 6.853626516512123317e+02 3.019195171713691366e+02
0.000000000000000000e+00 1.607349993364447528e+03 2.346014789624697006e+00 2.801904297604536609e+01 5.355551649467581683e+02 0.000000000000000000e+00 4.094781910487977825e+02 3.729876785426739616e+02 1.070113485073550521e+02 3.496537170326668615e+02 2.493505448597973100e+02 1.030914118549989134e+01 8.727819174656286805e+02 8.818428469565016314e+01 8.502809487210955695e+02 4.182510736040620714e+01 2.198591945653948301e+02 3.749693423348977035e+02 3.722314754653535260e+02 7.755955082512856791e+01 2.672389289904118073e+02 2.690652297864270395e+02 6.677912807155731798e+02 7.429501925193420675e+02 7.597784975587905443e+00 6.388177813083241290e+02 7.957762185034711138e+02 7.292216986642035863e+02 2.992317105946378888e+02 6.203246318459551958e+02 2.132638144690857995e+00 4.410428228162786901e+00 9.173013082813978372e+02 9.405995412902656838e+00 2.837407623993161110e+01 1.534958077267471879e+02 1.442705162651280091e+02
0.000000000000000000e+00 0.000000000000000000e+00 7.574595538677610929e-01 0.000000000000000000e+00 0.000000000000000000e+00 1.019947355561052177e+03 7.354491166476179842e+02 3.364554485738592149e+01 1.316897597692039028e+02 0.000000000000000000e+00 5.802665630764375919e+02 3.673328648680154629e+01 4.147172210681177695e+00 2.460335368591215968e+02 1.441607021420004173e+02 7.384631924969397687e+01 0.000000000000000000e+00 1.428473634355099193e+03 1.274973819481720909e+02 2.276702714962922869e+02 5.423854890086203113e+02 8.491920947956943522e+00 2.617345262137519057e+02 2.507179851066159770e+01 3.123506373882037792e+02 7.169368727960966226e+02 3.975138503951162749e-01 2.594988606497272698e+01 1.751105498523241408e+02 9.534835240623389154e+02 1.245692187620538327e+01 1.122835101086328393e+02 2.359653953479335655e+02 5.342172487912050656e+02 8.770211065971024027e+02 3.518726018471043382e+00 1.687421288087080882e+02
0.000000000000000000e+00 1.477562746828705258e+03 1.317878200301032621e+03 8.222713628344809678e+00 7.564556947555063289e+02 8.880737862429762680e-03 5.287682988352586335e+02 6.214575119782375623e+01 2.194202532336759646e+02 4.872467261156489537e-01 9.334935516096021502e+02 4.828023764492479775e-02 6.504488485143803018e+02 3.734375021700246577e+01 2.002071680700611580e+02 6.729484812821326725e-04 1.236343672914472691e+01 6.629817282744705835e+02 3.765885023127020759e+02 1.565588990705620347e+02 8.971622739719103947e+02 0.000000000000000000e+00 8.061206611603192584e+01 4.132196320772189893e+02 3.880893444383460746e+02 1.128763818896499060e+02 5.336155986512391536e+00 3.718038012637838960e+02 7.186022824583168358e+02 3.720308456391885557e+02 1.232939706004261552e+03 3.527612291701112781e+02 1.897008931613397351e+02 0.000000000000000000e+00 5.528832787872862582e+02 3.664701259735152803e+02 1.116548418065639758e+01
0.000000000000000000e+00 1.415920613477017014e+03 2.964442786030303409e+02 6.016202822665663064e+01 2.166131475070123713e+01 7.184490167885307983e+02 4.566183237590717567e+02 7.886167048184903328e-01 2.256563948946603304e+01 2.670458552163906347e+02 2.018978975724974489e+01 1.003166266560684335e+03 1.237578000154886240e+03 4.089870813311471665e+01 3.389238141828608608e+00 0.000000000000000000e+00 5.800468392024337163e+02 1.346713429106521573e+02 8.698916175065123753e+02 1.169933378220386658e+03 0.000000000000000000e+00 9.369451710778541837e+02 9.510094650622505696e+02 1.245957177307070879e+03 5.060336626745800537e+00 6.813972290629516237e+02 0.000000000000000000e+00 1.040794133710639016e+03 5.420166485583484928e+02 1.272974975671857152e+02 1.804715388516904895e+01 7.468522000533483585e+00 3.845654955491828559e+02 3.053765914833767026e-01 5.900822991724577378e+02 2.374230178438260737e+02 5.280127924336835576e+02
0.000000000000000000e+00 7.205384721721209189e+02 2.235641435029845150e-02 1.500506336670891869e+03 5.572816832116524211e+02 0.000000000000000000e+00 6.110238540493473920e+02 8.847700277655060574e+01 4.861830568318993642e+02 2.006188490891746028e+02 4.793635970954963454e+01 3.738105327638815645e+00 1.596527469575819850e+03 1.183647151774731128e+03 3.933223178463199243e+00 7.096480146793516042e+02 0.000000000000000000e+00 8.889160324888688365e+02 2.175451686694489517e+00 4.905502452471674246e+02 0.000000000000000000e+00 5.989719500162245822e+02 9.170793606794579489e+01 0.000000000000000000e+00 5.364598585223611735e+02 1.014450754578953479e+03 1.186400231959205342e+02 4.821921952086860870e+02 2.262997959548126232e+02 6.948886525597695929e+00 1.380381623135163863e+03 0.000000000000000000e+00 1.227305280492853854e+03 0.000000000000000000e+00 4.770251805424569511e+02 4.110507623361293383e+00 0.000000000000000000e+00
