output/example_1/lateral_incision_000452.asc
nrows	75
cellsize	13.33333333
xllcorner	0
ncols	75
yllcorner	0
NODATA_value	-9999
[rows 34 to 50 of 75, columns 0 to 36 of 75]
0.000000000000000000e+00 1.102147697682687294e+03 1.889027036424985226e+03 6.234038167261663830e+02 9.915105998703330670e+02 7.273481734268083301e+02 2.302419567834589600e+02 1.348641092308660745e+03 0.000000000000000000e+00 4.162305990703654288e+02 5.819645324227958554e+02 6.132529960479513420e+02 3.934349824698541056e+02 6.286744891185748685e+01 6.503373213844262182e+02 3.508869378583104890e+02 5.881464325041584971e+02 1.141323812680561929e+02 7.336303437046828302e-01 1.150075810941333202e+03 6.627925208033764193e+01 4.508390374204670934e+02 1.577291041356640910e+01 5.535430094641146752e+02 1.435651106021928740e+02 5.230601629708614837e+02 7.965112849578157466e+02 4.227314713319936459e+02 0.000000000000000000e+00 1.032824864110003091e+03 4.828416827952993207e-01 2.959717420516655011e+02 6.034401473377819229e+02 7.870321421864919103e+02 5.177711030045207963e+02 1.583234207074728204e+02 8.379044258355630745e+02
0.000000000000000000e+00 0.000000000000000000e+00 1.671770015490991227e+03 7.839167762228664742e+02 1.369329794307536304e+03 1.761214853823520343e+01 1.631591087825172792e+02 7.592301831981473015e+01 3.816400964169947656e+02 3.203002635855548306e+02 5.569872119525016387e+02 2.287417541641040941e+02 1.943126059500247322e+02 3.809485455352827188e+01 1.231695037193054759e+03 4.116175517826804935e+02 4.575534978930461421e+02 1.059472551524422215e+03 3.280820949961195083e+02 1.511950209570072445e+02 3.792321945135828400e+02 1.778535398784527786e+02 2.343860041329832598e+02 3.512777987191700504e+02 1.232917795351772554e+02 0.000000000000000000e+00 9.990973733274450979e+02 4.712247594095767340e+02 9.729854572997546711e+02 4.878936013253933446e+00 1.234963923280054132e+03 1.809802842216889985e+03 2.589485042375440571e+02 4.407538963717313436e+02 1.797643081129094185e+02 4.999160143188383358e+02 4.527403330980365581e+02
0.000000000000000000e+00 6.267740673250272039e+02 8.133398061519249822e+00 4.411021703252308868e+01 4.794792726780920944e+00 1.628441755297995542e+03 7.516435331808087312e+02 1.249178906866479338e+03 1.546201299484476710e+00 1.185921725016735166e+02 8.153305706527186558e+00 2.203277118055514450e+02 3.922923840779690181e+02 7.326179447990206199e+02 3.566652362416958795e+02 4.919155194039301193e+01 1.145931966276613366e+03 0.000000000000000000e+00 8.590315758175960354e+02 1.169638201808247914e+03 1.342345479115629132e+03 0.000000000000000000e+00 3.607850370820918329e+02 1.102573511453633273e+03 6.278131615737652282e+02 2.105500566613762459e+01 0.000000000000000000e+00 3.747260904306829161e+02 3.732053937494734797e+00 2.521166216486740836e+02 3.484529296696381948e+02 4.425658674494595823e-01 9.359466776002294353e+01 1.618805667179331067e+02 3.257555020037739002e+00 4.434550863959286744e+02 5.544161888170099246e+02
0.000000000000000000e+00 1.069656435353581173e+03 5.082433934053067901e+02 1.047876547201979776e+02 4.701295165379393666e+02 1.035392189603685210e+03 4.783638334344360032e+02 5.481874961628343499e+02 1.737594597762179660e+01 3.084207263559185321e+02 4.040185406090001408e+01 1.779471173070285204e+02 1.633649744271566533e+03 1.381672952008428865e+03 1.554028307503150018e+03 4.270156672299253131e+01 2.560219107452483627e+02 8.884930129635149569e+02 6.411654474154513537e+02 8.441663728028704128e+00 2.812517850912103654e+02 4.059697332066125455e+02 8.498074181436432895e+00 5.174432979080892210e+02 9.114294968136930493e+02 4.712956650860243144e+02 1.445825331554748800e+03 0.000000000000000000e+00 9.800192620799090264e+02 9.732559099938087002e+02 4.851785876106859519e+02 6.057425417722254224e+02 4.336365389366662271e+01 0.000000000000000000e+00 2.779491692149851811e+00 2.845520527348567725e+02 6.565347556638315609e+02
0.000000000000000000e+00 0.000000000000000000e+00 0.000000000000000000e+00 4.697256960646195978e+01 1.147093224892986427e+03 1.921008092045662086e-01 7.274802526594850542e-03 8.929985694653419515e+00 1.297339693737108846e+01 1.783397951497534706e+01 4.744736201513873652e+02 5.823177826336569751e+02 3.427269221155556433e+00 1.102629376640965120e+03 3.150355286110724684e+00 1.387390663860037648e+03 6.825666294654403146e+02 4.822516281797621787e+02 0.000000000000000000e+00 0.000000000000000000e+00 0.000000000000000000e+00 1.510454602595877759e+03 8.105410267295212634e+02 1.632145151370153924e+00 4.465992548480481901e+02 1.344993541176767394e+03 5.514287392515711872e+02 2.767795283020689778e-01 3.034562009770333635e+00 1.354311997634291856e+03 3.617328157376300055e+02 6.060328356090979014e+02 5.247823942266688846e+02 3.010935576035489589e+02 1.011834154847546046e+02 0.000000000000000000e+00 3.895751500773181331e-01
0.000000000000000000e+00 5.627722723687088546e+02 3.403360349967428533e+01 3.616108144359255334e+02 5.040125193712314058e+02 4.401781780519872314e+02 9.092027210222480562e+02 0.000000000000000000e+00 1.373431809801404135e+01 1.351345347417227671e+01 7.598393140161006158e+02 1.087586371300866176e+03 1.588858398563849505e+03 9.156497896892213717e+00 8.792759929931295346e+02 8.234713022243164460e+01 4.903310926110728474e+01 9.187658060386762315e+01 5.931041656109096039e+02 1.732265139353207246e+02 7.421245393815420357e+02 1.240679021538104962e+03 1.256242677516737785e+03 5.158360536813944464e+02 0.000000000000000000e+00 1.319130119981811731e+03 3.411735832336492535e+01 3.598775076809292841e+02 1.165991571063531637e+03 2.825622838297022099e+02 1.006844362917080282e+01 4.140069225029823201e+02 3.658025518824356936e+02 4.755890440150870973e+02 6.453010341418605833e+01 7.037010275215674255e+02 4.945972679844026629e+02
0.000000000000000000e+00 1.023806662609417550e+00 9.478645551377326228e+00 4.756453461358211143e+01 2.369622891387230723e+01 1.857571343556358201e+01 1.456686715203134668e+02 1.021494273399390096e+02 5.004873239095650774e+02 2.783769600763218666e+00 1.042703489146544538e+00 2.336248337649290647e+02 4.280809015286837962e+02 5.312020434257791024e+00 8.640337429211550671e+02 1.638328203436421518e+03 7.134988002691187603e+02 5.673606669200981401e+01 6.931781227570012049e+01 1.752057608444063774e+00 2.851187245431393080e+01 7.435207266868347915e+02 7.914770795139978077e+01 4.965319712962939889e+02 1.298640349100048297e+03 1.840417386005520228e+01 1.399762759376295662e+03 1.382691203465562353e+02 7.374708151868421737e+02 2.744285261601672801e+02 1.442288716275679917e+03 3.696147475962449676e+02 4.644001913620564359e+00 8.697028647293848280e+02 3.327228880239389497e+01 6.228316320927397101e+02 4.265332384046726588e+02
0.000000000000000000e+00 1.645036120843127492e+03 2.783228019177849077e+01 1.990234985001633872e+00 2.897089348443101358e+02 2.799032990445699642e+00 1.901740976837783137e+01 9.416670571369157017e+01 6.942445246910340302e+02 6.077964944326672594e+02 3.438096104385741683e+02 0.000000000000000000e+00 1.235041372812789859e+03 1.758030620362941136e+03 2.612752469710392322e+00 2.458456678161363707e-01 2.715406488073601281e+02 7.154360198895768690e+02 9.373144887315849871e+01 0.000000000000000000e+00 0.000000000000000000e+00 3.328072030835135138e+02 5.670903728661513696e+02 9.623973002515178905e+02 1.287198271937713116e+03 9.911488535346822948e-01 1.554583790412694810e+01 5.524070787247452472e+02 4.748691228165610734e-02 5.704376843268956918e+02 9.380389181243782559e+02 3.564345404227282188e+02 1.826028960669588086e+00 1.354877392686685425e+03 0.000000000000000000e+00 2.502108676902558102e+02 1.219254727814000461e+01
0.000000000000000000e+00 0.000000000000000000e+00 5.762226193533008427e+02 1.822124161302050140e+02 9.251681264501714850e+02 4.637172011045286126e+02 6.663783640995949327e+02 3.631297923791489666e+02 5.101481423899352663e+00 8.855010692417843075e+02 1.902524003375606654e+01 0.000000000000000000e+00 1.029937495888859303e+03 2.822326363220287249e+01 7.129886440340980869e+01 1.402876560090325029e+03 4.094786714514220876e+02 1.307637618879716301e+00 3.717436603294901261e+02 0.000000000000000000e+00 8.930028891655105099e+02 4.699189268270543174e+00 1.648976065951125847e+01 0.000000000000000000e+00 2.405183241178034450e+02 3.973235942048090497e+00 6.206728220570547450e+01 0.000000000000000000e+00 1.496907317658839176e+01 4.554570497675868523e+02 8.328308237138404593e+02 4.383323508981014243e+02 1.154575411818781049e+03 0.000000000000000000e+00 8.077332040812185596e+02 1.120866497506254689e+02 6.477523099488024627e+01
0.000000000000000000e+00 6.428067741357326668e+02 1.191000409106991675e+00 2.287713392766727054e+02 2.355430832982761160e+02 7.374486256460349942e+00 1.336767262587866071e+03 9.251329337168536995e+02 2.178945232142197241e+01 1.991355474081565546e+02 2.592750291901110060e+01 3.672422273608992214e+02 4.698755891966790998e-02 1.677820973900230911e+03 1.470832033557779368e+03 1.524544670109577504e+00 2.507601415069849224e+02 1.381564982867162561e+00 6.868702151508930456e+02 6.595768561738644120e-01 1.031148428280063399e+03 5.069138284421964045e+02 4.952033974636312230e+00 1.591512774249261156e+03 6.967858109250825160e-01 1.220330733713573863e+03 0.000000000000000000e+00 9.385897926300397103e+02 2.225541088460974493e+01 4.226702986384304950e+02 5.749185343809351707e+02 0.000000000000000000e+00 1.684402849915097022e+03 6.710017855992668956e+01 7.823347840199289749e+02 3.161867025361960373e+02 8.793247853812924575e+01
0.000000000000000000e+00 5.695188584971677983e+02 5.039999264989796757e+02 6.522006734837948443e+02 5.968939118666609020e-03 1.407358482279331156e+03 4.808536729103450966e+02 4.512183440503511065e+02 6.656392577601076554e-02 1.018300931441042962e+02 1.029202948777074378e-03 5.829263555317585970e-05 1.072108525483350604e+03 4.777306934030820003e+02 1.226042988039116835e+03 0.000000000000000000e+00 4.930283074926852578e+02 1.037683692295250694e+03 9.750836041132489527e+02 9.158027974948735883e-01 2.000602692157313527e+02 0.000000000000000000e+00 6.724087992785580354e+02 1.412702702383830456e+03 1.435042579459227774e+01 8.150172813225340178e+02 1.340078034201945911e+03 4.574772364814403431e+02 4.397719823107485126e+01 4.871746669467337938e+02 3.184478499198409907e+01 9.987143823690446425e+02 0.000000000000000000e+00 6.577333635621381518e+02 1.215807170756338792e+03 3.441232474903938510e+01 1.505534089308870875e+02
0.000000000000000000e+00 4.030317501567989069e+00 0.000000000000000000e+00 0.000000000000000000e+00 0.000000000000000000e+00 0.000000000000000000e+00 0.000000000000000000e+00 0.000000000000000000e+00 0.000000000000000000e+00 0.000000000000000000e+00 0.000000000000000000e+00 0.000000000000000000e+00 0.000000000000000000e+00 0.000000000000000000e+00 0.000000000000000000e+00 0.000000000000000000e+00 1.773384694998768964e+03 5.043524820933117780e+02 1.847447357463642561e+02 3.525545999007514411e+02 5.610136604146819082e+02 5.722451835822116806e+00 4.682482161577981472e+00 2.333922274186571097e-02 5.294079605824618540e+01 1.070387468964538812e+03 5.709780022376642137e+02 1.131584149422805652e+01 1.704718047939845178e+02 3.910314827321394091e+02 3.617855586574223707e+02 0.000000000000000000e+00 8.748733927322278987e+02 2.600604052459215154e+02 1.185352802656519088e+03 9.007604106570321179e+00 2.274600781940561660e+02
0.000000000000000000e+00 1.486926538822222881e+02 0.000000000000000000e+00 0.000000000000000000e+00 0.000000000000000000e+00 0.000000000000000000e+00 0.000000000000000000e+00 0.000000000000000000e+00 0.000000000000000000e+00 0.000000000000000000e+00 0.000000000000000000e+00 0.000000000000000000e+00 0.000000000000000000e+00 0.000000000000000000e+00 0.000000000000000000e+00 1.590259339025562895e+02 0.000000000000000000e+00 0.000000000000000000e+00 1.187009523575372899e-01 0.000000000000000000e+00 0.000000000000000000e+00 0.000000000000000000e+00 0.000000000000000000e+00 0.000000000000000000e+00 4.894354362633432629e+02 1.001126493655919489e+03 5.709793852330474762e-01 4.800093565033994878e+02 9.769013585421379275e+01 1.947828473442671111e+02 8.961387224308733721e+02 0.000000000000000000e+00 3.595037416522660010e+02 6.576660778192739087e+01 5.441639036549545949e+01 3.482323493410959259e+02 1.684710945765401391e+02
0.000000000000000000e+00 3.806330171044436952e+02 3.435184178355403901e+02 1.006154296550088381e-02 6.750366451811815978e+02 1.407989285356165896e-02 1.767432026764807460e+03 4.868416188472319561e+01 1.635103210918616014e+03 4.235129478346244696e+02 8.566264044665213078e+02 1.513684788785529918e+02 1.053132919504394977e+03 5.208968712886630215e+01 5.747433774398273272e+02 1.039162512199628964e+03 1.003482320583194110e+02 5.227934411879971321e+02 8.764769203961171797e+02 1.385323430780526223e+03 0.000000000000000000e+00 0.000000000000000000e+00 0.000000000000000000e+00 0.000000000000000000e+00 0.000000000000000000e+00 4.974300260241657640e-02 0.000000000000000000e+00 0.000000000000000000e+00 0.000000000000000000e+00 0.000000000000000000e+00 9.729779750816119304e+02 7.341123663539818254e-08 4.074587727328963069e+02 3.073300504574898184e+01 3.469721822916062024e+02 1.528062992047334092e+03 8.456357296736389344e+02
0.000000000000000000e+00 1.334738037514054838e+02 0.000000000000000000e+00 3.421240200832964096e+00 5.669982822992999445e+02 0.000000000000000000e+00 1.714404527498079005e+03 0.000000000000000000e+00 1.253265901789485952e+03 1.296622292205956455e+03 8.088249945445051026e+02 2.444045299639811264e-01 5.176396554241912327e+02 4.810703694830931632e+00 0.000000000000000000e+00 4.052998229650720319e+00 4.423380150397463808e+02 1.889984817303717790e+01 7.906816228428929207e+02 1.696307659959854219e-01 3.103373039497587911e+02 3.538480721957912875e-05 9.113808912142749250e+02 1.412183219748909778e+03 3.413739143934943172e+02 9.913656821612202066e+02 8.655621580506493729e+02 0.000000000000000000e+00 7.057805504400516838e+02 0.000000000000000000e+00 0.000000000000000000e+00 0.000000000000000000e+00 0.000000000000000000e+00 5.433217379043140909e+02 8.859629602658592376e+02 6.199587765935859807e+02 1.273758624661891901e+02
0.000000000000000000e+00 1.465834466456377640e+03 1.047460284666932921e+03 6.773723139831744788e+00 1.247525315954649727e+01 0.000000000000000000e+00 3.515881955058405310e+02 2.716594512206545460e+02 9.548634494131948713e+01 1.350084384512890438e+03 1.011694883367949593e+01 2.496608948850798697e+02 0.000000000000000000e+00 5.904325168823128251e+02 7.731561287990503795e-01 7.291007046720035589e+01 4.553309337845902149e+01 0.000000000000000000e+00 1.011392681571288810e+00 0.000000000000000000e+00 3.439515365994702734e+01 7.105227991629265034e+02 7.229421601120913010e+01 4.498028585359026010e+02 1.486997734618218772e+02 2.659459760143225537e+01 0.000000000000000000e+00 3.533615289639089951e+02 9.961041506244163202e+02 0.000000000000000000e+00 0.000000000000000000e+00 0.000000000000000000e+00 0.000000000000000000e+00 0.000000000000000000e+00 0.000000000000000000e+00 0.000000000000000000e+00 0.000000000000000000e+00
0.000000000000000000e+00 1.872768717110303779e-02 8.424039660204582560e+02 1.499321739745545528e+03 0.000000000000000000e+00 7.694157262636268797e+02 5.148379103745996872e+02 1.606260031964423433e+03 1.659597346134830332e+03 9.766559891800294935e+00 4.607894178241674581e+02 1.631161366409736956e+03 1.221741937320190763e+00 1.232951415697672957e+02 1.039215366871440160e+01 3.829105354224321900e+02 0.000000000000000000e+00 6.869687167761805995e+02 8.722235113051668804e+02 6.295277258857623792e+02 4.351777827995738903e+02 1.827800308258293853e+02 2.008341955706480064e+01 8.383261130799302236e+02 3.258101236292765179e+02 1.230864427374558090e+03 1.994659869502355409e-01 2.633250284327464783e+02 0.000000000000000000e+00 4.376189974151409956e+02 7.311654438801303613e+00 1.349433044914756920e+03 2.638372008692609825e+02 9.033940712797635797e+02 4.876760674187632389e+02 5.834760717869772861e+01 0.000000000000000000e+00
