output/example_1/lateral_incision_000271.asc
nrows	75
cellsize	13.33333333
xllcorner	0
ncols	75
yllcorner	0
NODATA_value	-9999
[rows 34 to 50 of 75, columns 0 to 36 of 75]
0.000000000000000000e+00 1.483675272438168349e+03 3.650142848739562851e+02 1.511972515970968516e+03 2.712100268832047618e+02 5.572436769836907189e+01 8.009480295380589041e+02 7.332885635059454899e+02 2.275144746366360096e+02 2.441926161872555952e+02 5.779604599691421072e+02 6.131719718406228594e+02 1.244204819945098563e+02 6.286744381521231873e+01 5.802579778907855825e+02 4.205428118788403253e+02 4.905378866750806992e+02 1.332266946158285009e+03 1.546807715263832506e+03 3.262846159987570438e+00 8.379345838082854243e+02 1.175639198391904756e+03 7.139407879869181670e+02 2.984345932419920189e+00 1.512421653406251608e+03 1.069976674496546821e+03 6.882935809257113533e+02 6.402485238346571350e+01 4.409880243610469961e+02 2.670816557833462070e+02 3.611611101027505697e+02 4.537456375048398272e+00 2.933489392736499894e+02 7.121893871951559731e+02 3.306383917648891497e+02 2.087228599772180004e+00 1.371633325898571684e+03
0.000000000000000000e+00 1.600380151253584017e+03 4.587612160325559785e+01 5.720745100781394967e+02 1.295486125189396489e+02 3.644788755444645858e+02 8.916661527650772996e+02 1.487345731989545811e+03 1.165087030507152122e+02 8.749260901680075975e+00 1.456052303165886315e+03 7.690897158812732641e+02 1.392949463117509595e+03 2.364755153338080618e+01 1.043477472021381345e+03 3.284378168171563743e+02 0.000000000000000000e+00 8.610876682683200443e+02 3.950510778007331396e+02 1.303867602095509426e+02 2.714243308321640029e+02 0.000000000000000000e+00 4.616422619941884591e+02 6.814811026183092757e+00 1.566887480268499985e+03 1.232429775844678261e+03 1.298893182435947153e+02 1.306195118209027896e+03 4.769909709601833470e+00 4.655145328873266521e+02 6.349923432990091214e+02 3.702605457541528153e+02 5.030457520993542744e+02 1.174879103409786467e+03 3.425887550170251217e+01 1.993196897476672120e+02 3.958693146945505004e-02
0.000000000000000000e+00 7.257065473062596084e+01 4.664413372513397382e-01 4.925256614223564355e+01 6.444947636371205135e+01 9.688256921795108667e+01 1.437600507121175326e+02 1.679862453746626016e+01 1.164347185043720856e+01 9.280323645265061714e+02 4.909850828085961325e+02 9.729144423240444484e-01 0.000000000000000000e+00 0.000000000000000000e+00 1.607113398598773557e+01 4.247551512357782144e+02 1.250716965317706581e+03 0.000000000000000000e+00 2.429032755727822632e+02 4.058470440047836405e+02 2.106356707102822767e+01 1.007353994238758617e+02 4.327745551489389442e+01 1.627597196340195751e+03 7.069193348229440517e+02 1.568190032893999160e+02 8.344281356688522919e+02 8.317875558541976488e+02 2.210188690047185212e+00 7.059599877171220328e+01 3.175555243476616329e+00 1.071096626474907776e-01 3.194838869333505045e+02 1.266805603376452837e+03 9.601343137935305805e+00 1.170946584552356398e+03 1.198660222819268206e+01
0.000000000000000000e+00 6.839025696198542619e+02 3.261071746593986518e+02 2.228843069375555217e+02 9.827532952373397848e+02 6.063141301662601563e+02 8.975126469159207545e+02 5.629689025357780565e+02 9.303268727625106749e+02 3.042261068537789015e+02 1.035341183679033520e+03 9.621420396470346077e+02 5.132703001716995459e+02 2.920772948162057219e+02 5.230245169251331845e+02 1.522448452537923231e+03 1.932516439928132854e+02 1.272399383625016071e+03 5.939018314486847139e+00 3.713212819823541508e+02 4.901362507812601734e+02 1.684551974474298504e+03 2.874276228309634575e+02 8.267508974759265072e+01 6.301344184916803925e+01 4.998471063775219818e+02 1.290139548316591060e+02 0.000000000000000000e+00 2.338341862600043441e+02 1.033079941476672047e+03 5.900301435894672295e+02 1.295706356790295217e+02 2.954542835564985381e+01 1.036331393626775821e+02 1.519292127158043513e+03 4.662457448824876671e+00 2.016504723494017526e+01
0.000000000000000000e+00 0.000000000000000000e+00 1.107975317935763997e+03 0.000000000000000000e+00 9.151371523807614494e+01 8.593091602314447073e+02 5.504662175146614800e+02 4.772487417380166335e+02 6.481629664329341400e-02 1.518490268711164859e+01 9.428371568483896681e+01 3.477707010971835757e+02 0.000000000000000000e+00 1.216049951156330167e+02 3.661170408195653181e+01 9.603546095708289840e+02 0.000000000000000000e+00 9.974920985946992005e+02 0.000000000000000000e+00 1.360351676654363757e+02 1.330211821959255076e+03 2.397750097165095085e+01 5.708793213482132956e+01 7.388869303860307269e+00 1.259318306770029722e+03 1.368767530036293465e+02 4.017260257722308552e+02 9.019741886836801541e+02 7.020116771448795134e+02 2.196858657481541286e+02 5.923619699683874984e+01 2.070204990577477702e+02 3.751520613779824771e+02 2.678055463240848439e+02 4.071294097181038865e+02 5.256722087338114413e+00 4.668991560956477826e+00
0.000000000000000000e+00 1.300910977518194159e+03 1.467209008598143555e+03 6.058187512816920162e+02 3.248133183585165398e+02 3.035362949334976861e+02 9.711015616167530595e+01 1.603699476207358998e+01 2.677795436723971737e-06 1.019914539023517897e+01 7.068858534666127298e+02 4.015802293234600597e+02 4.138192127237510931e+02 3.076681935275580599e+02 5.108080381860245325e+02 9.217799409318010930e+02 2.678835119927180042e+00 9.483205450807329129e+00 0.000000000000000000e+00 1.052363043798993203e+03 1.083925699283111044e+02 8.148600921509533919e+02 8.101281853961245361e+02 2.939708824373643559e-01 1.018099367057277220e+02 6.342099537739256943e-02 3.119396413898751348e+02 2.711824800695553872e+00 4.749878349581528028e+02 9.484712799130320491e+02 0.000000000000000000e+00 8.083724639342575529e+02 1.470147198980899020e+03 2.169513208736542822e+02 4.403812417825656667e+02 8.553720986582084151e+02 5.204646050659982848e+02
0.000000000000000000e+00 0.000000000000000000e+00 2.988976058240839784e-01 4.298439150645572795e+02 2.353776492870745329e+01 1.857571343556358201e+01 2.005894158405383682e-03 2.489479767233764539e-03 3.276787488581724261e+01 2.783769600763218666e+00 1.898844835974183525e+02 0.000000000000000000e+00 7.298087390703804545e+01 1.003073504125355385e+03 4.670386422495689089e+02 3.236060190505630203e+02 1.054041354977368838e+00 5.326357342615738588e+01 2.379011844188072189e+02 5.105385375190622881e+02 1.469311003594608565e+03 1.393326729754356847e+02 2.484695023620740812e+02 1.351235243616765047e+03 2.133958052578988429e+01 1.285425559018538877e+01 3.970475795502604797e+02 0.000000000000000000e+00 1.491411412391772728e+02 9.543721431265543060e+02 5.830875953648721577e+01 6.867367974329741855e+02 5.946730868638985257e+00 1.145286247911962619e+03 8.838951784836203842e+02 1.358029908304179116e+03 1.098081179457401959e+03
0.000000000000000000e+00 8.096522616869858666e+02 1.596510993227578638e+03 1.602833397988308207e+03 2.896465191709352212e+02 2.426644634482944429e+00 1.676958743886356373e+01 9.385815851269545647e+02 2.802058033221387063e+02 3.334547598327982882e+02 3.230225523775021088e+02 1.193444114471469902e+03 1.395661867406678539e+03 4.799389808885946351e+00 1.259712932369516466e+03 5.722402329369616325e+01 2.452687629838877683e+02 4.400631011152887595e+02 7.503436892823759585e+00 9.548114928420038723e+02 4.945420373145792610e+02 8.772263130884358873e+01 1.745453010838535874e+03 5.409317207477414513e+02 2.152472324589215873e+02 7.919937303033062790e+02 3.460571907976985244e+02 3.592277719555653004e+00 1.719987283939554743e+02 7.391620419516229958e+02 2.906979758471529562e-01 1.078429566071533372e+03 1.610424319197876173e+02 2.610903677021873932e+02 5.918007183664848725e+01 8.476824972823149551e+01 5.311327859933888895e+00
0.000000000000000000e+00 1.375929847779765396e+02 5.752052196764982455e+02 1.817980145914101797e+02 7.389262712578607761e+02 4.637172011045286126e+02 1.336591381979470043e+03 2.941454219126114253e+02 8.354966434964549649e+01 4.521615104804511986e+01 9.848944298372646244e+02 5.923969311701298466e+02 5.720811951077278934e+01 1.790690590276636271e+02 1.240781876403402293e+03 2.272819681242094703e+02 1.175946146129906765e+03 3.622859341965657336e+02 0.000000000000000000e+00 3.610770414559206074e+02 1.056596212517825506e+03 7.918146001631725994e+01 1.562713974264108856e+02 3.319007970125599627e+01 6.943316965136162366e+01 4.295626863245268510e+02 1.052416219294391112e+03 1.773903748136070324e-01 5.505780593936826790e+02 1.323417171152232868e+03 4.253771453125754647e+02 1.040782634541922334e+03 1.803520181785540331e+02 3.010830551822007806e+02 4.113115611359985380e-02 1.291881154890633070e+03 7.977920979989511352e+02
0.000000000000000000e+00 6.027121090063234305e+02 1.191000409106991675e+00 2.257480349700403224e+02 3.962245465688958301e+00 3.363330500922714350e-01 9.600062816858538781e+02 2.225153834405967146e+01 9.921627616083071644e+02 1.335013565060343133e-01 2.476984816494411064e+02 6.708694800352916445e+02 5.631905772029832633e+02 1.948105551623024212e+02 5.907486588150179614e+02 4.146047213481654126e+02 5.145750106576823555e+02 1.994483281450673076e+02 6.933148412251889567e+02 1.668315549022132700e+02 4.486005112555733376e+02 6.315265170358215663e+00 4.986453571520766559e+02 2.221428007851080633e+00 4.781105892971513072e+02 6.614108050932216543e+01 1.026891400050747016e+01 1.899244493436058008e+02 1.697715849493245059e+03 8.615750075688328735e+00 6.154707815908891178e+01 2.115290540723978552e+02 3.119141294505683959e+02 6.392799324360176616e-02 4.105708692649528757e+01 5.452188801831325691e+02 2.239152274479904747e+02
0.000000000000000000e+00 5.695070121547832969e+02 1.494317208134496695e+03 2.294312408400144534e+02 1.401416679117849576e-03 1.414716492084952961e+03 9.921753316966334069e+02 2.335462582148759623e+02 1.458675468497474185e+03 4.718483034536185983e+02 9.219111349868376237e+01 7.551250352697952195e+00 1.578985527259490937e+03 2.238739071241905947e+02 1.217784225277385076e+03 6.996650110618918461e+01 2.657359571820242650e+02 0.000000000000000000e+00 2.638854809403492396e+01 1.100755868198853250e+03 4.120727037806792836e+00 6.660006125181894276e+02 1.119629289295086437e+03 1.347144619829646786e+02 2.628844194235231271e+02 6.002712326494232542e+01 6.486192934384243927e+02 3.420037338353852761e+02 1.800259708746729359e+02 1.673550662764731385e+02 1.075377035910304130e+03 1.167181699210236275e+03 2.997467982092522334e+02 1.811523168122114953e+02 1.960212133038734450e+01 9.856181982936985941e-02 5.001670674769912921e+02
0.000000000000000000e+00 3.878158162598421388e+00 0.000000000000000000e+00 0.000000000000000000e+00 0.000000000000000000e+00 0.000000000000000000e+00 0.000000000000000000e+00 0.000000000000000000e+00 0.000000000000000000e+00 0.000000000000000000e+00 0.000000000000000000e+00 0.000000000000000000e+00 5.351102019315243297e+02 0.000000000000000000e+00 2.355849714363271801e+02 3.870489062909640552e+02 6.087451210370137460e+02 1.131888063125205406e+02 1.047439028777101413e+02 1.907464284175790681e+01 8.647842115659016144e+02 0.000000000000000000e+00 1.082725108928955478e+03 1.153266714778742653e+03 1.787728716110699878e+01 5.963592369009403455e+02 1.133747428044863739e+02 8.708744845854657513e+01 2.645387391302716384e+00 5.144074917316188476e+02 1.605010088823504759e+02 2.818457423539991282e+02 2.258445135129479411e+02 9.418886684383199963e+02 4.712557464371139986e+02 4.265428136494046640e+01 3.786560328250826615e+02
0.000000000000000000e+00 1.466780272937159566e+02 0.000000000000000000e+00 0.000000000000000000e+00 0.000000000000000000e+00 0.000000000000000000e+00 0.000000000000000000e+00 0.000000000000000000e+00 0.000000000000000000e+00 0.000000000000000000e+00 0.000000000000000000e+00 0.000000000000000000e+00 3.618911337304397957e+00 0.000000000000000000e+00 0.000000000000000000e+00 0.000000000000000000e+00 0.000000000000000000e+00 0.000000000000000000e+00 0.000000000000000000e+00 0.000000000000000000e+00 0.000000000000000000e+00 0.000000000000000000e+00 1.634509597108349681e+03 5.283773806590119193e+02 2.626214883554849848e+02 9.424683230575017205e+02 8.289902822711536601e+02 2.985870259777220870e+00 1.208038505765826613e+02 2.926424251565855883e+01 5.661219105054881595e+01 1.557661936299521983e+02 3.872844213008469438e+01 1.356922137222588844e+03 8.248704031430446548e+02 1.363252211443310671e+02 2.252825027037630790e+01
0.000000000000000000e+00 3.805663115124858109e+02 6.494578011185092237e+02 1.166143573315891580e+01 5.660969862738421625e+02 1.162780351848969396e+01 1.489340828957735766e+03 2.905790484223878423e+01 1.522519407308173868e+03 3.012044589851649334e+02 1.593352180739740106e+03 0.000000000000000000e+00 3.733913158443550060e+02 3.153972744094525069e+02 4.799903018134332342e+02 0.000000000000000000e+00 9.186522442197550617e+02 0.000000000000000000e+00 1.401414930017828340e+02 1.102445815323658735e+03 0.000000000000000000e+00 0.000000000000000000e+00 0.000000000000000000e+00 8.417161595875023750e+02 1.550818824837466309e+03 1.207184059066529699e+03 5.637161636835356093e-01 8.014183135251776093e+02 8.823344180846206655e+02 1.782174394623076239e+02 6.843596395884162575e+02 0.000000000000000000e+00 1.303594035528101813e+03 5.045310209261697310e+02 2.117107159987210707e+03 6.641096059874520279e+02 1.348951334538539992e+00
0.000000000000000000e+00 1.227736116489282239e+02 1.532148375530683282e+00 7.935889311321961404e-02 4.364899586343145010e+00 6.536412464837046628e+02 1.373735949802358846e+03 0.000000000000000000e+00 4.417474072886750491e+02 1.129547110957562381e+02 3.784430864643443249e-01 2.051120511034604021e+02 8.056121139757765377e+02 5.583364771882678497e+02 1.387638039538014937e+03 1.528642441477777083e+03 6.505523399041635457e+01 1.281502418959998749e+03 1.538354444532591003e+02 5.785933191796145403e-01 1.015582463715741710e+03 5.493196674438352708e-04 1.537981281273838476e+03 0.000000000000000000e+00 1.541600085651847166e+03 1.904957504908566790e+01 1.146982448923361517e+03 1.272761027706121695e+03 2.662392222992241222e-02 0.000000000000000000e+00 1.089549792868772784e+03 3.968680677626447717e-01 1.253104708597108129e+03 5.528308928692379141e+02 5.000038559725397249e+02 1.315157876913534210e+03 5.430657721036548082e+02
0.000000000000000000e+00 8.481293918552853484e+02 1.870343707175724290e+01 5.001028324837667682e+00 0.000000000000000000e+00 8.128690803101881102e+02 1.296819152226821359e+02 2.248162550668464519e+02 1.254567665113976318e+02 1.412718279739729496e+03 7.767783163948567271e-01 4.217209057729234019e+02 9.702583285764617358e+02 1.701219487605384057e-08 1.294306928108795091e+03 3.939564162787545598e+01 1.325782286222439325e+03 2.376004504329072375e+01 6.257799911996715991e+01 5.648536910372380362e+02 0.000000000000000000e+00 5.019711446748664798e+02 0.000000000000000000e+00 0.000000000000000000e+00 0.000000000000000000e+00 0.000000000000000000e+00 1.753212917876632512e-02 9.041984823669079105e+02 6.057645215331712052e+01 0.000000000000000000e+00 8.515305946295102046e+01 6.064760616548271628e+02 2.793161215229599392e+01 8.672081060481400527e+02 8.991683425156770681e+02 4.629521515168381143e+02 1.678743997270098021e+02
0.000000000000000000e+00 0.000000000000000000e+00 6.468543755171910448e+01 0.000000000000000000e+00 0.000000000000000000e+00 7.694157262636268797e+02 5.148379103745996872e+02 1.006133543248476485e+03 6.494437328893900130e+00 1.493324282557983452e+03 1.463584699060544170e-01 1.302701308374425707e+03 1.115172796496407727e+03 1.840460953450849786e+02 1.146038515115951441e+03 4.173490719866282461e+01 1.552057685178633392e+03 5.981498093210780046e-04 4.833590186478510304e+02 4.798989277858690627e+01 8.328803493134105338e+02 2.368614979319874791e+01 1.588445117357080960e+02 0.000000000000000000e+00 1.679670537792699406e+03 1.497534233001254051e+03 2.914196469718216917e+02 1.173063301697650385e+00 2.081483123654506642e+02 1.424063537357088762e+03 7.439994360655066430e+02 4.687502431410565009e+02 0.000000000000000000e+00 6.880894309750041202e+02 8.887594373002103794e+02 4.794587427659876653e+02 1.224625903798744957e+03
