output/example_1/lateral_incision_000101.asc
nrows	75
cellsize	13.33333333
xllcorner	0
ncols	75
yllcorner	0
NODATA_value	-9999
[rows 34 to 50 of 75, columns 0 to 36 of 75]
0.000000000000000000e+00 5.772338564656399740e+02 3.179452984131968947e+02 8.027897497021740492e+02 8.508790616647946559e-01 8.026801510485473727e+02 1.058194960886274657e+03 3.123676807623834293e+02 1.150003249715511799e+02 2.999826943433039332e+02 8.622568291592264700e+01 4.334822093345641747e+01 1.014026558295438690e+03 5.644929958275913151e+01 5.307733789844175376e-02 1.025519450348428336e+03 1.704155442439605039e+01 1.091038914858432349e+02 5.060217370130263248e+02 0.000000000000000000e+00 2.626914105290477437e+02 1.376741799850618690e+03 2.774710115963830503e+02 7.356441359613452278e+02 3.463712021863173174e+00 1.297860688763148005e+02 2.747521185704570712e+01 4.534945575896433070e+02 1.264514850080211090e+02 4.726405775643112150e+00 2.494136984447561076e+02 4.587255549411706284e+02 1.259588274441813155e+03 1.390491842135116485e+03 1.594164914730533383e+03 2.424280781089827919e+00 2.739459166842893723e+01
0.000000000000000000e+00 7.168377887071729049e+01 8.552382636176858455e+01 3.737090285033234522e+02 2.441397176253599977e+00 1.171413956972546657e+03 9.302524258503063948e+01 2.586071887662644713e+02 1.006496982837832093e+03 7.361052226524289210e+01 9.349944340175821367e+01 1.397408762345129844e+03 2.412593386786670902e+00 1.861608296464568824e+01 2.578495665487883457e+02 1.760348058322112941e+00 1.049442025490390940e+01 1.649331765982747982e+02 1.024818008819811894e+03 1.237476947412009167e+03 1.772047824253451198e+00 1.257945027130646167e+03 4.959000989970101045e+02 1.584548794269469226e+03 0.000000000000000000e+00 2.161513371737888463e+02 7.008872388823442634e+02 1.184477163731236033e+03 1.874006990418027669e+02 3.690650431477299094e+02 2.234348062364959753e-01 1.215832685217941389e+03 5.232133054317516780e+02 1.623289952292861017e+03 4.183572196413354760e+00 3.132518821232114874e+02 9.779558839268611337e+02
0.000000000000000000e+00 2.582443510392948269e+02 7.909138037933526100e+00 8.091921647789196470e+01 8.176551512491860763e+01 6.785317398756150808e+00 3.860178614810214413e+02 4.364753603592515674e+01 1.647358844171061037e+03 6.371329651064659174e+02 4.613714989042404682e+02 0.000000000000000000e+00 1.424697003007868716e+03 7.320865026108082247e+02 1.607113398598773557e+01 7.338659723635777787e+00 2.243921932730276581e+01 7.683527982272838699e+02 1.073853961988366592e+02 1.099181594143010670e+03 0.000000000000000000e+00 0.000000000000000000e+00 4.853296539166810142e+00 0.000000000000000000e+00 4.379821378711220632e+02 7.463073481821808741e+00 3.411271633821052092e+02 1.316997756758856610e+02 8.619167086797909860e+01 1.426885693267225406e+03 1.241431365228663708e+03 9.231071731706300909e+01 3.469810245059288718e+02 8.974926776967534492e-01 1.675124522089489346e+03 5.507036576880535677e+02 3.889280369492174714e+02
0.000000000000000000e+00 4.955384542194456117e+02 2.894439004511326061e+02 1.478857504403857206e+02 1.223225031202054197e+03 7.940655072609215495e+02 1.620223230235420942e+03 1.491763931875934901e+01 7.229333962011785388e+02 2.661672627634017658e+02 1.017217579791488106e+03 6.860329332992592981e+02 2.320868967625640096e+02 5.912091272701459899e-02 1.356015273791624266e-02 5.064552504961839929e+01 3.258151890586619288e+02 2.750381936665816429e+00 6.526021661182392108e+02 9.555043068893091629e+01 1.667003632654756302e+03 8.546834377601354049e+01 9.600669133744507917e+02 2.809903274655186465e+02 2.048811414123000247e+02 1.056690016018278584e+03 3.019178756601451141e+02 6.776582343857231763e+02 3.558250774191298177e-02 1.672941791769920528e+01 5.077474277551090154e+02 1.295001868983883014e+03 1.047714026835244283e+01 1.180312721420188154e+03 2.882923123698749812e+00 2.306527090312948403e+01 1.035993662161852313e+02
0.000000000000000000e+00 5.477487118289376440e+02 9.609392150241782247e+02 2.899008664603227037e-01 4.572700573098549270e-01 1.569364786473843587e+01 1.661784548300243216e+02 3.473122109979210563e+02 6.481629664329341400e-02 7.748687720164573633e+00 3.679113180547613382e+01 2.418398819976776224e+02 1.940850420530709286e+01 0.000000000000000000e+00 1.068833147438187625e-04 5.412343534237847962e+02 8.392661094940046951e+02 1.478754964078339071e+02 2.561194540361191230e+02 2.515650211520670965e+01 1.027862427243064047e+02 0.000000000000000000e+00 3.646249851221456311e+02 4.761480639726953541e+02 9.118102267822230260e+02 5.405546764625045242e+00 1.873623916706311547e+02 0.000000000000000000e+00 1.439482605684153214e+02 2.490677940135362434e+01 1.107077673813390248e+02 3.448322465370592340e+02 8.613177218228624099e+01 1.424136580629133277e+03 8.884532751604183431e+02 6.034098057713897134e+01 4.210107787225142451e-01
0.000000000000000000e+00 1.606934715779284716e+03 4.827005006327640331e+02 7.917526396101986847e+02 4.179715804749266350e-02 0.000000000000000000e+00 0.000000000000000000e+00 5.559624761960914263e+00 2.677795436723971737e-06 0.000000000000000000e+00 2.448897273321380226e+02 3.493837469131097464e+02 1.631249335167905429e+03 1.620746352304027482e+02 2.723868820284428125e+02 2.749023335068694109e+02 1.063540846771591987e+03 1.234336848554541803e+03 8.328744440128034512e+02 2.820614434902391565e+01 3.099721627220679121e+00 0.000000000000000000e+00 1.433098958362752917e+00 0.000000000000000000e+00 4.696856468597074468e+02 2.424640149050008802e+02 3.056093023229335586e+02 6.735735274358084501e-01 8.992086302548764252e+02 2.617692526467405969e+02 7.991760808605107513e+01 7.900744038667235145e+02 4.029447251675387420e+00 1.635709779555490968e+03 7.757604679380041546e+01 1.411835327297791309e+02 2.682777357567426861e+02
0.000000000000000000e+00 2.637525306610929761e+02 4.449171139223865907e+02 9.963553848711623573e+01 2.335324791193728089e+01 1.857571343556358201e+01 2.005894158405383682e-03 2.489479767233764539e-03 0.000000000000000000e+00 0.000000000000000000e+00 5.934806358144886644e+02 1.447206024922820234e+03 1.579234263708981789e-01 2.375760434966932166e+02 1.976340470188025051e+02 1.234065817666024998e+02 0.000000000000000000e+00 3.403569417836597495e+02 3.730242625137897790e+02 8.585681469324670800e+00 3.174030647739258484e+02 6.829767950202696625e+01 1.059165742990242961e+03 4.600058908647636713e+02 1.518821305968174329e+03 3.719828490806046375e+02 3.164956102596193688e+01 1.763951108870908797e+02 1.390776531623051593e+00 7.619076443107544492e+02 9.126352719188412266e+01 6.537596784716988907e+01 1.707353719842328019e+03 2.489879695542624172e-01 1.425214841390780975e+03 4.355996961855233280e+02 1.145840807265556123e+02
0.000000000000000000e+00 1.665747994977888538e+03 1.067900935965729332e+03 1.564398539192183762e+03 2.896465191709352212e+02 2.426644634482944429e+00 1.676958743886356373e+01 1.252521951022917968e-01 3.345097290596198150e+02 2.385012082082585323e+02 7.160749362272435974e+02 4.120615783789696138e+02 6.955105557569314101e+01 0.000000000000000000e+00 2.236403499470555278e+00 2.241996109712176890e-06 2.087613995166339009e+02 7.930480140804675102e+02 1.045788342388965475e+02 0.000000000000000000e+00 1.555355947200276432e+03 4.811083657989963847e+00 5.655575885964909588e+01 2.920335193974732988e+02 2.698505891971457871e+01 4.365734441711363161e+02 2.496361832165027383e+00 1.290891352185697770e+03 3.508180334221019381e-01 1.281129527390216083e+02 1.316884625667983089e-01 5.945575413077214222e+01 1.347725940300488446e+03 3.802921455120933274e+02 1.347098798960610111e+01 2.826245572822925851e+02 6.531940659211065849e+02
0.000000000000000000e+00 0.000000000000000000e+00 5.750046490989519725e+02 1.817980145914101797e+02 2.607189507088962728e+02 4.637172011045286126e+02 6.201805449991707064e+02 3.127878848753708212e+02 6.534775382884857891e+02 7.895521875437452763e+02 2.471444662358462949e+02 3.026125172782395225e+02 1.478350013637659458e+03 4.273363526230899083e+02 5.329476396999375254e+01 0.000000000000000000e+00 1.090533100251058585e+02 1.109805807850598512e+03 7.755041973750631996e+02 3.895451618537479703e+02 0.000000000000000000e+00 6.420139041435799072e+02 1.472646517281006709e+03 1.714983473595285204e+03 1.110305625841141818e+03 5.537545553314536129e+00 3.983836583055697100e-01 1.269843593993975475e+02 1.561557242526726554e+02 1.268493136316182834e+01 5.586840151074211462e+02 7.951726010389129442e+02 3.335476690875112240e+02 9.149473938416277861e+02 1.279630282652909955e+03 7.309699306400395002e+00 3.380642416371521790e+02
0.000000000000000000e+00 5.831114568923408115e+02 1.191000409106991675e+00 0.000000000000000000e+00 5.952889619244532469e+02 8.638499271375255972e+00 3.326032258389003573e+02 5.775252727768876184e+02 0.000000000000000000e+00 6.786067679070160921e+02 9.156479494878909691e+02 1.539676231018911494e+02 6.105575153194233735e+02 0.000000000000000000e+00 2.141526476631156584e+02 0.000000000000000000e+00 2.574091769000987711e+02 0.000000000000000000e+00 1.633984181487674959e+03 1.764848967366232202e+00 1.187902697004719585e+03 3.911732849752827406e+02 1.060422123001503223e+03 8.830818552849596017e+02 2.948423422874183757e+02 6.614108050932216543e+01 4.113432770139877448e+02 1.532845165309913966e+02 2.475114030392928157e+02 1.269653875464518705e+03 2.839263930257382285e+01 1.363682120903407395e+03 7.234060795845930443e+02 9.816124381417046152e+02 3.871071870521657843e+02 1.587749989715869333e+03 0.000000000000000000e+00
0.000000000000000000e+00 5.694980133021615529e+02 1.494308313979694958e+03 2.610150745988662990e+01 5.108401683518330856e+02 2.198109926744414793e+02 1.095562335444384871e+03 1.242564825817156361e+03 1.197966629110176484e+02 2.497125807732646975e-06 1.014436303493605124e+03 3.660603793194051292e+01 9.112809399398973937e+02 3.368487925058747692e+02 4.548411201978773875e+02 2.477418580778689829e+02 5.042381706759505846e+02 1.371849441400496744e+03 7.818791771610854084e+02 1.770941781539796533e+00 6.267882628752322489e+02 9.468944289727643238e+00 4.551992396337816871e+01 5.837598222871069993e+02 7.601238419341598274e+01 2.398578944853344108e+00 1.556500142470097501e+02 4.364574104161326886e+02 8.192291084737843221e+02 6.482701945397509462e+02 2.390370476575288592e+02 0.000000000000000000e+00 3.611253860906487603e+02 2.098145343678351935e+02 0.000000000000000000e+00 0.000000000000000000e+00 1.360297356370112766e+03
0.000000000000000000e+00 3.878158162598421388e+00 0.000000000000000000e+00 0.000000000000000000e+00 0.000000000000000000e+00 0.000000000000000000e+00 0.000000000000000000e+00 0.000000000000000000e+00 0.000000000000000000e+00 0.000000000000000000e+00 0.000000000000000000e+00 5.742241645624131934e+02 3.198742252097335381e+02 1.140245457555992743e+03 9.818923805655273895e+01 4.222422235920179787e+02 2.056898429371079544e+02 1.599155319399349537e+03 2.827643915901286720e-01 1.629691865448063027e+03 0.000000000000000000e+00 5.580773443775208307e+02 4.679966881207155893e+01 0.000000000000000000e+00 9.419748540434455890e+02 1.413556611120351079e+02 7.018647618298499538e+02 4.791661009886843203e+01 0.000000000000000000e+00 7.016055803311739965e+02 3.094729878481026475e+01 6.954335003810987814e+01 2.083136614429641895e+02 1.627653045612615479e+00 5.291671710288688928e+02 3.409117620626081191e+01 1.414740751554478493e+03
0.000000000000000000e+00 1.020450317749817799e+02 0.000000000000000000e+00 0.000000000000000000e+00 0.000000000000000000e+00 0.000000000000000000e+00 0.000000000000000000e+00 0.000000000000000000e+00 0.000000000000000000e+00 0.000000000000000000e+00 0.000000000000000000e+00 0.000000000000000000e+00 0.000000000000000000e+00 0.000000000000000000e+00 0.000000000000000000e+00 0.000000000000000000e+00 0.000000000000000000e+00 0.000000000000000000e+00 0.000000000000000000e+00 0.000000000000000000e+00 5.725644601735687047e+02 7.932952102353001465e+02 9.650247127219137155e+02 4.222061893008462334e+02 4.692218826303092101e+02 5.518049215329081392e+01 1.195942348987863852e+03 5.046199687625168906e+01 6.851469992868718464e+02 1.427995211181845718e+02 4.661791935633524275e+01 7.620773086366278903e+02 8.792792161238826338e+02 8.923655802658694256e+02 2.200598084999069926e+01 4.792025975870884480e+01 3.962173282504227956e+01
0.000000000000000000e+00 3.805663115124858109e+02 5.309722896209793817e+02 1.085086141862383101e+03 1.743040478074456360e+03 9.037284856650185816e+01 1.667651195607164482e+03 1.681739734030698180e-02 1.327604204778355097e+03 7.684152932655013046e+01 3.818047288090806433e+02 6.911869210565960486e+00 0.000000000000000000e+00 1.445576703953683136e+03 0.000000000000000000e+00 0.000000000000000000e+00 0.000000000000000000e+00 8.991177117901269185e+02 0.000000000000000000e+00 0.000000000000000000e+00 0.000000000000000000e+00 0.000000000000000000e+00 0.000000000000000000e+00 6.875500299839833360e+02 1.074609144590921517e+02 1.305252793503321982e+03 3.064347584577592087e+01 5.750077100458134538e+01 3.007648386273070074e+00 1.602048891224360148e+02 6.909015947740782622e+02 1.492885233449690929e+01 1.322199027203139167e+03 5.653885357685862800e+02 4.301389382716766363e+02 2.418033824916981871e+02 0.000000000000000000e+00
0.000000000000000000e+00 1.227736116489282239e+02 9.636526375966666391e-01 5.794326112522381891e+02 0.000000000000000000e+00 5.686291214964733172e+02 1.527144310392210855e+03 0.000000000000000000e+00 1.532826428069486155e+03 0.000000000000000000e+00 2.291969748231427104e+02 1.029131706136982302e+03 1.328330784956465550e+03 7.733587551424963083e-03 1.091454369758286248e+03 3.774263244798546566e+02 1.227393775579362455e+03 1.774789333680440562e+00 1.419890292988995498e+03 3.867578167082014033e+02 4.781892763639826853e+02 0.000000000000000000e+00 6.223682219148727768e+01 3.692972020644610942e-01 0.000000000000000000e+00 1.812267194147123561e-01 1.019799116819231358e+03 8.161722393646630280e+02 4.886728119836522524e+02 9.720018772975274146e+01 1.126841266832535894e+03 5.586327308888935761e+01 1.482729987526623461e+02 1.312395281394155518e+03 1.034969808054280078e-02 7.149930218179328278e+01 1.722376324610205511e+00
0.000000000000000000e+00 4.989214005198005283e-04 4.371594222229365639e-02 6.135841050045138800e-01 0.000000000000000000e+00 1.249332467222604777e+02 7.987255393212343790e+01 1.831746943877946876e+01 9.345335290281360585e+02 0.000000000000000000e+00 2.710606372521855292e+02 9.782323365116531022e+02 1.843480119108086228e+02 1.741119978606642690e+03 0.000000000000000000e+00 1.349838954359370291e+02 6.054995339814087885e+00 1.500354556393539497e+03 0.000000000000000000e+00 0.000000000000000000e+00 3.940724951848706969e-01 1.283509044048482338e+03 7.583479155839028181e+02 2.367928269659700504e+02 9.581633264106635579e+02 1.039452308636464295e+03 0.000000000000000000e+00 0.000000000000000000e+00 0.000000000000000000e+00 0.000000000000000000e+00 1.502159473677603501e+03 1.238097051230982970e+03 3.279007854599246263e-01 6.208828005359727058e+02 1.405811766172762702e+02 0.000000000000000000e+00 1.051351498232244694e+03
0.000000000000000000e+00 6.502778808195114379e+02 4.909485018324783141e+02 1.384011067462178971e+03 0.000000000000000000e+00 6.460174568202181611e-01 4.247585224395650130e+02 5.826526448492122654e+02 1.442134125212546962e+02 1.150208708972905924e+03 4.302669324953315595e+02 7.449797264862644264e-01 1.032691644288980655e+02 8.898000873113353464e+02 1.224909103375268700e+02 1.244338291574774757e+03 3.934440342596819562e+01 7.573724271688441831e+02 0.000000000000000000e+00 9.860010422648728934e+01 2.562818551822565638e+01 8.260170023080258943e+02 0.000000000000000000e+00 5.936500938706973329e+02 3.869698790915340396e+02 1.515561646220939167e+02 0.000000000000000000e+00 0.000000000000000000e+00 0.000000000000000000e+00 0.000000000000000000e+00 8.274157116284010238e-02 0.000000000000000000e+00 1.763669018885583228e+03 3.043797172044769468e+02 8.630046414254622960e+02 6.088281497089681693e+01 3.285438066193001987e+02
