output/example_1/lateral_incision_000114.asc
nrows	75
cellsize	13.33333333
xllcorner	0
ncols	75
yllcorner	0
NODATA_value	-9999
[rows 17 to 33 of 75, columns 0 to 36 of 75]
0.000000000000000000e+00 6.024438448527600940e+02 1.590131542182353712e+02 3.463605898864975075e+01 1.075589678051214193e+01 1.056842081473517055e+03 3.839259028859027580e+02 2.883302321833150472e+02 8.303766414578232116e+02 1.556381578436108803e+00 9.660638917747328378e+02 5.893204888318214216e+02 7.765286378405517098e+02 3.495161851694481356e+02 7.115079257970445825e-01 1.087015327241143268e+03 1.444767913150057481e+01 1.682644247749028636e+03 5.267541464090226100e+02 5.103766803616989591e+02 4.444859308470334440e+02 2.579186172700871111e+02 4.524788221355416340e+02 3.256041717024655782e+02 9.555643487488023879e+01 3.602129218603923277e+01 5.775991806812061924e+01 6.850384111200016832e+02 6.275286963917939147e+02 1.299701611706645963e+03 1.839141644971894607e+01 3.070286641428527332e+02 0.000000000000000000e+00 7.781924846364477162e+02 0.000000000000000000e+00 9.176329420867286757e+00 2.723647987601508476e+02
0.000000000000000000e+00 6.904252544784602605e+02 6.683489937213403209e+02 1.295687485210659815e+03 9.176887270250158508e+02 1.066592710172467150e+03 1.626521751213422462e+01 1.310243368452163004e+01 7.094143443144532739e+02 4.111336295729071821e+01 1.194911003761779511e+03 0.000000000000000000e+00 7.485566989198174497e+02 0.000000000000000000e+00 7.397509323889362349e+02 5.553469121198544656e+01 1.336102824001003910e+03 4.535841412438125775e-01 0.000000000000000000e+00 3.209127540355069641e+01 4.229229174749456206e+02 1.106827953835053677e+03 1.084939093878330596e+03 2.115264582413659582e+02 4.832702052873007581e+00 3.510315643103076582e+02 7.380222650024051063e+02 1.288684422384777690e+03 4.371814738689179194e+02 7.317706293785872784e-01 1.447785973227768864e+03 1.241689650542070012e+03 0.000000000000000000e+00 2.382407104446375001e+02 9.880040941096031020e+02 1.588371991243523098e+03 7.990020284074746542e+02
0.000000000000000000e+00 2.348194461526599355e+02 6.569332061377772334e+02 5.110397827699768527e+02 5.843232319407356545e-01 4.419193406113880087e+02 3.135092269169750239e+02 7.119641803272624081e+00 9.139446331199983433e+02 1.140728076539207450e+03 1.180733220108819751e+03 7.731257329735727808e+02 3.118932824821549321e+00 2.112146940724996966e+02 9.719279167558770496e+02 3.247123884452891502e+02 9.544315388750092097e+02 1.575052279978530407e+02 0.000000000000000000e+00 8.916573489065544891e+02 1.225539578072004815e+03 1.022567320229869097e+02 6.300826481919907565e+02 2.484591351627468025e+00 9.562074177562702744e+02 2.800105820756413166e+01 6.957516724299000543e+01 1.032228420726273832e+01 1.386732976470413936e-01 1.063866612698683639e+03 1.735753462072070761e+03 9.086877317052386616e+02 0.000000000000000000e+00 0.000000000000000000e+00 0.000000000000000000e+00 1.075899793861339226e+01 2.448986533264601206e+01
0.000000000000000000e+00 0.000000000000000000e+00 1.266883751661275852e+02 8.499472915592390336e+02 3.605346606745709437e+02 2.692506247371485415e+02 3.253564466962280477e+01 6.467957233319582429e+02 3.316996409710205285e+02 1.066558096022430618e+03 6.989174071049851591e+02 7.047344755820205364e+02 3.184601264282223454e+00 1.309865946738532557e+03 1.358827909506024525e+03 0.000000000000000000e+00 0.000000000000000000e+00 8.342612688334670068e+00 3.050587011964373474e+01 7.408391908358073579e+02 6.582470199918256526e+01 1.327314814365012907e+01 1.845755621090387777e+01 4.482229894280485638e+01 2.703345221603248660e+02 4.021348757829815668e+02 0.000000000000000000e+00 5.405689949708297490e+02 0.000000000000000000e+00 6.273665807282329752e+02 8.858883491702304980e+01 4.360742927556152182e+01 1.148006931633950671e+03 3.010614553645755365e+01 1.627831070942698489e+03 8.721023056735353975e+02 7.395698856370520389e+02
0.000000000000000000e+00 2.312837990371197350e+02 1.294237858008697231e+02 2.012057565859160775e+02 2.359305938693419424e+00 1.006072400266084941e+02 4.801407174619864122e+02 5.006753046195235868e+01 6.635869673894542302e+02 6.860531445980311673e+02 2.576586771777902527e+02 1.532524862365116860e+02 7.060404669878989807e+02 2.025339509085635825e+02 9.895463114614018423e+02 3.463559396203342544e+02 4.299269794514705154e+02 9.426753864465042625e+02 2.201740247139946121e+02 5.150147588216303518e+01 1.686063172935310206e+02 5.938229471759051421e+02 9.345226898948926646e+02 6.309907232194268545e+02 7.402889454826255644e+01 5.399572060924819006e+00 5.378631573194694511e+02 3.293082622151137002e+02 1.455820953223688763e+00 1.102091293489769896e+03 4.127134022291994597e+01 2.142005089539734115e+02 4.050254780932399257e+01 1.689791793118682563e+03 0.000000000000000000e+00 1.186222684199952937e+01 5.030875836035119733e+02
0.000000000000000000e+00 3.675192346451210597e+02 8.000727442812224126e+02 1.377677212711460299e+02 4.271726691458666210e+02 9.182293736915326008e+02 3.276745693596460001e+02 9.402984258399044393e+02 8.118193317696138820e+02 9.918138206923836719e+01 8.934619286107857761e+01 9.454126618326181415e+02 7.412872116054075811e+00 1.622875841647641892e+03 1.308513982105741889e+03 5.690776773777299269e+01 2.034249327352507919e+02 2.082961286434753276e+02 8.611990562618545937e+02 1.315919095278339328e-02 2.554632302647897859e+02 0.000000000000000000e+00 9.704639319614477699e+02 1.410092966658395912e-06 5.981905847344679117e+00 5.253386253925140359e+00 1.175868111979079060e+02 1.147572096261447314e+03 2.991058600415515656e+01 5.287358382434867963e+02 0.000000000000000000e+00 5.858071383209738414e+00 4.250849239194810991e+01 1.664614419463064905e+03 4.692836458500797221e+02 0.000000000000000000e+00 2.158722550320374296e+02
0.000000000000000000e+00 6.607349844951586419e+02 1.140854552350489712e+03 1.213956259644313832e+03 1.500900515153836352e+02 5.248218638069684916e-01 2.058044808141881106e+02 1.408036409991983540e+01 8.126222540493083457e+00 2.675353614200815924e-05 8.154039362519407419e+00 1.060776730653623190e+03 9.309531074303066589e+02 1.901511701257486777e+02 2.017577363356172384e+02 9.449806870745935612e+02 1.754432641207821675e+01 5.721016971950818970e+02 2.904081642357551800e+02 2.510915071661359299e+00 1.710297482363128665e+03 5.146954855504436637e+02 7.802207057837927096e+02 5.390979066501200805e+02 5.864259304879221872e+02 2.614240227125550859e+02 8.138048967944896503e+02 5.051135530829001254e+02 1.551980982957080073e+02 1.224201131400233407e+03 0.000000000000000000e+00 1.481553972384151848e+03 1.496879828067680940e+01 1.353944856185768913e+03 3.147999192420057852e+02 6.081436983343782003e+02 1.260903627986620222e+03
0.000000000000000000e+00 1.327723248972315560e+03 1.588578698446373210e+03 1.481916852874212793e+02 7.906937504091578148e+02 0.000000000000000000e+00 6.086427971095374687e+02 5.829387020216520199e+01 2.619149005795918583e+00 0.000000000000000000e+00 0.000000000000000000e+00 4.585068165442059467e+02 8.846108289523105839e+01 1.019770567838824782e+01 1.784753761552515805e-01 1.277277732284702267e+02 4.834501809532775383e+02 1.738167022030119995e+02 0.000000000000000000e+00 1.472257938941616658e+03 1.690230146072261297e+00 1.954717289314351660e+02 1.374767429014349318e+03 9.423242904100493433e+02 2.749125947812607507e+01 1.535175450745543344e+02 1.274604745143393103e+02 1.132817201004250585e+01 6.543660200617681388e-01 8.513312125195265025e+02 8.289909276976251249e+02 4.345025543596751163e+02 2.933083393165576922e+02 3.182477385183331648e+02 1.182452960991292002e+03 7.012720593414363179e+01 8.464488945978368974e+02
0.000000000000000000e+00 0.000000000000000000e+00 3.845761923549601224e+00 5.789520782202479410e+01 3.902730358592081394e-01 0.000000000000000000e+00 4.297386881876798410e-05 2.595425376773641233e+02 1.804137574320907049e+02 1.997301271341599183e+00 2.534738549915601524e+01 8.072914926392696700e+00 1.015969788754068531e+03 1.381678768437060967e+02 1.020858374841009663e+03 8.721873278910139788e+02 3.638254336001381262e+01 8.599033582273424372e+02 6.509416901581565185e+01 1.427762529917497886e+03 5.595030609935338362e+02 1.127650167776714056e+02 8.760687045188570110e+00 1.410591997840750622e+01 5.758954386253503799e+02 1.305452136756132253e+00 1.228409973242357637e+03 5.292132925824089398e+02 8.893609464824525048e+02 1.772288719524572116e+02 2.169707776489622404e+02 1.018795947306881430e+03 2.480216904654444932e+02 4.077033343484904435e+02 4.365838809415036081e+01 3.838193614250686210e+02 1.902329581757509516e+02
0.000000000000000000e+00 1.191915387399924612e+03 1.616202136727263905e+03 1.426222642782113041e+02 1.143901023870337781e+02 9.826450452758848542e+02 0.000000000000000000e+00 7.465921103212446042e+02 2.044092102146752836e+02 9.759498477841226816e+00 5.534878224479476785e+02 0.000000000000000000e+00 4.362883915039409430e+02 9.853685667250836389e+00 1.452854066923371192e+03 1.092891977638670824e+03 7.598566883515442214e+02 2.767552534534086135e+02 2.087143811966513329e+00 9.350925512801461537e+01 2.514308745232974616e+02 1.281569234116123198e+03 6.410254603885384483e+01 1.395360801001779919e+03 1.860071884034620382e+02 3.184791499772371708e+02 6.363613108146523700e+02 2.530076719866805135e+01 6.740541333002327065e+02 1.783099912691876909e+02 8.767886106629356391e+02 1.543042702448446732e+02 1.173955754414015118e+00 9.193144147063644596e+02 2.919392862936705342e+02 1.711167777827087093e+02 5.645100404222612056e+00
0.000000000000000000e+00 2.567935758140712466e+01 2.992706623929404941e+02 3.296947092658581990e+00 3.408187653098674730e+01 6.464809384196616975e+02 0.000000000000000000e+00 3.807472475037974959e+02 0.000000000000000000e+00 1.156217848124826560e+03 0.000000000000000000e+00 1.219567034605911658e+03 2.596824569619527665e+02 4.967006463873646993e+01 1.359304614485661432e+03 4.073349623180751564e+02 4.731937529357311973e+02 7.661305600974667414e+02 2.565887276892845534e+02 7.460257081687752923e+00 5.789118575810983458e+01 3.921014476809190796e+02 2.335582391208600654e+02 3.648258524565790140e+01 3.451232017873293589e+00 5.242300129441620271e+01 3.111479839207276541e+02 0.000000000000000000e+00 1.030211116349693157e+03 2.137741430775737115e+02 2.041168410677631755e+02 1.086122019443195086e+03 1.606581016999522049e+01 1.057865371749943961e+03 0.000000000000000000e+00 4.765499009164953748e+01 6.441077656599642296e+02
0.000000000000000000e+00 0.000000000000000000e+00 1.065865891718264947e+03 4.025646712494257429e+00 1.084798038222972082e+03 2.160170781244035823e+02 4.060842820608986017e+02 1.711914722025338961e+03 3.017804507153986071e-01 1.025469947895840006e+00 1.114416717482695731e+03 2.794207320993427857e+02 4.347705934345424339e+02 3.341420252318837356e+02 1.162058537661859070e+01 3.014828431240788973e+02 4.038891816312602714e+02 6.240067662800437347e+02 4.596071111996518965e+01 4.936152155066359910e+02 7.168822289417652200e+02 2.823987763752003843e+02 2.697729993928163026e+02 1.514454259777376571e-09 3.065649625847506741e+02 8.137897173686765484e+01 6.966354121010875922e+00 1.012733519006727434e+01 8.531622961322995025e+02 5.881853385236862408e+01 9.998746147044505506e+02 5.801843213444208835e-01 0.000000000000000000e+00 1.639718092709198629e+02 9.619424831962743172e-03 6.362546627439402300e+02 5.219640951793099504e+01
0.000000000000000000e+00 3.246363413041694912e+02 2.770271774489565075e+01 3.153950992891221361e+01 3.899624524227679245e+01 1.668659044230501820e+02 4.627823665692899624e+01 2.250532570781907893e+01 9.625489932435597211e+02 1.132213430424688568e+03 2.140591194295276694e+02 7.514749028024795052e+02 0.000000000000000000e+00 1.218975198792717720e+03 1.511839582297319339e+03 4.633273477777526637e+02 7.754296954581372248e+00 7.350618328422294212e+01 3.722314754653535260e+02 7.746952440102602111e+01 2.672389289904118073e+02 2.690652297864270395e+02 5.990065432337033826e+02 1.388410372491797773e+02 2.365193129120728849e-02 4.198933696379946809e+02 2.355873100369632027e+02 3.740716355177220862e+02 0.000000000000000000e+00 1.688734533887532336e+02 2.792688019733787996e+02 2.354201395075220304e+00 5.547510299080331606e+02 8.925286260332681820e+01 1.739148263106332593e+01 9.033136489350158627e+02 8.548000757949115496e+02
0.000000000000000000e+00 6.031380327536280674e+02 7.393435173677222565e+02 9.494840202861101943e+02 6.028656339431221340e+02 9.293326946061893068e+02 3.175631335193244240e+02 1.286056639898412413e+03 9.894967611931602391e+01 1.624251899359967865e+03 4.284746911693605220e+00 1.615299802643977500e+02 1.455413645289012265e+02 1.488886324925627232e-03 0.000000000000000000e+00 5.649780255503132186e-04 0.000000000000000000e+00 5.707872909168250999e+02 1.251102713824882358e+02 5.859341897491552800e+02 0.000000000000000000e+00 5.747167569357402499e+02 2.597674481230293964e+02 5.656999481310095916e+02 2.980678985093902611e+02 7.169368727960966226e+02 9.317782732622167714e+02 5.625089871780082351e-01 8.164271856663441440e+02 1.021728953069903355e+03 8.866083237901090541e+00 3.560519642759791409e-02 2.294688242037924795e+02 7.102588234240547536e+02 6.147933384270670132e+01 1.366487624352286730e+03 5.857501836515130833e+01
0.000000000000000000e+00 9.036855751002091210e+02 4.411133499885685296e+02 0.000000000000000000e+00 7.564556947555063289e+02 0.000000000000000000e+00 5.287682988352586335e+02 6.214575119782375623e+01 2.172871325624610108e+02 4.872467261156489537e-01 9.334935516096021502e+02 4.828023764492479775e-02 5.632147585394794760e+02 7.129482678228263239e+02 2.445142929228539597e+00 6.729484812821326725e-04 4.796568585448429012e+00 8.075118901619949838e+02 8.747729162610474418e+01 4.426824300178822682e+02 4.351995854900173044e-02 8.016256644826640922e+02 2.334341294995569416e-01 1.474603354735549146e+03 3.683842464730631150e+02 1.128763818896499060e+02 6.814710904509115608e+02 1.181323182668392974e+03 9.139537118477436550e+00 5.470483868111880383e+02 5.668238888314066344e+02 1.874538908676281679e+01 2.989120427056943363e+00 3.902528912841657416e+02 5.514719828035998717e+01 1.810716295592276026e+02 2.131777245500193985e+01
0.000000000000000000e+00 2.629418556566199072e+01 1.080949793804252129e-01 6.016202822665663064e+01 2.166131475070123713e+01 7.184490167885307983e+02 4.566183237590717567e+02 7.886167048184903328e-01 2.256563948946603304e+01 1.038374846454905907e+02 2.865607418720566013e+00 1.002793782417800912e+03 1.237578000154886240e+03 4.089870813311471665e+01 3.389238141828608608e+00 0.000000000000000000e+00 5.655544149708363193e+02 1.748232122889695120e+03 2.427056069071756212e+02 1.091506498993479681e+03 1.455697872897096659e+03 5.025678943644927463e-07 5.789766685821203964e+02 1.350058680653014108e+03 1.491185885238131050e+03 4.566562939799874812e+02 9.523070194713935734e+02 5.097683308254411827e+02 1.222895179472877070e+00 1.291803693373523629e+03 3.717238300926264856e+02 3.973195486780806505e+02 0.000000000000000000e+00 5.233066523469499316e+02 1.492828627600079017e+02 5.688027615886531976e+02 1.090452445171435329e+03
0.000000000000000000e+00 2.088840268419351531e+01 1.094315946841921405e-02 3.483931378589717465e-01 3.908464570566565488e-01 2.159795316123122699e+00 1.091220562792673491e+03 2.399985459141909416e+02 1.741985288915493584e+02 1.318105209327504099e+03 2.696570492696741539e+01 3.444529379712873833e+02 0.000000000000000000e+00 1.175779255977670800e+03 8.559738429926676417e+02 4.494250432471919687e+00 3.163599620840442981e+02 1.462768766953364263e+02 1.478053446996534035e+02 1.905552041564981369e+00 8.178625584036527698e+02 4.503643554515650749e+01 0.000000000000000000e+00 5.076668986052893047e+02 4.496514078889126154e+02 5.893850551047312365e+02 1.185833457363986412e+02 1.774292413671907411e+02 1.676285338241008560e+01 1.571744002904294177e+02 8.149393437005256828e+02 6.618090489144444746e+02 5.891088346836272649e+02 1.500373194529183252e+02 5.253473011285838545e+00 2.728513946413387430e+02 1.408264233407247275e+03
