output/example_1/lateral_incision_000428.asc
nrows	75
cellsize	13.33333333
xllcorner	0
ncols	75
yllcorner	0
NODATA_value	-9999
[rows 51 to 67 of 75, columns 37 to 73 of 75]
1.225768771802220044e+03 0.000000000000000000e+00 1.109386881737328622e+03 2.294799939978079450e+01 8.708977544004230822e+02 1.564836114920775344e+03 2.435675002173430803e-01 4.119893448436424137e+02 8.752238513229829096e+02 1.057436261294854830e+03 8.741762973374646606e+01 1.065173628445157192e+03 7.105065780572261929e+02 0.000000000000000000e+00 5.281875954499955697e+02 1.701793767396380588e+02 9.812706365854377282e+02 7.797930708947076255e+02 3.330347186683765131e+02 6.043748826339433435e+02 3.151607244789582296e+02 1.541942448630320087e+03 7.497225778047093669e+00 9.798758850506055751e+01 8.158610091049240509e+02 1.076343223758017764e+01 1.674264954909291134e+02 3.497034952699625610e+00 0.000000000000000000e+00 3.214117645298907746e+02 9.639026125328510943e+02 6.578817258081056707e+01 3.606389715941847385e+02 2.473991854422136782e+02 6.027717391047522355e-01 5.807104324264291790e+02 0.000000000000000000e+00
3.037543048526662459e-01 4.987713920999431707e+02 6.850002707410595137e-01 0.000000000000000000e+00 1.872620672245683124e+02 6.144516432794148303e-02 6.825850285961671489e+02 5.850650317457834717e+02 6.511908119185748633e-01 1.179622401804234869e+03 1.358968605763292999e+03 1.333151686141241043e-05 9.164749575798080059e+02 4.045052319901622013e+02 1.141003474521772088e+00 3.782638954631146930e+02 6.902608973902090383e+01 1.593341558040700875e+03 1.120787461867279035e+03 4.959180635348616875e+02 2.901884139969305352e+02 4.693710273132373878e+00 1.357395196560762543e+03 1.040219141246395118e+01 8.877882000223052046e+02 8.257994381143175815e+02 3.160730599634010218e+02 4.536615289259361816e+02 5.507342096149092185e+02 3.599124735657237295e+01 3.707682420048682275e+02 4.627819322309009635e+02 2.125687709592245653e+02 4.611591754292673784e+01 2.856434508044521294e+02 6.514771092328143141e+02 6.147630785833438694e+00
1.120259444598305890e+03 8.385445246734753937e+02 0.000000000000000000e+00 0.000000000000000000e+00 0.000000000000000000e+00 1.242389038500783954e+03 4.540191178380004189e+00 3.277661552924770572e+00 5.053144763463270692e+02 1.027427456890109028e+02 0.000000000000000000e+00 6.317936853144611860e+02 1.274642211206912101e+01 0.000000000000000000e+00 3.431807290334773497e-01 9.006397600776550050e+00 1.246682046173270010e+03 9.239353275818743549e-01 7.517473871447343754e+02 0.000000000000000000e+00 1.833813273207391035e+02 2.500048113171290165e+00 9.822913915301195402e+02 1.613054837844090116e+03 6.318534119302272245e+01 1.968670513775709594e+02 3.665290165530070681e+02 9.818716024607326744e+02 2.005550800706701864e+01 1.377854821948686492e+02 7.597189166266406346e+02 1.509878695912420028e+02 1.557316155471269440e+03 3.531849845203355187e+01 1.793402627899564550e+02 3.852749852218157685e+02 8.147530372400537999e+02
0.000000000000000000e+00 3.318432657364875809e+02 2.626668245468238752e+02 9.812160933099621388e-05 6.333072786845173141e+02 0.000000000000000000e+00 3.052105849936938853e+02 1.536336869292218807e+02 2.336708227221041341e+02 9.711656030659641203e+01 7.989358744213212731e+02 2.806763474282225275e+02 1.680854831664185269e+02 0.000000000000000000e+00 4.870361572968727160e+02 0.000000000000000000e+00 6.931916202899349173e+02 3.762716077084844812e+01 3.035909007278255558e+02 5.474608239061766426e+02 2.389441508043961804e+01 2.552811184353618046e+02 1.235185938622202002e+03 1.106674712139724079e+03 1.586257489601282941e+03 5.895151503560195572e+00 6.735621336906745000e+02 7.217126550381135530e+02 1.158253088662383334e+03 5.576412612818150905e+01 7.559209468834566792e+01 1.077935185414494583e+02 1.082452833973375483e+01 7.150285444327959112e+02 3.789809899136971580e+02 1.198748657956930629e+03 1.204097565984307561e-01
2.419155692340095243e+02 8.567579429150242731e+02 1.125236476638115546e+00 8.006253598892279797e+02 6.634587330750897536e+02 3.465036863739528172e+01 2.103378992862307655e+02 8.628278396540595168e+02 3.100490533481911726e+01 9.100602059672876010e+01 2.079283998546624730e+02 8.955020616659804773e+02 8.690957205855182792e+02 8.194854641360232961e+01 6.863389356835211856e+02 1.407685256334069891e+03 5.175616859252056834e-01 2.432152630475460171e+02 1.484203054502296197e+02 1.450092793077840838e+02 8.953929598115701083e+02 3.899777620126446323e+02 2.423225506882941431e+02 3.866519487258022192e-01 1.932895533917655086e+02 1.543021301190424026e+02 7.257082154365818161e-02 1.194132853880775201e+03 1.843375103459610287e+01 5.423239619818448318e+02 1.600366505303954341e+02 8.312785046486901592e+02 5.821992201384190366e+02 2.054334974022751510e+02 0.000000000000000000e+00 6.859925285802764847e+02 3.772177614417965685e+01
1.155189233948175797e+03 5.257855348536910611e-01 1.194353244272714960e+02 3.980038705758763058e+02 1.300915831217029108e+03 6.438765884951246221e+01 0.000000000000000000e+00 0.000000000000000000e+00 0.000000000000000000e+00 6.250340789733512565e+02 6.674193821322276676e+01 1.332987103294320619e+01 4.518945714482583043e+01 1.278125291297782724e+03 1.087019701161182184e+00 8.170922825268864926e+02 1.086390644664435440e-01 6.731451233613207705e+02 3.491309771764044445e+00 2.765275514854015455e+02 7.116883627889359332e+02 5.574097236275385967e+02 5.050487775720592936e+02 9.297273449901784943e+02 7.522068684137851733e+02 4.674610768177548721e+02 8.964868847609119840e-01 3.116122246902668280e+02 0.000000000000000000e+00 3.855782063267986448e+00 0.000000000000000000e+00 5.809175802408976779e+02 9.695718001646619344e-02 9.508261285014250461e+02 0.000000000000000000e+00 5.545529445169031533e+02 6.261179337342886697e+01
7.632427347199266023e+02 3.907054102828158904e+01 1.016135904952845294e+03 5.468004078400355183e+02 4.211971455511448994e+02 7.046685780475770855e+01 9.851871476008977879e+02 1.090807872324552591e+03 2.565208684805652979e+02 5.396592192700028079e+01 4.552778714949238292e+02 6.085639918777971502e+01 7.230443711870493644e+02 1.491633383745797801e+03 0.000000000000000000e+00 1.245503233325501014e+03 0.000000000000000000e+00 6.767814799959431866e+02 6.368724151981435853e+02 2.145130097296909071e+02 1.281415180643115718e+03 2.149360194693879578e+02 8.227804698490450619e+02 0.000000000000000000e+00 4.695711954303137645e+02 1.094508783422555325e+03 5.436350394520672324e+01 1.632248767573496764e+02 4.314099935062941427e+02 3.261242129810224242e+02 3.845449574975235318e+00 8.479825830211343600e+02 1.866724211140539467e+02 4.755760412957573635e+01 6.387870964836987469e+02 5.922015243154484097e+02 0.000000000000000000e+00
1.110989144457643761e+03 3.588879897760985216e+01 7.121348031967978898e+01 1.296132470945824764e+02 2.626298632335952448e+02 1.275349067477267681e+03 1.949525256689960031e+02 1.806258005011040950e+02 4.181972838615731121e+02 0.000000000000000000e+00 4.493419644972869946e+02 7.770302370858922814e+02 4.658620206386619884e+02 3.736895133614281939e-01 1.187228704160153939e+03 5.001120565227091141e+00 1.100117201758043393e+03 9.879024817146713531e+02 9.754004693032675277e+02 1.356733209777638649e+03 5.057229786524606752e+00 3.416534823680926252e+02 1.301277911384573372e+03 2.987027025718276829e-01 8.036409411458580507e+02 1.035313281710017009e+03 0.000000000000000000e+00 3.042736349616782121e+01 6.181493486080897810e+02 3.405102659464852022e-01 1.526578361503538019e+02 4.839611494823718090e+02 8.004540915492352724e+02 1.306767227747330935e+03 1.573578608466956439e+02 5.105129036732997747e+02 4.732842670798046356e+02
2.424760780866134269e+02 4.485892593488492253e+01 7.368290986740157678e+02 5.802625200663189844e+02 2.139354043527891918e+02 5.911740224616611385e+02 3.261999815761380432e+02 1.057388016709366639e+03 3.091199131490138825e+02 6.025246034353132529e+01 1.055647872658241340e+03 1.112158789158082612e+02 2.019981073810292003e+02 5.819112983103324268e+02 0.000000000000000000e+00 1.460913049389853086e+03 9.709837828047633934e+01 4.296334242973123878e+02 2.408852513558839519e+02 2.149612542745655333e+02 0.000000000000000000e+00 6.157345076298404365e+02 7.292932507241731344e+01 1.508542743597513152e+02 1.002602253754717907e+02 0.000000000000000000e+00 8.279757076316013809e+01 1.344084993174736610e+03 1.861098364435590611e+03 1.517590684979496132e+02 8.528085671219780579e+02 1.536002007240587773e+03 2.453620815356960971e+00 3.908022063826597758e+01 4.836649143708990906e-01 6.490511389051391689e+02 3.273418617427699928e+02
2.719417053808452351e+02 5.561765492755380080e+01 1.546433172701173362e+03 7.476793850868898517e+02 1.347257774715447795e+03 9.974937035089922688e+01 2.361284369843740478e+02 9.585395610498194685e+01 0.000000000000000000e+00 3.075141971432278751e+02 1.120760413730120746e+02 1.278597248091146952e+02 3.869664453679494045e+02 1.198550149551873119e+03 3.699866645501832636e+02 1.446205876805785095e+01 1.571189314857806039e+03 4.155527930600933928e+01 6.739838659445639450e+02 1.304403252038048322e+02 0.000000000000000000e+00 3.593681696875708553e+02 1.226614564428315134e+03 8.417965980587983665e+01 7.571147595640285033e+01 1.245408390378816648e+03 4.255153192604236096e+02 1.466965850310080377e+01 1.001110404721453392e+03 1.790267665275779052e+02 5.135662163259688273e-02 1.295077403724886267e+01 4.119378348014745939e+02 9.715436398516947065e+02 5.512066183792112497e+02 1.296125015380562672e+03 1.391280357887754917e+03
3.813278967702908062e+02 5.476046621468061426e-01 9.916314023057658460e+02 4.195755654486928847e+02 3.364269783588396194e+02 2.600620051372184207e+02 4.582050686559174437e+02 2.966104876539651514e+02 4.440709218767865423e+02 6.316832396329392623e+02 6.874229414866390186e+01 1.401801435058891002e+03 5.970654616358347084e+02 1.492825434641868831e+01 1.180837621560870048e+03 7.902538826543041850e+00 9.107992819974718941e+02 9.479238429474310390e-01 5.151195442080651219e+02 3.345827513891944704e+02 1.974461638234993544e+01 1.850391660030104504e+02 2.259403995216222540e+02 1.097357484897851876e+01 5.885600058177426490e+02 1.941784273116636086e+03 3.640631716671859976e+02 1.232012308670678976e+03 1.286291656608726797e+01 9.962875416951243324e+01 1.159716077580677847e+03 1.232072469055140118e+03 5.887942548533236370e-02 2.459775950105080540e+02 5.624094235743536956e+02 7.250922713334496166e+02 8.726395500100541369e+01
1.579848213830908207e+03 3.518085805864217974e+01 5.581704965543680146e+02 0.000000000000000000e+00 5.856112862076771535e+02 6.019135638225842513e+02 6.563986264949966198e+01 3.003152075521360231e+01 4.659951663446209480e+00 1.194459409912387628e+03 4.156587214484850961e+02 1.276118076831195509e+02 2.911890274370986731e+02 0.000000000000000000e+00 8.257650496430903786e+02 5.233040297333443647e+01 6.931257162415847688e+02 7.908641943417459288e+02 1.522747399184456469e+02 1.115842518671204431e+02 1.257945664540029611e+03 0.000000000000000000e+00 2.455475413204781354e+00 1.453275711386088233e+03 2.040434082248350194e+02 1.176237096832565641e+02 1.237447043976915438e+03 1.799856592010876739e+03 0.000000000000000000e+00 4.467056244175584112e+01 5.186091088412127874e+02 7.159449508319048618e+02 3.983748252621928998e+01 1.283537471722510872e+03 9.716832087047931736e+02 5.607511825144909423e+00 4.518942536827788015e-01
1.369395337193865032e+02 0.000000000000000000e+00 0.000000000000000000e+00 6.229621957476387024e+02 3.070560111309588365e+02 5.546776395377227118e+02 6.319016378670174845e+02 2.249979365048727971e+02 1.670283760289568590e+03 3.071195379091549071e+01 2.585641720070776728e+02 8.047054141156086189e+02 5.092692017605155002e+02 7.277027627475756617e+02 7.893532869743223728e+02 1.858333230798274172e-01 3.254503966028621562e+02 3.712530172734764733e+02 9.804263660814750381e+01 9.822582199936973346e-01 2.520277313725994284e-01 8.293200057622241275e+02 7.971470470880911989e+02 0.000000000000000000e+00 5.702575489090996825e+02 1.682541418100513795e+02 7.188071969086726085e+02 6.362389113968457650e+02 3.274675151771830883e+00 2.696090265816442866e+02 9.838782888236546853e+01 4.061073352874558964e+02 4.392296508600981042e+02 2.569131729193435909e+00 5.602430908006292753e+01 4.254567947334285236e+02 1.560079734309424850e+02
7.443592562351041124e+02 0.000000000000000000e+00 6.734925033045108478e+01 0.000000000000000000e+00 8.692863336951156725e+02 8.996379574508355859e+01 8.595931432344434686e-01 1.558367436225835831e+02 6.448994611013835865e+00 7.435409894183261770e+01 8.973085479939355764e+02 1.577243713238954115e+02 7.387569726250997064e+02 4.366591748385571918e+02 8.446682763974332602e+02 2.990302119721004601e+02 6.777491969136837824e+00 3.140533886437036770e+01 8.203848990484027581e+01 5.639608115484816153e+02 1.401705954668669392e+03 1.211545259057052846e+02 1.049624575835613314e+03 8.183718210448274704e+02 8.274470246886671703e+02 3.836724600688546616e+02 0.000000000000000000e+00 2.542874660981125912e-01 2.054579887724017055e+02 2.795861467192930263e+02 8.399133372426590540e+02 5.581579934442223845e+01 8.357725281333089242e+02 1.541891322081129374e+03 8.907369467009369828e+02 8.807941162825629817e+02 7.189992460577199154e+02
2.371401047416742074e+02 8.865129016400707940e+00 1.567118709532274352e+03 1.953460559355677617e+02 0.000000000000000000e+00 6.089587624738668836e+01 1.337823887843133662e+03 1.697260392645128135e+01 1.128454559303546148e+03 1.262667194710959620e+03 6.536105788223600257e+02 1.323825973825851854e+01 3.922468830065757857e+02 5.189091053228771671e+02 5.466347893621541232e+01 1.980768161339602216e+02 0.000000000000000000e+00 7.666002655125388401e+02 1.868298012824716636e+02 5.755006119036859218e+02 2.000340525473407638e+01 4.695574220911977932e+02 7.108673738321357405e+02 5.098084880637640737e+01 6.286161246953362252e+02 1.164211643854569758e+02 1.360754585008577124e+03 2.668528126225623964e+00 1.083526954608457231e+02 8.123596386069223407e-02 1.536268152083429186e+03 8.027079455998219828e+02 2.611232076158544579e+00 1.275200380090079761e+03 5.211066473371704433e+02 1.158521497838588857e+03 5.760643878305667442e+01
0.000000000000000000e+00 3.785977756612098233e+02 1.295501347585323401e+03 1.389132886066371668e+02 5.917778327837259411e+01 6.418003076434803944e+00 0.000000000000000000e+00 1.732341581296889643e+01 5.345736312324569326e+02 6.771036314441159902e+02 3.629156805553394065e+02 2.095402053197283578e+02 1.407437415046782689e+03 0.000000000000000000e+00 5.064580946486845647e+00 3.572666111573940384e+02 1.774546397065626309e+02 3.022518813276795413e+02 3.575827296203085126e+01 1.277587915876824525e+02 1.688069611965880199e+02 0.000000000000000000e+00 8.694532040139117157e+01 0.000000000000000000e+00 1.099522865519276991e+02 1.257920287563100601e+03 2.713502092858711734e+01 1.509598132316417605e+02 4.666946964244611706e+01 9.802807940761348391e+02 0.000000000000000000e+00 5.348559404491334135e+02 1.103264542057288509e+02 4.340337838370953705e+01 7.068311197319660550e+02 5.836410021470051106e+02 3.809255352131089012e+02
1.632212439350869545e+03 7.906728788021566743e+02 0.000000000000000000e+00 8.233197158253545922e+02 7.515446681602418266e+02 1.337152612052835536e+02 1.980147363549248851e+01 7.039195807964573532e+02 7.821078562080577967e+02 9.352917081662061491e+02 5.188826596084743059e+00 2.515311652925156523e+02 1.253690046807696845e+01 1.024500734598911549e+03 1.577587404298090178e+03 5.018630642883351811e+02 4.787621876549243893e+01 7.775735573658626265e+01 5.297213255895454864e+01 7.359290861811930426e+02 1.295829973661071755e+01 7.853079608139710288e+00 1.261181802091751969e+01 2.676577069646228892e+02 0.000000000000000000e+00 4.171914286513371373e+00 1.242190839208746183e+03 1.018111900092970359e+02 1.055201062910221481e+03 1.388875023912719371e+02 0.000000000000000000e+00 7.978227316725917717e+01 3.784544342577262910e+02 5.266839687832692789e+02 1.268767660529409813e+00 5.509629928985176228e+00 2.729105661906000933e+02
