output/example_1/lateral_incision_000132.asc
nrows	75
cellsize	13.33333333
xllcorner	0
ncols	75
yllcorner	0
NODATA_value	-9999
[rows 34 to 50 of 75, columns 37 to 73 of 75]
6.555988580068278893e+00 0.000000000000000000e+00 3.445237016834661290e+02 6.039006028508592944e-02 1.611921733457669006e+03 1.434998570112987409e+03 3.677887164874901060e+01 1.586879274326496443e+02 7.028194828902361451e+02 4.358284930124548318e+00 3.204513469037419071e+01 1.064237827576224902e+02 7.749164245774071560e+02 0.000000000000000000e+00 1.568091002459404422e+02 0.000000000000000000e+00 7.064346708238614383e+02 2.520128478727634160e+02 1.393425817792996440e+03 4.152716360118532748e+02 7.570605811946358017e+02 1.549394218933513685e+03 1.330966698222385425e+01 6.491255263865712095e+02 1.596835840936361592e+03 1.402718418532253736e+03 1.966916184760590658e-01 2.311412994593262908e+02 1.383329106677640539e+03 1.607275040588059937e+03 1.148762208925064897e+03 3.368873930739187017e+01 1.265252649301782412e+03 5.045207105168940132e+01 6.093251851074198839e+02 3.217105853002379376e+02 1.075370663182985709e+03
4.612484883776679112e+02 6.915117983406965152e+01 1.188113001102558655e+03 3.293156390451329116e+02 4.987715169908001371e+02 1.912052443526264369e+02 5.990726375874505294e+01 5.463527383595697273e+01 1.573279641685974184e+03 5.296797595430098227e+02 3.329146107904016958e+02 2.285467154365982967e-01 5.095872274455046202e+00 1.526810466500865687e+03 2.475631703754198043e+03 3.632548914622884126e+02 1.861637767131566648e+02 3.215912859109009219e+02 9.950020084798073583e+01 7.489279257972277719e+02 5.913840447913826210e+02 0.000000000000000000e+00 1.568078743876180736e+00 6.432734010281984638e+02 1.148546216641676892e+03 0.000000000000000000e+00 9.524632219957138659e+02 1.714155852513600564e+02 1.431196602597688106e+00 1.401127006053166497e+03 1.177921167546393917e+03 5.691735508976589841e+01 1.124206969434054599e+02 6.431107809302429814e+02 0.000000000000000000e+00 9.051551364676323601e+02 0.000000000000000000e+00
6.306296734799159367e+02 2.709461425459028305e+01 1.371218426041603379e+03 9.105508465005397056e+01 1.216390135886593043e+03 5.448205906790581139e+02 9.638606069406951349e+01 6.654077431796409883e+02 2.368723457143933615e+02 1.941179030035747246e+02 1.156714799589174390e+03 6.277250947217138446e+02 3.778254705270865088e+02 9.152333675299644256e+00 8.657311442424593224e+02 1.287383096411271026e+03 1.665957424232846984e+00 3.122446637309920892e+00 9.769131078301384719e+01 1.255260580069752905e+02 6.501303852467405022e+02 9.143532811111512615e+01 2.775463999733090645e+02 0.000000000000000000e+00 5.303192337396342282e+01 7.809909007425821983e+02 4.557946658851902839e+02 1.560603493133525717e+03 6.891646789367506472e+02 8.884548495652029487e+01 3.439960266476067545e+02 1.242165526344375479e+02 1.221412461522739257e+01 7.625329260057028478e+02 9.746718710663675438e+02 1.489758918045235134e+02 3.815155549709085108e+02
1.503257565392919446e+02 4.453354689448462267e+01 1.232895591421620338e+03 1.479671529822247464e+02 1.295147362614428630e+03 5.339526998874738410e+02 0.000000000000000000e+00 2.147655740649291545e+01 3.303765608379465135e+01 2.098023474843980409e+02 7.668682263884311396e+02 1.733775473662016111e+02 1.266131184773371842e+03 1.621987177182769983e+03 2.501769921221521287e+01 1.630588240084916606e+03 4.685140138075885119e+01 9.242149571113446882e+01 1.824019094771255567e+01 3.258015274831553825e+02 4.472298463033147300e+02 2.997469864301195219e+00 3.200992429415953211e+02 1.108471979072558497e+03 2.895574590713637875e+01 1.018985575270698064e+03 6.320922570560106806e+02 1.227226739020597179e+01 2.836159792756012621e+02 9.347733821216941124e+02 0.000000000000000000e+00 9.364039822206457302e+02 8.360573263762674969e+02 2.969677428373057637e+02 1.839338277997015609e+02 6.046590446736807962e+02 1.303770512919635109e+02
8.659736515133982948e+02 1.203315730997761648e+02 1.453420321689209459e+03 2.624135615134883324e+02 1.123730478983805369e+03 6.061501917210110832e+02 3.496866360305165813e+02 0.000000000000000000e+00 8.139376719279590633e-06 5.494081982427379671e+02 1.087049056174469797e+03 1.348281948605585058e+03 1.348701710663182894e+03 2.303375266702634292e+02 5.684293455137690216e+02 3.192276263147000748e+01 8.745613252017284367e+02 0.000000000000000000e+00 7.298322606165514514e+01 1.773798823772356481e-01 8.152111467919235110e+02 2.345001172042988458e+02 0.000000000000000000e+00 1.615515985886830322e+03 6.805141690708547131e+00 1.343811383966806794e+01 6.373680951777447490e+02 3.657972831321624341e+01 2.628843175842596191e-01 1.472895035825930563e+02 6.852184271493385950e+02 0.000000000000000000e+00 2.754621647062502348e+02 1.071612101332502107e+03 6.248221565423805259e+02 4.563095892405095810e+02 3.743092760352283221e+01
1.071755710069850949e+02 4.611971717943566063e+01 1.544715690056851543e+02 4.883810388930528461e+02 1.263791971547012594e+02 2.165470223825922744e+02 1.098842786657355788e+02 1.134144877957128074e+03 7.563021605143268289e+02 6.508973055931752683e-01 3.059863822521563179e+02 2.510969773530859754e+02 0.000000000000000000e+00 1.331762049677302684e+03 7.786454360950286855e+02 7.386899314739184774e+02 1.246765413057254932e+02 1.264131314179490801e+03 1.643856016420774324e+02 0.000000000000000000e+00 4.406771779212491538e+02 1.505884262431086142e+02 2.304422266476487025e+01 7.554318371603100104e+02 9.282195797441628926e+00 6.756993095555399975e+01 1.623126171995519784e-01 9.293143816586481876e+01 4.539360755635573810e+02 1.552183077630697881e+02 9.036511699800652195e+02 0.000000000000000000e+00 0.000000000000000000e+00 1.351603940507335437e+02 8.074953472085840076e+02 9.013478337257508910e-01 1.759428720044133172e+02
6.843338810479927758e+01 2.690678385621849884e+02 2.211697688312963237e+02 0.000000000000000000e+00 8.638322554723041549e+02 7.845830754633578863e+01 2.724898899386704443e+02 3.881741856911820605e+02 0.000000000000000000e+00 5.577544227381359860e+02 8.824444158738551778e+02 1.557223560222737206e+03 8.760612514795491279e+01 1.388979855138949233e+03 1.106518230032751035e+03 0.000000000000000000e+00 6.741907809262975206e+02 1.434263760598467208e+01 1.396821526433752751e+02 1.687696586562677567e+03 0.000000000000000000e+00 3.262345422437321076e+02 2.615998075880960982e+02 2.306718554689208417e-02 5.096673301837936378e+02 8.123113388049551986e+02 1.055545242139305401e+03 8.686410421076709554e+01 3.783408101368002008e+02 9.500422599415429659e+00 4.871707986463177917e+02 1.094754748424464879e+03 0.000000000000000000e+00 1.121464114663969003e+00 0.000000000000000000e+00 1.594020879156257479e+03 1.186059004250906099e+02
1.096692087301420770e+03 1.160761481020907695e+03 3.746130066430000056e+02 1.305953409510843812e+02 3.607445761145825713e+02 7.112262566074680308e+02 5.091144151557190156e+01 1.211186009505172523e+00 6.656597455884229930e+02 3.257652917078058818e-01 7.448594953757347037e-01 1.551557577106234431e+00 0.000000000000000000e+00 0.000000000000000000e+00 2.720504270548584600e+02 1.479523481468343071e+01 2.392424693573604145e+03 1.420196256439230638e+03 2.134317166299432600e+01 1.689494265937706530e+02 2.797831509573206858e+02 4.712618964807213615e+02 1.075821823248072178e+03 3.454642953411712347e-01 8.096596425635119658e+02 1.236049713238381855e+03 1.185651731262127669e+03 1.023649810815079718e+03 5.171001151085080210e+02 3.252848298290813887e+02 6.569265659776841630e+02 9.283736680444341118e+02 2.971162744730834859e+00 4.049544939813454789e+02 4.777508866409531265e+02 2.309295366928986937e+02 4.297609899675816081e+01
1.975177582969368189e+02 1.133504703181651934e+02 8.075415693757797726e+02 5.327743548799287510e+02 1.714587955875686021e+01 8.456601507822990698e+02 1.088662422941663408e+03 1.452532023765459179e+01 1.568192696241382293e+02 1.324543081548406942e+00 2.455915135271763461e+02 3.497614452526529027e-01 6.798506478377257167e+01 8.351983512023563208e+02 4.648158233609244121e+02 3.891287859305678580e+02 7.957776280215661018e+02 4.434000419548771106e+02 6.444212483127695350e+02 1.083024229026775842e+01 1.012768413691851379e+03 7.181348676029675744e+02 2.214327711319560507e-02 1.609516042289582401e+03 3.846834986183191063e+01 4.370828490190989868e+01 2.684694700955705571e+02 9.570392776540248860e+02 4.040970214362667434e+02 2.055525949671341479e+01 7.882328489430219520e-02 6.995065533577353563e+02 1.092918600405898566e+01 5.521692388989531537e+02 1.825277384574266364e+02 1.522846759357447297e+02 6.980934206577511514e-01
3.536508037088091072e+01 9.416156558540994581e+01 1.063605469474722895e+03 3.817149200805616829e+02 1.996481128499733160e+01 0.000000000000000000e+00 1.464975070090993768e+03 0.000000000000000000e+00 1.625493268978606466e+03 8.826232704011043495e+01 1.021426208758433290e+03 2.593310736083352386e-01 5.176845451635682593e+01 7.986889705730412237e-01 4.656071395140409663e+02 0.000000000000000000e+00 4.994889090047378772e+02 0.000000000000000000e+00 1.624212596748161786e+03 5.703577627445499729e+02 0.000000000000000000e+00 1.004946213945572708e+01 4.094873339545462727e+02 2.614835990771795764e+02 0.000000000000000000e+00 1.333504245731705566e+02 3.291685667094372292e+01 3.069378466722870158e+01 3.637337730132976787e+01 4.518203528800593745e+02 8.166494340597543200e-01 7.225413458478520567e+01 3.129133076827031346e+01 9.500232241477926891e+02 1.519399236537782727e+01 4.769349433992374543e+01 0.000000000000000000e+00
3.701276793163075354e+02 1.840844066204229179e+01 1.411372294406762373e+00 3.688341348122206043e+00 2.112680343931557161e+02 1.033204263551558370e+03 1.092237689365783808e+03 9.258170409787474000e+02 4.063689826147955273e+02 2.906192374282463788e+02 1.339654428014039240e+03 5.956960891896990233e+02 8.115987274955471094e+02 3.589043215156760311e+02 1.105851500019882678e+03 1.725773646849819727e+02 5.853956245989686611e-06 5.082571856919264519e+02 7.646133583727872747e+02 9.183135047261459931e+02 1.615089712033096475e+03 2.254604146608650606e+00 1.448168390630294198e+03 1.340467225362583349e+03 1.230763347220208992e+01 1.756579649964225780e+02 6.049371251422123805e+02 4.885037855347646314e+02 3.811427100330799931e+02 1.790565662484614151e+01 3.665225108911930363e+01 1.595976196568058558e-01 0.000000000000000000e+00 1.086323201652660600e+03 5.445286526249904391e+00 8.580956919324987666e+02 0.000000000000000000e+00
2.671300072105805157e+02 1.324040701214619958e+03 2.768278585318813612e+02 4.058905596620794540e+02 5.944406301516177438e-01 7.357842881687500949e+02 2.518573259247278706e-01 0.000000000000000000e+00 6.910109265988496645e+02 1.574938377685425621e+03 1.452820203371265961e+02 2.222660771279035714e+02 8.278629936047651654e+02 4.305734835794510786e+02 3.377882131485699233e+02 0.000000000000000000e+00 1.094967967945124428e+03 3.606339766657464582e-03 3.228167026886869166e+02 1.045287563085908459e+03 1.711970732584003896e-01 6.612621368631077985e+02 0.000000000000000000e+00 2.296670564455817214e+02 3.657895085595093292e+02 1.198558734357056608e+02 4.035431650110119790e+02 6.139641317650722385e+02 1.493120486705425076e+00 8.954659704038544987e+02 8.576764171026953321e+00 0.000000000000000000e+00 1.750484570912657603e+02 2.503041241382268822e+02 2.120612414114257547e+02 2.823907271604761036e+02 3.690949522893690755e+02
9.602577936343697047e+02 0.000000000000000000e+00 7.075876451622578998e+02 1.062821757810860845e+03 1.208378091087116957e+01 5.295330362589060087e+02 5.919964283524405124e-02 2.108658677101874162e+02 0.000000000000000000e+00 6.518092991591890950e+02 4.281611342874335833e+02 5.517601751669483079e+00 5.017622349072159409e+02 8.837565395517581237e+02 5.642917377475176863e+02 0.000000000000000000e+00 3.498534354013333996e+02 4.186722664784726362e+02 3.263394590204235612e+00 5.864129025202733381e-01 5.653185477155234366e+02 3.780451444650935287e+02 7.216804381155639021e+02 3.359813273153391719e+02 1.446237340356694574e+02 1.546593426521318904e+01 1.570393324941746300e+02 2.222693147845855606e+02 5.409442690609995275e+00 7.546073757794513313e+02 4.194765621913781501e+02 2.129338043965310874e+02 4.886319032737650332e+02 8.663305591835205632e+02 2.731409800789466544e+02 1.670715534749419930e+02 3.439504555845797995e+02
5.014669573998958185e+02 8.687847073366350514e+02 1.200782496882276519e+03 9.402139480247180927e+02 0.000000000000000000e+00 1.459332612622085207e+03 3.127539261100873205e+02 2.989242582838338080e+01 3.038216962539709698e+01 1.889147133176217608e+02 8.172007700360934450e+02 3.038342520073201172e+02 5.940814969083479724e+00 1.540298428005301048e+03 1.205699054589015986e+03 3.808371565602416808e+02 4.045833004057029143e+02 1.674122624899321110e+01 2.581224612075840810e+02 6.840406596882801296e+02 7.205155253424135253e+02 1.124206214768912275e+02 2.569246463501161202e+02 3.601912356866507707e+02 4.956131524718858827e+02 4.351847280791017738e+02 1.808640774247593583e+02 8.105981584478394097e+01 2.288766997635881317e+00 2.866502180437153697e+02 3.041154454411702801e+01 4.800429369271305369e+00 1.810015177480545674e+02 5.633509655012838948e+02 3.558933583096778541e+00 1.946624893236802052e+02 6.039122081357929801e+02
8.728887453805089081e+02 2.077376907516481310e+02 5.961286237048656176e+02 0.000000000000000000e+00 9.288500574149578597e+02 1.078516788839634444e+02 1.187763376917396727e+03 1.882120593947629317e+00 9.474921008002125973e+02 3.243646278842717834e+02 2.055143952536616609e+02 9.747571371438243659e+02 1.650236321025210827e+03 4.166774940362626012e+01 1.348190634437612516e+03 6.137712721063250110e-02 2.521482357042318601e+00 9.941740610417963353e+02 1.150717478706372887e+01 3.916818346283277492e+02 7.753935869772494272e+00 1.032748875219832598e+03 1.210150601426878580e+02 1.049390251954178211e+03 7.098860169998717993e+02 1.552693180568633657e+01 1.680670483647466824e+02 4.845471609086452247e+01 1.242955516602360433e+02 1.171366010308883460e+03 7.158709390820914678e+02 3.925344863468926970e+00 1.029449341205731571e+03 1.475789291901663773e+03 6.157812752176182158e+01 2.738259277973067007e+00 3.997765893201753897e+02
4.434926234901407724e+02 1.045370471357610995e+03 1.521425601604784106e+02 2.403934284410559030e+01 6.230414941805951230e+02 3.953049853610121289e+01 7.641616403961584183e+02 0.000000000000000000e+00 1.241495920875980346e+03 3.838094453623617710e+02 0.000000000000000000e+00 3.039757193947721703e+02 9.285112859525812610e+02 7.963921416459886586e+02 0.000000000000000000e+00 9.906192834371127276e+01 1.470929094426799338e+03 9.557186752811969654e+02 3.098959187623834737e+02 4.206147516551608234e-01 9.916621746812354559e+02 4.925501392283495079e+02 1.171481934997973298e+02 1.542216364969820290e+02 4.301765518785003017e+00 6.239400539700525883e-01 4.456925835333492500e+02 2.060752637668304317e+02 2.277685127585133102e+02 1.000915990583119878e+03 0.000000000000000000e+00 2.555271845102975021e+02 0.000000000000000000e+00 1.202564852947650024e+03 2.861777871380422766e+02 5.645505809365158001e+00 0.000000000000000000e+00
1.601150458724630425e+02 2.995119947568436487e+02 1.225222589824854367e+03 8.272372175532623828e+01 4.170509853785137580e+02 3.450179177564897373e+02 0.000000000000000000e+00 1.583198616180640784e+03 7.992401567951264692e-09 3.633706774728041751e+02 7.440881352767389956e+01 0.000000000000000000e+00 1.254073130703515744e+03 8.345609053789608822e+00 6.523772001320087384e+02 3.190733185074706668e+01 1.406093845067302937e+03 0.000000000000000000e+00 5.782430283528020709e+02 3.395881320782581838e+02 0.000000000000000000e+00 4.163161489310145846e+00 0.000000000000000000e+00 1.445663416180319416e+02 1.554722446310597306e+00 7.383788727855551315e+02 2.490858058919710061e+02 3.136171726233438406e+01 6.701258411229245837e+01 8.125100766984727443e+02 2.185413176171690619e+00 1.450046645953681264e+02 4.391189759822410110e+01 1.777930815893998745e-08 6.039965248525863899e+02 4.541574885177261649e+02 2.755910681856934161e+02
