output/example_1/lateral_incision_000472.asc
nrows	75
cellsize	13.33333333
xllcorner	0
ncols	75
yllcorner	0
NODATA_value	-9999
[rows 34 to 50 of 75, columns 37 to 73 of 75]
8.637981972273324871e+00 1.740532362726124802e+03 7.617723556446037492e+02 0.000000000000000000e+00 4.101306506022505118e+02 2.510780086109882632e+02 5.717157053898095000e+02 5.900632287906330475e+01 4.460641863429136933e+00 1.265988128353121283e+03 1.336899367220979116e+02 2.040192654037178954e+02 3.398393658614606352e+02 3.789495296889838869e+02 1.887927227858003931e+00 7.106696635421039900e+02 2.423049087315455949e+02 5.960242039269254519e+02 5.280681406088423273e+02 1.116562935538491047e+03 3.583152114582048853e+02 1.500446449167755532e+02 7.122004969415382902e+02 5.337644598761102799e+01 2.802552004227169959e+02 4.353017396415477265e+02 8.519715782995598374e+02 4.386091822610595727e+02 6.145140018468005394e+01 1.302025099044544049e+03 9.467334498997693970e+00 8.368606416999608655e+02 4.753653299543317416e+02 2.092480667482377044e+02 1.475031148508641081e+03 2.151581223340323845e+01 5.965152968300633347e+02
9.593105728295392964e+01 1.083997868767035470e+03 1.402268878769835283e+03 3.024252493997553515e+01 1.357520670644122447e+02 5.281075956251046222e+01 1.077054721954862771e+03 6.062159987653451481e+02 1.697220060018383991e-02 1.057198959186582215e+03 1.209024441094341682e+03 6.864747182475847467e+02 2.835618404259460590e+02 1.227558433177030839e+00 5.331130692356730805e+01 1.329490161224201188e+02 6.679945210079752087e+02 0.000000000000000000e+00 1.502137878217396008e+02 1.293542902283520107e+03 1.779351119693929490e+02 9.399007089504322039e+02 8.620075990138591493e+00 2.506524441684787519e+02 3.537654516865631535e+02 1.237002616217413049e+02 5.518768497792134440e+02 1.330868228367870415e+03 1.876403239888198584e+02 2.701352278804275215e+02 4.502494423124688283e-01 1.176129706063322828e+03 2.570745646995684410e+02 1.925581109118432721e+02 6.046436448330826607e+01 1.357863534150512521e+02 7.946620457926342169e+02
1.514509800107002093e+03 2.841790843769587571e+00 4.591121460457961767e+00 2.260226027451747655e+02 9.540056800782048185e+02 5.851110861976500246e+02 6.602102918269142720e+02 2.032637425922782313e+03 8.382192382110685003e+02 1.510162635180011481e+00 1.549002775302980808e+03 9.526780775580721183e+02 3.877123198594700337e+00 9.601653982517553914e+02 1.313917821448968425e+03 9.479977822559252445e+02 1.138625096340013215e+03 8.715642009862593795e+02 4.931026283295670396e+02 2.019115303532123562e+02 2.256303618295591562e+00 0.000000000000000000e+00 2.510011550839149095e+02 3.598322773369505967e+02 3.551880404216236116e+02 2.667766718443743343e+02 2.686182221158229577e+00 3.520382632381854364e+02 9.787938418178532629e+02 6.895192183240287598e+00 7.180321719301256280e+02 5.899924114269668252e+01 1.051099136252170441e+00 3.955630530338413564e+02 3.727906471150864149e+02 1.250450219135585428e+02 4.080922334893569996e+02
0.000000000000000000e+00 4.814538991697153847e+01 4.879154242275573097e+02 5.567800599590300159e+00 1.690521453580922071e+03 1.027182295539129200e+03 2.033465643833665695e+02 0.000000000000000000e+00 1.244676836613542719e+03 1.267308873486421817e+03 2.618236558560034837e+02 8.066206148950993793e+01 5.574894478113335481e+02 4.727045748994735277e+02 3.339577704937196634e-02 2.619595804402271710e+02 1.609716417139246971e+02 1.324722925412437178e+02 6.480092079675374634e+02 3.145045023759864122e+01 8.367597238611811008e+02 6.176066961689379013e+02 9.359336169306798183e+02 4.041748407921032253e+02 1.527316360408960463e+03 5.160829827764194278e+01 1.422509924160527135e+03 1.187422715721702389e+02 7.749005148454670007e+02 3.002127811431513038e+01 1.421990254346714892e+03 3.791758377556010373e+02 7.624466865209706157e+02 5.932997149321881807e+02 1.403696164646373290e+03 2.961228864752160348e+02 2.802130732204071251e+02
1.045372527947744857e+03 8.649159869075635925e+02 1.631292012254727751e+03 1.093017978302919119e+03 3.611696724293807392e+01 1.239116230683114281e+03 5.382419576652192745e+02 4.614695271007660438e+01 0.000000000000000000e+00 1.211649397012504323e+03 0.000000000000000000e+00 4.945428431256153203e+02 0.000000000000000000e+00 7.336425911448370698e+02 8.840959811369830277e+02 9.165805627105062285e+02 2.383490983584756417e+00 8.312943710894736569e+02 4.804856070404549087e+02 2.131034914608888897e+01 6.087027952900035643e+01 2.768093511149817054e+00 1.393012060543157986e+03 3.798952619188828521e+02 1.209228298482394621e+03 1.223360911175517458e+03 4.017243530539305425e+02 3.052303082791320890e+02 5.712670167664366261e+01 4.353324723274898389e+00 1.680144979572034742e+02 2.430923252490393054e+02 7.585762796998704971e+01 2.995814907010791561e+00 3.296820234230116284e+02 1.135492167787415525e+02 3.894808202701749877e+01
7.310635794344649412e+02 6.715617007063700612e+02 3.739670177577136769e+02 1.520100573009850450e+03 1.454335643450158386e+02 9.272712193299515349e+00 3.722092322261015624e+02 7.411969290066967915e+02 1.333391102644890452e+03 1.508389317793877353e+02 2.983430800233691782e-01 8.765104503744772728e+02 1.380032078200135857e+03 8.458173933320935589e+01 2.657658112709945044e+02 1.369414375413318952e-01 1.229126532452447549e+02 6.451648311830703051e+02 1.256348904546694484e+03 1.485879024043346064e+01 1.212070391436494447e+03 1.349958439301782107e+02 2.728627557823710603e+01 5.549485269557432332e+01 7.670235075636632018e+02 1.756095097641182861e+02 2.593515778153153661e+01 6.056709009147294864e+02 7.729344444353324661e+02 5.214136419818767365e+01 9.681218578616174000e+02 5.174009332082690662e+02 1.272791807077210393e+02 1.283120608895609394e+02 2.169048359055533126e+02 6.601478446213337747e+01 1.862282635041153753e+02
9.076556490527035521e+02 3.034282001843911871e+02 3.541342062565809101e+02 6.725601607770221868e+00 2.339486080495193505e+02 3.773900637439814432e+02 4.547496916010391743e+00 1.486375018254823544e+03 1.673363731229294899e+03 3.221578545205996136e+01 1.208890821993100872e+03 0.000000000000000000e+00 1.610666176947873680e+02 3.112395611274827729e+02 7.030579217924828583e+01 4.258619967937199213e+00 8.096483611338314859e+02 4.033000949768908185e+02 2.585324398731274300e+02 6.666046899220278874e+02 5.350496931765995896e+02 1.166921974117120044e+03 2.275303575497010513e+02 9.939927532369212031e+02 2.558179727864639474e+01 2.497245227073013609e+02 9.748307913398153914e+02 2.217536387340414024e+02 2.049561497603841076e+01 1.198204684076453574e+01 4.646164154920662099e+02 3.438740571422777177e-03 4.474902499715287831e+02 0.000000000000000000e+00 0.000000000000000000e+00 6.151009965053831365e+02 2.493055419396676520e+00
4.316608552292202603e+02 2.190487274178427413e+02 0.000000000000000000e+00 1.217997667663642687e+03 9.633408860583568867e+01 7.600243490477458863e+02 4.760619924582433669e+02 3.583703988036721455e+01 1.367486577518744717e+01 1.219684773224816126e+03 9.335445367727596704e+02 1.224609180987072108e+02 0.000000000000000000e+00 5.253195561635853892e+02 2.484750673059363635e+02 0.000000000000000000e+00 1.192913149388065449e+03 1.509382403488370073e+03 5.405773874527822187e+01 1.198891727887659613e+02 1.798954729553026652e+02 4.687252216384945882e+02 1.628610041708439837e+02 6.305733911771075100e+02 2.954102940573915816e+02 6.201881908521290399e+00 1.581297985547755136e+00 4.146484366867233540e+00 1.481837818028661786e+03 3.426891057937448526e+00 4.204400815141668204e+02 6.767052741236137763e+02 1.985688387003298772e+02 2.249755978662321965e-01 1.254505819830848345e+01 8.653030919399483878e+01 3.429057818777792477e+02
5.738654826387396497e+02 1.436157105351392147e+02 5.736632200492671529e+01 1.819529785075976918e+02 5.920720462670445272e+01 7.268631348813537896e-01 7.206592343053995542e+00 1.058490785722948885e+03 1.170193407916042677e-01 5.500271019237241177e+01 1.198051590320621244e+03 9.443231428415883784e+02 4.229196105684493432e+02 1.957817347945810527e+00 4.423626473795101219e+02 3.017004100078337956e+02 1.372580106175004175e+03 1.171766386055505538e-01 5.497595670956697234e+01 2.510018557862007071e+02 6.633213608702250212e+02 2.577695774143962382e+01 2.468168578115575684e+01 2.187996985896312552e+01 9.314262940700950821e+02 1.005204034267413533e+02 4.184458895182967240e+02 1.493263783440803536e+02 3.201644940462961841e+01 7.181203203492890452e+02 6.486150494309030137e+02 8.196444649124924808e+02 8.177194803691749030e+02 3.022238072525230379e+01 9.317842919283401670e+02 3.997049323407379120e+02 3.157212039305035205e+02
1.269831732234123365e+03 8.253823659604380509e+02 2.297194915684766841e+02 5.005747306158396555e+02 4.779049270285758766e+00 2.961601250417711526e+02 4.052186278776968853e-02 4.738059650431401906e+02 4.630477793909385298e+00 6.265757241570563352e+00 2.434538092948787380e+01 4.208438222574143879e+02 3.238045150532199159e+02 0.000000000000000000e+00 6.354511045095456439e+02 3.036720812045315938e+02 1.758637926626013552e+02 1.156531635295558544e+02 4.007995735114103786e-01 3.540209847763433686e+02 7.321910332852768306e+02 1.289186524448947921e+03 1.406098889283896824e+03 7.689797617471431090e-01 5.401419869034467638e+02 7.190204966153376063e+02 0.000000000000000000e+00 1.599507016594611741e+03 1.845532585908899392e+01 2.336861697731645648e+01 7.771796686539803432e+02 2.600929915691478982e+02 5.566908190289839240e+02 8.912672896438801899e+02 1.538038611611230522e+01 4.762032268290807906e+02 4.113393126982312538e+02
3.119413435538286876e+02 0.000000000000000000e+00 2.985740562341326836e+02 1.516511376280150980e+00 0.000000000000000000e+00 5.823570157783231025e+02 1.438622979689257292e-06 1.186418856211138518e+03 1.659461298795327480e+02 7.071006852616161353e+00 1.019693509563256271e+02 4.934218092783189569e+00 1.852258335085466001e+02 0.000000000000000000e+00 7.147475280136007996e+02 1.270463872663220400e+03 4.796606495862915267e+02 1.464461340044101334e+01 0.000000000000000000e+00 6.058823682370297092e+02 2.014852011772676832e+01 1.633966733307200911e+02 6.063112050621359685e+02 9.494170473269717831e+02 0.000000000000000000e+00 4.919955001616324921e+02 7.103369231286496870e+02 9.267050849939880663e+02 3.830301252307044990e+00 1.432028201342808700e+02 1.162017341839982620e+01 2.176770855339128730e+01 1.034033505870098253e+02 1.670811944815353911e+01 7.243206897624539806e+02 5.229327928798594485e+02 9.641725324583699148e+02
9.221337550573109638e+02 6.621009065778883951e+01 5.762265496229422297e+02 6.648511199607324329e+01 2.726466803545826600e+00 1.005684762259030208e+03 1.356340238247359366e+03 6.411755788552742388e+02 0.000000000000000000e+00 1.260099370474711350e+03 1.460009279983144552e+03 8.658012451646125101e+02 4.742132719829990606e+02 1.822808856256568220e+02 5.412002666270661848e+02 4.637051857737311593e+02 9.568133474090469548e+00 1.414762454227366334e+03 8.323910220435069505e+02 3.805300587747254326e+02 9.085424610495248317e+02 6.152677175579183455e+01 1.088998155789620910e+02 1.235759027204415332e+02 1.590562526848598509e+03 2.486305542123353689e+02 4.392350465905083752e+02 1.679004944489999929e+01 2.524600693932781610e+02 7.179368298849389021e+02 4.136484553783345675e+00 1.076502859865059008e+03 6.793210494870561433e+02 1.268140061262230802e+03 1.265249576565020817e+01 9.407113093082747355e+02 1.113301629294223630e+03
1.554683854536421279e+02 2.488001729557519468e+02 4.277691337629364909e+01 8.963114499879742425e+02 2.740534176047520418e+02 0.000000000000000000e+00 2.885299736663483117e+01 1.533692052370139891e+03 0.000000000000000000e+00 1.810661331937836280e+02 3.941248181592292212e+02 0.000000000000000000e+00 4.542384195125590054e+02 5.096207473199164042e+02 1.279579045580782122e+03 5.407376053803986906e+02 1.530426735511035474e+02 6.697949410032210835e+02 2.399699474723748835e+02 5.339337388802967155e+01 3.539787337894155712e+02 1.468678927760792305e+02 3.058380245270625242e+00 1.304504178915107993e+01 1.205702741256378204e+03 4.550075600022992717e+02 2.531449671424845338e+00 4.386337897397702932e+02 0.000000000000000000e+00 1.204684512727422963e+01 1.916843581171440576e+02 4.229332731573901469e+02 1.776223331101822680e+02 3.632465114604687351e+00 1.569252523980637761e+03 8.424572994583711250e+01 0.000000000000000000e+00
5.087217129837542728e+01 4.576901922872804107e+02 7.611198127185514473e-01 4.969107257508127304e+02 3.368096020803969282e+01 3.128452715366628354e+02 3.050643190527470097e+02 1.600191966817441767e+02 7.264699112157537684e+02 8.029904191145842418e-01 6.679332537873287947e+02 0.000000000000000000e+00 7.802929285930348513e+00 0.000000000000000000e+00 3.568587585863769505e+02 3.328132479165992095e+02 7.356870822606121862e+01 3.171408046797899161e+01 7.837951019508277994e-01 2.395423405761586935e+02 2.819107830926856195e+02 3.281963731198027290e+01 7.424988694289553450e+02 5.545009284137363995e-05 8.985911642945973199e+02 6.541208449018919069e+00 2.402294289912636032e+02 1.630340159069228775e+03 2.374322272584752813e+00 1.332250798811278855e+03 4.138527998622600279e+01 3.118060244027953445e+02 4.696549114487798882e+00 7.724091135421964509e+02 4.093696133527316761e+02 1.791762286932762436e+02 0.000000000000000000e+00
3.975719778413414929e+02 5.087799820433866671e+02 1.419647688999770097e+01 4.492432571445818326e+02 3.825324630606203300e+02 2.792291170990697537e+02 6.379622533522767753e+02 1.171165999181815096e+03 4.284926776521852609e+00 3.979451558982217563e+01 7.308359955083828936e+02 5.710421461765706681e+02 1.919904108595190735e+02 6.114387347194474387e+01 0.000000000000000000e+00 4.113362299283759285e+02 9.477888367176174711e+01 5.780135882535181509e+02 4.759110084884489389e+00 1.280546157281330579e+02 1.860596641135576990e+00 4.216363082073501545e+01 2.115275546991635025e+01 0.000000000000000000e+00 0.000000000000000000e+00 6.666665561970519320e+02 5.686330566201119154e+02 1.142082423695135049e+03 8.401820171169065361e+02 0.000000000000000000e+00 3.882523032125121745e+02 4.874718298048410361e+02 7.470714154509712444e+02 4.775650479600219001e+02 7.412309658849831067e+02 6.645247329278009829e+02 3.208069273974280122e+02
1.019759159888113109e-02 8.916461997601973777e-02 4.220024475152708149e-02 9.036785652282837873e+02 1.801528329370786139e+02 6.169620290605197397e+02 2.048639066923566929e+02 3.071624286182243480e-01 5.102279092408271026e+02 2.262485658991949720e+02 3.487791661581516878e-01 0.000000000000000000e+00 3.267557505311831392e+02 0.000000000000000000e+00 4.487562954813507758e+02 3.085662255864629628e+02 8.979182246804619183e+01 8.358640171226671782e+02 6.746457623067751683e+02 8.808271784549449990e+01 4.914280538322597067e+02 1.044180297546927932e+03 0.000000000000000000e+00 8.443008210257054316e+02 0.000000000000000000e+00 2.717339807932122930e+00 1.378582660607389982e+02 7.199459957652653941e+01 1.287076850337395854e+03 0.000000000000000000e+00 0.000000000000000000e+00 1.279356934457941719e+02 6.922969631283422132e+01 1.728356828738654427e-01 6.854666313096093972e+02 1.133917942138524950e+03 5.569224480640966135e+01
2.773485056978123566e+02 3.702844571397032496e+02 3.120124523870175608e+02 0.000000000000000000e+00 1.416063588964110522e+03 2.398992023773538662e+01 1.004555315232989327e-01 4.507046639264250416e+02 0.000000000000000000e+00 1.102475551239679589e+03 3.207021886843036214e+02 1.606213442323334903e+03 1.844646428144455115e+02 1.044336393719423626e+02 2.056838871799759545e+02 1.948452630718983585e+02 3.820198835791869669e+02 3.860263362612749916e+02 9.389434948996449748e+01 9.070369702920161217e+02 4.198358233543818869e+02 2.832984492269090965e-02 1.440898744818628529e+03 1.237484342977050574e+03 1.259896456059849186e+02 5.097666936951472394e+02 5.775352153775863684e+01 3.303676358208795794e+00 4.816563138861223337e+00 3.795919758239099338e+02 1.520784980745084454e+02 2.889991579369096826e+02 7.380974886710752116e+02 3.740546397658551427e+02 8.873128376945350615e-01 2.647221166492314524e+02 9.608749382758730917e+02
