output/example_1/lateral_incision_000218.asc
nrows	75
cellsize	13.33333333
xllcorner	0
ncols	75
yllcorner	0
NODATA_value	-9999
[rows 17 to 33 of 75, columns 0 to 36 of 75]
0.000000000000000000e+00 8.589693921595400070e+02 6.743704659588136963e+01 3.253577501825676563e+02 0.000000000000000000e+00 9.819273437799593296e+01 1.991055842164541332e+02 5.827729377797437564e+02 6.967238886667079214e+02 4.100289463565902111e+02 3.527113131066299729e+02 5.327499137790135819e+02 4.168633914504643485e+02 2.436444540725659635e+00 9.381695685761269488e+02 2.769247735314235683e+02 4.238374226542084671e+02 9.546469292689945405e+02 1.245903497437258949e+02 1.027716861513780344e+02 6.788157575653461890e+02 2.708181116437698961e+02 7.071760097833015379e+02 8.557951362340286323e+02 9.563174033160257181e+01 1.668054824711407491e+02 1.087159585301757488e+03 1.419471136011029273e+02 8.793400672083785139e+02 2.403866732107228454e+00 2.315257038540419217e+02 0.000000000000000000e+00 1.362546208701736077e+03 3.545627314584729675e+02 5.485348964619170147e+02 3.539409594701085098e+02 1.815876137870725699e+02
0.000000000000000000e+00 6.186375372196897615e+02 1.047005586470888375e+03 0.000000000000000000e+00 9.219894193132242890e+02 1.476182064707867204e-02 8.218508051657428837e+01 2.573350570724110185e+02 1.419182521626058531e+02 4.236809719474929352e+02 1.015733806171879792e+03 7.166737535198775788e+01 2.004168138905014985e+03 4.720442121529861765e+02 1.107035186622659211e+02 0.000000000000000000e+00 0.000000000000000000e+00 5.000939479738479854e+00 5.494954074813638272e+02 9.649570552845449356e+02 5.913291396045053006e+01 1.019431804910232415e+02 9.376363418347352097e-01 4.091223941714736156e+02 3.861379967558465864e+01 3.510315643103076582e+02 9.524105978571233209e+02 6.392955507249067182e+01 3.433712473816833040e+02 5.124791888635792247e+02 1.170159581498669922e+03 0.000000000000000000e+00 1.592755294759899925e+03 0.000000000000000000e+00 0.000000000000000000e+00 3.557150572893344815e+02 5.657604853384593468e+01
0.000000000000000000e+00 2.602396187410443762e+00 1.149816884022352724e+03 5.251220526619634938e+02 5.843232319407356545e-01 4.420958364538286105e+02 3.429252051402662005e+02 7.960449431145951493e+00 0.000000000000000000e+00 1.378645616364123194e+00 8.147194581605904204e+02 5.089502224462796320e-01 1.642902016453940178e+03 2.765597494717711697e+02 8.490530316631710548e+02 3.882494373778779817e+00 8.145382927170234098e+02 3.927960550608315202e+02 8.688238161932954995e+01 1.029822713531243892e+02 2.107988383734588922e+02 1.900280496271738286e+02 2.587612523499643089e+02 8.950079213814464418e-02 2.370603927011226464e+00 3.733817239886528938e+01 2.953375042994655928e+02 0.000000000000000000e+00 2.485235498518583199e+02 1.680616454061952254e+02 2.675204553176326954e+02 3.748992992402059299e-01 3.190112709796985087e+02 7.420671564035540086e+02 3.186947299405621266e+02 2.950049416413896353e+01 1.097383632080090138e+03
0.000000000000000000e+00 1.232421057573421422e+03 1.555568993388216370e+02 5.177053825291513931e+02 1.435989171011352028e+03 1.101203683489887482e+02 8.004852593735602113e+02 9.452150849120829434e+02 3.316996409710205285e+02 1.066558096022430618e+03 1.040135334529668398e+03 3.676777137281077330e+02 4.309949878449367020e+02 1.670197199060431785e+02 0.000000000000000000e+00 0.000000000000000000e+00 1.183295559176051029e+03 1.194690109816774566e+03 3.547957098877399176e+02 6.660065919717204679e+02 5.214250003592691201e+02 8.847232029937978268e+02 4.314741924801845130e+01 6.693497533649701836e+02 5.372352639336479569e+02 4.025538954118633228e+02 1.108123190563818206e+01 7.730439942648692409e+01 2.260864615357808134e+02 5.282532188773904380e+01 6.858033392625582110e+02 1.409878227004906250e+02 1.315531342606831686e+03 0.000000000000000000e+00 8.967593262566106205e+02 7.043898695693030731e+02 2.703779954858265455e+02
0.000000000000000000e+00 2.171926365494500999e+02 6.418316519669092202e+01 2.985716871833629398e+02 4.133221620652438588e+01 2.415752884180144235e+02 2.611402034327528554e+02 3.981520190851117036e+02 6.635869673894542302e+02 6.860531445980311673e+02 3.000413751677450591e+02 1.078107630533125132e+02 1.308933084899947062e+03 1.076319115561536591e+03 6.990808397300442323e+01 1.567250202319833079e+03 9.909888785651661536e+00 6.689852239861351109e+02 1.001893785440755209e+03 3.383360103420738483e+02 1.658907179291418288e+03 1.543577071316552747e+03 2.723883630598996319e+02 5.388679088295533575e+02 6.299410787715875131e+02 1.248230721233934901e+03 3.315989064694706485e+02 8.145970680016134224e+01 1.830851383319325620e+01 4.226577426795957422e+02 5.429959549483061920e+01 3.609542444693099696e+02 8.111412355150855547e+02 4.974342843741458182e+02 1.016234286232658292e+03 5.826555814147065249e+00 2.745745623733188836e+02
0.000000000000000000e+00 1.025048138208922865e+03 1.468205522564169314e+03 7.453854136766076408e+02 6.358508012058335908e+02 1.760198921429771190e+03 1.029408728383459220e+03 1.485181252475091242e+03 8.118193317696138820e+02 9.918138206923836719e+01 8.934619286107857761e+01 0.000000000000000000e+00 2.494202224956814575e+02 0.000000000000000000e+00 1.128622425814100779e+03 1.242633187198566702e+03 7.252274876951905753e+02 3.466818617758838261e+00 5.425992323217042923e+01 7.890475408484113018e+01 5.996554853432900245e+02 0.000000000000000000e+00 2.107165236299748869e+02 9.655717454582843402e+02 1.498552395862999163e+02 2.468835924340925772e+02 3.968596706456987704e+02 0.000000000000000000e+00 4.573368568266347438e+02 6.393538227338170827e+02 0.000000000000000000e+00 5.112805249760473885e+02 4.230920354087886608e+02 8.746193525560124726e+02 6.592652311802325027e-01 4.753075797110388407e+02 1.987809646702349710e+03
0.000000000000000000e+00 6.889630103238071115e+02 1.140854552350489712e+03 1.213956259644313832e+03 1.506409973615537297e+02 4.776870773572209572e+00 4.004598555843077747e+02 1.408036409991983540e+01 8.126222540493083457e+00 2.675353614200815924e-05 2.557658473164789470e+01 1.071047277865096021e+03 1.205474920236156095e+03 7.051970238927771106e+01 2.353619518445553638e+02 4.311872923583641182e+02 1.210427042866440246e+02 3.641286614021457240e+02 1.262072551729599354e+03 1.545859806892216284e+03 0.000000000000000000e+00 1.257355746556238273e+03 2.235633430823587009e-01 1.268294651218308502e+02 1.551608845643817403e+03 1.289698483832413103e+03 9.095320906669479655e+02 1.253111352404531971e+02 4.831883878812821536e+02 1.429889850886414933e+03 5.625868207747645329e+02 0.000000000000000000e+00 1.339601512998345243e+03 7.883667756140253857e+01 3.729926227903147264e+02 1.596338438134067928e+03 1.204540479194161890e+03
0.000000000000000000e+00 0.000000000000000000e+00 8.358604294645682558e+02 7.881040796258234877e+02 8.000666943330696768e+02 5.939276113895497033e+00 7.050175925199682752e+02 6.565574081677721097e+01 4.228784652729787013e+02 3.891768619065862254e+02 3.189248478941922258e+02 4.676463229894042115e+02 9.753512578806362399e+01 1.019770567838824782e+01 9.252518268987847350e+00 2.831885180839170744e+02 0.000000000000000000e+00 5.210974913506636312e+02 1.145577768175750180e+03 3.057729803227308594e+02 7.196188757248043544e+01 4.660347615248007287e+02 8.484427567946511317e+02 1.021245912349449725e+02 1.152021332570065169e+03 3.588214868712272505e+02 3.578667645920227187e+02 3.842416763182512796e+01 7.348195584515542222e-01 5.631730833361477551e+01 9.508981862587187379e+02 9.512322405002839787e+02 1.483476506156975745e+02 1.663424664561055351e+03 7.685618140154192588e+02 2.032201799827846003e+02 7.577270280750389020e+02
0.000000000000000000e+00 1.761830346923908564e+03 1.647872464807456481e+03 5.568157921183139081e+01 1.162049329184474402e+02 0.000000000000000000e+00 7.710057349613389306e+02 1.063038689663680543e+03 3.952816941713255119e+02 1.402175921732493180e+03 8.810228895548180006e+00 4.451119948851833783e+02 0.000000000000000000e+00 1.397670489781146443e+02 0.000000000000000000e+00 8.816577220590282877e+02 3.638254336001381262e+01 7.105334561088882310e+02 1.319559959804545883e+02 8.111114763476378187e+01 5.996983408265750626e+01 2.198835725301551136e-01 0.000000000000000000e+00 3.386427435389818470e+02 2.014077769894802392e-03 3.352220714325798712e-02 0.000000000000000000e+00 7.240699482920315404e+02 8.893766956676861355e+02 1.799071999688804055e+02 1.944814843434959292e-02 1.990491466589537026e+02 1.632396492121601568e+03 0.000000000000000000e+00 5.187030896828390070e+01 4.048975733429709294e+02 7.164089937472281235e+02
0.000000000000000000e+00 1.189296349802578789e+03 6.274974983983937591e+02 2.693276688506609062e+01 3.310026305431708806e+02 1.162558238391047325e+03 0.000000000000000000e+00 3.477561353275402212e+02 1.457506480633450337e+03 0.000000000000000000e+00 1.439839428691733225e+01 8.564689683539131693e+02 0.000000000000000000e+00 5.229210213786540606e+01 1.659523065681617027e+02 1.120169915453729573e+03 7.598566883515442214e+02 6.253378144601656459e+02 1.768350937109496313e-01 5.450436962202099949e+02 4.916987390993010187e+00 1.322701996300397468e+03 4.610465386878782965e+02 7.485207800942144729e+01 0.000000000000000000e+00 1.478515987421134696e+03 8.107034682659024156e+02 7.396784246789296731e+02 4.769375937157431053e+02 1.961588130875328488e+02 3.118940891248728349e+02 1.587363635457236626e+02 6.511188937450008325e+02 9.197478539061894480e+02 2.919392862936705342e+02 1.732468488009664611e+02 1.052032753629364237e+01
0.000000000000000000e+00 0.000000000000000000e+00 2.290020625271542443e+01 1.627806617012897505e+03 0.000000000000000000e+00 1.473696765779427542e+00 3.855549154050148672e+02 1.407839952896412342e+03 6.713077961314233733e+01 1.478412990483691374e+02 3.857421924978271477e+02 1.553229471720850597e+03 1.311500950584696454e+02 4.716445099860433743e+02 1.389122977588830054e+03 7.487323588923857187e+00 1.086263951510756669e+03 1.068533078850701031e+03 3.470953175242652833e+02 1.706225954848945605e+02 4.252671603390267023e+02 4.188697502619753550e+02 5.957823181367526644e+00 1.643607791008263064e+02 4.823918985558743202e+02 1.213280979147498044e+02 1.508411156400349284e+02 1.824346977977279209e+02 4.600923363409378908e+02 2.519439030652504963e-01 8.864911959324068675e+02 6.654107198051767424e-02 3.066690444467872823e+01 5.186630082803782571e+00 6.353082793574122888e+02 4.765499009164953748e+01 6.442787364763191817e+02
0.000000000000000000e+00 2.176253771209495653e+02 1.601737017276585448e+03 1.108565447790276721e+02 0.000000000000000000e+00 1.109079776798419061e+03 5.211906900779224117e+01 8.183968299402966551e+00 1.598159351693231429e+03 1.011933940570477148e+03 2.568619691167401964e-01 1.140309504048236420e+02 0.000000000000000000e+00 1.809537651405994438e+02 3.062952255810201807e-01 9.668076823542588727e+02 8.279247782896349008e+02 0.000000000000000000e+00 4.596071111996518965e+01 4.936152155066359910e+02 7.168822289417652200e+02 2.823987763752003843e+02 2.730402615701079299e+02 1.155326476511914279e+03 3.472298288106435962e+02 9.450670563386838694e+02 2.981556465722118219e+02 2.022316912665752398e+02 7.867536339889987858e+02 1.422574103454691681e+02 1.734773496774898760e+01 2.580636761399529178e+01 8.285124909675757010e+01 2.611787539825273541e+01 1.443323782975962217e+02 8.948477239270308701e+02 3.019195171713691366e+02
0.000000000000000000e+00 1.737560009599806790e+03 8.542324142064687464e+01 2.801904297604536609e+01 5.355551649467581683e+02 0.000000000000000000e+00 1.231989646940446619e+03 3.612254124018878088e+02 5.503769988469064174e+02 3.496537170326668615e+02 3.489515079567589169e+02 2.537850488429057521e+02 1.376722495210291754e+03 4.639970030143906570e+02 1.725911777021221042e+03 4.182510736040620714e+01 2.198591945653948301e+02 3.749693423348977035e+02 3.722314754653535260e+02 7.755955082512856791e+01 2.672389289904118073e+02 2.690652297864270395e+02 6.677912807155731798e+02 9.049687802132638126e+02 7.597784975587905443e+00 8.018992918458103532e+02 8.033912190500210500e+02 7.292216986642035863e+02 2.992317105946378888e+02 6.203246318459551958e+02 5.477015545714030154e+00 4.410428228162786901e+00 9.173013082813978372e+02 2.431325465396476559e+01 1.223143346449341635e+02 4.488035865010370458e+02 2.355662688122926056e+02
0.000000000000000000e+00 0.000000000000000000e+00 7.574595538677610929e-01 0.000000000000000000e+00 0.000000000000000000e+00 1.019947355561052177e+03 7.354491166476179842e+02 1.633338295295025375e+02 1.316897597692039028e+02 0.000000000000000000e+00 5.802665630764375919e+02 3.673328648680154629e+01 4.147172210681177695e+00 2.460335368591215968e+02 5.188405465152449096e+02 1.263833786923565441e+02 0.000000000000000000e+00 1.428473634355099193e+03 1.274973819481720909e+02 2.276702714962922869e+02 5.959127086390431032e+02 1.788792512494253728e+01 2.617345262137519057e+02 2.507179851066159770e+01 3.123506373882037792e+02 7.169368727960966226e+02 3.975138503951162749e-01 2.594988606497272698e+01 1.751105498523241408e+02 9.639154567344282896e+02 1.340858059715859270e+02 3.684378641352869295e+02 2.511881372707367746e+02 5.342172487912050656e+02 1.091083800921137481e+03 1.718769175894729528e+02 5.569890618208202682e+01
0.000000000000000000e+00 1.510153731359580206e+03 1.331968109864228381e+03 8.728695971031102729e+00 7.564556947555063289e+02 8.880737862429762680e-03 5.287682988352586335e+02 6.214575119782375623e+01 2.194202532336759646e+02 4.872467261156489537e-01 9.334935516096021502e+02 4.828023764492479775e-02 6.504488485143803018e+02 3.734375021700246577e+01 2.002071680700611580e+02 6.729484812821326725e-04 1.236343672914472691e+01 6.629817282744705835e+02 4.550234312343823717e+02 2.377512075134873726e+02 4.239474852894625201e+01 1.849536051144192754e+02 8.061206611603192584e+01 4.132196320772189893e+02 3.880893444383460746e+02 1.128763818896499060e+02 5.336155986512391536e+00 3.718038012637838960e+02 7.186022824583168358e+02 3.764903334729642097e+02 3.757009056374428013e+01 1.333407015394536188e+02 6.362821530544719053e+02 0.000000000000000000e+00 5.528832787872862582e+02 8.894138805023454779e+02 1.204606335135115103e+01
0.000000000000000000e+00 0.000000000000000000e+00 3.110959296938125362e+02 6.016202822665663064e+01 2.166131475070123713e+01 7.184490167885307983e+02 4.566183237590717567e+02 7.886167048184903328e-01 2.256563948946603304e+01 2.670458552163906347e+02 2.449846234749338336e+01 1.003166266560684335e+03 1.237578000154886240e+03 4.089870813311471665e+01 3.389238141828608608e+00 0.000000000000000000e+00 5.800468392024337163e+02 1.346713429106521573e+02 8.699407188658933592e+02 2.439293155408691121e+02 6.746554657460981730e+01 4.236741739025171682e+01 9.698243481936709713e+02 1.245957177307070879e+03 5.060336626745800537e+00 9.832676686829498749e+02 1.578202155375226035e+01 1.140855679733181887e+03 5.420166485583484928e+02 1.272974975671857152e+02 1.051300893982368507e+03 1.729537629151309943e+02 1.166694859000102952e+03 3.053765914833767026e-01 5.900822991724577378e+02 3.886211190269324902e+02 1.164844253576813117e+03
0.000000000000000000e+00 8.825782672516826324e+02 4.910430158107233751e+02 4.813675133671234674e-01 5.015790116118005182e-01 5.666016920154128833e+00 7.858788124221630369e+02 6.650317162407114893e+02 1.205747009987845431e+01 6.277534561485590530e+02 5.888191134076710114e+02 3.738105327638815645e+00 1.596527469575819850e+03 1.183647151774731128e+03 3.933223178463199243e+00 1.578613049519766946e+03 1.259053238464533280e+02 1.018165978997206594e+03 2.175451686694489517e+00 1.034341711129168289e+03 4.049605677830281536e+01 1.483116934194912346e+03 5.205517114874517119e+02 0.000000000000000000e+00 5.364598585223611735e+02 1.435021641574857085e+03 1.718037182340678442e+02 1.201848495427944499e+03 2.262997959548126232e+02 6.126960900203136617e+01 3.358651838955639164e+02 7.000388079103947803e+02 5.281158835544104591e+01 8.083122950215098399e+02 4.770251805424569511e+02 7.869939291411140125e+00 2.926167279963262899e+02
