output/example_1/lateral_incision_000388.asc
nrows	75
cellsize	13.33333333
xllcorner	0
ncols	75
yllcorner	0
NODATA_value	-9999
[rows 17 to 33 of 75, columns 0 to 36 of 75]
0.000000000000000000e+00 2.134149243941099883e+02 1.480740299729780190e+03 1.652812065613602083e-02 1.205290161601770023e+03 0.000000000000000000e+00 2.859197094829552270e+02 1.437219291681821574e+02 2.509446969022924279e+01 7.253596269721956560e+02 1.164064609045022280e+03 3.262491230008812408e+02 2.405501694125189616e+01 1.420849595345380521e+03 1.113220670463150327e+03 3.493253904243412649e+02 3.674525970908926098e+01 1.779205173843971579e+02 1.183352783743702048e+03 0.000000000000000000e+00 8.094529355129751593e+02 3.469544253090934838e+00 1.392304680120885905e+03 1.006771672736117011e+03 5.060630994531004623e-01 2.831769211275387761e+02 1.000672798513184780e+01 9.675756922655288861e+01 1.141404871360991002e+01 3.857032972288068322e+02 8.699430883425836782e+02 9.981237450878489847e-02 5.081905123282056707e+02 8.329480866304207893e+02 0.000000000000000000e+00 4.551763842276264427e+02 1.619112962564024940e+02
0.000000000000000000e+00 3.094539688031959912e+01 0.000000000000000000e+00 1.100689811628398274e+03 1.862295798242323144e+03 1.377857005824798762e+03 4.971244554028683815e+00 7.414789216292792418e+00 0.000000000000000000e+00 1.787448714927542426e+01 2.001604273090047958e-01 2.445377187690069842e+00 0.000000000000000000e+00 6.781866042172782727e+02 1.885125793554735480e+02 1.472812583385541075e+03 3.351868013736474836e+02 2.704643530986226665e+02 4.935514179733207811e+02 9.877856427089488989e+02 2.718065684492848177e+01 4.213720771466453812e+02 1.075487112834394111e+03 1.086382614448722506e+03 4.757388042089552727e+01 7.113482564914970681e+02 6.005940110122072610e+02 0.000000000000000000e+00 0.000000000000000000e+00 6.468441031961364160e+02 3.047525277369910555e+02 6.300776423248751144e+02 2.079691824601674455e+01 6.627491143762953243e+02 2.326333224105273700e+01 0.000000000000000000e+00 1.689184908037317427e+03
0.000000000000000000e+00 1.543180881506477135e+03 0.000000000000000000e+00 7.307069775225003561e+00 5.202101400692308530e+00 9.792197601913286462e+02 3.660061090203703316e+02 2.527493564400828632e+02 1.700826429067270510e+03 5.390939408559278263e+02 5.682160457645255747e+02 6.875161192829208403e+02 1.486045828011881440e+03 8.385056578879948042e-01 1.376805009316377948e+01 4.036868496224649938e+00 2.000099605455000074e+01 1.051310678778935248e+01 2.246714482925461720e+00 2.431745099302031932e+01 1.245653256989323836e+03 6.713686491912876591e+02 1.315699745338031789e+03 2.282821880594001982e+02 2.370603927011226464e+00 3.733817239886528938e+01 3.298475217294403024e+02 3.668650998280914877e+01 1.109423186646093171e+02 8.418412576685493605e+02 7.887445333962971006e+01 1.152796084802602991e+03 1.874583102812866002e+02 2.972566524158297625e+02 5.459083226291328401e+02 9.290180472948138686e+02 2.318238771222252694e+02
0.000000000000000000e+00 3.129460136764240730e+00 1.193596931106322018e+03 3.434643102467681564e-01 1.213710178980837759e-05 8.408782072515762138e+02 4.544900574746370125e+02 1.543252794047371253e+03 3.348943301546536966e-01 1.304916685958486596e+03 6.970883012894133799e+02 1.329710473078304176e+02 9.000547353771156622e+01 6.072086781332006922e+02 1.263974856270436021e+03 6.420570513909552801e+02 2.660950319402190303e+02 1.397796119213806492e+02 1.166934322540171252e+03 0.000000000000000000e+00 4.648366597607355857e+02 9.391553058330233625e+02 1.189263267578431709e+02 1.052739565550101361e+03 6.988148645043957004e+02 4.025538954118633228e+02 2.686892742069518931e+02 2.113434606803864142e+02 3.236536532334004619e+02 8.973029415396156310e+02 5.055673956928450821e+02 9.000171147847210307e+01 2.004555714577020069e+02 7.196121023449570657e+02 3.120395732496161827e+02 2.149146495344160428e+02 9.338754398740715033e+02
0.000000000000000000e+00 0.000000000000000000e+00 9.324558020728157715e+01 2.570777743479883526e+00 0.000000000000000000e+00 7.066086931193176497e+02 0.000000000000000000e+00 1.565017625141388180e+03 7.522457123823314760e+02 2.221213752837514335e+02 1.270782465229741319e+03 1.285600835626501976e+03 7.004311615508545401e+02 2.129911227475918878e+01 7.220069821543555690e+02 4.147204549622096010e+02 2.054749192802472368e+00 1.815431354778391437e+01 8.569713956770208370e+02 5.112156148729491179e+02 3.878584719139662740e-01 1.057953764747592913e+03 8.769484773533810085e+02 1.459729968460912460e+03 4.132646954661677796e+02 1.090399102028704874e+03 8.682516115050650569e+02 2.322232718241577913e+02 2.065667727908184759e+02 9.757334602557124299e+02 1.336343575632781949e+03 4.600702075915113198e+01 8.678908246883379434e+02 4.024384397514938314e+02 7.369408446034783822e+01 3.673858394524859818e+02 1.796704470315078481e+02
0.000000000000000000e+00 4.870878282301612217e+02 1.570922055846853482e+03 9.076758713677411379e+02 1.089049745311373272e+03 1.376068161978707849e+03 1.590396803843756035e-01 1.502226614614467337e+02 1.044193383602921131e+03 1.446449221629967951e+03 0.000000000000000000e+00 2.454225866083143046e+02 1.045029862224949966e+03 3.990989427581830569e+02 4.949601127924101434e+02 2.906095923399656158e+02 6.047133586603198552e+00 3.574634365950211645e+02 6.073842704633612977e-01 1.773856045177723900e+03 9.492511069612700112e+02 4.520356626697393132e+00 8.853504808150070176e+02 8.361805331321791073e+02 5.082742667614382270e+01 3.032829758090361452e+02 4.976471992319818014e+02 1.148326812326656864e+03 1.417473238164951908e+03 1.656609823381217439e+03 2.466475960729397912e+02 0.000000000000000000e+00 4.612961355307926965e+02 1.604624268572002022e+00 1.948510087904400905e+02 8.608536187340283732e+02 1.381193253545826565e+02
0.000000000000000000e+00 6.244479035610623896e+01 1.144193354387275718e+01 8.402319531590434210e+00 9.895227448169848117e+00 1.692598587696113555e+02 4.162584173103945773e+02 1.458158896665957904e+01 9.887798554263712347e+00 8.607081841684217807e+02 4.908797084323545619e+02 5.393276964991920863e+01 6.740894219321842229e+02 9.910105266823894965e+01 4.659569244886596948e+02 2.802815701190506203e+01 6.596188819941519341e+02 5.272776980968145608e+02 2.780316041664683553e+02 5.045938762412711185e+02 4.571509379591367406e+01 4.675491646453033212e+01 9.550942209480983713e-02 1.936660238478025917e+02 1.649868340315759042e+03 0.000000000000000000e+00 2.982219610754341375e+02 1.128178470053673088e+01 3.416504003874892281e-01 4.522831475786613376e-01 1.247097068457094338e+02 5.544768044806091893e+02 1.404671885151266224e+02 7.919165791127243947e-01 5.804326812272809093e+02 5.438985906710669269e+02 1.054554565275117710e+02
0.000000000000000000e+00 4.406306279924231717e+02 1.463792599437720810e+03 2.678417452851134684e+01 4.641515623488079996e+02 1.160440576535606624e+03 7.050175925199682752e+02 4.443230771252969475e+02 2.386340617120737963e-06 1.112492899171364343e+03 7.501658394020449805e+02 5.991051612067698429e+00 7.133334544708828844e+02 8.931648962957930280e+02 5.406034460493370943e+02 2.156028416715547280e+02 3.144094278511640255e+02 3.053587380295668936e+02 4.906247302504651202e+02 1.569528309977924209e+03 1.515164716821169577e+03 2.076762866517001100e+02 1.602724257322281787e+01 4.089111425818907719e+02 5.897497876391896199e+01 3.221443731182709058e+01 1.897140766093090178e+02 1.068415442979224252e+02 1.227625247937215818e+03 5.787067562793063189e+02 1.306377740853008795e+01 2.652763902126665485e+01 0.000000000000000000e+00 1.144461464690204139e+03 1.645125989594421981e+03 0.000000000000000000e+00 6.239717742677424894e+02
0.000000000000000000e+00 8.057302578302942493e+02 4.354677309933367990e-01 8.683364108629538123e+02 2.747209102140098480e+02 3.523034770251922509e+02 1.000617471867344761e+03 5.956410458129852981e-02 2.359336373390686958e+02 6.863919492920601897e+02 1.077735202890823302e+03 8.540581125450003128e+02 6.492563817915315667e+02 1.470805479760873027e+02 5.705362501588773512e+02 0.000000000000000000e+00 2.701217147805883201e+02 3.357103069210466515e+02 1.914226981613944190e+03 1.246223485018598012e+03 1.198665983422065153e+02 1.717554508053001712e+02 3.932737266037469794e+02 1.592840619882847752e+00 6.792798510782382664e+02 1.344448236096938444e+03 4.688632306472395044e+02 7.342378356492297371e+02 1.231309066158144788e+03 1.246825694438025266e+03 6.080330064037002558e+02 2.454877509241406415e+02 8.113588059051263457e+00 6.710275880124794412e+02 7.216964133966406791e+01 5.161789215731657805e+02 1.260994753628785247e+03
0.000000000000000000e+00 7.482266778690411684e+02 6.795571519181405620e+02 0.000000000000000000e+00 5.475878111518985634e+02 4.419786081577790924e+02 7.139132532819252219e+02 9.562564602648043888e+01 3.916144622523576686e+02 7.570310439169135319e-02 1.434812705808518842e+02 7.904625919604601449e+02 1.991576340322164071e+02 5.797321326449669954e+01 9.695825223033857299e+01 1.880424945901358171e+02 2.957301571463311962e+00 0.000000000000000000e+00 1.625144228911122127e+03 6.916849129536933560e+01 1.688916775441521395e+03 6.453969627828317925e+02 6.498001193128917521e+02 3.598892337930703889e+02 2.773602963523340463e+02 7.868007408241697753e+00 3.121678849969380849e+02 6.968640446313138455e+02 6.947546969156925343e+02 1.361000951887224119e+03 1.294329120947201339e+01 9.842293197425368589e+01 1.402554840800131615e+03 5.863523764972675281e+02 7.439366137601665514e+02 4.256196311092507472e+02 1.052032753629364237e+01
0.000000000000000000e+00 4.331702914775757449e+02 1.129751914977323395e+03 2.335382410275979908e+02 1.126238931391798360e+03 0.000000000000000000e+00 2.238023218446484996e+00 1.080215450058949273e+03 1.684817038606515496e+02 4.723826389992019585e+02 4.040304847209180821e+02 3.229239988817303129e+02 0.000000000000000000e+00 1.374862345580929457e+02 1.833152100723826550e+02 1.637755892918985126e+02 1.442128699649176497e+03 1.452190182494164446e+03 3.583722440022999081e+02 1.643928898362488781e+03 2.164491690536227452e+03 2.551507395464024057e+02 1.035893783216891251e+02 4.922008148497632796e+00 7.180110969416285798e+02 7.919294778718990528e+02 1.528247843959472334e+02 2.354736750537845680e+01 3.144372934513009099e+01 2.530057099871029038e+02 8.656304655448325036e+01 1.410187878204133760e+01 3.066690444467872823e+01 5.186630082803782571e+00 6.353082793574122888e+02 4.765499009164953748e+01 6.442787364763191817e+02
0.000000000000000000e+00 4.339910943235424270e+02 1.672047177575059322e+03 3.164546552452072348e+01 9.655583900385718721e+01 4.426968519781655118e+02 1.513045138967053390e+03 1.797752946857006151e+01 8.726300769409812474e+00 4.870365606640046963e+02 1.901818955332797145e+02 2.018451077425286455e-01 5.587041965377029555e+02 1.471047276874560055e+02 9.946257594181270534e+00 7.276036173400676716e+02 5.107730502112129329e+02 1.479501212196924484e+02 1.583427849517722279e+03 0.000000000000000000e+00 2.445296904896875105e+02 1.377151137802435414e+03 7.269133669351730831e-02 7.616450136316274211e+02 9.056263592867410672e-01 1.154712354834780854e+03 2.499147203637137338e+01 6.090180281458867739e+02 2.092321011430188378e+02 2.074043030024427803e-01 4.514539054669923956e+01 7.928234317760328622e+02 1.223334173632622651e+03 1.532302912377533346e+02 1.450782646280739243e+02 0.000000000000000000e+00 3.173239682033484996e+02
0.000000000000000000e+00 1.371383427490222395e+01 1.559800573395611423e+02 5.121284736289250077e+02 5.366092267053217029e+02 1.303976259016759059e+03 9.481866302289124633e+02 3.822891150253505543e+02 1.262763634815603154e+03 1.114310165912857542e+02 2.101424094915786256e+01 1.439140356398326276e+03 1.167501311974302098e+03 1.371165530952497420e+03 8.847650932492749121e+01 4.889112688964861491e+02 2.365242143699987309e+02 3.523067940489775083e+02 3.669197567052631115e+01 3.913007115609020730e+02 3.097420336647781482e+02 2.727842818764264621e+02 1.955392898975674143e+02 3.372311726992697345e+02 5.661139663636938479e+01 5.598474411969334597e+02 1.063846105728798230e+00 4.072421602844050312e+02 1.406695540284081289e+02 2.473478745821949758e+02 6.821084875514735586e+02 5.519541244759205938e+02 2.449146569824455923e+02 8.751510918328310462e-02 3.178906344482269901e+02 5.584315138055205807e+02 1.301124508483017280e+03
0.000000000000000000e+00 4.519095920399324768e+02 1.298610056532387034e+03 8.585337684765156610e+02 1.293506160220411402e+03 0.000000000000000000e+00 7.209996960080970041e+01 7.324460666927520833e+02 3.207914086194526817e+02 1.350045177067969917e+03 5.193634941489540324e+02 4.091980687732666979e+02 0.000000000000000000e+00 2.427431643000128858e+01 2.165735049934620520e+02 2.508529965747447932e+02 6.029286275212289992e-01 1.300099856799593852e+02 2.411646173295676761e+02 2.276702714962922869e+02 6.450629395549715355e+02 5.742396803368174574e+01 2.841958666909927729e+02 7.060843896484967672e+02 3.994697336789031965e+02 5.121482835202983779e+02 5.109161980670684500e+01 1.404278637969806987e+01 7.145037742940158978e+02 1.463506496487251596e+01 6.681337159248464559e+02 7.546936484275224757e+02 7.939055342104121848e+01 4.678258248255765039e+01 7.677885280325642725e+01 4.084557853008787447e+02 1.054929044403316539e+03
0.000000000000000000e+00 1.155839389871222238e+03 1.001381107108523338e+03 1.760452147919185251e+01 7.973679663800209028e+01 4.686446452687092545e+01 5.292617094986159145e+02 1.330516201559525484e+02 2.219438469088223940e+02 2.196838698246288004e+02 9.376573769738386090e+02 3.955364813778978572e+01 1.360074128550372734e+03 7.177523763378086414e+02 3.852562597889658491e+02 4.630150004863878621e+00 1.236343672914472691e+01 6.679679388000198514e+02 4.550234312343823717e+02 3.470284409416780704e+02 2.268802533797119452e+02 6.401745824905262907e+02 1.406358325038523560e+02 8.816116664786438832e+02 3.880893444383460746e+02 1.666404929129215589e+02 5.238978411021536203e+02 5.500847543109420030e+02 1.321619538432326863e+03 4.019338916852134957e+02 4.762363036167728296e+02 2.864936370563384571e+02 4.857223393266397125e+02 1.250733191776974991e+03 1.072961364955957379e+03 6.535692065940544353e+02 2.805933730888868354e+02
0.000000000000000000e+00 0.000000000000000000e+00 3.401006589585088591e+02 8.786493284159804773e+01 6.657077035389242781e+01 7.184490167885307983e+02 4.566183237590717567e+02 7.886167048184903328e-01 2.256563948946603304e+01 2.852499062213454977e+02 4.828478496731939629e+01 2.794810317457144038e+02 2.066548131830028012e+01 7.204610592405343823e+02 1.280480446838902253e+01 1.052364917043349124e+03 1.056604579505650288e-01 1.066844645112238140e+03 1.020099098958618470e+03 1.335548616265836053e+01 1.052185264376057745e+02 3.311841392991833573e+02 5.497484570444415652e+01 0.000000000000000000e+00 7.393056133012663622e+00 9.621151112392986988e+02 9.372346098317979113e+02 2.157234660306281455e+02 1.269748198964120078e+01 5.891044268557894839e+02 5.908266850919154223e+01 1.084311733778641695e+01 1.072089811025621771e+02 2.379832990935585002e+01 5.568923738494092959e+02 1.264141253678838211e+03 1.116395699739632903e+02
0.000000000000000000e+00 4.468868698621723752e+02 9.009941426668448230e+02 3.102038502958883370e+01 1.043173114273193960e+03 1.397524668349466381e+01 2.317635568475936054e+02 8.041535438079975506e+01 2.942880287819796692e+01 1.365089287327301236e+03 6.072234484344661496e+02 3.738105327638815645e+00 0.000000000000000000e+00 5.468381705407892923e+00 1.115106685385433138e+02 5.406937840481618878e+02 4.760832204464497153e+01 1.143128980041539535e+03 0.000000000000000000e+00 6.739124595661894546e+02 3.045189768141056685e+00 6.576153873467997073e+02 7.720436575062550446e+02 7.029243693551176508e-02 1.148323782909909141e+03 3.682189013627935879e+02 9.652031689443839468e+01 1.703260406193494134e+02 1.860283137698116036e+02 5.313041752016317787e+02 1.068547500938609147e+02 8.668758583287649344e+01 1.000789568687861504e+02 8.434099594089934726e+02 2.136141591200138805e+02 7.404653721862358680e+02 1.009455349382803604e+02
