output/example_1/lateral_incision_000343.asc
nrows	75
cellsize	13.33333333
xllcorner	0
ncols	75
yllcorner	0
NODATA_value	-9999
[rows 0 to 16 of 75, columns 0 to 36 of 75]
0.000000000000000000e+00 3.111560667785954148e-09 0.000000000000000000e+00 7.593259462781106777e+02 1.366821773850643012e+03 6.938183004394281852e+02 3.322898466254517871e+02 1.334620413499106235e+03 3.989037117104237495e+02 5.961565685188394070e+01 5.062690216439984425e+01 1.837977988102178628e+01 3.436049804044909592e+02 2.232454613535915087e+02 3.556186740700994164e+01 4.438018389855993462e+01 5.412460465191597483e-06 0.000000000000000000e+00 1.430772275955948469e+00 4.457327673779949428e-01 0.000000000000000000e+00 8.214038731092654518e-05 2.132444891575236974e-04 1.614394187922306756e+01 2.734756896395310610e-01 0.000000000000000000e+00 1.467995409988723132e+00 2.394697288128030332e-06 8.592563712945595588e-06 1.072833790534963305e-01 1.059712603314569833e+03 8.672903852689478299e+02 9.240312403002536712e+02 0.000000000000000000e+00 0.000000000000000000e+00 0.000000000000000000e+00 1.729778388324247018e+01
0.000000000000000000e+00 1.798897135126391618e+02 7.440048898139474431e+01 1.088452221270128803e+03 2.419333431410916262e+02 9.187003816579344857e+02 0.000000000000000000e+00 4.169817429810783551e+02 6.206763274924411888e+01 0.000000000000000000e+00 3.878468593359269221e+02 3.263007832515222617e+01 8.178060218184754149e+02 5.887776598988823196e+01 9.524615938854607293e+02 0.000000000000000000e+00 3.360732011596183497e+02 1.779359462108671508e+01 4.778060027682983559e+02 2.235411571249459051e-01 6.478201185261106048e+02 3.492953429216155996e+02 4.623939332681852754e+00 4.044920087804285913e+02 4.464374441194996166e+02 1.210138789119587727e+03 1.001865254318956788e+00 5.540484788662165556e+02 4.266099728048768043e+02 3.092736700459576937e+00 9.026634339246066929e+02 2.040843687982658992e+02 4.843894383846052278e+02 3.655390711571771423e+00 5.044055294350693538e-03 4.941815577892190277e+02 1.102389449496787250e+02
0.000000000000000000e+00 1.438163444714849447e+03 2.246374556338482193e+02 3.331263634480509239e+01 1.561037128077260604e+03 3.984291583163011410e+02 9.099598485892651070e+02 4.752804945798356471e+02 0.000000000000000000e+00 1.170577013447813442e+03 2.370046157818560914e+03 1.411894437354962520e+03 2.028726375388349368e+02 1.673232683397479832e+02 1.717136869288914269e+01 1.393666356091528314e+03 3.082857485576750278e+01 3.421186628472665916e+02 1.086575752451622066e+02 6.664357359564450007e+02 1.284415930156370678e-01 1.124136333844930277e+03 1.055398673592872001e+02 1.544775723640064143e+03 3.577260870385293856e+02 2.106033588367288711e+00 5.254717565359253513e+02 1.976027622961765644e+02 8.758574158200440252e+02 1.081566432682061496e+01 5.789984614534698721e+02 1.420360366376502981e+01 7.043439294068226673e+02 9.601733995013544245e+02 9.357009004397586693e+01 1.465629285933865731e+03 1.993767901375381157e+01
0.000000000000000000e+00 1.071897727883090965e+03 8.075487589999605689e+02 6.192660344997818811e+02 2.731495492417121795e+02 2.858096233401275867e+02 1.401255268390768833e+03 4.094401403483529407e+02 8.591811803220423371e+02 1.195336163286521924e+03 1.618582446158690118e+03 9.391768993439667668e+01 1.278178741949431441e+01 6.541808883749838515e+02 1.159157013054392564e+03 1.260749090677349216e+02 7.157188715334968947e+02 1.705834356531408247e+01 1.252362425634892134e+03 1.645586995175619336e+02 2.839477868864127004e+02 1.211625874032755235e+01 4.062696074543799227e+02 1.116676056830817060e+03 4.093168118604081585e+00 1.661080513846495776e+01 4.294835851978967867e+02 0.000000000000000000e+00 1.966570729940414139e+02 4.719892144404292367e+02 2.806780869862520689e+01 1.302154797331403415e+03 6.689307079655467305e+02 1.110090771287808593e+03 5.818364452555783828e+02 3.107146573145979573e+02 2.426271814767143269e+02
0.000000000000000000e+00 2.448925516712896933e+00 2.284295485310617602e-01 1.452785767121897038e+02 5.256209673550678190e+02 1.548774275781134975e+03 7.448018704588801597e+01 8.075184969595781013e+02 2.159372810263365636e+02 1.590399013883474026e+03 8.723431593219233005e-01 7.603771142378993773e+02 1.190661315033798246e+03 4.455616273493370159e+02 1.023699054830726141e+03 6.081757783259555481e+02 6.213342730250712709e-01 3.903129351362429844e+01 8.390121148681593013e+02 2.023432389283052046e+01 1.476892513632966519e+01 1.049727830168387072e+03 6.077224197165908492e+01 3.294435039884074001e+01 4.057375140814608017e+01 7.673196740205352739e+01 4.528283256763804161e+02 7.067286824983368021e+00 5.448318786478912301e+01 3.405587295073162295e+02 1.750243304062973948e+01 3.011652418018545063e+02 9.999353410925157277e+02 6.733907292496192554e+01 6.440465302691133154e+00 6.090070048851261220e+01 2.153066779553052186e+02
0.000000000000000000e+00 1.337464075131365917e+03 1.239241768720972914e+02 1.057987624845890650e+03 6.006520561859856500e+00 6.370134959088814774e+00 1.210222226546414674e+02 3.049738200630259044e+01 7.244978276902429570e+01 1.998803391057658416e+02 0.000000000000000000e+00 0.000000000000000000e+00 4.446501333951680408e+02 7.917280841028831446e+02 8.542285281984763969e+02 1.139844463737075415e+02 6.254676155362877807e+02 2.171623824296534266e+01 3.991483740569890415e+02 1.459466982527510766e+02 2.797102803460829819e+02 7.161735491321112477e+02 8.686968024507430073e+02 1.111058005268615858e+02 2.474356461381228485e+02 1.401196951680254870e+02 7.493004220509844799e+02 9.208011020692684667e+01 5.953753027984838582e+02 6.402258616715938615e+02 0.000000000000000000e+00 1.575216096643932360e+03 4.249875859192803773e+02 1.460297264318430962e+03 5.746223702123915018e+02 2.491173312372472708e+02 1.522963326213654689e+01
0.000000000000000000e+00 7.352839095755950893e+02 8.130748492309273843e+02 0.000000000000000000e+00 1.028858794297915210e+03 1.711675934376215480e+02 1.201637589282960562e+03 5.389847761593099449e+02 1.608255161424981907e+03 1.658714978917168708e+02 9.970303245615541243e+01 5.731497428142662329e+02 3.218365919522077547e+02 1.717581044720201646e+02 5.006414889596107365e+00 5.521981874954473142e+02 2.793479932957983465e+02 5.704613034008808370e+01 1.568878818594762663e+02 7.880155014257514949e+02 1.180357912412615860e+03 1.416821261294755061e+02 6.066703987681538592e+02 1.037414668640479487e+00 1.389458615935140870e+03 9.346883398359118189e+01 0.000000000000000000e+00 4.225745597238736551e+00 1.949236208553330698e+02 1.976025528435265244e+02 9.993105015828181195e+02 1.718760943759930049e+00 4.267050236803438565e+02 4.648843061177876166e+02 4.072392198538197476e+02 5.550593513675414670e+02 3.752190274275600501e+01
0.000000000000000000e+00 6.159052998017120899e+02 1.091125071184860190e+03 5.950440095697889120e+01 7.856988426894235999e+01 6.043227781043598270e+02 5.527518225649366741e+02 3.054252337850634191e+01 8.217669451577052087e+02 1.380574237468235310e+02 4.315224211160217038e+01 7.983832442294002476e+02 5.018829279610873186e+02 4.501034733542156800e+02 1.399857494750758178e+03 1.040488536773003432e+02 1.433793409549004139e+01 8.448511634119112159e+02 4.823551729809638005e+02 2.470968153915297005e+00 0.000000000000000000e+00 5.801279693370094037e+02 3.221299340285797825e+02 2.575864041644305757e+02 4.877483767939541508e+02 9.312746049902219738e+02 2.513414712989031443e+02 0.000000000000000000e+00 4.836504555419552389e+02 1.075062151531170116e+02 4.951611261047336257e+02 4.012191061621592225e-01 0.000000000000000000e+00 1.175923509091682178e+02 8.106031835537118013e+02 1.345091759262665164e+03 1.153670498289605177e+02
0.000000000000000000e+00 3.479312116286776018e+02 1.309227018483932170e+03 3.167234032121277210e+02 7.892621774115708604e+02 1.586474295822590079e+02 8.944023228210553498e+02 6.249874022952590167e+02 1.236324462117812146e+02 0.000000000000000000e+00 9.300484367202125213e+01 2.833418170570084271e+02 6.790872392610508790e+00 3.731604920279856970e+02 8.070553912789740707e+02 6.154502968514347003e+02 1.957898014389036518e+02 3.753570206169451922e+02 0.000000000000000000e+00 0.000000000000000000e+00 7.039354226932226766e+02 4.265522817878837145e+02 2.629451672739742563e+01 1.200011865878120489e+03 1.728897794542241115e+02 4.761824775683720645e+02 6.786702765301314457e+02 0.000000000000000000e+00 6.387256494217855334e+02 1.182825459643310978e+03 2.864326437713155205e+00 9.530480472551510047e+02 1.133619837536927662e+03 0.000000000000000000e+00 1.125044455801980376e+02 8.473553182109725412e+02 2.023743640533692911e+01
0.000000000000000000e+00 1.659440150022052762e+02 2.378210784708985557e+02 2.661357276348191476e+02 3.196478061953118868e+02 1.187979283526818648e+02 9.616331537838362920e+00 3.447760770452009069e+02 0.000000000000000000e+00 0.000000000000000000e+00 0.000000000000000000e+00 7.860735711830164973e+02 1.275337007282533222e+02 2.893721505758160788e+02 0.000000000000000000e+00 8.155263486534688582e+02 0.000000000000000000e+00 6.083111966484472077e+01 8.679223070537560716e+02 2.383707051880047167e+00 7.039572985546612927e+02 9.028067238370748555e+02 1.439425686085117150e+03 1.421535512930947709e+00 8.642945890606781632e+02 1.495689215614335694e+02 1.152339935889279943e+01 8.178532239596936506e+02 1.870833852088617633e+01 8.894124548443005551e+02 1.232223135110045149e+02 1.030918311508528859e+03 4.194394516232449632e+02 7.932989071990979255e+02 2.271997200993808264e+01 6.716358722576056550e+01 3.682289730589213406e+01
0.000000000000000000e+00 3.756363085417624461e+02 8.345803193630159740e+02 1.418794671498516436e+03 4.764573387946887237e+02 3.515098216937365123e+02 2.787165461999391027e+02 2.497359559539447105e+01 3.362364147452862717e+00 9.434289588080150679e+02 0.000000000000000000e+00 1.445291054701415874e+02 8.413839818974072386e+02 1.375165368706899427e+00 4.396365917244082766e+02 2.629077027939805244e+00 1.190890017911122868e+03 1.134523206262629628e+03 7.067801975678597728e+02 7.516125895769860676e+00 2.045249784449416381e+02 4.907521960980108702e+02 7.710246271803207492e+02 6.149155250838275855e+00 1.792641067529986913e+03 6.098995997233391808e-02 7.241643784525130059e+02 1.284225260072641390e+02 4.304728995321272578e+02 1.623793419490493079e+03 1.323496834081076372e+02 1.372804926297325778e+01 0.000000000000000000e+00 2.742364377343205319e+02 0.000000000000000000e+00 8.887258658914274747e+02 1.539536783524234124e+03
0.000000000000000000e+00 8.845856570552240328e+02 1.068157627202685262e+03 4.537418437823648674e+02 1.038360804860226381e+03 8.361620464795806811e+02 1.867497260484380774e+02 4.710709227329563191e+02 7.711262003176655444e-01 2.816290271922737247e+02 2.000615592594870691e+02 1.208833040971949373e+02 2.196978636339838431e+01 5.693690047990585299e+02 1.189889536348010779e+03 3.168190725733595059e+02 9.168779753426514390e+01 2.880533650688860803e+02 7.623308246679423306e-01 1.745472482841565531e+00 1.639778511401172807e+02 0.000000000000000000e+00 1.516028203195532342e+03 1.625070102114739029e+03 8.240231787723738321e+00 5.560808852954485246e+02 1.449531845092101037e+02 1.108421461518256365e+03 8.852126422629760327e+02 8.198329228002503022e-02 8.741422515767196728e+02 1.789848845968897137e+02 9.396120126141941000e+02 7.219978571521582467e+01 1.870987642593104852e+02 6.690176683271151887e+02 8.412774503905307029e+02
0.000000000000000000e+00 1.638975455942862709e+02 0.000000000000000000e+00 2.604612704820538482e+01 6.643999175976479421e+01 2.971029476883082499e+00 4.827127692035427344e+02 6.133760536438644273e+00 2.920360687387799885e+02 3.412731479211885812e+02 5.596862645120479129e+01 4.499207241828576116e+02 1.265832674155923598e+02 7.141458981879600287e+02 3.629712428001390379e-01 1.274045282923210380e+03 1.220221613962774427e+03 2.216292284194341846e+02 5.041570299642337716e+00 4.787213377398181819e+02 5.297963840272338132e+00 2.999988998237608784e-01 4.425956346537158193e-01 0.000000000000000000e+00 0.000000000000000000e+00 0.000000000000000000e+00 1.687759172952464496e+03 7.037544965544165052e+02 3.178220013086979279e+01 9.369223711183448700e+01 3.783612483163025217e+02 8.149124691740178150e+02 7.162377110980254429e+02 5.212609621306552299e+02 6.557723524488693556e+01 9.342686013077404823e+02 3.750738193830109868e+00
0.000000000000000000e+00 0.000000000000000000e+00 8.299838283693013636e+02 1.428753441047637978e+02 5.512008085072502581e+02 6.033515534192721361e+02 4.751407796813121536e+02 1.194890008719015214e+03 4.897419517120609385e+02 2.325168942824757039e+02 3.087781286492349508e+01 3.460775127600322776e+02 6.859767867245220714e+02 1.117363633067463979e+03 3.558725508792362291e+01 1.330041645329511539e+03 1.483332351665663737e+03 1.312500833757246355e+01 0.000000000000000000e+00 1.382751077089063863e-01 1.276392293609633839e+02 6.420671208248377297e+02 1.468057846945960591e+03 1.445732773253960204e+03 0.000000000000000000e+00 1.174537985067523550e+03 6.808996896248577002e+01 6.142447831637937838e+01 0.000000000000000000e+00 1.785455718442980810e+02 1.197556223032227763e+03 5.268374974683338223e+02 5.614886974757971529e+02 1.374280190687840332e+03 1.831755496112021717e+02 5.539258763639771388e+01 1.383489489302613492e+03
0.000000000000000000e+00 7.837896891821156942e+01 0.000000000000000000e+00 2.177399378845753404e+02 1.269919939122082042e+03 0.000000000000000000e+00 4.780218795879778781e+02 1.012923392496150257e+02 2.254366182378855683e+02 1.433566188378901813e+02 3.961869566557226676e+02 1.282022471369424238e+03 1.622194695087151217e+01 5.733349424929045881e+02 3.290679618996531985e+02 1.184953357034425352e+02 8.214808008106398995e-01 6.103635330834359820e+02 1.706603251461140189e+02 1.327923142542283813e+03 1.511776701331725690e+03 2.940750330365968352e+02 2.353127927135979292e+02 1.308406508325219590e+02 5.255169734524722713e+01 5.198001474826777439e+02 1.491677502442278410e+03 1.449014819771243197e+02 9.033384545396132808e+02 1.861093162346256352e-02 1.090271560737921241e+01 6.602435323569326719e+00 1.804129874486984164e+01 2.741416075982076705e+00 8.202193821945187591e-02 1.162128158440114476e+03 1.599606117589599080e+03
0.000000000000000000e+00 2.061673206051902412e+02 4.257009274320165737e+00 0.000000000000000000e+00 1.360514321329210588e+03 1.500125005593987453e+03 2.794898066215002252e+00 0.000000000000000000e+00 1.055163127719116467e+00 2.011833219598701561e+01 4.548316494349293748e+00 2.972276940847963900e+01 6.170455416598185749e+00 4.031433348654977600e+00 1.464338880800613651e+02 0.000000000000000000e+00 3.754980322817071965e+02 1.028184933301603678e+03 9.348021669207615787e+02 1.111548109592774836e+02 2.669230201531772764e+02 7.049295339675800278e+02 1.374563296236571830e+02 4.457461651709761554e+02 6.681952326133229292e+01 7.915971193282630338e+02 8.798180574476423033e+01 1.682571472815547850e+03 8.686014604940568233e+02 7.587420471076728745e+02 4.040221867370943869e+02 3.217743956285297600e+02 3.586518623842507623e+02 3.659777687108007171e+02 8.262676473775010209e+02 9.999613945187940445e+00 4.216428497389829317e+02
0.000000000000000000e+00 1.631920662573687366e+02 9.368304643046732281e+02 1.360238723140382262e+03 4.321649359967270811e+02 3.215780220827270108e-01 1.703872586092518759e+03 0.000000000000000000e+00 1.540899648516637626e+03 9.457546989684860819e+02 1.064112123197358869e+03 2.035742626535187583e+02 1.563227090182049096e+03 1.264032677403714388e+03 0.000000000000000000e+00 9.292649328608787300e+02 1.406273343060510115e+03 2.080913945499700442e-03 1.462733759767878561e-01 1.919316389170700177e+02 7.956818154398817455e+01 1.314688827182831574e-02 1.339169212459145228e+03 1.553935149764286052e+02 0.000000000000000000e+00 7.084094396117066026e+02 1.951460391952037980e+02 1.864747485294333984e+01 2.622921994799776257e+02 9.223015683394137341e+02 2.210102162702717266e+01 2.166060024929004726e+02 8.420493249690379045e+00 5.671018864299328666e-01 7.422141985427118698e+02 2.883866005493634930e+02 8.463827402120125853e+00
