output/example_1/lateral_incision_000500.asc
nrows	75
cellsize	13.33333333
xllcorner	0
ncols	75
yllcorner	0
NODATA_value	-9999
[rows 51 to 67 of 75, columns 37 to 73 of 75]
0.000000000000000000e+00 8.061399171038310669e+02 0.000000000000000000e+00 9.643716418118151523e+02 7.733877311567431434e+02 3.111110208429761048e+00 0.000000000000000000e+00 0.000000000000000000e+00 1.164647930346484372e+03 1.508725014014874432e+03 0.000000000000000000e+00 0.000000000000000000e+00 1.513660678610833372e+02 2.384485771236530027e+01 1.715468961076003040e+02 1.449984091023334486e+03 1.612124223397815285e+03 1.421476853352610092e-01 5.669514275634890055e+02 3.202443735708425834e+02 9.375259535015179324e+01 3.466655232541189680e+00 1.778200749195799062e+03 3.044421664480847944e+00 1.778126544358595311e+03 8.431032279870258890e+02 1.715394587784019791e+02 3.497034952699625610e+00 0.000000000000000000e+00 3.214117645298907746e+02 9.639026125328510943e+02 8.340054185454692970e+02 4.162718497287231685e+02 2.798504325617945483e+02 6.266198099154687498e+02 3.289786417211321918e+02 1.747444370932519586e+00
5.975278552009777968e+02 1.006320916343358505e+02 2.052114981916316765e+02 3.144940565752040129e+02 1.072420873475647163e+01 8.569768432884191043e+02 0.000000000000000000e+00 0.000000000000000000e+00 1.539814290865250541e+02 7.485443359971960717e+02 0.000000000000000000e+00 8.349158452166348070e+02 1.173962491626605100e+02 1.518648804092161299e+03 2.764379276250340922e+02 0.000000000000000000e+00 2.109292425531129993e+02 3.212758735315171066e+01 6.320225355292708400e+02 9.893022867925679975e+02 1.203694687982258301e+03 9.727806081464276531e+02 1.164053122685522745e-01 6.334686390550849637e+02 3.312323942514063901e+02 5.713337564896614929e+00 5.722895665363598710e+02 4.634576117609411767e+02 5.507342096149092185e+02 4.067218924676644320e+01 0.000000000000000000e+00 8.735139025002287099e+02 0.000000000000000000e+00 1.021428143512809584e+03 7.034724106159825396e+02 3.893001263661867739e+01 5.133100462028030506e+02
1.440279850859842554e+02 3.790020369323169689e+02 5.276933917571649602e+01 9.018658273744711096e+02 4.892043557966414546e+00 1.313660692878135478e+03 9.446105646147556172e+02 1.241387514960884346e+03 1.931184708006228732e+02 4.314962915818670126e+02 9.650624984617467135e+02 8.368383015323173080e-01 0.000000000000000000e+00 5.504963236722142028e+02 1.159383506639329084e+02 3.342866545300940402e+02 2.687434874957925217e+02 2.508646409660001186e+00 4.213083553478497123e+01 1.503532647197734207e+02 0.000000000000000000e+00 1.022170909769544096e+03 0.000000000000000000e+00 0.000000000000000000e+00 8.266868567832840426e+02 4.281183183032327406e+02 1.386141365776223893e+02 6.035829320448970066e+02 6.178376351104013793e+02 1.743554936004388765e+03 3.406127819784421149e+02 5.049014478918708733e+02 1.598439080780987751e+03 1.492274332348311194e+00 1.083045515881920892e+03 7.094712355678460369e+00 7.003603259238776673e+02
4.931696995891522306e+02 3.965379870317468658e+02 6.163102738363450044e+02 1.823790764655021546e+00 2.476187556035771991e+02 1.761111820865482969e+02 2.660254239586485596e+02 4.442302506256788206e+02 2.941420507166985132e+01 2.188804714496580459e+02 9.091174087173895941e+02 0.000000000000000000e+00 0.000000000000000000e+00 4.319112124711237122e-02 9.046921200980032154e+02 7.463847512782277818e+02 1.205406588234510764e+03 8.111089834966530532e+01 3.291070147996835971e+01 1.322046684158934113e+03 7.376189803808635759e+00 3.257404638762734095e+01 1.110117181363283407e+03 4.438652862558899983e+02 7.222940781806989889e+02 6.383409628866681942e+02 8.281575503343907485e+02 7.088252889548653002e+01 1.945529306377260292e+00 3.336601945217946508e+01 0.000000000000000000e+00 2.002829783480580375e+02 4.292874470330308867e+01 2.446126608264711422e+02 4.775028169580359361e+01 3.541743938493788164e+02 4.695045487288434174e+02
2.779668731356597391e+02 4.335670361832953290e+02 1.600710005099931266e+02 2.672959237184022285e+01 1.534157116633718488e+03 1.137542126325669869e+03 1.433502472175398452e+02 3.121037113613646596e+01 8.285358941125537058e+02 1.215627059561268197e+03 7.169543442837788234e+02 9.023563845787828086e+01 0.000000000000000000e+00 8.650345819251680268e+02 5.786427650629880626e-01 4.340419570684296069e+00 6.624052439927947955e-02 6.205494659311566741e-01 0.000000000000000000e+00 0.000000000000000000e+00 1.078795500853497515e+03 1.100686754805309420e+03 0.000000000000000000e+00 5.674202637503495907e+02 5.591354796783746224e+02 1.008742563049585442e+03 1.455207819071236308e+00 1.159966243101386453e+03 6.555154304117920674e+02 9.233631761047342934e+02 1.728426954702591161e+02 1.025188876989515393e+03 1.665543606078096275e+02 1.383537553998880412e+03 7.710874863302843778e+02 1.891725412375099324e+01 3.132405737770915835e+02
2.886825576166111773e+02 8.474920531458361950e+01 1.199819102673385260e+03 3.806916713676569142e+00 1.917139036258257931e+02 4.142711559278910727e+02 1.122360639428547074e+03 0.000000000000000000e+00 1.239555666422569402e+01 2.826328322109883384e+00 3.498801380532215788e+00 1.200917930811070704e+02 1.802174975397125081e+03 2.521511213224622168e+02 0.000000000000000000e+00 1.391733908543709731e+03 2.872243147450168408e+02 6.072134478624572012e+02 0.000000000000000000e+00 0.000000000000000000e+00 2.305718898931212457e-01 2.305870540804952906e+00 1.084164651076730024e+03 1.063492777434425989e+03 3.507303369541891129e+02 3.447192353042378699e+00 5.543565026188198317e+02 7.541215643597315648e+02 0.000000000000000000e+00 4.872139186879487482e+01 0.000000000000000000e+00 5.870094567835079715e+02 2.684704906107162614e+01 1.048902953123768071e+02 4.246901696189933091e+02 1.554464084511896317e+03 6.261179337342886697e+01
1.100755794615538662e+03 6.278962885517660197e+02 1.291055626210546734e+03 4.641642806670001953e+00 8.727067645968792249e+02 7.046685780475770855e+01 9.851871476008977879e+02 1.116962425909893682e+03 5.575627159099963137e+02 5.571550559689237048e+01 4.715143462199266082e+02 1.595296828411154877e+02 8.002761255003292717e+02 1.521738751920116783e+02 6.921297739603551324e-01 9.129509806717538822e+02 2.042629550247924612e+02 4.724475871633659949e+02 8.740755472507986497e+02 4.156369142425227778e+02 8.333695386677890156e+02 7.494736994038223656e+02 3.096382670582879726e+01 1.033987896661075865e+03 0.000000000000000000e+00 2.804185120527576203e+01 3.350449238188821255e+01 1.264105736981992550e+03 3.683087367857547747e+02 9.733957233855465921e-03 2.122179245893872235e+01 8.479825830211343600e+02 1.866724211140539467e+02 4.765095854371215722e+01 6.485968598400927476e+02 7.564141855502699627e+02 0.000000000000000000e+00
3.303286940325075305e-01 4.219222427393576140e+02 1.248268898551967681e+02 6.918792505989650863e+02 1.205529830597743512e+03 9.863747444345283384e+02 9.948053295963079279e+01 3.000299768448733744e+02 4.181972838615731121e+02 9.794519419333184373e+00 4.493419644972869946e+02 1.388882750985093935e+03 2.940120805405322812e+02 1.626252418381804773e+03 4.864618429385842990e-01 1.580142893368138402e+03 1.109163300505232883e+03 6.208769047679665221e+01 0.000000000000000000e+00 5.257195697987960159e+01 7.652605606279513495e+01 7.517996083658279076e+02 1.751441085631470287e+03 8.225555882237159722e+01 1.161880218135365567e+03 2.651006348986921068e+01 4.691870014772054560e+02 2.483337639156300156e+02 6.983869227160298578e+02 3.405102659464852022e-01 1.643842731716566732e+02 0.000000000000000000e+00 8.522259501444145258e+01 1.622532939290672260e+01 8.007948711221138183e+02 9.937134635724022758e+01 5.423292802538749129e+02
1.242074116246534913e+03 1.537925891449488063e+03 6.732111009111295630e+01 2.271905608890219810e+02 6.130817718676461681e+01 4.994622856688390584e+02 6.556573344918782595e+02 1.338308726090286171e+01 5.533607382804357258e+02 6.025246034353132529e+01 1.055647872658241340e+03 3.446053918147371746e+02 8.973876841437428311e+02 2.533014773975661882e+01 1.557421809078370416e+03 1.964458207325957417e+01 6.930325072063012612e+02 8.989765052453589078e+02 2.408852513558839519e+02 2.230329811643016740e+02 0.000000000000000000e+00 6.695768168791462358e+02 0.000000000000000000e+00 1.024310039319314228e+03 9.658959367991547751e+00 7.388022568346221419e+01 1.183369591808318319e+03 0.000000000000000000e+00 2.233129697729023064e+02 5.214872052952839567e+02 3.025420801246788916e+00 8.319885415762078082e+02 8.230515108542437019e+01 7.184072245374845807e+02 5.555382514332267192e+02 3.131643515548536811e+02 3.357922012813926358e+02
4.036136869137318399e+02 7.566215374894065917e+02 7.172057742006791159e+01 1.799168793389171924e+03 1.312179166696520554e+02 3.450296299864805150e+01 5.491135133980845850e+00 1.352450667494615288e+01 2.626622628149093330e+01 3.075141971432278751e+02 1.120760413730120746e+02 2.007134485849587406e+02 4.673876105552628815e+02 2.928980027265334911e+02 4.148233728042067696e+02 1.312594260937776482e+02 2.059372020226783206e+02 4.155527930600933928e+01 6.739838659445639450e+02 1.304403252038048322e+02 2.901877837704744820e+02 6.513073867022404784e+02 7.054609377055733148e+02 1.766822608464459790e+03 2.403658412179688142e+01 5.233962518604841989e+02 0.000000000000000000e+00 6.383408963768065405e+02 1.117816052733373454e+03 1.302619256306899453e+00 2.079607772377632955e+02 1.471745205324661811e+03 2.915528788104418112e+01 0.000000000000000000e+00 1.727999154334213117e+01 1.502089500491994841e+03 1.391280357887754917e+03
5.813371345599759366e+01 1.653900472619313859e+03 2.890431663675226304e+01 1.362943504433096678e+03 3.357162327245767415e+02 3.124793071023962625e+02 9.130128083912663897e+02 5.009399557168153478e+02 4.440709218767865423e+02 6.317973099183125214e+02 6.874229414866390186e+01 1.405011646428650693e+03 6.115322071285669381e+02 3.567883444141718030e+01 5.870067320932317898e+02 1.346750093774043933e+02 1.593687353732078464e+03 1.095267843596023027e+01 5.151195442080651219e+02 3.387565765933044872e+02 5.631905682648327627e+01 3.014125999840964027e+02 7.839114803535552234e+00 2.449355219068221743e+02 2.980637062880580501e+00 8.857603909479536242e+02 1.026224677167502705e+03 4.105455511007747305e+02 1.339410676565682479e+03 4.649110438976941282e+02 1.621344734994913551e+03 6.179966567008629141e+01 1.134347361473827277e+03 0.000000000000000000e+00 1.011108261871960508e+03 7.494906247824151251e+02 8.726395500100541369e+01
5.697216411412036052e-01 1.468618212671547553e+03 4.197760675313714884e+00 1.637152687000903370e+03 6.554410610884119706e+02 8.845751470674300663e+02 9.680430014130476479e+01 4.031948274576460989e+01 4.610934892809980852e+02 9.587984700959783879e+01 4.248228326737420275e+02 1.276118076831195509e+02 2.911890274370986731e+02 0.000000000000000000e+00 7.425245676097122782e+01 1.789705843343653555e+02 9.131227569403685038e+02 7.908641943417459288e+02 1.522747399184456469e+02 7.525441209615934213e+02 2.946177627463464788e+01 5.862184725769766791e-01 0.000000000000000000e+00 1.113410664732117539e+03 1.926542244474897192e+00 9.497396168718755689e+02 1.550296709594472759e+03 1.142711240228414226e+03 2.599338896114985253e+00 8.093132733836012616e-01 2.596580375102334859e+00 1.640598848306579384e+03 1.269352091248508941e+03 1.034157726242620811e+03 8.122396037835108018e+02 1.064491444198628869e+03 2.123597773484631190e+00
3.430449210604302834e+02 8.345080419059305541e+02 7.130051617807453557e-02 9.142017407332226639e+02 3.990800499943848081e+02 8.570163615196017659e+00 9.189600457544825929e+01 0.000000000000000000e+00 3.534470688214236134e+02 3.433343225609650631e+02 2.920460003690491249e+02 9.790034788257835885e+01 5.125984430383000472e+02 7.277027627475756617e+02 4.732919622001190874e+02 3.066328901879888349e+02 5.779701394103409484e+02 3.712530172734764733e+02 2.595098654194707706e+02 1.369402483244228051e+03 4.869568608690181577e+02 6.077438757346534430e+02 1.095324682088574946e+03 3.266892654321638929e+02 0.000000000000000000e+00 0.000000000000000000e+00 5.185329536447169829e+01 1.677531924458203605e+01 2.645561126944566581e+02 1.588876015185380538e+03 1.477972831584458845e+03 1.084707340495430161e+00 8.004170604174958044e+02 1.108602248519486295e+02 2.641026424762506508e+02 2.702982123531274183e+01 4.357468779393325775e+00
1.204813768012984610e+03 4.756785273175744067e+01 1.581059600314310273e+03 4.609910985614347823e+01 1.580052622661550913e+03 8.072086895252391514e+01 5.829301827133389224e+02 0.000000000000000000e+00 3.473366130820997455e+01 4.523785917096497542e+02 8.024077762576997657e+02 7.089617350645394822e+01 1.770869019437360636e+00 4.366591748385571918e+02 9.896056540583535934e+02 3.917665534571330568e+02 1.604929475563168353e+03 3.140533886437036770e+01 8.245327250797031127e+01 3.299050079902655739e+02 0.000000000000000000e+00 0.000000000000000000e+00 1.191257451209323335e+03 2.505833285418006540e+00 1.649972458258308734e+03 1.743531458909209277e+02 9.710642739069526215e+02 2.074186998178615227e+02 1.276855679808012837e+03 3.326381924065682938e+02 1.069343713761976687e+03 4.971975940346948164e+02 7.772090088055264800e+01 8.260016608044695658e+02 2.047608970649329407e+01 1.429356008154261872e+03 7.195438718103638394e+02
4.471848459523290131e+01 6.258042625900162648e+02 8.312321090982239866e+02 4.879065394945333196e+02 1.553490573782417616e+00 9.737632862292132074e+01 9.403931244096403361e+02 8.008219575596207278e+02 7.902680503165036043e+02 0.000000000000000000e+00 1.229843885853125443e+02 9.763126989874432127e+01 0.000000000000000000e+00 5.343036223169692676e+02 9.768101958986081854e+02 2.021019692744779945e+02 7.445300142109620083e+02 7.666400044877829032e+02 3.891584096838109872e+02 1.663045498835661462e+01 3.757884425819750618e+02 1.483531067171716586e+03 1.071363190954674671e+01 1.187627080378749497e+03 4.764547512106985891e+02 1.277470862065848451e+03 3.500733680013707527e+01 3.121530652660582064e+02 1.460988416012134223e+02 2.087795710069275970e+02 0.000000000000000000e+00 9.295577015327808112e+02 1.546626111847955265e+01 2.511476313975994685e+02 9.697312705338976002e+02 8.923028980317988044e+02 6.086236514806136455e+01
5.541667324561107080e+02 1.572143260194488221e+03 4.271742746542176974e+02 1.167299010571665576e+02 2.516304853495286409e+01 1.141561814578833037e+03 8.759487019820928708e+02 8.081716288709496894e+02 0.000000000000000000e+00 6.444939345480698876e+02 2.759687452228122311e+02 9.920568412882593279e+00 1.405033447047211004e+00 3.215412107328962321e+01 1.371758081266266061e+01 3.572666111573940384e+02 1.774546397065626309e+02 3.031810676931564217e+02 4.648517053410260758e+01 7.359776982227823510e+02 5.819633333957476680e+02 0.000000000000000000e+00 2.272402244560278461e+02 0.000000000000000000e+00 6.104819638309741094e+02 5.903378012306918521e+01 0.000000000000000000e+00 7.186517086433570967e+02 1.315424024724956951e+02 3.412461738450002713e+01 8.063120586542015644e+01 3.675123821440900440e-01 3.803514541538946787e+02 2.237579703116531959e+01 1.074175707977820139e+03 5.459709496073106720e+02 3.809255352131089012e+02
2.275133990023194386e+01 6.954687619860423808e+01 4.764900087078684692e+02 9.011466579937804227e+02 2.960067440493033928e+02 1.263083249058960149e+02 1.011886195959282759e+03 0.000000000000000000e+00 5.469272328489637403e+02 4.485750056601995652e+02 1.317936808554399931e+03 1.199132135735836755e+03 6.819577832738239067e+02 1.838330973210197783e+01 1.489543936425972825e+00 5.019001373420517780e+02 4.787621876549243893e+01 7.775735573658626265e+01 7.012469980836137040e+01 7.607364829286868826e+02 6.676579021647823708e+01 4.015670492064324435e+02 7.864198938301753969e+02 5.257682505859392563e+01 1.620347185486107549e+02 1.279260485920040367e+02 1.215351227779117416e+01 1.018111900092970359e+02 1.525522637242607118e+02 1.696598171577650191e+02 1.891905030882410088e+01 5.845124176198223331e+00 0.000000000000000000e+00 7.155076063510516633e+02 2.012747535963000267e+00 4.484786497843743405e+02 4.367245281907091226e+02
