output/example_1/lateral_incision_000477.asc
nrows	75
cellsize	13.33333333
xllcorner	0
ncols	75
yllcorner	0
NODATA_value	-9999
[rows 0 to 16 of 75, columns 37 to 73 of 75]
3.361469718034777543e+01 0.000000000000000000e+00 4.020924072664800331e-04 0.000000000000000000e+00 3.979261858437778687e-01 0.000000000000000000e+00 6.452354815858253601e-02 5.525900172972106512e-03 1.975129308987696054e-03 1.188172025416675964e-01 0.000000000000000000e+00 1.490839285678350612e-01 0.000000000000000000e+00 1.935879317804396393e+01 8.108273727206165293e-02 2.093329821185450912e-01 4.567089221719901957e+02 5.563837012072933703e+02 6.760571021001833287e+02 5.558879181938473835e+01 8.372223329491361028e+02 2.360458973370409552e-01 7.437037567947003254e+02 1.862404962884342297e+01 2.889756057951431103e+02 6.304318187264352673e+02 5.385499670565903898e+02 4.403133197833088843e+02 2.728289809458580706e+01 5.267006942434419869e+01 1.048169385794283137e+01 1.122292021492203240e+01 2.215767845423674220e+00 1.171760928489934850e+00 1.107207941568070879e+02 6.909699642465498926e+01 0.000000000000000000e+00
3.485207676364794906e+02 8.097447668449901936e-01 1.091569533275524926e-05 3.608004507753123313e+00 7.550558769261488123e+02 3.581113485329618698e+02 2.008346273806992599e+02 3.862583336637545273e+01 6.780575591388370071e+01 6.412547454996051783e+02 7.101247375537336382e+01 8.549056795220465119e+02 2.492921108911788508e+02 7.397369280921828327e+00 8.454185330267705467e+02 3.597211484017894918e+02 3.501967467701593506e+01 1.751160184028129549e+02 1.698775907357321557e+02 1.394715536857987992e+01 3.054951812178102966e+00 2.494239769601043974e+02 1.170542043143747719e+02 6.017810937896812362e+01 4.362125725397628457e+02 8.125025625467957013e+01 2.942110470597834251e+02 6.425616894975522655e+02 3.204111934259205441e+01 3.595333971346759938e+01 5.764757463916935443e+00 8.064082196030755156e+00 4.952099397548120692e+02 9.770480092539247607e+02 3.281869844964408571e+02 8.933649321740122105e+02 1.729303510631301055e+00
2.444391246697995825e+02 5.239950297534155652e+02 3.926251954875953629e+02 1.043037972797808834e+03 2.809991145980418423e+02 1.226314348735339081e+03 1.632360163142553517e+02 7.190394158524119348e+02 1.171035036769407270e+03 7.528352922592807772e+02 9.703129026985164955e+02 1.586614165975673529e+02 2.857083615624894151e+02 1.233573762887717294e+03 3.162902365406696958e+02 1.263873256248125927e+03 3.188886248243829300e+02 4.682512359983051624e+02 1.819698512977282689e+02 7.797348757469599150e+02 1.146225335835474652e+02 2.560552288924113018e+00 2.166173494643588526e+02 1.293660497078985600e+03 7.485815723161350910e+00 1.294094264716942234e+03 5.509382847954507412e+01 2.515070123412959102e-01 1.125864522515306817e+03 4.437665164982187775e+02 6.889412204770958397e+02 2.848902320116649900e+00 5.305828062154902227e+02 0.000000000000000000e+00 1.086050005186054250e+03 2.355450165396747764e+02 5.126965110338927616e+02
1.767482246631967087e+02 8.891215482824579297e+00 7.285266248559167934e+01 4.849161743150859394e+01 1.001842774721451178e+03 2.883081760954248285e+00 5.714896439079660695e+02 7.203815108966007585e+01 7.067322028921435049e+02 6.616210593226520587e+02 0.000000000000000000e+00 6.868596054958354671e+02 4.896469552515015522e+01 1.074670472677227963e+03 1.115690360929807412e+03 2.103913537671796234e+02 1.103712054120399522e+00 3.532297111907445242e+02 0.000000000000000000e+00 9.547146576220043244e+02 1.501799263521928196e+03 1.184228228845855568e+02 6.226983769512038407e+02 7.194378062928585678e+02 1.782028719117138849e+02 0.000000000000000000e+00 5.276508442035170887e+00 1.683868023620836425e+02 1.245145196295944032e+02 6.372213707454037479e-01 5.085665033687879486e+02 1.533529286468332884e+03 2.091834248853041256e+00 7.582993432491726935e+02 9.467426995999129247e+01 1.509133260407571015e+03 3.070036741336774639e+02
2.877950506565150945e+01 2.711803071816897273e+02 7.175812911014286044e+01 1.137630238945405381e+03 1.628401457768306670e+02 1.199250457664823521e+01 1.442748847465936421e+02 6.402044723914023052e+02 3.048768968017275824e+02 2.869007154854983810e+00 2.303840310716992974e+02 9.266960968017616551e+02 4.610324132736665526e+00 9.609857322384763165e+02 6.848897406255378684e+00 7.284704234413712509e-01 2.347420171246253073e-01 5.765335356536337486e+02 8.052554361309383069e+00 1.155314087184419350e+03 2.234686565188693237e+02 2.681497908896633309e+00 2.000334087221490904e+02 1.181672981305082573e+02 2.445039769160199512e+02 0.000000000000000000e+00 1.179270454747518670e+03 1.443354738295751304e+03 1.323830865140142805e+02 1.492335848761252919e+02 0.000000000000000000e+00 2.924404980428374188e+02 6.280711586329099418e+02 3.780474107432081041e+02 2.377179965496156058e+02 4.875356149451960732e+02 0.000000000000000000e+00
1.596582721139782564e+02 6.280732244320489599e+02 4.998923599388540424e+02 5.970208285830907471e+02 9.626392024346283733e+02 6.103174261871583894e+01 4.181840074983560385e+02 2.589557850190986983e+02 1.670423209539631637e+00 1.557682264911645476e+01 2.824356982393302928e+02 5.432102699702426207e+02 5.816730042529604816e+02 2.004380602058288616e+02 1.222206835203980063e+03 1.555417259731061961e+02 9.422179339025465197e+02 2.870838412099303838e+01 5.980181994845702675e+00 1.210681071275716477e+03 7.305135437927419595e+00 4.077487970654230480e+02 8.016129242221600180e+02 4.445864141589435121e+02 3.563708107277262229e+02 1.165630771040627245e+01 6.229402124258896265e+02 1.068185885350943067e+02 9.912811761686348291e+02 1.979608707723994598e+01 3.862280074450416123e+02 6.404186831192609786e-01 4.767757382377605779e+01 2.537301938934877228e+02 5.228940657247095203e+01 2.492806780162611702e+01 7.485331900555898983e+02
7.011496735425069460e+01 6.506930439732713012e+02 2.212802465837416932e+01 3.901249286246903125e+02 1.361294732837500533e+03 1.120042975002170351e+03 4.999492097410973002e-01 5.580821641567741835e+02 2.413131569185485432e+02 2.997481162273812174e+02 1.963579358606698833e+01 9.720855499500535757e+01 4.822503962270273803e+01 4.236755229402915290e+01 0.000000000000000000e+00 7.168092529174111860e+02 1.230945992140939325e+03 5.493445723623588037e+02 2.364058485030488299e+01 5.330052725713589012e+01 3.922233459965825091e+02 1.264288518184405120e+03 6.605453223498789157e+02 4.218443427399400889e+02 3.466557377295390818e+00 2.392426150101371718e+02 8.846594215950653961e+02 6.690763934454756168e+01 7.652165385875854264e-01 4.880307528973589797e+02 1.820888284000413933e+02 8.908634578459103670e-01 2.176422037939353515e+02 1.406288428330508395e+02 6.356839361360742942e+02 8.250340913049425353e+02 2.241524008953146279e+02
9.930020712015941626e+02 1.963132563190479019e+00 2.720069633647714795e+02 1.203034641296363134e+03 6.991983497910793233e+01 7.511687037821909598e+02 3.453253109434339763e+01 1.023383395545033636e+03 3.154774689488208992e+02 1.198077596384650178e+03 9.858439240747645727e+01 4.923852221023835796e+01 2.712655580798582822e+00 1.216024118337271375e+03 0.000000000000000000e+00 3.839407943801453627e+01 3.575045233442961035e+02 1.186064696472720392e+01 0.000000000000000000e+00 1.382255738735688055e+03 7.377308809110393106e+00 5.101352358376523171e+02 1.561686524381096433e+03 3.882835667803663569e+02 0.000000000000000000e+00 4.861399514869190170e+02 0.000000000000000000e+00 1.181259143758748223e+03 3.864570663294357722e-01 1.039091965476085988e+03 3.122748679672176308e+02 5.812730994791503747e+01 3.187363282818221251e+02 1.587188872265257260e+03 1.127233567207348841e+01 1.897100988742318464e+02 1.516532380175331411e+02
1.301348404197538230e+03 7.940404705233237337e+02 2.930876967691884261e+02 8.927969991658478648e+02 2.613142181169025662e+02 2.502779015202863206e+02 1.437723190654343455e+02 1.082887547456760160e+02 1.051156243714415950e+03 1.112527020704946381e+03 7.428796723647111833e+01 9.293547144141049543e+00 5.597264015730090705e+02 1.636933947374389845e+03 1.924865735502381483e+02 4.366222903600622374e+00 1.353953107247092724e+01 0.000000000000000000e+00 9.465935981869347415e+02 6.480243464838935097e+02 4.655673873357257975e+01 4.395607985158856934e+01 5.992801348949337807e+02 0.000000000000000000e+00 3.797691013219206866e+02 8.350848052814227458e+02 0.000000000000000000e+00 1.415603640487122220e+03 2.102159241110867427e+01 1.262232430238169627e+03 9.384212601030554879e+00 6.352417165112814246e+02 8.543015623885015508e-02 1.269274071725060139e+03 1.044769144624686845e+02 5.609834176296251140e-01 2.337381533449392279e+01
2.801946576445087658e+02 3.434549288669292650e+02 2.245194013957773507e+02 1.727367317938122149e+00 1.569188893145255406e+03 0.000000000000000000e+00 1.053985808053168512e+03 0.000000000000000000e+00 4.931000074288024280e+02 6.413569947461544984e+01 6.739007590321128838e-01 1.659023046020233210e+02 3.641944998591224589e+02 1.381238814169061698e+03 7.065048729198906585e+02 1.391194060828345016e+02 5.733294229251617224e+01 9.438693922898748667e+01 8.298137837321597488e+00 0.000000000000000000e+00 1.431436601474963481e+02 1.130774718371558492e+03 3.627348397526638450e+02 1.488390264469569502e+02 4.566576793670186021e+02 6.573051995157139800e+02 4.409136344427833620e+01 4.569603691003982249e+01 4.749323576833079983e+02 8.954345979646277556e+02 5.682902386230344973e+02 8.686119818290726471e+02 9.312285937731194281e+02 0.000000000000000000e+00 1.449028690666730901e+00 1.385877801795858659e+03 3.982036185008936968e+02
0.000000000000000000e+00 2.613535492889638476e+02 6.149694630301605347e-01 1.451177752746545366e+03 0.000000000000000000e+00 1.287566052471915327e+03 2.560950794810393782e-01 1.989743588625714494e+02 4.974687642939168200e+02 3.161883524396366221e-06 5.762823022615581294e+02 1.246416495597339349e+02 1.174681597836172529e+02 4.461670149721802758e+00 1.245660222105790126e+03 6.023931568470125058e+02 6.205307641244352226e+02 4.576269416625839881e+01 6.440005444501903185e+02 2.862828030717678871e+02 3.413746796813786233e+00 2.838789768808236431e+02 7.111143124732133458e+01 1.112824262099300995e+03 7.689817226232456449e+00 3.268110493782763637e+00 2.382247625872314645e-01 3.652379434186150320e+01 5.536396895751694274e+02 2.655344947433087466e+00 6.225770909472192898e+02 7.861847267520969851e+00 6.823394318428124827e-02 2.175797426870413531e+01 1.411624036279690131e+02 4.792513558303905370e+02 2.968092407019825032e+02
1.935236990129365893e+02 6.421744489486933105e+01 1.555078755486288628e+03 1.982110136821800779e+03 1.629543039548055350e-01 7.657319103576223824e+02 1.397678759866971177e+03 6.200869869798373429e-02 2.548044159412907739e+00 1.394487275604223441e+03 7.122905847182519210e+02 0.000000000000000000e+00 6.037461672345446004e+02 1.581523129629000266e+02 2.178433559059826408e+01 5.342168154675199787e+01 2.369423376751211094e+02 7.906242504410632819e+02 6.120616386478255677e+00 5.248737693707156495e+02 9.648370937763128268e+02 6.528576256190600589e+02 2.320451389962260969e+00 5.822548905678550000e+02 6.707084693175706889e+02 5.469352771593202078e+02 0.000000000000000000e+00 7.285265913629312990e+02 9.882080475453088866e+02 6.232857092613382974e+02 3.061489872808039969e+00 1.171034593001280655e+03 9.180231949038638817e+00 9.788106304612981603e+02 6.879662262118260969e+02 3.479330734299989558e+02 2.896385353329971508e+02
0.000000000000000000e+00 1.394769266390775556e+03 4.840467013701006067e+02 0.000000000000000000e+00 1.841238900137162204e+02 6.700837909241259922e+02 0.000000000000000000e+00 4.338649693395162217e+02 1.930121069121473454e+02 4.568980944264124378e-01 6.409300914528571411e+02 9.003299249932131261e+02 1.320251913400986041e+03 6.239745184434434577e+02 8.536307431169069559e+02 7.353761728410967180e+02 8.996253797255948825e+01 4.953412043249076078e+02 4.675259733256465893e+02 1.333676559230884493e+02 6.620450712538799110e+01 2.357154608903234987e+02 1.534384003425311960e+01 1.847116125447554964e+02 6.049936683977900742e+00 7.720709098404315851e-02 6.669974555192655998e+02 1.047924758994169906e+03 1.298191587460305527e+03 4.718614321270199525e+02 2.169165909062529352e+02 1.968300690969535527e+00 1.068522463794806526e+03 5.023638006229117536e+02 4.499815840763910160e+02 3.215620151399868973e+02 0.000000000000000000e+00
1.252713440923926782e+03 2.034572709740648744e+00 0.000000000000000000e+00 1.535832555146217601e+03 1.603561903988633503e+03 1.059771894830627872e+02 3.345177163033309853e+02 0.000000000000000000e+00 6.114085249280281005e+02 1.278135593022990861e+03 6.760906017530171619e-01 8.751693961602275351e+01 9.746339899570097032e+02 8.083556550355040144e+02 9.814048173711275922e+02 7.982855199362048779e+02 1.070974146745135869e+01 4.687274806731735453e+02 1.147347613591941951e+01 4.730575690388962471e+02 3.859559515775359841e+02 0.000000000000000000e+00 2.992971782466683450e+01 1.373989548403669048e-01 3.855499362409878472e+01 1.686642442438193825e+02 6.219649270620752759e+02 0.000000000000000000e+00 8.576487031670130268e-01 1.720865373296928680e-01 1.111989446306050468e+03 0.000000000000000000e+00 1.339332750973673910e+03 2.603160118688762292e+00 0.000000000000000000e+00 8.153057826836372897e+02 4.131351854178686267e+02
1.510216949795064011e+03 2.001684386235950228e+02 1.025668903458702971e+03 5.401086133230842634e+00 7.062996444121469608e+01 0.000000000000000000e+00 3.258879656555843951e+01 7.654571494215298344e+02 2.166483337087247776e+02 1.164159630640891407e+02 2.504771073745168337e+02 1.293347655180506081e+03 5.590260222695473402e+00 7.809950370280914740e+02 6.540029344203150004e+02 7.485096358411266415e+00 6.615997096118087484e+02 1.709545794861638342e+03 8.020434268608693174e+02 3.582050870089207706e+02 4.581800493993305281e+02 5.317463279743122939e+02 1.066467741823856699e+02 1.124162007038016782e+02 8.242467165931037698e+02 1.727859844152563085e+02 1.660949721022141148e+02 0.000000000000000000e+00 4.575495227429449869e+02 3.816917033491051825e+02 2.228239275667611152e-01 6.785223766713938858e+02 3.322566455781937833e+01 1.040048236236863204e+03 2.094854965670069760e+02 1.115715809035790471e+03 2.496525044202763581e+02
3.156731647979553745e+00 9.902484092668031508e+02 6.009230692532776175e+02 1.209419770028524788e+01 1.261239205698957676e+03 5.183166199879550504e+02 2.242092439046891457e+02 0.000000000000000000e+00 4.421000823462510994e+02 0.000000000000000000e+00 2.944507717582514488e+02 0.000000000000000000e+00 1.338592301530936538e+03 1.187598886602630017e+02 7.556562206481298745e+02 3.910940739920810705e-01 3.049027038994321259e+00 3.972678664964935269e+00 1.827344695064705320e+02 3.172375816929865096e+02 4.235502554936307007e+01 2.201027742865910000e+02 1.112155236942845988e+02 3.384519472865030139e+02 8.416798580894571842e+02 7.778476478782727632e+00 8.446241918198478515e+02 2.359548444655545438e+02 2.721895220758037794e+02 7.748996010138656629e+02 1.512224018066404142e+03 3.119275006553225149e-02 6.781981457529512909e+02 2.159498498552609647e+02 1.117821272827665666e+02 3.670767921889645322e+02 6.455982305741821392e+02
1.213328641955258149e+02 7.970565048859991748e+02 1.082559794665440677e+03 9.427414622511099962e-01 9.083154396736182434e+02 8.048688492177893750e+02 2.524524643689993866e+02 2.647037702780574477e+02 4.402205312393821828e+02 2.959084195090584402e+01 0.000000000000000000e+00 2.149149796622509712e+02 1.229531813678749813e+03 1.814385756885542662e+02 2.397485441772102774e+02 1.304237776464315175e+02 1.113353855535867979e+03 7.262926205058171263e+02 1.305698559371996623e+02 6.744612799008143922e-01 4.665148999600401112e+02 8.074889399581633143e+01 1.007897729878741188e+03 0.000000000000000000e+00 1.119598796905236668e+03 7.900111971113052505e+02 1.158348063473560842e+03 4.990522813461261649e+02 5.954337210264633313e+02 6.336666878082803578e+02 1.418698810250280985e+03 7.388170423533641440e+01 6.834249477229024023e+02 1.385188528309071444e+03 0.000000000000000000e+00 5.511381375642750982e+02 5.303190046880507680e+02
