output/example_1/lateral_incision_000487.asc
nrows	75
cellsize	13.33333333
xllcorner	0
ncols	75
yllcorner	0
NODATA_value	-9999
[rows 51 to 67 of 75, columns 0 to 36 of 75]
0.000000000000000000e+00 1.479314447221820728e+03 1.123853038354251339e+03 1.388943740946020625e+03 0.000000000000000000e+00 3.547590982419662531e+00 1.273753126685122794e+01 1.006006042164085329e+03 6.507963111999812327e+02 1.807534821254261601e+02 2.931869315377390421e+02 1.512421291453996952e+00 1.178062694273967054e+03 2.306893167435177006e+01 1.330395317753735299e+03 4.009934089615488233e+02 1.845922785797475285e+02 2.123636972183324758e+02 1.283426491072682009e-02 9.403397790060638783e+01 2.224454670683181368e-01 1.701900757140658470e+03 1.747492160494388358e+01 1.019958046249521544e+03 1.158331319158615091e+00 7.528961680926054214e+02 1.666317384743520336e+01 1.049563893505468037e+01 1.684760803529251394e+00 5.198804229409717692e+01 1.394457620849451018e+02 8.907907525016372574e+02 2.402793326784954502e+02 6.693820283352218894e+02 1.903933328252520241e+01 1.423363529933568543e+03 1.772534422560545693e+02
0.000000000000000000e+00 1.873662903861921336e+01 7.933309755575013469e+02 9.657992940697672566e+02 2.626446358132513481e+01 1.212027575480543184e+01 4.071393080005022114e+01 2.211491664605833307e+01 1.089764400868263465e+03 3.097189263400978234e+02 1.254005723184217686e+03 0.000000000000000000e+00 8.663500789363340573e+02 1.773357903225866607e+02 6.874438808789353743e+02 1.142037946415642182e+03 6.851215461856828597e+02 1.342178391638842072e+02 3.341934634907023849e+01 9.082952761555044274e-01 0.000000000000000000e+00 2.434693992401317786e+01 1.096363490294220355e+02 6.411359453757244182e+02 6.778021280675517346e+02 7.895808436996971125e+01 9.711539590624295215e+01 1.008225077606442028e+03 8.735229617280702019e-01 4.157850928355637734e+02 1.254132710005590980e+03 2.320913752991416956e+01 9.496594372062409093e+02 2.453838297795780665e-01 2.119708812632591730e+02 1.216814968851771937e+03 1.264022187585586380e+03
0.000000000000000000e+00 0.000000000000000000e+00 0.000000000000000000e+00 1.226158239928606008e+03 1.008572377172070560e+02 1.507742258967562634e+02 2.531337328245307106e+02 1.155779544591968033e+02 6.538107301427030507e+02 1.420421783493643897e+00 1.110516046170397203e+03 1.754548907856580229e+02 8.966229686934109600e-01 8.580976425023619640e+02 3.300691342214560109e+01 2.085329209610135237e+01 1.174681227766742722e+03 7.041327123911788703e+02 3.759110305876764357e+01 4.637181821621968538e+02 1.027483106886747919e+03 5.695600599362789396e+00 2.832296970954063227e+02 3.188380559045555174e+00 6.522974753286388250e+02 9.002142592871698525e+02 5.639799653941192901e+02 3.730113986105347976e+02 3.906264470544183354e+00 1.151960086172915908e+03 8.231182999159265137e+02 1.637438831270322339e+02 4.300059660928345693e+02 0.000000000000000000e+00 0.000000000000000000e+00 3.182988509667759591e-01 1.421944993884762809e+01
0.000000000000000000e+00 9.797324662633109256e+02 1.105316506006543023e+03 4.656618932414640994e+02 9.975460102825231843e+02 5.999479629901785529e+02 6.253991992757445360e+02 5.780788065592230396e+02 1.262492867537501127e+02 8.664075223180635987e+01 6.702367539180116573e-02 4.357582994292700391e+02 9.195595226004845912e+00 1.536903178148742427e+03 1.451400168398720893e+02 0.000000000000000000e+00 3.516985309589442750e+02 5.713039241385524747e+02 4.992960347808472648e+02 5.488683415997380735e+02 4.058182122202534003e+01 1.049556274267407616e+03 3.647013793479381434e+02 3.459277449020628978e+02 6.459757567255877575e+00 4.766229785641268535e+00 3.521185141843766360e+02 4.130010717704918122e+00 2.488103126464193338e+02 1.226106511471285103e+03 4.490453431801870465e+02 1.449888302240796065e+03 1.849682158911631191e+01 0.000000000000000000e+00 0.000000000000000000e+00 2.964948264708197456e+01 3.021035462561048348e+02
0.000000000000000000e+00 1.272332731676405729e+03 2.134038209156498311e+01 8.583306649777989961e+00 1.007248897997208381e+01 2.282413564582447236e+02 1.249958274680975592e+03 5.202413978146889662e+00 9.372929580941961376e+02 7.190538236090006363e-02 0.000000000000000000e+00 1.805122442965595297e+01 6.214790651471780620e+02 2.962991095763100802e+01 1.375276162145286435e+03 1.071585604038330530e+03 3.671409697576512343e+01 8.675480200997415636e+01 1.209963049668199631e+02 1.460508744186908245e+02 6.550547760765302030e+01 1.650877635847551346e+03 4.049975277555876687e+02 5.044430788141278299e+02 0.000000000000000000e+00 3.507059584770704532e+02 3.265891516944418527e+02 1.277692023204098781e+01 7.749793126189346140e+02 2.328027266610719153e+02 0.000000000000000000e+00 3.849822256226114092e+01 1.220847733681197951e+03 2.430424842571734985e+02 1.739234424021482184e+01 1.340788210924127588e+00 5.152321983886160979e+02
0.000000000000000000e+00 0.000000000000000000e+00 9.081802637202929418e+02 1.243926792408080928e+03 1.130204758610470208e+03 1.671941099459559723e+02 2.436759746520846477e+02 8.759811477691680182e+01 6.065914296809958728e+01 4.412461671919595005e+02 0.000000000000000000e+00 7.312199765129763307e+01 9.022513489996002534e+01 7.246550263253681123e+02 1.098942860243932103e+02 3.109309337278966723e+02 3.783448180992409675e+02 2.125714451455985365e+00 0.000000000000000000e+00 1.204967414103853116e+03 2.551425619886517993e+01 1.123015939065757493e+03 1.115593258386097375e+01 0.000000000000000000e+00 7.035621977203933852e+01 4.343081043339336702e+02 2.581488688819674167e+02 9.454087045289429059e-02 4.514841181560201022e+01 2.424057339882345161e+02 0.000000000000000000e+00 1.249063893718165303e+02 2.070921788520972484e+02 3.937767572459590042e+02 4.962368476674549472e-02 2.042613405745608759e+02 3.701830056563701987e+02
0.000000000000000000e+00 4.404769471262147107e+01 1.225234532196488772e+03 6.456802607822982054e+01 1.263291278167497239e+03 0.000000000000000000e+00 0.000000000000000000e+00 7.014055924700121523e+02 6.042911387276445794e+02 9.734755582739893498e+02 4.079520549395504645e+02 3.792214054964321690e+01 1.220923264238919472e+02 1.730487448943733568e+02 1.845624492759414892e+01 3.332094972249466380e+00 2.196563068587247969e+01 1.868233889746294949e+02 2.442270836877366662e+02 4.025287738991787023e+02 1.091137541145395318e+01 6.107062895396800286e+02 9.487806819874757593e+02 9.559213048962401444e+02 3.450101123347045586e+02 2.401842479036624241e+02 5.847110266034352435e+02 7.504994534550905882e+02 9.571347511814271058e+01 8.912964878131008390e+02 1.562732446035444127e+03 0.000000000000000000e+00 1.035640251814627533e+01 2.076008283876577423e+02 2.006493251010589915e+02 4.726730978233138103e+02 1.268292929831448873e+03
0.000000000000000000e+00 0.000000000000000000e+00 1.085853326322454535e+02 9.374312931851912367e+01 3.758562049219407868e+02 1.214946779608931027e-05 3.882111586821091009e+02 2.330544865472157312e+02 9.887183904914542154e+02 0.000000000000000000e+00 2.255353997290404777e+02 1.643585396076004956e+00 6.047228390450208053e+02 2.951134142818876853e+02 0.000000000000000000e+00 3.890225890982231931e+02 0.000000000000000000e+00 9.387360514681734003e+01 5.535944243598957826e+01 2.269656992246146920e+00 4.771427319990688716e+02 0.000000000000000000e+00 1.891287495029035881e+02 4.412158940478623208e+02 2.356294330154083028e+01 5.352795215446809607e+01 8.044086846867374518e+00 5.546250555011664574e+02 3.113283964729139264e+00 1.593933965567683231e+02 3.709340540088261946e+02 6.634870357493807091e+01 2.192360599266038435e+02 2.649456292544744684e+01 4.227822188590426435e+02 1.244858696799214613e+03 3.747081935318633761e+00
0.000000000000000000e+00 1.367443599401523500e+02 1.250990165599672991e+03 6.886866444352924646e+02 5.645985355020022780e+02 6.688937265824031897e+01 6.000634273767863078e+02 6.584856974076308234e+02 8.012916389461960307e+02 6.272841649752500643e+02 4.939629663524234502e+02 6.101249666037648467e+02 7.427968064494652189e+00 3.756051432597226380e+01 1.110236743404415847e+03 2.379499783307287544e+02 1.514416673318734638e+03 1.018099690518778857e+03 1.551616298986464244e+02 7.473436569782850256e+02 3.200640584041636316e+01 1.638548484898756641e+01 1.634726867693508893e+03 6.997043034911768018e+02 1.264178195689816819e+00 1.276331070905450957e+02 1.112543216945978884e+03 2.701457322775636172e+01 3.922266308707105509e+01 3.997018913077390323e-01 8.888856389259791513e+02 7.677419497781883706e+01 2.881326730161605383e+02 1.409147733296083970e+03 6.376872805861655706e+02 1.746593788157413485e+01 4.884726335105863768e+02
0.000000000000000000e+00 1.050422101528942553e+00 2.780905773503942413e+01 1.867652037855682465e+02 8.937769931595871640e+02 4.355197005238010455e+00 4.144788802801532057e+01 1.670520880171725153e+01 0.000000000000000000e+00 1.156122067015062385e+03 2.264017223630075080e+02 1.407896291334969305e+02 4.063664648977117508e+02 2.949726608452728271e+01 5.273297148615048400e+02 1.659190965667452531e+02 6.107884340852832565e+02 4.141500884834695917e+00 9.830439975312978049e+02 1.192731101627505495e+03 0.000000000000000000e+00 1.224794883514997764e+03 0.000000000000000000e+00 0.000000000000000000e+00 5.765899694860721638e+02 1.986679637597609016e+01 2.234581825592519237e+02 6.553032339494720304e+01 4.114795888637991652e+02 1.412051809952776864e+02 3.948439047389748566e+02 1.733596826502337862e+01 1.142578473077196577e+02 3.816255307216742665e+00 5.851185148999786634e+02 6.502660926255290406e+02 6.899219209448723404e+02
0.000000000000000000e+00 4.663250503627862145e+02 1.199072822529652512e+03 6.473810514119644495e+02 1.937616009316102117e-01 2.483434862840117887e+02 5.618523680695129002e-03 1.451220181465227577e-01 8.370947434881651716e+00 8.320864863110882581e+00 7.030082521913719802e+02 1.279514714552583001e+02 3.847763422870964405e+02 8.730260580560739072e+02 2.164016745957895296e+02 4.942744244529786783e+02 1.286520873227430002e+03 1.933354675921082730e+02 4.581979306606019122e+02 7.140455577655092156e+02 7.068698168035541585e+02 1.050270966393661354e+02 2.936922675387841650e+02 4.111829103424019394e+01 1.036981346627816492e+03 0.000000000000000000e+00 0.000000000000000000e+00 9.289708949134439564e+00 3.885273466587268132e+01 9.834201318050942291e+02 1.172512969522254700e-01 5.950543246217074511e+02 0.000000000000000000e+00 3.499296122278757935e+02 3.230507470230160294e+01 7.514674462240240871e+01 9.732059435849967031e+02
0.000000000000000000e+00 4.859589067015841692e+02 1.578899413897917839e+03 1.719269845034172022e+03 9.734766990701807572e+02 6.026350615848044754e+02 1.798144283070682548e+02 1.617406026464219337e+02 1.450878900778494653e+02 1.027567954154362297e+02 1.452670655705261197e+03 1.947075933284732798e+02 0.000000000000000000e+00 6.109564283239498650e+01 5.322470574380542985e+02 2.501940172417864972e+02 4.339877005341828919e+01 5.929595293499986610e+02 7.822058740450660252e+01 1.390100413202918162e+03 9.210557688536788419e+02 1.145802687632076733e+01 6.812441610337542670e+02 9.985843910906665997e+02 0.000000000000000000e+00 7.279376494985193631e+02 6.526528889988992432e+02 2.990612686282626100e+02 4.887607632963357673e+01 4.479986833501804711e+01 1.688277294969570903e+02 1.711208381850323690e+02 2.381633555004625862e+02 0.000000000000000000e+00 6.088444753061248775e+02 2.755602429277240617e+02 6.081033448837356445e+02
0.000000000000000000e+00 1.358205542814685600e+02 0.000000000000000000e+00 9.416780413937304957e+02 6.940139009129296710e+02 7.629337675121796565e+02 1.057557944461771768e+02 3.069665279321778257e+02 0.000000000000000000e+00 0.000000000000000000e+00 2.794153506553684707e+01 9.454136229758175887e+02 7.465601223605787027e+02 1.271397388276011043e+03 3.141804654326492141e+02 3.565687889433709188e+02 4.239882896292311187e+00 4.334224579599080585e+00 3.827549458402035043e+02 3.772614311638359368e+02 1.545246145299636442e+00 7.671367177178942143e+01 1.509373757390861499e+02 0.000000000000000000e+00 1.415550115183883918e+03 5.342155365583946036e+01 1.130847984674103657e+02 3.492002121559165175e+02 1.430759031756689637e+03 2.929351307133538853e+02 1.026054534776632181e+03 2.404054919657285438e+02 3.859138954251502440e+01 1.598712517940113287e+02 1.860859742067448792e+02 2.650594100876635384e+00 3.733418821224980633e+01
0.000000000000000000e+00 3.688998616026971717e+02 1.308445743309260934e+03 7.895512681976626936e+02 7.462419181007049929e+02 0.000000000000000000e+00 5.928859769123229206e-01 6.419783299765165339e+02 1.162720453547072566e+03 2.254651218921884777e+02 1.353870077327859235e+03 6.151539337902624993e+02 6.535880465779292763e+02 4.356121264173648910e+01 5.426623144826361340e+02 6.519655843194017280e+02 2.801231517572295004e+01 6.823529906107067973e+02 7.178277203031701674e+02 9.337895989324779578e+01 8.497164682958279514e+01 8.288467787980424362e+01 2.126579933618940004e+02 8.341039020120011855e+02 0.000000000000000000e+00 1.348720165627041524e+03 2.561223507950555422e+00 2.594862245497786830e+02 6.630778411154987850e+01 2.642801159355922778e+02 2.294566128228852051e+02 9.212274998686727940e+02 1.567851608476201761e+02 1.089554713569000768e+02 8.900981247658472739e+02 1.047787597524208195e+03 4.951406372565568290e+02
0.000000000000000000e+00 7.713516668769709668e+02 0.000000000000000000e+00 8.079697213132324123e+02 0.000000000000000000e+00 8.733748846905959340e+01 3.946613592251088676e+02 7.500457350454774996e+01 1.057352559743919471e+02 4.616890043887171373e+02 8.427231424935393989e+02 1.290175661705968650e+02 0.000000000000000000e+00 7.107684041229007335e+02 4.899799851023248110e+00 8.378971275274661821e+02 1.015243889296269799e+02 7.534333909747788312e+02 3.090039254058800466e+01 2.819916976706257827e+01 2.904692788055656116e+00 8.542917256951914169e+02 7.234707149444952847e+02 1.209816415392131830e+03 3.879017720442289097e+00 7.778424680714357553e-01 3.342582622726499721e+02 4.677055907790822289e+02 5.094961520877910743e+02 1.289140942600381834e+01 1.386434981692311226e+02 0.000000000000000000e+00 4.793373954282669303e+01 1.922915308628561970e+00 1.459971871590676528e+03 7.785574542552319599e+02 1.288018931954453095e+01
0.000000000000000000e+00 3.629389641930468997e+02 8.212483641428103738e+02 9.914655662317547069e+01 5.840392723987416730e+02 2.918062752832822753e+02 3.163310177485041095e+02 8.479382068753291435e+01 5.476043058421083742e+02 3.632015606763185644e+01 2.289905370635175075e+02 1.135337058286533875e+03 6.644765026901349074e+02 2.560084373909038646e+01 5.967689942376314320e+02 9.422852981305552476e+02 1.351091102298453563e+02 4.046252383116046758e+02 4.547980186892021948e+02 2.793560293920487680e+01 8.897408976607012576e+00 3.526101409467279950e+02 1.622602095924774801e+01 2.505641569105849271e+02 1.300057084506739784e+03 1.404576687485730724e-01 5.190193399589795717e+02 7.384043249406914811e+01 9.225581287267637265e+00 4.102467521991504782e+02 4.176156808364709860e+01 1.327153101840393447e+03 8.181821929854755808e+02 3.221720103234220005e+02 9.112363823235915561e+01 6.327181181660006537e-01 1.235937482737712344e+03
0.000000000000000000e+00 8.708267820901191669e+00 6.236367129742164650e+01 9.632505027923598107e+01 8.805655969050600618e+01 0.000000000000000000e+00 3.985306238327819273e-01 8.056741004324851474e+01 2.922777557806657001e+02 3.208519830472209264e+02 0.000000000000000000e+00 0.000000000000000000e+00 0.000000000000000000e+00 3.111096382700817458e+02 7.518783951149636096e+02 7.061078671659197425e+02 3.150017796510423977e+02 9.888773741209059835e+02 0.000000000000000000e+00 1.417484473718021398e+01 3.320191840096654232e+02 3.197231104761330585e+02 8.000232411984042358e+01 7.137005025507202163e+02 5.176510683133149087e+02 1.312039981744572060e+03 2.299938220909299673e+02 1.790053310991358444e+02 4.255274119780521573e+02 0.000000000000000000e+00 1.568036176145182203e+01 2.337286895852619182e+02 4.276425575964420744e+00 1.018570187522542483e+02 5.094851068919847137e+01 1.346323866628943506e+03 0.000000000000000000e+00
