output/example_1/lateral_incision_000061.asc
nrows	75
cellsize	13.33333333
xllcorner	0
ncols	75
yllcorner	0
NODATA_value	-9999
[rows 51 to 67 of 75, columns 0 to 36 of 75]
0.000000000000000000e+00 0.000000000000000000e+00 1.105763585897183106e+02 4.824850278182994390e-01 0.000000000000000000e+00 0.000000000000000000e+00 5.576963174612311605e+02 7.737898783087922538e+01 6.090425300579533285e+01 4.140178377414810207e+00 7.007317389835244512e+02 1.919669404938620261e+01 8.082494573668280964e+02 0.000000000000000000e+00 1.169460612455862929e+03 1.665964566297678857e+03 1.553232939591405568e+02 1.364507474629680246e+03 0.000000000000000000e+00 6.863676567554459318e+00 2.679235117453960697e+02 4.324072810414029391e+02 8.314456002121607625e+00 3.436593402573423646e+02 1.127429187678418714e+02 1.983026365395886562e-07 1.254945223570681208e+02 3.663126084742210082e+02 0.000000000000000000e+00 6.017185139630959156e+01 1.036216830075976958e+02 8.988915013611232041e+01 6.745782797985175883e-01 1.573620906975151712e+01 1.272492918075009349e+01 3.153383471779855007e+00 9.174425936142290539e+02
0.000000000000000000e+00 2.857421663249735957e+02 1.482346485792178612e+02 1.053138122128244277e+03 1.132813518944985054e-01 4.721957174479032737e+00 1.094001011223920194e+01 4.661741264733843764e+02 4.594583670872632979e+02 6.380830220490101965e+02 9.126088351149192022e+02 1.698818674431273337e+02 9.914497847507254846e+02 4.674128269500670285e+00 1.192418859645116299e+03 2.303716491356595952e+02 3.425988674579150484e+01 6.772505997323913789e+02 1.250368634494105208e+03 1.341718454104239527e+03 4.447225111653694540e+01 5.758946262863819499e+00 8.756759636875485739e+02 5.285138850834763389e+02 3.953685844367351478e+02 4.882407084447192460e+02 1.081771169496314542e+03 1.042909212351995620e+02 1.425230257871740605e+03 2.167486064300913728e+00 8.104799578796854576e+02 2.527978088484196206e+01 4.203015103161866932e+02 2.609881734633343053e-01 5.882229053828510814e+02 1.338487148193216626e+03 7.885933979966215475e+02
0.000000000000000000e+00 6.270705677091997359e+02 6.081869462313323993e+02 8.513532540252190302e+02 9.102245381483830897e+02 3.439355143866923186e+02 0.000000000000000000e+00 1.082688793533472165e+02 2.915286157217613550e+02 9.603235109219815513e+02 4.141554658928132540e+02 9.943387849758875063e+01 4.155200232208190414e+02 1.054494102547629382e+03 5.124356081350064187e+02 4.625235790567098775e+02 5.200298317697146899e+01 1.280798164502750978e+03 2.347190357798334404e-01 6.176552158409466529e+02 9.959763803177629597e+02 6.655854866327497454e+00 2.628799725819123978e+01 2.994610242872874437e+02 1.129242246759111595e+03 1.131930805351405979e+03 0.000000000000000000e+00 1.256541866671081834e+03 2.604343153707580996e+02 6.744115713030154211e+02 1.903175489099893314e+00 2.277694866699153309e+01 8.512016828382163567e+02 8.198385475761414227e+02 0.000000000000000000e+00 1.467916719865528648e+03 1.174185219283535986e+01
0.000000000000000000e+00 8.560125771313469158e+02 6.661794046863781205e+02 2.005422611230808059e+02 3.585495744156403930e+02 9.105745120522826710e+02 1.028169174347395483e+03 1.169387356061445331e+02 0.000000000000000000e+00 6.660833997932765404e-04 2.369194996230922641e+02 4.326117197222847039e+02 2.545624634518805749e+02 1.122349256506801041e+01 0.000000000000000000e+00 2.469227597438847681e+02 1.349726223842758372e+02 9.632940783668406084e+02 6.035288159384410847e+02 1.026807415246323352e+01 3.332768804264392770e+02 9.767397247239156144e+00 2.891013452377843578e+02 8.894267854959498720e+01 1.007299129480564716e+03 2.414493951671601479e+01 1.493236973349342179e+03 1.831888371154333527e+03 8.878583991743485058e+02 7.932762766869093412e+02 1.272365235336721234e+01 7.223146252901561581e+01 8.831918508725295851e+02 1.474647885186836902e+02 1.212518048896308301e+03 2.326778879801702171e+00 6.054968400110661833e+02
0.000000000000000000e+00 5.392780194958647633e-02 1.829447365751191990e-01 8.871204492003560063e+02 2.759286948179724277e+02 3.906448013321041657e+01 1.003672162035361879e+02 2.272400816368853071e+01 3.550616058945139645e-06 0.000000000000000000e+00 1.032222820938239787e-06 0.000000000000000000e+00 3.840364267860449723e-03 4.998552856912790077e+01 5.769214923127894963e+02 1.361140510432595875e+03 1.314338404572233685e+02 3.499603676370276730e+02 7.562792661358287205e+02 3.326003936477926004e+02 1.069191884795731440e+01 1.203008193966421047e+01 2.116215984879123369e+02 0.000000000000000000e+00 3.057500462635539407e+01 9.994434777944591133e+02 1.723351577382726873e+03 0.000000000000000000e+00 1.362030561967655785e+03 6.602415633380471718e+02 0.000000000000000000e+00 7.354288322969393903e+02 3.727763994411258182e+02 9.454359007750415458e+02 2.118031395541558126e+01 1.288110818480382022e+03 1.840397333665488304e+03
0.000000000000000000e+00 3.973038896077511026e+02 6.059981137261949016e+02 1.146030543065854999e+03 5.442553422073857519e+02 3.742241549788280963e+02 5.209669979524204564e+02 1.890447333184766308e+02 0.000000000000000000e+00 1.032222820938239787e-06 0.000000000000000000e+00 3.865066979256656584e-10 5.799158913076285808e-05 3.980334736987686028e+01 2.286859570628140261e+02 6.393268490709409662e+02 6.842947300676813427e+01 2.492073278999519346e+02 1.157625013257892022e+01 1.709841442310287505e+02 9.640506589957823280e+00 6.053673192818523603e+02 3.264502110461970119e+02 1.484298249695049208e+03 1.790344709036005497e+02 3.367932898961532260e+02 6.620871055409553700e-07 1.201466954175349201e+03 1.095247792925679278e+03 1.347197352052705241e+02 0.000000000000000000e+00 0.000000000000000000e+00 4.811022628958397718e+02 1.532412852809657124e+03 1.006984432790235502e+02 8.861104951028805772e+02 3.082785950181975636e+02
0.000000000000000000e+00 8.071851060765953889e+02 1.122044870820208871e+03 1.121288062086815216e+03 4.737010686796804748e+02 3.722031320883195917e+02 1.078351102901525138e+02 4.864238386826058900e+02 2.503209777311293793e-01 8.976994651588022407e+02 2.234047188117103815e+02 2.302235548513747447e-09 6.260049252717586549e-07 1.566047563494757000e+01 3.995062707357488989e+02 1.671739894180902411e+03 1.901419521659331053e+02 1.589881155875642435e+03 0.000000000000000000e+00 7.010602156918054690e-08 3.337706842024552429e+02 5.215092039365607945e+01 5.219734876322768287e+02 2.296893886706723720e+02 1.128144604580190844e+03 2.234208260356100340e+01 3.312127966907525689e+01 1.531015679880406651e+03 9.205679312993927965e+01 4.597857547071973841e+02 7.430049712746223349e+02 9.613655693357574137e+02 1.610761631671815686e-01 0.000000000000000000e+00 5.835320892951818905e+02 0.000000000000000000e+00 1.510937070078540728e+03
0.000000000000000000e+00 7.241363098548105448e+00 6.712950358637317549e+01 1.025467799333398716e+03 1.693507053040717665e+03 1.296825222105658426e+00 2.645587807495418247e+02 7.597812439795088721e+02 5.070592853826913711e+02 5.549383635769003149e+02 1.116435409079342804e+02 1.643585396076004956e+00 3.319095043575595696e+02 5.683800091624123496e+01 0.000000000000000000e+00 2.643968983905369896e+02 1.238422324151910203e+02 6.095971194490656444e+02 0.000000000000000000e+00 3.217963220300542275e+02 6.535617819322989419e+01 1.228203803385797301e+03 2.177526495952647281e+02 7.661184240110459314e+02 1.356298732294608499e+03 8.483171705167219610e-04 2.528982185871341244e+02 1.539423674831178879e+01 8.813018814234294496e+02 6.511505092333050015e+02 1.027507786540618895e+02 5.793323583200833582e+01 1.596222606681282286e+03 1.396925232830238883e+03 0.000000000000000000e+00 8.219675248142864348e+02 2.979986766356954586e+00
0.000000000000000000e+00 1.080686899355656578e+03 2.350257369060086532e+01 6.894807120825462432e-01 3.348977519177668949e+00 6.690694361936793939e+02 5.520808147124719198e+02 6.690439429233313717e+01 8.343204901906013902e+02 2.337927947047113548e+02 2.234498498967924149e+02 2.337487621707523431e+02 0.000000000000000000e+00 5.587120109052211570e-01 5.844573479047670617e+01 0.000000000000000000e+00 1.365338132098002291e+02 3.745819899352995970e-05 6.291573269986080277e+02 2.940716556977359346e+02 5.962936618061133842e+00 3.164431891471414247e+02 5.417388344962318358e-01 9.466775603687545981e+02 5.357303156523495318e+02 0.000000000000000000e+00 1.075184882188217671e+03 1.347549126268083626e+02 4.995128458489233481e+02 4.529065556465280338e+02 7.720674306460771277e+02 2.744865493305438804e+02 2.322487245551848218e+02 1.435856017339826280e+02 9.650188475156826371e+02 0.000000000000000000e+00 1.184698840535909540e+03
0.000000000000000000e+00 6.014287184456991326e+02 8.171414372635743106e+00 1.169030706174152328e+03 3.022888603215712351e+02 5.883013914454943460e+02 1.112104698186371365e+01 1.693937386709726525e+03 5.585109017122176738e+02 4.116340967209616224e+02 0.000000000000000000e+00 1.263123196023526816e+03 3.354343864491293061e+02 4.321955616579840580e+02 4.419705502153663588e+02 9.215609319752846318e+01 1.384234076905962486e-02 9.452412481439999681e+01 6.285957137144657736e+02 1.820170720167944654e-06 3.851024056348966838e+02 5.125706131643244134e+01 1.943529472003608021e+02 8.860677277958521358e+01 5.496456041911401371e+02 1.764607124113401682e+01 7.827271740627470535e+02 1.293649024447524312e+02 4.472634986177318694e+01 1.688034145992887503e+01 1.064188389896891067e+03 4.240027553197783305e+01 7.636310227696973207e+00 6.242630998811309837e+02 8.528704200618511533e-02 0.000000000000000000e+00 1.362541541942671074e+03
0.000000000000000000e+00 1.487159704328576254e+03 6.206775417718713470e+02 5.490790999446392107e+02 1.074027908427246075e+03 2.978538063883693354e+01 0.000000000000000000e+00 4.551134038848873047e+02 1.432998007298122900e+02 1.348401894451480075e+03 8.859215736276712105e-01 1.729998167256528347e+02 0.000000000000000000e+00 5.633517873601614383e+02 0.000000000000000000e+00 5.810443699092189718e+02 1.330784622571655746e+03 8.038769935622722187e+02 6.059242554319438341e+02 1.349926597446629373e+01 6.287625955234285584e+02 0.000000000000000000e+00 9.768226803669938363e+02 3.646765229849758327e+01 8.849117175114378142e+02 5.250914158825747080e+01 5.831234691029982287e+02 1.097889149878317880e+02 5.179078231497448996e+02 2.627998643225186584e+02 9.686041309934201138e+01 1.182000402640835091e+03 8.359540169449344305e+00 1.505721390275698695e+03 4.769325559432868999e+02 7.794788402787065706e+02 1.357453607558248905e+03
0.000000000000000000e+00 0.000000000000000000e+00 9.587544909700012052e-01 2.842622258186621025e+02 9.477806234852769762e+01 1.419566518723091519e+02 1.926359234296367617e+02 4.839863629125975990e+02 1.012867849216056300e+02 9.151070213053349445e-01 9.834821188246439760e+02 2.162455572052563184e+02 5.132750421176108375e+02 5.076341692344857961e+02 6.377814630826986786e+02 1.125175103832580135e+02 0.000000000000000000e+00 8.146115205676511550e+02 7.577097171214762561e+00 1.084652912324718272e+03 7.575397576630884089e+00 8.746466036168074609e+00 5.354230039069531131e+02 7.097919567733010808e+02 5.065010885815159725e+01 4.137880053825298887e+01 1.555242173155981220e+02 4.068709498779663392e+01 1.130397425389410728e+03 2.214847930625613581e-01 5.975860862797179873e-01 2.005558006961450133e+02 3.271991174280098562e+02 4.531479311192140358e+01 4.161458470445602131e+01 8.622017792366956428e+02 1.593169265146207714e+00
0.000000000000000000e+00 1.055958064984748489e+03 5.777220977026155424e+02 3.479298210940224862e+02 0.000000000000000000e+00 1.277668131966621331e+03 8.582418737234908122e+02 1.440047221451246173e+02 3.121977781130668372e+00 7.538614052302566506e+02 1.235365621747705660e+02 6.430388567713704333e+02 6.284313777039587379e+00 5.607111634701344656e+02 0.000000000000000000e+00 2.880199363129760854e+02 9.448722544521153850e+02 1.254902641682828879e+01 1.452149475409773686e+03 1.344021893504059562e+03 4.986504523547002918e+02 6.929330058739230358e-01 5.103440657934191549e+00 1.662647188091190609e+00 1.320677350589583909e+02 9.125983819383509399e+02 1.109413806475229194e+03 0.000000000000000000e+00 4.439247420109301174e+02 9.919383427927376715e+02 4.089174729677037590e+02 3.485129159532456811e+02 7.477627994278503998e-01 3.160689781317817942e-02 3.086527488611764611e-02 4.476382868618202906e+02 2.084631323894138575e+02
0.000000000000000000e+00 0.000000000000000000e+00 3.702268558958290896e+02 3.305800309679279394e+02 5.081467343510519186e+01 9.166085144014301704e+02 9.785766413443735701e+02 8.653326948577569055e+01 1.303907407054404985e+03 2.694550006117949010e+02 2.940567187555637929e+02 8.749247794860730210e+02 1.764909140464706923e+02 0.000000000000000000e+00 1.530982290090231572e+03 8.077745303509974519e+02 1.028639071809913474e+01 1.243323184381922033e+02 9.176729849952700988e+02 4.949436801163647033e+02 6.651434520225133156e+02 5.869791357965023053e+02 1.526190860498060431e+02 6.361777547034827194e+02 1.691253787296344910e+02 2.207944574468836763e+01 1.041354959667701081e+02 3.576327050854800973e+02 3.703060607622551403e-01 2.184473042738883066e+02 7.248898338099483851e+01 1.515638242089461796e-01 8.545265206787843226e+01 5.097258260814527819e-01 2.675616920841498991e-02 4.658548426597922010e+00 1.538483472168287491e+01
0.000000000000000000e+00 6.221796089263821159e+02 1.094271593505566500e+02 2.614854065129963712e-02 5.896585693778059749e+02 7.517706057730262046e+02 5.924119867099753947e+02 2.673992816348701851e+01 1.553425733137648649e+03 0.000000000000000000e+00 6.188432863127857217e+02 5.820659942942448879e+02 9.003916146630191406e+02 0.000000000000000000e+00 1.602736260447533596e+03 1.397577308642665002e+03 5.938065011384553600e+02 1.147435598686809612e+02 6.465767828473336749e+02 5.975343887260047495e+02 2.607273183019278306e+01 8.064913663613733661e+02 1.294131322630088903e+02 8.806483803748202490e+02 9.248492009034081320e+02 1.059323113280384632e+03 0.000000000000000000e+00 3.039557175641987783e+02 7.317196408304135957e+02 4.505680390374932287e+00 9.887388056390517477e+02 6.551731423789548217e+02 0.000000000000000000e+00 3.222414112124512258e+02 2.898499799219292186e+02 2.518380958083755505e+00 6.115714589333501863e+02
0.000000000000000000e+00 0.000000000000000000e+00 1.144387873087818434e+03 7.694947440493641579e+02 3.816688199909710875e+02 8.650385528609469930e+02 1.014853794990342863e+03 3.895211573153910933e+01 1.173296546716093331e+02 5.893801057350424344e+02 8.137833470104919797e+02 1.410224937234264928e+02 0.000000000000000000e+00 3.613147073774671867e+02 8.535735826790681813e+02 2.838702420668767559e+02 2.958104747041347764e+02 5.744082369231509055e+00 1.692390729695498237e+02 3.136764303872919299e+02 3.074096523856544749e+00 1.565731907401745275e+03 2.356103279029381952e+02 1.547341136865860335e+03 5.115166940348825619e+02 4.631529931676715819e+02 6.431026189269197175e+02 0.000000000000000000e+00 1.054573137826876291e+03 1.083490062624710845e+03 0.000000000000000000e+00 9.745036732299945470e+02 1.180881427300391451e+01 5.664943806539247362e+02 4.089616020206689129e+00 3.966442404991248054e+02 4.537502521776239064e+02
0.000000000000000000e+00 1.178546450527250471e+02 9.329043075049560230e+02 1.447561734423365579e+03 1.092414381534635623e+02 9.729146663423788368e+02 3.148664165193660835e+01 3.163505133653471262e+02 3.241903518619101021e+01 1.256874069265196113e+03 1.089709118096048542e+03 1.612571009420061728e+03 3.657063244020157526e+02 1.796357653289816767e+02 4.960151151370204730e+02 1.734274967057528102e+03 5.358528755629054103e+02 5.787109565951634949e+00 1.224024849152320193e+01 0.000000000000000000e+00 8.822022444283021514e+02 1.897277475874802377e+01 5.251279354752859945e+02 0.000000000000000000e+00 9.087231728492939737e+02 1.218158928103876661e+02 1.030173122408019026e+03 6.400296496109403961e+02 4.258299915126655151e+02 1.409954404016563467e-01 4.034767734661680265e+02 1.055258012596212666e+03 1.822466654489438440e+02 1.257866989459109391e+03 4.107114772144601744e+01 1.344514425796924595e+00 1.266503049120261494e+03
