output/example_1/lateral_incision_000482.asc
nrows	75
cellsize	13.33333333
xllcorner	0
ncols	75
yllcorner	0
NODATA_value	-9999
[rows 17 to 33 of 75, columns 37 to 73 of 75]
0.000000000000000000e+00 1.393486693901029696e+02 3.067696666983987939e+02 3.597731846360940722e+02 1.163965069086093678e+02 5.372316850665459498e+00 1.750626511659240805e+02 1.096016069758572087e+02 1.729757873460988264e+02 4.126294807259747017e+02 1.136989694669180437e+02 0.000000000000000000e+00 1.584832037136403358e+02 1.744398433220359721e+03 2.393830228068809518e+01 1.229342903373861645e+03 3.078401891112015960e+02 4.619005488494291853e+02 1.323780663206672671e+03 3.641176458671580463e+02 5.216029814304191348e+01 4.404766508523814394e+01 3.067580106347587332e+01 5.200709985762543965e+02 2.252900142541704156e+02 4.461430780661673623e+01 2.314048538150957768e+02 3.369216095013391623e+02 8.906709328599204412e+01 1.066109653458836647e+03 5.782359749632240664e+01 6.111496006645784718e+01 5.074021358127430972e+02 1.478034682789317742e+02 1.485215819774745114e+03 1.293309920004356627e+03 6.274207295553067070e+02
3.098286579951454200e+02 3.003295801000852361e+00 8.436744107433433726e+00 4.013867288705696410e+02 1.297079653746887118e+01 1.218855982529738640e+03 6.415812603947298385e+02 2.960395167524175690e+02 1.179896359772018428e+02 7.031626587902227357e+02 3.775920461710972518e+02 1.509203765328518632e+00 1.054610974969695008e+03 6.159535839674549607e+02 2.544870922003662486e+02 8.239062843615449765e+02 2.684740073305702595e+02 4.155080527874335417e+02 3.552956260200988936e+02 4.903139004305502908e+02 6.212089072381550068e+02 3.775269016252648271e+02 8.209930864558037911e+02 2.934575477475307448e+00 7.051980422883950723e+02 6.462275636407156298e+02 1.140646742301265562e+02 1.209531315463805612e+01 2.257453676928381781e-01 1.395224283541615250e+03 1.312063020513103972e-01 5.358520639783221213e+02 3.205577791954774511e+02 1.612546255793629825e+03 3.745335632487742714e+02 6.865977118705553721e+02 1.067139814352330859e+03
4.051943494257541190e+00 9.491254974241428499e+02 6.959724851433292088e+02 1.879709568495762255e+02 3.506885413931426498e+00 1.506378511563595524e+01 1.086031197493009586e+03 1.487110778304673886e+03 1.247819658325744058e+03 0.000000000000000000e+00 3.104282621555881292e+02 3.040414103952401774e+02 6.738802562074056368e+02 5.468435410830817318e+02 1.839310217883684970e+02 2.115449690399386995e+01 2.144235446089274149e+02 2.008327508602993987e+02 9.705643923313886035e+02 0.000000000000000000e+00 1.919212561451020633e+02 4.820842307278191186e+01 1.518981206649309115e+03 5.893749837472712194e+00 2.364269262919799885e+01 7.391736237910672571e+02 6.042293682626734608e+02 3.917838024580470035e-01 4.039663628825285874e-02 5.807634047540292954e+01 1.659385115292705450e+03 4.272991849149711641e+01 9.409507937197230376e+02 3.411487916019745512e+02 2.983985823427023547e+02 8.052616627827275408e+01 4.790200134614507554e+00
1.083720175444234286e+02 1.051203217219944463e+03 1.281091178314686204e+03 0.000000000000000000e+00 4.960492739560326640e+02 1.176586474667455349e+02 1.265016947915576964e+02 1.355343602385596000e+02 5.744654616551780464e+02 1.205804115124469263e+03 3.259281949004392231e+02 2.771434366048853235e+02 8.860143041722382407e+01 3.003127381989399396e+02 4.400335426473879430e+00 3.114405586977771634e+01 1.479214236538970226e+02 3.290426836711851433e+00 7.887353339982062153e+02 9.506755519748860479e+02 7.652223876689138251e+02 1.123746255469546668e+03 1.847375990180183294e+02 0.000000000000000000e+00 0.000000000000000000e+00 8.440810178680929710e+01 1.353571263584172357e+03 7.939744365657104481e+02 4.252252422068028181e+01 5.265517922582457686e+02 1.074504717889774838e+03 6.603974249092989623e+01 4.015385671135730377e+02 7.809066439579684271e+00 5.632181025459276347e-01 5.170752113157201393e+02 7.369800370810048662e+02
7.593900555101450891e+02 2.815515562125523275e+01 1.111772505071136038e+03 1.480474907952205321e-01 9.573303160029354331e+02 7.654579314718878322e+02 1.255905140888140750e+03 2.166556797696632231e+01 3.018982729063335668e+01 3.582239129352905707e+02 4.652951378817695627e+01 6.651020634372104041e+02 3.411702611141662942e+02 1.510650690635226567e+02 4.102320470128886996e+02 7.791465355456230668e+01 4.390834704946790907e+02 2.910154965901140827e+02 1.251562865657277541e+02 3.449707268226128463e+02 6.271636973115238334e+02 4.548362360354673797e+02 4.755241883091335922e+02 8.580217639742620861e+01 1.174611589582784291e+03 1.699151806184445377e+03 1.696046981541809373e+02 4.482759948517739872e+02 0.000000000000000000e+00 4.731175312186320508e-02 1.612366826951575263e+02 3.231108688519972816e+01 5.100186658227521548e+02 3.004298010429272381e+02 9.862999512511526063e+02 1.044053047364913482e+03 9.021522234514419551e+02
8.914385596073841498e+02 8.181460750920697933e+01 2.109919017694205223e+01 1.266771821390731930e+03 0.000000000000000000e+00 1.331849524793739874e+03 1.542272266180760312e+02 2.813864725084634983e+02 5.736014138596200382e+02 3.477251678635740291e+02 9.040965128550187968e-02 1.305747780444582133e+02 1.916616259726363580e+02 5.183211235387793749e+02 1.164072900674344879e+01 8.957631034797885832e+02 6.292876033817740300e+00 1.327751323463298604e+03 4.533142919049740840e+02 7.193731854923711353e+02 8.773082469577548181e+01 6.488947432755658440e+00 1.915446724029566212e+03 3.622586261861818002e+02 1.979974048905561403e+02 6.645675957358662345e+02 8.080773422202130405e+02 9.087059915765446476e+02 1.203657795984355849e-01 6.695258881137179685e+01 1.053520078901349279e+03 1.101552315457842113e+01 6.835285317079258220e+02 5.495087249336525481e+00 8.610135247729641605e+02 1.325164988786916922e+02 2.750411568388324568e-01
3.718346284547055802e+02 8.248249877316918344e+01 3.434261594528227306e+02 1.626656748754611044e+03 5.850141134925764845e+02 2.569287508083867806e+02 1.856542156549737976e+00 2.478999332299025582e+02 5.000490594174135026e+02 3.047981941317847827e+02 3.798307962791318459e+02 1.174232424207779069e+01 4.428391604492504712e+02 6.512557169806224522e+01 1.597884815402987670e+03 1.423998655501629628e+03 2.482242521590344211e+02 4.794890769859101738e+02 9.633029094058048258e+01 6.680557829488844579e-01 1.112467693313925992e+02 1.968260139060009184e+00 1.213144237906978562e+00 3.337742487504845030e+02 2.405238366245073145e+00 9.366198722823513378e+01 0.000000000000000000e+00 9.067146416932603259e-01 7.547898483783413894e+02 7.490627465940106333e+01 9.235650347317676534e-01 7.987840536456304790e+02 1.345285254293105709e+03 2.051388252934540617e+02 3.844553539162078550e+02 4.853064639020161621e+02 3.519473109493328700e+00
7.110658727435690274e-01 4.617968763064609448e+02 6.448922080312978267e+01 0.000000000000000000e+00 0.000000000000000000e+00 1.266219313246794442e+01 6.638964108104875095e+02 3.356572785016766147e+02 3.553128711528911481e+02 9.079465550446995437e+00 2.154477279747298724e+02 6.719011616870434409e+02 1.273001784774707630e+03 1.023772748728938495e+03 5.241343412519902500e+01 4.509471467994403042e+02 2.774206159389446480e+00 4.707207161669284119e+02 3.539977147440691141e+01 1.177833213462501135e+03 1.479766304742759644e+02 9.904578090477938304e+02 3.395787611107506905e+02 2.915862796682159086e+01 1.080471987772810735e+03 1.172277775232172417e+02 1.124245048706151238e+03 4.723894883142883145e+02 1.523610678995161834e+03 3.279645650550067959e+00 1.647799528980411878e+03 3.991870549833310520e+02 7.190323924957509405e+01 8.298041531191733711e+00 9.350565377065986183e+01 5.778561667854211947e+01 3.425406978866388954e+02
2.022155303060273184e+02 2.058931742869986259e+00 1.726182445498410378e-01 2.307680054686043150e+02 8.063897002024310723e+01 4.976196234374797882e+02 4.963468365820756389e+02 7.731374093077834964e+00 2.986283341548707071e+01 4.747813812323175284e+02 1.318024023057822944e+02 4.842150205193712509e+02 4.125950324539516032e+02 1.194245137032358571e+03 9.873437090824789948e+02 5.292834428945639047e+02 1.535337456755649725e+02 7.071122539236923785e+02 1.113162720549504911e+03 3.228614880440989054e+02 2.522908757456311832e+02 9.575733731550924404e+02 2.652983432145892380e+02 2.833696505853262124e+02 1.846311321024188885e+02 3.636297589359073186e+02 0.000000000000000000e+00 0.000000000000000000e+00 0.000000000000000000e+00 1.497530211472281053e+03 1.119322834955905392e+02 1.635549152794687018e+02 1.546598079087611950e+03 1.182891657651575770e+03 8.994917056933445565e+02 1.119179934216803986e+03 1.398203581575818362e+03
3.228851135072976319e+01 9.003927013518086824e+02 3.498560679380932470e+02 3.229885164065704544e+02 8.057578343471957396e+02 7.465490816593952417e+00 8.219071726697673057e+02 6.004337381298482512e+01 5.804264467453881480e+02 4.693410845958642881e+02 1.436543217381954491e+03 3.448299185013482315e+02 4.176334346174656389e+02 4.610726175595775089e+02 2.905331641190915359e+00 8.687955636603815037e+02 1.559212663863327242e+00 6.708776320610844550e+02 5.930705969497885235e+02 1.236343182385329783e+03 0.000000000000000000e+00 9.510238457616192420e+01 2.525760554024825808e+02 6.340341117340426536e+02 3.979680712615127050e+02 2.354785975190398233e+02 8.736023008007927046e+02 1.634539730096979156e+03 8.124933455149858652e-01 9.988822067305536621e+02 0.000000000000000000e+00 0.000000000000000000e+00 2.478363731548286353e+02 6.696099754049324702e+02 1.324711219235411136e+03 6.445665491734543195e+01 1.389772432707364942e+02
0.000000000000000000e+00 1.226092277359044601e+03 1.033363433158432656e+02 5.799490873143196268e+02 1.782528888740738182e+02 3.735361786330769860e+02 7.222932713255008821e+02 3.055682997936239076e+02 8.480890623428348363e+01 3.311880834261025370e+02 2.381942869862060945e+02 1.058274940892820496e+03 6.519410805977048540e+01 8.370785433026645705e+02 4.396450025705461506e+00 1.706458959579906605e+02 1.342925202898858288e+02 1.162421876181776952e+03 3.485408723297384768e+02 5.722654858278430900e+00 1.409361746943621483e+03 1.129924539343504875e+03 1.220779431644191391e+02 2.992753105290654858e+01 0.000000000000000000e+00 7.706239203830269844e+02 6.582909522024737043e+02 5.059150880739771878e+02 0.000000000000000000e+00 5.690715581656036193e+02 1.149187704956541211e+03 1.125882432996847456e+03 5.548317128764161907e+02 1.137877348041757699e+02 2.183327615056850135e+00 6.981942607835746912e+02 6.277083263582162509e+00
2.992803225313502580e+01 1.290797910570951444e+03 1.510271386311045294e+00 5.837362947572202074e+02 1.774237231009341542e+02 1.218126076427360402e+02 3.727164929714696768e+02 5.928787401848877607e+02 4.743010992641325174e+02 0.000000000000000000e+00 5.174576589086657741e+00 8.258753673989010622e+02 5.532082258659897889e+02 1.322506160924593246e+02 1.378276493478429074e+03 2.361430330862980487e+00 1.214098879914676218e+03 5.830835263818373733e+02 4.873076087565601711e+01 1.164054669913560929e+03 5.930705969497885235e+02 1.922471112234551640e+02 8.283669639774458915e+00 4.982853601851999201e+02 6.884024797695660425e+01 1.896359212024499641e+02 1.044885306526695103e+03 2.477357497817603171e+00 1.610919698895527290e+03 1.151712793376751733e+03 7.346855084557942064e+02 7.301547123813272719e+02 7.862878229023808672e+02 2.525694568742310508e+01 8.794666078886235638e+00 1.898933659874791999e+02 2.100949078497638993e+02
1.112396573954351453e+02 4.054794254182554880e+01 1.132119192774995099e+03 7.203687274464385837e+01 2.166877465155898719e+01 7.277056407829924183e+02 5.673082146430598414e+02 9.956811760588378775e+02 1.180539205620324879e+02 4.537985812783215778e+01 6.270265293802956421e+02 1.039491718556914135e+00 9.175967749781616476e+02 1.904098368393434612e+03 8.986492928749797784e+02 9.527908033686425142e+02 6.040935572952541577e+01 1.507967333966036563e+02 7.979052544546010495e+02 3.564596384667970028e+02 7.558724175764419897e+02 6.132758795503482361e+02 0.000000000000000000e+00 3.154813806060827801e+02 5.389299363069600304e+02 2.851506063424701551e+02 1.478497873779550957e+02 1.208975359339098388e-01 2.831323942435818140e+02 3.081045218935656749e+02 6.158539597345599503e+01 2.556401373893113158e-02 3.645558249187041522e+00 3.504043924932680056e+02 3.401878498528852788e+02 2.080626417468885450e+02 2.690746994075848608e+00
1.596006803077644634e+02 1.425680427389321210e+02 7.915871361410344775e+01 7.074734569630647911e+02 2.962391507806827029e+00 2.781833755113787953e-03 7.137723874553375936e+02 7.851159504909089870e-01 1.082766468409852356e+00 9.340941668750861737e+00 1.699553033449985378e+03 1.573200222458021017e+03 1.384804679131842464e+00 1.177664016986640036e+03 1.144684466827530400e+02 3.021450583937136685e+02 1.852418100334473072e+00 9.788741775953731121e+02 4.592660258419943631e+00 6.029867763839955614e+02 6.591274867304059626e+02 3.211778070018626750e+02 1.002524536788915732e+01 8.236724026413485262e+02 1.093925881699986576e+03 5.043104171005552416e+01 8.216365879322800083e+02 4.435200389704314716e+02 1.027403428332233482e+01 4.799201035971179294e+02 9.198656134109208438e+01 1.388168210071509066e+03 4.893855648696722369e+02 9.604611842475904950e+02 1.661517012209538677e+02 1.368783719766264994e+03 8.684763785944616075e+02
1.823069618416475066e+02 3.027149328313832322e-01 1.828067352098190383e+02 2.139818162436565103e+02 9.648147146627058746e+00 0.000000000000000000e+00 9.858809609199495299e+02 3.293275662272184263e+02 5.443140572059350006e+02 1.188058449183343583e+02 5.100248218775286659e+02 0.000000000000000000e+00 1.064083948042791008e+03 8.730217990516946358e-01 1.496442319494474759e+03 1.911280113215131848e+02 9.050133761293436407e+01 1.571159896661135917e+02 4.119487164496049303e+01 1.624639067510809980e+02 1.067599020432177213e+03 3.495759519046209221e+02 1.763605805835208571e+02 8.112266318506421214e+01 2.397269631558331671e-01 1.806844188821965815e+02 8.045584385605682201e+02 0.000000000000000000e+00 6.436991337509923028e+01 8.037416446548492632e-02 7.474450570753000420e+02 3.698680371757213692e+01 3.839912877925875989e+01 3.709426924891407396e+01 4.774677130822768678e-02 1.114210836760810707e+03 1.631590163414718830e+01
2.304054451708750548e+02 1.321063310448721268e+03 2.623075322588162521e+02 0.000000000000000000e+00 4.719295432664446821e+01 1.130912711357257422e+03 2.059730113992563929e+02 1.233458489760960902e+03 3.167481527050742898e+02 7.150817442495882849e-08 3.759740838338700541e+01 3.247035580482247497e+02 1.563671716410570525e+03 5.896735651618655538e+00 1.598118295989299440e+03 7.901350870832251871e+01 6.526664912523403927e+01 5.583280520348503639e-01 9.270458025539217033e+02 2.927098020481574849e+02 6.775994133752191146e+02 1.063186272040287577e+03 2.790907606952099513e+02 4.332284045184066485e+02 1.092502739097610345e+02 7.548351715138704954e+00 1.339686270810232998e+02 1.375771418551146326e+03 1.199877709149533985e+03 6.705813006624232742e-01 1.561301373895077404e+03 0.000000000000000000e+00 1.866362024766001468e+02 4.265766594692486535e+01 5.185935390131834311e+02 5.843161889056249336e+00 7.130989106495818532e+02
9.091792985106663139e+01 1.045747191916165775e+03 1.888315711987315808e+02 4.787313510493604873e+00 0.000000000000000000e+00 6.355270151740294295e+02 4.442337495933215905e+02 1.544492678645491957e+01 1.436569984674245688e+03 1.746916865554825904e+01 3.107539610950808395e+01 6.684912756144562991e+02 8.069121240318431774e+02 5.854696077757485000e+02 3.609468694225725915e+00 1.781382542379262077e+03 1.592530551667973441e+03 1.084225741658596235e+03 1.106654687426181116e+00 1.464858258767006021e+02 7.610799088853717365e+01 4.309061499975887841e+02 3.101140764487326340e+00 6.344765456619003317e+02 4.368465460660249278e+02 1.179942554533043221e+03 6.597363895881205735e+02 6.662177124266872852e+01 8.740079935349241680e+01 6.067342032654026163e+00 5.369157310123700881e+02 1.092113111541377293e+03 2.460556133457094745e+02 2.541535244046952755e+02 4.559570321061438847e+01 1.463739219124391866e+03 6.467673198424163274e+02
