output/example_1/lateral_incision_000115.asc
nrows	75
cellsize	13.33333333
xllcorner	0
ncols	75
yllcorner	0
NODATA_value	-9999
[rows 0 to 16 of 75, columns 37 to 73 of 75]
7.502961367587193805e-04 0.000000000000000000e+00 4.020924072664800331e-04 0.000000000000000000e+00 0.000000000000000000e+00 0.000000000000000000e+00 0.000000000000000000e+00 5.525900172972106512e-03 0.000000000000000000e+00 0.000000000000000000e+00 0.000000000000000000e+00 0.000000000000000000e+00 0.000000000000000000e+00 1.935879317804396393e+01 0.000000000000000000e+00 0.000000000000000000e+00 3.425551552103070208e+02 5.182151061805500376e+02 6.608149284318060381e+02 6.737363233089738834e+00 0.000000000000000000e+00 8.373528799268053717e+02 2.170076602411976694e+02 3.876115161606607558e+02 5.022033694440563067e+02 9.270076761518872388e+01 1.640646817504415651e+02 4.971400586072146629e-06 0.000000000000000000e+00 5.267006942434419869e+01 1.048169385794283137e+01 7.794786057581508387e-02 0.000000000000000000e+00 1.171760928489934850e+00 0.000000000000000000e+00 3.252369639585878103e-02 0.000000000000000000e+00
8.344274098723484485e+02 4.235891705559774218e-04 1.091569533275524926e-05 7.771492738903650332e-01 8.886677204738994078e+02 2.187232938564293079e+02 3.099353584313910233e+02 1.015736561591079408e+03 0.000000000000000000e+00 4.743027464626772875e-05 4.176715417706570399e+00 7.168072768485164943e+02 6.919267812620310565e+01 1.194476168994877526e+03 7.915542262496037438e+02 4.247873396283242187e+02 0.000000000000000000e+00 4.300979854047875506e+02 4.720541486184571056e+01 1.235549216767061580e+02 8.426896703049125108e+02 3.044346059267640499e+02 3.384432035959671339e+02 4.045331194539568287e+02 1.615479656482528696e+02 5.783873757046172841e+02 2.881097297044419747e+02 4.997301163959649850e-01 3.174979991003321089e+01 3.595333971346759938e+01 5.764757463916935443e+00 2.487637871268244396e+02 1.611382931317651355e+03 6.947543909288482755e-01 3.993110351792323058e+02 7.969350146859470385e+01 8.903248415216261646e-01
3.862858826450990364e+02 1.178872824089184633e+03 2.924029328981738445e+02 2.051163215024900239e+02 1.068845688463488983e+02 0.000000000000000000e+00 2.718398377122603051e+02 1.813717538158776108e+02 1.159688912971553691e+03 2.111543375011760872e+02 0.000000000000000000e+00 0.000000000000000000e+00 8.518102346451436802e+01 9.414759950401686694e+01 1.941469054404772692e+02 2.161941446348847649e+02 3.892368086059637022e+01 4.976839434198218015e+01 3.534567988672111483e+02 8.794815961761852918e+01 1.533503460308393471e+02 1.428545653300117237e+02 4.383382251714551785e+02 4.707205520070255602e+02 6.550921173228508678e+02 1.182819349910270375e+03 5.171545627821061686e+01 9.913883701980952310e+02 8.354616973732782981e+01 1.199687830644514186e+01 0.000000000000000000e+00 2.047214246829275339e+02 1.582375079106954217e+03 8.087122044828366825e+02 1.182405898695343716e+01 4.978219887990764647e+01 1.400747555016557726e+02
4.621107258288007813e+01 5.696712872042354547e+02 8.606386839491303817e+02 9.606068937658036475e+02 5.952890610118223549e+02 4.768895696691548665e+02 1.534544611298191512e+02 1.489483841584036327e+03 6.052576652179167382e+01 0.000000000000000000e+00 1.849762546403399881e+02 2.978497060321597587e+02 8.026583262811371355e+01 1.505051408954228464e+03 4.355230900169761412e+02 3.424799910174472757e+02 5.315856579495557526e+02 3.433579640420033456e+02 1.617119187640521716e+01 8.856232863844812755e+02 8.095796906244178217e+02 1.294746114271806391e+03 2.011026404250188762e+02 2.093991418814525218e+02 6.931506135860496443e+02 8.914187947117216027e+01 4.405017555986042339e+02 2.904203847018810052e+02 0.000000000000000000e+00 5.519589059649540985e+01 0.000000000000000000e+00 1.075438649868523271e+03 6.829035525541368723e-02 6.531014541660306350e+02 3.925131835496189296e+02 8.916753226215828931e+01 9.693405580462305693e+01
7.565730648796821924e+02 5.282727536719020236e+02 5.353621289838738448e+02 0.000000000000000000e+00 3.453849427569004433e+02 1.438784215813394383e+02 2.844104564766838621e+02 1.603913953748655331e+03 1.002014011174415486e+03 1.692025290816867482e+02 1.412394052112839290e+03 1.359187739374221792e+03 8.009995715272158350e+02 2.997392186927516278e+01 2.637637724269458204e+02 7.304650449049071312e+02 1.016094457841676785e+03 2.795702361213753875e+02 1.950038023466827894e+02 0.000000000000000000e+00 3.828809779143789456e+02 1.932511164875292934e+03 1.031747775298576926e+03 7.628973628739470314e+02 1.166721561727353418e+00 6.952356490758010068e+02 1.422015611306689834e+03 2.998121032466513114e+01 9.788449671221290771e+01 1.291814742137457017e+02 3.068565726328174748e+01 1.177401434527053652e+03 7.376157525414050724e+02 2.857605821002887296e+02 9.299596367527725249e+01 4.591422405240089688e+02 2.754140135307013182e+01
1.151540276261105873e+03 6.859352069225670903e+02 4.741983709287686111e+02 1.847207676737033069e+02 0.000000000000000000e+00 0.000000000000000000e+00 7.103380046594550379e+01 9.116757727641034137e+01 3.010691212719619614e+01 6.924798911498169218e+01 1.752461639081425915e+01 3.219708111151786767e+01 7.518965793155092570e+02 2.048339000943126109e+02 1.282444326628875046e+02 4.349953986752732362e+02 1.149465048692879634e+02 2.623959512865880015e+02 2.558563063049448942e+02 6.381240475829271190e+02 1.039716580265037464e+03 1.466799724243907576e+03 6.034593275585596217e+00 2.035241309624865949e+02 1.371037108206509814e-01 2.842022404197215337e+02 0.000000000000000000e+00 7.166504518125628920e+02 0.000000000000000000e+00 9.484165710205651578e+00 1.388901402146616032e-03 7.658431867271126521e+02 8.952136537956830580e+02 3.670161731188600243e+02 6.835262658030185179e+00 1.065694450881026796e+03 4.306511369075060713e+00
1.322132860622865337e+03 1.200150507549958775e+03 3.759523808943123981e+02 1.579208241734811054e+03 2.979655109553441861e+01 8.502441330575890106e+02 2.493715882343616101e+02 3.771703642318687457e+02 1.098212176572909129e+03 5.421870101752914479e+02 1.525911760884429782e+02 6.867203764680490394e+02 6.157618127627283222e+00 1.483823807819900331e+01 0.000000000000000000e+00 2.165585958744594208e+01 4.423182325187003698e+02 1.796691821298138336e+02 1.122767665928527947e-01 1.161561825599090838e+02 8.866248677585080173e+00 3.306261264884595903e+02 0.000000000000000000e+00 5.870420059060312923e+01 8.912598191850007652e+02 6.050057228357957229e+02 1.015680441144214797e+03 1.958178329773124782e-01 3.055110593105530015e+00 3.619879875779796963e-05 1.097052352771375126e+03 2.860607631213094351e+02 0.000000000000000000e+00 1.625915749820221663e+02 6.998773936779145721e-02 0.000000000000000000e+00 1.749674871282517188e+02
2.819819694087963171e+02 4.189373635427314184e+02 3.760390057640290706e+02 9.439876786969333411e-01 1.709669762539235762e+03 3.497828571823622497e+02 3.898257513119629607e+02 5.762376858913763726e+02 1.743630578564300260e+00 9.763794960785205603e+02 5.390980407140386887e+02 3.533796966510273592e+02 7.216078728923541519e+01 7.867644886789514658e+01 5.135041928795708088e+00 1.287874344964897944e+02 6.922375778270976809e+01 5.245850808296593186e+02 5.139813613823813512e+02 4.644853937391412160e+02 8.852613080556939167e+02 2.394455832807062734e+02 9.797030996468746480e+02 5.339279848445097620e-01 4.278356737973265354e+02 7.995638157612904706e+02 3.956514108640755012e+02 2.156571085058595258e+02 1.765707582987565729e+02 6.760268592703508883e-01 5.990863204205355714e+02 1.424911645953643529e+03 3.854191801502165049e+02 1.173473904661655212e+02 1.364582617100071957e+03 3.622688749832634016e+02 1.783244328197044481e+01
6.881975549357787258e+02 1.385733511571161671e+03 0.000000000000000000e+00 0.000000000000000000e+00 1.595489584350237465e+03 7.238454627027248023e+01 1.018142870894136649e+03 2.060094986995008526e+02 9.290731745340139014e+02 1.025758617832087660e+00 2.362380813120525147e+02 7.214445036676016798e+02 2.983801965685133837e+02 2.313198456258387381e+00 1.657325962684597087e+00 3.985352531743867530e+02 3.611580268667045743e+02 8.308822344619757132e+02 4.532763979244639927e+02 9.741417838273183634e+02 3.938999905608771002e+00 6.258302006752861644e+02 2.761764707934282725e+01 7.287948600465437039e+02 4.083958166108507370e+00 9.793555022447886813e+02 7.019988172163989759e+01 5.128100194192998060e+02 1.329916997382190402e+02 2.436172883681510726e+01 9.171733465356512625e+02 9.828399628222099409e+02 4.146307975706113211e+02 2.005573948511890858e+00 6.595152991213487894e+02 4.368809237596461799e+02 7.030134016905831231e+02
1.391325765722592905e+03 3.784262325491120904e-02 4.900579986786053723e+02 0.000000000000000000e+00 6.118779654402802493e+01 1.696679489642165436e+03 2.264209966879910496e+00 0.000000000000000000e+00 8.404806413441095856e+02 2.390362992458067879e+02 1.010617895248308855e+03 7.109899562861667164e+02 3.079369493674773395e+01 1.973722262429991758e+02 6.371329441775437772e+02 2.176143523472832086e+01 3.699987943061510123e+02 2.939239537359000565e+02 2.356154079991273353e-01 3.418377821488953714e+02 1.274932737939414418e+00 4.352065171215324568e+01 7.555774427313648456e-01 7.806383971726132813e+02 1.631423254162851208e+03 1.410342419422102012e+01 4.746221050368304617e+01 1.362404570807470691e+03 8.562871309943679421e+01 7.614289596900673587e+02 1.043320841353281310e+02 1.640410287293454530e+03 3.556596188023285521e+01 8.102072653721617144e+02 8.438632622911163139e+01 0.000000000000000000e+00 1.935922238219421332e-01
4.675288576478882163e+01 4.436504813640443103e+02 6.912379971414501370e+02 0.000000000000000000e+00 1.604319825188635150e+03 1.800898106061049475e+01 1.274349874312601827e+02 4.449355892151370426e+02 1.754228894976335198e+02 1.248011887891490090e+02 1.654853524752670424e+01 4.843461491802573846e+02 6.369816299653099350e+02 1.043219318038576127e+01 1.190494957937516176e+02 0.000000000000000000e+00 0.000000000000000000e+00 7.231411334447518584e+02 1.640566465276174313e+01 6.663362575629873845e+02 1.478550754058341710e+01 4.159826763302945665e+02 1.943070241613032749e+02 1.513622102595336173e+03 1.264043823180401660e+03 8.010846189569773514e+02 1.611037680277092043e+00 1.073829165578692255e+03 2.419699130811091436e+03 3.033051654755980167e+02 7.343488487431868350e+01 2.269293298647772517e+00 3.509001568491550671e+01 1.442218766026010826e+03 9.724483702789490280e+02 1.579516078799767001e+03 4.182937608832000365e+02
3.001726358330858435e+00 7.885589665804054675e+02 2.434653767735146346e+02 2.208318255845237275e+02 1.494953143227908640e+03 6.403140180736530738e+02 9.596727946687883559e+01 6.615905905335240789e+01 1.571676735672639893e+02 1.381985814529113288e+00 6.341776142331629984e+01 5.414564672876917939e+01 4.310202052424066466e+01 3.716857315090224745e+01 6.384586449700423145e+02 1.262825976181852639e+02 1.800038159983732839e+03 1.052966671993103091e+03 6.456796858962053420e+02 2.319241241671770037e+00 3.240181815632045641e+02 3.248744760631387152e+01 4.998863541711203311e+02 5.511293480357132921e+02 2.220555578749064196e+01 1.653321616229185338e+03 7.510415683996810685e+02 0.000000000000000000e+00 1.417293878025251388e+03 1.038085099047584769e+01 0.000000000000000000e+00 2.096237493244195207e+02 9.482470005929536683e+02 1.156571348697055583e+02 0.000000000000000000e+00 1.756507665684217301e+01 6.105833538415428166e+02
8.319931591820159156e+01 3.886477566663615768e+00 5.679922427771834919e+02 7.601117939609783889e+02 1.328276689060334377e+02 1.487512705714676940e+03 4.555231430120914382e+01 1.712168880773308217e+02 5.212831836619582191e+02 1.030847202707595898e+02 1.407011278239136800e+02 1.870243755998038271e+00 8.051613560955679532e+02 1.066307086922616421e+01 0.000000000000000000e+00 8.829665851896243112e+02 1.682624019694018500e+02 2.210002158650273145e+02 0.000000000000000000e+00 1.109098358988305336e+03 7.604519347382308752e+02 1.249765335242011233e+01 1.083449177822839005e+01 1.015031169760063179e+01 2.995787058657738839e+02 8.146423133715363747e+02 5.590660570546061763e+02 1.276999699113312545e+03 0.000000000000000000e+00 2.568598216382420674e+02 2.409449109869325127e+02 4.754214634368770476e+01 3.348656914276575094e+02 4.500804364371824704e+02 2.428096898473335443e+02 6.967531438633046719e+02 2.537688820865811863e+02
1.518323095814827184e+03 1.564022120186609982e+03 2.459331189888033293e+02 4.491134002403024539e+01 9.236189230832451358e+00 6.787613883702654221e+02 1.438500401826001962e+02 1.043113598843162436e+03 4.021625131863647198e+02 8.359661857665983007e+02 3.489555452204533026e+02 3.226889661814419696e+01 6.157295857436684372e+01 2.405903477914601183e+02 6.109498647089952783e+01 7.422589356055189000e+02 1.192960775136807115e+03 0.000000000000000000e+00 9.429552647299893620e-01 1.416528497518117092e+03 6.090733386082486049e+02 3.868593975448783340e+01 4.718347842637776353e+02 8.853838722141787798e+01 4.890797288331269783e+02 5.071881822809544360e+02 1.114804468521425406e+03 1.247440413230137437e+03 4.435654053355966298e-01 3.142718294694173551e+02 4.270186549715173641e+01 0.000000000000000000e+00 7.933159236066417179e+02 1.113561857548559374e+03 1.231375725097977636e+02 5.530907423629115556e+02 0.000000000000000000e+00
5.684249393734057776e+02 6.569636432322705559e+02 2.960861363707572025e+01 7.469234610526984852e+02 3.677881378597344913e-03 5.390319930011355609e+02 9.315107158080991212e+01 4.381063826940041963e+02 5.069686648441237367e+02 1.089862238892967561e+01 1.154443145996822153e+02 4.047187482805335321e+02 0.000000000000000000e+00 7.732957189545758281e-01 7.899131116660571479e+02 2.146496550957616023e+01 5.506374263628882773e+02 5.921176712169699385e+02 1.432637145084352596e+03 5.659260678027000324e+01 6.459508635613831302e+02 2.611690779394240636e+01 5.070448233534061444e+01 3.421764114391459088e+01 3.656442841084469819e+01 5.244607298856158906e+01 4.949449587450721992e+02 3.845120571674618759e+01 2.318693796714433042e-01 1.116902175100779004e+03 1.310969985434801856e+03 1.516913759916196369e-01 1.064081285403801536e+00 1.191434816469586977e+01 3.746966677068536455e+02 1.015444140417176655e+01 4.411292751818149394e-01
8.789741914166495462e+01 3.739097566122211447e+02 2.107101591209830644e+02 7.416059068802555885e+02 2.916967497374869822e+02 4.648917714184050283e+02 3.731577739073547377e+02 1.697431612954574476e+01 1.325686968485639909e+03 6.558167256170113202e-01 1.072713305977001028e+03 8.554383535978423714e-01 3.945795610638862740e+02 8.092915597266271561e+02 0.000000000000000000e+00 8.281487966616674612e+02 0.000000000000000000e+00 3.145217116862169746e+02 1.264369843743605998e+03 1.898769198032753707e+02 6.978950733576565035e+00 5.377825162628315780e+00 3.133838416351641172e+02 0.000000000000000000e+00 6.091386287094289855e+02 9.590418664468679708e+02 1.372774329495275651e+03 4.473753371583752170e+01 1.423480832162146726e+03 4.657826526395795668e+02 1.020825173735685325e+03 1.649563526611558700e+03 8.864814298726017796e+02 8.897229223428979594e+02 7.733104832619104307e-01 3.210024384738510150e+01 0.000000000000000000e+00
1.402792322842197015e+00 2.945551511444643324e+02 2.315206888277439532e+02 2.710893812765299913e+02 1.256342643194292805e+03 7.895521530984467518e+02 4.070904505353235550e+02 5.827813308276287216e+02 1.046035892003348948e+02 2.891155398149093685e+02 4.281821967657554069e+02 1.575292183570609495e+03 3.331475545322191465e+02 1.931661689847913310e-01 5.911126356863087850e-01 4.293300788037641951e+02 4.643902739090165710e+01 2.839867573730610051e-01 2.978260225166604513e+01 3.363061973704753314e+02 3.778222183057321786e+02 1.778099143575700509e+02 1.336506170356002485e+03 1.172133332112598055e+03 6.340789314860504078e+01 8.406079583586293893e+02 4.687399453238703728e+01 4.569768759646262311e+02 3.326294772088617719e+02 2.673337660739307253e+01 1.892367209199165456e+00 7.283473884290852851e+00 1.560740607827633312e+03 8.451266988714916124e+02 5.229479861332073654e+01 1.073689197271835610e+03 7.702307054159740311e-03
