output/example_1/lateral_incision_000063.asc
nrows	75
cellsize	13.33333333
xllcorner	0
ncols	75
yllcorner	0
NODATA_value	-9999
[rows 0 to 16 of 75, columns 0 to 36 of 75]
0.000000000000000000e+00 1.240194955607018301e+03 2.217351663951700630e+03 1.217488866014414498e+03 4.915655414831697954e+02 1.380356962336363267e+03 4.059387701498345677e+02 1.237872908751261548e+03 4.903198711042104208e+01 3.932995806677859463e+01 6.425295078029544804e-01 1.194283342739616287e-05 2.638001873447476815e-05 2.026420197800674146e+02 9.138677871282839149e+00 0.000000000000000000e+00 5.412460465191597483e-06 0.000000000000000000e+00 1.430772275955948469e+00 0.000000000000000000e+00 0.000000000000000000e+00 8.214038731092654518e-05 2.132444891575236974e-04 0.000000000000000000e+00 2.231114699250212551e-07 0.000000000000000000e+00 1.467995409988723132e+00 2.394697288128030332e-06 8.592563712945595588e-06 0.000000000000000000e+00 1.059712603314569833e+03 3.069663192223030705e+02 8.480187141574913312e+02 0.000000000000000000e+00 0.000000000000000000e+00 0.000000000000000000e+00 1.548180209182953640e-03
0.000000000000000000e+00 1.647804792798454855e+03 9.062503169164626797e+02 0.000000000000000000e+00 1.132832356313924038e+03 7.427757602461898614e+02 3.490971301928058210e+02 1.529662145990265344e+03 1.716893461793959204e+03 4.901420543354612080e-02 5.896243685552930991e-01 2.663333595828128963e+01 2.075377802363997830e+02 5.245793269908450611e+02 2.889725823417339257e+02 3.131538663470167307e+02 1.871878876377573589e-03 1.315370211327804057e-06 6.431548036872198042e-04 6.299507727836071354e+02 5.742582469539013346e+01 8.763151664203197910e+00 4.623939332681852754e+00 0.000000000000000000e+00 5.704786405746865796e+01 2.232924703102273511e+01 9.662371485168516072e-01 3.058338529594760757e+02 2.664358829895895298e+01 4.542955577588178926e+02 1.258634282116500572e+03 1.755011891214410298e+02 0.000000000000000000e+00 3.655390711571771423e+00 5.044055294350693538e-03 3.315906617922359089e-03 0.000000000000000000e+00
0.000000000000000000e+00 1.024208151756585039e+01 4.619084082698916127e+00 1.096291984719950733e+03 0.000000000000000000e+00 1.435981038137136352e+02 1.301559193396009206e+01 2.148334308917283764e+01 7.493521935436174886e+01 7.332038121469664702e+02 5.812224070006558350e+02 1.108454484823685789e+03 6.065164913507646816e+02 5.504893976975737360e+02 2.135909048655435925e+02 2.660519261822124690e+02 6.137376939056892979e+02 2.466905863022910030e-05 1.372702292317277170e+03 4.463640935849444986e+02 4.441883070605154558e+02 3.348592746240196760e+01 1.101874517730523849e+03 1.439235121310832142e+02 8.258885039574514622e+02 1.518046351370595062e+02 7.787677422892294032e+01 4.200708524715395242e+02 1.420985867317392376e+03 7.384076783012537817e+02 6.116904611335519348e+02 0.000000000000000000e+00 8.738323175273465040e+02 5.198728765501588704e-07 0.000000000000000000e+00 3.830548698776343031e+01 5.988459709051742266e+02
0.000000000000000000e+00 1.717965792254618975e+02 5.702873312907865966e+02 1.866079426444667533e+01 1.222543062208744402e+02 1.058458158325974949e+02 1.641598354337509363e+03 8.370480816773280139e+02 4.194121178717367684e+02 1.128132017063769354e+03 5.644792882607193860e+02 0.000000000000000000e+00 6.342656838788159348e+02 1.328641973170104620e+03 1.640540726070736071e+02 0.000000000000000000e+00 1.244384292520185454e+03 5.944069703466882144e-04 1.306156646639007704e+03 2.401417838642124991e+02 2.374171579974274664e+02 1.103644648334354542e+03 1.344712673247650173e+03 2.855008445003288102e+02 9.719744714959738303e+02 1.553288575200077446e+02 8.154282028957604780e+02 0.000000000000000000e+00 7.950279342140376002e+02 1.006647068632939579e+02 1.162793792052501196e+01 1.609124848061886723e+03 5.402686368238907022e+01 9.408030602935713027e-03 0.000000000000000000e+00 1.652734901006946870e+02 2.428803757939811447e+01
0.000000000000000000e+00 5.860387303654498510e+02 3.262059885709404057e+02 0.000000000000000000e+00 1.467400790694220859e+03 0.000000000000000000e+00 1.082736171595856376e+03 5.420471389146952106e+02 7.545689451042371159e-04 2.876345523351163669e-01 8.240625060960857127e+02 1.724702472839093446e+02 1.376637701367961313e+02 0.000000000000000000e+00 8.836932495166664694e+02 1.060088425007069048e+02 6.247978869200020569e+01 0.000000000000000000e+00 6.703126589402625086e+02 2.570812814317594075e+01 2.135068729900980600e+02 8.216028509423825881e+02 9.464844700815531269e+02 2.330463607314482886e+02 9.053320831413116139e+02 9.764791642390545121e+02 6.850380828860669453e+02 1.200675928802385897e+03 1.651421447449096434e+02 1.381242557105553885e+02 1.141314533863734368e+03 1.016983474651650354e+01 1.421265570189593745e+03 6.290804382820628149e+01 1.036766024872350499e+03 3.534728934291284190e+02 1.330235319383850992e+03
0.000000000000000000e+00 5.412202207972261192e+01 0.000000000000000000e+00 1.680629530109441910e-03 1.162441314207831589e-01 8.115786133446097210e+02 0.000000000000000000e+00 2.857064122448772991e+02 3.954365041261362990e+02 0.000000000000000000e+00 4.381221664508481300e-02 7.935604382868189921e-01 3.944094844758586760e+01 6.006475730390268382e+02 1.128482244671720082e+03 2.454910373727669253e+02 6.594367413211663234e+02 7.804130167280860633e+02 1.330321297425616194e+03 1.335828497188816186e+02 1.523237591318975774e+03 1.660699793968640847e+02 1.312971387213380012e+03 1.151367952640022985e+01 1.120781817264335132e+03 8.249676291536056638e-01 1.413786705655571950e+03 9.695122228506106694e+02 1.176466509493329795e+02 7.109074921756138110e+01 6.416665110099241076e+01 6.867459475514383485e+02 2.474748892779564926e+02 3.613270629817246515e+01 0.000000000000000000e+00 8.505409448502883833e+02 1.247407671422260611e+00
0.000000000000000000e+00 1.094645929130589668e+00 2.823595248694410387e+01 3.783527782957983021e+01 2.012090750138676398e+01 4.564519089314982807e+02 1.987875454533530046e+02 0.000000000000000000e+00 4.426529117752059506e+02 2.196213799058273608e+01 3.625470185579538338e+02 2.763147926394708520e+02 3.211421014384601449e+02 5.027508200492868013e+02 3.117777115616626737e-01 1.198730868003029400e+03 1.341308632099658382e+02 8.013995021989160250e+02 1.642903168963221106e+02 0.000000000000000000e+00 9.332096640168369959e+02 5.965114356036053778e+02 1.325051771621344017e+02 1.521387109743421206e+03 5.607152440443171315e+01 4.043751604822192203e-01 3.941149153627038686e+02 6.871402425299643824e+01 5.929192167897321397e-01 8.504225477426605266e+02 2.382415758519793485e+02 1.327741667334132215e-02 4.549124063631687136e+02 0.000000000000000000e+00 1.638041805107173161e+02 1.458214336477309701e+02 3.822661024746885801e+02
0.000000000000000000e+00 9.563998893368273002e+02 1.089196163901309866e+01 3.587669709466680956e+00 7.856988426894235999e+01 0.000000000000000000e+00 7.379998931058814549e+01 1.067352772585187353e+02 0.000000000000000000e+00 3.897970028826926523e+02 2.284280753083129412e+01 1.324558435813317601e+03 1.101231487381260877e+03 1.847840671467230607e+02 5.579347605115963233e+02 7.463477884004361158e+02 1.135015406382225365e+03 1.389866644326753260e+02 6.508872089298141645e+02 1.347744567756801075e+02 7.614635501137419169e+02 2.231431553331539419e+02 1.320261605288987766e+03 1.421262185174078070e+02 3.305720396149779958e+02 7.830251466820573114e+02 1.371870419290658674e+03 2.681953786002339370e+02 4.165258945026409378e+02 1.330080223057250919e+02 1.363528819291487025e+03 6.279540276282552291e+00 1.049200234118566755e+02 6.242447463220820509e+02 5.899946841911471438e+02 1.096495954590033762e+03 8.211252250516392905e+02
0.000000000000000000e+00 2.921079354327098013e-06 3.301339725163216485e+02 4.482010134078332158e+02 2.561103169347734934e+02 0.000000000000000000e+00 2.442685520759312011e-05 0.000000000000000000e+00 4.917137380817990788e+02 1.139083612040531307e+03 1.191421783955877878e+01 3.683472383579261766e+00 0.000000000000000000e+00 7.217624571123756105e+00 5.772950127928390174e+01 2.151645721399399491e+01 6.438830797040639098e+00 1.873102552943866428e+01 5.494838408996133694e+01 4.182935143755393170e+01 6.237366631404992745e+01 1.977854500371183732e+01 2.874951212807441436e+01 0.000000000000000000e+00 1.175825099297668430e+03 3.968865995155472319e+02 3.388510438521085888e+01 3.765795035371895949e+01 7.232649112318375728e+01 1.877350154058143872e+01 4.554546042782348536e+01 4.281632870659649939e+02 6.753519343281213949e+00 1.888181379547209771e+00 4.645340208186111397e+01 4.014432326933170714e+01 4.515785217533208140e+01
0.000000000000000000e+00 8.826195151295285086e+02 1.312208031450092221e+03 1.108018195167180465e+03 1.712708936709613567e+02 7.001130960404165648e+01 9.939529832031153944e+01 8.700566509957504024e+01 3.282948106514548954e+02 4.154397301488700691e+02 8.253266395154281554e+01 3.277009648185738588e-03 1.697661323923762438e+03 2.259508556165815776e+02 1.361084167193888334e+03 1.666090355892613388e+03 1.582259789217231628e+03 2.137050303452485878e+02 2.481639589796107259e+02 4.478774040654950568e+02 1.070060748945508749e+03 3.296813268615773040e+02 1.290679229897676805e+03 0.000000000000000000e+00 7.522480729447260650e-01 7.251017934910251483e+00 4.686752792127601310e+02 6.538432323980849787e+02 1.602608631427482123e+03 8.701127663421185616e+02 2.872467214394832240e+02 1.091951764771272792e+03 1.032322520258598963e+01 4.797937876492976557e+02 3.661712721358462090e+02 1.512149824343242415e+02 9.166873637587572148e+02
0.000000000000000000e+00 4.450088033442009419e+02 6.960367781261813889e+02 9.707170864196551463e+01 1.889266563698241086e+01 2.589250726182622842e+01 6.989089440351909843e+02 3.912175253990560209e-01 7.586668802212345186e-01 3.210257852658472966e-01 0.000000000000000000e+00 2.777512595824372283e+02 5.153472196050061029e+02 7.813664152962990102e+02 4.519249829997457368e+01 1.273092799825692737e+03 1.933551462733877013e+00 5.172718463266447770e+02 2.349843837995626927e+02 1.024372132058810621e+03 1.507249131871350869e+02 0.000000000000000000e+00 2.415353701838526206e+02 3.012862870123149150e+02 1.796521491875738548e+02 8.012078828387816998e+01 1.160058325069011786e+01 1.202633506685623388e+03 3.213247458577547701e-03 3.661797390961808729e-02 4.995434027638272489e-01 1.171248210853990258e+03 4.909159495303994447e+01 6.794374622412672124e+02 3.389118096222404120e+02 1.349027738267217046e+03 2.297055397036580615e+01
0.000000000000000000e+00 5.923098281256103519e+02 1.058010496309033670e+03 4.658743404509473862e+02 1.563219260705726811e+03 9.914249200532694886e+02 7.109555061732666936e-02 4.789592688271535081e+01 1.052626963626536053e+03 1.537099611811125044e+02 9.594712557291054509e+02 3.253146159346899035e-06 5.940412808898317962e+02 2.870548873307564008e+02 2.379478855568539473e+02 2.538903825243624368e+01 1.567518854037210303e+03 0.000000000000000000e+00 3.337144082990296283e+02 8.664068805328095095e+02 2.458186512393860426e+02 8.847207709275068055e+02 4.841315014537986485e+02 1.358155613273602285e+03 7.808639822996661906e+02 8.313968398298193563e+00 1.087346076378138093e+02 1.276844616911111189e+03 2.163870860481400086e+03 1.010252124538041233e-03 3.502004972677171679e+01 7.997390909034895685e+02 6.969740491280857952e+01 2.770845707401746267e+02 4.638339834403478079e+01 5.165939135467028791e+02 1.079673284100488573e+01
0.000000000000000000e+00 1.633946779316729817e+03 6.832973755195207559e+02 1.351025100558865377e+00 4.377216445128480515e+00 5.336384878481988947e-01 1.421526189170313501e+03 2.589250726182622842e+01 2.033228545863318573e+02 6.370270593275849933e+02 1.108828924103087985e+02 9.945890265516115960e+02 1.973990563252736763e+01 5.033375132735648094e+02 7.149830383897540287e+02 1.011268437315810729e+03 1.512490398437593697e+01 0.000000000000000000e+00 2.891180707409410502e+02 3.861013901352599476e+00 4.332589486132301992e+00 1.954080095830066455e+02 1.831812440398658453e+02 1.079350987910455842e+03 9.224913676281772723e+01 1.885854315173231726e+02 9.269001762890511600e+02 7.718152201508422650e+01 3.458583278879960972e+02 1.711585761652721658e+02 7.353133397011991974e+02 2.425829966226758074e+02 3.100042694531249765e+01 6.165658118064676501e+02 7.461200306369268276e+01 5.174662210783053951e+01 4.135088970264473573e+02
0.000000000000000000e+00 5.032523685003154945e+00 3.810971576330457987e-03 7.183768922019166894e+02 1.583937911057132339e+02 6.715691649406204533e+02 2.231644419622598150e+02 6.675341066537885126e+02 0.000000000000000000e+00 1.154713174149440874e+03 5.735616592829357074e+01 1.217514718715501658e+03 2.237831128544762183e-01 5.939763592275463679e+02 2.907060867447432884e+02 2.602299960768538085e+02 7.891816517836743969e+02 8.760364941841241659e+01 5.999989360102867977e+02 4.456981656452517093e+00 5.193702965847255167e-03 2.619041491097852337e+00 1.057035771552229306e+02 1.572550221825810723e+01 4.139033932145810013e+02 9.773384564129252112e+02 0.000000000000000000e+00 0.000000000000000000e+00 3.445994591038922295e+01 6.803929704932127009e+00 5.604178092511261866e+02 9.339497207103662504e+02 2.141844919636402622e+01 1.439137106450572446e+03 4.111878687479479595e+02 5.538584275080303413e-04 0.000000000000000000e+00
0.000000000000000000e+00 9.096490165983526595e+02 1.131176125752861708e+03 1.476793106403291915e+02 3.251727542284539307e-01 6.894753644034901185e+01 1.406980990710974488e+01 1.051177324914080828e+03 3.397412031469199345e+00 8.800719220139426113e+01 1.138343891526954394e+03 1.426083608428669777e+03 0.000000000000000000e+00 8.915875743501345596e+02 1.126475126203763011e+03 4.686052445197021257e+02 9.071164155802674713e+02 9.794089383189748332e+01 6.062002110516050379e+02 4.777367428417837042e-03 1.617754446903602317e-01 1.715540558919018466e+01 1.197553760325429266e+02 7.893203692014406914e-02 0.000000000000000000e+00 3.593365547720109703e+02 4.381304914363898320e+02 0.000000000000000000e+00 1.859984720300702463e+02 1.503508307334947403e+03 9.733757506899815484e-06 1.776499105941080304e-04 8.710609311451265739e+02 5.048559760517926520e+01 6.627755200437223948e+02 1.132706919641651060e-03 0.000000000000000000e+00
0.000000000000000000e+00 1.023137483383062886e+03 9.014410794791808712e+02 9.732352563464715445e+01 5.567141342829295070e+01 0.000000000000000000e+00 8.672885920178997594e+02 6.425257104028925426e+01 3.472848377406924669e+02 8.040184025210638765e+02 1.077027190087870423e+02 0.000000000000000000e+00 0.000000000000000000e+00 8.949838251373706726e+02 4.760819223525526809e+02 1.545419732899182748e+02 2.222895526533994826e+01 1.297979827937482185e+02 4.900395541178749426e+01 0.000000000000000000e+00 1.653686514596642496e+02 1.879297774226629087e+02 1.065126227100346354e-05 3.692066644187515456e-05 3.075566685024510583e-01 1.959689038415897335e-03 2.348324796313491731e+02 2.026866776554696230e+02 8.624434222944620387e+01 4.180069958181446168e+02 5.343700148690429614e+02 0.000000000000000000e+00 8.906162317743459198e+02 2.634160014545274748e+02 7.575561161581313172e+02 0.000000000000000000e+00 1.597007668537113290e+00
0.000000000000000000e+00 1.268290145458153802e+03 7.049225990398322494e+01 6.156385815112997051e+01 1.430096383604103039e+03 3.052828718770395540e+02 1.446285696495598359e+03 4.772430880689906871e+02 3.514537986343534612e+02 2.731914557558088745e+02 8.912229076160868568e-02 7.779213215979615370e+02 3.058588783389214996e+02 0.000000000000000000e+00 6.347634372618496172e+02 1.338913000435455388e+03 0.000000000000000000e+00 1.018803942647047336e+02 1.619421037495158089e+01 5.249340049553040899e+02 1.188116936990715402e+02 1.512507174768494451e+02 4.486259176816427185e+01 4.743254088531728740e+01 1.300455082257913773e+03 5.263842448964253435e+02 2.095401502611502593e-04 1.835096804717099461e+00 1.128976166704859679e+03 1.591133989996085631e+02 2.304266100587664141e+02 6.104428213011808566e+02 7.338273362196761127e+02 1.088085205800144024e+02 3.087250102460909034e+02 1.477972323077990228e-04 1.831720909480480231e+01
