output/example_1/lateral_incision_000494.asc
nrows	75
cellsize	13.33333333
xllcorner	0
ncols	75
yllcorner	0
NODATA_value	-9999
[rows 34 to 50 of 75, columns 37 to 73 of 75]
1.763379087795990927e+03 7.369676324029659042e+01 5.703005874919148255e+02 1.534978759925740519e+02 4.720998711515323976e+02 2.510780086109882632e+02 1.442943454957462336e+03 8.941794036717010385e+02 1.413125736276818678e+01 7.946298910101018009e+02 1.508896176802346645e+03 2.040192654037178954e+02 0.000000000000000000e+00 5.160552403724469741e+02 2.784440974048464312e+01 1.448207467402507064e+03 2.423049087315455949e+02 1.050299608357532634e+03 1.130461531701598403e+02 8.848814283422967719e+02 4.879556128664140857e+01 2.849821793068836655e+02 7.122004969415382902e+02 5.528438441895720246e+01 2.838554488626124339e+02 4.414741043233000255e+02 8.519715782995598374e+02 4.386091822610595727e+02 1.691837329525231098e+03 1.417352362791744369e+01 1.656814869212490521e+03 7.425296706760368579e+02 3.711898948364341777e+02 4.834792277568911913e+02 1.473705018570251923e+03 3.577493261127957425e+01 9.788782928123408738e+02
1.001149501829813971e+03 3.344523412738670487e+01 5.306986189820204345e+02 2.085446306451729583e+02 4.282189788477565457e+02 5.281075956251046222e+01 1.079612310894277243e+03 1.199051765677761068e+03 6.623063223462226006e+02 5.595915461963613113e-02 1.195803674137296639e+03 1.419965233622295045e+03 4.367506841349143656e+02 4.873956272634256379e+02 5.132777103944788166e+01 9.198466984149283689e+02 1.409095048072830878e+03 0.000000000000000000e+00 1.628479400455277926e+02 1.339436748725760708e+03 1.796736422999418892e+02 9.399007089504322039e+02 8.620075990138591493e+00 2.679709490753771206e+02 0.000000000000000000e+00 6.102850814202308811e+02 7.080894232634940408e+02 1.332232426748361075e-03 4.138978337581189066e+02 3.673505768871170574e+01 2.084131205613984719e+02 5.655363381593812164e+02 0.000000000000000000e+00 1.276701877277462472e+03 3.301861910861126148e+02 1.100102899113814601e+03 1.108119918671473897e+03
7.194854230400082429e+01 3.550403056270949946e+02 1.353056974372465788e+02 4.023155513221329898e+02 3.966826626383940493e+02 7.161592540929899542e+02 6.602102918269142720e+02 2.054737053912321244e+03 2.406329489657209251e+03 8.356186139170397382e+02 4.566146094006820810e+00 1.257115663129572113e+03 8.151642222195390559e+02 1.017234657520059955e+03 2.029222747661405890e+01 1.302497619672787323e+03 1.972261909159265656e+02 7.046159131579129280e+02 9.617927485626323687e+02 4.081702573396842695e+02 3.469788609149743763e+01 0.000000000000000000e+00 2.510011550839149095e+02 3.637752775635614171e+02 4.664538951855735718e+02 5.587606192235181197e+02 1.034254831852869529e+03 3.130975880603493806e+02 1.243812144434496531e+03 4.420641443023472306e+01 1.073756175149025580e+02 8.166031139848682869e+02 8.316322491005642137e-01 7.546409093202521845e-01 5.883985945047063524e+02 5.911875366428789391e+01 6.342928913184655357e+02
7.433114491844641236e+01 9.130190553727925362e+01 2.075718121001183363e+02 2.659005980832008120e+01 1.823079519370072376e+03 6.236466006859415074e+02 2.136395108154349316e+02 0.000000000000000000e+00 1.285650025419225813e+03 3.586579294479080318e+02 3.270924093474811229e+02 2.029128482924544397e+00 6.733262525643215213e+02 1.894547827201269229e+03 2.076276973346173893e+00 1.492668287334868182e+01 8.089266236529823573e+00 1.506061289325678842e+02 7.522837408660055871e+02 1.379109712167088162e+02 0.000000000000000000e+00 6.176066961689379013e+02 9.359336169306798183e+02 4.070884544118631538e+02 5.379558461146708623e+02 9.894788484729902578e+00 1.862533242318409776e+01 6.613557335183304531e+02 2.643119448051429572e+02 5.243687215837990578e+01 7.334338609222211289e+02 1.077438862107094479e+02 6.839767171913883885e+02 1.146592566109784457e+03 1.588032853868286054e+02 5.310097374514925832e+02 2.802130732204071251e+02
1.192029086207725186e+02 2.458720237026514042e+02 5.697005492243600884e+02 1.191206637317283821e+03 8.442842006499748209e+01 1.821491767361494794e+03 2.137925975912011445e-01 7.001579742425448671e+01 0.000000000000000000e+00 0.000000000000000000e+00 6.475589102903778382e+01 3.881151725955509733e+02 4.716700211431223124e+02 8.206492320503534756e+02 3.531966152773130752e+00 2.362243863903065346e+02 5.086903988738341695e+02 1.102821690733708238e+02 0.000000000000000000e+00 6.073320327877311229e+02 9.658017927813745018e+01 2.768093511149817054e+00 1.395921545363916493e+03 4.138301107379729729e+02 1.282326997402125812e+02 1.251718711771786275e+03 9.941807097622671563e+02 4.218612582485192775e+00 1.235937350129189099e+03 5.962994682561941318e+01 5.776092579810782581e+02 0.000000000000000000e+00 1.187961287148265228e+03 2.995814907010791561e+00 3.296820234230116284e+02 1.135492167787415525e+02 3.894808202701749877e+01
9.920410332876432449e+02 6.715617007063700612e+02 5.037668047169287320e+02 9.602145869462301562e+02 7.912496349431539784e+02 1.583397925091279568e+01 1.870884597221584954e+03 1.789503165966634697e+03 6.124404437853904710e+02 1.117339265576968010e+01 0.000000000000000000e+00 1.142430634616268435e+03 2.488006495784819663e+02 7.991786797866269332e+00 5.102018346920588669e+02 8.999815760028776594e+02 3.373491507978139339e+02 1.495828013920579451e+03 7.690676340395262400e+01 2.264860710470262362e+01 1.212070391436494447e+03 1.349958439301782107e+02 3.110761419916309123e+01 5.761771175843104231e+01 3.100139136318772444e+02 1.092652823020258211e+03 2.593515778153153661e+01 8.435763840511521039e+02 8.686120128080930272e+02 3.213142277376117306e+01 8.315235242097567152e+02 8.862276961465481691e+02 8.694268647167548636e+01 1.283120608895609394e+02 2.169048359055533126e+02 6.601478446213337747e+01 1.862282635041153753e+02
9.076556490527035521e+02 3.034282001843911871e+02 4.302050215553579164e+02 1.481737109079224695e+02 9.257542403354045746e+01 6.151600849532638904e+01 0.000000000000000000e+00 1.023080796895917160e+03 1.885069482498094203e+03 5.949188536985631117e+02 1.840039566722029576e+03 7.789007700129158138e+02 2.635965967034662238e+00 6.702407810399838581e+02 4.364811844815195627e+02 2.522709252108439841e+02 3.622929724875905322e+02 8.489010559983754547e+02 2.585324398731274300e+02 0.000000000000000000e+00 5.350496931765995896e+02 1.166921974117120044e+03 3.354714208940696949e+02 1.488406769317971793e+03 2.599360738521871284e+01 9.520989706975253739e+02 1.209357018480144006e+03 3.382018293266547175e+02 2.119861215487841264e+02 4.186573429109024147e+01 4.804239834694202500e+02 1.052573737372771205e+02 3.162373078747215353e-03 0.000000000000000000e+00 0.000000000000000000e+00 8.391153861015797020e+02 2.493055419396676520e+00
4.316608552292202603e+02 2.190487274178427413e+02 0.000000000000000000e+00 0.000000000000000000e+00 3.787089857284123013e+02 0.000000000000000000e+00 1.735755695496424323e+03 2.047911836089192406e+01 1.129508515212544580e+03 1.213852059463869864e+03 1.002745766692578968e+03 2.586904251896469553e+00 1.125515717884616606e+03 1.026053350579736389e+03 7.844462999110864132e+01 6.073809132239052815e+02 5.124042864880448134e-01 2.309307507837725666e+02 1.321712830475013050e+02 1.287560058606178188e+02 1.798954729553026652e+02 4.687252216384945882e+02 3.586871029159793238e+02 1.943295776202457319e+03 8.678251462385181867e+02 1.149926000541286086e+01 7.881924323721229939e+02 3.580999718215379062e+02 7.838507481724321906e+02 1.749640257444316838e+00 4.791118468636920511e+02 2.397139550761137059e+02 3.690914030255284501e+02 1.826414701892407777e+02 5.733570717997672546e+02 1.613306273198583369e+02 1.037585035090918382e+03
1.381330147501803140e+03 1.436157105351392147e+02 5.736632200492671529e+01 1.819529785075976918e+02 5.920720462670445272e+01 1.123038401498618413e+02 2.020042169847572950e+03 1.861520106888139480e+03 2.986224900191303533e+01 1.779684399182099241e+03 0.000000000000000000e+00 1.526594869373585425e+03 1.119509680582962574e+03 1.639737186578385035e+02 5.911723085472407320e+02 5.074243501612193654e+02 6.626685363870038259e+01 1.288977038549448650e+02 2.144097936367882653e+02 2.592136578296169205e+02 6.633213608702250212e+02 1.621341781264767405e+02 2.493178814770671892e+01 4.384942404245353487e+02 2.249846657466779561e+03 9.047705698885580432e+02 5.726329022412307568e-01 4.176883104563949018e+02 9.508910288704558980e+02 2.299193660136732831e+01 1.226079620441744510e+03 7.111128235205840156e+02 8.265010464737117672e+02 2.727969877248782495e+02 5.099979397719098273e+01 5.558956880066392614e+02 5.988641713819338293e+02
4.681000806226317081e+02 8.253823659604380509e+02 2.297194915684766841e+02 5.005747306158396555e+02 4.779049270285758766e+00 2.961601250417711526e+02 3.330389610837542591e+00 1.341798509429744968e+02 2.039361025026000220e+02 2.280723806858794589e+01 6.330419304024100029e+02 7.722447553421002340e+02 1.288311620981116734e+00 1.069467748751170717e+02 0.000000000000000000e+00 3.036720812045315938e+02 5.338438752751177390e+02 6.829128024402374422e+02 4.149769258978096786e+00 3.850247474085108479e+02 7.321910332852768306e+02 1.289270145924791905e+03 6.714482298109384146e+02 1.226769020479692607e+00 1.277505971923344532e+03 1.334764939793100666e+03 1.557694603044878022e+03 0.000000000000000000e+00 2.636441473139232698e+02 1.197330943942598402e+01 1.080490281886122148e+03 7.241937614188036605e+02 1.208538993177907741e+03 3.386124660272847109e+02 1.602565554101870475e+02 5.887419842152867204e+02 4.117030178814280248e+02
5.378093744785807075e+02 4.695242261023922481e+01 2.985740562341326836e+02 5.707601209762834316e+01 0.000000000000000000e+00 5.823570157783231025e+02 6.849644266383827507e-01 3.508426321559364283e+02 6.562996654903628269e+02 1.591372440886516188e+03 1.078770434424302788e-01 5.557087978394919219e+02 3.099030204172290155e+02 2.200639108438923301e+02 8.623217303095460693e+02 1.270463872663220400e+03 8.507771794797115206e+00 2.228659803015827379e+01 1.008364400748264757e+03 1.065988492942126413e+03 2.014852011772676832e+01 1.633966733307200911e+02 7.834393007845021657e+02 2.710705992493496197e-01 4.971313770294740380e+02 1.283382391517399128e+03 1.884165467575551034e+01 1.681413118293685613e+02 8.264522472503613244e+02 4.072974067742982385e+01 1.100940158812490608e+03 2.199219481963759382e+00 1.994665073372047459e+01 1.604351149409798154e+02 0.000000000000000000e+00 1.018159157002103029e+03 9.643700147885828073e+02
1.608116508398298492e+03 7.395230442593854150e+02 7.771000531016911239e+00 7.517396337801889104e+02 2.726466803545826600e+00 0.000000000000000000e+00 1.356857718034445497e+03 7.569225608048563458e+01 9.713468777987461067e+01 5.034990349821773066e+02 1.259357814577603540e-01 9.380121273954613343e+02 1.319763672750093431e+00 1.993466344204032907e+02 5.412002666270661848e+02 6.678239014594856826e+02 9.840826350614745479e+02 1.410965358890485106e+02 6.734208074715853627e+02 3.805300587747254326e+02 9.175077641232622909e+02 6.152677175579183455e+01 4.669026170156488433e+02 1.066359146940776327e+03 1.628990593865701726e+02 1.460726032959771601e+02 8.081684954339245053e+01 1.203126707733178591e+03 3.332624638274604649e+02 3.698050627503995380e-01 6.148296108986713904e+01 1.423871637724302900e+03 4.228190527081443406e+02 6.785041994552834694e+02 3.470739421803939706e+01 2.141937287848994398e+00 6.041689847795679214e+01
3.532487037934777163e+02 1.272637466667921899e+03 9.611255728208460880e+01 3.684052784519105330e+02 3.795601721454972335e+02 0.000000000000000000e+00 3.562341222394641136e+02 4.707250166588252114e+02 3.339550966169142754e+01 1.540859101950858845e+00 1.328110163659871660e+03 2.198430309802499210e+02 2.773752529244011384e+02 6.262493418542250083e+02 1.279579045580782122e+03 1.327766465231462007e+03 1.112654434431324717e+03 2.979017842612503841e+01 9.753792785797802480e+02 5.339337388802967155e+01 3.539787337894155712e+02 4.489389345665413771e+02 4.114062727511561945e+01 5.760963884143078531e+02 5.064300334918792146e+02 5.868184764397749120e+01 6.945451120077715359e+02 5.909131594601749526e+00 2.308605809541258991e-01 2.746984202304912515e+02 1.180355436181031337e+03 0.000000000000000000e+00 1.776223331101822680e+02 6.871197253243020668e+02 6.094709595552068322e+02 3.580029523950978501e+02 0.000000000000000000e+00
5.301175751039935591e+01 4.802262553731237449e-01 1.209824000849844872e+01 1.037577447812739365e+03 2.468139009458832618e+02 9.016164140054110021e+02 0.000000000000000000e+00 2.449005892208395778e+02 6.176825223935805909e+00 0.000000000000000000e+00 4.744893822466552820e+02 7.489899898419313331e+02 2.461397314385878055e+00 0.000000000000000000e+00 3.568587585863769505e+02 7.507195002803172201e+02 1.059101018000098520e+03 8.103423051761570406e+00 5.477655945084107998e+02 2.395423405761586935e+02 2.819107830926856195e+02 5.733306405797958405e+01 9.246402754378852933e+02 1.617208749442760336e+02 0.000000000000000000e+00 1.581930572329627012e+03 1.934155719041561383e+01 1.364911219529638799e+02 7.487793498018679657e+02 3.167203174548318998e+02 0.000000000000000000e+00 3.121898635232114998e+02 4.696549114487798882e+00 7.724091135421964509e+02 4.094818956198749333e+02 6.017995717448143296e+02 1.148055282563220925e-01
0.000000000000000000e+00 0.000000000000000000e+00 0.000000000000000000e+00 4.101585215736897112e+02 7.132619053468404218e+02 0.000000000000000000e+00 2.294544347380941218e+01 6.409703935641288126e+02 4.826933557810457955e+02 1.437276019139282653e+03 3.155413745541809090e-01 3.438495546773085039e+02 1.756745136471383262e+01 6.114387347194474387e+01 0.000000000000000000e+00 1.085337517524281111e+03 7.835198128378217461e+02 5.715928339286971749e+01 4.450043526838877739e+01 1.280546157281330579e+02 2.097469892266270897e+00 1.327615625504629975e+02 3.117087295474862074e+00 1.641127359276604921e+03 9.613143542190196058e+02 3.540422439694613232e-01 1.387266481411910036e+03 1.185015441688602550e+03 2.267524034489275380e+02 3.725488501075482191e+02 1.957229569152901263e+02 8.420860054543927617e+02 9.297329658168897595e+02 7.974047968106576718e+02 7.412309658849831067e+02 1.044894761194944834e+02 1.100326834022774092e+00
0.000000000000000000e+00 0.000000000000000000e+00 0.000000000000000000e+00 5.444154076278186949e+02 3.306146132585362807e+02 1.024485774941958653e+03 9.800271944567357423e+02 1.105035999440888872e+03 1.545762995487961007e+03 0.000000000000000000e+00 3.071121547160733485e+02 4.749857051973763191e+02 9.071776899532364435e-01 1.462846693907278564e+02 6.778054765167047435e+02 2.145365744175631733e+02 1.662444808339727160e+02 0.000000000000000000e+00 7.146836963922253290e+02 9.327660868980318298e+01 4.399990809703137415e+02 2.145307674044841804e+02 1.022608930220748107e+03 4.403697893282702580e+02 1.294951939523117379e-01 1.308251154617153361e+03 2.309373636865922890e+03 7.741038118479903005e+02 1.535539111553551720e+03 0.000000000000000000e+00 3.755015283726117303e+01 2.309068485943663518e+02 6.446544408921731701e+02 5.219618193961970292e+02 6.854666313096093972e+02 1.173208977785794104e+03 5.616220855518633925e+01
1.350821718020127037e+03 2.152837327325801908e+01 7.953171349107941523e+02 0.000000000000000000e+00 0.000000000000000000e+00 0.000000000000000000e+00 0.000000000000000000e+00 9.411470373576717066e+02 1.729730369685665536e+01 0.000000000000000000e+00 1.065610914923062410e+03 1.428698693763012443e+03 0.000000000000000000e+00 6.570332673138032042e+00 3.825557261599547019e+02 1.066568876821993306e-01 8.298671721049880716e+02 7.686394062400590883e+02 3.815946595050443761e+02 4.619097967717996198e+02 4.772638965539520086e+02 5.552987304386193728e+02 3.790633586618449158e+02 4.329624219640218818e+00 1.661098743220248480e+03 2.842525369227878400e+02 1.309455139238287302e+03 1.365643188274778197e+01 2.592739298612935528e+01 4.526117253159723646e+02 8.074569577205257929e+02 1.147085820297783812e+03 5.455116067509351296e-01 6.217821785698409265e+00 1.028915002481739061e+00 2.676101532268409073e+02 0.000000000000000000e+00
