output/example_1/lateral_incision_000457.asc
nrows	75
cellsize	13.33333333
xllcorner	0
ncols	75
yllcorner	0
NODATA_value	-9999
[rows 17 to 33 of 75, columns 0 to 36 of 75]
0.000000000000000000e+00 2.152194058520854867e+02 9.852160397881626750e+02 1.543056972220669820e+02 2.533785684115614742e+02 2.231881753173575333e+01 1.561222730587299452e+02 1.166160239910715291e+03 8.037120485450589058e+02 2.436157749608770295e+00 0.000000000000000000e+00 7.804124091519395456e+00 2.493302472587304663e+01 2.482111904208490927e+01 4.645460199706106863e+01 3.274842957643380004e+01 3.641203186254679736e+01 3.592494314850819137e+01 2.500828899117275128e+00 5.108457023860397683e+00 5.397410186928826903e+01 1.693766541805960060e+03 1.613544198968362025e+03 5.630766346385022416e+02 1.421301828330042554e+03 2.940900896880440740e+01 3.928526501545144356e+01 5.896999978152781523e+02 8.954089037892507577e+02 4.035014960753105129e+02 1.044279055314352036e+03 3.975009078136586993e+00 1.485339436800276644e+03 1.944026593997308794e+01 7.170625272925800573e+02 9.577637055287013368e+01 5.565410224439035574e+02
0.000000000000000000e+00 2.466967986206984431e+00 0.000000000000000000e+00 0.000000000000000000e+00 0.000000000000000000e+00 0.000000000000000000e+00 1.124476263521411710e+02 1.243142685422224531e+03 3.058805884495762406e+00 1.686240464944610949e+03 7.914565818170202647e+02 4.926082334135217167e+01 4.292086548730694631e+02 6.424206610406522486e+02 1.596725163734789703e+03 2.378403459882573259e+02 1.346805772345787545e+03 7.025641939685656325e+02 1.476262776263247133e+03 3.418787386624699138e+02 0.000000000000000000e+00 2.027592830309404235e+02 1.178930313095642305e+03 8.653536072942094961e+02 1.347930615950006313e+03 5.457871425868340793e+02 1.523075712153681494e+01 1.864748665391557703e+00 2.331454767891509405e+00 8.875741409263682726e+02 2.453086273048780352e+00 3.701004309918267268e+02 7.998283079236631465e+02 3.994380322729156205e+02 6.961758341321846046e+02 0.000000000000000000e+00 3.987142161979218713e+02
0.000000000000000000e+00 1.704134263770693678e+03 0.000000000000000000e+00 0.000000000000000000e+00 0.000000000000000000e+00 0.000000000000000000e+00 0.000000000000000000e+00 8.325386955302468195e+00 3.125783880632562273e+02 1.065411933497867949e+03 2.636398501508855929e+02 2.135003289219815359e-01 6.569894049608808473e+02 5.503118700648115009e+02 1.478701061487082313e+02 1.606865432697007464e+03 9.936150695620142415e+02 8.730997793304632637e+01 1.502527979731396712e+01 1.929309065482915173e+02 1.569721447386952775e+02 2.954917194064759500e-01 0.000000000000000000e+00 4.075353967681907079e+02 1.197122402551612055e+02 3.314648271002154729e+02 6.052606236702579281e+02 6.067996910901731411e+01 1.109423186646093171e+02 8.507967160662951756e+02 1.081343589263180576e+02 9.160851776155736843e+02 3.486935981182925275e+02 1.426749861252939411e+02 5.523291003626154634e+02 9.339051651859850267e+01 6.611211631720774449e+02
0.000000000000000000e+00 5.918754020871954680e+00 5.619628216814996904e+02 8.187138398064392959e+02 1.759349916521785644e+03 4.325361858074862909e+01 0.000000000000000000e+00 0.000000000000000000e+00 3.000432005887079185e+02 2.901304657127037103e+02 1.263390821945668989e+02 1.841334882565501019e+01 9.003015640565364492e+02 1.352547423074751578e+03 7.050049366360049135e+02 4.223738019460998583e-01 1.263538985149716609e+03 1.499621538923093453e+02 4.733397033901176609e-02 7.892219146902879174e+02 9.013140271749555268e+02 6.892553734303515967e+01 9.523061475553275841e+02 6.477488586295978621e+02 1.472728853631544688e+01 5.286066246375909259e+02 9.168336628491194915e+02 2.379580010181566934e+02 3.241310441544408718e+02 0.000000000000000000e+00 5.100527422112255636e+02 9.663585582757617658e+02 4.082062924587251587e+02 3.241877659322570793e+01 3.120395732496161827e+02 2.214706686659320667e+02 0.000000000000000000e+00
0.000000000000000000e+00 0.000000000000000000e+00 9.324558020728157715e+01 2.570777743479883526e+00 2.390253509235441811e+02 1.577501915553025356e+03 5.393310965782017519e+00 2.174874319211320426e+02 3.986911230710030623e+02 1.051685696358401174e+03 2.141325048198090641e+01 7.289389094073139859e+02 1.643684670440240803e+00 9.288987982295947177e+01 1.968388746934697338e+03 7.826303116294034226e+02 4.128586483008470642e-01 9.676713797333359253e+02 8.571409191921293313e+02 0.000000000000000000e+00 2.072581158556941716e+02 1.109770214127119971e+03 3.050179264150886249e-01 7.729254283610428899e+01 3.456557044587721950e-01 3.339293453507564209e+02 8.297919355742164953e+02 2.346697188457960976e+02 2.769865210343254489e+02 4.447213409946611051e+01 8.314146823912780064e+02 1.285352098174602418e+02 2.470596972425395066e+01 4.262942190386751236e+02 7.369408446034783822e+01 0.000000000000000000e+00 7.556974211417298193e+02
0.000000000000000000e+00 7.375476413251333270e+02 1.414947898497859740e+02 1.174434568093868165e+03 7.312320283866105228e+02 4.049286864543374804e+02 1.542650710438602459e+02 2.201656555466823817e-01 1.011924394728655869e+02 1.347894067144522126e+02 9.925993607299594714e+02 8.355700934950239400e+01 4.245729981084013893e+00 1.317495287444957285e+03 0.000000000000000000e+00 2.607921373068380149e+02 3.477138703174938428e+01 1.289069381650968126e+03 5.748541344714469759e+00 1.045617536029715922e+02 2.760447699751328514e+02 1.093794033475617880e+03 2.782441980074441545e+01 1.436866546242669301e+03 4.056484713308968821e+02 1.451028754405292602e+02 3.315447768928484038e+02 9.842550435309598242e+02 9.747806901582134742e+02 1.761309353041155873e+03 1.250649315069515296e+03 0.000000000000000000e+00 1.173741610818922027e+03 1.604624268572002022e+00 1.951467661031020100e+02 9.606763688777926973e+02 0.000000000000000000e+00
0.000000000000000000e+00 6.244479035610623896e+01 5.636363248614002259e+02 2.287295812059538136e+01 1.392179735619246550e+01 2.174712191759962252e+02 5.841247139198856075e+02 2.058866687403508706e+02 3.403624437328007843e+02 9.837140154111563106e+01 0.000000000000000000e+00 1.891216126591214675e+02 3.753748390975245997e+01 1.254869518088041104e+03 7.531865457976501830e+02 6.930620570709097592e+02 4.159902009975531882e+02 1.324856821630940431e+03 2.780316041664683553e+02 5.045938762412711185e+02 1.676346794733796912e+02 1.353411265473392966e+01 9.346395056172275417e+02 9.326109730628396619e+02 2.080754826740129033e+02 1.569804773561313141e+03 9.636118066184256747e+01 1.194094303205351707e+03 1.568896796102035523e+03 1.122080430304904667e+03 2.253899503529397563e+01 9.106508871659954139e+02 0.000000000000000000e+00 1.027167005322960449e+03 1.259424004712244596e+03 3.660050356180919806e+01 8.632465131198048311e+02
0.000000000000000000e+00 1.320829675081604591e+03 2.485348738344345421e+01 1.953707226426565358e-01 1.604496474474107799e+03 1.290819465660579681e+03 7.050956787697141408e+02 4.443230771252969475e+02 6.269861769093907355e-01 4.766228060638742076e-02 9.908644682596221855e+02 1.015906887059299720e+03 7.800110225558790944e+01 6.940255368901431243e-01 7.978932199132050300e+02 1.483594135663286806e+03 1.222274422591143122e+02 2.799453126859466465e+02 4.906247302504651202e+02 0.000000000000000000e+00 5.225897794391318030e+02 2.978300442810619586e+01 4.413885776893015986e+02 7.482257238320440820e+02 4.842779858119030528e-02 3.378260479519256165e+01 1.047538966658232056e+02 0.000000000000000000e+00 3.112633249165842031e+01 6.830210463792953135e+01 5.822601443392495639e+02 2.054471598535151770e+03 3.146685051359634713e+02 1.008250176232980806e+02 1.756837201615763320e+02 5.865259837440382285e+01 4.374475428888695774e+02
0.000000000000000000e+00 8.074992889658988133e+02 3.040725019281586583e+01 8.683364108629538123e+02 2.748412636809664491e+02 3.523672600789205944e+02 1.074795959980683620e+03 1.447206909272818542e+01 2.359336373390686958e+02 6.863919492920601897e+02 1.077735202890823302e+03 8.569668494379864114e+02 0.000000000000000000e+00 1.499028500020678223e+02 7.141523166488004790e+02 5.998522114067607163e+02 1.445235406237029849e+02 4.757328139210763425e+02 6.462049552792292317e+00 7.479326168312296659e+02 8.673382576451964496e+02 9.093312302378368628e+00 3.024106900630377481e+02 5.391930750956613565e+02 1.060741973715151744e+03 0.000000000000000000e+00 9.589201021586211482e+02 3.522204504420638926e+01 7.215899448829421772e+02 3.698574057197241132e+02 3.026356085105577449e+02 7.613586473849769618e+02 1.267449000217337016e+03 0.000000000000000000e+00 3.618957477642258027e+02 9.977463662568795826e+02 1.614352541014494591e+02
0.000000000000000000e+00 1.226734653845876072e-01 1.820364680089797389e+02 8.333412513748344281e+02 2.790600768251064778e+02 2.823358002024823321e+01 2.647342404630839141e+00 1.011463397017964922e+02 4.115411002824528737e+02 8.787134827747808075e+00 1.434812705808518842e+02 1.310691941059550118e+03 3.426462415165462971e+02 5.797321326449669954e+01 9.695825223033857299e+01 1.933824901339835378e+02 4.186238067476902636e+00 1.636531126342222109e+01 9.587858095859098739e+01 6.980853682898074339e+02 3.719813831138108640e+01 2.739246888364498318e+02 2.994908519341785222e+02 0.000000000000000000e+00 0.000000000000000000e+00 6.602624837642607645e+02 1.142784674988981521e+02 9.617682424262471841e+01 5.937897882052465093e+02 3.523786304937116256e+02 1.252396917889999031e+03 1.050334274257766225e+02 0.000000000000000000e+00 5.915938073779832393e+02 7.539338776226283017e+02 4.885322774218534505e+02 6.277380512263514447e+02
0.000000000000000000e+00 1.686323233661428489e+01 0.000000000000000000e+00 7.193590771453622210e+02 6.616131421443539011e+02 1.932587053130726531e+02 1.202586406445155490e+03 0.000000000000000000e+00 6.797277142638695295e+02 3.536623323651140254e+02 1.597277160353942804e+02 1.693461549716187449e+02 0.000000000000000000e+00 1.418631718725575013e+02 1.833152100723826550e+02 1.637755892918985126e+02 7.492382435648754502e-01 1.784097529378153979e+01 0.000000000000000000e+00 2.436977211817565774e+02 5.793632650135816675e+02 7.203004060254766046e+02 4.701099515490776639e+02 2.467843872028398522e+01 0.000000000000000000e+00 7.354642316650570137e+02 4.682166017121450352e+01 7.542626465732988095e+01 2.220295013682661818e+02 9.887238617136720222e+02 3.751536563873737578e+02 6.844490431396238819e+02 5.796974031593284735e+02 8.254988222767409525e+02 7.418739987374879385e-01 4.765499009164953748e+01 6.481451734022803066e+02
0.000000000000000000e+00 4.569143890947604980e+00 1.181739812439496973e+03 1.643803111195100655e+03 1.398959691899418623e+01 3.353959992305432820e+02 1.290008398585889609e+03 2.314540700338823456e+02 1.571355224171083364e+03 4.800018041425778961e+02 2.041747970457870451e+02 1.092965285119237933e+03 5.692209357911420398e+01 1.122914017497720124e+03 8.489543719963670583e+02 7.276036173400676716e+02 5.107730502112129329e+02 5.269337570088177927e+02 3.868053732332020331e+02 4.787333679083290860e+01 1.095422748083077749e+03 6.368861963087749700e+02 2.564453468170011519e+01 0.000000000000000000e+00 3.884425675931265687e+02 2.264051816162936959e+01 9.523986075440723198e+02 7.302032579004204536e+02 0.000000000000000000e+00 7.556872962894848555e+00 4.808733052951428988e+01 1.241503512071601705e+02 2.740369469159909386e+02 4.581757584591576915e+01 2.601473633018515557e+02 1.982456952574859699e+01 3.642516886225810708e+02
0.000000000000000000e+00 1.331012406688038254e+03 2.538119915034747720e+01 8.400693217353291109e-01 1.116127495955837958e+03 1.067755922540994789e+02 4.292304254954235176e+01 1.886997766964161372e+01 7.140944860976810915e+00 7.453112315908146002e+01 0.000000000000000000e+00 2.929378130451369966e+00 6.807597972913739568e+02 2.578439647981365397e+02 1.423712486944489797e+02 7.674807078833460992e+02 2.365242143699987309e+02 8.065637951571395661e+02 6.722103834881713869e-02 4.699112997306008879e+02 1.024265042895174929e+03 1.046204072621466821e+03 1.955392898975674143e+02 9.833306841455470249e+02 7.374093359837662831e+01 4.625447945067959381e+02 0.000000000000000000e+00 1.885272017569089655e+02 2.638726334441586800e+02 9.744484144959069454e+02 1.201351826997374246e+03 6.019682247236964940e+02 4.883934662000147000e+02 1.007962531900428303e+03 1.024796038982577329e+03 2.454395455811826707e+02 1.274040386170446766e+02
0.000000000000000000e+00 1.174699867289605663e+03 0.000000000000000000e+00 5.524282450290650104e+02 3.518768041996146962e+02 8.352777274879547065e+01 2.523580109868215970e+02 7.998300749943125538e+02 9.678205137425386795e+01 9.179353978802005258e+02 0.000000000000000000e+00 7.970839172070222958e+02 4.286621601303208351e+00 1.656612417518640612e+01 9.080866200977067138e+02 2.744474155476747228e+02 6.029286275212289992e-01 1.300099856799593852e+02 5.385006146083802605e+02 6.280401525700775665e+02 6.450629395549715355e+02 5.742396803368174574e+01 2.841958666909927729e+02 7.060843896484967672e+02 4.070209529322790445e+02 5.418181031508840988e+02 3.414497353542116684e+02 2.285114441927504458e+01 2.982509746002166562e+00 1.551808649083318059e+01 6.681337159248464559e+02 7.546936484275224757e+02 7.939055342104121848e+01 1.862776245150173793e+02 9.123221292439663443e+01 9.475636302366799555e+02 9.069617423918208488e+01
0.000000000000000000e+00 0.000000000000000000e+00 1.054325318449560172e+02 3.821772169929813145e+01 7.988035598921568692e+01 1.901847624882396133e+02 5.292617094986159145e+02 1.674346053782667809e+02 3.657417697506380136e+02 3.522877367267687987e+02 0.000000000000000000e+00 5.668286871711202366e+02 5.281471554122514362e+02 5.712964932707754997e+02 4.069731205497266728e+02 4.630150004863878621e+00 1.236343672914472691e+01 6.679679388000198514e+02 4.550234312343823717e+02 3.470284409416780704e+02 2.509479998386599675e+02 6.401745824905262907e+02 1.449479498268047450e+02 8.816116664786438832e+02 3.880893444383460746e+02 1.666404929129215589e+02 5.238978411021536203e+02 5.500847543109420030e+02 1.321619538432326863e+03 4.019338916852134957e+02 4.762363036167728296e+02 2.979059060473784371e+02 4.857223393266397125e+02 1.496896301206613089e+03 5.633004569860108335e-01 1.538610591370917824e+01 4.316305184515859139e+01
0.000000000000000000e+00 1.936462742903939898e+02 3.401006589585088591e+02 8.786493284159804773e+01 6.657077035389242781e+01 7.184490167885307983e+02 4.566183237590717567e+02 7.886167048184903328e-01 2.256563948946603304e+01 3.373971851118026279e+02 4.828478496731939629e+01 3.317720449788581050e+02 2.211229553294207761e+01 7.204610592405343823e+02 1.280480446838902253e+01 1.052364917043349124e+03 1.056604579505650288e-01 1.074523980015568668e+03 0.000000000000000000e+00 2.044479019141021681e+01 1.052185264376057745e+02 5.261827940824647385e+02 4.024565648201821659e+02 5.859315987315258099e+02 3.000959256093954082e+02 9.621151112392986988e+02 9.372346098317979113e+02 2.157234660306281455e+02 1.710062339266069671e+02 0.000000000000000000e+00 1.045577133967916552e+03 3.783429095989898201e+02 1.072089811025621771e+02 2.379832990935585002e+01 5.610092443334767722e+02 7.957810724527913635e+02 1.239313500164020088e+00
0.000000000000000000e+00 1.064280172324514979e+03 8.789372751089017299e+01 5.157598178525793742e+01 1.043173114273193960e+03 1.508980416934103630e+01 2.317635568475936054e+02 2.568449156905402901e+02 6.198996884536146013e+01 1.365089287327301236e+03 6.072234484344661496e+02 3.738105327638815645e+00 0.000000000000000000e+00 5.468381705407892923e+00 1.115106685385433138e+02 5.406937840481618878e+02 4.777719307033883211e+01 6.108287737642810953e+02 0.000000000000000000e+00 6.614376994443219360e+01 3.045189768141056685e+00 1.852440223971623027e+03 5.161152472839560232e+02 0.000000000000000000e+00 1.812470378770552202e+02 1.551951460102131477e+03 4.289699901759207705e+02 1.931060405482101885e+02 1.464054433397878370e+02 1.245955494379411903e+03 1.078199495892988580e+03 1.535494759702807812e+02 6.226221377422467640e+02 8.434099594089934726e+02 2.136141591200138805e+02 3.063714248082869893e-02 7.557079403482135831e+02
