output/example_1/lateral_incision_000241.asc
nrows	75
cellsize	13.33333333
xllcorner	0
ncols	75
yllcorner	0
NODATA_value	-9999
[rows 0 to 16 of 75, columns 0 to 36 of 75]
0.000000000000000000e+00 3.111560667785954148e-09 0.000000000000000000e+00 7.593259462781106777e+02 1.366821773850643012e+03 6.938183004394281852e+02 3.322898466254517871e+02 1.334620413499106235e+03 3.989037117104237495e+02 5.961565685188394070e+01 5.057625754280022790e+01 1.194283342739616287e-05 2.638001873447476815e-05 2.026420197800674146e+02 9.274754642652583314e+00 0.000000000000000000e+00 5.412460465191597483e-06 0.000000000000000000e+00 1.430772275955948469e+00 2.055395778728417444e-01 0.000000000000000000e+00 8.214038731092654518e-05 2.132444891575236974e-04 0.000000000000000000e+00 2.052103043362334955e-01 0.000000000000000000e+00 1.467995409988723132e+00 2.394697288128030332e-06 8.592563712945595588e-06 1.072833790534963305e-01 1.059712603314569833e+03 8.672218059349546593e+02 9.240312403002536712e+02 0.000000000000000000e+00 0.000000000000000000e+00 0.000000000000000000e+00 1.698044969286322470e+01
0.000000000000000000e+00 4.091401921824758858e+01 1.094221885439737640e+00 1.088452221270128803e+03 2.215433694015822539e+02 6.896587067175167931e+02 6.506547261953090810e+02 1.718533549982778368e+02 8.758831498710704864e+02 4.728559690507984783e+02 1.182284788785078717e+03 2.756855966895485111e+01 2.075377802363997830e+02 5.254029823123846654e+02 9.127989008906052959e+02 5.102193427577907983e+02 1.871878876377573589e-03 3.663433740567719088e+00 1.230486280620163200e+02 6.218395087870891302e+02 5.895753460504741383e+01 8.763151664203197910e+00 4.623939332681852754e+00 3.924501073987429436e+02 6.283081931985693700e+02 1.560376571681750022e+02 9.662371485168516072e-01 5.540484788662165556e+02 4.266099728048768043e+02 3.092736700459576937e+00 1.088092014467490003e+02 5.909918291010937992e+02 4.843894383846052278e+02 3.655390711571771423e+00 5.044055294350693538e-03 4.922751156755404622e+02 8.514781823694842160e+02
0.000000000000000000e+00 1.159416429426256627e+03 3.153425332473847220e+02 2.694435209317085267e+01 1.493344673971709426e+03 1.178994173178538176e+02 1.209177292591976425e+02 5.933951837629415138e+01 2.828022423624906878e+02 7.840624125210088380e+01 2.871392975900022293e+02 4.432860207062545896e+02 6.284133536495766066e+02 6.906392090243313078e+02 6.554666711732229487e+02 1.547632929706981963e+00 9.052006669395119616e+02 4.399665281923878979e+01 3.701461196145107806e+02 5.010307483547874696e+00 2.944059656166570562e+02 7.281019878365728459e+01 3.920194682828977761e+01 1.158137009707950028e+03 2.035773463045449816e+01 2.864281539873230713e+02 1.020531307329381320e+03 1.974924824548125173e+02 8.450570896477288443e+02 1.333932139612404910e+02 1.205485835812070718e+03 2.469881470047899441e+01 1.513997568704741752e+03 9.099709913976028020e+02 4.347758721150454875e+01 7.641063133101485505e+01 1.140820632723773826e+02
0.000000000000000000e+00 1.660017730194663477e+00 3.299809042342916854e+01 9.841929700831113337e+01 2.671155121484645889e+01 7.475410162557031981e+02 9.784865479032288249e+01 7.648934577012997238e+01 4.327265741080770454e+02 1.515636507971598348e+03 4.246665284208833668e+02 9.421824486091950890e-01 6.342656838788159348e+02 6.185420976064480101e+02 8.722670861843774901e+02 4.185072477741772445e+02 3.074292630017872057e+02 2.057223979954622450e+02 5.362116171372426265e+01 6.701100939545262918e+02 6.115615127832696771e+02 3.579953456608568896e+00 7.265847732884006973e+02 6.047172593572216215e+01 7.706046557289498651e+02 3.709878693872104094e+01 1.274120034014096291e+03 0.000000000000000000e+00 1.965245344489865147e+02 4.269626705348903073e+01 1.640011034361374413e+02 3.441149530972535331e+02 3.937492754197574527e+02 1.110090771287808593e+03 7.947602996034645457e+02 1.632928456347277120e+02 3.066484631320428988e+01
0.000000000000000000e+00 1.010966503447901346e+03 1.199405363077564516e+03 1.922197320849450648e+02 1.435411449079282193e+03 8.455716658011568077e-02 5.656896632210929283e+02 6.923392673704464642e+02 1.479861265206309326e+03 0.000000000000000000e+00 6.086513881116673019e+02 1.807803176662934845e+02 3.474892587926950114e+02 3.672372345905829434e+02 0.000000000000000000e+00 4.364427879792218619e+02 2.864705534824464550e+01 9.187301891094242592e+02 1.164684349039727977e+03 4.278133014591340384e+02 4.032100787076492443e-02 9.303846884914263455e+02 2.143380051320879431e+02 1.656190763010627620e-01 8.236656032241080538e+02 0.000000000000000000e+00 0.000000000000000000e+00 1.303681868211831185e+00 5.448318786478912301e+01 8.136239844855538195e+00 6.040435474280472228e-01 6.318825944031373183e+02 7.194706506583966075e+02 6.677217634172130545e+01 1.608837305384204910e+03 5.398728832881167818e+02 2.657577876317234882e+02
0.000000000000000000e+00 1.595787040558483341e+03 2.960298424442024157e+02 3.736516163925713840e+01 1.461900114350700051e+03 1.729336611702700111e+03 5.362805569108418657e-01 8.634565083039446165e+01 1.859109946135874623e+02 5.847617506555627642e+02 4.760647474749985690e+02 1.081554675810338750e+02 4.105695594580783592e+01 6.231685669067860545e+02 1.605947139607488250e+00 9.395715223190355800e+02 1.675870458988474532e+00 2.571051031236593190e+02 1.524777562739458192e+00 4.617142638916666542e+00 1.304740313278120709e+02 0.000000000000000000e+00 3.054876610090802842e+02 5.770970380375150626e+02 1.723366432253930270e+03 5.735340482835267295e+01 7.475432677732607090e+02 9.208011020692684667e+01 5.953753027984838582e+02 1.378996163937754318e+03 7.934710933181637529e+02 2.623867559771741398e+01 3.748190490344157411e+02 3.849374693888698289e+02 5.998133783393166141e+02 4.232815155023926579e+00 6.649902735252024968e+02
0.000000000000000000e+00 0.000000000000000000e+00 0.000000000000000000e+00 7.123980797373014866e+02 4.893851239226960956e+02 6.943198631967053416e+02 9.602543469605766404e+02 7.746265319791556081e+00 4.899272604573661738e+02 2.104172078293754566e+02 7.854204111683525298e+02 1.136911258774050424e+02 3.216789476574669493e+02 1.716152482942508470e+02 5.523619056777376954e+02 6.926494578457878788e+02 7.730376654121780575e+02 1.114780759557861813e+02 5.423770095028138485e+02 0.000000000000000000e+00 7.566479422536473294e+02 1.581880423932672102e+02 5.896530306113613840e+00 1.771299629681179795e+02 9.497798016790275710e+01 8.067879290425736372e+02 1.341059045320983159e+03 4.225745597238736551e+00 1.949236208553330698e+02 7.687292338760796611e+02 0.000000000000000000e+00 1.499088374919020339e+02 6.839658840165243419e+02 4.410120907254632527e+01 6.004268879463695896e+01 5.658091510641433786e+01 1.116305043975648459e+03
0.000000000000000000e+00 1.073673472685776886e+01 6.335789744839014048e+01 5.950440095697889120e+01 7.856988426894235999e+01 6.042110714006654462e+02 5.526158497443392434e+02 1.277445020392903352e+01 8.217669451577052087e+02 8.436379917440307281e+02 7.675961075003909855e+02 7.812540482038421032e+02 6.706716071324124506e+00 2.811122515506921786e+02 1.263280130999257381e+03 0.000000000000000000e+00 8.392209884703844125e+01 2.680995833634704084e+01 1.399189195282888249e+03 1.132989672033281295e+03 7.486080084291827461e+02 9.350314112051522075e-01 1.296253859398494868e+01 8.890132397364402195e+00 9.824658662752854070e+02 5.680879820853083295e+00 1.773315115405795552e+02 9.269409050557476348e+02 4.025818370046359860e+02 5.086488312575269788e+01 1.023340079197427173e+02 5.279920302841908324e+02 0.000000000000000000e+00 0.000000000000000000e+00 1.625977808866938901e+01 0.000000000000000000e+00 6.108763930862903635e+01
0.000000000000000000e+00 1.582108085023596459e+03 3.723911131825655616e+02 1.627887825791801220e+02 1.217037844101606424e+03 6.884498541214941270e+02 0.000000000000000000e+00 2.310388967473780042e+02 1.205144950876812118e+02 1.446179286614541525e+03 9.799687231317453779e+02 1.429813223193179681e+02 1.168170972382889431e+03 3.731604920279856970e+02 4.065687126529354600e+02 5.393333719494428351e+02 7.617284689376805318e+02 6.747557716159296604e+01 3.116600118104485091e+02 5.994955456536077767e-03 6.183380260295601829e+02 7.850181489761137072e+02 2.077613296339892770e+02 2.018963465066387286e+01 5.983552754373386051e+02 4.877590833113270037e+02 0.000000000000000000e+00 0.000000000000000000e+00 3.843960629442104278e+02 6.932458625990505219e-01 3.497927302713098925e+02 7.920860999273049856e+02 1.011419730861032008e+03 6.324277765373049220e+01 7.679342261500346467e+02 4.528691444400246837e+02 1.106539918019066363e+03
0.000000000000000000e+00 9.382492041638412772e-02 4.028496775303361943e+01 3.987143233040718542e+02 3.923951629550204601e+00 3.813569033162134136e-01 1.694136056139596747e+02 1.098734961677616084e+01 9.326978719288310913e+02 0.000000000000000000e+00 5.182239865052816867e+02 2.586798610682996014e+02 6.953302438680137811e+02 2.859620827215423446e+02 5.268221864473975984e+02 3.396404612268982959e+01 1.257720808004746914e+03 6.551005529424202223e+01 1.462101432894295158e+03 9.553650162447715957e+02 7.014271593753294383e+02 3.966746273215143219e+02 3.894860574465865852e+02 1.848307348539225359e+02 1.604143507589481487e+03 1.253341447784747061e+03 7.041791194985531774e+02 0.000000000000000000e+00 1.242239831198536493e+01 1.215583693505970730e+00 1.027669850074492615e+03 4.248326017511705288e+01 7.820407062094586470e-01 1.345909800727463789e+03 2.009002258493353793e+03 1.252003264457462592e+03 0.000000000000000000e+00
0.000000000000000000e+00 1.285047487604127355e+03 1.603527406416252916e+03 5.912471632821007006e+02 6.552542148771136681e+02 1.146774868188816754e+03 3.575331405939655127e+01 8.021638438173497434e+02 1.799723406513886459e-01 9.427479238046597629e+02 5.728213792525387049e+01 3.719247240636104834e+02 0.000000000000000000e+00 7.122888369982498489e+02 1.443558121024055652e+02 0.000000000000000000e+00 6.277114767210690616e+02 8.866061614503765043e+01 1.402665829936168393e+03 5.193110802797444876e+02 0.000000000000000000e+00 6.929914169424448822e+00 3.519930802049605063e+02 1.490147147210524281e+03 2.711432426204671287e-02 8.829547308420143281e+02 7.422119118339274735e+01 0.000000000000000000e+00 3.575886574071687960e+02 2.791605284125622575e+02 3.934636717351478552e+01 2.538278136436133425e-01 2.482131368875883766e+02 0.000000000000000000e+00 2.899479114339506580e+01 3.149152013624324553e+01 1.686024560218514523e+02
0.000000000000000000e+00 4.298431414480876356e+01 3.185920856073655045e+02 4.279235199736318123e+02 1.038171067481176351e+03 2.538100152830017464e+02 1.820490251325403221e+02 4.386695907225568476e+02 7.711262003176655444e-01 8.172296049391729866e+01 1.002039439187708354e+03 5.138616895108559675e+02 3.124802806065110872e+01 4.224870289777447283e+02 8.035886495144155788e+02 2.861355050803496169e+02 1.208436331149890066e+03 1.020910215512666497e+02 5.889841055568442698e+02 4.304799997776680698e+01 1.356622217034456526e+02 3.240644539418509140e+01 1.071600076753575422e+03 1.772936088186134782e+02 7.523133293042603782e+02 1.414271641127794737e+03 7.052279917576033768e+02 4.180279949572198461e+02 4.106112140407306583e+02 6.492253831493077314e+02 6.775421679673520048e-01 6.312030337912074174e+02 9.715806499500177773e-02 6.306800318258182187e+02 5.585116309522175726e+01 0.000000000000000000e+00 3.294517125528794850e+02
0.000000000000000000e+00 0.000000000000000000e+00 8.475591788766419221e-02 5.760863966737018727e-01 6.643999175976479421e+01 2.971029476883082499e+00 1.915069549746404789e+02 5.070387199233128399e+02 5.771745446569322979e+01 1.217679423351428341e+03 6.312939416154923720e+02 1.737616430839728537e+03 1.564891660700405737e+03 0.000000000000000000e+00 6.068409484889645000e+02 4.644789864139441420e+02 1.150153338332348874e+01 1.438499575730873303e+01 6.120214094880576106e+00 0.000000000000000000e+00 5.543580160016606806e-01 4.516369342551645794e+00 0.000000000000000000e+00 1.488561274241451216e+01 0.000000000000000000e+00 8.601549578345119684e+00 1.543220943310869231e+00 1.049715763971243021e+01 2.396605911925772325e+00 6.212762160263202160e-02 2.184316118630400751e+02 7.119518035300869769e+02 4.248933303350527907e-02 3.157005599709686408e+02 1.247204375266205858e+02 0.000000000000000000e+00 1.998185159618268756e+02
0.000000000000000000e+00 1.271704393705585517e+03 3.232803092395082558e+02 1.283777051600264372e+02 3.269201077637702042e+02 6.164925917346519668e+01 0.000000000000000000e+00 7.438087447499393647e+02 1.614095257492878943e+01 1.172878236337282033e+03 8.074144334871618867e+02 3.230237329151830750e+02 1.052286400604014943e+03 1.409114933352172102e+03 2.124109660752720288e+02 6.735909655604213242e+01 5.368527959652433310e+02 5.091758900916706807e+02 1.511854880694757185e+03 0.000000000000000000e+00 1.517158797782024749e+03 6.841215353827153649e+02 1.158822205985333312e+03 2.217380994537397783e+02 1.572923121417122275e+03 5.746449179367714351e+02 7.117425493379970192e+01 5.348937505862379567e+02 1.394602612331343835e+03 9.911951662976806574e+02 8.171629996244123006e-01 9.187087653387040973e+02 1.412075002631863185e+02 0.000000000000000000e+00 2.779327542996746274e+02 4.273956260426735980e+02 3.533436136772160125e+02
0.000000000000000000e+00 7.254804068097046345e-03 0.000000000000000000e+00 7.219344367756061729e+02 0.000000000000000000e+00 1.798665357229183712e+02 7.065569653801577488e+02 3.210562147367578518e+02 2.962468836251822495e+02 3.056412891402732157e+02 3.374290262186202085e+02 0.000000000000000000e+00 1.142676164262926704e+03 7.817007669960195244e+02 2.187308444585504930e+01 8.777485408253770629e+02 1.426712248448228138e+03 0.000000000000000000e+00 2.340585122701368164e+02 9.480834980986173832e+01 2.069326296014600075e+02 6.312746624194255674e+01 1.008362710789649164e+01 3.605286654076783748e+01 3.406424136573634769e+02 6.758310235804538024e+02 5.489241167414246547e+02 4.031553186005569955e+01 6.682483536177926453e+02 5.314735403304275962e+01 1.660871803454008159e+03 1.249324103421717425e+01 9.002791860858651773e+01 1.256747663151243728e+02 2.279459190253070915e+02 5.713906018452354374e+01 1.566122837067471707e+01
0.000000000000000000e+00 1.154975721577556840e+02 1.423183631930034380e+03 1.186981501257285117e+03 1.192816450591788680e+03 5.671828573855683544e+02 1.315960050453355166e+02 1.258697562353751636e+02 1.032746322681094171e+03 1.056960413401539427e+03 7.051463551833091969e+02 8.222476398662091697e+02 6.530306679621661488e+02 2.226371987129557528e+00 1.169500435886119931e+03 0.000000000000000000e+00 2.267262279168356098e+00 9.501337185503952014e+02 3.607714579261422614e+02 5.401939299733403459e+02 2.932494131252012437e+01 1.030183383489091511e+03 8.247704760418629988e+00 3.473745737501502617e+01 1.317046945777917472e+03 6.680480296475988098e+02 8.483209841089723113e+02 8.483445930441658334e+01 9.400539985013006117e+02 0.000000000000000000e+00 1.412075002631863185e+02 1.600856520997490406e+03 1.394307841189352581e+00 1.067550204751222282e+03 4.452694186875479545e+02 6.397161674237297575e+02 6.441607248408570285e+01
0.000000000000000000e+00 4.454297590893125519e-02 1.587904525230075803e-02 3.065808922747714327e+00 2.164803906562591251e+00 8.633437739506032216e+00 3.174582091311846170e+02 1.240297664680729440e+03 7.291475598484302054e+02 1.006960595601287196e+03 9.168583765301814310e+02 5.611664748354439780e+02 0.000000000000000000e+00 0.000000000000000000e+00 1.279914662756451207e+03 5.981199702745464419e-01 2.568956968049809575e+02 1.259972919120559027e+03 0.000000000000000000e+00 8.788027637795195801e+01 4.983500606499656982e+00 6.993184139018758794e-01 2.974906286313666470e+01 2.489299385664823117e+00 1.155604622993667817e+03 8.481977483781141700e+02 2.379771327632881821e+02 1.045754095367869354e+02 1.046165410700403072e+03 1.620154199498865921e+01 3.973571659863531522e+02 1.959419594129561119e+03 5.544842666083848144e+02 4.287679805513634790e+01 8.199782595736193116e+02 1.562357821218345988e+00 4.043066945657914601e+01
