output/example_1/lateral_incision_000182.asc
nrows	75
cellsize	13.33333333
xllcorner	0
ncols	75
yllcorner	0
NODATA_value	-9999
[rows 51 to 67 of 75, columns 0 to 36 of 75]
0.000000000000000000e+00 4.462780450094953011e+01 3.276745631461204198e+02 1.451323354637936713e+00 0.000000000000000000e+00 0.000000000000000000e+00 6.309692390946879641e+02 7.737898783087922538e+01 1.135638466722763269e+02 7.887731618127861566e+01 7.336878601990459003e+01 1.058741577562186194e+03 4.935974012047515680e-02 4.721430692579608035e+02 5.238680773091499532e+01 1.838705853734934408e+02 3.691950695459463105e+01 4.788691378495696682e+01 4.941692425449304693e+01 3.742386983072621964e-01 9.771942750655410181e-01 7.747848605572024150e-01 8.765300602789794766e+02 4.908457742278184334e-05 0.000000000000000000e+00 8.872843837713479953e-01 1.520719070138933148e+03 6.278206511264987633e-01 5.430484419395081659e+02 0.000000000000000000e+00 0.000000000000000000e+00 0.000000000000000000e+00 4.917541263480876523e+02 0.000000000000000000e+00 0.000000000000000000e+00 0.000000000000000000e+00 5.182362064585026989e-02
0.000000000000000000e+00 7.375273826331206237e+02 1.463202240672539347e+03 5.947502695236602221e+02 1.533753402295599066e+01 1.212027575480543184e+01 1.800674628102402153e+01 4.661741264733843764e+02 4.603764516596779686e+02 9.562527406435304300e+00 3.661054537909662798e+01 1.321794802737151713e+02 0.000000000000000000e+00 7.694091410401083131e+00 1.488031782584630207e+02 6.395044765061440373e+00 4.756424228508403758e+02 3.661512077232164586e+01 2.476803390898075463e+02 8.963286945620474455e+00 3.628850062778513319e+01 2.489026486762833112e+00 1.279088149996918219e+03 7.880633562141180164e+02 0.000000000000000000e+00 8.819350110948821764e-02 9.814812604623308516e+02 0.000000000000000000e+00 2.088916713003389987e+02 2.180369278119471517e+02 4.283102328440705733e-04 3.587097972730045967e+02 0.000000000000000000e+00 7.004797521683540253e+02 3.952488063789652415e+02 7.740834983345914679e+02 0.000000000000000000e+00
0.000000000000000000e+00 6.055167908724661174e+01 1.616886832748758991e+02 4.009236555807247555e+02 1.007468770784798835e+03 1.623369104198639207e+03 2.310499297960212175e+02 1.082688793533472165e+02 2.915286157217613550e+02 3.671693392911666365e+01 2.945519654680891009e+01 6.956002845615073511e+02 1.805772317603369093e+00 2.838609980617316708e+01 7.023883299632781245e+02 9.483434138603081465e+01 7.155402172683042181e+02 9.682400721459988091e+00 5.201562927917848356e+02 6.275679562671459735e+02 0.000000000000000000e+00 4.699798634931307788e+02 4.350604668821052314e+02 1.643510441033242619e+00 2.692411931069877937e+02 9.156636231823637218e+02 1.112621484655125315e+01 8.115359916666041045e+02 9.366467229770942140e+02 1.386348836127951145e+01 7.903835509176406049e+02 1.453539884870893957e+02 0.000000000000000000e+00 1.395480266539739489e+01 6.938421994969301068e+02 2.544619891344981899e-01 3.021565306162473803e+02
0.000000000000000000e+00 9.979875806936086065e+02 1.755878449983945529e+03 5.555595405554342392e+00 4.050078397233038885e+01 1.654414718487608752e+03 6.140928708619244389e+02 3.956687322376124598e+02 0.000000000000000000e+00 8.757040067058312616e-01 1.659525015650819446e+00 4.365994866957940985e+02 1.281496527629681692e+00 7.228695138056795422e-01 5.464489255937955932e+02 3.513748835948220517e+01 1.305643727912512873e+02 4.368696119431044167e+02 6.035288159384410847e+02 1.026807415246323352e+01 1.166580849787048692e+03 1.267191170488424859e+03 2.164997598759267987e+02 1.411130571408951706e+00 1.561211296438716772e+03 1.175452810514501834e+03 3.917580048661445744e+02 1.391763843816181634e+02 1.119286922222350995e+02 7.803596389253466725e+01 4.844205061030651294e+00 4.149794395721573892e+02 2.822865647346807236e+02 8.658588139426994985e+02 4.882590948613627546e+01 1.070306089990369856e+03 4.189975463088622676e-01
0.000000000000000000e+00 0.000000000000000000e+00 9.320944864124245441e+02 4.694666730527303571e+02 6.040876032885931863e+02 1.410212929814082550e+01 3.536708741346466240e+02 1.683629986024553091e+03 4.905561305705267614e+02 0.000000000000000000e+00 8.097542696337769996e+01 0.000000000000000000e+00 2.216908943618987564e+02 1.438090241707984944e+02 8.117567700413341072e+02 1.317127099966500658e+01 6.130880044054122209e+02 1.458041920039488275e+02 7.827299241093310229e+02 3.326003936477926004e+02 4.110563209636381998e+02 1.102551168379862787e+02 1.608226257917158819e+03 1.028809698552561116e+02 1.098349497473593885e+02 1.271144156037145052e+02 6.896793553936744274e+02 7.697518718050416737e+02 1.131150252552665506e+03 9.395053611857588294e+01 3.074455709901683349e+02 3.604212333388842353e+02 7.332784797681958366e+01 6.469356742927006021e-01 2.218892546127598848e+02 6.469356742927006021e-01 4.212338263557834352e+02
0.000000000000000000e+00 3.835962877621389566e+02 1.005410686363627747e+03 1.177111869579006452e+03 4.930089064828752043e+02 1.351148829136920540e+03 4.985030972526390158e+00 4.541369363031651396e+00 4.241093687310701910e+01 7.232063728917495493e-02 0.000000000000000000e+00 8.336563538417852970e-02 1.036021374249240665e+02 2.572815371013697572e+01 2.984270860080674765e+02 1.000259528828470934e+02 1.422609577200998274e+03 0.000000000000000000e+00 1.157625013257892022e+01 1.724445951763851212e+02 1.163498054294717349e+03 3.769435028398681311e+02 1.291872102881854190e+01 1.576224065676015243e+03 1.668306418366383014e+03 2.546942090490059485e+01 7.897031325571173284e+02 8.231349427040801174e+02 3.254410498324663763e+02 1.306772242635655914e+02 6.873917516134797623e+00 4.433427572382386472e+01 4.423126843655295488e+02 0.000000000000000000e+00 4.134175921011014907e+02 1.114194091586184186e+03 5.138741784820034582e+02
0.000000000000000000e+00 4.893420535384744596e+01 0.000000000000000000e+00 0.000000000000000000e+00 8.266451536131672810e+02 1.243172943355335747e+03 3.722124345162977761e+02 7.828535890120992917e+02 3.237425495656183898e+02 8.976994651588022407e+02 4.078815930861843526e+02 1.589130645772087291e+01 4.232473632863531066e+01 1.282543491754368915e+03 7.374217689176475687e+02 1.479528313854000032e+02 1.650989675342738039e+01 5.290958844408572759e+02 1.585656282718501586e+02 1.436674107958085358e+02 2.653601639572834188e+02 1.465389749587651750e+03 0.000000000000000000e+00 9.372464623427089236e+02 3.392616037293860245e+02 1.779153176029915073e+01 1.189182398796871212e+03 4.152212425349549108e+02 1.207216851236802491e+01 5.180906208589498192e+02 6.040459384277116897e+02 0.000000000000000000e+00 3.876898324250654504e+00 7.315950802771270673e+02 7.967408834581340216e+02 3.472083028513616796e+02 1.621005718952753138e+00
0.000000000000000000e+00 0.000000000000000000e+00 5.142989840836040685e+02 1.251710449574230324e+03 1.071257254426036297e+03 2.997711203711759254e+01 2.645587807495418247e+02 7.798022223129909207e+02 5.070592853826913711e+02 5.627214368398579154e+02 2.255353997290404777e+02 1.643585396076004956e+00 5.908681542985053738e+02 1.084025895909658630e+03 1.271012441432504147e+03 2.200248038597378866e+02 1.463623588777816622e+03 1.072298810174368899e+00 4.297501997352630383e+02 5.032976196208529700e+02 1.269717130875590101e+03 1.622090991760137740e+03 1.500663589641539204e+02 9.088365606862455479e+02 9.029792420881522048e+02 3.144431352046257757e+02 1.304167731083441311e+02 1.170997274782154591e+03 2.203875139056568599e+01 1.883023316260948548e+02 3.399757305408375032e+02 1.056846850675230144e+03 8.611640400779549509e+00 6.053280352194309266e+00 3.939656027505548650e+02 5.865953944387168804e+02 3.221055343964928852e+02
0.000000000000000000e+00 3.820924347642373391e+02 9.701613404502229514e+02 5.653685007348320823e+02 2.596096219548617796e+02 6.690694361936793939e+02 5.520808147124719198e+02 6.690439429233313717e+01 8.343204901906013902e+02 5.651305230937402939e+02 4.939629663524234502e+02 6.020818290276183689e+02 0.000000000000000000e+00 5.587120109052211570e-01 1.024419559922341477e+03 2.316062847300370038e+02 1.036706793534764074e+03 6.314572487329729711e+02 9.311831251808023353e+02 6.785782913946013650e+01 2.949089969560235431e+02 5.795512559595266566e+02 1.137499460588591660e+02 5.198862279102198727e+02 5.778260820953516941e+02 1.229921604421894699e+03 7.789162686375436806e+02 1.782491897815014426e+01 3.931350285953089241e+01 5.689027842238246757e-01 5.020312802746018406e+02 3.121960222269763108e+02 4.600395243451937688e+01 1.348454835387052754e+03 1.169333691767754544e+03 2.631784535457823608e+02 7.711124292657941623e+02
0.000000000000000000e+00 0.000000000000000000e+00 1.458987905067047450e+03 8.819077111800601720e-01 5.366510968149021954e-01 6.324264493808556153e+02 3.720554705255951689e+01 2.445228698189342964e+00 0.000000000000000000e+00 4.744722868173004713e+02 1.177145434479642677e-01 5.126384347539833470e+02 1.523009819388389360e+03 1.030208913334161480e+03 3.339992134477720924e+02 5.006349351395377312e+01 9.520856259295842392e+02 1.983656560540644591e+02 4.202224758107307139e+02 2.332791500399395801e+01 0.000000000000000000e+00 2.769962355849605160e+02 1.188574643971987825e+02 1.564738254673159645e+03 3.468199017928674266e+01 3.241767834336244647e+01 8.683822446418854497e+02 2.948685500742091392e+01 1.317009312424021118e+03 1.051944037963836536e+03 1.126948617283733938e+03 5.059361522393560904e+02 1.313411380865304864e+03 1.161015133328322122e+02 1.019894819856474726e+02 1.156720265264916634e+03 6.958996560096689166e+01
0.000000000000000000e+00 6.737950445894854283e+02 1.901626279416138345e+02 1.043732504384455751e+03 1.579952963312964869e+02 1.031170908503999186e+02 6.290250177834237775e+02 8.716710455724322628e+02 6.718027903435951131e+00 6.145176707717337194e+02 2.830251886358032039e+02 5.782007394268540565e+02 7.203914919119703200e+02 2.584410819088715616e+00 4.828672510911310383e+02 1.461444945082164493e+00 4.364439439692792462e+02 1.223870951052866296e+01 1.356392198623885115e+01 4.521552190264556543e+02 1.541035454899470096e+03 1.245348540966245764e+03 1.064324839117173127e+02 3.554057170696721357e+01 1.017304958046840397e+03 9.023084353961232864e+02 3.482740277343621926e+01 6.536825079962732161e+02 3.307994694637323505e+02 2.716366290728377635e+02 1.333890942970714093e+02 7.907442795263502830e+02 8.788370557759213852e+02 5.787124027070249355e+01 1.947197847144867183e+03 1.234192858902936450e+03 9.638285580837552402e+01
0.000000000000000000e+00 8.205535186337751838e+02 2.887223807995239326e+02 7.720691514044912083e+02 2.785929431300305623e+02 3.919579890941955114e+02 0.000000000000000000e+00 6.611360444458501888e+02 1.856971101844951022e+02 5.953495587159270599e+02 6.224571296033556109e+02 7.610996868402303335e+02 1.350918515969076452e+03 0.000000000000000000e+00 7.128392172873790287e+02 1.766488868401355035e+02 4.339877005341828919e+01 2.415020999531074075e+00 9.823123386188581208e+02 6.332806775691393568e+02 1.277956897659459401e+03 1.497117980033085338e+01 9.644343969189279164e+01 1.035739436051090252e+03 1.498204307184392292e+03 7.386879593279728624e+02 6.923032420010265753e+01 1.055862689833723607e+03 8.093476041960130374e+01 2.214847930625613581e-01 4.974211785295108825e+02 9.068292734419362944e+01 1.978012702433663890e+02 3.296995011204513730e+02 5.571501956784742333e+02 2.091061615146408670e+01 1.381588546398976973e+02
0.000000000000000000e+00 2.606344099809597878e+02 3.115728406812119147e+02 9.416780413937304957e+02 6.940139009129296710e+02 3.398879793268346248e+02 5.045819081410474194e-01 6.526998667263632115e+02 1.182635275386962803e+03 2.651756719635315562e+02 3.160770606841230688e+02 3.179717751054519681e+02 9.422212839822307728e+00 1.178397145878030869e+02 4.733895536713256291e+01 3.565623086614344288e+02 4.900621066037710556e-09 1.258100834548196190e+02 2.629985153887645311e+01 3.394640349708762983e+02 2.452271310357927170e-01 1.463237682534856958e+03 1.373766009791143006e+03 2.080130032508069604e+00 1.118970785739134271e+03 2.694856879171494484e+02 4.365097706335592420e+02 5.566744646737512312e+02 7.208246012163259593e+02 2.928216858376651430e+02 2.296976219808224471e+02 5.601574065284994504e+02 3.049735654624279846e+02 1.492300679008560337e+03 3.229257675260713967e+01 1.023758892447861285e+03 1.741616882451523054e+02
0.000000000000000000e+00 1.811395420326521446e+02 8.118626263429080154e+02 1.748205462164522714e+02 1.532464960315115263e+02 1.371696622627426265e+01 1.151436052626683932e+03 4.205618415563038752e+02 1.757829425803955246e+03 6.574347161932004724e+01 5.729054690883450576e+02 1.513962800635679571e+02 9.679970399074347824e+02 8.476142859549211153e+02 3.501104763295572866e+02 3.686114551115277749e+01 1.324562277778246333e+01 7.599775296858622369e+02 7.147896147950646082e+02 4.967442360816356199e+02 3.199545131944782952e+02 5.649355851251515332e+02 5.723280739625189426e+02 2.396996110315764099e+02 0.000000000000000000e+00 0.000000000000000000e+00 2.504238338189576893e+02 0.000000000000000000e+00 6.623734052611048639e+01 2.550580934791961738e+02 4.729517119840137411e+02 9.627673910760511262e+02 6.585577911895386478e+02 7.212396183962639498e+02 6.611786953850510296e-01 7.461682181009899750e+02 4.246061668942286929e+02
0.000000000000000000e+00 9.158653082866871955e+02 6.187112566562319671e+02 1.696995154999535089e+03 1.161868130582042340e+03 4.069522704808111371e+02 3.698771027505042071e+02 1.368197225716396360e+03 7.934370879472150762e+01 1.419612965514140797e+03 6.266340192353762859e+02 5.921375129383077365e+02 0.000000000000000000e+00 1.257835523303439459e+03 1.034371626644539743e+00 1.131313548083674732e+03 9.004496004610674618e+02 4.225193707179477620e+00 6.717201586678803551e+02 4.344388819079663335e+02 5.266730994467819471e+01 1.801056823328293603e+02 4.566601978005068645e+02 1.520137303554888376e+03 0.000000000000000000e+00 2.744272020925303650e+02 6.284765434078702810e+02 7.593566541618267820e+02 4.256375024341887414e-01 1.359068082329600031e+02 6.819166989165228188e+01 2.244223966677641613e+02 0.000000000000000000e+00 1.343302726132487521e+02 4.157581553838285231e+02 3.296980486344435946e+01 4.262142976693104401e+02
0.000000000000000000e+00 1.100470647297849425e+01 1.779446513495942239e-01 5.720115154348957276e+01 1.659850977563325003e+01 2.982109037711137489e+01 3.179503785437376706e+01 0.000000000000000000e+00 0.000000000000000000e+00 0.000000000000000000e+00 1.738518807935509187e+02 0.000000000000000000e+00 7.356227564379626926e+01 8.951060054238968178e+02 3.411504730358104975e+00 1.238400468965329537e+03 2.490298631744951308e-01 7.244153465958581819e+02 0.000000000000000000e+00 3.866656640014904269e+02 2.984244616805441979e+02 4.271926453268292079e+01 3.222444716788247092e+02 1.128208401125848695e+03 2.856590609058094969e+02 2.542249791161866028e+02 4.340998300922913131e+02 0.000000000000000000e+00 4.577660621967990551e+02 2.544331623021220139e+02 9.725503550625404614e+01 1.547755481898696644e+03 1.536525568296723918e+02 5.911784548515091728e+02 1.726688653836678213e+02 6.627952407517678068e+01 2.993287992402592934e+01
0.000000000000000000e+00 7.863656352987449054e+02 2.500686735604679711e+02 8.662026454464489689e+02 3.790512062690395396e+02 1.523237847078755067e+03 1.211549399738265038e+03 4.473195856577665381e+02 0.000000000000000000e+00 0.000000000000000000e+00 0.000000000000000000e+00 1.184791029811097815e+03 0.000000000000000000e+00 5.137093891828043297e+02 9.629643820524734110e+00 1.212398904763727160e+03 5.597695067070580990e+02 1.953272146638100821e+02 6.821755302670806032e+02 6.761561182503730549e+01 9.664647592058251746e+00 0.000000000000000000e+00 5.731876984331859148e+02 8.724703196926470810e+02 8.852530008698742403e-01 4.868262804511701347e+02 0.000000000000000000e+00 2.475113739979595664e+02 3.111615006140075366e+02 2.204464878231304112e+02 1.129375273621288670e+03 1.696288725616805948e+01 7.664156965252764167e+02 6.918402075089637719e+02 3.040026635136197797e+02 1.234407484340024119e+00 2.230846207697332204e+02
