output/example_1/lateral_incision_000181.asc
nrows	75
cellsize	13.33333333
xllcorner	0
ncols	75
yllcorner	0
NODATA_value	-9999
[rows 51 to 67 of 75, columns 0 to 36 of 75]
0.000000000000000000e+00 4.462780450094953011e+01 3.276745631461204198e+02 6.989065661567195331e-01 0.000000000000000000e+00 0.000000000000000000e+00 6.302338059766881315e+02 7.737898783087922538e+01 1.135638466722763269e+02 1.612611037668549443e+03 7.028259983929110888e+01 1.006388360371090585e+03 4.935974012047515680e-02 4.721430692579608035e+02 5.238680773091499532e+01 1.075264057679869012e+02 3.418046068246601266e+01 1.737153298574828113e+03 2.105362111268042099e+03 3.742386983072621964e-01 9.771942750655410181e-01 7.747848605572024150e-01 8.765300602789794766e+02 5.643523229123311619e-06 0.000000000000000000e+00 8.872843837713479953e-01 1.294659287442822233e+03 6.278206511264987633e-01 5.389623307041503040e+02 0.000000000000000000e+00 0.000000000000000000e+00 0.000000000000000000e+00 0.000000000000000000e+00 0.000000000000000000e+00 0.000000000000000000e+00 0.000000000000000000e+00 0.000000000000000000e+00
0.000000000000000000e+00 6.617339842392103719e+02 1.318431242187934458e+03 5.947502695236602221e+02 1.452740241631089901e+01 1.212027575480543184e+01 1.800674628102402153e+01 4.661741264733843764e+02 4.594583670872632979e+02 1.613369259264477478e+03 1.371106619758934997e+01 1.267860304789400914e+02 0.000000000000000000e+00 7.694091410401083131e+00 1.163273110742291720e+02 4.901738246585757963e+00 3.721447251186529002e+02 8.094050000716301838e+02 2.474303534029076559e+02 8.963286945620474455e+00 3.628850062778513319e+01 2.489026486762833112e+00 1.279088149996918219e+03 6.028146982659972082e+02 0.000000000000000000e+00 8.816880446142200123e-02 9.814812604623308516e+02 0.000000000000000000e+00 1.779978088152272164e+02 6.038324067615457125e+01 1.725782192863348428e+03 1.098107802727655256e-03 8.956968539131946727e+02 5.540654851383790174e+02 4.009580804587983494e+01 2.372617924716544451e+02 0.000000000000000000e+00
0.000000000000000000e+00 6.055167908724661174e+01 1.616886832748758991e+02 2.792054735743819265e+02 9.090192511160925051e+02 1.623369104198639207e+03 2.310499297960212175e+02 1.082688793533472165e+02 2.915286157217613550e+02 2.406436083747412624e+01 2.749270129594113143e+01 6.945563796483795613e+02 1.805772317603369093e+00 2.838609980617316708e+01 5.518836553525446789e+02 8.151839173118500526e+01 4.091568553231997498e+02 8.933043195418292726e+00 5.201562927917848356e+02 6.275679562671459735e+02 0.000000000000000000e+00 4.699798634931307788e+02 2.225263353259586836e+02 3.321550013800487755e-01 5.229740529892466583e+01 9.156636231823637218e+02 1.112621484655125315e+01 8.115359916666041045e+02 8.562505060625685473e+02 7.557866273652125599e+00 7.138385982394260054e+02 1.453539884870893957e+02 0.000000000000000000e+00 7.684187931070471378e-02 6.530964722668850300e+02 1.675255489581649499e+03 2.968500145126705547e+02
0.000000000000000000e+00 9.248130652078097000e+02 1.575118479055221997e+03 5.555595405554342392e+00 4.050078397233038885e+01 1.596239016086056608e+03 5.292976247082423242e+02 3.956687322376124598e+02 0.000000000000000000e+00 8.757040067058312616e-01 1.659525015650819446e+00 4.365994866957940985e+02 1.281496527629681692e+00 7.228695138056795422e-01 4.353476170235408063e+02 2.647685847489920619e+01 1.726852837435026458e+03 4.368696119431044167e+02 6.035288159384410847e+02 1.026807415246323352e+01 1.166495741002697514e+03 1.267191170488424859e+03 7.523836990351347822e+02 1.053141955506652794e+00 6.271692662699289258e+02 1.175452810514501834e+03 3.917580048661445744e+02 1.391763843816181634e+02 2.905079142124534286e+01 7.259525661959182230e+01 1.134480900995063394e+03 4.149794395721573892e+02 2.822865647346807236e+02 8.484605366317218795e+02 4.882590948613627546e+01 1.059424107844088894e+03 4.189975463088622676e-01
0.000000000000000000e+00 0.000000000000000000e+00 9.320944864124245441e+02 4.126431950993304554e+02 4.566960345595997524e+02 1.410212929814082550e+01 2.850515022822601168e+02 1.555704887736597357e+03 4.828827396468356028e+02 0.000000000000000000e+00 8.097542696337769996e+01 0.000000000000000000e+00 2.216908943618987564e+02 1.055277914995460833e+02 6.300085888183091356e+02 1.175697724908421193e+01 4.959574914633109870e+02 1.458041920039488275e+02 7.827299241093310229e+02 3.326003936477926004e+02 4.110563209636381998e+02 9.927162946586682324e+01 1.432109497808471815e+03 5.136992981037673189e+01 1.661709243432264600e+02 9.724051457490598693e+01 6.896793553936744274e+02 7.697518718050416737e+02 1.098182602504553188e+03 8.664882543113188262e+01 2.288423766317435195e+02 3.604212333388842353e+02 7.332784797681958366e+01 6.469356742927006021e-01 2.116058314144087547e+02 6.469356742927006021e-01 4.212338263557834352e+02
0.000000000000000000e+00 3.558123779698175895e+02 9.976745256957036645e+02 1.177111869579006452e+03 4.082136603291939991e+02 1.320025815071046736e+03 4.148189716033001240e+00 3.712548124214153589e+00 3.373807997747658050e+01 7.232063728917495493e-02 0.000000000000000000e+00 8.336563538417852970e-02 9.381082462532090460e+01 2.572815371013697572e+01 2.310622238903225423e+02 7.820749416348913030e+01 1.393794689485439221e+03 0.000000000000000000e+00 1.157625013257892022e+01 1.724445951763851212e+02 1.127485566737081854e+03 3.769434999469464742e+02 1.291872102881854190e+01 1.358606967450775073e+03 1.602957379070724755e+03 2.546942090490059485e+01 7.850811177256916835e+02 8.231349427040801174e+02 3.020805859351905838e+02 1.287911194594602478e+02 1.114365843457344226e+03 4.433427572382386472e+01 4.423126843655295488e+02 0.000000000000000000e+00 4.134175921011014907e+02 1.114194091586184186e+03 5.138741784820034582e+02
0.000000000000000000e+00 3.289761654491748288e+01 0.000000000000000000e+00 0.000000000000000000e+00 8.266451536131672810e+02 1.243172943355335747e+03 3.677114649772985331e+02 7.156573981503562436e+02 2.947240493493470126e+02 8.976994651588022407e+02 4.078815930861843526e+02 1.589130645772087291e+01 4.232473632863531066e+01 1.234111937013501574e+03 7.114852584279047960e+02 1.402818227128071555e+02 1.351147266489087606e+01 5.290958844408572759e+02 1.585656282718501586e+02 1.436674107958085358e+02 2.653601639572834188e+02 1.374041323227583689e+03 0.000000000000000000e+00 9.173177031613372492e+02 2.888970944608917648e+02 1.698567442086245549e+01 1.117115411002816927e+03 4.152212425349549108e+02 4.353514990230166859e+00 5.115708776119177514e+02 6.028939111731532421e+02 0.000000000000000000e+00 3.876898324250654504e+00 6.912786551754238644e+02 7.782822117227942726e+02 3.472083028513616796e+02 1.621005718952753138e+00
0.000000000000000000e+00 0.000000000000000000e+00 4.973492823978752995e+02 1.251710449574230324e+03 1.071257254426036297e+03 2.909259655257407218e+01 2.645587807495418247e+02 7.798022223129909207e+02 5.070592853826913711e+02 5.627214368398579154e+02 2.255353997290404777e+02 1.643585396076004956e+00 5.908681542985053738e+02 1.084025895909658630e+03 1.218618120932581860e+03 2.123331795604128160e+02 1.447170120517519535e+03 1.072298810174368899e+00 4.297501997352630383e+02 5.032976196208529700e+02 1.259787176547292802e+03 1.348603526841686971e+03 1.360119753976786114e+02 5.335952020680944088e+02 9.029792420881522048e+02 2.917101360510341124e+02 1.304167731083441311e+02 1.157370015158858450e+03 2.203875139056568599e+01 1.883023316260948548e+02 3.399757305408375032e+02 1.056846850675230144e+03 8.611640400779549509e+00 6.053280352194309266e+00 3.939656027505548650e+02 5.659789080327328747e+02 2.641187034380452019e+02
0.000000000000000000e+00 3.820924347642373391e+02 9.701613404502229514e+02 5.438104685492562567e+02 2.127456547401221769e+02 6.690694361936793939e+02 5.520808147124719198e+02 6.690439429233313717e+01 8.343204901906013902e+02 5.651305230937402939e+02 4.939629663524234502e+02 6.020818290276183689e+02 0.000000000000000000e+00 5.587120109052211570e-01 9.902401892615273482e+02 2.316062847300370038e+02 1.007216745862755829e+03 6.314572487329729711e+02 9.311831251808023353e+02 2.359385713048801492e+01 2.333941021170160752e+02 3.053954352845491940e+02 1.133401651307178355e+02 2.593107471150128163e+02 5.778260820953516941e+02 1.229108769556384004e+03 7.662947257649598214e+02 1.701276118493111511e+01 3.856599779636574965e+01 5.689027842238246757e-01 5.020312802746018406e+02 3.121960222269763108e+02 4.600395243451937688e+01 1.272907057607027355e+03 1.130236995976468052e+03 2.631784535457823608e+02 7.384396346359942527e+02
0.000000000000000000e+00 0.000000000000000000e+00 1.405500193706069467e+03 8.819077111800601720e-01 5.366510968149021954e-01 6.232584238177090583e+02 3.720554705255951689e+01 2.445228698189342964e+00 0.000000000000000000e+00 4.735369962890997613e+02 1.177145434479642677e-01 5.119474401832445665e+02 1.523009819388389360e+03 1.030208913334161480e+03 3.339992134477720924e+02 5.006349351395377312e+01 9.520856259295842392e+02 1.983656560540644591e+02 4.202224758107307139e+02 2.332791500399395801e+01 0.000000000000000000e+00 6.278797691977672457e+01 8.471019822992916204e+01 1.421524092160294003e+03 3.468199017928674266e+01 3.241767834336244647e+01 8.683822446418854497e+02 2.948685500742091392e+01 1.317009312424021118e+03 1.051944037963836536e+03 1.126948617283733938e+03 5.059361522393560904e+02 1.313411380865304864e+03 1.161015133328322122e+02 4.400265102719936294e+01 8.965370611583938398e+02 2.566459151456022596e+02
0.000000000000000000e+00 6.415089435171324794e+02 1.901626279416138345e+02 1.000690315017733042e+03 1.195595780994122350e+02 1.031170908503999186e+02 6.290250177834237775e+02 8.708262678224056117e+02 6.718027903435951131e+00 6.000367583354108092e+02 2.753572907947637418e+02 5.670120348282238183e+02 6.821648406496235566e+02 1.535917430042673892e+00 4.828672510911310383e+02 1.461444945082164493e+00 4.364439439692792462e+02 1.223870951052866296e+01 1.356392198623885115e+01 4.077163406261319665e+02 1.507686149109528969e+03 9.705536450343562365e+02 1.046433859780974416e+02 8.070012132562791294e+02 1.017304958046840397e+03 9.023084353961232864e+02 3.482740277343621926e+01 6.536825079962732161e+02 3.307994694637323505e+02 2.716366290728377635e+02 1.322698917123287856e+02 7.365251381733243079e+02 7.948142607032008300e+02 5.263554818201746599e+01 1.693987128923311957e+03 1.052908030159779400e+03 4.034080529993776310e+01
0.000000000000000000e+00 7.644536283818720221e+02 2.887223807995239326e+02 7.720691514044912083e+02 2.785929431300305623e+02 3.919579890941955114e+02 0.000000000000000000e+00 6.611360444458501888e+02 1.738168418219876230e+02 5.934217435763700905e+02 5.650228499474910677e+02 6.624252933371711833e+02 1.271108297410868545e+03 0.000000000000000000e+00 7.027211689875300635e+02 1.766488868401355035e+02 4.339877005341828919e+01 2.415020999531074075e+00 9.495523805403357755e+02 5.694983259820132844e+02 1.242517996583693730e+03 3.880909663950085360e+02 5.484391973338512116e+01 9.653780066603399064e+02 1.387408016047451383e+03 7.386879593279728624e+02 6.923032420010265753e+01 1.055862689833723607e+03 8.093476041960130374e+01 2.214847930625613581e-01 4.874951614287450639e+02 8.618172995947581683e+01 1.967664654694609965e+02 3.288527736207292946e+02 3.820871901980867733e+02 2.037430446164558617e+01 1.674570723066983419e+03
0.000000000000000000e+00 2.606344099809597878e+02 3.115728406812119147e+02 9.416780413937304957e+02 6.940139009129296710e+02 3.268078302827519792e+02 5.045819081410474194e-01 6.518336023330019771e+02 1.179884686673588021e+03 2.035453307581986451e+02 2.601147078311313408e+02 2.957414103062332629e+02 9.422212839822307728e+00 8.159024649265344920e+01 4.733895536713256291e+01 3.565623086614344288e+02 4.900621066037710556e-09 1.258100834548196190e+02 2.629985153887645311e+01 3.235837226407316507e+02 2.452271310357927170e-01 1.414991374243968494e+03 1.311575860206728521e+03 2.080130032508069604e+00 1.068802369099936186e+03 2.516504390446841342e+02 4.365097706335592420e+02 5.566744646737512312e+02 7.208246012163259593e+02 2.928216858376651430e+02 2.217951585806109165e+02 5.487686815580271968e+02 2.214591717654701597e+02 1.411436880255257165e+03 2.634192223098527563e+01 7.384519718562816024e+02 1.723009472329403479e+03
0.000000000000000000e+00 1.425191643937381798e+02 8.093560568249467906e+02 1.748205462164522714e+02 1.139532365562619418e+02 1.371696622627426265e+01 1.107414731193409352e+03 4.205618415563038752e+02 1.678062025626347122e+03 6.574347161932004724e+01 5.049755373129090685e+02 1.236823346522237017e+02 9.679970399074347824e+02 8.476142859549211153e+02 3.501104763295572866e+02 3.686114551115277749e+01 1.324562277778246333e+01 7.599775296858622369e+02 6.751348968267890314e+02 4.099537836950316887e+02 3.163844617925531679e+02 5.593473338990404500e+02 4.803494183008543246e+02 1.942303260927552060e+02 0.000000000000000000e+00 0.000000000000000000e+00 2.405101478034728757e+02 0.000000000000000000e+00 6.623734052611048639e+01 2.550580934791961738e+02 4.617071856634750588e+02 9.601053240263232738e+02 6.142797740873903649e+02 3.552731749747413232e+02 6.611786953850510296e-01 2.178329996850900727e+02 4.240253238746302600e+02
0.000000000000000000e+00 8.446029655728345915e+02 3.497710287381942607e+01 1.084174026291141899e+03 5.282124343248048035e+02 3.157225567814865030e+02 1.616224714567962337e+03 1.368197117527060755e+03 7.934370876070890688e+01 1.341188112962608557e+03 5.918674811799320423e+02 5.921375129383077365e+02 0.000000000000000000e+00 1.257835523303439459e+03 1.034371626644539743e+00 1.131313548083674732e+03 9.004496004610674618e+02 4.225193707179477620e+00 6.717201586678803551e+02 4.344388819079663335e+02 5.266730994467819471e+01 1.801056823328293603e+02 4.566601978005068645e+02 1.516422763067721689e+03 0.000000000000000000e+00 2.690051060262587157e+02 6.284765434078702810e+02 7.593566541618267820e+02 4.256375024341887414e-01 8.266988644093326855e+01 4.371944318585883593e+01 2.174016617461001317e+02 3.261231479800705415e+02 5.252910244777910975e+01 3.063188846963961396e+02 1.994432063990979032e+01 4.262142976693104401e+02
0.000000000000000000e+00 0.000000000000000000e+00 1.772789478180477545e+03 4.641736458094162288e+01 1.293325088617274687e+01 2.306616203682130717e+01 2.797496882237114590e+01 0.000000000000000000e+00 0.000000000000000000e+00 0.000000000000000000e+00 1.540497263118330977e+02 0.000000000000000000e+00 6.355634968148728348e+01 8.951060054238968178e+02 3.411504730358104975e+00 1.237621635842449223e+03 2.490298631744951308e-01 7.161675133395539206e+02 0.000000000000000000e+00 3.866656640014904269e+02 2.984244616805441979e+02 4.271926453268292079e+01 3.222444716788247092e+02 1.110370334617457729e+03 2.700830730168501645e+02 2.361681854762543082e+02 4.340998300922913131e+02 0.000000000000000000e+00 4.391639296490166657e+02 2.544331623021220139e+02 5.372647248349436211e+01 1.364786916497002039e+03 1.156023835369928321e+02 4.745273942336539221e+02 1.529907091651315341e+02 6.627952407517678068e+01 2.993287992402592934e+01
0.000000000000000000e+00 7.430924981404772325e+02 1.484238549456243163e+03 2.532602743095621065e+02 6.276668225661584302e+02 9.343488492957649214e+02 6.977966520649619042e+02 4.313722102427823302e+02 0.000000000000000000e+00 0.000000000000000000e+00 0.000000000000000000e+00 1.138597187945975293e+03 0.000000000000000000e+00 5.036733237205981482e+02 9.629643820524734110e+00 1.210804563607791806e+03 5.401749904418725237e+02 1.757435019772761962e+02 6.748005863147367336e+02 6.761561182503730549e+01 9.664647592058251746e+00 0.000000000000000000e+00 5.731876984331859148e+02 8.332349672365281776e+02 8.852530008698742403e-01 4.544617458719225169e+02 0.000000000000000000e+00 2.371580506870408556e+02 3.111615006140075366e+02 2.014698549885486329e+02 1.115762552961590472e+03 1.605649307419175287e+01 6.375718084511522648e+02 6.906116967094143320e+02 3.040026635136197797e+02 3.609958790717674448e-01 2.230846207697332204e+02
