output/example_1/lateral_incision_000382.asc
nrows	75
cellsize	13.33333333
xllcorner	0
ncols	75
yllcorner	0
NODATA_value	-9999
[rows 17 to 33 of 75, columns 0 to 36 of 75]
0.000000000000000000e+00 2.131878045160391935e+02 9.447329762904637391e+02 5.859314140463806098e+02 1.277101583337599600e+00 1.633893645264273786e+01 5.018282154526822580e+00 5.016853115217045200e+01 2.969640898177632948e+02 1.564921467572419488e+03 6.625161391891870588e-01 1.762905357398068640e+00 1.566395510917043410e+01 1.059534702828547381e+01 5.437034106514827769e+00 2.252813094366328261e+00 4.677833262230668865e+00 1.372002696449897030e+00 0.000000000000000000e+00 0.000000000000000000e+00 1.082643596092308599e+03 5.472563891515130763e+02 0.000000000000000000e+00 7.081006078062160896e+02 1.708778354919228804e+00 9.524079456290194230e+02 0.000000000000000000e+00 1.158192964035684547e+01 4.817472064028764933e+00 3.857032972288068322e+02 5.425550946963736578e+02 9.981237450878489847e-02 3.183989154678354794e+02 8.329480866304207893e+02 0.000000000000000000e+00 8.065896757897010616e+01 6.273874765928609349e+02
0.000000000000000000e+00 3.038240228043568436e+01 0.000000000000000000e+00 6.950660832911483844e-01 3.639089529604937070e+02 7.274804165074291404e+02 7.044188744425490540e+02 9.467184707893712137e-01 1.730715669832362469e+00 3.184124024800812913e-01 1.976356336320125138e+02 8.476039879180864318e+02 1.479213691378862222e+03 0.000000000000000000e+00 4.175423567785312571e+02 7.519489316850263094e+02 1.250989759277560324e+03 8.388858703461169242e+00 0.000000000000000000e+00 5.376708265856987055e+02 1.012734027822845860e+03 3.363550244978304704e+02 4.199034477520214637e+02 2.527192361591403369e+02 4.467587650920911102e+01 7.012921459672728588e+02 6.005940110122072610e+02 0.000000000000000000e+00 0.000000000000000000e+00 6.468441031961364160e+02 2.489905120133678622e+02 4.086507435135667947e+02 1.568751953452637871e+01 5.557017212206603745e+02 2.326333224105273700e+01 0.000000000000000000e+00 1.578724012276905114e+03
0.000000000000000000e+00 1.538893193340996049e+03 0.000000000000000000e+00 0.000000000000000000e+00 6.240947939517129726e+02 1.182399134131104802e+03 3.380065086117658524e+01 3.453287540244871057e+00 7.623651338607398884e+02 8.019091668739445140e+02 1.064618497727099111e+03 6.264079056142525133e+02 5.960834469520355228e-01 6.693736966447881853e-01 4.660373289074883587e+02 0.000000000000000000e+00 1.175114448927728006e+02 1.632413220008689905e+02 1.620549496643263637e+03 1.799517682218381598e+00 1.094311222669998415e+03 2.901992230815942388e-07 2.594893774551479169e+02 2.282595641665518826e+02 2.370603927011226464e+00 3.733817239886528938e+01 3.298475217294403024e+02 3.668650998280914877e+01 1.109423186646093171e+02 8.418412576685493605e+02 7.887445333962971006e+01 8.682956249967129452e+02 1.874583102812866002e+02 2.379050780476813713e+02 5.459083226291328401e+02 9.290180472948138686e+02 2.294931652715527548e+02
0.000000000000000000e+00 3.129460136764240730e+00 5.857011791771029721e+02 0.000000000000000000e+00 0.000000000000000000e+00 8.408782072515762138e+02 4.543449994187910193e+02 1.311446855473362348e+03 3.348943301546536966e-01 9.735064792183010240e+02 6.970883012894133799e+02 1.086927765970646362e+02 7.252164740732239352e+02 4.686823750097769903e+02 1.052733822476081684e+02 1.207645528653519477e+03 8.751797175195263900e-01 1.251041094311446841e+03 0.000000000000000000e+00 0.000000000000000000e+00 3.060902266818320072e+02 1.209913461238604896e+03 1.189263267578431709e+02 1.052739565550101361e+03 6.610432421917306556e+02 4.025538954118633228e+02 2.686892742069518931e+02 2.062756555812180181e+02 3.236536532334004619e+02 8.973029415396156310e+02 5.055673956928450821e+02 8.508400468719365506e+01 2.004555714577020069e+02 7.148468530892729405e+02 3.120395732496161827e+02 7.612173737137349860e+01 4.214695974790419655e+02
0.000000000000000000e+00 0.000000000000000000e+00 9.324558020728157715e+01 2.570777743479883526e+00 0.000000000000000000e+00 7.066086931193176497e+02 0.000000000000000000e+00 1.553481519583885074e+03 5.413597559145761124e+02 2.221213752837514335e+02 1.092123868860808670e+03 9.779075250624281352e+02 7.004311615508545401e+02 2.129911227475918878e+01 7.076739093680107544e+02 1.252099749343235686e+02 1.536536628000807013e+03 1.380014132083010281e+03 1.609960752971698867e+03 2.673628133597042833e+01 8.627309043807891840e+02 8.971817740802855496e+02 7.882460316167025667e+02 7.903794342519090605e+02 3.849765162467016921e+02 9.261894175691403461e+02 7.937983003359752274e+02 2.322232718241577913e+02 2.055802097028206674e+02 9.757334602557124299e+02 1.336343575632781949e+03 4.600702075915113198e+01 8.678908246883379434e+02 4.024384397514938314e+02 7.369408446034783822e+01 0.000000000000000000e+00 0.000000000000000000e+00
0.000000000000000000e+00 4.380685148566598741e+02 1.170330734032609826e+03 5.970081559010964156e+02 7.457758035109197863e+02 1.142809374544191314e+03 1.590396803843756035e-01 1.502226614614467337e+02 9.031860261819830384e+02 1.203350476272976266e+03 0.000000000000000000e+00 1.779338098818999470e+02 1.045029862224949966e+03 3.990989427581830569e+02 2.861371296645500593e+02 8.330505295284741862e+01 1.173324638674657763e+03 2.507371641760583145e+02 0.000000000000000000e+00 1.583991355201291753e+03 3.458890577676991374e+00 1.596577919279957314e+03 3.806928084755672330e+02 3.934082987666411100e+02 5.082742667614382270e+01 3.670286198682649115e+01 1.193319844015959603e+02 7.110355668659778985e+02 1.002050564060232432e+03 1.342982418488667918e+03 2.466475960729397912e+02 0.000000000000000000e+00 4.612961355307926965e+02 1.604624268572002022e+00 1.901043421882515361e+02 6.915156532489428400e+02 1.139918460984790954e+03
0.000000000000000000e+00 6.244479035610623896e+01 7.019355731802669141e+00 5.234585170190928949e+00 5.553060152860813226e+00 1.692598587696113555e+02 4.162584173103945773e+02 1.458158896665957904e+01 9.887798554263712347e+00 7.246095000690485222e+02 3.690443802414324068e+02 4.801890220261626752e+01 6.740894219321842229e+02 9.910105266823894965e+01 3.746763219042132391e+02 2.696612175494300345e+01 5.612603080808282812e+02 5.272776980968145608e+02 2.612756650286402760e+02 2.074473850813382342e+03 7.497883597051543347e+02 9.881807282495769229e-01 2.450587036394995550e+02 1.897715104039299661e+00 1.117246087884303279e+03 1.764304696048213373e+03 1.113989786331275411e+02 1.128178470053673088e+01 3.416504003874892281e-01 4.522831475786613376e-01 8.499499847936405672e+01 5.544768044806091893e+02 1.404671885151266224e+02 7.919165791127243947e-01 1.826077747132043783e+02 2.749606865958330673e+02 6.058505144966902733e+00
0.000000000000000000e+00 4.097728557470596797e+02 1.063781100804571224e+03 9.497152289525555489e+02 1.126533746002346135e+02 9.670904854154800887e+02 7.050175925199682752e+02 4.443230771252969475e+02 2.386340617120737963e-06 1.112492899171364343e+03 7.501658394020449805e+02 5.991051612067698429e+00 7.133334544708828844e+02 8.931648962957930280e+02 5.406034460493370943e+02 1.609578893143706750e+02 3.144094278511640255e+02 3.053587380295668936e+02 4.906247302504651202e+02 1.267520982867845987e+03 1.964998412859685004e+02 3.684536128628437268e+01 1.613793021344337831e+03 8.551425612750986147e+02 4.426184513306145263e+00 1.865428275765693700e+00 1.634298823638815463e+02 8.363929183751712060e+01 8.132871265568890067e+02 3.447117795091230619e+02 1.306377740853008795e+01 2.652763902126665485e+01 0.000000000000000000e+00 1.144461464690204139e+03 1.449986402715947861e+03 0.000000000000000000e+00 3.880143044491238129e+02
0.000000000000000000e+00 8.009779968075959005e+02 4.354677309933367990e-01 8.683364108629538123e+02 2.747209102140098480e+02 3.523034770251922509e+02 1.000617471867344761e+03 5.956410458129852981e-02 2.359336373390686958e+02 6.863919492920601897e+02 1.077735202890823302e+03 8.540581125450003128e+02 6.492563817915315667e+02 1.470805479760873027e+02 5.705362501588773512e+02 0.000000000000000000e+00 2.144109801799728530e+02 2.609436300681325633e+02 1.232574172488154090e+03 8.568884770987624506e+02 1.193873473983906734e+02 2.733098232228378492e+02 1.091032389128147040e+00 1.162860168668423057e+03 2.102507892351712144e+03 8.998823861445756620e+02 4.688632306472395044e+02 7.342378356492297371e+02 1.231309066158144788e+03 1.128367115233818140e+03 5.713186803788150883e+02 2.454877509241406415e+02 8.113588059051263457e+00 6.641950879412020186e+02 4.972861397569118935e+01 3.506925750813084619e+02 8.575631648991155771e+02
0.000000000000000000e+00 7.482266778690411684e+02 6.795571519181405620e+02 0.000000000000000000e+00 5.475878111518985634e+02 3.850786242537039357e+02 6.117223822460514384e+02 7.046293156050421658e+01 3.913816876315728450e+02 7.570310439169135319e-02 1.434812705808518842e+02 5.807461948518758845e+02 1.481607877310599690e+02 5.797321326449669954e+01 9.695825223033857299e+01 1.880424945901358171e+02 2.523269841340095715e-02 0.000000000000000000e+00 1.275078736197626085e+03 6.916849129536933560e+01 1.297087619690278871e+03 1.263411572161209477e+02 1.371659173042517978e+03 1.376433260791874034e+02 1.056839550865156298e+03 1.374644869371955565e+03 1.677569605667222419e+01 3.319975971231689300e+02 1.274797806857684037e+02 1.006218944679994024e+03 0.000000000000000000e+00 9.842293197425368589e+01 1.402554840800131615e+03 5.863523764972675281e+02 6.973757112466481658e+02 2.186125631922227228e+02 1.052032753629364237e+01
0.000000000000000000e+00 4.282732915346659865e+02 1.069136835233237662e+03 2.019664982099022268e+02 2.923608572928902163e+02 0.000000000000000000e+00 0.000000000000000000e+00 2.772908962724774540e+01 1.374296393235297273e+03 4.686653630244342708e+02 4.037788820090159447e+02 1.749272320787275419e+02 0.000000000000000000e+00 1.077634825944958408e+02 1.833152100723826550e+02 1.637755892918985126e+02 1.386769380794787594e+03 1.365006844885298278e+03 3.583722440022999081e+02 1.300254211009036908e+03 1.482838872996020655e+03 2.357794447819925949e+02 6.641936342312894794e+02 1.583165949251288794e+03 6.369078460923791596e-01 4.868795847675992405e+01 4.786879384256841519e+01 1.249940688216521636e+02 2.953429084803513760e+01 1.375854172837824763e+02 1.585241435333259915e+03 8.475279487201997641e-01 3.066690444467872823e+01 5.186630082803782571e+00 6.353082793574122888e+02 4.765499009164953748e+01 6.442787364763191817e+02
0.000000000000000000e+00 9.414119826758810916e+01 1.601458750447980492e+03 3.133944834337920327e+01 9.506515715772519570e+02 6.205602814072286311e-01 8.324077185597596440e+01 3.745963054840049100e+00 1.079417097030608147e+03 1.583838983756566449e+03 1.132916541136598426e+03 0.000000000000000000e+00 3.944756080775541136e+02 1.471047276874560055e+02 9.946257594181270534e+00 7.276036173400676716e+02 5.107730502112129329e+02 1.479501212196924484e+02 1.350533102561851820e+03 0.000000000000000000e+00 2.350120231815312764e+02 1.175027970950649888e+03 7.269133669351730831e-02 4.744850186158325869e+02 8.869350965042073085e+02 6.556724824112030774e+02 1.480084864705067673e+02 1.438255822216790875e+03 1.311929648860165571e+03 1.474291552171120884e+03 0.000000000000000000e+00 7.928234317760328622e+02 1.223334173632622651e+03 1.532302912377533346e+02 1.450782646280739243e+02 0.000000000000000000e+00 3.173239682033484996e+02
0.000000000000000000e+00 0.000000000000000000e+00 1.214578236053854567e+02 5.517207854280536594e+01 5.537394064280881878e+01 4.449808664274231091e+02 8.905260316997758991e+02 0.000000000000000000e+00 8.136215344490349111e+00 7.288021906728036470e+01 2.259577742939763425e+02 7.555808914208032547e+02 1.059355568457568097e+03 1.311397446440524845e+03 8.847650932492749121e+01 4.889112688964861491e+02 2.365242143699987309e+02 2.670480587002724633e+02 0.000000000000000000e+00 2.745881887081935133e+02 3.054199253795302980e+02 1.961000603987656277e+01 1.955392898975674143e+02 5.615452107222022704e+00 3.144766461425525250e+01 3.857700382860283526e+02 1.602628189648150055e+03 2.172021436767502678e+02 1.986267804175964358e+01 2.462301048141139290e+02 6.765547043549872797e+02 5.519541244759205938e+02 2.449146569824455923e+02 8.751510918328310462e-02 3.072210376375904275e+02 4.211095035945269842e+02 1.301124508483017280e+03
0.000000000000000000e+00 1.263734413989546823e+02 1.138753631816917277e+03 4.323681547915066972e+02 6.404988364328293073e+02 0.000000000000000000e+00 1.747981753144128447e+01 7.098204727982773647e+02 2.899119549860117786e+02 7.412823320388818047e+02 3.949596644303917969e+01 3.067165562489610124e+02 3.977778364574560896e+02 1.140388978005159082e+01 2.165735049934620520e+02 2.508529965747447932e+02 6.029286275212289992e-01 1.300099856799593852e+02 1.821882512936656440e+02 2.276702714962922869e+02 6.450629395549715355e+02 5.742396803368174574e+01 2.841958666909927729e+02 7.060843896484967672e+02 3.994697336789031965e+02 5.112761657005603979e+02 1.552974821595370031e+03 1.060813381157877799e+01 7.145037742940158978e+02 1.463506496487251596e+01 6.681337159248464559e+02 7.546936484275224757e+02 7.939055342104121848e+01 1.173227915320924630e+01 7.172146022863864800e+01 2.963706936696453340e+02 8.782456670931534291e+02
0.000000000000000000e+00 1.141918674630922624e+03 9.823629608690886243e+02 1.760452147919185251e+01 7.973679663800209028e+01 6.258426710753655975e+00 5.292617094986159145e+02 1.330516201559525484e+02 2.219438469088223940e+02 2.196838698246288004e+02 8.518841658604386566e+02 3.019902482488678785e+01 1.036745042982029418e+03 4.744333059765908160e+02 3.852562597889658491e+02 4.630150004863878621e+00 1.236343672914472691e+01 6.679679388000198514e+02 4.550234312343823717e+02 3.470284409416780704e+02 2.268802533797119452e+02 6.401745824905262907e+02 1.406358325038523560e+02 8.816116664786438832e+02 3.880893444383460746e+02 1.666404929129215589e+02 5.237235851555745967e+02 5.500847543109420030e+02 1.321619538432326863e+03 4.019338916852134957e+02 4.762363036167728296e+02 2.864936370563384571e+02 4.857223393266397125e+02 1.250733191776974991e+03 9.544168900848127350e+02 2.624375413023543047e+02 8.535887668768886272e+01
0.000000000000000000e+00 0.000000000000000000e+00 3.401006589585088591e+02 8.786493284159804773e+01 6.657077035389242781e+01 7.184490167885307983e+02 4.566183237590717567e+02 7.886167048184903328e-01 2.256563948946603304e+01 2.852499062213454977e+02 4.828478496731939629e+01 2.296380595320233908e+02 2.066548131830028012e+01 7.204610592405343823e+02 1.280480446838902253e+01 1.052364917043349124e+03 1.056604579505650288e-01 1.066844645112238140e+03 1.020099098958618470e+03 1.335548616265836053e+01 1.052185264376057745e+02 3.311841392991833573e+02 5.497484570444415652e+01 0.000000000000000000e+00 7.393056133012663622e+00 9.621151112392986988e+02 9.372346098317979113e+02 2.157234660306281455e+02 1.269748198964120078e+01 5.390748484138603089e+02 1.605601506166220815e+01 1.304416373616729970e+03 1.072089811025621771e+02 2.379832990935585002e+01 5.509687151908541409e+02 2.982324163999864481e+02 6.947198102560790289e+01
0.000000000000000000e+00 4.394865369765871037e+02 8.819323364430922538e+02 3.102038502958883370e+01 1.043173114273193960e+03 1.397524668349466381e+01 2.317635568475936054e+02 8.041535438079975506e+01 2.942880287819796692e+01 1.365089287327301236e+03 6.072234484344661496e+02 3.738105327638815645e+00 0.000000000000000000e+00 5.468381705407892923e+00 1.115106685385433138e+02 5.406937840481618878e+02 4.313153345063579280e+01 9.222399967007174837e+02 0.000000000000000000e+00 5.113283320447784490e+02 3.045189768141056685e+00 6.556934153110872785e+02 7.666467381530220564e+02 7.029243693551176508e-02 1.142906775182566662e+03 3.682189013627935879e+02 9.652031689443839468e+01 1.703260406193494134e+02 1.860283137698116036e+02 3.473216576205741148e+02 9.088983878026591867e+01 9.378569709897678877e+02 1.000789568687861504e+02 8.434099594089934726e+02 1.007332436357480674e+02 8.917632706810856291e+01 1.604799687013078255e+03
