output/example_1/lateral_incision_000167.asc
nrows	75
cellsize	13.33333333
xllcorner	0
ncols	75
yllcorner	0
NODATA_value	-9999
[rows 17 to 33 of 75, columns 0 to 36 of 75]
0.000000000000000000e+00 1.443588787638380836e+03 1.245984799858595579e+03 3.890137040947904268e+01 6.342055677100518807e+01 0.000000000000000000e+00 3.866105221645935330e+02 1.209301922624338886e+03 2.415205915672950621e+00 9.341268442602237201e+02 1.145682676274617961e+03 7.662823874049818187e+02 3.419806128513101839e+02 8.778875414135482558e+00 1.270428590201006045e+03 1.061495298650032964e+03 3.889454282933635199e+01 2.297559540863057492e+01 1.592479176690101895e+03 1.276718258279237034e+03 6.525889464667417315e+02 2.632269563124568776e+02 5.848612417637651788e+02 3.256041717024655782e+02 9.563174033160257181e+01 3.602129218603923277e+01 8.389396205387858174e+01 0.000000000000000000e+00 3.745543165458391854e+02 1.044304101267252236e+03 5.843339185688231510e+02 3.937715910528627887e+02 2.785265480977157608e+02 1.443226892938846277e+03 3.836345729896221801e+00 3.907092790340872739e+02 2.727519249871269835e+02
0.000000000000000000e+00 0.000000000000000000e+00 0.000000000000000000e+00 0.000000000000000000e+00 9.176887270250158508e+02 1.066592710172467150e+03 1.626521751213422462e+01 1.935196462957816621e+01 1.539060562302950530e+03 4.111336295729071821e+01 1.438387347323465747e+03 4.270881103585517735e+01 0.000000000000000000e+00 1.141064430705102495e+03 1.502467402731663014e+03 1.180397838018574475e+03 1.761583570669834176e+00 8.938118859312112363e+02 0.000000000000000000e+00 0.000000000000000000e+00 0.000000000000000000e+00 8.685701871069777269e+01 9.376363418347352097e-01 4.026364333822569392e+02 3.861379967558465864e+01 3.510315643103076582e+02 7.380222650024051063e+02 0.000000000000000000e+00 0.000000000000000000e+00 4.231194404049529112e+02 2.248719585382668527e+02 1.564412373183335481e+00 5.965668636957483386e+02 1.381193768249640925e+03 0.000000000000000000e+00 0.000000000000000000e+00 0.000000000000000000e+00
0.000000000000000000e+00 1.583030209870264571e+03 9.263496290016948933e+02 5.159229910649313524e+02 5.843232319407356545e-01 4.420958364538286105e+02 3.429252051402662005e+02 7.119641803272624081e+00 9.156204260029339821e+02 0.000000000000000000e+00 1.182409012991755390e+03 9.773170259648831006e+02 3.102335762448686296e+02 8.757501731863462737e+02 1.005274052252923184e+03 5.812719962599916812e+01 5.139617990548534863e+02 1.288823644988174237e+03 1.051280026753316221e+01 1.455869842378848261e+03 1.300734583991107307e+01 0.000000000000000000e+00 1.822373376029635210e+02 0.000000000000000000e+00 0.000000000000000000e+00 3.733817239886528938e+01 1.141606154053820461e+02 4.824696038701650878e+02 8.105935918658213950e+02 7.165995393419541060e+00 7.636743403580511540e+02 9.034161930162815679e+02 1.074157020385908254e+03 1.258451244289805686e+02 1.613808584812874756e+02 3.917098710137758566e-01 7.826427804803763877e+01
0.000000000000000000e+00 7.684265592055802472e+02 1.550550907375916267e+03 3.079202864098909345e+02 1.454800213997276160e+03 2.864538267419948170e+02 9.393875182439313676e+02 1.402798754777662680e+03 3.316996409710205285e+02 1.066558096022430618e+03 7.006105265126357153e+02 3.676777137281077330e+02 9.085683749784828933e+02 7.437276763180894932e+02 1.488150450758322449e+02 2.315772947393728316e+02 1.019212046578426225e+03 7.315968997691542199e+02 7.289095447142345847e+02 8.786208077091551161e+01 0.000000000000000000e+00 1.031159100599078783e+03 6.177779335962318541e+00 5.912705856167981437e+02 1.195506892480711031e+03 4.021348757829815668e+02 1.108123190563818206e+01 5.574269091709487256e-01 2.184898528536539288e+02 2.635809155592581021e+01 5.836106215927695757e+02 4.360742927556152182e+01 6.589484046328564091e+02 1.301851006311394485e+03 6.364857437914329807e+01 1.076762544237239581e+03 0.000000000000000000e+00
0.000000000000000000e+00 6.113162238240870039e+01 3.280247705529719582e+01 8.698886065206146156e+01 2.079569313200278486e+02 3.839538807523925925e+02 1.059398729558861163e+02 3.979839800051915404e+02 6.635869673894542302e+02 6.860531445980311673e+02 3.000413751677450591e+02 9.744862460828072415e+01 3.742140654442159189e+02 2.220210455581723696e+00 6.260851690850702198e+02 4.484768917835585853e+02 8.932750421688588176e+02 6.621341973673816028e+02 4.297983970279020696e+02 1.430092162834501357e+00 1.095307576095017794e+03 2.383266928390510202e+02 2.508826542131689408e+01 1.808041981641931386e+02 2.168021372275155567e+00 5.770173517239666126e+02 8.945944464531355607e+02 1.459292184789872104e-01 1.830851383319325620e+01 4.226507010814554519e+02 5.429959549483061920e+01 2.169609677735803928e+02 1.283322998068347829e+02 3.132991305777755309e-01 3.994728265866685319e+02 7.033814785697430239e+01 9.432705750913363829e+01
0.000000000000000000e+00 5.621824120906485405e+02 8.683717500182566482e+02 1.087904458995878485e+03 6.440590109837538648e+02 1.540314737662013158e+02 6.342067354923950688e+02 3.233207280010769864e+02 8.118193317696138820e+02 9.918138206923836719e+01 8.934619286107857761e+01 9.454126618326181415e+02 1.303855472274183285e+02 9.873739491525548146e+02 2.640589741787147773e+02 1.064413631200293139e+03 7.898188759757462094e+02 2.697011423889867388e+02 5.167410913153336338e-01 1.500698250010169886e+03 1.610601604390857347e+03 4.141640158979465980e+01 4.916558761331577330e+02 5.145211760836664325e+02 4.533477229573176714e+02 1.632802428603357114e+01 5.288741808106386344e+01 5.454553973687933421e+02 4.573368568266347438e+02 6.393538227338170827e+02 0.000000000000000000e+00 3.188128780707133956e+02 9.165934077413543264e+02 8.413422552101658880e+01 5.085767875237535236e+02 8.109843511132187359e+02 3.301768663742801664e+02
0.000000000000000000e+00 6.607349844951586419e+02 1.140854552350489712e+03 1.213956259644313832e+03 1.506409973615537297e+02 4.776870773572209572e+00 4.004598555843077747e+02 1.408036409991983540e+01 8.126222540493083457e+00 2.675353614200815924e-05 8.154039362519407419e+00 1.060776730653623190e+03 9.309531074303066589e+02 1.901511701257486777e+02 4.518713358118415613e+02 1.175859676294553680e+01 8.217070547721445450e+01 8.927372221214101273e+02 8.206144262357074695e+02 4.043087387183918580e+00 1.511513197388179833e+03 5.551080224202386004e-01 8.058160166819889128e+02 0.000000000000000000e+00 6.575746241995281127e-02 6.756079902378780844e+02 6.492172858486994755e+02 6.337637660817952678e+01 4.831883878812821536e+02 1.427748655363032412e+03 0.000000000000000000e+00 3.501867138550308027e+02 1.601152835085805179e+02 8.126532387247774523e+02 4.221892091057415364e-01 2.238527185486163376e+02 2.317078648536787284e+02
0.000000000000000000e+00 1.420911758016882686e+03 8.358011318919675432e+02 7.880503193815447958e+02 7.977420399690215618e+02 0.000000000000000000e+00 6.086427971095374687e+02 6.565574081677721097e+01 1.200907201794817070e+02 4.866553042798810402e+00 3.412218534787102442e+01 4.585068165442059467e+02 8.846108289523105839e+01 1.019770567838824782e+01 1.784753761552515805e-01 1.307300000186821478e+02 6.328665829727684695e+02 3.283187037911935704e+02 2.572517727327327748e+02 1.392254878651707941e+03 1.052282460751759601e+02 2.483951413454736468e+01 1.654206635583614343e+03 1.355661207370759030e+03 0.000000000000000000e+00 3.096064289708568822e+02 3.269577800434730648e+02 3.842416763182512796e+01 6.543660200617681388e-01 8.513312125195265025e+02 8.540584035969997103e+02 6.807213122072804481e+02 6.468709233054552215e+02 8.560671529889964937e-01 7.731347577875118304e+01 7.130944838566475141e+01 0.000000000000000000e+00
0.000000000000000000e+00 0.000000000000000000e+00 4.975116578978985515e+00 5.789520782202479410e+01 1.159799635663728736e+02 0.000000000000000000e+00 3.545657505375877427e+00 2.677895904697585934e+02 1.036106457501159866e+03 3.251305164128567959e+00 3.821742890849463379e+02 3.619308790369804569e+02 0.000000000000000000e+00 1.397670489781146443e+02 0.000000000000000000e+00 8.816577220590282877e+02 3.638254336001381262e+01 4.695085414719293340e+02 4.057135264879972851e+02 1.086680575852762232e+00 4.676885724671176376e+02 9.226351451165844253e+01 3.293716684322853894e+02 7.232643888296797741e+02 2.678335260251603813e+02 1.591210324797915465e+00 0.000000000000000000e+00 5.292132925824089398e+02 8.893766956676861355e+02 1.772288719524572116e+02 2.171222357495366282e+02 9.618416066803447961e+00 2.579713508679455458e+02 5.848394984800393104e+02 4.377006453855630497e+01 3.979618961166328290e+02 1.908982539641196752e+02
0.000000000000000000e+00 1.580193107866446553e+03 7.241678482495119624e+02 9.451890025492481584e+01 6.383884475168049448e+02 9.382323392434551579e+02 6.937995371447178741e+02 1.962142599903509321e+01 2.456351177214005759e+02 1.243374861379567847e+03 2.918056287857805842e+02 1.420737623047077420e+02 1.066187334139513951e+03 4.826069508628409466e+01 3.285672337964237499e+01 1.120169915453729573e+03 7.598566883515442214e+02 6.058911780542723591e+02 2.774698407169838106e+02 1.464444540373211201e-01 1.528342902745456513e+02 5.094129451736401961e+02 3.360416471634759095e+00 1.465773027694193331e+02 2.770244305250292314e+02 3.390088401429169380e+02 6.377771641754764005e+02 2.568075131604856054e+01 2.173415635361121978e-01 1.961588130875328488e+02 1.430800150986047129e+03 1.543042702448446732e+02 1.173955754414015118e+00 9.193144147063644596e+02 2.919392862936705342e+02 1.732468488009664611e+02 5.645100404222612056e+00
0.000000000000000000e+00 1.481801338315129057e-01 4.604264326361971627e+01 6.840695825245036588e+01 4.548147945093296229e+00 2.547280991462456345e+00 5.386399839743470253e+00 3.069942126702370899e+01 3.787335166380790952e+02 6.638819607071419568e+02 8.871593618449635699e+01 2.165771227521435449e+01 7.885019559411468890e+02 1.112195984868009873e+03 2.652625610405295902e+02 5.924445816440239696e+02 5.006020022281702495e+02 7.662928757459519602e+02 2.565887276892845534e+02 1.669978077195260653e+02 4.252671603390267023e+02 4.188239016448249004e+02 5.530220114216357388e+02 4.368948000553479005e+02 1.857012051143207714e+02 5.242300129441620271e+01 3.278573770012919795e+02 8.900940014806877798e+02 9.618163363681134781e-01 1.451315475859628350e+03 8.727315311296094933e+02 1.086122019443195086e+03 1.690723964188179096e+01 5.186630082803782571e+00 6.195063282001622156e+02 4.765499009164953748e+01 6.442787364763191817e+02
0.000000000000000000e+00 9.496781726904457344e+01 1.198639155844940234e+02 1.112004620750803383e+02 6.385750007231366681e+02 1.313387177210560992e+02 3.536521727613076109e+02 2.697948778887199417e+00 1.152370338881138423e+01 7.176783028143169929e+01 5.000252084816641940e+01 9.750424112643229080e+01 0.000000000000000000e+00 2.667169220366881177e+02 4.666178827508156246e+01 3.856170918507625611e+00 4.057523884011292239e+02 6.240388934836920498e+02 4.596071111996518965e+01 4.936152155066359910e+02 7.168822289417652200e+02 2.823987763752003843e+02 2.720197293603555977e+02 1.514454259777376571e-09 3.065649625847506741e+02 8.137897173686765484e+01 2.314098112200665724e+01 1.268195558230535653e+03 1.914782597578694379e+02 1.551157958882974754e+03 1.734773496774898760e+01 2.580636761399529178e+01 7.850500876817226015e+01 3.645353589603889111e-01 1.271301033229322229e+03 2.103807334137691498e+02 2.119714841694676011e+02
0.000000000000000000e+00 1.575008625853468175e+03 0.000000000000000000e+00 2.795501657361197090e+01 4.848131686552112569e+02 7.440388057504836752e+02 8.322304048098477836e+01 1.396804722082001490e+03 3.924507236268105999e+02 7.076112003667144563e+02 4.968546584231611973e+02 1.417649825422862250e+03 0.000000000000000000e+00 1.362434063964144570e+03 1.009863598367810596e+03 5.221037736752899718e+02 2.797071074099833154e+01 7.364418866651858764e+01 3.722314754653535260e+02 7.755955082512856791e+01 2.672389289904118073e+02 2.690652297864270395e+02 6.677912807155731798e+02 1.626382971648624505e+02 2.365193129120728849e-02 4.198933696379946809e+02 7.017488110785608342e+02 2.338660507784057074e+02 5.053476158102926092e+02 1.233355064778568533e+02 1.235605487410794240e+03 2.354201395075220304e+00 9.173013082813978372e+02 9.772589668853786407e+02 3.266539105247912858e+02 4.757722409420666460e-02 1.630282364800179948e+03
0.000000000000000000e+00 0.000000000000000000e+00 7.574595538677610929e-01 1.468491165152183385e+03 0.000000000000000000e+00 9.595759742792116640e+02 6.028455678001946580e+02 7.848592888106500354e-01 1.316897597692039028e+02 0.000000000000000000e+00 5.776704703218075565e+02 0.000000000000000000e+00 9.804757725910513955e+02 8.902451895530121817e+01 5.871364014073282078e+02 1.259955150386208445e+01 0.000000000000000000e+00 1.428473634355099193e+03 1.274973819481720909e+02 2.100172847675412129e+02 6.066082958045372342e-01 1.148961323765936186e+03 2.433922130667709993e+01 2.507179851066159770e+01 3.123506373882037792e+02 7.169368727960966226e+02 1.926538679735800841e-01 9.646977395365830716e+02 4.673329597562380968e+02 9.876562252940700546e+02 7.742109829590547179e+02 3.560519642759791409e-02 2.294688242037924795e+02 5.231845333520358281e+02 1.105752108651416165e+03 8.436200110692001317e+02 1.264604500879515854e+02
0.000000000000000000e+00 1.328916376294608654e+03 1.022326477420831111e+03 0.000000000000000000e+00 7.564556947555063289e+02 8.880737862429762680e-03 5.287682988352586335e+02 6.214575119782375623e+01 2.194202532336759646e+02 4.872467261156489537e-01 9.334935516096021502e+02 4.828023764492479775e-02 5.732893090486729761e+02 2.835913923595546038e+01 3.535697820685935255e+01 6.729484812821326725e-04 1.236343672914472691e+01 6.629817282744705835e+02 2.879675928593835366e+01 4.868349553793793660e+01 1.444860302570249132e+03 1.210000490305312951e+03 7.980616594647503348e+01 1.452713323524251336e+02 3.880893444383460746e+02 1.128763818896499060e+02 5.336155986512391536e+00 1.430311427985251349e+01 7.046896510501171633e+02 0.000000000000000000e+00 1.134183028624305223e+02 1.888619799489639561e+01 7.447516184772538850e+00 9.350150437359029638e+02 5.508895457240157612e+02 3.717740138093318478e+02 0.000000000000000000e+00
0.000000000000000000e+00 2.629418556566199072e+01 1.080949793804252129e-01 6.016202822665663064e+01 2.166131475070123713e+01 7.184490167885307983e+02 4.566183237590717567e+02 7.886167048184903328e-01 2.256563948946603304e+01 2.591464641281249328e+02 3.534414700162338274e+00 1.003166266560684335e+03 1.237578000154886240e+03 4.089870813311471665e+01 3.389238141828608608e+00 0.000000000000000000e+00 5.792326044031061656e+02 1.346713429106521573e+02 6.712140534044040123e+02 8.366024190030803709e+01 1.043163877518112940e+03 4.368364256918977162e+01 4.350427608163948321e+02 5.341487287986600450e+02 5.060336626745800537e+00 4.566562939799874812e+02 1.222754885419820312e+03 5.362064937111454128e+02 7.555313700874006599e+01 2.673899899420172588e+00 2.971018221899953460e+02 5.793433072922748579e+02 0.000000000000000000e+00 3.053765914833767026e-01 4.473747440351410773e+02 2.125015836444059403e+01 1.177674387549557196e+03
0.000000000000000000e+00 5.964260497794624598e+02 9.225750715705269158e+02 3.483931378589717465e-01 4.324072828579524952e+01 2.284651774400896329e+02 5.924589460334854039e+02 9.558891562059080798e+02 1.634177543829122214e+03 6.290123010574062619e+02 7.843291125186655108e+02 1.629606530873626298e+03 1.596222927668736929e+03 1.183647151774731128e+03 8.559738429926676417e+02 4.494250432471919687e+00 3.237057459423185151e+02 5.179361405729357557e+02 1.598480313590252938e-08 1.331289795295909471e+03 4.162534741647193925e+01 7.716872122727565966e+02 4.796163083888358614e+01 0.000000000000000000e+00 5.364598585223611735e+02 5.893850551047312365e+02 1.186400231959205342e+02 5.636118872908688360e+01 1.063016461588773836e+03 4.723027235957982839e+02 5.310749874160651984e+01 0.000000000000000000e+00 1.438791978545422808e+03 7.356282652007542993e+02 6.433985041359428578e+02 3.523078327291855771e+02 1.991122837332539675e+01
