output/example_1/lateral_incision_000100.asc
nrows	75
cellsize	13.33333333
xllcorner	0
ncols	75
yllcorner	0
NODATA_value	-9999
[rows 17 to 33 of 75, columns 37 to 73 of 75]
9.991321102713416735e+01 8.345056138388789577e+02 0.000000000000000000e+00 7.110693545266908586e+02 8.549383086598245427e+02 3.902958536804495679e+02 1.795642284664308193e+02 7.692909992607503966e+01 2.743406395196354310e+02 5.736726777383851505e+00 1.763371976417665508e+02 1.639642152075015247e+02 6.565110459457474690e+01 1.537128978739255899e+03 0.000000000000000000e+00 2.742072211248594726e+02 7.824183262759080160e-01 1.003323225570193813e+02 1.465530937615569428e+03 4.427345031442442291e+02 1.234500643146108587e+03 3.189250735890428246e+02 8.576570145448279447e+00 4.009809018958323534e+00 1.726353558141859867e+00 0.000000000000000000e+00 1.312995080438770856e+03 2.940205984258314587e+01 6.340174892867877361e+02 4.083123365608922768e+02 1.325035481898740500e+03 1.594593147916065448e+02 2.097471490778347203e+01 5.839784245382984906e+00 1.997040286633767039e+02 9.058475471476785401e+01 2.493362510242216956e+02
5.037221444413711993e+02 1.009859522568895187e+02 1.035522621935225743e+03 1.957256678922139372e+03 1.125226206757963155e+03 5.268762813965530256e+01 1.045175047173628627e+03 8.371988269872748560e+02 0.000000000000000000e+00 5.890417414200821433e+00 2.291337202046692312e+02 2.165402232030357368e+02 1.045641877959257954e+03 2.309173572862580954e+02 1.319489332540943678e+03 1.524076127550302715e+02 2.871182713642490967e+02 2.792337110071214283e+02 8.133055922817047190e+01 9.410541501180127852e+02 1.105323374797006863e+03 6.194566309421546748e+02 1.848145732984376536e+03 3.856448333463581690e+01 1.561652060427389415e+03 1.485073691416597512e+03 6.337905581428479991e+02 9.012467162149565070e+01 7.317002447538008880e+01 1.810686289536375426e+01 1.128454170140702445e+03 3.180964336939442774e+02 4.113096844500549309e+02 8.779737042563160685e+02 9.359794596828073736e+02 9.206614829033474052e+02 7.472072341026320146e+02
1.545035086914027488e+03 1.224882570656177677e+03 4.959552051789232863e+00 1.258236844792528927e+03 8.321581076541636479e-01 4.731776909461262335e+02 8.148075907732103360e+02 3.551219108747865789e+02 2.647438335274604171e+01 6.487359555428016122e+00 1.000133402172084942e+02 3.219372353094453842e+02 3.358269231127344483e+02 1.854751967154624595e+02 1.797890143716389133e+01 6.402102320399460496e+02 5.936900601969354057e+02 0.000000000000000000e+00 3.590056690324611282e+02 1.000591662127257678e+03 1.412119673900701287e+02 1.130693116572775381e+01 9.397884712003299512e+01 0.000000000000000000e+00 1.171205737730771261e+03 3.868126152475663826e+00 3.447432768497422728e+01 9.553682943301499364e+00 9.322062006685179085e+02 1.222451269510609118e+00 8.306123275462591948e+01 2.969196449626425647e+02 5.921942099718609853e+00 1.020734796423528878e-01 3.610458122808142889e+01 8.637884610217927275e+02 0.000000000000000000e+00
1.270241047702743042e+00 5.152833731075483001e+02 3.008073711349308610e+02 1.108468682070007389e+02 9.725315723339110718e+02 1.178418801046275121e+03 1.457022785868977905e+02 8.660265867738546319e+01 0.000000000000000000e+00 4.051955847627759510e+01 1.013216970336184204e+03 1.117059681504595801e+03 1.097598265722000974e+02 1.708318378971583570e+03 7.727825554345982937e+02 4.381831145432071395e+01 0.000000000000000000e+00 8.469406838945528762e+02 1.343960830002918783e+03 7.538682187465806237e+02 1.258145183454042353e+03 1.931034047146222861e+02 1.625226247145426726e+02 1.751402293236641754e+03 6.728861199737500888e-03 3.621065346980250865e+02 6.035465810189404010e+02 2.558862193713457023e-01 1.365872569029208307e+03 0.000000000000000000e+00 0.000000000000000000e+00 9.294787054620052231e+02 1.480230187605301580e+03 1.573710910428412717e+02 2.497242695163292296e+02 3.745977488747188886e+02 0.000000000000000000e+00
4.244744881959326221e+02 1.157526686595307183e+03 8.407715538791781000e+02 1.572423423677373648e+02 2.281754890435029495e+02 5.079667293769817320e+02 4.843631925956406121e+02 4.082629279052480911e+02 4.692344253846030711e+01 0.000000000000000000e+00 2.043475257937110712e+02 3.746690270982410311e+02 6.658907389548045330e+01 3.790577776616303822e+02 8.093070880231986166e+02 2.415444442018147697e+01 8.215165198910806339e+02 5.045943434568953876e+02 8.684025850668947442e+02 0.000000000000000000e+00 1.291390821820722067e+03 0.000000000000000000e+00 1.555136147407836233e+03 0.000000000000000000e+00 0.000000000000000000e+00 0.000000000000000000e+00 4.456904102382397781e+01 4.576716342864311287e+02 6.024098941272521870e+02 2.200190394078340717e+01 1.446241201756888586e+03 2.032980235509280575e+01 1.453625494116105301e+03 7.952108410286712115e+02 0.000000000000000000e+00 8.033074166592259147e+00 4.830409939526797558e+01
0.000000000000000000e+00 8.691677252686308748e+02 6.812127753079786316e+02 2.497793652084697413e+01 1.650775390248815029e+03 7.245892968647186763e+02 3.501245629677757432e+00 2.779257257838374926e+02 1.090492784842138235e+03 8.202991826355214127e-06 6.119234058522880559e+02 0.000000000000000000e+00 1.643618141030159734e+02 5.206841473068415382e+01 5.189381118994432427e+02 7.917052758449166276e+02 3.160575782098245523e-01 3.038219329939366276e+02 3.523048073365438313e+02 1.315412289126109499e+03 2.734239726927158927e+02 7.338798050159629156e+02 1.223258760280019075e+01 7.992521593888046709e+02 0.000000000000000000e+00 1.313866516377211838e+03 1.269953705443107737e+02 3.393072753506033905e+02 5.835178018242801272e+02 3.457201093529900504e+02 2.259267096175383642e+02 6.659735549094530915e-01 1.688936939779472823e+03 3.865534254813022130e+02 1.314446775626706767e+03 9.529873148614306047e+02 9.916048737145598257e-03
1.179017215343764519e+03 2.696096221031991149e+02 1.533885898861866735e+03 0.000000000000000000e+00 9.245827092784658419e+01 3.209570658601332980e+02 5.482859747705159634e+02 8.874279365777046347e-02 8.316144194851366365e+02 7.705109617411730838e+00 8.584868562137442041e+02 4.271040460084390702e+02 6.046460805467376076e+02 1.089222860000573746e+03 3.422212338954961979e+02 8.489990865667632534e+02 7.851504599089016665e+02 1.776387265121944337e+00 2.707991614808811391e+02 5.132394225853229273e+02 2.040037519032464957e+02 2.800441208354830991e+01 1.412778490615845158e+03 1.082479466546886442e+03 6.039767142400237390e+02 1.125580859713889055e+02 1.272935937245553760e+03 1.427863284829969416e+03 0.000000000000000000e+00 9.753466972477617958e-01 2.169220965801707202e+00 7.680836736775828513e+02 2.502478628743313323e+02 0.000000000000000000e+00 5.135941374380466584e+01 5.015213134522253995e+02 1.939977144847754857e+02
1.480453925664485268e+02 2.066602936473635452e+02 9.821378738668056219e-01 1.326393708135644374e+03 1.262092814332574335e+03 5.128099244620034369e+01 2.640011941097171189e+02 0.000000000000000000e+00 2.800994120499305851e+00 1.278809523575628418e+03 2.699596360357702096e+01 2.729074957795763794e+02 2.239835034095961532e+02 8.106602303135798593e+02 7.730684149216285732e+02 3.326293870597224700e+00 4.551405233118809406e+02 2.186471662678299879e+02 1.568550511938348047e-01 5.992257490231356769e+02 8.907276792085314128e+02 3.311361308867176723e-01 0.000000000000000000e+00 0.000000000000000000e+00 1.435666878971393771e+03 3.250224055072674787e+02 1.424812944406754944e+01 1.357655433065579871e+02 3.321146995372993160e+01 1.291911635982622329e+03 0.000000000000000000e+00 1.242296831076881745e+03 6.192171033548299874e+02 1.456026254943317042e+02 6.561473304611987487e+02 4.553556001207118697e+01 1.340363520966924966e+02
6.298958946218500188e+01 4.969841650199107903e+02 1.134124059774695752e+03 1.835329428158626319e+00 1.412928240883789840e+03 9.347406871984806354e-02 8.207125658783229483e+01 1.220784338083431351e+02 0.000000000000000000e+00 4.616026813822567192e+02 1.725217092104736949e+01 1.064632425058778836e+03 9.248100299739223829e+02 2.838210569243543659e+02 5.595478435365192738e+00 8.513007514219607401e+02 1.245832905876816596e+02 1.945486845287694848e+02 2.137525950368705026e+02 6.505938430052682975e+01 1.178296180560119133e+01 1.609858114775741114e+03 1.054213986707079812e+03 3.367556829762754660e+02 2.306583438087313198e-02 2.078053986246272302e+02 7.599593911232406072e+02 3.111761106289048939e+02 0.000000000000000000e+00 1.131992614162701329e+03 2.016175031069245449e+02 0.000000000000000000e+00 1.638321867958518169e+03 8.383909850376899442e+01 8.172745047874273041e+02 3.788944169001563296e+02 6.316083560657848466e+02
1.015541092168582168e+03 8.568811843818726857e+02 1.421572126642965031e+03 1.411194599595102090e+03 4.650686311188854205e+01 3.100535419993061055e+02 1.333672675183017418e+03 3.427203452930326648e+02 5.215544833348777054e+00 2.392121997036280732e+02 9.300129679520650825e+02 7.930278390154222734e+01 6.858323509036117684e+02 1.304867920469843284e+03 0.000000000000000000e+00 5.396787397724261970e-02 1.628199799517180395e+02 3.822516987193572646e+01 5.746972816287816386e+02 1.061103458199658917e+03 1.330034431410935447e+01 9.156567875206058034e+02 1.001988413793695258e+03 6.863542279240135713e+02 1.675103405701947281e+02 6.246375103617143623e+02 2.712664699610789754e+01 9.486208643995386325e+00 3.711248348494916360e+00 5.790530848187125912e+02 6.267854465058757540e+01 6.588508318367129277e+02 1.286098960645352008e+03 1.572850772998427544e+02 1.703820879376138919e+03 6.211475651637736064e+02 5.319774149483396378e-05
8.222132800393014804e+02 1.452062649625352151e+03 9.074237213603546479e+02 1.703569495803195082e+02 8.445818237795893468e-01 3.518065448310606484e+02 3.413150964446110720e+02 1.222699617265426086e+00 1.501505833197472306e+01 3.920364430200140191e+02 6.647737621809519624e+02 9.655047909602707250e+02 1.384496475122895731e+02 6.729810496940416442e+02 1.180962335153820732e+03 0.000000000000000000e+00 6.619002728873717842e+02 7.192496319539274054e+02 5.914174574924530248e+01 2.603392335514160436e+02 4.316465801000240354e+00 7.415785294756475423e+02 6.824893555201872175e+01 8.109090601298688528e-01 6.663290731274751977e+01 3.618200240367310272e+01 1.511152927260004901e+02 4.247485015778524371e+02 1.294046839795554149e+02 6.310236989126759966e+01 5.230853752906177760e+02 0.000000000000000000e+00 3.165962357598726840e+01 4.795613795406663940e+02 9.705838871779109978e-01 6.165675741886163905e+02 3.642085301021880366e-04
6.473468478021734995e+01 1.927896321101804915e+02 1.061876594202786350e+02 6.890439908236280644e+02 2.111754313981448661e+02 3.439952216392299533e+01 1.710498058844127627e+03 1.001066253933965413e+03 2.633529142658081810e+02 4.002615748795928852e+01 3.172917004668269101e+02 9.768930837663414479e+01 6.705125858321400756e+01 9.954821220174011387e+00 1.621764618003378018e+03 8.787740202341447002e+02 0.000000000000000000e+00 1.278373968247539461e+00 1.697401865487744299e+00 1.367833096829140800e+02 2.129350980770429835e+00 1.193592556790383469e+03 3.447889924771839105e+02 1.081325824458500165e+03 1.822384598320778935e+02 1.245999115090292889e+03 0.000000000000000000e+00 6.415822594148663711e+02 9.837754423670625670e+01 6.823295906050864232e+02 0.000000000000000000e+00 4.532157938245908895e+02 7.391659896423200280e+02 1.002670888558444858e+03 8.841106256350904857e+01 7.786070174017943373e+02 8.091531400555139898e-05
1.599678484679317080e+03 0.000000000000000000e+00 1.069819462347624039e+03 8.658994869429586743e+02 1.265733378114073275e+03 7.450222047866328694e+02 1.204074144231187660e+02 2.750163948106109046e+02 6.693660402281795996e+02 5.145354179132738182e+02 0.000000000000000000e+00 1.157969604048180168e-01 4.546511703874027717e+02 2.856836118273675993e+02 1.389113682945042569e+02 5.768428619435110249e+02 2.219017121339746609e+03 3.696364116610267647e+00 8.421160090130811113e+02 4.895949402900561722e+02 7.917840343850021112e-01 1.004326855675600285e+02 0.000000000000000000e+00 3.151890618753704985e+02 0.000000000000000000e+00 1.014446641490818593e+03 2.187046146950825403e+02 1.266688880123448371e+03 1.346558681356924803e+00 8.009520135416053677e+00 4.189305456252100885e-06 1.472976454505937616e+00 2.205822605093057689e+02 5.686854444985785904e+02 5.467191386462941409e+02 4.050224958478159465e+01 8.437771662946245499e+01
2.756787756090310495e+02 1.770389440659407565e-01 4.173633437558802370e+02 1.422725995802624652e+02 2.163177064096976210e+02 2.483412961210376864e+02 2.510163347466603909e+02 0.000000000000000000e+00 8.224403232931678076e+02 6.771976201477621089e+02 2.011548327026430911e+02 3.166578923078868790e+00 3.823499999924541157e+02 1.873420159686347233e+03 1.141808411193579104e+03 3.303945145221782731e+00 5.604836406371748581e+02 1.407045074000807290e+03 1.028318486100075916e+03 6.958607154642373338e-01 0.000000000000000000e+00 1.322231158898221626e+00 1.599221575126552125e+03 4.228246188184102721e+02 1.024946959346819284e+02 5.210900112254109651e+00 1.033852604361345584e+03 4.549387874771329443e+00 4.103681867830645729e+02 1.762009563417075810e+02 6.894195274045621602e+01 6.451624973206745217e+00 8.041617029506163306e+01 0.000000000000000000e+00 2.865963984462005669e+02 9.198054966009391364e+01 2.091219065594454207e+02
6.166760390943502301e+01 0.000000000000000000e+00 4.683675261915396248e+01 6.358846314196561025e+02 8.103763847293441813e+02 1.463470764717566475e+01 9.286550510800281018e+02 1.554809454974556274e+03 1.144556804669755934e+01 1.684832240123715565e+03 1.937464152050813254e+03 7.903929005142138475e-01 1.998366671370752670e+02 1.858511726779238415e+02 9.477984292328707170e+02 1.512619183225648612e+03 5.212056823288325758e-01 7.278800910196816858e+02 0.000000000000000000e+00 4.888621343239884709e+01 2.810818498221319572e+01 2.724815845143846449e-02 1.459315285161143265e+03 9.514151454447960532e+02 5.457660699517615512e+02 6.544685420745547617e+02 7.640394027300283142e+01 3.529606112685656854e+02 1.066619072774803726e+03 7.816011236242085261e+02 1.800799709670534128e+02 4.389331162303824385e+02 4.356088671568392812e+01 5.947632089755264140e+00 2.639718516347604691e+02 1.154883571263689873e+03 1.631590163414718830e+01
2.389654154761852567e+02 0.000000000000000000e+00 7.553912886244938818e+02 2.356241330770550348e+02 5.675637078671105940e+01 7.909960506852730759e+02 8.292970723101752810e+02 4.897279887241613210e+02 2.896665902395360490e+02 9.306209420091927598e+01 2.396660837599929295e+01 3.431357176182837065e+02 6.275105772717839425e-01 0.000000000000000000e+00 2.521151518443848829e+02 9.351051514154178221e+02 0.000000000000000000e+00 1.534014020847379925e+03 1.220823096136330754e+01 1.280941211649881552e+03 1.138008090777477264e+03 4.795830877846657927e+02 7.276884736708557000e+01 5.649233866735740861e+01 0.000000000000000000e+00 1.622112488315867740e-01 1.714919264196168115e+03 9.663627797404815283e+02 1.974785242292123826e+02 6.827996857183655948e+02 3.601486820727685654e+02 3.192565878775005785e+02 1.041308245723852508e+02 1.198755027648186022e+01 1.948694662574524372e+01 4.001105830849293277e+00 8.637731008872531646e+00
3.948365039052395673e+02 1.257459177708154741e+01 5.275857356816121069e+01 0.000000000000000000e+00 7.459969701753349227e+02 2.414946657699252626e+02 4.713937593623436442e+02 1.031509630854741090e+03 2.609998368477147324e+02 1.956308798931406159e+02 3.419431162032709803e+00 5.888999002979495572e+02 1.240172928572336275e+02 0.000000000000000000e+00 4.281641361627701485e+02 9.838740687753412431e+02 5.993911320457858665e+02 7.349279219298010535e-01 1.406595743061906887e+03 1.270329458859931577e+02 1.158641818024492977e+03 2.756570055144470288e+01 2.699998802764514494e+01 1.714184663229273838e+03 0.000000000000000000e+00 9.128282131862227970e+02 5.777189877798853956e+00 1.062958163045868787e+03 4.357527351969735605e+02 6.129428915768520483e+02 1.709443289267198054e+02 3.585219776353741281e+02 7.309663076058770912e+02 0.000000000000000000e+00 6.281120883818097127e+02 1.246956312079883986e+02 7.355572375998999490e+00
