output/example_1/lateral_incision_000151.asc
nrows	75
cellsize	13.33333333
xllcorner	0
ncols	75
yllcorner	0
NODATA_value	-9999
[rows 0 to 16 of 75, columns 0 to 36 of 75]
0.000000000000000000e+00 8.449590967110555084e+02 0.000000000000000000e+00 7.593259462781106777e+02 1.366821773850643012e+03 6.938183004394281852e+02 3.322898466254517871e+02 1.334620413499106235e+03 3.989037117104237495e+02 5.953693517562656723e+01 6.425295078029544804e-01 1.194283342739616287e-05 2.638001873447476815e-05 2.026420197800674146e+02 9.274754642652583314e+00 0.000000000000000000e+00 5.412460465191597483e-06 0.000000000000000000e+00 1.430772275955948469e+00 4.990219084527659776e-02 0.000000000000000000e+00 8.214038731092654518e-05 2.132444891575236974e-04 0.000000000000000000e+00 2.231114699250212551e-07 0.000000000000000000e+00 1.467995409988723132e+00 2.394697288128030332e-06 8.592563712945595588e-06 0.000000000000000000e+00 1.059712603314569833e+03 8.671616602136681422e+02 9.240312403002536712e+02 0.000000000000000000e+00 0.000000000000000000e+00 0.000000000000000000e+00 1.548180209182953640e-03
0.000000000000000000e+00 9.447001990909224105e+02 9.416574289740742643e+02 7.811217351506680870e+02 0.000000000000000000e+00 1.190477932924990654e+02 5.871592942234665315e+02 1.590091002640813542e+02 3.679443800852465642e+02 1.275213271673259214e+03 5.896243685552930991e-01 2.663333595828128963e+01 2.075377802363997830e+02 5.254029823123846654e+02 1.380721415633951210e+02 3.139775216685563919e+02 1.871878876377573589e-03 1.315370211327804057e-06 6.466909133955984998e+02 4.862162672497595963e+02 5.815755047017586321e+01 8.763151664203197910e+00 4.623939332681852754e+00 3.917985185865563835e+02 5.716203626039663277e+02 2.232924703102273511e+01 9.662371485168516072e-01 5.540484788662165556e+02 4.257561228666174316e+02 5.159444057075213550e+02 1.351785787365605884e+01 9.640617306888890425e+02 4.833394027496148624e+02 3.655390711571771423e+00 5.044055294350693538e-03 1.198505996034337358e+02 5.724943426439200493e+02
0.000000000000000000e+00 2.578831329665382555e+02 4.070185353780115065e+02 1.224637445361553773e+03 3.830774380206328260e+02 1.456654532020944771e+03 8.192064653714344047e+01 4.074856821096333874e+02 3.799084361198015927e+02 6.988650739307146864e+01 2.005613628204458507e+02 1.144408595832618403e+03 6.267869888548457311e+02 1.441407168847566389e+01 9.851581217434309110e+02 3.740721599994275266e+02 6.724576480617678271e+02 2.801114195898446368e+01 1.140381888395438637e+03 1.687789895208175461e-01 7.003418982642573383e+02 4.759417449566312541e+01 2.006324300455426979e+00 1.476628499668552763e+01 2.607259138759630446e+01 3.111891368967656604e+02 8.679211541846548243e+02 1.815994259777465913e+02 3.329893801598803993e+00 1.273576908100158562e+03 1.709331283942747415e-01 1.122898210540957962e+03 0.000000000000000000e+00 8.241479449943473128e+02 1.095146604032735560e+01 5.905499489435164406e+01 3.489763986539259690e+02
0.000000000000000000e+00 6.275025132750184476e+00 1.778615681298095197e+01 3.323474287182710896e+01 1.537920882661042015e+02 1.116424248293903219e+02 4.099161150705666756e+01 7.089177473035745436e+01 5.697550157561876176e+02 1.233804303880439420e+03 9.635703059212076482e+01 1.868230623572861293e-01 6.342656838788159348e+02 1.486443265768329411e+03 3.683499459253963693e+01 5.587731875888218838e+02 2.873547955180849272e+02 7.819806783529224958e+02 6.170456070934778836e+02 9.977435835153292132e-01 7.880256078199354306e+02 1.103644648334354542e+03 2.036486776568336410e+01 1.600683842285507410e+02 3.275201115428535648e+00 1.643939979371915570e+03 5.125597012544577638e+02 1.298671145336051268e+03 1.007701571823029667e+03 2.283662601903910172e+02 6.507958011250772188e+02 3.252266211767606023e+02 2.153138302077679000e+01 6.801744743002019504e+02 8.837164153724403377e+02 1.575304391434671913e+01 1.387189510487410871e+03
0.000000000000000000e+00 5.706486620973327462e+01 1.707445267139752616e+02 9.525385587451562515e+02 5.123552882862875322e+02 5.711056436554907805e+02 1.605450873423676583e+01 7.472138773529826494e+02 1.615504352493347142e+03 5.241076652716505180e+01 3.854912003230736017e-01 1.807803176662934845e+02 3.474892587926950114e+02 9.098660593581047351e+01 2.060994086946862467e+02 1.231371875364333164e+03 9.008938838836900231e+02 5.929584298628652606e-02 1.086150700813996082e+02 9.290899228349351890e-01 4.268673975960513189e+02 9.221001598621276116e+02 3.344759953896730167e+02 1.086998791886083211e+02 2.440168723772369219e+02 0.000000000000000000e+00 0.000000000000000000e+00 0.000000000000000000e+00 2.497513000884070067e+01 1.049364062823666245e+03 0.000000000000000000e+00 1.544683273719875558e+02 8.599613660135298687e+01 6.667221826367985216e+01 2.788694668048113954e+02 3.908825168689688212e+01 1.457622589637875990e+03
0.000000000000000000e+00 2.651234268136929586e+02 5.941593559207451136e+00 7.539080466672337479e+02 2.884881251738381707e+02 3.189084038197882442e-01 1.862103031523719476e+00 2.857064122448772991e+02 3.954365041261362990e+02 3.521475389117848067e+02 4.630361665738916486e+02 1.081554675810338750e+02 4.105695594580783592e+01 5.724392240537380303e+02 7.505338877659302455e+01 9.547962758165742798e+02 9.466568407567299914e+01 8.045637672520955164e+01 1.455183186644104012e+02 1.181081251287956547e+03 4.756777679512646273e+02 0.000000000000000000e+00 1.600821121835686426e+03 1.322878498633729976e+02 2.812987283244034984e+02 5.926902618270646173e+01 0.000000000000000000e+00 8.796682661218676458e+01 5.270707638682927154e+02 6.156565776857077026e+02 1.149163304709344402e+03 8.969592406328726497e+01 2.818297812993644129e+02 3.822621631906520179e+02 6.654177986149087474e+02 1.334234019514255287e+01 1.702832431270880420e+02
0.000000000000000000e+00 9.460792213495748229e+02 1.185686437974970431e+03 5.105513740665811042e+02 4.893851239226960956e+02 6.940359379536928373e+02 2.044624246166988257e+02 0.000000000000000000e+00 4.529926910732251031e+02 1.406731694134638055e-01 7.672657248859444508e+02 1.136911258774050424e+02 3.216789476574669493e+02 1.118308388176769625e+02 1.766352923124701420e+03 1.172384565127351834e+02 7.473266786023471013e+02 9.607385093086845700e+02 9.147259496986272609e+01 7.401713559583465667e+02 1.198129100984142951e+03 5.519858703139440195e+02 4.922996765739410421e+02 8.615798570492869146e+01 4.444433173377618118e+02 8.460423688992863163e+02 0.000000000000000000e+00 1.422235022567489523e+03 1.949236208553330698e+02 6.584118904547727880e+01 3.272854619246342800e+00 1.423680912755459985e+03 1.214544295162051185e+03 5.381896818392893920e+02 2.700436315285505202e+02 1.769593366861846107e+03 5.756805442699885589e+02
0.000000000000000000e+00 0.000000000000000000e+00 1.131503900774379545e+01 4.830806851854994477e+01 7.856988426894235999e+01 6.042110714006654462e+02 2.826519733074910050e+02 0.000000000000000000e+00 8.217669451577052087e+02 8.436379917440307281e+02 7.637388730298135897e+02 1.045882989927226134e+02 1.102342021676197874e+03 0.000000000000000000e+00 9.461059814338408103e+01 1.121588624730458832e+03 1.254277888268827024e+00 9.573450798884858841e+02 0.000000000000000000e+00 8.145177748772665609e+02 7.175485745126943584e+02 1.635924369556399256e+02 1.673323985190328358e+03 9.520402881081670898e+01 2.415868050828787261e+02 1.432070590001289702e+03 1.689365501577113378e+02 9.201503343431974145e+02 0.000000000000000000e+00 1.446653763068474973e+03 2.689959252209648071e+02 0.000000000000000000e+00 1.060768363117665736e+01 4.295978812316205619e+01 4.099766946046646865e+01 7.811920478848702487e+01 5.250478410383974648e+01
0.000000000000000000e+00 6.210171807971055387e+02 1.264249769977290498e+03 4.482010134078332158e+02 2.971932544217621626e+02 6.097941315911738229e+02 0.000000000000000000e+00 2.310388967473780042e+02 1.205144950876812118e+02 1.651368245161628749e+02 6.185714050576625311e+01 5.986896023606716426e+02 1.265057142972221072e+03 6.175433613704137770e+01 2.288965890274051560e+02 3.657545179701866545e+01 1.271378347757411575e+03 0.000000000000000000e+00 8.468650509896529002e+02 8.303342567233413547e+02 2.904514994750840629e+02 1.298890415234332750e+03 5.583924420514256326e+01 1.942941183782426151e+01 1.966213222426785592e+02 1.212611496473703738e+02 0.000000000000000000e+00 2.585379313113202784e+02 5.401599258116126379e+01 1.398132753903053754e+03 1.587568170677990111e+03 3.283209091736638552e+00 0.000000000000000000e+00 6.072651011868574642e+02 0.000000000000000000e+00 1.086215477966097751e+03 8.252457679707041507e+02
0.000000000000000000e+00 4.462446495478478425e+01 0.000000000000000000e+00 1.658066728446426907e+02 3.667433704377044137e+02 4.647332066066236393e+02 0.000000000000000000e+00 3.111489837278292612e+02 3.164268754434482389e+02 3.922416881040879133e+01 4.731681892885535490e+02 9.098964406975901511e+02 1.182938133732732467e+03 0.000000000000000000e+00 3.790504194665003865e+02 1.739757176125343863e+00 1.177383305106232910e+03 1.671200477606196273e+03 6.643468970193771028e+00 7.171876652462018455e+02 1.201977466434333337e+03 1.196810081820222649e+03 4.609075163589996578e+02 3.818333712330755247e+01 2.703082403319351101e+02 1.175283510689394006e+03 3.118847870601488239e+02 4.636213648594280130e+02 1.258278774102210340e+00 2.078910831230617262e+01 4.129127657686630370e-01 9.317865345719509378e+02 5.267053842380469177e+02 4.273476346159586683e+02 5.849329913236725815e+02 9.225626280758668827e+02 2.647111875884394294e+02
0.000000000000000000e+00 0.000000000000000000e+00 1.379351785485217533e+03 3.192127768467750002e+02 3.730410323996716784e+02 6.621195001122741530e+01 0.000000000000000000e+00 1.596824114363871843e+02 1.467093646229076512e+03 1.468484337841149134e+01 5.922313483088032626e+02 4.299248688228440187e+02 1.181356673209022716e+02 3.085722642256977899e+00 1.927844372218124880e+00 6.485469820354300055e+02 0.000000000000000000e+00 1.424224315042722992e+03 1.627398507272399684e+03 5.379552506880251883e+01 3.232694029300733405e+02 0.000000000000000000e+00 7.692023755807290399e+02 2.318884789229668968e+02 1.348565902009686624e+03 1.742181691481804648e+02 5.578319491639134640e+02 0.000000000000000000e+00 7.197795880009418852e+02 8.194904810473987027e+02 6.813739988467028752e+02 0.000000000000000000e+00 4.792344425997084727e+02 0.000000000000000000e+00 0.000000000000000000e+00 9.948363801676833873e+02 7.726229498073954005e+01
0.000000000000000000e+00 1.130296265877042319e-08 2.564913536371573044e-01 9.514750920708282820e+02 2.397754867634227516e-01 8.656460474260667297e+02 1.861314246731869275e+02 4.202664310905118050e+00 6.857804301467305663e+01 2.328798468533564119e+02 2.504847035143511036e+01 5.904756617784993296e+02 7.914146380206467484e+02 3.581280850457063281e+01 0.000000000000000000e+00 8.389405551999607269e+02 1.223009614792187222e+03 7.862441848530518200e+02 7.655693683739255562e+01 8.498593751539525343e+00 0.000000000000000000e+00 1.616479177028232517e+00 3.850548874645985364e+01 1.677664188712482574e+00 3.851118358738845870e+01 6.529554636140235679e-01 1.073793573635875376e+01 5.290667510103137516e+00 1.566699275900592738e+03 1.603692977950953775e+02 6.550273095881560721e+02 0.000000000000000000e+00 2.711313151871038372e+02 5.585570815123762713e+02 5.913019347936795356e+01 3.074170721934039534e+02 6.200440178775377262e+02
0.000000000000000000e+00 1.270265221141180291e+03 5.819099916900411245e+02 1.743028369497725407e+02 6.413428202723771392e+02 0.000000000000000000e+00 1.357063367951700741e+02 1.206119675099242841e+03 1.113716465981031689e+00 1.660841472776331102e+03 1.264667401771765469e+02 4.439383113023772580e+02 5.100906697561329750e+00 6.417083057077596777e+02 8.026229497353485840e+02 2.114682132516716706e+02 1.000443109661684844e+03 1.115592808488230503e+00 9.792873604037049518e+02 4.652995740296153144e+02 4.562187280904835234e+02 9.375483426356678365e+02 1.748842581167577691e+03 2.853339874317013596e+02 1.394971952192777053e+03 8.978220365359437665e+02 9.716261202998291537e+02 1.734669967467362540e+03 2.543876046962447735e+00 1.549294596088784601e+03 1.552003234982997128e+03 1.352322087858970235e+03 8.937882117827832928e+01 8.931585072484948284e+01 4.291857822632941861e+02 1.867433360235534394e+02 1.418057540938092416e+02
0.000000000000000000e+00 5.908012341050555278e+02 2.917935811260109062e+02 4.874598167364779897e+02 0.000000000000000000e+00 5.839653122541101027e+01 1.925913734367606045e+00 1.021881535236556829e+03 0.000000000000000000e+00 2.413837770133253571e+02 5.615997048134616989e+02 5.095762226070557972e+02 0.000000000000000000e+00 3.656743930261620257e+00 1.259399032679025083e+02 1.230862603954716263e+02 3.028496998407311791e-01 8.065382500454070396e+02 1.174105921436852668e+03 3.190835339180550179e+00 7.494947438906476691e+02 1.373201806290879112e+01 4.457754903899062811e+02 2.890443963855321430e-02 2.758728652308780482e+01 2.505192627259025642e+02 1.031076204506805880e+03 3.261321573551689426e+02 2.301620289652406086e+02 8.497179929723311931e-01 1.439522321636175093e+03 3.848028861879933515e+02 1.065709663206555206e+03 9.270479023274745032e+02 5.565266045698011794e+02 6.126942122432862625e+00 3.525069146798211364e+02
0.000000000000000000e+00 1.024776000459920397e+03 1.184825570234525230e+03 2.038184383803969695e+02 9.344104042005791371e+02 1.293011114724101560e+02 1.206323482042342903e+03 7.486239872035905591e+02 1.264000855921606501e+02 6.580430473672937985e+00 1.140189309792703938e+02 5.219377949603158413e+02 4.139625911270842380e+02 8.315069522052655202e+02 9.129405046702169102e+02 7.057090804532156092e+00 7.387153141771669880e+02 1.361474598373753679e+03 1.008377043245294402e+01 6.639787397193222205e+02 1.300739305616436468e+03 3.212665657779671164e+02 5.561794119020656808e+02 2.892391920253869557e+02 5.328995660134783918e+01 4.791145799899668987e+02 1.418886969154759299e+03 8.365542607917472395e+00 1.443934650400798773e+03 4.895297262072328408e+02 7.460107456545323146e+01 3.925732444487354087e+02 9.483969536136501119e+02 8.979576365949291983e+00 1.703137501327955272e+00 3.376345283438449201e+02 9.735384783432061795e+01
0.000000000000000000e+00 8.341817067075413261e-01 4.696899316269233182e+00 6.099096783335953287e-01 6.501195425768890424e+00 4.790210454907608550e+00 6.309273412033757911e-01 2.485472433273879123e+00 2.806073299266036436e-01 0.000000000000000000e+00 3.276025613814812232e+01 1.356836223234880734e+01 2.823418493536641805e+01 1.326991762653973872e+01 4.203543440020801825e+00 1.112772626822123357e+03 1.104118710113586530e+03 5.555948785491028019e+01 2.846641857348401459e+02 5.270945841134125658e+02 5.068493767325758199e+02 6.074321927897496032e+00 5.317890354907427763e+02 3.355235999873760875e+02 2.100687682112183818e+00 9.660561839257039765e+02 1.425891352094349962e+01 1.311295344324389589e+03 1.110419051450998467e+02 1.307097402813519011e+03 1.527033118994956794e+03 2.922073203088759730e-01 0.000000000000000000e+00 1.428573872605642919e+03 3.411349002815923086e+02 7.562790291101495654e+01 2.320918849481725488e+01
0.000000000000000000e+00 4.115647908676828024e+02 4.709775356092451375e+02 1.055627624471286026e+03 8.006784637830032807e+02 8.973123336989799554e+02 4.394889652396856263e+02 1.443724020864233808e+03 5.981362257546522443e+01 1.192305978422887847e+03 6.655853652967294920e+02 4.895243054655753667e+02 1.133854147278472198e+02 3.858995175195232150e+02 1.961368128890514129e+02 0.000000000000000000e+00 7.603603977994678189e+02 2.099946589996393129e+02 0.000000000000000000e+00 5.591478146294652873e+01 0.000000000000000000e+00 0.000000000000000000e+00 5.286733387866109979e+02 5.908836416650352703e+02 5.905554519305019312e+01 5.403379327467557687e+02 3.570412964472564568e+02 1.166415167983499259e+03 1.648877687763185829e-01 1.040192298302121260e-01 1.655253234835279045e+03 8.627916059722767272e+01 1.517175984718771133e+03 1.749221537222163931e+02 5.764506063180148203e+02 6.913895000579979744e+00 8.695987758447274985e+01
