output/example_1/lateral_incision_000274.asc
nrows	75
cellsize	13.33333333
xllcorner	0
ncols	75
yllcorner	0
NODATA_value	-9999
[rows 17 to 33 of 75, columns 0 to 36 of 75]
0.000000000000000000e+00 1.439789289388148291e+03 2.122685419143686261e+02 3.761802600060073587e+01 1.737632942473636376e+03 3.637326190832089310e+02 1.329948855881659028e+03 1.605227433853582852e+03 2.492467726860906794e+02 1.457295723355712880e+03 4.300205184469811570e+02 1.018913321517286477e+03 1.034239056870663032e-01 5.388297488490673004e+02 2.043505412853247662e+02 1.513301400673807848e+03 2.833877829246219893e+00 2.371794786933901662e+02 5.334472653993333324e+02 1.178185079747971429e+02 7.041157410493509587e+02 2.860675677252426112e+02 8.242264983403605356e+02 1.219267310005406983e+02 1.627296799571336123e+03 2.067611420199573047e+02 1.388550552802638776e+03 2.772518761087961821e+02 8.274950248096809569e-01 2.403866732107228454e+00 1.396228317373089567e+02 8.720337549792375187e-01 5.849051415621985370e+02 1.309331766270598791e+02 8.295664348091254396e+02 8.246509078339912548e+02 1.329682369493941678e+02
0.000000000000000000e+00 0.000000000000000000e+00 4.773085379607980485e+02 5.354683285335609666e-01 8.728419261480947000e+01 0.000000000000000000e+00 1.519494563535623115e+02 1.456964186616965890e+03 8.884976943066844601e-01 6.982285940925931982e+02 9.983046752854691022e+02 3.679991371827956659e+00 1.392395753980155138e-01 2.497582135207703224e+00 5.092073415109989583e+02 1.967641282185580565e+02 2.768757181988951857e+02 1.775843334556892472e+01 2.161916966754278349e+02 1.784981252422457487e+02 8.251038914263283175e+01 1.064220175563030608e+02 4.464974266599468500e+00 1.487822057596133902e+02 4.332220835170929263e+01 3.571303832699437635e+02 1.283619067119032024e+03 2.157027101175761175e+02 1.229906997773269495e+03 6.720305217529764832e+02 2.774376316247237995e+01 2.458050895169813259e+02 1.578621706706329633e+03 3.857861011406881744e+02 9.183107351123384277e+00 6.607002406258521887e+02 4.666457428784801778e+02
0.000000000000000000e+00 4.577954157719016166e+02 1.034532575902172766e+03 7.803351899099969842e+02 0.000000000000000000e+00 7.364508968373331754e+02 1.385375079335380860e+03 2.061992013694620312e+02 1.370913093502281868e+02 2.508721938411084977e+02 3.617215769147709352e+02 1.190990992729824256e+03 4.146401018070118312e+02 6.191214908017107064e+02 3.399399700923353294e+02 1.225436187403347049e+03 1.478378833386522615e+02 8.530158544332930148e+01 8.591258377641549941e+02 1.307299725179289567e+02 2.107988383734588922e+02 1.900280496271738286e+02 2.587612523499643089e+02 2.221252074714537628e+02 2.370603927011226464e+00 3.733817239886528938e+01 1.580031123758976719e+03 0.000000000000000000e+00 1.609947958222905072e+03 3.440315259230409879e+02 1.354537046684456958e-01 2.185931600213970114e+02 6.704650840335300188e+01 1.337993939170098567e+00 4.759988969682045195e+02 1.066687769636550684e+03 3.267283058736409203e+02
0.000000000000000000e+00 0.000000000000000000e+00 2.731848631422438611e+00 5.246767822095429210e+02 7.109035116260616860e+01 1.102323969337284204e+01 1.151714238190426158e+03 9.455011780387596598e-01 7.878075512076179621e+02 1.383456177070044305e+03 1.101030872778923353e+01 3.295979460420908254e+02 3.017182878031666959e+00 1.085170273837549075e+02 3.530480627713418471e+02 1.959034227266165828e+02 1.088803253169086020e+03 2.943992884482094041e+02 3.466940252090491836e-01 1.009723331352633409e+03 5.356903381546945866e+02 9.293068159257080652e+02 4.314741924801845130e+01 6.693497533649701836e+02 5.372352639336479569e+02 4.025538954118633228e+02 1.108123190563818206e+01 2.022926164313169011e+02 2.260864615357808134e+02 7.151450332739736950e+02 1.056011665868876861e+02 3.922702766919425699e+01 0.000000000000000000e+00 9.301419642700106682e-03 3.548623834078581041e+01 5.749044748521134807e+02 9.131191339790298116e+02
0.000000000000000000e+00 6.058630125212894200e+02 1.729694115552186076e+03 1.364474466986126799e+03 6.558950836348271878e+02 3.279169525384775739e+02 1.062133560412670249e+03 5.881668165632363525e+02 7.063056064396486136e+02 4.130526126186169336e+02 3.296042817838627457e+02 6.347430144230391988e+02 8.495446749135044229e+02 8.350261444004014493e+02 7.343075089106959830e+00 8.957275871920044210e+02 5.627618938394841734e+02 1.460027174987889794e+03 2.301503629782282090e+01 8.421925017712543422e+02 7.421640956542961476e+02 1.300505208207342491e+02 5.962803358538571956e+02 5.595452583951065435e+02 6.470709356555064460e+02 0.000000000000000000e+00 5.814080133450233916e+02 8.322289961860892049e+01 3.415056876231147953e+01 4.865255020894114182e+02 1.287476129210072884e+02 1.467171936669714341e+03 8.111412355150855547e+02 4.024384397514938314e+02 1.010743628187626769e+03 6.895210807591181492e+02 1.942652902426521555e+00
0.000000000000000000e+00 0.000000000000000000e+00 2.211956081702284962e+02 1.256216638064913411e+02 3.924346020288834325e+01 1.853631351015869455e-01 1.590396803843756035e-01 1.463783576317879351e+02 8.476580475221613824e+02 9.960200566412288481e+01 8.934619286107857761e+01 1.298061753730922590e+02 2.978438215251900374e+02 3.744671932736317785e+02 6.130308203119554378e+01 3.195073538693428077e+02 2.994113987774232877e-01 6.226567513393409854e+02 3.284536996482758653e-01 3.929535602962276357e+02 7.077426455774723308e+02 3.566547202750455767e+02 1.270761102634490136e+01 1.237473436145630323e+01 1.249643686344574718e+02 9.535145410272330082e+02 4.126834817708944456e+02 0.000000000000000000e+00 4.578782131621427425e+02 3.561327562237408539e-01 2.428951868232102527e+02 9.512561920552727770e+02 4.588107189176764678e+02 5.500490091250931073e+02 8.992524692251033969e+01 7.236463240838411970e+00 2.490443861965743224e+02
0.000000000000000000e+00 1.240874169195789591e+03 1.101464840712063278e+03 3.154763882294674886e+02 8.071713839090449483e+02 8.342805443873183435e+01 4.161128122905880105e+02 1.458158896665957904e+01 8.126222540493083457e+00 2.675353614200815924e-05 2.557658473164789470e+01 4.013648472418898905e+01 5.610809618159328238e+02 7.052770375033317407e+01 1.053311168374791805e+03 0.000000000000000000e+00 1.117305895462468044e+02 2.926400795803488913e-02 1.720398444453077445e+03 2.050298589274768446e+01 4.292460028935920491e+02 4.058999290217409452e+02 1.496552733939194901e+01 1.822995152236025973e+01 1.102158322969162555e+03 1.232208189219983012e+02 2.828118690526977161e+02 1.272032651816745386e+02 4.831883878812821536e+02 3.632620786948681939e+02 2.682105188773636906e-01 5.506590779288910653e+02 1.404671885151266224e+02 4.612383015544123168e+02 3.386963527996013568e+01 3.939188851962477429e+02 6.562458807905725280e+02
0.000000000000000000e+00 5.971043797438519161e-07 0.000000000000000000e+00 7.881040796258234877e+02 8.001740298961165081e+02 5.939276113895497033e+00 7.050175925199682752e+02 3.542210418707081772e+02 1.678147554860860121e-07 6.833663869892667435e+02 6.675858919271018976e+02 9.719522501497206122e+02 1.420490416825766715e+02 8.931648962957930280e+02 9.795584578506746709e+01 1.840363589356526219e+01 1.066062138524555394e+03 1.367798730267495344e+01 3.757874129047421548e+02 9.494762611468182740e+02 3.907793159862926302e+01 1.614212379451387960e+03 1.235999392526913198e+03 4.890190640863137332e+02 6.280629102091307425e-01 1.455431676879049292e+03 9.173163295349644386e+02 5.631210789588342180e+01 1.913674181779425254e+01 5.835032653418988247e+01 0.000000000000000000e+00 2.652763902126665485e+01 3.198500710060716301e+02 5.078237826637848684e+01 1.033059837770382728e+03 3.939553299360441088e+02 7.579153829344527367e+02
0.000000000000000000e+00 7.991349423884636280e+02 0.000000000000000000e+00 8.682951236998039803e+02 2.503202819812927089e+02 1.932711977527691829e+02 7.740271861329617877e+02 7.457288249622074545e+02 0.000000000000000000e+00 0.000000000000000000e+00 5.310702982287477170e+01 4.529064770480658808e+02 2.061666902895591680e-01 1.470805479760873027e+02 5.097279593816122656e+02 5.022789273233980225e+02 3.452491069882943719e+01 9.164374239975614955e+01 6.103750948072998881e+02 4.908116131963479347e+02 4.193608804868684956e+02 6.610132406461093346e-01 5.087455356325094726e+02 2.933292789985817990e+02 1.523991689920306271e+03 7.950987836264151838e+02 1.512054777511716352e+00 3.316653318419111542e+02 0.000000000000000000e+00 1.923336829359694775e+02 1.207136174464896961e+01 2.443590268221279018e+02 9.733391036023783727e+02 1.117554653536933245e+02 5.317642432339074503e+02 4.748920816528555520e+02 7.164089937472281235e+02
0.000000000000000000e+00 3.062218396355727350e+02 1.419089421930017124e+03 8.112154672529551362e+02 4.871289336337608802e+02 1.661375085473037871e+03 7.650224913808411884e+02 8.347504447356435264e+01 1.195850644559535567e+03 1.514475623159461065e+03 2.749631247165758055e+02 9.014170791933976261e+02 0.000000000000000000e+00 5.229210213786540606e+01 6.081467319108431013e+01 1.831371273195907747e+02 1.004740173757960179e+03 4.756567774739821743e+02 0.000000000000000000e+00 9.839393621988118639e+02 5.944246476960344125e+02 1.143349443341130382e+03 0.000000000000000000e+00 0.000000000000000000e+00 0.000000000000000000e+00 0.000000000000000000e+00 2.403382354121250728e+02 3.068237183570179241e+02 1.454632335856321333e+03 1.966908876353226390e+02 3.118940891248728349e+02 1.706412138150208477e+02 6.565620114934362164e+02 1.682239045928271537e+02 3.061871105098094858e+02 1.755205819288414375e+02 1.052032753629364237e+01
0.000000000000000000e+00 2.212655634853899045e+01 5.901068343585243525e+01 1.623440209693123109e+02 4.921732981792933259e+01 6.140704335022824267e+01 0.000000000000000000e+00 0.000000000000000000e+00 1.379687815756434702e+03 1.569362444989328651e+03 9.997836514270225905e+01 2.561534907386431428e+02 3.920380350007317816e+02 5.041870977751357827e+02 1.607387353045136251e+03 1.570392773886864575e+02 1.119449737343311000e+02 9.266541807679910789e+02 9.883022650248825585e+02 9.663063930200593177e+00 1.320928309292725999e+03 9.986770123389977698e+02 1.656616634847078160e+02 1.406669289846050788e+03 0.000000000000000000e+00 1.677578785557780350e+02 3.173215697562442301e+02 5.733877975355414947e+01 4.819166471822028370e+02 2.519439030652504963e-01 8.864911959324068675e+02 2.186787764549143198e-01 3.066690444467872823e+01 5.186630082803782571e+00 6.353082793574122888e+02 4.765499009164953748e+01 6.442787364763191817e+02
0.000000000000000000e+00 1.359686630712457145e+03 1.357077934490893369e+02 1.424130357332118137e+03 5.601067061810946370e+02 9.810735677273839883e+02 1.016252070938844781e+03 0.000000000000000000e+00 1.049217527310883611e+02 2.176392880062534563e-01 6.713668134860175769e+02 1.051291369923774823e+02 5.764556640881702378e+02 3.228441225166216668e+02 1.268834620942355741e+03 1.034380928245269393e+00 2.157897903133620616e+02 1.073697516097167636e+03 5.064378568677341832e+02 2.192949658411410496e+01 8.411918206062917989e+02 2.931846646555273423e+02 1.076470742620724650e+03 3.195610236723237563e+02 5.935164474383456081e+02 6.172475218759277595e+02 1.220279884689003893e+03 5.795737202821517258e+02 1.318693845283913333e+03 1.446827786735383370e+02 1.269924249941834375e+02 7.371890354447270965e+01 4.885908210412410426e+02 2.611787539825273541e+01 1.450469831678959736e+02 0.000000000000000000e+00 3.173239682033484996e+02
0.000000000000000000e+00 6.046133934905404885e+02 6.144598350313270885e+02 4.065213430139676234e+02 1.500877690830848792e+02 6.469710185917492140e+01 3.052658943595038750e+02 1.522633672921309334e+01 7.082052982963069780e+02 7.430803102290495872e+02 2.818621360468328589e+02 3.270605021034554625e+02 4.653776019566738000e+02 9.309165197899707209e+02 9.728267678483073055e+00 4.182510736040620714e+01 2.198591945653948301e+02 3.762852761897839855e+02 3.760042561231986724e+02 1.471604160827214969e+02 2.672389289904118073e+02 2.690652297864270395e+02 1.152189278150889550e+03 2.538628478950018064e+02 4.509170666816381754e+02 0.000000000000000000e+00 8.067047751631770325e+02 7.292216986642035863e+02 2.992317105946378888e+02 6.203246318459551958e+02 6.547623883394791164e+02 4.589092434428467868e+02 8.991720346552791909e+01 7.963251406049531624e+02 1.459711083260537237e+02 2.094357324065551751e+01 2.208912243133834465e+02
0.000000000000000000e+00 1.419062761686286755e+01 7.574595538677610929e-01 0.000000000000000000e+00 1.835745979725770667e+02 0.000000000000000000e+00 7.808234090159418201e+02 3.154713730883618155e+02 1.837718871325355394e+02 1.273866265871695305e+03 1.870345957680866604e+02 1.578039777780558779e+03 0.000000000000000000e+00 2.516452488908381042e+02 6.107853420884331399e+02 1.324696813519451553e+02 0.000000000000000000e+00 1.428473634355099193e+03 1.274973819481720909e+02 2.276702714962922869e+02 6.450629395549715355e+02 1.788792512494253728e+01 2.617345262137519057e+02 2.531845164643963031e+01 3.123506373882037792e+02 7.169368727960966226e+02 3.975138503951162749e-01 2.594988606497272698e+01 1.751105498523241408e+02 9.738770569836680124e+02 6.567006766655217689e+02 3.676300988724777881e+02 1.868432364557330416e+01 1.147495725669008095e+02 5.425858199006910354e+01 1.757460009878686265e+02 8.070712789374658769e+02
0.000000000000000000e+00 0.000000000000000000e+00 1.130905516734479193e+02 1.235444249434000540e+03 1.173637573610928484e+03 6.258426710753655975e+00 5.287682988352586335e+02 6.214575119782375623e+01 2.194202532336759646e+02 7.176957606058455674e+00 0.000000000000000000e+00 8.021040673514415076e+00 7.693156869484198523e+02 4.284453203081746864e+01 2.002071680700611580e+02 6.729484812821326725e-04 1.236343672914472691e+01 6.629817282744705835e+02 4.550234312343823717e+02 3.470284409416780704e+02 2.268802533797119452e+02 6.401745824905262907e+02 8.184730329613709898e+01 4.132196320772189893e+02 3.880893444383460746e+02 1.128763818896499060e+02 7.683313227889954078e+00 3.723396814954505771e+02 7.186022824583168358e+02 3.938349315508556856e+02 4.761724122360417937e+02 5.066509717120235337e+02 5.281369305419913189e+02 6.369442779695559942e+00 9.098182720141636537e+02 7.933846168961163903e-01 5.562800564975010076e+01
0.000000000000000000e+00 1.824332398518623393e+02 3.135716749352804982e+02 6.016202822665663064e+01 2.166131475070123713e+01 7.184490167885307983e+02 4.566183237590717567e+02 7.886167048184903328e-01 2.256563948946603304e+01 2.852499062213454977e+02 4.828478496731939629e+01 1.003166266560684335e+03 1.237578000154886240e+03 4.090704117382639993e+01 1.280480446838902253e+01 6.546863910682038750e+02 1.056604579505650288e-01 7.384043507684107226e+02 8.699407188658933592e+02 7.380092534471164072e+02 1.031348710322834279e+02 3.311841392991833573e+02 5.264212619817727301e+01 1.246028640333225439e+03 5.060336626745800537e+00 7.594375867564646221e+00 8.691778640077187390e+01 1.298590680001666158e+02 7.546418360404491068e+02 1.272974975671857152e+02 1.210474919995682086e+01 2.189274410456430815e+03 6.759006586726151227e+02 2.438850862674076723e+02 2.250127814610384913e+00 1.803560494412741377e+02 2.038256307752939165e+02
0.000000000000000000e+00 1.255015250570207854e+03 4.338531776844951651e+02 1.502167413583547841e+03 5.165444489005885771e+02 1.397524668349466381e+01 2.317635568475936054e+02 0.000000000000000000e+00 7.774746730000258594e+02 7.594930768868921405e+02 5.452487421461764825e+02 3.738105327638815645e+00 0.000000000000000000e+00 5.468381705407892923e+00 1.115106685385433138e+02 9.687845151082809707e+02 1.218485683098613208e+02 3.111494536843017045e+02 2.080159552245429211e+02 5.274203125728311647e+01 1.096351673409760679e+03 6.367733877097064124e+02 6.020218374722276167e+02 7.029243693551176508e-02 5.408995849115759711e+02 5.218765047478727865e+02 1.587975625988669435e+03 2.869471244125579688e+02 1.685503000895673154e+02 6.126960900203136617e+01 7.181418148123550509e+02 4.322600017523678275e+02 2.584275316990868632e+01 2.528175803809325117e+01 3.099735264023506147e+02 3.868035445187937853e+02 1.026195926365985400e+02
