output/example_1/lateral_incision_000400.asc
nrows	75
cellsize	13.33333333
xllcorner	0
ncols	75
yllcorner	0
NODATA_value	-9999
[rows 34 to 50 of 75, columns 0 to 36 of 75]
0.000000000000000000e+00 4.773014799549493432e+02 6.165038437586720192e+02 1.163577870706521253e+03 6.001023299501125621e+02 9.853360813845017674e+02 5.198589956235357477e+02 1.399516037126243873e+03 2.534998684335450321e+02 4.162305990703654288e+02 5.819645324227958554e+02 6.131719718406228594e+02 1.244204819945098563e+02 6.286744381521231873e+01 6.503373213844262182e+02 3.508869378583104890e+02 1.250113401429233022e+02 2.974790425082967005e+01 1.317371722551384210e+03 1.489940828073988932e+01 3.046606743567104445e+02 1.216752607857258681e+03 1.140091404604169384e+03 3.353170372410203015e+01 1.070109696630630651e+02 1.121490164690436586e+03 3.317316422762777250e+01 7.433391767322897294e+02 9.126273292117034543e+02 3.026862751922646453e+02 1.558297033523105256e+03 4.642747452079299286e+00 0.000000000000000000e+00 7.870321421864919103e+02 5.177711030045207963e+02 1.576711638143709990e+02 2.946074394913320589e+02
0.000000000000000000e+00 4.225472031210869561e-01 1.101586622882061306e+01 1.096538251624250648e+02 1.881346408491615705e+02 1.757472690943345697e+02 1.912174089847185030e+02 1.368654098041027964e+02 6.787676489396716306e+02 6.529723287319158520e-02 5.566471414277056056e+02 7.883381765711942535e+02 5.504639810263273603e+02 3.303862641692043098e+02 1.116061413678499093e+03 4.116175517826804935e+02 4.575534978930461421e+02 6.593725519743397001e+01 3.593253038609287131e+01 0.000000000000000000e+00 0.000000000000000000e+00 0.000000000000000000e+00 1.045085348673403359e+03 1.887181347473598692e+01 1.526422412376196462e+03 6.859307844756275472e+02 5.350195363973352869e+01 0.000000000000000000e+00 1.504364348722196837e+03 3.147957169850924970e+02 0.000000000000000000e+00 2.363367779160753344e+02 1.005861429686122506e+03 4.406980836123354379e+02 1.797643081129094185e+02 4.424871331022034155e+02 9.862062552914135267e+02
0.000000000000000000e+00 7.183063479001677365e+01 5.777904270059983816e+01 4.130776595861929081e+02 1.426747193772713445e+03 4.770325148099898342e+02 1.359229055737362160e+03 4.172769899357865029e+02 7.923027329472090514e+02 1.185921725016735166e+02 4.915470498921867488e+02 5.494816453700710781e+02 1.148172156587153495e+03 9.078397023646157749e+00 7.912557708764406073e+01 0.000000000000000000e+00 1.076085694278575829e+03 0.000000000000000000e+00 8.349221742875361940e+01 1.038907387653120395e+03 4.141520549997829903e+02 1.896350598799062368e+02 5.481516954446374257e+02 4.351926375285702306e+02 5.578053139874715072e+00 1.670548370850485753e+03 0.000000000000000000e+00 1.176783055300288652e+03 4.059454661630639407e+02 3.012676147749842244e+02 0.000000000000000000e+00 4.640378139751312574e+02 3.194838869333505045e+02 1.618180404744049952e+02 3.257555020037739002e+00 5.977985720488908861e+00 0.000000000000000000e+00
0.000000000000000000e+00 2.382167730404391648e+02 1.135112152594902454e+03 2.775333441905935956e+02 0.000000000000000000e+00 5.468772544643333049e+02 4.783638334344360032e+02 5.481874961628343499e+02 1.737594597762179660e+01 3.051064182719813402e+02 1.042638235771301197e+03 1.179265651428310093e+03 3.342074026172065970e+01 1.619668325424082923e+03 1.654513687786353103e+03 4.033911556602259196e+00 0.000000000000000000e+00 8.884930129635149569e+02 5.220454623647476637e+02 7.047122220712966900e+00 1.516068031327635708e+03 1.924154254565489509e+03 8.815787681107364051e+02 1.105125417437762735e+03 3.852782908235625303e+00 1.436228618562458678e+03 1.342584793152056591e+03 9.255263336511306989e+02 2.099582424592340235e+00 1.623004361836339285e+03 3.699472557933933672e+02 2.957432492525119869e+02 3.546121592335881445e+01 0.000000000000000000e+00 2.779491692149851811e+00 5.185000803966261884e+01 9.057148026400700047e+00
0.000000000000000000e+00 0.000000000000000000e+00 0.000000000000000000e+00 4.697256960646195978e+01 6.885671988859295425e+02 1.921008092045662086e-01 7.274802526594850542e-03 8.929985694653419515e+00 1.297339693737108846e+01 1.518490268711164859e+01 5.329469863156152769e+02 0.000000000000000000e+00 1.403571763740573260e+03 1.299211682738047330e+03 6.393317151367953102e+02 1.342352169728010303e+01 4.008543536042517417e+02 4.822516281797621787e+02 1.570432786659033809e+03 1.066983544085613175e+03 5.787241161436351256e+00 1.158146310089139433e+03 1.819856965547377740e+03 0.000000000000000000e+00 1.218317538165639235e+03 0.000000000000000000e+00 1.028817246697605242e+03 1.500500754799208636e+00 1.191308439423043637e+03 2.223755946194938815e+02 8.253847897818575063e+01 4.499704467632801652e+02 3.751520613779824771e+02 3.010935576035489589e+02 1.011834154847546046e+02 8.720261196784502999e+02 4.537233925288526848e+02
0.000000000000000000e+00 4.917429100711177057e+02 1.099789826193312365e+03 1.083490706054544717e+02 5.040125193712314058e+02 4.115255715834254602e+02 8.954684056020294065e+02 1.075855373180144397e+03 2.677795436723971737e-06 1.019914539023517897e+01 6.473385579323967249e+02 9.463625275246836566e+01 8.363225829236737354e+02 1.465715860132540456e+03 5.335083746338166399e+00 1.079500634910683772e+02 2.445609304621866187e+01 9.187658060386762315e+01 5.931041656109096039e+02 1.582764299241057415e+03 1.007649265858566082e+03 2.093549342853039674e-01 1.589893868926035793e+03 6.696531411540972840e+02 8.504054295937139614e+02 9.120860885180020361e+00 9.240366928058629981e+01 7.948989214518043127e+02 4.024525394879567557e+02 4.391014586007726450e+01 1.531817021690532783e+03 4.140069225029823201e+02 3.658025518824356936e+02 8.362232754869136642e+00 5.629378222943916654e+01 1.595882847554768489e+02 4.993007011209710555e+01
0.000000000000000000e+00 0.000000000000000000e+00 1.494954278666396021e+02 4.610646316106789300e+01 2.369622891387230723e+01 1.857571343556358201e+01 2.005894158405383682e-03 2.225169094763193911e+01 3.282662072709977963e+01 2.783769600763218666e+00 1.220546257252621217e+03 1.028470534858505232e+02 2.472550151356601589e+02 3.714996136755490284e+02 8.181704479874127856e+02 9.513470518024477087e+02 1.516790664447958648e+02 5.673606669200981401e+01 6.931781227570012049e+01 1.494767651698249156e-02 1.754401558787731574e+03 1.165393901782226749e+03 3.616306139537100339e+00 1.116440800693583014e+03 0.000000000000000000e+00 3.999215825806915063e+02 4.962818968363620229e+02 2.335249023897749510e+02 7.298122616409139063e+00 8.353244428177637815e+01 1.442288716275679917e+03 3.392753963195895039e+02 4.414474083513410960e+02 1.147058720581394624e+02 0.000000000000000000e+00 1.404164697452607058e+01 4.224933160410100186e+02
0.000000000000000000e+00 5.916209134085821688e+02 7.230456699730110586e+02 6.065085795461453699e+02 2.896465191709352212e+02 2.426644634482944429e+00 5.532591864134207071e+02 9.551794127290520464e+00 9.311521876076968738e+02 6.077964944326672594e+02 3.438096104385741683e+02 5.127615260212827479e+02 1.132048400516219090e+03 1.099759325685779743e+02 1.018779429971317768e+03 5.764147329476779760e+02 2.655669870951260236e+02 4.442100839971754453e+02 9.373144887315849871e+01 1.110303155569687533e+03 1.033405044451610820e+03 0.000000000000000000e+00 8.044988003363977214e+02 1.202567912729549382e-01 1.695959191176787954e+03 1.144643518174753353e+03 1.944400802954328489e+00 4.163430114601334964e+01 4.748691228165610734e-02 5.704376843268956918e+02 9.380389181243782559e+02 2.188815364381467532e+02 2.735430206413336691e+02 1.698444820645718892e+03 5.414369209282949669e+02 9.431357572670400202e+01 1.219254727814000461e+01
0.000000000000000000e+00 2.050843270732038945e+02 5.752052196764982455e+02 1.817980145914101797e+02 9.251681264501714850e+02 4.637172011045286126e+02 1.051113881646912887e+03 5.357331762750538928e+02 2.020734558505417766e+01 1.191252443841306672e+02 0.000000000000000000e+00 0.000000000000000000e+00 3.263360870687499471e+01 7.629065379009919070e+02 6.609997125735833645e-01 6.383244538752654762e+02 5.745062919892202080e-02 8.352560630256805325e+02 2.286555401172664048e+01 3.840499907625010678e+02 4.178093192225473445e+02 9.089931706792933710e+02 1.267504976498288443e+03 2.847543954872113203e-01 1.618300570734623420e+02 1.151760303001056172e+03 4.904510118745977820e+02 1.947577175507501011e+02 4.336910833405410948e+00 4.554570497675868523e+02 8.325961328704236166e+02 8.570384312496184975e+02 0.000000000000000000e+00 1.070219671695793068e+03 2.514059000533994208e+02 1.291881154890633070e+03 8.170672069282694565e+02
0.000000000000000000e+00 6.428067741357326668e+02 1.191000409106991675e+00 2.287713392766727054e+02 2.355430832982761160e+02 7.374486256460349942e+00 1.123950724590070195e+03 8.449391961115028380e+02 7.615697604777195373e+00 1.572981581694560873e+02 2.592750291901110060e+01 1.614524103210319197e+02 1.117767375825252202e+03 1.555136185611955398e+03 1.999234298269875154e+01 1.529098016450177738e+03 1.533347530910140311e+00 9.160143443663725975e+02 0.000000000000000000e+00 2.326918510068784087e+02 1.960564419747553586e+02 9.092090915255871550e+02 2.328832832765436844e+00 9.527324638314480580e+02 1.228365174489795875e+00 3.507891427456536917e+02 5.992985137227689165e+02 3.185229752584719449e+02 2.225541088460974493e+01 4.226702986384304950e+02 5.708872917565015541e+02 2.090238594996182258e+02 4.626738120915399932e+00 2.797180259193244183e+02 4.586559751802754192e+01 7.078701350100132004e+02 2.241637254292855062e+02
0.000000000000000000e+00 5.695150307736453215e+02 5.039959205695969899e+02 3.253435082122383051e+02 2.105671783114553171e-03 1.339420833552426302e+03 1.107018789445074702e+02 8.007719893734655675e-04 1.015959817926505480e+03 7.654708750498936070e+02 3.522309585137671206e+02 4.798002190112099453e-04 8.488284983763511491e+02 8.874737637503942551e+02 3.756508957694049400e+02 1.056752683537655197e-06 3.506831938332400966e+01 3.649026086248591261e-02 1.232253712441242442e+03 2.036546173184252098e+02 0.000000000000000000e+00 0.000000000000000000e+00 4.147710315145685058e+02 6.215079604270320033e+02 0.000000000000000000e+00 1.114239749111007086e+03 7.349761146426077403e+02 4.574772364814403431e+02 4.397719823107485126e+01 4.871746669467337938e+02 2.770017934781722246e+01 1.450265348282149489e+03 1.512198772492381522e+02 1.331871444245135535e+03 1.458827307350686624e+02 4.643944569701504861e+02 5.931500372796595002e+02
0.000000000000000000e+00 4.030317501567989069e+00 0.000000000000000000e+00 0.000000000000000000e+00 0.000000000000000000e+00 0.000000000000000000e+00 0.000000000000000000e+00 0.000000000000000000e+00 0.000000000000000000e+00 0.000000000000000000e+00 0.000000000000000000e+00 0.000000000000000000e+00 0.000000000000000000e+00 0.000000000000000000e+00 0.000000000000000000e+00 0.000000000000000000e+00 0.000000000000000000e+00 0.000000000000000000e+00 1.258806514936764643e+03 5.566788720739338032e+02 0.000000000000000000e+00 8.274540604063789715e+02 4.650624054323328205e-02 5.928493422423379116e+02 5.352504501377285395e-01 3.221553764498858641e+02 4.252677225786354711e+02 5.923094155547781838e+02 4.345252803953686405e-01 3.778952772420211659e+02 6.623058724693457577e+00 1.047553299844406069e+02 9.391378244876767667e+01 1.125532024452966880e+03 4.821800817555059098e+02 9.887336066399456058e+01 4.089415430442294941e+00
0.000000000000000000e+00 1.486326962154490445e+02 0.000000000000000000e+00 0.000000000000000000e+00 0.000000000000000000e+00 0.000000000000000000e+00 0.000000000000000000e+00 0.000000000000000000e+00 0.000000000000000000e+00 0.000000000000000000e+00 0.000000000000000000e+00 0.000000000000000000e+00 0.000000000000000000e+00 0.000000000000000000e+00 0.000000000000000000e+00 0.000000000000000000e+00 0.000000000000000000e+00 0.000000000000000000e+00 1.644205631818269678e-07 1.540680765823113234e+03 1.110645231970336226e+03 7.195414785940783986e+01 0.000000000000000000e+00 4.236230986378315038e+02 9.697604001131807649e+00 6.535291795980079996e+02 1.182803453207923354e+02 8.100080132833966218e+00 0.000000000000000000e+00 7.994336117606883363e+02 2.837475190632845283e+02 6.258669847028497202e+01 6.406669887721035650e+01 1.199013984687882385e+03 2.698329762353056367e+02 6.121834217366931341e+01 1.288125031192661027e+03
0.000000000000000000e+00 3.806330171044436952e+02 3.435048330757285839e+02 1.500175034766821454e+03 2.210353095772826748e+02 4.463370133790495425e-04 1.818954148443635574e+02 9.647049074467821583e+02 5.057426380475170049e+02 1.218465758982000807e+03 4.548475147553992315e+01 9.469658832689605106e+02 8.761646239391210429e+02 3.879591637161795461e+02 7.176298213911727544e+02 2.088545002903108121e-03 6.894957776376124912e+02 0.000000000000000000e+00 3.086290474952829186e+02 0.000000000000000000e+00 1.051942703899451772e+03 5.315796460909790540e+02 7.215595023281047133e+02 1.159657106317581338e+03 1.128580517997278987e+00 7.085873997834421800e+01 1.084171678953576219e+02 2.607414547398204263e+02 1.686667831428221234e+03 7.711532522527343190e+02 2.198608604757357909e+01 1.416105125214346003e+02 2.831694403497823487e+02 7.535400591031812212e+01 2.619900521071971866e+02 3.116764424052232698e+02 5.810050859009688793e+02
0.000000000000000000e+00 1.334738037514054838e+02 0.000000000000000000e+00 2.197656229554806995e+00 0.000000000000000000e+00 1.144649639469011618e+03 6.252813030410727606e+02 3.612801121929880566e+01 1.274282723267029041e+03 9.260988041597223628e+02 1.424786885532007275e-01 5.737421207755069190e+02 6.902186853547098622e+01 1.409296737913056929e-01 4.087397146584120122e+01 2.375266894485141833e+01 9.667620426096273150e+02 1.579516927840011022e+03 1.014961740403899739e+02 0.000000000000000000e+00 0.000000000000000000e+00 0.000000000000000000e+00 0.000000000000000000e+00 4.565506795709370635e+02 4.623024050522207062e+01 9.255582401164299426e+02 3.199407325682348073e+02 2.660802939514400611e-03 1.028618474747411682e+02 4.582462093808209715e+02 0.000000000000000000e+00 9.855704464628802300e-03 4.521075972842984356e+02 1.760787158004618220e+02 6.129608306667864808e-05 1.419404471678448317e+03 1.577935846223413137e+03
0.000000000000000000e+00 8.632901170852519499e+02 5.739300319049869614e+01 6.773723139831744788e+00 1.247525315954649727e+01 0.000000000000000000e+00 3.515881955058405310e+02 2.662127386511831446e+02 2.877112364775469473e+02 1.642279631328158587e+02 1.150070770893954887e+03 5.370817202787790734e+01 0.000000000000000000e+00 5.514782255177441357e+02 1.135814156653691043e+03 1.177550707611428379e+03 5.562862265161224968e+02 0.000000000000000000e+00 1.492096458424989123e+03 2.708273075672013306e+02 5.204725603852492668e+02 0.000000000000000000e+00 0.000000000000000000e+00 0.000000000000000000e+00 1.634244422520018247e+01 1.595212737087164490e+00 0.000000000000000000e+00 1.648421038368388963e+03 0.000000000000000000e+00 2.121728590823043881e+00 1.674748861454391147e+02 6.067596059853210022e+01 0.000000000000000000e+00 4.626579637014589821e+02 0.000000000000000000e+00 0.000000000000000000e+00 5.699510148508127316e-02
0.000000000000000000e+00 1.714105911749335746e+03 1.593346117850962173e+03 4.696264984954452437e+00 0.000000000000000000e+00 7.694157262636268797e+02 5.148379103745996872e+02 4.838801602741624919e+01 1.326014153294037442e+03 2.052489238663520155e+02 8.058942960827253046e+02 1.501645351269285982e+02 0.000000000000000000e+00 1.507153026425817055e+00 5.728494671429538130e+02 1.695095613784862508e+03 9.107733132069313342e+01 7.327228467877512230e+02 8.717504310796925893e+02 6.295205998940939480e+02 3.981899355074894515e+02 8.679377349796217231e+02 5.940321761552335008e-04 3.366794378924256534e+02 2.242283521245431643e+02 6.934271288627263630e+02 4.063140736073447670e+02 2.683533556832032900e+02 2.453781015430052719e+02 3.907307439405429363e+02 2.834288032456749988e+02 1.661785204104055993e+03 0.000000000000000000e+00 0.000000000000000000e+00 1.568793502314260195e+03 1.412213716918756290e+03 3.081016148919750322e+02
