output/example_1/lateral_incision_000027.asc
nrows	75
cellsize	13.33333333
xllcorner	0
ncols	75
yllcorner	0
NODATA_value	-9999
[rows 0 to 16 of 75, columns 37 to 73 of 75]
7.502961367587193805e-04 0.000000000000000000e+00 4.020924072664800331e-04 0.000000000000000000e+00 0.000000000000000000e+00 0.000000000000000000e+00 0.000000000000000000e+00 5.525900172972106512e-03 0.000000000000000000e+00 0.000000000000000000e+00 0.000000000000000000e+00 0.000000000000000000e+00 0.000000000000000000e+00 9.255328140683416146e-05 0.000000000000000000e+00 0.000000000000000000e+00 3.258040734576008504e+02 7.767234737614286644e+01 1.638932671567318033e+00 0.000000000000000000e+00 0.000000000000000000e+00 8.373029254395878525e+02 2.170076602411976694e+02 3.876115161606607558e+02 5.022033694440563067e+02 9.270076761518872388e+01 1.639761441799737725e+02 4.971400586072146629e-06 0.000000000000000000e+00 5.267006942434419869e+01 1.048169385794283137e+01 4.724478034368194868e-05 0.000000000000000000e+00 1.171760928489934850e+00 0.000000000000000000e+00 0.000000000000000000e+00 0.000000000000000000e+00
1.756536206294911153e+02 4.235891705559774218e-04 1.091569533275524926e-05 5.378437562668199947e-05 2.160982188815512188e+02 0.000000000000000000e+00 4.244295088629251040e+02 2.747088890937490078e+02 0.000000000000000000e+00 4.743027464626772875e-05 0.000000000000000000e+00 0.000000000000000000e+00 4.201136396839882536e+01 1.896901962634336926e-03 6.147309689919144375e+02 3.533452956086146628e+02 9.722456884264178143e+02 4.283508477142509037e+02 0.000000000000000000e+00 1.522459283888340767e-07 4.587700283969998957e-09 4.805072885424594915e+02 0.000000000000000000e+00 2.359474694223332278e+02 1.615479656482528696e+02 2.926116137732686795e+01 4.580470221324957834e+02 9.705886978976743009e-06 3.174979991003321089e+01 3.595333971346759938e+01 2.769643502044647931e+00 3.226961620536108057e+02 4.119847936681215295e+00 6.947543909288482755e-01 2.358999349851619343e+02 2.658207375583738781e+02 0.000000000000000000e+00
7.965625643507553377e+01 7.037249365312316058e+02 2.588509656449129466e+02 3.867356651206301308e+02 8.558366286846385265e+02 6.837538932521977131e+02 5.599734976398955268e+02 3.335583092764195451e-05 2.922398228314199855e+02 2.467616041414593439e-05 1.953717959993282420e+02 3.668867629766572366e-06 6.674151942329096983e+02 0.000000000000000000e+00 8.353497169568740901e+02 7.431250753267038078e+01 2.886897771119742440e-01 1.076396600859596902e+03 7.904617018060785085e+02 1.085103042244550586e+01 7.954501083960972210e+02 5.634860558890037652e+01 1.057753044357360523e+03 4.147492775545980521e+02 7.068952886227704084e+02 9.283912131064113282e+01 1.662079312193408498e+02 1.218118715276835928e+03 6.182032675024535706e+01 2.521043512905923656e+00 5.798121116614499897e+02 6.850486563371603665e+01 6.500131376559952514e+02 1.001830361159327140e+03 5.131130626462537521e+02 1.886669188776908186e+02 2.786232877084473216e+02
2.359478570916720486e+01 7.205703333747756005e+02 8.543400898004392729e+02 2.977011261597176439e+00 1.568855739328849722e+03 9.937294827935346575e+02 0.000000000000000000e+00 5.529189341148216954e+02 1.997448325580060668e+02 4.133442381440878632e-07 3.723674201513845787e+02 4.459904888273091501e+02 4.980037501238891764e+02 2.639094124774195294e+01 1.205140012741699422e+02 1.464137159100375129e+03 4.374003772277358166e+02 8.044305785706504253e+01 9.547653080169486373e+01 5.325359978752187118e+01 4.344353193005822504e+02 2.198923466345564464e+02 6.050607694954663884e+02 5.257838291653516762e+02 2.482779316285115101e+02 1.272656480719249430e+03 6.748667860287430642e+01 3.741105840620764411e+02 0.000000000000000000e+00 5.519589059649540985e+01 1.144196612417613551e+03 6.357020253160164884e+02 5.555981616997728452e+02 4.600392676720284157e+02 3.876186973205507424e+00 1.331982943473633213e+03 5.007114121773411419e+00
1.886636178807318265e+00 3.218524541850255218e+02 1.430707434370617193e+03 5.277979089864213620e+02 1.155627120535566803e+02 2.807458859583990218e+01 6.989002739096451933e+02 9.115908509616458844e+01 4.684293272597361124e+01 0.000000000000000000e+00 2.639337400121945052e+02 3.817844773489553756e+00 8.826674431296652301e+00 3.386971669462447494e+02 1.034018998425790869e+03 7.298244640838714759e+02 1.016094457841676785e+03 2.795702361213753875e+02 1.794970034356579447e+02 1.122657791819905924e+03 4.022983687135804303e+02 2.919233578651384846e+02 1.336893404687243219e+03 5.032096795831126883e+02 5.482997521932805967e+02 1.338737743426743464e+03 1.196422008149434504e+02 7.806416519459554593e+02 9.788449671221290771e+01 1.291814742137457017e+02 1.260143966379601288e+01 1.092740401980363529e+01 1.137425912612506409e+03 5.061095056092200650e+01 1.207157702084178936e+03 5.247802963424763334e+01 2.144468033008935492e+01
8.660051250404113716e+02 4.724351977668014513e+01 1.812590305996999973e+02 6.316508791772264431e+02 5.570588475885187130e+00 3.140459157754519310e+02 1.527492971232800301e+03 7.045865825578325712e+02 3.969859056065361074e+02 1.401843410373746110e+03 6.237124775299417934e+01 1.533251283175214610e+02 3.629654684253434311e+02 5.763755594102807436e+02 1.131954245140405533e+02 3.550888955329536998e+02 9.510920711526019033e+01 1.824481786008237520e+02 2.472406187675624096e+02 5.192137952745721208e+01 4.265542133625793042e+00 2.924212337975747005e+02 8.003255827403499723e+01 9.146494552103050069e+01 2.828352374065138974e+02 1.665930616456498115e+02 1.719088302240813164e+03 3.383469317448430047e+02 0.000000000000000000e+00 8.920864305670361816e+00 1.388901402146616032e-03 9.537282141015913339e+02 4.700238029774109094e+01 1.275979604761319933e+03 5.364985941428221849e+02 2.793716982395511081e+02 4.306511369075060713e+00
1.146157603305153771e+03 8.306772698345604722e-01 2.795581984513282947e+01 4.808083300593037990e+01 0.000000000000000000e+00 5.021679714763303792e+01 0.000000000000000000e+00 1.922548123187526059e+01 3.119831055517946652e+02 1.558673617840060786e+02 4.589383941575001558e+01 1.136401479473038080e+03 8.371957454458579377e+02 9.078607278910557170e+02 8.070873599684637156e+02 0.000000000000000000e+00 7.444322008856516959e+02 7.506323177795765389e+01 1.122767665928527947e-01 1.147015337683860849e+02 0.000000000000000000e+00 4.842430640585042312e+01 9.125975277643040044e+02 1.231600925339119385e+03 1.625420393425848260e+03 7.352305519040868376e+01 1.574933981282959394e+03 1.343961331372632003e+03 3.055110593105530015e+00 3.619879875779796963e-05 3.260624292006536393e+02 4.526578156601701153e+02 4.014352367548065104e+01 1.173308857039941131e+03 3.091204117102601003e+02 1.885077812020097637e-08 0.000000000000000000e+00
1.007230542764433778e+02 3.029573045015817456e+02 9.252911537809527545e+02 1.461004874256159383e+03 1.121483128284774239e+03 6.991000910811234803e+01 1.468241474345932374e+03 1.369211603678000074e+03 0.000000000000000000e+00 1.093543729972535914e+02 5.653137578452009393e+01 6.639878747798921843e-02 1.423486055879986800e+01 3.076836984031588451e-01 7.107494552096108009e+02 9.016686658507562697e+02 1.537986719903173949e+01 7.093743232608793505e+02 4.321370498472834356e+02 4.130196166860328049e+02 3.318376324301942049e+01 8.168307299102137294e-05 6.217274299497653089e+01 8.898787359739136760e-02 1.213216657705730199e+02 3.424839895626762427e+02 8.726188923354875060e-01 2.082615213718370626e+02 1.213945515249506113e-04 0.000000000000000000e+00 5.957576588520998939e+02 4.302146633540907601e+02 0.000000000000000000e+00 1.021349790920542205e+03 2.050094390410686884e+01 2.002350578007376214e+01 0.000000000000000000e+00
5.907267302870068306e+02 2.310908185159840116e+02 4.885783198290517362e+02 1.149002092132725920e+03 2.368419845541612574e+02 3.114808697575452925e+02 3.395957387398528908e+02 5.362600023218421939e+02 9.087122803353844813e-02 1.202782332881620050e+03 3.688073204573773296e+02 4.812113375986533015e+02 2.774205327139256383e+02 2.313198456258387381e+00 6.258342902451101963e+02 9.418396305521656586e+02 4.561203649582188291e+02 5.687312965383905521e+02 6.314259435561859135e+01 4.212898834422671257e+02 3.938999905608771002e+00 1.361158367655138761e+02 8.803397587700685278e+01 1.222436540548000607e+02 2.233751695226397160e+01 7.299480113454874299e+02 8.277652587903583381e+00 1.179387720620306936e+03 2.603756239659043814e+01 2.436172883681510726e+01 8.062340359128236287e+02 6.770720503754843094e+02 9.389912081121982723e-01 2.758353859996057054e+02 4.975614586874526734e-05 2.992553469558604888e+02 0.000000000000000000e+00
9.904619294269059537e+02 6.275441392501212476e+02 4.405743064171577572e+00 8.434362222341471806e+02 1.379953621402956060e+03 9.831600441574512672e+01 5.229942474396040808e+01 3.504169593795098514e+00 1.546581861167095894e+03 3.990939313935738824e+02 5.080072507925891045e+02 2.842233912035127332e+02 3.079369493674773395e+01 1.617684757421607173e+02 3.898190107912088820e+02 4.013881915148413526e+01 5.595187838456079135e+02 1.106049329825004861e+03 1.037552179383071405e+01 8.838186916586408870e+02 2.285611389913304314e-01 3.617261679956872200e+01 5.053006711425221953e-01 1.361073296371068331e+00 1.830697231260348303e+02 1.579543843606324572e+03 3.965776635069200040e+01 5.092031623707288759e+02 1.032682135032107681e+03 2.001399188437377006e+03 1.506640170564176969e+03 1.027965614547589057e+00 7.605051498442945785e+02 1.531358275222841030e+02 2.094383922666482079e+02 1.790981194124748015e+02 8.801679827008401844e+02
5.981645753706447977e+02 3.689482186750312280e+02 8.271181251234889231e+00 6.018689215628562579e+02 6.373530015969229225e+02 3.804799098435904625e+02 1.496249609414722386e+02 4.327537292234582651e+02 1.740277520549791745e+02 3.563362626994328366e+02 7.391163711593415857e-06 1.360216539435288134e-02 1.158797853532578586e+02 1.952434443545434606e+00 1.638016525099914418e+02 5.158816752728047739e+00 2.339233928948672201e+02 1.226292591956096913e+02 8.603999284210071892e+02 6.207327714227557180e+02 0.000000000000000000e+00 1.671002975342724426e+02 5.187259764911806315e+02 6.953938486410122266e+01 1.060468213281914416e+02 9.661641395963860646e+01 0.000000000000000000e+00 2.860107973007420767e+01 1.717696622728776447e+03 1.168234077984842088e+03 3.591048921064187383e+00 1.431326294127642996e+03 1.266870816855938529e+03 7.565047661096468801e+02 3.567511972284055446e+02 1.137627841199726486e+00 2.625147334360746072e+02
1.511227130028690453e+03 2.837292940749046033e-01 4.629157196408832533e+02 4.812239918844873898e+01 1.951995916995831237e+02 2.726895908834052246e-06 7.986897369608779440e-02 0.000000000000000000e+00 9.993857042664134032e-04 3.706197550375188318e-05 1.595419014132560065e+01 0.000000000000000000e+00 2.579582941004981755e+00 1.698552335565448956e+01 0.000000000000000000e+00 3.553895478651667617e+01 6.482970343377797917e+02 1.217987934926543087e-01 3.730994710288192664e+02 5.631870777546582758e+02 7.121476357704237614e+01 2.517608979538272607e+01 1.622797856504320180e+01 1.071357702396980585e+03 1.088695762312927627e+03 5.546426962411712793e+02 1.476719891462503483e+03 1.558016018881364971e+03 9.333989074973736422e+01 0.000000000000000000e+00 6.823491463881460959e+02 0.000000000000000000e+00 1.771604329854242543e+00 4.542314966824688438e-02 0.000000000000000000e+00 9.723608477819807376e+02 3.298630292827137822e+01
3.363170425178205747e-01 7.660596273169983743e-05 1.101378061728048863e+00 1.304949778786305714e+01 1.070191432150304323e+00 4.983776017939754943e-05 5.852744324975675538e-02 2.971904475048307371e-04 6.421606793889085626e-06 0.000000000000000000e+00 1.407011278239136800e+02 1.870243755998038271e+00 1.224640711044539204e-04 0.000000000000000000e+00 9.806808047791607530e-01 8.658818122183244270e+01 1.090757288036689410e+01 7.206771402182017709e+02 1.536964633098216382e+02 1.537495342444732842e+03 4.512927125680718632e+00 9.368478720554602290e+00 1.083449177822839005e+01 6.968272034463891984e+00 8.608372088477223016e-02 2.056825176058802059e-03 8.665714616691521996e+02 6.541417690481496265e+02 2.353312814235713368e+00 7.000378259224738713e+02 1.308637314371188864e+01 2.912322248734864161e+01 3.473707146581277811e+02 1.172562799315795246e+03 0.000000000000000000e+00 5.983571147595608863e+02 5.175341020317908942e+02
1.679744324939028209e-04 0.000000000000000000e+00 6.602127518346834862e-05 2.236280488263703498e-04 9.236189230832451358e+00 1.168070316135942655e+01 9.470888271459060093e+00 1.364711186960624218e+03 1.103039536664449543e+02 8.345374135138472411e+02 2.433034692481597574e+02 0.000000000000000000e+00 9.953398056968714158e+00 2.502665076346167073e-03 4.652589923193206118e+02 7.289560203598614230e+00 2.793965356492551564e+02 2.555930243392654688e+02 4.110713700626175182e+01 4.093408010878169989e+02 4.146222215699128810e+02 1.495494946236313893e+01 4.182398226697603718e+02 9.973294946071852018e-02 2.180686969498754624e-02 5.478673237393778539e-01 1.071530963862863217e+01 1.738141543193526786e+03 0.000000000000000000e+00 1.155301368308240399e+03 1.051599763240090368e+01 8.659908799913533517e-02 1.075082742940601293e+03 5.504135650242781139e+02 5.724031046357486048e+02 0.000000000000000000e+00 2.607222203803180491e+02
2.583426828969222822e+00 2.565383039585252019e-05 0.000000000000000000e+00 6.078827789687890970e+01 3.677881378597344913e-03 4.623048324189743425e+02 1.440306972543396924e+01 5.886024153256538827e-02 4.096408446186983952e+02 1.137248091825322263e+03 1.939900630496601967e-04 3.039491836875722015e+02 4.574057943410980265e+00 2.792908603445617999e+01 4.482047137439474582e+00 2.499765221920532383e+02 3.355097674087967334e+02 1.020831874848053531e+03 9.730162428717619605e+01 1.555484690340592579e+03 5.566431420231933771e+02 1.188173316157584054e+02 9.072515655839712281e+02 9.276073076185276989e+00 4.383428905052055846e-01 1.267300836363425418e+02 9.871398181892867569e+02 1.445348048248621126e+03 2.870211885351147174e+01 5.203590888658186486e+01 7.753778872776039179e+02 9.877964157351570975e+02 0.000000000000000000e+00 3.818439722611043918e-01 9.989558444196164828e+02 3.791650399223388490e+02 0.000000000000000000e+00
2.088017194724110581e+01 2.261878471333951666e+02 5.298107107595234052e-05 2.805816749323740851e+02 2.916967497374869822e+02 6.150132869316540791e+02 0.000000000000000000e+00 2.845022858533807764e-01 9.035715161221774538e-01 1.098049635936235446e-01 5.927147727756272388e+02 4.701157757510866020e+01 1.546888605191721311e+01 6.833668898827330906e+01 1.674493414146493706e+03 5.483150457813166234e-01 0.000000000000000000e+00 6.148900677219972977e+02 7.319444872488213960e+00 1.191057372379581466e+03 1.783171868166764170e+03 9.157425969815142253e+01 1.165595790845143028e+03 4.322454115166634914e+00 1.388481872602273484e+02 5.963821513705204325e+02 1.310421702392619864e+03 2.038229058499390067e+00 1.746305576863539727e+03 5.694443430564555229e+02 8.870343331039633128e+00 1.101553343284909516e+02 1.024586650621495892e+03 1.315491592691556946e+02 0.000000000000000000e+00 1.304957741781690795e-03 0.000000000000000000e+00
3.744996820443233077e+01 1.481069849955783582e+02 1.352978268862459117e+03 7.963037268023138715e+00 1.814113265449555756e+00 1.945280974677026720e+01 1.396263658388012914e+02 2.499708504094420789e+02 9.510576814182522298e+01 2.890615118812906417e+02 1.776492210954894570e-04 7.740189409015473032e+00 3.709881661490347371e-01 4.207274588204161603e+01 1.253416242017234872e+01 4.617302942920384794e+02 3.575378408246749729e+01 2.066358408351489118e+02 2.742675190357962265e+02 0.000000000000000000e+00 1.178521408726663367e+03 3.299726705622751979e+02 9.612876752163238052e+02 6.459731312777634571e+00 1.628936947058145734e+03 1.400523484014599489e+03 2.857019857420301179e+01 1.507376614880211037e+03 8.041578793891552550e+02 3.917539987234461023e+02 9.460870485189429928e+02 1.797150260275385936e+00 6.881603933818426277e+00 6.933689767809197235e+01 1.089834545817582239e+03 6.676479891284778887e+02 0.000000000000000000e+00
