output/example_1/lateral_incision_000458.asc
nrows	75
cellsize	13.33333333
xllcorner	0
ncols	75
yllcorner	0
NODATA_value	-9999
[rows 51 to 67 of 75, columns 37 to 73 of 75]
1.674878547002722087e+02 1.644309493430354451e+03 0.000000000000000000e+00 0.000000000000000000e+00 0.000000000000000000e+00 0.000000000000000000e+00 0.000000000000000000e+00 2.641473739934683067e+02 1.086917927181983259e+03 0.000000000000000000e+00 1.767347049486577004e-01 9.646097181068001873e+02 9.251645353993029630e+02 6.449728826831966444e+02 1.890794476736487013e+02 4.181998344797624867e+01 1.559722334465825270e+03 2.670312672132851048e+02 1.119670430248308094e+03 1.471858950615205003e+03 1.206701440806740948e+03 0.000000000000000000e+00 1.336276786722978441e-04 3.979960081868293142e-02 8.156236466999490631e+02 1.209792008442462503e+02 1.685403855623335971e+02 3.497034952699625610e+00 0.000000000000000000e+00 3.214117645298907746e+02 9.639026125328510943e+02 6.578817258081056707e+01 3.625100503797159490e+02 2.473991854422136782e+02 1.265043033308905773e+00 4.774343108972031047e+01 1.747444370932519586e+00
1.475604546286621371e+03 1.214696220093580678e+03 8.141796531354670956e-04 1.177910530378973590e+03 9.877939760735205255e+02 0.000000000000000000e+00 1.315465897760970165e+03 5.832367971181000712e+02 7.090779743736106866e+01 0.000000000000000000e+00 1.529261540175319851e+03 1.333336683584610682e+02 7.239831105971509828e+01 1.089698560611849643e+03 1.060746046397788994e-01 6.455029096554463877e+02 3.475360059371747212e+01 1.036383820866678906e+00 2.373763916251041308e-07 2.637232611107948268e-07 1.083038760788212585e+03 0.000000000000000000e+00 6.988138893428113684e-04 1.551229000118837575e+03 6.572479835243542539e+02 3.981437788416964167e+02 5.172156416978357356e+02 4.634576117609411767e+02 5.507342096149092185e+02 4.067218924676644320e+01 0.000000000000000000e+00 8.735139025002287099e+02 0.000000000000000000e+00 1.011622065918318526e+03 9.441741782163771290e+01 2.335875971158485598e+01 2.515322486392767303e+02
4.974550563418728188e+01 1.147849939031675376e+03 1.219085286245976361e-02 3.963346135132877066e+02 1.607975987995557034e+03 0.000000000000000000e+00 4.040284094364295697e+02 3.699243909303228861e+02 1.751124852762461614e+02 7.672218480399833425e+02 1.306766751135619984e+02 3.470154378925834671e+00 4.938709665290542716e+01 2.393625427516358002e+02 1.150104233407835636e+03 4.216070904423811783e+01 4.833519019890469508e+02 9.239353275818743549e-01 0.000000000000000000e+00 8.411662278962302253e+01 1.347328170466507302e+01 0.000000000000000000e+00 1.398561824292443816e+03 2.311574836624338047e+01 0.000000000000000000e+00 1.296591880284096987e+03 6.720986999498074965e+01 7.432522044877909195e+01 9.071919699551015128e+02 7.538719517618845884e+02 2.482036508830743671e+01 6.339203692399228203e+02 3.974926411399891890e+02 7.233485243609588906e+02 1.553183477973161416e+03 4.369215515910790941e+02 1.386302932996526351e+03
1.611199899293235861e-04 3.392193028288486403e+02 1.583761654448369654e+03 5.210788756547882761e-01 1.369586420756246753e+03 1.073460940022670911e+03 1.015153864841181308e+00 1.198407338007780481e+03 1.165297391450136502e+03 1.997698472899414242e+02 2.021834462695105694e-01 3.162391702073622355e+02 1.242823317435481158e+03 2.194360979110662768e+01 4.508826801919807963e+02 1.473262897915911651e+02 8.735912148254599288e+02 3.836497529640509896e+01 4.909780084042978956e+02 0.000000000000000000e+00 2.748806092675225727e+02 6.911565188139004476e+02 1.204383565058712293e+03 0.000000000000000000e+00 1.633508820944189210e+03 5.248776897621617081e+02 1.017409116295172453e+03 5.053712801000377794e+02 9.711693580373687382e+02 6.392698363619690554e+02 8.472704946996275055e+01 5.561450334298824316e+01 8.299740240343209052e+01 2.056412385862527969e+02 4.728218384288194187e+01 1.563214805651005861e+02 2.515517674499938607e+02
2.779668731356597391e+02 5.457380504155173639e+01 1.598788504333715554e+00 2.043026523607825311e+02 1.013168961038573570e+03 3.254191128274961216e+02 8.559009147266428954e+02 0.000000000000000000e+00 4.246903371886027116e+02 1.071563403896928776e+03 2.079283998546624730e+02 1.032008423764303416e+03 0.000000000000000000e+00 4.045752671299600820e+02 8.129640142726608474e+02 4.458803872260624956e+01 1.393230236820032360e+03 2.432152630475460171e+02 1.484203054502296197e+02 1.450092793077840838e+02 8.953929598115701083e+02 1.150883798925560086e+03 5.788129608565442119e-01 1.173339525149570818e+03 7.084092681355454602e+01 0.000000000000000000e+00 2.084580093515638055e+03 4.315425130056622152e+02 1.638850512952406234e+03 2.199904683990930820e+01 1.672830468513133155e+03 6.874499850673457786e+02 9.721194601189844207e+02 4.158461831598038998e+02 8.832655741985396389e+02 1.053287791163576685e+03 3.772177614417965685e+01
2.886825576166111773e+02 1.099014030625718078e+03 8.626982781065699157e+00 7.463180193546389773e+02 8.395030395927526001e+01 1.394996816626446901e+02 7.879124576534807147e+02 5.672351067187106537e+02 1.025838441456771655e+01 1.068752796213319925e+03 1.675664685073588771e+02 3.082353075972447343e+01 1.744789641190758118e+02 2.126777178817202685e-01 4.480849664539263699e+02 0.000000000000000000e+00 4.214094523041925413e+02 1.121394710920869784e+03 3.491309771764044445e+00 2.765275514854015455e+02 7.174236912585009804e+02 1.308161862094373851e-01 1.326615087128815560e+02 8.431727400550836364e+02 3.722816912447403297e+02 1.945305676467400602e+00 1.173211887541230908e+03 0.000000000000000000e+00 5.192978401623340545e+01 7.990289445867481390e+02 0.000000000000000000e+00 5.809175802408976779e+02 9.695718001646619344e-02 9.798269960117218034e+02 0.000000000000000000e+00 5.545529445169031533e+02 6.261179337342886697e+01
1.226574798792303085e+02 2.954389737093671329e+02 3.885724585444668833e+01 4.354996319573657502e+02 9.626643296745646339e+00 7.046685780475770855e+01 9.851871476008977879e+02 1.110575777803739811e+03 5.267360926758135520e+02 5.396592192700028079e+01 4.648375084129513652e+02 1.364351497846085692e+02 8.002761255003292717e+02 7.118257880599760483e+02 3.038336785360853582e+02 0.000000000000000000e+00 1.729724908633007772e+02 0.000000000000000000e+00 6.808070097766825484e+02 2.145130097296909071e+02 1.281415180643115718e+03 2.168308580174961264e+02 4.058261186047431579e+01 3.039826976545448360e+02 5.925667323967396669e+02 7.299094575362997830e+02 1.836893933098619758e-01 1.291101347466154721e+02 1.944668139664831301e+02 1.403137999706164692e+03 1.834584493893997248e+01 8.479825830211343600e+02 1.866724211140539467e+02 4.755760412957573635e+01 6.485968598400927476e+02 7.564141855502699627e+02 0.000000000000000000e+00
0.000000000000000000e+00 1.572855892116170935e+03 7.346724403430103223e+01 3.885845381711315554e+02 1.117987049252934185e+03 8.576751036357993598e+02 9.378323907257334895e+02 1.807070618018061907e+02 4.181972838615731121e+02 9.794519419333184373e+00 4.493419644972869946e+02 1.388882750985093935e+03 4.309346724128934625e+01 2.060808216271795459e+02 1.710612166942828253e+03 6.255473562720316494e+01 7.652831059504579798e+02 5.198202371465165470e+02 0.000000000000000000e+00 1.358326113156704650e+03 5.057229786524606752e+00 3.416534823680926252e+02 0.000000000000000000e+00 2.162659034643100942e+00 3.014883435345255975e+02 0.000000000000000000e+00 6.675031116433044645e+02 6.953238696325748833e+02 6.971636508254870250e+02 3.405102659464852022e-01 1.640568773676684202e+02 6.135682410645720211e+02 6.047318361030433920e+01 1.269352801780551999e+03 5.948780556782483018e+02 4.547876655844100924e+02 5.423292802538749129e+02
1.300191160356655189e+02 4.043051021740664055e+02 3.357484285563150195e+01 1.304897449782641843e+03 9.331377662293721187e+01 6.537115581004032094e+01 2.945910330376206332e+01 0.000000000000000000e+00 3.143758799427678809e+02 6.025246034353132529e+01 1.055647872658241340e+03 1.781314475744352137e+02 2.492980625852773358e+02 0.000000000000000000e+00 1.016624631637718721e+03 1.973427701919342212e+02 4.997954355674667681e+02 7.447829873210101823e+02 2.408852513558839519e+02 2.230329811643016740e+02 0.000000000000000000e+00 6.550414747268304154e+02 4.658322988511568497e+02 3.768833889553242216e+02 1.452827424119148645e+03 3.192222010781525121e+00 1.201065309879503729e+03 9.127801761055631005e+02 1.654887347530705597e+02 5.214872052952839567e+02 9.829460203103413960e+02 5.957124921347819964e+02 3.780712446971979830e+02 8.330178857307421936e+01 1.906866189545273471e+02 2.923180021645072770e+02 3.277446559939623398e+02
4.085659403873403051e+01 1.832635495226593321e+03 5.720914966500827603e+01 3.389795904999770215e+01 8.221801228425812269e+02 1.028951387165035385e+03 2.836559070765912183e-01 1.088605984135569855e+02 0.000000000000000000e+00 3.075141971432278751e+02 1.120760413730120746e+02 1.706797479850781372e+02 4.228272477213880052e+02 3.920312223480472653e+02 1.404263537594617446e+03 1.287320148823846182e+02 6.050061971214064442e+02 4.155527930600933928e+01 6.739838659445639450e+02 1.304403252038048322e+02 2.346582297296772026e+02 5.022488422469949683e+02 6.858802383052220648e+02 2.400192869259671458e+00 1.344908241820139949e+02 7.969365679450289974e+01 3.942815613271083066e+02 2.701788030817589288e+02 3.185809561315646188e-01 9.014580949840200219e+01 1.398982412532675880e+03 6.025824777167002821e+00 1.161749909064174080e+00 8.581787018008146788e+02 3.627381852986970898e+02 1.571326167621887635e+03 1.391280357887754917e+03
5.813371345599759366e+01 4.503714506566648197e+02 2.851369988324818650e+01 9.861417054787489178e+02 0.000000000000000000e+00 7.078343860633189024e+02 1.286446877121488342e+03 4.728368495908974865e+02 4.440709218767865423e+02 6.317973099183125214e+02 6.874229414866390186e+01 1.401801435058891002e+03 5.970654616358347084e+02 1.492825434641868831e+01 2.121155352943050048e+02 1.161876392898453076e+02 5.820351113145038653e+02 8.674488813448151703e+00 5.151195442080651219e+02 3.359317175374307567e+02 3.717632336560200912e+01 7.010063515889017083e+01 2.219515124347722690e+01 1.726616630681438437e+03 5.611054068595914046e+00 6.736651374295562711e+00 1.625080605563529843e+03 1.278829093590338061e+03 3.863956959266217837e+02 5.775056559205066264e+01 1.514651697424834298e+00 5.682170352844100307e+02 1.211602536662852572e+03 2.459775950105080540e+02 5.624094235743536956e+02 7.308940633212504281e+02 8.726395500100541369e+01
0.000000000000000000e+00 9.459229152145800299e+02 1.027181275931431159e+01 5.107514760674636705e+02 5.873395983666748634e+02 7.941713330927681227e+02 7.798582419928533227e+01 3.003152075521360231e+01 4.610934892809980852e+02 9.587984700959783879e+01 4.241544746385138751e+02 1.276118076831195509e+02 2.911890274370986731e+02 0.000000000000000000e+00 1.405894622312934644e+03 3.346398442766234211e+02 6.866599108747398077e+02 7.908641943417459288e+02 1.522747399184456469e+02 7.479237321022791321e+02 3.173134518963954065e+02 1.693837135281322844e+03 7.336536436187292054e+01 1.578291180172889199e+03 0.000000000000000000e+00 3.123369971880806588e+02 0.000000000000000000e+00 1.148914643256576662e+00 7.826312798280025618e+02 1.681571162775396488e+03 7.992630168377756750e-01 0.000000000000000000e+00 9.630406949477011835e+01 3.576800906584192035e+02 5.566237209536637920e+02 1.475592977367166895e+03 4.518942536827788015e-01
2.044540450592691059e+02 6.624893577081106741e+02 9.473913333383924495e+00 9.627533135951965733e+02 5.664729048087103820e+02 7.681408383315642823e+02 0.000000000000000000e+00 0.000000000000000000e+00 3.534470688214236134e+02 1.004138422249895086e+02 0.000000000000000000e+00 1.544785216025598174e+03 5.124864277176311589e+02 7.277027627475756617e+02 4.799376158399890642e+02 2.424701740398437977e+01 1.286099729300665786e+03 3.712530172734764733e+02 2.595098654194707706e+02 7.733509918851312932e+02 6.895825717004256603e+02 6.718185401043603733e-01 1.021413483830453515e+03 4.920278186942347816e+02 1.400826875205589017e+00 2.806125405313557053e+02 2.343261667125559597e+02 1.224359816623763891e+03 8.506264724914421649e+00 0.000000000000000000e+00 8.664693418040684492e+02 6.460440600802259041e+02 5.818668394886142323e+02 1.007760773744361472e+03 8.471218843943550780e+01 4.072421906047140538e+01 4.380215278499188116e+02
1.719493397830768231e+02 1.429576795419822410e+01 9.899422008037280420e+02 2.828747681298065331e+01 1.762074343399275733e+02 6.547014925339727824e+02 6.745218840480428071e+02 1.321452657568699124e+03 9.589711710734364942e+02 1.646554426472248451e+03 0.000000000000000000e+00 1.928768969395558202e+02 0.000000000000000000e+00 4.366591748385571918e+02 8.446682763974332602e+02 2.990302119721004601e+02 6.777491969136837824e+00 3.140533886437036770e+01 8.203848990484027581e+01 3.160168757744633012e+02 2.605830277727091584e+02 1.221441405950231456e+03 1.551058355061456496e+03 9.130719186407508232e+02 0.000000000000000000e+00 8.854220163749521078e+01 1.413856898025968121e+03 3.545598753393345532e+02 4.547696447715131285e+02 3.495622761673311061e+02 1.853210122541588234e+01 1.584927607548066817e+03 2.514137405323324970e+02 4.798527695869771570e+00 1.125529335921637767e+03 3.700272820211247904e+02 7.189992460577199154e+02
1.938666701581231422e+01 1.487410825637195160e+02 1.251678630206985190e+03 9.074971082251767029e+02 3.278875159700264330e+00 8.420744543284031352e+02 1.333369609011407192e+03 1.551577783807615560e+02 9.270581661598541814e+02 9.919893092986674432e+00 1.503178312826554020e+03 7.653618057169758231e+02 7.094483971983700030e+02 5.343036223169692676e+02 6.240273388910291885e+01 1.980768161339602216e+02 0.000000000000000000e+00 7.666002655125388401e+02 1.055285513304867209e+03 1.000107101570748824e+01 3.568625299043977748e+02 1.582724411198192911e+03 7.108673738321357405e+02 9.550221314978161899e+02 1.184797026309155257e+02 5.748070005927970669e+02 2.726072404002484628e+00 1.646026516094973147e+02 1.243456936301740399e+02 1.568289694168250925e+01 1.183674192077885436e+03 1.562130773912940640e+02 1.255348995618999652e+03 1.482460309865620829e-01 5.615516963856346138e+02 1.389053313286476623e+03 6.086236514806136455e+01
1.577199926501659547e+03 2.187965278211055136e+02 3.701439564420312678e+01 1.452281756858586959e+03 6.907618667642440187e+02 1.655702941275876938e+01 1.120595215403710654e+03 2.654432478608664496e+02 2.365991287590739489e+01 1.429363449484652620e+03 1.131497118924364031e+03 6.566917824406635873e+02 2.766511792028550354e-01 1.755174966561261840e+01 1.371758081266266061e+01 3.572666111573940384e+02 1.774546397065626309e+02 3.022518813276795413e+02 4.647553629119713037e+01 2.762149192951563919e+02 5.566914100288316831e+02 0.000000000000000000e+00 8.694532040139117157e+01 6.071254065070775141e+02 2.808989735415353906e+01 7.117242927915641530e+02 9.961676611016605420e+02 6.986935193122067176e+02 4.955724302803524495e+01 3.808981939134998811e+02 0.000000000000000000e+00 4.928733736528162694e+02 1.536456883453048761e+02 4.509824703584084205e+02 8.865027358809557256e+01 1.451321080165220394e+02 3.809255352131089012e+02
2.079559597697771096e+03 3.361118074518833510e+02 7.074901578954491299e+01 0.000000000000000000e+00 1.437838479635790236e+03 1.344265150461233134e+02 3.336388445694769445e+00 0.000000000000000000e+00 9.879050815080179859e+01 1.299607006991035178e+03 2.474215740166847297e+02 8.379950501826041318e+02 4.209431568343133563e+02 1.210516380431888273e+01 1.489543936425972825e+00 5.019001373420517780e+02 4.787621876549243893e+01 7.775735573658626265e+01 6.983407625424551668e+01 7.607364829286868826e+02 1.295829973661071755e+01 7.853079608139710288e+00 1.261181802091751969e+01 1.642061380807487012e+03 1.204172700843907151e+00 1.011603255827352314e+03 0.000000000000000000e+00 1.018111900092970359e+02 0.000000000000000000e+00 5.769629073274702478e+02 2.861049498344064546e+02 7.648289133341240813e+02 1.024187199364244861e+03 1.235135205820087068e+00 4.939432304412759436e+02 8.876524850500071580e+02 4.367245281907091226e+02
