output/example_1/lateral_incision_000320.asc
nrows	75
cellsize	13.33333333
xllcorner	0
ncols	75
yllcorner	0
NODATA_value	-9999
[rows 34 to 50 of 75, columns 37 to 73 of 75]
1.975605090013211111e+03 3.406988523581335357e+02 0.000000000000000000e+00 4.706345025840875564e+02 4.494752145839635773e+02 4.393588870999780625e+02 0.000000000000000000e+00 2.749261898169754090e+02 0.000000000000000000e+00 4.510652733707190691e+02 3.987011220273594780e+00 4.521520204312388103e+00 1.068651023525859046e+03 3.240636579871132881e+02 6.024265073775443398e+02 1.145616817979531135e+02 1.561336648106239977e+02 9.485976372643814614e+01 1.586863147383277521e+02 2.896894144510953879e+02 2.798223231808079277e+02 1.415396628895602191e+02 2.396994982010187982e+02 1.168843110485829584e+03 0.000000000000000000e+00 3.197026721570655923e+02 8.638584275435172231e+02 3.780813113910566159e+01 5.235427818612505462e+02 8.546102179311789087e+02 5.331471944816823907e+02 8.360527088566958582e+02 7.521825457031948190e+02 3.250080910712013882e+00 1.140902874709983195e+02 5.040827402041914596e+00 1.709978780906381530e+02
3.555389263258130654e+02 2.760301373036969039e+02 5.270045244876669699e+01 7.693268121963559025e+00 1.183118044517519138e+03 0.000000000000000000e+00 1.729225571084674584e+01 5.953659500583552244e+02 1.220539096009913237e+03 8.385684273216277234e+02 9.496068154561780830e+02 1.139001819633642398e+01 6.563997791053267292e+02 1.101390339003149421e+02 9.919346363471170207e+02 7.304617366186834033e+02 0.000000000000000000e+00 4.744543024944605918e+02 1.058665179694939525e+03 6.939058938889410229e+02 1.689554644266717389e+02 9.263220659560075774e+02 8.117880535287273460e+02 1.143022942546814647e+03 5.229319176041252604e+02 4.160260082389509648e+02 7.479359830164760297e+02 5.027500414744131341e+00 6.434006926540320137e+02 7.793848101974549536e+02 3.883480028508906390e+00 8.209400176818249406e+01 2.883674817478205643e+00 1.365585899929272955e+03 6.439397940799475464e+02 1.000621672782849146e+03 1.249416121702756328e+02
0.000000000000000000e+00 0.000000000000000000e+00 4.775238242277680456e+02 6.808210653045624383e+01 8.526595952011367672e+02 4.910749379031300919e+02 8.560040711293470395e+02 0.000000000000000000e+00 1.262894081128242988e+03 7.275950357003869158e+02 0.000000000000000000e+00 1.117558313762583566e+03 4.916489006656552618e+01 3.664836795743320330e+00 1.904084142696718800e+02 3.257672241329566418e+02 3.937942687867719656e+02 4.238705766654736635e+02 1.203660796864162608e+00 2.019115303532123562e+02 2.256303618295591562e+00 0.000000000000000000e+00 1.334098955631142417e+03 1.427386884461676857e+02 4.433070543028169368e+02 1.112974393757052667e+03 1.460540377023135534e+03 2.374749556975394249e+00 1.447536552657696120e+03 3.585795525424347119e+01 1.213221100841561793e+03 4.380481219459124986e+02 1.475037252499365650e+03 0.000000000000000000e+00 6.500290828518104718e+02 8.046426902215621340e+02 6.244198152719383188e+02
8.913292079128749990e+00 1.300901131697006349e+03 1.698533330255446799e+03 8.684051776414666080e+00 6.623105636803283005e+02 5.395621513378851652e+00 7.174891991394761135e+02 1.195074772961116736e+02 1.626384961607016521e+03 1.293389219866157847e-01 4.390931479712897385e+02 0.000000000000000000e+00 5.881077452487249957e+02 1.141100752770621511e+03 4.320166089886148808e-01 2.623213578167538884e+01 2.286549329943929934e+02 6.355771959145749328e+00 6.480092079675374634e+02 3.145045023759864122e+01 4.706205220811812637e+02 1.093211206232644273e+01 8.500079218370159140e+01 3.554405083909068139e+02 4.056487964864944047e+02 2.780365903440265574e-02 9.072189285171566553e+01 1.236395923925580064e+03 3.393887770652766811e+00 2.849811856124559881e+02 2.805875698435569348e+02 8.961242964205786166e+02 8.472819523007937903e+01 6.328397163367294525e+02 1.147687267185323323e-01 1.021779602203911992e+02 4.495420131337969849e+01
8.226993880500929208e+02 4.451070804186195162e-01 1.532924899119421525e+03 8.560294907527817259e+02 1.327427231102451969e+03 7.450114581826196292e-02 1.135611050741819554e+03 5.598591052316783134e+01 2.239700019252691909e+00 1.413436676237430447e+02 6.250870140325062039e+02 1.119180212392054159e+02 0.000000000000000000e+00 8.971821683527883806e+02 5.784186143984588853e+02 8.377786245640425733e+00 9.792351388377522881e+02 1.172884739930440645e+02 1.189835526021419355e+03 8.068538876730882521e+02 2.147938968386906708e+02 1.475721827635072714e+02 1.141049127221821493e+02 3.234447407247390061e+01 6.938960478724225140e+02 7.924136268849676981e+02 8.694735314379324791e+02 8.811424769878187817e+02 5.256507425194908434e-01 2.202933868137141928e+02 5.323166725005659572e+00 2.484617869024531700e+01 1.834782571938066198e+01 1.010630877102781938e+03 0.000000000000000000e+00 5.393100516913806359e+02 3.894801988134116044e+01
5.174990206989995158e+02 3.353398539050397176e+02 6.128274218481426061e+00 1.149382604928226328e+03 8.395419381889232682e+02 1.793167684311293897e+01 0.000000000000000000e+00 2.620625925848730553e+00 2.536292941826503977e+02 5.103751160393949817e+02 1.186453574726180250e+03 5.335879654173513700e+02 2.401444132730704695e+01 5.192644434582545898e+01 8.449953043490019411e+01 3.690340444510237035e+02 4.141608959688647218e+01 0.000000000000000000e+00 0.000000000000000000e+00 3.882814473501967996e+02 4.635506004528648987e+02 1.172465144353535464e+02 1.511799631581231324e+03 9.822269858313940176e+02 3.321630345717050403e+01 9.161525834124171297e+02 4.766101417954110020e-01 9.301226462104501707e+02 2.015821872166220885e+01 8.371816785317452059e+02 5.573321015944595835e+00 2.765624132871564456e+01 5.648956488020862707e+02 1.283120608895609394e+02 2.169048359055533126e+02 3.832392370414383187e+00 1.862282635041153753e+02
6.559277508052026633e+02 5.729870959181591843e+02 5.547908725978198845e+02 2.068731391038178824e+00 0.000000000000000000e+00 8.477473618561463127e+02 0.000000000000000000e+00 4.698715968486050798e+01 2.984046177839414895e+02 1.035548354716866925e+03 3.607993378167568039e+02 9.731863978116817293e+01 1.285112406752596392e+01 3.372525786279211388e+02 3.979074842354307862e+01 3.066028243388578267e-01 7.989930932258723715e+02 1.300039194012753569e+03 1.239991629137725340e+03 6.734031306548207851e+01 1.433546380949295099e+03 6.866573477778651977e+02 3.763349296136654942e+01 2.737859105854059862e+02 0.000000000000000000e+00 6.537029666047100136e+02 3.116271521427934399e+00 7.573741611849986555e+01 6.158124909577090911e+00 5.600007373756117204e+02 1.760463275187270860e+00 3.680704302563850661e+02 4.174695847188584708e+02 1.325941338292479486e+03 2.599844559181672139e+02 6.324378984944447666e+02 5.197729576949959851e-01
3.507351882672186889e+02 9.572266172198302456e+02 6.041179111163257858e+02 1.038373383520962179e+01 2.529882012974022985e+02 2.267634360244627056e-07 2.207381154199815967e+02 4.862728680693034100e+00 1.479285613953235412e+01 0.000000000000000000e+00 0.000000000000000000e+00 9.052879279822731107e+00 0.000000000000000000e+00 1.556686318234706619e+02 3.675485865237090310e-01 3.310029738249845650e+02 1.929461792927628494e+02 5.058476900923980111e+02 6.731595833317072675e+02 3.967289564732677150e+02 7.268678393501208645e-02 2.713365242337310974e+02 1.006736177024542599e+03 2.469889268379145264e+01 2.879137608406319941e+02 1.632315261337093659e+01 1.033659497859716339e+03 1.685332738736535703e+03 6.752635444865273229e+00 1.169429270077457659e+03 6.276220035453074608e+00 0.000000000000000000e+00 1.985664821622469276e+02 3.421406950075127611e+02 6.156555762169321042e+02 9.565394846001237283e+01 9.843207740684773555e+00
6.407475728222063083e+01 1.238451814689497724e+03 9.938792957465063864e+02 1.077389625507888082e+00 5.981864923639590188e+02 1.278722978435600680e+03 1.191351756418423292e+03 3.125902557096317764e+02 3.284541836936226673e+02 4.182903965489583697e+02 9.281073704151447146e+01 2.840685599405877948e+00 7.100603075482359827e+01 1.957817347945810527e+00 9.371339947053044170e+02 5.725136323574508523e+00 8.199513125474260278e+01 9.579134645091902485e+02 3.469364992098975335e+02 1.651341277975552657e+02 3.630647188657661104e+02 2.435688118831847930e+02 0.000000000000000000e+00 1.033451735201081050e+02 1.032605472434708417e+03 1.313589813508139514e+03 7.795936456191165007e+02 8.692947008480683735e+02 2.290796710437679096e+01 1.356496864820111114e+03 5.486075812363508941e-01 1.277022601771442851e+03 4.689381885067873554e+02 8.721003691008396572e+02 9.602121667295564293e+02 1.127551914869658560e+02 4.180349378245462049e+02
2.403860628277808686e+01 3.590161271969511176e+02 6.493094830559577986e+02 1.963579909118351674e+00 7.001753620155386670e+02 1.009982017712913034e+03 0.000000000000000000e+00 6.284367737534591924e+02 9.316795497457168551e+01 1.740409277153651957e-01 5.824927540712679956e+02 2.570602090120310095e+02 3.138656580968680601e+02 1.691778937804222238e+01 1.050439944496089993e+03 1.521211371677018462e+02 1.343320169174385455e+03 5.908617974327298725e+02 5.237489139313412352e+02 6.722195732158626242e+02 7.294295356676585698e+02 1.258797252861175139e+03 1.901365714704328127e+02 1.323666988886143372e+03 4.025893619544793189e+00 1.071052188380738926e+03 6.394667716762792224e+02 1.148196205539928183e+00 1.048047528463099241e+02 9.840001090015438479e+01 1.294130451873203036e+01 3.890577835943841478e+01 4.564983046622825924e+01 6.932236328157856065e+01 2.973706540692110707e+02 1.540986746389575956e+03 1.021188268826005356e+03
0.000000000000000000e+00 3.124734865693122865e-01 5.339181366496588765e+01 1.601827006483509119e-01 1.478164501391987358e+02 2.154957643409837829e+02 2.072455604557931110e+02 5.075862712816252156e+02 0.000000000000000000e+00 3.197832743091257726e+02 6.900918052833502543e+02 4.521446588663183661e+02 1.796890715411815052e+02 2.107565758312719311e+02 1.712411956604397574e+03 6.954093468994685168e+01 6.835636617423926964e+01 0.000000000000000000e+00 6.922663566222289546e+02 5.429152307486290283e+02 1.473186642884089537e+01 1.520594123749322307e+03 1.461865087243082371e+03 1.952879772731727144e+03 1.503895114627129942e+03 2.715543726121375698e+02 8.339159964566765666e+02 7.482021837628385907e-02 1.798128548861020022e+02 4.136157017542722087e+02 1.070651470114319864e+03 1.983285569541693860e+02 1.123529118312961828e+03 1.548712522524375856e+02 1.376646812456408725e+03 6.633189356386316149e+02 1.888096839493023893e+01
1.022613751431482228e+03 7.327038241436142698e+02 1.180265789632318729e+03 1.773814145100045380e+03 4.812031106144694093e+01 9.129176596075340910e+01 1.270636908466001813e+02 3.757867700687681349e+02 7.745132381807616184e+02 1.525944158585538162e+02 3.623762218374694726e+02 3.230453178113126569e+02 8.404599394051972183e+01 1.223180407789986930e+03 2.232650889697922594e+02 1.538333898111839346e+02 1.171956227029975707e+03 8.638440889464450265e+02 2.373788260007519852e+02 3.805300587747254326e+02 3.074205797052002822e+02 1.398454678053156783e+02 9.704011927951710277e+02 4.576409395911138631e+02 1.526926423319142145e+02 1.714986640309853101e+02 9.787686341027912462e+00 1.782405762571063406e+02 1.696200775199050576e-02 5.892927697267302847e+02 1.117628369509484173e+03 2.063010979123392019e+02 5.332198011393925299e+02 1.134975609562403861e+03 0.000000000000000000e+00 1.495351920813924380e+02 7.625034551062821038e+02
0.000000000000000000e+00 2.517562812140687889e+00 8.162123228590498911e+02 5.991172484314100757e+02 6.332526372589521202e+01 9.107167897483842580e+02 1.304956028809272528e+00 1.436859473294955478e+03 1.128610921702952510e+03 2.459346048645513427e+00 9.256628197607630000e+02 1.482005138883751840e+02 5.328572194190348910e+02 5.647081579222223127e+02 2.083620637357855685e+02 1.364506954032718795e+03 6.618938870659263785e+02 5.331791884666725991e+02 1.140564361207728297e+02 4.070584123697611290e+01 4.785377794649093630e+02 1.194955473996288902e+03 3.604298483391779053e-06 9.813360570616541736e+02 9.793996035711316495e+01 4.021532122233463724e+01 4.295747386871536833e+02 2.375302172476231704e+02 5.980056578806760559e-01 2.166954301436807029e+01 1.275598312454871361e-02 4.733189037879995453e+02 1.118263837379908523e+02 4.391423855832040886e+02 4.959769776649958999e+02 4.109838046020877655e+00 3.764714980223091061e+02
7.286070482572750961e+02 1.617036019470597108e-01 4.292358622933887204e+02 4.786125728716509684e+02 9.925975660400562006e+00 3.506930281735195081e+02 6.265568877955654443e+02 1.381009787794021690e+02 8.748581397046554287e+01 1.399038865267183951e+02 2.826427594742400515e+02 2.640130075822414142e+02 0.000000000000000000e+00 3.394600642842091247e+02 1.189296120173944757e+02 1.058283006451231586e+03 6.730209127416741239e+02 0.000000000000000000e+00 6.944540053708645928e+02 9.702746980037001145e-02 2.024574047363872182e+02 5.138183108183576451e+02 2.911678933596216439e+02 6.803108271040487409e+01 2.104344546688457829e+00 1.546587707263610127e+02 1.498779317171072080e+03 1.669101781227072649e+02 4.554825979154358606e+02 2.335521926982556451e+01 1.408078186621187378e+01 6.421641630999544077e+02 1.496786435035874376e+02 8.861177775972149675e+02 6.186111334266832955e+02 1.230299310656542389e+02 5.479733633903553027e+02
1.659824477288198041e+00 9.339816404445518971e-01 1.028567872897833695e+03 1.491052774414517614e+02 2.876938281985099621e+01 7.157316301136444281e+02 0.000000000000000000e+00 4.987679282014818227e+01 8.550647725439298483e+02 5.119634989615394716e+02 5.231243851145686818e+01 5.003072681394370420e+02 1.331393181077870622e+03 2.762923697660132234e+02 1.178847995727534226e+02 1.544282662295053115e+03 1.259453658785960897e+03 2.159598201475031035e-04 3.454601649807484591e+02 1.429455562301836835e+02 0.000000000000000000e+00 8.594716082291412249e+02 3.022248514444652301e+02 1.216895402628710166e+01 4.498725985629585580e+02 1.424087259160727626e+03 2.352757660785362361e+02 9.202372140919280810e+02 1.218930271213319202e+03 1.053094212240408069e+03 9.538471259571227847e+02 0.000000000000000000e+00 2.256228514044443330e+02 1.171412950666041979e+03 4.952510423307036262e+02 3.873017453247955899e+01 3.070178049910318236e+02
1.720055628541948920e+02 4.938260411618237145e-01 1.807912444671228229e+02 3.605577490688430657e+02 1.079360159025113397e+00 1.625009257140800401e+02 3.435251171533188312e+02 6.123642571369358478e+01 0.000000000000000000e+00 1.103465077788501503e+03 6.473595085507506397e+00 5.273750490141459295e+02 9.820311321387124508e+02 3.909053419739151423e+02 3.447903390919327649e+01 6.436472809646604674e+02 3.433576451902576991e+02 1.243844983165817439e+03 6.783318848399810577e+02 9.729654976186833437e+02 1.602654270729747623e+03 9.194277573384475488e+01 2.302990581878576677e+02 1.222765046870716715e-01 1.726536772453755120e+01 1.151844211012175947e+03 8.922147860415238938e+02 7.725183803025281293e+01 3.174986665662701171e+02 8.131549921877118114e-02 8.057319181148380949e+01 3.725980924857813292e+00 6.386198292568856516e-02 5.360894342510588331e+02 6.854309119339569634e+02 1.023565153001954172e+03 5.569224480640966135e+01
1.517325741542405559e+01 4.251205406250656293e-02 3.435634307274507471e+00 0.000000000000000000e+00 3.776566411063504347e+02 2.466456879721802764e+01 5.248167888157549896e+02 4.548957368273709676e+02 1.853174843274905115e-01 8.217814848537296939e+02 1.560669543538780601e+02 4.203998098091486781e+02 0.000000000000000000e+00 4.022973486507358984e+02 1.073692397769008267e+03 2.223236495057767215e+00 8.021263162480909159e+02 0.000000000000000000e+00 2.849182521523046674e+01 4.435714537207561453e-06 1.073653854533434242e+03 8.390013318295079614e+01 3.879028800432768100e-09 2.258088440119056486e+02 8.283349790024999493e+02 2.920085796287849789e+01 6.385656522400822723e+02 3.740579793132914119e+02 4.034994552605397189e+02 3.759420805395710090e+02 9.324785270290971084e+01 3.687335435378716397e+02 5.468857987696118528e+01 1.090496192253414620e+03 1.243428716970292953e+03 6.871575454725251575e+02 9.608749382758730917e+02
