output/example_1/lateral_incision_000013.asc
nrows	75
cellsize	13.33333333
xllcorner	0
ncols	75
yllcorner	0
NODATA_value	-9999
[rows 34 to 50 of 75, columns 0 to 36 of 75]
0.000000000000000000e+00 8.248196187517645228e+01 0.000000000000000000e+00 6.001177657986351477e+01 8.683278693124547942e+01 8.944188343534672185e+02 2.892389378080313236e+02 4.890777669079803331e+02 1.170379289142653533e+03 5.445621570228270230e+02 5.762405710764751348e+02 0.000000000000000000e+00 1.147658783660480594e+03 1.294602815400356803e+03 0.000000000000000000e+00 2.937052033946862295e+01 2.526431711872295259e-04 1.421831463477557088e-04 2.287691456503717120e+02 1.592635816380284880e-05 4.002202007071254002e+02 1.542187202900226553e-03 1.233042401789022506e+03 1.224124781948075452e+03 6.112744073996891547e-04 1.521410375433017407e+03 7.396749234597747318e+02 3.065641773984626184e+02 0.000000000000000000e+00 4.225713246705373081e+02 4.475777031091890308e+02 2.328319917833242414e+02 1.019738036479119092e+00 5.435666899966988694e+02 1.031460763213667860e+03 1.527350396924035181e+02 1.365578564937540705e+03
0.000000000000000000e+00 0.000000000000000000e+00 5.376106846194395530e+02 5.965681467062333923e+02 5.422363677916525182e-01 1.180152339861149642e+02 1.072680083845841068e+02 4.954447803810259074e+02 6.423459746424038030e+01 1.408591796716717113e+02 2.276367331806673278e+00 6.333238169022547481e+02 0.000000000000000000e+00 0.000000000000000000e+00 2.064311236169102131e+02 0.000000000000000000e+00 2.923451477610844625e-04 7.765707910077552275e-05 2.119698501465891241e+02 4.298211499351518228e+02 2.568952764526251826e+02 6.568981065586901877e+02 5.635428841827744009e+02 3.168994727603385968e+02 0.000000000000000000e+00 1.580862111771456966e+03 1.815547295352995434e+02 4.938049430631969017e+02 1.405241140110621700e+03 2.718968237738182552e+02 1.981600334481653070e+00 0.000000000000000000e+00 1.798966595314750521e+02 4.854224346222472377e+02 7.706965293830390930e-07 2.800666781856140233e+02 9.743280927124772006e+02
0.000000000000000000e+00 1.189961891037815121e+03 4.044052442324605181e+02 4.194844661771554573e-01 3.227750051087109000e+02 6.123725703170683232e+01 7.955517796051329027e-01 3.187333645530841864e+01 5.066789911342300456e+01 4.126612149955051336e+02 1.646279032510601837e+03 1.170707417498307677e+03 3.122995414586567904e+02 5.017562979626136439e+02 3.899189997292391743e-04 4.635953734173192241e-05 1.904891539768906845e-04 2.137640009550099377e-05 1.372281135140844793e-04 8.439826954606975278e+02 4.867091787557773159e+02 0.000000000000000000e+00 1.141050159984822812e+03 1.193629109716119046e+03 1.453846035816853146e+03 5.259260163533350863e+01 2.096878864666354403e+01 1.317463504912524968e+03 4.975766187704967365e+02 0.000000000000000000e+00 8.377217083296898181e+02 0.000000000000000000e+00 1.193629062110588102e+01 8.355963610684602472e+00 0.000000000000000000e+00 7.482903191938711984e+01 4.001037726941180095e-01
0.000000000000000000e+00 1.764896573777249387e+03 7.835217674208005967e-01 1.009912934215189921e+03 5.575384406325991904e+02 1.445460052133799081e+03 1.253710161937777059e+02 3.721178154505288376e+02 6.450633575448050578e+02 9.140056970102849618e+02 0.000000000000000000e+00 1.016952761835846388e+02 1.222651015405917860e+02 5.912091272701459899e-02 1.356015273791624266e-02 0.000000000000000000e+00 1.482624104226740580e-05 2.128574188957038757e-04 3.070463388476606211e-06 5.740697496748212281e+00 1.132861156309513717e+03 6.984730266880716272e+02 2.443847537302104300e-01 0.000000000000000000e+00 3.572151598867449707e+02 1.051082266798646970e+03 8.181879886364336585e+01 1.123300636558863516e+03 0.000000000000000000e+00 8.537651376366569593e+02 7.076107620787315682e+02 3.209068537069116100e+00 2.201702420349681971e-02 0.000000000000000000e+00 5.348273357766353958e-02 4.282451602335480591e-03 3.077149319340822942e+01
0.000000000000000000e+00 1.710806509445441037e+01 1.709070236792017113e+03 0.000000000000000000e+00 0.000000000000000000e+00 1.074881483799724202e-01 7.681264348698854860e+01 0.000000000000000000e+00 0.000000000000000000e+00 1.365314091433663668e-01 3.248441653786800742e+01 1.223856918737452588e+02 0.000000000000000000e+00 0.000000000000000000e+00 1.068833147438187625e-04 1.384482198899714867e+01 1.039382150124708915e+02 1.648159333858230298e+02 5.831814159155044149e-05 3.690762058942154056e+01 8.181706335687387137e-04 2.430879853141648539e+02 1.089925884007072000e+03 4.428687149196371706e+02 3.593686011580841466e+01 1.598257855381708396e+03 0.000000000000000000e+00 0.000000000000000000e+00 7.602614732319552786e+02 1.199558200468977930e+03 1.756082420486089291e+02 1.122775807078029828e+02 1.001515150665977627e+00 2.136718211481288821e-01 0.000000000000000000e+00 1.559976817211989946e-03 7.353627548747575737e+00
0.000000000000000000e+00 7.141448696631581470e+02 1.412079500018458589e+02 5.410116481995170368e+00 4.179715804749266350e-02 0.000000000000000000e+00 0.000000000000000000e+00 6.307588777194126843e-07 2.677795436723971737e-06 0.000000000000000000e+00 0.000000000000000000e+00 6.800739369683388702e+01 3.671411726192484792e+00 1.724287087131974039e-01 5.482856682508074724e-04 1.201363965917449264e+02 1.256536956851735942e+00 4.840154402794341308e+02 8.269947659490630940e+02 1.659467342836215553e-02 8.457724156701176810e+01 0.000000000000000000e+00 7.041411139809562201e+02 1.397872153963628516e-01 3.979364869820814761e+02 0.000000000000000000e+00 0.000000000000000000e+00 0.000000000000000000e+00 2.809392466104124537e+02 4.281974068819653212e+02 1.732806021183053437e-05 1.647074751279016258e+00 0.000000000000000000e+00 1.684498132842830037e-02 1.850311999140650306e-03 4.876496065522943998e-05 1.777950649966786539e-04
0.000000000000000000e+00 2.637525306610929761e+02 4.283546812591173421e+02 2.995248249997681245e-01 2.335324791193728089e+01 1.857571343556358201e+01 2.005894158405383682e-03 2.489479767233764539e-03 0.000000000000000000e+00 0.000000000000000000e+00 2.205246783660976291e-06 9.958854160649062930e-06 0.000000000000000000e+00 1.237664675938318257e-04 1.497180570508714212e-05 1.148939697001375464e+02 4.604500802023725896e+02 0.000000000000000000e+00 5.647659822239347704e+02 9.265405323277777825e+02 3.753686236833322226e-02 1.405811253636573838e+03 2.842752455247541548e+02 1.114090883045695819e+03 5.709046080050657335e-02 1.465988215895106578e+03 0.000000000000000000e+00 4.768934580967364809e+02 8.652552302399488249e-02 1.099343500541813000e+03 4.173596832800546963e+02 1.614315850069746316e-01 1.379018716018794350e+02 0.000000000000000000e+00 6.606024610043485887e-06 3.056917603247879091e-04 4.770125634662586332e-06
0.000000000000000000e+00 1.211330713813778402e+03 0.000000000000000000e+00 2.622828220143651947e+02 1.433886790323611535e+02 2.426644634482944429e+00 1.676958743488365755e+01 5.848935518108712586e+02 1.322022626658513502e+02 9.244988386993769325e+01 2.950441124874281146e-08 3.481671068586708942e-06 3.378180481110431970e+02 2.758155789064074881e+01 0.000000000000000000e+00 2.241996109712176890e-06 5.434097234282185127e+02 4.608787789345187775e+02 4.075369166602002720e-03 8.224922439317750786e+02 6.807760553539612829e+02 4.137665251209392103e+00 3.499229441419016098e+02 0.000000000000000000e+00 0.000000000000000000e+00 5.867928942363323586e+02 5.515777934646541780e+02 7.162582359988992948e+02 2.703132702572659696e+02 2.656217374181528257e+01 8.631220458640893867e+02 2.473430958250561673e+02 3.260644547106081177e+02 1.499230924806531675e+02 6.414561637222089274e+00 3.167917035470192016e-02 5.421931123865232014e-05
0.000000000000000000e+00 6.883361293650561947e+02 1.538026890773878108e+02 1.027330394738820445e+02 2.607189507088962728e+02 1.617704578740331272e+02 4.924298184080041665e+02 3.375621607999663070e+02 0.000000000000000000e+00 2.308179342697777940e+02 3.010910082586855645e-03 6.816149496017417277e+02 2.036518322707401012e+02 9.723678977583311678e+01 3.759897852755423031e+01 0.000000000000000000e+00 6.221646116198709445e-08 4.308335114351355628e+02 5.468138553653772078e+02 9.619780551221809617e+01 1.620437438110266442e+02 4.950234489093955972e+02 3.043542575929118925e+02 1.311588916161937277e+03 1.252054391397732225e-01 7.878972128040943517e+02 7.909276997244104734e+01 3.287562264574053206e-01 1.234136951457554687e+02 6.610509300363052887e+01 1.508394988650948143e+01 5.112039980421080543e+01 9.424026796705008424e-01 5.255144839896848907e+02 1.968259442545335105e+02 1.486518895859371980e+02 7.020993566705822104e+02
0.000000000000000000e+00 1.371827445416671708e+03 1.116575867781744819e+03 0.000000000000000000e+00 4.611822710006507577e+02 1.594861448363691636e+02 5.114187853007257445e+02 0.000000000000000000e+00 3.318408850511370929e+02 3.849187671114659679e+02 6.414333567371704703e+02 4.019871330732678416e+02 3.626007119374087431e-04 3.455474396250161817e+02 1.561285984444799366e-09 0.000000000000000000e+00 0.000000000000000000e+00 1.325958306503429469e+02 1.255062845676894625e+02 1.390046929037104064e+03 0.000000000000000000e+00 9.040548015742681400e+02 2.379873440543205163e+02 3.010912866696615620e-01 1.434380863389409797e+03 0.000000000000000000e+00 1.175347546538335877e+02 3.624110883228036438e-04 3.848747094170177796e+00 6.204523147614428069e+01 7.004182899005220406e+02 1.649103067829135171e+03 5.378331602671734402e+01 2.084532038849580715e+02 0.000000000000000000e+00 6.366965808899005452e+01 8.276877182391773147e+01
0.000000000000000000e+00 7.024297668631961089e-03 2.889039265705495154e+02 2.632023218067710104e+02 3.730062927539544404e+01 8.473617884336563293e+02 2.234728263971788920e+02 1.342859432169476122e+03 6.418319998315274688e+02 5.111005653512788172e+02 5.571385919690316086e+02 3.816375928068477918e+00 4.208813438638215985e+02 3.807482631814393415e+01 0.000000000000000000e+00 0.000000000000000000e+00 1.249983008942569285e+02 1.098189393878652851e+02 8.217705998159419778e+01 7.279748851741347835e+02 1.526775162638426309e+03 1.356905837825956029e-01 0.000000000000000000e+00 8.601165934913200317e+02 4.731168284803065376e+02 1.178057646508340639e+02 9.757259354462465055e-06 0.000000000000000000e+00 2.682903937069735926e-05 1.082464178304340123e+02 0.000000000000000000e+00 1.183554555603024170e+02 1.233496117458103214e+02 0.000000000000000000e+00 0.000000000000000000e+00 1.093536010345464774e+03 3.589961744368730479e+02
0.000000000000000000e+00 1.624572610177787510e+03 1.162756861662352481e+00 2.079981697661889284e-01 0.000000000000000000e+00 0.000000000000000000e+00 0.000000000000000000e+00 0.000000000000000000e+00 2.536877924706882368e+02 6.266327694666064190e+02 0.000000000000000000e+00 5.153548652916543915e+02 8.967559159145957892e+02 0.000000000000000000e+00 0.000000000000000000e+00 5.662496507028269832e+01 4.112362188550807929e+01 5.692263346062284199e+02 0.000000000000000000e+00 3.920425554683641849e+02 5.826016739423831026e-02 1.179333720130127631e+03 0.000000000000000000e+00 3.793314173684019153e+01 1.618847872493984497e+01 4.976008441940162896e-01 1.105460696909608964e-01 7.702715844867982873e-06 2.949117834867306554e-05 5.030214839189033898e-06 7.488861559280672431e+00 0.000000000000000000e+00 2.460814256723376146e-06 4.425532680563318308e+02 1.112182447770163963e-04 5.556915281780512714e+02 3.731662773072910166e+00
0.000000000000000000e+00 1.527622019426317365e+03 6.718004654888217146e+02 5.372235982056679404e+02 5.746285711823876454e+02 4.336197936317283563e+00 0.000000000000000000e+00 0.000000000000000000e+00 7.507069851885145226e+02 1.915625021022266878e+02 6.516721024247285641e+02 9.627527387496926394e+02 0.000000000000000000e+00 0.000000000000000000e+00 7.533054747618054137e+01 0.000000000000000000e+00 5.038449450785045656e+02 4.926312336162480392e+02 2.912877416209285002e+02 2.943732961489586852e-01 8.386767699846453752e+02 1.165981089276558805e+03 7.072703818937519600e+02 3.954166864260810765e+00 3.852553218647981481e+01 2.224757176813100479e+00 7.109271835881741941e-01 3.901524062578320127e+02 2.965915797493987682e+01 1.561285984668242770e-09 0.000000000000000000e+00 3.301642294891621900e-07 4.681628437825685727e-07 0.000000000000000000e+00 8.662653978095571006e+01 0.000000000000000000e+00 2.898799933059571440e-02
0.000000000000000000e+00 3.437058575836212526e+02 5.446258436490129498e+02 4.922814977858330963e+02 0.000000000000000000e+00 9.759801943580607997e+01 9.239643784160604412e+01 5.899062519994765807e+02 0.000000000000000000e+00 0.000000000000000000e+00 0.000000000000000000e+00 7.316564356623833874e+02 0.000000000000000000e+00 6.002314817726490048e+01 2.538788030356248839e+02 1.877852286911058854e+02 5.075863980479363136e+02 2.901132138272336078e+02 0.000000000000000000e+00 8.969645840882828907e+02 0.000000000000000000e+00 8.057723906046883258e+02 1.319960048461100826e+02 2.718653896917568318e+02 1.089723530410358743e+00 4.585909579819229975e+02 3.637902786282136276e+02 2.587587527455924601e+02 1.419599603006913092e-05 1.007740744123746524e+01 0.000000000000000000e+00 0.000000000000000000e+00 8.516523230392750686e-05 8.249458961381129314e-06 6.521570601057458116e-01 1.260147803647191644e-01 0.000000000000000000e+00
0.000000000000000000e+00 1.146535891400302631e+02 1.520355467197134658e+02 3.376746558634794448e-01 1.436746569302647458e+02 2.057312036287951287e+02 4.916942971604679542e+02 5.937667924979529062e+02 1.033177050215141612e+00 0.000000000000000000e+00 1.392682219874523071e+02 2.693353167425991401e+00 1.608195759007191782e+03 4.800400247183233091e+02 7.765164452099577375e+02 1.528716429841656918e+03 1.447481959363333999e+03 7.393210941048206086e-01 1.473298529076035948e+03 1.645707413234708838e+03 1.367431607191685771e+03 2.984567883801959365e+00 8.385876212835096766e+00 1.026023448149227246e-01 3.016804098515972328e+02 5.901340741689003835e+02 1.374685613822997311e+03 0.000000000000000000e+00 2.946881231429423451e+02 3.733817856489786209e+02 2.945497306258693584e+02 1.535811820030829153e+02 6.720125914621395413e-01 0.000000000000000000e+00 0.000000000000000000e+00 0.000000000000000000e+00 3.301380346198324673e+02
0.000000000000000000e+00 4.989214005198005283e-04 0.000000000000000000e+00 0.000000000000000000e+00 1.147388715743825754e-01 4.421203754800670538e+01 5.843078960354383753e+02 0.000000000000000000e+00 9.084803780538501314e+02 7.370300247796087660e+02 2.938004409448578258e+02 1.053144270914006597e+02 1.698803386976153185e-01 2.291470769692213749e-01 5.440084574203654655e-03 0.000000000000000000e+00 0.000000000000000000e+00 1.349874716696819519e+02 5.388626051189497730e+02 1.689925579876610584e+01 2.168550808165557555e+02 1.938934818065114740e+01 8.075375166438687984e+02 1.325183855453591605e+03 1.219492158710588914e+00 1.531157777012231691e+03 2.721065064416672499e+02 4.525799359400019739e+02 3.927218065927835369e+02 2.196550465683559494e+00 2.815923290505395471e+02 5.474285194405682731e+00 1.168573487539309923e+02 2.305404170895409091e-04 1.630569373277826841e-04 0.000000000000000000e+00 5.670090947859786183e+02
0.000000000000000000e+00 1.769469710684892618e+02 5.633768523517048834e+02 2.355913581261953027e+02 0.000000000000000000e+00 6.460174568202181611e-01 2.717567733019590150e+02 4.252822680894809082e+02 5.801544011899347879e+02 0.000000000000000000e+00 5.359731961828331350e+02 3.136539691037678494e+02 1.478126069467172670e+02 1.594609256050561271e+03 4.254811206624244733e+02 0.000000000000000000e+00 3.556371846977772861e+02 7.542760267535967387e+02 6.897695317779711104e+02 2.278184552632496473e-02 1.675972363631126996e+02 0.000000000000000000e+00 4.190592622492710575e+02 1.007082638059053011e+03 0.000000000000000000e+00 0.000000000000000000e+00 7.897882815228065283e+02 5.336643125643952317e+02 1.296766116562019988e+02 7.850315472265579047e+02 5.087972964182789326e+00 4.620120452502842454e+02 4.608244734799642401e+02 0.000000000000000000e+00 1.774257909072738100e-06 4.934232054123716580e+02 2.847342520895222151e+02
