output/example_1/lateral_incision_000004.asc
nrows	75
cellsize	13.33333333
xllcorner	0
ncols	75
yllcorner	0
NODATA_value	-9999
[rows 34 to 50 of 75, columns 0 to 36 of 75]
0.000000000000000000e+00 2.914993973603769106e+01 0.000000000000000000e+00 1.069974450174555360e-04 0.000000000000000000e+00 3.529689988108273724e+01 6.936897214856836058e+01 1.109202845741159081e+03 6.846255965767454654e+02 2.219390454279366764e+01 1.438480581312738025e+02 2.867102996087683664e+02 4.509434905162147516e+02 4.414397094803138089e+02 0.000000000000000000e+00 2.647289132272639733e+01 2.526431711872295259e-04 1.421831463477557088e-04 5.904326567852247365e+01 1.592635816380284880e-05 1.051860982464426257e+02 1.542187202900226553e-03 3.380429608439572462e+02 2.162068104336368890e+02 6.112744073996891547e-04 4.797309213829707630e+01 4.325083541070142562e-02 1.506443234725954653e+03 2.321717056317186518e+02 2.683920215977854407e-02 0.000000000000000000e+00 4.184830199007271156e-01 3.122541992304817313e+02 5.162706281463232472e+02 8.615242131264031400e+01 4.443329369566666998e+01 3.480068159228242735e+02
0.000000000000000000e+00 0.000000000000000000e+00 4.193828447994476072e+00 4.323066236917675553e+01 5.022655926843229395e+02 1.217870336645349198e+03 1.001465121817335206e-02 3.010781236019911544e-01 1.488046889569770090e-02 5.569761424685593738e+02 2.350532891989629292e+01 1.149487933760441649e+02 1.819047185570555882e+02 0.000000000000000000e+00 1.382946298225992621e+02 0.000000000000000000e+00 2.923451477610844625e-04 7.765707910077552275e-05 0.000000000000000000e+00 1.103015410244921384e+02 4.596423335379051345e+00 1.702740885225867373e+02 3.177104826446953894e+02 1.267268410757080022e-01 9.046411321703844806e+02 0.000000000000000000e+00 2.833448133835266347e+01 1.063651500067225015e+02 2.108276049167431498e+00 2.323820857727025402e+00 1.958920493901267735e-06 3.865066979306942962e-10 0.000000000000000000e+00 4.388056653216298031e+01 7.706965293830390930e-07 5.443742167413687838e+01 7.542473885506160514e+02
0.000000000000000000e+00 3.466571149920980358e-05 9.976045855327279241e+02 4.558064420552300930e+02 1.073364979861166427e-02 4.407426184066090435e+00 5.088204094588992916e+02 1.146398614836919023e+02 1.054333858908205912e+03 0.000000000000000000e+00 3.697265402675507744e+02 3.374730191034511790e+02 1.263143724890689441e+02 2.426708416410686482e+02 3.899189997292391743e-04 4.635953734173192241e-05 1.904891539768906845e-04 2.137640009550099377e-05 1.372281135140844793e-04 2.225500686254650304e+02 1.299801312970465972e+02 0.000000000000000000e+00 2.352125608380812878e+02 3.711265721213321740e+02 4.044228871117753243e+01 5.321644046467574753e+02 1.422187359324768863e-01 1.495552675906094464e+03 0.000000000000000000e+00 4.128828242104606971e+01 6.141404703285095934e+01 1.097985262562375794e+02 9.322184028119472998e+00 1.744246477017173280e+00 0.000000000000000000e+00 4.654747319052366272e+00 0.000000000000000000e+00
0.000000000000000000e+00 5.964160177988403575e+02 1.588512384036285539e+03 0.000000000000000000e+00 9.797966914977639590e+02 5.980651477460236976e+01 4.477969166543205870e-01 2.532148647383828077e+01 6.390334717062853542e+02 1.343712788858878184e+02 0.000000000000000000e+00 3.570901787510551628e+01 5.427596870785055216e+01 5.912091272701459899e-02 1.356015273791624266e-02 0.000000000000000000e+00 1.482624104226740580e-05 2.128574188957038757e-04 3.070463388476606211e-06 1.265411378486962811e-05 2.588696523179092424e+02 1.865316672715961204e+02 1.997900707671817211e-01 1.502302546642631285e+02 8.111234424553406264e-01 0.000000000000000000e+00 1.279533121343936045e+03 1.932054936681223580e+02 1.282700703927160077e+02 2.621433862632259775e+02 0.000000000000000000e+00 0.000000000000000000e+00 2.201702420349681971e-02 0.000000000000000000e+00 5.348273357766353958e-02 4.282451602335480591e-03 1.067730851911668506e-05
0.000000000000000000e+00 1.370548780144528678e+01 2.302963145340777285e-01 6.143474939747618464e+02 9.776297995550075939e+02 1.074881483799724202e-01 3.291893738543303982e+01 0.000000000000000000e+00 0.000000000000000000e+00 1.365314091433663668e-01 1.067956482419359254e+01 4.824301448650302859e+01 0.000000000000000000e+00 0.000000000000000000e+00 1.068833147438187625e-04 9.451194890956190553e-04 2.659337876711266091e+00 9.007725837955617010e+01 5.831814159155044149e-05 3.448579758608365609e+01 8.181706335687387137e-04 1.417413118999944821e+01 9.233316048538800658e+01 1.382314475246281482e+01 1.238801560476078748e+03 9.592661069547201578e+02 4.566679705922171593e+02 1.172339124133364550e+02 0.000000000000000000e+00 0.000000000000000000e+00 1.304649735790588352e+02 8.945341252219176909e+01 1.001515150665977627e+00 2.136718211481288821e-01 0.000000000000000000e+00 1.559976817211989946e-03 1.889069151326079409e-05
0.000000000000000000e+00 6.090816298941421110e+02 1.936212087006682836e+01 8.887635776029129478e-03 4.179715804749266350e-02 0.000000000000000000e+00 0.000000000000000000e+00 6.307588777194126843e-07 2.677795436723971737e-06 0.000000000000000000e+00 0.000000000000000000e+00 6.800739369683388702e+01 3.671411726192484792e+00 1.724287087131974039e-01 5.482856682508074724e-04 2.683643005813372451e+00 0.000000000000000000e+00 5.932646648179271409e+01 1.819212108290653589e+02 1.659467342836215553e-02 6.408549628653481989e+01 2.851618182505840648e-01 0.000000000000000000e+00 0.000000000000000000e+00 1.124303726433366364e+03 2.366290641029126718e+01 2.347953915726644705e-02 5.268874173030467318e+02 6.877865738557599116e+02 1.891800942684611471e+02 1.732806021183053437e-05 3.606556293895147459e-06 0.000000000000000000e+00 1.684498132842830037e-02 1.850311999140650306e-03 4.876496065522943998e-05 1.777950649966786539e-04
0.000000000000000000e+00 2.637525306610929761e+02 4.283546812591173421e+02 2.995248249997681245e-01 2.335324791193728089e+01 1.857571343556358201e+01 2.005894158405383682e-03 2.489479767233764539e-03 0.000000000000000000e+00 0.000000000000000000e+00 2.205246783660976291e-06 9.958854160649062930e-06 0.000000000000000000e+00 1.237664675938318257e-04 1.497180570508714212e-05 1.242240057291746575e-04 6.604168406168753336e+01 0.000000000000000000e+00 1.934815441804902605e+02 2.548462350856908927e+02 3.753686236833322226e-02 2.332213928942452981e+02 1.145931169088170236e+03 1.182467983858048188e-01 2.337664113717638603e+00 1.152049308794479430e+03 8.849555781364247196e+02 0.000000000000000000e+00 4.782049376867023511e+02 1.480701624806197515e+03 3.520633672572403583e+01 0.000000000000000000e+00 4.118606565689868404e+01 0.000000000000000000e+00 6.606024610043485887e-06 3.056917603247879091e-04 4.770125634662586332e-06
0.000000000000000000e+00 0.000000000000000000e+00 2.017607517912292678e+02 2.322924558765410268e+02 5.468133142884715170e+01 2.426644634482944429e+00 1.676958743488365755e+01 1.318534911037260997e+02 3.599152239453889734e+01 3.581617900029748693e-03 2.950441124874281146e-08 3.481671068586708942e-06 1.148320845851253296e+02 2.421694035932955202e+01 0.000000000000000000e+00 2.241996109712176890e-06 6.360454607093034080e-08 8.478796711567386524e+01 4.075369166602002720e-03 2.118843458919090494e+02 2.485596552126484653e+02 2.498898633483053970e+02 1.169279596443256963e+00 1.483733731268820293e+03 0.000000000000000000e+00 3.772768753688267225e+02 7.999828527852204161e+02 4.820474241820147085e+02 1.354399559169844162e-03 7.753756468137878528e+02 1.098044806302794285e+02 4.213423975983778291e+02 0.000000000000000000e+00 5.647211339143788678e+01 3.817721625746300695e+00 3.167917035470192016e-02 5.421931123865232014e-05
0.000000000000000000e+00 5.375803858944841522e+02 7.434416565958631509e+02 4.382598389886965151e+01 2.206733278149086708e-01 5.977375565271442781e+01 2.533368623346055131e+02 8.176419408418561829e+01 0.000000000000000000e+00 4.582967353785081599e+01 3.010910082586855645e-03 2.166750782712001353e+02 6.876058892659214905e+01 2.719323503540368137e+01 2.719704788200524348e+01 0.000000000000000000e+00 6.221646116198709445e-08 3.080769984862875410e-03 1.127875907453653213e+02 4.095064999782731252e-02 0.000000000000000000e+00 0.000000000000000000e+00 9.998274392859742647e+02 2.398335439277124692e+02 2.253040949647938760e+02 5.733057873736292009e+01 3.460238037615307150e+01 8.379315558095613596e+02 4.800924299239076163e+02 3.319683486884047324e-04 7.919059157684865795e+02 0.000000000000000000e+00 4.982558574710317316e+02 4.881898984377792203e+02 6.359978234232480077e+01 5.559130689440630135e+01 1.884113466064114846e+02
0.000000000000000000e+00 1.533898260171179345e+03 9.366439902395100034e+02 1.493529103381052323e+02 6.234471625229144820e+02 1.121171753327678289e+02 1.118121172632623512e+02 0.000000000000000000e+00 7.964505801437634602e+01 8.372640414741032089e+01 2.552338216230331014e+01 1.264359673497853436e+02 3.626007119374087431e-04 1.094897866823709478e+02 1.561285984444799366e-09 0.000000000000000000e+00 0.000000000000000000e+00 3.828695431588344888e+01 3.005380229352152099e+01 1.629015569678258260e+02 8.805121389650895480e+02 1.646657179338050780e-01 9.983262116856759576e+02 8.723183004848833466e-01 6.031971249113846767e+01 9.560201313516699523e-03 1.682260348235968905e+01 3.624110883228036438e-04 9.203190792713677411e+02 6.803647398771336605e-03 7.748678328628221834e+02 3.365084170592724604e+02 1.378563410547853818e-05 4.477987476201018779e+01 0.000000000000000000e+00 1.705154895456733755e+01 2.549221356025549667e+01
0.000000000000000000e+00 2.728097343308870104e-01 1.331247406810530665e+00 1.170177256721243175e-01 0.000000000000000000e+00 6.821376826919755558e+02 0.000000000000000000e+00 1.129733436573281580e+02 1.333182255140566213e+02 3.606015208425607170e+02 1.969126594985758913e+02 3.816375928068477918e+00 1.501414142965828376e+02 3.807482631814393415e+01 0.000000000000000000e+00 0.000000000000000000e+00 3.567182608818296075e+01 1.526973154608930239e+00 6.126760928208233281e+02 1.392639371201758649e+03 0.000000000000000000e+00 2.176992342630730661e+02 2.014815473801374992e+02 6.070012407371364382e+00 6.635486616396616455e+01 2.600123561484909729e+01 9.757259354462465055e-06 0.000000000000000000e+00 2.682903937069735926e-05 5.242139011804660242e+01 0.000000000000000000e+00 4.279449629271229583e+01 3.658757816148627029e+01 5.018355585656850053e+02 0.000000000000000000e+00 3.020014982058584678e+02 7.961388281364557429e+01
0.000000000000000000e+00 1.409905499107283731e+03 1.332261882243171840e+02 8.788985409733639926e+02 1.312125687823468070e+03 0.000000000000000000e+00 1.039914715238101280e+03 4.418929071115895795e+02 4.277542391341827965e+02 2.148258229774970118e+02 0.000000000000000000e+00 1.624646246602399913e+02 2.808459413397277444e+02 0.000000000000000000e+00 0.000000000000000000e+00 1.218466153656431494e+01 2.729441639985224199e+01 6.595043411813742296e+01 6.960996235197816304e+02 1.676743873855651755e-03 3.631953195225843274e+02 9.117585269465463682e+01 6.271924658761907949e+02 1.746380868556775823e-01 9.864917078744275813e-03 3.860618887359433342e-04 1.583851912896342069e-04 7.702715844867982873e-06 2.949117834867306554e-05 5.030214839189033898e-06 3.802743852991131046e+00 0.000000000000000000e+00 2.460814256723376146e-06 1.026933773301743287e+02 1.112182447770163963e-04 1.260062374966224752e+02 3.731662773072910166e+00
0.000000000000000000e+00 1.479304764281346024e+03 0.000000000000000000e+00 3.493352035971501550e+02 1.728919379175651102e+03 7.562396498242180769e+02 9.897084590676316074e-01 3.514187003375557197e+02 6.203548169758119002e+02 2.107153765930988598e+01 2.168559476243283655e+02 3.789225815977010825e+02 0.000000000000000000e+00 0.000000000000000000e+00 2.043743263058016879e+01 0.000000000000000000e+00 3.111390347013651763e+02 1.514127735523905812e+03 1.692920418240225544e+01 8.477540544064895656e+00 2.852895777343078976e+01 3.154351410928609312e+01 2.342637485302001323e+02 9.988673205911094328e+02 1.837888538211468576e-05 2.224757176813100479e+00 7.109271835881741941e-01 8.557021623057772786e+01 1.822453624744050060e+01 1.561285984668242770e-09 0.000000000000000000e+00 3.301642294891621900e-07 4.681628437825685727e-07 0.000000000000000000e+00 2.344632100459616098e+01 0.000000000000000000e+00 2.898799933059571440e-02
0.000000000000000000e+00 1.478699491647497098e+03 2.176654668487493183e+01 0.000000000000000000e+00 1.070188990785325814e+03 1.051316946868018704e+03 1.107861987338143308e+03 1.694999879746379179e+01 3.727262661337100269e+01 8.222943223830798161e+02 3.978898939720134535e+02 1.448580648472337336e-03 1.624437124957093669e-04 0.000000000000000000e+00 1.374190131576111007e+01 5.964716899717414123e+01 2.078302159287312634e+02 1.268568829905031725e+00 3.178979246736810751e+02 1.295816956660865799e+03 2.923616811475161512e+02 2.440416702134390619e+02 1.233498888157042117e+01 1.585169831460168837e+02 1.845457653315144242e+01 4.452446886088657720e+02 2.328917830975680658e+01 6.592945386589288148e+01 1.419599603006913092e-05 2.228086079658342822e+00 0.000000000000000000e+00 0.000000000000000000e+00 8.516523230392750686e-05 8.249458961381129314e-06 6.521570601057458116e-01 1.260147803647191644e-01 0.000000000000000000e+00
0.000000000000000000e+00 0.000000000000000000e+00 0.000000000000000000e+00 2.676721324933964419e-01 1.402613285905818259e+02 2.044301396576763068e+02 3.741041226481444255e+02 3.667931317225271641e+02 7.617189389437861280e+00 1.309840960038389539e+03 3.650164761652668517e+02 6.549494372035553624e+02 8.368956532220266809e+01 2.677495588008201821e+02 8.873013686314181996e+02 3.263341723532803829e-01 0.000000000000000000e+00 6.588224394971267657e+02 8.627058452854312236e+02 2.189205578281243092e+01 5.719587067140371346e+02 2.723642115242559498e+02 4.393369510800726374e+01 1.127452993887970045e+00 1.613706952703996649e+03 6.966764509482685526e+02 1.114945804708210062e+03 0.000000000000000000e+00 7.432996249404453692e+01 8.835451865229920543e+01 3.905493316443622831e+01 3.142018422537487865e+01 6.720125914621395413e-01 0.000000000000000000e+00 0.000000000000000000e+00 0.000000000000000000e+00 1.066205575011001372e+02
0.000000000000000000e+00 4.989214005198005283e-04 0.000000000000000000e+00 0.000000000000000000e+00 1.147388715743825754e-01 4.421203754800670538e+01 5.628997182688900693e+02 0.000000000000000000e+00 6.446473845326107721e+02 0.000000000000000000e+00 0.000000000000000000e+00 0.000000000000000000e+00 2.849421646180439610e-02 1.367170488103473417e+03 6.432137183411526848e+02 0.000000000000000000e+00 1.387024225672022624e+02 1.436589611293780081e+03 0.000000000000000000e+00 4.958096771674979095e+02 0.000000000000000000e+00 8.331281384139764157e+01 1.718948113544052148e+03 1.082014890550065275e+03 1.217633620253670657e+01 5.219478430291180757e+02 1.151571469494293297e+03 2.198611707453996189e+02 5.900132370501064827e+01 2.196550465683559494e+00 6.628364699601340249e+01 5.474285194405682731e+00 3.635157897411257721e+01 2.305404170895409091e-04 1.630569373277826841e-04 0.000000000000000000e+00 2.059213285817106964e+02
0.000000000000000000e+00 5.332016984193760578e+01 6.454246846194720888e+01 0.000000000000000000e+00 0.000000000000000000e+00 6.460174568202181611e-01 2.717567733019590150e+02 1.579619718004805407e+01 1.555428513355204132e+03 0.000000000000000000e+00 0.000000000000000000e+00 8.147022647969360776e+01 1.002608381746888085e+03 1.484460163450649905e-01 0.000000000000000000e+00 9.579518981572569203e+01 4.839759820037368740e+02 5.394621360843159152e+01 6.625420405334851921e+02 6.990074238424320852e-03 7.778074268090452392e+01 0.000000000000000000e+00 4.554537109485408308e+01 6.769346359420402450e+02 4.032525254932728558e+02 1.364107030406296328e-01 5.827564256098360573e+01 8.375204728851895197e+02 2.240716561882727831e+02 4.200486656608345015e+02 0.000000000000000000e+00 8.734594130088454733e+01 9.911251789638494358e+01 0.000000000000000000e+00 1.774257909072738100e-06 3.188903241528808863e+01 0.000000000000000000e+00
