output/example_1/lateral_incision_000431.asc
nrows	75
cellsize	13.33333333
xllcorner	0
ncols	75
yllcorner	0
NODATA_value	-9999
[rows 17 to 33 of 75, columns 0 to 36 of 75]
0.000000000000000000e+00 2.151934752845519370e+02 8.622607725147292967e+02 4.694927090451641334e+02 2.455993443932503961e+00 1.125339509795861886e+03 3.517309671086288176e+02 1.780597363544739551e+02 1.182247696078306909e+01 1.446736021160399787e+03 1.110976877174530273e+03 4.909599322229267386e+02 7.759185434775503154e+02 6.985423601991495843e+02 5.018717809810039512e+02 5.447462293678008791e+02 0.000000000000000000e+00 7.288510169106775294e+00 0.000000000000000000e+00 1.341280802221537982e+01 6.609160524684160265e+00 1.477010217709693052e+03 7.187243298204602127e+01 5.574327824882328741e+02 1.275860185651509028e+03 2.933063469790905486e+01 1.036613677890606141e+03 4.777923072880088853e+02 1.974392486964976001e+01 4.032973446891663798e+02 1.726413548104529738e+00 1.647352811829998245e+03 1.867084081591948275e+00 1.156145407478768675e+03 3.469635956827087853e+01 8.671826841955393661e+01 5.536150362610251250e+02
0.000000000000000000e+00 2.785682463879221515e+01 0.000000000000000000e+00 1.246187496181935103e+03 1.567177088984428757e+01 0.000000000000000000e+00 1.562821254124505366e+01 1.170997830214937352e+01 1.171962969918848074e+00 2.737195826046808778e-01 0.000000000000000000e+00 5.312257450421197236e-01 0.000000000000000000e+00 1.202834084935825310e+01 1.232623431620663368e+01 6.956893740019353123e-01 1.285179997662576170e+03 4.117834108051533804e+02 8.373426911886355128e+02 4.793350774682303950e+02 0.000000000000000000e+00 1.268626729526090230e+03 1.307173254247996965e+02 8.214290714847081745e+02 1.334749968684165424e+03 4.888105059897189903e+02 2.233283684543707626e-01 1.864748665391557703e+00 0.000000000000000000e+00 6.591598029762376427e+02 1.285926175901497270e-01 3.454594406459117408e+02 1.390519733483703924e+01 2.861222550830481737e+02 3.194144262400032730e+01 0.000000000000000000e+00 1.355277288382041661e+03
0.000000000000000000e+00 1.668405520808418942e+03 0.000000000000000000e+00 2.090696828320419975e-01 6.324786531324124326e+02 1.003074610103839518e+03 2.922160271227688213e+02 1.331855285705021515e+03 1.146996409719106822e+02 6.765239795499157935e+02 1.275271832253890352e+03 1.756572487746281013e+02 7.637706882948946259e+02 2.867728835450813563e+02 1.226261709067686780e+02 2.655266035973615431e+02 6.994826035944694240e+02 7.847258674954538265e+02 1.179470796829034072e+02 3.291665531739697030e+02 1.535238654540517928e+03 2.001524461834338808e+01 3.337677633140831404e+02 0.000000000000000000e+00 2.370603927011226464e+00 3.314648271002154729e+02 5.758948332885684067e+02 5.847966508326945245e+01 1.109423186646093171e+02 8.507967160662951756e+02 1.081343589263180576e+02 9.160851776155736843e+02 3.486935981182925275e+02 1.424736297863711627e+02 5.523291003626154634e+02 0.000000000000000000e+00 3.699673978966719119e+02
0.000000000000000000e+00 5.295423270032992846e+00 0.000000000000000000e+00 6.256697893892846878e+02 1.481750085023314568e+03 5.982060207660288009e-01 1.881525401215069451e+02 8.805223556495991488e+01 3.000431947050669237e+02 2.678060772946079169e+02 8.062110150423696222e-04 1.526655276601084097e+03 1.395328481557797886e+02 4.470509957111190036e-01 1.560859623315718181e+03 3.797159700639215707e+00 0.000000000000000000e+00 2.979360973428995862e+00 0.000000000000000000e+00 8.136332633612615837e+02 6.044991071806717855e+02 1.730880218709049601e+01 1.703040535575005151e+03 1.486986426623791886e+03 6.761176365442461247e+02 4.099056999393572482e+02 2.741037254415763869e+02 2.124035477018970255e+02 3.241310441544408718e+02 0.000000000000000000e+00 5.100527422112255636e+02 9.663585582757617658e+02 4.082062924587251587e+02 3.241877659322570793e+01 3.120395732496161827e+02 2.214706686659320667e+02 0.000000000000000000e+00
0.000000000000000000e+00 0.000000000000000000e+00 9.324558020728157715e+01 2.570777743479883526e+00 1.091237958273241304e+02 2.191007392569015622e+02 4.983019998386005511e+00 0.000000000000000000e+00 1.625630648274262180e-01 9.641456111831754470e+02 2.904716479941670286e+02 7.441173429436412334e+01 1.276291159642519460e+03 2.135296393934694947e+01 3.478899566870788931e+02 3.619425601228181133e+00 8.086442776570943352e+02 3.363566686177303495e+02 8.571409191921293313e+02 6.425739788325997779e+02 8.391741793625598120e+02 5.855050555596488948e+02 2.718299573396701518e+01 0.000000000000000000e+00 4.287481052099228123e+02 1.285632627551292217e+03 4.396851637183053185e+01 2.325331962868452820e+02 2.211216993891134166e+02 4.447213409946611051e+01 1.453899736680056010e-01 1.238267885177115488e+02 1.347051292956458646e+01 4.101186283045088885e+02 7.369408446034783822e+01 0.000000000000000000e+00 7.541451124552107785e+02
0.000000000000000000e+00 7.006891293683854656e+02 1.210063204218740225e+02 1.174434568093868165e+03 7.312320283866105228e+02 2.972317259895716006e+02 4.061784426536801718e+00 4.268691206007723054e+02 6.698332826837665266e+01 0.000000000000000000e+00 9.192957053787679342e+02 4.997140269009364033e+02 5.259474352258254326e-01 4.404089303521119518e+02 6.958169158614133494e+02 5.353954864426864191e+00 4.171503617394254206e+02 1.791713531319101378e+02 5.748541344714469759e+00 1.045617536029715922e+02 0.000000000000000000e+00 1.075159422495700454e+02 2.566431364012260019e+02 0.000000000000000000e+00 0.000000000000000000e+00 1.250192773954170500e+00 9.663394993177309971e+02 2.070423057504086046e+03 9.244267619525708142e+02 5.188610545490454342e+02 1.587334299913443658e+02 2.650587252973165064e+01 4.642061530557654123e+02 1.604624268572002022e+00 1.951467661031020100e+02 9.606763688777926973e+02 0.000000000000000000e+00
0.000000000000000000e+00 6.244479035610623896e+01 5.783905384579667697e+01 2.287295812059538136e+01 1.392179735619246550e+01 2.174712191759962252e+02 4.499337149353177665e+02 1.149317860718962976e+02 1.238732513584201911e+02 9.223208178289918635e+01 0.000000000000000000e+00 6.494319267613432203e+02 3.118878890549916605e+01 2.392998170207425517e+02 7.531865457976501830e+02 1.036718584475293937e+03 1.986772262771075077e+02 2.911010800186424490e+02 2.780316041664683553e+02 5.045938762412711185e+02 8.145747845611072080e+02 1.693720549028945925e+03 1.721582662427234027e+03 9.503140496209649184e-06 0.000000000000000000e+00 1.634077865935263617e+03 9.940813656607264903e+00 9.795357496678814186e+02 1.155817845142150190e+03 3.844814922179696737e+02 1.015242509844200036e+01 1.550673210240017852e+03 8.113473906528723774e+02 5.263051894030058264e+01 1.259424004712244596e+03 3.660050356180919806e+01 5.480264498041053685e+02
0.000000000000000000e+00 7.137963121159644970e+02 3.528493605919051035e+00 1.953707226426565358e-01 1.604496474474107799e+03 1.290819465660579681e+03 7.050956787697141408e+02 4.443230771252969475e+02 6.269861769093907355e-01 4.766228060638742076e-02 9.908644682596221855e+02 3.178823724126020238e+02 1.862648910077373099e+00 1.138936825149412471e+03 7.978932199132050300e+02 1.634331917261933427e+02 4.128726827443222192e+01 1.197784609907870163e+03 4.906247302504651202e+02 0.000000000000000000e+00 2.082230920217341918e+03 1.592146130934813755e+03 2.617812281285420184e+01 1.664735285001472221e+03 1.175936794155843018e+03 6.275156222107949588e+01 6.496712979030547785e+00 5.415793805001663941e+01 1.548897800706045018e+02 3.343476537091893874e+01 5.081631693606612998e+02 2.881753949877097511e+02 5.682227248867510044e-02 9.295674686554735899e+01 1.727452396424432095e+02 5.865259837440382285e+01 2.611370317869280484e+02
0.000000000000000000e+00 8.074992889658988133e+02 2.920897238151130892e+00 8.683364108629538123e+02 2.748412636809664491e+02 3.523034770251922509e+02 1.074795959980683620e+03 1.447206909272818542e+01 2.359336373390686958e+02 6.863919492920601897e+02 1.077735202890823302e+03 8.569668494379864114e+02 0.000000000000000000e+00 1.499028500020678223e+02 7.141523166488004790e+02 2.068309840603835994e+02 2.154920136597970171e+01 3.742037858993193709e+02 9.258058586367376996e-01 5.847918310135908087e+02 1.168289357515769325e+03 1.872040145660340045e+02 1.023636075285716402e+03 4.979708125880515013e+02 1.389636442734066009e+02 1.120084964166132977e+02 1.084163699525942661e+02 8.953941666307535741e+00 3.329748458419292660e+02 3.239507474895738142e+02 1.233047558677828874e+03 7.010808325884202077e+02 4.659115831132950234e+02 7.883259293204619098e+02 3.561685881309297770e+02 9.977463662568795826e+02 1.333269390500921361e+02
0.000000000000000000e+00 0.000000000000000000e+00 1.820364680089797389e+02 8.274819875173192258e+02 2.783694619574075091e+02 8.075763346775082709e+02 1.195142300770755783e+00 1.011463397017964922e+02 4.100344736039472764e+02 3.607076488485170263e+00 1.434812705808518842e+02 1.310691941059550118e+03 3.426462415165462971e+02 5.797321326449669954e+01 9.695825223033857299e+01 1.933824901339835378e+02 4.186238067476902636e+00 3.342273529869896898e+00 1.314026402869539879e+03 6.836459776146856484e+02 1.917809730580458165e+02 1.335293099591240029e+01 2.085774919991680179e+02 0.000000000000000000e+00 0.000000000000000000e+00 6.600842818680117716e+02 4.146891205408925316e+02 2.299484040643624780e+02 6.094403285015424387e+01 1.203519528346831066e+03 2.351200772647852375e+02 1.050280929106992147e+02 0.000000000000000000e+00 5.863523764972675281e+02 7.495383108359822018e+02 4.885322774218534505e+02 6.277380512263514447e+02
0.000000000000000000e+00 1.046043035939544779e+03 4.184585866610578364e+01 0.000000000000000000e+00 8.677011902659348834e+02 3.418224719095840101e+02 8.723873292750373309e+01 3.714925804346987661e+02 1.497145624023103672e+01 3.312268472724054504e+02 3.099615038426427915e+01 1.693461549716187449e+02 0.000000000000000000e+00 1.418631718725575013e+02 1.833152100723826550e+02 1.637755892918985126e+02 7.492382435648754502e-01 1.784097529378153979e+01 1.258633386246576492e+03 7.047687311354345638e+02 7.886504289026234460e+00 1.151012896904928994e+03 4.670684594208237286e+02 2.467843872028398522e+01 0.000000000000000000e+00 2.364581614442723208e+02 6.220516288683756301e+01 1.720059374157647397e-02 7.989829729035352557e+02 1.103812420932144249e+02 1.287338104577978015e+02 1.412072166252339002e+03 4.972817128295910152e+02 3.806642562308389302e+02 9.401613833165972665e+02 4.765499009164953748e+01 6.442787364763191817e+02
0.000000000000000000e+00 1.007370740361464414e+03 2.681551200029709321e+02 9.649844859190637862e+02 9.573913751832774324e+02 1.447267611883620020e+03 7.553618886613399752e+01 5.075885224109750027e+01 3.024480966869422716e+01 4.200338303096403365e+02 1.249059119656987150e+03 1.082636839450291745e+03 1.469990840806141250e+02 2.068913274801376758e+02 3.866449532997908278e+01 7.276036173400676716e+02 5.107730502112129329e+02 1.799702954462521518e+02 8.246359502823546563e+02 3.719244764332018605e+01 2.998617192586261240e+02 8.877565183392924553e+00 2.564453468170011519e+01 0.000000000000000000e+00 1.701422566512204355e+02 2.264051816162936959e+01 3.608035062912447302e+02 1.983948936498350690e+01 9.862939414245979606e+02 6.177948114482470601e+02 1.759429173802334390e+03 4.153493664452766154e+01 1.740763686360089366e+02 2.481593396824854096e+02 1.451663336449948645e+02 0.000000000000000000e+00 3.173239682033484996e+02
0.000000000000000000e+00 5.067665172632768389e+01 2.541517105838019042e+00 9.061063083158968468e+00 7.235162568509994685e+01 6.764736346491220331e+01 3.613613852025345068e+02 1.495572265514104799e+02 1.420721879511146199e+03 6.904008344200187253e+01 3.046228579670536618e+01 7.279846422961325914e+01 5.838783592802942124e+00 3.875390883066228298e+01 0.000000000000000000e+00 5.086462277666170166e+02 2.365242143699987309e+02 7.068512501348792512e+02 5.920492086335758586e+02 3.616736944675078291e+01 8.746989988604152586e+02 1.046204072621466821e+03 1.955392898975674143e+02 9.833306841455470249e+02 7.374093359837662831e+01 2.430621511309851712e+02 0.000000000000000000e+00 2.274425410407064874e+01 4.806420911059998957e+01 3.568649747521932909e+02 8.610649898809485876e+02 0.000000000000000000e+00 5.376738629655161503e+02 4.416418768421106620e+02 7.591266802383817094e+02 2.454395455811826707e+02 0.000000000000000000e+00
0.000000000000000000e+00 5.536063397966476032e+02 7.484638244255519339e+02 1.555182772345101512e+03 1.121997367918508871e+03 3.652764837731216971e+02 1.228571065783931090e+03 1.259753319064088146e+03 2.349107821837796095e+01 9.020912066212436002e+02 2.521881518850460679e+02 1.552703385871649061e+03 5.494564560927797174e+02 6.523086191820841861e+01 4.283659002003546448e+02 2.744474155476747228e+02 6.029286275212289992e-01 1.300099856799593852e+02 4.582307140724666397e+02 5.376605860063483533e+02 6.450629395549715355e+02 5.742396803368174574e+01 2.841958666909927729e+02 7.060843896484967672e+02 4.070209529322790445e+02 5.418181031508840988e+02 3.414497353542116684e+02 2.081232481864696737e+01 7.145037742940158978e+02 1.463506496487251596e+01 6.681337159248464559e+02 7.546936484275224757e+02 7.939055342104121848e+01 1.862776245150173793e+02 9.123221292439663443e+01 9.475636302366799555e+02 3.878067753647280114e+01
0.000000000000000000e+00 1.743260383743195234e+03 6.378363294608411849e+01 3.821772169929813145e+01 7.973679663800209028e+01 1.270620031583618612e+02 5.292617094986159145e+02 1.331753641164330020e+02 3.657417697506380136e+02 2.223811323127874573e+02 0.000000000000000000e+00 1.543922196976451744e+02 3.390516867238175109e+02 4.724275229815707462e+02 4.069731205497266728e+02 4.630150004863878621e+00 1.236343672914472691e+01 6.679679388000198514e+02 4.550234312343823717e+02 3.470284409416780704e+02 2.449668954565021011e+02 6.401745824905262907e+02 1.406358325038523560e+02 8.816116664786438832e+02 3.880893444383460746e+02 1.666404929129215589e+02 5.238978411021536203e+02 5.500847543109420030e+02 1.321619538432326863e+03 4.019338916852134957e+02 4.762363036167728296e+02 2.979059060473784371e+02 4.857223393266397125e+02 1.496896301206613089e+03 5.633004569860108335e-01 1.538610591370917824e+01 1.091304143890095474e+03
0.000000000000000000e+00 0.000000000000000000e+00 3.401006589585088591e+02 8.786493284159804773e+01 6.657077035389242781e+01 7.184490167885307983e+02 4.566183237590717567e+02 7.886167048184903328e-01 2.256563948946603304e+01 2.852499062213454977e+02 4.828478496731939629e+01 2.795919899001241333e+02 2.211229553294207761e+01 7.204610592405343823e+02 1.280480446838902253e+01 1.052364917043349124e+03 1.056604579505650288e-01 1.066943828404029773e+03 1.020099098958618470e+03 1.335548616265836053e+01 1.052185264376057745e+02 3.311841392991833573e+02 5.497484570444415652e+01 0.000000000000000000e+00 2.320784119451451772e+02 9.621151112392986988e+02 9.372346098317979113e+02 2.157234660306281455e+02 1.269748198964120078e+01 7.155129991512345669e+02 6.939623775784945110e+02 9.958639511485455387e+01 1.072089811025621771e+02 2.379832990935585002e+01 5.610092443334767722e+02 5.719467807349270743e+02 0.000000000000000000e+00
0.000000000000000000e+00 1.049993412000699664e+03 6.718921377515677307e+01 5.157598178525793742e+01 1.043173114273193960e+03 1.508980416934103630e+01 2.317635568475936054e+02 8.041535438079975506e+01 4.357074468515951793e+01 1.365089287327301236e+03 6.072234484344661496e+02 3.738105327638815645e+00 0.000000000000000000e+00 5.468381705407892923e+00 1.115106685385433138e+02 5.406937840481618878e+02 4.760832204464497153e+01 2.857445945673894698e+02 2.960368209112292561e+02 1.072739612771652901e+03 3.045189768141056685e+00 6.576153873467997073e+02 7.867932157581190040e+02 1.214270370205835661e+03 4.229235637868504760e+00 1.272113912977785958e+03 3.833489530283858926e+02 1.729056775770741865e+02 9.196292352153250249e+02 1.669497608282087242e+02 2.411688095259065960e+02 4.684094053282781545e+01 2.591173246212322852e+02 8.434099594089934726e+02 2.136141591200138805e+02 1.438019428138985404e+03 1.369290407191173927e+03
