output/example_1/lateral_incision_000232.asc
nrows	75
cellsize	13.33333333
xllcorner	0
ncols	75
yllcorner	0
NODATA_value	-9999
[rows 17 to 33 of 75, columns 37 to 73 of 75]
5.690913183500401828e+02 2.874875118841345404e-05 3.839742837751661568e+02 7.406569017461362137e+02 2.632537971616613959e+02 3.595270924212865680e+02 3.241141152306856270e+02 9.582622870601851446e+02 3.095530099498071763e+02 0.000000000000000000e+00 2.130045605375588309e+02 2.392327248756821803e+02 4.263644784468253306e+02 0.000000000000000000e+00 1.210027959703442377e+02 7.723796810385332492e+02 3.520551267034124976e+02 1.175025623727794027e+03 1.959572435539716366e+02 9.737594596499218369e+02 4.723391575542908640e+02 5.809880323525866288e+02 3.416941833050977380e+02 7.846896275458010717e-01 6.634218588038010012e-02 3.535550173308039490e+01 1.170566099481876705e+02 1.957537192375141899e+02 4.827858438855955825e+01 8.383123270250011956e+02 1.341966595869813318e+03 7.299328685281456046e+02 1.310408684168638501e+03 3.771582128910031884e+01 2.562732272721958893e+01 1.506480645734462698e+01 3.084589925258606513e+02
5.454062529401961967e+01 0.000000000000000000e+00 1.101584879240116834e+03 3.626441202287314809e+02 1.516361303697544294e+01 5.833344334215392024e+01 1.451007061541096732e+02 0.000000000000000000e+00 4.604962074251056414e+00 1.228833473193976289e+02 1.017924588508300985e+03 6.715678675360075545e+01 8.060223055878136620e+02 4.093324380683879049e+00 9.262222572379499752e+02 1.451640681248005421e+03 3.785298218941437085e+02 0.000000000000000000e+00 2.119711555130532759e+02 1.434481862934793980e+03 1.359284215227845607e+02 3.250795152695100114e+02 4.519153460179477833e+01 1.064553760619572586e+03 1.096033132931785303e+03 1.095840024885254479e+03 7.699167259790712592e+00 9.192807324402828328e+01 5.920050424790530030e+01 3.177964024497347282e+02 1.639849261382173893e+02 0.000000000000000000e+00 1.254450053742104046e+03 6.947868042105596942e+02 5.159101904126029012e+02 1.254808896367586613e+03 7.472072341026320146e+02
1.297649274931522250e-06 1.284640686557162098e+03 0.000000000000000000e+00 5.489065245440212237e+01 1.218318457545254432e+03 9.405013536861893044e+02 1.501382248262482108e+03 8.374498883234961113e+02 3.238206405881020089e+01 6.617137120777999826e+02 5.667705255253017604e+00 1.507752066327747798e+03 3.730340112680275411e+02 3.236694885941194002e+02 7.113417518144024143e+02 3.656916273795204120e+01 9.038705987700760716e+02 6.604900860629285262e+02 2.101358696180244010e+02 1.381815582392553551e+03 5.940906743014749054e+02 2.302907000416485630e+02 9.703339750173861944e+01 7.898385813270533617e+01 9.537486846789538504e+02 2.614021230461892173e+02 0.000000000000000000e+00 8.098000754113636503e+02 3.703643882847620361e+00 6.796518351495612933e+02 6.457607593272156521e+01 3.243449114835912042e+02 7.955077806151464870e+00 8.135277414467696477e-01 3.610458122808142889e+01 8.747632526349974569e+02 0.000000000000000000e+00
4.825268582168712328e+02 4.131343655324207020e+01 7.583110675233747315e+02 1.376904954502797636e+03 1.121245523590824178e+03 0.000000000000000000e+00 1.051856792314562199e+03 2.043472743605026949e+02 4.265412680566506687e+00 5.158561584702995333e+02 7.052495013403007533e+02 3.858960172993565152e+01 4.443725164482164018e+02 5.048784148245609913e+02 0.000000000000000000e+00 2.243113814413373674e+01 1.143178906004886585e+03 1.375230782204727348e+03 1.506503173024281921e+02 3.137547090190051904e+02 1.206722843646750789e+03 2.580212962537688099e+02 2.759498574133668569e+01 5.364189121005653149e+00 4.458171349930008205e+02 2.765379265913761060e+02 9.773458859723713203e+02 1.070320101556828604e+03 5.140418186180902893e+01 1.355897761064526549e+03 4.739329323684506790e+02 1.452350947539240735e+02 1.044675407965425165e+03 1.573710910428412717e+02 0.000000000000000000e+00 1.243736377348905307e+03 1.140368323591845146e+00
0.000000000000000000e+00 0.000000000000000000e+00 2.185433092104398511e+01 4.461807852079867409e+00 9.821593199825321108e+02 3.291834010887227464e+02 1.431057664549777655e+03 2.868401489557886652e+00 3.462436511766741205e+02 4.605086708789512500e+02 6.895195739432560913e+02 6.610902636987086680e+02 2.744130993268826160e+02 1.488358849848110594e+02 2.424581124903005502e+02 1.253479685932536995e+03 6.440090710120136919e+02 7.881494449816337919e+02 1.680948981114624303e+03 5.489723891835569525e+00 1.235592693716233043e+03 1.259199896349352521e+01 2.885383089805566783e+02 7.475749679136240502e+02 1.549626091043629401e+02 5.722152536180852849e+02 1.453884947037278721e+02 2.625346802408452618e+02 1.284640673816925815e-01 6.759452906949643136e+01 0.000000000000000000e+00 7.926295677037233034e+00 8.425628037991938157e+00 9.243620312508273855e+02 1.043412246768820978e+03 5.413368888136768087e-01 2.980736472466384512e+01
6.998364600567764660e-01 7.104606912331040576e+02 1.646732090740321155e+02 1.537207529341761756e+03 5.986198619096077067e+01 2.106526749248165800e+02 3.544290440028909757e+02 1.402818059156009895e+03 7.117042710425297400e+02 7.224945286887557359e+02 9.040965128550187968e-02 1.305747780444582133e+02 1.353242429541225000e+01 8.171377655274955032e+02 1.203180552847207423e+02 8.833718901263945611e+01 1.279650061379041581e+00 4.169583087992144499e+00 1.713708174560261699e-01 6.735516696297771659e+02 0.000000000000000000e+00 3.197510585607594749e+02 4.532886956173447857e+01 5.310954987831401297e+01 6.585971010240243118e+01 2.829125895691726039e-02 7.755615216484463872e+02 1.741886892776435403e+01 1.658699581360597222e+03 1.532270752746449944e+03 0.000000000000000000e+00 1.512337674419634823e+03 1.753699193791001562e+03 7.126277301926787544e+00 2.434996313731687678e+02 4.201185914269358932e+02 7.558201612543896317e+02
8.786158924163414152e-01 4.082708315805701886e+02 1.390811031669460363e+03 1.389105101731461446e+03 1.316076644178880770e+03 5.616991428734299916e+02 5.970205440996337529e+02 2.730227986467199344e+02 1.723398345593456042e+02 1.756317705421201580e+00 5.757502359172372408e+00 7.382126632497207908e+00 5.053210826978454406e+02 3.729137057499125376e+02 6.784494580643089989e+01 4.306818638130567365e+02 1.778265492110545438e+03 5.658792841830307907e+02 1.257579114731707364e+02 0.000000000000000000e+00 1.285326455572304667e+02 6.744570392515622181e+00 4.969863840714160688e+02 9.338143522339669289e+02 5.949380075189499628e+00 1.213751620851855250e+03 5.340217904315296664e+02 2.154174801766080893e+00 3.115924268427594370e+02 4.211081573611905355e+02 5.889172447334416347e+02 6.873349082245641739e+02 1.346955878204747137e+02 1.649845817923921061e+02 9.114910219185260303e+02 0.000000000000000000e+00 6.083088999585415877e+02
9.078405193033779597e+02 6.845687343051743312e+00 8.576471602701062693e+02 2.750813745583739660e+02 1.179252977199848374e+03 4.335767354240094846e+02 1.736310924076517779e+02 1.644695750654069798e+03 2.327860157314157732e+02 1.325970696514667964e+02 7.353219992008529289e+02 0.000000000000000000e+00 1.482386580744675257e+03 5.534340129499202021e+02 2.137963903928880995e+02 7.221896801969378430e+02 6.662292811495916567e+01 5.508910878912620213e+00 0.000000000000000000e+00 2.285587958071408536e+02 1.301212914038697818e+03 7.479089859020976974e+02 4.612628178136993107e+00 7.976643543227852433e+02 2.228782350179074854e+02 1.123027189351938659e+02 3.376727341474696686e+01 1.651229318738777238e+03 5.346260589407870611e+02 9.182830110661917900e+00 5.810563998178802194e+02 4.515300152251069790e+02 1.104329642729600664e+03 9.440284714964290060e+02 8.196075620268569537e+02 2.386489364225127119e+01 5.055578595976587053e+02
2.685635833111279567e+02 6.611715583179152418e+02 0.000000000000000000e+00 1.182973813835684851e+01 1.641492381661314539e+02 0.000000000000000000e+00 6.770231935765036724e+02 6.646676718260385996e+02 0.000000000000000000e+00 5.346527712718062730e+02 3.136598423366224608e+01 6.768987273361947246e+02 6.485416378163369018e+02 6.244406555396294323e+01 3.721714870251302045e+02 7.134362579918764595e+02 1.789541401061636066e+02 4.404250178979182806e+02 2.099320737548198146e+00 3.636091234698930066e+02 7.238448244897572881e-01 9.319530042217359096e+02 1.104768041262257839e+03 6.053805163200683381e+01 9.341385290631864109e+02 3.085217811414429967e+00 7.851109359589416954e+02 4.486660137262916805e+02 1.061700331786450562e+02 1.161877771141513804e+01 2.829713023838831418e+02 1.148096961683388599e+03 2.853330921750085167e+02 0.000000000000000000e+00 5.437805868675281928e+00 8.224677245478229679e+02 7.058549502514179039e+02
5.068118866713657411e+00 2.107845214706124466e+02 3.482017758290406846e+02 7.253120955807516168e+01 4.384234962104729902e+02 4.961154407315865456e+02 9.749999168301136478e+02 6.233872091702277203e+02 3.840196792113545143e+02 3.043438159332885107e+02 0.000000000000000000e+00 8.205240222059212556e+02 6.042090243380420134e+02 8.817501275286838691e+00 7.736207218392021332e+02 8.504527257283003792e+02 3.913093577632147912e+01 4.284481995438486024e+01 9.756026095105121385e+02 0.000000000000000000e+00 5.667901665031949960e+02 8.625636789037398557e+02 1.143489307899136293e+03 1.229670338936899270e+03 3.985004572486586238e-01 1.389023585495096995e+03 8.589585960805327431e+02 8.726387599611946655e+01 1.653348648216788419e+01 6.581015788718738122e+02 6.267854465058757540e+01 6.608537828271098533e+02 3.231155056422971406e+00 4.813735355503432629e+02 1.272045282075620918e+02 1.045653300911819095e+01 9.481209642063613785e+01
6.035071354778322075e+02 7.180214159086804102e+02 1.768946958931961078e+01 2.525164517065998666e+02 3.306860012743672028e-01 3.560463029731899383e+02 1.285221643780051863e+02 0.000000000000000000e+00 1.052973198182967423e+02 6.479160374574679508e+02 1.940908467381608382e+00 2.612705660643973715e+02 1.883626326617403990e+01 3.146539672977434066e+02 1.252094260664666990e+03 5.486724678093272445e+01 9.621252064907630484e+02 2.370930894899443686e+01 3.035275559540922359e+02 4.183175370321990272e+02 2.876465537416354135e+00 0.000000000000000000e+00 0.000000000000000000e+00 1.186526629955286808e+03 2.510686219645910655e-01 8.520384893495235019e+02 1.152996583438449761e+03 5.358253454251317862e+02 1.334545897089024322e+02 6.310236989126759966e+01 5.231049605345577902e+02 3.219282332475842168e+02 3.840236706607074524e+01 1.226101466542360185e+03 1.215911052627683375e+03 2.305891294558001192e+01 2.387031320716606047e+02
1.206868643677055930e-01 5.761804336729676734e+00 0.000000000000000000e+00 3.941961446818520471e+02 1.520058680769425052e+02 2.994479922315504155e+02 1.626471775720475819e+02 2.082656789937371684e+02 7.448558971728223241e+02 3.220334941031504741e+02 1.145267126279705110e+02 9.649499731625073764e+02 4.342434177627894201e+02 2.842239302696325254e+01 3.401689948804541359e+02 6.898079407449159817e+02 4.308759274905117422e+02 1.347644829112365699e+02 4.502484416517788191e+02 0.000000000000000000e+00 0.000000000000000000e+00 8.519218761270843743e+02 3.303641499918311411e+02 1.797765424067293338e+01 2.793736332632523744e-01 1.301459882821094425e+02 4.481472004738419628e+02 6.173825784426572483e+00 4.865086605936021213e-02 6.975902045518547823e+01 0.000000000000000000e+00 1.009394057362669855e+03 5.275733179234630370e+02 1.039901280426271235e+01 8.161570451414930005e+01 4.037396222574756735e+02 7.961723463421112257e+00
2.440562625562485266e+01 8.957560793145626121e+02 2.665034231451783171e+02 6.508906584747317758e+00 6.693430030476829415e+02 2.048953104524153090e+01 9.475660577543361569e+02 9.771903655948241396e-02 9.030694949698896608e+02 8.280662842208313350e+02 1.377629645484404541e+01 1.015350098138638032e+03 9.646385793406543598e+02 1.215200798836760214e+03 5.867153186974775281e+02 0.000000000000000000e+00 1.541918477383512709e+03 4.334021120474910163e+02 1.074613201944774346e+03 5.471575105099340135e+02 2.180064182259736185e+02 3.224680053870698515e+01 1.207908463553876345e+03 1.129104225044589157e+03 1.188910063739420593e+03 2.037652345157990297e+01 2.826093648197924040e+02 9.028335646242713892e+02 2.604141129371257435e+01 9.577508583383361156e+02 0.000000000000000000e+00 1.517284712663649543e+03 4.628795541773358195e+02 7.138651057673258720e+02 0.000000000000000000e+00 1.319874155144473889e+03 1.129915736832275115e+03
0.000000000000000000e+00 8.501257253985020270e+02 6.764196690940578947e+02 1.845294119980615903e+02 3.757168310416145687e+02 6.844920120255530946e+02 1.322424146013550512e+02 5.245239015271993139e+02 8.358627737476855657e+01 1.097403312663145471e+03 1.207167574173807054e+02 3.341019275803779465e+02 6.614625619275661847e+02 2.204543897096432659e+02 7.698488299568779212e+02 1.491512280931665828e+03 2.566439301330677125e+01 8.754054140561450481e+01 3.791308526894783881e+01 4.891054185037009283e+00 3.310842443185252364e+02 8.821963230104597642e+02 8.336343138338894221e+01 1.567180255173165278e+03 1.379592118705325674e+03 5.741586260223545679e+00 1.013111101742989746e+02 5.636909234256600030e+02 9.517459420832855344e+00 1.069965887630418365e+03 9.898279368372963063e+02 3.537925809371834021e+02 1.244237177549694479e+03 1.007454753793868996e+01 2.727561612061714982e+02 1.415639461380329521e+03 2.131719855371423193e+02
1.458053798379162060e+02 1.365953776266243949e+03 2.592843483727482408e+02 2.095045408894652184e+00 2.535165237948465915e+02 5.315770101012085291e+01 6.252841423150933906e+02 4.794401906810030596e+02 1.750280116255074745e+02 1.295298801566061229e+03 1.040492798853732808e+02 1.255951469232187947e+03 4.706910857145495015e+02 1.034899610458678580e+03 1.139918821936183804e+03 0.000000000000000000e+00 8.758418806887984829e+02 8.739360726555643168e+02 6.384481273629303359e+02 8.882443816110683201e+02 3.547032889181388100e+02 8.282995126651266560e+01 7.602650596058043675e+02 1.851343467715560962e+02 9.559757466852379366e+02 9.873397257530567295e-01 5.690393543600513340e+02 3.990015876155516708e+02 5.888107787293913598e-01 6.205378564226374465e+02 4.229686967617397499e+02 3.697991537662051087e+01 1.317282503721054923e+02 1.524472419349338679e+03 1.435188501093314244e+03 2.653862142611562724e-02 1.631590163414718830e+01
1.461512808468065714e+02 6.714475297309282951e+02 5.958624579894745921e+01 8.069701657032999265e+02 1.097433229607624071e+03 4.075351515565363014e-01 1.417581096058705498e+03 8.423884571210054446e+02 8.834405727391870187e+02 2.454537259721897442e+02 0.000000000000000000e+00 5.270018826919044841e+02 4.410326349121985459e+02 9.897645576252322996e+01 0.000000000000000000e+00 9.396966265444390274e+02 8.121792102302057401e+02 4.508126415323634895e+00 1.160101584842060447e+02 1.666157034533904948e+02 1.135378137212157554e+02 4.342167641575239259e+02 5.616399089172847425e+02 1.480257766558689127e+03 0.000000000000000000e+00 1.159394815782560954e+03 1.574886147739978810e+02 1.206118792710656635e+03 4.260437117768048552e+02 1.572130198325047331e+03 0.000000000000000000e+00 1.194205475864418986e+03 1.337220714924374761e+03 3.207380101800749230e+02 3.007990442111641869e+02 3.537915957906631093e+02 1.268780998656940717e+01
3.005370424996082761e+02 1.513096814920429836e+02 1.464884902455255087e+03 1.291461114273917246e+03 2.959219361402325035e+02 8.750194925588617707e+02 6.053242696605367712e+01 2.059989629281031398e+02 1.643806039391274680e+02 2.459848920991578609e+02 1.590949282128350660e+03 1.857787906516618932e+02 1.313446960490088316e+02 1.484079384556694947e+02 2.114114906826937386e+02 1.143939017438274732e+03 6.885351421804896290e+02 7.018324972332177367e+02 5.057462077723408811e+02 1.653195134120831881e+03 6.648110093626746675e+02 1.529696311697725605e+03 4.931068574412030898e+02 9.971755060379231850e+01 5.693160523093995451e+00 1.635767084273813225e+03 8.448329682440155466e+02 9.273743320878973009e+02 2.346686096045664627e+01 7.393320569099783768e+01 5.676286593744312086e+02 0.000000000000000000e+00 5.969891438864692645e+00 7.456941805390275704e+02 1.074901831805919528e+03 1.715433184507130875e+02 2.761067150465295867e+02
