output/example_1/lateral_incision_000079.asc
nrows	75
cellsize	13.33333333
xllcorner	0
ncols	75
yllcorner	0
NODATA_value	-9999
[rows 34 to 50 of 75, columns 0 to 36 of 75]
0.000000000000000000e+00 0.000000000000000000e+00 9.407914326597767740e+02 5.421339917630812124e+02 9.334569272709264851e+02 2.396925704046218186e+02 1.180068446997654746e+03 7.922788628921499594e+02 3.108262569703183544e+02 1.435630275102456608e+03 2.756356210969044795e+01 9.039888126271575786e+00 1.730165531549200466e+02 3.695749597948010035e+01 1.224508911363781408e+03 1.025519450348428336e+03 1.570961376801925491e+00 7.100376907942363687e+02 2.716892095552022468e+01 7.987749555147747742e+02 4.133864273636071971e+02 1.151619267708976082e+02 1.034126899461817004e+02 5.937033325058724813e+02 0.000000000000000000e+00 1.297860688763148005e+02 2.725813790757506538e+01 0.000000000000000000e+00 5.558847918728528157e+02 5.274722828237106143e+01 9.222491591789470249e+02 9.261981873152602702e+02 1.248628153355319000e+03 6.683295688551140756e+02 4.044241142358330876e+01 8.670295963006402644e+02 3.007095412351696382e+02
0.000000000000000000e+00 6.876773437885542535e+02 6.902079327861277136e+01 1.166331913137855054e+03 2.994382246723984622e+02 1.114885220679238813e+02 5.259151901469238766e+01 5.843461886056805099e+01 8.803014580552196833e+01 1.018852702700145585e+02 8.572641260025505971e+02 3.939425119511570301e+02 1.513571099299531397e+03 1.102727077864159000e+01 2.570777879504856287e+02 1.760348058322112941e+00 2.923451477610844625e-04 9.396038439538394016e+01 4.257056442848618758e+02 1.172825452237084454e+00 5.401164448875042581e+02 4.385755148258026281e+01 1.038220801441958798e+02 1.265924902887972621e+03 1.543825868476175629e+03 1.818532362381644418e+02 5.519754625817869282e+02 2.666707439471895214e+02 9.471385124326944833e+02 1.469686572431773811e+03 1.098312683436982269e+02 2.302828223446759637e+02 1.618456390469358155e+02 3.084239545809498217e+00 1.281001722984502521e+03 9.647305406820647704e+02 9.179919923531248287e+02
0.000000000000000000e+00 1.469144048955548442e+03 1.567659015908990796e+03 1.759910170049190015e+01 3.363091226634011832e+02 8.171292800042361932e+02 8.642698807724050880e+01 4.480185336186738141e+02 1.530685481532352924e+03 3.708740234927448114e+02 4.613714989042404682e+02 0.000000000000000000e+00 1.424697003007868716e+03 7.320865026108082247e+02 1.607113398598773557e+01 4.635953734173192241e-05 5.642506840430711046e-01 4.448238375427347364e+02 2.753781800236095592e+02 1.128812472005770573e+01 1.000368902604456594e+03 6.014510087699139831e+02 5.696661326587025087e+02 1.433648366738159723e+02 3.146079597721416690e+02 1.084308295364093738e+03 3.411271633821052092e+02 3.815826079871683651e-01 4.984067742080571684e+00 0.000000000000000000e+00 1.115352627558399035e+03 2.274094577366698289e+01 7.309111956058205806e+02 0.000000000000000000e+00 2.651610524876066393e+02 2.678233754148390631e+02 7.475755617319583735e+01
0.000000000000000000e+00 0.000000000000000000e+00 2.599824158649385595e+02 1.028575200196185051e+03 3.901060421121333661e+02 8.781978950464392710e+02 1.566464540866293476e+02 1.875999679532766917e+00 6.980559891080697525e+02 2.661672627634017658e+02 1.017217579791488106e+03 6.860329332992592981e+02 2.320868967625640096e+02 5.912091272701459899e-02 1.356015273791624266e-02 3.948782421899163353e+01 7.509504040045935369e+01 1.082164323811425675e+03 8.702314282951344921e+02 2.968285781417904889e+00 1.429364234499117359e+01 3.949040910562916196e+01 3.016666002815628644e+02 5.107539748907699462e+00 1.957517224523830066e+02 1.052695025376175863e+03 2.987995372020259310e+02 6.776582343857231763e+02 7.656258484154593589e+02 4.623461679577768564e+02 9.173393672165456110e+02 1.179780872317376861e+03 1.161890319075775224e+01 6.629757360500290133e+02 1.081209586216612934e+03 8.996290636321008378e+02 7.623293267244986282e+01
0.000000000000000000e+00 5.477487118289376440e+02 9.608824617932224328e+02 2.305767568303689619e-01 4.572700573098549270e-01 1.569364786473843587e+01 1.661784548300243216e+02 2.380643784222200736e+02 6.481629664329341400e-02 7.748687720164573633e+00 3.679113180547613382e+01 2.418398819976776224e+02 1.940850420530709286e+01 0.000000000000000000e+00 1.068833147438187625e-04 5.412343534237847962e+02 5.430345038652287712e+02 1.051572234969791708e+02 1.074382356990258955e+02 1.607589095926159644e+03 1.114393749387727667e+03 6.538489462514935440e+02 1.133151256756261347e+02 1.398164604139142000e+02 9.118102267822230260e+02 5.405546764625045242e+00 1.872729216987586369e+02 1.188370523778656434e+03 1.414361478829427483e+02 1.097908345963016563e+00 7.816801546773349818e-02 0.000000000000000000e+00 1.737690036079135325e+03 2.064821429382887175e+01 3.830697163335295272e+02 3.156983556187176418e+02 6.888198880775527186e+02
0.000000000000000000e+00 1.424950521994022893e+03 1.631283304179563856e+03 1.681978278043244018e+03 4.179715804749266350e-02 0.000000000000000000e+00 0.000000000000000000e+00 5.559624761960914263e+00 2.677795436723971737e-06 0.000000000000000000e+00 4.503206472689278428e+00 6.997390942465689534e+01 1.049128940939936911e+03 1.590676304087683093e+02 2.523367563604234078e+02 2.749023335068694109e+02 1.061839011066987723e+03 2.852474048151084958e+02 4.722286968673548131e+02 1.492740509856391951e+00 8.508457642232013995e+01 0.000000000000000000e+00 1.433098958362752917e+00 0.000000000000000000e+00 4.619027667543284110e+02 1.840377081025393124e+02 3.038838946327289818e+02 6.735735274358084501e-01 8.985242115270123122e+02 2.617692526467405969e+02 8.319217194095697820e+00 2.860542471163788605e+02 1.248870721654557883e+03 1.363398995745449838e+03 3.720434620891972344e+01 2.964526025983040540e+02 1.803378263493981004e-01
0.000000000000000000e+00 2.637525306610929761e+02 4.297156814642647191e+02 7.584086402736866717e+01 2.335324791193728089e+01 1.857571343556358201e+01 2.005894158405383682e-03 2.489479767233764539e-03 0.000000000000000000e+00 0.000000000000000000e+00 4.780816509700167671e+01 3.571530739285154823e+02 1.651011845357309767e+03 1.323589123871864670e+00 1.936556498141280258e+02 1.234065817666024998e+02 9.048591619916307991e+02 1.536687627643464566e+03 0.000000000000000000e+00 0.000000000000000000e+00 1.548771467796391050e+02 1.284289794234038062e+01 2.855091481123430981e+02 4.425873694480548437e+01 1.219795638513070060e+02 3.322372399111865775e+02 1.274669836539802873e+03 1.763558530682987282e+02 1.390776531623051593e+00 7.138455418317665817e+02 1.748615594568170081e+03 0.000000000000000000e+00 7.122006759693730373e+02 1.597295026395369632e+03 6.565993932242488729e-01 5.013744840057568126e+02 4.337316449061892740e+02
0.000000000000000000e+00 1.548307707883086096e+03 1.524503731320495490e+03 6.451727167365163496e+02 2.896465191709352212e+02 2.426644634482944429e+00 1.676958743886356373e+01 1.252521951022917968e-01 3.345097290596198150e+02 2.383343912593675782e+02 5.914996350007211277e+02 2.343718130393269039e+00 3.987556573625878897e+00 8.555091234604160491e+02 2.236403499470555278e+00 2.241996109712176890e-06 2.070595638120298645e+02 4.238880068701988080e+02 4.112398938747780619e+01 1.472603189027488497e+03 1.123680600218411030e+01 4.124283540661738243e+02 3.560509919735097810e+02 1.766807677317839307e+02 7.792291006545888798e+00 2.929134102210793245e+01 0.000000000000000000e+00 1.287396175250992428e+03 1.484905344373361231e+03 7.049568167141816666e+00 1.071570602715692985e+03 1.207272685720986374e+03 0.000000000000000000e+00 2.923012040690466407e+01 4.365528054750070623e+02 3.582153169659033631e-01 1.192640366051582987e+03
0.000000000000000000e+00 0.000000000000000000e+00 5.750046490989519725e+02 1.817980145914101797e+02 2.607189507088962728e+02 4.637172011045286126e+02 1.714794448510447182e+02 2.727640339693924147e+02 1.665763793182582958e+03 7.895521875437452763e+02 8.979534851299264346e+02 2.737999519709532592e+02 1.200443878039550469e+02 4.189353548178524989e+02 5.329476396999375254e+01 0.000000000000000000e+00 4.640531937780300353e+01 9.460552752377865318e+02 1.494289279941505022e+01 1.217167188333512513e+03 1.085847789808643483e+03 1.319162361217430316e+03 3.901083089375538293e+01 1.783428322605375342e+02 4.399087074570126532e+01 0.000000000000000000e+00 3.983836583055697100e-01 1.269843593993975475e+02 5.569785216546372197e+01 6.283420828073153608e+00 1.244989733340375153e+02 6.914569755168774918e+02 3.335476690875112240e+02 7.471075283292129825e+02 0.000000000000000000e+00 1.548452271300344592e+03 8.829446108590323306e+00
0.000000000000000000e+00 5.831114568923408115e+02 1.191000409106991675e+00 0.000000000000000000e+00 5.952889619244532469e+02 8.638499271375255972e+00 1.591909409993018016e+03 1.307107902229934204e+01 1.296367890238557493e+03 2.434835858681321668e+02 5.335838848158941516e+01 6.740921334112100283e+01 1.077066445134908236e+03 0.000000000000000000e+00 2.176969388807265915e+01 0.000000000000000000e+00 1.865692601136616346e+01 2.641639547874735854e+02 1.299739349993245241e+03 3.423897801369356131e+01 3.953758684422167136e+01 3.980404836605769159e+00 6.055341447056629249e+02 6.512831334609702481e+02 2.948423422874183757e+02 6.614108050932216543e+01 4.113432770139877448e+02 1.532845165309913966e+02 3.785337380726973233e+00 7.156667007534805691e+01 8.667781222822055209e-01 7.794456740544777631e+02 7.234060795845930443e+02 9.781058802245096331e+02 5.636009280667120720e+02 1.244934515688593235e-08 7.489470755254143342e+02
0.000000000000000000e+00 5.694976863260159234e+02 1.494307997039251632e+03 2.610120896498246879e+01 4.855905995363706324e+02 2.198107309898002484e+02 7.145502519194774322e+02 6.880995270998862452e+02 5.336713597494207306e+01 1.390634685359615105e+03 1.670622405164727979e+03 7.754735277700763163e+01 1.347099207736391236e+03 1.944973356070732109e+02 1.114740958289234527e+02 1.312901329339676693e+02 3.736933236820800630e+02 3.341973229157900960e+02 7.316959939908490185e+01 2.171615195059958925e+00 1.121563357412589767e+03 1.278323206153335605e+03 4.551992396337816871e+01 5.837598222871069993e+02 7.601238419341598274e+01 5.529927921998177842e-01 1.556500142470097501e+02 4.364574104161326886e+02 8.009127924156224481e+02 1.153045070158203544e+03 1.516794080688922577e+03 1.463205647460927707e+02 3.606809806433915355e+02 2.098145343678351935e+02 6.739801547467714045e+02 5.991474648073762815e-02 7.131553197032334879e+01
0.000000000000000000e+00 3.878158162598421388e+00 0.000000000000000000e+00 0.000000000000000000e+00 0.000000000000000000e+00 0.000000000000000000e+00 0.000000000000000000e+00 0.000000000000000000e+00 0.000000000000000000e+00 0.000000000000000000e+00 0.000000000000000000e+00 0.000000000000000000e+00 1.986501634293057350e+01 1.415231071847570320e+03 8.127328351280455081e+02 2.788006128088604285e+01 1.346234708501342084e+03 2.241254636544549328e+02 1.760199993987295741e+01 1.270491644449102431e+01 1.969996578870116366e+02 4.959928736821015036e+02 4.679966881207155893e+01 0.000000000000000000e+00 6.955083633022327376e+02 6.583171649228017941e+02 2.411433373385143852e+01 4.791661009886843203e+01 0.000000000000000000e+00 0.000000000000000000e+00 0.000000000000000000e+00 3.168431326026961159e+01 1.214623223363955276e+03 1.524435383496580698e+03 5.288143688321172249e+02 3.165934071053969490e+01 3.151662896273729686e+01
0.000000000000000000e+00 8.455362288834086826e+01 0.000000000000000000e+00 0.000000000000000000e+00 0.000000000000000000e+00 0.000000000000000000e+00 0.000000000000000000e+00 0.000000000000000000e+00 0.000000000000000000e+00 0.000000000000000000e+00 0.000000000000000000e+00 0.000000000000000000e+00 0.000000000000000000e+00 4.130777224725931118e-01 6.265759470489675209e+01 3.888147660300064103e+02 5.598451013935929268e+02 2.373677889774342131e-02 8.555522304336601565e+02 2.898895837503126671e+01 9.526023177481689572e+02 7.833073954328459365e+01 5.232367380367146659e+00 4.220767594308484263e+02 8.847122854543858921e+02 3.883068188852384850e+01 5.578333027810684825e+02 5.046199687625168906e+01 6.851469992868718464e+02 5.468980944703295544e-01 5.861882420209304883e+02 1.023751078722467128e+03 4.346888338036503541e+00 4.176864454945481384e+02 2.200598084999069926e+01 3.834168493070249184e+01 3.996929003277504648e+02
0.000000000000000000e+00 3.805663115124858109e+02 5.309639298482605909e+02 5.937389560696594799e+02 1.387163637743005665e+03 9.036459519168514021e+01 1.500390306534111687e+03 8.636151390369944600e-03 1.193656926636411299e+03 1.326832344609342592e-03 9.803567671641491188e+02 1.352731455753882074e+03 2.566126025729178082e+02 1.446407383010295234e+03 1.211936911037252429e-01 0.000000000000000000e+00 0.000000000000000000e+00 0.000000000000000000e+00 2.315674334053638717e+01 9.369605351903677501e+02 6.909972227215188241e+02 0.000000000000000000e+00 5.512357096374470302e+02 7.191350053544892944e+02 4.655426438784704857e+00 1.137134502095288326e+03 1.448228277078364499e+03 5.750077100458134538e+01 3.007648386273070074e+00 1.634228378747193489e+01 1.138474127969972869e+03 9.697043865476937299e+02 1.228541732856102499e+03 2.061444409750237572e+00 4.722653101664722897e+01 0.000000000000000000e+00 8.920156663828311139e+02
0.000000000000000000e+00 1.227736116489282239e+02 9.636526375966666391e-01 4.288785236865688830e+02 1.030350018586267652e+03 2.051446026765046895e+02 1.979073328214009564e+02 0.000000000000000000e+00 4.870776354403626556e+02 1.209087390226458410e+03 1.776299769638245607e+02 3.633502162205614727e+00 5.513226765603931199e+02 0.000000000000000000e+00 1.052246084138292019e+02 2.032307135438134651e+02 1.304797762349230652e+02 0.000000000000000000e+00 0.000000000000000000e+00 6.983661362771076710e+02 2.918174827512668799e+02 1.246532132738481323e+03 5.207209639442253319e+02 1.475618637439015856e+03 7.587708153701985814e-02 1.302807670560550378e+03 2.808076667911203117e+02 6.676039469810693845e+02 1.666535418463361395e+02 8.787839042581389037e+01 2.775377664353089244e+02 3.218829257691847162e-02 9.984707619056035810e+02 7.446726755082389330e-05 7.028643281474697915e+02 5.473958719642146207e+02 3.671858618400343062e+02
0.000000000000000000e+00 4.989214005198005283e-04 4.371594222229365639e-02 0.000000000000000000e+00 1.275050667138572862e+03 4.421203754800670538e+01 1.078539113370735322e+03 0.000000000000000000e+00 1.943648169800844698e+02 0.000000000000000000e+00 1.147311328359629670e+03 2.105115138451329670e+01 8.120986246869296110e+01 0.000000000000000000e+00 2.650163198176546331e+01 5.367719410094980503e+02 9.099583832725334105e+02 1.236963642259690799e+00 0.000000000000000000e+00 0.000000000000000000e+00 0.000000000000000000e+00 1.182289785121562545e+03 7.650223691166405615e+02 6.388990500907781325e+02 1.422159985032779161e+02 8.089991554627252981e+02 7.587714830934748989e+01 5.564101587919011536e+02 4.052757620679112449e+01 3.568272230620597441e+01 1.115593355157765245e+02 2.358058004678284636e+00 1.019117604367308729e+02 1.009073454073688822e+03 3.940984134585718834e+01 0.000000000000000000e+00 4.707548680353558501e-02
0.000000000000000000e+00 5.609114511263135228e+02 4.729549467049896521e+02 1.384011067462178971e+03 0.000000000000000000e+00 6.460174568202181611e-01 2.717567733019590150e+02 5.826526448492122654e+02 1.719727431547770413e+00 1.150208708972905924e+03 6.781246015266960967e+02 8.466749968300990759e+01 8.750746110621832941e+02 1.294491183173709260e+03 1.224909103375268700e+02 1.420853249023091109e+02 1.362904049212735060e+02 1.273051274621601578e+03 3.601427344458311950e+02 1.779349873664922370e+02 0.000000000000000000e+00 0.000000000000000000e+00 0.000000000000000000e+00 0.000000000000000000e+00 0.000000000000000000e+00 1.432440885372657817e+02 0.000000000000000000e+00 6.148454225210278992e+02 8.402127065887306117e+02 4.219904763075331289e+02 2.163182988551149037e+02 2.172869260318524565e-01 1.682112603120513995e+03 1.574584289717344973e+03 2.353883883193245152e-01 6.308425734733032186e+02 2.619676121110162370e+01
