output/example_1/lateral_incision_000245.asc
nrows	75
cellsize	13.33333333
xllcorner	0
ncols	75
yllcorner	0
NODATA_value	-9999
[rows 34 to 50 of 75, columns 37 to 73 of 75]
1.163742469741705236e+03 4.202479115803947174e+00 4.525341343497124171e+02 4.706345025840875564e+02 1.801504695577731638e+02 3.998722012068115532e+02 1.307096324269066940e+02 3.564669179374325836e+02 1.408919967549893499e+03 1.008985886483166894e+00 9.700047418793104725e+02 7.198396107677765485e+02 1.182244670770861603e+03 1.446067570371627198e+03 5.972547715137437763e+02 8.325263747100672962e-01 1.416610751828757486e+02 9.485976372643814614e+01 1.586863147383277521e+02 2.028380069248086386e+02 2.571695662344150151e+02 8.709278360241938799e+01 3.105198511728173116e+02 1.406298773540449929e+03 1.071113825248797639e+03 1.068578551089473621e+02 8.656850987096837571e+02 2.593774997901410728e+01 5.104400517819931338e+02 3.828310281690326065e+02 1.239686081530730235e+03 1.413329761904612042e+03 3.028987476282165581e-01 5.571550990767918847e+02 1.874303436609285427e+02 0.000000000000000000e+00 6.931813372527376487e+02
0.000000000000000000e+00 5.094481292659551741e+01 4.993244003738159620e+01 3.433254273135908363e+00 5.685343427146787008e+02 1.073498761654720056e+03 1.882559911914960304e+00 1.816952265068801182e+02 5.771143923735350789e+00 1.415090395080611415e+03 1.228387452641347636e+03 8.848572864887503897e+01 3.338419823810204434e+02 5.357030451668223350e+02 8.192941087053151605e+00 6.418243117158674522e+02 7.415459866033563685e+02 4.729279503664703270e+02 7.819564023210822370e+02 2.073550559342847919e+02 9.929882695953512695e+00 4.581752178197248782e+02 5.425159595609972740e+01 7.941752806064826018e+02 5.229319176041252604e+02 5.503621024199005660e+02 8.114264350345973753e+02 7.330442725115625890e+00 1.336956802432454197e+03 0.000000000000000000e+00 5.525289648796574511e+02 9.859830548066465781e+02 1.331782220421570401e+03 3.314739778021431249e+01 2.444049313174301830e+01 7.223223774779020232e+02 0.000000000000000000e+00
1.334179142825417557e+03 9.227381183368360098e+02 6.708054472554722452e+02 4.407855806739595650e+00 6.815623783178054964e+02 5.400275018467117771e-01 1.023999676552297444e+02 8.809047554928732779e+02 1.659959374522918196e+00 1.172598022641127045e+03 1.591183475868472215e+03 2.172287460540425030e+01 8.758273866053133361e+02 1.666827379897478636e+02 0.000000000000000000e+00 1.195354185485484777e+03 1.810781136379922884e+02 1.486842843691631444e+01 1.203660796864162608e+00 1.965859906357883915e+02 0.000000000000000000e+00 1.466526210370142508e+03 2.383415643985580914e+02 3.796038749428366827e+02 8.496807102286885538e+01 7.557607761512161915e+02 0.000000000000000000e+00 1.377661046101339934e+03 8.731835767706365914e+01 1.692578353905512856e+01 9.414648768364327225e+02 5.296179848038549665e+01 0.000000000000000000e+00 5.612849080305379346e+01 4.339359222201774458e+01 5.751842714162946777e+02 5.944803043052889961e+02
1.497468637992163121e-01 5.311658520099692851e+02 0.000000000000000000e+00 3.104496665347840967e+00 9.121790725585150028e+01 1.739495734184304638e+03 4.854706068510721479e+02 4.337248386957423918e+01 7.409204200434260201e+02 3.231237358649897828e+01 7.757723237996841381e-02 4.344828484178189676e+00 2.651739359938214591e+01 2.632699250704321798e+02 6.994853977289723161e+02 2.064248124862706923e+00 5.786732524093139318e+00 2.144048164199438702e+02 4.973712069039939365e+02 4.501544188536009017e+00 3.647290716130230948e+01 1.437071958230571100e+00 0.000000000000000000e+00 0.000000000000000000e+00 6.641328422318453022e+02 3.929328927047352522e+02 2.562897243138743875e+01 7.352840827232490710e+02 1.264900809034578515e+03 6.459612219052315822e+02 7.466489808385799734e+02 5.296437842885328564e+02 2.178009059686198157e+01 3.386432886011475034e+02 6.780249968676028516e+01 4.303140633682836835e+01 3.054321870238749170e+02
5.314949866397390679e+02 1.008272385901205492e-01 1.456374782284779030e+03 1.343055336697807718e+02 9.685223639143863466e+02 1.190323984967245224e+03 7.758687925312727884e+00 1.191021644039674584e+03 4.389772348057555860e+02 1.065271702031358245e+03 9.858100814320179097e+02 1.383884010493164169e+03 6.166408437177881297e+02 7.581072542274157513e+02 3.003847533970281916e+02 1.310132426080211189e+03 5.775159574385692274e+00 1.012459978346712660e+03 1.761036145713502208e+02 9.834197267929263830e+01 5.061842019386149900e+02 2.984170083408290566e+02 1.276304136636876137e+03 1.746494825343521313e+02 0.000000000000000000e+00 1.086871233652484079e+03 2.527292414484176675e+01 6.521179804146145216e+02 1.022699951842372634e+01 9.516332685413746049e+02 1.407160567950006680e+03 5.701449116842244536e+01 8.855697000889825858e+02 6.268683338965273606e+02 1.821571756971836464e+02 8.383123562311234309e+02 3.743092760352283221e+01
0.000000000000000000e+00 0.000000000000000000e+00 9.331559371568590677e+02 4.492243639631982255e+00 0.000000000000000000e+00 0.000000000000000000e+00 1.216334497063560320e+03 0.000000000000000000e+00 2.246089984955715408e+02 1.558679089143595775e+03 1.501813941200505724e+03 2.937322105314600549e+02 1.465324212185966424e+01 3.688771750710177599e+01 6.453914901625238087e+01 1.460091532604532404e+03 1.867285541255906267e+01 1.185569509830224661e+03 3.331934540608194766e+02 1.467450368940909016e+02 9.607996364798728450e+01 5.818254035977626017e+02 0.000000000000000000e+00 1.103702936698628037e+03 6.189272937263405083e+02 1.673077512096162081e+03 3.575262685505822713e+00 7.140496097746333248e+01 3.138929917742018816e+01 1.621623757394643235e+02 7.578123173837373550e+00 4.185833179170739271e+00 7.476747622830572093e-02 0.000000000000000000e+00 2.169048359055533126e+02 3.716179031445104641e+00 1.862282635041153753e+02
1.232282257717190760e+03 1.022593066760452643e+03 0.000000000000000000e+00 1.726233147805622139e+03 6.382815040414365093e+00 0.000000000000000000e+00 5.686440018957440543e+02 2.062471687206162869e+02 3.172355055097647778e+02 6.080875757012967675e+00 1.144599743029266214e+01 7.091290583894526662e+02 1.032845852798220903e+03 3.269379480292391804e+02 4.520434331911596360e+01 1.491981684893069655e+02 3.385156945859769735e+02 0.000000000000000000e+00 9.842089071219497782e+02 1.357664502681598606e+03 0.000000000000000000e+00 5.080174706564904996e-01 4.939120391375590913e+01 2.255849911713273315e+01 1.391402179628660178e+02 1.494241235560156724e+02 8.746383348117793943e+00 1.091976324660385217e+03 7.606866402479965927e+02 3.894854005019728902e+02 1.727969185120368900e+00 1.597807170041500967e+03 5.619851838678221156e+02 1.502132529786824534e+03 2.599844559181672139e+02 6.323506772863439664e+02 5.197729576949959851e-01
5.799936865424550803e+01 4.603885708417517435e+02 1.157428271477289456e+02 0.000000000000000000e+00 1.081837262507711785e+03 0.000000000000000000e+00 3.486051173251579485e+02 3.553574463109713975e+02 1.417842480857419559e+03 2.272365979507046063e+01 1.021754610382028090e+03 1.551557577106234431e+00 0.000000000000000000e+00 1.548345724985900915e+02 8.931928657358065493e+02 7.270689807446088935e+02 1.409518032917805499e+02 1.312338734820201353e+03 3.788080039453465275e+00 3.967289564732677150e+02 0.000000000000000000e+00 6.521282975181004531e+02 0.000000000000000000e+00 2.995709778315196559e+02 1.530220088397426252e+03 5.557106666934247414e+02 4.802859322096393879e-01 5.021364983310693901e+02 2.079281803944377921e-02 3.273390370178700550e+02 0.000000000000000000e+00 0.000000000000000000e+00 1.980567503540727046e+02 3.421406950075127611e+02 9.854439285124106718e+00 5.065993484975494425e+02 3.726288512462468394e-01
1.678141089190347088e+02 2.240975345922103941e+02 9.731380837861781652e-01 1.072128385702877040e+03 7.943229042586347077e+01 9.924675786899537400e+01 1.933081538072635510e+02 2.487290161822826349e+02 5.505087955269315714e+00 6.351569209496261692e+02 8.121133540642972548e+00 2.840685599405877948e+00 7.100603075482359827e+01 1.758144188292153798e+00 4.982249872402003916e+02 0.000000000000000000e+00 3.285052906620157387e+01 2.301300805286660978e-01 3.329702380818866914e+02 9.832081394223422421e+02 1.321543749991881123e-01 3.521294634682332259e+01 3.223274599770260096e+01 4.614689284928476809e+02 1.322316995765855381e+03 3.541430727188507266e+00 1.715216550260659460e+03 2.151773381374785572e+02 0.000000000000000000e+00 4.551905249098503958e+01 2.486221521822631644e+02 5.992728691182003331e+02 2.425823824600801402e+02 8.188973872558344738e+02 1.627914360107160121e+02 6.636472773132168186e+02 3.425755337518979786e+02
5.569197079887323980e+02 2.602256150857472861e+00 1.484731610421878031e+03 5.604030399765449602e+02 2.799992295588406819e+02 3.342397256723919554e+02 9.885007451709965665e+01 1.005527007717084985e+03 0.000000000000000000e+00 0.000000000000000000e+00 5.628599291395701130e+02 2.489462797355874386e+02 1.163116134620565418e+02 5.641687675601121832e+00 0.000000000000000000e+00 8.815663292842482690e+01 1.432812283055166063e+03 5.649205788231620318e+02 1.044272657970805938e+02 9.645656634454512641e+02 3.644523779339385783e+02 3.642655685647204677e+02 6.903872376587052031e+02 3.495574693507689972e+02 2.895417547076992193e+01 2.594284639619642121e+02 0.000000000000000000e+00 1.267405894834454898e+02 1.524716102987700197e+03 2.946922545216133358e+02 4.908832948808820902e+02 2.858538784615565476e+01 4.407689498726769557e+02 1.392532791795102639e+03 1.880548692581432135e+02 1.421142172392644731e+01 3.289536257741045802e+02
1.023363044378778795e+03 3.137764323098704367e+01 7.287531213754305099e+02 3.071417962689476644e-01 2.112680343931557161e+02 6.866563087904971781e+02 3.037008237311108587e+02 2.774407671900485752e+02 6.707921604599999910e+02 1.928029082866657404e+02 2.383880716155380526e+02 4.996176647022185193e+02 3.285100550374730233e+02 3.869982213439162706e+02 1.155328630131103429e+00 3.384192428753678428e+02 5.515258418732130075e+00 1.109944513498563992e+03 6.396985332531816084e+02 6.404215670831332474e+00 6.537728329318380815e+01 1.308021024998473422e+03 8.663689180271047690e+02 7.558431676113640307e+00 9.526999307208474193e+02 1.586289095204202795e+03 4.199472798627247698e+02 4.485223119259833247e-02 8.812449084438181046e+01 4.183126034771237869e+02 1.401089614470924062e+03 2.469367851733911721e+02 3.582250002587830409e+02 2.619257262290874451e+02 3.008457083467251270e+00 4.248076220479738936e+02 5.544586823617041773e+02
9.711442861389939480e+02 2.269611631504461968e+01 1.306221823331423366e+03 3.188096894688083012e+02 2.494916544599157682e+00 1.121464041492363549e+03 4.690940723462759365e+02 1.002551826904978327e+01 9.501414377379863936e+02 7.600042808903320690e+01 1.162114182166907995e+03 3.233809776881598452e+01 5.284853831060577249e+02 5.126150602979632822e+02 3.824314591552948741e+02 4.191348170592092259e+01 4.859336339653170285e+02 8.346499784452906567e+01 6.574769098212734662e+02 2.193592801533465888e+02 0.000000000000000000e+00 7.941284817965432694e+02 7.469586832073093596e+00 4.754210247592511678e+02 4.939529129159986951e+02 1.081370038454291716e+03 8.242584368408226965e+02 7.170631862720615572e+02 7.840060224930882669e+02 1.102216476088486274e+01 2.859260034453824417e+01 0.000000000000000000e+00 2.361606593190936909e+00 2.224934332418939675e+02 6.574628677590532106e+02 5.827724600844379665e+02 3.690949522893690755e+02
1.718854510553267346e+03 1.769045542360858647e+01 3.009819848326478677e+02 0.000000000000000000e+00 4.505877230860641447e+01 1.298016464486393943e+03 1.052535806048131235e+03 2.555973251500862187e+00 6.577115602984804354e+02 2.459346048645513427e+00 1.714725355190683445e+02 2.015412184372510751e+02 1.297969750673355975e+03 1.109844099006498709e+03 1.957910556004755165e+01 1.048147813380045136e+03 8.075260129147210364e+02 0.000000000000000000e+00 1.511001680851792116e+03 8.910570725424096281e+02 1.323885071761460722e+03 2.355383193485550475e+00 1.673636613710987376e+03 3.802964341943785485e+02 1.590565017287199678e+00 3.682627372827687395e+01 3.542193282340064364e+00 1.348465743932040652e+02 9.439040196868718624e+01 1.089798902407923862e+02 2.784510163786414978e+02 1.204396422189926170e+03 6.045740511635635812e+02 8.669599352761301816e+02 2.732640736003767188e+02 8.689947406195699386e+02 3.439504555845797995e+02
3.282810874032857100e+02 3.498012012087035938e+00 1.249893453188245530e+03 3.496380269288346909e+01 1.925421023738726660e+02 0.000000000000000000e+00 8.043382411304579591e+02 6.743641183584555776e+00 1.571785668467908863e+03 1.399038865267183951e+02 6.169037709863996355e+01 7.170068199496930674e+02 1.587764970128885409e+02 8.595396360868314787e+02 5.586766153087106659e+02 1.990053872688200443e+02 0.000000000000000000e+00 4.658834508410395756e+02 3.205574561611562103e+02 2.522896952013120710e+02 0.000000000000000000e+00 1.374556965115720686e+03 2.383227265471596638e+03 2.717437674285725180e+01 1.268087214232604765e+03 2.734535894248783183e+00 1.064577378599555004e+03 3.311518541881325177e+02 3.343203269346450952e+02 5.878751873718365459e+02 5.499593507449660592e+02 1.747805089571368455e+02 1.814394109713541070e+02 5.725844021692687580e-01 6.178487271742651501e+02 8.377551718820359383e+01 5.479733633903553027e+02
4.830980328096884477e+02 3.790382167231684463e+01 3.870154815056556572e+02 5.810965854072940147e+02 7.206092718467048144e+02 1.657193234162494422e+00 8.853579127595465934e+02 3.453687157870979263e+01 6.400847431038441755e+02 0.000000000000000000e+00 2.432059351456674676e+02 7.268930584740346603e+02 5.030840108206127752e+02 2.212997735056071100e-02 3.538178880683666705e+01 2.559081477477315900e+02 1.178297262871945350e+03 1.752537113293708217e+03 9.917752562593121768e-01 0.000000000000000000e+00 8.086251951455556082e+02 1.050943572200701055e+03 3.295468207258293205e+02 1.864608533066782536e+00 4.562459590368563340e+02 0.000000000000000000e+00 2.166289920903240329e+02 0.000000000000000000e+00 9.596908221478412315e+02 8.657929033225508419e+02 9.083916795528667762e+02 1.063866655562940878e+03 1.179134653362795717e+02 1.027488678170089770e+03 3.702513596901692949e+02 1.178622337784098661e+01 3.070178049910318236e+02
9.202670715911857036e-01 1.061385338877688810e+03 7.124807132108406904e+01 6.788637045113932800e+02 7.826764873103934406e+02 9.927620376604409103e-01 3.877020794603284912e+02 2.460665358019631554e+01 9.292621335974408794e+02 4.884820682434511951e+01 7.853829771064685872e+01 0.000000000000000000e+00 4.074602019041844869e+02 1.351772763755190283e+02 6.718543723317249032e+02 1.806981371343168576e+03 1.563121376793870240e+03 1.977491374856714737e-03 1.586548437098173508e+03 1.057287679714906290e+03 3.754752074164439436e-03 5.132387507429742755e+02 1.504693807645602419e+03 8.001954370961983614e+02 6.967422322004222224e+01 4.079653394233436075e+02 4.187300114618016096e+02 4.033396004758482150e+02 2.460104706724961261e+02 0.000000000000000000e+00 8.057319181148380949e+01 3.725980924857813292e+00 1.527955114206795770e+03 3.629955952675488788e+02 2.356960714924953137e+01 3.437723506766762682e+01 5.569224480640966135e+01
7.630622923056353812e+00 8.661069363011048381e+02 4.187818344560134687e-01 6.461915389339995954e+02 1.632306349571376547e+00 6.832244600805437358e+02 3.816442447309360091e+02 2.344341775732019073e+01 1.052062396937312087e+03 1.753794440146895681e+02 4.999578075139108932e+02 9.734612492412755955e+02 6.222591226565615443e+02 1.197922396725051991e-02 5.698015628340269423e+00 1.368467323370631128e+01 8.859452399343645812e-01 1.732253276562227711e+03 1.693668270365696117e+03 3.847734212746589151e+02 9.670133502172002409e+02 4.345722589598423335e-02 5.352867883325496123e+00 7.688059710243327345e+02 1.657805614804276047e+03 5.842502894122345936e+01 4.341294076499335119e+02 3.215230970820869505e+00 7.525400287154302532e+02 6.258887167572594024e+01 6.992701870182602875e+01 3.633205435686626856e+02 1.006202659098713639e+03 1.240219987541238140e+02 1.535642547774302329e+03 1.480036260402397602e+03 3.357349030539424461e+02
