output/example_1/lateral_incision_000299.asc
nrows	75
cellsize	13.33333333
xllcorner	0
ncols	75
yllcorner	0
NODATA_value	-9999
[rows 0 to 16 of 75, columns 37 to 73 of 75]
2.730880095320796741e+01 0.000000000000000000e+00 4.020924072664800331e-04 0.000000000000000000e+00 3.204114022286294605e-01 0.000000000000000000e+00 0.000000000000000000e+00 5.525900172972106512e-03 1.975129308987696054e-03 1.188172025416675964e-01 0.000000000000000000e+00 0.000000000000000000e+00 0.000000000000000000e+00 1.935879317804396393e+01 8.108273727206165293e-02 2.093329821185450912e-01 3.806198676219459571e+02 5.534273966179734998e+02 6.722467671270577512e+02 5.558879181938473835e+01 5.887352107860049273e+02 1.419371688350365957e+03 4.916125258541528638e+02 3.877028125657212740e+02 5.022033694440563067e+02 9.270076761518872388e+01 1.641620491379147495e+02 4.971400586072146629e-06 0.000000000000000000e+00 5.267006942434419869e+01 1.048169385794283137e+01 1.556254070430262981e-01 0.000000000000000000e+00 1.171760928489934850e+00 0.000000000000000000e+00 2.202483508468670581e-01 0.000000000000000000e+00
2.951586788673725703e+00 8.097447668449901936e-01 1.091569533275524926e-05 1.510866892439821418e+00 7.820061957112786786e+02 0.000000000000000000e+00 3.100048254882713650e+02 9.613063059099301810e+00 6.374126099482212027e+01 4.464584629024590186e+02 7.038431330337188285e+01 1.807788115597039678e+02 0.000000000000000000e+00 3.318784591815331808e+00 2.724451483256603410e+02 2.300781478800593902e+02 5.542782865809754433e+00 1.614441473976037003e+02 0.000000000000000000e+00 3.944267615929935005e+02 1.309890812660685015e+03 0.000000000000000000e+00 1.390627819258721161e+02 2.129040593959909131e+02 2.473597919061257926e+02 6.563555491422910109e+02 7.940424147594796978e+02 1.429637859988903248e+00 3.174979991003321089e+01 3.595333971346759938e+01 5.764757463916935443e+00 3.152214732932484367e+02 0.000000000000000000e+00 2.071773674977752364e+02 1.551065028976804094e-01 9.660566394466619613e+02 1.648010294740461124e+00
1.573346853032225908e+03 1.619115467809586164e+02 3.464974954127663409e+02 2.310663976406230233e+02 6.095443246866138907e+02 6.510111092513865287e+02 1.056595331965340847e+03 2.220187347925280221e+02 3.976025267276604040e+02 7.395985504458451487e+02 8.697103530870627708e+01 4.113000227600385301e+02 8.658739057127917249e+02 1.130263029389661142e+03 2.872344930576370459e+01 4.612291476485396515e+02 4.409320820609423777e+02 8.778841803328685955e+02 2.672633417019352109e+01 1.073641394187352773e+02 9.582431964660427184e+02 6.430605479210160524e+01 8.033796584100147129e+02 4.341912208389055081e+02 4.601423966607977434e+01 2.284611414161653897e+02 1.017995889844714412e+02 6.633836728562497953e+00 1.242966964760286430e+02 1.719269137575818149e+02 0.000000000000000000e+00 4.485040016132793426e+02 5.548962098999580661e+01 2.399612324838446682e+02 0.000000000000000000e+00 0.000000000000000000e+00 9.190237315483881275e+01
3.273132641653241990e+02 0.000000000000000000e+00 7.285266248559167934e+01 6.662105917199839951e+02 4.710836187747274550e+01 1.172145186357456623e+02 2.735564726636532669e+02 0.000000000000000000e+00 1.273135194450620702e+02 3.881802906350154672e+02 2.043300900127765658e+02 9.651654281680888516e+02 9.595219268167455766e+02 7.295886393627463349e+02 5.598340462404782159e+01 1.529156918216950544e+03 7.904490025491065808e+02 6.012959619255568100e+01 5.921129222598850674e+02 1.192677481008815448e+03 0.000000000000000000e+00 1.474607413228627365e+03 1.617001129071525511e+01 2.034069764822602266e+00 3.170813130593202231e+02 2.801829222368890271e+01 8.449659283736700388e+01 9.900862394691831696e+02 0.000000000000000000e+00 2.768996450219055987e+02 1.565144119851275946e+03 3.246757891049332301e+01 5.210075087446630278e+02 2.270378459366304469e+02 2.481142762195362117e+00 4.109770235301244838e+02 4.187680718723070754e+02
1.126956985965985496e+03 1.991207025423012453e+02 6.712163493526578861e+01 5.278047105689015552e+02 1.100065315874108137e+03 6.417394527167711971e+00 8.507019545295171383e+02 3.243838095697116728e+02 5.696121180689968924e+02 1.563614834532353598e+03 1.248896708914482758e+02 1.517287772817976474e+03 1.669773651877675036e+02 1.282131026148602132e+03 1.763045645178689824e+01 1.733727664469301288e+01 9.624586200575269146e-02 9.043799968785759802e+02 0.000000000000000000e+00 3.587142033560800201e+02 6.450627555426326580e+02 1.982934628221976538e+02 4.798646895533067323e+02 5.323628659318446665e+01 3.621131383283400282e+02 1.043191228566377049e+03 5.284235121675710900e+01 3.945935305579487817e+02 1.066927471872993181e+02 1.291814742137457017e+02 1.115404519578966926e+02 8.089168703955519959e+02 3.242271610150099264e+02 5.093800910504203898e+02 1.887352039792968006e-01 4.547320384479342579e+02 1.192785875282785355e+03
0.000000000000000000e+00 1.735590722073237941e+02 0.000000000000000000e+00 5.970208285830907471e+02 1.098920264147303897e+03 1.682299693885886654e+03 5.930517790976621573e-01 9.778829222920678603e+02 1.488621572595981434e+03 1.517952296292648498e+03 1.444206404282035017e+01 0.000000000000000000e+00 1.054503208082496286e+02 4.877972728329827312e+00 1.098447849442208280e+03 1.305425059163919514e+03 4.832530449872707550e+02 3.958870507292841268e+01 6.819805860973475546e+02 2.219888610188453981e+02 2.540475633346787561e+02 4.304140278843981804e+01 6.371881604623949613e+01 2.107270224466766678e-02 4.395842877881443655e+02 9.100216302039343645e+02 3.444721003816833331e+02 3.265840315939001925e+02 0.000000000000000000e+00 1.250809190019282902e+01 3.654551462156515527e+02 1.343178058801548787e+02 6.126181751105659714e+02 3.215544693526732800e+01 9.549718413436284692e+00 3.093699080789848921e+01 3.623733652403109886e+02
7.320700312344737004e-02 5.173058025220830132e+02 5.130879866202390005e+00 1.177961189506718028e+03 1.759439706586152852e+01 2.095653446755375455e+02 8.923238637215114011e+00 1.305637837208012343e+03 1.055644574869004828e+03 1.140250326149509448e+02 1.446186341284527771e+03 6.883150244381780567e+02 1.207706368419192586e+03 1.228485538811133438e+03 1.468322327785373638e+00 1.924114978376566114e+02 7.669840191160744780e+02 7.147358384559528588e+01 1.447411871105648906e+01 0.000000000000000000e+00 8.555717264419561161e+02 7.628684881064941692e+02 4.163295644582285959e+00 3.027911364988851233e+02 6.202385736926856907e+02 3.865749726442837186e+02 1.187857085268554556e+03 5.396952545765078213e+00 8.371521010922560890e+02 4.823832958457506379e+02 1.820226025467103455e+02 5.249633138704954405e+00 4.318202078665069052e+02 8.043229231713523575e+01 1.028092808469123383e+03 1.296178741684243505e+03 3.790065907375600318e+02
8.160877624070750471e+02 5.117841669387876209e+02 2.936125566034583585e+02 7.244048653552353016e+02 4.391463592697116951e+02 2.900073382247409199e+02 1.287037711112453131e+00 9.385624379622182545e+00 0.000000000000000000e+00 6.913829128113458182e+02 6.935630500755538606e+02 7.999166515760788343e+01 1.287719764012629867e+03 2.000505858713905241e+02 2.185036143841254557e+02 7.703044029157333625e+02 2.118928481850840928e+00 9.131249668073651264e+02 1.013612799018520150e+03 2.230670624510021867e+02 7.594607282741979937e+00 7.774845043309184121e+02 9.812381543549673779e+01 2.267065848935543499e+02 1.001908085270740798e+03 1.169976944692938332e+03 1.122646641487675936e+02 1.511789717433040778e+03 3.643788480386033939e+02 3.916957157096583728e+02 3.050798034890052577e+02 0.000000000000000000e+00 6.156357013996694150e+02 2.901489210353538795e+01 2.012589953816008403e+02 1.607062379476461160e+02 6.654726104706978731e+02
7.822750220027105570e+02 8.794841564483435832e+02 1.295311165610785906e+02 1.054830106537934171e+03 9.826929432130167470e+02 1.458487027599847465e+02 9.995796904735502153e+01 4.640918418076739727e+02 1.045932022586218409e+03 1.054751448898897706e+03 2.381327388494416653e+02 1.208622488088229375e+03 9.787125104201144268e+02 4.294402757243217934e+02 1.225534882789851736e+03 5.107007291338695154e+02 0.000000000000000000e+00 8.079066188161528999e+02 3.779238910257248563e+01 7.946600333362472384e+02 0.000000000000000000e+00 7.677193382652119169e+01 0.000000000000000000e+00 3.112570204542874421e+02 3.846337322140171295e+02 4.631252915747288768e+01 2.061007488804146026e-01 0.000000000000000000e+00 2.216152700123839381e+01 8.936930459402711904e+02 9.296939438502111130e+00 1.177993826294694600e+03 2.010475934307937109e+02 1.185833300777786814e+00 1.699303340202004335e+02 0.000000000000000000e+00 3.352758867578590696e+01
1.659444295177910256e+00 2.667386449763636147e+00 3.035285660264959162e+01 1.840527374046298092e+01 3.789205468996927451e+00 8.391022181440898464e+01 0.000000000000000000e+00 1.279760495876293362e+03 6.140378558787030272e+01 7.696269603205804515e+02 0.000000000000000000e+00 2.195651189424811491e+02 8.680177379030619704e+02 3.318104942581401673e+01 1.533371448806467008e+01 0.000000000000000000e+00 9.757707633564044727e+02 6.611480676085477626e+01 0.000000000000000000e+00 3.902827756210886037e+02 8.869540020681391468e+00 4.178756449265266610e+02 5.676500058290233710e+02 1.743440411489917494e+02 5.660087699336207834e+02 7.856594761484916489e+01 9.137179320714380992e+02 8.574024901594723360e+02 5.563135421733106796e+02 2.000252330516065058e+01 1.570246657622836040e+02 2.238953346728980875e+02 1.342562251138005252e+02 1.201338717893195565e+02 7.247199095632183798e+02 4.205058074298423776e+02 3.595160662980559323e+02
4.985431505065982947e+02 1.320208563685338959e+03 6.565541059214903896e+01 1.039949000731838851e+03 9.759638612737688845e+02 5.899335827041506519e+01 4.317272901837741844e-06 8.853047143994662065e+02 1.525047224384207425e+02 1.240302361209182749e+02 0.000000000000000000e+00 2.068199993837945172e+00 1.953662383417630792e+02 2.894327535130581168e+02 3.389839042937359181e+02 1.858076206577991911e+02 1.338215675714940062e+03 1.442365244147095495e+02 1.594736947168622009e+03 3.635888573883538015e+02 5.466151615603455411e+02 4.159826763302945665e+02 3.310391039940314499e+02 4.065969121686516132e+02 1.923380703006193571e+01 5.392461798296303011e-01 3.539099835956147331e+02 8.112459474052410542e+02 2.524205039533902450e+01 7.337973938430648104e+02 3.090929246232772698e+02 1.165382778703796731e+02 5.368751033766836400e+01 1.069021597450925810e+03 8.429551285797015225e+02 5.790578186450198928e+02 4.244918611957143071e+02
0.000000000000000000e+00 4.500338385182129031e+00 3.979983331175420744e+02 3.277815043730810771e+02 5.670581307458129317e+01 8.372747408630372092e+02 5.336172223234660805e+02 1.865109266685074019e+01 1.954902339157435165e+02 1.566377561629211073e+02 5.301469690672373645e+02 1.321008940503990516e+03 4.789658970216186162e+02 9.034307747353401510e+02 5.556355236254153063e+00 1.811889049248227082e+02 7.697706936350496107e+02 4.863343121423209254e+02 7.641442003748944956e+01 1.606753430209363387e+01 9.409295040503284469e+00 3.272514325267098201e+01 2.421231010889556057e+00 0.000000000000000000e+00 5.153653462276050590e+00 1.582947220730593926e+03 7.372014840320287021e+01 5.296081595924871976e+01 6.149832154514424474e+02 3.023466502285197866e+00 1.084742993686323320e+00 1.953720080509794741e+02 1.561816332477177866e+03 6.664647715870704037e-01 4.839938265678526932e+02 1.274331291664499304e+02 0.000000000000000000e+00
4.326996295032681701e+02 3.065410481695979072e+01 5.525963669039990123e+01 9.387628771310584170e+02 4.958391112758769168e+02 2.103160121032754830e+02 5.861382469082378748e+02 3.249921580605203530e+01 4.864733852084195860e+02 2.149458355627156791e+01 1.942562687218311623e+02 9.885400010977595286e+01 6.123078327930703608e+02 9.106334126454755733e+02 4.605497375516293914e+02 8.163504286103586765e+02 1.746155004640271784e+02 6.719522083994196748e+01 3.925646620997735567e+02 1.329957750530575424e+02 0.000000000000000000e+00 2.166578990755399445e+02 6.530873405930259779e-01 1.203213352669303049e+03 4.814545258482049803e+02 1.277885893081073846e+03 3.761477299346543077e+02 5.101049777297264143e+01 1.233188588057150127e+03 9.734355438526317812e+02 6.849183386072203916e+01 6.330767974754174929e+02 4.502208097822398258e+02 1.314497764546500846e+01 0.000000000000000000e+00 5.306025933413957318e+01 5.523458902680240499e+02
1.198890721670432640e+03 8.085890938367099068e+01 8.596107310019634724e+02 1.994142125515474788e+02 0.000000000000000000e+00 5.882819095448794542e+02 5.267646661511756747e+02 1.027064924516342259e+01 1.548696776988952024e+03 6.691213052538221291e+02 7.871185386455565549e+02 6.142364015934339250e+02 9.371068507289921001e+01 3.866993751843882166e+01 2.840323452649550973e+02 1.212856565206993054e+02 1.172362130902853039e+01 4.392165604361189821e+02 1.147347613591941951e+01 4.730575690388962471e+02 3.810506186771284547e+02 8.289341738730435054e+02 1.535593306113740653e+01 9.576952820561795932e+01 5.385933691225661732e+02 5.527717996098756430e+02 4.701182998778064075e+02 6.165251739185384849e+02 1.493406257385151292e+01 5.585690621540682343e+01 1.623023520481649484e+03 1.358089365501376051e+03 3.336243050339447791e+01 1.343211200966976548e+03 5.586529862696563953e+01 9.883951598807017547e+01 4.106665153485774908e+02
3.302432843160392508e+02 7.601524819367500463e+00 6.891327151163272902e+01 1.178616481423210018e+02 0.000000000000000000e+00 2.616104373570744315e+02 0.000000000000000000e+00 1.276073974674307010e+03 2.483906323442930941e-01 1.222808051014869989e+03 0.000000000000000000e+00 5.447339021934590741e-01 5.016193053107963920e+02 2.606335104463960874e+02 4.217684553953903333e+02 8.236581361602215168e+01 0.000000000000000000e+00 2.718302511415475298e+00 5.050888058892548429e+02 3.253277100886971880e+02 4.038146397818392757e+02 2.085565353579617636e+02 0.000000000000000000e+00 2.439127196092339744e+01 1.002960729972356830e+02 3.692493826503810794e+01 1.093725846362716254e+02 4.659776403850516999e+02 4.432026900179126301e+02 5.358802678312731871e+01 1.569553518550674653e+03 9.219850996740703408e+00 6.370809318908541741e+01 1.117377833209553728e+02 1.173226055404613817e+03 1.225686803756894278e+03 4.411292751818149394e-01
0.000000000000000000e+00 0.000000000000000000e+00 7.972297001987856220e+02 1.191252522403195684e+02 3.588109919560324101e+02 6.064372212223427141e+02 2.205267857459743936e+02 7.658663481157055912e+02 1.305509322023923005e+03 3.720914564683040826e+00 1.347855537333820848e+03 3.844431660564183062e+02 3.281625982399114037e+02 5.258527810155075031e+02 3.830893247026494475e+00 5.331657381704045520e+02 6.203130807339877038e+02 1.607538693564949384e+01 2.830144294632255608e+01 3.246203109076569717e+02 5.954266149517829732e+00 5.783197461772462589e+01 1.524234155180433481e+00 2.272037391202910896e+02 1.615053895731092553e+03 8.322290883363749572e+02 7.800430068786810125e+02 6.237710400428807134e+02 6.684183771334315907e+02 2.664867546433080179e+02 0.000000000000000000e+00 1.110104046204519364e+02 6.875548991475548064e+02 1.068467231820862935e+03 8.434383731717086619e+01 3.473818019643351107e+01 8.095185060519114018e+01
2.687100397600224824e+02 8.885934562791640019e+02 2.533730220363124985e+01 1.730378087362075323e+00 2.967609874866330294e-02 5.920574974905903218e+02 2.490900531237092821e+02 1.680321629331131987e+02 4.576447508862292466e+02 4.756199648585679824e+02 1.541288496682712719e+02 4.822454380177115354e+02 1.363118185101881636e+03 2.559811856003037747e+02 2.768556373179794718e+02 2.109899357690659372e+01 4.886809512838907210e+01 7.317011722298535688e+02 1.431945231471728675e+03 2.745591579619157301e+02 1.324327188087281471e+01 4.061732850275208051e+01 3.911358431325067109e+00 1.401530604782098877e+01 6.129428303213214804e+02 7.900111971113052505e+02 2.025254687610658380e+02 0.000000000000000000e+00 9.097236854899102809e+02 6.683408638977408600e+02 3.352213201397850639e+01 1.329787993902726157e+03 2.714892606001420745e+02 1.163634326189342801e+03 0.000000000000000000e+00 3.328861242761383892e+02 1.338960116206693662e+01
