output/example_1/lateral_incision_000067.asc
nrows	75
cellsize	13.33333333
xllcorner	0
ncols	75
yllcorner	0
NODATA_value	-9999
[rows 34 to 50 of 75, columns 0 to 36 of 75]
0.000000000000000000e+00 1.476763194809570905e+03 1.433184097271440116e+01 7.651823181370428983e+02 1.404597511355953429e+03 8.378165185521701233e+02 6.814279828498979441e+02 3.800809862749175068e+02 4.176568448805243250e+00 2.787897408735070712e+02 8.283660703690726450e+02 0.000000000000000000e+00 1.868217725316934263e+02 0.000000000000000000e+00 8.042300031689848083e+02 7.302576298268334085e+02 7.294917022648936822e-01 5.801909416199532643e+02 5.803190988877086056e+02 3.868751428808301398e+02 4.133743584036066636e+02 9.927971983085366219e+02 1.017863818278779888e+02 3.704035074235747516e+02 0.000000000000000000e+00 1.297860688763148005e+02 2.725813790757506538e+01 5.719160503843278320e+02 7.744863724377054837e+01 1.592945774451524699e+01 3.107731527408436705e+02 1.347218626844427263e+03 9.563165172051362788e+02 2.847220287835208978e+02 4.044241142358330876e+01 5.833463021154904027e+02 1.007321929481052081e+02
0.000000000000000000e+00 1.248994769463536336e+01 5.380572867665102166e+01 1.054083337588332512e+02 1.097194008892844437e+02 1.821905039975349609e+02 5.624963342059016895e+02 1.422633125708346142e+03 1.033165092049987299e+00 8.285780558058820588e+01 4.041205800810759285e+01 2.358119418624580703e+02 8.540334497125788857e+02 9.496352615838667361e+02 2.570777879504856287e+02 8.869152068091277208e-01 2.923451477610844625e-04 2.697983815648187900e+00 0.000000000000000000e+00 2.070610444347151997e+02 1.790631868815151222e+02 1.727582930260450400e+00 9.845019639734104544e+01 1.083814240094111938e+03 1.277839585180269978e+03 1.348112144381638233e-01 1.879095751576398188e+00 1.102832108269632954e+03 8.488549056598345999e+01 0.000000000000000000e+00 2.591895524811128482e+01 4.500118545981301281e+02 2.914751984091499253e+02 2.175623860876219506e+00 7.086618008425301696e+02 9.647305406820647704e+02 9.179919923531248287e+02
0.000000000000000000e+00 4.865462549926375146e+01 5.575767576316600298e+02 8.758045550045420669e+02 7.657128553924252401e+01 1.607699435413110677e+03 3.340543053006447272e-01 6.217491218771363037e+01 6.204183425154237597e+01 7.046428056353475995e+02 1.476653795475193874e+03 0.000000000000000000e+00 1.423788576331784270e+03 7.319523345689384541e+02 1.189492761121687714e+01 4.635953734173192241e-05 1.904891539768906845e-04 1.934234758940656818e+01 4.730127283472640443e-02 7.234809373052592036e+02 3.967563769206058168e+02 1.237307276405074958e+02 1.378897164536229809e+02 3.989245383500445441e-01 1.577404305479599884e+02 7.433043448546782201e+02 3.411271633821052092e+02 4.231911479558325482e+02 0.000000000000000000e+00 7.674985045170408284e+02 1.616556218608807740e+03 9.631968792021932302e+01 3.555513875666288754e+02 1.622519807391794302e+03 1.271605655417614003e+02 6.162838609324025052e-01 4.374192069695750362e+00
0.000000000000000000e+00 1.771852065418810980e+03 1.440593715500973531e+03 7.229056033730478248e+02 0.000000000000000000e+00 7.353140350924194024e+01 8.637273342287184619e+01 1.207802208999949244e+03 6.722700671420379877e+02 2.647028557031483729e+02 1.015428807565205489e+03 6.824354615148515677e+02 2.320868967625640096e+02 5.912091272701459899e-02 1.356015273791624266e-02 3.819035451109684942e+01 7.509504040045935369e+01 3.166307291758064366e+02 1.333004646890437783e+01 3.938908117914780149e+01 0.000000000000000000e+00 3.739223371796222750e+01 7.955050920768286460e+00 1.438008372019647823e+03 1.953215475380853832e+02 8.507484813678519231e+02 1.484474718220502609e+03 6.704685263549265528e+02 7.465446892715527838e+02 9.357976807369681183e+00 9.447887606106355634e+02 1.662035578003601870e+02 1.475275312373025294e+01 4.830831663407294059e+02 2.482000571532837228e+02 5.340847376036085734e+02 7.623293267244986282e+01
0.000000000000000000e+00 5.469936481386831701e+02 9.608824617932224328e+02 2.305767568303689619e-01 4.572700573098549270e-01 1.569364786473843587e+01 7.691974476468762134e+01 2.263358664602063186e+02 6.481629664329341400e-02 7.748687720164573633e+00 3.679113180547613382e+01 2.418398819976776224e+02 1.940850420530709286e+01 0.000000000000000000e+00 1.068833147438187625e-04 5.412343534237847962e+02 4.670328420922991768e+02 5.916604202423913250e+01 7.710548930991645733e+00 7.482807163006758344e+01 8.181706335687387137e-04 2.430879853141648539e+02 1.651327569583644905e+00 1.633275403321877775e+03 7.070289871052011677e+02 3.379707388837273729e+00 1.621279652585993972e+03 6.538670603552703824e+02 1.414361478829427483e+02 1.097908345963016563e+00 3.028416830905673010e+02 9.686824535072718163e+02 9.316348132398844655e+02 9.370651362155699160e-02 1.675210991508652342e+03 1.909753480349638721e+01 3.162964572040068560e+02
0.000000000000000000e+00 1.094457529209784298e+03 8.546153436805935826e+02 1.566628310342289524e+03 4.179715804749266350e-02 0.000000000000000000e+00 0.000000000000000000e+00 6.307588777194126843e-07 2.677795436723971737e-06 0.000000000000000000e+00 0.000000000000000000e+00 6.800739369683388702e+01 1.499996533120479398e+02 8.294734713935099535e+01 5.482856682508074724e-04 2.749023335068694109e+02 1.061839011066987723e+03 9.873937129263060797e+02 1.514398786600100948e+02 9.817646776157793909e+01 8.508457642232013995e+01 0.000000000000000000e+00 1.433098958362752917e+00 0.000000000000000000e+00 1.699408415096387159e+02 0.000000000000000000e+00 2.320528287500619058e+02 8.079815497181474484e+02 4.463846869927720036e+02 8.159843945911573471e-01 7.906567323405694125e+00 9.566620890664843557e+01 1.299701921177924532e+03 2.180150224877538889e+01 7.801942964184106586e+02 0.000000000000000000e+00 9.353209852937970936e+02
0.000000000000000000e+00 2.637525306610929761e+02 4.297156814642647191e+02 1.962343190832818962e+01 2.335324791193728089e+01 1.857571343556358201e+01 2.005894158405383682e-03 2.489479767233764539e-03 0.000000000000000000e+00 0.000000000000000000e+00 2.205246783660976291e-06 8.612483880921507762e+02 1.055640894586537797e+03 1.323589123871864670e+00 4.180575764911375103e+01 1.234065817666024998e+02 9.048591619916307991e+02 9.463417527243389031e+02 5.230410020632953660e+01 2.008291372699848978e+02 9.548569455401093364e+00 3.362821347939928263e+00 2.855091481123430981e+02 3.066051151123201990e+01 1.001664294606956105e+02 0.000000000000000000e+00 8.457005988176983919e+02 1.951897917933397508e+01 1.305201060936647783e+00 2.198428548345494278e+02 1.155651911824786339e+03 0.000000000000000000e+00 7.116369726590492064e+02 3.897236888153870495e+02 1.355510085352221950e+01 1.164341959417321505e+03 4.256505607929814801e+02
0.000000000000000000e+00 1.503206491739820876e+03 7.486568437316601603e+02 1.551500355633777417e+02 2.896465191709352212e+02 2.426644634482944429e+00 1.676958743886356373e+01 1.252521951022917968e-01 3.345097290596198150e+02 2.383343912593675782e+02 4.818104423461318788e+02 1.621403745885258559e+03 5.623372137995858999e-01 4.648336651934390034e+02 2.236403499470555278e+00 2.241996109712176890e-06 2.070595638120298645e+02 7.436757338389993777e+01 2.021007280330400988e+02 7.745817485302154637e+02 0.000000000000000000e+00 2.061776903110227543e+00 1.354805181777442158e+02 1.707692352156567672e+00 0.000000000000000000e+00 2.929134102210793245e+01 1.738651927031492050e+03 1.542875549120475171e+03 5.317591838706622411e+02 1.348751906650817345e+00 3.891843904762858415e+02 5.803547571923053283e+02 0.000000000000000000e+00 1.389751208438315643e+03 9.800043820365769989e+02 1.376616825184859927e+01 5.089818429053356852e-02
0.000000000000000000e+00 0.000000000000000000e+00 5.750046490989519725e+02 1.817980145914101797e+02 2.607189507088962728e+02 4.637172011045286126e+02 1.421510608536775635e+03 2.724231738363907880e+02 1.158265705115426726e+03 7.794147180065409657e+02 8.522237841166169119e+02 2.416488611164741940e+01 6.072168739603363292e+02 2.506616091591798750e+02 5.329476396999375254e+01 0.000000000000000000e+00 4.640531937780300353e+01 9.992650301716131480e+02 7.344287761576877926e+01 1.552990375778069620e+03 1.191884396694910464e+01 5.294392168181567513e+02 8.839012827999082944e+00 1.117828350026809630e+03 1.478081471737577957e+01 0.000000000000000000e+00 3.983836583055697100e-01 1.269843593993975475e+02 4.816766037292014175e+02 3.486075107921773792e+02 2.222319252745302176e+00 3.229491433256470145e+02 3.335476690875112240e+02 7.446672271508365384e+02 8.176691019069155573e+02 5.996970471892424257e+02 7.775269343211463458e+00
0.000000000000000000e+00 5.831114568923408115e+02 1.191000409106991675e+00 0.000000000000000000e+00 5.952889619244532469e+02 8.638499271375255972e+00 1.354552643114932607e+03 1.307107902229934204e+01 8.240620026830634970e+02 2.434694721923665952e+02 0.000000000000000000e+00 0.000000000000000000e+00 5.761657292545711471e+02 0.000000000000000000e+00 2.176969388807265915e+01 0.000000000000000000e+00 1.865692601136616346e+01 4.613497121209802572e+02 1.093875389361616257e+01 7.663794212564007466e+02 1.259207577937626866e+03 5.713429929435360766e-01 1.022151239713488451e+02 2.034332959334797692e+02 2.948423422874183757e+02 6.614108050932216543e+01 4.113432770139877448e+02 1.532845165309913966e+02 1.960739184650550859e+00 1.773339222651695991e+03 5.928195226982703616e+02 2.858709228381903600e+01 4.367564549744067648e+01 9.781058802245096331e+02 5.636009280667120720e+02 1.092725397203466855e+03 1.293364634747759965e+03
0.000000000000000000e+00 5.694962026335887231e+02 1.494306603963175121e+03 2.609976249763651523e+01 4.723210672683828761e+02 2.198092974408158113e+02 6.212260804865119326e+02 4.458417012917907982e+02 5.336563944102151424e+01 8.014770562617565020e+02 2.395783237863477666e+02 1.756850515036992192e+03 1.697104237949432957e+02 6.394149390107778572e+02 1.068213787054791339e+02 1.513870928688950634e+01 3.684264640075352304e+02 2.649230461812393855e+02 1.623446780523803227e+03 1.027743582161239431e+02 0.000000000000000000e+00 5.097363305280936174e+02 1.540486860053672217e+03 5.837598222871069993e+02 7.601238419341598274e+01 5.529927921998177842e-01 1.556500142470097501e+02 4.364574104161326886e+02 6.263665598101035812e+02 8.972673397363834056e+02 1.279030322951263997e+03 3.068910120381735052e+00 7.861692664477072867e+01 2.096088637264105898e+02 6.739801547467714045e+02 0.000000000000000000e+00 1.203955128123539907e+03
0.000000000000000000e+00 3.878158162598421388e+00 0.000000000000000000e+00 0.000000000000000000e+00 0.000000000000000000e+00 0.000000000000000000e+00 0.000000000000000000e+00 0.000000000000000000e+00 0.000000000000000000e+00 0.000000000000000000e+00 0.000000000000000000e+00 0.000000000000000000e+00 1.082884629378330601e+03 1.505825223082961486e+02 2.395889843498407004e+02 1.613481150890545450e+03 2.340757003540317385e+02 1.437299610617068765e+03 1.529112256042429863e+03 9.954190744200386121e+01 1.591133382400406617e+03 4.959675056922912972e+02 4.679966881207155893e+01 0.000000000000000000e+00 2.329169525082359087e+02 5.482991308605202221e+02 1.180618430582311973e+01 4.791661009886843203e+01 0.000000000000000000e+00 0.000000000000000000e+00 2.478847007702626470e+01 0.000000000000000000e+00 0.000000000000000000e+00 5.051938344444578775e+02 5.288143688321172249e+02 3.626757637611518135e+02 3.334218101193440753e-01
0.000000000000000000e+00 7.478593049863847853e+01 0.000000000000000000e+00 0.000000000000000000e+00 0.000000000000000000e+00 0.000000000000000000e+00 0.000000000000000000e+00 0.000000000000000000e+00 0.000000000000000000e+00 0.000000000000000000e+00 0.000000000000000000e+00 0.000000000000000000e+00 6.897247331182856933e-02 0.000000000000000000e+00 3.246420128190652399e-01 0.000000000000000000e+00 0.000000000000000000e+00 0.000000000000000000e+00 0.000000000000000000e+00 1.035533076275258324e+01 8.909677288451754293e+02 7.833073954328459365e+01 5.232367380367146659e+00 4.220767594308484263e+02 5.445764405005436402e+02 3.883068188852384850e+01 3.248920949925648642e+02 5.046199687625168906e+01 6.851469992868718464e+02 5.468980944703295544e-01 4.864916419783478432e+02 1.740056445438290211e+01 9.179991461505522921e+02 8.458277331812706734e+02 6.486422787868201034e+00 1.463048860308656458e+03 0.000000000000000000e+00
0.000000000000000000e+00 3.805663115124858109e+02 5.309609520653216350e+02 5.937359329255768898e+02 1.225423189560218361e+03 9.036153721989184362e+01 1.294939044484115129e+03 5.648605068457743933e-03 1.169556436999020434e+03 1.402860155926082371e+02 1.775002801321624020e+03 3.201831035930174494e+02 8.025681578447343156e+01 1.025693794301696926e+03 3.462286539936078498e+02 1.704853258212427590e+03 0.000000000000000000e+00 0.000000000000000000e+00 1.724886887984667522e-02 1.258461502352886100e+03 2.743110469912438703e+02 2.266174741152478305e+02 5.512357096374470302e+02 1.204475726625529930e+01 0.000000000000000000e+00 9.653134907974892087e+01 9.027172363518601514e+02 5.750075813577505812e+01 3.007648386273070074e+00 1.634228378747193489e+01 4.034819685739421971e+02 7.640584820054369857e+02 0.000000000000000000e+00 0.000000000000000000e+00 0.000000000000000000e+00 5.374541389829580567e+02 1.431397853527366926e-01
0.000000000000000000e+00 1.227736116489282239e+02 9.636526375966666391e-01 4.288785236865688830e+02 4.456205165176262994e+02 8.675234141469400129e+01 1.477397402151089409e+03 0.000000000000000000e+00 4.715566989409331882e+02 3.368382529960155125e+02 7.131581388054992203e+02 1.420725822594383772e+02 7.692186012286363166e+02 1.051847790777897444e+03 7.305409732219310399e+02 8.668512089192607846e+02 1.526864281911985302e+02 4.797429847109937668e+02 3.694665945556423594e+02 0.000000000000000000e+00 0.000000000000000000e+00 1.043618727962205639e+03 9.525083615619102773e+01 3.468769070314563692e+02 1.367716622946536972e+03 2.008136843257556450e+02 1.762443270289000793e+03 5.960001698234216292e+02 2.181168754992201571e+02 4.892305591437852996e+01 0.000000000000000000e+00 1.200115531771455835e+03 1.372147196289656904e+03 6.515586606976665962e+02 1.207219686174684284e+03 6.791980632570568388e-02 1.667346969767090059e+03
0.000000000000000000e+00 4.989214005198005283e-04 4.371594222229365639e-02 0.000000000000000000e+00 8.686976243889132547e+02 4.421203754800670538e+01 1.058005139577576301e+03 0.000000000000000000e+00 1.873622068473254103e+02 0.000000000000000000e+00 8.267214413992167010e+01 8.052704561612674894e+00 2.568300669318664404e+02 7.136910138425034802e+02 4.308581395878486806e-03 7.911701930490519885e+01 1.431836761581944906e+01 1.167793841776083354e+03 0.000000000000000000e+00 6.937803639033054424e+02 0.000000000000000000e+00 0.000000000000000000e+00 0.000000000000000000e+00 0.000000000000000000e+00 0.000000000000000000e+00 0.000000000000000000e+00 0.000000000000000000e+00 1.087334923121775265e+00 1.269275858215036194e-03 3.350027685642580764e+02 1.308697279917642618e+03 3.673669003855391111e+02 5.614315348841512332e+02 1.711759643479655892e+02 0.000000000000000000e+00 6.917966797106611239e+02 0.000000000000000000e+00
0.000000000000000000e+00 5.435629429363318650e+02 4.634343786803717080e+02 1.384011067462178971e+03 0.000000000000000000e+00 6.460174568202181611e-01 2.717567733019590150e+02 5.826526448492122654e+02 1.719727431547770413e+00 1.069944390031598459e+03 1.456849610969930779e+02 1.807042241106065887e+02 1.018715410542541377e+02 1.294491183173709260e+03 1.196483517843519309e+02 2.484958012915343488e+02 1.014714762366797771e+02 1.439300594293262066e+03 3.601424884758939129e+02 1.779212760565354188e+02 4.696959309626488022e+01 7.033103749873499737e+02 0.000000000000000000e+00 0.000000000000000000e+00 0.000000000000000000e+00 0.000000000000000000e+00 0.000000000000000000e+00 8.431032928427440538e+02 3.959398784195951748e+02 3.424776846344692038e-01 0.000000000000000000e+00 0.000000000000000000e+00 0.000000000000000000e+00 3.090518951101072897e-03 1.595234139348264648e+02 1.331714785012176208e+02 9.228421011179491762e-01
