output/example_1/lateral_incision_000399.asc
nrows	75
cellsize	13.33333333
xllcorner	0
ncols	75
yllcorner	0
NODATA_value	-9999
[rows 51 to 67 of 75, columns 37 to 73 of 75]
0.000000000000000000e+00 5.463915849530250171e+02 2.034445739558536026e+00 1.314245161113819904e+03 0.000000000000000000e+00 9.228671246321117678e+02 1.017123732036871502e+03 2.117443813537998722e+03 7.265259113217929610e+01 4.836740614241718528e-01 1.058224332511679080e+02 4.728655298802635230e+02 1.155282385209480935e+03 7.262158649974641094e+02 1.075569810508483897e+03 6.251536975448499511e-01 1.040919015753824169e+03 4.793028224793073377e+02 5.890563925609192211e+02 0.000000000000000000e+00 1.215723656428783670e+03 0.000000000000000000e+00 1.132106706732988641e+03 1.865230820755181185e+02 4.100638539358656964e-01 2.707714799094153690e+01 1.618293188007233994e+02 3.497034952699625610e+00 0.000000000000000000e+00 3.214117645298907746e+02 9.639026125328510943e+02 6.578817258081056707e+01 3.606389715941847385e+02 2.463572886508123361e+02 1.014297009337016334e+03 1.096354196488754695e+02 9.752385567237849955e+02
2.952290466403987921e+02 7.943045612366123578e+02 1.285027202458401234e+03 4.230307807461920788e+02 1.356555340539374654e+01 6.761424402107541027e+02 1.270737486960973968e+02 0.000000000000000000e+00 1.196821016500614178e+03 5.803042113862321685e+02 1.242853256068636547e+01 1.334281000590160374e+03 1.706907970587342561e+03 1.753895494766042020e+02 6.882585427095754271e-01 1.031826967955705413e+03 6.872901660375919164e+01 4.394814948103606866e+02 2.486436453393795603e+02 4.959180635348616875e+02 2.651030600639085151e+02 8.946238076691538481e+02 1.327763153539843643e+03 1.225317492720989549e+03 1.857509731561401978e+01 1.074807602164264154e+03 0.000000000000000000e+00 4.536615289259361816e+02 5.507342096149092185e+02 3.517095512538566737e+01 3.707682420048682275e+02 1.672374843537843390e+02 1.743589363400100467e+01 9.890818451730365268e+02 7.210707747351750641e+01 4.054100305302518450e+02 9.311037066531274604e+02
8.165739115846793084e+02 6.858652146547809499e-05 4.950304414692308086e+00 3.322195851341038519e+01 3.624720949444564866e+01 1.469533826579405968e+03 7.042868014646610497e+00 7.008061086756574298e-02 2.902140125690070249e+02 3.211723470449431375e+02 7.281807479816740170e+02 1.029107741889552230e+01 1.340254697434372019e+03 1.434173096760310727e+03 0.000000000000000000e+00 9.006397600776550050e+00 5.404237980424561556e+02 9.239353275818743549e-01 7.189753814894107791e+02 0.000000000000000000e+00 1.833813273207391035e+02 2.500048113171290165e+00 3.276382692435088870e+02 8.742282330383716271e+02 0.000000000000000000e+00 5.339407213877436220e+01 7.902150348345754765e+02 7.973493668222814676e+02 1.917978660748094200e+00 6.246206671484309858e+00 3.147888145616440170e+02 9.103929615209814301e+02 6.545183844702384590e+01 0.000000000000000000e+00 2.466255442689972313e+02 4.078754233927302266e+02 3.589810982083298541e+01
3.626239120078146860e-01 9.139918279428949290e+02 5.183479884300693357e+02 6.829517464477540898e+02 2.569951165174490626e+01 8.966070182338580707e+02 5.590163512141662068e+02 1.167209449146685607e+01 2.335719730115761479e+02 6.302366577054542951e+00 1.050086411169802432e+03 6.916454180908885974e+02 8.852855495415494147e+01 9.249619748057588140e+02 7.056004046263183227e+02 0.000000000000000000e+00 6.006481544296221955e+02 2.813215938495656232e+01 3.035909007278255558e+02 5.474608239061766426e+02 2.389441508043961804e+01 9.581691889371251136e+02 1.278128711520411258e+02 2.756099544225810405e+02 0.000000000000000000e+00 0.000000000000000000e+00 5.102742933702815549e+02 2.531053194685584984e+00 5.914214813134825732e+01 3.490100754311827700e+02 1.439358461141026510e+03 3.256118321542628702e-01 1.454301797442151610e+03 8.294079532764790201e+02 1.211354306225009658e+01 4.685459867688418285e+02 1.204097565984307561e-01
2.419155692340095243e+02 6.797507067683511650e+01 7.460280845510517622e+01 8.784113726524501544e+02 2.584362008016158896e+01 1.341222320587475906e+03 1.777621137820203856e+01 8.148540396911024573e+02 3.100490533481911726e+01 0.000000000000000000e+00 4.973811379729329296e+00 1.620070824052436819e+03 3.918317512157794908e+02 1.157801829246388081e+02 1.426681984127327723e+03 1.407321229913599836e+03 5.175616859252056834e-01 2.432152630475460171e+02 1.484203054502296197e+02 1.450092793077840838e+02 4.029974510643149870e+02 5.813639713062982537e+02 1.772073040266486821e+00 1.094345027014021298e+03 1.058819463414481561e+03 2.823698757216641653e+00 1.351525746727838623e+03 4.821420782803745055e+02 4.913022514669925300e+01 1.229142814837228343e+03 1.934406798128672555e+00 7.148761864804517927e+02 1.247920264975891314e+03 7.162407319793726401e+02 0.000000000000000000e+00 6.859925285802764847e+02 3.772177614417965685e+01
9.782405881032181014e+02 2.759624429724620298e-01 8.247771963235182113e+01 9.980997205313193490e+02 5.937764685978586954e+01 2.778167810659341512e+02 0.000000000000000000e+00 9.148885494392557121e+02 0.000000000000000000e+00 6.067499635712615600e+02 2.351408597580470494e-01 6.494709362481646622e+02 1.395784340829122357e+03 1.468144331568029656e+03 0.000000000000000000e+00 7.887671448178439277e+02 9.796205052971711211e+02 6.693161497526511994e+02 3.491309771764044445e+00 2.765275514854015455e+02 6.857428622679808541e+02 6.015993374677553618e+01 6.881597286792041359e+02 3.423337650304204658e+02 5.010322763554004268e+02 4.266083502058319255e+02 7.859296756284820162e+01 0.000000000000000000e+00 1.288704799750376822e+02 8.040273743637613713e-01 3.472413207325846543e+02 2.933022245964914987e+02 0.000000000000000000e+00 9.508261285014250461e+02 0.000000000000000000e+00 5.545529445169031533e+02 6.261179337342886697e+01
4.425880530568332460e+02 1.877975830660628560e+02 1.392132565371190140e+03 3.952054301348738932e+02 4.265086423873909638e+01 5.755247273658684435e+02 6.042417139920236195e+02 5.254610580674483344e+02 2.565208684805652979e+02 5.396592192700028079e+01 4.536779738187315161e+02 1.307428062834521597e+03 5.750556850217760712e+02 3.936626729463515630e+02 0.000000000000000000e+00 6.799688664059284520e+02 9.019923534338635136e+02 6.595455864109806043e+02 6.368724151981435853e+02 2.145130097296909071e+02 1.281415180643115718e+03 8.596941224473216892e+01 6.984384923350875169e+02 0.000000000000000000e+00 4.577558567179755755e+02 1.397175438242956488e+03 0.000000000000000000e+00 0.000000000000000000e+00 1.728459112920772256e+01 3.947449565209049638e+01 0.000000000000000000e+00 8.383916878265051764e+02 1.866724211140539467e+02 4.755760412957573635e+01 5.714779947354850265e+02 2.828274553898446015e+02 0.000000000000000000e+00
0.000000000000000000e+00 9.707938744142960275e+01 1.540808170671617283e+01 1.345530065699537772e+03 6.138413899679091656e+01 2.729369035741053722e+02 1.683480672833802316e+02 1.806258005011040950e+02 4.181972838615731121e+02 0.000000000000000000e+00 4.493419644972869946e+02 6.948614777970859677e+02 0.000000000000000000e+00 1.556425147618642313e+03 1.430257120659930195e+02 4.313331846446749829e+00 0.000000000000000000e+00 4.110694063284722688e+02 9.664690349881818747e+02 1.356733209777638649e+03 5.057229786524606752e+00 3.416534823680926252e+02 1.301277911384573372e+03 0.000000000000000000e+00 1.069815574064859220e+03 4.163019307043374084e+01 1.104270510892517223e+03 3.113596824192605936e+02 5.925861590838914228e-02 7.152747248440738304e+02 9.997790532980593525e+02 2.877409911711949349e+02 6.189685017017811788e+02 4.597238137221748957e+02 0.000000000000000000e+00 1.197729649141193704e+02 1.868092765907130968e+02
1.574052840782283056e+02 9.821896211319508438e+02 7.760047712613264537e+01 5.893223716211090277e+02 2.516893154347244987e+01 4.012036019652754817e+02 6.439283010287095976e+02 2.927694185096822252e+02 3.075545101768242375e+02 6.025246034353132529e+01 1.055647872658241340e+03 1.222979720764911235e+03 2.005735194899688452e+02 1.115782460703467365e+02 1.094884147822343948e+03 5.612998135231592300e+01 4.950925880103393979e+02 1.037561658142002159e+02 2.408852434434103600e+02 2.149612542745655333e+02 0.000000000000000000e+00 6.157345076298404365e+02 7.285391432906989451e+01 1.304757431133242335e+03 1.337884805719290625e+03 1.812913426334133771e+00 1.486128884666542717e+03 4.617693970486293438e+02 1.506244198297536741e+03 2.810121532811983069e+00 8.092549138040789103e+02 0.000000000000000000e+00 3.916895099850177697e+00 2.312669911288888613e+02 9.041110583126598499e+01 3.261760470467370396e+02 3.273418617427699928e+02
2.401870835046707100e+02 1.366285142573246389e+02 4.760470331391580316e+02 6.024116528417636118e+02 0.000000000000000000e+00 1.507689889847066070e+03 6.693060996941126177e+02 1.940075148534648575e+00 1.368078709659603419e+03 3.075141971432278751e+02 1.120760413730120746e+02 1.144084001296748312e+02 3.204875316072544251e+02 9.151907368390595821e+02 1.586119155414652141e+03 1.440471964717700303e+03 5.653100447437064702e+01 0.000000000000000000e+00 2.000803607833261424e+02 5.423372371642835077e+01 0.000000000000000000e+00 9.676943130254777259e+01 0.000000000000000000e+00 1.647560053742124637e+03 2.042863594335947539e+02 1.151617933388780131e+02 1.047014229222273343e+03 7.754644061690495960e+01 6.354705019372884180e+02 5.942933568874493631e+02 1.430976723381099980e+01 4.083759267741243093e+02 1.421356578860835725e+03 5.279058543712609186e-01 4.496343529387461331e+02 1.263121520902558814e+03 1.391280357887754917e+03
4.568784783083263505e+02 3.829805230536890690e+02 6.204650582744286567e+02 3.920517447229886443e+02 7.831855917716278981e+00 6.054194918657467497e+02 7.212051603706795788e+01 1.518481859643752685e+01 4.437207042692542700e+02 5.864839853298036587e+02 0.000000000000000000e+00 1.105248790100383076e+03 5.970654616358347084e+02 1.492825434641868831e+01 1.515264522211720646e+02 0.000000000000000000e+00 9.258301237878223446e+02 1.213588255517213611e+03 3.264144731117426090e+02 1.193309362870633379e+02 1.279610768513053245e+03 1.852324334200224712e+03 1.601496365488646006e+03 1.063365242546467186e+02 1.369142895281970823e+03 0.000000000000000000e+00 5.751957093590348080e+01 2.769898933983293787e+00 2.590159213501356916e+01 1.692964126561773355e+03 8.571260282746750363e+02 2.148941301195010922e+00 1.344776171206742958e+02 3.101007759135328001e+02 3.793497815332773371e+02 7.245507082996043664e+02 8.726395500100541369e+01
4.175219195826666407e+01 8.579647057192910324e+02 1.612497009031395464e+03 1.266420323722234571e+03 7.069043701833437332e-01 3.177334563697799581e+02 6.563986264949966198e+01 2.996704769444386685e+01 1.107304825504120799e+03 7.433050073165773028e+02 3.268923546015489023e+02 8.965582797906279211e+01 2.911890274370986731e+02 0.000000000000000000e+00 3.937637184723004111e+02 5.423200961429083691e+02 5.524018810011027654e+02 1.493112836289376446e+03 1.350646122971662066e+02 1.231096327529015184e+02 6.480430137481124575e+02 1.199489880434741963e+03 1.373122425767597576e+02 1.123978623454487888e+03 9.698212683163623069e+02 1.160760944902639125e+02 6.807987234123228291e+02 1.744614863383834518e+02 1.278288337567341387e+03 8.235340145516806842e+02 7.434035236142543681e+02 0.000000000000000000e+00 1.393274073226245264e+03 1.904414532610196034e+02 2.520744396450423892e+02 8.812279783654618086e+02 0.000000000000000000e+00
4.846123190172691864e+01 1.674271429918793501e+02 1.566576395804012463e+03 0.000000000000000000e+00 4.965605252072573990e+02 7.211416983284287880e+02 3.626216559887444646e+02 1.672990661009815767e+02 6.222029822077884091e+02 6.982154677642648188e+00 1.305702792452681251e+03 5.382144439595564336e+02 5.092692017605155002e+02 7.277027627475756617e+02 5.403534839302741375e+02 5.318501486134287006e+02 1.207660241024424721e+02 1.363237097905441942e+03 8.706939945736413833e-01 7.959998684476083781e+02 3.737332867790764226e+02 6.000443246348968529e+01 1.189969633642106828e+03 1.657277478673274800e+03 2.368649442334468063e+02 1.675036280562108288e+02 4.394312195713534379e+02 9.501357601767404049e+01 0.000000000000000000e+00 0.000000000000000000e+00 3.365467456965959281e-01 7.688863525299562980e+02 1.982698378971204818e+02 1.552589170676725871e+03 1.081440614278276691e+01 4.801272783659229759e+01 8.362185772601534381e+02
1.534367501054310310e+02 4.294364230758966414e+02 3.224329082666956481e+01 1.529533903199778251e+03 0.000000000000000000e+00 6.665402582034419154e+00 1.426649434887473367e-01 2.544308222776387254e+02 3.503810825619032698e+02 4.175268787809883406e+02 5.785482608826647493e+02 1.577243713215934520e+02 7.387569726250997064e+02 4.212521669007584251e+02 8.341706089586016333e+02 2.990302119721004601e+02 6.777491969136837824e+00 3.332874504979786252e+02 2.244630317137719899e+01 1.180302075206878271e+03 1.000761312523244328e+03 1.798691750555506701e+02 1.583549386995146733e+03 8.183718210448274704e+02 8.274470246886671703e+02 2.497896643516445749e+02 0.000000000000000000e+00 3.167713974934233079e+02 1.251330643101264968e+03 0.000000000000000000e+00 4.156323923901207307e-01 1.159750501329253211e+03 7.833117162945248992e+02 1.044401305137455665e+03 0.000000000000000000e+00 0.000000000000000000e+00 5.331817576835005639e+02
3.206166999234054060e+01 1.655146428520755941e-01 2.100305174322093649e+02 1.043556808595654502e+03 2.566974937499548659e+01 1.713962910281244149e+03 6.800689904510828683e+02 1.157003933895700727e-02 1.096272399858611152e+03 7.804891944057048931e+02 6.214625639965805703e+02 9.549522858020338845e+00 1.316036815198195427e+03 2.420906989675141290e+02 4.688807564327145627e+01 1.980768161339602216e+02 0.000000000000000000e+00 6.777886713705676129e+02 0.000000000000000000e+00 2.991105574596382439e+02 6.885267288066356741e+02 1.784608794963928915e+02 9.160667464099941526e+01 5.098084880637640737e+01 6.286161246953362252e+02 9.673111983159221836e+02 6.680761525386296853e+02 1.334892053290436252e+03 8.662635565031477469e+00 1.860365832594013398e+02 1.450790761063691207e+03 0.000000000000000000e+00 1.143237927910060080e+03 2.531238095110536506e+03 1.009746156705659587e+03 6.757459186376958087e+02 5.760643878305667442e+01
6.736963661719760239e+02 0.000000000000000000e+00 5.440916574515788540e+01 3.024811652567812104e+01 6.233612712019711353e+02 4.646509412714755740e+02 0.000000000000000000e+00 2.715507642906296226e+01 6.368280012311879545e+02 5.119166972705507987e+02 3.629156805553394065e+02 5.770652237655431236e+02 6.482399972242300237e+02 0.000000000000000000e+00 6.894385651027125732e+02 2.456415928845457870e+02 1.722349970986363701e+02 2.979537288102345087e+02 3.119678153771985407e+01 1.498480541432896729e+01 1.109294806906008489e+03 3.427155484962469245e+02 8.694532040139117157e+01 0.000000000000000000e+00 4.610414463934082363e+01 4.516105415630383959e+02 2.985056239344578444e+02 4.016763260151395087e+01 1.678996659767218716e+03 2.774460069505834667e+02 8.714528882846733495e+02 1.246520398236648361e+03 9.825662622320059825e+00 1.399061420393853950e+03 2.201043189884216531e+02 1.106824788463982031e+03 3.420271134385974392e+02
5.684162853379740454e+02 4.191754795544401446e+01 9.167688459805606271e+02 5.563223417859946096e+01 2.886305830251093596e+01 2.873803126755380966e-01 4.497567823335255071e+02 9.700812451742771145e+02 3.931508023408856745e-01 2.600647790387650957e+02 9.445572468639331873e+02 1.946024243980914434e+02 7.544417550949117590e+00 1.128382286904418947e+02 2.337144264695612605e+02 3.067587283969772329e+02 4.787621876549243893e+01 7.775735573658626265e+01 5.297213255895454864e+01 7.202212169271996345e+02 7.760302272831427484e-01 1.167409843957986970e+00 1.261181802091751969e+01 2.676577069646228892e+02 3.404780142155481570e+01 2.505670527435183317e+02 5.233293775892027266e-01 3.048217007091932942e+02 6.437278079902387162e+02 1.388875023912719371e+02 9.316506720487865323e+01 1.655157948027095244e+03 1.262628150957278876e+03 0.000000000000000000e+00 1.023048819786886792e-04 1.007688708423596722e+03 1.862979496745369659e+02
