output/example_1/lateral_incision_000147.asc
nrows	75
cellsize	13.33333333
xllcorner	0
ncols	75
yllcorner	0
NODATA_value	-9999
[rows 17 to 33 of 75, columns 0 to 36 of 75]
0.000000000000000000e+00 8.151227766284015388e+02 1.732017526013256088e+02 3.879833760380642360e+01 1.881487510696597454e+01 0.000000000000000000e+00 3.866105221645935330e+02 3.334986928917927003e+02 2.415205915672950621e+00 7.200111891197157377e+01 5.541778587203783673e+02 5.937895663222678877e+02 3.243917779738094396e+02 5.017691940094137770e-01 1.269149032477433366e+03 1.633280773540163864e+03 0.000000000000000000e+00 0.000000000000000000e+00 5.643032586893392590e+02 3.744854639914539689e+02 1.920263402476335557e+02 2.632269563124568776e+02 5.848612417637651788e+02 3.256041717024655782e+02 9.563174033160257181e+01 3.602129218603923277e+01 5.775991806812061924e+01 6.957359973955317400e+02 3.301575151435796442e+02 7.083391978826718969e+02 0.000000000000000000e+00 2.995957420834684513e+02 2.014445628708460764e-02 1.109174996268526002e+03 1.084415015250450097e+03 9.176329420867286757e+00 2.723647987601508476e+02
0.000000000000000000e+00 0.000000000000000000e+00 0.000000000000000000e+00 0.000000000000000000e+00 9.176887270250158508e+02 1.066592710172467150e+03 1.626521751213422462e+01 1.310243368452163004e+01 9.103508338945339347e+02 4.111336295729071821e+01 1.342655564181372938e+03 2.445166063370370679e+01 0.000000000000000000e+00 1.141064430705102495e+03 4.952211668586348310e+02 1.109425643210347896e-04 0.000000000000000000e+00 0.000000000000000000e+00 1.668045719612985067e+03 4.965594919526860735e+02 9.500482814514216443e+02 8.684792676776389442e+01 9.376363418347352097e-01 2.876538327457111563e+02 1.166729410345739204e+01 3.510315643103076582e+02 7.380222650024051063e+02 0.000000000000000000e+00 0.000000000000000000e+00 2.332593492641088773e+01 5.665335977607492168e+01 7.150438990574526770e+02 0.000000000000000000e+00 0.000000000000000000e+00 0.000000000000000000e+00 2.342543619358233400e+02 4.063988256679105149e+01
0.000000000000000000e+00 1.029179439366676888e+03 9.263496290016948933e+02 5.159229910649313524e+02 5.843232319407356545e-01 4.420958364538286105e+02 3.429252051402662005e+02 7.119641803272624081e+00 9.156204260029339821e+02 0.000000000000000000e+00 1.182409012991755390e+03 9.773170259648831006e+02 3.102335762448686296e+02 4.815837923417938100e+02 2.855796832561621557e+01 1.484911464021588472e+03 0.000000000000000000e+00 3.738003141165882059e+00 9.884109737284671837e+02 3.467520662061069743e+02 7.574091874033632621e+02 9.185327830685758954e+02 2.011941914595889003e+01 1.003876968938545247e+03 9.720490415085365612e+02 2.800105820756413166e+01 1.141606154053820461e+02 4.824696038701650878e+02 7.902877256221955804e+02 9.231801647642636226e+02 1.791157838027777771e+01 3.869187414756336238e+02 1.032740066252823453e+03 0.000000000000000000e+00 4.939018840975326441e+01 8.783201763024787851e+02 9.463654133852114683e+02
0.000000000000000000e+00 3.268270466817472766e+02 1.973811642670307842e-01 1.133766657382245285e+03 4.761524856904269996e+02 1.172652878824500931e+03 5.559611631459787304e+02 1.022056395390278908e+03 3.316996409710205285e+02 1.066558096022430618e+03 7.006105265126357153e+02 3.676777137281077330e+02 4.454833325066683756e+02 2.472578460581777335e+02 1.057990002309150270e+02 5.065110479969052335e+02 1.187374520071884263e+03 5.566669317638120447e+02 4.216978703324704014e+01 0.000000000000000000e+00 1.054760529809906089e+01 1.164205066702271324e+03 2.497634201975844803e+02 1.347441869899978713e+02 4.289773290214695862e+02 4.021348757829815668e+02 1.108123190563818206e+01 5.574269091709487256e-01 2.028865647526560849e+02 0.000000000000000000e+00 3.869414128711996455e+02 4.360742927556152182e+01 4.808238684148104767e+02 1.278206543319485263e+03 4.455621660209353081e+02 1.693148596823087493e+00 1.677520941905431982e+03
0.000000000000000000e+00 0.000000000000000000e+00 1.233808607341664356e+03 3.941371269864197302e+02 1.746604519659298944e+02 2.330522488054896826e+02 3.990150073330267055e+00 3.308411461828370648e+02 6.635869673894542302e+02 6.860531445980311673e+02 3.000413751677450591e+02 9.355977018652232857e+01 2.145351565990527831e+02 1.262179728022440713e+03 2.669639729022639241e+00 1.366944570143384396e+02 8.932750421688588176e+02 0.000000000000000000e+00 8.212662156568570904e-01 1.735137717589353542e+03 9.936644498047393199e+02 2.025151758725824536e+00 2.301802008570897229e+00 3.356057187877711385e+02 1.836533705543087933e+02 5.399572060924819006e+00 8.880212160022999797e+02 1.459292184789872104e-01 1.830851383319325620e+01 4.200736328246621838e+02 5.429959549483061920e+01 2.169609677735803928e+02 2.642889163454773893e+02 1.585890949725142264e+03 0.000000000000000000e+00 2.968785675395409385e+02 6.578518403125778491e+01
0.000000000000000000e+00 4.114705741114160560e+02 1.087014566562738764e+03 7.527111194553264113e+02 8.347032134405543502e+01 7.569005086517065592e+02 8.813125378611663336e+02 1.468305258815112868e+00 8.118193317696138820e+02 9.918138206923836719e+01 8.934619286107857761e+01 9.454126618326181415e+02 1.086177849633486261e+02 1.675952769675016043e+02 6.399743560210793270e-01 6.680727007352356850e+02 7.898188759757462094e+02 2.088536052830821745e+02 5.073895352438781288e+02 1.048301464596824850e+01 8.239720564724315182e+02 7.860441087475646782e+02 2.731315148150760592e+02 7.462627923303938537e+00 2.031801777540943821e+00 8.851802805136761663e+02 5.753984899663973920e+02 6.419162631014576625e-01 4.573368568266347438e+02 6.393538227338170827e+02 0.000000000000000000e+00 2.354182803753780036e+02 2.196247297147911013e+02 0.000000000000000000e+00 7.125638386404707489e+02 7.426662313949447025e+02 3.298141064307149577e+02
0.000000000000000000e+00 6.607349844951586419e+02 1.140854552350489712e+03 1.213956259644313832e+03 1.506409973615537297e+02 4.638762748648627365e+00 3.983731766076099348e+02 1.408036409991983540e+01 8.126222540493083457e+00 2.675353614200815924e-05 8.154039362519407419e+00 1.060776730653623190e+03 9.309531074303066589e+02 1.901511701257486777e+02 3.042305605505246717e+02 1.175859676294553680e+01 7.418138971493553413e+01 8.927372221214101273e+02 1.390156795219013475e+02 1.897200661778349584e+01 8.219299450387441084e+02 6.398001638707811480e+02 6.444421163244604713e+02 8.575374471441130027e+02 1.916360366114694003e+01 4.835266347677725207e+02 6.375042479540815599e+00 0.000000000000000000e+00 4.830453254698229557e+02 1.427748655363032412e+03 0.000000000000000000e+00 1.181395021188993724e+02 1.581806442712778335e+03 4.913885755636434283e+01 1.874016645107178647e+01 1.779861656537616810e+01 2.131814682360001711e+02
0.000000000000000000e+00 1.407764551439072420e+03 8.358011318919675432e+02 7.880503193815447958e+02 7.977420399690215618e+02 0.000000000000000000e+00 6.086427971095374687e+02 6.565574081677721097e+01 9.175293624575760987e+01 0.000000000000000000e+00 0.000000000000000000e+00 4.585068165442059467e+02 8.846108289523105839e+01 1.019770567838824782e+01 1.784753761552515805e-01 1.307300000186821478e+02 6.328665829727684695e+02 1.955563333809048174e+02 9.574738236403090923e+02 1.677493555147119082e+02 6.527694403700689918e+02 5.427868164847564003e+02 1.203364192969641636e+03 1.355530827749828632e+03 1.077916884668841021e+03 9.309280996154768673e+02 7.041398156997809110e+02 1.150259937945144273e+01 6.543660200617681388e-01 8.513312125195265025e+02 8.289909276976251249e+02 6.806408782315781991e+02 3.661258921802883606e+02 9.017294142267489860e+02 1.291497496342698469e+03 7.020181780331600407e+01 9.918795348080045642e+02
0.000000000000000000e+00 0.000000000000000000e+00 4.975116578978985515e+00 5.789520782202479410e+01 9.486122480429297354e+01 0.000000000000000000e+00 3.545657505375877427e+00 2.675964716577696549e+02 6.348021341693747672e+02 1.997301271341599183e+00 1.223867793396037342e+02 1.921963533973052165e+02 0.000000000000000000e+00 1.397670489781146443e+02 0.000000000000000000e+00 8.816577220590282877e+02 3.638254336001381262e+01 4.342175490747947038e+02 1.519187411201950511e+02 1.749379577939355954e+02 4.686948417832881120e+01 7.296303969036032413e+02 9.693659754231897523e+02 1.974039136894685100e+02 8.505058897376817129e+01 1.591210324797915465e+00 0.000000000000000000e+00 5.292132925824089398e+02 8.893766956676861355e+02 1.772288719524572116e+02 2.169707776489622404e+02 1.195592930310018573e+03 2.557606887663600332e+02 5.847715470198750154e+02 4.365838809415036081e+01 3.838193614250686210e+02 1.902329581757509516e+02
0.000000000000000000e+00 1.386143892313199785e+03 0.000000000000000000e+00 1.477789866746022426e+03 0.000000000000000000e+00 1.601480992151417411e+02 1.027050411172310760e+03 1.053680237278114646e+03 6.123419359590786826e+02 8.661233906688341904e+02 3.208347476479849547e+01 9.764126512721743723e+01 8.887706134272576719e+02 4.826069508628409466e+01 1.857512720548441365e+01 1.120169915453729573e+03 7.598566883515442214e+02 5.852779034106224572e+02 1.005312149487798905e+02 1.647201897286054873e+03 8.971062782327471723e+02 1.173354663256411783e+02 0.000000000000000000e+00 6.678062622573058604e+01 2.769138145831965971e+02 3.390088401429169380e+02 6.377771641754764005e+02 2.568075131604856054e+01 1.515975153630979289e-01 1.961588130875328488e+02 1.430800150986047129e+03 1.543042702448446732e+02 1.173955754414015118e+00 9.193144147063644596e+02 2.919392862936705342e+02 1.732468488009664611e+02 5.645100404222612056e+00
0.000000000000000000e+00 1.922184552773411781e+02 1.054582509959178509e+02 8.797081721642034324e+01 1.092913405903531839e+03 1.193514390361384812e+03 1.276189904244718264e+03 1.500811321867651316e+00 8.627505454194613321e+01 0.000000000000000000e+00 1.182071901972113714e+01 4.624666848558317724e+02 8.831166992775828248e+02 7.248712237531582332e+02 1.862002145042018597e+01 4.271542888635751183e+02 4.731937529357311973e+02 7.661305600974667414e+02 2.565887276892845534e+02 1.216445570558368239e+01 3.998387889372721133e+02 4.188238887863423656e+02 3.913308142712505173e+02 4.807208855027942462e+01 3.451232017873293589e+00 5.242300129441620271e+01 3.278573770012919795e+02 1.321117310267417224e+02 9.618163363681134781e-01 4.624104640925827425e+02 8.727315311296094933e+02 1.086122019443195086e+03 1.606581016999522049e+01 1.057865371749943961e+03 1.261086605013410065e+02 4.765499009164953748e+01 6.442787364763191817e+02
0.000000000000000000e+00 5.861603543512088343e+00 1.254522574340906971e+02 5.232017234734325228e+01 7.865669216058878987e+01 5.255821531227284993e+01 1.568252272895070405e+02 6.278256898954051621e+02 5.880161256606337616e+01 3.791107491375189511e+02 2.798473703176827954e+01 1.985038873271638860e+00 0.000000000000000000e+00 4.073333490522023226e+02 6.718407098422766239e+02 8.925480162248213674e+02 4.038891816312602714e+02 6.240067662800437347e+02 4.596071111996518965e+01 4.936152155066359910e+02 7.168822289417652200e+02 2.823987763752003843e+02 2.697729993928163026e+02 1.514454259777376571e-09 3.065649625847506741e+02 8.137897173686765484e+01 2.314098112200665724e+01 7.289718085442289066e+02 2.872573509388456046e+02 7.777436547275868861e+02 1.734773496774898760e+01 6.651509295698466495e+00 0.000000000000000000e+00 1.292091272884724049e+03 1.024310909365292730e+02 1.518498899220584462e+03 1.237135542774929746e+02
0.000000000000000000e+00 9.704536998677900783e+02 6.472487380995269177e+02 1.062290796148849267e+03 3.810298517962824576e+02 1.132995212973438811e+03 3.414402841203208823e+02 1.020101433212250299e+03 5.465902267709748941e+01 4.162696767611659538e+02 3.299742581841535980e+02 3.456460514318151933e+00 9.777471479561041861e+02 4.425196281390333297e+02 1.915921235148349240e+02 4.633273477777526637e+02 7.754296954581372248e+00 7.350618328422294212e+01 3.722314754653535260e+02 7.755955082512856791e+01 2.672389289904118073e+02 2.690652297864270395e+02 6.673109323010788785e+02 1.626382971648624505e+02 2.365193129120728849e-02 4.198933696379946809e+02 5.298330588072435603e+02 1.952008924000597574e+02 1.274725431193572149e+03 5.689108159563506462e+01 9.460924579985255605e+02 2.354201395075220304e+00 5.547510299080331606e+02 6.186966979314998980e+02 1.703918643964261719e+02 1.166311979003022088e+03 2.133504969713901858e+02
0.000000000000000000e+00 1.020708419890618870e+03 4.020798353456015994e-01 1.468491165152183385e+03 0.000000000000000000e+00 9.594651146640078423e+02 4.088642935966587402e+02 7.848592888106500354e-01 1.316897597692039028e+02 0.000000000000000000e+00 5.776704703218075565e+02 0.000000000000000000e+00 3.646019995750099838e+02 5.510482610731298081e+01 1.051093629949296542e+02 2.837853152117959077e+00 0.000000000000000000e+00 1.428473634355099193e+03 1.274973819481720909e+02 7.712295960955802343e+01 6.066082958045372342e-01 6.713747297745444484e+02 7.823951345734907363e+02 2.256865746009411566e+01 3.123506373882037792e+02 7.169368727960966226e+02 2.927603753087688887e-02 2.935743918084507982e+02 0.000000000000000000e+00 3.106451792924179358e+02 3.549835670078917360e+02 3.560519642759791409e-02 2.294688242037924795e+02 8.414248216353525933e+00 3.970645568830679508e+02 0.000000000000000000e+00 2.278067498153684483e+02
0.000000000000000000e+00 1.064896864769634703e+03 6.979996594890028518e+02 0.000000000000000000e+00 7.564556947555063289e+02 8.880737862429762680e-03 5.287682988352586335e+02 6.214575119782375623e+01 2.194202532336759646e+02 4.872467261156489537e-01 9.334935516096021502e+02 4.828023764492479775e-02 5.651176199179973310e+02 0.000000000000000000e+00 2.450181696381939389e+00 6.729484812821326725e-04 1.236343672914472691e+01 6.541097475515816768e+02 8.330326381328746947e+02 4.545134263962892218e-01 3.727120083549898482e+02 8.793595192213641667e+02 4.119142185086743524e+01 8.867319843807605366e+02 3.828008152270519986e+02 1.128763818896499060e+02 5.336155986512391536e+00 5.456597739277872279e+02 1.727748519569039445e+03 1.476995380231941226e+02 7.376640958598567295e+02 1.874538908676281679e+01 2.989120427056943363e+00 9.350150437359029638e+02 5.422262859495631346e+02 1.273311866323821505e+03 7.572498077658977866e-01
0.000000000000000000e+00 2.629418556566199072e+01 1.080949793804252129e-01 6.016202822665663064e+01 2.166131475070123713e+01 7.184490167885307983e+02 4.566183237590717567e+02 7.886167048184903328e-01 2.256563948946603304e+01 2.591464641281249328e+02 3.534414700162338274e+00 1.003166266560684335e+03 1.237578000154886240e+03 4.089870813311471665e+01 3.389238141828608608e+00 0.000000000000000000e+00 5.792326044031061656e+02 1.346713429106521573e+02 1.708870392620386838e+03 3.581124601876540510e+02 1.268332187043182103e+03 1.420110990778561700e+03 7.381667233609271683e+00 0.000000000000000000e+00 0.000000000000000000e+00 4.566562939799874812e+02 9.523070194713935734e+02 4.832127208799196771e-01 1.114911420273741896e+03 0.000000000000000000e+00 3.327069001824418137e+02 3.994190684906823208e+02 0.000000000000000000e+00 3.053765914833767026e-01 4.798617691469596593e+02 1.938222328944929274e+01 1.455389131076010699e+03
0.000000000000000000e+00 2.795793621856522577e+02 3.305245305678780028e+02 3.483931378589717465e-01 3.908464570566565488e-01 7.559494840639096935e+01 1.723703929559304271e+01 6.496773515883087668e+01 1.636721132568083249e+03 2.290832643999392531e+02 1.521799402996984554e+03 5.121302906640348738e+02 9.822145250643781083e+02 1.183647151774731128e+03 8.559738429926676417e+02 4.494250432471919687e+00 3.237057459423185151e+02 5.046081553024724258e+02 3.630189956986142619e+01 2.351886219345234110e+02 1.017182698396368437e+03 2.778865357442791719e+02 1.559820065642751388e+03 8.293261839172255350e+02 5.312340488978160238e+02 5.893850551047312365e+02 1.186400231959205342e+02 2.493329030919003841e+01 5.177739280986090762e+02 2.383096342135442569e+02 5.741673062843117492e+01 6.624527694822637613e+02 5.891088346836272649e+02 5.895466965106051020e+02 1.154611970774358497e+03 6.154939260109033938e+01 4.948509818659186408e+02
