output/example_1/lateral_incision_000441.asc
nrows	75
cellsize	13.33333333
xllcorner	0
ncols	75
yllcorner	0
NODATA_value	-9999
[rows 0 to 16 of 75, columns 0 to 36 of 75]
0.000000000000000000e+00 3.111560667785954148e-09 0.000000000000000000e+00 7.593259462781106777e+02 0.000000000000000000e+00 6.938671446162800294e+02 3.322898466254517871e+02 1.334620413499106235e+03 4.073628599788000884e+02 5.961565685188394070e+01 5.062690216439984425e+01 1.837977988102178628e+01 3.436049804044909592e+02 7.628841068651413480e+02 3.757497399238296225e+02 1.600331517760587587e+02 5.412460465191597483e-06 0.000000000000000000e+00 1.430772275955948469e+00 4.457327673779949428e-01 5.350972943520834746e-02 8.214038731092654518e-05 2.132444891575236974e-04 1.614394187922306756e+01 2.010956727149804113e+00 4.037682547253197640e+00 4.863268802456290274e+01 2.394697288128030332e-06 8.592563712945595588e-06 1.072833790534963305e-01 1.062124016246730662e+03 8.673434552864750913e+02 9.240312403002536712e+02 0.000000000000000000e+00 0.000000000000000000e+00 0.000000000000000000e+00 1.735495984371692302e+01
0.000000000000000000e+00 3.951808555169849910e+02 1.922508758855409781e+02 1.135486008221710563e+03 2.424198311951535061e+02 1.928566076335825608e-01 9.827617015355968988e+01 8.086932612820127133e+02 6.289732337969026332e+01 5.056383728443443601e+02 3.878468593359269221e+02 1.473216523725979243e+02 1.062334162586900675e+03 2.783748373746746196e+01 3.721669922489805913e+02 5.223777021426906231e+01 3.370132780491930475e+02 1.779359462108671508e+01 4.778060027682983559e+02 1.287561009007647916e+00 6.604362384923334730e+02 5.811554503534511014e+02 6.306793887555367739e+00 4.046274533121911645e+02 4.502574862921687213e+02 8.634753710014439321e+01 4.489034660137234027e+02 5.540484788662165556e+02 4.266099728048768043e+02 3.092736700459576937e+00 6.002223907945896144e+02 8.630161525800533582e+02 4.852487352871007715e+02 3.655390711571771423e+00 5.044055294350693538e-03 4.953269723825541178e+02 4.036373815978409141e+01
0.000000000000000000e+00 0.000000000000000000e+00 2.246374556338482193e+02 2.530601377979240851e+02 9.207350685620111790e+02 2.494756820638742454e+02 2.938732237131067677e+02 1.964956093476674823e+02 3.959873607301855714e+01 6.865688055634718694e+02 7.219704406591234829e+02 4.114866883523063024e+01 7.588786844862698899e+02 8.414226337134014102e+02 1.299222395249336387e+03 9.424446459926943476e+01 0.000000000000000000e+00 3.561660072588347248e+02 1.373772803676744161e+02 7.096433033129216028e+01 3.104937346612159033e+01 1.687142600151617842e+02 9.978380608907219766e+02 7.514728932135233208e+02 1.935754686748713596e+02 2.339892858889882632e+02 1.680277522068903124e+02 1.037202925379585167e+03 8.807877803884044852e+02 2.128887635715139481e+02 3.055050108488380829e+02 3.737964060635919168e+02 8.803051071170395971e+02 9.746582083553541906e+02 1.368620825736577160e+02 8.745614855197972020e+02 8.241653403751977081e+00
0.000000000000000000e+00 1.141052099888572229e+03 1.084657295359134878e+03 7.346326108034159006e+02 1.587063876766098645e+02 1.295371332717297946e+03 4.381341533105513975e+01 5.420177192935100265e+02 1.586238620495417706e+02 1.398207906800954788e+03 1.028047621480106955e+03 1.230524526246343271e+02 7.711483264529304549e+00 4.777887677443862344e+02 1.711765585904254010e+02 9.658011353973884070e+02 1.469974409597818521e+03 1.711454574980576027e+01 1.044956867694354514e+03 3.290680973088707617e+01 1.782746344735753382e+03 1.179692224225913378e+03 9.851297111955294667e+02 4.836485704509408947e+02 9.801421676890925028e+00 3.604807581927802289e+02 3.943626928744343445e+02 1.511815412038365309e+02 1.966570729940414139e+02 1.020828366460216785e+03 1.004886277605197051e+03 3.185198144860229377e+02 5.378429495597874848e+02 1.110090771287808593e+03 5.831755890601261854e+02 3.112009536834159462e+02 1.149997177398442318e+03
0.000000000000000000e+00 3.431634974941886895e+01 1.143915086043625138e+02 1.248375802993488293e+02 6.390490289836441207e+01 7.688290060671330650e+01 5.596896218865548178e+01 1.364658502459053580e+03 7.678609564768358950e+02 0.000000000000000000e+00 8.325738519342501531e-01 6.998263766229138483e+00 2.742289570565338863e+02 1.280733837958367758e+02 2.553915499281928874e+02 7.451709328047940062e+02 1.735193880089536123e+00 3.903129351362429844e+01 1.247295256680568514e+02 5.724752491241491548e-01 1.365074395769490138e+03 2.501984075996302348e+00 3.112595192427659030e-01 5.916602506625537217e+02 4.398926786109183809e+02 2.354431087740736643e+02 1.537146295543988344e+03 7.067286824983368021e+00 5.461519025427283935e+01 2.468475278937293069e+02 4.661756624457130442e+02 1.550087805723473764e+02 5.598789184665926086e+02 6.733907292496192554e+01 6.440465302691133154e+00 6.461881777899303643e+02 0.000000000000000000e+00
0.000000000000000000e+00 2.989408915429459057e+02 1.097861610273940869e+03 6.408403335697386183e+02 2.379319570238768620e+02 9.412615069653959381e+02 1.263786356971088253e+03 1.275057742812878869e+00 4.893707373858947562e+01 1.043795541212033129e+02 1.124817429604981726e+03 1.352934918219850942e+03 4.357067186661996772e+01 1.821413756659276473e+01 1.218246200254831813e+01 4.138562726375828902e+02 8.486242998392935988e+01 3.493736834741482653e+02 4.060751867782876161e+02 1.608279674884846372e+03 1.308854330234584324e+02 1.083611469117473462e+03 4.115481619837243557e+02 6.592910678724756508e+02 4.597527116196405359e+02 1.385922844046544888e+01 1.822017300734973730e+02 9.208011020692684667e+01 5.953753027984838582e+02 8.058124016991083636e+02 1.001933756566198440e+03 1.911853673335539838e+02 7.109194676882555086e+01 0.000000000000000000e+00 5.746223702123915018e+02 6.510195099380944157e+02 9.862739485315669299e+02
0.000000000000000000e+00 1.242311031417269533e+03 1.174187063560356364e+03 2.956312884025299468e+02 0.000000000000000000e+00 5.153159643495835098e+02 4.061433523039821836e+01 1.988659353294070229e+02 1.377330126245707788e+03 7.505476767647213165e+00 9.374636365686301360e+02 2.354625870819905931e+00 0.000000000000000000e+00 1.097227738400828230e+03 4.218011468620751430e+02 2.640003096028117966e+02 8.386911412752327806e+02 3.784209810794671398e+02 1.822666294156991569e+02 1.187031401802241589e+03 1.094588663673119072e+03 9.826966895711703387e+01 8.723726479655263120e+02 1.738082050775612515e+03 5.189904449268945896e+00 4.925034185835518770e+02 3.065465632096868944e+02 4.225745597238736551e+00 1.949236208553330698e+02 1.107074465345257295e+03 7.436912427146795608e+02 1.809759085872609319e+02 9.025351588751245799e+02 4.690766971191425228e+02 4.072392198538197476e+02 1.348079118495458317e+02 5.129485442086064495e+01
0.000000000000000000e+00 6.732101670338055328e+02 8.479072048180488537e+02 5.950440095697889120e+01 7.856988426894235999e+01 6.044133580600638425e+02 5.529428431471319527e+02 2.364338608880732409e+02 1.014086054587162948e+03 1.005865411083595689e+02 1.244937753481041227e+03 1.391878313005054792e+02 5.208195873284645359e+02 4.548744352040105241e+02 0.000000000000000000e+00 2.434664417336451834e+02 1.736463046646476016e+02 8.067447823625217396e+00 8.960503214878046947e+02 5.711047006981614231e+02 4.770257726659597211e+02 6.131091388480864879e+01 1.596239732272920719e+03 2.928540155105731628e+02 3.585458824699958025e-02 4.619933287595638944e+02 2.513414712989031443e+02 0.000000000000000000e+00 5.191817362207616497e+02 2.319936634766358736e+02 4.552238243475704849e+01 4.879929819729375007e-01 3.551362634566252723e+02 1.200466857222155426e+02 8.106031835537118013e+02 4.723381919957842712e+01 3.935771604801978469e+02
0.000000000000000000e+00 1.612732914079639102e+02 4.358916759146136428e+02 1.861952910069432505e+02 7.419838862290358747e+02 1.629341879940894387e+03 2.190011140412345014e+02 6.249874022952590167e+02 6.357022509281270004e+02 1.048948395932444155e-01 7.115377577541123628e+02 2.834053464805134581e+02 6.790872392610508790e+00 3.731604920279856970e+02 1.045345355893788792e+03 6.155068716058344762e+02 6.370836838492700736e+02 1.833932494273076586e+01 7.297568367992518290e+01 4.346310849899290396e+00 9.258972635139973306e+01 1.954189613242315886e+02 1.124611318045798043e+03 1.065969019844519999e-01 1.004166899921743834e+03 1.196759839569691408e+01 7.326775676596881794e+02 0.000000000000000000e+00 7.524311373592288419e+02 1.515697997175589080e+03 7.341072025207984098e+01 8.457876907294493662e+01 5.587029203593280045e+02 4.051156746451047397e+00 1.162992360622305767e+02 6.211440743931712660e+01 5.072599333795063785e+02
0.000000000000000000e+00 2.268689522342765841e+01 2.924612293331909640e+00 2.027602713935852137e+02 1.469464362697997899e+02 2.571515270297484221e+02 2.660592819222978846e+02 3.449613894237643308e+02 0.000000000000000000e+00 0.000000000000000000e+00 0.000000000000000000e+00 8.947339354201948254e+02 1.275337007282533222e+02 2.969388058127951808e+02 1.309045728156321786e+02 5.155221767774004320e+02 1.333115853439545049e+02 1.025005416382868361e+03 3.138965313164803206e+02 1.700323935711616841e+01 4.814816220315299233e+01 3.344861846324350836e+02 0.000000000000000000e+00 2.068131512474588192e+02 1.117393921280283394e+03 0.000000000000000000e+00 1.236825213888745623e+01 0.000000000000000000e+00 5.286534587636563742e+01 1.213941674077526613e+03 7.095755677222098257e+01 7.774575965512113953e+02 4.530993998777104821e+02 4.880685498352024183e+02 3.853984306657299044e+02 1.323450065498034860e+02 1.086576923041761120e+03
0.000000000000000000e+00 8.538623318119394980e+02 1.195608472760594850e+03 1.206910335152747393e+03 1.275353876286750619e+03 1.144586125848845995e+03 7.135630529207839245e+00 2.497359559539447105e+01 3.362364147452862717e+00 9.506534210973155723e+02 0.000000000000000000e+00 1.097425995243921307e+03 0.000000000000000000e+00 1.385708629479505483e+01 1.009311043973162668e+03 3.227834328393001897e+02 2.559743122042558525e+02 7.312617511780473478e+01 2.615829509279402600e+02 7.547073992229467621e+00 3.318692729188077806e+02 1.237759346097326443e+03 1.098551264220942357e+03 2.007059566678561335e+00 6.608885175935388361e+02 2.969046083295745575e+02 7.370456253712940224e+02 1.030596173932937063e+03 0.000000000000000000e+00 7.928799297364884069e+02 2.590624756790631409e+02 1.497857603200391736e+02 1.215144590055707340e+03 5.144619118164808924e+02 7.167582232903466775e+02 1.353004004730804354e+03 0.000000000000000000e+00
0.000000000000000000e+00 8.845856570552240328e+02 1.068157627202685262e+03 4.537418437823648674e+02 1.047266584092438961e+03 8.377210709273774683e+02 1.867497260484380774e+02 4.710709227329563191e+02 7.711262003176655444e-01 8.362603660443326703e+01 1.296281154532537812e+03 9.801458028834113989e+00 9.470538130345448735e+02 7.600958258886596468e+02 0.000000000000000000e+00 6.413855118738316605e+02 6.263993011458753557e+01 9.708030531258589235e+02 2.018435553919885450e+01 2.261247538009734992e+00 2.338561574926781077e+02 7.268757681530956916e+02 7.753731952104035372e+02 1.031617832587968223e+03 8.364900783671458839e+01 8.400149047869300034e+01 1.935162284656960274e+00 6.302981098138605853e-01 2.241881845407281162e+02 1.141175850467764405e+02 1.144370314593174726e+03 7.508003404440471984e-01 0.000000000000000000e+00 2.806621719940744497e-01 1.408131921159316846e+00 2.000361411452330762e-01 2.834964861052242782e+02
0.000000000000000000e+00 1.143861006974790826e+03 5.918543691239793816e+02 9.202563905309075381e+02 1.754095228821966884e+03 2.971029476883082499e+00 4.876631567473052655e+02 2.511659229680293848e+01 4.602802554994732418e+02 1.305825762269827806e+02 2.522151100098403731e+01 4.135567354077491586e+02 5.755314468316367993e+02 7.159924946899918723e+02 4.495319074419015792e-01 8.811538116087020001e+01 1.080400427754461390e+02 8.797829340298151237e+02 5.275506597844448606e+02 1.127011236440324415e+00 8.495245632200185071e+01 0.000000000000000000e+00 1.838255241027101083e-01 1.301739161235907886e+03 1.713556688797768629e+03 0.000000000000000000e+00 1.082779360824935964e+02 7.192625968265250549e+02 3.916348219688637472e-02 0.000000000000000000e+00 3.186224969813498120e-01 5.981980937455182357e+02 7.106435734654717180e+02 4.876146340980104128e+02 8.833160056089532191e+02 6.070511950306505469e+02 1.271543696998383988e-02
0.000000000000000000e+00 4.999109459737891115e+01 5.861217776236918198e+00 2.765010400140354250e+02 2.064823626075761975e+00 3.969752705819079353e+00 0.000000000000000000e+00 4.002257216843887022e+00 7.295982787234102034e+02 3.667354873135524258e+02 1.730525908853907993e+02 1.089899408392347823e+03 1.383941745023389103e+03 1.093388775575745639e-02 6.629293799176362256e+01 6.680947661791751671e+02 1.694281739978022756e+02 1.578402677216575512e+03 3.304326684669064207e+02 6.860322431432470012e+02 0.000000000000000000e+00 8.602350850887930847e+02 1.849264685646111047e+03 6.857476055841888183e+02 3.923740815930178982e+00 1.412690292078377524e+03 1.225947617202340325e+03 9.891432461476419746e+01 3.555374320805529464e+02 5.843916663677839551e+02 3.008076692919597406e+01 1.931842214907721029e+02 1.476100455599632255e+02 7.064446853358834915e+02 2.890946722652777225e+02 5.874993052801191880e+02 0.000000000000000000e+00
0.000000000000000000e+00 1.595860660257180143e+03 7.575539447353392006e+02 6.109699414409080873e+02 2.340454733014639146e+02 1.019785755448751047e+03 0.000000000000000000e+00 9.547555998053442181e+02 1.528113957911951275e+03 1.186397992553265794e+03 8.831990428665662307e+01 1.325268188870938957e+03 8.214580682426406710e-01 0.000000000000000000e+00 7.925977161452995023e-01 1.678915748598544155e+02 7.794969604365546445e+01 5.525377944950464837e+01 1.368915998181143845e+00 7.049613023070266138e+01 2.226724320823181458e+01 1.772781642972504699e+02 1.472508659776796094e+03 2.767896459914580731e+01 1.149238153802323723e+03 2.225789976214165563e+03 1.022229438526275544e+03 0.000000000000000000e+00 1.451426553108751250e+03 0.000000000000000000e+00 1.086290158432993621e+03 1.181863694522343025e+02 6.124831901140235004e+02 3.398316427924563499e+01 6.246795443842404438e+02 1.930842457341034191e+01 7.775906248428989898e+01
0.000000000000000000e+00 2.061673206051902412e+02 4.257009274320165737e+00 3.903105925044720453e-02 4.351176627597582183e+02 0.000000000000000000e+00 3.241118965250929591e+02 2.967873250733043164e+02 3.122454138018375716e+02 1.222021187574693784e+02 1.401967824352585922e+03 6.647226223505831513e+02 7.746630597861476417e+02 5.964038850529793763e+02 2.756113574840845786e+02 2.074762814519197889e+02 2.021736377669758440e+02 3.364200392845930878e+02 4.107951365664911236e+02 7.850618875396548901e+02 1.763294500770016384e+03 9.715074713853573407e-02 2.114554481170300093e+00 4.729539893051617128e+02 3.372501696552662906e+02 1.315384109272191324e+02 1.178696338523181339e+03 6.708804032768522063e+01 1.131790713021891435e+02 1.057562182498655602e+03 9.255701718125890238e+02 9.629240064650861086e+02 1.031552764274734955e+02 4.569315804895372253e+02 4.910567592714087368e+02 6.828802854879422739e+02 5.695550313874480253e+02
0.000000000000000000e+00 1.844352236864884276e+02 6.162754020882118766e+02 1.107431156373543217e+03 1.141687056838744354e+02 5.390691105138631656e+02 1.532855748459365259e+03 7.594129830532440337e+02 3.705067284263297722e+01 1.446749374052847088e+03 2.276055583016768935e+02 1.510388878864661820e+03 7.427374868981491129e-01 5.915815503075955206e+01 1.225774202110197564e+02 1.034716744374971313e+03 1.752999198397617064e+01 1.392355807716620120e+03 2.991894117529351860e+00 0.000000000000000000e+00 7.404267528063249726e-01 3.390267721753988894e+02 6.818504528533120492e+02 6.128295279825163107e+02 6.809447840235164362e-01 6.583341120462912954e+01 8.257692958471070597e+02 3.187857133660180011e+02 8.181813803853866602e+02 0.000000000000000000e+00 1.089804909150750746e+03 9.881773583555510641e+02 2.273052472159466220e+02 9.373926292571338763e+02 1.700885182648517571e+02 5.531852037565490718e+02 2.236096593419235035e+02
