output/example_1/lateral_incision_000000.asc
nrows	75
cellsize	13.33333333
xllcorner	0
ncols	75
yllcorner	0
NODATA_value	-9999
[rows 0 to 16 of 75, columns 37 to 73 of 75]
5.264299520738957150e-06 0.000000000000000000e+00 7.541917120274419174e-09 0.000000000000000000e+00 0.000000000000000000e+00 0.000000000000000000e+00 0.000000000000000000e+00 7.756220286108168288e-06 0.000000000000000000e+00 0.000000000000000000e+00 0.000000000000000000e+00 0.000000000000000000e+00 0.000000000000000000e+00 2.379224332082838751e-09 0.000000000000000000e+00 0.000000000000000000e+00 0.000000000000000000e+00 0.000000000000000000e+00 0.000000000000000000e+00 0.000000000000000000e+00 0.000000000000000000e+00 2.416735410208067968e-04 7.027179016973015480e-07 0.000000000000000000e+00 0.000000000000000000e+00 0.000000000000000000e+00 7.769254806974788439e-06 1.170964488630006615e-06 0.000000000000000000e+00 0.000000000000000000e+00 0.000000000000000000e+00 1.376297094253842429e-09 0.000000000000000000e+00 8.098656107942820072e-07 0.000000000000000000e+00 0.000000000000000000e+00 0.000000000000000000e+00
0.000000000000000000e+00 5.614538300648733980e-09 0.000000000000000000e+00 4.319971215910007508e-09 1.203042133466525643e-06 0.000000000000000000e+00 0.000000000000000000e+00 3.564078050317043264e-06 0.000000000000000000e+00 9.477626772641363017e-10 0.000000000000000000e+00 0.000000000000000000e+00 0.000000000000000000e+00 0.000000000000000000e+00 1.476893406049039825e-06 9.774299012811678441e-05 6.681596176211151634e-10 8.624048284555281088e-07 0.000000000000000000e+00 0.000000000000000000e+00 0.000000000000000000e+00 1.587636400866613792e-04 0.000000000000000000e+00 1.227614535149851979e-08 5.863039089974970756e-06 0.000000000000000000e+00 0.000000000000000000e+00 0.000000000000000000e+00 5.796902550130494561e-05 1.131555939296688535e-05 0.000000000000000000e+00 8.461917385003746528e-06 7.389393292438976042e-07 0.000000000000000000e+00 8.445847354906230099e-07 0.000000000000000000e+00 0.000000000000000000e+00
2.962897266756180760e-08 0.000000000000000000e+00 5.802946409431353073e-09 0.000000000000000000e+00 1.404811165259902777e-06 1.604161020207391233e-06 1.138642958603562188e-06 5.387678397172205592e-06 2.542035540141450834e-06 0.000000000000000000e+00 0.000000000000000000e+00 1.103995906986795570e-09 1.163936178858339032e-05 0.000000000000000000e+00 1.375694082793085620e-07 4.780131634002791527e-05 0.000000000000000000e+00 3.208322040414754937e-06 0.000000000000000000e+00 7.752355733173375201e-05 2.241815305122123127e-04 0.000000000000000000e+00 1.182264707874467223e-04 0.000000000000000000e+00 1.804260862355078942e-05 1.030763311372363925e-05 6.765659791706305852e-06 2.022402081677834954e-05 3.510515210004361633e-05 0.000000000000000000e+00 1.506568642451763487e-05 0.000000000000000000e+00 3.661206403105216131e-06 0.000000000000000000e+00 0.000000000000000000e+00 0.000000000000000000e+00 1.516235044635028455e-10
0.000000000000000000e+00 0.000000000000000000e+00 0.000000000000000000e+00 7.048364786787261315e-06 0.000000000000000000e+00 1.269388978985683074e-08 0.000000000000000000e+00 4.741668679092667383e-09 5.197893567154906962e-06 1.076012981282181574e-09 0.000000000000000000e+00 1.394269878797499570e-04 1.042177329023113855e-04 1.418421392165529546e-07 2.831937261054106562e-07 0.000000000000000000e+00 1.500487215044980576e-04 9.785029348579196370e-05 4.005822390933327595e-05 0.000000000000000000e+00 1.531024121668706016e-06 0.000000000000000000e+00 7.312312665892596757e-08 3.773888210846530945e-05 0.000000000000000000e+00 2.399958025046874537e-05 1.042001352016430925e-04 4.985635436238315823e-05 0.000000000000000000e+00 3.808166937871501742e-05 1.198860231830723581e-05 0.000000000000000000e+00 0.000000000000000000e+00 2.424235220442439063e-06 1.162330864021331525e-05 5.210635686210402864e-09 7.931745433453611971e-09
0.000000000000000000e+00 1.055346338287376297e-06 7.024055826299555179e-07 0.000000000000000000e+00 0.000000000000000000e+00 3.855335629911982419e-09 1.229577079086761606e-06 1.849501539327771901e-06 1.076012981282181574e-09 0.000000000000000000e+00 1.939503358795725490e-07 9.607320142055585262e-05 0.000000000000000000e+00 0.000000000000000000e+00 0.000000000000000000e+00 9.037406383312240578e-08 0.000000000000000000e+00 0.000000000000000000e+00 0.000000000000000000e+00 1.096139604140943723e-04 2.241373402148218760e-04 8.093257003872014985e-07 0.000000000000000000e+00 0.000000000000000000e+00 1.661886563960025901e-05 0.000000000000000000e+00 0.000000000000000000e+00 0.000000000000000000e+00 1.411695267033998139e-05 7.252527856117636023e-10 0.000000000000000000e+00 0.000000000000000000e+00 0.000000000000000000e+00 0.000000000000000000e+00 0.000000000000000000e+00 5.718979166222722682e-07 0.000000000000000000e+00
0.000000000000000000e+00 5.161182822281329258e-07 0.000000000000000000e+00 4.590692134088820834e-04 8.250771183081546429e-06 7.695867400829841344e-06 0.000000000000000000e+00 0.000000000000000000e+00 0.000000000000000000e+00 7.635486201398726945e-10 9.641291010075240740e-08 0.000000000000000000e+00 9.159437159983573192e-05 9.997905422722958026e-08 9.211311389386874328e-04 0.000000000000000000e+00 0.000000000000000000e+00 2.934953577409518059e-05 0.000000000000000000e+00 2.926511987539860088e-08 1.143795833244564442e-06 3.286708632989146218e-06 0.000000000000000000e+00 0.000000000000000000e+00 0.000000000000000000e+00 0.000000000000000000e+00 6.350869297304261214e-05 4.238680404731549396e-05 0.000000000000000000e+00 0.000000000000000000e+00 0.000000000000000000e+00 0.000000000000000000e+00 1.407887129581835978e-05 1.025662325561022914e-09 5.003782384513818017e-09 3.879028788623299919e-09 0.000000000000000000e+00
1.577182439309807388e-03 1.615208006001982036e-03 5.127410555447136200e-04 0.000000000000000000e+00 6.815735446379667670e-04 2.870083191156697959e-09 2.021918429776227936e-07 0.000000000000000000e+00 0.000000000000000000e+00 0.000000000000000000e+00 0.000000000000000000e+00 9.091051284433127391e-04 0.000000000000000000e+00 3.135536442996071540e-04 6.051226460181158848e-04 0.000000000000000000e+00 2.165339997870831278e-04 0.000000000000000000e+00 0.000000000000000000e+00 3.334896520587245812e-08 0.000000000000000000e+00 0.000000000000000000e+00 0.000000000000000000e+00 0.000000000000000000e+00 1.000535250571101209e-05 0.000000000000000000e+00 0.000000000000000000e+00 1.233275270218963507e-06 8.118119888108165447e-07 3.979907287569252310e-09 0.000000000000000000e+00 2.881262235423209677e-08 0.000000000000000000e+00 1.048093752022033407e-05 0.000000000000000000e+00 0.000000000000000000e+00 0.000000000000000000e+00
1.596280197935001123e-03 0.000000000000000000e+00 7.800475870372984045e-04 1.313426800919567129e-03 0.000000000000000000e+00 6.210083996779115327e-07 0.000000000000000000e+00 0.000000000000000000e+00 6.066163436078685382e-04 0.000000000000000000e+00 0.000000000000000000e+00 0.000000000000000000e+00 1.502022820773271583e-06 1.535530282556855908e-04 0.000000000000000000e+00 1.983111999044140730e-04 0.000000000000000000e+00 1.577356413849114835e-04 2.557185620871051570e-08 0.000000000000000000e+00 1.148394645278422441e-05 0.000000000000000000e+00 0.000000000000000000e+00 3.545065505163611051e-05 2.596899470460110979e-05 0.000000000000000000e+00 2.176473351642085869e-05 0.000000000000000000e+00 1.655993860877831774e-06 0.000000000000000000e+00 0.000000000000000000e+00 1.892800008672181641e-08 1.736961955534348414e-06 0.000000000000000000e+00 0.000000000000000000e+00 0.000000000000000000e+00 0.000000000000000000e+00
0.000000000000000000e+00 5.971043797438519161e-07 0.000000000000000000e+00 0.000000000000000000e+00 0.000000000000000000e+00 0.000000000000000000e+00 0.000000000000000000e+00 1.763631333660574526e-03 2.124667238911010318e-06 8.148577749956442597e-04 2.282568227676244011e-06 0.000000000000000000e+00 2.811159457426462742e-07 0.000000000000000000e+00 2.059841458902529068e-04 3.018737154100525162e-04 1.066380360228198635e-04 0.000000000000000000e+00 1.063299449316883931e-07 1.612943459329577386e-06 0.000000000000000000e+00 1.101213044590282123e-08 0.000000000000000000e+00 0.000000000000000000e+00 0.000000000000000000e+00 2.109302066123594250e-05 1.000535250571101209e-05 4.370813929117355746e-09 6.681596176211151634e-10 2.306714570740875573e-06 0.000000000000000000e+00 1.007371524958038819e-05 0.000000000000000000e+00 3.817494158737454480e-06 0.000000000000000000e+00 2.024664026985684213e-06 0.000000000000000000e+00
3.979907287569252310e-09 0.000000000000000000e+00 0.000000000000000000e+00 0.000000000000000000e+00 6.407368560968147893e-04 2.129086864420529857e-07 1.201616572507788246e-06 8.618961654468680275e-04 0.000000000000000000e+00 1.545352085042255803e-05 4.667341002860378433e-06 0.000000000000000000e+00 4.284608500375392027e-07 0.000000000000000000e+00 0.000000000000000000e+00 0.000000000000000000e+00 2.180509094794973429e-04 0.000000000000000000e+00 5.352369942832907202e-07 2.734769782145611025e-07 2.342393005657644475e-07 0.000000000000000000e+00 3.812404166527026643e-06 3.219436954748691455e-05 1.939613539428000787e-05 3.312515242845800415e-05 0.000000000000000000e+00 5.696760223918700975e-09 0.000000000000000000e+00 0.000000000000000000e+00 1.604280602478145218e-08 0.000000000000000000e+00 1.326813862053054161e-05 0.000000000000000000e+00 8.343756897421461020e-06 0.000000000000000000e+00 6.950339197115033603e-07
0.000000000000000000e+00 8.833373978801060449e-09 1.561627515532624879e-05 0.000000000000000000e+00 0.000000000000000000e+00 0.000000000000000000e+00 0.000000000000000000e+00 0.000000000000000000e+00 1.438215385725116044e-05 2.289882312349508754e-06 8.227320012825951640e-10 5.399104070665350825e-10 0.000000000000000000e+00 0.000000000000000000e+00 0.000000000000000000e+00 0.000000000000000000e+00 0.000000000000000000e+00 1.362743993812085821e-04 6.764583768371446802e-07 4.673474455925246529e-05 0.000000000000000000e+00 0.000000000000000000e+00 3.312411212639731150e-04 9.369572022630660484e-07 5.926125363575241384e-09 6.086336407284238952e-06 0.000000000000000000e+00 0.000000000000000000e+00 7.961391728006335079e-10 1.350054054646331948e-05 0.000000000000000000e+00 2.155003794373627648e-08 5.316772896206933797e-05 2.725725266545290178e-09 4.826960338154578035e-06 0.000000000000000000e+00 0.000000000000000000e+00
3.979907287569252310e-09 5.802946409431353073e-09 0.000000000000000000e+00 0.000000000000000000e+00 1.521712151418768786e-09 0.000000000000000000e+00 0.000000000000000000e+00 0.000000000000000000e+00 2.688584244695168404e-05 0.000000000000000000e+00 0.000000000000000000e+00 0.000000000000000000e+00 0.000000000000000000e+00 3.095733851581329234e-06 0.000000000000000000e+00 0.000000000000000000e+00 0.000000000000000000e+00 0.000000000000000000e+00 0.000000000000000000e+00 1.900722229498013791e-06 3.605917767418406785e-07 1.610312151540185355e-07 1.619938330269065751e-04 0.000000000000000000e+00 2.900661153436013260e-04 0.000000000000000000e+00 3.219386091975371967e-09 0.000000000000000000e+00 1.971872038335326072e-05 0.000000000000000000e+00 3.875500012662899712e-05 2.023044465960462969e-05 0.000000000000000000e+00 0.000000000000000000e+00 0.000000000000000000e+00 3.053088201631793739e-06 0.000000000000000000e+00
0.000000000000000000e+00 5.802946409431353073e-09 1.162976925351434062e-05 5.006739334095687219e-06 0.000000000000000000e+00 0.000000000000000000e+00 1.498564080641420858e-07 0.000000000000000000e+00 1.561285984465112647e-09 0.000000000000000000e+00 1.241809341864606623e-07 0.000000000000000000e+00 6.880122247989072141e-09 0.000000000000000000e+00 3.095292165720500721e-06 0.000000000000000000e+00 0.000000000000000000e+00 0.000000000000000000e+00 1.885407836997314741e-04 1.132800717990154555e-06 0.000000000000000000e+00 1.603091579527510097e-06 0.000000000000000000e+00 5.976052301998672741e-04 4.411671103994902131e-09 0.000000000000000000e+00 9.091524020003045848e-05 0.000000000000000000e+00 0.000000000000000000e+00 5.941858664083645775e-07 3.161274043377415818e-08 9.893721110901531422e-06 1.813449626521976786e-05 1.627177696651708218e-08 0.000000000000000000e+00 2.766638154179861018e-07 0.000000000000000000e+00
1.414768921388384332e-08 0.000000000000000000e+00 2.883055238792659381e-06 6.010012092640852720e-06 2.044090949667002742e-09 3.111560667826437194e-09 9.844581551658969545e-08 0.000000000000000000e+00 2.108881337955336843e-04 0.000000000000000000e+00 6.057808184657430958e-08 0.000000000000000000e+00 2.396854478276520805e-06 0.000000000000000000e+00 3.167330605835001778e-09 3.874822378966454655e-06 0.000000000000000000e+00 1.734938821175040637e-06 3.219386091975371967e-09 6.543792663551468840e-08 8.512658001670455807e-05 2.163105875203234137e-07 1.226083682178091784e-05 1.172393029678856088e-05 0.000000000000000000e+00 6.768134548224489491e-05 0.000000000000000000e+00 2.085205041920884300e-07 2.960309469025378268e-07 1.100528499860677187e-04 2.076749371561806347e-08 0.000000000000000000e+00 9.877392084172390848e-06 0.000000000000000000e+00 8.059337231741334799e-07 0.000000000000000000e+00 0.000000000000000000e+00
0.000000000000000000e+00 3.119522553999537772e-09 0.000000000000000000e+00 0.000000000000000000e+00 0.000000000000000000e+00 7.502850456986803436e-08 0.000000000000000000e+00 1.570677870437818915e-04 0.000000000000000000e+00 9.275312626327249493e-08 1.896593775831094011e-07 7.916214490519158993e-08 0.000000000000000000e+00 1.810846154389128817e-05 0.000000000000000000e+00 0.000000000000000000e+00 3.879535085471072273e-06 0.000000000000000000e+00 0.000000000000000000e+00 0.000000000000000000e+00 2.024124116578617574e-06 0.000000000000000000e+00 8.125829590965375480e-06 0.000000000000000000e+00 0.000000000000000000e+00 2.726133967660872689e-09 6.562854773489742543e-05 0.000000000000000000e+00 0.000000000000000000e+00 3.315440344016365522e-08 4.925646894031925804e-08 2.988533093342409612e-05 0.000000000000000000e+00 3.301211621933096109e-06 0.000000000000000000e+00 0.000000000000000000e+00 0.000000000000000000e+00
0.000000000000000000e+00 0.000000000000000000e+00 2.143952144311002307e-06 4.383902145829959430e-06 0.000000000000000000e+00 0.000000000000000000e+00 2.575605380756663441e-08 3.210186036665346287e-04 6.643102034895849039e-08 0.000000000000000000e+00 0.000000000000000000e+00 1.205023761334582896e-07 0.000000000000000000e+00 0.000000000000000000e+00 9.555115640496541500e-07 1.886627360866935858e-08 0.000000000000000000e+00 1.103995906986795570e-09 1.031330325221370424e-05 2.029024737629735775e-06 0.000000000000000000e+00 1.120339857892485398e-05 0.000000000000000000e+00 0.000000000000000000e+00 2.341774354382452528e-09 0.000000000000000000e+00 1.076012981282181574e-09 1.224670091237158723e-07 2.706196966318641121e-07 8.192823276740596866e-05 2.285579713149814903e-06 0.000000000000000000e+00 0.000000000000000000e+00 1.614019472310831485e-06 0.000000000000000000e+00 2.597042807184602187e-06 0.000000000000000000e+00
1.973682416978936175e-04 1.214798416191416076e-06 0.000000000000000000e+00 0.000000000000000000e+00 1.160930659270850273e-04 2.322493668136261613e-07 0.000000000000000000e+00 3.371791690751753878e-05 3.377601204740926348e-05 1.245937516969332104e-07 1.896593775831094011e-07 0.000000000000000000e+00 9.763582360737629867e-08 3.081145397856261805e-08 0.000000000000000000e+00 1.055461299897338432e-04 0.000000000000000000e+00 5.399104070665350825e-10 0.000000000000000000e+00 0.000000000000000000e+00 0.000000000000000000e+00 5.479034341517994030e-06 0.000000000000000000e+00 0.000000000000000000e+00 0.000000000000000000e+00 1.076012981282181574e-09 0.000000000000000000e+00 0.000000000000000000e+00 0.000000000000000000e+00 0.000000000000000000e+00 0.000000000000000000e+00 2.222622555620523086e-05 1.801989048101786703e-05 0.000000000000000000e+00 1.621335662375989692e-06 1.284283050441265052e-06 0.000000000000000000e+00
