output/example_1/lateral_incision_000032.asc
nrows	75
cellsize	13.33333333
xllcorner	0
ncols	75
yllcorner	0
NODATA_value	-9999
[rows 34 to 50 of 75, columns 37 to 73 of 75]
1.024327865051520575e+03 1.461068387046784121e-02 5.870511624945845597e+02 9.681682821971666044e+02 2.896199444369120215e+02 5.722291854305799319e+01 9.290255127730966933e+02 1.359973006286134911e+01 0.000000000000000000e+00 2.997655106137085301e+00 3.218255664277319852e+02 1.085882579130738122e+03 0.000000000000000000e+00 7.663232834924701820e+02 3.697540207164375925e-01 5.353167295969280985e+02 3.391783721587055567e+01 1.899099187375193065e-01 8.976381418519708763e-03 0.000000000000000000e+00 1.747875254688067441e-05 0.000000000000000000e+00 0.000000000000000000e+00 1.311591528728608637e+03 1.411615637720510961e+02 8.592822135387125400e+02 2.275280701888546531e-01 9.167717569102092057e+02 5.501322191649755950e+02 7.573033338374650612e+02 8.778512156569307834e+00 1.535325587163809580e+01 1.258891660649977666e+03 1.059980778184567498e+03 2.741044248146108657e+02 2.685459755347924116e+01 3.776811046331057469e+02
1.323737950668090662e+03 2.193593599673249344e+02 8.956735591718936575e+02 9.576393457598168197e+02 1.402654960573604913e-02 1.930641196992853281e+02 9.646446608136003409e-01 1.244578218045399183e+02 1.142814669691188783e+03 9.113503194988755922e+02 1.131531768157125972e+00 1.328532619142024362e-01 2.703132576410163779e+02 1.136039579967746022e+03 2.279772449912457830e+02 3.681809138437849960e+00 2.379072141616520071e+02 0.000000000000000000e+00 1.087443098766446327e-02 2.770681183189468584e+02 3.185463576180486029e+02 1.118161029002787110e+01 4.641466664900683603e-01 5.268785311409623695e+00 4.393017864115218885e+00 6.708231629851963973e+00 9.018210231321269248e+02 1.989998928420818602e+00 8.437673362935456680e+02 3.531636533710004500e+01 0.000000000000000000e+00 1.643985270799683121e+03 2.927578841478483795e+00 1.246424215068387742e+00 9.048623728672067728e+02 1.522140287337446729e+01 6.461536393815877943e+01
1.027900620919125913e+03 5.061342541296738773e+02 1.683176340075659638e+00 1.502201957887969175e-01 4.807236471179510318e+02 0.000000000000000000e+00 2.496633043359265685e+02 5.109241318486615455e+02 4.036288783945827277e+02 2.908404880151851390e+00 2.064706085124598758e+02 4.232707854953840751e+02 5.613365215414514164e-01 5.485703923454255282e+00 4.507911942198726933e+02 1.002792088440021985e+03 2.463891879133697387e+02 1.118657210095662094e+03 1.089932373795123510e+02 9.890991816109534511e+02 0.000000000000000000e+00 1.733763901472748898e+02 0.000000000000000000e+00 0.000000000000000000e+00 0.000000000000000000e+00 8.950453419768378117e-06 3.521225039655035403e+02 5.694173998179763885e+02 1.954410804024980166e+02 2.404957638294739652e+01 2.080175167531780644e+01 9.369780402037119416e+01 5.773509468026005464e+01 1.288093460378887130e+03 6.316012063015705724e-01 5.295715590888412549e+01 1.440614242751614960e+01
4.973171605196074374e+00 5.996448650713888384e-02 7.712408949611038906e+02 0.000000000000000000e+00 6.380551107374004687e+02 1.407073069162371212e+03 1.530400781580227232e+01 0.000000000000000000e+00 1.996332864598043599e+00 1.844718926900916767e-01 7.893495484525837469e+01 6.231261090578700923e+00 7.600281523561711765e+02 6.528036611085886989e+02 1.740158572913571566e-01 9.887039374550838922e-01 1.958823344594407558e+02 8.944603594240794564e+02 5.151794484695867027e+01 5.541024817188157314e+00 1.000995377581582261e+03 1.189163486633823595e+03 6.442232700461879569e-01 2.210284616157606763e+01 6.484999429727031384e+01 9.125052815742769496e+00 8.122516719554171427e-01 2.071808246684107075e+02 2.242428382761812600e+01 9.335436063830078979e+01 0.000000000000000000e+00 2.788452675846647821e+02 4.577837632434969919e+02 2.208643723313618921e+02 2.242684767701291076e-02 5.565658066584762978e-05 1.303770512919635109e+02
3.231634895834739609e+02 2.988688194353314316e+02 9.983519400271443374e+02 6.052152384073415305e+02 1.298266616995855038e+01 9.058328987830866481e+02 4.125401850987324224e+02 8.028234508367264599e-01 1.091288166594183595e+00 5.525820636480287931e+02 8.258133065121336713e+00 3.835840260812254314e+02 5.036035396572057721e+02 1.106916538101223324e+02 7.639782083581883398e+02 6.687473960011921008e+02 1.437468821181607792e-01 1.965419252284853542e+02 6.040610651028644185e+01 7.011230612345890449e+02 4.938051700668315220e+02 0.000000000000000000e+00 7.321109252470370166e+01 6.249800492646354542e+02 8.346802249553051922e+01 9.646268016383267252e+01 4.231628470698444063e-03 3.294146382665175338e-04 7.292050952427676691e+01 9.751919100607862845e+01 5.943551610217688363e+01 0.000000000000000000e+00 2.306812886432994958e+02 1.463655756179974254e+01 3.163209012406823775e-04 1.090908420213829028e-01 3.743092760352283221e+01
6.927314613311452263e+00 1.907625756290175900e+02 5.608982798049462204e-01 8.005713821751943442e+02 4.715073952234181434e+02 7.585291774060466685e-05 2.607171568595235271e+02 8.494956132542366589e+00 2.994388042065880882e+02 0.000000000000000000e+00 4.622229788695267239e+00 3.984394193565532873e+02 2.799465819803625410e-01 1.443711490448774384e+03 8.640897318054948073e+02 2.930287657664801486e+02 1.650121409963594488e+02 7.719401441249492457e+00 0.000000000000000000e+00 8.969842685093360615e+02 1.229406995965402984e+03 6.337874156149078786e+00 1.149583226422424104e+03 2.813932340099655676e+02 4.103890061827297018e+02 2.533691790863498738e+02 9.443788783368670670e-01 6.666353157626831588e-03 1.860910502694215207e-01 2.539949213721087062e+00 2.664804770450277260e+02 2.056464323454148087e+02 3.878804863299221408e-05 2.699466270209567824e+02 4.320818047645799709e+01 1.375124417596367721e+03 6.216737066396399314e+01
8.899861784000717333e-05 1.179947862798916416e-04 5.811716098787179590e+02 3.746302243470701621e-01 4.214951515411552805e+02 2.951465926641765236e+02 1.265987937077244885e+00 8.900943634693142315e+01 0.000000000000000000e+00 2.922323848131396744e+02 6.796023833092552877e+02 2.683881868802444060e-01 1.726224437103027185e+02 1.808597929472255430e+02 2.114766716149770520e+00 0.000000000000000000e+00 5.463861253188130149e+02 8.200813255189601705e+02 6.073368038982920325e+02 2.937909189301308177e-01 8.846808058843826075e+02 0.000000000000000000e+00 4.591150654321956459e+00 1.822115242827234383e+01 1.620280074419651783e+03 6.280183902013104813e+01 1.233154459378837942e-01 1.239894648669569339e-02 1.357813398937879583e+02 2.981314196049111160e+02 9.539387583616660322e+02 5.275749979086255053e+02 2.642139494942329065e+02 2.710524553710922874e-05 3.722452351351884090e+02 1.015282826804676461e+03 0.000000000000000000e+00
0.000000000000000000e+00 0.000000000000000000e+00 1.265723314957021785e+03 5.550851666485343117e+01 1.411001600324928404e+03 1.290876146383875493e+03 5.300408055301810606e+01 0.000000000000000000e+00 8.182137297811323151e+01 8.479314860782278629e+01 2.416392308378400458e+02 8.471968121497262416e+00 1.578567135473532744e+03 0.000000000000000000e+00 3.887837332316995571e+02 0.000000000000000000e+00 1.292981923044999803e+03 6.575524981859080071e+02 2.246726668102694475e+03 1.632357701805634179e+03 2.327796007034565307e+01 5.162175623690602606e+02 1.279423572392707626e+02 2.165156378702600648e+02 0.000000000000000000e+00 5.230590085590376415e-01 4.501955288864074305e+02 6.455895049602671634e+02 1.014862017729017793e+03 1.034276978706944794e+00 3.017698890137740477e+02 5.292455697727973759e-05 7.326088247326333658e+02 3.725820812068595842e+02 1.162733063908846134e+03 1.112798321471743748e+02 8.610802385788414313e+02
1.110062756240675071e+03 6.670105821464035708e-06 0.000000000000000000e+00 8.058579700704552806e+02 0.000000000000000000e+00 3.831340588999668171e+02 3.482885555259163752e-04 9.357252837569462987e-08 1.028856046168996954e+03 7.503958287421344266e+02 1.212179842278260367e+00 1.030444679246714259e+03 0.000000000000000000e+00 9.116522588635027660e+02 5.252217400358614441e+01 7.724086161082243507e+01 1.436865838007022148e+03 1.004595170477475676e+03 4.697091412738952698e+01 5.542077979726267358e+02 2.656834907968362245e+02 2.450952892162642505e-01 2.088032026013004554e+02 2.044502239371266405e-01 6.553559273294931042e-01 6.124285134336662395e+02 4.215311518940462747e+02 9.775817658187701227e+02 1.287214858992474547e+02 9.651623853068233529e+02 2.659291210480369614e+02 1.567368912071209479e+02 1.092918600405898566e+01 5.131108015971084342e+02 1.409223781291723014e+02 3.545458412673715998e+02 9.102416108583566938e+02
4.344257556078124693e+00 4.719517328388819806e+02 0.000000000000000000e+00 8.916182190018646452e+02 3.505500278271977663e+02 3.758291556034832194e-04 0.000000000000000000e+00 0.000000000000000000e+00 3.116875938980845149e+02 0.000000000000000000e+00 7.474622292762077223e+02 0.000000000000000000e+00 8.498690932685889265e+02 5.363175937880166089e+01 6.912470844624701840e+02 1.266448609545725049e+03 0.000000000000000000e+00 5.192524242586245009e+02 1.531860347487872502e+02 1.106058616358584779e+01 3.142025468129417476e+01 2.254325003854972254e-01 6.435675198544320210e+02 1.571266607152167413e-02 2.355600374596161228e-01 4.986103749711699038e+02 3.676038568731524379e+02 2.463414035903245392e+01 4.629407114695963514e+02 3.792884122668643272e+02 3.388824993250104667e-01 3.465755346749344312e+01 3.446284516991104940e+00 2.183436175639005228e+02 3.268190275597484060e+02 7.836567082778919668e-02 7.506749672832763736e+02
1.083961638785495779e+03 1.718554922278622072e-06 6.504943103091958001e+00 0.000000000000000000e+00 3.285081787301692615e-04 4.410746492071818950e-04 5.996354721966395241e-05 1.055168438414818510e+01 0.000000000000000000e+00 4.175550518044820478e+02 1.395600535130275148e+03 6.313195134764976046e+02 3.564296979618686834e+01 8.446331050233891347e+02 7.728324183393129942e+01 1.216856794834259681e+00 3.171630515957692182e+02 4.112508270080800798e+01 5.149611466415120731e+01 1.184208237630309213e+03 4.140625190114598695e+02 5.648393073962692412e+00 1.662339680479975186e+03 1.565197357298847010e+02 8.922603110911963995e+02 0.000000000000000000e+00 0.000000000000000000e+00 1.091610021198085860e+03 1.104757446085427830e+01 8.718454582573277989e+00 3.665225108911930363e+01 1.595976196568058558e-01 7.345105354986573047e+02 1.721822286977508440e+02 2.131764354544078799e+02 1.298735539910405350e+03 2.601418457883344786e+02
0.000000000000000000e+00 1.865277886690854814e+01 1.090371743985243556e-04 2.644521799693922754e-05 6.797094248658618596e-05 0.000000000000000000e+00 0.000000000000000000e+00 7.003382850893172002e-05 5.225354252419457793e-05 4.460019476727074442e-07 2.965323303328332827e+02 8.664793907288300678e-01 5.716739792137558425e+02 4.755372573066989048e+02 2.983754438846666517e+02 1.208609598691855354e+03 4.200391188921935282e+02 1.373995464328482967e+03 6.632035163614546036e+01 2.443752683083395993e+02 4.949158060068480580e+01 1.182757494052662651e+03 5.707829400029345024e+00 1.674450089164935889e+03 1.245886323599604793e+03 8.158200872831315564e+00 8.425726885557956791e+01 0.000000000000000000e+00 1.493120486705425076e+00 3.567881424763952225e+01 3.458926861777549266e+00 2.845598113641484019e+02 9.829708934322418372e+02 3.951796410020629082e+02 1.535980554422525657e+01 0.000000000000000000e+00 1.853032909216568385e+02
5.565706984409793390e-02 1.013621577329526340e-03 1.271661616874857070e-03 7.916170907634824234e-06 2.809272365884557416e+02 1.917948967266397409e+00 6.890476720483106694e-05 0.000000000000000000e+00 0.000000000000000000e+00 8.521165845412873847e-07 3.736780170719471439e+00 3.359722207343876903e+02 3.377554124134189806e+02 8.767091826215895480e+02 1.262801326679807289e+03 1.137847392530615252e+03 3.880810352959575198e+02 6.671632370901784626e+00 0.000000000000000000e+00 1.655098060047274222e-01 1.343265356285165126e+03 1.499892312429677531e+03 1.667295296373513480e+01 1.465241514231195481e+02 2.753888879815410640e+00 1.751898078644803292e+01 2.108115466538768956e+01 8.649362539455621501e+00 5.409442690609995275e+00 1.336154015963655581e+02 2.134908612118414339e+02 1.370936356184315308e+01 1.389364602829046362e+03 1.757138287032555866e+02 1.489211437841674410e+02 5.550714482066482560e+02 0.000000000000000000e+00
6.079824949287731783e+01 5.102775633008999279e+00 0.000000000000000000e+00 2.496074587044316218e+01 1.362994536897941202e+02 1.279137798506491436e+03 5.706346055052454176e+02 2.271387458054923911e+02 1.475444584149349510e+02 2.063799671031448104e-05 1.076929862185873530e-08 5.476135228912342257e+01 9.035420342766600754e+01 1.137596191073230102e+03 3.519363220714852218e+02 1.925310729492232440e+02 2.490779042230789830e+00 1.223691275445697556e+03 7.458614606500042328e+02 1.297387842821305810e+02 1.701751971510976773e+02 1.011907224247180579e+03 0.000000000000000000e+00 6.078866581488612297e+01 1.081912143659342746e+03 4.668281839735168433e+02 0.000000000000000000e+00 3.977416847751713558e+00 1.412026060921977688e+00 4.171759024731490939e+01 8.149745073623026364e-05 8.989481979428766181e+02 1.016170329565431842e+02 9.374128381581969052e+02 5.184435835877704903e+02 3.137133032338411454e+01 9.672542875353994418e+01
9.339781812777036771e-03 1.177567704931547269e+03 1.395105111971382257e+03 2.657631529362862466e+02 8.326834642548070065e+01 6.644861065476241890e+01 6.371218252814166760e+01 2.625898283178402721e+02 4.267989479748051512e-02 3.475475000899719902e+01 0.000000000000000000e+00 5.714961200385432676e+02 9.286880457975735226e+02 2.126438127968517833e+01 1.602207763790880923e+00 3.486487644678026410e+00 2.249941852500795108e+02 2.440419104841961087e+02 8.143489513220689560e+02 5.566816044919943351e+02 6.383991516220791027e+02 5.875947003107950906e+01 0.000000000000000000e+00 0.000000000000000000e+00 1.600230696874257319e+03 2.164143868667219067e+03 0.000000000000000000e+00 0.000000000000000000e+00 7.236951948396612124e+02 1.051297727110880487e+03 1.463230203903732900e+03 0.000000000000000000e+00 0.000000000000000000e+00 3.531147347473246327e+02 1.432472149019449489e+03 4.351273311167506108e+02 3.240641588633986214e-01
5.674171545667481276e-01 7.315152980001073502e+02 1.565116324585596885e+03 0.000000000000000000e+00 1.180913360126574617e+03 6.492356688131594638e+02 1.940859882783904311e+02 1.419093982623590193e+02 1.762727074027797300e+02 2.189428417314257316e-02 4.228125338951724128e-06 0.000000000000000000e+00 0.000000000000000000e+00 5.668164176724204708e+02 1.261401286448508927e+03 1.374204404748796549e+01 1.201618553917812449e+02 7.930413536004848538e+02 8.563512079763422662e+02 4.017248459294422673e+02 5.173193740677055530e+01 1.119658323596811897e+03 3.015059882987958986e+02 1.260681892169118328e+03 0.000000000000000000e+00 7.846774021170321021e+02 2.502875033965449063e+02 1.206898185100378669e+03 6.410945831077663115e+02 9.299959441933018525e+02 1.545549016089379224e-01 1.356262939403142809e+03 0.000000000000000000e+00 9.654420407913554527e+02 2.772890363374111544e+00 8.041316317424692670e+02 6.596081551398553984e+02
1.446067983151198405e+03 2.840008806557879240e+01 8.328359956664776576e+01 6.503485114734303352e+02 1.646498463567670797e+03 2.299776513249332481e+02 9.565274255497348221e+00 8.207048667685215833e+02 4.322670933132325217e+02 5.266529998862367099e-08 2.254259912356632034e-02 5.271511592037306855e+02 3.146781840358245290e+02 2.703075771972731332e+02 1.013470947898550828e-01 6.988572370840599035e+01 4.898757429171365629e+02 2.938621819624946738e+02 3.722372493368511925e+01 1.362584656233349012e+00 0.000000000000000000e+00 1.124947328487103505e+03 1.814159578628133715e+02 0.000000000000000000e+00 0.000000000000000000e+00 4.367593156843676105e+00 1.764680421749818152e+03 7.445241575029590422e+02 5.008819723053549637e+02 0.000000000000000000e+00 1.151939081781601089e+03 1.851206128133210541e+03 2.133808184271559771e-01 1.185851907425797890e+03 6.103810272422841763e+02 1.103133150871859147e+00 9.977099796677950394e+01
