output/example_1/lateral_incision_000460.asc
nrows	75
cellsize	13.33333333
xllcorner	0
ncols	75
yllcorner	0
NODATA_value	-9999
[rows 51 to 67 of 75, columns 37 to 73 of 75]
7.662696631757673913e+02 9.333147880356434598e+02 1.701372154363042455e+01 3.178296866110904517e+01 4.219143746713305063e+02 0.000000000000000000e+00 4.536304309335997154e+00 9.170675266892293394e+02 1.185709189499015338e+03 0.000000000000000000e+00 0.000000000000000000e+00 7.517345138784302208e+02 3.398935868640350251e-03 0.000000000000000000e+00 1.630619147465128208e+03 1.300532763851550953e+03 4.184888707750976664e+02 7.853849578263621822e+01 5.156398155938682066e+02 1.516954624817610693e+03 0.000000000000000000e+00 4.329178241219050847e+02 1.022806233656989889e+03 3.980092520229745051e-02 8.156236466999490631e+02 1.209792008442462503e+02 1.685403855623335971e+02 3.497034952699625610e+00 0.000000000000000000e+00 3.214117645298907746e+02 9.639026125328510943e+02 6.578817258081056707e+01 3.625100503797159490e+02 2.473991854422136782e+02 1.265043033308905773e+00 6.792488068969471726e+01 1.747444370932519586e+00
1.673558341635140778e+03 8.272301942070089353e+01 2.041794107934146751e+01 3.076372267505018385e+02 1.382967880204342919e+03 2.242556254514283420e+00 1.773240456916211372e+02 5.832367971181000712e+02 1.132361808432803656e+02 6.069177088315156254e+01 3.134213699844549694e+01 9.928990173893710107e+02 2.156152565476845666e+02 1.229750958769022645e+03 1.060746046397788994e-01 9.900147836374019334e+02 5.664673507983072653e+01 1.036383820866678906e+00 2.373763916251041308e-07 6.860925312301677650e+02 1.429115528022571880e+03 5.355076720147484287e-02 4.149020470431042895e+02 4.638900165309478325e+02 6.579413830171935160e+02 4.022373485359559027e+02 5.307977555796904880e+02 4.634576117609411767e+02 5.507342096149092185e+02 4.067218924676644320e+01 0.000000000000000000e+00 8.735139025002287099e+02 0.000000000000000000e+00 1.011622065918318526e+03 1.108904502006041639e+02 2.944408876082503923e+01 3.176153581185071175e+02
4.974550563418728188e+01 1.262694024306622850e+03 1.493009683913711028e+00 5.652416247544970247e+02 1.385565365359101406e+02 2.477535385190575146e-01 5.954598106097591881e+02 4.864660028846591899e+02 1.785466573368924799e+02 0.000000000000000000e+00 2.472970394173737816e+02 7.989726071110748506e+00 5.183073795348932578e+01 2.393625427516358002e+02 1.411051158372116333e+03 5.822331417085532479e+01 5.201403649423160687e+02 9.239353275818743549e-01 0.000000000000000000e+00 1.090593784543975318e+02 1.510095854232222301e+01 1.247847715937164139e+03 3.991143172220253943e-01 8.956100163644000531e+02 1.498729704602118090e+03 0.000000000000000000e+00 7.568521055990512991e+01 8.775421563086052856e+01 9.071919699551015128e+02 7.538719517618845884e+02 3.011866924130275791e+01 8.648029906814363130e+02 6.754590492258871564e+02 7.573801057484869261e+02 5.765201832856526210e+01 5.441378694439483752e+02 1.996209584937462367e+01
1.611199899293235861e-04 4.658799651959023436e+02 5.189800844322255635e+00 1.424887370246729006e+03 0.000000000000000000e+00 1.141942301856642416e+03 1.015153864841181308e+00 1.250676496655588153e+03 1.255947726609513666e+03 2.154110962519457360e+02 2.021834462695105694e-01 3.184692375849976429e+02 1.242823317435481158e+03 2.194360979110662768e+01 1.621218827055144800e+02 1.490257805365172601e+02 1.330355430400654768e+03 3.836497529640509896e+01 4.924172728077863894e+02 0.000000000000000000e+00 3.000463928438606445e+02 1.127848785049241769e+03 3.309054536021184845e+02 2.659225706200206929e+00 0.000000000000000000e+00 1.476432933914879584e+02 1.192160591484886709e+03 5.053712801000377794e+02 1.080805134070261374e+03 1.119227237631143453e+03 4.467650754755023286e+02 8.816661315974485547e+01 8.299740240343209052e+01 2.565707500895288717e+02 6.556598641967036656e+01 1.913491331609526185e+02 2.800489143450364509e+02
2.779668731356597391e+02 8.056276864979250263e+01 8.884922306438067352e+00 1.377497818197588913e+03 1.014663192278310476e+03 4.164502814843231704e+02 9.075157168089266406e+02 0.000000000000000000e+00 4.624605597709490326e+02 1.137239984601359765e+03 2.079283998546624730e+02 1.032008423764303416e+03 0.000000000000000000e+00 4.045752671299600820e+02 1.251474764633141149e+03 5.166780298929316473e+01 1.833907787303227224e+03 2.432152630475460171e+02 1.484203054502296197e+02 1.450092793077840838e+02 8.953929598115701083e+02 1.180202066370250577e+03 5.788129608565442119e-01 1.240317144635906971e+03 0.000000000000000000e+00 0.000000000000000000e+00 6.595851537425844526e+02 1.310077030946117475e+03 1.893654805843875977e+02 3.661544465526436909e+01 3.529064810699400034e+00 9.573155393410011129e+02 1.489307765708041188e+03 6.677697210123072864e+02 1.036374144310731708e+03 1.108804107604849150e+03 3.772177614417965685e+01
2.886825576166111773e+02 2.665351525824123087e+02 3.008898723348906401e+01 1.711679702775849137e+02 8.395030395927526001e+01 1.394996816626446901e+02 7.879124576534807147e+02 6.058634955555274928e+02 1.025838441456771655e+01 1.089065226744556639e+03 1.675664685073588771e+02 3.082353075972447343e+01 1.744789641190758118e+02 2.126777178817202685e-01 4.572222803306694914e+02 4.812935319964244485e+01 3.166501385453151443e+02 1.161457462727802977e+03 3.491309771764044445e+00 2.765275514854015455e+02 7.196166130714697147e+02 1.308161862094373851e-01 1.756035067111148180e+02 8.431727400550836364e+02 4.965687921840486183e+02 1.204311535435355381e+03 3.992114162717010362e-01 5.426408954258710865e-03 2.720362600107270055e+02 1.520655886833411614e+03 2.525345446033025496e+02 5.838066859692138451e+02 9.695718001646619344e-02 9.999019336571507210e+02 0.000000000000000000e+00 5.545529445169031533e+02 6.261179337342886697e+01
1.766324544365986355e+02 1.674791741979647213e+03 0.000000000000000000e+00 9.293772973938669111e+02 1.901042333271563223e+01 7.046685780475770855e+01 9.851871476008977879e+02 1.116962425909893682e+03 5.458667102724608640e+02 5.396592192700028079e+01 4.648375084129513652e+02 1.364351497846085692e+02 8.002761255003292717e+02 7.177187208626359052e+02 3.877485610249526076e+02 0.000000000000000000e+00 2.299712853125876961e+02 0.000000000000000000e+00 7.001888818310627585e+02 2.145130097296909071e+02 1.281415180643115718e+03 2.168308580174961264e+02 4.058261186047431579e+01 3.039826976545448360e+02 6.801033582998705924e+02 0.000000000000000000e+00 3.706409976677891791e+02 9.731065011452320732e+02 2.684265700101744869e+02 1.414732720439683817e+03 2.035906334850823640e+01 8.479825830211343600e+02 1.866724211140539467e+02 4.755760412957573635e+01 6.485968598400927476e+02 7.564141855502699627e+02 0.000000000000000000e+00
0.000000000000000000e+00 7.654714967230706861e+02 1.799247511266774779e+01 1.259775390973239517e+01 1.284293764673487658e+03 9.704955934643485307e+02 9.962474081828302133e+02 1.822946951706282448e+02 4.181972838615731121e+02 9.794519419333184373e+00 4.493419644972869946e+02 1.388882750985093935e+03 5.813525956712264531e+01 2.510116135864566047e+02 2.302894812386185208e+02 1.519660384949727927e+02 8.613099075266937916e+02 5.409623185331507784e+02 0.000000000000000000e+00 1.358326113156704650e+03 5.057229786524606752e+00 3.416534823680926252e+02 0.000000000000000000e+00 2.418544390930609911e+00 8.445945383889264804e+02 2.237078613235050994e+01 1.625449915468493145e+03 6.953238696325748833e+02 6.983869227160298578e+02 3.405102659464852022e-01 1.640568773676684202e+02 6.135682410645720211e+02 6.047318361030433920e+01 1.276763286992931853e+03 7.232333620149724993e+02 5.443452050033007481e+02 5.423292802538749129e+02
1.933299276698676579e+02 3.334817588935317758e+02 5.662538643141509453e+00 1.700947525927336983e+02 9.479382459263732130e+01 6.596208031438885655e+01 1.090380421558292454e+02 0.000000000000000000e+00 3.279791127577641419e+02 6.025246034353132529e+01 1.055647872658241340e+03 1.781314475744352137e+02 2.721994115374144485e+02 1.377226247644907353e+01 1.296464617121722995e+03 2.125968530089227784e+02 5.329399991811936843e+02 7.447829873210101823e+02 2.408852513558839519e+02 2.230329811643016740e+02 0.000000000000000000e+00 6.550414747268304154e+02 4.658322988511568497e+02 3.768833889553242216e+02 4.415645430010451378e+02 4.001299127322485383e+00 7.797370185577227630e+02 9.127801761055631005e+02 1.654887347530705597e+02 5.214872052952839567e+02 9.829460203103413960e+02 6.463146289621993219e+02 4.285121679794213492e+02 8.330178857307421936e+01 1.906866189545273471e+02 2.923180021645072770e+02 3.277446559939623398e+02
4.085659403873403051e+01 1.657035809053978255e+03 2.915828483622196998e+01 1.368696047176533284e+03 9.905053034588353285e+02 1.198859764606417912e+03 2.836559070765912183e-01 1.537681555062049483e+02 0.000000000000000000e+00 3.075141971432278751e+02 1.120760413730120746e+02 1.721536720699533305e+02 4.249381087330132800e+02 4.195855781319847893e+02 1.622961340794874104e+03 1.491018249935024755e+02 7.886697262703022488e+02 4.155527930600933928e+01 6.739838659445639450e+02 1.304403252038048322e+02 2.656800564012314112e+02 5.417563504609344136e+02 7.000500352033366198e+02 3.328191225068997561e+00 1.628615016384540013e+03 2.967692711286485263e+01 6.659223943263616547e+02 2.707708021191542116e+02 3.185809561315646188e-01 2.329129441945143526e+02 1.468295830178712777e+03 6.212212495486136632e+00 1.161749909064174080e+00 9.162226468778181925e+02 5.324599543475793553e+02 1.660830828428114955e+03 1.391280357887754917e+03
5.813371345599759366e+01 5.336188718923962142e+02 9.163246917354970211e-01 9.477950049020588494e+02 0.000000000000000000e+00 7.926803305692865251e+02 1.286446877121488342e+03 4.728368495908974865e+02 4.440709218767865423e+02 6.317973099183125214e+02 6.874229414866390186e+01 1.401801435058891002e+03 5.970654616358347084e+02 1.492825434641868831e+01 3.635787181689126442e+02 1.193812978363354773e+02 7.666198966416214944e+02 8.674488813448151703e+00 5.151195442080651219e+02 3.359317175374307567e+02 3.838035525033141226e+01 8.722829871647624600e+01 2.386756496451010605e+02 1.032634794597664154e+02 4.399350696645058747e+02 9.819415018196909273e+01 2.038725767618198574e+02 8.938641798312863784e+01 1.072636116865460281e+03 1.418408439943943620e+02 1.514652056981426131e+00 7.321116951360071425e+02 1.460092542705147025e+03 2.459775950105080540e+02 5.624094235743536956e+02 7.308940633212504281e+02 8.726395500100541369e+01
0.000000000000000000e+00 1.489660420705425622e+03 2.381206361926826531e+01 1.630365617382914024e+03 5.873395983666748634e+02 8.560437363205951442e+02 8.024806638261684100e+01 3.003152075521360231e+01 4.610934892809980852e+02 9.587984700959783879e+01 4.241544746385138751e+02 1.276118076831195509e+02 2.911890274370986731e+02 0.000000000000000000e+00 1.419631449331581734e+03 3.524654894002193259e+02 7.981249408453037404e+02 7.908641943417459288e+02 1.522747399184456469e+02 7.479237321022791321e+02 4.524836944797262959e+02 3.082694185727830316e+01 8.433137740086793599e+01 3.370855946157770688e+01 2.280298691430213687e+00 1.208727705707479345e+03 4.174023185980857420e+02 2.941525422471320095e+00 1.314461277343116080e+03 3.036983342446251655e+01 9.564644769744739961e+01 0.000000000000000000e+00 9.630406949477011835e+01 3.576800906584192035e+02 6.026190112045175056e+02 1.592431838844524464e+03 4.518942536827788015e-01
2.088456703615598826e+02 6.062231890544289854e+02 2.211200042595411475e+01 1.107516420125139348e+03 1.391671983252152813e+03 8.033931469057897630e+02 0.000000000000000000e+00 0.000000000000000000e+00 3.534470688214236134e+02 1.025972448618483384e+02 0.000000000000000000e+00 1.630957424609008740e+03 5.124864277176311589e+02 7.277027627475756617e+02 5.900410230051852523e+02 3.102796927114244241e+01 1.341580731199345564e+03 3.712530172734764733e+02 2.595098654194707706e+02 9.022436601355930179e+02 7.654254810008500272e+02 1.651878256815266122e+00 1.278424670676976348e+03 1.291700391093460212e+03 2.687837904524425170e+01 8.236211404598528816e+02 9.363944325926448755e+02 1.693906442755051557e+03 1.064076728673336589e+02 0.000000000000000000e+00 1.237323186600055578e+03 1.253631757958379467e+03 5.818668394886142323e+02 1.075162806684327052e+03 8.471218843943550780e+01 4.299085149417699370e+01 4.578724762327348685e+02
6.794192933796654188e+02 1.432104815304847101e+01 2.737356957422041432e+02 2.828748071172368483e+01 7.085755582984746752e+02 2.287659630147731207e+02 7.259876788905877447e+02 1.372433122689638139e+03 1.106963537262850878e+03 1.701686018421193012e+03 0.000000000000000000e+00 1.928768982711663682e+02 0.000000000000000000e+00 4.366591748385571918e+02 9.092271617994332473e+02 2.994466226726553373e+02 5.958398577712839739e+01 3.140533886437036770e+01 8.203848990484027581e+01 3.605904716652910906e+02 2.605830277727091584e+02 1.296062755433646316e+03 1.612005032821131408e+03 1.260167080586622660e+03 1.909117157240835283e+01 4.358707652696245987e+02 1.413856898025968121e+03 3.545598753393345532e+02 4.547696740847451338e+02 6.939508593024228276e+02 2.025634891815994365e+01 2.426739667224780135e+02 9.529474976814977936e+02 4.798527695869771570e+00 1.225016216817059558e+03 4.539676008532343872e+02 7.189992460577199154e+02
2.224384188797359130e+01 6.246240861107714863e+02 4.095119799098370095e+02 1.416961090039003238e+03 3.278875159700264330e+00 1.337620621204836198e+03 2.160241878504736633e+03 1.551577783807615560e+02 1.012208567939105933e+03 9.919893092986674432e+00 1.590692120132664286e+03 7.678232528266888721e+02 7.094483971983700030e+02 5.343036223169692676e+02 6.240273388910291885e+01 1.980768161339602216e+02 0.000000000000000000e+00 7.666002655125388401e+02 1.081070913371685265e+03 1.177897792604437299e+01 4.199797354286370705e+02 1.710132736421944628e+03 7.108673738321357405e+02 2.928636564785527412e+02 1.360982415767354015e+00 4.299353585677620231e+02 1.574714904891644629e+01 1.646026516094973147e+02 1.243456936301740399e+02 1.568289694168250925e+01 1.563360303999106463e+03 6.640832106632594822e-01 1.678555886123981281e+03 3.404746664652017216e+02 6.086637739582423592e+02 1.429684701955850187e+03 6.086236514806136455e+01
2.647404475073610683e+02 1.013411885411301341e+03 4.902282651898539001e+01 2.345296967478956958e+03 1.164656718633337050e+03 1.655702941275876938e+01 1.516080126286427230e+03 3.632828131869427466e+02 2.365991287590739489e+01 1.523236695117078170e+03 1.279489485113777846e+03 6.566917824406635873e+02 2.766511792028550354e-01 1.913358507502982775e+01 1.371758081266266061e+01 3.572666111573940384e+02 1.774546397065626309e+02 3.022518813276795413e+02 4.647553629119713037e+01 2.984341933335691124e+02 5.566914100288316831e+02 0.000000000000000000e+00 8.836655339803441223e+01 1.249180979152318741e+03 5.161187338585263973e+01 1.181785776718323405e+03 9.961676611016605420e+02 6.986935193122067176e+02 4.955724302803524495e+01 3.909654400118513990e+02 3.784320653444887057e+02 8.261623854468285799e+02 1.536456883453048761e+02 7.733537583294989872e+02 2.401381075696567677e+02 1.451321080165220394e+02 3.809255352131089012e+02
2.568858300172268514e+02 3.486113622624506547e+02 7.141599285618903536e+01 0.000000000000000000e+00 1.784608035698454387e+03 5.464733663043516572e+02 3.336388445694769445e+00 0.000000000000000000e+00 4.940569225859426297e+02 1.470198274492596966e+03 2.474215740166847297e+02 9.338685093970335629e+02 4.474689147246674565e+02 1.358935179984939445e+01 1.489543936425972825e+00 5.019001373420517780e+02 4.787621876549243893e+01 7.775735573658626265e+01 7.012469980836137040e+01 7.607364829286868826e+02 1.295829973661071755e+01 7.853079608139710288e+00 3.384853700284940459e+01 8.685209405855745501e+01 1.539722609417754313e+02 1.125922622209958035e+03 0.000000000000000000e+00 1.018111900092970359e+02 0.000000000000000000e+00 6.291374169051061926e+02 3.030415161727665918e+02 1.295572132505332092e+03 1.262158341353230071e+03 2.202029444291577764e+00 6.080234776180519702e+02 1.018564344635280008e+03 4.367245281907091226e+02
