output/example_1/lateral_incision_000142.asc
nrows	75
cellsize	13.33333333
xllcorner	0
ncols	75
yllcorner	0
NODATA_value	-9999
[rows 17 to 33 of 75, columns 37 to 73 of 75]
9.991321102713416735e+01 8.370755612451050638e+02 8.423524180323734356e+01 7.110693545266908586e+02 8.568726451827101300e+02 1.168413303071620021e+03 3.262162955589345188e+02 1.625430798440896524e+03 2.743406395196354310e+02 5.736726777383851505e+00 2.815354296917911938e+02 1.018518015954468979e+03 4.326781088101722048e+02 1.596896931914715489e+00 7.111455224397415122e+02 2.742673475720529837e+02 8.450625901079906299e+00 1.028214466015369908e+02 3.838240333467532395e+01 1.799704615098422611e+00 1.577476891421051732e+02 4.833213606744511139e+02 1.181294856073466235e+03 6.880866350083826299e-01 2.096340337380005394e+02 6.297105339484508901e-01 1.047261509451983130e+01 1.469961004831788614e+03 1.448634714547397607e+03 8.361741699094127398e+02 1.613961413533135328e+03 9.788441241312572174e+02 6.127004583889107403e-01 5.999427095382643529e+02 3.738677060541402284e+02 1.237150078317899613e+02 2.493362510242216956e+02
5.722356369766974922e+02 2.073919293106173427e+02 2.833095674626616756e+02 2.004231144807276266e+00 9.170215694148454588e+01 9.708381714723350342e+02 1.005235064501391804e+02 1.069264214497866078e+03 4.604962074251056414e+00 4.986703399452115377e+02 2.060313334460053909e+02 4.445885559499664907e+00 0.000000000000000000e+00 2.673947432714672345e+02 4.287344939144802538e+02 1.730709144480533155e+02 4.580185249254622448e+00 2.792337110071214283e+02 8.133055922817047190e+01 0.000000000000000000e+00 6.713633844799660189e-01 9.331138036817925752e+01 4.010063457887006848e+02 7.112792575704409046e+02 2.125972304294446058e+00 8.037453459707148795e+02 5.615661112048818495e+02 2.515454752154350331e+02 7.410600747471160332e+01 1.508500989819094400e+02 1.128454170140702445e+03 1.156149738355096588e+03 1.082953955589790439e+03 2.222093829383525758e+02 9.522850211089396453e+02 9.482003063756631036e+02 7.472072341026320146e+02
3.369605538186022500e+02 1.372746382083223011e+02 1.180706988141930225e+02 6.378826102365195538e+01 9.555124858800818188e+00 1.764743027095232675e+00 1.276853684318633331e+00 1.204643453648359355e+03 2.720526065077161704e+01 1.332862204398019834e+01 1.259507449609271390e+02 1.196814551316880852e+03 6.275884972240613706e+02 9.894542439302181691e+00 1.052257400054734944e+03 6.858412004759730785e-01 1.893736476250437306e+01 8.384273014205662067e-02 4.171397031959526203e+02 1.001726402272317728e+03 4.306021064197828423e+02 2.092076723002940639e+02 1.881248595250681177e+01 1.630605519881267128e+03 3.808937923627778166e-01 6.418109648055398111e+02 0.000000000000000000e+00 3.233164153687062026e+02 4.355795106596501931e+00 6.048287187983927424e+02 8.712420026791255268e+00 3.081114572093830475e+02 7.955077806151464870e+00 1.020734796423528878e-01 3.610458122808142889e+01 8.637884610217927275e+02 0.000000000000000000e+00
3.390639452551014870e+02 6.995145721266231931e+02 4.888868806833536951e+02 2.986270431866248032e+02 2.430651776144373333e+00 3.879211812464799891e+01 1.984640694691539977e+02 1.456667559175591009e+02 4.265412680566506687e+00 5.158561584702995333e+02 5.131308861145387255e+02 4.892154034054448175e+01 6.253514988867021884e+02 1.430619457165925724e+03 2.038900783286566423e+02 1.087567807847480481e+03 3.041325921811889099e+00 2.721536654869871086e+02 1.392959632948666240e+02 9.055347551507846902e+02 0.000000000000000000e+00 2.566612204332525948e+02 7.003680008013328688e+02 5.867906184247169676e+02 0.000000000000000000e+00 6.417546262890801927e+02 1.082920685359934851e+03 1.223876969048398450e+03 5.530624361212093163e+02 9.164293902650323389e+02 4.882395593955580182e+01 1.506171495826398257e+02 7.858293182731672655e-01 1.573710910428412717e+02 1.076238727331631480e+03 1.113955075575550836e+03 0.000000000000000000e+00
3.130337656979788221e+02 1.125476368912870612e+03 1.475200913602259334e+03 1.193190378029559952e+03 7.266443954190414445e+01 5.617608897271192063e+02 4.890445338215546940e+02 4.082629279052480911e+02 4.692344253846030711e+01 1.291768380793145932e+00 4.863005543872013732e+02 4.959173010437006468e+01 1.111697498022243735e+03 1.671557301114396807e+02 4.742457539483130091e+00 4.076168659209677685e+02 4.413635467837988813e+02 0.000000000000000000e+00 4.806300070720094020e+00 1.856207450147927318e+02 7.382171789715111743e+01 9.523436928201688190e+00 4.264384315655162823e+02 9.982442517080212383e+02 1.762805916380123961e+00 1.010557543853338545e-05 0.000000000000000000e+00 6.378896002327970791e+02 1.268223060859600309e+03 1.373954632034430858e+02 3.022791034787276772e+02 1.674202524842926039e+02 1.252791164652674496e+02 3.922919589082996339e+01 1.107755556111199667e+03 2.024370960605138947e+01 4.938449889518046234e+02
2.228103137319778568e+02 3.532192890284349573e+02 6.449350328734961124e+01 0.000000000000000000e+00 1.759047129807005945e+02 1.038713478380076594e+03 1.315923282851875626e+02 2.779257257838374926e+02 1.316418791742560643e+03 1.059512020953194678e+03 1.389707303608012126e+03 2.392020793893671282e+00 2.141694061744602493e+02 1.208111356871251019e+03 1.631534319646132190e+02 1.539698979218953268e+00 8.250356033041091450e+02 1.390166144848464036e+01 7.021772976139483262e+02 2.010242145208418094e+02 7.166945627954115707e+02 1.120208408574125230e+02 8.154560802480435910e+00 5.171575520367377266e+01 8.835153370895462785e+02 1.255783786796615459e+03 0.000000000000000000e+00 1.401571190538419032e+01 2.479177520642700472e+00 4.185641117090964514e+01 3.123891639329223313e+00 4.803204608812164906e+02 1.003297950703713354e+03 4.532327157014231602e+02 2.033854977917752933e+02 4.914392171796912407e+02 1.204250761518681429e+03
1.875932005608156885e+02 4.068804855054894460e+02 2.653724831317468897e+02 1.269553809562386959e+03 1.504811675834814366e+01 1.083704491831217183e+03 5.482859747705159634e+02 5.573626066114484301e-01 7.993748758566221113e+01 3.111044471295246581e+02 5.772407323502021370e+01 6.688187599357407862e+02 3.501105090600236736e+01 2.801476308293910122e+01 1.173547210110692504e+03 1.074166204639820762e+03 1.147318847238900759e+02 7.640555918009513903e+01 1.519159992632750118e+02 2.028610720371240572e-01 0.000000000000000000e+00 9.772488391346778371e+02 0.000000000000000000e+00 0.000000000000000000e+00 0.000000000000000000e+00 1.002287727638236902e+03 7.276848971392407748e+02 2.437203623348223971e+02 2.276888858120953785e+02 6.287462604423626544e+02 5.256205869396827666e+02 0.000000000000000000e+00 3.199403355146633317e+02 2.278967484582734293e-01 1.296891243860745362e+03 4.311335800721120108e+02 1.939977144847754857e+02
1.669103058819913485e+02 1.670149587303725696e+02 1.367644510801821127e+02 1.028734754910313086e+03 2.113970215109248485e-01 2.134272799251141066e+02 6.809979380929080435e+02 0.000000000000000000e+00 8.309410778261848236e+02 8.031523750892495173e+01 1.299577411035799628e+02 3.426416290788561128e+02 6.026874372218010194e+02 5.228361181109155496e+02 3.679064892064336050e+02 1.596677947178723343e+03 9.186586942568243330e+02 7.978244333063547522e+00 1.676965585726767358e+03 1.111298147061409963e+03 1.067638782033194502e+03 9.945052486565747474e-01 1.032731496388498499e+03 1.417461239714526528e+03 0.000000000000000000e+00 5.055889815149324704e+02 3.618771739351215189e+01 2.590449221569031693e+02 3.202652057118922926e+02 6.065109074286863944e+01 9.787047694615287128e+02 0.000000000000000000e+00 0.000000000000000000e+00 2.730333885084631902e+02 1.495531461410113252e+02 3.219116453376485083e+02 4.855951919034686171e+02
1.792720938367940278e+02 6.326329607263438959e+01 1.413614583044570105e+00 0.000000000000000000e+00 3.055375823603464482e+02 2.963378875530658547e+02 6.783709613863027243e+02 1.537266499217399485e+02 8.534846020003612921e+02 5.049310667464192761e+02 1.851404165530623303e+01 6.707968810595061476e-03 2.574362301077444499e+02 8.084599246132246435e+02 1.021931243745276952e+01 1.045141763537953544e-01 1.519159992632750118e+02 4.225178385482840326e+02 1.941259536415646858e+00 1.619121767894634331e+03 0.000000000000000000e+00 1.419491109066306308e+03 0.000000000000000000e+00 0.000000000000000000e+00 1.318388971610124258e+02 3.421310975912835488e+02 3.004497355850286908e+02 8.083451329367620701e+02 0.000000000000000000e+00 3.322076912321951347e+00 2.051982602767954518e+02 1.023734842849431725e+00 1.939688969484791770e+01 6.363681524304025743e+02 3.204603983399782692e+02 1.442637540494181714e+01 6.444587968301468663e+02
5.068118866713657411e+00 2.059092943385413719e+02 1.855833558027070396e+01 1.055754947533317363e+03 1.591395955332798735e+02 0.000000000000000000e+00 7.453747474147162393e+02 3.872807055838047745e+02 1.486942263938518352e+02 2.473187876699595051e+02 1.054206597805429283e+03 8.640800366469085247e+01 4.167343540338630703e+01 7.831145657500954149e-02 7.548204383562009525e+02 2.988690958564963580e+02 1.881361080373339973e+02 6.529723701293916065e+02 1.616001497485250184e+03 0.000000000000000000e+00 9.620439259975076993e+02 9.269207961350768983e+02 1.343931751259288603e+03 8.250108762771602642e+02 4.184787437077505956e+02 6.379071531973496576e+02 4.234105208288251987e+01 1.218299994857254376e+01 1.520598958405082080e+01 5.790619144000570486e+02 6.267854465058757540e+01 6.589129411805112113e+02 1.005156392785368780e+03 4.785795366172070544e+02 1.265669775981835841e+02 1.571661350163403981e+01 5.392842533342268929e+00
0.000000000000000000e+00 5.243571376701680009e+01 5.433337265488288326e-01 2.433191643922351375e+02 1.222323057094396290e+03 2.442852657452771155e+02 7.395522048693396755e+02 7.508238665472598541e+02 8.604167224549156856e+01 3.936159992022068081e+02 0.000000000000000000e+00 1.129955669990711385e+03 1.563817792272778604e+02 9.869632879251963686e+02 7.527896122689800222e+02 2.934338793921981220e-08 7.886329819705360933e+02 1.068493921382177177e+03 2.959980132874532046e+02 1.396015190918009694e+03 1.441278700852663519e+01 6.023620994841301126e+02 1.311288774267654389e+03 9.163239926796951522e+02 8.317027221339627374e+01 3.618200240367310272e+01 1.551651984553475074e+02 4.247485015778524371e+02 1.334545897089024322e+02 6.310236989126759966e+01 5.231049605345577902e+02 0.000000000000000000e+00 3.285144791389078733e+01 3.523050564298443987e+02 8.810919857771450836e+01 2.966601499594576552e+01 5.533089369012429870e+02
3.464062113131416822e+02 0.000000000000000000e+00 2.459845337175101179e+02 3.880767210075441085e+02 3.163548551555081900e+01 2.819637539025456885e+00 1.343794165055565827e+03 1.076568758346506456e+03 2.746344126717751806e+02 3.321174665693349226e+01 5.618551218097128412e+02 5.683394528068299678e+02 3.141247448288980308e+02 1.087231042165634776e+01 3.401689948804541359e+02 6.558680375237556746e+02 2.294782072018582308e+00 1.689487704653372191e+01 4.318666861976769411e+00 5.683257442795083989e+02 2.735705353938847756e-02 0.000000000000000000e+00 9.846899836899226655e-01 4.922200777143002881e+01 3.639304424360834105e+02 1.245999115090292889e+03 3.386381806263257204e+02 3.541818421037011166e+00 8.082859026823178965e+02 5.537616346263410350e+01 0.000000000000000000e+00 3.014859119456833625e+01 4.642997163671461180e+01 7.878624911814683855e+02 1.035149420387471764e+03 2.041117074162611402e+02 5.514227588646117795e+01
7.500669489698533710e+01 9.763705971520396361e+02 1.230861605463875641e+01 1.096204465567288025e+03 1.504015901267650634e+03 1.449566719250129381e+03 9.298149330277341917e+00 1.407526654068247126e+03 1.495746945297129287e+03 1.038642722371386817e+01 6.893121835084820077e+02 3.670870839427978893e+01 9.646385793406543598e+02 5.869155931480923982e+02 1.435916670831997237e+02 0.000000000000000000e+00 3.529050838318627257e+02 9.517803089727098040e+02 3.637086951600405200e+02 3.910978518037369511e+00 1.086007564116031062e+03 5.730108713454641247e+02 1.380932098030664065e+03 4.625769018318088115e+02 0.000000000000000000e+00 1.014446641490818593e+03 4.397569802478473093e+02 1.181978837405775984e+01 1.001181586889005786e+02 1.004789230729120163e+03 5.163823152778265921e+02 9.277326808073971165e+01 2.343343243664367890e+02 4.689635611799917309e-02 2.505912783738490912e+00 3.505133795897394293e+02 2.269654621388897908e+02
1.357846290424194002e+01 2.694040028265808360e+02 0.000000000000000000e+00 2.583471407689227703e+02 3.757892122719135752e+00 0.000000000000000000e+00 1.988196182375995136e+01 1.129640349179450595e+03 9.947250170890455934e+01 3.305267533354973608e+01 1.609848988508799152e+02 3.166578923078868790e+00 6.614308938192750702e+02 1.991413787904470496e+02 7.793058573948020467e+02 4.229454087911885374e+00 0.000000000000000000e+00 2.637797869494928338e-01 1.256018769108693277e+03 2.574331030081465954e+01 4.201539242548445827e+02 1.217296919338122962e+03 0.000000000000000000e+00 6.033793947619145683e+02 7.016348577966017501e+02 6.023344347520599662e+00 2.993535211611120985e+02 5.566408137236117000e+02 8.781697010828046359e+02 7.694753360516388057e+02 9.300471459948623121e+00 9.537664639368496182e+02 1.077704282884096529e+03 4.569140956922176429e+02 5.003980180142551148e+02 3.307079699498566470e+02 2.091219065594454207e+02
8.109678467721406605e+02 2.011812480159279346e+02 4.938747365880161055e+01 9.240507354331039096e+02 0.000000000000000000e+00 6.148025086766003824e+02 1.634377254551696296e+03 1.081336405141557044e+00 1.360655981528115262e+03 0.000000000000000000e+00 7.778990678148551297e+02 2.147754679775788844e+01 1.724685964273718071e+02 3.116021235215289380e+02 1.842563355690870992e+02 3.443268771871620402e+02 6.790131326469762030e+00 8.965534824319809104e+02 1.353886235702794920e+03 1.268334210937177575e-01 5.837686386215829089e+02 1.125205788416678416e+02 3.047638874501005262e+02 5.392053285121236286e+02 0.000000000000000000e+00 0.000000000000000000e+00 5.894636159576801901e+02 1.052850854132225322e+03 1.313431280756457795e+02 1.042561071685258689e+00 8.930912549593518861e+02 1.298122332139373157e+03 5.822249651860344244e+01 2.008973759597452258e+01 2.639718516347604691e+02 1.154883571263689873e+03 1.631590163414718830e+01
3.678797520791758870e+02 0.000000000000000000e+00 7.553912886244938818e+02 2.376603449946978515e+02 5.804964408756634953e+01 1.209762594849042216e+03 8.118617598183706150e+02 5.033096364720141196e+02 0.000000000000000000e+00 1.206079943045673645e+03 1.074858742352784475e+03 1.697365039234162865e+01 8.848427130506612457e+02 9.871863624001510118e+01 1.112810818983327181e+03 8.690755223739101893e+02 4.502123881518755866e+01 4.273781703257983011e+00 1.390765761195547839e+03 5.464335014848063776e-02 5.502871463294659549e+01 0.000000000000000000e+00 5.299142591512836589e+02 0.000000000000000000e+00 8.722664727757730816e+02 8.030701603230393175e+02 1.673093717924494285e+03 1.156591914938820480e+02 1.874492631688708144e+01 7.785524710755906881e+02 1.119377553093574079e+03 3.192565878775005785e+02 5.065994593358350926e+02 3.203232741795742413e+02 1.948694662574524372e+01 6.380747103046624034e+02 8.637731008872531646e+00
6.726697210171282677e+02 1.866085560424801315e+01 5.275857356816121069e+01 4.405197513594008285e+01 9.535775520770513367e+02 8.488831233177859303e+02 5.997556770510166047e+01 1.198387308201869928e+03 8.175299277893850558e+02 2.272189809711568476e+00 2.140133495867486246e+00 2.059967996079838315e+02 5.513611148576767391e+02 7.519445720682907108e+01 6.791975717678992623e+02 9.838740687753412431e+02 4.734472438846761406e+02 0.000000000000000000e+00 4.343646987701382614e+02 3.189569521166511095e+02 7.452411072872406450e+00 1.372340782459303682e+03 3.362117294446684279e-02 3.084169336502802139e+02 0.000000000000000000e+00 6.802328446489026419e+02 0.000000000000000000e+00 0.000000000000000000e+00 1.412131716693215594e+03 3.556691476249175565e+01 1.734807147154549227e+02 1.182490934449475162e+03 7.386189659140993626e+02 5.230892877819380828e+02 7.655315149061069633e+02 1.503614735779431840e+03 3.520104197826736936e+01
