output/example_1/lateral_incision_000199.asc
nrows	75
cellsize	13.33333333
xllcorner	0
ncols	75
yllcorner	0
NODATA_value	-9999
[rows 0 to 16 of 75, columns 0 to 36 of 75]
0.000000000000000000e+00 3.111560667785954148e-09 0.000000000000000000e+00 7.593259462781106777e+02 1.366821773850643012e+03 6.938183004394281852e+02 3.322898466254517871e+02 1.334620413499106235e+03 3.989037117104237495e+02 5.961565685188394070e+01 4.119027829936420204e+01 1.194283342739616287e-05 2.638001873447476815e-05 2.026420197800674146e+02 9.274754642652583314e+00 0.000000000000000000e+00 5.412460465191597483e-06 0.000000000000000000e+00 1.430772275955948469e+00 2.055395778728417444e-01 0.000000000000000000e+00 8.214038731092654518e-05 2.132444891575236974e-04 0.000000000000000000e+00 2.052103043362334955e-01 0.000000000000000000e+00 1.467995409988723132e+00 2.394697288128030332e-06 8.592563712945595588e-06 0.000000000000000000e+00 1.059712603314569833e+03 8.672218059349546593e+02 9.240312403002536712e+02 0.000000000000000000e+00 0.000000000000000000e+00 0.000000000000000000e+00 1.698044969286322470e+01
0.000000000000000000e+00 6.692630846556365753e+00 0.000000000000000000e+00 8.986355025057363264e+02 2.215433694015822539e+02 6.718291528649423299e+02 5.871592942234665315e+02 1.667000437543781572e+02 8.086859933058675551e+02 5.251562736028776044e+02 1.624981740043544898e+00 2.663333595828128963e+01 2.075377802363997830e+02 5.254029823123846654e+02 9.046537974908738988e+02 3.139775216685563919e+02 1.871878876377573589e-03 1.315370211327804057e-06 6.474550108259450099e+02 9.708100346266988367e+01 5.892164790052237322e+01 8.763151664203197910e+00 4.623939332681852754e+00 3.924501073987429436e+02 1.920507271616947946e+02 2.293648233954635174e+01 9.662371485168516072e-01 5.540484788662165556e+02 4.257561228666174316e+02 1.094801239961403098e+03 1.082504906947693968e+02 1.742354794066984596e+02 4.843894383846052278e+02 3.655390711571771423e+00 5.044055294350693538e-03 4.922751156755404622e+02 4.318747578202693660e+01
0.000000000000000000e+00 1.552092562870589290e+03 9.312669383842968500e+02 5.853502700846045173e+02 1.628044878445813993e+03 6.434745542109799317e+02 1.389424922579978102e+03 2.780703257670300488e+01 7.625546299931803560e+02 4.544541068203152463e+02 1.248547837775202652e+03 1.144408595832618403e+03 6.283185918186919707e+02 5.280570545134308986e+02 1.444907689385611604e+02 1.621150094590169829e+03 6.795387050295066729e+02 3.669541380584481516e+01 1.376829860032267788e+03 9.534391641296456044e+01 8.594503499233790080e+02 7.270257988390640946e+01 3.920194682828977761e+01 7.060959706489464907e+02 1.140475675935351632e+02 1.275081566065169909e+02 8.725972505708377867e+02 1.943643767923253733e+02 5.221993157636482010e+02 1.067689212228158766e+02 2.755140854105082440e+02 8.158108126800710735e+00 4.225307278972123868e+02 9.099709913976028020e+02 4.000844849218751875e+01 9.196483103932882841e+02 3.761633657105665662e+00
0.000000000000000000e+00 7.486918967917147256e+02 2.244663956777487783e+02 7.662358297422781561e+01 1.899366553577182515e+02 1.099536409576043638e+02 1.672807359922402952e+02 1.276176839990406719e+01 1.219342902081652497e-01 1.758860714657446636e+02 9.369664179920789149e-02 1.868230623572861293e-01 6.342656838788159348e+02 5.928005844196673024e+02 8.939064063518304692e+01 1.318199688073007565e+03 2.879831740203223376e+02 7.827147413848649649e+02 1.017780598276038404e+03 2.446829776236058152e+01 4.160024552336313377e+02 3.579953456608568896e+00 7.265847732884006973e+02 1.118393240807895836e+03 2.514998660233738903e+01 8.027221165036340267e+01 5.130008959060993448e+02 0.000000000000000000e+00 1.900058527977647316e+01 3.254447328181540655e+01 1.319087416044067140e+02 6.505146544142653511e+02 1.209937923562247533e+03 1.110090771287808593e+03 7.947602996034645457e+02 3.434655196591436379e+02 2.955367367281629853e+00
0.000000000000000000e+00 0.000000000000000000e+00 1.266233775826299507e+03 4.208088593738355598e+02 1.251854900150658523e+02 4.802700196594623208e+02 1.512639149961026996e+00 2.020788384214171174e+01 5.921311979750241150e-01 6.708623188903449091e+02 8.108432162601182824e+01 1.807803176662934845e+02 3.474892587926950114e+02 1.731120355686453820e+02 3.703172294309005110e+02 1.537838167309421777e+01 1.637646958904551411e+03 6.488480384350147006e+02 3.941888956725753790e+00 1.030238201738232647e+03 8.982417685281344575e+02 9.303846884914263455e+02 2.143380051320879431e+02 1.171251687981488203e+03 1.027948386887702554e+02 9.121159018924144846e+01 8.050467682983791065e+02 1.303681868211831185e+00 4.722939918177035423e+01 1.415479788895752108e+03 1.545389566207955170e+02 8.777696351262194412e+02 6.540800781786715561e+02 6.667221826367985216e+01 6.681627441043401632e+02 2.084327231027704102e+02 3.760911417580085185e+02
0.000000000000000000e+00 1.022218916657102113e+03 1.005386720356101023e+03 3.100269752336064357e+02 4.423303640758592792e+02 2.669603254448199436e+01 0.000000000000000000e+00 5.377235633511152173e+02 5.644664774624876600e+02 3.709078338080062167e+02 4.630361665738916486e+02 1.081554675810338750e+02 4.105695594580783592e+01 6.231685669067860545e+02 5.371142496568767077e-01 4.281025957749304212e+01 6.764299469171104917e+00 1.685189899433508799e+03 1.022125686745973354e+02 7.528388990114812032e+02 4.118554572375392908e+00 0.000000000000000000e+00 4.064282358722881128e+00 2.512633280471003872e+01 1.297556559519022130e+03 8.670665685310500237e+01 5.866104867359067612e+02 9.208011020692684667e+01 5.953753027984838582e+02 8.139099219006041039e+02 2.210171882352278203e+02 1.144736938596284745e+03 2.851885366530170813e+02 3.849374693888698289e+02 6.505464643543001557e+02 8.069064295836744805e+01 1.254890256945706142e+03
0.000000000000000000e+00 1.005592806413624885e+03 1.339137095382717007e+03 7.123980797373014866e+02 4.893851239226960956e+02 6.940359379536928373e+02 2.044624246166988257e+02 6.416727482273320682e+00 4.542934502663601961e+02 1.494671209722304006e+01 7.672657248859444508e+02 1.136911258774050424e+02 3.216789476574669493e+02 1.716152482942508470e+02 5.523619056777376954e+02 6.887140483974029621e+02 1.877785720273444099e+02 9.124062804706725274e+02 2.604592986288322809e+00 9.672362012061433916e+02 5.133509002117840510e+02 0.000000000000000000e+00 1.232112649366160468e+02 1.252174798343333350e+03 1.927911950880592258e+02 1.432358135074193569e+03 1.026190507856530019e+02 4.225745597238736551e+00 1.949236208553330698e+02 4.552439366532713620e+02 6.064837636474572236e+01 9.269270659138377368e+02 1.249863798069241305e+00 0.000000000000000000e+00 1.067592024181725918e+02 1.239898053795571053e+00 1.462731924195316537e+02
0.000000000000000000e+00 0.000000000000000000e+00 5.551326029410543583e+01 5.950440095697889120e+01 7.856988426894235999e+01 6.042110714006654462e+02 2.826519733074910050e+02 0.000000000000000000e+00 8.217669451577052087e+02 8.436379917440307281e+02 7.675961075003909855e+02 2.137641166857067390e+02 2.486180509750385070e+00 4.715606182750373421e+01 1.263280130999257381e+03 0.000000000000000000e+00 3.774279658447254633e+02 1.304105063648111695e+02 0.000000000000000000e+00 4.753066404333588935e+02 4.341976111557486888e+02 5.335565522228988584e+02 1.671693644105474732e+03 9.045539869950756096e-01 3.200827010220439206e+02 6.116562448442845152e+02 1.773315115405795552e+02 9.269409050557476348e+02 4.025818370046359860e+02 1.527558689427944273e+03 0.000000000000000000e+00 0.000000000000000000e+00 6.711727483311479148e+01 7.426150798742431789e+02 5.886881460639490342e+02 5.674665962375594290e+02 2.087906840403338435e+02
0.000000000000000000e+00 9.749687511715222854e+02 4.764808695164770143e+02 8.505787969415696352e+02 2.971932544217621626e+02 6.097941315911738229e+02 0.000000000000000000e+00 2.310388967473780042e+02 1.205144950876812118e+02 1.446179286614541525e+03 1.869186157766698386e+02 1.308384683276911346e+03 3.884266001857029238e+01 1.254212315278662402e+02 4.065687126529354600e+02 2.979103838994238345e+02 6.299314057354332590e+02 6.347018927028135193e-01 1.356511595299150486e+03 1.705525555107941273e+03 9.910437883320688570e+02 6.840521926663317345e+02 2.741510596382979159e+01 4.772420517833587610e+02 6.160693130149213630e+02 1.405945302701496189e+02 0.000000000000000000e+00 0.000000000000000000e+00 3.843960629442104278e+02 1.123312527050295699e+02 3.922115157118131190e+00 1.341673749464345747e+03 1.425489397292609283e+03 4.658010562289324241e+01 1.887849193650036739e+02 4.587805632170220633e+02 1.431347456891061938e+03
0.000000000000000000e+00 3.998360087891676358e+02 1.354930808389566543e+01 1.658066728446426907e+02 3.667433704377044137e+02 1.576780653541914489e+03 1.694136056139596747e+02 1.098734961677616084e+01 9.113315971118477137e+02 0.000000000000000000e+00 2.736334394884304402e+02 2.071615629956065519e+01 2.731566901834746091e+02 1.869456885292426875e+02 5.268221864473975984e+02 1.860358515705489779e+01 8.762686989595773639e+02 1.557865133106306075e+03 2.766283916163529089e+00 1.073708142749896979e+03 1.520367527244151518e+02 1.190178832467512438e+00 7.529258342384323441e+02 5.336337614518611190e+02 6.364644721734691046e+01 1.253325165060485915e+03 4.356020498803282521e+02 1.087633444711693073e+03 0.000000000000000000e+00 1.071622521601275366e+03 1.481133303206792561e+03 4.130264550843138482e-01 1.254725240551156730e+03 1.179345076210218849e+03 2.861220011111533304e-02 1.108908227771366683e+03 7.415886164209618983e+02
0.000000000000000000e+00 1.902376038974771291e+02 6.939889981920376840e+02 7.671699715644012940e+02 7.417521772439317829e+02 1.022185241577054057e+03 3.575331405939655127e+01 5.094480961737799589e+02 0.000000000000000000e+00 6.705588614841940398e+02 1.140696678913760479e+03 1.306062735670933819e+02 4.265871721812975466e+02 0.000000000000000000e+00 1.430690783672735051e+02 5.562332750433449746e+02 0.000000000000000000e+00 4.536244860047593761e+02 4.551876363091778899e+01 5.728028799915489344e+02 0.000000000000000000e+00 1.228857960569803708e+03 1.413828730246651730e+03 1.588073680192501058e+01 1.113567248583998435e+03 2.520063354483887963e+02 5.167020998052919367e+00 6.462975436061642931e+00 8.244266069257600975e+02 6.786624308835536112e+01 1.301179815462459999e+02 8.864095264460098633e+01 0.000000000000000000e+00 1.375516935216546244e+03 4.082199249649204331e-01 0.000000000000000000e+00 0.000000000000000000e+00
0.000000000000000000e+00 0.000000000000000000e+00 3.160817270949517024e+02 4.279235199736318123e+02 1.038171067481176351e+03 2.538100152830017464e+02 1.817853380273540154e+02 1.002286314088308359e+03 0.000000000000000000e+00 3.429849032700691964e+02 1.128547098122123543e+03 1.198301636493310518e+01 5.626457162621579755e+02 4.411549272486181650e+01 5.045745602708210598e+00 9.160227464953763388e+00 0.000000000000000000e+00 0.000000000000000000e+00 9.509172363025359118e+02 0.000000000000000000e+00 1.474104958246303340e+03 6.449844664822643381e+02 2.106989525512893202e+00 3.423478972108510987e-02 2.381118489582414952e+02 3.269895423429622952e+02 2.293937277196395286e+00 1.056329271238930232e+03 1.271963576018478648e+02 1.064361156473607025e+03 1.269393953459505838e+03 1.720163502912239892e+03 9.873193094057575081e+02 6.344074210301051409e+01 1.672085774923703639e+03 0.000000000000000000e+00 0.000000000000000000e+00
0.000000000000000000e+00 8.585993096658305035e+01 8.515833341875788847e+02 0.000000000000000000e+00 9.389085801194160297e+01 1.260979899674048852e+02 7.893764197236130258e+02 3.882533959668824650e+02 7.984683550214950856e+02 1.324694269889896759e+03 1.622603617509822129e+02 3.271788878000613749e+02 4.853448989840715910e+01 0.000000000000000000e+00 2.265650848898073377e+02 1.061801941913798146e+03 2.302235555552717797e-09 3.364408918021916861e+02 1.300809948361072657e+03 3.463254110572693207e+02 5.643411159355342477e+01 9.261107007415548651e+02 1.945507988614830026e+02 2.071347216400974958e+02 5.723086616002268556e+02 4.162032235081208000e+02 3.094320072898482294e+02 3.661339008950751008e+02 1.284880649125575928e+03 7.218484788231462517e+02 1.811787931115820129e+03 9.385143909587397957e+02 4.089947733481735348e+00 4.614675417573756704e+02 7.385197683220900444e+02 1.907032305604898852e+02 1.883141339485037236e+02
0.000000000000000000e+00 0.000000000000000000e+00 1.164974138810875459e+01 1.431377121793207834e+03 0.000000000000000000e+00 1.074661888708432267e+00 1.816282734940899601e+01 9.259832707798095086e+00 7.238902212922706667e+02 3.809264885685805098e+02 1.284703521060048843e+03 0.000000000000000000e+00 5.666934155219501008e+02 0.000000000000000000e+00 2.118034631528662715e+02 7.017770627087769526e+02 0.000000000000000000e+00 2.171700144828403154e+03 7.807928471785304509e+02 7.662950879812243876e+00 1.417767689404509838e+03 0.000000000000000000e+00 1.683731464005457156e+03 0.000000000000000000e+00 5.187291057751941104e+00 1.871228017257754672e+01 0.000000000000000000e+00 2.808817876797808921e+01 0.000000000000000000e+00 4.209546688143901427e+00 1.157410619799753881e+01 4.516416505088461264e+00 1.541780601597149598e+03 2.066763788893289075e+03 9.863901569804797873e+02 7.014617819853379288e+00 3.525069146798211364e+02
0.000000000000000000e+00 8.972675177725062667e+02 4.059764083499219396e+02 4.305104893140913602e-01 3.040824264287307983e+02 1.277498607076552389e+03 1.254736096409676094e+01 1.715535295326338428e+03 7.136695824692656842e+00 5.189397273600354765e+02 0.000000000000000000e+00 9.843271103781278271e+02 2.146968296735889226e+02 2.853282650550507924e+02 0.000000000000000000e+00 3.623402123614307584e+02 2.034717645632734389e+02 0.000000000000000000e+00 1.199197098812519613e+01 1.721038732549207680e+03 1.932621558252867544e+03 1.341647699611638473e+03 1.150244437878544357e+00 5.254243886223290474e+02 7.501508882190197482e+02 9.206827497084691458e+01 1.463749362652557465e+03 3.491989938536103750e+02 1.632748468369397585e+02 5.470187275666871756e+02 1.558715105469623040e+03 7.512308499280159424e+00 6.427581953610104204e-01 1.475680088257822035e+03 1.229615845488392551e+03 5.041257250452961216e+02 5.049587750869454226e+02
0.000000000000000000e+00 4.431874418210728095e+02 1.213157838395546605e+03 8.262486076972833189e+02 3.669984650634343666e+02 3.601087619457370010e+02 3.568736584056055108e+02 1.580455539293671336e+03 2.638098328260062999e+02 5.191728977717372517e-01 4.798433161437790084e-02 2.836562214850837904e+02 1.172971335405465197e+03 2.780263538169564299e+02 2.165694091098231127e+02 1.375193533308033011e+03 1.238140579684649083e+03 1.717571793149269510e+01 1.129603898456424758e+03 2.366088643890864660e+03 2.360088568601561931e+01 0.000000000000000000e+00 1.460300191311307117e+03 2.525323388079331437e+02 1.874348090810876215e+02 9.614616236355173839e+01 1.397853165292308404e+02 5.368557003168236861e+02 2.322192856667503236e+01 2.621939565326004526e+02 8.101596158947955928e+02 5.672672124449839037e-01 1.653150964776773435e+03 1.674043963056175954e+01 8.102326829989038970e+02 1.453182292494686635e+03 5.512350536797622453e+02
0.000000000000000000e+00 0.000000000000000000e+00 1.200630517230823216e+03 6.320654582327623530e+02 1.141269351613472281e+03 4.588292436041785436e+02 1.336388360869054104e+00 1.274042820878598377e+03 2.051012416571596191e+02 1.239944976377634703e+03 1.566345758726422673e+03 3.003071386998482417e+00 5.037560737876408012e+00 8.391157337408897687e-01 4.971292133074316943e+00 6.391772707605372084e+00 0.000000000000000000e+00 1.186898102829490966e+02 1.942888600615837333e+02 8.341820426102120223e+01 0.000000000000000000e+00 0.000000000000000000e+00 6.799990632112554749e+02 1.105743277529324686e+01 3.092959535137851503e+02 8.481977483781141700e+02 3.598906514451871885e+02 2.684870108197904770e+01 3.702529620483257986e+02 1.620154199498865921e+01 3.376217261512178993e+02 4.203512451403246786e+01 0.000000000000000000e+00 8.223590541225406696e+02 8.465464598960256382e+00 1.290858912477746344e+03 2.214790262451718661e+02
