output/example_1/lateral_incision_000122.asc
nrows	75
cellsize	13.33333333
xllcorner	0
ncols	75
yllcorner	0
NODATA_value	-9999
[rows 34 to 50 of 75, columns 0 to 36 of 75]
0.000000000000000000e+00 9.661967569466546593e+02 8.032007038144242017e+01 2.725796752871868875e+02 1.512873706373442019e+03 5.686625826911334798e+02 5.677577453890216930e+02 4.478636427200147523e+02 1.368980740205239272e+03 4.353083734527103843e+00 3.028685492054268593e+02 3.607942638299978189e+00 6.000713318519097328e+01 6.055949089499168991e+01 5.307733789844175376e-02 1.025519450348428336e+03 1.552543925288801177e+02 3.429412776302726797e+02 1.149653193065545793e+03 5.186847681486297006e+02 1.005917997890974824e+01 9.442433742617821508e+02 1.062113323322804263e+03 1.459738547516715016e+03 2.128420214090126805e+01 1.297860688763148005e+02 2.747521185704570712e+01 1.261311027141442992e+03 1.919210288743713377e+01 4.981091822361947834e+02 5.029580341352194068e+02 7.792969130471989274e+02 0.000000000000000000e+00 4.040156381731136435e+02 9.033234289370939862e+00 2.595792304612840340e+01 2.074436823871019158e+02
0.000000000000000000e+00 1.097668934954777598e+02 6.679483691495865116e+01 9.037161794219100486e+00 3.794929676355716310e+02 1.130342872886266576e+02 4.770206461716645663e+01 7.052613047113475808e+00 6.707653127334636700e+00 3.495724892186609623e+02 1.645274829472169813e+03 4.624183740161369656e+02 7.264443312525249041e+01 2.070148899870117987e+01 2.578495665487883457e+02 1.760348058322112941e+00 3.358264119117271918e+01 1.649331765982747982e+02 1.024818008819811894e+03 7.205384309267938079e+02 0.000000000000000000e+00 1.025050015639114918e+03 1.362008797691239124e+03 6.628537269794401166e-01 0.000000000000000000e+00 3.588363780899397284e+02 7.008872388823442634e+02 1.671796523254244438e+00 1.764407008316306928e+02 5.948538837732850482e+01 0.000000000000000000e+00 1.711224802466676010e+03 1.429426203194611617e+03 1.509729116107760483e+01 5.381794135239757679e+02 1.172400264428170203e+03 1.611346337008111050e+03
0.000000000000000000e+00 1.626651885923683267e+03 7.857510295020963440e+02 1.608214261711130575e+03 7.956530807385134096e+01 6.257638231100601445e+01 2.693090221241279210e+02 1.007749503878531669e+02 1.002993612593756438e+03 6.906941991895311048e+02 4.613714989042404682e+02 9.729144423240444484e-01 0.000000000000000000e+00 7.320865026108082247e+02 1.607113398598773557e+01 1.529511706676179550e+01 3.116017485901908657e+01 1.353646274139725620e+03 1.180810144753063241e+03 1.724408744363769301e+03 3.416557047815624770e+01 1.640008494955501192e+03 7.578359914689365873e+00 5.768300533341569007e+02 1.210603050974578764e+03 7.463073481821808741e+00 3.411271633821052092e+02 1.473256151841266615e+02 5.861946461766342509e+02 3.427718375864536711e+02 3.706268938839937466e+00 1.106260811080162057e+03 4.744587996403341612e-01 4.890550238450612142e+02 8.224403817880237284e+02 0.000000000000000000e+00 3.889280369492174714e+02
0.000000000000000000e+00 5.129084686503326793e+02 1.000803841800370492e+03 6.134780343132700864e+02 1.277581328601308087e+03 5.240639399793393522e+02 1.092053039075768311e+03 4.264401895153071820e+01 9.150926184243006674e+02 2.661672627634017658e+02 1.017217579791488106e+03 6.860329332992592981e+02 2.320868967625640096e+02 5.912091272701459899e-02 1.356015273791624266e-02 6.005703043200248885e+02 8.187574933326732207e+02 2.750381936665816429e+00 1.412396508824947205e+03 4.220450948946255494e+02 5.780614041771754330e+01 2.280983332895329596e+01 1.084774596624613565e+02 3.412094761169983030e+02 2.048811414123000247e+02 1.056690016018278584e+03 3.019178756601451141e+02 6.776582343857231763e+02 9.940069342367170435e+00 0.000000000000000000e+00 1.229059225126805131e+03 0.000000000000000000e+00 3.948923998972996841e-01 2.546069660014178027e+01 0.000000000000000000e+00 7.566456049354333118e+02 3.447530801200991277e+02
0.000000000000000000e+00 5.477487157089333323e+02 9.609392150241782247e+02 2.899008664603227037e-01 5.307801124084451372e-01 2.084879045530945163e+01 1.661784548300243216e+02 4.761420781587038960e+02 6.481629664329341400e-02 7.748687720164573633e+00 3.693751790970192417e+01 2.462668649442622666e+02 2.521490799835072210e+02 4.461196092310919070e+00 5.733638756585446750e+00 5.412343534237847962e+02 1.367935377320239468e+03 7.878917310299242445e+02 6.607263268624055996e+00 1.854998871521568731e+02 1.816275614104874023e+02 8.504202018708191417e+02 3.710522070594457773e+02 4.761480639726953541e+02 9.134562326632516260e+02 5.405546764625045242e+00 1.890008762787029184e+02 0.000000000000000000e+00 1.478428588975426976e+02 1.477193151075108801e+02 3.176049247151328814e+02 9.377741131074927807e+02 4.770015450950042890e+01 6.414794955381920849e-02 1.555106170212597590e+03 5.490526714890369249e+02 4.210107787225142451e-01
0.000000000000000000e+00 0.000000000000000000e+00 1.360522240201398517e+03 1.154763482234197227e+03 4.179715804749266350e-02 0.000000000000000000e+00 0.000000000000000000e+00 5.559624761960914263e+00 2.677795436723971737e-06 0.000000000000000000e+00 2.756645775225219381e+02 8.465667226622507542e+02 4.055275258855018450e+01 5.576074371420473881e+02 2.741878909262936190e+02 2.749023335068694109e+02 1.063540846771591987e+03 1.542534077853440976e+03 2.473097763033852914e+02 4.839256637157705541e+02 3.570591018325162480e+01 7.951722052801438849e+02 1.433098958362752917e+00 0.000000000000000000e+00 7.007662367041986045e+02 2.499197742718157542e+02 3.136750875866061392e+02 6.735735274358084501e-01 8.992086302548764252e+02 2.617692526467405969e+02 1.020280388250922528e+02 7.426854275062459010e+02 4.648396374618905043e+02 3.537794028223978593e+00 1.756229206974285489e+03 5.716324584376371831e+02 7.737584567352109843e+02
0.000000000000000000e+00 5.152496125576716395e+02 4.510074510204591434e+02 1.767242609919138090e+02 2.335324791193728089e+01 1.857571343556358201e+01 2.005894158405383682e-03 2.489479767233764539e-03 0.000000000000000000e+00 2.783769600763218666e+00 5.854231341753488778e+02 3.944691824608963060e+01 1.031026383837757976e+03 1.092167874957021695e+03 1.976340470188025051e+02 1.234065817666024998e+02 0.000000000000000000e+00 3.408224699619818239e+02 1.160564693146379796e+03 1.190173929937287994e+03 1.640804789756438398e+00 1.004482840128005478e+03 9.416215610525727016e+02 1.278498523765148320e+03 1.505675151975884773e+02 8.668393203956010211e+02 3.098379600993712302e+02 3.033684647970754895e+02 1.390776531623051593e+00 7.870055586741103753e+02 2.190554854995461653e+02 1.606723223466887305e+02 1.098907539203304850e+03 1.028855204444201718e+03 5.701829586420037455e-01 3.495267810767500691e+02 7.308865266331976045e+02
0.000000000000000000e+00 1.711039109474651241e+03 5.527123790897693425e+02 6.073859925616750388e+02 2.896465191709352212e+02 2.426644634482944429e+00 1.676958743886356373e+01 1.252521951022917968e-01 3.345097290596198150e+02 2.453559797850204234e+02 1.655451396240423776e+02 8.880704756664691502e+01 1.485439415812926200e+03 2.777902417948280345e+01 2.236403499470555278e+00 2.241996109712176890e-06 2.087613995166339009e+02 9.447105711229800136e+02 9.807472037604278512e+02 8.935370865278198949e+01 2.854201326998500221e+01 3.155211125550159679e+01 6.735532091480313284e+02 1.999274495614218328e+00 5.214673448686824742e+01 0.000000000000000000e+00 8.260598002389437511e+01 0.000000000000000000e+00 3.508180334221019381e-01 1.281129527390216083e+02 1.316884625667983089e-01 2.219294929144622017e+02 5.371001081691814250e+01 1.426665638044373054e+03 8.686649553487824278e+02 1.292722723161712217e+00 6.520207760010570155e+02
0.000000000000000000e+00 0.000000000000000000e+00 5.751431787328751852e+02 1.817980145914101797e+02 2.607189507088962728e+02 4.637172011045286126e+02 8.129685568892127776e+02 3.127878848753708212e+02 1.226090981135163702e+03 7.895521875437452763e+02 7.902571496165178360e+02 2.605651537314311668e+02 2.349869757752522901e+02 1.017360883214359774e+03 5.329476396999375254e+01 0.000000000000000000e+00 1.090533100251058585e+02 1.109805807850598512e+03 7.804863148081972213e+02 1.019295698170466551e+02 1.518789085184981458e+00 1.020672766678571975e+03 2.026127944093965461e+00 6.826757108949440180e+02 3.285658011852178788e+02 2.201458463460217274e+02 1.735150711906225922e+02 2.305499673163177476e+02 1.561557242526726554e+02 1.268493136316182834e+01 6.088137346092798907e+02 0.000000000000000000e+00 4.174570584269316669e+02 1.655466892560384338e+02 6.227543419873441053e+02 1.616350112770258420e+03 1.963802246353352432e+00
0.000000000000000000e+00 5.831114568923408115e+02 1.191000409106991675e+00 0.000000000000000000e+00 5.952889619244532469e+02 8.638499271375255972e+00 9.554104225323328592e+02 1.118741874080552179e+03 0.000000000000000000e+00 9.295962746702796267e+02 5.865670176315594517e+02 1.312559669077513490e+03 0.000000000000000000e+00 3.443418514207363614e+02 2.172914062856492308e+02 2.803464935943484893e+00 2.574091769000987711e+02 1.088688268893537092e+01 3.607664489009944191e+02 7.088820935640003427e+02 8.567303676913455774e+02 0.000000000000000000e+00 0.000000000000000000e+00 5.751343580444364534e+02 2.948423422874183757e+02 6.614108050932216543e+01 4.113432770139877448e+02 1.532845165309913966e+02 2.479149810424885914e+02 0.000000000000000000e+00 3.327835050585397170e+01 1.400338026725818509e+03 0.000000000000000000e+00 4.199063560113807547e+00 3.940173940924756266e+02 1.194679131942953745e+03 1.207247554338334794e+01
0.000000000000000000e+00 5.695003833108205527e+02 1.494310758539496419e+03 2.610406454783347385e+01 5.177008607425642595e+02 1.180608603957693390e+02 3.114556194058272354e+02 6.243976926052677072e+02 9.217958703620035976e+02 5.844749348334450367e+00 7.291068672649000746e+02 1.022598302670628811e+02 1.094930695106222061e+02 1.900389423616687452e+02 1.945642517965119467e+01 0.000000000000000000e+00 7.336539262759464464e+02 3.714251827695241559e+02 2.417044772713899903e+01 4.743727787090140851e+02 1.515211147754959939e+03 6.890881200814484853e-01 1.223835666380473270e+02 7.171178198519968419e+02 7.758482230728958484e+01 5.019580281715215619e+01 1.556500142470097501e+02 4.364574104161326886e+02 8.639462436710448401e+02 6.482701945397509462e+02 5.802230309444923932e+02 0.000000000000000000e+00 5.180159402137089728e+02 6.227213127234107333e+02 1.023822660328770212e+03 1.919575002123897889e+02 1.970230713992034666e+01
0.000000000000000000e+00 3.878158162598421388e+00 0.000000000000000000e+00 0.000000000000000000e+00 0.000000000000000000e+00 0.000000000000000000e+00 0.000000000000000000e+00 0.000000000000000000e+00 0.000000000000000000e+00 0.000000000000000000e+00 0.000000000000000000e+00 0.000000000000000000e+00 0.000000000000000000e+00 0.000000000000000000e+00 0.000000000000000000e+00 1.185031033804043318e+03 4.741666294927741774e+02 7.904477950204363879e+02 6.014399263194447940e+02 6.838701987320675926e+02 3.941732383913568327e+01 7.224824694693598985e+02 0.000000000000000000e+00 0.000000000000000000e+00 1.123777604760029135e+03 1.917338156216653715e+02 0.000000000000000000e+00 4.958286619428802311e+01 0.000000000000000000e+00 1.704149534208793739e+03 6.175298914732523770e+01 8.793444259931678744e+02 2.083136614429641895e+02 3.527192206620371735e+02 8.915493523999524541e+02 1.413726333579881214e+02 1.089270614794238767e+01
0.000000000000000000e+00 1.191979846739039459e+02 0.000000000000000000e+00 0.000000000000000000e+00 0.000000000000000000e+00 0.000000000000000000e+00 0.000000000000000000e+00 0.000000000000000000e+00 0.000000000000000000e+00 0.000000000000000000e+00 0.000000000000000000e+00 0.000000000000000000e+00 0.000000000000000000e+00 0.000000000000000000e+00 7.685865863085200544e+01 4.612626106992900876e-01 0.000000000000000000e+00 1.953338897632565518e-01 0.000000000000000000e+00 0.000000000000000000e+00 0.000000000000000000e+00 7.936752545568934920e+02 2.798934974355311169e+02 8.141154373262531863e+02 2.110291836983745739e+01 1.111367121803221352e+02 1.094241243377913833e+02 1.186002589101594111e+02 9.246563452237334957e+01 1.303005921268684233e+03 5.246479291020527569e+01 3.418649990873730076e+02 8.792792161238826338e+02 6.159950340291271420e-01 1.029477959914903067e+03 5.508046538974819128e+01 1.439200492557717780e+03
0.000000000000000000e+00 3.805663115124858109e+02 5.309777733846058254e+02 1.296455216283899745e+03 6.707999245256572075e-03 9.745208551762467550e+02 1.633632496733468088e+03 3.249009355680104153e-04 3.024572417638059392e+02 1.619573646460361260e+01 1.064924832527319268e+03 7.640865691450181885e+02 2.753110826507533488e+02 1.509293630711755668e+03 3.194207880851172376e+01 2.659470378878762062e+02 1.621922977085999264e+03 7.837784395695021544e+01 4.524674247802050594e-05 8.101709199024179497e+02 0.000000000000000000e+00 0.000000000000000000e+00 0.000000000000000000e+00 4.281757293733546135e+02 1.746648559865972459e+02 6.413695958791298608e+02 1.310038173452250703e+03 1.737669313297064093e+02 2.319043601721230345e+02 1.492216396740627715e+03 7.457055775169243361e+01 1.307442268807763185e+03 1.737951665932421861e+02 2.850757262463063739e+02 2.457226674205502004e+00 1.539505062169454504e+03 8.801457647875943167e+02
0.000000000000000000e+00 1.227736116489282239e+02 9.636526375966666391e-01 9.179961833142413070e+02 0.000000000000000000e+00 8.555969848311368651e+02 1.776770789690668835e+02 0.000000000000000000e+00 8.938487409569197553e+02 0.000000000000000000e+00 6.030316786083300258e+02 1.472370702523134298e+02 7.188451504343904008e-02 1.428772083735885872e+02 0.000000000000000000e+00 1.173744083896385973e+03 5.677469540250034470e+02 1.271833825005096514e+03 1.315152504207797847e+03 7.527448017158410494e+02 4.241560087636696039e+02 5.214705243176018712e+02 0.000000000000000000e+00 0.000000000000000000e+00 0.000000000000000000e+00 0.000000000000000000e+00 1.263524083323469398e+02 2.826084807287360832e+02 1.545736871176722161e+03 5.865162644385927706e+02 2.440581132868310874e+02 7.057904484583377780e+01 6.511874498558750020e+02 1.748270772453703785e+03 1.784432554201451993e+01 6.083453143316356773e+02 8.296957793683010607e+01
0.000000000000000000e+00 4.989214005198005283e-04 4.371594222229365639e-02 6.135841050045138800e-01 0.000000000000000000e+00 1.820387876159205405e+02 1.114938358318503106e+03 1.186968464519837880e+02 1.673586757937748416e+03 0.000000000000000000e+00 3.569576269672285207e+02 2.424088085969021034e+00 8.953321534973863436e+02 6.890820927777082261e+02 1.331277523035227546e+02 2.808185476447484064e+00 3.353471457595056222e+02 0.000000000000000000e+00 1.314422294618071419e+03 1.910460185119474140e-05 1.933094759327043164e+02 3.272496720740065825e+02 2.735001859142443337e+01 4.218323783914292449e+02 0.000000000000000000e+00 0.000000000000000000e+00 0.000000000000000000e+00 0.000000000000000000e+00 0.000000000000000000e+00 7.097300245052791468e+01 1.094581078162422045e+03 1.094062151184100003e+03 4.213394080154508288e+02 1.976823778530107656e-01 1.825018446735321049e+02 5.654680815361430177e+02 2.204120593219704745e+02
0.000000000000000000e+00 9.692516072083218432e+02 8.964778435398380907e+02 1.390850838765045410e+03 0.000000000000000000e+00 6.460174568202181611e-01 1.100898342852279939e+03 0.000000000000000000e+00 6.674285484157998098e+02 1.150208708972905924e+03 1.600754131049405657e+02 1.422026357904558047e+01 1.052483049083100184e+02 8.899908870247354571e+02 9.084671792660730034e+02 7.054150800929211584e+01 1.348804875992905409e+03 9.585364038040071932e+01 2.648564611297494480e+02 9.860010422648728934e+01 2.284259043393104491e+02 1.353407774995713453e+02 5.212650202198317873e-01 4.373674679092925999e+02 9.443407743301858659e+01 1.663242145325210004e+03 1.047613057777567292e+03 0.000000000000000000e+00 0.000000000000000000e+00 0.000000000000000000e+00 0.000000000000000000e+00 0.000000000000000000e+00 0.000000000000000000e+00 0.000000000000000000e+00 0.000000000000000000e+00 0.000000000000000000e+00 1.267910134050164146e+02
