output/example_1/lateral_incision_000254.asc
nrows	75
cellsize	13.33333333
xllcorner	0
ncols	75
yllcorner	0
NODATA_value	-9999
[rows 0 to 16 of 75, columns 0 to 36 of 75]
0.000000000000000000e+00 3.111560667785954148e-09 0.000000000000000000e+00 7.593259462781106777e+02 1.366821773850643012e+03 6.938183004394281852e+02 3.322898466254517871e+02 1.334620413499106235e+03 3.989037117104237495e+02 5.961565685188394070e+01 5.062690216439984425e+01 1.194283342739616287e-05 2.638001873447476815e-05 2.026420197800674146e+02 9.274754642652583314e+00 0.000000000000000000e+00 5.412460465191597483e-06 0.000000000000000000e+00 1.430772275955948469e+00 2.055395778728417444e-01 0.000000000000000000e+00 8.214038731092654518e-05 2.132444891575236974e-04 0.000000000000000000e+00 2.052103043362334955e-01 0.000000000000000000e+00 1.467995409988723132e+00 2.394697288128030332e-06 8.592563712945595588e-06 1.072833790534963305e-01 1.059712603314569833e+03 8.672218059349546593e+02 9.240312403002536712e+02 0.000000000000000000e+00 0.000000000000000000e+00 0.000000000000000000e+00 1.698044969286322470e+01
0.000000000000000000e+00 5.146845522277568108e+01 1.094221885439737640e+00 1.088452221270128803e+03 2.215433694015822539e+02 6.896587067175167931e+02 0.000000000000000000e+00 2.666912747269162764e+02 8.824079838131412998e+02 9.576855324608385445e+02 6.076360189853943439e+01 2.763668560248571282e+01 2.075377802363997830e+02 5.254029823123846654e+02 9.127989008906052959e+02 6.493906897227440140e+02 1.871878876377573589e-03 9.616579689766544092e+00 6.489910642909105718e+02 7.612848652095024136e+02 5.895753460504741383e+01 8.763151664203197910e+00 4.623939332681852754e+00 3.924501073987429436e+02 7.657591495261781347e+02 2.834031536680794829e+02 9.662371485168516072e-01 5.540484788662165556e+02 4.266099728048768043e+02 3.092736700459576937e+00 1.185256196414195529e+02 7.582973392260745413e+02 4.843894383846052278e+02 3.655390711571771423e+00 5.044055294350693538e-03 4.922751156755404622e+02 9.558087313333163593e+02
0.000000000000000000e+00 1.568413752409141807e+03 6.586219071945840824e+02 9.282351290881096872e+01 1.894620920911673423e+01 1.017502189871506289e+03 9.452923568136059203e+02 1.364672254643582789e+02 9.528348755114972164e+02 3.068338685406678792e+02 2.914875057158741356e+02 6.614657605653284236e+02 6.284133536495766066e+02 6.906392090243313078e+02 8.847567468385232132e+02 1.547632929706981963e+00 1.247717755815905548e+03 5.323511483119788181e+02 7.630910510675627165e+02 5.010307483547874696e+00 4.306108803953262054e+02 7.281019878365728459e+01 3.929781879207377671e+01 1.284201851353563484e+02 6.350821074728292359e+01 5.822530453148755214e+02 1.159977288637865286e+03 1.974924824548125173e+02 8.609524298887803297e+02 1.442058086971937030e+02 4.274049717420597361e+00 2.683053651638251722e+02 7.479335246910964941e+01 9.216087274602857633e+02 5.814794112272621618e+01 4.742749271319121362e+02 3.987867553501872067e+02
0.000000000000000000e+00 2.544175063890378397e+01 1.186042910141969969e+03 6.762244322537355856e+01 1.237271962440246398e+02 6.189682485884002290e+02 8.932375360790615337e-01 1.121302174493273696e+03 0.000000000000000000e+00 1.396949537257640372e+02 9.514447595788143417e+02 9.421824486091950890e-01 6.342656838788159348e+02 6.185420976064480101e+02 1.407672194525616987e+03 8.368555886268451331e+02 1.565864816229339738e+02 7.051057115622631954e+02 5.802633948257040686e+01 9.828418023368496961e+02 9.627266983636682198e+02 3.579953456608568896e+00 7.265847732884006973e+02 6.085401315180104120e+01 1.245819459949573456e+03 3.867608865871702051e+01 3.477605625018458113e+02 0.000000000000000000e+00 1.965245344489865147e+02 2.282165355000050511e+02 2.337951471613254029e+01 6.745370979398026634e+01 7.153506035165373760e+02 1.110090771287808593e+03 7.947602996034645457e+02 8.450285999605117695e+02 1.522558089820032876e+02
0.000000000000000000e+00 1.671353372863735785e+03 5.159560883589792146e-01 9.759477378230947409e+01 8.387502770927600295e+02 2.193329386114237991e+02 8.674860753422154858e+01 1.040128834750913711e+03 0.000000000000000000e+00 4.390323339763054946e+02 6.434581449628450400e+02 1.807803176662934845e+02 3.474892587926950114e+02 3.672372345905829434e+02 1.087945296829915236e+02 1.082409512550608639e+02 9.621848356688599324e+02 7.118414582797779611e-01 1.740096115313929886e+03 4.278133014591340384e+02 4.032100787076492443e-02 9.303846884914263455e+02 2.143380051320879431e+02 7.503830164260655300e-01 1.600040902145301303e+01 1.648223775860519709e+02 0.000000000000000000e+00 7.067286824983368021e+00 5.448318786478912301e+01 6.408642278218660522e+02 5.112382525009683043e+00 2.054655465100317429e+02 7.194706506604939023e+02 6.677217634172130545e+01 0.000000000000000000e+00 9.915031287230169710e+02 3.654947580195482715e+02
0.000000000000000000e+00 1.617578032809776232e+03 8.937624535249818791e+02 1.148942829213689947e+03 0.000000000000000000e+00 1.295783889398345991e+03 1.715659796409086280e+00 3.939630165323370647e+02 1.932259234866671420e+02 6.588005080880399191e+02 4.760647474749985690e+02 1.081554675810338750e+02 4.105695594580783592e+01 6.231685669067860545e+02 7.360244116929040956e+02 2.768240000041706139e+02 9.300152736550562622e+02 0.000000000000000000e+00 1.861463251606087965e+02 4.617142638916666542e+00 1.410735487901477541e+02 0.000000000000000000e+00 4.727957717057817604e+02 6.386116888651998806e+02 1.623916707790062119e+01 1.530785954382982254e+03 7.475432803037687108e+02 9.208011020692684667e+01 5.953753027984838582e+02 8.434669403262174683e+02 1.638299849103339056e+02 5.464911379874105251e+02 6.948437650801799919e+02 3.849374693888698289e+02 2.439448961785426491e+02 3.275422172354668646e+02 2.107306273719236742e+02
0.000000000000000000e+00 0.000000000000000000e+00 0.000000000000000000e+00 7.639210301113404284e+02 4.893851239226960956e+02 6.944714593792908772e+02 1.207537644069240287e+03 7.746265319791556081e+00 4.946048454229464824e+02 2.104172078293754566e+02 7.857478608388923931e+02 1.137566839211135061e+02 3.216789476574669493e+02 1.716152482942508470e+02 5.867247180535885036e+02 6.131174502125328551e+00 5.178103639603186821e+02 2.485768507309119002e+02 1.329893597334531023e+03 9.431646431898774163e-02 7.566479422536473294e+02 3.129808238957176059e+02 3.920240912276527752e+02 6.591101507127392267e+01 4.842177163030533507e+02 5.972630334761983022e+02 1.341059045320983159e+03 4.225745597238736551e+00 1.949236208553330698e+02 3.079677586786593935e+01 4.235263656755487318e+02 5.272753140108031644e+00 6.276203158651643434e+02 1.197032931009918229e+03 1.361538724875582147e+03 2.267043306326599748e+02 8.332968312744693549e+02
0.000000000000000000e+00 1.220025263531093707e+01 6.335789744839014048e+01 5.950440095697889120e+01 7.856988426894235999e+01 6.042110714006654462e+02 5.526158497443392434e+02 2.778275614945610883e+01 8.217669451577052087e+02 8.436379917440307281e+02 7.680271844548201443e+02 3.974670656215720044e+01 3.735342383721398818e+01 2.816401846195575445e+02 1.349088143468888575e+03 4.717251061317318204e+02 1.260125817377566459e+00 9.425602910764267790e+02 1.308265025436309543e+03 0.000000000000000000e+00 7.486080084291827461e+02 9.350314112051522075e-01 1.004034430258907037e+03 1.781668771336534860e+02 8.476658341186757752e+02 5.439050174144899330e+01 1.773315115405795552e+02 9.269409050557476348e+02 4.025818370046359860e+02 1.835307417094460050e+02 5.150487821007319553e+02 1.168334603398264626e+01 1.830037740503873067e+02 9.624497497179253287e+02 7.246276665047273582e+02 1.406379710498410077e+03 5.212527338867045046e+01
0.000000000000000000e+00 1.670854479252037436e+03 1.743404759133106836e+03 1.102477215875254757e+01 1.555922215916162259e+03 1.141517152872495672e+03 3.729004637095684416e+02 2.310388967473780042e+02 1.205144950876812118e+02 1.446179286614541525e+03 1.396887062018665802e+03 2.627860334217320997e+02 5.715710518512985949e+00 3.731604920279856970e+02 4.065687126529354600e+02 9.322630768619524133e+02 7.957599990561725622e-02 3.039612712324841368e+02 2.844671629261911221e+02 7.035496431055814526e+01 6.183380260295601829e+02 7.850181489761137072e+02 3.044785825714408247e+02 1.119025867914816445e+03 1.150559755439691969e+02 1.528530809073519094e+03 3.755760374717261385e+01 0.000000000000000000e+00 3.843960629442104278e+02 6.932458625990505219e-01 3.498468523945242055e+02 3.499314209233801307e+02 1.503276937501693453e+02 8.216045978916946524e+02 9.633778563972490474e+02 4.697434750894445301e+02 9.113809328293202836e-06
0.000000000000000000e+00 9.382492041638412772e-02 4.983577515042019712e+01 3.658444242947743508e+00 8.558140896921133844e+01 3.344658325647465347e+01 1.694136056139596747e+02 1.098734961677616084e+01 9.326978719288310913e+02 0.000000000000000000e+00 8.691007579471805684e+02 3.119011091279934362e+02 7.911297213742005852e+01 2.859620827215423446e+02 5.268221864473975984e+02 3.396404612268982959e+01 1.357086981086017659e+03 1.765091206430817294e+01 1.143168356639960450e+02 9.554535954948300969e+02 7.014271593753294383e+02 3.966746273215143219e+02 6.098461649000118996e+02 1.210378848646312008e+03 3.401901788053715237e+00 2.712586385455537652e+02 0.000000000000000000e+00 0.000000000000000000e+00 1.242239831198536493e+01 5.518931323096514063e+01 2.070878972008808994e+00 1.129511894334518502e+03 1.647138208529219128e+02 2.086933445402057430e+02 6.332372633639457717e+02 1.172509062183687547e+03 0.000000000000000000e+00
0.000000000000000000e+00 1.451644241843506961e+03 9.167194013645175801e+02 1.401813306060304285e+03 1.689291216506321405e+02 4.245609106560069677e+02 4.158767182021735493e+02 8.021638438173497434e+02 1.799723406513886459e-01 9.427479238046597629e+02 3.974909136888781518e+02 6.094303161972753458e+00 4.339126973879307911e+02 0.000000000000000000e+00 1.445262435417180598e+02 2.912993710279909720e+00 6.061470398166700306e+02 1.932337878693432265e-01 1.694424970735198258e+03 5.195437976329901630e+02 0.000000000000000000e+00 7.012348677835766431e+00 2.828831190887195248e+02 1.719290499384357815e+02 4.157453447297135618e+00 9.464670083021082974e+02 1.215425127068243683e+02 0.000000000000000000e+00 4.515471181491256516e+02 4.818872455691063692e+02 6.987520200100607326e+02 6.746724489145925645e+02 4.580801861481045023e+01 8.889946288528918217e+00 4.173758142673329274e+01 3.725002158602742863e+00 0.000000000000000000e+00
0.000000000000000000e+00 2.311256819391520310e+02 6.264926158470900646e+02 4.442749405304856509e+02 1.038171067481176351e+03 2.538100152830017464e+02 1.820490251325403221e+02 4.386695907225568476e+02 7.711262003176655444e-01 8.172296049391729866e+01 1.038743404057889165e+03 2.139388771424840030e+01 4.269551105382932974e+02 5.275545805404767634e+02 1.036960197546130985e+03 6.628607451996449527e+02 2.369984474370281475e+02 6.967137775881872130e+02 7.676669427492711861e+01 4.243244664454414874e+02 1.207418807015079892e+03 7.314554442004067596e+02 6.798385124029463213e+02 5.396691561091504497e+01 5.466789485488560558e+02 4.255184962097541757e+02 8.698706067114159168e+01 5.717232365961564255e+02 9.228034794927749545e+02 1.542376994334221365e+02 8.460331229437883849e+02 1.056101278345460592e+01 7.712877657112076122e+02 1.346697772068558152e+03 5.568484504227376419e+02 3.270297708798861436e+02 3.294517126917869518e+02
0.000000000000000000e+00 0.000000000000000000e+00 8.475591788766419221e-02 5.760863966737018727e-01 6.643999175976479421e+01 2.971029476883082499e+00 1.915069549746404789e+02 5.103806383840473018e+02 1.489590046677248267e+02 1.220786767811415530e+03 8.403194444731658450e+02 4.921199794314330944e+01 2.322486395578851273e+02 6.737434700789650606e+02 9.160870346973971436e+02 3.366984554976390598e+01 0.000000000000000000e+00 9.991605549094073169e+00 2.710087662471200431e+01 0.000000000000000000e+00 1.187130947289458893e+00 1.116362700951132858e+01 3.962856291875338943e+00 1.500491477758540896e+03 3.349197572472223783e+02 1.735984174268222432e+03 9.019611856311731124e-01 3.450221402388373715e-01 1.563052659941718936e+00 2.057038592587523596e+01 7.717736183751696899e+01 0.000000000000000000e+00 1.547208923166225532e+03 3.157005599709686408e+02 1.247204375266205858e+02 0.000000000000000000e+00 1.998185159618268756e+02
0.000000000000000000e+00 1.472179598782511675e+03 5.762817231076569442e+02 4.783401381782680915e+02 1.574553769633294564e+02 6.175502973557977384e+02 1.337643942660348102e+03 5.058427286259786229e+02 4.558812673643580524e+02 1.200008335960559180e+03 2.163229401453265837e+03 1.722089979027017989e+03 1.803718609309526766e+00 0.000000000000000000e+00 1.800644185458891156e-01 1.457327927641196993e+03 0.000000000000000000e+00 1.054916487634692430e+03 1.504886837992512937e+03 4.758838912217566417e+02 1.120482611754845493e+03 5.938137033198587460e+02 1.397694194352509612e+03 4.384466390828580806e+00 2.671735479755381704e+01 3.783092339102472224e+00 2.044567717448116468e+02 8.050195496187652680e+02 1.720134989951715625e+03 9.667665787543780880e+02 3.317588727552666228e+02 3.271850944481382944e-05 1.417194153038769628e+03 6.894434747964646704e+02 2.934715683456610122e+02 4.879633008783475816e+02 4.509864048323841530e+02
0.000000000000000000e+00 2.314812443289447685e+02 5.008243569846513878e+02 2.477222953226495550e-01 5.073425646757521168e-01 2.018114189466357402e+02 1.160917045747593875e+03 0.000000000000000000e+00 0.000000000000000000e+00 1.338012082359619399e+03 9.906850508600347212e+02 7.526803518888742182e-03 1.575675651125361810e+03 0.000000000000000000e+00 0.000000000000000000e+00 4.257051387804631304e+02 6.327566886861939821e+01 0.000000000000000000e+00 2.184626495469736085e+02 3.288435411868460392e+02 0.000000000000000000e+00 1.358112642717122071e+03 1.322285287586340132e+02 3.903227049197893450e+01 9.179619566850665251e+02 1.588004354015466788e+03 0.000000000000000000e+00 1.945227574514190394e+02 4.531037658173008253e+02 1.123768290074698598e+03 2.608658259669678614e+02 5.888293210243974727e+02 3.277944459841029001e+00 6.198709924271246230e-01 3.202351729476857258e+02 1.500654189551420359e+02 3.782626066430994172e+01
0.000000000000000000e+00 9.250033049592083216e+02 5.713756398531468772e-01 2.400480275371610901e+02 1.457028433807117153e+03 0.000000000000000000e+00 5.781225814779348049e+00 0.000000000000000000e+00 2.662072718854814752e+02 6.889426667014690864e+00 0.000000000000000000e+00 0.000000000000000000e+00 1.649044692577538399e+03 1.122594179035712841e+03 4.686161053895087636e-01 1.375390398323169450e+02 6.260393567560680594e+02 6.167273822266434991e+02 3.613416257611129936e+02 5.689528260834026696e+02 2.950759230157057544e+01 7.118023507890106885e+02 1.082824399494140799e+01 1.639577663744975098e+03 1.317136137566770230e+03 6.896342239764906026e+02 1.062343810326784876e-01 2.469685733340193678e+02 0.000000000000000000e+00 0.000000000000000000e+00 2.534920859513626112e+01 3.343358622936935376e+02 1.121903820792494571e+03 1.093810434984111453e+03 1.425016166443954013e+00 1.127780593639412299e+00 5.410289879272341977e+02
0.000000000000000000e+00 2.248042027071886828e+00 1.188044184284313587e+03 0.000000000000000000e+00 8.633738874301304804e+02 2.679455727913208989e+02 9.805348116932142375e+02 2.697458233382088224e+02 9.670747065217076397e+02 9.929378031166658047e+02 0.000000000000000000e+00 1.299466789828288029e+03 6.233394648553556863e+02 9.210988977778874869e+02 4.047281160642615419e+02 1.024622128649928641e+02 2.568956968174732083e+02 1.262668914799114191e+03 0.000000000000000000e+00 8.788027637795195801e+01 2.179133357845036301e+01 2.129854978408721067e+00 8.578891430945716365e+02 1.949194077966993177e+01 2.644706493745508524e+01 8.482107299859577552e+02 9.542820210013512678e+02 1.731706444183152769e+02 1.792252280820438841e+02 1.620154199498865921e+01 3.975029979490832943e+02 1.853124526617122791e+00 5.573998255824229773e+02 1.369761334616814793e+03 0.000000000000000000e+00 5.557190837979155731e+02 1.808914974112153686e+02
