output/example_1/lateral_incision_000417.asc
nrows	75
cellsize	13.33333333
xllcorner	0
ncols	75
yllcorner	0
NODATA_value	-9999
[rows 17 to 33 of 75, columns 37 to 73 of 75]
9.728602658037540323e+02 6.699605331268844566e+01 1.414623139372314427e+02 1.626183253060258039e+03 9.555508632306080017e+02 3.578307136967429187e+02 1.367754652969499830e+03 1.064241780802833119e+02 1.668062842190970798e+02 4.074098547540326081e+02 7.388582871049513834e+00 1.387049671214433147e+03 4.568241963372355485e+02 5.242092176262017844e+00 6.290409256300251855e+02 6.770003945890606190e+01 1.087118799587517515e+03 5.923344045360460086e+02 9.648833043449292290e+02 2.707769589637595686e+02 2.939555505185022071e+02 7.775458491455976784e+00 9.074661074947870887e+00 3.319473985235293867e+02 2.100692621633068882e+02 3.844300033345791689e+01 1.963109777071944109e+02 0.000000000000000000e+00 0.000000000000000000e+00 9.738561938085937300e+02 5.168714876422898641e+01 2.841253210804200435e+01 6.384758090379345958e+02 1.372933125518083557e+02 9.379175830994061016e+02 4.265303715157313604e+02 6.274207295553067070e+02
3.068949576717713512e+02 0.000000000000000000e+00 0.000000000000000000e+00 4.590813068283421949e-01 3.048987179943910331e+00 2.433830134464873538e+02 3.172295944140802249e+02 9.781841691197328270e-01 8.955987075161142457e+02 6.466605923552933746e+02 3.217365764497485259e+01 4.964847311626751636e-01 1.437510625239697902e+03 3.344506648407721827e-02 4.836367337277180241e+02 0.000000000000000000e+00 1.196129398897399341e+02 4.155080527874335417e+02 3.552956260200988936e+02 3.435288272916225765e+02 1.047174489792708272e+02 5.645912779370358976e+02 1.073699338037156167e+03 3.269609240081883286e+02 6.648721842649902101e+02 4.025665538393075948e+00 1.134405071166592336e+02 2.351676642571255229e+02 7.753918528978058475e+02 2.388837655438674972e+02 5.564284085562657083e+02 2.557167573394261595e+00 5.100172974473611589e+02 4.428656108252694139e+02 8.513208332536195257e+02 3.212657291533892590e+02 1.066702595168969083e+03
1.356969419608475846e+03 3.498314090324554115e+01 1.507115327531176490e+03 1.572601191682036642e+03 9.524477895534002982e+02 1.854811200189384692e+02 5.730587112543995545e+02 2.253713754401548197e+00 7.206133336566957723e+02 2.318580291075927846e+01 1.949616169282437568e+02 7.163462308458439054e+01 3.102573094014555295e+02 8.220129956653313741e+01 3.259056191927691088e+02 1.413190399072267610e+03 1.667122303850300398e+02 1.982025243550073981e+02 9.705643923313886035e+02 6.878628962848192714e+02 4.157211942819931778e+02 1.496090234751769003e+03 3.926539235223798983e+02 3.662036828583702004e+02 7.637201891125990869e+02 1.040698771833430783e+03 0.000000000000000000e+00 7.945142462661674472e+02 3.976015877930564102e+02 1.229043286949292906e+03 1.595174923736663231e+03 4.159721818023837159e+01 1.415747283710135434e+03 1.582934620770336551e+03 1.292726644272598378e+03 1.578929195723520706e+02 5.003521284879435598e+02
5.249474685430517411e+02 6.604805371523209487e+02 1.515711075471830038e-01 0.000000000000000000e+00 1.282775444846889989e+01 4.191827804683301792e+02 5.781034444599899871e+02 0.000000000000000000e+00 4.195053900063800825e+02 6.932860743215390187e+01 3.209581625192791421e+02 2.655587493049619638e+02 5.251171756617126363e+01 6.719121348410743622e+01 1.151205625141125893e+03 1.334961855921657303e+01 1.438337259003120323e+02 3.290426836711851433e+00 7.887353339982062153e+02 7.302468361685530454e+02 5.449530670645553982e+02 1.460381111416806155e+00 6.087071280332124843e+02 1.556991466753829627e+02 1.329553778086275997e+03 1.524513540799063549e+03 1.591287670204974347e+02 8.651149967372532501e+02 4.222908326075631749e+02 9.866242014289427971e+02 5.607909452392545973e+02 7.193886118621856340e+00 1.625866504896319782e+02 1.235409208509508119e+02 1.677108896916157335e+02 4.899191333746111923e+02 7.364940264487439663e+02
5.485793695721372387e+02 1.026549368457007404e+03 1.643287504491439399e-01 1.266566702987942790e+03 1.345512240659733834e+03 1.903057325005442806e+02 3.337634138411339677e+02 1.435804527550009425e+03 1.666768948215668843e+03 6.641398173474200917e+01 1.808795333463747923e+01 6.651020634372104041e+02 3.404516325037548654e+02 1.510650690635226567e+02 1.128637572384145216e+02 2.852603331172347012e+01 1.469092348997862700e+02 2.875875276270558629e+02 3.197510156112579338e+01 3.449707268226128463e+02 5.439446031081089359e+02 6.437373427473811489e+02 2.962385998888138374e+02 1.900981169288776584e+02 8.457263819417955020e-01 3.547125197625149440e+02 9.537166335613077308e+02 5.335793457666900395e+02 3.875402554313425618e+00 6.860579147946891680e+02 9.862460368272021327e+00 1.049839985536614677e+03 1.577399804410099762e+02 1.167509448236351545e+03 7.101633017694408636e+02 9.778935501944503130e+02 9.021522234514419551e+02
7.178572830812369148e+02 1.655303624153883106e+02 3.225878290324953355e+02 1.089317315587120589e+02 9.628076999698294003e+02 4.458637862287594400e-01 8.707038755952207509e+01 2.239351775027907081e+02 4.478820505806663910e+00 1.855324591457896020e+02 9.040965128550187968e-02 1.305747780444582133e+02 1.765982354805669274e+02 0.000000000000000000e+00 6.875552318523548365e+02 0.000000000000000000e+00 6.583435236132750106e+02 9.545102985254045436e+00 8.382881655948787056e+02 7.193731854923711353e+02 8.773082469577548181e+01 0.000000000000000000e+00 4.983920736475729427e+02 7.463424085487339710e+01 1.567934825184500824e+03 2.343969108992027017e+01 1.294492682944142103e+00 1.531561097346348788e+03 1.701038908169038422e+01 1.971028866052250583e+00 5.690360292128843867e+02 5.660055287201766987e+02 0.000000000000000000e+00 5.495087249336525481e+00 8.610135247729641605e+02 1.325164988786916922e+02 2.750411568388324568e-01
2.658173689830044140e+01 1.717293448406705011e+03 4.337817925218907966e+00 1.394897375366719416e+03 0.000000000000000000e+00 1.591998413226550383e+03 1.541454665723447079e+03 4.852299865161866137e+02 1.442725497719910663e+03 2.986915365856698372e+02 3.798307962791318459e+02 1.165437387424673510e+01 5.406989258261346549e+02 5.390022176721370215e+02 6.404108954438693218e+02 3.995083883085735721e+01 2.237263668221864350e+02 4.874988332475828656e+02 1.419140252224323433e+02 6.010277350191383094e-01 1.112467693313925992e+02 1.968260139060009184e+00 6.042200795691770736e+02 5.774404717599977630e+02 4.228890692703926106e+02 1.023500078322462485e+02 1.612740581860296970e+03 5.700736456196697333e+00 2.860988740639379468e+00 2.663867095380842329e+02 4.767246646195529252e+02 2.788318888090997234e+02 5.983532091864245785e+02 4.843837538540494165e+02 1.524929235591722261e+02 6.645739458010638145e+02 1.624602103805754760e+00
0.000000000000000000e+00 1.448956259348429967e+03 1.239033857356325541e+02 1.426502765055231976e+03 1.050189548563035515e+02 5.555055421097470116e+02 8.856792955186000427e+01 3.356572785016766147e+02 3.553128711528911481e+02 9.079465550446995437e+00 2.154477279747298724e+02 6.719011616870434409e+02 1.297467406640379739e+00 9.093074493792825024e+02 7.497349115544832330e+02 7.244773431760423819e+02 3.999999956648385933e+02 1.136548089284223551e+01 6.966111158538616337e+02 7.876324373227002980e+02 1.479766304742759644e+02 5.135260607033408178e+02 3.395266475925682812e+02 9.716336430207448416e-01 2.830835892132195113e+02 1.833451753182733412e+01 4.727812116032571454e-01 2.443680845843844054e+02 0.000000000000000000e+00 0.000000000000000000e+00 0.000000000000000000e+00 2.970011105493885566e+02 1.081896074830386397e+03 5.142207548981996297e+02 1.121257410402637618e+02 4.114242437409646413e+02 9.218621415078375776e+02
4.225836930804527469e+01 5.880183710236624393e+02 0.000000000000000000e+00 1.425566667147001283e+02 9.750343724634693672e+02 4.379750079423982356e+01 3.149446706471885022e+02 3.600414528172898532e+00 1.466140640943729522e+03 2.854523465225202585e+02 7.427607902384060026e+02 4.837783065518634089e+02 1.766904819731344389e+02 5.966513166250173583e+01 9.680048656032285237e+01 1.262697357366432698e+03 1.256378682273282038e+03 1.427532854991539324e+01 8.272660257760584273e+02 3.953505848042486264e+02 1.032191004949436142e+01 4.770747899251603741e+01 2.610031796152010202e+02 2.560747358272359406e+02 1.656740574880095664e+02 4.174188398410450418e+02 3.935382036296227284e+02 4.043310085129061235e+02 1.898113244521933529e+00 1.507558508525215530e+03 4.235295556295731103e+02 6.865152342200113935e+02 4.551350933855461562e+02 8.075979035711650056e+01 4.051327045755265317e+02 3.848276255731759647e+02 8.023188583162093437e+02
2.002465243914032555e+01 6.173182031104785210e+02 3.498560679380932470e+02 3.229885164065704544e+02 4.815359083889074441e+02 7.465490816593952417e+00 4.721957088739075630e+02 3.245898383384596286e+01 9.236462387905211244e+02 4.444511438522296771e+02 8.327109392242393824e+02 3.073201180162303672e+02 2.693948284364184360e+02 3.266224166868477710e+02 6.665613876395889292e+01 1.445530698278358614e+03 3.862817273707355525e+02 1.253322463992893177e+02 9.500699155598460948e+02 3.880610683127792981e+01 4.884392630251481364e+02 6.682859641701242026e+02 2.525760554024825808e+02 6.184425084220018789e+02 3.554550624169129378e+02 3.624792993970223876e+01 2.613674632780669072e+02 8.036132676293549366e+02 9.185249871313674248e+02 1.915786907764769609e+01 1.248736223612807862e+03 1.258750117125220502e-01 4.351693528025064595e-01 7.920400347507202241e+02 8.146175697815839385e+02 1.267671946043902381e+03 1.389155410487506117e+02
6.035071354778322075e+02 7.180214159086804102e+02 1.768946958931961078e+01 2.525164517065998666e+02 1.782528888740738182e+02 3.735361786330769860e+02 6.195454955120253544e+02 0.000000000000000000e+00 1.184186899301573987e+02 3.949205250366109965e+01 4.202413791331061361e+02 8.987544625815751260e+02 3.413357907443996808e-01 8.028265901751128695e+02 3.621688116713693830e+02 0.000000000000000000e+00 2.889423438382133895e+02 1.724227570571189005e+02 1.578495452816301395e+03 4.355053144627209463e+02 1.949512622270509610e+01 7.892323477468466990e+02 1.177827795650308644e+02 2.570170486433528367e+01 5.771969793843801710e+01 9.707001500109086578e+01 8.564332563689235940e+02 1.271337519801702229e+03 1.226919490416435536e+02 2.677112510145142110e+01 2.447886176952778214e+02 5.401397785153485529e+02 7.364410693057643584e+02 3.737613660745762445e+02 1.532213460606334365e+03 2.901829402140618299e+02 3.721775337967767050e-01
9.263375117741888971e+02 2.148904861292988855e+01 0.000000000000000000e+00 3.942898604202084698e+02 1.774237231009341542e+02 1.216055855658684521e+02 1.142609432390158418e+03 1.383319393057756201e+02 1.010478588070777050e+03 3.771165666423274843e+02 1.580884035576845008e+03 6.001003071800550970e+02 6.755184708977633790e+00 1.322506160924593246e+02 6.114417545662784050e+02 1.202656743191893838e+03 3.060493558927565516e+01 1.384079413519526270e+03 2.785895164557496742e+02 3.218661224780078669e+02 5.121801570051446788e+02 1.165140837040511769e+03 8.217997438494929696e+00 2.356410453480896479e+02 2.509150951300404699e+02 3.353818711487715376e+01 7.529042711842540712e+02 1.248294609432664402e+03 8.485717518854057744e+02 5.038016579298729170e+01 5.496320015055463273e+02 3.359397186263659574e-01 0.000000000000000000e+00 7.791583990069439096e+02 4.218884783522811404e+02 9.878679276837684142e+01 2.093061490315385811e+02
0.000000000000000000e+00 8.788275559236691379e+02 4.408765570206066400e+02 1.072051694045665954e+03 0.000000000000000000e+00 7.277056407829924183e+02 1.923978457156859463e+02 4.534769417282499262e+02 5.475574937248189826e+02 5.153720158816096273e+02 2.462664400031018275e+00 7.438941050484654625e+02 1.630923122825466407e+03 5.098746170615042388e+02 5.475316297814661084e+02 6.207566248259095119e+02 3.101540290151854862e+01 0.000000000000000000e+00 2.000387057520017891e+02 9.990713793257231146e+02 1.199463565489304884e+01 6.125492326841737167e+02 0.000000000000000000e+00 3.154813806060827801e+02 8.772576607957860233e+02 1.325885490297401475e+03 1.203436677440948149e-01 5.959540292102329886e+02 5.289615928244760426e+02 2.686992622883977901e+02 1.984994312523321314e-01 5.388002477072267311e+02 3.889759508407778412e+02 7.745027205050909060e+02 3.223468637740983578e+00 1.697422941711784460e+03 3.569036242639231205e+02
4.788525889373235600e+02 1.079719387523733900e+02 1.154122700878652665e+02 9.938316379675783685e-02 2.962391507806827029e+00 2.781833755113787953e-03 6.717501790260610051e+02 6.468923646582916964e-01 5.738435744226555446e-01 6.287569967748745512e+02 1.645416193141830718e+03 4.415938179860815893e+01 1.591605320692983241e+03 1.518487144106510868e+03 6.035386832309716283e+02 2.743440837916691066e+01 1.099371123537936228e+03 1.200942837087015036e+01 4.980215342529924101e+02 2.183828211296498694e+02 6.089651830720832777e+02 3.053466061278598431e+02 1.002524536788915732e+01 8.170861576292921882e+02 9.425797755401113136e+02 1.049177138359740184e+03 1.271813643473341926e+03 1.875196408388082716e+02 8.249962534282420279e+01 0.000000000000000000e+00 0.000000000000000000e+00 1.656192918775098178e+03 6.308621164104335488e-01 2.164008193475352559e+00 1.489783210738876733e+03 9.728309540256598211e+02 5.532771029283965163e+02
4.867551286061113842e+02 2.350084213821848067e+01 9.538718693859991618e+02 1.913136836358420112e+02 9.648147146627058746e+00 1.361419206162428964e+03 7.675869270912662614e+02 7.975452958914259227e+01 6.247757050636990783e+01 5.807514156978704278e+01 1.023414927879995730e+03 1.034575199270224630e+03 4.170015033316137654e+00 1.166853768851764016e+03 0.000000000000000000e+00 3.501750460817705743e+02 8.752871445072490815e+02 8.101153574939782942e+00 9.502169011289288392e+02 1.455885592047400507e+02 1.066737106348674388e+03 3.495759519046209221e+02 1.372826970705967824e+02 4.949299615762031124e+01 2.035697017899718020e+00 1.204011531626226770e+03 1.780847830189433125e+03 1.650486619163986290e+02 3.095312586662985836e+02 7.411505628815323377e+00 1.538444491555533887e+03 1.078276511289088013e+01 2.972872124067430377e+02 3.570594170627009589e+02 8.488580341140936980e+02 8.778128291100736078e+02 1.631590163414718830e+01
1.340321638119464751e+02 2.963976323251073950e+02 3.179824559357512612e+02 7.349486043773808888e+02 4.284199252388588519e+01 6.823234350185177766e-01 5.095711170919360988e+00 3.563976960263614728e+02 3.167481527050742898e+02 7.150817442495882849e-08 4.011381560873490848e+00 9.686253460065850049e+02 1.724855923446392126e+03 0.000000000000000000e+00 1.040054039421479501e+03 1.112925935800344860e+03 7.353995610373627869e+02 0.000000000000000000e+00 9.718506858727350846e+02 1.690454005948982967e+02 4.466637768976929124e+02 7.988742707976940665e+02 2.790084812330245541e+02 9.998794139782447701e+02 7.530509671290743654e+02 6.402401936616716860e+00 6.455986919719470052e+02 3.377249805087330969e+02 1.657204973759333825e+03 1.325079881122653802e+01 2.979421210725824949e+02 1.452818602525853976e+03 0.000000000000000000e+00 4.265476329739939274e+02 1.988435763476257989e+02 5.843161889056249336e+00 6.981758485447484190e+02
1.163708660166090141e+02 1.966212980672675315e+02 1.468537753771171538e+03 2.592363368960648451e-01 0.000000000000000000e+00 5.585509657007041824e+02 1.902284874123998293e+01 8.456211330101443764e+02 1.350144199438060696e+03 7.886633910342019327e+00 5.878477077985410304e+00 5.286423466366019284e+02 7.787263597326331137e+02 1.216763424885480144e-02 2.902866007153311898e+02 6.584493781641670296e+01 6.032473831000295661e+01 1.627936466716741677e+02 5.359486139268434499e+02 1.082785196856681154e+01 2.585470391330643025e+01 3.787613600181038578e+02 3.101140764487326340e+00 3.266988811761892180e+02 3.583915490040969871e+02 1.401744239673965239e+03 1.359098769494443388e+02 7.166289852617899214e+02 7.230072885846610689e+02 3.287411195962554600e-01 1.190295924950225299e+03 9.751280110095306100e+02 6.731699237215869971e+02 1.134111990938504505e+03 2.247540190030365181e+01 2.607409548586568349e+02 6.467673198424163274e+02
