output/example_1/lateral_incision_000406.asc
nrows	75
cellsize	13.33333333
xllcorner	0
ncols	75
yllcorner	0
NODATA_value	-9999
[rows 34 to 50 of 75, columns 37 to 73 of 75]
4.000821673951856505e-01 1.564008860600454909e+03 1.643727601325893906e+00 5.543695899042729707e+02 3.224592991008910303e+02 0.000000000000000000e+00 4.386365190961864755e+02 4.083054516664282829e+01 4.714482682359670775e+02 2.448094583670130078e+02 1.336899367220979116e+02 0.000000000000000000e+00 1.236058152756334039e+03 3.070668995889807462e+01 2.964384684992870667e-01 9.698531849614665816e+02 4.051756760302737348e+00 1.528792366984479401e+00 1.669701998515290825e+03 2.920083427027465177e+02 3.107654257992549560e+02 1.500446449167755532e+02 7.122004969415382902e+02 1.659065365135378656e+01 8.599051214439066726e+00 4.152307636282971544e+02 7.904462631793498417e+01 5.082992471689566827e+01 1.162091425928392937e+03 1.013696151208374317e+03 1.354654834224359092e+03 2.971358648152099136e+01 1.723592478376902591e+03 8.113850995387374496e+02 4.105241890599199905e+01 1.453093417757163934e+03 2.485773110896889193e+02
1.100121904717089549e+01 2.572188203560723423e+02 2.365879841710705591e+02 4.020779480569073598e+02 7.180127254085823196e+00 6.780724359044020266e-01 1.257010168347674608e+03 8.512611506645150428e+00 1.484270768038007418e+03 6.270944310345741997e+02 4.582521874876552488e+02 4.339942462587828231e+02 2.555980293537476200e+02 1.944654001136666199e+00 9.541189791283924251e+02 1.044068442016138988e+03 4.854335517715664423e+02 5.046528420563566328e+02 0.000000000000000000e+00 6.939058938889410229e+02 1.779351119693929490e+02 9.399007089504322039e+02 8.620075990138591493e+00 1.378139858468508692e+02 9.283374695772607765e+02 9.244751392661206637e+02 2.995170788934906341e+02 0.000000000000000000e+00 6.281969312596700092e+02 8.886329739657541040e+02 8.706347133837847423e+02 1.201148404585416607e+01 1.136976149132537302e+02 4.352607095666506609e+00 1.775713511099317259e+02 3.811209594164629380e+02 1.249416121702756328e+02
1.001278738441606492e+03 1.415091190159982659e+01 1.078197387088983305e+03 0.000000000000000000e+00 3.082444584448454066e+02 5.851110861976500246e+02 3.837897170179611521e+02 3.632486508244832635e+02 9.779657991005259987e+01 1.379951865119100830e+03 6.330174932395016185e+02 1.378580461719987625e+03 1.184642602169101337e+03 2.837419777688421973e+01 2.390549928211347321e+02 7.440304514848853614e+02 4.284411814146269535e+02 6.573536248277004006e+02 1.044004036233287849e+02 2.019115303532123562e+02 2.256303618295591562e+00 0.000000000000000000e+00 3.882645299503175806e+01 4.892355631361510291e+02 1.129298033590656125e+01 1.024993327035185985e+03 1.969582592021110372e+02 1.972948230756071553e+01 1.184720249006917811e+03 1.449841880095755869e+03 0.000000000000000000e+00 1.617069569004100686e+03 2.653256671792898373e+02 1.079044591121201165e+03 4.428413977118262324e+01 1.481569168070180467e+03 7.645315942914502330e+02
3.358549684419806454e+02 0.000000000000000000e+00 1.916102038689956828e+02 2.303014505437131447e+02 2.502178589474801242e+02 4.735131722044040430e+02 1.805002139022763785e+01 7.656036491273970341e+02 1.017413506121518026e+03 0.000000000000000000e+00 5.182412301613875343e+02 1.908486286935925875e+02 2.097254337282512260e-01 1.203839862006708245e+03 2.903796894513801021e+02 1.684106617626970319e+02 0.000000000000000000e+00 1.324722925412437178e+02 6.480092079675374634e+02 3.145045023759864122e+01 8.367597238611811008e+02 6.176066961689379013e+02 9.359336169306798183e+02 1.258246908610170294e+03 4.593192299577796689e+01 1.181235098757988933e+00 2.089694293637350881e+02 1.226261349310877677e+03 4.955523509637534829e+01 7.114115098353721578e+01 6.768553850530234968e+02 9.601454709321031942e+02 5.354485356862047638e+02 5.930185601338783954e+02 8.635150184716474087e+01 4.851727214454953128e+02 2.774462676287116665e+02
6.994418516880553227e+01 1.373250559626161476e+03 0.000000000000000000e+00 1.122714477526048995e+03 1.761187494291029054e+01 7.213930397759591528e+01 4.583252341656901763e+02 0.000000000000000000e+00 1.099332531539798765e+03 6.644116582599194771e+02 2.114135536375830782e+01 3.649797862546275140e-02 5.960658456399212355e+02 1.576295099412031050e+03 0.000000000000000000e+00 6.691045830004635491e+02 1.288272151946962119e+01 7.397155686679900555e+02 4.804856070404549087e+02 2.131034914608888897e+01 6.087027952900035643e+01 2.768093511149817054e+00 1.393012060543157986e+03 3.160457784135899715e+02 1.143840224340339546e+03 9.819056926922793309e+02 3.467027372493412258e+02 8.077957619810077858e+02 0.000000000000000000e+00 0.000000000000000000e+00 3.248586341264708608e+02 8.342792513916154462e+01 6.203379167472820477e+00 2.864823444241607064e-01 1.400561511154817822e+02 4.397084241274428962e+01 3.894808202701749877e+01
1.679947060617693637e+02 8.863965537178493150e+02 8.688556375556233888e+02 2.304910586437736342e+01 2.337245263924498673e+01 4.058183850409456568e+02 8.027489057656222258e+02 0.000000000000000000e+00 4.738225913381933196e+02 1.847943616675147283e+01 1.004923219522098954e+00 3.587733676872543356e+02 1.035100905903830579e+02 1.083271174608766501e+02 1.350300869312823124e+02 8.406513512857782189e+02 1.229126532452447549e+02 6.451157731136337361e+02 5.085168856006445708e+02 1.485879024043346064e+01 1.201277282834242442e+03 1.349958439301782107e+02 2.728627557823710603e+01 7.958110841696910711e+02 8.072963786002660527e+02 2.636697735041638566e+02 1.097221907940056553e+03 9.038271099086547622e+01 5.465968638759069798e+00 1.226608992060458831e+03 1.351293454636638671e+03 2.106703103267092203e+00 0.000000000000000000e+00 1.283120608895609394e+02 2.169048359055533126e+02 6.596368475596170811e+01 1.862282635041153753e+02
8.897898904589497988e+02 1.543907434898255531e+02 4.600994795872889540e+02 3.840867698085640427e+02 3.242641448289177220e+02 4.153845786470006018e+00 1.218572567544807043e+03 2.096575844710242563e+03 1.433111820438001814e+03 6.604088797581674442e+01 0.000000000000000000e+00 1.150701891031530977e+02 4.855266242838753215e+02 3.372525786279211388e+02 3.979074842354307862e+01 3.066028243388578267e-01 8.091491684287933595e+02 1.044534332660971586e+03 1.550865049253520169e+02 1.316241039030192951e+03 5.349796635234121140e+02 1.166921974117120044e+03 5.129297130846303787e+01 2.110754150815404628e+01 5.692648473787334851e+00 1.058638947305534117e+01 5.198533653551387488e+02 1.251533155215736883e+02 3.466832029394449677e+00 2.958899999773502287e+01 0.000000000000000000e+00 9.677983763848120589e+02 4.474902499715287831e+02 1.325941338292479486e+03 2.599844559181672139e+02 8.946016313772265676e+02 5.197729576949959851e-01
4.316608552292202603e+02 2.068999883584544648e+02 0.000000000000000000e+00 1.557125488186937616e+02 2.614586393760234841e+02 8.608848253346576485e+02 1.813097383779962435e+00 1.335271668042399142e+03 7.854940068872958925e+00 1.245072290422857805e+03 3.610772845922115692e+01 4.335355895014594125e+02 5.636289847050517804e-02 1.556686318234706619e+02 1.399238827579623479e+00 0.000000000000000000e+00 4.670121099061931886e+02 4.083647625762380358e+02 4.932629106187581547e-01 7.555706146891801609e+02 1.798954729553026652e+02 4.687252216384945882e+02 8.579471524452264575e-01 1.090776903258074299e+03 1.667655700291768198e+03 7.547561452966965589e+02 1.107004501674306454e+02 3.865793659732855190e+02 1.887571149818082272e+00 4.433853688636974653e+02 9.955625507580658677e+02 4.853792674641443927e-01 1.985664821622469276e+02 3.442597898091344746e+02 5.831802851378616879e+02 0.000000000000000000e+00 1.840372108577873007e+02
1.500647692293871387e+02 1.424886942697361576e+02 2.671341797003940588e+00 1.662314127938106765e+02 0.000000000000000000e+00 1.978948731987140519e+01 2.226153125591740434e+02 1.665703009046404759e+01 1.541538336293549946e+03 7.452589383515726240e+02 2.361224159564492098e+01 9.425580818715304758e+02 3.444749594955489442e+02 1.957817347945810527e+00 4.423626473795101219e+02 2.840877312690506074e+02 1.544866548591631272e+03 2.587708885210398648e+02 1.008659218673264604e+03 0.000000000000000000e+00 6.633213608702250212e+02 4.744603507664782569e+02 0.000000000000000000e+00 1.593953770794842342e+02 1.873262914226924067e+02 1.657644872258135536e+02 3.644723105364412845e+02 4.149079351412893857e+02 3.878977337952140658e+01 1.450951428662946910e+03 1.073772317387572395e+00 9.715518070051511756e+01 5.686516356698399477e+02 1.469444537780851078e+03 9.604093802458020264e+02 1.504984236938081210e+02 2.540811224853790762e+01
5.071658561233845148e+02 8.253690205068310206e+02 2.297194915684766841e+02 4.832555419449965370e+02 7.673681062137807203e+02 4.417617115704213688e+02 9.906603826009139766e+02 2.799989321601906056e+01 7.459179458454025280e+02 5.993282816910560769e+02 9.259434214188527221e+02 3.480960043643174799e+02 3.214487143363429595e+02 0.000000000000000000e+00 6.354511045095456439e+02 1.865234563025058492e+02 1.020864291713712362e+02 1.082261497099112404e+02 3.386515631239633990e+02 7.077970936457003290e+02 7.321910332852768306e+02 2.950565300747094888e+00 0.000000000000000000e+00 3.135528629046918425e+00 0.000000000000000000e+00 4.977692157019152432e+02 1.235407522709581599e+03 1.064692399146392745e+03 1.342769676079860197e+01 3.044833966441759898e+01 5.513502759487234925e+02 1.555678693304861504e+01 4.688225885562814028e+02 8.456962876409753562e+02 1.893935720041779405e+02 1.101436384360497868e+03 3.931499755462871235e+02
3.086034494642755632e+01 7.299397149414336354e+02 2.985740562341326836e+02 1.516511376280150980e+00 1.117393617011518245e+03 1.658190413951355140e+02 7.105519362772539580e+02 2.017903047848885123e+01 1.514637933819942418e+03 0.000000000000000000e+00 4.792115062602617286e+02 4.551908023776973664e+02 1.817101675169665498e+02 0.000000000000000000e+00 5.363601020447421206e+02 8.493073838186041939e+02 6.737255825657307469e+02 2.894615894201071455e+02 6.568571030521369494e+02 6.055660454144327787e+02 2.014852011772676832e+01 8.856545073206438019e+02 3.164206980074951758e+01 8.110312015143532562e+02 5.668952130906661750e+02 3.669023523868456778e+02 8.562826255476335291e+02 3.945516095179238958e-01 7.794623509199777800e+02 1.036096383897311739e+02 1.217984565937544858e+03 9.650341049162627769e+02 2.643016172567722588e-01 1.109611694935885424e+02 1.551436402696311461e+03 4.915832051066697090e+02 1.905585023429118863e+01
2.514750151821502584e+02 4.669832150642918833e+01 5.762265496229422297e+02 7.536749972949243759e-01 5.085382649445521208e-01 5.213107701219065859e+01 1.041046487841139196e+03 1.710749319612128450e-01 3.892913108697691200e+02 6.133593355466462071e+01 7.850112824732789818e+00 7.162954620181428709e+02 2.862754526698690825e+02 7.020247096947673349e+00 6.427096637793623586e+02 7.555528686702017467e+02 1.814738092907674183e+00 1.014522122998012833e+03 5.655687108989085345e+02 3.805300587747254326e+02 9.085424610495248317e+02 5.847863419015213822e+02 6.925526207071008855e+01 9.450123152480867930e+02 2.982230326475217908e+02 1.248403625754604491e+03 5.270481759601766569e+00 2.651453762388178461e+02 1.849522072774979961e+03 4.075183905727556635e+02 3.965558663789056304e+00 2.470279514470870197e+01 5.484809401334866834e+02 1.512321427110248919e+02 1.432589119693377597e+02 1.548952510882330955e+02 2.904144378458757387e+02
1.385925960079489450e+01 2.191725508816216106e+01 4.277691337629364909e+01 6.640285418822732026e+02 4.274873497328162841e+01 3.929372236367121900e+02 9.506235117598769193e+02 7.742230223439722891e+00 4.021484673314398606e+02 2.881885615257180007e+02 1.212896992685751684e+03 1.482005138883751840e+02 1.415894287762450290e+02 3.075588529267628815e+02 1.088746396801868286e+03 1.057514473486070639e+00 3.908951013501073817e+02 6.025909588541255744e+02 2.392722975530828649e+02 4.070584123697611290e+01 1.315319166521396255e+03 3.660785307345823298e+02 8.594729068844001176e+02 5.122287514259323871e+02 4.732828595498035611e+02 1.512713712680807632e+01 5.403811853799011260e+02 3.669023523868456778e+02 2.297699116625555291e+02 8.828618208876817164e+01 1.916843581171440576e+02 0.000000000000000000e+00 4.987372411500491012e+02 5.228246190423212738e+02 1.230933365105043809e+00 3.979091160839473673e+02 5.663395902391353047e+02
5.087217129837542728e+01 2.302136089317163226e+01 6.961288857008042896e+02 0.000000000000000000e+00 8.607347526948641581e-02 1.919962522999010091e+01 2.571447707753391683e+02 8.630379748728296274e-01 4.187928594410284973e+02 7.173510233675315373e-01 3.625367756653153037e+02 3.983111904238551801e+02 0.000000000000000000e+00 8.576892705940625774e+02 1.363664444666321017e-03 8.303936114017343471e+02 1.168755399618072261e+03 9.725411059094726625e+02 3.223593739590161817e+02 2.132917930470664203e+01 1.017988614197130005e+03 4.572270616870179083e+02 8.160278814844502904e+02 1.139363376531727454e+03 4.806364922428360664e+00 2.923296889236922880e+02 1.491788274127396335e+03 3.776977217718921764e+01 9.061692680645151086e+02 6.079613697653454665e+02 2.076561705295027205e-01 0.000000000000000000e+00 7.216590041740837478e+02 1.558173142836925535e+02 9.782987957194281989e+02 2.557357895806133286e+01 6.540829608577598719e+02
1.103368380937370830e+03 1.794192557736820390e+02 3.185141536287908934e+02 5.669068629038380180e+01 1.795238632621098418e+01 3.940144138244190963e-01 3.895979518297334607e+02 2.184697470280159148e+00 1.111374946964370338e+03 5.976091664211161287e+02 2.812076717737512013e+02 4.671012506994639466e+02 1.000587900218816095e+01 9.696410594797239924e+01 1.722500802041029644e+01 2.253612473952522777e+01 7.262845980130456383e+02 1.064261394369622167e+02 1.865610268320846501e+02 7.808671065476056583e+02 4.949586271432219187e-01 4.364095354163682883e-01 3.509255852676222531e+00 0.000000000000000000e+00 7.344174634977831317e+01 1.252021376678004572e+03 2.095954285988137258e+02 2.055595593814537949e+02 2.067313546680506153e+00 6.660590441520680542e+02 8.676543669188968124e+02 1.335076152883255531e+02 8.843570073428902560e+02 1.086681536111952227e+02 5.759112537402596672e+02 1.438058123965855373e+02 3.070178049910318236e+02
7.367288248625673930e+01 1.831199107682569327e+00 0.000000000000000000e+00 1.866504735665265571e+02 5.434968932334073770e+02 0.000000000000000000e+00 0.000000000000000000e+00 1.606530536417657459e+03 1.057217827494926626e-02 1.491053487508830599e+00 2.134112021819797533e+00 3.105656137704428374e+02 0.000000000000000000e+00 1.100963119745602459e+00 1.274173294573572690e+01 2.403457286764075551e+00 8.648586735541259785e+00 3.785130754687139554e+00 1.576563656738663610e+01 1.317988679295943599e-01 5.018394467907261287e+02 6.081915045281421044e+02 1.208138013335482356e+03 0.000000000000000000e+00 4.354188228360734456e+02 5.693973881785735491e-01 1.206209604802822014e+03 1.153984403173959208e+03 1.457303489067958253e+03 2.750448409886049035e+02 8.594023083486064252e+01 1.772291830911268917e+01 4.409387321490291924e+02 1.023665827765294634e-01 6.854666313096093972e+02 1.133917942138524950e+03 5.569224480640966135e+01
5.984821765940297382e+02 3.202783724284903428e+02 1.345790678924103531e+03 2.845707528345409187e+01 0.000000000000000000e+00 9.426440216115864814e+02 1.032883216707341944e+03 6.223889969018143802e+02 1.089974497974557607e+03 4.398681409754706237e+02 7.767429747254965378e+02 2.300617978278434728e-01 5.391183870335095207e+01 1.580163253787470694e+02 6.822341488895204975e+02 4.836912070091410101e+02 3.608580643952563491e+02 9.470819366427238037e+02 6.247313669066180637e+02 3.209256441575133749e+02 4.434602204933572693e+02 1.112269289966889119e+03 1.419028563181634354e+03 3.836127280187541511e-02 5.122297264670507957e+02 8.698740052279136989e+02 6.116496507343804012e+00 1.668749485615970585e+00 1.151531495450465627e+03 5.645140848008483658e+01 1.975294772339381311e+01 5.000539677414974449e+02 6.271197737392195215e+00 7.523938868269274849e+01 8.873128376945350615e-01 2.628050610179781756e+02 9.608749382758730917e+02
