output/example_1/lateral_incision_000163.asc
nrows	75
cellsize	13.33333333
xllcorner	0
ncols	75
yllcorner	0
NODATA_value	-9999
[rows 34 to 50 of 75, columns 37 to 73 of 75]
6.413226659282312312e+02 0.000000000000000000e+00 4.791715781751562417e+02 2.607883030050044795e+02 1.801504695577731638e+02 2.590925146563332078e+02 3.677887164874901060e+01 2.104548002315706015e+02 7.410896825287466072e+00 0.000000000000000000e+00 5.032400781521955224e+01 1.571515602980569383e+03 6.249294660482023573e+02 1.189814806083464163e+02 2.858972063609689940e+02 0.000000000000000000e+00 0.000000000000000000e+00 3.068214120608487292e+02 2.556698345078304291e-01 9.269090687716618504e+02 3.864268249597022873e+02 6.473375133195587239e+01 3.914865582002545530e+00 1.614803270390579542e+02 1.028664680268157781e+03 1.370462821279152195e+02 3.705421791554038835e-01 1.186741351427819382e+03 0.000000000000000000e+00 1.309644392126550429e+03 2.879962197552811176e+02 1.035318600996834448e+03 1.227475320119364824e+03 2.809243105685375781e+02 2.649296401138594437e-01 8.240476468095572500e+02 2.854081875018650294e+02
5.881022283990130290e+02 6.915117983406965152e+01 1.329465495389845728e+03 1.149287157448539347e+03 4.971344347269676405e+02 9.339094513602064751e+01 6.446578635080540209e+01 5.463527383595697273e+01 7.687007286617121571e-02 8.120899095142355009e+02 6.339805113495397393e+01 1.257707930884747611e+02 8.050016176055224832e+02 5.660941686666038777e+02 5.681942981840385301e+02 3.654726389669940545e+02 1.921963900353255212e+02 5.490501044582738359e+02 3.093298464203977005e+02 2.505869096224216150e+02 3.220443286918968084e+01 1.373242635258260975e+02 1.701255924545865241e+02 0.000000000000000000e+00 2.723832677364538001e-05 5.482308478238120258e-02 8.973767121725695688e+02 1.341652396126929034e+03 1.068605914631456926e+03 1.959857908407428295e-01 2.088239956775001360e+02 6.205275605614325514e+02 1.444333564086915089e+02 1.449768165425125801e+02 6.307223079462534088e+02 5.295866067578114098e+02 2.451808816619379741e+02
6.317850811855879556e+02 2.903002763535648256e+01 4.707355868739059588e+02 8.288263529275457131e+01 9.410285761748383493e+00 3.436160961462282444e+02 9.638606069406951349e+01 6.654077431796409883e+02 2.387285341160144867e+02 1.987992888003781786e+02 9.222172810721327778e+02 1.436595554930583603e+03 6.160913938518939759e+00 1.743177839273685322e+03 1.076366008796192091e+03 4.368538421379553256e+02 1.665957424232846984e+00 3.439690438996179545e+00 2.321246045690661397e-01 1.520565217409534000e+02 6.101646199852723385e+02 1.461816828366382026e+02 2.909473038303630119e+02 1.787654033987381652e+01 1.257893274009858118e+02 6.074231013381704543e+02 1.205137415840786552e+01 0.000000000000000000e+00 9.173367012135491905e+02 7.244387427554124770e+02 4.806351267687301865e-02 8.420567050836302769e+01 1.134628302304926173e+01 4.209015931848264813e+02 7.100897463370700962e+02 2.674688143266128009e+02 3.815155549709085108e+02
3.319410059448706107e+01 8.950851591830233929e+02 9.328320587220057405e+02 1.495281488470582758e+02 1.575964182674148105e+03 2.199253660378471977e+02 4.558522592060343825e+00 2.147655740649291545e+01 3.303765608379465135e+01 2.098023474843980409e+02 7.771779607109559720e+02 1.644077394747398330e+03 7.077348715123792999e+02 2.097538493123276560e+00 6.786192291704724877e-02 7.612532575401257873e+02 6.308460582707780304e+02 1.029812720795355290e+02 4.973712069039939365e+02 4.501544188536009017e+00 3.613437675889828427e+01 1.335906943657469981e-01 1.065910250250150284e+03 6.499544925930972994e+00 7.410385051711459710e+02 6.463771477944201251e+02 6.333052451523983564e+02 1.191503554321779347e+03 3.928163098531676383e+02 0.000000000000000000e+00 7.071533600924514076e+02 2.282786363233304030e+02 1.671399126371949706e+03 2.969677428373057637e+02 3.808247219827990193e+02 7.492466728206686639e+02 1.303770512919635109e+02
2.301006730541696186e+02 5.308152148394752885e+02 1.586854293434452529e+03 0.000000000000000000e+00 1.384146112708733881e+03 1.362551796910530811e+03 5.644939922379636528e+02 9.243568509676844513e+00 8.139376719279590633e-06 5.494081982427379671e+02 6.382624898997444234e+02 4.333739177407264833e+02 0.000000000000000000e+00 5.668187193302722449e+01 6.687155890647585466e+02 1.446092019136365892e+01 1.392919229599378355e+02 2.894263302455321423e+02 8.852839795941065404e+01 0.000000000000000000e+00 3.322117624009112813e+00 4.754946468525782421e+01 4.456698651413742027e+02 6.516252459985553358e+00 9.392687934848112263e+02 1.755194471595736871e+01 6.564807880951109382e+02 3.657972831321624341e+01 6.099374159368347819e+02 1.065495600729241914e+03 1.057759356925648262e+03 1.148761389589757043e+00 1.002207666482746276e+03 1.078253279881168282e+03 6.251904274502239787e+02 4.576490448714244508e+02 3.743092760352283221e+01
2.526296237115681151e+02 1.906838417651122342e+01 2.370866775390926939e+00 6.594448947827386291e+02 1.245153398799740643e+02 4.868041775157089432e+02 1.120583389116776800e+02 0.000000000000000000e+00 7.563021605143268289e+02 6.508973055931752683e-01 3.747430411190710515e+02 2.802426000018590457e+02 5.796237137775742667e+02 1.263584112493467501e+03 3.353316931739813072e+02 1.564906881509403320e+03 4.536341757951267262e+00 6.711762522721941195e+02 9.777812485285276125e+02 4.290511161001115958e+00 0.000000000000000000e+00 5.835945586972755450e+01 5.055436353952395052e+02 1.242107565519135370e+01 2.327760593823159638e+02 8.435266626751511954e-01 1.623126171995519784e-01 9.428551282556685464e+01 4.543300481617231412e+02 1.600772351164817451e+02 1.041152809836548613e+03 1.430181059880311977e+03 2.094865639708971727e+01 2.152577287114405351e+02 4.477853879562576367e+02 3.074660883493318124e+02 1.759428720044133172e+02
4.048436115373515918e+02 3.837352596781361171e+02 3.502535616580156557e+02 2.951029521175519790e+02 4.638000714225428283e+02 2.544689763947974939e+02 5.260444572208490399e+02 3.974177542008589512e+02 2.271594511947682520e+02 0.000000000000000000e+00 1.438683982643204672e+03 2.192699345342293498e+02 1.113216714195551447e+02 2.341365231807048133e+02 2.151004528988071343e+02 2.389655175375689396e+03 6.665688775495258369e+02 8.834598709638379432e+01 1.561326093431600157e+03 0.000000000000000000e+00 3.798488528996183504e+02 7.023519305602354734e+02 1.076192005517218604e+03 1.542402826106578528e+00 2.284899889540694744e+02 9.511156945540994911e+02 7.669142173880176472e+01 4.180324061466290573e+02 4.163360221724792041e+02 9.500422599415429659e+00 5.074793284940416243e+02 1.756900813347169787e+03 0.000000000000000000e+00 0.000000000000000000e+00 1.710301594360408473e+01 3.793678283805506339e+02 8.139247202767024874e+02
0.000000000000000000e+00 7.385850691750514443e+02 1.125573219911708975e+03 3.853377213237731098e+02 3.607445761145825713e+02 0.000000000000000000e+00 5.091144151557190156e+01 2.201482561338887312e+00 0.000000000000000000e+00 1.599622356318432139e+02 2.015997853643836493e+02 1.551557577106234431e+00 0.000000000000000000e+00 0.000000000000000000e+00 3.793330202333123680e+02 8.586264583434069664e+02 0.000000000000000000e+00 1.506742439611856071e+03 7.367121712120727750e+00 1.014968357992288247e+03 6.436933431505127601e+02 1.793282545970417061e+02 8.916890272752164037e+02 7.274131273880447779e+00 1.317361798819025580e+03 8.639602682616643392e+01 6.947052433641774769e+02 9.117460070804715997e+02 0.000000000000000000e+00 3.252848298290813887e+02 6.569265659776841630e+02 6.921696913592875262e+02 2.993337572227048327e+02 1.152103118966145416e+02 6.702478835203885410e+02 5.946300760496095563e+02 5.024164891497190979e+02
1.983404671109063599e+02 1.133504703181651934e+02 8.075415693757797726e+02 5.327743548799287510e+02 3.441287172334509847e+01 8.535644569879887058e+02 1.089872796995299495e+03 1.054797211547570726e+02 7.520537819927047849e+02 5.147104334272047481e+02 1.035650938191716023e+03 3.497614452526529027e-01 6.798506478377257167e+01 8.351983512023563208e+02 4.708987247075530149e+02 0.000000000000000000e+00 3.760163521888818536e+02 7.006358511942643190e+02 1.460474475963518898e+03 5.094651517684140885e+01 6.545245800460259034e+02 1.135863395793692916e+03 1.165583870652088763e+03 1.605623897790907861e+00 1.022022775683637974e+03 7.405176023951231628e+02 0.000000000000000000e+00 8.447754183550249252e+01 1.118671415036663120e+03 1.937059229867892896e+02 7.882328489430219520e-02 5.502017427320585057e+02 7.833954994362143225e+02 3.612541462782970392e+00 1.415103616989493730e+03 1.019292089031977412e+03 6.980934206577511514e-01
3.536508037088091072e+01 1.287697151189910016e+02 1.635595871941668733e+01 9.294561853434848899e+02 1.996481128499733160e+01 0.000000000000000000e+00 0.000000000000000000e+00 6.730879861822667465e+01 6.049626845741211127e+02 1.156075762633252452e+03 9.805275818558860124e+01 7.128433241226888413e+02 5.260392966560103645e+01 7.986889705730412237e-01 4.656071395140409663e+02 4.283329819095603597e+01 7.389527389608913381e+02 5.271144900602184862e+02 1.416147063744458819e+03 1.811457050651381735e+02 3.075786997272953371e+01 3.736554200495219789e+02 1.582866949086298973e+02 1.423122987949540855e-02 4.126148278959003051e+02 1.015895544471014887e+03 3.311922451650946186e+02 8.761569697615772156e+02 7.692382663646789354e+01 7.471116548286269108e+02 8.166494340597543200e-01 1.499934619369181803e+02 1.119965721681744753e+03 5.297614826024245360e+01 6.527740176170256063e+02 4.769349433992374543e+01 0.000000000000000000e+00
1.935167616340599807e+03 9.506858570453471202e+02 2.077917817682523207e+02 7.056355003555120220e+01 2.112680343931557161e+02 1.033204263551558370e+03 1.093529976083779047e+03 3.115360241485758479e+02 4.426827082084258791e+02 0.000000000000000000e+00 2.762843758949293260e+01 1.617096357785490454e+03 6.306032281865665112e+00 3.796491744518826863e+02 0.000000000000000000e+00 1.942901184228640261e+02 1.804101855447194325e+01 1.070038480247211965e+03 6.349638611389502785e+02 9.229144229603112990e+02 1.094382487050270811e+03 1.392333254179574737e+02 3.673241491691408100e+01 1.181527441144748082e+03 1.262419327652436785e+01 2.114858460348594633e+02 7.402350162430072942e+02 6.796760193052231216e+02 9.521496818454811262e+01 2.213119432896519356e+01 3.930827878392170760e+01 1.595976196568058558e-01 3.610046110001106854e+02 2.881570003973473604e+02 1.620422795062737364e+01 8.580956919324987666e+02 0.000000000000000000e+00
1.597415119426456840e+03 5.052827120935907690e-01 4.324256773541465009e+02 1.160936224247340988e+03 5.944406301516177438e-01 7.357842881687500949e+02 2.518573259247278706e-01 1.433210884409620856e-01 9.344138269753161694e+02 1.155804912267663440e+03 1.469453698713576387e+03 3.650066179312712222e+01 1.456977776025776848e+03 4.483433169498371171e+02 3.794240328545101875e+02 3.646295624055796480e+01 4.857291479942029468e+02 0.000000000000000000e+00 9.668557675115574739e+02 2.935771637641299492e+01 6.152246616410967306e+01 5.084005979803781656e+02 3.107383749459538080e+01 5.159353376075067672e+02 1.093029305639950906e+02 4.231985831986002609e+02 6.761964090239266625e+02 6.506925685363607954e+02 1.552745708738682673e+00 8.977851967333792800e+02 8.576764171026953321e+00 0.000000000000000000e+00 1.750484570912657603e+02 2.505039575249514883e+02 2.120612414114257547e+02 2.823907271604761036e+02 3.690949522893690755e+02
2.170615372609732390e+02 9.471729681128877019e+02 9.126211832055440709e+02 1.062821757810860845e+03 1.208378091087116957e+01 5.460437025637739907e+02 5.919964283524405124e-02 6.940069206125040182e+02 0.000000000000000000e+00 6.521723228741050207e+02 1.149966457188052573e+03 6.896940642147885114e+01 5.300872100961599926e+02 9.197812185786254986e+02 6.210150158724519365e+00 7.388198514931879117e+02 2.646517021291079175e+01 1.207163905549249876e+03 3.672591654138523722e+02 1.115682640205097869e+02 2.574748400413728859e+02 6.790961660630630377e+02 1.383754492788477819e+01 1.728367814495589414e+02 1.515705799857946943e+02 8.904053315044905048e+02 2.795643157283035976e+02 2.222693147845855606e+02 5.409442690609995275e+00 7.546073757794513313e+02 4.194765621913781501e+02 2.146917238470154814e+02 4.886319032737650332e+02 8.663305591835205632e+02 2.731409800789466544e+02 3.752952657749357854e+02 3.439504555845797995e+02
2.890250494423935947e+02 8.687847073366350514e+02 1.481309996230756951e+03 1.030266359553583243e+03 0.000000000000000000e+00 3.260992864298861704e+00 3.129812023045960245e+02 8.043518160557371175e+02 8.428452360035707898e+02 1.889147133176217608e+02 7.841742367589415608e+02 7.091166665505528499e+02 7.353924552471473586e-01 5.746106981995206198e+00 4.003896756580079455e+02 0.000000000000000000e+00 0.000000000000000000e+00 7.611218558979531963e+02 3.779257821471132388e+02 1.094895996391375803e+02 0.000000000000000000e+00 2.374827947404760664e+02 2.929499717532123348e+00 1.684591932841322205e+03 7.563745994132914348e+02 1.855289163527892027e-01 4.797442004057623990e+02 1.142126002811478287e+02 2.288766997635881317e+00 4.206625063556809891e+02 2.898682521262239788e+02 1.697648990518572418e+02 1.814394109713541070e+02 5.815249387128078524e+02 1.390160893071488772e+03 5.325097109709060987e+02 9.711902395714348657e+00
2.161083535772393982e-01 5.276929928143980533e+02 1.153954902840381010e+03 0.000000000000000000e+00 1.141369383761481458e+03 1.628610156142598271e+02 8.745727749802513218e-01 1.560580198028878840e+02 4.125490519358669417e+02 9.618852540670994813e+02 1.232754963307843781e+02 2.036766846823747130e+02 1.265291602126717407e+03 6.924352602866356392e+02 1.306582627837220343e+03 6.759721185106646146e+01 1.256667981162939043e+02 2.350545429040885315e-01 8.247530039380592370e+02 4.659801809781387760e+02 1.736354547082934687e+03 1.012940049689711032e+03 3.344486073098157153e+00 5.017491285336654983e+02 1.632278805598298732e+03 4.407289091251930557e+01 1.724265793377605576e+02 4.845471609086452247e+01 1.242955516602360433e+02 7.513952054511863707e+02 1.350411939719200518e+02 1.055696576588901053e+03 6.964048990699757269e+01 0.000000000000000000e+00 1.521548458324995863e+03 3.105136519602117673e+00 1.022670584909543322e+03
1.494136688610318060e+03 4.067147998118720125e+02 1.927548861310382620e+02 8.246302601026649199e+02 6.812414164500348761e+02 4.518124030085677134e+01 9.020879747572500249e-09 6.957887457631591133e+02 4.136460706478914062e+00 1.316714891515876161e+03 6.215403086089856970e+02 5.408684702278771184e+00 2.317893208317120468e+02 0.000000000000000000e+00 1.185919919862293975e-01 0.000000000000000000e+00 2.609179632472116594e+01 6.963375969426971324e+02 1.521549510782593275e-04 1.021033717863695983e+03 4.850554939636542713e+02 4.298209815807490841e+00 1.522273179117247082e+03 4.483961783110351007e+02 7.582454427801981645e+00 6.239400539700525883e-01 4.456925835333492500e+02 2.086548224133655083e+02 2.431960370638050790e+02 0.000000000000000000e+00 5.363073920315012799e+01 1.228995716744788069e+03 1.256334203257740000e+03 1.167251288601461511e+03 0.000000000000000000e+00 1.479630412522007418e+03 2.598863745362286295e+02
0.000000000000000000e+00 0.000000000000000000e+00 0.000000000000000000e+00 0.000000000000000000e+00 1.536284852929308272e+03 2.938977238211003282e+02 4.635319986644979622e+02 3.580685283185573997e+00 1.655196018077117692e+00 3.073234825495829341e+02 6.949441764056592774e+02 8.657245659756766543e+01 1.698414983654641219e+03 5.642276408281898625e+01 8.551118536955700122e+00 4.754088782535571340e+02 1.135190286949273059e+03 1.191145086507011683e+03 3.894369589710090196e+01 5.051756505541296605e+01 4.476353594303985162e+00 1.543485407984756876e+03 1.755787429258838529e+03 1.671457509762138898e+02 4.027159054864023346e+01 7.407076113288017041e+02 2.611181416637182338e+02 3.350600582606267608e+01 5.502064423664171500e+02 4.209805074977272454e+01 2.885012853953196199e+01 6.378575405969741041e+02 5.191726050615526589e+01 1.643563028299313089e+01 7.379426647656772502e+02 0.000000000000000000e+00 3.179633935204915929e+02
