output/example_1/lateral_incision_000155.asc
nrows	75
cellsize	13.33333333
xllcorner	0
ncols	75
yllcorner	0
NODATA_value	-9999
[rows 51 to 67 of 75, columns 37 to 73 of 75]
1.080903333260451063e+03 0.000000000000000000e+00 1.562777902077202953e+03 3.345160504363158225e+02 6.746684705707504008e+02 0.000000000000000000e+00 5.076122660472216808e+02 8.528443294481942161e-01 0.000000000000000000e+00 8.754519089952550530e+02 4.565473224279177344e+01 2.960158742313172979e+02 1.210669017350354579e+03 3.941550638124022612e+02 1.048898928138868314e+03 1.284782626258936773e+02 6.416970890606976354e+02 1.220465472589695764e+03 0.000000000000000000e+00 0.000000000000000000e+00 7.716357080336284753e+02 8.277404033017076301e+01 9.744792747147375849e+02 8.821130515906713265e-01 6.248819591494999059e+01 6.337477032780184061e+01 4.795458480503398846e+02 6.881416387936307046e+02 2.078836905186961417e+02 1.141505900998170773e+03 4.190572184624695495e+00 1.548220380052508517e+03 1.591002547641732292e+02 2.000236589062243695e+02 1.117497079595632158e+03 6.395115316319328258e+02 1.831373704118990808e+00
0.000000000000000000e+00 0.000000000000000000e+00 0.000000000000000000e+00 0.000000000000000000e+00 0.000000000000000000e+00 1.653563554140958104e+03 3.335920485447513784e+02 9.227751597864116206e+01 1.488562995296780116e+02 5.949812023159271348e+02 1.460468931398979930e-01 0.000000000000000000e+00 1.534788863790118057e+03 4.061511861947333241e-02 4.906322937426377817e-01 3.065943055809171938e+02 1.310034172770177520e+03 1.906739119036471664e+01 1.588615664324337786e+03 5.107042221581775152e+02 9.676904582060475377e+02 5.187970853611120958e+01 1.454621276071388181e+01 0.000000000000000000e+00 1.090580757364822801e+02 0.000000000000000000e+00 1.863379140863073928e+02 7.822302265432751938e+02 7.154590518671642485e+02 6.381489821689916653e+01 7.022017241019933635e+02 0.000000000000000000e+00 4.273129913758338034e+02 7.538712354573223706e+01 2.959858562452745332e+02 7.371796252704946539e+01 0.000000000000000000e+00
1.703862941955031822e-04 1.212130683861956641e+03 1.207439558524623408e+03 0.000000000000000000e+00 0.000000000000000000e+00 0.000000000000000000e+00 0.000000000000000000e+00 1.104568425046421225e+03 3.999575873497748964e-03 0.000000000000000000e+00 1.046093677832506501e+03 1.332699042740287268e+03 1.988838532127053194e+00 3.347380747392387548e+02 1.224370589333003863e+03 0.000000000000000000e+00 7.109998700869667232e+00 1.524008003980002570e+02 2.125110979683889525e+02 2.418625167127831332e+02 6.822481944552600908e+01 4.414353993061711776e+02 1.008631694129425568e+03 1.231244890435483057e+03 0.000000000000000000e+00 3.594872838187725392e+02 1.091341625214851119e+00 1.034804916613707746e+03 4.310816240803200117e+02 1.854803233172842525e+01 1.048806655167335748e+03 0.000000000000000000e+00 6.216492675148417675e+02 3.404711571977559288e+02 5.214000974550894618e+00 1.736152568513317362e+02 2.336713386349099086e-01
0.000000000000000000e+00 1.564881091616049957e+02 6.606485338860597949e+02 1.518678328612779751e+03 4.596880792955844868e+02 0.000000000000000000e+00 0.000000000000000000e+00 0.000000000000000000e+00 1.260959563464901976e+03 5.165811156883381727e+02 1.240333655077420048e+02 8.936752214810873056e+02 1.309696261867934481e+03 0.000000000000000000e+00 1.048171521390667522e+03 1.590268263109139980e+03 1.624645841229080133e+03 0.000000000000000000e+00 0.000000000000000000e+00 5.397628273656063129e+02 8.585397267734313118e+02 7.827322606660085285e+02 8.638514083170236972e+02 0.000000000000000000e+00 6.552566876512642580e+01 3.494776241069592970e+02 0.000000000000000000e+00 1.189169962323568598e+03 2.124654269798591599e+01 4.162528987174240314e+01 6.024902180563329921e+02 9.663196501368875033e+02 4.326331232662441266e+02 1.111521764589613213e+03 8.257570083198579596e+02 3.602102814075266224e+02 9.318596157641979971e+02
5.404268000045983626e+02 1.307185140080280235e+03 4.559501757632060048e+02 4.417708539688215410e+02 0.000000000000000000e+00 1.197621155916946918e+03 0.000000000000000000e+00 2.849248675622724214e+00 6.934024770667347184e+02 5.184776717510441131e+02 1.475154418467679761e+03 1.782545909440383936e+00 1.020576060897272896e+03 1.252929982108734521e+03 4.565543549689907650e+02 1.704898117369430395e+02 4.526331368238446089e+02 8.041105713967673410e+02 1.287455083792891628e+03 1.916263948918138738e+01 6.948267471405894184e+02 1.082082793124230875e+03 0.000000000000000000e+00 3.375482742127452980e+02 1.161629576497151106e+01 4.153975132647478290e+02 1.224931181867060332e+03 5.720356614997610389e-01 5.709610725247288201e+02 3.285851028030216980e+02 7.982742099674625003e+00 6.794646257080689793e+02 2.940332666021035948e+02 3.462145387264730978e+00 3.006619102962391139e+02 1.638773826210998550e+02 8.332497175027310732e+01
9.828778786444261186e+02 8.075062719291371423e+02 4.094129550967296609e+02 2.319126597909350718e+00 4.605156877316345003e+02 1.242905908322161395e+02 2.260911403072375236e+01 7.804781333401360826e+02 7.674319956070549154e+01 1.350180486363683713e+03 1.830200397187177032e+03 1.251843060228267404e+03 1.257305292221466573e+02 1.118119362488377192e+03 1.499355233142465060e+01 0.000000000000000000e+00 2.418079792956637277e+02 1.579787661265037514e+03 4.807179018335394289e+02 3.993089282983033854e+02 2.067648193305401394e-01 0.000000000000000000e+00 6.149149377758034234e+02 1.393893364688938163e+03 6.389492197005508842e+02 3.078792581984864114e+02 4.607000731998824428e+00 5.855210204738634729e+02 1.322038356554813163e+03 6.553287318977353380e+02 9.092887941950765480e+02 3.978612543535609802e+02 2.221184062550998135e+02 9.091257382349157297e+02 0.000000000000000000e+00 6.865281734629070343e+02 1.192033410255237840e+02
4.578801373458425132e+02 1.173573297003666084e+03 1.906238620796069583e+01 1.705960369186570233e+03 1.813428278135711025e+03 2.034043942475159383e+02 7.207602700754478064e+02 6.899235140243742990e+02 5.293326633444659368e-01 8.712284327482369406e+01 4.982696765608337408e+00 8.629111613833325691e+02 1.840241789599064077e+02 1.403539097497375451e+03 1.383119786569282041e+02 5.725041005763242765e+02 2.355053725055711666e+01 1.183462084314022604e+03 1.049961881822009445e+03 1.599916216486205258e+03 3.612208296508663352e+02 9.511001688134709808e-02 1.694822611157257825e+03 3.821917249642480030e+00 3.142799480116998438e+02 0.000000000000000000e+00 2.829113378955090639e+02 4.674812170990557547e+02 4.792776488496710563e+00 0.000000000000000000e+00 5.045786330302382083e+01 8.010593984722086134e+02 4.009967801835662016e+01 1.499269472471469555e+01 5.958602077478435604e+02 1.051969276317486468e+01 2.001316044414525948e+02
1.266259672195254325e+03 1.641182156649640092e+03 0.000000000000000000e+00 0.000000000000000000e+00 0.000000000000000000e+00 2.214474626571137321e+02 6.461036454241495619e+01 3.272742772373389926e+02 5.570656626523568775e+02 4.554384989216474082e+02 8.096687430762076474e+02 1.197838963389219771e+03 1.418312870759722273e+02 5.471708232406756451e+02 5.820404870747227051e+02 1.457745198898681167e+02 7.863185967106843464e+02 7.748821071121464001e+02 1.746332194274570782e+02 1.017189570391797986e+02 0.000000000000000000e+00 1.354440255441843874e+03 2.510357819642568877e+00 0.000000000000000000e+00 0.000000000000000000e+00 1.316201231732158931e+03 6.662541684801457222e+02 3.141057938440060298e+02 8.144818230510921921e+02 1.346277380053510342e+02 3.053501876197383069e+01 3.730277963103790739e+01 8.254548730133824392e+02 2.733923429303593000e-01 1.037371851747765277e+03 5.217732358239987889e+02 1.017805260897577169e+00
1.025894566313598943e+03 2.274964971364568656e-01 5.555143632054993077e+02 2.956579657544519346e+00 1.718077160068143939e+03 6.367474640298822806e+02 7.134679966920460856e+02 2.548694914961878339e+02 0.000000000000000000e+00 3.371370631855658218e+01 1.054543038367406098e+03 9.797258215744985819e+02 7.890878224274636699e-01 8.102228824254269739e+02 3.538653385100524247e+02 7.074065399243650063e+02 4.150149382771133446e+02 2.684554559221591319e+01 1.005611813828238184e+02 9.312023979587401301e-02 5.153916427978369939e+02 1.000546831267398602e+02 6.291862557221819543e+02 0.000000000000000000e+00 7.906888218948664644e+02 4.985571976086271775e+02 9.060293002429921216e+01 4.301130239589472239e+02 2.537492748706816403e+00 1.159854453923347393e+02 5.427587460022843970e+02 9.945309630294426597e+02 9.132447495255222520e+02 1.766763898598550213e+02 1.105340880387627294e+03 1.535369452633618153e+02 9.755419859216821976e+01
6.857574750067820801e-01 7.505456856873454399e+02 6.526232430612517419e+02 1.672066224272720774e+03 1.739062251618785737e+01 1.538769236305364302e+03 5.818621966920122759e+02 4.243192280048113219e+01 1.538599726875588090e+02 1.563484278529766591e+01 4.627482812233932918e+01 1.393242876534370453e+03 0.000000000000000000e+00 7.009079974737582006e+02 7.414643234282439153e+02 6.989444019101210870e+01 2.752145948334180758e+01 1.261826726184020572e+03 2.705887782222364812e+00 9.649961758041852136e+02 3.893078723262071890e+02 8.759550626738988877e-01 1.161261876319656722e+03 1.362281129122387938e+03 3.274665283493014556e+00 8.157611484207209287e+02 9.402112337395058717e+01 8.587612825598289135e+01 3.850153221396075764e+02 5.968942144937526564e+02 1.791847740404859124e+01 1.056450344854651568e+01 5.293625193534959408e+02 3.161426243855205485e+02 2.314569681720201277e+00 9.821154945590844818e+02 1.642053701539909071e+03
2.932382546438603299e+02 1.476765165480164569e+03 4.632877809379149312e+02 5.130774968591427978e+02 3.166977217847226598e+02 2.856521596001410646e-01 1.665093495437289164e+02 5.628804318969857690e+01 5.311612472823240978e+02 8.066801625161782567e+02 5.451593472576922750e+02 2.448294751755457241e+02 5.780568929500058175e+02 0.000000000000000000e+00 7.009170272638021970e+01 3.847500915369007544e+02 1.177473433451979616e+02 1.388195769022354398e+02 1.120506835765472147e+02 2.206052591118065891e+02 1.556212451127729253e+02 3.354360395551917122e+02 0.000000000000000000e+00 6.658072936969630007e+01 2.331769662812514525e+02 6.686337392684290615e-01 6.967798863788695485e+01 1.269364106410548061e+02 1.384886935403490895e+02 4.263429103105016438e-01 0.000000000000000000e+00 0.000000000000000000e+00 8.591247378305430402e+02 5.062295426678967374e+02 1.642273723327459223e+01 8.414690077911125172e+02 0.000000000000000000e+00
4.016057996685642024e+02 4.277388312923185332e+00 6.754436519780957724e+02 3.113115309711254497e+01 1.593456841683679158e+03 2.509854369794047813e+01 8.654318627000243396e+02 3.170576752230062425e+02 2.129996893614382358e+01 6.605192799255298723e+02 1.913785231588898794e+00 2.652732002897133157e+02 2.821063081990625943e+00 7.981705711555265452e+02 1.014218643248327112e+03 4.769428565601625678e+02 1.386066278469252211e+02 1.133259360501335777e+03 4.546303320523426805e+01 4.243797299288369231e+02 8.206039797222812240e+02 8.746389131898713032e+00 9.792660488511818357e+02 4.027396031218050325e+02 2.848937841814264971e+02 0.000000000000000000e+00 9.912175751262084304e+02 1.590256230902174593e+03 5.988734614965039782e+02 5.293554539538209838e+02 2.189080285164792272e+01 1.241481801223380216e+03 1.252607709027488454e+02 5.196030636327258634e+01 6.547451210479463271e+02 4.209975478898522994e+01 1.860008709644568370e+01
3.985641520399552746e+02 1.214873919666618804e+03 4.064949376120662805e+02 1.262163292537027246e+03 0.000000000000000000e+00 9.745551979134112344e+02 7.959663372257101521e+00 7.939300887029089608e+02 9.396982938520239941e+02 3.046020250882679914e+00 1.128073291511966090e+03 2.361528422941909469e+02 0.000000000000000000e+00 4.853800984761691097e+02 7.194989080859858177e+02 7.542891317137333544e+02 9.414328421152143846e+02 0.000000000000000000e+00 1.216682497521208575e+02 1.256730536080781576e+03 0.000000000000000000e+00 3.664616974478112184e+02 2.149859079560157937e+01 2.417587100273121621e+02 6.581392807096702313e+01 1.491031841441843653e+03 2.995273524548104360e-01 4.850118679543131179e+02 1.231382356489458516e+03 2.961408672956741484e+01 1.487054944142138124e+00 1.058988477174773607e+03 4.766958743755860262e+00 1.490811405343210708e+03 6.597163196443359539e+02 2.776738546717793383e+02 7.061490367748114672e+00
2.130714063285901716e+02 6.670776198442529221e+02 5.655903938136198121e+02 9.755572688261650001e+02 2.470480159207079363e-01 1.221261919088752165e+03 1.346503436698974383e+03 8.440215835348128337e+01 1.954582485841390280e+02 1.373892778687989562e+02 5.953268015730143361e+02 4.090036382504044923e+02 2.044580123704108132e+02 3.877270275297690318e+02 9.219318521304707303e+01 4.897556582978730688e+01 0.000000000000000000e+00 7.065084122325383760e+02 4.035989215363065874e+00 2.793751748810872186e+02 5.598823704741005258e+02 0.000000000000000000e+00 5.227879423018226817e+02 1.184582892464470572e+00 4.354694937246197242e+02 5.653349118585750830e+02 5.232866087182452475e+02 3.933797263802824018e-01 1.827295045231253212e+01 1.155968194666626232e+03 6.239258417691212344e+02 5.127192908146900407e+01 6.207630016802928594e+02 1.326569191398073372e+03 4.788310919637229404e+02 5.639964320479107300e+02 1.606752564077521228e+01
1.908120841570550752e+01 6.506283884454948918e+01 4.512077794004754594e+01 8.868069695826818588e+01 1.169652395410442068e+03 0.000000000000000000e+00 7.495990700107393323e-01 0.000000000000000000e+00 6.943683296632251256e+01 4.426539529773031063e+02 1.138196165645393194e+03 0.000000000000000000e+00 1.190429035402236877e+03 1.006759197021514979e+03 1.581150674941397938e+02 1.838227170934067374e+02 1.168264068826461198e+03 1.937334134881792806e+02 2.272756989131926864e-01 5.309005127336571377e+02 3.615648634247188653e+01 6.218893122242710660e+02 1.428291512010465340e+03 1.500743061335974282e+01 1.126735636698954721e+02 7.859830334378992802e+02 4.102705635244104769e+02 1.425902932066565882e+03 1.002526192679641159e+00 2.882315620235774700e-01 0.000000000000000000e+00 0.000000000000000000e+00 1.280342134182608334e+03 1.603600833674641081e+03 1.161245075844229177e+03 5.233751048707798645e+02 5.237483653733962541e+01
0.000000000000000000e+00 5.890964049586211786e+02 1.170612533344393080e+00 1.112352888432316149e+03 9.796318533631859964e+02 4.023444064031614289e+02 7.103548719724340117e+02 5.714225023016291516e+02 1.328142421434950165e+03 7.993279175450457297e-02 5.856650692656982216e+01 1.083408069852244608e+02 9.993722665494560715e+02 1.809711538166894570e+03 2.242986414522452954e+00 5.416790118775483052e+02 0.000000000000000000e+00 1.367659611472427983e+01 0.000000000000000000e+00 6.283276934622432464e+02 3.676310566318556994e+01 1.120946506525996256e+01 2.523198361638451814e+01 4.881787574735652129e+02 8.495494494658204943e+00 1.622471155578245998e+02 5.112630278654873450e+02 7.867675346562945151e+02 2.927610146737640306e+00 7.093177105769600530e+02 1.099580451468184947e+03 0.000000000000000000e+00 6.455877639616518593e+01 1.160455216553721947e+01 2.815206844755871884e+02 4.414260749551884189e+00 1.701056736280911252e+02
3.066459551734233013e+00 7.054204505314207836e+02 7.150517983537994269e+02 6.509190151032014171e+01 6.201678273809908433e+02 1.742661039338518663e+02 2.091688857324150490e+02 2.642718871376088714e+02 2.151942007095335896e+02 0.000000000000000000e+00 1.553018684244920223e+03 1.420418780756430351e+03 2.669731109229338095e+00 1.660946997631842521e+02 1.935663272480810519e+02 1.732941406654550320e+01 9.107254729510730158e+02 1.035859597560011025e+02 6.321091566336962160e+02 8.891480879622940847e+01 5.985531754513311853e+02 4.606096733302585449e+02 3.512683532972270228e+01 1.104925672673131203e+03 6.172800916791298960e+02 1.913288218938117211e+02 4.792053453899443980e+02 4.143797036399598142e+02 6.719660772947067429e+00 5.074333686942221107e+02 1.045193076347575470e+03 1.601900347308842356e+02 7.459880098133090769e+02 1.709427707893394881e+03 8.431886188745492916e+01 1.137518064665178144e+03 5.406178706227542534e+02
