output/example_1/lateral_incision_000057.asc
nrows	75
cellsize	13.33333333
xllcorner	0
ncols	75
yllcorner	0
NODATA_value	-9999
[rows 0 to 16 of 75, columns 0 to 36 of 75]
0.000000000000000000e+00 1.240194955607018301e+03 1.396573782222186310e+03 1.217488866014414498e+03 4.915655414831697954e+02 1.380356962336363267e+03 4.059387701498345677e+02 1.237872908751261548e+03 4.903198711042104208e+01 1.844135904776263146e+01 6.425295078029544804e-01 1.194283342739616287e-05 2.638001873447476815e-05 2.026420197800674146e+02 9.138677871282839149e+00 0.000000000000000000e+00 5.412460465191597483e-06 0.000000000000000000e+00 1.430772275955948469e+00 0.000000000000000000e+00 0.000000000000000000e+00 8.214038731092654518e-05 2.132444891575236974e-04 0.000000000000000000e+00 2.231114699250212551e-07 0.000000000000000000e+00 1.467995409988723132e+00 2.394697288128030332e-06 8.592563712945595588e-06 0.000000000000000000e+00 1.059712603314569833e+03 3.069663192223030705e+02 8.148869345100632700e+02 0.000000000000000000e+00 0.000000000000000000e+00 0.000000000000000000e+00 1.548180209182953640e-03
0.000000000000000000e+00 1.392613553277885103e+03 1.756670733923097032e+02 0.000000000000000000e+00 1.087678800616222588e+03 2.762832191620537969e+02 6.520535163342088936e+02 9.481743783636122771e+02 1.569799786267403533e+03 4.901420543354612080e-02 5.896243685552930991e-01 2.663333595828128963e+01 2.075377802363997830e+02 5.245793269908450611e+02 2.298694641847469029e+02 3.097288980572872674e+02 1.871878876377573589e-03 1.315370211327804057e-06 6.431548036872198042e-04 5.707986178125817105e+02 5.742582469539013346e+01 8.763151664203197910e+00 4.623939332681852754e+00 0.000000000000000000e+00 5.704786405746865796e+01 2.232924703102273511e+01 9.662371485168516072e-01 2.989842828280393405e+02 2.664358829895895298e+01 4.542955577588178926e+02 1.162424055467690323e+03 9.069167386352606286e+01 0.000000000000000000e+00 3.655390711571771423e+00 5.044055294350693538e-03 3.315906617922359089e-03 0.000000000000000000e+00
0.000000000000000000e+00 1.383681129591153649e+03 2.901222554348644955e+00 4.601140913599583087e+02 4.164045370923592486e+02 5.880519763982410097e+01 2.614828427854567927e+00 1.198109918308876765e+01 2.277858919189421982e+01 5.822767642768134237e+02 4.068008550337302154e+02 1.108454484823685789e+03 6.065164913507646816e+02 4.864803715641095891e+02 9.917007145772141996e+01 8.848020952246834270e+01 6.068186422247832752e+02 2.466905863022910030e-05 1.308314445689171180e+03 3.134087345175702808e+02 2.530366738453718938e+02 2.683339230559484179e+01 8.355450542866302612e+02 1.439235121310832142e+02 5.593424606115328288e+02 1.451645963275508393e+02 2.980920393853352834e+01 2.895389981276509843e+02 1.335844812458688466e+03 4.845469517468897038e+02 4.602554534870895964e+02 0.000000000000000000e+00 7.384636643302353605e+02 5.198728765501588704e-07 0.000000000000000000e+00 3.765281883134136365e+01 2.909565081904074191e+02
0.000000000000000000e+00 1.494361032456830785e+01 1.703039439306103304e+03 1.938227691408754005e-01 2.742190906640091441e+01 1.197808373887717153e+03 9.628992853835216010e+02 2.525454622372936342e+02 1.219082337854143248e+02 1.128132017063769354e+03 5.644792882607193860e+02 0.000000000000000000e+00 6.342656838788159348e+02 1.260241717398288301e+03 1.377080818898656078e+00 1.554421955268677266e+03 1.141961712978816422e+03 5.944069703466882144e-04 9.610626382602124522e+02 2.230059440228425274e+02 1.398282454119829026e+03 1.103345123020892288e+03 9.622514560776651251e+02 2.855008445003288102e+02 5.889211973110213876e+02 1.553288575200077446e+02 6.456269798623785618e+02 0.000000000000000000e+00 4.760896263648033369e+02 1.952224823597418890e+01 6.653214752169383850e+00 1.459424860521210803e+03 5.402686368238907022e+01 9.408030602935713027e-03 0.000000000000000000e+00 1.652734901006946870e+02 8.711818459281523701e+02
0.000000000000000000e+00 5.791072250896294236e+02 3.257216639187022906e+02 1.744248297830373303e+03 1.329506363668720041e+03 0.000000000000000000e+00 1.018072737715449534e+03 5.420471389146952106e+02 7.545689451042371159e-04 2.876345523351163669e-01 8.240625060960857127e+02 1.724702472839093446e+02 8.459926552313113746e+01 0.000000000000000000e+00 1.517155827477348566e+02 5.121373729936738783e+00 1.928754603810123314e+00 0.000000000000000000e+00 1.708681930833675324e+03 1.806967866900082953e+01 7.129842259707151015e+02 8.216028509423825881e+02 9.245140954140460963e+02 1.861989326675001450e+02 5.820709907282613358e+02 9.764791642390545121e+02 6.520592094801579606e+02 1.024357463054980826e+03 3.094821425791050018e+00 9.844420051633562707e+02 5.967083562899385925e+02 1.016983474651650354e+01 1.273133955056506920e+03 6.290804382820628149e+01 8.967270544873327935e+02 2.927360695819218108e+02 1.013252751773574118e+03
0.000000000000000000e+00 5.412202207972261192e+01 0.000000000000000000e+00 1.680629530109441910e-03 1.162441314207831589e-01 7.517245550657158901e+02 0.000000000000000000e+00 2.857064122448772991e+02 3.954365041261362990e+02 0.000000000000000000e+00 4.381221664508481300e-02 7.935604382868189921e-01 3.944094844758586760e+01 5.942972553133754445e+02 6.380496590134703183e+02 3.248044497264900343e+01 4.789694382378327759e+02 7.804130167280860633e+02 1.021052858376618360e+03 6.642823124334451279e+01 1.482211279037456507e+03 1.660699793968640847e+02 1.064667272263337964e+03 1.151367952640022985e+01 1.088638301796862606e+03 8.249676291536056638e-01 1.413640439043337210e+03 3.762031476834377486e+02 5.631809754574236271e-01 0.000000000000000000e+00 4.940211139137905150e+01 6.867459475514383485e+02 6.537986320380177574e+01 2.324608775566742835e+00 1.404419598611922765e+03 6.580894252470430956e+02 1.597426270617713271e+03
0.000000000000000000e+00 0.000000000000000000e+00 2.155556132333929398e+01 3.783527782957983021e+01 2.012090750138676398e+01 4.564519089314982807e+02 1.987875454533530046e+02 0.000000000000000000e+00 4.426529117752059506e+02 6.661533216038226790e+00 2.996374126787580394e+02 1.390012110248464694e+02 3.211421014384601449e+02 3.402669653493005626e+02 0.000000000000000000e+00 6.340255029376036191e+02 1.473720314125081586e+03 4.472623788204214179e+02 1.602390626042895576e+02 1.120269239014787445e+03 8.788127978967976333e+02 3.699557184810360582e+02 1.325051771621344017e+02 1.116042696419056938e+03 5.607152440443171315e+01 6.133739165398263693e-02 1.707768010370605907e+03 1.319719444571094025e+00 1.004276122441864231e+03 7.762222967830339257e+02 2.630855696989025994e+00 6.887972033594606103e+01 1.069270337681451338e+03 2.387277738536458003e+02 5.492387371455328093e+02 2.346418778758811072e+02 1.368720000037904754e+02
0.000000000000000000e+00 8.251977929437349530e+02 7.183256677710049054e+00 3.587669709466680956e+00 7.856988426894235999e+01 0.000000000000000000e+00 7.379998931058814549e+01 1.067352772585187353e+02 0.000000000000000000e+00 2.666654499827876066e+02 2.284280753083129412e+01 1.157022956016254284e+03 6.031248378604382196e+02 1.397084208989656645e+03 7.385881278817853399e+02 5.146349124846808820e+01 1.833877165688846844e+02 3.032685161675503949e+01 1.779258289459578748e+02 8.864447429665483469e+01 1.608472911106467109e+03 1.450264582502437634e+02 5.413755115414768397e+02 4.294499586802185149e+02 5.200712219906210976e+02 8.545503000928791835e+02 1.275266766443241266e+02 1.194960575136512034e+03 1.276428961148817052e+03 4.920445483929598254e+02 4.224888835410753245e+02 2.152249713393536990e-01 1.089906993458459183e+01 7.502950451047792058e+01 8.737491608184289760e+01 1.088505655937387075e+02 6.224162737037045900e+01
0.000000000000000000e+00 2.921079354327098013e-06 1.998297060894601032e+02 4.482010134078332158e+02 2.561103169347734934e+02 0.000000000000000000e+00 2.442685520759312011e-05 0.000000000000000000e+00 4.917137380817990788e+02 8.662345692408918012e+02 2.447585989128285746e+02 1.458965751569926139e+00 1.560916566474051706e+03 1.228783514295121222e+03 2.026317504448963405e+02 5.429547986249058340e+02 6.053114526881396840e-01 1.701480070292054592e+01 3.138835295799283553e+00 3.692305290722108424e+01 1.059804993017918129e+01 5.698376280181922660e+00 2.229665068939885586e+01 1.260409895799310398e+01 7.262291640156141170e+01 0.000000000000000000e+00 6.051008474110989255e+01 9.594499276331355020e+01 1.945636276436463197e+00 2.002209765945759390e+00 0.000000000000000000e+00 1.249246559373760306e+02 1.398846974082079896e+03 4.783413175034174856e+02 5.715220468119895258e+02 7.156300628935089208e+02 9.325407089423393927e+02
0.000000000000000000e+00 8.751949297190224115e+02 1.308476199262888258e+03 1.108018195167180465e+03 1.712708936709613567e+02 1.105024867860931010e+02 3.352408118174250440e-01 9.195061880951277544e+01 1.946039815657557313e+02 4.439226066019360815e+02 9.153876099702787883e+01 1.900085678119350234e+02 2.700390229815772045e+02 6.379130130702772021e+02 1.372652721333930126e-01 0.000000000000000000e+00 7.473207279370636797e+02 1.726093784751396925e+02 7.409445354394631522e+02 1.070314294702205643e+03 7.787868880211193527e+02 2.948640015121746956e+02 1.416698187081121318e+02 7.359333481383016533e+02 4.051196837659435346e+02 4.074396687320525530e+02 2.387329345798525821e+02 1.171970295377195498e+03 7.572478508105236372e+00 7.052230193968221101e+02 8.470797847432419303e+02 1.923684666253071498e+02 1.453177368243808360e+03 3.567875224298528281e+01 6.732505822537486893e+02 4.767477619683328953e+02 0.000000000000000000e+00
0.000000000000000000e+00 4.449452841126412750e+02 6.960367745427953423e+02 9.647355235908594295e+01 8.998357647494278808e+02 3.144295559718808590e+02 1.119321193754776260e+02 2.765733764999151276e+02 1.201202526846138653e+03 5.367609861055921067e-07 9.131534347585985643e+02 2.276184958604844155e+00 2.918116238298332776e-01 0.000000000000000000e+00 1.764136883040966950e+03 1.105456555569315015e+03 3.252630539667983385e+02 4.013092497126799003e+02 1.552960411030564671e+02 8.064647684338142426e+02 3.936045550924500702e+01 1.389335631647062200e+03 1.471609969255716805e+02 0.000000000000000000e+00 3.336515464488821081e+00 6.595966272289692824e+02 2.111133127998984005e+00 4.582321871738862455e+02 3.213247458577547701e-03 3.661797390961808729e-02 3.322564435058660282e-01 6.839796573186473552e+02 1.092734788574780858e+01 4.026785167048838616e+02 3.389118096222404120e+02 9.940809588212886183e+02 1.915712255914971962e+01
0.000000000000000000e+00 1.577522954300505717e+03 7.135496602990884867e+02 1.089605177626157911e+03 1.480434498251542209e+03 0.000000000000000000e+00 3.465899959504873209e+02 3.806794957896671008e+02 5.684557325924919269e+02 4.660505151987170969e+00 1.868935939642445421e+00 3.178987388250511685e+02 1.411052205689906941e+03 1.378474594071558840e+03 4.492491187300063302e+02 2.306554109111295148e+01 1.439253469977220448e+03 1.317432995744406526e+03 3.193738268630632433e+02 7.063721688058338941e+02 2.458186512393860426e+02 6.566557824487150583e+02 4.841315014537986485e+02 1.358155613273602285e+03 6.867412601895841817e+02 6.581420628309183485e+02 8.500001660099891865e+01 9.290766944397915950e+02 1.488731000297521405e+03 1.010252124538041233e-03 3.502004972677171679e+01 2.319531955236041938e+02 3.073900984629005251e+01 1.422829516784359839e+03 4.638339834403478079e+01 2.535745398239478732e+02 1.079673284100488573e+01
0.000000000000000000e+00 5.165638589639816018e+02 3.985836268033362551e+00 8.148103429286592814e+00 9.875023636532249682e+00 1.708297455745557727e+02 6.997570802796949465e+02 1.480083499863497082e+03 0.000000000000000000e+00 2.952422417645108510e+01 3.804611280475073443e+01 1.119327388042765051e+03 3.298491212817423843e+02 1.458448065375430076e+02 7.139615208529978645e+02 9.700519606979399896e+02 1.311333406245155686e+01 9.936056520541278587e+02 2.879973681300008934e+02 1.867585770379531773e-01 4.332589486132301992e+00 1.921991856131280656e+02 1.831812440398658453e+02 1.044904801872895177e+03 9.224913676281772723e+01 8.934459832664121848e+01 5.772432351720483439e+02 7.163414725104809122e+01 2.494965428349345586e+02 1.706249953284548440e+02 7.353133397011991974e+02 1.315821016343476458e+03 1.767136031132320895e+01 1.202899781489775705e+03 7.461200306369268276e+01 1.993705324056690742e+01 3.617286683329933226e+02
0.000000000000000000e+00 0.000000000000000000e+00 1.582903912079753582e+03 1.350141299303882931e+02 7.501224553393440146e+02 9.881777555318252970e-01 3.047903188314431855e+00 5.571055293409735931e+00 6.214856214553124119e+02 8.977382616240164452e+02 1.024316850101848559e+03 0.000000000000000000e+00 1.055815013789484055e+03 1.691939484434061342e+03 2.907060867447432884e+02 2.131922850492277348e+02 7.729985333061836172e+02 8.760364941841241659e+01 5.999989360102867977e+02 4.456981656452517093e+00 5.193702965847255167e-03 2.619041491097852337e+00 1.057035771552229306e+02 1.572550221825810723e+01 3.763637072881001018e+02 9.741277006495167825e+02 0.000000000000000000e+00 1.465449482948841251e+03 1.607005515180492727e+00 1.445092082854286218e+03 5.604178092511261866e+02 5.536620050798138664e+02 1.505880751351330815e+01 8.633815113684235030e+02 4.111878687479479595e+02 5.538584275080303413e-04 0.000000000000000000e+00
0.000000000000000000e+00 9.729816124062369909e+02 7.430398148951289841e+02 3.630044907302468573e+02 4.621976532741155097e+02 3.787830225727233824e+02 1.075411759996878118e+03 7.716220738229827703e+02 0.000000000000000000e+00 3.765721418097798256e-01 2.562113920431697238e+02 1.630706648826098046e+02 6.393673500694007572e+01 1.485117583556229022e+02 2.281243628254232760e+02 4.354167982196222511e+02 9.024834868274978135e+02 9.794089383189748332e+01 6.062002110516050379e+02 4.777367428417837042e-03 1.617754446903602317e-01 1.715540558919018466e+01 1.197553760325429266e+02 7.893203692014406914e-02 0.000000000000000000e+00 3.593365547720109703e+02 4.375686959315731315e+02 1.391499866231315082e+03 4.058464230893190461e+01 1.242696056508536458e+03 9.733757506899815484e-06 1.776499105941080304e-04 6.078290616448193759e+02 5.048559760517926520e+01 5.455490841216418403e+02 1.132706919641651060e-03 0.000000000000000000e+00
0.000000000000000000e+00 2.219524842530498461e+02 2.693610012904214557e+01 9.715235699696101790e+01 8.808024083424160766e-01 9.896236969400093813e+02 8.653842461207318593e+02 0.000000000000000000e+00 3.460783665039252810e+02 6.881705944260556862e+02 0.000000000000000000e+00 2.299239896266395249e+02 1.258425177471932557e+03 3.202595404885278718e+00 4.821703854300642433e+02 9.643864060731189625e+01 2.856399023067487164e+00 1.297979827937482185e+02 4.900395541178749426e+01 0.000000000000000000e+00 1.653686514596642496e+02 1.879297774226629087e+02 1.065126227100346354e-05 3.692066644187515456e-05 3.075566685024510583e-01 1.959689038415897335e-03 2.346606138094863638e+02 8.598298306663841117e+01 4.083418986474077883e+01 1.478125958572958325e+02 3.674198999304374524e+02 0.000000000000000000e+00 4.944206642010185533e+02 2.386859431933209237e+02 4.929235268258624956e+02 0.000000000000000000e+00 1.597007668537113290e+00
0.000000000000000000e+00 1.208565408003873472e+03 7.049225990398322494e+01 6.156385815112997051e+01 1.430096383604103039e+03 3.033797408745597863e+02 1.446285696495598359e+03 4.718123359399152719e+02 3.514537986343534612e+02 1.960506233615156475e+02 8.912229076160868568e-02 6.647810276395406390e+02 1.246202582630626921e+03 6.556676889791016265e+02 1.462970768810603062e+00 2.236000606785710545e+02 1.085068021653908772e+03 8.163369727443800627e+01 1.143625575613548584e+01 5.235006786597572273e+02 1.139150448889214999e+02 1.291025937454625989e+02 1.661134846377527197e+01 8.088779331382191913e+02 9.540820817059673118e+02 2.987284172308359871e+02 2.095401502611502593e-04 1.835096804717099461e+00 9.069498916486306825e+02 1.308012212603302373e+02 1.575566896657082907e+02 6.104428213011808566e+02 7.338273362196761127e+02 1.088085205800144024e+02 3.087250102460909034e+02 1.477972323077990228e-04 1.831720909480480231e+01
