output/example_1/lateral_incision_000184.asc
nrows	75
cellsize	13.33333333
xllcorner	0
ncols	75
yllcorner	0
NODATA_value	-9999
[rows 17 to 33 of 75, columns 0 to 36 of 75]
0.000000000000000000e+00 1.578978765094179153e+03 1.434481212014859693e+03 4.232242159830944672e+01 6.974940702549341154e+01 8.499519621363948009e-04 6.792873389813738640e+02 1.092267671711483814e+02 7.396841034827815520e+02 2.563069815033969121e+02 2.047627762945452190e+01 2.562956523943011078e+01 1.103552710784504370e+03 0.000000000000000000e+00 1.100143636784946693e+03 5.168958372129934808e-01 3.092666690443435868e+02 8.863243464106485003e-02 4.895119310443040206e+01 2.841246337023035267e+02 6.641496064047788650e+02 2.654662052878116469e+02 5.848612417637651788e+02 3.298992245243312027e+02 9.563174033160257181e+01 4.031634500790510600e+01 8.732726625849297761e+02 2.166723954208024328e+00 1.198030467564672563e+03 1.044304101267252236e+03 0.000000000000000000e+00 8.011746666014055336e+02 1.085532384436536404e+02 1.644394065019699156e+03 2.636634565906201377e+00 6.039637977312282828e+02 2.803618710517239379e+02
0.000000000000000000e+00 0.000000000000000000e+00 0.000000000000000000e+00 0.000000000000000000e+00 9.176887270250158508e+02 1.066592710172467150e+03 1.626521751213422462e+01 2.219360307336205267e+02 6.537345123505469147e+00 2.102545749042800196e+02 1.229187533350950758e+02 7.166737535198775788e+01 1.141347489922127636e+02 0.000000000000000000e+00 4.081982135134572900e+02 5.594851714776684730e+02 1.460806301953759203e+03 2.592034880816340259e+00 1.420004513923585819e+03 4.874596881711279366e+02 4.098179362814939282e+02 8.685701871069777269e+01 9.376363418347352097e-01 4.091223941714736156e+02 3.861379967558465864e+01 3.510315643103076582e+02 9.301218684291242198e+02 0.000000000000000000e+00 1.691123200257169970e+02 5.120366970605573442e+02 4.145226715098382329e+02 2.786386992655777703e+02 2.454452154728676305e+02 8.925483786436711853e+02 1.003134163521173036e+03 2.065794263351574678e+00 3.583595821873346665e+01
0.000000000000000000e+00 1.733221058098248477e+03 1.147287450976680702e+03 5.251220526619634938e+02 5.843232319407356545e-01 4.420958364538286105e+02 3.429252051402662005e+02 7.119641803272624081e+00 1.015632899606123601e+03 3.674092331564759485e-03 1.289172173582628830e+03 0.000000000000000000e+00 4.412072756985039632e+02 8.550817853679109248e+01 8.364199110151530192e+01 9.098045703972962883e+01 5.582324865523429214e-01 5.029736465760875319e+01 1.408133085462748113e+01 1.615401512704445850e+03 1.486814158481845652e+03 1.839779210363514323e+02 2.587612523499643089e+02 0.000000000000000000e+00 0.000000000000000000e+00 3.733817239886528938e+01 1.141606154053820461e+02 4.824696038701650878e+02 8.173480886958013798e+02 1.036765081273102993e+02 5.470935858848119615e+00 3.748992992402059299e-01 1.270465519633682106e+03 5.983027787695789357e+02 1.458504585901766632e+03 0.000000000000000000e+00 3.860299819350007624e+02
0.000000000000000000e+00 9.308032709584920212e+02 1.550161510235098149e+03 5.865726350082005638e+02 1.016245809570667348e+03 4.775851645711376250e+02 1.475695626104235316e+03 1.683663358284779406e+03 3.316996409710205285e+02 1.066558096022430618e+03 7.006105265126357153e+02 3.676777137281077330e+02 1.934128402857691981e+03 1.347047831738533432e+03 1.488150450758322449e+02 1.061654479386941603e+03 2.045802515660596299e+01 3.537030955377829144e+01 1.546946715192045076e+03 4.965187901783427726e-01 0.000000000000000000e+00 2.281576433303922897e+02 1.248798814665517511e+03 1.059228820485306414e+03 5.318931101241423676e+02 4.025538954118633228e+02 1.108123190563818206e+01 5.574269091709487256e-01 2.260864615357808134e+02 4.954666483541145539e+01 6.858033392625582110e+02 1.215385718785325651e+02 1.237949375532692557e+03 7.400328940711115138e+02 3.548520585469084381e+02 0.000000000000000000e+00 0.000000000000000000e+00
0.000000000000000000e+00 9.557280371123530927e+01 1.726925418072209482e+02 1.084385212097484583e+02 2.482211767468012056e+02 1.038805169249469174e+02 1.130093072450770251e+02 3.979839800051915404e+02 6.635869673894542302e+02 6.860531445980311673e+02 3.000413751677450591e+02 9.744862460828072415e+01 4.870092913501808880e+02 2.220210455581723696e+00 1.452490662487683494e+03 1.898667819773889732e+03 8.932750421688588176e+02 8.372422310442058233e+02 9.707645402744115017e+02 3.348021932300944741e+02 0.000000000000000000e+00 0.000000000000000000e+00 1.979109681626802058e+02 2.313034213551431435e+02 3.792186261575875506e+02 7.104410213356173927e+02 1.441917294911413364e+03 1.459292184789872104e-01 1.830851383319325620e+01 4.226577426795957422e+02 5.429959549483061920e+01 3.210753687425723228e+02 1.138815009230862415e+03 1.412744444804748367e+00 0.000000000000000000e+00 3.904213356092340632e+02 1.340191521335510060e+03
0.000000000000000000e+00 7.118357522775002053e+02 1.576890406793266948e+03 3.576257077066546799e+02 8.809441590101792485e+01 3.585675209398665970e+02 1.392680307947178107e+03 6.043670948571320878e+02 8.118193317696138820e+02 9.918138206923836719e+01 8.934619286107857761e+01 9.454126618326181415e+02 1.409773925938335140e+02 1.569077052423903751e+03 1.755516001633812451e+01 1.243664169369133333e+03 1.046055859567359903e+03 5.196877712038798336e+02 5.629715631031024792e-01 7.494436773548452493e+02 5.945351717007843817e+00 1.509207985072281872e+03 1.308070869216081292e+03 9.474661209964576756e+02 2.329426220245589363e+01 2.107447806315578376e+01 2.585325126457553324e+02 7.446381518870206264e+02 4.573368568266347438e+02 6.393538227338170827e+02 0.000000000000000000e+00 3.119248950965683207e+02 1.523993409505161480e+02 1.477750130137902943e+03 0.000000000000000000e+00 8.384460878064027156e+02 5.357941695056825893e+02
0.000000000000000000e+00 6.717132932334831139e+02 1.140854552350489712e+03 1.213956259644313832e+03 1.506409973615537297e+02 4.776870773572209572e+00 4.004598555843077747e+02 1.408036409991983540e+01 8.126222540493083457e+00 2.675353614200815924e-05 1.694704103631945102e+01 1.060776730653623190e+03 9.309531074303066589e+02 3.647190650641788920e+02 0.000000000000000000e+00 1.541209651294167315e+02 9.396338953013078310e+01 0.000000000000000000e+00 1.155534488501437636e+03 2.575459333359197558e+02 1.420637091270344399e+03 3.985932666168173544e+00 2.376955165262210414e+02 1.683755127738711277e+00 6.103463901965664462e+01 1.387818720587496955e+03 1.234035252169085624e+02 8.180644489498703820e+01 4.831883878812821536e+02 1.429889850886414933e+03 3.931754567016013198e+02 1.459537211672800595e+03 2.708888219660509549e+02 1.197638910161190324e+03 7.059487362524305976e-01 4.389244815937393014e+02 6.070586122635365882e+02
0.000000000000000000e+00 0.000000000000000000e+00 8.358011318919675432e+02 7.880503193815447958e+02 7.977420399690215618e+02 0.000000000000000000e+00 6.086427971095374687e+02 6.565574081677721097e+01 3.740026700994396833e+02 1.930336791318546545e+02 2.245226027112918814e+02 4.585068165442059467e+02 8.846108289523105839e+01 1.019770567838824782e+01 1.784753761552515805e-01 1.307300000186821478e+02 6.339483892298861747e+02 3.283187037911935704e+02 5.704890532918063855e+02 2.148448019352631775e+02 0.000000000000000000e+00 0.000000000000000000e+00 6.916365369335869673e+02 2.967446026354396054e+02 0.000000000000000000e+00 3.139907574396119116e+02 3.272554402978274197e+02 3.842416763182512796e+01 7.348195584515542222e-01 5.207440057880648254e+01 1.443406800751850767e+02 0.000000000000000000e+00 1.444927435257560774e+03 9.433171027439099632e+00 1.763293882806182751e+02 7.186445717675918843e+01 3.252390891137395101e+02
0.000000000000000000e+00 6.651856865760230448e+02 1.136655287896440541e+03 5.789520782202479410e+01 6.619333053553241371e+02 5.453471771788399565e+02 5.727251132678342174e+02 9.612310980534930422e+02 5.525680081768450691e+02 5.464794122468279447e+00 7.596109149815772525e+02 4.209676649668560344e+02 0.000000000000000000e+00 1.397670489781146443e+02 0.000000000000000000e+00 8.816577220590282877e+02 3.638254336001381262e+01 4.695085414719293340e+02 5.173162977385484282e+02 3.638727928656321442e+00 1.864720476083601364e+00 3.700177639993535763e+02 1.135044501781824167e+01 0.000000000000000000e+00 6.286864142377992266e+02 1.688025472361854540e+01 0.000000000000000000e+00 5.292132925824089398e+02 8.893766956676861355e+02 1.799071999688804055e+02 7.608632207623503518e+02 1.769646554236931308e+02 3.344508829229590106e+02 5.848394984800393104e+02 4.377006453855630497e+01 4.048975733429709294e+02 2.128949250853250987e+02
0.000000000000000000e+00 2.534943411630171534e-02 6.134534345854191315e+02 1.078677489483398631e+03 5.671239921079898494e+01 2.975863646319790945e+00 4.090391842753240894e+02 1.112599970615288157e+03 0.000000000000000000e+00 1.524713116695641247e+03 1.954991686390304721e+03 3.984196959176433097e+02 0.000000000000000000e+00 4.954377282346600708e+01 3.636315147831435013e+01 1.120169915453729573e+03 7.598566883515442214e+02 6.058911780542723591e+02 4.168305435153717440e+02 4.019452246923430749e+01 4.126760776367691506e+02 1.322701996300397468e+03 9.643766225080041465e+01 3.176543516975061721e+02 2.807737394943340519e+02 3.390088401429169380e+02 6.377771641754764005e+02 2.568075131604856054e+01 2.173415635361121978e-01 1.961588130875328488e+02 1.430800150986047129e+03 1.543042702448446732e+02 1.173955754414015118e+00 9.193144147063644596e+02 2.919392862936705342e+02 1.732468488009664611e+02 5.645100404222612056e+00
0.000000000000000000e+00 1.775450076269677766e+03 6.446515302961779881e+00 2.540151878358725313e+01 5.030096915861975617e+02 1.721509648463238364e+03 0.000000000000000000e+00 2.717462624788525849e-01 5.302774002982567936e+02 5.786956934627173199e-01 7.905284644173476636e+02 1.122413585511379819e-01 1.087821408519938814e+03 1.715002505710073137e+03 7.966603139414046382e+02 1.454989573161618864e+03 1.086263951510756669e+03 1.067631320499704316e+03 2.585999112199954766e+02 1.673161844928782784e+02 4.252671603390267023e+02 4.188239016448249004e+02 8.073691470061158952e+02 0.000000000000000000e+00 5.390896789429853015e+02 5.562092402627690291e+01 3.278573770012919795e+02 9.266574771621000082e+02 1.555303452901231065e+00 2.519439030652504963e-01 8.727315311296094933e+02 1.086122019443195086e+03 1.690723964188179096e+01 5.186630082803782571e+00 6.297995234484559433e+02 4.765499009164953748e+01 6.442787364763191817e+02
0.000000000000000000e+00 3.070020450065407545e+02 1.399739749895456725e+03 1.116802284771595623e+03 8.599492302641577908e+02 2.558920763213019711e+02 1.376566838879625720e+03 5.106091062238769496e+02 1.408000429553930871e+03 1.535658493868817231e+03 0.000000000000000000e+00 1.345406274737724516e+03 2.812402094816522080e+01 2.116902238088210311e+02 2.213338220609696805e+02 9.391165829131414000e+01 6.267347602030682765e+02 0.000000000000000000e+00 4.596071111996518965e+01 4.936152155066359910e+02 7.168822289417652200e+02 2.823987763752003843e+02 2.720197293603555977e+02 4.128391400752869345e+01 3.065649625847506741e+02 8.685218002452373298e+01 2.314098112200665724e+01 1.494311016262445946e+03 7.258731388333762879e+02 1.422574103454691681e+02 1.734773496774898760e+01 2.580636761399529178e+01 8.285124909675757010e+01 1.524625028791456316e+01 8.922027580102407285e+01 4.789876783898511121e+02 3.018501768614335674e+02
0.000000000000000000e+00 1.588809059114524189e+03 0.000000000000000000e+00 2.795501657361197090e+01 4.850289875529743995e+02 1.172620465762596268e+03 8.436667931973431678e+01 2.557147858906674855e+02 5.064095878039602212e+02 1.052556783602866972e+03 1.278475416514391867e+02 1.353371089168514800e+03 1.175782013654360156e+02 1.033631778903128179e+03 2.876855073229412483e+02 3.283987010232264225e+01 2.198591945653948301e+02 3.749693423348977035e+02 3.722314754653535260e+02 7.755955082512856791e+01 2.672389289904118073e+02 2.690652297864270395e+02 6.677912807155731798e+02 1.626382971648624505e+02 9.630786589264276332e-01 4.198933696379946809e+02 7.957762185034711138e+02 7.243430607884805568e+02 2.992317105946378888e+02 6.184068714098320925e+02 1.261792656960853037e+03 2.354201395075220304e+00 9.173013082813978372e+02 1.039574404566883914e+03 7.324145518757970876e+02 3.308802791301187796e+01 1.404601315433069885e+03
0.000000000000000000e+00 0.000000000000000000e+00 7.574595538677610929e-01 1.468491165152183385e+03 0.000000000000000000e+00 1.009480508653677248e+03 7.074495390789967360e+02 7.848592888106500354e-01 1.316897597692039028e+02 0.000000000000000000e+00 5.802665630764375919e+02 3.247254313062571396e-01 4.023696978263805235e+00 2.395385080573276184e+02 9.894852267313490657e+00 1.661132479535873685e+01 0.000000000000000000e+00 1.428473634355099193e+03 1.274973819481720909e+02 2.100172847675412129e+02 3.785695318005017640e+01 1.846527132673085589e+03 2.615444705637189600e+02 2.507179851066159770e+01 3.123506373882037792e+02 7.169368727960966226e+02 3.975138503951162749e-01 1.157308857542679092e+01 1.012292205763299364e+02 3.829573301794166582e+02 0.000000000000000000e+00 1.468179181732389260e+01 2.337431551258720788e+02 5.231845333520358281e+02 2.633070721690457958e+02 2.887599421297111348e+02 8.271253163273318165e+00
0.000000000000000000e+00 1.428988649171371435e+03 1.306395325096481201e+03 0.000000000000000000e+00 7.564556947555063289e+02 8.880737862429762680e-03 5.287682988352586335e+02 6.214575119782375623e+01 2.194202532336759646e+02 4.872467261156489537e-01 9.334935516096021502e+02 4.828023764492479775e-02 6.434278307916707718e+02 3.734375021700246577e+01 2.002071680700611580e+02 6.729484812821326725e-04 1.236343672914472691e+01 6.629817282744705835e+02 1.702247201647409440e+02 1.565588990705620347e+02 1.423377209198063440e+02 1.649604514635561827e+03 7.980616594647503348e+01 4.132196320772189893e+02 3.880893444383460746e+02 1.128763818896499060e+02 5.336155986512391536e+00 3.513187116704722825e+02 5.616284216332372381e+01 1.476310648177816063e+02 2.478544716155716117e+02 2.184942077179474396e+01 2.590963453033510078e+01 9.350150437359029638e+02 5.515310755476475606e+02 1.426937197802287983e+03 3.798149234216695369e+00
0.000000000000000000e+00 2.629418556566199072e+01 1.080949793804252129e-01 6.016202822665663064e+01 2.166131475070123713e+01 7.184490167885307983e+02 4.566183237590717567e+02 7.886167048184903328e-01 2.256563948946603304e+01 2.591464641281249328e+02 3.534414700162338274e+00 1.003166266560684335e+03 1.237578000154886240e+03 4.089870813311471665e+01 3.389238141828608608e+00 0.000000000000000000e+00 5.792326044031061656e+02 1.346713429106521573e+02 8.698916175065123753e+02 1.123785709691774883e+02 0.000000000000000000e+00 1.645032359133801663e+02 8.817183919997897874e+02 1.245957177307070879e+03 5.060336626745800537e+00 4.566562939799874812e+02 1.222754885419820312e+03 7.304560494929650076e+02 1.357006020414441991e+03 1.051867198799606884e+00 1.966576507365945474e+02 0.000000000000000000e+00 1.196665204587901710e-01 3.053765914833767026e-01 4.473747440351410773e+02 1.352263444367919760e+02 0.000000000000000000e+00
0.000000000000000000e+00 8.426617630325561095e+02 1.333732232689529837e+03 7.274861399951123531e+01 1.688285873202705716e+02 1.918902900823045741e+02 1.069144716157888070e+03 1.926042527178865384e+02 1.379679681422609860e+02 9.975134791879843306e+02 1.482310117470918613e+03 3.738105327638815645e+00 1.596527469575819850e+03 1.183647151774731128e+03 8.559738429926676417e+02 3.125989815523618631e+02 3.291031288559467498e+02 5.644989997687368941e+02 2.175451686694489517e+00 9.133070207381912269e+02 6.976976370509819390e+02 1.907987541813169985e+00 6.997389406062037551e+02 0.000000000000000000e+00 5.364598585223611735e+02 5.893850551047312365e+02 1.186400231959205342e+02 5.636118872908688360e+01 5.275614350316324419e+01 8.454430812055686602e+02 6.218615479462867057e+01 1.096846284121277222e+03 4.511944271230928507e+02 7.577428835181927980e+02 2.775514308383659667e+01 0.000000000000000000e+00 1.595341851645544466e+03
