output/example_1/lateral_incision_000197.asc
nrows	75
cellsize	13.33333333
xllcorner	0
ncols	75
yllcorner	0
NODATA_value	-9999
[rows 17 to 33 of 75, columns 37 to 73 of 75]
9.991990860419301157e+01 8.401062286569660955e+02 8.423524180323734356e+01 7.110693545266908586e+02 1.153968851943593791e+03 3.007204477558148170e+01 4.208227376899274645e+02 2.467641018263407489e+02 2.813992031434638648e+02 7.086788059875538011e+02 1.968234553715500965e+02 2.391800079264144472e+02 2.072419012420970716e+02 6.899374084893901227e+02 1.190570643678413063e+02 1.835254071870227506e+02 3.520551267034124976e+02 1.028214466015369908e+02 3.838240333467532395e+01 9.224245215934436715e+01 4.723391575542908640e+02 5.809880323525866288e+02 3.416941833050977380e+02 5.190913561457704191e+02 9.208384394397166943e+02 3.644621337794763605e+00 3.114737533955670301e+02 2.678603571490032476e+00 3.659343639410565174e+01 6.068807040566072146e+02 1.150008441872683761e+03 4.634789910689301706e+01 7.195432047101130593e+02 1.697647967553396938e+03 1.042307750665749381e+03 1.126640222494609418e+02 2.493362510242216956e+02
1.119472238147605140e+03 4.033263938183792447e+02 4.584267037222488170e+02 5.262234654050580502e+02 7.058627851212264659e+02 0.000000000000000000e+00 1.634970030688309039e+00 0.000000000000000000e+00 4.604962074251056414e+00 1.228833473193976289e+02 1.017860296855496358e+03 1.013283775854108285e+03 1.577238421630611072e+02 1.628998219870017010e+03 3.471616425091190905e+01 5.312855177046882318e+02 3.785298218941437085e+02 2.792337110071214283e+02 8.133055922817047190e+01 1.514775244953785034e+02 1.238034250507505050e+02 3.128728736176100824e+02 3.736331698540986679e+01 1.047975634819746801e+03 9.687335710827875346e+02 1.243858105436417418e+03 1.045346825468104335e+01 0.000000000000000000e+00 0.000000000000000000e+00 1.095249864781178985e+03 1.250734048220527086e+02 0.000000000000000000e+00 1.110975868976637685e+03 2.250482666980656177e+02 0.000000000000000000e+00 1.144804994889328555e+03 7.472072341026320146e+02
7.695853974522190999e-01 1.689890757359563395e+03 1.631831283746759254e+03 1.099887555213922496e+03 1.713758646354716859e+02 7.240813317903890720e+02 6.964322266913426063e+01 1.390839766242181099e+02 3.238206405881020089e+01 6.617137120777999826e+02 5.667705255253017604e+00 1.015734725411016825e+03 1.571729743105569924e+03 4.723765235899386425e+02 1.775100119863466830e+02 3.079861366241627962e+01 7.478662820222895107e+02 4.335409658541921090e+02 8.410693538476459707e+02 2.164539899806128886e+01 5.734232247642444236e+02 2.096267546371830974e+02 9.236906540718928227e+01 4.908837306248787513e+01 7.210526983158456460e+02 1.626332342531643235e+03 2.540992931798637944e-01 2.639306200050125426e+02 5.590458436852586601e+02 4.306788706138801603e-01 6.457607593272156521e+01 3.243449114835912042e+02 7.955077806151464870e+00 1.020734796423528878e-01 3.610458122808142889e+01 8.747632526349974569e+02 0.000000000000000000e+00
1.676466058606703427e+03 0.000000000000000000e+00 1.410539559561972055e+03 5.682373525473623488e+01 1.298402653947619456e+03 1.829611056806901161e+03 3.697299567394140922e+02 1.792957318320418949e+02 4.265412680566506687e+00 5.158561584702995333e+02 7.052495013403007533e+02 3.858960172993565152e+01 5.753400544392064830e+02 1.436474693162471112e+03 1.485573157446154369e+02 1.482313164774428969e+03 1.135516734413231006e+03 6.974061746689366146e+02 1.412120311958092316e+02 5.655812875721034061e+02 5.012712537693623176e+02 2.579322798365192284e+02 1.124218451759872096e+03 4.253791439278070463e+00 6.298127416577273152e+02 8.624696397478014660e+02 3.557414542869274943e+00 1.632446870695770940e+03 0.000000000000000000e+00 0.000000000000000000e+00 3.435651914621819287e+02 1.506171495826398257e+02 7.858293182731672655e-01 1.573710910428412717e+02 0.000000000000000000e+00 4.945412209103223518e+02 1.140368323591845146e+00
5.990645814950718204e+02 5.585869973172062828e+02 2.091843302058027376e+00 3.480435130701532671e+02 1.153793164847238813e+03 6.351114153847798889e+02 8.461664253319376030e+02 0.000000000000000000e+00 1.586520830947251568e+02 4.605086708789512500e+02 6.840924312950139665e+02 1.514001676068130848e+02 4.937479650287815502e+02 8.917232361468074942e+01 3.126232189946187034e+01 7.218500232289782161e+02 4.388587104208210121e+02 3.721938468458034777e+02 1.056823568535573486e+03 2.316962053928812271e+00 2.931599950985341820e+02 1.726487416588101009e+00 1.466394216517086306e+02 2.679313500098101599e+02 9.645998955518581397e+02 3.041034003078309311e+01 1.363003345307155087e+03 1.557558552756122026e+03 8.341240647809477196e+02 9.275865059230222869e+02 8.113413519208542084e+02 1.492122676588747936e+03 2.947668095622620754e+01 1.228847175008694137e+01 4.848265120253311693e+02 1.625114120135264955e+02 9.692979806937173635e+02
7.941349453636093791e+00 1.230965585910767459e+03 6.042602681251289454e+01 8.080991856693993896e+02 1.554082389176093784e+03 8.177563404319663505e+02 1.326461690802668443e+02 4.143500556162426278e+02 3.569979366210191642e+02 7.224945286887557359e+02 1.100222398628797464e+03 4.136652450055544961e+01 2.778568610671742931e+02 4.783469585446680838e+01 4.061594963395454556e+02 1.306663329108472382e+01 1.165513293377806349e+03 5.938314056220797283e+02 1.592607540726664581e+02 5.846814694617276018e+02 6.532876318322463476e+02 1.745554675972834673e+02 7.010348602971619769e+00 0.000000000000000000e+00 2.749509918363282850e+02 2.761718464414311924e+01 2.214643507933210174e+02 7.724642996725411548e-02 0.000000000000000000e+00 3.732034932553941786e+01 1.798529482665612633e+00 3.732025389360023127e+01 1.115455361025498888e+02 9.091240508230445982e+01 1.585392265446099827e+03 6.496073840753117565e+02 4.175731938206843097e+02
6.063407533143603132e+02 2.327849832841164357e+02 3.990300568271789530e+02 4.356037247449016242e-02 1.130008689584950865e+01 1.222574308189269487e+00 2.064121141692087917e+02 9.347989461841156071e+02 1.723398345593456042e+02 1.756317705421201580e+00 3.655648284179247032e-01 7.723762083716890174e+02 1.920177976085205955e+02 3.296562540697217969e+01 3.481870501661104527e+02 2.140485942547011007e+02 8.010024834552820039e+01 0.000000000000000000e+00 3.103935188261361233e+01 1.538882618761666663e+03 1.714638608381611107e+02 3.926650289589956060e+02 1.299366223687206912e+03 1.799048710745082190e+03 5.256974757918973182e+02 4.346155716711941785e+00 7.022608671824277948e+00 6.921886682858026916e+02 8.781449324277278379e+01 1.026276361122499111e+03 5.535238017524301313e+02 9.854112560474920883e+02 4.011257318565004084e+02 1.179797356928553654e+03 5.640328135491492922e+00 6.154204842355047731e+02 4.204780967908679372e+02
2.054675866363909336e+02 9.833136781229133021e+02 3.659922928374505346e+01 3.262478846394706267e+01 8.496504164680879967e+02 6.390412672287121723e+02 3.941343917844521427e-01 7.087287621776346214e+02 1.935798189165334406e+02 1.325970696514667964e+02 7.353219992008529289e+02 0.000000000000000000e+00 7.633360414375628125e+02 1.015090958950596360e+03 1.451892329944153516e+03 1.761964926435279466e+01 6.207729795348318476e+02 1.297044127180245368e+03 4.442211033639335938e+02 1.547363442598755334e+01 3.182454413223537415e+01 2.718439189786890697e+00 2.152354495466449862e+02 1.663680225998843525e+03 3.937497354383133530e+00 1.943260159913109533e+02 1.467872937080444217e+03 1.302582572326513628e+03 3.111567643119643662e+02 1.294754862909617941e+03 4.491700098174802633e+02 4.428023319631944901e+02 1.104329642729600664e+03 8.255110474771065583e+02 7.054767017271529994e+02 2.165114985416990834e+01 5.055578595976587053e+02
2.611575843430666737e+02 2.797118517893994181e+02 8.207752828906640161e+02 1.843387918290142924e+00 1.595584531047070982e+02 2.463323699150988659e+02 7.262774020361352711e+01 6.415400531051524240e+02 0.000000000000000000e+00 5.346527712718062730e+02 3.136598423366224608e+01 4.628627835472049412e+01 5.953826798761614469e+01 3.534870448468335269e+01 1.921923056496837479e+00 8.558211655627579830e+02 1.105399361936551230e+02 3.303071720221804526e+02 1.197838326681954641e+03 8.918416667238819855e+02 8.083485830205602269e+02 6.408392733678250579e+02 1.908981872403830664e+02 4.160508942541418520e+01 1.192184938859320482e+03 7.931684922756915057e+02 3.544406295347002356e+02 3.481820704736226162e+02 3.739316831252570950e+01 9.548224335751568148e+00 2.492391428428639415e+02 1.148096961683388599e+03 2.853330921750085167e+02 0.000000000000000000e+00 5.437805868675281928e+00 7.625947355821219844e+02 7.058549502514179039e+02
5.068118866713657411e+00 2.107845214706124466e+02 3.482017758290406846e+02 7.253120955807516168e+01 4.384234962104729902e+02 4.961154407315865456e+02 3.772441318243726869e+02 3.873065398838750752e+02 3.840196792113545143e+02 2.473187876699595051e+02 1.054206597805429283e+03 6.321284124590623605e+02 5.287744010316289405e+02 2.883145900106351860e+02 1.337985335270312135e+03 7.926510542586564725e+02 3.913093577632147912e+01 4.284481995438486024e+01 9.756026095105121385e+02 0.000000000000000000e+00 1.116541725515458383e+00 2.993230247196193545e+02 1.610244152754443803e+03 1.098707483903922011e+01 4.815278597260052038e+02 6.888837336474862241e+02 8.088167220496951870e+01 1.236539159641687391e+01 1.653348648216788419e+01 6.275770258150878362e+02 6.267854465058757540e+01 6.589129411805112113e+02 1.005156392785368780e+03 4.785795366172070544e+02 1.265669775981835841e+02 8.772243707562483905e+01 5.392842533342268929e+00
6.035071354778322075e+02 7.180214159086804102e+02 1.768946958931961078e+01 2.525164517065998666e+02 3.306860012743672028e-01 3.560463029731899383e+02 1.255983577920626004e+02 0.000000000000000000e+00 8.652456000900215827e+01 3.936159992022068081e+02 9.330723214019908118e-01 0.000000000000000000e+00 1.426534331143248664e+03 3.141317103256989753e+02 1.251242622284473100e+03 5.486724678093272445e+01 9.621252064907630484e+02 2.370930894899443686e+01 3.035275559540922359e+02 4.179950667318300930e+02 6.782166697935357433e+02 0.000000000000000000e+00 1.204118981864009129e+03 7.988896175269096789e-01 5.239972244211093084e+02 5.877150361180769522e+01 1.573934232478524109e+02 4.247485015778524371e+02 1.334545897089024322e+02 6.310236989126759966e+01 5.231049605345577902e+02 0.000000000000000000e+00 3.285144791389078733e+01 9.418059841321403383e+02 7.263790144099283452e+02 1.172286938459574088e+02 5.551670140348502400e+02
1.206868643677055930e-01 5.606919025641831089e-01 7.265225681617124565e+02 3.880767210075441085e+02 4.559856906515358332e+01 2.460543931692090496e+02 3.550784114229055888e+01 0.000000000000000000e+00 7.448558971728223241e+02 4.134617263771824014e+01 1.072243626674487359e+03 5.928214834219273826e+02 3.248604884245663698e+02 2.842239302696325254e+01 3.401689948804541359e+02 6.558680375237556746e+02 2.294782072018582308e+00 1.706128624286473183e+01 0.000000000000000000e+00 9.478927258080262845e+02 1.168135257016331252e+03 6.487772325883120175e+02 6.079663982702959402e+02 9.324455685976202446e+00 9.915679539496584312e+02 2.043978273784149202e+00 3.386381806263257204e+02 6.173825784426572483e+00 4.865086605936021213e-02 6.142733449490435760e+01 0.000000000000000000e+00 4.267522147629478013e+02 1.594914466362806422e+02 8.233674583701754273e+02 3.950726403685668515e+02 2.345474584858405365e+02 7.395539179938543839e+02
2.440562625562485266e+01 4.860556907643417048e+02 1.662129998773587403e+01 1.175319218669774500e+03 7.063474928660561147e+01 6.770622607936433042e+02 1.216287999502135108e+03 1.147622897859344420e+02 1.462259939352264781e-01 3.057409536280966122e+01 1.531968027497543972e+03 3.670870839427978893e+01 9.646385793406543598e+02 5.870202088825543569e+02 1.525024875943111908e+02 1.586011177788508917e+02 7.458191716895449872e+02 6.991500611555489968e+02 1.109172527582497196e+03 4.178335753484182078e+02 1.296369718728619773e+03 3.147590120820949799e+00 4.371690775801004634e+02 4.179553473598258684e+00 8.128493372063697109e+01 1.051460234871247366e+02 8.230489734828303199e+02 7.854855616325551182e+02 2.334771146070036352e+01 7.975658986712023761e+02 8.714077194339160997e+02 1.580965981518421870e+02 7.365036054453908037e+02 1.256831527775005810e+02 1.400252997184167896e+02 2.050120176189908250e+02 8.305673450434015876e+02
8.618840138589945354e+01 5.414580114864900224e+02 1.629377372426041504e+01 9.607961469884561438e+02 2.146707560662907497e+02 2.776805965680445070e+02 5.039241330733519817e+02 1.855560797475586980e+02 6.614325180533635375e+02 4.578219206572485973e+02 6.090022746862307486e+02 3.166578923078868790e+00 6.614308938192750702e+02 1.991413787904470496e+02 0.000000000000000000e+00 1.532579897211078332e+02 3.446364296647741412e+02 1.192642507697402721e+01 5.480090938753364505e+00 4.047229781819071093e+01 1.554618872119652329e+00 4.034409296767577757e+02 1.396524856338015397e+01 1.441406964424207217e+03 5.188308269287638268e+02 1.522088240963737604e+01 8.626259231491792434e+02 4.569492940090301545e+02 9.517459420832855344e+00 6.668312289912012147e+02 0.000000000000000000e+00 8.346144200456710678e+02 7.490819307067939690e+02 1.359714909049573066e+02 0.000000000000000000e+00 4.932112585912468035e+02 2.091219065594454207e+02
1.148579651296076463e+03 1.186514716355446581e+03 0.000000000000000000e+00 0.000000000000000000e+00 9.959666632793522467e+02 1.526436929207059165e+03 6.691745678509252002e+02 2.123400549159169373e+02 1.141300175659716132e+01 1.553384870661581772e+03 3.846769224722478242e+01 2.409449628840688149e+02 4.706910857145495015e+02 3.116755573946048230e+02 4.184435837099380819e+02 6.545482444993648414e+02 9.921853230131976886e+01 5.180191273917482704e+02 1.452125795502010988e+03 1.257404081254080893e+03 6.542034347254075328e+02 1.433360686191150535e+02 1.599198372359331088e+01 3.452643139344534120e+02 2.409968587006943039e+02 1.966242240120379733e-03 6.449715934698331239e+02 2.136149217558755993e+02 2.580209174794860227e-01 8.313435975194713592e+02 1.708278904541355132e+03 5.662298075837409215e+02 2.742579208678754554e+01 1.660823055975267835e+03 5.237780241624849396e+02 2.653862142611562724e-02 1.631590163414718830e+01
1.588248740084200676e+02 3.171795843650182860e+02 5.684326208977398665e+01 6.092149946302477019e+02 5.879419844031633602e+01 0.000000000000000000e+00 1.417581096058705498e+03 8.413934565518516138e+02 5.164999703633665149e+02 2.413251716049394258e+00 5.773659359960788606e+02 2.244760256748280881e+03 3.570449359972236039e+02 9.897645576252322996e+01 0.000000000000000000e+00 8.690755223739101893e+02 4.502123881518755866e+01 4.508126415323634895e+00 1.140618770126198740e+02 1.666157034533904948e+02 2.257884621341445452e+01 1.481400899298129161e+03 3.698949739038290119e+01 1.344250962411213777e+03 4.114420225639599948e+02 6.448395158996924010e+02 3.513973555106660456e+02 7.487393709652569669e+02 3.995543080133355147e+02 0.000000000000000000e+00 7.499495057393759225e+02 0.000000000000000000e+00 6.351033739542717740e+02 1.369730548257200553e+03 9.670743215144575515e+02 8.426261676878307583e+01 8.637731008872531646e+00
4.030890361544991265e+02 0.000000000000000000e+00 8.726393754415827289e+02 1.283855148535416447e+03 2.959219361402325035e+02 8.750194925588617707e+02 6.013476202262629045e+01 7.316849990552233294e+02 3.796132572349050065e+02 2.073919718937246159e+02 1.464831514452884562e+02 6.269512255489901236e+02 9.808761386602724031e+01 1.484079384556694947e+02 2.114114906826937386e+02 9.838740687753412431e+02 4.789545733862457269e+02 5.525972368326625883e+02 4.600687013167130885e+02 8.858944366741302474e+02 1.459996942427592785e+03 1.039946374958177273e+02 1.494840573962589736e-01 5.982146719607227396e+02 4.647992692752368066e-02 4.415561723624071178e+00 7.174534775633579784e+02 7.044172662897693726e+00 6.094043481991299132e+02 1.892488534859499509e+02 4.436810112011851004e+01 1.080464812878332623e+03 9.144693256601306075e+02 1.240434634998902936e+02 4.143028491825629089e+02 1.175339829054042973e+01 2.761067150465295867e+02
