output/example_1/lateral_incision_000090.asc
nrows	75
cellsize	13.33333333
xllcorner	0
ncols	75
yllcorner	0
NODATA_value	-9999
[rows 34 to 50 of 75, columns 0 to 36 of 75]
0.000000000000000000e+00 9.304127293098966334e+01 2.094764211659087323e+02 2.219656463751238960e+02 8.553345340422418985e+02 2.646506830724590031e+02 1.577220126064390797e+03 1.374360819489213327e+03 7.297053867388157755e+01 3.888196628908647767e+01 7.137084463781714305e+01 2.007002220526149472e+01 6.032168632349296331e+02 5.644929958275913151e+01 5.307733789844175376e-02 1.025519450348428336e+03 1.570961376801925491e+00 1.829019802955176743e+01 6.826322142953033278e+01 9.427278382437954463e+01 1.016839822423173834e+00 5.941557126472981736e+02 1.595767951388438348e+02 5.937033325058724813e+02 0.000000000000000000e+00 1.297860688763148005e+02 2.747521185704570712e+01 2.053837003497580724e+02 6.131854782374918100e-01 4.511549736255839207e+02 1.533308205000265389e+03 2.949106057694727417e-02 1.252835744770495694e+03 2.129192883200314270e+02 3.682055487397651632e+02 6.223064664314710281e-01 6.878530717188323251e+02
0.000000000000000000e+00 7.501726856006771804e+00 1.008686037558998372e+01 9.094741484478458204e+00 6.591988161334943186e+01 1.333436871292222214e+01 7.931823210460557050e+01 0.000000000000000000e+00 2.823494049820633904e+02 1.134536663833578586e+03 1.133579844904604215e+03 6.099267823768778953e+02 2.412593386786670902e+00 1.861608296464568824e+01 2.578495665487883457e+02 1.760348058322112941e+00 2.923451477610844625e-04 1.407999920786880921e+02 5.863541557049724133e+02 1.575046493876069320e+01 7.044135905252486509e+02 6.607240860612940025e+01 1.038220801441958798e+02 1.265924902887972621e+03 1.543825868476175629e+03 1.818532362381644418e+02 7.008872388823442634e+02 8.440616390970972134e+02 1.573900030616893901e+03 5.061615045867213780e+00 1.272637132770114476e+03 1.799578010056187907e+02 6.989468663673802951e+01 7.443133573671181011e+02 3.924361813584100300e+00 1.347153210895295160e+03 9.179919923531248287e+02
0.000000000000000000e+00 1.236450525027913017e+01 5.569968276935816220e+02 1.366053310077262040e+03 9.572854419694973558e+02 1.134771986226156969e+03 5.576739552614260447e+02 7.537213945120265635e+02 1.022385185112217073e+03 6.371329651064659174e+02 4.613714989042404682e+02 0.000000000000000000e+00 1.424697003007868716e+03 7.320865026108082247e+02 1.607113398598773557e+01 4.635953734173192241e-05 1.298639611419248219e+01 4.530599894249826889e+02 1.198611326534996124e+03 4.994216899387902231e+01 1.593335795017430883e+03 1.317396838204347887e+03 1.246688887997710026e+03 6.124613974437349952e+02 3.146079597721416690e+02 1.084308295364093738e+03 3.411271633821052092e+02 7.905128878798397807e+01 5.586560605868277207e+02 4.755210362408631113e+02 5.868194688530431691e+00 4.083268565995161481e+01 1.410706928282968875e+03 2.631358992588795331e+02 8.963730937218638246e+02 8.875354033208579949e+02 2.202299302388869933e+02
0.000000000000000000e+00 4.843152620262574146e+02 2.645625773991244500e+02 4.684645817540959456e+01 3.901060421121333661e+02 8.870871775172830667e+02 4.283039330505267230e+02 1.075620625898737259e+01 7.104257901055821094e+02 2.661672627634017658e+02 1.017217579791488106e+03 6.860329332992592981e+02 2.320868967625640096e+02 5.912091272701459899e-02 1.356015273791624266e-02 5.064552504961839929e+01 8.365414661424622977e+01 1.782090288411422705e+02 7.560267961899934619e+01 9.390596986050896930e+02 9.128466525398931708e+01 3.949040910562916196e+01 3.875664957129530421e+02 9.575774406550852547e+00 1.957517224523830066e+02 1.052695025376175863e+03 3.013531633289322826e+02 6.776582343857231763e+02 1.049431209305643733e+03 6.776152159582934473e+02 3.399392759707143341e+02 8.678286940491437917e+02 1.302560255074192526e+02 1.339861912554630180e+03 0.000000000000000000e+00 1.228874375259622866e+03 7.623293267244986282e+01
0.000000000000000000e+00 5.477487118289376440e+02 9.609392150241782247e+02 2.899008664603227037e-01 4.572700573098549270e-01 1.569364786473843587e+01 1.661784548300243216e+02 2.897340711337462267e+02 6.481629664329341400e-02 7.748687720164573633e+00 3.679113180547613382e+01 2.418398819976776224e+02 1.940850420530709286e+01 0.000000000000000000e+00 1.068833147438187625e-04 5.412343534237847962e+02 8.089991296281260702e+02 2.346767861404188977e+02 1.038986208144491857e-01 3.661305642398538112e+02 1.554914387314444866e+03 1.469103439919311995e+03 3.194950076120471181e+02 4.378659015951607785e+02 9.118102267822230260e+02 5.405546764625045242e+00 1.873623916706311547e+02 0.000000000000000000e+00 1.423584922970779303e+02 1.097908345963016563e+00 2.587052362790851046e+00 1.978408874618497293e+03 1.195993614895638075e+03 6.563544866211418594e+01 2.571542202768449101e+02 4.915361375363596963e+00 1.095763286005416376e+03
0.000000000000000000e+00 1.569160401054841259e+03 2.655296929221799473e+02 3.047032942833567404e+02 4.179715804749266350e-02 0.000000000000000000e+00 0.000000000000000000e+00 5.559624761960914263e+00 2.677795436723971737e-06 0.000000000000000000e+00 1.426255561770946088e+02 6.997390942465689534e+01 1.347151040567246127e+03 1.620746352304027482e+02 2.634620631316021218e+02 2.749023335068694109e+02 1.061839011066987723e+03 1.055884065497488336e+03 9.921989428256836163e+01 2.944193688299936866e+02 8.386268414825113950e+02 0.000000000000000000e+00 1.433098958362752917e+00 0.000000000000000000e+00 4.619027667543284110e+02 1.840377081025393124e+02 3.038838946327289818e+02 6.735735274358084501e-01 8.992086302548764252e+02 2.617692526467405969e+02 1.098019028058279645e+01 3.066910743031431252e+02 8.747602938263916030e+02 1.576881082133239261e+03 4.486989558038442460e+00 6.491989659652995215e+02 6.887806907682663127e-01
0.000000000000000000e+00 2.637525306610929761e+02 4.361443276998492138e+02 9.963553848711623573e+01 2.335324791193728089e+01 1.857571343556358201e+01 2.005894158405383682e-03 2.489479767233764539e-03 0.000000000000000000e+00 0.000000000000000000e+00 2.911418070436463381e+02 9.343687894144873098e+02 0.000000000000000000e+00 1.018931237239259389e+02 1.976340470188025051e+02 1.234065817666024998e+02 9.048591619916307991e+02 0.000000000000000000e+00 2.245516588858055496e+00 1.606438018585185773e+03 0.000000000000000000e+00 1.284289794234038062e+01 3.048468766190074462e+02 2.848161577653585255e+02 4.645131460671804575e+02 3.322372399111865775e+02 1.274669836539802873e+03 1.763951108870908797e+02 1.390776531623051593e+00 7.619076443107544492e+02 0.000000000000000000e+00 6.623550365458333311e-02 1.741121109477783691e+01 8.358600779247929040e+02 4.487349203729175118e-01 1.398721788307706674e+03 9.930818170802674558e+02
0.000000000000000000e+00 1.619261636432972409e+03 4.026400627015537452e+02 1.076972349834392389e+03 2.896465191709352212e+02 2.426644634482944429e+00 1.676958743886356373e+01 1.252521951022917968e-01 3.345097290596198150e+02 2.385012082082585323e+02 1.392600968923815685e+02 8.604155432460026987e+01 1.080805414205652824e+03 1.396880717289141330e+03 2.236403499470555278e+00 2.241996109712176890e-06 2.070595638120298645e+02 6.981146116754816831e+02 1.822631498490018132e+01 3.448762006594566856e+02 8.491474846168683825e+02 1.296457460658305536e+03 4.391025601692462033e+00 2.167082608298187552e+02 1.593744215558983868e+01 1.331088166226943770e+02 0.000000000000000000e+00 1.290891352185697770e+03 3.508180334221019381e-01 1.127114051275892308e+02 1.223359708259812351e+03 1.207272685720986374e+03 5.596139325686715793e+00 1.259596418490090457e+02 1.703783544713329320e+03 5.803629408343758911e+01 7.897213196376828819e+02
0.000000000000000000e+00 0.000000000000000000e+00 5.750046490989519725e+02 1.817980145914101797e+02 2.607189507088962728e+02 4.637172011045286126e+02 5.032628874244063582e+02 3.127878848753708212e+02 3.465414833558458554e+02 7.895521875437452763e+02 1.599892232352770520e+02 2.954272658236870939e+02 1.691511480063900990e+03 4.189353548178524989e+02 5.329476396999375254e+01 0.000000000000000000e+00 1.090533100251058585e+02 2.949782504006723229e+02 1.568077241956043963e+03 8.790315576272897147e+01 0.000000000000000000e+00 5.385696019219722963e+00 1.946227707300141674e+02 6.723348258180398034e+02 4.622744402890265292e+02 0.000000000000000000e+00 3.983836583055697100e-01 1.269843593993975475e+02 1.465879726504747396e+02 1.268493136316182834e+01 4.663517477339369179e+02 6.914569755168774918e+02 3.335476690875112240e+02 0.000000000000000000e+00 0.000000000000000000e+00 1.073908877636062243e+03 3.182638522436424200e+00
0.000000000000000000e+00 5.831114568923408115e+02 1.191000409106991675e+00 0.000000000000000000e+00 5.952889619244532469e+02 8.638499271375255972e+00 1.736393109009310137e+03 1.307107902229934204e+01 1.768292192341235477e+03 2.434835858681321668e+02 1.190279083900141814e+03 9.569112241142654796e+01 5.882882850625594529e+02 0.000000000000000000e+00 2.759043304219022374e+01 0.000000000000000000e+00 2.641928097544996490e+01 1.154245097318155786e+03 7.946848270026941918e+02 1.260912359877456481e+02 5.454309972011250238e+02 6.706041950270908956e+02 1.060422123001503223e+03 8.830818552849596017e+02 2.948423422874183757e+02 6.614108050932216543e+01 4.113432770139877448e+02 1.532845165309913966e+02 2.292265655648172924e+02 9.140581600074698372e+02 2.839263930257382285e+01 1.132551904946520381e+03 7.234060795845930443e+02 9.797071520067845540e+02 6.370777778114993453e+02 1.112649388908641185e+03 6.449085682976939893e+01
0.000000000000000000e+00 5.694979296332338663e+02 1.494308246447201100e+03 2.610143719659541617e+01 4.982913303054633047e+02 2.198109488800001259e+02 1.010118586714907792e+03 9.201260406036308268e+02 5.336734997297818239e+01 1.561737374014149736e+03 2.958377284513633754e+02 3.009073728393864755e+01 5.564274689805528595e+01 0.000000000000000000e+00 2.991162721781748246e+02 2.477418580778689829e+02 3.896084792284711966e+02 5.261903023868926539e+02 6.269662893263834746e+00 1.484771748448135668e+03 1.440086933616104847e+00 3.100754433187534480e-07 4.551992396337816871e+01 5.837598222871069993e+02 7.601238419341598274e+01 6.156817270969123790e-01 1.556500142470097501e+02 4.364574104161326886e+02 8.009127924156224481e+02 2.559160829215213084e+02 9.911232520950792946e+01 1.482854802852676585e+03 3.611253860906487603e+02 2.098145343678351935e+02 0.000000000000000000e+00 1.305074071533838378e+02 6.708948601104500753e-01
0.000000000000000000e+00 3.878158162598421388e+00 0.000000000000000000e+00 0.000000000000000000e+00 0.000000000000000000e+00 0.000000000000000000e+00 0.000000000000000000e+00 0.000000000000000000e+00 0.000000000000000000e+00 0.000000000000000000e+00 0.000000000000000000e+00 1.630650466825319199e+03 1.334580418927286473e+03 1.739167441596284561e+03 5.559100410288007765e+01 9.592518754598460191e+02 1.005062922870354782e+03 1.069010547537260436e+03 5.719897808847127507e-01 3.249497134302880852e+01 3.644061270077661447e+02 5.021440709535918359e+02 4.679966881207155893e+01 0.000000000000000000e+00 8.317106102670564951e+02 5.138629661472182164e+01 2.458594448656072871e+02 4.791661009886843203e+01 0.000000000000000000e+00 5.958575673215925406e+01 4.852319303303798570e+00 5.345167903295322276e+02 2.083136614429641895e+02 1.627653045612615479e+00 5.288143688321172249e+02 3.611910256850653411e+01 0.000000000000000000e+00
0.000000000000000000e+00 9.321455815183992399e+01 0.000000000000000000e+00 0.000000000000000000e+00 0.000000000000000000e+00 0.000000000000000000e+00 0.000000000000000000e+00 0.000000000000000000e+00 0.000000000000000000e+00 0.000000000000000000e+00 0.000000000000000000e+00 0.000000000000000000e+00 1.576709862057953870e+01 0.000000000000000000e+00 2.211234106321853243e+00 0.000000000000000000e+00 3.844269522423587659e+02 4.748030566398226711e+02 5.369163303769920503e+02 0.000000000000000000e+00 1.943611074392877072e+02 7.833073954328459365e+01 5.232367380367146659e+00 4.220767594308484263e+02 1.386227073074428745e+03 3.955362747220587494e+01 7.743431287193509434e+02 5.046199687625168906e+01 6.851469992868718464e+02 5.468980944703295544e-01 1.680442885689049490e+03 1.188828371130723838e+01 7.525869481541010373e+02 8.923655802658694256e+02 2.200598084999069926e+01 3.834168493070249184e+01 4.002028796836669358e+02
0.000000000000000000e+00 3.805663115124858109e+02 5.309678924006929037e+02 7.920556366379150859e+02 1.558515828056574264e+03 9.036876530135879193e+01 1.621150258918048166e+03 1.266772102492428817e-02 1.238941777798556132e+03 1.783839797861282150e+01 3.808426433203980537e+02 1.569910943675022963e+03 5.608531186936160395e+01 9.990960110176441731e+02 1.363141862796451960e+03 9.254475165806737778e+02 3.734373732994468176e-01 3.743248838778428080e+02 0.000000000000000000e+00 3.605790217609599040e+02 8.291466679775072635e+02 0.000000000000000000e+00 5.512357096374470302e+02 1.205101929836753698e+03 2.376750851774771434e+02 4.634390094600578713e+00 1.697521903635413537e+03 5.750077100458134538e+01 3.007648386273070074e+00 1.634228378747193489e+01 2.528175877071830371e+02 1.492885233449690929e+01 6.208439248139571873e+02 5.653885357685862800e+02 4.236304977853685045e+02 0.000000000000000000e+00 4.307714579095409704e+02
0.000000000000000000e+00 1.227736116489282239e+02 9.636526375966666391e-01 4.850378157993566788e+02 0.000000000000000000e+00 3.805647902932203692e+02 8.385180521563214597e+02 0.000000000000000000e+00 8.650835806232063305e+02 0.000000000000000000e+00 2.291969748231427104e+02 9.109122329495038457e+02 4.129599040298846262e+02 2.522653742455766803e+02 1.429447114063015533e+03 1.231353742144989837e+03 8.982732543961374176e+02 0.000000000000000000e+00 3.230988943579774855e+02 2.196857460418961239e+01 0.000000000000000000e+00 1.327710552117501493e+03 5.207209639442253319e+02 2.875571331616326916e+02 1.758627025656002374e+00 5.022864619446148708e+02 2.809388433543400083e+02 6.700772367030864416e+02 1.745112645054969960e+02 9.021002801198061150e+01 2.865156345283776886e+02 8.486458073537509108e+02 5.008668489895918841e-01 4.018744333885686046e+02 1.034969808054280078e-02 7.149930218179328278e+01 0.000000000000000000e+00
0.000000000000000000e+00 4.989214005198005283e-04 4.371594222229365639e-02 6.135841050045138800e-01 0.000000000000000000e+00 7.320798395259407698e+01 1.308872976609433181e+03 0.000000000000000000e+00 4.397470869382736396e+02 0.000000000000000000e+00 2.710606372521855292e+02 4.483676818657323224e+02 1.838105175499125608e+02 7.548853011204890890e+02 5.465472630815991124e+02 9.706332149181342857e+02 1.807736245956143193e+03 6.277231632511148973e+01 2.178670668921553499e+01 1.445067602161398327e+03 0.000000000000000000e+00 1.204524565879535658e+03 7.650471987435262236e+02 1.030485833283735246e+03 8.125666451130409769e+02 1.642447004019395584e-01 4.772982562735931538e+02 3.492915820726706215e+02 3.765270895611050150e+02 1.587645046966559903e+03 1.270340567194202322e+03 2.414884795473267047e+02 3.783478000860088173e+02 0.000000000000000000e+00 8.884276473984067479e+01 0.000000000000000000e+00 1.027328376038883334e+03
0.000000000000000000e+00 5.987977987630614507e+02 4.820358394367380583e+02 1.384011067462178971e+03 0.000000000000000000e+00 6.460174568202181611e-01 2.717567733019590150e+02 5.826526448492122654e+02 1.719727431547770413e+00 1.150208708972905924e+03 6.072568290764936982e+00 5.341192961326499926e+02 8.890952801646758719e-01 6.816209450348499388e+01 1.224909103375268700e+02 2.537684251135453906e+02 1.572410984997438163e+03 2.975872251784616451e-01 1.057260023029395825e+03 9.146649373253698059e+02 0.000000000000000000e+00 0.000000000000000000e+00 0.000000000000000000e+00 0.000000000000000000e+00 0.000000000000000000e+00 0.000000000000000000e+00 0.000000000000000000e+00 0.000000000000000000e+00 0.000000000000000000e+00 0.000000000000000000e+00 1.369870270142339677e+03 0.000000000000000000e+00 0.000000000000000000e+00 5.283549788714034321e+02 1.330026302444039857e+03 1.678785197369588786e+03 2.356087172776742023e+02
