output/example_1/lateral_incision_000141.asc
nrows	75
cellsize	13.33333333
xllcorner	0
ncols	75
yllcorner	0
NODATA_value	-9999
[rows 0 to 16 of 75, columns 0 to 36 of 75]
0.000000000000000000e+00 8.449590967110555084e+02 0.000000000000000000e+00 7.593259462781106777e+02 1.366821773850643012e+03 6.938183004394281852e+02 3.322898466254517871e+02 1.334620413499106235e+03 3.989037117104237495e+02 5.953693517562656723e+01 6.425295078029544804e-01 1.194283342739616287e-05 2.638001873447476815e-05 2.026420197800674146e+02 9.274754642652583314e+00 0.000000000000000000e+00 5.412460465191597483e-06 0.000000000000000000e+00 1.430772275955948469e+00 4.990219084527659776e-02 0.000000000000000000e+00 8.214038731092654518e-05 2.132444891575236974e-04 0.000000000000000000e+00 2.231114699250212551e-07 0.000000000000000000e+00 1.467995409988723132e+00 2.394697288128030332e-06 8.592563712945595588e-06 0.000000000000000000e+00 1.059712603314569833e+03 8.671616602136681422e+02 9.240312403002536712e+02 0.000000000000000000e+00 0.000000000000000000e+00 0.000000000000000000e+00 1.548180209182953640e-03
0.000000000000000000e+00 1.128507313043033804e+02 7.097683204015140745e+01 7.799778699353857974e+02 1.484339109126904305e+03 1.126447990441009637e+02 5.760993553141456687e+02 1.353470979200698139e+02 1.425561876101745042e+02 1.167902208983880655e+03 5.896243685552930991e-01 2.663333595828128963e+01 2.075377802363997830e+02 5.254029823123846654e+02 1.380721415633951210e+02 3.139775216685563919e+02 1.871878876377573589e-03 1.315370211327804057e-06 3.669439117249379478e+02 3.476490561865953168e+02 5.815755047017586321e+01 8.763151664203197910e+00 4.623939332681852754e+00 0.000000000000000000e+00 3.364445319149869533e+02 2.232924703102273511e+01 9.662371485168516072e-01 5.540484788662165556e+02 4.254321293931491255e+02 4.782889728878709548e+02 1.351785787365605884e+01 9.640617306888890425e+02 4.830551521135097914e+02 3.655390711571771423e+00 5.044055294350693538e-03 3.315906617922359089e-03 4.229172998763270357e+02
0.000000000000000000e+00 3.576846090184348514e-01 6.225872091732873770e+01 2.009644694561049771e+00 6.554495972175244560e+02 1.526065289224622575e+03 4.183675766770945614e+01 6.592412957433259635e+01 2.112452006435069336e+02 6.438742905772679137e+01 9.538628709179415921e+01 1.144408595832618403e+03 6.152147171283469334e+02 6.163136819974515568e+00 5.506946567600024309e+02 3.662889337924137863e+02 6.615718508287731083e+02 2.801114195898446368e+01 5.961507574322539540e+02 1.687789895208175461e-01 5.388843281759791353e+02 4.759417449566312541e+01 1.631937993443095820e+03 1.377177847292823799e+03 1.962450278032513484e+00 2.072382181498732052e+02 8.671445279384671494e+02 1.702136345887496987e+02 3.329893801598803993e+00 9.532877398391807446e+02 1.709331283942747415e-01 8.639837635369531199e+02 6.580660385376587556e+02 7.687869851495263447e+02 0.000000000000000000e+00 5.112290449236570566e+02 2.566350678922509587e+02
0.000000000000000000e+00 1.328647877686478978e+03 2.728738203852134347e+02 0.000000000000000000e+00 5.782015634781756575e+01 9.386522011704652613e+00 2.990724728169364539e+02 2.744230025391212848e+02 2.139870976562837654e+02 6.712470795515466762e+02 9.635703059212076482e+01 1.868230623572861293e-01 6.342656838788159348e+02 7.446550884860499764e+02 3.939296416323288863e+00 1.490898796911076943e+03 2.871640728767683868e+02 3.802540066705240065e+02 2.960767180761363306e+02 1.034033273866099989e+03 3.584879288764543048e+02 1.103644648334354542e+03 4.390493165538015887e+02 6.571071136533831236e+01 8.498912171923265078e+02 1.216885810669979492e+03 5.125597012544577638e+02 1.298671145336051268e+03 8.615471700057537419e+02 3.319457500655791904e+01 2.459434527608466681e+01 2.458495464177399867e+02 1.483827728986790135e+03 6.427300804329101993e+02 1.798121165740403740e+02 5.791244621540786675e+00 3.400390338669431571e+02
0.000000000000000000e+00 1.767879160895592349e+03 1.246931574583976953e+03 3.264197915501990224e+02 3.564505148737797526e+02 9.197979195167947353e+01 6.333596324223277634e+02 3.551520971563532498e+02 1.510054718190120639e+03 5.241076652716505180e+01 3.854912003230736017e-01 1.807803176662934845e+02 3.474892587926950114e+02 3.160844640452866727e+01 1.068559613809202773e+02 1.227115939077887106e+03 8.999972843824622259e+02 3.459579576567196568e+02 4.119718284476621761e+01 8.179030499826479854e+02 4.211002462180179577e+02 9.221001598621276116e+02 4.703802042091591034e+02 3.141922700217678965e+01 6.396947240420414573e+02 9.775178479282883472e+02 0.000000000000000000e+00 0.000000000000000000e+00 2.497513000884070067e+01 7.422635915937688651e+02 6.695641625455451162e+01 1.530147100953515292e+03 1.462607577320839027e+03 6.664659361790225489e+01 5.588100570545299206e+02 2.716289503840465613e+01 2.977318946002354778e+02
0.000000000000000000e+00 5.412202207972261192e+01 5.941593559207451136e+00 5.390445646720002060e+02 2.884881251738381707e+02 0.000000000000000000e+00 0.000000000000000000e+00 2.857064122448772991e+02 3.954365041261362990e+02 3.521475389117848067e+02 4.630361665738916486e+02 1.081554675810338750e+02 4.105695594580783592e+01 4.880166631202101257e+02 5.487919775510778919e+00 4.233903155495756891e+02 1.399670061144797046e+03 8.020360392648734660e+02 1.116838762810644283e+02 1.174519502369231390e+02 4.726565290507658688e+02 0.000000000000000000e+00 7.586831314835895910e+02 5.987624045845956289e+01 1.182774538252642515e+03 5.724532171007550119e+01 0.000000000000000000e+00 8.796682661218676458e+01 5.127943092470662805e+02 5.687939925288672072e+01 9.398748598240027263e+01 9.120998753818889782e+01 2.510612382594152621e+02 3.822621631906520179e+02 5.318430363993520587e+02 0.000000000000000000e+00 0.000000000000000000e+00
0.000000000000000000e+00 9.450278471296790030e+02 1.025032951724744635e+03 5.105513740665811042e+02 4.893851239226960956e+02 6.940359379536928373e+02 2.044624246166988257e+02 0.000000000000000000e+00 4.529926910732251031e+02 1.406731694134638055e-01 7.672657248859444508e+02 1.136911258774050424e+02 3.216789476574669493e+02 4.281222599991023259e+01 1.243972304778769512e+03 1.172384565127351834e+02 8.337305759228577529e+01 2.180943098655873200e+02 3.194066885787584198e+01 9.183082913127988149e+02 1.198129100984142951e+03 5.519858703139440195e+02 2.384584160130546877e+02 1.897099391644573974e+00 4.379745166666035061e+02 8.460423688992863163e+02 0.000000000000000000e+00 1.422235022567489523e+03 1.948783459462676717e+02 1.439292861794648843e+03 2.787480085685908882e-01 1.310515210689077321e+02 3.503799244395921164e+02 3.233171904519018653e+02 9.847620149622561030e+02 4.983000101097005002e-02 8.450186052890544488e+02
0.000000000000000000e+00 0.000000000000000000e+00 1.131503900774379545e+01 3.718577973273619364e+01 7.856988426894235999e+01 6.042110714006654462e+02 2.826519733074910050e+02 0.000000000000000000e+00 8.217669451577052087e+02 8.436379917440307281e+02 7.128479161479400545e+02 1.045882989927226134e+02 1.102342021676197874e+03 0.000000000000000000e+00 6.868632334972653553e+02 3.527065493777132588e+02 1.089324703591617149e+00 1.491923380444272880e+03 1.795822747637309362e+02 7.191513399025329818e+02 7.175485745126943584e+02 1.635924369556399256e+02 1.057711700841727804e+02 6.322363327352843676e+00 1.273009969648715582e+02 1.430547684141786931e+03 1.689365501577113378e+02 9.186613492391978752e+02 0.000000000000000000e+00 1.402302021904675655e+02 9.059239561069367710e+02 0.000000000000000000e+00 1.517664956300857511e+03 1.285382341330061422e+02 1.250092055146464816e+02 2.825499269409265821e+02 3.700575984370726133e+02
0.000000000000000000e+00 4.051042808587304194e+02 9.567747518378413361e+02 4.482010134078332158e+02 2.971932544217621626e+02 6.088461680588386571e+02 1.330178686108397642e+03 2.293946421197176733e+02 1.674956210766754383e+00 1.460617829609899410e+01 3.670913325928412263e+01 3.405051070471624826e+02 1.265057142972221072e+03 6.030999794297658667e+01 2.037691729208093250e+02 1.489410545397624830e+01 4.875922372669573974e+02 2.008287436449596619e+00 1.174064813620654832e+03 1.630725977135290634e+02 2.904514994750840629e+02 1.262683343654234704e+03 7.170658761505581680e+00 1.612079029015317246e+03 1.064262922023963256e+03 1.082617910928446214e+01 0.000000000000000000e+00 1.792508358052233177e+02 8.473216300764936477e+02 7.452708942284085651e+02 7.228576366578836314e+02 2.753095562181273976e+02 2.371289615020418466e+02 6.223435312815244203e+00 4.055967494634999326e+01 5.453949377494006967e+01 1.390665945483871546e+01
0.000000000000000000e+00 0.000000000000000000e+00 6.184667769172853014e+02 1.658066728446426907e+02 3.667433704377044137e+02 3.379432390865983962e+02 1.309648602955076285e+03 2.008381682610048529e+02 1.036586876985747629e+01 1.354228290603764663e+03 4.428037664625378511e+00 6.049498055509136520e+02 1.182938133732732467e+03 0.000000000000000000e+00 3.790504194665003865e+02 1.739757176125343863e+00 1.156227079826137242e+03 4.241783921110827578e+02 1.133984806842148032e+02 1.089166436238673668e+03 1.108468782775189766e+03 2.750215212393151276e+01 1.736112300309775094e+02 1.032910717391853041e+03 4.472704579379659435e+02 2.428540207376461240e+02 9.853541471328978787e+02 1.377529675990428814e+03 1.018014381047168172e+03 1.190489476915923319e+02 7.783008210067779373e+02 1.215520955577588769e+00 1.236026787014372985e+01 1.211654161185651333e+02 1.282825463172038326e+03 3.005513783156868612e+01 7.744415251238381188e+02
0.000000000000000000e+00 1.638348697944150217e+03 1.001739387158283193e+03 3.192127768467750002e+02 3.683440049337389155e+02 0.000000000000000000e+00 1.307020376716189276e+03 5.940119688143553844e+00 6.067355816822424686e+02 1.515080479217339644e+03 6.071597893046840611e+00 4.182554891772149972e+02 1.181356673209022716e+02 3.085722642256977899e+00 1.927844372218124880e+00 6.097966410890697944e+02 0.000000000000000000e+00 1.538387471253426611e+03 4.496357068133427219e+02 2.045517224317454108e+01 4.706548751729738456e+01 4.070597979751733675e+01 1.026337795824536414e+01 2.558291164899223702e+01 1.486662623672506811e+01 2.508710566113385454e+01 3.548768214407844113e+01 4.632305941560207430e+01 2.328008671523486939e+01 1.905298917223822173e+02 8.147788079657964033e+00 1.026179366536150837e+03 7.866588990013494822e+02 0.000000000000000000e+00 0.000000000000000000e+00 6.997043345068051394e+02 1.083342724505874699e+01
0.000000000000000000e+00 0.000000000000000000e+00 0.000000000000000000e+00 9.514750920708282820e+02 2.397754867634227516e-01 4.279156874507743851e+02 1.013897762341486128e+02 1.053732291255379778e+03 1.041362276656166387e+03 1.645574071631641857e+02 1.213426789640545394e+03 5.904756617784993296e+02 7.914146380206467484e+02 1.783750378053543173e+01 0.000000000000000000e+00 6.047588940920602454e+02 1.380265667082471509e+03 9.179951571914562010e+02 4.786035927743741425e+00 1.161913093175928452e+03 2.734848641713152801e+02 6.052361546355737687e+01 8.917823691817676490e+02 1.049391825079576620e+03 7.939357467846019745e+02 4.560558325891352638e+02 1.457343096809074495e+03 2.077552595928990797e+02 7.505426773286723119e+02 0.000000000000000000e+00 3.045413700670108028e+02 6.154566053465406412e+02 2.711146760349192846e+02 5.585570815123762713e+02 5.913019347936795356e+01 3.074170721934039534e+02 4.566279668048270537e+02
0.000000000000000000e+00 9.948055686290417725e+02 1.238330977894120224e+03 4.864791825496590150e+02 7.169656318431736963e+02 9.717735417179271735e+02 1.312229188967909579e+02 4.437295663484835018e+01 0.000000000000000000e+00 9.841220099565406372e+02 1.248602911091242191e+02 4.438968553174216822e+02 4.975476596173901811e+00 5.183582825463740846e+02 6.520954493440800661e+02 0.000000000000000000e+00 9.018540349187701395e+02 3.073368260888075243e-01 9.644222530769658306e+02 2.059701900850300717e+03 7.943149016441524282e+02 2.286555098451776402e+01 4.466857341649036357e+02 1.680646769191911574e+02 0.000000000000000000e+00 1.044520139007690318e+02 4.867757884279338327e+02 1.605542935355605607e+02 1.598939836857192404e+03 2.271742706827975733e-08 6.170464171576613808e+02 0.000000000000000000e+00 8.937882117827832928e+01 8.931585072484948284e+01 4.291857822632941861e+02 1.867433360235534394e+02 1.414539471320535142e+02
0.000000000000000000e+00 1.030332757466313787e+01 3.392620941320622752e+00 6.805097016311869140e+00 3.126067988941872144e+01 4.561699944737844703e+02 1.431271030138115066e+02 1.383768442564228849e+02 8.594554959250177717e+02 8.889852903189316748e+02 1.165819370864713619e+03 3.605403640937082059e+02 7.922195246239069775e+02 1.317004730756549975e+02 1.379169220084560493e+03 3.820687025426699535e+01 0.000000000000000000e+00 9.457401074728596768e+02 4.320632015801738248e+02 8.913775352434349486e+01 7.190213223436924181e+02 7.337752499803546158e+00 1.531039528170319272e+03 9.249984480621106897e+00 3.162216950203758614e+01 1.690966177960282035e+00 1.031076204506805880e+03 9.098536348850576587e+02 4.337813919217854846e+02 4.017146062021257649e+02 6.287066772791212088e+01 1.435693298751454449e+03 1.289700784813243672e+03 4.910599000846098079e+02 4.459290283058144269e+02 6.126942122432862625e+00 3.525069146798211364e+02
0.000000000000000000e+00 1.621633954306787473e+03 2.349541303800035337e+02 1.418261229000280537e+03 1.238508642124669450e+03 1.247011356234622115e+00 1.565874941199335879e+01 1.858233053054158290e+01 2.848228147576087821e+01 4.668736284950958293e+01 2.712107793671719946e+01 2.241126932152958062e+01 6.764747038180550121e+00 5.499231590271694614e+01 0.000000000000000000e+00 1.098623789329915780e+03 7.670091594621560489e+02 1.676676534498916515e+00 6.115214249616980169e+02 2.850502284162836020e+01 1.300739305616436468e+03 3.129623228908737360e+02 5.561794119020656808e+02 5.866930140228025436e+01 2.970494184358040801e+00 1.799011571903967706e+03 1.395189613417069268e+03 6.601585775278633328e+00 5.248910227873661988e-02 9.600781283253813854e+02 1.206841239841863171e+03 2.831278585626746391e+01 1.233351316384478423e+03 0.000000000000000000e+00 1.095521587397174926e+03 6.271994985639400966e+02 9.323171837941417834e+02
0.000000000000000000e+00 2.263172050754770623e+02 7.063786722859188103e+02 0.000000000000000000e+00 6.530251946751628793e+02 4.206324639477149958e+02 1.347038915477722867e+03 1.657715622005432124e+03 5.441249535163918836e+02 1.552545551607738162e+03 1.101781817526647522e+01 5.203220105947259810e+01 8.316524733292731071e+02 4.559376884860593009e+02 1.611916319021530623e-04 6.822934967187764244e+01 8.118148206019625945e+01 1.807799929990212320e+02 6.009668477639078787e+01 0.000000000000000000e+00 1.659241344903548168e+02 9.022111590908390433e-01 5.317890354907427763e+02 5.052902872520638411e+00 1.838102667340816954e+00 5.364125828246358196e+02 1.425891352094349962e+01 1.244752124490711140e+03 1.054312011351656508e+02 3.807915848962814493e+02 1.572429000183233939e+03 8.549522048671976791e+02 1.497037128823493768e-01 5.417089283760341232e+02 1.259684514129925219e+02 5.424965971049521585e+01 1.156232621709448338e+01
0.000000000000000000e+00 1.439932508265465150e-01 6.343712341243160608e+02 1.863463035682192697e+02 4.134572077720347072e-01 4.624466954369574978e+02 1.175436711780157992e+02 4.893633988911465735e+02 1.312210475214096277e+03 1.581978363981550118e+01 5.820776758637306330e+02 4.975582644338481941e+02 3.937733340662392152e+02 3.024729298306405667e+02 9.155025221588556406e+02 6.306381545165015012e+01 1.036914491267179528e+03 0.000000000000000000e+00 2.399988220646861805e+02 5.529312398565154751e+01 5.755710947975097724e+02 8.712494603612624360e+02 5.286733387866109979e+02 5.897890075213582577e+02 1.328468570897515519e+03 5.363751916980712622e+02 3.570412964472564568e+02 1.166415167983499259e+03 1.648877687763185829e-01 1.040192298302121260e-01 2.800306341875943872e+01 0.000000000000000000e+00 8.525322623274303169e+02 2.719805878945556543e+01 4.844556358172342243e+02 8.521740379909585954e+02 9.573919822340351402e+02
