output/example_1/lateral_incision_000192.asc
nrows	75
cellsize	13.33333333
xllcorner	0
ncols	75
yllcorner	0
NODATA_value	-9999
[rows 17 to 33 of 75, columns 0 to 36 of 75]
0.000000000000000000e+00 1.585223627631305362e+03 1.434571352415250203e+03 4.232242159830944672e+01 6.974940702549341154e+01 1.728970336518599105e+00 6.792873389813738640e+02 3.267104111203109369e+02 9.476142379889590757e+02 9.699663729758536967e-02 4.267317430270211531e+01 1.449056080704637095e-01 2.828180615113056433e+02 2.829019500379276337e+02 2.381127568118371585e+02 1.339766984971016882e+03 9.484734440913808839e+02 2.932867976294471823e+00 1.674564345326979264e+03 2.000654718808893222e+03 6.747793565064666836e+02 2.662115926288070114e+02 5.848612417637651788e+02 3.298992245243312027e+02 9.563174033160257181e+01 4.031634500790510600e+01 1.338246630729729532e+03 2.493705199307134190e+00 1.098185227167767053e+01 9.987161811304119396e-01 1.022613959513697157e+00 8.442035169054817061e+02 1.826536610874788721e+03 1.086431331522088385e+03 3.422680923266938180e+01 4.195259874805088884e+01 5.553235565610530102e+02
0.000000000000000000e+00 0.000000000000000000e+00 0.000000000000000000e+00 0.000000000000000000e+00 9.176887270250158508e+02 1.066592710172467150e+03 1.626521751213422462e+01 2.374922627255866985e+02 6.537345123505469147e+00 3.740792440932490877e+02 3.902475744366079766e+02 7.166737535198775788e+01 2.755645598986180289e+02 0.000000000000000000e+00 5.382230436281163293e+02 1.006490837081240556e+03 0.000000000000000000e+00 4.107339259846581285e+02 2.586688950661665931e+00 1.105610474887761256e+03 0.000000000000000000e+00 8.776745864616499659e+01 9.376363418347352097e-01 4.091223941714736156e+02 3.861379967558465864e+01 3.510315643103076582e+02 1.237664721362441924e+03 0.000000000000000000e+00 4.301712919678200251e+02 5.120366970605573442e+02 4.878863124891341272e+02 4.516700018261192326e+02 2.454452154728676305e+02 7.035159859910747855e+02 0.000000000000000000e+00 0.000000000000000000e+00 3.835441879083730896e+02
0.000000000000000000e+00 1.739839206946030345e+03 1.147287450976680702e+03 5.251220526619634938e+02 5.843232319407356545e-01 4.420958364538286105e+02 3.429252051402662005e+02 7.960449431145951493e+00 0.000000000000000000e+00 1.378645616364123194e+00 1.935426493559451799e+01 5.089502224462796320e-01 7.467885788843797172e+02 2.720034700447898217e+02 3.769367758734140352e+02 1.247142726225884104e+02 3.629237960966252103e+02 6.014617098554256245e+02 1.517178931127188889e+03 3.404135898116523062e+00 1.287513216051017935e+03 1.854405207008802847e+02 2.587612523499643089e+02 8.950079213814464418e-02 1.959389230402688753e+00 3.733817239886528938e+01 1.141606154053820461e+02 4.833978736759331127e+02 8.173480886958013798e+02 1.036765081273102993e+02 5.470935858848119615e+00 3.748992992402059299e-01 1.387532873218146506e+03 1.112555969167040582e+00 2.688734913238481568e+02 1.328450360002348134e+02 0.000000000000000000e+00
0.000000000000000000e+00 9.950365965183926846e+02 8.512268188741414860e+02 2.278837295192110730e+02 1.051666417892015943e+03 9.684660095195605436e+02 4.499036834556623177e+01 7.522659303424021893e-01 3.316996409710205285e+02 1.066558096022430618e+03 7.543163480194422164e+02 3.676777137281077330e+02 6.244271060499228554e+01 1.614008503981343438e+03 1.602971470598151598e+02 1.574311369808874815e+03 4.825812781995293221e+02 1.683020844441593340e+02 2.073467260324256131e+03 1.715557358764651326e+03 1.742708730162476343e+02 4.321202244889147437e+02 1.648885584109990532e+03 6.195549293864226001e+02 5.372352639336479569e+02 4.025538954118633228e+02 1.108123190563818206e+01 5.574269091709487256e-01 2.260864615357808134e+02 4.954666483541145539e+01 6.858033392625582110e+02 1.409878227004906250e+02 1.311120125658019106e+03 1.139183351961781227e+03 3.916231086949832729e+01 4.584136250727486299e+02 1.390261073191678349e+02
0.000000000000000000e+00 1.377570568948125924e+02 2.355073316610839527e+02 1.166566763426735207e+02 3.213144795503988576e+02 1.594753549680793299e+02 1.183186283537517625e+02 3.979839800051915404e+02 6.635869673894542302e+02 6.860531445980311673e+02 3.000413751677450591e+02 9.744862460828072415e+01 7.351320400181299419e+02 4.407811059012153123e+02 2.819138134406473650e+00 5.857387125861802133e+02 8.932750421688588176e+02 8.372422310442058233e+02 1.113202438028620008e+03 1.451298904218271275e+02 0.000000000000000000e+00 0.000000000000000000e+00 5.575498404265487551e+01 3.440419027021405327e+02 9.404578457038126089e+02 1.348029594837274203e+02 1.491833340039011773e+03 1.459292184789872104e-01 1.830851383319325620e+01 4.226577426795957422e+02 5.429959549483061920e+01 3.609542444693099696e+02 1.282806601961134447e+03 5.417935889934641409e+02 9.753010422307622207e+01 1.678128494630901457e+02 2.164376981213852389e+02
0.000000000000000000e+00 7.882146640037422003e+02 5.628409409587355867e+02 1.209320572166661577e+03 5.853072820001398213e+02 5.418360103916493244e+02 1.641426367847009260e+03 6.106006661332647809e+02 8.118193317696138820e+02 9.918138206923836719e+01 8.934619286107857761e+01 9.454126618326181415e+02 1.409773925938335140e+02 0.000000000000000000e+00 3.008328468469333643e+02 1.440836153548692437e+03 1.046055859567359903e+03 5.825946645335263838e+02 5.629715631031024792e-01 8.878436157668604665e+02 1.647360143952869748e+03 1.342714502279113731e+02 1.770003848520971587e+03 6.694783009622259362e-01 4.450228097185395626e+01 1.222867812133919756e+02 3.569181790981225504e+02 7.446381518870206264e+02 4.573368568266347438e+02 6.393538227338170827e+02 0.000000000000000000e+00 3.696419414138002821e+02 3.538293074026133809e+02 3.691032504006506088e+01 2.636078736990379525e+02 1.160745554832429207e+03 5.361165056128010065e+02
0.000000000000000000e+00 6.768436586020573031e+02 1.140854552350489712e+03 1.213956259644313832e+03 1.506409973615537297e+02 4.776870773572209572e+00 4.004598555843077747e+02 1.408036409991983540e+01 8.126222540493083457e+00 2.675353614200815924e-05 2.332318611103627859e+01 1.060776730653623190e+03 9.309531074303066589e+02 5.958389573005848661e+02 1.631365286285723570e+01 2.433514156269928037e+02 9.396338953013078310e+01 0.000000000000000000e+00 1.232633993837137041e+03 4.311200344106784996e+02 1.275410103156596335e+02 6.455024326135802681e+00 8.643279872381296514e+01 1.123410023783998639e+02 1.929978386039843485e+02 1.005347590518593961e+02 3.207432718141070040e+02 8.180644489498703820e+01 4.831883878812821536e+02 1.429889850886414933e+03 4.508622646818074600e+02 6.928665198675992087e+01 3.943184685781398713e+01 0.000000000000000000e+00 4.685681717386962646e+02 5.857932104332435301e+02 6.070586122635365882e+02
0.000000000000000000e+00 0.000000000000000000e+00 8.358011318919675432e+02 7.881040796248382776e+02 7.977420399690215618e+02 0.000000000000000000e+00 6.227174307548399383e+02 6.565574081677721097e+01 4.200291269172186048e+02 2.939444954272467498e+02 2.384217926834572836e+02 4.585068165442059467e+02 8.846108289523105839e+01 1.019770567838824782e+01 1.784753761552515805e-01 1.307300000186821478e+02 6.339483892298861747e+02 3.283187037911935704e+02 5.769560039837565455e+02 4.899386179832231392e+02 6.672937516067385388e+01 1.602095546978751486e+02 1.309037557986977845e+03 1.414384413450702141e+03 0.000000000000000000e+00 3.200984654938668541e+02 3.309021422215486155e+02 3.842416763182512796e+01 7.348195584515542222e-01 5.631730833361477551e+01 3.246111159195991149e+02 1.157950750808313387e+02 1.723651079396602270e+01 2.267613076961613388e+02 1.763293882806182751e+02 1.813643466047673201e+02 4.760126813787258016e+02
0.000000000000000000e+00 1.179062298628779672e+03 1.669219153617736765e+03 0.000000000000000000e+00 0.000000000000000000e+00 6.086380579944407145e+02 0.000000000000000000e+00 1.531853321033992643e+03 1.103191817280199075e+03 8.223366093204299787e+00 9.405035706509519287e+02 4.209676649668560344e+02 0.000000000000000000e+00 1.397670489781146443e+02 0.000000000000000000e+00 8.816577220590282877e+02 3.638254336001381262e+01 4.695085414719293340e+02 7.290357974880813572e+02 3.638727928656321442e+00 2.768891260970722783e+02 9.871895737971369726e+02 2.326904804675378102e+01 0.000000000000000000e+00 7.901873728284939489e+02 6.326145611781262232e+02 4.858068173939606709e+02 7.240699482920315404e+02 8.893766956676861355e+02 1.799071999688804055e+02 9.656694329778338215e+02 1.917784684873096808e+02 6.579505103199904852e+02 5.848394984800393104e+02 4.592782001282419913e+01 4.048975733429709294e+02 5.398800680923203572e+02
0.000000000000000000e+00 9.904619145726487659e+02 4.881237568911898084e-01 3.034416950432461135e+02 1.076497572745410253e+03 6.689726499762872436e+02 1.589617105839279475e+03 0.000000000000000000e+00 4.376180347541277342e+02 8.631858907168831365e+02 2.270316911187339315e+02 4.764302065529670926e+02 0.000000000000000000e+00 4.954377282346600708e+01 3.636315147831435013e+01 1.120169915453729573e+03 7.598566883515442214e+02 6.058911780542723591e+02 5.012392367934546655e+02 1.610586496638750020e+02 9.433514455941432288e+02 1.322701996300397468e+03 3.761384433654841359e+02 0.000000000000000000e+00 0.000000000000000000e+00 0.000000000000000000e+00 1.864291540268705916e+00 1.369430650997382486e+02 1.001597856481856326e+02 1.961588130875328488e+02 1.479351921095805437e+03 1.543042702448446732e+02 4.791506119803951691e+01 9.193144147063644596e+02 2.919392862936705342e+02 1.732468488009664611e+02 5.645100404222612056e+00
0.000000000000000000e+00 1.388077496540681022e+00 1.541904400003536921e+03 3.794450777971284938e-01 4.901126479044657458e+01 2.002145996776258041e+00 0.000000000000000000e+00 1.142579986235177557e+03 0.000000000000000000e+00 3.673724254806877143e-01 1.657565110616772245e+03 5.781562238163980965e+02 1.295510268444309986e+03 6.936362533180113132e+02 1.189162899100668028e+03 1.461473430529636744e+03 1.086263951510756669e+03 1.067631320499704316e+03 2.648897305659072572e+02 1.673161844928782784e+02 4.252671603390267023e+02 4.188239016448249004e+02 9.978109185029005630e+02 1.054035006828847010e+01 1.286373234300644754e+03 6.474733170317573467e+02 9.132265178718711240e+02 0.000000000000000000e+00 4.657267285552610758e+01 2.519439030652504963e-01 8.864911959324068675e+02 0.000000000000000000e+00 3.066690444467872823e+01 5.186630082803782571e+00 6.353082793574122888e+02 4.765499009164953748e+01 6.442787364763191817e+02
0.000000000000000000e+00 5.311126165628147646e+02 6.834602101726349019e+02 3.902764286333190853e+02 1.460375648873030968e+03 1.988566513427752014e+01 1.740522232897233152e+03 7.197590585767407845e+00 4.137788574064455815e+02 1.003934965831723616e+03 2.484593370175849358e+01 1.066449577928054282e+02 1.040991792118789476e+02 2.176655800755500536e+02 2.810969195872023647e+02 2.181253896591245507e+02 8.248792879350263547e+02 0.000000000000000000e+00 4.596071111996518965e+01 4.936152155066359910e+02 7.168822289417652200e+02 2.823987763752003843e+02 2.720197293603555977e+02 3.939878310608899028e+02 3.065649625847506741e+02 2.038008323654957792e+02 1.375938064044565579e+02 2.186957116621572439e+00 7.300897292184955631e+02 1.422574103454691681e+02 1.734773496774898760e+01 2.580636761399529178e+01 8.285124909675757010e+01 1.524625028791456316e+01 8.922027580102407285e+01 5.696192422777527327e+02 3.018501768614335674e+02
0.000000000000000000e+00 1.595312779207862150e+03 0.000000000000000000e+00 2.795501657361197090e+01 4.850289875529743995e+02 1.183702282684706688e+03 8.436667931973431678e+01 3.697076641997806519e+02 0.000000000000000000e+00 3.177605170361398450e+02 1.646066071457911164e+02 1.678210814502958783e+03 8.434583045904112169e+02 1.763853229255883207e+03 4.803939028040719563e+02 3.930674764478637684e+01 2.198591945653948301e+02 3.749693423348977035e+02 3.722314754653535260e+02 7.755955082512856791e+01 2.672389289904118073e+02 2.690652297864270395e+02 6.677912807155731798e+02 3.523308269216051372e+02 7.597784975587905443e+00 4.280958381446372982e+02 7.957762185034711138e+02 7.292216986642035863e+02 2.992317105946378888e+02 6.203246318459551958e+02 2.132638144690857995e+00 4.410428228162786901e+00 9.173013082813978372e+02 1.039574404566883914e+03 8.274241798181212744e+02 3.482584238380012920e+01 1.600711400937565486e+03
0.000000000000000000e+00 0.000000000000000000e+00 7.574595538677610929e-01 1.468491165152183385e+03 0.000000000000000000e+00 1.009480508653677248e+03 7.354491166476179842e+02 7.848592888106500354e-01 1.316897597692039028e+02 0.000000000000000000e+00 5.802665630764375919e+02 3.247254313062571396e-01 4.023696978263805235e+00 2.460335368591215968e+02 9.894852267313490657e+00 2.345512619498315843e+01 0.000000000000000000e+00 1.428473634355099193e+03 1.274973819481720909e+02 2.173761615979516080e+02 3.327872036397556030e+02 1.846527132673085589e+03 2.616099512016388644e+02 2.507179851066159770e+01 3.123506373882037792e+02 7.169368727960966226e+02 3.975138503951162749e-01 2.594988606497272698e+01 1.751105498523241408e+02 8.741567491257579832e+02 0.000000000000000000e+00 6.855269645262275446e+01 2.337431551258720788e+02 5.231845333520358281e+02 5.767343799517077514e+02 9.381126020100908818e+02 2.250427574490132798e+01
0.000000000000000000e+00 1.444041013340807012e+03 1.315271881083132939e+03 0.000000000000000000e+00 7.564556947555063289e+02 8.880737862429762680e-03 5.287682988352586335e+02 6.214575119782375623e+01 2.194202532336759646e+02 4.872467261156489537e-01 9.334935516096021502e+02 4.828023764492479775e-02 6.504488485143803018e+02 3.734375021700246577e+01 2.002071680700611580e+02 6.729484812821326725e-04 1.236343672914472691e+01 6.629817282744705835e+02 2.497377623109902913e+02 1.565588990705620347e+02 3.893143071436670652e+02 1.702454271249899875e+03 7.980616594647503348e+01 4.132196320772189893e+02 3.880893444383460746e+02 1.128763818896499060e+02 5.336155986512391536e+00 3.718038012637838960e+02 4.223172103061268103e+02 3.492219503264157083e+02 7.995284024046312652e+02 2.559266034017569211e+02 2.607942365659293316e+01 0.000000000000000000e+00 5.528832787872862582e+02 5.317143391035629065e+02 9.379799813558738819e+00
0.000000000000000000e+00 6.694328356660317070e+01 1.080949793804252129e-01 6.016202822665663064e+01 2.166131475070123713e+01 7.184490167885307983e+02 4.566183237590717567e+02 7.886167048184903328e-01 2.256563948946603304e+01 2.614384634271855816e+02 5.324577203854551577e+00 1.003166266560684335e+03 1.237578000154886240e+03 4.089870813311471665e+01 3.389238141828608608e+00 0.000000000000000000e+00 5.792326044031061656e+02 1.346713429106521573e+02 8.698916175065123753e+02 3.991285824472855097e+02 0.000000000000000000e+00 1.825799673213352889e+02 9.346005970973097874e+02 1.245957177307070879e+03 5.060336626745800537e+00 4.566562939799874812e+02 1.222754885419820312e+03 7.521312963244605498e+02 1.324242191792660037e+02 3.694294029975231552e+01 5.859509956541663769e+02 0.000000000000000000e+00 7.151880049622916147e+01 3.053765914833767026e-01 5.557255911091874623e+02 1.995037709550085196e+02 3.674726328237872508e+01
0.000000000000000000e+00 0.000000000000000000e+00 1.719087510293606556e+03 7.304988799284745937e+01 2.253725142761816471e+02 8.871855382952638820e+02 1.621498595245234640e+02 1.029940220344197087e+03 6.551700817498272045e+02 1.332631751191802323e+03 9.791149388372448747e-01 3.738105327638815645e+00 1.596527469575819850e+03 1.183647151774731128e+03 8.639411291363632017e+02 4.664075590532428919e+02 3.814838419633055082e+02 5.839368676155396543e+02 2.175451686694489517e+00 1.584044699935783910e+03 1.161247733434163592e+03 1.907987541813169985e+00 7.003160112155557044e+02 0.000000000000000000e+00 5.364598585223611735e+02 5.893850551047312365e+02 1.186400231959205342e+02 5.636118872908688360e+01 9.658701093769421675e+01 3.334920602557622793e+00 2.500227774838012635e+02 3.052900496756700477e+02 6.913406398698120938e+02 0.000000000000000000e+00 3.431548728633097767e+02 4.110507623361293383e+00 8.490716940703766795e+02
