output/example_1/lateral_incision_000356.asc
nrows	75
cellsize	13.33333333
xllcorner	0
ncols	75
yllcorner	0
NODATA_value	-9999
[rows 51 to 67 of 75, columns 37 to 73 of 75]
0.000000000000000000e+00 0.000000000000000000e+00 0.000000000000000000e+00 0.000000000000000000e+00 5.724464104415334305e+02 1.593411499600508137e+02 7.737763205849760197e+02 1.646594241110385937e-01 0.000000000000000000e+00 1.428565677403344125e+03 1.162173319962294727e+03 7.849127641633080543e+01 9.720967769248484274e+02 1.221784127178684003e+03 3.436397307999684347e+00 0.000000000000000000e+00 7.814720171865908469e+02 5.350089696863809650e+02 3.415299902527894615e-01 9.741421459931917104e-01 0.000000000000000000e+00 4.185098120198897043e+00 2.505073709348839106e+00 0.000000000000000000e+00 3.970531411334452088e+01 5.105926951704364569e+02 1.117652200012502362e+03 2.033809034548892392e+00 0.000000000000000000e+00 3.214117645298907746e+02 7.140492455389397719e+02 1.235267753220311349e+01 3.570202641220099622e+02 2.463572886508123361e+02 5.016394656966368757e+02 2.083989848479047280e-01 9.628823896435143297e+02
0.000000000000000000e+00 0.000000000000000000e+00 0.000000000000000000e+00 0.000000000000000000e+00 0.000000000000000000e+00 0.000000000000000000e+00 0.000000000000000000e+00 1.257554264386690477e+02 4.127093271115561492e+02 0.000000000000000000e+00 1.524382133915426493e+03 6.179138207713085507e+01 3.046711873234987933e-01 1.780083828916611405e-02 9.475701541428071550e+02 0.000000000000000000e+00 6.460766842464151991e-03 5.857935247785224508e-03 7.730987680922261234e+02 1.351370629359664008e+03 3.936142832022981253e+01 1.379396825634328707e+03 2.643215242878743538e+02 5.091619670986411279e+02 0.000000000000000000e+00 5.771587829601422754e+02 2.391832587959970169e+03 9.677146287714548123e+01 5.507342096149092185e+02 3.517095512538566737e+01 3.693427468349749461e+02 8.599403577637250464e+02 9.654812943478934812e+02 4.209259717408780688e+01 2.976631283128894356e+00 5.107781559045981226e+02 5.315407035267100611e+01
2.622399929377407943e+02 1.031388765422952247e+03 7.445186531540779242e+02 7.020550092913728122e+02 4.059895230469286957e+02 0.000000000000000000e+00 7.942498886730166987e+02 6.128230377677106162e+02 7.444526587679405338e+02 1.002908076168172670e+03 1.745762849166801189e-01 0.000000000000000000e+00 5.847311202547577977e+02 4.944795025651791889e+02 0.000000000000000000e+00 9.157626489069501758e+02 3.602749679648787264e+02 7.763204459038032610e+02 1.872535135774370391e-02 1.264555581407452564e+03 1.825436425752390619e+02 2.500048113171290165e+00 2.294203680638099740e+02 1.295379577444194410e+03 1.294353978997727154e+03 6.796103793021584849e+00 9.311652114916799974e+02 2.368903566462202264e+02 0.000000000000000000e+00 8.322670584430367171e+02 1.556553466137790831e-01 1.159831398598811575e+03 2.061345556891128012e+02 7.207128975066741106e-01 8.042858012658336975e+02 1.606408734005280849e+03 7.477663896232216985e+02
3.626239120078146860e-01 1.207660351685594549e+02 1.385779425150704583e+03 1.051672968299273862e+03 1.891848838163129543e+01 1.605044883253720400e+03 9.526691927070633028e+02 1.040177253701117706e+03 2.993028764472352776e+01 2.598701989895636757e+02 8.914001662610918686e+01 8.928839955112682674e+02 1.404311592096288450e+02 9.965809131720931191e+02 7.047002333133857519e+02 6.119988105781760446e+00 4.034887526459456808e+02 9.563330545108285605e+02 1.511266622335189602e+01 4.709559328982452371e+02 2.175321050548394552e+01 9.729199251457922415e+00 5.329239529723515716e+02 2.130079971821417359e+02 3.018903097861542619e+02 4.910822759439058416e+01 7.223209381546621621e+00 1.661721487877545542e+03 1.685935156136110209e+03 3.929025564528167820e+02 7.381770343110918020e+02 1.067574169676718157e+03 0.000000000000000000e+00 9.174058293134697806e+02 2.082258285139903649e+02 2.103878615328137514e+01 5.739374481329239188e+02
2.419155692340095243e+02 3.060636135246459233e+01 2.427814756238469442e+02 9.521102069269303456e+02 3.472544996150948293e+01 9.807827970297452111e+02 0.000000000000000000e+00 8.148540396911024573e+02 3.100490533481911726e+01 0.000000000000000000e+00 7.106606246960766384e+02 2.643955692700789086e+02 8.184214197679846166e+02 8.106565016931975842e-01 0.000000000000000000e+00 0.000000000000000000e+00 5.175616859252056834e-01 1.903413494562888104e+02 1.484203054502296197e+02 1.450092793077840838e+02 2.341118260109899651e+01 0.000000000000000000e+00 4.191134527494337902e+00 8.555250297356363944e+02 8.614023228509697674e+02 5.242980526904780447e+01 1.532077982316969610e+03 1.136158892938922094e+01 1.138793671425859429e+03 2.847040595159404575e+02 1.153121230702458206e+03 8.019766152972549378e+01 3.719139692164567919e+02 4.835778658914048265e+02 5.476027201904851154e+02 1.408616658840786158e+03 3.772177614417965685e+01
9.782405881032181014e+02 2.759624429724620298e-01 8.185134792928657532e+01 8.143687487624242749e+02 1.486142062489616888e+00 1.663557940867254274e+03 5.852533640495104237e+02 4.317635086010285477e+02 0.000000000000000000e+00 6.067499635712615600e+02 1.991224233749371020e-01 4.757975545509364679e+02 8.686295987497974238e+02 1.085595751844363654e+01 1.465466887917805707e+03 1.501588149114212683e+03 1.859877236998850236e+01 6.693161497526511994e+02 3.491309771764044445e+00 2.765275514854015455e+02 5.847043290267838529e+02 8.511735664118282330e+02 2.616052206191979579e+01 8.436682412639219137e+02 0.000000000000000000e+00 1.320050920366617220e+03 8.073449453313339745e+02 1.925010111074969643e+02 1.965959790949940167e-01 1.516892302338308127e+02 6.167357553464616871e+01 7.390275226394256833e+02 4.829759874515885940e+02 7.086966128843332626e+02 0.000000000000000000e+00 5.543854267416437551e+02 6.261179337342886697e+01
4.425880530568332460e+02 7.887413463861514629e+02 9.474892030034467894e+01 1.109560798057911597e+03 3.924860872356040886e+01 5.126533010606941616e+02 0.000000000000000000e+00 8.868673921166811969e-01 1.400829722601831406e+02 5.396592192700028079e+01 4.536779738187315161e+02 2.700948090929699674e+02 0.000000000000000000e+00 4.138655744334249675e+02 5.324035004182725572e+00 4.866758464611367572e+02 9.633825059111192104e+02 4.593391798699065589e+02 6.368724151981435853e+02 2.145130097296909071e+02 1.281415180643115718e+03 4.065437889112088143e+00 5.105916773203250045e+02 0.000000000000000000e+00 4.569393748714916228e+02 5.335797270848020801e+00 4.162818221404283747e+01 1.177847050650661913e+03 7.751376108519219876e+00 5.306444382896802381e+02 3.163073466472372388e+02 1.396119897657036120e+02 1.078612670058476510e+02 4.755760412957573635e+01 5.584005388053703882e+02 1.266018015774838403e+02 0.000000000000000000e+00
0.000000000000000000e+00 2.356813427615708001e+00 3.025146781980332822e+00 1.009370496164434144e+03 4.306218250532300118e+00 3.987954886432412991e+02 5.972071484951404727e+02 1.042101327134341091e+03 4.181972838615731121e+02 0.000000000000000000e+00 4.493419644972869946e+02 1.906884524951991580e+02 3.744285293821034770e+02 4.421993735328451862e+02 1.190252677930368463e+03 0.000000000000000000e+00 0.000000000000000000e+00 0.000000000000000000e+00 6.788543298199623166e+01 1.351905946914522474e+03 5.057229786524606752e+00 3.416534823680926252e+02 1.301277911384573372e+03 0.000000000000000000e+00 4.016018755258448508e-02 2.346521796979203600e+02 1.391650077101461875e+03 0.000000000000000000e+00 0.000000000000000000e+00 1.810868609093443240e+02 2.527217637591449773e+02 1.854120877210232621e+01 7.192286851462628192e+02 2.576720795628637575e+02 8.340010984962403784e-01 8.944028990703855015e+02 3.029484372514999801e+00
1.574052840782283056e+02 7.662166495314131964e+00 5.134060069467260519e+02 5.224325446716568422e+02 1.416235104772702691e+01 1.514062774476248251e+03 3.930778632258998186e+02 7.665911356863867354e+01 3.075545101768242375e+02 6.025246034353132529e+01 1.055647872658241340e+03 1.151401903189834911e+03 1.586124796118239431e+02 1.398494305891015756e+03 3.460541181644871926e+02 2.649553894106400094e+02 0.000000000000000000e+00 9.947192005297617357e+01 1.191661580446972550e+02 1.754562775341265137e+02 0.000000000000000000e+00 6.157345076298404365e+02 7.037335323836283862e+01 5.244982219821090439e+02 6.755592837542993720e+02 1.123192898726078511e+03 2.518131402085423964e-01 5.079088846334142886e+02 7.332246676576935442e+02 4.833531853904942999e+00 5.058334032810904546e+00 4.649191248994852117e+02 2.017999416243711597e+00 1.962129509531485212e+02 8.589318532076212023e+02 1.408853614552990052e+02 1.014455595499786682e+03
4.971874522600065660e+01 1.156332254210759487e+02 4.307224942179352070e+02 5.235580017514523661e+02 0.000000000000000000e+00 3.024192959014968665e+02 6.587706643182410744e+02 0.000000000000000000e+00 1.368078709659603419e+03 3.075141971432278751e+02 1.120760413730120746e+02 1.144084001296748312e+02 3.204875316072544251e+02 9.151907368390595821e+02 6.362707675578768658e+02 1.504570466104255217e+02 1.420869479883918757e+03 1.488999059628082762e+02 1.542368463744410008e+02 1.914550585400573324e+00 0.000000000000000000e+00 9.676943130254777259e+01 1.359132486194136789e+02 5.396911463156297941e+02 2.900861029226506389e+02 1.537789002111234282e+01 7.781649425706949614e+02 9.214659494652705689e+02 8.312823568593150867e+02 4.454755640938963666e+02 1.143436483754670885e+00 4.628211314349161967e+02 5.745053223340668183e+02 0.000000000000000000e+00 6.931809649940126050e+00 3.339622817551974663e+02 9.935668369357864549e+02
1.068552866235348375e+01 4.243360144081764815e+02 1.489756968459626478e+03 0.000000000000000000e+00 7.930099711492866277e+01 5.311207252619028623e+02 4.865856699326272405e+02 1.302118642301450791e+03 2.312716342279283310e+02 1.067115186493067291e+01 9.300356522871874176e+01 3.739752674590259858e+02 5.970654616358347084e+02 1.492825434641868831e+01 1.451644664087516048e+03 6.321916711334663432e+02 2.726649334532709190e+01 0.000000000000000000e+00 3.251165774838154903e+02 0.000000000000000000e+00 1.279610768513053245e+03 8.306624170509148826e+02 1.190729150141192576e+03 3.964305426514978414e+00 2.154037453917927891e+01 0.000000000000000000e+00 3.008057754772536896e+02 1.877695281841592845e+00 4.338625242870461420e+02 9.902970975790043440e+02 2.753385855287329491e+02 2.563005506906730790e+00 1.813965968974849261e+02 5.275898935712925777e+02 1.348190132055626464e+03 1.619058811671007561e+03 8.726395500100541369e+01
1.046578248757327628e+03 3.349129216118138288e+02 6.702470516274794399e+00 1.343371479451337109e+03 3.537846105456146688e+02 6.313445209899322397e-02 1.170819615991546925e+03 0.000000000000000000e+00 3.777647521755021831e+00 1.197627641583830949e+00 1.544370268689538079e+02 3.816275016622706318e+01 2.909990247557338421e+02 0.000000000000000000e+00 3.913814240597323533e+02 0.000000000000000000e+00 3.174843409735175896e+02 5.809363570258500031e-01 5.327509793518261461e+01 7.679881281633080334e+02 1.872049956543131088e+01 8.349895459349559701e+01 1.305117127131893255e+02 5.209620670870107233e+02 5.711715800610693350e+02 1.566526479103163894e+01 3.117614846648081084e+00 1.744614863383834518e+02 1.163561484990820418e+03 9.897591454976749219e+02 1.026447304041674329e+02 0.000000000000000000e+00 1.471913350432505467e+02 3.004167371340578097e+00 3.899772172922426705e+01 2.024066035551254572e+01 8.755137375482291873e+02
7.747728040275092098e+02 2.500950470951218918e+00 1.545601211405268714e+03 3.363854399986527142e+02 7.047845173495691142e+02 1.030901551122516139e+03 2.130110171806108288e-01 1.211345549059364885e+03 1.225330979378535403e+03 5.618851391987371926e+02 1.003875107105161192e+03 1.946408012069946181e-01 5.092692017605155002e+02 6.660409992127762280e+02 5.195881536630828350e+02 2.828009296569269395e+02 1.404478436644949397e+03 5.775002682019086251e+02 1.045445353248543142e+03 0.000000000000000000e+00 9.213330552131528748e+02 1.887109248278387774e+00 1.232909535690582288e+03 1.195418860083752179e+03 0.000000000000000000e+00 1.663287063337890856e+02 2.374238130886485862e+02 7.415633653445212303e+01 7.858053896459688303e+02 1.120932128991799345e+03 1.151091965578627141e+00 1.382713776105263833e+03 1.020372895928250045e+03 9.301489932160451701e+01 4.088917169011970145e+02 9.591654051863564518e+02 4.086625845432171786e+02
2.143403776430679863e-01 1.007125590633399952e+03 1.074464991538884988e+03 3.790898376152630078e+01 1.412772065605876870e+00 1.939091193331257500e+03 9.218726288500064356e+02 0.000000000000000000e+00 1.294642403788994216e+03 9.101657953861464421e+02 5.548478617642437030e+02 1.568700144104508070e+02 1.262917003261763327e+01 3.871997392791746506e+02 1.839224391048303175e+02 2.042054411540541139e+02 6.152787969247278665e-01 9.019851536274236992e+01 1.172175036748109051e+03 1.104431059690431766e+03 2.849162579307547389e+02 6.032464622476214799e+02 1.492423354657260688e+03 8.183718210448274704e+02 8.274470246886671703e+02 2.052969600708781286e+02 9.130739660208167841e-08 8.114643537085311209e+02 2.673314418289378978e+02 1.792916099608513036e+01 6.776881065450544384e+02 8.434350928066575079e+02 9.500156196844906162e+02 4.170718576180445325e+02 4.141028856435099783e+02 3.797933647204333738e+02 4.648983374028042022e+02
7.622171802831005607e+02 6.204065269026924625e+02 1.448117805950796310e+03 3.426533051635555580e+02 1.140750542445645124e+03 8.677739532890627743e+02 7.197654848941018556e-03 1.202742797852030890e+03 3.733347658971991478e+01 1.253039821790800715e+03 6.090557067558224844e+02 2.351664354482470003e+02 2.361412219191515760e+02 7.335153915578618466e+01 1.265743058660994166e+03 1.580066907826998658e+03 9.964341179091576350e+02 6.532729194950472902e+02 1.058164585510880443e+03 2.745948055841180917e+02 6.846206213464612347e+02 1.783533548929731580e+02 8.732751540103282650e+01 4.572800828398266759e+01 1.148498772049060562e+03 0.000000000000000000e+00 5.405588995575684521e+02 1.668924280685657095e+03 1.185320440520976293e+00 4.274838472601684884e+02 0.000000000000000000e+00 5.168213426236459327e+02 1.477639034145848029e+02 8.646907113512151355e+00 1.009746149128405250e+03 6.029584477825628710e+02 5.760643878305667442e+01
6.218948835256453549e+02 8.800144135432637995e+02 4.246184485744579351e-02 2.785831504397682679e+01 4.325647653271414583e+01 1.925157315093522641e+02 2.047219470237004124e+00 1.380356812452721158e+02 9.284800052963564667e+02 1.320411904950355986e+00 2.321389646729813876e+02 7.496482384480540304e+02 2.863177947292359704e+02 2.251454893010450746e+02 4.436726279165650055e+01 1.394695305681847231e+02 1.651300672648660282e+02 2.172820029294077528e+02 2.622870277226164859e+01 1.498480541432896729e+01 1.109294806906008489e+03 3.427155484962469245e+02 8.694532040139117157e+01 3.854730060239932072e+02 2.176070806155523951e-01 8.604402354684322063e+01 5.476057425458529906e+02 2.853457497127430287e+01 1.005189293906194052e+03 5.010695005614451816e+02 1.526838497293306318e+03 2.047000134446026109e+01 1.106980481517737189e+02 7.193747318198325047e+02 5.929560058354267085e+02 7.913015860905206864e+02 3.402814460155265692e+02
9.527778095235356348e-02 1.221775757277972161e+03 6.806588612194190091e+02 3.558857816748254663e+02 5.317864108946564556e+02 2.929399015635675063e+00 3.892932237091840619e+01 7.006258812223378207e-01 6.625507941305728536e+02 0.000000000000000000e+00 0.000000000000000000e+00 4.212052247786225934e+01 1.524450999204699713e+02 1.460899925886999995e+02 1.125586649932327646e+03 2.727040691631179357e+02 6.200280724035269486e+02 0.000000000000000000e+00 0.000000000000000000e+00 7.165804955486097469e+02 7.760302272831427484e-01 1.167409843957986970e+00 1.261181802091751969e+01 2.155702372292803659e+02 7.812776072778249272e+02 6.641908748636460587e+02 5.043698995234367430e+02 5.985040474397201393e+01 3.624220852452509121e+02 4.787995704183798011e+02 1.623050449112555725e+03 0.000000000000000000e+00 0.000000000000000000e+00 9.770308782298047845e+02 3.636818777705889261e+02 3.010538071319715527e+02 9.107095059911582666e+02
