output/example_1/lateral_incision_000285.asc
nrows	75
cellsize	13.33333333
xllcorner	0
ncols	75
yllcorner	0
NODATA_value	-9999
[rows 51 to 67 of 75, columns 0 to 36 of 75]
0.000000000000000000e+00 0.000000000000000000e+00 7.235437480285203549e+01 7.208156577758752626e+00 0.000000000000000000e+00 3.547590982419662531e+00 0.000000000000000000e+00 8.092657881329887459e+01 5.699377975458729679e+02 1.001910437962050537e+03 2.472627901444485872e+02 4.065597218007306424e+02 7.259571572236878865e+02 4.721430692579608035e+02 1.777254433662610154e+03 1.775589475956502028e+01 5.498397890824029446e+02 7.386846699742452560e-02 1.366141965773675793e+01 3.800787838875550051e+01 1.320545715437547507e+01 5.189743019537945656e+02 1.554782273327781468e+02 1.065157765359453457e+01 8.073196030649930890e+02 7.715671736435011780e+02 3.598415266026983090e+02 1.304879578003346523e+03 3.054822183529034874e+02 0.000000000000000000e+00 0.000000000000000000e+00 0.000000000000000000e+00 0.000000000000000000e+00 0.000000000000000000e+00 0.000000000000000000e+00 0.000000000000000000e+00 1.199071258795951962e+03
0.000000000000000000e+00 7.653427007612280022e+02 2.281248467913724198e+01 6.851392747955642335e+02 2.200225980634022349e+01 1.212027575480543184e+01 1.800674628102402153e+01 5.257813089022730537e+02 4.619304279103722592e+02 8.840432373107013575e+01 3.021038038517058339e+02 1.465955062653013556e+03 1.595936993516729103e+02 1.920035154014156831e+01 1.010036597777075684e+02 3.496981877825292884e+01 1.558533555331432808e+03 2.541613083608781215e-02 3.335278556900748725e+01 0.000000000000000000e+00 2.214000383913001997e+02 5.571323025466799663e+02 3.146069173976730582e+01 1.069556577366944111e+03 1.350799435847908171e+03 9.697253099499682776e+02 1.089889714893604378e+03 1.977296816152149528e-01 1.010032048459052362e+03 2.574943062639262621e+02 6.009597794015386398e+02 1.617434826852196466e+03 0.000000000000000000e+00 0.000000000000000000e+00 0.000000000000000000e+00 0.000000000000000000e+00 0.000000000000000000e+00
0.000000000000000000e+00 0.000000000000000000e+00 9.457706435940004894e+02 2.618732844905650836e+02 4.012254869386444511e+01 0.000000000000000000e+00 2.453215292880573770e+02 1.082688793533472165e+02 5.009092129332712489e+02 0.000000000000000000e+00 8.025842760729050269e+02 6.713384584497060814e+02 6.008989758981638261e+02 0.000000000000000000e+00 8.755324742891021117e+01 0.000000000000000000e+00 5.441790696844526209e+00 6.698225495081780991e+02 5.202781583387628643e+02 6.275679562671459735e+02 2.445202120844353715e+02 3.817223766847801016e+02 4.514048228850974454e+01 8.522102865246948795e+02 6.214794345452800144e+02 8.982074697680959616e+02 1.648187965097089247e+01 1.016972301747171903e+00 2.626267425626642282e+00 1.320143152145549948e+03 3.117400939856028117e+02 2.715106638277464235e+00 1.154209151400118799e+03 3.277624044100340939e+02 3.141217893788768833e+02 5.270846354123024562e-04 1.295492898882693453e+03
0.000000000000000000e+00 1.426754342413641098e+03 7.620421989581394655e+02 2.986066902107717738e+02 1.405088045012095563e+03 7.111741932077063344e-02 6.647689567259106980e+02 5.695967470807664768e+02 3.455053946262233922e+02 1.377431608379144024e+01 1.086598412872580639e+03 2.518415125664688503e+01 9.666537553603577635e+02 7.892843300024421751e+02 1.433335153751005748e+02 1.454032565271315889e+02 1.544957479991231139e+03 4.368696119431044167e+02 6.035288159384410847e+02 5.882629406181986553e+01 2.499140366204106272e+02 2.111736858657917537e+02 0.000000000000000000e+00 8.419473018529769206e+02 6.430056228971163819e+02 1.121384084502811902e+03 0.000000000000000000e+00 1.611461421798495337e+02 2.410146132056150066e+02 5.956347614348854904e+02 1.317002922611731908e-01 9.332417766224385787e+02 2.548730760646685667e+02 8.476423664441708752e+02 0.000000000000000000e+00 5.648459536034532675e+02 2.741413110989230404e+02
0.000000000000000000e+00 1.371621582065473604e+03 5.022867707103114867e+02 9.676290739143627206e+02 1.290225985706949132e+03 3.588328812063944042e+02 1.563668452630973249e+01 3.550165514109810516e+01 8.781792632385104298e+02 0.000000000000000000e+00 8.519455151520131722e+02 2.404283581889425647e-01 1.081712209767657669e+03 3.580066496851085276e+02 1.473474048322837689e+03 3.654284103239955783e+01 1.420449593388567791e+03 1.492308040541434195e+02 7.827299241093310229e+02 3.326003936477926004e+02 1.151879908005532727e+01 4.214100141528325594e+02 1.733820576747979914e+01 1.230491388757874915e+02 1.041916326469574415e+03 1.426714439635194953e+00 6.896793553936744274e+02 7.698243234981551950e+02 1.825624860084341661e+00 4.781777408572180921e-01 4.526219820591367693e+02 1.469455684088901080e+03 9.559919952345765068e+02 2.511145682104000230e+02 6.854786505673857846e+02 5.161367725695028552e-01 7.554995514919647803e+02
0.000000000000000000e+00 3.764646296139659842e-01 8.603511394291204795e+01 1.698487264232078076e+01 4.694088209576229076e+01 2.657235731130309091e+02 1.160930634507460354e+03 1.010727668633142684e+03 5.053614856162367914e+02 2.520369851625043793e+02 0.000000000000000000e+00 8.336563538417852970e-02 6.721031187439585892e+02 6.575326547287563699e+02 1.389288963945634805e+03 4.514999787014251531e+00 1.088883929564098707e+03 0.000000000000000000e+00 1.157625013257892022e+01 4.041751672229368069e+02 0.000000000000000000e+00 2.556645182022919300e+02 9.220746561965276555e+01 6.586593436400563633e+02 0.000000000000000000e+00 3.264594612043867983e+02 6.256468432468146830e+02 8.231349427040801174e+02 5.545347283194088561e+01 1.440923485924094621e+03 3.964337374075411731e+02 8.382882606217616512e+02 6.535993318070113673e+02 3.164412399174749453e+02 2.682399071302987181e+01 5.718482625972633286e+02 1.495657825647432659e+01
0.000000000000000000e+00 9.372952603159321825e+02 3.784189237535071726e+01 4.809116950652500009e+02 1.088775625759953982e+03 1.715257798133478673e+03 1.018359003761619306e+02 1.411266388531599034e+02 0.000000000000000000e+00 9.647804340897359907e+02 4.078815930861843526e+02 3.792214054964321690e+01 1.190451613165452756e+02 4.500495008882144710e+00 5.539277049007776399e-02 9.012041617026801532e+02 1.124505256274568543e+00 5.401178049383257758e+02 1.585656282718501586e+02 1.436674107958085358e+02 2.504041780690097028e+02 5.926258561673067788e+02 8.971751178723782516e+01 3.276828676289518398e+02 5.123405356718454868e+02 1.157814678989460111e+00 2.870828556425449847e+02 6.342932185368052842e+02 1.437692708046625285e+03 1.265684759844722976e+03 1.256106959468580797e+01 1.380086646897603032e+03 1.477173468676461425e+02 0.000000000000000000e+00 6.039791021546680322e-02 4.918450601646321161e+02 3.673068933672257685e+01
0.000000000000000000e+00 0.000000000000000000e+00 6.866840919652740922e+02 0.000000000000000000e+00 1.071257254426036297e+03 7.986682904758372104e+01 1.353327297225129314e+03 4.298873765666507438e+02 8.907090398223506327e+02 5.627214368398579154e+02 2.255353997290404777e+02 1.643585396076004956e+00 5.908681542985053738e+02 1.843765320761795863e+02 1.034706153388877965e+03 3.880239705658450475e+02 4.202883167583947852e+02 1.072298810174368899e+00 4.297501997352630383e+02 5.033118922985750601e+02 5.281771235593412257e+02 1.499789207419302556e+03 1.238154040555619702e+02 1.008896370792077050e+03 9.277805196359719275e+02 0.000000000000000000e+00 9.219459147767830043e-01 5.466695016495934851e+02 0.000000000000000000e+00 9.425893007249607081e+01 1.214898263132989996e+03 5.841067275358093411e+02 3.500196305681573250e+01 4.421233251661715258e+02 2.432488070500466506e+02 5.274410136505471414e+00 1.302474065084945209e+01
0.000000000000000000e+00 1.159645575625704851e+03 3.530527867725173223e+02 8.385300030332948609e+02 1.146046226474782998e+03 1.733230151490759852e+01 8.778499867984942284e+02 1.037899728503263532e+03 1.014776045690537217e+03 5.651305230937402939e+02 4.939629663524234502e+02 6.020818290276183689e+02 0.000000000000000000e+00 3.481676312438144549e+01 1.106008243604370136e+03 2.317407222609632811e+02 1.112373664542453298e+03 6.317850211456423040e+02 1.582911432851021516e+01 7.033011536178576080e+02 1.436718049537195157e+03 7.024732707347034193e+02 1.557403093414487216e+01 1.020753456511597221e+02 5.210932891625614047e+02 2.637164898847756067e+00 1.112543216945978884e+03 2.519865426754845572e+01 4.275987752382266081e+02 1.470947659767344895e+01 5.327313486682629673e+02 3.149691827248529989e+02 0.000000000000000000e+00 0.000000000000000000e+00 3.883175792276583138e+02 1.746593788157413485e+01 1.231609627626259318e+01
0.000000000000000000e+00 1.088261674378962198e+03 3.450793129375874173e+02 1.346575668647071552e+03 1.460863637612346793e+02 8.438654769615889961e+01 3.720856978713057117e+01 2.445228698189342964e+00 0.000000000000000000e+00 7.042805459272869939e+02 1.152299419908582934e+01 7.934951986730166027e+02 1.535263096164328829e+02 1.037087567764742289e+03 3.339992134477720924e+02 5.006349351395377312e+01 9.520856259295842392e+02 8.772139159677548150e+02 1.345104035939033110e+03 2.295154158103563304e+02 1.333074210722729276e+03 2.628812292536568975e+02 7.506485217840860313e-01 5.870150399584422303e+02 1.435922794730931173e+03 2.242004279266656113e+02 2.176589045517975762e+02 6.548996562982033254e+01 2.593279599139338032e+00 0.000000000000000000e+00 1.129541896882873289e+03 5.060527117638634422e+02 8.821148483489585246e+00 5.011535931183138359e+02 2.401847287185781852e+02 4.494457486319439568e+02 1.811025308773789106e+02
0.000000000000000000e+00 1.481366738426447910e+03 8.757033769689116980e+02 8.988175554805803102e+00 6.219476620667350062e+02 6.374705937409880789e+02 8.772382454648992507e+02 8.837907686767199493e+02 6.840451649214702279e+00 2.638515840888874031e+00 1.787886288310568546e+02 1.185620701780948139e+03 1.099604604251876680e-06 7.037535859137790339e+02 1.652567957603513378e+02 1.461444945082164493e+00 5.697009713438112612e+02 2.880789529659093162e+01 5.189660511354971817e+01 5.809518957781030934e+01 0.000000000000000000e+00 4.097104519079156262e+02 1.649187011416599489e+03 0.000000000000000000e+00 5.449796143596161357e+01 1.765543474140754824e+03 4.492043164115476088e+02 0.000000000000000000e+00 3.307994694637323505e+02 2.743133078414327315e+02 7.472590163510982393e+02 6.888440124776133189e+01 0.000000000000000000e+00 7.375150828584911267e+01 1.016549664096167191e+02 1.643976231913419284e+01 2.521759443809426102e+02
0.000000000000000000e+00 2.982506990178063200e-02 7.390118204569892102e-01 1.147514179839794224e+03 6.639780837216342206e+02 7.356268069266718612e+02 0.000000000000000000e+00 6.611360444458501888e+02 3.880302355358095383e+02 5.021840309303161121e+02 2.828409497316332022e+01 1.105630831456430769e+03 8.291660459626390534e+00 0.000000000000000000e+00 3.134175422764534460e+02 1.767245404685296819e+02 4.339877005341828919e+01 5.621749718278998671e+02 1.203178255874526030e+03 9.354265972346845501e+02 1.971286444861575262e+02 9.228179861684942580e+02 1.093755596018961569e+03 8.623891297290740567e+02 7.899690955589205714e+02 1.202561339873319035e+00 1.556016044358982242e+02 2.328116382602312626e+02 8.093476041960130374e+01 3.060054912643853653e-01 1.105403920166419738e+02 1.495468752808083650e+02 6.399808435967020159e+02 2.080515423123201924e+00 8.316441932227526195e+02 2.221054851007071420e+02 1.438485695771021938e+03
0.000000000000000000e+00 5.380879885324860652e+02 7.264849030189640189e+02 9.416780413937304957e+02 6.940139009129296710e+02 4.009449877365535144e+02 3.089435970999200549e+02 6.567883896987927983e+02 1.217534929989707507e+03 6.270523254731416074e+01 0.000000000000000000e+00 0.000000000000000000e+00 1.566479337427465452e+03 5.644821709327356984e+01 9.951241476885821839e+02 3.565623086614344288e+02 4.174482405636699589e+00 3.974650606450126702e+02 4.793862802832973102e+02 1.117409404831139227e+03 1.323946155925482060e+02 1.172527238258850502e+03 3.142371343965228334e+02 1.944974408767303657e+02 4.402565099010346898e+02 9.228926029671656295e+01 8.842196744054324427e+02 1.489525511014469146e+02 7.272180087760391416e+02 2.929351307133538853e+02 2.952548847648884589e+02 8.766245535068907202e+02 3.213539134966331701e-01 1.446668826663567643e+03 1.067156783565564410e+03 9.506445305109119772e+02 1.816044084334321838e+02
0.000000000000000000e+00 1.996626668565377258e+02 8.118626269779149425e+02 1.749382672475454683e+02 3.745638250100064397e+02 1.027410772519400780e+03 1.973428075009066163e+01 6.068322688704000933e-01 4.592481035638654703e+02 1.080780795259363458e+03 9.114397577010959139e+01 0.000000000000000000e+00 1.710042285352813678e+03 5.291070436309821616e+02 1.049409053642925073e+03 1.745845834324251769e+02 1.324562277778246333e+01 7.665826129950677341e+02 1.602004953719965442e+03 1.521238686573549330e+03 3.308211794405860218e+01 1.428699778034558904e+03 2.044770593758232735e+02 8.919795533610900407e+01 2.820376539001691754e+02 4.044983873935361629e+01 3.956042233619991180e+02 2.923447471464255045e+02 6.623734052611048639e+01 2.642801159355922778e+02 2.259808460316083085e+02 1.054828029918831589e+03 2.895714407543327411e+02 3.965215126590647454e+00 2.534163540104261969e+01 2.649085393452340398e+01 3.742063456131212718e+01
0.000000000000000000e+00 1.330897335154039354e+02 2.623580376811410556e-03 2.285454701934671107e+02 5.061800881236237615e+02 0.000000000000000000e+00 1.674905604521342184e+00 1.134354032434903729e+03 6.216699193795845986e+02 5.352098458492960731e+01 1.509034506473412193e+03 1.735175434193418369e+03 1.067754620652857644e+00 2.846180996087380208e+02 3.672866256161817091e+02 8.547828036509476135e+01 3.759016512597860515e+00 6.980548615782591924e+02 1.003686103066197717e+02 2.346798974095273422e+02 1.019088251186224511e+03 1.936713647208155180e+02 5.978244497410454414e+02 3.552424897976836178e+02 6.182751974915764777e+02 1.428219657989662217e+01 7.655565308701686433e+01 5.856542085177125045e+02 4.256375024341887414e-01 1.351306627798829041e+00 3.738796736344683609e+02 2.046365908372492015e+02 1.020227069109765239e+01 9.900103601437467660e+02 8.017051303656339769e+02 1.234187558429627643e+03 4.307696114066912685e+01
0.000000000000000000e+00 1.003084167812721375e+03 1.171942615143482044e+03 2.897081396218468967e+02 5.217719013288392489e+02 2.466215189571351800e+02 3.432625117347046739e+02 3.726639352649928014e+02 5.828994698466249247e+01 2.172535365565358489e+01 2.916220723864562814e+01 0.000000000000000000e+00 1.425474406472766589e+02 1.068569219752793515e+03 1.165337089444066351e+03 3.856289528353423757e-01 4.207057793106344548e+02 2.338267155160894504e+02 3.898711972473947753e+02 9.621341876566413021e+02 2.984244616805441979e+02 5.774379027347851689e+01 4.357954506069563081e+02 8.606085510808051140e+02 1.709241453979420839e+03 5.958399987181609347e+00 4.717373912173690655e+02 2.789370277601126880e+00 0.000000000000000000e+00 2.335720104619471158e+02 1.591585477571117281e+03 6.435506376691905928e+01 1.608724112591704170e+03 7.652796112999675415e+02 1.415406920293586666e+02 5.528390474943299751e+02 1.063370077351836045e+02
0.000000000000000000e+00 1.202208932284216871e+03 4.326545476890391484e+00 3.882641172958087594e+01 6.639259276230049522e+01 1.107418542270522721e+02 6.086010499738526391e+01 2.591649081830125212e+01 2.253230531681591842e+01 1.672288857844408085e+03 4.540560238105553736e+01 6.597323510840746508e+01 1.864655241276757636e+02 3.104132534207297454e+02 1.162226967193808065e+02 6.917008975795347396e+02 8.349748240606901390e+02 4.540250963941447537e+01 8.042235444159317694e+02 7.616436139618794243e+01 1.697824901698691136e+01 0.000000000000000000e+00 5.940097803196175619e+02 0.000000000000000000e+00 1.749547549285282173e+02 2.333780320358476104e+02 9.603949133968698106e+02 4.127891156288765728e+02 4.604513267485772499e-01 1.419022855695629460e+03 7.531170750591360985e+00 1.021310224016959182e+03 0.000000000000000000e+00 8.532653033643589424e+02 5.319465918011926533e+02 2.041300588708143664e+02 2.231519560741865007e+02
