output/example_1/lateral_incision_000016.asc
nrows	75
cellsize	13.33333333
xllcorner	0
ncols	75
yllcorner	0
NODATA_value	-9999
[rows 51 to 67 of 75, columns 0 to 36 of 75]
0.000000000000000000e+00 0.000000000000000000e+00 1.243984197536825501e-03 4.824850278182994390e-01 0.000000000000000000e+00 0.000000000000000000e+00 5.421215793777673753e+02 1.536726402182400307e+03 5.294816882105098932e-01 5.252846834010221073e+02 7.603916004357154179e+02 2.304798448176782131e+02 1.541341001475581875e-02 5.629685371327718713e+02 0.000000000000000000e+00 8.533137086477129287e+02 1.078815119575102344e+00 3.692047287718006032e+02 7.095288031697120914e+02 6.863676567554459318e+00 1.310387858000514427e+02 3.873886478714048565e+01 1.047305044169705525e+03 9.743893796710345896e+02 3.150547696670979292e+01 5.168066559952309014e-01 1.905933691163140793e+02 5.141379384676127984e+01 8.527063714304738369e+02 6.945661048383063019e+01 3.619282182079542736e+02 4.512524012731441871e+02 9.328977765834121287e-05 4.151427167548639718e-01 1.197792522807846808e+03 2.030450359804380867e+02 2.979714748621958620e+00
0.000000000000000000e+00 1.534123955855791905e+02 7.433608740989373018e+02 3.433537234468032011e+02 0.000000000000000000e+00 0.000000000000000000e+00 9.503325733970422462e+00 3.380562899884225772e+02 3.786799909742859427e+02 1.524485315751298003e+03 1.079249436444501043e+03 6.213074363135437039e+01 4.004478061612580575e+00 1.588099933477630259e+02 2.529564522653069503e+01 1.262734406819252854e+03 2.376347546912772941e+02 5.146097916275594208e+00 1.023162044909912311e+03 9.997017028475966072e+02 3.771610744168322871e+00 2.032682375918892226e-01 7.940472389941165277e-02 1.286454862594996030e+03 1.472209795305803368e+02 6.029994427021786123e+02 1.309621280251929853e+01 8.427191646595676957e+02 1.599973480977228348e+02 1.426476356450269350e+03 1.421045592541685664e+03 7.396298606645027576e+02 0.000000000000000000e+00 1.041081384751083078e+03 1.196739298713056314e+03 3.063302483478276717e+00 7.836907247546612325e+02
0.000000000000000000e+00 1.577829876092781092e+02 6.984696857582343910e+02 3.603811098196425178e+02 5.947983346627127688e+00 0.000000000000000000e+00 0.000000000000000000e+00 9.778565524438104717e+01 2.486941275961681299e+02 9.487731046677872655e+02 6.834350292780700329e+02 0.000000000000000000e+00 1.351764175045354023e+03 1.052136671962759010e+03 5.830967956604008577e+02 7.621484810820612354e-01 1.360449590619396304e+03 5.666516274622822493e+02 0.000000000000000000e+00 4.667759022983721593e+02 7.490797627668342784e+02 7.881352573507230952e-01 0.000000000000000000e+00 1.406688876424346972e+02 1.115930725574695998e+03 2.002597820760809455e+01 1.163849181079167350e+00 1.605787632969511151e+03 1.069931722223690969e+02 1.123082684459629945e+03 3.801963142657455137e+02 7.750565686313325386e+02 4.804980440664819525e+02 1.328739439078189434e+03 1.175472407498830529e+00 1.490027251369467649e+03 1.191539289433532304e+03
0.000000000000000000e+00 1.502875983061970899e+01 2.059787942388050297e+00 4.537799248056808921e+01 2.575133873456000444e+01 0.000000000000000000e+00 1.135660048704734729e-07 0.000000000000000000e+00 0.000000000000000000e+00 6.660833997932765404e-04 7.589424838475220783e-05 1.701578466188165351e+02 0.000000000000000000e+00 1.075925857595757762e+01 1.004250990100362060e+03 5.793693052488134649e-05 7.348539374265936885e+02 1.536709879436173878e+03 4.420766218122142845e+02 1.026807415246323352e+01 2.787572984114365795e+02 9.767397247239156144e+00 4.179845871861717112e-03 2.559759672579895664e+02 2.679795357105250631e+00 1.367293193982876801e+03 6.089493245595958797e+02 3.175592505312258140e+01 4.220756690747230522e+01 0.000000000000000000e+00 1.024809813258105351e+03 2.212467422633380210e+01 3.664165400742296441e+01 6.924703305399953024e+01 5.451910677175419551e+02 9.111372858178857541e+02 8.512309225355962781e+02
0.000000000000000000e+00 1.562062156870884337e+03 2.830560514318573269e+02 3.980555183581678307e+02 1.932481910276385406e+01 2.571964999996949075e+01 0.000000000000000000e+00 0.000000000000000000e+00 3.550616058945139645e-06 0.000000000000000000e+00 1.032222820938239787e-06 0.000000000000000000e+00 3.840364267860449723e-03 1.258972584708749132e+01 9.675736306365141814e+00 6.579950685938380275e+02 0.000000000000000000e+00 2.873915158778880254e+02 7.145639967974208275e+02 2.787808797357259323e+02 5.254772633702581075e+00 7.864627799544631870e+00 2.487419340389766657e-04 5.402725250252448177e+02 7.777822176543651267e+01 4.553371421585164853e+02 2.260353948430650348e+02 6.914804136698288630e+02 1.715267785442813874e+03 0.000000000000000000e+00 0.000000000000000000e+00 5.298411790513116557e+02 3.446190794031001587e+02 1.263435840817652206e+03 5.030875050509120427e+01 1.473514363513192166e+03 0.000000000000000000e+00
0.000000000000000000e+00 1.950395446844661365e+02 2.614157464530189259e+02 1.146030543065854999e+03 5.342294425812367535e+02 2.456512911448764385e+02 7.510585205006580445e+00 0.000000000000000000e+00 0.000000000000000000e+00 1.032222820938239787e-06 0.000000000000000000e+00 3.865066979256656584e-10 5.799158913076285808e-05 3.577572810169155737e+00 4.086631229643191254e+00 1.763655904709536415e+01 2.117346130897637124e+02 7.988841880453072974e+01 6.629016861958494822e+00 1.709841442310287505e+02 9.640506589957823280e+00 0.000000000000000000e+00 4.317259198193780634e+01 4.268376949518687624e+00 1.569957979063013624e+02 7.094695252609078961e-01 6.620871055409553700e-07 3.811050976489560753e+02 1.227163341169787572e+02 6.864641481241858401e+02 6.616834469238589200e+00 0.000000000000000000e+00 1.710400020060310453e+02 5.570738682606803422e+02 1.633978598020245499e+03 5.103909390483202912e+01 9.059179235954310343e+02
0.000000000000000000e+00 5.515474663029640823e+01 3.180625909271596470e+02 3.148753136645925110e+02 2.275738287323561053e+02 2.865218774989684221e+02 1.078351102901525138e+02 4.862071429534465778e+02 2.503209777311293793e-01 7.264306550595432554e+02 0.000000000000000000e+00 2.302235548513747447e-09 6.260049252717586549e-07 2.405332064189023795e-06 9.016517984116718769e-05 1.124456733257974239e+00 2.019348902056936762e-03 5.102270978972559767e+00 0.000000000000000000e+00 7.010602156918054690e-08 2.176350979998743218e-01 2.996248654600246297e+01 3.244083147700051878e-04 2.496997734309692844e-03 4.660393222029972756e-05 9.525419821356988584e-05 4.187844236854216607e-04 2.854810074134848605e+02 2.254300669381888866e+01 2.520823573858162945e+02 0.000000000000000000e+00 0.000000000000000000e+00 2.088551643424874271e+02 5.053120479939434517e+02 5.294448813540755054e+02 1.092440690802637164e+03 4.224141379229739535e+00
0.000000000000000000e+00 0.000000000000000000e+00 1.054354654750812188e+03 1.904972300635193108e+02 2.272658482107436555e+02 1.296825222105658426e+00 1.933565058126587815e+02 7.144395677054712905e+02 4.185039922901794398e+02 3.549550645123223376e+02 1.041583623326266206e+03 4.148725812611601214e+02 6.954831351740890000e+01 5.683800091624123496e+01 0.000000000000000000e+00 7.769067801540751358e-05 4.141117930131502363e-06 3.576616336343329298e-06 0.000000000000000000e+00 3.076812305902339517e+02 6.535617819322989419e+01 4.228523146197905164e-06 2.705003296621339359e+01 4.722400647480299085e+01 1.553601039492608776e-03 8.483171705167219610e-04 4.630990740248225324e-04 1.729002560170989555e-03 1.218781931602417359e+02 9.929521392701319726e+00 3.797906222376410312e+01 5.034556113999566875e-04 6.151146529886323577e+01 0.000000000000000000e+00 7.824904605788707386e+02 2.102059812415085617e+03 8.350646412866364017e+02
0.000000000000000000e+00 7.259915943632211111e+01 1.208600772790645266e+02 4.637358008734861983e+02 3.348977519177668949e+00 2.185468118523868100e+02 3.154872493193745413e+02 6.690439429233313717e+01 9.313872044487097810e+02 9.427104197762280080e+01 1.462484294184021110e+02 4.110403710805249133e+00 0.000000000000000000e+00 5.587120109052211570e-01 5.844573479047670617e+01 0.000000000000000000e+00 9.501547108780318274e-01 3.745819899352995970e-05 6.291573269986080277e+02 2.518881411089347466e+02 5.962936618061133842e+00 9.307240780470063157e+01 2.801409166687171250e+02 2.367217598457811633e-06 2.620985803949381534e+02 0.000000000000000000e+00 0.000000000000000000e+00 8.680624633911856236e+00 2.569920481211128163e+02 7.308562669141177537e+01 5.128269938761355284e+00 0.000000000000000000e+00 5.787684901798249939e+02 1.366469165322849655e+01 1.322913050287458191e+03 1.418838394859698440e+02 1.447859547075827095e+03
0.000000000000000000e+00 6.014287184456991326e+02 1.027067362565405347e+03 2.251241718182169791e+02 1.051904224494815026e+02 5.732661446288983598e+02 8.926418478656882316e-01 3.181364079895287773e+02 1.432358080041057633e+02 8.800632673479982770e+01 1.115398641918758074e+02 2.588226560112822199e+02 6.956886466153541448e+01 4.321955616579840580e+02 4.419705502153663588e+02 9.215609319752846318e+01 1.384234076905962486e-02 9.452412481439999681e+01 4.612012046226212192e+02 1.820170720167944654e-06 3.426812369914145506e+02 5.125706131643244134e+01 1.452538912916693903e+02 7.856517967055359009e+01 5.496456041911401371e+02 1.764607124113401682e+01 1.901902181892207864e+02 3.231025657641577595e+02 8.858402341680655354e+02 8.769262728728331041e-03 1.324551522033376649e+01 6.363284414613314902e-04 3.964466341153085978e+02 6.038307689815148649e+01 1.667589134539118163e+02 2.713046877738817031e+01 1.508878893211923469e+02
0.000000000000000000e+00 6.793018827930105772e+02 0.000000000000000000e+00 3.201794645086590663e+02 1.074027908427246075e+03 2.978538060121434228e+01 9.680132683171394081e-02 1.377504977717837392e+03 0.000000000000000000e+00 8.746011975555111349e+02 4.167012527782127336e+02 1.729998039133919576e+02 0.000000000000000000e+00 5.625220506817278192e+02 9.454302570746535821e+02 3.695925434603416875e+02 1.323695852234561926e+03 3.703674892718036205e+01 5.506461019871090201e+01 1.239822697005303326e+03 6.284114826170404058e+02 0.000000000000000000e+00 9.756961282758476273e+02 3.646765229849758327e+01 8.014970678339846017e+02 2.196030063233752117e+01 1.362107103885321294e+03 1.157759806836576587e-06 1.580184159171194267e+02 2.028790746247305776e+02 0.000000000000000000e+00 8.325172891768920793e-06 1.923993413413288636e+02 4.732330520578048372e+00 1.012525698761883177e+02 1.408369150999604601e-02 1.973535447404489718e-02
0.000000000000000000e+00 8.699063842208422770e+00 7.317914825804731436e+02 1.717596206105180272e+03 9.477806234852769762e+01 6.611846869413438981e+02 1.472410093997264539e+03 0.000000000000000000e+00 2.690233419869040290e+02 7.917404256430859277e+01 1.681082041879779183e+02 1.199652243998106798e+02 5.092309060233165496e+02 4.506078972138463428e+02 2.446995148756075480e+02 7.784242235475293228e+02 1.128458968411971455e+03 8.524436334222694995e+02 4.489314020809869743e-01 3.557643421002788955e+02 7.575397576630884089e+00 8.746466036168074609e+00 5.259348565593626290e+02 5.735559122385699311e+02 0.000000000000000000e+00 1.394901781987820399e+01 1.544796060620122091e+01 1.068722358306097703e+03 8.350775332636798112e+02 0.000000000000000000e+00 5.975860862797179873e-01 4.198671893425490254e+01 1.472709095355370090e+00 2.981854841525905658e-02 1.568106343819797386e-05 7.851330146115086778e-06 2.880798839205363790e-04
0.000000000000000000e+00 1.010654966015956347e+03 3.222963555431887506e-01 2.292002197751547676e+00 3.177757233323432047e+02 1.715184956442187286e+03 7.632930581034158877e+02 1.062107524192259120e+02 1.350969436534626993e+03 1.381117666924902387e+01 0.000000000000000000e+00 3.717902602740256839e+02 6.284313777039587379e+00 2.433573178971183211e+02 8.484544951649099858e+02 3.770810796204727353e+02 2.831679747982098050e+01 1.662645895385885240e+02 6.724879555289819564e+02 1.274420189370474930e+02 4.986504523547002918e+02 0.000000000000000000e+00 1.407527862156773836e+03 3.893790799793612791e+02 1.108941363334765526e+02 8.036382011079546146e+02 1.102241637019271593e+03 0.000000000000000000e+00 4.439247420109301174e+02 9.919383427927376715e+02 4.089174729677037590e+02 3.485129159532456811e+02 7.477627994278503998e-01 3.160689781317817942e-02 3.086527488611764611e-02 5.568700660486307569e-04 6.877805692577178220e+00
0.000000000000000000e+00 1.355838391344625791e+02 6.298627465982560807e+02 1.331394081783064394e+03 2.445749381576737491e+00 2.049147965528214144e+01 1.734410505620979492e+01 3.638805165696442714e+02 1.582697166556453567e+03 1.293129729929420932e+02 1.368942822784097871e+03 8.746309353610039352e+02 1.764846573774192962e+02 1.099269399187992349e+03 2.018038401181776820e+01 1.502657789473019193e+03 1.490154008129296415e+02 1.458474886921922462e+03 1.845754447808646432e+02 4.949436801163647033e+02 6.469583313696059577e+02 5.157516926434542484e+02 7.175966524482822706e+02 4.602893366694071453e+00 4.065467658829637116e+02 1.706640490887459464e+03 1.041354959667701081e+02 3.575694731311962187e+02 7.342616630990451916e-06 1.209715269306311993e-04 7.248898338099483851e+01 1.515638242089461796e-01 8.545265206787843226e+01 5.097258260814527819e-01 2.675616920841498991e-02 7.230176778201226817e-04 1.520112467286509528e+01
0.000000000000000000e+00 6.567415308983774480e+01 4.393782443578886920e-01 2.573137890575197002e-03 3.126848928470244573e+02 8.399489404987881471e+02 1.568682799088496267e+03 1.628278542120365768e-01 2.104016948911392504e+01 2.961174655692212241e+02 8.843982511140713996e+02 1.025818427328032612e+03 7.138356884073580204e+02 5.847185925954540835e+02 3.029004695035476971e+02 1.752073857039513314e+02 2.579721531252260434e+02 1.858482716041090441e+02 5.017774561325393989e+01 5.975343887260047495e+02 5.830874554325684578e+00 1.716566955317261545e+03 1.614888542810979821e+00 1.707071599588037998e+03 1.510801827728139415e+03 8.081275942203907334e+02 1.106880690715075161e+03 6.285677014304656751e+01 3.489416091595722378e+02 6.211028724094683184e+02 1.583783722849132118e+02 4.111175021989783431e+02 0.000000000000000000e+00 1.692271956274845763e+02 1.419534796504213503e+01 8.979435580128611871e-01 5.213403946986097708e+02
0.000000000000000000e+00 0.000000000000000000e+00 1.034665521565193062e-08 8.339862926412540389e+01 1.368327515194324125e-04 4.367308249209088996e-05 0.000000000000000000e+00 4.130222643309791124e+02 1.005198061529760025e+03 1.248492794972423603e+00 6.715534260765478436e+00 1.034175023376514790e+00 2.128785536468869921e+00 8.801963702081693208e-01 0.000000000000000000e+00 4.225066698742313065e+02 5.506609879358286435e+02 1.096028685627281675e+03 5.450099634651951419e+02 6.591104766463870419e+02 2.578874820091776883e+02 1.487154393101018741e+03 0.000000000000000000e+00 9.475516364657147506e+02 3.976541491384114124e+02 7.975544311107717022e+02 8.128227389571269441e+02 3.285273760832885159e+02 0.000000000000000000e+00 6.638073046020478429e+00 1.703062134374848213e+00 2.811721062266850595e+02 3.142802573813886981e-06 6.401472800429221479e+02 1.763639012472304103e+03 3.666576465743830227e+01 2.555174765244178445e+02
0.000000000000000000e+00 1.746812802290955233e+03 1.541618927138799506e+02 0.000000000000000000e+00 8.607704315783458071e+01 6.525225362955430342e+01 1.847989146866217547e-05 1.376297094235936451e-09 7.578366121832780244e+00 5.541945032874276933e+01 1.240031927308156128e+03 1.046810397656060786e+03 1.627565422056198486e+03 1.285816468111044628e+02 7.523339819810995550e+02 4.544305276727803045e-01 3.446701502441502498e+02 0.000000000000000000e+00 1.446456604023840555e+03 1.306102007731586355e+03 5.140750826229309496e+02 5.268088091501798687e+01 4.787386439148049817e+02 1.070560096213017914e+03 0.000000000000000000e+00 5.210499769513000956e+02 3.762256127401729486e+02 6.294075815699161467e+02 3.242432871430900150e+02 1.659124388450994502e+03 9.758594343935054667e+02 1.934995644056571678e+02 1.171439395455573049e+03 7.985660112238439297e+02 4.889295127005231500e-01 1.384640611531173136e+02 9.263289593378442532e+02
