output/example_1/lateral_incision_000183.asc
nrows	75
cellsize	13.33333333
xllcorner	0
ncols	75
yllcorner	0
NODATA_value	-9999
[rows 51 to 67 of 75, columns 0 to 36 of 75]
0.000000000000000000e+00 4.749612256295633017e+01 3.322165437124741061e+02 2.252626515019080067e+00 0.000000000000000000e+00 0.000000000000000000e+00 6.309692390946879641e+02 7.737898783087922538e+01 1.135638466722763269e+02 1.687783248733032053e+02 7.521930582973570267e+01 1.125481434242175510e+03 4.935974012047515680e-02 4.721430692579608035e+02 5.238680773091499532e+01 2.589870353744576619e+02 3.691950695459463105e+01 1.727328453325572468e+02 1.653684680234984512e+02 3.742386983072621964e-01 9.771942750655410181e-01 7.747848605572024150e-01 8.765300602789794766e+02 1.298814179653988106e+02 2.686722404354120908e+00 2.396490964196390507e+02 0.000000000000000000e+00 1.098394847850095779e+01 5.430487729625057227e+02 4.543458720095062908e+00 2.761600933072896282e+02 0.000000000000000000e+00 7.374396444957692438e+02 7.995038137382073273e+02 2.598013697932634045e+02 0.000000000000000000e+00 1.172758336531557006e+02
0.000000000000000000e+00 7.495434986009335034e+02 1.491727550338539004e+03 5.947502695236602221e+02 1.572074167571562953e+01 1.212027575480543184e+01 1.800674628102402153e+01 4.661741264733843764e+02 4.611686633739989247e+02 2.268461709971293416e+01 5.918503747689866401e+01 1.380068336863897969e+02 0.000000000000000000e+00 7.694091410401083131e+00 1.675157373288341489e+02 7.736323092134317569e+00 5.683487791478975169e+02 2.081847618492187451e+02 2.476803390898075463e+02 8.963286945620474455e+00 3.628850062778513319e+01 2.489026486762833112e+00 1.304726687756806314e+03 1.179818275677357178e+03 4.993632085656529718e-01 2.225703468948594832e+02 9.814812604623308516e+02 0.000000000000000000e+00 2.329611378594450741e+02 2.927050204170342340e+02 1.387928013281917853e-04 3.959169227510533347e+02 5.609129398942598499e+01 9.653587960027958843e+02 1.530769857493080508e+03 0.000000000000000000e+00 0.000000000000000000e+00
0.000000000000000000e+00 6.055167908724661174e+01 2.152156957041878513e+02 5.659956625664214016e+02 1.106801196363495592e+03 1.623369104198639207e+03 2.310499297960212175e+02 1.082688793533472165e+02 2.915286157217613550e+02 4.882163714117934461e+01 2.945519654680891009e+01 6.967205753085447668e+02 1.805772317603369093e+00 2.838609980617316708e+01 9.465985867259204767e+00 1.051257286688371693e+02 1.002384960710569771e+03 9.682400721459988091e+00 5.201562927917848356e+02 6.275679562671459735e+02 0.000000000000000000e+00 4.699798634931307788e+02 5.342449567731190427e+02 3.163331531713880374e+00 4.726994864463601402e+02 9.156636231823637218e+02 1.112621484655125315e+01 8.115359916666041045e+02 9.431326248145676345e+02 2.506871221443192965e+01 8.390208030571658355e+02 1.453539884870893957e+02 0.000000000000000000e+00 5.246287433995524196e+01 7.342705423371535289e+02 4.656799196539692098e-01 5.560687208116186184e+02
0.000000000000000000e+00 1.068052127053604636e+03 2.613032858225069077e+01 5.555595405554342392e+00 4.050078397233038885e+01 1.714160061159383986e+03 6.998919803341941588e+02 3.956687322376124598e+02 0.000000000000000000e+00 8.757040067058312616e-01 1.659525015650819446e+00 4.365994866957940985e+02 1.281496527629681692e+00 7.228695138056795422e-01 6.796713904267811586e+02 4.428771664064115043e+01 3.081288248840908750e+02 4.368696119431044167e+02 6.035288159384410847e+02 1.026807415246323352e+01 1.167112089738252735e+03 1.267191170488424859e+03 5.520251041777235059e+02 1.630522686018456824e+01 5.616554356138698267e+02 1.175578852252914203e+03 3.917580048661445744e+02 1.391763843816181634e+02 1.992649643499371734e+02 8.245155810077676506e+01 6.811253926291840344e+01 4.149794395721573892e+02 2.822865647346807236e+02 8.770090870101931841e+02 4.882590948613627546e+01 1.097849689342246393e+03 4.189975463088622676e-01
0.000000000000000000e+00 0.000000000000000000e+00 9.402483903109836092e+02 5.264051371159038126e+02 7.514913365732817283e+02 1.410212929814082550e+01 4.240602923105639093e+02 3.147339596216895430e+01 4.981441986651890375e+02 0.000000000000000000e+00 8.097542696337769996e+01 0.000000000000000000e+00 2.216908943618987564e+02 1.826733850434602857e+02 1.001155424930412437e+03 1.470541499410920494e+01 7.274905172355975083e+02 1.458041920039488275e+02 7.827299241093310229e+02 3.326003936477926004e+02 4.142320411842833323e+02 1.243085671981803841e+02 5.339084885538159142e+01 0.000000000000000000e+00 3.214271840358007921e+02 1.482550912043439268e+02 6.896793553936744274e+02 7.697518718050416737e+02 1.204211765743963952e+03 9.582900105390305612e+01 3.898879869323078537e+02 3.604212333388842353e+02 7.332784797681958366e+01 6.469356742927006021e-01 2.319187494857625040e+02 6.469356742927006021e-01 4.212338263557834352e+02
0.000000000000000000e+00 4.113801975638628505e+02 1.013078748029330995e+03 1.177111869579006452e+03 5.788080159551451516e+02 1.384457819102689882e+03 5.465972046469182111e+00 7.106693577791367566e+00 5.129796346408129892e+01 7.232063728917495493e-02 0.000000000000000000e+00 8.336563538417852970e-02 1.136415624533924529e+02 2.572815371013697572e+01 3.654680502284220438e+02 1.229091019934335236e+02 1.450733259427716803e+03 0.000000000000000000e+00 1.157625013257892022e+01 1.763189530000802279e+02 1.943497887278589520e+00 6.154916190076571425e-01 1.358628965276910208e+02 1.737384166301324484e+01 8.303466190916797984e+01 3.471650284317490787e+01 8.073885961672802978e+02 8.231349427040801174e+02 3.428141389971482340e+02 1.387269507538921971e+02 4.866777384033249376e+01 4.433427572382386472e+01 4.423126843655295488e+02 0.000000000000000000e+00 4.134175921011014907e+02 1.114194091586184186e+03 5.138741784820034582e+02
0.000000000000000000e+00 6.485418286797550991e+01 0.000000000000000000e+00 0.000000000000000000e+00 8.266451536131672810e+02 1.267947236394558104e+03 3.787754241321279096e+02 8.316098274977715619e+02 3.422270564205767300e+02 8.976994651588022407e+02 4.078815930861843526e+02 1.589130645772087291e+01 4.232473632863531066e+01 1.331450054846974126e+03 7.632342963516601912e+02 1.558192649477417433e+02 1.946527030642886302e+01 5.290958844408572759e+02 1.585656282718501586e+02 1.436674107958085358e+02 2.706624370217606952e+02 1.551576587896979390e+03 4.198151511567736471e-01 1.020473871685884887e+03 3.842325164863849523e+02 1.858041291817940532e+01 1.239155155104768937e+03 4.186850218845525546e+02 1.968989142300664241e+01 5.232827839658632456e+02 6.050735679446312361e+02 0.000000000000000000e+00 3.876898324250654504e+00 7.707303946642003893e+02 8.146475119663381292e+02 3.472083028513616796e+02 1.621005718952753138e+00
0.000000000000000000e+00 0.000000000000000000e+00 5.314333962305497607e+02 1.251710449574230324e+03 1.071257254426036297e+03 3.081338130114578178e+01 2.645587807495418247e+02 7.798022223129909207e+02 5.070592853826913711e+02 5.627214368398579154e+02 2.255353997290404777e+02 1.643585396076004956e+00 5.908681542985053738e+02 1.084025895909658630e+03 1.321855068766948989e+03 2.278168786985677343e+02 1.479749407402260204e+03 1.072298810174368899e+00 4.297501997352630383e+02 5.032976196208529700e+02 1.282011564274429020e+03 1.330956877247484726e+02 1.797520083468818086e+00 1.370744236702066019e+03 9.029792420881522048e+02 3.382752713386718142e+02 1.304167731083441311e+02 1.184377271244065923e+03 2.203875139056568599e+01 1.883023316260948548e+02 3.399757305408375032e+02 1.056846850675230144e+03 8.611640400779549509e+00 6.053280352194309266e+00 3.939656027505548650e+02 6.068514133324746354e+02 3.792235982938802294e+02
0.000000000000000000e+00 3.820924347642373391e+02 9.701613404502229514e+02 5.869896965815795511e+02 3.064494660284490806e+02 6.690694361936793939e+02 5.520808147124719198e+02 6.690439429233313717e+01 8.343204901906013902e+02 5.651305230937402939e+02 4.939629663524234502e+02 6.020818290276183689e+02 0.000000000000000000e+00 5.587120109052211570e-01 1.057135098329661332e+03 2.316062847300370038e+02 1.064729998428975705e+03 6.314572487329729711e+02 9.311831251808023353e+02 1.121172065321058255e+02 3.567731062109435811e+02 8.041855243355279299e+02 1.154618718853650137e+02 1.002658346088168173e+02 5.778260820953516941e+02 1.239947955231089736e+03 7.919658799697997438e+02 1.859713111791442586e+01 4.009186764658088720e+01 5.689027842238246757e-01 5.020312802746018406e+02 3.121960222269763108e+02 4.600395243451937688e+01 1.422401353557817401e+03 1.207652625216021988e+03 2.631784535457823608e+02 8.040170088544003875e+02
0.000000000000000000e+00 0.000000000000000000e+00 1.512522707576777066e+03 8.819077111800601720e-01 5.366510968149021954e-01 6.416427213597825130e+02 3.720554705255951689e+01 2.445228698189342964e+00 0.000000000000000000e+00 4.752576201010308523e+02 1.177145434479642677e-01 5.134367147217644742e+02 1.523009819388389360e+03 1.030208913334161480e+03 3.339992134477720924e+02 5.006349351395377312e+01 9.520856259295842392e+02 1.983656560540644591e+02 4.202224758107307139e+02 2.332791500399395801e+01 0.000000000000000000e+00 2.193529874012813252e+01 5.026941914773245479e+00 2.312945716743981706e+01 3.468199017928674266e+01 3.241767834336244647e+01 8.683822446418854497e+02 2.948685500742091392e+01 1.317009312424021118e+03 1.051944037963836536e+03 1.126948617283733938e+03 5.059361522393560904e+02 1.313411380865304864e+03 1.161015133328322122e+02 1.591075458830351295e+02 1.486776951735975672e+03 2.473130627271679884e+02
0.000000000000000000e+00 7.060340545130867440e+02 1.901626279416138345e+02 1.086711530089999542e+03 1.964551376899937338e+02 1.031170908503999186e+02 6.290250177834237775e+02 8.725803040544718669e+02 6.718027903435951131e+00 6.281797787874728556e+02 3.051786589028390608e+02 5.898219770524741534e+02 7.575670597637279116e+02 3.672487266201769351e+00 4.828672510911310383e+02 1.461444945082164493e+00 4.364439439692792462e+02 1.223870951052866296e+01 1.356392198623885115e+01 4.964077306969014103e+02 1.599393352159656615e+03 1.535877758897378044e+03 1.102469418766405624e+02 2.219527112821681669e+02 1.017304958046840397e+03 9.023084353961232864e+02 3.482740277343621926e+01 6.536825079962732161e+02 3.307994694637323505e+02 2.716366290728377635e+02 1.345046529080352684e+02 8.481135888414846704e+02 9.653636655663420925e+02 6.314046453211069121e+01 2.263351326153930131e+03 1.416227627365764192e+03 0.000000000000000000e+00
0.000000000000000000e+00 8.766534088856783455e+02 2.887223807995239326e+02 7.720691514044912083e+02 2.785929431300305623e+02 3.919579890941955114e+02 0.000000000000000000e+00 6.611360444458501888e+02 1.975782630715360426e+02 2.559583605387591732e+01 6.833661787672932633e+02 0.000000000000000000e+00 1.423821256130254596e+03 0.000000000000000000e+00 7.215388154640177163e+02 1.766488868401355035e+02 4.339877005341828919e+01 2.415020999531074075e+00 1.013888842135789673e+03 6.900821437007331269e+02 1.312848771628270697e+03 1.330134431127921744e+02 1.387053247306571393e+02 1.104014677223638955e+03 0.000000000000000000e+00 7.386879593279728624e+02 6.923032420010265753e+01 1.055862689833723607e+03 8.093476041960130374e+01 2.214847930625613581e-01 5.077323096742616144e+02 9.279208563537449095e+01 1.991594432217146675e+02 3.304656279027254868e+02 7.339028051681043507e+02 2.091061615146408670e+01 3.413299222741515564e+02
0.000000000000000000e+00 2.606344099809597878e+02 3.115728406812119147e+02 9.416780413937304957e+02 6.940139009129296710e+02 3.446374515632865609e+02 5.045819081410474194e-01 6.534943713260126970e+02 1.202034745023997402e+03 3.469364168080371655e+02 3.297759637558019108e+02 3.478213114754615276e+02 2.358352243084319255e+01 1.551566022497070492e+02 4.733895536713256291e+01 3.565623086614344288e+02 4.900621066037710556e-09 1.258100834548196190e+02 2.629985153887645311e+01 3.549107938328891692e+02 2.452271310357927170e-01 1.509945693473008077e+03 1.437003242825846428e+03 2.080130032508069604e+00 1.168597687983604146e+03 2.868139888414913230e+02 4.365097706335592420e+02 5.566744646737512312e+02 7.208246012163259593e+02 2.928216858376651430e+02 2.374873741284735615e+02 5.962907126980553585e+02 3.912536653044854233e+02 1.560205091144431435e+03 3.704217225210842201e+01 1.317853466323417251e+03 4.903151672542167034e+02
0.000000000000000000e+00 1.811395420326521446e+02 8.118626263429080154e+02 1.748205462164522714e+02 1.978012554237432141e+02 1.371696622627426265e+01 1.198511667327778468e+03 4.209159935992527153e+02 5.617073804354264155e+01 6.766939575564231291e+01 6.441913014499065184e+02 2.680348355182921978e+02 9.679970399074347824e+02 8.476142859549211153e+02 3.501104763295572866e+02 3.686114551115277749e+01 1.324562277778246333e+01 7.599775296858622369e+02 7.528822563039450415e+02 5.818954802069704328e+02 3.227090111450258405e+02 5.702729316116721066e+02 6.775931469148957831e+02 2.846707144390402959e+02 0.000000000000000000e+00 0.000000000000000000e+00 2.604664276744144331e+02 0.000000000000000000e+00 6.623734052611048639e+01 2.550580934791961738e+02 4.837769485614551286e+02 9.655264690088125690e+02 7.012362460052531787e+02 1.081588077004232218e+03 6.611786953850510296e-01 1.278083761314092044e+03 4.257108663425402142e+02
0.000000000000000000e+00 9.651977968957799021e+02 1.597064518817042966e+01 5.730367747557236271e+02 4.205283722164361393e+01 5.043069458876128692e+02 1.140694662330495021e+03 1.769164566627267504e+03 8.041678899833277683e+01 1.498197513971789249e+03 6.585209526997994089e+02 5.921375129383077365e+02 0.000000000000000000e+00 1.257835523303439459e+03 1.034371626644539743e+00 1.131313548083674732e+03 9.004496004610674618e+02 4.225193707179477620e+00 6.717201586678803551e+02 4.344388819079663335e+02 5.266730994467819471e+01 1.801056823328293603e+02 4.566601978005068645e+02 1.523987900910434746e+03 0.000000000000000000e+00 2.797395281794869675e+02 6.284765434078702810e+02 7.593566541618267820e+02 4.256375024341887414e-01 1.868218020980966685e+02 9.199404389016730477e+01 2.350643458522922060e+02 0.000000000000000000e+00 2.424979379236164050e+02 5.205364531299338751e+02 4.584028986550173101e+01 4.262142976693104401e+02
0.000000000000000000e+00 2.062514936859060199e+01 1.149220178131438397e+00 6.387428164219470261e+01 2.200722529971835328e+01 3.147819940116133353e+01 3.951713420119114062e+01 6.308871001911474252e+01 0.000000000000000000e+00 0.000000000000000000e+00 1.923366595353737125e+02 0.000000000000000000e+00 8.259673464369913631e+01 8.951060054238968178e+02 3.411504730358104975e+00 1.239804478868252090e+03 2.490298631744951308e-01 7.354570564109128554e+02 0.000000000000000000e+00 3.866656640014904269e+02 2.984244616805441979e+02 4.271926453268292079e+01 3.222444716788247092e+02 1.145676233814338730e+03 3.011466502954149860e+02 2.723037270869621693e+02 4.340998300922913131e+02 0.000000000000000000e+00 4.751669333922870351e+02 2.544331623021220139e+02 1.392498115050530316e+02 1.723402483122242074e+03 1.607544485898676783e+02 4.023141969892428449e+01 1.948154614523759278e+02 6.627952407517678068e+01 2.993287992402592934e+01
0.000000000000000000e+00 8.505414093644653803e+02 9.055153893562111307e+02 1.491156328169742210e+03 9.798195242324204628e+02 3.200020864462397299e+02 2.924433475565531992e+01 8.750740948454721320e+02 0.000000000000000000e+00 0.000000000000000000e+00 2.086697243995569124e+02 1.569160642167735205e+03 0.000000000000000000e+00 5.230588276552145999e+02 9.629643820524734110e+00 1.214113894257112179e+03 5.802088608303929504e+02 2.236480060213380057e+02 6.899456364553959702e+02 6.761561182503730549e+01 9.664647592058251746e+00 0.000000000000000000e+00 5.731876984331859148e+02 9.113594478905343976e+02 8.852530008698742403e-01 5.189007836254246513e+02 0.000000000000000000e+00 2.575245672538074473e+02 3.111615006140075366e+02 2.387522308063159073e+02 1.143286129518509142e+03 2.473445395252685586e+01 8.941590465689071152e+02 6.940472357978204627e+02 3.040026635136197797e+02 2.686644981777118080e+00 2.230846207697332204e+02
