output/example_1/lateral_incision_000277.asc
nrows	75
cellsize	13.33333333
xllcorner	0
ncols	75
yllcorner	0
NODATA_value	-9999
[rows 34 to 50 of 75, columns 0 to 36 of 75]
0.000000000000000000e+00 1.483675272438168349e+03 3.650142848739562851e+02 1.511972515970968516e+03 2.712100268832047618e+02 5.572436769836907189e+01 8.009480295380589041e+02 7.340546900401907351e+02 5.278476178388133349e+02 3.527275482792604180e+02 5.779604599691421072e+02 6.131719718406228594e+02 1.244204819945098563e+02 6.286744381521231873e+01 6.201100613975696660e+02 5.438105097860858450e+02 0.000000000000000000e+00 0.000000000000000000e+00 3.027434493910085678e+01 8.658353791635556718e+01 0.000000000000000000e+00 1.175639198391904756e+03 9.535742157103835552e+02 2.997295809847419168e+00 1.660067054805550981e+02 1.504048907678802834e+03 4.182314573635507848e+00 2.168156266663829683e+02 6.350237268846583447e+02 2.670816557833462070e+02 3.611611101027505697e+02 5.983879879722887374e+00 5.595017008519031378e+02 1.091901204987662595e+03 7.301249901224175574e+02 6.737619727062885033e+01 5.899614318043226149e+02
0.000000000000000000e+00 1.683793573142698051e+03 8.691590862451546684e+01 1.558374286045446979e+03 1.016629295404704180e+03 1.401396070647707575e+02 1.583762163523310164e+03 5.927841644517766326e+02 7.321173078565689138e+02 2.139466921229753638e+01 1.625780985189198191e+03 7.690897158812732641e+02 1.392949463117509595e+03 2.364755153338080618e+01 1.043477472021381345e+03 3.709928920387121138e+02 5.669447712836413444e+01 1.410056354782483368e+03 6.634056620369019583e+02 1.996141986281058962e+02 2.714243334481831766e+02 0.000000000000000000e+00 5.955944431515179076e+02 4.158051766265352711e+01 9.182395271873176625e+02 1.585073027672946182e+03 1.301937596293635124e+02 0.000000000000000000e+00 7.858005920457327598e+00 4.655145328873266521e+02 6.349923432990091214e+02 3.702605457541528153e+02 5.139775231249941498e+02 1.201817282880555695e+03 1.188739868407308904e+03 1.404355567407657190e+03 9.316462287206897486e+01
0.000000000000000000e+00 1.174483409457113510e+02 5.717635621897792397e+00 6.538804145549457303e+01 1.691592394811803501e+02 1.102713163377766108e+02 2.173390312675333291e+02 7.952908232416736212e+01 3.861490290766133882e+01 1.190821476452501656e+03 4.909850828085961325e+02 9.729144423240444484e-01 0.000000000000000000e+00 0.000000000000000000e+00 1.607113398598773557e+01 6.377972610258326540e+02 1.547870448311843802e+03 1.350974214201202450e+00 8.933978250216753167e+02 8.036044582808343648e+02 2.106356707102822767e+01 1.007353994238758617e+02 7.585283725017431777e+01 1.994214425144347729e+02 1.280276552128575076e+03 1.568190032893999160e+02 1.313492450156875066e+03 1.400870561894337015e+03 4.048217790351976042e+00 7.059599877171220328e+01 3.175555243476616329e+00 1.071096626474907776e-01 3.194838869333505045e+02 0.000000000000000000e+00 9.601343137935305805e+00 7.794803235656165725e+02 9.586850617315020600e+02
0.000000000000000000e+00 7.647263166900833085e+02 1.358405104274623682e+03 1.206429849087246112e+03 5.701856256744532629e+02 7.762516679295258655e+02 1.661481883001593360e+03 1.549884467286758571e+01 1.319620831248035756e+03 3.042261068537789015e+02 1.035341183679033520e+03 9.621420396470346077e+02 5.132703001716995459e+02 2.920772948162057219e+02 5.230245169251331845e+02 1.522448452537923231e+03 1.058043003940931840e+03 1.346668734870137314e+02 9.421073855116674167e+00 1.068052257995556147e+03 1.439081214198439227e+02 3.160300490115570682e+01 3.126238240606364229e+02 1.549194975638113014e+01 1.098311841926131507e+02 1.693127078403924770e+03 7.974834436340429420e+02 0.000000000000000000e+00 2.338341862600043441e+02 1.033079941476672047e+03 5.900301435894672295e+02 1.295706356790295217e+02 2.954542835564985381e+01 1.254540313752373493e+02 7.565780245477830590e+01 2.356659912450601837e+02 2.570770599929182367e+02
0.000000000000000000e+00 0.000000000000000000e+00 1.107975317935763997e+03 0.000000000000000000e+00 9.151371523807614494e+01 8.593091602314447073e+02 5.504662175146614800e+02 4.772487417380166335e+02 6.481629664329341400e-02 1.518490268711164859e+01 9.428371568483896681e+01 5.594635627904808644e+02 0.000000000000000000e+00 2.216751648881640904e+02 3.661170408195653181e+01 9.603546095708289840e+02 0.000000000000000000e+00 6.601997285511690734e+02 7.148730599450772161e+02 1.538068052249588824e+01 7.764715371951635916e+02 5.544410269753958573e+02 1.579672129239126662e+03 7.667265289737875946e+02 7.443176662392142484e-01 7.371842737796841902e+02 4.831555068514929303e+02 9.064149372927255399e+02 7.020116771448795134e+02 2.241852804089086248e+02 5.923619699683874984e+01 2.118154682570786065e+02 3.751520613779824771e+02 2.678055463240848439e+02 4.838623369715330682e+02 5.256722087338114413e+00 4.699358031556799347e+02
0.000000000000000000e+00 1.379217991375861402e+03 1.766599794399365692e+03 7.087476019065716173e+02 3.248133183585165398e+02 3.035362949334976861e+02 9.711015616167530595e+01 1.603699476207358998e+01 2.677795436723971737e-06 1.019914539023517897e+01 7.068858534666127298e+02 7.190301148120443031e+02 4.846840893457524544e+02 5.607016343054872323e+02 5.133086925864450905e+02 9.264755756899442076e+02 2.678835119927180042e+00 9.576043917133215899e+00 3.267170347199248681e+02 5.544935919762679077e-01 4.635100536899548729e+02 1.371977495417710315e+03 1.670706305008101708e+03 4.980652024774909314e+00 6.839492851018242163e+02 9.218609789679732103e+00 3.119396413898751348e+02 2.711824800695553872e+00 4.749878349581528028e+02 1.211809304540173571e+03 0.000000000000000000e+00 1.021509137094361563e+03 1.470147198980899020e+03 2.218774142420280384e+02 4.551440468368972461e+02 9.456720294575030721e+02 5.624918183946792851e+02
0.000000000000000000e+00 0.000000000000000000e+00 1.602646257785484529e+00 4.471601557997991563e+02 2.353776492870745329e+01 1.857571343556358201e+01 2.005894158405383682e-03 2.489479767233764539e-03 3.276787488581724261e+01 2.783769600763218666e+00 1.903504634517530576e+02 2.109755919420770738e+02 8.004478496712388846e+01 1.621367382106125888e+03 4.935051383374745910e+02 3.319785419746140747e+02 1.054041354977368838e+00 5.326357342615738588e+01 2.408455552739631855e+02 1.369937162448666868e+03 0.000000000000000000e+00 9.931387177773867734e+02 0.000000000000000000e+00 3.293559703081874659e+02 8.207548599689968114e+02 1.285425559018538877e+01 3.970475795502604797e+02 0.000000000000000000e+00 1.491411412391772728e+02 1.072111783529815739e+03 1.046934218424670604e+02 1.046566203546874476e+03 5.946730868638985257e+00 1.145286247911962619e+03 8.838951784836203842e+02 1.358029908304179116e+03 1.098081179457401959e+03
0.000000000000000000e+00 8.901936966010858896e+02 1.780335261532917457e+02 2.223033869911370530e+01 2.896465191709352212e+02 2.426644634482944429e+00 1.676958743886356373e+01 9.846580123664505209e+02 2.802058033221387063e+02 3.406732617505448957e+02 3.230225523775021088e+02 1.209158845059828536e+03 2.597063049348147690e+00 3.156793497292100596e+02 2.055277307977687595e+00 7.925125740500432414e+01 2.452687629838877683e+02 4.400631011152887595e+02 7.503436892823759585e+00 9.637506767689114895e+02 1.309714820710828235e+03 4.182816950556703262e+01 8.777172760215826202e+02 9.123688902165393984e+02 2.152472324589215873e+02 7.919937303033062790e+02 5.252183351800724722e+02 3.592277719555653004e+00 3.160483370002066295e+02 1.521276782562156995e+03 2.906979758471529562e-01 1.374210653325097155e+03 1.610424319197876173e+02 2.610903677021873932e+02 5.918007183664848725e+01 8.476824972823149551e+01 5.311327859933888895e+00
0.000000000000000000e+00 1.375929847779765396e+02 5.752052196764982455e+02 1.817980145914101797e+02 7.389262712578607761e+02 4.637172011045286126e+02 1.343741784414850599e+03 4.725594305260017904e+02 1.296941907050788814e+02 5.550103726272458005e+01 9.848944298372646244e+02 5.923969311701298466e+02 9.687821645463779987e+02 1.811234588824111427e+02 4.397065365885106303e+02 2.272819681242094703e+02 1.175946146129906765e+03 3.622859341965657336e+02 0.000000000000000000e+00 4.139012590000596674e+02 1.085976351403901845e+03 6.762079395231992862e+00 1.823917328931784354e+01 5.746665836529469118e+01 6.943316965136162366e+01 4.295626863245268510e+02 1.146121659386731835e+03 5.392114809461765468e+00 9.333462098427196452e+02 3.976516179379645877e+01 4.485845112415599090e+01 1.247905726253771945e+03 3.840104097165809662e+02 5.641162869623420875e+02 4.113115611359985380e-02 1.291881154890633070e+03 7.977920979989511352e+02
0.000000000000000000e+00 6.027121090063234305e+02 1.191000409106991675e+00 2.257480349700403224e+02 9.015966844299427407e+00 3.363330500922714350e-01 1.329400444708926898e+03 2.225153834405967146e+01 1.526002588473307469e+03 1.335013565060343133e-01 2.476984816494411064e+02 6.708694800352916445e+02 1.174397539184142033e+03 2.464026096199006588e+02 6.383242436397832762e+02 4.432684040498405693e+02 5.200967252406345551e+02 1.994483281450673076e+02 7.500634292444843823e+02 1.683023155987179678e+02 6.368743319199552388e+02 3.314334722866188088e+01 4.466311621746415881e+02 5.823258152071949745e+00 4.781105892971513072e+02 6.614108050932216543e+01 1.093036304552884808e+01 2.909995125687125324e+02 4.944343528282880698e+02 1.543424832342998876e+01 4.769994241033428466e+02 2.115290542036136117e+02 3.852586682624142895e+02 6.392799324360176616e-02 4.105708692649528757e+01 5.452188801831325691e+02 2.239152274479904747e+02
0.000000000000000000e+00 5.695074400025222303e+02 1.494317680649819977e+03 2.352020505041170679e+02 1.849020932075694018e-03 1.480702929356422601e+03 1.195838735322476168e+03 2.335466954317572572e+02 1.661148967440824435e+03 4.765656816308454609e+02 9.219155425204064613e+01 3.167228227467655870e+02 3.989401127134254921e+02 1.744000606553622745e+01 7.099120313593537048e+02 6.996652110293852900e+01 1.406632474709830660e+02 1.683477536193372370e-01 3.332701207540798549e+01 1.505968350261084424e+03 1.058632089392964417e+03 5.987978676199769978e+01 2.197005372668426162e+02 1.347144619829646786e+02 2.628844194235231271e+02 6.002712326494232542e+01 6.486192934384243927e+02 1.476470785950916252e+03 9.963734925064617443e+00 1.749543561568157429e+03 3.225355307043520270e+02 1.191217678090982190e+03 4.165493969485283401e+02 4.434050942800744792e+02 1.960212133038734450e+01 9.856181982936985941e-02 5.001670674769912921e+02
0.000000000000000000e+00 3.878158162598421388e+00 0.000000000000000000e+00 0.000000000000000000e+00 0.000000000000000000e+00 0.000000000000000000e+00 0.000000000000000000e+00 0.000000000000000000e+00 0.000000000000000000e+00 0.000000000000000000e+00 0.000000000000000000e+00 0.000000000000000000e+00 0.000000000000000000e+00 0.000000000000000000e+00 0.000000000000000000e+00 1.655452808439077671e+03 1.594203701652256200e+02 5.156362236017557734e+02 7.751898047055265124e+02 1.397083583981677066e+03 1.149803099497105165e+02 4.325265534571700599e-01 1.184679802752430760e+03 1.153266714778742653e+03 1.787728716110699878e+01 5.963592369009403455e+02 9.403328747077744083e+02 1.263500423509088478e+03 1.198230797707477890e+01 0.000000000000000000e+00 1.615792017316690021e+02 2.818457423539991282e+02 2.258445135129479411e+02 9.418886684383199963e+02 4.712557464371139986e+02 4.265428136494046640e+01 3.786560328250826615e+02
0.000000000000000000e+00 1.466854035249322692e+02 0.000000000000000000e+00 0.000000000000000000e+00 0.000000000000000000e+00 0.000000000000000000e+00 0.000000000000000000e+00 0.000000000000000000e+00 0.000000000000000000e+00 0.000000000000000000e+00 0.000000000000000000e+00 0.000000000000000000e+00 0.000000000000000000e+00 0.000000000000000000e+00 0.000000000000000000e+00 1.720068190341533576e+00 1.199311665421500628e+01 5.175202578475034620e+00 3.906376366649701737e+01 0.000000000000000000e+00 1.905414482759680284e-01 3.804089327084660133e-02 6.962827768080795288e+00 0.000000000000000000e+00 2.626274777976018981e+02 9.424683230575017205e+02 1.603370600380199221e+03 2.985870618394551812e+00 1.050032989620033959e+03 6.686205331703787635e+01 1.110497194949445685e+02 1.557661936299521983e+02 4.092100783182074508e+01 0.000000000000000000e+00 8.270629688447805847e+02 1.363252211443310671e+02 4.672624263308620840e+01
0.000000000000000000e+00 3.805663115124858109e+02 6.494595181702237596e+02 1.658415841733659946e+01 5.660986101743037580e+02 1.635758381231966396e+01 1.630208744339240184e+03 2.905968358887123415e+01 1.672646967134157421e+03 3.346171741793708065e+02 5.982120409883471407e-04 6.412326346154793555e+02 4.682409316170889498e-04 1.308860076665558381e+03 1.154682890770896165e+03 1.348226666000964258e+02 1.429786526999294267e+02 1.348301145994030321e+03 5.593053827621714547e-01 2.105221186926411418e-03 0.000000000000000000e+00 0.000000000000000000e+00 0.000000000000000000e+00 5.190907358008086021e+02 7.134003374135208242e-01 7.590072491845513696e+02 4.213270485631771862e+02 3.009947126812160811e-01 0.000000000000000000e+00 1.782174394623076239e+02 6.843596395884162575e+02 0.000000000000000000e+00 1.321080439322007805e+03 5.252931519327356682e+02 2.101714579377699899e+00 7.116878976870963243e+02 1.348951334538539992e+00
0.000000000000000000e+00 1.227736116489282239e+02 1.532148375530683282e+00 7.935889311321961404e-02 4.364899586343145010e+00 6.536412464837046628e+02 1.724242261469430105e+03 0.000000000000000000e+00 7.086323276318324815e+02 7.178579405190145053e+02 2.501610550196697869e+00 1.007214357528014943e+03 8.056121139757765377e+02 5.947682584840421214e+02 2.150505492986562217e+01 1.982261032823541935e+00 1.161306953863090428e+02 1.276363906472545295e+02 3.252843139441117870e+01 4.518108702158663164e+02 1.096773042085858378e+03 2.098598559046890941e-04 3.513324231383455185e+02 0.000000000000000000e+00 0.000000000000000000e+00 9.663720356823068869e+02 0.000000000000000000e+00 9.162534796085435573e+02 7.697269196809858327e-01 0.000000000000000000e+00 1.116058941675853930e+03 3.968680677626447717e-01 1.436244441805192537e+03 5.528308928692379141e+02 5.544716569138885234e+02 1.395524178992950510e+03 6.244009026007815919e+02
0.000000000000000000e+00 8.570576965796251443e+02 2.364064215024997395e+01 5.001028324837667682e+00 0.000000000000000000e+00 8.457134011176444801e+02 1.296819152226821359e+02 3.137844665570630696e+02 1.254567665113976318e+02 5.448297556954576066e+02 1.737608104089732874e+00 1.463196062443502115e+03 1.035482363622557614e+03 1.701219487605384057e-08 3.701835912025592847e+02 2.001252347803664122e+00 2.987407324165192222e+02 1.086105027581428715e+02 6.342443309737813451e+01 5.754533002556215706e+02 3.970695224929131939e+01 0.000000000000000000e+00 6.987317629965571086e+02 0.000000000000000000e+00 5.531868606498823056e+02 0.000000000000000000e+00 0.000000000000000000e+00 1.007284090395306066e+03 0.000000000000000000e+00 7.131079994931831152e+02 3.211044754454634926e+02 9.288913940977125776e+02 2.793161215229599392e+01 1.141511754322251591e+03 1.018360140050524365e+03 4.629521515168381143e+02 2.570606144553058243e+02
0.000000000000000000e+00 0.000000000000000000e+00 7.839171444228199448e+01 0.000000000000000000e+00 0.000000000000000000e+00 7.694157262636268797e+02 5.148379103745996872e+02 1.006133543248476485e+03 6.494437328893900130e+00 6.880659591857289570e+01 3.216646342597343846e+02 1.309033571148022324e+00 1.467604973941146682e+03 1.840460953450849786e+02 8.148304725203309999e+02 4.819936872279068041e+01 7.790000342696220059e+02 5.981498093210780046e-04 4.833590186478510304e+02 4.798989277858690627e+01 8.343219964379154590e+02 4.509415076872156192e+01 1.889147430396895061e+03 1.612194509663120243e+03 6.675859329728046987e+02 1.727239865957027121e+01 1.186082988924944402e+03 5.312932607779572575e-02 8.689403942787001824e+02 0.000000000000000000e+00 9.933146908127030201e+02 0.000000000000000000e+00 1.021220810243281448e+03 1.995202988549339693e+02 1.628944330420509232e+03 6.307808756107311865e+02 1.943480313681599227e+02
