output/example_1/lateral_incision_000143.asc
nrows	75
cellsize	13.33333333
xllcorner	0
ncols	75
yllcorner	0
NODATA_value	-9999
[rows 0 to 16 of 75, columns 0 to 36 of 75]
0.000000000000000000e+00 8.449590967110555084e+02 0.000000000000000000e+00 7.593259462781106777e+02 1.366821773850643012e+03 6.938183004394281852e+02 3.322898466254517871e+02 1.334620413499106235e+03 3.989037117104237495e+02 5.953693517562656723e+01 6.425295078029544804e-01 1.194283342739616287e-05 2.638001873447476815e-05 2.026420197800674146e+02 9.274754642652583314e+00 0.000000000000000000e+00 5.412460465191597483e-06 0.000000000000000000e+00 1.430772275955948469e+00 4.990219084527659776e-02 0.000000000000000000e+00 8.214038731092654518e-05 2.132444891575236974e-04 0.000000000000000000e+00 2.231114699250212551e-07 0.000000000000000000e+00 1.467995409988723132e+00 2.394697288128030332e-06 8.592563712945595588e-06 0.000000000000000000e+00 1.059712603314569833e+03 8.671616602136681422e+02 9.240312403002536712e+02 0.000000000000000000e+00 0.000000000000000000e+00 0.000000000000000000e+00 1.548180209182953640e-03
0.000000000000000000e+00 2.957211469940277766e+02 4.103774640381489576e+02 7.799778699353857974e+02 1.484339109126904305e+03 1.166318130415356791e+02 5.858206092959602529e+02 1.447950611055141223e+02 1.852539215512646251e+02 1.189505044543150689e+03 5.896243685552930991e-01 2.663333595828128963e+01 2.075377802363997830e+02 5.254029823123846654e+02 1.380721415633951210e+02 3.139775216685563919e+02 1.871878876377573589e-03 1.315370211327804057e-06 4.544006434841705868e+02 3.695514327133454344e+02 5.815755047017586321e+01 8.763151664203197910e+00 4.623939332681852754e+00 6.970191431385970304e+01 3.865029420729361505e+02 2.232924703102273511e+01 9.662371485168516072e-01 5.540484788662165556e+02 4.257561228666174316e+02 4.782889728878709548e+02 1.351785787365605884e+01 9.640617306888890425e+02 4.833394027496148624e+02 3.655390711571771423e+00 5.044055294350693538e-03 3.315906617922359089e-03 4.524238321191915020e+02
0.000000000000000000e+00 1.951467139382228932e+00 6.253063932968228755e+01 2.211798276090047182e+02 9.608881261636674935e+02 2.023608065309759496e+01 1.422827941330043586e+02 9.910212287583543400e+01 2.834129708993391432e+02 6.438742905772679137e+01 1.149034041858948996e+02 1.144408595832618403e+03 6.175032998622689320e+02 7.760159215422679502e+00 6.371469926037003688e+02 3.678836054449117228e+02 6.636983840744052259e+02 2.801114195898446368e+01 6.632932710552976232e+02 1.687789895208175461e-01 5.600768606914377870e+02 4.759417449566312541e+01 1.631937993443095820e+03 1.461932224857834626e+03 1.962450278032513484e+00 2.258309382992308372e+02 8.679211541846548243e+02 1.724894404768138827e+02 3.329893801598803993e+00 1.015680281840381667e+03 1.709331283942747415e-01 9.125010999764139115e+02 6.580660385376587556e+02 7.796237919643242549e+02 1.818903441914239361e+00 5.600963132916212999e+02 2.710006158666978990e+02
0.000000000000000000e+00 1.510365852607779061e+03 7.278903793023033586e+02 1.310230696063835909e+00 7.104792142129558385e+01 4.439153271263472078e+01 4.611531651938727236e+02 5.004902558706466493e+02 2.572489382895651033e+02 7.768443531194430989e+02 9.635703059212076482e+01 1.868230623572861293e-01 6.342656838788159348e+02 8.984984038988280872e+02 6.146098515361311243e+00 1.644729443950000132e+03 2.871640728767683868e+02 5.038560678489237716e+02 2.983624731549802505e+02 1.217009782410162870e+03 4.459446606356869438e+02 1.103644648334354542e+03 5.771662718644170127e+02 7.246950711239681198e+01 1.016821978143280603e+03 1.318905824783083744e+03 5.125597012544577638e+02 1.298671145336051268e+03 8.924683363515142673e+02 7.837296105101601995e+01 1.043016330285809374e+02 2.770181388272894765e+02 1.511371697444476695e+03 6.427300804329101993e+02 3.182129340624934457e+02 8.067944589759591167e+00 5.469919858789094178e+02
0.000000000000000000e+00 0.000000000000000000e+00 1.298495285256959733e+03 3.932642768656811540e+02 7.036802986265814752e+02 2.625969818500443580e+02 6.502575151251785428e+02 3.597057964246740198e+02 1.529609013011193838e+03 5.241076652716505180e+01 3.854912003230736017e-01 1.807803176662934845e+02 3.474892587926950114e+02 2.626066626628099812e+02 1.327464152885805788e+02 1.598075550224082463e+03 8.999972843824622259e+02 5.686217190144390088e+02 4.338912856273412899e+01 1.041381794299277544e+03 4.211002462180179577e+02 9.221001598621276116e+02 7.125765665371593514e+02 4.703278567630211171e+01 8.932007184166999423e+02 9.775178479282883472e+02 0.000000000000000000e+00 0.000000000000000000e+00 2.497513000884070067e+01 8.069895936256463074e+02 1.329643186241747230e+02 1.590564074354797413e+03 1.462607577320839027e+03 6.664659361790225489e+01 6.363259942785188059e+02 2.970938658716448444e+01 5.255296351495059071e+02
0.000000000000000000e+00 8.790707292646391124e+01 5.941593559207451136e+00 5.816026975393588145e+02 2.884881251738381707e+02 0.000000000000000000e+00 0.000000000000000000e+00 2.857064122448772991e+02 3.954365041261362990e+02 3.521475389117848067e+02 4.630361665738916486e+02 1.081554675810338750e+02 4.105695594580783592e+01 5.007214196067316152e+02 1.929730131607902521e+01 5.309879533760465620e+02 1.627786246072840413e+03 9.948438165429091669e+02 1.285603860989934901e+02 3.101596610796933646e+02 4.726565290507658688e+02 0.000000000000000000e+00 9.284033672065446581e+02 7.370093469531029484e+01 1.463429539007323683e+02 5.724532171007550119e+01 0.000000000000000000e+00 8.796682661218676458e+01 5.194274644792255913e+02 2.344332855124455079e+02 3.483530998378823824e+02 3.588346292376635915e+02 2.510612382594152621e+02 3.822621631906520179e+02 5.453106916710027008e+02 0.000000000000000000e+00 0.000000000000000000e+00
0.000000000000000000e+00 9.460792213495748229e+02 1.070914877994710878e+03 5.105513740665811042e+02 4.893851239226960956e+02 6.940359379536928373e+02 2.044624246166988257e+02 0.000000000000000000e+00 4.529926910732251031e+02 1.406731694134638055e-01 7.672657248859444508e+02 1.136911258774050424e+02 3.216789476574669493e+02 5.825646317113434236e+01 1.344460635291614608e+03 1.172384565127351834e+02 2.121132677714018371e+02 6.869612799542757102e+02 4.910816529294180555e+01 1.125959151980913020e+03 1.198129100984142951e+03 5.519858703139440195e+02 5.055199786658242829e+02 1.265244417218012174e+01 6.845891349207123540e+02 8.460423688992863163e+02 0.000000000000000000e+00 1.422235022567489523e+03 1.948783459462676717e+02 1.478153431286586738e+03 2.787480085685908882e-01 4.005685343266973177e+02 5.512193515505800860e+02 3.233171904519018653e+02 1.110783737212776487e+03 1.623964529324942063e+00 8.450836911236884816e+02
0.000000000000000000e+00 0.000000000000000000e+00 1.131503900774379545e+01 3.948563483456967305e+01 7.856988426894235999e+01 6.042110714006654462e+02 2.826519733074910050e+02 0.000000000000000000e+00 8.217669451577052087e+02 8.436379917440307281e+02 7.261364572296707820e+02 1.045882989927226134e+02 1.102342021676197874e+03 0.000000000000000000e+00 9.149794184253108824e+02 5.007733253037998793e+02 1.254277888268827024e+00 1.298728737108592952e+02 9.223723983916794111e+01 7.360724184170422859e+02 7.175485745126943584e+02 1.635924369556399256e+02 3.315088190628540588e+02 2.232169765615319790e+01 2.604637217662552757e+02 1.432070590001289702e+03 1.689365501577113378e+02 9.201503343431974145e+02 0.000000000000000000e+00 4.084038628389207588e+02 1.057849855399843364e+03 3.258812021027137629e-01 9.039224855392409097e+01 1.489396122262350900e+03 3.600423771036354026e+00 1.076943063189840814e+03 1.625862654124751543e+03
0.000000000000000000e+00 4.410324547828086565e+02 1.021359547862305931e+03 4.482010134078332158e+02 2.971932544217621626e+02 6.088461680588386571e+02 1.386072037106300286e+03 2.293946421197176733e+02 5.428469404449241154e+01 1.685449156277367422e+01 4.763396085552936654e+01 4.385867206840263179e+02 1.265057142972221072e+03 6.030999794297658667e+01 2.037691729208093250e+02 1.489410545397624830e+01 6.419437293371662463e+02 3.007151584451545290e+00 1.532605822937321591e+03 1.630725977135290634e+02 2.904514994750840629e+02 1.298890415234332750e+03 7.644780340269666397e+01 1.021316401342774460e+00 1.075388818502120785e+03 5.010419169017128382e+01 0.000000000000000000e+00 1.934989176347337150e+02 8.473216300764936477e+02 7.452708942980677875e+02 0.000000000000000000e+00 1.175652543976946163e+03 3.167633389707780189e+00 8.301065850707491478e+00 7.799108884088654214e+00 4.625400967217833426e+01 4.968857185912222718e+01
0.000000000000000000e+00 0.000000000000000000e+00 6.184667769172853014e+02 1.658066728446426907e+02 3.667433704377044137e+02 3.379432390865983962e+02 1.415111261674205934e+03 2.008381682610048529e+02 1.249352093622001689e+02 1.630990504645477586e+03 6.071206968197295772e+00 7.507839415440323592e+02 1.182938133732732467e+03 0.000000000000000000e+00 3.790504194665003865e+02 1.739757176125343863e+00 9.130754763273118613e+01 9.133559773545406415e+02 1.133984806842148032e+02 1.382127390020045141e+03 2.970049581227859221e+02 5.886160541209723078e+02 1.356203173501830328e+01 1.079726889489895711e+03 1.229848535037228885e+03 1.072525332543048762e+03 3.039751667246418947e+02 4.330745882908706790e+02 6.929740341335839382e+00 1.617196116906741509e+03 1.245547370424800182e-01 1.611237481288107176e+00 9.705974962139465561e+02 1.177942683940497773e+03 5.666054227857235901e+02 7.108253188628797261e+02 5.543573254824285534e+00
0.000000000000000000e+00 1.673754362857680690e+03 1.079413034950607880e+03 3.192127768467750002e+02 3.700739515910434534e+02 0.000000000000000000e+00 1.392546885038108258e+03 5.940119688143553844e+00 6.279742991443355322e+02 1.640440964954005949e+03 7.773885180781767268e+00 4.265647013732409505e+02 1.181356673209022716e+02 3.085722642256977899e+00 1.927844372218124880e+00 6.099836270989552531e+02 1.352959254414111001e+03 7.239225731253461049e+01 1.586979742219436105e+02 1.243214150730409301e+03 1.028679282440165288e+01 6.224445306104933451e+01 2.737708377692614903e+01 1.519219856362608034e+01 1.003353845483673651e-01 5.339245704036462712e+02 1.783460217219777917e+02 4.945832165729804615e+02 2.555464198564790124e+01 8.652554758310068705e-02 3.393989669775734086e+01 3.352265812106928138e+02 4.792238509791860110e+02 0.000000000000000000e+00 0.000000000000000000e+00 7.710813340755953504e+02 1.083342724505874699e+01
0.000000000000000000e+00 0.000000000000000000e+00 0.000000000000000000e+00 9.514750920708282820e+02 2.397754867634227516e-01 5.864100178120797864e+02 1.013897762341486128e+02 1.242128321726787362e+03 1.127029689369641574e+03 1.645574071631641857e+02 1.278664464777293006e+03 5.904756617784993296e+02 7.914146380206467484e+02 2.684305994291465680e+01 0.000000000000000000e+00 6.508158936235464580e+02 0.000000000000000000e+00 2.907236863718033959e+01 1.361061092117299950e+03 3.553898043601309564e-01 1.613953454642747374e+03 3.948647157881981684e+02 3.219440550852039564e+02 1.258251000107223717e+03 1.468077707399494557e+03 4.498510513798591681e+00 1.377377790946063563e+01 2.223845494067000494e+00 4.097827381053625828e+01 1.255291225777218926e+02 2.255319807285611322e+00 1.608126331832263531e+03 2.711313151871038372e+02 5.585570815123762713e+02 5.913019347936795356e+01 3.074170721934039534e+02 4.938768307648516043e+02
0.000000000000000000e+00 3.526974759037218519e+02 1.425857946127009200e+03 0.000000000000000000e+00 9.936469531719915267e+02 1.091995268509622520e+03 1.312229188967909579e+02 2.901816424311560922e+02 0.000000000000000000e+00 1.070351096747522661e+03 1.248602911091242191e+02 4.438968553174216822e+02 4.975476596173901811e+00 5.372433232462138903e+02 6.814183310094034596e+02 2.352234623821065895e+01 2.683905291542005145e+01 1.817148959557031707e-01 1.474811260638106081e+00 8.261608556806826300e+02 8.411267711531864961e+02 2.286672132138780711e+01 4.745629464761794338e+02 2.145289699641193693e+02 3.110178724561879449e+01 2.612427108485143776e+02 1.825309575480342517e+02 1.059533246289606268e+03 3.919496049116709173e+02 1.709626667896943397e+00 1.388335473200778097e+03 1.361863254031549388e+02 8.937882117827832928e+01 8.931585072484948284e+01 4.291857822632941861e+02 1.867433360235534394e+02 1.414539471320535142e+02
0.000000000000000000e+00 1.548363849409558497e+03 9.687147279137031219e+00 1.686403122094227683e+03 1.049539421974291145e+03 8.821467512587671536e+02 1.467037047443052984e+02 2.681932578762294384e+01 1.939421991274117474e+01 7.299456170119475473e+02 1.082635659778786248e+03 1.295597250340459368e+03 0.000000000000000000e+00 6.243040035597639417e+02 1.333637574638526303e+03 1.342663745217312908e+03 2.471607040786967602e+01 6.709588809623011230e+02 1.269719961579200344e+03 9.531760867353231959e+01 7.494947438906476691e+02 1.008523078006304274e+01 3.209130426899402949e-02 3.811077640992134263e+01 3.162216950203758614e+01 3.648028667729104058e+01 1.031076204506805880e+03 1.057187683762138477e+03 5.119264610150754038e+02 4.436517462391593654e+02 2.111397619993615749e+00 1.736694201007144329e+02 2.625470660600898896e+02 4.913027490920062519e+02 4.459290283058144269e+02 6.126942122432862625e+00 3.525069146798211364e+02
0.000000000000000000e+00 0.000000000000000000e+00 1.201228836347652532e+03 1.848688970414511523e+00 1.382385460627479290e+01 2.399422241071507500e+01 3.620104248518390477e+01 3.969551131106713537e+00 1.735662073478311740e+01 0.000000000000000000e+00 7.641230786099225725e+02 1.101434023656984664e+03 1.689735332697408012e+03 3.506472426248665784e+02 4.287813134216545450e+02 0.000000000000000000e+00 2.371686402846790429e+02 5.196398956559734188e+02 6.115214249616980169e+02 2.850502284162836020e+01 1.300739305616436468e+03 3.212665657779671164e+02 5.561794119020656808e+02 5.973411162667719054e+01 2.970494184358040801e+00 1.799665519749312125e+03 1.417628340600559113e+03 8.365542607917472395e+00 2.435002219176388039e+00 1.455737241345822781e+02 2.327141055243497014e+00 3.419139276778759751e+01 0.000000000000000000e+00 4.435689688303543932e+00 1.179464754894956741e+03 7.659923984654700462e+02 1.042605588257086083e+03
0.000000000000000000e+00 2.263172143627694766e+02 8.301902630544932435e+02 4.358642906360420852e+02 2.500622644624263557e+02 1.260174745760369461e+02 1.553373741381749824e+03 1.442909825213886506e+03 6.287107984731239867e+02 3.298012527350994372e+00 6.195135400891190081e+00 3.099930616672718742e+00 1.694288401317056936e+00 8.799172184081476278e-01 0.000000000000000000e+00 1.645949713841918538e+03 1.691339474870604136e+03 2.088118684525686604e+02 1.594264185894493266e+02 4.489724145096611352e+01 1.796945821473416061e+02 5.106311669764467709e+00 5.317890354907427763e+02 5.052902872520638411e+00 1.838102667340816954e+00 5.456912210469804450e+02 1.425891352094349962e+01 1.311295344324389589e+03 1.109004108851830352e+02 3.817774678805883468e+02 0.000000000000000000e+00 1.332659462049362901e+03 7.696182640617059700e-01 6.132094038745756279e+02 1.391960575015636721e+02 5.705356968719430455e+01 1.326909024109206392e+01
0.000000000000000000e+00 1.439932508265465150e-01 6.343712341243160608e+02 1.873680766439442777e+02 4.134572077720347072e-01 4.651415963247050058e+02 1.197601144583618833e+02 4.893633988911465735e+02 1.412532662165154534e+03 5.812806079082391619e+01 7.305525792735315918e+02 1.319889188327470947e+03 1.822878557556262535e+02 9.991557630071043832e+02 3.145518112714104859e+02 6.517284158010724582e+01 1.390559840506278533e+03 0.000000000000000000e+00 0.000000000000000000e+00 5.591478146294652873e+01 0.000000000000000000e+00 0.000000000000000000e+00 5.286733387866109979e+02 5.897890075213582577e+02 1.328468570897515519e+03 5.363751916980712622e+02 3.570412964472564568e+02 1.166415167983499259e+03 1.648877687763185829e-01 1.040192298302121260e-01 4.600902927813793752e+01 0.000000000000000000e+00 9.685710107984945125e+02 5.233122396731703674e+01 4.956288611378360542e+02 9.721220405257436141e+02 1.067901448673276946e+03
