output/example_1/lateral_incision_000340.asc
nrows	75
cellsize	13.33333333
xllcorner	0
ncols	75
yllcorner	0
NODATA_value	-9999
[rows 0 to 16 of 75, columns 0 to 36 of 75]
0.000000000000000000e+00 3.111560667785954148e-09 0.000000000000000000e+00 7.593259462781106777e+02 1.366821773850643012e+03 6.938183004394281852e+02 3.322898466254517871e+02 1.334620413499106235e+03 3.989037117104237495e+02 5.961565685188394070e+01 5.062690216439984425e+01 1.837977988102178628e+01 3.436049804044909592e+02 2.232454613535915087e+02 3.556186740700994164e+01 4.095085851457410087e+01 5.412460465191597483e-06 0.000000000000000000e+00 1.430772275955948469e+00 4.457327673779949428e-01 0.000000000000000000e+00 8.214038731092654518e-05 2.132444891575236974e-04 1.614394187922306756e+01 2.734756896395310610e-01 0.000000000000000000e+00 1.467995409988723132e+00 2.394697288128030332e-06 8.592563712945595588e-06 1.072833790534963305e-01 1.059712603314569833e+03 8.672903852689478299e+02 9.240312403002536712e+02 0.000000000000000000e+00 0.000000000000000000e+00 0.000000000000000000e+00 1.729778388324247018e+01
0.000000000000000000e+00 1.753675851457657586e+02 7.201229694831059192e+01 1.088452221270128803e+03 2.215433694015822539e+02 8.889503767572762172e+02 0.000000000000000000e+00 4.169817429810783551e+02 6.206763274924411888e+01 0.000000000000000000e+00 3.878468593359269221e+02 3.263007832515222617e+01 7.742806780559581057e+02 8.677958615392734600e+02 7.397876302830188706e+02 0.000000000000000000e+00 3.360732011596183497e+02 1.779359462108671508e+01 4.778060027682983559e+02 2.235411571249459051e-01 5.873724877041806849e+02 2.016048573621859816e+02 4.623939332681852754e+00 4.044920087804285913e+02 4.464374441194996166e+02 1.173555458320189928e+03 1.001865254318956788e+00 5.540484788662165556e+02 4.266099728048768043e+02 3.092736700459576937e+00 9.026634339246066929e+02 1.717420567517009999e+02 4.843894383846052278e+02 3.655390711571771423e+00 5.044055294350693538e-03 4.941815577892190277e+02 5.052167798247770492e+01
0.000000000000000000e+00 1.079326571286655735e+03 2.242009740978696470e+02 3.264264193993565755e+01 1.497783487647760239e+03 3.984291583163011410e+02 8.778385042393210824e+02 4.099653718644210016e+02 0.000000000000000000e+00 1.167082980176862065e+03 2.148392661686584688e+03 1.237808534389037504e+03 9.673396064069775946e+01 1.633762035473112917e+02 1.025863355751725159e+01 1.285133608383762066e+03 3.082857485576750278e+01 3.421186628472665916e+02 1.086575752451622066e+02 6.348358469500155934e+02 1.284415930156370678e-01 1.005167412627195631e+03 8.022906095879420718e+01 1.479002708048246859e+03 3.128898639244082460e+02 5.671473747973810760e+02 4.955568541462603207e+02 1.976027622961765644e+02 8.725878121977523278e+02 8.330831267637666571e+00 4.518266432594518278e+02 1.184789534196058014e+01 6.722877118354450658e+02 9.601733995013544245e+02 9.357009004397586693e+01 1.291965941364064975e+03 1.941313782742837901e+01
0.000000000000000000e+00 8.253261903131268582e+02 3.373443352420744251e-02 1.540040866629926313e+03 1.064909922634861488e+02 2.256908459504449240e+02 1.220109260672962591e+03 4.094401403483529407e+02 7.565169902951328140e+02 9.404485322699161998e+02 1.429126859035247207e+03 9.373482863617670091e+01 1.677809527629113290e+03 1.675863861681943945e+02 9.552243079292668426e+02 1.260749090677349216e+02 7.157188715334968947e+02 1.705834356531408247e+01 1.252362425634892134e+03 9.620372724826532718e+00 1.778219403497837448e+02 1.211625874032755235e+01 3.018785400928629770e+02 1.065968729108096340e+03 0.000000000000000000e+00 1.689018393255003730e+03 3.950326285227424705e+02 0.000000000000000000e+00 1.966570729940414139e+02 2.208313581977521380e+02 2.112476804169078548e+01 1.017377580523550023e+03 6.689307079655467305e+02 1.110090771287808593e+03 5.818364452555783828e+02 2.219522272843693713e+02 2.029275475988780215e+02
0.000000000000000000e+00 0.000000000000000000e+00 1.387068981950457783e+03 1.209673809267491720e+02 1.105516869858573870e+02 1.715978171715281917e+02 8.931324423524326903e+02 4.398105051959995535e+02 1.226902941139387167e+03 1.281060724082855586e+03 8.723285894463548296e-01 5.270641516019309165e+02 8.595330799371782859e+02 4.455616273493370159e+02 9.473970043982538982e+02 5.849081008363954197e+02 6.213342730250712709e-01 3.903129351362429844e+01 8.390121148681593013e+02 2.008116532164067181e+01 0.000000000000000000e+00 9.369919670952505157e+02 0.000000000000000000e+00 1.445541366228697598e+03 8.151050656757383162e-02 1.654878085599255400e+01 4.528283256763804161e+02 7.067286824983368021e+00 5.448318786478912301e+01 1.256375398046305008e+03 1.036034243656272302e+01 9.868408680642795616e+02 9.999353410925157277e+02 6.733907292496192554e+01 6.440465302691133154e+00 1.506897781462004104e+03 1.815842311040563288e+02
0.000000000000000000e+00 1.293991005728950995e+03 9.489618771647446920e+02 1.774877726486160725e+02 1.542362065582077548e+03 1.002919709645265112e+00 9.272320340026919894e+01 2.470150488610752504e+01 2.796347592651255454e+01 6.262926401784789476e+01 1.572711064940668166e+03 1.672358596146470518e+03 3.599286331785831408e+02 7.917280841028831446e+02 8.542285281984763969e+02 1.139844463737075415e+02 6.254676155362877807e+02 2.171623824296534266e+01 3.991483740569890415e+02 1.459466982502829069e+02 2.796375090571689839e+02 6.718224830174594899e+02 4.733096758271166777e+02 0.000000000000000000e+00 1.593754497360753021e+03 1.305995114609576433e+02 7.493004220509844799e+02 9.208011020692684667e+01 5.953753027984838582e+02 6.164069953089522187e+02 0.000000000000000000e+00 1.526616601210505451e+03 4.249875859192803773e+02 1.460297264318430962e+03 5.746223702123915018e+02 1.198599423780868989e+02 2.511892141882471776e+02
0.000000000000000000e+00 7.352839095755950893e+02 8.130748492309273843e+02 0.000000000000000000e+00 9.543293924590731194e+02 7.639025590498238216e+02 4.503017819561903821e+02 1.140660745445420162e+03 8.947222737065117144e+02 3.713893051857350542e+02 4.305704494209651045e+01 4.875324257764997355e+02 3.218365919522077547e+02 1.716152482942508470e+02 5.006414889596107365e+00 4.820316559041520463e+02 2.790305244130648816e+02 2.195697726743171874e+00 1.568878818594762663e+02 7.842512711418695517e+02 1.116287044959672812e+03 5.578979563161298216e+01 1.265466235776341506e+02 1.767481664245376351e+03 1.115895338554863883e+03 9.346883398359118189e+01 0.000000000000000000e+00 4.225745597238736551e+00 1.949236208553330698e+02 1.568341745720257165e+02 7.771922727966161801e+02 4.022411092260999577e-01 1.589293975160752552e+02 4.648843061177876166e+02 4.072392198538197476e+02 1.852425414317405910e+02 1.931965008020405961e+01
0.000000000000000000e+00 6.159052998017120899e+02 1.091125071184860190e+03 5.950440095697889120e+01 7.856988426894235999e+01 6.043227781043598270e+02 5.527518225649366741e+02 3.054252337850634191e+01 8.217669451577052087e+02 8.641465482457583391e+01 2.827893183712208725e+01 7.218358366910205177e+02 4.074893149988243977e+02 4.501034733542156800e+02 1.399857494750758178e+03 8.023370723240171642e+00 9.315924298517311852e-01 6.860217523656627918e+02 4.823551729809638005e+02 2.470968153915297005e+00 0.000000000000000000e+00 1.168229724513788454e+02 1.663517587430441722e+02 9.458861359625279874e+02 4.419539978880357012e+02 9.312746049902219738e+02 2.513414712989031443e+02 0.000000000000000000e+00 4.802849255286022299e+02 1.212048447983276045e+00 1.458132138572820224e+02 1.685942439204766515e+03 9.655431831729731584e+02 1.175923509091682178e+02 8.106031835537118013e+02 7.821194977440701450e+02 1.087084418987098218e+02
0.000000000000000000e+00 3.263364625404424260e+02 9.459940690109723391e+02 3.585497941922598386e+01 7.805463301881221696e+02 1.074949349034440331e+02 8.085655196472865782e+02 6.249874022952590167e+02 1.236324462117812146e+02 0.000000000000000000e+00 7.851514895893281221e+01 2.833418170570084271e+02 6.790872392610508790e+00 3.731604920279856970e+02 8.044814028806242732e+02 3.597519619167939027e+02 1.906167366630914444e+02 1.831671559632472963e+02 0.000000000000000000e+00 0.000000000000000000e+00 7.030643216001437850e+02 2.161749368734693348e+02 2.246594837211713980e+01 5.000244194870293200e+02 1.728897794542241115e+02 4.578402758056070638e+02 6.786702765301314457e+02 0.000000000000000000e+00 6.387256494217855334e+02 7.211907966751099366e+02 0.000000000000000000e+00 4.570754001057590017e+02 1.127727453190507958e+03 0.000000000000000000e+00 1.125044455801980376e+02 4.202445979450257028e+02 1.819941145276119698e+01
0.000000000000000000e+00 1.426503813159591800e+02 2.310292290706798894e+02 2.609967873108395793e+02 2.944113465569873256e+02 1.165384273400970443e+02 9.616331537838362920e+00 3.447760770452009069e+02 0.000000000000000000e+00 0.000000000000000000e+00 0.000000000000000000e+00 7.860735711830164973e+02 1.275337007282533222e+02 2.870169277645861712e+02 0.000000000000000000e+00 7.055780003217782905e+02 0.000000000000000000e+00 4.817566992448403340e+01 8.679223070537560716e+02 2.383707051880047167e+00 7.039572985546612927e+02 6.458796670973367782e+02 3.873233524856902363e+02 1.421535512930947709e+00 1.092249298839299456e+02 1.495689215614335694e+02 1.152339935889279943e+01 8.178532239596936506e+02 1.870833852088617633e+01 1.751728885937995528e+03 1.079017480819089627e+02 2.800842513134012393e+02 4.194394516232449632e+02 7.932989071990979255e+02 2.271997200993808264e+01 3.273240784625175337e+01 1.990285001993338199e+01
0.000000000000000000e+00 3.455883495182229694e+02 5.701536050924573829e+02 1.216155797689634483e+03 3.253045918426019512e+02 2.003303990148143043e+02 1.930571701401672158e+02 2.497359559539447105e+01 3.362364147452862717e+00 9.434289588080150679e+02 0.000000000000000000e+00 1.445291054701415874e+02 8.413839818974072386e+02 1.375165368706899427e+00 3.847833968779273164e+02 2.629077027939805244e+00 1.004241445647892533e+03 1.040798964488091769e+03 7.062922797911188582e+02 0.000000000000000000e+00 2.040648211719794745e+02 4.907521960980108702e+02 3.161913100027281871e+02 3.801972437439868457e+00 1.068027646243735489e+03 6.098995997233391808e-02 7.232140384231630605e+02 1.284225260072641390e+02 4.209574819276638209e+02 1.294476213629606718e+03 1.172360066932659635e+02 1.001466997891277742e+03 0.000000000000000000e+00 2.742364377343205319e+02 0.000000000000000000e+00 8.644835050041584736e+02 1.244596147780607453e+03
0.000000000000000000e+00 8.845856570552240328e+02 1.068157627202685262e+03 4.537418437823648674e+02 1.038360804860226381e+03 8.361620464795806811e+02 1.867497260484380774e+02 4.710709227329563191e+02 7.711262003176655444e-01 2.426150335106216858e+02 1.997862596444225005e+02 8.149071901198472290e+01 2.196978636339838431e+01 5.693690047990585299e+02 9.059111684878524784e+02 1.546519525939861808e+02 9.168779753426514390e+01 1.074394593207819497e+02 1.049132868540567642e+03 7.302842701040533484e+02 2.126718449795763206e+02 1.009712237131396591e+03 4.373436873541157865e+01 6.188861996532896228e+02 1.517347029418647480e+03 1.042329728343737685e+02 1.449531845092101037e+02 1.090608465100548074e+03 3.629077907259941185e+02 6.066299059844123404e-02 1.669649921175987970e+02 1.608656489107724497e+02 9.396120126141941000e+02 7.158644599658759944e+01 1.227112405321364577e+03 1.562818682466800055e+03 1.455173972335768973e+01
0.000000000000000000e+00 1.421864008717716388e+02 0.000000000000000000e+00 2.604612704820538482e+01 6.643999175976479421e+01 2.971029476883082499e+00 4.827127692035427344e+02 3.706210270073397428e+00 2.919621147547629221e+02 2.720860427729672324e+02 5.595809990347266449e+01 3.726210375231005969e+02 1.265832674155923598e+02 7.096890117320684794e+02 3.629712428001390379e-01 9.427803518045931241e+02 6.561748187367300034e+02 9.269501399581444900e+01 1.643351231584015068e+03 9.772652442143821006e+00 3.497412342161634058e+01 5.767240196526876872e+01 3.580255009644204023e+01 1.029410297067121860e+01 0.000000000000000000e+00 2.881389305511641652e+01 1.175740991801555140e+02 8.752112972204153039e+02 1.499767792223179015e+02 6.889274157616906678e+02 1.298859658320554900e+03 6.899463360674432124e+02 1.811823439124954348e+03 8.721343798138153716e+02 7.351119720230972234e+02 1.384331896090875347e+01 7.902063999880269876e+02
0.000000000000000000e+00 0.000000000000000000e+00 8.299838283693013636e+02 1.428753441047637978e+02 5.472781109959677224e+02 6.032245952416252521e+02 1.007891098856834233e+01 7.503215450084436497e+02 1.525600276893775629e+02 2.875387174105334953e-01 3.270368229902759936e+02 1.039478577710105128e+03 0.000000000000000000e+00 5.723037996451887466e+02 6.330984648704757092e+02 6.923982464831215111e+02 4.779210535244774150e+01 3.669760494625725400e+00 0.000000000000000000e+00 1.586434080256620064e+03 1.445788165855574562e+03 1.547453857241666128e+03 3.874115941602021849e+02 1.879718131781534396e+02 1.555146942017928950e+03 1.068019641694156235e+03 1.367472652965264490e-01 2.030361796066704017e+01 0.000000000000000000e+00 1.857341976433247765e+01 0.000000000000000000e+00 2.255946118481701035e+01 4.457566350842910197e+01 1.182874016788252902e+01 3.305701409247338773e+01 1.178400506775863050e+03 1.199518726728059846e+03
0.000000000000000000e+00 5.086221905669862764e+01 0.000000000000000000e+00 2.177399378845753404e+02 1.243495555217961964e+03 2.990367588573675448e+02 4.038713327487303104e+02 2.489840167845007954e+02 3.325379458361597926e+02 2.948500670728943192e+02 8.255759635468573379e+02 1.043911625515737796e+03 1.283397534185321319e+03 1.013448289702240501e+01 5.023470809983247136e+02 2.283106776922615211e+00 6.572263419385263560e-03 8.689119591597338967e+02 1.017678075761743230e+03 1.168368999644250863e+02 1.850362134195846409e+02 4.667470661551986950e+02 4.256814914337405753e+02 1.051832337793437944e+02 1.143433795648106297e+03 1.856592490030224667e+02 2.728844201347862395e+02 5.806191466634545577e+02 1.108958651831467932e+03 0.000000000000000000e+00 1.169055077577175553e+03 1.425506872276473814e+03 3.347896357878328786e+02 1.871633876787876488e+03 0.000000000000000000e+00 1.084668400249481465e+03 1.133215981018444154e+03
0.000000000000000000e+00 2.061673206051902412e+02 4.257009274320165737e+00 0.000000000000000000e+00 6.974580277199092393e+01 2.691353912844773504e+02 4.154383387995580961e+02 1.113841259127702266e+01 1.348273120665722224e+01 4.522210582317217620e-01 1.525703652568998758e-01 0.000000000000000000e+00 6.812183325776917542e+00 6.237676557985344061e+02 0.000000000000000000e+00 1.287271811932456842e+02 3.520838717276461362e-06 1.028184933301603678e+03 9.348021669207615787e+02 8.181138549837731944e+01 2.669230201531772764e+02 6.654898699718163471e+02 1.297925482063095330e+02 4.457461651709761554e+02 6.331743208683362667e+01 6.979511902842474456e+02 8.478534775929232126e+01 1.488251166236978861e+03 8.686014604940568233e+02 6.965497416493490164e+02 3.897738975979975606e+01 8.265369248926176624e+02 0.000000000000000000e+00 4.321817544815947372e+02 2.709364463122972211e+02 5.893481103489975226e+00 1.530043415646080348e+03
0.000000000000000000e+00 1.631920662573687366e+02 9.368304643046732281e+02 6.360539057438402324e+02 2.847774069014727729e+02 4.056759793217232186e+02 1.859672807539136663e-02 4.272771366311253587e+02 5.506917849804394791e+02 8.452145012098020516e+02 1.460525549343333068e+03 0.000000000000000000e+00 6.146505518414500102e+02 4.881707789317075026e+02 1.255551784920097589e+03 1.095885405659680761e-02 1.335580113887370089e+03 0.000000000000000000e+00 1.462733759767878561e-01 1.919316389170700177e+02 5.848659588213069327e+01 1.314688827182831574e-02 1.339169212459145228e+03 1.553935149764286052e+02 0.000000000000000000e+00 6.793622820269488329e+02 9.278787037382704739e+01 1.243486133638020647e+03 2.568991039821275422e+02 8.735336324801741057e+02 9.179506873195782291e+00 6.275015553032275761e+01 8.420493249690379045e+00 5.671018864299328666e-01 4.609420323624602815e+02 1.422892761929513199e+03 7.979751176701931570e+01
