output/example_1/lateral_incision_000483.asc
nrows	75
cellsize	13.33333333
xllcorner	0
ncols	75
yllcorner	0
NODATA_value	-9999
[rows 34 to 50 of 75, columns 0 to 36 of 75]
0.000000000000000000e+00 1.128293960482710245e+00 4.182883524878485559e+01 2.044187362233166425e+02 1.490168987603635969e+03 2.272875605170130986e-01 9.127922654351325491e+02 1.371678224556498726e+01 0.000000000000000000e+00 4.162305990703654288e+02 5.819645324227958554e+02 6.132529960479513420e+02 3.940268096899453667e+02 6.563401777827631633e+01 6.503373213844262182e+02 3.508869378583104890e+02 8.111598627024347934e+02 2.125281902142693014e+02 8.592483626038805369e+02 1.330679469490606266e+02 1.341425441892749632e+03 5.367278643989343578e+01 6.515241265927897985e+00 3.618389132024534405e+01 2.588570698216880461e-01 5.230601629708614837e+02 1.102474163697100494e+03 1.417976298151255321e+02 1.111810910984594784e+03 9.099205129070454632e+02 9.634238233789631067e+00 1.551990330092864951e+03 0.000000000000000000e+00 7.870321421864919103e+02 5.177711030045207963e+02 1.583234207074728204e+02 6.628617822057092326e+02
0.000000000000000000e+00 1.164709611068330105e+03 1.188900561579208670e+02 2.421166234653005915e+02 8.463378613522589831e+02 4.483887777937479768e+01 1.092259422221268551e+03 7.860605166422145373e+01 5.879234218520410877e+02 3.203002635855548306e+02 5.569872119525016387e+02 2.530943544252600930e+02 0.000000000000000000e+00 2.938490102932768195e+02 2.889261637622080325e+00 4.168131892602028756e+02 4.576338485617520178e+02 1.582063800484639593e+01 2.363636755636161269e+01 1.553640013940452320e+02 6.094871600550742414e+02 1.335715715956707470e+02 1.827243035073092869e+01 8.919913782326470937e+02 1.242705697993115734e+02 1.188315809579917198e-02 1.046765440110066947e+03 6.062860209625262087e+01 1.384519278725812910e+03 1.051104387857281885e+00 2.226407851192935894e+01 2.791132837442999630e+02 5.013820777657005578e+02 4.407538963717313436e+02 1.797643081129094185e+02 5.029664275164231526e+02 8.776423823852479700e+02
0.000000000000000000e+00 1.443565783930953103e+03 8.690723315387499781e+01 0.000000000000000000e+00 1.352823743505482241e+02 4.886295377993286593e+02 2.670024072747064565e+02 6.156218573597364241e+01 1.640960895109188522e+00 1.185921725016735166e+02 2.018477001021101813e+01 1.606238472955528550e+03 2.875955517951377374e+02 2.419467195916298294e+02 1.264056151867569497e+03 8.209288397082974598e+02 1.145931966276613366e+03 1.217174270886149517e-01 8.999761810691110213e+02 1.147419912840777670e+03 0.000000000000000000e+00 6.312618333901901906e+02 2.205863348680701996e+00 1.220811732976713756e+03 1.150054280114000136e+02 6.902544784599946581e+01 8.323672783757703542e+01 1.394587480485531614e+02 6.725839209185201639e+01 6.605810933195845109e+02 7.367620303572178386e+01 8.557588605860787823e+01 2.016628107591231185e+02 1.618805667179331067e+02 3.257555020037739002e+00 0.000000000000000000e+00 1.038023587714407796e+02
0.000000000000000000e+00 1.085268336891484978e+03 1.218417732852913105e+03 8.783154150191016925e+02 1.121040229550650793e+03 3.367693335895293671e+02 1.412967246088808906e+03 5.485731573329663888e+02 1.737594597762179660e+01 3.084207263559185321e+02 3.274405757736841451e+02 4.933374349090291844e+02 6.534553107450646792e+01 9.141767175554533651e+02 0.000000000000000000e+00 1.377304185712840763e+02 2.594333175853530520e+02 8.884930129635149569e+02 6.411654474154513537e+02 8.772506030609923400e+00 1.053311872770555055e+03 0.000000000000000000e+00 7.959805326895153144e+01 1.130906258921788776e+01 1.055547469597185000e+03 1.233043617637651550e+03 8.527824379841707696e+02 9.645783539537372775e+00 5.296069646368183470e+01 6.085620904659788266e+02 9.091930294905018854e+02 2.525347614599760675e+02 9.701559058469008505e+02 0.000000000000000000e+00 2.779491692149851811e+00 6.619633719530469307e+02 2.906261519032329876e-01
0.000000000000000000e+00 0.000000000000000000e+00 0.000000000000000000e+00 4.697256960646195978e+01 1.147093224892986427e+03 1.921008092045662086e-01 7.274802526594850542e-03 8.929985694653419515e+00 1.297339693737108846e+01 1.783397951497534706e+01 6.199142516516031947e+02 4.724620335259520516e+02 7.390942371620749896e+01 3.211578387405771196e+02 1.069586300033462976e+03 8.012613436001547029e+01 8.210578550005734542e+02 4.822516281797621787e+02 0.000000000000000000e+00 0.000000000000000000e+00 2.302842895777099219e+00 8.522071064956135444e+01 1.607581793569943613e+02 1.166304670424935011e+03 1.378959176001665621e-01 1.486322507105346347e+02 0.000000000000000000e+00 1.382329386356738496e+03 3.391807578175697131e+02 4.450339835167067690e+02 5.259581711065684431e+02 6.060328356090979014e+02 5.247823942266688846e+02 3.010935576035489589e+02 1.011834154847546046e+02 1.232396822180373697e+01 1.748336809772660816e+00
0.000000000000000000e+00 1.465905296245720592e+03 5.734780790496147347e+02 3.616108144359255334e+02 5.040125193712314058e+02 4.401781780519872314e+02 9.092027210222480562e+02 1.646007288310030248e+01 1.373431809801404135e+01 2.989884695603970499e+01 7.598393140161006158e+02 1.097398226081279063e+03 9.504990695408172030e+01 5.681804103137944821e+02 1.145016559272525683e+03 8.234713022243164460e+01 4.903310926110728474e+01 9.187658060386762315e+01 5.931041656109096039e+02 1.732265139353207246e+02 7.432862631894531660e+02 4.263586751131774655e+00 1.618897432861219787e+00 1.631424677680126081e+02 1.014014344242461675e+03 0.000000000000000000e+00 7.232684654031399987e+02 2.827066549668406878e+02 4.354042454899035306e+02 3.230166469530769859e+02 8.343200790736095485e+01 4.140069225029823201e+02 3.658025518824356936e+02 4.755890440150870973e+02 6.453010341418605833e+01 7.037010275215674255e+02 5.194909302198823298e+02
0.000000000000000000e+00 4.315902042913235164e+02 9.478645551377326228e+00 4.756453461358211143e+01 2.369622891387230723e+01 1.857571343556358201e+01 2.579700101556192635e+02 1.153136930084150208e+03 0.000000000000000000e+00 2.033944423055872619e+02 1.042703489146544538e+00 9.011942285760849813e+01 4.704732048677571754e+01 1.063782054010820048e+03 3.376804353557018885e+02 1.447878829836843408e+02 7.502744256698096024e+02 6.415112481335636119e+01 7.598984458105903173e+01 1.873705874403538871e+02 2.851187245431393080e+01 7.451632223665848187e+02 1.019779380465396628e+02 1.742105296909504375e+02 0.000000000000000000e+00 6.062560665983746100e-02 1.860655044673566465e+02 7.904260010641324925e+02 3.582988563978008756e+02 8.420549045547992364e+02 9.945118480053773169e+01 4.008160490294966394e+02 1.461000733993752192e+02 8.974733444735236390e+02 3.327228880239389497e+01 6.234987731855446782e+02 4.265332384046726588e+02
0.000000000000000000e+00 0.000000000000000000e+00 1.000717616954782329e+03 1.990234985001633872e+00 2.897089348443101358e+02 2.799032990445699642e+00 2.830763707927318364e+02 5.337609481908625639e+02 3.881048130854908851e-01 1.025595204338645544e+03 3.438096104385741683e+02 6.434677596763297913e+01 3.074778035344437832e+00 9.167435140157996898e+01 3.035655538249267806e+02 3.003451046093870218e+02 2.726037882157798435e+02 7.576195686401568992e+02 7.972514635462036949e+02 1.985064154026010215e+02 7.310378489853092105e+02 3.328072030835135138e+02 5.670903728661513696e+02 1.033714079590068650e+03 1.277160235319286585e+03 7.314468423269879622e+02 3.236460591974390066e+00 1.566913030205575694e+02 2.546528383576065551e+02 5.707183021283641438e+02 9.380389181243782559e+02 4.544634457501472866e+02 4.331439798500740039e+02 0.000000000000000000e+00 1.225698899330910479e+02 2.585912745512229662e+02 1.241904183332102285e+01
0.000000000000000000e+00 0.000000000000000000e+00 5.762226193533008427e+02 1.822124161302050140e+02 9.251681264501714850e+02 4.637172011045286126e+02 7.353295670397060668e+00 7.189993713286880528e+00 1.158140928330757561e+03 8.504421035543263088e+02 1.902524003375606654e+01 2.160167744803484311e+02 1.310730822876896582e+03 1.136324730026342138e+02 2.706042094426433664e+02 2.699715563833029464e+00 4.094786714514220876e+02 1.307637618879716301e+00 1.003903429121264821e+03 9.299840926878660241e+01 1.424556586912735838e+03 4.699189268270543174e+00 6.992242118458460709e+01 2.459809856966432449e+02 3.344855460020789195e+01 7.330396549504680479e+02 1.600086048613498633e+03 5.909818768253202848e+00 8.666596891427046785e+02 4.554570497675868523e+02 8.328308237138404593e+02 1.551800853651353009e+03 5.240782376142771426e+00 9.240587282554785133e+02 4.172999581512096938e+02 5.577779925943768831e+02 8.648388102441853675e+01
0.000000000000000000e+00 6.428067741357326668e+02 1.191000409106991675e+00 2.287713392766727054e+02 2.355430832982761160e+02 7.473094714567960928e+00 2.732953656005029188e+02 3.920507049754735363e+02 6.330746396957240307e+01 1.164954606155411966e+03 2.592750291901110060e+01 8.314061229128820969e+02 1.017745782894418653e+03 5.631058971673161828e+00 9.237390156812866735e+02 9.480708640737275061e+01 2.507758840950824606e+02 8.081293636813695613e+00 1.499643658453377157e+03 2.943611195032252681e+02 5.805634255485374524e+02 5.072301986124515452e+02 1.372986484675745977e+01 1.255167469397832036e+02 0.000000000000000000e+00 1.186317594159036446e+02 3.886388311238786741e+02 9.594985908681777920e-01 6.228953039235565257e+02 4.226702986384304950e+02 1.197902039229596312e+03 1.965143480278430133e+01 8.387798069889616954e+02 1.589009487562141203e+03 0.000000000000000000e+00 4.947121501848625371e+02 3.548228448467084490e+02
0.000000000000000000e+00 5.695221306044138601e+02 5.040032416974732996e+02 9.546773169241339474e+02 9.327593613031462741e-03 1.712649407551273953e+03 4.808568601922154357e+02 1.687612159486654946e+03 4.709504624338213716e+02 1.387416748899974550e+02 3.547770560561765478e+02 1.043876106013188121e+02 3.882682627893782268e+01 3.561400438468186849e+02 5.192499184173847704e-01 5.673333750747533486e+02 2.547253333908078843e-01 7.997265084937235713e+01 1.099348780316463348e+02 8.241692772425086559e+02 4.598636035339505952e+02 6.837425242752584609e+01 0.000000000000000000e+00 1.462130507342222074e+02 1.226808572350079203e+03 2.602517393916297692e+02 0.000000000000000000e+00 4.520302510615586584e+02 4.397719823107485126e+01 4.871746669467337938e+02 1.123934706419244094e+03 1.195611889887194224e+01 8.286678559350596061e+02 9.712580174615156920e+02 8.434539608754942037e+02 1.314081912521136474e+03 1.656428756036656011e+02
0.000000000000000000e+00 4.030317501567989069e+00 0.000000000000000000e+00 0.000000000000000000e+00 0.000000000000000000e+00 0.000000000000000000e+00 0.000000000000000000e+00 0.000000000000000000e+00 0.000000000000000000e+00 0.000000000000000000e+00 0.000000000000000000e+00 9.248202162567738469e+02 1.200726411863944577e+03 5.778215141173843676e+02 1.446807740472357516e-02 8.137477525959894820e+02 1.097465187224155443e+03 1.339507047807712070e+03 0.000000000000000000e+00 0.000000000000000000e+00 1.698569456243232025e+02 2.847900485200435128e+02 6.740315649407780718e+00 9.590558835527019932e-01 0.000000000000000000e+00 1.728305740190599522e+02 1.050886672316629074e+03 1.070825614024350017e-02 1.594409222704360445e+03 5.486207932728699461e+02 6.252483492798812676e+02 4.405158900169146108e+01 5.757287851463697734e+02 1.476662786822731732e+03 7.267839711346704235e+02 9.600811586303594325e+00 1.383962494752380735e+03
0.000000000000000000e+00 1.487256133374671379e+02 0.000000000000000000e+00 0.000000000000000000e+00 0.000000000000000000e+00 0.000000000000000000e+00 0.000000000000000000e+00 0.000000000000000000e+00 0.000000000000000000e+00 0.000000000000000000e+00 0.000000000000000000e+00 0.000000000000000000e+00 2.901668041964820116e-03 1.304813069179057948e+03 1.200087567126533230e+02 1.368137906755925997e+02 3.935279894755877308e+02 1.518684396387198603e+03 1.421424320658222322e-03 0.000000000000000000e+00 1.384428928101511929e+03 0.000000000000000000e+00 1.235009957609674075e+03 6.312770161700456129e+02 1.675922806202714810e+03 1.150921601203974964e-01 0.000000000000000000e+00 1.631016035742466329e+03 0.000000000000000000e+00 1.030505792174347107e+03 1.223357489009935648e+02 4.634891146596224303e+02 3.093553636251418126e+01 1.052406756625109438e+03 5.527852930270347542e+01 1.627975407645141331e+03 5.341171204464253606e+02
0.000000000000000000e+00 3.806330171044436952e+02 3.435256339674020865e+02 1.720080994505622865e-02 6.755363013588328158e+02 2.648840178812297381e+02 7.765546095913848923e-01 3.209398753364831123e+02 2.106867558026010201e+01 7.381477533245201528e+01 4.331568180894798559e+01 2.646277278766596623e+02 2.087333643010924220e+02 0.000000000000000000e+00 2.865556102355959034e+00 0.000000000000000000e+00 7.175948964389211824e+02 0.000000000000000000e+00 1.572279813184543400e+03 2.767696895466168598e+02 1.320378838692394807e-01 1.165513442929033090e+03 0.000000000000000000e+00 7.297326717461651242e+02 3.235161455773186162e-05 1.631267204110355806e+03 0.000000000000000000e+00 4.208908884006579854e+01 1.115595022330148822e+03 0.000000000000000000e+00 0.000000000000000000e+00 0.000000000000000000e+00 8.247610246311900255e+02 8.821389486949881586e+01 1.407218178697456551e+03 7.301901288498577287e+02 4.345789666089176535e+02
0.000000000000000000e+00 1.334738037514054838e+02 0.000000000000000000e+00 3.421240200832964096e+00 5.687267273542245221e+02 1.544179545349157252e+03 1.569377772168143448e+00 1.515242038931147135e+03 1.608325166728217937e+03 1.247298839195339237e+00 1.604567393274668120e+03 4.774547354883974890e+02 1.912782721141444995e+02 1.671111905373446689e+02 8.728719626284862443e+01 1.014454176109434002e+03 0.000000000000000000e+00 6.696790689487165764e+02 5.243790166791180809e+02 3.730489976450986092e+02 2.616941299302743573e+02 2.324818847478671614e+03 1.222244788758052209e+03 0.000000000000000000e+00 0.000000000000000000e+00 7.149265206606339689e+02 0.000000000000000000e+00 1.128089542711743661e+03 8.182995652111681011e+02 1.373308972859658361e+01 0.000000000000000000e+00 3.092527492856085019e+02 6.417544154646088295e+00 0.000000000000000000e+00 0.000000000000000000e+00 1.405931543377467051e+03 7.635336665756102548e+02
0.000000000000000000e+00 0.000000000000000000e+00 5.094775584775733250e+02 4.839207347135157420e+02 1.247525315954649727e+01 7.358064781865870145e+02 4.141701872012145600e+02 9.252876741373364666e+02 8.784965184466279879e+02 3.268355046852430501e+00 1.399761351370846342e+03 7.284619840482130257e+02 6.840295873870257992e+01 5.029220423914745197e+01 3.894863438056770519e+02 1.503453769295922939e+03 7.512435905232571258e+02 0.000000000000000000e+00 3.170309504231296671e+01 4.630805490332491559e+01 3.449027493381234422e+02 1.930462930686183753e+01 1.726947911465775860e+03 9.152894868245974536e+00 1.272609803189324822e+02 1.430647615023962658e+02 1.056828207161894406e+00 2.239820442835710068e+01 6.881881524180914766e+01 2.171963258521868312e+01 2.936924881343647940e+02 9.454665908068467672e+01 2.286955082942742479e+02 0.000000000000000000e+00 5.230561538055563915e+02 0.000000000000000000e+00 0.000000000000000000e+00
0.000000000000000000e+00 2.510020084352385652e+02 1.039909466657894077e+00 3.686648094530787034e+01 2.161202065061382029e+02 7.694157262636268797e+02 5.148379103745996872e+02 0.000000000000000000e+00 9.872395581149879717e+02 1.578352905015000651e+01 6.931749302467486586e+02 0.000000000000000000e+00 5.803276188963367055e+00 1.169593944405276261e+03 2.180861065805812871e+02 5.955825603247061508e+02 9.988388280927406413e+02 7.065647672797607584e+02 0.000000000000000000e+00 6.336765975472346781e+02 1.396350931492985836e+00 1.756214932061578224e+02 2.210933483047117676e+00 8.887171282275099884e+02 4.092153443825534964e+02 5.674146476404572326e+01 4.900637403110115429e+02 0.000000000000000000e+00 3.839997954704991798e+02 5.190128532733485622e-01 1.131905745556452914e+01 0.000000000000000000e+00 3.703450343150683466e+02 1.467698318966897432e+03 2.192123424044256410e+02 2.384526969437013033e+00 1.720382392735736516e+02
