output/example_1/lateral_incision_000450.asc
nrows	75
cellsize	13.33333333
xllcorner	0
ncols	75
yllcorner	0
NODATA_value	-9999
[rows 51 to 67 of 75, columns 37 to 73 of 75]
2.147226814156903750e-04 1.187799402173974158e+03 0.000000000000000000e+00 1.997762551041006134e+02 4.770421306845846630e+02 9.016943266799187313e+02 0.000000000000000000e+00 1.627058307258746026e+03 1.518381952806166964e+03 0.000000000000000000e+00 9.616360456407441859e+01 1.878054969968961929e+00 3.708921421528262319e-01 8.262017785322227637e-01 5.788810704868903034e-01 8.489684184394989952e-01 0.000000000000000000e+00 9.280015287168182081e-02 8.446237863647922950e+01 7.862246824089970687e+02 0.000000000000000000e+00 1.059993618864733207e+03 2.828609628725096741e+02 3.979960081868293142e-02 8.156236466999490631e+02 1.209792008442462503e+02 1.685403855623335971e+02 3.497034952699625610e+00 0.000000000000000000e+00 3.214117645298907746e+02 9.639026125328510943e+02 6.578817258081056707e+01 3.625100503797159490e+02 2.473991854422136782e+02 6.027717391047522355e-01 1.193188371722838838e+03 0.000000000000000000e+00
6.133078298451606543e+02 2.100172413430187248e+02 0.000000000000000000e+00 1.490890766417556506e+03 9.093684005849993355e+02 0.000000000000000000e+00 1.053198001844600867e+03 3.412532158603900143e+02 9.914120477903985602e+02 5.966093940278589116e+02 9.652600912011506296e+01 1.185953106342786896e+03 1.181665938982750504e+03 8.314677235823311321e+02 1.267434539545373724e+02 9.026892174618867557e+02 0.000000000000000000e+00 6.859599968573535307e+02 0.000000000000000000e+00 1.739919255957035560e+01 2.361932987143906075e+02 4.016511875896120465e+00 3.802120395920251212e+02 1.198778231387221240e+03 7.986637807350298317e+02 2.676395047921891432e+02 4.610827334360903365e+02 4.634576117609411767e+02 5.507342096149092185e+02 4.067218924676644320e+01 1.740220693907792111e+03 8.680202416000771564e+02 0.000000000000000000e+00 1.007339918344309126e+03 7.541915255170142984e+01 1.659198801112565206e+03 6.147630785833438694e+00
4.974550563418728188e+01 1.206769806976664540e+03 6.151646398424142070e-01 1.033177742827677093e+03 0.000000000000000000e+00 1.423751734866219977e+03 1.991526658460890786e+01 1.087409233048807664e+03 1.751124852762461614e+02 6.834727664821208464e+02 4.565719561916894875e+00 8.558674976068278966e+02 3.290937410132759866e-01 1.504173904098445576e+02 1.948075300769168194e+01 1.724512723589368306e+03 1.264948934345252610e+03 9.239353275818743549e-01 1.236529506125632679e+03 1.995124096979395389e+01 9.731176840487154323e+02 8.349083051341318651e+02 1.446907520316482954e+00 1.029771860968144281e+01 1.607522384034012703e+03 1.574746496460354592e+02 0.000000000000000000e+00 1.479867386546896668e+01 9.071919699551015128e+02 6.320077593674039917e+02 1.397296690905294554e+03 3.375143299612947345e+00 8.821439486197032238e+02 1.669696165049687977e+02 5.256247287713529204e+02 1.223030232210936106e+02 1.240876502509674538e+03
1.611199899293235861e-04 0.000000000000000000e+00 3.408893922479818173e+01 5.626699557287698781e+02 0.000000000000000000e+00 7.277142237099598105e+02 0.000000000000000000e+00 8.251191568871576010e+02 7.580845398334967058e+02 1.791188654161394993e+02 7.989358744213212731e+02 2.808811189291782284e+02 1.214384157316857227e+03 2.194360979110662768e+01 1.183380082783970238e+03 3.081874448372908759e+01 8.183209868859678409e+02 3.762716077084844812e+01 4.846859493689641454e+02 0.000000000000000000e+00 2.080202490049939286e+02 1.411964316147875564e+01 1.329608462995960053e+03 3.028611245998205637e-02 3.110035330671115261e+01 1.642588234689968374e+02 8.448118059304656526e+02 1.028638304915153867e+03 1.396612718698251001e+03 1.661578258341003675e+03 2.278709913337755300e+00 1.610617634986361963e+03 0.000000000000000000e+00 7.867244415514288391e+01 2.354842407214254585e-01 5.290852402462286364e+02 1.473046990456863057e+02
2.779668731356597391e+02 1.126474730501857948e+03 9.554170214761196434e+00 4.415139216398790154e+02 1.353375080928755779e+03 2.316278627900859988e+01 6.004103239267287790e+02 0.000000000000000000e+00 2.428962703765209596e+02 7.624529576891617353e+02 2.079283998546624730e+02 1.032008423764303416e+03 0.000000000000000000e+00 3.743031869629866719e+02 1.033948694806437288e+03 4.067725388650429430e+00 4.867325337373544158e+01 2.432152630475460171e+02 1.484203054502296197e+02 1.450092793077840838e+02 8.953929598115701083e+02 1.023329580953469076e+03 9.859001080125744110e-02 1.317269880419739593e+03 7.454820872426656706e+02 2.616702339788882981e+01 0.000000000000000000e+00 8.556739038670375521e+02 7.338397840116206226e+02 1.761339197324922523e+01 9.162032979441808038e+02 5.602081019899330840e+02 1.412704735996113747e+01 1.199644322506024992e+03 1.427624087854354684e+02 8.448677001309591788e+02 3.772177614417965685e+01
2.886413603773143564e+02 4.147565087273742961e+02 5.799082567958851797e+01 6.399682340193525079e+02 6.949514452303012604e+02 1.394996816626446901e+02 3.721959688642841684e+02 3.804383330861482477e+02 1.025838441456771655e+01 9.718756698164521595e+02 1.675664685073588771e+02 3.082353075972447343e+01 1.744789641190758118e+02 0.000000000000000000e+00 1.134340077666224943e+03 3.376344365151459925e+01 7.781428797554960965e+02 1.043907159566653945e+03 3.491309771764044445e+00 2.765275514854015455e+02 7.116883627889359332e+02 7.862860193118511916e+02 5.335958746196799218e+00 1.956224579987110985e+02 1.365268386817036117e+03 1.290750583443874167e+00 1.606429631903904237e+03 1.174102483606279520e+03 3.608472008902487427e-01 1.538651660695923965e+03 1.193708298353882583e+03 5.809175802408976779e+02 9.695718001646619344e-02 9.516175737601744231e+02 0.000000000000000000e+00 5.545529445169031533e+02 6.261179337342886697e+01
0.000000000000000000e+00 1.103070940206564046e+03 5.342897657993331961e+01 1.640328736262709754e+03 1.264071843899664742e+02 7.046685780475770855e+01 9.851871476008977879e+02 1.090807872324552591e+03 4.322516008426441658e+02 5.396592192700028079e+01 4.640049340062099645e+02 1.364351497846085692e+02 7.998369925862266427e+02 4.695090341636355902e+02 2.161378629042789257e+01 1.768676297208432402e+02 2.658295109276912171e+01 7.245573012695788293e+02 6.369769396940444040e+02 2.145130097296909071e+02 1.281415180643115718e+03 2.149820225227642254e+02 9.925458547930047004e+00 3.039826976545448360e+02 1.811427607284616670e+03 1.556031260844790950e+03 1.933783801733725216e+00 0.000000000000000000e+00 1.708376205534909559e+03 1.024690540994826733e+03 3.845449574975235318e+00 8.479825830211343600e+02 1.866724211140539467e+02 4.755760412957573635e+01 6.452152321771122843e+02 7.458571493697008918e+02 0.000000000000000000e+00
1.451603620244316517e+03 4.661994604714104895e+01 4.433483358101275940e+01 3.690932537953590895e+02 2.962558024930261880e+01 5.106420173443087265e+02 5.658884085460189226e+02 1.806258005011040950e+02 4.181972838615731121e+02 6.953631042992220124e+00 4.493419644972869946e+02 1.219015927490072045e+03 1.112709061772081668e+03 1.996098831347643738e+02 6.687509497334939397e+02 1.801641982952034766e+02 3.291717743737336264e+02 4.602251862182767468e+02 1.114440469280591515e+03 1.356733209777638649e+03 5.057229786524606752e+00 3.416534823680926252e+02 1.301346483241140504e+03 1.912379187998405339e+00 1.092210589727914112e+03 6.503349131927251392e+02 0.000000000000000000e+00 5.302535510162966830e+02 6.181683546196402403e+02 3.405102659464852022e-01 1.640568773676684202e+02 6.135682410645720211e+02 4.193478286048030412e+01 9.584709906156637089e+02 1.339105518792361522e+02 1.818148793268823624e+02 5.423292802538749129e+02
0.000000000000000000e+00 6.871073137052341053e+02 0.000000000000000000e+00 1.748015292365935238e+03 5.300628079576417129e+00 1.767385090045649676e+01 3.108137843784570364e+00 1.467905986728922016e+03 3.091199131490138825e+02 6.025246034353132529e+01 1.055647872658241340e+03 1.706139113633862507e+02 2.019981073810292003e+02 1.507942935507313905e+03 1.621971613106848963e+03 1.416266286103152368e+02 1.237271665409848993e+03 6.541387334066913581e+02 2.408852513558839519e+02 2.218864551189520853e+02 0.000000000000000000e+00 6.550414747268304154e+02 2.293493952377215521e+02 8.016667182132722473e+02 7.616223622905753110e-02 8.712008758543040576e-01 1.190636849385720097e+03 3.412237112289840866e+02 1.653477187188557878e+02 5.173582903361830176e+02 6.970956355794191950e+02 3.277648415971527243e+02 1.124536403539835590e+02 7.926659603793862630e+01 1.252208326768802493e+02 2.906713452753308502e+02 3.277446559939623398e+02
1.202615124360343771e+03 1.466805633646388515e+03 1.090858697855954951e+01 7.095350673542453706e+02 4.100379834822069824e+01 3.609350489177056147e+02 1.253612287437647410e+03 9.585395610498194685e+01 0.000000000000000000e+00 3.075141971432278751e+02 1.120760413730120746e+02 1.641761314034637849e+02 4.127663120525903651e+02 1.838479466908543714e+02 5.199779856637780995e+02 1.049805065290363046e+02 1.186914861327121571e+03 4.155527930600933928e+01 6.739838659445639450e+02 1.304403252038048322e+02 4.235770443272745212e+00 3.803881312937768939e+02 1.582944649348313249e+02 9.405876479400795409e-01 2.051076860941064695e+02 5.356155090478911234e+02 0.000000000000000000e+00 1.541431833040031279e+03 1.536738128698751780e+03 1.547563812240651259e+03 5.838816201805323090e+02 4.985908927193334894e-01 1.400963031401790658e+03 2.890054551537097609e+02 6.260275597506518963e+00 1.321690751772878002e+03 1.391280357887754917e+03
5.813371345599759366e+01 3.411324752873059083e+02 9.836329927980926868e-01 1.463561942900649001e+03 0.000000000000000000e+00 6.837882332047536238e+02 1.057043864604014971e+03 3.987449616417998186e+02 4.440709218767865423e+02 6.317973099183125214e+02 6.874229414866390186e+01 1.401801435058891002e+03 5.970654616358347084e+02 1.492825434641868831e+01 6.400665535592507922e+02 6.427833986086452001e+01 3.520042117973798668e+02 8.674488813448151703e+00 5.151195442080651219e+02 3.359317175374307567e+02 3.303455083182698360e+01 1.693264512019512949e+03 0.000000000000000000e+00 5.237423324052017506e+02 2.218713166229627731e+01 5.033540393048266424e+02 4.837017954987842927e+02 2.501641984388793816e-01 5.433464975288688947e+02 0.000000000000000000e+00 0.000000000000000000e+00 9.593260269604742234e+02 6.971545150049045105e+02 2.459775950105080540e+02 5.624094235743536956e+02 7.308940633212504281e+02 8.726395500100541369e+01
1.225436290273836448e+03 5.022409786092616741e+02 4.597556505675812133e+01 1.626515815413792552e+03 5.869145736575397905e+02 6.199936770466164262e+02 6.882356776502055595e+01 3.003152075521360231e+01 4.610934892809980852e+02 9.587984700959783879e+01 4.241544746385138751e+02 1.276118076831195509e+02 2.911890274370986731e+02 0.000000000000000000e+00 1.249384910377644474e+03 2.689648836504732685e+02 2.047089483120178954e+02 7.908641943417459288e+02 1.522747399184456469e+02 7.479237321022791321e+02 1.531818681846261825e+03 7.671014832072711442e+02 4.765983858519274463e+01 4.732083365880424708e+02 1.240661537831644182e+03 1.112364441395951417e+03 0.000000000000000000e+00 4.033300842883157884e+02 0.000000000000000000e+00 3.465791445502075021e+02 1.433085193160703739e+03 1.409612576799901944e+03 9.630406949477011835e+01 3.576800906584192035e+02 3.710558560998741200e+02 1.009482316208938983e+03 4.518942536827788015e-01
1.569946118070244268e+02 7.279655623814172714e+02 1.228696940405821086e-01 4.842660227943711675e+02 1.087468373404674821e+03 6.396113674967218685e+02 6.319016378670174845e+02 0.000000000000000000e+00 3.534470688214236134e+02 9.509804937118596513e+01 7.254692385561111223e+02 1.211733733727149229e+03 5.124864277176311589e+02 7.277027627475756617e+02 1.282132269178156889e+02 1.733091054934818231e+01 9.861928743232310808e+02 3.712530172734764733e+02 2.595098654194707706e+02 2.416255616996843969e+02 3.750931619846110721e+02 6.718185401043603733e-01 6.597742941768367473e+02 3.586172900495579370e+02 1.044310940324512558e+03 1.177425494104282507e+03 0.000000000000000000e+00 8.680381215066715868e+02 2.311297292832643677e+02 6.127153342247122492e-01 7.385684387238507043e+02 9.831240913009364704e+02 3.910902603337252117e+02 6.567079539264943833e+02 8.471218843943550780e+01 3.104102888116482362e+01 3.588898270800515888e+02
2.614094180040580113e+02 7.460252449572496225e+00 4.610113371483486731e+02 1.651414729450920404e+01 1.591716027022525168e+03 0.000000000000000000e+00 4.843250007205058978e+02 1.196449190584893358e+03 3.633802925117666973e+02 1.411906238168904792e+03 0.000000000000000000e+00 1.746886025947010523e+02 0.000000000000000000e+00 4.366591748385571918e+02 8.446682763974332602e+02 2.990302119721004601e+02 6.777491969136837824e+00 3.140533886437036770e+01 8.203848990484027581e+01 1.137077600069420100e+02 2.493500753171958877e+02 9.035466758805754353e+02 1.511645992470928604e+03 8.215822774639485715e+02 3.844171972653994658e+02 7.221853021905900505e+00 3.030853204853414695e+02 3.480970636920532684e+02 3.621066831932831460e-06 4.612911609929681163e+02 1.909638576532374454e+00 1.653134818323899822e+02 2.872856968316400526e+02 3.485895544075724661e+00 7.263109567978165160e+02 3.610253140873086153e+01 7.189992460577199154e+02
9.035984047326644841e+00 1.154374892103894581e+02 3.351384215116318046e+02 6.462882635969239118e+02 8.606395508994758359e+01 6.245139493587982997e+02 9.356864877030212710e+02 7.439158564416698027e+02 4.722108191187410853e+02 9.919893092986674432e+00 1.112799802900722852e+03 5.543601698589284297e+02 7.094483971983700030e+02 5.343036223169692676e+02 6.240273388910291885e+01 1.980768161339602216e+02 0.000000000000000000e+00 7.666002655125388401e+02 8.910123975722872274e+02 3.395737681812267539e+00 1.136006692872866211e+02 1.267365283224024324e+03 7.108673738321357405e+02 1.200898548099830236e+02 3.871613367297046437e+01 8.948432685971673664e+02 7.711372200057394366e+02 1.646026516094973147e+02 1.240841675204089256e+02 5.415721524004752609e+02 1.292276554064008451e+03 1.066065320304875144e+02 1.489925987056461281e+03 8.574976603920895286e+02 3.398064455899209975e+02 1.306846891972014419e+03 5.760643878305667442e+01
5.463302838110737270e+01 3.985672491648691675e+02 5.608919151739194531e-01 1.087369699856888474e+03 5.547661055142941677e+02 1.388938668050350778e+01 2.547182241989291072e+02 4.297016091905082362e+02 2.222294166640547175e+01 1.042857644544350705e+03 5.399704324196438847e+02 6.566917824406635873e+02 2.766511792028550354e-01 8.450408179341060588e+00 1.371758081266266061e+01 3.572666111573940384e+02 1.774546397065626309e+02 3.022518813276795413e+02 4.647553629119713037e+01 1.736325891467434133e+02 5.566914100288316831e+02 0.000000000000000000e+00 8.694532040139117157e+01 6.576380955790293683e+02 1.042747226658925186e+01 1.709147903354056098e+03 9.961676611016605420e+02 6.986935193122067176e+02 4.955724302803524495e+01 2.185239383791671628e+02 0.000000000000000000e+00 9.156419225473691768e+02 1.829370490931783388e+00 1.193129308878910024e+03 8.757130608751328964e+02 1.451321080165220394e+02 3.809255352131089012e+02
5.530182083046763637e+02 1.843390477185158147e+02 6.862115585574126442e+01 0.000000000000000000e+00 1.243464178185311994e+03 1.011140764832859986e+03 0.000000000000000000e+00 1.527953887450851425e+03 9.819599739005633410e+02 8.762139115709258022e+02 2.474215740166847297e+02 6.767290328067300607e+02 2.827989895022815858e+02 5.679051744316159223e+00 1.489543936425972825e+00 5.019001373420517780e+02 4.787621876549243893e+01 7.775735573658626265e+01 6.342127092448637882e+01 7.607364829286868826e+02 1.295829973661071755e+01 7.853079608139710288e+00 1.261181802091751969e+01 2.179750618402090936e+02 1.205744107710193447e+02 9.712937889075503790e+02 0.000000000000000000e+00 1.018111900092970359e+02 0.000000000000000000e+00 4.328468554292774115e+02 1.470034284816912589e+02 1.101276276441444452e+03 1.907393283187228690e+02 1.166926800956707524e+02 0.000000000000000000e+00 5.926676992846113308e+02 4.331079316735243196e+02
