output/example_1/lateral_incision_000247.asc
nrows	75
cellsize	13.33333333
xllcorner	0
ncols	75
yllcorner	0
NODATA_value	-9999
[rows 17 to 33 of 75, columns 37 to 73 of 75]
1.649686676660526530e+02 3.360211115182398605e-05 6.035626943697249089e+02 7.414184491227836133e+02 4.911001139988605360e+02 7.760798550275153502e+02 3.870659282292101580e+02 9.582622870601851446e+02 7.536239942082255538e+02 0.000000000000000000e+00 6.297311871970554193e+02 2.392327248756821803e+02 4.263644784468253306e+02 0.000000000000000000e+00 1.210027959703442377e+02 7.747370739790306970e+02 4.797018395658100758e+02 4.392490934733687347e+00 6.240491211036026016e+02 1.091319979584668772e+03 4.723391575542908640e+02 5.809880323525866288e+02 3.416941833050977380e+02 7.232302819606806210e+00 4.612499468497500699e-01 3.535550173308039490e+01 1.963109777071944109e+02 4.494061804884062816e+00 1.209593462234166964e+03 2.613167516437321325e+01 9.520900756681485291e+02 2.259337075375406130e+02 2.405567821602889182e+02 3.845950756323876618e+01 4.158156226848681740e+02 1.514087376512092220e+01 4.518188950776061574e+02
1.403325029476780514e+02 3.182327426505552239e+02 2.710920833933784024e+02 7.955686766624406800e+02 3.519340295803574463e+02 1.050759954020922322e+02 1.471821109686522675e+02 0.000000000000000000e+00 4.604962074251056414e+00 1.228833473193976289e+02 1.017924588508300985e+03 6.715678675360075545e+01 8.060223055878136620e+02 2.097808112554737647e+01 9.262222572379499752e+02 0.000000000000000000e+00 4.410079609288653160e+02 3.074887161539699036e+02 1.282123709915173777e+03 0.000000000000000000e+00 2.032611937805056357e+02 3.312748873901399520e+02 4.519153460179477833e+01 1.064553760619572586e+03 1.173134777352853916e+03 1.126547907208280094e+03 3.535047805896378748e+01 6.676277850319327172e+02 5.948670116869808453e+02 4.478322133518507719e+00 3.429004072101265166e+01 0.000000000000000000e+00 5.695555407960873708e+02 7.283196707791668132e+02 9.597576185735026684e+02 7.599415326995272224e+00 7.472072341026320146e+02
1.508674410027851081e+03 1.652417775168329626e+03 8.042789193964525793e+02 5.697788309482950098e+01 2.249153209832534372e+01 1.626037062543825641e+03 0.000000000000000000e+00 8.374498883234961113e+02 3.238206405881020089e+01 6.617137120777999826e+02 5.667705255253017604e+00 1.507752066327747798e+03 5.005919040372086215e+02 3.260389848793014949e+02 1.091325381882133797e+03 3.892655567844951747e+01 1.289360276106949186e+03 1.350197071651643910e+03 1.455216717953569017e+01 8.683434947374501007e+02 1.085588339966973308e+03 2.399139299715976392e+02 9.703339750173861944e+01 8.305942599574873952e+01 9.537486846789538504e+02 2.614021230461892173e+02 8.560589712030215992e+01 1.110388960167487085e+03 1.664309056763691842e+03 2.971825279271634557e+01 7.255625250820546057e+01 3.243449114835912042e+02 7.955077806151464870e+00 8.135277414467696477e-01 3.610458122808142889e+01 8.901630662092803732e+02 0.000000000000000000e+00
1.557264837083938858e+02 0.000000000000000000e+00 1.505974104803466957e+02 6.920056728691489525e+02 1.720632140009828845e+03 1.562891119706936838e+00 4.104363963820855110e-01 4.308483669994864158e+02 8.323786925514676227e+01 5.158561584702995333e+02 7.052495013403007533e+02 3.858960172993565152e+01 1.156687665895551390e+03 4.706215386963783054e+00 4.234828429137637613e+02 3.049124171300272224e+02 1.143178906004886585e+03 1.010300439288239090e+03 1.572683236519329967e+03 5.676524417151286528e+00 2.556787627502152205e+01 5.191258564606778236e+02 1.902284507264152751e+02 2.840617235896685315e+02 4.458171349930008205e+02 3.606487728415287961e+02 2.179493072706917722e+00 2.651897636181134317e+02 1.007803796386601647e+01 4.554770788188148600e+01 1.025969360215068264e+03 1.554967677729981972e+02 1.075295233470149924e+03 1.573710910428412717e+02 1.327737312789423356e+02 4.795321186021668325e+01 1.140374908247891117e+00
5.185962124383648870e+02 0.000000000000000000e+00 0.000000000000000000e+00 2.926437335051840449e+01 1.154967700996885696e+03 5.909996637292811101e+02 3.386938805580844480e+00 3.051270644614424441e+02 3.470483252294996532e+02 4.919006249918958247e+02 6.895195739432560913e+02 6.610902636987086680e+02 3.295420146529600629e+02 3.252494008520029123e+00 7.193094021364036905e+01 7.923485771637156505e-01 1.349388517291485869e+03 0.000000000000000000e+00 9.783560356522298207e+01 1.238436665547073744e+03 0.000000000000000000e+00 1.467414866161399232e+03 1.377376846572598765e+02 0.000000000000000000e+00 1.552452696841491502e+02 5.722152536180852849e+02 2.982750374906156594e+02 2.272293602199618192e+02 1.378602199277056798e+03 2.215394374270446320e+01 1.678767526985534005e+03 1.028276092602029166e+03 5.040791437779352577e+02 1.166584861468411646e+03 2.292812641802015037e+02 2.420757481016929660e+02 2.320159592952346657e+02
2.826899709832288750e+02 1.709206692454737095e+03 3.259250520266195217e+00 5.023141812754973330e+02 5.799278761581300614e+02 9.831078725047217404e+02 7.427779068458579559e+01 1.283315953590210157e+01 1.045985712866010090e+03 8.168221814700264076e+02 9.040965128550187968e-02 1.305747780444582133e+02 1.765982354765870070e+02 1.064701944327617184e+03 1.501413699484315430e+03 9.778699451933282489e+02 9.127046439928003352e+00 9.000440504612413406e+02 9.169660006205365335e+02 4.343881832835360113e-01 2.953280883942384638e-01 3.015512180257692307e+02 3.662440340535420091e+02 3.917085796716842196e+02 2.205559598447402720e+02 1.711669380945453733e+00 2.733337859360655102e+02 3.552369598725194919e+02 6.464719487188716585e+02 2.713967828272637206e+01 1.505046605573215324e+01 3.887414754830818708e+01 1.057703811469577886e+02 2.210786528507583526e+01 4.504795439231353527e+01 0.000000000000000000e+00 7.772952095591570014e+02
8.786158924163414152e-01 9.251352705424912983e+02 2.676170956135974848e+02 1.111170930456164427e+02 0.000000000000000000e+00 5.499207286041838643e+02 1.720289409929485771e+02 8.896550551491870920e+02 2.357469465478609720e+02 1.756317705421201580e+00 5.757502359172372408e+00 1.165437387424673510e+01 5.396651533030000110e+02 8.882802649265451009e+02 6.588856693417453698e+02 0.000000000000000000e+00 7.475093139154705568e+02 1.524810966264458045e+02 0.000000000000000000e+00 1.002014764604519200e+03 2.985218553668785830e+02 5.890790517041402552e+01 6.797523996112950044e+02 8.509692017284029362e+02 7.381379045389144800e+00 4.207758214832642807e+01 0.000000000000000000e+00 1.044772886488803287e+01 6.286913895583013527e+02 1.209581161520405956e+01 1.543892890049744153e+02 4.576177131812748939e+02 3.601213185646067245e+02 5.286146591032278366e+02 4.524227271389049747e+02 2.210547874014177694e+01 6.083088999585415877e+02
1.111003629986395481e+03 6.845687343051743312e+00 1.157978679400093597e+03 5.401677433773251096e+02 0.000000000000000000e+00 5.401327165974692868e+00 9.356327178398944966e+01 2.364279442013701953e+02 5.777230335179832537e+02 1.325970696514667964e+02 7.353219992008529289e+02 0.000000000000000000e+00 9.433171400812083718e-01 1.329261433945713691e+02 2.202468490007578907e+02 1.288252574247924713e+03 9.912907455636759835e+01 4.893948291422365173e+02 1.108228216002333719e-02 7.649430947685256115e+02 1.066891616283775619e+02 9.236517698745495863e+01 1.117539236433614462e+02 1.031022217498930331e+02 1.690403286445429103e+02 3.123007969021032864e+02 1.084964958117256856e+03 0.000000000000000000e+00 9.108847709600512133e+01 2.740703528953381252e+01 2.163620245230834769e+02 4.841725954930249145e+02 1.105654146803432013e+03 9.440284714964290060e+02 8.198691240958369235e+02 3.775404139284024296e+01 5.055578595976587053e+02
2.685635833111279567e+02 8.331728336112762463e+02 0.000000000000000000e+00 1.877479988627571856e+02 4.913516546980619069e+02 1.186766312652507764e+02 1.114368526609976925e+03 8.384858942802821957e+01 1.615997451836143171e+02 5.346527712718062730e+02 3.136598423366224608e+01 6.811709745779435252e+02 6.823442098818568411e+02 8.364318585705688065e+02 1.651070571754013940e+02 8.254379920466333260e+02 1.789541401061636066e+02 4.703683398287327009e+02 1.217180977769003363e+02 3.637348065113050097e+02 5.268136224913840806e+02 2.828918242843526514e+02 1.081590798341827394e+03 7.476406846999356048e+01 1.174440319457722950e+02 1.924555564255741160e+02 3.798121708661404416e-01 1.070269571113670509e+03 7.368978120656997817e+02 7.842100370292258704e-01 5.018354997478671748e+02 0.000000000000000000e+00 2.853330921750085167e+02 0.000000000000000000e+00 5.437805868675281928e+00 8.350920140979986854e+02 7.058549502514179039e+02
5.068118866713657411e+00 2.107845214706124466e+02 3.482017758290406846e+02 7.253120955807516168e+01 4.384234962104729902e+02 4.961154407315865456e+02 9.749999168301136478e+02 6.298621828480136173e+02 3.840196792113545143e+02 4.733027437037098935e+02 0.000000000000000000e+00 9.625855862577226389e+02 6.042090243380420134e+02 1.451262853300983657e+01 0.000000000000000000e+00 8.557041830908318616e+02 3.913093577632147912e+01 4.284481995438486024e+01 9.756026095105121385e+02 0.000000000000000000e+00 0.000000000000000000e+00 0.000000000000000000e+00 1.745508207411347428e+02 1.569763627606684850e+03 2.109955787352776557e+00 1.446246027407550628e+03 1.446338242898085102e+00 3.461986984032217052e+00 7.660772123338669415e-01 1.121339116252644089e+03 1.649442765758115286e+02 6.942378810143400187e+02 3.231155056422971406e+00 4.813735355503432629e+02 5.410399619707167176e+02 2.219626229401609976e+02 1.389155410487506117e+02
6.035071354778322075e+02 7.180214159086804102e+02 1.768946958931961078e+01 2.525164517065998666e+02 3.306860012743672028e-01 3.560463029731899383e+02 1.285221643780051863e+02 0.000000000000000000e+00 1.052973198182967423e+02 7.592835811868748124e+02 5.670005957340605640e+00 5.422861754897691071e+02 1.883626326617403990e+01 3.158618793515118455e+02 0.000000000000000000e+00 5.607515883470122731e+01 9.621252064907630484e+02 2.370930894899443686e+01 3.035275559540922359e+02 4.183175370321990272e+02 1.103721773870928047e+01 7.408074667874038255e+01 4.524454854383187552e+01 0.000000000000000000e+00 1.260864569455535957e+03 1.905445624468799398e-06 1.107508478718893912e+03 4.529756678357177435e+00 1.125853030083067779e+03 1.151340699992220607e+03 5.231049605345577902e+02 3.322420671299984178e+02 4.410209741498011482e+01 4.904775549378875894e+02 6.315872012054708762e+01 3.674094293621690355e+01 5.000125434558353845e+02
6.324086491731750215e+01 8.535983521726413059e+00 0.000000000000000000e+00 3.941961446818520471e+02 6.837430671048119848e+02 4.289864852717140025e+02 1.626471775720475819e+02 2.082656789937371684e+02 7.448558971728223241e+02 3.739869784321968496e+02 3.893173280227721307e+02 5.772131750572825126e+01 4.983592373677371370e+02 2.842239302696325254e+01 3.401689948804541359e+02 6.898079407449159817e+02 5.310351784362470653e+02 1.347644829112365699e+02 4.606925965533534963e+02 0.000000000000000000e+00 0.000000000000000000e+00 1.165140837040511769e+03 8.191403373774901908e+00 1.198138899462640666e+03 2.060522987254190355e+02 9.547463362987964501e+02 3.410548791743568842e+01 1.148128678575952577e+01 7.968351974353982996e+02 8.072969933421627786e+01 0.000000000000000000e+00 0.000000000000000000e+00 1.594608192708652268e+03 7.959689515666245825e+02 2.081833287096049503e+02 1.111592152466150310e+03 5.279752012037520217e+02
8.027273225523337885e+01 2.261290864050848981e+01 3.277106983084673857e+02 5.709317126123524986e+02 1.307705897119760039e+03 2.048953104524153090e+01 1.043495400888102495e+03 9.771903655948241396e-02 9.030694949698896608e+02 3.034855479444750017e+02 4.110046748873792239e+02 1.652046727295489248e+01 1.107170710109514175e+03 1.215200798836760214e+03 5.888324877552014414e+02 2.513887092379192012e+01 2.379654405048226451e+01 1.611483912049126275e+03 4.262045043338231380e+02 5.042904454461540809e+02 4.193087553418057496e+02 2.919569539989643090e+02 8.477946570056840159e-01 1.092177000799367761e+03 1.118181559566349506e+03 5.605304517071663213e+02 2.246272377320862645e+01 7.524867711740088225e+02 4.979055805098255405e+01 0.000000000000000000e+00 3.370473000699671928e+01 9.454759246347290400e+02 1.233916776581316981e+03 9.870111537658970979e-01 8.124176384780445233e+02 8.458037287571705747e+02 2.913167867049787363e-01
7.916832115188571217e-02 3.270553740658598940e+02 1.718106064607162011e+02 7.572669413241746952e+02 0.000000000000000000e+00 1.001169522340891035e+03 4.444379919414060964e+02 5.245239015271993139e+02 8.358627737476855657e+01 4.309900178875585652e+02 3.268505818246549666e+02 1.986141004101884988e+01 6.671647819548010148e+02 2.204543897096432659e+02 7.699111395060763243e+02 1.110293004432754360e+00 3.790447125548181475e+02 1.505114857400111532e+02 2.624616393115574624e+02 7.012043182670987562e+01 9.408932151452469839e+01 0.000000000000000000e+00 1.460112798868623031e+03 4.368863779707841677e-01 2.867999671510322059e+02 3.007423892411102884e+02 9.818778639039154044e+00 2.549413104990580621e+02 3.288797634143406157e+01 1.308080670346511987e+00 1.631232501898809005e+03 1.143515292743871896e+03 7.132350118808123973e+00 7.388930283631052589e+02 0.000000000000000000e+00 8.453922636865044415e-01 2.346290408455162151e+02
2.427117013551354674e+01 5.157407044924975708e+02 1.091472915213248598e+03 3.203631832710683636e+00 8.069594900724528088e+02 6.208468196180095902e+02 6.252841423150933906e+02 4.794401906810030596e+02 1.750280116255074745e+02 1.555718540454618051e+03 1.910588432089626565e+02 1.482923340981862793e+03 4.707927412693168776e+02 1.034899610458678580e+03 1.139918821936183804e+03 4.768562497543100964e-02 1.004747243444469063e+03 1.532586579448887051e+03 2.894681501841046156e+02 6.548422672905535364e+02 2.246778302983167350e+02 2.957853784329814175e+02 2.909322999105433496e+02 4.269229747821237311e+02 1.397453502216229104e+00 6.258836347069512840e+02 0.000000000000000000e+00 8.930206247724137825e+01 1.383011418955305771e+02 1.882449396737678626e+03 1.848633307730516151e+02 4.528521436485256402e+01 1.416507881552506205e+03 3.039658264286542249e+02 0.000000000000000000e+00 1.408121240057890304e+02 1.631590163414718830e+01
1.184650633239867602e+03 1.239223161121825569e+02 3.072138760809176006e+02 1.169531430679549828e+02 1.718106064607162011e+02 4.075351515565363014e-01 1.417581096058705498e+03 8.423884571210054446e+02 1.226934557663771784e+03 1.282802834920554460e+02 1.339410977972879664e+02 1.356470559142098637e+03 1.353208940826170874e+03 2.745352562843288524e+02 0.000000000000000000e+00 9.396966265444390274e+02 8.121792102302057401e+02 4.508126415323634895e+00 1.160101584842060447e+02 1.666157034533904948e+02 1.135378137212157554e+02 4.342167641575239259e+02 8.871544087639465488e+02 7.740716732372426634e+01 7.594321166422934084e+02 8.065000584570516651e+01 3.625182988249590466e+01 1.150900067603413390e+03 9.846560236396062464e+02 6.815796533380366782e+02 4.042222564190255163e+00 2.902851364973062118e+02 0.000000000000000000e+00 3.210340319683389794e+02 3.243290591750469503e+02 3.725552560109980504e+02 1.268780998656940717e+01
8.632948412833104612e+02 1.439057556727935561e+00 1.181194061397580754e+03 1.364000030832525852e+02 2.959219361402325035e+02 8.750194925588617707e+02 6.053242696605367712e+01 3.496318152796106347e+02 0.000000000000000000e+00 1.448370106559346141e+03 1.737607866818513003e+02 3.742738093771650938e+02 1.327961374163431572e+02 2.607506284705494863e+02 2.114114906826937386e+02 1.143939017438274732e+03 6.885351421804896290e+02 1.131430508777593104e+03 8.732684785709520838e+02 5.601233556597346706e+02 4.790782225875713607e+02 4.233883006666679876e+02 2.397995706727648724e+00 2.445991454078606608e+01 2.518979081257431751e+00 8.514136891058612946e+02 1.023351962137808258e+01 1.320424705411949390e+03 7.422711591486259977e+02 8.245696602921509566e+01 0.000000000000000000e+00 8.302876571813835316e-01 7.365375870727065148e+02 1.073861379637417940e+03 0.000000000000000000e+00 8.189852243851752291e+02 2.761067150465295867e+02
