output/example_1/lateral_incision_000462.asc
nrows	75
cellsize	13.33333333
xllcorner	0
ncols	75
yllcorner	0
NODATA_value	-9999
[rows 17 to 33 of 75, columns 0 to 36 of 75]
0.000000000000000000e+00 2.152197894348911973e+02 9.852164174946813091e+02 1.776310340636371450e+02 2.560127824409786399e+02 2.583392445712410108e+02 1.346055007821772051e+03 6.819636697545463644e-01 5.928361839566210278e+01 4.240565558370402641e+02 3.606947176134895585e+02 1.096911430863418218e+03 1.347574778774178750e-01 8.434285324366322811e+01 5.537152737749997868e+02 1.718047551758885447e+03 1.117630578068055769e+00 8.700717589092967330e+00 2.765196984479553866e+00 1.122418862109853599e+01 1.329850495734059557e+01 0.000000000000000000e+00 4.368213666518005311e+02 6.874721973619689379e+02 1.490189390715777762e+01 3.085359542157234713e+01 3.928526501545144356e+01 5.896999978152781523e+02 9.388357059446966559e+02 4.035014960753105129e+02 1.064498608892013635e+03 3.975009078136586993e+00 1.533442107680588720e+02 4.173379135938434814e+01 9.431450563165225276e+02 9.577637055287013368e+01 5.565410224439035574e+02
0.000000000000000000e+00 2.466967986206984431e+00 0.000000000000000000e+00 0.000000000000000000e+00 0.000000000000000000e+00 0.000000000000000000e+00 0.000000000000000000e+00 5.219082047550366497e+02 0.000000000000000000e+00 3.143085555002652492e-02 1.481417024051006059e+00 1.174056824431179313e+00 3.505993750628385328e+02 5.966720019104189277e+01 5.269146548376359152e-02 6.034442539379313963e+00 6.947661977890912794e+02 1.679663934991614269e+03 9.535077790585179400e+02 1.684956188784396431e+02 1.004451502909575993e+03 0.000000000000000000e+00 2.358564448797650641e+02 3.922275152966629435e+02 0.000000000000000000e+00 5.457871425868340793e+02 1.523075712153681494e+01 1.864748665391557703e+00 3.331917194905574320e+01 9.054107870621137408e+02 2.453086273048780352e+00 3.701004309918267268e+02 8.167125580765457471e+02 4.462769602857591167e+02 7.517143995216266603e+02 0.000000000000000000e+00 3.987142161979218713e+02
0.000000000000000000e+00 1.708252161829395391e+03 0.000000000000000000e+00 0.000000000000000000e+00 0.000000000000000000e+00 0.000000000000000000e+00 4.831061948518117219e+02 0.000000000000000000e+00 7.579815339208879550e+02 6.515447151754798938e+01 1.561442407258480443e+03 8.127384956996031633e+02 2.167149651704571056e+02 7.241064838093634535e+02 6.716312631083215479e+01 4.514071202535097882e+01 1.380077021194017561e+03 2.707823820473730621e+02 7.796610955029439083e+02 0.000000000000000000e+00 4.006760084080567594e+02 9.053261225473122522e+02 5.583031783029764883e-01 1.621900163758192548e+03 1.514913584944932268e+02 3.314648271002154729e+02 6.052606236702579281e+02 6.067996910901731411e+01 1.109423186646093171e+02 8.507967160662951756e+02 1.081343589263180576e+02 9.160851776155736843e+02 3.486935981182925275e+02 1.426749861252939411e+02 5.523291003626154634e+02 9.339051651859850267e+01 6.805561392907433174e+02
0.000000000000000000e+00 5.918754020871954680e+00 5.619629517703965575e+02 8.216625615690010136e+02 2.780585535041465487e-05 1.458021142736222373e+03 3.816054895907554645e+00 2.121628743988578378e+02 3.000432005887079185e+02 2.901304657127037103e+02 4.602173022004196241e+02 1.841334882565501019e+01 1.371114755720766425e+03 1.352547423074751578e+03 9.615162011809544538e+02 5.167100270058628553e+01 1.101559619364059550e+00 4.522184143499485458e+02 6.734036528386240228e-01 7.892219146902879174e+02 9.351845120177781610e+02 8.758276093915313822e+02 7.033305489374400850e+02 4.782399806964071409e+00 5.580906970391495179e+02 5.601301462726374893e+02 1.053732248227396667e+03 2.610993920057367745e+02 3.359818010582702641e+02 0.000000000000000000e+00 5.147639791255173805e+02 0.000000000000000000e+00 4.129175293730164640e+02 3.241877659322570793e+01 3.120395732496161827e+02 2.214706686659320667e+02 0.000000000000000000e+00
0.000000000000000000e+00 0.000000000000000000e+00 9.324558020728157715e+01 2.570777743479883526e+00 2.390253509235441811e+02 3.773781267284592786e+02 7.792148125683256765e+00 9.187926843202882310e+02 7.499664583846583810e+02 1.051685696358401174e+03 2.141325048198090641e+01 8.833663768689452809e+02 1.643684670440240803e+00 1.122949873882577663e+02 0.000000000000000000e+00 1.072633225384835896e+03 1.133061321618212602e+01 1.071953089529602494e+03 8.571409191921293313e+02 0.000000000000000000e+00 2.072581158556941716e+02 1.835561763195342564e+03 1.592940266633705981e+01 0.000000000000000000e+00 0.000000000000000000e+00 1.156036373490661163e+03 1.202911452775899988e+03 2.346697188457960976e+02 3.122495615736033301e+02 4.447213409946611051e+01 1.283774008208032228e+03 1.285352098174602418e+02 7.951322437606766869e+01 4.757817096656373792e+02 1.683919758179485768e+02 3.735217338375523166e+00 7.556974211417298193e+02
0.000000000000000000e+00 7.447089552621440589e+02 1.456681804677143930e+02 1.174434568093868165e+03 7.312320283866105228e+02 4.049286864543374804e+02 4.062139521706328651e+02 2.201656555466823817e-01 1.385943710775072191e+02 2.026264316668120955e+02 9.925993607299594714e+02 6.031215071030341051e+02 4.357921491321508078e+00 1.287178778495684517e+00 0.000000000000000000e+00 6.661586237374935990e+02 8.462701493319697477e+01 7.362990001794882744e+01 5.748541344714469759e+00 1.045617536029715922e+02 2.992642368834424929e+02 1.455938405281327050e+03 1.444693555214611820e+02 8.981475224878009840e+02 0.000000000000000000e+00 5.000354957036856831e+02 1.337788659520821852e+02 1.381157926860915268e+03 1.103867209179893734e+03 0.000000000000000000e+00 0.000000000000000000e+00 2.230060004774435924e+02 1.418540503813475425e+03 1.604624268572002022e+00 1.983534423315852848e+02 0.000000000000000000e+00 0.000000000000000000e+00
0.000000000000000000e+00 6.244479035610623896e+01 6.285269747250656565e+02 2.287295812059538136e+01 1.392179735619246550e+01 2.174712191759962252e+02 5.841247139198856075e+02 3.750561817666189768e+02 6.256258226511422436e+02 1.024659333402820636e+02 5.029973617811934083e+00 3.827747286665457409e+02 3.753748390975245997e+01 1.514013505578296645e+03 7.531865457976501830e+02 1.018053045939553499e+03 4.184369380539255872e+02 1.647172663372925626e+03 2.780316041664683553e+02 5.045938762412711185e+02 2.287719477241426489e+02 2.906810368284049773e+01 1.347970454186835013e+03 1.293093553794416039e+03 4.992444660827439407e+02 2.733820822817694207e+01 7.382055301049526008e+00 1.279688084963701584e+02 6.526235121207165548e+02 2.678548453623855519e+00 2.253899606547449253e+01 1.399789227918932966e+03 5.304600861438774473e+01 1.357537478301690044e+03 1.403967120247859157e+03 4.051598620904963610e+01 8.632465131198048311e+02
0.000000000000000000e+00 1.430422983105756884e+03 2.872131948644609878e+01 1.953707226426565358e-01 1.604496474474107799e+03 1.290819465660579681e+03 7.050956787697141408e+02 4.443230771252969475e+02 6.269861769093907355e-01 4.766228060638742076e-02 9.908644682596221855e+02 1.015906887059299720e+03 1.080215244676575423e+02 6.940255368901431243e-01 7.984043669065631548e+02 1.662369522915293274e+00 1.321641028179431316e+02 4.418782591509785789e+02 4.906247302504651202e+02 0.000000000000000000e+00 5.220336184427726494e+02 5.972190615348790743e+01 1.027774895102585901e+02 7.509764345094074542e+02 1.351402564004712588e+02 1.232708149444266184e+02 8.895823340997525293e+02 0.000000000000000000e+00 8.574167433405993677e+01 3.432462882545626712e+02 9.984177769806701690e+02 0.000000000000000000e+00 5.598382426839541495e+02 1.052586748920645761e+02 2.835522719219974306e+02 6.266029052425522394e+01 4.374475428888695774e+02
0.000000000000000000e+00 8.074992889658988133e+02 3.426487420378928306e+01 8.683364108629538123e+02 2.748412636809664491e+02 3.523672600789205944e+02 1.074795959980683620e+03 1.447206909272818542e+01 2.359336373390686958e+02 6.863919492920601897e+02 1.077735202890823302e+03 8.569668494379864114e+02 0.000000000000000000e+00 1.499028500020678223e+02 7.141523166488004790e+02 5.998522114067607163e+02 1.901247996337399684e+02 4.757328139210763425e+02 6.462049552792292317e+00 7.479326168312296659e+02 1.756679440289186687e+03 1.607887380399936106e+01 9.362397371070725285e+02 5.391930750956613565e+02 1.060741973715151744e+03 0.000000000000000000e+00 1.258293480795952519e+03 0.000000000000000000e+00 0.000000000000000000e+00 8.217819129917310192e+02 5.344013788605313948e+02 0.000000000000000000e+00 4.089820475484324902e+01 6.910554285344514369e+01 3.906663611288382754e+02 2.665192189456160321e+00 1.614352541014494591e+02
0.000000000000000000e+00 1.226734653845876072e-01 1.820364680089797389e+02 8.333412513748344281e+02 2.790600768251064778e+02 7.773489954149769687e+01 2.647342404630839141e+00 1.011463397017964922e+02 4.115411002824528737e+02 8.787134827747808075e+00 1.434812705808518842e+02 1.310691941059550118e+03 3.426462415165462971e+02 5.797321326449669954e+01 9.695825223033857299e+01 1.933824901339835378e+02 4.186238067476902636e+00 1.114700643523546262e+02 1.641490055337304739e+02 8.699819044598893925e+02 3.722297324310101629e+01 7.363323318351336866e+02 2.994908519341785222e+02 0.000000000000000000e+00 0.000000000000000000e+00 6.602624837642607645e+02 1.061229736590679067e+03 9.732964567516008003e+01 1.349114733248014772e+03 3.523786304937116256e+02 1.252396917889999031e+03 1.050334274257766225e+02 0.000000000000000000e+00 6.213421492900081375e+02 2.782451329805470408e+01 4.910799504232805361e+02 6.277380512263514447e+02
0.000000000000000000e+00 9.351250651123730506e+01 1.116942710932961063e+03 8.060865911813007756e+01 1.107278957146149878e+03 1.932587053130726531e+02 1.289267961527982607e+03 0.000000000000000000e+00 6.859685910683804195e+02 3.536623323651140254e+02 1.598413008884256783e+02 1.693461549716187449e+02 0.000000000000000000e+00 1.418631718725575013e+02 1.833152100723826550e+02 1.637755892918985126e+02 7.492382435648754502e-01 1.784097529378153979e+01 0.000000000000000000e+00 5.802488710368623970e+02 7.961932530366696881e+01 1.225763218058444181e+03 4.701099515490776639e+02 2.467843872028398522e+01 0.000000000000000000e+00 8.355868525874279840e+02 5.383104122778714782e+02 2.145890844285786159e+02 6.015359293270705621e+02 1.808515505041775953e+02 4.494131596268275644e+02 8.478600626724961558e+02 7.770077434692643692e+02 8.254988222767409525e+02 7.418739987374879385e-01 4.765499009164953748e+01 6.481451734022803066e+02
0.000000000000000000e+00 2.612316884424716079e+01 1.899989608442427258e+00 3.645809670201197061e+00 3.425893825220713893e+02 1.154148804498472032e+02 9.043243263161937193e+02 1.193281051366811425e+03 4.003869616222862078e+02 1.253140086259428926e+03 4.848761571267310728e+02 1.225603831207340818e+03 5.692209357911420398e+01 1.317472392474100616e+03 8.529294368135824698e+02 7.276036173400676716e+02 5.107730502112129329e+02 6.222006512047452134e+02 5.279890624117787183e+02 4.787333852156416469e+01 1.162602074039036552e+03 6.368861963087749700e+02 2.564453468170011519e+01 0.000000000000000000e+00 4.368116379365276316e+02 2.264051816162936959e+01 1.068472371316169756e+03 1.038053358494250915e+03 0.000000000000000000e+00 1.406132849748370361e+01 7.988207934643344288e+01 1.355136438406985064e+02 2.740369469159909386e+02 6.152524056103644057e+01 2.601473633018515557e+02 1.982456952574859699e+01 4.034759088868536878e+02
0.000000000000000000e+00 1.702036500499461908e+03 8.590046022262422412e+02 1.383446245005908622e+03 9.974589334760996451e+01 1.887716917213678016e+02 5.039121765273992537e+01 1.646470625470136611e+02 1.372515041177289064e+01 1.928125512412217404e+02 0.000000000000000000e+00 1.007841763058014273e+01 1.086993032103978294e+03 3.694665381693903896e+02 1.423712486944489797e+02 8.208255381040856946e+02 2.365242143699987309e+02 8.065637951571395661e+02 6.722103834881713869e-02 5.192502461217253540e+02 1.024265042895174929e+03 1.046204072621466821e+03 1.955392898975674143e+02 9.833306841455470249e+02 7.374093359837662831e+01 5.111430906452525278e+02 0.000000000000000000e+00 2.071069354167867402e+02 3.431214570292454482e+02 1.325589205762911888e+03 2.084632373243857160e+02 8.478461501301585486e+02 6.521569566127275266e+02 1.007962531900428303e+03 1.024796038982577329e+03 2.454395455811826707e+02 2.085691309250088636e+02
0.000000000000000000e+00 1.484365050797317281e+03 6.252300285533438640e+00 8.338274520090467377e+02 4.177366065631542256e+02 6.580311880835982947e+02 6.744711264713447463e+02 9.421001732918098170e+00 9.538408625505954888e+02 1.658812826134115767e+03 0.000000000000000000e+00 1.479974411300895099e+03 4.286621601303208351e+00 5.968744215107375339e+01 1.070625114431263000e+03 2.744474155476747228e+02 6.029286275212289992e-01 1.300099856799593852e+02 5.385006146083802605e+02 6.280401525700775665e+02 6.450629395549715355e+02 5.742396803368174574e+01 2.841958666909927729e+02 7.060843896484967672e+02 4.070209529322790445e+02 5.418181031508840988e+02 3.414497353542116684e+02 2.285114441927504458e+01 2.982509746002166562e+00 1.551808649083318059e+01 6.681337159248464559e+02 7.546936484275224757e+02 7.939055342104121848e+01 1.862776245150173793e+02 9.123221292439663443e+01 9.475636302366799555e+02 9.069617423918208488e+01
0.000000000000000000e+00 0.000000000000000000e+00 1.096013558883258838e+02 3.821772169929813145e+01 7.988035598921568692e+01 1.901847624882396133e+02 5.292617094986159145e+02 1.674346053782667809e+02 3.657417697506380136e+02 6.207816821019091549e+02 0.000000000000000000e+00 8.352467003693114975e+02 6.782788000232073955e+02 8.223693025960151317e+02 4.069731205497266728e+02 4.630150004863878621e+00 1.236343672914472691e+01 6.679679388000198514e+02 4.550234312343823717e+02 3.470284409416780704e+02 2.509479998386599675e+02 6.401745824905262907e+02 1.506404805166832546e+02 8.816116664786438832e+02 3.880893444383460746e+02 1.666404929129215589e+02 5.238978411021536203e+02 5.500847543109420030e+02 1.321619538432326863e+03 4.019338916852134957e+02 4.762363036167728296e+02 2.979059060473784371e+02 4.857223393266397125e+02 1.496896301206613089e+03 5.633004569860108335e-01 1.538610591370917824e+01 9.737820395298246012e+01
0.000000000000000000e+00 2.287204924094866101e+02 3.401006589585088591e+02 8.786493284159804773e+01 6.657077035389242781e+01 7.184490167885307983e+02 4.566183237590717567e+02 7.886167048184903328e-01 2.256563948946603304e+01 4.806993091258938193e+02 4.828478496731939629e+01 4.751222589048110763e+02 2.211229553294207761e+01 7.204610592405343823e+02 1.280480446838902253e+01 1.052364917043349124e+03 1.056604579505650288e-01 1.074523980015568668e+03 0.000000000000000000e+00 2.044479019141021681e+01 1.052185264376057745e+02 5.460586235731082070e+02 7.158755206974525436e+02 7.817483901142167042e+02 3.000959256093954082e+02 9.621151112392986988e+02 9.372346098317979113e+02 2.157234660306281455e+02 1.710062339266069671e+02 0.000000000000000000e+00 1.286331887758908579e+03 4.533784671919017342e+02 1.072089811025621771e+02 2.582874149346962511e+01 5.610092443334767722e+02 8.497932497119742266e+02 1.239313500164020088e+00
0.000000000000000000e+00 1.064280172324514979e+03 9.180520459298307401e+01 5.157598178525793742e+01 1.043276923679940182e+03 1.508980416934103630e+01 2.317635568475936054e+02 2.568449156905402901e+02 6.198996884536146013e+01 1.365089287327301236e+03 6.072234484344661496e+02 3.738105327638815645e+00 0.000000000000000000e+00 5.468381705407892923e+00 1.115106685385433138e+02 5.406937840481618878e+02 4.777719307033883211e+01 7.130112329450377047e+02 0.000000000000000000e+00 1.154872219177801753e+02 3.045189768141056685e+00 2.128689264931064827e+03 8.368931346486458551e+02 0.000000000000000000e+00 2.305848088226769619e+02 1.551951460102131477e+03 4.346531837440699633e+02 2.383722139229340655e+02 2.570564302530494274e+02 1.251728296858060958e+03 1.225522258854592565e+03 1.535494759702807812e+02 7.190270746286508938e+02 8.434099594089934726e+02 2.136141591200138805e+02 3.063714248082869893e-02 9.928499934601644554e+02
