output/example_1/lateral_incision_000426.asc
nrows	75
cellsize	13.33333333
xllcorner	0
ncols	75
yllcorner	0
NODATA_value	-9999
[rows 17 to 33 of 75, columns 37 to 73 of 75]
8.916658607358255040e+01 1.508208277120609637e+03 1.750872778101536142e+03 4.308208841806254186e-01 1.255204499977950923e-02 8.189322908987004439e+02 1.576730539514726843e+03 1.064241780802833119e+02 1.668062842190970798e+02 4.074098547540326081e+02 7.561139917926357867e+00 1.306503935521388016e+01 1.124337272436041530e+02 4.838913985116521417e+02 1.541651045578333878e+03 9.827202488743739650e+01 0.000000000000000000e+00 2.088392477809102132e+01 1.044551609699328992e+03 2.714096140715666365e+02 2.939555505185022071e+02 1.548026728497479887e+01 9.353096049395148270e+01 4.613108244549766823e+02 2.192950486265550580e+02 3.844300033345791689e+01 1.963109777071944109e+02 0.000000000000000000e+00 0.000000000000000000e+00 0.000000000000000000e+00 5.577557585328288496e+02 4.241349792770343186e+01 1.494084371801983934e+03 5.479469111885540542e+02 1.521927617726932112e+03 7.460330863693028505e+02 6.274207295553067070e+02
1.290599310872740034e+03 0.000000000000000000e+00 8.736309871424509765e+02 3.667896191113091504e+02 8.130977926681701717e+01 3.222837961406502814e+02 3.366283845084805080e+02 1.125044818791021362e+00 8.955987075161142457e+02 6.466605923552933746e+02 1.201591937382633546e+02 1.509203765328518632e+00 3.360817027748530563e+02 4.549247407714520186e+00 9.928256059761895358e+02 5.333581352663559727e+01 1.266119261842617476e+02 4.155080527874335417e+02 3.552956260200988936e+02 3.435288272916225765e+02 1.070849777692504148e+02 7.791435424973642512e+02 5.463229623970416071e+01 2.001073648901825308e+01 6.803615477299969143e+02 4.025665538393075948e+00 1.134405071166592336e+02 2.351676642571255229e+02 7.753918528978058475e+02 2.721743345125323685e+02 3.997472404808017359e+02 1.319906160710076826e+00 6.627930711965498176e+02 6.996107083199324279e+02 9.735515418188550711e+02 3.306558053623105593e+02 1.066702595168969083e+03
0.000000000000000000e+00 1.249377024950500299e+03 4.511291209824552340e+01 1.359629096739362524e+02 1.175292148182451513e+01 4.422745154188144170e+02 8.457429251298499366e+02 2.253713754401548197e+00 7.206133336566957723e+02 2.698850594932320490e+01 1.949616169282437568e+02 1.731550710631657353e+02 6.445284849708810953e+02 2.877965188272781347e+02 0.000000000000000000e+00 1.656710810976768016e+03 1.892309444837378578e+02 1.982025243550073981e+02 9.705643923313886035e+02 6.905107903477405671e+02 6.326018274231544183e+02 1.233055422641968102e+00 4.501574247957369153e+02 2.476892756976887426e+02 1.422688781896097225e+03 1.280885394818136319e+03 0.000000000000000000e+00 9.700792481509815843e+02 3.977462254488245321e+02 0.000000000000000000e+00 1.069742226402366896e+03 0.000000000000000000e+00 0.000000000000000000e+00 3.493822696923641336e-01 4.028102665453183739e-01 2.766796847925307361e+02 5.176897725408626911e+02
5.393529932908256797e+02 1.395747221348326548e+03 4.348350406593235817e+01 1.174030172611109947e+03 1.384697217685805803e+01 4.191827804683301792e+02 5.893423524434847423e+02 0.000000000000000000e+00 4.195053900063800825e+02 6.932860743215390187e+01 3.209581625192791421e+02 2.760749591623967945e+02 8.860143041722382407e+01 2.619475412843408435e+02 1.328324871563344686e+03 1.334961855921657303e+01 1.479214236538970226e+02 3.290426836711851433e+00 7.887353339982062153e+02 7.893455353591499488e+02 5.619306498033829200e+00 3.035515570814530975e+02 1.296779328506838056e+03 8.118193322040284654e-02 2.915528294182405489e+02 5.237016531043547047e+02 2.853864336272628748e+02 2.315046178221625723e+03 4.244526189602077579e+02 9.288422581461341920e-03 1.368310900567046474e+03 1.272019049655504830e+02 1.919427903190765790e+02 5.425474844436341755e+02 3.718608518868197734e+02 6.198358405921964049e+02 7.364940264487439663e+02
6.040288616226139311e+02 1.179859578826323514e+03 8.784453043178498888e+01 1.402038981157601256e+02 1.081649322165280438e+02 1.992674623825163849e+02 4.561210739910986831e+02 8.391736277338841887e+01 2.332810000537868973e+02 6.641398173474200917e+01 1.808795333463747923e+01 6.651020634372104041e+02 3.411702611141662942e+02 1.510650690635226567e+02 3.997039005487777672e+02 7.753660163507092307e+01 1.469092348997862700e+02 2.875875276270558629e+02 3.197510156112579338e+01 3.449707268226128463e+02 6.108643772978979314e+02 9.083982359700753477e+02 4.953673519701563919e+02 8.227740649564478872e+02 2.222736940833998460e+02 9.282478524534378721e+02 3.405768081130320368e-01 1.543702411193694388e+03 1.955579542107855104e+02 0.000000000000000000e+00 0.000000000000000000e+00 8.964578514757482708e+01 5.909694063388808445e+02 1.501652645929479604e+03 7.929481209144490776e+02 9.880036244133915488e+02 9.021522234514419551e+02
2.726778424249949495e+01 2.039384449379133173e+02 1.880991711554082002e+01 2.034006606187189732e+02 0.000000000000000000e+00 7.269463280647204328e+02 6.230950142425649574e+02 2.278531053078822879e+02 2.276271640644328187e+01 1.855324591457896020e+02 9.040965128550187968e-02 1.305747780444582133e+02 1.765982354805669274e+02 0.000000000000000000e+00 6.875552318523548365e+02 0.000000000000000000e+00 6.583435236132750106e+02 9.545102985254045436e+00 8.382881655948787056e+02 7.193731854923711353e+02 8.773082469577548181e+01 0.000000000000000000e+00 5.862352175212057546e+02 2.484094964166025363e+02 1.292659022974213713e+03 1.658533558864204736e+02 9.594133496850596430e+02 1.625555895973782938e+01 1.671467984107406210e+03 2.306066606582347911e-01 7.435448993093720560e+01 1.220519142988210660e+03 6.365463057259304946e+01 5.495087249336525481e+00 8.610135247729641605e+02 1.325164988786916922e+02 2.750411568388324568e-01
1.212767580418359785e+03 7.460487106638255739e+01 1.353185390146164480e+02 5.212958405709925955e+02 5.552818304024831519e+01 1.381116920401622110e+02 2.715511235847419158e+01 9.533320289901720344e+02 2.932627453823516195e+00 2.986915365856698372e+02 3.798307962791318459e+02 1.165437387424673510e+01 5.406989258261346549e+02 5.390022176721370215e+02 6.404108954438693218e+02 3.995083883085735721e+01 2.237263668221864350e+02 4.874988332475828656e+02 1.419140252224323433e+02 6.010277350191383094e-01 1.112467693313925992e+02 1.968260139060009184e+00 8.531634931062648093e+02 7.620994201198442397e+02 0.000000000000000000e+00 4.486014408751599944e+02 1.377300378225589611e+03 1.662028381054054989e+03 0.000000000000000000e+00 4.407459868725542833e+02 5.010408921869051255e+02 7.773420246051909288e+00 6.243248325194084600e+02 4.891545540684778643e+02 1.652807526787660208e+02 7.603757765294907358e+02 1.624602103805754760e+00
5.233598591710386927e+02 2.099442976178766074e+01 4.834895805330203302e+02 0.000000000000000000e+00 1.790213082258836721e+02 3.449466743484196485e+01 4.953154945350912612e+02 3.356572785016766147e+02 3.553128711528911481e+02 9.079465550446995437e+00 2.154477279747298724e+02 6.719011616870434409e+02 1.297467406640379739e+00 1.121317384643047944e+03 0.000000000000000000e+00 7.629312667454452139e+02 4.975476866448254896e+02 1.837958159333952324e+01 1.044015338446154374e+03 7.876324373227002980e+02 1.479766304742759644e+02 5.135260607033408178e+02 3.395266475925682812e+02 9.716336430207448416e-01 4.315405739137613068e+02 1.833451753182733412e+01 1.588345785355275819e+00 6.946728239036788182e+02 5.520233674768334140e+02 4.647313033245435321e+01 1.281808025997284403e+03 2.970011105493885566e+02 1.081896074830386397e+03 8.555240849774374965e+02 5.415987845217349559e+02 4.949879924263208864e+02 1.009954567973253006e+03
1.328703403887575121e+02 8.706582388522273277e+02 0.000000000000000000e+00 1.918590149223504682e+02 3.448204275308761169e+01 5.299618107777003218e+01 4.793938190531663963e+02 3.600414528172898532e+00 1.466140640943729522e+03 2.854523465225202585e+02 7.427607902384060026e+02 4.837783065518634089e+02 2.658189382281756252e+02 1.580229916356623505e+02 1.863251996007147682e+02 1.419136946368059853e+03 1.609523178122902465e+00 2.525823449863454329e+01 1.002883774437793477e+03 4.008334097615697260e+02 1.032191004949436142e+01 4.770747899251603741e+01 2.610031796152010202e+02 2.645954960526113950e+02 4.254569063398743083e+02 4.174188398410450418e+02 3.935382036296227284e+02 9.693006531574683322e+02 2.210070381790728788e+00 1.731895950436321755e+03 1.573772563796052054e+03 1.412378860417584470e+01 2.087755764039176540e+02 3.289601386513294869e+02 4.857606490673583299e-01 6.154441627023010142e+02 8.023188583162093437e+02
2.447716094792431463e+01 7.929843399367679240e+02 3.498560679380932470e+02 3.229885164065704544e+02 7.867095974808133860e+02 7.465490816593952417e+00 8.086051420601341988e+02 3.245898383384596286e+01 9.302529253184279696e+02 6.686748247057478238e+02 8.394443635831361235e+02 3.145163209003301859e+02 2.693948284364184360e+02 4.597935184511056832e+02 2.551306993565694654e+02 0.000000000000000000e+00 0.000000000000000000e+00 3.419068441077284888e+02 1.121701778661626577e+03 4.498799229558502333e+01 4.987769682301073999e+02 6.682859641701242026e+02 2.525760554024825808e+02 6.184425084220018789e+02 3.656302646760054245e+02 3.624792993970223876e+01 2.617096373073743507e+02 7.974418503417972488e+02 1.714574005296070958e+00 1.707157185967630994e+03 1.876698370664515494e+02 2.435415411022799237e+00 5.322311466880200292e+00 5.494729794489499497e+00 1.452588682152796991e+03 1.340428737414174066e+03 1.389155410487506117e+02
6.035071354778322075e+02 7.180214159086804102e+02 1.768946958931961078e+01 2.525164517065998666e+02 1.782528888740738182e+02 3.735361786330769860e+02 6.195454955120253544e+02 0.000000000000000000e+00 1.712516375233932422e+02 6.464314501126945345e+01 8.893971218794731612e+02 8.987544625815751260e+02 3.413357907443996808e-01 8.028265901751128695e+02 8.250917990852237835e+02 9.484961462473163962e+00 1.078703766382140202e+03 2.846452282165215593e+02 4.373409687740330298e+01 7.579674609403288059e+02 2.606207402394365502e+01 7.892323477468466990e+02 1.177827795650308644e+02 2.570170486433528367e+01 8.666273383937179631e+01 2.736013030021831014e+02 1.107170137806763250e+03 8.839854477197538927e+02 3.531666926397474526e+01 7.683361191720940724e+02 9.469431512498267978e+00 1.363096464650855296e+03 1.561857711096612547e+03 5.206522864653520628e+02 1.578898793447604930e+03 3.144760363047487317e+02 3.721775337967767050e-01
9.263375117741888971e+02 2.148904861292988855e+01 0.000000000000000000e+00 3.942898604202084698e+02 1.774237231009341542e+02 1.216055855658684521e+02 1.142609432390158418e+03 1.383319393057756201e+02 1.460338323828364082e+03 0.000000000000000000e+00 3.345318306504941575e+01 5.686858137536988522e+01 6.755184708977633790e+00 1.322506160924593246e+02 1.536676824127280724e+03 3.147330977077194891e+00 3.369851357066312971e+02 1.088336879524269534e+03 0.000000000000000000e+00 4.551472842651437531e+02 6.662677427138158919e+02 1.165140837040511769e+03 8.217997438494929696e+00 2.356410453480896479e+02 4.463543824022085573e+02 3.569435542298941755e+01 1.166922179327432104e+03 4.228865113480929949e+01 6.087450953931848829e+01 2.819968098242832184e+02 4.256584671111925786e+02 3.720758094077841749e-01 0.000000000000000000e+00 8.494494427362982378e+02 7.081319184396847959e+02 3.099520330673713033e+02 2.093061490315385811e+02
0.000000000000000000e+00 8.789467231706539678e+02 4.508813154982205447e+02 1.072051694045665954e+03 0.000000000000000000e+00 7.277056407829924183e+02 1.923978457156859463e+02 7.548491008968900360e+02 9.199343429250812960e+02 1.287872815078944313e+03 8.920000856908553999e+01 1.543560487074002367e+03 1.043195279737769170e+03 5.098746170615042388e+02 2.925568700358649039e+02 8.120686877690151562e+01 2.033321600507061930e+02 1.549062239657357054e+01 0.000000000000000000e+00 1.160991551220089377e+03 8.246986229716686978e+01 6.125492326841737167e+02 0.000000000000000000e+00 3.154813806060827801e+02 8.859206878408214152e+02 1.046139287415013399e+02 4.620249466814320138e-01 1.074520564285286355e+03 1.395869943343214572e+03 4.658572902295080098e+01 1.330370783440170726e+03 1.310854129002768786e+03 8.950370538004579046e+00 4.093251981086375508e+02 4.191978992045119981e+02 9.938042903797763117e+00 4.353992888382187516e+02
4.966986968092238612e+02 3.702948712604967909e+02 1.191298749814485944e+02 6.369684033906489162e+01 2.962391507806827029e+00 2.781833755113787953e-03 7.125759154733783589e+02 6.468923646582916964e-01 5.738435744226555446e-01 9.022807333276631425e+01 4.038566052370357511e+02 5.175756788606712178e+01 7.032935883344811145e+02 2.336994159601530043e+02 4.362213549889826680e+01 1.482486778954532269e+02 3.828322455885514159e+02 5.143524866865506056e+02 6.048337334077384639e+02 2.183828211296498694e+02 6.089651830720832777e+02 3.053466061278598431e+02 1.002524536788915732e+01 8.236724026413485262e+02 1.093786875251958918e+03 1.049469402582928296e+03 4.590506296949778964e+00 4.566686921991052373e+02 0.000000000000000000e+00 3.325872907619078234e+01 4.466823545283938870e+02 2.904934781801722821e+00 2.344658349558095267e+01 1.766120685418756864e+01 9.136866467124612257e+00 1.292965890319930850e+03 5.532771029283965163e+02
1.527459891741550990e+01 9.620156726821556958e+01 9.577215696672668699e+00 1.915279347192612818e+02 9.648147146627058746e+00 1.361419206162428964e+03 7.675869270912662614e+02 3.262085185987216960e+02 5.343619488662902768e+02 1.068536118936747243e+02 7.491082777131907733e+01 5.365254037575450496e+01 7.460815944387968912e+00 1.528003176913484594e+03 2.789157629709077213e+00 1.467312167396512677e+03 3.175037316031991850e+02 8.101153574939782942e+00 9.502169011289288392e+02 1.492410971336926195e+02 1.066737106348674388e+03 3.495759519046209221e+02 1.763605805835208571e+02 8.112266318506421214e+01 1.949111841876397477e+02 1.421009087739316499e+02 1.561285989218353422e-09 3.384572615605178498e+02 1.146428194919442149e+03 2.329382732535102107e+01 9.290872434246935541e+00 1.331892735751437613e+03 1.160122068728919430e+03 1.013390715412546683e+03 1.113401811311294750e+03 9.354367975344378010e+02 1.631590163414718830e+01
2.930891088511486942e+02 7.061684891237276815e+02 3.184557453803761291e+02 7.349486043773808888e+02 4.284199252388588519e+01 6.823234350185177766e-01 2.285144412406015135e+01 3.567189542356526886e+02 3.167481527050742898e+02 7.150817442495882849e-08 4.011381560873490848e+00 9.729118932067019614e+02 1.347341233105226820e+03 4.044323140358562085e+01 1.167299009902693342e+03 1.254906151317640706e+03 7.353995610373627869e+02 0.000000000000000000e+00 9.718506858727350846e+02 1.855306155235650181e+02 4.466637768976929124e+02 7.988742707976940665e+02 2.790907606952099513e+02 2.812649627997750912e+01 1.487316268180168155e+00 2.115359020574496469e+02 8.422742993807085554e+01 7.587843044761568763e+02 1.393074498027792288e+03 1.769041240372448343e+01 1.727785336651740408e+03 7.775297887296616182e+02 0.000000000000000000e+00 4.265476329739939274e+02 3.207007790114406021e+02 5.843161889056249336e+00 7.130989106495818532e+02
1.329069299621965570e+02 2.955691650945868219e+02 1.468651536941746599e+03 2.592363368960648451e-01 0.000000000000000000e+00 5.752514416099998016e+02 2.285460527259553842e+01 1.784324352523623531e+02 3.152854381514169972e+02 7.886633910342019327e+00 5.878477077985410304e+00 5.286423466366019284e+02 1.400328179827509075e+03 1.032575317630039677e+02 1.172668915011073977e+03 4.945798762996078608e+02 8.329268832097832274e+02 5.364062205229352998e+01 1.141653282541994031e+03 1.082785196856681154e+01 2.585470391330643025e+01 3.787613600181038578e+02 3.101140764487326340e+00 4.443791206258426314e+02 5.342457366232627010e+02 4.730384243100824171e-01 2.328695271388334334e+02 0.000000000000000000e+00 3.899046649065186898e+02 1.285263297052367903e+01 1.521873434410224036e+03 6.154069974387608681e+02 6.732843687628702583e+02 1.328747154743842657e+03 2.845421767044064154e+01 3.924835774030390212e+02 6.467673198424163274e+02
