output/example_1/lateral_incision_000157.asc
nrows	75
cellsize	13.33333333
xllcorner	0
ncols	75
yllcorner	0
NODATA_value	-9999
[rows 17 to 33 of 75, columns 37 to 73 of 75]
9.991321102713416735e+01 8.370755612451050638e+02 8.423524180323734356e+01 7.110693545266908586e+02 8.568726451827101300e+02 1.520627395985492058e+03 3.606017746125502299e+02 2.467641018263407489e+02 2.743406395196354310e+02 2.945652165551939561e+02 7.097325106539751687e+02 9.570775525251051477e+02 4.170331153757639697e+01 1.376710334005913410e+03 1.045963823612517899e+03 2.826892187117782100e+02 2.956320092727647761e+02 1.028214466015369908e+02 3.838240333467532395e+01 9.596348843312117793e+00 4.723391575542908640e+02 1.759496276453558750e+01 3.697605291366508027e+02 0.000000000000000000e+00 6.756774571515403522e+02 5.550603378323284005e+02 1.631368108183241930e+03 9.354104508800776818e-01 4.041897122699010083e+02 2.577768730292247028e+02 1.543821695743087252e+00 1.576467322454723671e+03 1.104853912961804951e+02 1.928037647808159250e+02 1.042432146658051806e+03 1.237150078317899613e+02 2.493362510242216956e+02
6.843367711495758385e+02 4.032366160960727939e+02 4.167937323835863594e+02 3.942708225984077899e+02 2.821044679108651962e+02 1.192355085745080032e+03 1.010424423813935420e+02 1.273528196720293181e+03 4.604962074251056414e+00 4.986703399452115377e+02 3.425513490964618200e+02 4.477762381462351300e+02 9.008151536695798711e+01 1.295785345377688145e+03 1.045265750859701711e+03 2.497968414044913459e+02 1.751498422773310608e+02 2.792337110071214283e+02 8.133055922817047190e+01 0.000000000000000000e+00 6.606846545048171038e+00 2.051195955782883829e+00 9.231122937079253461e+02 1.002361056136398965e+01 1.407775412175722977e+03 1.234158600441107410e+03 3.861568593345891713e+02 2.489934730653658779e+00 1.038171083814422445e+03 1.510383634754491311e+02 0.000000000000000000e+00 1.275902363546229026e+03 1.110968440651831770e+03 2.222093829383525758e+02 1.419279472594775598e+03 1.095101100598139737e+03 7.472072341026320146e+02
1.465480708077000827e+03 6.169874380188607574e+02 2.561270607361697671e+02 6.991303309199055604e+01 4.685146982829166262e+01 2.103937741802678119e+00 1.276853684318633331e+00 1.204926006077810371e+03 2.720526065077161704e+01 2.991901905733903959e+02 3.305995267083218323e+02 3.538362598112249771e+02 0.000000000000000000e+00 4.380598937734878291e+02 8.806267656058610171e+00 2.352546593196241247e+02 1.220419993369691554e+02 8.384273014205662067e-02 4.171397031959526203e+02 1.001726402272317728e+03 5.602270628511691939e+02 2.096267546371830974e+02 0.000000000000000000e+00 1.565577014200322878e+02 1.408407748021320405e+00 1.433699869264934478e+03 5.249044462501170072e-01 9.115798384670138148e+02 6.151632106753623930e+02 6.144083938143538717e+02 6.457607593272156521e+01 3.180611974049333526e+02 7.955077806151464870e+00 1.020734796423528878e-01 3.610458122808142889e+01 8.747632526349974569e+02 0.000000000000000000e+00
8.333554856419928214e+00 3.074918857613951104e+02 9.441275766209128051e+02 6.508418303848808364e+02 6.248880719502327707e+01 3.879211812464799891e+01 1.984640694691539977e+02 1.456667559175591009e+02 4.265412680566506687e+00 5.158561584702995333e+02 5.208643293139904245e+02 6.229523914843903754e+01 8.960409006802534577e+02 0.000000000000000000e+00 4.778440757256071265e+02 0.000000000000000000e+00 1.196522903105425861e+01 2.723935329847994922e+02 1.392959632948666240e+02 9.055347551507846902e+02 0.000000000000000000e+00 2.577963511570115429e+02 1.123012044044977301e+03 7.070792523886794925e+02 1.592335078749478271e+03 0.000000000000000000e+00 5.536340266161890895e+02 9.364923571325319926e+02 7.667515225511564267e+02 9.359272635858393414e+02 2.352633796399696564e+02 1.506171495826398257e+02 7.858293182731672655e-01 1.573710910428412717e+02 1.076656385567171355e+03 2.278969885617983593e+01 1.140368323591845146e+00
1.488612033920828935e+03 3.488902458893145990e+02 1.235086869062607320e+03 1.578415068894556498e+03 2.051397397133338529e+02 5.621723245080888773e+02 4.890445338215546940e+02 4.082629279052480911e+02 4.786291011873176870e+01 1.846644014960059508e+02 6.839457981752963178e+02 1.814517980429129125e+02 3.533591312445524935e+00 1.040033308208123008e+00 1.453301059107105402e+03 1.534514019542646338e+03 8.906936487290707305e+01 4.716617829563650730e+02 6.536809775712349335e+00 1.856207450147927318e+02 7.382171789715111743e+01 1.047010375600644693e+03 8.104571120505818271e+02 4.479133289837285474e+02 4.493492723730781222e+02 5.377961611127447838e+01 1.904167546316149284e+01 6.243591745675573748e+02 9.667444587488012075e+02 0.000000000000000000e+00 2.135414761406661057e+02 3.921691719955555300e+02 1.252791164652674496e+02 3.922919589082996339e+01 1.450972835791185389e+03 9.848454640043308927e+01 5.469627335711467140e+02
1.039575920431519535e+03 4.436280905201726341e+02 3.119214902496841546e+02 5.665398186800500753e+02 3.879114240097749189e+02 0.000000000000000000e+00 1.315923282851875626e+02 2.780347202409884062e+02 1.037664892395049208e+02 1.220700658748167626e+02 2.165795035189192674e+02 5.574030748383477203e+02 7.017141304917466869e+02 8.662787841463334644e+02 2.629306766221637837e+00 1.033090183957522186e+03 7.654556711691508042e+01 2.568652126895377705e+02 1.534065627327160428e+03 2.208856351621221563e+02 9.824222599941850831e+01 4.953655103632589771e+02 8.331745291292055526e+02 7.686647130800517170e-06 5.046608833082792671e+02 2.438764804104482931e+00 4.653894699132328014e+02 1.830839190958769080e+01 2.880137126886149304e+02 1.590306847157720540e+03 8.886559210384440348e+02 0.000000000000000000e+00 9.157945557554472771e+02 9.408446894689545843e+02 2.071217733329386306e+02 8.338412122373013062e+02 1.395126403710427439e+03
2.320833904235016973e+02 8.543886201194732166e+02 6.405783671117651465e+02 5.975639925234082739e+02 2.802389396713468841e+02 1.224906501535664802e+03 5.482859747705159634e+02 5.573626066114484301e-01 9.114197285471507826e+01 7.411441491583684638e+02 3.758497729180789975e+02 1.656925236889481710e+02 3.015689816560646364e+02 2.852124701292719422e+01 1.308568763021939276e+03 0.000000000000000000e+00 1.713811416337780429e+03 3.014547173306344944e-07 1.560539577866005629e+03 6.516980624625726932e+02 1.185224776782072942e+00 9.144107485789691054e+02 1.652594772165621180e+03 6.362287967008143372e-04 0.000000000000000000e+00 6.339722464133525364e+02 8.264840094435747631e+01 0.000000000000000000e+00 7.631666713394992030e+01 5.083849075308778964e+01 2.256397367475846139e+01 6.415313032918168119e+02 7.082244876011639008e+02 2.675935084620504778e+00 5.705540962717800539e+02 1.256073241971745801e+03 1.939977144847754857e+02
1.669103058819913485e+02 1.670149587303725696e+02 1.367644510801821127e+02 1.054459522270984053e+03 1.362197563710942916e+02 2.172375842362437197e+02 6.809979380929080435e+02 0.000000000000000000e+00 0.000000000000000000e+00 1.318591685155211621e+02 3.696174380590247779e+02 7.032388152412452200e+02 6.026874372218010194e+02 1.048649868916257219e+03 1.255458459695454167e+03 2.163879552948298794e+02 1.186816864191351215e+03 2.574071876180076401e+02 1.105999712181079397e+00 1.473696579783987318e+03 2.208000695031415944e+03 5.921459036413120884e+02 1.606782081597579293e+00 1.589508339009267729e+03 0.000000000000000000e+00 7.048696977316395760e+02 9.867748200364682987e+01 4.957540164209385125e+02 3.790351518216480713e+02 1.275701954254440807e+03 3.617021480547836898e+00 2.244751493096093786e-01 0.000000000000000000e+00 1.548110462841317485e+03 0.000000000000000000e+00 4.523225538974846813e+02 4.883233110422555683e+02
1.792720938367940278e+02 6.326329607263438959e+01 1.413614583044570105e+00 0.000000000000000000e+00 3.055375823603464482e+02 2.963378875530658547e+02 6.783709613863027243e+02 1.537266499217399485e+02 8.534846020043412409e+02 5.163570658699288742e+02 1.851404165530623303e+01 6.707968810595061476e-03 4.772520797865378768e+02 1.256753383092052673e+03 1.179487763921754784e+01 4.085274576422940527e+02 1.693088148051799990e+01 4.583027929220596093e+02 2.722012094692166215e+02 5.366367663083985384e+00 1.754593374638626756e+03 6.075099084268413385e+00 1.160394110387079536e+03 2.248057606921157912e+03 3.189508720493394662e+02 0.000000000000000000e+00 1.336012375535956087e+00 0.000000000000000000e+00 0.000000000000000000e+00 3.322076912321951347e+00 2.081536239458214368e+02 2.807559537180866371e+01 1.939697664977315839e+01 9.869807045659018740e+02 6.794437903070470384e+02 1.861399960944904990e+02 7.058549502514179039e+02
5.068118866713657411e+00 2.059092943385413719e+02 1.920725545385677080e+01 1.055754947533317363e+03 1.591395955332798735e+02 0.000000000000000000e+00 7.453747474147162393e+02 3.872807055838047745e+02 1.486942263938518352e+02 2.473187876699595051e+02 1.054206597805429283e+03 8.640800366469085247e+01 9.064509523642148281e+01 7.426712557052564989e+01 1.476088442706465912e+03 1.388044776096268833e+03 2.205103391206924641e+02 6.562250888835714022e+02 1.962005238478951696e+01 1.536473508055511275e+03 6.038293084725316895e+00 1.732280532521743226e+03 0.000000000000000000e+00 8.250108762771602642e+02 4.194728627314245273e+02 1.420055665624565977e+00 6.415012735087657347e+01 1.236539159641687391e+01 1.520598958405082080e+01 5.790619144000570486e+02 6.267854465058757540e+01 6.589129411805112113e+02 1.005156392785368780e+03 4.785795366172070544e+02 1.265669775981835841e+02 8.766818499571590451e+01 5.392842533342268929e+00
5.310325349257524294e+02 4.277272730954046551e+02 9.411567104986767740e-01 2.433191643922351375e+02 1.230540527096569576e+03 3.205310719720548605e+02 7.626326297231296394e+02 7.508238665472598541e+02 8.604167224549156856e+01 3.936159992022068081e+02 0.000000000000000000e+00 1.129955669990711385e+03 2.038683146913536746e+02 0.000000000000000000e+00 1.613233991570666603e+03 2.934338793921981220e-08 9.456875997715750373e+02 2.096513864016952056e+01 2.941449504980688516e+02 1.542628268252026942e+02 1.000006231438815263e+01 4.556617128863200605e+02 3.106134528487934858e+02 1.341254191594647182e+03 8.317027221339627374e+01 3.618200240367310272e+01 1.551651984553475074e+02 4.247485015778524371e+02 1.334545897089024322e+02 6.310236989126759966e+01 5.231049605345577902e+02 0.000000000000000000e+00 3.285144791389078733e+01 4.947603490040552856e+02 9.270866911825575585e+01 1.113660317797100561e+02 5.533089369012429870e+02
9.489359549268250476e+02 0.000000000000000000e+00 4.091016778951967581e+02 3.880767210075441085e+02 4.559856906515358332e+01 1.193612956708658288e+02 3.550784113642188089e+01 1.162942025823851054e+03 6.759025090828588418e+02 4.134617263771824014e+01 1.018565055351743695e+03 5.683394528068299678e+02 3.141247448288980308e+02 2.137248345624533385e+01 3.401689948804541359e+02 6.558680375237556746e+02 2.294782072018582308e+00 1.689487704653372191e+01 4.063010094339197735e+02 7.257130659040241198e+02 2.753929779922926713e+01 7.602195513037854653e+02 9.153082670622495698e+00 4.969598482620749280e+01 3.639304424360834105e+02 1.245999115090292889e+03 3.386381806263257204e+02 3.541818421037011166e+00 8.082859026823178965e+02 5.896765519214124396e+01 0.000000000000000000e+00 5.595299498714874886e+01 9.306307868896997206e+02 4.227606748617326815e+01 7.038431887976107859e+00 0.000000000000000000e+00 2.011775254044731867e+02
1.639146177575251500e+02 1.629295429913955104e+03 7.822377722432231621e+02 1.096204465567288025e+03 5.818403033700532134e+00 1.070571380724872768e+02 7.795434494612837852e+02 6.312449440647883492e+00 7.292468188040437553e+02 1.791323992897062567e+01 1.368891304166101690e+03 3.670870839427978893e+01 9.646385793406543598e+02 5.869155931480923982e+02 1.435916670831997237e+02 4.624484770116269061e+01 5.718643484279494942e+02 1.448357064067640749e+03 1.060521009065455473e+03 1.160208252552034196e+02 2.589170968532211603e+01 1.157570134279397962e+02 2.799503450711272308e+02 9.414957437943642162e+02 0.000000000000000000e+00 1.014446641490818593e+03 7.744821995596131501e+02 1.181978837405775984e+01 5.870492429782422050e+02 3.869245440608565900e+02 2.022611353930661160e-01 1.022544370468799912e+03 1.337599825241238705e+03 4.749913347899312299e+01 4.133710185894179858e+02 8.880614912323831049e+02 2.269654621388897908e+02
5.958295886609874970e+02 1.216042923118790668e+03 0.000000000000000000e+00 2.583471407689227703e+02 2.113776448962159691e+02 2.567698393301197370e+02 1.091058501472445244e+02 0.000000000000000000e+00 1.504944028145600214e+03 1.088305305221992256e+02 4.944900688504176856e+02 3.166578923078868790e+00 6.614308938192750702e+02 1.991413787904470496e+02 7.793058573948020467e+02 5.639230154699585995e+00 4.700293529497339051e+01 1.683148639146609726e+00 1.065477018701567147e+02 1.736166527733774672e+02 0.000000000000000000e+00 8.494240957780722283e+02 3.731775774651066580e-02 6.033793947619145683e+02 7.016348577966017501e+02 6.023344347520599662e+00 6.873648688414925800e+02 7.205626648788717148e+02 0.000000000000000000e+00 5.001694368447689953e+02 5.645647194560170874e+02 2.220903930913117996e+00 5.084043315415712527e+00 5.987924917371752542e+01 1.238657558755547825e+03 6.043691492049258613e+02 2.091219065594454207e+02
6.575815899862795959e+02 3.706548058703508559e+02 4.938747365880161055e+01 9.240507354331039096e+02 0.000000000000000000e+00 1.148358819270179765e+03 4.015993098293817525e+02 6.427504564807125575e+01 1.206266652617332511e+03 1.795023161874856328e+02 1.124223518822360575e+03 2.237740057063292909e+01 3.656695143881146919e+02 3.116021235215289380e+02 4.089549680225709949e+02 4.036481770167443983e+02 3.196852192933643551e+02 1.268704541244572056e+03 4.525444114539898237e+02 2.701467842593060027e+02 3.676076171816942573e+00 1.251092429693736449e+03 7.721848320928653493e+02 5.392053285121236286e+02 5.008014105161826990e+01 0.000000000000000000e+00 6.432073888503661010e+02 1.395604250399127295e+03 8.187770266169952720e+02 3.229514013591190746e+02 1.255227466970676460e+02 8.401015378181890583e+02 1.739859096524886127e+03 2.546703341040974422e+01 2.639718516347604691e+02 1.154883571263689873e+03 1.631590163414718830e+01
1.297707119472181375e+03 0.000000000000000000e+00 7.553912886244938818e+02 2.376603449946978515e+02 5.804964408756634953e+01 1.209762594849042216e+03 8.122645514384755643e+02 1.523187150890598787e+03 1.254435445903813218e+01 1.396277575709941630e+02 2.922727779610602852e+02 2.387409096160085120e+00 1.380577156272664974e+00 9.897645576252322996e+01 0.000000000000000000e+00 8.690755223739101893e+02 4.502123881518755866e+01 4.335458618845353662e+00 0.000000000000000000e+00 7.108571767560190438e+02 2.760310469646185538e+02 5.373697894603153280e-01 3.479912976899583441e+02 5.272457460848698929e+02 5.867138579237524709e+02 4.480526230726221115e+02 3.970172205709500872e+02 9.136880851061381463e+02 7.039429862642114131e+02 1.848097115665597698e+02 0.000000000000000000e+00 4.007870386730979249e+02 5.065994593358350926e+02 3.223419359023557149e+02 2.841854040470138543e+01 7.602210282488376833e+02 8.637731008872531646e+00
9.940819412867249412e+02 2.470095411991985941e+02 5.275857356816121069e+01 4.405197513594008285e+01 9.537891801018575961e+02 8.488831233177859303e+02 5.999756137371535658e+01 0.000000000000000000e+00 1.240579094851279365e+02 1.482576401241896974e+03 1.779920851334846930e+02 1.585262803111871790e+02 1.096537757043142847e+02 1.241146123514206323e+02 1.151400715740532519e+02 9.838740687753412431e+02 4.789545733862457269e+02 2.107206653415570941e+02 3.943734423237178532e+01 6.940005110968461111e+01 3.816900108099139288e+02 3.314423115755407707e+02 0.000000000000000000e+00 4.251982834096799593e+02 4.268821506213268435e+01 0.000000000000000000e+00 1.497357949163571789e+01 2.821824098958574112e+01 0.000000000000000000e+00 1.409782997342548242e+03 1.794080318462918626e+02 1.182490934449475162e+03 1.089711062238421846e+03 6.667957398485690419e+02 1.593359880577091019e+02 1.163381038456730110e+01 1.513444664167313363e+02
