output/example_1/lateral_incision_000223.asc
nrows	75
cellsize	13.33333333
xllcorner	0
ncols	75
yllcorner	0
NODATA_value	-9999
[rows 17 to 33 of 75, columns 37 to 73 of 75]
7.362577401666481336e+00 1.720063186351128763e+02 2.094464610976679353e+02 7.406569017461362137e+02 1.690655209313978844e+02 1.044968608535210478e+03 5.668498513659373828e+01 9.582622870601851446e+02 2.813992031434638648e+02 7.086788059875538011e+02 2.005983311717345430e+02 2.392327248756821803e+02 4.260698144714587556e+02 1.511031148676647263e+03 1.209048344423112269e+02 7.589558976022449315e+02 3.520551267034124976e+02 5.380654600861082599e+02 3.862085950707199800e+01 5.688074077679860920e+02 4.723391575542908640e+02 5.809880323525866288e+02 3.416941833050977380e+02 7.846896275458010717e-01 0.000000000000000000e+00 1.262041148523648417e+03 2.504097583983605659e+02 2.384920056769777474e+01 7.827063878300036777e+02 7.330397581982488191e+02 1.292131688946266877e+03 4.222585082968255961e+02 9.927511514092933567e+02 9.561034796876525022e+00 8.538887761883593441e+00 1.490422976081335491e+03 2.493362510242216956e+02
2.198469420368862615e+01 3.977109771035355266e+02 1.079883922497220510e+03 1.350494271591280722e+02 1.205319369532852569e+01 5.319915943690565996e+01 1.146238283036342551e+02 0.000000000000000000e+00 4.604962074251056414e+00 1.228833473193976289e+02 1.017924588508300985e+03 6.715678675360075545e+01 6.897522572315830303e+02 1.810486577260624619e-01 7.827368094821794102e+02 1.398504836617339606e+03 3.785298218941437085e+02 6.387369263147434140e+02 4.055570207802291520e+02 6.430060202130207472e+02 1.287827435786711590e+02 3.150660389289278669e+02 4.519153460179477833e+01 1.064553760619572586e+03 9.766775951843235362e+02 8.704439584039057536e+02 4.604137455144201567e+02 5.025771536298934450e+01 1.236853829945126222e+02 1.784757774969834543e+02 1.639849261382173893e+02 0.000000000000000000e+00 1.110975868976637685e+03 4.808657988259008675e+02 1.302650729683121789e+00 1.145334605890473540e+03 7.472072341026320146e+02
2.525604017805470392e+00 5.629958498615101448e+00 1.369604237358501905e+03 5.483885712134729573e+01 8.767834274741841227e+02 4.716313614111489301e+02 1.318512071637918098e+03 8.374498883234961113e+02 3.238206405881020089e+01 6.617137120777999826e+02 5.667705255253017604e+00 1.505059949242045832e+03 1.189631739798447541e+02 2.713890157218075387e+02 5.802381980485495205e+02 3.656916273795204120e+01 7.478662820222895107e+02 4.744730365965501164e+02 2.083848933664328911e+02 5.241531592367766734e+02 5.940906743014749054e+02 2.149485247670305341e+02 9.703339750173861944e+01 7.898385813270533617e+01 9.537486846789538504e+02 2.614021230461892173e+02 1.258851329786742554e+03 3.424720420170356272e-01 6.819630769796224286e+02 6.029847653544911736e+02 6.457607593272156521e+01 3.243449114835912042e+02 7.955077806151464870e+00 1.020734796423528878e-01 3.610458122808142889e+01 8.747632526349974569e+02 0.000000000000000000e+00
1.765221312133183744e+02 1.218796438471789997e+03 2.574285130306210867e+00 1.321808343593695554e+02 7.514835153867187501e+02 0.000000000000000000e+00 1.051856792314562199e+03 1.964986295771096252e+02 4.265412680566506687e+00 5.158561584702995333e+02 7.052495013403007533e+02 3.858960172993565152e+01 1.927829283451101503e+02 8.772378808251164628e+01 1.323776582510799244e+03 1.843116728775491765e+03 1.143178906004886585e+03 1.261163272325490880e+03 9.803380091315988238e+02 3.063955576952684723e+00 3.310484733573680387e+02 2.580212962537688099e+02 2.759498574133668569e+01 5.364189121005653149e+00 4.105752541612735058e+02 2.653950029508845887e+02 1.509847263326368193e+03 1.692534704971867768e+03 7.649747018152481814e+01 4.690534232020734245e-02 3.866979616755997995e+02 7.841743588771211080e+02 1.454478993705621406e+02 1.573710910428412717e+02 0.000000000000000000e+00 1.017170654311962267e+03 1.140368323591845146e+00
2.021073263868783272e+02 5.147956271333747509e+02 8.123056102913218410e+02 1.727356212416105263e+00 3.019323952507648414e+02 4.328581812138071427e+01 1.312857141348543792e+03 2.868401489557886652e+00 3.462436511766741205e+02 4.605086708789512500e+02 6.895195739432560913e+02 6.327573712626269753e+02 9.269544203666612248e+00 1.566438584709206225e+03 1.157598642252991112e+02 1.506096484766213507e+03 7.856228497453041655e+02 3.215521654677198740e+02 1.988329352955586558e+02 0.000000000000000000e+00 0.000000000000000000e+00 1.726487416588101009e+00 2.885383089805566783e+02 6.661069526630564042e+02 1.480480071466586764e+02 5.042193788064518003e+02 9.513059209989454530e+02 7.222532831540752341e+01 0.000000000000000000e+00 1.033742389895835885e+02 1.397517224936065531e+03 1.672276110271738162e+03 1.776089489602475480e+00 5.569151630587647333e+02 5.238122623900467261e+02 1.173628892848728356e+03 6.636258674238636246e+00
1.291097381845922882e+03 2.754036775400081893e+01 2.580592652863534227e+02 5.773542175273670409e+02 2.212664477671859231e+01 1.354022932197322916e+03 4.840895134424413868e+02 1.131004514222911894e+03 7.109041312095589547e+02 7.224945286887557359e+02 0.000000000000000000e+00 6.255619463502763011e+01 2.779894494513604286e+02 0.000000000000000000e+00 1.193836468496170255e+03 0.000000000000000000e+00 1.600189990404037871e+03 6.236641351414942847e+02 1.601725265758999583e+01 1.536380964458182007e+03 1.796493641158476180e+02 2.008462409908337349e+02 7.010348602971619769e+00 2.517208417809331689e+00 4.778754624138836675e+02 4.267920263957834663e+02 2.684651719822888083e+01 1.175644514422591556e+03 0.000000000000000000e+00 8.934548949630770949e+02 2.111563490694025518e+02 6.411403519790722783e+01 7.599969023874739378e+02 0.000000000000000000e+00 2.013539250971359138e+02 3.457098433500048031e+02 6.481695707095982470e+02
1.425773977647389529e+03 3.859317465162315219e+00 8.872186980781790453e+02 8.980744020351336303e+02 9.250492802809748127e+02 3.210783162458249507e+01 3.556452375634730743e+02 3.448923625618945943e-01 1.723398345593456042e+02 1.756317705421201580e+00 5.703289321430419889e+00 8.678172840480614241e+02 4.095064579003528138e+02 3.551565482200642236e+02 1.627136774048608004e+03 2.926243259831677506e+02 1.712770771605705289e-01 0.000000000000000000e+00 1.630654588131018045e+03 8.813197179188897223e+00 2.632208324911261554e-01 2.398277056715112110e+02 6.119103649173019903e+02 5.753758235097373017e+02 3.599660441858247850e+02 2.693172614435592749e+01 1.310149298621702201e+02 7.054007925177444349e+02 1.103613605261108205e+03 2.928241047251273699e+02 4.519364140859516397e+02 5.713853079154773695e+02 1.346955878042145685e+02 3.902808895285942725e+01 1.637395303916441662e+02 1.177275894811552007e+03 6.083088999585415877e+02
4.882862677006423269e+02 4.455975722067329947e+00 5.342066970539229942e+02 2.750813745583739660e+02 8.849109803184057910e+02 1.543721140685114506e+02 3.771117286206372228e+02 1.462468195431133381e+03 2.320403539456302440e+02 1.325970696514667964e+02 7.353219992008529289e+02 0.000000000000000000e+00 1.275824908693167799e+03 4.057183856311866634e+02 1.950186459345788137e+02 5.813375913470944170e+02 1.637857087356835564e+03 0.000000000000000000e+00 1.047835238606394796e+03 1.299619309854307858e+03 3.123903802790110262e+02 7.112917422003151025e-02 1.136945355787773195e+02 5.662223538252177377e+02 4.058515733881265675e+01 1.520847671167130954e+02 5.802062894476131305e+02 1.586328191900250673e+01 3.840666583014194657e+02 9.182830110661917900e+00 5.810563998178802194e+02 4.515300152251069790e+02 1.104329642729600664e+03 9.440284714964290060e+02 8.196075620268569537e+02 2.226296958560188344e+01 5.055578595976587053e+02
2.685635833111279567e+02 4.768910931338677415e+02 0.000000000000000000e+00 1.182973813835684851e+01 1.641492381661314539e+02 0.000000000000000000e+00 5.182140130813814949e+02 6.646676718260385996e+02 0.000000000000000000e+00 5.346527712718062730e+02 3.136598423366224608e+01 6.768987273361947246e+02 6.334420769033268925e+02 6.244406555396294323e+01 2.172282289829676643e+02 7.134362579918764595e+02 1.789541401061636066e+02 3.925820446454816306e+02 0.000000000000000000e+00 3.636091234698930066e+02 5.488423550187217188e+02 3.453901843678602290e+02 3.194101734830838890e-05 0.000000000000000000e+00 6.898196615452811784e+02 6.859129950288047439e+02 2.106871415764827020e+02 3.979594087382210432e+02 1.061700331786450562e+02 1.161877771141513804e+01 2.829713023838831418e+02 1.148096961683388599e+03 2.853330921750085167e+02 0.000000000000000000e+00 5.437805868675281928e+00 7.997285619183733161e+02 7.058549502514179039e+02
5.068118866713657411e+00 2.107845214706124466e+02 3.482017758290406846e+02 7.253120955807516168e+01 4.384234962104729902e+02 4.961154407315865456e+02 9.749999168301136478e+02 6.197623135757564796e+02 3.840196792113545143e+02 2.473187876699595051e+02 1.122931963922914065e+03 7.735822965870743246e+02 6.028471811112500518e+02 4.567895885688993296e+00 7.736207218392021332e+02 8.504527257283003792e+02 3.913093577632147912e+01 4.284481995438486024e+01 9.756026095105121385e+02 0.000000000000000000e+00 5.625526899133684537e+02 8.524216266956652817e+02 1.786550359593956955e+03 3.518309112978478481e+01 4.162815459909390938e+02 6.914546720111471245e+01 8.456963333314675424e+01 2.088204230067543676e+01 1.653348648216788419e+01 6.581015788718738122e+02 6.267854465058757540e+01 6.608537828271098533e+02 3.231155056422971406e+00 4.813735355503432629e+02 1.265669775981835841e+02 7.279174751414144566e+02 5.392842533342268929e+00
6.035071354778322075e+02 7.180214159086804102e+02 1.768946958931961078e+01 2.525164517065998666e+02 3.306860012743672028e-01 3.560463029731899383e+02 1.285221643780051863e+02 0.000000000000000000e+00 1.052973198182967423e+02 3.936159992022068081e+02 1.567119956766964028e+00 1.499470692238614955e+00 1.883626326617403990e+01 3.146539672977434066e+02 1.252094260664666990e+03 5.486724678093272445e+01 9.621252064907630484e+02 2.370930894899443686e+01 3.035275559540922359e+02 4.183175370321990272e+02 8.164191981187350448e-04 0.000000000000000000e+00 1.235106452756097184e+02 0.000000000000000000e+00 1.594969529858198939e+03 3.497399843236545394e+02 7.108888763632684231e+02 5.276145549628294020e+02 1.334545897089024322e+02 6.310236989126759966e+01 5.231049605345577902e+02 2.508011365735414415e+02 3.840236706607074524e+01 1.059550177586725113e+03 1.050524359072161587e+03 0.000000000000000000e+00 5.240634160686597198e+01
1.206868643677055930e-01 1.936732610977700553e+00 0.000000000000000000e+00 3.941961446818520471e+02 4.559856906515358332e+01 2.503039071488692286e+02 1.626471775720475819e+02 2.082656789937371684e+02 7.448558971728223241e+02 1.367034210375340706e+02 0.000000000000000000e+00 7.098743358735084712e+02 4.342434177627894201e+02 2.842239302696325254e+01 3.401689948804541359e+02 6.824267198457291670e+02 1.400024189771809517e+02 1.347644829112365699e+02 4.042495005130529648e+02 8.397964874993664353e+02 1.635407400822990439e+03 6.161331135453293655e+02 2.214389787371404128e-01 5.948488335113114545e+02 1.613021158457083175e+03 2.045335687944182013e+01 3.387973026628537241e+02 6.173825784426572483e+00 4.865086605936021213e-02 6.356935492508348773e+01 0.000000000000000000e+00 7.463472917156746007e+02 2.675374521350253190e+02 4.593662942091036427e+00 1.254482797185509753e+03 3.423816996160714439e+02 0.000000000000000000e+00
2.440562625562485266e+01 6.493664994286997398e+02 4.160380023525649307e+01 6.508906584747317758e+00 1.798371719400030315e+02 2.048953104524153090e+01 8.140335860496423948e+02 9.771903655948241396e-02 8.827355908242623173e+02 2.294951697931398940e+02 2.129672250524768273e+00 3.280560054751900338e+02 9.646385793406543598e+02 1.215200798836760214e+03 5.771162543594557519e+02 0.000000000000000000e+00 7.719725164195991738e+02 7.480466219403141395e+02 1.784888759973498225e+02 8.439170239622737313e+01 1.162731710214392500e+01 0.000000000000000000e+00 8.616710731664500145e+02 1.157374467804501483e+00 6.504247995417796346e+02 0.000000000000000000e+00 8.516414477432472552e+01 8.953000074894201816e+02 2.604141129371257435e+01 9.452055337491663067e+02 0.000000000000000000e+00 1.271352936051614734e+03 3.937537795015466031e+02 1.599772239182739213e+02 1.798787426101887661e+02 1.076803664926150987e+03 1.129915731622522117e+03
4.317126756255845521e+02 6.487347347485482487e+02 2.488306706184057475e+02 2.877066756643995582e+00 1.042704131695536262e+03 2.454964197149574829e+02 1.255280671039623002e+02 4.680420907923810319e+02 8.358627737476855657e+01 5.397329840064035125e+02 5.285079237107122196e+01 3.383509864790848951e+02 6.614625619275661847e+02 2.204543897096432659e+02 7.698488299568779212e+02 1.181491132790056781e+03 1.816426478911896325e+01 1.292169697866034461e+01 3.097261203983526201e+01 8.318695097684815210e+02 5.029553560221186785e+02 9.816700552357893628e+00 1.697522741143741086e+03 1.185218211506867647e+03 7.069376988637695369e+00 1.459752229966038385e+03 8.627487667537453717e+02 5.636909234256600030e+02 9.517459420832855344e+00 7.933995467032843862e+02 4.349538552229477659e+02 5.224905483224112857e+01 2.152082503849288031e+01 1.625779177992536916e+03 8.278332358202658270e+01 1.164817121957521067e+03 2.131719855371423193e+02
1.121128721950299905e+03 7.918500228875747098e+02 1.453412762712238646e+03 0.000000000000000000e+00 9.747368267660709762e+01 5.351977901497228629e+00 5.440398887922558515e+02 4.794401906810030596e+02 1.750280116255074745e+02 1.014794590583086915e+03 5.408371156584569661e+01 7.305466242436366429e+02 4.706910857145495015e+02 1.034899610458678580e+03 1.139918821936183804e+03 0.000000000000000000e+00 2.648689225457618477e+02 5.677808968655435820e+02 1.952963359642388639e+02 4.258502406572666246e+02 3.301821436290278484e+02 0.000000000000000000e+00 0.000000000000000000e+00 8.673000594426135876e+02 1.459572283109402179e+03 1.953370758903438531e-01 9.313262595952115817e+02 3.990015876155516708e+02 5.888107787293913598e-01 4.346800536945587510e+02 8.179978766683469757e+02 1.167931928079329440e+00 1.546342969996700276e+03 8.663814261855765153e+02 1.093690123791559472e+03 2.653862142611562724e-02 1.631590163414718830e+01
0.000000000000000000e+00 1.435406625334665932e+03 5.766234560057559833e+01 1.484384788067795853e+02 6.616902763183315983e+02 4.075351515565363014e-01 1.417581096058705498e+03 8.423884571210054446e+02 6.864615917904091020e+02 1.446581133524625329e+03 2.527961273769335548e+01 2.386722977762989331e+02 3.580778008558371539e+02 9.897645576252322996e+01 0.000000000000000000e+00 9.396966265444390274e+02 8.121792102302057401e+02 4.508126415323634895e+00 1.160101584842060447e+02 1.666157034533904948e+02 1.135378137212157554e+02 3.010952675482653262e+02 1.131990290492249869e+03 6.538805384694015288e+01 1.679192416585065757e+03 4.671257276403222392e+01 7.161069020547690798e+02 1.884303802232813325e+02 8.194052910307273123e+02 7.869966547845247078e+02 1.858833842729951114e+00 3.398119558657232915e+02 1.439243527683278234e-01 2.191777960955680271e+02 1.931042804549667125e+01 2.594638627381010565e+02 1.268780998656940717e+01
7.538123726007578398e+02 1.307577157051111882e+00 4.179184092729842348e+01 3.392554273089071444e+02 2.959219361402325035e+02 8.750194925588617707e+02 6.053242696605367712e+01 2.034914956815892992e+02 8.690027698440960648e+02 2.218062697956980855e+02 7.714202282976514198e+02 8.620515184346567139e+01 1.313446960490088316e+02 1.484079384556694947e+02 2.114114906826937386e+02 1.143939017438274732e+03 6.844569410015021731e+02 4.951760320270332727e+02 1.879969766863882512e+02 9.231555001014833124e+02 6.490831391638587320e+02 8.391953022133399145e+02 0.000000000000000000e+00 1.206681678239585153e+03 7.765290898222995963e+01 6.093912847367086716e-01 3.584100126746795922e+02 1.042336337545399601e+03 4.131301100836771525e+02 5.125100555211997033e+01 5.045245663330738353e+02 4.827900588780432258e+02 3.578483550751255238e-01 2.219132074838125845e+02 4.319585501501871931e+02 1.184411961032964378e+01 2.761067150465295867e+02
