output/example/elevation_000249.asc
nrows	75
cellsize	13.33333333
xllcorner	0
ncols	75
yllcorner	0
NODATA_value	-9999
[rows 17 to 33 of 75, columns 37 to 73 of 75]
3.457642461542677381e+01 3.168644839872802166e+01 4.089301446601869117e+01 3.568950968578072036e+01 4.176487435327108244e+01 3.966306484168789837e+01 4.384301167371702945e+01 4.890877339133271562e+01 4.810538319657453599e+01 3.892902527152703840e+01 4.810526677418183539e+01 4.868105692371911886e+01 3.880146003385750930e+01 4.868114789059997349e+01 5.135516959410129800e+01 4.650199381599472304e+01 4.146919920182399721e+01 3.157306953998541488e+01 4.146919917702277303e+01 4.176075025538295904e+01 3.922340109214166404e+01 4.952065449252260265e+01 5.115273335406853761e+01 4.742877552850115563e+01 4.727333510777016556e+01 4.376238071408740637e+01 4.301751602977151379e+01 3.375501320779965653e+01 2.981632730126381503e+01 2.094940813838357485e+01 3.131295715831277704e+01 3.544275404704134758e+01 2.966704886609288039e+01 2.586208345013438148e+01 3.592540061612361058e+01 3.506157242892541603e+01 3.990089372773894638e+01
2.485477407029468111e+01 3.457642462990918375e+01 3.605060298801681995e+01 2.757244643101444481e+01 3.159614320377978558e+01 2.948592636079151319e+01 3.458063669277444063e+01 4.474549299238895372e+01 5.312409997820865470e+01 4.901927458018398198e+01 5.312409997820865470e+01 5.652668561555156401e+01 5.162950991016673186e+01 5.502934049769344682e+01 4.733739486758148018e+01 3.762572796416595367e+01 3.262013664628378251e+01 2.898661210887451745e+01 3.616431663182800804e+01 3.164392837378304790e+01 4.176075025538295904e+01 4.763725364007873964e+01 4.889376878328854303e+01 4.968232091531779560e+01 5.118331142884715490e+01 4.756078979793603168e+01 4.285584706486483242e+01 3.183989246371618975e+01 2.476305146646702227e+01 2.034030601485090273e+01 2.565146512355416775e+01 3.550888547205423151e+01 3.958159921148139659e+01 3.179028281900045627e+01 3.998887018802466997e+01 4.479261050801181909e+01 4.887582329552922289e+01
2.638928266813469392e+01 2.638928597852103408e+01 2.854715708779919936e+01 2.170836426757381332e+01 2.441165188252668372e+01 3.457449560056479498e+01 4.384301079004565338e+01 4.890877160458252604e+01 4.912675767935323279e+01 4.912675767911159852e+01 5.326814364316835793e+01 5.517008070216332527e+01 5.014526907883330153e+01 4.975312253170787358e+01 5.134932940374833521e+01 4.650177097779041446e+01 4.248181037745037258e+01 3.616431663182800804e+01 2.597808787259686625e+01 3.371378159535510122e+01 3.371299960897790271e+01 4.321172569371594108e+01 3.961638223586169971e+01 3.724411624619054351e+01 4.497182158091352733e+01 3.913392984647429529e+01 4.053912353508133037e+01 3.563287987312553184e+01 2.665818291508568905e+01 1.974727901349184833e+01 3.018428022236716401e+01 3.502862557163236090e+01 4.419951357953181770e+01 4.157434422652091399e+01 4.564707837517681810e+01 4.554877178110908886e+01 4.955007358340501611e+01
1.635838894710393987e+01 1.635838894710393987e+01 1.847161540011676450e+01 2.854715708523980311e+01 3.454770559663988649e+01 3.874388545427949992e+01 4.714216363366990237e+01 4.614352937070191985e+01 3.901891736389110577e+01 3.901891736389108445e+01 4.912675767903066770e+01 5.759042204566338086e+01 5.066034044833584460e+01 4.180574408967857636e+01 4.535384720908417933e+01 4.286646448769022300e+01 4.133223977785049641e+01 3.519712931854311933e+01 2.497010990920276541e+01 2.335773944352371601e+01 2.919198801770967577e+01 3.623161650905719000e+01 3.492963558633831411e+01 2.925636375156593161e+01 3.927625821094078873e+01 4.053912353508166433e+01 3.136803586070794481e+01 3.518323958825678943e+01 2.958031315886773882e+01 1.916461799222080487e+01 2.654979137529279853e+01 3.602111037621634893e+01 4.050993801340113265e+01 4.403902763911139573e+01 4.006437103669113498e+01 3.604945064116309794e+01 4.150387910208407760e+01
2.638928584518770037e+01 1.635838894710393987e+01 1.635838894710393987e+01 2.213215385219999831e+01 2.924606114433936810e+01 3.935596762754450850e+01 3.703172838473081185e+01 3.784423851784125503e+01 3.185031327206835883e+01 3.770279214184640892e+01 4.782143837609388015e+01 5.368216340265326636e+01 4.452574020455307391e+01 3.983074996721465766e+01 3.583914416414440041e+01 3.318570165060683053e+01 3.731711499220105566e+01 2.728158198732669604e+01 3.517226485631769606e+01 3.213462242989903928e+01 2.167630046844031000e+01 3.213462368366999300e+01 3.069928354124265724e+01 2.470858957258311861e+01 3.513167664836469584e+01 4.066101017427111231e+01 3.119302773695689268e+01 2.538718832426350502e+01 2.882338149931988625e+01 1.859290096080655985e+01 2.902920040643163091e+01 3.194980106744079862e+01 3.092735680750107008e+01 3.558243446371572816e+01 3.055670642640037826e+01 3.813294658071855281e+01 3.813294658648411684e+01
2.639249490373728690e+01 1.635838894710393987e+01 1.752901009307296576e+01 2.756881379333070115e+01 2.939999755550417504e+01 3.357899600706370791e+01 2.986990614112571762e+01 2.772285473376545895e+01 3.784423851784734438e+01 4.614353034167521628e+01 5.196677824124722633e+01 5.759042204566401324e+01 5.297139145480364419e+01 4.877709999795692397e+01 4.353780195395115271e+01 3.950896587985729980e+01 2.962969070295380902e+01 3.731711487097804536e+01 3.508964637574015200e+01 2.484138840363543466e+01 2.167630046844031000e+01 3.069265425048939377e+01 2.017506899607384341e+01 3.069928354125879366e+01 3.927625817809834530e+01 4.455180555554959909e+01 3.909767460021681984e+01 3.127882433445480004e+01 2.094257803269216112e+01 1.802788899495394759e+01 2.704992834259895673e+01 2.131400677178217506e+01 2.364095977134287452e+01 2.580158310104806318e+01 2.858980441964776631e+01 2.858980441964776631e+01 3.535331175261151060e+01
3.060650021757287220e+01 2.639269239498759845e+01 2.068295562313314662e+01 1.933267034284463648e+01 1.933267034284463648e+01 2.939999755454772767e+01 2.403316912674489458e+01 3.414843171013617962e+01 4.061389464047159947e+01 4.478249683598750863e+01 4.983335944924567684e+01 5.788393336220077856e+01 5.310332055506442828e+01 4.912267370709055569e+01 4.251755562438364677e+01 3.277858209850473514e+01 3.950896553126825239e+01 3.978956778755839707e+01 2.981952170601442020e+01 3.508964620235528287e+01 3.069265348104146085e+01 2.017506899607384341e+01 2.936547028596578812e+01 3.350849485258709137e+01 3.569531804000293107e+01 3.988673709474139883e+01 4.039438541618427081e+01 3.082770836286281479e+01 2.359628417027068892e+01 1.747042130695401951e+01 1.813517135686616655e+01 2.976260157476106727e+01 3.373400200991078179e+01 3.156464379270412479e+01 3.813294645336289790e+01 3.535331175260713366e+01 3.535331175260941450e+01
3.580402303427448629e+01 2.570226527636756231e+01 3.075317385362375333e+01 2.939999742217084133e+01 1.933267034284463648e+01 2.085270823733488754e+01 2.304587131398276867e+01 2.663473009603478303e+01 3.047328517762423417e+01 3.554736284310249772e+01 4.568042643796827917e+01 5.388352487478291408e+01 4.436231842558731131e+01 3.954735635688192730e+01 3.627795544607226930e+01 4.251755562438364677e+01 4.650004954781406497e+01 4.349817545135793040e+01 3.368659185786022903e+01 3.809288985252423032e+01 2.863905849574118179e+01 2.936543433130738379e+01 1.882027615551514188e+01 2.805683020925772553e+01 2.512499555616186342e+01 3.556069785711078168e+01 3.985521543295489266e+01 3.460816979707740870e+01 2.725090473230107335e+01 1.691047000871055772e+01 2.110215893966789835e+01 2.834451405924581380e+01 3.818228122322684470e+01 4.107083858854611691e+01 4.505102962101421582e+01 4.484357869079581604e+01 4.484357872439611725e+01
3.284235188951279838e+01 3.284235188951279838e+01 3.579120127523123074e+01 2.568582090299229748e+01 2.342366927493101869e+01 3.094970482124904265e+01 3.319381944592309708e+01 2.742393987503732333e+01 3.337585235019724195e+01 4.356748534999596956e+01 4.983335946416006834e+01 5.788393336220077856e+01 5.310332055506442828e+01 4.912292165018512691e+01 4.064560152337332255e+01 4.990578039565076551e+01 5.030124147163242299e+01 4.068047532091080853e+01 4.349832871055603789e+01 4.205088212372744749e+01 3.728486488260224974e+01 3.265601886847115765e+01 2.805685535486581728e+01 1.750017438352515597e+01 2.682597679916947087e+01 2.976446596870336947e+01 3.614969218113216698e+01 2.701910167422528630e+01 2.112736121033363546e+01 1.638471616888670113e+01 2.684937642011395553e+01 2.836947049886008188e+01 3.539205733872424275e+01 4.492839175025929421e+01 5.175834007792457214e+01 4.778286941688151046e+01 4.901959359075919309e+01
4.295429995518673394e+01 4.295429995518673394e+01 3.996470927947360252e+01 3.282959958253607624e+01 2.846489267314536775e+01 3.770030641647702652e+01 4.187018830954275472e+01 3.217655576818432905e+01 4.187018830954489346e+01 4.773041326224978320e+01 5.266806364270856022e+01 4.869755836301590790e+01 5.266806364270873786e+01 5.418585021313747774e+01 4.741088724046424829e+01 5.418585021313747774e+01 5.424704993834460254e+01 5.030124147163242299e+01 4.808017045061173178e+01 3.701093993164548834e+01 2.781588101668090118e+01 2.135370929220307801e+01 1.750017438352515597e+01 2.682550264665121631e+01 1.627815564953117899e+01 2.540199449375371188e+01 2.960637651067204601e+01 2.944169867755541503e+01 2.504887940451555650e+01 1.586719535555492833e+01 2.326783548157190040e+01 3.319497299973487259e+01 4.214436069743877056e+01 4.613700518639277703e+01 4.475673983973436521e+01 3.824972455171649699e+01 3.948682130337855511e+01
4.513768368730551117e+01 4.905891357753907300e+01 4.709981897641112170e+01 4.275132191408056315e+01 3.858121567919917538e+01 4.275132191408056315e+01 4.686119346957827503e+01 4.090648042528725625e+01 4.686119346958109588e+01 5.046599959536033708e+01 4.791112848767937749e+01 3.921341921956662446e+01 4.791112848767986065e+01 5.209160769751683517e+01 5.694976460391788464e+01 5.204061201158550887e+01 4.775824718496224364e+01 4.759018170048555874e+01 4.836450747066283640e+01 4.461948417585116999e+01 3.874519901816169209e+01 3.381777937247627364e+01 2.942852873965093963e+01 3.099409950411424930e+01 2.561736314621044031e+01 1.508105278157232654e+01 2.442277335176530428e+01 2.471792801253862493e+01 1.514327533355457334e+01 2.382400579116293571e+01 2.316748508527125239e+01 3.252603622898004687e+01 4.459289914430082291e+01 3.722189750738677816e+01 3.519929082545136367e+01 3.270762404490908892e+01 3.948680985547326827e+01
3.567407666461828342e+01 4.286135966021777932e+01 4.678481873572739147e+01 4.795280917053050018e+01 4.720704332082069499e+01 4.331416570022132362e+01 4.465404577921980689e+01 5.204099116353208387e+01 5.046599959536033708e+01 4.114555287967032626e+01 4.285588671928039872e+01 3.443041339946241663e+01 3.861044681210444907e+01 4.811927170028719303e+01 5.411968213345642198e+01 4.760701710227234429e+01 3.760672039282938073e+01 3.755253237670304856e+01 3.893863664581223816e+01 4.208984335151021838e+01 3.804052188696173431e+01 3.457247178524199427e+01 3.043315177341838762e+01 3.456823526539236724e+01 2.979057468612871773e+01 2.441704938165045036e+01 1.388372461045090134e+01 1.441352383287298444e+01 2.434684189966323586e+01 2.891675353823676176e+01 3.390061760834150562e+01 3.939784767713980074e+01 3.862269706792734780e+01 3.463681649859960032e+01 2.836191549838272863e+01 3.799877099359526511e+01 4.423152240404036917e+01
3.083214955214651098e+01 3.333382839843243062e+01 4.286135965459091324e+01 3.854375997716019953e+01 3.854375997825162159e+01 3.405939156441792193e+01 4.058343325841946125e+01 4.990673699643156169e+01 4.777791582696109884e+01 4.283539670691443035e+01 3.340864886869943717e+01 3.074674342574724406e+01 3.746681815581860775e+01 4.702312492925795340e+01 5.024349885689098727e+01 4.104651702179382511e+01 3.546649223417966112e+01 3.037466458654624901e+01 3.190641577980884236e+01 3.410151173557951410e+01 2.787891158909807032e+01 3.043315177341838762e+01 1.992013416072465759e+01 2.816583806973393678e+01 3.179323546147544022e+01 2.656547493155104078e+01 2.315936208682904862e+01 1.388372461045090134e+01 2.046397451687745317e+01 3.283246530151567555e+01 3.879670577399724607e+01 3.557451788334979881e+01 3.240220135196305762e+01 2.484107952178290901e+01 3.463681649859960032e+01 3.743844928067788658e+01 3.462680433797295620e+01
2.639998644785156756e+01 3.612437767871817584e+01 3.895608793074184462e+01 3.503414858266781096e+01 2.908405580937099799e+01 3.854375997825162159e+01 4.720704332082069499e+01 4.750283640338874847e+01 4.200028023443669412e+01 3.555826898768157918e+01 3.563540426122101223e+01 2.768499039818284047e+01 3.468836802436540268e+01 4.432064291445999515e+01 5.256338083090688684e+01 4.355998723696421138e+01 3.690800029321444242e+01 3.112105137572920910e+01 2.584110297268645695e+01 2.372010386090912348e+01 2.173042784297809860e+01 1.992013416072465759e+01 2.816583806973393678e+01 1.747634860476008356e+01 2.597424460650823264e+01 2.363074261203986026e+01 1.323808690766056095e+01 2.351750003621345542e+01 2.856810250254291361e+01 3.669635155869124787e+01 2.970851685062212155e+01 3.025720965847774124e+01 2.251111212698320685e+01 3.240220135196305762e+01 2.484107952178290901e+01 2.773394351786913603e+01 3.462671697180746122e+01
2.409661326560883410e+01 3.106537218946789736e+01 3.199130486720961386e+01 2.542442839631868168e+01 3.503414858266781096e+01 3.854375997810388554e+01 4.795280919233184136e+01 4.347372762149427672e+01 3.446816528996550488e+01 2.915891971611178946e+01 3.200481102799466271e+01 2.545019112523999638e+01 3.576362546011500854e+01 4.271100982769877419e+01 4.667151568959403107e+01 4.832688394132525644e+01 3.927562687254480522e+01 3.242320272397951442e+01 3.319218937148946935e+01 3.410151163049521017e+01 2.787891158909746281e+01 3.043315190675172133e+01 3.233784150785947276e+01 2.598120799811639259e+01 1.519419454230343369e+01 1.397151600461792498e+01 1.276622477183780546e+01 1.620810583919126202e+01 2.903145432481070287e+01 3.228123638156787223e+01 2.823686036260352594e+01 2.027662477794985207e+01 3.025720965847774124e+01 3.463681675949860761e+01 2.484107952178290901e+01 3.463681676732716852e+01 3.462671697181071551e+01
3.106537218910874287e+01 2.122000407834714153e+01 2.223020717279415237e+01 3.199130486535793949e+01 3.673353710953104923e+01 4.355368895988712552e+01 4.455460932192006140e+01 3.971200482823628164e+01 3.571699416504581848e+01 3.321117140778094523e+01 2.370608476868630987e+01 2.323381052887437548e+01 3.378307527253721076e+01 3.318647734631836244e+01 4.271100982769877419e+01 4.828840329634771678e+01 4.614384485805202019e+01 4.239783375089265149e+01 4.292394159710329404e+01 4.208981254017544416e+01 3.804052160885247247e+01 3.482194898420789997e+01 3.068776457529482826e+01 2.857199681211645625e+01 2.555635489336473043e+01 2.119687966114885924e+01 1.232065913819982228e+01 2.294753567059770916e+01 2.836653124694686312e+01 2.627739920615677249e+01 1.816684183754324522e+01 2.823703112563473638e+01 3.427678735555617351e+01 3.689477538962915304e+01 3.463678331864769433e+01 3.862230297225349318e+01 4.422657159131240689e+01
2.731620288192786106e+01 1.933249045382166997e+01 2.917062599935074729e+01 3.594521956194250123e+01 3.863415704163642062e+01 3.239371541464883109e+01 3.444197198134203575e+01 3.571677036511533743e+01 2.566994221545578370e+01 2.861281811474645309e+01 2.017919526736815428e+01 2.308089686810624030e+01 2.612470183084929687e+01 3.002060443097278508e+01 3.486640967649712053e+01 4.432336428532807560e+01 5.286266213229000499e+01 4.728216667528179329e+01 4.328428151671424473e+01 3.979184085246720315e+01 3.660994706369754681e+01 3.068776526826232853e+01 2.032276776492644643e+01 1.832471409558228359e+01 1.648077078903804349e+01 2.275306256380072867e+01 1.232065913819982228e+01 1.337022877942195187e+01 2.370352984501035110e+01 1.617163676878954703e+01 2.608358852145819995e+01 3.000186998462597643e+01 3.271599328399630480e+01 2.709498634594913113e+01 3.042513266440027664e+01 4.012911479678525950e+01 4.526221691993747953e+01
