output/example/elevation_000252.asc
nrows	75
cellsize	13.33333333
xllcorner	0
ncols	75
yllcorner	0
NODATA_value	-9999
[rows 17 to 33 of 75, columns 37 to 73 of 75]
3.535932468537766482e+01 3.697025616931560421e+01 3.727836947884113528e+01 2.834486175660878260e+01 3.727838176211248822e+01 4.215275780549077211e+01 4.171943647163384838e+01 4.575730078408760448e+01 4.752555172176547416e+01 3.940268057438711224e+01 4.752555171914464438e+01 4.680675510418571861e+01 3.717306119837266465e+01 4.680675510623352409e+01 5.538625137691482792e+01 5.060343193475890189e+01 4.666554897593555751e+01 3.782109963274272246e+01 4.391336985197317944e+01 4.443360523605707613e+01 4.150803463671329752e+01 5.149834968858910145e+01 5.205706408747622760e+01 4.806107382708071185e+01 5.194812427801373644e+01 4.870541743695427783e+01 4.322332977194255221e+01 3.893403567056646608e+01 3.511169705260432039e+01 3.168062529344997813e+01 2.163606747004320852e+01 2.943912198250871626e+01 3.636923309081902289e+01 3.413155007754521364e+01 4.234339873686110423e+01 3.732520178663281740e+01 4.239065196935296598e+01
2.608460156637470462e+01 3.263543235547244592e+01 3.363424663132783365e+01 2.388434940800944517e+01 3.294598156654836174e+01 3.289728512244541037e+01 3.202798363999221465e+01 3.890639058608343959e+01 4.853925272858093365e+01 4.904734402871859089e+01 5.312630273578434270e+01 5.138398033785444596e+01 4.423060331049114069e+01 5.138394662993713524e+01 5.154149312168787844e+01 4.185839507570565843e+01 3.670625856778674745e+01 4.153899660832404805e+01 3.375658043869967173e+01 3.420541461483076517e+01 4.419118447168425234e+01 4.981231821090383960e+01 4.715700978886809480e+01 3.801536679373824512e+01 4.715703995434112983e+01 4.480632652053626686e+01 3.380801026263053899e+01 2.843284418777073341e+01 2.476137322211566172e+01 3.039724824666337000e+01 2.110769073652134864e+01 2.911576794718574490e+01 3.955136222808657465e+01 4.154237799183946578e+01 4.798805634433211509e+01 4.736188876076106880e+01 5.139656990085269683e+01
2.078221549129798618e+01 2.293242413026471027e+01 2.767737882396620819e+01 2.059354087572695136e+01 2.313264100972666881e+01 2.629664773386942045e+01 3.626556860151576700e+01 4.575730078404737355e+01 4.656359241362342516e+01 4.489723692975513103e+01 4.897235372089654248e+01 5.385129157862422744e+01 5.476998120331920461e+01 5.671763985179334355e+01 5.538625124544169154e+01 5.060343192974240623e+01 4.179071301675163141e+01 3.156976036157391619e+01 3.725970258206430685e+01 3.005072543983108346e+01 3.592652481591304792e+01 4.577176789207739205e+01 4.311638217026783337e+01 3.283767919530696133e+01 4.311641143908431673e+01 4.891078925464160676e+01 4.322030336887309687e+01 3.678485920292143163e+01 3.036352344255578473e+01 2.036361003018260618e+01 3.039167786997515819e+01 3.119810198889495467e+01 4.135141678724838243e+01 5.080234729003261407e+01 4.878664634548568557e+01 4.455517273455394900e+01 4.879819686767403653e+01
1.601766553723424025e+01 1.601766553723424025e+01 1.785315523463663112e+01 2.767737934025936752e+01 3.303718934011412500e+01 3.614628078353697305e+01 4.057668107553774917e+01 4.378692968957388132e+01 3.692638392976160588e+01 3.526677303909249162e+01 4.008440603888638520e+01 4.971242994443290542e+01 5.671764008113399314e+01 4.716588122959547036e+01 4.898734013951030164e+01 4.577876539463442640e+01 4.263559588870919725e+01 3.708550699420663221e+01 2.729979814293393048e+01 3.552509566331279700e+01 3.443490636215745582e+01 3.872227856669631763e+01 3.968816933346654707e+01 2.945872266163315345e+01 3.968817070887643439e+01 4.669858562487650033e+01 3.759790044549030341e+01 3.264218957556371237e+01 2.057136266237834477e+01 1.984282685708922855e+01 2.568663922171004543e+01 3.510612832000131789e+01 4.029017828533397960e+01 3.953802790501286069e+01 3.902984926790392706e+01 3.422286856141224121e+01 4.026923056785653898e+01
2.581996286755717307e+01 1.601766553723424025e+01 1.601766553723424025e+01 2.165974885374669157e+01 2.863735788497879753e+01 3.842100413604709530e+01 3.942236551274844913e+01 3.607695717268521918e+01 3.003391155695103976e+01 3.692638019715739262e+01 4.656303965480509532e+01 5.382929556666454829e+01 5.466719906731677980e+01 4.482728876598803680e+01 3.881347800535167636e+01 3.549877854200454408e+01 3.253446369950119532e+01 2.985436831916097589e+01 3.574613883332285980e+01 2.563992918332810689e+01 2.450672383171884405e+01 3.456279565501323248e+01 3.302984885559214234e+01 2.659225674050493993e+01 3.673415586666517640e+01 4.365702267945489012e+01 3.390885261133978901e+01 2.775257389188512036e+01 2.924702989822305454e+01 1.932195931892161411e+01 2.923432889283293790e+01 3.171895842093663020e+01 3.184051392253855184e+01 2.783327177323258539e+01 2.798361957629221664e+01 3.795834231376997536e+01 3.851814493477598234e+01
2.683707609764186230e+01 1.703069522113168333e+01 2.581804662519931526e+01 2.942853461734333465e+01 2.943001501617321480e+01 3.347569665092306934e+01 2.983832539996269517e+01 2.624080532636392604e+01 3.607695717268521918e+01 4.378692968959576604e+01 4.738382957600641276e+01 5.117043161116333039e+01 5.855540421655188510e+01 5.295599332109881630e+01 4.898733968042213860e+01 4.389603603074895233e+01 3.365236913010398467e+01 4.010062791047015907e+01 3.847664266330914273e+01 2.827768130114524325e+01 2.450672383171884405e+01 3.302984872058300425e+01 2.304654383707169529e+01 3.302984885559214234e+01 4.089357124785935582e+01 4.763912523117991071e+01 4.203376489678547756e+01 3.589453252812185724e+01 2.575364048471012524e+01 1.881266082081071289e+01 2.850870613465328063e+01 2.205791172006905043e+01 2.375260257571001787e+01 2.607833574298188140e+01 2.977158047959558118e+01 3.102903223722934456e+01 3.592795607159307991e+01
3.088723343386017817e+01 2.683707609769179214e+01 1.847742041999013551e+01 1.956338878833440020e+01 1.956338878833440020e+01 2.943001501617321480e+01 2.278086809226851983e+01 3.270309727057017568e+01 3.726303517734241666e+01 3.989904798173952116e+01 3.821680611786040060e+01 4.696324023386484470e+01 5.153447937817214353e+01 5.709509656218910578e+01 4.810197136327575862e+01 3.799069474960641912e+01 4.389603603074886706e+01 4.526897676407836002e+01 3.550921647064771491e+01 3.843634842231332982e+01 3.302984872058279819e+01 2.304654383707169529e+01 3.167802420647101158e+01 3.584524827177688877e+01 3.750540776626098705e+01 4.164101415616078583e+01 4.113207018534838966e+01 3.128084878985477957e+01 2.691137043770442716e+01 1.830485599474037883e+01 1.980703373022758029e+01 2.945036840392639377e+01 3.339610516214644775e+01 2.941073829650312632e+01 3.761038936229471830e+01 3.592795607159307991e+01 3.592795607159307991e+01
3.296867823473296255e+01 2.309267692988165166e+01 2.831272613375620040e+01 2.943001488283988110e+01 1.956338878833440020e+01 2.085809987192979165e+01 3.058532946257705021e+01 2.534181022193138944e+01 2.761425417989830677e+01 3.039527446850533110e+01 3.386019854837726228e+01 3.864696637529107903e+01 4.775867264517363253e+01 5.314008316539378995e+01 4.334929290046660100e+01 4.810197136327575862e+01 5.215496448255398576e+01 4.904814048574228735e+01 4.496182384522641939e+01 4.315860347244398554e+01 3.302984820144312295e+01 3.167802420646193085e+01 2.177960112627693334e+01 3.036174233498850228e+01 2.740211060524939413e+01 3.750540773222959956e+01 4.066018534175353949e+01 2.921871955454446379e+01 2.200640966977546498e+01 1.830485599474037883e+01 2.143476821513371533e+01 3.122566077629382164e+01 4.045896621110625091e+01 3.887838837714612339e+01 4.346199036120774650e+01 4.477141401737981141e+01 4.477141401737981852e+01
3.010694706922493324e+01 2.883120973391682185e+01 3.512080138065783785e+01 2.526407155114405967e+01 1.956338878833440020e+01 2.943001683881033159e+01 3.462886481298050967e+01 2.854059439282255184e+01 3.726247264980092666e+01 3.453572138012624748e+01 4.320059286037805890e+01 4.696324023386484470e+01 5.153447937817214353e+01 5.709509656374189746e+01 4.981099024580768742e+01 5.709529136204762523e+01 5.340014041276534584e+01 4.247159657904399666e+01 4.234113354012673369e+01 3.878921684868792852e+01 3.554188870222667163e+01 3.279252884931899814e+01 3.036097671448310464e+01 2.055043554536993966e+01 2.918598129293970089e+01 3.334415678742370659e+01 3.803514188810661523e+01 3.423863289703003687e+01 2.622762121759337006e+01 1.782490396342273442e+01 2.764196892492516255e+01 2.662232331390621098e+01 3.151949490639066909e+01 3.859162621897841916e+01 4.838102029704014484e+01 5.084492316572174531e+01 5.084507344352092417e+01
3.987750842641127491e+01 3.578409614166884012e+01 3.914093972380970143e+01 2.943001891253516433e+01 2.302991068704267974e+01 3.293041669292361462e+01 4.132526571222809508e+01 3.185127838563550640e+01 4.132526571222809508e+01 4.120872924183922237e+01 4.771591847368447503e+01 5.114754776391506397e+01 5.108140851495720369e+01 5.595487557056033978e+01 5.883004100922985202e+01 6.133606912362394326e+01 4.881885527843486017e+01 3.840258532593621510e+01 3.161826564712203336e+01 2.814162583730390566e+01 2.524178356143674762e+01 2.274738413797315317e+01 2.055043554536993966e+01 2.918598129281982878e+01 1.944834020471824587e+01 2.803789689215130565e+01 2.803463075348548728e+01 3.239273383515111959e+01 2.336182416560488306e+01 1.732665101959520371e+01 2.718206646016415817e+01 3.528572846092352222e+01 4.052060031203496493e+01 4.539618230136886012e+01 4.610190595945469738e+01 4.078323589993083687e+01 4.078323647869135016e+01
4.832414406175908539e+01 4.549388959353549922e+01 4.324356851451420880e+01 3.695883217521781461e+01 2.802885199929537308e+01 3.695883217521781461e+01 4.523807185251024521e+01 3.668133494462100685e+01 4.523807185251024521e+01 5.041172429424054968e+01 4.835271231883749010e+01 4.094263433664637830e+01 3.973828373705894279e+01 4.875874097031481114e+01 5.516090906761974821e+01 5.473566501815738405e+01 5.083469283207251266e+01 4.690329875948126670e+01 4.235916144068313116e+01 3.878924611792111676e+01 3.554213572146769451e+01 3.279434735082717367e+01 3.036174281508107953e+01 3.334404975116312642e+01 2.803445725264311505e+01 1.835197633201831025e+01 2.692186851492566646e+01 3.004559509795837968e+01 2.594965683368024401e+01 1.680526314628620810e+01 2.113225314918867070e+01 2.821340365012591889e+01 3.845923671236622710e+01 4.305037840210351163e+01 3.589956899504342402e+01 3.345773509261369583e+01 4.078323647869135016e+01
3.840722555558514273e+01 4.465599760736817814e+01 4.877333911571820124e+01 4.184560474579219402e+01 3.783224399926016446e+01 4.184449676846265476e+01 4.991151910968415706e+01 4.607659059543984625e+01 5.011895593993559572e+01 4.863874693397383453e+01 4.313757219441875179e+01 3.345609389697266067e+01 3.346478992607821112e+01 3.969370663171340397e+01 5.058695403971052684e+01 5.083469279384223682e+01 4.115784288617294351e+01 4.372253303582377981e+01 4.608513455706000883e+01 4.448470964462929800e+01 4.056381802681332971e+01 4.052371157773394827e+01 3.961949844673175392e+01 3.574054263612175220e+01 3.218819850023109552e+01 2.692186950867789363e+01 1.723308007588562063e+01 2.580757742148554712e+01 1.604120539188637196e+01 2.597432012239729460e+01 3.086805794004353132e+01 3.546550668324645983e+01 3.916543265817373509e+01 3.496560407359358180e+01 2.851068951191965795e+01 3.888776430801181760e+01 4.519847419060810267e+01
3.265099573335682948e+01 3.471388263105827576e+01 4.465599760736817103e+01 4.481044388243901722e+01 4.092710338929217073e+01 4.391669984849657027e+01 4.501578797590878622e+01 5.403442677652380155e+01 5.221884167055142711e+01 4.462245586154890731e+01 3.404829673044722682e+01 2.803475360131683658e+01 3.880263696417519981e+01 4.486380305514254729e+01 5.110475774883616396e+01 5.062882053787623704e+01 4.114944188813693415e+01 3.424259943466107359e+01 3.627969849470693475e+01 3.704749258637378517e+01 3.098335509355259632e+01 3.056950588202381525e+01 3.172783606171685733e+01 2.617917386188689832e+01 3.419672693039125022e+01 2.962888960476759692e+01 2.431991496227725236e+01 1.604120539188637196e+01 2.383428868505268383e+01 2.483519197362500819e+01 3.404486552139885447e+01 3.674149590544764976e+01 3.252857123158096186e+01 2.462800086200497418e+01 3.496560407359358180e+01 3.796593729847412391e+01 3.497012242792899173e+01
2.765096797375580806e+01 3.762586068828311880e+01 4.052317431307407247e+01 3.657751263963891120e+01 3.118196869793580461e+01 3.562203243290309729e+01 4.517574577088286247e+01 5.085829968616215524e+01 4.475259590609665850e+01 3.728633518535734481e+01 3.601668404225981135e+01 2.528216362596490896e+01 2.968198170927889734e+01 3.590578554654301513e+01 4.673218539664437543e+01 5.172408662672829394e+01 4.195622953202954619e+01 3.500392495379879421e+01 2.949755955361753834e+01 2.744886700777912480e+01 2.551822313379677354e+01 2.383811058712036512e+01 2.230876532790242806e+01 2.090063235388223362e+01 2.822548658917426323e+01 3.138350894148996062e+01 2.564709900999621084e+01 2.377128576309227981e+01 1.536932594592003376e+01 2.521497669233059113e+01 3.259132006119559577e+01 3.025871088513839169e+01 2.237738903664476453e+01 3.252857123158096186e+01 2.462800086200497418e+01 2.757247859025457259e+01 3.497012242792894909e+01
2.510300258483255575e+01 3.499189387101193915e+01 3.298746019707567001e+01 2.673295943672766484e+01 3.657751263963891120e+01 4.420292522104639943e+01 4.898886343545714794e+01 4.653027250042425322e+01 3.590245089478609231e+01 2.973545242923202281e+01 3.361399499008589231e+01 2.312804413838248152e+01 3.361399747828649254e+01 4.008329849117143340e+01 4.444172219483015596e+01 5.225500576098029626e+01 4.249958898686852393e+01 3.554554001216337156e+01 3.627969849636615152e+01 3.705130434739967882e+01 3.098887208542765492e+01 3.337620349516480900e+01 3.176686783123753344e+01 2.822548659093458667e+01 1.907273841390852454e+01 2.632071366340333185e+01 2.627813345801042644e+01 2.312237453966395151e+01 1.489910179555143088e+01 1.563742275567358497e+01 2.695871903385833335e+01 2.028548936497525546e+01 3.013877249831713456e+01 3.494481166149272866e+01 2.462800086200497418e+01 3.496560434026024922e+01 3.497012242792894909e+01
2.293574117968334747e+01 2.971056476630800347e+01 2.315943697033871018e+01 3.298746019707567001e+01 4.052312427947897078e+01 4.051439608262496961e+01 4.355582340112609785e+01 4.125566546989582406e+01 4.057974767890650014e+01 3.469494111673516556e+01 2.429734110058764074e+01 2.158130712226214243e+01 3.162946587823076783e+01 2.941215857828802172e+01 4.008329849117143340e+01 4.573998621134585818e+01 4.935453795624164286e+01 4.535688452581073449e+01 4.608513856394959163e+01 4.473988263410258526e+01 4.070730201324344222e+01 3.519669380711120255e+01 3.113703775051699552e+01 2.914969322398801665e+01 2.633191971540415111e+01 1.727092151944169984e+01 2.445812743553265634e+01 2.102325011361300255e+01 1.445228354594518905e+01 2.463794575398804909e+01 1.799926097987042795e+01 2.814301478979186655e+01 3.441291539531301424e+01 3.767191350217698442e+01 3.496560434025180797e+01 3.916543291596259024e+01 4.519847418930330463e+01
2.780531527433910455e+01 2.004708993411871631e+01 2.984755498648135941e+01 3.697461486446428580e+01 3.753639436080885616e+01 3.026712519280706815e+01 3.326848103926147360e+01 3.094108015102767695e+01 3.628748963672670413e+01 2.606915825887236338e+01 2.795404356914555066e+01 2.026131120841990452e+01 2.231460307830704792e+01 2.564834173130714490e+01 3.039180119081416009e+01 3.826276183900117900e+01 4.979433360547232468e+01 4.776230488698934806e+01 4.372553640511777928e+01 4.003830017774320282e+01 3.680432983855968132e+01 3.113703775051716605e+01 2.158016623180989768e+01 1.954592915221533644e+01 1.768912781469072470e+01 1.867414195245353525e+01 1.533530232915514091e+01 1.390958076198143623e+01 2.406156044098537805e+01 1.663664832036810637e+01 2.633332318090380397e+01 3.072799881293880375e+01 3.271378934120313886e+01 2.604032455590348150e+01 3.046903384818051563e+01 4.128110683975201312e+01 4.675543345216505031e+01
