output/example/elevation_average_000045.asc
nrows	75
cellsize	133.333333333
xllcorner	0
ncols	75
yllcorner	0
NODATA_value	-9999
[rows 0 to 16 of 75, columns 0 to 36 of 75]
4.840509446848720865e-01 9.827003890206256642e+01 1.334848129046307861e+02 1.520469573799716727e+02 1.345493065284661043e+02 2.017681195686732281e+02 2.947328710785719750e+02 3.349977344891733537e+02 3.537102893589912469e+02 3.551834158898643636e+02 3.323040310280489962e+02 3.365790042029321398e+02 3.415459128295919982e+02 3.719933688963291161e+02 4.333826321696642481e+02 4.196545093925145125e+02 3.869114832786523834e+02 4.202534317699912663e+02 4.135578235573584607e+02 3.904106237732710838e+02 4.000248096718307806e+02 4.361712453437257295e+02 4.294394396432618350e+02 4.366923648797671262e+02 4.729092439667371650e+02 4.846100029461825898e+02 4.647481245647153969e+02 4.563516134492209630e+02 4.691264697779869266e+02 4.715301577780323328e+02 4.694857807374401091e+02 4.880730187376117897e+02 4.885805334099472361e+02 4.785127123382158629e+02 5.035548431550707278e+02 5.097780066894423499e+02 4.920559892994749021e+02
6.497923401133355314e-01 1.860579766704409721e+01 3.673906282350780828e+01 5.575439851133256042e+01 1.522255086523429100e+02 2.209251467210174269e+02 2.615866509731944802e+02 2.480860612292860026e+02 2.994228975666288761e+02 3.071312626178919913e+02 2.404262992480330468e+02 2.531183270966463397e+02 2.490351562343811622e+02 3.183939204535851104e+02 3.910265398238240664e+02 3.563215013770610540e+02 2.967329404889934494e+02 3.755516989006312087e+02 3.235405589665550110e+02 2.997729234827374398e+02 3.096194118176180723e+02 3.834805989831083366e+02 3.399199751022708256e+02 3.475572056168232393e+02 4.280911370622681034e+02 4.093212360913740895e+02 3.771453051656778257e+02 4.626050679703636774e+02 4.294066536653015191e+02 3.886197710470751190e+02 3.818068229829417533e+02 4.291232256978546502e+02 4.184426908839531052e+02 3.912599286842129800e+02 4.513190584225064299e+02 4.501391906392641431e+02 4.071715672876590020e+02
6.883992401879653888e-01 9.846032828158635652e+01 1.334894735108842099e+02 1.518742846240621134e+02 8.686804151073546620e+01 1.825868986928738025e+02 1.680092114943404056e+02 2.395184811508222538e+02 2.745525734702646332e+02 2.939955543324396672e+02 2.747836249370769224e+02 1.878251142125631930e+02 2.801655157010447397e+02 3.019632821295031135e+02 3.554176136000655220e+02 3.356934132369082704e+02 2.477750176660150885e+02 3.346119005387178618e+02 3.250888811550136666e+02 2.339654580204440890e+02 3.068802499616095929e+02 2.934374326643678614e+02 2.767213441718182594e+02 3.652864697488608954e+02 3.882746959684973831e+02 3.315825324917608441e+02 4.207575257243468627e+02 4.425504220729687290e+02 4.421517403364904339e+02 4.156933811623306383e+02 3.588618118328229230e+02 4.313869772955773101e+02 4.219751236766401234e+02 3.635432765581838908e+02 4.366713364372302522e+02 4.349202549711194479e+02 3.520297895561150199e+02
9.527043435140133409e-01 9.871789532757605912e+01 1.848611123264004448e+02 2.202877957524305543e+02 1.825348144030001833e+02 1.228400639218280332e+02 2.176350812859245707e+02 2.510784663386129125e+02 2.025888271420029980e+02 2.139268579376462753e+02 2.502319736043349394e+02 1.699599114317194335e+02 2.536119563381016917e+02 2.272545149548073482e+02 3.047589182016412224e+02 3.022494268766183154e+02 2.144332118382621957e+02 2.675849374669638792e+02 2.781340142934904520e+02 2.024674329012821943e+02 2.155245624945126792e+02 2.292126459398046165e+02 2.449956513220066086e+02 3.367271381014796816e+02 2.980692095427691584e+02 3.869125547620294014e+02 4.235684648451204453e+02 4.399418009751863679e+02 4.034360785024180700e+02 3.787013133095078956e+02 3.476693678971111012e+02 4.196057504977910639e+02 4.049628822627107638e+02 3.363032975800741156e+02 4.018137164069611913e+02 3.953353930929748685e+02 3.127742325252202136e+02
6.729967576641545657e-01 4.945440873437291174e+01 1.171198750870234591e+02 2.116442490024280403e+02 2.551282748807681173e+02 2.176318116567737491e+02 2.551027865955151697e+02 2.092826636623319416e+02 1.313907631644700871e+02 1.418899876213332334e+02 2.094775806403619640e+02 1.363890513256551174e+02 2.251830043987030194e+02 1.744802190784515119e+02 2.341859986281478712e+02 2.364478260559504861e+02 2.526806509866496242e+02 1.738553201863890365e+02 1.855101145022131846e+02 2.789357664539974735e+02 2.701335393344645013e+02 3.211425587964256465e+02 3.366528725814455356e+02 2.686505311674923746e+02 3.597071865997665441e+02 4.243469863575942895e+02 4.504077961036187503e+02 4.226362555217828572e+02 4.189382480946415512e+02 3.905173895932728669e+02 3.226215967723323388e+02 3.921490808014135041e+02 3.785183479191643414e+02 2.967453372287930051e+02 3.684686525330557743e+02 3.513197266558888145e+02 3.311216756372529062e+02
6.149197931285226293e-01 9.839212024729924622e+01 1.440827423050325820e+02 1.894260468451667521e+02 1.779709794139818655e+02 1.393324916474245185e+02 1.781556261498038793e+02 1.603419504985535582e+02 7.478030893409690805e+01 8.250665011968345652e+01 1.784476382596446342e+02 1.051649443978270995e+02 2.005831736138752603e+02 1.303517883629219511e+02 1.396920673231943510e+02 1.491536221782112364e+02 1.586771735194100756e+02 2.527855089310844221e+02 2.787561368885458819e+02 3.139876874397816664e+02 3.608642121521482977e+02 3.980159161189070574e+02 3.961206601412201280e+02 3.401661408021465149e+02 3.462913319722267147e+02 3.949796029748957835e+02 4.275943935880675895e+02 3.933962950851412756e+02 3.596226241266446095e+02 3.201263395149052258e+02 2.808748393525472125e+02 3.355308423473819630e+02 3.446827285289328415e+02 2.618048010466770847e+02 3.278662189450768096e+02 3.077090562598017414e+02 2.389161142222756098e+02
5.036282395543789647e-02 7.304665635293567938e+00 1.049454513499301669e+02 9.512348205531613132e+01 1.286784269565681313e+02 4.246884126552646421e+01 1.392282353030059596e+02 6.397435035338745735e+01 1.603363967204269329e+02 1.783721810093993270e+02 9.356388391505139168e+01 1.892576039277042241e+02 1.174084648040868615e+02 2.125359725496317651e+02 2.341796887482767886e+02 2.433914542683277205e+02 2.526926974110290303e+02 1.902548181344031946e+02 2.835611065951909495e+02 3.469015645947335997e+02 3.799033094707182840e+02 4.215987414254671535e+02 4.514851696084073183e+02 4.191393630111626862e+02 3.833925941207085089e+02 3.299170773553008758e+02 3.898004162086192537e+02 4.143889858826742625e+02 4.095218040707332534e+02 3.719236365930888155e+02 3.285055268398900239e+02 2.508984474918248964e+02 2.981832388929457807e+02 2.303823637238502045e+02 2.840378407502097957e+02 2.141286826825584626e+02 3.077830034701571549e+02
2.473071933081959495e-01 9.803886703461820673e+01 1.746020322322425855e+01 2.460451192528490694e+01 3.176445650308853530e+01 1.288638426367775480e+02 5.321571749799433348e+01 1.498437398739660864e+02 1.981541243985850826e+02 2.138229628072703008e+02 1.194935984151575212e+02 2.136977848317408473e+02 2.125025843223221500e+02 1.573700752272249019e+02 1.920956333047942621e+02 2.853262131512116753e+02 3.207277447117717202e+02 2.835562092976402937e+02 2.259386603850216773e+02 2.556733291004206876e+02 2.967881792689563554e+02 3.599915688198496468e+02 3.921016443292845679e+02 4.235068893311097895e+02 3.876778760835329649e+02 3.167239616099505497e+02 3.632872213930053817e+02 4.166222333144560821e+02 3.922876216417941464e+02 4.003338828950727475e+02 3.600073962277204487e+02 2.961498724537078715e+02 2.063989785690962719e+02 2.647688837807324944e+02 1.905920839463653067e+02 2.848253575903607384e+02 2.679243434650312565e+02
7.088201712286245071e-01 9.849058321711230235e+01 1.146420982304703955e+02 9.524078950623118089e+01 1.286319818024805954e+02 6.432277188566375514e+01 1.491561942264626168e+02 1.884834874921362768e+02 2.619510963936726853e+02 2.502849203271911449e+02 2.144245242375899920e+02 1.639810702135145561e+02 2.580308794212197654e+02 2.515059320330134938e+02 2.510045613448982920e+02 2.501204146708252551e+02 3.417285450480624149e+02 3.551737446721563742e+02 3.162799267861846033e+02 3.327215986348561501e+02 3.789799325035788797e+02 3.897878748830585209e+02 3.611651876760629989e+02 4.032424231854240588e+02 3.428362459197210796e+02 2.963733342118699170e+02 3.493122418493459804e+02 3.681073910015065280e+02 3.317140042379078864e+02 3.683974145673737439e+02 2.884138407620188218e+02 2.951802861097858113e+02 2.645176554231565547e+02 1.715155232606300899e+02 2.659802697383212831e+02 2.576630209854018858e+02 1.733301475479298972e+02
5.819734946149275334e-01 4.374452288639299269e+01 1.405365188575885043e+02 1.890530237210388123e+02 1.990175222381955678e+02 1.606417040511925620e+02 9.958849291016176153e+01 1.313305573239182706e+02 1.896931446258736287e+02 2.689788636860243969e+02 2.876395976786419624e+02 2.281771961703351508e+02 2.328633767263350194e+02 3.251155022134811361e+02 3.429160333808465566e+02 3.362721228412804066e+02 3.510781085729477127e+02 3.712779651533903689e+02 3.346483994206745365e+02 2.992153954258150179e+02 3.275475293841034841e+02 3.620560126486661261e+02 3.066311222705266459e+02 3.722415818157934382e+02 3.379700411610939454e+02 2.622541564446103735e+02 3.332477669226693706e+02 3.563160035728799357e+02 2.873195316443573120e+02 3.043612114268860296e+02 2.931793144496214722e+02 2.032127721950209605e+02 2.401758727449786761e+02 1.604858228177901935e+02 2.471963089602455170e+02 1.628399643244530068e+02 2.576692168322844054e+02
6.201706420557316912e-01 9.839714409461775801e+01 1.207358247346193281e+02 1.888918244105586552e+02 2.817572047182155757e+02 2.329447582578516460e+02 1.678599527596737460e+02 1.932458324945726531e+02 2.017152676149660806e+02 2.899156076903550456e+02 3.239586314523816100e+02 3.113629252036615185e+02 3.227790393722067961e+02 3.293395621986553010e+02 3.306531216735438079e+02 3.588631794888452191e+02 3.716298778101253220e+02 3.299645841980283194e+02 2.752645603719228120e+02 2.233818909942644098e+02 2.958774973368209658e+02 3.303868500054899187e+02 2.482410677735580578e+02 3.207575183828553804e+02 3.041317987944785841e+02 2.193659127901273678e+02 2.788652548477356845e+02 3.585621298089527045e+02 3.053979677987213108e+02 2.188412532839259370e+02 2.422644794097161309e+02 2.399565084564743813e+02 1.449542304707684650e+02 2.368460096187221495e+02 1.522989939078790655e+02 2.473537236728024027e+02 2.956498572316908167e+02
9.933278572681448759e-01 7.058621525536807439e+01 1.667785445311645560e+02 2.181338015572056861e+02 2.182612454743697867e+02 2.563496108949944414e+02 2.616969048805301554e+02 2.864973855795560667e+02 2.943891856309911077e+02 3.321097390410257049e+02 3.027542301726188043e+02 2.696637591938400078e+02 3.117156393925453699e+02 3.175704866389252743e+02 2.562915576095352321e+02 3.145446172760019294e+02 3.457283384909426900e+02 2.824495916249171614e+02 2.099262145224387837e+02 1.654649896120870949e+02 2.552624484328030121e+02 2.554679116769954135e+02 2.052486027030010121e+02 2.978148415639240056e+02 2.730610493167721984e+02 1.826613855270388171e+02 2.593663317629237213e+02 3.028717978317430948e+02 2.651309299638112407e+02 2.397704298156911591e+02 1.551762404739979218e+02 2.214818838815420747e+02 1.344437385216781422e+02 1.418024941287524712e+02 2.321627422996318728e+02 2.057356804825300003e+02 2.573177685996744799e+02
1.405461526419654605e-01 9.792891426884769146e+01 1.329954428694328215e+02 1.270173539399467728e+02 1.238591220393814893e+02 2.188457342449432588e+02 2.827764456919933309e+02 3.202870766782240821e+02 3.631806246257322641e+02 3.065844931791265822e+02 2.725999789561041666e+02 1.986209528842965142e+02 2.724435008723850729e+02 2.784108580270175821e+02 1.967795534805833313e+02 2.226439942179188449e+02 3.055512289296322024e+02 2.733339877597846908e+02 2.147785515583986466e+02 1.268424730909060258e+02 2.170870546336784912e+02 1.608023446345170555e+02 2.538366221170486483e+02 2.531186289294718677e+02 2.150055311825118167e+02 1.532766996664930161e+02 2.476226907762899998e+02 2.487221734370025672e+02 1.706042916570744978e+02 2.136325516800102093e+02 1.226148643480123326e+02 1.259300105833143135e+02 2.215206707740896945e+02 2.368386311505726667e+02 2.720436318646300720e+02 2.977621679824069929e+02 3.368418254283237729e+02
4.026185890239118992e-01 1.825789621670304541e+01 3.624779873098043481e+01 5.502335035038346689e+01 1.515776014423626066e+02 2.053966133897140764e+02 1.894983049370057699e+02 2.735591689232905992e+02 2.720945751172234282e+02 2.646725283489858498e+02 1.906521694221537189e+02 1.481717567388055841e+02 2.283321893780066034e+02 2.338575878626947997e+02 1.486828587953135639e+02 2.139535005803601564e+02 2.694407962472400868e+02 2.069230954950971011e+02 1.402457570914918392e+02 9.751148529826281219e+01 1.222463174196949467e+02 2.176656540295296054e+02 2.284627990104623336e+02 1.899874232338103184e+02 1.193068435442591806e+02 1.943583245980852041e+02 2.346081353631395814e+02 2.057737954331276455e+02 1.146009614597235924e+02 1.179289052719484658e+02 2.136861853921901684e+02 2.214729858844281409e+02 1.315938816222166565e+02 1.995835082597426720e+02 2.934992861217196491e+02 3.138256071624982724e+02 3.169796739440353122e+02
7.903750024369222693e-01 9.857149390594231875e+01 1.329695064444205741e+02 1.513545744937189852e+02 8.680428968937874856e+01 1.111708227802970015e+02 1.433465119203454776e+02 1.865296381464391970e+02 2.757458815808724921e+02 2.659705858243781904e+02 1.955191102015925537e+02 1.062355034624550996e+02 1.860693812303288155e+02 1.603870106080328242e+02 1.137768360615198020e+02 2.083839592851119278e+02 2.024447192416313044e+02 1.364328752268359608e+02 7.161827414292476135e+01 1.682252118040057951e+02 2.113012062328806167e+02 2.235321204225688518e+02 1.853391885870093461e+02 9.379407517310917797e+01 9.710865211611582026e+01 1.004405468324391819e+02 1.965068355699150686e+02 1.098828874978318453e+02 2.057711525412750859e+02 2.136141969114544850e+02 2.384371397804611092e+02 2.306104866945487117e+02 1.355646418875363963e+02 2.308715388745578423e+02 2.745504243077040201e+02 2.214583965565083759e+02 2.238065255104079654e+02
1.870836446472545767e-01 5.665622081188465842e+01 1.521208321358444948e+02 2.198117944142583724e+02 1.825691940287939872e+02 1.813538266624382800e+02 2.348995970377053482e+02 2.736986847059052366e+02 2.480286861984392033e+02 2.125645692061764578e+02 1.404788494235826022e+02 7.272833268554528274e+01 1.348309616861316726e+02 7.518420453910496803e+01 1.478950670006965709e+02 1.886827419155324890e+02 1.592479777548366826e+02 6.707801408500888840e+01 1.637237621402267962e+02 7.622874440375295535e+01 1.727503181394106093e+02 1.804098673711679339e+02 8.905000449814978936e+01 1.853317053544311364e+02 1.930869243586764696e+02 1.964445295320954585e+02 1.051222374108735096e+02 2.011088386694394785e+02 2.057868827301414001e+02 2.994511972339947192e+02 2.966253275619991427e+02 2.110241031486851853e+02 2.309830617176788792e+02 1.410537343733236639e+02 2.363684995924762688e+02 1.518861859765962947e+02 1.556679994246582908e+02
2.797522905802692916e-01 9.806421337741714694e+01 1.918429281062063012e+02 2.235468931375040995e+02 2.614390150978141492e+02 2.714568603474859856e+02 2.565185390401796326e+02 2.242694493626608505e+02 2.118276550641711253e+02 1.247364676534469368e+02 1.319298665720974952e+02 4.332350319432087815e+01 4.665086770851863207e+01 4.995374823289398591e+01 5.324276103020658013e+01 1.501767167514188657e+02 6.247821078250976257e+01 1.592389757758797941e+02 2.025031873588569056e+02 1.727254336922236746e+02 8.075560156084407026e+01 8.421668489343488773e+01 1.805661195412710072e+02 1.853824892205323067e+02 2.794317701228678743e+02 2.395496638981513229e+02 1.818889961704646510e+02 1.383655671011844959e+02 2.335611185118499691e+02 3.075685211362575728e+02 3.375621964020613177e+02 3.048612245852141882e+02 2.362430059806611382e+02 2.275740372119199435e+02 1.464508733378851275e+02 2.382541065033593952e+02 2.505572687317649354e+02
