output/example/elevation_average_000059.asc
nrows	75
cellsize	133.333333333
xllcorner	0
ncols	75
yllcorner	0
NODATA_value	-9999
[rows 34 to 50 of 75, columns 37 to 73 of 75]
2.565235695979457091e+02 2.281644495513758955e+02 2.947278481878065008e+02 2.723050282491520875e+02 1.823387212485251041e+02 1.865905165124211464e+02 2.822174464911935274e+02 2.918390963675151397e+02 2.958825683280505814e+02 2.599939480203328799e+02 3.037275771296806965e+02 3.076562485948999210e+02 2.182092524886588762e+02 3.132818339890131938e+02 3.571479203929205823e+02 3.790892754201911998e+02 3.616379236343062757e+02 4.541779094828809775e+02 4.800491425952141640e+02 4.436920150478421760e+02 3.762301792312051134e+02 4.669640406473380381e+02 4.483801741612680303e+02 3.873463714553903401e+02 4.794011928699108580e+02 5.528148927071894150e+02 5.438644102447449313e+02 4.926250023827146265e+02 4.527732266316429559e+02 3.776313694929974076e+02 4.687373206875173537e+02 4.974525086730736803e+02 4.263664246385045544e+02 4.418342888014553864e+02 5.329638881658065657e+02 5.441798536437788698e+02 6.075925357724871674e+02
3.297562833479604478e+02 2.996695248898606678e+02 3.308160571318043708e+02 2.383756463545648785e+02 2.780206862298855981e+02 2.081291549136324761e+02 2.153953382908069045e+02 3.105071819002238271e+02 3.791287804641683579e+02 3.543163289949539489e+02 3.924217999832582109e+02 3.516940214505896733e+02 3.105606071873656333e+02 2.241164439640805881e+02 3.191134666194306533e+02 2.851824403742697314e+02 3.790954098408644768e+02 4.505558604619434959e+02 4.252784232700057601e+02 3.526298153306342442e+02 3.404928037540564105e+02 4.206991531300662928e+02 3.557378544722465676e+02 4.483590345159133790e+02 5.159460996869697738e+02 5.313857510817678076e+02 4.793281682719247101e+02 4.153730497520608651e+02 3.627112178448549002e+02 4.552843962094755170e+02 5.071701733679709605e+02 5.543125721957387668e+02 4.946328476603878244e+02 5.020020143403236261e+02 4.773883499768973024e+02 5.678865866413390222e+02 6.040140649384119342e+02
3.543557207569814977e+02 3.820358602064824254e+02 3.712890980296843395e+02 2.940883920232435003e+02 3.249887199553531332e+02 2.309216481108987580e+02 3.102971740905606453e+02 2.463767625653101163e+02 3.408225898997782224e+02 4.129240208414401536e+02 4.660320647519220643e+02 3.882006797581149726e+02 2.949078592652372777e+02 3.181831687328300973e+02 2.300731673039409486e+02 3.249682793808457291e+02 3.250134049297207639e+02 4.039881375770498266e+02 3.676748320191942980e+02 2.936689822215980143e+02 3.103972394083807558e+02 3.277499113211522968e+02 4.209005041734369001e+02 4.483608896654561136e+02 5.393001051436186799e+02 4.665188449150652445e+02 4.025942309466641973e+02 3.490664302925426909e+02 4.418802962643678143e+02 4.008598348135687388e+02 4.661702015049211241e+02 5.568521207421616737e+02 5.836104928427785126e+02 5.919424876666257660e+02 5.390352059923841352e+02 5.182373747606154666e+02 5.844000463240336103e+02
3.175061745761848329e+02 3.815313706541979855e+02 4.245162889984352432e+02 3.878084272435788193e+02 3.257011354568100501e+02 3.257350800453172610e+02 2.684863377906717687e+02 3.409403076289964929e+02 2.810866443693604424e+02 3.355597931477953466e+02 4.283626186292527791e+02 4.264924340795238891e+02 3.865919499348684099e+02 3.207965583111569003e+02 3.249716394587088644e+02 2.360945373771740492e+02 3.308715205480854138e+02 3.492686344992686145e+02 2.735521094878391750e+02 3.676796943331515308e+02 4.036622556109150537e+02 4.202853861941179616e+02 4.032458969485767852e+02 4.949895639914141725e+02 4.540056643760992188e+02 4.163689845719312643e+02 3.359233413245452198e+02 4.289680515865102279e+02 4.250142975745953322e+02 4.926625174270077991e+02 4.471140211003548188e+02 4.850075466587695701e+02 5.492323307371603960e+02 6.383558312252210953e+02 6.283502073545320172e+02 5.810715186487265100e+02 5.824741434633613153e+02
2.488870776592723928e+02 3.433927476000773709e+02 4.004022276438017229e+02 4.391783964502831168e+02 4.188200671065851566e+02 3.363189443760112454e+02 3.626626636459182578e+02 3.188948627159392686e+02 3.750264370723363641e+02 3.255989211815542035e+02 3.955124763722159855e+02 4.867231258627898569e+02 4.515927299582972410e+02 3.775982777286844794e+02 2.861627805276035019e+02 3.308646160290052194e+02 2.421541414467888558e+02 2.549697097234574414e+02 3.494242745603399385e+02 3.389380053947894567e+02 4.025460078666540085e+02 4.942681950450592581e+02 4.949687760729780734e+02 4.826533810090251677e+02 3.913993109451037640e+02 3.230935896747673155e+02 4.162964639866983703e+02 4.665176648363287768e+02 5.164208803804617673e+02 5.533266941727179073e+02 5.381374372291363670e+02 5.736552977790620389e+02 5.753252742935396782e+02 6.639494196881408925e+02 6.534721876941384835e+02 6.696496280116915614e+02 6.708382763101918727e+02
3.433834248277423171e+02 2.785580529814640727e+02 3.080431613423698423e+02 4.015336836663718714e+02 4.667812222419424302e+02 4.036909486394339979e+02 4.469064130579975540e+02 3.587021144651131976e+02 4.488307090969906312e+02 3.955192655628655984e+02 3.898874361423178811e+02 4.817150774886872568e+02 4.420183656039253037e+02 3.495841558747112003e+02 3.785048544832641255e+02 3.191218160582367318e+02 3.368463609082584185e+02 2.486327290599232356e+02 3.158628539095694805e+02 4.092262301002017466e+02 4.693626014305942249e+02 5.024193405051308332e+02 4.659789664350786893e+02 4.350825294873123994e+02 3.972907789243100183e+02 3.142132466701808653e+02 4.076394207108717183e+02 4.398800649236368940e+02 4.407005028257112258e+02 5.318388302013568136e+02 5.456339559449667149e+02 5.824467965873240018e+02 5.805182720351112948e+02 6.144121934127829263e+02 5.650563117909811126e+02 6.202791684375246177e+02 6.565949630682761153e+02
3.971282843185487081e+02 3.115957486346237602e+02 3.991269955231352924e+02 3.634616746625649739e+02 4.559677534085171260e+02 4.953780425205848701e+02 4.886207401485566493e+02 4.512647945338160298e+02 4.886092911830240837e+02 4.867330567197635105e+02 4.818168382318742715e+02 5.185530127916698575e+02 4.798299204714568873e+02 4.219812527448284527e+02 4.500710083128083170e+02 4.116841050657938581e+02 3.476099196772255482e+02 2.532211226426737483e+02 3.476876986566412597e+02 3.908352011902705385e+02 4.193201144336747461e+02 4.571245087858654301e+02 3.735646858188508190e+02 3.870635832358586299e+02 3.036758881755545190e+02 3.972949210029356664e+02 3.337787082003047772e+02 3.478637514642148858e+02 4.406999388880483934e+02 4.750955309996819551e+02 4.548873047752509251e+02 5.098944202437042463e+02 4.903556195323878910e+02 5.503148242037353839e+02 4.995238564500641019e+02 5.320055260725536073e+02 5.701519378468055947e+02
4.384044896906989379e+02 3.534949154551462698e+02 4.383973050849007222e+02 4.318358465462330855e+02 4.559296713353727455e+02 5.467388212127389124e+02 5.517175577697348672e+02 5.143806343252024362e+02 5.013663284070531176e+02 5.102825635597020550e+02 5.470742674534312755e+02 5.529607563084423418e+02 5.334421009624502403e+02 4.861890007689817139e+02 3.985022731674299052e+02 3.386647564364642449e+02 2.938443138208562573e+02 3.476944740261101856e+02 2.597979250180055146e+02 3.541785120178418538e+02 3.262943387741482866e+02 4.032698013699599073e+02 3.794184560558314274e+02 2.932620362527964630e+02 3.870564291777203607e+02 4.347675046953165747e+02 4.268560672246500758e+02 4.404098762998857524e+02 3.690663099053734300e+02 3.846535732084689698e+02 4.013507951683467354e+02 4.194142337441563768e+02 4.386872021792581222e+02 4.601836446383070438e+02 5.130219482507410476e+02 6.028634214674718805e+02 6.565728210300891305e+02
4.809698785229880400e+02 4.117236834679674757e+02 4.781577321096310129e+02 5.186295602283980770e+02 5.379718820937376904e+02 5.007899563532756133e+02 4.966601277185857839e+02 4.237029706037188248e+02 4.099511673240804157e+02 4.190196678735657656e+02 4.921734692006663749e+02 4.630783631216708613e+02 5.114391736310051328e+02 5.134847204460597823e+02 4.692642067244266286e+02 3.950107790424527252e+02 3.407308481701795131e+02 3.491713467981472263e+02 3.541837841404131382e+02 2.663819609202926699e+02 2.710701104639356345e+02 3.652666159493360283e+02 2.854862974927978030e+02 3.794150848838374941e+02 3.051459475599651796e+02 3.987304905417807959e+02 4.461029023814713810e+02 4.982122623366596486e+02 4.615286415845481542e+02 4.393206412090821118e+02 4.928773638451528996e+02 5.106070443842003783e+02 5.294206804230957459e+02 5.264045625025859181e+02 5.876122126065016573e+02 6.390848063653266991e+02 6.718629323704777789e+02
5.194482693433943723e+02 4.795365471605202856e+02 4.993883951958095508e+02 4.790886991716639614e+02 5.000203419672412224e+02 4.097667669487538546e+02 4.053800295557466598e+02 4.349195544154358686e+02 3.457287053163486803e+02 3.653583366207296308e+02 4.317442165305545245e+02 3.964114273155665842e+02 4.879282065270242015e+02 5.627707326217810078e+02 5.173045955144381196e+02 4.712956971896007303e+02 3.998963522056396300e+02 4.364061617368461157e+02 3.903029704966610893e+02 3.013684997026522865e+02 3.652430108422207695e+02 2.777219997675917966e+02 3.717874215685457102e+02 4.172529450661163537e+02 3.987345393241186571e+02 3.170604312045132929e+02 4.104325663165695346e+02 4.575328014483025072e+02 5.081329749886266995e+02 5.285258843102421906e+02 5.673059901493111283e+02 5.673140787535052141e+02 6.006387035093513305e+02 6.151892098672748261e+02 6.448524629707982285e+02 6.086947152678826569e+02 5.833808995179888370e+02
5.414796189327878437e+02 4.789137496165220114e+02 4.573510290179355593e+02 3.907889501475103771e+02 4.547620610413586633e+02 4.281570035580146509e+02 3.403137607264384883e+02 3.848401597289294500e+02 3.097647148528928369e+02 3.240000992057235862e+02 3.394539603037273423e+02 4.317224914625710994e+02 4.767077146570414357e+02 4.729321532796376459e+02 5.377544527569009460e+02 5.207952819009079803e+02 4.885431578034910558e+02 4.333120559423215354e+02 3.631684483856105885e+02 3.949952281194963462e+02 3.066545854806095122e+02 3.718029040397579479e+02 2.920678192425900193e+02 3.858691922935915386e+02 4.378538075646768561e+02 4.104129200806464155e+02 3.291173475017494638e+02 4.222641672061644158e+02 4.168195165429659710e+02 5.083799864705845266e+02 5.042159333491763391e+02 4.768761669561107510e+02 5.673190045049113905e+02 6.068426743322071388e+02 5.704712695202326813e+02 5.190301327971905039e+02 5.707152019342638596e+02
4.528264679984621921e+02 4.558142757961271627e+02 3.795302358479752343e+02 3.315199121813766965e+02 4.168025111463817325e+02 3.951754867225519092e+02 3.690378822190285177e+02 2.912474357223828747e+02 3.848486308258630402e+02 4.165952191685200887e+02 4.319643759761602837e+02 3.645875223030223538e+02 3.865817986623128490e+02 4.101645500841544845e+02 4.960405081670754726e+02 5.737224704003220950e+02 5.538276744772105076e+02 4.931225039646893720e+02 4.557599388090932280e+02 4.201644031399139863e+02 3.277685133220577995e+02 4.174509455847631330e+02 3.858801033768409070e+02 3.065291633329618435e+02 3.997595412719593924e+02 4.597400342533535991e+02 4.222615030199658577e+02 3.414035143720149676e+02 4.343316887530297095e+02 4.556639024966272586e+02 4.125945176313280172e+02 5.042183766080014493e+02 5.740249117019997129e+02 5.384916521469608597e+02 4.800689927064016729e+02 5.704572959842162163e+02 6.448619581406007910e+02
4.642951791690821892e+02 4.580697470708008154e+02 3.825504516374519994e+02 2.907832261347435860e+02 3.806002938655440175e+02 3.539343562215801171e+02 2.751577006204598206e+02 3.670993039036192727e+02 3.420511653204712275e+02 4.347299299297191055e+02 4.939808624951255638e+02 4.201138557871284434e+02 4.249740138821555888e+02 5.011575261823970209e+02 4.537889107948660126e+02 5.441395707612534807e+02 5.335196614696923234e+02 4.707229388748548899e+02 4.096407047873659621e+02 3.618536976093234330e+02 4.210320621304629185e+02 4.585464420774473524e+02 4.101408074868024300e+02 3.169011653936489097e+02 4.101038784988962220e+02 4.628546611891392786e+02 4.718413489049347049e+02 4.343434962541269897e+02 3.540639338314577458e+02 3.631795742768741206e+02 4.557200962272490870e+02 5.033536092420984005e+02 5.097429138472516570e+02 4.474868807595736939e+02 5.384914121368074120e+02 6.069177838161400587e+02 6.339342105369105411e+02
4.296630165180206404e+02 3.908662328588783339e+02 3.289744278180081096e+02 2.609714643321613039e+02 3.390862871571238770e+02 2.597671123398208692e+02 3.504374717525574852e+02 3.540805763391234677e+02 4.340868314252248297e+02 4.080584538202859903e+02 4.995476580332774574e+02 4.885833667429994875e+02 4.902705507063986374e+02 5.149222152794490057e+02 5.251770954989068514e+02 5.285398124434616420e+02 5.562266810516784972e+02 5.039329143394562038e+02 4.616542971623328526e+02 3.940135029933355213e+02 4.818404988860130516e+02 4.795650879905511488e+02 3.875995442575346601e+02 4.102659401496095484e+02 3.321956095566687850e+02 4.252975055651390335e+02 4.797108015542607404e+02 4.841715607406757726e+02 4.199777740199339178e+02 4.556808500274074163e+02 3.767641980857158046e+02 4.690680770526224705e+02 4.182171354254987818e+02 5.097458385032218757e+02 5.684210508180746046e+02 5.447020144683295939e+02 6.338560034991577368e+02
3.934299613251166647e+02 3.040605735609350972e+02 3.101257616504944963e+02 2.343811208307736251e+02 2.447368439806074036e+02 3.370129466622221912e+02 3.919524614823432103e+02 4.455664552893880455e+02 4.839045200737401728e+02 4.995220157553479794e+02 5.364453842988211818e+02 5.760362357684230119e+02 5.800657226034720679e+02 6.043637437488540627e+02 6.091858960092710049e+02 6.172369016925212009e+02 5.738673995252239592e+02 5.659908702136780221e+02 5.163967325349408384e+02 4.348777926037436146e+02 5.060645729678084876e+02 5.017683967031490511e+02 4.597605611911477581e+02 3.693118745032318202e+02 4.253044902710018391e+02 3.494768930001452532e+02 4.422554894932717957e+02 4.972777698727527422e+02 5.114783877371428957e+02 5.062993586114224058e+02 4.690695200804652814e+02 3.907022927579187694e+02 4.827471520124400968e+02 5.197894549217724034e+02 4.800155782175604600e+02 5.677759951798162774e+02 5.627058210725688241e+02
3.411166729848850991e+02 3.027180186537116242e+02 2.208440337446465662e+02 3.156955731915993510e+02 3.389346459595035412e+02 3.773165844817390848e+02 4.192805427256161011e+02 4.573650111812673345e+02 5.104425212606075775e+02 4.733845673576978470e+02 5.049851171669839687e+02 5.597253581588806810e+02 5.639611983592041042e+02 5.730605850408743436e+02 6.094196199455041096e+02 5.995550715691052801e+02 6.234283821561871264e+02 5.522384493516252633e+02 4.915472851818631739e+02 5.035689247266504935e+02 5.433091549162242018e+02 4.987108344876772321e+02 4.105698942690019635e+02 4.617852293941264179e+02 4.721346238370814490e+02 4.422688543744467324e+02 3.675082860797974149e+02 4.599701462691829192e+02 5.167966665681360610e+02 5.683498730371433112e+02 5.198838098920106177e+02 4.561353991334172520e+02 4.074220489886443488e+02 4.289616934574953575e+02 4.580127162500233453e+02 4.887662545585268390e+02 5.529357104704481571e+02
2.926963175507524966e+02 2.076184397566212851e+02 2.188212967570561602e+02 2.301592993898378268e+02 3.248292640593559781e+02 3.521611242247381028e+02 3.268318705665744233e+02 4.194311105172537282e+02 4.253392100826183082e+02 3.814292250840029510e+02 4.339213969861526721e+02 5.239599212108361144e+02 4.743331545578022315e+02 4.829929254986231513e+02 5.337186341527913100e+02 5.099304047148723384e+02 5.995089099082017583e+02 6.008406143109986033e+02 5.752237810417268520e+02 5.819142650714805995e+02 5.643282261396319655e+02 4.778697550852558606e+02 4.565944460874022184e+02 5.370134905053746479e+02 5.070741386007510982e+02 4.183516153419909642e+02 4.596844343644106630e+02 3.875540816179587296e+02 4.404786462786024117e+02 5.315874622507280947e+02 5.836167994181083714e+02 5.361745247812440311e+02 4.990769309795759341e+02 4.280684162730934190e+02 5.194371181010864120e+02 5.775851152463651488e+02 5.790140388658975326e+02
