output/example/elevation_000062.asc
nrows	75
cellsize	13.33333333
xllcorner	0
ncols	75
yllcorner	0
NODATA_value	-9999
[rows 17 to 33 of 75, columns 0 to 36 of 75]
1.309999999999999880e-02 3.792744730092274530e+00 8.792744730092289629e+00 1.879274473009235535e+01 2.749520189295130024e+01 2.858909818502132438e+01 3.273115292690775391e+01 3.158952216820655678e+01 2.186088446514174066e+01 1.474655321568244126e+01 1.651728345593640057e+01 1.973263658954034483e+01 1.557308718956547544e+01 1.609763870683893217e+01 7.319897864183222858e+00 9.784604547660128659e+00 1.695319322595262790e+01 2.709876447793750387e+01 2.589686866535561194e+01 1.560134481326505451e+01 2.225689709484646528e+01 2.370507571331637564e+01 1.646318288438568089e+01 1.913586997901328246e+01 2.223136695912224781e+01 2.587279652975981037e+01 3.180889490737476777e+01 4.188546911056062072e+01 3.773932883016091466e+01 2.699206439033272531e+01 3.363286496613584120e+01 4.395320412035828639e+01 4.939909727321806798e+01 4.511553880383721804e+01 4.939909727321806798e+01 4.550103507135374770e+01 3.553493565913174734e+01
1.379999999999999977e-02 1.001379999999996251e+01 1.793488035382332058e+01 2.293488035382333479e+01 1.749520516002800363e+01 1.858910310272541366e+01 2.712194544099256532e+01 3.126397197664219618e+01 2.901370998241412025e+01 2.192788813897690403e+01 2.670782892924801644e+01 2.742546687247575576e+01 1.716126144234157991e+01 9.981899707652125642e+00 1.702364439333491219e+01 8.080011844661443732e+00 1.806338624233589485e+01 1.914636147758398721e+01 2.040941920647813035e+01 1.188864294128511112e+01 1.188864294128511112e+01 1.336301176078112540e+01 2.370507571331637564e+01 2.937825170691701615e+01 3.246329369453141567e+01 3.606775628184204407e+01 4.020697839220888881e+01 4.600079896020334758e+01 4.257392164635892584e+01 3.306476668629073146e+01 4.257392164635892584e+01 4.853490852374736875e+01 5.128291919364792051e+01 4.888441562637471094e+01 5.304764723132512927e+01 4.958391254462421216e+01 4.384844174835559727e+01
1.379999999999999977e-02 7.084867811865485088e+00 1.708486781187518488e+01 1.688860303854578859e+01 1.042413735416570830e+01 1.358641501433407583e+01 1.712194892026678872e+01 2.289545161118320493e+01 3.289543969326902584e+01 3.197591095838209796e+01 3.191255353392179828e+01 2.370121091469810892e+01 1.340119469638616678e+01 2.016758053628704062e+01 2.225098006660138239e+01 1.801222609533055419e+01 8.942864359783893491e+00 8.942864359783893491e+00 1.007121676252877762e+01 2.040956173704389798e+01 2.225689709484628409e+01 2.370507567416676054e+01 1.639897039316417349e+01 2.667009358753174553e+01 3.326471011524794363e+01 3.665925013856723780e+01 4.079537490889170215e+01 4.581360427065793317e+01 5.099989264369450837e+01 4.626257301517719611e+01 5.020381318998074249e+01 5.128291919364792051e+01 4.112566078832027472e+01 3.867891709460431571e+01 4.718163771687226671e+01 5.208551024552467368e+01 4.346417942313993166e+01
1.290000000000000001e-02 1.001289999999996283e+01 1.364417491444360842e+01 6.888603448232982984e+00 1.688860303854578859e+01 2.358641317232703116e+01 2.712194543910562317e+01 3.126397194753516828e+01 3.703727005517068704e+01 3.699966094622732271e+01 2.773215975590591853e+01 1.745804363157310490e+01 2.370121091589145124e+01 2.790364057698164046e+01 2.698385847990340380e+01 2.063402873432501750e+01 1.030461143314994032e+01 8.942864359783893491e+00 1.578079508738931303e+01 1.937592342883943530e+01 2.876101254940657981e+01 3.085916731477079367e+01 2.155762718329699368e+01 1.994300503377249001e+01 2.304071864110852985e+01 2.647563006860935175e+01 3.161990822564368742e+01 4.169859205149077042e+01 4.808481793527857207e+01 4.287911471906998884e+01 4.394556240476631359e+01 5.218845735900811889e+01 4.215259921070570215e+01 3.253666538397421704e+01 3.766647546075674313e+01 4.791168497632537537e+01 4.755605859098402277e+01
1.290000000000000001e-02 1.001289999934340180e+01 3.644175025617737429e+00 1.364417491444410935e+01 1.902439915410127469e+01 2.152439908613083119e+01 2.566652588487238162e+01 3.144002372907253218e+01 3.999825914899680868e+01 2.987861862295333992e+01 2.262172680195490315e+01 2.773215975590591853e+01 3.189626933373483908e+01 2.922223594760207988e+01 2.281612920406966794e+01 1.247399562331736078e+01 2.063585260060020588e+01 2.031227924480938540e+01 1.074963000768817345e+01 2.165361969106978179e+01 2.814979691823474539e+01 3.594633747763092657e+01 2.881532294461683463e+01 2.720682944202771836e+01 2.832124750403413671e+01 3.665925013856723780e+01 4.079537490889165952e+01 4.581360427065375518e+01 4.410209108021954449e+01 3.476135829114660680e+01 4.410045403028857436e+01 4.708254433501076619e+01 3.954614407310048563e+01 2.900169330769618270e+01 3.653987083828833704e+01 4.680516687302525725e+01 4.473875521670998268e+01
1.309999999999999880e-02 1.487519561548970692e+00 1.148751952428782452e+01 6.730242024859570904e+00 9.024399363565182242e+00 1.152439936356517336e+01 1.729790205541081960e+01 2.729790140208551819e+01 3.513865038941449370e+01 3.699966094622732271e+01 2.987861862295333992e+01 3.699966090349807502e+01 2.967266286242414708e+01 1.946005483344100639e+01 1.482573489441518078e+01 2.281612920406966794e+01 2.701291553182177552e+01 2.601302286646824413e+01 1.848833358001198590e+01 1.280452062000254898e+01 2.381305884801462724e+01 3.221353248363736554e+01 3.894610373218384325e+01 3.736490435053486436e+01 3.846172992284725467e+01 4.259599928310467476e+01 4.316876309770437103e+01 3.896626897799196598e+01 3.628546861883916819e+01 3.100036629973881475e+01 4.071505555735995330e+01 4.291012463091860951e+01 3.254084662467637656e+01 2.630088921082763420e+01 3.692742823870914748e+01 4.485130720671366333e+01 4.071177725228698563e+01
1.349999999999999985e-02 1.001349999977563421e+01 1.562965354801746187e+01 1.673024186367063848e+01 1.902439915410127469e+01 1.859546717334838917e+01 1.652439936356286410e+01 2.099653531854426447e+01 2.806760311115306905e+01 3.806759975049924805e+01 3.999825914899680868e+01 3.779074294129372902e+01 2.780609707241556805e+01 2.684703308048469594e+01 1.664879006859780475e+01 2.258959916264778300e+01 3.279128210285402645e+01 3.352878682856039205e+01 2.567600183599564900e+01 1.464881138122648352e+01 1.701684821427394567e+01 2.794210444715994512e+01 3.596456778488997941e+01 4.012100584313507312e+01 4.517804751692217735e+01 4.618256119684691896e+01 3.597723899209979237e+01 2.862498557106258446e+01 2.611036149686183450e+01 3.617729634567096753e+01 4.156629825282796986e+01 3.790875062669044837e+01 3.452107906153651129e+01 2.394523353138709965e+01 3.020059005016069520e+01 4.064946458972115551e+01 4.473875521670998268e+01
1.349999999999999985e-02 1.001349999999996321e+01 1.591552183852797775e+01 1.945135586765600166e+01 2.359744970815687637e+01 2.859546620086733881e+01 2.652439880788022464e+01 3.066652093305453164e+01 3.513865038707655941e+01 3.668664055547488090e+01 4.082243834300528107e+01 4.182037785467235835e+01 3.393289055241787366e+01 2.373482086274039560e+01 1.860241282305327459e+01 2.883617611687350646e+01 3.692908228873563559e+01 3.502784806488046598e+01 2.450641768947229338e+01 1.660488723423082291e+01 2.758689939879927522e+01 2.182706682437441614e+01 2.553062314223753049e+01 3.087457459320718201e+01 4.105456097687014960e+01 4.914107295245488416e+01 3.896630866167657814e+01 3.357327261859148138e+01 2.300961131173371399e+01 3.008147365552832042e+01 3.440922287439710203e+01 2.782412477587981314e+01 2.958645271113794095e+01 2.185858058303775664e+01 2.948605188405738176e+01 4.021684484021032802e+01 4.173864691831782636e+01
1.359999999999999924e-02 2.900351345948130266e+00 5.915464791725851157e+00 9.450998697716542551e+00 1.522450298834368887e+01 2.522587809723497188e+01 3.426514321691715992e+01 3.134030630546164176e+01 2.961384068904461486e+01 2.668419106041986666e+01 3.668664055547493774e+01 4.392792714782562058e+01 3.393213151726616417e+01 3.101521614084854761e+01 2.078509303797982000e+01 2.672225992549278217e+01 3.688550877972637920e+01 3.426733414470992756e+01 2.370702110738664103e+01 1.894696527920337914e+01 2.980474468867245008e+01 3.248658623737623685e+01 3.596456778496752094e+01 4.012100619506810517e+01 4.517804761195841223e+01 4.150781788501615921e+01 3.712258415254709121e+01 3.765955763488690877e+01 3.026764568980847869e+01 1.983580693074007684e+01 2.746688960790905298e+01 2.746688960790905654e+01 1.922672389214484312e+01 2.983330815384805490e+01 3.262902837340574536e+01 4.338042152869278567e+01 3.750265665009354166e+01
1.369999999999999864e-02 1.001369999999996274e+01 1.591552183852797775e+01 1.945135586765606561e+01 2.359745043436737433e+01 2.937159420823940437e+01 2.426591289296074905e+01 2.133611772290822728e+01 1.960935348073286377e+01 2.961384068904551725e+01 3.510631398114077228e+01 4.010575933361189982e+01 3.474537350036418815e+01 2.453686794049005471e+01 3.101775431799088523e+01 3.517139481390460531e+01 4.100043553484086090e+01 3.240016116692284243e+01 3.264801762025862786e+01 2.200952090649796133e+01 2.456229954053223707e+01 3.207461924742494119e+01 4.222371441207707932e+01 4.511728150739413934e+01 3.981794217700975480e+01 3.543081747253811642e+01 2.649491127853519856e+01 2.844564879818844361e+01 3.279829364597895847e+01 2.746688605839503339e+01 1.702420861769556737e+01 1.702420861769556737e+01 2.746688960737888152e+01 2.790431705416195740e+01 3.539308936293717522e+01 4.571509311098914452e+01 4.173864691831782636e+01
1.290000000000000001e-02 1.001289999999996283e+01 1.943741643795489438e+01 1.947108226873482906e+01 2.367240131406800074e+01 2.538902704095163543e+01 2.124944984158407379e+01 1.426110794869000031e+01 1.742550424383657059e+01 2.096211553475628264e+01 2.596519248999594964e+01 3.596923746654667298e+01 3.887295715876950197e+01 2.969338212168306868e+01 2.969338212168306868e+01 3.979736487904533249e+01 4.670513046617662667e+01 4.257538985101636086e+01 3.565501631741273059e+01 2.523846643936493450e+01 3.504722039830924984e+01 3.207461924742494830e+01 4.222371441243893742e+01 4.073550023578079760e+01 3.012848641693900120e+01 2.474591916884626031e+01 2.101754096706933339e+01 1.815552922316106077e+01 2.491484150910238071e+01 2.588884580994354323e+01 1.702420861769556737e+01 2.746688947457563046e+01 2.136272851263185046e+01 3.180996301459476072e+01 4.054675210327209811e+01 4.471044850673663262e+01 4.165707988609743495e+01
1.379999999999999977e-02 1.001379999999996251e+01 9.729401972599932336e+00 9.732369078188760625e+00 1.947135754313533340e+01 2.124934758027312753e+01 1.123361941859185187e+01 2.124960122182722344e+01 2.742987814679370118e+01 3.096721497827131842e+01 3.510631398114077228e+01 4.010575933361212009e+01 4.389343345385882600e+01 3.688502520518201777e+01 3.688502520518201777e+01 3.688502520518201777e+01 4.682837481792336831e+01 4.150850013699428587e+01 3.136996718244822802e+01 3.136996718249968907e+01 3.980742040643453805e+01 4.222371441243260648e+01 4.634795020681374211e+01 4.511728156881068941e+01 3.981045142618585686e+01 3.164882583461635690e+01 2.882645524743529108e+01 1.858690311912165072e+01 1.579607391882647249e+01 1.558769662955355173e+01 2.588884580219668408e+01 3.178015421455126699e+01 3.180996301430637274e+01 2.656059913439269593e+01 3.119562481570260459e+01 3.928405948216388310e+01 4.427701122801020261e+01
1.359999999999999924e-02 1.176076387438191651e+00 3.824186197482509986e+00 1.257761562380978937e+01 1.536895004166352408e+01 1.672785803873781418e+01 9.275369470041770370e+00 1.639083947324126100e+01 2.639873635860700674e+01 3.578382092522803504e+01 3.323414019582403967e+01 3.737661057357380656e+01 4.315327763674463313e+01 4.682837481792336831e+01 4.682837481792336831e+01 4.682837481792336831e+01 5.090184170253295548e+01 4.562832883512536597e+01 3.728971722956617185e+01 4.150850229216848675e+01 4.562840210330332980e+01 4.725638832493070396e+01 4.615503760248852672e+01 4.725638832493056185e+01 4.657661058574968393e+01 3.633836930776811869e+01 2.571451300326580736e+01 2.828888491326564747e+01 1.586340021012320278e+01 1.460876942117707955e+01 2.480676761332335190e+01 3.300099838359539461e+01 3.730490344160419625e+01 3.671834816148705016e+01 4.054675210327209811e+01 4.471044850673710158e+01 4.885215430909304501e+01
1.359999999999999924e-02 1.001359999999996298e+01 2.851107741548428720e+00 4.021942504693532427e+00 5.257826646155165484e+00 6.612133191412884692e+00 1.672800969861103582e+01 2.205797229947062021e+01 2.162792956126929056e+01 2.745158623255093744e+01 2.321846293392625427e+01 2.900339091803425262e+01 3.901345118632757192e+01 3.841164264680067930e+01 3.841164264680067930e+01 4.255043073592286618e+01 4.243678936064615215e+01 4.657748869238502465e+01 4.727146085302882739e+01 5.138098710254666202e+01 4.725638832493070396e+01 3.738674744142378614e+01 3.631610308930036979e+01 3.738674744142378614e+01 4.725638832493060448e+01 4.071643011075233431e+01 3.633890312611786300e+01 3.004645446548952137e+01 2.386942549764052757e+01 1.374854464740174720e+01 2.386105492806102646e+01 2.272599353382127063e+01 2.993759699844275346e+01 4.039674368640909563e+01 4.474097123618695804e+01 4.052753428245764411e+01 4.474097123644873619e+01
1.319999999999999993e-02 1.001319999999985555e+01 1.668986031672108084e+01 1.114435937192930304e+01 1.238614713962857294e+01 1.672455040306408236e+01 9.713990155533595683e+00 1.203986737509126037e+01 1.454911925308476306e+01 1.743809123216837520e+01 2.451849078992993114e+01 3.453270502986131163e+01 3.548933097014269578e+01 2.842823120436251472e+01 2.842823120436251472e+01 3.841164264680067930e+01 3.245365817941892317e+01 4.081135592188635286e+01 4.883493821896491482e+01 4.467109039240462920e+01 4.657092438538408885e+01 3.919786028856282201e+01 2.951783834594480993e+01 3.919786028856282201e+01 4.446389304183930591e+01 3.849275599213364529e+01 3.423672550185614938e+01 2.579796326932179440e+01 1.554983728241797358e+01 1.289591100479310981e+01 1.648009966164718421e+01 2.650251568671145819e+01 3.261079185397539248e+01 3.687394578730813777e+01 3.952439190707526961e+01 2.998625676306437171e+01 3.952439190707527672e+01
1.019999999999999900e-02 1.001019999999996202e+01 1.992284124531292377e+01 2.131261166819274777e+01 2.204723762956475497e+01 2.379603075632084952e+01 1.975966611914462234e+01 2.205797800208651438e+01 2.456093921555101645e+01 2.745158623255093744e+01 3.159657100355270032e+01 3.439322326992838441e+01 3.025520479365224702e+01 2.135165468507643993e+01 2.813469584321833494e+01 3.090903872688145526e+01 2.668951160676526868e+01 3.667302296564729147e+01 4.467109039240462920e+01 3.513817398526973790e+01 3.792576638144152668e+01 3.216715459191875226e+01 2.660280689735852988e+01 3.627922385710181885e+01 4.024596880920498165e+01 2.983765408583394318e+01 2.367812174512262047e+01 1.998706220803345701e+01 2.211622086084734562e+01 1.208798980300658954e+01 2.160068890508147277e+01 2.521957584962373389e+01 2.226690002987270489e+01 3.261283936640278114e+01 3.525689552276099903e+01 2.446790050498335134e+01 3.525689552276099903e+01
7.249999999999999500e-03 5.780752691889120776e+00 1.578075036812701093e+01 2.044798768757127050e+01 2.026987751736183441e+01 2.380443777908118719e+01 2.232132335185293215e+01 2.274932706800162308e+01 2.402608562192358477e+01 2.819774005207981205e+01 3.526222316799628231e+01 2.861718190910475812e+01 2.024486920270964418e+01 1.779412295662053012e+01 1.811421961666498603e+01 2.090600413628726884e+01 2.668951160669246292e+01 3.667301996501701211e+01 4.467109039240462920e+01 3.513817398526973790e+01 2.875475298666247781e+01 2.547020242521730182e+01 2.389641653700248369e+01 3.363666262615028302e+01 4.295778760249324790e+01 3.849275599213363819e+01 3.423672550185614938e+01 3.049931061609889582e+01 2.308487095804500200e+01 1.127237623482888651e+01 1.624915726584572440e+01 1.526000995492947965e+01 2.528823980562274443e+01 3.080227426759382325e+01 2.700512228428886274e+01 2.074258560539909269e+01 3.166056385016845809e+01
