output/example/elevation_000059.asc
nrows	75
cellsize	13.33333333
xllcorner	0
ncols	75
yllcorner	0
NODATA_value	-9999
[rows 34 to 50 of 75, columns 0 to 36 of 75]
4.159999999999999636e-03 1.000415999999996330e+01 1.240020277541347049e+01 1.341011980964447403e+01 1.021022078026390112e+01 1.551854132471794578e+01 1.369622104930713569e+01 1.404498881527927701e+01 1.142044265534108582e+01 1.236443292279334649e+01 2.522390456753067056e+01 2.451838751785755477e+01 1.678749390080419346e+01 1.678749390080419346e+01 2.686530823820262270e+01 3.353073202775556183e+01 3.766541044469312993e+01 4.343158138749561203e+01 4.244770709999347957e+01 3.250868904457872333e+01 2.700914352345482072e+01 2.279230917350170316e+01 2.150948091079390778e+01 3.062888953025956340e+01 2.960152674320121946e+01 3.812896583819692609e+01 3.745229177093460748e+01 3.116389184684685532e+01 2.692605235086301363e+01 2.140195744861817673e+01 1.141349828594580629e+01 1.725850325262938512e+01 2.688316240232870769e+01 2.056644190213429013e+01 1.703779599603718964e+01 2.266303501810039123e+01 3.258644102788723274e+01
3.329999999999999627e-04 1.000033299999996217e+01 2.400672840537276809e+00 3.410825385089216066e+00 4.436803737173367956e+00 5.521456026262118399e+00 6.625771286989894371e+00 7.758048321033873762e+00 1.193928139480331474e+01 1.946317184126889899e+01 2.225259465163115991e+01 1.438549808385949902e+01 2.450825840328965199e+01 2.392872216028708010e+01 2.318162630062136031e+01 3.026451371418985303e+01 4.031155385004619518e+01 4.337846733554813738e+01 4.664557243732658520e+01 4.087421395975993477e+01 3.537917002957826185e+01 2.896220936383252109e+01 1.929590470242072442e+01 2.241340852688837160e+01 3.056495326251020117e+01 3.073860663743985100e+01 2.795770593469464771e+01 3.324216516881118366e+01 2.340724640500789278e+01 1.648218942780065177e+01 1.049979626980713654e+01 1.955115556614307692e+01 2.050301871537033094e+01 1.361203782022784026e+01 2.343815849922913941e+01 3.037049468366949512e+01 3.644825403286559151e+01
1.129999999999999928e-03 9.864592781642917974e-01 1.098342781050594041e+01 1.341011980457802721e+01 8.519212004443032171e+00 1.552030861775013548e+01 1.662454726764374868e+01 1.332968446813881336e+01 9.460892910831379510e+00 1.075851191786504124e+01 1.211141835966461144e+01 1.597040209835870606e+01 2.606983001223020224e+01 3.392554691770281039e+01 3.320572595545213090e+01 3.740795295564122824e+01 3.866580007895416315e+01 3.329937037821310497e+01 3.784704785599819132e+01 3.810489505888948969e+01 2.863273561280208312e+01 2.197216677252041706e+01 1.765504766266253966e+01 1.765504766266253966e+01 2.531815379545132672e+01 2.123847659058875337e+01 2.123847659034556656e+01 3.073860574157158254e+01 2.757868970200140879e+01 1.775349114580332355e+01 1.955115562361260828e+01 9.254904816135097079e+00 1.034094371059786610e+01 2.027981860148393523e+01 2.683245142222825663e+01 3.002436821861116556e+01 2.749382495338166876e+01
3.329999999999999627e-04 1.000033299999996217e+01 1.512811695248612764e+01 2.252765774906059448e+01 1.428774388502000292e+01 2.254602456509814701e+01 2.393724064482817582e+01 1.401903688566575035e+01 2.224832663531762122e+01 1.789461739969435428e+01 1.799521673321508430e+01 2.606983001223014185e+01 2.313527179407879686e+01 3.022498713350374899e+01 4.022690230391549449e+01 3.866580007895417737e+01 2.873226441641920914e+01 2.638507185167375368e+01 2.793262037199108150e+01 3.499125973788360966e+01 3.537917002959270718e+01 3.113950334062704783e+01 2.319863268907308296e+01 2.531815379545132672e+01 1.569820129115828777e+01 1.433508273671722755e+01 2.402100007151844707e+01 3.312534839596319358e+01 3.166311471444050341e+01 2.757869136733413740e+01 2.363714086786190549e+01 1.846589266473411683e+01 8.113967662960968497e+00 1.737028190424914698e+01 2.150616110209524479e+01 1.991206985605116486e+01 1.790174726586510445e+01
4.329999999999999539e-04 5.777379235676229463e+00 1.291007609526407585e+01 2.334156484021951883e+01 2.418865595940942370e+01 2.821746560531108727e+01 2.393733687891125683e+01 2.101398083717316467e+01 2.210580916916025629e+01 2.797279908874343590e+01 2.806821392385722902e+01 3.221302780159054180e+01 3.315448026206473742e+01 3.172432836923876209e+01 3.586535738784647265e+01 3.755929799404243141e+01 2.765386927178010978e+01 2.086887154138751654e+01 2.114144957821838133e+01 3.009461239685782985e+01 3.568282812826837613e+01 3.661789371293973261e+01 3.263675201350726951e+01 2.742057937940086632e+01 1.785391128973764197e+01 1.433508273671722755e+01 1.961132064659043550e+01 2.636833375784415168e+01 3.200831405253157413e+01 3.261436778565079209e+01 2.656903454910595386e+01 1.664456604183824240e+01 1.745564625930559188e+01 7.178915370877051672e+00 1.646449492529190906e+01 1.112569458589331362e+01 1.831631109113692801e+01
5.329999999999999452e-04 1.000053299999996348e+01 1.566396233657305181e+01 1.899729567927097307e+01 2.313943313628688614e+01 2.813943414926044184e+01 3.391733863415606010e+01 3.099494268252066931e+01 3.208670063707138098e+01 3.621735516361734852e+01 3.216366872293937007e+01 2.802252553518484746e+01 2.802252553518484746e+01 2.172620538190686901e+01 3.009307275281290472e+01 3.586535738784713345e+01 3.163698281354708897e+01 2.571890960087232614e+01 1.634657872500887166e+01 2.176719845495620476e+01 3.152112861820573642e+01 4.020948701254850732e+01 3.062414357761840833e+01 2.392732399294997592e+01 2.733730456855110802e+01 2.240550193193849537e+01 1.263264382526464757e+01 1.848616587092001495e+01 2.524724079373199004e+01 2.311438842885138811e+01 2.984681416565858214e+01 2.656899708350035283e+01 2.156673785210636041e+01 1.646441243791718634e+01 6.280995662098932897e+00 1.542698425419847297e+01 1.957137990318033260e+01
3.709999999999999756e-03 2.777210981126142286e+00 5.663962327074265168e+00 8.997295660407587548e+00 1.399729566040760353e+01 2.399729569813482755e+01 2.969354543168196159e+01 2.555293677283731313e+01 2.969354543168196159e+01 2.960116339341750091e+01 2.802252553518484746e+01 1.802379254777587292e+01 1.802379254777587292e+01 1.595279790191695390e+01 2.172620538190686901e+01 3.172432836923876209e+01 2.715326822946853724e+01 1.783802842118456056e+01 1.391583652451044628e+01 2.355743226649733657e+01 2.951104651268957824e+01 3.374825066707798271e+01 3.744474954626859642e+01 3.343161609369998644e+01 2.678288477594566430e+01 1.722660792686165010e+01 1.143713275572966559e+01 1.143713275572966559e+01 1.979552927148064612e+01 1.624997571638117222e+01 2.589686796071633168e+01 3.053100692294252028e+01 2.065626283143224740e+01 1.352570249365328792e+01 1.551672177120418361e+01 5.302169464284212097e+00 1.544560241967136349e+01
6.660000000000000121e-03 1.000665999999996281e+01 1.566396196855874834e+01 1.899729566196966957e+01 2.313943313628688614e+01 2.813943414926044184e+01 2.469411611550676611e+01 1.555302394556075996e+01 2.469411611550664176e+01 1.960375694579314754e+01 1.960375694579314754e+01 1.761916573328473135e+01 1.095278992681052976e+01 1.802379254777586226e+01 2.802252553493494247e+01 3.265454064513632204e+01 2.882965659987553408e+01 1.915185913698894637e+01 1.179472819219081536e+01 2.139322678220056773e+01 1.985097346307132327e+01 2.923551506299498470e+01 3.230014592343534474e+01 3.653881573480170175e+01 3.084885265272336596e+01 2.530519555616028171e+01 2.128888001885356474e+01 1.979548327094921589e+01 9.768177144579336613e+00 1.839205147859891554e+01 2.238208957072304983e+01 2.507002241343337445e+01 2.760582570374389988e+01 2.070863666964032390e+01 1.105253710223911767e+01 4.559455792952052278e+00 1.391489208193094385e+01
1.030000000000000013e-02 5.010300000000007081e+00 1.208136781236902735e+01 2.208136894255175164e+01 2.465434543598577477e+01 2.172540114226533703e+01 2.055298035919903299e+01 1.055300790810767886e+01 2.055298035919903299e+01 1.874513978819027571e+01 9.604336444793199590e+00 7.619443889023401972e+00 1.761916573328473135e+01 2.509373063535596415e+01 3.004031201848995281e+01 2.372759706053130557e+01 2.749197598862087943e+01 1.705611496916448999e+01 9.932507835863461310e+00 1.329204168249727225e+01 1.940257709138298736e+01 2.734566216736775957e+01 2.232952772682153864e+01 3.073779143829982630e+01 3.562145958646513577e+01 2.677123822124718444e+01 2.018599204777564182e+01 1.528966489738249557e+01 1.839157814163967686e+01 8.072259310544003696e+00 1.698150456820488330e+01 1.568369118810439566e+01 2.370145991661586393e+01 2.183175088280009746e+01 1.860837121977738562e+01 1.383291399288543566e+01 3.573416937258830028e+00
1.349999999999999985e-02 1.001349999999996321e+01 1.915244604802598971e+01 1.725324914778765972e+01 1.465430839139524544e+01 1.172536587318677626e+01 1.721965620883526071e+01 7.219662451178618490e+00 1.295568988336165894e+01 1.197793037280753126e+01 4.604319327866686962e+00 1.460404669529317623e+01 2.174074427853569702e+01 2.727412176596355309e+01 2.565398952665825050e+01 1.703030255474604360e+01 2.565647281737346930e+01 1.789703058346107056e+01 8.101315978194543632e+00 1.486227436551129877e+01 1.817661969929820032e+01 2.126368693910011842e+01 1.674068097988145354e+01 2.371131372137789484e+01 3.422012247011303288e+01 3.327861972132391344e+01 2.876732733336687886e+01 2.489310251375865946e+01 2.237643241883921874e+01 1.680279970804934209e+01 6.306690674465003532e+00 1.556028207639230132e+01 1.757725940715326374e+01 5.678956750411453314e+00 1.292979355879264425e+01 5.885618437683473481e+00 5.860150119179328598e+00
1.339999999999999872e-02 1.001339999999996344e+01 1.018215705867355503e+01 7.253215003135208505e+00 1.018215732534022244e+01 4.654274900190468855e+00 1.018215759200688808e+01 1.018207953476208694e+01 2.955635100035606477e+00 1.978185129139412801e+00 1.018255340470298442e+01 1.308680571160992834e+01 1.361288593627936727e+01 2.040481514914196026e+01 2.190874999915119048e+01 1.212354772355370613e+01 1.706168878951634937e+01 2.081100982966977142e+01 1.565715882010277937e+01 5.718338260934872963e+00 8.360898824756935355e+00 1.155186489078519863e+01 2.126368698054688622e+01 2.707345868548078727e+01 3.126005111717600826e+01 3.247686035425584805e+01 2.861622229815452556e+01 2.862411935384607276e+01 2.496604723140769266e+01 1.858466984440363490e+01 1.449023128597947441e+01 4.691677005798690736e+00 1.117825243928824186e+01 5.783880954399024610e+00 3.012218983651325122e+00 1.221672373092694386e+01 3.294664622761690698e+00
1.369999999999999864e-02 1.821303842129860795e-01 1.821303842129860795e-01 1.821303842129860795e-01 1.821303842129860795e-01 1.821303842129860795e-01 1.821303842129860795e-01 1.821303842129860795e-01 1.821303842129860795e-01 1.821303842129860795e-01 1.821303842129860795e-01 5.294638421030744446e+00 9.451593601045669146e+00 8.559908118550858092e+00 1.529469187806181907e+01 1.414886131970262184e+01 7.228717130611202357e+00 1.557376499228604771e+01 1.298893184960709135e+01 4.038306073703783916e+00 1.130186024477472628e+01 2.103528956031651376e+01 1.997556443997699915e+01 1.703552048244854333e+01 2.707345865463914336e+01 2.861622256496363192e+01 1.814477173411106747e+01 1.814492160703738222e+01 2.064932633999952216e+01 1.052791662683747198e+01 5.779485611706006942e+00 1.298426776860642384e+01 3.346679124148735252e+00 2.731769170259335411e+00 1.208208192571908590e+01 3.012218983651325122e+00 1.296876007778950246e+01
1.290000000000000001e-02 1.001289999999996283e+01 1.821303842129860795e-01 1.821303842129860795e-01 1.821303842129860795e-01 1.821303842129860795e-01 1.821303842129860795e-01 1.821303842129860795e-01 1.821303842129860795e-01 1.821303842129860795e-01 1.821303842129860795e-01 3.531279763926798987e-01 5.237892554297438608e-01 5.237892554297438608e-01 1.031067554438509681e+01 3.197784557505136682e+00 1.078463676802840965e+01 9.491095355718581317e+00 1.092129826883424037e+01 2.641514779948136216e+00 1.283213397416085222e+01 1.457809056757277233e+01 9.877801892547594775e+00 1.997549933428254576e+01 2.296083447234862973e+01 2.013212192778111742e+01 2.121178487054588402e+01 8.791386781738992795e+00 1.501149966756200271e+01 1.729955409166023728e+01 1.292919015395964699e+01 2.260031514989679025e+00 2.455686306283107800e+00 1.043681820469824473e+01 1.405797413129445950e+01 1.068343444162191247e+01 1.013005035303808654e+01
1.349999999999999985e-02 1.001349999999996321e+01 7.253214869801874798e+00 1.014547036876290953e+01 1.018215732534022244e+01 2.854745876822489148e+00 1.018215759200688808e+01 5.182141086831222765e+00 1.018215785867355549e+01 1.018171503438235526e+01 1.004553751268761985e+01 1.014051944959199858e+01 5.237892554297438608e-01 9.689525437922613449e+00 5.237892554297438608e-01 5.237892554297438608e-01 5.237892554297438608e-01 9.651737068740452230e+00 7.722683172990711942e-01 9.859767877396288682e+00 1.118462050011026498e+01 4.410286050811515146e+00 1.135903920336632744e+01 1.430973300340342114e+01 1.212551107148017770e+01 9.123550553090511883e+00 1.679088276378432454e+01 1.501136562273856967e+01 1.796637126114168703e+00 1.222428043059965219e+01 1.170844001383902899e+01 5.069136513990972759e+00 2.260031514989679025e+00 1.248393503005116045e+01 2.022510901881274492e+01 2.210673519155783140e+01 1.753121307759715108e+01
1.319999999999999993e-02 1.001319999999996213e+01 1.725324901445432602e+01 1.979725719087803881e+01 9.918505764574225836e+00 6.188089753327560949e+00 1.618763502678890021e+01 1.225326151724573620e+01 1.932254566499887360e+01 1.857612316496500782e+01 1.256672939934144217e+01 2.926139291590485136e+00 7.222454502446116642e+00 1.232377742838700740e+01 1.053303309895325057e+01 5.237892554297438608e-01 9.441959334556059957e+00 7.722683172990711942e-01 3.830753066661098494e+00 1.023290612727364435e+00 1.023290612727364435e+00 1.023290612727364435e+00 1.023290612727364435e+00 6.929912048877769237e+00 1.143914517780312323e+01 1.524804588352890233e+00 1.168749175498089876e+01 1.170572284969445676e+01 1.157234477744737866e+01 1.796637126114168703e+00 1.796637126114168703e+00 1.986675779812467457e+00 1.237042744691496665e+01 7.058520385293753030e+00 1.309157543724769823e+01 2.359552594348641463e+01 2.841001551051519769e+01
1.359999999999999924e-02 7.084667811865485554e+00 1.708466781186555394e+01 2.398605349953175647e+01 1.982689711470861127e+01 9.967763065341454620e+00 1.996207052417062755e+01 2.225434299746852318e+01 1.963135559944591790e+01 9.913508355238020542e+00 5.277257109503038279e+00 1.302843808013336435e+01 1.070109849736341801e+01 1.783920237891364025e+01 1.344519490211914636e+01 1.062877731836969097e+01 5.237892554297438608e-01 1.079446438685765131e+01 1.345117438399589993e+01 1.164771394361824086e+01 9.538891956398517280e+00 1.023290612727364435e+00 1.070431417397686857e+01 1.271760164801693627e+00 1.271760164801693627e+00 7.584813098097696660e+00 1.524804588352890233e+00 1.524804588352890233e+00 1.524804588352890233e+00 9.888754803884943101e+00 1.796637126114168703e+00 1.287841270449433573e+01 1.395109255559890471e+01 1.309170400685094648e+01 2.186500543260633833e+01 2.795502867451319418e+01 3.305089139563920497e+01
1.299999999999999940e-02 1.001299999999996260e+01 1.721549886625523484e+01 2.297263719486485201e+01 2.409028006188126980e+01 1.574116152690631054e+01 2.409028006188126980e+01 2.736011296587717112e+01 1.789134001008685004e+01 1.706464441394541964e+01 7.146663752536589698e+00 1.702525544311622596e+01 1.924324571736169531e+01 2.255412855509545267e+01 1.855722802756345402e+01 7.752718656828031740e+00 1.775523242764608156e+00 9.198921680944756929e+00 2.042852675275414498e+01 1.852316452646548939e+01 8.919327816066862979e+00 1.121918457624265564e+01 1.328254458370724400e+01 3.751816241448535649e+00 1.146144347277295061e+01 9.829359060383232816e+00 1.170535057337364115e+01 1.524804588352890233e+00 1.524804588352890233e+00 1.170605098086439888e+01 7.867685587401528124e+00 1.630555439905918647e+01 2.233788074177334693e+01 2.358302238617063296e+01 2.791331795437972119e+01 3.495566924879502579e+01 2.811294741655330043e+01
