output/example/elevation_average_000069.asc
nrows	75
cellsize	133.333333333
xllcorner	0
ncols	75
yllcorner	0
NODATA_value	-9999
[rows 51 to 67 of 75, columns 0 to 36 of 75]
5.882205962523524567e-01 8.856929229257806568e+00 1.710071747501556771e+01 1.154099749374468473e+02 1.353133734349060262e+02 4.949571882475139972e+01 1.469379198775735631e+02 1.679159384215050181e+02 8.333271786725906338e+01 1.796795031296661307e+02 1.739190928364693889e+02 1.688242881924019798e+02 2.510785790651827085e+02 3.132523609603003365e+02 2.450357288464966814e+02 2.355117344929795991e+02 3.286527013132185289e+02 3.375500748172104295e+02 2.859359086259157721e+02 3.439183272534517641e+02 3.545531379034733845e+02 2.747569959332844292e+02 2.351674085711333930e+02 2.979834355865953626e+02 2.768693561773768010e+02 1.851443152941452297e+02 2.337667357266410306e+02 1.541451517796298845e+02 2.507103944294138671e+02 3.057531157114230496e+02 3.727110491949913467e+02 3.471191478028802635e+02 3.002417955812131254e+02 2.208294972682500088e+02 2.676042593321789695e+02 1.809868422718190857e+02 1.878801679987234934e+02
9.768667279832560224e-01 9.952723538889621580e+01 1.152861238767012964e+02 9.695295419917765400e+01 1.857888866806543433e+02 1.473053158388360941e+02 6.170860183323466686e+01 7.048778908197586190e+01 1.679919603343433039e+02 2.201016328856273958e+02 2.695208110568420921e+02 2.416534701480281626e+02 3.024791977786346706e+02 3.464394755554515655e+02 3.362539247844110832e+02 3.159656676016283541e+02 3.189818516964140827e+02 2.696323220461324013e+02 2.227298992110032714e+02 3.060203519117134192e+02 3.242250395966028123e+02 2.527264196442393995e+02 1.979891288838053924e+02 2.374468379677703354e+02 2.544462691813423874e+02 2.189921811658323918e+02 1.384494831043832903e+02 2.352225679620364076e+02 2.507012077062993285e+02 3.458157510520066467e+02 3.382685187623772549e+02 2.520498353143464954e+02 2.519755053347347200e+02 1.647616269364974357e+02 1.714031612203033035e+02 2.653377103947198066e+02 2.833060888602076375e+02
2.138324179527880675e-01 7.019986328448021595e+01 1.677325057723298301e+02 1.940265428981018374e+02 2.331486679253631280e+02 1.987602861793095315e+02 1.137422535393767333e+02 1.400879554035325043e+02 1.344693602891259161e+02 2.061640220056093256e+02 2.995020873476789802e+02 3.231805129664689389e+02 3.077228101194997976e+02 2.724407888819633854e+02 3.145923506490515251e+02 3.474106228551653999e+02 3.186618423171660766e+02 2.789927705936284497e+02 2.143771189838354587e+02 2.916346420405427580e+02 3.326416647472320278e+02 2.968708763800717065e+02 2.451652516894598932e+02 1.535414841165389817e+02 2.043490166479968764e+02 1.238494193466546562e+02 2.208281148233918429e+02 2.743269610953652204e+02 2.767779540503744329e+02 3.153241163991887674e+02 2.431031424368387945e+02 2.428954270608172692e+02 1.554482035737271985e+02 2.519779546405390818e+02 2.670461922888185882e+02 2.237017869283351672e+02 3.135030165010155088e+02
1.069909363418946047e-01 9.866295189180922875e+01 1.555195335249613322e+02 1.894574283352073110e+02 2.287977123763358804e+02 2.455859833462702966e+02 1.845035890312045410e+02 2.362198845898285242e+02 2.310481906195846591e+02 2.695009846876972688e+02 2.730358770020983457e+02 2.963387105742787639e+02 2.693937063163294283e+02 2.036739159351002968e+02 2.478184511027618555e+02 3.172160130419023858e+02 3.123010275310132897e+02 2.354769110975294097e+02 1.860178281586089213e+02 2.685287457587799054e+02 2.854733855245100358e+02 2.088960755579524289e+02 2.470459610225986467e+02 2.064474848067662833e+02 1.094668767022096176e+02 2.032523119644216933e+02 2.090077905737187223e+02 2.154328666907748868e+02 1.806642380677506026e+02 2.272203076266864628e+02 2.336124718166210812e+02 1.462291255565494623e+02 2.429052937657438349e+02 2.242730014120336932e+02 3.197859413683304979e+02 2.971180776607100711e+02 3.040082697350949843e+02
3.726996606557795300e-01 2.872234553574737959e+01 5.822363405822288485e+01 9.247522688540982472e+01 1.467079289700336631e+02 2.386030342699423272e+02 2.721681793576343580e+02 2.579479074817578521e+02 2.186223813985814672e+02 2.106511290443414737e+02 1.771772143492041209e+02 2.699985778382909416e+02 2.358208891979207920e+02 1.517512497854916091e+02 2.143994453410432754e+02 2.877596259574457349e+02 2.989977555679367924e+02 2.140422892416370928e+02 1.466703036845668748e+02 2.362948152380646150e+02 2.454696428582511203e+02 1.504666663006073293e+02 1.542455243423019340e+02 1.900266583234924553e+02 1.000583362410500285e+02 1.062645505648951882e+02 1.124474164496722040e+02 1.185710068990960337e+02 1.246970910459672552e+02 1.308464066194576390e+02 1.369832126769963452e+02 2.337816725163471858e+02 2.820350244596398852e+02 3.196202034363303710e+02 3.584754639214089025e+02 3.866692063665799424e+02 3.938565860178763387e+02
9.622267309149505898e-01 9.950802111079306655e+01 1.557418529720870595e+02 1.894838538970908814e+02 2.287941585035059973e+02 2.821157617446618815e+02 2.208100588056283868e+02 1.809628240851199905e+02 1.236366190100286246e+02 1.137646921205500234e+02 2.106494207980722990e+02 2.077882877321749220e+02 2.037685540897341241e+02 1.114007731267946752e+02 1.522870048938109164e+02 2.390671152186145321e+02 2.686498501799032397e+02 2.092389284862720444e+02 1.144131649313706163e+02 2.043021075149292756e+02 2.174971647061875331e+02 1.781298913555081640e+02 8.765289450452959841e+01 9.270152634469297936e+01 1.901196448185389727e+02 2.033287890837362113e+02 2.094339510153328092e+02 1.899927606830669049e+02 1.810098012123421540e+02 2.274439300930319519e+02 2.336959688033275597e+02 1.637169827767920083e+02 2.593431810393266232e+02 3.134295128007748303e+02 3.419985797032954338e+02 3.689578590736580850e+02 4.092694262864122834e+02
2.536103556318918262e-01 7.023855623290377537e+01 1.677722280791139440e+02 1.736391604208499189e+02 2.102509040206273596e+02 2.288077107663560241e+02 1.640099573120470211e+02 8.565612905649693687e+01 6.451945149138961710e+01 1.621700091741324457e+02 1.359869173905270827e+02 1.123489470775051728e+02 1.421292251886894746e+02 7.733138736604611552e+01 1.437613068551184767e+02 2.403187254167427511e+02 1.995631325487092340e+02 1.344191963935419665e+02 8.843325488681479385e+01 1.655165006210978333e+02 1.709784694269305874e+02 8.055755005621517739e+01 1.775856997802485182e+02 1.899593365420648183e+02 1.233545264104317027e+02 2.203123534097694005e+02 2.798065635478871513e+02 2.838231891117975465e+02 2.770968920551720203e+02 3.161167624278186281e+02 2.991622109812294639e+02 2.211461307416620343e+02 1.940024953407751411e+02 2.182044797492752366e+02 2.486135330262293621e+02 2.835714439789875883e+02 3.361155336688121906e+02
9.431841708974398886e-01 9.948693664689270122e+01 1.052604423304488961e+02 7.620495580833706128e+01 1.736604055151664170e+02 1.597738678408761928e+02 9.361458920750573043e+01 2.592627057811417401e+01 1.241796542488635851e+02 1.314892198067042841e+02 3.795145292333624099e+01 4.108914055597330872e+01 4.417308943968464519e+01 1.422119805313466259e+02 1.494940005031274097e+02 1.523160843043693831e+02 1.555709074050882919e+02 6.215823217595612249e+01 6.523443710652799155e+01 6.832414146768066132e+01 7.341199965603540534e+01 1.709631241589342778e+02 2.177070004668179592e+02 2.593750327294613953e+02 2.203014576592188405e+02 1.573609383314324361e+02 1.839341198853955177e+02 2.797567687828149587e+02 3.597025025835327483e+02 4.002307885525932534e+02 3.553196907886762119e+02 3.153264119410090416e+02 2.500139702246258935e+02 2.820517240614927346e+02 3.116439197512762007e+02 3.772884137564136040e+02 3.806716633097046838e+02
7.631321084887311423e-01 3.890731658902048640e+00 6.975059230131466670e+00 1.054574877135082716e+02 1.126509955071317535e+02 1.156310418051320568e+02 2.164768698030238170e+01 1.198860527794433892e+02 3.034112679435262905e+01 3.344199194611970682e+01 1.316118354474404839e+02 1.390471375195472206e+02 1.421237866593810679e+02 4.855753284036433826e+01 5.163531140063134472e+01 5.469720951426516109e+01 5.779741251832155058e+01 1.556785266973570288e+02 1.629093138676460910e+02 1.659540337759514728e+02 7.371729753525944773e+01 1.713823340104598572e+02 1.766070930342853842e+02 2.727793272330445689e+02 2.928150142207795170e+02 2.538040900568531129e+02 2.797892562410401638e+02 2.288240645233411783e+02 2.670009192117631756e+02 3.341077282875872356e+02 4.278961930753984007e+02 3.835663527299879547e+02 3.450565579485165131e+02 3.717846245634710272e+02 4.033827459993731850e+02 3.640790592964316943e+02 3.036029694586322307e+02
7.628124041380348608e-01 9.931389390720421773e+01 1.053420754387703653e+02 1.130014246504772046e+01 1.432883747333342406e+01 1.734642199811998609e+01 1.156930665756181611e+02 1.598226124458625179e+02 1.019538039588293117e+02 1.315288829613762687e+02 6.030468828151098393e+01 8.468469368276640807e+01 1.814962099314773809e+02 1.051635870567479429e+02 1.492846324606916824e+02 1.524996610081481094e+02 7.610761051274143085e+01 1.736874828259211370e+02 2.419660688052163664e+02 2.109311221453263272e+02 1.713986186527770030e+02 7.901632641402221680e+01 1.766343008286239922e+02 1.815904556503995479e+02 2.776905585688324436e+02 2.501291820189799466e+02 2.893256455564882117e+02 3.241838300638963801e+02 3.539196676534681387e+02 3.964604857115600680e+02 3.911129823361184776e+02 3.555870500085759431e+02 3.923448402489541991e+02 3.694652472538906522e+02 3.360958319448835709e+02 3.224561016769212642e+02 2.337544230146190216e+02
2.106757229907613160e-01 9.806913545613849692e+01 1.490413288339006215e+02 8.236595261216319841e+01 8.393766452655636101e+01 1.155342303419717638e+02 6.076392833949319794e+01 1.584756864015302256e+02 1.972800291943836726e+02 1.880581497312300598e+02 9.566184118033535810e+01 1.781379475484043837e+02 1.222460439437406734e+02 2.020619518933248742e+02 2.406808686972893270e+02 2.132443979726467944e+02 1.345627261074302794e+02 1.053634169718606017e+02 2.019023130561378707e+02 2.740856508596552317e+02 2.161283323882390732e+02 1.513683467218903331e+02 8.427905995071670020e+01 1.818110822306242085e+02 1.901400306080277574e+02 1.536296157998906722e+02 1.979699672980798937e+02 2.375122889513975224e+02 2.737415797986304256e+02 3.123890358672143179e+02 3.217154636225861282e+02 2.608916375414744380e+02 3.452386919730734576e+02 3.171726862276113934e+02 2.412271599151256396e+02 2.864275530742422120e+02 2.409868109070531546e+02
4.089467787567467871e-01 6.961591471654782026e+01 1.658899810079152530e+02 1.789747792219704934e+02 1.812846712773323929e+02 1.978862339946467443e+02 1.189063504934370741e+02 1.275513727943127122e+02 2.187331372239738982e+02 2.160153789303614360e+02 1.337874442855527946e+02 2.230629843391415932e+02 1.905017132967820714e+02 1.645224431693801250e+02 2.608357076464093325e+02 2.702004433170146172e+02 2.300091605440972273e+02 1.740087361139457869e+02 1.385440700093458304e+02 2.352606672691200629e+02 2.844725318583991793e+02 2.213667235095827550e+02 1.553004765555700146e+02 8.947766134636985669e+01 9.326009274052474041e+01 9.700827861268355434e+01 1.007076165737354927e+02 1.951288284026006750e+02 1.794212838713568203e+02 2.741225380619778775e+02 2.266103395978693698e+02 2.106484819283892023e+02 3.063642430842987778e+02 2.756331672356715217e+02 1.819354805912401787e+02 2.411204077722189254e+02 1.505422352416746037e+02
7.605404438924017185e-01 9.931339764601297304e+01 1.755428549162670606e+02 2.186556671374641212e+02 2.727690770903633393e+02 2.546031913082218807e+02 2.150352249407811485e+02 2.242326410935318677e+02 2.620272512192129852e+02 2.588368966711366852e+02 1.849133165174062299e+02 2.663606279402322912e+02 2.863887644901520844e+02 2.118366660924249061e+02 2.334826248536406865e+02 3.287784091708809910e+02 3.091340114453680030e+02 2.447871696725536026e+02 1.756692760100252713e+02 2.033783029961007855e+02 2.966874871077109219e+02 2.894947394895788193e+02 2.052541802858054041e+02 1.084708580464024692e+02 1.858931184894520641e+02 1.687794719604082161e+02 1.979727415246528892e+02 1.059066739855171022e+02 2.016262229498367731e+02 2.117197285533952140e+02 1.574088564977416524e+02 2.536484712914288764e+02 2.703753125735470348e+02 2.310957943449461993e+02 1.401622329321846507e+02 1.443953027725143556e+02 2.411586864831974708e+02
3.612262887922438326e-01 3.784976852085780763e+01 8.182173587152803407e+01 1.381031572867382238e+02 2.346237317623080401e+02 2.583028857019936595e+02 2.192490949460212732e+02 2.192511192010030356e+02 3.145184458085484493e+02 3.049298472067638386e+02 2.727989604790469684e+02 3.020408285257764192e+02 3.318750152905212190e+02 2.589275986454209146e+02 3.272672126757275919e+02 3.674087387662719948e+02 3.600375198962227614e+02 2.909375019712079506e+02 2.227018513571950393e+02 2.761329194810107310e+02 3.136490432074131718e+02 2.804151243147251193e+02 1.878523278340965135e+02 1.282408290791368870e+02 2.244975338085388046e+02 2.610657489760335466e+02 2.426082407501949945e+02 2.031802856486453948e+02 1.110497390902116450e+02 1.146775623462225866e+02 2.110202852483982667e+02 2.210012228354024160e+02 2.251536961943653807e+02 1.342007776561257515e+02 2.301286630522323549e+02 2.411141400313636325e+02 1.732711665767084810e+02
2.027203060114903810e-01 6.996162327685355820e+01 1.674977816292776254e+02 2.103822282852654553e+02 1.712423161465196131e+02 1.899465038865006647e+02 1.225431547001068964e+02 2.191526733486968510e+02 2.777608004799184300e+02 3.029425615053385741e+02 3.394914877107751181e+02 3.636669687290892057e+02 3.619580272381733721e+02 3.417304153874563895e+02 3.795008388368412966e+02 3.825416663626717764e+02 3.970084209705348144e+02 3.560268812044878359e+02 2.942715426308297424e+02 3.455253314735402341e+02 3.773459794803057434e+02 3.198646858851381580e+02 2.407876781716477126e+02 1.614858867071931172e+02 1.980719740897601184e+02 2.935588200117273914e+02 2.770288849457996889e+02 1.819615353169538423e+02 1.774578702765242895e+02 2.117903355733981527e+02 1.198104882161908193e+02 1.240288162051638494e+02 1.282320406784498346e+02 1.611126395391693222e+02 2.571466522483372614e+02 3.082914321786761889e+02 2.696050483567836409e+02
4.264044037055534364e-01 9.898488540656492773e+01 1.879419958918503539e+02 1.485691695809015584e+02 7.378505380597927399e+01 9.332696833569899297e+01 1.904924824578216089e+02 1.565394194009845990e+02 1.821054314266064864e+02 2.108844004434906481e+02 2.448120325199682554e+02 3.156195556180019821e+02 4.055982446696428383e+02 3.866428797863756586e+02 3.513692294639814122e+02 2.905290297031979208e+02 3.647551251379204018e+02 3.784698792543149466e+02 3.739585817766568994e+02 3.905881052642974964e+02 3.622362498863139990e+02 2.964518580062714932e+02 2.495925721431359534e+02 2.025881667152618775e+02 2.230722714339798074e+02 3.057970008716122265e+02 3.169662567170286138e+02 2.769906118759149649e+02 2.695079771298433684e+02 2.237486642287063034e+02 1.268822825197618442e+02 2.209985747723238489e+02 2.250998318173386963e+02 2.555894331242583348e+02 2.170990633010310660e+02 3.127261188084032710e+02 3.395371423138856812e+02
2.601976539121070298e-01 9.881994126442846493e+01 1.270750878292131034e+02 5.076949557697188453e+01 1.484060632856783286e+02 1.220294575516231674e+02 2.187627096234374449e+02 2.525579189059552050e+02 2.777478169554559599e+02 3.038290222081967045e+02 3.372026155280210560e+02 3.682708156504992871e+02 4.067547745740444611e+02 3.594605080304060607e+02 2.730186247181628687e+02 2.372987830203522321e+02 3.246709550893411915e+02 3.182037711682801842e+02 3.515751155980782414e+02 3.496158111774393547e+02 3.429053167156521909e+02 3.493474623005380408e+02 3.170911602122396857e+02 2.495281639384842833e+02 2.874481813151649021e+02 3.544526050966473463e+02 3.542593068145873758e+02 3.048743002789586853e+02 2.451710818672111429e+02 1.581102437594031755e+02 2.238820137071520548e+02 1.376750322759168910e+02 2.345130892840872150e+02 2.844174586483098324e+02 3.125320801751733484e+02 2.952040993027554805e+02 3.896797100409776249e+02
