output/example/elevation_000002.asc
nrows	75
cellsize	13.33333333
xllcorner	0
ncols	75
yllcorner	0
NODATA_value	-9999
[rows 17 to 33 of 75, columns 0 to 36 of 75]
1.309999999999999880e-02 1.001270022077571653e+01 9.465075890073753939e+00 4.193446013185299748e+00 1.087340271843491246e+00 1.076523854008310899e+01 1.236515209469333954e+01 1.233477247616589523e+01 2.170200622510836119e+00 1.151500683193869179e+01 1.608106239033311624e+01 1.877804280390279601e+01 2.171766179175303435e+01 2.480302088516259218e+01 2.548380076031038399e+01 2.506295358087730207e+01 2.894184795664235921e+01 2.999021718409227688e+01 2.592497041962617033e+01 2.763205450523164686e+01 2.113001378215192716e+01 2.899482621788778047e+01 3.182866107980289172e+01 3.909778590249075592e+01 4.893433204996907193e+01 4.564764309260168318e+01 4.164534370102793304e+01 4.344698255815760035e+01 4.741382769358114757e+01 4.129804100510577314e+01 3.112225665018258880e+01 2.626424684861304826e+01 2.272574698094119583e+01 2.965989777751886791e+01 3.320060328725666210e+01 2.990972342430969633e+01 3.272107366837027342e+01
1.379999999999999977e-02 1.001340019628010580e+01 3.269096332696017626e-01 6.410689350895930616e-01 9.982998172376456480e+00 1.097978010494074930e+01 2.064481432057991839e+01 1.361551134146089481e+01 3.538176184935772906e+00 1.352251489206509483e+01 1.537813571804676727e+01 1.614059151430399908e+01 1.614059449203109864e+01 1.485555862388797443e+01 2.563325283403591826e+01 2.546933315893571859e+01 2.767397978201210762e+01 2.359193664078167885e+01 1.588838401812433432e+01 1.767614984095376940e+01 2.763207122625404111e+01 3.506242956542019584e+01 4.193644987248294598e+01 4.592188488785077993e+01 4.537881900886978315e+01 4.003855596347597867e+01 3.192043019224360023e+01 3.371479646814297837e+01 4.182335794262762363e+01 4.539181268592042073e+01 4.015948980104777633e+01 3.603410954116615272e+01 2.965991214910357598e+01 1.969811227225196149e+01 2.703487097257839622e+01 2.289331629240233568e+01 3.273737507459178886e+01
1.379999999999999977e-02 3.269096332696017626e-01 3.269096332696017626e-01 1.017903061563751699e+01 7.611631963216834329e+00 1.818731336637306484e+01 2.064388339225179081e+01 1.070426992347319306e+01 1.361551399316808642e+01 4.903446538601936133e+00 5.650531908632355105e+00 6.387538142089649540e+00 6.387538142089649540e+00 1.614059450802336926e+01 1.727862999400461774e+01 1.537628414694116508e+01 2.246318715256581555e+01 1.342212008028296566e+01 2.359192596497451433e+01 2.763205449386590473e+01 2.161757414332301153e+01 3.151325368481874634e+01 3.593689920949593386e+01 4.575120197706521452e+01 4.054455993308729234e+01 3.167576619705367591e+01 2.629531105702059079e+01 2.809919950544442102e+01 3.532355314579680794e+01 3.977741315499816466e+01 4.479937133848167718e+01 3.558275311808772301e+01 3.352072879002803063e+01 2.703487428267614590e+01 1.689402364898258568e+01 2.470087976729850610e+01 2.875693870587693368e+01
1.290000000000000001e-02 1.001250022877177592e+01 1.032494415370597451e+01 1.442591220247351380e+01 1.807121512742841674e+01 1.653554494586428447e+01 2.474918852583010320e+01 2.064388339045400400e+01 1.694454981902615032e+01 7.098719495627377363e+00 1.537813562811558832e+01 1.614059153992047513e+01 6.387538142089649540e+00 1.614059450002730500e+01 7.422441040522565814e+00 8.333577660625461903e+00 1.833251563922777905e+01 1.177509194235926593e+01 1.907490423083687148e+01 2.907529053931961371e+01 3.151325367685999979e+01 2.604480297437185499e+01 3.305025660409966548e+01 4.297116878665220696e+01 3.654118178615652823e+01 2.681015879340097285e+01 2.182632826078803134e+01 2.839235873581299074e+01 2.645448294312544490e+01 3.387032186119083121e+01 3.787643847193650259e+01 3.558296621019194106e+01 2.614894078864447025e+01 2.893924049710968660e+01 2.470138656963332480e+01 1.451230345794612653e+01 2.467506005434170646e+01
1.290000000000000001e-02 2.438256250363331823e+00 4.938256250363335376e+00 1.493753811121603370e+01 2.297897143120995267e+01 2.620664252283025775e+01 3.041565836165527870e+01 2.514114636147063919e+01 1.510412176432936882e+01 9.686944388618435653e+00 1.973119810105365701e+01 1.614059451753392338e+01 1.614059450402533002e+01 7.422441040522565814e+00 7.422441040522565814e+00 1.727862998205300116e+01 9.712207019868705160e+00 1.989422297025316766e+01 2.017143085972933747e+01 2.725949037869922265e+01 3.715467834013886517e+01 3.593689908235384678e+01 3.304651063907468256e+01 4.289514963181173357e+01 4.054449025124646511e+01 3.568809224088220589e+01 2.839235871070422590e+01 1.840745781120292435e+01 2.582178395383931502e+01 2.401292446198847230e+01 3.338710639384085965e+01 2.774623294916174032e+01 2.381543678386049123e+01 2.001598847583626295e+01 2.312970483790875775e+01 1.310562515205490541e+01 1.893648101540608053e+01
1.309999999999999880e-02 1.001270022077571653e+01 1.493747954718388193e+01 8.860578953152334236e+00 1.885939304435790476e+01 2.768160728336580334e+01 3.213745938142108827e+01 2.923249823812492565e+01 1.973138968172921182e+01 1.299214052612885695e+01 2.310072358658845459e+01 2.616097146887101488e+01 1.865765666028221759e+01 8.617947022578448468e+00 1.727862889768459098e+01 2.140843228156334987e+01 1.989422302020719613e+01 1.212121645754540644e+01 2.233604204387763303e+01 2.766883204399401563e+01 3.065783260747054939e+01 3.471293851285609122e+01 4.289520799256704464e+01 4.679356663695441654e+01 3.968538090236166482e+01 2.993788678014617588e+01 2.425107975138002203e+01 2.582178393446439557e+01 1.575512783919043081e+01 2.348696206346815174e+01 2.348696000835744968e+01 2.382344275834519820e+01 1.534963996979180934e+01 2.061508755187007225e+01 1.996332312088528838e+01 1.199684615980796387e+01 2.080888214615256615e+01
1.349999999999999985e-02 7.084563864982920123e+00 1.708321262280122355e+01 1.885939301953458980e+01 1.357462413185622019e+01 1.804675972886512270e+01 2.804262710358279520e+01 3.379267070147201224e+01 2.720048113805029644e+01 1.756156815033272878e+01 2.720048299825004889e+01 2.720083292202420466e+01 1.713779956923478309e+01 9.890875471682489817e+00 2.008522388494719380e+01 2.652553698028986773e+01 2.643278261199249712e+01 2.233604202691449103e+01 1.480125627910180697e+01 1.769049897265120919e+01 2.074449163251437511e+01 3.065854093855712037e+01 3.997699076351656089e+01 4.488571508337081895e+01 4.370564215996093793e+01 3.808115489426621281e+01 3.405253302120761560e+01 2.978534261066522859e+01 2.348696202975979830e+01 1.344864936027955693e+01 2.135107958204715572e+01 2.337832103898546521e+01 2.018033559356036477e+01 1.145028850064388948e+01 1.182116398838278748e+01 1.794186526450897645e+01 1.068373579749458813e+01
1.349999999999999985e-02 1.001310020478359064e+01 1.763091479475004775e+01 2.217152124385494361e+01 2.357234202521188138e+01 2.768070701160321079e+01 2.804262878486906274e+01 3.800871795933691288e+01 3.165826928728352385e+01 2.467421074196760955e+01 3.165826882839931500e+01 2.514116031844753607e+01 1.503041209417864543e+01 2.008524748297543638e+01 1.221481440222887649e+01 1.741762378141197587e+01 2.743853849614796658e+01 2.897935385406874786e+01 2.490146549058145098e+01 1.857686898003138509e+01 2.853892975651388753e+01 2.604961656747265053e+01 3.100174535344129723e+01 4.090048230629780335e+01 4.553847741191144394e+01 3.979932332734023959e+01 3.572769691533849112e+01 3.338706150590587640e+01 2.348695504032454906e+01 2.135107962022114947e+01 1.148024338215528140e+01 1.429079550012644262e+01 1.562528832262678691e+01 8.894167395940629106e+00 9.087329649890572014e+00 9.349814879182986260e+00 9.692581075411935032e+00
1.359999999999999924e-02 3.549133905929276800e+00 8.021271515701849708e+00 1.509329404260053664e+01 2.511885328256888172e+01 2.816646356267677476e+01 2.925863925006323285e+01 3.334965223493138353e+01 3.643858114605677656e+01 3.460643751490562892e+01 3.144300942939294785e+01 2.148044472197074128e+01 2.514116933530419118e+01 2.421915927602962881e+01 1.408538771058611339e+01 2.421994605284496771e+01 2.743801966934607961e+01 3.732612597869549376e+01 3.260068802463077731e+01 2.358584221899485200e+01 2.358584959183113483e+01 3.349659528702568423e+01 3.997698915394521890e+01 4.488571479933626307e+01 4.153174427611831732e+01 3.148047903983353280e+01 2.561837117220310489e+01 2.989066581274744649e+01 2.800728017573232265e+01 1.715831611312134442e+01 1.017948039590554465e+01 1.721723305243055080e+01 8.446765272124572732e+00 1.829722840128793493e+01 1.909473892272452389e+01 1.104691204753972400e+01 1.974297619090651779e+01
1.369999999999999864e-02 1.001330020426373224e+01 1.761835302360111655e+01 2.214329650746959643e+01 2.521633872589141845e+01 1.816889853529694321e+01 1.926279827762494179e+01 2.712410566017791069e+01 2.584397013568099410e+01 3.646546972260366459e+01 3.550348386430874115e+01 2.853978037445864757e+01 3.233443421301973331e+01 2.239682331058746101e+01 1.776830983006192355e+01 1.756383409445551180e+01 2.754819463730959228e+01 3.522021250108570456e+01 3.751545549084386977e+01 3.059565299945544581e+01 3.059652727699348418e+01 3.059672913692637408e+01 4.050092547025533207e+01 4.323439897262599629e+01 3.881638416075406184e+01 3.455531084723340740e+01 2.989066560100114955e+01 1.977317473963202943e+01 2.512053116143376386e+01 2.316222796219951618e+01 1.798298495383483342e+01 8.283128861335679716e+00 8.476732081720035339e+00 2.070331982801372561e+01 2.496630931954736710e+01 2.188753437363697785e+01 1.690504982481347440e+01
1.290000000000000001e-02 7.083963865500037649e+00 1.708261272586705104e+01 2.188698362541571996e+01 1.776370165847253091e+01 1.109777291928144116e+01 1.411288641645280606e+01 1.745136370302700612e+01 2.461162487010753708e+01 3.483344917479395519e+01 4.142074308346921185e+01 3.845987893599257745e+01 3.637945066744826050e+01 2.774863438066012478e+01 2.226966541291218959e+01 2.754819535450672774e+01 2.125433481727155893e+01 2.826869536730714572e+01 3.816906725088504970e+01 4.047473087152483373e+01 4.049252997986274494e+01 4.050064288290585779e+01 4.450841926927108716e+01 3.899385840249528457e+01 2.829099396898295637e+01 2.382181062077983924e+01 2.579144439791477339e+01 2.512071800770229757e+01 1.498488372085909326e+01 1.859418620252839816e+01 7.991700120783554517e+00 1.443268312062667569e+01 1.003911586394806221e+01 1.297034172967345711e+01 2.202809678524083026e+01 3.040473811105163904e+01 2.828321332250136422e+01
1.379999999999999977e-02 1.001339593701740505e+01 1.285374608170582356e+01 1.481483887290084134e+01 7.764439578576565637e+00 1.776370188734982491e+01 2.411207090815834775e+01 2.759240048487989583e+01 3.178989326989357167e+01 3.331326029732306893e+01 3.149537804277422026e+01 4.142074315890903335e+01 4.163501734676626853e+01 3.623102708640984559e+01 2.799589287156476303e+01 3.467000285704477847e+01 2.476654731388207864e+01 2.935266128344508729e+01 3.924700042177282455e+01 4.245203449238230320e+01 3.842194040238786101e+01 3.713071331258323937e+01 4.113784784575130971e+01 3.821673613955790216e+01 2.715863489447835022e+01 1.937535711034028552e+01 1.501746709493061260e+01 2.118546375397104597e+01 2.098915199804424603e+01 1.062810880547698744e+01 1.706194627679025899e+01 7.991700120783554517e+00 1.765265889147424971e+01 2.162921017805254209e+01 1.790826887751486041e+01 2.255274729207633300e+01 3.181101327547883528e+01
1.359999999999999924e-02 1.001320018838153914e+01 2.854439104031567531e+00 4.815600455413405534e+00 1.481488837673727765e+01 2.188715564433407224e+01 2.644811053896954078e+01 3.053889460150967849e+01 2.924371724168742048e+01 2.333675149824190953e+01 3.331773016350342687e+01 4.304915593037718935e+01 4.867940708022956642e+01 4.191246423398743559e+01 3.789858349902473833e+01 3.872173759519284886e+01 2.971631983442981095e+01 3.872171001967414838e+01 4.324293526338246352e+01 3.842283862869283695e+01 2.857760469231586953e+01 2.730170484538441400e+01 3.250119978214568306e+01 3.653683431009716287e+01 3.094854397366421139e+01 2.717578288936256214e+01 2.118132056071162950e+01 1.080063648815367650e+01 1.798438755040445614e+01 7.674186507157988224e+00 7.674186507157988224e+00 1.644040541215520435e+01 9.930874802468498075e+00 2.578264806203080894e+01 2.646574949533298593e+01 3.047913470440143513e+01 3.594757405581943033e+01
1.359999999999999924e-02 1.176076387438191651e+00 1.117557070397357855e+01 5.011094568100317836e+00 1.500995812079397673e+01 1.891144122189727739e+01 1.645507231489768429e+01 2.478886118412680872e+01 1.925428923357683431e+01 2.924366358923361631e+01 2.910941530095017171e+01 3.487817341048163655e+01 4.478156274133879577e+01 4.397737385163020463e+01 4.505541580239393085e+01 4.364697958295234770e+01 3.963127037438223255e+01 4.364698149059872634e+01 4.212180643055295093e+01 3.804496639261608237e+01 3.145649332488442340e+01 2.156669647204642715e+01 2.261910123880087298e+01 3.085288508865772528e+01 2.717354117123366208e+01 1.703218458962800597e+01 1.978507423884108363e+01 1.463225409038877345e+01 7.362537551361413080e+00 8.853256477606100461e+00 1.170597935872433304e+01 8.505965988227705665e+00 2.076519067652584027e+01 2.808790819207584022e+01 3.448737975338168127e+01 3.189026043255299925e+01 2.767074156449542244e+01
1.319999999999999993e-02 1.001280021878122639e+01 1.530526654723058400e+01 1.500995802330125706e+01 7.247162545599062256e+00 8.913829212262854185e+00 1.068159616521611888e+01 2.067860683146594880e+01 1.667230081277986997e+01 2.374270826810346335e+01 3.371958802472288852e+01 4.304915572438275007e+01 4.098903321962325919e+01 3.401145826626809310e+01 3.510252528893862234e+01 4.505541746894920863e+01 4.554766282606109229e+01 4.145998567242092037e+01 3.804594591699241590e+01 2.809304244722739696e+01 3.097904413259513490e+01 2.679312143603396734e+01 1.660173959611013927e+01 2.679440956904723592e+01 2.723953155822820804e+01 1.704227910128118140e+01 1.025888588166932358e+01 7.053949643467445796e+00 1.409337778072570657e+01 8.816212967225693475e+00 1.468808614842859583e+01 8.988482932004140835e+00 1.697891631020534930e+01 2.021691409166839293e+01 2.830772707380178588e+01 2.411150589601035321e+01 1.761301741107836349e+01
1.019999999999999900e-02 7.081263865139441727e+00 1.707991277932865160e+01 2.136457218935709790e+01 1.431815090542890978e+01 1.598477800923954639e+01 2.067859693084069761e+01 1.351002328636225158e+01 2.350537271220100877e+01 2.666480355422370963e+01 3.661536712394642024e+01 3.602345282168133878e+01 3.193883501097160149e+01 2.694960449404241132e+01 3.692891242399527840e+01 4.362747688315343453e+01 4.145976594323980891e+01 3.126465956844561589e+01 3.425000698081949224e+01 3.100632681156898585e+01 2.105665550300057731e+01 1.731560573814157777e+01 1.381595260551523019e+01 2.140738972117949501e+01 2.545038225833474854e+01 2.080139504396735717e+01 1.599405939817975764e+01 6.837908296611705516e+00 9.135748769183463125e+00 1.022222503889449641e+01 2.055148522293806579e+01 1.886089397178088944e+01 1.011828662069293294e+01 2.021700580840237649e+01 2.260828791964496176e+01 1.414050475873158419e+01 1.414050475873158419e+01
7.249999999999999500e-03 7.078313965886063208e+00 1.707697863464902355e+01 2.673976277171403027e+01 2.431250967711766720e+01 2.597735165188124995e+01 2.760601903109185784e+01 2.350537271733432476e+01 2.760603353560086859e+01 3.021226367466896079e+01 3.195477730261088567e+01 2.786071045676795777e+01 2.195026083098995429e+01 3.193883502205765623e+01 3.550942782523561192e+01 3.368372164140534153e+01 4.362747688787256095e+01 3.425029206632957113e+01 2.408381851398044304e+01 2.881577299947851856e+01 3.099598643501667183e+01 2.745108000934276404e+01 2.140741029994972422e+01 1.105938539167869727e+01 1.881265571519965363e+01 1.620335960445256163e+01 6.390540964341500541e+00 8.392487781151324100e+00 1.319926398412974855e+01 1.028459190813571666e+01 2.271512605401025198e+01 2.439739823959077114e+01 2.021567154831406654e+01 1.157628122162364903e+01 1.264273418799136017e+01 2.260830488327778554e+01 1.414050475873158419e+01
