output/example/elevation_000047.asc
nrows	75
cellsize	133.333333333
xllcorner	0
ncols	75
yllcorner	0
NODATA_value	-9999
[rows 0 to 16 of 75, columns 37 to 73 of 75]
5.066361702352191401e+02 5.103271554165058888e+02 5.103271554165203838e+02 5.396165428771428196e+02 4.783475791780729196e+02 4.369261506494183891e+02 4.485851913559264403e+02 4.071637753192335936e+02 4.071637753192335936e+02 4.035131667912688727e+02 4.449345803672754300e+02 4.210662359234735277e+02 3.796448327260237079e+02 2.947203849439808323e+02 3.947204026192783317e+02 4.513916756533103580e+02 4.431288085241468480e+02 4.557276286111639365e+02 4.686375781814183483e+02 4.818829077631388031e+02 5.233043499494874595e+02 5.940151489649300629e+02 6.436724899307674832e+02 6.022509846450623172e+02 6.436724899308893555e+02 7.014077091183638686e+02 7.484848285402084684e+02 7.484848281611120910e+02 7.899062898828259449e+02 7.443850086319284856e+02 7.029633601461641774e+02 7.443850091828400082e+02 7.414338646565178124e+02 7.000123001586724740e+02 7.000123001835040668e+02 7.146570337645689506e+02 7.146570337645690643e+02
4.566361198987971761e+02 4.103270560182934901e+02 4.103270560182934901e+02 4.396164070127052810e+02 4.206125068148981541e+02 3.369261116257223421e+02 4.071637753192335936e+02 3.071637465251307617e+02 3.071637465251307617e+02 3.035131425879824860e+02 3.553127528941576543e+02 3.649801190228413361e+02 2.796448177150922447e+02 3.796448327260237079e+02 3.099702419772416988e+02 4.099702628326664353e+02 3.431287785522632703e+02 3.557275943192749992e+02 3.686375388067386325e+02 3.818828623776848872e+02 4.525935509340441740e+02 5.431073218621221486e+02 5.487986381011812682e+02 5.022508010019062681e+02 5.599858819212447543e+02 6.599861886593554345e+02 6.484843404758260021e+02 6.484843404757961025e+02 7.484848281421938054e+02 6.943847516365077581e+02 6.029629454486262148e+02 6.943847529889638963e+02 7.000123001301092245e+02 6.000119053122488140e+02 6.000119053122499508e+02 6.146566092810905957e+02 6.146566092810905957e+02
4.152146986244172240e+02 3.396163651746699088e+02 3.396163651746699088e+02 4.396164070127052810e+02 3.791911012001142467e+02 2.791910838264697077e+02 3.650707769205449722e+02 3.236493876315784064e+02 2.364530673476403422e+02 2.457781154300435844e+02 2.553127413224996189e+02 2.649801062129565139e+02 3.649801190228413361e+02 4.210662359234646033e+02 4.099702628326664353e+02 3.255876181661037094e+02 4.255876428810348102e+02 4.557276286111639365e+02 4.686375781814183483e+02 4.818829077631388031e+02 4.016858132402730348e+02 5.016858698280991575e+02 4.487985414026792910e+02 5.487986381011812682e+02 6.048132367517534931e+02 6.306331864131607290e+02 5.777734515133014384e+02 6.777738052297196418e+02 7.136246253293099926e+02 6.529631527633957830e+02 5.529628673426608430e+02 6.529631527190520046e+02 7.110783598466703097e+02 6.293013428487075771e+02 5.293011195893394643e+02 5.439457942237188490e+02 6.439460554907682308e+02
3.392412046615303893e+02 2.818813371630662914e+02 3.818813559385417307e+02 4.035960096936593118e+02 3.383662650609675211e+02 2.383662547676176757e+02 3.114324421848768907e+02 2.236493793543505717e+02 3.236493876315784064e+02 3.457781258985325508e+02 3.553127528941576543e+02 3.649801190228413361e+02 3.097014657933112858e+02 4.097014889116909444e+02 4.670090612951402136e+02 4.255876428810348102e+02 3.648108452425335031e+02 4.026072929275935053e+02 5.026073575552175043e+02 5.431073218626708012e+02 5.016858698280991575e+02 4.225372546635320532e+02 5.225373261361414734e+02 4.812428271187239943e+02 5.048130557401110536e+02 5.306329513663943089e+02 6.306331864131607290e+02 7.191953271054677543e+02 6.429136269219058022e+02 5.722026613890262752e+02 5.196295180004144640e+02 5.696564823224193788e+02 6.696567992997629517e+02 5.939459248572436536e+02 4.939457743654356818e+02 5.939459248572436536e+02 5.940777724902402497e+02
2.392411938698611493e+02 3.392412046615303893e+02 3.431497186518932949e+02 3.328852993326158298e+02 2.621745889716012243e+02 2.030109157080546254e+02 2.114324349187199061e+02 3.114324421848768907e+02 2.736493793914682442e+02 3.443600603438969756e+02 4.443601069357795268e+02 4.511229033930153491e+02 3.674364941029369902e+02 3.804121482724797261e+02 4.804122123158400655e+02 5.062323216527354361e+02 4.148108468637881856e+02 5.026073575552151169e+02 4.733179906587744199e+02 5.733181443499316856e+02 5.603338162652689789e+02 4.603337029580072794e+02 4.725372588941357890e+02 5.725373933710804977e+02 6.048132367517534931e+02 6.013437478341370479e+02 6.720547042316082980e+02 6.204974557001327184e+02 5.790759371045083981e+02 5.014919044386231803e+02 4.880067359751067784e+02 5.880068824321997454e+02 6.380652752817281907e+02 5.710043169455648240e+02 4.710042003634441699e+02 5.124279827837217454e+02 6.124281811319546023e+02
3.109569303617236073e+02 3.138604098694107165e+02 2.431497035535887221e+02 2.801772625864684301e+02 1.914639103242619456e+02 2.621745889716012243e+02 3.114324421848768907e+02 2.930820950749837834e+02 3.736493958716889097e+02 3.443600603438969756e+02 4.443601069357796973e+02 5.088579854843639509e+02 4.674365455112665586e+02 4.804122123158400655e+02 5.218336585135721180e+02 5.562323864938360884e+02 5.148109247908998896e+02 5.562323864928827106e+02 5.733181443499316856e+02 6.147396346724616478e+02 6.017553026145149033e+02 5.103337162207490678e+02 5.725373933710804977e+02 5.357828529557068578e+02 6.357831076519233875e+02 7.013441462649345794e+02 6.334731513582503339e+02 5.627623046326506255e+02 4.790757960236351778e+02 4.514918969639537067e+02 5.514919917840159087e+02 6.040076832462831362e+02 5.625861836380839804e+02 4.966435807406014078e+02 4.491824111750166253e+02 4.869788601775962320e+02 5.447139184651547339e+02
3.030456463224870731e+02 2.616242679274733973e+02 1.724390250392583255e+02 1.801772573645997966e+02 2.801772625864684301e+02 3.328852993326158298e+02 4.035960096936006494e+02 3.930821234268569810e+02 4.345035359317858479e+02 4.443601069357796973e+02 4.857815386637020652e+02 4.880515474771678441e+02 4.587621811731989965e+02 4.599286594234683321e+02 5.013500990782526969e+02 5.210929941618343264e+02 4.796715453562809444e+02 5.204964084948127265e+02 5.619178808295480394e+02 6.196530347528466791e+02 6.517554325418414010e+02 6.103339163204406077e+02 6.517554323798633504e+02 6.064936711857596947e+02 6.772045982536742486e+02 6.353298815541552358e+02 5.853297573166628354e+02 4.920514581562670742e+02 4.213407623768457597e+02 5.213408287323730974e+02 5.929134893238980339e+02 5.462725489595898125e+02 4.625860640146776177e+02 4.259328833826730261e+02 5.259329535052086158e+02 5.308321173393038634e+02 5.686286046057348358e+02
2.510242886720363913e+02 1.616242636305406677e+02 2.616242679274733973e+02 2.801772625864684301e+02 2.379122843511477470e+02 2.956473119624736228e+02 3.956473391783951001e+02 4.232624171031254150e+02 3.818410086252369524e+02 4.057930958073023930e+02 4.350824477208673784e+02 3.880514683946609011e+02 3.587621321567218615e+02 3.599286148872724311e+02 4.171007300767469133e+02 4.325310692775273651e+02 3.796714944453347016e+02 4.204963249864518957e+02 4.782313674197184241e+02 5.782315282953846918e+02 6.232560588460848976e+02 6.341950803643693462e+02 6.756166159392785175e+02 7.064940624027979084e+02 6.646192452029464448e+02 5.646189340168397166e+02 4.939081812889280627e+02 4.439081733485198242e+02 4.030833437910690691e+02 5.030833980321273202e+02 5.270275182334271449e+02 4.856060679729561116e+02 4.048510323097564196e+02 5.048510876545154247e+02 4.966435807406014078e+02 5.673543412420394816e+02 6.308323529513656922e+02
1.510242848304769154e+02 2.510242886720363913e+02 2.432739227986588730e+02 3.432739403546650010e+02 3.379122965463129731e+02 3.793336915268848202e+02 4.370687531105046446e+02 3.655273609314813257e+02 2.818409892116787887e+02 3.057930672962521612e+02 3.350823975282908123e+02 3.689822133992769295e+02 2.880514515588022846e+02 3.021935871825356230e+02 3.171007070325436530e+02 3.325310420287889883e+02 4.325310692775273651e+02 4.792047895513696290e+02 5.015654826868419036e+02 5.258190642809412338e+02 5.232558272712278722e+02 5.341948289336552307e+02 6.317632432281660613e+02 6.894984638910358399e+02 6.405355927794059880e+02 5.991140720961993793e+02 5.575720105638966970e+02 4.575718898936493133e+02 3.868612016776036739e+02 4.868612471184916899e+02 4.674989107296526072e+02 3.856060233362757117e+02 4.856060680305953383e+02 4.865007159455401506e+02 5.865008783498597040e+02 6.380652752817301234e+02 7.087762093214203105e+02
2.217349632340485925e+02 2.217349632340486210e+02 3.217349753771856058e+02 3.846953390839941562e+02 3.840730084277993228e+02 3.426516113827491381e+02 3.504517891654670620e+02 3.090304020077904852e+02 2.241059621321797124e+02 2.350823881311488890e+02 3.350823975282908123e+02 2.689821997738894765e+02 3.689822133992769295e+02 4.021936067915212334e+02 4.171007300767469133e+02 4.325310692775273651e+02 3.587923286030111854e+02 3.792047431327695790e+02 4.015654229369843051e+02 4.258189855689341812e+02 4.525451103154967996e+02 4.903415622665560250e+02 5.480766330800129253e+02 6.480769172520006123e+02 5.828004197050704533e+02 4.991138785362036288e+02 5.421416569435157271e+02 4.421415526940082259e+02 3.714308666813025752e+02 4.503490459385884606e+02 3.674988741277319377e+02 4.674989107296526072e+02 4.672557009520087945e+02 5.672558381230729765e+02 6.279223912861922372e+02 6.766704538808274947e+02 6.766704538808274947e+02
3.217349753771856058e+02 3.217349753771856058e+02 3.631563679362022299e+02 3.337822745327404164e+02 3.263379596179092346e+02 2.426515985688940873e+02 2.943656894638008907e+02 2.090303949032913522e+02 3.090304020077904852e+02 3.350823975282908123e+02 2.513045302442253330e+02 3.513045414609619002e+02 3.267172270901938305e+02 3.974279129106994901e+02 4.974279934726217220e+02 5.002138027175259367e+02 4.165273581695427083e+02 4.499154324706182706e+02 5.015654826868419036e+02 5.258190642809412338e+02 5.525452169792785071e+02 5.903417262662641178e+02 6.317632432281660613e+02 5.781387617054053862e+02 5.367172786149636750e+02 4.413788242411364990e+02 4.781333111678119394e+02 4.787515773888952140e+02 4.373301508923204324e+02 3.503490156134791391e+02 4.503490459385884606e+02 4.382095595609639531e+02 5.382096595542087698e+02 6.086773390702062443e+02 6.134246840412461097e+02 5.766701113488977626e+02 6.766704538808274947e+02
3.387150080576284950e+02 3.629867214849473953e+02 3.044929656851876985e+02 2.337822608333175367e+02 2.718421673387351802e+02 1.849165715759250475e+02 1.943656834011558487e+02 2.943656894638008907e+02 3.504517891654668915e+02 3.927259386037824811e+02 3.513045414609619002e+02 3.013045303174726541e+02 4.013045526044511462e+02 4.083668992980993835e+02 5.083669929353665680e+02 5.579489091332501403e+02 5.165274393299860094e+02 5.499155526489090562e+02 5.324702963111400322e+02 5.738917756028602071e+02 5.885095148084263883e+02 6.299310267336313700e+02 6.200618070237130723e+02 5.367172786149636750e+02 4.367171704985110523e+02 4.660065240464320482e+02 3.781332627689062633e+02 4.246810369150239239e+02 3.373301245153964487e+02 4.373301508923204324e+02 4.503490459385884606e+02 5.382096595542087698e+02 5.796311433153862254e+02 6.134246840412461097e+02 5.134244904142177575e+02 6.096921116689862856e+02 5.913417026843249005e+02
3.801364059043273755e+02 2.922760189106948019e+02 2.215653163387674454e+02 1.630715823736422294e+02 1.718421625667126307e+02 2.718421673387351802e+02 2.943656894638008907e+02 2.308805205684554664e+02 3.308805301177046658e+02 4.131267704372496610e+02 4.427259670703285224e+02 4.013045526044511462e+02 3.720152128225252568e+02 4.720152739389302496e+02 5.497884587262354898e+02 5.134622001631474859e+02 4.720407535918079702e+02 4.508205468451409388e+02 4.324701844022496289e+02 5.177987085545657919e+02 4.885093335978801292e+02 5.885095148084263883e+02 5.493509697785738126e+02 4.786401325334313128e+02 4.660065240464320482e+02 3.660064814009995189e+02 4.125542528690046993e+02 3.246810138747226233e+02 4.246810369150239239e+02 4.189797926966446653e+02 5.189798814603764185e+02 5.917706623657492173e+02 5.870464382564745165e+02 5.456249501287162502e+02 4.780691465491194094e+02 5.096919265401571693e+02 5.804026879063969773e+02
2.803237307268246354e+02 2.389023552095210903e+02 1.508546379380115638e+02 2.508546417596368485e+02 2.718421673387351802e+02 2.189826146513258038e+02 3.189826236686421339e+02 3.308805301177046658e+02 2.717053496260930388e+02 3.217053499441430517e+02 3.794403803178624912e+02 4.794404469111349272e+02 4.720152739389302496e+02 5.134367213181277521e+02 4.833110351628616286e+02 4.418896031771367348e+02 3.720407006687745479e+02 3.508205097084233444e+02 3.824432865197734941e+02 4.177986266134354878e+02 5.177987085545657919e+02 5.394195254324238249e+02 5.079295034986973860e+02 4.079294248839573811e+02 4.446839005750026672e+02 4.125542528690046993e+02 3.125542326229056584e+02 4.125542528690046993e+02 4.661024580258584251e+02 5.189798814603764185e+02 5.284406684006008845e+02 5.698621456293158190e+02 5.456249501287162502e+02 4.456248615305043472e+02 5.456249501287162502e+02 6.096921116689862856e+02 6.096921116689862856e+02
2.271172417931933865e+02 1.389023518446674643e+02 2.389023552095210903e+02 2.922760189106950293e+02 3.604040141768527405e+02 2.896932939213751865e+02 2.896932939213751865e+02 3.896933207773115555e+02 3.424160304139005007e+02 3.424160304139005007e+02 4.424160763319665080e+02 5.208618986899658694e+02 4.809643908127343366e+02 4.395429583023609439e+02 4.255759619587551015e+02 3.418895655510277152e+02 3.143056724860645090e+02 3.850163548962968321e+02 4.824433405246738857e+02 5.177987085545657919e+02 5.101302098536017979e+02 4.394194097737405400e+02 5.101302098534380889e+02 4.446839005750026672e+02 3.446838672981043032e+02 3.946838839365532863e+02 3.043063716344822183e+02 4.043063902106136993e+02 4.339872392406634845e+02 4.467909309982250647e+02 4.284405712665712826e+02 4.868873979743526093e+02 5.019629733683919426e+02 4.252124469670877147e+02 4.959231447089101152e+02 5.959233185956027228e+02 6.461142763513048521e+02
1.271172388248915155e+02 2.271172417931933865e+02 2.140083218260444653e+02 2.847190032658483574e+02 3.847190367243147762e+02 3.896933207773116123e+02 3.896933207773115555e+02 4.311147344322752701e+02 4.424160763319665080e+02 4.424160763319665080e+02 4.838375104611124016e+02 4.461208042126025362e+02 4.046993865379116642e+02 3.395429134985297992e+02 3.578932636274136598e+02 2.841545380261260334e+02 3.841545545347296979e+02 4.557271147594929062e+02 5.264378746227090460e+02 5.394195254324238249e+02 4.394194097737405400e+02 3.687087182168623372e+02 4.152564918579187747e+02 4.267394309735831257e+02 3.853180242482719109e+02 2.946838671479881668e+02 3.946838839365532863e+02 3.215837401461098466e+02 3.339872136050310019e+02 3.467909015983209429e+02 4.467909309982250647e+02 3.868873519773391081e+02 4.019629192069048713e+02 5.019629733683919426e+02 4.699338085746239813e+02 5.052891533533929191e+02 5.461140041636784872e+02
2.271172417931933865e+02 1.323586630085011393e+02 2.323586661410031979e+02 2.790468481800675136e+02 3.245603071980350478e+02 3.659817020421307348e+02 3.724457378365908653e+02 4.138671463486243169e+02 4.437600206142927277e+02 4.023386030975603376e+02 4.437600206139919123e+02 4.046993865379116642e+02 3.046993584113130851e+02 3.339886885307482771e+02 2.578932514541046430e+02 3.578932636274136598e+02 4.255759619587551015e+02 5.013944524577938751e+02 5.054384421492007959e+02 5.468599070092679995e+02 4.729915482411254857e+02 3.729914972075576429e+02 3.152564691578190263e+02 3.760332559265703480e+02 2.853180090321709486e+02 3.853180242482719109e+02 4.361052937845678912e+02 4.215837626020335733e+02 4.046978960833176302e+02 4.467909309982250647e+02 3.660359105713234840e+02 4.660359469776046808e+02 5.019629733683919426e+02 4.836126022436221206e+02 5.699339324847992430e+02 6.052893361847854976e+02 6.461142763513048521e+02
