output/example/elevation_average_000003.asc
nrows	75
cellsize	133.333333333
xllcorner	0
ncols	75
yllcorner	0
NODATA_value	-9999
[rows 34 to 50 of 75, columns 0 to 36 of 75]
3.337042190676853259e-01 3.255612772041517644e+01 6.409413719654349961e+01 9.483525727619975498e+01 1.214969942344189207e+02 1.377896009803990580e+02 1.383776627359165161e+02 1.386728499725741131e+02 1.422572869055282183e+02 1.427820764977433896e+02 1.451181802076829968e+02 1.389481390124190341e+02 1.441553230976204816e+02 1.472017380524964949e+02 1.494281992288933338e+02 1.496922295854217566e+02 1.497399511485839128e+02 1.497482851433643418e+02 1.498477660392262294e+02 1.495433576669766751e+02 1.495280032391225404e+02 1.495247436326889670e+02 1.497931156018535717e+02 1.496221294853157815e+02 1.496044430469261215e+02 1.497235554897577572e+02 1.497241590295074900e+02 1.496161081768973418e+02 1.495982387229907147e+02 1.498433082640416103e+02 1.495752772398942909e+02 1.497239069550766715e+02 1.498502996340305060e+02 1.496020150622659628e+02 1.495223818381816443e+02 1.496774927215096511e+02 1.495866923274770386e+02
7.136489310454718904e-02 6.851736375093268805e+01 1.011662675418001669e+02 1.171475475236019719e+02 1.284384460694191148e+02 1.234348639594738728e+02 1.363460406127526596e+02 1.456088177648414046e+02 1.475050090772116391e+02 1.479214649873661358e+02 1.478161726637654283e+02 1.477204295072001230e+02 1.465149313850236297e+02 1.492515392564459660e+02 1.489403785183369848e+02 1.493206469228175024e+02 1.495267590722615694e+02 1.498278099361858153e+02 1.497129499337864331e+02 1.497914520837916825e+02 1.497466980187111005e+02 1.497207775782555927e+02 1.496807736465116534e+02 1.496623931032167434e+02 1.498289905044659349e+02 1.497200772387612915e+02 1.499299094967009012e+02 1.497180579668815028e+02 1.498446780957038698e+02 1.497730291857567977e+02 1.496255213099300079e+02 1.498395335657884289e+02 1.496831223846174339e+02 1.496672055454340295e+02 1.495544886636650119e+02 1.496749564090366391e+02 1.498144362463201560e+02
9.059049790830050464e-01 5.029795410466815042e+01 9.617196734088847165e+01 1.155665118585979485e+02 1.002225106671006927e+02 1.297398210668752654e+02 1.422875708977593376e+02 1.465092825476278904e+02 1.471192933722293219e+02 1.471345953010865912e+02 1.492735086703026468e+02 1.494248056429388214e+02 1.493748791009533079e+02 1.490468683772280656e+02 1.495552070018295012e+02 1.494678399024488726e+02 1.496330991790093492e+02 1.498087690826935159e+02 1.497877897378089926e+02 1.499336404195472880e+02 1.497271630956018100e+02 1.498785513905054643e+02 1.498106447993577035e+02 1.495491131190368606e+02 1.497244401119488373e+02 1.495245218037825907e+02 1.497147802872248690e+02 1.497508453235576269e+02 1.496287626133747608e+02 1.496059059511667613e+02 1.495224306674365380e+02 1.497036313260991278e+02 1.497172731579148035e+02 1.497287312961003352e+02 1.495007602768661457e+02 1.496570427481985632e+02 1.495776982333943863e+02
3.236511337782697062e-01 6.877362527388459057e+01 9.932119639487304141e+01 7.577890732545390051e+01 1.167327436242897249e+02 1.284530795585007468e+02 1.410871432354811361e+02 1.425814853985672244e+02 1.398434050564023039e+02 1.473697210261777855e+02 1.481142929686957643e+02 1.492055305591394188e+02 1.495906902719491711e+02 1.496213217024162816e+02 1.495396644439820477e+02 1.496909933744144894e+02 1.498734932608118129e+02 1.498224511001610892e+02 1.495410332482115336e+02 1.497355098199131191e+02 1.496788635104992693e+02 1.498777917979280971e+02 1.499323715903655625e+02 1.497950778783533679e+02 1.495724338111514271e+02 1.496649448591116993e+02 1.495142188075480476e+02 1.498025361952836647e+02 1.498015102765231745e+02 1.495219673433406342e+02 1.495044844037859093e+02 1.498176736160878022e+02 1.497502222767371052e+02 1.495030033536852443e+02 1.495451115600539822e+02 1.498290529621857559e+02 1.496049621918004107e+02
7.051176975622763798e-01 6.898170208454023111e+01 4.879435868189780479e+01 9.863232448772899374e+01 1.200171354502487588e+02 1.384559637743927283e+02 1.388929965864538758e+02 1.250820550795309032e+02 1.392343127738479041e+02 1.405730959404700116e+02 1.463823185700711349e+02 1.480381035378827335e+02 1.494583926535646299e+02 1.496746873252535579e+02 1.497959816168498151e+02 1.498054591658031711e+02 1.496129001444783739e+02 1.496053420093612090e+02 1.495361416876883993e+02 1.496772263039360382e+02 1.497909809619179953e+02 1.497601549966889820e+02 1.498201490322112193e+02 1.497831105687125444e+02 1.496178877750213303e+02 1.497708638635404270e+02 1.496664216807558034e+02 1.496419775482275440e+02 1.496327763409523186e+02 1.496628300932508751e+02 1.495695562411852677e+02 1.498359825267999383e+02 1.499082396517034113e+02 1.497595853357658200e+02 1.495354637037470980e+02 1.497207192596643779e+02 1.497306955731742164e+02
2.762602726440547274e-01 2.185253426024843648e+01 8.331874162032153208e+01 9.463236903129644872e+01 1.209675984172393726e+02 1.329261649504583147e+02 1.300505807905861104e+02 1.078247518545464061e+02 1.172875935165264423e+02 1.362219393891482184e+02 1.429470589795750755e+02 1.473112275875600687e+02 1.489584025293891330e+02 1.494195119746960643e+02 1.493799751196470424e+02 1.497314021848705465e+02 1.497139265743340673e+02 1.495407789910379392e+02 1.497210327745926008e+02 1.495466926086194803e+02 1.495395563913350259e+02 1.497726499250412928e+02 1.499752005209100787e+02 1.497552539880055917e+02 1.497631402947745585e+02 1.497087827147398684e+02 1.496406755767900734e+02 1.496523407484220343e+02 1.495619674376052330e+02 1.496911933053336838e+02 1.495362270004683296e+02 1.495577172959900167e+02 1.497698763376513114e+02 1.497627740618293330e+02 1.497006217859131425e+02 1.496632773747816998e+02 1.495308699973515161e+02
1.850613594792993588e-03 1.808899341540950800e+01 7.971948621477379504e+01 1.047173101054002302e+02 1.134811493613741931e+02 1.202072155450057522e+02 9.436224073696865844e+01 1.254397898520093406e+02 1.393286351225453359e+02 1.283586429398234827e+02 1.352384604629591252e+02 1.451508177822516643e+02 1.481953028279573914e+02 1.488147869078061944e+02 1.495257887929902836e+02 1.498100209245564827e+02 1.496157917055375890e+02 1.496585247948574988e+02 1.498151763712623392e+02 1.495428601939269129e+02 1.497498123027603469e+02 1.498530913807583715e+02 1.499734785985204155e+02 1.499661462881392993e+02 1.498743121106373053e+02 1.496555254429476634e+02 1.495166329760654662e+02 1.497967839028367223e+02 1.495658288034170198e+02 1.498604486570680479e+02 1.496295418658500580e+02 1.497554282991443415e+02 1.495976467358546245e+02 1.497301373689408024e+02 1.495086783861403035e+02 1.495187679926146984e+02 1.496270383216140090e+02
5.933543570421615510e-01 6.885703841925788993e+01 4.038193472259355588e+01 5.452966084732396013e+01 6.751897735045710647e+01 7.941127521727966609e+01 1.172555890735510928e+02 1.346603938770246032e+02 1.439784976071085225e+02 1.442243506482244015e+02 1.457271988843819770e+02 1.418150803391291106e+02 1.455626080160151616e+02 1.479114656622207349e+02 1.490913117194051836e+02 1.497647635991927473e+02 1.497595792352765329e+02 1.496820803581825885e+02 1.498546520764667491e+02 1.496316884550406030e+02 1.498284024124264704e+02 1.499130730733974985e+02 1.497343494006766207e+02 1.497203271864179044e+02 1.497836279144971456e+02 1.495693405276851422e+02 1.495166324974873930e+02 1.495253290444825041e+02 1.497029820506360238e+02 1.496368377090915089e+02 1.498878248649896250e+02 1.496796882216020208e+02 1.498611379135378456e+02 1.496708108114845288e+02 1.497001484515813843e+02 1.497045876886750477e+02 1.496592591575078757e+02
5.242591108685094037e-01 6.282540926558861827e+01 9.500093203968877731e+01 1.048016731590295194e+02 1.134418067917684851e+02 1.206800403106992547e+02 1.282633316679335849e+02 1.414464835614121796e+02 1.438049849167781815e+02 1.402005109189184395e+02 1.472787287774626748e+02 1.481155182962239110e+02 1.470056912035942673e+02 1.490474824767484847e+02 1.496864297883002166e+02 1.498329064876317602e+02 1.497116205644486229e+02 1.495903093942579858e+02 1.497483618238758822e+02 1.495761877034159397e+02 1.496461047526829020e+02 1.498068978895749126e+02 1.498700293049558354e+02 1.499054002023553949e+02 1.496250427805680374e+02 1.495425222561745215e+02 1.496838646666303134e+02 1.496218556869132215e+02 1.498690795835552763e+02 1.496453093810828250e+02 1.498068470151915790e+02 1.495424873008520024e+02 1.495618429677220149e+02 1.495507305264676177e+02 1.496009820286179774e+02 1.497520035246122347e+02 1.497174004681020563e+02
2.245761403057450201e-01 6.862647224370849131e+01 9.206469645491405629e+01 1.036431059995780544e+02 1.136145121860432141e+02 1.218630177808348805e+02 1.280246700685049746e+02 1.352979008535961611e+02 1.296827697248649827e+02 1.439957693078974330e+02 1.460095499356812354e+02 1.482933838771606361e+02 1.491591600810710361e+02 1.490393752981509010e+02 1.496893741084089413e+02 1.497928111936612936e+02 1.496222280932568935e+02 1.497657675101238794e+02 1.498228301231910109e+02 1.497671009182363093e+02 1.498727647316086404e+02 1.497254851308823902e+02 1.497761416101686507e+02 1.496600413412810440e+02 1.498617636919540814e+02 1.498114962936142263e+02 1.498254155919960340e+02 1.495333275076384041e+02 1.495848942950672438e+02 1.495542585224520451e+02 1.498022070688833196e+02 1.496231819323646732e+02 1.496858281410889617e+02 1.497640632247610881e+02 1.498880531832443239e+02 1.498672393521035815e+02 1.498009769657726906e+02
6.918070203250719086e-01 2.019729877214455982e+01 3.843624742411044082e+01 5.554424986835073241e+01 7.169906021516399619e+01 8.688878117582154914e+01 1.013224744948074658e+02 1.141789573271687743e+02 1.314770274213435926e+02 1.431146819747928021e+02 1.481631524455151521e+02 1.490171617891898279e+02 1.493209187697102891e+02 1.497965108180263201e+02 1.494817051192084989e+02 1.495683181340840520e+02 1.495484796989840959e+02 1.497273982089857611e+02 1.496662020947451595e+02 1.498717017965447553e+02 1.495862920663537636e+02 1.495603716984367679e+02 1.495409046794650010e+02 1.495210775214981425e+02 1.497894877082345886e+02 1.497423857413331234e+02 1.497505048539080974e+02 1.495013980045166591e+02 1.495745220625199181e+02 1.496001581598681867e+02 1.497265339870567686e+02 1.498288573703403301e+02 1.497530029409156214e+02 1.495647445239616786e+02 1.497348506273892212e+02 1.495952839761296218e+02 1.497396144624142096e+02
7.517111381045206153e-01 6.907189896557554221e+01 9.239544246938648087e+01 1.035693191385387451e+02 1.136735766717034863e+02 1.223410940495842141e+02 1.296003642321203415e+02 1.360933082348475125e+02 1.408197621399393142e+02 1.457551113995292269e+02 1.474260254520143576e+02 1.489131875752175631e+02 1.494787001604632621e+02 1.497918004300802863e+02 1.496684249272223894e+02 1.495374262956566440e+02 1.496786877728654872e+02 1.497729020252148189e+02 1.497246344167068060e+02 1.497807884120514359e+02 1.496760086256835223e+02 1.495230171833431996e+02 1.495950850107575434e+02 1.495171064133784000e+02 1.497931444166821962e+02 1.496333753423624273e+02 1.496730330918995548e+02 1.495795855018729696e+02 1.496122525291825980e+02 1.496475752976800493e+02 1.497556626674421807e+02 1.497168050688438257e+02 1.495738405852467565e+02 1.498168480159870057e+02 1.498276307667874789e+02 1.497252039176515552e+02 1.497267571868770801e+02
8.558244295687547076e-01 6.911778581558783685e+01 9.165367705504478124e+01 1.032122094696378696e+02 1.132209705160969548e+02 1.219221991088731443e+02 1.296775209299311200e+02 1.359826561158234028e+02 1.407122955357363310e+02 1.369193591326635726e+02 1.434255318770162830e+02 1.472368682138064742e+02 1.492813340912688318e+02 1.497422487503911270e+02 1.499256795728793179e+02 1.497754422571286739e+02 1.496524592162866725e+02 1.495808429775846946e+02 1.495797078880189872e+02 1.496311898523049138e+02 1.497040711727645146e+02 1.495732165797609241e+02 1.498485291644337849e+02 1.495484039932120766e+02 1.498039031302301112e+02 1.495713878534321566e+02 1.498383351874614107e+02 1.496837902202660473e+02 1.495945752890111748e+02 1.495235957143227381e+02 1.497510345777824909e+02 1.498300541997460300e+02 1.495903144846172381e+02 1.497398073665085860e+02 1.495946033232801824e+02 1.496106486137334173e+02 1.495477072451430161e+02
8.802730031229742957e-01 2.006074800633845001e+01 3.786338109265486906e+01 5.467537032015752629e+01 7.026297008437209968e+01 8.609164817727331354e+01 1.002283198624397187e+02 1.133825379854648503e+02 1.250387235527686158e+02 1.406286925765349167e+02 1.465275844514006280e+02 1.488565015978607846e+02 1.494550492576406953e+02 1.495033060512145937e+02 1.497284746948750751e+02 1.497401444537321424e+02 1.495650323151228349e+02 1.497288379808776142e+02 1.496223686616229145e+02 1.495610882607062138e+02 1.496413854092000690e+02 1.498658640352022644e+02 1.498373678445058204e+02 1.497282461321831306e+02 1.495366702103583521e+02 1.495526060466191041e+02 1.496983753655456155e+02 1.495916253146963015e+02 1.498672741715778045e+02 1.497546299848237084e+02 1.498004048069007297e+02 1.497403385700426099e+02 1.496114970415907806e+02 1.498001191452457022e+02 1.496458602977944849e+02 1.496651465914185337e+02 1.496466910310446963e+02
1.825126015476009611e-01 6.812378104866097317e+01 9.213338208719562772e+01 1.032475089658267251e+02 1.132020997799072717e+02 1.106004549276064068e+02 1.294797738653001602e+02 1.310348677634650301e+02 1.398655406934580299e+02 1.444974832278829808e+02 1.481299019199206839e+02 1.491423938089785111e+02 1.488267066604811362e+02 1.489917258703009963e+02 1.495327175191074218e+02 1.494699413888577055e+02 1.498360299649791045e+02 1.499084954653847035e+02 1.498734694707071924e+02 1.496004290162907751e+02 1.498881159831636012e+02 1.497156242013417682e+02 1.497742529769696205e+02 1.496118058228449570e+02 1.496099083749911074e+02 1.497778054575323097e+02 1.497383666927541128e+02 1.496391007129635113e+02 1.496110118809514802e+02 1.495840290614534638e+02 1.497326020136021043e+02 1.495836656674823359e+02 1.496955012663847526e+02 1.497610863332899669e+02 1.496131121405603608e+02 1.498362219225184333e+02 1.498732460876116761e+02
2.234715563764334556e-01 5.453863623290191498e+01 1.026435020993820046e+02 1.066413599599814006e+02 1.134316309851224958e+02 1.226872804848693619e+02 1.354101634444240005e+02 1.433672810437124099e+02 1.454673333219647589e+02 1.459393646354924101e+02 1.469867147721873835e+02 1.481474653230886531e+02 1.461395977895163014e+02 1.478086349313299479e+02 1.489143545605670624e+02 1.497066274952315155e+02 1.497635419588890500e+02 1.498809595625833708e+02 1.498519299114330749e+02 1.497227275688913153e+02 1.498227836263305903e+02 1.499013588389668996e+02 1.496708101437248217e+02 1.497913911197054802e+02 1.497942903565417225e+02 1.497278643347287641e+02 1.498403595340039089e+02 1.497563449896919394e+02 1.495210375180147082e+02 1.495394743143092171e+02 1.495569635170279810e+02 1.497641950723647142e+02 1.497200761891555771e+02 1.496853086844665768e+02 1.497892772677656126e+02 1.495494669015243403e+02 1.496267898708409518e+02
8.205654311753158847e-01 6.910228013572135808e+01 8.832530189048888758e+01 5.460706785873934166e+01 6.880452031612065866e+01 1.156589937061737885e+02 1.309439945684599422e+02 1.422334850578550345e+02 1.425704581266306548e+02 1.332434830406446054e+02 1.386537394012473214e+02 1.426775524953850436e+02 1.482996977875089328e+02 1.491334928390490404e+02 1.491597402842945712e+02 1.495378636253943796e+02 1.495406928130230710e+02 1.496307022236334205e+02 1.499058595816122192e+02 1.497972675342822129e+02 1.499928015227928597e+02 1.498620791391645639e+02 1.495996811820471919e+02 1.496815591141433401e+02 1.499013988452834951e+02 1.498582156477729086e+02 1.496264963602426690e+02 1.496749364421554844e+02 1.495644804186179044e+02 1.497388471071238882e+02 1.496961852016745809e+02 1.498917145433844382e+02 1.497723916255664278e+02 1.498206352509242265e+02 1.496445237509646802e+02 1.495424527694993628e+02 1.497085724173008714e+02
