output/example/elevation_000027.asc
nrows	75
cellsize	13.33333333
xllcorner	0
ncols	75
yllcorner	0
NODATA_value	-9999
[rows 34 to 50 of 75, columns 37 to 73 of 75]
8.158538178098693194e+00 1.483834747858864489e+01 1.556555048051940560e+01 1.492969245823772795e+01 5.859035400605827171e+00 6.102380238342200336e+00 1.420711401674015484e+01 1.565351521025809589e+01 6.391407497950098993e+00 6.590669023627446776e+00 6.590669023627446776e+00 8.638506610369111272e+00 1.526417372791260441e+01 1.100918089142150791e+01 2.276661377659107188e+01 3.066433079720076549e+01 3.485919015198970783e+01 3.357581755959643033e+01 3.785129059143978481e+01 4.131675280260507321e+01 3.709589320845398674e+01 3.987128811467693623e+01 3.937006925326964790e+01 3.501662779857529983e+01 2.460817971874065080e+01 2.538883822427169434e+01 2.179070207203433895e+01 3.225758601115865076e+01 3.582275123833019137e+01 2.853032512594573689e+01 3.295659860813302089e+01 2.464278308360358594e+01 3.503676341453373055e+01 3.730353495953072951e+01 3.059663635062779363e+01 3.345528720643119414e+01 3.937178075904057550e+01
5.141662665347698002e+00 5.351857036772209142e+00 5.581282491807755264e+00 5.581282491807755264e+00 7.053685015599186592e+00 9.900822792417780960e+00 1.583513153324771316e+01 2.101346998325266924e+01 1.702123000375278039e+01 1.011098981311276646e+01 1.601804823478698836e+01 7.038342959911284780e+00 1.563209249697269776e+01 7.480945304302586862e+00 2.060705203469180447e+01 2.815268894930852994e+01 2.619358987756954704e+01 2.313723027496862628e+01 3.357581755961503944e+01 3.517256095789313264e+01 2.552178259492321999e+01 3.517256095789313264e+01 4.008192659623009746e+01 3.925602726670408771e+01 3.200056647435864932e+01 3.579140095622140905e+01 2.788490494734826086e+01 2.652935671447605515e+01 3.689163509508647110e+01 3.887180517479426811e+01 3.926964319097851330e+01 3.503676341453373055e+01 2.701750457076683176e+01 2.701750457076683176e+01 3.434000831559264100e+01 4.374270532659078725e+01 3.937178075904057550e+01
1.437299748324978665e+01 1.461941615110653814e+01 6.484250949686409804e+00 1.507129678820481544e+01 1.661275990417496828e+01 1.880768183000712312e+01 2.330214281262877307e+01 3.038585003539201423e+01 2.548785745558695126e+01 2.066753685292322018e+01 2.031319092958401029e+01 1.682400268626527762e+01 7.480945304302586862e+00 1.727447926953395196e+01 1.363913265370970329e+01 2.083564131179904777e+01 1.602558395279391590e+01 2.619004666614706522e+01 2.951215292732298678e+01 2.616089104295649648e+01 1.926118970784638051e+01 2.459090631962888907e+01 3.276845012031367332e+01 4.334484296723545782e+01 4.228202966406833241e+01 4.247315662514220946e+01 3.823077942671112339e+01 3.174566931989462759e+01 3.387979129592267213e+01 4.416014948144196239e+01 4.571564295805873712e+01 3.546039707968250809e+01 2.992001103204500367e+01 3.736144583616832193e+01 4.177721691211819888e+01 4.906188281097244897e+01 4.531476981326490971e+01
1.469832283076540236e+01 8.819124087448184213e+00 1.551873692741693667e+01 8.516276965163415369e+00 1.750611363462406445e+01 1.574428880327326574e+01 1.951888126612538699e+01 2.432017012807626699e+01 3.306833764894442851e+01 2.778193613426530817e+01 1.904976643051032426e+01 1.247767792616178895e+01 1.726739277751016388e+01 7.945629746300943097e+00 8.278827889890333580e+00 1.104898535298081086e+01 2.079863305583859656e+01 2.543837850727039651e+01 1.876079121694606755e+01 1.487279328779977483e+01 2.604703002165694770e+01 3.482917330897972619e+01 4.008192659623009746e+01 4.001425223038847889e+01 4.001425223038847889e+01 4.419803968313816966e+01 4.627076774982904794e+01 3.903206754061029216e+01 4.416160797006061500e+01 4.838387373681397463e+01 4.993494577897855180e+01 4.442778156017560320e+01 3.452230935003581180e+01 3.585636258730515635e+01 4.177945286172439410e+01 5.206177668896785349e+01 5.572227557977991808e+01
1.526382079982529305e+01 1.062010667112275542e+01 1.948056685927597798e+01 1.233820009442984933e+01 1.090599177578467582e+01 1.964568810207799032e+01 2.664365236344247023e+01 3.185034297205794473e+01 3.704537044438040994e+01 2.840579879890668380e+01 1.923868255580021724e+01 1.966726801195527230e+01 1.017664945022325362e+01 1.770270521719054813e+01 1.629442156836537592e+01 8.721309467822830896e+00 1.835461999057922711e+01 1.901641929167956846e+01 1.146181834492026574e+01 1.645902907064966314e+01 2.432938375626909888e+01 3.478568522543899633e+01 3.678040453190898518e+01 2.936276938067983622e+01 2.936276938067983977e+01 4.001425223038847889e+01 4.746898646055060311e+01 4.929360019692720130e+01 4.924297094523647900e+01 4.512819760309438522e+01 4.924297094523723217e+01 4.902774184545955904e+01 4.044082542865829311e+01 4.612527425941394910e+01 5.036305282018911811e+01 5.628486082276700841e+01 5.848655297721401780e+01
1.999686906980906187e+01 2.139532676229607588e+01 1.306767642479591629e+01 1.988651593008219720e+01 1.964568810207799032e+01 1.392982685148206912e+01 2.014745947082820621e+01 2.922778479707731947e+01 3.556549200864736804e+01 3.231909102205855078e+01 2.841285299956262023e+01 2.149703710401279366e+01 1.182613214892359466e+01 2.134251386810188933e+01 2.133429939590592639e+01 1.807054956871352047e+01 9.127889656942242524e+00 9.127889656942242524e+00 1.904543060607723959e+01 2.612775384079144558e+01 3.170300481039688378e+01 3.236937941283101594e+01 2.795158040856584236e+01 2.093085076207245976e+01 2.649170785142818829e+01 3.294274341486851654e+01 4.332116964280862703e+01 4.746397200897917656e+01 4.417277349212935889e+01 3.490228694104895624e+01 4.417277349212940152e+01 5.066126688020423074e+01 5.072408996715005003e+01 5.495183786583803709e+01 5.634238917786711198e+01 5.545018613376039696e+01 4.831443395505954896e+01
2.586913602581486771e+01 2.653679129022375704e+01 1.946888597555552991e+01 1.596736993084306100e+01 2.317853062663812835e+01 2.014745947082820976e+01 1.803177097166816267e+01 2.250976032884440059e+01 3.162148896403897780e+01 3.610299545680183542e+01 3.040965208510740680e+01 2.336482583831712390e+01 1.366837920037008480e+01 2.336001810478264673e+01 2.571070235961425254e+01 1.895578497786050676e+01 9.127889656942242524e+00 9.127889656942242524e+00 1.073070574185590509e+01 2.296968355450701083e+01 2.161087158458503765e+01 2.406407777557413752e+01 1.568276651062862825e+01 2.318007812609668505e+01 3.446957374084083625e+01 4.153867257028831972e+01 4.443036530737956724e+01 3.728843262985565588e+01 4.001524227207168138e+01 2.958690174221066016e+01 3.632826711947805620e+01 4.417277359453781571e+01 4.924297110365456120e+01 5.581314018835777802e+01 4.612375558039953205e+01 4.612375558039953205e+01 4.095373252318717050e+01
3.106267283973462412e+01 3.360469660479783016e+01 2.849670073271516202e+01 1.837100616166151568e+01 2.833721871884335641e+01 2.922778479713592503e+01 2.320549071678708941e+01 3.094959373494699051e+01 3.556549215490474580e+01 3.186341353093480322e+01 2.216481170122534294e+01 1.665432934352383398e+01 2.336482583831712390e+01 2.738861873051551754e+01 2.170134732981125225e+01 1.123433015683076697e+01 1.898006333021959335e+01 1.903469919101465990e+01 9.521747602857393744e+00 1.954296244160397578e+01 9.900089116931386712e+00 1.180077978185653720e+01 2.407110166240082094e+01 3.238452915729191517e+01 3.873466116262166992e+01 4.223106915414704332e+01 3.814202048892509822e+01 2.981805190820734097e+01 3.287899903780015620e+01 2.569690888829158837e+01 2.958690174221066016e+01 3.490228694104895624e+01 4.512819760353440302e+01 5.165697209817704305e+01 4.135203760976180121e+01 3.573714573853796850e+01 4.612375558039953205e+01
2.671216632668098967e+01 3.456047174782383991e+01 3.268202606268560118e+01 2.849670073271516557e+01 2.287885426458253590e+01 3.304639363061608037e+01 3.233866565604796506e+01 3.629223497985636726e+01 3.682726756374268717e+01 2.683997725391336786e+01 2.018156144916882511e+01 2.626376573068537112e+01 3.037557228763178330e+01 2.491433172444367727e+01 1.389270817171106565e+01 2.173393479358579938e+01 2.606178669195456976e+01 1.932209470443589083e+01 1.947236342488952232e+01 9.900089116931386712e+00 2.005717634151102757e+01 2.314346051294170437e+01 2.021101697175611989e+01 2.976833033141311091e+01 4.085598585059270960e+01 3.627818362270957664e+01 2.764953710889669480e+01 2.987690816379027936e+01 2.205480628534096610e+01 3.287899903610010455e+01 4.001524227227022834e+01 4.417277359453781571e+01 4.924297110365436936e+01 4.401265873830832476e+01 3.976906502386962217e+01 3.282113842820516680e+01 4.324302832170178590e+01
1.968965337440938512e+01 2.711231467484287450e+01 3.772475958690505138e+01 3.723045421167235247e+01 2.877317039440112367e+01 3.008587257406847826e+01 4.019372371776687203e+01 4.143634756911716721e+01 3.113857429493218376e+01 2.434249250983146595e+01 2.976518686018018656e+01 3.394114113852318582e+01 2.847729555982301974e+01 1.720905759291222736e+01 2.489705481660947584e+01 2.927581871648566647e+01 3.314520501569102606e+01 2.600696350857935712e+01 1.596436864326948069e+01 1.887139532960259203e+01 1.028010326970993837e+01 1.028010326970993837e+01 2.749095780874993977e+01 3.718548991472035681e+01 3.156662151725053533e+01 2.726660279559786204e+01 2.127748221008751273e+01 1.895206796470289135e+01 2.318081606602699907e+01 2.870148851441483373e+01 3.620132770843590464e+01 4.640480248450469247e+01 4.710351636717665258e+01 3.673103580490621312e+01 2.924821434686903388e+01 3.374119675461692935e+01 3.899634540876156308e+01
3.022062782461721397e+01 2.711111557138687544e+01 3.766837042322837448e+01 4.313819918173486911e+01 3.891777205831201769e+01 4.019372371776687203e+01 4.437503584927621603e+01 4.141731651960271421e+01 3.113774702745206469e+01 3.113857429493219087e+01 3.840177465969499337e+01 3.285312948433278990e+01 2.169187380454340897e+01 2.847729555982301974e+01 2.529980184515034836e+01 3.609824697949694894e+01 3.575603609766631763e+01 2.592945706169721376e+01 2.525433760680864026e+01 2.085851951973231166e+01 1.055111613980381158e+01 1.966099876228978616e+01 2.575943564874189562e+01 3.359868479453623991e+01 2.343092963334306589e+01 1.635797420031002503e+01 1.635797420031002503e+01 2.728155495151740695e+01 3.394566784887411615e+01 3.817727969774408336e+01 4.335975741905546954e+01 4.656211748437048925e+01 3.920226549347510314e+01 3.491610315596138747e+01 2.693846459512704783e+01 3.453295904595906052e+01 4.508365199487718655e+01
3.479569483774014316e+01 3.769980314338479133e+01 4.194688603663612980e+01 4.547568122181430539e+01 4.139899174269550741e+01 4.268032717971362899e+01 4.675354108910475759e+01 4.568148414715331995e+01 4.139252360453767210e+01 4.143634756950233822e+01 3.788445371967016229e+01 2.720738360442420500e+01 3.285312948433278990e+01 3.699482047064087453e+01 3.611557302301590511e+01 4.007348767239206921e+01 3.188368405033977027e+01 2.772791916176842264e+01 2.325559844961085432e+01 1.276997138644649787e+01 2.070133355237988226e+01 1.096842390552454205e+01 2.168143308848267026e+01 2.925727331111310647e+01 2.519719221898754213e+01 1.635797420031002503e+01 2.721873024680431641e+01 2.332277321824663474e+01 3.109030576539046109e+01 4.205572635384846336e+01 4.377164186582090366e+01 4.130775677304900739e+01 3.184241345030917714e+01 2.411182828054739957e+01 3.491610315596138747e+01 4.183576017539125758e+01 4.413013528732005142e+01
3.208899801195277490e+01 3.205303110677599676e+01 3.623254156785299784e+01 3.975085448364318097e+01 3.145407357078761379e+01 3.274816787818217989e+01 4.268032717971362899e+01 4.251231645598289077e+01 4.668040009006961100e+01 4.490757664433028395e+01 3.497538095406255820e+01 3.497645638001178270e+01 4.189156601612509689e+01 4.229575596092778511e+01 3.671179208805823890e+01 3.271780190658059695e+01 2.771791499242300816e+01 1.720684590364892941e+01 1.530396307652451249e+01 2.315906190422938948e+01 1.612857799908951151e+01 1.128722310344637059e+01 1.195368727095605266e+01 2.314512880096663849e+01 1.437693915058277483e+01 2.204290224372802953e+01 3.159942607861779962e+01 3.418821337878736699e+01 3.863362842494741045e+01 4.078473264332983916e+01 3.354180624908060793e+01 3.072357413142365701e+01 3.072357414256793717e+01 2.225210341004233427e+01 3.316341833137780526e+01 3.673445862729698064e+01 3.367106905178925302e+01
2.199723177411436126e+01 2.199556148587033277e+01 3.204129383005403753e+01 3.565722998577567893e+01 2.558184962279378993e+01 3.247454428649278668e+01 3.540729234318060747e+01 3.247989057405987978e+01 4.251231645598289077e+01 4.880775107818763558e+01 4.490757664433028395e+01 4.494098665322231057e+01 4.302418666029596039e+01 3.840140832223687539e+01 2.849218963575149033e+01 2.249776602577466633e+01 2.022111605947508295e+01 2.772800766394600203e+01 2.584355963658807909e+01 2.704788956533881006e+01 2.171287784739932647e+01 1.128722310344637059e+01 2.189373044964759885e+01 1.253558504709378774e+01 2.323501993560202195e+01 2.955736320177223320e+01 3.707177105728116118e+01 3.923497086629053854e+01 4.017062867773456958e+01 3.604152090911053818e+01 2.590696840333382411e+01 2.906192668643886634e+01 1.970145346579392154e+01 2.906191778937486703e+01 2.262266743692860516e+01 2.602146130023816895e+01 3.367106905178925302e+01
1.504985813704137243e+01 2.493065490702883125e+01 3.019804047410168479e+01 3.013711447248378761e+01 2.232826637412815529e+01 2.232826637412815529e+01 2.529853708066985973e+01 2.987522047998099950e+01 3.570726177460391426e+01 4.613199531956916388e+01 5.190016605388576920e+01 4.762868153675274385e+01 3.913650085080532648e+01 2.930747590210755504e+01 2.623621746418607970e+01 3.272014788835951293e+01 3.059708443988370163e+01 3.445484883236502327e+01 2.876828754389831388e+01 2.300016691578253258e+01 1.230999606484385822e+01 1.128722310344637059e+01 1.128722310344637059e+01 1.128722310344637059e+01 1.939561017386445840e+01 2.924596562518097542e+01 3.923496900241497087e+01 2.862620086473485514e+01 3.055878757755034059e+01 2.535249728871048447e+01 2.733787607600131153e+01 1.802022386898447692e+01 1.802022386898447692e+01 1.802022386898447692e+01 2.906193186179236321e+01 3.673439776030868842e+01 3.673445763823254140e+01
1.504985813704137243e+01 1.617845611534195172e+01 2.614178572039167747e+01 2.001055619828952459e+01 3.013711447248378761e+01 2.518195180113941234e+01 3.529027209014182631e+01 3.956602289262053063e+01 4.423293893523255349e+01 5.009347950921424797e+01 4.781253330826849179e+01 3.910597410154862530e+01 3.425126513301934494e+01 3.619033992080451867e+01 3.629454691599097771e+01 4.002095899839211057e+01 3.637181927258972536e+01 2.623078416295273740e+01 2.458380037187169265e+01 1.383173835218474856e+01 2.302019512683111913e+01 2.190950073371914897e+01 1.354134404505420797e+01 1.128722310344637059e+01 1.186681659289583557e+01 2.950671032656540405e+01 3.560963811392178258e+01 3.005925097426070991e+01 1.963663877461371143e+01 2.565930783538727766e+01 1.634043738378369426e+01 2.733787607600131153e+01 1.802022386898447692e+01 2.906192683826733969e+01 2.262266743692870818e+01 3.350437319013779813e+01 3.852053200208668926e+01
2.335510151717276983e+01 2.614113072843299790e+01 1.786492065619155056e+01 2.792062062992097893e+01 3.425310593588275054e+01 3.529027209014182631e+01 2.976381913268522084e+01 3.981903938405977783e+01 4.943420359248440832e+01 5.531367285181940474e+01 5.190016605388576920e+01 4.762868153675274385e+01 4.391451809261415207e+01 4.591999194697316966e+01 4.496035461453922721e+01 3.769703912167916826e+01 3.234858344329945368e+01 2.632314792776277912e+01 1.541846221604055778e+01 2.464051845649626316e+01 2.898820984669470135e+01 2.684415744118886948e+01 2.247043895454304518e+01 1.246113396609827539e+01 2.290084979959628697e+01 2.051484270236779039e+01 3.131133577573118032e+01 2.568957088375573505e+01 1.488644663146861014e+01 1.488644663146861014e+01 2.568956510795345594e+01 3.172618889169988066e+01 2.906192684093579359e+01 3.342715745421218543e+01 3.350437319013779813e+01 2.787966025319560259e+01 3.546847574350725552e+01
