output/example/elevation_000417.asc
nrows	75
cellsize	13.33333333
xllcorner	0
ncols	75
yllcorner	0
NODATA_value	-9999
[rows 0 to 16 of 75, columns 37 to 73 of 75]
4.239684058993164228e+01 4.666342530293379554e+01 5.101693602748879641e+01 5.336315485921902990e+01 4.864395303876136012e+01 4.466803027026329431e+01 4.864395523188017023e+01 4.691520322192426562e+01 5.095375133103950560e+01 5.067784589704670140e+01 4.654398753245488507e+01 4.654398753245488507e+01 4.503955872101598601e+01 4.915834329287795867e+01 5.089984821126794401e+01 4.664185712455436317e+01 4.797316885956831811e+01 5.224201044081601708e+01 5.995646698117436557e+01 5.575282412545915633e+01 5.275522885252594563e+01 4.861926735353539897e+01 4.861926731598678231e+01 5.066517156575115877e+01 4.655307326317220173e+01 4.886715557592501824e+01 5.143259428249413645e+01 5.488947623727242586e+01 5.911900246333151898e+01 6.418433119770298845e+01 6.190758901164767991e+01 5.773120193731619310e+01 5.645033098393982129e+01 6.061314423271222296e+01 5.752679964007867142e+01 5.624682482049907861e+01 6.040723988059423988e+01
3.204872320326474977e+01 3.642235227348402304e+01 4.491157920608637255e+01 4.397714295988939170e+01 4.385457509391486752e+01 3.566109735298775263e+01 4.405382216863758060e+01 3.786381752807675127e+01 4.560980874909996885e+01 4.654398753245488507e+01 3.686317863405327699e+01 3.686317863405327699e+01 3.538415116607169608e+01 4.353505290458849686e+01 4.503956946763452862e+01 3.654515553888764856e+01 3.784987480333192167e+01 4.636644567068908884e+01 5.006838352789919355e+01 4.590708403474421573e+01 4.861926734855696708e+01 3.896734195045154792e+01 3.896734195044843574e+01 4.352940545357934354e+01 3.699139609714023180e+01 3.932594977402701630e+01 4.183360159607174467e+01 4.511193754938456379e+01 4.985741800965044490e+01 5.992153446491963109e+01 5.773120193732392380e+01 4.796943898818613405e+01 4.671319544533778156e+01 5.473440715779272381e+01 4.776794136297652926e+01 4.651169461490150780e+01 5.209608061160482606e+01
2.594655828279097776e+01 3.023652300449808905e+01 4.064016790175653426e+01 4.397714297664038696e+01 3.508225336352885648e+01 3.096446340857998081e+01 3.640863855689405426e+01 3.254286513282759330e+01 4.168938325636914044e+01 4.653856691408301316e+01 3.700201642427829540e+01 3.009741616325494817e+01 2.983845867751193381e+01 3.854294875907471152e+01 4.054436288171456937e+01 3.081795939062319789e+01 3.210890618631374593e+01 4.212848231111445330e+01 4.036663231377422534e+01 4.036663231376441985e+01 4.362363019875221681e+01 3.956283132412141867e+01 3.206746810192713326e+01 3.387169916925234503e+01 4.352940545360040403e+01 4.886715557591342218e+01 5.143259428117841026e+01 4.959873392576660933e+01 5.911900245437494306e+01 6.418433119770298845e+01 5.773120193730247962e+01 4.796943898818613405e+01 4.097568342970630084e+01 4.642223797318045087e+01 4.076697466059552966e+01 5.062624477562845726e+01 5.875378966970563965e+01
2.167575823767816345e+01 2.909455787362285761e+01 3.951156194758527107e+01 4.796165689047127501e+01 4.287086368709192641e+01 3.373189723351519831e+01 2.703538172989727428e+01 3.640863855689404716e+01 4.240738508097282988e+01 3.753852532312763657e+01 3.237764177408865152e+01 3.443299841250721016e+01 2.559813485404476907e+01 2.888354803939580506e+01 3.273693600199304399e+01 2.646620939341409340e+01 3.634367733829475355e+01 4.320820943625423638e+01 3.351459422842703617e+01 3.836140183419394134e+01 3.745414884199739447e+01 2.978527289135104184e+01 3.956283132414031911e+01 4.070069444072326803e+01 3.946771512591753606e+01 4.494174985561942748e+01 5.472310694644234985e+01 5.959233713203383331e+01 6.383866386760874434e+01 5.842539649190511852e+01 5.350246789607977149e+01 4.939206768211293053e+01 4.642223797318045087e+01 3.632570523741814839e+01 4.642223687598032456e+01 4.488139380887432139e+01 4.973886356647115292e+01
3.214558379768321572e+01 3.643778314492750070e+01 3.687681483244681857e+01 4.115825546107193844e+01 4.096525755092590515e+01 3.175720254297489120e+01 2.504208296546248391e+01 2.921912591066310938e+01 3.520253434377915625e+01 3.258622263570341460e+01 1.982351327715268852e+01 2.947933508228331334e+01 2.947951512296856436e+01 2.212596811474167069e+01 2.296390006918838722e+01 3.273693600199290188e+01 4.054582943311691423e+01 4.637170694200388965e+01 3.836140183262018866e+01 2.860762430226404973e+01 2.770124234282274855e+01 3.745414884201144901e+01 4.362363023930041095e+01 5.030672990474582917e+01 4.907562669480951456e+01 5.321767303368736179e+01 5.892721574535209328e+01 5.814384643528332219e+01 6.231335771838030269e+01 5.428288364363634599e+01 4.450125172058714185e+01 3.944444436013083077e+01 4.407483915398967866e+01 3.632570523741814839e+01 3.949878926363957277e+01 4.941084835413327170e+01 5.875378966970563965e+01
2.767802921405959182e+01 2.951167840001477671e+01 2.646094778429105787e+01 3.687681483244681857e+01 4.368578450658056767e+01 3.445417939090665271e+01 3.193869081227605378e+01 2.248221657287963637e+01 2.870596318507053724e+01 3.227894408292766570e+01 2.850649406136590613e+01 1.982351327715268852e+01 1.982351327715268852e+01 1.982351327715268852e+01 2.980011227845368182e+01 3.690208463512264814e+01 3.908295365174724623e+01 3.996018431678390215e+01 3.257340715312993495e+01 2.575126018011413365e+01 3.542052725799317159e+01 4.105353072335319808e+01 4.885500491268597756e+01 5.176850704346133369e+01 5.221117547769852507e+01 5.635762699087149485e+01 5.662539191864239996e+01 4.838074382120824168e+01 5.662539191522278514e+01 5.842539648906398497e+01 5.108263457696075704e+01 4.117211553299459581e+01 3.385382247060741179e+01 4.407476280507405164e+01 4.941067832388591796e+01 5.351054623646189867e+01 5.329104366921002622e+01
1.736671044332702252e+01 1.914827604290852037e+01 2.528083535929062009e+01 3.566310823372001693e+01 3.563727062095578901e+01 3.667324333637075284e+01 3.581321837822902410e+01 2.964025768492890478e+01 2.013180125859351222e+01 2.754369379816355234e+01 1.883188198704821303e+01 2.850649964632583888e+01 1.982351327715268852e+01 2.063328390523621181e+01 3.027425138418722028e+01 3.223173566521531797e+01 2.940004702092096167e+01 3.027276741093983503e+01 3.404954231784065399e+01 2.575126018011413365e+01 2.725760384107125134e+01 3.699794968774607895e+01 3.924080569617014191e+01 4.211261608375437504e+01 4.262546867312018151e+01 5.221117547769852507e+01 5.250711651292255056e+01 4.266163852355835218e+01 5.250711651292255056e+01 5.803896339975609919e+01 4.966731770512886612e+01 3.969359884549119499e+01 3.233371414177784686e+01 4.063573965215692851e+01 4.328073563479929220e+01 4.632380651863491750e+01 4.343788254892445622e+01
2.528083535170813789e+01 1.503875218797241686e+01 2.316811947531679294e+01 2.745755258082118999e+01 2.566841257557887701e+01 2.680207167227416321e+01 3.647276032995635120e+01 3.070257126960889593e+01 2.667331397603917154e+01 1.784799073606025033e+01 2.754221874192391795e+01 3.253400011353246413e+01 2.947934480263585755e+01 3.027423625513317162e+01 2.178494749029255217e+01 2.263338990313746635e+01 2.263338990313746635e+01 2.351891192603602221e+01 2.444039457966076867e+01 3.268193797083963403e+01 3.691058798154267606e+01 2.959348015860611625e+01 3.255867058746360243e+01 3.598222374445045091e+01 4.513342283498934648e+01 5.370040109443007736e+01 4.886674207030372941e+01 3.903180012981181335e+01 4.402942010254271565e+01 5.389652323473957551e+01 5.256123353120744923e+01 4.261471982020076865e+01 4.063598430442056753e+01 3.029915768052059022e+01 3.304750204119877566e+01 3.623125411160570053e+01 4.215624133451844102e+01
2.508731965057726754e+01 2.316260340897315828e+01 1.294248568985739922e+01 2.294908191935977015e+01 1.876420854721156672e+01 2.788935018798923338e+01 2.898056227138790319e+01 2.580952710227956715e+01 1.695442304889267859e+01 2.611381942309952464e+01 2.342003578969685762e+01 2.884269740691760830e+01 3.814991149668288273e+01 3.544939963916832681e+01 3.140795725776920833e+01 2.478990127322906289e+01 3.223350035269894676e+01 2.612010163045368571e+01 3.402866486228857923e+01 3.773896256262715809e+01 4.148157049382880501e+01 3.181412630751451687e+01 4.154830488155489832e+01 4.543305719371512907e+01 4.949154783196860308e+01 5.032979247959033131e+01 4.106155543375484029e+01 3.574680183556676383e+01 4.294970385132821633e+01 5.281802181382855821e+01 5.384136444553149659e+01 4.391099073718019952e+01 3.926695587973654256e+01 2.893853153336272399e+01 3.926695587973298274e+01 4.632380599787949649e+01 5.043499108970947731e+01
1.638180121043345849e+01 2.213346955702809638e+01 1.294248568985739922e+01 1.345249411146285823e+01 2.302639255743294555e+01 2.445675608486979158e+01 2.228518396945036173e+01 1.606350345973777394e+01 2.579095906619261314e+01 3.042412792083011297e+01 3.277079927972817330e+01 3.669770822994544801e+01 4.218950690164065520e+01 3.863193605448656598e+01 2.848144790372620250e+01 3.430457497397492972e+01 3.841453651588923890e+01 3.564497055248390467e+01 3.017564582656629923e+01 3.970329700851386434e+01 4.388545679414364997e+01 3.424703089889271723e+01 4.106372375202560931e+01 5.069778662492434762e+01 5.407796082186317932e+01 4.994319050724578091e+01 4.331866861390518153e+01 3.318066794176507273e+01 4.331866861390518153e+01 5.030638680851940592e+01 5.088181355674955597e+01 4.096962820952879269e+01 3.363143440371380422e+01 2.893853153336272399e+01 3.289730228054652628e+01 4.313731645440386586e+01 4.944506336111998479e+01
1.795378399889837695e+01 1.225240527075344055e+01 2.207562864780412326e+01 2.331333322128698526e+01 1.416851878984408586e+01 1.467121545836796059e+01 1.517706745647211974e+01 1.603710635759553327e+01 1.690127480519282699e+01 2.676011205517177416e+01 3.149954635721402951e+01 3.427066298114528564e+01 3.858067913915363079e+01 4.276446643675110693e+01 3.569910988675980690e+01 3.438521355398948032e+01 4.441923960180549358e+01 4.288185253168725097e+01 3.336230623881744606e+01 4.288299782792551440e+01 4.690261592857475392e+01 3.735826327354366327e+01 4.211120601679058950e+01 5.178006948003502430e+01 4.994321497786185660e+01 3.998721934377216058e+01 4.115245913987613591e+01 3.105863177579674073e+01 3.615227906543622538e+01 4.322933293698017820e+01 5.014543512913666490e+01 4.457266809932890794e+01 3.502055311646844160e+01 2.787576936852833143e+01 3.815255419309782781e+01 3.947163979640233578e+01 4.656252076872290502e+01
1.156561854361632413e+01 1.952350717196606311e+01 1.718881079651930932e+01 2.656109669248458971e+01 2.414349389828987924e+01 1.834591082074792823e+01 2.395879387011520834e+01 2.581751507902369625e+01 2.346841276794319953e+01 1.813320144449225424e+01 2.749497805528612560e+01 2.476963755784157328e+01 3.427814423531847865e+01 4.280976718806102355e+01 4.571240476469521496e+01 4.026976874875968804e+01 4.852389531383300181e+01 4.669171696697033269e+01 3.805986598177783975e+01 4.708600550200302592e+01 5.022936552250352094e+01 4.072714101138443255e+01 5.039849881159730671e+01 5.592950974281893650e+01 4.993828567006590191e+01 3.998597632341680708e+01 3.281442920158809784e+01 2.909952341662740238e+01 2.909952341662740238e+01 3.533088243086503155e+01 4.569075722257717587e+01 4.353744233066492342e+01 3.403783616178037619e+01 2.687580880292555463e+01 3.706827070647732114e+01 4.266554515675235848e+01 4.678984181172190659e+01
2.144092088493594161e+01 2.546441230837762504e+01 2.656083814309431190e+01 2.287330234486585923e+01 2.521626970308007287e+01 2.901097072604187233e+01 3.091750251422026352e+01 3.164006539299515453e+01 2.281505404443043616e+01 1.813320144449225424e+01 1.813320144449225424e+01 2.752419943068841945e+01 2.735392158708057764e+01 3.543960755645291982e+01 4.599349850293791064e+01 5.010958551265881056e+01 5.421844143482097422e+01 5.210015805277191703e+01 4.780531457485434998e+01 5.215815541221805063e+01 5.041353543721847785e+01 4.747078493996527726e+01 5.466663448486177401e+01 5.400592195958081021e+01 4.988348326968693414e+01 4.188775908653673952e+01 3.179291896793393946e+01 2.909952341662740238e+01 3.713498179607316985e+01 4.111218903137869063e+01 3.763292881242168875e+01 4.286322771518904773e+01 2.611530824870817113e+01 2.592190193921710417e+01 2.900516307672137017e+01 3.244193200399550392e+01 3.765548041400536050e+01
2.678960883094627121e+01 3.268623641237485344e+01 3.544497696852727842e+01 2.784188560577069183e+01 3.492399170146029519e+01 3.534188585629661361e+01 3.849040847677073884e+01 2.937587899846359107e+01 2.909272214130182022e+01 2.090450528254683249e+01 2.751999895413164765e+01 1.949623328756644014e+01 2.840386634143020927e+01 3.929929177538942042e+01 4.092938732566352655e+01 4.494796416520880200e+01 4.534744925340635291e+01 4.940188744315906177e+01 5.244899273604653445e+01 5.653466137979992112e+01 6.054180706531563771e+01 5.755187044660968354e+01 5.554735253018071717e+01 4.573722115191574744e+01 3.996404128605396266e+01 3.633942621460681721e+01 4.188772671375857470e+01 3.713498179607316985e+01 2.729318967217365000e+01 3.539627542376262426e+01 2.981428963277124211e+01 3.761820267707835797e+01 3.368747559806040925e+01 2.503488678855387306e+01 3.503575087640050612e+01 4.266554515676971704e+01 4.678984186435963721e+01
2.065381452531985573e+01 3.038575968361933732e+01 3.527168649645837206e+01 3.678918469680250070e+01 4.069057915089910438e+01 4.530419431775082018e+01 4.256275920844531413e+01 3.610723799629481334e+01 2.385734680221616344e+01 2.458594392709125387e+01 2.089045263652113249e+01 2.917198761719436106e+01 2.903156289651408528e+01 3.630190785758188809e+01 3.154479981360616492e+01 3.945420908012976469e+01 3.636840755303651207e+01 4.416968769333412581e+01 4.367017268615489911e+01 5.009234432904177226e+01 5.430170709174785060e+01 6.009278771364726879e+01 5.970999576451328750e+01 5.400592195958081021e+01 4.988346396150123496e+01 4.637643085363104234e+01 4.185962438274584230e+01 3.183710704142195169e+01 3.541240280156715414e+01 2.570500103180138041e+01 2.463627515306964710e+01 3.254922125711217973e+01 2.382405548269379736e+01 3.368747559804398151e+01 3.503575087640042085e+01 4.514525854134836180e+01 4.713044476074225031e+01
2.216689157340993788e+01 2.146157452793147158e+01 3.122295621830324563e+01 3.605732067859043610e+01 4.022560632207075315e+01 4.344380799453345787e+01 4.569777987074443359e+01 3.487112158533793860e+01 2.875995211751422076e+01 2.865337930097692976e+01 2.408711666251857864e+01 2.228300968021843431e+01 2.322924575930926139e+01 3.217607076750345385e+01 2.639078461750597526e+01 3.541052028780381988e+01 3.116392503310861883e+01 4.019634601717847744e+01 3.950596220476784737e+01 4.087209472821871259e+01 4.590759513067420983e+01 5.589706161527799821e+01 5.455654407764648539e+01 5.324609733108223253e+01 5.515330523771638838e+01 4.527141317023978218e+01 3.819490314294820621e+01 3.894199015334091740e+01 3.953883187288199963e+01 3.541240119955855192e+01 3.268245100537819070e+01 2.317554895412962779e+01 2.299172948144481055e+01 3.341068101345118890e+01 3.686500909348161059e+01 3.992462050660049755e+01 3.693987037245797467e+01
1.336132294229341966e+01 2.333498348544145173e+01 2.868492328631095489e+01 2.604661334336639200e+01 3.605732067859043610e+01 3.329149184078474377e+01 4.045909104502269571e+01 4.305546813863862354e+01 3.844373111486934391e+01 2.971163403192889163e+01 3.014280850395717692e+01 3.116120236185449954e+01 3.082928567311954637e+01 2.450707658550841472e+01 3.336582157873217369e+01 2.859030129071205550e+01 3.750406594728142551e+01 3.415997144763844773e+01 3.672705926307806834e+01 4.640749996170925584e+01 5.430170709174785060e+01 5.167750589864657229e+01 4.464561511463541876e+01 4.333054712371247064e+01 5.036077599746716515e+01 5.229400795312948702e+01 4.816573721851943901e+01 4.890341656480324417e+01 4.442038226620748276e+01 3.418319389463210456e+01 2.935645159402711002e+01 2.216610502917321313e+01 2.216610502917321313e+01 2.435208956097084965e+01 2.684466183988406840e+01 2.977703744515048356e+01 3.693987037245797467e+01
