output/example/elevation_000043.asc
nrows	75
cellsize	13.33333333
xllcorner	0
ncols	75
yllcorner	0
NODATA_value	-9999
[rows 17 to 33 of 75, columns 0 to 36 of 75]
1.309999999999999880e-02 4.485235954666974223e+00 1.155629878037068892e+01 2.155561835666114234e+01 2.687327909726105801e+01 3.075686335983326458e+01 3.224274530265760319e+01 2.803995380202419696e+01 2.706677247531636610e+01 1.651269800010678779e+01 1.731518979534090263e+01 1.828259799445015688e+01 6.049905159075249728e+00 1.608589213013909003e+01 1.321351692264343924e+01 7.101203939107527674e+00 1.601444803486191049e+01 2.140182678394650750e+01 1.112509664725389591e+01 1.556619494946560422e+01 2.397136035261057785e+01 2.014289454348407560e+01 2.050699233273379107e+01 2.291236894593210494e+01 2.602926845803199640e+01 3.033533891157913942e+01 3.969970784791201623e+01 4.815710938021427268e+01 4.524387393575089789e+01 3.612548140808475949e+01 4.524387393577251260e+01 4.969217681164981570e+01 5.222967068334892105e+01 5.081875300986594368e+01 5.068710282171787185e+01 4.101052999363064799e+01 3.404499053986698698e+01
1.379999999999999977e-02 1.001379999999996251e+01 1.862649343854327810e+01 2.457789833487453279e+01 1.635370884597604757e+01 2.457789868085279750e+01 2.904595229204112172e+01 3.476913995212906627e+01 3.144934946570495882e+01 2.706677252492082175e+01 2.877577651110884105e+01 2.280669345448773910e+01 1.767836727948728281e+01 8.949335774740227123e+00 1.825090535667256475e+01 1.289819280331908935e+01 8.164589667786801286e+00 1.805727752449871559e+01 1.112509664725389591e+01 1.263811768253830081e+01 2.251722151253833104e+01 1.753789954316516031e+01 2.706634048251941849e+01 3.190310580850497146e+01 3.040973513640444992e+01 3.903432628616715050e+01 4.406573512958561167e+01 5.128896256798115161e+01 5.023032774937552603e+01 4.609678826917571826e+01 5.023497417679398325e+01 4.949195114555980979e+01 4.259318163336325824e+01 4.489515170337349304e+01 4.897644195240616938e+01 4.787145004565319795e+01 4.298304362664399036e+01
1.379999999999999977e-02 1.001379999999764614e+01 1.567227678025907878e+01 1.698860882704735076e+01 1.040229575472737444e+01 1.491672972179683399e+01 2.075024858702913377e+01 3.071095137365920280e+01 3.835790701975894734e+01 3.348636399480178483e+01 2.560226596928636766e+01 1.497437405336271254e+01 1.226375944795808870e+01 1.977765614898013524e+01 2.180623083478028335e+01 1.873505408859600863e+01 1.802951176920257126e+01 9.236222729025683975e+00 1.839712438944274808e+01 2.110494199557754058e+01 1.482674127749122128e+01 2.473474769238900706e+01 3.098710774424167980e+01 3.766977667026817045e+01 4.074724091970949758e+01 4.547693539892044612e+01 4.732391299748212532e+01 4.169383330219306316e+01 4.846817865981266493e+01 5.066964680310496050e+01 4.661891499646797854e+01 4.542034127952751277e+01 3.577945416614574015e+01 3.524736769398011660e+01 4.337157087948661172e+01 4.562923066732798816e+01 4.968913611967557387e+01
1.290000000000000001e-02 1.574639491682836789e+00 1.153930413545136346e+01 6.958248409213609875e+00 1.698860882704735076e+01 1.623162430406283363e+01 2.205634403061542770e+01 3.199375862806348181e+01 3.434450886671603342e+01 2.457910076253618215e+01 1.924248927378246776e+01 2.560226596928636766e+01 2.006503349240635359e+01 2.718518522600921727e+01 2.425526954345642849e+01 2.030589820312771820e+01 1.055112484717734489e+01 1.910014796421819838e+01 2.267127871378967896e+01 2.738459610623428730e+01 2.487921914877816576e+01 1.922911894669708488e+01 2.299889856163893498e+01 2.881524403325991557e+01 3.912469537648292572e+01 4.732395305274754094e+01 3.786049749288691402e+01 3.483423305585248642e+01 4.360354037076763944e+01 4.503556481492764618e+01 3.689401950651503626e+01 4.503972521905844673e+01 3.932500100850001701e+01 2.951875953031074573e+01 3.872612724503459702e+01 3.586676818471671879e+01 4.562923066776101422e+01
1.290000000000000001e-02 1.001289999999996283e+01 3.868993248513460159e+00 1.388460466174697494e+01 2.109944081667985927e+01 2.625638962763603601e+01 3.033597784324123126e+01 3.604808384768868024e+01 3.835790393049271785e+01 3.293639630515087902e+01 2.309539559095667016e+01 3.293639630515087902e+01 3.033082027746191045e+01 2.663759499088115135e+01 2.036837919207806635e+01 1.055112484717734489e+01 1.174221489820671493e+01 2.151957943717543387e+01 2.320651427168020575e+01 3.288908927868159537e+01 3.380241729083476088e+01 2.940823156356096391e+01 3.325846603651339706e+01 3.766977667026871046e+01 4.349631598495948026e+01 4.649220628118764864e+01 3.684337369939390783e+01 2.985838202233924221e+01 3.549882188096200508e+01 3.575165834851586766e+01 3.118208849648374681e+01 4.100132861308716770e+01 3.636843490670057122e+01 2.645497217556296476e+01 2.874362188148513653e+01 3.655343979640682051e+01 4.735227578195091525e+01
1.309999999999999880e-02 1.001309999999996236e+01 1.388460466174697494e+01 7.652446379972487556e+00 1.767142385179202790e+01 2.527822457211061646e+01 2.943901999207556486e+01 3.444899437678537879e+01 4.074257303974924582e+01 3.118198307609329945e+01 3.286830447801644084e+01 3.693078820977264343e+01 2.902245307288836784e+01 2.255965101073185863e+01 1.276330517988952984e+01 2.036837919208763381e+01 2.151957943709075494e+01 1.344208362803826518e+01 2.294901424501639298e+01 2.613066032149624718e+01 3.744380239158218160e+01 3.560804925436285373e+01 3.854456436253504137e+01 3.854456436253504137e+01 4.807443818927466594e+01 4.800135326755076193e+01 3.832008776774910075e+01 3.135772546683924489e+01 2.552950626928525679e+01 2.578144996775144548e+01 3.242776405965604170e+01 4.226053691327885531e+01 3.361935553075429084e+01 2.358155795411405364e+01 3.357660652437265014e+01 3.661862552151295347e+01 4.513182287054520003e+01
1.349999999999999985e-02 7.084567811865461806e+00 1.708456781186539075e+01 1.767142385179202790e+01 1.192655835600836411e+01 1.526968822940771631e+01 2.027937499925396025e+01 2.734509955199147058e+01 3.735566004129436379e+01 4.074257303974924582e+01 3.739147332932492418e+01 3.160977217984159537e+01 2.493921257469227015e+01 1.513182213979334634e+01 2.255965101908238779e+01 2.255490011207627887e+01 2.657654928341502298e+01 2.017365827503535414e+01 1.521572481558800582e+01 2.546768286761279754e+01 3.181158117057168866e+01 2.621282142208581689e+01 2.925848823721516112e+01 3.578316994771269322e+01 4.521116020986051609e+01 4.850706963787776971e+01 3.885159365221072392e+01 3.190111753774116110e+01 3.242776405968205466e+01 2.230299916647890512e+01 3.230531794369697707e+01 3.883638617843555352e+01 3.361020371085174929e+01 2.358155795411405364e+01 2.786365128030065108e+01 3.662800839217210580e+01 4.112899061004976886e+01
1.349999999999999985e-02 1.001349999999996321e+01 1.769131431413013900e+01 2.216357272712813753e+01 2.194204345305736581e+01 2.527822457211061646e+01 2.943901999207556486e+01 3.296212224492605714e+01 3.296212224492605714e+01 3.710514193543063044e+01 3.322232054792115008e+01 2.340199447729092697e+01 1.769572550832373281e+01 2.493921257458402252e+01 2.900481946697535562e+01 3.232072118419927875e+01 3.213888092025566579e+01 2.610674935167359578e+01 1.650787994782451307e+01 2.628735363465783692e+01 2.217883258883471953e+01 3.181158117057168866e+01 3.854456436253504137e+01 3.680688022615894539e+01 4.627637210353751129e+01 5.132424088464651390e+01 4.167961709282873528e+01 3.892065122900499574e+01 3.082392214509969364e+01 2.044128406240172424e+01 2.601460416703245215e+01 3.273112798160870796e+01 2.920720346135485102e+01 2.146929143496833703e+01 3.162415032768954504e+01 4.032260651742975455e+01 3.766321910136053930e+01
1.359999999999999924e-02 3.549133905932739363e+00 8.021269860939105101e+00 1.509233782780665223e+01 2.509236948204193851e+01 3.089134868131754885e+01 2.796262349736787556e+01 2.296312474980971174e+01 2.296312474980971174e+01 3.296212224492605714e+01 3.549137364329506283e+01 2.572911810289318879e+01 2.752052537239110919e+01 1.769572550832373281e+01 2.788834525796167796e+01 3.602596832943045513e+01 3.187275600247220808e+01 2.219855534285696308e+01 2.628735363937150993e+01 1.854189853094065299e+01 2.111042412605995011e+01 3.083131937456245808e+01 3.870363484714489033e+01 4.345389310888959500e+01 5.035311682507148845e+01 4.404500474250414754e+01 4.005077473903591567e+01 3.484785751775101659e+01 2.477745848353534797e+01 1.855874045045424836e+01 1.855874045045424836e+01 2.685643315044081803e+01 1.878660443603612507e+01 2.920720345435667298e+01 3.162415032617346000e+01 4.136581813372696104e+01 4.089812482224460410e+01
1.369999999999999864e-02 1.001369999999996274e+01 1.769131431413013900e+01 2.216322880367161829e+01 2.347302836661165770e+01 2.089198380250184073e+01 1.796322894623476074e+01 1.589220429394170075e+01 2.589176331106198603e+01 3.060590139539793952e+01 3.475131657352262238e+01 3.549137364329506283e+01 3.231977867170931518e+01 2.788834525796165309e+01 2.120098138933327192e+01 3.154578269957486469e+01 3.585697617853114849e+01 2.784424302081625413e+01 3.083131938304297393e+01 2.111042412605995011e+01 3.083131937455617333e+01 2.518638196350289959e+01 3.001813379182120656e+01 3.943336643654487972e+01 4.329939520197337544e+01 3.841853139854083565e+01 3.026301599842304313e+01 3.841853139854083565e+01 3.314824918056713443e+01 2.902139808396788112e+01 2.685643315122649000e+01 1.612889204627622775e+01 2.685640807230733884e+01 3.326202641844652419e+01 3.808687091557713700e+01 3.796507136421139705e+01 4.203980154295486926e+01
1.290000000000000001e-02 7.084188748020951998e+00 1.708995590589139368e+01 2.053944025315664845e+01 1.347382323340595534e+01 1.817031668169660819e+01 1.089220760352954542e+01 1.390732103397239783e+01 1.706959848531155899e+01 2.060513004079760080e+01 2.637858410940820519e+01 3.638052419791702619e+01 4.217335651499800520e+01 3.130448582288533643e+01 2.398222921056562029e+01 3.452920021203481582e+01 4.138494934547374982e+01 3.737580711847329695e+01 3.349229177787435674e+01 2.389801939194442326e+01 3.349229177787435674e+01 3.001813379182120656e+01 3.472575011418307156e+01 4.345389310888959500e+01 3.930539156260696387e+01 2.949422762815295940e+01 2.434618015021426629e+01 3.011292759601360203e+01 3.338317682288153065e+01 3.294677777073004421e+01 2.273776344481865763e+01 1.487856072096122340e+01 2.414813369143589838e+01 2.362882126876429467e+01 3.042983727021205098e+01 2.743928817725442926e+01 3.796507136421139705e+01
1.379999999999999977e-02 1.001379999999969250e+01 1.805489579108295217e+01 1.404549220461399628e+01 6.402785381197084291e+00 8.170552334161651942e+00 1.816832013983355054e+01 1.905587032226006627e+01 2.706845873625815457e+01 3.060590139539793952e+01 3.475131657352262238e+01 4.052764752432869955e+01 4.347273315303769436e+01 3.251916100036378054e+01 3.132784332894995671e+01 3.132784331870011485e+01 4.225795598038092038e+01 4.122073274340952054e+01 3.175536447920517347e+01 2.762835193224457697e+01 3.705536949581856732e+01 3.663763098151268593e+01 4.345389310889330403e+01 4.830709811904613105e+01 4.329939520197337544e+01 3.841853139854083565e+01 3.011292759601360203e+01 1.975393002337953519e+01 2.322122900266747436e+01 3.032122098971587576e+01 2.986138989608140193e+01 2.414822037667426002e+01 1.319349811302387465e+01 1.640353653458757677e+01 1.970358543053676570e+01 2.743928817725442926e+01 3.796507136421139705e+01
1.359999999999999924e-02 1.001359999999996298e+01 1.232049496589040061e+01 4.045762777242526198e+00 1.404552791799657641e+01 1.815888111058551502e+01 2.230152766343413617e+01 2.903603555216229992e+01 3.313760371944361083e+01 3.146934171807956204e+01 3.560385310100286205e+01 4.007123217035145757e+01 4.583543750764596325e+01 4.347273315193812948e+01 4.225796827905663378e+01 4.225795586591380726e+01 4.680384014658137914e+01 4.525644068680966114e+01 4.104817101316158556e+01 3.307340339275824448e+01 4.104817101316158556e+01 4.618286888889099373e+01 4.581634874194532614e+01 4.170077229000465735e+01 4.581634874194532614e+01 4.103343859818964035e+01 3.338317246722294129e+01 2.322122899951111563e+01 1.551794165555305938e+01 2.319924500468276207e+01 2.590909302549761151e+01 2.167951598141728908e+01 1.215299599095875216e+01 2.307249640843885174e+01 3.008391753465283003e+01 3.396503714288031262e+01 3.810926877144995473e+01
1.359999999999999924e-02 1.168300538379250186e+00 2.330776925817441558e+00 1.233234254781796935e+01 6.718375196353272294e+00 1.671787970922632027e+01 2.167782746134382066e+01 2.397164250667303165e+01 2.646912532687654362e+01 2.147294235999921597e+01 2.594495865998768735e+01 3.171746166967621150e+01 4.170503393887477017e+01 4.270456719906761833e+01 4.270456739432876958e+01 4.685615522749154138e+01 5.229577606226423114e+01 4.818167778064908191e+01 4.654994683469939076e+01 4.249483634960746770e+01 4.355913480018835315e+01 3.949793430328603705e+01 4.073898903987751652e+01 3.145540683852059516e+01 4.073898903987751652e+01 3.708959823865533423e+01 2.742659158487897031e+01 2.233471472655246970e+01 2.319924500468276207e+01 1.236265185999003080e+01 2.032286498430678634e+01 1.081104293034860575e+01 2.167951598141178238e+01 1.690663559324822884e+01 2.053930032052688404e+01 2.440205102719365371e+01 3.005206495287774970e+01
1.319999999999999993e-02 1.001319999999996213e+01 1.233372285492861309e+01 1.233503521657488200e+01 1.671787970922632027e+01 9.546802320458121827e+00 1.167880948221330328e+01 1.397296681229475723e+01 1.647296676082661904e+01 2.147294235989528133e+01 2.854315792973493515e+01 3.853372678977594745e+01 3.973981532615708545e+01 3.262348672106256942e+01 3.262348672111171766e+01 4.270456739446048999e+01 4.652315178790525607e+01 3.815580634764201307e+01 4.239323615682406654e+01 4.652309918072066353e+01 3.949793430328603705e+01 2.923559600335092057e+01 3.224136530057150907e+01 2.591238896534625979e+01 3.657664011565388762e+01 4.103343859818964035e+01 3.523338624810707387e+01 2.857835898702192523e+01 2.383657737626309370e+01 1.948526193403902340e+01 9.536607424141795519e+00 2.032160901402203734e+01 2.464536489626529914e+01 2.691845398728848338e+01 3.039423432294570304e+01 3.413374603697507581e+01 3.810926877144409985e+01
1.019999999999999900e-02 7.081267811865462392e+00 1.708126781186539134e+01 2.236473720009067989e+01 2.368538115046016301e+01 1.954606071335893702e+01 2.167782747718169745e+01 2.397164250716535250e+01 2.647113508041252672e+01 3.060765128563829407e+01 3.560358948963482106e+01 3.523034028213655944e+01 3.106084899342130967e+01 2.547960923600370009e+01 3.262348672106242731e+01 4.270456719530804435e+01 4.239323713200448651e+01 3.222144070829223494e+01 3.222144070828372264e+01 4.068447155855288599e+01 3.747531773785608777e+01 3.210190976353073466e+01 2.131449092108118037e+01 2.165584770897892852e+01 3.039386551228158595e+01 4.227875184545106890e+01 3.173022534423409269e+01 1.893397823545549485e+01 1.249050772216313554e+01 8.735637876280449632e+00 8.735637876280449632e+00 1.830796793994161931e+01 1.818231525388841874e+01 2.813890698042376570e+01 3.158593730870874694e+01 3.132635459437983272e+01 3.542964577580485752e+01
7.249999999999999500e-03 7.078317811865888487e+00 1.707831781969953155e+01 2.497603562554421686e+01 2.792225840404116255e+01 2.750730903897116164e+01 2.334509594217751527e+01 2.463168441949000709e+01 2.880584913860452190e+01 2.883156991464222330e+01 3.037451100491065148e+01 3.106083376740699009e+01 2.096042882017361109e+01 3.106084899342130967e+01 3.713623274758182191e+01 4.295338176210315595e+01 4.369166324809589952e+01 3.355017375620016651e+01 2.616863656820216377e+01 3.246019404644636097e+01 2.714127223171023573e+01 2.803304465845597448e+01 1.649708502547321132e+01 2.786698603134168906e+01 3.403508287339627714e+01 3.764848796136520548e+01 3.445259574952280701e+01 2.892311794292769278e+01 2.393978087126417265e+01 1.496288795647839542e+01 1.831702810928388914e+01 7.645690805706857773e+00 1.719169784317749361e+01 2.052066260374078155e+01 2.028323467698133697e+01 2.069294971273630779e+01 3.132637557326333422e+01
