output/example/elevation_000397.asc
nrows	75
cellsize	13.33333333
xllcorner	0
ncols	75
yllcorner	0
NODATA_value	-9999
[rows 34 to 50 of 75, columns 37 to 73 of 75]
1.765405775120276033e+01 2.585605322381573146e+01 2.154194507347522602e+01 3.175283497832906576e+01 3.605310769762736101e+01 3.215035471049455396e+01 2.209061037367460045e+01 2.847705547967263939e+01 2.687295797550125442e+01 2.213418129474968410e+01 3.080237534753205608e+01 2.916274809434936799e+01 2.310915583445342847e+01 1.304008502861388230e+01 2.322784330020546406e+01 2.629265715952382010e+01 1.929990577684604602e+01 2.953067644762547772e+01 3.668053023657620315e+01 3.376596819740638722e+01 4.404376183038294101e+01 4.772584262052932758e+01 4.184091655704710178e+01 3.763749318304384417e+01 3.722069701715852119e+01 3.084374994151636429e+01 2.521249232431053855e+01 1.966334035590362106e+01 1.206099758077449735e+01 1.872998935260451248e+01 2.435771126643709295e+01 2.076152316695933209e+01 2.755585714557528121e+01 2.913284831494854643e+01 2.219694668391623082e+01 3.246367208693621365e+01 4.039509639701547172e+01
2.584744159638043470e+01 1.569631304522195236e+01 2.403284065384490376e+01 2.824370653615334348e+01 2.584985226206662645e+01 3.304003150372180642e+01 2.847705547967263939e+01 1.807803418410980001e+01 2.501073686158925469e+01 1.589146648903965975e+01 2.655839503509389843e+01 2.481359479752168795e+01 1.802310297529099259e+01 1.223511412881291349e+01 2.074172243228518653e+01 3.272948382720893790e+01 2.953557469353087939e+01 2.568535339914335580e+01 3.331814622997078601e+01 4.402792900409527022e+01 4.822967091112515448e+01 4.359522146970154921e+01 3.325057725135754794e+01 2.711894060199503542e+01 3.156414765425172675e+01 3.513289307092076541e+01 2.869455623043734604e+01 2.180096045998123699e+01 1.166508309900258666e+01 2.000351933682307859e+01 1.495367613964610420e+01 1.628979523558747999e+01 1.763984924343723293e+01 1.903859341320056586e+01 2.400071712285084047e+01 2.994230466968030768e+01 3.720337351946567850e+01
2.742506588749055751e+01 2.403284065384490376e+01 1.387218005210334049e+01 2.239529955934678540e+01 1.865065546786746253e+01 2.883778352185684213e+01 3.221951511150084002e+01 2.202415812136354134e+01 1.430194727473575433e+01 1.199716750873225557e+01 1.999431853853928942e+01 2.025581984304084671e+01 1.112046899112886322e+01 1.358577162096761626e+01 2.378906521743581948e+01 3.191127272391655012e+01 3.649394552617869891e+01 3.647242183663065873e+01 4.100088882777065180e+01 4.974416102492147473e+01 4.801918708882952558e+01 3.777075641631663672e+01 3.033610323471329195e+01 2.499150216692540027e+01 2.096323693387081022e+01 2.460442374769444740e+01 2.450592975603334267e+01 1.696483470275449434e+01 1.166508309900258666e+01 1.299172750737896109e+01 2.356180862956428257e+01 2.311467391344798372e+01 2.455240428303016031e+01 2.912231060374847402e+01 2.261432312992439719e+01 3.288837950123137688e+01 4.145697697927719361e+01
1.724689739941286959e+01 1.387218005210334049e+01 2.239529955953083018e+01 1.223154259572319447e+01 1.940922668511197813e+01 2.956186111937127592e+01 2.902178844236526345e+01 2.485425341846930536e+01 2.282723941037295745e+01 1.859368450220683400e+01 9.485429105851816090e+00 1.012071026963620923e+01 2.026087400207336842e+01 2.378906040734812422e+01 1.741472975445187998e+01 2.196303972763388046e+01 2.923145235302246547e+01 3.952813413151572064e+01 4.172399060082739197e+01 4.214020935391673817e+01 4.626247429904280750e+01 4.495868439862448440e+01 3.978882126463778235e+01 3.555427774926076268e+01 2.769625684697142276e+01 1.729195007002142859e+01 1.524254227193903333e+01 1.325132148714002511e+01 1.131082353598638868e+01 2.065463771048675667e+01 2.764632544722246621e+01 3.339163166507289304e+01 3.460918111812011233e+01 3.700921073266480477e+01 3.288837950123137688e+01 2.699518490413337091e+01 3.295342958977869330e+01
2.742714195581618242e+01 2.403367857866004798e+01 2.130567082773669441e+01 1.116950012372171308e+01 1.984315782740750223e+01 2.405617941929063264e+01 2.485054294843820344e+01 1.471696412162435408e+01 1.769519194221390990e+01 8.714271160005170103e+00 1.404066065847784550e+01 1.683731415259165587e+01 2.439002285849988638e+01 2.766194858792287192e+01 1.741472975445187998e+01 2.766180065760560325e+01 3.649394552617869891e+01 3.991843476967518711e+01 3.290696042760249185e+01 3.219388341768802775e+01 4.051899612249437865e+01 4.499197509401355433e+01 4.085977694486209799e+01 4.189000336177785044e+01 3.201047527009259852e+01 2.769492005870166551e+01 2.465518545277702245e+01 1.862756235618931910e+01 1.131082353598638868e+01 1.749110611135582261e+01 2.658878456475795105e+01 3.022737063470624364e+01 3.022202025926643998e+01 4.024520525513830904e+01 3.726925985362117189e+01 2.699518490413337091e+01 3.428369113294921533e+01
3.360991458568708623e+01 2.340587703375695483e+01 1.621648224781809233e+01 1.985009918728618317e+01 9.821970263712151095e+00 1.845271297579241576e+01 2.262107774739704169e+01 1.762754224979477513e+01 8.019941873839485424e+00 1.769437389527506355e+01 1.247841337900830361e+01 2.210176854605152030e+01 3.034897953943403692e+01 3.194149837403177372e+01 2.463615684546567763e+01 3.194149837403540459e+01 3.717885600892889642e+01 3.306113275295242460e+01 2.633943634630726649e+01 2.668351347670693130e+01 3.639769539718733427e+01 4.085977694486214062e+01 3.057697838571159110e+01 3.358858426786188289e+01 2.748860595846837995e+01 2.789682490334204346e+01 2.624555236643561074e+01 1.492215696119564150e+01 1.097015622939421675e+01 2.064770660310664141e+01 2.522902995731021036e+01 2.029507712788459273e+01 2.725362408816990367e+01 3.740679181387708496e+01 4.145697711261049534e+01 3.726925985362117189e+01 4.032371270740898694e+01
3.361044590683334121e+01 2.340588048193247772e+01 2.639472849582415392e+01 1.985009888541049250e+01 1.548084269951697500e+01 8.639498348344693213e+00 1.712339948470461692e+01 1.621962259126360451e+01 7.541840051292763469e+00 1.411823309510314672e+01 2.223053723807989002e+01 1.697912140593707164e+01 2.389163911075429780e+01 3.425040986336667714e+01 3.496715709325274446e+01 3.469197993559738080e+01 3.065287917360645409e+01 2.363546155342095290e+01 2.199339394727987340e+01 3.120524674872569548e+01 4.051899612249408733e+01 4.085977694486498280e+01 3.057697838571159110e+01 2.333426794788750769e+01 2.042739509474045434e+01 1.800080602583220468e+01 2.405291950914402221e+01 1.158967537121084668e+01 1.062246447776477254e+01 1.313029183918616205e+01 1.573359734088662520e+01 2.526123196519018776e+01 3.021991765642091465e+01 4.022918108067145226e+01 3.717355235903692545e+01 3.293715433189752417e+01 2.987754169553096517e+01
3.780113191012630125e+01 3.361044590683334121e+01 3.422062113237490877e+01 2.983159722201246211e+01 2.265137869254274250e+01 1.712162807173492141e+01 7.585537550976461318e+00 6.850080293524247743e+00 1.624013059848599383e+01 2.134140762017349857e+01 2.849859736354907014e+01 2.389112536832834266e+01 2.389110491009721926e+01 3.422542418372336925e+01 3.740456380533275649e+01 2.785624585276597642e+01 2.186446494160872334e+01 1.885482271034642920e+01 2.725201209733311813e+01 2.859632442529357021e+01 3.915049302647492624e+01 4.380525745388554526e+01 3.358874035407301761e+01 3.358874035411113113e+01 3.049687464931661296e+01 2.450259087404180391e+01 1.450854357259504646e+01 1.928015038810747939e+01 1.026470738659460302e+01 2.000250063395055733e+01 2.485982565246689546e+01 2.518330598423560218e+01 3.491355686219755228e+01 4.027793742202643301e+01 2.987598615183387096e+01 2.259552476339846194e+01 2.987754169552393790e+01
3.899949838667689050e+01 3.805998890147741776e+01 3.391102449912955308e+01 2.983636445670781967e+01 1.988108720824100573e+01 1.619844165183088336e+01 6.850080293524247743e+00 1.621464987552484871e+01 1.438167764110554714e+01 2.143604676659883879e+01 3.163190700453896298e+01 3.422284796296273157e+01 3.422509979786828183e+01 3.856396044382098154e+01 3.940836051836852505e+01 2.815705775710487657e+01 2.545273012105290533e+01 1.680910131562983878e+01 1.827951314295598451e+01 2.546684377402878852e+01 3.615155905679453241e+01 3.719326662001331130e+01 3.313212700153187029e+01 3.714249136384455596e+01 3.427383011388917566e+01 2.834607413508164342e+01 2.152903743598741926e+01 1.107185807728297533e+01 1.026470738659460302e+01 1.115886367699199688e+01 2.094602510460778433e+01 2.681389944022836147e+01 3.441282484468137426e+01 3.354017425206230740e+01 2.928054762282977208e+01 2.259552476339846194e+01 2.850986761848534101e+01
3.309561224181133099e+01 3.391102449912966676e+01 2.386644670098560539e+01 2.680843534244078441e+01 1.989439778057169761e+01 1.063487166913226467e+01 6.408629916516355607e+00 1.280382951329097097e+01 2.260691767542763131e+01 2.677721914564076400e+01 3.114399298598617349e+01 4.070994677119677618e+01 3.330175857751387980e+01 2.896559269451965690e+01 3.329597515781782135e+01 2.865655328441842897e+01 1.805506555808129221e+01 1.492272510171613042e+01 2.387653386916350229e+01 2.691530025036851015e+01 3.654762962388000602e+01 3.225867331709859087e+01 2.325455896827825697e+01 3.224347069748232286e+01 2.996346217696778069e+01 1.998393479007873808e+01 1.858855130558056601e+01 1.866520058951995509e+01 9.894941676097651850e+00 1.971303427671269048e+01 1.256081320199138496e+01 1.970680495458153203e+01 2.860258578767179927e+01 2.617548925957634509e+01 1.921961249727567633e+01 2.928054762282977208e+01 3.719065444962545541e+01
2.888449870907880168e+01 3.391102449912978045e+01 2.386644670098560184e+01 1.688792693308559123e+01 1.771099919452201732e+01 8.277774475048529368e+00 5.914364714158383940e+00 1.520870324617788150e+01 1.894134421295541770e+01 1.572006795816753488e+01 2.676969514925958649e+01 3.042199136249282176e+01 2.819007086587182442e+01 1.878841240742799812e+01 2.818465959955779354e+01 2.800880444677141057e+01 1.937390713486599836e+01 1.328322368102167772e+01 1.876263973457227863e+01 2.720815609411259217e+01 3.469319253159530092e+01 2.821116468532789767e+01 1.882102986092625230e+01 2.821049463590049911e+01 2.671656420720384162e+01 1.268773047913149377e+01 1.296890622699176276e+01 9.393310965792746714e+00 1.600399648971798783e+01 2.383869202655529662e+01 2.262938346310247439e+01 1.435894786762646724e+01 2.438201302429613904e+01 1.627132772934055183e+01 2.617547651910002671e+01 3.353692264108734378e+01 3.841894547300681495e+01
3.041870910255426708e+01 2.590022620738022496e+01 2.790471916959420895e+01 2.188132105163747809e+01 1.211095100248464718e+01 1.479669038960747685e+01 5.363819763634234405e+00 8.533161107046364435e+00 8.321262936795827514e+00 1.256417185834123629e+01 1.876579905250225266e+01 2.958169671466015416e+01 2.374838386627778064e+01 1.392194696655198527e+01 2.384585988944808932e+01 2.307695524723921565e+01 1.917155922197462559e+01 1.182474280938600764e+01 1.837409150590378459e+01 2.759804446157811242e+01 3.061277549962431976e+01 2.101412330025781117e+01 1.626004572072055510e+01 2.168969613805170127e+01 2.186794074612457450e+01 1.465675337002674183e+01 8.877531336705448695e+00 1.812957338824668341e+01 2.314293986847316731e+01 2.774307413396610755e+01 2.858634413233859917e+01 2.438201065983307814e+01 1.627132772934055183e+01 2.617548912622038415e+01 1.945499402635112673e+01 2.379687657106713061e+01 2.975980456528211349e+01
2.331995200898932907e+01 1.437882283949361906e+01 1.691730593936309646e+01 2.409021697147309027e+01 2.178798606554661532e+01 1.638576848978343392e+01 1.149057070130998959e+01 4.544375601036050760e+00 1.462369003501689768e+01 2.312170448678795864e+01 2.738992885770199948e+01 2.421488876665052814e+01 1.873767493858210642e+01 1.073040388676419887e+01 1.676527968195428286e+01 1.752113565197877421e+01 9.847823275983094149e+00 1.917155779653240444e+01 2.498896558751147268e+01 2.833925100275356002e+01 2.755281987490084461e+01 2.882775994230227568e+01 2.168972895403343060e+01 1.330005845974567258e+01 1.819721563466787728e+01 8.412961794118816172e+00 8.412961794118816172e+00 1.847816887621324966e+01 2.480266860340456958e+01 3.356640175628419343e+01 2.618570527971061424e+01 1.627132772934055183e+01 2.617548912622038415e+01 2.079947029395321323e+01 2.953599793212429248e+01 2.358370227843267841e+01 3.090681586473455056e+01
1.585566909774694011e+01 8.128824775395411706e+00 9.799717007244744593e+00 1.937700615896467937e+01 1.873209328021950881e+01 1.007735637793305372e+01 3.762377833620809131e+00 1.120398153918437245e+01 1.165452354148532166e+01 1.953089255734658636e+01 2.427870419991096185e+01 1.575781191950103732e+01 1.676104789370170067e+01 1.385233402948818515e+01 6.537520049868522420e+00 7.938442233267890558e+00 1.609954558711023509e+01 2.169676220613122197e+01 2.103219639826415133e+01 1.922159743785762132e+01 1.714757590073337212e+01 2.121508454254008313e+01 1.706251153276042487e+01 1.861236015819709166e+01 1.023465860273114281e+01 1.785076316520775919e+01 8.412961794118816172e+00 1.062905709792911857e+01 1.752741834236408280e+01 2.830572814585323371e+01 3.046655333707327884e+01 2.185939775996554602e+01 3.043583295970314140e+01 2.425152330028603842e+01 3.462759494956594608e+01 2.775274788760503242e+01 3.395015246793560948e+01
1.196362400211530641e+01 4.234986841716367856e+00 1.047681558555081871e+01 1.223736433892647746e+01 1.353958071831174337e+01 1.137346433053742878e+01 3.334232870977964946e+00 1.275531751354720278e+01 6.255695022808470007e+00 1.534606672234002289e+01 1.883365377441359101e+01 1.679300820177459741e+01 9.105352243699952552e+00 4.494796117409088687e+00 1.306946046336596190e+01 1.347472728499681160e+01 1.447097604534154236e+01 1.544260969023980223e+01 1.244517519384597293e+01 1.562301161813892847e+01 1.051352028618084766e+01 1.109234950830511224e+01 1.516444907856690349e+01 1.468190181071451939e+01 7.710596487169262936e+00 7.710596487169262936e+00 1.800006452873314089e+01 2.051290676849310657e+01 1.410035788201565055e+01 2.406488767995557865e+01 3.284132445832458558e+01 3.217280473061083512e+01 3.647316325512279178e+01 3.022707731164761924e+01 3.273101637327408753e+01 3.824488488465801339e+01 3.521501748706213419e+01
2.128890973079707205e+00 2.423943996126371125e+00 2.423943996126371125e+00 2.423943996126371125e+00 1.129466599205163391e+01 6.143041354309323410e+00 2.931704778499964359e+00 2.931704778499964359e+00 3.172443334632481626e+00 3.172443334632481626e+00 1.350032216532322771e+01 1.196119867474473430e+01 4.039357643607188741e+00 1.387191787603208226e+01 4.494796117409088687e+00 4.877828409453550229e+00 5.300715702571038968e+00 5.687374514798364089e+00 6.026238077473757393e+00 6.331048391284027410e+00 6.603582455570379040e+00 6.873044297547169279e+00 7.141502906470388545e+00 7.141502906470388545e+00 1.756090275340904583e+01 1.998062737073696837e+01 2.009239595670448963e+01 2.814503993567431195e+01 2.406488767995557865e+01 1.819310382943012172e+01 2.394203928676570570e+01 3.455196683932886259e+01 4.476442747209850381e+01 4.063881383823852644e+01 4.305471284856781722e+01 4.712791738085426374e+01 4.555375941496485837e+01
1.171844674635842765e+01 3.089422004075824901e+00 9.562345744132374037e+00 2.423943996126371125e+00 2.423943996126371125e+00 2.562549834243220470e+00 1.342334332484274562e+01 1.276888146998289741e+01 6.723904126492938005e+00 8.627375217825422382e+00 3.389403394051335283e+00 3.693696344053556846e+00 8.245168591950207571e+00 1.541968335117983990e+01 1.557741947118203107e+01 1.576465197559586784e+01 7.702156150180924143e+00 9.422568687442177904e+00 8.782093027389670681e+00 1.273381456025242109e+01 1.605755793001593190e+01 1.382126184451260187e+01 9.771970295645399318e+00 7.670978567333607501e+00 1.759900669506041382e+01 2.244068668294807267e+01 2.826189880871852722e+01 3.613761617847720942e+01 3.284132445832462821e+01 2.313785623952996318e+01 3.284132445832461400e+01 3.895785646602998042e+01 4.038341288366346049e+01 4.446555864007407877e+01 4.130767455807070831e+01 4.419298750277241083e+01 4.534324916547745232e+01
