output/example/elevation_average_000039.asc
nrows	75
cellsize	133.333333333
xllcorner	0
ncols	75
yllcorner	0
NODATA_value	-9999
[rows 34 to 50 of 75, columns 37 to 73 of 75]
2.673107934943006398e+02 2.442304566410364828e+02 3.020118038630624824e+02 2.840247164969098321e+02 1.964560374710488304e+02 2.009330845287615830e+02 2.943161982106420282e+02 3.039901335752794012e+02 3.080784461567951666e+02 2.734251542377400597e+02 3.158666241161844823e+02 3.197603072258709744e+02 2.327826073172551844e+02 3.253270891525069146e+02 3.673924433223477877e+02 3.891438790947878488e+02 3.721537842337313009e+02 4.608668338138205627e+02 4.864784583673909424e+02 4.527190411116697533e+02 3.865282189605598546e+02 4.725089464572797056e+02 4.552234994017934469e+02 3.965835974736569369e+02 4.845626989688807953e+02 5.534455942825735519e+02 5.475399741025941012e+02 4.988847488145611919e+02 4.598385574899754147e+02 3.893371177554413975e+02 4.758807638459347231e+02 5.039193968005444617e+02 4.363356554946930146e+02 4.513048413502031053e+02 5.378842135647267924e+02 5.466726272023373667e+02 6.063417069977382425e+02
3.290973662296581779e+02 3.161420580067267565e+02 3.401839171267327515e+02 2.516214421013078493e+02 2.899224094464769905e+02 2.217519913361379622e+02 2.290471245069878137e+02 3.216510025546222096e+02 3.875823711560007609e+02 3.648347093345270764e+02 4.012391344510878071e+02 3.621955499870303470e+02 3.212103614269352647e+02 2.386652539442647480e+02 3.310954283226957955e+02 2.983629751022090204e+02 3.891531593722158959e+02 4.512360381507163538e+02 4.332286816588465399e+02 3.662415813155452611e+02 3.518472355755991430e+02 4.288095798746748528e+02 3.663555983759217725e+02 4.551915189126661403e+02 5.186061437234412779e+02 5.357737471248017300e+02 4.861711477898369935e+02 4.256814569566541877e+02 3.748742019739694342e+02 4.636375063384901409e+02 5.127803601394912221e+02 5.573693821779903601e+02 5.033477448433188783e+02 5.060650509574760463e+02 4.863657544449251304e+02 5.719899352634041634e+02 6.047769635897151375e+02
3.622588391094993199e+02 3.894642445808528919e+02 3.801700625322898759e+02 3.062964210917463106e+02 3.351686862169108281e+02 2.441453618123080958e+02 3.213332984323101869e+02 2.592779713859629851e+02 3.508742825143278878e+02 4.199824726129460828e+02 4.707169210226187488e+02 3.993492207248587533e+02 3.094972163276020751e+02 3.296880545968124352e+02 2.446009415430404488e+02 3.368769429870529279e+02 3.338385588492266152e+02 4.119539477392929143e+02 3.782607486282641389e+02 3.066528289410242678e+02 3.227489337987040585e+02 3.394773491429245382e+02 4.291141878633637248e+02 4.551943254209493261e+02 5.414855693269510084e+02 4.739046677311894769e+02 4.134611073033851767e+02 3.616341887501772021e+02 4.507616155777730000e+02 4.116499081756426222e+02 4.741900178995491615e+02 5.600920468325870161e+02 5.866714700482514218e+02 5.908453239846711540e+02 5.433636050457145075e+02 5.262957366498540068e+02 5.901251619973722882e+02
3.277543792098333029e+02 3.896646737859793461e+02 4.310847811836803771e+02 3.967947218518479531e+02 3.362464430011662557e+02 3.362977950709592960e+02 2.808590446398688414e+02 3.510523683098109586e+02 2.930617929658253615e+02 3.458614842841186032e+02 4.349721973034579037e+02 4.360354318740843382e+02 3.969155012486667715e+02 3.305658777790648628e+02 3.368820261817696178e+02 2.506035432712443196e+02 3.427008363231588532e+02 3.604729533724862449e+02 2.871532394084506450e+02 3.782681044365599519e+02 4.125588795131678808e+02 4.281836247664460302e+02 4.118166089590845331e+02 4.993249441172502543e+02 4.618895211274785311e+02 4.261943304751444543e+02 3.488627630295148947e+02 4.383394202028756581e+02 4.346570628932740306e+02 4.992475654461558747e+02 4.559825575679960821e+02 4.923723520334272621e+02 5.532701182088552514e+02 6.368142528178925659e+02 6.271975316898057144e+02 5.850896970526733867e+02 5.872116166440498546e+02
2.615232444387055466e+02 3.532100863466287137e+02 4.085302138577027335e+02 4.459492488971665125e+02 4.258353461917885738e+02 3.472148595539122766e+02 3.720476446401644921e+02 3.297060384343848227e+02 3.838925577249636945e+02 3.362257167617959794e+02 4.057296293324670273e+02 4.924316080976320791e+02 4.559112961855944377e+02 3.877483928616964022e+02 3.007061775395627592e+02 3.426903910250635477e+02 2.566262580692147139e+02 2.690988790058297013e+02 3.607084088494927983e+02 3.498076205475726965e+02 4.097723598569157275e+02 4.972481839046996015e+02 4.992934957278213801e+02 4.902079316527671153e+02 4.034402368632562457e+02 3.363686851951176777e+02 4.260846198462020311e+02 4.739028824838707123e+02 5.216554334751020860e+02 5.562447868286681114e+02 5.424012652487425612e+02 5.751970284154248247e+02 5.777234031424543446e+02 6.605119037893423410e+02 6.524237719319451116e+02 6.678086408349944350e+02 6.696068523634844496e+02
3.531959826654046992e+02 2.909476192650292887e+02 3.200908107378920704e+02 4.102419037380018381e+02 4.720551682648073211e+02 4.128738563574411273e+02 4.511449159344905411e+02 3.689909609557775525e+02 4.540560304550182309e+02 4.057399001593456092e+02 3.972199530872345008e+02 4.848553297881015851e+02 4.527700103298872136e+02 3.642169514435615270e+02 3.891198807724728113e+02 3.311919247691435544e+02 3.485953182388265077e+02 2.630889422895266421e+02 3.285333112039090793e+02 4.184920463723221928e+02 4.745909305502021311e+02 5.091947505489694663e+02 4.753094341296630319e+02 4.436528360655359506e+02 4.077230347812708260e+02 3.276958514756831278e+02 4.177496007164879757e+02 4.484944420558900333e+02 4.497356173436435256e+02 5.363281100430997412e+02 5.499087004934946208e+02 5.843573564629959947e+02 5.823447163359054457e+02 6.123774773715105084e+02 5.699501736990112022e+02 6.203403018004906926e+02 6.543430825471732533e+02
4.028226186048967179e+02 3.247105315703286692e+02 4.066010165469502908e+02 3.743206686460272294e+02 4.629824428428008787e+02 5.002965832851620576e+02 4.930087910069970007e+02 4.577383648338049511e+02 4.929914707770913651e+02 4.924466317017719916e+02 4.850092755277945571e+02 5.193420338401851950e+02 4.887297116880243379e+02 4.374780122329367487e+02 4.567688741981979206e+02 4.199387506502566794e+02 3.591723525092584737e+02 2.676623172067781411e+02 3.592900181447854493e+02 3.999108277307561252e+02 4.287498765688987987e+02 4.646987762006596085e+02 3.867865454456389784e+02 3.977972878319085339e+02 3.173837886960641299e+02 4.077293010027813693e+02 3.468267310033209014e+02 3.605735689113831199e+02 4.497347642071788982e+02 4.818709021852116052e+02 4.639087001634129024e+02 5.155801973166160224e+02 4.972282705588610270e+02 5.544956285007294809e+02 5.070741326707810686e+02 5.380816915360048824e+02 5.748540386622497635e+02
4.471347237105172212e+02 3.699650794208870934e+02 4.471238546914879066e+02 4.414957640112356785e+02 4.629248315013774118e+02 5.490192591755578633e+02 5.479493419447602491e+02 5.127122344454320455e+02 4.986349349150311241e+02 5.072167280675561756e+02 5.416290068938108107e+02 5.468269739486390790e+02 5.335723659236601861e+02 4.961596369554391686e+02 4.147886930516719417e+02 3.538736767975435100e+02 3.090029638396134146e+02 3.593002680626991605e+02 2.742005269051018104e+02 3.656981411116447589e+02 3.393018680498598769e+02 4.128347454885455363e+02 3.903775899777280074e+02 3.071756623163875588e+02 3.977864650260074200e+02 4.431762600983310563e+02 4.363527802706323655e+02 4.492959515738046434e+02 3.811819482541237676e+02 3.963317635812002209e+02 4.125259778905455619e+02 4.299832499268989636e+02 4.486716398913998205e+02 4.694267117647769965e+02 5.197531665801160443e+02 6.043836704480180515e+02 6.543095856176081497e+02
4.902861299458387521e+02 4.284463471127166372e+02 4.860318571715879443e+02 5.215156581148536361e+02 5.368687806058103433e+02 5.018660347369118426e+02 4.956183452639228904e+02 4.268256088328065516e+02 4.116324050737273978e+02 4.204447525262891077e+02 4.881880271831253140e+02 4.621443766641140769e+02 4.990353146938502960e+02 5.162107096802693604e+02 4.789215384916346352e+02 4.107663874788724456e+02 3.569993027536760337e+02 3.581231988562274751e+02 3.657061168868174263e+02 2.807268102456031329e+02 2.853659279304052347e+02 3.765850583596903220e+02 2.995583712179540044e+02 3.903724899995847863e+02 3.187683742473795974e+02 4.090617092538610109e+02 4.530242335224355088e+02 5.040308903500262545e+02 4.697775578720358567e+02 4.494248185577092727e+02 4.997059277034661022e+02 5.166582697342882966e+02 5.346517535770218501e+02 5.333443066966714241e+02 5.896773208977150489e+02 6.379374022968163445e+02 6.679460656995291856e+02
5.188884844272146211e+02 4.797516876726301689e+02 4.955028976766280948e+02 4.860397154450540143e+02 5.007017463067571157e+02 4.154563270307833136e+02 4.088199807182834320e+02 4.343819553785116909e+02 3.507430052407598282e+02 3.688773043715060567e+02 4.321578473994020442e+02 3.975577525649744643e+02 4.847142607259835927e+02 5.521305319855880498e+02 5.232491360958016458e+02 4.819948189182691749e+02 4.168976844171693301e+02 4.388104754564732843e+02 3.987824027428918612e+02 3.155237926312766490e+02 3.765493480694385084e+02 2.919315530794424944e+02 3.829523764473120764e+02 4.263720603149795352e+02 4.090678343348363342e+02 3.303317658073247003e+02 4.203037630476635513e+02 4.637494559904400830e+02 5.129631059422038106e+02 5.330929678865353480e+02 5.705177788384634141e+02 5.687950887840646601e+02 5.979666196976253332e+02 6.163759633211559503e+02 6.421045074367907546e+02 6.086470706351157105e+02 5.853725116856419390e+02
5.218570638294694390e+02 4.716485226357414149e+02 4.615214268059984875e+02 4.037494405477005444e+02 4.576047829544252750e+02 4.282543634061859734e+02 3.466539622116141004e+02 3.883690827477552148e+02 3.157213418016916080e+02 3.292469881472462134e+02 3.438299406681938422e+02 4.321249812709150433e+02 4.724287197478125790e+02 4.675146214346404463e+02 5.293085744040854479e+02 5.272702768885247906e+02 4.997210540075533913e+02 4.464335748201937122e+02 3.765816391501041380e+02 4.058809463261562769e+02 3.217438262110582059e+02 3.829757986473507572e+02 3.059893457269468513e+02 3.966107082257468051e+02 4.462362124182798766e+02 4.202740418189596312e+02 3.420055672454728324e+02 4.316366994708326956e+02 4.261056076280351590e+02 5.133367899790125648e+02 5.096018137911971735e+02 4.832622367557068515e+02 5.688025405618326431e+02 6.064700161303135246e+02 5.726892309847759179e+02 5.242841868181774316e+02 5.728659644342760657e+02
4.390554137288782499e+02 4.579496667488917296e+02 3.938367376393073869e+02 3.436980208346894869e+02 4.214249942287744943e+02 3.916202550907217983e+02 3.733245929974461887e+02 2.980698440705353391e+02 3.883818979969620386e+02 4.180364135250898698e+02 4.324909091248063078e+02 3.673457078517714081e+02 3.873761515099178041e+02 4.088272683771849643e+02 4.874498275414983368e+02 5.563039144256545114e+02 5.562261380968169533e+02 5.006530792191788350e+02 4.653726319842064072e+02 4.321230452186763955e+02 3.436279342174309477e+02 4.280180709686148361e+02 3.966272147363058025e+02 3.200912155935218948e+02 4.098487619725495392e+02 4.670886030519136511e+02 4.316326690353016033e+02 3.538873490851959787e+02 4.431877063689638021e+02 4.635634043658625387e+02 4.222783976371601966e+02 5.096055100032659197e+02 5.749541434663558448e+02 5.424412386809689224e+02 4.872102373866532616e+02 5.726680915328539641e+02 6.421188719244375989e+02
4.564055152433035119e+02 4.599519792820599378e+02 3.889936840727592653e+02 3.014559814754516083e+02 3.860434453921808995e+02 3.589076072170562384e+02 2.825902060528990205e+02 3.703918719561870034e+02 3.475116940612724079e+02 4.364273041870374072e+02 4.905567837184750033e+02 4.217345754643588407e+02 4.262606791076395325e+02 4.951909573595265783e+02 4.474066868134084984e+02 5.327975797888907437e+02 5.372380260453959409e+02 4.935212506099036887e+02 4.307232025331707064e+02 3.793663419457862460e+02 4.334356575377117906e+02 4.689458283479679608e+02 4.199582894091133767e+02 3.301867304522644417e+02 4.199024224786910509e+02 4.701974780555090661e+02 4.786907204128086164e+02 4.432055689988300173e+02 3.661252577085736561e+02 3.749345148274558142e+02 4.636484153942388389e+02 5.070259954627999264e+02 5.151667826388656977e+02 4.560507220112688174e+02 5.424408755886877316e+02 6.065836432982323458e+02 6.335174101739128218e+02
4.370540857941010700e+02 3.996074563355379610e+02 3.371905785794662052e+02 2.705808925933935143e+02 3.446579933534537190e+02 2.677386983061131218e+02 3.536174486613564341e+02 3.601089388074110502e+02 4.354544115776736817e+02 4.111012584603531081e+02 4.982158958859738505e+02 4.890478305357423210e+02 4.887737134302607274e+02 5.110436323003740995e+02 5.191346142470171117e+02 5.091979454195386552e+02 5.503471151158501016e+02 5.220870697639852551e+02 4.803779583457072704e+02 4.143123269248852125e+02 4.958954976941417954e+02 4.831120850239852302e+02 3.952680740968560826e+02 4.201475926682310842e+02 3.450594332782868605e+02 4.346226028632111138e+02 4.862557545461710902e+02 4.904290656435770188e+02 4.295783210035840511e+02 4.635890429380678484e+02 3.880446546643418060e+02 4.764005505377074883e+02 4.279880423239727634e+02 5.151712071184103934e+02 5.706707929652385474e+02 5.498087890056444849e+02 6.333990969629544452e+02
4.034859173483897052e+02 3.195758390757707730e+02 3.137289557407759162e+02 2.431764283226868884e+02 2.532132232026233680e+02 3.415214013227065379e+02 3.951764559833686690e+02 4.472197016500606424e+02 4.839718768167734879e+02 4.981771037219265281e+02 5.327886775697031680e+02 5.700545510744941566e+02 5.733238272957308936e+02 5.950583166287771064e+02 5.949301979636645683e+02 5.920856963702693747e+02 5.553591452576541769e+02 5.656945071626914796e+02 5.319556631601781191e+02 4.599154710639766677e+02 5.163249602254345518e+02 4.954592424162042903e+02 4.673757531661097460e+02 3.818264291482718136e+02 4.346331694695164174e+02 3.617608994976312715e+02 4.508349689658655279e+02 5.029619264810588106e+02 5.167189626857991698e+02 5.114823855303271216e+02 4.764027335798283502e+02 4.014856328665493947e+02 4.894496707584245883e+02 5.245120636525367672e+02 4.882126108460062142e+02 5.696949395637732323e+02 5.655358622058357696e+02
3.463793513249594298e+02 3.095344147361069531e+02 2.299504106008500628e+02 3.221550808926952527e+02 3.444285874391071616e+02 3.812479668139562250e+02 4.225044976313587881e+02 4.588732351752188947e+02 5.071222172316054184e+02 4.723068714282522933e+02 4.988661443862935130e+02 5.520640576706105094e+02 5.592708072478945951e+02 5.674254148821017907e+02 6.011827557554804571e+02 5.928676775004372530e+02 6.077361921103985196e+02 5.499148663979239018e+02 5.093834866658119154e+02 5.275700695668994058e+02 5.514268608456973197e+02 5.044332377126177676e+02 4.223751511709118631e+02 4.704387127552307106e+02 4.747943575011166786e+02 4.508551876322589465e+02 3.791696924519960135e+02 4.677645890049481068e+02 5.214304417816276782e+02 5.698126085317099978e+02 5.243883373620145676e+02 4.642114288736872822e+02 4.175688773034742098e+02 4.383893061083671796e+02 4.661210978424271616e+02 4.955512600511997903e+02 5.563653395899762018e+02
2.997205785495071950e+02 2.169543503000007547e+02 2.279402066787012302e+02 2.390482684105850808e+02 3.309781316087032224e+02 3.572326642656153126e+02 3.339366642913951182e+02 4.227322796751181500e+02 4.270393758665209702e+02 3.844865303493095894e+02 4.342850368046391623e+02 5.192044320403415441e+02 4.749731646685621627e+02 4.824628907098897344e+02 5.295394799219695869e+02 5.085758978718363323e+02 5.927978431929149110e+02 6.021985876775611359e+02 5.846875476715966897e+02 5.948090491477181558e+02 5.674376880118545614e+02 4.879250043896994384e+02 4.663604035503740874e+02 5.411358125156540382e+02 5.116123728860204665e+02 4.286744666322792909e+02 4.673323581746513469e+02 3.984353504195545952e+02 4.488923103715245588e+02 5.354402174934492677e+02 5.845419162934916812e+02 5.398224814508433838e+02 5.049429383605788644e+02 4.373358392534585164e+02 5.242769430827397628e+02 5.786348157171079265e+02 5.807965206799868838e+02
