output/example/elevation_000232.asc
nrows	75
cellsize	13.33333333
xllcorner	0
ncols	75
yllcorner	0
NODATA_value	-9999
[rows 34 to 50 of 75, columns 0 to 36 of 75]
4.159999999999999636e-03 1.000415999999996330e+01 1.235329402742009819e+01 7.693928468744587690e+00 1.511644060007837176e+01 1.930274118969339625e+01 1.723115869559158853e+01 9.825131573615754732e+00 1.987505793836318801e+01 1.708448893388716527e+01 2.157297875894708383e+01 2.748264201108338156e+01 3.808766309632205349e+01 3.403906750252985347e+01 2.478846057973128225e+01 1.914010444395562160e+01 1.649054438266926681e+01 2.318425950658541268e+01 2.318469417955039447e+01 2.754025330505211855e+01 1.780947060370506563e+01 2.248989433237195712e+01 2.945675179486171302e+01 3.528222504822741712e+01 3.041302876723680981e+01 2.161014465459276579e+01 1.887713104409255038e+01 2.959277315847304024e+01 3.749848565223148000e+01 4.264415266880337185e+01 3.948351577436448423e+01 3.379651343996106050e+01 2.701839157791858881e+01 1.702039868547567636e+01 2.447648184971521346e+01 2.856890403995475580e+01 2.758846817977732968e+01
3.329999999999999627e-04 1.231247888094426424e+00 2.471594914028548917e+00 3.752200970253988910e+00 5.127661229820340338e+00 1.515857022844704716e+01 7.179659387738416498e+00 1.723099487128698470e+01 1.300014849257183336e+01 2.306736742874112878e+01 3.149879729929697447e+01 3.620619747699250013e+01 4.254054089221926915e+01 3.784462820046476850e+01 3.141613284675885964e+01 2.691827110511080434e+01 2.318516391424595113e+01 1.370794646986458787e+01 2.104544025596106138e+01 2.280154728338552417e+01 1.594551554283169104e+01 2.542541396643804674e+01 2.767682001802140590e+01 2.784870223698751701e+01 2.043553190984632906e+01 1.556560680083128112e+01 1.893448336208811256e+01 2.266664210364940502e+01 2.809000850421959328e+01 3.852274965342654411e+01 4.244686261313461983e+01 3.754972205304388666e+01 2.780580367021892485e+01 1.782758204006061220e+01 1.432981180245430153e+01 2.229036832420468883e+01 2.186439957580596527e+01
1.129999999999999928e-03 1.000112999999996255e+01 9.543286112214842021e+00 1.377841983778393953e+01 1.515857023593589048e+01 7.179659387738416498e+00 1.720791830103772568e+01 2.144460306644489478e+01 2.304416306429587991e+01 1.933716792819841856e+01 2.649847842855009361e+01 3.703509336407264385e+01 4.597754090476586697e+01 3.460673308326003195e+01 2.373654553691502045e+01 1.716790412642869867e+01 1.370794646986458787e+01 2.104544025596106138e+01 1.151758379726950210e+01 1.334398511442710777e+01 2.280154723119038351e+01 2.458989422346095566e+01 1.719941050383351921e+01 2.159585253751754408e+01 1.312393027384052679e+01 2.354226168941212194e+01 2.908170393904178042e+01 3.330637907882307047e+01 3.749848565223148000e+01 4.264415266880337185e+01 3.841118897367914542e+01 2.859291852422561675e+01 2.363153396734205458e+01 2.779564126914027611e+01 2.228740428316565669e+01 1.202736804461529907e+01 1.162893737885069889e+01
3.329999999999999627e-04 1.000033299999996217e+01 1.715764917551341284e+01 2.369196693701858436e+01 2.135309957441069528e+01 1.720791830178552573e+01 1.146765421760740011e+01 1.854772166379127540e+01 2.861807890883775585e+01 2.954519807391912067e+01 3.393250996326203506e+01 3.845660617833166839e+01 3.754063064304413189e+01 3.654740278514800167e+01 3.241894688011073811e+01 2.730024294689698650e+01 1.908583616517649162e+01 2.102085403133160213e+01 2.104540906128992361e+01 1.151758379726950210e+01 1.950264632468853065e+01 2.028004840506232753e+01 1.001654936494309922e+01 1.127559112963480992e+01 2.159603299623332973e+01 1.312393027384052679e+01 2.217520253901510330e+01 3.413722002371923026e+01 3.944964701845408683e+01 4.547273755160211550e+01 4.244686261313461983e+01 3.591951652729159861e+01 2.639390759667353592e+01 2.542679444012821577e+01 2.077820415878434090e+01 1.050157899079850843e+01 1.050157899079850843e+01
4.329999999999999539e-04 3.015546445777638418e+00 1.301554650067370567e+01 2.179519135237435989e+01 2.593733295150600782e+01 2.563523320471926326e+01 1.854535469745524878e+01 1.779852091865416597e+01 2.487556282625523707e+01 3.495408665151558125e+01 3.553590462961071239e+01 2.862088842859091287e+01 3.323514062358631094e+01 2.729848710759928920e+01 3.584378075837518907e+01 3.311144952970037991e+01 2.882943726484280234e+01 3.062947809286047729e+01 2.509678103404136351e+01 1.950264701364615050e+01 9.920215047177633139e+00 1.840486883486048697e+01 1.001654936494309922e+01 1.720100738496795145e+01 2.590787681749174354e+01 2.567879773529313070e+01 1.770815338288029750e+01 2.346374108668591774e+01 3.071923907080162408e+01 4.136743498480687009e+01 3.853333611521699709e+01 3.431647523534872590e+01 2.600678891440479745e+01 1.724600604116313107e+01 1.292549008879623251e+01 2.006050129024696815e+01 1.050157899079850843e+01
5.329999999999999452e-04 1.000053299999996348e+01 8.015546445777680162e+00 1.179519117587007848e+01 1.886625898897957043e+01 2.886625958735555386e+01 2.856123551764829216e+01 2.781869903261913635e+01 3.199924740938211087e+01 3.854826432868902231e+01 2.862382694423972751e+01 2.179158922418900346e+01 2.329497726780621747e+01 2.222521365677177485e+01 3.002950946977793478e+01 3.431196461933885189e+01 3.087069647162656594e+01 2.667175046178352460e+01 2.645979214904772547e+01 1.684940606369450578e+01 1.492308832583070277e+01 8.369542287681106529e+00 1.854721303366535423e+01 2.458272951794568328e+01 3.196482032317689104e+01 3.042034790178787773e+01 1.770815338288029750e+01 3.042034790178787773e+01 3.944954132128216884e+01 3.802424003651886153e+01 3.329834143156332971e+01 2.330172455882565430e+01 2.277850514030954443e+01 1.487789840914034656e+01 2.043827608694389752e+01 1.283333582622433333e+01 9.706955441661552442e+00
3.709999999999999756e-03 4.475845954999571497e+00 1.447584595499953508e+01 2.179519135237435989e+01 2.593733295150600782e+01 2.576620146986477877e+01 2.983444291569786699e+01 2.735952859574132034e+01 2.735952859574132034e+01 3.150414872508954645e+01 3.479566147891282668e+01 2.620638418539677517e+01 1.636293177587003100e+01 2.287711186558081877e+01 1.999844131942862546e+01 3.004188035361099551e+01 2.667019698425913887e+01 1.638474327778080308e+01 1.939737685866517936e+01 1.630379894188908096e+01 7.274040769317243971e+00 1.737694822123710736e+01 1.663044426684894717e+01 2.401010191778199854e+01 3.447717118856073881e+01 3.483492739197092902e+01 2.626330227639315140e+01 3.483492739197092902e+01 4.112621241160393026e+01 3.087251456583871345e+01 2.259867063812258792e+01 1.658763858110718914e+01 1.658763858110718914e+01 2.277850514029594109e+01 2.430067015525551000e+01 1.877202508070307019e+01 8.940351385484090585e+00
6.660000000000000121e-03 1.000665999999996281e+01 1.264081176427680120e+01 2.264081176427673014e+01 2.424808599033942969e+01 1.615071892750656701e+01 2.338178208103144584e+01 1.712122413999543369e+01 1.712122413999543369e+01 2.735952859574132034e+01 2.923323983902299261e+01 1.948287540690673580e+01 2.287711201259021365e+01 1.308692607820648846e+01 2.219918418322247078e+01 2.672142811189496925e+01 2.543589345772223709e+01 1.524237273863677622e+01 9.229757629291182042e+00 6.241386582943917460e+00 1.630372708034378704e+01 1.072798513480491245e+01 2.090068124610952083e+01 2.495783849156916290e+01 3.518805670510241868e+01 4.228814745555792598e+01 3.821168480493945196e+01 3.934701671964074166e+01 4.059879349658535119e+01 3.802423467630429599e+01 3.329840012133873728e+01 2.520854256890540768e+01 2.046863202293155481e+01 3.004920788731707759e+01 2.665240064063339887e+01 1.630522376525981798e+01 1.787071463437188967e+01
1.030000000000000013e-02 7.081367811865485251e+00 1.708136781186555098e+01 2.678294738800765273e+01 2.010989094565704605e+01 1.070754192573786767e+01 1.653944022395351254e+01 9.558568813522724028e+00 2.011995400056973793e+01 2.815067315393194747e+01 2.614656634786031475e+01 1.789545482619466910e+01 1.972666235373049659e+01 1.113886160905914124e+01 1.528342459284749211e+01 2.304296659290244875e+01 2.453701896659433856e+01 1.524677118114349916e+01 5.201045631871699548e+00 1.524640440812339293e+01 2.052866499334245987e+01 1.788452554418316964e+01 1.474816408673705581e+01 2.495783906288197684e+01 2.890633605698925024e+01 3.855428519447310265e+01 3.638882579284866381e+01 2.925307862787548530e+01 3.050334363145019267e+01 3.763945111959787937e+01 4.039962131986949601e+01 3.527625739788538795e+01 3.101137540263220060e+01 3.527624193420811594e+01 3.083048251673501028e+01 2.632702994598832902e+01 2.160777646664776697e+01
1.349999999999999985e-02 7.084567811865484899e+00 1.708456781186555062e+01 1.725297512866268690e+01 1.619550543732474779e+01 6.588874060971667390e+00 1.610323864375005698e+01 5.917599525012665396e+00 1.650105948178093840e+01 1.789798474000388495e+01 2.574890823551318420e+01 1.628239461907250174e+01 1.122804718961071835e+01 9.232495445391450062e+00 1.954873522112399087e+01 2.672143120509798564e+01 2.036459402621787973e+01 1.021913794026866462e+01 4.456560430090358516e+00 1.451907408237594233e+01 2.384037075770904934e+01 2.818151226341745286e+01 2.495783906287181253e+01 1.999594214010032189e+01 2.716228910810050579e+01 3.734514763882835808e+01 3.133668522723389316e+01 2.209921437903329888e+01 2.335512116012163375e+01 3.103319148264473881e+01 3.521363041741324906e+01 3.643552054042687161e+01 3.227346667372096789e+01 3.197897270722834762e+01 2.782841978111958525e+01 2.252858690305452782e+01 1.591998835183146710e+01
1.339999999999999872e-02 1.001339999999996344e+01 1.018190616191764519e+01 7.252973683978147790e+00 1.018190642858431083e+01 3.378809099489282541e+00 1.018190929121156429e+01 2.931091253719141143e+00 7.432702120907464405e+00 1.786837990033174606e+01 2.398167168236838620e+01 1.671597595252756818e+01 6.814364063400258686e+00 1.455054347188777619e+01 1.869867657084177637e+01 2.457178999559440413e+01 2.057178657225403740e+01 1.075795539022156255e+01 3.708547727127031735e+00 9.508121849371448775e+00 1.967206721191880447e+01 2.542240034038754359e+01 2.949213126689043918e+01 3.014477931988741943e+01 3.430623333528981078e+01 3.218599471461726580e+01 2.715436951205069960e+01 1.697710087033937754e+01 1.824796231682998382e+01 2.089458561193003661e+01 3.103319150184061925e+01 3.227346668454620016e+01 2.230732174662537659e+01 2.522633804498862631e+01 1.788043690628581572e+01 2.050062600960069759e+01 1.017639534038453242e+01
1.369999999999999864e-02 1.818919839708847963e-01 1.818919839708847963e-01 1.818919839708847963e-01 1.818919839708847963e-01 1.818919839708847963e-01 1.818919839708847963e-01 1.818919839708847963e-01 8.895673448448489395e+00 1.341210582018126551e+01 1.076545334766509043e+01 1.564309929501468766e+01 1.254834438336791536e+01 4.667173502394883045e+00 1.034912972617532212e+01 2.030587828975313514e+01 2.056063259708423985e+01 1.017032865546558185e+01 2.982954767217804282e+00 1.038626571045864821e+01 2.144297060736960958e+01 1.561643589266830290e+01 2.382140800789006008e+01 3.074033943151102832e+01 3.267378743201455649e+01 2.800110804725780866e+01 1.781372908625798246e+01 1.305587565273460804e+01 1.362287993788947382e+01 2.089458561183695551e+01 3.103319129186634129e+01 3.227346678124338553e+01 2.230732174664273515e+01 1.529239422913613566e+01 1.226699456948687761e+01 1.833779905494549922e+01 1.387655562548686916e+01
1.290000000000000001e-02 1.001289999999996283e+01 1.818919839708847963e-01 1.818919839708847963e-01 1.818919839708847963e-01 1.818919839708847963e-01 1.818919839708847963e-01 3.513354707330622606e-01 9.803920096329907352e+00 1.155442022465129170e+01 3.054016859377748805e+00 1.040877393655548566e+01 2.703800001522765228e+00 1.253335332638728694e+01 1.851104866619657230e+01 1.885481749225603565e+01 1.504467538963068129e+01 1.140731657072826977e+01 2.244655291364306748e+00 1.239669077416091447e+01 1.455084833637751984e+01 9.898934834484990120e+00 1.688855434835267744e+01 2.262401309636602775e+01 2.262401309586772413e+01 2.534605457150111008e+01 1.968314795751503965e+01 9.423147134466407948e+00 1.536635137773106230e+01 2.261369866149689400e+01 3.274129076350569534e+01 3.080206934496969495e+01 2.937143825069761149e+01 2.522633804498862631e+01 1.837411115135186890e+01 8.697438604043055577e+00 6.552184608299737256e+00
1.349999999999999985e-02 1.001349999999996321e+01 1.018190616191764519e+01 7.252973683978147790e+00 7.252973817313079330e+00 1.018190656191764454e+01 1.017543020999863224e+01 9.982638538412691886e+00 3.513354707330622606e-01 1.028188914492601036e+01 1.001246735648962805e+01 5.210809323582715757e-01 9.896254801303582482e+00 9.808720570126752136e+00 1.077594144953498834e+01 1.230319083465714769e+01 7.310894770058309788e+00 1.185801229242713140e+00 1.132375581247146812e+01 1.139750972576357313e+01 4.504559522161912355e+00 1.454957851022403226e+01 1.552574397661285488e+01 1.258553957262375356e+01 1.852588543962551526e+01 1.515699731037718578e+01 1.515699731170037801e+01 7.558370000030103064e+00 1.475244203495861228e+01 2.496690871091509578e+01 2.789790966987161980e+01 2.082576440993859634e+01 2.789790966987163401e+01 2.828411431438358647e+01 1.837411115132690398e+01 1.821195858493735287e+01 1.345825184087419579e+01
1.319999999999999993e-02 7.084267811865485598e+00 1.708426781186555132e+01 1.725297512866268690e+01 1.725297527146850030e+01 1.966080001969672963e+01 9.769623078238112157e+00 2.708369940371219808e+00 3.513354707330622606e-01 3.513354707330622606e-01 3.513354707330622606e-01 5.210809323582715757e-01 5.210809323582715757e-01 6.937055189335489258e-01 6.937055189335489258e-01 7.594604185246669026e+00 9.405821854102266455e-01 9.826625532846776423e+00 1.185801229242713140e+00 1.185801229242713140e+00 1.185801229242713140e+00 1.140858387996005341e+01 5.440799722825164331e+00 1.140858444445227171e+01 8.460522463852658603e+00 1.415682402823857444e+01 5.182601567425781042e+00 1.364788185715904589e+01 1.764249971931558392e+01 2.158047947242954478e+01 2.345083036233266682e+01 1.383501012264401453e+01 2.345083036233266682e+01 2.417219177419511311e+01 2.294197244352686482e+01 1.715730606403484515e+01 9.119716213232477386e+00
1.359999999999999924e-02 1.001359999999996298e+01 1.769066475897728452e+01 2.346415566118378138e+01 2.345139911854931114e+01 1.354035637522167335e+01 6.487852210909911932e+00 1.269032603262009751e+01 1.036186222210241858e+01 6.125186726723848452e+00 7.421387971374116432e+00 1.302877676157345732e+01 1.066970564127731080e+01 1.873978990314807413e+00 1.050383540108795621e+01 9.405821854102266455e-01 1.053100151002198537e+01 1.315020091914894351e+01 1.139528072821727811e+01 1.185801229242713140e+00 1.185801229242713140e+00 1.185801229242713140e+00 1.185801229242713140e+00 1.185801229242713140e+00 1.185801229242713140e+00 8.250168204130339689e+00 1.150726861707510551e+01 3.064458249379828469e+00 1.058072151197856492e+01 1.163359187113598736e+01 1.464521134579430850e+01 9.409284280142280465e+00 1.931464153624774482e+01 1.444453980755995204e+01 1.887462362987404418e+01 9.831846085977714367e+00 9.432995101334341825e+00
1.299999999999999940e-02 3.548533905932734100e+00 9.322036597828708082e+00 1.932203627206893515e+01 2.345267003236080328e+01 1.354038411862922864e+01 1.026591837647741201e+01 2.019849303029788956e+01 2.018026853760031258e+01 1.612259066418711484e+01 1.738218861057940501e+01 1.419347115421455996e+01 4.126305229925859130e+00 1.131099100856350859e+01 9.405821854102266455e-01 1.087701581590376776e+01 2.784011872646090513e+00 1.249286422628896887e+01 1.543495404629787338e+01 1.141934322374550703e+01 4.679446522264241182e+00 1.140858402458177423e+01 1.185801229242713140e+00 1.185801229242713140e+00 1.185801229242713140e+00 1.396389011940536218e+00 1.396389011940536218e+00 1.521404165565691580e+00 1.521404165565691580e+00 1.163351911395155014e+01 4.668725159154115012e+00 1.163719398004706562e+01 1.163719411338049170e+01 7.432956151365469388e+00 1.163719444513132828e+01 1.163717801161530652e+01 1.941083217732773258e+00
