output/example/elevation_000007.asc
nrows	75
cellsize	133.333333333
xllcorner	0
ncols	75
yllcorner	0
NODATA_value	-9999
[rows 0 to 16 of 75, columns 37 to 73 of 75]
6.984967174416677835e+02 6.973042053852574327e+02 6.963687475360472945e+02 6.972278172550327326e+02 6.979433015311703912e+02 6.990677953945232730e+02 6.993895869097914328e+02 6.998452320754628317e+02 6.998027203321103116e+02 6.998575701983983208e+02 6.999229761049185754e+02 6.999920398791595062e+02 7.000014547897379771e+02 7.000014724888852697e+02 7.000022811603832906e+02 7.000016238577112517e+02 7.000016840728777652e+02 7.000033377545911435e+02 7.000041376637423127e+02 7.000049510366310415e+02 7.000083389531592957e+02 7.000110147643099481e+02 7.000123823224346324e+02 7.000173540012867761e+02 7.000240958085879583e+02 7.000190738637772938e+02 7.000222016836852390e+02 7.000176743295924098e+02 7.000192384246350912e+02 7.000225484620229963e+02 7.000278661311642736e+02 7.000243549655585866e+02 7.000189119714643766e+02 7.000138585683644123e+02 7.000144702181444245e+02 7.000240786313552235e+02 7.000322069314265718e+02
6.962754159395586839e+02 6.907235523350809672e+02 6.811802258730722315e+02 6.854358913302052088e+02 6.930786920229320458e+02 6.954231029681083101e+02 6.990558971072939585e+02 6.992107010321996086e+02 6.980940101406164331e+02 6.989185116912024114e+02 6.997405384328283162e+02 6.999656586339800697e+02 6.999992987724575642e+02 7.000029298031112148e+02 7.000013590941568964e+02 7.000013585720975016e+02 7.000013585702112096e+02 7.000013585736835466e+02 7.000013586842185305e+02 7.000013600093510604e+02 7.000023546488026795e+02 7.000076455749414208e+02 7.000071972624265300e+02 7.000086200087239376e+02 7.000166095109060507e+02 7.000147709796756317e+02 7.000146750945463054e+02 7.000140045175040768e+02 7.000146565839369259e+02 7.000158488893482627e+02 7.000214882371824388e+02 7.000180288773834718e+02 7.000135260399526942e+02 7.000187405708397819e+02 7.000245335797125108e+02 7.000175958042975708e+02 7.000235972993577889e+02
6.866819952588266460e+02 6.793298944081991522e+02 6.451682560863348499e+02 6.680201466650771636e+02 6.819266152160111005e+02 6.963265607661934382e+02 6.971405326231039226e+02 6.961242004629959865e+02 6.910413202207696486e+02 6.973450080988897071e+02 6.994221011673366775e+02 6.999256540601659253e+02 7.000048317440944174e+02 7.000044917878877868e+02 7.000015059853253661e+02 7.000013585757858436e+02 7.000022338716090644e+02 7.000033807523830092e+02 7.000042104078621605e+02 7.000042941809814465e+02 7.000014140615479619e+02 7.000055708557973730e+02 7.000033104669334989e+02 7.000082351791000974e+02 7.000163344444337099e+02 7.000161872942142054e+02 7.000135712418590401e+02 7.000151242623984444e+02 7.000165455082075141e+02 7.000157573601209151e+02 7.000186421529505196e+02 7.000170337439033119e+02 7.000135077798149723e+02 7.000155158136427644e+02 7.000270340237084383e+02 7.000295422844970972e+02 7.000367903022829523e+02
6.455487293203922263e+02 6.485840245807788733e+02 5.955528606540543706e+02 6.474365191150861847e+02 6.866378425724628869e+02 6.836410531966247390e+02 6.872560876904428824e+02 6.731054763723088854e+02 6.961249254287693020e+02 6.991439868686286445e+02 6.997223841188957749e+02 6.999676769647559240e+02 7.000015028715387189e+02 7.000044070532871956e+02 7.000015105730668665e+02 7.000022988847435954e+02 7.000013657632157447e+02 7.000015972714151076e+02 7.000049300637992928e+02 7.000058774511643378e+02 7.000019064182203010e+02 7.000018533994229983e+02 7.000072829188322885e+02 7.000072131775315256e+02 7.000121745004095146e+02 7.000176212764941965e+02 7.000141421058170863e+02 7.000135037455530664e+02 7.000135017801858339e+02 7.000135015885410894e+02 7.000137777869450701e+02 7.000135015940920766e+02 7.000170844490777426e+02 7.000219700563055767e+02 7.000305763241365185e+02 7.000360223837867579e+02 7.000421000413037973e+02
6.136685019437783239e+02 5.281244211709096135e+02 6.485795437614372076e+02 6.756064904746290267e+02 6.690018017523070739e+02 6.120038362621943406e+02 6.441743019428304251e+02 6.907733300222687376e+02 6.908217735859710729e+02 6.966143134045523766e+02 6.995001002834042083e+02 6.998715485456147007e+02 6.999819769745415670e+02 7.000071300334601574e+02 7.000037405458231206e+02 7.000029899638708457e+02 7.000017590612133063e+02 7.000064782012711930e+02 7.000047138754794105e+02 7.000085241495370383e+02 7.000035028610286645e+02 7.000053002118083896e+02 7.000114695443644450e+02 7.000136003693406792e+02 7.000164902943157585e+02 7.000174323792570021e+02 7.000144901153785213e+02 7.000143878093309695e+02 7.000140716214945087e+02 7.000135015814188364e+02 7.000135015814206554e+02 7.000135015814486223e+02 7.000135048492824126e+02 7.000137557892012410e+02 7.000165827708671031e+02 7.000291815028278961e+02 7.000259588147764589e+02
4.478493701028204441e+02 6.136758173809304253e+02 6.267130724207590902e+02 6.440211139876591915e+02 5.555962815503760339e+02 6.525684575149671218e+02 6.841319366771327850e+02 6.875053834904058476e+02 6.982516611240766906e+02 6.991434259071410224e+02 6.992022147818425992e+02 6.998907576879211092e+02 6.999983278852712374e+02 7.000098301009061288e+02 7.000127658678984517e+02 7.000111215350311795e+02 7.000084724355065191e+02 7.000141023437415697e+02 7.000096897444141177e+02 7.000095451342631350e+02 7.000067507068519035e+02 7.000110768808374360e+02 7.000155459707873433e+02 7.000131800453822279e+02 7.000131601133829236e+02 7.000150131242302223e+02 7.000166218116075925e+02 7.000160861161235744e+02 7.000136954173215145e+02 7.000135015814499866e+02 7.000144192693549030e+02 7.000147808211974052e+02 7.000171941184026991e+02 7.000177242496578174e+02 7.000173804644224447e+02 7.000203536960837027e+02 7.000164411837798752e+02
5.685564829176740886e+02 5.932400581413268128e+02 4.383518395493824187e+02 4.876864000519433375e+02 6.472012973776026001e+02 6.769148400792448683e+02 6.915510471469254981e+02 6.981196821980958021e+02 6.982516182494484838e+02 6.997897288558086757e+02 6.999219546428392960e+02 6.999487503154803107e+02 6.999830766143986693e+02 7.000073179665399721e+02 7.000117265386315921e+02 7.000138095698039251e+02 7.000087963147018399e+02 7.000096596269071370e+02 7.000092932730195798e+02 7.000109156318566193e+02 7.000107554044112703e+02 7.000148324662535515e+02 7.000129821822355325e+02 7.000106171581262515e+02 7.000100534935593259e+02 7.000120144431508606e+02 7.000150656470681270e+02 7.000142004398363724e+02 7.000135147717699056e+02 7.000135999970199236e+02 7.000167629994330127e+02 7.000199425062497767e+02 7.000167697675701675e+02 7.000135830145751470e+02 7.000179663232106577e+02 7.000103443668897398e+02 7.000161026291125381e+02
5.530562502840487014e+02 3.709940495409159666e+02 5.935809752085532409e+02 6.417966155096424927e+02 6.206451302211503389e+02 6.753874548676782297e+02 6.958386694995118660e+02 6.990784519930523402e+02 6.992049031247973971e+02 6.992982058382245896e+02 6.994887565631203188e+02 6.996000029116556789e+02 6.999714068466203116e+02 6.999691545055829920e+02 7.000081101377667210e+02 7.000107641354968564e+02 7.000079243435678791e+02 7.000073108105137862e+02 7.000072827701477536e+02 7.000095667547276435e+02 7.000112100907946342e+02 7.000137307818818044e+02 7.000108552360683234e+02 7.000065278759454941e+02 7.000118405350549438e+02 7.000145591925904682e+02 7.000171619748778085e+02 7.000181722229031038e+02 7.000147186082017470e+02 7.000176529172684923e+02 7.000206434034880658e+02 7.000152608506551815e+02 7.000097855040486365e+02 7.000087460945707107e+02 7.000142971293647634e+02 7.000153224699388375e+02 7.000065848985265120e+02
3.125851794270375876e+02 5.403980681153789192e+02 5.652976534495769556e+02 6.654208197651998944e+02 6.838680999828088716e+02 6.881398996419336527e+02 6.969291528461102416e+02 6.964597722363267849e+02 6.934997187141379982e+02 6.942412583798767400e+02 6.967880706793166610e+02 6.996586335447942702e+02 6.997217643586337772e+02 6.999595086535260862e+02 7.000068202413098106e+02 7.000133762877281924e+02 7.000086018591377979e+02 7.000087403837540023e+02 7.000072245874807777e+02 7.000083161848872351e+02 7.000073003443457083e+02 7.000116913212183363e+02 7.000108059720155325e+02 7.000042989459525415e+02 7.000081729883038406e+02 7.000148544023337536e+02 7.000159912798626465e+02 7.000140684410243921e+02 7.000136056095404911e+02 7.000137874233492994e+02 7.000175524957612652e+02 7.000163046114111012e+02 7.000115827774150148e+02 7.000054835487949276e+02 7.000107235198848912e+02 7.000121521706216754e+02 7.000052496169290634e+02
5.530905035754777828e+02 5.260810751916595791e+02 6.516895739305300594e+02 6.666480617258197299e+02 6.927313116115984712e+02 6.918409651795944910e+02 6.916691881905680930e+02 6.886856944590176681e+02 6.658011422155473156e+02 6.826246949386761571e+02 6.978008948945881684e+02 6.985723817534334330e+02 6.998575597678708391e+02 6.999897345640438289e+02 7.000077596306412033e+02 7.000135901794825486e+02 7.000078979038827356e+02 7.000072273043372206e+02 7.000072243695084353e+02 7.000072243840742203e+02 7.000072252914600313e+02 7.000091872289184494e+02 7.000102858876924756e+02 7.000031974470259684e+02 7.000100190718978865e+02 7.000135350571047184e+02 7.000121224151691877e+02 7.000104888163953092e+02 7.000107232492464391e+02 7.000101628400771006e+02 7.000114088898619684e+02 7.000120329188949881e+02 7.000092867211850489e+02 7.000043702618755788e+02 7.000080912033622553e+02 7.000088089291735969e+02 7.000043759596327391e+02
6.247910762608737514e+02 6.515621172303067397e+02 6.647694926995102378e+02 6.780375074493293823e+02 6.728886428279947722e+02 6.501503944471479599e+02 6.728927766853546473e+02 6.296574516995219710e+02 6.837239330077468367e+02 6.964593372483369649e+02 6.938114317287621589e+02 6.984136209978167926e+02 6.996678102047764014e+02 6.999634337877592998e+02 7.000135891538926671e+02 7.000215795659877358e+02 7.000123976235317969e+02 7.000074982331182127e+02 7.000072243695105954e+02 7.000072247861579626e+02 7.000090575676065328e+02 7.000110031840494003e+02 7.000110423574654988e+02 7.000028342017390059e+02 7.000075707708024311e+02 7.000063262264113746e+02 7.000096194823930773e+02 7.000082611603836540e+02 7.000097637356054747e+02 7.000072739503187904e+02 7.000101688931709987e+02 7.000116677083841523e+02 7.000132339905599110e+02 7.000075501441668848e+02 7.000033935275050681e+02 7.000035233124285696e+02 7.000092220334139483e+02
5.747052893019076691e+02 6.557112756344745321e+02 6.381270660515120881e+02 5.942729415488081486e+02 6.367865058155471161e+02 5.232841120764127254e+02 5.726356889178535994e+02 6.765872203330077355e+02 6.913012834551141168e+02 6.979288881117977326e+02 6.993044523994866495e+02 6.988032583994922788e+02 6.998451708676055887e+02 6.999883786877137481e+02 7.000181596897014060e+02 7.000132145867917188e+02 7.000074002489059239e+02 7.000072246348709086e+02 7.000076809512812588e+02 7.000078191344598508e+02 7.000076790540268803e+02 7.000113309046514587e+02 7.000059237398693313e+02 7.000027552276999359e+02 7.000028610439740078e+02 7.000049169988247968e+02 7.000101143243116439e+02 7.000083551816323961e+02 7.000045846047394207e+02 7.000090353418078166e+02 7.000088986824813446e+02 7.000081367104260153e+02 7.000102516538875079e+02 7.000077464946089094e+02 7.000030140224364459e+02 7.000065465893295595e+02 7.000064827384856017e+02
6.247853967724319091e+02 6.107914910988055226e+02 5.836464138916165894e+02 3.963758188452836180e+02 4.481626658337797835e+02 6.396531721123486705e+02 6.725234604744492799e+02 6.498353968903294344e+02 6.925201346251826635e+02 6.986087622807289108e+02 6.996776676921832632e+02 6.998444792113130006e+02 6.998925519294807600e+02 7.000072674237263755e+02 7.000112953950651900e+02 7.000138563765069648e+02 7.000078053558652300e+02 7.000072259066528204e+02 7.000095593086426788e+02 7.000151297112828388e+02 7.000100805355868943e+02 7.000079129148562060e+02 7.000028939651948576e+02 7.000027489855023077e+02 7.000027613122600769e+02 7.000044220596892046e+02 7.000083113844204945e+02 7.000031969638664577e+02 7.000081008927776338e+02 7.000066965322278065e+02 7.000052510157464667e+02 7.000044657111983497e+02 7.000050024450102910e+02 7.000055921153586951e+02 7.000028813553537930e+02 7.000032220383178583e+02 7.000050862529748201e+02
5.808186438675747922e+02 5.449472069248392927e+02 3.291511261174008496e+02 5.588296065885692769e+02 6.367872252389594223e+02 5.991156882548417570e+02 6.805470517270498476e+02 6.925129499216739077e+02 6.845141951048349256e+02 6.958786455853393136e+02 6.992718873953276670e+02 6.999362617474412218e+02 7.000037530138832835e+02 7.000072257986496425e+02 7.000099234811569886e+02 7.000157340058893851e+02 7.000124741652838338e+02 7.000074076464052268e+02 7.000081792787709674e+02 7.000160997236441744e+02 7.000183957461966884e+02 7.000081247405909153e+02 7.000029817197793136e+02 7.000027488855332649e+02 7.000030334238911109e+02 7.000035913691286851e+02 7.000027657508447874e+02 7.000080015851549433e+02 7.000076396681297410e+02 7.000033268173897341e+02 7.000050872795065970e+02 7.000031681319408108e+02 7.000052549896790879e+02 7.000027877566710686e+02 7.000056467551278274e+02 7.000051627680461479e+02 7.000046702819153097e+02
5.024984996466642428e+02 2.742731511578045343e+02 5.449884471654086155e+02 6.117043435933757110e+02 6.763812826789793462e+02 6.805448569300707504e+02 6.719176753031230191e+02 6.939959016902485018e+02 6.981078891697692370e+02 6.977432416787971761e+02 6.997135790339605137e+02 6.999708518840660645e+02 7.000074950937233780e+02 7.000096854083366225e+02 7.000079071345923012e+02 7.000125336283480237e+02 7.000204591097231059e+02 7.000140341547162279e+02 7.000160919926854604e+02 7.000137101596524190e+02 7.000057393460401727e+02 7.000076071266345252e+02 7.000057628788935062e+02 7.000027785538965190e+02 7.000027485175912716e+02 7.000027487679208207e+02 7.000027481829084763e+02 7.000042610310358668e+02 7.000042542250364477e+02 7.000028174940940744e+02 7.000051365996346249e+02 7.000028435575923140e+02 7.000052398425643787e+02 7.000027649964476950e+02 7.000066184927488848e+02 7.000115430550464453e+02 7.000074124282730281e+02
2.331013825868591027e+02 5.042116142248743813e+02 4.794306695757045418e+02 6.001089238931291447e+02 6.663980127898095134e+02 6.924850556924106968e+02 6.955064962842725436e+02 6.967087187853034038e+02 6.994110903729173288e+02 6.997716588111715055e+02 6.998378565152395367e+02 6.999864456247703401e+02 6.999944371600795421e+02 6.999946850927732385e+02 7.000051173699324636e+02 7.000014702881942412e+02 7.000117044325045299e+02 7.000198479525787434e+02 7.000151259201820722e+02 7.000041083230456707e+02 7.000030477834668545e+02 7.000030252863255100e+02 7.000065897353158562e+02 7.000040394630908622e+02 7.000035259603105260e+02 7.000027422033911080e+02 7.000036782121213719e+02 7.000027488220991927e+02 7.000027488697597846e+02 7.000027488740300896e+02 7.000038006723046919e+02 7.000027495551081529e+02 7.000027512273350112e+02 7.000057492692744745e+02 7.000042376977884260e+02 7.000141689817428414e+02 7.000177006998646903e+02
5.030000841128777438e+02 2.573028271649075691e+02 5.349451737768512203e+02 5.974043981499133906e+02 6.704285734710874749e+02 6.834482248493943644e+02 6.958879989974456066e+02 6.980246344426268479e+02 6.993703879336023874e+02 6.996215051754126080e+02 6.996177571890204945e+02 6.997340973029279212e+02 6.998973173070835401e+02 6.999453511566687212e+02 6.999039425014439075e+02 7.000041792654260462e+02 7.000097086608044492e+02 7.000195384895307598e+02 7.000202264734057280e+02 7.000064477630540978e+02 7.000031000666604086e+02 7.000027608609173058e+02 7.000038659714736013e+02 7.000030020125535657e+02 7.000027050879750732e+02 7.000029996437855289e+02 7.000069928190953306e+02 7.000042607071064822e+02 7.000042347992825853e+02 7.000038350115439698e+02 7.000027488830671700e+02 7.000043218120654274e+02 7.000058610038519191e+02 7.000128987993404053e+02 7.000147107708573913e+02 7.000231141001972901e+02 7.000208027396020043e+02
