output/example/elevation_000370.asc
nrows	75
cellsize	13.33333333
xllcorner	0
ncols	75
yllcorner	0
NODATA_value	-9999
[rows 0 to 16 of 75, columns 0 to 36 of 75]
1.369999999999999864e-02 4.096182904638636657e+00 9.096182904638652644e+00 1.616725071650417433e+01 2.616725071650424184e+01 2.908106984548589935e+01 2.908106984548590290e+01 3.321545380523367896e+01 3.676152890987955857e+01 3.383124495126821785e+01 3.383124495126821785e+01 3.797349492899858348e+01 3.879332962340901503e+01 4.289298711406306808e+01 4.249366580737824961e+01 4.657723362891171348e+01 4.465080186770651238e+01 4.871749940952468449e+01 4.472673989582448684e+01 4.050400287978771985e+01 4.050467026412158589e+01 4.203376702056517900e+01 4.370789803227423675e+01 3.950193514140429585e+01 4.370687712334834885e+01 4.264413064953267707e+01 4.132706848735176663e+01 4.553426237376984176e+01 5.139629692796246019e+01 5.030181203050559446e+01 4.605758483685097104e+01 4.605758483685097104e+01 4.702527103051711066e+01 5.126798192297044210e+01 5.064585641817697592e+01 4.621461823429976334e+01 4.621461823429976334e+01
1.279999999999999888e-02 1.001279999999996306e+01 1.823831852836948642e+01 2.323831852836969958e+01 2.611779482754456083e+01 1.902013585028185361e+01 1.902013585028185361e+01 2.908106984548590290e+01 2.674168965297652534e+01 2.380509969723007657e+01 2.380509969723007657e+01 3.383124495126821785e+01 2.875391446622763425e+01 3.432618500728026589e+01 3.249058558464830071e+01 3.759216441827162214e+01 3.466838105484107047e+01 4.465080186770651238e+01 4.050400287978771985e+01 3.042980188035227940e+01 3.042980567407879278e+01 3.194312618643652968e+01 3.865809073503195492e+01 2.943831228738117645e+01 3.863398152644006700e+01 3.253654458790503412e+01 3.122907287784804353e+01 3.703730341562709327e+01 4.718699655159482376e+01 4.605758483685097104e+01 3.582207054858973549e+01 3.582207054858973549e+01 3.677723756140303379e+01 4.535216041185497460e+01 4.621461823429976334e+01 3.574589249513210376e+01 3.574589249513210376e+01
1.299999999999999940e-02 7.084067811865485176e+00 1.708406781186555179e+01 2.293137336392820202e+01 2.125604400661701021e+01 1.188027366061193923e+01 1.741456361052031809e+01 2.195683669048212749e+01 2.225675139640852862e+01 1.671306283640113222e+01 2.674168965297652534e+01 3.210588174813853612e+01 2.293658801220942678e+01 2.427116075728855904e+01 3.285330918893956209e+01 2.753953441846695682e+01 3.336616196888390817e+01 4.336499112059052408e+01 4.050400287978771985e+01 3.042980188035227940e+01 2.340161148571074179e+01 2.489902534696052072e+01 3.329609444526169426e+01 2.447733057529956824e+01 3.157905053046531663e+01 2.550816201709476871e+01 3.253654458790503412e+01 4.264413064953267707e+01 4.476560760495014790e+01 4.052712379487530825e+01 3.881998327468966181e+01 2.873000939265921616e+01 3.096580239818585412e+01 4.110856614879867976e+01 4.548058171493900659e+01 3.881211127375214431e+01 2.876306323550628363e+01
1.369999999999999864e-02 1.001369999999996274e+01 1.228785053692057794e+01 1.267491215558541917e+01 1.886202397855195656e+01 1.716010256415669843e+01 7.149626158446880986e+00 1.723536255623339386e+01 1.223202490861480740e+01 2.225675139640852862e+01 2.379033068246467764e+01 2.532887321077893361e+01 1.791877303930361265e+01 2.027818338256935604e+01 2.278642134916643158e+01 2.860874049562916710e+01 3.865149785585886377e+01 4.743756747411881491e+01 4.348075568914274669e+01 3.338046703805056126e+01 2.912545367047058775e+01 1.907764490249804368e+01 2.567899872203771494e+01 2.066440816520147195e+01 2.161361165121880390e+01 3.157905053046531307e+01 3.549698800392911835e+01 4.561839365247189448e+01 4.052712379487530825e+01 3.038824845757697446e+01 3.335785629026660359e+01 2.518484725709623717e+01 3.525263879757919483e+01 4.280902574122021775e+01 4.109153554504315764e+01 3.094033333882872938e+01 2.545767259455707077e+01
1.290000000000000001e-02 1.001289999999996283e+01 2.291885026642667800e+00 9.049225423533565404e+00 1.452297816195998692e+01 1.566236370325830940e+01 7.149626158446880986e+00 8.303009120388011866e+00 1.833228277048737809e+01 2.164097588915701920e+01 1.374612708518498394e+01 1.529148474193895879e+01 2.532887321077893361e+01 3.028985960902055297e+01 3.285330919052412213e+01 3.697513829427759191e+01 4.274709897237387679e+01 4.059416691374998010e+01 4.477425107849985153e+01 3.725836324124738752e+01 2.722778123452097532e+01 2.013331475273420779e+01 1.542017134061453199e+01 1.797101086645736245e+01 2.805580303463057490e+01 3.249157246628231377e+01 3.667538906241660612e+01 4.170746090832374620e+01 3.991192873359170790e+01 3.335785270651974344e+01 2.321100459883844991e+01 2.257532736477670099e+01 2.846257539302568418e+01 3.857287573009639914e+01 4.010254177761246552e+01 3.009705930477525726e+01 2.342672782187704072e+01
1.299999999999999940e-02 9.495857285159379213e-01 1.094607837093440672e+01 3.671927128453893463e+00 4.657111676495972574e+00 5.661349168834423295e+00 1.562057728559538283e+01 1.832314189435577845e+01 1.014635266015370085e+01 1.160884454827975887e+01 2.162629275409398488e+01 2.238326260095778864e+01 2.030115605121001465e+01 2.742612082956540220e+01 3.762990254643825949e+01 3.810684339141761967e+01 3.910608086176475950e+01 3.089012627275273104e+01 3.910608086176477372e+01 4.022635768921603727e+01 3.016567068497945314e+01 2.985239945929505012e+01 2.567882213537509273e+01 1.542017134061453199e+01 2.567835647106474894e+01 2.248810655679311665e+01 2.747461240569380081e+01 3.750853252737039156e+01 3.516828809044944393e+01 2.621680172718625457e+01 1.913800814140575568e+01 2.952270184981070855e+01 3.223181991569477134e+01 4.242000822466570753e+01 4.046871074421456882e+01 3.471468182662643187e+01 3.059254675827176229e+01
1.299999999999999940e-02 1.001299999999996260e+01 1.199768985650977449e+01 1.407683274328943490e+01 1.306081867079125480e+01 1.065737653050658018e+01 1.292853852596763531e+01 2.285661005999987694e+01 2.017763960768875364e+01 1.462830214003678009e+01 2.466456969252326203e+01 3.238236421222836015e+01 2.532867034365599324e+01 3.444471342045600437e+01 3.705297004792701898e+01 2.892033504310727210e+01 3.024854068950696728e+01 2.550554494159622365e+01 3.213522764147011657e+01 4.188727587135698371e+01 3.720251732728619487e+01 2.716255925073816258e+01 2.002157845901961508e+01 1.391153398255989160e+01 1.734782580947827668e+01 2.749017075141323119e+01 3.667538906241660612e+01 4.170746090832485464e+01 3.212287901401430190e+01 2.216475730324398441e+01 1.707146831683451182e+01 2.198211930100315570e+01 2.925313930624318104e+01 3.942299118207585451e+01 3.621222019663471769e+01 2.647650936717281667e+01 2.109548835722856097e+01
1.290000000000000001e-02 1.001289999999996283e+01 1.759162060863897281e+01 2.200344192933123111e+01 2.232400759316603711e+01 2.017445651701656217e+01 2.265221301551243016e+01 2.699539021505362868e+01 2.466794522400412504e+01 2.172428995371295102e+01 2.172428995371295102e+01 3.177468256938050217e+01 3.244979947718918112e+01 3.940681647599814852e+01 3.319245393144667844e+01 2.317650438602001728e+01 2.076443908006749695e+01 3.024854068950696728e+01 3.381786104610574029e+01 3.787146833069807172e+01 3.603314454374316966e+01 2.598198242223863730e+01 1.875300252354504948e+01 1.255943889465001462e+01 2.305256142054854251e+01 2.951240589589527374e+01 2.951243000725101240e+01 3.957724783776927779e+01 3.453807041145607570e+01 2.588190205195771654e+01 1.525430445278478508e+01 2.588190205195771654e+01 2.963150843718619853e+01 3.385622654256064834e+01 3.731779794386815752e+01 2.905571714020688390e+01 1.959226584444598629e+01
1.349999999999999985e-02 1.001349999999996321e+01 8.057607075275679875e+00 1.614803350160338269e+01 1.887406599008809138e+01 2.240014087573782575e+01 2.653737552611575623e+01 3.100437494856143061e+01 3.470631414645517765e+01 3.177468256935509672e+01 3.177468256938050217e+01 3.590707868894167376e+01 4.238873348394624685e+01 3.650560054885699657e+01 2.789386673017024165e+01 2.413139552055727322e+01 1.770967844036933059e+01 2.753414974028237694e+01 2.453641827159611211e+01 3.242745694081929031e+01 3.587443804031358496e+01 2.577849160425608233e+01 2.182454606825378107e+01 1.125216246227246053e+01 2.182418581962862092e+01 1.935876616090749991e+01 2.656748934377567650e+01 3.662214569739723657e+01 3.068930079555250146e+01 2.024481468321415178e+01 1.361730994781173365e+01 2.207050545343058445e+01 1.916032867275824358e+01 2.947501725743001089e+01 3.311630848155986939e+01 2.353050936378189562e+01 1.810656209597828337e+01
1.379999999999999977e-02 1.938739357982883549e+00 4.030781660656611365e+00 6.348754595355990737e+00 8.879616965443103638e+00 1.242691602160731890e+01 1.688363222559219423e+01 2.393612498937543265e+01 3.392950974271521147e+01 3.790722711996761518e+01 3.379524478701766554e+01 3.790722711996761518e+01 4.015447891286285653e+01 3.035327371935283480e+01 2.328169989200372569e+01 1.828018108468868874e+01 1.527762982988220841e+01 2.346478329928743989e+01 1.911548663627450395e+01 2.572615612474142210e+01 3.505741154987213548e+01 2.577864792490094104e+01 1.544490469445570469e+01 9.996697417891795112e+00 1.366501668820298399e+01 2.408533223030780590e+01 3.368733123632694770e+01 3.412941678704886783e+01 2.876330254732442171e+01 2.469114212712240786e+01 2.207050260800103914e+01 1.146177738038870864e+01 1.768481811133746362e+01 2.713498674044712544e+01 3.298096125863033024e+01 2.337635375698998175e+01 1.663008651720178221e+01
1.290000000000000001e-02 1.001289999999996283e+01 9.832299035958770972e+00 1.637544631866250100e+01 1.595132626841190060e+01 1.595132621337646484e+01 2.593012854405175105e+01 3.100469687763706972e+01 3.603823258675006258e+01 3.283951711843108967e+01 2.357357869127416805e+01 3.283951711843108967e+01 3.725337055266440700e+01 3.734668092624096403e+01 3.244396786303741465e+01 2.405765959714632274e+01 1.293362372022557949e+01 1.375520298750077153e+01 2.026262815278499829e+01 2.985691829685448084e+01 3.285957608287201026e+01 2.678917456837110223e+01 1.647060086335078211e+01 8.919066622683255119e+00 1.647059607443807394e+01 2.678851468428734606e+01 3.176214091830546948e+01 2.907258706625524880e+01 1.730511549298045182e+01 1.471375682498747395e+01 1.870589881335844851e+01 1.010599475214696241e+01 1.814538356869328339e+01 2.875129000479274666e+01 3.367210879036925064e+01 2.780708720006168733e+01 2.349040062012165464e+01
1.359999999999999924e-02 1.001359694352915675e+01 1.983561039984308039e+01 2.397581877021133323e+01 2.593015203062961049e+01 2.593012968241255933e+01 3.006911696402730172e+01 3.603782271747072485e+01 2.584139373415176877e+01 2.770485329040491607e+01 1.837999514421908387e+01 2.291489874614877564e+01 3.313165457899965105e+01 3.994080922292315705e+01 3.442715308105707805e+01 2.724012968163235371e+01 2.000845929358661834e+01 1.030722085209233185e+01 1.765340143711120291e+01 2.805584032267854866e+01 2.288773675866745094e+01 2.671060995792867487e+01 1.949141602218551483e+01 8.919066622683255119e+00 1.647050928912752354e+01 2.678412742624913889e+01 2.222729713042981103e+01 2.084373274602054238e+01 1.872193523981281871e+01 8.247327411539568942e+00 8.247327411539568942e+00 1.844357113792163716e+01 2.287159190246793017e+01 2.861718331553026573e+01 2.855515946988885645e+01 2.110639060576518489e+01 1.707791481077517659e+01
1.349999999999999985e-02 1.001349999999996321e+01 1.688206723926614572e+01 2.102420286300085195e+01 2.679770555490295436e+01 3.323555594178271377e+01 2.906954285898188317e+01 3.322113406035190764e+01 2.768772116373475001e+01 1.748120854450862183e+01 1.450854181737276249e+01 2.172513255921111863e+01 3.192290949955075874e+01 3.593887475852730518e+01 2.643516505953407858e+01 2.075990011288696024e+01 1.906550127916338866e+01 8.824171062748380479e+00 1.712651840042027018e+01 2.140660206628004048e+01 1.606283418441265454e+01 1.717045125321806864e+01 1.744459617902605686e+01 7.967462144383938849e+00 1.827139790827499510e+01 1.837465166075909906e+01 1.741546811527688376e+01 1.263713521434841525e+01 1.746847034622957295e+01 8.247327411539568942e+00 1.592456110083369936e+01 8.825608117741927217e+00 1.890550895094595774e+01 9.406902133810671529e+00 1.954196305220180818e+01 2.074731394852105026e+01 1.844898775114234368e+01
1.319999999999999993e-02 3.346533333333335580e+00 6.882067239266078218e+00 1.265556993116235418e+01 2.265556993116242168e+01 2.818323648925798608e+01 1.899101144164179544e+01 2.818323648925829161e+01 2.903259863157369480e+01 1.880965723214573515e+01 1.176442647812123532e+01 2.027707145213323159e+01 3.092339833811999128e+01 3.316602516934151623e+01 2.938355781319591742e+01 2.439350404251772630e+01 1.432080285288571098e+01 1.705051072073175078e+01 6.960873831456819261e+00 1.537052108308039244e+01 1.041198899162995239e+01 1.512059110121741057e+01 8.966728698840435996e+00 7.047472584987123589e+00 1.561594577007164197e+01 6.966002085123379040e+00 7.332041962246572453e+00 7.703279648254107492e+00 7.703279648254107492e+00 1.783175628842955263e+01 1.718455141568396627e+01 1.633440808126681532e+01 9.406902133810671529e+00 1.944835846675460544e+01 9.992078617818860309e+00 1.726362372469736073e+01 1.123500197168621995e+01
1.299999999999999940e-02 1.001299999999996260e+01 1.688206723926614572e+01 2.102420286299928520e+01 2.318346734703876777e+01 1.904335076367370050e+01 1.406249205162616178e+01 2.402708981862665993e+01 2.422987929423187481e+01 1.972747073181118793e+01 9.803816432381459833e+00 1.972747073181417932e+01 2.368668120304478464e+01 2.621225301082372638e+01 1.767596950655222798e+01 2.474706092558116310e+01 1.450068978024082078e+01 1.447565700763437313e+01 1.426757041646564694e+01 5.275027311104307337e+00 5.569618856048422550e+00 5.569618856048422550e+00 6.140637424586466331e+00 6.140637424586466331e+00 6.464552250694381108e+00 1.382545830059648040e+01 1.726909642396997668e+01 1.470994242425189391e+01 1.785298227970198326e+01 1.027383608470141496e+01 2.044141913022823687e+01 1.770980576005400309e+01 1.925062168447562527e+01 1.043119847370341979e+01 1.984958344692785914e+01 1.057504624346961641e+01 2.049936920751619240e+01
1.349999999999999985e-02 7.084567811865484899e+00 1.708456781186555062e+01 1.923728549739524496e+01 1.511213175749223758e+01 9.406044900867406966e+00 1.903823479114524986e+01 2.406033312617299558e+01 1.363910337067057910e+01 1.525611840427139931e+01 7.962494507026424806e+00 1.406575836924380951e+01 1.884293625356109558e+01 1.853295500990795475e+01 1.079456658586183515e+01 1.672981905516191858e+01 1.404767278745722692e+01 4.539066558519770922e+00 4.852302710611104075e+00 1.417207249372912869e+01 1.052681243325265825e+01 1.000999751406359017e+01 6.903134773367686883e+00 1.617089933341532770e+01 1.652060140108713782e+01 9.882564769529917470e+00 1.949618183329044641e+01 2.389374368274974003e+01 2.452736796243443607e+01 2.044190887761024555e+01 1.307457699461264511e+01 2.317824239666911978e+01 2.410122735708016606e+01 1.717318753456850544e+01 1.996809329256426935e+01 2.076002036574025666e+01 1.182193337283043633e+01
1.369999999999999864e-02 1.001369999966392044e+01 1.736777673056730364e+01 1.509858081170129296e+01 6.049512839159137734e+00 1.374867740832734242e+01 1.657011492696102195e+01 1.629195343978362231e+01 1.524832400041721137e+01 5.501886781359451639e+00 1.525498349048296554e+01 1.252746950569509288e+01 9.426861353942712185e+00 1.008166076038062187e+01 5.014900410617626925e+00 7.946492125669673889e+00 4.088733399367533217e+00 1.352270024596137787e+01 8.789318107702447591e+00 1.323682338008034698e+01 1.960918712288093957e+01 1.647774738002507888e+01 1.888999746889274789e+01 1.328965865988784856e+01 2.334057367336468403e+01 1.949906793340677424e+01 1.368975960525964730e+01 2.324454902012384494e+01 3.186720434286602810e+01 2.737182638282603975e+01 2.320060171956901129e+01 1.613725684085517997e+01 2.615442273672553597e+01 2.721867806545516899e+01 2.952311334176375013e+01 2.619719984191743833e+01 2.202951646427577259e+01
