output/example/elevation_000048.asc
nrows	75
cellsize	133.333333333
xllcorner	0
ncols	75
yllcorner	0
NODATA_value	-9999
[rows 17 to 33 of 75, columns 37 to 73 of 75]
2.737800298510030075e+02 2.323586641550980687e+02 1.376254695399983916e+02 2.376254707503468069e+02 2.245602921001551238e+02 3.017350381404466475e+02 2.724457136164985513e+02 3.724457226389103539e+02 3.937599597775522966e+02 3.023385751287760286e+02 3.937599597744334687e+02 3.535882655340639644e+02 3.121668928945877610e+02 2.339886792674145397e+02 3.339886826580943193e+02 3.746682219052337359e+02 4.013943481364435115e+02 4.013943481364435115e+02 4.054383536105570442e+02 5.054383870468632836e+02 5.144129227410309113e+02 4.566778671490715737e+02 3.760332471757548092e+02 2.760332421233180753e+02 3.670529816206707778e+02 4.048494317157378077e+02 4.462708191114943475e+02 4.962708401720262827e+02 5.046979212277365718e+02 5.074573258832502347e+02 4.367465904503243905e+02 4.476855730807246800e+02 5.476856216315343318e+02 5.836126529686360982e+02 6.250341071046648267e+02 6.037763782379084887e+02 6.037763782379084887e+02
3.605035673640062441e+02 2.790468367956958105e+02 2.376254707503468069e+02 1.429106337658153336e+02 2.429106350437069466e+02 2.017350352440270740e+02 3.017350381404466475e+02 3.437599497103823865e+02 3.023385776729642203e+02 2.523385750659496409e+02 3.523385802799791691e+02 3.121668928945877610e+02 2.121668902438150326e+02 3.121668928945877610e+02 3.393128808684580804e+02 2.746682163121652138e+02 3.013943405035846581e+02 3.347276738389910520e+02 4.054383536105570442e+02 5.054383870468632267e+02 4.873519655548818719e+02 4.450869596305259961e+02 4.036655712061120767e+02 3.670529816206707778e+02 2.670529770219790748e+02 3.048494243231268683e+02 3.548494243664890178e+02 4.255601050611736582e+02 5.255601464498677160e+02 5.745671393965220659e+02 5.367466299374868868e+02 5.476856216315343318e+02 5.516510142842633968e+02 5.696115545088914587e+02 5.460413062261299046e+02 5.037763001348598095e+02 5.744870075168096264e+02
3.479210352782680502e+02 2.479210290281289986e+02 1.772103507943180034e+02 2.429106350437069466e+02 1.482827868593178948e+02 2.482827882097604970e+02 2.576034380643498594e+02 2.615137475598460242e+02 2.023385750600154154e+02 3.023385776729642203e+02 2.768447839434919047e+02 2.809137263141234371e+02 1.975803910940254013e+02 2.179928056172188349e+02 2.393128772527801686e+02 3.100235556439686206e+02 4.013943481364435115e+02 4.347276852851695708e+02 4.761490806552093886e+02 4.494718795664736604e+02 4.080504890770168345e+02 3.459305392924710532e+02 3.036655625550753257e+02 3.520734907025417328e+02 2.608272489583320066e+02 3.315379274158806879e+02 4.315379409821913441e+02 4.731456850076578462e+02 4.331456660955918210e+02 5.038564027460175794e+02 5.228045563150903945e+02 5.223617098565621291e+02 4.516509677125249596e+02 4.696114987090330146e+02 4.460412697113162039e+02 5.460413062261299046e+02 5.964461625789266463e+02
2.741686047837973206e+02 2.164335778220503528e+02 2.772103527400978464e+02 2.482827882097500947e+02 2.482827882097604970e+02 1.537020650053519830e+02 1.576034365785563693e+02 1.615137460135852621e+02 2.615137475598460242e+02 2.710999339432906936e+02 1.768447821335026902e+02 1.809137244273585168e+02 2.809137263141234371e+02 3.179928084620317463e+02 3.393128808684580804e+02 3.807342570053706368e+02 4.514449583667736761e+02 4.244256415286312745e+02 4.537149801958856870e+02 4.080504890770168345e+02 3.080504783644491340e+02 3.373398033834330931e+02 2.459305355993440116e+02 2.520734867676836188e+02 3.520734907025417328e+02 3.829618193091068292e+02 3.926291847865242630e+02 3.731456642392585081e+02 3.624349855028044658e+02 4.228045107641256095e+02 4.228045107641256095e+02 4.570357272296765814e+02 3.809402872623595044e+02 3.989008174650638807e+02 4.989008369337784075e+02 4.964460910256180455e+02 5.671567950208633420e+02
3.497669159601649085e+02 2.497669111558482484e+02 3.497669159607727920e+02 3.482827981489329545e+02 2.745535082147830508e+02 1.745535064110597432e+02 2.576034380643498594e+02 2.615137475598460242e+02 1.671126711231438549e+02 1.710999322372883853e+02 2.710999339432906936e+02 2.809137263141234371e+02 1.870682989763252237e+02 2.870683009868358795e+02 3.346618057007594302e+02 3.745610819863381948e+02 3.951363321946028009e+02 3.244256277419289631e+02 3.537149536613059126e+02 3.702792882941907919e+02 3.288579138002788795e+02 2.373398000075927428e+02 3.373398033834330931e+02 3.520734907025417328e+02 3.694161093366058708e+02 2.829618138245004957e+02 2.926291787149573906e+02 3.024349854718668098e+02 3.124349854718670372e+02 3.228045024191715697e+02 4.228045107641256095e+02 3.570357150756623810e+02 4.570357272296765814e+02 4.989008369337783506e+02 4.332005345029732553e+02 5.332005641212731462e+02 5.803410420977085096e+02
3.130124645667759751e+02 3.497669159606443827e+02 3.594904112684235429e+02 2.594904057945953468e+02 2.216939584908738254e+02 2.034210198705414143e+02 3.034210224062646830e+02 3.024680127162834538e+02 2.024680101824745861e+02 2.710999339432906936e+02 2.035442164634415292e+02 3.035442189887669997e+02 2.870683009868358795e+02 1.932404329748089822e+02 2.932404351175818533e+02 2.745610743227268813e+02 3.083633353857112525e+02 2.537149492316259511e+02 3.174544775777671362e+02 3.220379701948626803e+02 2.288579107107929076e+02 3.288579138002788795e+02 3.487587372824970657e+02 2.608411753378026106e+02 2.694161045949282425e+02 3.694161093366058708e+02 3.926291847865242630e+02 4.024349922035272584e+02 3.831456643461159501e+02 4.228045107641256095e+02 3.379664632907500277e+02 4.379664731270851235e+02 3.913354321055396667e+02 4.913354506026270769e+02 5.332005641212731462e+02 4.803409871611714266e+02 5.510516816959658399e+02
3.837231453412708788e+02 4.302011010687185717e+02 3.302010845379068087e+02 3.594904112684153006e+02 3.216939618997122921e+02 2.350437964722306958e+02 3.350438001806553530e+02 3.432928435104943219e+02 2.432928392292157582e+02 3.277977823009936742e+02 2.277977789670766811e+02 3.277977823009936174e+02 3.346618057007598281e+02 2.639511112176644474e+02 1.994481415272510674e+02 2.038503960588792268e+02 2.083633328829445190e+02 2.128901201850705149e+02 2.174544748309469639e+02 2.220379673160880714e+02 3.220379701948626803e+02 2.404826745851749763e+02 2.487587334711987523e+02 3.487587372824970657e+02 3.694161093366058708e+02 2.989044958259109990e+02 3.989045025505826061e+02 4.719486754582619028e+02 4.831456873033847614e+02 4.629664764058619539e+02 3.629664632907542909e+02 3.757629105939283818e+02 4.757629264034425205e+02 4.278502692993818641e+02 5.278502983931982726e+02 5.803410420977085096e+02 5.619906730093597389e+02
4.837231790639179394e+02 4.716224905240232488e+02 4.302011010822773756e+02 4.057544865248150927e+02 3.057544748921944802e+02 2.927788234384153156e+02 3.764651759978954715e+02 3.432928435104942650e+02 3.140035177471571046e+02 3.545239077082543986e+02 2.545239031583302847e+02 3.545239077082543986e+02 4.053725001849302885e+02 3.408695150150082327e+02 2.994481438118527308e+02 2.251704676944405605e+02 3.083633353857112525e+02 3.128901228065104760e+02 2.881651531267347650e+02 3.220379701948626803e+02 2.438597563396875785e+02 3.404826780810480500e+02 3.487587372824970657e+02 3.120042867746619208e+02 4.120042968719511123e+02 3.989045025505826061e+02 3.305272724277294856e+02 4.305272822621985824e+02 5.084635289109253904e+02 4.896926053806960795e+02 3.896925874821350817e+02 4.757629264034425205e+02 4.184030539325195832e+02 5.184030813768782764e+02 4.670734965912521375e+02 5.670735440264503495e+02 6.532164094112315524e+02
4.642516576118229068e+02 4.798816645311374600e+02 4.384596198801497167e+02 4.471758771123357974e+02 4.057544865248149790e+02 3.927788321009136894e+02 4.342002189494256186e+02 4.432928688836997253e+02 4.140035310011058982e+02 3.959452865101823704e+02 3.045239031747631770e+02 3.122589301457032320e+02 4.122589407490789313e+02 3.829055017632033469e+02 2.829054946402922042e+02 3.251704707318259011e+02 2.629669149954450518e+02 3.629669198782914350e+02 3.881651619001957556e+02 3.852811365934081778e+02 3.015947832965030670e+02 2.671092840884520569e+02 3.671092888862380619e+02 4.120042968719511123e+02 4.120042968719511123e+02 4.719486754582602543e+02 4.305272822621985824e+02 3.670421095993328890e+02 4.670421250830714825e+02 5.311140151723631107e+02 4.896926053806960795e+02 4.344139471280799398e+02 5.184030813768782764e+02 4.684030549706616284e+02 5.670735440264503495e+02 5.117948582085164162e+02 5.825055665823331310e+02
4.142513690792382590e+02 4.221462710993211545e+02 3.384594124447158947e+02 4.221462718851703357e+02 5.031495803144649130e+02 4.617274007709822854e+02 4.732254013052009896e+02 4.318034005128528747e+02 4.732254013052039454e+02 4.459453013306257958e+02 3.752345826206246784e+02 3.829696100994879657e+02 4.122589407490789313e+02 4.243268862684257101e+02 3.406405218580811152e+02 4.043882998499544783e+02 3.207019419920321184e+02 3.129669150149463803e+02 4.129669247416359212e+02 4.430161800552940576e+02 4.015947919194136375e+02 3.671092888862380619e+02 2.913628465920859867e+02 3.913628529260938080e+02 4.610685174405202247e+02 5.534257705948785997e+02 5.084635289109253904e+02 4.670421250830714825e+02 4.117634692786058395e+02 5.117634970550880098e+02 5.677473286397246284e+02 4.677472807204734409e+02 5.677473286397246284e+02 5.684031077830954928e+02 5.261380901377216333e+02 6.117949402798719802e+02 5.750404329818488804e+02
3.728295779623300632e+02 3.807244731982835901e+02 2.807243840081381450e+02 3.807244731982835901e+02 4.454140934523284159e+02 3.617270974504596097e+02 4.318034005128528747e+02 3.318032260020876834e+02 4.318034005128528747e+02 4.901357632079682958e+02 4.752346090458720482e+02 4.829696400361522137e+02 5.122589903797926354e+02 4.820619373978287285e+02 4.406405380040392856e+02 4.621233464589238338e+02 4.207019533613086537e+02 3.836775945910981136e+02 3.836775945910981136e+02 4.836776228238875888e+02 4.490978883481963067e+02 3.490978736203261406e+02 3.913628529260938080e+02 3.196471178395743777e+02 4.196471266716416721e+02 4.838699895600216223e+02 5.216664484665121790e+02 5.531849175712632132e+02 4.824741538264455016e+02 4.750090263340096044e+02 5.750090914266658046e+02 5.384579722814252136e+02 5.384579722814252136e+02 6.384580899931099793e+02 5.968488140925645666e+02 6.077878133486839261e+02 6.750405975915656427e+02
3.350330956990383697e+02 3.453691026055007001e+02 2.453690449467746362e+02 3.453691026055007001e+02 4.039921987298343424e+02 3.039920646443491705e+02 3.462570943965803849e+02 2.909783967460865028e+02 3.487134260132659733e+02 4.487136652857279273e+02 5.231489811924996047e+02 4.805463614971013158e+02 4.391243220377730268e+02 4.805463614966745922e+02 4.786056480463510070e+02 4.371836423525963369e+02 4.786056480463511775e+02 4.836776228238875888e+02 4.836776228238875888e+02 5.250990363899630893e+02 4.905192882976627402e+02 4.068329015611195700e+02 4.610685174397056016e+02 3.643684774104476674e+02 3.550024569009478341e+02 3.838699703679554887e+02 4.216664177610656452e+02 5.216664484665121790e+02 5.824742267106779536e+02 5.457197288637668180e+02 6.164305421314226123e+02 6.384580899931106615e+02 6.384580899931099793e+02 6.798795740393243250e+02 6.968490175939086839e+02 7.077880330838944474e+02 7.492095520017471699e+02
3.764547801664161284e+02 3.152179507629791146e+02 2.152179104889691530e+02 3.152179507629791146e+02 4.006243281695199698e+02 3.462570943965803849e+02 2.462570371670470877e+02 3.462570943965803849e+02 4.000766416312967522e+02 3.817262177903525071e+02 4.817266642873118485e+02 4.305460495687975708e+02 3.391241229975375404e+02 4.305460495610260523e+02 4.371836423525963369e+02 3.371834742638600346e+02 4.371836423525963369e+02 4.749264398067812181e+02 4.858655304634620506e+02 5.272878409857496536e+02 5.482543548306341563e+02 5.068329339899568140e+02 5.057898970354710286e+02 4.221035051869724271e+02 4.127374843671597091e+02 4.838699895600216223e+02 4.838699895600216223e+02 4.923771031571010894e+02 5.923771831455212578e+02 6.457198677592809872e+02 6.058970828910689761e+02 6.168363854146421090e+02 6.582597117006969256e+02 6.394884800725216110e+02 6.320231100933494872e+02 6.734466016444087018e+02 7.441603765818214242e+02
3.592025616240140948e+02 2.592024658850112928e+02 1.884917862977263496e+02 2.592024658850112928e+02 3.390567002862973709e+02 2.976351035841468615e+02 2.238963573920456156e+02 2.592516964518756026e+02 3.000765255250436212e+02 4.000766416312922615e+02 4.082043016569483029e+02 3.667825350643786351e+02 2.891241222331197491e+02 3.891242225176552552e+02 3.963587446842708459e+02 2.963586451554459700e+02 3.818548287924228930e+02 3.749261149505031767e+02 3.858651135717714737e+02 4.677001199025104370e+02 5.091222619066578545e+02 5.591228130223399830e+02 5.635249670938566169e+02 5.221035408714383266e+02 5.127375153906524474e+02 5.541589373818908371e+02 5.838700728215341087e+02 5.923771831455212578e+02 6.337986428429965144e+02 5.766080952249475331e+02 5.058958970952761547e+02 5.168349634445710308e+02 6.101993997386900901e+02 5.394867459773437304e+02 5.320215587960249195e+02 6.027328267069960930e+02 6.635451619440237891e+02
3.310342953767632821e+02 2.655502356508968091e+02 1.655502129106698703e+02 2.655502356508968091e+02 2.730167973223294666e+02 1.976350708201003386e+02 2.976351035841468615e+02 3.592517651847314255e+02 3.428057365690301594e+02 3.467741187285945443e+02 3.504690727348890391e+02 2.667824507203421831e+02 2.537687831496254773e+02 3.537688480023909392e+02 3.360033543508543517e+02 2.610033060948474599e+02 2.818547475005597107e+02 3.042154272755900024e+02 3.343665617348639785e+02 3.676998950974764284e+02 4.176998979949503337e+02 4.884106736236531106e+02 5.884118559831279072e+02 6.093094438187047217e+02 5.678865670677927255e+02 5.808624711598572503e+02 6.222854787539989729e+02 6.116913867921575729e+02 5.702685047164212619e+02 5.351855662881682747e+02 4.351851464634738704e+02 5.351855662881682747e+02 5.240549192186094842e+02 4.687759116628404854e+02 5.687765757634073225e+02 6.002983000531396556e+02 5.635430927273750967e+02
2.354837407443542361e+02 2.390968882252836636e+02 1.442301412751085365e+02 2.442301591671223093e+02 1.730167726242334822e+02 2.730167973223294666e+02 2.641923776032213027e+02 2.681390636953551052e+02 2.428056588541888345e+02 2.467740378668147230e+02 2.800506455755772777e+02 2.090474235930996088e+02 3.090474594493575182e+02 3.124331169372522368e+02 2.360033060948463230e+02 3.360033543508543517e+02 3.818548287924228930e+02 3.619504558373628242e+02 4.343667116341660517e+02 4.677001199025104370e+02 5.091222619066578545e+02 5.377918960907644532e+02 5.792145725223019781e+02 5.515734623611499501e+02 4.678857494509855997e+02 4.808614459347060688e+02 5.808624711598572503e+02 5.539553995865884417e+02 4.702676784117412581e+02 5.018520930132665967e+02 4.018518130523250989e+02 4.848315469885211542e+02 4.240545490235426200e+02 5.240549192186094842e+02 5.576577690646594192e+02 5.002973907753366802e+02 5.580325181092829325e+02
1.354837243840654253e+02 1.390968712517150720e+02 2.390968882252836636e+02 1.494465465846815846e+02 2.494465654613806294e+02 2.586195942536689358e+02 1.641923556429393045e+02 1.681390408327586101e+02 1.720949796934048095e+02 1.760633586440675629e+02 1.800506197582120933e+02 1.840474235930992677e+02 2.840474504852926430e+02 2.124330800552944254e+02 3.124331169372522368e+02 3.774250214245250845e+02 4.411250596168111997e+02 4.619506996838427426e+02 5.033728363017070819e+02 4.975637131848768604e+02 4.561416171155863140e+02 4.377911356682225232e+02 5.107482275061180417e+02 4.693260889212618849e+02 4.101507003559001419e+02 4.808614459347060688e+02 5.808624711598591830e+02 5.125330007302251261e+02 4.125326234617319301e+02 4.547977559951949615e+02 3.717006785920544871e+02 3.848313218780270972e+02 4.848315469885211542e+02 5.233578715900173393e+02 4.576572429782771110e+02 5.576577690646594192e+02 6.417214161115424531e+02
