output/example/elevation_000036.asc
nrows	50
cellsize	20.0
xllcorner	0
ncols	50
yllcorner	0
NODATA_value	-9999
[rows 0 to 16 of 50, columns 0 to 36 of 50]
2.590084917154735766e-01 1.018438955084228681e+01 1.490382484166875621e+01 1.461662837276636395e+01 1.876235678751592673e+01 2.109414396584209328e+01 1.108000276917795901e+01 8.822343125192460889e+00 1.416915766102126462e+01 2.256240813095954323e+01 2.351444064696374880e+01 3.355897406250867476e+01 3.893035041859675971e+01 2.902234631026191636e+01 2.201824797912987108e+01 1.621590127073939058e+01 1.454526161356963065e+01 2.035820962840706017e+01 2.099919059024576384e+01 1.097586119265129589e+01 8.869190478690251567e+00 8.174431898351876669e+00 8.857796793857545481e+00 1.941612496244274055e+01 2.678253838002532561e+01 2.825439531384494884e+01 2.910559489303238934e+01 2.534926170574900794e+01 2.644243598066322321e+01 3.637942544809936152e+01 3.214056598841737866e+01 3.779441060956816756e+01 4.200794519049588160e+01 3.414186768726416688e+01 2.333944363518056520e+01 1.711627093285799717e+01 1.683772732818611217e+01
6.054987779269863646e-01 1.060549877792695028e+01 1.461662837276596072e+01 -8.643403045591043110e+01 1.461424936353012782e+01 1.765632803208742985e+01 7.768953513365580044e+00 7.841623864901561269e+00 1.009019346207172596e+01 1.351948059330702989e+01 2.333404751494800067e+01 3.042492823974249916e+01 3.625204027472896229e+01 3.303964611459763034e+01 2.308074482609024614e+01 1.972376313525201752e+01 2.139700421846446687e+01 2.877972399160902484e+01 2.513680976246989118e+01 1.906979068906360553e+01 9.901236094674247923e+00 7.942457519410148770e+00 7.812864398615861461e+00 1.714257213591508133e+01 2.633984097395302726e+01 3.042022314332722033e+01 3.614925063003435213e+01 3.527775873673358831e+01 3.637942544522420008e+01 4.054453823044136129e+01 4.227150073953340126e+01 4.107834180210604558e+01 3.687316767020870856e+01 3.571508585769917232e+01 2.861329755795866348e+01 1.800552261393852049e+01 1.374879786446825669e+01
3.430590528629120506e-01 1.034305905286277572e+01 1.187696728428425530e+01 6.560585941802345111e+00 4.616989519620691595e+00 8.608671241764550786e+00 6.295647237872864288e+00 9.669351241193680835e+00 1.623860679881744318e+01 1.310326554279896527e+01 1.620254857166937867e+01 2.197859984392788846e+01 3.204001390978198316e+01 3.719469121878005780e+01 2.790594248611044748e+01 2.665773701333430523e+01 3.132813876747632875e+01 3.278923181602111470e+01 2.852168869093224401e+01 2.319709303351865159e+01 1.630346201506621995e+01 7.524583884836313352e+00 7.031363365377362840e+00 1.557615170007222716e+01 1.665320269347578019e+01 2.199680005257460991e+01 2.906295152571752638e+01 3.369695893813774745e+01 3.993708113527234360e+01 4.403616751094700987e+01 3.990950554213251422e+01 3.687316767020870856e+01 2.634331030985532607e+01 2.514600768215007776e+01 2.983481338796778459e+01 2.464093659481430976e+01 1.426757727476183923e+01
8.235039275605838816e-01 9.096727340989060551e+00 2.434861247904188009e+00 3.188834283455465268e+00 6.551247516836716578e+00 -1.308231811213815377e+02 5.321838606511223091e+00 1.518836517846038348e+01 2.382444992175865650e+01 2.023933358570687346e+01 1.807367908872985751e+01 2.384655769543073234e+01 3.394020649207413953e+01 4.219099846409754662e+01 3.802522199310440243e+01 3.657649457488493994e+01 3.568706111255826130e+01 2.580914896567321293e+01 1.869518129073066959e+01 2.055337359223521787e+01 1.536717251127347517e+01 5.736059348679927172e-01 1.215364846511528540e+01 9.182486274877632582e+00 1.277176066800559262e+01 1.696347136834162228e+01 1.769690712411350830e+01 2.458477538089822545e+01 3.562084354425016386e+01 3.826452093694920364e+01 2.989857872201477562e+01 3.300975088444706529e+01 2.767068528657611992e+01 1.853693040328797181e+01 1.896951896287903949e+01 2.486732620646686343e+01 1.891772070627939684e+01
7.161369641965544819e-01 1.661048146726222363e+00 2.014714177782701565e+00 2.341461333695706415e+00 1.209271364097285861e+01 1.404786890983943692e+01 7.063140364026399887e+00 1.095715399697851034e+01 2.077840800800034415e+01 2.558614620932101857e+01 2.790154641974508465e+01 3.229205216119561328e+01 3.812925452091344880e+01 3.791081650687984705e+01 3.601961420875753106e+01 3.688867357883419373e+01 3.420280220422409201e+01 2.428621171887575159e+01 1.713046897264007384e+01 1.239882424635902147e+01 9.549233080500416193e+00 6.950344634179536740e+00 6.675486649545686824e+00 1.125018333115000324e+01 9.513634074034063914e+00 1.246628227398744215e+01 1.565647288254443481e+01 2.371364705846516330e+01 3.490307055202996622e+01 3.395602799240984382e+01 2.404086663346707553e+01 2.285164113851518053e+01 2.905604192837151345e+01 2.143616684710410070e+01 1.303530637921527457e+01 1.406611953945056470e+01 1.478589305643746776e+01
6.490390650280113416e-01 9.772841782597467386e+00 1.190785088982386597e+01 7.749224965304710722e+00 1.657599149190162180e+01 1.917034894694906555e+01 1.011347739520179090e+01 9.331917138550274160e+00 1.159555713598509463e+01 1.660013300796218161e+01 2.369606744012798671e+01 3.378575718006050010e+01 3.799006959249409476e+01 2.710158988930550805e+01 2.487803282922050485e+01 2.577218296884738535e+01 3.345052402422123095e+01 2.962689532008910476e+01 1.922255369169317873e+01 1.185344203734395485e+01 8.325986438364729736e+00 6.354053669093945977e+00 1.005741671016981975e+01 5.956706719189804211e+00 9.391797818609482817e+00 2.106831064593216141e+01 2.507270063505077218e+01 2.642810282099899766e+01 3.642616543499818249e+01 3.400522235590681674e+01 2.394634710775359920e+01 1.812380972848272975e+01 1.881324535932621345e+01 2.521471880339511884e+01 1.638399769162121444e+01 8.618845096226776192e+00 7.311646034242469838e+00
9.330058981412470143e-01 8.004073710006696984e+00 1.800407371000662593e+01 1.773671313744951661e+01 2.188684983203815548e+01 2.012367957080810754e+01 1.997559393848588272e+01 1.150360044401183757e+01 1.268050108332656478e+01 1.691801150309189694e+01 2.275710628555247084e+01 3.293077117739414206e+01 3.534486023843473390e+01 2.413666515185999373e+01 1.764597191416283906e+01 1.754292129402901423e+01 2.604316446999775536e+01 2.626719859935437995e+01 1.939959411658107413e+01 1.451375001927543096e+01 5.562909899892799714e+00 1.017756784661134972e+01 1.806988131379223717e+01 1.590017273830278199e+01 1.777089256916178428e+01 1.673322815690632481e+01 2.239575418144698915e+01 2.756004919712841783e+01 3.508155010044346511e+01 3.377435329078370074e+01 2.367291331851219383e+01 1.774138754522041594e+01 1.429810473610231192e+01 1.503920680979873303e+01 1.756257921467333105e+01 7.047175665263686994e+00 6.846604921561414869e+00
5.188205228764638521e-01 8.303424102452293454e+00 1.541578682187423155e+01 2.121764268355651950e+01 2.591165086352610558e+01 3.018497045814874724e+01 2.578700806069290152e+01 1.653088422803614321e+01 1.704735496470303957e+01 2.236478011239083230e+01 3.124587463172347412e+01 3.712504869685763964e+01 3.008817315150140459e+01 2.191684259689853675e+01 1.606276170867731068e+01 1.297367871169022990e+01 1.495165783325370334e+01 2.131892809199330685e+01 1.056955198925714789e+01 -2.227805516312998435e+01 4.928025699017499761e+00 -3.841794067561598069e+01 1.317719395452394693e+01 1.359559467677848943e+01 1.678402188899656622e+01 1.986496085351575047e+01 2.268795216837198581e+01 2.733177741815797646e+01 3.494504772605952780e+01 3.791350688650838663e+01 3.209980890744881776e+01 2.467144769443468277e+01 1.471246261771210051e+01 1.105999074271404581e+01 1.060869378151734566e+01 6.245504284754326285e+00 1.037117093421417025e+01
7.467319160170617920e-01 3.761845361794700526e+00 7.297379267727443164e+00 1.176951522272703698e+01 1.884058303459255868e+01 2.884058303464468054e+01 3.112774368042624218e+01 2.685856396670692092e+01 2.298483065477395826e+01 3.150090505643635908e+01 3.667336132894659073e+01 4.479540129430407802e+01 3.749818280640385382e+01 2.803024862474447332e+01 1.651444044026436941e+01 1.128275236768010181e+01 9.103343751335369660e+00 1.190332152863123483e+01 1.579948996959372387e+01 1.095723769264466974e+01 4.590357783297092098e+00 1.168840502125417835e+01 8.969266484983126730e+00 1.255573932147688154e+01 1.775749009122315414e+01 2.232708936123592380e+01 2.637988918258402293e+01 3.270511023342958623e+01 3.579751554058559293e+01 3.255777297869219922e+01 3.656545585091320305e+01 2.911842547098747147e+01 2.135249533336372707e+01 1.123447697792093436e+01 8.335557274979690234e+00 1.004097393311732311e+01 6.585587167293913247e+00
7.351574092455022136e-01 8.509923243839997653e+00 1.542739908791008041e+01 2.120138708292971685e+01 2.591165085912009047e+01 2.907454835204161014e+01 3.096473616838802201e+01 3.510512550726005543e+01 3.368428939943632372e+01 3.801978569983838696e+01 3.556388957413170715e+01 3.956439928217182711e+01 3.571304682752877824e+01 2.455339033073492772e+01 1.784641206471130204e+01 1.761732784030070320e+01 8.550815391761840800e+00 6.516642968496629607e+00 6.822609412521801531e+00 -1.176226448305697048e+01 4.357127008108031774e+00 -2.885499493717175845e+00 1.178598682868226177e+01 -1.139926593935872212e+01 1.167464834211597413e+01 1.140600343890335111e+01 1.984616563459177385e+01 3.302485607758255526e+01 2.680788193080367421e+01 2.327537497087751817e+01 3.144995427160802848e+01 3.148994657947559972e+01 2.135249533116981979e+01 2.017911821124285510e+01 1.102095109290803698e+01 -1.150928132236163037e+01 6.000716128385419346e+00
5.269872374626074496e-01 7.598055049328070076e+00 1.759805504932799991e+01 2.687354131822737457e+01 2.397970995536276817e+01 1.907840533025500207e+01 2.096651027354661423e+01 3.096473616838726528e+01 3.513090368277968167e+01 3.104686276651364452e+01 2.608427492887565080e+01 3.429951101449489670e+01 3.997336097092975393e+01 3.367759729081722497e+01 2.902568895981510622e+01 2.452164209136357087e+01 1.918210353414592362e+01 9.656612972988844135e+00 6.321234623421801757e+00 1.157015733947318026e+01 1.086558630086964605e+01 1.381017167187033223e+01 4.092007249389484791e+00 3.612479344761849287e+00 4.698955902632610204e+00 1.060835369920833138e+01 1.886407654371955545e+01 2.753326127004464752e+01 2.460006408460789373e+01 1.799529415435748803e+01 2.516012839830134595e+01 2.946872634129168489e+01 2.593335513045153817e+01 2.532333936269930419e+01 1.993099699209629705e+01 1.544689292559113802e+01 5.231294544779772515e+00
1.383962708379395945e-01 7.209464082703425980e+00 1.720946408272179795e+01 1.685413714307192734e+01 1.398412932678197151e+01 1.389940322475393586e+01 1.866967769524514154e+01 2.868495257492822148e+01 3.024550805484967597e+01 2.128490743742810309e+01 2.050565305007236816e+01 2.914647452439229269e+01 3.325653336957743278e+01 2.909960262119257735e+01 2.797155135977000029e+01 2.799818507651254862e+01 2.419620195021577658e+01 1.939764425717467233e+01 1.445564135924214533e+01 1.386203224906837406e+01 2.192555639326841188e+01 1.459271824314809507e+01 9.564527649512861274e+00 3.405560170859442515e+00 8.435542162477659645e+00 -1.134497406854316282e+01 9.589367334796998321e+00 2.269538972182738945e+01 1.943194036451718176e+01 1.442105611427918532e+01 1.503726179058278944e+01 2.009316597402639459e+01 1.562699872457169370e+01 2.285883803522597191e+01 1.854887436891024066e+01 8.381953719326997287e+00 5.195356715103213396e+00
6.756183529128325649e-01 1.067561835291279770e+01 1.705451220059441653e+01 9.828480232546237261e+00 9.414612790550204835e+00 1.357189932730542914e+01 2.359147729742941380e+01 3.282402400660190267e+01 2.597493511992256998e+01 1.635876979021896460e+01 1.608440126822255678e+01 2.567556427750739090e+01 2.909962654345340738e+01 1.907661416935057730e+01 1.795739889121492894e+01 1.792374746517521089e+01 2.503348101555001648e+01 2.516782745101996710e+01 2.709563688976033902e+01 2.766458207803582070e+01 2.897601149683676880e+01 2.344469488496795506e+01 1.658233649781484687e+01 9.478742288688112083e+00 3.503501789448751236e+00 3.010749055678568098e+00 1.052946651650782961e+01 1.692061118553363031e+01 1.655865713073218615e+01 1.119405163977257978e+01 9.894848306570999341e+00 9.193773221420192598e+00 8.478579873880448758e+00 1.497210370176925132e+01 1.902720495896073416e+01 1.420757366886072859e+01 -4.943794093286239644e+01
1.053743069371424479e-01 1.010537430693536898e+01 7.240777822558557730e+00 5.913083902715497331e+00 1.063020166957178247e+01 2.063722607633528838e+01 2.772974554329141128e+01 3.181114360966192223e+01 2.808242780470164845e+01 1.819555524018152681e+01 1.333568825185621876e+01 1.998624191555260410e+01 2.435319852198103519e+01 2.032246257752122531e+01 1.201613642918771241e+01 1.083438675680715946e+01 1.694674809118154357e+01 1.526252735395531701e+01 2.293858288294257264e+01 2.213497806484792463e+01 2.630119192987571708e+01 2.510098261100144867e+01 1.936444911632525745e+01 1.633115875699174779e+01 1.027003208604416784e+01 -6.770797448174016608e+01 -1.320707807276471328e+02 1.262794830220942188e+01 7.519910921805953663e+00 1.139917178551186261e+01 8.534665250463641328e+00 -1.961712836489950007e+01 4.345161285913737181e+00 4.260397214929018794e+00 4.911033040126643989e+00 9.284504510082564721e+00 4.902100493485267663e+00
4.388850927889174081e-01 5.942810311520058342e+00 2.868287536285460071e+00 7.204875352120664544e+00 1.726469457245523387e+01 2.030044936404158662e+01 2.180100761235084406e+01 2.180100761235086182e+01 2.763372018672955122e+01 1.770067828507688290e+01 1.096129265580421652e+01 1.028081937337907625e+01 2.023748605487786278e+01 2.176330089948165991e+01 1.179059439311590829e+01 7.128267311593473821e+00 6.868612272421950493e+00 7.820867875038426398e+00 1.828822473614804878e+01 1.207233434553494789e+01 2.048926820504811985e+01 2.165923758711611313e+01 1.040028870886096790e+01 1.034932188435992906e+01 1.257487360891379602e+01 -1.503031727276887466e+02 3.227103621454380900e+00 4.698612535255281664e+00 1.112455691690859005e+01 -2.488295562805529073e+02 3.777127143430018208e+00 1.144918277330452661e+01 4.146352322190140605e+00 3.929993642998353298e+00 4.415139318959048431e+00 4.439872529391323042e+00 5.113606507540434443e+00
8.953435393330821945e-01 -1.012947645432034083e+00 5.768262042354566077e+00 9.532887778428483116e+00 1.191422099720598737e+01 1.027801645316447932e+01 1.178536895119598960e+01 2.085252411641489445e+01 2.829256498946502418e+01 1.832718491031532437e+01 1.127197543807673874e+01 8.185676904110986030e+00 1.531865066951490384e+01 1.979350633183036479e+01 1.825328089240455753e+01 8.275799087986076330e+00 3.511373814469791022e+00 4.674151138049671417e+00 1.306492530895255655e+01 6.299412437013343968e+00 1.576329013249862676e+01 2.166204527132889268e+01 1.089815098172089947e+01 -2.361142596883078681e+02 2.895772778762178312e+00 8.866062586262330569e+00 3.797150750722379620e+00 3.456713950730342155e+00 1.300375321491087277e+01 -1.983359340711709251e+02 2.931564433505415845e+00 9.419382453820086099e+00 1.335035132929204060e+01 9.292694558580606667e+00 5.918598078591563727e+00 9.931294771454851400e+00 1.445746831453928394e+01
1.994484013391750743e-02 6.902313346158467366e-01 -5.410253761263459182e+02 -2.179629570806417860e+02 1.840419871830745180e+00 5.409462259352102009e+00 1.130264239878920307e+01 2.132507097962732701e+01 2.890109570685022433e+01 1.894717544866742287e+01 1.189714394274287201e+01 6.393528351561506007e+00 5.587342671176871889e+00 1.565780347092525560e+01 1.926885349138619929e+01 1.539903350872930687e+01 8.628047844224621343e+00 -8.141863609130298300e+02 9.766002682836660398e+00 -5.206929995235766739e+01 7.793365487841733774e+00 1.758332848656387171e+01 1.239977626483164386e+01 -1.541056413764760862e+02 2.748330997910024109e+00 9.895698278397597747e+00 7.972010019417448135e+00 3.265941622572683389e+00 3.535398069505441221e+00 1.355921563892511372e+01 9.309658276671060051e+00 1.779682924262663235e+01 1.484289213739041280e+01 -1.221704653817095050e+02 1.119344959963144781e+01 1.791471300614440665e+01 2.224840109387297105e+01
