output/example/elevation_average_000056.asc
nrows	75
cellsize	133.333333333
xllcorner	0
ncols	75
yllcorner	0
NODATA_value	-9999
[rows 51 to 67 of 75, columns 37 to 73 of 75]
1.984772405730698779e+02 2.935024833385575675e+02 3.141044335107673078e+02 3.253581824475396616e+02 2.472976509122135553e+02 2.590756376652144581e+02 3.506611856555781515e+02 3.828921479356866939e+02 3.330530721733414339e+02 4.128708662586595324e+02 4.291517981936863180e+02 4.461850179456330920e+02 4.083095131160112032e+02 4.897889885774598042e+02 4.429856089483122332e+02 5.041497460701590398e+02 5.877203937607160924e+02 6.049620193293021657e+02 5.842577967734974891e+02 6.023901977589514445e+02 6.051812557122159433e+02 5.678927578210449383e+02 5.114423556175631802e+02 5.742836676875637067e+02 4.847345628210206883e+02 5.104705422353267181e+02 4.947696660133589148e+02 4.036674981108700990e+02 4.948478907573873471e+02 5.196897055997809503e+02 6.088041249122539966e+02 5.498605361053502065e+02 4.595602428184354267e+02 5.199315842052379821e+02 4.585918299900091597e+02 5.488923858706800729e+02 5.803616707394415926e+02
2.934176826346295570e+02 2.360810549719194000e+02 3.304096664147043043e+02 3.793349111185962670e+02 3.143904714263217102e+02 3.528370121269024935e+02 2.767056935039940413e+02 2.897220022382148841e+02 3.048454829236954993e+02 3.203758986071941877e+02 3.369860067915893183e+02 3.543606157202481768e+02 3.760759075495555521e+02 3.991736315622669053e+02 4.903253481879380615e+02 5.674844283163720320e+02 5.634163332923399139e+02 5.318302858438534031e+02 4.992948382819555491e+02 5.141136496103595164e+02 5.755509405802092715e+02 6.356146850016317558e+02 6.007064222556667801e+02 6.107380621845685482e+02 5.745644705638640062e+02 5.403367442652720456e+02 4.498451321984901483e+02 4.950580555680739963e+02 4.289932659574747618e+02 5.198907638698730125e+02 5.849413937087425666e+02 5.717458365013650337e+02 4.823790622759233884e+02 5.715962638600691434e+02 5.488956150253968644e+02 4.906895215612219090e+02 5.803671518683752311e+02
3.682472953581330444e+02 3.304131882464458840e+02 2.806786898806221302e+02 3.740043658718035999e+02 4.072316486045951933e+02 4.079744696636295203e+02 3.312294529076841059e+02 3.426649312103506304e+02 3.964970922903088990e+02 3.744587799041720473e+02 4.279594818343628617e+02 4.080414141787076119e+02 4.657800449992868721e+02 4.684956193897731964e+02 5.085122141510403821e+02 5.113366343073042799e+02 5.051820066178601678e+02 4.582138337715271064e+02 4.396848760445550965e+02 4.483721025947726844e+02 5.362840890101831519e+02 5.966235333675358561e+02 6.001151184292509697e+02 6.366785038786666746e+02 6.034492108949363001e+02 5.142134415750487051e+02 5.142076261692008075e+02 5.565053794209412672e+02 4.936425113436076799e+02 4.582688865883287690e+02 5.485601717162602426e+02 6.084170020766382549e+02 5.722388822452275008e+02 5.206998820664102823e+02 6.087908013635188809e+02 5.803827703318693239e+02 5.291592326757271394e+02
3.976275485435404562e+02 4.118308761369788726e+02 3.353830300646308729e+02 3.554919237948565183e+02 4.475199147114097968e+02 4.610318983400268849e+02 4.237562519741173901e+02 4.312143483531807533e+02 4.719750704361746898e+02 4.660231245230287414e+02 5.030731448126904297e+02 4.989407729147728787e+02 5.357209261590024880e+02 5.554720692128582868e+02 4.989562673513096343e+02 4.523388976629400418e+02 4.754621257740388955e+02 3.976713702312458736e+02 3.882988461150150101e+02 4.744140821283910441e+02 5.393229331501734123e+02 5.092952082784388494e+02 5.112270697072817143e+02 5.998619932992993427e+02 6.393536169792632791e+02 6.034552151413997763e+02 6.034365703411236836e+02 6.193517784258359598e+02 5.483385036833452659e+02 4.921570793666277268e+02 5.053299693379081532e+02 5.946941292078180368e+02 6.382269760319553598e+02 5.505821023421841574e+02 6.382072604445888828e+02 6.538788343069028315e+02 5.802248254891961778e+02
4.370734256533318103e+02 4.648450744044440626e+02 4.278134488093229493e+02 4.475224420683267113e+02 4.414923769565601788e+02 4.406567883553070715e+02 4.778882933296744682e+02 4.573194221735248561e+02 4.214113588712624505e+02 4.413516378611725486e+02 4.785463998931848550e+02 4.918782861654935914e+02 5.286807638864462433e+02 4.873481396736892179e+02 4.486298080549428846e+02 3.867865594787780879e+02 4.364351551894721979e+02 3.458201318300142475e+02 4.280704606905766809e+02 4.513090061727222633e+02 4.550291726805980943e+02 4.445132002428289866e+02 5.309719099174013763e+02 5.684358484775724492e+02 5.870782803014242290e+02 6.000511771497059499e+02 6.376817730084968616e+02 6.724813552557013736e+02 6.164282223917873580e+02 5.289680468339286108e+02 5.946816392488202609e+02 5.657973983317598368e+02 6.538984207235104122e+02 6.190311591172696808e+02 6.107755474755971363e+02 6.975082626485192350e+02 6.427516509096658410e+02
4.646167238978762839e+02 4.285977139575676347e+02 3.927862938575274256e+02 3.923285696200751431e+02 3.530741314869868575e+02 3.483556710095500648e+02 4.404957731548371385e+02 4.037096999283958212e+02 3.286484708150974825e+02 3.490005173943250156e+02 4.262708200995442098e+02 4.005429677958348975e+02 4.914854551577796542e+02 4.478824499947655227e+02 3.579437553179272982e+02 3.314386766576751597e+02 3.934928652970941130e+02 3.222116989807149139e+02 3.426044756480607134e+02 3.660417154227013157e+02 3.944567413106625509e+02 4.787187426037385194e+02 5.379829682058278877e+02 4.786270999956619221e+02 4.975294828268415586e+02 5.123539187827877868e+02 5.895582363596208779e+02 6.275801552606469613e+02 6.536480466705844492e+02 5.905729294347225959e+02 6.532150369430036108e+02 6.538938817701308608e+02 6.774540064398159984e+02 7.020313329303977525e+02 6.942922720854101044e+02 7.239018143839184631e+02 7.293753631020441617e+02
4.220820048800675295e+02 3.767770783945525750e+02 3.049920810394399950e+02 2.992391036874779502e+02 2.819925243838946471e+02 3.755897701099799519e+02 3.729161394917438770e+02 3.348680721186387359e+02 2.721298542833912393e+02 3.017790286533519861e+02 3.349846651322757793e+02 4.275929968570889628e+02 4.481597078902975113e+02 4.000327046297746847e+02 3.576541475947822164e+02 2.866495328069424886e+02 3.009578237490005677e+02 3.915474938034250272e+02 3.978309115635386775e+02 4.576654562529185455e+02 4.852053865919979785e+02 5.113539024048440638e+02 4.747702545038097810e+02 4.124067852045059226e+02 4.359268771696648628e+02 4.666017516355498174e+02 5.019830401412301057e+02 5.656865328228394674e+02 6.539637523652396567e+02 6.782099792107811709e+02 6.510351792935766753e+02 6.163782551781868051e+02 6.516010615516410098e+02 6.858875773241970819e+02 6.575607668430008061e+02 6.900769880915732983e+02 7.314996074569289704e+02
3.604601621002929051e+02 3.198101444493695453e+02 2.466099986836808000e+02 2.340164163504165060e+02 3.285058568424666987e+02 3.454486098897735928e+02 3.072247170223758417e+02 2.404871600644155194e+02 3.348780854914531346e+02 3.944085310521662109e+02 4.266376039888421019e+02 4.346988300411562136e+02 3.826682020508840765e+02 3.177206242087279975e+02 2.681966720385137251e+02 3.621627050415738154e+02 3.940124489531558538e+02 4.319618644925325839e+02 4.877031162791151928e+02 5.260980100800906030e+02 4.855930607776070360e+02 4.484081348963092069e+02 3.829500179213227966e+02 4.671218415806485496e+02 5.206283105834196476e+02 5.556672187011740789e+02 5.895710190613921213e+02 6.275828732586952583e+02 6.230184811815882995e+02 6.122785446888765364e+02 6.051915522871834128e+02 5.272090552000225898e+02 6.051910889965666911e+02 6.432193556035882693e+02 5.709071141309574386e+02 6.141284572569538796e+02 6.843283664636981030e+02
3.023236063971922363e+02 2.291740097770111504e+02 1.952149375162234151e+02 2.725619896239865056e+02 2.770332854420829563e+02 2.814505797184847893e+02 2.123057342735111206e+02 3.072378110526648243e+02 3.729379490024626307e+02 3.563495791442723544e+02 3.942836695308935759e+02 3.659235017710936972e+02 3.055608248342712727e+02 2.503766258973396361e+02 3.446775187997711782e+02 4.000374264361591941e+02 4.725638237401773267e+02 4.746607721344136053e+02 4.429141720530693647e+02 4.621314159535382942e+02 4.249459229341019864e+02 3.560679337906196338e+02 4.114382394988866736e+02 5.015546996568781424e+02 5.657216790649832774e+02 5.471847502917800057e+02 5.753410304652491050e+02 5.872649902756353413e+02 5.340664179676552976e+02 5.230864431867071289e+02 5.231745114929954070e+02 4.788355505960104779e+02 5.661231755333868705e+02 5.708549812159762951e+02 5.189782657541978779e+02 5.600660974256250029e+02 6.130705777973909107e+02
2.501741805751813672e+02 1.680132814581245100e+02 1.725467703954394096e+02 1.771223939739132049e+02 1.816416868341972020e+02 1.861377108338574260e+02 2.815559406117519643e+02 2.925796666591618305e+02 2.967153309571690443e+02 2.623529807973205266e+02 3.064189872434080257e+02 3.112646329164296048e+02 2.332095796436540525e+02 3.278097925539242965e+02 3.826856726235689052e+02 3.853249147302130382e+02 3.808713251155917305e+02 4.218450451338417793e+02 3.512620750381651078e+02 4.025229820311279241e+02 3.321749679722832980e+02 4.249536807433636909e+02 4.856239163458492953e+02 5.395292601894969948e+02 5.356078246103338643e+02 4.612481082724092403e+02 5.232583794781122606e+02 4.977279479903834840e+02 4.698945560267032988e+02 4.870658213999741974e+02 4.321918852534288931e+02 5.231751579024257808e+02 5.393025988437952947e+02 4.807389698064648087e+02 5.447998179562715677e+02 6.336393701684419284e+02 6.649537557031258075e+02
1.617070050252758620e+02 2.575046796889300822e+02 2.680766826782720500e+02 2.455733060947788147e+02 2.519088617531376428e+02 2.814656898714302429e+02 1.926823564899384280e+02 1.974545034559883447e+02 2.021968021725080860e+02 2.069373400829793468e+02 2.117100543737708449e+02 2.164517090214671953e+02 3.113571210763332147e+02 3.235011909594397252e+02 3.285702567833599801e+02 2.918556860298273250e+02 3.853178891587154453e+02 3.685467387000226154e+02 2.948294001699298406e+02 3.098213529954765590e+02 4.030440832417860975e+02 4.623615970342092965e+02 4.894560271842075849e+02 5.216364150079239153e+02 4.908838795904592303e+02 4.078714821392335921e+02 4.740003382621604260e+02 4.358470910324052170e+02 4.568616618279162935e+02 3.953683443153963140e+02 4.870277090889278497e+02 5.107680362637183862e+02 4.486058362416117120e+02 5.393169875969774694e+02 6.071444905351605712e+02 6.069997300104284932e+02 5.794926054430925433e+02
2.509819106936287199e+02 2.114256681372964977e+02 2.983084359912508603e+02 3.383558647134676676e+02 3.447640035939130598e+02 3.054958829772328954e+02 2.110223311840972258e+02 2.924848994576375958e+02 2.969224238596381156e+02 2.575535904536554312e+02 3.065429322107689813e+02 3.112907905322844044e+02 2.237214454893053244e+02 2.288927836907292033e+02 2.340580147152717814e+02 3.286605988026329896e+02 3.488334037566571055e+02 2.746823324433317453e+02 3.685405959387801431e+02 4.026804203777550697e+02 4.405953620308338259e+02 4.248320767597931535e+02 3.978917068022224157e+02 4.856537514753482583e+02 4.538189227955036813e+02 3.676536574876464556e+02 4.215792838662392796e+02 4.430899946881422125e+02 3.645858101854965412e+02 4.568533029460994044e+02 4.836487247977742641e+02 4.195155828123862420e+02 5.107615669098877333e+02 5.758227024831064682e+02 5.652687263172101666e+02 5.176710365625172017e+02 5.847856363340351891e+02
2.900624093590287202e+02 3.062145349914227381e+02 2.783456957180537188e+02 3.669678146281466411e+02 3.731306990001933173e+02 2.814941363540664838e+02 3.059908702268294292e+02 2.404610518395357417e+02 3.348931789197604871e+02 3.515343456977889787e+02 3.742317938717482093e+02 3.520306969793967937e+02 2.663846521858108645e+02 2.941366715881871983e+02 3.285730088963157982e+02 2.414243955017720964e+02 2.550966839324704267e+02 3.493278085655883842e+02 4.063934197266351589e+02 3.712447877238859633e+02 3.783390515645821210e+02 3.321570927842961396e+02 3.898503817602556296e+02 4.032245457491889056e+02 4.122605681764293877e+02 3.319235233627808839e+02 3.412565936136109599e+02 3.507295292861181224e+02 4.431690281239789897e+02 3.806121054677544748e+02 3.920705642060927403e+02 4.838292785272475385e+02 5.193225229682797135e+02 5.358404616697315532e+02 4.750958449839197897e+02 5.652719612809795535e+02 6.429472581975614958e+02
2.734309230595120539e+02 3.424890438106293686e+02 3.719299014154134966e+02 4.050322922299839092e+02 4.101042746583344751e+02 3.751854977065551680e+02 3.124378259581744715e+02 3.348875677285390111e+02 2.755139609171040433e+02 3.693019105891088429e+02 4.045745927349911994e+02 3.216699827614980904e+02 3.602465901317161752e+02 3.875630253242277377e+02 3.342037360051684232e+02 3.358923258069973485e+02 2.493473117089419588e+02 3.436969766953815224e+02 3.594399837910461315e+02 2.773872586078179552e+02 2.856347734989070091e+02 2.938874348219498529e+02 3.023206558700203459e+02 3.108036819294038082e+02 3.193644555086041237e+02 4.124555463250655976e+02 4.278221056548858314e+02 4.189984263181199253e+02 4.272495953197512222e+02 4.725456896505752411e+02 4.836451463373559250e+02 4.129400836573660740e+02 4.286139216523076243e+02 4.454158467406740556e+02 5.361593981857388371e+02 5.237342279086554981e+02 5.687937953781030274e+02
2.093083024567864641e+02 3.042168446792733789e+02 3.769636238736840710e+02 4.174296305276168368e+02 4.702161935204620136e+02 4.428987119712249978e+02 3.903945932205480176e+02 4.070955985779536377e+02 3.367620380236560891e+02 3.197169487563257917e+02 4.126472867654261449e+02 4.146779271597443426e+02 4.130782296919555847e+02 4.642432716802456980e+02 3.898464148874274997e+02 2.972703733332149341e+02 3.436862632228799725e+02 2.573232567568130094e+02 2.656856525295398228e+02 3.597375990574284970e+02 3.791032103322048670e+02 3.872303138171304226e+02 3.705778093682477561e+02 3.652493462738290191e+02 4.121648946157134219e+02 3.699660872131040037e+02 4.621083297561932568e+02 5.072648568635390802e+02 5.181837432103742458e+02 5.549735961058851217e+02 5.410879551031147230e+02 4.735450843640207381e+02 4.817521615388992586e+02 5.354826096816685777e+02 4.941095906188955382e+02 5.580119225845876372e+02 6.129504522331939143e+02
3.042161837763119365e+02 2.456014154495430546e+02 2.862508957271465988e+02 3.431334252421637530e+02 4.354198374165850964e+02 4.917606795704577394e+02 4.717657937991345420e+02 4.642099735485353449e+02 4.269468445950744808e+02 3.896949732237338253e+02 3.780891530326329075e+02 4.698750102412295746e+02 5.043198530192051976e+02 4.474272711108303042e+02 3.566905109587032143e+02 3.889223682252455774e+02 3.267221226916275327e+02 3.509251433296796563e+02 2.681829095368507865e+02 3.621575903741389766e+02 4.082357105287774743e+02 4.580377368686656041e+02 4.621259660117942758e+02 4.573470299461645254e+02 4.946191382140499968e+02 4.388909365135246503e+02 4.452026130896245490e+02 5.358972284329447575e+02 5.869130167530006474e+02 6.088456317460199898e+02 5.958294616457739039e+02 5.624002991556197912e+02 5.714865437687639087e+02 6.080149130051086104e+02 5.484408215295489981e+02 6.201144762956926115e+02 6.822290577664688271e+02
3.778254141548842995e+02 3.005701000308707194e+02 3.213202097476026324e+02 4.120800437196785424e+02 4.608471049147749454e+02 4.011492931021240338e+02 4.132568540529153438e+02 4.997313039703147410e+02 5.093367842082760149e+02 4.807193706152108916e+02 4.698941645738030388e+02 4.698606749466091514e+02 5.598918948646884246e+02 4.862657027890744530e+02 4.182915739351419688e+02 4.571129258598628553e+02 3.979814654795817432e+02 3.324635418587836853e+02 3.621699362980046999e+02 2.791560550578523703e+02 3.729611882663057258e+02 3.662466809198716078e+02 4.583967356478212309e+02 5.194212238486633169e+02 5.329024674981651515e+02 5.289678579715047135e+02 5.358943641666364783e+02 5.589433011826049551e+02 4.975870220257071423e+02 5.197295213633034336e+02 5.489366705759090337e+02 5.449716666055230689e+02 6.269563930847921256e+02 6.599200441397498480e+02 6.348052639849230445e+02 6.677028300487914976e+02 6.935928604228882932e+02
