output/example/elevation_000004.asc
nrows	75
cellsize	133.333333333
xllcorner	0
ncols	75
yllcorner	0
NODATA_value	-9999
[rows 17 to 33 of 75, columns 37 to 73 of 75]
4.000321429952428502e+02 4.000269764576815987e+02 4.000351431233822836e+02 4.000373392405375057e+02 4.000364886853094504e+02 4.000902638951866948e+02 4.000868746681591688e+02 4.000237154170445137e+02 4.000111997694232286e+02 4.000372813463035300e+02 4.000297128164567653e+02 4.000306093187843430e+02 4.000112731390665317e+02 4.000107284221990653e+02 4.000107576809688226e+02 4.000110820010668817e+02 4.000275906381662026e+02 4.001122996244126284e+02 4.000849001549445916e+02 4.000338177346058046e+02 4.000196447385071679e+02 4.000064922851141773e+02 4.000064915696625576e+02 4.000064915576716089e+02 4.000068059122990576e+02 4.000193195719703567e+02 4.000792483952363341e+02 4.000489833533530941e+02 4.000394550703476853e+02 4.000375777375039661e+02 4.000191448499425633e+02 4.000059869082350588e+02 4.000252588633745745e+02 4.000389361608503691e+02 4.001088905639830955e+02 4.000589111053593001e+02 4.000500906304366140e+02
4.000238059738950938e+02 4.000280568850115515e+02 4.000373551441824702e+02 4.000203541907042677e+02 4.000322995263815073e+02 4.000925852009575578e+02 4.000728012138502550e+02 4.000768593134606590e+02 4.000338091895085313e+02 4.000064319375303512e+02 4.000361735162527452e+02 4.000228146761948551e+02 4.000308135236991802e+02 4.000287501740747871e+02 4.000214108750236051e+02 4.000314297274160253e+02 4.000689508031690593e+02 4.001104169463628750e+02 4.000359962046707665e+02 4.000081012466014272e+02 4.000068757914514777e+02 4.000229010567079513e+02 4.000130864516944484e+02 4.000194196357250576e+02 4.000065567541609539e+02 4.000127303609602336e+02 4.000505462791936111e+02 4.000441882663351976e+02 4.000040017948628588e+02 4.000267863797490122e+02 4.000108026618722761e+02 4.000123681832101283e+02 4.000094794507097049e+02 4.000415339400229868e+02 4.000712568460600096e+02 4.000783616708811223e+02 4.000297645484924374e+02
4.000388296707089921e+02 4.000418907147613936e+02 4.000415759514810361e+02 4.000212145717683825e+02 4.000502592584726358e+02 4.000439672473737005e+02 4.000301136369084247e+02 4.000303295015248182e+02 4.000203232569576812e+02 4.000058695257201862e+02 4.000207929291671007e+02 4.000251322440320223e+02 4.000115095333768522e+02 4.000376313446117820e+02 4.000572148941847672e+02 4.000480826243478987e+02 4.000474066003320672e+02 4.000798478285075817e+02 4.000548232080080879e+02 4.000312025329972698e+02 4.000215923414049257e+02 4.000498536824209168e+02 4.000506174992945603e+02 4.000268544159947623e+02 4.000068072463774911e+02 4.000285450599534443e+02 4.000622311234664039e+02 4.000342744074594066e+02 4.000011752011014323e+02 4.000336609348615298e+02 4.000140792475172020e+02 4.000098332175564337e+02 4.000212812451948139e+02 4.000379619503706294e+02 4.000379384255607533e+02 4.000500938813644325e+02 4.000277562735658989e+02
4.000426775624760012e+02 4.000345345031350348e+02 4.000273379860216210e+02 4.000548108410163763e+02 4.000560389097298639e+02 4.000278814436883295e+02 4.000181630765634395e+02 4.000103066389244191e+02 4.000288286333000087e+02 4.000254393315545940e+02 4.000056542734845380e+02 4.000056887361984082e+02 4.000120504571644915e+02 4.000676626581677624e+02 4.000591645641582659e+02 4.000470398558142620e+02 4.000561186027218241e+02 4.000741716674062332e+02 4.000431614524649149e+02 4.000256434277077346e+02 4.000321970031051251e+02 4.000402367086342110e+02 4.000234039069455889e+02 4.000118833783421337e+02 4.000264400083727878e+02 4.000183998856877565e+02 4.000167882134310275e+02 4.000030808682966494e+02 4.000009063074087976e+02 4.000200190356842995e+02 4.000246772148498735e+02 4.000098241844397648e+02 4.000099563542232772e+02 4.000214515632432040e+02 4.000370175415176277e+02 4.000268785230676372e+02 4.000520214291452703e+02
4.000419692972331518e+02 4.000470542162422021e+02 4.000560966711781816e+02 4.001018113005522991e+02 4.000744301711424669e+02 4.000584287781330204e+02 4.000260735754804386e+02 4.000325761093293977e+02 4.000062044268265140e+02 4.000057183977707496e+02 4.000056538211063639e+02 4.000146657332629729e+02 4.000311038034917601e+02 4.000624199397681195e+02 4.000699156240838761e+02 4.000403620868812027e+02 4.000422491186019442e+02 4.000490160394938357e+02 4.000342408580402775e+02 4.000221211053819275e+02 4.000080245507178347e+02 4.000387769827821103e+02 4.000577001434452313e+02 4.000484286437957735e+02 4.000237762998480093e+02 4.000010191122476613e+02 4.000008772400648240e+02 4.000008711235958003e+02 4.000035085214580590e+02 4.000372982073537287e+02 4.000286696272555105e+02 4.000098243201546211e+02 4.000189179447818901e+02 4.000404054646928671e+02 4.000261977802499587e+02 4.000277251293377390e+02 4.000396629034088392e+02
4.000453964483409663e+02 4.000769672971371733e+02 4.000925754658696292e+02 4.001138671499900283e+02 4.000830156677903346e+02 4.000828236000128868e+02 4.000735877365207216e+02 4.000618281510760426e+02 4.000385984624294906e+02 4.000243970378364224e+02 4.000072541200820524e+02 4.000259728970967785e+02 4.000260937454131067e+02 4.000156140798932256e+02 4.000163679412046349e+02 4.000141955644213567e+02 4.000149065359574365e+02 4.000150294374011537e+02 4.000123146112590575e+02 4.000045048982570393e+02 4.000232050049424402e+02 4.000364609397364575e+02 4.000661069155777341e+02 4.000415431384305975e+02 4.000094455447614337e+02 4.000227238432620993e+02 4.000260194632124353e+02 4.000010000375044115e+02 4.000317527520012391e+02 4.000358630778981137e+02 4.000098892533546291e+02 4.000320136298906846e+02 4.000741816182929824e+02 4.000549307598579389e+02 4.000371489596882384e+02 4.000267817665962866e+02 4.000422557476551333e+02
4.000620749439500514e+02 4.000569035603458588e+02 4.000839269975402317e+02 4.000987372415053756e+02 4.000517623373029892e+02 4.000691102186772810e+02 4.000874464947506794e+02 4.000462539469933176e+02 4.000461376345672306e+02 4.000221760254625565e+02 4.000212707004920958e+02 4.000424346355306966e+02 4.000281314319435069e+02 4.000227846592634933e+02 4.000046343513496936e+02 4.000045127363479196e+02 4.000045046623486087e+02 4.000045042954902783e+02 4.000045042943662565e+02 4.000055396703742190e+02 4.000045539543244786e+02 4.000055927903986799e+02 4.000437023135538652e+02 4.000746318307739102e+02 4.000645607647214774e+02 4.000870360389263283e+02 4.000549691168426989e+02 4.000123209567619824e+02 4.000218594373316137e+02 4.000405383723699515e+02 4.000100592468513696e+02 4.000345478267624912e+02 4.000599914955417375e+02 4.000278202414157818e+02 4.000268137707395795e+02 4.000268447219567634e+02 4.000274777977125495e+02
4.000629887597065135e+02 4.000851829463949230e+02 4.000949611928813852e+02 4.001081414087548183e+02 4.000512296575874416e+02 4.000400077522219249e+02 4.000511208852816480e+02 4.000403739490892576e+02 4.000652936335146705e+02 4.000364292430900264e+02 4.000186711718448009e+02 4.000329923794726596e+02 4.000545565551580580e+02 4.000420525408446792e+02 4.000080321873074922e+02 4.000104965562680377e+02 4.000263312386871917e+02 4.000045299966792527e+02 4.000153727951540645e+02 4.000284647524349566e+02 4.000048998483303535e+02 4.000241185367145249e+02 4.000457707989170899e+02 4.001082792944806670e+02 4.000757838869064926e+02 4.000796498215985935e+02 4.001087642043291339e+02 4.000961736814739425e+02 4.000738320472469240e+02 4.000458605643681267e+02 4.000107033156999137e+02 4.000452715401956993e+02 4.000394884547291099e+02 4.000271673356918996e+02 4.000268147727162500e+02 4.000438524028278948e+02 4.000482837847222868e+02
4.000651462166234182e+02 4.000665023319178886e+02 4.000528101070839284e+02 4.000778203287889596e+02 4.000453504637715128e+02 4.000494434340358225e+02 4.000394596621011942e+02 4.000504251618605167e+02 4.000671858973607868e+02 4.000282089698172285e+02 4.000187342590247113e+02 4.000248307216942862e+02 4.000498672347116553e+02 4.000686129018457677e+02 4.000614308398696721e+02 4.000675494526573175e+02 4.000532976871400592e+02 4.000050464975219029e+02 4.000456685612139154e+02 4.000555386468366237e+02 4.000167184461030843e+02 4.000584479505450304e+02 4.000849274541174623e+02 4.000755151345765626e+02 4.000451667507714433e+02 4.000471076720087922e+02 4.000647621118653774e+02 4.001261748506781828e+02 4.000891633946464481e+02 4.000264252801695761e+02 4.000453177399490983e+02 4.000200123741512357e+02 4.000674390268690104e+02 4.000515065819600977e+02 4.000307762459946730e+02 4.000277005300835071e+02 4.000602312000759184e+02
4.000636397792999333e+02 4.000329956082660487e+02 4.000309339352122038e+02 4.000342971803654564e+02 4.000305053641778272e+02 4.000472122403273261e+02 4.000471769413267111e+02 4.000485755043045515e+02 4.000915667966295928e+02 4.000641021908456310e+02 4.000374390723284250e+02 4.000443474021766406e+02 4.000739292117207810e+02 4.000775581648384787e+02 4.001104645846893391e+02 4.000781897529225830e+02 4.000927546544827464e+02 4.000494192421621733e+02 4.000178955103933163e+02 4.000791955903986263e+02 4.000886265759136222e+02 4.000929852931273558e+02 4.000606311658658001e+02 4.000658316410968496e+02 4.000426407098607910e+02 4.000499776969693926e+02 4.000937053162402322e+02 4.001040698053665778e+02 4.001030757329006065e+02 4.000803773860598085e+02 4.001005629176859770e+02 4.000491661319457535e+02 4.001090483139412868e+02 4.000812124434212365e+02 4.000736229359758340e+02 4.000628678685469026e+02 4.000356927535357272e+02
4.000542880125789225e+02 4.000694808283083148e+02 4.000408047292154947e+02 4.000303888418629299e+02 4.000419045843905792e+02 4.000333678332976319e+02 4.000575756529511295e+02 4.000715600703551331e+02 4.000551361253868095e+02 4.000248078924003607e+02 4.000426759300385129e+02 4.000219003050061133e+02 4.000399718310857793e+02 4.000276725617991929e+02 4.000461249757614723e+02 4.000476732558737467e+02 4.000818399416673401e+02 4.000835430801810162e+02 4.000774792383720069e+02 4.000661180624824738e+02 4.001224217695137213e+02 4.001118870327400145e+02 4.000739936902903082e+02 4.000435133459507711e+02 4.000425401538375354e+02 4.000615252109507765e+02 4.000755935862662227e+02 4.000903208928849608e+02 4.001291674286687226e+02 4.001254867518850915e+02 4.001467953709313292e+02 4.001112678223046260e+02 4.000851891776324010e+02 4.000826972520166009e+02 4.000904746028792829e+02 4.000860956554317909e+02 4.000831282641672146e+02
4.000413836985844682e+02 4.000558205275438013e+02 4.000470806459993582e+02 4.000303889317730182e+02 4.000358736686208658e+02 4.000599244777317836e+02 4.000658925632812384e+02 4.000517265149381956e+02 4.000254494135802474e+02 4.000199612931069169e+02 4.000281866669915303e+02 4.000256357210323017e+02 4.000200898976493136e+02 4.000367515371966647e+02 4.000296089043971506e+02 4.000397391880894133e+02 4.000637381464829900e+02 4.000867481604202567e+02 4.000739636367183607e+02 4.000891078347459597e+02 4.001142837612068206e+02 4.000563466179423813e+02 4.000426763229137919e+02 4.000425312210388142e+02 4.000425312524611741e+02 4.000607022143341283e+02 4.000884561669145114e+02 4.000587835518189763e+02 4.000803178872703256e+02 4.000698063160488118e+02 4.000971127112269983e+02 4.000934667050960911e+02 4.000933814905131385e+02 4.000805939462720175e+02 4.000637981695174403e+02 4.000844683433795694e+02 4.001380665211992209e+02
4.000545882834896929e+02 4.000428772258266008e+02 4.000305220242692599e+02 4.000440051965024395e+02 4.000623552114997210e+02 4.000694857379723999e+02 4.000333463695319551e+02 4.000677426301062383e+02 4.000356156525355118e+02 4.000199592688161943e+02 4.000293017035586445e+02 4.000199723134283545e+02 4.000335732029747646e+02 4.000365371769723311e+02 4.000337392902341662e+02 4.000133498367678158e+02 4.000313335652143110e+02 4.000407559828481112e+02 4.000296928461393122e+02 4.000592243426800678e+02 4.000936854098205799e+02 4.001142627060077075e+02 4.000688526192522545e+02 4.000585455796648944e+02 4.000428944372458773e+02 4.000613452838710487e+02 4.000714051937278555e+02 4.000664982173765338e+02 4.000521771023267661e+02 4.000785645915579494e+02 4.000914582009979199e+02 4.000621933078129473e+02 4.000665342809063532e+02 4.000806454674448105e+02 4.000705295016475134e+02 4.000434320703569711e+02 4.000959651279474656e+02
4.000670820620580344e+02 4.000378615372458171e+02 4.000330092602314949e+02 4.000611616156430159e+02 4.000645042039971599e+02 4.000357049668116360e+02 4.000161396983686473e+02 4.000526388187707880e+02 4.000420551958100646e+02 4.000208123103683988e+02 4.000199596627149958e+02 4.000203996517388418e+02 4.000441735218905706e+02 4.000344389287369609e+02 4.000259242277948601e+02 4.000096734802620517e+02 4.000361932218503398e+02 4.000442525154746249e+02 4.000275735530175325e+02 4.000282207380771524e+02 4.000567402291745225e+02 4.000800685980603362e+02 4.001253149173116981e+02 4.001016759282341582e+02 4.000677089608461756e+02 4.000728425579677605e+02 4.000520128011808083e+02 4.000512114496241338e+02 4.000579284367975106e+02 4.000865718667563442e+02 4.000624756977204015e+02 4.000379693416177815e+02 4.000786931640964212e+02 4.000728569105992847e+02 4.000441152309884956e+02 4.000370271485156763e+02 4.000554662942888626e+02
4.000615708747797044e+02 4.000637384109707000e+02 4.000331685779519262e+02 4.000491726015528116e+02 4.000380097445806200e+02 4.000113625956915371e+02 4.000173403876560201e+02 4.000476599452866822e+02 4.000612384463603917e+02 4.000534558494776434e+02 4.000346835139558266e+02 4.000401977034853758e+02 4.000447995693077132e+02 4.000119964347283030e+02 4.000181000899388550e+02 4.000088924178621710e+02 4.000327046580223396e+02 4.000380621583437346e+02 4.000275644883248560e+02 4.000275645784788026e+02 4.000276302043467354e+02 4.000289315373183854e+02 4.000698938359983003e+02 4.001138257009423000e+02 4.000892060343077787e+02 4.000560839812870313e+02 4.000511348615058864e+02 4.000670101185894509e+02 4.000716203442079859e+02 4.000583672437919063e+02 4.000217826597619819e+02 4.000549340134535328e+02 4.000970464537550129e+02 4.000844917523351114e+02 4.000434630016694655e+02 4.000416090267208347e+02 4.000293836749224283e+02
4.000309928754639941e+02 4.000350629109340161e+02 4.000115246489948504e+02 4.000279277938063274e+02 4.000327156772079888e+02 4.000110563989184129e+02 4.000149425197324717e+02 4.000443085220249486e+02 4.000640785061582392e+02 4.000445126716355162e+02 4.000430179773402415e+02 4.000264755455211798e+02 4.000252439847062078e+02 4.000097297216030938e+02 4.000086495948522725e+02 4.000256410997283751e+02 4.000699881557241042e+02 4.000412061608661816e+02 4.000322525408184902e+02 4.000304574122065446e+02 4.000601491540972461e+02 4.000655277435372454e+02 4.000700285313387212e+02 4.000654014599465995e+02 4.000802400787535476e+02 4.000765294967855539e+02 4.000655799233883840e+02 4.000873789240150131e+02 4.000404172007076795e+02 4.000243663391703421e+02 4.000190410256789733e+02 4.000238352258603527e+02 4.000635053255925300e+02 4.000581869709124021e+02 4.000427201357074409e+02 4.000227339395937065e+02 4.000323021952348768e+02
4.000390752703054318e+02 4.000155509670560718e+02 4.000280833993016927e+02 4.000109718450407854e+02 4.000182087106546192e+02 4.000267181234924010e+02 4.000109297592587154e+02 4.000116863106038068e+02 4.000438065670631431e+02 4.000378448427791227e+02 4.000201721812034634e+02 4.000162089115312938e+02 4.000113592661498387e+02 4.000086468741726549e+02 4.000251085017639525e+02 4.000497388759340538e+02 4.000340383890533644e+02 4.000754197687156761e+02 4.000648616394871055e+02 4.000694145477240795e+02 4.000776912766975784e+02 4.001089859802522710e+02 4.000832727285999226e+02 4.000485892342599072e+02 4.000293077020214696e+02 4.000449485136155090e+02 4.000882126461221446e+02 4.000459985990178780e+02 4.000455384203817744e+02 4.000367128644831496e+02 4.000288554278812967e+02 4.000183675578154521e+02 4.000233636943032707e+02 4.000259967097224489e+02 4.000193922025465554e+02 4.000316266280665900e+02 4.000469876486251337e+02
