output/example/elevation_000009.asc
nrows	50
cellsize	20.0
xllcorner	0
ncols	50
yllcorner	0
NODATA_value	-9999
[rows 17 to 33 of 50, columns 0 to 36 of 50]
9.098509734387574266e-01 1.090985097343872212e+01 1.541117191479736270e+01 8.927075353375533595e+00 5.712166089289386406e+00 1.855722796879470060e+00 1.183209224803053594e+01 1.888246229631627315e+01 2.196722542268394562e+01 1.198834484818858215e+01 1.803960294129776187e+01 1.806601861181303548e+01 1.689583893115371183e+01 6.895866069033327328e+00 1.268481808599681848e+01 1.339334443030228172e+01 7.884896352619024995e+00 1.642040786265028274e+01 1.565093913469163489e+01 1.491139726690522593e+01 1.524350566026392251e+01 9.552709637055899705e+00 1.726071778985483363e+01 1.708636530648838558e+01 1.066177590403153452e+01 1.876488292196574648e+01 1.143564672932838455e+01 1.197180805436609141e+01 2.163093687211168614e+01 2.499740670859225133e+01 2.983487397853996370e+01 2.847516872975077007e+01 2.005227143348184526e+01 2.249665538951648713e+01 1.524076410535598036e+01 2.449976066245729456e+01 2.457447620546170342e+01
6.729603419142361487e-01 7.744028153779722423e+00 1.774402815377979081e+01 1.210010148921087492e+01 2.100114644768765526e+00 9.028444234049015193e+00 7.651471734466305463e+00 1.765146486517341273e+01 2.613047534171080954e+01 1.804311040982215886e+01 8.066037900540264260e+00 1.561866495324316162e+01 1.317811861245689364e+01 1.384383485649709300e+01 6.631928335573475053e+00 1.401928498069904805e+01 1.636637716491787842e+01 8.254226756807094390e+00 1.606087649096137682e+01 8.901203973850899231e+00 9.166190832275949774e+00 1.756202888022129116e+01 1.902575645469337573e+01 2.194779633423135223e+01 2.066176407584413255e+01 2.196803334612966552e+01 2.075800472744894520e+01 2.129676777588600700e+01 1.281017026390037294e+01 1.569673245125730965e+01 2.567744319510452300e+01 3.419403256603882113e+01 3.005388025256813478e+01 2.226914144948385044e+01 2.516838423284697868e+01 1.766620691993268366e+01 2.761823581562727270e+01
9.500813129397378543e-02 1.009500813129393748e+01 1.919287730456974117e+01 1.624223619795661122e+01 9.013041314312845387e+00 2.446385406763895709e+00 1.244637273081074014e+01 2.179360014675946289e+01 2.165036359299319813e+01 1.746344783232911269e+01 1.365683352667503492e+01 5.649441923108793340e+00 1.293517156306792160e+01 6.270850293842248568e+00 1.494839847955789836e+01 1.392959177676794624e+01 1.871480237654492740e+01 1.692424845810053569e+01 8.623970359872675573e+00 1.628350846053190182e+01 1.652116520945873646e+01 1.073756150689049171e+01 1.186983109438591555e+01 2.175182397045052696e+01 2.736539010231827262e+01 2.779667280540694563e+01 2.331012798997712920e+01 1.366752501492033289e+01 1.960661647027359322e+01 2.563309454975762236e+01 2.103885958601627948e+01 3.102764619452290162e+01 3.641130518230578872e+01 3.226809203718880781e+01 2.399084514057091511e+01 2.760812514202074297e+01 2.043975205989894661e+01
5.074168083889973868e-02 5.050741680838890524e+00 1.505074168083885411e+01 1.112943154297074422e+01 2.793062748762234371e+00 9.378686861977161726e+00 1.658850754837777330e+01 2.262742128555870380e+01 1.750822890887894800e+01 7.508217247183418763e+00 5.292068690694812894e+00 9.857769527114049524e+00 5.910365681706750252e+00 1.190575778533295903e+01 1.627082699340692784e+01 2.392958360691679687e+01 2.379519650359130267e+01 1.379523057104568728e+01 1.047953505037390975e+01 2.043059007041161124e+01 2.476022798752302734e+01 2.052976995434377727e+01 2.142882167954818229e+01 1.351381342776527816e+01 2.351375271493988706e+01 2.452467712184661508e+01 1.452965350995940774e+01 2.298895921746943571e+01 2.700112389740027652e+01 3.374638990305803787e+01 3.102762565534133188e+01 2.810864684895645738e+01 3.810834722480964132e+01 3.813297028502621089e+01 2.976437189941630734e+01 3.458192867047101515e+01 3.038163104676345938e+01
2.528005767708579876e-01 1.025280057677082191e+01 1.919287730456974117e+01 1.014553178077268036e+01 3.038351901094630492e+00 8.505522988359349057e+00 8.485289553945483121e+00 1.398458408765461591e+01 1.414471022325691685e+01 1.172242505790136313e+01 5.039896878870338881e+00 1.278546702839821769e+01 1.591033578641184398e+01 2.005247039871950321e+01 2.604362949985165443e+01 3.041295993552904520e+01 2.793733070481256320e+01 2.372478042726127612e+01 2.038650590276004237e+01 1.325300418747867859e+01 2.325299957332827461e+01 2.518128619252510347e+01 1.518133098442205231e+01 2.330253526454379909e+01 2.739570817502075428e+01 2.866648755772250823e+01 2.419555412014279838e+01 1.534549871911194963e+01 2.470505414155938695e+01 2.565545775422976504e+01 3.098476631529711867e+01 3.810834722480964132e+01 4.225046144268554826e+01 4.390644914355287654e+01 3.976432770161716235e+01 3.918499325064698979e+01 2.918615029816821504e+01
9.791283598286071310e-04 7.072046940225290790e+00 1.707204694022522062e+01 1.718048771860140533e+01 1.137046098709325115e+01 3.385778283457030025e+00 1.064458653937831478e+01 3.984587443324688838e+00 1.077243415969049778e+01 4.687054553157535608e+00 1.325548004980875128e+01 7.621907466035265699e+00 1.756245805918888436e+01 2.385660816999267553e+01 2.800860893295058673e+01 3.300858516906035334e+01 3.405788781633708595e+01 2.630920731521598555e+01 1.633906259005838280e+01 2.029004090249202363e+01 2.739514059846901972e+01 2.932342565282566937e+01 2.506127549981116687e+01 1.693541537232824368e+01 2.684735313678600477e+01 3.295071426500779666e+01 2.948306096839183965e+01 2.504427009532185622e+01 1.622137473766679605e+01 1.684553700598107540e+01 2.650032473568280267e+01 2.982170319542707304e+01 3.322897450256366625e+01 3.659054860490087435e+01 4.076776436577915064e+01 4.332706876310383137e+01 3.495961974796675520e+01
4.600753433092569233e-01 7.531143155174719439e+00 1.753114315517465016e+01 1.919479874103589978e+01 9.194802925448254172e+00 1.169395582891538332e+01 3.734040760600491282e+00 1.092100483371559250e+01 4.334601117201507314e+00 1.270380632314322256e+01 1.468705695206354811e+01 1.754384531656499746e+01 1.034354914488409882e+01 1.386684900612525695e+01 1.886651675976121467e+01 2.886644556666722750e+01 2.998589351936831804e+01 1.999053778475643028e+01 2.629075796844087520e+01 2.450403017026518526e+01 3.443206945469095359e+01 3.325918022167646626e+01 2.325994664219388497e+01 2.675598340459877278e+01 1.880856151887070027e+01 2.453129689308213202e+01 3.453198893957007698e+01 2.621791567028306247e+01 2.588595365281382144e+01 2.566105005638624093e+01 1.773708790011498593e+01 2.040606393211618297e+01 2.329249870091588193e+01 2.662582904779812409e+01 3.369603491447817589e+01 4.369590172952513285e+01 4.203064078931381431e+01
5.979472710492108600e-01 7.669015082914673265e+00 1.766901508291460132e+01 2.333693415027618556e+01 1.877317322176637404e+01 8.773178067787982926e+00 1.370573642935591607e+01 5.810867733509015309e+00 1.430391064588580896e+01 1.840192496180025117e+01 2.468705405814859333e+01 2.263455012213112738e+01 1.269608454413446275e+01 2.256600197653626338e+01 2.794236347924600494e+01 3.300858516906035334e+01 2.999056028155297682e+01 2.997288678716445531e+01 2.467965212344571313e+01 3.448619568918725520e+01 3.864619000391242309e+01 3.325996871790655973e+01 3.312202589523106155e+01 2.979952196042630774e+01 2.019516737021195141e+01 3.004298419217147753e+01 3.867406741602701459e+01 3.621741153896302734e+01 2.861340422824558516e+01 1.866462002249254937e+01 2.742458326040596717e+01 2.585684637047499024e+01 3.322898287711750243e+01 3.658277718563842740e+01 3.479062254320047032e+01 4.479057006416421416e+01 5.203061867011010833e+01
1.534601171854249602e-01 1.015346011718538932e+01 1.880451946245165473e+01 2.295443371719198211e+01 2.291530864611845786e+01 1.876128854613479646e+01 1.115609144646862738e+01 1.576660840078743497e+01 9.462351692931401104e+00 1.943182075736098469e+01 2.781102095900742199e+01 2.683836251173051579e+01 2.266472627104969817e+01 1.661845404442079044e+01 2.367344496863384862e+01 3.364553739846235203e+01 3.999057794018733603e+01 3.817868367710861577e+01 2.821520107098048769e+01 3.818348721664153800e+01 4.740211190883001535e+01 4.020209949360932455e+01 3.225199869181596313e+01 2.228028382791422501e+01 3.005932538087282424e+01 3.019515650207071289e+01 4.019517530023467344e+01 3.579685666607851857e+01 2.579348925669656367e+01 1.932346595242307075e+01 2.848548225337840378e+01 3.585613703402843555e+01 3.992341750480936469e+01 3.873645464135619676e+01 4.287858908298248650e+01 4.893269193744401946e+01 5.449884075847271703e+01
1.123418600940028211e-01 1.009764892041674678e+01 8.812298093461132353e+00 1.458580078535736924e+01 2.458580078535729996e+01 2.529822363939702612e+01 1.562822422486696183e+01 2.359788280836487573e+01 1.942900030033833403e+01 1.372636201697415004e+01 1.949413098396182420e+01 2.949411233504569196e+01 2.661857419261426827e+01 2.660175560269167150e+01 2.196376643728151379e+01 2.773733365477511015e+01 3.773734665896937912e+01 3.821522346990651187e+01 3.528629095351691092e+01 4.235735820888380232e+01 4.462123977808107611e+01 3.603086604867736042e+01 2.605993227360225006e+01 3.219990560192086093e+01 2.490641265300738993e+01 3.067543470473054157e+01 4.067589734982612271e+01 3.667681227082027107e+01 2.667674914940438669e+01 1.998818774615861571e+01 2.917070366382899138e+01 3.436517105527212124e+01 3.505373520681322219e+01 2.873668201068336714e+01 3.869717175212895910e+01 4.629208862730310159e+01 4.449877342917329770e+01
2.368195578726151052e-02 3.038795401564895027e+00 1.009915106275132146e+01 2.009924680509594452e+01 2.872793640908821899e+01 2.977035947683475925e+01 2.562822353119094387e+01 2.562822353119094387e+01 2.781102095900742199e+01 1.872569729679205253e+01 2.786849661277786439e+01 3.363624615842111609e+01 3.661861429159738179e+01 3.610597386081579430e+01 3.196243938976969545e+01 3.610597386081579430e+01 4.187948157117183712e+01 4.821522220613397280e+01 4.528629207424984315e+01 4.630498993045256384e+01 3.630500182466097669e+01 3.053208386187628065e+01 3.603061097864868145e+01 3.673155256453733131e+01 2.690466136720273127e+01 3.678080970938000149e+01 4.481810028494997766e+01 3.705896321120060577e+01 2.705904279474573926e+01 2.967657915653412104e+01 2.094795929587118266e+01 3.062495991220307090e+01 2.508519135672566946e+01 3.503587480998004366e+01 3.300049528329732595e+01 3.633370826958449129e+01 4.340020281570550509e+01
6.540601710037032834e-01 1.064870439047096617e+01 1.303879540156485817e+01 2.303879540156478711e+01 2.895333580893679581e+01 2.757858917027893852e+01 3.172842454397099132e+01 3.562822430141243046e+01 3.286786944779755970e+01 2.872571660233840873e+01 3.286786944779755970e+01 3.236517025897186528e+01 3.650733784126499870e+01 3.694997249238790005e+01 3.280782502411301493e+01 3.694997249238790005e+01 4.195037654620572454e+01 4.161398495709912027e+01 4.575613323666289034e+01 5.044713059170608460e+01 4.467424283110283056e+01 3.630492684116801883e+01 4.455068782232831381e+01 3.893511866997035042e+01 2.903670158415758706e+01 3.476746095299674266e+01 4.476746650689846518e+01 4.120108083269043675e+01 3.705896321120060577e+01 3.436517105527212124e+01 3.062752318993511125e+01 2.191916907993777741e+01 3.163810164935393487e+01 3.654473628199172452e+01 4.298058535571957606e+01 4.629882605850324495e+01 5.047594984772808147e+01
4.909850854147627119e-01 1.040655202775944410e+01 1.489012619124396508e+01 1.485034132814925911e+01 2.222483806070400192e+01 1.758628892024013979e+01 2.335979161213643351e+01 3.335979161213656852e+01 3.919094268665716640e+01 2.919087389558315948e+01 2.918620710953624808e+01 2.236472072271313394e+01 3.073363857993122750e+01 3.181167292524015267e+01 2.280775702117056980e+01 2.780818320105553809e+01 3.454601630154500214e+01 3.161393418515489984e+01 4.161310198013963912e+01 4.671988285232627192e+01 5.044712713610847743e+01 4.630498385483266333e+01 4.281634688587503490e+01 3.281634282736459340e+01 3.898619407219840127e+01 3.900243241889156565e+01 4.890959170173868387e+01 4.766753256103567793e+01 4.267820325438805895e+01 3.496361603232749360e+01 2.500075381464411706e+01 3.164381906353625240e+01 2.299755496401189703e+01 3.275772322082875831e+01 3.766006365628003749e+01 3.910818377953073366e+01 4.224412338764030039e+01
3.962370847149454534e-02 9.991131623155741437e+00 4.890982755637550028e+00 1.482711668593774057e+01 1.224106408199161500e+01 2.222442414546384626e+01 3.172842454397099132e+01 3.750192723586718557e+01 3.125415400782002351e+01 2.711201439354203657e+01 1.919079875429282112e+01 1.659057094757619666e+01 2.347199950389789791e+01 2.508352446782555845e+01 1.780812277717412329e+01 2.772796655563451651e+01 2.457336149427132810e+01 2.810547074608533791e+01 3.257762366255003172e+01 3.964882246455191961e+01 4.964882620313122885e+01 5.281634142340850246e+01 4.281634688587503490e+01 4.279131458851684755e+01 3.753039178252717534e+01 4.751965809596738666e+01 5.314456415876801998e+01 4.352542333966131594e+01 3.352545775502753145e+01 2.853630539836122182e+01 3.495164001676989329e+01 3.257690191742496921e+01 3.276971723165658545e+01 2.409533747543547477e+01 3.384750627777138732e+01 2.913007004480591533e+01 3.229210499949288504e+01
2.605283927408929001e-01 2.117481774511409398e+00 1.202830762336349046e+01 7.977049754879392829e+00 1.792803769244286372e+01 2.638319970572246476e+01 3.246441021685858175e+01 3.249562719543557421e+01 2.711201439354203657e+01 1.711201510588329811e+01 2.005385894794806134e+01 1.212537248023167535e+01 1.366689964948346514e+01 1.526819246492322257e+01 2.516757737237399084e+01 2.079367520040883832e+01 3.074978287301331648e+01 3.809395985131993712e+01 4.224665876427937405e+01 4.671988285232627192e+01 4.750595246586122755e+01 4.336379532663308112e+01 4.750595246586122755e+01 5.167252460667467773e+01 4.459446566983739757e+01 4.460146377946615814e+01 5.460145150115695856e+01 4.766753256103567793e+01 4.164728726706058382e+01 3.169516588419357106e+01 4.160088698214822500e+01 4.257679144390893811e+01 3.716595443474037097e+01 3.366842814680205009e+01 2.521005128440140908e+01 3.516785642109485366e+01 4.225371695269644334e+01
3.048053885361223792e-01 1.030403050291380040e+01 1.616003408544847275e+01 1.796135322100774800e+01 1.332227459312786344e+01 1.832227459312782969e+01 2.832227459312775864e+01 2.777185718810198978e+01 1.835348638918203079e+01 1.824193668634085697e+01 1.016420307411322099e+01 1.717714480134647914e+01 2.331849051208594048e+01 2.097237229872465747e+01 2.519562676326077977e+01 3.078163292600520151e+01 2.711829424402636590e+01 3.418940998603221004e+01 4.418943133159731929e+01 4.423652296449738230e+01 4.009419994314360025e+01 3.336369840580692880e+01 4.250591059229756041e+01 4.841382149108592614e+01 5.459450918521389440e+01 5.460145150115695856e+01 5.874358543388314757e+01 4.876636927727157911e+01 3.876621944664317709e+01 3.875926175714037214e+01 4.583734872778158831e+01 4.344922435136110295e+01 3.629170499170741238e+01 2.633788476015136837e+01 3.482466619492626592e+01 3.890137946694999727e+01 4.241027372190189482e+01
5.470844782054917754e-02 4.526844402820135116e+00 1.159791221468563371e+01 2.159791221468569944e+01 2.331231856775147193e+01 2.746441021685871320e+01 3.246441021685858175e+01 2.362970803706333101e+01 1.362971732256690771e+01 8.353484516334292564e+00 1.806033496470001154e+01 2.405983069815904685e+01 3.131806704503763683e+01 3.097243838111308278e+01 3.511458573501343494e+01 3.933782548593408990e+01 3.711742410871782027e+01 4.126048782092795619e+01 4.418883772568541701e+01 3.846831516983438348e+01 3.009371304609394215e+01 2.836372847962473287e+01 3.427148984590165526e+01 4.223911292569712828e+01 4.931025015508855347e+01 4.688416035619785305e+01 5.102630682102813608e+01 5.290847800892003505e+01 4.876636927727157911e+01 4.875936076764664051e+01 4.343948847615784103e+01 3.344879723565870222e+01 2.967100104214660661e+01 3.612220484903633633e+01 2.760789118470519909e+01 3.740284486055792712e+01 3.243672301073871722e+01
