output/example/elevation_000458.asc
nrows	75
cellsize	13.33333333
xllcorner	0
ncols	75
yllcorner	0
NODATA_value	-9999
[rows 0 to 16 of 75, columns 0 to 36 of 75]
1.369999999999999864e-02 3.793046172268713434e+00 7.872208597800332441e+00 1.360487251539428755e+01 2.051239990161173310e+01 3.013594960652920562e+01 3.094972672028555749e+01 2.802128207789129988e+01 2.802128207789129632e+01 3.216344108965010662e+01 3.607256500335810756e+01 3.193129281085738569e+01 3.606982377386528782e+01 3.531458561425381504e+01 3.945619411215790961e+01 4.461303842311070156e+01 4.461297779455358636e+01 4.875331036123753137e+01 4.728703030451451639e+01 4.335749977559077450e+01 4.247405902735194871e+01 4.247405902735194871e+01 4.640043828194703224e+01 4.533216392672462547e+01 4.133354927387507161e+01 4.010123058269906693e+01 4.408980395976196576e+01 4.354564954120279197e+01 4.756470164049189719e+01 4.953112154844033199e+01 4.527113727301485113e+01 4.527113727301485113e+01 4.527113727301485113e+01 4.953112154844033199e+01 4.811511685004803240e+01 4.389447414673860948e+01 4.256337098156578946e+01
1.279999999999999888e-02 1.001279999999996306e+01 1.778034973075090619e+01 2.186389041136631661e+01 2.251019737554087996e+01 2.249075583283561031e+01 2.095212638089211410e+01 1.802398621666803180e+01 1.802398621666802825e+01 2.802128207789129632e+01 3.107463837454932687e+01 2.193979128070032658e+01 3.106708119660665801e+01 2.532616866208695328e+01 3.368799433648907637e+01 3.462875466496340238e+01 3.462875452053203418e+01 4.461294478221920201e+01 4.185807670376020440e+01 3.398886414542099033e+01 3.311842722736980704e+01 3.311842722736980704e+01 4.247405902735194871e+01 4.133354927387507161e+01 3.195260235803842619e+01 3.074640254296500075e+01 3.864238314237768890e+01 3.412254422904772611e+01 4.207696385712520026e+01 4.527113727301485113e+01 3.478818307199383497e+01 3.478818307199383497e+01 3.478818307199383497e+01 4.527113727301485113e+01 4.389447414673860948e+01 3.366261634072333919e+01 3.233749392103565867e+01
1.299999999999999940e-02 1.001299999999985246e+01 1.899724552477775319e+01 1.862322462771989962e+01 1.157892802828220091e+01 1.248005968748465833e+01 1.648043706948302400e+01 1.095312561631764048e+01 2.095212567083814292e+01 2.607768402496986582e+01 2.193785248029199764e+01 1.694022155613687275e+01 2.693545649620911675e+01 1.955467235438705131e+01 2.954777217458950744e+01 2.756629008182303764e+01 3.755286360113389321e+01 4.272459727066515711e+01 3.794851547257271562e+01 2.862025128782901007e+01 2.653673016903886150e+01 3.585862833930009685e+01 4.185744018821583268e+01 4.053434547303996283e+01 3.470021809573595561e+01 2.531903481636887676e+01 3.309854918118497125e+01 2.873859905339091725e+01 3.810521715262790110e+01 4.497840024285930127e+01 3.785853827897943091e+01 2.728735611762629532e+01 3.785856927060489596e+01 4.498067042966354734e+01 4.338232015507317385e+01 3.665945810796869608e+01 2.649273010154200847e+01
1.369999999999999864e-02 1.001369999999996274e+01 8.995582732219089550e+00 1.281704553586533990e+01 4.360470654456443107e+00 5.408755495322958851e+00 6.480868045889629947e+00 1.648043416476264866e+01 2.226520315175915954e+01 1.987541071726490571e+01 1.193974213734530387e+01 2.193781433308321738e+01 2.621671597392184339e+01 1.955467235438705131e+01 2.256999038587003525e+01 3.255973706576070015e+01 3.858518472790738940e+01 3.466874975139257486e+01 2.944011845983907705e+01 2.943990513339876713e+01 2.319402533937697086e+01 2.862025128323874412e+01 3.794847928156768546e+01 3.657224877137749530e+01 2.715363934550713410e+01 2.227580394353930515e+01 2.367002812200197326e+01 3.309854918118497125e+01 4.207696385712452525e+01 4.069622705230048609e+01 3.014506035928218353e+01 2.428024852657427601e+01 3.014506399324926988e+01 4.069642660696031555e+01 3.915474529472241016e+01 2.896301795650120781e+01 2.311800421079851020e+01
1.290000000000000001e-02 9.663625892455918187e-01 1.924188874466761456e+00 2.909518152631556109e+00 1.258732377859732665e+01 1.534192529177072650e+01 1.647879787722203204e+01 8.136080354161688177e+00 1.813399801753181961e+01 9.876861565565041801e+00 1.987541071726490571e+01 1.433038907916804483e+01 1.622051788741925549e+01 2.000095513362968092e+01 2.999405087013885662e+01 3.669835871423528317e+01 3.466805594980638716e+01 2.529042931745514622e+01 2.803386445232407098e+01 1.997668192415445176e+01 2.659756493165399860e+01 3.048425678684746742e+01 3.522861407953713808e+01 3.559761400120579822e+01 2.885278442323938464e+01 1.932573507761462039e+01 2.888197863145097699e+01 3.518713335025773148e+01 4.063394938477760121e+01 3.955272303327011940e+01 2.898648725244103019e+01 2.139867714007073118e+01 2.898648732282281770e+01 3.955275657270389189e+01 4.048387456722409894e+01 3.028269946571771953e+01 2.311800421079851020e+01
1.299999999999999940e-02 1.001299999999996260e+01 7.697603860647878271e+00 1.290150079619778367e+01 9.985797876918585558e+00 1.992348867554180458e+01 1.629993490368270770e+01 1.813402297600891444e+01 9.876861565565041801e+00 1.987435785929849530e+01 2.401562949739605202e+01 1.841357313628279613e+01 2.621672970406691761e+01 2.999379551867894733e+01 2.706831636688245624e+01 3.705665860990435334e+01 3.465879807847679217e+01 2.529030173768337519e+01 1.850594342959032801e+01 1.850594342959032801e+01 1.699155210413891481e+01 2.189811572664813255e+01 2.858882674244831179e+01 3.172631213021746532e+01 2.290630897565433344e+01 1.740737653645233962e+01 2.179477239613525441e+01 2.729203527735929313e+01 3.667131801020697424e+01 3.970973329915155858e+01 2.994462657691891039e+01 1.928751605661931734e+01 2.994475619169601188e+01 3.757855587089072458e+01 4.160365829443411911e+01 3.139770681325650159e+01 3.064915831455448725e+01
1.299999999999999940e-02 1.000411583715522035e+01 1.767305156225787144e+01 2.173094719063636049e+01 2.000222561631189322e+01 2.413564637668661206e+01 2.336521338817479077e+01 1.987436081504521468e+01 1.987436106762443799e+01 1.434930416372157325e+01 2.434422599778686447e+01 2.840776764188397507e+01 2.548205116308826845e+01 3.547109849194378484e+01 3.413176368540832328e+01 3.884606728516295959e+01 2.950318502694342016e+01 2.407171144875653823e+01 2.803501148805788290e+01 2.467042769064421748e+01 1.497913916021295400e+01 1.497913916021295400e+01 2.467057078133881021e+01 3.275466638916458351e+01 2.538915024871508663e+01 1.573269946407335418e+01 2.538909848254493795e+01 3.255014735396812142e+01 3.557085715466027409e+01 3.123501935242696348e+01 2.482162446064484129e+01 1.733614001991810483e+01 2.261039557324391680e+01 3.016045109937083524e+01 4.071238350055814692e+01 4.160365346569071932e+01 3.487032849303049176e+01
1.290000000000000001e-02 1.001283291010044962e+01 1.947049067480675433e+01 2.361163980067396650e+01 2.390529508629875011e+01 2.805151032732922189e+01 3.331511057826540423e+01 2.986014657662445515e+01 2.434422599776800311e+01 2.141938806919317173e+01 2.141938806919317173e+01 3.140540939274100296e+01 3.547110365069410420e+01 3.961455289519034295e+01 4.411798061591782982e+01 4.276676509604533294e+01 3.734216844814598346e+01 3.345053565826572850e+01 3.014414418165449661e+01 2.066345436091180687e+01 1.497913916021295400e+01 2.278783733129725064e+01 2.670585025693394243e+01 2.574679981187791711e+01 1.909353214115666120e+01 1.411175784155677881e+01 1.907737940165579360e+01 2.861212564386260482e+01 3.123652188262338569e+01 2.064329402489304144e+01 2.374595929336796729e+01 1.561736271244985552e+01 2.303234926913665248e+01 3.364212590064513364e+01 3.721987601922474198e+01 3.718702275420258019e+01 3.411901263482162250e+01
1.349999999999999985e-02 1.001349999999996321e+01 9.470004698372328278e+00 1.573829783507281022e+01 1.390290137096369705e+01 2.223481876651908706e+01 2.638148586239975302e+01 3.085705850216141855e+01 3.432262783317908372e+01 3.140540939274100296e+01 3.140540939274100296e+01 3.552514261855857569e+01 3.597183885626260036e+01 4.010459209939919845e+01 4.293102988961279465e+01 3.799433229688953872e+01 3.391059637772823265e+01 3.799433229688953872e+01 3.405519254802347007e+01 2.858803832679549828e+01 2.278783733129725064e+01 1.300556043398284345e+01 2.102490953966512066e+01 1.982366696476073287e+01 1.194090318968434339e+01 2.179433357470729149e+01 2.778354550490823272e+01 3.254488328753143378e+01 2.591158229776623401e+01 2.155017731027658456e+01 1.327685419794674004e+01 2.364414176189052696e+01 2.983922578683936422e+01 3.027027485294711440e+01 2.628157168617937245e+01 2.679016215809496870e+01 2.377455219977648326e+01
1.379999999999999977e-02 1.839541858350554726e+00 3.696495240121086212e+00 5.737736692441439246e+00 8.900014364147260437e+00 1.223334796253336165e+01 1.670549770015991697e+01 2.377722757600909276e+01 3.378411328254698986e+01 3.168076455008008097e+01 3.299109037705050440e+01 2.883412608774530028e+01 2.587758865470183522e+01 3.597183885626260036e+01 3.764711334299926904e+01 2.902499946719298762e+01 2.413783999389842805e+01 3.309763620582100430e+01 3.547771777529666082e+01 2.606401489372287017e+01 1.928160636340970768e+01 2.103051188883330980e+01 1.113067529022797508e+01 9.817152079104298323e+00 1.852886224928209202e+01 2.176700430114608054e+01 2.522742975119767550e+01 2.944743050415342012e+01 2.155017721221785010e+01 1.106162353855647673e+01 1.945700831771286587e+01 1.421330455417776584e+01 2.512642351673109431e+01 2.126429741349343772e+01 1.854496635965161744e+01 2.626610941128864596e+01 1.713824064787712587e+01
1.290000000000000001e-02 1.001289999999996283e+01 1.369683708199201533e+01 1.280887923402303130e+01 1.108298004078987375e+01 2.108736575068951424e+01 2.637687642944077382e+01 3.085610641245152763e+01 3.168066300419256720e+01 2.170256957231563533e+01 2.353326771869940615e+01 1.891712815135377568e+01 2.781358264938291924e+01 3.195857469918085414e+01 3.356071629707655291e+01 2.379340050975878285e+01 1.929705279452670652e+01 2.558560480339481913e+01 3.536513445873971762e+01 3.273387063051801249e+01 2.882056918460406436e+01 2.497600083863932952e+01 2.103074343308107075e+01 1.850964195110687882e+01 8.436037239663088272e+00 1.468123963902222862e+01 1.548369581941299700e+01 2.395004387590940453e+01 2.530435890067384719e+01 1.937658458470135869e+01 8.906359640885506579e+00 1.430807112098981548e+01 1.864596934459146382e+01 1.677084617917572373e+01 1.291023760511564156e+01 1.959553963456501080e+01 1.533841225249250684e+01
1.359999999999999924e-02 7.084667811865485554e+00 1.708466781186555394e+01 2.281080171997549044e+01 2.108771928495357173e+01 1.815531701722345659e+01 2.818200868561884676e+01 2.911495186253259249e+01 2.496822994992638201e+01 2.353253924286811127e+01 1.382315806060432983e+01 2.084011610082575672e+01 1.795161167965720139e+01 2.781358264938291924e+01 3.326123148197319779e+01 2.558573635189019768e+01 1.593331692651830878e+01 2.558573635189019768e+01 3.285030685134395156e+01 3.115453594258946879e+01 2.723791617396952347e+01 2.842636942851170900e+01 2.454049823941173258e+01 2.161250858408793007e+01 1.692029275385498366e+01 7.127638745700627609e+00 1.240550165561777973e+01 1.594747520179800482e+01 1.687813056818567503e+01 1.541458901262381431e+01 7.515409115168086629e+00 7.905629627195988718e+00 8.299590170304846026e+00 8.700598963511030348e+00 9.124502385838196616e+00 9.569402141813805329e+00 1.003839785909910631e+01
1.349999999999999985e-02 1.001349999999996321e+01 1.755099728222880984e+01 2.173199371419519821e+01 2.634983581970415401e+01 2.818209050626625256e+01 3.235185896033852515e+01 2.496809406801060049e+01 1.518732918520915121e+01 1.805163250559399302e+01 1.118050563015191656e+01 1.118050563015191656e+01 1.795161167965720139e+01 2.781358264940226022e+01 2.867085641809778096e+01 2.010005953577739746e+01 1.360897273704278732e+01 1.907005081126787616e+01 2.877694868915274640e+01 2.721632250781463114e+01 1.830952817376802244e+01 2.089524344109769771e+01 1.611133183863492135e+01 1.708056964287531443e+01 1.442107152409101545e+01 6.245890022725801849e+00 6.245890022725801849e+00 6.615281262383923000e+00 6.615281262383923000e+00 6.987253492665976395e+00 1.544625747179076392e+01 1.442175931106153008e+01 1.847722092043206743e+01 1.060222594180255129e+01 1.396215819344860520e+01 1.763407929334751145e+01 1.129645824442391699e+01
1.319999999999999993e-02 1.001319999999996213e+01 7.501940313418583806e+00 1.198161031906791862e+01 1.917756119975173235e+01 2.978698009246208400e+01 3.023095792788876679e+01 2.496607861580992704e+01 1.518731492585062526e+01 8.389385794129252005e+00 1.805163250559342458e+01 2.084011610082585975e+01 2.495509319100148460e+01 2.833663269707554377e+01 2.541420985928031229e+01 1.643617456699655577e+01 1.160210206916869957e+01 1.829902580683740609e+01 2.805240263591288397e+01 2.654772717822833883e+01 1.814867601838549405e+01 1.238770380510907287e+01 1.647346379545956907e+01 9.747251153767427567e+00 5.736529020797296319e+00 1.619958707834354072e+01 1.650313387791056030e+01 8.488133266291322698e+00 1.683067798464879417e+01 1.373380153155374472e+01 1.960655535424697504e+01 2.114010768266643936e+01 1.321735681102181559e+01 1.792909319499339560e+01 2.364149383191866249e+01 1.991356497496962419e+01 2.784323116768506878e+01
1.299999999999999940e-02 2.786504458941799101e+00 1.279617394274079167e+01 2.173199371419519821e+01 2.634983581959356158e+01 3.024119251799611163e+01 2.075457099490226653e+01 2.232840790314721602e+01 1.636959930390204931e+01 6.596914871034408101e+00 1.636960193932194230e+01 2.512216116092997353e+01 2.548702597421645066e+01 1.887413756127081754e+01 2.085240769841047381e+01 1.683328649353528661e+01 9.684256423129491864e+00 1.646906003903245264e+01 2.629930647453180015e+01 2.498528863899137065e+01 2.162519933569756603e+01 1.650398114441579622e+01 7.933957656974952144e+00 5.166501143814714148e+00 1.619051940728884986e+01 2.205989585432175559e+01 1.910788045307635841e+01 1.902299505940462154e+01 1.133175679595641583e+01 2.098371439587475606e+01 2.544985752353165864e+01 2.386104203375512256e+01 1.498775551284329843e+01 2.414522649848305846e+01 3.246034150804388219e+01 2.704931438052478754e+01 3.389065624091340112e+01
1.349999999999999985e-02 1.001349999999996321e+01 1.279617394274078990e+01 2.281974931110723404e+01 2.013764408606133216e+01 2.428004620771517352e+01 2.256143725175752124e+01 1.301204341180385349e+01 8.692569079615413585e+00 4.761734571670328542e+00 1.015517134918358622e+01 1.709026131149111905e+01 1.782227371634687074e+01 1.256150742775717255e+01 1.527050127383284739e+01 6.699488924837541326e+00 1.533055799835896060e+01 1.952224054609616744e+01 1.887071575454228523e+01 1.922437243448896282e+01 1.273306287337458897e+01 1.473637437792221050e+01 4.751510996821946442e+00 4.751510996821946442e+00 1.205837716866951581e+01 2.203545585999244594e+01 3.017313978330115631e+01 2.390558143215328357e+01 1.354122809119456505e+01 2.390557660857204780e+01 3.133030859658297729e+01 2.251254997784122480e+01 1.676917987828358036e+01 2.591417817831282022e+01 3.314809756387914064e+01 3.683142505310897974e+01 3.371052890045554307e+01
1.369999999999999864e-02 7.084767811865485321e+00 1.708476781186555371e+01 1.850643516462112714e+01 1.013757520612158913e+01 1.850610829211955988e+01 2.031320572623273080e+01 1.582064220735547444e+01 1.158295557180691837e+01 8.726960275937452494e+00 2.716879155843841875e+00 3.366455656727577406e+00 9.599331954607103867e+00 1.179051436257860885e+01 3.305006624822900640e+00 1.314619085852186942e+01 4.934631590275412094e+00 1.302544814957738595e+01 1.024629453948251268e+01 1.057548595495831911e+01 1.389099343213936777e+01 4.751510996821946442e+00 1.475428747335785395e+01 1.515411224915067656e+01 1.216444942690598019e+01 2.256418689682952206e+01 3.218178985582819251e+01 2.204332601607813658e+01 1.630618108648221920e+01 2.662032940321586594e+01 3.497544399279731664e+01 2.589191916554358386e+01 2.591468342876626707e+01 1.969984847453058663e+01 2.615325230138711277e+01 3.595225806606727303e+01 3.371052890139466740e+01
