output/example/elevation_average_000062.asc
nrows	75
cellsize	133.333333333
xllcorner	0
ncols	75
yllcorner	0
NODATA_value	-9999
[rows 34 to 50 of 75, columns 37 to 73 of 75]
2.555055125714713427e+02 2.266483583555394716e+02 2.940402858973585012e+02 2.711989726847465931e+02 1.810065464748304862e+02 1.852370837868477054e+02 2.810756139279403669e+02 2.906923194868096516e+02 2.947315559747654561e+02 2.587264208046580620e+02 3.025819179020338652e+02 3.065138860948212596e+02 2.168340083056166634e+02 3.121450132817633971e+02 3.561809472608043734e+02 3.781402015001420409e+02 3.606453501922407554e+02 4.535463044675960305e+02 4.794419907870779980e+02 4.428398199097833299e+02 3.752581416510977874e+02 4.664403646116698496e+02 4.477340118834825944e+02 3.864744117453716967e+02 4.789136772850405350e+02 5.527547554618345202e+02 5.435169944127617327e+02 4.920338358913253956e+02 4.521061126912742907e+02 3.765265093641912699e+02 4.680628177590062933e+02 4.968418060862717880e+02 4.254253537895244790e+02 4.409402518831738575e+02 5.324990641815866184e+02 5.439440656099666285e+02 6.077098765769151214e+02
3.298181090903748327e+02 2.981149951188644422e+02 3.299318351501716506e+02 2.371256377976288263e+02 2.768974486345172750e+02 2.068436061389848817e+02 2.141070497271344095e+02 3.094554170328794953e+02 3.783307595624099235e+02 3.533235252805241089e+02 3.915894423323963451e+02 3.507028056861530558e+02 3.095554587447128938e+02 2.227435089035989506e+02 3.179826111078922395e+02 2.839385358919109308e+02 3.781460390940085290e+02 4.504911850791201573e+02 4.245278372209079976e+02 3.513451459852983589e+02 3.394211336663526026e+02 4.199334692348562612e+02 3.547356754051884877e+02 4.477138951241934706e+02 5.156945413402484064e+02 5.309711330353501353e+02 4.786819893951213771e+02 4.143999889536852947e+02 3.615632333618686971e+02 4.544957740637278221e+02 5.066402754571394667e+02 5.540235275834614868e+02 4.938100472193205519e+02 5.016181202888104167e+02 4.765408022194860678e+02 5.674988016261095254e+02 6.039414088736376698e+02
3.536096681349943083e+02 3.813345722750408981e+02 3.704507622768460351e+02 2.929362357848626743e+02 3.240278805838336780e+02 2.296737315705530023e+02 3.092555708914252364e+02 2.451592575476913396e+02 3.398738351724330755e+02 4.122575933336767093e+02 4.655895235212856278e+02 3.871483790036886603e+02 2.935310175668969919e+02 3.170973276351593313e+02 2.287022102159989174e+02 3.238443329988699588e+02 3.241803956338413855e+02 4.032361102721066004e+02 3.666756409685696667e+02 2.924436260790129154e+02 3.092315093794641712e+02 3.266430617069910340e+02 4.201250774858056616e+02 4.477156605084357466e+02 5.390933010447151901e+02 4.658214637047170186e+02 4.015684917885864138e+02 3.478802698816238035e+02 4.410418520161306901e+02 3.998413444633841891e+02 4.654130165463846538e+02 5.565458106594255696e+02 5.833210321511894563e+02 5.920453449060529465e+02 5.386262302722270761e+02 5.174764940267860993e+02 5.838592304235272650e+02
3.165389053363204539e+02 3.807635667888973217e+02 4.238960743418283528e+02 3.869601402687619611e+02 3.247058243674781011e+02 3.247381264758962516e+02 2.673186730574773833e+02 3.399858568824956251e+02 2.799564759015610207e+02 3.345874574932404357e+02 4.277385333546731658e+02 4.255915656801389559e+02 3.856174909460830804e+02 3.198744694002955953e+02 3.238475304923201747e+02 2.347253442531876715e+02 3.297550540448658580e+02 3.482111168682905600e+02 2.722685340435550074e+02 3.666802680092708897e+02 4.028224118948026558e+02 4.195397232796795493e+02 4.024368056795119628e+02 4.945799727042824543e+02 4.532613081631667455e+02 4.154414988496970409e+02 3.347021285295454618e+02 4.280833850691844304e+02 4.241040302674205122e+02 4.920406714665482468e+02 4.462767798008096634e+02 4.843121426247599288e+02 5.488507602857484926e+02 6.385005430089061065e+02 6.284582476979500143e+02 5.806917605389601249e+02 5.820265164109512170e+02
2.476945771827018348e+02 3.424661018037970166e+02 3.996349103413309649e+02 4.385390720924686434e+02 4.181577109375889449e+02 3.352905411686267030e+02 3.617767895971657595e+02 3.178744749242295029e+02 3.741895044415031180e+02 3.245959224847302949e+02 3.945480481396540995e+02 4.861839887840160372e+02 4.511847628900756604e+02 3.766401939425398950e+02 2.847902853156936658e+02 3.297484836154178538e+02 2.407884219998210540e+02 2.536363336138739442e+02 3.483592259586648083e+02 3.379120807026888542e+02 4.018637610284236530e+02 4.939864875370557797e+02 4.945601906528674476e+02 4.819400702069191880e+02 3.902628099847283920e+02 3.218407198346307041e+02 4.153724873250399128e+02 4.658203407265646092e+02 5.159264235828349001e+02 5.530507313772405951e+02 5.377345467621781836e+02 5.735091961103985341e+02 5.750983673096585562e+02 6.642729572848414819e+02 6.535703490571579550e+02 6.698225420303143665e+02 6.709536750885641823e+02
3.424572301333486166e+02 2.773887860114485875e+02 3.069061214415538075e+02 4.007116184918412500e+02 4.662830970267908697e+02 4.028240941669848212e+02 4.465060226229987848e+02 3.577309642845587518e+02 4.483372075633308782e+02 3.945545088210787412e+02 3.891951872757188653e+02 4.814182653312410025e+02 4.410034494949782697e+02 3.482031531397061599e+02 3.775029040799624340e+02 3.179826441990750254e+02 3.357374695518778367e+02 2.472685027388951653e+02 3.146670414563902227e+02 4.083515446055738494e+02 4.688687780448495346e+02 5.017795017629646850e+02 4.650981124183773545e+02 4.342734285309019810e+02 3.963060518830312162e+02 3.129408079314555380e+02 4.066850703250319157e+02 4.390668096632543325e+02 4.398475489571637809e+02 5.314146669441702215e+02 5.452300257136899972e+02 5.822658590602158029e+02 5.803452986138738652e+02 6.146034507295963749e+02 5.645939510196468518e+02 6.202727014226451274e+02 6.568066751382234543e+02
3.965905921194233770e+02 3.103580178395380358e+02 3.984213830006967783e+02 3.624367241294461337e+02 4.553054119683787349e+02 4.949134254411425218e+02 4.882061737118453379e+02 4.506535146725680079e+02 4.881952787285159161e+02 4.861934391156522679e+02 4.815151021674995491e+02 5.184779790773893637e+02 4.789896721772356045e+02 4.205186491024994098e+02 4.494385540715143179e+02 4.109048224482550040e+02 3.465186149859483180e+02 2.518583081304795712e+02 3.465926304663595943e+02 3.899784759748325200e+02 4.184299489641467744e+02 4.564093576061860631e+02 3.723167808641344436e+02 3.860504255952128574e+02 3.023822042350013248e+02 3.963099935384975652e+02 3.325472510580126482e+02 3.466641887905548742e+02 4.398470123068071871e+02 4.744557489213880785e+02 4.540356318585032227e+02 5.093574021618177312e+02 4.897066454255970598e+02 5.499197537323834695e+02 4.988109365120598682e+02 5.314316546557014362e+02 5.697076672656889968e+02
4.375803039603227376e+02 3.519405478328979484e+02 4.375734669967405921e+02 4.309239527664019533e+02 4.552691725761929433e+02 5.465230410087584687e+02 5.520689908889676190e+02 5.145344329967778094e+02 5.016205460589930567e+02 5.105682522779612214e+02 5.475839721395338984e+02 5.535353891389646606e+02 5.334291993341902298e+02 4.852477218392899090e+02 3.969651907345205473e+02 3.372294073815508000e+02 2.924137591078261380e+02 3.465990779953702940e+02 2.584387443127630490e+02 3.530912383932621879e+02 3.250667108365051376e+02 4.023668927928834478e+02 3.783840374318979798e+02 2.919489534661535117e+02 3.860436177011780501e+02 4.339736468740027817e+02 4.259595765812077843e+02 4.395709850051686090e+02 3.679227853607709449e+02 3.835513052167935939e+02 4.002959681881193887e+02 4.184165795250804081e+02 4.377446824483211572e+02 4.593110505974328248e+02 5.123862924343685563e+02 6.027193072699069489e+02 6.567856044889815621e+02
4.800903363827401336e+02 4.101454251476436070e+02 4.774142615700293959e+02 5.183566803028452341e+02 5.380720504603018526e+02 5.006849904821028758e+02 4.967549922652206646e+02 4.234056884370797320e+02 4.097899895101254515e+02 4.188825934476521979e+02 4.925460335597357471e+02 4.631634342507503561e+02 5.126056904360063982e+02 5.132269400686129757e+02 4.683524982853381857e+02 3.935237824638810480e+02 3.391955269346028672e+02 3.483263553616157537e+02 3.530962554131285174e+02 2.650282217988966522e+02 2.697209922710258070e+02 3.641983120071453186e+02 2.841582736380345864e+02 3.783808293811295584e+02 3.038603266194539287e+02 3.977552949408792529e+02 4.454493725992714985e+02 4.976627089504618198e+02 4.607498429264683750e+02 4.383668228425036659e+02 4.922325416064269348e+02 5.100355444890640229e+02 5.289265407772163599e+02 5.257492149256378298e+02 5.874166889793300470e+02 6.391923037068885378e+02 6.722317028969353032e+02
5.195004999217680961e+02 4.795157309196661686e+02 4.997514400632446723e+02 4.784297278558664175e+02 4.999526155018443774e+02 4.092274392404643208e+02 4.050529633342155762e+02 4.349674541014031774e+02 3.452535815614119201e+02 3.650241478883848458e+02 4.317024126002528419e+02 3.963008334932113712e+02 4.882280911546037601e+02 5.637703803133524616e+02 5.167431250660282558e+02 4.702856908247781575e+02 3.982918143353975324e+02 4.361788405454211102e+02 3.895025053825239070e+02 3.000326057559512947e+02 3.641758490826323964e+02 2.763810132242510349e+02 3.707335920348519380e+02 4.163920845371698078e+02 3.977591478143943391e+02 3.158079231086414893e+02 4.095007613604529979e+02 4.569457453242623046e+02 5.076766867950448159e+02 5.280943928904786162e+02 5.670023011805068336e+02 5.671737109075926355e+02 6.008901130128406294e+02 6.150765406440095830e+02 6.451109664647589170e+02 6.086985280026171949e+02 5.831923490525623492e+02
5.433185984405657791e+02 4.795958023701504658e+02 4.569545094988479832e+02 3.895638376370814626e+02 4.544908141662990033e+02 4.281450509535260380e+02 3.397135779262383153e+02 3.845048285949702631e+02 3.092009238316205142e+02 3.235031787571689392e+02 3.390391042462840119e+02 4.316817387452363164e+02 4.771082008361426574e+02 4.734401192473009701e+02 5.385473407653689719e+02 5.201837646788713982e+02 4.874879680495488401e+02 4.320735494996106354e+02 3.619025030447365907e+02 3.939677182816735694e+02 3.052305650816830962e+02 3.707483253542313832e+02 2.907539923948095861e+02 3.848552990078778748e+02 4.370624321137922266e+02 4.094820657488487541e+02 3.279009735201989315e+02 4.213793987228080482e+02 4.159429118224300055e+02 5.079117461085208447e+02 5.037072171459440142e+02 4.762731174227179167e+02 5.671783983161888045e+02 6.068771284012448177e+02 5.702613710843666013e+02 5.185338446834748538e+02 5.705116537132148551e+02
4.541164062041160605e+02 4.556097854825641775e+02 3.781781990559221640e+02 3.303690260119356026e+02 4.163637572928559507e+02 3.955083167394578254e+02 3.686311757131416016e+02 2.906020750997995492e+02 3.845128898001167954e+02 4.164565993744553793e+02 4.319119191694583151e+02 3.643251199188654823e+02 3.865045065660131627e+02 4.102881737163570506e+02 4.968475532060199953e+02 5.753613698738059838e+02 5.536007360019433463e+02 4.924114280175564886e+02 4.548524697380980228e+02 4.190356309275219928e+02 3.262718002943796591e+02 4.164534697056849382e+02 3.848656821354861677e+02 3.052492372971798886e+02 3.988071775939877170e+02 4.590461765419722724e+02 4.213768634488449152e+02 3.402252811391234104e+02 4.334956406307601924e+02 4.549180789935218741e+02 4.116803860595401261e+02 5.037095421825679296e+02 5.739365798106069860e+02 5.381184123391361709e+02 4.793946883097704017e+02 5.702480736871889349e+02 6.451200021908615554e+02
4.650301797374480088e+02 4.578890583803196819e+02 3.819401951458910958e+02 2.897746095820238565e+02 3.800843998468174050e+02 3.534629865182408821e+02 2.744548738651423605e+02 3.667863995742843599e+02 3.415339588326141893e+02 4.345669767781166684e+02 4.943004612120361116e+02 4.199583256659668677e+02 4.248499531895320160e+02 5.017169735754388853e+02 4.543880773789501859e+02 5.452056409461332578e+02 5.331682409168216736e+02 4.685713597377312567e+02 4.076510872874360984e+02 3.602009596963981721e+02 4.198613064185282724e+02 4.575647336099134463e+02 4.092140709844902062e+02 3.156473147990463417e+02 4.091789288830956366e+02 4.621613421988767527e+02 4.711945764048887213e+02 4.335068768011592510e+02 3.529255511367824170e+02 3.620700892359703857e+02 4.549715536726619689e+02 5.030065522536316394e+02 5.092306076699466075e+02 4.466783879542596196e+02 5.381181839423763904e+02 6.069486035553101146e+02 6.339728080134741504e+02
4.289628726739590547e+02 3.900390933763695216e+02 3.281973177148704508e+02 2.600633357790288187e+02 3.385585587605116871e+02 2.590135124982204502e+02 3.501353061364289943e+02 3.535096906667295684e+02 4.339549959431947173e+02 4.077688307012651308e+02 4.996698476502041899e+02 4.885362801951474125e+02 4.904084645938949052e+02 5.152845319729696030e+02 5.257434795081196626e+02 5.303607096437169730e+02 5.567807929313796649e+02 5.022194802483477929e+02 4.598871819634524627e+02 3.920978450227156031e+02 4.805138572431990838e+02 4.792299020168281345e+02 3.868755942707924191e+02 4.093331488410324823e+02 3.309815338871053996e+02 4.244172091210002122e+02 4.790927415321224885e+02 4.835806165676404476e+02 4.190714963864008382e+02 4.549342064824900831e+02 3.756994663283736031e+02 4.683757382485310927e+02 4.172947862685368818e+02 5.092333908103053659e+02 5.682081554684623370e+02 5.442195891734729685e+02 6.338983851872250170e+02
3.924787704652092657e+02 3.025949982303671391e+02 3.097839347314427414e+02 2.335499443825470678e+02 2.439357015412039118e+02 3.365855411927820455e+02 3.916457653448608767e+02 4.454075432374000343e+02 4.838947998831971518e+02 4.996454461276583743e+02 5.367864597595862506e+02 5.765962685604708895e+02 5.806974186087610406e+02 6.052369545337794534e+02 6.105260479028197551e+02 6.196047143739881449e+02 5.756130076096615085e+02 5.660181800220949526e+02 5.149281494221190769e+02 4.325149646488199551e+02 5.050959330598489601e+02 5.023631162649144244e+02 4.590415578925843647e+02 3.681307108830674792e+02 4.244238558572244528e+02 3.483175048587016818e+02 4.414455241021956340e+02 4.967409053670361345e+02 5.109833707302962580e+02 5.058097653631496655e+02 4.683771114524460017e+02 3.896844493156390854e+02 4.821142347353003856e+02 5.193433021937111107e+02 4.792416573484705395e+02 5.675943121997956951e+02 5.624381877901082589e+02
3.406180103321918864e+02 3.020730961435267545e+02 2.199835807542724808e+02 3.150842392624938952e+02 3.384142550401957124e+02 3.769432622783290299e+02 4.189736832097315187e+02 4.572196142316975624e+02 5.107521438130308979e+02 4.734830571491750675e+02 5.055588076594213476e+02 5.604439579304864765e+02 5.643995560952561164e+02 5.735879553936021011e+02 6.101919423549737758e+02 6.001814133774710172e+02 6.249038241023296223e+02 5.524570740438920211e+02 4.898638694305182639e+02 5.013038167392674040e+02 5.425426169992088035e+02 4.981703732846862636e+02 4.094556075926649896e+02 4.609682582792898984e+02 4.718831530593228081e+02 4.414582422955717789e+02 3.664076212880290768e+02 4.592342301779730747e+02 5.163588822867458248e+02 5.682112091053792255e+02 5.194582167366187377e+02 4.553729220657883729e+02 4.064642429966054920e+02 4.280717227356901162e+02 4.572471852286730041e+02 4.881255523286855009e+02 5.526115189925495770e+02
2.920318457048869050e+02 2.067364000943483404e+02 2.179596719435317027e+02 2.293193089498708446e+02 3.242471785572301428e+02 3.516804940739701237e+02 3.261596242080552770e+02 4.191169654630641048e+02 4.251760761001954734e+02 3.811384572236572126e+02 4.338843156589408636e+02 5.244048468229248101e+02 4.742696433627543229e+02 4.830396986141864772e+02 5.341091255211716771e+02 5.100547141562737465e+02 6.001374853453198739e+02 6.007117805350712842e+02 5.743302122651165291e+02 5.806969631966574070e+02 5.640342142819641822e+02 4.769205079557912086e+02 4.556725198069491398e+02 5.366239341611677673e+02 5.066453961894639519e+02 4.173771885721897661e+02 4.589623430427865856e+02 3.865270019440641249e+02 4.396843309075226784e+02 5.312233654617547245e+02 5.835288363636148006e+02 5.358297291421406499e+02 4.985229210202962804e+02 4.271935608854366251e+02 5.189799061734427141e+02 5.774854358866382427e+02 5.788452180407092555e+02
