output/example/elevation_000000.asc
nrows	150
cellsize	6.66666666667
xllcorner	0
ncols	150
yllcorner	0
NODATA_value	-9999
[rows 17 to 33 of 150, columns 0 to 36 of 150]
6.681459400029050588e-01 8.854937001015792397e-01 1.266221325678891896e+00 8.868296165103047857e-01 8.874943543068066765e-01 1.009295059197426569e+00 1.132372074203942258e+00 8.935340495905275127e-01 1.253615149831487585e+00 1.059582115247571288e+00 1.312784100688265010e+00 9.462199002754934085e-01 9.700278053909409115e-01 9.594682876628414236e-01 9.594694383557744732e-01 1.340551165438504277e+00 1.164882499289386031e+00 9.594650496064732748e-01 1.068566132433309557e+00 9.608061050224411259e-01 1.483536335068003753e+00 9.561380576439000301e-01 9.554627716891078704e-01 9.547952962201509131e-01 9.541240634021741496e-01 9.541369981864160632e-01 9.541166310438724540e-01 1.020867728135200991e+00 9.541242124745651365e-01 1.393153701177348713e+00 1.020213363426987430e+00 9.561361050224412850e-01 9.568036648530826582e-01 1.405543044488851256e+00 1.454333143147886975e+00 1.045313718900847455e+00 1.369160341923230106e+00
3.848358526059494356e-01 1.202628585730602273e+00 1.080752167364385175e+00 9.497241500908839562e-01 1.299210566394428668e+00 1.142160107322916396e+00 8.583455556052461688e-01 1.172217958709488528e+00 8.734781623611056478e-01 1.146502572466553183e+00 9.449395626157746086e-01 1.025976109207243692e+00 1.048856649562959431e+00 1.038098109893759613e+00 9.588000102653586598e-01 9.588047243105666251e-01 9.588047243105666251e-01 9.588009399899184437e-01 1.141629501268689229e+00 1.358104849274130776e+00 1.293287965260222494e+00 9.561346067232985302e-01 1.111912889187498310e+00 1.257905140454727233e+00 1.062769510741935708e+00 9.534568119609366788e-01 1.107973227886558387e+00 9.534302792654917313e-01 1.078547900507744739e+00 1.110466035401045826e+00 9.568053558728699670e-01 1.220821554952502996e+00 1.406127940174001445e+00 1.169237032020569167e+00 9.716027363400936423e-01 9.716016768826097882e-01 1.002443038435091971e+00
9.497073481740431200e-01 8.603444961477622055e-01 8.596778294810955012e-01 9.492808423181530175e-01 1.166947443179639166e+00 8.571063371741722836e-01 1.094179308534725781e+00 8.720126307640088115e-01 9.851738112362682376e-01 8.741459229257696473e-01 1.030188884092491763e+00 1.035846729744219097e+00 8.308834648028069481e-01 1.173661462734183480e+00 1.475898235276662751e+00 9.581322307635740110e-01 9.581286295534841013e-01 1.102119197327211086e+00 1.454190856561071055e+00 1.195907619904044594e+00 9.735399718747307363e-01 9.567988974302407135e-01 1.027598027775562750e+00 1.024678907203893763e+00 9.527897180898310392e-01 1.351790556957498834e+00 1.320381782607430443e+00 9.527769490412920650e-01 1.217477234636564098e+00 1.478979486883644112e+00 1.161955232906852320e+00 1.066063768953728008e+00 1.219718102984433283e+00 9.716027363400936423e-01 9.709355132558681323e-01 9.709341170519683040e-01 1.000639499807558952e+00
4.097004100245241753e-01 8.666175488905194513e-01 1.089605470312647650e+00 8.590069363171206618e-01 8.583380222017400474e-01 1.417256259337497326e+00 8.296677609855874769e-01 8.296687648610325816e-01 1.166221328510967492e+00 1.361898901012935870e+00 1.343159731561549775e+00 8.302119788158169866e-01 1.290618406192010958e+00 9.796151521118043881e-01 1.376267146072698289e+00 1.029445023790509950e+00 9.574611979025912101e-01 1.390357001670138093e+00 1.224988483631135772e+00 1.050466483732920731e+00 9.574720225395365603e-01 9.574713909772332165e-01 9.574737479998371992e-01 1.124288294156051915e+00 9.528047243105667308e-01 9.521222236424313756e-01 9.521380576439000265e-01 1.286896104138211872e+00 9.521099421631020743e-01 1.223008185737167741e+00 1.248721899997494056e+00 9.657285882684498723e-01 1.205334558563588843e+00 1.038098336900136198e+00 9.882761954511106728e-01 9.702662996923685501e-01 9.702652978809314099e-01
7.189069551487856646e-01 9.457068158416555015e-01 8.596711307924980172e-01 8.590075082267047968e-01 1.433604118900793090e+00 1.117121018695380830e+00 1.341948431084795557e+00 8.289613279879399776e-01 9.232595923976807395e-01 9.602346924209170798e-01 9.574858105902273042e-01 8.295478691992621556e-01 1.323537972428092679e+00 1.013419449550259088e+00 1.477538491290438571e+00 9.581380576438999208e-01 9.574703315197493625e-01 9.567886216957799395e-01 9.568047243105666233e-01 1.388775516886231909e+00 1.137876877431193368e+00 1.295718018283717576e+00 1.005923870056093294e+00 1.211460227134727008e+00 9.528061050224413409e-01 1.344161207372899458e+00 9.514550231713735373e-01 9.514293194596159520e-01 1.443148845388260826e+00 1.257722658545266770e+00 9.514703315197494682e-01 1.173069107316049298e+00 9.514713909772334333e-01 9.696818010784699071e-01 1.408063563431484422e+00 1.345092972303519652e+00 9.695925432654517451e-01
4.733752554537166146e-01 8.603424522908542649e-01 1.430903106766897359e+00 1.243941271779597679e+00 9.451018713474799160e-01 9.005067403140812887e-01 8.275530342317849453e-01 8.275314231825396938e-01 8.379651712701432498e-01 8.282117303484797244e-01 8.288744256461350046e-01 8.295482025993088371e-01 8.302163675651181851e-01 1.071865871789383196e+00 9.794644892550751214e-01 9.581242124745650290e-01 9.574625649584335152e-01 1.492151466045635644e+00 9.561214279416497819e-01 9.561369981864160650e-01 1.039726921768399981e+00 1.482704863957242214e+00 9.534720225395367788e-01 1.424769371687934605e+00 1.024690522096779244e+00 1.311690101624597649e+00 9.514713909772334333e-01 9.507699978238874916e-01 1.088439562535572058e+00 1.058465056501965984e+00 9.508019847958496529e-01 9.508047243105668400e-01 1.033995510647055749e+00 9.508019847958496529e-01 9.879495602710881563e-01 9.696041170519683616e-01 9.689297283026672147e-01
9.695317047740684702e-01 1.474565674807932991e+00 8.610098652493087812e-01 1.143739431986491084e+00 8.906722718282960027e-01 8.268849868532437419e-01 9.618764487078075298e-01 8.268674647916780529e-01 8.275381101465347777e-01 8.282163675651182944e-01 1.207074546002355087e+00 1.043394350825908035e+00 1.107035360254012168e+00 1.297190430884925361e+00 9.587969661644852870e-01 1.488180607133159139e+00 1.491275822175406107e+00 1.474967184956379462e+00 1.127092116172229375e+00 9.554536204598358395e-01 9.838210713098946014e-01 1.242011712100788090e+00 9.902236540870663628e-01 9.528012733899653419e-01 9.521151834468458697e-01 1.214822690511170311e+00 9.514713909772334333e-01 1.343615598619017470e+00 9.500866963429704937e-01 1.286406728253573606e+00 9.501339525180712009e-01 9.501369981864162817e-01 9.501307531848565135e-01 1.491436844340909840e+00 1.479082061036453455e+00 1.327025744663528961e+00 1.431826858989424522e+00
4.004660586036713488e-01 8.798874424347611356e-01 1.452868206844775134e+00 1.263925779051568332e+00 8.262172607290931836e-01 1.432933270046377050e+00 8.261997008984516278e-01 1.127344551477343249e+00 1.482854152177719431e+00 1.384228187449139114e+00 1.224716247092566990e+00 1.005663657977087233e+00 1.460420939676147167e+00 1.099167535597078249e+00 1.354593840000529070e+00 1.002233956640399493e+00 1.489548878950353483e+00 9.568036648530826582e-01 9.561380576439000301e-01 1.439720204562228156e+00 9.547858681297350936e-01 1.068442130524734468e+00 1.165534826901488907e+00 9.527826677251010068e-01 1.444348898512964663e+00 9.514362441532977499e-01 9.507809583432902389e-01 1.002501408722566101e+00 9.494259940345135540e-01 1.363922633129340145e+00 9.494666769320255773e-01 9.494713909772334315e-01 9.494636328311520934e-01 1.477999832278466208e+00 1.318396030433575783e+00 9.494720225395367752e-01 1.433356935941847210e+00
8.215235780977689917e-01 1.180911853392740074e+00 8.807142460848071952e-01 1.122116101190547832e+00 8.255489140051932573e-01 8.255326797811124440e-01 1.299972468303631556e+00 8.628068921819507242e-01 1.101230890533526630e+00 1.405689911213146015e+00 1.119004235426819704e+00 1.005662681666358083e+00 1.004988292917056825e+00 1.004321134660973946e+00 1.003656296746533005e+00 1.003657850033881971e+00 1.270391229600602356e+00 1.258507350263293967e+00 9.561361050224412850e-01 9.554708345596742980e-01 1.228328790463448117e+00 9.541058032340866690e-01 9.534495427266904688e-01 1.391553688375090525e+00 9.521386892062033702e-01 1.085013495634989722e+00 9.907056994398834027e-01 9.501123122443038138e-01 1.129913210643225030e+00 9.487591613453447703e-01 9.487994383557747380e-01 9.669557443970526744e-01 9.487991643324364954e-01 9.488061050224414483e-01 9.488019847958497621e-01 9.718337095830895667e-01 1.033690975853083671e+00
4.393839036842728252e-01 8.813822934633485096e-01 1.014165354620323312e+00 1.309227718581595923e+00 8.215091338195479320e-01 1.482573457821194651e+00 9.350791925500974155e-01 1.042871113635802427e+00 1.443860521385515572e+00 9.038016327557747420e-01 1.205741754695137891e+00 1.005660241496999507e+00 1.447219903271380392e+00 1.042832507167468448e+00 1.004326014999691319e+00 1.004326014999691319e+00 1.143212913316587587e+00 1.380561873183218102e+00 1.299792055004766800e+00 1.272491775172220230e+00 9.547988974302408227e-01 1.403757262532418171e+00 9.541369981864160632e-01 1.202945644179578055e+00 1.045718960504891992e+00 1.186784212606973643e+00 1.273484832682787449e+00 9.507949086926296145e-01 1.252773934672773093e+00 1.276905582784347182e+00 9.480708149119583261e-01 9.481319704546107285e-01 1.349363087386610704e+00 1.430778932774652734e+00 9.481327716891081447e-01 9.481386892062035887e-01 1.479009862696307520e+00
6.655849763342887027e-01 1.031156744288045157e+00 8.906560027393932710e-01 1.466755174868175526e+00 7.601049479818640098e-01 1.313116203440952034e+00 7.497531337604796953e-01 7.958967195934480987e-01 1.178954540110467075e+00 9.031336004779961790e-01 1.421754242709161842e+00 1.006325228106432990e+00 1.120269128070741749e+00 1.067450872993497946e+00 1.292634488361558365e+00 1.004994634287816657e+00 1.237686283812309718e+00 1.489552227307274990e+00 1.136259573685544755e+00 9.554663867692831936e-01 1.327572101982940733e+00 1.272179598588981886e+00 9.541394383557746384e-01 1.162475066511402755e+00 1.063633287180289599e+00 9.521302994978186884e-01 9.514669763131495817e-01 1.273755149987680690e+00 1.389744749920825528e+00 1.322624237233788191e+00 9.474251148273055145e-01 1.180014572272228168e+00 9.474648011391362257e-01 1.433302351317189638e+00 9.474661050224415515e-01 9.481353181291830579e-01 9.520312425935892886e-01
2.705055731508707595e-01 1.316114937682705488e+00 1.315452334288504499e+00 9.868596014737394118e-01 1.178770016138476651e+00 7.588791889066206497e-01 7.490164940051575737e-01 9.324496818274250476e-01 1.395160993881094491e+00 9.023231238864163339e-01 1.157785799888598310e+00 1.006993574830332916e+00 1.323626531969581244e+00 1.251344712338298804e+00 1.398062152320492579e+00 1.061244715035278841e+00 1.007140854400193408e+00 9.568047243105666233e-01 9.561339525180709842e-01 1.394217958856703410e+00 1.443909119229103144e+00 1.285061458995417683e+00 9.684898078514275754e-01 9.534686514625162479e-01 9.528019847958495436e-01 1.317696317514528870e+00 1.221561115237330908e+00 1.410681091976883961e+00 1.032363467650110778e+00 1.162772117576196029e+00 1.411147503229812639e+00 9.467582849915974208e-01 1.200819770696595956e+00 9.467939823249490461e-01 1.027630676448382907e+00 1.383404248592003949e+00 1.212150846385019687e+00
2.887090002897193530e-01 6.273286228778652829e-01 7.221014560553209449e-01 7.427077010214888642e-01 7.468997662066949594e-01 7.483117758925694751e-01 1.123859510009604046e+00 7.871839349542715247e-01 8.722679152891705812e-01 1.089493202294437690e+00 1.316604968828266387e+00 1.323778573077192489e+00 1.357168794133739143e+00 1.261466975257400591e+00 9.255602176994888186e-01 9.255611108634635986e-01 1.124100140681623783e+00 1.127153331086629073e+00 1.060569002802930205e+00 9.568019847958495472e-01 9.574666769320253623e-01 9.581380576438999208e-01 1.135758992383266053e+00 9.534720225395367788e-01 1.210574974146417793e+00 9.955890412359968966e-01 9.434694383557749031e-01 9.428036648530830899e-01 9.428036648530830899e-01 9.428053558728703987e-01 1.167425711783280695e+00 1.007362004278329781e+00 9.460915098341107221e-01 1.073481031363004323e+00 9.461267855840305163e-01 1.063087890821693193e+00 9.682707837186350641e-01
1.267444520023370824e-01 1.112281711424332187e+00 8.935141493372155130e-01 1.485805146154761891e+00 1.313456562992587617e+00 1.068312535358570292e+00 9.533869721141913223e-01 9.895729975075182594e-01 1.218630431803557457e+00 8.886750943919772272e-01 1.313776418695471460e+00 1.037684997817018395e+00 1.037017582000780536e+00 1.298232868031757636e+00 9.248920527336794706e-01 9.248935510328221143e-01 9.248902176994887592e-01 9.255611108634635986e-01 1.101266136850981514e+00 1.234045856219373682e+00 1.449484888866852561e+00 9.581386892062032645e-01 1.327158060443494714e+00 1.313019831588486230e+00 1.321129629794201676e+00 1.476129384675069156e+00 1.173943017006661149e+00 1.407968553950929014e+00 9.421339525180714158e-01 1.213476522313823969e+00 1.408726964840377960e+00 9.454720225395369937e-01 1.321942918089667351e+00 9.454220988499547618e-01 9.461380576439002432e-01 1.152193187856894507e+00 9.682707837186350641e-01
2.415210873224181709e-01 1.082150742546980293e+00 1.116426224831868597e+00 6.914399431398984275e-01 8.196387328143922568e-01 9.198484671435938065e-01 8.232281830599443850e-01 1.383422059524525904e+00 8.893419409055729474e-01 9.751897549677386312e-01 1.104947388821331256e+00 1.270639467790222188e+00 1.037015890980993227e+00 1.034871770492879595e+00 9.242210788415328171e-01 9.242220040274382598e-01 1.162386690041235848e+00 9.255583860002993823e-01 1.135638805543909502e+00 1.436381858949940860e+00 1.405794048757636805e+00 1.456016508944779186e+00 1.337160268290451093e+00 1.302227219268111025e+00 1.373082038124213478e+00 9.322895735837837261e-01 9.966910463315965529e-01 9.414661050224416572e-01 9.421380576439003507e-01 1.193776449585612465e+00 1.232092931681759485e+00 1.169254847802402075e+00 9.447551244533187731e-01 1.330872458812820902e+00 9.461394383557748533e-01 1.322916771666031055e+00 1.440904690104491959e+00
3.220120540712856361e-02 6.000477044225367429e-01 6.889427212031957737e-01 1.182521838939476488e+00 1.438734805745655043e+00 8.225577786587991991e-01 8.988926955857857726e-01 1.171051373234112347e+00 8.900799703126504037e-01 8.900087517522592417e-01 1.076775561581404750e+00 1.198399530841232963e+00 1.415051918760187988e+00 1.157041555230655216e+00 9.235455406186973137e-01 1.070977165169505696e+00 1.279377465128001656e+00 9.262268843661554119e-01 9.262273149371774705e-01 9.268927641395636741e-01 1.158624029406606137e+00 1.240293178328209400e+00 9.310085836811379245e-01 9.310099643930125346e-01 9.315990666523490393e-01 1.213175800969912732e+00 9.400876149661345771e-01 9.413982875722421984e-01 9.420650256638436471e-01 9.427317638211234474e-01 9.433986453555174290e-01 9.440654555990766195e-01 9.448019847958497586e-01 9.454703315197496849e-01 9.461380576439002432e-01 1.248115302753409317e+00 1.362350306747184492e+00
7.372686006243600598e-02 1.236774272914320516e+00 1.148796620615828656e+00 1.323678383310199491e+00 1.273027148395759145e+00 1.374153598698164114e+00 9.695461989256863866e-01 1.232821138418269902e+00 1.154648376217743966e+00 8.906436804391402173e-01 1.357608977431358221e+00 1.299983442380147514e+00 1.157670041924242055e+00 1.019885583083491642e+00 9.227901471126641608e-01 1.151249944501572031e+00 9.268978606768847328e-01 1.362018747835572974e+00 1.085632426027416164e+00 9.588539195486576183e-01 1.211979530981452946e+00 9.303408575569873662e-01 9.303413605969121924e-01 9.310099643930125346e-01 9.309322627544716067e-01 1.449441246805972305e+00 9.414713909772336464e-01 9.414666769320257922e-01 9.421317162731404071e-01 1.296357176785934318e+00 9.434727716891082583e-01 1.300377636725212671e+00 1.395623911468245382e+00 1.373188734570542469e+00 9.458425327490180834e-01 1.291613147322545618e+00 9.471793482398649378e-01
