output/example/elevation_average_000024.asc
nrows	75
cellsize	133.333333333
xllcorner	0
ncols	75
yllcorner	0
NODATA_value	-9999
[rows 51 to 67 of 75, columns 37 to 73 of 75]
2.241066252715847327e+02 3.124473669109778484e+02 3.311064646871626564e+02 3.416454173431337153e+02 2.701822941799921409e+02 2.811199739584392319e+02 3.614315728936896903e+02 3.931534458745692291e+02 3.473706797697514048e+02 4.192336841834747361e+02 4.332651583260809502e+02 4.478012669534140855e+02 4.158005322187747197e+02 4.827521100322010739e+02 4.440506893118903804e+02 4.924492101914840987e+02 5.540638802711634980e+02 5.999980334815135166e+02 6.069540596061162887e+02 6.142797090823449935e+02 6.121537812985619667e+02 5.803884913320034684e+02 5.326755263797739417e+02 5.810456225651392970e+02 5.055105349830058685e+02 5.264854430830544061e+02 5.107469247715440019e+02 4.315745379344172648e+02 5.109294491080396483e+02 5.318943324539685591e+02 6.064085539209390845e+02 5.582186855810195993e+02 4.809274543120454268e+02 5.328543038776016374e+02 4.798537911860839813e+02 5.571458301134904332e+02 5.834045984843597807e+02
3.122494986052960826e+02 2.595322483443633814e+02 3.462455069889593915e+02 3.896322612572757862e+02 3.324130145106900613e+02 3.665085009540030114e+02 2.972712944687572758e+02 3.091452261551362426e+02 3.227949220633909135e+02 3.368010144163483801e+02 3.516003493310409453e+02 3.669326015903762936e+02 3.852495094566412490e+02 4.047028334318853808e+02 4.840036156407002750e+02 5.459141552577674474e+02 5.669130228868930317e+02 5.485357692094697768e+02 5.421095813475790237e+02 5.417071462950403884e+02 5.907197728092830857e+02 6.337425907672712810e+02 6.075518767259123933e+02 6.108303241371794456e+02 5.817008288613697005e+02 5.503667960408034787e+02 4.726263233206814220e+02 5.114198334914524366e+02 4.536724503506853807e+02 5.323634682136114407e+02 5.855946902125290308e+02 5.759308905700457899e+02 5.008223307866170444e+02 5.755818881683936752e+02 5.571533648079332579e+02 5.075852583942811407e+02 5.834173877839726856e+02
3.792835342002655352e+02 3.462537245963902706e+02 3.007148339252826759e+02 3.850867873529795702e+02 4.156547509477109088e+02 4.149275262274111356e+02 3.474812755832250559e+02 3.556662621626535383e+02 4.032597373479953262e+02 3.859814731556057836e+02 4.304830871528202465e+02 4.151749680317230400e+02 4.611716513840673883e+02 4.721348235335003096e+02 4.712061617412724672e+02 4.964478270800667588e+02 5.081092847612354717e+02 5.101767777444828766e+02 4.800373273906023428e+02 4.826381105078808105e+02 5.543643978136215082e+02 6.032962407830481197e+02 6.114433356738611565e+02 6.414793758934951029e+02 6.032883008137881689e+02 5.284897105368165739e+02 5.284761412565208047e+02 5.625292435818656713e+02 5.101936951800609563e+02 4.787038182979673024e+02 5.559755377997284995e+02 6.062179721767425917e+02 5.770813296407269490e+02 5.333545624913165284e+02 6.054775623309878938e+02 5.834538308654322236e+02 5.404642470246898256e+02
4.260919362096185523e+02 4.180995964092454074e+02 3.513465165217896242e+02 3.663679591720134567e+02 4.477135129004549299e+02 4.617180191517538788e+02 4.299891464676959458e+02 4.288937674241104219e+02 4.687549223276295720e+02 4.662445848443784939e+02 4.974480153651971364e+02 4.938877407695009651e+02 5.244622786088209523e+02 5.416957644172686059e+02 5.066250380541932259e+02 4.921943766872343531e+02 4.984366845114230387e+02 4.459274962155477056e+02 4.268345250555825601e+02 4.943716767053562080e+02 5.374465756698347150e+02 5.329381229037009007e+02 5.374457998280237234e+02 6.108527121681172503e+02 6.317875366575671023e+02 6.033023107219186159e+02 6.032588062250671328e+02 6.148263645771410211e+02 5.554583212029101560e+02 5.073565417595106055e+02 5.172074835744987240e+02 5.923076055102861801e+02 6.296853134276805122e+02 5.586104450739745744e+02 6.296393103921251395e+02 6.427667105590326173e+02 5.825905031270870040e+02
4.628535725390530047e+02 4.647893725238193383e+02 4.336300208989696898e+02 4.477194100665936389e+02 4.564051251411560202e+02 4.544554658788069332e+02 4.860698743989300397e+02 4.712003886965147217e+02 4.426733123046797118e+02 4.572986297518008882e+02 4.888271844712459711e+02 5.004389962816542266e+02 5.310505516247661717e+02 5.115769838793281679e+02 4.764966466310660849e+02 4.335645009519089967e+02 4.626352191637942610e+02 3.845965521214948240e+02 4.446114237777544531e+02 4.654852724654537042e+02 4.741656721440799629e+02 4.761080494762176158e+02 5.444428501426795037e+02 5.791282998597774849e+02 5.892778319268023779e+02 6.049557446090673238e+02 6.375013186180606226e+02 6.564208805834164195e+02 6.094398410895552161e+02 5.387868000372787947e+02 5.922784622804775836e+02 5.639619136629330569e+02 6.361045764893394789e+02 6.239813273200689991e+02 6.047182804677853483e+02 6.736460845915661366e+02 6.341373474179537197e+02
4.465625778926493012e+02 4.498672081986635476e+02 4.215667183734316836e+02 4.083875581583771464e+02 3.834917265973872986e+02 3.724819855672637914e+02 4.540797637626026244e+02 4.231285134701431048e+02 3.596214861792459487e+02 3.752089436728052760e+02 4.416825148098379259e+02 4.207226326720956990e+02 4.995223907266600918e+02 4.747528128666657494e+02 3.982927393328371295e+02 3.711156322350045684e+02 4.225018335764526682e+02 3.601120175666244450e+02 3.785870556245894818e+02 3.999259474247942308e+02 4.260078871181978002e+02 4.892199285458713121e+02 5.471426912352376348e+02 5.029728983752753493e+02 5.137287900574992818e+02 5.337266580243220915e+02 5.945047763475286047e+02 6.279656319349745672e+02 6.410098068185768625e+02 5.881923515238042910e+02 6.399995133130065597e+02 6.360939855982005611e+02 6.358207824107612396e+02 6.841957131859525134e+02 6.661422299432325644e+02 6.799437118461287355e+02 7.028014865509290985e+02
4.025315954182821088e+02 4.059697521371812741e+02 3.501058161461824625e+02 3.245714832567396115e+02 3.119553643510818119e+02 3.969574934510667390e+02 3.957415504196596885e+02 3.622183030741053358e+02 3.047565997681440990e+02 3.317574849726822777e+02 3.620770283866687009e+02 4.447675934866431362e+02 4.695046160128740098e+02 4.273808931369376864e+02 3.837547696600066729e+02 3.262608898810852338e+02 3.399801769709713426e+02 4.179626377637198971e+02 4.304337421537923660e+02 4.803169744976428319e+02 5.043554003840674227e+02 5.271921346536422561e+02 4.970862642709855663e+02 4.427853341345599461e+02 4.643164835060486553e+02 4.914252937160518400e+02 5.235615087049088743e+02 5.778749088103830900e+02 6.504590835823997850e+02 6.592461797601179114e+02 6.565604372354346197e+02 6.309768845728822271e+02 6.578806815592116664e+02 6.872429431239801261e+02 6.764467839533982669e+02 6.970153147147744903e+02 7.269036911158841576e+02
3.874249905765771018e+02 3.478300858843221022e+02 2.908909477023687487e+02 2.667032659867472262e+02 3.537907528101904404e+02 3.709856934885017949e+02 3.370513324455639577e+02 2.753849083882876130e+02 3.622416676106462887e+02 4.144996184241180686e+02 4.425383437961604045e+02 4.611423973469578641e+02 4.110178065966381382e+02 3.538001487726597816e+02 3.084115766875974600e+02 3.942747258135168522e+02 4.237141952810819703e+02 4.570041337126542089e+02 5.067360077866914594e+02 5.410598367987362280e+02 5.055911483348871229e+02 4.740829126957444828e+02 4.162360842892130677e+02 4.792472754733017837e+02 5.285547756968267095e+02 5.658457671806588678e+02 5.945346026514390587e+02 6.279719739223546640e+02 6.289400790211051344e+02 6.214060089341380717e+02 6.163060627921913692e+02 5.563256162568148966e+02 6.163049813399613868e+02 6.544075816604163265e+02 6.076708756488728795e+02 6.418125513182212671e+02 6.906547816268638371e+02
3.287859990345789925e+02 2.697326257259411477e+02 2.306187265350266102e+02 3.036105785123980354e+02 3.084854380887084631e+02 3.132148707461722097e+02 2.489601515979136934e+02 3.370818851830156859e+02 3.957924390511785759e+02 3.851011265764113887e+02 4.183575335367100365e+02 3.949937537650025092e+02 3.484731289146528184e+02 2.909833390200375334e+02 3.776292641379239967e+02 4.273919106877720537e+02 4.811213634996381074e+02 4.892212709332706595e+02 4.704039886771791430e+02 4.847296809083927656e+02 4.532202875652453145e+02 3.920185184492051462e+02 4.442004495987155224e+02 5.210741876340016461e+02 5.801109171058143374e+02 5.921487049866974530e+02 6.025340889602957759e+02 5.888048189231270726e+02 5.547989618626016863e+02 5.467037946755460780e+02 5.469092872808370203e+02 5.101543546104203983e+02 5.804202007473501226e+02 5.931688865100978774e+02 5.532046957619074874e+02 5.894171611483226343e+02 6.360721494404440364e+02
2.700275972478132758e+02 2.040308531928227467e+02 2.091636326181145762e+02 2.143016056182890452e+02 2.192889212693320644e+02 2.242025229881159021e+02 3.134607128243645207e+02 3.251712880683622870e+02 3.289031365553445880e+02 2.991661358947657163e+02 3.396322100659571674e+02 3.449434268439707125e+02 2.739717073153108799e+02 3.613174405429578542e+02 4.110585712598207806e+02 4.109627514973780649e+02 4.005710463481677834e+02 4.430023883323206633e+02 3.899449957764541068e+02 4.323414993705224560e+02 3.701496614882453287e+02 4.532383891139600678e+02 5.056631440813700920e+02 5.544235726046694026e+02 5.765620625090663225e+02 5.250422531390049699e+02 5.477524888993552850e+02 5.132908176158508695e+02 4.993942366224417810e+02 5.149801404118212531e+02 4.680182129005788170e+02 5.469107955696210865e+02 5.640150713871843209e+02 5.163033205426388577e+02 5.714494213405847631e+02 6.453281885156673070e+02 6.589824619748907253e+02
1.969851943365692932e+02 2.871312212202064984e+02 2.986838043721363078e+02 2.797056161543446819e+02 2.889305506790264531e+02 3.132501277691762311e+02 2.313632269038082825e+02 2.365979499328027202e+02 2.417456178344272075e+02 2.468716132146745394e+02 2.520311058749057622e+02 2.571000287823055146e+02 3.451592325419496206e+02 3.576922692285166931e+02 3.629001487227823759e+02 3.262605572741118181e+02 4.109463584987602758e+02 4.017103764834768640e+02 3.352816800343493355e+02 3.494313494248108327e+02 4.335574019885076495e+02 4.852667616701224915e+02 5.116489823896931739e+02 5.314741116767016820e+02 5.274890341810153132e+02 4.671949326391302861e+02 4.880947901228424257e+02 4.632302398246236521e+02 4.877842708480102942e+02 4.344188224128096181e+02 5.148912117135430435e+02 5.376568855200655435e+02 4.857920251483743641e+02 5.640486451421354559e+02 6.225683432266187083e+02 6.180998129556318190e+02 5.929949171061844027e+02
2.794876471174426342e+02 2.417016692468588133e+02 3.110422238081616797e+02 3.628095898647017066e+02 3.722034293044687274e+02 3.363924170352247529e+02 2.493543271098438652e+02 3.249501646064920806e+02 3.293863532934888667e+02 2.879675584278211318e+02 3.399214149738418200e+02 3.450044612806422037e+02 2.648477171602330031e+02 2.703270173602957698e+02 2.757596809175287831e+02 3.631109467528638675e+02 3.823907922480732395e+02 3.160846615936612807e+02 4.016960433747085517e+02 4.327088554569461394e+02 4.659203067402841612e+02 4.551875588468364526e+02 4.313985504958927777e+02 5.027770111050874675e+02 4.854721541481634972e+02 4.178178924899419826e+02 4.376320274107819728e+02 4.748051902132179407e+02 4.058716200258656386e+02 4.877647667904329865e+02 5.121099828223349277e+02 4.581353964121999525e+02 5.376417903535035521e+02 5.939575932856598683e+02 5.836174152865390852e+02 5.430759232083074721e+02 6.053453211685895212e+02
3.154229313247134883e+02 3.294897842331191100e+02 3.035317743766539706e+02 3.769258489331477335e+02 3.998751637140151729e+02 3.194618609873926971e+02 3.375473872336643240e+02 2.777470274613901893e+02 3.646564835424061926e+02 3.738656064916012269e+02 3.715724130849637845e+02 3.836881437779949238e+02 3.172374529074793941e+02 3.282448986534167830e+02 3.629065703184093650e+02 2.834809023335309348e+02 2.970615218403930271e+02 3.835444033415440117e+02 4.347628931945675390e+02 4.064291750287231935e+02 4.121271425101145951e+02 3.723414016045911694e+02 4.167482645567832833e+02 4.365161749041565713e+02 4.459454600996050431e+02 3.746666038182351031e+02 3.836083245204036984e+02 3.926942449336308982e+02 4.749896014960978619e+02 4.210341397235615659e+02 4.318269320693144664e+02 5.125312746130499590e+02 5.436518478346587244e+02 5.582337913577007384e+02 5.066191184559757517e+02 5.836249635353493659e+02 6.466947693733350206e+02
3.000820283681142655e+02 3.626876591819234932e+02 3.885040498680988321e+02 4.104868877203948045e+02 4.308840337110707424e+02 4.046696935629772724e+02 3.499613862235751185e+02 3.646433907625092843e+02 3.108163270770214694e+02 3.962199933511130894e+02 4.219245548188466159e+02 3.618748405304168614e+02 4.028585496384000066e+02 4.128469449078104390e+02 3.665773597227411642e+02 3.705174018411997849e+02 2.917378366646673840e+02 3.784977577639260176e+02 3.941356242951390527e+02 3.208197920858276007e+02 3.292093245569357123e+02 3.375013361274951080e+02 3.459056706522306399e+02 3.542615627672788037e+02 3.625825559940972198e+02 4.464004090007939567e+02 4.521983481011191657e+02 4.576638162606501510e+02 4.623239983611175603e+02 5.021471947684085535e+02 5.121016330827318370e+02 4.510604295599326861e+02 4.654000626181660891e+02 4.806457970854546033e+02 5.589779757729911580e+02 5.488032519449893698e+02 5.872406889096255327e+02
2.405720016473250951e+02 3.286399265345276604e+02 3.935097658064820507e+02 4.326741282614266311e+02 4.788256103861232873e+02 4.650114850598326370e+02 4.334844527446750249e+02 4.291304765330803548e+02 3.766914001697140861e+02 3.510564547726364708e+02 4.344559466627061397e+02 4.454989644778845559e+02 4.417663379866170885e+02 4.813478945919068224e+02 4.232977111885181785e+02 3.406798186572436862e+02 3.784727596614203549e+02 2.999330039481593531e+02 3.087661114019639399e+02 3.948300598219663016e+02 4.139101793010020742e+02 4.219085846508587565e+02 4.108502376242871605e+02 4.042878274073715943e+02 4.457222218520278716e+02 4.093520554647687959e+02 4.909527294437249907e+02 5.302176321629117410e+02 5.411015781745983304e+02 5.716763596724912304e+02 5.614042830704700009e+02 5.154549331335625766e+02 5.123717254862251593e+02 5.573988042184464575e+02 5.275651920046643681e+02 5.823405183391131459e+02 6.235637742295945145e+02
3.286383844276180071e+02 2.748427722705493466e+02 3.152377533958049867e+02 3.709517958470008239e+02 4.528922280237775340e+02 4.954086269683175487e+02 4.882706538484974317e+02 4.853532196841595692e+02 4.536839957978232860e+02 4.199847983170871544e+02 4.028660077071343153e+02 4.835914549885181941e+02 5.212622580032336828e+02 4.806361442547807883e+02 4.023139794457218272e+02 4.211416035109149902e+02 3.675441672381011813e+02 3.849474721937623940e+02 3.106315281420847327e+02 3.965149790514864208e+02 4.337660896011636851e+02 4.810582805849294346e+02 4.910647695417476939e+02 4.857848411515280418e+02 5.174910730307433369e+02 4.758514746421827795e+02 4.759860441990521736e+02 5.542033771090401615e+02 5.942883760108938986e+02 6.063911634841986142e+02 6.120981045647353085e+02 5.893777010853028742e+02 5.883458436709316857e+02 6.183023508043349921e+02 5.876375397944167389e+02 6.328793153549177077e+02 6.834461757125361601e+02
3.947221475004978970e+02 3.260929786153732834e+02 3.426099382807018401e+02 4.209894622181842578e+02 4.622740448491545067e+02 4.171306109903200081e+02 4.089223885232930797e+02 4.783117618624106626e+02 5.173315002907240796e+02 4.989330482607065846e+02 4.836361484311204890e+02 4.835580059708338467e+02 5.601831704541078807e+02 5.159931890811025141e+02 4.690347514615663158e+02 4.831342517007087736e+02 4.394928776717125629e+02 3.762571259150952301e+02 3.965437862042884376e+02 3.212286750190056637e+02 4.067156754436184087e+02 4.002762790455698791e+02 4.818959441824716237e+02 5.286013672184050165e+02 5.461695331894493393e+02 5.526284916023387268e+02 5.541966938217675533e+02 5.680955720229170538e+02 5.192634787864718646e+02 5.318566792479418837e+02 5.532934123131633442e+02 5.440430919587012113e+02 6.019697480676333043e+02 6.590246996947992102e+02 6.557331703755700119e+02 6.771719609427740352e+02 6.793278389876612664e+02
