output/example/elevation_000107.asc
nrows	75
cellsize	13.33333333
xllcorner	0
ncols	75
yllcorner	0
NODATA_value	-9999
[rows 17 to 33 of 75, columns 37 to 73 of 75]
4.026959607448047507e+01 5.041967579089740781e+01 4.821142346095609810e+01 5.261777168169220431e+01 5.683411752334979639e+01 5.591885386572378991e+01 5.820562644186360757e+01 6.164073623876256391e+01 5.401387639704260124e+01 4.362552389473446368e+01 3.629974557067400553e+01 3.054113245201079607e+01 2.720904528651221810e+01 2.490434261777143021e+01 3.462149881557022724e+01 4.162336025144679752e+01 4.668520712978885712e+01 4.369521628342307196e+01 4.029990864784716109e+01 3.374373512874520742e+01 2.530480384682120132e+01 1.799044466013133459e+01 2.697147342529557790e+01 3.122128212312632556e+01 3.414331789050370247e+01 2.380404336834763157e+01 2.570175171020921212e+01 1.607489935818000149e+01 2.651473290056075882e+01 3.359314344737305191e+01 2.287060587761515862e+01 3.384059260723279294e+01 2.895905327240399885e+01 3.163599833847538889e+01 3.462202445792430439e+01 3.812546366644763651e+01 4.336738446391297686e+01
3.930462952982257718e+01 4.349237705211305638e+01 4.926140549974313387e+01 5.403400643748383203e+01 4.780528883412352315e+01 4.767219470312154073e+01 5.628305615121200844e+01 5.508820256894756540e+01 4.594259798180178223e+01 4.472860273693237332e+01 4.124785961472003493e+01 3.831449743263382146e+01 3.243538213310302609e+01 2.282689156230427585e+01 2.758773600813434612e+01 3.463220838544574320e+01 3.632908504770118441e+01 3.327793358764510856e+01 4.057926613918748160e+01 3.885356484160303836e+01 3.162108456368576981e+01 2.123332896304397366e+01 1.649738332439020638e+01 2.557374051849481589e+01 2.914916786448620201e+01 2.489904387513380613e+01 1.524843004483238218e+01 2.561290572280664080e+01 2.735210277004278012e+01 3.026561229791022356e+01 3.374524103060647207e+01 3.818810550926257719e+01 3.930068298267933358e+01 4.196853159877090889e+01 4.494994563450783431e+01 4.836218661853794032e+01 5.243424913824516409e+01
2.932084730738072409e+01 3.503536868884580713e+01 4.509248095871345186e+01 5.046048421896663427e+01 4.118598213146415077e+01 4.742411715605575750e+01 5.193259308291285237e+01 5.043757951854263410e+01 3.929118947213675028e+01 3.398807246400540549e+01 3.084034559963729549e+01 2.821458941282817179e+01 2.591250644098684219e+01 3.047829776257986367e+01 2.086904919357971977e+01 2.863284612230413373e+01 3.100955224030437307e+01 2.637684963931303628e+01 3.632908504770118441e+01 4.039023032902488808e+01 2.989179713833605945e+01 3.121617937695702238e+01 2.329658282221849674e+01 1.495635840131656202e+01 2.420574947314331737e+01 1.442914812287786575e+01 2.488812101732346704e+01 1.596052647266747115e+01 1.704720919252268629e+01 2.740795433669329384e+01 2.893726064943682985e+01 3.226180273769641360e+01 3.783739646023854419e+01 4.207732165093496235e+01 4.912550381383187670e+01 4.758375975814109182e+01 4.758262331041563442e+01
3.930463016100654983e+01 4.349026227829924807e+01 4.782633157253322054e+01 4.393005098584676915e+01 3.800402748422094135e+01 3.800402748422094135e+01 4.786936590921183665e+01 5.492949720219259291e+01 4.925269446127800421e+01 4.472827598837767482e+01 4.124785951835348641e+01 3.831449743263382146e+01 3.575594369636135639e+01 3.463997481445961313e+01 2.863284612230413373e+01 1.894212561829864683e+01 2.172672561614928455e+01 3.100955224030437307e+01 3.034148735596331647e+01 3.456416032461061860e+01 4.039023032903031662e+01 3.827600634508810629e+01 2.930281141230832631e+01 1.400931536390747212e+01 1.370648518631089097e+01 2.350974237894767427e+01 1.442914812287786575e+01 2.501593581718809034e+01 2.740801617999100870e+01 1.861880825983581644e+01 1.861880825983581644e+01 2.893719092296410267e+01 2.754940568893744057e+01 3.783740062618357314e+01 3.883798257651533703e+01 3.727331136108149678e+01 3.727330306247478120e+01
4.683560023252844218e+01 5.062664397502256008e+01 4.115634768669906407e+01 3.439541197016162499e+01 4.092277718101104256e+01 3.906745787713521167e+01 4.569249364697040505e+01 5.484175407921585332e+01 5.163932746781471650e+01 4.551333817285864569e+01 4.114096786913141557e+01 3.741666372244449690e+01 3.417902106564294229e+01 3.176590226439827447e+01 2.739086839012166052e+01 1.757403012019252486e+01 2.571308860171805932e+01 2.871430197530822426e+01 2.043700944420490373e+01 2.877789284742289055e+01 3.757260781628703228e+01 3.473224588218701570e+01 2.444631974634524596e+01 1.820987518895515223e+01 1.315252956392796513e+01 2.350590374540871963e+01 2.487430240250611035e+01 2.994094446345218685e+01 3.319419475002673892e+01 2.379200712254917605e+01 2.893726064943587772e+01 2.028685520863653835e+01 3.056272850249032302e+01 3.651549855173571757e+01 3.153228298114772343e+01 2.997607244788547476e+01 3.592827903204751294e+01
5.418143681018946722e+01 4.725155525846739124e+01 4.223751576199108371e+01 3.817643578317108677e+01 3.127754403715195153e+01 3.808387889953338146e+01 4.784247059641279520e+01 5.039131524306467469e+01 4.730002161704836539e+01 3.663214017119807409e+01 3.060699167235406648e+01 2.717829539574149678e+01 2.423249117453002199e+01 2.195896007237760017e+01 1.980929489169336577e+01 2.575496451847330448e+01 1.578202662225153752e+01 2.461878788806242113e+01 1.449694565678980318e+01 2.462018561063855415e+01 2.730597784508787385e+01 2.728182153462658732e+01 2.618235059705428824e+01 2.058874770985518765e+01 1.262976366830114117e+01 2.331974082301697848e+01 2.938181230631714413e+01 3.382760514652093065e+01 3.833645273967707112e+01 3.105905049157063402e+01 3.481416293515187022e+01 3.056272850249258966e+01 2.203414688837612090e+01 3.226942278545504905e+01 2.564282545748248054e+01 3.589373924881040523e+01 4.452881183309654034e+01
4.476369151910901678e+01 4.032154373795700764e+01 3.347240434412277210e+01 2.860916750244093976e+01 3.833089082552490368e+01 4.501431029518040816e+01 4.743509597257361321e+01 4.040943405075631034e+01 4.748284519569281059e+01 4.551244786023877964e+01 4.114096772132698732e+01 3.112440668635426988e+01 3.417900941820150251e+01 2.890323522060078787e+01 2.721110507409632007e+01 1.671914282702823229e+01 1.449694565678980318e+01 1.449694565678980318e+01 2.333441843460507314e+01 2.374304286621671523e+01 2.630287473627514316e+01 1.680558566881765969e+01 2.200533235319110403e+01 1.189699974733521159e+01 2.267460213988806572e+01 1.591796960171198627e+01 1.898436261448680540e+01 2.947528254227002265e+01 3.882787454423487361e+01 4.138180455400011226e+01 3.820313957123708093e+01 2.792574157930908640e+01 2.203414688837612090e+01 2.203414688837612090e+01 2.487129421955336639e+01 3.510887421951046150e+01 3.971944207156139584e+01
3.495587139592660719e+01 3.675563955122593285e+01 3.444426155526939937e+01 2.691706985555771681e+01 3.670120905693318036e+01 4.464030643046918811e+01 4.303182544765986250e+01 3.344977051776640309e+01 4.303605452090157968e+01 4.962601093832490307e+01 4.599977388825560354e+01 3.846817277092511489e+01 4.246064839380083811e+01 3.712316971259021159e+01 2.777970585898005496e+01 1.758852970749751776e+01 1.449694565678980318e+01 2.333441843460507314e+01 1.304357057151418253e+01 1.198522062456767223e+01 2.143659744327826644e+01 1.118698435674596148e+01 1.118698435674596148e+01 2.141237074838943855e+01 2.697986430705408267e+01 2.642312895178503851e+01 2.089747705942366096e+01 2.421870622995646372e+01 3.160680301170187789e+01 4.193750441111998128e+01 4.244237578423934565e+01 3.402034582139372532e+01 2.382626298917450214e+01 3.226948112297176863e+01 3.510887421951045440e+01 2.940989893950030520e+01 3.669856523653334790e+01
2.981392764435685905e+01 2.694910851553543552e+01 2.457452036154395358e+01 3.260506333870524998e+01 3.079881344978607771e+01 4.062955552912323043e+01 3.890523689149272002e+01 2.905304327474209813e+01 3.562135726659391821e+01 4.414426885482203033e+01 4.988314529353273485e+01 4.920357046100421172e+01 3.946248664361277037e+01 2.825102701430225238e+01 2.255918657283633877e+01 2.767655540021364402e+01 1.876884223636179527e+01 2.747639208544646650e+01 2.299918757376915224e+01 1.892293645855473727e+01 1.052882888892898094e+01 2.143652735700998946e+01 1.118698435674596148e+01 1.798873846892412942e+01 3.032380082731985382e+01 3.132526392780822633e+01 2.089747705942366096e+01 3.132523045826319219e+01 3.160680301227013089e+01 4.193750551718451192e+01 4.127749192448099791e+01 3.101433748419839276e+01 3.402034582338912827e+01 2.663032834439217567e+01 3.679205897127313563e+01 3.971944207156139584e+01 3.669856523653334790e+01
3.957264645718408502e+01 3.675546528914674127e+01 3.260506333869211204e+01 2.267985834925498168e+01 3.085862003304213275e+01 3.494969613236043671e+01 3.217827092250259113e+01 2.573023462507872949e+01 3.017262484917231191e+01 3.584588445713362148e+01 4.574713587958235195e+01 5.362289372439882840e+01 4.472838553472970347e+01 3.817063777393919111e+01 3.029794525790896031e+01 3.281697694559825607e+01 2.446427148022703335e+01 3.281643585921623441e+01 2.593595618946208958e+01 1.710171929890977083e+01 1.012188444672224641e+01 2.094839942723766057e+01 2.280514340913848770e+01 2.789434948817308069e+01 3.536815258499527204e+01 3.554602958507186372e+01 2.693511491981027461e+01 3.554609406022681384e+01 4.193750551718451192e+01 4.604899312424800684e+01 4.549820928833065636e+01 4.127749192448091264e+01 4.100449663739519934e+01 3.114588654798324896e+01 2.998296852520009281e+01 4.008109329453867531e+01 4.701248389694482199e+01
4.859446447348524600e+01 3.851538970313887233e+01 3.668480783638428022e+01 3.085859114399917047e+01 2.088166414020476935e+01 2.915507068112065525e+01 2.227146556514592390e+01 2.933358096544857574e+01 3.921132576776577139e+01 4.105214167628657407e+01 4.498128037264280721e+01 5.025142014082073416e+01 4.141695309144264314e+01 4.284412751902956273e+01 4.214322321409231620e+01 3.857976756474832314e+01 3.437909792714768287e+01 3.380689269142186504e+01 2.442175707195734446e+01 1.373682524673025362e+01 9.754442334570279982e+00 1.982999518709657494e+01 2.719387640293998487e+01 2.835989123257998656e+01 3.740175404518142699e+01 4.148585828719799906e+01 3.732252526426181305e+01 3.991147883641199456e+01 3.584083802006283292e+01 3.991147883642493355e+01 4.482517703794613340e+01 4.968586130803502243e+01 3.948868145155532972e+01 4.135989882011811147e+01 3.250373062650670875e+01 4.252226599247428851e+01 5.045946087861174334e+01
4.802910636223293750e+01 3.851548940757157169e+01 2.843458705859412561e+01 3.421304472052333523e+01 2.915507068112065525e+01 1.911542339153607983e+01 2.776433188154220844e+01 3.186421510308372973e+01 3.949617315641580007e+01 3.154578786127319034e+01 3.880074268163480156e+01 4.263424674430493866e+01 4.284412751902956273e+01 3.326780119371004218e+01 3.731513947458805092e+01 4.134571028181960628e+01 3.691310695214097848e+01 2.673644296481677785e+01 1.978468350351745997e+01 1.933049092357277488e+01 9.469531109449393469e+00 1.356042449654145265e+01 1.876953512574039706e+01 2.860871171557223036e+01 3.337249503389063676e+01 3.746857639950084007e+01 3.679808626116665948e+01 3.271973809073255524e+01 2.592872014380857237e+01 3.088477908194287735e+01 3.900420632420726719e+01 4.470767283274090431e+01 4.968586130803971912e+01 4.665559379812354024e+01 4.252201821006247684e+01 3.659691769523649896e+01 4.151512854660104779e+01
3.967789238982305733e+01 3.379686551104285286e+01 3.422014361888577838e+01 2.440795074813561172e+01 2.221845789363164769e+01 2.465057381666037983e+01 1.771824924851646088e+01 2.772023804970460858e+01 3.484141298714010304e+01 2.592941133422399602e+01 2.944641809009901223e+01 3.667418087144969974e+01 4.119190406510806923e+01 3.731513947458805802e+01 2.737705130811214360e+01 3.308564362921255508e+01 3.687096669051918951e+01 3.391074254605910454e+01 2.952246243116807989e+01 1.993350081386107675e+01 9.253092193459682591e+00 1.950735783456190120e+01 2.321806574420639180e+01 2.583944885318647167e+01 2.318883023628346862e+01 3.337252454564301019e+01 3.106051755927473934e+01 2.274397057740925732e+01 2.087905886333875216e+01 2.502126063849080850e+01 3.073709012997204582e+01 4.065761664199454373e+01 4.474450661647976801e+01 4.907123555513370405e+01 5.000417553073164356e+01 4.111157755250437162e+01 5.000431727076686883e+01
4.647732984426053093e+01 4.098639944044224137e+01 3.838815680504554706e+01 2.984801006543771962e+01 3.177964242134278194e+01 2.688008619990017678e+01 1.673639846149401933e+01 2.514538786890389233e+01 2.925382045889520910e+01 2.147203298976990027e+01 3.123977167165334379e+01 2.780012753835397277e+01 3.527416587375951451e+01 4.125739591717029242e+01 3.308564362921255508e+01 2.311260069549842200e+01 2.957155687487635731e+01 3.373701115439722287e+01 2.867055434454208651e+01 1.674819360822750269e+01 9.056141340164391096e+00 1.659596867325161185e+01 2.122672187292728552e+01 1.582436141936986651e+01 2.008929825961061866e+01 2.432970880135987812e+01 2.381848285227185968e+01 1.654025107871482447e+01 2.274397073340490039e+01 3.272015234849316556e+01 3.900420632420630795e+01 4.031422219039644972e+01 3.407714788859685484e+01 4.294984429903065859e+01 5.157859188947440998e+01 4.965140771859095281e+01 4.938511528679075724e+01
4.231580373892278146e+01 5.100814929796667485e+01 4.402327595867612331e+01 3.985728741178009216e+01 3.106361159121680870e+01 2.111438342081101283e+01 2.056784255284965823e+01 1.538988043623452739e+01 2.409121734719566277e+01 1.837672658215437238e+01 2.695523713573706459e+01 2.263544567651861783e+01 3.124082940144182174e+01 3.683602924760836572e+01 3.686403263403380492e+01 2.956914477383399031e+01 1.967403810149406596e+01 2.652689528823639620e+01 3.070961156298482564e+01 2.507543064555249757e+01 1.846424142565400217e+01 8.759094252977254413e+00 1.877599453974910304e+01 1.896610158735789753e+01 9.780782206757582031e+00 2.009044763257585231e+01 1.290701967738178979e+01 2.381848285227185968e+01 3.106051400198791868e+01 3.680444333505741383e+01 3.635036933574954077e+01 3.004108090923906005e+01 2.800494868156727080e+01 3.461621773144172920e+01 4.683406696368577826e+01 5.297794083686551403e+01 5.287304441448937098e+01
4.302267890126523753e+01 4.931904456884293353e+01 3.868227986965832343e+01 3.131347565670185418e+01 2.628072750808039970e+01 3.104077036553766078e+01 2.889545666765470955e+01 2.424574267733004262e+01 1.403065641098019078e+01 2.311847715687128257e+01 1.696548103032612076e+01 2.144515886836850171e+01 2.589813426202961821e+01 3.120101285100446731e+01 3.889470365929186357e+01 3.373701113563923570e+01 2.652689528824332399e+01 1.673996914134119507e+01 2.382063176030399276e+01 2.768132251659625709e+01 1.930261865083050310e+01 8.523802160261469751e+00 1.603940693003371365e+01 8.931625695729612957e+00 1.896897426873568193e+01 9.780782206757582031e+00 2.062727699117862556e+01 2.208175335597254474e+01 3.218159488344906549e+01 3.342470865021639526e+01 2.623853095006244374e+01 2.297007904975090753e+01 2.859007392519353985e+01 3.522871326142644932e+01 4.475778657166850394e+01 4.092156261850069399e+01 3.987596921135644834e+01
3.890160618076592414e+01 4.652330397473023282e+01 4.617794967379037274e+01 4.092432726994321257e+01 3.655577967395336714e+01 3.793456567692501125e+01 3.220467851243343205e+01 2.510358171077480804e+01 1.491026695913534716e+01 1.272163898801741766e+01 2.105817967737641538e+01 2.138969836242290512e+01 2.562028312988155676e+01 2.839830292687289059e+01 3.249178838940540004e+01 3.269597798476560513e+01 3.063674564249666687e+01 2.382063178699219819e+01 1.414832862062571373e+01 2.133456348623843724e+01 1.981489951316387277e+01 1.780867329202180116e+01 8.170412199598425573e+00 1.810878435743093107e+01 2.322656427495929776e+01 2.076378065982885346e+01 1.096690173797266077e+01 2.213984397700604845e+01 2.779316271695348206e+01 2.586029924420119741e+01 1.909390846876840087e+01 2.853475260520474066e+01 3.506370323326095928e+01 3.816645075785156394e+01 3.945713272450097975e+01 3.284755510879517004e+01 3.292510065644223971e+01
