output/example/elevation_average_000047.asc
nrows	75
cellsize	133.333333333
xllcorner	0
ncols	75
yllcorner	0
NODATA_value	-9999
[rows 34 to 50 of 75, columns 37 to 73 of 75]
2.618954440207209586e+02 2.361642499001853821e+02 2.983558257750410689e+02 2.781412352364446861e+02 1.893680689905733345e+02 1.937320338728936235e+02 2.882424341302665312e+02 2.978901730474493093e+02 3.019559938298137354e+02 2.666821767256190014e+02 3.097727562344705348e+02 3.136840321385721495e+02 2.254658600927964187e+02 3.192803756370204837e+02 3.622502306698826260e+02 3.840971504055365244e+02 3.668753311749577506e+02 4.575106153246597955e+02 4.832527905656684766e+02 4.481886951507840990e+02 3.813592285510412694e+02 4.697272549291041059e+02 4.517897029557446444e+02 3.919473503485361903e+02 4.819736028516128385e+02 5.531321266910337044e+02 5.456975015778408533e+02 4.957443031955743322e+02 4.562933092587106216e+02 3.834612697471636693e+02 4.722963905245243836e+02 5.006749262590823264e+02 4.313320750756432744e+02 4.465517601999427484e+02 5.354165563249616753e+02 5.454239993219871394e+02 6.069733229206740361e+02
3.294300367804941061e+02 3.078721498619891577e+02 3.354817363410432449e+02 2.449714361819962392e+02 2.839475557864881807e+02 2.149124761075175343e+02 2.221931162438016258e+02 3.160569181980330882e+02 3.833395939069713449e+02 3.595549494506626047e+02 3.968137913067592422e+02 3.569242509733862789e+02 3.158643675243124562e+02 2.313608672619411948e+02 3.250805322361323419e+02 2.917460214611762126e+02 3.841048510612745872e+02 4.508970713943670034e+02 4.292389347832801150e+02 3.594084960864784648e+02 3.461475735687978954e+02 4.247393516942730116e+02 3.610259482728274065e+02 4.517631659541291924e+02 5.172734102361498572e+02 5.335734492684376846e+02 4.827377518759691384e+02 4.205074975724830324e+02 3.687686678826860884e+02 4.594456285159898243e+02 5.099661788867276186e+02 5.558376672926392530e+02 4.989744305067828236e+02 5.040276648542639464e+02 4.818605168380846067e+02 5.699327397614149504e+02 6.043973868388476376e+02
3.582923220615713831e+02 3.857362656574840116e+02 3.757126367091768202e+02 3.001678546610820035e+02 3.300586788478755125e+02 2.375063992174039527e+02 3.157932913731358440e+02 2.528010443604021589e+02 3.458287825024569884e+02 4.164404620925477047e+02 4.683671298383093244e+02 3.937532396430771655e+02 3.021728962196780799e+02 3.239127114848674296e+02 2.373071536403159882e+02 3.308988882013882176e+02 3.294088562388438390e+02 4.079562581815833369e+02 3.729471562064513819e+02 3.001346912292808611e+02 3.165483255184093423e+02 3.335903092852405507e+02 4.249921115146738089e+02 4.517654947588743539e+02 5.403912720276746313e+02 4.701986065653430273e+02 4.080066413026732448e+02 3.553253192693060782e+02 4.463044208126148646e+02 4.062339966566672729e+02 4.701655585162270086e+02 5.584683539850093439e+02 5.851378084963745323e+02 5.913996907127780105e+02 5.411931989411872337e+02 5.222522342907629991e+02 5.872536973660998001e+02
3.226100614052819537e+02 3.855827405652632933e+02 4.277888769491560197e+02 3.922844883020312636e+02 3.309529876688537797e+02 3.309955989608099003e+02 2.746476325529518476e+02 3.459765558221138235e+02 2.870500864971432406e+02 3.406904152568645259e+02 4.316556549068834556e+02 4.312459204599866212e+02 3.917337702904919752e+02 3.256620468585893491e+02 3.309031061714724160e+02 2.433192159888469348e+02 3.367626609512601590e+02 3.548487250720551742e+02 2.803250182151263630e+02 3.729532599622710904e+02 4.080937666510873782e+02 4.242199421363802685e+02 4.075151429364001388e+02 4.971507868626486584e+02 4.579332976602462963e+02 4.212629467167794814e+02 3.423671875619929210e+02 4.336360733067121487e+02 4.298174083129480891e+02 4.959437337411393969e+02 4.515318047777968786e+02 4.886769117904893278e+02 5.512457105452315318e+02 6.375921256392473424e+02 6.277800300323928013e+02 5.830753328375201363e+02 5.848360746261090526e+02
2.551794205994743550e+02 3.482822802371520083e+02 4.044510454695767407e+02 4.425518192023833421e+02 4.223150362760916323e+02 3.417454120973091563e+02 3.673370595146175788e+02 3.242790365730251096e+02 3.794425882073036860e+02 3.308913398249479769e+02 4.006013732361998336e+02 4.895679108483395794e+02 4.537453546038347554e+02 3.826536945662796256e+02 2.934048829201972239e+02 3.367539935762451933e+02 2.493604908690870161e+02 2.620053964293436479e+02 3.550441030210602662e+02 3.443513950533749721e+02 4.061459465760945022e+02 4.957546226871066892e+02 4.971246913905693532e+02 4.864172174580222645e+02 3.973961666551184067e+02 3.297044773418729733e+02 4.211719102374440240e+02 4.701971251899079220e+02 5.190299002170197582e+02 5.547827435658498416e+02 5.402633006843276462e+02 5.744261727314982409e+02 5.765225262283975098e+02 6.622420440821432521e+02 6.529541057709964207e+02 6.687370818344955978e+02 6.702292148049497200e+02
3.482705771825188208e+02 2.847278020998312513e+02 3.140428612443986935e+02 4.058713838808884020e+02 4.694095792251941361e+02 4.082649868054119224e+02 4.490190994039265888e+02 3.638264812864002806e+02 4.514347050698966655e+02 4.006098958372270431e+02 3.935401525220708550e+02 4.832812118255299652e+02 4.473736570426934804e+02 3.568711488687603719e+02 3.837917377262853051e+02 3.251327650022328157e+02 3.426975301934243134e+02 2.558311998602416395e+02 3.221726726786650374e+02 4.138415844111550541e+02 4.719682610673967815e+02 5.057954488974085621e+02 4.706268609102751270e+02 4.393517992439053046e+02 4.024867813452935366e+02 3.209273915043052057e+02 4.126751372961484208e+02 4.441712773911772274e+02 4.452011888001642888e+02 5.340769215549892124e+02 5.477653029867781243e+02 5.834014249035210469e+02 5.814309373652913564e+02 6.134028629119167135e+02 5.674959911319517687e+02 6.203132239636129270e+02 6.554777317719007215e+02
3.999654631852127977e+02 3.181267536808384193e+02 4.028502221691651357e+02 3.688699241727363187e+02 4.594626488389079668e+02 4.978296078966362757e+02 4.908081846971322193e+02 4.544902591288902158e+02 4.907938125914636203e+02 4.895803772432639676e+02 4.834089540350625498e+02 5.189488545238858705e+02 4.842635222134412061e+02 4.296988187518298332e+02 4.534081709984978374e+02 4.157960547770858852e+02 3.533682909818738267e+02 2.604121438985067130e+02 3.534659284241196815e+02 3.953557730186450385e+02 4.240171509899439002e+02 4.608980342896344951e+02 3.801493749341356647e+02 3.924096028793263713e+02 3.105021353512403266e+02 4.024919809759093710e+02 3.402766097170794524e+02 3.541933587635263052e+02 4.452004808784172951e+02 4.784713919427103406e+02 4.593812380732175598e+02 5.127280318520379296e+02 4.937799926371268953e+02 5.523994257445963285e+02 5.032856465277262146e+02 5.350336125480989722e+02 5.724961695732979479e+02
4.427533760969868126e+02 3.616966850335282970e+02 4.427443571237505466e+02 4.366475389429613756e+02 4.594148436832586526e+02 5.478773352196652695e+02 5.498612091158457815e+02 5.135676826962159112e+02 5.000235998079598971e+02 5.087737414799250928e+02 5.443828585126564121e+02 5.499269061029855266e+02 5.335100821227275674e+02 4.911557326821852030e+02 4.066128355666182870e+02 3.462385131467383417e+02 3.013927727320647136e+02 3.534744336751546143e+02 2.669697721435405811e+02 3.599156128431123989e+02 3.327720351014226594e+02 4.080340623297547040e+02 3.848766616084623138e+02 3.001906432972076004e+02 3.924006222531528465e+02 4.389563425901238816e+02 4.315864801597277278e+02 4.448363597571067771e+02 3.751002266513607424e+02 3.904697958028031053e+02 4.069166907235746748e+02 4.246784517511200079e+02 4.436604977804174723e+02 4.647879706387657848e+02 5.163760455254567887e+02 6.036237952450836701e+02 6.554499364473680316e+02
4.856108216623261455e+02 4.200515143059128604e+02 4.820806804200413467e+02 5.200694001774807020e+02 5.374415267942005130e+02 5.013425257692108516e+02 4.961582728022598303e+02 4.252707694580461180e+02 4.108008494555627976e+02 4.197421416609134326e+02 4.902061396504966524e+02 4.626284567645038805e+02 5.052822107896411694e+02 5.148448556662347073e+02 4.740748834866852803e+02 4.028570549363646478e+02 3.488321176635293455e+02 3.536300224609440193e+02 3.599222310395323916e+02 2.735250950076573986e+02 2.781888617797139887e+02 3.709036211082246837e+02 2.924937425136779439e+02 3.848724297117043989e+02 3.119296495439377850e+02 4.038761993284855407e+02 4.495512827124209707e+02 5.011119848275505433e+02 4.656380385386830767e+02 4.443535548725417925e+02 4.962798174335250678e+02 5.136226025815977891e+02 5.320280358274076207e+02 5.298625620174550477e+02 5.886438103294815392e+02 6.385174160028974484e+02 6.699169164755246584e+02
5.191725935607447582e+02 4.796463663187192878e+02 4.974712162625658038e+02 4.825647257683662019e+02 5.003764140931251632e+02 4.126118167498066214e+02 4.071050612990095487e+02 4.346658618804613070e+02 3.482351912941840055e+02 3.671210951104051219e+02 4.319638786919720133e+02 3.969942474575515234e+02 4.863446039304445208e+02 5.574941601642004798e+02 5.202671639295790555e+02 4.766250523684410609e+02 4.083628496784143636e+02 4.376056234997838033e+02 3.945266970748503468e+02 3.084174720171358786e+02 3.708739891652496112e+02 2.847978436558590829e+02 3.773480509146411350e+02 4.217953328996107984e+02 4.038812818424851230e+02 3.236694100933676168e+02 4.153493196103573837e+02 4.606304239582993887e+02 5.105405965419563472e+02 5.308026657474391641e+02 5.689083413852793001e+02 5.680546919340415570e+02 5.993119718573295813e+02 6.157836437122555253e+02 6.434882661312551591e+02 6.086745357518823312e+02 5.843757849494695620e+02
5.317733068619755841e+02 4.753133417581361755e+02 4.594421282495432592e+02 3.972527271805676605e+02 4.561921471725946162e+02 4.282191533177655742e+02 3.434801568777006651e+02 3.866088439831664232e+02 3.127391790337633779e+02 3.266216662034048568e+02 3.416424537395199081e+02 4.319366067981207493e+02 4.745933560098187627e+02 4.702507508324063679e+02 5.335688848463522618e+02 5.240219434496375470e+02 4.941109510872076385e+02 4.398471516184397387e+02 3.698483300506700289e+02 4.004169779205377040e+02 3.141685654579226821e+02 3.773674863572267100e+02 2.990003523968315449e+02 3.912190936627126803e+02 4.420295461763566891e+02 4.153246573141988165e+02 3.355356612767410525e+02 4.269327273471409399e+02 4.214450035897859834e+02 5.108506747852651415e+02 5.069002058762847014e+02 4.800582124032388265e+02 5.680608753241051545e+02 6.066607492648166726e+02 5.715787832087349898e+02 5.216488436817584216e+02 5.717892337710985657e+02
4.460186870027062014e+02 4.568922216461461403e+02 3.866637748123459346e+02 3.375922102764903912e+02 4.191168003068539178e+02 3.934183390541857079e+02 3.711832462386237239e+02 2.946523720557893284e+02 3.866194779133588213e+02 4.173258057044698717e+02 4.322402490598603890e+02 3.659714918634182368e+02 3.869889358084289483e+02 4.095114486509299354e+02 4.917807625013685993e+02 5.650723330394662298e+02 5.550250341189890833e+02 4.968745117313600304e+02 4.605482749500523028e+02 4.261204725164383831e+02 3.356660629149137094e+02 4.227142172876315271e+02 3.912327905544517535e+02 3.132828156068765111e+02 4.047847751263624900e+02 4.634012055646336989e+02 4.269293829431895801e+02 3.476205748349403279e+02 4.387431704207886582e+02 4.595993035585485700e+02 4.174180203136427281e+02 5.069032729458736526e+02 5.744909097098653774e+02 5.404610647491587088e+02 4.836270243387296546e+02 5.715612419613962629e+02 6.435001855997292068e+02
4.604155797488036228e+02 4.590219332652384310e+02 3.857698324684902786e+02 2.961049416882950709e+02 3.833217620739670792e+02 3.564209783937050133e+02 2.788659157725686555e+02 3.687497117575792913e+02 3.447797179305085251e+02 4.355888320825449114e+02 4.922930196207036602e+02 4.209337142226130482e+02 4.256277985936287678e+02 4.982042532014529570e+02 4.506263701450366170e+02 5.385126930250362420e+02 5.353739359368861415e+02 4.820759516292780518e+02 4.201391120128026273e+02 3.705745274476122972e+02 4.272096614620208470e+02 4.637264866669346475e+02 4.150308165714506003e+02 3.235172281055924941e+02 4.149844589057809117e+02 4.665129888701572440e+02 4.752540669908478321e+02 4.387579926030175557e+02 3.600707191140000418e+02 3.690338783224386248e+02 4.596698446246483059e+02 5.051848371740032348e+02 5.124461307276990283e+02 4.517529704495418059e+02 5.404607634598188497e+02 6.067550356382662358e+02 6.337304432448567013e+02
4.333563602955835563e+02 3.952299863914988691e+02 3.330744408853337859e+02 2.657630306092960382e+02 3.418703455333999273e+02 2.637432871066478697e+02 3.520312723581239993e+02 3.570923278886506296e+02 4.347815382152011807e+02 4.095859000450095664e+02 4.989015959572766405e+02 4.888307116178727370e+02 4.895416898162513348e+02 5.130090264532072979e+02 5.221871641148834442e+02 5.189300176899396320e+02 5.533027533292313365e+02 5.129740004832952991e+02 4.709786483819148657e+02 4.041216556889582989e+02 4.888406401188790369e+02 4.813337080970389934e+02 3.914195344676641071e+02 4.151878979992297900e+02 3.386017960684095556e+02 4.299424683142491403e+02 4.829720126432402481e+02 4.872896912102203828e+02 4.247598340085522182e+02 4.596205781184640955e+02 3.823823571457353978e+02 4.727212596112157712e+02 4.230839990619370496e+02 5.124498021043427798e+02 5.695443763167668294e+02 5.472475682045067060e+02 6.336322684527848423e+02
3.984482838278405552e+02 3.117934616230311349e+02 3.119289762368863421e+02 2.387667179787877387e+02 2.489639307586189432e+02 3.392676415078864807e+02 3.935699069539759876e+02 4.464039502373769892e+02 4.839543838959824598e+02 4.988694067147694113e+02 5.346438268704781649e+02 5.730792510812657383e+02 5.767305364567263268e+02 5.997537461957717824e+02 6.021120649991393066e+02 6.047399925352408445e+02 5.646563528517214081e+02 5.658466610418679466e+02 5.241458367101581644e+02 4.473454805316107468e+02 5.111756789556720264e+02 4.986302274387467719e+02 4.635544417382461688e+02 3.755443974343577906e+02 4.299512363492686973e+02 3.555945155337195160e+02 4.465293424158144830e+02 5.001105384620105951e+02 5.140903692492522623e+02 5.088826927652717131e+02 4.727230710716992235e+02 3.960730411342344723e+02 4.860867895429554437e+02 5.221436049803642163e+02 4.840992453830329509e+02 5.687346256219329916e+02 5.641179969407183989e+02
3.437472713081573374e+02 3.061205905144366284e+02 2.253841529755061401e+02 3.189208673204013849e+02 3.416799874342613634e+02 3.792856566053110328e+02 4.208988383048667856e+02 4.581309796856714343e+02 5.088071696016651231e+02 4.728637344144011081e+02 5.019563857394962270e+02 5.559315055532936185e+02 5.616463693777144499e+02 5.702759410316168669e+02 6.053417192407695211e+02 5.962480051053152010e+02 6.156401322815009962e+02 5.510848089894602708e+02 5.004299871892198439e+02 5.155209815113988725e+02 5.473537962874936511e+02 5.015626137531493214e+02 4.164495345793768593e+02 4.660960465036874325e+02 4.734614916791607584e+02 4.465461196070766619e+02 3.733160492363126082e+02 4.638532692997807771e+02 5.191066201624208816e+02 5.690814502978417977e+02 5.221294353602775118e+02 4.601586810605747928e+02 4.124760040104629866e+02 4.336577091810007687e+02 4.620521139740201875e+02 4.921469811514416506e+02 5.546463289253914581e+02
2.962020765425764921e+02 2.122725013168036980e+02 2.233676052154976617e+02 2.345914176633654904e+02 3.279001941230737316e+02 3.546966167522355704e+02 3.303785601562532861e+02 4.210878489369222279e+02 4.261991083154101148e+02 3.829628119067584748e+02 4.341161768550871329e+02 5.216107329301729578e+02 4.746672307761081697e+02 4.827450056224825516e+02 5.316566931280206063e+02 5.092732623861218713e+02 5.961900574884357411e+02 6.015202817653249667e+02 5.799387360046958975e+02 5.883374287228917865e+02 5.658795597080038533e+02 4.828785457396090237e+02 4.614590779573560440e+02 5.390689508371240208e+02 5.093364204386231222e+02 4.234932713910086477e+02 4.634946096746411399e+02 3.929735658546732111e+02 4.446699270795101597e+02 5.335086280377697676e+02 5.840808310915316497e+02 5.379938060446631880e+02 5.020002040665888785e+02 4.326846744887657792e+02 5.218496232162755177e+02 5.781110445181104751e+02 5.799047997000752730e+02
