output/example/elevation_000022.asc
nrows	75
cellsize	13.33333333
xllcorner	0
ncols	75
yllcorner	0
NODATA_value	-9999
[rows 17 to 33 of 75, columns 37 to 73 of 75]
2.561189856934950626e+01 1.844391585068462192e+01 2.530469543243990671e+01 2.378073490118633515e+01 2.378073490118633870e+01 1.521455320320003324e+01 2.536068189467732026e+01 1.706706485642078164e+01 2.708402965250446570e+01 3.329517966043312072e+01 3.626789628246085329e+01 3.327319674663396398e+01 4.349774051708653388e+01 4.644538133668657309e+01 3.626845899756938252e+01 3.192220994297169057e+01 4.051632144308879901e+01 3.553455854019959048e+01 2.722018330455135882e+01 1.706888704296303771e+01 2.563481717933336057e+01 1.906504456098010181e+01 2.922641256603392179e+01 3.745475173307367101e+01 3.410982318030414007e+01 2.392474427041273088e+01 2.690788272407704085e+01 1.759567123596426796e+01 1.986490133510667988e+01 2.994884395195931148e+01 3.762004426502303289e+01 3.733817008479648791e+01 3.894744668697072854e+01 3.471887420913804334e+01 2.771962566312896215e+01 3.228185944325296219e+01 3.955113616860553094e+01
3.281953872840055197e+01 2.530469543243990671e+01 1.517185728792629007e+01 2.224952977909875784e+01 1.365399601054308576e+01 2.378073490118633870e+01 1.521455320320003324e+01 2.620983995782364318e+01 2.267961522443305711e+01 2.960719147130939533e+01 3.970048297952587291e+01 4.349774051708653388e+01 4.769421114087938918e+01 4.220554561732392784e+01 3.192220994297169057e+01 2.603221179277450759e+01 3.169067008068666880e+01 3.593604380523541408e+01 3.144883102665388819e+01 2.563481717933336057e+01 1.549445616937264347e+01 2.422800789055986925e+01 2.861683561103069451e+01 3.230072948548164646e+01 3.030827277508629791e+01 2.608882747048604145e+01 1.676016468992200714e+01 2.690788477792085587e+01 2.994884395195931148e+01 2.332398416946278275e+01 3.340744116974769895e+01 4.121000474498907096e+01 4.543846401179212080e+01 4.218113948280569048e+01 3.795585374925132527e+01 3.206798430516288789e+01 3.933705864714788447e+01
3.531936182292328397e+01 2.512511775784915002e+01 1.795867770555647169e+01 1.213951823282371834e+01 1.590151932227030152e+01 2.590004002135852446e+01 3.084229384746948810e+01 3.404730944713983831e+01 2.960719147130939533e+01 3.675340748819728987e+01 4.109254208993726110e+01 4.529629005171435807e+01 4.735444134636455260e+01 4.312645111978875434e+01 3.894121700083399418e+01 2.868739521173917950e+01 2.150131672401142069e+01 2.808818965348115526e+01 3.232736203507345607e+01 2.963192778603147204e+01 2.411461324569096831e+01 1.408919754634355215e+01 2.424569441812473514e+01 2.176052078436556769e+01 2.519087928777942764e+01 1.594760144659775136e+01 2.608882747048604145e+01 2.217180278124081383e+01 3.234647681404185704e+01 3.340744116974769895e+01 2.726365446620349431e+01 3.105673261918353845e+01 3.688710570543920397e+01 4.711519465100949589e+01 4.654660911765808606e+01 3.800403471743008765e+01 3.933705864714788447e+01
2.696410343396287601e+01 3.056157328088972136e+01 2.133421302182349422e+01 1.122310680524958926e+01 2.133421310251423364e+01 2.198818244471284800e+01 2.758825457368838485e+01 3.764277372318919390e+01 3.970048297952587291e+01 3.940557604657286106e+01 3.086704651845101921e+01 3.940557604657286106e+01 4.143578295521895427e+01 3.285674832621584329e+01 3.852957134736406175e+01 3.593604380562697287e+01 2.808818965348115526e+01 1.792879032393100402e+01 2.495293095264402083e+01 2.683869014237076911e+01 2.262137260857371146e+01 1.312079889136373545e+01 2.323745777971607396e+01 1.458216606376152136e+01 1.514406656937858386e+01 2.527687957022336462e+01 3.030827277508629436e+01 3.234647681404185704e+01 2.935389775104075483e+01 3.957120177441289854e+01 3.438804113635484327e+01 3.550171242217245293e+01 4.543846401179212080e+01 5.133802856471772458e+01 5.244011367176783978e+01 4.824594505039467407e+01 4.956507528621421699e+01
2.029449611426711897e+01 2.338121511673860908e+01 1.620081535512755622e+01 1.029325507921195104e+01 1.614405706311278621e+01 2.628435768245828186e+01 3.602391183797719520e+01 4.184365447933696203e+01 3.663221250098113302e+01 3.241422457646896049e+01 2.498571689624189673e+01 3.518884946914236167e+01 3.719723544742198840e+01 2.695968525319283060e+01 2.828643911736532246e+01 3.394870335737706313e+01 3.232735630885019873e+01 2.495293095264402083e+01 1.481854309621418153e+01 2.202738517372148763e+01 1.251894923996977127e+01 2.263019978000109589e+01 1.379155794039666993e+01 2.380984344638252992e+01 2.526802332293179987e+01 2.527687957022336462e+01 3.546158107565553053e+01 3.799600620351746727e+01 3.957120177441289854e+01 4.378710840370924728e+01 4.457737727863563748e+01 4.569616102659027490e+01 4.991807602684705358e+01 5.097891337353928520e+01 4.678579824565074574e+01 5.019031394489554998e+01 5.437187225735327445e+01
1.011189183617386078e+01 1.792709280661815541e+01 8.939861591514947747e+00 1.917256024793474012e+01 2.463951556030803047e+01 3.050082118113795104e+01 3.203844112687757928e+01 3.625404128487820543e+01 3.075332562603487219e+01 2.223193940181757711e+01 2.115656371439826344e+01 3.133242784318275653e+01 3.621523429442267172e+01 3.128658308694146584e+01 2.109886869754993555e+01 2.374062044347183686e+01 3.009041060342556051e+01 2.566282674968568145e+01 2.143893294318122855e+01 1.191887105161665161e+01 1.776258511862003076e+01 2.607190724031691076e+01 2.390962901754343051e+01 1.507519213123537760e+01 2.520583275877450902e+01 3.074424218041399470e+01 3.500142540392036494e+01 2.779022957608791700e+01 3.500142540392036494e+01 3.723294286931988495e+01 3.723294286931988495e+01 4.743847190013894277e+01 4.681157665439793902e+01 4.260412622114431969e+01 3.654283551393891116e+01 3.997676684716112305e+01 4.511777724910085396e+01
1.691549563596694838e+01 7.548999127738853510e+00 1.714473027991322240e+01 1.714485194273563806e+01 2.136025212161404951e+01 3.037833913268669761e+01 2.186147930318440658e+01 2.716316237861535399e+01 2.294945573670903016e+01 1.639267263635682070e+01 2.653547948991845473e+01 3.322168429311107474e+01 2.601222807705954665e+01 3.322168226984768324e+01 2.673049870604014799e+01 1.658054469431584366e+01 1.991339896965403966e+01 2.085262898076981486e+01 1.133321992697182523e+01 2.142252111900245382e+01 2.139230467843449190e+01 3.023502457344248029e+01 2.889971635825375884e+01 2.520583275877450902e+01 1.638476406536410579e+01 2.652553150242134095e+01 3.077943234298684771e+01 2.063080427901077840e+01 3.077943220965351401e+01 2.702904657495915686e+01 3.723294286931988495e+01 4.319603926952930095e+01 3.897854258262609051e+01 3.234942711492335121e+01 4.260412622114431969e+01 5.019031394489554998e+01 5.437187225735327445e+01
6.620364416580689415e+00 6.736865994570790939e+00 6.736865994570790939e+00 6.736865994570790939e+00 1.714485213265082564e+01 2.136025225494738322e+01 1.601311361751503171e+01 1.974356409679633728e+01 1.281153622289253313e+01 2.294945573670903016e+01 3.075332562603487219e+01 2.867402773642758973e+01 1.884073425785879508e+01 2.866343967486053046e+01 2.463266444267778610e+01 2.043662432618766545e+01 1.277517811366108624e+01 1.074905088609293635e+01 2.084005055639733328e+01 2.543915391272108906e+01 3.079280883659906110e+01 2.981927603680120242e+01 3.414282649013223647e+01 3.074424218041491130e+01 2.354372345274931888e+01 1.773516492754361096e+01 2.788073365646302548e+01 2.926732433514431619e+01 2.063080427901077840e+01 3.077943220965351401e+01 3.664907981208572352e+01 3.649550149814746192e+01 2.874085958087495385e+01 3.897854258262609051e+01 4.581373381781861553e+01 4.922260750410253394e+01 5.340899562506149323e+01
1.668314421597992947e+01 1.714485186598415822e+01 6.736865994570790939e+00 1.714485199931749193e+01 6.736865994570790939e+00 1.714485226598415935e+01 1.714485253265082676e+01 9.512426320513743150e+00 1.545491568203308042e+01 2.560196677926290931e+01 3.165231118818525502e+01 2.147657713815962310e+01 1.433010930947391515e+01 1.992773874266647027e+01 1.991335671998399093e+01 1.033749666322769123e+01 1.033749666322769123e+01 1.033749666322769123e+01 1.112063373744609152e+01 2.123268889062521581e+01 2.235200448961964170e+01 1.939647118338105969e+01 2.983153257836235284e+01 3.794476090808544910e+01 3.210049006283121287e+01 2.489697549904158436e+01 1.912095945722738932e+01 1.912095945722738932e+01 2.926732433514431619e+01 2.226762621860161317e+01 3.242643894621055978e+01 2.628540063410045136e+01 3.649550149814746192e+01 3.260011257790101524e+01 3.556257061666919839e+01 3.899598644525070057e+01 4.414273312708844088e+01
2.144324232685737286e+01 2.136025198828071581e+01 1.714485199931749193e+01 1.151067964240480457e+01 6.736865994570790939e+00 6.736865994570790939e+00 6.736865994570790939e+00 1.714485253265082676e+01 2.395404121142931331e+01 2.981757047914026160e+01 3.081349444553983474e+01 2.659832659125529730e+01 1.992773874266647027e+01 9.831832680989172957e+00 9.831832680989172957e+00 1.992773808426583315e+01 2.037704527832631740e+01 1.033749666322769123e+01 2.071216517999985740e+01 1.223731349550404346e+01 1.223731349550404346e+01 2.235896894707734361e+01 3.077037348746459244e+01 3.669311470761340388e+01 3.930400462662078809e+01 2.926732433514460041e+01 1.912095945722738932e+01 2.926732433514431619e+01 3.348820158961651572e+01 3.242643894621055978e+01 2.394403163470384754e+01 2.588049927951756857e+01 3.608172273151449616e+01 4.285442916834647065e+01 4.581373381781861553e+01 4.922260750410253394e+01 5.340899562506149323e+01
2.607390745288647338e+01 2.888848464921706238e+01 1.872666615208191132e+01 2.136025187300532835e+01 1.205084791852321224e+01 6.736865994570790939e+00 6.736865994570790939e+00 1.714485253265081610e+01 2.491776657311489274e+01 2.913110960304902619e+01 2.659832659095371099e+01 1.645813683624976420e+01 1.942812965620522547e+01 9.831832680989172957e+00 9.831832680989172957e+00 1.338609263074286382e+01 2.350548380194230091e+01 2.311409282446800972e+01 2.235896888384322168e+01 1.223731349550404346e+01 1.223731349550404346e+01 1.634497839451651657e+01 2.218542083969956025e+01 3.241277188643669405e+01 3.759376769573054844e+01 2.739599889292036039e+01 2.628116666716626071e+01 2.628116666716626071e+01 3.647654667656235006e+01 3.667378707320454367e+01 2.807500073736099466e+01 3.608172273151449616e+01 2.880338781104262225e+01 3.902802178299769054e+01 4.490911193692564041e+01 4.785188304701211592e+01 5.201677500317742187e+01
3.217618971413183004e+01 3.310420264945348379e+01 2.888848464921706238e+01 2.037293587556442631e+01 2.136025252161405064e+01 1.714485253265082676e+01 6.963560465386754217e+00 1.738807487489872372e+01 1.475720096403624382e+01 2.491776657311563170e+01 2.313961449904567758e+01 1.893294827442042561e+01 9.336295483393424632e+00 1.942812965620522547e+01 1.992773874266647027e+01 1.992773874266647027e+01 1.921101596144506019e+01 2.937183596801536822e+01 2.660615470092057322e+01 1.937241321163651975e+01 1.307939224320422866e+01 2.321035627452326011e+01 3.077037348746459244e+01 3.122240426378231248e+01 3.550380225021054770e+01 3.759376769573054844e+01 3.647654667656235006e+01 3.647654667656235006e+01 4.069523651617424065e+01 4.224262675143717871e+01 3.534077724933833764e+01 3.834093073832949727e+01 3.902802178299769054e+01 3.195062927123726482e+01 3.468947092456954806e+01 3.765763873112209126e+01 4.357965532075051840e+01
3.569734028470239195e+01 3.990301098346808573e+01 3.475552845563915838e+01 3.054125325068889651e+01 2.172913253756937380e+01 1.154844952874898745e+01 1.738804475142040928e+01 7.326023645632631087e+00 1.773316173024442222e+01 1.807932817625150079e+01 1.843614271910427149e+01 8.771502000198029947e+00 1.893294828139639208e+01 1.471334007867229410e+01 2.484227093719056612e+01 3.008403296097636215e+01 2.638431291211140817e+01 2.937183596801536467e+01 3.383982432260685158e+01 2.406876761647083285e+01 1.392665773337649782e+01 2.406876761647097851e+01 2.532124273371429979e+01 2.100129290097371992e+01 2.958317760094804072e+01 3.470645624019970654e+01 4.131945186185670593e+01 3.701489231268710256e+01 3.701489231268710256e+01 4.131945186185641461e+01 4.558394198065286673e+01 4.853721070023351558e+01 4.560288128000765795e+01 3.919996754040127485e+01 4.031435106402415869e+01 4.785188304701211592e+01 4.413909715786836330e+01
2.556041657644512100e+01 3.569734028470239195e+01 3.435794035104038358e+01 2.417088446065082152e+01 1.700447626885163999e+01 1.875358906820556726e+01 2.194397597694699797e+01 1.773316173024442222e+01 7.662625650355577633e+00 7.662625650355577633e+00 8.096500388819325877e+00 1.843614271906269764e+01 1.893294828138153463e+01 2.484227093719056612e+01 2.186206471895703274e+01 3.203712520791862062e+01 3.658435464748099264e+01 3.956970121043886479e+01 3.129533984735591545e+01 2.107542338896964651e+01 2.406876761647097851e+01 1.516180418308819888e+01 1.516180418308819888e+01 1.516180418308819888e+01 2.021563596930753448e+01 3.042684976478771475e+01 3.535244730320880535e+01 2.670333540030862451e+01 2.670333540030862451e+01 3.472957586154152665e+01 3.905882297020534821e+01 4.386828899926266701e+01 5.034472442431508910e+01 4.936706350302804225e+01 5.046926842539226499e+01 5.463119604827335252e+01 5.130370267920070404e+01
2.852945279022299729e+01 3.273183603698910815e+01 3.693856092037525229e+01 3.137088173259138202e+01 2.285087333937606857e+01 2.891272926126457676e+01 2.261416658979109329e+01 1.247395875203500282e+01 1.807932778355134573e+01 7.662625650355577633e+00 7.662625650355577633e+00 1.379224805500124695e+01 2.393558823171015248e+01 3.329540646819483385e+01 3.203712520791862062e+01 3.625261244974888797e+01 3.520399078044192720e+01 3.940733264566178917e+01 3.557349096864035687e+01 3.129533984735591545e+01 2.958317733428127028e+01 2.532124260038096608e+01 1.516180418308819888e+01 2.532124273371429979e+01 2.958317760094798388e+01 3.470645624019970654e+01 3.106151215356124240e+01 2.084473647685114273e+01 2.084473647685114273e+01 2.441981612127858270e+01 2.897694505709749890e+01 3.499509908661254798e+01 4.587601446040882536e+01 4.680399139848327650e+01 5.110964596954237749e+01 5.192219303628930049e+01 5.622701702161825921e+01
1.880297135225147898e+01 2.261233142476369906e+01 3.273183603698910815e+01 3.724881804475594294e+01 3.303360953322543736e+01 2.804031555259230757e+01 1.788892037839185178e+01 2.261416658979109329e+01 1.807932805022002754e+01 7.662625650355577633e+00 7.662625650355577633e+00 1.807932805020874412e+01 2.814890068875982010e+01 3.073804710131897622e+01 2.653635695030881436e+01 2.934530488971778439e+01 2.505644915212079127e+01 3.090881119466546068e+01 4.107131520842889927e+01 3.716602093471908574e+01 2.687137464900310135e+01 2.100129276764038977e+01 2.532124273371429979e+01 1.653183929653178907e+01 2.670877629904537187e+01 2.813874930834487742e+01 2.933340158663790476e+01 2.084473647685114273e+01 2.084473647685114273e+01 3.106151215356124240e+01 3.481995610776375827e+01 3.658833745419192951e+01 3.844699747226363229e+01 3.635339738948324850e+01 4.337747418091436913e+01 4.145827243690868613e+01 5.163945131811210132e+01
2.819834259378945163e+01 3.273183603698910815e+01 3.273183603698910815e+01 4.289559659737867747e+01 3.524689883523475942e+01 2.505525101855059944e+01 2.804031555259230757e+01 2.525499874265458544e+01 1.510706811885230394e+01 7.662625650355577633e+00 7.662625650355577633e+00 1.807932818355336124e+01 2.070090944445583148e+01 2.295936740271838516e+01 1.641935032249683957e+01 1.921749906406982333e+01 2.505644915212078772e+01 3.520399078044192720e+01 4.527044516046872502e+01 4.145929611802608861e+01 3.550380211687637910e+01 3.122240413044897878e+01 2.482417910506942604e+01 2.670877629904537187e+01 1.794717632155209941e+01 1.794717632155209941e+01 1.913289365174475876e+01 2.933340158663790476e+01 3.106151215356124240e+01 2.290695046767114462e+01 2.454413129226029966e+01 2.627706620843076735e+01 2.809849913308323721e+01 3.038019930101724597e+01 3.294906142226702883e+01 3.686785722718770586e+01 4.209462479457676665e+01
