output/example/elevation_000212.asc
nrows	75
cellsize	13.33333333
xllcorner	0
ncols	75
yllcorner	0
NODATA_value	-9999
[rows 34 to 50 of 75, columns 37 to 73 of 75]
1.535512743625253584e+01 2.532715347178462295e+01 2.599560824373691403e+01 3.520355565793713737e+01 3.720079970385904033e+01 3.316801394735364283e+01 2.934134363261961198e+01 1.939307105549404397e+01 2.934134363260265488e+01 3.509337461342509101e+01 3.857798574992249030e+01 4.271761406710957232e+01 4.769185336328672520e+01 4.614592572826877870e+01 3.691564267339570193e+01 3.240247132743429148e+01 2.940130992899155160e+01 2.665038829558120881e+01 2.457152461525244647e+01 2.274690976540379594e+01 2.103831351620052814e+01 1.952884112372379022e+01 2.392625484700810290e+01 1.542919675635889831e+01 2.306822257785058738e+01 2.328624880692747467e+01 1.973473717693668661e+01 2.494586812470260284e+01 1.619116606555273208e+01 2.599312863238664306e+01 1.786768894952753328e+01 2.653450731469077795e+01 3.204829193358224160e+01 3.689276170702371616e+01 4.069962387598125986e+01 3.753091784275627418e+01 3.487349135246057585e+01
2.385395575216073993e+01 2.793526475256880914e+01 3.463939072280363973e+01 3.360077678739166629e+01 2.917493197652442660e+01 2.334622363652999510e+01 2.518189697506740998e+01 1.732750674116114808e+01 2.731045953257754988e+01 3.308893127368882148e+01 3.637372831176816845e+01 4.010211548188109987e+01 4.426157190212235548e+01 5.010365997874600197e+01 4.543357962797595917e+01 4.152857519761247573e+01 3.406626267421524545e+01 3.306739917839386322e+01 3.098555650935789885e+01 3.144074613465999590e+01 2.598320977041192847e+01 2.811413664743315621e+01 1.895850494950032683e+01 2.433084602236226246e+01 1.494123918428994102e+01 2.287347677936607226e+01 1.958125078387614337e+01 1.512653421088570127e+01 2.494586813984972551e+01 2.914140845655425949e+01 2.360599189534894649e+01 1.961896930238376058e+01 2.926632040182880701e+01 3.407967243751210162e+01 3.362955156884230945e+01 2.880698218127142596e+01 3.487349135246057585e+01
1.392273940271684118e+01 1.998771752000108393e+01 3.075067269758886468e+01 2.746992934484191551e+01 1.899559295103432888e+01 2.319869506658399416e+01 1.516502794387017161e+01 2.518189697509841807e+01 2.069476674314484299e+01 2.320925128897642509e+01 2.652018856370589006e+01 3.023264786436050500e+01 3.718985047755510465e+01 4.714794211445268957e+01 5.188510227452143653e+01 4.723337780022102095e+01 4.325678705319764816e+01 4.220921094024473064e+01 4.011444344556593222e+01 3.801164886072007221e+01 3.478860769004116804e+01 3.112335033965479525e+01 2.161192894922728414e+01 2.713284291575380891e+01 1.929159952640130626e+01 1.447475309614717531e+01 1.414528373391132376e+01 2.007647563751972797e+01 2.784962569248223829e+01 3.398576162714363136e+01 3.049648624676238740e+01 2.623987399542799892e+01 2.136278055238739171e+01 3.033451960733274433e+01 2.491167848968829546e+01 3.362955156884230945e+01 3.753091784275627418e+01
2.386787887559041721e+01 2.803358119873290377e+01 3.118732392160882583e+01 2.320964793439110707e+01 1.315359865749891632e+01 1.315359865749891632e+01 2.319869506931317460e+01 2.929578922092007076e+01 3.061875529549267938e+01 3.019471960336749561e+01 3.127356080635830793e+01 4.010211548193105813e+01 4.425500590449195926e+01 4.902274263473657356e+01 4.202383531168803898e+01 4.903755891115343957e+01 5.067447269515167108e+01 5.079133457207556290e+01 4.157059001000740039e+01 3.478227154084875394e+01 2.981932426122321900e+01 2.599792235914989291e+01 3.112320204732453277e+01 3.082636376338549411e+01 2.339541602987343438e+01 1.414528373391132376e+01 2.216968891890739357e+01 2.573343737918015606e+01 2.899962247282124039e+01 3.704343465311784911e+01 3.534997749671853029e+01 2.714000622705768251e+01 2.136278055238739171e+01 2.136278055238739171e+01 3.033451974066625922e+01 3.742172053993311209e+01 4.193431685785898111e+01
3.029528159965574119e+01 2.674213792767761788e+01 2.140426477685747031e+01 2.145542595904017702e+01 1.315359865749891632e+01 2.317315457846584081e+01 2.727883290934116900e+01 2.817075349072137413e+01 3.825240624480893104e+01 4.009208652527714634e+01 4.116658312591184199e+01 4.532062859512687680e+01 4.476797855938016113e+01 4.067953158550591297e+01 3.544008075914703682e+01 4.384375423950478989e+01 4.096731915129603152e+01 4.787457634987374888e+01 4.809575987560548072e+01 4.338867168584328482e+01 3.944011642048153021e+01 3.566892245942599970e+01 3.580688052067825566e+01 2.738085798497912648e+01 2.085616458647160343e+01 1.384786495724962307e+01 1.493888632567592012e+01 2.296648743620535882e+01 2.928498275367984860e+01 3.480393356475845223e+01 4.030143614905235694e+01 3.342890843537990264e+01 2.485664928316868938e+01 2.302831287997312515e+01 2.616904843124529734e+01 2.954570093723664570e+01 3.362963077658833555e+01
2.304478794863578628e+01 1.765285351666952707e+01 1.994723301536200921e+01 1.139407068127589184e+01 1.350886954178039367e+01 1.577503791342840778e+01 1.814782553063994541e+01 2.817368077820537664e+01 3.611735662571638983e+01 4.030165429997609294e+01 4.614982301866779579e+01 4.749081702015114814e+01 3.786011251912417919e+01 3.146654881324073472e+01 3.146654881324073472e+01 3.444254937600452848e+01 3.444055108492155881e+01 4.117523583951294341e+01 4.540008525748323365e+01 4.205339572756236777e+01 3.662734632939705648e+01 3.264595618714542979e+01 2.949288552377145223e+01 2.677520719112187919e+01 2.497515648443314262e+01 2.140745099676585994e+01 1.342221589091682432e+01 1.541646754849261569e+01 1.924311176927511369e+01 2.931731819760692659e+01 3.957840945688600698e+01 3.119298031411642569e+01 3.084238641593499608e+01 3.183450603647419896e+01 2.530703164222392587e+01 3.399089267606163389e+01 4.152073889302954512e+01
1.796543709217599272e+01 1.772825626171235669e+01 9.991689806646895988e+00 1.994723333848999758e+01 2.388435209174507179e+01 2.582956389582728463e+01 2.521497383616026156e+01 2.221283647951035789e+01 2.598068539738708083e+01 3.182478955603384563e+01 4.198111227331736472e+01 4.686790252660453859e+01 4.476482619494882442e+01 3.785999920601466329e+01 3.719638164492777577e+01 2.812159859607616852e+01 3.452127895291555149e+01 3.181256003985911462e+01 4.118476577878948319e+01 3.795109259673981938e+01 2.876232722113929086e+01 2.372772823517698626e+01 2.065604976321561637e+01 1.811765128482571541e+01 2.104186966384146018e+01 1.540550036947489332e+01 1.311234715211082325e+01 2.436887757012838307e+01 2.942260093336575366e+01 3.480393356475845223e+01 4.353572972834556509e+01 3.969734539093445846e+01 3.967455423821360228e+01 3.561648373385460076e+01 2.712650625687555106e+01 2.885487787615439004e+01 3.560806890625627119e+01
8.059284370305620726e+00 8.650679699937443345e+00 1.147442493697484167e+01 2.150302250747891009e+01 3.056639738663007577e+01 3.515807779394377519e+01 3.531657729765621667e+01 2.931597442066081172e+01 3.228605502907699787e+01 4.030165429997609294e+01 4.409517289687857300e+01 3.713058852394404141e+01 4.409516996347957019e+01 4.748220142337256533e+01 4.119679832993003288e+01 3.452144758489860976e+01 2.548768315079887259e+01 3.448041177655755263e+01 3.610927687959010512e+01 3.879012358235618052e+01 3.662733667751617617e+01 3.264595618714542979e+01 2.949288552289655030e+01 2.409041992210819672e+01 1.483716435870774397e+01 1.266425525689158427e+01 1.835101061949003309e+01 2.240060700063065724e+01 3.180447293822167865e+01 3.561855767403476136e+01 3.579466014422525433e+01 3.993260180608151444e+01 4.189433434395147771e+01 3.301611300111103731e+01 2.712650625687555106e+01 3.042203794481822499e+01 3.064968459901977482e+01
7.407474734889288648e+00 1.036198134818520522e+01 2.065756934328594241e+01 1.611919011523959711e+01 2.063790845755783820e+01 2.786693442111538843e+01 3.818186149431305410e+01 3.945646391525664853e+01 4.241373226667066376e+01 4.323353345294037098e+01 3.913895902928856430e+01 3.055105772088857918e+01 3.981213450066231019e+01 4.772277620673564513e+01 3.941168091152604802e+01 3.020171313061558394e+01 2.387394985135502168e+01 3.088144052692475938e+01 2.686887903225470708e+01 2.953892128186982902e+01 3.177940924618602381e+01 3.568017755375948497e+01 3.270630178484276485e+01 2.358605301856443859e+01 2.077288935658059543e+01 1.233967964939727047e+01 2.113601913683702094e+01 2.371614756809461610e+01 2.751404211118471110e+01 2.599406212562762519e+01 2.642395750888786665e+01 3.579466014422525433e+01 4.198099380788495694e+01 3.371644165454826236e+01 2.916618281623975051e+01 3.155592018606882831e+01 3.639786893642388321e+01
6.918663062583298995e+00 1.519782067105931844e+01 2.319169906317765850e+01 2.630407864086037151e+01 3.056639738668582851e+01 3.515807779394377519e+01 3.735770657403904238e+01 3.735770657404139428e+01 4.146222822635203897e+01 3.913895902928856430e+01 2.970930734831762265e+01 2.644928682735917391e+01 3.576467577806617726e+01 4.361417711563545652e+01 3.420575770500402513e+01 2.903184529740518727e+01 3.088144052692475938e+01 2.185695375260782569e+01 2.050147805424852265e+01 2.772961969313737995e+01 2.271876383024993018e+01 3.040558411548593654e+01 3.121387522246615021e+01 2.861042208985018220e+01 1.970428505706999900e+01 1.200470132793320488e+01 1.519701440655036251e+01 2.154346192860604958e+01 1.664129809492624190e+01 2.012739987206681747e+01 2.642395590557273266e+01 3.579415679308807086e+01 4.218345939026351488e+01 3.834488838647275344e+01 3.043891554673951561e+01 3.834488838647274633e+01 3.702220463743188361e+01
6.416797907509186771e+00 1.010878835304843015e+01 1.663600001718134891e+01 2.767817414347206650e+01 3.641099940716863159e+01 3.465038448165993401e+01 2.783854074257316569e+01 2.783854074257316569e+01 3.735770657404088269e+01 3.618301301590353347e+01 3.247118838130482033e+01 2.323093423134061553e+01 3.247118801164105406e+01 3.950401999915486329e+01 4.220447651123530619e+01 3.818222363625847748e+01 3.478022908824110004e+01 3.087592000214267074e+01 2.238320527180482244e+01 1.866957281064438945e+01 1.746495881927360827e+01 2.494592091189097971e+01 2.255825939149802295e+01 3.053273513053620292e+01 2.474610114716965370e+01 1.670381058544984754e+01 1.151155256427557916e+01 1.275560395134720792e+01 1.855284227554107090e+01 2.620804792900520042e+01 2.456789217390533864e+01 2.900361961255043397e+01 3.814513660152209695e+01 4.226327865749230028e+01 3.371900212218415049e+01 4.226327865753165725e+01 4.602638809757953453e+01
5.899737440114662945e+00 8.742515697106220784e+00 1.826888811535788903e+01 2.178597856577610159e+01 3.217879791458521055e+01 3.062663986337025079e+01 2.127789371168526955e+01 3.062663986337025079e+01 3.618301301590353347e+01 2.733926816297515572e+01 2.896212558089096234e+01 2.093258148661650608e+01 2.614639264243965755e+01 3.546129322215616497e+01 3.590687856380821330e+01 4.005822877285068273e+01 3.804664493355326726e+01 2.877544922008809536e+01 3.144663990228510997e+01 2.745533277743951217e+01 2.494592091189097971e+01 1.581733863213557711e+01 2.232568050015227001e+01 2.699161141177937751e+01 2.717238336076452043e+01 2.013698888787088492e+01 1.115366234171137449e+01 2.010186891111442264e+01 1.567677904039867620e+01 1.897477600304815226e+01 2.523186868595998789e+01 3.423325669900183499e+01 4.223244325566187740e+01 4.689838426848843511e+01 4.289393912578695733e+01 4.689838426856226761e+01 4.733966114926263202e+01
9.142929796575824497e+00 1.648588114788676862e+01 1.349986958437626505e+01 2.115936029498792337e+01 3.267575756956275512e+01 2.767030675275484342e+01 1.821923834489941996e+01 2.489539324376521989e+01 3.434722150299307231e+01 2.873856508398667131e+01 2.015301369174385471e+01 1.893830622075930137e+01 2.833943742972157409e+01 2.856233477101246976e+01 2.552012564864169519e+01 3.590687856380819909e+01 4.201977317403115819e+01 3.804664493470279751e+01 3.617707425118940989e+01 2.737466679324248986e+01 2.145716322488909000e+01 2.345266027067027537e+01 1.427309072642957410e+01 2.199818591648952548e+01 2.117001195575374339e+01 1.882359680158091564e+01 1.080145700468112580e+01 1.560627634120595708e+01 2.347159393393836169e+01 1.980220221521293311e+01 2.870147237352529501e+01 3.740626626262356780e+01 4.275749116293386010e+01 4.443734833829649489e+01 4.250123060281163845e+01 4.049708704987138219e+01 3.766280005636066619e+01
1.431949741875599003e+01 1.534362165523855204e+01 2.283207781337008768e+01 2.796723919523407176e+01 3.037751032414968932e+01 2.396505722897926205e+01 1.529051745739278800e+01 2.511942792148038350e+01 3.224822380855288628e+01 2.521979106974005092e+01 1.628959755300108014e+01 2.272987051094114008e+01 2.310146463967300079e+01 1.764059405851139672e+01 2.552012564864169519e+01 3.590687856380822751e+01 3.683881555980202904e+01 3.580918490965961354e+01 3.683881555980202904e+01 3.342462846370010254e+01 2.967787488957996800e+01 2.728811110478804380e+01 2.199861551698614548e+01 1.273013632712982179e+01 1.160634412051542341e+01 1.934034959293218847e+01 1.045681975593762303e+01 1.946586947168503556e+01 2.792368615625817796e+01 2.870147237352529501e+01 2.452750519495462100e+01 2.964972065829800130e+01 3.874673251360846393e+01 3.490161228768648272e+01 3.305763922016619460e+01 3.115011914490501255e+01 3.766280005636066619e+01
9.459054983189341570e+00 1.872436591089263302e+01 2.703185773319045992e+01 2.970088995877409488e+01 2.699307154382621121e+01 1.788095625387166265e+01 1.256876178942655642e+01 1.852436192243880697e+01 2.823524655633226743e+01 2.914116431246955230e+01 2.291134979234931990e+01 1.403537746065470415e+01 1.239494657847974679e+01 1.994845542873016342e+01 3.071350223901800902e+01 3.683881555980202904e+01 2.752744819467418580e+01 2.651346162976592780e+01 2.752744819467418580e+01 3.683881555980202904e+01 3.247593624311563332e+01 2.876866297238192161e+01 2.573906229302700410e+01 2.184834752677583936e+01 1.873100492923434857e+01 9.962344343488936715e+00 1.294633097609287553e+01 2.201610116441581511e+01 3.002968305771630142e+01 3.409261244385808709e+01 3.349457027012375931e+01 3.740626626262297094e+01 3.632248315197236366e+01 2.846628001538060104e+01 2.667726452470465404e+01 3.185761635975534034e+01 3.839712862866961984e+01
1.400805438848262696e+01 2.144851887428365700e+01 2.190462472080595546e+01 2.189776129867010823e+01 2.177395147306820888e+01 1.764707556356297147e+01 9.973048594096020736e+00 1.753702502510997618e+01 2.743795597947557496e+01 2.777692481487779830e+01 1.871243207862138291e+01 1.239494657847974679e+01 1.954632126645518397e+01 2.338091119764516179e+01 2.865192135903586035e+01 3.138126726416512113e+01 2.923611594241312872e+01 1.984760144489715117e+01 2.503744461757554873e+01 2.894757595469167555e+01 2.876911401832988346e+01 2.020481463617274898e+01 2.249238313084054042e+01 1.797513599022353148e+01 9.468830251491683114e+00 1.894279865792131545e+01 2.189144365737376319e+01 1.727461295462591906e+01 2.119564570199735698e+01 2.752334909866407031e+01 3.675103844343055925e+01 3.863308775208698620e+01 3.236661205879990888e+01 2.333258454848370533e+01 3.236661200680862294e+01 3.312612256004185696e+01 4.256682730384792990e+01
1.314296157980915858e+01 1.618094052761581025e+01 1.408505893166372935e+01 2.020262283624013833e+01 1.670198626897409255e+01 7.345871241094297233e+00 1.745444066823759854e+01 2.412610724122922079e+01 2.313358448798295441e+01 2.721967525911160379e+01 2.483550508769049969e+01 1.948470006888362249e+01 1.033149315303408855e+01 1.574067556979057869e+01 2.474493103751227352e+01 2.362477032867109727e+01 2.946520357344125074e+01 2.503744460788901449e+01 1.553399180173124883e+01 2.144547726870450788e+01 2.532602710146868574e+01 2.267334782373677271e+01 1.419988894933452706e+01 1.877166526804422375e+01 9.468830251491683114e+00 1.367444941249718404e+01 2.297394615623962011e+01 2.619881766505702458e+01 3.002968305771628366e+01 3.409261244385808709e+01 3.592520031654485280e+01 3.206826784285269838e+01 2.550338320988168306e+01 2.139358692761943104e+01 2.406876197303179055e+01 3.312612256004185696e+01 3.670812511599156380e+01
