output/example/elevation_000001.asc
nrows	75
cellsize	133.333333333
xllcorner	0
ncols	75
yllcorner	0
NODATA_value	-9999
[rows 0 to 16 of 75, columns 0 to 36 of 75]
4.840509446848720865e-01 6.401603859034682387e+01 8.347805584467597839e+01 9.161461134815971263e+01 9.336918953808071819e+01 9.872016909972681731e+01 1.003325843492702489e+02 1.002155812891048612e+02 1.004116935554022660e+02 1.003532261170480666e+02 1.003870127699838264e+02 1.003079676337304704e+02 1.001834464165246175e+02 1.000892055676219172e+02 1.001859070074213207e+02 1.003020183076660317e+02 1.001726987787816796e+02 1.003083105143242904e+02 1.003255233913058646e+02 1.003756380383345288e+02 1.001998726543158114e+02 1.001412519921697282e+02 1.002374751032955942e+02 1.002929674951512311e+02 1.000292190758969184e+02 1.001673218511346874e+02 1.002138734184655249e+02 1.000126791989400061e+02 1.001482158237019036e+02 1.000835262930376359e+02 1.003896124503942531e+02 1.003906437049607945e+02 1.006412400716202598e+02 1.004883005648399603e+02 1.004254740859795305e+02 1.003863397935649999e+02 1.002037692867843219e+02
6.497923401133355314e-01 2.327899058916062103e+01 4.828574497943566968e+01 7.224400280062471325e+01 9.553716906884730520e+01 9.971869018412630226e+01 1.000824127586190144e+02 1.001034249610357705e+02 1.000796038229489966e+02 1.000682295756109710e+02 1.000624691853961536e+02 1.003982490870371151e+02 1.001422355080001410e+02 1.001691190971163934e+02 1.001467602420750893e+02 1.002012348630041032e+02 1.002908739274375876e+02 1.003178118628542848e+02 1.002950990152985753e+02 1.004368204152201542e+02 1.005400381568147310e+02 1.003270127439601822e+02 1.003793774810347230e+02 1.001516503904919944e+02 1.003343474978937024e+02 1.002941192190309891e+02 1.000214661731663739e+02 1.003145523010519611e+02 1.000200482966108098e+02 1.003523692282488327e+02 1.002075283043445779e+02 1.004622967325275624e+02 1.004698174647751756e+02 1.004010395118567800e+02 1.001392562505541122e+02 1.002841357713027435e+02 1.000236322632132300e+02
6.883992401879653888e-01 6.398880852347726744e+01 8.356072571739917976e+01 8.687366888897042827e+01 9.278690324339149242e+01 9.956112721530185183e+01 1.000464652959609424e+02 1.001177648842997172e+02 1.001924195134582902e+02 1.003105946131839232e+02 1.001885883441690908e+02 1.000599804366846399e+02 1.002485277515673374e+02 1.002808413198811763e+02 1.001949191689510741e+02 1.004112964268623074e+02 1.003116368646006293e+02 1.000986716289611991e+02 1.002657673142702208e+02 1.003854921433636207e+02 1.003007277674792164e+02 1.004107495797674119e+02 1.005474546117705614e+02 1.004214332210528227e+02 1.003219203579204901e+02 1.000149497824237841e+02 1.002191482532319498e+02 1.001177873201560118e+02 1.001808925668123180e+02 1.004520949862538828e+02 1.004654724400561463e+02 1.004966103115586691e+02 1.003923965812024335e+02 1.000718087492015940e+02 1.003136850728210874e+02 1.001409664305713818e+02 1.003731454171023216e+02
9.527043435140133409e-01 6.414211222275753244e+01 8.574493854913373525e+01 9.435381813200466183e+01 9.800752875312971923e+01 9.910455951706255462e+01 1.001469116191724424e+02 1.003214180226811152e+02 1.001411383917520794e+02 1.003579647177641192e+02 1.001522354117967950e+02 1.002981812895469460e+02 1.000597053743220499e+02 1.001362461229825414e+02 1.003652158064121096e+02 1.003114725391786664e+02 1.001181989423477745e+02 1.002942481389046350e+02 1.001560891562913582e+02 1.000352199056509761e+02 1.000706909363540973e+02 1.001791619137519405e+02 1.003040154923667586e+02 1.002854229066338121e+02 1.003307067048110639e+02 1.000267601371996022e+02 1.002738257217555429e+02 1.003082024310368752e+02 1.004601500960211808e+02 1.003576540877337919e+02 1.003347130412313533e+02 1.003605875904420515e+02 1.003697671253612498e+02 1.001729221970153674e+02 1.000511247054549102e+02 1.000504867913660263e+02 1.002413651756608317e+02
6.729967576641545657e-01 3.430362533691351246e+01 6.503642250283063220e+01 8.953594026812602635e+01 9.853412364666679935e+01 1.000404487982595469e+02 1.000711244344663839e+02 1.004028975334733502e+02 1.003837219118387054e+02 1.002404770329818149e+02 1.000518138946866884e+02 1.002273064956108612e+02 1.001895164092207011e+02 1.002969079703396034e+02 1.003330480590550451e+02 1.003922016787376066e+02 1.001442975239426403e+02 1.001358093830812805e+02 1.000136918983819214e+02 1.001168669276655123e+02 1.003077302853166941e+02 1.003760366451412551e+02 1.004309286830316665e+02 1.002839845430263495e+02 1.000442646753661222e+02 1.003840213897728262e+02 1.003777551465359039e+02 1.003583169085553095e+02 1.004439781424943305e+02 1.003250964611781484e+02 1.002029471791765900e+02 1.005336728234169783e+02 1.002955375036704169e+02 1.000672727489742755e+02 1.003241156148319959e+02 1.002281443191666455e+02 1.002690582813930149e+02
6.149197931285226293e-01 6.400215029920505572e+01 8.324654246368386623e+01 9.214208817711300981e+01 9.883114100179400907e+01 1.000184100278233643e+02 1.002194601509882546e+02 1.002866283997306169e+02 1.000444922911579368e+02 1.001245393905820436e+02 1.000450462795039783e+02 1.000494142610562420e+02 1.000779370583730383e+02 1.000359731149670921e+02 1.000856140132110284e+02 1.004415600195220435e+02 1.002412738793303930e+02 1.003519853418294758e+02 1.000123335221930461e+02 1.002458475837152747e+02 1.005195035613262320e+02 1.003442804186671822e+02 1.003800927459272856e+02 1.001019715945560620e+02 1.000191093625705463e+02 1.001950424121952352e+02 1.002313902990768781e+02 1.000962799056686947e+02 1.003747024366138731e+02 1.004046499337450484e+02 1.001381697144821459e+02 1.002702635366122053e+02 1.001460302733425038e+02 1.003232691334301876e+02 1.003830809805858166e+02 1.004863259959594188e+02 1.001703840613712231e+02
5.036282395543789647e-02 2.203734082165043162e+01 7.770876889622752515e+01 9.299220324569212437e+01 9.615097809813698859e+01 9.806133997006293157e+01 9.996322069582329561e+01 1.000350900216843684e+02 1.000282865439596236e+02 1.002250608415127573e+02 1.000435091849256395e+02 1.001386961194872640e+02 1.000733361156888890e+02 1.002062617160471234e+02 1.003644541701152377e+02 1.003721146758309573e+02 1.002733576274967362e+02 1.000604770775179020e+02 1.003524354621652890e+02 1.002778390555043586e+02 1.003152318508022631e+02 1.002226152371314924e+02 1.003465055751272530e+02 1.000832427590255946e+02 1.002157006905174796e+02 1.001335492984590587e+02 1.002227104151186552e+02 1.001961091224943914e+02 1.000767026997516780e+02 1.000845692329484393e+02 1.004135877169978244e+02 1.001897205175836802e+02 1.002513781603219627e+02 1.004015774876018270e+02 1.003248034041478434e+02 1.004378415233338586e+02 1.001256792846709516e+02
2.473071933081959495e-01 6.387107808127725406e+01 5.464001952135532036e+01 7.491672731827506482e+01 8.947400920828820858e+01 9.895618454796561991e+01 9.987232125384178971e+01 1.003244331641737261e+02 1.000272081439318299e+02 1.001994921926937394e+02 1.000435825108912269e+02 1.001661827458512164e+02 1.003155688615652821e+02 1.001842041227108240e+02 1.002198536573756940e+02 1.003827974662284248e+02 1.002490863401178842e+02 1.002909158627715414e+02 1.000901313374272092e+02 1.000348548902505570e+02 1.002981467521490657e+02 1.002551872020443113e+02 1.002647868973213576e+02 1.001895513775942703e+02 1.002934832786425972e+02 1.004091396755946590e+02 1.002328300054227839e+02 1.000803140649101692e+02 1.000727615286813830e+02 1.002321500256329472e+02 1.001404274617274694e+02 1.000376419079422021e+02 1.001836980247358611e+02 1.003001787183570599e+02 1.000456633183407007e+02 1.001917803783413490e+02 1.003234133736268063e+02
7.088201712286245071e-01 6.417121514673166871e+01 8.399563913650462155e+01 9.274349407441538062e+01 9.615284973804904212e+01 9.826791920387910295e+01 9.990082617449471059e+01 1.002815080619036792e+02 1.003453076894071216e+02 1.002874113035013437e+02 1.002081348290975313e+02 1.000484870062883971e+02 1.003573020633386506e+02 1.003475206272097608e+02 1.002965902510816676e+02 1.001710417225464198e+02 1.000729259562411215e+02 1.002517794419401298e+02 1.003340287554822510e+02 1.002375397189492787e+02 1.003293928306733420e+02 1.004671433262454201e+02 1.002044054351612345e+02 1.002721529601717094e+02 1.001954323574452133e+02 1.001939161471592854e+02 1.002148907929746002e+02 1.001055915367222298e+02 1.002599769653408828e+02 1.000543923650641318e+02 1.000288308459110738e+02 1.000832247560263824e+02 1.002335272819176453e+02 1.000363605994263594e+02 1.002427046512589754e+02 1.003212190034377471e+02 1.001524553471398491e+02
5.819734946149275334e-01 2.727253660648977274e+01 7.886442455218437431e+01 9.157553286017437699e+01 9.886115383318465888e+01 9.983657315391161546e+01 9.990548654960032593e+01 1.001709992019626156e+02 1.001767517735093520e+02 1.000214285272710839e+02 1.001850581679447600e+02 1.002845459223712794e+02 1.000644011213614846e+02 1.004004408536004576e+02 1.004205665591420171e+02 1.003757990142265299e+02 1.000840234904710258e+02 1.001525115639909131e+02 1.004926761636601071e+02 1.002701811704608446e+02 1.001871920039445456e+02 1.004025191805407928e+02 1.002815427273356192e+02 1.001120688800172331e+02 1.000525542061744204e+02 1.001636440936118646e+02 1.002154224919204921e+02 1.002149037390243080e+02 1.003870852743787623e+02 1.002829119666061217e+02 1.002490108306716508e+02 1.000634970545557252e+02 1.003865367976463574e+02 1.000703270445779793e+02 1.000405798856990316e+02 1.001591094663491361e+02 1.004621463842657931e+02
6.201706420557316912e-01 6.400367681064739145e+01 6.229990453773944381e+01 9.176998492996416701e+01 9.708490421752641453e+01 9.949861652220536712e+01 1.001638290983809725e+02 1.003689011715005819e+02 1.003954362657680690e+02 1.003724625591152915e+02 1.000836039137440565e+02 1.002551085220490279e+02 1.003409030687773651e+02 1.001122889614832587e+02 1.004375388687047916e+02 1.003854714597706703e+02 1.001303814801229493e+02 1.002261431624547185e+02 1.002484357997760611e+02 1.003829355116835984e+02 1.001825359625451313e+02 1.001726434816170155e+02 1.000797807733037104e+02 1.000632322780139702e+02 1.003990662306829336e+02 1.001167730685638162e+02 1.001092538679258581e+02 1.001052395226565039e+02 1.002738694317616819e+02 1.000497446552914482e+02 1.000887158648218929e+02 1.001634976040464835e+02 1.000177017505885289e+02 1.003197557880696422e+02 1.000511587478248003e+02 1.003294913407432318e+02 1.006045552029957975e+02
9.933278572681448759e-01 5.458649423667443301e+01 8.745770864344342499e+01 8.645709288247958568e+01 9.718147935400573090e+01 1.000228762952105654e+02 1.003265064596466374e+02 1.001656773494496662e+02 1.002506021109396954e+02 1.001582160521932394e+02 1.003429452391335985e+02 1.001669576591159370e+02 1.003150793260996352e+02 1.004474979339053107e+02 1.004787985682406202e+02 1.004817562516699496e+02 1.004012831884207770e+02 1.002151380254266684e+02 1.001100205754122925e+02 1.002904239926266428e+02 1.004620963390109409e+02 1.004492078412081497e+02 1.001707660531609037e+02 1.001505630954815587e+02 1.003755594539067033e+02 1.004094850204451035e+02 1.003188068773650770e+02 1.003377207609194386e+02 1.004717199525513536e+02 1.002426482660733171e+02 1.002004600429230123e+02 1.002207817988149401e+02 1.000062276518705460e+02 1.003039630741782275e+02 1.001063384815038972e+02 1.004142422870755382e+02 1.004426634727786336e+02
1.405461526419654605e-01 6.371175031185924098e+01 8.495142963156946792e+01 9.313792198641118603e+01 9.670630403860594981e+01 1.001211681187108127e+02 1.004628141432351782e+02 1.001471311381495468e+02 1.000261963409190429e+02 1.002708542263766134e+02 1.004848747543670555e+02 1.001263492301350908e+02 1.000279013921943658e+02 1.002036909459162075e+02 1.002876589007240682e+02 1.004841408383576606e+02 1.002085692833422002e+02 1.003235269942761931e+02 1.002772284984098548e+02 1.003202109639458968e+02 1.002779244647160510e+02 1.001077905334540219e+02 1.000851893641070660e+02 1.002438663846580909e+02 1.002394222582979353e+02 1.002908879866585465e+02 1.005158040776302641e+02 1.002830626278741590e+02 1.003543785605233722e+02 1.002080418119752494e+02 1.000916479173386477e+02 1.000912266419902465e+02 1.000292956177080868e+02 1.003692356544222548e+02 1.004415239318014272e+02 1.004227872692599561e+02 1.001534563333880925e+02
4.026185890239118992e-01 2.634402385752410325e+01 5.436950999521006622e+01 7.787962363884318506e+01 9.685793097553128916e+01 9.979312008896008024e+01 1.004808392233578758e+02 1.002912469317377742e+02 1.000202806796593222e+02 1.003405671261949266e+02 1.004205990811148155e+02 1.003097213671044443e+02 1.000805385564658820e+02 1.003396360167342181e+02 1.002768248561943665e+02 1.003197698140485556e+02 1.003491331387076713e+02 1.002412090553468715e+02 1.000409414472194811e+02 1.002411898620068627e+02 1.003702792728046091e+02 1.002531859626110418e+02 1.003263775955719410e+02 1.003180379919829619e+02 1.003246394223065892e+02 1.002714010814172809e+02 1.002929943983661047e+02 1.003184416265324046e+02 1.001272992631588039e+02 1.001042800880556314e+02 1.003395119422901729e+02 1.000961525471806652e+02 1.000820804591998865e+02 1.004334608181427342e+02 1.003665998288536088e+02 1.001167130770443521e+02 1.000821706374718758e+02
7.903750024369222693e-01 6.424214481275969035e+01 8.436787852672048871e+01 9.301406621036234412e+01 9.427728821245894153e+01 9.897175360718173920e+01 1.002980233456446086e+02 1.000543146316481113e+02 1.002248873855281772e+02 1.003767042974849630e+02 1.003635538455307881e+02 1.003003690390619909e+02 1.002753169762118119e+02 1.002736043110048598e+02 1.000975714117140143e+02 1.001093958905702124e+02 1.003848897762193531e+02 1.003388995701289446e+02 1.000175252089456421e+02 1.003382936926744122e+02 1.002143304489529640e+02 1.003805007201117263e+02 1.004787140645182006e+02 1.002957246317012903e+02 1.000634251266424428e+02 1.000343939351557481e+02 1.000154951817104916e+02 1.002039410416603999e+02 1.001075943280663552e+02 1.002354155421432722e+02 1.002857091592616570e+02 1.003839327783422277e+02 1.002141628324109348e+02 1.002755527721260904e+02 1.001634935438388396e+02 1.002625587775031732e+02 1.003187236706222052e+02
1.870836446472545767e-01 3.601724442964754047e+01 6.762080869852870535e+01 8.985468190124785792e+01 9.855103640072353244e+01 9.961843519113367051e+01 1.002211812165905513e+02 1.003199641762752208e+02 1.001453962425777604e+02 1.001995005444760096e+02 1.001883466294910079e+02 1.003351491977965253e+02 1.003394136424880685e+02 1.002992171559548780e+02 1.002563554022217005e+02 1.003625132983465136e+02 1.003580120119088264e+02 1.000334732182368782e+02 1.002886126467248147e+02 1.001132195150279927e+02 1.003906928429011174e+02 1.004197131404003471e+02 1.001984387998126778e+02 1.003075071013459620e+02 1.004020345441993527e+02 1.001375079251411080e+02 1.000731461302027867e+02 1.001572802148696013e+02 1.002871038057472504e+02 1.001498708164090488e+02 1.002920517990319524e+02 1.001688810208924139e+02 1.002235472110006356e+02 1.000777079981832429e+02 1.000997588742607149e+02 1.000220553343385603e+02 1.000225295110915766e+02
2.797522905802692916e-01 6.378659828193782744e+01 8.565555830080644739e+01 9.356641699111573018e+01 9.792305923895776232e+01 9.976046357488857552e+01 1.003396251698722921e+02 1.001010560318723890e+02 1.000616428722422029e+02 1.002321423587483054e+02 1.003748621660608507e+02 1.001367625514703690e+02 1.002247159638794329e+02 1.002428359276290593e+02 1.000204004072658392e+02 1.003475933630920878e+02 1.000582071731039946e+02 1.002097363174070210e+02 1.002700059939193693e+02 1.000837747588425657e+02 1.000805981575787911e+02 1.000877560990896882e+02 1.002133588543239995e+02 1.005064595599758235e+02 1.004374155676676139e+02 1.002594204799050033e+02 1.000330292317788263e+02 1.000398627772818827e+02 1.002248393629658523e+02 1.004124634794160329e+02 1.003835677743556261e+02 1.000325530572763313e+02 1.003079513665745282e+02 1.000696248836648721e+02 1.000389313934921773e+02 1.001431254545672687e+02 1.000552628610075914e+02
