output/example/elevation_average_000033.asc
nrows	75
cellsize	133.333333333
xllcorner	0
ncols	75
yllcorner	0
NODATA_value	-9999
[rows 51 to 67 of 75, columns 37 to 73 of 75]
2.119936132013362737e+02 3.035334823348430859e+02 3.231218227304487414e+02 3.340030592009261454e+02 2.593830486432514135e+02 2.707228794143320556e+02 3.564251776459235543e+02 3.883933341382950744e+02 3.406696428930745810e+02 4.163375195108584990e+02 4.314443468330467795e+02 4.471740275431488385e+02 4.123662893736355954e+02 4.862590454784601661e+02 4.436873415151003996e+02 4.981837114087027203e+02 5.702826227809739521e+02 6.025488099502032355e+02 5.962928072473117709e+02 6.087822738482404930e+02 6.089820696201913961e+02 5.745790437445834868e+02 5.226822082203202626e+02 5.779851291622425151e+02 4.957283796342737219e+02 5.189853272724980116e+02 5.032597003181127775e+02 4.183659407987544796e+02 5.033924453382769002e+02 5.262157693871218953e+02 6.077339333970128337e+02 5.543868065946656998e+02 4.708547000647780578e+02 5.268332004284699224e+02 4.698310322043986389e+02 5.533635993557077200e+02 5.821214623153878165e+02
3.033895781099971032e+02 2.484618344367214320e+02 3.388192203786422283e+02 3.848531240649323877e+02 3.239414021266640589e+02 3.601174892335962454e+02 2.875817471460563866e+02 3.000022936744205708e+02 3.143570919934037988e+02 3.290925238671238731e+02 3.447581122611040882e+02 3.610672834098137400e+02 3.810088939878782526e+02 4.022044067906601867e+02 4.871692314841070015e+02 5.563621937469009708e+02 5.654544335889862623e+02 5.407320286276064962e+02 5.218293649311431182e+02 5.286961261832919945e+02 5.836557563762750078e+02 6.348181022648980161e+02 6.044547635776477819e+02 6.109725133234179566e+02 5.784616431341140697e+02 5.457333384863687797e+02 4.618764405884430175e+02 5.037490886533656180e+02 4.420109182798613574e+02 5.265569591787797208e+02 5.854564818591402400e+02 5.740992069964181610e+02 4.921516639313240944e+02 5.738453867566846611e+02 5.533690791334153118e+02 4.996558840493995604e+02 5.821307636250883206e+02
3.741509197108461535e+02 3.388251968203841216e+02 2.912787167372987938e+02 3.799337611685930938e+02 4.117739720050632855e+02 4.117473497741004849e+02 3.398567120378552886e+02 3.495945701261381373e+02 4.001710815287050309e+02 3.806190939027756031e+02 4.294210221021015741e+02 4.119113336012413242e+02 4.635174158264504740e+02 4.705446170892316218e+02 4.891534433494339851e+02 5.037213761952389746e+02 5.068833394245594377e+02 4.855228104229109363e+02 4.609231411496660371e+02 4.664309351222264581e+02 5.458992059253000662e+02 6.002893335122857934e+02 6.062144475618741808e+02 6.393827384965940155e+02 6.035436845102278767e+02 5.218193051416122898e+02 5.218094365741112597e+02 5.598169944278722596e+02 5.024307479785535975e+02 4.690760502291277589e+02 5.525928651132921914e+02 6.074545469155370938e+02 5.749358906828830413e+02 5.274590260143527303e+02 6.072406551487397337e+02 5.821572676843485397e+02 5.352158553319442262e+02
4.126459995759025787e+02 4.152464021916752586e+02 3.438600928893110336e+02 3.613119233247648481e+02 4.477641392077027831e+02 4.615332546928031547e+02 4.271556377299198175e+02 4.301438806587154318e+02 4.704355045854360924e+02 4.662843677758780814e+02 5.002788918264085964e+02 4.964478511818782636e+02 5.299842352369169021e+02 5.484235478886437249e+02 5.031310663069425573e+02 4.733197583625305356e+02 4.876274420834187140e+02 4.230339986386656506e+02 4.085800252032633466e+02 4.849997631159395155e+02 5.385106915344904337e+02 5.218122178877821398e+02 5.250905281912760074e+02 6.057849018869608244e+02 6.355973146305865384e+02 6.035538735345351142e+02 6.035222338734579353e+02 6.171752933608491958e+02 5.522167011794027758e+02 5.002377734921523142e+02 5.116789850245116327e+02 5.936214978224359129e+02 6.339573729393360964e+02 5.549334140310296561e+02 6.339239161850186974e+02 6.482797945810256124e+02 5.816283538870816301e+02
4.507065585875946567e+02 4.649589196525443526e+02 4.309954295797931536e+02 4.477684280558036107e+02 4.494351949925884355e+02 4.480172264612161257e+02 4.823203817572743901e+02 4.647276989106412657e+02 4.326702560636592807e+02 4.498361005487149669e+02 4.840768936227553922e+02 4.965104638087311173e+02 5.300852701632915114e+02 5.001715850051845678e+02 4.633453175851226433e+02 4.113753261755413178e+02 4.502773395514855679e+02 3.662213244707860440e+02 4.368633649157295054e+02 4.588697017451793840e+02 4.651827115776837900e+02 4.611753055138705122e+02 5.381774612225008241e+02 5.741927877553835060e+02 5.883993540974490770e+02 6.027875793002897353e+02 6.377668891893317777e+02 6.643006245335561744e+02 6.129592589615087945e+02 5.342482469001830623e+02 5.936003027404962040e+02 5.650014811363687386e+02 6.447987263539968126e+02 6.217998974351827428e+02 6.077903746494080224e+02 6.852643323296139215e+02 6.384443819719353996e+02
4.552995527579345207e+02 4.398630845853227811e+02 4.079694918262730425e+02 4.008632219596410096e+02 3.691071481700889763e+02 3.611000637235318322e+02 4.477439885452683370e+02 4.140037655839930153e+02 3.449693003295558356e+02 3.628340910742347774e+02 4.344728446360913949e+02 4.112326394667853151e+02 4.958438414926212658e+02 4.620770736043625675e+02 3.791688561799020931e+02 3.523088975257442144e+02 4.087966984144792946e+02 3.421520863585087113e+02 3.615451048467519399e+02 3.838887758204790543e+02 4.110884609723080985e+02 4.843632470481683185e+02 5.429340174602878051e+02 4.915061115478569604e+02 5.061540605678823681e+02 5.236844572290115138e+02 5.923157567340070955e+02 6.279592745830154854e+02 6.472449198912219117e+02 5.895006659330557568e+02 6.465101155816033724e+02 6.447910238876539779e+02 6.558958679408962098e+02 6.929398451652798485e+02 6.798068938088555342e+02 7.011765525892550386e+02 7.157321616761795440e+02
4.119974879744286795e+02 3.921750100042153235e+02 3.286999669284971901e+02 3.126078818997391409e+02 2.977792614596335170e+02 3.868964432119440744e+02 3.849862984195215176e+02 3.492969561276059380e+02 2.893083921436473815e+02 3.175766643155040470e+02 3.492779208602199787e+02 4.367165385276449001e+02 4.594684543762608087e+02 4.144711132349635250e+02 3.714331519587925072e+02 3.074801975714545392e+02 3.214821774004346935e+02 4.054954619407466225e+02 4.150129258164059820e+02 4.696564049103007505e+02 4.953708853286329941e+02 5.197914203082671065e+02 4.865877503471655245e+02 4.284282905136529962e+02 4.509124579720805741e+02 4.797284449064126193e+02 5.134195325085659078e+02 5.722259045382828617e+02 6.523124361838318919e+02 6.685098955180799294e+02 6.541233206690234283e+02 6.241903224176867298e+02 6.550836055322249649e+02 6.868135643653689613e+02 6.676229421661180368e+02 6.939228639092667663e+02 7.293556012485307747e+02
3.746911902368692608e+02 3.345863532618461704e+02 2.698766021880694552e+02 2.512220862800432144e+02 3.418537231646935197e+02 3.589324240717225507e+02 3.229446008317747783e+02 2.588495561263879949e+02 3.493139485178378436e+02 4.050514502042627214e+02 4.350952657815593625e+02 4.486707005303834990e+02 3.976274335811077663e+02 3.367094420978107223e+02 2.893409138013562938e+02 3.790840373220826223e+02 4.096784161338420631e+02 4.452001303020201703e+02 4.978080181028452671e+02 5.340852018833231796e+02 4.962012356848351828e+02 4.619770748221259851e+02 4.004867839060822803e+02 4.736086260135118096e+02 5.249326391672045702e+02 5.611539848867356568e+02 5.923374485915552441e+02 6.279638869433315449e+02 6.262994094786319010e+02 6.172327926956472766e+02 6.111867543313271653e+02 5.425893711545830911e+02 6.111859681406481286e+02 6.492658500891809581e+02 5.902912352097472422e+02 6.287780868300962993e+02 6.878478421233637619e+02
3.162848014180568157e+02 2.504935118808094501e+02 2.138373568848262209e+02 2.889163000693218919e+02 2.935992272619299115e+02 2.981803741972951229e+02 2.315838009951550589e+02 3.229668210043876115e+02 3.850233084980393983e+02 3.715141985125960105e+02 4.070100389760848429e+02 3.812570327858861674e+02 3.281193775866703390e+02 2.717239674644075080e+02 3.620354942041940376e+02 4.144791259973162028e+02 4.771924776094405161e+02 4.824267093822477932e+02 4.574312120865193947e+02 4.740952779998266919e+02 4.398700426424109651e+02 3.749935629346186374e+02 4.287054814260809508e+02 5.119149746386093511e+02 5.734353058920855801e+02 5.708567545074740792e+02 5.897590268011755370e+02 5.882459368438589991e+02 5.450672561552975139e+02 5.355931504937018417e+02 5.357425997407272007e+02 4.953586931975407310e+02 5.737672146490619980e+02 5.826892793054515778e+02 5.370273629225024479e+02 5.755744163086654908e+02 6.252707938990567982e+02
2.606738204399546248e+02 1.869542779496545108e+02 1.918014983237417539e+02 1.966715647441761234e+02 2.014360034816232314e+02 2.061508141919987906e+02 2.983591684404131001e+02 3.097434369937851102e+02 3.136684885742065489e+02 2.817191377179433402e+02 3.239091264365566758e+02 3.289986344740365780e+02 2.546366269772062481e+02 3.454562584889500272e+02 3.976570806135341059e+02 3.988660766815673355e+02 3.913084700631566761e+02 4.330502398014004939e+02 3.716153571229432941e+02 4.182509398658099258e+02 3.521553964166070045e+02 4.398832074096419547e+02 4.962535966484136338e+02 5.474788011701497226e+02 5.571911246622993303e+02 4.947404656766393600e+02 5.362344976000454153e+02 5.060206969242964306e+02 4.854659152688665813e+02 5.018119183806619503e+02 4.510633469101712762e+02 5.357436966779417844e+02 5.523844691306466075e+02 4.994810184567845681e+02 5.588940127960560176e+02 6.399353157872226348e+02 6.620301109000146198e+02
1.802608623793725542e+02 2.731134552246845715e+02 2.841995602146823785e+02 2.635361209365758555e+02 2.713826537787452367e+02 2.982060156689602763e+02 2.130182572458455184e+02 2.180325590164012226e+02 2.229871124796266599e+02 2.279295000784493084e+02 2.329047592432751514e+02 2.378178545113217410e+02 3.291555840787186185e+02 3.415043150805510663e+02 3.466465148763464299e+02 3.099662097300720234e+02 3.988541544996317612e+02 3.860183890036166758e+02 3.161003944888051365e+02 3.306537853556511664e+02 4.191352328293328355e+02 4.744858883082218881e+02 5.012128803683694400e+02 5.269442227656656996e+02 5.101736775254216241e+02 4.390193797512216065e+02 4.815228195725816249e+02 4.503069571011150174e+02 4.731749845191843633e+02 4.159193155206596089e+02 5.017472429437368078e+02 5.249822274592876283e+02 4.681904181716842572e+02 5.524088864087703996e+02 6.153931979214590910e+02 6.129815129130275864e+02 5.867225019525791367e+02
2.660039553829914212e+02 2.273689859716449462e+02 3.050925875457858751e+02 3.512711709230230781e+02 3.592408302491654695e+02 3.218002684520034791e+02 2.311953482824363846e+02 3.095826199245327643e+02 3.140199189541492615e+02 2.735747177408153448e+02 3.241194572902607547e+02 3.290430231554850593e+02 2.453380017968992490e+02 2.506707325386852574e+02 2.559761760691517054e+02 3.467998225454135763e+02 3.665083445386016479e+02 2.964477737835587732e+02 3.860079649239308424e+02 4.185181079691720925e+02 4.539812918788387037e+02 4.408441818081611814e+02 4.155463395974858258e+02 4.947605337113716359e+02 4.705139774893417552e+02 3.940091512031551702e+02 4.301158371991848526e+02 4.598153788110626010e+02 3.863006988054524413e+02 4.731607997500406668e+02 4.986800679670057548e+02 4.398449700895993715e+02 5.249712491618759032e+02 5.854799398465340801e+02 5.750298537127590635e+02 5.311097493334291357e+02 5.957046149796314012e+02
3.034456460972524496e+02 3.185089979699862965e+02 2.916353199106532657e+02 3.723098928039858038e+02 3.872789002903490427e+02 3.014889384285149845e+02 3.226402468149536276e+02 2.601326802113534313e+02 3.506669414806435725e+02 3.633428932721938054e+02 3.729826167864948161e+02 3.687132275171670130e+02 2.930887778739829059e+02 3.120925482239713915e+02 3.466511851286352339e+02 2.635286493096479035e+02 2.771542444942948009e+02 3.673473345173860594e+02 4.213658751013446135e+02 3.897729318199952218e+02 3.961383957416064732e+02 3.532923863928153878e+02 4.040503091666960813e+02 4.207678743650748743e+02 4.300107243440839966e+02 3.543958821385661508e+02 3.635255600663721225e+02 3.727974209853800289e+02 4.599494961567206701e+02 4.018777454677951368e+02 4.129899130960201887e+02 4.989864621745761042e+02 5.322006347903432015e+02 5.477097874092174834e+02 4.917250520185019695e+02 5.750353433482529226e+02 6.451047267507215111e+02
2.874854537713908940e+02 3.531798922465406463e+02 3.807304037155749370e+02 4.080269029397203440e+02 4.211444623526385271e+02 3.907658314283779077e+02 3.329798887132506024e+02 3.506574194591764808e+02 2.941605986408049489e+02 3.836013648073169406e+02 4.137871380692257617e+02 3.428152914415973100e+02 3.826553492292080136e+02 4.009196425188180228e+02 3.512582335381747498e+02 3.541237192624265617e+02 2.716268358241223950e+02 3.620211387595837778e+02 3.777111572928166652e+02 3.002140019734241037e+02 3.085365608900282837e+02 3.168106350318576006e+02 3.252296534717403915e+02 3.336471644789667153e+02 3.420835892838295536e+02 4.303415963538801066e+02 4.407097165754995558e+02 4.393518980536509275e+02 4.457277433680251306e+02 4.881711149573175135e+02 4.986739954281145515e+02 4.330074500370272403e+02 4.479863457695301463e+02 4.639775416166930881e+02 5.482510130120738268e+02 5.369984888378787673e+02 5.786053493916377874e+02
2.257669748434757366e+02 3.171100823341593582e+02 3.857488307995964192e+02 4.255411682418625219e+02 4.748681618748499318e+02 4.557667916630957734e+02 4.159743212621311841e+02 4.188582914404985900e+02 3.578472479320579964e+02 3.363082028020305074e+02 4.242932047310180224e+02 4.309321904231786675e+02 4.282175522961012462e+02 4.733389286415721244e+02 4.074715673944194805e+02 3.200874130254148326e+02 3.620029583213973865e+02 2.797180728127111138e+02 2.883272585407773363e+02 3.782162013812161945e+02 3.974351500139080713e+02 4.054960954484861304e+02 3.917644203533957352e+02 3.857901655851126748e+02 4.298483692107527645e+02 3.906890792970201005e+02 4.773365814922702270e+02 5.194219122003287339e+02 5.303246841118095745e+02 5.638779748586725873e+02 5.518773456208597281e+02 4.956023201840598063e+02 4.979102986290951662e+02 5.471025234295505015e+02 5.117517768969131566e+02 5.708956898377346079e+02 6.186793102722780304e+02
3.171089608018614285e+02 2.610061830765119453e+02 3.015266187281413863e+02 3.578050172309672234e+02 4.446973038502121653e+02 4.932359997728226517e+02 4.843356108617122686e+02 4.755290217874996301e+02 4.411730494024266136e+02 4.057631216976640189e+02 3.912727177378998249e+02 4.773148391065594183e+02 5.133362219029893367e+02 4.649345727693236654e+02 3.806720208756654529e+02 4.059034882102128563e+02 3.481905481766987123e+02 3.688433469655145132e+02 2.904945201926967115e+02 3.802523214032651140e+02 4.217248047240778988e+02 4.702217380787465117e+02 4.774037595211567009e+02 4.723620777303623299e+02 5.067341306128558927e+02 4.583566050824791773e+02 4.614411720868155840e+02 5.456314305802200124e+02 5.909413590367665847e+02 6.077404583132534981e+02 6.045211728144646486e+02 5.766711168314523093e+02 5.804708732386407064e+02 6.135800763072400059e+02 5.690925017280063685e+02 6.269838065696546892e+02 6.830923340435106184e+02
3.867950110261089094e+02 3.140370600101452965e+02 3.325773969780283892e+02 4.168792393057135541e+02 4.611981280049744214e+02 4.091868008671569896e+02 4.093144200345172976e+02 4.863500984517208394e+02 5.135809102126246444e+02 4.905129232183894032e+02 4.773473434285021995e+02 4.772905125459915894e+02 5.603525205323667251e+02 5.019646707585341119e+02 4.449573742584100842e+02 4.708675638095311911e+02 4.198198356375531262e+02 3.554857204349992799e+02 3.802732720619490010e+02 3.012722141896488210e+02 3.907422085081267937e+02 3.841702249719501765e+02 4.708309481282030333e+02 5.243841017098786779e+02 5.400013664249346448e+02 5.414987774556939257e+02 5.456265700070838420e+02 5.638964558695588494e+02 5.090740876080761268e+02 5.262298255951915280e+02 5.513792387612879793e+02 5.446507472914614709e+02 6.140591223857700243e+02 6.596738670958409330e+02 6.459337456128854456e+02 6.728810035433122039e+02 6.863284763911102573e+02
