output/example/elevation_000041.asc
nrows	50
cellsize	20.0
xllcorner	0
ncols	50
yllcorner	0
NODATA_value	-9999
[rows 0 to 16 of 50, columns 0 to 36 of 50]
2.590084917154735766e-01 1.017279917085251206e+01 1.493592585115366767e+01 1.461054271623470058e+01 1.875316465764342411e+01 2.107693711373788048e+01 1.108261928820255626e+01 8.810830107997261962e+00 1.423112991465167454e+01 2.256368530738717482e+01 2.351137663285443935e+01 3.351313285776834761e+01 3.822146452385947413e+01 2.822118603926146818e+01 2.134979078168282385e+01 1.589500521106777420e+01 1.424922909969140861e+01 1.978195779928176989e+01 2.055344118068006765e+01 1.087205608470818241e+01 8.721700443770560085e+00 8.753967018674543965e+00 1.593206342818078802e+01 2.303977778485515060e+01 2.759595987813803220e+01 2.904273606046523781e+01 2.985131616986658543e+01 2.612750727868954570e+01 2.718037922231117776e+01 3.701293968821635616e+01 3.282410331956891980e+01 3.843741286186106265e+01 4.231869651849890346e+01 3.126766773068582950e+01 2.137453393406905633e+01 1.609840766272373358e+01 1.607447178179406677e+01
6.054987779269863646e-01 1.060549877792695028e+01 1.461054271623469880e+01 -1.043002648078714714e+02 1.460816370699997968e+01 1.764054918975950059e+01 7.774602523242117869e+00 7.864953096730242343e+00 1.014063978612140460e+01 1.353591631758282787e+01 2.330831467351794473e+01 3.037981052235615564e+01 3.614060961491922086e+01 3.229318028240022898e+01 2.241491343463696495e+01 1.913892282579407222e+01 2.078597911962514289e+01 2.815741755841807503e+01 2.467056886031949858e+01 1.620649315229239562e+01 9.553279697410150817e+00 8.151233941060928245e+00 1.596579216911303689e+01 2.216585152082629406e+01 2.786451066554716149e+01 3.181606116714576160e+01 3.657191281645796721e+01 3.591537361629555392e+01 3.701293968819818758e+01 4.109344497335515456e+01 4.267763344009933490e+01 3.854674933239840584e+01 3.422800318682624265e+01 3.307092070917509119e+01 2.712476661787661314e+01 1.700726281494645420e+01 1.345311927010726727e+01
3.430590528629120506e-01 1.034305905286287697e+01 1.192728782709563795e+01 6.529672220498893509e+00 4.587089077632152012e+00 8.539676219605587093e+00 6.183493112513005485e+00 9.711034864527929855e+00 1.618161029295083964e+01 1.313534102711609286e+01 1.626660914818875980e+01 2.202959163039398760e+01 3.200106011715129739e+01 3.648108645948255457e+01 2.713084978597166952e+01 2.589164745273937740e+01 3.060909226769037517e+01 3.023226711696798930e+01 2.580767045307013063e+01 1.851262003966806091e+01 1.167512332135373043e+01 7.575541966022811380e+00 6.929985752678789801e+00 1.725986882328584571e+01 1.741591736456011930e+01 2.239262103465391007e+01 2.967569131497844026e+01 3.377977243267628182e+01 3.900565914322734784e+01 4.149271011005953369e+01 3.713913635918113698e+01 3.422800318682624265e+01 2.389309182323176373e+01 2.272272133739879862e+01 2.733403628947447572e+01 2.348158183762327411e+01 1.407649981058307453e+01
8.235039275605838816e-01 9.079611907503728929e+00 2.348406240274356627e+00 3.132023089379283753e+00 6.520682504790069167e+00 -1.582221056442093641e+02 5.289779629361249569e+00 1.504904031904922412e+01 2.381851334376922935e+01 2.020550105661486384e+01 1.812620472209452416e+01 2.386360698833803085e+01 3.385201946652129124e+01 4.130582274174671653e+01 3.709772097034909422e+01 3.582334409842574274e+01 3.314518862304760205e+01 2.299104393051209883e+01 1.612178321824784533e+01 1.639003121586243594e+01 1.223130184308759283e+01 3.621989941056464879e+00 8.970514277049623786e+00 9.317571483777028263e+00 1.110185337624605140e+01 1.521924737908612357e+01 2.066570749614456659e+01 2.620300605884312972e+01 3.514366408922730756e+01 3.553239283380943903e+01 2.689297408642599052e+01 3.007735159915229417e+01 2.517598592126534740e+01 1.656553356992358772e+01 1.700128491747407011e+01 2.253865811765771099e+01 1.880257890404169885e+01
7.161369641965544819e-01 1.661048146719622087e+00 1.906109459182852461e+00 2.397530183523851388e+00 1.195899912545679555e+01 1.402147641760899255e+01 7.035123599269791583e+00 1.110337296506066984e+01 2.088522986480076327e+01 2.544247071838745455e+01 2.787473833133264023e+01 3.222766453601528269e+01 3.799831204421199971e+01 3.510336786587975411e+01 3.306600089339205795e+01 3.388029682458849123e+01 3.155827546510938930e+01 2.146167011439650096e+01 1.462965192807248016e+01 1.028839615892497861e+01 8.457018360800770296e+00 7.479666767851655074e+00 7.089604896244330767e+00 1.257261909500879860e+01 1.170838964485227685e+01 1.516950238054196731e+01 1.921800956238774916e+01 2.602148532858546659e+01 3.500710615387389169e+01 3.103078529435609312e+01 2.100705855209412931e+01 1.985261680008975560e+01 2.616054783891310009e+01 1.930382857811183328e+01 1.161330973933849542e+01 1.416793638768575825e+01 6.360311664089957517e+00
6.490390650280113416e-01 9.849918714983143531e+00 1.191570623031969944e+01 7.678992119930081017e+00 1.655614003933440870e+01 1.909845807645498894e+01 9.997855824481934661e+00 9.337927455563512780e+00 1.154655470016055574e+01 1.654087081016118077e+01 2.361664346570025685e+01 3.363262349098757653e+01 3.510386898309152315e+01 2.502945872267301297e+01 2.301461894672242536e+01 2.381286378545029336e+01 3.096603066230221657e+01 2.763695584564530705e+01 1.774003812002239755e+01 1.050438170170449048e+01 5.697015560780318566e+00 6.210831819263507469e+00 1.171600358116257290e+01 1.403837863050916468e+01 1.670681419929606903e+01 2.474960408561747727e+01 2.750347584056304129e+01 2.864975383176758328e+01 3.763186147310044305e+01 3.101811378752433868e+01 2.076422908666265599e+01 1.522979142530301111e+01 1.608841304694115593e+01 2.198669970639835469e+01 1.438329643770156885e+01 7.714387985384250079e+00 7.911940583285043793e+00
9.330058981412470143e-01 8.004073710006696984e+00 1.800407371000662593e+01 1.773706886004464778e+01 2.187887299118848716e+01 2.004825872012574095e+01 1.988315005237065947e+01 1.158545802810114900e+01 1.271066978429015748e+01 1.697150204072872270e+01 2.274448651765918683e+01 3.274035614584173004e+01 3.238607451939355286e+01 2.234121134743863379e+01 1.685245803336677639e+01 1.672760559462059859e+01 2.423895188401090550e+01 2.497626738337745067e+01 1.916713315430568088e+01 9.609230175199757085e+00 5.590606168337875381e+00 7.060623777416893176e+00 1.344582198580349619e+01 2.196447924817692154e+01 2.497955686214521265e+01 2.479421620424478689e+01 2.918424153062781201e+01 3.424710912775631755e+01 3.952452438677905633e+01 2.830541130673980632e+01 1.991882831974142576e+01 1.478939995105569238e+01 1.197292966966706373e+01 1.243473435564327367e+01 1.369698159985595431e+01 8.471434666634094057e+00 7.553070625353922374e+00
5.188205228764638521e-01 8.296057663678958249e+00 1.547103297215095985e+01 2.119880827409504320e+01 2.591165084693992426e+01 3.007229566847497537e+01 2.570960065736211320e+01 1.659533535555684125e+01 1.700211263008006313e+01 2.229064110270300247e+01 3.111080618443092050e+01 3.688335646375967514e+01 2.756665932036824529e+01 2.048159190027617882e+01 1.543836013005542007e+01 1.270166025552580891e+01 1.429440621801599498e+01 2.080264291660700948e+01 1.077860350764131248e+01 -6.990713926092131203e+01 5.432494429134925973e+00 8.252977869556046286e+00 1.565440016524201994e+01 1.929772769482315198e+01 2.336352307798443562e+01 2.250446205733928906e+01 2.089028398964524058e+01 3.134098701323147296e+01 4.211452313827806648e+01 3.497371537767247673e+01 2.910072226253864969e+01 2.192276371107357136e+01 1.246889256814593061e+01 9.375120656961728471e+00 9.047042963741517951e+00 -1.044957417109896802e+01 1.422733854920329399e+01
7.467319160170617920e-01 3.761845361794700526e+00 7.297379267727443164e+00 1.176951522272703698e+01 1.884058303459255868e+01 2.884058303459288908e+01 3.070468789074109139e+01 2.655676776073375223e+01 2.277206856188369244e+01 3.116395447798827689e+01 3.647957847841516354e+01 4.190306431359730510e+01 3.473645420327699185e+01 2.581663042581491752e+01 1.582593519540189320e+01 1.123748681035603347e+01 9.194301087707037468e+00 1.227397935584228073e+01 1.720190012614177277e+01 1.314062282868966847e+01 4.829281057008878442e+00 1.305386748353407889e+01 1.475488980123869887e+01 9.170092752000604364e+00 1.754253283720818146e+01 8.684675474573571918e+00 2.072834648446882966e+01 2.903494884319213298e+01 3.362088057957761578e+01 2.896547933352158211e+01 3.364385777299943925e+01 2.642090772212084815e+01 2.063671379743570711e+01 1.506067741256594417e+01 7.391396113044261362e+00 6.874825133211525774e+00 1.498179225295589845e+01
7.351574092455022136e-01 8.517289682591625777e+00 1.537215306862967701e+01 2.122022150835782028e+01 2.591165084681550113e+01 2.906082938471127264e+01 3.093257353308073831e+01 3.507297102306136338e+01 3.279984938785150206e+01 3.697167370098964057e+01 3.631771333163521120e+01 4.043573245464855148e+01 3.282013666217881820e+01 2.276750763944346190e+01 1.699156612136984990e+01 1.693460456326317143e+01 8.972866381673901159e+00 6.869672163932111886e+00 7.127942686258178284e+00 -4.068927116075995798e+01 4.598870771851599315e+00 4.261723703638384819e+00 4.645077809089830367e+00 1.067413738153498048e+00 9.059991390736097827e+00 -8.454102287158449247e-01 1.091540422279686773e+01 2.445034446804953276e+01 2.761723019955060465e+01 1.719404950264932452e+01 2.428232754336283961e+01 2.402373245650166567e+01 1.365185916173089886e+01 -7.733647391925886794e+00 7.713179899362612169e+00 6.339390813009743830e+00 5.780869040777749213e+00
5.269872374626074496e-01 7.598055049328070076e+00 1.759805504932799991e+01 2.687183409740298146e+01 2.392332673586730962e+01 1.904938783143308711e+01 2.094396103167071033e+01 3.093257353308072766e+01 3.542904953317246708e+01 3.129278323077153345e+01 2.633037015861671648e+01 3.468397244865512619e+01 3.705322146459626964e+01 3.122108664211400608e+01 2.676833635387230359e+01 2.311590437325255465e+01 1.893578185392320279e+01 1.315972450096227853e+01 6.545745052150510723e+00 9.363672714670698838e+00 1.277694612816484465e+01 5.197895120360238153e+00 3.681379422550342451e+00 3.392181980128024854e+00 3.254838027102122666e+00 3.045095731461330946e+00 1.525385528540205549e+01 2.286070526533045566e+01 2.050987138691811751e+01 1.156956707198457579e+01 1.234067696105594969e+01 2.178924670538674846e+01 2.104945524013112035e+01 1.654043887924886391e+01 1.522114909491756052e+01 2.235639889638004085e+00 -3.677350434857619810e+00
1.383962708379395945e-01 7.209464082703425980e+00 1.720946408270354766e+01 1.689065228667125851e+01 1.391308481861023338e+01 1.386936365964628770e+01 1.865619503944726887e+01 2.863589790929448498e+01 3.046656180245580359e+01 2.131278609644122213e+01 2.056782300154634768e+01 2.996588109642535969e+01 3.382129262739847064e+01 2.976936343317586520e+01 2.867574705475531260e+01 2.866195149925296093e+01 2.712924043971553090e+01 2.071131638319692314e+01 1.628076284136048457e+01 7.414810696235109688e+00 1.758535397867575512e+01 1.478089023168392480e+01 9.553288526955659776e+00 -1.401992532636934996e+01 6.725424162520353022e+00 -5.257407512615250766e+01 8.788904241977734344e+00 1.830441390000493129e+01 1.790901524811799561e+01 7.162746529971427911e+00 6.000279499145630524e+00 1.638387301555420095e+01 2.045718170443926809e+01 2.169680853883444627e+01 1.992584602683264094e+01 1.486651241773586563e+01 1.136502554297567436e+01
6.756183529128325649e-01 1.067561835291279770e+01 1.702345016733856298e+01 9.842796983075240647e+00 9.393373752387168096e+00 1.360800982938751069e+01 2.358418872171216663e+01 3.277780768852441184e+01 2.616079033008695376e+01 1.633964484896591429e+01 1.609961711644843518e+01 2.583301512171998837e+01 2.976936358443629516e+01 1.998089688247890905e+01 1.886447593298755976e+01 1.889651923053071059e+01 2.580184351339381621e+01 2.360532275358466947e+01 2.190428043811746051e+01 1.762745779370053256e+01 2.202421264555461278e+01 2.318454685908545088e+01 1.749714325772539780e+01 1.165081744289563126e+01 7.675685122570554242e+00 3.008542473125695782e+00 2.920245195111729863e+00 1.568151046111088043e+01 1.957779977234871893e+01 8.440618305687019429e+00 -4.070826364215241711e+01 1.271738201710187788e+01 9.676702992979210549e+00 1.038374564112632470e+01 1.533040261299436935e+01 1.487135837080341361e+01 -7.657797911279759262e+01
1.053743069371424479e-01 1.010537430693710625e+01 7.174483017785330041e+00 5.938306575374954654e+00 1.058839627769713232e+01 2.060635673729163031e+01 2.772217992820258559e+01 3.180225190702372373e+01 2.823200418400079670e+01 1.820959033183198628e+01 1.334966783723497841e+01 2.003932588703435513e+01 2.441677196458423893e+01 2.118856705216601810e+01 1.297051749496115391e+01 1.187892749161058425e+01 1.820534980628226407e+01 1.338133851225160065e+01 2.065066195825845341e+01 2.209536674781758236e+01 2.623587776160175977e+01 2.354476217504050695e+01 1.932282897929888676e+01 1.809859384243356217e+01 1.076516956417282245e+01 -7.351774685761108685e+01 -8.957552396871510325e+01 1.205727640387281241e+01 1.649178071092752518e+01 1.169233885229587067e+01 3.144703933191447920e+00 3.449693764201245294e+00 3.715262418291201296e+00 3.722652303426853937e+00 4.704886699568380237e+00 1.121312921523038142e+01 5.323989083195039385e+00
4.388850927889174081e-01 5.953828637565396598e+00 2.982309843620451595e+00 7.273446565424730892e+00 1.725629501582471192e+01 2.024101021983215887e+01 2.175395326367503301e+01 2.175395326367503301e+01 2.776850592456653644e+01 1.779796614034460944e+01 1.097661260541068806e+01 1.029941960363883169e+01 2.027244528000872137e+01 2.262611064710549158e+01 1.275994590797824912e+01 8.067711092944881202e+00 8.635060238212542316e+00 6.239302387371017389e+00 1.623196039003051538e+01 1.208602039445274912e+01 2.045913749478418708e+01 1.933733892539291688e+01 9.211816287065303754e+00 9.002455075646249583e+00 1.230542441212393534e+01 -1.244198910475301574e+02 2.953250776034787251e+00 9.403118655408013282e+00 1.309895901908081228e+01 -2.880625351779721086e+02 -1.382595254418572450e+00 4.246167898194854295e+00 3.897659243789605821e+00 4.026138401941627087e+00 4.446043663186265427e+00 4.782875757450108622e+00 4.965135735221175572e+00
8.953435393330821945e-01 -5.265195166976949226e-01 5.896353961883271211e+00 9.504433730042297412e+00 1.172996300721770879e+01 1.010535555145825981e+01 1.163912902518348247e+01 2.080185376892170979e+01 2.832973145706849749e+01 1.835162755520594047e+01 1.127003402630613671e+01 8.233260454656576854e+00 1.538203133783865617e+01 1.982380546165300927e+01 1.887275118335138302e+01 9.117329961243820335e+00 4.402549185669028198e+00 7.053554326516578321e+00 1.386458327811192426e+01 6.289317123154148703e+00 1.573323727176896725e+01 1.819078572870495947e+01 7.991775841236149702e+00 -3.750306916478681956e+02 2.657097356219281892e+00 7.929361342507625032e+00 3.040788258611150763e+00 3.507996815241405386e+00 1.291651104707268871e+01 -2.211256053259972418e+02 1.014969706847483266e+01 3.358274733463900041e+00 1.386651520730811882e+01 1.286326844614144704e+01 4.788020298757691862e+00 4.302574915474695061e+00 1.296842108851133979e+01
1.994484013391750743e-02 2.467233685010074007e-01 -6.195298940684523359e+02 -2.343735604306820051e+02 2.131861507364606112e+00 5.203328381002378045e+00 1.114956344548257405e+01 2.126672110055899267e+01 2.896723078380721361e+01 1.897320742231332247e+01 1.190879739242000568e+01 6.420349450152904147e+00 5.660057529890423211e+00 1.568181337186687685e+01 1.914809005872629299e+01 7.904036216148878857e+00 7.065698781567960829e+00 -9.502677031377296544e+02 9.990329852733410121e+00 -2.090518893174703408e+00 8.754608779527302431e+00 1.875621063746067918e+01 1.211491490427448348e+01 -2.416400261957857936e+02 1.563060119379090285e+00 9.200688188806841694e+00 8.634906992208772891e+00 3.143243704638037261e+00 3.162484171242378572e+00 1.249096921481073430e+01 1.059794196590541127e+01 1.893218392319134580e+01 1.469335324146514665e+01 -8.160230173057517788e+01 9.050139574197160641e+00 1.449820269128402117e+01 1.901229310137038908e+01
