output/example/elevation_000451.asc
nrows	75
cellsize	13.33333333
xllcorner	0
ncols	75
yllcorner	0
NODATA_value	-9999
[rows 17 to 33 of 75, columns 0 to 36 of 75]
1.309999999999999880e-02 1.001309999999996236e+01 1.028163122208201585e+01 1.025837546639417930e+01 4.753969756655376244e+00 1.109684528389536595e+01 1.042695324316633609e+01 9.415824029436838938e-01 9.415824029436838938e-01 1.216722529082537418e+00 1.216722529082537418e+00 1.497345704534180033e+00 9.220243681245447576e+00 1.905959125765958495e+00 2.649570311670214284e+00 5.618368556798459146e+00 1.053917696879258870e+01 8.906467866236969400e+00 1.311096267765529788e+01 4.112355207128978840e+00 1.288585258258644828e+01 1.360507627070686176e+01 2.221912130287100240e+01 2.496207258516897909e+01 2.478758470325299612e+01 2.871940384303417559e+01 3.617541034597085314e+01 2.939777397306583495e+01 3.216651334431874432e+01 2.264843892559613181e+01 3.216651334431874432e+01 3.651546848079224361e+01 3.350005992911949448e+01 2.329124372990178315e+01 3.044313530202165907e+01 4.061939364550612197e+01 3.793792639101969399e+01
1.379999999999999977e-02 2.816357920027882655e-01 2.816357920027882655e-01 2.816357920027882655e-01 2.816357920027882655e-01 2.816357920027882655e-01 5.548155076901963856e-01 1.053788861437291935e+01 1.041389955031448444e+01 3.853016878458502159e+00 9.874896464694948861e+00 2.445639645870292700e+00 1.097022966275060263e+01 1.545367442623871490e+01 1.239016506232451142e+01 5.158685447456244688e+00 1.438325063271602033e+01 1.461344276626339500e+01 1.887008093171924372e+01 1.206211163595015101e+01 5.445551724202875477e+00 1.591672136804247728e+01 2.031586187424023393e+01 1.859625582976730485e+01 2.352358446982331230e+01 3.084727246997245587e+01 3.496696388511468001e+01 3.894508074365355554e+01 3.615605373643170140e+01 2.937484488214092337e+01 2.937484488214092337e+01 3.890619720735763565e+01 3.739476197716323469e+01 2.713638288143857125e+01 3.351745912831879792e+01 4.364567721554799107e+01 4.129621747151062294e+01
1.379999999999999977e-02 1.001379999999996251e+01 2.816357920027882655e-01 2.816357920027882655e-01 2.816357920027882655e-01 2.816357920027882655e-01 2.816357920027882655e-01 1.126369671624011204e+01 1.715467870727114885e+01 1.338777977501128547e+01 5.407672862377230771e+00 1.492961069941773111e+01 1.908217887033575977e+01 1.713446866452191486e+01 7.545772672245424140e+00 1.474915004232894233e+01 1.947879162692142074e+01 2.379296276224842543e+01 2.668391950659210465e+01 2.005857962891614221e+01 1.591695722330611140e+01 6.808446245474289782e+00 1.688650858853898384e+01 7.909364113960982934e+00 1.812496296704985710e+01 2.077321604927837839e+01 3.084727246997482908e+01 3.656094853689140223e+01 4.051896776885932638e+01 3.890619720735763565e+01 3.890619720735763565e+01 4.293726259072246876e+01 4.151694612645807325e+01 3.309043014131126625e+01 4.151694612645807325e+01 4.443600125788032784e+01 3.394609640586544685e+01
1.290000000000000001e-02 1.001289999999996283e+01 7.352702869391218421e+00 7.352703002724552128e+00 1.028163148874868149e+01 2.171559117281926632e+00 1.074049599286126622e+01 1.472087198889805748e+01 1.933688386403539994e+01 1.970644409722386570e+01 1.551907264744701287e+01 8.622938040059402454e+00 1.859718822887073841e+01 2.127572832732954566e+01 1.714140581791209783e+01 1.016027616571363268e+01 1.996925113516292427e+01 2.734763056293119732e+01 2.899526775576896753e+01 1.897109755505044859e+01 1.186519545756288352e+01 1.688357656504614468e+01 7.909364113960982934e+00 1.787329995882220146e+01 1.362505367238729903e+01 2.372383880973552195e+01 3.322316180579141331e+01 2.681726181041613799e+01 3.492526973488636344e+01 4.051896776885932638e+01 4.382831878167593942e+01 3.996197829311729066e+01 4.382831878167593942e+01 4.327458861125515455e+01 4.733038221809056267e+01 4.443600125788032784e+01 3.394609640586545396e+01
1.290000000000000001e-02 1.001289999999996283e+01 1.735268977436722082e+01 1.735268990770055453e+01 1.224952666339106422e+01 1.224952666339106599e+01 5.062490853258551304e+00 5.062490853258551304e+00 1.218959264305643231e+01 2.229393372727489009e+01 2.280019548327857493e+01 1.859718822901007940e+01 1.200176042922009501e+01 2.204042410802217233e+01 2.411591999803384212e+01 1.704832414197663226e+01 1.326067675639739463e+01 2.319110526762248981e+01 2.899553535353836864e+01 1.897110255040775328e+01 2.190592111998674341e+01 2.196564319675554344e+01 1.787329995883002809e+01 8.896024039276642981e+00 1.889761722199695626e+01 2.424935038998896886e+01 2.328119378435557252e+01 2.087551464662328016e+01 2.681726181041613799e+01 3.656094853689140223e+01 3.909976802191638967e+01 3.045395755203291799e+01 3.909976764630707180e+01 4.439078103432594702e+01 4.826277645915669012e+01 4.864633853715580614e+01 4.443600125788032784e+01
1.309999999999999880e-02 1.001309999999996236e+01 1.704238696967917832e+01 2.204238696967918543e+01 2.237054702359967706e+01 1.872067651088911688e+01 8.618691599849009677e+00 1.514908562720218121e+01 9.564707614292727200e+00 1.670641254300830880e+01 2.681544785634829609e+01 2.464800039816360666e+01 1.454890972197700805e+01 2.464800039816364929e+01 3.118351584693809997e+01 2.568234660114413614e+01 1.571737300742626431e+01 2.568234660114488932e+01 3.309135923686643821e+01 2.899550635249701358e+01 2.673070904870040465e+01 2.073243136157252664e+01 1.082926218726353085e+01 1.889757246407098279e+01 1.004144966567198693e+01 2.011472798243211457e+01 1.552105963452785531e+01 2.619312879949433182e+01 3.492483305495895962e+01 3.636875609882597615e+01 3.244701590484583420e+01 2.549645183385647584e+01 3.520796791514865021e+01 3.507782055452448589e+01 4.169181912432471648e+01 5.090665148177934896e+01 5.280837148541151294e+01
1.349999999999999985e-02 2.900251345948130499e+00 7.900251345948137605e+00 1.497131915781363531e+01 2.497131915781370282e+01 2.290961444060149432e+01 1.366891380673197709e+01 2.290961441996927661e+01 1.539589918499728860e+01 1.670641254300830880e+01 2.681544785634477179e+01 2.758354209997769857e+01 1.741453871634125861e+01 2.758354209997769857e+01 3.573051967963377962e+01 2.568234593693931700e+01 1.902209626855920277e+01 2.568234659998032399e+01 3.573053028810946330e+01 2.955096534957867149e+01 1.995290175209094841e+01 1.290175929248339592e+01 2.073289532327978790e+01 2.104163166972303500e+01 1.087827524891499564e+01 2.079531946198653714e+01 1.213963986016817387e+01 2.334666471296373658e+01 2.914142891607501440e+01 2.989462826495749681e+01 2.260353449279243421e+01 3.244701589587894119e+01 2.897371004028917341e+01 3.850074765926452613e+01 4.703533813796749286e+01 5.166385729060748133e+01 4.871562881530118005e+01
1.349999999999999985e-02 1.001349999999996321e+01 8.673754037844407350e+00 1.444725672974068331e+01 2.444725672974075081e+01 2.796352144017572883e+01 2.377243921504852509e+01 2.796352143628671882e+01 2.253790411927196757e+01 2.681544785634485351e+01 3.101067285702387366e+01 3.181213071934578807e+01 2.244482782654526076e+01 2.457441939973335465e+01 3.484829602253773828e+01 3.255908236160560421e+01 2.252780798502259074e+01 3.255901948640678967e+01 3.607194308152455164e+01 3.058556039657265657e+01 2.426151075528488121e+01 1.445440187284043176e+01 2.426154483797101591e+01 2.526875072683038326e+01 1.804492928222541437e+01 1.213963986016817387e+01 2.202834037134976342e+01 1.375232038504931609e+01 2.479498328657595962e+01 1.991007875647117942e+01 2.989462821251512992e+01 3.636874773017906648e+01 3.645828578165594536e+01 3.382926137656254895e+01 3.857242817187322714e+01 4.777203971205979371e+01 4.794563545352027489e+01
1.359999999999999924e-02 1.001359999999996298e+01 1.867375403784447485e+01 2.281588966157545428e+01 2.858939235347173025e+01 2.511861782326970527e+01 2.511861782326970882e+01 2.936511153575233379e+01 3.267336853836549437e+01 3.492624143906624568e+01 3.919296273783871953e+01 3.693524431188971846e+01 2.971570719163023711e+01 3.484829610803005551e+01 3.905030130140254840e+01 3.070424262463049914e+01 3.255907755570119377e+01 3.673429364470688796e+01 3.209701991585841796e+01 2.264293085458488264e+01 1.694817989095507116e+01 1.827093090476973458e+01 2.803749717606165248e+01 3.213519212605325492e+01 2.229651072075179385e+01 1.937640396070824167e+01 2.559516635465450207e+01 1.505484904724755069e+01 2.547286999494844650e+01 1.794989854705867671e+01 2.482821202555533802e+01 3.451375362301174476e+01 4.492572974777745287e+01 4.317223394196651043e+01 4.703533813796749286e+01 5.166385729060748133e+01 5.204096708725606391e+01
1.369999999999999864e-02 7.084771165782723479e+00 1.708536083981633524e+01 2.195145993200186396e+01 2.198420478603739170e+01 1.500524174770544761e+01 1.503664413213377493e+01 2.511861782326970882e+01 3.195796931581732281e+01 2.473976734665093957e+01 3.329247042764613695e+01 3.343030446673970602e+01 3.769649604849455216e+01 4.415478143200244432e+01 4.497074309393124736e+01 4.081203678129072898e+01 4.012429700919338416e+01 3.543253673640455759e+01 3.149256007457825390e+01 2.844341630081249050e+01 1.885227502702748836e+01 2.803254714372168621e+01 2.523799228756460877e+01 3.491753712849166646e+01 3.247134163057359046e+01 2.994630636005665636e+01 2.586365546959143558e+01 1.505484904724755069e+01 1.505484904724755069e+01 2.572158834423024132e+01 3.239199921733578691e+01 3.819556780004322860e+01 3.913201226461521998e+01 4.320985335342283662e+01 4.197442196295586569e+01 4.605772589667819972e+01 5.173293447569182035e+01
1.290000000000000001e-02 1.001289999999996283e+01 1.203972905158358842e+01 1.208110024695295870e+01 4.000146699746703227e+00 7.953013303634158149e+00 1.798951303547475078e+01 2.600717836538440508e+01 2.180765077074567770e+01 1.895938423323810085e+01 2.624458018588721231e+01 2.326816920344121442e+01 3.343030444086397779e+01 3.786348368435164247e+01 3.735826939233577804e+01 4.163900223570953329e+01 3.613100934418913113e+01 2.685411361708099420e+01 2.208301546285427719e+01 2.208301546285427719e+01 2.259931254737654527e+01 3.200579738215996173e+01 3.491757042108623210e+01 3.899667227627767829e+01 3.710581274068618995e+01 2.709697039416990449e+01 1.982102409160196288e+01 2.586365901689433144e+01 1.697484516923910292e+01 2.736087701667281991e+01 2.921278522452396587e+01 2.828094772910987587e+01 2.924253885516620244e+01 3.629124785711121604e+01 3.213109839340662433e+01 3.782927716923584427e+01 4.763643894080055929e+01
1.379999999999999977e-02 1.023952544552210409e+00 2.039298709685829269e+00 1.203949881221497620e+01 3.519065021435803686e+00 4.640230894043456900e+00 1.170072414978024433e+01 1.760664621428364285e+01 1.471195210507738693e+01 1.449189890992703234e+01 1.618201123876834657e+01 2.404518270331616492e+01 2.343738047631365973e+01 2.901129148536562496e+01 2.713535100915517617e+01 3.665894987972142616e+01 4.012435596571434360e+01 3.543254437318800143e+01 3.149256009235133646e+01 2.531316108569714629e+01 3.200756001033195730e+01 2.926127441402933371e+01 3.863767994307568188e+01 4.208768064382292806e+01 3.212394483754946606e+01 2.501472940201916728e+01 3.002849244563746467e+01 2.736087716416819760e+01 1.697484516923910292e+01 1.697484516923910292e+01 1.906944491930948615e+01 2.112894736569331400e+01 2.341964885671987062e+01 2.635398803129374201e+01 3.213109838719997668e+01 4.197411741242763128e+01 4.541934980294224289e+01
1.359999999999999924e-02 1.001359999999996298e+01 1.203983853170091578e+01 3.519065021435803686e+00 1.352249640442795098e+01 1.462193297220326471e+01 6.328625802766454811e+00 7.578625813420902801e+00 8.939411363605014316e+00 1.038103996293037845e+01 1.217405221734397003e+01 1.401433695540599444e+01 1.637150824386643677e+01 1.894300894565449056e+01 2.226097589581532077e+01 2.937688548329843385e+01 3.965217895573504592e+01 4.097987590967655791e+01 3.181442019923489184e+01 3.065771841114721141e+01 3.852175773815468318e+01 3.863767994307568188e+01 4.268202048933228099e+01 4.317856960904369146e+01 3.321366061880242171e+01 3.212394483754946606e+01 3.551434483036088352e+01 2.552840477447685430e+01 2.084266730544260326e+01 2.736087716416823667e+01 2.629734440237811555e+01 2.698732640278021577e+01 3.342263379912779442e+01 3.161107748716131383e+01 4.037167002836982022e+01 4.605576732360069769e+01 4.087699531118408203e+01
1.359999999999999924e-02 1.001359999999996298e+01 1.766622795578856753e+01 9.302404641765789961e+00 1.766355726433933171e+01 1.449658412006605701e+01 1.635254479255103988e+01 1.114390872537042831e+01 1.896865683296459792e+01 1.450242945647726067e+01 2.209408628556616705e+01 1.977935867313381380e+01 1.935072445810350672e+01 2.901129148536562496e+01 3.238644927725994904e+01 2.937688548330491045e+01 3.965217900545320617e+01 4.463412099735685956e+01 4.094682505459965682e+01 4.010905982466670139e+01 4.460448815065720396e+01 3.953958873030758525e+01 3.554621954918354731e+01 3.953958873030758525e+01 4.317856960904369146e+01 4.208768064382292806e+01 3.960139801490494449e+01 3.092579655389755899e+01 2.594981189560180823e+01 3.502135233377942569e+01 3.625175784614651064e+01 3.691866190984594454e+01 4.099391740968725628e+01 4.148347010322353867e+01 4.557150951212793899e+01 4.282596505402515419e+01 3.664417021978796640e+01
1.319999999999999993e-02 4.095547065630183781e+00 1.393902487474375640e+01 1.945483905135461100e+01 2.381533704559252840e+01 2.157404129934448989e+01 2.122356574230261117e+01 1.827542579481168517e+01 1.934801185716171545e+01 2.402697619820385100e+01 2.402697619820385100e+01 2.687857821692878346e+01 2.644441806009982798e+01 2.644441806009982798e+01 3.665823941185032453e+01 3.965217900545320617e+01 4.394101427613792765e+01 3.789522753025117652e+01 3.292074431024300196e+01 3.782540949053117174e+01 3.898206586663212647e+01 3.481747997115214588e+01 2.618344822991075205e+01 3.481747997115214588e+01 3.566341816960563449e+01 3.966830474211141677e+01 4.490928508991671464e+01 3.998264993266437273e+01 3.590175707656012349e+01 3.998264993266464273e+01 4.035533777023430702e+01 3.621863818206122687e+01 3.749954526373689845e+01 4.164679958958242878e+01 4.282596505402515419e+01 3.266285253292721080e+01 3.452775490572476258e+01
1.019999999999999900e-02 1.001019999999996202e+01 1.115806345546446288e+01 1.820113563410262003e+01 2.812713151816394941e+01 3.154003428970925782e+01 3.131399025026766836e+01 2.835917362249080753e+01 2.944558496246887813e+01 3.369569248143153573e+01 3.487035405364274254e+01 3.710014875562823278e+01 3.665823941185032453e+01 3.665823941185032453e+01 4.093670188308348656e+01 4.205222414540664744e+01 3.793304494517843750e+01 3.212370780827043859e+01 2.248349739463893471e+01 3.245933818877811916e+01 3.498400232910906738e+01 2.547115346495766985e+01 2.121302692511098087e+01 2.897009412843817344e+01 2.619762853322870910e+01 3.566341816960563449e+01 3.879124166896729520e+01 3.465722175336674837e+01 3.337693702775622739e+01 3.750351085881200675e+01 3.464461420387145552e+01 2.636491426435352636e+01 2.764242881816048936e+01 3.749954526373689845e+01 4.170629500218241503e+01 3.155439607516314027e+01 2.428696526538473321e+01
7.249999999999999500e-03 7.078317811865485254e+00 1.707831781186555276e+01 2.522056922465007389e+01 3.025280514711954893e+01 2.733105526463701906e+01 2.842226396553635936e+01 3.255489728470089972e+01 3.125770479351551145e+01 3.538964488664788632e+01 4.114762886604231085e+01 4.418378190141192619e+01 4.004420902915811808e+01 4.081677669068511705e+01 4.495657397995476856e+01 3.793304494517843750e+01 2.841848086869622492e+01 2.808095464770482153e+01 1.774969034932895795e+01 2.808547772518290486e+01 2.833856034812032831e+01 2.721679375664724176e+01 1.722583960220064725e+01 1.913259746851926479e+01 2.496495195715115401e+01 3.444122016994478486e+01 3.465722193866292855e+01 2.471857115412715089e+01 2.342214253153692738e+01 3.037364628919022636e+01 2.624460704939985689e+01 2.048054832204776332e+01 2.764242881816048580e+01 3.749954526373689134e+01 4.298354992973905553e+01 3.276140830205824273e+01 3.065700770968456723e+01
