output/example/elevation_average_000038.asc
nrows	75
cellsize	133.333333333
xllcorner	0
ncols	75
yllcorner	0
NODATA_value	-9999
[rows 34 to 50 of 75, columns 37 to 73 of 75]
2.681470975520632578e+02 2.454765444439312319e+02 3.025761306663457049e+02 2.849334167405560265e+02 1.975508193312059859e+02 2.020453554099532880e+02 2.952543305852109370e+02 3.049323298814707073e+02 3.090241255314983277e+02 2.744667211456310270e+02 3.168078956304067333e+02 3.206988645226487051e+02 2.339128139072173269e+02 3.262610842487334821e+02 3.681866143689832711e+02 3.899233583416450983e+02 3.729690802938977185e+02 4.613849913042390654e+02 4.869763910953345771e+02 4.534187526594746487e+02 3.873266275597807748e+02 4.729383278245699671e+02 4.557536973878521849e+02 3.972996630238234275e+02 4.849623214886053120e+02 5.534932459390222448e+02 5.478240201917107015e+02 4.993695288443838649e+02 4.603859955955173859e+02 3.902448100372944282e+02 4.764342638205131379e+02 5.044203643154774568e+02 4.371085714647122131e+02 4.520390541672979339e+02 5.382650869526178212e+02 5.468650671467048596e+02 6.062432774990912776e+02
3.290450773887235982e+02 3.174197458196267121e+02 3.409100674858357820e+02 2.526486021670815774e+02 2.908452441859074611e+02 2.228084025704971509e+02 2.301057876386735472e+02 3.225150166970554437e+02 3.882375059459405406e+02 3.656501843865668206e+02 4.019225003242282241e+02 3.630096721622278437e+02 3.220360215830154402e+02 2.397935587785778466e+02 3.320245127081517467e+02 2.993850978051979723e+02 3.899328828369002053e+02 4.512876231102522979e+02 4.338447375876239676e+02 3.672972215154426863e+02 3.527276314646799733e+02 4.294381462777160436e+02 3.671788148420958464e+02 4.557208753069057821e+02 5.188114222581901913e+02 5.361131263552987321e+02 4.867012174457645415e+02 4.264806853230270463e+02 3.758173803752486606e+02 4.642849167821492529e+02 5.132146973949011226e+02 5.576054155799748742e+02 5.040232862200800241e+02 5.063794584116330952e+02 4.870617012695471431e+02 5.723073187442396375e+02 6.048348873346034225e+02
3.628712409524122791e+02 3.900398310647012181e+02 3.808583700246311992e+02 3.072430521166766653e+02 3.359578824206944319e+02 2.451708031634122449e+02 3.221889519399456958e+02 2.602783861649680262e+02 3.516535265670996182e+02 4.205292911576935921e+02 4.710794251320486978e+02 4.002136191202440614e+02 3.106287112248418794e+02 3.305801028315872259e+02 2.457276170657653154e+02 3.378003399525628652e+02 3.345225808859563017e+02 4.125712167107092228e+02 3.790814773378126574e+02 3.076596883130989113e+02 3.237067293457905066e+02 3.403866942032553879e+02 4.297507702661072813e+02 4.557237556706700161e+02 5.416539881772961280e+02 4.744768889193181280e+02 4.143036841052229988e+02 3.626087814543028003e+02 4.514500319398836155e+02 4.124865301694101163e+02 4.748115921955796352e+02 5.603423592327116012e+02 5.869078385629029526e+02 5.907588407657163998e+02 5.436985817875563498e+02 5.269203361027988421e+02 5.905684772072015676e+02
3.285488690988062785e+02 3.902949440308344720e+02 4.315935414052033252e+02 3.974912590801424699e+02 3.370640012255881288e+02 3.371167046656389061e+02 2.818184453407010892e+02 3.518362988308849140e+02 2.939903388854533546e+02 3.466601508768055169e+02 4.354842303892082782e+02 4.367751148936704340e+02 3.977158543946794111e+02 3.313231940812083849e+02 3.378055569155615103e+02 2.517287655413407776e+02 3.436180761881387298e+02 3.613416822357941669e+02 2.882080062043166322e+02 3.790890267200110202e+02 4.132484767416626710e+02 4.287957186666390612e+02 4.124809240819703291e+02 4.996603762857704965e+02 4.625004132054586989e+02 4.269560299755777351e+02 3.498661999227261390e+02 4.390658787914844652e+02 4.354046117461997483e+02 4.997577003291503388e+02 4.566700303334717432e+02 4.929430929097466105e+02 5.535824765154504803e+02 6.366930171661191480e+02 6.271065865911649553e+02 5.854005000271158679e+02 5.875782596077391418e+02
2.625030854673818226e+02 3.539711384269561449e+02 4.091601342706642868e+02 4.464737294322704315e+02 4.263788399146344545e+02 3.480596539079026002e+02 3.727751387041913063e+02 3.305442473481803631e+02 3.845797749160209378e+02 3.370496165257965231e+02 4.065217554316180326e+02 4.928736340005589796e+02 4.562453405098256667e+02 3.885352889458503114e+02 3.018341005998244100e+02 3.436073560137776894e+02 2.577486203762339869e+02 2.701946261467266481e+02 3.615833339095640326e+02 3.506503758851716839e+02 4.103323041107114477e+02 4.974783729112392621e+02 4.996281003071460987e+02 4.907933095255403373e+02 4.043739503356323439e+02 3.373981725992478005e+02 4.268434322248211856e+02 4.744750566918067420e+02 5.220606555815398906e+02 5.564699872826128058e+02 5.427311330893726335e+02 5.753154794578953215e+02 5.779083377303716134e+02 6.602432673576546449e+02 6.523407809327734412e+02 6.676640183080386350e+02 6.695095511925334222e+02
3.539566635962262353e+02 2.919083350348825547e+02 3.210250016562902147e+02 4.109168686214974286e+02 4.724633957072423414e+02 4.135856852377658015e+02 4.514728724587207012e+02 3.697886437347136166e+02 4.544605952561037725e+02 4.065322965434144749e+02 3.977881403378267464e+02 4.850979799460570803e+02 4.536035948344160715e+02 3.653518504757681740e+02 3.899428686437520923e+02 3.321278607542736268e+02 3.495063225178167272e+02 2.642100740352649950e+02 3.295158535186956783e+02 4.192102889562028736e+02 4.749956251601716986e+02 5.097195028939149779e+02 4.760326750246240977e+02 4.443170268547861497e+02 4.085318448690733248e+02 3.287414423847948228e+02 4.185334103319586347e+02 4.491621345589159091e+02 4.504359723542417555e+02 5.366754111063149821e+02 5.502394022323182980e+02 5.845042967633609123e+02 5.824852657054826750e+02 6.122180047445915534e+02 5.703289981010432257e+02 6.203436700830570771e+02 6.541666686653594525e+02
4.032636107694123098e+02 3.257275666556370197e+02 4.071801686096289927e+02 3.751626148542679857e+02 4.635259180324686668e+02 5.006772535672337199e+02 4.933482282308869458e+02 4.582398331711736432e+02 4.933304522054594372e+02 4.928890529627025785e+02 4.852559768894261651e+02 5.194019889372566468e+02 4.894194197274437101e+02 4.386800006235454248e+02 4.572876579610564249e+02 4.205784850237321848e+02 3.600688814458855518e+02 2.687822858986170331e+02 3.601896435455053052e+02 4.006142561557632007e+02 4.294808557663425290e+02 4.652856160631854436e+02 3.878119209936167522e+02 3.986294966813944143e+02 3.184468628477931702e+02 4.085382759911498738e+02 3.478385973072395814e+02 3.615591889597203590e+02 4.504350967668175372e+02 4.823958245310785742e+02 4.646080409839514687e+02 5.160205136297220179e+02 4.977608099199895832e+02 5.548190598350734035e+02 5.076592910425280820e+02 5.385523988709320520e+02 5.752180103685394670e+02
4.478113957034232726e+02 3.712426196610036868e+02 4.478002406575773762e+02 4.422446357243883313e+02 4.634667906031129974e+02 5.491949887888378043e+02 5.476467791567356471e+02 5.125730311887563175e+02 4.984133351688058724e+02 5.069689922228081969e+02 5.411962065779068780e+02 5.463404902366786473e+02 5.335811340742851598e+02 4.969325743117371985e+02 4.160519912444336228e+02 3.550532970588495232e+02 3.101786540862573816e+02 3.602001631981009950e+02 2.753175037192035575e+02 3.665913499006489360e+02 3.403105854101401064e+02 4.135761593467474881e+02 3.912272965984776647e+02 3.082547005478252231e+02 3.986183890648117085e+02 4.438279094149448838e+02 4.370889687312230194e+02 4.499847364325650574e+02 3.821214551297376261e+02 3.972373208857299005e+02 4.133924968722701010e+02 4.308027230981152798e+02 4.494457436512102504e+02 4.701432747705233623e+02 5.202747233305043437e+02 6.045003773354808345e+02 6.541322902376479078e+02
4.910081833052095135e+02 4.297435168749544800e+02 4.866419559894957274e+02 5.217385197009717785e+02 5.367733446194405360e+02 5.019401541570186396e+02 4.955280518031665338e+02 4.270598298293715516e+02 4.117549061961388475e+02 4.205471893762327227e+02 4.878693229738354376e+02 4.620628470627135016e+02 4.980625915828732673e+02 5.164210801471853074e+02 4.796700857876820123e+02 4.119884513321670170e+02 3.582611763296171148e+02 3.588170670595920342e+02 3.665995355646418830e+02 2.818393077975657093e+02 2.864746220337481191e+02 3.774626532756789175e+02 3.006497049687618528e+02 3.912220624103832733e+02 3.198248139473375318e+02 4.098626760736426604e+02 4.535604058770813367e+02 5.044814169681840212e+02 4.704168773630156579e+02 4.502082101794899245e+02 5.002349725403740877e+02 5.171269563741745969e+02 5.350567511085536125e+02 5.338820239098254206e+02 5.898362756417218407e+02 6.378467131547090503e+02 6.676402396471795555e+02
5.188437455057268153e+02 4.797672746540687285e+02 4.951918815252984700e+02 4.865703973884031939e+02 5.007452265576494597e+02 4.158901321216354177e+02 4.090791451167013406e+02 4.343317532502969129e+02 3.511254586837302440e+02 3.691433210965842022e+02 4.321815791549815913e+02 3.976389574678428858e+02 4.844553576949785452e+02 5.512939204153273067e+02 5.237093193946220708e+02 4.828242419930871847e+02 4.182164823827072837e+02 4.389960073828439704e+02 3.994396089423447620e+02 3.166215965803596646e+02 3.774260032409468408e+02 2.930335545973720741e+02 3.838180584383966334e+02 4.270788612706258505e+02 4.098689623409593992e+02 3.313609575018313080e+02 4.210690206566783331e+02 4.642309165686358483e+02 5.133369403334378376e+02 5.334463907199520918e+02 5.707657824733204279e+02 5.689088076170928616e+02 5.977576703541744791e+02 6.164667082242955303e+02 6.418895297591933513e+02 6.086420358701824398e+02 5.855259605682741721e+02
5.203059212729385763e+02 4.710753707078061439e+02 4.618366362644304672e+02 4.047482472801031577e+02 4.578169228488709450e+02 4.282535879228757381e+02 3.471394356684090781e+02 3.886355085749935938e+02 3.161774691827126276e+02 3.296478248131203941e+02 3.441629407560792515e+02 4.321478481283764950e+02 4.720872290176441197e+02 4.670846411586376234e+02 5.286428014414577774e+02 5.277716884695853423e+02 5.005877128650590748e+02 4.474511782048663804e+02 3.776218686809125984e+02 4.067249563041152669e+02 3.229141361611323191e+02 3.838420970121205187e+02 3.070689965290231385e+02 3.974435229222584098e+02 4.468858143355873267e+02 4.210385172903769444e+02 3.430050250832674692e+02 4.323632473239654246e+02 4.268254647131496426e+02 5.137204581606889633e+02 5.100188363261689801e+02 4.837569728572237295e+02 5.689164554942757377e+02 6.064396345895136164e+02 5.728602252068823191e+02 5.246910746490492556e+02 5.730318285008672774e+02
4.379588593746897800e+02 4.581067606590767127e+02 3.949402348581217552e+02 3.446369773206432114e+02 4.217758321226755811e+02 3.913364113741143910e+02 3.736501015190513044e+02 2.985934210087126530e+02 3.886486610676005853e+02 4.181402021817656873e+02 4.325234056626333086e+02 3.675526823533487573e+02 3.874302205123570388e+02 4.087153222541239188e+02 4.867731629722094908e+02 5.549409991972793250e+02 5.564109674088338124e+02 5.012364856707807803e+02 4.661178014809320871e+02 4.330503539971201121e+02 3.448580466533074969e+02 4.288373541089669629e+02 3.974604638146741991e+02 3.211429692638855045e+02 4.106309421985374684e+02 4.676579359184647728e+02 4.323591108243414283e+02 3.548554219974746502e+02 4.438741579179429664e+02 4.641756003987007375e+02 4.230291500678348484e+02 5.100226298069763402e+02 5.750249466075543978e+02 5.427467344383280761e+02 4.877636396178908740e+02 5.728385294535938783e+02 6.419042722596725525e+02
4.557655425077344944e+02 4.600894949215606857e+02 3.894864605419575128e+02 3.022785459642682326e+02 3.864585840013656366e+02 3.592866447793931570e+02 2.831613378069868645e+02 3.706402036082854465e+02 3.479288214208074805e+02 4.365506851202135294e+02 4.902816351817141935e+02 4.218521894250541777e+02 4.263522623976420505e+02 4.947180067327777238e+02 4.469020736093466439e+02 5.319066314733387344e+02 5.375255311259621749e+02 4.952901044747000583e+02 4.323588343394943081e+02 3.807248158704998673e+02 4.343975087456034885e+02 4.697520016370622216e+02 4.207193767179443284e+02 3.312170267633371736e+02 4.206620396051424677e+02 4.707663617237915901e+02 4.792212915291967192e+02 4.438924906170161648e+02 3.670605388148854331e+02 3.758460169467616083e+02 4.642628485594026984e+02 5.073098983996849256e+02 5.155867668728953959e+02 4.567145486040514584e+02 5.427463617909868390e+02 6.065562519459708710e+02 6.334835509351850078e+02
4.376198172944177713e+02 4.002785426433498515e+02 3.378218337531529301e+02 2.713212071626466013e+02 3.450837061650958617e+02 2.683518516852086577e+02 3.538572715248598684e+02 3.605699374297983013e+02 4.355521900737613237e+02 4.113295326531038540e+02 4.981030449478178639e+02 4.890744606537298864e+02 4.886480087011357796e+02 5.107326998727042451e+02 5.186553201899267833e+02 5.076859541099869375e+02 5.498892992312865999e+02 5.234953302424553385e+02 4.818304831710019016e+02 4.158871128557007637e+02 4.969855447372248705e+02 4.833863304842016078e+02 3.958623470452057518e+02 4.209136616417756613e+02 3.460569991563331769e+02 4.353454682189011464e+02 4.867626854373830270e+02 4.909136789028460726e+02 4.303225995922961147e+02 4.642019136701746334e+02 3.889193308578923052e+02 4.769687253425245217e+02 4.287455571855903713e+02 5.155913077861114289e+02 5.708442480048333891e+02 5.502041668846080711e+02 6.333621242186752625e+02
4.042590684193849029e+02 3.207742156078691096e+02 3.140021661918177074e+02 2.438537734846127023e+02 2.538657175902045822e+02 3.418645722388027366e+02 3.954191244271902974e+02 4.473395112761370456e+02 4.839680953513222335e+02 4.980632319373482346e+02 5.324949619035855903e+02 5.695795999350183365e+02 5.727898170887366405e+02 5.943251200914126002e+02 5.938124625885541263e+02 5.901220138944090650e+02 5.539207076867890009e+02 5.656701176905730790e+02 5.331624444082240188e+02 4.618581606461962110e+02 5.171204071859987152e+02 4.949681820833144457e+02 4.679658716430110417e+02 3.827969040735837325e+02 4.353563128937934721e+02 3.627134646876015154e+02 4.514999519514984740e+02 5.034020143608381659e+02 5.171246758193256028e+02 5.118835618857841609e+02 4.769709658331222499e+02 4.023217263834395112e+02 4.899689372427008607e+02 5.248776005327434859e+02 4.888479679236825177e+02 5.698427142506992595e+02 5.657544489016836451e+02
3.467809953743874871e+02 3.100572306817888375e+02 2.306520088312951486e+02 3.226500314792975246e+02 3.448482632530033243e+02 3.815457684801218647e+02 4.227466875399952642e+02 4.589817160501938247e+02 5.068549319139588647e+02 4.722141104667048239e+02 4.983815940089068590e+02 5.514590631062779948e+02 5.588962581190683068e+02 5.669774364794313897e+02 6.005325814069240096e+02 5.923376596126539653e+02 6.065069550309174247e+02 5.497332490684491404e+02 5.107671185138159444e+02 5.294322957017730005e+02 5.520557976428873417e+02 5.048763893287925839e+02 4.232905868965737568e+02 4.711094354318443038e+02 4.749996726957478472e+02 4.515207026880601688e+02 3.800739361658196458e+02 4.683686269486578340e+02 5.217889606486513685e+02 5.699248176534367758e+02 5.247368223517081560e+02 4.648373705308118247e+02 4.183555685504663870e+02 4.391201776251615456e+02 4.667495731851437313e+02 4.960770119976741626e+02 5.566305188281781966e+02
3.002596449775348901e+02 2.176738497512228889e+02 2.286427924969495109e+02 2.397329214020788868e+02 3.314488482839009862e+02 3.576193594662680653e+02 3.344816491924361230e+02 4.229804638480640051e+02 4.271631253954367935e+02 3.847163862808914701e+02 4.343047722199424356e+02 5.188253341864391359e+02 4.750136694366969436e+02 4.824124150645532154e+02 5.292048833073218930e+02 5.084608741416965927e+02 5.922659875601968906e+02 6.023025219213374157e+02 5.854210009000009904e+02 5.958088576696234213e+02 5.676778386606802087e+02 4.887045855645902748e+02 4.671175426310808234e+02 5.414545771590233016e+02 5.119635842600409319e+02 4.294748254697564107e+02 4.679250216228269892e+02 3.992790442035447427e+02 4.495444664540934809e+02 5.357381783601771303e+02 5.846123306800442379e+02 5.401044425059616287e+02 5.053972569212048143e+02 4.380542746463199819e+02 5.246515803272309313e+02 5.787150986574870331e+02 5.809336905930714465e+02
