output/example/elevation_000006.asc
nrows	50
cellsize	20.0
xllcorner	0
ncols	50
yllcorner	0
NODATA_value	-9999
[rows 17 to 33 of 50, columns 0 to 36 of 50]
9.098509734387574266e-01 1.090985097343872212e+01 1.541117591915754659e+01 9.026759756632287690e+00 5.640716228091501527e+00 1.855749549328097769e+00 1.183202218700778374e+01 1.888246700459937699e+01 2.196673643269642184e+01 1.198835472232889643e+01 1.804011541372512895e+01 1.806602989815281646e+01 1.689585097506600064e+01 6.895860355795501384e+00 1.270236465136233939e+01 1.341011464149512733e+01 7.885064185468597664e+00 1.635765043607000635e+01 1.565084184411429469e+01 1.496091496800646858e+01 1.526727372654812775e+01 9.552527298732325534e+00 1.725027767977332616e+01 1.710731675205415314e+01 1.066239782300449690e+01 1.877652173091207288e+01 1.143468221767291126e+01 1.197932261855190283e+01 2.162993454082052480e+01 2.499722865239355230e+01 2.983500424113482907e+01 2.847510861235369717e+01 2.005824334870281689e+01 2.248776641841235246e+01 1.524123119149164118e+01 2.449766529239674639e+01 2.456616141396456499e+01
6.729603419142361487e-01 7.744028153779722423e+00 1.774402815377979081e+01 1.210010540817091851e+01 2.100122107169435814e+00 9.072313105414208323e+00 7.651473580188068446e+00 1.765146969270127641e+01 2.613048633312106261e+01 1.804312169083903328e+01 8.066034924891560820e+00 1.561899057825833026e+01 1.317811775278867792e+01 1.379646336466532297e+01 6.631922341222896478e+00 1.401934652946489734e+01 1.642898892322174476e+01 8.253885818276630815e+00 1.606096847963677376e+01 8.901151149869326318e+00 9.166129358156592133e+00 1.753993712743293898e+01 1.902572623197234947e+01 2.194796306690111720e+01 2.066182118350588937e+01 2.196786799075520591e+01 2.075231156841818247e+01 2.129710455775374101e+01 1.281135182297644093e+01 1.569484849547905903e+01 2.567682668132364299e+01 3.418758400759613636e+01 3.004766198641147312e+01 2.226912145002885168e+01 2.516732215652698912e+01 1.766633465030067995e+01 2.761898748594918374e+01
9.500813129397378543e-02 1.009500813129393748e+01 1.919287730456974117e+01 1.624224028902720462e+01 8.954898639394697213e+00 2.446383556923030334e+00 1.244637685669315452e+01 2.179360470002057326e+01 2.165035214804876773e+01 1.746343615784418901e+01 1.366312026737184304e+01 5.649422498878759136e+00 1.296907276741904980e+01 6.270835661094185554e+00 1.494850423037969733e+01 1.392959860279186479e+01 1.871470892418674836e+01 1.692458547882036513e+01 8.623835164586287405e+00 1.622869010220208708e+01 1.652117368134242525e+01 1.073745071938977880e+01 1.186979238446619256e+01 2.174948653162248036e+01 2.736540469701557399e+01 2.779642011727763418e+01 2.332109250482601936e+01 1.366679284258675686e+01 1.960453868653777221e+01 2.563310357496805381e+01 2.103772176536083904e+01 3.102850201114767614e+01 3.641118461002039908e+01 3.226764110778180594e+01 2.399064091083248584e+01 2.760707665927753141e+01 2.043959801485546279e+01
5.074168083889973868e-02 5.050741680838890524e+00 1.505074168083885411e+01 1.116556214464815788e+01 2.793057878277762640e+00 9.342559479217777962e+00 1.658851178856284037e+01 2.262742595890568609e+01 1.750821727394480121e+01 7.508211810451396850e+00 5.292028012560256123e+00 9.843686554744621731e+00 5.910343799741872850e+00 1.189103179055452486e+01 1.627083793246134036e+01 2.392959464195098818e+01 2.379520296183254757e+01 1.379518316519626708e+01 1.047943872070039717e+01 2.043112742028512940e+01 2.476023739663306245e+01 2.052805411348840536e+01 2.143064875594035001e+01 1.351381682537837570e+01 2.351377274293630748e+01 2.452401065543097758e+01 1.452793035270214617e+01 2.296585270649255506e+01 2.700070598026744761e+01 3.374878046901314832e+01 3.102810346084123694e+01 2.810906194114934564e+01 3.810962464063852195e+01 3.813285012920677275e+01 2.976417952161720493e+01 3.458177001061224587e+01 3.038382564561694110e+01
2.528005767708579876e-01 1.025280057677082191e+01 1.919287730456974117e+01 1.014553300641375344e+01 3.038344473825814074e+00 8.507611578591832924e+00 8.485293519317986366e+00 1.398458898787430904e+01 1.414471615604173493e+01 1.175952299641628684e+01 5.039886164938245372e+00 1.274897648881848156e+01 1.591034580362311246e+01 2.005248033337139546e+01 2.601637689973043166e+01 3.041296963937695352e+01 2.793733630157961656e+01 2.372478710113474776e+01 2.038731468692035165e+01 1.325303383066925278e+01 2.325302908731731222e+01 2.518130626211118184e+01 1.518135046811124056e+01 2.329966074720579883e+01 2.739572346163778249e+01 2.866633127656897884e+01 2.420528070847499791e+01 1.534267184906190451e+01 2.470971059154402028e+01 2.565510441702818056e+01 3.098521738780049972e+01 3.810962464063852195e+01 4.225184791440646848e+01 4.390637881352903094e+01 3.976424864814696036e+01 3.918491763348518475e+01 2.918593917439923047e+01
9.791283598286071310e-04 7.072046940225290790e+00 1.707204694022522062e+01 1.718049239772512848e+01 1.136825803051224248e+01 3.385772441480527029e+00 1.054733631173912656e+01 3.984599255898066517e+00 1.077384320049029753e+01 4.687063086590437244e+00 1.325485343392479720e+01 7.621901863905495844e+00 1.756203634466551833e+01 2.385663103742241375e+01 2.800863638946347578e+01 3.300861899239023245e+01 3.405788505243729958e+01 2.630910458588195411e+01 1.633911327630942267e+01 2.028921851930341802e+01 2.739515973588278541e+01 2.932343981323381854e+01 2.506473422860153022e+01 1.693545129620478562e+01 2.684730622064842720e+01 3.295072006828430489e+01 2.948307350745101019e+01 2.504369883338960179e+01 1.621766333229524548e+01 1.684163650586066296e+01 2.650078240228936011e+01 2.982335456668406337e+01 3.323043078074280032e+01 3.659182896784252392e+01 4.076917307135973800e+01 4.332695350943394175e+01 3.495952814290157562e+01
4.600753433092569233e-01 7.531143155174719439e+00 1.753114315517465016e+01 1.919480398474003735e+01 9.194804862856862826e+00 1.176305929175990883e+01 3.734045323953333995e+00 1.092567596574514255e+01 4.334615626825288004e+00 1.272568642373709125e+01 1.468706135587702377e+01 1.754376724864678039e+01 1.034355730149088615e+01 1.386693114143581873e+01 1.886653257501313874e+01 2.886647291388719339e+01 2.998589710009612119e+01 1.999058652499729050e+01 2.629072106634973949e+01 2.450405685398743927e+01 3.443157091535135805e+01 3.325923555848127933e+01 2.325997460690518537e+01 2.675543108665586445e+01 1.880860715109392700e+01 2.453240810643688974e+01 3.453126975013769595e+01 2.621776090985533259e+01 2.588030166756909267e+01 2.566021596465770926e+01 1.773378953774398781e+01 2.040539012133520202e+01 2.329292223110958915e+01 2.662645875299929443e+01 3.369686380919421964e+01 4.369740444488193276e+01 4.203060699478151463e+01
5.979472710492108600e-01 7.669015082914673265e+00 1.766901508291460132e+01 2.333693895017735898e+01 1.877317859028683600e+01 8.773182957753723699e+00 1.370543283429202042e+01 5.810875084071791541e+00 1.430399934410699103e+01 1.840192948444414256e+01 2.468705913835723820e+01 2.263465348144399414e+01 1.269622695391462130e+01 2.256667445771791591e+01 2.794239127636847542e+01 3.300861899239023245e+01 2.999056385125197366e+01 2.997276791676960883e+01 2.467967805512555657e+01 3.448630883412904780e+01 3.864617799721115432e+01 3.325996602578555184e+01 3.312196501535590443e+01 2.979725506147332581e+01 2.019516070282334752e+01 3.004300593180096612e+01 3.867350831603334882e+01 3.621852809914683746e+01 2.862436905473635917e+01 1.866236819338294595e+01 2.741449488739498719e+01 2.585608650453166746e+01 3.322966909034763461e+01 3.658447305060975197e+01 3.479184719909408585e+01 4.479219584742308768e+01 5.203056669216709196e+01
1.534601171854249602e-01 1.015346011718538932e+01 1.880459500866714606e+01 2.295443371719198211e+01 2.291531355138942061e+01 1.876123155234468598e+01 1.115609663989454248e+01 1.576723546137277587e+01 9.462356086093366869e+00 1.943027321956400044e+01 2.781102546583576540e+01 2.683845422332542086e+01 2.266454931348181034e+01 1.661859830300009477e+01 2.367227188548356054e+01 3.364540953133391099e+01 3.999055787718829436e+01 3.817873095814820061e+01 2.821520258690507887e+01 3.818338844949965249e+01 4.740210959172708982e+01 4.020211963941131472e+01 3.225138954002364500e+01 2.228029780519688785e+01 3.006177308850385899e+01 3.019517968550270126e+01 4.019519437504353476e+01 3.579629166735811907e+01 2.579568939440438058e+01 1.932207061212428201e+01 2.848524337493782710e+01 3.585744588436877933e+01 3.992486915976429884e+01 3.873789814549422772e+01 4.288011583188200859e+01 4.893435205957256784e+01 5.450052193666812883e+01
1.123418600940028211e-01 1.009774818260633644e+01 8.812298093461132353e+00 1.458580078535736924e+01 2.458580078535729996e+01 2.529822862101174863e+01 1.562823097035461650e+01 2.359788810362292111e+01 1.943010261154254437e+01 1.372636916067795987e+01 1.949412509846811403e+01 2.949415812539603010e+01 2.661865518414267484e+01 2.660253583691273960e+01 2.196387756384531187e+01 2.773738686187115121e+01 3.773738372840612243e+01 3.821519764301976352e+01 3.528626486125137518e+01 4.235733452277569455e+01 4.462125544936293409e+01 3.603091732234027944e+01 2.605996302685982968e+01 3.219861203228936120e+01 2.490644216676700395e+01 3.067679860731830743e+01 4.067676136523969177e+01 3.667813161421679524e+01 2.667769777067348969e+01 1.998766866202972281e+01 2.916327267512089705e+01 3.436627908021004885e+01 3.505560490435677679e+01 2.873727821840930829e+01 3.869816049113370582e+01 4.629400498991361701e+01 4.450052776254063502e+01
2.368195578726151052e-02 3.038795401564895027e+00 1.009918822708733899e+01 2.009918433537507809e+01 2.872793640908821899e+01 2.977036364270184166e+01 2.562822826053886516e+01 2.562822826053886516e+01 2.781102546583576540e+01 1.872598327421973607e+01 2.786850110884584808e+01 3.363628550382298954e+01 3.661866008220619761e+01 3.610602135389498812e+01 3.196284007085742118e+01 3.610602135389498812e+01 4.187952512216254775e+01 4.821520008324075945e+01 4.528626688804414613e+01 4.630493870761838338e+01 3.630491297227861480e+01 3.053211379887668997e+01 3.603070906748080660e+01 3.673041271632855853e+01 2.690463827445605816e+01 3.678187206650469676e+01 4.481872925951187625e+01 3.706024017097325896e+01 2.705984553997124920e+01 2.968564151073644908e+01 2.094835864979174289e+01 3.062956679741152399e+01 2.508593445117079312e+01 3.503626705150647069e+01 3.300160552712406314e+01 3.633530018039179765e+01 4.340197324095208842e+01
6.540601710037032834e-01 1.064851830768862762e+01 1.303879540156485817e+01 2.303879540156478711e+01 2.895333580893679581e+01 2.757852404886224207e+01 3.172842454397099132e+01 3.562822753152256183e+01 3.286799993886452853e+01 2.872587854770724292e+01 3.286799993886452853e+01 3.236578947983346666e+01 3.650804289126295998e+01 3.694997461723149002e+01 3.280784683335487983e+01 3.694997461723149002e+01 4.195036134717091869e+01 4.161407267206045191e+01 4.575624181032330995e+01 5.044707379590049356e+01 4.467425844871743124e+01 3.630498975791535798e+01 4.455070335087847866e+01 3.893495310960044975e+01 2.903662171544639747e+01 3.476747757737555133e+01 4.476743039995136542e+01 4.120246930066097235e+01 3.706024017097325896e+01 3.436627908021004885e+01 3.062389181786612014e+01 2.192011724848600451e+01 3.164505893521399571e+01 3.654589863542963002e+01 4.298272962397620489e+01 4.630039055730384945e+01 5.047769173634967643e+01
4.909850854147627119e-01 1.040655202775944410e+01 1.489034396956875739e+01 1.485034132814925911e+01 2.222512005790396472e+01 1.758628892024013979e+01 2.335979161213643351e+01 3.335979161213656852e+01 3.919098981928996750e+01 2.919101810262056063e+01 2.918635136187588941e+01 2.236539633196160892e+01 3.073433161079356424e+01 3.181170024812466579e+01 2.280789969971012354e+01 2.780822659795555296e+01 3.454635048359669014e+01 3.161392691519242604e+01 4.161336514392163366e+01 4.671980363332987451e+01 5.044715066211329457e+01 4.630500595975999545e+01 4.281632446867947550e+01 3.281629832864926044e+01 3.898582377422059864e+01 3.900240159622218528e+01 4.890956606480413171e+01 4.766909478835731306e+01 4.267971991568942514e+01 3.496456030410435289e+01 2.500150189841553328e+01 3.163989150110280590e+01 2.299867732290564604e+01 3.276287327952481121e+01 3.766123648023020820e+01 3.911035647222662703e+01 4.224535584250314457e+01
3.962370847149454534e-02 9.992204580254950841e+00 4.890982755637550028e+00 1.482756945508375956e+01 1.224106408199161500e+01 2.222420726968059057e+01 3.172842454397099132e+01 3.750192723586718557e+01 3.125417503345338588e+01 2.711203923437651753e+01 1.919114414284820214e+01 1.659199290156152173e+01 2.347186430761891174e+01 2.508229578667477355e+01 1.780826000601835801e+01 2.772717194264907903e+01 2.457341869471278883e+01 2.810540156355607166e+01 3.257764149560589573e+01 3.964874662577592801e+01 4.964872702976037289e+01 5.281633651222433912e+01 4.281632446867947550e+01 4.279154147925238760e+01 3.753036019596872563e+01 4.751990440410495609e+01 5.314455802414990870e+01 4.352693170684733559e+01 3.352668922568079779e+01 2.853687802636385840e+01 3.495288045306171654e+01 3.257789796875748323e+01 3.276654582508914615e+01 2.409628314438571905e+01 3.385245424473048104e+01 2.913046045787087124e+01 3.229305044889918719e+01
2.605283927408929001e-01 2.117481774511409398e+00 1.202682396541394283e+01 7.977049754879392829e+00 1.792778379786731691e+01 2.638319970572246476e+01 3.246441021685858175e+01 3.249564679919665622e+01 2.711203923437651753e+01 1.711204604171279442e+01 2.005380707506256499e+01 1.212540309072541511e+01 1.366697017657362068e+01 1.526825717968821294e+01 2.516898084920019940e+01 2.079379213683184702e+01 3.074956526968828996e+01 3.809387174091688877e+01 4.224641374662436277e+01 4.671980363327453745e+01 4.750606515323283219e+01 4.336394913147957908e+01 4.750606515323283219e+01 5.167251656772376123e+01 4.459452037480023279e+01 4.460144358371689322e+01 5.460145163993409057e+01 4.766909478835731306e+01 4.164878141419644209e+01 3.169626864808078182e+01 4.160267892970330905e+01 4.257828501121012010e+01 3.716708547940243790e+01 3.366274606566922500e+01 2.521061402994246592e+01 3.516822067136232732e+01 4.225553392008148990e+01
3.048053885361223792e-01 1.030396899611479711e+01 1.616003408544847275e+01 1.796123586660458926e+01 1.332227459312786344e+01 1.832227459312782969e+01 2.832227459312775864e+01 2.777189498037604309e+01 1.835351859512990202e+01 1.824341875156949300e+01 1.016425010750345947e+01 1.717563070703470629e+01 2.331838831595751671e+01 2.097251701747098807e+01 2.519569475511858414e+01 3.078190808772067300e+01 2.711832584552131920e+01 3.418939205051510299e+01 4.418940090520748498e+01 4.423793890901826131e+01 4.009599340596798100e+01 3.336401037196179686e+01 4.250609373535866098e+01 4.841407477735505438e+01 5.459455157067694131e+01 5.460145163993409057e+01 5.874358955173064345e+01 4.876805435325240978e+01 3.876787449709578226e+01 3.876091330817332192e+01 4.583903190735670563e+01 4.345082843048752608e+01 3.629222573530596918e+01 2.633804067424748752e+01 3.482957545842553060e+01 3.890256409658175585e+01 4.241081785891541500e+01
5.470844782054917754e-02 4.526844402820135116e+00 1.159791221468563371e+01 2.159791221468569944e+01 2.331242997010971152e+01 2.746441021685871320e+01 3.246441021685858175e+01 2.362975620423565104e+01 1.362984361684068624e+01 8.353545257690107917e+00 1.805857561919000887e+01 2.405985686398517842e+01 3.131707913701964330e+01 3.097246748175746234e+01 3.511460322670316003e+01 3.933782098679732542e+01 3.711755793615111543e+01 4.126046578601101800e+01 4.418885820647295049e+01 3.847031956403200326e+01 3.009633881402454492e+01 2.836394758779499981e+01 3.427197790596661520e+01 4.223932829566307845e+01 4.931038474067435118e+01 4.688434806576927372e+01 5.102645958091336809e+01 5.291018931761762900e+01 4.876805435325240978e+01 4.876112954333898131e+01 4.344095831955274178e+01 3.345018228565789542e+01 2.967129697851665782e+01 3.612232873867292682e+01 2.760776821120338553e+01 3.740589124029841628e+01 3.243773853690836972e+01
