output/example/elevation_000010.asc
nrows	75
cellsize	133.333333333
xllcorner	0
ncols	75
yllcorner	0
NODATA_value	-9999
[rows 34 to 50 of 75, columns 37 to 73 of 75]
2.766686280858008899e+02 2.826086930946609641e+02 2.812970689578056067e+02 2.995713228863601216e+02 1.668721092720702757e+02 1.709371231992017783e+02 3.157319362391432946e+02 3.318935587682717028e+02 3.388933273442206655e+02 2.697195706802083350e+02 3.527190414674003591e+02 3.598212529889477764e+02 2.052922277223904359e+02 3.703060090453234920e+02 4.582862451435516391e+02 5.130574073405258559e+02 4.590354531509501044e+02 6.854291845351269785e+02 7.175347640037115298e+02 6.966652605678317514e+02 4.683076980182312354e+02 6.946068416355973341e+02 6.854841556460590937e+02 5.240690476632416903e+02 7.661444960453804924e+02 8.789908254386829185e+02 8.955526551201060101e+02 8.046042551965758776e+02 6.936306096121469409e+02 5.075503441336243782e+02 5.557324676414039004e+02 8.334194561896522373e+02 7.478308947808184257e+02 8.175734348151042923e+02 9.528272074916050087e+02 9.663636251735861151e+02 9.912096331209477285e+02
2.093820109821973858e+02 3.629338431902089610e+02 4.423019026702353926e+02 3.082237848573421957e+02 3.087493708141671505e+02 1.956787271338134531e+02 2.082436871612143818e+02 3.675972048538646391e+02 5.058343836537699758e+02 4.552323939540268611e+02 5.297844600841142437e+02 3.362466631518625491e+02 3.564789245738509749e+02 2.120919004901015512e+02 3.813891786599031661e+02 2.993269810603845826e+02 5.131010852523968424e+02 5.046698140666600807e+02 6.033169418109242770e+02 5.262166385034688574e+02 3.850462335921807266e+02 6.085203173426175454e+02 4.303991347796862783e+02 6.854839776843812160e+02 8.086826301031200046e+02 8.712219746518372858e+02 7.675095331768822007e+02 6.459862916270759570e+02 4.540252350520589175e+02 7.512171977290630593e+02 8.310839581711987876e+02 7.244168204558661728e+02 9.152358972279880618e+02 9.296325912947370398e+02 9.255680730312341211e+02 9.842322650211573318e+02 9.921422614945842042e+02
3.629586291997964622e+02 2.629004991231184363e+02 4.356344453187049339e+02 4.845725456922119747e+02 3.874724865783610994e+02 2.226768847494029728e+02 3.670693483419688050e+02 2.539348293761914022e+02 4.314904474422599492e+02 5.856304861937827582e+02 6.240929050009308412e+02 5.534747370217494336e+02 3.817582334237515056e+02 3.779969383708439636e+02 2.189992701646826845e+02 3.928385872397321918e+02 3.266542118609490899e+02 5.393800261328024135e+02 4.809740971068010822e+02 3.031688726488347925e+02 3.307755791976950377e+02 3.631324878741446582e+02 6.109526626120824631e+02 6.854824184590072491e+02 8.614209808011100904e+02 7.315761624966158934e+02 6.002563659343860536e+02 4.129281628512798648e+02 7.067843158368937111e+02 6.459307912686072086e+02 8.696830579925610891e+02 9.152247853981208436e+02 8.653257686834825790e+02 9.654255192581567826e+02 9.811889575036160522e+02 9.779743587971322540e+02 9.960362253615986674e+02
4.928380912939728660e+02 4.356348147789911422e+02 3.390483760443713095e+02 5.295098911614447843e+02 4.641830676297008154e+02 3.107436701250545070e+02 2.768803449358681519e+02 4.317674263575660234e+02 3.177894266137233217e+02 4.554723937540097154e+02 6.573132457155583097e+02 6.518338056969611216e+02 5.284617010965824875e+02 3.156396894861469491e+02 3.928386112227368585e+02 2.260758489611406219e+02 4.047689836909299288e+02 4.412382053820158490e+02 2.738674021193270960e+02 4.809741342907932449e+02 5.647440334271899474e+02 6.032711516192426870e+02 5.467486276090390902e+02 7.739558092782795029e+02 6.968451881177197720e+02 6.250464498765275039e+02 3.804119787027076995e+02 6.647312289048243201e+02 6.441222778809807323e+02 8.625856703307741782e+02 8.245906727641119005e+02 9.314045258338232998e+02 9.653912804221590704e+02 9.514973144914163186e+02 9.894409533742027634e+02 9.957256529044842637e+02 9.960370590161994642e+02
5.092604591684519733e+02 5.937922348245803050e+02 4.604713005532237275e+02 4.954652452651901626e+02 5.877403961530417291e+02 5.142275375217994906e+02 3.505028964881224738e+02 3.769475348363741887e+02 5.154759957650500155e+02 4.276363718840067349e+02 5.534134028835400159e+02 7.457194269227799168e+02 6.020785836056840026e+02 4.645910641440004269e+02 3.425470561857403595e+02 4.047691539154249085e+02 2.333040188469510667e+02 2.491985799494225660e+02 4.420781526520623288e+02 4.039778858332860523e+02 5.591161613257328327e+02 7.626233692270348001e+02 7.736834485423329397e+02 8.191030035188948659e+02 6.198070311866999873e+02 3.534605572300817471e+02 6.242189728408884548e+02 7.315762636285992357e+02 8.625671489802130054e+02 8.935876097362024666e+02 9.464547429942871304e+02 9.591111110077886224e+02 9.862606648921052965e+02 9.894365489209665157e+02 9.894406781430928959e+02 9.980307204848456877e+02 9.986525511690130088e+02
6.230923645798752659e+02 6.925230974420243228e+02 6.610241436622058018e+02 6.797078765838551817e+02 7.303456379152046338e+02 6.263507230308032376e+02 4.782338812929230585e+02 5.224707896509257807e+02 5.473204952167034207e+02 6.346941467399003614e+02 6.940296755262662600e+02 7.905735350434050588e+02 7.399124078142133385e+02 6.324844296473271470e+02 4.992434793157606236e+02 3.738912062025841010e+02 4.171779623903599372e+02 2.411025607756372438e+02 3.648676709872713673e+02 5.909286987613377278e+02 6.962254486030313956e+02 7.978253342206182879e+02 7.541931988471909563e+02 6.442377156908091820e+02 5.668319851165095997e+02 3.370928886133829678e+02 5.987133390544138365e+02 7.205165669706933613e+02 7.357578695405494500e+02 9.005525694306207924e+02 9.431184200179263826e+02 9.564283506437809592e+02 9.802960315916789114e+02 9.933046331319254705e+02 9.946652319483559950e+02 9.928341962171310797e+02 9.915898002999844039e+02
5.692102948145084156e+02 6.831682971580548838e+02 6.700806182295978033e+02 7.189362403133393400e+02 8.177003521671616681e+02 7.533235344038777157e+02 6.990000755536694896e+02 7.132456649418736561e+02 7.357980764514048815e+02 7.815898116759627783e+02 7.349589585553163715e+02 6.800629794343695949e+02 7.349857290170378974e+02 7.686513607902787726e+02 6.561026205920910570e+02 5.849263692102992991e+02 4.407763119317739893e+02 2.466908561798651931e+02 4.409974323944247772e+02 5.198926700432839425e+02 6.301255722420277152e+02 6.989315785232128064e+02 5.117575489326575848e+02 5.368349574146747045e+02 3.176280833913018569e+02 5.668320053975985502e+02 3.996818709154370026e+02 4.569303350448654442e+02 7.357579854766095195e+02 8.601773904796702936e+02 8.233293242638841321e+02 9.101022847479907796e+02 9.661917718769020667e+02 9.843758296365490423e+02 9.795772374152671773e+02 9.618863370606875378e+02 9.876900291053644878e+02
4.888493383093642137e+02 5.618904680926091260e+02 5.205553024139145464e+02 6.701355181890306767e+02 6.939239066117920629e+02 8.180531951462695588e+02 7.799275309882352758e+02 7.139691436275139722e+02 6.577541206114501620e+02 6.444547733950296333e+02 5.791581328557316510e+02 4.774922937357056867e+02 6.016441018072250699e+02 7.861361618936288096e+02 7.037162722908336718e+02 4.621464333535442393e+02 3.276691974307525470e+02 4.411191803945918082e+02 2.548348106260690429e+02 4.558548045878399648e+02 3.810479898616618470e+02 5.635761457764421039e+02 5.172360907206242473e+02 2.999727830286429935e+02 5.368349471206400949e+02 6.423805180566495210e+02 6.760611088349012334e+02 7.277805389444384900e+02 5.765999694590312856e+02 6.799260695976096258e+02 8.500887354766784938e+02 9.532317604643097866e+02 9.654054948422689222e+02 9.543769477692325154e+02 9.066305085988695964e+02 9.795777104680510092e+02 9.946832711150252635e+02
4.034334120784035349e+02 4.296488821311810398e+02 5.639756933371627383e+02 5.724178078898802369e+02 7.160089090629119255e+02 7.537937788336406584e+02 6.628990866611972024e+02 5.465069418793382283e+02 4.662870310719916915e+02 5.013117887965862565e+02 3.875113457820596068e+02 5.791582083379935284e+02 7.349900476405683776e+02 8.260962760055954277e+02 7.601414084599396119e+02 5.535868421207132997e+02 5.185242264214424495e+02 3.704397566788808831e+02 4.558547871131775651e+02 2.632263230142567636e+02 2.693185117507051700e+02 4.821561247830921388e+02 2.888519739001966968e+02 5.172045448731697661e+02 3.163685754546436897e+02 5.654322628469706160e+02 6.704636474650727678e+02 8.187067420962082451e+02 8.222120174920241880e+02 8.606035486944037984e+02 9.076326479480530907e+02 9.343485002108649269e+02 9.139214173134043904e+02 8.215902235222806667e+02 9.543769237377124455e+02 9.795772532927558132e+02 9.962428463997797508e+02
4.599443981038448328e+02 5.632404188004372827e+02 4.879178708848688757e+02 6.305782770262454733e+02 7.509707027043829157e+02 6.323433716013153116e+02 5.137918224709113701e+02 4.123250225173719627e+02 4.667473191817444444e+02 3.312291077703252995e+02 5.013627436104685557e+02 6.161755917529682165e+02 7.419718682461946173e+02 8.210906153168358514e+02 8.223264882500012618e+02 7.737737674159606058e+02 5.715728372555247461e+02 6.089723581100213323e+02 4.342888017572256558e+02 3.308662094777403695e+02 4.820236432444978050e+02 2.782409487031281969e+02 4.982392105254714920e+02 5.972513484574490121e+02 5.655484280648391859e+02 3.342548113944035890e+02 5.229282908013286715e+02 6.986082555851603502e+02 8.416417147230625915e+02 8.807447396211935029e+02 8.912697841944833499e+02 8.586071795191519413e+02 7.135662367993237467e+02 9.139231075480541904e+02 9.656430820590859412e+02 9.896692547857687714e+02 9.896697723153248489e+02
5.577303019695963258e+02 6.533919905777983104e+02 6.305782463558449535e+02 6.415828542267940975e+02 6.099786802974332431e+02 5.166423264594455986e+02 3.850766871090047516e+02 4.371802099726279494e+02 3.073524860128348450e+02 4.669643924629914409e+02 3.642279029556203227e+02 4.903916347864691829e+02 5.971271123818106616e+02 7.029303731810113050e+02 7.683912343936633533e+02 8.253390157693402216e+02 7.829737704503583018e+02 6.762016344401524748e+02 5.066313133488574749e+02 5.703050489398083300e+02 3.435958822059046724e+02 4.982535339771195595e+02 2.998894119103462117e+02 5.361934667486624448e+02 6.534063547163805197e+02 5.953491830823599003e+02 3.541310885466885452e+02 5.556059868666994817e+02 6.455722913276555346e+02 8.345010312693819969e+02 7.927786820849637479e+02 6.003570002714255907e+02 8.586097779817735045e+02 9.345634541226486363e+02 9.713700144198455746e+02 9.508709970874251667e+02 9.825597331856110941e+02
7.054971837305887448e+02 6.325295768597305823e+02 5.566944486835881207e+02 4.491578085731050578e+02 5.408593015141917704e+02 3.590493457811101621e+02 4.114500235023512573e+02 2.861253707613039410e+02 4.371790706670662416e+02 5.118276596784201615e+02 5.483508090352505633e+02 4.057278900781956850e+02 4.487234764333200019e+02 5.065156135314466610e+02 6.666076575657490366e+02 8.356916637715859224e+02 8.825526793148121669e+02 7.887249773663357928e+02 6.977928142809464589e+02 6.562572286015425789e+02 4.050264015330863003e+02 6.155458528292306255e+02 5.362033799311857365e+02 3.244255282945835575e+02 5.741253643996275287e+02 6.975231745041128306e+02 6.268498171219317783e+02 3.767390639223129369e+02 6.602891187270436149e+02 7.206676534894495489e+02 5.007560418040047239e+02 7.927805963097389395e+02 8.912499685076950300e+02 9.364696304284877897e+02 8.824607107664495516e+02 9.713698688246128086e+02 9.922893955154116838e+02
6.318887067222808582e+02 5.638053563358375868e+02 3.815055064955390094e+02 3.254269144183489288e+02 4.558617525031039577e+02 3.884731771005264704e+02 2.674983416302725345e+02 3.731705465435658198e+02 3.686195819373236873e+02 5.584098938907795855e+02 6.579376239633817249e+02 5.480283353673979718e+02 5.320443376970303007e+02 7.056048398088554450e+02 6.357572392649059339e+02 7.564133488746383591e+02 8.895965575374531227e+02 8.901912139367101418e+02 7.298372312620285811e+02 5.447490957565836425e+02 6.681870047136666244e+02 7.295174025407197860e+02 6.062645836972908455e+02 3.436223971254237313e+02 6.061837248340173119e+02 7.239825901716466205e+02 7.278241657595943934e+02 6.602892410903449445e+02 4.030547986940968030e+02 4.239394961432840887e+02 7.214254822044370030e+02 8.142504750819258561e+02 8.816189251389714627e+02 7.769025729391441928e+02 9.364698858014345433e+02 9.784743068755381046e+02 9.920755067346467513e+02
4.587381588067173652e+02 5.069225065993169892e+02 3.760972112572003425e+02 2.591932261307388785e+02 3.669503513975791975e+02 2.503850615101783603e+02 3.395897868711314231e+02 4.114626292702621981e+02 5.303643546672702769e+02 5.359985290110449796e+02 7.289905519731777304e+02 7.466007557129642009e+02 7.350478564136905106e+02 7.088346807055286263e+02 8.122384888795255620e+02 8.308383395821609838e+02 9.126893574728626390e+02 9.197623184100876870e+02 8.287491047308030829e+02 7.087880541054115611e+02 8.287490590333425189e+02 7.546901121353185999e+02 4.885742937628179448e+02 6.078842586453450849e+02 3.782071757193280632e+02 6.569092021033692390e+02 7.715742317372754542e+02 7.582021489495050446e+02 6.301526765568054316e+02 7.208171416985334190e+02 4.663855219929085365e+02 7.644925571326663203e+02 6.477018927928151015e+02 8.816719880348803144e+02 9.518186339195993924e+02 9.638168265753525930e+02 9.911630962916310637e+02
4.582214157997603365e+02 3.984922650761776026e+02 2.902989909909494486e+02 2.229360497128495808e+02 2.340723468324069643e+02 3.671744858481405345e+02 4.559958677621246466e+02 5.724138139577440825e+02 6.455623289186409011e+02 7.259025227282861579e+02 7.136186729610675457e+02 7.627707678850463253e+02 8.418041344030242499e+02 8.628938074324496483e+02 8.914837123573063309e+02 9.073107759936281127e+02 9.107140368166845974e+02 9.304461266433775108e+02 9.063823853425913057e+02 8.804821694487553714e+02 8.875002817813433467e+02 7.044288047420795920e+02 7.550077328634401965e+02 5.379320857156566262e+02 6.569115848399237620e+02 4.251931785370695707e+02 7.122891450786347605e+02 8.206851793999508118e+02 8.536915006776810060e+02 8.157291770511018285e+02 7.645030229092169520e+02 5.183464548901538365e+02 8.075031705934972024e+02 8.875064829263103547e+02 8.790560855460570338e+02 9.477018069176180006e+02 9.714685300479294483e+02
3.793199800706883025e+02 3.166404496710997591e+02 2.080231478681318720e+02 3.343709836168596894e+02 3.665273193053046725e+02 4.334960926871390825e+02 4.946007964164867872e+02 5.608346209799980215e+02 6.257691166044149895e+02 5.606142748976700432e+02 5.262276507832456218e+02 6.471119603344957341e+02 7.748617934093019812e+02 7.455417534391682466e+02 7.747621451695637234e+02 7.608893175773654320e+02 7.701523030561421592e+02 8.582689331352838735e+02 8.884349980917339735e+02 9.345003328729213763e+02 9.140783263574743387e+02 8.892023794485838835e+02 7.309065772153260241e+02 7.939797718064246510e+02 6.501153093634688958e+02 7.123084506014600947e+02 4.889146304070118276e+02 7.715695642861907118e+02 8.692046094138446506e+02 9.341929639526540541e+02 8.075069204997281531e+02 8.075041670828215956e+02 5.892917123347546067e+02 6.956067741429392299e+02 8.065957428587487357e+02 8.966673838968366681e+02 9.682820130902376832e+02
3.040075708626796995e+02 1.934605547883893735e+02 2.041286413573386653e+02 2.148897243226984415e+02 3.435872551120197045e+02 3.786614028936805880e+02 3.297882198562548410e+02 4.929469570795937443e+02 4.828357754373973307e+02 3.770404036674448207e+02 4.582348593020425938e+02 6.234910582642992267e+02 6.690574306950702521e+02 5.162175862789838447e+02 5.744457117915619619e+02 5.668209006002751948e+02 7.569842487729310960e+02 6.656164201944244496e+02 7.747086365885181749e+02 8.822714662075053411e+02 9.616229440331577507e+02 9.247585678253809647e+02 8.621004833120176727e+02 8.930500519106620914e+02 8.283541425159254459e+02 7.715704803747548794e+02 6.868011616584458352e+02 5.727490870564163288e+02 7.425193182260957201e+02 9.142372117371741069e+02 9.408039919683253629e+02 8.611908651925521099e+02 8.528933269510655464e+02 6.812170998314865074e+02 9.004569709539916857e+02 9.581376451701538599e+02 9.756775671674593013e+02
