output/example/elevation_000414.asc
nrows	75
cellsize	13.33333333
xllcorner	0
ncols	75
yllcorner	0
NODATA_value	-9999
[rows 51 to 67 of 75, columns 37 to 73 of 75]
2.360260555936358084e+00 2.360260555936358084e+00 2.360260555936358084e+00 2.360260555936358084e+00 1.208181683067530443e+01 9.853194456126518119e+00 6.397562334399022888e+00 2.810253515704796978e+00 1.227890671547139867e+01 3.152370336632326797e+00 4.144350312275935089e+00 1.481442655798164409e+01 1.643115121067929962e+01 2.681717947878138020e+01 2.307817404710000986e+01 1.892316806835875198e+01 1.254837114960665367e+01 2.258976167096800580e+01 2.109028438229404756e+01 1.807269346970289092e+01 2.029010909491516657e+01 2.966383907917267138e+01 2.131031071766722107e+01 1.140971132353318751e+01 7.970337996790880730e+00 9.043757719201423129e+00 1.891423227732461498e+01 2.968427656107778745e+01 3.059855717705750067e+01 3.452288479132257493e+01 3.873287686374504801e+01 3.776443508886676881e+01 3.227329997799823502e+01 4.060217160161536043e+01 3.730303456187137812e+01 3.439779022696479416e+01 3.439779021767081701e+01
1.208192611133009642e+01 2.360260555936358084e+00 1.208197250515589083e+01 2.360260555936358084e+00 2.360260555936358084e+00 2.360260555936358084e+00 2.504431325835001498e+00 9.288468394234238090e+00 1.478099285951459407e+01 1.728489450633173874e+01 1.481673817545941674e+01 5.578033176829685580e+00 1.643364366291423906e+01 2.239701812698327288e+01 2.758533379779936112e+01 2.538844172170355762e+01 1.529764538625637549e+01 2.538844172170355762e+01 3.140610258333092020e+01 2.837539329028827950e+01 2.987439149187942533e+01 2.757036436758579612e+01 1.696501645037135120e+01 1.588674483856824615e+01 8.471897277699655504e+00 1.543874540986776722e+01 2.487419444099907295e+01 2.925701634822729957e+01 2.900479190203487079e+01 3.315215828633894546e+01 3.483328852166761180e+01 2.777277326683711323e+01 2.647136977008478453e+01 3.647467497435160766e+01 3.305379263289223246e+01 2.733767738869248021e+01 3.439779023259944069e+01
1.208270886382354981e+01 1.081520727278072513e+01 1.619456706837824456e+01 1.208182305817206625e+01 2.360260555936358084e+00 2.360260555936358084e+00 1.207395892088237055e+01 8.008261007551492838e+00 1.773123226244253559e+01 2.292835813158702152e+01 1.253843223698228293e+01 1.643364366291351786e+01 7.290423735127712135e+00 1.291056823290854716e+01 2.339133877579518739e+01 2.953535197118380040e+01 2.538844172170355762e+01 2.035695180793167580e+01 2.749386932736927847e+01 3.748386579411859998e+01 3.512386029656309461e+01 3.014255052254003431e+01 2.418645365260691449e+01 1.805452775486023143e+01 8.471897277699655504e+00 1.805452775509136387e+01 1.512826672547151041e+01 2.184321258467796767e+01 1.889971378408809599e+01 2.900479132872156285e+01 3.069926396349408293e+01 2.063304496588175851e+01 2.792094481005791451e+01 2.986909751719308304e+01 2.298290107829121709e+01 2.685112580152609496e+01 3.391753842563051080e+01
2.200603880871654638e+01 2.137735632582966971e+01 1.711367375717733452e+01 1.251545481406672700e+01 2.756731621275271493e+00 9.489641213928447172e+00 1.656381375897335317e+01 1.381465911183655848e+01 2.273101532909909039e+01 2.267326454385724332e+01 2.292835763790475312e+01 1.815125349045269587e+01 7.290423735127712135e+00 1.815125892631598603e+01 2.758529008934858950e+01 3.281232785043182787e+01 3.455488346326094984e+01 2.619304106771856766e+01 3.455488346326094984e+01 3.705334067007996879e+01 3.080088270486621838e+01 2.208418634064408792e+01 2.007361702049114172e+01 1.034621806332508775e+01 8.471897277699655504e+00 8.471897277699655504e+00 8.471897277699655504e+00 1.192816440955568602e+01 2.185703793920854920e+01 2.771419041247280646e+01 2.360194615220044767e+01 1.771377234979199145e+01 1.787429777808461751e+01 1.974619910641146703e+01 2.563525926656590670e+01 3.565262887194054287e+01 3.391753842664488872e+01
2.453535330087239075e+01 1.504357750652070180e+01 8.616957590721570526e+00 3.443279348078174706e+00 1.229628525460847754e+01 1.660954788965334572e+01 2.449216873123349814e+01 2.555178379783379583e+01 3.070312904783819263e+01 3.217832142523960925e+01 2.311379706453159955e+01 1.266597217148001597e+01 8.667703614489910890e+00 1.942919391268589635e+01 1.839139591720586608e+01 2.560188986250515697e+01 3.150557855153928699e+01 3.619392772752108556e+01 4.032370137809952837e+01 3.291631026933396953e+01 2.276952508491616811e+01 1.678599902244168973e+01 1.329860802160871991e+01 2.007363382401243257e+01 1.512838243536295479e+01 1.805452788842955414e+01 8.471897277699655504e+00 1.805452737115850326e+01 2.028975526460717660e+01 2.166718846514481100e+01 1.403195715819289724e+01 1.548295142804571434e+01 2.234207820730410177e+01 2.986909744281076939e+01 3.400419948813923554e+01 3.977796882747359319e+01 4.383634783226420240e+01
2.529658180361408881e+01 1.640472763722852534e+01 1.335902718058240879e+01 3.443279348078174706e+00 1.280813794449320397e+01 1.462824610341391107e+01 1.976044198601248780e+01 2.560227336495325545e+01 3.414992166734185730e+01 2.954884496200475752e+01 1.937414086520262302e+01 2.311254760238516681e+01 1.504704558770038858e+01 1.082310448128395919e+01 1.082310448128395919e+01 1.704980458247311859e+01 2.732410909914388242e+01 3.494933406192103575e+01 3.913812819924766018e+01 3.530328537005428302e+01 2.520484771051950545e+01 1.958312524523102027e+01 2.033997189351940449e+01 2.745530438823479713e+01 2.511886792669959689e+01 2.020733988153718386e+01 9.010636668335077815e+00 9.504614605586095166e+00 1.074993869178222994e+01 1.221836063837848130e+01 2.166839734777799364e+01 2.528256568268180970e+01 2.942896746623892668e+01 3.651584823920769907e+01 3.957723555810051863e+01 4.266059091677800552e+01 4.358502552176351230e+01
2.714105221701435511e+01 1.544624905083598065e+01 7.524337592941631847e+00 3.925312096720726007e+00 7.856323575774699641e+00 1.789282785253185892e+01 2.130046737675495905e+01 2.511745260525367840e+01 2.929020738050968475e+01 3.369026103952902673e+01 2.661460374010621877e+01 2.958107343969874137e+01 2.540734667230414345e+01 2.139188981593861172e+01 1.082310448128395919e+01 2.137457409181911316e+01 2.774580721173855125e+01 2.477852755887067104e+01 3.494933406192103575e+01 3.943605355494718623e+01 3.382353700748100778e+01 2.544691347298954653e+01 3.043259802926684188e+01 3.072411044920598755e+01 2.350600607103046613e+01 1.929042792750956892e+01 9.504385145312570060e+00 1.887448140995602586e+01 2.038011793561770446e+01 2.166386589308951471e+01 2.576846800817932959e+01 3.015023447882117935e+01 3.445411681818077909e+01 3.644683463313711513e+01 2.900478094890483050e+01 3.210138121015125989e+01 3.298140997093068449e+01
2.685854552902208425e+01 1.714481418806292723e+01 1.356975976345761303e+01 4.386844710562789906e+00 1.435627326963116346e+01 1.653138700723290100e+01 1.116974052281752527e+01 1.501073407592125619e+01 2.215644272393937086e+01 3.208763492478742307e+01 3.663272991518642385e+01 3.328331272015274322e+01 2.306470848247484540e+01 1.569385614068511892e+01 2.139188994927976140e+01 1.344594006245505824e+01 1.747713139950107930e+01 2.775748781347787997e+01 3.535312644465643928e+01 4.114493237545235615e+01 3.960269727561235698e+01 3.547418568888440404e+01 3.211621537814428251e+01 2.487606489240643626e+01 1.628790169285495892e+01 9.504385145312570060e+00 1.929042792750956892e+01 1.025767040697990673e+01 2.019101346917963724e+01 2.529447832809518104e+01 2.214995793452125383e+01 1.956177244968877815e+01 2.924498640843405539e+01 3.210138121015125989e+01 2.152710938858325918e+01 2.554181829356934941e+01 3.298140997093068449e+01
2.092068914965999227e+01 1.622210532791192250e+01 1.436394775894718201e+01 4.386844710562789906e+00 4.386844710562789906e+00 6.374079817029801198e+00 1.653381984317322662e+01 2.511745260525367840e+01 2.927456901586005600e+01 3.450384827828253975e+01 3.987877220873578921e+01 2.955822353793853807e+01 2.230028714686577729e+01 2.319901348978829958e+01 2.802499781372926435e+01 2.383763655216097277e+01 1.642401517784754716e+01 2.108479126439593543e+01 2.695796164614658608e+01 3.698786143985025632e+01 3.499414111338261080e+01 3.084267160317891410e+01 2.692750162989244345e+01 1.763289669389832426e+01 1.064413484158009382e+01 9.504385145312570060e+00 1.929042819417631094e+01 2.019433336318182626e+01 1.102747588953510061e+01 2.111222528855483915e+01 1.183207636218246783e+01 1.765963467687774013e+01 2.526171082740131268e+01 2.875750274388883909e+01 2.152710938858325918e+01 2.626839232896372422e+01 3.233607605701114096e+01
9.590958111001908648e+00 5.464567583817086849e+00 1.489272429594135971e+01 4.831960662985895993e+00 4.386844710562789906e+00 1.436742028435630836e+01 1.092428352290834503e+01 1.507481152356398724e+01 2.015491924206139984e+01 3.054284376657745881e+01 3.811681010177279916e+01 3.680289811776682285e+01 3.254805898792504593e+01 3.409547298373939128e+01 2.779364788376503270e+01 2.068587402468459047e+01 2.667473589483787322e+01 2.197383359106752465e+01 3.207290511670867517e+01 3.421570388737878687e+01 2.909010590704455979e+01 2.053227470016835809e+01 2.270936159058962289e+01 1.242578783509927121e+01 1.929042832945974695e+01 9.504385145312570060e+00 9.504385145312570060e+00 1.929042847208758360e+01 2.111138566319698739e+01 1.183207636218246783e+01 2.205563633321997230e+01 1.428197108539038496e+01 1.614787009108713534e+01 1.815848452444843275e+01 2.429011541521003181e+01 3.486764159749783687e+01 4.115410305237365662e+01
2.091154717869877189e+01 1.565350635679726565e+01 5.464567583817086849e+00 1.489259688552051308e+01 1.436140921205793752e+01 1.856675158797004599e+01 2.110946644258843818e+01 2.103443896959912962e+01 2.950870777572038861e+01 3.452644909454217981e+01 2.814659226807421888e+01 3.490102606241380556e+01 3.908389525524275143e+01 4.147127017524652359e+01 3.411122995716469575e+01 2.410431355758342775e+01 3.411121991940646581e+01 2.705834982941799893e+01 3.622813612295220054e+01 3.006159910995765117e+01 1.971832321964951618e+01 1.443301968056400675e+01 1.443301968056400675e+01 2.270936159798921494e+01 2.270010774222190619e+01 1.248672636222968180e+01 1.495495958699153149e+01 2.350603436361012655e+01 2.629274040126923140e+01 1.903201896135911042e+01 1.274694889683906673e+01 2.311232167182071606e+01 2.631574484881811316e+01 2.872314778740756225e+01 3.310793250401014376e+01 3.920974239890770008e+01 4.221772318273121982e+01
1.910559684887942211e+01 1.192427988436084618e+01 1.564346344391559995e+01 5.464567583817086849e+00 1.565834097424526483e+01 1.995618273935086151e+01 2.977102313537189815e+01 3.103350802052783663e+01 3.079032387731451337e+01 2.658739073252532492e+01 2.099008972149568208e+01 2.483187164285467929e+01 3.065682282327982122e+01 4.069938558391202577e+01 3.824731330226254045e+01 2.913375439334142669e+01 3.824696198318535778e+01 3.415463911007972087e+01 4.124127461776873105e+01 3.421570084359314023e+01 2.488996116900174371e+01 1.443301968056400675e+01 2.488996073155877298e+01 2.909010709446772225e+01 2.667653967671893156e+01 1.631662452028393417e+01 2.521279652017738826e+01 2.940574291871737955e+01 3.360278489549659042e+01 2.732144710013583122e+01 2.311549820470812122e+01 1.370006469261944027e+01 1.573653134159587097e+01 2.631982953644024548e+01 3.186301936589142869e+01 3.521864148606193368e+01 3.232065734547777680e+01
2.205377983039667811e+01 1.922442319941079703e+01 6.203003989830617293e+00 9.832621455267226196e+00 1.047547947849609074e+01 1.710492163308408209e+01 2.687987156429987579e+01 2.751804789920981520e+01 2.330806523600699620e+01 1.646555362766996922e+01 2.362392920201524760e+01 3.374181630159191059e+01 3.908385660357742353e+01 4.489775303239778026e+01 4.323167337589146797e+01 3.908870499851045111e+01 4.323167183243545253e+01 4.416784361696704053e+01 3.952838890922356541e+01 3.394915155242056670e+01 2.376321199860041489e+01 1.624508032541121949e+01 2.242425602337694457e+01 3.265103464010566370e+01 3.091046730186931413e+01 2.237373430229540006e+01 3.089764221408841749e+01 2.977483246874439260e+01 2.845628776833843787e+01 2.539471831893996878e+01 1.478312468945440550e+01 2.305393294344501953e+01 2.618833392670047289e+01 1.912403530755576497e+01 2.165292898058777382e+01 2.519305705341843904e+01 3.103390526810344241e+01
2.254145541046143819e+01 1.699722146586692872e+01 6.771749889879237649e+00 1.650273427548264493e+01 1.995903957626103420e+01 2.408534913962927959e+01 2.479415954122654497e+01 2.059289981679957293e+01 1.332170610829120427e+01 2.330806523600699620e+01 2.362392919886078602e+01 3.077842395472416825e+01 4.089605804712123671e+01 4.023814826715918969e+01 3.598547335501687883e+01 4.023834205270838282e+01 4.614118050468907484e+01 4.114241857841712147e+01 3.119164343324012378e+01 2.531904113123032829e+01 2.131786702762387264e+01 1.886696679131036092e+01 2.927039240366724471e+01 3.679233566170954361e+01 3.691411855010498755e+01 3.260055803479208691e+01 2.977489027278685185e+01 1.934026876279571283e+01 1.792487818688822188e+01 1.657817978576335705e+01 2.539829464101729428e+01 1.636505242664400228e+01 2.683698136241630294e+01 2.953133027902838492e+01 3.187717143074105053e+01 2.723144570080989624e+01 3.721198778931997708e+01
1.835663453461389238e+01 8.221565825034714337e+00 1.699724935907731549e+01 7.804407151963427047e+00 1.724561855616286365e+01 2.136616420574673114e+01 1.817551980518066657e+01 1.091474331800968578e+01 2.059289936241760444e+01 2.034046607374847326e+01 3.047248174716215985e+01 3.795642808957095582e+01 3.479521021170827311e+01 3.056116935757841446e+01 2.583753328042215003e+01 3.168219280110148972e+01 4.186387280486915330e+01 4.528533773883096814e+01 3.953126949807639789e+01 3.539727365442631424e+01 3.158800028967486639e+01 2.200728713650282131e+01 2.742701324506565541e+01 3.752858695229459585e+01 3.893748107844500339e+01 2.870470312292223269e+01 2.138195004519221243e+01 2.977483622525511464e+01 2.548591909650081888e+01 2.719427817571645889e+01 2.795233185566609535e+01 1.754928944723200601e+01 2.795230381427604982e+01 2.958015618849568540e+01 3.364306963153204322e+01 3.721200223017056175e+01 3.431633836829404061e+01
9.660279423577996738e+00 1.831102628413601252e+01 1.075066368598729127e+01 7.804407151963427047e+00 7.804407151963427047e+00 1.724553176462752191e+01 8.792732051883668021e+00 1.817551981109962256e+01 2.479443784632433889e+01 3.047248182853228471e+01 3.469553115889677031e+01 3.080150673597455580e+01 2.657396735157572820e+01 2.039576048072856551e+01 2.758532757641802391e+01 3.774548695166961210e+01 3.891370957320020807e+01 4.318147447646470738e+01 4.456556218121853163e+01 3.464882028689962112e+01 2.756468933105555408e+01 2.799483617280629488e+01 3.634674315146637014e+01 4.169229001810926150e+01 3.875637546656190580e+01 2.873664093246186013e+01 2.283268440301568347e+01 3.299473619254927570e+01 3.567686338212914876e+01 3.492023504139135071e+01 2.505123110084793581e+01 2.795230442127978066e+01 1.935065506616156839e+01 1.935065506616156839e+01 2.670869803433917156e+01 3.651276903329709711e+01 4.420275319758645338e+01
1.422291639397954022e+01 1.368723647609453131e+01 2.044577809634769849e+01 1.724566683480825802e+01 1.724566892685674091e+01 8.792732051883668021e+00 9.555225168724806650e+00 1.897707919715355729e+01 2.434929413197811954e+01 2.820172340309234471e+01 2.740648825403878064e+01 2.318213545732632852e+01 1.639847387251838029e+01 2.657396735157572820e+01 3.479524552479317379e+01 3.248761028941687812e+01 2.875315484272228872e+01 3.591654286182131983e+01 4.614951162706041998e+01 4.167802579242056993e+01 3.336276585799323868e+01 3.799195130891600769e+01 4.217532335423394585e+01 4.651112208400430603e+01 4.284603950997360045e+01 3.439240584570989512e+01 2.431247613262162233e+01 3.144242694700531970e+01 4.151459567110591564e+01 3.894162848474824301e+01 3.487988759576273168e+01 3.076921558584727734e+01 2.068121686461256559e+01 2.958017946641643903e+01 3.253196908141519827e+01 3.595537035292078798e+01 4.001337364131714480e+01
