output/example/elevation_000045.asc
nrows	50
cellsize	20.0
xllcorner	0
ncols	50
yllcorner	0
NODATA_value	-9999
[rows 0 to 16 of 50, columns 0 to 36 of 50]
2.590084917154735766e-01 1.018644492922097911e+01 1.494816897854502002e+01 1.460631519816058876e+01 1.874912917455078443e+01 2.105688284257360721e+01 1.104429060792664963e+01 8.917757431929658196e+00 1.426117855233828813e+01 2.256484676597815309e+01 2.351244525585969569e+01 3.351324071083590184e+01 3.821618314677098738e+01 2.834188656228881698e+01 2.155134509451213987e+01 1.607726893291484771e+01 1.444800589124158030e+01 2.015446473795774551e+01 2.066868623144025818e+01 1.070818401153909960e+01 8.490763327906382330e+00 8.566958477338401323e+00 1.582559145170614556e+01 2.327857024829334165e+01 2.772753783947211303e+01 2.916781263748811170e+01 2.993828175242625633e+01 2.620652359916862650e+01 2.728160944138932464e+01 3.717161748741055760e+01 3.338653225743276209e+01 3.987275597941991379e+01 3.845700548012753472e+01 2.814778499278841295e+01 2.099584890560196726e+01 1.663411797539170323e+01 1.669002554649810222e+01
6.054987779269863646e-01 1.060549877792695028e+01 1.460631519816058876e+01 -1.185371743454626454e+02 1.460393618892587320e+01 1.761593191410890924e+01 7.860247713460084995e+00 7.948741537816087721e+00 1.013190442702653193e+01 1.350770127424361888e+01 2.333291534007167556e+01 3.036120747897892969e+01 3.614173380251715884e+01 3.229881844478302355e+01 2.259049122212932659e+01 1.935024616223708804e+01 2.102589095993754853e+01 2.826918587812617645e+01 2.476304377189697092e+01 1.585038605992644456e+01 8.064965212615030410e+00 8.261308405879427497e+00 1.724015302750643031e+01 2.032517391514711136e+01 2.522729686232282020e+01 2.896974595231882432e+01 3.328329048460577866e+01 3.605630467590982136e+01 3.717161748741024496e+01 4.130854644520591279e+01 4.336345856366360607e+01 3.854434965549496894e+01 3.450993255927433268e+01 3.344379574203021832e+01 2.719531279682398406e+01 1.763629221114197421e+01 1.383583344888282518e+01
3.430590528629120506e-01 1.034305905286287697e+01 1.164172810392435409e+01 6.542866535886385115e+00 4.604517101999146433e+00 8.537297711526235844e+00 6.267060178654054958e+00 9.657443618484826686e+00 1.613935967542299466e+01 1.309317207155789475e+01 1.618328351429367373e+01 2.198239388258045679e+01 3.199997267294250491e+01 3.643835620001497944e+01 2.721290207104837577e+01 2.602660470392745040e+01 3.071985221634890806e+01 2.806938945802825813e+01 2.339082869765115547e+01 1.749300821592694177e+01 1.304918496228327029e+01 7.733139023401356837e+00 1.179992976239197588e+01 8.273183098123237045e+00 1.573715396430565683e+01 1.902327100517537062e+01 2.672767018539084916e+01 3.125745397439687068e+01 3.707341993238163269e+01 4.304231329523579319e+01 3.918002658476276423e+01 3.450993255927433268e+01 2.504199301958591306e+01 2.400661607089061178e+01 2.819508967771033525e+01 2.386385517526830569e+01 1.449750075058656051e+01
8.235039275605838816e-01 9.005639800275115903e+00 2.454499007079482098e+00 3.251155134945951097e+00 6.534016065240781934e+00 -1.796462659856942139e+02 5.294709533831927217e+00 1.509372159181052986e+01 2.378901981684711231e+01 2.021902142950464665e+01 1.806554931254126828e+01 2.385025501160322747e+01 3.385481885458326445e+01 4.121308775144068193e+01 3.705825265552827830e+01 3.583625087648097463e+01 3.128943838334575744e+01 2.039318387710953573e+01 1.284073085434211237e+01 1.448582034182824607e+01 6.883423073507672463e+00 7.125647127161250260e+00 3.119996951774488547e-01 8.999958011185771767e+00 1.088187056260852614e+01 1.326463065438900735e+01 1.696847010549765500e+01 2.282716164036341056e+01 3.275593378927241162e+01 3.766806183646210826e+01 2.987813947230896972e+01 3.277981194568609880e+01 2.617883316702582874e+01 1.845087788478809188e+01 1.882905379198430751e+01 2.300307355683620614e+01 1.897188116129474622e+01
7.161369641965544819e-01 1.661048146719622087e+00 2.069814820794926291e+00 2.379489078026132187e+00 1.212739645766751551e+01 1.390616999663306608e+01 7.036100551781230727e+00 1.092057358139763856e+01 2.080887223996294466e+01 2.548867908041446384e+01 2.790204248249937180e+01 3.222201768786189291e+01 3.799769695141073811e+01 3.498259468892178603e+01 3.298038474848907953e+01 3.378141100204631186e+01 2.944135227649267605e+01 1.857722292046889123e+01 1.111203455203818535e+01 6.646170265342730588e+00 6.321464256845795049e+00 7.429230894250257400e+00 1.571889632288431748e+01 1.482335649691502688e+01 1.678511499152492092e+01 1.679590468030194117e+01 1.681133040743273810e+01 2.405520351937441959e+01 3.405133458258929835e+01 3.365094242980097050e+01 2.422154070573886742e+01 2.314327261168565641e+01 2.896930288385569341e+01 2.093493430245043285e+01 1.376065992921770409e+01 1.613954561208815619e+01 9.058472837597763672e+00
6.490390650280113416e-01 9.829046792027385848e+00 1.191081892096339345e+01 7.780319732502909424e+00 1.656896388007480070e+01 1.915130826698975852e+01 1.013401790586758899e+01 9.321356491336306505e+00 1.150988035297112688e+01 1.657211862997453977e+01 2.363192978863650850e+01 3.362109785369874970e+01 3.498260341216197844e+01 2.501467219550004017e+01 2.300990303529517789e+01 2.381686075532598323e+01 3.087370695580736069e+01 2.302639900125803862e+01 1.249430124788282193e+01 5.570086655055053626e+00 5.838103835190308288e+00 1.471271582401462652e+01 2.051778278115771315e+01 2.479140977066758111e+01 2.458261794740765183e+01 2.619065731102310224e+01 2.582142962795519026e+01 2.698294057024939008e+01 3.704135835599211646e+01 3.365363480360282722e+01 2.410688905319110020e+01 1.825610917093164787e+01 1.870205196979205908e+01 2.422578057710063248e+01 1.454717948774346858e+01 9.794753250282592916e+00 7.531510913694424936e+00
9.330058981412470143e-01 8.004073710006696984e+00 1.800407371000662593e+01 1.772594653651083974e+01 2.186546650423785110e+01 2.009726145832463473e+01 1.992776294543376636e+01 1.160629692845200545e+01 1.270165182964536577e+01 1.688340076533569700e+01 2.268596871080188393e+01 3.270938663009619063e+01 3.230840461973983935e+01 2.233807865498221901e+01 1.689093239308781946e+01 1.677981392032398489e+01 2.425214068937932410e+01 2.434348548756047848e+01 1.397725056350215667e+01 5.600730960853866236e+00 5.660586068767928580e+00 1.252243300972073037e+01 1.750859466146165744e+01 2.728396485993889087e+01 2.575114914537057587e+01 2.173592275874024438e+01 2.201589744648934399e+01 2.587912056664856664e+01 3.171165132059384817e+01 3.319834540305910764e+01 2.426295696869289031e+01 1.780879830480322212e+01 1.365199973252537902e+01 1.617682559331243297e+01 1.691516548167577483e+01 7.692189258244496841e+00 7.420281406799430712e+00
5.188205228764638521e-01 8.278375546958541165e+00 1.543300167780236265e+01 2.119720602758297545e+01 2.591165084648575601e+01 3.008069304446499004e+01 2.571530437739127350e+01 1.657213169055285107e+01 1.701356898521755312e+01 2.224601045299609225e+01 3.107056078648239605e+01 3.685511074362061379e+01 2.755793161253551560e+01 2.050122549710561159e+01 1.545560250387172907e+01 1.272704209370264472e+01 1.451550118547221402e+01 2.020544610471564440e+01 1.058801621226285405e+01 -3.222337922419365697e+01 9.459523090847833160e+00 6.923122774976771865e+00 1.862739965149275889e+01 2.441140173010841252e+01 2.014247864433471591e+01 1.160183957466809801e+01 1.162016394197237901e+01 1.371956498850337169e+01 2.554095008034866865e+01 3.687769292454679260e+01 3.176990538918597551e+01 2.463861290700802087e+01 1.411091759709381854e+01 9.880901728219951607e+00 1.063263702891259044e+01 7.092230431030880133e+00 1.118065736115235964e+01
7.467319160170617920e-01 3.761845361794700526e+00 7.297379267727443164e+00 1.176951522272703698e+01 1.884058303459255868e+01 2.884058303459262618e+01 3.070670052567708552e+01 2.656441775952375650e+01 2.278032321155526319e+01 3.114749450856947632e+01 3.642297245043153708e+01 4.167242907305771382e+01 3.461527211076138144e+01 2.579876900642891613e+01 1.571635728731337167e+01 1.119514282250212212e+01 9.280718095580168026e+00 1.234587048637278173e+01 1.715782559697881737e+01 1.358208944232601390e+01 5.295701963935576906e+00 1.320498964711875267e+01 1.503443733708755303e+01 1.489488948641730381e+01 1.543332986894146330e+01 5.937610613563551354e+00 6.010980204315137243e+00 1.250611608818024045e+01 2.567104380246757600e+01 2.946550896055405033e+01 3.338612392954135544e+01 2.885295812288674000e+01 2.243674089768569502e+01 1.076295689063933203e+01 6.316807223972257468e+00 6.673475899448843229e+00 6.733125290051169998e+00
7.351574092455022136e-01 8.534971799311898977e+00 1.541018436656521473e+01 2.122182375530707787e+01 2.591165084647859018e+01 2.906965230949116830e+01 3.096154648291561529e+01 3.510170801388395745e+01 3.277808016451896833e+01 3.692103619475103926e+01 3.634786623783396209e+01 4.048553784896130736e+01 3.273519402475644569e+01 2.275385818719277253e+01 1.696659043716050519e+01 1.702431353216744725e+01 8.995464014614402259e+00 7.054216106369462835e+00 7.275199618858908757e+00 -4.766120674511633837e+01 4.996964522450804580e+00 4.901985031303562224e+00 4.926348867435179635e+00 1.346279236075542940e+01 1.257916429323070062e+01 -3.697006689378039823e+01 6.580011392303305229e+00 1.431659775464638962e+01 2.576975096630123474e+01 2.004863339047521720e+01 2.475998293050433574e+01 2.794776545566708847e+01 2.327946364919933586e+01 1.617556121761579035e+01 1.499656440785320832e+01 7.364693470220804450e+00 6.146789264984711565e+00
5.269872374626074496e-01 7.598055049328070076e+00 1.759805504932799991e+01 2.690021248433448164e+01 2.394437637613666325e+01 1.906659822372941093e+01 2.096104371840512570e+01 3.096154648291561529e+01 3.547126214400145017e+01 3.133541514224076252e+01 2.638161087497096347e+01 3.472802161976318303e+01 3.688244246661408710e+01 3.111447113264381770e+01 2.677857696013476030e+01 2.313799166444503186e+01 1.900278949996781819e+01 1.320409982146643735e+01 6.745008743404741658e+00 9.556968303129091069e+00 1.289194528410175522e+01 5.072837901321359588e+00 4.504443806082362833e+00 4.897095984960698090e+00 3.242665100859394745e+00 3.180886334471379584e+00 1.177453898623935125e+01 2.124094360197908671e+01 2.156142719781482953e+01 1.427389224992499628e+01 1.497230080467353197e+01 2.302020493991292582e+01 2.760617191503350298e+01 2.048234129018753080e+01 1.292824725725014900e+01 1.192557646088415702e+01 5.752628660571586394e+00
1.383962708379395945e-01 7.209464082703425980e+00 1.720946408270349437e+01 1.690531430338322849e+01 1.390235710613254305e+01 1.388266590936100364e+01 1.867690712394018249e+01 2.868058277351442342e+01 3.050723958798574031e+01 2.138398722414234143e+01 2.064526048658141377e+01 3.000310365807505519e+01 3.420057658284240176e+01 3.008188158685170066e+01 2.899065069616939638e+01 2.895340900447639498e+01 2.731801904496012412e+01 2.077559494123989126e+01 1.640470375855464980e+01 7.587091402726572120e+00 1.749503040033616230e+01 1.326780332865345891e+01 4.168895166059860102e+00 4.023145470516626965e+00 1.138877812590007466e+01 -1.773873472518929617e+01 1.251774520202116037e+01 1.713887401348746309e+01 1.912921284697847568e+01 9.137723707724166644e+00 9.285236192992856630e+00 1.884982702448973058e+01 2.072928510375063738e+01 2.150207390487941694e+01 2.085016588493011369e+01 1.636999837015714121e+01 8.076907678802987434e+00
6.756183529128325649e-01 1.067561835291279770e+01 1.710182861438817170e+01 9.845562826599005390e+00 9.395443807070460451e+00 1.364697561570380557e+01 2.361269046553013240e+01 3.282108918143139675e+01 2.619748443994637555e+01 1.639734280764718122e+01 1.619409703462222438e+01 2.591740573245715851e+01 3.008188158948479085e+01 2.010545171474054271e+01 1.902512998098493213e+01 1.897745941879752252e+01 2.602606149400876490e+01 2.335292226815133176e+01 2.164395686652655115e+01 1.749576332605357365e+01 2.165086846494221717e+01 1.852010698214615658e+01 1.296632759453721917e+01 1.275831358723399589e+01 1.129980787146026344e+01 2.974025043283591518e+00 2.790181398445752858e+00 1.297440473205099920e+01 2.089613591645277424e+01 1.099786729708800159e+01 -1.784110427056750270e+00 1.565717260098761088e+01 8.529710439034545288e+00 1.145377293530517626e+01 1.596157326495960405e+01 1.484549172333966993e+01 -9.419059710116793838e+01
1.053743069371424479e-01 1.010537430693710625e+01 7.312249988112649923e+00 5.904618123316109468e+00 1.050758206373955694e+01 2.057940979329522335e+01 2.774975316311449092e+01 3.193687688861545837e+01 2.826225875345508953e+01 1.829920660415917055e+01 1.341599803879609887e+01 2.010716254900090050e+01 2.450779958124448754e+01 2.127430181272101706e+01 1.304008577711766570e+01 1.192456988160353681e+01 1.852002136572964375e+01 1.334693411303815225e+01 2.043026027394898136e+01 2.616429621951768070e+01 2.982217440600370395e+01 2.349771072180157461e+01 1.935761108661758811e+01 1.715570658208989840e+01 1.177105364504056695e+01 -6.315547503600573975e+01 -5.538979499227834680e+01 8.823702021450063882e+00 1.756768622425888537e+01 1.025951958272690412e+01 1.176472746264197156e+01 5.846056057701852993e+00 9.260661767288226542e+00 5.130001319594743592e+00 5.971545974017385738e+00 1.030356307686972883e+01 4.929202445493773510e+00
4.388850927889174081e-01 5.886069189789338019e+00 2.865328011316552459e+00 7.147551294532511257e+00 1.721156610205028059e+01 2.038255577865534107e+01 2.192014707438125143e+01 2.192014707438125143e+01 2.773373438656311407e+01 1.775447457039080135e+01 1.101800356854082708e+01 1.044352283262712788e+01 2.038424099169257531e+01 2.280756923532459979e+01 1.278773489400755992e+01 8.096636634783042297e+00 8.688336897710003726e+00 6.273407088019839151e+00 1.611616499735037067e+01 1.702521547905732646e+01 2.459783289171824805e+01 1.935786366973017536e+01 9.351353255249843954e+00 7.264989293680611304e+00 1.242394504649291598e+01 -1.002999332866571507e+02 2.818107163358857470e+00 1.073782928703282735e+01 1.339948077176010877e+01 -2.502404633023368774e+02 4.165647429565582982e+00 3.017099233902395206e+00 2.808849544736439885e+00 4.925670452679214328e+00 1.636554502464749650e+00 3.639338501033883677e+00 4.542629328412806089e+00
8.953435393330821945e-01 -4.163544833338878037e-01 5.807299516471013057e+00 9.497036837532537135e+00 1.175845141347160272e+01 1.012936751417973724e+01 1.172468831757215746e+01 2.097103879906880763e+01 2.839151085022251664e+01 1.842598777059101423e+01 1.135254792309730298e+01 8.297599993711147093e+00 1.545218799989584113e+01 1.987890339339072199e+01 1.920935340809283431e+01 9.188382174093572274e+00 4.451289713585464547e+00 7.146715042278112051e+00 1.378630748746812884e+01 1.138368204188673083e+01 2.015875084701358233e+01 1.727023774879012308e+01 7.098212444702591384e+00 -4.848945457249016044e+02 2.538852067428843284e+00 6.250913839965841490e+00 3.002295789899066314e+00 3.360729850270009589e+00 1.306580360732031032e+01 -1.881245977358869368e+02 3.796660531811420825e+00 3.845716647762257967e+00 4.095729773579641630e+00 9.257003121520209987e+00 3.255416625566663225e+00 2.547022137830333932e+00 1.071503917430593233e+01
1.994484013391750743e-02 9.225836876577597767e-01 -6.820385097117973601e+02 -2.581691829489813017e+02 1.521927583214011781e+00 5.086146072108141958e+00 1.123366159334998216e+01 2.143323352462165943e+01 2.897318947638438758e+01 1.898012569496870938e+01 1.190936766371952515e+01 6.444951351637710601e+00 5.740583029808499660e+00 1.574684819293902116e+01 1.740885643972615071e+01 7.343495801755535624e+00 7.167969369140211100e+00 -1.060225455852065124e+03 7.949676928124405961e+00 6.928171426247124565e+00 1.625038587376382893e+01 2.110022861615723500e+01 1.222774251417306068e+01 -3.098534986710138810e+02 2.034216696094393928e+00 8.522571844142314390e+00 7.035978725221542440e+00 3.008003070573917359e+00 3.354939608626569036e+00 1.113624026300750991e+01 7.779355415242850569e+00 1.323860520948965913e+01 1.349851151867967225e+01 -4.164304918021593238e+01 7.435630370249375787e+00 1.462156682842937094e+01 1.877615753463394555e+01
