output/example/elevation_000014.asc
nrows	75
cellsize	13.33333333
xllcorner	0
ncols	75
yllcorner	0
NODATA_value	-9999
[rows 34 to 50 of 75, columns 37 to 73 of 75]
2.543108312746957722e+01 3.017874677631334634e+01 3.422326166278467241e+01 3.838657993348066100e+01 3.978645515355074735e+01 3.562758169772579464e+01 3.070832285657161620e+01 2.177461011299740790e+01 1.173858155319321206e+01 8.966331403353917651e+00 1.859848945337217430e+01 2.054047820174762506e+01 1.341057884666860289e+01 1.554028102375446707e+01 2.558829450639161252e+01 3.153395974113560740e+01 3.567067299111180745e+01 4.144709386622859171e+01 5.061715492243520487e+01 4.511585074099599524e+01 4.097215979501348926e+01 4.287422412550785111e+01 3.871618073800623705e+01 3.225205933484928522e+01 3.225195647542232535e+01 2.850240980051498951e+01 2.758117942894052632e+01 3.761791499904489200e+01 4.378042700093158857e+01 3.374749062334281291e+01 3.941077682847858199e+01 4.503457769599816629e+01 4.319060405650289880e+01 5.274732179718152025e+01 5.777186246177433304e+01 6.439694838749315409e+01 6.359212955311107862e+01
1.740756443561901179e+01 2.059149986623809170e+01 2.417495603440274010e+01 3.131570974285391529e+01 4.130008595764336121e+01 3.365178321826316932e+01 2.356367464338887885e+01 1.645528716575513073e+01 2.177461011299740790e+01 1.898808947249104762e+01 9.436012181917133645e+00 1.945553558004480976e+01 2.344677623834482461e+01 2.558829450639161252e+01 2.542852660844230073e+01 2.958510095285673458e+01 3.460749292814116274e+01 4.170000789281196063e+01 4.111256211319393117e+01 3.933277478099299174e+01 3.095023966684801664e+01 3.897604860645677149e+01 4.312035525761174881e+01 4.229244069550664875e+01 3.853795273620522721e+01 3.853824665922892478e+01 3.337699790913634246e+01 3.294754779531299249e+01 4.298104466989566674e+01 3.875907863954969912e+01 4.794140705010988768e+01 5.361520947815543536e+01 5.323931949089481463e+01 5.739960198168835603e+01 6.439694838749315409e+01 5.452767816480663754e+01 5.633872299441778608e+01
2.745831503234030535e+01 1.980947969896729077e+01 2.985405473783197650e+01 3.240792526520678507e+01 4.239215648173628637e+01 3.365178321826316932e+01 2.356367464338887885e+01 2.651841323562341302e+01 3.005888641509513803e+01 2.196274792314711277e+01 1.193469540546725227e+01 9.910359623296308484e+00 1.993107937979446476e+01 2.040723068703121257e+01 1.538593476562011197e+01 2.040202323413915764e+01 2.751497796347031866e+01 3.299037157146818799e+01 3.108426773389711428e+01 3.108426773389711428e+01 2.513884650810642540e+01 2.894852678927036749e+01 3.474477452030001956e+01 4.475607649852170766e+01 4.857375460031185810e+01 4.757134303871221448e+01 4.341109136390450374e+01 3.796069874443369230e+01 4.714145307384444550e+01 4.585754167805382764e+01 5.296338921515506826e+01 5.817754331422612069e+01 5.817754331422612069e+01 6.226438608645332096e+01 6.331675159637850925e+01 5.344832890885830778e+01 4.647747998758948995e+01
3.160099630741953547e+01 2.156558102103314667e+01 3.160099630741953547e+01 3.854490914160800941e+01 4.655357409079726949e+01 3.785297106975434644e+01 3.365178321826316932e+01 3.479416503072723543e+01 2.590374576115245731e+01 1.585613332164432876e+01 2.196274792314711277e+01 1.993107937979446476e+01 1.038540768480122800e+01 1.038540768480122800e+01 2.040723068703121257e+01 2.958510095285673458e+01 3.003856964534112706e+01 2.293677523070478230e+01 2.781819337164884587e+01 2.101755043577833248e+01 2.684096415616104991e+01 3.688072821705396365e+01 4.312035525761174881e+01 4.889865122625361948e+01 4.552882124449083534e+01 4.966791263516870458e+01 5.216257434532258230e+01 4.800139059535762698e+01 5.216257434532258230e+01 5.590978425364881588e+01 5.529078942709536904e+01 4.831719276773743132e+01 4.831719276773743132e+01 5.817754331422612069e+01 5.991796061856938138e+01 5.804185779001171142e+01 4.817886243094969956e+01
2.868134666275345523e+01 3.160099630741953547e+01 2.442501502964901405e+01 3.443116208075667828e+01 4.169318326301787181e+01 4.665546443380389263e+01 3.774092187293317835e+01 2.770445085981847555e+01 2.058832918383093258e+01 2.590374576115245731e+01 2.746190649757592794e+01 2.040723068703121257e+01 1.038540768480122800e+01 1.038540768480122800e+01 2.040723068703121257e+01 2.505306593085062161e+01 2.332857867985957157e+01 1.583091646345477344e+01 1.775434796079729338e+01 2.356848815687274268e+01 3.362339865362822167e+01 4.102660742536581040e+01 4.389248999142331797e+01 3.975084574187776809e+01 3.552107410907668594e+01 4.130179861169649769e+01 5.130304154325966692e+01 5.343264513871802279e+01 4.929628674122654530e+01 5.343264513871802279e+01 5.120522257792750054e+01 4.137166890173120493e+01 4.680752368185391532e+01 5.088917703844034435e+01 5.006046178687043380e+01 5.006046178687043380e+01 4.860789672766701841e+01
3.864965407695018484e+01 3.854490914160800941e+01 3.443116208075667828e+01 2.761367329841008456e+01 3.262001376973538669e+01 4.254815067108520310e+01 3.774092187293317835e+01 2.770445085981847910e+01 3.064406516037754002e+01 3.072165224459754285e+01 2.330383011178281549e+01 1.326971536622586711e+01 2.040723068703121257e+01 2.040723068703121257e+01 1.087211878835353929e+01 2.089514391619239930e+01 1.329524948011547281e+01 2.332857867985957157e+01 2.487468570513314248e+01 3.197355865952767928e+01 3.777219955678317120e+01 3.996460590690406889e+01 3.582046532479755285e+01 2.973030252061024825e+01 3.552107410907668594e+01 4.552882124449083534e+01 5.543967753735307724e+01 4.843571782589176422e+01 3.929920038673505900e+01 4.843571782589176422e+01 5.529078942709536904e+01 4.680752368185391532e+01 3.701022294758521980e+01 4.323005527197332043e+01 4.730564650132973270e+01 4.024154082049291503e+01 4.311743618761010310e+01
4.459926909177836052e+01 3.467829686426980373e+01 2.761367329841008456e+01 3.758408222041030911e+01 4.169318326301787181e+01 4.665546443380389263e+01 4.188387920163598466e+01 3.774092187293317835e+01 3.452028263017796661e+01 2.656531187380139869e+01 1.651274995169376680e+01 2.330383011178281549e+01 2.746190633722678953e+01 2.089514404952573301e+01 1.087211878835353929e+01 1.087211878835353929e+01 1.534323777355476714e+01 2.113771971375886594e+01 3.119071784600084740e+01 3.907243161392218411e+01 3.662100795120780816e+01 3.247328394276441799e+01 2.577892117869819089e+01 3.582046532479755285e+01 4.389248999142331797e+01 4.966791263516870458e+01 4.689392069309982958e+01 4.275540403021537372e+01 3.429597328671310663e+01 4.429774356398080926e+01 4.989928395072228540e+01 5.088917703844034435e+01 4.323005527197332043e+01 3.345237303059597878e+01 4.005775625485081548e+01 4.045657339956319731e+01 3.334080202819863104e+01
3.729845997124500911e+01 4.169318339635120196e+01 3.758408235374364637e+01 3.296349324626118005e+01 3.998933096865759040e+01 4.989300614639429199e+01 4.325101919582346710e+01 3.323149180350974774e+01 2.612338413392854619e+01 2.030710918834698475e+01 2.656531187380139869e+01 3.072165224459754285e+01 3.093711522789153179e+01 2.089501699073283447e+01 2.089477478990430015e+01 1.122653021268533280e+01 2.125024039286415345e+01 2.953998896169512278e+01 3.534074444241823443e+01 3.393470857068278690e+01 2.978280879583805074e+01 2.240644773533566436e+01 3.247328394276441799e+01 3.996460590690406889e+01 4.818477072596601118e+01 4.373119668671167659e+01 3.959135072526569843e+01 3.274978894839107113e+01 3.075290684095597271e+01 3.576138457649322788e+01 4.576178296454233418e+01 4.710424817372359740e+01 4.302982297090645147e+01 4.005775625485081548e+01 3.026545194518224946e+01 3.066704209341682486e+01 4.045657339956319731e+01
2.968263643455372858e+01 3.381877453988720106e+01 3.959284158339094972e+01 4.289005026954777833e+01 4.107246783607642016e+01 5.097736466197193295e+01 4.195233541844284986e+01 3.193035691632778850e+01 2.612338413392854619e+01 2.742774619443055073e+01 3.452028263017796661e+01 3.531284754427102968e+01 2.527404722811441928e+01 2.527393721713415431e+01 2.160577947719095349e+01 1.158142178924949128e+01 1.866312870128952639e+01 2.871167673126375774e+01 3.145790851197557103e+01 2.730221162889262843e+01 1.970657547049018632e+01 2.978280879583805074e+01 2.823371237127370037e+01 3.403312601568659090e+01 4.404501076664361392e+01 3.795118702639953057e+01 2.957312231058939744e+01 2.695001569773081940e+01 3.697865946931635506e+01 4.490078169109707318e+01 4.989928395072228540e+01 4.302982297090645147e+01 3.322483208166853075e+01 3.609664742365397672e+01 2.814592905402809819e+01 3.797002996125736018e+01 4.452703537657746580e+01
1.965217748468893788e+01 2.544932358618611445e+01 3.546544932759095303e+01 4.143800125307203785e+01 4.642072811135729182e+01 5.509139336780314267e+01 4.609665103184833157e+01 4.031328567697877929e+01 3.616614343243409024e+01 3.746624235871831132e+01 3.926276960634518787e+01 3.214749422832196046e+01 2.527404722878840815e+01 1.537508267044427512e+01 1.364938749927831374e+01 1.193722778431835430e+01 2.196335082724168331e+01 2.918097275004531710e+01 2.502321822203475321e+01 1.723844923623934378e+01 2.730221162889262843e+01 3.393470857068278690e+01 3.826464641058307592e+01 4.240738596574246344e+01 3.521637350317323012e+01 3.106753018237773389e+01 2.374067911203637138e+01 3.380732385324919420e+01 4.111960308822680332e+01 4.378594529651108047e+01 4.271121092035087230e+01 4.302982297090645147e+01 3.322483208166853075e+01 2.623482534050704729e+01 3.485417465019656902e+01 3.124661821958668639e+01 3.615902225206873055e+01
2.968263643455372858e+01 2.374989419303124549e+01 2.730600574709635708e+01 3.232744855833283282e+01 4.230050020095774244e+01 5.124491342086938772e+01 4.625753597247226878e+01 4.212866199595646322e+01 3.878656278656664824e+01 3.574292050013278299e+01 3.328322216346331430e+01 2.503221885029875793e+01 1.802527557428736316e+01 2.527404722878840815e+01 2.232385451256469722e+01 1.230143981451365853e+01 2.232852002570197314e+01 2.285743840112677816e+01 1.498090472644825866e+01 2.502321822203475321e+01 2.730221162889262487e+01 3.734592443707096265e+01 3.446765490089840256e+01 3.521637336983989286e+01 3.106753004904440019e+01 2.095853859280801856e+01 3.106753018237773389e+01 3.795118702639953057e+01 4.378594529651108047e+01 3.396906389741184285e+01 3.289555661432009970e+01 3.984071076796680444e+01 3.485417465019656902e+01 2.496156728231454380e+01 2.496156728231454380e+01 3.485417465019656902e+01 4.355340296086876606e+01
3.729845997124500911e+01 2.955210907543608556e+01 3.731397437937911121e+01 4.143800125307203785e+01 4.642072823436446782e+01 4.711884422743742817e+01 3.713847976447550536e+01 3.210236436778696145e+01 2.869194332640617517e+01 2.560119389510148125e+01 2.315710699205556367e+01 2.095500991301449645e+01 2.798461023479975651e+01 2.487926184606972058e+01 1.483706281557019224e+01 2.232852002570197314e+01 1.282892150514632768e+01 1.282892150514632768e+01 2.285743182811008722e+01 2.701106939064018775e+01 3.527695999594104848e+01 3.113484908729823886e+01 2.441177647218994551e+01 2.884244974889200108e+01 2.095853859280801856e+01 2.095853859280801856e+01 2.755431854070659625e+01 3.807708314618838585e+01 4.331328784479018168e+01 3.577049519877356687e+01 2.589086577165155134e+01 3.227751871700951369e+01 3.333671783739983141e+01 2.496156728231454380e+01 3.485417451686323176e+01 2.966394621637200757e+01 3.661028804715652996e+01
3.970384315684052723e+01 3.954505063691890854e+01 4.366764624052838428e+01 4.875127457767374750e+01 4.984258574292058341e+01 5.124491342086938772e+01 4.625753597247226878e+01 4.212866199595646322e+01 3.390159835792405119e+01 3.574156557338156404e+01 3.328322216346331430e+01 3.101897933619443037e+01 2.756868203250654048e+01 1.750588412438353814e+01 2.487926184606972058e+01 2.701545085656784906e+01 2.285743661125605541e+01 1.282892150514632768e+01 1.282892150514632768e+01 2.285743687792272283e+01 2.948039902213852059e+01 2.107189641630687404e+01 1.727153663106990322e+01 1.873767635596701808e+01 2.884244974889200108e+01 2.682368221953458942e+01 3.521637350317323012e+01 4.203961790802879506e+01 3.808643331762986151e+01 2.939321119298582019e+01 2.230796781065377488e+01 2.230796781065377488e+01 2.340054934326002822e+01 3.333671783739983141e+01 3.892358391270318663e+01 3.948285053540181622e+01 3.661028804715652996e+01
4.042055398894891738e+01 3.630894516402860006e+01 4.042066114038399860e+01 3.885977389962391015e+01 3.993971712144997355e+01 4.984258574292058341e+01 5.184268643188111980e+01 4.806429251466411756e+01 4.393586448505006103e+01 4.159684097895465271e+01 3.744932811743524326e+01 3.047582496017959741e+01 2.040529219405526007e+01 2.756868203250654048e+01 3.172418944062576429e+01 2.603551643622669687e+01 1.598552833848598631e+01 1.282892150514632768e+01 1.282892150514632768e+01 2.285743687792272283e+01 2.341423587072975465e+01 1.527138268211709971e+01 2.532521547647806059e+01 2.884244974889200108e+01 3.299529907031919151e+01 3.686473430942029239e+01 4.100647400262467812e+01 3.808643331762986151e+01 2.852833972908269189e+01 3.105497382848325216e+01 2.230796781065377488e+01 2.230796781065377488e+01 2.230796781065377488e+01 3.227751885034285095e+01 3.507552154715852311e+01 4.489617250846758623e+01 4.641782985328769229e+01
3.545417077807855577e+01 2.637433866093275725e+01 3.545445603718081884e+01 3.188979774804371559e+01 4.175692737211337402e+01 4.374459533094485408e+01 4.192459088794755218e+01 5.184268643188111980e+01 4.323259172319933441e+01 3.321607100656904521e+01 2.741482988445534730e+01 2.359908589325419470e+01 3.047582496017959741e+01 3.462759206777865728e+01 3.106659078164844701e+01 2.100444209080495384e+01 2.285743093021522654e+01 2.285743687792272283e+01 2.285743687792272283e+01 1.338412636328400040e+01 1.338412636328400040e+01 2.341423587072975465e+01 2.826671186697550198e+01 3.258141253621311506e+01 3.668239622967116276e+01 4.084579826475349051e+01 3.677173045162458465e+01 3.394838856366860114e+01 2.986235126358471703e+01 2.105147036815692019e+01 3.105497382848325216e+01 2.939321119298601559e+01 3.227751885034285095e+01 2.518308814384917582e+01 3.507552154715852311e+01 3.646497436847597129e+01 4.339499529753909712e+01
2.946606164641394443e+01 2.132879060206633426e+01 3.134164044382702841e+01 2.812221346606150973e+01 3.802750295836592187e+01 3.389095071978094609e+01 4.084335873844304388e+01 5.074880006021581380e+01 4.738423196345741673e+01 4.160010447379089271e+01 3.655393168348526700e+01 2.651591332418691493e+01 3.655393168348526700e+01 3.816361121738031414e+01 2.812690866472928874e+01 2.812690866472928874e+01 3.290434268405504525e+01 2.920107865431789662e+01 2.341423587072975465e+01 1.338412636328400040e+01 1.338412636328400040e+01 1.382785103611302979e+01 2.387276006769054959e+01 2.262133566107245741e+01 3.151443120557974353e+01 3.560537936436731599e+01 2.686594444482924615e+01 2.868375108569605203e+01 1.983688596909229673e+01 2.986235126358471703e+01 3.513536901448239291e+01 3.924085306454500710e+01 3.914579005883783225e+01 3.507552154715852311e+01 2.843405309973026718e+01 3.826515084094351238e+01 4.226544599846369721e+01
1.943760614788009633e+01 2.946606179793023017e+01 2.337711539382552672e+01 3.335810474669209924e+01 2.966463192656920711e+01 3.954298715131738362e+01 4.084335873844304388e+01 5.074880006021582091e+01 4.811425664351611431e+01 3.810732256446422639e+01 3.232061445548452383e+01 3.362079351758919188e+01 4.069960135732459605e+01 4.230693148791721114e+01 3.816361121738031414e+01 3.816361121738031414e+01 3.088832576965421950e+01 2.504302434506223207e+01 1.500249786601257540e+01 2.341423587072975465e+01 2.341423587072975465e+01 2.298523888880435351e+01 1.445764983788040681e+01 2.444910428819794745e+01 2.154179754352793807e+01 2.986460771592546237e+01 2.769308563600846185e+01 1.865747422066321803e+01 2.001001421423468329e+01 3.003361084368926370e+01 3.018205350649914465e+01 3.714822733256455223e+01 4.695497927062961452e+01 4.233485209856955578e+01 3.826515084094351238e+01 3.246676404238878888e+01 3.939006753478943068e+01
