output/example/elevation_000017.asc
nrows	50
cellsize	20.0
xllcorner	0
ncols	50
yllcorner	0
NODATA_value	-9999
[rows 17 to 33 of 50, columns 0 to 36 of 50]
9.098509734387574266e-01 8.710048540979787646e+00 -2.819724177376400007e+02 1.834024286462752618e-01 4.382900925933104652e+00 9.621660532701270085e+00 1.316359183237683617e+01 1.750309460001184902e+01 2.330175670183470871e+01 2.203260351255910621e+01 1.155587566317027282e+01 4.836261047287427672e+00 4.651865164523131035e+00 1.377531399384662691e+01 1.153738879006500184e+01 -7.899623115525785977e+01 9.797922164026299896e+00 7.439357270384581167e-01 1.836916459836121840e+00 2.025482942091427319e+00 2.125985132228537910e+00 1.209972639045384568e+01 1.228685413338117449e+01 -2.503722752646512788e+02 2.667591972020684654e+00 3.611378310775239520e+00 1.445115745928343109e+01 1.428439625357619924e+01 9.683336681816482994e+00 7.982541063047308150e+00 1.263556626442782260e+01 1.849401398178740408e+01 1.411760877277746751e+01 -2.743226885587134589e+01 1.205124420383013728e+01 -2.307404800235820375e+01 9.446801596792003153e+00
6.729603419142361487e-01 1.067295989561960567e+01 6.276534392258380279e+00 1.010935310925904851e+01 -2.182442308072037349e+02 -1.424295939673998479e+00 3.481702043869941754e+00 9.158883909693061653e+00 1.911899014189335944e+01 2.099426182733152046e+01 1.517946892822179983e+01 8.235421267455647509e+00 3.192871579292105189e+00 1.080427691242553756e+01 9.395133670946291815e+00 2.014130149302531869e+00 1.286205674812964439e+00 -1.242567762170719021e+02 9.829168217591934820e+00 -2.816619022532918279e+02 1.173268237294001715e+01 -8.700331353691993286e+00 8.417303142295436302e+00 -2.355728967431193439e+02 1.541529568435416442e+00 6.630027136537562704e+00 1.602660703123302710e+01 2.142101882328959306e+01 1.899705266591602992e+01 1.290165535504813299e+01 2.103361271028543555e+01 2.125420611637972357e+01 1.143808782819501424e+01 7.425325096502856326e+00 1.639810227846797375e+01 6.796402842201143102e+00 7.657533056426792939e+00
9.500813129397378543e-02 1.009500781298804206e+01 1.619139644450694604e+01 1.001508324984589215e+01 -3.516328298543440951e+02 3.628931018534862218e-01 6.435310509561485759e+00 1.460622197861590266e+01 1.772527947882569066e+01 1.680999290439338623e+01 6.812881471670547917e+00 -2.965270424321261657e+02 6.435188580017220161e+00 -2.044340507934968514e+02 8.781859535943079109e+00 -8.801913890082401792e+01 5.772304414949290141e+00 3.627939777037425095e+00 1.306110577435029718e+01 1.199244557147851076e+01 4.006130984846799414e+00 2.815971296206359664e+00 1.384607280024668707e+00 2.021252592999660536e+00 1.148958899454830274e+01 1.492377894408505057e+01 1.602651727681497462e+01 2.585349677824745740e+01 2.548106137103911450e+01 2.159286924353440540e+01 2.548491576641725942e+01 2.346741278599654024e+01 1.322962783883315829e+01 1.080018350364956881e+01 1.862356678271532218e+01 1.140019358059664611e+01 1.029496600538965190e+01
5.074168083889973868e-02 7.121809494700122478e+00 1.712181098531938517e+01 1.444371524094586867e+01 5.584274845553468758e+00 1.022255225080267138e+01 -1.738826781536855037e+02 8.569520327944220028e+00 9.181805034719241476e+00 1.071163450430329966e+01 9.190223511812257939e+00 1.215561492012736000e+00 7.270145781238108729e-01 1.541575731093060231e+00 1.733603405619531745e+00 8.433114370396742387e+00 1.530449034331878977e+01 1.306388624483521710e+01 1.723878878902150191e+01 9.475481338709057511e+00 4.042719416316378656e+00 -1.216108436691102241e+02 2.074634740620881601e+00 2.956202815251950167e+00 5.506749291031947102e+00 1.338760327287515395e+01 1.639940687429579214e+01 2.073713734850943524e+01 2.227487369204785850e+01 2.671934418136589429e+01 3.265111949349128651e+01 2.770436171739746101e+01 2.348129861562348708e+01 1.582822233880022722e+01 2.514593472233319460e+01 2.276123030635776345e+01 1.388316521022941608e+01
2.528005767708579876e-01 7.323868388574854116e+00 1.732386750288887356e+01 1.968892014132031676e+01 1.551970243420679552e+01 9.377347005286990722e+00 2.081649078206042058e-01 5.433787068753036520e-01 9.699546906292649595e+00 -1.217125915237985794e+02 8.937476977680699264e+00 -1.789056620898574295e+02 8.549216963928151003e+00 -3.324119355029758935e+02 9.638431780649945324e+00 1.562970160709789091e+01 2.257495182175696158e+01 2.081251874272255264e+01 1.083246548697679579e+01 6.530417474944691492e+00 9.337393309406927244e+00 7.702040211244130852e+00 1.215160657860517013e+01 4.161845642979138837e+00 3.735915011667815921e+00 5.098428296656737579e+00 1.010805771799344654e+01 1.389786970312241010e+01 1.256217774574190749e+01 1.812132692441959136e+01 2.837283249921512152e+01 3.347033754186750087e+01 3.026348347135361294e+01 2.607709127751992995e+01 3.026232259905011546e+01 2.614129141693241465e+01 1.835498513592182235e+01
9.791283598286071310e-04 7.072046940205889420e+00 1.707204619720958050e+01 2.205981724874267869e+01 1.205158407765342155e+01 4.989478049341872001e+00 -4.064786121044758715e+02 8.527352573541017833e+00 -2.503323181224832794e+01 7.324994273329230587e-01 1.083829249806292028e+00 7.175818580811956338e+00 1.511214924657281955e+01 9.662695128648120857e+00 8.294066706414849222e+00 1.828574980048459508e+01 2.555050797257156248e+01 1.552755352480627593e+01 8.814675149798897991e+00 8.225332165608914892e+00 1.814575478123882135e+01 1.481498420168715491e+01 1.844448605829332877e+01 1.333181993716385705e+01 4.040480912208125552e+00 4.336943749476501964e+00 8.985622058220904762e+00 7.275047244140570690e+00 1.154881812430676469e+01 2.137194183638561285e+01 2.432531530484603266e+01 2.366378033311687190e+01 3.347033762231092169e+01 3.391772617846320514e+01 3.792845105622071600e+01 3.238918619953140166e+01 2.415799485117031153e+01
4.600753433092569233e-01 7.531143155045774584e+00 1.753114212425733953e+01 2.498982884141103611e+01 1.498279797009711167e+01 1.287263270931134151e+01 6.569831286126461833e+00 2.167449999383682879e+00 8.600126612906661805e+00 -2.686201494643111687e+02 7.258490067544836499e+00 4.236958774464699040e+00 9.050761387627130006e+00 1.908670522014688942e+01 1.828626311543686001e+01 2.246011043804257312e+01 2.528517843722948300e+01 1.530940268627696632e+01 1.094217203934938709e+01 1.511677928662004788e+01 2.229406117365740414e+01 2.528956872042469328e+01 2.235974728051501259e+01 1.126961125704976574e+01 1.049315836372595889e+01 5.039759535832979864e+00 4.660866559249452479e+00 1.113605455894523999e+01 1.869188710832097300e+01 1.776572081429015526e+01 1.544079263996113482e+01 2.432531897476690119e+01 2.801160704187309847e+01 2.436041176692108223e+01 3.105668492856770868e+01 3.515748889054589910e+01 3.401738223377549275e+01
5.979472710492108600e-01 7.669015082752096646e+00 1.766901395067696967e+01 2.630764807537565630e+01 1.629576721418162677e+01 9.215220219233733800e+00 5.231977271591126133e+00 8.013553695293573753e+00 5.439158798988318999e+00 8.640069927924333371e+00 1.485769637516497887e+01 9.008413139487512211e+00 7.996683747612521209e+00 1.306199539064296822e+01 2.304641715463311158e+01 3.087141432807974439e+01 2.081023537214723618e+01 1.411798445085026543e+01 1.365055201350152814e+01 2.341128226543436952e+01 2.937413382977440790e+01 3.266081144567593952e+01 2.241735076171123708e+01 1.885615951620976460e+01 1.324846348932963025e+01 4.834704113401020464e+00 4.711100032753344102e+00 4.894264755317366600e+00 1.311641904729247976e+01 9.286945955067476888e+00 1.434865869593209986e+01 2.451321833641066661e+01 1.670454427490396299e+01 1.873042104345035952e+01 2.136810796933573187e+01 3.105992562093248566e+01 3.815339379124529273e+01
1.534601171854249602e-01 7.224527928917524378e+00 1.722452667613598365e+01 2.534809024457565840e+01 1.718796328718303457e+01 7.207447040628981227e+00 7.841075130990398101e+00 1.528393654980341765e+01 1.022242138979757620e+01 1.119189604722780018e+01 2.098630962838016956e+01 1.877009922169723311e+01 1.106849760345355271e+01 1.296582249880278503e+01 2.276231536725163807e+01 3.100197754184241461e+01 2.098138220102834595e+01 1.748164869365998797e+01 2.055225945192950121e+01 2.772563303431385151e+01 2.932430676480979770e+01 2.479283449265222217e+01 2.179404880356313257e+01 1.543932138156764822e+01 5.562365297305654543e+00 5.269766956325216078e+00 7.680895025757454420e+00 5.027949217741316978e+00 5.281523509434544295e+00 5.759387498289397556e+00 1.595048149518755309e+01 2.324424108623639995e+01 1.727883037915528419e+01 1.448467610354538415e+01 1.998045072831351376e+01 2.370013584279438490e+01 3.386463215920262115e+01
1.123418600940028211e-01 8.577494525748685206e+00 1.120334943468592037e+01 2.120403800428119823e+01 2.132397487874588293e+01 1.701824261175607234e+01 1.100705133246166234e+01 1.799035468997090348e+01 2.017559377188872105e+01 1.696288809053452695e+01 2.533830517928328163e+01 2.521865321541439187e+01 1.684010100159200363e+01 1.875439990625383047e+01 2.711986093970879352e+01 3.514896753523610329e+01 2.543024585098390489e+01 2.344868203884088231e+01 3.039211180917370569e+01 2.692234156510345855e+01 2.234969296691473062e+01 1.416191638152008281e+01 1.575597499878140439e+01 6.801211765334049808e+00 6.207079678466261186e+00 6.416780125054883932e+00 1.679312862939507767e+01 1.269300975768675244e+01 5.520191452022370271e+00 5.927612834896466509e+00 1.533086581438537088e+01 1.309934604655582291e+01 1.167601089457567376e+01 1.646488985262819327e+01 1.554134579552773410e+01 2.071724658231602234e+01 3.100862927305173145e+01
2.368195578726151052e-02 3.185959615955637592e+00 8.760453690522348680e+00 1.581569432473570735e+01 2.581538031711837533e+01 2.515310792795513350e+01 1.566158741484268369e+01 1.733457598440908143e+01 2.716212621017455220e+01 2.696560656015004653e+01 3.111649588313723669e+01 3.099882900079824566e+01 2.685772729423842264e+01 2.874981946906334329e+01 3.289143610701254516e+01 3.956755983935160259e+01 3.541507137773497504e+01 3.087758020591803998e+01 3.008758102046734706e+01 1.935102823667101646e+01 1.187492487470979796e+01 -1.133791294398900718e+01 8.164245004935393624e+00 7.508693161424995210e+00 7.779461281342858747e+00 1.681196851521789881e+01 2.113648501501405619e+01 1.411690183623947803e+01 1.502264818412274039e+01 6.553287182164023505e+00 7.224096577085610704e+00 8.935988374300359638e+00 1.317944461084194430e+01 2.208014594357910454e+01 2.111699610145049633e+01 2.089572996430923268e+01 2.720331249738673307e+01
6.540601710037032834e-01 9.305620548685594073e+00 1.123293222939175706e+01 1.830563536174913963e+01 2.829760688455929341e+01 2.982237296471606314e+01 2.567888603843363526e+01 2.441275738913205728e+01 3.148359762454597899e+01 3.305818764285596956e+01 3.096493859361191880e+01 3.115084655048599771e+01 3.404728227599186852e+01 3.536232838041183868e+01 3.221788998401511606e+01 3.340573353160777259e+01 3.756379150889284801e+01 3.988329635918765348e+01 2.843002941542657780e+01 1.801169372377000144e+01 1.201101734816013611e+01 1.547049183521306404e+01 9.467741070318746566e+00 1.671074007901308534e+01 1.820990680960017372e+01 2.266653485497527853e+01 2.830216308376375878e+01 2.419678280488771449e+01 1.814920235189788045e+01 7.788759177969482472e+00 7.114022140991626664e+00 8.461246858410751415e+00 1.506749459449983775e+01 2.508092268195499130e+01 3.124938987487024988e+01 2.973704323051883947e+01 2.916492328972335812e+01
4.909850854147627119e-01 3.387057615619098794e+00 1.304678974045607198e+01 1.845617742415182150e+01 2.061042661902070705e+01 2.687742854281559701e+01 3.195085160579619199e+01 3.441710538910628969e+01 3.305818765899599043e+01 2.260859674577743661e+01 2.049495205994885438e+01 2.106817361329779104e+01 2.401071067561850825e+01 2.539235519256643059e+01 2.224083197186964611e+01 2.343889322153468413e+01 3.201142999174977888e+01 3.701253657416985732e+01 3.098787527226178895e+01 1.968736075761921001e+01 2.086805260037930765e+01 2.141806498451524376e+01 1.556477838409952952e+01 9.734323733567126880e+00 1.524387563003711854e+01 2.259107815964534538e+01 3.290920446565518631e+01 2.792209848563929597e+01 1.816540139502014739e+01 1.301990732244980364e+01 7.420806324415082145e+00 7.898317573909027445e+00 1.727738629630620792e+01 2.278368675297535972e+01 2.542873983708879848e+01 3.574864655515444412e+01 3.941119407349212622e+01
3.962370847149454534e-02 7.163747755247589666e+00 5.714839655718426670e+00 8.655325125289564880e+00 1.264314325398361660e+01 1.755210108011306147e+01 2.690142504080868591e+01 3.752070295312395132e+01 3.170037325158004293e+01 2.066416290268579914e+01 1.417124555419617415e+01 1.386595941684513278e+01 2.283946529462384589e+01 2.083556848753439539e+01 1.533243112606284697e+01 1.785133611168794943e+01 2.286858658533430599e+01 3.282619773956357534e+01 3.551767580356221998e+01 3.084382911792207693e+01 2.412580767629435385e+01 1.475765516270249655e+01 1.030229697393594002e+01 1.074810088807134001e+01 1.959376358223191517e+01 2.522578220248385961e+01 3.538530065487222487e+01 2.861920923228456815e+01 1.855698145768477048e+01 1.277857901496670223e+01 1.372214942001370375e+01 8.677306745094123031e+00 9.616790079786092349e+00 1.497620280532099457e+01 2.520778947442944684e+01 2.980494501439146049e+01 3.066869940196302124e+01
2.605283927408929001e-01 2.406949581544163053e+00 9.266067443132902426e+00 7.824790959865057793e+00 1.264237961234950092e+01 2.277176435818411093e+01 3.195104935505564470e+01 2.857356031229543802e+01 2.755945868665217446e+01 2.402464551505174484e+01 1.400042125561947159e+01 1.055791095827563097e+01 1.435874433136582162e+01 1.341079861639815185e+01 1.569468643124602458e+01 1.780201391205160633e+01 2.209089742949521806e+01 2.780257912414770871e+01 3.776848862999427325e+01 3.152697236546696047e+01 2.124366639701050374e+01 1.535110786688860784e+01 1.641640989843380183e+01 1.210087090323034964e+01 1.482268730622744535e+01 2.523266039359407742e+01 3.156014086537040697e+01 3.278665717515687561e+01 2.708830154288279957e+01 1.855080873950347709e+01 2.002357134111852943e+01 9.846594901777613984e+00 9.813729664991244661e+00 1.209862340041913775e+01 2.220478805033755876e+01 1.965954244509430637e+01 2.056000413895509737e+01
3.048053885361223792e-01 8.970336895978849867e+00 1.658113131209761804e+01 1.632334528604403090e+01 1.502738636081999068e+01 2.505392305885169790e+01 3.376528834033892679e+01 2.718986892359733076e+01 1.834686283707868171e+01 2.004598738865670171e+01 1.893441653599617069e+01 9.801464830770814984e+00 1.066091420996986550e+01 1.630672618760536352e+01 2.554485168771345727e+01 2.610712134725594424e+01 2.476521124084163361e+01 3.473495931187689933e+01 4.188896528564609412e+01 3.573106861940339485e+01 2.994000367790259887e+01 2.123308666334929740e+01 2.441816155166489466e+01 1.413782187736400431e+01 1.369960731216101024e+01 1.688883523584654611e+01 2.715818676209634575e+01 3.388293525162718822e+01 3.278834006490153286e+01 2.862287677437145916e+01 2.421491265122993042e+01 1.750540354721808356e+01 1.052224208939290229e+01 1.126753784286589521e+01 1.378421676357984538e+01 -3.990663754009891306e+01 1.474192645706335014e+01
5.470844782054917754e-02 4.526844402820144886e+00 1.030034709487695466e+01 2.030035180395461936e+01 2.505392313605989685e+01 2.919780974001801610e+01 2.748608320967282381e+01 1.965297076613435578e+01 1.786608871392711606e+01 1.191226251775472811e+01 9.195256396066461946e+00 8.376485664532694386e+00 1.749955310007439735e+01 2.493076829209960010e+01 2.486508530504366732e+01 2.908100472793331548e+01 3.473531086993708072e+01 3.887433483666579548e+01 3.946460182881853029e+01 4.359897940320004750e+01 3.572475965347067728e+01 3.151554756751499653e+01 2.884436291542731468e+01 2.022771346014885907e+01 1.706235411629900156e+01 1.632007249286160189e+01 1.932411187241734041e+01 2.666129439345002083e+01 3.689706928978866074e+01 3.097731090903871021e+01 2.129387527774867195e+01 1.545894431318006923e+01 1.830267210054770999e+01 1.345967831269989290e+01 1.265838517749692649e+01 1.353828672344834416e+01 1.433801998185325566e+01
