output/example/elevation_000002.asc
nrows	50
cellsize	20.0
xllcorner	0
ncols	50
yllcorner	0
NODATA_value	-9999
[rows 17 to 33 of 50, columns 0 to 36 of 50]
9.098509734387574266e-01 1.009098507188612928e+02 1.692939094714291741e+02 1.278930997956541660e+02 1.339106129753780863e+02 4.260834040862614813e+01 4.988210605394607455e+01 5.725381163746662594e+01 1.571837912709068519e+02 1.754320283983103934e+02 9.046353766342656400e+01 1.904648259252358855e+02 1.230102982472463964e+02 1.353088968504277432e+02 2.355877361820049884e+02 2.676579663176302120e+02 1.884641987689408040e+02 2.892779646284262185e+02 2.691608819277095108e+02 3.276936686289739669e+02 4.307703615698303565e+02 4.476761399111891251e+02 3.483565399856061049e+02 3.372173166181785859e+02 2.375078327739282145e+02 2.887998773104591805e+02 1.890462448495134993e+02 1.778481274425742242e+02 2.775694311553334046e+02 3.216696576755407477e+02 3.628585597831245195e+02 3.286630509305129522e+02 2.288459907167964502e+02 2.992512544916191928e+02 2.464993601293959387e+02 3.041471834014017759e+02 4.038716461745605102e+02
6.729603419142361487e-01 7.138363846055491990e+01 1.713836379318804006e+02 1.584726006527774018e+02 5.872279058150154185e+01 1.425289987674064776e+02 1.075769941735090214e+02 1.571837912365114107e+02 1.388434283597571834e+02 2.319438478553646235e+02 1.904648259238060746e+02 1.058785175962323422e+02 2.059522416279656341e+02 2.355877361701321604e+02 2.171495904830755990e+02 3.176280759278746473e+02 2.892779647178456912e+02 2.109178502850677717e+02 3.120360299081877997e+02 3.843127340962279845e+02 4.431927668438626142e+02 4.886529705968555959e+02 3.946429322213170963e+02 2.951398259574904159e+02 3.372173166188437676e+02 2.466592460901364348e+02 2.887998772956290168e+02 2.775694311582441287e+02 1.919475604798208224e+02 2.219936239737200196e+02 3.216696583409492973e+02 3.699470377747068142e+02 2.787839307112416236e+02 3.699470374338567353e+02 3.041471834014015485e+02 3.875724181709066443e+02 4.451273281525257062e+02
9.500813129397378543e-02 1.000950079361587228e+02 1.914719377091734032e+02 1.698774658884275937e+02 7.026623739219317599e+01 1.698774545073364095e+02 2.074941698805593830e+02 2.488997788279345400e+02 2.387890480685985040e+02 2.802090942564586271e+02 2.474801905642731015e+02 2.059522416005215746e+02 1.466865848633714222e+02 1.914389487444130111e+02 2.916594879203076971e+02 3.593145436391604903e+02 3.470856051350191933e+02 2.445407901407587872e+02 2.406016153938360560e+02 2.989667315066126321e+02 4.007541361844591279e+02 4.753388525841655792e+02 3.764365218277555414e+02 3.946429322214208355e+02 3.172033844967083382e+02 3.463650501366191179e+02 3.066587304858052221e+02 2.070532776670094393e+02 2.916162019787233248e+02 3.216696576178490545e+02 2.795713611135850556e+02 3.791770065976619435e+02 3.785421741541886718e+02 3.785421741565795060e+02 4.038716460344822394e+02 4.451273150753286814e+02 4.571668393821077530e+02
5.074168083889973868e-02 5.005074168083854147e+01 1.500507412210105542e+02 1.814948659189842033e+02 8.204351874973502845e+01 1.523968241547664491e+02 2.517437900680079110e+02 3.157789923875897671e+02 2.754676065815845618e+02 3.157789923651482127e+02 3.288316761960354597e+02 2.883851644109749373e+02 2.174762030366864565e+02 2.284407695579150754e+02 2.732511669491684643e+02 3.735671233849131454e+02 3.878830418275979355e+02 2.853262175575280253e+02 3.419871506944327280e+02 2.752200416279503088e+02 3.469947531870881789e+02 4.498955030314153305e+02 4.753388525853574151e+02 4.167675388449233651e+02 4.167675388442153235e+02 3.774371673814684414e+02 2.779520778842413051e+02 2.204777382813232123e+02 2.327640569831652044e+02 3.323579609838625402e+02 3.791770050871526223e+02 3.609331849216857790e+02 4.603527040152378618e+02 4.781869772371954923e+02 4.343686404920998712e+02 3.929435669944924143e+02 3.820042088623744689e+02
2.528005767708579876e-01 1.002528003761806303e+02 1.914719344734355673e+02 1.934208652838740079e+02 9.415461461974646795e+01 1.934208652864271016e+02 2.518631746682967218e+02 2.516623020313828931e+02 1.782989098768202609e+02 2.754676065808984049e+02 2.339705869769737774e+02 3.288316762131320843e+02 3.177288761791531329e+02 3.287044635747373604e+02 3.702707457480041171e+02 4.151399258185585381e+02 4.364100931058302422e+02 3.394729492437601834e+02 4.080905753077095142e+02 3.057132924240858642e+02 3.577846358786190990e+02 4.585225355431209096e+02 5.572405368301533599e+02 4.960885845400013068e+02 4.553925751433774849e+02 4.185041232795423412e+02 3.338340141921636359e+02 2.344065327393407188e+02 3.323570457028788496e+02 2.598815101449154668e+02 3.303464463151646555e+02 4.296542626459918779e+02 5.014402642839975783e+02 4.472160163956481256e+02 3.472105160222204177e+02 2.929422088336334582e+02 2.820031778844029304e+02
9.791283598286071310e-04 7.071165724698329313e+01 1.707116565982487941e+02 2.345197214340557821e+02 1.934208652874475547e+02 1.119182738540031465e+02 2.108764755981536609e+02 1.537065039684260626e+02 2.516623020321960098e+02 2.048616505827587275e+02 3.010303245848965616e+02 2.648414478185940197e+02 3.581365399325362660e+02 4.141772080482224965e+02 4.419750957862836458e+02 4.794507768649143031e+02 4.960135312969694041e+02 4.252850354009416378e+02 4.430357784757490549e+02 3.395041182354223679e+02 4.426475892982331288e+02 5.003047711954637862e+02 5.326965123551898387e+02 4.553925752852240976e+02 3.565308961996496464e+02 3.854868111418513763e+02 3.479308033342290969e+02 2.486016448180025407e+02 3.479308033329031105e+02 2.802349200611024003e+02 3.797250366056894677e+02 4.512438900590448156e+02 5.083218223184319982e+02 4.126426058745927321e+02 3.472105100260536688e+02 2.472097069570590691e+02 2.112924750598807009e+02
4.600753433092569233e-01 1.004600751461177452e+02 1.453193064156057517e+02 2.453192983526294029e+02 2.518631746631382384e+02 2.108764755988190984e+02 1.303810785406513446e+02 2.289896216118535506e+02 2.922688318729440766e+02 3.010303245853850171e+02 3.010303244453579055e+02 3.581365399436414805e+02 2.978425031963625429e+02 3.243054780025553896e+02 3.541178849976294600e+02 4.155198143147506471e+02 5.024789756080545544e+02 5.454536548059494407e+02 4.874450724458176865e+02 3.905720224338946309e+02 4.879155660136077017e+02 5.739753647457613397e+02 4.922872711049947156e+02 3.939380303787218622e+02 3.854868108161035707e+02 2.864909390789829331e+02 2.697491545813572884e+02 3.479308019062252129e+02 3.889520092420153219e+02 3.797250366406108810e+02 3.110226925938351883e+02 3.685100125275307050e+02 4.675045352359438198e+02 3.712208815983556178e+02 2.712203813726935095e+02 2.212203807051499211e+02 1.764990211400692885e+02
5.979472710492108600e-01 4.531930682104467678e+01 1.160299849395655514e+02 2.160299835555722439e+02 3.029479296143466627e+02 2.698535159801352847e+02 2.289896216118962684e+02 1.633342328232754141e+02 2.619700193966156689e+02 3.406919583194008965e+02 3.972822846271450317e+02 4.276650089073337426e+02 3.613444697996413311e+02 4.141772080476984002e+02 4.419750957988269988e+02 4.199754426172066246e+02 4.714421493574232613e+02 5.457809426856944128e+02 5.409552617491289084e+02 4.974824157461084724e+02 5.422612447920226941e+02 5.340269598496845447e+02 4.378790999820428169e+02 4.119854519708219414e+02 3.133660022471611910e+02 3.854868111405229456e+02 3.048068690453050067e+02 4.044016798847170548e+02 4.506971018768252293e+02 3.517121633493194395e+02 4.103500209014036386e+02 3.922037330278586751e+02 4.910915654825000729e+02 4.126426057337064321e+02 3.264992674105843093e+02 2.264990212249803392e+02 2.764991868959978660e+02
1.534601171854249602e-01 1.001534599222189712e+02 1.614004779638709408e+02 1.614004780064565523e+02 2.345290236814956017e+02 2.847643946318062262e+02 3.023126132595269837e+02 2.619700193989004902e+02 2.005619969916949970e+02 2.995311589466331839e+02 3.914423976355484456e+02 4.523047841684792161e+02 4.443408403387127237e+02 4.343415553543578653e+02 3.913736751448486189e+02 4.356161611058305994e+02 5.078840012237001815e+02 5.592630189094469415e+02 4.950578372526375688e+02 4.521433580716192751e+02 4.952052688793671109e+02 5.251946296564659633e+02 4.272792119147504195e+02 3.575001950832915441e+02 3.416794575261898217e+02 4.394691460665196132e+02 3.492486799070668440e+02 4.460816117136344019e+02 4.818369010743637659e+02 3.831803071034764798e+02 4.818369010769486067e+02 4.910915654818355165e+02 4.604566565527840112e+02 3.604553822299661761e+02 2.897445830270206102e+02 3.264992676319027396e+02 2.896298623854385141e+02
1.123418600940028211e-01 1.001123416657319467e+02 6.139035578838654317e+01 9.301313477731669366e+01 1.430134278451122896e+02 2.137460598468767614e+02 3.142297615708922081e+02 2.995311589414222908e+02 2.995311589473912477e+02 2.499171211505813517e+02 3.076719531555276603e+02 4.108699976210115210e+02 4.630793692052138795e+02 3.803893122106470628e+02 2.835281534743544967e+02 3.489049459942096973e+02 3.996667517617141812e+02 4.733975208608574121e+02 4.437069780882998202e+02 3.498813286786549384e+02 4.437659052463440617e+02 5.357594476030534452e+02 4.380062868584601574e+02 4.559579737809818880e+02 3.723348912295612081e+02 4.682647959534162396e+02 4.070623081966368204e+02 4.926020948127591623e+02 4.811204970971372177e+02 4.531117468231001340e+02 4.638491514413288428e+02 5.618571516610558092e+02 4.897442486074845078e+02 3.897449022303454171e+02 3.664280494591047272e+02 2.896298629022231808e+02 1.896289649085091469e+02
2.368195578726151052e-02 2.359390799534601513e+01 8.132897554411169949e+01 1.813346184421612577e+02 1.637267421673379602e+02 2.344566921896173994e+02 3.346084484182829328e+02 3.989317868688636963e+02 3.914423984238393359e+02 3.498910704152468156e+02 3.914423984927477704e+02 3.610811988615969312e+02 4.028129918545755004e+02 3.044447860749664869e+02 2.324193081435009560e+02 2.722967783876387102e+02 3.824380216255402161e+02 3.709165290451087458e+02 4.009802033108138062e+02 2.987982658459344520e+02 4.009804273522733524e+02 4.823257993548672289e+02 5.357617313956119460e+02 5.016471171366568456e+02 4.060907669935680246e+02 5.016549387809299674e+02 5.120601185264526976e+02 5.572758076528093625e+02 5.767529517878004981e+02 5.511945278645872577e+02 5.618519479656868043e+02 4.981915924655240246e+02 4.481328793457876145e+02 3.957007140512173464e+02 2.956950384993479020e+02 2.249843039684840846e+02 2.802215328578335516e+02
6.540601710037032834e-01 1.006540599750486820e+02 1.604817495023621632e+02 2.227714004893340132e+02 2.637904605879509745e+02 2.677714883293143657e+02 3.091924082006238450e+02 3.591921673703340616e+02 3.620824557454884598e+02 3.203709147808142461e+02 3.447127723541198634e+02 2.604973494060375288e+02 3.447127978286912366e+02 2.998500723710704392e+02 1.964662658055094369e+02 2.993759187041763994e+02 3.485520478472644186e+02 2.989552514766414788e+02 3.669075928734324634e+02 2.645898555362115303e+02 3.369712027868613973e+02 4.225918316591585722e+02 4.741144478438484953e+02 5.380316002588984929e+02 4.736871553299590687e+02 4.838078561464884615e+02 5.755046970952508900e+02 5.820520844755521921e+02 5.541986490274897506e+02 5.123431431558796021e+02 5.541618661816922895e+02 4.566515751657979649e+02 3.566339817666046201e+02 3.066339628292890893e+02 2.658091330723199803e+02 3.249434111347179055e+02 2.249423011481546268e+02
4.909850854147627119e-01 1.906051890311987762e+01 1.190605185009288647e+02 1.882154313895175903e+02 2.177714901853204879e+02 1.677714922185366220e+02 2.177714922184021304e+02 3.177714844771909952e+02 3.203709147816512086e+02 2.198122444024578215e+02 2.492651983280919410e+02 2.024634825855613371e+02 3.030090847356495374e+02 2.739567915379332703e+02 1.718336061537100079e+02 2.628773766223340544e+02 2.469348715974372226e+02 2.402025540253749512e+02 3.064555741610998325e+02 2.360802198481322591e+02 2.755955482600794539e+02 3.240802978276226440e+02 3.911945338347073857e+02 5.030286695615990880e+02 5.681084737016135477e+02 5.772314338998099856e+02 5.468754336309074233e+02 4.730829520993636947e+02 5.037796455591811196e+02 4.117045241139553013e+02 5.037306616086973463e+02 4.981982843263006089e+02 4.365314230896990466e+02 3.365199574011543859e+02 3.658125771353750224e+02 3.065921508519226677e+02 2.696636612909041446e+02
3.962370847149454534e-02 1.000396235139017449e+02 4.679552871438113471e+01 1.467955278457212955e+02 1.177714922185428037e+02 2.177714902659618303e+02 3.091924070129272195e+02 3.591921674152840751e+02 3.351959441128411754e+02 2.492651980400903824e+02 1.487260027766052701e+02 2.126911553467269869e+02 2.231981296364992602e+02 2.338969883334943631e+02 1.486400596413777748e+02 1.614611141828430050e+02 1.751025954003811762e+02 1.893048089856977754e+02 2.044680166456232939e+02 3.063931083844078671e+02 3.658052162801793656e+02 3.955906437725174101e+02 4.302099489506407508e+02 4.745318433821244071e+02 5.270646218321880951e+02 5.460413670054082331e+02 4.935752960644980476e+02 4.000701473508827917e+02 4.620173078365584729e+02 3.615447346336372902e+02 4.264771342581420868e+02 5.269640515241095500e+02 4.780237480348953909e+02 4.365314212763216233e+02 4.480453744510483034e+02 4.065971627820911749e+02 3.273987137699875802e+02
2.605283927408929001e-01 1.002605279604108119e+02 1.467955278289003331e+02 7.694666317215707352e+01 1.769466619583475335e+02 2.591925471054403260e+02 3.218197298981554013e+02 2.973791894668200939e+02 2.557540368677617266e+02 1.929441705487697334e+02 1.218607350677189629e+02 1.119936070499612129e+02 1.223569461719854559e+02 1.329012320204946320e+02 2.338969883681773467e+02 2.067910814982489001e+02 2.766978635215036206e+02 2.910867099484929668e+02 2.765882358917738770e+02 2.375854420922383383e+02 2.631287291332038194e+02 2.926482409096659580e+02 3.267965827632281162e+02 3.781769911837605491e+02 4.832535588758947256e+02 5.026384589037094770e+02 4.000462070450610099e+02 3.497619099171504331e+02 4.075885491771528564e+02 3.261410326020365460e+02 4.264908733345434371e+02 5.212608184382785339e+02 4.798996185843765261e+02 5.212608237718075088e+02 4.963132022228692222e+02 4.688602241414274658e+02 4.274043353689856986e+02
3.048053885361223792e-01 7.101548350726088188e+01 1.710154834151884415e+02 1.769466619574158699e+02 1.303989115546355890e+02 1.803989115545616357e+02 2.803989062850071150e+02 2.557540368667416146e+02 1.553596661950364251e+02 1.847644965683846863e+02 9.750465822564621021e+01 1.685627533243555263e+02 2.231981297291613657e+02 2.042947100165784491e+02 2.042947100168110808e+02 3.053632105543181865e+02 2.785287704140312144e+02 3.800107084298102791e+02 3.785616747979066190e+02 3.140402646895881844e+02 3.365628902556592834e+02 3.955941421823537780e+02 4.302204814497677035e+02 4.746317323145104297e+02 5.269960693447145559e+02 5.448137034377219834e+02 4.935752403822185670e+02 4.075885492806393700e+02 3.070527078213268055e+02 2.972553536477591933e+02 3.975219931814685310e+02 4.712943201731266072e+02 3.799309202996446402e+02 4.670131994898850962e+02 3.963577186565889861e+02 4.669983145795389987e+02 4.278594817734650633e+02
5.470844782054917754e-02 1.000547082524332581e+02 1.801219585534636280e+02 2.301218722239589454e+02 2.303989089018021730e+02 2.718199182557682434e+02 3.218197314675281859e+02 2.784087818395407226e+02 1.847644965497506462e+02 8.439488423466036693e+01 1.847644965619582536e+02 2.396813608364271033e+02 3.107999407521074318e+02 3.053632096771681290e+02 3.053632105402615480e+02 3.472848366963822286e+02 3.800107084293775301e+02 4.221541118657269749e+02 4.400252941290845001e+02 4.258599923634361062e+02 4.446235040929826141e+02 4.768119170315903830e+02 4.764022922818012944e+02 5.195171042682924281e+02 5.494772500405537130e+02 5.120847371744964676e+02 5.189670950995179055e+02 4.495343482677135398e+02 3.707243126902187100e+02 2.705208844877501519e+02 3.456272779672363527e+02 3.871556423827171329e+02 3.299129050318788359e+02 3.721789458427052182e+02 3.256286613108241568e+02 4.256339840785939828e+02 4.231665073773542076e+02
