output/example/elevation_000007.asc
nrows	50
cellsize	20.0
xllcorner	0
ncols	50
yllcorner	0
NODATA_value	-9999
[rows 17 to 33 of 50, columns 0 to 36 of 50]
9.098509734387574266e-01 1.090985097343872212e+01 1.541117468216744513e+01 8.963436282924106990e+00 5.681508945100891772e+00 1.855735976517784991e+00 1.183211295908689742e+01 1.888246570215775577e+01 2.196720137570881093e+01 1.198834910642812801e+01 1.803964813400945033e+01 1.806602765243991016e+01 1.689584754793471433e+01 6.895846176275378880e+00 1.268928314372782928e+01 1.342305640306716619e+01 7.885077639536074656e+00 1.640222988486454270e+01 1.565085290194660494e+01 1.495325471798552819e+01 1.527183996924342857e+01 9.552590319015555664e+00 1.726195004829655133e+01 1.709656021765857759e+01 1.066185417609948693e+01 1.878259350602627009e+01 1.143513549485754588e+01 1.196747521427932170e+01 2.162880307128569157e+01 2.499687056890754278e+01 2.983500870911714387e+01 2.847499893566683582e+01 2.002657303872531713e+01 2.248229821176176912e+01 1.524048900113850635e+01 2.451125649618012758e+01 2.457180081370905356e+01
6.729603419142361487e-01 7.744028153779722423e+00 1.774402815377979081e+01 1.210010354904167684e+01 2.100105449591089801e+00 9.033024336907320873e+00 7.651471131459514297e+00 1.765146850909843934e+01 2.613048667959690974e+01 1.804311943242307592e+01 8.066024575451617551e+00 1.561867155586431011e+01 1.317811043953104289e+01 1.379728514170252929e+01 6.631907475497745175e+00 1.401935184548641722e+01 1.638441019356126205e+01 8.254003457873473337e+00 1.606084900827269379e+01 8.901115192835122869e+00 9.166093896154400511e+00 1.753285914718533789e+01 1.902569935871518325e+01 2.194774399517217844e+01 2.066168700323565233e+01 2.196785884174610004e+01 2.077786359134202598e+01 2.128177889509812459e+01 1.280525338541433378e+01 1.569392969110739422e+01 2.567701956616368975e+01 3.416910737572533208e+01 3.002433264654020562e+01 2.226899907184175120e+01 2.516595290457284406e+01 1.766615827833847874e+01 2.761965831878322675e+01
9.500813129397378543e-02 1.009500813129393748e+01 1.919287730456974117e+01 1.624223901051311358e+01 9.017812535827493647e+00 2.446381858853098112e+00 1.244637499178684337e+01 2.179360416351487117e+01 2.165035116593854880e+01 1.746343332893535205e+01 1.369413067926579686e+01 5.649410632374754826e+00 1.297616946082519185e+01 6.270825116407803712e+00 1.494834369759076687e+01 1.392959188038254581e+01 1.871472057301799552e+01 1.692363941129643834e+01 8.623923837213638421e+00 1.623547619574052092e+01 1.652112028075192995e+01 1.073753329705925630e+01 1.186979689144579986e+01 2.174922263969406089e+01 2.736536707125696566e+01 2.779648153615453765e+01 2.331641439502815061e+01 1.366277834431194194e+01 1.961691174001534677e+01 2.563296353077986112e+01 2.103798586206294630e+01 3.102762498576622008e+01 3.641105949213751813e+01 3.226767789850199364e+01 2.399072609388807464e+01 2.760640779170205761e+01 2.043975256870135837e+01
5.074168083889973868e-02 5.050741680838890524e+00 1.505074168083885411e+01 1.111145204143713094e+01 2.793065851020093415e+00 9.396670955519088153e+00 1.658851052057994124e+01 2.262742529396388136e+01 1.750821448215067377e+01 7.508221903638948369e+00 5.292030027711346563e+00 9.811975708051726031e+00 5.910339953376550604e+00 1.187952065956342373e+01 1.627083382258931010e+01 2.392959409870240250e+01 2.379516964169179971e+01 1.379518583655745090e+01 1.047951987571185306e+01 2.043101715099800586e+01 2.476019858613249269e+01 2.053046442393203108e+01 2.143155341048699825e+01 1.351372791690892150e+01 2.351372631782446732e+01 2.452433746638003242e+01 1.452571078328430509e+01 2.297602506618036600e+01 2.700079755782845226e+01 3.375159951068493314e+01 3.102849227838023083e+01 2.810872549783644914e+01 3.810960452815985633e+01 3.813269558654883440e+01 2.976412094550149234e+01 3.458167342382154885e+01 3.038278088554021394e+01
2.528005767708579876e-01 1.025280057677082191e+01 1.919287730456974117e+01 1.014553399304705827e+01 3.038354063738557542e+00 8.509684295988664715e+00 8.485291128355228807e+00 1.398458662281985276e+01 1.414471598695298304e+01 1.179859023042669364e+01 5.039924080067089918e+00 1.270990459009982665e+01 1.591034146178113140e+01 2.005247744027444767e+01 2.603074670076365038e+01 3.041297036717704927e+01 2.793730838562369101e+01 2.372475358718338256e+01 2.038740769842958400e+01 1.325298527085918643e+01 2.325296286499386866e+01 2.518127015092228049e+01 1.518125290367002478e+01 2.329691804637456087e+01 2.739568585426808767e+01 2.866654224220952685e+01 2.420017388324874474e+01 1.534317966585261139e+01 2.471015912401700731e+01 2.565531430450065287e+01 3.098507993545187489e+01 3.810960452815985633e+01 4.225187777976883297e+01 4.390615806375051022e+01 3.976403480373677013e+01 3.918478403117151743e+01 2.918587512771790315e+01
9.791283598286071310e-04 7.072046940225290790e+00 1.707204694022522062e+01 1.718049070176697768e+01 1.136650944961742660e+01 3.385774814828478974e+00 1.055544184202671865e+01 3.984591285370535196e+00 1.076313081036954244e+01 4.687066323591984052e+00 1.325486470805733497e+01 7.621892080818508219e+00 1.756163083251637147e+01 2.385626063049229373e+01 2.800862786484313460e+01 3.300876339906214696e+01 3.405785056896300489e+01 2.630833535490318198e+01 1.633902802432016088e+01 2.028923766514213156e+01 2.739510504794396795e+01 2.932341146632658635e+01 2.506673782753836477e+01 1.693537261630541479e+01 2.684718928978045938e+01 3.295070412074856137e+01 2.948325519729713662e+01 2.504406926779265419e+01 1.622032039562098760e+01 1.684501706695487755e+01 2.650678293814686626e+01 2.982207923015834439e+01 3.322995797693756259e+01 3.659172784177951598e+01 4.076921702738497544e+01 4.332691391283199067e+01 3.495932306179368254e+01
4.600753433092569233e-01 7.531143155174719439e+00 1.753114315517465016e+01 1.919480278188344258e+01 9.194803298597511443e+00 1.174821449073445123e+01 3.734037598427053961e+00 1.096189161529781231e+01 4.334612171764971045e+00 1.270635215833443965e+01 1.468705882736042234e+01 1.754516036547383706e+01 1.034354974966763407e+01 1.386568355430220123e+01 1.886624442666975199e+01 2.886659391884862913e+01 2.998585239497658961e+01 1.999050613008737187e+01 2.629110073109180590e+01 2.450399295793890531e+01 3.443162338748552997e+01 3.325912558602838232e+01 2.325993946005509372e+01 2.675310582590247321e+01 1.880855139832702605e+01 2.453356035277008829e+01 3.453265610111728989e+01 2.621782840751049903e+01 2.588052985576214127e+01 2.565402550301333306e+01 1.773683089609554031e+01 2.040548587937022518e+01 2.329156442334931398e+01 2.662532449347347097e+01 3.369690169236692867e+01 4.369778920219995655e+01 4.203035138809655535e+01
5.979472710492108600e-01 7.669015082914673265e+00 1.766901508291460132e+01 2.333693847618261330e+01 1.877317728211405168e+01 8.773178451856626481e+00 1.370624178047432373e+01 5.810872195928976858e+00 1.430443267064120150e+01 1.840192797968516558e+01 2.468705925556306013e+01 2.263475597122859284e+01 1.269628707284345559e+01 2.256657370571895527e+01 2.794238313437950794e+01 3.300876339906214696e+01 2.999051916006817464e+01 2.997309448043017710e+01 2.467961495192593446e+01 3.448590717264498551e+01 3.864615607307140266e+01 3.325995289298925428e+01 3.312204925887944995e+01 2.979981951316198163e+01 2.019512232414217934e+01 3.004300059385558797e+01 3.867462832549331608e+01 3.621834446473637570e+01 2.861692945989632619e+01 1.866425663425515324e+01 2.742126875050447055e+01 2.585639447144490788e+01 3.322931564397546111e+01 3.658422178691874649e+01 3.479172084913199114e+01 4.479252315845717902e+01 5.203031324659508527e+01
1.534601171854249602e-01 1.015346011718538932e+01 1.880443783009223324e+01 2.295443371719198211e+01 2.291531301350492456e+01 1.876086442704077939e+01 1.115609247131340886e+01 1.576658379582173986e+01 9.462351594705566526e+00 1.943145298203386773e+01 2.781102667126617689e+01 2.683854831450242173e+01 2.266512108688001703e+01 1.661875142400453598e+01 2.367312327599243105e+01 3.364534493523030534e+01 3.999054304770892543e+01 3.817880301726664527e+01 2.821515205014936711e+01 3.818328345581517880e+01 4.740210731645281328e+01 4.020211091684216598e+01 3.225152980900056576e+01 2.228032540272198148e+01 3.005893118259935548e+01 3.019517620942139757e+01 4.019518922696088481e+01 3.579813141901880869e+01 2.580528385500264577e+01 1.932290070843873764e+01 2.847313360606508681e+01 3.585709652768046851e+01 3.992463398362323090e+01 3.873807923019605681e+01 4.288032210496048435e+01 4.893462865790289129e+01 5.450090322355777772e+01
1.123418600940028211e-01 1.009743439378570251e+01 8.812298093461132353e+00 1.458580078535736924e+01 2.458580078535729996e+01 2.529822878568987221e+01 1.562822807593385654e+01 2.359788768066927744e+01 1.942914354860263515e+01 1.372636491508510659e+01 1.949411125270601275e+01 2.949419894004435250e+01 2.661872956148804903e+01 2.660206209788439935e+01 2.196395042792189400e+01 2.773746088337170335e+01 3.773746270336789621e+01 3.821518128862930297e+01 3.528624106825883189e+01 4.235732479576822840e+01 4.462125440428733469e+01 3.603036736399069895e+01 2.605995674453722089e+01 3.219954353863603558e+01 2.490644427461239019e+01 3.067628729427512013e+01 4.067592398482614158e+01 3.667782820897426888e+01 2.667639946055228251e+01 1.998746785128553682e+01 2.916466538870731995e+01 3.436569112577074492e+01 3.505503318792603551e+01 2.873662501088017152e+01 3.869854187486554764e+01 4.629447536977114197e+01 4.450103010501688772e+01
2.368195578726151052e-02 3.038795401564895027e+00 1.009942217326570990e+01 2.009922417105816095e+01 2.872793640908821899e+01 2.977036522213762026e+01 2.562822960401629757e+01 2.562822960401629757e+01 2.781102667126617689e+01 1.872576607869809706e+01 2.786850233652040387e+01 3.363633302418425330e+01 3.661873190264952171e+01 3.610609192178812776e+01 3.196276877896025681e+01 3.610609192178812776e+01 4.187959330741902875e+01 4.821520464579672449e+01 4.528626849202774451e+01 4.630497736437927614e+01 3.630506303240248656e+01 3.053208827632438016e+01 3.603095830032471980e+01 3.673108978643390543e+01 2.690469065794350456e+01 3.678134578141153099e+01 4.481803111630927106e+01 3.706013717877657143e+01 2.705865141000856866e+01 2.968293202688443699e+01 2.094685977974825875e+01 3.062793978004510365e+01 2.508416416088011047e+01 3.503658573699652123e+01 3.300153794214617164e+01 3.633543774562101447e+01 4.340247348876562228e+01
6.540601710037032834e-01 1.064873881940043709e+01 1.303879540156485817e+01 2.303879540156478711e+01 2.895333580893679581e+01 2.757839434215069474e+01 3.172842454397099132e+01 3.562822984492583345e+01 3.286799619904559933e+01 2.872585946100773313e+01 3.286799619904559933e+01 3.236548010236272432e+01 3.650768038213491451e+01 3.694997479574418264e+01 3.280784011378035814e+01 3.694997479574418264e+01 4.195038472861037349e+01 4.161449727232766804e+01 4.575658560400179908e+01 5.044711229054430390e+01 4.467425749572547744e+01 3.630508670453617981e+01 4.455070235948554114e+01 3.893484645944531763e+01 2.903667061410424211e+01 3.476731120158825661e+01 4.476741626121959428e+01 4.120245559852683215e+01 3.706013717877657143e+01 3.436569112577074492e+01 3.062262400821619579e+01 2.191778387706874298e+01 3.164566731862322158e+01 3.654557459597635471e+01 4.298289305865855425e+01 4.630087817706746733e+01 5.047807386869857282e+01
4.909850854147627119e-01 1.040655202775944410e+01 1.489016548565896869e+01 1.485034132814925911e+01 2.222518790345451478e+01 1.758628892024013979e+01 2.335979161213643351e+01 3.335979161213656852e+01 3.919104369254392850e+01 2.919105431631042435e+01 2.918638756732445927e+01 2.236524160606295553e+01 3.073405392881368314e+01 3.181172254917843745e+01 2.280781378642983626e+01 2.780824946442281487e+01 3.454652311811857857e+01 3.161459877569844679e+01 4.161359589754950150e+01 4.671978806436607101e+01 5.044710435223793610e+01 4.630496963751447481e+01 4.281641160150372372e+01 3.281638705350415819e+01 3.898666980095891432e+01 3.900248940318187607e+01 4.890956650859432386e+01 4.766949925093435780e+01 4.267992019459684627e+01 3.496467997496135638e+01 2.499970357093332751e+01 3.163904533194014235e+01 2.299604510806793201e+01 3.276675866734071008e+01 3.766109943898860735e+01 3.911009827106263970e+01 4.224613710664019095e+01
3.962370847149454534e-02 9.989903755962281195e+00 4.890982755637550028e+00 1.482649161649525027e+01 1.224106408199161500e+01 2.222426913084158073e+01 3.172842454397099132e+01 3.750192723586718557e+01 3.125418128436345455e+01 2.711204858910419091e+01 1.919109312995295014e+01 1.659177104074113629e+01 2.346829386632081693e+01 2.508366645341017787e+01 1.780820997857159682e+01 2.772641905797261330e+01 2.457345833683262626e+01 2.810525070113956758e+01 3.257750876276630692e+01 3.964869230047952442e+01 4.964875016123770735e+01 5.281640104648815282e+01 4.281641160150372372e+01 4.279137907336788516e+01 3.753045849735736539e+01 4.751972020164822652e+01 5.314462229708585284e+01 4.352740410095618984e+01 3.352647687263100096e+01 2.853619390430366920e+01 3.495282989796896089e+01 3.257740033653143996e+01 3.276174939870930558e+01 2.409391396777606431e+01 3.385066521090405445e+01 2.913013834740515051e+01 3.229305743447089583e+01
2.605283927408929001e-01 2.117481774511409398e+00 1.203015341639662772e+01 7.977049754879392829e+00 1.792818987783990892e+01 2.638319970572246476e+01 3.246441021685858175e+01 3.249565086567660188e+01 2.711204858910419091e+01 1.711204788263087906e+01 2.005400203971086270e+01 1.212539367312845329e+01 1.366683538160792821e+01 1.526817915068520293e+01 2.516860125954687888e+01 2.079379098600249165e+01 3.075002482058691911e+01 3.809298863338302965e+01 4.224659825201651842e+01 4.671978806436602838e+01 4.750607316779746725e+01 4.336391217353912708e+01 4.750607316779746725e+01 5.167258436328484805e+01 4.459469391690137030e+01 4.460152809231719573e+01 5.460151110197715951e+01 4.766949925093435780e+01 4.164943223882847434e+01 3.169592372307364414e+01 4.160279207796042300e+01 4.257849691349528598e+01 3.716690958483538765e+01 3.366573297582672808e+01 2.520888750028337810e+01 3.516874374950736382e+01 4.225580368539983311e+01
3.048053885361223792e-01 1.030406310700707451e+01 1.616003408544847275e+01 1.796132524819417853e+01 1.332227459312786344e+01 1.832227459312782969e+01 2.832227459312775864e+01 2.777190078626100700e+01 1.835352126630076341e+01 1.824226083010969290e+01 1.016424612765132629e+01 1.717560174991590571e+01 2.332198906030075491e+01 2.097237313286859361e+01 2.519569886211998622e+01 3.078208378168712400e+01 2.711836357070118453e+01 3.418941951438100091e+01 4.418941881624699164e+01 4.423761856064900400e+01 4.009543413295425296e+01 3.336392991144737152e+01 4.250607046925909316e+01 4.841395188869641686e+01 5.459461921250914429e+01 5.460151110197715951e+01 5.874364063425250038e+01 4.876851264250768025e+01 3.876810010816481622e+01 3.876101132243080372e+01 4.583931430880470259e+01 4.345130178270933641e+01 3.629238689962097197e+01 2.633709091444145756e+01 3.482282753471960035e+01 3.890265174255963387e+01 4.241177080632946428e+01
5.470844782054917754e-02 4.526844402820135116e+00 1.159791221468563371e+01 2.159791221468569944e+01 2.331216220435581121e+01 2.746441021685871320e+01 3.246441021685858175e+01 2.362976261427193947e+01 1.362980580152651200e+01 8.353540607416933383e+00 1.805990231405911928e+01 2.405986083933684583e+01 3.131746518854725991e+01 3.097242411204028301e+01 3.511456723012832271e+01 3.933784433846796702e+01 3.711766646811946657e+01 4.126048839990010464e+01 4.418882727716859193e+01 3.846946550029920786e+01 3.009496365716038824e+01 2.836403168199549185e+01 3.427177370301106407e+01 4.223942598532809001e+01 4.931055597128362677e+01 4.688408938598282560e+01 5.102620260264536256e+01 5.291052850944464581e+01 4.876851264250768025e+01 4.876145025051292947e+01 4.344162080939425863e+01 3.345030463715445279e+01 2.967127593424361010e+01 3.612735280663099502e+01 2.760754692853021197e+01 3.740709097182061527e+01 3.243778055010336203e+01
