output/example/elevation_000218.asc
nrows	75
cellsize	13.33333333
xllcorner	0
ncols	75
yllcorner	0
NODATA_value	-9999
[rows 51 to 67 of 75, columns 0 to 36 of 75]
1.369999999999999864e-02 1.001369999999996274e+01 1.688186723926614619e+01 2.102400286299712562e+01 2.679750555489339803e+01 2.403104682943767045e+01 1.506064387900235424e+01 2.403104675459631778e+01 3.061324542807042448e+01 2.279361918312621427e+01 1.400533951054197956e+01 2.279361918533704667e+01 2.849324445445547127e+01 3.084919226450301011e+01 2.588173722345711880e+01 2.178048960677867285e+01 1.609988734724187509e+01 6.204251909464741033e+00 9.834366161080316360e+00 1.883561110121948801e+01 2.143602132059762866e+01 1.578806391495727901e+01 5.866402313605339813e+00 2.006918585288274048e+00 2.006918585288274048e+00 2.006918585288274048e+00 2.205921109797664759e+00 8.595335697975860612e+00 1.235513982518245868e+01 2.476015897880480932e+00 1.235515066106890636e+01 2.476015897880480932e+00 2.476015897880480932e+00 2.476015897880480932e+00 2.476015897880480932e+00 2.476015897880480932e+00 1.196852258891056486e+01
1.290000000000000001e-02 5.786521794322362133e+00 1.286215426592787381e+01 2.294004032732034659e+01 2.791157417231358195e+01 2.874530688500057352e+01 2.481511030565279086e+01 2.874530688500057352e+01 2.933818380011999949e+01 2.008277176109241324e+01 1.750993860859660245e+01 2.656003151172305365e+01 3.372829075102932705e+01 2.387676232720617975e+01 1.679910768545161659e+01 1.177689606418535995e+01 8.058805078800276078e+00 1.318422240152652236e+01 1.971020361528335130e+01 1.971066312733706027e+01 2.314702021688631106e+01 1.311265018437756247e+01 1.599945143323253660e+01 1.202024256248508216e+01 2.771125211848583181e+00 1.202024098727152079e+01 1.351665893342943647e+01 7.817503727632389321e+00 1.643825251044396651e+01 9.305076532189479721e+00 1.643819536629732170e+01 1.235515015285986884e+01 4.737898305017775868e+00 1.233787542616286359e+01 1.245444683553544962e+01 6.225478718519808830e+00 2.476015897880480932e+00
1.329999999999999932e-02 1.001329999999996190e+01 1.858385531744429642e+01 2.260997107918348803e+01 1.793766299851889556e+01 2.495589374095717972e+01 2.601134206983111596e+01 3.035569386262056923e+01 3.348502813700677905e+01 2.933818380023692640e+01 2.256918937521619029e+01 3.081482424145146126e+01 3.371393069626105188e+01 2.478451615822349652e+01 2.021865609288573395e+01 1.021255981602834417e+01 1.245657773133133261e+01 2.196582595338499289e+01 2.722026433386800903e+01 2.949950602449949955e+01 2.725867721752972272e+01 2.314702021688561828e+01 1.838129931819501550e+01 8.796756197803199839e+00 3.528140385691217684e+00 1.350406238919425483e+01 2.183449635593966320e+01 1.393405657777774920e+01 2.179841326487709452e+01 1.871230344303890192e+01 1.799181254883712811e+01 8.217810566786088344e+00 1.458641595667834245e+01 1.832130866041665840e+01 1.242702247189473042e+01 1.599614491511499992e+01 9.423560839174212944e+00
1.369999999999999864e-02 1.001369999999958083e+01 8.573897847549650564e+00 1.430776013695136939e+01 1.086947589495092004e+01 1.829234501668730672e+01 1.510900503215219004e+01 2.601134206983111596e+01 3.025175696576990703e+01 3.441701714139914969e+01 3.227936123664330381e+01 3.650347082021068701e+01 3.130384025023263916e+01 2.235351923239696958e+01 1.550158839106990705e+01 1.194977356073422214e+01 2.191077125792234526e+01 1.942385309521498016e+01 2.910085368399309758e+01 3.219937825073452586e+01 2.814273035770491305e+01 2.735393980575199180e+01 1.485576695660988911e+01 4.627730405245985779e+00 9.344560602916786252e+00 9.752514439336380292e+00 1.927840452982194464e+01 2.533715835222792023e+01 2.878889265475433135e+01 2.084773916520790493e+01 1.253616984603353224e+01 1.384754724441430085e+01 2.205708059901724738e+01 2.564396261846675174e+01 1.792313484615932850e+01 2.308141352030647653e+01 1.711845229247067124e+01
1.319999999999999993e-02 1.399950490563071970e+00 2.800230574591082711e+00 4.307787297479903188e+00 5.869524916365974399e+00 7.720607933338664353e+00 1.830222561970709805e+01 2.310068981465216709e+01 2.013862081226481493e+01 3.025175696499297118e+01 3.647682242888969739e+01 3.755786279200828659e+01 3.064609541072359988e+01 2.295806979637179523e+01 2.179192031389072426e+01 1.376757770837833839e+01 2.358157034817496722e+01 2.910086106110845705e+01 3.313866466280473588e+01 2.814273315321566571e+01 1.828876154977041324e+01 1.943919051523221952e+01 1.542177234436900690e+01 5.410030963987272123e+00 1.471160803250331384e+01 1.884755645006579883e+01 1.927285050870311878e+01 2.881909865299237339e+01 2.913608922172367599e+01 1.936470926503264778e+01 1.734612447653509903e+01 2.365327739349925551e+01 2.772248489595547127e+01 3.085693784146117125e+01 2.705538606533510304e+01 2.862575027617882384e+01 1.888927727164790937e+01
1.349999999999999985e-02 1.001349999999996321e+01 8.573348521316773940e+00 1.429588132371944376e+01 1.587037324216485779e+01 1.109181679242530372e+01 1.065349009459525043e+01 1.312110977558715419e+01 1.635956386969946053e+01 2.219160488921153274e+01 3.231736053349093396e+01 3.376739389932590996e+01 2.565310475938137813e+01 2.088058799039956881e+01 1.769523135454678098e+01 1.670598648263935715e+01 2.349160711404648794e+01 3.287400581649455944e+01 3.617164550114790700e+01 3.050629546936724878e+01 2.117491000942634116e+01 1.130466077896418575e+01 1.627865917224539416e+01 6.274935165973638540e+00 5.410030963987272123e+00 1.794351395022761508e+01 2.095379121258335076e+01 3.066730634150475154e+01 3.319792302439511644e+01 2.913608922172367599e+01 2.423795796898633981e+01 3.116479146314694759e+01 2.983198649270438452e+01 2.564771365782330292e+01 2.565121747387275519e+01 2.463870577914352822e+01 1.484281155826751686e+01
1.369999999999999864e-02 1.000253844328146613e+01 1.853512688118379970e+01 2.260231571967457853e+01 2.355766341489049864e+01 1.523855263678467509e+01 2.052397332962389953e+01 1.682637173078503423e+01 2.647125278135242610e+01 2.350880575920914239e+01 3.362323258561337269e+01 3.424288421930562265e+01 2.608376934427850458e+01 2.634391221192393928e+01 2.740171219570096994e+01 2.024501242051410799e+01 2.404887294191689051e+01 3.280827257698530985e+01 3.212213177509143947e+01 2.229450926749234441e+01 1.658282390376931303e+01 1.752109431962261255e+01 7.527341711548184655e+00 1.625391303080210648e+01 1.803052759705088803e+01 1.080588940273008447e+01 2.096649868795120497e+01 2.708525325942243711e+01 3.107279785353316726e+01 3.539691703621617336e+01 3.403104636385720028e+01 3.486533263845096542e+01 2.564771365769708567e+01 1.584194246362230096e+01 1.584194246362230096e+01 2.437191638606634925e+01 1.916018171415908000e+01
1.379999999999999977e-02 5.013800000000006918e+00 1.208486781186908132e+01 2.208486783570669587e+01 2.810753724720594704e+01 2.409512778017659684e+01 2.810753761946891771e+01 2.261524327842542093e+01 3.105754321042317656e+01 3.362323258616535782e+01 3.778101036808611468e+01 3.804860111054782834e+01 3.168054042466594211e+01 3.480995877046603937e+01 3.350071368611808964e+01 2.487126248223466263e+01 2.489390013764170106e+01 3.569469994459036144e+01 3.494697501203859957e+01 3.050629546936724878e+01 2.644814877629962879e+01 1.846045133244573577e+01 8.487115658627852000e+00 1.846036356780266274e+01 2.496661797493555923e+01 1.809085730998135233e+01 1.447429224033081496e+01 1.724422548394506549e+01 2.169759907243627950e+01 2.736585183954201739e+01 3.699091557463574986e+01 3.066633798097044661e+01 2.062977063989805160e+01 1.584194246362230096e+01 2.171203918948524247e+01 1.971197502080868702e+01 1.033348067972122308e+01
1.309999999999999880e-02 1.001309999999996236e+01 1.915593182924293103e+01 2.221990714928758237e+01 2.636203089468932248e+01 2.465476760409217150e+01 2.879690248425705690e+01 3.272151280185448741e+01 3.688187042866719167e+01 3.857126988283175706e+01 3.452905007937627602e+01 3.857126988283175706e+01 4.042892935978731828e+01 4.180958534519042757e+01 3.762995094069280810e+01 3.102006329907738547e+01 3.630625200760272975e+01 3.274324865662407547e+01 2.582337391739801546e+01 3.024256006000758745e+01 2.503613452494760594e+01 1.941214629658292878e+01 9.467099687056716562e+00 1.941214629657668667e+01 2.347876376766638984e+01 2.790891110316728430e+01 2.022236135425949399e+01 2.708525325947323026e+01 2.424277885920425391e+01 3.394759350730092962e+01 4.093764144120646620e+01 3.487004800038432961e+01 2.983198627126567715e+01 2.171203918961463586e+01 1.205432406141642865e+01 1.705433257561973193e+01 7.347876677314044258e+00
1.349999999999999985e-02 1.001349998113120243e+01 1.405494145284707663e+01 1.221990726123150850e+01 1.930954275034826040e+01 1.465476760716369142e+01 1.965476760716372340e+01 2.672583541902583448e+01 3.672583539806372954e+01 3.367070621108785389e+01 2.471038266708402986e+01 3.284141556338376944e+01 3.689081922464701080e+01 3.209487876271425932e+01 3.898353848023851498e+01 4.021306739289438070e+01 3.559496143878340746e+01 2.597181064666617090e+01 1.908012659678046674e+01 2.039370380532343674e+01 2.097572440398775129e+01 1.106316587439214416e+01 9.467099687056716562e+00 9.467099687056716562e+00 1.651733093981200540e+01 2.640084924671283417e+01 3.000228372707856295e+01 3.398365054333191893e+01 3.394759350730092962e+01 3.791487763696927260e+01 3.842013731756695449e+01 3.325480701808172057e+01 2.904277891176687376e+01 2.366714813955373486e+01 1.823001963623829269e+01 8.577027759776379767e+00 1.149121423041803958e+01
1.369999999999999864e-02 2.013700000000001822e+00 4.054941452319320128e+00 6.636930349790934436e+00 9.309542768915186173e+00 1.508304546081146214e+01 2.508304545742870673e+01 3.379690207590741835e+01 3.511578898110825975e+01 2.961971636746532965e+01 1.962253863097230422e+01 2.294152857848741434e+01 3.284141556338376944e+01 2.513097008024488588e+01 3.408591584312772227e+01 3.898353786137320753e+01 3.730534080512046557e+01 3.169096309950856138e+01 2.327329233292384103e+01 1.336545856110542907e+01 1.336545856110542907e+01 1.941214656324959620e+01 9.467099687056716562e+00 1.083214815742936565e+01 2.074938658695947424e+01 2.269455020440770099e+01 2.619922658487239175e+01 3.023703580809220171e+01 3.513426278338761932e+01 3.630521825069686770e+01 3.121035960904188400e+01 2.400037660935159778e+01 1.901086160587010454e+01 1.951863617287822095e+01 9.915657485921201442e+00 1.823444258600145318e+01 1.163436829705808684e+01
1.290000000000000001e-02 1.001289999999996283e+01 1.405494145284711038e+01 1.221990726159431695e+01 1.930954276748546405e+01 2.345167792821103347e+01 2.922518029969448961e+01 3.345829517606446046e+01 3.105633847668117653e+01 2.109474693719283422e+01 1.573148583254952371e+01 2.351875369694292672e+01 2.577955446182107480e+01 2.005427466213367893e+01 2.513097008024488588e+01 3.494025044120786561e+01 3.332041858711073701e+01 2.355298233356804971e+01 1.781616819387226158e+01 1.336545856110542907e+01 2.327329219925976389e+01 2.347876391402834173e+01 1.522901322289367521e+01 2.074938658695947424e+01 1.277612350846269429e+01 1.277612350846269429e+01 1.628650484690874478e+01 2.128281317042335985e+01 3.111563999932144142e+01 3.208329121039926690e+01 2.189478187189235570e+01 1.695820870797160751e+01 2.085173466973112255e+01 1.123842847360110753e+01 1.951809243849502806e+01 1.655969360303074822e+01 2.024585917703541327e+01
1.359999999999999924e-02 7.084667811865462461e+00 1.708466781186539052e+01 2.221990726042003672e+01 2.636204270855055753e+01 2.833240236786197741e+01 2.463526027433987053e+01 2.463526027433986698e+01 2.948321177551166983e+01 2.292273304193134109e+01 1.279327666781912320e+01 1.339385020338404786e+01 1.566895128118662228e+01 2.577955446182533450e+01 3.408591584312772227e+01 3.898353786137320753e+01 3.596484109739523660e+01 3.027435229970622999e+01 2.327329629424996327e+01 1.336545856110542907e+01 2.327329629774596853e+01 2.917025008548358400e+01 2.512641297373477656e+01 2.453855288284969660e+01 1.460829383665348047e+01 1.277612350846269429e+01 2.269455020440778270e+01 3.023703580809220171e+01 3.513426278338761932e+01 3.630521825069686770e+01 3.120809158509869263e+01 2.226037227972693344e+01 1.255700566769666260e+01 2.084697807100787159e+01 1.895376016399380958e+01 2.589571335596699342e+01 3.006791727490225696e+01
1.379999999999999977e-02 7.085101679385118700e+00 1.708991648484970938e+01 1.894710833086135793e+01 1.995898273104317155e+01 1.915772958197151254e+01 1.561768968259392132e+01 1.926570375202614827e+01 2.225923683471769721e+01 1.533890937984709169e+01 1.035325893569909894e+01 1.752682719026569558e+01 2.577955412367268551e+01 2.213400576170283074e+01 2.919367701887837541e+01 3.895518701396929373e+01 3.210879267890826583e+01 2.211397034129069183e+01 1.712523728538488399e+01 2.324385571097417724e+01 2.730704626974784333e+01 3.420597675691246309e+01 2.442093474486255289e+01 1.737757479684026052e+01 2.453855288284969660e+01 1.980687905177844854e+01 1.774988967396738815e+01 2.349701056947776578e+01 3.329756138830783385e+01 3.706523929914941817e+01 2.724889599003722651e+01 2.032346568665094466e+01 1.490418297018680605e+01 1.410478207390380945e+01 2.431234003683194089e+01 2.875059538445649210e+01 3.860020603030037023e+01
1.349999999999999985e-02 1.001302882386758064e+01 1.156138842045786674e+01 9.803949160954129383e+00 4.441506470829345687e+00 1.085878767415550783e+01 1.400356832972585508e+01 9.512974279165202773e+00 1.621248623445018566e+01 8.192955647851677625e+00 1.828501321189578732e+01 2.458074700197299478e+01 3.163459535031865499e+01 3.205270820616281924e+01 3.610256901470172153e+01 4.027059438457369112e+01 3.639183245572357350e+01 3.109451944419731362e+01 2.287063715905203409e+01 2.414053178878815942e+01 3.383991846610565091e+01 3.420597675691246309e+01 2.442093474486255289e+01 2.728690719599672221e+01 2.072743654561404014e+01 2.966600506475876387e+01 2.349701056947776578e+01 3.167140038603024976e+01 3.731089515180633498e+01 3.729817114308666248e+01 3.387177538245627773e+01 2.709895140107460421e+01 1.738499842336740997e+01 1.523425681610893001e+01 2.522525041630242271e+01 3.512783940702309593e+01 4.091043166571309797e+01
1.359999999999999924e-02 1.001359843644709002e+01 1.558871408711837381e+00 2.205707420907605076e+00 2.862832317317580699e+00 3.525073451147004100e+00 4.190899305165896926e+00 1.230643182239916555e+01 6.151644900646831005e+00 1.621475484998607897e+01 2.125630235486789843e+01 2.526579119915418659e+01 2.935391882064461910e+01 3.436550900533931241e+01 3.232485628414075052e+01 3.052252167116516546e+01 4.024934849800609982e+01 3.694633833599171879e+01 3.270521111262102920e+01 3.384378674426649525e+01 3.774703283550035593e+01 3.821636252064421058e+01 3.420597675691246309e+01 3.293942518769847538e+01 2.315619162721837299e+01 3.293942518769778616e+01 3.329756138830921941e+01 3.731089515840037052e+01 3.729892526791449114e+01 2.771149418129857267e+01 2.423609039985683822e+01 2.129536693424770633e+01 2.643964002771228294e+01 1.641993872798897414e+01 2.088981792588459996e+01 2.674651254850245152e+01 3.686544724507348292e+01
1.290000000000000001e-02 6.479006350009514081e-01 1.064367352527562005e+01 1.220405871305818302e+01 7.148941611767302362e+00 1.350471541802922637e+01 1.363131452593282766e+01 5.154161926233534530e+00 1.314120898054819619e+01 7.309444559244769657e+00 1.718219391195272294e+01 1.547028566167688091e+01 2.526579119915174587e+01 2.462327972034191603e+01 2.262031601523666069e+01 2.945727950652133487e+01 3.924779903181574525e+01 4.312132331049939893e+01 4.116572647656214912e+01 3.704815837900496689e+01 3.833559108467442655e+01 4.245458638806712770e+01 3.980717489917142871e+01 3.009471011422248310e+01 2.807830973259272511e+01 2.883182904437204641e+01 3.855050586964344461e+01 4.417309638114941350e+01 3.463469837090539727e+01 3.729892526791249452e+01 3.387753253014254540e+01 3.014908822896094165e+01 1.838114844227928302e+01 1.880504168883871330e+01 2.300921508788208669e+01 2.870059350842867474e+01 3.874685869050915699e+01
