output/example/elevation_average_000014.asc
nrows	75
cellsize	133.333333333
xllcorner	0
ncols	75
yllcorner	0
NODATA_value	-9999
[rows 51 to 67 of 75, columns 37 to 73 of 75]
2.557971337178415467e+02 3.359696232290805256e+02 3.523970813363907837e+02 3.621189510464327554e+02 2.986946973351275574e+02 3.086411081446331082e+02 3.752415483810990509e+02 4.066161722612338849e+02 3.656633275371493710e+02 4.282436300159322400e+02 4.397361897449625303e+02 4.514733775170127501e+02 4.264988348488363954e+02 4.769205355148525314e+02 4.476197925528924770e+02 4.855164399273648428e+02 5.281593044859720294e+02 5.796437863235005352e+02 6.078417715393190974e+02 6.164125361471191127e+02 6.102346223088043189e+02 5.915264363141476451e+02 5.580182543965784134e+02 5.830417323780890229e+02 5.286843420115410481e+02 5.426697231115663271e+02 5.277000298106059972e+02 4.644347446726080193e+02 5.280102984900058800e+02 5.440837649850249136e+02 5.960023959298335967e+02 5.639229936799182497e+02 5.046712674104378493e+02 5.447500357982918331e+02 5.034519596986531838e+02 5.626639376065963916e+02 5.815693196146939954e+02
3.356305586783597619e+02 2.885759108568958595e+02 3.659909662238973738e+02 4.025816459843206303e+02 3.551011728185519019e+02 3.839300515148955242e+02 3.230476594896383062e+02 3.335788310976662956e+02 3.455070163518043387e+02 3.577465104191226146e+02 3.704558241135679850e+02 3.834443485420114826e+02 3.978726195832642816e+02 4.132304851278859132e+02 4.790600460957402333e+02 5.230239681253417530e+02 5.464708934182880284e+02 5.473722677035980269e+02 5.821161244285614202e+02 5.727286616276868472e+02 5.964061168193902631e+02 6.186214573264697947e+02 6.090234343853269365e+02 6.000715668772642175e+02 5.841484589545234485e+02 5.589842794791176175e+02 4.989647245508306810e+02 5.288440144673868417e+02 4.826151753660317922e+02 5.448799009631402441e+02 5.802822492579488198e+02 5.760063064893370210e+02 5.208465422602274657e+02 5.754250126610668303e+02 5.626768580125270773e+02 5.255710771911449228e+02 5.815911955392257369e+02
3.928485792268804175e+02 3.660050549788973626e+02 3.256036908361143674e+02 3.990621954463614429e+02 4.266007622296862110e+02 4.239427579632836114e+02 3.681312329814219879e+02 3.723742106016552498e+02 4.125583481290039458e+02 4.011969314347120417e+02 4.349801008958871762e+02 4.254257564054162799e+02 4.576844921938921402e+02 4.775075850718800439e+02 4.431086752195066083e+02 4.683449078551067259e+02 4.989443955145071072e+02 5.485020196518916009e+02 5.274011082383864277e+02 5.226095696278982814e+02 5.694098038467392371e+02 5.971525071496032524e+02 6.120171003321406715e+02 6.268644204063328971e+02 5.962876194330139015e+02 5.436069409229452276e+02 5.435837377193905695e+02 5.643612515680719071e+02 5.286808456869814563e+02 5.025829247562344335e+02 5.621563399587828371e+02 5.946561020527233268e+02 5.779388470020758177e+02 5.460525178975315157e+02 5.952100768513362254e+02 5.816536683265985630e+02 5.511779181351852230e+02
4.454055112018320415e+02 4.257991740635968085e+02 3.713276935784552961e+02 3.801779624114241187e+02 4.487347073688892465e+02 4.628887196305541920e+02 4.385023625393569660e+02 4.272151775229892792e+02 4.654720119054784391e+02 4.679056678496279460e+02 4.913019657440619312e+02 4.896489967209302563e+02 5.118820796064550223e+02 5.246316592854847158e+02 5.054605195343269202e+02 5.220589577532854264e+02 5.207195102225584833e+02 4.978077168758543394e+02 4.724590918821754144e+02 5.147893932449890144e+02 5.325233148367696003e+02 5.566517378481916012e+02 5.650548625682092734e+02 6.110759755027719393e+02 6.109278518084553298e+02 5.963116247299021779e+02 5.962383810985262471e+02 5.999766694040985158e+02 5.616193515792842845e+02 5.248768533979643962e+02 5.315827940624739085e+02 5.869085387899424404e+02 6.117203396905365480e+02 5.654410257896213352e+02 6.116415421233119787e+02 6.170941450470870677e+02 5.811837273456196726e+02
4.705863229943543047e+02 4.644619722232920367e+02 4.411497166506316034e+02 4.487448168196174834e+02 4.711543768632179194e+02 4.691727668724595901e+02 4.922712833145228615e+02 4.850613808055285290e+02 4.670539132355824563e+02 4.749236775186169552e+02 4.978618137457610828e+02 5.086187774529101944e+02 5.295794916771269527e+02 5.338315014975291888e+02 5.065494585758604558e+02 4.844067116446752266e+02 4.913005124672909574e+02 4.305041667138329444e+02 4.623402774027567261e+02 4.799654661246038927e+02 4.952892940627123153e+02 5.124217627969707110e+02 5.548022515340024938e+02 5.874428465062743498e+02 5.878927101759369407e+02 6.029193632273919548e+02 6.224865788060249088e+02 6.236174554104170511e+02 5.965704416189761332e+02 5.496825902797158960e+02 5.868588910355119879e+02 5.639062608836296704e+02 6.131608451119951724e+02 6.150231004912972139e+02 5.952367472062269371e+02 6.357986965926274934e+02 6.158917093480142739e+02
4.312167437298523396e+02 4.687224593878718792e+02 4.529208430745367195e+02 4.274922124788148494e+02 4.197553331525721205e+02 4.011020342741950913e+02 4.685294296865831143e+02 4.449271381592158718e+02 3.969172997911094853e+02 4.064747529834033344e+02 4.591626055139780647e+02 4.444487201518955999e+02 5.070526025786700757e+02 5.036279027479066031e+02 4.463802449409822657e+02 4.170225599194386064e+02 4.559211019118901618e+02 4.053160285600405359e+02 4.212674920290875775e+02 4.398268401835571240e+02 4.627836385755368838e+02 4.991520243920400617e+02 5.542486140084640738e+02 5.323176978995974196e+02 5.330739916702308392e+02 5.585578858832652713e+02 5.959388237155875458e+02 6.176826428199839256e+02 6.163823965626096424e+02 5.833571848351782592e+02 6.147797696669435936e+02 6.131426925090703435e+02 6.015231690871014507e+02 6.413372807719746334e+02 6.277512589324742294e+02 6.307315139587041131e+02 6.516162814742016280e+02
3.850893907893995447e+02 4.383900273922864699e+02 4.046689403885402498e+02 3.550598962107536067e+02 3.480880573037662202e+02 4.218377046816008829e+02 4.220324635846283172e+02 3.948495468674796598e+02 3.442116022268397728e+02 3.678573896676849699e+02 3.945311334925723941e+02 4.644344707149881515e+02 4.918988713143301084e+02 4.581271591492647417e+02 4.145354123477823123e+02 3.739478173312707554e+02 3.868046753240097928e+02 4.483119194997437376e+02 4.684696658218394418e+02 5.048027159177815406e+02 5.238755214585133899e+02 5.428090061793036512e+02 5.232327506486981292e+02 4.801029062558173450e+02 4.991892964545062910e+02 5.219058302265183329e+02 5.499331079038630605e+02 5.906586305673085917e+02 6.342933233589816382e+02 6.282758454166945512e+02 6.392690323358465321e+02 6.325655486357987911e+02 6.412270421252670758e+02 6.507485489620285080e+02 6.600449641129433758e+02 6.616190902403548080e+02 6.662395670065325248e+02
4.183458942620268886e+02 3.811789939158754237e+02 3.449609537910719723e+02 3.063225586679010917e+02 3.838820592658557871e+02 4.008418763449985818e+02 3.728482308376485435e+02 3.177305726101712366e+02 3.948895992248557150e+02 4.379060720091293319e+02 4.606262185571871441e+02 4.877369609515621960e+02 4.434475122768769779e+02 3.971434379016631055e+02 3.570294966615393832e+02 4.321240146758558467e+02 4.579931024013982892e+02 4.839661007507340855e+02 5.258002049868429140e+02 5.519827022171830322e+02 5.267326568529578026e+02 5.044149541349850665e+02 4.571474151139294690e+02 5.058047742340222044e+02 5.409879455960136738e+02 5.755225056685603704e+02 5.959899459496361942e+02 6.176934981086262724e+02 6.215549391081380008e+02 6.183624853436115245e+02 6.148586953922435896e+02 5.870927634801710155e+02 6.148559299064531842e+02 6.419833764037799710e+02 6.351877057691762047e+02 6.459560562052610067e+02 6.633543984494228880e+02
3.601332856305178325e+02 3.192075807220249999e+02 2.736923401999611087e+02 3.410431656045943782e+02 3.463988361326560153e+02 3.514942056591244750e+02 2.935484293744576121e+02 3.729006113007792464e+02 4.221192321550215638e+02 4.192410238179051589e+02 4.456874412809495425e+02 4.286895356346956873e+02 4.001859267498579129e+02 3.402386489197950823e+02 4.167977799346160737e+02 4.581460517610875627e+02 4.891479345825965765e+02 5.031543818965566857e+02 5.021591815260302383e+02 5.094467409879019897e+02 4.868036341725438660e+02 4.360301323152171449e+02 4.840953899285733542e+02 5.424115184602952695e+02 5.829586174886403569e+02 6.094107843825790951e+02 6.050914347515431473e+02 5.896169810644869358e+02 5.744910370086801095e+02 5.699930156492830520e+02 5.703409452642752058e+02 5.454823490464110591e+02 5.899081693880284547e+02 6.093490762747915142e+02 5.888090997310207513e+02 6.172206771667473504e+02 6.486704686235847248e+02
3.015401532655388337e+02 2.479165290272876518e+02 2.537861953233697534e+02 2.596142496693744874e+02 2.651734577865526603e+02 2.705956068973790707e+02 3.519154071336911329e+02 3.644206698629644734e+02 3.676233003583265599e+02 3.438220107194317734e+02 3.795747852744047464e+02 3.854365884001626910e+02 3.235437680450531843e+02 4.014035912834081046e+02 4.435173812896059644e+02 4.410303852434636838e+02 4.233729395962794229e+02 4.666448235060956335e+02 4.369399757682523955e+02 4.678582094764664703e+02 4.165485656768199192e+02 4.868344180594048112e+02 5.268548798858879536e+02 5.663858661582919467e+02 6.017098023158365550e+02 5.800271559797492955e+02 5.639457629310260245e+02 5.346938697909297389e+02 5.323456507313405837e+02 5.450338353160395855e+02 5.097445060842333078e+02 5.703435352827938232e+02 5.864828607551556843e+02 5.557066111956344230e+02 5.965048727736309502e+02 6.398948288716827619e+02 6.361292026346393413e+02
2.399635471164758656e+02 3.228609148207060571e+02 3.355875990794523887e+02 3.210737669956942568e+02 3.339131280058105631e+02 3.515546249029311525e+02 2.785058115448987337e+02 2.843059486170286618e+02 2.899471911086467912e+02 2.955415303396234208e+02 3.011705596220876942e+02 3.066342631216230643e+02 3.858062050666361529e+02 3.987491160332599520e+02 4.040968934092578593e+02 3.677908064150522023e+02 4.410023442573592547e+02 4.413981424464893166e+02 3.846219345516527710e+02 3.977715626792651165e+02 4.699343992057423520e+02 5.103500245619273414e+02 5.353633344108959591e+02 5.389702320201132579e+02 5.593775781184920106e+02 5.321506313025362260e+02 5.052141044263523213e+02 4.968402921507019414e+02 5.223754791930248302e+02 4.805179116027744044e+02 5.448824779822103892e+02 5.648453727360061976e+02 5.282139479250469094e+02 5.865403175665292110e+02 6.233820103404734709e+02 6.200697679342422362e+02 6.023681229513930475e+02
3.138495237963812770e+02 2.783564566092203449e+02 3.257366046073149732e+02 3.914866593408444260e+02 4.047667373094497520e+02 3.732813108277185279e+02 2.958142126181274989e+02 3.640419327432327350e+02 3.684503106774938033e+02 3.247312598686100955e+02 3.800699314305338703e+02 3.855412060915250549e+02 3.149597550484838848e+02 3.208095387734406927e+02 3.265615616547345326e+02 4.044576704809217631e+02 4.225757971409184961e+02 3.665565985195887606e+02 4.413736031452521615e+02 4.684857509267827709e+02 4.942732427678729437e+02 4.902948322306295381e+02 4.710669915889261006e+02 5.203674448710181650e+02 5.183285467351538500e+02 4.765469532955055456e+02 4.617678269333424055e+02 5.107625983282950983e+02 4.549943979589397713e+02 5.223420434943581085e+02 5.426392045193083504e+02 5.029861077133404024e+02 5.648191926530021192e+02 6.028717298177616613e+02 5.975744788832231507e+02 5.695351555549264049e+02 6.199917343976798065e+02
3.455175697659475986e+02 3.572057870596789826e+02 3.337235069570350561e+02 3.878707225509937757e+02 4.310979810726228720e+02 3.653283313719620082e+02 3.752592496333816712e+02 3.223837321799946380e+02 3.995582892307772909e+02 4.008120510241941474e+02 3.707657020989240664e+02 4.210222809628691039e+02 3.794214597228738057e+02 3.693984334780197401e+02 4.041078514305367548e+02 3.347040928493923388e+02 3.481939634286125056e+02 4.245483585587978723e+02 4.672563631185925601e+02 4.482089854673234868e+02 4.520449665525477485e+02 4.207009575924458318e+02 4.480648273117338931e+02 4.753504238030181455e+02 4.850752165018473647e+02 4.259690753403186818e+02 4.343333510123238170e+02 4.428321774627960963e+02 5.110760553538097497e+02 4.688131578975240927e+02 4.785722970859746397e+02 5.433517018114951043e+02 5.673921047041098973e+02 5.786659360613278977e+02 5.414939070033346979e+02 5.975874187761693292e+02 6.327702634401306341e+02
3.321018669901954468e+02 3.861149457811777097e+02 4.076567795539842791e+02 4.155116561438106828e+02 4.534394492948428024e+02 4.392986762045255773e+02 3.876234634979647353e+02 3.995358293888322123e+02 3.529137859708249607e+02 4.273766483181256035e+02 4.406194166981414924e+02 4.102335737345810003e+02 4.534293987508609689e+02 4.424009991547446816e+02 4.053070465470971158e+02 4.120315256076780770e+02 3.433474646199416043e+02 4.201642344854870430e+02 4.354879405398075392e+02 3.735447528905829131e+02 3.820417233075864942e+02 3.903088141139004392e+02 3.985954652373525278e+02 4.067053020372651417e+02 4.146326234218709601e+02 4.858506700036020902e+02 4.801690933742349898e+02 5.027736430783805872e+02 5.030384699367996859e+02 5.345297922367032015e+02 5.426249451948439173e+02 4.953023519111180804e+02 5.076442779798555307e+02 5.205437021715883930e+02 5.799103624970468900e+02 5.745915691752343264e+02 6.029459248730032641e+02
2.784970298298529201e+02 3.578063620737060546e+02 4.125727867178423480e+02 4.491726869820020056e+02 4.860442565587603099e+02 4.815942226815959657e+02 4.585532113382010948e+02 4.531790955188171779e+02 4.242680916819202821e+02 3.881095496093104202e+02 4.590055154414657750e+02 4.795503372563856601e+02 4.731886186205385911e+02 4.982028830711150249e+02 4.615732044461620376e+02 3.925853533637089754e+02 4.201213806575103717e+02 3.517860481001549147e+02 3.611453868319050571e+02 4.366746398187337377e+02 4.550883560453208361e+02 4.627843023414323511e+02 4.590012476505651193e+02 4.509200736077283409e+02 4.846949349661294377e+02 4.563251259354630065e+02 5.230552413061495827e+02 5.516633011900952397e+02 5.633202927595607434e+02 5.818886642349574458e+02 5.769425955912773816e+02 5.580224934222762840e+02 5.461023235460959313e+02 5.772676011803681604e+02 5.611916526646042485e+02 6.008465068825713615e+02 6.239116214110939609e+02
3.578037184639094903e+02 3.101923903532955364e+02 3.502145193802613790e+02 4.043683937391497238e+02 4.725813920885539687e+02 5.022043705972116072e+02 4.839362339045069348e+02 5.044719538335306765e+02 4.824699082708801257e+02 4.553869422338804611e+02 4.315529625817076749e+02 4.974923338637789811e+02 5.330793477570888399e+02 5.143350991510812946e+02 4.546444203136882152e+02 4.579247013077491602e+02 4.162212844735016688e+02 4.255806077283733657e+02 3.622752487449884029e+02 4.375179136200525249e+02 4.627446421245876422e+02 5.068645972169193783e+02 5.229961998953177726e+02 5.176533950256642811e+02 5.397359571865716816e+02 5.189178138420295454e+02 5.112432955911125987e+02 5.699486958838662076e+02 5.975684863181600122e+02 5.983494679825215599e+02 6.127569610107087783e+02 6.037244487408729583e+02 5.997577749753645548e+02 6.156856059253203739e+02 6.129730824572865231e+02 6.265241105794340228e+02 6.522468639992836188e+02
4.137880330730972105e+02 3.567116648991254806e+02 3.678709899926287221e+02 4.302415400061425999e+02 4.665640333398318376e+02 4.402580059534146812e+02 4.186590558764782486e+02 4.675738995505594175e+02 5.251247975092647948e+02 5.170131444680072264e+02 4.975689484288465110e+02 4.974351156317243863e+02 5.544041722334960696e+02 5.418319014524101931e+02 5.200383149550245889e+02 5.091085821237098230e+02 4.858130439430914862e+02 4.248119789361242624e+02 4.375671825721786945e+02 3.724118163928072249e+02 4.469421553374009477e+02 4.411107643843928372e+02 5.082918370858015464e+02 5.343787020836971351e+02 5.583220088100949852e+02 5.742374355231669369e+02 5.699372699792493222e+02 5.736014429263502734e+02 5.447149473701659872e+02 5.454627779368714755e+02 5.678435736314222595e+02 5.521418352256937396e+02 5.911447445074029474e+02 6.336594610901775013e+02 6.432541802209501611e+02 6.523273148918776769e+02 6.486175366856881510e+02
