output/example/elevation_000008.asc
nrows	100
cellsize	10.0
xllcorner	0
ncols	100
yllcorner	0
NODATA_value	-9999
[rows 68 to 84 of 100, columns 0 to 36 of 100]
1.262296273394645230e-01 1.000930189769479739e+02 1.133282275784443556e+02 2.272608506796860439e+01 2.939217166672062476e+01 3.611171858949606417e+01 1.361419300833623254e+02 1.883077220137549546e+02 1.728111978989083468e+02 2.449408532860873891e+02 3.494107884868080873e+02 3.660981550537758267e+02 3.310416890899259101e+02 3.467207646349431229e+02 2.437806677883496036e+02 1.953659369265463113e+02 1.802575405292548112e+02 2.842722522972744059e+02 2.855448243094950840e+02 2.043662694611593622e+02 2.229982620477047988e+02 2.423448211082902901e+02 2.629686117903371496e+02 2.858708708683309396e+02 3.158273738368012005e+02 3.588108376031943294e+02 4.396922211520649739e+02 5.743096227499062252e+02 5.915582197576267163e+02 6.243095115406754303e+02 6.287260831674033170e+02 5.534730484473778915e+02 4.681995510905962874e+02 3.655839489799776061e+02 4.291203685936165471e+02 3.128019853828756709e+02 4.628511153834378433e+02
2.872308867382863395e-01 6.824009665034459715e+00 1.337295823781933279e+01 1.133343295878874386e+02 1.293683799825332130e+02 5.603409437269777271e+01 1.559262798636310094e+02 2.115876121704516208e+02 2.392541216214547717e+02 2.707609346140405933e+02 3.086963223121555870e+02 3.032866411325704235e+02 3.889707979107406572e+02 4.036069405671602794e+02 3.459644550879498865e+02 3.006179313699212230e+02 2.338757426037056177e+02 2.658589344535382111e+02 3.548341373354367079e+02 3.093993687131225556e+02 2.540856501942741374e+02 3.509417504583681193e+02 3.746243988380350629e+02 3.497343207009660659e+02 4.009532306691202166e+02 4.884809094798277442e+02 5.409542646277868698e+02 6.108159136524690211e+02 6.379110681703028831e+02 5.902156534817670490e+02 5.324843386520454942e+02 4.443477998301634102e+02 3.582135725265536053e+02 4.009474519582362859e+02 2.874467722098834201e+02 4.287517831833954460e+02 5.147791519357233483e+02
2.144837868416781257e-01 1.001812762502283221e+02 1.133294556778811142e+02 1.541995381771277209e+02 1.972295667821111920e+02 1.559264022658813644e+02 8.679164265860656258e+01 1.133679884532880209e+02 1.418447657712665659e+02 1.742683058050262161e+02 2.133295924403422532e+02 3.089511203120541722e+02 3.240409993046693558e+02 3.590687302773795295e+02 3.971054344547437154e+02 3.961970623483600207e+02 3.323362788014744638e+02 3.799347836349988370e+02 4.254241760541411281e+02 4.090370287652132788e+02 3.435116730756582797e+02 3.245832068087086100e+02 4.304106929546031211e+02 4.768346652117501776e+02 5.219923626945640081e+02 5.671390013747535477e+02 5.622352138995303221e+02 5.191661678132568341e+02 5.189864153512088478e+02 4.956883561118391412e+02 4.019518793179072418e+02 3.352232765783617765e+02 3.759133184862361645e+02 2.658002982617681482e+02 3.574617557215724446e+02 4.826308815463378892e+02 5.815408109490057313e+02
1.916699244032614713e-01 1.001583756156422993e+02 1.587794012022647792e+02 1.938041945311859138e+02 2.335638739984046879e+02 2.272217146544038258e+02 1.573317938385172567e+02 1.677893369304658790e+02 2.392121942608987695e+02 2.707592017006218725e+02 3.087195204095623353e+02 2.790622736471381700e+02 2.296174313682421371e+02 2.674092456361205450e+02 3.268591185865406032e+02 3.976945253906997664e+02 4.541466772315876028e+02 4.385161447548201750e+02 3.951774724458416017e+02 4.391654877133575496e+02 4.699621188277030797e+02 4.354998222465465574e+02 4.788789033647279894e+02 5.221123375902160433e+02 5.615753378465400374e+02 5.918703836450954441e+02 5.027465943903618495e+02 3.735432533697867257e+02 5.026897175438020327e+02 4.445491937297369418e+02 3.020436554492696359e+02 3.523474326327357744e+02 2.464504175060980913e+02 3.759065374084134987e+02 4.550196166526345110e+02 5.541609646665964419e+02 5.385138973622098320e+02
7.524594401025330725e-02 2.894275001181103235e+01 5.909372215844260978e+01 9.444664442627410494e+01 1.520796157936547104e+02 2.491487322089577106e+02 2.589019381358611440e+02 2.675645649080520911e+02 3.087026041479081755e+02 2.841349966352531169e+02 2.434710678293403987e+02 1.819911137960244503e+02 2.378446422948468921e+02 3.351779528387501159e+02 3.971642743107047409e+02 3.923887795271246546e+02 4.039819970815443639e+02 3.845762184162653057e+02 2.861359471933643022e+02 3.781220327378279649e+02 4.329875551714383732e+02 3.898879904859767862e+02 4.237826453420816506e+02 3.987891184291172522e+02 5.115484665186959319e+02 5.247945355525616833e+02 4.121965776421396299e+02 3.111836077689301305e+02 4.501281444789157149e+02 4.502045621003479141e+02 3.114773901166566930e+02 2.286528816922765941e+02 3.528203438899513458e+02 4.296542632137190481e+02 5.354427135778171305e+02 5.528653135221331922e+02 5.088245270586272682e+02
7.477363286620568594e-01 1.007143967176329369e+02 1.587792126542221638e+02 1.937374459019891901e+02 2.332799505885708129e+02 2.880722960316156218e+02 2.668908313547315174e+02 2.259120394046992146e+02 2.541305724421362413e+02 2.130276198485099997e+02 1.450572587920069907e+02 2.434689161024784028e+02 3.191421124923100479e+02 3.749624074915787446e+02 3.508554665043234877e+02 2.762811229733585492e+02 2.937046974757788007e+02 3.389681551872271825e+02 2.350203384162940949e+02 3.222519158217108384e+02 3.471418319695494006e+02 2.818306251280248489e+02 3.140635982109101292e+02 3.715286292552500527e+02 4.822812543395168063e+02 4.799286500021738675e+02 3.448939425139134869e+02 2.745932872768148627e+02 4.048019013237221202e+02 4.606920452001129433e+02 3.383183295616622672e+02 2.170693686172917296e+02 3.374923717710544793e+02 3.553446306186136781e+02 4.922630021232281479e+02 4.774911588977269616e+02 3.682371802075515461e+02
7.381540248656082159e-02 7.075206998872617703e+01 1.697778702930474708e+02 1.939754813963786546e+02 2.003538990015088643e+02 2.077069638085284282e+02 2.090142610085433148e+02 1.250976557615119731e+02 1.854370057537483945e+02 1.138017575738595752e+02 2.124633725005105021e+02 2.432187719629069136e+02 3.412952904398938472e+02 3.407470192901738528e+02 2.951479370299262541e+02 1.999066131368038270e+02 2.200521058492509212e+02 2.775621913400531753e+02 1.991680467539173947e+02 2.198457148223802164e+02 2.419856596488272089e+02 2.930056005784454101e+02 3.686853954890385126e+02 4.691027416668412684e+02 5.232766032532376812e+02 4.516118418485373240e+02 3.128166753452069315e+02 2.443375119720311659e+02 3.307140426518117806e+02 3.307141917155549322e+02 3.243192883096326682e+02 2.057691950361875968e+02 2.528176024002385702e+02 3.810667338785166294e+02 4.934070381254302333e+02 4.273559163439441022e+02 2.943955657301699489e+02
2.019974727959148453e-01 1.001688461006249042e+02 1.148991120254456604e+02 9.269810339162120272e+01 9.977635604041144290e+01 1.070144082949565529e+02 1.438634697402686129e+02 6.743206453709190384e+01 8.566301082660370980e+01 1.854562318298701200e+02 2.541531317463454798e+02 2.726587651661625955e+02 2.809078431282415522e+02 2.348923337473485731e+02 2.346122631380647476e+02 1.491521169594155651e+02 1.614631324380318347e+02 1.742757418791493933e+02 2.776066041819644852e+02 3.242456722650444476e+02 3.409995888140387024e+02 3.918085213645592830e+02 4.459633236691676075e+02 5.233493934178511608e+02 5.565985123035212609e+02 4.984317693333148895e+02 4.209289152234674702e+02 3.307121070852709295e+02 2.121390872664840686e+02 2.976390707208133222e+02 2.935268287939284164e+02 1.949786586593437789e+02 2.730549314608958298e+02 4.034102231228345659e+02 3.572837005178369054e+02 3.775806660835863795e+02 3.237390953417176434e+02
8.793136482183369074e-01 7.846643306668297235e+00 1.483094105308724941e+01 2.186688828953068864e+01 2.899149179219005390e+01 3.620810364289489058e+01 4.353992281912792350e+01 1.438693623818337812e+02 1.854185552780421915e+02 2.268805013240704511e+02 1.895559705486561484e+02 1.689566611257513671e+02 1.782366593252082509e+02 2.180503865206226237e+02 1.324916538383294267e+02 2.346191246165452640e+02 2.643522343678450284e+02 2.775618189417736517e+02 2.029002023931021768e+02 3.079251037948702674e+02 3.866437739089565753e+02 4.512706996069936167e+02 4.523064211172838895e+02 5.645324756088598406e+02 4.995179543338600183e+02 3.886707131332099152e+02 3.840420024134572259e+02 3.726737889094532648e+02 2.973871313584648419e+02 1.840910943996651099e+02 1.800921634122889827e+02 2.935287416831383212e+02 3.635160889052567086e+02 3.957284513392761482e+02 2.679092312462233281e+02 3.038513949113748822e+02 2.091847281678219304e+02
9.599022657802637193e-01 1.009263888139445413e+02 1.148982376067220628e+02 9.336358965889408523e+01 9.981726296765769746e+01 9.715998373594355542e+01 1.438563723075903908e+02 5.520312147765795174e+01 1.557060683543006121e+02 1.764830394792569166e+02 8.846625181909151081e+01 9.761047672319844537e+01 1.069184625681096321e+02 1.163995973295776452e+02 2.181345400721332339e+02 2.726015367760298318e+02 3.168189478610379979e+02 3.520440937368017558e+02 3.079244119795090455e+02 2.343270718716663623e+02 3.420117578465963106e+02 3.341905012590288493e+02 4.179121414350098576e+02 5.355201618410092124e+02 4.542198124254595086e+02 3.243351330640369383e+02 2.615392299200144066e+02 2.577588473003017953e+02 2.762927637163675740e+02 1.655389312814733103e+02 2.762498540716468938e+02 3.447787475305476619e+02 4.425067145176496410e+02 3.337206436312284836e+02 2.777602023824226762e+02 1.899475913910363261e+02 3.038495776053631516e+02
8.137095026330687375e-02 3.759751190831210010e+01 1.359128858589672575e+02 1.977952145094583329e+02 2.008941563475078738e+02 1.827603784345844247e+02 1.975231536512843036e+02 1.261429685104845362e+02 6.707173265172220056e+01 7.564936422800346350e+01 1.764943223857520991e+02 1.988361907115340728e+02 2.083756468547180134e+02 1.517433087234553568e+02 1.461531407317831679e+02 1.683262979562454404e+02 2.732774662574681201e+02 3.576264584671058060e+02 3.865866802410014316e+02 3.420116279901108669e+02 2.709074293007440133e+02 3.428585912548558099e+02 4.532155644101458165e+02 5.063679637177678501e+02 4.638518056775328091e+02 3.481621622812818941e+02 2.264799711144954131e+02 1.836514977726000666e+02 2.521874677173265695e+02 1.566393254847398850e+02 2.607062819776507467e+02 3.830600791338669637e+02 3.184344859802366159e+02 2.833737441022150847e+02 1.722063848412419702e+02 2.833486122993692220e+02 3.035535529848935994e+02
8.241700308520809592e-01 1.007906498191004516e+02 9.823539196669764806e+01 1.511543346562543775e+02 2.304259583438993673e+02 2.949362374817222303e+02 2.699060499444807988e+02 2.098004630473319594e+02 1.172475604470745054e+02 1.466853561380401629e+02 1.229357578596343217e+02 2.244299734035466543e+02 2.877585628257810413e+02 1.889330457816526234e+02 2.495049930931366191e+02 2.731241241219988183e+02 2.049740452403209190e+02 3.133169403842222778e+02 4.083004709381804105e+02 4.278838807968066931e+02 3.551643925876835510e+02 3.606192911867327666e+02 4.866316177966338046e+02 4.638602302233444448e+02 3.429821096220303502e+02 3.811046222751766095e+02 3.436014262746421650e+02 2.515453033945313166e+02 1.441925910759391627e+02 2.392237927134069366e+02 2.204699522484400518e+02 3.349772882713807007e+02 3.007070641760974468e+02 2.033028276228152436e+02 1.601614445805792002e+02 2.020200127657974463e+02 2.663100784783218273e+02
4.260184569368915541e-01 7.113459990459142546e+01 1.709516406222226408e+02 2.318055961769476596e+02 2.795979124674144032e+02 2.757076289637466289e+02 2.821730973360337202e+02 2.626082389381907092e+02 1.900038250111974776e+02 2.483778567557862971e+02 1.810548701953055684e+02 1.942478559691002147e+02 2.973643918788645237e+02 2.643343768708070343e+02 2.623667955436534385e+02 3.492209016799075130e+02 3.133148128420518219e+02 2.504826105356938513e+02 3.178526340741472040e+02 4.402411410317963600e+02 4.795082851125393404e+02 4.938595936768979300e+02 5.375041205170465446e+02 4.859771426357060591e+02 3.510969532953255339e+02 2.606171512794531395e+02 3.209157967787016332e+02 3.010907220529981601e+02 2.391910113439630265e+02 1.324988874594923800e+02 2.386778323883061148e+02 3.446077368434566779e+02 2.518452539920836557e+02 1.439483973717590857e+02 2.513499326334867021e+02 3.160140821020630710e+02 3.709531812150307246e+02
5.157644573854447412e-01 1.004824221359510830e+02 1.521372144892376355e+02 2.224977066632490050e+02 2.215089992408624369e+02 1.749887449879409758e+02 1.851914703452326307e+02 2.801653252622665491e+02 2.993335789832149203e+02 3.267768137786085276e+02 2.842804401829852168e+02 2.973609638450740817e+02 3.399146187703492501e+02 3.771891309205370817e+02 3.546695132361969058e+02 3.837114887154816643e+02 4.078333588985723281e+02 3.062246931187537484e+02 4.083001918124733152e+02 4.734177470616708092e+02 4.377436859910941962e+02 4.857574657366396877e+02 5.191127111014424145e+02 4.732967466913914905e+02 3.346061261492669701e+02 2.564090402043084396e+02 2.052596850375601889e+02 2.777908310458015535e+02 2.303636881259889435e+02 1.243964031542926563e+02 1.853297809371076994e+02 2.649690490683180997e+02 2.398176038322057764e+02 1.329969633975224781e+02 2.397536121103336200e+02 3.253300817228980009e+02 4.102266629641432019e+02
1.108647127769513130e-02 1.119142635877122416e+01 8.190129424136394221e+01 1.390043333586665142e+02 1.216063026283931663e+02 1.043294538526826472e+02 2.038743725830983635e+02 2.635405587321530447e+02 3.019215302200856286e+02 3.016906288026632410e+02 3.411475457690859798e+02 3.525111580117745689e+02 3.703382107736416060e+02 4.112070059828020021e+02 4.031855083806991615e+02 4.423884501809587277e+02 4.671079049237127379e+02 4.272215505836900888e+02 4.695920961739049062e+02 4.416670189504183668e+02 3.597176286019738427e+02 3.999989592822381610e+02 4.642016751827799794e+02 4.912354524803789104e+02 4.304361914287425748e+02 3.098951614574955897e+02 2.205197707704110428e+02 1.666039263490676205e+02 2.434339725097383109e+02 2.179962746152824025e+02 1.130062634800943044e+02 2.059414893248789440e+02 2.125610126286890988e+02 1.222509590315845003e+02 1.611353030926230758e+02 2.203021716624463409e+02 3.562896199737921279e+02
4.490398005347427945e-01 1.004156929766200932e+02 2.741356843554854095e+01 3.903833221870030457e+01 5.090614846335573418e+01 1.508775030012149330e+02 1.826323099196090709e+02 1.642370510233534162e+02 2.267074592837484204e+02 2.018877913153814063e+02 2.630523734818953585e+02 2.554683692308673812e+02 2.676547581965911036e+02 3.388616937098756239e+02 3.021540909402586408e+02 3.735591556528697197e+02 4.747706946209003149e+02 4.994846582023812971e+02 4.627203888009233879e+02 3.991210457529004998e+02 3.092518026381031291e+02 3.927283925254048427e+02 3.684034122946245020e+02 4.641993290927631506e+02 4.886898080107909550e+02 3.931455855944628865e+02 3.256461921478567092e+02 2.434334442261611855e+02 1.356854083397099089e+02 2.146510698719198729e+02 2.059010440802209700e+02 1.017889729587426046e+02 1.078723212605517290e+02 2.125697597997588844e+02 2.362331939338240261e+02 3.253140702535204696e+02 3.754810110630748454e+02
2.278117489967377285e-01 1.001866127807196563e+02 1.273817734274068840e+02 1.389847939152479626e+02 1.508684022622449561e+02 6.931763070454293540e+01 8.268067079099718342e+01 1.826604086565056093e+02 1.267866105245841624e+02 1.441920812604831212e+02 1.630852060384842730e+02 1.854340395082459452e+02 2.116613437504015280e+02 2.396594165997389609e+02 3.096931557142717679e+02 4.107660214072042777e+02 4.656628719511969052e+02 3.959948457689437760e+02 4.236414099051349922e+02 3.236670614484045814e+02 2.764191912766650603e+02 2.949317287084378449e+02 3.677674466651931766e+02 4.759214991008666402e+02 4.678725452689504323e+02 4.425430510006185045e+02 3.027485932760925493e+02 2.060416126978545037e+02 2.146445834137743134e+02 1.096291102928732499e+02 1.883979037315583014e+02 9.392554960531691677e+01 1.975575218499962773e+02 1.926399628492765146e+02 3.069290701504512526e+02 4.097406066108380287e+02 4.207428855683913866e+02
