output/example/elevation_000240.asc
nrows	75
cellsize	13.33333333
xllcorner	0
ncols	75
yllcorner	0
NODATA_value	-9999
[rows 17 to 33 of 75, columns 37 to 73 of 75]
2.957099297156036855e+01 2.424066196385864203e+01 3.446342844971691477e+01 4.032085912232604130e+01 3.323548761657315254e+01 3.617467298952109900e+01 4.387680786910011932e+01 4.887147803671602020e+01 4.535418150091103229e+01 3.524233234112674751e+01 4.535418150091103229e+01 5.090562166942962108e+01 5.493979238887543204e+01 5.254302094683916380e+01 5.667578973190931890e+01 5.674825990022108613e+01 5.094657597377572245e+01 4.678931125412503889e+01 3.868282584541488944e+01 4.438393271746071633e+01 4.254646235640804974e+01 5.255249707179569185e+01 4.832190400334309999e+01 4.421553911027069006e+01 4.422273591317121344e+01 4.125199892965643755e+01 4.496925800046496136e+01 3.836146971465641542e+01 3.160394552355301201e+01 2.195020228139445706e+01 2.878030215549043191e+01 3.805934586139046161e+01 3.634796243985534403e+01 2.993330248710691066e+01 3.225685554409745492e+01 3.486532270484492102e+01 4.043496987846503288e+01
1.928155155749599103e+01 2.966493529580494126e+01 3.648581038614629080e+01 3.231883840921931750e+01 2.597309364349227323e+01 2.965303394856428554e+01 3.474441745507719759e+01 4.473853418173713692e+01 4.949358233998498946e+01 4.034647422902440894e+01 4.949358234001169876e+01 5.669330358495211897e+01 5.089216327912221516e+01 4.248345061970832148e+01 5.089216327912221516e+01 5.259794718299370686e+01 4.253709463152312509e+01 3.692216457664834905e+01 4.109251914678456075e+01 3.467185290007738985e+01 4.318685405722189330e+01 5.063510608508737221e+01 4.678211798585923020e+01 5.148018313356140396e+01 4.696453876963316532e+01 4.285720385594766668e+01 4.275914866493435085e+01 3.812432503738442335e+01 3.049727764532689989e+01 2.135085286356292045e+01 3.096752535233012793e+01 3.945673076473129726e+01 4.351367423566684067e+01 3.504693014134871021e+01 4.190548921584312581e+01 4.494446494480359888e+01 4.939940820918112507e+01
2.499996453650275896e+01 2.674598187428237850e+01 2.896552226626092263e+01 2.198322477733657720e+01 3.231883840921931750e+01 3.974147581840720278e+01 4.387680786910011932e+01 4.887147803671602020e+01 5.449630188356373139e+01 5.036188877279766274e+01 5.449630188378925766e+01 5.254711751757535865e+01 4.248346990937567824e+01 3.683851477676208930e+01 4.207130305593215525e+01 4.621093209168581950e+01 4.994620918176942581e+01 4.109251914676923434e+01 3.159291055177365237e+01 3.847919349249934839e+01 4.257809934812034669e+01 4.504648014416986967e+01 3.458508704185605609e+01 4.504335062499342257e+01 4.285983039215442147e+01 3.323541030067744373e+01 3.322877184555562025e+01 3.494659854127088039e+01 2.620906947963932510e+01 2.075400581177355974e+01 2.648000284478375477e+01 3.582909770831680163e+01 4.410523098403702846e+01 4.544843202636745616e+01 4.959068067950333614e+01 4.708930798640403026e+01 5.112232452407196348e+01
1.631728176142496167e+01 1.631728176142496167e+01 1.855300573376894491e+01 2.896552253402081334e+01 3.648626043674168073e+01 4.506220620501657947e+01 4.501673065827090170e+01 4.072934559832597046e+01 4.501673150936672130e+01 5.100164291515693549e+01 5.769648547315275522e+01 4.765784894397346250e+01 4.765784894048382370e+01 4.207130305593215525e+01 3.245310301686563292e+01 3.829974222972957421e+01 4.238866121817137866e+01 3.609013943508753641e+01 3.609040829275975426e+01 2.916039005692253738e+01 3.847921445210103997e+01 4.021412085156768512e+01 2.908398937812934193e+01 4.020331192342437987e+01 4.293822649658078916e+01 3.323837460717331282e+01 2.611938743075736724e+01 3.070316852702344335e+01 2.909842508314133269e+01 2.016109577778020778e+01 2.999224390700451082e+01 3.032142349541611992e+01 3.995391797758208696e+01 4.566679593870797049e+01 4.155446045994623461e+01 3.731417320204152333e+01 4.291608976371421846e+01
2.634400117376736716e+01 1.631728176142496167e+01 1.631728176142496167e+01 2.680869131189401244e+01 3.296276412169459746e+01 3.468812403427966728e+01 3.518079207940351694e+01 3.034895246891478848e+01 3.634166381520773115e+01 4.672303037778767987e+01 5.477355390756234499e+01 4.471042744220940790e+01 3.770157639147181783e+01 3.436404965419713875e+01 3.150923560484107711e+01 2.896448924102997680e+01 3.580252959840350968e+01 3.453549843127947838e+01 2.683436111469787377e+01 3.608860090653096364e+01 3.899528208198201185e+01 3.628873381162098610e+01 2.581574639230175805e+01 3.628873381182150837e+01 4.538789093681265996e+01 3.871799978433213596e+01 3.140326791071554169e+01 2.101688799758215964e+01 1.937237479784877792e+01 2.925550908012178297e+01 2.246425244681298139e+01 3.209483204911774834e+01 3.601094906194467171e+01 3.776082875692630836e+01 3.190853884424072362e+01 3.657488679546329280e+01 4.220864173958053556e+01
2.484824264769460811e+01 2.674598188723868830e+01 2.680869131189401955e+01 1.814304741241102548e+01 2.424381642905902012e+01 3.051305257355940981e+01 2.474340924396389241e+01 3.518079207940351694e+01 4.283602157498823715e+01 4.721356784522492234e+01 5.341221154814908090e+01 5.157270235452475760e+01 4.765784884859179726e+01 4.414103869149333548e+01 4.105099792754690924e+01 3.580334596348023268e+01 2.654233795874982604e+01 2.519731853983634196e+01 2.519731853983634196e+01 3.315405147677339670e+01 2.944300205832823991e+01 3.303093831593412233e+01 2.293031780148200127e+01 3.273733119747378595e+01 3.888240347767465721e+01 3.196965134784688445e+01 2.520205518603051686e+01 2.785559311703234187e+01 1.883414693932548900e+01 2.883029248636616870e+01 3.209481461612025299e+01 2.486072859917889488e+01 2.661091245723994447e+01 2.836718697668522182e+01 3.136748301065711431e+01 3.805358555107125795e+01 4.803552105267590377e+01
3.210110071514777275e+01 3.156968424814800045e+01 2.132108309734482177e+01 1.814304741241102548e+01 1.814304741241102548e+01 1.998287454962466114e+01 3.051305257378535885e+01 3.678817772708037381e+01 3.238488995970887885e+01 3.839570707347696299e+01 4.898841931887421453e+01 5.424798854835259476e+01 4.933082016166724770e+01 4.524178094725575505e+01 3.867549356911108305e+01 2.932947578968505908e+01 3.580507355870572894e+01 3.453549843162360844e+01 3.316333789083896733e+01 2.368942404489392572e+01 2.266525504470816088e+01 3.010664687947000573e+01 2.023993283033289714e+01 2.595639941257227079e+01 3.505783816759284122e+01 3.661288421788631808e+01 2.794680263181645685e+01 1.809267131230061310e+01 2.795988615460961668e+01 3.281423707029922809e+01 3.841377762073855706e+01 3.044474520141161733e+01 3.601100670978022578e+01 3.490344629108026453e+01 3.777638650796988173e+01 3.677282199952188790e+01 4.243802018242364937e+01
3.668130199494122223e+01 2.645806632182446094e+01 3.156968427774095076e+01 2.865809820698571642e+01 1.814304741241102548e+01 2.865810106019979742e+01 2.339290558029030009e+01 2.629728765937669266e+01 3.130517979485327729e+01 3.832805890098804014e+01 4.943876413589886454e+01 5.017727254396052672e+01 4.025179496028686543e+01 3.542809392339199803e+01 3.237635184818034162e+01 3.867549356911108305e+01 4.275259740248520757e+01 3.787330719377428778e+01 2.853940611596375021e+01 2.687114999018233163e+01 3.092732522289939823e+01 2.123088799488066059e+01 2.023993283033289714e+01 2.883351664677340764e+01 3.285831938117476625e+01 3.299473702473650150e+01 2.343787633681431259e+01 1.758799759750238323e+01 1.840911881064259603e+01 3.046893009670165853e+01 3.868890935364595407e+01 4.016982768851648444e+01 4.429019463420299729e+01 4.474506889136578991e+01 4.766918722889104743e+01 4.672055049454229447e+01 5.088102458748143420e+01
3.362732102232132547e+01 3.362732102232132547e+01 3.564835413182046153e+01 2.490971965320688142e+01 2.216510180040511457e+01 3.279830045808369476e+01 3.085535922300510947e+01 3.199351997155310912e+01 4.110895027695767823e+01 4.634749964673509481e+01 5.234514990906585297e+01 5.424798700590957878e+01 4.933077688612283396e+01 4.496623607454883143e+01 3.585242305138213936e+01 4.559400953102638709e+01 4.475332797517209826e+01 3.502350927750670451e+01 3.488029496288198317e+01 3.655963644384986821e+01 2.863110401948737760e+01 3.092766706127638088e+01 2.883352039326702609e+01 1.896299853829125226e+01 2.766644599815177941e+01 3.157727963159588569e+01 2.687530121692838847e+01 1.709361569576122619e+01 2.644120152488654796e+01 2.585335149054764869e+01 3.038841196679236845e+01 3.494812961387491868e+01 4.330631723299932645e+01 4.991954962064543366e+01 5.019313768872940074e+01 4.592042699589131871e+01 4.726531287575072326e+01
4.405426528698602340e+01 4.405426528698602340e+01 4.001384574407671124e+01 3.296421161727926119e+01 2.761741802432901238e+01 3.744725620852635473e+01 4.126019021810642329e+01 4.239846884100794711e+01 4.669966342233360734e+01 4.985019257608561105e+01 4.395109492353081038e+01 4.656459999655988469e+01 5.147146270980888971e+01 4.963995845725144562e+01 4.141880089370948781e+01 4.964348484940718720e+01 4.889999700916750669e+01 4.475332797565445730e+01 4.469155554736448011e+01 4.183977684524425200e+01 3.778219992364705604e+01 3.252364915852894001e+01 2.578990116847470304e+01 2.543786602333982927e+01 1.774518395200692922e+01 2.651482442830335629e+01 2.394019549378205269e+01 1.661283935139451984e+01 2.128598267790663812e+01 2.772585793646336327e+01 3.802464996066890990e+01 4.235630033568200759e+01 4.649754762730222524e+01 3.976147216616894298e+01 4.426888871599865638e+01 3.568175059600690702e+01 3.700351275087849245e+01
4.535294046531609524e+01 4.945817284552043702e+01 4.891027624966555720e+01 4.353014079014776172e+01 3.903872005896636921e+01 4.347573193251530199e+01 4.579009658382658188e+01 4.986194644421878763e+01 5.018424717098116616e+01 4.548913215027049262e+01 3.715355084949953834e+01 3.610665912015873147e+01 4.449034161885150240e+01 5.039119808591124894e+01 5.090214512903551025e+01 5.504156734077082547e+01 5.328993634784269062e+01 4.917125365581618013e+01 4.955958909442275484e+01 4.275568969929836527e+01 3.874131760178025985e+01 3.581951853602794955e+01 3.193959478264271468e+01 2.518157469571104201e+01 2.651483891076514254e+01 1.658976301506160667e+01 2.320141637787381583e+01 1.614255161130476424e+01 2.722231127917937599e+01 3.612976400919156106e+01 4.290640061812909067e+01 4.421987503809830145e+01 4.273670412689874354e+01 3.266143698073614132e+01 3.612070719670425234e+01 3.009567140766700177e+01 3.568175108977431620e+01
3.556312022289843355e+01 4.454563631722915318e+01 4.492200967094552055e+01 4.010832235955583513e+01 4.300263971274826247e+01 3.851455495050531397e+01 3.614428437104301395e+01 4.579009658382658188e+01 4.590451566172827569e+01 3.495355773881267680e+01 3.592517865441931235e+01 3.052681523022322096e+01 3.602885280065780194e+01 4.606547468742007112e+01 5.583791222334087934e+01 4.984804201281097846e+01 4.567216008949495176e+01 3.949931245688311776e+01 4.127414651658892808e+01 3.595140937471547460e+01 2.931530938945891762e+01 3.277969744168127164e+01 2.933714068194878521e+01 3.289374698175357992e+01 3.023876803269068247e+01 2.495077746314017730e+01 1.548977749494607892e+01 2.515136993679631061e+01 2.621944728651173406e+01 3.604040404609155246e+01 4.130701661963630045e+01 3.413549462643327814e+01 3.736717134185169442e+01 3.319929793420600106e+01 2.650834350022562447e+01 3.612070719670425234e+01 4.426733507245482713e+01
3.067114181567358955e+01 4.045803979794995797e+01 4.098613619566035027e+01 3.173596404424564454e+01 3.470798626825197886e+01 2.936802491335868837e+01 3.614428437104301395e+01 4.579009658382658188e+01 4.215361896803384667e+01 3.273370085960800679e+01 2.658386051682377271e+01 3.633396046926927880e+01 4.244218335795844865e+01 4.818177678500597239e+01 5.169748910068830838e+01 4.144721197946240210e+01 3.591824492645423561e+01 3.999474472259167612e+01 3.190576399519198603e+01 3.534907219242130338e+01 3.277979059828225417e+01 2.304406569497722757e+01 1.941427034247030647e+01 2.718835702469628757e+01 2.911403468595431931e+01 2.012297244318173739e+01 1.510299979370253709e+01 1.627172114369377809e+01 2.596715838929306486e+01 3.674731304952123878e+01 3.708937787176736123e+01 2.738302424187698136e+01 3.095050649873116200e+01 2.370071527344767759e+01 3.319914447005829317e+01 4.033091793546718407e+01 4.132370795719201340e+01
2.740694799864012765e+01 3.719333445662355331e+01 3.567220461294578371e+01 3.161402506267337031e+01 2.503993344106788044e+01 3.470798626825197886e+01 4.300311540763090079e+01 4.629914331293556984e+01 4.060570239294552408e+01 3.418267557136118739e+01 2.457446440061676896e+01 2.858025950345986743e+01 3.419862346006062381e+01 4.408696117895648570e+01 5.258734201388184459e+01 4.266771164950489492e+01 3.591114377143613723e+01 3.064626356640204818e+01 2.831245987451120527e+01 2.592381014427712671e+01 2.391513272432407433e+01 2.196079002497073773e+01 2.718835739578167932e+01 1.747580704461920220e+01 2.699751799553155251e+01 2.383892597989456874e+01 1.472019973192757725e+01 2.476661984294509011e+01 3.315776794301206820e+01 3.628356748545548527e+01 3.302825146183423044e+01 2.892417175249980943e+01 2.136940587621309007e+01 3.095043230263719636e+01 2.783098335676795543e+01 3.131702501344845047e+01 3.830564555630898838e+01
2.458426073139877843e+01 3.058131525263737416e+01 2.883614279817827963e+01 2.188439875148494096e+01 3.161404494149324051e+01 3.470797878370569833e+01 4.441607313655101308e+01 4.220567605590947835e+01 3.225792415589369710e+01 2.681839566737906111e+01 2.279146073112327997e+01 2.985814359924921746e+01 3.843777694426249525e+01 4.105645443782938031e+01 4.514070429461973788e+01 4.794752135381406788e+01 3.820689357253111496e+01 3.999475804327993700e+01 3.352239633151271647e+01 3.259677113158613793e+01 3.356508901596375694e+01 3.180080689308968545e+01 2.584133093513865731e+01 1.626563948787764957e+01 2.370215859329119468e+01 2.186443775764446684e+01 1.433554049916234341e+01 2.541995661201503864e+01 3.450425228805902833e+01 2.686547895116834894e+01 2.696640996180401117e+01 1.919758681835737590e+01 2.892417175249977035e+01 3.507927608542861719e+01 2.783098335676795543e+01 3.754195922886334813e+01 4.132424493194213255e+01
2.838006325516713346e+01 2.076003225017938192e+01 1.907984237643086445e+01 2.883614279812803716e+01 3.567245130649448015e+01 4.094183400455447952e+01 3.685924080262221736e+01 3.685924080262397240e+01 3.728002696630449009e+01 2.152700868923642119e+01 2.141288315596165148e+01 2.287775191843715916e+01 3.345948774341398035e+01 3.125554900151215065e+01 4.105645443675349782e+01 4.827823483346597300e+01 4.794752135381926905e+01 4.707463737444534502e+01 4.299165095427748895e+01 4.199308915525827501e+01 3.885730020364259474e+01 3.469081427556230324e+01 2.861905176279769591e+01 2.363416245086895984e+01 1.453209472245588607e+01 1.378652241677456303e+01 2.410370863005905306e+01 2.950359455370512407e+01 2.540405456491847147e+01 2.562426319918629503e+01 1.712684227600785647e+01 2.696456242449793095e+01 3.264078288950711482e+01 3.606522359650304566e+01 3.606676790998756843e+01 4.020033554855792346e+01 4.647065481386140107e+01
1.862977345569327170e+01 2.496394657394600713e+01 1.718925372965089693e+01 2.283250463639562966e+01 3.264088379640360671e+01 3.685924080262221736e+01 2.704190837239415401e+01 2.704190837239415046e+01 3.139867812358158616e+01 2.741453831632560423e+01 2.008975246693480443e+01 2.214780717186948777e+01 2.458108414940053166e+01 2.872151282156658425e+01 3.433857406542077939e+01 4.418365556058541443e+01 4.450434887082584368e+01 4.026926433837378738e+01 3.677924385860443124e+01 3.371695753409584029e+01 3.131454451241751968e+01 2.493921273717100462e+01 2.465591966449297701e+01 1.450544669174640156e+01 1.323271545531457605e+01 2.231881951217004456e+01 2.731513367763501066e+01 2.669437711996528506e+01 2.406870546452960724e+01 1.569862953370604330e+01 2.413835203984481126e+01 1.933162505090346173e+01 2.873150106208528598e+01 2.687066403252473634e+01 2.687066403252473634e+01 3.606671763058234603e+01 3.642501043296411467e+01
