output/example/elevation_000108.asc
nrows	75
cellsize	13.33333333
xllcorner	0
ncols	75
yllcorner	0
NODATA_value	-9999
[rows 34 to 50 of 75, columns 0 to 36 of 75]
4.159999999999999636e-03 1.000415999999996330e+01 8.203705175513835712e+00 1.820449450144837655e+01 1.712466726636015579e+01 7.124675021083866078e+00 1.712466744675800712e+01 2.036685224493027135e+01 1.299299019279207812e+01 1.299299019279207812e+01 1.522905830361651702e+01 1.876459220540232664e+01 2.583565370274292761e+01 3.583558831212636164e+01 4.404134692436984722e+01 3.889323169970523253e+01 3.463220899959233634e+01 3.101186918609747423e+01 2.805740671306787348e+01 2.274002782131206146e+01 1.254204287815538876e+01 2.040184842147528244e+01 2.481668672857900049e+01 2.396240324982186465e+01 2.721371782969368525e+01 3.150066720647212293e+01 3.746772969332662484e+01 3.640004586723217272e+01 2.651903774953888870e+01 1.937804432756113826e+01 2.734311747085001443e+01 3.145132413684629213e+01 3.378674100125065394e+01 2.383026207169467270e+01 2.623037630080802174e+01 1.890790832493382823e+01 2.238856700413125012e+01
3.329999999999999627e-04 1.132610034144595046e+00 1.113261013423655577e+01 1.399059420598976544e+01 1.523480721415221240e+01 7.124675021083866078e+00 8.599094582632833550e+00 1.036686153559919710e+01 2.036685079468602311e+01 2.299296552391449211e+01 2.100256030199522783e+01 2.876456673840732847e+01 2.583565370274292761e+01 3.583558831212636164e+01 4.022229482438584114e+01 3.434734133130459099e+01 3.015027476485102298e+01 3.434734116932764181e+01 2.988695627829290302e+01 2.397015162037846991e+01 1.973883202305070839e+01 1.055325506988617335e+01 1.974529335218492321e+01 1.364803965041605949e+01 1.693215836758251669e+01 2.285147133723025448e+01 3.317265735596831178e+01 3.928647220740648294e+01 2.941311801946849513e+01 2.734311747085001443e+01 1.727631935636944860e+01 2.734311741060709267e+01 2.873863897143630908e+01 2.464868777977051195e+01 1.663439071008476944e+01 2.670697217307602855e+01 3.270649739647790710e+01
1.129999999999999928e-03 1.000112999999996255e+01 2.799276700811259122e+00 3.994505310145651134e+00 5.234852656037733531e+00 1.523484544704074395e+01 1.859908696381933879e+01 8.599094582632833550e+00 1.359909468374005748e+01 2.359908555489678506e+01 3.100252298104342330e+01 3.514473612781876710e+01 3.583558831212636164e+01 3.997786356778657080e+01 3.604961701875539859e+01 2.583165650375510225e+01 1.991842701662660176e+01 2.468112209230629972e+01 2.567425029921234270e+01 1.539380427706574572e+01 9.076771410124264250e+00 9.076771410124264250e+00 9.076771410124264250e+00 1.539406119813135732e+01 2.570406597834159967e+01 2.418986936472013838e+01 3.451393380439393610e+01 3.973714135008448523e+01 3.479274223958799439e+01 2.594715115620376622e+01 1.586606537331764599e+01 2.400710904823698044e+01 2.464868777727594207e+01 1.456273604301578395e+01 2.464868777977036629e+01 3.079389862509806619e+01 3.379630305703645377e+01
3.329999999999999627e-04 1.000033299999996217e+01 1.279927073796342540e+01 9.768007932248972125e+00 1.523483088297020593e+01 1.155940767991972074e+01 2.155931153927759425e+01 1.237873944567688334e+01 2.237886783745853236e+01 2.359912430875750999e+01 3.359963664550436135e+01 3.577126646774216567e+01 3.466922222040764723e+01 3.761882441004327404e+01 3.701435372167493654e+01 2.680778420340293877e+01 1.956502498195968798e+01 1.456540900888061252e+01 2.085774192774280422e+01 1.973882989996683435e+01 9.076771410124264250e+00 1.973882304159381462e+01 1.975158194314130711e+01 2.402983313515685637e+01 2.998763447673415072e+01 3.451393380439393610e+01 3.881146504822413590e+01 3.563366406262180419e+01 2.575226884026154650e+01 2.069324531277317547e+01 1.684564468817961824e+01 1.391676556723689373e+01 2.227667502846580305e+01 1.317975671497557499e+01 2.326195869709114916e+01 3.088804162396863973e+01 2.383044727616219305e+01
4.329999999999999539e-04 7.071500811865485403e+00 1.707150081186555113e+01 1.976795712514159220e+01 2.390904543507647517e+01 2.155931153927697963e+01 2.155921692861267402e+01 1.944981864612781663e+01 2.054374503397061247e+01 3.054481916121478591e+01 3.577126646772474317e+01 2.566753955642476015e+01 2.456098719522865537e+01 2.752162068755608360e+01 3.657537948982000842e+01 3.399575936581616986e+01 2.889372429565272427e+01 2.085774192774281843e+01 1.104431280841991558e+01 1.747664577036406541e+01 8.008349329049867293e+00 1.563825361255283042e+01 2.596457473857510934e+01 3.355853809699778623e+01 3.071530734164164400e+01 3.071530727624002566e+01 3.474312589410197205e+01 3.973714135008450654e+01 3.479274225722191716e+01 2.509251787067194428e+01 2.691342712105213764e+01 2.227667503457355025e+01 1.219420192348929177e+01 1.183660053586831573e+01 2.199030531592793380e+01 2.280638881465348788e+01 1.669668728174648109e+01
5.329999999999999452e-04 1.000053299999996348e+01 1.544983655987072702e+01 1.898541906583830396e+01 2.312817841716749001e+01 2.812855331405983961e+01 3.155755673012606977e+01 2.945110401510065046e+01 3.054481916121478591e+01 3.151190407044774133e+01 2.733477475378366250e+01 2.752162068709195708e+01 1.741192280709000784e+01 2.229719884957965803e+01 3.240341142368724547e+01 3.722317285078206339e+01 2.730693316228176926e+01 2.114094882535214026e+01 1.154208401216448543e+01 8.337360078834075594e+00 7.118887317599741138e+00 1.963020113067739203e+01 2.600941210346247345e+01 2.377857314420203494e+01 2.090528406231253555e+01 2.090528406230526670e+01 3.071530727483519385e+01 3.619072400985356808e+01 3.912772221594729416e+01 3.501554415332971359e+01 3.192109414283839541e+01 2.640424847420946008e+01 2.060882018069199972e+01 1.052852711724464640e+01 1.870758643456226267e+01 1.273606857449662400e+01 2.280638881465348788e+01
3.709999999999999756e-03 2.676322419124241403e+00 5.449823400250381589e+00 8.985357306185148829e+00 1.398535732178958035e+01 2.398548080988702935e+01 3.129069647168850210e+01 2.711860879752319065e+01 3.129069647168850210e+01 2.733477475387008582e+01 1.723589895696394336e+01 2.019379116791974482e+01 1.406093173310526900e+01 2.239778855822385850e+01 2.657744221349798153e+01 3.240671004034988556e+01 2.730693316228177281e+01 1.721645321616396984e+01 1.146085212360358696e+01 1.610937654549071141e+01 6.203808354046279838e+00 1.504984519956670219e+01 1.522541388738901347e+01 1.922352527985903592e+01 1.399926195221598491e+01 2.160200171243358014e+01 2.188698980738186961e+01 3.015909644779990018e+01 3.671762657522477014e+01 3.488174253484928045e+01 2.479585675119253096e+01 1.763910171571172469e+01 1.351546766235356856e+01 1.822200091275911760e+01 9.289668186107462589e+00 1.935863332175516405e+01 2.695173598105024837e+01
6.660000000000000121e-03 1.000665999999996281e+01 1.544950012161523745e+01 1.544949648244732998e+01 2.312602796504245006e+01 2.812855331405983961e+01 2.626589947459631702e+01 1.707842434876977222e+01 2.626589947459631702e+01 2.853150301609104744e+01 2.019379118121879912e+01 1.004939494817546652e+01 1.698585194071652893e+01 1.227298293480916591e+01 1.812797829054131782e+01 2.823045799725728244e+01 3.141584821861134103e+01 2.431275543393388006e+01 1.282898093828557329e+01 8.041049696539904090e+00 1.422989052629378648e+01 4.987339950144172640e+00 1.501994142616804240e+01 9.523583481151838726e+00 1.204640321942905778e+01 1.204640321942905778e+01 1.564187762783561553e+01 2.149657311722999964e+01 3.244759446331287478e+01 3.778148491073987714e+01 2.774410264259745063e+01 2.421236378393770039e+01 1.461979895008553143e+01 8.101731624712524393e+00 1.709941382311382796e+01 2.129088358705923412e+01 2.258784812507830253e+01
1.030000000000000013e-02 7.081369085465124336e+00 1.708158179285415912e+01 2.544649738410380024e+01 2.686045297794906261e+01 2.278235621580156334e+01 2.209851657314647611e+01 1.189585031885881961e+01 1.699718344600265496e+01 2.114016355468180919e+01 1.428392633476078721e+01 1.434328690436350406e+01 6.539083677562764763e+00 1.698585230022852954e+01 2.657744221349798153e+01 2.781160577906905473e+01 2.422291217963817189e+01 2.771263252107287300e+01 2.075035051894403537e+01 1.637509138439098422e+01 1.489513190695381262e+01 4.987339950144172640e+00 6.779547873987016082e+00 1.648784558347328399e+01 2.189447385988470529e+01 2.213803814710985307e+01 2.613492760531345738e+01 3.086674789549696385e+01 3.310307495599828798e+01 2.895570720338534798e+01 3.310161324424717577e+01 2.804824766518386880e+01 2.041949520934342388e+01 1.632845593794286287e+01 6.913457606355950524e+00 1.709243901705949753e+01 1.533223982813505692e+01
1.349999999999999985e-02 7.084567811865484899e+00 1.708456781186555062e+01 1.724882165707654735e+01 1.727498501508708983e+01 1.281834070997169306e+01 1.465294118691219083e+01 1.249688908889921102e+01 6.414993231156460141e+00 1.612736092407889998e+01 1.145261881777157242e+01 3.420257249041381176e+00 8.191976392646395766e+00 1.926370398668894524e+01 2.491119338710058528e+01 1.786668058343289900e+01 1.498905757858183563e+01 2.242621219766737539e+01 2.749700343170468386e+01 1.792040338701264446e+01 1.406654967388986854e+01 4.151361431175525141e+00 1.407406221015454584e+01 1.648796231868852402e+01 2.637901677133336165e+01 2.811085091413436388e+01 2.950005592379213226e+01 3.395540562342591784e+01 2.813300024261863541e+01 1.904654995193272171e+01 2.571766875561396404e+01 2.475238576771947763e+01 1.281790243866336176e+01 6.069868717815500858e+00 6.069868717815500858e+00 1.515951929597743231e+01 4.930980126622677595e+00
1.339999999999999872e-02 1.001339999999996344e+01 1.017777734860933769e+01 7.248855084462938692e+00 7.249674217918236963e+00 1.016598405699651586e+01 4.663947730569502959e+00 2.138723324000582071e+00 1.160311723552709218e+01 1.208594356563818550e+01 7.435404259119523518e-01 9.676421766106512834e+00 1.479250254799270969e+01 2.037305114336164635e+01 1.666680515034613208e+01 1.088219267678190150e+01 8.714951359224979655e+00 1.789655858153559009e+01 2.056622399602788320e+01 1.630290964289725508e+01 8.103105560120125617e+00 3.399641313779613760e+00 9.364324157952383487e+00 2.000772827344200877e+01 2.556345858142432093e+01 1.836813790326700158e+01 1.863093013058943370e+01 2.944059162909172400e+01 2.400114585736287154e+01 1.428370670203175230e+01 1.594444405162635903e+01 2.182648944315613448e+01 2.089095973385916594e+01 1.642381907322761947e+01 1.519759818432443765e+01 4.930980126622677595e+00 1.420404549664065286e+01
1.369999999999999864e-02 1.777892972714422426e-01 1.777892972714422426e-01 1.777892972714422426e-01 1.777892972714422426e-01 1.777892972714422426e-01 1.777892972714422426e-01 1.777892972714422426e-01 3.430106566142216984e-01 1.037632775960398845e+01 5.919541984505747756e+00 7.435404259119523518e-01 1.068792449427862223e+01 9.703281977823268178e+00 7.251552388880664779e+00 1.072861650008151280e+01 3.900896281726703663e+00 1.072863448955707533e+01 1.061697023034225573e+01 1.211599181976357897e+01 2.356317592063791544e+00 1.228783947935757226e+01 1.717078234718336915e+01 2.323888957961557367e+01 2.140827104381763135e+01 1.125138509101552842e+01 2.083031739698594365e+01 2.616119650970268395e+01 2.209606439171209757e+01 1.880694688635620437e+01 9.250570982224788352e+00 1.593296724403833231e+01 2.568522329152201422e+01 2.346791325111432158e+01 1.941633874203764876e+01 1.420595267918040605e+01 3.941757779617689916e+00
1.290000000000000001e-02 1.001289999999996283e+01 1.777892972714422426e-01 1.777892972714422426e-01 1.777892972714422426e-01 1.777892972714422426e-01 1.777892972714422426e-01 1.777892972714422426e-01 4.534742860486089100e+00 3.430106566142216984e-01 5.088952910255388762e-01 7.446962890583103345e+00 7.435404259119523518e-01 7.435404259119523518e-01 7.435404259119523518e-01 7.435404259119523518e-01 7.435404259119523518e-01 7.435404259119523518e-01 9.691224773880430021e+00 1.072855264707295753e+01 1.633860322691141898e+00 1.096279777374262743e+01 1.278085187121285138e+01 1.499921654373330604e+01 1.787551304576580691e+01 7.987731765668861783e+00 1.394839011445733945e+01 1.810798499767727776e+01 1.208281370708579061e+01 1.624442769828005595e+01 6.786675520885399493e+00 1.364798122904399946e+01 1.820614620469774536e+01 1.357409139151023503e+01 2.056747670648984894e+01 1.350305563343438564e+01 3.291036500312533697e+00
1.349999999999999985e-02 1.001349999999996321e+01 7.248854951129605872e+00 1.017777741340778341e+01 3.957441300092355174e+00 1.017777760912921181e+01 1.017789214710077417e+01 1.062976738151147060e+01 2.804200782382171742e+00 3.430106566142216984e-01 3.430106566142216984e-01 1.065506374067899031e+01 7.435404259119523518e-01 7.435404259119523518e-01 7.435404259119523518e-01 7.435404259119523518e-01 7.435404259119523518e-01 7.435404259119523518e-01 9.112455238064911534e-01 9.112455238064911534e-01 9.112455238064911534e-01 9.112455238064911534e-01 1.014151171307613097e+01 6.130899874976204700e+00 1.122664429427336685e+01 1.128390539911517010e+01 3.750883790311648980e+00 1.128733879064995449e+01 6.210999769014528660e+00 1.151774945926789684e+01 9.761683936004349249e+00 3.611781011377401818e+00 1.157801159778502331e+01 6.480759590528920810e+00 1.157807331525731698e+01 1.158037235406535359e+01 1.159190760634387729e+01
1.319999999999999993e-02 1.001319999999996213e+01 1.724882152374321365e+01 1.809953954896047890e+01 8.957429283332169589e+00 1.809946336174925818e+01 1.586496803195522887e+01 6.264348421002787326e+00 8.191062233821408967e+00 1.237236425809480167e+01 1.514631913606057445e+01 1.353545857905054994e+01 2.542758390209222785e+00 5.744836298737459046e+00 1.072861636674817909e+01 1.072861650008151280e+01 1.072861641503085295e+01 1.073699637074127011e+01 2.008956481492262025e+00 1.084506435470561847e+01 9.112455238064911534e-01 9.112455238064911534e-01 1.088234017140736754e+00 1.088234017140736754e+00 1.088234017140736754e+00 1.088234017140736754e+00 1.088234017140736754e+00 1.088234017140736754e+00 1.088234017140736754e+00 1.292657203299500734e+00 1.292657203299500734e+00 1.378390269298215953e+00 1.378390269298215953e+00 1.378390269298215953e+00 1.378390269298215953e+00 1.378390269298215953e+00 1.378390269298215953e+00
1.359999999999999924e-02 7.084667811865485554e+00 1.708466781186555394e+01 2.309954668080340312e+01 1.602847091433028481e+01 2.212392735634745833e+01 1.222764909531178112e+01 9.546626144625038890e+00 1.795166804347736544e+01 2.210095756255990906e+01 2.208036583903958316e+01 1.475320127949760973e+01 4.355211501059106816e+00 1.322555770060340663e+01 1.737974602688483472e+01 1.898466818568419967e+01 1.329116723696659719e+01 3.581046737361337051e+00 1.149813238037292074e+01 1.485771199461036041e+01 6.569805059538175840e+00 1.408837501359703026e+01 1.137812737427579002e+01 1.088234017140736754e+00 1.128390519969586947e+01 1.088234017140736754e+00 1.088234017140736754e+00 1.127476647800821397e+01 1.088234017140736754e+00 9.145372765782774138e+00 1.292657203299500734e+00 7.011893594823675357e+00 1.157802262110672409e+01 1.378390269298215953e+00 1.378390269298215953e+00 1.378390269298215953e+00 1.378390269298215953e+00
1.299999999999999940e-02 1.001299999999996260e+01 1.769136952966384158e+01 2.216350548466374093e+01 2.602843734771714423e+01 2.212392736286686201e+01 2.212392612597115615e+01 1.310309896619468795e+01 2.309835261924243710e+01 2.513665545629139331e+01 1.485916582373207540e+01 7.310173538649014091e+00 1.475563764321167959e+01 1.900062375179184571e+01 2.066174793967773482e+01 1.485524576060249835e+01 5.206117822139522566e+00 1.042336368557707260e+01 1.740604429022458177e+01 2.045853091310493710e+01 1.665955967624364931e+01 1.575761854823141306e+01 4.798262739569762125e+00 1.201601016336609185e+01 1.545422739150803260e+01 1.128390539881206323e+01 2.264833643628444637e+00 1.244260344352524328e+01 8.342802347027159726e+00 1.456878967083620324e+01 5.068728477760545914e+00 1.501939311494315632e+01 1.574978437208761584e+01 1.156805779448105298e+01 7.288248651814774881e+00 1.156051205110861879e+01 1.156853969749035649e+01
