output/example/elevation_000026.asc
nrows	50
cellsize	20.0
xllcorner	0
ncols	50
yllcorner	0
NODATA_value	-9999
[rows 0 to 16 of 50, columns 0 to 36 of 50]
2.590084917154735766e-01 1.017824943135582494e+01 1.473888915613180295e+01 1.471632012881264018e+01 1.885954543405700790e+01 2.193455258561683152e+01 1.322945550358442368e+01 9.622777544777154191e+00 1.459516304958536459e+01 1.986406995941565867e+01 2.549382575823314312e+01 3.554029072134558476e+01 3.902672298594097100e+01 2.883330081812943746e+01 2.176249963607379101e+01 1.600820454629823431e+01 1.395218844100780409e+01 1.874602252352287479e+01 2.048020235551781454e+01 1.067139125222294105e+01 8.851216684177304117e+00 8.525477979644056958e+00 1.679633536231274960e+01 2.363757801788461066e+01 2.840438262789847101e+01 2.980554049421487051e+01 3.054539059374493704e+01 2.647661432547968730e+01 2.776326612135607519e+01 3.738988352945742832e+01 3.445552727740243881e+01 3.948747717763713183e+01 4.364984252926980446e+01 3.539350943318223841e+01 2.497355633407426367e+01 1.880024864944670782e+01 1.843569772048700628e+01
6.054987779269863646e-01 1.060549877783162209e+01 1.471632011879182400e+01 -5.226021693757272857e+01 1.471394108154034797e+01 1.778113623965581880e+01 7.802711800978197942e+00 8.273068287238524832e+00 1.057423980163730270e+01 1.477157164182139581e+01 2.592050723126679657e+01 3.228275489070677651e+01 3.794786402658142066e+01 3.342161774236458882e+01 2.329814207640829338e+01 1.969378110731121012e+01 2.093364032846778500e+01 2.410676914218530698e+01 2.460818591809733036e+01 1.727996092522555927e+01 1.134704654918889766e+01 8.048693447101525678e+00 7.899769291119847381e+00 2.225529214605760586e+01 2.590193177820067660e+01 3.023875767123445257e+01 3.791103565708927903e+01 3.561563833353262964e+01 3.738981161565317990e+01 4.151459289091462068e+01 4.437097375760646401e+01 4.145033789617415465e+01 3.726037121833093835e+01 3.613049672693065872e+01 2.989288785124091063e+01 1.956101179596458906e+01 1.512938555050461886e+01
3.430590528629120506e-01 1.034305904951633615e+01 1.200286681798637289e+01 6.736634734934503932e+00 4.685518119788433467e+00 1.274865071830734919e+01 6.370255868075695993e+00 7.521824409691898694e+00 1.411806127689520274e+01 1.460768903253584661e+01 1.836095395284385745e+01 2.408469437348826503e+01 3.388412807871690546e+01 3.757904341469470921e+01 2.954624302728143803e+01 2.669077947611102175e+01 3.063485738751520060e+01 3.334071105018499281e+01 2.634030691537410007e+01 1.969949443859914240e+01 1.097447504866055823e+01 7.520833864876632191e+00 7.065464725088133058e+00 1.712598242163135254e+01 1.562858405240797666e+01 2.155991704550999799e+01 3.035112332409891422e+01 3.455894714115420641e+01 3.989868298218173237e+01 4.320256304557721450e+01 3.902180029614269330e+01 3.726037121836717603e+01 2.715892963031587826e+01 2.602210604993177512e+01 3.049758177426101824e+01 2.621429401218919608e+01 1.592247184435920104e+01
8.235039275605838816e-01 9.161042733055575482e+00 2.339174821254580205e+00 3.271069319712182732e+00 6.724988652833163272e+00 -7.898127046545357643e+01 5.431609345008769019e+00 1.519538658918479257e+01 2.149228072536882195e+01 2.157484718006974234e+01 1.995618879188311467e+01 2.662153485823917265e+01 3.593333983288934519e+01 3.851788828634946071e+01 3.930851519277521078e+01 3.640372198186003772e+01 3.616759330862636546e+01 3.074883084787511578e+01 2.133228185557421241e+01 1.355477414978138562e+01 1.380806919793917587e+01 7.278731631444155248e+00 7.422736962549996598e+00 8.746703348673960932e+00 1.071729152990061351e+01 1.740817294174688712e+01 2.005529342383577074e+01 2.495117251242952960e+01 3.562297459120963339e+01 3.744119122816962175e+01 2.909050943409764756e+01 3.216582032497550614e+01 2.844868082528499897e+01 2.003390950559089490e+01 2.041898797555006340e+01 2.605538766442392529e+01 2.175760997469154745e+01
7.161369641965544819e-01 1.678387412845930404e+00 2.159383830599377330e+00 2.554317959921558856e+00 1.208617986818556922e+01 1.309295992487790272e+01 7.218758145529517556e+00 1.120028981286877290e+01 2.095612009112356589e+01 2.590158496556853862e+01 2.920755036432031204e+01 3.330242226157508867e+01 3.557571623281426554e+01 2.850453178080237038e+01 3.072199476664715689e+01 3.161194428034031034e+01 3.239870892730146323e+01 2.443451088862267895e+01 2.007487542593203500e+01 1.683820339120437382e+01 8.213385976072103745e+00 6.878698227675720922e+00 7.067815553142723140e+00 1.021642076640379848e+01 1.069256683285353837e+01 1.306479283061726449e+01 1.608852342957656134e+01 2.368127807378281702e+01 3.457217135916759077e+01 3.311811484964918861e+01 2.354799624451582574e+01 2.247912380348355299e+01 2.843678146565684628e+01 2.268631221607505211e+01 1.497614405764024959e+01 1.598517804348275462e+01 1.751144390588939359e+01
6.490390650280113416e-01 9.628815759300014321e+00 1.195058982742605558e+01 7.835096432069829753e+00 1.661832557021961776e+01 1.941095545426363245e+01 1.034804284032864352e+01 9.610987791351030651e+00 1.198859279290246960e+01 1.766865973508165766e+01 2.479173086887207234e+01 3.496572900485177371e+01 3.128834138815643584e+01 2.151167252305817712e+01 2.081750191086216972e+01 2.214250657409226619e+01 2.891681641263532754e+01 3.025288653444003018e+01 2.174412537045290250e+01 1.558988097362679603e+01 1.288579858497991637e+01 -2.743594354487047227e+01 1.202088145528746743e+01 1.509566214904159409e+01 1.632274569409325693e+01 1.490305628283507389e+01 2.364514266870553882e+01 2.692679960313138920e+01 3.750818508343768087e+01 3.314685014065806712e+01 2.339236661058643207e+01 1.806085091791789310e+01 1.881589752540340754e+01 2.485150216602132645e+01 1.809512858723619644e+01 1.084483674640505235e+01 1.149701681890074667e+01
9.330058981412470143e-01 8.004073710006696984e+00 1.800407370987679201e+01 1.782034105286827952e+01 2.196210337110293764e+01 2.036017066589412750e+01 2.018049623109044077e+01 1.201658603800284197e+01 1.319160064646200325e+01 1.793843700815952857e+01 2.502879561549607601e+01 3.516006342986779742e+01 2.986109259108756930e+01 1.993339949122149690e+01 1.545887023365658308e+01 1.570215700737409747e+01 2.194418760991881356e+01 2.618568084303940324e+01 2.837598760782994844e+01 2.214032037666644115e+01 1.577390232701009687e+01 6.907973478891839214e+00 6.507788851538818697e+00 1.444260902177646066e+01 1.811926830713817793e+01 2.286492093839634521e+01 2.260885576180442769e+01 3.030201175977950356e+01 4.039403186097210607e+01 3.298139445448727969e+01 2.325237068427831133e+01 1.775484016947308064e+01 1.446480768907221126e+01 1.509483615232520748e+01 2.069795498305130010e+01 1.296022890692327323e+01 7.206130051329624919e+00
5.188205228764638521e-01 8.266966750383838658e+00 1.538149371311821412e+01 2.118920198300803293e+01 2.591167225461614265e+01 3.035585707522930932e+01 2.627411565284478456e+01 1.766912046142909531e+01 1.800232590816358069e+01 2.292977811547889644e+01 3.220669606046240574e+01 3.388982643685464780e+01 2.392806163300967270e+01 1.832992891758112108e+01 1.420989571320443012e+01 1.224973871453596885e+01 1.261432659606857065e+01 1.741107199666560845e+01 2.136611619531149842e+01 1.850951577495979805e+01 8.470012525678537685e+00 5.749896797322163522e+00 5.706453883068177468e+00 -1.167141000904297421e+01 1.028708656712237612e+01 1.656626772248863588e+01 2.815189834909350708e+01 3.733722771457500755e+01 3.807255234211508821e+01 3.713142817775443660e+01 3.146532701588833447e+01 2.437488474506084302e+01 1.498361813664093312e+01 1.117457089775815682e+01 1.143668658148739325e+01 1.936996911322725889e+00 6.693232888196651409e+00
7.467319160170617920e-01 3.761845361794700526e+00 7.297379267727443164e+00 1.176951522272703698e+01 1.884058303604335194e+01 2.884058433506120878e+01 3.203804353750391698e+01 2.780025417427020429e+01 2.511064040366789740e+01 3.229604229572324670e+01 3.722061602976823735e+01 3.803224858379694240e+01 3.227423836139509916e+01 2.506868725065830716e+01 1.502229733478730722e+01 1.074715494140470895e+01 9.236012965022583288e+00 7.703802989040827498e+00 1.413914271258919086e+01 1.583282766720106416e+01 5.893012486612891898e+00 5.447973219244859777e+00 1.161819639433817386e+01 1.428067401080934573e+01 2.002726148026460251e+01 2.546270546158949699e+01 3.288286496042966434e+01 3.531555211379368586e+01 2.846505075702917509e+01 2.969195486948981610e+01 3.371375308870228338e+01 2.860183701227662922e+01 2.112546368261074647e+01 1.134135940246631513e+01 8.265387408822141069e+00 9.162640370366757381e+00 6.394328620928449780e+00
7.351574092455022136e-01 8.546381142469501313e+00 1.546152325169690656e+01 2.122980719154965357e+01 2.591166672824397210e+01 2.905381939381787149e+01 3.097872195008035234e+01 3.511526343546086082e+01 3.525662425123517352e+01 3.895343942246444158e+01 3.481439323876168146e+01 3.895343942176911867e+01 3.326656540785766936e+01 2.177610707638520182e+01 1.602677936434178818e+01 1.563787746764541353e+01 8.663597733089725139e+00 7.379426353641131087e+00 -8.722214678991591086e+00 -2.263458732833128906e+01 1.004163896366852349e+01 4.705069769816524250e+00 4.995747499497034561e+00 1.030298763335159151e+01 1.637363510635656283e+01 2.353418601157660461e+01 3.305506060871069707e+01 3.113327033071185568e+01 2.182248472266277517e+01 2.025497623745090081e+01 2.928126891965374767e+01 3.084311990037541307e+01 2.112540880793440223e+01 1.942293671852432624e+01 1.098270006972756718e+01 1.511338629700139879e+00 6.024754771979612400e+00
5.269872374626074496e-01 7.598055049328070076e+00 1.759805504919898311e+01 2.687913190010714715e+01 2.400364412061929897e+01 1.908385512968716924e+01 2.100370095451559749e+01 3.097872193131201968e+01 3.485707986716196416e+01 3.071287688368503410e+01 2.480846202052663330e+01 3.395243470048760770e+01 3.774910787250639999e+01 3.049186304868928943e+01 2.589117495384527246e+01 2.213531847506468253e+01 1.391360434550403369e+01 1.328006183013912711e+01 1.268998907458558101e+01 1.571958168885946350e+01 1.324469989065375941e+01 5.368089400508034181e+00 4.516452259496576360e+00 1.220926107066635780e+01 1.775806139592737409e+01 2.137934523594769232e+01 2.566292253759679198e+01 2.879327512943791589e+01 2.210687566645767177e+01 1.578465243469822354e+01 2.440906673636373014e+01 2.845419923308250176e+01 2.682957918677902498e+01 2.453540609971670250e+01 1.891169784858322700e+01 1.531025716561734917e+01 5.954958703245918805e+00
1.383962708379395945e-01 7.209464082860445266e+00 1.720946454181456176e+01 1.691614821175240380e+01 1.400239630268661273e+01 1.394345207474916393e+01 1.872405428073875200e+01 2.870685352388652234e+01 2.999147673759465960e+01 2.069726991233617852e+01 1.980233691144062291e+01 2.766769538075785206e+01 3.395916040204485853e+01 2.917526959869842784e+01 2.728402490885599363e+01 2.756969717876378567e+01 2.344043501068756896e+01 2.285398617259149034e+01 2.247256944265399881e+01 2.035547263205277346e+01 1.035560731286808611e+01 2.563613003815777613e+00 3.637309301311663745e+00 3.897546895901336850e+00 1.077364511274189773e+01 1.120374957271868155e+01 2.135226913804097748e+01 2.481260046629670057e+01 1.527902095923124293e+01 1.265297133509174010e+01 1.497143220107621531e+01 2.069943544209308328e+01 1.611374973758929841e+01 2.334291105498192209e+01 2.285074612028391172e+01 9.672400851914240150e+00 5.457892617303401472e+00
6.756183529128325649e-01 1.067561835287109240e+01 1.710498719651763366e+01 9.867649096261240871e+00 9.472928136860460313e+00 1.367837971143688769e+01 2.364232741111805325e+01 3.284567328825458077e+01 2.569178379692378655e+01 1.585122343193009975e+01 1.572215920533389699e+01 2.546783375611062539e+01 2.977362048943898998e+01 1.948331897633593357e+01 1.794478397443583617e+01 2.128819318217322376e+01 2.534286460798751861e+01 2.577920935096385691e+01 2.948195557171980496e+01 2.550097773634271192e+01 1.846989598195595406e+01 1.407989165655565067e+01 6.653152477895800665e+00 3.805987123258834703e+00 4.091271787277855232e+00 9.897845456133996578e+00 1.979160733000793471e+01 1.985755816720968525e+01 1.532969377510774045e+01 9.982321179609382256e+00 1.065756698259940016e+01 1.076731394289738297e+01 8.882704925006834173e+00 1.377194772315141869e+01 1.826930879198027569e+01 1.378921405414504697e+01 -9.201835198318583764e+00
1.053743069371424479e-01 1.010537426260461480e+01 7.315012480003287187e+00 5.970549432848513582e+00 1.066792664515701716e+01 2.069975601487817940e+01 2.777341331001468916e+01 3.191201231725192500e+01 2.801712689941236079e+01 1.794718220702186429e+01 1.309378296603273739e+01 1.987265919959286364e+01 2.423555156283859091e+01 2.083067189104749772e+01 1.226675058258265594e+01 1.161323588275326024e+01 1.770206319613728851e+01 1.515523121195750100e+01 2.363757079070395406e+01 2.409708284421301627e+01 2.627202170979755991e+01 1.608167496101237859e+01 1.221365914350020354e+01 4.212423033528661875e+00 3.600912215387034987e+00 8.102586989576789023e+00 1.689381862245796739e+01 1.434849151075308704e+01 6.773857613200499728e+00 8.946128310514664506e+00 7.528700950925850677e+00 -8.700726580401708077e+01 -2.056221124498373953e+01 -2.718235065703507303e+01 1.354815638564566527e+01 9.690054504634243671e+00 5.224938693251134580e+00
4.388850927889174081e-01 6.052353089494554084e+00 2.946320575676646847e+00 7.258198222914741926e+00 1.729290569459199034e+01 2.038104888191338659e+01 2.187338126726599086e+01 2.187338126748224099e+01 2.755739885415187729e+01 1.756569820852900676e+01 1.080060709476730274e+01 1.010966512314375620e+01 2.009059460028948862e+01 2.210938154793585042e+01 1.205695156294717130e+01 7.270145378985892748e+00 7.444282323417261260e+00 9.233178601626057969e+00 1.867736635301875125e+01 1.406459083527577825e+01 2.115312069545484164e+01 2.050728219447935885e+01 1.138998608650967981e+01 6.597315963412374806e+00 3.218352097264791656e+00 -2.097459755150160561e+02 1.055480195895483675e+01 5.851889564169942659e+00 9.691952276148459333e+00 -1.374815249846993837e+01 3.877385499527765678e+00 1.355363804853552878e+01 3.252713517602789928e+00 4.073269364592473352e+00 1.210813874467506501e+01 3.524953186173895858e+00 4.788071524347507157e+00
8.953435393330821945e-01 -1.051517486594931494e+00 5.747478936875934252e+00 9.528662046964255339e+00 1.196579342984099448e+01 1.032935135733774246e+01 1.177815755994050839e+01 2.092219779962356085e+01 2.823134717077556388e+01 1.826528801142858782e+01 1.117354761536206631e+01 8.093942343332711786e+00 1.529276670063678267e+01 1.975340338767062676e+01 1.833438900719514564e+01 8.260948437012238799e+00 3.508389309509237108e+00 4.730746538651094291e+00 1.431428514872736990e+01 6.968632348284787170e+00 1.600192514817367595e+01 2.252807736862224175e+01 1.731583485505642628e+01 1.231796001784611683e+01 3.133300266951848378e+00 2.458455354109231106e+00 3.432242230160530649e+00 3.687189721688521438e+00 3.720121318751325568e+00 -6.464273441113445529e+01 -6.131291167103556461e+01 1.164223989368068324e+01 9.217352513442119033e+00 3.791513670358527932e+00 4.557861249774016521e+00 2.392346936340041363e+00 1.687433144157232778e+00
1.994484013391750743e-02 2.381327501960759374e-01 -3.833584026681182877e+02 -1.563179328605435217e+02 2.363629365935442816e+00 5.490145595344041674e+00 1.126002265149313430e+01 2.137245855802831329e+01 2.886669805099636221e+01 1.888315497277238109e+01 1.187340750185647842e+01 6.337242320315603195e+00 5.627906590308763057e+00 1.560922027500648213e+01 1.576098315078333023e+01 1.162057149517170096e+01 8.147201218544179113e+00 -5.273246109316530692e+02 1.005913250736543496e+01 -1.520251810178856147e+02 7.828982545337816568e+00 1.770943169163018283e+01 1.464509466861867182e+01 3.098466418345767970e+00 3.091579635639677637e+00 3.408905004681872519e+00 8.124703810805426585e+00 3.124000679271476510e+00 3.589959373152650457e+00 1.204567330760612087e+01 8.503106372706493943e+00 1.735165493541544279e+01 1.419194736920372613e+01 -2.964242716095956354e+01 1.004293095280191217e+01 1.434368451683885404e+01 1.461500145694682828e+01
