output/example/elevation_000009.asc
nrows	75
cellsize	133.333333333
xllcorner	0
ncols	75
yllcorner	0
NODATA_value	-9999
[rows 0 to 16 of 75, columns 0 to 36 of 75]
6.484972199788830993e-01 1.006484972199781680e+02 1.625472794663328102e+02 1.441969375591056632e+02 2.149076156777594235e+02 3.149076156777566098e+02 3.018931599297378625e+02 3.290971649674943365e+02 2.876767426474292506e+02 2.759793496735194367e+02 2.345586579154884248e+02 2.547890297532995589e+02 2.547890297532995874e+02 2.962095071419496435e+02 3.123585280358171303e+02 2.709384224598361470e+02 3.123585280358171303e+02 3.269417637529136300e+02 2.855218553402342536e+02 3.059342348829634943e+02 3.277559760726607578e+02 3.513261345122252237e+02 3.780521540943482819e+02 4.194706624720937498e+02 4.829262923395270377e+02 5.243411796348648295e+02 5.820706316444043296e+02 5.727062898889314511e+02 5.312961703764520962e+02 5.312962533292446778e+02 5.727089584563052540e+02 6.304436549348496328e+02 6.940408627814020974e+02 6.092929901403850863e+02 5.514600262617361750e+02 5.099926216477130652e+02 5.099910116105214115e+02
7.733684068742244788e-01 3.092450286465053111e+01 6.254727946633421709e+01 1.202823063852971899e+02 2.202823063852985683e+02 2.726035451608607332e+02 2.018932852250603958e+02 2.713625759922920793e+02 1.876768814689344254e+02 2.182446204801781278e+02 1.345587227120651335e+02 1.547891357800351955e+02 1.547891357800352239e+02 2.547890297532995874e+02 2.623590134173994670e+02 1.709385446649403377e+02 2.623590134173994670e+02 2.583053397627857066e+02 1.855219917283457391e+02 2.059344062515386042e+02 2.277561952751369461e+02 2.513264213146811414e+02 2.780525455058329953e+02 3.780521540943482819e+02 3.829280104065672390e+02 4.406629310905429406e+02 5.406591174549579364e+02 5.149770894071565408e+02 4.312991696704312972e+02 4.312991696732940454e+02 4.890340365539887557e+02 5.890276399530200706e+02 5.941149974749463354e+02 5.677368849906794139e+02 4.677225264335407360e+02 4.099874195751789898e+02 4.099874191013982454e+02
3.656483689673366566e-01 1.003656483689666317e+02 1.625472794663328102e+02 2.039686357036417235e+02 2.617036626226106932e+02 2.226036935839011903e+02 1.311826087273045971e+02 2.207634575877750649e+02 1.299418552643452074e+02 1.666962802335241918e+02 7.682369582151693521e+01 8.407845832261702412e+01 1.840784266068685326e+02 2.021066408270218915e+02 2.096876151529621950e+02 1.209385446722471329e+02 2.209384835623883134e+02 1.583054390307552524e+02 2.583053397627857066e+02 3.059342348829634943e+02 3.277559760726607578e+02 3.220370855232267218e+02 3.780521540943482819e+02 3.251929973196111519e+02 4.251922573470328075e+02 4.870156723899193025e+02 5.284249061112271875e+02 4.735628751611790221e+02 3.735641596825087163e+02 4.442747354188355189e+02 5.442706997379282257e+02 6.070010684396281704e+02 5.234104322449471738e+02 6.069424287805478571e+02 5.217872801738707267e+02 4.522539108983420988e+02 3.522523862469004143e+02
9.597377389082409893e-01 1.009597377389075348e+02 1.477457984792718833e+02 1.791433456879923654e+02 2.205645663028344075e+02 1.811825895677799849e+02 8.118260873053570492e+01 1.207635059409464162e+02 1.567948095177696075e+02 6.669630215068032442e+01 1.666962802335241918e+02 1.840784266068685326e+02 9.459022494716970186e+01 1.021066852271979570e+02 1.096876656629869586e+02 2.096876151529621950e+02 1.324855500560395001e+02 2.324854764189495029e+02 2.869800467610203896e+02 3.296333216868560498e+02 3.710520079884400388e+02 4.220361538104759234e+02 4.350031087538116026e+02 4.251922573470328075e+02 4.422574359522058103e+02 3.870184986051844476e+02 4.706959819862415770e+02 4.468370884199692910e+02 3.468380354923612572e+02 4.175488279185258307e+02 5.175654906998556726e+02 5.122177638294109556e+02 4.656759696617798454e+02 5.656624349886039909e+02 4.803501236154066305e+02 3.803472383191289623e+02 3.245173764354764216e+02
1.227292333582558070e-01 6.324465962818689668e+00 1.063244646276912846e+02 7.914335761646209733e+01 1.277455663937353165e+02 1.341213316077229081e+02 4.338616142961455324e+01 5.005282809628121043e+01 5.679482672091362616e+01 1.567948095177696075e+02 2.081173069973516192e+02 2.360109889919339992e+02 1.653009022301236257e+02 2.021066408270218915e+02 1.374226754742480239e+02 2.374226055786810434e+02 2.324854764189495029e+02 1.455599590652515758e+02 2.455598676497413066e+02 2.296336963132390849e+02 3.296333216868560498e+02 4.057107080695054151e+02 3.350047337550103634e+02 3.967078942477197643e+02 3.422591307497399953e+02 3.292834999599641606e+02 4.292822771871008172e+02 4.232669396586204584e+02 3.232678094528499742e+02 4.232669396586204584e+02 4.695807174027142423e+02 4.122237758999846164e+02 5.122177638294109556e+02 5.184381971929135489e+02 4.606982698711823900e+02 3.986981096729665524e+02 2.986974874607544166e+02
4.867764419212533555e-01 1.004867764419205400e+02 1.514608779064331756e+01 2.140833070149481543e+01 2.774557320673959993e+01 3.412134033737297756e+01 1.341213316077229081e+02 1.207635059409464162e+02 1.567948095177696075e+02 9.761965576728286464e+01 1.976196266957539649e+02 2.890404015356513696e+02 2.653007724767778086e+02 2.675737098651638917e+02 1.675738099320239769e+02 2.675737098651638917e+02 2.869800467610203896e+02 2.455598676497413066e+02 1.589230211608725938e+02 2.589229084690574041e+02 3.145559124708223067e+02 3.557123807294291282e+02 2.642940828288950001e+02 2.967088659440416336e+02 2.715484753908123707e+02 3.515777904956731277e+02 3.654452129034647214e+02 3.798788679354289570e+02 3.014460204292524281e+02 4.014452255392079110e+02 3.695836341562251164e+02 4.695807174027142423e+02 5.535961541820499860e+02 4.770066554681582716e+02 3.770048537528782617e+02 3.192698121992873439e+02 2.768756984371545968e+02
1.176124320962124159e-01 1.001176124320954983e+02 1.151460843500938012e+02 9.211900873105646781e+01 1.277455663937353165e+02 6.574411693905655341e+01 1.657441041721589556e+02 2.207634575877750649e+02 2.390406173666492293e+02 1.976196266957539649e+02 1.476196557605901205e+02 2.053546823211167123e+02 3.053545456329039212e+02 3.029289941961602608e+02 2.029291489912559143e+02 3.029289941961602608e+02 3.166577817058796995e+02 2.166580478911544390e+02 2.589229084690574041e+02 1.731364022512464089e+02 2.731362621822540291e+02 2.983827360514328007e+02 2.142940829023304161e+02 2.259981976219433193e+02 2.382151420575736722e+02 2.515782041531947186e+02 2.654457090588250594e+02 2.798794657885653123e+02 3.798788679354289570e+02 3.330687970303753218e+02 4.330672939058684960e+02 5.109783882504561348e+02 5.179937540001177467e+02 4.602555441196655011e+02 4.155327230221319041e+02 3.560245442236587792e+02 2.560242570314465524e+02
9.549583453364550722e-01 4.177978739172260703e+01 1.417797873917211859e+02 1.921189918086206774e+02 2.071652824903011947e+02 1.657441041721589556e+02 1.234791438418720446e+02 1.941898204821759464e+02 2.941897225275403116e+02 2.890404015356513696e+02 2.476195976309177524e+02 2.890404015356513696e+02 3.467750075452456144e+02 3.443489253750703369e+02 2.606641752604880935e+02 3.443489253750703369e+02 3.580768269349598540e+02 2.743930719939034475e+02 3.145559124708223067e+02 2.731362621822540291e+02 1.877229014010356707e+02 1.983829372188160391e+02 2.983827360514328007e+02 2.837332237644550332e+02 3.382147959545241065e+02 3.222888671875621753e+02 3.361563681317800274e+02 3.798788679354289570e+02 4.212944275527887612e+02 4.330672939058684960e+02 4.330672939051228809e+02 5.330559157345176118e+02 4.765658607993409532e+02 3.765646046694744200e+02 3.188295695997158532e+02 2.741082096896900566e+02 2.380637268287685799e+02
8.292857397592835467e-01 1.008292857397585749e+02 1.124904655103768647e+02 1.832011436290306108e+02 2.832011436290277970e+02 2.649001778664784297e+02 2.234791136732726216e+02 2.649001778664784297e+02 3.108403821651257886e+02 2.694189623155500612e+02 3.108403821651257886e+02 2.923793054459986820e+02 3.301757585905472752e+02 3.715972145595910092e+02 3.606638105486382528e+02 4.020828628045955497e+02 4.158100777963113046e+02 3.743924488560139139e+02 3.584329995504775752e+02 2.584335744798727887e+02 2.877227279682970220e+02 2.392077662638057518e+02 3.392074262915622853e+02 3.837325290441044672e+02 4.251486699640699953e+02 4.222875063734201149e+02 4.361547391734873145e+02 4.292655789999059834e+02 3.878434722012424345e+02 3.902625707819354375e+02 4.316846917122039713e+02 4.739504500318946612e+02 4.834010820733551554e+02 4.419782378679899466e+02 4.045648535994146755e+02 3.206561001755839015e+02 2.206559612331985818e+02
5.609415885598412199e-01 5.829596850752220405e+01 1.582959685075207972e+02 2.539118217476843711e+02 2.315144495090273438e+02 2.424534313015805083e+02 2.838748220770838202e+02 2.869526216750652452e+02 2.455312111862058089e+02 1.694189547712635999e+02 2.452388488314889230e+02 1.923792958249480876e+02 2.301757431297667438e+02 3.008864224548893844e+02 4.008864711221571042e+02 3.790000361318345199e+02 3.375783267502769149e+02 3.790000361318345199e+02 3.998504984651727909e+02 3.584329995504775752e+02 3.806255668972255535e+02 3.099184300551568185e+02 3.806255153200215204e+02 3.850591626398033327e+02 3.962131268979699144e+02 3.547912223219109364e+02 3.962131268979415495e+02 3.715301900442593137e+02 2.878433383089998756e+02 2.902624309179169018e+02 3.325274631136923063e+02 4.316846916887213865e+02 4.256653084210681754e+02 3.419778967206563607e+02 3.631413636562024863e+02 2.631411312797040409e+02 2.054061041999379142e+02
8.170501113456094533e-01 1.008170501113448978e+02 1.997173247448297104e+02 2.022251407167480863e+02 1.315144454268278480e+02 1.424534255391727413e+02 2.138202071140093778e+02 2.292175701198782747e+02 1.455312050915769930e+02 1.194189547701286500e+02 1.452388437448451270e+02 2.452388488314889230e+02 3.301757585905472752e+02 3.715972145595910092e+02 3.436598756591869801e+02 3.022382470068847624e+02 2.375782703365229054e+02 3.289998913312143145e+02 3.401035967704604559e+02 2.986819580722445266e+02 3.401035967704604559e+02 4.099173182337871140e+02 3.557701661753171720e+02 2.850590050668471349e+02 3.462129035600978568e+02 2.547911389671305358e+02 3.462129035604224327e+02 3.268086647238041564e+02 2.301083109853286430e+02 2.325274035172674019e+02 2.902624309179169018e+02 3.902625707819262288e+02 3.809436056769710603e+02 2.842428669088718607e+02 3.602323210000561744e+02 3.468288607313567695e+02 2.849937448225496723e+02
3.496631849795536207e-01 1.003496631849788372e+02 1.074942507137507022e+02 1.108037678882620156e+02 6.080376727270238746e+01 1.608037685038215443e+02 1.138202019240379883e+02 1.610700558677142169e+02 8.779617816844464073e+01 1.585068563535998294e+02 2.452388488314889230e+02 2.452388488314888946e+02 3.452388899704715755e+02 3.307393396593091097e+02 2.859247222071390411e+02 2.022382094803830341e+02 1.875782702579010959e+02 2.875782985433997965e+02 2.901034844622605533e+02 1.986819228775916315e+02 2.815961903678579574e+02 3.230178105746210235e+02 3.057699846851223242e+02 2.143483240596873998e+02 2.954251684357495265e+02 2.047911389086357872e+02 3.047911806445206366e+02 2.853869829398162210e+02 1.853869514331292407e+02 2.853869829398162210e+02 3.609736111860875099e+02 4.019076693423985489e+02 3.395215886619546382e+02 2.395215072427641587e+02 2.602321867501171937e+02 3.194074371463617013e+02 2.754154719869707151e+02
8.878663753684297166e-01 4.190157308787533452e+00 7.494250311062955028e+00 1.080376727267040415e+01 1.108037678882620156e+02 1.188559624456927821e+02 4.310952377452446882e+01 6.107005397720201501e+01 1.610700558677142169e+02 2.292175701198782747e+02 2.999282838861568621e+02 2.979255871442106809e+02 2.565040777331450954e+02 2.307392758521763483e+02 2.412033046393418942e+02 1.445031825014327751e+02 1.497818229526413916e+02 2.387503296283379370e+02 2.486819404749180649e+02 1.486819228681692948e+02 1.815961539802370623e+02 2.815961903678579574e+02 2.643483484610176788e+02 1.643483240487232138e+02 1.954251187910836620e+02 1.694357998482198866e+02 2.694358268293298693e+02 2.323283511419660954e+02 1.618167253935773431e+02 2.195517523678252587e+02 3.195518092118655318e+02 3.019074154650814421e+02 3.726187270736436972e+02 2.895215479523591853e+02 1.895215072250195760e+02 2.194073568917206387e+02 2.528206341970565632e+02
9.890424942528482921e-01 1.009890424942521321e+02 1.074942507137507022e+02 1.108037678882620156e+02 1.551519574698582282e+01 1.885596127089110396e+01 1.188559624456927821e+02 1.271099521404747037e+02 1.685313386649540348e+02 2.061302601145979736e+02 2.095929779966806450e+02 2.388823208396239011e+02 1.565040595138440267e+02 1.600285964008140525e+02 1.997818317521023914e+02 9.978182295123008316e+01 1.644264895811967335e+02 1.387503089984263340e+02 1.716622551958788279e+02 1.108854755672027466e+02 2.108854865192698469e+02 2.549338662216169951e+02 2.265518918965872786e+02 1.265518767477826145e+02 1.247144402979337059e+02 2.007808716007928069e+02 2.045933366213829459e+02 1.323283341625975140e+02 2.323283511419660954e+02 3.032383790644947794e+02 2.679512065896461195e+02 2.311967296247269701e+02 3.311968117053712604e+02 2.843592298307938222e+02 2.429375775485461588e+02 1.486966781785692717e+02 1.528206086727809065e+02
3.703706385791859512e-01 1.003703706385784784e+02 1.828371307293459438e+02 1.569365687879211180e+02 7.325022266665293103e+01 1.188559624456927821e+02 2.368400676674374949e+01 2.710995031588138460e+01 1.271099521404747037e+02 1.061302515844205914e+02 1.095929683959091250e+02 1.388822930892552847e+02 9.876903257171571227e+01 1.022935694559982807e+02 1.558313197878505321e+02 1.593757262287990386e+02 6.442648389190246405e+01 6.803963075955208240e+01 7.166224853956316565e+01 1.716622551958788279e+02 1.805295830146171454e+02 1.549338376136426518e+02 1.879370752502385074e+02 9.321854341444905856e+01 9.697943048667205801e+01 1.007808600930205785e+02 1.045933243513356956e+02 2.045933366213829459e+02 2.140228194035222771e+02 2.179511913317830079e+02 1.679511760737020154e+02 2.679512065896461195e+02 2.786238145412795006e+02 2.372021824289732876e+02 1.429375553413601665e+02 2.429375775485461588e+02 2.528206341970565632e+02
5.909454456523058896e-01 4.141577449203845873e+01 9.915080141100062860e+01 1.991508014109992075e+02 1.439609008689827476e+02 1.651053903998560486e+02 7.368400676683070571e+01 1.271099521404747037e+02 3.196924562337997955e+01 3.541957342009173004e+01 3.888229022541393221e+01 1.388822930892553131e+02 4.876903257146245352e+01 5.229356945571364434e+01 5.583131514409975438e+01 5.937572116914142129e+01 1.593757262287990386e+02 1.680396369221328712e+02 1.716622551958788279e+02 7.684352614107156398e+01 8.052957504494398222e+01 8.422315932070956990e+01 8.793706608425060267e+01 1.879370752502385074e+02 1.969794412650539357e+02 1.714915384572871631e+02 2.045933366213829459e+02 1.101065028155354213e+02 1.140228050654752110e+02 1.179511760720671418e+02 2.179511913317830079e+02 2.275367017353065648e+02 2.315271372451567231e+02 1.372021619945960822e+02 2.372021824289732876e+02 2.843592298307938222e+02 3.007725722202071665e+02
5.943836229332486454e-01 1.005943836229325399e+02 1.828371307293459438e+02 2.405721576483081208e+02 2.439609081509064197e+02 2.151054053830705470e+02 1.443946849774968939e+02 1.733906409337461412e+02 7.669060517338888872e+01 9.315460034113500853e+01 1.388822930892553131e+02 4.379999262146294114e+01 1.437999959656688134e+02 1.522935736999410210e+02 1.558313197878505321e+02 1.300863993842673949e+02 1.128279695528496518e+02 2.128279804200431613e+02 2.121988766627280256e+02 1.121988652003991689e+02 1.805295830146171454e+02 1.289445188707831278e+02 1.879370752502385074e+02 1.586477443915698586e+02 2.586477750420692132e+02 2.714915769087078843e+02 2.515280643330645489e+02 1.601065028168939932e+02 1.847334835020461696e+02 2.179511913317830079e+02 1.235588976129875931e+02 1.275366840338662513e+02 1.315271184562043914e+02 2.315271372451567231e+02 1.843426140745650343e+02 2.843426556300469201e+02 3.366269378336485261e+02
