output/example/elevation_average_000097.asc
nrows	75
cellsize	133.333333333
xllcorner	0
ncols	75
yllcorner	0
NODATA_value	-9999
[rows 51 to 67 of 75, columns 37 to 73 of 75]
1.902293334652605097e+02 2.873573086940066332e+02 3.085715259921382199e+02 3.200498721226880434e+02 2.399121462044406030e+02 2.519545139361474924e+02 3.470966860188219130e+02 3.794833041247001120e+02 3.283675338776626518e+02 4.106920607110446895e+02 4.276829259554226610e+02 4.455044463516421160e+02 4.057735991274604430e+02 4.918429399282181862e+02 4.424797363310876790e+02 5.076790093817158436e+02 5.981940239929141399e+02 6.063383335679487800e+02 5.768773802291451602e+02 5.984287606543032325e+02 6.028531666081877347e+02 5.638177903342527770e+02 5.046092931910782795e+02 5.720183004101367032e+02 4.780518068753018497e+02 5.052897145500709826e+02 4.896046147021960451e+02 3.947415074587040635e+02 4.896497753791609853e+02 5.157144870643305694e+02 6.094300281251763636e+02 5.470965734443906285e+02 4.526964041226219706e+02 5.157286561957386084e+02 4.517615367846075856e+02 5.461618577068755940e+02 5.792737015642613869e+02
2.873083515865831714e+02 2.285176418619026890e+02 3.252434381979470572e+02 3.759158807306315566e+02 3.085341642637141604e+02 3.483528332599991018e+02 2.700502200441375180e+02 2.834263127270691029e+02 2.990141760777830200e+02 3.150248627954796916e+02 3.322057679153462573e+02 3.502243789429726348e+02 3.730125480675553717e+02 3.972608778890700592e+02 4.921525908373602647e+02 5.741313844471670791e+02 5.620988622652768072e+02 5.263556195639591806e+02 4.855585579771113771e+02 5.051969375698750468e+02 5.705539110661551376e+02 6.360724485101519576e+02 5.984112285741061896e+02 6.105721324672233550e+02 5.721804134108884909e+02 5.370454021473916555e+02 4.425347807464126504e+02 4.897711076410006967e+02 4.210856146924699601e+02 5.158305619419105597e+02 5.846071241905675606e+02 5.702983963539231809e+02 4.764371658712755107e+02 5.702120451383309501e+02 5.461637219611433238e+02 4.852361721394290726e+02 5.792768659273590401e+02
3.645958391343409062e+02 3.252454714203969388e+02 2.741900757808024878e+02 3.703368578705881760e+02 4.044012357616210238e+02 4.056102938723253146e+02 3.259313193255160286e+02 3.383947676355890621e+02 3.941944867200741669e+02 3.706514345102484072e+02 4.269945783665350518e+02 4.056188203595331174e+02 4.670685451365949916e+02 4.671698379160557693e+02 5.201602230643445637e+02 5.158783225359986773e+02 5.040755784585039123e+02 4.415873581235931624e+02 4.267410941652692600e+02 4.373550361080906441e+02 5.303763895840731948e+02 5.943157561916270879e+02 5.963315166396282621e+02 6.349482762500960007e+02 6.033694839460708863e+02 5.095838851583231417e+02 5.095805278106188325e+02 5.544768926929120880e+02 4.882969089655314292e+02 4.517005673584824876e+02 5.460955360935934095e+02 6.089773745767880655e+02 5.705830413194523771e+02 5.165836790916234804e+02 6.097083335348683022e+02 5.792858827722624255e+02 5.254686432375856384e+02
3.884466400426273367e+02 4.096828400919856676e+02 3.301754278840448933e+02 3.518929322980452525e+02 4.472905356402488906e+02 4.606448523476348100e+02 4.216168941808202248e+02 4.317841220208737809e+02 4.728240828132998104e+02 4.657813656510858209e+02 5.046790660368969839e+02 5.003648422383528782e+02 5.391067437011402035e+02 5.596510881264589443e+02 4.963508728322256047e+02 4.395497316836522259e+02 4.680148657856624368e+02 3.822315430504231699e+02 3.759409119375749810e+02 4.679249659034451270e+02 5.397367053578374225e+02 5.016313610839383728e+02 5.027466625273951877e+02 5.961853825439892489e+02 6.416057969539173200e+02 6.033729503151677136e+02 6.033621863067569393e+02 6.206473685020173434e+02 5.459675627962412818e+02 4.872407027700320441e+02 5.014630706333529133e+02 5.953227917987454703e+02 6.407917608365090700e+02 5.479246172578483538e+02 6.407803786417425727e+02 6.572477495515369128e+02 5.793532752091788325e+02
4.287275146786611799e+02 4.646924408865965006e+02 4.258053605300086133e+02 4.472919947329024239e+02 4.366091278825614950e+02 4.361267262158582412e+02 4.751292009497332174e+02 4.527582705666280276e+02 4.145198450532133734e+02 4.361400049961600303e+02 4.751212673095919286e+02 4.889966738847061265e+02 5.277514635327501082e+02 4.795004283941835865e+02 4.396395796913159302e+02 3.718170642355220252e+02 4.279758340442385816e+02 3.333939647821776475e+02 4.226734211475742313e+02 4.466564989865522080e+02 4.488042239807886062e+02 4.343434202977470591e+02 5.265257685497858802e+02 5.648636022876914922e+02 5.861932539136496416e+02 5.983064543377812470e+02 6.375393356461905796e+02 6.774137001305123249e+02 6.185087646331855922e+02 5.257482509048755901e+02 5.953155811007687817e+02 5.662601203912952315e+02 6.593906075565408855e+02 6.173296170749646308e+02 6.125634907663690001e+02 7.049040273786421267e+02 6.453392548629532257e+02
4.701819862592776076e+02 4.217011960585888914e+02 3.835185648263645248e+02 3.870918781679561675e+02 3.432955013955166805e+02 3.405714417384392050e+02 4.360337689867212703e+02 3.974048622659568082e+02 3.186979714080110853e+02 3.405558527203181143e+02 4.212321797611583065e+02 3.939989639106487402e+02 4.887698848493248533e+02 4.392081152442028724e+02 3.450167037040048399e+02 3.187296267304632238e+02 3.841520066136362175e+02 3.100674003653782052e+02 3.310641925648762367e+02 3.551619804760190391e+02 3.843108254500517660e+02 4.752249707260701257e+02 5.349025369319065248e+02 4.707472106122761488e+02 4.922269367909303810e+02 5.054090666618512842e+02 5.878021272689487660e+02 6.272609261283275828e+02 6.575044943317217303e+02 5.912019749100128365e+02 6.572545093343578628e+02 6.593879871298483977e+02 6.904977047860476205e+02 7.075152844485900232e+02 7.030473730329313184e+02 7.376495380811915084e+02 7.376168619333250263e+02
4.281178620976697289e+02 3.673806626677768463e+02 2.905652047574814674e+02 2.910814647256270860e+02 2.723706787054824190e+02 3.686742433206962346e+02 3.655377893775359439e+02 3.260638982755848474e+02 2.616652020320167367e+02 2.921485794071864461e+02 3.262628530591941853e+02 4.219954983015964558e+02 4.412347324404241249e+02 3.912155889229939021e+02 3.492416212205554871e+02 2.739691339759056063e+02 2.884616732850851690e+02 3.830289055451254399e+02 3.873509607604805183e+02 4.503262021256342678e+02 4.789698373584676006e+02 5.061627268559453228e+02 4.675342727152984139e+02 4.026289071833663229e+02 4.267745272869641440e+02 4.585730802431145889e+02 4.949752090647968430e+02 5.616405018685919686e+02 6.548727135045699015e+02 6.840646015990857904e+02 6.490705557659885017e+02 6.115544335119225252e+02 6.493972506778611660e+02 6.852294647671718621e+02 6.513678397557365543e+02 6.876480936638022285e+02 7.326962116955043030e+02
3.517729511091972654e+02 3.107969031728832192e+02 2.324566200605476922e+02 2.235391111810339737e+02 3.203577572744175654e+02 3.372160810160891060e+02 2.976406825342935463e+02 2.293079077750051340e+02 3.260696791918515487e+02 3.878934468508965097e+02 4.214439312848765553e+02 4.261606985869258892e+02 3.735371840657902567e+02 3.061536559782230711e+02 2.553280270409043453e+02 3.518444997465384745e+02 3.844519724356930510e+02 4.238689101902066341e+02 4.815039864097790883e+02 5.211781086106075236e+02 4.790887555188609781e+02 4.401131721522018552e+02 3.722566101881365626e+02 4.631186941204788354e+02 5.179423654659664180e+02 5.522603606963655238e+02 5.878095069730646856e+02 6.272624952818375732e+02 6.209407659414431464e+02 6.091875915235834782e+02 6.014701090793387266e+02 5.178072653887155639e+02 6.014698416125925178e+02 6.394622411204828722e+02 5.590729459105633623e+02 6.051594952982933364e+02 6.820981234342203834e+02
2.938061135088278206e+02 2.162028460052664514e+02 1.838824018447899959e+02 2.625968233475732632e+02 2.669393583910460279e+02 2.712568644900490540e+02 2.005740532929900439e+02 2.976482419744610866e+02 3.655503804352707675e+02 3.470970338251647149e+02 3.865051239170550730e+02 3.565673352793594972e+02 2.918307603703639757e+02 2.373866280568092861e+02 3.340964219333976644e+02 3.912183149143074274e+02 4.696863583525181980e+02 4.698808710947016607e+02 4.340449397119789410e+02 4.548077949284109422e+02 4.158318843761608719e+02 3.445353239701328789e+02 4.009051510152951323e+02 4.951991901547409043e+02 5.609630451982942532e+02 5.327533145909927725e+02 5.665164851819554315e+02 5.865860111942023423e+02 5.273189541390490831e+02 5.154272009993942447e+02 5.154780445576616330e+02 4.687462730335458332e+02 5.614071704738286144e+02 5.635979798721394900e+02 5.079593839539239752e+02 5.505830366908743372e+02 6.055870265005790998e+02
2.437609907154160567e+02 1.564900945668073575e+02 1.608329520882512895e+02 1.652296340891770114e+02 1.695998787645590085e+02 1.739628370742090056e+02 2.713176913975030971e+02 2.821217050018258305e+02 2.863846460865297558e+02 2.505629151382659643e+02 2.957617363004414983e+02 3.004590296359033914e+02 2.201729507456044530e+02 3.170555479195197677e+02 3.735472701696084528e+02 3.770535854993017892e+02 3.744824409795219822e+02 4.149858517565965030e+02 3.388643474833585856e+02 3.929240084973455964e+02 3.200053535862377316e+02 4.158363631114047507e+02 4.791065690427945469e+02 5.346306459264492332e+02 5.224437055019071749e+02 4.408723662700999739e+02 5.153141289307186526e+02 4.926264801305316610e+02 4.603832625263875684e+02 4.780529005969098648e+02 4.206839507732194647e+02 5.154784177424845666e+02 5.312928242540368728e+02 4.693041996114805556e+02 5.361758006722466234e+02 6.297326570614571892e+02 6.666328134455645795e+02
1.504191161563482808e+02 2.479930314408786671e+02 2.582522829070300645e+02 2.346357050341344177e+02 2.400545137991626632e+02 2.712655878773179552e+02 1.803111617738625512e+02 1.849360437504821846e+02 1.895492067665005322e+02 1.941669153064521538e+02 1.988163729705141520e+02 2.034536302490125479e+02 3.005124248622403229e+02 3.125311545609326345e+02 3.175553532181141350e+02 2.808239276128333586e+02 3.770495294992622917e+02 3.578942028256629442e+02 2.818811939130666815e+02 2.971375009438026495e+02 3.932248504333946357e+02 4.549406829749829058e+02 4.822550917530411994e+02 5.183414580336060453e+02 4.791156983405234655e+02 3.889229738631435112e+02 4.693684992231546858e+02 4.270134306276568736e+02 4.469018841559978341e+02 3.828461095293920948e+02 4.780308976132132557e+02 5.020749683100288507e+02 4.366637651135257556e+02 5.313011311630939417e+02 6.020566236687111541e+02 6.032867988500391903e+02 5.750263736438009801e+02
2.418266457103166829e+02 2.017158926300832604e+02 2.941430576084643462e+02 3.304689348094564139e+02 3.359296472928407411e+02 2.955576398374843734e+02 1.987481666130243525e+02 2.820669940401198232e+02 2.865042048755843211e+02 2.477921330841906808e+02 2.958332921578873425e+02 3.004741309399036595e+02 2.105708420210949612e+02 2.156438266251942082e+02 2.207235433348831464e+02 3.176075094354242765e+02 3.380597001687235093e+02 2.614364012293302721e+02 3.578906564892757274e+02 3.930149007386979179e+02 4.324119360946016286e+02 4.150584005429439003e+02 3.871251745290449549e+02 4.800599635087516504e+02 4.436280256305522585e+02 3.516150888408566857e+02 4.163384007703429006e+02 4.328818939340508223e+02 3.513611861834961587e+02 4.468970584097947949e+02 4.744632511002898809e+02 4.071250980536222528e+02 5.020712334253430527e+02 5.698845939359019894e+02 5.592693268875359536e+02 5.094475523103534442e+02 5.780821440550665784e+02
2.818965793384045355e+02 2.987074034229969470e+02 2.702381539442769736e+02 3.636694804307845743e+02 3.644925625770658826e+02 2.693209386998953505e+02 2.958434056723044137e+02 2.284880106281832468e+02 3.252735685650310415e+02 3.443171052375036538e+02 3.749287833303331468e+02 3.418583367519620992e+02 2.501451562112182785e+02 2.831984196682185484e+02 3.175569420668291514e+02 2.279763725601108888e+02 2.416756144601900758e+02 3.383451297491378682e+02 3.972518297640046967e+02 3.599514173114894788e+02 3.674867992038949183e+02 3.192872756816399260e+02 3.811792286914628107e+02 3.925248501704067507e+02 4.014344988277659922e+02 3.182430885958609679e+02 3.276984970288439740e+02 3.372923467975210201e+02 4.329275214846378503e+02 3.676581539065207949e+02 3.793253437949774138e+02 4.745674883049348409e+02 5.114385557710382386e+02 5.285662496968147934e+02 4.649427145401274970e+02 5.592711944954846786e+02 6.415480115483878762e+02
2.648600241555844832e+02 3.359501898263703765e+02 3.665341903285878402e+02 4.031528458861660624e+02 4.033461288615867488e+02 3.656788381188837320e+02 2.999296307681897247e+02 3.252703291144280229e+02 2.641588480734318409e+02 3.605725097945647235e+02 3.989256135613084666e+02 3.087951169700351102e+02 3.466015327986617081e+02 3.794033250119103400e+02 3.238077444288823017e+02 3.247826003969504995e+02 2.357922380552908521e+02 3.325301890097475166e+02 3.483036665883620913e+02 2.634975860233158187e+02 2.716987623325345567e+02 2.799375969517579961e+02 2.883785621386958837e+02 2.969004338795428453e+02 3.055357120616974385e+02 4.015470635321330519e+02 4.199425040710046346e+02 4.065933368696398134e+02 4.159805909337674734e+02 4.630012541938452841e+02 4.744611851849971345e+02 4.007091747546406850e+02 4.168026619818945164e+02 4.340943067578187993e+02 5.287503779947160183e+02 5.156158241041304109e+02 5.627636156499133904e+02
1.992863014515164934e+02 2.963469031746731730e+02 3.715767172954787156e+02 4.124465324353664073e+02 4.673247148942933791e+02 4.350232940990005659e+02 3.748236180931672266e+02 3.998995428789450557e+02 3.239220276780993686e+02 3.096034445088847633e+02 4.055219902673006231e+02 4.047584664250834408e+02 4.038349297426491944e+02 4.586581546305498023e+02 3.790985093909424108e+02 2.833845059542472882e+02 3.325240039122202802e+02 2.436974868650859776e+02 2.519094134483056848e+02 3.484754857112228024e+02 3.679279630285026883e+02 3.760943106528496287e+02 3.576727724368969348e+02 3.527364473536422338e+02 4.013792646071473769e+02 3.573422435991708426e+02 4.528058064574308332e+02 4.998193177213533431e+02 5.107466973931905727e+02 5.494941986581659421e+02 5.344674903828513379e+02 4.601010937582791485e+02 4.718838737083959813e+02 5.283596547346350008e+02 4.833401795126247862e+02 5.501202660958208526e+02 6.093901401258561918e+02
2.963465216224487335e+02 2.362148444096341677e+02 2.769384411770791417e+02 3.341813046467704567e+02 4.297280994809295294e+02 4.907889240378283375e+02 4.640688476557216404e+02 4.572762558497990426e+02 4.182555243848097462e+02 3.798911473286070191e+02 3.700355179209442440e+02 4.652933326695210212e+02 4.987785481802731056e+02 4.367445306362338329e+02 3.420923802915758642e+02 3.785650391529817398e+02 3.136508301155797085e+02 3.400037306971063344e+02 2.546064973974021939e+02 3.511279626650517685e+02 3.999932868463786804e+02 4.505812930291633620e+02 4.527933579130286148e+02 4.481742855035444677e+02 4.872002011114896618e+02 4.270219277693472577e+02 4.352894748751382394e+02 5.299172947140835959e+02 5.843866676066543278e+02 6.094288199358907150e+02 5.904743008399502742e+02 5.536669914397331240e+02 5.659573320685943827e+02 6.045538746200687683e+02 5.358406839609972394e+02 6.158613096556026676e+02 6.816092970768618216e+02
3.723263867042005586e+02 2.923528077110380536e+02 3.144404986683396146e+02 4.091059700357998850e+02 4.605618902706281119e+02 3.962091540980005675e+02 4.155791089707686297e+02 5.077705450005789771e+02 5.066833685771171645e+02 4.747093564693233247e+02 4.653043908409035794e+02 4.652850566231425660e+02 5.595298863883610920e+02 4.766747153688538106e+02 4.020593455556697791e+02 4.487040333304348678e+02 3.846782631054599619e+02 3.184496220509004729e+02 3.511350902087267514e+02 2.656970354237478773e+02 3.621206175295587855e+02 3.553204769719308160e+02 4.507885500563037908e+02 5.163355084230984176e+02 5.285206177390700759e+02 5.212931406509277394e+02 5.299156411170406500e+02 5.558591820543377935e+02 4.905489789777088845e+02 5.157123004937700443e+02 5.473762336545036078e+02 5.450871591973751720e+02 6.346865921703235927e+02 6.599758666538666603e+02 6.279686106887695587e+02 6.644690214054795661e+02 6.978999826985368600e+02
