output/example/elevation_000425.asc
nrows	75
cellsize	13.33333333
xllcorner	0
ncols	75
yllcorner	0
NODATA_value	-9999
[rows 0 to 16 of 75, columns 37 to 73 of 75]
4.317986116381237593e+01 4.742507841504706789e+01 5.680426960881089116e+01 5.249968515960632942e+01 4.928660918679908320e+01 4.484450372505091309e+01 4.928660918679908320e+01 4.770910539921373328e+01 5.213419742964563142e+01 5.050395377443921774e+01 4.626985005475941648e+01 4.626985005471855317e+01 4.626985005475941648e+01 5.050395377444001355e+01 5.111364819768468237e+01 5.152488769566942040e+01 4.837107191734377665e+01 4.845810001390339750e+01 5.298945127855051140e+01 5.272628016392502559e+01 4.863453119099140309e+01 5.272627835393028306e+01 5.386392672489186140e+01 5.110067800404877403e+01 4.690341439836512905e+01 4.938588295863079480e+01 5.212032214834923849e+01 5.573230849521976893e+01 5.989102144230156455e+01 6.494726663957040103e+01 6.631946478349705387e+01 6.174162897312341869e+01 6.025891983388985551e+01 6.486083870232120319e+01 6.174162897312341869e+01 6.025891983388985551e+01 6.486083870232030790e+01
3.282417593378041687e+01 4.317986116381228356e+01 4.932610097387094328e+01 4.163075956537373656e+01 4.360179728919695208e+01 3.408753370283932327e+01 4.391292451556199694e+01 3.689060298045102826e+01 4.591102605523749958e+01 4.626985005476026913e+01 3.605488620067496441e+01 3.605488620067496441e+01 3.605488620067496441e+01 4.626985005476026913e+01 4.049820159655160268e+01 4.087140702712407858e+01 3.776494411634175208e+01 3.777181086707713575e+01 4.842221423911064448e+01 4.768539770773546138e+01 3.844660229768700077e+01 4.768537797324629679e+01 4.366720477499925579e+01 4.366720532602979432e+01 3.666962272855832339e+01 3.915040269763531455e+01 4.188898748861827670e+01 4.551606874599039543e+01 5.064604557424762987e+01 6.081857144798877357e+01 6.174162897312341869e+01 5.032928899288709346e+01 4.884984253451744962e+01 5.663787537749399803e+01 5.032928899288709346e+01 4.884984253451745673e+01 5.540845160845506001e+01
3.585728591382322605e+01 3.458805521979393660e+01 4.499636042173292338e+01 4.363248914423057556e+01 3.281775921220938841e+01 2.894135761457460987e+01 3.533885093236460051e+01 3.085563329513663788e+01 4.146304011551247015e+01 4.634349932508887093e+01 3.904677984394800916e+01 2.890423533260861078e+01 3.904677984396046497e+01 4.360739392069978493e+01 3.300242114791823411e+01 3.610854575876724937e+01 3.023729921584071789e+01 4.087063247090978280e+01 4.986889523206477293e+01 3.988930739390984570e+01 3.334125582731214621e+01 4.354125668088936862e+01 4.107039094568421689e+01 3.344353689900884774e+01 4.366720532602979432e+01 4.938588212853269965e+01 5.212032224194565089e+01 5.025536538150575439e+01 5.989102144230156455e+01 6.494726663957040103e+01 6.174162897312341869e+01 5.032928899288709346e+01 4.250878076443456166e+01 4.538316530048741271e+01 4.250878076443456166e+01 5.367188598389194709e+01 5.994244728033858394e+01
2.614479475405267195e+01 3.344891610641715118e+01 4.381572052818275154e+01 4.807561550770410719e+01 3.976328497687541841e+01 3.533878575532785504e+01 2.501827589569564836e+01 3.253032831930189417e+01 3.693123264534608552e+01 4.210981966115016206e+01 3.193214900322817584e+01 2.615647892303783451e+01 3.277797214719897312e+01 3.667922007868489942e+01 3.243723656171290060e+01 2.541408625336286420e+01 3.610854575876724937e+01 4.121145082814701510e+01 4.119771285352700829e+01 3.993261285461184684e+01 2.975337479627186354e+01 3.859009669449686442e+01 3.086382795187322614e+01 4.107039096382441556e+01 3.934419730799051251e+01 4.526009672746037182e+01 5.546345709737743590e+01 6.041842898097493020e+01 6.455069568069362163e+01 6.373271954385948845e+01 5.811137119369127646e+01 5.349724614476760109e+01 4.867959356175406072e+01 3.766978199780994174e+01 4.867959356175406072e+01 4.407477324897587323e+01 4.960529580476515576e+01
3.051131345446719223e+01 3.239205109383097181e+01 3.651258973844267075e+01 4.218250719022783102e+01 3.533878589139818871e+01 2.501827589569564836e+01 3.252987058813418741e+01 2.234693068271566929e+01 3.252897407315398937e+01 3.254969221558937420e+01 3.689593635851973374e+01 3.277797155643385452e+01 2.279314977529587338e+01 2.967701832163520947e+01 2.185863450058613822e+01 3.243723656171290060e+01 3.822481978905047839e+01 3.103255613224827414e+01 3.104038617283669055e+01 3.505111258427072585e+01 2.685086514956516268e+01 2.841346369816027106e+01 3.427605015837720259e+01 4.447471151096200259e+01 4.957254418962071441e+01 5.375835503907186563e+01 5.962129525459258872e+01 5.984423816278481212e+01 6.423276045960406577e+01 5.916134689693866733e+01 4.783314539259649933e+01 4.233264432489625051e+01 4.647654856152301051e+01 3.550004086141477444e+01 3.825989893903008721e+01 4.930400958727253879e+01 5.994244728033858394e+01
2.711722028740805612e+01 2.325577613577585367e+01 2.829410253889827587e+01 3.798995292325844275e+01 3.976328498211135098e+01 3.533878589139591497e+01 3.073020908858225653e+01 2.062950313264954971e+01 2.830843975889635900e+01 2.239025463475071476e+01 3.088333853601279344e+01 2.760721969195630265e+01 2.957161145894366783e+01 1.971596832342830652e+01 1.971596832342830652e+01 3.192777372138788294e+01 3.395083159950096530e+01 2.397212525387074677e+01 2.437503170140472974e+01 2.500681991289959427e+01 3.505117034713862267e+01 3.859514851801884561e+01 4.278869906672636603e+01 4.870944463453961504e+01 5.333086851296184960e+01 5.749770529056980450e+01 5.794947333676159218e+01 4.884191310123978980e+01 5.794947333676159218e+01 6.373271954385948845e+01 5.544923403289973862e+01 4.424761192665356191e+01 3.652790866281183924e+01 3.342272280410326601e+01 4.436493315541741111e+01 5.394503022719242580e+01 5.607933620912883299e+01
1.848318683571990562e+01 2.711722028495822912e+01 3.086004460918577763e+01 3.495534847031756698e+01 3.521040636633120613e+01 3.913802832609927407e+01 3.509634737631471779e+01 2.831579948148020165e+01 1.833544558919713907e+01 1.681063894753919286e+01 2.660986186447326318e+01 1.775797145897923102e+01 2.760721967935959498e+01 1.971596832342830652e+01 2.054732663097830070e+01 3.050934062302897232e+01 2.276731191685290767e+01 2.431410874145452894e+01 3.401807820264770754e+01 3.505098491665636828e+01 2.725279246145760936e+01 3.741338538913424117e+01 4.287229890024154599e+01 4.609720569042135452e+01 4.311652666667052358e+01 5.333086851296184960e+01 5.349204282679003342e+01 4.248458683813414183e+01 5.349204282679003342e+01 5.952042644720833664e+01 5.372171995448641013e+01 4.260925993171507287e+01 4.259875249769368821e+01 3.170668329453925338e+01 4.261280235863415555e+01 4.852249136285671938e+01 4.539234373878156248e+01
1.554386311729232695e+01 2.303994948410776189e+01 2.125230737054529229e+01 2.765533834955754244e+01 2.583819149857563247e+01 3.272283830857447384e+01 2.915097302221272457e+01 2.954923119703012802e+01 2.529990469089402083e+01 2.571020412028768476e+01 1.681063894753919286e+01 2.660986173935671317e+01 1.871651691135964057e+01 2.860619279743340471e+01 3.050805556327255275e+01 2.174267706390759614e+01 2.290588621003923464e+01 3.263589738094945147e+01 3.819361033574340070e+01 4.161526574556921787e+01 3.741338538928701496e+01 2.972817104745067951e+01 3.265474254340384164e+01 3.587687606451728328e+01 4.311652666667052358e+01 5.333086851296184960e+01 4.960031944019450378e+01 3.861977034284385013e+01 4.411398297758493925e+01 5.508915696670393203e+01 5.044205439325223495e+01 3.936543999539587446e+01 3.170668329453925338e+01 4.060229613110313096e+01 4.349819025788073645e+01 3.789245973451319571e+01 4.539234373878008455e+01
2.303831005117293174e+01 1.359539463435938167e+01 2.162191388489864252e+01 1.823540378731317801e+01 2.373558719916549720e+01 2.221599185028166445e+01 1.994379992658247858e+01 2.409833528742316844e+01 1.532821334748187425e+01 1.594620048797234269e+01 2.571895487628934518e+01 3.079838530054643542e+01 2.566694424251670270e+01 2.489895614797489287e+01 3.482638676276085477e+01 2.520801784087156605e+01 3.263589738097869741e+01 2.634449949568162097e+01 3.645879583004643365e+01 4.500785319307338739e+01 4.220716592779073295e+01 3.199248698249722267e+01 3.921293703957685750e+01 4.610823812809058353e+01 5.030711597862017470e+01 5.309089742950988722e+01 4.612796492090598832e+01 3.518096487961150132e+01 4.612796492950046456e+01 5.415787577404755382e+01 5.372475711345474991e+01 4.260970339164693144e+01 4.060229592452474634e+01 2.975146727372383637e+01 3.283118520694394959e+01 4.349818993475745543e+01 5.288011138277266099e+01
2.114692338641855329e+01 1.225368428410218513e+01 1.225368428410218513e+01 2.153278921699573090e+01 1.294130308937674734e+01 1.344185270711710167e+01 1.394451154494859146e+01 1.444873888212278246e+01 2.380994887606828314e+01 2.567686798682918337e+01 2.571895486330983971e+01 3.576501463851251117e+01 3.575965979036062237e+01 3.184107946402606615e+01 3.870216317041725063e+01 2.899666143742216207e+01 3.936204688322251144e+01 3.645879930942844283e+01 3.061356775620173565e+01 4.080415641818157724e+01 4.476433345879382131e+01 3.453566333478143235e+01 4.476433345879198811e+01 5.361905156890306756e+01 5.633739721008274870e+01 4.544036606204401352e+01 3.773360447597877254e+01 3.248702901344717731e+01 3.875097524130129045e+01 4.969491219565174589e+01 5.497072081869909965e+01 4.433503492954633884e+01 3.681709211429102169e+01 3.876813060693333313e+01 2.975146727372383637e+01 4.041312818134024809e+01 4.373739444744121130e+01
1.161359844070367942e+01 2.115510258581328529e+01 2.175986516031316853e+01 1.294130308937674734e+01 1.578279663347175799e+01 2.291493785827863050e+01 2.367406982192412102e+01 2.377526484344386404e+01 1.564000843941389540e+01 2.247428671364507125e+01 3.231408753899050623e+01 3.441425959109978550e+01 3.852042314396094724e+01 4.145820580583944803e+01 4.348053821964867183e+01 3.498649535491964713e+01 4.378748446080761170e+01 4.441661251248135045e+01 3.419904368745866208e+01 4.441661251248135045e+01 4.800114218207113481e+01 3.776545426621316182e+01 4.289065367175193444e+01 5.310125245249687964e+01 5.564182839662420577e+01 4.476957767570578284e+01 4.092598586076588418e+01 3.010903412562643311e+01 3.856584673738698399e+01 4.305123895360326003e+01 4.848601471512469629e+01 4.169383176161792193e+01 3.725632302507320759e+01 2.814381557922624211e+01 3.875669475724731683e+01 3.509750226335998491e+01 4.124366988130332601e+01
2.055890870174618712e+01 2.515769124658070410e+01 2.659476547323835049e+01 1.709150219182962260e+01 2.401898625494834505e+01 1.911481469569259062e+01 2.708738852025689781e+01 2.619768685374653217e+01 1.647664039415871784e+01 2.620174959237402490e+01 2.743305129854379487e+01 2.454134015701221472e+01 3.441425959163467496e+01 4.152051552699829529e+01 4.723203455755078295e+01 4.553046194845250483e+01 4.982589998954313160e+01 4.861637446686451369e+01 4.009630098195431458e+01 4.861637446686466291e+01 5.161880673817499598e+01 4.138650617945793186e+01 5.161880673817499598e+01 5.726778351855946170e+01 5.383420972655969194e+01 4.476232266955179995e+01 3.389067680554170181e+01 3.855596818380401203e+01 2.784149071034406475e+01 3.318136970853497303e+01 4.083369221197089871e+01 3.726288112957399079e+01 2.670886813064107912e+01 3.724985951590792155e+01 3.314258761656078889e+01 4.378015870991689695e+01 5.003169646866860631e+01
2.054351439707920690e+01 3.015289555261776755e+01 3.181675446892516135e+01 2.787792866747983922e+01 2.180413443514150984e+01 2.719049580881351247e+01 3.104180740041928033e+01 3.029603644109924687e+01 2.331616932217210092e+01 1.766508632624444886e+01 1.766508632624444886e+01 2.743305129855031765e+01 2.752459609254957940e+01 3.324172826759951249e+01 4.311422650149093272e+01 4.734204125542006381e+01 4.676060417017065163e+01 5.088765319579204771e+01 5.031826774841365335e+01 5.449434823541130157e+01 5.161880673817499598e+01 4.863668607185208259e+01 5.579557854187191168e+01 5.959272965642394837e+01 4.942156231065347782e+01 3.851256283608267950e+01 4.474865939758573319e+01 4.301503699100595668e+01 3.634262192672841252e+01 2.578167363740326223e+01 3.635391942805646437e+01 3.582266015475143917e+01 2.670886813064107912e+01 3.414444708561108399e+01 4.378065632877017066e+01 3.930343541089184356e+01 4.541227320824259550e+01
2.107101660113031372e+01 2.911831609390786468e+01 3.410965916661645991e+01 3.491915274989167983e+01 2.550764171258510871e+01 2.813021166375206050e+01 3.768729085213016816e+01 3.727576776262056057e+01 3.071786075419410267e+01 2.086343198904656049e+01 1.766508632624444886e+01 2.130009905777519563e+01 3.115955895964544453e+01 4.034477141375122500e+01 3.334787559135909163e+01 4.034495755996327659e+01 3.692986103237866757e+01 4.518940299299062957e+01 5.094732868237786505e+01 5.510037539598637579e+01 6.175757466523152317e+01 5.881828289544480270e+01 6.148179739523170184e+01 5.065508500592422791e+01 4.433955790812971287e+01 4.935850488020111015e+01 4.904218800956871149e+01 3.946270714239348365e+01 2.870321276458038184e+01 2.578167363740326223e+01 3.451352656493191517e+01 2.538420052051302633e+01 3.271346846311293177e+01 4.165859959161808490e+01 4.917335680702940692e+01 4.989666978412336107e+01 5.426713578805338756e+01
1.594531749737789106e+01 1.965640332513494926e+01 2.955838341824306426e+01 3.925727598433149268e+01 3.089611553748276407e+01 3.768729085213022501e+01 4.184860116686567721e+01 3.642935813582099058e+01 2.653675448354742628e+01 3.071786075015647199e+01 2.743305128359760303e+01 1.900317980404276952e+01 2.882158380065828496e+01 3.439427186270017245e+01 2.632709795647226514e+01 3.591142625078538941e+01 3.120345767069851561e+01 4.076753519781826185e+01 4.110508326131868273e+01 4.938679193296614045e+01 5.330814791797556040e+01 5.747455566326965481e+01 6.575879236573187825e+01 5.959272965642394837e+01 5.523099208282636852e+01 5.246452156787804455e+01 4.140074638868043166e+01 3.371307022598667658e+01 3.946270714239348365e+01 3.135969036364700102e+01 2.407769755438528492e+01 3.344154205291265924e+01 3.789156938281094256e+01 4.772241613583027231e+01 5.040081858935893422e+01 4.589777600244138256e+01 5.040180655263284137e+01
2.231725047685780083e+01 2.811611480154140708e+01 2.904213680391300656e+01 3.940247420943114776e+01 4.083020689482937371e+01 4.510076596167283469e+01 4.449497483759943606e+01 3.461665214748594366e+01 3.642935813582099058e+01 3.410673287007485754e+01 2.421912401812603832e+01 2.882158380061371616e+01 2.043528404731794268e+01 3.029075061716961770e+01 2.192405925463098271e+01 3.180667554978202460e+01 2.673671919808887409e+01 3.666596673564784936e+01 3.542979561186637483e+01 4.526490463222318539e+01 4.344737556813455370e+01 5.330814801031610273e+01 5.647636158009721896e+01 5.320910367749510073e+01 5.745683339641906429e+01 5.235182346719663826e+01 4.139179579937484732e+01 4.460191358128884076e+01 4.660214266039615438e+01 3.869560780632569674e+01 2.343957538205127378e+01 2.367259031442976536e+01 3.341769578035860633e+01 3.743932092597356132e+01 4.010833675438252044e+01 3.506677938096482450e+01 4.125736404319893325e+01
1.437046797291584355e+01 1.966637172271087763e+01 2.628560508459371192e+01 3.654830530903627306e+01 3.957329735347467903e+01 4.061871461402040495e+01 4.482571317539439804e+01 4.449497483759943606e+01 4.109525937148937658e+01 3.121199027497224066e+01 3.410673170977901947e+01 3.439427180720368682e+01 3.029075061716961770e+01 2.192405925463098271e+01 3.180667541644865537e+01 2.422777812588308777e+01 3.414393649393252161e+01 2.968224031604508184e+01 3.302031301620024806e+01 3.653281481337101866e+01 4.633552909709442247e+01 5.338556399921927209e+01 4.605617216612447606e+01 4.274684101961435800e+01 5.145150415275166011e+01 5.683604394536471460e+01 5.235182346719878410e+01 5.200786385042312787e+01 4.082964646123981822e+01 3.885619133478111564e+01 2.950476807420953662e+01 2.275760770887703188e+01 2.290449511179416575e+01 2.668004679154267933e+01 2.943586702387502996e+01 3.413503476643424506e+01 4.172571564332512395e+01
