output/example/elevation_000302.asc
nrows	75
cellsize	13.33333333
xllcorner	0
ncols	75
yllcorner	0
NODATA_value	-9999
[rows 0 to 16 of 75, columns 0 to 36 of 75]
1.369999999999999864e-02 4.096182904638636657e+00 9.096182904638652644e+00 1.616725071650417433e+01 2.616725071650434487e+01 3.356495993101457032e+01 2.942604569210280374e+01 3.356522676662331861e+01 3.504428219845306103e+01 3.090120080017198134e+01 3.504428219845306103e+01 3.716837100115215264e+01 3.544245469314363106e+01 3.958590282100485780e+01 4.458667575894190094e+01 5.161780480901283141e+01 4.869885776393716981e+01 4.991534436069281355e+01 4.578811618056408861e+01 4.708233087133468331e+01 5.120846622836329942e+01 4.889752546494074892e+01 4.309888238145016714e+01 3.892781970472775299e+01 3.892781566874317889e+01 4.309872458798148642e+01 4.207085542012206503e+01 4.624943207047012805e+01 5.070010526552851360e+01 4.655284260978094579e+01 4.655284260978094579e+01 4.506024830749034749e+01 4.506024830749034749e+01 4.921829814586590146e+01 4.979496591859242471e+01 4.555504878913164646e+01 4.592430502707447459e+01
1.279999999999999888e-02 1.001279999999996306e+01 1.823831852846816304e+01 2.323831852856734770e+01 2.868446734347763183e+01 2.856468746675812653e+01 1.942672926673896683e+01 2.856624270365060525e+01 3.004392965682223604e+01 2.090114943641087564e+01 3.004392965682216143e+01 2.716820361672990458e+01 2.544237046045019568e+01 3.044235393658407673e+01 4.044255544970317828e+01 4.166568917228128299e+01 3.875245535516094719e+01 4.295629965576188170e+01 3.586092663689982629e+01 3.714651569671711684e+01 4.708232379246151567e+01 4.471085886836522860e+01 3.469434938155118431e+01 2.894663292533243037e+01 2.894663292526520948e+01 3.499868585751821826e+01 3.206929732001587041e+01 4.207085542012206503e+01 4.655284260978094579e+01 3.634638460075982636e+01 3.634638460075981925e+01 3.484789702862812533e+01 3.484789702862812533e+01 4.506024830749034749e+01 4.482241720034578236e+01 3.535594818339991008e+01 3.602216320410653339e+01
1.299999999999999940e-02 1.001299999999996260e+01 1.520992817756692084e+01 1.867159279707856356e+01 1.867095845961326006e+01 2.303571547419318577e+01 1.442673138244027875e+01 1.908253765095296117e+01 2.055593738103792134e+01 1.590115098646271186e+01 2.583315529149794187e+01 2.009714915528570245e+01 3.009718483062663807e+01 3.783855778556701210e+01 4.458667575894190094e+01 4.166568917228128299e+01 3.176509207062819584e+01 3.304729712364004257e+01 3.016680940642489617e+01 3.656006080779439316e+01 4.648573002707176016e+01 4.525674886522764950e+01 3.523017279525089407e+01 2.815836983346727251e+01 2.314008607044824117e+01 2.499124440325739371e+01 3.206929732001587041e+01 4.207085542012206503e+01 4.919137924417992735e+01 3.933578691814865635e+01 2.915416951095700071e+01 2.767354414557546249e+01 3.783902546634776343e+01 4.496736186355125398e+01 3.925420542144215119e+01 3.041882178826432437e+01 2.929628102209954577e+01
1.369999999999999864e-02 1.067792553389459442e+00 1.106779255339152712e+01 8.668641810789040392e+00 1.480823477751964923e+01 1.304171305156521932e+01 1.717458435680266504e+01 9.081506791023981506e+00 1.055592635257294809e+01 2.055593738009032378e+01 1.583313491710170062e+01 1.961277962361527116e+01 2.369526209770986469e+01 3.076630365708892967e+01 4.076658497360732269e+01 4.122478300148791419e+01 3.594957676251178924e+01 2.602528321711153936e+01 2.664160587610706799e+01 3.365666256056118755e+01 4.356950049704594363e+01 4.203822464675116777e+01 3.788933791156032527e+01 2.999496529413912427e+01 1.992749314989254117e+01 2.999488747559662016e+01 3.657206741941801909e+01 4.234530663978968335e+01 4.503387201479429081e+01 3.481843454076914668e+01 2.894591689927056777e+01 2.410975832880447101e+01 3.114598143409216746e+01 4.042446931490425754e+01 3.608419440420161806e+01 3.160004977509688473e+01 2.604502405939955878e+01
1.290000000000000001e-02 1.001289999999996283e+01 2.583988640547266069e+00 3.668640929640546666e+00 4.808246694236923524e+00 5.970723081675114230e+00 7.174581612532803909e+00 1.717234042104270841e+01 2.055536574255346949e+01 1.294638357124149586e+01 2.294639806430820528e+01 2.290419734022463416e+01 3.290428530108050609e+01 3.369531824092403838e+01 4.369623845277263996e+01 3.421110481509396806e+01 2.712775635651623318e+01 2.282083778014612108e+01 3.281123956516726281e+01 4.067491855672846413e+01 3.912206418535863151e+01 3.204363984126506892e+01 3.372917305633203000e+01 2.370194173673344196e+01 1.788001026172470631e+01 2.239189075240506455e+01 2.820340321877267087e+01 3.819092292700085522e+01 4.484683699759037268e+01 3.913598276837152667e+01 2.894591690517900773e+01 2.179825240967531030e+01 3.139856587125292364e+01 3.695535394516802086e+01 2.729134531587348178e+01 2.923331970567612359e+01 2.354728371923463115e+01
1.299999999999999940e-02 1.001299999999996260e+01 1.258398864055299171e+01 9.442143610547349297e+00 1.480820496637572248e+01 1.304214001566835712e+01 1.294807102278143063e+01 1.217458132584164510e+01 2.217115817002473932e+01 2.294639806424392248e+01 1.794638338474292638e+01 2.794641274391529606e+01 3.290428530107912763e+01 4.290532040589996399e+01 3.944078119963513984e+01 3.004539947208222728e+01 1.999623048838094874e+01 3.001481628839587046e+01 3.295525101244322741e+01 3.716753860937863152e+01 3.497098595564845169e+01 2.496686493644926585e+01 2.864382427392176567e+01 2.618391047192839238e+01 1.614270234892665457e+01 2.618385975676510924e+01 3.275128738494353797e+01 3.852603594226150108e+01 4.065616341761845831e+01 3.040264255573149299e+01 2.999318633990490923e+01 1.986303483422968341e+01 2.999318647090133538e+01 3.757458831843794655e+01 3.050342686198185049e+01 2.062873411658585709e+01 3.055066948951812122e+01
1.299999999999999940e-02 7.084067811865462083e+00 1.708406781186539192e+01 1.944207368012824588e+01 2.358251074250849300e+01 2.305739201654602510e+01 2.001857548773924833e+01 1.924557912578881869e+01 1.924559019656324566e+01 2.924391409810138853e+01 2.501744094581819411e+01 2.501744094581819411e+01 3.501757618268959504e+01 4.083295222524711221e+01 3.109003219446767119e+01 2.534480688514213753e+01 1.820556978643696056e+01 2.586125869723501225e+01 2.293318328375735504e+01 3.298563551265038996e+01 3.571709419613527814e+01 2.571397994181197078e+01 1.859919336465972250e+01 2.390873984521878981e+01 1.442858626538770928e+01 1.856864039993356386e+01 2.438041393648264687e+01 3.438458977517328208e+01 3.953743425645192389e+01 2.927980963116166890e+01 2.207068763247842824e+01 1.799491276935827599e+01 2.743140918567979369e+01 3.341740375498821436e+01 2.426229378216759613e+01 1.889439846953342439e+01 2.577227576488184368e+01
1.290000000000000001e-02 1.001289999999996283e+01 1.595168863742163623e+01 2.083700770571693894e+01 2.462218434477192730e+01 2.834514432120431593e+01 3.000423549649688226e+01 2.924391134893421196e+01 2.924449067562753868e+01 3.338853832605479965e+01 3.501757618268959504e+01 3.501757618268959504e+01 3.916108659178253504e+01 3.541075241238982585e+01 3.009113887975149382e+01 2.151858223050252050e+01 2.368822189742219209e+01 1.578530149969095930e+01 2.293134685637195602e+01 3.293469556947020038e+01 3.615281804356662576e+01 2.613975135594612098e+01 1.899515275075394527e+01 1.374541591083345615e+01 1.276510292062590857e+01 2.297284335399920252e+01 3.275082948886257128e+01 3.248439802980033875e+01 3.655306798747962205e+01 3.370943405277507310e+01 2.342968847928242582e+01 1.612791837349065815e+01 2.354740366086319625e+01 3.395719579531910881e+01 2.709054943792295234e+01 1.729245639108123811e+01 2.508842260839669080e+01
1.349999999999999985e-02 1.809553020267748780e+00 1.025421528353662914e+01 9.646153927541421425e+00 1.696988876519744238e+01 1.838177859779851886e+01 2.505808533589697618e+01 2.919723025086194923e+01 3.419080328509716793e+01 4.101433217135639353e+01 3.722528505587953873e+01 3.609199807285486372e+01 3.979281734768230905e+01 3.018852570973784921e+01 1.921821591132276197e+01 2.180832752842319167e+01 1.356139110416212468e+01 2.368663565429477202e+01 2.859396063115753961e+01 3.269528541376339348e+01 3.464248199278073770e+01 2.461425853908681560e+01 2.084438185368401975e+01 1.047690033596058790e+01 2.084438238152823430e+01 2.712531404395133094e+01 3.100050481291865623e+01 2.295359022242790203e+01 3.100089782481003553e+01 3.216736888317008436e+01 2.185998066273840124e+01 1.454599663741837112e+01 2.487894670084866178e+01 3.238349200900238145e+01 2.666598674249856771e+01 2.221344498850532645e+01 1.504813187847083000e+01
1.379999999999999977e-02 1.001379999999996251e+01 4.486375367044121987e+00 6.595491252695775408e+00 8.922321337389762519e+00 1.140370823322319360e+01 1.511507547917175032e+01 2.006684586566511896e+01 3.004932480612878720e+01 3.722528505587953873e+01 2.872965799103371864e+01 2.783097228575370252e+01 3.487199508119505964e+01 3.391986061160605459e+01 2.191336069592890823e+01 1.204693743181215382e+01 1.204693743181215382e+01 2.038113947272760385e+01 1.853607424248146174e+01 2.651936142367491200e+01 3.056527726739392392e+01 2.461425853911714157e+01 1.443581024602878315e+01 9.339692015109829271e+00 1.953689991722774977e+01 2.447335155525162520e+01 2.196362021296347322e+01 1.747592605398759602e+01 2.696248320969989365e+01 3.008620251557873004e+01 2.320949326400078050e+01 1.316289173117703726e+01 2.330226522430062630e+01 2.236112746240758042e+01 2.237006867423033185e+01 1.293078423995769910e+01 1.345242200172813263e+01
1.290000000000000001e-02 1.001289999999996283e+01 1.451617190409847247e+01 1.235390106385206010e+01 1.882591269965135439e+01 1.838177859779858636e+01 1.838177859779858991e+01 2.834514432301992315e+01 3.419080328509716793e+01 3.486591884448664302e+01 3.101618544365030061e+01 2.294106020311625826e+01 2.740688473327436725e+01 2.942401798881005703e+01 2.753349534688750211e+01 2.224574383873921946e+01 2.018843399768358537e+01 1.018064950247174139e+01 1.862298186734880190e+01 1.668671822725324816e+01 2.463495475552094760e+01 2.120863108490404514e+01 1.702932685886693065e+01 8.445262744313673409e+00 1.761337314922709396e+01 1.495296184733884282e+01 1.232479678185923966e+01 2.158449136405807067e+01 2.760973066907192575e+01 2.408092709343970483e+01 1.726052308338659458e+01 1.185086723911768836e+01 2.025431658023459747e+01 2.167757914694680110e+01 1.217517112373249333e+01 2.236425383208922923e+01 2.005742656811310454e+01
1.359999999999999924e-02 1.001359999999996298e+01 1.793528035382331964e+01 2.231705341179148050e+01 2.645599888485003959e+01 2.834514432301992315e+01 2.834514432301992315e+01 3.248545355775559074e+01 3.345182195932893165e+01 3.113659951291971595e+01 2.204570747960367072e+01 2.415996398390382538e+01 1.881854801716060166e+01 2.641553955935765075e+01 3.252574911803442603e+01 2.921467930731039431e+01 2.451487395164686944e+01 1.862299344868841189e+01 8.597734914423410757e+00 1.696350918237613925e+01 1.564055103341599029e+01 1.653405812048069379e+01 7.093243148640059559e+00 7.448954731230018389e+00 7.823633630915637127e+00 8.175043514369917830e+00 1.421179203243990585e+01 1.567599019719133047e+01 1.931936822427053357e+01 1.939366062829202875e+01 9.937500961434395208e+00 1.037785353309765846e+01 1.084966852221237055e+01 1.140354454129604456e+01 2.141234101525296296e+01 2.041369229562281262e+01 2.894157005975769437e+01
1.349999999999999985e-02 3.793144730092274486e+00 8.793144730092290473e+00 1.586421254195778907e+01 2.586421254195785480e+01 2.543581231169833501e+01 2.852563408133478617e+01 3.067350742147732490e+01 2.388308278626120540e+01 3.064341162851634692e+01 2.415996418987847250e+01 1.514202057549728231e+01 2.164940906210733118e+01 2.562397436608149803e+01 2.814051529325996270e+01 1.830303762344229312e+01 2.070738570815110791e+01 1.963767886985985101e+01 1.570956517089571847e+01 7.185366508198394619e+00 1.523217777140931162e+01 6.596208230728954014e+00 1.653211278952023733e+01 1.198214507457242206e+01 1.408402684990060472e+01 1.570310907828306313e+01 8.606754792093518347e+00 8.868127371961794125e+00 9.103557578908642256e+00 9.382736880296651094e+00 1.930243913667792910e+01 2.074289920320496705e+01 1.895582676887901741e+01 1.084966852221237055e+01 2.185555346271364741e+01 3.011800580930932725e+01 3.413490107805652940e+01
1.319999999999999993e-02 1.001319999999996213e+01 1.793528035382331964e+01 2.293528035382333741e+01 2.252777216020833961e+01 1.523182346257049247e+01 1.822050260132812127e+01 2.649479833098358483e+01 1.741984853821478652e+01 2.070768142180132543e+01 2.294922493397447028e+01 1.896067026586932869e+01 1.207057030625724359e+01 2.162858753061266981e+01 2.452663430561507596e+01 1.862525005155642432e+01 1.057517011839663290e+01 1.523960644886863491e+01 5.760414338526990363e+00 6.098548913857571918e+00 6.098548913857571918e+00 1.566447998141075537e+01 1.751620866760277906e+01 2.151216454431902747e+01 2.107512882393413634e+01 1.126936440106141468e+01 1.976285664894327354e+01 1.937337724955333940e+01 1.919202530006947072e+01 1.081550213266335625e+01 1.636582072481030536e+01 2.580756918820806334e+01 2.264788948561009363e+01 1.174641100996240972e+01 2.265092417467535313e+01 2.398707284245275773e+01 3.419981532317009965e+01
1.299999999999999940e-02 5.786502759146997299e+00 1.285758212671010092e+01 2.285879394475231408e+01 1.795406409553556415e+01 7.564684169702978522e+00 1.646048432869399747e+01 1.574058635264782069e+01 1.973193124802778087e+01 1.172261180284630377e+01 1.647334767642657383e+01 9.288075459683865276e+00 1.896067026551240176e+01 2.501354206952931492e+01 1.930269368391629570e+01 1.335921787245155024e+01 1.400574414998684780e+01 5.277602520372721706e+00 1.524212964263614722e+01 9.563111018439935052e+00 1.604252639341960673e+01 9.648729995100040924e+00 1.969571066414206939e+01 2.814226972732591747e+01 2.578241751409630922e+01 1.862448525054686854e+01 1.460230572089792744e+01 2.480932207451389360e+01 2.715473350516466411e+01 1.661779165402679936e+01 2.430035995081211198e+01 2.969549977007842401e+01 2.558658330808261994e+01 1.722331054311462850e+01 1.303515473336682007e+01 2.098328463209466577e+01 3.133517490944865713e+01
1.349999999999999985e-02 8.010049947701157080e+00 1.614075270198098622e+01 1.526723574295586516e+01 1.108999461487609395e+01 3.153399139702328213e+00 9.658728392780599137e+00 6.327536748015408108e+00 1.474902825143570340e+01 1.437736245711449179e+01 6.730342704314148605e+00 1.647327822807428532e+01 2.269136775442365561e+01 1.891423391543515820e+01 1.598182551069251112e+01 9.409227057697682639e+00 4.802644891020918294e+00 1.409475672774803812e+01 1.905874887662469419e+01 1.910319216893299199e+01 2.317797748376413125e+01 1.463945231940103220e+01 1.439022349252328858e+01 2.462659270651024812e+01 3.294794843789215122e+01 2.717759255233851334e+01 1.707458220960359441e+01 2.688951430832766931e+01 3.286015629281143191e+01 2.424555002641828949e+01 3.227831054387740295e+01 2.829383898854202073e+01 2.082698334799513873e+01 1.697479872142812241e+01 1.399358890309142467e+01 2.487134257897634271e+01 2.878751572926098490e+01
1.369999999999999864e-02 9.990443880241269170e+00 5.273577410239224328e+00 1.069494328297643548e+01 1.084653634852243531e+00 1.365481571556605545e+00 2.482232717510338915e+00 4.208789786620236839e+00 1.196400341028322245e+01 4.498627747721121395e+00 1.296779806300267168e+01 1.358017783594166161e+01 1.351034316392025403e+01 1.184369284406323253e+01 4.030880955347708294e+00 4.346653867950387884e+00 1.336398604125917977e+01 1.404239012294176447e+01 2.284574737525586841e+01 2.948458471486277332e+01 2.889892459706488026e+01 2.182655769855297478e+01 2.167221443199985131e+01 2.167221453671520237e+01 3.175909255946871568e+01 3.005277657570920624e+01 2.004602596657356273e+01 2.534780453659596233e+01 3.531921537912253228e+01 3.604781644120259188e+01 3.932053722435622234e+01 3.194890184266737876e+01 2.057850321650627023e+01 1.674353794050507105e+01 2.487134257897657363e+01 1.553285377009368418e+01 1.859688374024045743e+01
