output/example/elevation_000145.asc
nrows	75
cellsize	13.33333333
xllcorner	0
ncols	75
yllcorner	0
NODATA_value	-9999
[rows 34 to 50 of 75, columns 37 to 73 of 75]
2.997045938145621236e+01 3.968834188155162934e+01 4.522032770141103697e+01 3.801372736221383519e+01 2.813922555602545472e+01 3.801372853928253903e+01 4.328745641229630081e+01 3.944269529937613328e+01 3.069958739097779343e+01 3.213457143062653643e+01 2.764854803206608835e+01 1.771248300089028760e+01 2.594187172531724883e+01 1.914703520778838808e+01 2.870840365877322853e+01 3.531884312676234572e+01 3.018626304017062267e+01 1.973577051784454284e+01 1.318446417227901435e+01 1.236776027764614838e+01 9.272461339451343321e+00 2.195949538072831686e+01 2.704429080462094959e+01 2.256911549827604091e+01 1.594008080394719862e+01 2.106218332906319901e+01 1.178103025776094803e+01 2.209039610705510626e+01 1.301797699922929574e+01 2.338085730871272361e+01 2.175625531299163384e+01 3.210100907910305779e+01 3.089221526328999445e+01 2.302455249693409911e+01 3.346165136284041353e+01 2.717350983874362313e+01 3.336507557660883805e+01
3.682509671919895311e+01 4.035433009338105848e+01 3.631163019479712517e+01 3.137460691649338784e+01 2.456811948650066668e+01 3.452163173494648163e+01 3.912792979210242805e+01 4.356264263389844160e+01 3.974507438072705412e+01 3.625549850138698105e+01 2.735075480436870166e+01 2.594187172531778884e+01 1.596336760626111939e+01 1.672331422825016034e+01 2.233031062234636366e+01 3.174814332347742507e+01 3.094800743534190346e+01 2.192970204283564684e+01 1.730458426298850227e+01 8.760026991971859189e+00 1.507053862003013833e+01 1.851946074016336752e+01 1.812700457538427301e+01 1.593813994402750822e+01 1.015774793551235256e+01 1.082040744797427934e+01 2.106575649287825769e+01 2.169957641464242570e+01 2.105207466100712566e+01 1.434891200513416543e+01 2.478616354075687411e+01 2.851031897485037092e+01 2.064729187043833392e+01 3.089221526328999445e+01 2.302455249693409911e+01 3.346165149645737813e+01 4.206796125660539332e+01
3.520774570933483005e+01 3.164200309456797910e+01 2.638492019843626935e+01 2.820650550177204607e+01 2.134584528675310366e+01 2.519133906877833340e+01 3.098017101072409218e+01 4.068099309951838194e+01 4.013526639612008040e+01 3.090259270477430675e+01 2.537329133097745171e+01 2.098779212694299900e+01 2.436181032881734509e+01 1.441441448065291908e+01 2.297509430818041665e+01 2.665576295682630104e+01 3.155775905529426950e+01 2.646912501491049596e+01 1.482575778413755074e+01 8.398500745194725781e+00 1.774074913471225301e+01 7.889014576536681034e+00 8.553318517534886922e+00 9.219625908735240571e+00 1.649834827481629773e+01 1.441242334601147590e+01 1.576225082808200462e+01 2.501443893577348021e+01 2.186238697499212691e+01 1.562755543679971915e+01 1.667761305774513403e+01 1.832718206032336283e+01 2.851031897501190926e+01 3.520174703451067444e+01 3.346165149645737102e+01 2.852811776684906775e+01 3.608122262348989295e+01
2.220282429918725242e+01 2.120221249548309927e+01 2.544080846818259900e+01 1.809224841594327415e+01 2.820650550177199634e+01 3.511473641130774581e+01 3.912792979210242805e+01 4.460225429682100184e+01 4.399847044080612335e+01 3.885843833415860615e+01 3.421728879859149686e+01 3.059364301648552242e+01 2.850411252965111686e+01 2.297507186433862714e+01 1.313212120796029225e+01 2.167068236298561246e+01 2.165946139525254921e+01 3.060814032497545512e+01 2.254321454773303657e+01 1.778968720121311975e+01 7.889014576536681034e+00 1.586898313064637378e+01 1.794302785937470901e+01 1.648166255763146637e+01 2.296449643551740394e+01 1.837464112469100286e+01 2.626249794238273694e+01 2.727124459295114178e+01 2.205344017702248749e+01 1.694949139384700842e+01 2.655048004691250796e+01 2.850519271980845915e+01 2.884739847457878170e+01 3.867519114402617930e+01 4.338287315865196803e+01 3.912698357303063545e+01 3.912698357303063545e+01
1.167131951274431501e+01 2.214372502009192800e+01 1.527836382426769823e+01 2.544080850826486540e+01 3.208666039966709604e+01 3.546354591309486182e+01 3.903581093885208020e+01 4.295473181756243264e+01 4.861943199971841523e+01 4.421089155163026874e+01 3.435492473877079789e+01 2.734361021127816116e+01 2.240515984384020953e+01 1.834717754302926096e+01 2.166522786733398931e+01 1.194087126386284758e+01 1.837553134741860816e+01 2.769277385139072933e+01 2.786693652805680088e+01 1.778436967659393630e+01 1.733980634739149451e+01 7.410934220955400775e+00 1.734217729290895349e+01 2.255989977447028849e+01 3.008012508661890649e+01 2.404856145267923395e+01 3.194696007897648826e+01 3.209736838571616602e+01 2.531065579466109128e+01 2.207275904603876171e+01 1.882889947768823546e+01 2.818097009278420373e+01 2.191721516970407180e+01 3.158893534711361184e+01 3.533360958402771956e+01 4.381007370669077972e+01 4.574126586993590848e+01
1.167131951274431501e+01 1.302352072907608260e+01 2.322605867741809504e+01 1.965078311094013230e+01 2.283956917727401148e+01 2.610722678424313514e+01 3.042196345415626624e+01 3.631061969430027858e+01 4.279697195788985908e+01 3.878952945384465067e+01 4.129035097808964139e+01 3.635943617010364193e+01 2.777437459947523024e+01 1.790057563574605837e+01 1.421541753261390539e+01 1.110443644656489148e+01 1.959257758232443081e+01 2.335713240948701497e+01 2.873215737267926784e+01 2.161579091679116615e+01 1.396029917433457790e+01 7.410934220955400775e+00 7.410934220955400775e+00 1.867417210149790563e+01 2.516403422608302520e+01 3.362768724414666366e+01 3.750821465098571394e+01 3.780482805371116939e+01 3.316567141831408350e+01 2.553900731505729382e+01 2.818097009195697922e+01 2.064627530556883883e+01 2.064627530556883883e+01 2.245158168651625630e+01 2.345592410103498082e+01 3.429154742407337864e+01 3.565859155236184819e+01
1.996051637465689055e+01 2.310634215960167026e+01 1.761359727412555998e+01 2.125230372866499451e+01 3.125330313523728876e+01 3.546354591309486182e+01 3.903581093885208730e+01 4.115437317698123820e+01 3.631170907124768377e+01 2.759215237974188639e+01 3.631170906990248426e+01 3.472662086482860389e+01 2.489471480438132645e+01 2.777430792877613186e+01 2.404232372057854406e+01 1.467555952345747627e+01 9.905292639075419459e+00 1.552615097975161440e+01 2.224610014869205088e+01 2.049878524625139775e+01 1.002716904261651720e+01 7.087891609300050355e+00 1.704026484859574353e+01 1.124410795645164818e+01 2.096554139434570274e+01 2.766299696336866987e+01 3.262795578203683533e+01 3.686732206765216802e+01 3.814975765599537283e+01 3.415038432123942158e+01 2.886304065276105035e+01 2.989574031750428063e+01 2.064627530556883883e+01 2.989574045083717024e+01 2.514585705914574731e+01 2.861322290537976443e+01 3.861173848748384785e+01
1.815945699702627181e+01 2.809470306218606694e+01 2.771582784548359157e+01 3.125146828140141864e+01 2.765619239048990252e+01 3.463510659096403543e+01 4.421953361548953865e+01 3.707481715761853991e+01 2.606646375923073577e+01 2.130105301139461815e+01 3.181461899734706122e+01 3.872167497323388829e+01 3.472659871369096152e+01 3.263369049841990943e+01 2.268336280835438501e+01 2.370490769698768929e+01 1.555201554389088514e+01 8.625071666524751990e+00 1.728657822577907410e+01 1.706225207870853211e+01 1.321015123878712139e+01 6.794573345335956027e+00 1.804635000045249527e+01 2.096554139072003764e+01 1.352954473107355504e+01 2.344431035992665002e+01 2.244467951470838685e+01 2.962760998204595353e+01 3.987143130418397163e+01 4.209211139885815101e+01 3.585137027588717018e+01 2.473429692413120762e+01 2.271013105422747458e+01 3.188503868049865275e+01 3.459036822514166687e+01 2.874539564964930349e+01 3.436795420829882630e+01
2.814822693148618882e+01 2.883173602404604807e+01 2.471203338321030074e+01 2.884709444930103217e+01 3.744266506088758462e+01 4.142187739242814359e+01 3.953857773764382699e+01 3.358453860478917363e+01 2.767772771018104550e+01 1.741368814226508377e+01 2.767772771018110234e+01 3.157117908183733590e+01 2.902944948511288814e+01 3.325028573578201474e+01 3.263371053070131467e+01 2.955620773845549465e+01 2.242317807447242473e+01 1.695042198992895166e+01 7.355903634545340353e+00 1.494614811523603137e+01 1.157351866122075457e+01 6.505740022829831659e+00 2.064280384860997586e+01 2.766298759546328156e+01 2.344431035992658607e+01 1.610878379256373449e+01 2.618748637253771960e+01 3.264042340509137574e+01 3.605373368272213241e+01 4.030003094479101833e+01 3.899600406666944252e+01 3.013187546868798705e+01 2.475661828895725947e+01 3.402939958332203929e+01 4.200700492923179752e+01 3.567400574485204601e+01 3.436795420829883341e+01
2.806248061366171598e+01 2.471203328020100543e+01 1.466995138596049308e+01 2.471203334845781185e+01 3.273061377436667385e+01 3.795346899799714180e+01 3.526873425346686020e+01 2.498969790632916954e+01 1.912872582492188300e+01 1.461356965061012048e+01 2.142664140311137899e+01 2.142661448439260141e+01 1.895835187820653189e+01 2.741416525092454037e+01 3.030456013561101969e+01 2.630591626049832499e+01 2.417688943174246674e+01 2.003152290072535280e+01 1.558818996027198089e+01 6.291833594595929391e+00 6.035802102280876547e+00 1.637580985187608107e+01 2.246998910271232930e+01 2.961058122745406251e+01 3.041732023494227377e+01 2.618748637253771960e+01 1.942234599872528023e+01 2.245810272916843076e+01 2.581380296361834326e+01 3.605373368272194057e+01 4.387239342782893914e+01 3.815825567199703272e+01 3.402940408618278667e+01 2.812724075745001784e+01 3.783846817737661894e+01 4.574187341707730070e+01 4.017677408831056596e+01
1.869184559438606286e+01 2.082106706435433807e+01 1.466995138596049308e+01 1.866719341217896755e+01 2.442553076197429363e+01 3.396248919460168736e+01 3.765116035017702956e+01 2.739427838219164357e+01 2.019903162513281103e+01 1.515244788103847107e+01 1.131773188431994370e+01 1.879416275962761773e+01 1.320574098271934282e+01 2.293912494065411778e+01 2.630433035358486649e+01 1.707054037325513107e+01 1.832303865076046279e+01 1.210149538851726980e+01 5.742064776495580780e+00 5.618770136328509857e+00 1.562113743805630861e+01 8.868309266030873772e+00 1.479763970705735865e+01 2.527433269676186001e+01 3.421217657303228776e+01 3.380963971797411460e+01 2.657504154191504497e+01 2.769270081914040915e+01 3.605373343893327132e+01 3.304236018583488743e+01 4.332383242027825077e+01 4.493810265309625152e+01 3.489770328965339985e+01 3.282852669071468910e+01 3.783846817739172508e+01 4.789368612688286930e+01 5.025199878322012381e+01
8.674588911789005152e+00 1.077873311397473799e+01 1.077873311397473799e+01 2.667162316886173201e+01 3.273061377436667385e+01 3.692456656047273356e+01 3.283418790669653475e+01 3.462911360779041559e+01 2.952956838588674771e+01 2.528166314966355799e+01 1.879416282815569517e+01 8.717256798645733440e+00 8.717256798645733440e+00 1.879416282817706119e+01 2.655494227973611743e+01 1.975326891941158536e+01 1.024188826495941029e+01 1.264802614321544816e+01 5.238573753783581921e+00 1.516101948410025102e+01 1.939785043516180707e+01 1.922561112397763949e+01 1.201780947555318413e+01 1.935615628514802111e+01 2.877224262912518427e+01 3.309866128456998524e+01 3.681934677329184780e+01 3.792490850223626353e+01 4.216613655794168380e+01 4.332383242027825077e+01 4.755770170374714922e+01 4.911885248773072021e+01 4.493810265309187457e+01 3.989313749775629958e+01 4.702885050695853408e+01 4.962787765343408353e+01 4.962787765343796309e+01
1.581502772789923661e+01 1.655293233857095458e+01 2.488386475623430272e+01 3.111857133048757618e+01 3.901633636273482608e+01 3.046806900683690245e+01 2.193795542702246593e+01 2.725983547158982034e+01 3.149024411825071113e+01 2.562133636397512859e+01 1.596604496327307920e+01 8.717256798645733440e+00 1.667762066610174543e+01 2.082301170486265818e+01 2.131449073075707545e+01 1.389171525670260365e+01 1.393902072537696668e+01 4.833245774404331563e+00 9.065901096373860213e+00 7.960457158361664121e+00 1.012433312940369667e+01 2.008306507982284117e+01 2.244256674668806895e+01 1.554248769469815450e+01 1.820669103769661490e+01 2.877222477337598860e+01 3.185409530957367608e+01 3.929419448854270058e+01 4.954821484666396003e+01 4.743277808798699624e+01 4.343994187404874197e+01 4.471161566408110133e+01 4.869222169930880284e+01 4.998306780834602847e+01 4.655635166851924112e+01 3.936230663643497252e+01 3.936230663643497252e+01
1.998481160418835856e+01 2.666562519946346299e+01 3.084861427214041996e+01 2.874966655906160540e+01 2.876707158028363764e+01 2.562488373824884746e+01 1.582985591337264708e+01 1.712309159906152800e+01 2.562488239436114767e+01 2.516256323420727625e+01 1.613074197634968954e+01 1.667762066610174543e+01 6.788345165547570836e+00 1.468633183315168900e+01 1.301758798798612382e+01 1.400882750240441865e+01 4.415445652979444802e+00 1.440544137068486030e+01 1.406347596358675389e+01 1.753339477525150158e+01 2.005430277212843393e+01 1.421653016223512900e+01 2.413039034806505256e+01 2.604444708500230377e+01 2.567608214273138145e+01 2.316240759702271745e+01 3.070349089813978694e+01 4.119741707619446913e+01 4.535585425683107985e+01 4.128486223534593336e+01 3.309530214962968842e+01 3.446683437738016664e+01 4.471161566406615862e+01 4.475946543448436898e+01 4.236902277456305654e+01 3.166103403750982537e+01 3.879969319554547269e+01
2.580281843380115703e+01 2.670113253701109812e+01 2.247782571374327176e+01 1.819671915526801342e+01 2.876707161521495593e+01 2.140738382512601490e+01 1.136759503767729562e+01 1.136759503767729562e+01 1.770184219092937283e+01 2.120519064698585865e+01 1.725224097473072504e+01 1.635922153287046754e+01 1.343094936638537717e+01 5.036321996459570904e+00 1.245684645801733126e+01 3.977881471538446512e+00 1.390034930732811347e+01 4.415445652979444802e+00 8.554714819118249380e+00 1.942871161272112346e+01 2.841459814692054309e+01 2.413039034806505256e+01 1.908974925470755224e+01 2.917103152112217401e+01 3.624697714152101469e+01 3.070330642152013212e+01 3.806063952659788896e+01 3.981756387369399874e+01 4.128821329860827660e+01 3.078920506873000207e+01 2.666612484557043672e+01 3.746746134448572718e+01 4.156350194040436463e+01 3.419307466236954696e+01 3.493639108193498544e+01 2.787262476947955392e+01 3.573189191745756688e+01
2.198876687198612245e+01 1.776577605440746055e+01 1.212614651823231249e+01 2.247782571374327176e+01 3.218642869834592801e+01 2.552709608527976570e+01 2.140738382260381556e+01 1.770184144264230497e+01 7.933572936260694597e+00 1.448917699029270167e+01 1.565654282678802467e+01 9.398260927683949717e+00 3.135547752221841122e+00 1.149137564067500250e+01 3.547909088273717870e+00 1.356451468788679549e+01 1.640277265975930376e+01 1.500044248250893553e+01 1.499030192132913797e+01 1.609225988908033855e+01 2.748990901410401477e+01 3.351596295669120451e+01 2.917103152112217401e+01 2.608514112608843405e+01 3.662103039549505468e+01 4.118706432432873044e+01 3.631850124722201656e+01 2.801610677074786082e+01 3.608764606458757385e+01 3.373255196311261273e+01 2.295095941794498984e+01 2.994625474031521151e+01 3.438534928977250615e+01 2.632531447502969257e+01 2.387093268826010117e+01 3.493639107027429702e+01 3.879969294381517386e+01
1.387274404672274386e+01 7.595751901970164255e+00 1.776477468857138220e+01 2.306465113379367793e+01 2.316819062101563986e+01 2.248552883513380962e+01 2.175049652890640672e+01 1.650149085543902672e+01 1.301766483634991012e+01 4.974949759926387216e+00 1.152180635495996519e+01 2.813747575078603180e+00 1.123823462592916655e+01 3.135547752221841122e+00 1.183969861046078442e+01 1.411834144785564860e+01 1.936230687464789924e+01 2.392618923246532248e+01 2.616846346201981177e+01 2.748990901410401477e+01 3.206473154709085804e+01 3.267268632823604690e+01 3.676342702083024250e+01 3.662103040373742147e+01 4.094679415901185848e+01 4.108188131825982481e+01 3.147267352831863718e+01 2.013330629997521015e+01 2.489630779971479768e+01 2.915372482599764936e+01 2.617424190768414860e+01 1.903672368940593174e+01 2.904138467353372377e+01 2.075735375554357276e+01 3.180660675604258358e+01 3.038091611967079331e+01 3.812650599085158376e+01
