output/example/elevation_000083.asc
nrows	75
cellsize	13.33333333
xllcorner	0
ncols	75
yllcorner	0
NODATA_value	-9999
[rows 34 to 50 of 75, columns 0 to 36 of 75]
4.159999999999999636e-03 1.000414053449917873e+01 1.822346444247473585e+01 1.189808492240847038e+01 1.186010961101279371e+01 1.185035613435553437e+01 1.719256609692340731e+01 1.580119169874062734e+01 2.002525379040141473e+01 1.301908633303625606e+01 1.462042989458191400e+01 1.659503271352347653e+01 1.937029206861329911e+01 2.264163989692637458e+01 2.968979268152208206e+01 3.964910711962747314e+01 3.362425544637873287e+01 2.383925403849624658e+01 1.831304928641641538e+01 2.473118962559981782e+01 1.855428042173362257e+01 2.536610409624134732e+01 3.517771757614623596e+01 4.152262696492916660e+01 3.864454576834434363e+01 2.865671097021015257e+01 2.379644834447466906e+01 2.870451024587785582e+01 2.426117544674543325e+01 1.443415428713189996e+01 2.280629316308889543e+01 2.692995167305905824e+01 3.075373046819663259e+01 2.464037666388145809e+01 1.530515465352409521e+01 2.504723156369278314e+01 3.155907977058630465e+01
3.329999999999999627e-04 1.000033299999996217e+01 1.199521922865315382e+01 3.883251619427072310e+00 5.096000868279356055e+00 6.346057585621069030e+00 7.802132512032317280e+00 9.276740898595376095e+00 1.078315728674619045e+01 2.002483803316054178e+01 2.403344169005727693e+01 1.705706927688520835e+01 2.863085623550799852e+01 2.886908616277332484e+01 3.672649420593734959e+01 3.821056689194292488e+01 3.377487199363267223e+01 3.210051567868075750e+01 2.473118962559420098e+01 1.504096605971761669e+01 2.394695829904792816e+01 3.132156489292330193e+01 3.387011467620666849e+01 3.797665944382469405e+01 4.279691272887318831e+01 3.779759645554461400e+01 3.365062836927833700e+01 3.044130164480334955e+01 2.628101042083101291e+01 2.279402592292660756e+01 1.313056864354992292e+01 2.167874098041191644e+01 2.350327397655137318e+01 1.770651016001958666e+01 1.351923182523458067e+01 2.323706446636659706e+01 3.194788665188804799e+01
1.129999999999999928e-03 1.105445260748465053e+00 2.216556371859576213e+00 7.124276594453984757e+00 1.494183367234122528e+01 1.582149268626883831e+01 1.002571289795410259e+01 1.847986739703265613e+01 2.002655075901679282e+01 1.722846688999171505e+01 2.678204780179727251e+01 3.111051786238583716e+01 3.536673762713443381e+01 3.879790757744202523e+01 3.821056731856055677e+01 3.210879324271377300e+01 2.326433494068437113e+01 3.000202652758907007e+01 2.030081382456516437e+01 1.342774812507290960e+01 1.974557072828153181e+01 2.587377617236988314e+01 2.433600439110463398e+01 3.205084507216885470e+01 3.614809407133192565e+01 4.101808469978021776e+01 3.206454402337921294e+01 2.214664243009319122e+01 1.676485606084096958e+01 1.407824588439100211e+01 1.232863121298329467e+01 1.364713339628894317e+01 1.126830806421272158e+01 1.126830806421272158e+01 2.056552000009606118e+01 2.725200537752700569e+01 2.207292608646877952e+01
3.329999999999999627e-04 1.000033299998561809e+01 1.221675436139694426e+01 1.191978483479342721e+01 1.446695145628470058e+01 2.245315995904729434e+01 1.502930777795735118e+01 1.462251246338047217e+01 2.439399079309224305e+01 2.678241497262724025e+01 3.087456538913837178e+01 3.323128516456547032e+01 3.731668746748228216e+01 3.508906060090913570e+01 3.377487199408988516e+01 2.326433494068437113e+01 1.753698975981773955e+01 2.261080205793837550e+01 2.000876853923363186e+01 1.189021326985226779e+01 1.417319454998024320e+01 1.657423532578596337e+01 1.951505152161928081e+01 2.266365663241158401e+01 2.724367110900681155e+01 3.685801903533090496e+01 3.626587002253985048e+01 2.633844087766004805e+01 2.114591692035096671e+01 2.293588898155664069e+01 2.067601928801997602e+01 1.126830806421272158e+01 1.126830806421272158e+01 1.955315552570379722e+01 2.361867407406110075e+01 2.209964670903330841e+01 1.652116602932338552e+01
4.329999999999999539e-04 7.071532790185445450e+00 1.707364786239612897e+01 2.116480798025807886e+01 2.307276329418534289e+01 2.681462942711965880e+01 2.185882423738078018e+01 2.010641461889941439e+01 2.439399592852612741e+01 3.451260341231739659e+01 3.158398081401966095e+01 2.327448497030939123e+01 3.158397967110780513e+01 2.511948333946060075e+01 3.217264411011513658e+01 2.854619260829722549e+01 1.830463913037762680e+01 1.261744960429944129e+01 1.009621103057700076e+01 1.859161600251595914e+01 2.308288495513050265e+01 2.608430850926015410e+01 2.892178225891642640e+01 3.205084507216885470e+01 3.614809407133192565e+01 4.101808469981541094e+01 4.055277295887984224e+01 3.505279448547024401e+01 3.090035148782450847e+01 2.630886968851251950e+01 1.650231516309415980e+01 1.126830806421272158e+01 1.955315548976641438e+01 1.032807726561144435e+01 1.851952607315796939e+01 1.262754079867170809e+01 2.209964670903323025e+01
5.329999999999999452e-04 1.000053299999996348e+01 1.544415289320929574e+01 1.893776549854001701e+01 2.317287389948302234e+01 2.822270702791534447e+01 3.199779511206671856e+01 3.025094091826750642e+01 3.441349448773821962e+01 2.939251707079082365e+01 2.525770942393093677e+01 1.750420008100412161e+01 2.172708278938260307e+01 1.805492454649147049e+01 2.803851838687391407e+01 3.295509521178450285e+01 2.695687034424609507e+01 2.002273020368232892e+01 8.855871645485429156e+00 1.424906183094693013e+01 1.993176382286943848e+01 2.716510816265722283e+01 3.400317879980175206e+01 3.069349626956443799e+01 3.486136787678920257e+01 3.517633688231004641e+01 3.934606527462005232e+01 4.447609456411038309e+01 4.033744991326079088e+01 3.061451733631288974e+01 2.485323466135792359e+01 2.063911898837114123e+01 2.238772796826928868e+01 1.851951553251355520e+01 9.351874269291899466e+00 1.851952677241974143e+01 2.538655901779208079e+01
3.709999999999999756e-03 2.676322417958468147e+00 5.449823364440901763e+00 8.985621253816916010e+00 1.399169109183609550e+01 2.405055303070270512e+01 2.960735185493681243e+01 2.546235781827675382e+01 2.960735185493681243e+01 2.525770942393093677e+01 1.526616568424632270e+01 1.818651427682517152e+01 1.173121953830680830e+01 1.750396825511949572e+01 2.743247666954007258e+01 2.974202080797060432e+01 2.554763444550277285e+01 2.360951030612563173e+01 1.639874321539415902e+01 7.294077769379833320e+00 1.306560532541896080e+01 2.304652392012565798e+01 2.396682111151910988e+01 2.067614132880500577e+01 2.807174333646518249e+01 2.512892471249102755e+01 3.517633682858169664e+01 4.033744991326078377e+01 3.019338952800583442e+01 3.316451603022055394e+01 3.115463814449833890e+01 2.117798837573813131e+01 1.447392541084344941e+01 9.351874269291899466e+00 9.351874269291899466e+00 1.757223091484287636e+01 1.577510299321000353e+01
6.660000000000000121e-03 1.000665999999996281e+01 1.544713039532033605e+01 1.544713039532033605e+01 2.319128309212646855e+01 2.822270702791378838e+01 2.460597866214072127e+01 1.546133225545803391e+01 2.374983094691958385e+01 2.786895839947013442e+01 1.819262050391997576e+01 8.195689181957641622e+00 1.526583757148084075e+01 2.523823228698347876e+01 3.151545457939646866e+01 2.554763560068596462e+01 1.551070661768510384e+01 1.844509120930624846e+01 1.623036909494814140e+01 6.234064287828013917e+00 1.623435493197673907e+01 1.915366640670768206e+01 1.690842293149843556e+01 1.492090877566813489e+01 1.807334964491284879e+01 2.382820593297955369e+01 3.386852339729410488e+01 3.959877464893369847e+01 3.316451603022051131e+01 2.288592511414696062e+01 3.316451603022044026e+01 2.640220218982289779e+01 1.674793392206310472e+01 1.851952454615906873e+01 1.757223091489327160e+01 8.400740572924371818e+00 1.664922548762163856e+01
1.030000000000000013e-02 5.783802691896245740e+00 1.578380269189620932e+01 2.543645978297926291e+01 2.456516240876483792e+01 2.042302012477201245e+01 2.046184503686739831e+01 1.046132643770207871e+01 1.375269407954748502e+01 2.374799053753329048e+01 1.619050614027389656e+01 6.195690083509362012e+00 1.619297857900962256e+01 1.930241859596479870e+01 2.928899274343447701e+01 2.553070200291198688e+01 1.551013654626214411e+01 8.446065494081848257e+00 1.372953122144815197e+01 5.191487154920091385e+00 1.519048659590566785e+01 9.061344982057725872e+00 1.114633172238741388e+01 1.690845721211590558e+01 2.690729196039457349e+01 3.223746995211531186e+01 3.803899320343170132e+01 3.543920517190445452e+01 2.520500225469341160e+01 1.917336918317659311e+01 2.530221038944240775e+01 2.952255777564516137e+01 2.640220158607918322e+01 1.841002325946410423e+01 1.111224165075995884e+01 1.665037421597963530e+01 7.449620958883747868e+00
1.349999999999999985e-02 1.001349999999996321e+01 1.992593831562709639e+01 1.724844593808384019e+01 1.879165267624560443e+01 1.042300953910008410e+01 1.668226546204541094e+01 6.681682327300365820e+00 1.275951407638185309e+01 1.598351933824752003e+01 1.184342415218626421e+01 4.305868176015970050e+00 9.305851349935002403e+00 1.930242299555195729e+01 2.479852177060352858e+01 2.755683935454962352e+01 2.261033139993582353e+01 1.373013362233505674e+01 3.732834948551798870e+00 1.373012274165220248e+01 6.232874577092657908e+00 1.604863262620714792e+01 2.106290072417519355e+01 2.528869623783154807e+01 3.107020404109150036e+01 3.126716343074907911e+01 3.544250883377758043e+01 3.835574493347853320e+01 2.814699007971578482e+01 2.080598610220794598e+01 1.488285439196709170e+01 2.530220374126524518e+01 3.198605544738106232e+01 2.279545279612881359e+01 1.574362655786013221e+01 1.831755800662018174e+01 6.801496908356550186e+00
1.339999999999999872e-02 1.001339999999996344e+01 1.017737291787120490e+01 7.248438760930458358e+00 1.017737318453787232e+01 4.649506740953104789e+00 1.017737345120453973e+01 1.017737358453787166e+01 2.759360455081614649e+00 1.017737385120453908e+01 1.844038584447241558e+00 1.018469533691345141e+01 1.066860174393969274e+01 1.562974182210271046e+01 1.555590662401087165e+01 1.826267235440236192e+01 2.262147626718399351e+01 1.669738279608324660e+01 1.254682426855464072e+01 3.732834948551798870e+00 1.373012464812775590e+01 1.254502870264557224e+01 1.953996013521230779e+01 2.918703941827938309e+01 2.964013377600480936e+01 2.122965064530715651e+01 2.808293004706800033e+01 3.225358879456860706e+01 2.986347070634061751e+01 2.270495103346123145e+01 1.227517593166723486e+01 1.738867109862167126e+01 2.468731116880735144e+01 2.589601065552457015e+01 2.611910201622945848e+01 2.116594074788084612e+01 1.375584683935270647e+01
1.369999999999999864e-02 1.773707245688775080e-01 1.773707245688775080e-01 1.773707245688775080e-01 1.773707245688775080e-01 1.773707245688775080e-01 1.773707245688775080e-01 1.773707245688775080e-01 1.773707245688775080e-01 1.773707245688775080e-01 1.773707245688775080e-01 1.773707245688775080e-01 1.773707245688775080e-01 1.040947020527399935e+01 8.796297078223751953e+00 1.777656190565195615e+01 1.552694326060831820e+01 8.455627708918628471e+00 2.550210161143334542e+00 1.254681662367935324e+01 1.368817028211571163e+01 2.242409260767736967e+01 2.651111455434589104e+01 2.709709693713239886e+01 2.515986166814291991e+01 1.547226937893958443e+01 1.806613454196850199e+01 2.808293004706800033e+01 2.563346712553757101e+01 1.522450361648659545e+01 1.001284532896264601e+01 1.001284532896264601e+01 1.778838319841157301e+01 1.579563176000744384e+01 2.589600921384592169e+01 2.467500832955621348e+01 1.514245563085488833e+01
1.290000000000000001e-02 1.001289999999996283e+01 1.773707245688775080e-01 1.773707245688775080e-01 1.773707245688775080e-01 1.773707245688775080e-01 1.773707245688775080e-01 1.773707245688775080e-01 1.773707245688775080e-01 1.773707245688775080e-01 1.773707245688775080e-01 1.773707245688775080e-01 3.438077242268651745e-01 9.857882971274074535e+00 4.357103373529695567e+00 1.042232004808788126e+01 1.057494187624327076e+01 1.387733780055143029e+00 1.138379551686788460e+01 1.669738176490017167e+01 2.354029042207068656e+01 2.145108519723014240e+01 2.563595564440510444e+01 1.708169046706607830e+01 1.708169046706607830e+01 1.101025323415737311e+01 1.806613454196850199e+01 2.808293004706785823e+01 2.986347071135734055e+01 2.468781425588290901e+01 2.034002236497019211e+01 1.608986293520388244e+01 7.408147679512567585e+00 1.778839268574804677e+01 2.337196241750870485e+01 1.954250048430190390e+01 2.275815982738961551e+01
1.349999999999999985e-02 1.001349999999996321e+01 7.248438627597124650e+00 1.017737305120453861e+01 1.017737318453787232e+01 2.849983560373323677e+00 1.017737345120453973e+01 3.712905126692522373e+00 1.017737371787120537e+01 5.310229897007594957e+00 1.017737398453787279e+01 9.967777653320036180e+00 9.571147496511361652e+00 5.792811632907578501e-01 5.792811632907578501e-01 5.792811632907578501e-01 5.792811632907578501e-01 5.792811632907578501e-01 1.057501611242638795e+01 1.472305459642168302e+01 1.436018339250030884e+01 1.142630007987128771e+01 2.144954284244292353e+01 1.708075291339093482e+01 7.090490379129147591e+00 1.708169046706607830e+01 2.380974172064897232e+01 1.965158658973655648e+01 2.380976593540929542e+01 2.555360378711564806e+01 1.609892863444215294e+01 5.746388279005080868e+00 5.746388279005080868e+00 1.372305384310618237e+01 1.699847112615613653e+01 1.090143268365608620e+01 1.523941442983067951e+01
1.319999999999999993e-02 1.001319999999996213e+01 1.724844580475050648e+01 1.992106122518298150e+01 9.921051491978854386e+00 6.183316180130637107e+00 1.618332170628898936e+01 7.492549039210003592e+00 1.749255623196001252e+01 1.358847543626486676e+01 1.925915656379983076e+01 1.648970694121285163e+01 1.210000079230227499e+01 2.245918743830014996e+00 1.056432146626535662e+01 5.792811632907578501e-01 1.057501584929656424e+01 5.792811632907578501e-01 5.792811632907578501e-01 1.057501624637470350e+01 4.358747477487008304e+00 1.435923642039352366e+01 1.766894782001336495e+01 1.476223503020168160e+01 4.796421993798003491e+00 1.478949219788192337e+01 1.880634092482644704e+01 9.657976179662028926e+00 1.557006050998057134e+01 1.556717738460314493e+01 2.039555591874116658e+01 1.609406144644746917e+01 1.388561093263764512e+01 3.605777773681704268e+00 1.153314620761820741e+01 6.054656480955864062e+00 1.089578734307508157e+01
1.359999999999999924e-02 7.084667811865485554e+00 1.708466781186555394e+01 2.406320338749298671e+01 1.992106122518298150e+01 9.962960015112940937e+00 1.996297033810581212e+01 1.249254955895420593e+01 2.163469830272892480e+01 2.520429867030739501e+01 1.928309648069321725e+01 1.466307878061352099e+01 4.706522698710359442e+00 1.224302556344835757e+01 1.477689503213910704e+01 1.064685302901103903e+01 1.209715119108682480e+01 4.204962564617629184e+00 8.292810260156889823e-01 8.292810260156889823e-01 8.292810260156889823e-01 1.057501651304137091e+01 7.648448680577396352e+00 1.057501691304137026e+01 2.664425789420666657e+00 1.057501723278565464e+01 1.057501764503717823e+01 4.661441552447510794e+00 5.578321771638865556e+00 1.467435049646212519e+01 2.147381713265117398e+01 2.441692254594042666e+01 1.762465967966258873e+01 1.179456826535819758e+01 1.578461642498482087e+00 1.578461642498482087e+00 1.776775647954678794e+00
1.299999999999999940e-02 1.001299999999996260e+01 1.793548035399449603e+01 2.293548035408820240e+01 2.410511287601488917e+01 1.573646596107481876e+01 2.410511287601488917e+01 1.956362543126588704e+01 2.663470547831913748e+01 2.447300891549669899e+01 1.443093143738130379e+01 7.373202943621613770e+00 1.470999672231771171e+01 1.887305755667587093e+01 2.037703688129146684e+01 1.083141113376427178e+01 5.444075910195898871e+00 2.115418956827219255e+00 1.057500983941333317e+01 1.057501637970803721e+01 8.292810260156889823e-01 8.292810260156889823e-01 8.292810260156889823e-01 8.292810260156889823e-01 8.292810260156889823e-01 8.292810260156889823e-01 8.292810260156889823e-01 8.292810260156889823e-01 8.292810260156889823e-01 7.634477544382706427e+00 1.364490508175721928e+01 1.676199771044893438e+01 1.301856471153313155e+00 1.051931547634548814e+01 1.578461642498482087e+00 1.578461642498482087e+00 1.578461642498482087e+00
