output/example/elevation_average_000088.asc
nrows	75
cellsize	133.333333333
xllcorner	0
ncols	75
yllcorner	0
NODATA_value	-9999
[rows 0 to 16 of 75, columns 0 to 36 of 75]
4.840509446848720865e-01 9.935188569561422867e+01 1.360785983425134873e+02 1.555448520457948405e+02 1.376305453375117622e+02 2.065556106319968137e+02 3.029580403813371845e+02 3.464783326217514059e+02 3.762872336141383585e+02 3.722869192899223094e+02 3.403472521591365307e+02 3.425333179872021105e+02 3.387328394336566362e+02 3.745425445082670421e+02 4.341462218599863832e+02 4.345096872595569835e+02 3.975261146435885280e+02 4.348159543844010955e+02 4.311098763613912865e+02 4.049614123997271804e+02 4.152229408544107514e+02 4.539468935474502587e+02 4.490487503114972583e+02 4.527576325347108082e+02 4.915176070074181212e+02 5.206703971576198455e+02 5.105137547917490224e+02 5.264600595666190657e+02 4.859257537707213146e+02 4.669149173875821361e+02 4.595291213437069473e+02 4.892739449289669551e+02 4.917917154304022915e+02 4.664034127036222799e+02 4.994490337977359218e+02 5.082427303994272165e+02 4.789403492802673554e+02
6.497923401133355314e-01 1.906619980240693479e+01 3.774270341467251910e+01 5.744070262433152863e+01 1.556361566737118380e+02 2.277667233045540343e+02 2.743867653794616217e+02 2.531712269774333777e+02 3.282866546499838591e+02 3.274748137675799740e+02 2.445006847638381657e+02 2.509909262773335854e+02 2.425625661592737004e+02 3.062415496522120293e+02 3.922468664388036359e+02 3.776916696416076888e+02 3.025484507249018975e+02 3.875252959478418120e+02 3.362146842747738447e+02 3.097489520303239487e+02 3.201292715071345469e+02 4.011152522531635896e+02 3.544081150479120765e+02 3.583135170155796345e+02 4.483592774007630055e+02 4.333068232345625574e+02 4.168532221930033188e+02 5.094178735784020091e+02 4.453744891532692805e+02 3.756539200365056104e+02 3.658296508593738281e+02 4.309177281096509660e+02 4.314939484955986586e+02 3.729218720177572095e+02 4.483057310690331860e+02 4.533137871463023885e+02 3.866699021097143145e+02
6.883992401879653888e-01 9.954904477270393670e+01 1.360809816070753300e+02 1.554565534774326352e+02 9.011117725159381564e+01 1.879219564924183885e+02 1.776710292823216264e+02 2.631019058112037214e+02 2.846753547803437527e+02 3.022971463327688753e+02 2.763815995036345612e+02 1.830505428808577904e+02 2.791337027352082600e+02 3.187590093917241916e+02 3.663335892881939913e+02 3.469032379216075697e+02 2.530813310995503116e+02 3.463501916554876630e+02 3.370064399393278904e+02 2.415455985655009670e+02 3.191333485748099292e+02 3.062068149376479482e+02 2.875388246960250740e+02 3.816914457259645133e+02 4.138216765911079165e+02 3.590022684494975920e+02 4.534667536120539353e+02 4.686141488471143361e+02 4.401988393698570121e+02 4.038102086829281347e+02 3.258849727034271382e+02 4.118353430776369350e+02 4.130603257947307156e+02 3.343167656376440391e+02 4.205754345927603595e+02 4.252913921778285840e+02 3.340405836840190545e+02
9.527043435140133409e-01 9.980990427853392077e+01 1.883955367440188695e+02 2.274408051956174006e+02 1.878953224805513003e+02 1.284544574503761396e+02 2.257928186024259674e+02 2.583597222096002497e+02 1.990120754085033923e+02 2.124892902225794842e+02 2.512102411400501296e+02 1.612983911643688657e+02 2.529386414016371134e+02 2.316920262062085385e+02 3.122171426486920041e+02 3.135133206558253391e+02 2.197436652405990287e+02 2.749516367469928468e+02 2.869348224163263126e+02 2.091507751144496581e+02 2.235537356670314466e+02 2.388127858273434754e+02 2.570724133574137227e+02 3.528441963671687631e+02 3.188302346755507983e+02 4.131251271105269325e+02 4.751441440158965861e+02 4.470402072651486378e+02 3.795088679750577967e+02 3.386489745022957436e+02 3.054286231672911072e+02 3.910779108950831642e+02 3.880730047178107611e+02 3.040993521317940349e+02 3.864626358143030984e+02 3.887612537030568092e+02 2.976788404742719649e+02
6.729967576641545657e-01 5.004985515484693792e+01 1.192033227113284255e+02 2.164032866453419501e+02 2.652054553065078721e+02 2.257911466329738630e+02 2.651924215242793252e+02 2.125550504042776652e+02 1.280521658847438573e+02 1.411004456392438442e+02 2.165544665847147883e+02 1.326142045226223445e+02 2.268838396171214242e+02 1.764937367521739304e+02 2.391031782042447276e+02 2.454104740247464349e+02 2.589500821139504865e+02 1.781580824566184447e+02 1.907066918421982109e+02 2.873448093165877140e+02 2.796902142502072479e+02 3.346860367180892695e+02 3.528062196807870237e+02 2.846206972996674835e+02 3.800473960963216200e+02 4.525077138105650647e+02 4.637930680176513079e+02 4.213802747524425172e+02 3.992492636650284794e+02 3.626508462227177461e+02 2.790677695019491580e+02 3.634852337723431788e+02 3.604445142866225638e+02 2.697651328732355864e+02 3.553054655096344732e+02 3.518369763999672841e+02 3.212684447068550639e+02
6.149197931285226293e-01 9.947826093445425499e+01 1.462031589014231372e+02 1.919781581411536990e+02 1.804988965330433075e+02 1.405005980515345527e+02 1.805933181593159986e+02 1.618759554642213345e+02 7.467181997149339168e+01 8.252253262685667323e+01 1.804469015619662571e+02 1.057210904081051979e+02 2.033781394388874162e+02 1.320755794470630917e+02 1.419187815146362937e+02 1.519077561332032076e+02 1.620164856824468131e+02 2.590037026537193583e+02 2.872529532887990626e+02 3.255090677268698869e+02 3.749502173920299128e+02 4.141882280767978273e+02 4.189079023926390732e+02 3.494026131073075589e+02 3.934269945059870679e+02 4.175352962242502599e+02 4.318871370988790659e+02 3.655358336296866923e+02 3.200537726480890228e+02 2.825809046076941513e+02 2.470570761847998256e+02 3.116538963941117117e+02 3.305256720140584434e+02 2.392812765761559604e+02 3.219263205223210207e+02 2.964638627778491013e+02 2.252542365087164171e+02
5.036282395543789647e-02 7.156206990531274847e+00 1.059497905946209073e+02 9.489161932822221956e+01 1.298436156509663135e+02 4.210441319720864328e+01 1.404472851481388602e+02 6.373343266278185126e+01 1.618731154640421721e+02 1.804083154680910184e+02 9.381908663019088124e+01 1.916170116365413492e+02 1.185116595944350877e+02 2.160200442367535345e+02 2.390999515611287336e+02 2.489611929969848347e+02 2.589562422173257801e+02 1.960066221126066353e+02 2.925837014381503991e+02 3.630851372339728300e+02 4.002010097899784569e+02 4.497339704567290255e+02 4.754307324666218051e+02 4.386502835461791392e+02 3.972982948755035295e+02 3.354010465298711665e+02 4.005750222736868977e+02 4.171629209579181179e+02 3.944340366073473092e+02 3.579317961260711627e+02 3.080614055095987283e+02 2.195123303469269160e+02 2.810384204231465901e+02 2.116957152212395670e+02 2.721433547257993837e+02 1.997466258054434718e+02 2.965016766922369129e+02
2.473071933081959495e-01 9.911799120308359079e+01 1.718760056935769143e+01 2.427897370374884289e+01 3.142169894181290601e+01 1.299384304874357952e+02 5.288446059534433630e+01 1.511601538557349897e+02 2.014517070709858615e+02 2.172381990206105797e+02 1.201379558657693423e+02 2.171741875558508923e+02 2.160029707114247230e+02 1.607990565226971853e+02 1.985049401873003774e+02 2.950433048807627188e+02 3.318293492900966157e+02 2.925811971382673846e+02 2.350895659983181361e+02 2.675706986317070459e+02 3.168067715305839442e+02 3.979903229976109174e+02 4.140084274658261734e+02 4.195679184527137409e+02 3.776371478709338021e+02 2.941027578133827092e+02 3.651646539947599308e+02 4.224018293459192819e+02 3.897180095643859090e+02 3.986156514156705839e+02 3.444102986802054147e+02 2.799986307667179517e+02 1.852396505602146988e+02 2.528860995484101579e+02 1.754949559971717861e+02 2.725460622008770315e+02 2.560930975890928494e+02
7.088201712286245071e-01 9.957449445604137850e+01 1.157465241526170274e+02 9.495160609289440856e+01 1.298198652880806208e+02 6.483092649227640436e+01 1.508085680132622031e+02 1.911590965742302330e+02 2.707391052689508797e+02 2.561234990382797037e+02 2.175458156611147444e+02 1.659217703012968457e+02 2.628790591003751729e+02 2.578003469343378242e+02 2.575439641960973063e+02 2.627285120120441206e+02 3.584372150433450201e+02 3.702793054936150838e+02 3.301504408606803622e+02 3.558340182772125786e+02 3.997288283863277911e+02 3.985134225141093793e+02 3.493250084090881842e+02 3.889654221663759017e+02 3.092122613926749750e+02 2.618437044597278600e+02 3.377783739901830131e+02 3.693816672785713990e+02 3.098792257436986688e+02 3.620445191007022459e+02 2.722801898565753618e+02 2.847069486133672171e+02 2.527576305019201470e+02 1.563360853529014491e+02 2.535055582767211604e+02 2.458192818594425546e+02 1.588574289203987178e+02
5.819734946149275334e-01 4.450621421371058517e+01 1.428657576080572369e+02 1.917874076799517979e+02 2.028125410702063505e+02 1.629485622586946647e+02 1.013332524018702685e+02 1.348408941992417738e+02 1.992372076956951901e+02 2.886446776693263701e+02 2.982598617376273751e+02 2.269607683191186425e+02 2.410426690634228919e+02 3.370806877766685830e+02 3.534077851155685721e+02 3.556469991421499799e+02 3.834582223585640577e+02 3.749410668733121383e+02 3.317782185438852025e+02 2.934190860951347872e+02 3.281470918206713350e+02 3.599005367804563775e+02 2.868864612449734182e+02 3.651090664681898375e+02 3.156905059296205991e+02 2.281085188582027570e+02 3.132757066031524573e+02 3.431119972680294268e+02 2.589660730436719405e+02 2.883327715986069961e+02 2.836837244689656927e+02 1.888144693830517156e+02 2.283682578684565669e+02 1.457345470468156350e+02 2.354927986967360596e+02 1.484665821595937985e+02 2.458224501902348038e+02
6.201706420557316912e-01 9.948339570301705237e+01 1.237737583177907368e+02 1.931780667782311127e+02 2.895296817082835332e+02 2.386304144154164533e+02 1.707966029964897530e+02 1.980898465074764658e+02 2.053848842242086619e+02 2.993509672169940927e+02 3.450435284648734751e+02 3.183625615741139541e+02 3.358859056419273657e+02 3.400022183113626966e+02 3.204339418669289330e+02 3.550995226128227387e+02 3.790731242707351498e+02 3.232151973753515222e+02 2.567396814906839495e+02 2.057769525161167508e+02 2.875203700313701916e+02 3.234660955640155180e+02 2.325960924202526030e+02 3.185420055297137196e+02 2.857703224598476481e+02 1.935604939676303786e+02 2.585381025713903682e+02 3.481558239513043986e+02 2.888629311069317396e+02 1.957373379740139683e+02 2.335442215961022612e+02 2.282560829481984968e+02 1.308117360251879688e+02 2.253379184206873731e+02 1.381021259834128330e+02 2.355732948565664060e+02 2.854843506308720293e+02
9.933278572681448759e-01 7.113240844837257271e+01 1.691853041007879597e+02 2.222590910471158168e+02 2.223242612320294995e+02 2.620412471653234547e+02 2.676450444217343261e+02 2.946389361520598982e+02 3.016385923002731033e+02 3.411674924965265632e+02 3.057705000833695408e+02 2.686092540448456703e+02 3.103530388890220593e+02 3.095521218036907953e+02 2.335445048330782924e+02 3.038479103399391761e+02 3.400341142340782312e+02 2.643659471705716442e+02 1.927283205411638107e+02 1.517285370330770888e+02 2.465113287945349327e+02 2.480318709505383765e+02 1.943234303538276890e+02 2.905220758070801139e+02 2.586717839295791919e+02 1.635810464394531891e+02 2.516688033622639296e+02 2.955695371509132201e+02 2.560302474671858022e+02 2.322688553264301277e+02 1.401468264293991979e+02 2.101914579384746844e+02 1.207132266161134453e+02 1.278724841441462559e+02 2.229430658143341191e+02 1.936391379584756578e+02 2.482277757616228371e+02
1.405461526419654605e-01 9.900959803023272343e+01 1.347668105256526871e+02 1.268018166974271850e+02 1.251868117482759430e+02 2.226231475351632980e+02 2.895645874585142110e+02 3.289861410106301491e+02 3.813547276127769692e+02 3.059184270776569861e+02 2.659188936038410702e+02 1.834169093865569380e+02 2.658388764019372843e+02 2.692873293425752195e+02 1.786804118026595063e+02 2.079896363638306980e+02 2.992490185719082092e+02 2.696104365054391110e+02 2.095214571803956005e+02 1.156905077514068267e+02 2.099365776320442194e+02 1.507597056508384696e+02 2.471976887892028003e+02 2.441904579146803371e+02 2.044608238417503969e+02 1.381370243479256033e+02 2.352457700573792465e+02 2.396679539864322521e+02 1.588291252092273282e+02 2.028550228466007468e+02 1.093904059245252540e+02 1.124660679960574896e+02 2.102112921448911607e+02 2.253341453403837136e+02 2.635766844378611040e+02 2.895617741759635919e+02 3.297856724893868545e+02
4.026185890239118992e-01 1.830932645221617605e+01 3.642994704577540688e+01 5.543489259932023572e+01 1.536728619077172198e+02 2.100983630086121536e+02 1.930019018451683621e+02 2.824701004718343711e+02 2.859129977505179454e+02 2.642461898131232374e+02 1.775312328701936906e+02 1.331872068096508599e+02 2.230419737640225151e+02 2.280356883647553445e+02 1.356167925434958761e+02 2.178574619135602859e+02 2.658135479255951168e+02 2.010985117185279307e+02 1.324503360651865194e+02 8.807517051749586301e+01 1.125748368029470470e+02 2.102324523231045248e+02 2.208427015794936779e+02 1.809278118462531211e+02 1.066603583904802406e+02 1.858493484281323447e+02 2.266716197191594517e+02 1.955312035766982603e+02 1.019796250202942218e+02 1.050520216673824905e+02 2.028824491766929441e+02 2.101869078263142399e+02 1.176235051154093583e+02 1.869427364730478303e+02 2.838314871228953962e+02 3.027104126079424873e+02 3.059704805375346268e+02
7.903750024369222693e-01 9.965571989627017047e+01 1.347535475810440744e+02 1.535588140362514764e+02 8.797438809463108100e+01 1.130510837197042235e+02 1.467804654339340402e+02 1.932945640722990390e+02 2.877801431012468356e+02 2.667454114838202486e+02 1.889866538697637850e+02 9.446662752568622068e+01 1.841544061003671402e+02 1.601302462171119316e+02 1.047077656884208494e+02 2.019500448114373228e+02 1.970023809624447324e+02 1.286945149605443817e+02 6.280492819464294740e+01 1.610698396175245648e+02 2.051672759310816900e+02 2.164342688520701188e+02 1.766638106998741762e+02 8.287439508158350066e+01 8.590519929835352286e+01 8.895957555623684243e+01 1.869480188114541477e+02 9.763244367353840403e+01 1.955298520979101795e+02 2.028456368854071741e+02 2.357791689943323661e+02 2.187220739121239035e+02 1.212554485232617907e+02 2.188555665041741634e+02 2.637059153711091426e+02 2.066135428295006307e+02 2.094614834370161986e+02
1.870836446472545767e-01 5.727478057693213032e+01 1.549555477312300127e+02 2.250932066266933873e+02 1.858087141772871860e+02 1.834919284219092788e+02 2.424610203235246217e+02 2.825414437697617700e+02 2.439613320224481470e+02 2.055862902725635024e+02 1.334698819351329462e+02 6.427292269404735237e+01 1.342928625713633153e+02 6.769699298318981562e+01 1.434854448401221134e+02 1.845827601155372690e+02 1.528707942125222132e+02 5.867715233258867613e+01 1.569619099753620048e+02 6.699251259562072391e+01 1.652137720157935519e+02 1.722602796070866020e+02 7.856138688086818433e+01 1.766599840468513491e+02 1.838486341145774361e+02 1.869161577693873824e+02 9.326726956504464283e+01 1.912149635474665956e+02 1.955378959444891507e+02 2.922980577500017034e+02 2.870314720611625603e+02 1.943944816779010694e+02 2.189125952307699379e+02 1.263369440849509573e+02 2.239410856035659663e+02 1.364850355867305041e+02 1.400661103093446229e+02
2.797522905802692916e-01 9.914680625543736880e+01 1.955079640592807664e+02 2.299252023385658106e+02 2.695418365023865022e+02 2.784309797381432077e+02 2.590852913984505790e+02 2.223542975532970729e+02 2.052094591772200260e+02 1.118105562341332728e+02 1.298008266853647683e+02 3.738518957176553670e+01 4.033713259926312134e+01 4.327778555728090737e+01 4.622006100283199004e+01 1.446521975535597164e+02 5.452261780953688941e+01 1.528661909278283701e+02 1.970322794314808732e+02 1.652010470143914063e+02 7.113991226836652970e+01 7.420694752637228930e+01 1.723401812849802184e+02 1.766859530692894680e+02 2.736429725589353552e+02 2.311121854381733272e+02 1.569548166585268234e+02 1.275426038334249057e+02 2.250857837744183030e+02 3.023363556632868381e+02 3.282050807659109637e+02 2.912430103116734017e+02 2.149102682398273885e+02 2.194439173407812973e+02 1.313800924737594187e+02 2.271885642027016843e+02 2.374526687210097862e+02
