output/example/elevation_000005.asc
nrows	50
cellsize	20.0
xllcorner	0
ncols	50
yllcorner	0
NODATA_value	-9999
[rows 17 to 33 of 50, columns 0 to 36 of 50]
9.098509734387574266e-01 1.009098509734373152e+02 1.692220472921737837e+02 1.278011292151286824e+02 1.337987082545144233e+02 4.238954813657964138e+01 4.911627607654272509e+01 5.590471840956399063e+01 1.559045062705372970e+02 1.729190379922190743e+02 8.672067498620330639e+01 1.867201833345723685e+02 1.182003914763784849e+02 1.307003914763781438e+02 2.306989959032397337e+02 2.630378333870453389e+02 1.838918254623341397e+02 2.838881797356116863e+02 2.634485086464884489e+02 3.211824513504999459e+02 4.211569097048163144e+02 4.734726612329820910e+02 3.736187462143313951e+02 3.566214367046205211e+02 2.567387176459247371e+02 3.011029701394114682e+02 2.013091409627371036e+02 1.890359850746914390e+02 2.887177289393242177e+02 3.379660204736595119e+02 3.792050468876539071e+02 3.397816138666029246e+02 2.398469572222015529e+02 3.058761993561142276e+02 2.530500538030325401e+02 3.107521227269943438e+02 4.106805911575235655e+02
6.729603419142361487e-01 7.138363846056797968e+01 1.713836384605651233e+02 1.628017857001342179e+02 6.280196265977264858e+01 1.423894080948620342e+02 1.198269405736168522e+02 1.559045062705372970e+02 1.006260778541164171e+02 2.006257401832708069e+02 1.867201833345723685e+02 1.007926258808089415e+02 2.007919328695071783e+02 2.306989959032397337e+02 2.123496672814987392e+02 3.123441453926340614e+02 2.838881797356116863e+02 2.057136144831729609e+02 3.057084609088123557e+02 3.748328752673618851e+02 4.325424881969041735e+02 5.147797440857401625e+02 4.197970741555147356e+02 3.199076206664248048e+02 3.566214367046205211e+02 2.643966449924517406e+02 3.011029701394114682e+02 2.887177289393242177e+02 2.051502537966811417e+02 2.382806182828115880e+02 3.379660204736595119e+02 3.811419658077692247e+02 2.975459077393379630e+02 3.811419658077692247e+02 3.107521227269943438e+02 3.943574154019100888e+02 4.520365353068120271e+02
9.500813129397378543e-02 1.000950081312925448e+02 1.914720979181440157e+02 1.775459500098893102e+02 7.754615827526215810e+01 1.775459500098893102e+02 2.198261703394307460e+02 2.359809192504461919e+02 1.359814165260010554e+02 2.359809622726416762e+02 2.422100360164577353e+02 1.585276434596827926e+02 1.270539124526691239e+02 1.977644951432536686e+02 2.977616140818559529e+02 3.537537934871647849e+02 3.410609821226559575e+02 2.410689521805156232e+02 2.334486241650787122e+02 2.911833832660028065e+02 3.911645951922971562e+02 4.641306641190656705e+02 4.197970741551779383e+02 4.197970741555147356e+02 3.459409842388822085e+02 3.642657175704179622e+02 3.220691120273271508e+02 2.225461110934908788e+02 3.047585163352085260e+02 3.379660204736595119e+02 3.087465623459677317e+02 4.082048936035571955e+02 3.974736679110091586e+02 4.386997263911251821e+02 4.106805911575235655e+02 4.520365353068120271e+02 4.536199842868995802e+02
5.074168083889973868e-02 5.005074168083854147e+01 1.500507416808356993e+02 1.927957687891210412e+02 9.279601530852241353e+01 1.635066695002941231e+02 2.635059095218989569e+02 2.774061266551924518e+02 1.937164190020958188e+02 2.774062693270303157e+02 2.999417138076071865e+02 2.585259886006223837e+02 1.678787410780133200e+02 1.586766890384535600e+02 2.164116781113913248e+02 3.164085176040343867e+02 3.824575248868622452e+02 2.857902521423397388e+02 3.334404155727459624e+02 2.650713981845954095e+02 3.228058174153554205e+02 4.227749005864934588e+02 5.196039679143630110e+02 4.871194978701024638e+02 4.458014305683147427e+02 3.954608359942046718e+02 2.958121513544606387e+02 2.384212488165188972e+02 2.509913292754753797e+02 3.503074813949966142e+02 4.082048936035571955e+02 4.471662002843947903e+02 4.662905941222334718e+02 4.074843722930749550e+02 3.649575092742426250e+02 3.778150128940677064e+02 3.906389036258406691e+02
2.528005767708579876e-01 1.002528005767694168e+02 1.914720979181440157e+02 2.088085362630956183e+02 1.088088306890308985e+02 2.088085362630956183e+02 2.744816961994206395e+02 3.300326432943422219e+02 2.937155799790178321e+02 3.351486494364054352e+02 3.385846156398206404e+02 2.385891944737493020e+02 2.678771524505752950e+02 1.836766889824579607e+02 2.836748575490902908e+02 3.578226290803700635e+02 4.271637459546669220e+02 3.435240395913326097e+02 3.952002017661358764e+02 2.952225184634426114e+02 3.283158703971466821e+02 3.860459384178567461e+02 4.859766008893452636e+02 5.338939679567706662e+02 4.927620105066179690e+02 4.367336404250609121e+02 3.546527993775158052e+02 2.551947959173421054e+02 3.503074813949966142e+02 2.811931247905661735e+02 3.512138687592462816e+02 4.508515665364640768e+02 4.238318659240771353e+02 3.222359093497544222e+02 2.643833071760589064e+02 2.773834246276909425e+02 2.904018699163164001e+02
9.791283598286071310e-04 7.071165724701357647e+01 1.707116572470107201e+02 2.502285543118239843e+02 2.088085362630956183e+02 1.330623931926008368e+02 2.330620027617790697e+02 2.300342828595557592e+02 3.007444731814123884e+02 4.007405482002390045e+02 3.800010036665928510e+02 3.385846265623385989e+02 3.190291957986157172e+02 2.190320265273848008e+02 2.414116492508459828e+02 2.991461896322309713e+02 3.991374616077745259e+02 4.142240318610056988e+02 4.329772829091124891e+02 3.330188227321933141e+02 3.952002017661450282e+02 4.696347712754921417e+02 5.273025373765104860e+02 4.927620105066179690e+02 3.936000234807389120e+02 4.226438970446866961e+02 3.718562034860705694e+02 2.724831469905071799e+02 3.718562034860705694e+02 3.041658152774471660e+02 4.032969726294114139e+02 4.797063076860059709e+02 4.270552595803206941e+02 3.768622867512749508e+02 3.068060227930592418e+02 2.065261035706342057e+02 2.195656758503580193e+02
4.600753433092569233e-01 1.004600753433078211e+02 1.453193068210418346e+02 2.453193068210389924e+02 2.744816961994206395e+02 2.330620027617790697e+02 1.593236797624484211e+02 2.593231480505786521e+02 3.316023309244070560e+02 3.763223498648142709e+02 4.340547146204703495e+02 3.897343214202584818e+02 2.897421738450125304e+02 2.897421738450141788e+02 3.414074737736868315e+02 3.828204192347486696e+02 4.405471295559175928e+02 5.141549284651101743e+02 4.742840612509642142e+02 3.907503819780114327e+02 4.742840612512417238e+02 5.363910099033375900e+02 5.690183466367452638e+02 4.704673150623954143e+02 4.226438970446866961e+02 3.237491085996878724e+02 2.990010558235402414e+02 3.718562034860705694e+02 4.130781140746384494e+02 4.032969726294114139e+02 3.395897139286710171e+02 4.385877128872664343e+02 3.853397580163231737e+02 2.850880964283931576e+02 2.350453198334411979e+02 1.971348686956389713e+02 1.614869195917786726e+02
5.979472710492108600e-01 4.531930682104467678e+01 1.160299849396984229e+02 2.160299849396955665e+02 3.028117115336691541e+02 3.007424089230562458e+02 2.593231480505786521e+02 1.901843496824635906e+02 2.349057025259043314e+02 2.926405886914640178e+02 3.926376674875325534e+02 4.311445443810937377e+02 3.897343214225617771e+02 3.897343214566103029e+02 4.096089025207749614e+02 4.510716345648090169e+02 4.403392518411399692e+02 4.818110189555150669e+02 5.317815435873671959e+02 4.906328199722493082e+02 4.647892833706509350e+02 5.080888286648490748e+02 5.400551409717174920e+02 4.416501430772349863e+02 3.727145210505700561e+02 4.226438970446866961e+02 3.288597240684035228e+02 4.281251362897955914e+02 4.830599799897000821e+02 3.835903164751882741e+02 4.385877128877305609e+02 4.465835607749667133e+02 4.270552592338786440e+02 3.768622867512749508e+02 3.089894621049885473e+02 2.077446817665814649e+02 2.619210262117420598e+02
1.534601171854249602e-01 1.001534601171839967e+02 1.613903552962647154e+02 1.613903552962647154e+02 2.344344881353114829e+02 2.844344881354517725e+02 3.316023309799447247e+02 2.901835805034070859e+02 2.310091751849798811e+02 3.017195474323437452e+02 4.017161665688720973e+02 4.878871530057211316e+02 4.525241525502405580e+02 3.933057033636335404e+02 3.095745735388373987e+02 3.933057033643858631e+02 3.403006931020769912e+02 4.240396703020658151e+02 4.375568285133477389e+02 3.955110406499164810e+02 3.597340236840272496e+02 4.416735072684417673e+02 5.570922110662354498e+02 4.910069529814240354e+02 4.416499489113560912e+02 4.612598552890198675e+02 3.618557026228066320e+02 4.612598552891412851e+02 5.182356810538244645e+02 4.187114233771749241e+02 5.182356810538244645e+02 5.363163362819659596e+02 4.266970081580943770e+02 3.317714212059703414e+02 2.646149138940068610e+02 3.089894621049885473e+02 2.826684310303149914e+02
1.123418600940028211e-01 1.001123418600925703e+02 6.139035529626190879e+01 9.301313189794613834e+01 1.430131318979475452e+02 2.137238100166042898e+02 3.137238100166099457e+02 3.310078803381238686e+02 3.310078803381238686e+02 2.887440829854701860e+02 3.464785449263569603e+02 4.464732931478944238e+02 4.008019480392898117e+02 3.110052692664772849e+02 2.517953722367013540e+02 3.248200297375623222e+02 2.825353598286762349e+02 3.825819630237856472e+02 3.955038810119245909e+02 2.934184014027651415e+02 3.954058092552533026e+02 4.564741216237344474e+02 4.727554388777750205e+02 5.144619679509761454e+02 5.400373596963506770e+02 5.024592772815860826e+02 4.114862432410082533e+02 5.024593176726056640e+02 5.182356810538243508e+02 4.891855015000546132e+02 5.580755783855066738e+02 5.213544144961837219e+02 4.196497729052843511e+02 3.482503592301982849e+02 3.568381392562931751e+02 2.826684310303149914e+02 1.826033069614148587e+02
2.368195578726151052e-02 2.359390799533892746e+01 8.132893491430230881e+01 1.813289349143051084e+02 1.637238100166028687e+02 2.344344881352596133e+02 3.344344881352652692e+02 4.310029057096857628e+02 4.301573304993745523e+02 3.887412983446411658e+02 3.956136784502312480e+02 3.541684217516417448e+02 3.593455075255103566e+02 2.592721449063425894e+02 2.108973087797292294e+02 2.247274795995947727e+02 3.248200297375673813e+02 4.017047804994153921e+02 3.625636709639812807e+02 2.612379688943003089e+02 3.143940503307416066e+02 4.149008422245369161e+02 3.725506190309954491e+02 4.565216024763252562e+02 5.222222449741028640e+02 5.522140714304586027e+02 5.110334714639135427e+02 5.522143816221901034e+02 6.171845293629726257e+02 5.883690185219089699e+02 5.293496543895870445e+02 4.692150418523948474e+02 4.266282352220056850e+02 3.860821327452946434e+02 2.857853850247891501e+02 2.150481817555925375e+02 2.774245268887974589e+02
6.540601710037032834e-01 1.006540601710022713e+02 1.604818751404253589e+02 2.227502911516240829e+02 2.637238100166085246e+02 2.677714922185357409e+02 3.091928484558428636e+02 3.591928484558414425e+02 3.551198872023010722e+02 3.136775951957035886e+02 3.378544455097356263e+02 2.541337480979256611e+02 3.378544455097356831e+02 2.776359491050165502e+02 1.774763333472747888e+02 2.776359491050164934e+02 3.316021290092378422e+02 3.015920668793538084e+02 3.328373902832203157e+02 2.320868397760419555e+02 3.290625041643543227e+02 3.515029991013411745e+02 3.146787574946040422e+02 3.804451935554320130e+02 4.573768797731761993e+02 5.074626029514298580e+02 5.961116411712799845e+02 5.548136994575553445e+02 5.674367384481795398e+02 5.264997722111883149e+02 4.855927531469779410e+02 3.838782780608777898e+02 3.260206566166966695e+02 2.882073250987843949e+02 2.528464533690391818e+02 3.151614493394667988e+02 2.245281212418927907e+02
4.909850854147627119e-01 1.906051890311987762e+01 1.190605189031184494e+02 1.882168849516866089e+02 2.177714922185399473e+02 1.677714922185413968e+02 2.177714922185399757e+02 3.177714922185343198e+02 3.136775951957035886e+02 2.136195018056920389e+02 2.429258388470296097e+02 1.963473622065705513e+02 2.964133723340195274e+02 2.571909531519149823e+02 1.570093007827290705e+02 2.488458674454841741e+02 2.314373661485390699e+02 2.307098533005701313e+02 2.858413268304371400e+02 2.076926879160056103e+02 2.286522804465766683e+02 2.511482932878091390e+02 2.801881007231867216e+02 3.156989476172813625e+02 3.658048595954092548e+02 4.659052868171492605e+02 5.384951275021343235e+02 4.549807737447526392e+02 5.101865573970956689e+02 4.268044723408854111e+02 5.101865573970666219e+02 4.692150418523983149e+02 4.241040801660551551e+02 3.236129653420430827e+02 3.530461314250001124e+02 3.062105317564251550e+02 2.692559699359479737e+02
3.962370847149454534e-02 1.000396237084700601e+02 4.679552871438113471e+01 1.467955287143782925e+02 1.177714922185428037e+02 2.177714922185399473e+02 3.091928484558428636e+02 3.591928484558414425e+02 3.342671956396960695e+02 2.429258388470296097e+02 1.428164444844360901e+02 2.050880506617282890e+02 2.143610525195299488e+02 2.237574148705248547e+02 1.373543909328174664e+02 1.486274938016517240e+02 1.605231246796795403e+02 1.727736656401356186e+02 1.855143853364807569e+02 2.858413268304371400e+02 3.290625057683696468e+02 3.515030676989925951e+02 3.804446708657499698e+02 4.158549498476364192e+02 4.573757528595014605e+02 5.074571056737506751e+02 4.938381243480338298e+02 3.972773866452686207e+02 4.689734196022133119e+02 3.690914466574773769e+02 4.312319212868648037e+02 5.310123919067079896e+02 4.660955042133727488e+02 4.241040801660551551e+02 4.477545093615582914e+02 4.063083155036059679e+02 3.270205060266885084e+02
2.605283927408929001e-01 1.002605283927394595e+02 1.467955287143782925e+02 7.694666317215707352e+01 1.769466631721542171e+02 2.591928484558442278e+02 3.218202677919404664e+02 2.929982376657521854e+02 2.515641469986469474e+02 1.927921646082169786e+02 1.927848703482350174e+02 1.049634737996477725e+02 1.142179406448079391e+02 1.235956916090181466e+02 2.237574148705248547e+02 1.895653858025901286e+02 2.607749459544950810e+02 2.730612787564614337e+02 2.564898202821178188e+02 2.210183911936927927e+02 2.544940508153241296e+02 2.899681217159864559e+02 3.347734050952819871e+02 3.925523707920621632e+02 4.926281562997189098e+02 5.101669090355513845e+02 4.102839222823405407e+02 3.525648429911728954e+02 4.098872348284144209e+02 3.312984740979437674e+02 4.312319212868648037e+02 5.231730434296517842e+02 4.818036325357240344e+02 5.231730434296517842e+02 4.982143535185534233e+02 4.685849869946879380e+02 4.271399001999891993e+02
3.048053885361223792e-01 7.101548350719185976e+01 1.710154835071890034e+02 1.769466631721542171e+02 1.303989115546404491e+02 1.803989115546390281e+02 2.803989115546333437e+02 2.515641469986469474e+02 1.515059473205082270e+02 1.808123154929175769e+02 9.269100786992012786e+01 1.634823259447811097e+02 2.143610525195299488e+02 1.944365584779309586e+02 2.053885181309829875e+02 2.897435045887885963e+02 2.604264455737531989e+02 3.605211587180764354e+02 3.567021320154726141e+02 2.789612982512936128e+02 3.029175997049723037e+02 3.900940668616524363e+02 4.315726336105511791e+02 4.763395652591942167e+02 5.341433198323544502e+02 5.514787021532504241e+02 4.938381243480338298e+02 4.098872348284144209e+02 3.099277258672057656e+02 3.011482522523634771e+02 4.011062902467716640e+02 4.732145549414013885e+02 3.818690994781626955e+02 4.689354062009219888e+02 3.982890242163040284e+02 4.689354062009134623e+02 4.278579809467956352e+02
5.470844782054917754e-02 1.000547084478191096e+02 1.801220998070232611e+02 2.301220998070225221e+02 2.303989115546376070e+02 2.718202677919418875e+02 3.218202677919404664e+02 2.754878003457218938e+02 1.808123154929175769e+02 8.073274467688581524e+01 1.808123154929175769e+02 2.342370117890376662e+02 3.049916976332938248e+02 2.945442240339191358e+02 3.054882027756538605e+02 3.469262415841096185e+02 3.605211587180764354e+02 4.019887326990691463e+02 4.206045158129924744e+02 3.791219267215569744e+02 4.030604815106072465e+02 4.445509910238905036e+02 4.715653048338703570e+02 5.130060616418896871e+02 5.611110582014249530e+02 5.197348941183307716e+02 5.197348941183317947e+02 4.512430733610461289e+02 3.733871921866124808e+02 2.734135103737563099e+02 3.479955492685089098e+02 3.893785629318705901e+02 3.318778287776590901e+02 3.741252776298149456e+02 3.275958573531021898e+02 4.275564755566341546e+02 4.231605894603504225e+02
