output/example/elevation_000361.asc
nrows	75
cellsize	13.33333333
xllcorner	0
ncols	75
yllcorner	0
NODATA_value	-9999
[rows 17 to 33 of 75, columns 37 to 73 of 75]
1.557185848654118487e+01 2.478845925433118325e+01 2.842720531248884797e+01 2.322618987431950544e+01 2.490673731695284587e+01 3.077515024910017516e+01 4.473098392118898659e+01 4.319275611651052316e+01 3.525021330603865977e+01 3.097670145509399475e+01 2.692969824208378782e+01 3.626021307993069343e+01 4.244782553531018010e+01 4.838262924966974055e+01 4.462073597269315428e+01 4.096936608287781922e+01 4.803317517180531127e+01 5.087149986042238936e+01 4.660190622907730074e+01 4.271630815570095763e+01 3.330697814216141239e+01 4.271630815571708695e+01 4.713949133138575576e+01 3.924368548550432223e+01 4.713949133619523479e+01 5.059869241679736973e+01 4.714509837028931116e+01 3.943510060399280093e+01 3.569135010720060563e+01 2.629064520240990532e+01 2.268356526309780108e+01 2.840346238408904966e+01 3.297462551253883589e+01 4.287497634763942500e+01 4.554576086927303180e+01 4.092515387650026781e+01 4.092656942605944437e+01
1.658249840852335311e+01 2.294803386258091393e+01 3.238279522783912512e+01 3.271376129839491398e+01 3.602815650163770300e+01 4.113871481345660897e+01 4.883495057332197575e+01 4.388338469142102838e+01 4.349312843824442609e+01 3.435292237133919713e+01 3.626021307993069343e+01 2.953002735221560826e+01 2.953002735221560826e+01 4.473805262867634980e+01 4.947530413952480188e+01 5.090625860155132898e+01 5.379595431180672449e+01 4.362203394484841112e+01 3.685134307483119898e+01 3.373287977865901865e+01 3.107481954634928911e+01 3.758606825531629880e+01 3.825744570261424826e+01 3.394946430011160032e+01 4.320443635042941821e+01 4.666795658614245923e+01 4.576598856450753061e+01 3.684173054968096750e+01 3.192463604569683611e+01 3.131750212442757686e+01 2.213324212620382880e+01 2.427269828086199155e+01 3.778795947734997895e+01 4.294537504997883559e+01 3.595229981673680442e+01 3.365835600603445954e+01 4.092656942605944437e+01
1.764854269894865979e+01 2.668675637133121015e+01 2.812015977347645546e+01 3.219687750033705953e+01 3.647631463185496870e+01 4.064996589142445060e+01 4.565797499109701363e+01 5.151313790677934179e+01 4.811055392460724534e+01 4.399427064184553160e+01 4.171416075778337529e+01 3.239798314897390696e+01 3.314914516962509339e+01 3.536779190971492426e+01 4.239273193232368442e+01 5.235873725761727115e+01 5.685769392109217080e+01 4.660190622907856550e+01 4.660190622907856550e+01 4.315456577461256416e+01 3.758606825532492479e+01 2.877773962071530178e+01 2.933230057224152176e+01 3.427730329215998495e+01 3.639735536319471976e+01 3.639735536319471976e+01 4.441918969136395390e+01 3.398947605349301426e+01 2.794849537277492502e+01 2.879953912554136863e+01 2.157503676502379264e+01 3.084795498875130448e+01 3.929420515754415533e+01 3.587141316387791079e+01 2.902370079520601109e+01 3.395567809323961228e+01 3.992656513268520513e+01
2.668686526486665045e+01 1.909564704295111781e+01 1.909564704295111781e+01 2.812022929117048164e+01 2.644488863719788796e+01 3.111077173080893488e+01 3.784762635815735621e+01 4.855614565872584620e+01 5.394343839243171601e+01 4.394950154343118953e+01 3.721180881054028333e+01 4.171416075778337529e+01 3.820480153390189315e+01 4.531855030839484044e+01 4.239348517400977556e+01 5.238028222665195699e+01 5.633983411930181973e+01 5.030506886660089805e+01 4.589362713475802025e+01 4.256676181298520589e+01 3.675209336829058770e+01 2.846689008182297442e+01 2.667083990756710321e+01 2.567151622508975350e+01 2.587072909237593876e+01 3.501569754886276797e+01 3.676787058472726244e+01 3.558838563467072191e+01 2.315473320657906342e+01 2.100349863261023842e+01 2.100349863261023842e+01 3.043584029529256085e+01 3.316586586409757587e+01 2.635380728843757581e+01 3.587141316387774737e+01 3.719614534154800367e+01 4.722500310419447089e+01
2.976407346307185620e+01 2.061114095659471346e+01 1.909564704295111781e+01 2.178166387265178727e+01 3.122137874008868508e+01 3.561688844652444885e+01 3.897553690019668693e+01 4.314594699299835412e+01 4.765987452613183706e+01 5.102368398046980502e+01 4.394747481285740065e+01 5.102368398046979792e+01 4.792799907663125936e+01 5.209712765403931911e+01 5.238028222665195699e+01 5.655712310504029716e+01 5.181659020639445146e+01 4.155773758615114843e+01 3.648392543789065456e+01 3.370096231508873785e+01 3.124658253565139887e+01 3.675209336828037010e+01 3.544564443338754955e+01 3.271990138675852222e+01 2.426080063314715218e+01 2.867125400695763204e+01 2.893385745848474500e+01 3.628560215400368349e+01 3.291070472480281239e+01 2.945434697441746508e+01 2.100349863261023842e+01 3.016049799156831313e+01 2.426801214900827830e+01 3.316586586409757587e+01 3.997921656943126578e+01 4.722500310419437142e+01 4.787203744679559492e+01
2.278351683171314690e+01 2.976407346307209423e+01 2.812015979522014320e+01 2.118122026455950291e+01 2.305680652945338238e+01 2.570788408929287172e+01 2.889961148856915329e+01 3.338675588513987691e+01 4.053966813869590169e+01 5.063690879231851483e+01 5.390163090984463423e+01 5.550940780473334968e+01 5.128447360778054076e+01 5.124756552982012892e+01 5.256228100180257456e+01 5.124052456021280477e+01 5.542253856528243716e+01 5.030506886660089805e+01 4.589362713475800604e+01 3.800868986208279665e+01 3.976310486419702528e+01 4.390921541919573912e+01 3.862963316506507994e+01 3.428264656200893512e+01 3.126357018661957099e+01 2.283700929033990334e+01 2.987553880756248148e+01 3.370229998186104581e+01 2.940505816884136792e+01 2.019508004361154363e+01 2.924465457709436578e+01 2.236984440548885189e+01 2.374730918923345868e+01 3.249663716523697587e+01 3.796628003997737721e+01 4.080232377201006955e+01 3.787395248581942298e+01
2.540681409866598628e+01 3.529009306362399201e+01 3.321599264174150079e+01 2.357595780784556538e+01 3.262920636476803793e+01 2.840470351054456088e+01 3.839998857051227077e+01 4.314594699299835412e+01 4.765987460753672167e+01 5.430071222571379508e+01 5.839681697400027360e+01 5.128447360778054076e+01 4.097365695625288851e+01 4.097185825167490236e+01 4.231169400654753332e+01 4.097552002683535477e+01 4.952456765719300336e+01 5.345574587797024435e+01 5.196795295641304335e+01 4.756936261679081923e+01 4.619539017503229417e+01 4.199241890295916591e+01 3.505227546759688551e+01 2.642824411378216709e+01 2.474826962991081913e+01 2.308115046028430584e+01 2.137313772617756413e+01 2.868429556688391457e+01 2.866196748598595434e+01 1.960733032072047877e+01 2.079190315901110608e+01 3.025221215370511274e+01 2.837175683134026727e+01 2.594714185233826242e+01 2.792964629941374355e+01 3.057682267670994491e+01 3.787395248581942298e+01
2.540681409866598628e+01 3.529009320383498505e+01 3.636205478873380059e+01 2.641340258911658267e+01 3.636205458118130451e+01 3.413272354769330974e+01 4.256824457882637347e+01 5.203127464471486263e+01 4.788907994755055597e+01 4.416303146639186394e+01 5.258589840452558661e+01 5.124756552982012892e+01 4.097185825167490236e+01 3.370508358435655083e+01 3.504144164999336652e+01 3.504144164999336652e+01 4.531402142797224997e+01 4.299007760485677210e+01 5.037548364866963624e+01 4.772848987949856792e+01 3.829656668354630966e+01 3.303792328545716117e+01 2.918073723863773239e+01 3.505227537605404819e+01 3.305070862192491177e+01 3.014970647450927288e+01 2.451982627970789608e+01 2.004423453019768431e+01 2.505405035975452677e+01 1.901017978548989973e+01 2.553140308773095768e+01 3.535112295880654187e+01 3.517045638268204044e+01 3.248028065223856942e+01 3.353257287510103879e+01 4.080232377201009086e+01 3.787395248581942298e+01
3.024893403785409873e+01 3.944997652685291456e+01 4.053353510663623638e+01 3.078388834193232526e+01 4.053412349148746330e+01 4.422918982294710588e+01 4.838806649455424491e+01 4.617440642942788287e+01 3.768493602653661867e+01 3.824936646292507447e+01 4.630031123723768616e+01 5.046220782446410880e+01 4.820830060886098067e+01 3.938314472718386128e+01 2.912981714184666160e+01 3.938314472718386128e+01 3.946089418160893558e+01 3.566358885168399695e+01 4.604094542745257712e+01 5.167872364509759819e+01 4.348619492212914395e+01 3.424054042572703338e+01 2.918073723863773239e+01 2.918073723863773239e+01 3.817906455410467714e+01 3.595643022295699609e+01 3.141766804021591852e+01 2.788314359381384477e+01 1.867114796336797511e+01 1.845813828978655735e+01 3.082973278334862499e+01 3.972987775621265882e+01 4.516639661720535059e+01 4.251723207942922045e+01 4.356151706736329032e+01 4.759929269178223166e+01 4.787203744679559492e+01
4.033151655196560625e+01 4.449770692998006183e+01 4.504270391858769784e+01 3.791609770327707452e+01 4.504450502010726609e+01 5.086709951776519745e+01 4.894842967743996809e+01 3.878483993475918368e+01 3.182839398419248766e+01 3.909408966875317759e+01 3.610917496162137752e+01 4.630031123723768616e+01 4.445322899429279317e+01 3.419080625994249090e+01 2.696184796570139142e+01 3.430119857647975579e+01 2.917861298381769686e+01 3.945210121452114294e+01 4.074060921836451854e+01 4.672074189835364422e+01 4.742810448819027869e+01 4.204606021604159594e+01 3.814860767419539656e+01 3.845852039871156336e+01 4.210766731323576550e+01 3.872157662786936072e+01 3.362874532618962320e+01 2.441693392469129265e+01 1.767187681252835318e+01 2.597591211654460963e+01 2.843993086146888061e+01 3.803171213709554621e+01 4.471331550673102839e+01 4.763606599100121741e+01 4.830087362698237285e+01 5.247195640579456466e+01 4.965527567865679259e+01
4.809148263555711367e+01 4.731139625371609014e+01 5.146252338148119776e+01 4.801837230270513857e+01 4.998078734902644982e+01 4.069076834485872496e+01 4.069076834485872496e+01 3.878562778959082635e+01 2.869993722997655539e+01 2.900098128617871041e+01 3.497359542610064409e+01 4.510994032380233421e+01 4.201923353878819256e+01 3.612282471514967597e+01 3.189939040562381578e+01 2.412176397270319228e+01 3.429853998282147387e+01 3.743056765900795568e+01 2.787813899101911375e+01 4.009558857012535782e+01 4.807253848261849072e+01 4.663748477441606610e+01 4.185077387126065673e+01 3.783944202576562077e+01 3.456863390977512296e+01 2.953156128029818461e+01 3.358677066878252759e+01 2.664681628221558540e+01 1.717727817463224937e+01 2.406394835510229413e+01 3.158894363003381045e+01 3.849338401845842839e+01 3.487874465448444283e+01 3.775922376704790651e+01 3.840051789859638376e+01 4.264691424714273182e+01 3.974395589219710700e+01
3.788483281982723838e+01 3.709644109947630852e+01 4.352693020791523537e+01 4.769829555027391166e+01 4.579313198933193974e+01 3.558839400010023013e+01 3.056372904141413471e+01 3.562725168189943048e+01 3.497359542610064409e+01 2.505649666888531613e+01 3.211077576729380922e+01 3.628277352460555250e+01 3.779712816273028864e+01 2.758213726753875505e+01 2.180590559099231740e+01 3.189096065288500981e+01 2.977343861959954907e+01 3.374294152594575280e+01 2.787813899101911375e+01 3.316492795310114872e+01 4.378269607424798693e+01 4.258039777360892231e+01 3.309862181761291566e+01 2.865511428600697741e+01 2.590303552410117760e+01 2.359225776591370050e+01 2.364421062909058335e+01 2.564394127454169592e+01 1.667694232357598949e+01 1.838247570737913605e+01 2.845443523214398951e+01 2.883964033605723287e+01 2.812682076595983105e+01 3.564160605331844067e+01 3.276559929192153930e+01 3.280075118479029328e+01 3.846426240246574224e+01
3.069937016714623468e+01 3.123406763490284277e+01 3.334034734825112167e+01 4.352693020806122348e+01 4.998202450318077439e+01 4.148005942467032270e+01 3.134269904725847766e+01 2.568160481103008763e+01 3.172623617521258055e+01 2.954695088829576832e+01 2.234521677410065976e+01 2.916843704860343678e+01 3.921404107964561803e+01 3.037724730069403023e+01 2.032406247600732740e+01 2.821359066108355407e+01 2.128229620997536031e+01 2.353397188176930754e+01 3.374478058938750280e+01 4.280190223426365748e+01 4.807253848261849072e+01 4.663748477441606610e+01 4.185077387126065673e+01 3.783949023923665322e+01 3.477796071288398849e+01 2.916786601870258622e+01 2.052923997032759829e+01 2.569538403378533076e+01 1.619118457930784416e+01 2.592458669046719066e+01 2.072749154987446474e+01 2.233048732814573611e+01 2.412689415556909367e+01 2.606684989001026409e+01 2.850789521016107742e+01 3.824357626219091344e+01 4.678859700634502872e+01
2.624837150301885558e+01 2.624837150301885558e+01 3.334034734825111457e+01 4.352693020678892566e+01 4.736468656784040121e+01 4.568050158153786811e+01 3.750386317910459155e+01 2.749674285242808125e+01 2.198015980345442344e+01 1.983603076095824491e+01 2.762080492917620234e+01 3.175007193125460603e+01 3.640329804629170241e+01 3.074360747759980939e+01 2.654535045910745694e+01 1.827093454059146183e+01 2.817743194136203755e+01 3.372529242630299962e+01 3.072985884001070289e+01 4.102344556634305661e+01 4.509904136540768604e+01 4.091894175180477333e+01 4.115901159902740147e+01 3.713438365338109293e+01 3.649288995102054400e+01 3.070536997236894550e+01 2.528306438667442890e+01 1.740807046461245378e+01 1.570570933044900741e+01 2.057653412327001163e+01 2.663221513103481186e+01 3.166715720237157328e+01 2.944595235854726667e+01 3.564160605334132015e+01 3.824357626216827555e+01 4.236525180338962571e+01 4.317243187987956787e+01
3.305498598640922125e+01 3.632392839039818710e+01 4.051932118627746604e+01 4.425507369065639551e+01 3.698226925198913051e+01 4.425507369065639551e+01 4.170399540970811358e+01 3.590390880648333649e+01 3.172623617509849581e+01 2.473047467970698676e+01 1.783005693130467861e+01 2.578942504119717327e+01 2.923689863087178509e+01 2.207054192303742823e+01 1.659330500398931463e+01 2.654534019846044401e+01 3.079053277423903268e+01 3.663863170982033779e+01 4.102344556634305661e+01 4.525095623289651314e+01 4.091894175180477333e+01 3.147806399501781982e+01 3.424322926637549358e+01 2.805585845461794037e+01 2.737009529414189757e+01 2.646166927326008178e+01 1.670569817184903982e+01 1.502913418393842448e+01 2.466952028368202576e+01 2.879389343956653846e+01 3.294357396927016879e+01 3.925493275838256579e+01 3.916149292551598649e+01 4.328570266240527076e+01 4.037262123356435950e+01 3.625057271118902236e+01 3.338344476671903749e+01
3.724195235837425599e+01 3.754545253897183699e+01 4.170615365603705982e+01 4.002320887869331756e+01 2.955741212074757485e+01 3.442900520043012591e+01 3.869987978092964198e+01 3.985299314824654004e+01 3.878977884130177500e+01 3.176012684902349648e+01 2.578942504125131663e+01 1.584291229176279892e+01 2.398168707849002956e+01 1.492100870690318004e+01 2.491351711928961521e+01 1.728031587018852377e+01 2.239976721549516725e+01 3.245004308530504744e+01 4.072730703000660668e+01 4.586561402732642279e+01 3.596906995991475497e+01 2.961780881203896598e+01 2.563722234819975654e+01 2.282663494174356345e+01 2.080017596917517864e+01 1.902421274443733878e+01 2.280145838850051376e+01 1.458688883453633522e+01 1.967675458999589111e+01 2.632830706960812606e+01 3.566196698223924955e+01 3.764242675396938154e+01 4.211714135684631799e+01 4.238906535256136721e+01 3.625057271121605140e+01 2.668095242484280050e+01 3.338344476671903749e+01
3.043702829133263421e+01 2.749797002659701306e+01 3.754545256525143060e+01 4.425507369065639551e+01 3.442900520043012591e+01 2.419449208434030396e+01 3.006499414462762942e+01 2.946962436318946388e+01 3.677826697447452631e+01 3.412123462296581522e+01 2.972259763298187707e+01 2.398168653057741295e+01 1.388595839124977260e+01 1.374059138681127301e+01 1.493765905187283849e+01 2.604141740535704841e+01 2.060317939035155987e+01 2.620347931816636233e+01 3.640337879445321789e+01 4.514377880750985383e+01 4.302743192637002778e+01 3.630841821288881732e+01 2.730765164544622792e+01 2.921400812193897067e+01 2.737009526824121863e+01 2.832368696257778140e+01 2.404873501068645325e+01 1.415706700338787272e+01 2.390221720232911906e+01 3.163546503690987777e+01 3.531323858927762416e+01 2.693070679640645082e+01 3.591730540929918902e+01 3.263359613984164298e+01 3.263359613984164298e+01 2.668095242484280050e+01 3.213041118496041548e+01
