output/example/elevation_000030.asc
nrows	50
cellsize	20.0
xllcorner	0
ncols	50
yllcorner	0
NODATA_value	-9999
[rows 17 to 33 of 50, columns 0 to 36 of 50]
9.098509734387574266e-01 8.748126497464708606e+00 -5.118972761759789023e+02 3.568131013198441170e-01 4.260533651760796126e+00 9.611452213380498932e+00 1.328366966189128284e+01 1.757468481433267371e+01 2.327619658948401593e+01 2.156408341620852198e+01 1.159020289628287870e+01 4.811395178286460350e+00 4.602528250599160486e+00 1.384844520606193186e+01 1.159761009138603782e+01 -2.854869301249155100e+01 1.044977842049553196e+01 1.614128302649713964e+00 2.011655373692522009e+00 1.047038142805679684e+01 1.167212745740989988e+01 1.613316191367767516e+01 1.218761724900348575e+01 -2.740514577926946913e+02 1.143724239845178658e+01 1.606442604637853222e+01 1.321648913408742132e+01 -2.580893405307162070e+01 7.383398508640819813e+00 1.533973106342671677e+01 1.872380211427228147e+01 2.306697116616945920e+01 1.645631275847407693e+01 6.830934653656832722e+00 5.643355210450414106e+00 1.025188148284927436e+01 2.005941427196421500e+01
6.729603419142361487e-01 1.067296034191337917e+01 6.512291790552676929e+00 1.011053645319504746e+01 -3.889454702283288157e+02 -1.939410615212130651e+00 3.615431987172995409e+00 9.310407687925506437e+00 1.916087101012628224e+01 2.097217422414838950e+01 1.520465689243484597e+01 8.353745576925529548e+00 3.198930484541559593e+00 1.089496024585549527e+01 1.050619444025911697e+01 1.649279867499520602e+00 1.686778986856764417e+00 -2.897510007111709456e+02 9.938578699743159106e+00 -5.143855636192610064e+02 8.255320000033119499e-01 9.217438433846115942e+00 8.036186743483860084e+00 -2.619339357955847731e+02 9.629185115800856565e+00 1.996997177643535437e+01 1.789243341790284347e+01 1.358257336956316408e+01 1.194551852759399679e+01 1.436426882951588269e+01 2.449968327813851943e+01 2.492816438682120861e+01 1.494768026700236874e+01 9.842830982547567942e+00 8.291771528633937294e+00 8.994536097277558540e+00 1.565408007237068055e+01
9.500813129397378543e-02 1.009500813129336194e+01 1.679871908495380595e+01 1.005631347497274319e+01 -6.197956925473500860e+02 4.835493890802819994e-01 6.338728969781992184e+00 1.409741776501988753e+01 1.999226450437240032e+01 1.682931691672177266e+01 6.828064736065614149e+00 -6.084128242467679684e+02 6.446525010326773497e+00 -4.692109303022491531e+02 8.496709176854848167e+00 -8.749702028511086382e+01 8.846231597371943423e+00 7.116797057982885200e+00 1.197794053020749949e+01 -2.225765511426207013e+02 2.127848078451577418e+00 8.131076325914881053e+00 9.590218189632063073e+00 2.089841996494894438e+00 1.230764188668769954e+01 1.639113903450079590e+01 1.813747652979379055e+01 2.254788344852798687e+01 2.250721374132357511e+01 2.453441278554589644e+01 2.889014217240612581e+01 2.666548719300869053e+01 1.666730726980593147e+01 1.400087300875067342e+01 1.659319908420900802e+01 1.155402145326286600e+01 1.625941625127495271e+01
5.074168083889973868e-02 7.121809492704385569e+00 1.712180949270725350e+01 1.444674478667864470e+01 5.557381470073163854e+00 1.025594467514594399e+01 -1.313983740823165078e+02 1.027969995496524014e+01 9.999578872140018504e+00 1.074042905110430901e+01 9.728207876041665259e+00 1.099948616210894681e+00 1.461577616093386434e+00 1.456741381838902116e+00 1.670475302390135752e+00 8.459513509615419480e+00 1.564752139363433869e+01 1.514730812272897253e+01 1.536193527293020722e+01 5.492701498656927583e+00 3.826340143867530852e+00 -9.472820720040911624e+01 -3.358253351156887589e+01 1.263178986733161979e+00 -3.050791546409330124e+01 8.212736316623560739e+00 8.233852331510874478e+00 1.814902090497013631e+01 2.410422276551697252e+01 2.844890036048105486e+01 3.425194161039740237e+01 3.084480226084676247e+01 2.666548721961423496e+01 1.972203943995122444e+01 2.481998571088455563e+01 1.512706518195523664e+01 1.504928430895877867e+01
2.528005767708579876e-01 7.323868388636320503e+00 1.732386838863461875e+01 1.961760917710531515e+01 1.545384489309557274e+01 1.387370869748989755e+01 8.546863583525343699e+00 -1.155727737209572012e+02 7.379393388420590227e+00 -2.969941186666198405e+02 8.767254242290270838e+00 -3.011290348282400373e+02 8.565237662228906146e+00 -7.609695903847216414e+02 9.690512373383558753e+00 1.565639007465439114e+01 2.260514752865244859e+01 2.072768705552437751e+01 1.076478366364691119e+01 6.372500389580681102e+00 9.291493891082424739e+00 8.000522444276944256e+00 1.127203390662255877e+01 3.839368912939753020e+00 2.787822364893874472e+00 4.650972662910263900e+00 1.296833893807886895e+01 1.631430610745049847e+01 1.424249187362884150e+01 2.003745159461297831e+01 3.009200068828363683e+01 3.266622088987404027e+01 3.394153076146029946e+01 2.975924401605272251e+01 2.921110722292794648e+01 2.074761381345329525e+01 2.070684331300459036e+01
9.791283598286071310e-04 7.072046940225290790e+00 1.707204694022386704e+01 2.200666738360677144e+01 1.200682194087275967e+01 4.950032032399295012e+00 -4.389627166072972386e+02 -1.940854134645494389e-01 7.193188463757494988e-01 7.486865831151241490e-01 1.242801896031057396e+00 7.306208838323879462e+00 1.514759669979209988e+01 9.652593208580675821e+00 8.313086502200935257e+00 1.830965809821902113e+01 2.544760853525030697e+01 1.550725666394291480e+01 8.693919101946626427e+00 8.007234735521496560e+00 1.803783600499785322e+01 1.505603279252938442e+01 1.748941263461592044e+01 9.115558815969055928e+00 2.653501563124773810e+00 3.314638938916612432e+00 9.430602226427001966e+00 8.469368362903328062e+00 1.323813029234653094e+01 2.327512696885711208e+01 2.355851865063970152e+01 2.289970865512999154e+01 3.266622088987418948e+01 3.572901475485939216e+01 3.491226758750968173e+01 3.070381256716175145e+01 2.769909506942762789e+01
4.600753433092569233e-01 7.531143155174719439e+00 1.753114315517273880e+01 2.493609136857315534e+01 1.493570885998358300e+01 1.276115665331826499e+01 6.345897641923821553e+00 -2.833862307067715278e+02 7.938489597913461537e+00 -6.668385091519403431e+02 7.209173742713509192e+00 4.260329504376603182e+00 9.084749293533558756e+00 1.908572937556374427e+01 1.830965809920255083e+01 2.245269739965101863e+01 2.521674824020475469e+01 1.521927197139992494e+01 1.085160382464969864e+01 1.498614309531412125e+01 2.219331418269001333e+01 2.504836354278508992e+01 1.936505251708122088e+01 9.357406018848521967e+00 8.552203698977910662e+00 3.368434454665081290e+00 3.922721336413396820e+00 1.159991252311743892e+01 1.814525262938687433e+01 1.698474457486312872e+01 1.485074084400778105e+01 2.355851865064674300e+01 2.583382880000926107e+01 2.583269349395354553e+01 3.073233946416974405e+01 3.484581003503537744e+01 3.778807491389558493e+01
5.979472710492108600e-01 7.669015082914673265e+00 1.766901508291249812e+01 2.444406167544195085e+01 1.443665396169476267e+01 7.389993721207309463e+00 3.647764340714473530e+00 4.539846317910122941e+00 5.193225347153726190e+00 8.667449147271550913e+00 1.488012431912150824e+01 8.994644345738079139e+00 8.022764357645829847e+00 1.312064195553918466e+01 2.307830723449485788e+01 3.082865791365482266e+01 2.079370212184063149e+01 1.407841078370424093e+01 1.366867852131444927e+01 2.345445068055665772e+01 2.917630077324148985e+01 2.939008029450295822e+01 1.936505262745069089e+01 1.841257198008646512e+01 1.336737118600088436e+01 -3.417615072672948173e+01 6.024607031286806524e+00 1.033220876882841255e+00 1.059893654789477324e+01 9.140287192410992745e+00 1.479472349584055912e+01 2.449356109363508338e+01 1.585296566042280020e+01 2.120910467300507918e+01 2.081722170917099035e+01 3.073233947037897806e+01 3.702019850159004477e+01
1.534601171854249602e-01 7.224527929050887032e+00 1.722452792904848096e+01 2.535672957238764269e+01 1.886500560800498505e+01 8.899146662174178601e+00 6.139816633472403140e+00 1.196024391832004952e+01 9.929363601670575079e+00 1.095326534123459616e+01 2.076338148442143705e+01 1.883487306516200732e+01 1.106160131393939317e+01 1.299099736038186670e+01 2.283316525804673702e+01 3.099535361368647202e+01 2.100924243069715303e+01 1.763318582208763630e+01 2.057545758800969793e+01 2.775103656375241457e+01 3.025535274597826074e+01 2.617586046034236702e+01 2.697425953592564696e+01 2.584992419895031901e+01 1.742199513808924749e+01 1.199769020432749933e+01 4.306976857008775639e+00 3.967450596496700843e+00 4.256783529774321728e+00 9.049294597440619370e+00 1.826543160570701474e+01 2.145695454793233736e+01 1.668056423985263237e+01 1.371088037702157436e+01 1.975837192014976651e+01 2.299909766429042790e+01 3.290193073128217094e+01
1.123418600940028211e-01 8.576781097118201913e+00 1.119583250757643711e+01 2.121243985767148388e+01 2.299361744205099001e+01 1.867826448980390452e+01 9.305883057645589318e+00 1.637658260214316641e+01 1.994530115755042843e+01 1.672598507127468537e+01 2.509661219402476817e+01 2.523209236758587792e+01 1.685894511857291889e+01 1.877884756324824878e+01 2.715604905195208474e+01 3.515324580251769504e+01 2.579223532881137260e+01 2.453874233991049891e+01 3.054325419373448014e+01 3.269526855258668974e+01 2.601216428007792913e+01 1.662572788804705226e+01 1.671436043192279186e+01 2.093095147955289548e+01 1.251596035702084642e+01 7.031672745506779343e+00 5.270052368090167860e+00 8.836701341139168164e+00 4.971437333848423457e+00 5.409999799100769557e+00 1.468002014418058820e+01 1.230500098804031062e+01 1.097308082769560933e+01 1.580642020537082537e+01 1.482447429856147281e+01 2.010424244801699345e+01 3.006559651622461615e+01
2.368195578726151052e-02 3.185959615955637592e+00 8.735849774578975158e+00 1.582158052827219308e+01 2.584040035286122716e+01 2.345685322171513931e+01 1.391454718708401828e+01 1.563429179856741236e+01 2.548895831477651086e+01 2.672715553750888873e+01 3.087149067485865217e+01 3.100870946168212328e+01 2.686381448720914022e+01 2.879126799914709167e+01 3.293546319810747036e+01 3.997034452257791770e+01 3.580938699928416469e+01 3.457690732783054699e+01 3.543382150607382641e+01 2.560658057509839836e+01 1.861569737956683923e+01 1.448399535373512492e+01 1.176996241962959822e+01 1.497612048141106023e+01 9.987896801793711532e+00 6.533177226985492858e+00 6.154408163765932471e+00 1.682295880258323351e+01 1.347542073000025908e+01 6.144675971731714093e+00 6.835768364499831939e+00 8.490601960681646077e+00 1.240915958282832321e+01 2.078841331521654112e+01 2.036259754204361627e+01 2.020252801393395004e+01 2.641082372698623004e+01
6.540601710037032834e-01 9.335631083809095898e+00 1.123988217224994202e+01 1.829627320676880942e+01 2.829070937205782954e+01 2.809746823803736859e+01 2.394280475941251396e+01 2.270308500307756105e+01 2.978543883688473315e+01 3.317315710201698664e+01 3.115565327799438933e+01 3.189449036761395107e+01 3.481751951889356178e+01 3.647367211421323674e+01 3.328504159586304922e+01 3.450816070173955552e+01 3.861437528645353012e+01 4.258016675238528137e+01 3.272593867600172501e+01 2.580866386848644822e+01 2.004831845913428623e+01 2.152916942735391714e+01 1.491944010623955563e+01 8.719813121050986382e+00 7.902045928049011181e+00 7.532003813118031132e+00 1.689788809642073986e+01 2.150559035747952308e+01 1.645702100328380268e+01 7.092349497349967891e+00 6.893499377802961625e+00 7.574081030503139189e+00 1.394102710314994020e+01 2.402912382882507458e+01 3.026034241768622124e+01 2.885583755058979705e+01 2.830039794340551396e+01
4.909850854147627119e-01 3.339429304910823237e+00 1.283841851673716228e+01 1.817913338256895983e+01 2.013046571135361873e+01 2.619590738522277107e+01 3.087528094669607626e+01 3.270896033685117033e+01 3.317315710201701506e+01 2.314021033599418686e+01 2.112977851747588076e+01 2.185124514775555227e+01 2.479284354720473260e+01 2.648370203110925303e+01 2.327329697904848516e+01 2.450132138553613714e+01 3.331424531020955015e+01 3.902703576547131803e+01 3.948590627236929151e+01 2.976166197588586826e+01 2.888377457855541408e+01 2.495184607530325493e+01 1.824076827789805577e+01 8.830100381245342689e+00 8.342053977927605501e+00 1.429742425955128660e+01 2.173253124524458713e+01 2.652226991884702301e+01 1.652557652353921114e+01 1.141892374961046741e+01 7.193564992242277079e+00 7.522431129582093590e+00 1.679200675784905528e+01 2.148057351144338512e+01 2.453306803176561601e+01 3.454038351391845652e+01 3.818601685613643326e+01
3.962370847149454534e-02 7.119161433987669874e+00 5.636963978912254092e+00 8.486875731091295449e+00 1.225578326354225389e+01 1.673030482955514486e+01 2.380485929380153820e+01 3.380357127823130270e+01 3.115434953251849848e+01 2.112801789451389567e+01 1.488796116135520009e+01 1.468363371900554526e+01 2.368514002248610595e+01 2.143025427373067160e+01 1.642268982057883875e+01 1.913359592902253681e+01 2.497919817216661542e+01 3.496223943048634908e+01 3.646325512864461160e+01 3.023700749996036308e+01 2.567160323771008734e+01 2.040741494182813298e+01 1.046952167086290864e+01 9.822932659602523486e+00 1.676103136227211010e+01 2.225721137380974923e+01 2.860449231914367729e+01 2.753033823955093240e+01 1.748145485454955761e+01 1.181379754475133836e+01 1.217957757290214893e+01 8.117281280431640766e+00 8.576153321701690757e+00 1.432208915570501340e+01 2.396679561686627835e+01 2.855241678065399924e+01 2.949629237340593946e+01
2.605283927408929001e-01 2.392535556296998323e+00 9.288521285776999648e+00 7.657974627417416968e+00 1.233688650327714065e+01 2.217163906635569504e+01 3.087528096524008348e+01 3.414162285846704492e+01 3.000047025006565349e+01 2.469055733011071396e+01 1.460710401665694746e+01 1.133192515163585767e+01 1.503862534996295963e+01 1.424707568316799211e+01 1.659878292858915572e+01 1.871027064738788681e+01 2.471737237871491999e+01 3.468589495902639186e+01 3.196835993208654614e+01 2.157261705263963236e+01 1.582344998073213560e+01 1.271184541126088696e+01 1.039090974251218924e+01 1.103708503606264024e+01 1.438476242572503416e+01 2.439345508927062767e+01 3.007787905045265830e+01 3.166518517810975197e+01 2.598089078985768552e+01 1.748553417457414128e+01 1.977392132730386720e+01 1.096032856714526815e+01 8.871451064288542909e+00 9.648432438729013683e+00 1.980185860159081557e+01 1.855017553279695974e+01 1.945568106959635557e+01
3.048053885361223792e-01 8.894258917905066397e+00 1.653467577678969036e+01 1.600205658366895989e+01 1.470811963687610735e+01 2.471885043246046010e+01 3.449649802621049588e+01 3.000046954192408322e+01 1.995038959734608497e+01 2.134178578807192039e+01 1.959513125012216506e+01 1.048430044596172195e+01 1.142021476144612002e+01 1.726736390631523221e+01 2.647065095234579246e+01 2.713806460399413112e+01 2.585481263938633845e+01 3.588643671568542004e+01 3.167816703672011869e+01 2.094565040945794365e+01 1.505779063270571783e+01 1.448020500302263613e+01 1.586009190994574602e+01 1.445974436388218010e+01 1.322700296644303641e+01 1.585898384404968020e+01 2.570476029879221613e+01 3.266200058981559096e+01 3.165929923956084480e+01 2.753240425888387222e+01 2.382337241675327277e+01 1.722908720196656418e+01 9.306493595211303926e+00 9.993213161918777843e+00 1.167241888857647680e+01 -9.399286491750473260e+01 1.358139605185567156e+01
5.470844782054917754e-02 4.526844402820135116e+00 1.030034709471641108e+01 2.030034709472543142e+01 2.471885043246060221e+01 2.886186832163762261e+01 2.817189248686969094e+01 2.028395284512728125e+01 1.849160750436873712e+01 1.284954201506043070e+01 9.783399997908739820e+00 9.102269265225228168e+00 1.834562538889687744e+01 2.562756142025970263e+01 2.550607216843954816e+01 2.965552559751759176e+01 3.588643671635902876e+01 3.999416031139513450e+01 3.633617433229723304e+01 3.001518620387662040e+01 2.417468160774236097e+01 1.908524777091115254e+01 2.557164723417994523e+01 2.409402973828071026e+01 1.575813681053324977e+01 1.561856302981655453e+01 1.848024418458838269e+01 2.556056781716489112e+01 3.560676075522324169e+01 3.242750621921190657e+01 2.246376148423564345e+01 1.526502374143115759e+01 1.764507260255315302e+01 1.207360609951468078e+01 1.134186598935946755e+01 1.216278012563380884e+01 1.317755374914584188e+01
