output/example/elevation_000337.asc
nrows	75
cellsize	13.33333333
xllcorner	0
ncols	75
yllcorner	0
NODATA_value	-9999
[rows 17 to 33 of 75, columns 0 to 36 of 75]
1.309999999999999880e-02 1.001309999999996236e+01 9.746133893966709039e+00 4.397651819494081238e+00 6.792419094339319230e-01 9.560696309533693871e-01 8.556376577181229237e+00 6.608779226755808978e+00 1.040274446595158864e+01 9.006602741520760347e+00 1.235086665484376489e+01 1.242051725922061500e+01 4.924135385850332725e+00 1.280358014771829289e+01 4.513634841265594666e+00 1.199677401867213256e+01 4.814179847874033413e+00 1.475521845463381787e+01 1.962374121967285134e+01 2.351348786601929675e+01 2.763912840139178684e+01 3.095727824150181817e+01 3.496734658720311728e+01 3.587050080531248142e+01 3.881758698544464181e+01 3.221831796289150418e+01 2.377299016033822454e+01 2.442525291005845389e+01 3.442203823505019500e+01 3.147652551321190018e+01 2.184908344679276482e+01 3.147652551321190018e+01 3.683913717278672806e+01 3.529360670646619980e+01 2.723519613204521050e+01 1.791595462968197694e+01 2.216850924143140489e+01
1.379999999999999977e-02 2.882106499742241867e-01 2.882106499742241867e-01 2.882106499742241867e-01 4.178792128232472258e+00 1.234966842953127220e+01 5.635814984655958426e+00 1.522938424178552275e+01 1.801726792655220777e+01 1.836878913000586522e+01 1.752090974322271322e+01 7.705093045777103633e+00 1.479396839390823182e+01 1.139266055452153914e+01 1.940207972841055550e+01 1.804520827654455672e+01 1.476063609197660220e+01 5.732047122101128878e+00 1.552178687305016069e+01 1.367634957120735884e+01 2.352284158690508775e+01 3.205454473306126317e+01 2.790219754483341674e+01 3.205941155372786966e+01 3.786418617661217212e+01 3.748013554595282670e+01 3.256426588256459809e+01 3.152659265561875657e+01 3.852303999667260825e+01 3.548271390844851680e+01 2.670125614531844249e+01 3.548271390844851680e+01 4.050275656310763850e+01 3.124116559451539388e+01 2.217043147522328539e+01 2.723519613463162514e+01 2.572321103912872786e+01
1.379999999999999977e-02 1.001379999999996251e+01 2.882106499742241867e-01 4.058791560893903139e+00 1.255423137548268642e+01 1.752306276728577217e+01 1.581198581466969166e+01 9.667363226187591252e+00 1.934605808655586401e+01 2.088700481140675080e+01 1.100051427988448616e+01 1.759150805658608974e+01 2.162622106425026658e+01 1.908591134716100157e+01 2.569061917900555869e+01 1.886134455833332879e+01 9.018946105364905819e+00 1.559597038686170123e+01 6.720675484207149886e+00 1.655519970090714210e+01 2.156619951254791445e+01 2.264233318510097348e+01 1.768395337267250156e+01 2.364545027868905080e+01 3.371702244787659453e+01 3.579087572073441237e+01 3.952527324822457899e+01 4.141226222192314310e+01 4.256817775811790483e+01 4.028545263633143492e+01 3.625179488110536141e+01 4.028545263633140650e+01 3.638113791745101366e+01 2.728560767523791597e+01 3.124116559451539032e+01 2.880576752323831258e+01 2.057929401914313061e+01
1.290000000000000001e-02 1.001289999999996283e+01 6.061832509969748983e+00 1.395243678264687226e+01 1.031854892813394109e+01 1.730534997738842762e+01 2.342750056175444229e+01 1.934605808655586756e+01 1.376939213937095374e+01 2.349139450765773418e+01 2.088700489393378490e+01 1.469718200405967679e+01 2.444721274138822409e+01 2.956542309447021211e+01 2.938850757654613588e+01 2.122210635532472622e+01 1.137468535544452841e+01 1.991259563444303993e+01 1.655528654607373795e+01 7.722126171456006105e+00 1.747964908092261638e+01 1.260977381083810833e+01 2.264233319559153301e+01 3.046257595697304055e+01 2.980850801861588195e+01 2.556309634755374915e+01 3.266313876299572883e+01 3.714128027405841692e+01 3.302914076421651401e+01 3.987316264364876872e+01 4.511998783882624053e+01 4.439949693930844887e+01 3.489063305553039385e+01 3.497228778736415933e+01 2.485962235579694735e+01 2.485962235579694735e+01 2.880576752316701672e+01
1.290000000000000001e-02 1.001289737428278670e+01 1.606195194890228350e+01 2.020309006564981757e+01 2.020711019781618845e+01 2.429701448584543400e+01 3.130796785584413655e+01 2.675773156725667690e+01 1.695352641976881358e+01 2.676139983053209193e+01 2.749657021339949026e+01 1.785365520184699761e+01 2.268091844131311063e+01 3.230632111241084203e+01 2.526909411169731712e+01 1.535632007404767130e+01 2.122210594011386320e+01 2.116349417289268686e+01 2.157224793180297695e+01 1.747664667520509951e+01 8.693018501632060691e+00 1.841076459807338850e+01 2.562743972344070187e+01 2.490498219515156109e+01 2.156881123818705248e+01 2.071405206641377816e+01 2.484556398242236597e+01 2.947745463475868277e+01 2.684899295097865135e+01 3.162468118676352091e+01 3.779626244957854908e+01 4.132444697944189471e+01 4.418594681913672417e+01 3.796730877029290951e+01 2.958767798341573396e+01 3.278260592790469019e+01 3.585663752902643608e+01
1.309999999999999880e-02 1.001309999999996236e+01 1.508503731890531263e+01 1.797835152549545867e+01 2.131535651014341681e+01 2.546830771027332574e+01 3.048241989250842110e+01 3.088039467652175318e+01 2.180663633680892133e+01 3.088241347082982458e+01 3.088171444979145974e+01 2.130708067039851983e+01 3.088171444979145974e+01 3.635114449281793725e+01 2.857244321269558185e+01 1.866266149429964472e+01 2.857203037304096682e+01 3.079519268701676538e+01 2.534361585432528940e+01 1.498136108021483537e+01 9.372297615351305566e+00 1.741070307392774197e+01 2.104994741957867177e+01 2.063992047816331876e+01 1.513149484979100734e+01 1.691466274701232564e+01 1.874861244428192109e+01 2.075927801659437577e+01 2.324876716981288283e+01 2.564809344682496928e+01 2.846055157235481659e+01 2.984575372353476652e+01 4.260758425389076365e+01 4.250433051782376026e+01 3.843514957016809319e+01 4.007554884393676531e+01 3.258026340579686320e+01
1.349999999999999985e-02 2.512799495311217601e+00 5.092788421238091168e+00 7.976275598678690848e+00 1.130453295402014469e+01 1.630128525430287567e+01 2.632971644402912403e+01 3.584612080769220910e+01 3.171616610942139758e+01 3.584612080769220910e+01 3.491490123489428044e+01 2.682636541616185966e+01 3.491490123489428044e+01 3.558720116124183619e+01 2.566684093040266390e+01 2.857244716746210500e+01 3.270783155886655891e+01 3.371272152071732364e+01 2.962493188751167850e+01 2.331448755009319385e+01 1.833078322804959015e+01 1.029973822195307598e+01 1.158926192514505438e+01 1.295121666192171439e+01 1.978749194118988086e+01 2.605479640235973093e+01 2.539126832215506369e+01 2.463456078052587017e+01 2.469582953703670469e+01 2.994500092363662702e+01 3.779624354801743635e+01 4.132444702289146932e+01 4.702120627020502042e+01 4.746237060191334223e+01 3.707337030666155897e+01 3.130197436676292355e+01 2.668517010324462291e+01
1.349999999999999985e-02 1.001349999999996321e+01 1.364940206513669274e+01 1.793129200505554621e+01 2.131535337634347727e+01 2.546830771027332574e+01 3.048428596181839367e+01 3.278457421941030958e+01 2.866676252590076501e+01 2.995295412683976011e+01 3.407108733671439182e+01 3.642142425092971081e+01 4.049516548474744582e+01 3.974882218734773431e+01 3.558720116124183619e+01 3.375631329116265533e+01 3.130179338449918092e+01 2.525371104770886177e+01 2.570521666973732877e+01 2.195196515948435234e+01 1.234580928245512865e+01 1.117694815778916784e+01 2.070753069531298252e+01 2.278495255851670009e+01 2.721114153783742751e+01 3.312970164225153269e+01 3.427851384217194664e+01 3.289774557446775560e+01 3.572132143535547044e+01 3.858911288062251543e+01 4.327596075213859450e+01 4.580401324763686688e+01 4.998820892004097516e+01 5.172965438726576082e+01 4.226787050782669297e+01 3.207519480741099471e+01 3.638311530696555707e+01
1.359999999999999924e-02 7.568926658901900417e+00 1.846311607208350125e+01 2.102744874943143571e+01 2.020442291075947239e+01 2.455926766925713878e+01 3.025672189052692929e+01 2.589297682186775162e+01 1.877787746154108817e+01 2.005969630809570958e+01 2.995294206029155859e+01 3.419629628726728754e+01 3.833583643273892960e+01 4.099269275116642319e+01 3.103186733912200523e+01 2.556972204658303838e+01 2.643507606717158609e+01 1.981974875156968352e+01 1.704858375718323416e+01 1.454783991181227343e+01 2.173673296748054540e+01 1.207098916705959901e+01 2.000719286490553372e+01 2.516205865251180995e+01 3.025330233627780885e+01 3.025332466219541061e+01 3.969602933187225347e+01 4.046902831750671936e+01 4.340933774437999659e+01 3.927969049289411174e+01 3.886147945263254400e+01 3.598578867132751213e+01 4.580401324915859362e+01 5.264652258534608364e+01 4.226787050782669297e+01 3.922289556460169990e+01 4.273818452491301656e+01
1.369999999999999864e-02 1.001369999999996274e+01 1.448827393054531498e+01 5.392360460451905091e+00 1.062278065371452662e+01 1.973794987527456968e+01 2.453948194115542591e+01 1.674448039329734428e+01 1.304650921524035923e+01 2.295735060187427834e+01 2.711538319377105566e+01 2.418238269556491460e+01 3.419629757712650786e+01 4.298515507888369314e+01 3.813686429412578605e+01 3.097179632581060105e+01 2.341604858021729285e+01 2.674199962540582831e+01 1.791708860397156755e+01 1.881411246305667007e+01 2.525165382555357851e+01 1.763697045153406506e+01 1.343282783133570035e+01 2.303265074302563420e+01 2.106034175544543174e+01 3.025213762522231065e+01 3.445294990340084951e+01 3.105332225180399774e+01 3.737510383530720759e+01 3.003488381820650588e+01 2.965834784226030152e+01 3.886148006962086043e+01 4.206581355800651778e+01 4.583374122219709790e+01 5.003325378759236486e+01 4.961909031284670846e+01 4.866223235971543915e+01
1.290000000000000001e-02 9.796364901185971030e-01 1.098019223396075716e+01 3.781748798923873611e+00 1.378902322425947347e+01 1.940406432922577906e+01 1.454010873315334962e+01 1.794870835367763817e+01 9.716323883510037618e+00 1.973276596762719848e+01 1.709121907174284871e+01 2.711538998028042968e+01 3.395562507754690529e+01 3.298490553548874260e+01 4.298515287438335264e+01 3.514399515748113600e+01 3.097179632581048025e+01 2.934989970988923602e+01 2.035432388488567312e+01 2.304125437814672139e+01 2.973268956302781874e+01 2.591489796809333868e+01 2.029669618621565164e+01 1.490233732024983659e+01 2.443866425584004531e+01 2.704693399968054024e+01 2.634874156088016051e+01 2.589844332199698229e+01 3.151629519270387547e+01 2.546647895465741840e+01 2.745349863473392915e+01 2.968405320014299775e+01 3.236280655895381386e+01 3.586474166692251231e+01 4.286617315877241197e+01 5.299808428948553995e+01 5.081416310566450534e+01
1.379999999999999977e-02 1.001379999999996251e+01 2.363280893420153905e+00 1.236868940289795482e+01 5.266552515633555309e+00 1.527960947945574510e+01 6.785479019733730688e+00 7.933783934732867138e+00 1.794870975829338633e+01 1.173659709260755690e+01 2.175724166664069870e+01 1.979182537541883136e+01 2.480781932631955300e+01 3.299586101075673383e+01 3.299587358997665376e+01 4.299627949794175663e+01 3.704461583728670604e+01 2.763314294371618729e+01 2.314584107318291473e+01 3.130158096566495374e+01 3.130158096364161224e+01 3.316515829622488098e+01 2.806081769880737298e+01 2.443867440431116478e+01 1.649463305500956167e+01 1.778878834967662570e+01 2.484418589598162797e+01 2.165280306258143384e+01 2.329321954323452815e+01 3.156977049685781722e+01 3.630890629480705201e+01 3.899745333105034462e+01 4.206581355800651778e+01 4.583374122219709790e+01 5.003325378759236486e+01 4.992979845015585738e+01 4.077232136502949800e+01
1.359999999999999924e-02 1.001359999999987416e+01 1.236946730445794884e+01 1.236908625822693963e+01 1.527960947945574510e+01 6.785479019733730688e+00 1.679964298201480943e+01 1.109891346054996220e+01 2.111648203829999915e+01 2.175724799032813550e+01 1.400179095407997387e+01 2.402765324536826341e+01 2.666114098092398521e+01 2.297979040756964153e+01 3.299587442133728388e+01 3.822887003943298367e+01 4.115768617934258344e+01 3.534485775717181610e+01 2.601276092881377622e+01 3.534485775717315192e+01 4.041019770231843466e+01 3.660440460294263687e+01 2.911392336609294773e+01 2.001909763881613102e+01 2.321904784383346154e+01 2.705695301567358513e+01 1.967660047938552381e+01 2.880497320772150260e+01 2.477474777583507404e+01 3.320563792502071010e+01 3.744880464943629050e+01 4.726515376047010619e+01 4.932922708140100099e+01 4.520205854779239019e+01 4.932922708140100099e+01 4.580591449642874124e+01 3.573701268794185637e+01
1.359999999999999924e-02 7.084667811867563891e+00 1.708466783800287203e+01 2.237129714372889921e+01 2.094456083247147404e+01 1.386758520791716620e+01 1.496306125887896421e+01 1.610854426355103186e+01 1.818369438109543879e+01 2.817353308833870429e+01 2.402765907656669953e+01 1.663312124354094479e+01 1.663312124354094479e+01 1.997927269578718068e+01 2.407726761538356541e+01 2.986215763457206407e+01 3.986439301244747213e+01 3.945672611552670617e+01 3.049985790036949851e+01 3.945672611552595299e+01 3.824232832288769401e+01 2.805948186233418795e+01 2.319923903992896896e+01 2.553488404001478429e+01 3.236698599138055243e+01 3.241511023171717909e+01 2.277507679393996298e+01 3.241511023166400918e+01 2.935163380623649587e+01 2.844768875581815948e+01 3.460456110298847676e+01 4.431541599396281583e+01 4.430067555981197103e+01 3.510633555955489271e+01 4.430067555981197103e+01 3.806591703637077018e+01 3.391068406263472212e+01
1.319999999999999993e-02 7.084267811865394116e+00 1.708426780959936053e+01 2.230470673768206424e+01 2.678762575601017204e+01 2.388024295270718866e+01 2.204432976924631049e+01 2.189439842916581824e+01 2.819781669572364535e+01 2.819805894000031898e+01 3.020455822452387551e+01 2.018227767999482225e+01 2.666114616293694795e+01 2.482372364931593367e+01 3.000208251329940978e+01 3.822887003706644293e+01 4.400104779687498535e+01 4.435540013984660845e+01 4.018985761418731073e+01 4.435539999652714016e+01 4.249952927226529198e+01 3.660440460294275766e+01 2.805948186233418795e+01 2.939602283167191388e+01 3.751568489683291574e+01 3.684267782740555930e+01 2.733878531133571244e+01 3.684267782740555930e+01 3.560953209378544670e+01 3.337372803611253147e+01 4.154924601500324144e+01 4.640429567108773057e+01 3.634057831144001227e+01 3.006431026650853866e+01 3.575785354055793164e+01 3.159986775337809206e+01 2.383806932257229150e+01
1.019999999999999900e-02 1.001019999999996202e+01 8.169527660168357741e+00 1.264169426024404963e+01 1.971492330247154001e+01 2.972565138288408448e+01 3.204911982043221741e+01 3.190145448001593564e+01 3.603183134044615343e+01 3.820634303306679413e+01 3.434608583446970442e+01 2.727349825548746409e+01 2.836843272209518219e+01 3.483673878718375505e+01 3.897582581609474062e+01 4.414234832818637955e+01 4.454121578999812670e+01 4.164316031428277398e+01 4.331237851382346093e+01 3.920860506574393867e+01 4.331237851382346093e+01 4.249952927226357247e+01 3.824232832288769401e+01 3.855027022600038578e+01 4.267263477525862214e+01 4.204052924157619486e+01 3.767901620298224685e+01 4.204052924157619486e+01 4.537682331129358460e+01 4.301546282560440204e+01 4.718951909702796854e+01 4.347147774660849251e+01 3.338686345329616501e+01 2.625750436417083122e+01 3.159986775250836288e+01 2.146882606286818174e+01 2.146882606286818174e+01
7.249999999999999500e-03 3.169527660168375505e+00 1.316952766016833820e+01 2.202993183768652585e+01 2.673377865624253502e+01 3.036250766647621546e+01 3.266729496980607195e+01 3.007994487952611351e+01 3.434080508788150610e+01 3.191743688292265801e+01 3.601461971532368267e+01 3.728076417911825757e+01 3.837438176963588887e+01 4.251171184098439682e+01 4.460187041333634284e+01 4.050310421070272326e+01 3.445583320837190655e+01 3.147874484422071717e+01 3.327873836175523792e+01 2.893777465196619758e+01 3.628663667715365193e+01 4.626286077954021181e+01 4.357201826671899880e+01 3.345572613081394309e+01 3.345572613081394309e+01 3.421613535517815308e+01 3.421613535517809623e+01 3.838211560631135200e+01 3.966372318914431361e+01 4.376306230975201572e+01 5.166362704860505062e+01 4.163033164539902486e+01 3.449127877507998363e+01 3.265876031262846624e+01 2.253489402548553855e+01 2.918630285360602272e+01 2.146882606286818174e+01
