output/example/elevation_000202.asc
nrows	75
cellsize	13.33333333
xllcorner	0
ncols	75
yllcorner	0
NODATA_value	-9999
[rows 0 to 16 of 75, columns 0 to 36 of 75]
1.369999999999999864e-02 5.013700000000007151e+00 1.208476781186550575e+01 2.208476781186914906e+01 3.010944693000129391e+01 2.718663435743481216e+01 3.011239140061731590e+01 3.255177008956056284e+01 3.547950634343179388e+01 3.473198781835862547e+01 3.343564828787711463e+01 3.757780022622977611e+01 4.334792744787608143e+01 5.076789465414722713e+01 4.787938597561084464e+01 4.842849481513751897e+01 5.251276732293120375e+01 4.554109365880343319e+01 4.141980365629422778e+01 4.141980365629422778e+01 4.141980365629422778e+01 4.554109365880343319e+01 5.043703869704337706e+01 4.633560396799440895e+01 4.633560396799440895e+01 4.727105850509879303e+01 5.137072868803469561e+01 5.046840046144002656e+01 4.635814579379997014e+01 4.635814579379997014e+01 4.712327079788330053e+01 4.637244343569250304e+01 4.637244343569250304e+01 5.047069359710448566e+01 5.107312923021498818e+01 4.685172663634417489e+01 4.685172663627851364e+01
1.279999999999999888e-02 1.001279999999996306e+01 1.915583562362534664e+01 2.111922468877505565e+01 2.011594642016803647e+01 1.718754160443041101e+01 2.011621592582517692e+01 2.255545673310093235e+01 2.548330912834229522e+01 2.474097762613591200e+01 2.344453572558519383e+01 2.921406000389943003e+01 3.920244512810941728e+01 4.080633105908806613e+01 3.787657578525460877e+01 3.844068305931652674e+01 4.676850832598335472e+01 4.141980365629422778e+01 3.111661201693216228e+01 3.111661201693216228e+01 3.111661201693216228e+01 4.141980365629422778e+01 4.633560396799440895e+01 3.636678729423309875e+01 3.636678729423309875e+01 3.730974726815063747e+01 4.563035706114341394e+01 4.635814579379997014e+01 3.682602197213445550e+01 3.682602197213445550e+01 3.753473120972130772e+01 3.680220633535265762e+01 3.680220633535265762e+01 4.637244343569250304e+01 4.685172663634514834e+01 3.689460777482760534e+01 3.689460777482759823e+01
1.299999999999999940e-02 1.001299999999996260e+01 1.284102454527447357e+01 1.110748117391319312e+01 1.527987150251180815e+01 1.010154781254905565e+01 2.011615812808246773e+01 1.546749157302252264e+01 2.319147533850372866e+01 1.765908052708407183e+01 2.766727676053402263e+01 3.420414190047931413e+01 3.919909680641981709e+01 4.036718183974618057e+01 3.052026642124776501e+01 3.245453877641510587e+01 3.723632496207257248e+01 3.831870913298536863e+01 3.413434698023677782e+01 2.344483389044182786e+01 3.413434698023677782e+01 3.936804941964970794e+01 4.525739071910478373e+01 3.928658609757225406e+01 2.928750133704485492e+01 3.152852824314706126e+01 4.151989278060766964e+01 4.560503848143093819e+01 3.605275338985664035e+01 3.018538167350962098e+01 3.082198390524667531e+01 3.008694002097972842e+01 3.960526388447912183e+01 4.494943501009334597e+01 4.077732932116743569e+01 3.981098036828238662e+01 2.994397183880837332e+01
1.369999999999999864e-02 1.001369999999996274e+01 2.834276440142592168e+00 4.029526855796875751e+00 5.269946200004501868e+00 6.561157020114082528e+00 1.657642240094972053e+01 1.097809204060945021e+01 1.316765970478615877e+01 1.651634729489868647e+01 2.006606911625719292e+01 2.507123138301264120e+01 3.505627898982786661e+01 3.620628859505443842e+01 2.564431262925085875e+01 3.221423777534888444e+01 2.673460503161332724e+01 2.784312503783183601e+01 2.784327107022233250e+01 2.039104113449839417e+01 2.455784807537511227e+01 3.083150961434023429e+01 4.113690557234161815e+01 3.575137577765825370e+01 2.575935136352402210e+01 3.575137572994399449e+01 3.714951150111244260e+01 4.126795866638316568e+01 3.605275343660855469e+01 2.659865326964473908e+01 2.531916710234098744e+01 3.484609822064364693e+01 4.155281387472667376e+01 4.077732932116769149e+01 3.092924374007787947e+01 3.381368122506989238e+01 2.738709733584167338e+01
1.290000000000000001e-02 1.167600569038203862e+00 1.117001750116359915e+01 1.110748121606848926e+01 1.105053176445410124e+01 1.657642358292114082e+01 8.582908281742211543e+00 1.860742372746512174e+01 1.599708321436311564e+01 2.601111388270709668e+01 3.006375518041583206e+01 3.420414190047931413e+01 3.919909653061338162e+01 4.036779667020134355e+01 3.221423777475799710e+01 2.146317395218180124e+01 1.904354386372929753e+01 2.663529808566978119e+01 1.709104508944962575e+01 2.784327107022233250e+01 3.518708244184037426e+01 3.936804931758966575e+01 3.973823173699124567e+01 3.332795388916161272e+01 2.334561897849921408e+01 3.008925676900625490e+01 2.716480352365514861e+01 3.714951150588746742e+01 3.395169571090537630e+01 2.375858381635621797e+01 2.271708989692679026e+01 2.793046943901785184e+01 3.750120870926705408e+01 4.077732932116678910e+01 3.092924374007787947e+01 2.426873013637914411e+01 3.366051705156617402e+01
1.299999999999999940e-02 1.001299999999996260e+01 1.531314568967827228e+01 2.111925204557777391e+01 1.813029652920330292e+01 2.155041669225985146e+01 1.147748171149081919e+01 2.155041646402959188e+01 2.601111021492792119e+01 2.233710288246636821e+01 2.940666772862286038e+01 3.939848136361195685e+01 4.504143955683066736e+01 4.249313699425107416e+01 3.221423370183363488e+01 3.221416684186637269e+01 2.663511548913520954e+01 1.593711665854640458e+01 1.507228688368094716e+01 2.573457140592205761e+01 3.414276454687616535e+01 3.789656268474924161e+01 3.561808669654025294e+01 2.564039369772317301e+01 2.747133447842434251e+01 2.012050565669969160e+01 2.586850253900572483e+01 3.585491429183310430e+01 3.718795675056378514e+01 2.945800102606119353e+01 2.022165627958643341e+01 2.976218459274522843e+01 3.335062450606585571e+01 3.743731291316835552e+01 3.194156352717965319e+01 2.262124988490186439e+01 2.733742730824058143e+01
1.299999999999999940e-02 7.084067811865485176e+00 1.708406781186555179e+01 2.368161833116772286e+01 2.812578883149417663e+01 2.155041854063052043e+01 1.860405908251727425e+01 1.794697582515978240e+01 2.830824858496742991e+01 3.233320218595898154e+01 3.647509636548536349e+01 4.205385280057402042e+01 3.503239873658595371e+01 4.205385154021768557e+01 3.500720400633429819e+01 3.078140365871490403e+01 3.020284410260109453e+01 2.279960037460339350e+01 1.313895642049819479e+01 1.920549340040778574e+01 2.988589965186294251e+01 2.792470898112045319e+01 2.792471368681971100e+01 2.508992248650046974e+01 1.750917337666979989e+01 2.747133447842434251e+01 3.421637968630889759e+01 3.997556300503737958e+01 3.451472192860350674e+01 2.812598487555148097e+01 1.859280525174644794e+01 2.653713288973888851e+01 2.371489225515893651e+01 3.335062450606585571e+01 3.027741571066586701e+01 2.111792222110265271e+01 2.794099781251844661e+01
1.290000000000000001e-02 4.485036266861182952e+00 9.485051303697771274e+00 1.655743395753561842e+01 2.658905642817389392e+01 3.159966270967755619e+01 2.866356205224657216e+01 2.576229299988367316e+01 3.253266656324623085e+01 4.058356824461240819e+01 3.647280086375007357e+01 3.796397523913388738e+01 2.768797739760643140e+01 3.796397523913388738e+01 3.078159122519232227e+01 2.019851299287708457e+01 2.329808395938579224e+01 2.047915330607772688e+01 1.179694287699249244e+01 1.923515617525908894e+01 2.984836253920010307e+01 2.706658860799970512e+01 1.795482562238585800e+01 1.512009068266453582e+01 1.957948824288637724e+01 2.532879617841648567e+01 3.531142624338894365e+01 3.731792644268317360e+01 2.760029212513931896e+01 2.087058245009601620e+01 1.697853364159853840e+01 1.697853364159853840e+01 2.371489225515893651e+01 3.335062450602227102e+01 3.434012714380114772e+01 2.807567582008218210e+01 1.899978613317178855e+01
1.349999999999999985e-02 1.001349999999996321e+01 1.511569090347193978e+01 1.804104220094704303e+01 2.146771932867121535e+01 2.559407275904831991e+01 3.043111480178385619e+01 3.680748759129742353e+01 3.618308612954336922e+01 3.647280086375007357e+01 2.618340530272140043e+01 2.919709948823592427e+01 2.372178773733367763e+01 3.407995281772012675e+01 2.824606640591220597e+01 2.325457902282961697e+01 1.263508449908928988e+01 9.928015109858726817e+00 2.047915927331556674e+01 2.666576133796108294e+01 2.512585055776934340e+01 2.099577967167755688e+01 1.293245286957686524e+01 2.293977340236576268e+01 2.921718967528935451e+01 3.367434959164227593e+01 3.943188044905148359e+01 4.021005136647150380e+01 3.044643154089893144e+01 2.371489205123287647e+01 1.697853364159853840e+01 2.471437919041894915e+01 2.874186001634187448e+01 3.213747896023451744e+01 2.980279930957045664e+01 2.663424549271440256e+01 1.748995841311844046e+01
1.379999999999999977e-02 2.513800149696327146e+00 5.095792181505516716e+00 7.982594554096625217e+00 1.131663481805951754e+01 1.540613609625032687e+01 2.578836557945633245e+01 3.165937708156073072e+01 2.654253078683903411e+01 3.330568261290536469e+01 2.919709948823569690e+01 1.886161023509450629e+01 2.919709948823592072e+01 3.142336975048203840e+01 2.082939129048845217e+01 1.333411709326788852e+01 8.625923570391444528e+00 8.625923570391444528e+00 1.756090908874860190e+01 2.189400335608041814e+01 1.912271233127850323e+01 1.090900314059395626e+01 2.099577967167770254e+01 2.110982755563162172e+01 3.108209867725796371e+01 3.543266197437823450e+01 3.134120266034632962e+01 3.543266197437944953e+01 3.743631107941153147e+01 3.057554624855699288e+01 2.471429430888494494e+01 1.510382798386681458e+01 2.295973217690416135e+01 2.278826286885448127e+01 2.012802520909354342e+01 2.337712128252194077e+01 1.596408532361276755e+01
1.290000000000000001e-02 1.001289999999996283e+01 1.512354098516046541e+01 1.804108166730602392e+01 2.146771932867121535e+01 2.558923689674780277e+01 2.966019675175510173e+01 2.936618407230583117e+01 1.956412071042320378e+01 2.936618407230584182e+01 2.669037647685967229e+01 1.642265157113537910e+01 2.367197164248131358e+01 3.397270662335258606e+01 2.824675177525569580e+01 2.352592136354115837e+01 1.604200066056846552e+01 1.756091976830576940e+01 6.993900418073955016e+00 1.744009230380264341e+01 8.932553088454682211e+00 1.912271233268831594e+01 2.512587185970028258e+01 3.108209867725796371e+01 3.026387739372437835e+01 3.044639028118011126e+01 2.132935586598212652e+01 3.044639028118009350e+01 3.104120773696022439e+01 3.253174207249313810e+01 2.874222322451426592e+01 2.295973662070490917e+01 1.328745166492431551e+01 2.212771696990388293e+01 1.335017138137577497e+01 1.389310526889113895e+01 1.443622401197246852e+01
1.359999999999999924e-02 5.100934878547179530e+00 1.275554024813097165e+01 2.408453819950532093e+01 2.878721736201794457e+01 3.140086610186025950e+01 2.462252461928681058e+01 2.087904775940621604e+01 1.578827420766145906e+01 2.548407443766962643e+01 2.149833731337103515e+01 1.422534588229919805e+01 2.444982906779534204e+01 3.227837234756197660e+01 3.635316379033872636e+01 3.051535151866956141e+01 2.508501034042328115e+01 1.673456092586287980e+01 5.837477325516411852e+00 1.554126850809751659e+01 7.579430820778378930e+00 7.579430820778378930e+00 1.771189552345402873e+01 2.169786868171481942e+01 2.077367941385004357e+01 2.142382519256246809e+01 1.648020866817959984e+01 2.590612244057677316e+01 2.116096253383043546e+01 2.359405588839691603e+01 2.473948259373556269e+01 2.107796591090576044e+01 1.203326270123250730e+01 1.258072792070334067e+01 2.202253810379236043e+01 2.088059499009553477e+01 2.369508650631790658e+01
1.349999999999999985e-02 1.001349630124958878e+01 1.821891466883049304e+01 1.950888195530643898e+01 1.947715501105377811e+01 2.627670866777274838e+01 1.784850516964254297e+01 1.067962946035485494e+01 1.692602116661097966e+01 1.875951827171555664e+01 1.126801191511058597e+01 2.149833731334819120e+01 2.866063335216031049e+01 2.225980557984026831e+01 3.060169098539408949e+01 2.594947248818638386e+01 1.943453028592892196e+01 1.226518730589264550e+01 5.837477325516411852e+00 6.244150872404931718e+00 6.244150872404931718e+00 1.467490186504178951e+01 7.197878847756183696e+00 1.718338128491020100e+01 1.673272323958019214e+01 1.158145992291563253e+01 1.896830674470814770e+01 1.899370896980183332e+01 1.438463910630932752e+01 1.999605142872142594e+01 1.984565419615481829e+01 1.130668613376802689e+01 2.106254471544298212e+01 1.955581558268442066e+01 1.886495512262739993e+01 2.684536196463409752e+01 2.676149307665824040e+01
1.319999999999999993e-02 1.001175132762139519e+01 1.379051302238125309e+01 1.057214918068510912e+01 1.819017136049526684e+01 2.228368644378144481e+01 1.333191788363348174e+01 1.475545811840085086e+01 6.501703788020509300e+00 8.416023767746390050e+00 1.875951818357608403e+01 2.412521062160541518e+01 1.990834392900704586e+01 1.606908656225681753e+01 2.276270550098519863e+01 1.921818064434005535e+01 1.219140982423127895e+01 5.285833702482239715e+00 1.412768297227917103e+01 1.645085100473979622e+01 6.244150872404931718e+00 6.651770250410041108e+00 1.627797905891548780e+01 7.735645891127099993e+00 8.123776011920739393e+00 8.519344026778515655e+00 8.928897848455545017e+00 9.359101264653029162e+00 9.800249427109868350e+00 1.024785163690630263e+01 1.069390689641739023e+01 1.833423367154449934e+01 1.130668613376802689e+01 1.765209380391173610e+01 2.584925898607431449e+01 3.139759700275499910e+01 3.580876894288629586e+01
1.299999999999999940e-02 5.292190852393794387e+00 3.374747393009581931e+00 6.558395589076599030e+00 1.250136100705315378e+01 1.624913257700625380e+01 1.299556243916132381e+01 4.417119048922952373e+00 1.460720460499911333e+01 1.850702680760181096e+01 1.855326915607128413e+01 1.767028089885992159e+01 8.740875936266899515e+00 1.483092763751278653e+01 1.257746691881240153e+01 1.424559875957138466e+01 4.824450300780668499e+00 1.390861044499180998e+01 1.230699022827928069e+01 1.452608702750067771e+01 1.500726623625131495e+01 1.598952149292471425e+01 1.714856417799004973e+01 1.005759207829909663e+01 1.645834512779039471e+01 1.728857314604659834e+01 1.098242844911284877e+01 1.335284874871173422e+01 1.928832642476288584e+01 1.517770677646952571e+01 1.947749869803223532e+01 2.192019794844982883e+01 1.202748609200036967e+01 2.213047060956256828e+01 2.700727739973672215e+01 3.232871463973034309e+01 3.597753146927844625e+01
1.349999999999999985e-02 2.990977389887685689e-01 3.374747393009581931e+00 9.283296060520552118e+00 2.143721971491590494e+00 1.110331951789740934e+01 5.621235470246741528e+00 3.154890287481529221e+00 1.159593757117625223e+01 1.248154875566150679e+01 9.943958016794679722e+00 6.251532140196524701e+00 3.462921362647414902e+00 3.745810616746127586e+00 8.144152232926453294e+00 4.473195065151711169e+00 1.162419834399659813e+01 1.804848262805917614e+01 1.733477663792483625e+01 2.261846572590342674e+01 2.551627276018600554e+01 2.274814810726464742e+01 1.347527365964926815e+01 2.073131337403772889e+01 2.354690009421415553e+01 2.218235365737226417e+01 1.288603305078469141e+01 2.234332980791986145e+01 2.726376095999433957e+01 2.433288220732152851e+01 2.695298150094311396e+01 2.618756845364037744e+01 2.216940224104419954e+01 1.303573602039354995e+01 2.316853674601204105e+01 2.341044632630228151e+01 2.840453762816717997e+01
1.369999999999999864e-02 1.001030375667052930e+01 7.035137007268820186e-01 9.897548787342870247e-01 1.277545841884316413e+00 1.566012036701151189e+00 1.855173418752842140e+00 1.855173418752842140e+00 2.152193429701418470e+00 2.449391194858873799e+00 2.747737372593163307e+00 3.046030315962259039e+00 4.032637385496285809e+00 9.087263120697093299e+00 4.113226167543940548e+00 1.357512426487781632e+01 1.764236838511168415e+01 2.424695426252961994e+01 2.520669530390572532e+01 2.886115007971296009e+01 3.008605231879109709e+01 2.028679784836439381e+01 2.315393663221115261e+01 1.759054686617136554e+01 2.724474640639091305e+01 2.689318925499072321e+01 2.270261102457987690e+01 1.576718487983495898e+01 2.282823190059609075e+01 3.296858119952735677e+01 3.149160172669485291e+01 2.332875203291906274e+01 1.705237136212131333e+01 2.316853674600321966e+01 1.411423860974942102e+01 2.419071808829194481e+01 1.883122205519276804e+01
