output/example/elevation_000041.asc
nrows	75
cellsize	13.33333333
xllcorner	0
ncols	75
yllcorner	0
NODATA_value	-9999
[rows 17 to 33 of 75, columns 0 to 36 of 75]
1.309999999999999880e-02 4.095582904729364593e+00 9.869086065893499793e+00 1.986972475403284477e+01 2.659011078402361505e+01 2.782097173922198863e+01 3.193454580008956967e+01 3.726910397119571172e+01 3.026851954850350523e+01 2.061745609991908523e+01 2.337025358821373899e+01 1.995523739252417528e+01 2.072223215872873681e+01 1.664775711207325415e+01 7.612717514929767226e+00 7.612717514929767226e+00 1.384376987046248431e+01 2.655200799329684003e+01 2.891928897110191699e+01 2.189009617968764587e+01 1.754047536862600154e+01 1.754047536862600154e+01 2.027847003191784481e+01 2.325710786660573959e+01 2.678032327273915314e+01 3.277974112509539140e+01 4.396856165547394824e+01 4.697975455347079787e+01 4.544995288781583298e+01 3.715247478773665080e+01 4.544995291491979117e+01 5.364682613519635623e+01 4.967652918937062623e+01 5.348580560702535536e+01 5.085934551140175586e+01 4.090661574504283493e+01 3.391161372445608890e+01
1.379999999999999977e-02 1.001379999999996251e+01 1.823876072965013506e+01 2.365990144033042242e+01 1.658171107738555605e+01 2.366033539279094455e+01 2.813906398781934115e+01 3.391842671536542042e+01 3.426371920701804186e+01 3.026976027057182606e+01 2.934011232851094064e+01 2.528396286071327381e+01 2.309575117799455413e+01 1.834008840904436610e+01 8.326969122019139746e+00 1.772253632312958516e+01 2.217432258607957962e+01 2.567771197134062788e+01 2.272803014260657406e+01 1.488033848788245628e+01 2.479548637745318374e+01 1.754047536862600154e+01 2.803382701317413250e+01 3.363346192717541072e+01 3.747121190658974399e+01 4.215628238718554854e+01 4.862513896845817385e+01 5.223109996434170910e+01 4.926669996734145229e+01 4.710138879823207958e+01 5.132221606610779929e+01 4.871873818524333188e+01 4.037120180363081090e+01 4.560901097455706577e+01 4.958207953364595255e+01 4.792195965914996947e+01 4.295001509117222582e+01
1.379999999999999977e-02 1.001379994106030757e+01 1.373465768148812671e+01 1.597326852117377527e+01 9.502245854897251931e+00 1.398053184684619055e+01 1.975955927319146355e+01 2.976631968685206786e+01 3.775156276597619609e+01 3.286527207038241016e+01 2.528421436285022139e+01 1.543362147956802310e+01 1.318859711287219305e+01 1.112637364612437629e+01 1.834096973932090791e+01 9.415694636279823726e+00 1.941918767693695358e+01 2.076021074423821844e+01 1.277518154751390789e+01 2.272803014260657406e+01 1.877359616271417053e+01 2.755332792233537731e+01 3.246916632378536605e+01 4.030803811305914053e+01 4.520023343704992413e+01 4.808602000937138854e+01 4.389982368193434326e+01 4.216698774657078985e+01 3.922619065578160047e+01 4.634748021335458645e+01 4.764941430014511781e+01 4.513505870184814484e+01 3.542225775695739998e+01 3.584753951119110127e+01 4.397500556428529705e+01 4.553615765613479738e+01 4.959456789223034434e+01
1.290000000000000001e-02 1.594043210667090982e+00 3.726206265162255171e+00 5.963034581696169845e+00 1.597326852117761575e+01 1.528314348912465448e+01 2.106152127191252887e+01 3.106708804436179250e+01 3.371929267568174993e+01 2.392875523150958017e+01 1.903901798377246379e+01 2.528421436284706303e+01 2.020920100617327719e+01 2.108622599142211129e+01 2.351469168743847504e+01 1.941979304727775357e+01 9.415694636279823726e+00 1.076515302645015026e+01 2.076021708152076073e+01 2.684983179746427595e+01 2.863293046464520231e+01 2.297978519906753547e+01 2.646357781936548292e+01 3.136301548370757786e+01 4.109982805991973720e+01 4.389982368193434326e+01 3.389300892400590470e+01 3.682393710852552715e+01 3.217105437397859902e+01 4.216698774581505660e+01 3.757151255077466345e+01 4.472806715269550182e+01 3.997322362676176510e+01 3.002903512366088634e+01 3.855252169267239282e+01 3.565979646178887208e+01 4.553616848750303348e+01
1.290000000000000001e-02 1.001289999999996283e+01 5.027511318796017648e+00 1.507920918662391863e+01 2.011920870930395466e+01 2.529018273459117339e+01 2.944173939686301367e+01 3.522777807693785945e+01 3.774768797158982636e+01 3.201544095343809460e+01 2.229580844447797361e+01 3.201544095344633689e+01 3.006906420542242842e+01 2.730748124590733283e+01 2.095774365391592653e+01 1.097499164157044582e+01 9.415694636279823726e+00 1.942659108104290056e+01 2.076021651320456129e+01 3.070024504048243941e+01 3.689024938783061458e+01 3.280045526641143283e+01 3.623142177181340173e+01 4.030803811372489776e+01 4.520023343915219982e+01 4.389982368193434326e+01 3.389300892400590470e+01 2.698442814829046554e+01 3.323105660738735878e+01 3.422445542253042561e+01 3.057101451149975802e+01 4.052326153187661362e+01 3.722447367606216773e+01 2.725523390896953657e+01 2.856420548344493682e+01 3.855252169267239282e+01 4.344796149718574441e+01
1.309999999999999880e-02 1.001309999999996236e+01 1.507920918662391863e+01 8.827265926886736835e+00 1.894438741729534570e+01 2.683710882109433271e+01 3.103218492442300303e+01 3.658733904079007715e+01 3.930992148074594184e+01 2.999978925391998530e+01 2.916768130529938219e+01 3.603388145665365272e+01 2.968152683346278309e+01 2.318995033287495389e+01 1.326805647614243178e+01 2.095774389317184472e+01 1.942658896294217996e+01 1.118942313880996231e+01 1.826874085415823856e+01 2.820459549735753058e+01 3.790607035738325692e+01 3.375747859244000182e+01 3.690520364769987793e+01 3.690520364769977135e+01 4.690450650019047174e+01 4.603108352910042100e+01 3.601076881858364942e+01 2.904768311949336379e+01 2.373424343833613648e+01 2.463219709728796047e+01 3.059711397125633070e+01 4.042789486641563457e+01 3.465804034175167914e+01 2.482833339512394133e+01 2.492938677806068526e+01 2.948078006461385669e+01 3.937026302063217287e+01
1.349999999999999985e-02 7.084567811865461806e+00 1.708456781186539075e+01 1.894438741729534570e+01 1.315308147843522413e+01 1.656463149565527715e+01 2.178818720159882716e+01 2.978847579319877781e+01 4.127884077371228244e+01 3.930992148074214754e+01 3.889054091826123027e+01 3.228936584755591355e+01 2.556624613741008289e+01 1.569598728766171547e+01 2.319015919884580512e+01 2.730811939401674948e+01 2.244451917472353486e+01 1.247905581515942686e+01 2.244451961307687782e+01 2.843251196668421699e+01 2.985678353285422304e+01 2.381261847974019474e+01 2.695122302509931345e+01 3.398380391413756740e+01 4.395808650557911790e+01 4.603108352110778867e+01 3.601076881858207912e+01 2.904768311949336379e+01 3.059711462195358322e+01 2.150297368677944476e+01 2.851059041479036793e+01 3.245416867505259972e+01 3.308674339319288293e+01 2.903070327384363480e+01 2.194346349268283447e+01 2.839821517391618144e+01 3.829028102888146634e+01
1.349999999999999985e-02 1.001349999999996321e+01 1.774593552639565885e+01 2.234793676884828173e+01 2.335446713399042906e+01 2.683710882109433271e+01 3.103218492442300303e+01 3.327052655747003485e+01 3.327052655748536125e+01 3.745462539103491650e+01 3.517724992156014707e+01 2.527325195275027525e+01 1.832783203032518315e+01 2.556624342988850529e+01 2.556624570645221439e+01 3.548519973433558761e+01 2.657130005296628994e+01 2.244451961707732224e+01 1.437576452768656665e+01 2.430422773180062990e+01 1.993356208065026891e+01 2.985678353285422304e+01 3.690520364769987793e+01 3.507326327673632704e+01 4.505640353769258866e+01 4.898794954709169502e+01 3.894565104532860289e+01 3.894565104497628028e+01 3.469847630925423232e+01 2.851059118747468446e+01 1.968862815612395423e+01 2.822436326042777566e+01 2.705215867655254058e+01 2.017065149677883440e+01 2.903070325684311470e+01 2.948078007030927594e+01 3.937026397296491353e+01
1.359999999999999924e-02 3.553652243380916786e+00 8.071076588560499587e+00 1.527195421761236105e+01 2.531085139066250989e+01 3.117388508351232446e+01 2.820998688450000458e+01 2.314944721153965546e+01 2.314944721153965546e+01 3.327052655748536125e+01 3.626467807583988900e+01 2.635574218082020437e+01 2.817406521966040245e+01 2.141101853406460265e+01 3.124516173479591785e+01 3.876210318429826884e+01 3.003480792383166076e+01 2.010970601613599484e+01 2.430434563177866281e+01 1.643951344344502630e+01 1.899204293557285439e+01 2.890896288163456873e+01 3.711602138255049965e+01 4.210723725671379469e+01 4.924074307226311475e+01 4.349671449904153775e+01 3.943659459176399906e+01 3.868065817999404743e+01 2.891723190561600276e+01 2.255185857454903342e+01 1.836165586778624004e+01 2.538585979664629022e+01 1.841565364956194983e+01 2.705198363573528653e+01 2.903066533584551223e+01 3.879596346611719326e+01 4.344799601965291913e+01
1.369999999999999864e-02 1.001369999999996274e+01 1.774593552639565885e+01 2.191656161814758619e+01 2.390052067478506714e+01 2.108101288111074467e+01 1.812809516311179792e+01 1.604818304320306765e+01 2.611384271903555998e+01 3.074504629208356832e+01 3.493540675601649070e+01 3.626467807583988900e+01 3.535520619463488146e+01 3.124516173426522769e+01 2.484815231803003499e+01 3.466113164352480425e+01 3.417972517107489949e+01 2.582988634652909354e+01 2.890917499878238672e+01 1.899204293557300360e+01 2.890896272405754885e+01 2.302562803903686017e+01 2.798994689276651116e+01 3.794578014766360496e+01 4.273525238630466561e+01 3.778018590139180333e+01 2.949413633477181307e+01 3.778018590139180333e+01 3.587962209965827753e+01 3.116749841586314673e+01 2.538587944805001584e+01 1.641334263012112515e+01 2.475859786642485005e+01 2.901705987013159671e+01 3.395152005452614929e+01 3.612290185718799052e+01 4.035399220468092096e+01
1.290000000000000001e-02 7.224197653763662963e+00 1.781578026293444950e+01 1.738326308444817059e+01 1.364411048075973731e+01 1.824561131926233770e+01 1.105635452226495374e+01 1.393727556039424620e+01 1.708960100195889709e+01 2.062435113654344221e+01 2.645410070073488740e+01 3.660658697612272050e+01 4.428854328404162288e+01 3.443872568770967035e+01 2.754019890391558079e+01 3.732267938967894594e+01 3.994653210537624943e+01 3.577992774731359304e+01 3.166558211917266519e+01 2.172787095366683729e+01 3.166558211917266519e+01 2.798994689276651116e+01 3.296786352021759114e+01 4.210723725671379469e+01 3.867241934590950336e+01 2.872020793545637574e+01 2.372527777313951347e+01 2.944464966114744797e+01 3.272604234460720818e+01 3.357188719570607560e+01 2.268949587306400417e+01 1.531910647175735640e+01 1.999890970038335780e+01 2.195378106537543061e+01 2.871063863902308810e+01 2.600499519247114932e+01 3.612290185718799052e+01
1.379999999999999977e-02 1.001379999234433704e+01 1.284038900302317110e+01 1.333388269564239081e+01 6.425976034959124839e+00 8.226114714794722005e+00 1.529940313558563858e+01 2.398013736398718265e+01 2.716684020468143856e+01 3.074504629208356832e+01 3.493540675601649070e+01 4.078664240463638890e+01 4.448265965212662820e+01 3.506191350858694733e+01 3.445221502963224935e+01 3.443385931941175215e+01 4.421032690937024512e+01 3.982035859200654926e+01 2.983714473641916598e+01 2.547411607139596157e+01 3.542737061652710651e+01 3.502220992617478856e+01 4.210723726134408196e+01 4.713056038758093536e+01 4.273525238630466561e+01 3.778018590139180333e+01 2.944464966114744797e+01 1.947146327634186136e+01 2.275709176147849888e+01 2.978848587836432671e+01 2.915657555185213567e+01 2.216710734470787969e+01 1.376661396437097196e+01 1.695799880283372829e+01 1.975895767377096135e+01 2.600499519247114932e+01 3.612290185718799052e+01
1.359999999999999924e-02 1.001359999999996298e+01 2.835332191372594401e+00 4.031249315920683252e+00 1.422715672318944868e+01 1.824561130487045091e+01 2.242128607572875865e+01 2.954682718898104454e+01 3.375279338127857187e+01 3.189849753019608158e+01 3.613026046231157551e+01 4.116299957108952867e+01 4.805605927965410018e+01 4.448263214963051126e+01 4.447424947335770895e+01 4.420746382284188059e+01 4.799625296745453795e+01 4.402678625498676723e+01 3.958377976315917124e+01 3.121651011306650148e+01 3.958377976315917124e+01 4.500390302694884781e+01 4.600433625382574121e+01 4.191048985409823757e+01 4.600433625382574121e+01 3.992265559918008933e+01 3.263055302448874073e+01 2.275143926302148500e+01 1.559905951755328601e+01 2.293408091353783362e+01 2.501300420609079112e+01 2.109469249828126536e+01 1.272537326542795277e+01 2.231038596977938937e+01 2.829082793121509809e+01 3.161351438023396554e+01 3.554938513469533490e+01
1.359999999999999924e-02 1.168308908223808951e+00 1.117026752004673007e+01 1.306029365026158295e+01 6.578356765670635653e+00 1.666883830970631664e+01 2.165299586627761386e+01 2.396840617424764019e+01 2.349381516417112081e+01 2.144680569992492281e+01 2.627598607079913506e+01 3.291002145654716315e+01 4.393656508533428706e+01 4.261473216807871012e+01 4.261940656440718556e+01 4.678462435744086889e+01 5.090336120450460555e+01 4.685396222035235780e+01 4.535634193691463167e+01 4.117951303605116919e+01 4.309498270507246076e+01 3.899618773858171039e+01 4.104049084653855317e+01 3.196446125714633979e+01 4.104049084653855317e+01 3.590832636724073268e+01 2.602215628065847852e+01 2.103340923628898906e+01 2.293408091353783362e+01 1.265112570617387888e+01 2.013469665254178054e+01 1.125773182479294299e+01 2.109469236028340333e+01 2.462983215612729637e+01 1.955604682884498757e+01 2.255294963863025970e+01 2.696793015010718619e+01
1.319999999999999993e-02 1.001319999999996213e+01 1.531223066848397529e+01 1.617978656843559904e+01 1.666883830970625979e+01 9.370359505771540753e+00 1.147685292068189788e+01 1.374597461706923518e+01 1.622165692185817321e+01 2.136221627934640921e+01 2.863995010145429987e+01 3.886563666110292559e+01 3.970687944796748781e+01 3.264321518804693767e+01 3.264330320977778399e+01 4.261940985926899828e+01 4.539384380204792535e+01 3.742570866607944424e+01 4.135977302080807050e+01 4.532814721506188960e+01 3.899618773858488652e+01 2.911656221817147738e+01 3.201023753751766776e+01 2.708299951941153694e+01 3.693747555562349305e+01 3.992265559918008933e+01 3.502228532272384598e+01 3.097367194942998836e+01 2.705772965155580323e+01 2.032222290772581985e+01 9.785861792223474964e+00 1.687033676914391833e+01 2.086503844857147172e+01 1.537878812038332477e+01 2.462983239354788623e+01 3.161351438062638053e+01 3.554938512736518419e+01
1.019999999999999900e-02 7.081267811865462392e+00 1.708126781186539134e+01 2.520979483698117463e+01 2.372010391391948758e+01 1.950794062907000637e+01 2.165339200790753793e+01 2.396841848801874519e+01 2.649860031591681064e+01 3.072513307377053948e+01 3.584588230557016431e+01 3.525187742739098695e+01 3.111940275373311948e+01 2.562657797186880515e+01 3.264321495031227727e+01 4.261463869855661102e+01 4.138359579406343158e+01 3.215266568467570352e+01 3.215224912734150564e+01 3.994910934874153696e+01 3.692576042495603161e+01 3.201023753751766776e+01 2.230418650022676275e+01 3.201023753751766776e+01 4.007442379937217680e+01 3.949056547792097405e+01 3.677982228940623344e+01 3.377988711210672079e+01 2.380327405865033796e+01 1.660111341932287843e+01 1.897778607754785796e+01 8.467818261321049533e+00 1.130442448022031421e+01 2.103661962581674061e+01 2.578581339915067616e+01 2.892753160311873017e+01 3.381878779474064345e+01
7.249999999999999500e-03 7.078318552077315751e+00 1.707851199768238715e+01 2.090171731428517177e+01 2.471672159111128764e+01 2.763004564723104295e+01 2.348626901232364617e+01 2.484323170639941480e+01 2.898693223895049798e+01 2.819225114942391386e+01 2.851397173949011687e+01 3.073856503534304707e+01 2.115314643409800155e+01 3.111940275373311948e+01 3.710639864843825109e+01 4.287255292357399128e+01 4.257150405780120650e+01 3.333784385315574639e+01 2.685852963042665209e+01 3.244565857747254967e+01 2.772870530653190002e+01 2.958372477819507296e+01 1.992499204501065435e+01 2.621164045851064728e+01 3.314303212894139961e+01 3.044125011702584871e+01 2.781572755714519474e+01 3.423732336141629418e+01 3.083665442254379840e+01 2.672535636873347187e+01 1.893756977969158228e+01 7.594102584805143330e+00 1.558121971500790259e+01 1.750337932343237313e+01 1.701042114543514217e+01 1.835116468724639205e+01 2.945226184177219508e+01
