output/example/elevation_average_000018.asc
nrows	75
cellsize	133.333333333
xllcorner	0
ncols	75
yllcorner	0
NODATA_value	-9999
[rows 17 to 33 of 75, columns 37 to 73 of 75]
3.337185164657328755e+02 3.013617564989722268e+02 2.210212475235922795e+02 2.993915581875151588e+02 3.036567932300539496e+02 3.637423202184633055e+02 3.533388624577521568e+02 4.310507962418102466e+02 4.355381904433418185e+02 3.721281006009728571e+02 4.022658043693500076e+02 4.140418440232606940e+02 3.790871184064596378e+02 3.203522960107812310e+02 4.016368555696902263e+02 4.301956140108280238e+02 4.425257155655902466e+02 4.389445675042268249e+02 4.685850043648808878e+02 5.377922918193675059e+02 5.412081600555004570e+02 5.012544354322380400e+02 4.391914461254190769e+02 3.603024714036346836e+02 4.318190217747014685e+02 4.561401898657764491e+02 4.880838654052803349e+02 5.233688939528537958e+02 5.371134283196147408e+02 5.353916502427963451e+02 4.892677673745732250e+02 4.977218568185781464e+02 5.669960049819275127e+02 5.858777317434384031e+02 6.102770513493879889e+02 6.014273743756803015e+02 5.985688788519688615e+02
3.833627303649840314e+02 3.402571781104455226e+02 3.021829087095383102e+02 2.275170610518889873e+02 3.011523977720607377e+02 2.886210530459032384e+02 3.642065968081065535e+02 3.985570073101923185e+02 3.674767633795333381e+02 3.252665711368298389e+02 4.056198676351060612e+02 3.820580164626456963e+02 3.006242597830469094e+02 3.821021381370795211e+02 4.022465341866814015e+02 3.511857106489205762e+02 3.733060406574747390e+02 4.016598476844328047e+02 4.500108664499372821e+02 5.217105250187543106e+02 5.170464976045260528e+02 4.709450531854197379e+02 4.551753792588385181e+02 4.317552555343451104e+02 3.524265967412100622e+02 3.835956147100210387e+02 4.213538106894975499e+02 4.735957817428711678e+02 5.441141756316204692e+02 5.782961860223899748e+02 5.588210965261272349e+02 5.663856761057403446e+02 5.680037608706214769e+02 5.771166654905763380e+02 5.631826287990019182e+02 5.352690644425605342e+02 5.871772945384203695e+02
4.074826256457139380e+02 3.474402698046420710e+02 2.851115787693189532e+02 3.104176503759454135e+02 2.340205753770657964e+02 3.067175876307562135e+02 3.297949580520955237e+02 3.347707153614226741e+02 2.843586710290312567e+02 3.674377766990541545e+02 3.515677008330202398e+02 3.557388904733132335e+02 2.869670584732707539e+02 3.045507206871633343e+02 3.225176786469658623e+02 3.810708228507554622e+02 4.489316293016352688e+02 4.737991465459825235e+02 5.053325290256887001e+02 4.922888335207508135e+02 4.636447266264394784e+02 4.144052532741547452e+02 3.778248285629710495e+02 4.193682200854584607e+02 3.469323066641129572e+02 4.045108634221875263e+02 4.803276170042340141e+02 5.061610270178032920e+02 4.825174067177784991e+02 5.280901651529638912e+02 5.364625196623723014e+02 5.352720287340281402e+02 4.993518607619847103e+02 5.089671222577939034e+02 4.937652050414395148e+02 5.632483348815339923e+02 5.919543909531946611e+02
4.455979836516901287e+02 3.837711805005096721e+02 3.602470393920029892e+02 3.047960292326496869e+02 3.151157831616231420e+02 2.404345724985109314e+02 2.449825607108449219e+02 2.495113472261472793e+02 3.349056260082090262e+02 3.452566874437401339e+02 2.670361338775815625e+02 2.715481481531057284e+02 3.558616339849517658e+02 3.837682021186658972e+02 4.022441208557685854e+02 4.337636494543402250e+02 4.867316207826820005e+02 4.735867789510935495e+02 4.899445146723798530e+02 4.630279998450871517e+02 3.865687703356297789e+02 4.049486266114766408e+02 3.337502707185956865e+02 3.392015551294086890e+02 4.194734728906933015e+02 4.413415530396990221e+02 4.504350975612360912e+02 4.325978169467610996e+02 4.294019750731719114e+02 4.736028244823359614e+02 4.657679203149682508e+02 4.995587595250761410e+02 4.441465386265970210e+02 4.583613534887430205e+02 5.304378281561743051e+02 5.284025003964571852e+02 5.767425463548901234e+02
4.480894682799756197e+02 4.369633951018935818e+02 4.100479223569327587e+02 3.783054336896115046e+02 3.339199686296610707e+02 2.725535797827974989e+02 3.037362060109971935e+02 3.347807021526688231e+02 2.559553662556123186e+02 2.605325914083140333e+02 3.453344527912602757e+02 3.557201326784875732e+02 2.783995585971461537e+02 3.623588232864184420e+02 3.997853241847503227e+02 4.391784965958067346e+02 4.473908155711289965e+02 3.974358719063765193e+02 4.153705104925280125e+02 4.305941193275526189e+02 4.001285372720066107e+02 3.261421241973118867e+02 4.072536452153386790e+02 4.193965432431311342e+02 4.314113519632157363e+02 3.645832251644101802e+02 3.726302431455676469e+02 3.807548406119449282e+02 3.890625427005049914e+02 3.975920596457867191e+02 4.739110285914592282e+02 4.251550369716422324e+02 4.995996460905912500e+02 5.295197680139360727e+02 4.842973295137828131e+02 5.544705110290285575e+02 5.867809620899898846e+02
4.080673488878358057e+02 4.562908927526339085e+02 4.549179834866940837e+02 4.082123741546933502e+02 3.564070674328858104e+02 3.109618989424234883e+02 3.462928492097408935e+02 3.654265752989967382e+02 2.859308026819920201e+02 3.452368780311037426e+02 2.887327750699746503e+02 3.717399974878043736e+02 3.622942115693139158e+02 2.849024878675351715e+02 3.576987947953427351e+02 3.620574452799445453e+02 3.820571838232310142e+02 3.378446512604292025e+02 3.902158883178019551e+02 3.942108631164423400e+02 3.185971203938862004e+02 4.001624252098583838e+02 4.156858113297151931e+02 3.459865499786664031e+02 3.532832044000171550e+02 4.313521809943168819e+02 4.499695470168392148e+02 4.474079350766989478e+02 4.534495120036767162e+02 4.736902254337084628e+02 4.098979500347309681e+02 4.854307352295869578e+02 4.515119255152593496e+02 5.239927098213058798e+02 5.542052663431218207e+02 5.192181236485620275e+02 5.681887635807707966e+02
4.193002087246307497e+02 4.334569000649752866e+02 4.519434885695391699e+02 4.533133977236879559e+02 4.101386892628258352e+02 3.575097471017101611e+02 3.883225156998107082e+02 3.959091117309640708e+02 3.201068522370491110e+02 3.882916054763851434e+02 3.098537559734955380e+02 3.729406680574793427e+02 3.997903243627484358e+02 3.613189550693157344e+02 2.911452206645103047e+02 2.955251313951155794e+02 2.998520587527036128e+02 3.040987931654803447e+02 3.082892200921368158e+02 3.124423626768437430e+02 3.943944578078633754e+02 3.285981081417590417e+02 3.357333750471841540e+02 4.157720492859798469e+02 4.304607470095443205e+02 3.783535188041032029e+02 4.557752089673660976e+02 5.078288294268169238e+02 5.243947928311877149e+02 5.021007252319237750e+02 4.300571735796521011e+02 4.405826760816815408e+02 5.139837048213837534e+02 4.787819111900365669e+02 5.492252516414605452e+02 5.858218354569983148e+02 5.752216673165951306e+02
3.785610358967273328e+02 4.441253862137287456e+02 4.829614035950530706e+02 4.936693091933406095e+02 4.538195294949977665e+02 4.112568344512645240e+02 4.457983375573796820e+02 3.897415747192810045e+02 3.784500201518820859e+02 4.109464936811269240e+02 3.333752242678876883e+02 4.065004399876245316e+02 4.671656766057288905e+02 4.055910495143892263e+02 3.637762224759634933e+02 3.139501137896319847e+02 3.824373255343347751e+02 3.716187918654737814e+02 3.770125968775225829e+02 3.943442455508264288e+02 3.319870351312509911e+02 4.094101536421361516e+02 4.159257716351531258e+02 3.873437815737551091e+02 4.640320940855316962e+02 4.556306573446332209e+02 4.039193031719556757e+02 4.797330077935997110e+02 5.331700077085664589e+02 5.216494364759666951e+02 4.513619708304436813e+02 5.138452035437347831e+02 4.740425385417394750e+02 5.450211601552260845e+02 5.074518550446732092e+02 5.757694830267047337e+02 6.288272090356855415e+02
4.447402300076387291e+02 4.089984247611080832e+02 4.557062009160836737e+02 4.930767272098860303e+02 4.885702090884472000e+02 4.823783630820241797e+02 4.844803453518438801e+02 4.650656048973318661e+02 4.553059211722153350e+02 4.423177462462527387e+02 3.752557541698971590e+02 3.793573219050153966e+02 4.551548796494172962e+02 4.464462683148785231e+02 3.720599646344981579e+02 3.957740959124138840e+02 3.447728798159005805e+02 4.243046596974988347e+02 4.499687560033932527e+02 4.428762901251635640e+02 3.865280235038331398e+02 3.521977862565515238e+02 4.316212345617926189e+02 4.642455910772000038e+02 4.635929159894214990e+02 5.076169715195223944e+02 4.796585017084858578e+02 4.320956015197635338e+02 5.059563295666916929e+02 5.506594178254393910e+02 5.240058291887137329e+02 4.856306032653166085e+02 5.450702942743441781e+02 5.120534337590098630e+02 5.757582787673486564e+02 5.393982165319782780e+02 5.993750862961842358e+02
4.801027615033616485e+02 4.488673903019314366e+02 4.082551834800535175e+02 4.491573644123407121e+02 4.865555717220034921e+02 5.044919776516662182e+02 5.070335678715989047e+02 4.798405070177311700e+02 5.077392690541469733e+02 4.814379323777986883e+02 4.331158641789309058e+02 4.351890999372498072e+02 4.483842644552145202e+02 4.796604051791663892e+02 4.348267382426770382e+02 4.377843645371164030e+02 3.921129633996150119e+02 3.841854509664035504e+02 4.610341065563540042e+02 4.924577290361469863e+02 4.574746932061122493e+02 4.214608555791135132e+02 3.730189300403120569e+02 4.511389926806650692e+02 5.008784285109030066e+02 5.610094671034784142e+02 5.331809710338104651e+02 5.059315900336736718e+02 4.647518443473265961e+02 5.361281063456830225e+02 5.772656712227795879e+02 5.149929669468550628e+02 5.606874767823494494e+02 5.802334650068356723e+02 5.539986152783372972e+02 6.051847657738976523e+02 5.797929371758224306e+02
4.784473138668042225e+02 4.633969626084401057e+02 4.161835696007435104e+02 4.627635269978520682e+02 4.865937740763055785e+02 4.510585689764515678e+02 4.708838227323481647e+02 4.040254357831506695e+02 4.682598333890653066e+02 5.167556953243648650e+02 5.058602522177023388e+02 5.081234384408595020e+02 5.197704965107653834e+02 5.303965995815217411e+02 5.063401663918725717e+02 4.968621977398432819e+02 4.685376885866700150e+02 4.397005841646049475e+02 4.359032587379870165e+02 5.084829265923383446e+02 5.012554433067961099e+02 4.310549737361764073e+02 4.479502333600235602e+02 3.960318850712025665e+02 4.725124664339900846e+02 5.182167797336661579e+02 5.445614072080724100e+02 5.623328614686708988e+02 5.321456276724804866e+02 5.047128615112141574e+02 5.586355080156173472e+02 5.773990334532102224e+02 5.677477369273427712e+02 6.222839117400104669e+02 6.041824880537379840e+02 6.078600236141237474e+02 6.419823677083485336e+02
4.574596125981543651e+02 4.280275391494405426e+02 3.732783481117278370e+02 4.281080297846899612e+02 4.563531403762917193e+02 3.909704758415367110e+02 4.063845335554694316e+02 3.652702471919000118e+02 4.142703314609152585e+02 4.813272018463440531e+02 5.346795822481395817e+02 5.283081825733349888e+02 5.045338961042321557e+02 5.203553138062371772e+02 5.169497939177297212e+02 4.891372250782314950e+02 5.170200947756268306e+02 5.126872122462496009e+02 5.088694384766662324e+02 5.195180846024169341e+02 5.333858128973201929e+02 4.922870109105948586e+02 4.825419773486274266e+02 4.316162090725844109e+02 4.243769178025250994e+02 4.485012368282522743e+02 4.797169145859454602e+02 5.492137189959031502e+02 5.942774924328219868e+02 5.501325452417812585e+02 5.973243227767609369e+02 6.350354543405774166e+02 6.318953907676745985e+02 6.546459202299929530e+02 6.646004656389077354e+02 6.679912498375521182e+02 6.889805100827059050e+02
4.462772550256232762e+02 3.927943333334230829e+02 3.177811934870758250e+02 3.884070198697380079e+02 4.122055484175706397e+02 4.034180832541594555e+02 3.257448295801746667e+02 3.967726908195762121e+02 4.219815929784917898e+02 4.363228123611403930e+02 4.960377649061045986e+02 4.823640712914673259e+02 4.301226441201113175e+02 4.494702639678750415e+02 4.811354671480879688e+02 4.136743665798509255e+02 4.812230831504487014e+02 5.075683060363986101e+02 5.241038505374781380e+02 5.529080225518316638e+02 5.853246687975008626e+02 5.560228874820845704e+02 5.329722117528210674e+02 4.757713208299668963e+02 4.687975704730404232e+02 5.085225473296416681e+02 5.214045526020900070e+02 5.340492180035784031e+02 6.007865029677877828e+02 6.141390362427218861e+02 6.153345367131481680e+02 6.163151033467983098e+02 6.396863865525784831e+02 6.393284952253991378e+02 6.222930591643411162e+02 6.453221459646667881e+02 6.860700705495631837e+02
4.168492157172877910e+02 3.446964673911738259e+02 2.827616460974871870e+02 3.196877360388781995e+02 3.918605810446513260e+02 3.638150684781613222e+02 3.031289502414029471e+02 3.289413987694774733e+02 3.592316149793294358e+02 4.017813860386319220e+02 4.735940021716476167e+02 4.446359733059972541e+02 3.770617376464315385e+02 4.233229599714724145e+02 4.495989226066135984e+02 3.766243263060202366e+02 4.348808946278968506e+02 4.353083511285150848e+02 4.534923552473750306e+02 5.079652436554728752e+02 5.399530913782821244e+02 5.775657635435551356e+02 5.724623341615039180e+02 5.465698073416135685e+02 5.401417316552094690e+02 5.662392580508834499e+02 5.859103396853145114e+02 5.985959361090233415e+02 6.248960229840126885e+02 5.885328606760231196e+02 5.507340841722249252e+02 5.510080699177934775e+02 6.076516206297178542e+02 5.774844097606754758e+02 5.578334098530515348e+02 6.045887384705661134e+02 6.433053045203096190e+02
3.837305481987996814e+02 3.363263506428385767e+02 2.530887062201015567e+02 3.334890594659600538e+02 3.434378044358717261e+02 2.804582683164438777e+02 3.637679033231994481e+02 4.076989844881106819e+02 4.110374768279259570e+02 4.093070175246839426e+02 4.146068222637054532e+02 3.839097940458541416e+02 3.397786188490857739e+02 4.187377131217939450e+02 4.049002291870148156e+02 3.458727115658427920e+02 3.645244074434288564e+02 3.847012827501794163e+02 4.097837974792122964e+02 4.390290946758078690e+02 4.807357962225397046e+02 5.420438475258459903e+02 6.035540443189514690e+02 5.924820846576294571e+02 5.676224978679902051e+02 5.709646059165758061e+02 5.707273254925486299e+02 6.330402689159108149e+02 6.059229431461020567e+02 5.580076131088500233e+02 4.930275911183749713e+02 5.542568045775846031e+02 5.531838291933961500e+02 5.160111107269073045e+02 5.839669416430141382e+02 6.036811223460551901e+02 5.806551171320850244e+02
3.061982339513960483e+02 3.108533412730945429e+02 2.310004421288242327e+02 3.172882210489067347e+02 2.588117349844088153e+02 3.434327365987174971e+02 3.409189508560555737e+02 3.451251893530869097e+02 3.318416781094285284e+02 3.290173024232016132e+02 3.567457766846229674e+02 3.013081912011772374e+02 3.773173974815558154e+02 3.851811446246518358e+02 3.237618419460971495e+02 3.958804282390323124e+02 4.414682934443702038e+02 4.368548071646512767e+02 4.823338498559924119e+02 5.079896701942606683e+02 5.399565287885581029e+02 5.523443004524555136e+02 5.777729499008178209e+02 5.387513793181341271e+02 4.992960221007045334e+02 5.029303801684728796e+02 5.709682716303822190e+02 5.836870811917276569e+02 5.578222951013551665e+02 5.134599535944116724e+02 4.652328578360708207e+02 5.240730738111844857e+02 4.827443380315708623e+02 5.532554483642082914e+02 5.754585005117423862e+02 5.374356910208133513e+02 5.770715058806167690e+02
2.197668574956116458e+02 2.244359183818243082e+02 3.110193356239191758e+02 2.375745179145390864e+02 3.235513305782613998e+02 3.342349739116237402e+02 2.561898442258071213e+02 2.605279994995858033e+02 2.646468470823184589e+02 2.686379508573964472e+02 2.725903832036100880e+02 2.765118745481270821e+02 3.604765566900632621e+02 3.027418484007415600e+02 3.852251961905745929e+02 4.352056221850504585e+02 4.814373013793862697e+02 5.020168274505824684e+02 5.376349100726207553e+02 5.226953097341036028e+02 4.953059854253025378e+02 4.825202504854120775e+02 5.283909029785297662e+02 5.011725419270727002e+02 4.565452955662158843e+02 5.072635805159642928e+02 5.743031205691047489e+02 5.553350007274366362e+02 4.877123034163097941e+02 4.986746429019698326e+02 4.418826040292106541e+02 4.522727197760270315e+02 5.250337807706483773e+02 5.523520283806398083e+02 5.067899591880188268e+02 5.754293236956883675e+02 6.275517794078723455e+02
