output/example/elevation_000406.asc
nrows	75
cellsize	13.33333333
xllcorner	0
ncols	75
yllcorner	0
NODATA_value	-9999
[rows 17 to 33 of 75, columns 0 to 36 of 75]
1.309999999999999880e-02 1.001309999999996236e+01 7.333174119107559896e+00 1.167368744715554207e+01 5.020848031761135921e+00 4.228165354542808174e+00 7.813502360880498543e+00 2.868125629281319089e+00 8.626807055467844876e+00 1.385565939927606038e+01 1.518895609729518092e+01 1.311803825333514872e+01 7.210440415179008689e+00 7.435825610364741323e+00 1.124985559488244569e+01 1.024017417778012629e+01 5.294604102048903194e+00 1.126046319553606168e+01 5.001128000731371870e+00 1.393544606649551731e+01 1.496592715738987955e+01 5.284939539195158353e+00 1.366818259936435709e+01 9.016546169687657653e+00 1.637614467373806093e+01 1.070867868352269525e+01 2.038570026061819718e+01 2.790464404309198443e+01 3.352314989807741341e+01 3.314076506918107867e+01 2.408072236866944493e+01 1.741303237569536932e+01 2.700785739402756036e+01 3.409394596504418473e+01 3.266550521761126191e+01 2.359376447423786871e+01 2.012645303316945444e+01
1.379999999999999977e-02 2.812523475799683648e-01 2.812523475799683648e-01 5.038587306201423033e+00 9.298875965074600014e-01 1.199129732713169139e+00 1.468606705506509513e+00 1.737839883386226747e+00 1.064966580791262274e+01 2.108610665398138462e+00 2.358533932868028149e+00 2.636541856648177085e+00 3.099491053573027788e+00 3.378578595348627811e+00 3.651909548828047303e+00 3.916933616373530214e+00 4.175340927277368941e+00 4.175340927277368941e+00 4.495517934034880092e+00 4.827254468375776320e+00 4.827254468375776320e+00 1.444921615183984009e+01 1.196571351262583072e+01 1.770628986476637223e+01 2.204195566686671981e+01 1.783777794956230878e+01 1.653713969530833339e+01 2.220265731576398949e+01 3.169654817405995217e+01 3.253186722789997987e+01 2.243783612267179350e+01 2.383332053197470657e+01 2.082451453912915440e+01 3.155601925937684626e+01 3.875210392268965620e+01 3.338246224841337551e+01 2.836821399852418679e+01
1.379999999999999977e-02 1.001379999999996251e+01 2.812523475799683648e-01 5.496665444517747634e-01 7.548211127876344406e+00 5.912980532344763063e+00 3.703159933303894924e+00 1.077904966499150596e+01 2.108610665398138462e+00 3.498435600819982394e+00 5.734034055977841327e+00 1.164795654376647249e+01 8.425167215590201764e+00 9.564520898479198507e+00 1.274800879492947914e+01 4.529619352409721245e+00 5.054020715606446501e+00 1.399811451109455795e+01 1.058133741839477793e+01 1.415784158667856474e+01 4.827254468375776320e+00 1.501314994453969653e+01 1.966438674146525045e+01 1.842355600580436104e+01 2.574512686583252474e+01 2.772100397566433827e+01 2.632256464348640890e+01 3.035434077682835508e+01 3.565429233630830907e+01 3.584087822318694805e+01 2.693156819797564694e+01 2.947039341016184721e+01 2.359701760019668271e+01 2.998688255931987001e+01 3.907519611262790704e+01 3.750402150352618946e+01 2.697794499999390538e+01
1.290000000000000001e-02 1.001289999999996283e+01 6.057036350959749349e+00 1.230224387625499105e+01 1.096165752922622083e+01 1.433926303666087954e+01 7.393099205423609099e+00 1.573786780342054392e+01 1.218772643137984879e+01 3.345965706789546079e+00 5.318267928991947890e+00 8.790198875843108439e+00 1.570290797973255970e+01 1.794103371552230541e+01 1.759124496081582834e+01 7.211663569330950097e+00 1.553965036584466475e+01 1.955757394350961675e+01 1.983879288649387718e+01 1.872957323359997872e+01 1.469691080821804974e+01 5.871850076485530145e+00 1.459113792113345198e+01 2.508287699020632999e+01 2.949163997025210548e+01 3.487168679796425153e+01 3.432344188381668459e+01 3.540837995607842714e+01 3.951715240255231265e+01 4.043407362741142208e+01 3.344651597716183034e+01 3.535816444411160120e+01 2.767182120622538832e+01 3.005341895531471508e+01 3.941563082294884879e+01 3.864719042555617534e+01 2.815646762644058398e+01
1.290000000000000001e-02 1.001289999999996283e+01 1.613213188847554846e+01 2.014978047768869018e+01 2.143226552040660948e+01 2.152009504551830332e+01 1.528908483251108130e+01 1.639737074600511946e+01 1.526923132475222999e+01 1.526969573380660883e+01 6.866012875175474761e+00 1.615496320038138833e+01 1.467292741799245093e+01 2.324750132011480375e+01 1.787759420871893212e+01 1.788313789900060868e+01 1.075503570597336989e+01 1.775472438693672927e+01 2.747273935325783256e+01 2.352252698438430656e+01 1.381805595429399425e+01 6.603349462089632027e+00 1.688992460093875891e+01 2.224428756387462514e+01 2.051152980696179995e+01 3.084924956469586022e+01 2.432123834296499609e+01 2.541744525609816918e+01 3.356794179567438619e+01 3.767650091825240821e+01 4.315580347334248756e+01 4.093964020206725252e+01 3.293326192661630358e+01 3.941563082294875642e+01 4.343455592768577134e+01 4.286720192017117625e+01 3.437824962512711835e+01
1.309999999999999880e-02 1.001309999999996236e+01 1.528995976959824965e+01 1.832930620439382707e+01 2.206404804878701853e+01 2.608621678756017204e+01 2.537013945244108015e+01 2.356189104700255399e+01 2.519486684733861637e+01 1.906426339048351082e+01 9.091577090321298016e+00 1.906426339048351082e+01 2.384717338365254946e+01 2.762697252003247428e+01 2.764784886092575888e+01 2.265451135925824744e+01 1.289103583772824280e+01 1.852502877701195416e+01 2.831104152277998409e+01 2.370602178103129276e+01 1.381840660330347959e+01 1.691022696687291571e+01 7.664765517708087117e+00 1.213830850158306696e+01 2.268503750714253187e+01 2.724840411616303371e+01 1.696817915932048848e+01 2.551565568167052689e+01 2.361004216417308754e+01 3.199595686121510241e+01 3.800995561135137990e+01 4.212438459687068359e+01 4.241503042152942982e+01 4.646322414930483546e+01 4.363621821033848391e+01 3.365466464152046200e+01 3.023924729595876215e+01
1.349999999999999985e-02 2.595491175400499895e+00 5.268138090658516681e+00 8.283619933266871627e+00 1.182727112334694297e+01 1.770847294465440669e+01 2.810341040993469619e+01 3.338161986090045019e+01 2.461990082170677141e+01 1.422625490531959791e+01 1.906426339048351082e+01 1.422625490534769277e+01 2.156639961595933386e+01 3.199175831494178013e+01 3.319288223646101699e+01 2.496032117479305867e+01 1.517759866682222558e+01 2.496032117577077258e+01 3.240839014292042464e+01 2.773037340094331427e+01 2.371950886653767654e+01 2.043855448352420012e+01 1.754777141087253867e+01 8.796745100771008907e+00 1.923080777871777869e+01 2.070532724959732107e+01 1.292395961352865186e+01 1.515215839116170216e+01 1.775575340919058220e+01 2.789559885823696206e+01 2.816942588884945309e+01 3.510594742362768983e+01 4.502085152457527784e+01 4.748239838551639735e+01 4.171115970335936396e+01 3.365466464152046200e+01 2.369709750292977191e+01
1.349999999999999985e-02 1.001349999999996321e+01 1.528995976959824965e+01 1.832950047321599740e+01 2.206493377780832077e+01 2.638667009206957204e+01 3.237374050124132907e+01 3.412109316958213867e+01 2.891985835663176729e+01 2.020729633587135510e+01 2.891985835663176729e+01 2.020729633776324619e+01 2.891996982900220559e+01 3.475970301462235312e+01 2.499761963687359767e+01 1.935989742191864593e+01 2.083388583787692383e+01 2.902208141337801450e+01 3.391342543689945188e+01 3.057977341619999123e+01 2.768054917234395873e+01 2.135160726084638583e+01 1.095357874243842389e+01 1.757684699009193707e+01 1.022858654989133242e+01 1.022858654989133242e+01 2.070532724960031246e+01 2.551565568012039975e+01 2.789559415198326064e+01 2.186702015228259555e+01 2.635687233974363863e+01 3.200365254176691820e+01 4.188197674052629083e+01 4.331703307968421512e+01 3.334580249810647956e+01 2.760309176423006861e+01 3.191833602648395640e+01
1.359999999999999924e-02 1.001359991607802691e+01 1.785852381497633701e+01 2.200190779129803786e+01 2.460032591441809302e+01 2.869163749812503994e+01 2.870366225326485221e+01 2.462374015736689259e+01 3.133551219874579630e+01 3.064763064621112321e+01 3.493063702142683979e+01 3.064763968777467440e+01 3.493082539705175549e+01 3.884678010239922941e+01 3.319288415833739236e+01 2.373343581835723271e+01 3.059713667460302489e+01 3.467110074337815462e+01 3.057977341620156153e+01 2.252510780315928329e+01 2.356624920243666566e+01 1.321500619356788953e+01 2.135160726084638583e+01 1.461231976636022800e+01 2.070532711554944783e+01 1.022858654989133242e+01 2.070532724384248269e+01 2.468697406033555097e+01 2.889028242655863110e+01 3.178620982965422925e+01 3.588353890057891959e+01 4.028939087327346158e+01 4.600571255408955551e+01 4.386856873211028329e+01 3.389406776117521503e+01 3.334580249810647246e+01 3.523744909177428042e+01
1.369999999999999864e-02 1.001369999999996274e+01 7.855273903212411923e+00 1.622655762318617079e+01 1.488869468580327471e+01 2.305696807030507145e+01 1.898419702049495328e+01 1.770774732712999011e+01 2.462374015736689259e+01 3.412109316958213867e+01 3.561810644752598876e+01 3.361778830074037927e+01 3.195610861351510579e+01 3.611094679824502407e+01 3.756764538041041135e+01 3.060939381153899674e+01 3.756764538041041135e+01 3.729246375699179339e+01 2.820365311660761165e+01 2.591070588699936650e+01 1.563167766180144724e+01 2.210002088395215125e+01 2.255202971894676267e+01 1.791592116934073786e+01 2.438179384521699689e+01 1.979416473861477499e+01 1.228586202274911443e+01 1.433609773341029303e+01 2.425667106737031986e+01 3.197353069239579071e+01 3.671834217361005415e+01 4.099951012457827915e+01 4.619327911104488749e+01 4.803532041664166741e+01 4.093452588151828309e+01 4.038407028630513196e+01 3.938407783047129840e+01
1.290000000000000001e-02 1.044321246261678660e+00 2.081272941071364624e+00 1.208299359442968779e+01 9.177890279388206451e+00 1.739367054784924349e+01 1.195687914998524093e+01 2.183096247696179404e+01 2.940798308022024798e+01 2.723577212123038649e+01 2.640517265185805584e+01 2.391436233896282815e+01 2.250978660857908409e+01 2.778727183595823291e+01 3.765084555588866522e+01 4.042481755780461583e+01 4.102586483834321029e+01 3.659209729776554099e+01 2.869370801406617844e+01 1.846548684493083314e+01 2.591070588699936650e+01 2.243621583794901397e+01 3.016454542898574331e+01 2.149643469598934331e+01 2.543532772358701877e+01 1.536783455730903292e+01 2.268178228107819550e+01 2.468695520131834087e+01 1.756631468985627720e+01 2.781522518922905007e+01 2.646351751929120866e+01 3.150309424083218701e+01 3.887439075399234412e+01 4.931915119538827952e+01 5.095197479704820864e+01 5.039783159851914718e+01 4.437622091094267063e+01
1.379999999999999977e-02 1.001379999999984172e+01 1.208314470124704521e+01 3.606258726345807908e+00 4.710574197432220167e+00 7.484173165478007483e+00 1.742655662820077822e+01 1.918369160191424427e+01 1.847066250773713136e+01 1.858277137202534490e+01 2.277875213106123908e+01 1.761237869891128227e+01 2.605569553262730054e+01 3.404330598534238561e+01 4.185343307917898414e+01 4.392365844476621817e+01 3.401480818759947056e+01 2.700506079439472984e+01 2.245538612606244655e+01 1.846548684493083314e+01 2.869370814814936566e+01 2.756517722119674119e+01 2.955796849236021018e+01 2.510106917958489703e+01 2.946663984028198868e+01 2.543532771429843820e+01 1.873568764256239660e+01 2.857188666408947597e+01 2.780775201039061884e+01 2.107485217827419888e+01 2.560069378305571419e+01 3.157685831535593834e+01 4.263562187321847574e+01 4.934063316846159353e+01 4.762825553214553764e+01 4.886225532000436544e+01 4.816136734293410626e+01
1.359999999999999924e-02 1.001359999999996298e+01 1.775445617086263539e+01 1.067918516246650995e+01 1.462618483965473892e+01 6.506634478418272138e+00 7.819714851098647834e+00 9.168161350204311333e+00 1.058250621291642268e+01 1.214459209234175319e+01 1.378489557920634390e+01 1.582002225759405611e+01 1.582002225759405611e+01 2.913713844804566122e+01 3.577432536654777095e+01 4.087287705937841764e+01 4.102586483834321029e+01 3.248427007669791777e+01 2.245538625939578026e+01 1.846548684493083314e+01 2.765342013986442993e+01 3.523457054340304495e+01 2.969511721149988048e+01 3.519678913144120003e+01 3.369738645971852264e+01 2.410846080636439837e+01 2.331767828945275767e+01 2.451668909150690467e+01 3.411114097624669483e+01 2.689700871137509353e+01 3.173717608058074191e+01 4.033975015393163943e+01 4.670307829396053734e+01 4.045931628717157480e+01 3.803518183309790857e+01 4.037332451533522004e+01 3.962171072937429983e+01
1.359999999999999924e-02 7.084667811950647653e+00 1.708466815014601892e+01 2.068672116086632329e+01 2.074859566638242825e+01 1.361213258012205607e+01 1.503343726933126767e+01 1.487974142167030500e+01 1.467477758711162572e+01 2.207968795846609922e+01 2.029660905126868542e+01 2.479881534949944566e+01 1.854031436047849013e+01 2.138032016072313723e+01 2.645199515445562710e+01 3.664453057867287100e+01 3.949228607722113082e+01 2.958145480395354454e+01 3.248427005698889047e+01 2.369371675268220656e+01 3.204764411813408742e+01 4.154427177067123722e+01 3.353555009141476262e+01 4.174176198584751774e+01 3.776792784694935534e+01 2.887797559931444979e+01 2.831436146347195049e+01 3.001933308694135150e+01 3.819142062022184803e+01 3.716527755294917768e+01 4.144414295544464721e+01 4.758169119264927360e+01 4.750294382492447909e+01 3.800930047812969548e+01 3.097040157336546784e+01 3.622494068526660982e+01 3.903693416662835602e+01
1.319999999999999993e-02 1.001319999999996213e+01 1.667243902595312832e+01 2.077275954009793679e+01 2.568962514573091482e+01 2.395914588427306313e+01 2.537770611177809954e+01 2.190413211662922421e+01 2.179913198602410418e+01 2.292238299428633042e+01 2.959524193851189366e+01 3.208989532305906067e+01 2.299377447630621418e+01 2.502135185969348186e+01 3.495893717243280463e+01 4.087287705937841764e+01 4.360274536256655153e+01 3.949228607722113082e+01 3.780189996106062011e+01 3.369369981680263493e+01 3.780190075359728752e+01 4.624269884974688694e+01 4.229634815782014101e+01 4.633458497891003702e+01 4.263000250209923792e+01 3.562362271377589451e+01 3.436364805241362319e+01 3.970510586173767820e+01 4.382932421543427637e+01 4.587736698581131378e+01 4.191355588603882154e+01 4.356694731618092931e+01 4.729031558676504687e+01 4.469764312537513007e+01 3.641568283386322236e+01 2.639698824833059732e+01 3.251205226087498090e+01
1.019999999999999900e-02 3.490280056104028805e+00 7.077883207278563127e+00 1.178262909802698211e+01 1.865206600188391306e+01 2.858805210557337873e+01 3.068003087361836378e+01 3.240238151891098539e+01 3.176463943248115740e+01 3.294947416504457038e+01 3.704493116057506086e+01 3.287023194204378029e+01 3.287023194204378029e+01 3.495893717243280463e+01 3.917360933673474932e+01 4.678709724313428353e+01 4.255897876568045746e+01 4.255897876568045746e+01 4.308696373970866489e+01 4.017802606448064040e+01 4.017802606448064040e+01 4.428114913000973019e+01 4.202684979178984293e+01 3.785803276465275502e+01 4.202684979178984293e+01 4.550153856754066339e+01 4.520369325454432641e+01 4.819692152334921786e+01 4.577472674843081535e+01 4.086234400745632911e+01 3.321549840128130882e+01 3.443437286810933529e+01 4.356694731618092931e+01 4.434779690368680605e+01 3.466786746654716467e+01 2.750312418056489605e+01 2.243729263583803757e+01
7.249999999999999500e-03 1.000724999999996356e+01 1.580436387841329982e+01 2.008685514279659756e+01 2.227374614761381011e+01 2.329000028663574895e+01 1.962850462005080843e+01 2.781723550800591838e+01 2.904947556582818891e+01 3.316972199374701802e+01 3.887759736911051789e+01 4.298660645991844831e+01 4.093687102004826528e+01 3.681568789268840192e+01 4.093687102004826528e+01 4.255897876568045746e+01 3.233999670439431640e+01 3.233999670439431640e+01 3.304510182616139247e+01 3.009054786726978747e+01 3.009054786726978747e+01 4.017802606448064040e+01 3.695958473885286111e+01 2.769445986778447732e+01 3.321557151321152901e+01 3.742007733647017176e+01 4.170585143823865337e+01 3.840552883345812063e+01 3.673399142068328160e+01 3.710924199370411003e+01 2.775939176808507014e+01 3.710924199320192685e+01 3.762511937759206404e+01 4.158212103543390015e+01 4.144798749282736594e+01 3.600415844618352423e+01 2.925261563396183817e+01
