output/example/elevation_000086.asc
nrows	75
cellsize	13.33333333
xllcorner	0
ncols	75
yllcorner	0
NODATA_value	-9999
[rows 0 to 16 of 75, columns 0 to 36 of 75]
1.369999999999999864e-02 1.614985761391343422e+00 1.162686642192754327e+01 1.812609091518464055e+01 1.914827580141868424e+01 2.133580423495277500e+01 2.364224214815757463e+01 2.616182732133582078e+01 3.032110190537565941e+01 3.613770096019545264e+01 4.276827277126617588e+01 4.682730211066728998e+01 4.505729014073473593e+01 4.100121368622922802e+01 4.100121368622922802e+01 4.193751366260327273e+01 4.598757330984557257e+01 4.397811895834789198e+01 3.991018701893776210e+01 3.991018699842826578e+01 3.991018699842826578e+01 4.397811579060140019e+01 4.569334282438466488e+01 4.151102334446466813e+01 4.569334282438466488e+01 5.070118347209370313e+01 4.656534318233659775e+01 4.547550357815920563e+01 4.839561360363401832e+01 4.842222667784615453e+01 4.428933227347880575e+01 4.680506673970771914e+01 4.267306893344983365e+01 4.680507276731289323e+01 5.255985269247295832e+01 5.340387591264493494e+01 4.923737565448959685e+01
1.279999999999999888e-02 1.001279999999996306e+01 3.940341769280998996e+00 1.397522964207414020e+01 9.041048387921520657e+00 1.118881844931962100e+01 1.345290809496112061e+01 1.592472608804197698e+01 2.186350677660610486e+01 3.202755806283486351e+01 3.257668635702909654e+01 4.276827277126617588e+01 4.100121368622922802e+01 3.087538367479129775e+01 3.087538367479129775e+01 3.186010237677057333e+01 4.022005745283978939e+01 3.991018701404433955e+01 3.002509332232586203e+01 3.002509332232376948e+01 3.002509332232376948e+01 3.991018699842826578e+01 4.066707918249792186e+01 3.147692240354687598e+01 3.979596576714194356e+01 4.397717263892374007e+01 3.654479008566475073e+01 3.544603319358117943e+01 3.838359592171124746e+01 4.263374990988511826e+01 3.424367769834007902e+01 3.728254802490582875e+01 3.258832764307185670e+01 3.846357829381884130e+01 4.842334008417860503e+01 4.762970278506399069e+01 3.926009806349900799e+01
1.299999999999999940e-02 1.001299999999996260e+01 1.397522963445711142e+01 6.404903571685659713e+00 1.647174957896847047e+01 1.543977804905320284e+01 2.364224214794917245e+01 2.318976032759130845e+01 2.080686972880390684e+01 2.510342752159776580e+01 3.528214691614810761e+01 4.162536416999693500e+01 4.280536965280535355e+01 3.384117061975632623e+01 2.328945810059789423e+01 2.571187342448200752e+01 3.611931754362958458e+01 3.910661311778586935e+01 3.281782084893844598e+01 2.295067745299151696e+01 3.292037022739053498e+01 3.972907218368661830e+01 3.649397287400577028e+01 2.643494628886274356e+01 2.974946542563524687e+01 3.979596515323018480e+01 3.838359162355849463e+01 2.813655146520271799e+01 3.838359592171124746e+01 3.808345950794861778e+01 2.824547940915566357e+01 2.698881962597197059e+01 3.728254802438596727e+01 4.405512921823962103e+01 4.602211230523762708e+01 4.186815118043489292e+01 3.337919074309913015e+01
1.369999999999999864e-02 7.084767811865937404e+00 1.708476781775256725e+01 1.647174957896847047e+01 2.062715932611954983e+01 2.552905991787995887e+01 2.368995797385912638e+01 3.332253005082881714e+01 3.121085437306660992e+01 3.455111858850684570e+01 3.037244297101208801e+01 3.624091935018800825e+01 3.284277634153529135e+01 3.011057687934421523e+01 1.941076356211628706e+01 2.708242044823592209e+01 3.742098869914140380e+01 3.520700245898689928e+01 2.560069501680122173e+01 2.020815429878692271e+01 2.593382889908782474e+01 3.551100330518575987e+01 3.239161693692875588e+01 2.272509762040785120e+01 2.974946542937161453e+01 3.979596968528105805e+01 3.514319568995868082e+01 2.478917360506918754e+01 3.091618377470487999e+01 3.390821817823126594e+01 2.351141351776210087e+01 2.363437062151426460e+01 2.971846483690709562e+01 3.991348282826186988e+01 4.186815118043489292e+01 3.174783237463311281e+01 3.471200512508271885e+01
1.290000000000000001e-02 1.001289999999996283e+01 1.545911340033327264e+01 1.862139106060079641e+01 2.276352680394572303e+01 2.723566295541955284e+01 3.370955034630673453e+01 3.782246966051732784e+01 3.450817221313543115e+01 3.017941072574965844e+01 2.471629836393166713e+01 3.222687405517617520e+01 3.286174250178607537e+01 2.230369775367796237e+01 1.697698409237530726e+01 2.452748296472515577e+01 2.881589454651954441e+01 3.537650397093662491e+01 2.750594563372652956e+01 1.764026601358502333e+01 2.499835496097465537e+01 3.397480490228583960e+01 2.106317675927244082e+01 2.028372297480794728e+01 3.010611887637891826e+01 3.768768265685981333e+01 3.816966638882079366e+01 2.791169290150061144e+01 2.056085956144670845e+01 2.735453780574720994e+01 1.985613826147185890e+01 3.023239264216446642e+01 3.820213184392530081e+01 4.115890768580334935e+01 3.948660694130605009e+01 3.469180593780311028e+01 2.437302956067097170e+01
1.299999999999999940e-02 2.685612419124245420e+00 5.459113400250394932e+00 8.621391060418783781e+00 1.309352701541837760e+01 2.016459482728398100e+01 3.016459483106133987e+01 3.405044666751369675e+01 2.858073775055407140e+01 2.069454262194968663e+01 2.019718384120930921e+01 2.904185522841795475e+01 3.166921480282694290e+01 3.173671224715775097e+01 2.451636424358657607e+01 1.419158132524327343e+01 2.452711306937869296e+01 3.126220202768208267e+01 2.127898357909167970e+01 1.559098536545837455e+01 2.256762976805961429e+01 3.251754778135710211e+01 2.777272494781650991e+01 1.806348939523883956e+01 2.355844027298110532e+01 3.352944782011006453e+01 4.109683112867751476e+01 3.481121328378647206e+01 2.725356162664083826e+01 1.723143610010738414e+01 2.735453780574720994e+01 3.444076019383050635e+01 3.491696342238413564e+01 3.059820860678712506e+01 3.228056815874823116e+01 2.507441100633803543e+01 2.062962164874448590e+01
1.299999999999999940e-02 1.001299999999996260e+01 1.545911340033327264e+01 1.862139106060079641e+01 2.276352680394572303e+01 2.723566298359745730e+01 2.890447648410347270e+01 3.007503419063891670e+01 2.065245277264996915e+01 1.514872233866517881e+01 2.105691366021175170e+01 2.502400005226499857e+01 2.236234269386418916e+01 2.890863193806334053e+01 2.260713236166398588e+01 1.247982251131936238e+01 2.260715305214910131e+01 2.525600504374089539e+01 2.112106791535949313e+01 1.354069749706056491e+01 2.366624349388917636e+01 2.731833631513951843e+01 2.322603445780983833e+01 1.623669175496584316e+01 2.159202133929438361e+01 3.146114170857683590e+01 3.692633850071689494e+01 2.593008757726763491e+01 1.653801322141530150e+01 1.602313487446260254e+01 2.570717800266929487e+01 3.129789136333725352e+01 2.524309325773460699e+01 2.261219347571508465e+01 2.588537131598330632e+01 1.863132860134568958e+01 2.806786032629218752e+01
1.290000000000000001e-02 1.001289999999996283e+01 1.841867034504330292e+01 2.407806252245490697e+01 2.543000436050854773e+01 2.253547847483732980e+01 1.901919412495328032e+01 2.588098366377948167e+01 2.824619400439896921e+01 2.122206607544390877e+01 1.160679461704949844e+01 1.835673647878303782e+01 1.547063321619048715e+01 2.382834083833029126e+01 1.975523728027047099e+01 1.072866945911297343e+01 2.081726168604008009e+01 1.855336444895831960e+01 1.028666483927430519e+01 2.112106791375648740e+01 2.497754300231830982e+01 2.092349480551867558e+01 1.383403929962266687e+01 2.322603445780983833e+01 2.989093009919586308e+01 3.563533395311694818e+01 3.576736062844103259e+01 3.165264771133594124e+01 2.178979408861379241e+01 1.489429781219627813e+01 1.680624818901909734e+01 2.296151594587180611e+01 2.015028360873213487e+01 1.716465402206161883e+01 1.705247324772381035e+01 2.543321278474074632e+01 3.160887572182159744e+01
1.349999999999999985e-02 4.471777785113192571e+00 1.017392059982732633e+01 2.000154304968737407e+01 1.573786141241457770e+01 1.292193033573966865e+01 1.223204206528294868e+01 2.140674262699601726e+01 2.443339214106292800e+01 2.519570072947014339e+01 1.835672693180713821e+01 8.365968739853396841e+00 1.577215470900481797e+01 1.931851717942973679e+01 1.233002050559230511e+01 8.733726503566115795e+00 1.840419271750003460e+01 7.071070675137387518e+00 1.759254086140658302e+01 2.157088566720942779e+01 1.873721126489864375e+01 1.148289331045704920e+01 2.092349476584189460e+01 2.731829167641972589e+01 3.552564506438854153e+01 3.115457138346010524e+01 2.606831005786104782e+01 2.551306295360141618e+01 2.186794234551630822e+01 1.377939664514128104e+01 1.683319208801969324e+01 1.420703898655233388e+01 1.481651453863545242e+01 1.539532287195648230e+01 1.723215355305911345e+01 2.472390895614002204e+01 2.924442249968538121e+01
1.379999999999999977e-02 1.001379999999996251e+01 1.632782561128812304e+01 1.236959366135800664e+01 1.200846222695685128e+01 6.655888050858707494e+00 1.487847383855852001e+01 1.788183066042304858e+01 1.351441924072672940e+01 1.803666539813181657e+01 1.813295026455137204e+01 1.402416243367942350e+01 5.933757922227367310e+00 1.477481693222985726e+01 5.931475609922269854e+00 1.319508756203258493e+01 1.586744487082380139e+01 1.297831651281876297e+01 7.071070675137387518e+00 1.670714628389997713e+01 9.150137431638670549e+00 1.872059326225535969e+01 2.268979322458370618e+01 2.686026207592543358e+01 2.718561312261280349e+01 1.964980229185351135e+01 2.364896102790347499e+01 1.671804557124181301e+01 1.205077661571344372e+01 1.267795405057020552e+01 1.331007023835306669e+01 2.219513770281212928e+01 1.758929822163854340e+01 2.403550141012854269e+01 1.619160929321393283e+01 1.670176898805400256e+01 2.231116299816705606e+01
1.290000000000000001e-02 1.001057725608747440e+01 1.078632958092267735e+01 1.100466437957654753e+00 3.446238478090942969e+00 1.104160239873844596e+01 1.187261325233793308e+01 3.599298979489618855e+00 4.405009148156429966e+00 8.648092121294101986e+00 1.347321601888545572e+01 3.894758443396002079e+00 4.393291848998980065e+00 4.845590365416835965e+00 5.257125148316640129e+00 5.654280670060675362e+00 6.055958560779426847e+00 6.465845028914682935e+00 1.322552801330206762e+01 7.071070675137387518e+00 7.523451578947262242e+00 1.395929366056800802e+01 1.418211437606952074e+01 2.200254021057420317e+01 1.828456926965240115e+01 1.407398789910755355e+01 1.530162485602642874e+01 1.125877982426345802e+01 1.989253905727244032e+01 1.640780490214760334e+01 1.534797884812805790e+01 2.270177544960076332e+01 2.741598181033548087e+01 3.122981307540693052e+01 2.848198435225975800e+01 1.822327423690360959e+01 1.737512433528282685e+01
1.359999999999999924e-02 3.314208630818638035e-01 6.494023634563101943e-01 8.458317148385729567e+00 1.100466437957654753e+00 1.422370289081868355e+00 1.744737255433082446e+00 2.070878490821911111e+00 2.400070928679000293e+00 2.741402061998087447e+00 3.183426518673078132e+00 1.347688639337792615e+01 8.972789927535313126e+00 1.473310880528463152e+01 1.012267790344711393e+01 1.004790579913749582e+01 1.397608978789937062e+01 9.602035050958743767e+00 1.350890776658692261e+01 1.690353134768783860e+01 1.732721928312108872e+01 8.196377818886546152e+00 1.520769274512006852e+01 1.871565560775726667e+01 1.001941144662192151e+01 1.048964426293841434e+01 1.048964426293841434e+01 2.002041793772124478e+01 2.217233380438461054e+01 2.473634087016015570e+01 2.270177689782961750e+01 1.765273405760665426e+01 1.765273405760665426e+01 3.280480599068138048e+01 3.578942053154252534e+01 2.980237965274363887e+01 2.644059764128769174e+01
1.349999999999999985e-02 3.696388284242246414e+00 1.030995795779163160e+01 8.359866976848948639e+00 1.137106524812898556e+01 1.181183652852858756e+01 4.228022517792232371e+00 1.027094740585126864e+01 1.126630755164687514e+01 9.965592103958911707e+00 2.741402061998087447e+00 1.338357818076111094e+01 1.841390440433054820e+01 2.190882340695975472e+01 1.597405263942007458e+01 1.652559846978190450e+01 1.798817680409305808e+01 1.731670001328194175e+01 1.773971107504538836e+01 2.480942876935193553e+01 2.132802816030622850e+01 1.176870059391231926e+01 8.872614376321516616e+00 9.350762825042860271e+00 1.811175536594621249e+01 1.995144174957827232e+01 1.150152416792054844e+01 2.045882619839252570e+01 2.234378200909486267e+01 2.609054047402669951e+01 2.916879430442666532e+01 1.890715217035527473e+01 2.103227378460802299e+01 3.131215690231426052e+01 3.885370767947882342e+01 2.947298075765259284e+01 2.213796758285783639e+01
1.319999999999999993e-02 1.000150579068194290e+01 8.787297021044873091e+00 1.634284610173504859e+01 1.677104731625561485e+01 7.780767596790651552e+00 1.450292394022846487e+01 1.777599576320400487e+01 1.776988604401801908e+01 9.445923631095654471e+00 3.547475293340493163e+00 1.422868509171011198e+01 1.926190282530882314e+01 2.610901887355329620e+01 2.602075384770264321e+01 2.772845313637861864e+01 2.749344429367419451e+01 2.874698079964899122e+01 2.707482475576689396e+01 2.741597264200970585e+01 1.780346292118897722e+01 2.133583017764838630e+01 1.193565193605229879e+01 1.908657580749281379e+01 1.714189572830903785e+01 2.309718114125082522e+01 1.253800123985488923e+01 1.603501373965483978e+01 1.610102253769642999e+01 1.801478017192441072e+01 2.751335574953103702e+01 3.130812639472592096e+01 2.826503720667635733e+01 2.885200098279953806e+01 4.041483392877708525e+01 3.545838822770829069e+01 2.521681329540463068e+01
1.299999999999999940e-02 1.001299999897972981e+01 1.725086917662826380e+01 1.732117663015426245e+01 1.742438924584863713e+01 1.743908407137219641e+01 1.184136174020281196e+01 1.184136174020281196e+01 2.126623221457639090e+01 1.763459831913007037e+01 1.422189647793716993e+01 4.795987311386188168e+00 1.159575001446416387e+01 2.113372873867361790e+01 2.586246510891578509e+01 2.307589639643878598e+01 2.738810964526920699e+01 2.663185871098105295e+01 3.079507763369269568e+01 3.147592147391565831e+01 2.455770957511815311e+01 2.550174267892814584e+01 1.509671855580779010e+01 2.549598439237758285e+01 2.362901404092044899e+01 2.644245301531106307e+01 1.706513057782780862e+01 1.397889497988794183e+01 2.197990055831317946e+01 2.588972993221256758e+01 2.682931801743059808e+01 3.627355595429426671e+01 3.960443166605760013e+01 4.073209694994517349e+01 4.404449249957259838e+01 3.731552242811886799e+01 2.915057512174051624e+01
1.349999999999999985e-02 6.974730813541941465e+00 1.688385204642726478e+01 2.629153896684440284e+01 2.712376916475385613e+01 2.514742493023226189e+01 1.544659736946034734e+01 2.147715728819675007e+01 2.447387158429136278e+01 1.512061129829517725e+01 1.351907033483384168e+01 5.695691140860556168e+00 1.559534171829438520e+01 1.480186262338383862e+01 2.132578097096896030e+01 1.389119686137173204e+01 2.155209671269565419e+01 1.774306732102921913e+01 2.249864359641094325e+01 3.227795463545751176e+01 3.432464812638062313e+01 2.986231161481219942e+01 1.964941188821301665e+01 2.986231161481219942e+01 3.283278369435591770e+01 2.471915642010958791e+01 2.258344517995358203e+01 2.258359899829558870e+01 1.533198936028339077e+01 2.283847496391388532e+01 2.904464091040623686e+01 3.223176876777330335e+01 3.640312990624923373e+01 4.091875086784401816e+01 4.672374590587607912e+01 4.277086713054688261e+01 3.426388260045441569e+01
1.369999999999999864e-02 1.001369999999996274e+01 1.852508918736679533e+01 2.267920231146290888e+01 2.846872525995404501e+01 2.917139693012311596e+01 2.103300115821113891e+01 2.917139694941717210e+01 2.685013950868899713e+01 1.801986130346476500e+01 1.030076243881798348e+01 1.507315406817022208e+01 7.010623990611312806e+00 1.203264325725389483e+01 1.856899839193103574e+01 1.389119686137173204e+01 1.447905346865364962e+01 2.188059869945693592e+01 3.079491604807868654e+01 3.651881814363975565e+01 3.799829085795148131e+01 3.465109339694151913e+01 2.716571981750794862e+01 3.465109362174644758e+01 3.881520710525106210e+01 3.466628707449026336e+01 3.211557458659812170e+01 2.800210382338794091e+01 2.394809769609427619e+01 1.655005966156912223e+01 2.539516788266955771e+01 2.230244513716833765e+01 2.663910358072342888e+01 3.250447010415809501e+01 4.256447850789002274e+01 4.742349146826339990e+01 4.355475637432933667e+01
