output/example/elevation_000128.asc
nrows	75
cellsize	13.33333333
xllcorner	0
ncols	75
yllcorner	0
NODATA_value	-9999
[rows 34 to 50 of 75, columns 37 to 73 of 75]
2.946164026895444721e+01 3.938515327317348635e+01 3.989901359366888300e+01 2.990264219081399588e+01 3.989901359366888300e+01 4.510655535113615144e+01 3.549104017037224423e+01 2.993806360231728192e+01 2.560834388818656038e+01 2.968374598041744505e+01 1.979909071871373527e+01 1.866072591677768600e+01 1.917121261182408176e+01 2.903428490875405643e+01 3.590691044745782534e+01 3.649636949041673972e+01 4.050073310146612471e+01 3.716148987119939306e+01 3.089679630613004946e+01 2.033476694257995021e+01 1.468732582752511640e+01 1.748051371581291491e+01 1.186811466911220592e+01 1.167239726139663070e+01 1.819877697652314197e+01 2.164029701114727899e+01 1.171379713762339669e+01 2.191166419188062875e+01 2.284770319989509346e+01 2.686586365142692401e+01 2.601775741170467882e+01 2.749060480853998456e+01 2.896977765132712790e+01 2.173384928545976891e+01 3.055953753908317694e+01 2.816748493922401053e+01 3.474148298900575327e+01
3.852884134733273669e+01 4.348828731393098934e+01 3.612074024560211427e+01 2.607495792921599076e+01 3.612074024560211427e+01 4.234804860805115112e+01 4.205772292880849506e+01 3.243608101274568867e+01 3.525419468381021915e+01 2.607900840220061411e+01 2.973729683771350807e+01 2.710957935788564299e+01 1.704892587447139718e+01 2.583188827349293604e+01 2.879089490375455185e+01 2.705912883234973165e+01 3.305197460180080782e+01 3.759038738232570864e+01 3.521724512779378102e+01 2.479880581320986366e+01 2.170115411595192967e+01 2.463528485730228468e+01 2.075637155493638630e+01 1.235354073465488334e+01 1.133127438746739024e+01 2.079792887807593971e+01 1.171379713762339669e+01 1.237896298309891918e+01 1.237896298309891918e+01 2.284770319989511833e+01 1.575485204814301810e+01 1.761044413021659238e+01 1.938363193507958115e+01 2.837558444058184648e+01 2.456705380899643387e+01 3.414556127450083522e+01 3.572079008701734182e+01
3.816139736150294226e+01 4.215952021407298389e+01 3.294398494567093394e+01 2.273187159281802749e+01 2.814629853022363548e+01 3.822623724782609855e+01 4.609318736134503780e+01 4.205772292880849506e+01 4.028945968003369416e+01 3.175236698619179521e+01 3.399367428539993341e+01 2.425809488212495779e+01 2.583188917397881212e+01 1.565977018479967064e+01 1.905278827775612882e+01 2.781512569708000626e+01 2.027997559230774272e+01 3.052351685073779208e+01 3.601915307721217374e+01 3.535250133661079985e+01 3.227719971651391973e+01 2.542338546142174138e+01 1.712935982704023630e+01 2.060911795428216209e+01 1.198428611292846035e+01 1.088016410987193083e+01 2.079797328346293384e+01 2.284770306656180949e+01 1.237896298309891918e+01 1.326611855155807795e+01 2.390068167935953625e+01 2.749060309976928806e+01 2.896977946411264071e+01 2.896977928983184825e+01 3.414556127450083522e+01 3.060630474688960945e+01 4.023576957653171604e+01
2.814788784429124036e+01 3.816139736150294226e+01 2.999600174894268179e+01 1.948897129388184979e+01 2.999600174894268179e+01 3.575866278087163153e+01 3.986454981856577717e+01 4.561068822801380662e+01 4.617918242291705155e+01 4.187887149307424295e+01 3.801268968755442756e+01 3.399367361469985838e+01 2.972257482160993192e+01 2.456081604820447239e+01 1.434111760759756393e+01 2.340125908349278205e+01 1.321555193622945090e+01 2.504775132159624107e+01 2.644822007628849292e+01 3.601915307721213111e+01 3.496130137920071945e+01 2.506027960162371215e+01 2.437557377450647778e+01 1.626150626896229667e+01 1.036382573643725991e+01 1.183595069271128075e+01 2.389104863596774209e+01 2.284769448569867833e+01 1.237896298309891918e+01 2.284771332662332455e+01 1.560861854925880721e+01 2.589982096141061874e+01 3.141672123632129043e+01 3.711415728737083697e+01 4.235840439625570042e+01 4.023576957653172315e+01 4.023576957653172315e+01
2.762589223655491466e+01 2.836641078862475140e+01 2.410937275062336838e+01 1.672871306696997351e+01 2.751947092057759292e+01 2.564574535775301811e+01 3.153558113189167500e+01 4.152749959563438864e+01 4.458140450175016412e+01 4.016227884145037308e+01 3.646944985309077225e+01 3.345168116158667715e+01 2.751968466792144596e+01 1.771157592059383035e+01 2.340126276324608767e+01 1.321555193622945090e+01 2.228205185182001102e+01 1.849723119403962102e+01 2.818551733530001968e+01 3.125293972401935250e+01 3.527261224888903968e+01 3.017226567179137930e+01 2.190146380338425658e+01 1.849930628330805149e+01 9.951248544264647222e+00 1.565046096347930060e+01 2.458225832506056108e+01 2.682628978649116291e+01 1.995037116892207507e+01 2.284770456477731315e+01 2.589982012409023326e+01 1.804838362672232321e+01 2.498013131080669780e+01 2.982492803941320147e+01 3.418373008831434134e+01 3.846400107485042241e+01 4.268728668149733352e+01
1.686847597803177479e+01 2.153311143165852215e+01 1.303636849678077070e+01 1.615776179775926735e+01 1.941002273229375419e+01 2.431173087162582647e+01 3.023001912598740049e+01 4.022827237121401112e+01 4.085667009470062538e+01 3.208222961147787800e+01 2.741614377857803930e+01 2.417905777311188231e+01 2.128438773422835339e+01 2.751968466792144596e+01 2.747045290028671971e+01 2.228205185182078907e+01 1.217759998517988329e+01 2.076464701904576771e+01 2.495316906343911967e+01 2.140984714158424751e+01 2.942943926623640394e+01 3.064517516124655216e+01 2.035946585118884045e+01 1.350356511680485383e+01 9.533978249339948974e+00 1.952035981653138208e+01 2.501950918548436675e+01 3.117696964751382893e+01 2.984286289668185788e+01 3.262501756667990804e+01 2.786268023934559324e+01 1.804838362672232321e+01 1.804838362672232321e+01 2.027191606414458747e+01 3.002147438771760335e+01 2.846286248973040500e+01 3.416821241490787742e+01
8.922862648442745126e+00 1.041522678923610279e+01 1.384246959229363583e+01 1.752934761185725066e+01 2.823748672825659156e+01 3.405788022768953738e+01 3.856309226685281288e+01 4.431206234814596456e+01 4.458140450175016412e+01 4.016227884145037308e+01 3.646944985309077225e+01 3.345168116158667715e+01 2.692847442361416199e+01 3.450867336792339302e+01 3.207762935243599856e+01 2.448390781618949319e+01 1.395268315215586519e+01 1.114669541720147627e+01 2.014169939462365022e+01 1.576258633570397016e+01 1.835060573630137171e+01 2.423955288996186042e+01 2.746631400119052202e+01 1.937386747406872800e+01 8.605329076355992868e+00 1.827028851374323892e+01 2.226250800482085168e+01 2.214830782716802560e+01 3.291535150466421555e+01 3.456576328568657885e+01 2.508617233183792905e+01 2.786268023934560034e+01 1.804838362672232321e+01 2.808675485191152887e+01 2.332556375384736924e+01 3.311816763725561685e+01 4.268728667309044766e+01
1.794153935063519967e+01 2.153311142433568293e+01 1.958553715432802633e+01 2.823748645178846317e+01 2.346878297147098991e+01 2.869360337227714908e+01 3.581890176057863329e+01 4.576987956186730599e+01 4.252798194195198533e+01 3.837582956026588477e+01 4.252798194195198533e+01 3.973823622734677485e+01 3.602922771788964695e+01 3.498313602077076467e+01 2.518600026006815895e+01 1.831036098868605677e+01 1.764958815523306512e+01 2.014330624723782748e+01 1.008772424046167870e+01 1.916628262179560949e+01 8.982575606692767778e+00 1.957395855357260217e+01 2.337342106091015026e+01 1.867286038452727226e+01 8.203675011854182131e+00 8.842691819007686860e+00 1.296916798125588954e+01 2.041715797245846531e+01 3.175356689888284834e+01 3.849055040081712775e+01 3.456576328568635148e+01 3.092557597607468267e+01 2.108986977269571739e+01 3.092557597607468267e+01 2.812272408943762514e+01 2.846286248973040500e+01 3.338919400774178570e+01
1.643664245057842521e+01 2.656102559245593753e+01 3.019441858301793857e+01 3.435915721280480994e+01 3.371353940698644180e+01 3.782533849218875588e+01 4.281966048995095520e+01 4.237854284597081289e+01 3.725703192144677445e+01 2.761948393077355490e+01 3.725703192144677445e+01 3.964141163570418058e+01 4.114267292699542367e+01 3.140359196492432048e+01 2.445211311110412211e+01 2.805551488559091311e+01 2.279040305192646798e+01 1.963892351644086176e+01 1.916553577818760346e+01 8.982575606692767778e+00 1.817460951291437254e+01 2.096925268662496222e+01 1.139383353011601052e+01 7.835210936858238107e+00 8.341099471954530387e+00 1.803432948016028448e+01 2.104396610671550150e+01 2.423146927796344485e+01 2.915388869274105588e+01 3.349217941923033948e+01 3.873489590231422142e+01 3.427777910984158183e+01 2.429205515540955673e+01 3.427777910984158183e+01 3.382052583744141572e+01 3.846400107485123954e+01 4.268728668364145307e+01
1.581428908476579842e+01 1.880693519598494845e+01 2.241622459824863611e+01 2.725027500317315088e+01 3.390916484578396251e+01 4.099408324705164830e+01 4.237854299399869262e+01 3.185835818770791761e+01 3.299765672818345763e+01 2.217504797191922705e+01 3.299765674521977843e+01 2.903760342838405961e+01 3.638260065184501002e+01 3.824709431491331202e+01 3.425610215389204427e+01 3.589107243826903471e+01 3.193874413865576756e+01 2.879089854265226833e+01 2.327155475003573315e+01 1.817460950451882695e+01 7.957426876587597953e+00 1.718859397810538425e+01 7.439403195223455612e+00 1.069429921721750709e+01 1.798590677107062064e+01 1.109469801412622658e+01 1.284048890420243438e+01 1.475669978396389048e+01 1.821859256229638291e+01 2.390625439487942216e+01 3.459544708890567222e+01 3.858698197523019502e+01 2.914720761229626333e+01 3.858698197523033713e+01 4.397807483055395750e+01 4.821109983643455621e+01 5.105145985409363618e+01
5.439530455958899502e+00 8.176439393698796465e+00 1.139109986843688027e+01 1.574803442464821757e+01 2.301574608616674666e+01 3.599321105664226650e+01 4.127631987060804164e+01 3.068743578349719670e+01 2.291098411392612277e+01 1.858203379269955491e+01 2.568251491093023375e+01 2.135911167332927718e+01 3.108098380130273597e+01 3.727738031328583190e+01 3.792367755980114197e+01 3.398797954805025512e+01 3.239014901624460663e+01 2.823859722321301291e+01 2.543279269920288854e+01 2.226338073215177360e+01 1.718902635726875516e+01 7.051687942592936409e+00 1.517886578733456737e+01 1.302735482017252799e+01 1.362458604887153868e+01 2.019008576266567800e+01 2.213430870935273376e+01 2.019098206140733609e+01 2.522804003006138274e+01 3.349217941937055798e+01 3.873489590294543916e+01 4.374976600725380393e+01 3.941833376091405228e+01 4.374976600718114383e+01 4.845169266477793002e+01 4.447236543252772378e+01 4.174721529498184225e+01
1.583821747477885822e+01 1.880691841597651148e+01 2.241610089115126669e+01 2.714529955911089587e+01 2.906351797664441605e+01 3.533114969426419805e+01 3.993087620768199741e+01 3.607867424177627669e+01 3.365186718355087692e+01 2.568251491093023375e+01 1.488331688521713581e+01 1.595799569014111263e+01 2.234809778390591362e+01 3.038550028928135660e+01 3.244156998404741188e+01 2.449545763012817545e+01 2.915980463011543833e+01 2.170881483662076050e+01 1.578035184134433067e+01 2.019625898834994260e+01 2.025842933633044396e+01 1.626883481896552652e+01 6.690197844121334114e+00 1.705829949577246296e+01 2.096850795980017779e+01 2.465254188168952965e+01 2.914219653388041564e+01 3.077560662301391048e+01 3.501031090743985885e+01 4.002850338919393636e+01 4.333446666093764321e+01 3.603386456812786776e+01 4.670964379020379909e+01 5.058464724183711780e+01 4.132557678940025170e+01 3.557190307846276767e+01 4.447236543252771668e+01
1.228314302075619402e+01 1.985151311684280628e+01 3.032314024552821152e+01 3.110783181630989702e+01 2.467221752369595933e+01 3.110783181630989702e+01 3.445878968482141858e+01 2.652705639831290441e+01 3.405719177192930402e+01 3.003214842430271148e+01 2.235056507722938335e+01 1.154611015329278878e+01 1.964934261493299772e+01 1.964934260294658941e+01 2.850746998672040533e+01 1.882176745958791386e+01 2.291538532866567834e+01 2.477683530540435797e+01 1.911837875968676670e+01 5.932066242891103514e+00 1.600177124792400107e+01 6.323924641536220470e+00 1.649621791834448459e+01 9.017518921285876843e+00 1.118258489881501383e+01 1.394724440525306441e+01 1.854419815592537901e+01 2.532620451454340582e+01 3.711167026110935296e+01 4.088025842950447242e+01 3.449761034496728485e+01 3.449761034496728485e+01 4.333446666093768584e+01 4.776191101369705194e+01 3.865955918450175233e+01 3.249767525547824221e+01 3.721647557095595715e+01
2.181856882693152855e+01 2.716778691692301706e+01 2.679376297036811749e+01 2.291692837935156390e+01 1.903227542886770252e+01 2.758871074762830133e+01 3.016164374584779750e+01 2.087719057715207782e+01 2.446824475306321034e+01 3.406119124836589407e+01 2.662532361872061770e+01 1.960482766780413755e+01 8.870333309191913429e+00 1.717531954790447557e+01 2.158233696169954641e+01 2.291541187601827900e+01 1.314397380611478816e+01 1.848444868165389821e+01 1.784546966454654537e+01 1.516210982437236154e+01 5.932066242891103514e+00 1.540567486473793579e+01 7.153073337232050299e+00 1.725713529932525603e+01 1.343151176834941474e+01 2.062350359520138099e+01 2.920220558306467140e+01 3.445197279882198416e+01 4.135928395441231231e+01 3.631519707761493265e+01 2.831807231019135429e+01 3.301242201362755679e+01 3.678279554549734343e+01 3.981718091992097186e+01 3.600308883912708069e+01 3.001868487308001932e+01 3.624266945875841373e+01
2.056078123294519600e+01 2.311402848314511260e+01 1.917790679093809914e+01 1.384299856722165423e+01 2.291692837935156390e+01 2.941439881592314975e+01 2.623371259569397651e+01 1.639876080174868633e+01 2.623371259569397651e+01 3.308857662601005245e+01 2.967434444415789940e+01 2.377037646443575625e+01 1.717531465515043365e+01 6.471944728368607791e+00 1.486675566226279166e+01 1.924396853377707473e+01 1.815741735786178523e+01 8.911025522582290748e+00 1.478845279847521255e+01 5.476562356574236290e+00 1.301064302982755727e+01 1.953631437882600963e+01 1.178687760420524100e+01 2.287264034284411096e+01 1.975211592250902726e+01 2.822158282313663236e+01 3.581966231655770372e+01 3.909590555016148983e+01 4.033006722097486829e+01 4.036404270148776163e+01 3.301232654007313272e+01 2.402345860792826926e+01 3.301242201362401829e+01 3.600308883912705227e+01 2.705493369437052564e+01 3.413726964557565680e+01 3.413726964560027710e+01
1.830251114761779263e+01 1.576563034035456923e+01 9.595315862743410307e+00 1.917790679076831850e+01 2.678064256552147526e+01 1.963906802907101579e+01 1.964087449124637175e+01 1.340276886675235879e+01 2.339441641363408309e+01 2.967434363085187599e+01 2.151508653400680871e+01 2.381889786367937845e+01 2.117977126812136035e+01 1.482195625168383835e+01 4.269001541711471504e+00 1.471988444814231300e+01 9.592346145704253146e+00 9.696554042652010708e+00 5.017954961344326392e+00 1.539743906169034737e+01 1.960046440704100945e+01 2.531448162969013893e+01 2.072989747581037534e+01 2.132668893588142822e+01 2.990611108300148047e+01 3.564745829505883989e+01 3.747029562173111827e+01 3.084163038327251272e+01 2.989652927030146046e+01 3.453455802689696696e+01 2.796909136456502054e+01 2.150342102908300035e+01 3.063163947562571465e+01 3.206892026188840816e+01 2.512154415006422425e+01 2.512154415006422425e+01 3.151971181827557800e+01
1.087973139603155559e+01 5.669091677893722370e+00 1.576246211481534409e+01 1.868357389894351428e+01 2.278863290190306401e+01 1.964074025797685152e+01 9.357201436761936719e+00 1.963694893984828838e+01 2.518401711833224965e+01 2.371906552228427145e+01 1.971266804121047400e+01 1.595884930371126487e+01 2.080969987460022708e+01 1.783327254285094909e+01 1.434195815139434238e+01 4.269001541711471504e+00 9.452463535470982947e+00 4.635285659133865366e+00 1.520395001365402088e+01 1.106331501557022357e+01 1.707169322175773374e+01 2.706836389172848456e+01 3.028251770145645594e+01 3.041777236660563588e+01 3.420511514044329004e+01 4.001003144184029026e+01 3.113188460461116236e+01 2.427706981850565882e+01 2.323546246127937209e+01 2.635225748011125546e+01 2.708653682261118334e+01 1.916203329769803787e+01 2.849977100121870777e+01 2.298358942321833354e+01 3.206892026183526667e+01 2.886804185968592407e+01 3.413726964552487431e+01
