output/example/elevation_average_000055.asc
nrows	75
cellsize	133.333333333
xllcorner	0
ncols	75
yllcorner	0
NODATA_value	-9999
[rows 34 to 50 of 75, columns 0 to 36 of 75]
3.337042190676853259e-01 3.210139714163422298e+01 6.584297696674779843e+01 1.154023912242440844e+02 2.111562224420703728e+02 2.431613694277538684e+02 1.664678702552204186e+02 1.875916617930211032e+02 2.626590809897417103e+02 2.318154146247790095e+02 2.320616803428938226e+02 1.627078265321888182e+02 1.859410511945812345e+02 2.108346190753382814e+02 2.765298124023624950e+02 3.690543830822006157e+02 3.907511627486850330e+02 3.918473410736979190e+02 3.172718829084831214e+02 2.541674083282640311e+02 2.221022100911763459e+02 2.841523551214320946e+02 3.202096538918088413e+02 2.873672669499809444e+02 3.603923422760904032e+02 3.179314977939417304e+02 2.441019875397990688e+02 3.298165081931140321e+02 3.616458451875446372e+02 2.728718304312041596e+02 2.153277623662187921e+02 1.720274317541657467e+02 2.654791108590229101e+02 2.589538147808162876e+02 1.634379889269317516e+02 2.510478580503407784e+02 2.110231985608991181e+02
7.136489310454718904e-02 9.826147914271486172e+01 1.621131293738168893e+02 2.019688369592883248e+02 2.488974518797716939e+02 2.933927403690133247e+02 2.599336375780636672e+02 2.820784272173178806e+02 3.203276836832774279e+02 3.254510501566512630e+02 2.578753084804899345e+02 2.576773940097135096e+02 2.168942391760125759e+02 3.046921741003470743e+02 2.578474033626720825e+02 3.146317586029604172e+02 3.933428676570057974e+02 4.269429711236857088e+02 3.818093340444313526e+02 3.414538331280043622e+02 2.875543457544862349e+02 3.289544273428024326e+02 3.350485286116085604e+02 3.534493741881216806e+02 3.927979603775764872e+02 3.433165152140002192e+02 2.703325891820605307e+02 3.574039163273035911e+02 3.943526957251066278e+02 3.131820515541327836e+02 2.845841579374725825e+02 1.944733458792298961e+02 2.861935063042440675e+02 2.710242731021875784e+02 1.757154661228009616e+02 2.710248191940469269e+02 3.057669035451525019e+02
9.059049790830050464e-01 7.042853119760050618e+01 1.671276420222985735e+02 2.157653041058244128e+02 2.120005758728114813e+02 3.048335049462457391e+02 2.934495489704869442e+02 2.577784874659871548e+02 2.763174434389482030e+02 3.142801650483185085e+02 3.509869203774617290e+02 3.486396418266890009e+02 3.032547957056549990e+02 2.938339609042893130e+02 3.508895349765639367e+02 3.323179771513702008e+02 4.231963294462935892e+02 4.115578157686384770e+02 3.723441825503365976e+02 3.816028770027795645e+02 3.663472267331971466e+02 3.872299322409306228e+02 4.266655457480395057e+02 3.929001210257063121e+02 3.249383935912992456e+02 2.833637787714456522e+02 3.415750533382302478e+02 3.853253973927613742e+02 4.188631225884253695e+02 3.597150267965934631e+02 2.781043887294327419e+02 2.206162177126986421e+02 3.070524759052631794e+02 2.811335632179672643e+02 1.946663905320841366e+02 1.995730763553234794e+02 2.946061969309305937e+02
3.236511337782697062e-01 9.851399338848598575e+01 1.656005731209629914e+02 1.199058343464431857e+02 1.902986278804696383e+02 2.836635064071795682e+02 2.392921881475843975e+02 1.628102845306881079e+02 1.815060712248387347e+02 2.481092253605167457e+02 2.875051517161539323e+02 3.181205045810056049e+02 3.489742507096404438e+02 3.862575491889190289e+02 4.234685374207439281e+02 4.238849071157677031e+02 4.073945671183240052e+02 3.598702761598950701e+02 2.827943231906088499e+02 3.007717700895316284e+02 3.728687979771605114e+02 4.521526382938507709e+02 4.718619594229958238e+02 4.411504923511616312e+02 4.032579014091035106e+02 3.459465577815825554e+02 3.472139478144444524e+02 4.261642104435212559e+02 4.207930761633861039e+02 3.456717905422565309e+02 3.300497231931176998e+02 2.497879941286898884e+02 3.283470426080966718e+02 3.061442273698950203e+02 2.147007367145109242e+02 2.946252682758661763e+02 2.243555701303184549e+02
7.051176975622763798e-01 9.888551455683095526e+01 6.877308417698431242e+01 1.655540711645784029e+02 2.522062159688717315e+02 2.629958489446445355e+02 2.002130106167338113e+02 1.044989280498361239e+02 1.777353451856062918e+02 1.535888212394292225e+02 2.448736617711256542e+02 2.250730913151819266e+02 2.981171901922795087e+02 3.417431159738342785e+02 3.512806507703766101e+02 3.888998301232161907e+02 3.376567465038353930e+02 2.788963670326741635e+02 2.281656850001660359e+02 3.214812468195320889e+02 3.652513380389646045e+02 3.860061604189629065e+02 3.912786158255746045e+02 4.462246745155180179e+02 4.431081905439451134e+02 4.151865331901810805e+02 4.347460797536052155e+02 4.399104485692545268e+02 3.982022177037195547e+02 3.595178145551048488e+02 2.820164826912336480e+02 3.385354243813052904e+02 3.582497314297933144e+02 2.941533637108985317e+02 2.370161646673496136e+02 3.293794080119102432e+02 3.189533386212164601e+02
2.762602726440547274e-01 2.745137267974311257e+01 1.251287789505026922e+02 2.026580822191113214e+02 2.032816058144944122e+02 1.953452357969325135e+02 1.302270037071517095e+02 7.179700879362466992e+01 8.109723384766158460e+01 1.725758312133527284e+02 1.984271229767500415e+02 1.644820946837862721e+02 2.580618069805051391e+02 2.485130523906219366e+02 2.578789219844670129e+02 3.175195321298341469e+02 2.793701717246168528e+02 2.052932100353480678e+02 2.996492596079669966e+02 2.547734531522422401e+02 2.742739283559905630e+02 2.967773912066892308e+02 3.228777575706302514e+02 3.674151058881230938e+02 4.254941823607995843e+02 4.623583690318486674e+02 4.480587814094655528e+02 4.062954207618179225e+02 3.481515623505505346e+02 3.055937784021015204e+02 3.398800266215557144e+02 3.969811474901486008e+02 4.093159620044630174e+02 3.519258837266742717e+02 2.622057017604339535e+02 3.536578512564623793e+02 3.447119028393910298e+02
1.850613594792993588e-03 8.689724236553011849e+00 1.065895617034070852e+02 1.269831330383606485e+02 1.084758795645106773e+02 1.439677686511703882e+02 5.916253266614587858e+01 1.557868864054103426e+02 1.777408606795893604e+02 9.461511738097928514e+01 1.044038944991710025e+02 1.980478793562106716e+02 2.248424614043169640e+02 1.801895397709805025e+02 2.479800688313472676e+02 2.599834513091010422e+02 1.846073320518981120e+02 2.792751050251082461e+02 2.794637102982057399e+02 3.476997728998922526e+02 3.437788023010435268e+02 3.487289980707150221e+02 4.135748027226541126e+02 3.936469985467114157e+02 4.744191833783510219e+02 4.689742614714702995e+02 4.679502331608344434e+02 4.578229971375675973e+02 4.239083393567124176e+02 3.511246764324784522e+02 4.178476299829327445e+02 4.439417156148685990e+02 4.452456400900558720e+02 3.779971634113005621e+02 2.936350523276761919e+02 3.801597898045512807e+02 4.370037984727655953e+02
5.933543570421615510e-01 9.877301125592867947e+01 2.087600727058168815e+01 2.946171858698263435e+01 3.807065205050024304e+01 4.673792250556252981e+01 1.160698434986911280e+02 1.954840691413257616e+02 2.297792998951766776e+02 1.456006473269687831e+02 2.006040661800969076e+02 1.188117252336447933e+02 1.292923516140330946e+02 1.406935523854805012e+02 1.526895002240059398e+02 1.649241080438431482e+02 2.600642981028336180e+02 3.175546709182009408e+02 3.722607805863785870e+02 4.020066105645931316e+02 4.315375219930463686e+02 4.401370305926040487e+02 4.768708426902658175e+02 4.840295306197929222e+02 5.206048179843896833e+02 5.097754451175253507e+02 4.658298522371897548e+02 4.368393732393497544e+02 3.978313978480421724e+02 4.059272176440978797e+02 4.615508255228767780e+02 4.746593273817516092e+02 3.914463556330209713e+02 3.481506882370698577e+02 3.462752455720466287e+02 3.627831540779564534e+02 4.444720816734784421e+02
5.242591108685094037e-01 9.833641442564365320e+01 1.185362231134191973e+02 1.269886557008673833e+02 1.354717957615010278e+02 1.439984295988023746e+02 1.833698781554168988e+02 2.508608049130556310e+02 2.769690890689539629e+02 2.137936326127997120e+02 2.533108284343361731e+02 1.766038572115922420e+02 1.561538771571063933e+02 2.361838599158508032e+02 2.475958077891195046e+02 2.599412143679427345e+02 2.057125530103643882e+02 2.594794173795013421e+02 3.249370137466343067e+02 4.169628416695742317e+02 4.505547903394243576e+02 4.654350934395985746e+02 4.917195764971564245e+02 4.635043446564862393e+02 4.997998503961002825e+02 5.199330665028038538e+02 5.153287605204217243e+02 4.893395371537964706e+02 4.462008512251940147e+02 4.485584971576693647e+02 4.836742209329984235e+02 4.944508059683175247e+02 4.424990414313428460e+02 3.932622237968735135e+02 3.993779640103481938e+02 4.087631589647268129e+02 4.811417458112440499e+02
2.245761403057450201e-01 9.841216072254890435e+01 1.388551802329910743e+02 1.604337650332949465e+02 1.836480226773758773e+02 2.090080717548535461e+02 2.373215957333682695e+02 2.704048875368405334e+02 3.043750070096367608e+02 3.038517373310159542e+02 3.083834960113220518e+02 2.703729823505025252e+02 2.026713756162033064e+02 2.069609012321316754e+02 3.013174658299072917e+02 3.379952517879676179e+02 2.730170274701512767e+02 2.734932271000967035e+02 3.658747495263173164e+02 4.247073055954234064e+02 3.656435901526184580e+02 3.759262819787864487e+02 4.404675452973379493e+02 3.732969115137625522e+02 4.362455184449909211e+02 4.777387210273742539e+02 4.982593964652094201e+02 4.891339999174529112e+02 4.325411059179160134e+02 4.344558222509178336e+02 4.567803331493695396e+02 4.382479248149908813e+02 4.863275592970541652e+02 4.829724138091142436e+02 4.819303931433451567e+02 4.703347238038441560e+02 5.099820468026263143e+02
6.918070203250719086e-01 2.098732384756406333e+01 4.161307852882927705e+01 6.357308756543415740e+01 8.722729215869773611e+01 1.131039234099202986e+02 1.420819545482488877e+02 1.757309603159849303e+02 2.307287512383157377e+02 2.974772847288693356e+02 3.900400078461185558e+02 3.345632294118525465e+02 2.618383118835540131e+02 2.742402547640613193e+02 2.835202454756067141e+02 3.760883751096234278e+02 3.660247481816085156e+02 3.665746264950135469e+02 4.040665284745899157e+02 3.795771055138467318e+02 2.978713249206640512e+02 3.127006477466377419e+02 3.774134437204768915e+02 3.251791736864583413e+02 3.706577370866443744e+02 4.551040553068633017e+02 4.473791136094852163e+02 4.268130032357631194e+02 3.718978205764916538e+02 4.102854583152744112e+02 3.922659240888833097e+02 3.735138552454686192e+02 4.450119842692113252e+02 4.930926809884845738e+02 4.970835873408804559e+02 4.543469019618568723e+02 4.965055250241336466e+02
7.517111381045206153e-01 9.893460901774484739e+01 1.388745814466419688e+02 1.604294746252256232e+02 1.836514659250623254e+02 2.090379641933623702e+02 2.374376010098229983e+02 2.704673730551177755e+02 3.088807033660918364e+02 3.549599176642627185e+02 3.913611836699408855e+02 3.828305083100364641e+02 3.512608634223080344e+02 3.669529328828256780e+02 3.763938232543598019e+02 3.681201460875178100e+02 3.313679710077255436e+02 3.543939246870962734e+02 3.586861411132781541e+02 3.211276019041818586e+02 2.490983222211020518e+02 2.666194819915585299e+02 2.855264036090535456e+02 3.776342517795968092e+02 4.440385386647027417e+02 4.521974583050078422e+02 4.103359269638879141e+02 3.643343760071126098e+02 3.453145378318646408e+02 3.762647061803500605e+02 3.968874002405541432e+02 3.342802130432912691e+02 3.789490206833510229e+02 4.524075789825058678e+02 4.564438877014578679e+02 3.737962353927791241e+02 4.567975185742449185e+02
8.558244295687547076e-01 9.903538253809689706e+01 1.370739607614427484e+02 1.574496363550933609e+02 1.791726393695994091e+02 2.026353345001332684e+02 2.284410818484322760e+02 2.575269823894702199e+02 2.918287593236611883e+02 2.619017905564077751e+02 3.490343646770859891e+02 3.361755953174001661e+02 3.063769861554951603e+02 3.452690222341332174e+02 3.520262765689000162e+02 3.149203226193804994e+02 2.379240706928594591e+02 2.613814497696037051e+02 3.014509899924520937e+02 2.275752781535362033e+02 3.211274201064247222e+02 3.591221419043592959e+02 3.732251043553914087e+02 3.593724466994108298e+02 4.122202609447512600e+02 3.769975330888474900e+02 4.243200335273943438e+02 4.101772476203205429e+02 3.638180961839110523e+02 3.018781254415759463e+02 3.683576228320511632e+02 2.958297215594491263e+02 3.714607719990117971e+02 4.163149410926910718e+02 3.891618316440211629e+02 3.311928406408528645e+02 3.719081760645558461e+02
8.802730031229742957e-01 2.021625942748785576e+01 3.981810274842123931e+01 6.055140050918599570e+01 8.266793517907984779e+01 1.066294879177688273e+02 1.329227925387922937e+02 1.625845050176326367e+02 1.976007803273584500e+02 2.910398097281774312e+02 3.202791555315347409e+02 2.971290426107347571e+02 2.175445461961017770e+02 2.961886247781892507e+02 2.589427083539948740e+02 2.602682138003986552e+02 1.822623443299931978e+02 1.946907179177910621e+02 2.075927423957333247e+02 2.987032059389222240e+02 3.133028007216967694e+02 3.901767166405430203e+02 4.052838998324037902e+02 4.064781873921764941e+02 3.614584282833892530e+02 3.515500296918354479e+02 3.886369483736743291e+02 3.513138327367853435e+02 3.417935858147967565e+02 2.633071893425953363e+02 3.392193715303461659e+02 2.584553833750536569e+02 3.314618462240478038e+02 3.589639308382191416e+02 2.962336728488464814e+02 3.891686079541336198e+02 4.572452385001643052e+02
1.825126015476009611e-01 9.834338950897492282e+01 1.371021561343076769e+02 1.574517081819245448e+02 1.791715411010206367e+02 2.013600033893237367e+02 2.284275348796273022e+02 2.548169398401967953e+02 2.798685590431749688e+02 2.473785921505086378e+02 2.325706800183585585e+02 2.573062416328676818e+02 1.659064657886354155e+02 2.262589383139367385e+02 2.441172114284900942e+02 1.653448712811988912e+02 2.602737136360517525e+02 2.635492480571595593e+02 2.729889023423131107e+02 2.784854283232240846e+02 3.645712820749553202e+02 3.674136450935301355e+02 3.625584198102889104e+02 4.035568948088443904e+02 3.626028715216201022e+02 3.131987695467406070e+02 3.628344789475917764e+02 2.964182121840458422e+02 3.099209095673991783e+02 2.249481254518974822e+02 3.007947073204111348e+02 2.271993594906521423e+02 2.457461712381393966e+02 2.655041780912420677e+02 3.590694273905363048e+02 3.827503826809218026e+02 4.038719125983838012e+02
2.234715563764334556e-01 9.683816622334155966e+01 1.648099421498768322e+02 1.265230833230449718e+02 1.346065580312190662e+02 1.740631401370201843e+02 2.420166160654067369e+02 2.841050301693252891e+02 2.303934845705909993e+02 1.549765794575507414e+02 1.627681603998165372e+02 2.099287724238905923e+02 1.277465522386239911e+02 1.378760771536010168e+02 1.490252782890486287e+02 2.442946879874116917e+02 2.985194570608875324e+02 3.553004084008918539e+02 3.656091861949651616e+02 3.663539370022441517e+02 4.085565463139698181e+02 3.713363224768159512e+02 3.280265374718109115e+02 3.832753837222467155e+02 3.447177704603612938e+02 2.826679547289080006e+02 3.285152708370171695e+02 2.419826928814352414e+02 2.660357533328931368e+02 1.920569506568702138e+02 2.061874027548090282e+02 3.008677837461506215e+02 3.396141986973144640e+02 3.589746277332585578e+02 3.539521660751234435e+02 2.917375071260099162e+02 3.111784419056644424e+02
8.205654311753158847e-01 9.900125653233023115e+01 1.146806816452163105e+02 2.887426255123049046e+01 3.725874731277396279e+01 1.075275746524013272e+02 1.857051755926482599e+02 2.178575660835955432e+02 1.539843815144162420e+02 9.537987470922737998e+01 1.045990343269395311e+02 1.140158220048929536e+02 2.099862585412064107e+02 2.332676941182226074e+02 1.739146569665679749e+02 2.577023415882305812e+02 3.134505744537033820e+02 3.584107132007460450e+02 3.743690470614840251e+02 3.978652527265722370e+02 4.016196639981554313e+02 3.587339584118591347e+02 2.941454211466257789e+02 3.524563294714558879e+02 3.112865436069066050e+02 2.359313965959524921e+02 2.925964790358374330e+02 2.500271425860859438e+02 1.745977617813028644e+02 2.424331934566232292e+02 3.007310269071959965e+02 3.391825515577592114e+02 3.569858358168737595e+02 3.189732142797293477e+02 3.144313806082678298e+02 2.213649985065314638e+02 2.868841353430676122e+02
