output/example/elevation_average_000044.asc
nrows	75
cellsize	133.333333333
xllcorner	0
ncols	75
yllcorner	0
NODATA_value	-9999
[rows 51 to 67 of 75, columns 0 to 36 of 75]
5.882205962523524567e-01 8.820210649527108870e+00 1.699659443260275893e+01 1.143453856237031658e+02 1.337408515749810647e+02 4.885068913458643181e+01 1.448402983071603387e+02 1.651878757752522517e+02 8.155841985642365444e+01 1.758311016689642656e+02 1.695737319479853795e+02 1.673283982823824658e+02 2.443831622543181084e+02 2.979775932777446883e+02 2.311401129394510576e+02 2.100002470382281956e+02 2.993377272383175409e+02 3.335884721355925535e+02 3.045843794336507244e+02 3.435750492754970651e+02 3.646046049239619151e+02 2.962945631048887094e+02 2.654185220796292128e+02 3.071032980986973371e+02 2.857024125085961259e+02 1.986803504561528939e+02 2.403964127868704850e+02 1.635341394715695174e+02 2.581471450081821786e+02 3.117707936139269123e+02 3.765947975030743464e+02 3.516335776511586459e+02 3.060952053931011960e+02 2.291123042287415217e+02 2.746527398330852634e+02 1.901209430071914710e+02 1.969528395540824590e+02
9.768667279832560224e-01 9.870358121898028969e+01 1.141511646420795358e+02 9.582764325834065744e+01 1.822326245449971509e+02 1.454164419736854370e+02 6.072788749278889497e+01 6.921981357141046942e+01 1.653070919567474562e+02 2.156892039929825557e+02 2.626826381814930187e+02 2.413633944199081327e+02 2.965845273472632471e+02 3.480209684919956317e+02 3.174047480466286402e+02 2.794435005983503402e+02 2.910050587379994909e+02 2.706367837231304634e+02 2.338718122442373328e+02 3.076778068287367205e+02 3.232614611706171104e+02 2.679624044645715912e+02 2.223016129429381635e+02 2.453267003220489073e+02 2.573254522717099348e+02 2.252626360581546408e+02 1.477404207676561043e+02 2.426794224287405370e+02 2.581327385560255152e+02 3.504697250805040198e+02 3.429627950636499918e+02 2.593668695635116705e+02 2.592503066409389021e+02 1.739919035236824811e+02 1.806106903412571114e+02 2.710983789993400705e+02 2.897792221050541457e+02
2.138324179527880675e-01 6.978813189123046357e+01 1.659188667017056673e+02 1.912390903772865443e+02 2.290557097377557056e+02 1.953001899239311001e+02 1.139170607746655008e+02 1.381892869891671012e+02 1.336197426397434640e+02 2.058745647710395019e+02 2.954332858688996453e+02 3.124060711152488921e+02 3.039456866101879768e+02 2.887818532197733816e+02 3.264240820200726603e+02 3.542221101759838007e+02 3.080630867229521641e+02 2.853604492626072897e+02 2.408613797080177505e+02 3.051852022134386857e+02 3.337909072157859214e+02 3.012313510404385966e+02 2.574305761395452237e+02 1.705672180022445161e+02 2.101788514150765934e+02 1.328802172001494171e+02 2.281417138393277924e+02 2.804663998534078360e+02 2.825522744728433508e+02 3.194641063051760739e+02 2.505453924097456877e+02 2.502196569337119456e+02 1.646966717180513342e+02 2.592541475977677692e+02 2.737775892423574078e+02 2.342151684265837446e+02 3.182208487119438018e+02
1.069909363418946047e-01 9.784247516196846561e+01 1.533196391766899751e+02 1.864521679363345754e+02 2.246100245932229882e+02 2.403241373203563001e+02 1.847078090826900336e+02 2.321265622272562155e+02 2.282575176173228897e+02 2.650279321749560495e+02 2.656200345750199290e+02 2.786280400996255366e+02 2.722258080606299586e+02 2.211173808253521713e+02 2.785736257574016008e+02 3.305297704723840297e+02 3.216314884201368614e+02 2.579849867726521779e+02 2.121475223993240604e+02 2.847145804258637440e+02 2.926270390018217427e+02 2.200897810669665375e+02 2.485286068663559433e+02 2.134696310276927704e+02 1.182050851996589813e+02 2.101229987898421712e+02 2.158121297396122316e+02 2.225339179661894491e+02 1.886473367225953837e+02 2.342211669066060153e+02 2.408064191579582598e+02 1.554480256036177366e+02 2.502351297209831387e+02 2.324496543609597836e+02 3.254122730208450776e+02 3.091683174905787723e+02 3.199733914254103411e+02
3.726996606557795300e-01 2.842810259007854157e+01 5.756016046749053316e+01 9.118462475367972786e+01 1.434273695460650799e+02 2.307174210391034705e+02 2.653678677907129213e+02 2.561676341351723067e+02 2.180330863744553653e+02 2.079661211954127396e+02 1.721146766587921775e+02 2.608569972499588516e+02 2.431189623029487734e+02 1.681023393004469710e+02 2.095332943424828613e+02 2.862283804244158318e+02 3.069865910501533222e+02 2.305876881516973356e+02 1.651139333919072385e+02 2.488395354270309667e+02 2.534292859923307333e+02 1.612660663069601412e+02 1.598194176605031487e+02 1.966044771156500985e+02 1.084340962309816376e+02 1.148471958074206185e+02 1.212065557908883306e+02 1.274555683055960600e+02 1.336848721510183395e+02 1.399080445368576875e+02 1.460928594637346976e+02 2.410717566188923797e+02 2.880622236304007515e+02 3.251523658093005906e+02 3.625487692222114902e+02 3.927813181014157635e+02 4.040524361909467075e+02
9.622267309149505898e-01 9.868176791755738009e+01 1.536682764915018424e+02 1.864936080220160193e+02 2.246044514744668561e+02 2.754184276260319848e+02 2.211247682599104394e+02 1.821720634044861242e+02 1.258965295989860635e+02 1.128489572966313546e+02 2.079634423546729920e+02 2.099760777131778013e+02 2.092583189434068345e+02 1.212275235239255551e+02 1.541378413757828412e+02 2.334059433857856050e+02 2.719613099014637214e+02 2.185262645084847861e+02 1.266426227184921913e+02 2.107844316216061600e+02 2.225912216794239669e+02 1.843914076515476950e+02 9.556684179235996623e+01 1.007995921048720902e+02 1.967502968465184665e+02 2.102429288178583136e+02 2.164804267957800903e+02 1.992810748057958961e+02 1.891892425629774550e+02 2.345718475924660424e+02 2.409373576143843252e+02 1.719455693470927713e+02 2.650860783290463019e+02 3.167982078714056797e+02 3.426599771990575505e+02 3.634613034781194187e+02 4.031411918050631584e+02
2.536103556318918262e-01 6.982620836847731027e+01 1.659585574000352324e+02 1.720798314801454865e+02 2.059588055357900487e+02 2.282886392417166803e+02 1.648560071869572994e+02 8.953220156218279158e+01 6.599413999971967826e+01 1.623096147207565139e+02 1.389910687923220394e+02 1.171283372389428337e+02 1.457497879502350600e+02 8.298589597887155378e+01 1.469833746733271767e+02 2.415841725663692614e+02 2.037977301643671808e+02 1.418171486510093473e+02 9.726510249434468847e+01 1.709846167961440528e+02 1.769150735945750910e+02 8.819883027407659881e+01 1.835380163176184283e+02 1.964989043220479061e+02 1.309014783319864534e+02 2.261303136471441064e+02 2.835808831789412352e+02 2.896053534096415660e+02 2.830524272530973349e+02 3.207071193955235344e+02 3.039940629036196924e+02 2.292006965024322938e+02 2.010043959451441822e+02 2.242870223437707011e+02 2.530344107639129163e+02 2.863793086010244338e+02 3.359734968729503635e+02
9.431841708974398886e-01 9.865952328099533020e+01 1.050261226032360184e+02 7.610351030433584185e+01 1.721131476507773073e+02 1.602076845463880375e+02 9.663456930912396103e+01 2.866899855591970336e+01 1.259298269001548505e+02 1.339671622518962977e+02 4.207205671667870206e+01 4.555669363947765760e+01 4.895522061726664020e+01 1.458795633739474624e+02 1.537993425620016694e+02 1.567727106725649548e+02 1.604232671413313369e+02 6.867558520147336765e+01 7.202816513555890765e+01 7.538790032723238710e+01 8.073169165217396426e+01 1.768910094243082369e+02 2.229202823040486408e+02 2.638523390142169660e+02 2.261132271292355256e+02 1.641413356226890699e+02 1.900542911307564964e+02 2.835027959337150492e+02 3.606118311284821516e+02 4.006317420067724697e+02 3.592545320541150886e+02 3.200734942409059158e+02 2.560363178481819091e+02 2.842341655497111219e+02 3.139980733165104994e+02 3.765251278669828139e+02 3.873248569437633364e+02
7.631321084887311423e-01 4.273201284757737639e+00 7.714991457475094627e+00 1.053351255903061912e+02 1.132381396069724531e+02 1.165096006962832291e+02 2.395398853171694498e+01 1.211912943176512414e+02 3.358655406638392549e+01 3.702967298584965761e+01 1.341594458703209511e+02 1.423542012192252741e+02 1.457412593474564062e+02 5.378185518098766948e+01 5.715764277183752284e+01 6.050710573018647409e+01 6.391521233181351391e+01 1.605920337587522511e+02 1.683815595549310729e+02 1.716707483344366665e+02 8.129797210755212689e+01 1.776359292770958405e+02 1.832767845842551822e+02 2.772735451575014167e+02 2.962037617753291556e+02 2.585629853661561128e+02 2.835537421750223643e+02 2.336653429566406714e+02 2.720581453747171849e+02 3.371166997304785014e+02 4.273742848400212893e+02 3.851157314210983600e+02 3.482611907448625743e+02 3.681322053888369510e+02 4.010414908114605623e+02 3.779463848081638844e+02 3.232862332229054800e+02
7.628124041380348608e-01 9.849064476119856693e+01 1.051541381594670241e+02 1.251991078598618046e+01 1.586938504187804533e+01 1.919973230092917760e+01 1.166068668136364863e+02 1.602841249496637772e+02 1.057116089376889647e+02 1.340293612899051823e+02 6.448482613152934562e+01 8.932489018211623488e+01 1.843245395108111779e+02 1.097462872728129639e+02 1.534710154045475861e+02 1.570605923216719191e+02 8.224233901463324514e+01 1.784396676997710927e+02 2.455232738036395688e+02 2.161204419276015187e+02 1.776614665570925808e+02 8.705529949481183394e+01 1.833194513526487128e+02 1.885300232837721808e+02 2.824136568310661346e+02 2.569267822185813088e+02 2.948586580893564246e+02 3.263877532430648785e+02 3.515432945336058310e+02 3.947192216424541016e+02 3.952384870093094378e+02 3.630628972561350452e+02 3.971702641908054261e+02 3.749941156545681338e+02 3.462002752457511292e+02 3.362094430812761630e+02 2.539279071184229792e+02
2.106757229907613160e-01 9.685235121359627897e+01 1.481699803228109147e+02 8.378745835390058971e+01 8.485210573676661738e+01 1.163577827199636943e+02 6.187637180988850361e+01 1.582878794719900100e+02 1.983820524957118607e+02 1.908756854011841995e+02 1.027998886628509609e+02 1.790581735009914723e+02 1.274807825299217967e+02 2.048819979237482016e+02 2.419083354321522847e+02 2.169339899201389130e+02 1.411023050400522720e+02 1.116892671408313049e+02 2.062400579672215883e+02 2.773828010438082856e+02 2.217180881467680251e+02 1.603396519520223080e+02 9.274664621437500500e+01 1.888760058754888007e+02 1.975133528510275198e+02 1.624166046739967442e+02 2.060737803738533387e+02 2.445481160467185191e+02 2.820799446666863446e+02 3.191508342880858322e+02 3.285495038432982255e+02 2.713822610047558328e+02 3.517088716673453632e+02 3.257944026932127599e+02 2.542478395853408983e+02 2.953373086294103018e+02 2.476132447094777831e+02
4.089467787567467871e-01 6.876153393195588137e+01 1.629185924343602494e+02 1.784694042229202466e+02 1.806916290589321648e+02 1.965558351552684542e+02 1.202502128712998228e+02 1.264346354657066342e+02 2.126058947900607734e+02 2.157782246015301837e+02 1.436483104942996079e+02 2.268301512652988663e+02 1.943414070627061676e+02 1.705818584355000382e+02 2.648000924688363966e+02 2.734429949397855921e+02 2.339539618428870540e+02 1.791458448752154595e+02 1.452414290228460061e+02 2.400507156606287822e+02 2.887172232610807896e+02 2.273712500733371655e+02 1.639443690568612055e+02 9.832826187634717030e+01 1.024065865102231072e+02 1.064282435829164370e+02 1.103673266099361996e+02 2.016183580150339196e+02 1.909873116605789676e+02 2.826773564887541852e+02 2.362262569965919852e+02 2.210011779057426224e+02 3.142820803199746820e+02 2.841882257444221977e+02 1.940719307574657648e+02 2.510368969169549018e+02 1.625983523367794987e+02
7.605404438924017185e-01 9.849115741993088591e+01 1.732495737169932681e+02 2.154484385922983734e+02 2.675041116326237329e+02 2.526942442939106002e+02 2.141794486441041272e+02 2.212301167673220732e+02 2.569639613373827842e+02 2.593950804041594438e+02 1.954137825260535806e+02 2.711936589852147108e+02 2.878912147512496063e+02 2.215831493171617126e+02 2.385472639059125015e+02 3.311697942148959442e+02 3.106627956064359068e+02 2.415120213901436159e+02 1.874615259568257670e+02 2.004886702137238501e+02 2.899718050540282661e+02 2.940313597896475812e+02 2.135984970706200556e+02 1.186432956887983181e+02 1.908534224832614541e+02 1.788017497639712019e+02 2.060781308655242299e+02 1.158798137489299052e+02 2.091668697050648404e+02 2.204607718394110236e+02 1.678825608862228478e+02 2.619850990202384651e+02 2.787339734161496949e+02 2.406718051265508223e+02 1.517599464716681439e+02 1.561729849850019889e+02 2.510969248955349258e+02
3.612262887922438326e-01 3.767482245900987436e+01 8.122099878732782940e+01 1.366765079844734885e+02 2.312201361393441914e+02 2.524712924664209766e+02 2.147627093698520753e+02 2.147658837697102854e+02 3.073441914042811618e+02 3.032679173678308189e+02 2.764159580489729819e+02 2.987374107998850263e+02 3.294714352114326630e+02 2.670210707664105030e+02 3.287999633474965435e+02 3.682140014017071508e+02 3.702597087236967468e+02 3.183880629708229435e+02 2.412718418743167206e+02 2.681591849147292237e+02 2.930881232016217837e+02 2.889157105692014511e+02 2.005793814762566569e+02 1.399019104678410486e+02 2.340312067827112799e+02 2.667046867805818238e+02 2.498989043557741354e+02 2.116039225736510048e+02 1.212930139326002035e+02 1.250996191320265183e+02 2.193639175656657017e+02 2.301493094497587037e+02 2.344741929305210419e+02 1.455414290251911495e+02 2.391551674175222786e+02 2.510270679597045387e+02 1.847007240933873220e+02
2.027203060114903810e-01 6.942084194285682486e+01 1.655570902682827068e+02 2.064554231737367047e+02 1.686117860908477439e+02 1.863453904312972895e+02 1.199283939841595981e+02 2.146115027740476933e+02 2.700141072648684144e+02 2.915362003492240888e+02 3.273763077504668217e+02 3.417529960339115860e+02 3.482377055232098542e+02 3.400523258050872073e+02 3.757480237212751035e+02 3.633251078580127000e+02 4.025347678438434400e+02 3.698551181976931730e+02 3.250548809980272722e+02 3.533895352109528289e+02 3.784012314484782564e+02 3.272434379743700106e+02 2.490260763361464171e+02 1.814852726377953900e+02 1.986820984621460582e+02 2.916034513523977125e+02 2.845829646731392018e+02 1.923188252411910639e+02 1.852562596096075254e+02 2.205714964844155475e+02 1.304645578095187943e+02 1.348975612756642875e+02 1.393020359439978790e+02 1.719252887313669760e+02 2.657054066919049546e+02 3.160830326809139592e+02 2.789510742793318059e+02
4.264044037055534364e-01 9.816584052180986930e+01 1.848472020264597120e+02 1.466383131735594247e+02 7.259926105680436592e+01 9.164657331752307812e+01 1.872015840999593195e+02 1.524936516020225099e+02 1.768272785221767549e+02 2.039904477749629450e+02 2.357198893830639577e+02 3.065824380375117926e+02 3.908672004139495471e+02 3.711387679828824844e+02 3.396050474247444413e+02 2.752278612374575459e+02 3.509906420953715838e+02 3.765860557990500865e+02 3.931068305456548728e+02 3.955797404313581183e+02 3.782594356720030078e+02 3.319228738421363119e+02 2.868483614775852857e+02 2.317364924031936084e+02 2.316716877632591149e+02 3.045795231407356596e+02 3.236766675669493338e+02 2.845229455408247645e+02 2.727888137799386072e+02 2.327828035951941104e+02 1.376973251686839319e+02 2.301451568053858807e+02 2.343897237938200533e+02 2.632634039745984751e+02 2.269179697632611976e+02 3.200597478419397248e+02 3.466474781197164248e+02
2.601976539121070298e-01 9.800161377040997479e+01 1.256366166623936635e+02 5.008882439466837866e+01 1.463825328469584406e+02 1.198461669306883550e+02 2.147233122250701172e+02 2.462499349166964180e+02 2.699937467378706515e+02 2.929263319059768946e+02 3.237869400093291006e+02 3.489726650726973958e+02 3.918508222461135233e+02 3.521249573271825852e+02 2.735844099255793367e+02 2.310034978285099214e+02 3.155881431480931383e+02 2.946050006883768901e+02 3.234231983258093805e+02 3.202415009746241594e+02 3.243869527492071825e+02 3.629164995154847020e+02 3.398084103824679687e+02 2.906764634040902706e+02 2.933228400354812493e+02 3.573429921091038182e+02 3.668531659869460668e+02 3.129429704008960016e+02 2.538279073691445831e+02 1.741193362966612028e+02 2.329919198227567279e+02 1.485131548972368023e+02 2.435542019555137756e+02 2.920969881962769819e+02 3.197554599852841193e+02 3.030085467123425360e+02 3.943443154767549004e+02
