output/example/elevation_000221.asc
nrows	75
cellsize	13.33333333
xllcorner	0
ncols	75
yllcorner	0
NODATA_value	-9999
[rows 0 to 16 of 75, columns 0 to 36 of 75]
1.369999999999999864e-02 5.553865778380060902e+00 1.283338557508883682e+01 2.285720027106659558e+01 2.518256062544015705e+01 2.932698375180313377e+01 3.315720755374365325e+01 3.605714290714936254e+01 3.420417068289351903e+01 3.006327094148207024e+01 3.420417067668525846e+01 3.568028926319475147e+01 3.981517489056594172e+01 4.799201110656947122e+01 4.499497110466264616e+01 4.232756186151406297e+01 4.656056735087759080e+01 4.551558539032333783e+01 4.128299808491262723e+01 4.261384180962088664e+01 4.261384180962088664e+01 4.684353496221888946e+01 5.052018055210021430e+01 4.641448160265186118e+01 4.641448160265186118e+01 4.750729021994656875e+01 5.160707572773763019e+01 5.591650119927276563e+01 5.143267445918078806e+01 4.726576251682567431e+01 5.143267445918078806e+01 4.846010555000861331e+01 4.846010555000861331e+01 5.261473641681499913e+01 5.154719813099678305e+01 4.756241390347222620e+01 4.756241390347222620e+01
1.279999999999999888e-02 1.001279999999996306e+01 1.727326868498227341e+01 1.808185247705470289e+01 1.514064286018523298e+01 2.518256062544015705e+01 2.330009928993250057e+01 2.618708585521710930e+01 2.917306707643216868e+01 1.999298911451596794e+01 2.859377359750240899e+01 2.565844269889202423e+01 3.568028926319475147e+01 3.776535068848620114e+01 3.477074386129650208e+01 3.212614755091466634e+01 4.066774014370499657e+01 3.963068268497630697e+01 3.110057657629879557e+01 3.241783222442310830e+01 3.241783222442310830e+01 4.261384180962088664e+01 4.641448160265186118e+01 3.628776434750939472e+01 3.628776434750939472e+01 3.739888407060675490e+01 4.180672701569490357e+01 4.886161410751491729e+01 4.632269039810421418e+01 3.697945693381115007e+01 4.540340422712834112e+01 3.819207203744170442e+01 3.819207203744170442e+01 4.846010555000861331e+01 4.756241390347222620e+01 3.781195924700514865e+01 3.781195924700514865e+01
1.299999999999999940e-02 6.475073004155954770e+00 1.221112263191217195e+01 8.072638009745070065e+00 1.801418163950817686e+01 2.045437359189301674e+01 1.626485346374485985e+01 2.618708585522040266e+01 2.502071860027007233e+01 1.492186389573984329e+01 1.850861060823197946e+01 2.565844269889202067e+01 3.568028926319475147e+01 3.776535068848620114e+01 2.764460064911359893e+01 2.634049537894033577e+01 3.613706285810647501e+01 3.468028251069057433e+01 2.532629845516684597e+01 2.532629845516684597e+01 3.241783222442310830e+01 4.261384180961212564e+01 4.567137910712251170e+01 3.925381116038180096e+01 2.911266612347375116e+01 3.834047189566609859e+01 3.461792964127191397e+01 4.474607080196339126e+01 4.212260972531841219e+01 3.187901913285837452e+01 4.066717591733971915e+01 3.096920025446744873e+01 4.119950942382180159e+01 4.632382149896826462e+01 4.068080143602325904e+01 3.665047204312119788e+01 3.082739442748213321e+01
1.369999999999999864e-02 1.001369421659271808e+01 2.759632483685262372e+00 1.270766192525080740e+01 1.450180158963598487e+01 1.051566458230998968e+01 1.859696733932020152e+01 2.025256197201948893e+01 2.198101482103968607e+01 1.492186389573984329e+01 1.945860226631414491e+01 2.529800096445032054e+01 3.532041698265368979e+01 3.776535068848620114e+01 2.764460064911359893e+01 2.189586657164323213e+01 2.837731245919996326e+01 2.461018871688643728e+01 2.088453039735625438e+01 3.089721120339148897e+01 3.963068359332089585e+01 4.451814200422164447e+01 4.153795560748016413e+01 3.142019297935038580e+01 2.608337563439159723e+01 2.821320213428165502e+01 3.834047189566610569e+01 4.282873393588613453e+01 3.825089640510179834e+01 2.812581055195013846e+01 3.049998350273348890e+01 2.767765744494980851e+01 3.778940608293083869e+01 4.231835382207036389e+01 3.250129456674177675e+01 2.681315534620889451e+01 3.337136642248235319e+01
1.290000000000000001e-02 1.137984075051583277e+00 1.154742543394159426e+01 4.496146515643550501e+00 5.749029720971313928e+00 7.036828016727525004e+00 8.608980157851059190e+00 1.021718262924602527e+01 1.190240546969345736e+01 2.198101482103968607e+01 2.917975909548566804e+01 3.367555397338053780e+01 3.945521060816596304e+01 4.199600302378609484e+01 3.340230162596389363e+01 2.335232329844939514e+01 1.838993797985263612e+01 1.758037253799099986e+01 2.755965093568808655e+01 3.510723982984439573e+01 4.151549796453210917e+01 3.443361343075179803e+01 4.151549795630205608e+01 3.327683701497038271e+01 2.318958973281889868e+01 3.042382109394210232e+01 2.856904235221968236e+01 3.867697336174730793e+01 4.066713854659651872e+01 3.049998178121957793e+01 2.354593235044477240e+01 3.049708060580276481e+01 4.058374743414255192e+01 3.984664486998843103e+01 3.581747341994784506e+01 3.337136466657977252e+01 2.364790657793637862e+01
1.299999999999999940e-02 1.001227446943737398e+01 1.659386165335196850e+01 1.150639666495493962e+01 1.275720188209476014e+01 1.700232418795210521e+01 1.145113019177409086e+01 2.025256197122025270e+01 2.198101482101592552e+01 1.693498554594288663e+01 2.200107730344781842e+01 2.912314186124067916e+01 3.912637454774879586e+01 4.358488705622045956e+01 3.340230162596389363e+01 3.256222159172400410e+01 2.543184649902566719e+01 1.544189006715041579e+01 2.543206158609776324e+01 3.397569883842118088e+01 3.701670788870237772e+01 2.728078842573523843e+01 3.701670788869575546e+01 3.211598679208883311e+01 2.794763569262379121e+01 2.036653570023109694e+01 2.746267309625732977e+01 3.757287355755025260e+01 3.737647355477428590e+01 2.730751223512943682e+01 2.169698678947137083e+01 2.909640043566233913e+01 3.326095252149190173e+01 3.581747446857116302e+01 2.608105222004351020e+01 2.893277848196003887e+01 2.182373996346781908e+01
1.299999999999999940e-02 7.084067811865485176e+00 1.708406781238494077e+01 2.149851182701182850e+01 2.276686675554952899e+01 2.149333446862977581e+01 1.854566774092297621e+01 1.779302299686907674e+01 2.786067955112204686e+01 2.408708170549837746e+01 3.117473456971224621e+01 3.619208065970263277e+01 3.825368875608764085e+01 4.242596820510986788e+01 3.695068495086168525e+01 3.110111873329890742e+01 2.394714923894606784e+01 1.394107718565650345e+01 1.975703508748916093e+01 2.977249680911439711e+01 3.286816092607174511e+01 2.279437318555664049e+01 2.811933184370306904e+01 2.794790070113328184e+01 1.792507021979834647e+01 2.794790070113549874e+01 3.459390411881103944e+01 4.134265746563735888e+01 4.156609488528170715e+01 3.569663691170916309e+01 2.906235152731446547e+01 1.929078826840527228e+01 2.908728961104662147e+01 3.630474524667683767e+01 2.893278365153217280e+01 1.935699934465742089e+01 2.668316725124310906e+01
1.290000000000000001e-02 7.083967811865492514e+00 1.708396781240745099e+01 2.283200296670601404e+01 2.697571486808815777e+01 3.154400903205764450e+01 2.860963146056395345e+01 2.492217633836343538e+01 3.200791767137607025e+01 3.412474535851890778e+01 3.505302957417718801e+01 3.077694347749534742e+01 2.767997052543761072e+01 3.825369353534007644e+01 3.278226291099783651e+01 2.283264258269056768e+01 1.707311432860795009e+01 1.248433285689975847e+01 1.967050079129031559e+01 2.970589012815096552e+01 3.524886386002376781e+01 2.516618295259890203e+01 1.809670529437745401e+01 2.418948654292156064e+01 1.631969088083693364e+01 2.129077298803222718e+01 2.708052149041600387e+01 3.718968924050513181e+01 4.416790041901178654e+01 3.436377509761325655e+01 2.748149052743846354e+01 1.772452894722278671e+01 2.246868453273728150e+01 2.929660269366599934e+01 2.885940286590789938e+01 2.664804738866557798e+01 1.712523010237286769e+01
1.349999999999999985e-02 1.001349999999996321e+01 1.466553607448918939e+01 1.283016456244945758e+01 2.116371666690856657e+01 2.531127131629306248e+01 3.032717263193413260e+01 3.495485386060429533e+01 3.652417291648898612e+01 3.855971563075370767e+01 3.077694008874740206e+01 2.016851938375828368e+01 3.077693879624342088e+01 3.680718677380185255e+01 3.392249577957722551e+01 2.411713970856425959e+01 1.706436194948318175e+01 1.116083433356977928e+01 2.131216531871515940e+01 2.964460289041790730e+01 3.246697175444300854e+01 2.653021187272837622e+01 2.237464971035315031e+01 1.419997739391486569e+01 2.418948654292448097e+01 3.048967010780477338e+01 3.255888809411910501e+01 3.255888820704375064e+01 3.674925036263109490e+01 3.436621234778210976e+01 2.454301088787364193e+01 2.448106095313420738e+01 1.570681186979052590e+01 2.355203568840466843e+01 1.983983270709560998e+01 2.334232235806895517e+01 1.569086206459108546e+01
1.379999999999999977e-02 2.307957338708845452e+00 4.664979942784830413e+00 7.827257658511036276e+00 1.116059208484474752e+01 1.616070310993203307e+01 2.617079047314223672e+01 3.381031547542841764e+01 2.715564530724484982e+01 3.357793542549285348e+01 2.331182920681500548e+01 1.695586742468848129e+01 2.223701704223681119e+01 3.256756687707297715e+01 3.167009507572588234e+01 2.721894322875169081e+01 2.006247120888301794e+01 9.985090493821052959e+00 1.538521499814097737e+01 2.251490403820835340e+01 2.821653839930239016e+01 1.814833171843053350e+01 1.237595695274142749e+01 2.235240298798649050e+01 2.831398755552011437e+01 2.959508853031163511e+01 2.244093010797020327e+01 2.244093010803279853e+01 3.255888820704326037e+01 3.189863568148616579e+01 3.234128194953608926e+01 2.403682529900740761e+01 2.243404242471732246e+01 1.384333366810096599e+01 1.325194805876446225e+01 1.377754608691480165e+01 1.429507093367090675e+01
1.290000000000000001e-02 1.001289999999996283e+01 1.466551700820634707e+01 1.466545414650524037e+01 2.116370679366677265e+01 2.531127131629306248e+01 3.031881686964540989e+01 2.950375737286100275e+01 2.066892636295676411e+01 2.953912875339798916e+01 2.413273186834705442e+01 1.448513754392709174e+01 2.111105157262242926e+01 3.142771222092409644e+01 2.724142651032371987e+01 1.681436960024567995e+01 1.984077412932891349e+01 1.792210100788214433e+01 8.481952504820585048e+00 1.829481172887884810e+01 2.286212706812636242e+01 1.931269018203656884e+01 1.116050615057006290e+01 2.119692755249900173e+01 2.607046833628518812e+01 2.519024451821126931e+01 1.470173368789617463e+01 2.521811092104406171e+01 2.889501456757948716e+01 2.307413828005080347e+01 2.532870919494113338e+01 2.744323874004043518e+01 2.203335515371307451e+01 1.250275889600784573e+01 2.211929533659220581e+01 1.912028754746017256e+01 1.555646057072053345e+01
1.359999999999999924e-02 7.084667834211989756e+00 1.708467437960632296e+01 2.466681127352657299e+01 2.512334497523663401e+01 2.503973049657656702e+01 2.881291272606114973e+01 2.556364657590393108e+01 1.601981400602464944e+01 2.561640025435613310e+01 2.193592328106234390e+01 1.251945986839065128e+01 1.911611833026179852e+01 2.322847137980588172e+01 2.465063479388382106e+01 1.956278098111958386e+01 9.550695455323930716e+00 7.064973907098833550e+00 9.504116970432013645e+00 1.726619919721038698e+01 1.756411231822641739e+01 9.575389364290085581e+00 1.941384681636811393e+01 1.884405178459540409e+01 1.589992658069528098e+01 1.892862765319011586e+01 1.147840117904904389e+01 1.962763298163420345e+01 1.873458750158819086e+01 1.811817762315978086e+01 1.511517127836343732e+01 2.114478000502223765e+01 1.961311919560750283e+01 1.200891710173469917e+01 2.105088742296803161e+01 2.800936855587339380e+01 3.094689781447857513e+01
1.349999999999999985e-02 8.569859785306190858e+00 1.849238324545443746e+01 1.953684717752337718e+01 1.579145030519742754e+01 1.581934492507100032e+01 2.493099842698137181e+01 2.252089125408285497e+01 1.257364523544331369e+01 2.252088971180492649e+01 2.614946595916220318e+01 1.911609401894495974e+01 9.825925277848044814e+00 1.660062455879348775e+01 9.123413364341933729e+00 1.201815100820591908e+01 5.646180576429785880e+00 5.967685095925768124e+00 6.303581657646712522e+00 1.561246813268358302e+01 8.215219209819014878e+00 1.481529420000443409e+01 1.762559239737120365e+01 8.486068115577351634e+00 8.848790704046637146e+00 9.210756675345482591e+00 9.573308231718320016e+00 9.951230312306815762e+00 1.033612118087359200e+01 1.072741572914120489e+01 1.112145936862954620e+01 1.151737410561144692e+01 1.151737410561144692e+01 1.151737410561144692e+01 2.114729610682623573e+01 2.959928364612253304e+01 3.369036290382582166e+01
1.319999999999999993e-02 7.822044585630689717e+00 1.027417788742476468e+01 1.039255893164751754e+01 9.178597503212312603e+00 1.836408976199295751e+01 2.222998799752080501e+01 1.969561362121953607e+01 9.598696455186743748e+00 1.971192109143795790e+01 2.650034004456935932e+01 2.322782426109807119e+01 1.659993693616590704e+01 4.729042988277124770e+00 9.142386111063915521e+00 5.189213244302113281e+00 1.469707115363656413e+01 1.117978537499151948e+01 1.599232312374991949e+01 6.798996697951455559e+00 7.169767485053178291e+00 7.574097559364289189e+00 7.962857426798665372e+00 1.687544675687435358e+01 1.266582306990371265e+01 1.473538841726446158e+01 1.132301017936044119e+01 1.886348026843515768e+01 1.584209312690230043e+01 1.689846794045452327e+01 1.633659934202464470e+01 2.113606606761812401e+01 1.151737410561144692e+01 1.219743226184083618e+01 2.181234561536629357e+01 1.987888944151778858e+01 2.959791643045906895e+01
1.299999999999999940e-02 9.602705287989934391e+00 6.973716665642466506e-01 1.051814692422083120e+01 5.752599803704474546e+00 1.099244322567484922e+01 1.621383439544895921e+01 1.603399405788411869e+01 7.158183125920443146e+00 1.256293822147882189e+01 1.903187434398262212e+01 1.850965869451477275e+01 6.131682678162137634e+00 1.125065195938367246e+01 4.729042988277124770e+00 1.442283760626220079e+01 1.282197759856092745e+01 1.884544284305672335e+01 2.073947706992750639e+01 1.092451855363549917e+01 1.716508486202062755e+01 1.703821158410960024e+01 8.377613261214127860e+00 1.783216477620926099e+01 2.247662609885714957e+01 2.182233696425494429e+01 1.304135956049383438e+01 2.278489278232054716e+01 2.486759633419126558e+01 2.562170324530711696e+01 2.236712862978296101e+01 2.674698673046946595e+01 2.243217078657226438e+01 2.181234578293895154e+01 1.315919282627413622e+01 2.271120230692416442e+01 2.695545781063329471e+01
1.349999999999999985e-02 2.965692585361474620e-01 9.413542408996955047e+00 1.098981331015494112e+00 1.032447131613743352e+01 3.997820455034243103e+00 4.123079960504210995e+00 1.014237119093960438e+01 4.930700391352138112e+00 6.803514680559179517e+00 1.269891329274211778e+01 1.124733688853754643e+01 6.131682678162137634e+00 4.274267220607452344e+00 1.387169873356272376e+01 1.619102463149431870e+01 2.155390850692785065e+01 2.480606200164085351e+01 2.116776481738838456e+01 1.836207905843223998e+01 2.535564556721933371e+01 2.186473282354827319e+01 1.176168436007537998e+01 2.189134840802162074e+01 2.891791627389177322e+01 2.730239794591252434e+01 2.307148452963965468e+01 1.569497933717761029e+01 2.295097270367167397e+01 3.329497791131100826e+01 3.187503728613576826e+01 3.191858252940255625e+01 2.367390464052001064e+01 1.315919282627413622e+01 2.273998512036938280e+01 1.416188711040092052e+01 1.727282528647581827e+01
1.369999999999999864e-02 1.001369946126357036e+01 1.431690871062283854e+01 1.077791897433355572e+01 1.502548487151122991e+00 1.788379462411772591e+00 2.074911681757130033e+00 2.361891521826759099e+00 2.649765498972606270e+00 2.940319005489602233e+00 3.232868066475055979e+00 3.525908187149993100e+00 3.819589469268461102e+00 1.177126486722259102e+01 1.370810433774794390e+01 2.257794317016222863e+01 2.663390539819470959e+01 3.083137827475757931e+01 3.130150220784640069e+01 2.950118637651778286e+01 2.951532433649774134e+01 1.918332344014457647e+01 2.203687681152348787e+01 1.599691621096911831e+01 2.606332347467010990e+01 3.549405746131051131e+01 2.517876132358998120e+01 1.779001435933337660e+01 2.517876132361713459e+01 3.549405764067741131e+01 3.627617637746635637e+01 2.746032241130456697e+01 1.650280586192321763e+01 1.900944234623044338e+01 2.396511591730770974e+01 1.416188711040092052e+01 1.487996353750491885e+01
