output/example/elevation_000052.asc
nrows	75
cellsize	133.333333333
xllcorner	0
ncols	75
yllcorner	0
NODATA_value	-9999
[rows 0 to 16 of 75, columns 0 to 36 of 75]
4.840509446848720865e-01 1.004840509446841565e+02 1.387930249635606970e+02 1.592054394867537894e+02 1.408550975795266709e+02 2.115657756981804312e+02 3.115657756981776174e+02 3.584929120627764974e+02 3.999142683000393959e+02 3.901859331705130671e+02 3.487645765832347706e+02 3.487645765832347138e+02 3.357889253841422033e+02 3.772102826378713871e+02 4.349453125209652740e+02 4.500558055352478846e+02 4.086344498083788039e+02 4.500558055352474867e+02 4.494783037834897073e+02 4.201889819052842086e+02 4.311279618791108419e+02 4.725493176872955132e+02 4.695701219668468411e+02 4.695701219668469548e+02 5.109914775914454026e+02 5.584080190791354426e+02 5.584080190782269710e+02 5.998293728477125342e+02 5.035063697739753934e+02 4.620850056517588769e+02 4.491093543183928318e+02 4.905307141037982888e+02 4.951522418496871865e+02 4.537308823934951647e+02 4.951522422326484048e+02 5.066360308623195579e+02 4.652146708450161441e+02
6.497923401133355314e-01 1.954801599057466532e+01 3.879302496356212515e+01 5.920543948675521051e+01 1.592054394867537894e+02 2.349265127525242747e+02 2.877822339441237887e+02 2.584929120627793395e+02 3.584929120627764974e+02 3.487645765832347138e+02 2.487645765826303546e+02 2.487645765826303546e+02 2.357889253829380038e+02 2.935239523019021703e+02 3.935239523067932055e+02 4.000558046014974138e+02 3.086344498089824810e+02 4.000558057159298642e+02 3.494783037869821101e+02 3.201889819057799969e+02 3.311279618798974980e+02 4.195701219673533160e+02 3.695701219678575171e+02 3.695701219678575171e+02 4.695701219668469548e+02 4.584080190819863105e+02 4.584080190819863105e+02 5.584080190782018462e+02 4.620850056521582019e+02 3.620850052139298896e+02 3.491093540115959399e+02 4.327956859594985985e+02 4.451522389636372736e+02 3.537308820836411201e+02 4.451522405744705679e+02 4.566360293859136732e+02 3.652146704743096279e+02
6.883992401879653888e-01 1.006883992401872518e+02 1.387930249635606970e+02 1.592054394867537894e+02 9.350515651525674343e+01 1.935051565152553223e+02 1.877822339441266024e+02 2.877822339441237887e+02 2.952689631292183208e+02 3.109848588928395543e+02 2.780538984641517573e+02 1.780538984639746332e+02 2.780538984641517573e+02 3.363359333274333949e+02 3.777572885527847006e+02 3.586344498086820636e+02 2.586344498089839021e+02 3.586344498086820636e+02 3.494783037869821101e+02 2.494783037871272313e+02 3.319563587545170549e+02 3.195701219678588814e+02 2.988594438492047516e+02 3.988594438489084268e+02 4.405568888837100872e+02 3.876973409633335450e+02 4.876973409623117846e+02 4.958901242069696877e+02 4.381550951615845406e+02 3.913743272219190317e+02 2.913743270924683202e+02 3.913743272225688088e+02 4.037308822383491815e+02 3.037308820836103109e+02 4.037308822383491815e+02 4.152146706596626586e+02 3.152146704742376642e+02
9.527043435140133409e-01 1.009527043435133038e+02 1.920943529949714730e+02 2.349265127525242747e+02 1.935051565152553223e+02 1.343299855616424736e+02 2.343299855616410525e+02 2.659796412259855174e+02 1.952689631292624028e+02 2.109848588929007178e+02 2.522340094893398827e+02 1.522340094892581703e+02 2.522340094893398827e+02 2.363359333296599516e+02 3.200222623533487081e+02 3.253011164754829565e+02 2.253011164756514972e+02 2.826609732044680641e+02 2.961449704537206458e+02 2.161449704537943717e+02 2.319563587546360566e+02 2.488594438492061443e+02 2.697108852549130802e+02 3.697108852547167999e+02 3.405568888842316824e+02 4.405568888837100872e+02 5.291186960967115738e+02 4.544687633652512773e+02 3.544687629474377104e+02 2.967337360269801252e+02 2.612231926346911450e+02 3.612231927254574089e+02 3.703975488534467786e+02 2.703975487502760870e+02 3.703975488534470060e+02 3.818813372645205391e+02 2.818813371409034403e+02
6.729967576641545657e-01 5.067299675766396660e+01 1.213836748763182101e+02 2.213836748763168032e+02 2.757513417988652691e+02 2.343299855616410525e+02 2.757513417988652691e+02 2.159796412336858111e+02 1.245582850106086426e+02 1.402741807742469575e+02 2.239605100761435494e+02 1.286637834497062727e+02 2.286637834497315112e+02 1.786009064106981725e+02 2.442490638079741530e+02 2.547899893418622526e+02 2.655111146902326027e+02 1.826609732045299950e+02 1.961449704537946559e+02 2.961449704537206458e+02 2.896913856735969830e+02 3.488594438490580956e+02 3.697108852547167999e+02 3.013336618565959952e+02 4.013336618562905187e+02 4.819782445751945943e+02 4.778008965053870725e+02 4.200658679374812436e+02 3.786445095768352758e+02 3.334881828890040083e+02 2.334881828234289003e+02 3.334881828890046336e+02 3.415300353641898141e+02 2.415300352907939896e+02 3.415300353641898141e+02 3.523782800052433117e+02 3.109569226731694016e+02
6.149197931285226293e-01 1.006149197931278110e+02 1.484221995289283598e+02 1.946489722882437263e+02 1.831443912169129078e+02 1.417230349861627019e+02 1.831443912169129078e+02 1.634813094981696793e+02 7.455828501060899782e+01 8.253915385528517845e+01 1.825391538552775899e+02 1.063031036747080691e+02 2.063031036746962457e+02 1.338795468607030159e+02 1.442490638080071221e+02 1.547899893419015598e+02 1.655111146902793564e+02 2.655111146902326027e+02 2.961449704537206458e+02 3.375663265801095463e+02 3.896913856733154375e+02 4.311127416314932930e+02 4.427550177303924102e+02 3.590686887755569501e+02 4.427550171080663972e+02 4.411400834860542091e+02 4.363795366541423277e+02 3.363795363799496840e+02 2.786445094608419026e+02 2.432891704015135872e+02 2.116663937998293648e+02 2.866663938382625361e+02 3.157101463705282640e+02 2.157101463160775268e+02 3.157101463705282640e+02 2.846956360878701844e+02 2.109569226223178759e+02
5.036282395543789647e-02 7.000843292524605133e+00 1.070008432925238964e+02 9.464897228824851538e+01 1.310629991683832998e+02 4.172303498616572881e+01 1.417230349861627019e+02 6.348130949817483071e+01 1.634813094981696793e+02 1.825391538552775899e+02 9.408615923907763090e+01 1.940861592390681949e+02 1.196661657703291866e+02 2.196661657703107835e+02 2.442490638079741530e+02 2.547899893418622526e+02 2.655111146902326027e+02 2.020259518572899253e+02 3.020259518572132720e+02 3.800214341875176274e+02 4.214427901644500594e+02 4.791778168037437808e+02 5.004900444670905131e+02 4.590686887748678942e+02 4.118507635785248908e+02 3.411400830865779312e+02 4.118507636626248996e+02 4.200658679367031141e+02 3.786445095768352189e+02 3.432891704764780911e+02 2.866663938382621382e+02 1.866663937998290237e+02 2.630961677896453921e+02 1.921399202765256291e+02 2.596956360784955109e+02 1.846956360503730252e+02 2.846956360878701844e+02
2.473071933081959495e-01 1.002473071933074920e+02 1.690231872229134780e+01 2.393829416959426837e+01 3.106299916838523245e+01 1.310629991683832998e+02 5.253779639488320186e+01 1.525377963948792797e+02 2.049026657240900136e+02 2.208122834303070192e+02 1.208122834303198800e+02 2.208122834303070192e+02 2.196661657703107835e+02 1.643875253203243574e+02 2.052123543667100876e+02 3.052123543666532441e+02 3.434473079834871214e+02 3.020259518572132720e+02 2.446660951284114276e+02 2.800214341877378388e+02 3.377564611066987936e+02 4.377564611060897732e+02 4.369341223552354450e+02 4.154457293289231643e+02 3.671294032170480932e+02 2.704294049650118836e+02 3.671294032169027446e+02 4.284502345855710814e+02 3.870288759978259918e+02 3.968174945865039263e+02 3.280877510315792733e+02 2.630961677896453921e+02 1.630961677602771260e+02 2.404506271000968809e+02 1.596956360503726842e+02 2.596956360784955109e+02 2.437115606126008913e+02
7.088201712286245071e-01 1.007088201712279130e+02 1.169023187222903744e+02 9.464897228824851538e+01 1.310629991683832998e+02 6.536271619688676537e+01 1.525377963948792797e+02 1.939591526233448064e+02 2.799358587835670278e+02 2.622336396427148770e+02 2.208122834303070192e+02 1.679527355094223822e+02 2.679527355093979395e+02 2.643875253202908198e+02 2.643875253202908198e+02 2.759230324853628531e+02 3.759230324851685054e+02 3.860874511907865667e+02 3.446660951282722749e+02 3.800214341875176274e+02 4.214427901644500025e+02 4.076448020566471655e+02 3.369341219069193585e+02 3.740243703964176802e+02 2.740243701785548183e+02 2.257080454150148512e+02 3.257080454811314212e+02 3.707152066208620340e+02 2.870288757884790130e+02 3.553961363585529512e+02 2.553961361563383150e+02 2.737464781006730163e+02 2.404506271000968809e+02 1.404506270773849224e+02 2.404506271000968809e+02 2.334246706127220250e+02 1.437115605892055044e+02
5.819734946149275334e-01 4.530333304461056088e+01 1.453033330446091327e+02 1.946489722882437263e+02 2.067840724282217479e+02 1.653627161968836674e+02 1.031591634978092173e+02 1.385145025571360975e+02 2.092251806757898578e+02 3.092251806757653299e+02 3.093740917086420268e+02 2.256877624283841612e+02 2.496023936021938425e+02 3.496023936020604310e+02 3.643875253194631796e+02 3.759230324851684486e+02 4.173443885587567479e+02 3.787745382045620204e+02 3.287745369713833838e+02 2.873531797323407773e+02 3.287745369713973105e+02 3.576448013345311665e+02 2.662234437838828853e+02 3.576448013345300865e+02 2.923747121257393360e+02 1.923747120816810536e+02 2.923747121257393360e+02 3.292938489579967154e+02 2.292938488691470127e+02 2.715588219877367919e+02 2.737464781006730163e+02 1.737464780593000171e+02 2.160114511578237284e+02 1.302971654260486218e+02 2.232449386394000896e+02 1.334246705917325642e+02 2.334246706127220250e+02
6.201706420557316912e-01 1.006201706420550153e+02 1.269529911373825826e+02 1.976636692560363429e+02 2.976636692560335291e+02 2.445805197269630185e+02 1.738698416164629634e+02 2.031591634978045420e+02 2.092251806757898578e+02 3.092251806757653299e+02 3.671091186013546235e+02 3.256877624283263231e+02 3.496023936020604310e+02 3.511608071117837540e+02 3.097394496494540022e+02 3.511608071140963716e+02 3.868625609164387242e+02 3.161518817478130359e+02 2.373531797076257135e+02 1.873531796829097971e+02 2.787745365997341196e+02 3.162234438517129433e+02 2.162234437838721988e+02 3.162234438517129433e+02 2.665548231396371648e+02 1.665548231069645908e+02 2.372655012259786815e+02 3.372655013363030321e+02 2.715588219877367919e+02 1.715588219501608762e+02 2.244183698909197631e+02 2.160114511578237284e+02 1.160114511403341595e+02 2.132945667354245529e+02 1.232449386205466624e+02 2.232449386394000896e+02 2.748460274514804382e+02
9.933278572681448759e-01 7.170400597592238512e+01 1.717040059759209782e+02 2.265762544668471321e+02 2.265762544668471605e+02 2.679976107041540558e+02 2.738698416164469904e+02 3.031591634976874730e+02 3.092251806757653299e+02 3.506465368913484895e+02 3.089270582201854722e+02 2.675057011106871414e+02 3.089270582201888260e+02 3.011608066540351274e+02 2.097394495808359807e+02 2.926536804709415946e+02 3.340750378576348680e+02 2.454412025891695635e+02 1.747305244683609544e+02 1.373531796829091149e+02 2.373531797076252587e+02 2.402499672053577058e+02 1.828901104505384012e+02 2.828901104957653843e+02 2.436132497450784626e+02 1.436132497199081115e+02 2.436132497450784626e+02 2.879276335969648812e+02 2.465062766268831353e+02 2.244183698909197631e+02 1.244183698710570667e+02 1.983758955355209537e+02 1.063440862498774777e+02 1.132945667184466885e+02 2.132945667354245529e+02 1.809799655395129321e+02 2.387149924585501992e+02
1.405461526419654605e-01 1.001405461526412495e+02 1.366205673752054111e+02 1.265762544668485390e+02 1.265762544668485674e+02 2.265762544668471605e+02 2.966684567490119662e+02 3.380898129863136887e+02 4.003741377155638475e+02 3.052213773867802615e+02 2.589270578973631700e+02 1.675057010697969702e+02 2.589270578973624879e+02 2.597394496151445651e+02 1.597394495808344459e+02 1.926536803987692394e+02 2.926536804709415946e+02 2.657136942344345698e+02 2.040198463660525476e+02 1.040198463495753316e+02 2.024535198946292383e+02 1.402499671794157337e+02 2.402499672053577058e+02 2.348470213425909492e+02 1.934256646389422372e+02 1.222931780843467919e+02 2.222931781041456247e+02 2.301926063661139494e+02 1.465062765956883482e+02 1.915762132575569296e+02 9.555085641157558030e+01 9.837589552098144452e+01 1.983758955355209537e+02 2.132945667354245529e+02 2.547159234949156996e+02 2.809799655841118238e+02 3.224013227549144744e+02
4.026185890239118992e-01 1.836314879170137004e+01 3.662056737520683924e+01 5.586557634819430262e+01 1.558655763481928886e+02 2.150187986562419269e+02 1.966684567490147799e+02 2.917954939528679006e+02 3.003741377155666896e+02 2.638000201712231956e+02 1.638000201041502351e+02 1.175057010697962880e+02 2.175057010902418710e+02 2.219430023012532160e+02 1.219430022799111839e+02 2.219430023012530455e+02 2.620175878612007523e+02 1.950030157660677617e+02 1.242923372977012377e+02 7.819995737485903931e+01 1.024535198784925001e+02 2.024535198946292383e+02 2.128681795285062321e+02 1.714468229038618858e+02 9.342566462486530554e+01 1.769446056276787260e+02 2.183659622680371797e+02 1.848122117770635668e+02 8.877124967672372691e+01 9.157621324398978402e+01 1.915762132575569296e+02 1.983758955355209537e+02 1.030033436548089014e+02 1.737140217735746717e+02 2.737140218252460500e+02 2.910782308010564634e+02 2.944492301155244149e+02
7.903750024369222693e-01 1.007903750024362068e+02 1.366205673752054111e+02 1.558655763481928886e+02 8.919890968152739674e+01 1.150187986562433338e+02 1.503741377155702139e+02 2.003741377155695034e+02 3.003741377155666896e+02 2.675562728930898970e+02 1.821503620236856307e+02 8.215036201046868314e+01 1.821503620236856307e+02 1.598615390394499798e+02 9.521687808866856528e+01 1.952168781043067440e+02 1.913069094020633827e+02 1.205962309429256010e+02 5.358165917899234643e+01 1.535816591882060322e+02 1.987480452070432193e+02 2.090062832082535635e+02 1.675849265943449780e+02 7.144682289280864040e+01 7.418065565187765742e+01 7.694460561599154858e+01 1.769446056276787260e+02 8.481221176439927945e+01 1.848122117770635668e+02 1.915762132575569296e+02 2.329975699424696529e+02 2.062807112972931520e+02 1.062807112815311967e+02 2.062807112972931520e+02 2.523570086912966417e+02 1.910782307393757264e+02 1.944492300516990326e+02
1.870836446472545767e-01 5.792211056360961408e+01 1.579221105636081859e+02 2.306202659188340647e+02 1.891989096815259757e+02 1.857294767748970798e+02 2.503741377155687928e+02 2.917954939528679006e+02 2.397047964364434733e+02 1.982834396434965640e+02 1.261349159379404199e+02 5.542423781922606452e+01 1.337297353994248397e+02 5.986153902934094617e+01 1.388707237728340829e+02 1.802920803166472012e+02 1.461969972649487488e+02 4.988555282421952342e+01 1.498855528330925893e+02 5.732668861035799779e+01 1.573266886199302519e+02 1.637316409896707796e+02 6.758492658371872608e+01 1.675849265943449780e+02 1.741806556632417937e+02 1.769446056276787260e+02 8.086090786593130986e+01 1.808609078780951620e+02 1.848122117770635668e+02 2.848122119298383268e+02 2.769913894537196484e+02 1.769913894003022676e+02 2.062807112972931520e+02 1.109356519226884643e+02 2.109356519392201790e+02 1.203675526205778965e+02 1.237385519328940973e+02
2.797522905802692916e-01 1.002797522905795518e+02 1.993434668009170991e+02 2.366001770838859954e+02 2.780215333211929192e+02 2.857294767748942377e+02 2.617714251050215353e+02 2.203500682273925122e+02 1.982834396434965640e+02 9.828343961947888374e+01 1.275727615078587291e+02 3.117067531559268900e+01 3.372973539189651149e+01 3.629131298978928299e+01 3.887072376490304748e+01 1.388707237728340829e+02 4.619699725640297316e+01 1.461969972649487488e+02 1.913069094020633827e+02 1.573266886199302519e+02 6.107698161344470833e+01 6.373164097945417694e+01 1.637316409896707796e+02 1.675849265943449780e+02 2.675849267244229850e+02 2.222822645300585407e+02 1.308609078659320062e+02 1.162162469252589290e+02 2.162162469440347650e+02 2.968608309240161702e+02 3.184127466645331310e+02 2.769913894537196484e+02 1.925853100166281422e+02 2.109356519392201506e+02 1.156083450578484246e+02 2.156083450751906696e+02 2.237385519517382875e+02
