output/example/elevation_average_000042.asc
nrows	75
cellsize	133.333333333
xllcorner	0
ncols	75
yllcorner	0
NODATA_value	-9999
[rows 17 to 33 of 75, columns 37 to 73 of 75]
2.996715259464776295e+02 2.621103955894168962e+02 1.735141716558498786e+02 2.642838152766288431e+02 2.586458819562780036e+02 3.285366641728120953e+02 3.073260669488932990e+02 3.978267237838900883e+02 4.119737603548243214e+02 3.324875884786411575e+02 3.975293393381988380e+02 3.798058609391326854e+02 3.411152204974172264e+02 2.712268867392771767e+02 3.632616108635277783e+02 3.987701165455652585e+02 4.193424213813638630e+02 4.178036875895787148e+02 4.328217519969429645e+02 5.197163419564215019e+02 5.266227848983596687e+02 4.764154394560023320e+02 4.036112435787018740e+02 3.125618738607760179e+02 3.952864504708135769e+02 4.273436254187618033e+02 4.647670420954270298e+02 5.085216631645212715e+02 5.193494421981162077e+02 5.202353396105763750e+02 4.599183527261029099e+02 4.698066661536602169e+02 5.567863024404657608e+02 5.854584606523480943e+02 6.197596860945830031e+02 6.033567749985656974e+02 6.021306595759822358e+02
3.689040731224106935e+02 3.054930681518014808e+02 2.654801656877773439e+02 1.793248611908169323e+02 2.680669622736431847e+02 2.391527982402033956e+02 3.287356533672881937e+02 3.675207805715568270e+02 3.304960191166358072e+02 2.838082441807412692e+02 3.754406666637497096e+02 3.423889122182771985e+02 2.502919466889596833e+02 3.424078215075053890e+02 3.665682171386473556e+02 3.077073182867954984e+02 3.324736303085199438e+02 3.636911498242092193e+02 4.248609491649801271e+02 5.128036018647121637e+02 5.006710630793289738e+02 4.566708154614339037e+02 4.261920190663228709e+02 3.952591198094661991e+02 3.040271776309357961e+02 3.390150302923026970e+02 3.838131986352266267e+02 4.466751776702917596e+02 5.341437062482800684e+02 5.768081837444043458e+02 5.470107366943562965e+02 5.565246788170778700e+02 5.591926788269196322e+02 5.733787821777413001e+02 5.539099015484458732e+02 5.177480532352611817e+02 5.804639672355457378e+02
3.747025305727708542e+02 2.915046657546292295e+02 2.241922689323303928e+02 2.720379163639639728e+02 1.851872667275909521e+02 2.735284848630408305e+02 2.887579480443885700e+02 2.931307383915111018e+02 2.376822468299346554e+02 3.304793105388470167e+02 3.091142277157100580e+02 3.132336585050010171e+02 2.360969746513540031e+02 2.553065999878523371e+02 2.751999442011317569e+02 3.407378884875088829e+02 4.220880492013320691e+02 4.518148889489035582e+02 4.890645288885376090e+02 4.683263002892674649e+02 4.323081833003254246e+02 3.756796073175470383e+02 3.358152607350162953e+02 3.813377795955548777e+02 2.980965731922792088e+02 3.632382610956360622e+02 4.529700703456435349e+02 4.877541680010666596e+02 4.547254892185129620e+02 5.147716596444793140e+02 5.291703403087690276e+02 5.284356761458468554e+02 4.725282902583240343e+02 4.869262007132607550e+02 4.669231603676808504e+02 5.539380645133494454e+02 5.950973010160978447e+02
3.506074536087818956e+02 2.899593735913356909e+02 3.138190498441459795e+02 2.713954102330116598e+02 2.771278161314898512e+02 1.910385935070298729e+02 1.952218588842274585e+02 1.994020618161081018e+02 2.931885579605325916e+02 3.031174077310398616e+02 2.156932178996417520e+02 2.199575439902603478e+02 3.132862638911047952e+02 3.464541052303773085e+02 3.665671828578442728e+02 4.037882040701555866e+02 4.669565037598301274e+02 4.458863838959071586e+02 4.696637600466649474e+02 4.320438591758929761e+02 3.420518331692143192e+02 3.666892669236999041e+02 2.838922138760692064e+02 2.897559717803673607e+02 3.813828901421252908e+02 4.083674345529605034e+02 4.177961060717945543e+02 3.990008557684780612e+02 3.915024335948173757e+02 4.449911365004995787e+02 4.416326604297318568e+02 4.757030037034898555e+02 4.084087700514367043e+02 4.247770546162662413e+02 5.128949155855854087e+02 5.106106130826988760e+02 5.717963525149350517e+02
3.929833053756819936e+02 3.346008964628787226e+02 3.785204920973426965e+02 3.595245229047337716e+02 3.001467818959741862e+02 2.166525258570673316e+02 2.775889014663230228e+02 2.931350184599747308e+02 2.053702776028743529e+02 2.096155277579049709e+02 3.031507365470764626e+02 3.132256194498179411e+02 2.264199914278905226e+02 3.195988885825598231e+02 3.628859118574443983e+02 4.025964314925221856e+02 4.179216897830277730e+02 3.560339182633019277e+02 3.804783692797803383e+02 3.965247994774045992e+02 3.597496751900686149e+02 2.756991773809261304e+02 3.676771922608563727e+02 3.813499180903381784e+02 3.963613121188860760e+02 3.182549930389254200e+02 3.272342431184752058e+02 3.363260257000497973e+02 3.456074594594227847e+02 3.551954396564171930e+02 4.451232349977153717e+02 3.865926707645516558e+02 4.757205266183463550e+02 5.125013852581791980e+02 4.555179455838861600e+02 5.428254562042459384e+02 5.836582828520212161e+02
3.700409313483303890e+02 3.988352480791083963e+02 3.996038818602000333e+02 3.228594016257476369e+02 2.791390688518935690e+02 2.496209178343823680e+02 3.219593503346650891e+02 3.296970311320055771e+02 2.384351473985641405e+02 3.031089179827441740e+02 2.402551181007793843e+02 3.330233094097624758e+02 3.195711978432831302e+02 2.327432918035652563e+02 3.211397020877842010e+02 3.123350371097686207e+02 3.402501205995084206e+02 2.900444136767794134e+02 3.489601482419981267e+02 3.533009696678271894e+02 2.675965276982939258e+02 3.597641987146633937e+02 3.778028282980693575e+02 2.976304843769655690e+02 3.056629904043594479e+02 3.963359531602464472e+02 4.175965694930263794e+02 4.221081842113144944e+02 4.136588199543928681e+02 4.450285965131222952e+02 3.691438204481788148e+02 4.587361390178874103e+02 4.175131064093702662e+02 5.058033599643426896e+02 5.427117562718209456e+02 4.974580798138788964e+02 5.589118374030354062e+02
4.216862809774333982e+02 4.276751499123385543e+02 3.821663966883239141e+02 3.975583728397088521e+02 3.594040247994605579e+02 2.876544877234857154e+02 3.580662632893889281e+02 3.661095643940481068e+02 2.764291885027719218e+02 3.539885510208119968e+02 2.631771857292994241e+02 3.474046776488508499e+02 3.628880674268245912e+02 3.059371383367279691e+02 2.389756468397480091e+02 2.433752423094207984e+02 2.478158613626896738e+02 2.522301445551157713e+02 2.566419789179867621e+02 2.610489160779517874e+02 3.533796557128805489e+02 2.785323349358523046e+02 2.863245085917914707e+02 3.778397897736118125e+02 3.959538858548052644e+02 3.332773225059337392e+02 4.236750697169885029e+02 4.878149771009721576e+02 5.012960843245062961e+02 4.801866997384717592e+02 3.920868389294350322e+02 4.039193436968456012e+02 4.926024555216700946e+02 4.500930480595316112e+02 5.375156321138206295e+02 5.832470954011586173e+02 5.681891796315914007e+02
4.546127517201578598e+02 4.622968860848084773e+02 4.538374557933650522e+02 4.438967203076310284e+02 3.693921600785768078e+02 3.437091736065458463e+02 4.064477953131774370e+02 3.634622684506271071e+02 3.418747942376213587e+02 3.789842724863163426e+02 2.885425568581572975e+02 3.770787421129767267e+02 4.322901126792442028e+02 3.689346960746622131e+02 3.273032851030735628e+02 2.634657060624435871e+02 3.404130429016658468e+02 3.383717812532111680e+02 3.265441064382067680e+02 3.533581346465562660e+02 2.819075358679683063e+02 3.703782909570788320e+02 3.779056747064150272e+02 3.446256190585039008e+02 4.347112713170735105e+02 4.236131143704656665e+02 3.623258227595080143e+02 4.520365852493595753e+02 5.195777330964974681e+02 5.038600094077290237e+02 4.165088257624092307e+02 4.925430921612681345e+02 4.426565948116476648e+02 5.303083489763629359e+02 4.848236125145141955e+02 5.713433586824013446e+02 6.435355910489286089e+02
4.673836147754700505e+02 4.494640907337983435e+02 4.457218084212540816e+02 4.677211817174303974e+02 4.416846419514000672e+02 4.313816991034905755e+02 4.560106596567779320e+02 4.529173044004301687e+02 4.320092802965149872e+02 4.161345683676880185e+02 3.350880851002493728e+02 3.412700947583078346e+02 4.309550517060427524e+02 4.104850902630960832e+02 3.213943818810124640e+02 3.557368612812750825e+02 2.982944832659757139e+02 3.895861260172075617e+02 4.150263171791824561e+02 4.103624211903195942e+02 3.383103863955739143e+02 3.038688635994877814e+02 3.951200615700676622e+02 4.348027756774304180e+02 4.345230349750538039e+02 4.877240805833827721e+02 4.520046525097636732e+02 3.952928083897245415e+02 4.841687788494161282e+02 5.400580636906819336e+02 5.048700973279336495e+02 4.567839401799038228e+02 5.303294063261041629e+02 4.875570005661944606e+02 5.713385568534750973e+02 5.241058465989434580e+02 5.902830871289387460e+02
4.500023322256007532e+02 4.273375521151392036e+02 3.679376277808185591e+02 4.336325187003810129e+02 4.966395279166052319e+02 4.805609096191594745e+02 4.882672915976993977e+02 4.528548538625528295e+02 4.885699324988515855e+02 4.615069592580621816e+02 4.003295609279481369e+02 4.056429490253043468e+02 4.280516803797380021e+02 4.484607630266542628e+02 3.813213107468356498e+02 4.190609895935559734e+02 3.516091504677967805e+02 3.437867401119353303e+02 4.339321175346215114e+02 4.646694082465867837e+02 4.259328432512586460e+02 3.907647794471144493e+02 3.266666717343564414e+02 4.173614957910993439e+02 4.786001524875667883e+02 5.573173145587438739e+02 5.195824275896150084e+02 4.841581762000348022e+02 4.348762021988194988e+02 5.226892646403865683e+02 5.723803724421551351e+02 4.884411287654656917e+02 5.652673577326119130e+02 5.740222391004385827e+02 5.385724056289744794e+02 6.095551558047500293e+02 5.776132030754672542e+02
4.233512875897249046e+02 4.158166067849967362e+02 3.383150818267960744e+02 4.155448245183216045e+02 4.635986517878624795e+02 4.004170042125168720e+02 4.490157456000655429e+02 3.631400564037813297e+02 4.478910637599448137e+02 5.021175111247326299e+02 4.887062127544046461e+02 4.941069045269994149e+02 5.158503999029269380e+02 5.033004238537817514e+02 4.691968043279998710e+02 4.774475474009364007e+02 4.415743665520207628e+02 4.080302887409962977e+02 4.064028022056702980e+02 4.947236679444083052e+02 4.718816895904226953e+02 3.845695097491751540e+02 4.159947394262690068e+02 3.527102564475842428e+02 4.427050006568514959e+02 4.990425914800981673e+02 5.319646296373465475e+02 5.576777659440474508e+02 5.042256359272689679e+02 4.881899464230614285e+02 5.684874907648505769e+02 5.556574241522280317e+02 5.515182558977221561e+02 6.321997190128272450e+02 6.005543352264917303e+02 6.083988127723848720e+02 6.615523289372439422e+02
3.916331570703735565e+02 3.806677858479880570e+02 2.999711976644462652e+02 3.807022839761476689e+02 4.268775070465831050e+02 3.416372229573719892e+02 3.724255862066748364e+02 3.231785695475000466e+02 3.772050213149475439e+02 4.631702588727221723e+02 5.294733315561784366e+02 5.015013754607783767e+02 4.674971371433701393e+02 4.980677200569098773e+02 4.957074870206650985e+02 4.600138492983958258e+02 4.957376293427778364e+02 4.965287045219325819e+02 4.948893255551076322e+02 5.231500635685457610e+02 5.094301868439663963e+02 4.438445098906719295e+02 4.706934094735038911e+02 3.935462537688333668e+02 3.850850909194671772e+02 4.119398583561405758e+02 4.469431079316457840e+02 5.339593584805782029e+02 5.881853858860428090e+02 5.481091851552046137e+02 6.088425733868321004e+02 6.377276966167418095e+02 6.363228256074609135e+02 6.700371179765779743e+02 6.838074260218218114e+02 6.915565443917303128e+02 7.246196406362507787e+02
4.087061429602856606e+02 3.484790285917143819e+02 2.591108139086520623e+02 3.465982323692435898e+02 4.058215478842802213e+02 3.711542094173959754e+02 2.806607178509067353e+02 3.683060720136905957e+02 4.096831868575567910e+02 4.058463872173227287e+02 4.889841213259496726e+02 4.530642890967625362e+02 3.783638555008223534e+02 4.385063843081609889e+02 4.565839400463811444e+02 3.704162638443650621e+02 4.566214924555986272e+02 4.895277679985040322e+02 5.028869117480788304e+02 5.390439775897779100e+02 5.648632325959356422e+02 5.284179909780975777e+02 5.179619353370577528e+02 4.455028440972245107e+02 4.371551260200985212e+02 4.948860368331567656e+02 5.004088754588438519e+02 5.106892726964048848e+02 5.965536730792252911e+02 6.327402675970988639e+02 6.107494475831107366e+02 6.174422894348493855e+02 6.513854074620652455e+02 6.404277333259457237e+02 6.287781692112166638e+02 6.625659640696949282e+02 7.207662320189832599e+02
3.817127593613384988e+02 2.938595211030481664e+02 2.289358353778309549e+02 2.852047661447720657e+02 3.621136859517550306e+02 3.263813715337642520e+02 2.581804034145865785e+02 2.894335710925790295e+02 3.256978453710120789e+02 3.997230577250832084e+02 4.395468343971031118e+02 4.020069256993130011e+02 3.270425387344666319e+02 4.040335559266270593e+02 4.196934516648422004e+02 3.311717255051761413e+02 4.050819555100586626e+02 4.012935020890513442e+02 4.153501450675852311e+02 4.855561585191223912e+02 5.230535601018212901e+02 5.678619033584385534e+02 5.679630345444950308e+02 5.330779222997878151e+02 5.249617855380010951e+02 5.599278774908481182e+02 5.853259919422646362e+02 5.956144603372957818e+02 6.307622080063102885e+02 5.825527132173818927e+02 5.257468670757914424e+02 5.321303359779033144e+02 6.100949522994960716e+02 5.565125781937656484e+02 5.438101646235772932e+02 6.043719210245805016e+02 6.558677707850202978e+02
3.540730881985381870e+02 2.961268460440040826e+02 2.032511021590404141e+02 2.949108489962893600e+02 3.035755702610703111e+02 2.334493643541834160e+02 3.263611578635054684e+02 3.803452646987403796e+02 3.725082269122733578e+02 3.740390204208954401e+02 3.784846674484741698e+02 3.186809036196918328e+02 2.909300978916203348e+02 3.819780099090117460e+02 3.659868793903185633e+02 2.977590004431111765e+02 3.176852081509561003e+02 3.391294512955115579e+02 3.671358342828077639e+02 3.987491856027700692e+02 4.452471574037585924e+02 5.120133176660536947e+02 5.957191995826151469e+02 6.026886784864648234e+02 5.682565819867563732e+02 5.767943653338345484e+02 5.988521904329768404e+02 6.249933500264875192e+02 5.886288883624052914e+02 5.456482236370617329e+02 4.605314580893715970e+02 5.440401899130960146e+02 5.372659632573163435e+02 4.896538513839639677e+02 5.760892270994899036e+02 6.026037156341999435e+02 5.716503956824916486e+02
2.661502137967318617e+02 2.702124914621566063e+02 1.817113290344009044e+02 2.759073105774291434e+02 2.100946297651807413e+02 3.035733985076632280e+02 2.974615121051666620e+02 3.015235588322008766e+02 2.813315323657249678e+02 2.823925927587443425e+02 3.133231911652802069e+02 2.489390924026117489e+02 3.387650700944077471e+02 3.440450639310060410e+02 2.739769668504207516e+02 3.621208297480691840e+02 4.079054394261381162e+02 3.945275841548052540e+02 4.554832435866201195e+02 4.855666271234583746e+02 5.230550328094229826e+02 5.447021452337261280e+02 5.794157366656569366e+02 5.465578838522584419e+02 4.817888074721946055e+02 4.906268944982958260e+02 5.767959362895013555e+02 5.682818341351543268e+02 5.096723244519818650e+02 5.064620112757081074e+02 4.295400545002716512e+02 5.023167425318064261e+02 4.497822978202914328e+02 5.372966621705477337e+02 5.660662298480956451e+02 5.168910657829826505e+02 5.669563696287938228e+02
1.718945925122034737e+02 1.759620723358714258e+02 2.702836323937445968e+02 1.875131865761399865e+02 2.815772037739725988e+02 2.914067442668255694e+02 2.039280379999507886e+02 2.080454568887534492e+02 2.120742219817796581e+02 2.160553997362921734e+02 2.200308526971882372e+02 2.239985486184084209e+02 3.172103777730707748e+02 2.514815387246949001e+02 3.440639431986796239e+02 4.027108867545445037e+02 4.589814611911704105e+02 4.797177955797683353e+02 5.187777091083274854e+02 5.089931085831392465e+02 4.734920168602313879e+02 4.575021921578057231e+02 5.188710055683401379e+02 4.834647834923796950e+02 4.304688504621196898e+02 4.926215163111111792e+02 5.785446411539891187e+02 5.321623206903730079e+02 4.455679959871937967e+02 4.742313836449368978e+02 4.022896463767236810e+02 4.142611313814290384e+02 5.027285359196330319e+02 5.365088078399104461e+02 4.793321972861816676e+02 5.660537254981580872e+02 6.367126502749736119e+02
