output/example/elevation_000012.asc
nrows	75
cellsize	13.33333333
xllcorner	0
ncols	75
yllcorner	0
NODATA_value	-9999
[rows 51 to 67 of 75, columns 0 to 36 of 75]
1.369999999999999864e-02 4.096182904638623334e+00 9.096182904638604683e+00 1.616725071649644718e+01 2.616725068828042922e+01 2.248755515278006456e+01 2.662973422720206784e+01 1.751838208558785936e+01 1.751838208558792687e+01 1.435606830866694494e+01 4.356005805072385328e+00 1.119377094222639535e+01 1.448551561508298891e+00 1.144860225737575377e+01 1.170368508131667085e+01 6.175763594027152692e+00 1.584575674149340863e+01 1.602747168398713384e+01 8.956391073147177195e+00 2.068263550324046740e+00 1.206842097903158617e+01 1.575390764435335633e+01 2.055017144708893539e+01 2.804974033834405489e+01 2.937218310655455511e+01 2.214518427236638232e+01 1.800538543889896559e+01 8.971704849123600667e+00 1.883988476941670598e+01 1.359104904587113438e+01 2.357234627848577091e+01 2.539824774453173717e+01 2.082486936138175793e+01 3.065000209975706369e+01 3.225386104767238749e+01 2.811344714705203529e+01 1.979223578957945051e+01
1.290000000000000001e-02 1.001289999999996283e+01 1.601377051853782163e+01 2.023299921674936996e+01 2.098995295293239849e+01 2.257121961840008950e+01 2.671316590882763009e+01 2.751852640035287578e+01 2.435619870107828078e+01 1.435606829582467547e+01 8.438493889298985806e+00 1.144860223066545935e+01 1.144860225737575377e+01 1.703623725254722610e+00 1.703623725254722610e+00 1.703623725254722610e+00 1.170368521464994238e+01 1.188531752995877255e+01 1.885292230132912028e+00 1.885292230132912028e+00 1.188565992744089428e+01 1.372991012751209361e+01 2.378165936410028891e+01 3.163397966226499491e+01 3.308532909416422996e+01 2.309631549235650994e+01 1.603431380432230569e+01 1.895964828150377102e+01 9.943799575112747036e+00 1.993189405174187101e+01 2.172487274715387073e+01 1.578232536280854426e+01 2.327242646404552673e+01 2.742577328069466347e+01 2.811344714705203529e+01 1.812450071738976831e+01 2.811344714705203529e+01
1.329999999999999932e-02 1.001329999999996190e+01 1.358386602200934323e+00 1.098029216949089637e+01 1.099020955480927952e+01 1.257164065522978014e+01 2.093991239940429949e+01 2.801066921579680269e+01 2.660368084397209643e+01 1.660352860025051669e+01 1.550961471869265296e+01 2.144872044380248255e+01 1.584588000455507917e+01 1.170368494798333714e+01 1.703623725254722610e+00 1.703623725254722610e+00 1.703623725254722610e+00 1.885292230132912028e+00 1.188535619494161999e+01 1.885292230132912028e+00 3.711034620714655841e+00 1.372991027661410968e+01 1.627270060052696010e+01 2.339499687831413155e+01 2.929646942188897896e+01 3.016417498946715625e+01 2.520269924163806152e+01 1.528066963362628172e+01 1.993189435327479231e+01 1.097924870169921796e+01 1.173633109544992159e+01 1.250234921596089066e+01 1.329448642310611106e+01 2.328569126694406677e+01 2.538572734044093693e+01 1.698483776385258182e+01 2.697510101325921639e+01
1.369999999999999864e-02 3.388280443811775844e-01 6.646771924445208368e-01 9.909257972509100121e-01 1.099020955480799877e+01 6.798243579801687808e+00 1.386915558301181228e+01 1.898908674477509351e+01 2.313097622338020898e+01 2.660368084397209643e+01 2.550976433427506862e+01 2.194969785969646381e+01 1.194930002466702312e+01 6.175763461922324282e+00 1.170368508131667085e+01 1.170251391720122847e+01 1.703623725254722610e+00 1.170372584845176434e+01 1.602848969655178024e+01 8.956568847760877361e+00 1.372991027661410968e+01 6.539589670387815801e+00 9.040189850466088473e+00 1.484092236177687063e+01 2.502990344983191662e+01 3.199357339168193803e+01 2.229429126867181665e+01 2.520269924163806152e+01 1.544679916109516249e+01 2.096764408339485186e+01 1.879981939046539807e+01 2.249325426862804633e+01 2.328569126694406677e+01 1.443292380799411134e+01 1.539434273944555365e+01 1.731832143915438493e+01 1.928016780768965077e+01
1.319999999999999993e-02 1.001319959158469430e+01 1.066409194361142987e+01 1.099020955480458639e+01 1.453377842818273091e+00 1.145288674722463007e+01 1.191832379806594311e+01 8.989517889213853863e+00 1.898908674477509351e+01 2.393111391286739575e+01 2.685980609375868511e+01 2.609327051049820767e+01 2.031901873928630309e+01 1.117578711573457895e+01 2.031361512865426278e+01 1.437642676870299319e+01 4.376236687337153874e+00 1.144735963888597574e+01 2.144962917052517781e+01 1.897030516814416146e+01 2.030851586467243663e+01 1.007954230230856396e+01 1.914729204668048723e+01 1.405849411391427140e+01 1.993406721836926110e+01 3.067524935905463934e+01 2.918159006745495532e+01 2.876262381840644267e+01 1.877705392094988568e+01 2.876262381840644267e+01 2.878657670988134143e+01 2.976226022479163547e+01 1.977588117531704981e+01 2.442431609112685109e+01 1.675682256184599694e+01 2.674578152626390803e+01 2.926211877616129087e+01
1.349999999999999985e-02 5.787002691890432260e+00 1.578700196268125033e+01 1.559486398905332294e+01 1.145288674722463007e+01 1.918569576920471365e+00 1.918569576920471365e+00 1.191832379806594311e+01 1.945930265099673306e+01 1.393184024691787215e+01 1.686055969673441979e+01 2.469494257465501974e+01 2.531961816149237166e+01 2.117614383954314761e+01 2.531961816149237166e+01 1.852688714482199472e+01 1.014976130140176913e+01 1.014976130140180643e+01 1.592334816201463710e+01 2.592748484672969767e+01 2.475791199850286972e+01 1.517064465058857081e+01 2.475791199850286972e+01 1.990312651028527569e+01 2.864348502644145356e+01 3.548616492573293613e+01 3.859389393451259309e+01 3.290522608751991385e+01 2.377035151309415539e+01 3.290522608751991385e+01 3.682324831705217605e+01 2.683750319237049098e+01 2.976226022479160349e+01 2.898025502742654425e+01 1.899317606439622708e+01 2.040827022306099892e+01 3.039297495751782918e+01
1.369999999999999864e-02 1.001369959673524512e+01 1.992903813886059083e+01 1.769159866276154247e+01 7.691993271048412240e+00 1.918569576920471365e+00 1.918569576920471365e+00 1.191832379806594133e+01 9.459853940807670725e+00 6.861009261540784721e+00 1.055369731305695957e+01 2.055311579500166985e+01 2.398545850592665118e+01 2.812715087587872631e+01 2.898488899636506488e+01 2.430624907899838050e+01 2.015159376148756110e+01 2.015159380042720727e+01 2.430625373809601442e+01 3.008961231979088069e+01 3.043501008745533198e+01 2.631685823814494185e+01 3.112565877436847472e+01 3.023401320725328745e+01 3.461657563603912280e+01 3.533750209749138094e+01 3.940992832889686071e+01 3.790125488778934226e+01 3.375489612371874415e+01 3.790125488778934226e+01 4.097196703469727197e+01 3.682324831468256576e+01 3.713328207958906546e+01 2.714790401071234882e+01 2.157555038635888778e+01 3.039297495751782918e+01 2.448711938234996666e+01
1.379999999999999977e-02 1.001310013333329607e+01 1.415523575706423109e+01 2.183348817568078459e+01 1.606024705626120053e+01 7.691993271048412240e+00 1.191832379806594133e+01 2.388891550247683959e+00 2.388891550247683959e+00 2.388891550247683959e+00 1.238862479322830623e+01 1.687139735324416279e+01 1.398646394446169872e+01 1.898596134848796169e+01 1.898596135774112881e+01 2.746378849169708758e+01 2.332164546388294113e+01 2.566088943046458226e+01 2.981731211712301999e+01 3.042982136270365601e+01 2.674775581729056384e+01 2.903059254225174968e+01 3.497681454955581160e+01 3.156667639615982424e+01 3.090849509979214105e+01 2.540152823840011109e+01 3.371711670630177338e+01 3.453255948721729851e+01 3.745682332445188223e+01 3.613152595755359897e+01 3.613152562408212987e+01 4.026689033221272496e+01 4.128228956068208788e+01 3.422437445439705073e+01 2.424626428764405972e+01 3.422437445439705073e+01 3.446741260329791601e+01
1.309999999999999880e-02 1.309999999999999880e-02 1.001310013333329607e+01 1.769076966299691733e+01 2.183348817568085209e+01 1.769159866276154247e+01 1.653049054952819574e+01 1.238862452656163882e+01 2.388891550247683959e+00 2.388891550247683959e+00 2.729888986649587679e+00 1.272957534253716005e+01 8.213211746098631139e+00 8.986680878225005387e+00 1.898596135774113236e+01 2.168123780036266268e+01 1.329948988614966332e+01 1.531114139033494759e+01 2.540009789767692538e+01 1.994172476272392558e+01 1.822822565623755509e+01 2.711191170225356473e+01 3.156667635756384271e+01 2.113487416411436470e+01 2.092702742296327401e+01 1.963028570336970802e+01 2.960726221223420751e+01 2.454947546141193371e+01 2.747345301372545023e+01 2.614803501381939554e+01 2.614803501374955630e+01 3.613152562408212987e+01 4.197285309358473882e+01 3.775231674599479703e+01 2.777378903658198084e+01 3.239095609408677490e+01 4.238215064282792355e+01
1.349999999999999985e-02 1.309999999999999880e-02 3.548634039266067575e+00 1.061970185113151643e+01 2.061970185113144538e+01 2.240794228791168408e+01 1.240861877847174455e+01 5.337729096819015417e+00 1.238862465989497252e+01 9.459854074141004432e+00 1.272957534253716005e+01 3.213257231172420347e+00 3.213257231172420347e+00 1.321287406773227069e+01 2.312767474406781787e+01 1.753535124321832228e+01 7.444673077653229498e+00 1.421817388979256336e+01 1.703049080355499356e+01 1.192345929446607933e+01 2.147807507603616628e+01 2.571708876796058263e+01 2.977796731915986683e+01 2.328723442004121580e+01 1.384714087189151677e+01 2.018381228592921417e+01 2.431941089251544241e+01 1.749026127138832010e+01 2.529945935460661843e+01 1.909057889230316007e+01 2.286290320187143976e+01 2.785254282415921523e+01 3.783748831093697618e+01 4.190177321950098133e+01 3.275745094324955176e+01 4.190177321950098133e+01 4.653699352566799519e+01
1.369999999999999864e-02 1.001310013333329607e+01 1.354863403926603027e+01 1.171359984854329639e+01 2.171359984854322533e+01 2.334638723746506273e+01 1.334713075746748068e+01 7.573792279983319276e+00 1.757331381704235085e+01 1.945930278433006677e+01 1.735463206254903312e+01 1.321287389641659793e+01 3.213257231172420347e+00 1.321287395174086754e+01 1.735463234018216383e+01 1.421817362312589594e+01 4.218735347065508456e+00 4.218735347065508456e+00 7.186497338857162909e+00 1.703049080355499356e+01 2.261562353702279538e+01 1.471837073131477602e+01 2.305280079916679625e+01 2.798061851525645238e+01 2.018381228592918220e+01 1.019220859036147431e+01 2.018381215259584138e+01 1.302087350796986520e+01 1.531485487307489812e+01 2.529945935460661843e+01 3.284501555601704581e+01 3.698056940037679396e+01 4.197285562575773810e+01 4.690296913947552326e+01 4.274718264126970979e+01 4.690296913947552326e+01 4.317746484846723831e+01
1.290000000000000001e-02 1.001289999999996283e+01 1.688246723926614123e+01 2.102460286299712067e+01 2.585573547227414792e+01 2.748819692053075769e+01 2.015514342958504557e+01 1.015576033746206441e+01 2.015514342958504557e+01 2.528287069774676610e+01 1.528390810939648681e+01 8.213211879431964846e+00 3.213257231172420347e+00 3.213257231172420347e+00 1.321287416309111151e+01 4.218735347065508456e+00 4.218735347065508456e+00 4.218735347065508456e+00 4.218735347065508456e+00 1.421817402312589707e+01 1.453906603146021759e+01 8.826785899354590015e+00 1.512872863343719310e+01 1.927239464823298576e+01 2.261017414937090919e+01 1.847239108589331025e+01 1.019220859036147431e+01 2.018381215259584138e+01 2.529945935460661843e+01 2.943456527943047618e+01 3.705396088721337833e+01 4.117840204553287009e+01 4.235593160630730125e+01 4.646729492517792437e+01 4.414813935386789723e+01 3.993081123131647558e+01 3.295123853610451192e+01
1.359999999999999924e-02 3.346933333333330207e+00 6.882467239266072845e+00 1.395353505113157055e+01 2.395353505113163806e+01 2.722560665134939484e+01 1.722646167087006930e+01 2.015514342958504557e+01 1.550075944921652216e+01 2.549991906193807267e+01 2.235424114003756202e+01 1.735463230788090172e+01 1.321287416308326357e+01 1.321287416309111151e+01 3.704730685022078696e+00 1.370427098213826689e+01 1.421817375645922965e+01 1.128957365012204761e+01 1.421817402312589707e+01 4.744687430103730286e+00 4.744687430103730286e+00 4.744687430103730286e+00 5.129303081385785390e+00 1.512881060900837404e+01 1.681987869584534323e+01 8.477149944468052922e+00 1.847239108589331025e+01 1.327740623346093329e+01 2.323762029667273765e+01 2.896644832336196274e+01 2.714882135232130622e+01 3.541870935995077474e+01 3.254521782031354604e+01 4.235593160630730125e+01 3.993081123131647558e+01 2.973214153367782586e+01 2.709010087352277196e+01
1.379999999999999977e-02 1.001379999999996251e+01 1.688246723926614123e+01 1.688246723926614123e+01 2.688246723926620874e+01 3.136743104651659309e+01 2.722560665134939484e+01 2.964173135162571526e+01 2.257125057670611668e+01 2.549991906193807267e+01 2.399206758244723048e+01 1.395687635774796220e+01 8.177277667495653546e+00 3.704730685022078696e+00 1.370427098213826689e+01 9.478136354793809559e+00 1.947727824290387488e+01 2.128844030717419855e+01 1.474424617010731353e+01 4.744687430103730286e+00 4.744687430103730286e+00 4.744687430103730286e+00 1.474400038820375514e+01 5.674847806975785502e+00 6.821926576035230561e+00 1.681987869584534323e+01 2.261017414980865681e+01 2.323762029667273765e+01 1.660219440906946531e+01 1.908757391807686687e+01 2.221120867264691157e+01 2.567277496345784726e+01 3.541870935970308665e+01 3.782607890781081750e+01 3.360717657073412568e+01 3.271926272883185050e+01 2.258270025534012149e+01
1.349999999999999985e-02 1.001349999999996321e+01 1.578710269189620874e+01 2.578710269189613769e+01 2.482774333430912606e+01 2.898038638752358054e+01 3.071485764307621480e+01 3.486380693662277253e+01 3.257035023867972257e+01 3.549906407618379944e+01 2.814285499040370553e+01 2.232374321969733799e+01 1.504064451213000275e+01 5.041037026918619546e+00 1.504064451213000275e+01 1.525129561635212738e+01 2.361890612915095033e+01 2.290838080951661482e+01 1.290939878054964751e+01 1.474424617010731353e+01 6.705849612854462904e+00 1.474424630188185326e+01 1.887770036293988341e+01 1.567443853500874340e+01 6.255106660162335075e+00 1.625481185232895243e+01 2.044678128465838185e+01 2.756338132422664700e+01 2.651776127894844493e+01 2.896644832336196274e+01 3.202994753351184443e+01 3.541870935995077474e+01 3.684444492496297840e+01 3.196283294227396965e+01 2.346411873280722915e+01 3.196283294227396965e+01 2.839701796749692164e+01
1.359999999999999924e-02 5.787102691896246043e+00 1.529366087855783718e+01 1.775491360243838557e+01 1.482525160314186508e+01 2.482774333430912606e+01 2.072317589577417252e+01 2.909091848811609538e+01 3.486380693662277253e+01 3.337278711709745238e+01 2.821685947141896023e+01 1.934872066488017595e+01 9.304432812687460697e+00 6.584070475814756129e+00 1.657945351330178241e+01 2.525007786672523835e+01 2.939170345625177916e+01 2.704994658686295850e+01 1.972017452032767793e+01 9.720966091972291778e+00 1.670529974238094439e+01 1.670529967400893767e+01 2.185720846976817100e+01 1.448774041056913475e+01 1.625481185156224129e+01 6.255106660162335075e+00 1.333018111224668623e+01 2.088461599606614527e+01 2.465816413306495036e+01 2.879813941727906368e+01 3.099956370978148001e+01 3.106702329736454971e+01 2.431124605547571704e+01 2.775107939717779360e+01 1.766953206218172667e+01 2.775107939717779360e+01 2.891774836490941425e+01
1.290000000000000001e-02 1.152505764596378102e+00 1.115216381398854217e+01 7.754644160844656575e+00 1.775459195427394121e+01 1.996949570193804746e+01 1.499283390726179022e+01 2.072317589577417252e+01 3.071485764307621480e+01 2.907552293844887004e+01 1.899635736879388759e+01 1.401298621746120787e+01 1.790971546056372077e+01 8.165208809776309806e+00 1.816166260301220348e+01 2.496833894072086579e+01 3.386023038566993648e+01 2.386181618940631566e+01 1.679163932516346236e+01 1.222095637484118491e+01 2.221991390215651307e+01 2.670407592308219336e+01 2.121331931884029132e+01 1.542202024258821247e+01 7.380986040006027871e+00 6.255106660162335075e+00 6.683459863709473758e+00 1.670399307843093695e+01 1.506220175852857857e+01 2.246815724204770248e+01 2.132937703603669277e+01 2.021826367110973521e+01 1.587506581919233817e+01 2.037392272075849675e+01 1.414158761495414751e+01 2.130881461263532728e+01 1.882525037499937781e+01
