output/example/elevation_000340.asc
nrows	75
cellsize	13.33333333
xllcorner	0
ncols	75
yllcorner	0
NODATA_value	-9999
[rows 34 to 50 of 75, columns 0 to 36 of 75]
4.159999999999999636e-03 1.000415999999996330e+01 1.715357542495936372e+01 2.042246309737010534e+01 2.101963238729692662e+01 1.913650394907495311e+01 1.748129877154460488e+01 1.834163172915094719e+01 2.585585292743590102e+01 2.163735033523394335e+01 2.868668236305442321e+01 3.869631059273866214e+01 4.194128195317960461e+01 4.568964630979873220e+01 3.846262062003308557e+01 2.856746633365954224e+01 3.146568992325122238e+01 2.272651727232022267e+01 2.156202607252040337e+01 3.163657186180055447e+01 3.261798535574622093e+01 3.669081724750135720e+01 4.234036726555079611e+01 3.470504675268351491e+01 2.471342044687336426e+01 2.645005435541406413e+01 2.645005435541406413e+01 3.639990205331502438e+01 2.725552562219597874e+01 3.681068758266673768e+01 4.250728644378971666e+01 4.416645667518964302e+01 3.990191386818668917e+01 3.032970744591990098e+01 1.792759145716714642e+01 1.703207502558576536e+01 2.692245373881820569e+01
3.329999999999999627e-04 9.989493058682839433e+00 1.284179717863007930e+01 1.100170079523983091e+01 9.385471434186214879e+00 1.746297160898038570e+01 1.052207526125567583e+01 1.266690853560313634e+01 1.592899946785511744e+01 2.585585292743590102e+01 3.577431300982008366e+01 4.033088656318393106e+01 3.256341927119317603e+01 4.033088656318395238e+01 3.846262488711016658e+01 2.856746633648810274e+01 2.138656304264673125e+01 1.813113915700211720e+01 1.813113915700211720e+01 2.551665805298425482e+01 2.257519197332990046e+01 3.261798535574622093e+01 3.828853973698419111e+01 2.837426112259885969e+01 2.936428280921013112e+01 1.922054430840557160e+01 2.936429727435423942e+01 2.824649561210088322e+01 2.269241952474655477e+01 2.855957746900222105e+01 3.845149863658193112e+01 4.456170886236145634e+01 3.427303717522947579e+01 2.627217122437021857e+01 2.568813444618339048e+01 1.573724436765463430e+01 2.398882413821559467e+01
1.129999999999999928e-03 1.415343562373094333e+00 2.843914990944521826e+00 4.318334552493491074e+00 5.941153987673158277e+00 7.657374424268935442e+00 1.759544337305781170e+01 2.254575448193975262e+01 1.791700243442326368e+01 2.493614462005787047e+01 3.492841839978756013e+01 3.652697040931196426e+01 2.689374228502520836e+01 3.148237008368535328e+01 3.544997727498759588e+01 3.553854225523794241e+01 3.146568992325122238e+01 2.827839006534292565e+01 2.551665805119398200e+01 1.533297686695023465e+01 2.551665805292545741e+01 3.308983056499997844e+01 3.724542460710388525e+01 3.019356475910301896e+01 2.007504999856260497e+01 1.661669572474394485e+01 2.494577646449760167e+01 1.807320786347045072e+01 2.198436002109435705e+01 2.708853386702107713e+01 3.415141667262417968e+01 4.392581324327408510e+01 4.148648326066734171e+01 3.729013710963328521e+01 2.993980209689653549e+01 2.398882413821569415e+01 1.393662470189960878e+01
3.329999999999999627e-04 1.000033299999996217e+01 1.284440180467786519e+01 1.431889445255638194e+01 1.169627170047105125e+01 1.759631779176524091e+01 1.339080234588544016e+01 2.334122258150851437e+01 2.364131236516621470e+01 3.198379682435427540e+01 3.641472332498388198e+01 3.140232752018744478e+01 2.730609701390416078e+01 2.159726390141235797e+01 2.858040671704199553e+01 3.815663849818172082e+01 3.666198608056700436e+01 2.671734241993124215e+01 1.952396142869451978e+01 1.358773376976073877e+01 2.362731735781062525e+01 2.202928020182355340e+01 3.308982554862936354e+01 3.427660923622580214e+01 2.435168128216599825e+01 1.408257666406058917e+01 1.469054088314645590e+01 2.494578214227987090e+01 3.205147422243349098e+01 3.612184172166757179e+01 4.106075200665817704e+01 4.074475731021811953e+01 4.404636561315479071e+01 3.248363145747855896e+01 2.335704471223470691e+01 1.790059742130375042e+01 1.393662470189960878e+01
4.329999999999999539e-04 1.000043299999996194e+01 1.544664640032495129e+01 1.958878181410618069e+01 2.166787949761610221e+01 2.581355774717693308e+01 1.912291451409278054e+01 2.748717675928976334e+01 3.362806440436890654e+01 3.776774283583690561e+01 3.237760212195557585e+01 2.250780296937617919e+01 1.754727026252517064e+01 2.411555752201078207e+01 2.824234752365203605e+01 3.111279709619874367e+01 3.525299274434855334e+01 2.932544818385442298e+01 1.921564268669741082e+01 1.193640387050851714e+01 1.426671606772497114e+01 2.526881211221634871e+01 2.990614990463608436e+01 2.454590845632769458e+01 2.038357498155968628e+01 1.198934271427139819e+01 2.229786316952253600e+01 1.988388091755095743e+01 2.709732780725584433e+01 3.703390306540423893e+01 3.896208111019878828e+01 3.146788290912605390e+01 3.896207275987570995e+01 3.857199724373691652e+01 3.265824310218451387e+01 2.812947816839959359e+01 2.249064101424461271e+01
5.329999999999999452e-04 2.673145419124245414e+00 5.446646400250394926e+00 1.544664640032495129e+01 2.458878207332538679e+01 2.958878210034625411e+01 2.910368665358409501e+01 3.325766414691882034e+01 3.158139797438683161e+01 3.572222186496497187e+01 3.639353286798014153e+01 3.110214505790188610e+01 2.422188086385919803e+01 1.431570610441210256e+01 2.422400963454632006e+01 2.115566967097579720e+01 2.949775852368174611e+01 2.656864658200322182e+01 1.635800942676608827e+01 1.033721100464077125e+01 1.868430467367965164e+01 2.285903451472893977e+01 2.273300014826721238e+01 1.556202332608482308e+01 1.004392375813442584e+01 2.038360718365600377e+01 2.644401093134010949e+01 2.709732780726829304e+01 2.818789700685094601e+01 3.810480405597134990e+01 3.489436934477505048e+01 2.510644010734724674e+01 3.489436934476798768e+01 4.214353147978936676e+01 3.180877861626473191e+01 2.454451889509991602e+01 1.876924964642953242e+01
3.709999999999999756e-03 1.000370999999996258e+01 1.544664640032495129e+01 1.044664640025041003e+01 1.544664640025042601e+01 2.544664640054866567e+01 3.256157620229216576e+01 2.842567449260307910e+01 2.163626540338071536e+01 2.997165425435189690e+01 3.401971271905257765e+01 2.425986935679386747e+01 1.725816838395105890e+01 1.226308520185110496e+01 1.961452326989877548e+01 1.540557723198594786e+01 2.536403770412917069e+01 3.068239248793735285e+01 2.483443624543980732e+01 1.569074450787632280e+01 8.329434515845660414e+00 1.679287495021635124e+01 1.679284766871404955e+01 8.200942637389843526e+00 1.855578202333474991e+01 2.038360718365600377e+01 3.049911026552921811e+01 3.703390319644389450e+01 3.810480405597134990e+01 3.772556581359230421e+01 3.132981329915900659e+01 2.140681843722995836e+01 3.132981332559290877e+01 3.334083553514402354e+01 3.744190695825778903e+01 3.314956866645977129e+01 2.677798649916928753e+01
6.660000000000000121e-03 1.000665999999996281e+01 1.862457306150443870e+01 2.044664640039952275e+01 2.458878207332538679e+01 2.958878210029026690e+01 2.842567449260307910e+01 1.847892546087207677e+01 1.589508059779696225e+01 2.289339214121952892e+01 2.702296707085561778e+01 2.719174347170244133e+01 1.737140182894320262e+01 1.740385229179717541e+01 9.605715663573286989e+00 1.463500100760927580e+01 2.167717196814010450e+01 3.163585825626044112e+01 3.003245322344001167e+01 2.267606839581239697e+01 1.374733015714573092e+01 6.458040961329664320e+00 6.458040961329664320e+00 1.679284766869463752e+01 2.231037131760481884e+01 2.534732353379715164e+01 2.888551328486906300e+01 3.298805654103028928e+01 3.872689211528836495e+01 3.362642038922188448e+01 2.360424111142006254e+01 1.824813750865416750e+01 2.827400150309949112e+01 2.329539015921222145e+01 3.166621339692980897e+01 3.519467965192030334e+01 2.488639571778545800e+01
1.030000000000000013e-02 4.482435954999584915e+00 1.155350376686923042e+01 2.155350379189657062e+01 2.476238878263369614e+01 2.179402052008524748e+01 2.133477828688725708e+01 2.139226080150536546e+01 1.140415907725839162e+01 1.291665439226857082e+01 2.126408903507323345e+01 1.951172523937144732e+01 1.537714904768878554e+01 7.372795087541201831e+00 1.318506903753415038e+01 2.309209926929971601e+01 2.872701681731182077e+01 3.024218914198350916e+01 3.418817924293139043e+01 2.760410710532925549e+01 2.076739537735884156e+01 1.679278445377567763e+01 6.458040961329664320e+00 1.678574163360073612e+01 1.215630590862254401e+01 1.527489252665238695e+01 1.887800142045374230e+01 2.466967324062400735e+01 3.464445788359952871e+01 3.254065884650525931e+01 2.250354257315112605e+01 1.531478674449146737e+01 2.211724112048878510e+01 1.739409076868006210e+01 2.460515089618752427e+01 3.462886868464579493e+01 3.519467965192030334e+01
1.349999999999999985e-02 1.001349999999996321e+01 1.862457148325041700e+01 1.725503912121331140e+01 1.482306107635077197e+01 1.186877610796634919e+01 1.111638594621863341e+01 1.836550740311806251e+01 1.713331991622838402e+01 7.099205602228753520e+00 1.713325685278379495e+01 1.344972416495252254e+01 5.362510399273510586e+00 1.537714904703001650e+01 2.148476272189047620e+01 2.722107259184160100e+01 2.869295377921979906e+01 2.072768367428585989e+01 2.869295492008823345e+01 2.986312403761774448e+01 1.875854716222404051e+01 1.589166158205130408e+01 5.622126424894000607e+00 8.084998634641371140e+00 1.832761919213096746e+01 2.534732353380260861e+01 2.888551328486906300e+01 3.298805654103028928e+01 2.867966771304470441e+01 2.453318195882723884e+01 2.378198325871110441e+01 1.962015149469782216e+01 1.189009865316529257e+01 1.649977985620724752e+01 2.240949153555217421e+01 3.247070988065747343e+01 3.658909699802509863e+01
1.339999999999999872e-02 1.001339999999996344e+01 1.018394048335693292e+01 7.254995688905971463e+00 1.018394068997545965e+01 4.736590513784844525e+00 4.728858276016823403e+00 1.257947022368430190e+01 1.458119287335189718e+01 4.757506260672664133e+00 1.158243287065954874e+01 3.480946514999978092e+00 1.344972416277476235e+01 1.951171590713519421e+01 2.323427783468926222e+01 2.641988118055733636e+01 2.233588764759141299e+01 1.520386999822259355e+01 2.474898684840987784e+01 2.903237453569937188e+01 1.759431681518474377e+01 7.967283395152533920e+00 4.863385746402014043e+00 1.509879935054520672e+01 1.831191688054479627e+01 2.831708542177213417e+01 2.839841793644213297e+01 3.226106836437917735e+01 2.453327999071727206e+01 1.431907418883492333e+01 1.730731795315686483e+01 9.350047330811284141e+00 1.962015149469782216e+01 2.627143845671583477e+01 3.079061846521649315e+01 3.657274235253360928e+01 3.239511807560091228e+01
1.369999999999999864e-02 1.838773898234288273e-01 1.838773898234288273e-01 1.838773898234288273e-01 1.838773898234288273e-01 1.838773898234288273e-01 1.838773898234288273e-01 6.138400319970590324e+00 9.877026241672430373e+00 1.046044734350954286e+01 1.647216475607883313e+00 1.045995375020708273e+01 1.335494782961399629e+01 1.825057256120407345e+01 1.276568177285933281e+01 1.986119951473407852e+01 1.255206556534162132e+01 1.151940102688130096e+01 2.117022892728439487e+01 2.526504879607751164e+01 1.569514338966875222e+01 1.165838867590065675e+01 4.160243934722010373e+00 1.128314001120944532e+01 2.136530921429875463e+01 2.657679439769516350e+01 1.833749758781723216e+01 2.657679439769516350e+01 2.719855272191662365e+01 1.731068915875960101e+01 6.999094907547800837e+00 1.731066508559015915e+01 1.962003995779391019e+01 2.974126688644922467e+01 2.901633475246461913e+01 3.312806578938281632e+01 3.658909699802509863e+01
1.290000000000000001e-02 1.001289999999996283e+01 1.838773898234288273e-01 1.838773898234288273e-01 1.838773898234288273e-01 1.838773898234288273e-01 1.838773898234288273e-01 3.550487284506168573e-01 5.278450133572745173e-01 5.278450133572745173e-01 5.278450133572745173e-01 5.278450133572745173e-01 7.972481153734656267e+00 1.075604393095112776e+01 5.270883695148931736e+00 1.302771669892030637e+01 6.874479134901219979e+00 1.662916066639445845e+01 1.813594916637800125e+01 2.223615443614903953e+01 2.268869883275688082e+01 1.352075457282872684e+01 3.495192776196711204e+00 1.352910909219876068e+01 2.107952839101283260e+01 2.258877008523939622e+01 1.240750587223943846e+01 1.722040322929234790e+01 2.138301666406295709e+01 1.281507014679662859e+01 5.461915297542267567e+00 1.281598921848433470e+01 2.305520442699846839e+01 2.732039806162833173e+01 1.890239686105895700e+01 2.579852588669588798e+01 2.992735530185547788e+01
1.349999999999999985e-02 1.001349999999996321e+01 1.018394048348226377e+01 5.957423215162492625e+00 1.018394078983791573e+01 1.018394116153411311e+01 3.711971802578587276e+00 9.858639688325633088e+00 7.570977965594486436e-01 1.045995009561735856e+01 5.278450133572745173e-01 5.278450133572745173e-01 7.006254698877486531e-01 7.006254698877486531e-01 7.006254698877486531e-01 3.160702566352673770e+00 1.062095713178000267e+01 1.076551444508974065e+01 6.865053439044531025e+00 1.640924446976689666e+01 1.575033367377120186e+01 8.727343052415081459e+00 2.835846607718981893e+00 1.276270483319028592e+01 1.097081084115216321e+01 1.680471957672997618e+01 1.291347167809807495e+01 7.347935098560110845e+00 1.706206938685303243e+01 1.413689022018616548e+01 4.026275569270351795e+00 1.438676618666541529e+01 2.308117234410280005e+01 2.277263471703009756e+01 1.293903274822944027e+01 1.561602628840316775e+01 2.579830074230073933e+01
1.319999999999999993e-02 7.084267811865485598e+00 1.708426781187600696e+01 1.595747076831632150e+01 2.009961156879061406e+01 1.753131384449191543e+01 7.452452502343724028e+00 1.314293576400719132e+01 2.536795013275046085e+00 1.314297900815659581e+01 1.046170201519044163e+01 1.051396966469057048e+01 1.085785283086108599e+01 4.384240410935568377e+00 1.053561189397031406e+01 7.006254698877486531e-01 7.006254698877486531e-01 7.006254698877486531e-01 8.747000507287362447e-01 1.082594717111591187e+01 1.091507575151718079e+01 1.860546017654042705e+00 1.092398171527720407e+01 1.302904073628901482e+00 5.246907069715836869e+00 1.116712205786388878e+01 3.758321496943575646e+00 1.127103310648845103e+01 1.280974303772087453e+01 1.163024792982459310e+01 2.721178776275396061e+00 8.616037043310059929e+00 1.585350910412442715e+01 1.438563367994388820e+01 8.279142754748809452e+00 1.859846892003895746e+01 2.696941355087308878e+01
1.359999999999999924e-02 5.787102691896265583e+00 1.285817050376391002e+01 2.285817052808784311e+01 2.622238377479314764e+01 1.566044825479297309e+01 1.451380146415485228e+01 1.734875825831212026e+01 1.314311739448208805e+01 5.266803706206269808e+00 1.576947750425947348e+01 1.689962741050032946e+01 1.020233248563760320e+01 1.380137602515485007e+01 1.405089868999566782e+01 9.357106217082968413e+00 7.006254698877486531e-01 7.006254698877486531e-01 7.211755794401749853e+00 1.136154174823446272e+00 1.136154174823446272e+00 1.136154174823446272e+00 1.136154174823446272e+00 1.302904073628901482e+00 1.554671058905229497e+00 1.554671058905229497e+00 1.554671058905229497e+00 1.554671058905229497e+00 1.554671058905229497e+00 1.554671058905229497e+00 1.554671058905229497e+00 1.554671058905229497e+00 1.163092324966513225e+01 4.065408892229184445e+00 1.163094645796328841e+01 1.585504497573206883e+01 1.678997784072750221e+01
1.299999999999999940e-02 1.001299999999996260e+01 1.591556479172580296e+01 1.945109869765858690e+01 2.359323432138636178e+01 2.622238377549928856e+01 2.504596087012662764e+01 2.321436080005149094e+01 1.062701655896891317e+01 7.423394493192949639e+00 1.778426503801891556e+01 2.143863125897307853e+01 1.577678842054023178e+01 2.041269009686260461e+01 1.185819571518485027e+01 2.654239780443821139e+00 1.071731715874848234e+01 1.082749466344985478e+01 9.445417455470167312e+00 5.190044878847240639e+00 1.065186111470552177e+01 1.136154174823446272e+00 1.099512089392732506e+01 6.276774736904777718e+00 9.164330313273152839e+00 1.126500046308391667e+01 1.554671058905229497e+00 1.554671058905229497e+00 3.846041981346133287e+00 1.154543636790628547e+01 1.163061741282971795e+01 1.554671058905229497e+00 1.554671058905229497e+00 1.554671058905229497e+00 1.554671058905229497e+00 1.163091166571853741e+01 1.163071791872755512e+01
