output/example/elevation_000034.asc
nrows	75
cellsize	13.33333333
xllcorner	0
ncols	75
yllcorner	0
NODATA_value	-9999
[rows 17 to 33 of 75, columns 37 to 73 of 75]
2.514200471167271544e+01 1.928262291690744590e+01 2.648276324115858671e+01 2.648276324115858671e+01 3.304017966444628485e+01 2.869277999318778072e+01 2.452266736449388418e+01 1.604582312872382133e+01 2.613884419399095904e+01 3.234486552906498957e+01 3.536397960128902440e+01 3.243330102858437414e+01 4.243926355846880938e+01 4.571496818446849630e+01 3.565874097285960431e+01 3.135916378225243761e+01 3.985423557903018832e+01 3.373360237441511345e+01 2.338377840342793235e+01 1.597342149782202370e+01 2.641517093420493367e+01 2.243297388508540990e+01 3.246016174315551694e+01 3.292615445108474859e+01 2.769651846160140707e+01 2.419424827648985499e+01 1.474460684167647351e+01 2.504114870561006256e+01 1.921135135363241631e+01 2.956577054868120058e+01 3.780538581522817054e+01 3.498172936793387322e+01 3.676421081220092901e+01 3.256153933762877983e+01 2.573606541955053828e+01 3.035772429320527266e+01 3.755429489193577552e+01
3.356711145047698608e+01 2.648276324115858671e+01 1.638082306535963184e+01 2.391682307345350722e+01 2.295704219160461079e+01 2.295704219160461435e+01 1.443683271621812914e+01 2.452266736449388418e+01 2.186545228075573988e+01 2.903226156410759984e+01 3.908419979475961270e+01 4.243926355846880938e+01 4.658256601474464276e+01 4.153207264076112182e+01 3.135916378225243761e+01 2.540949965332412930e+01 3.107514091120341604e+01 3.528640900654099966e+01 2.529271114232606266e+01 1.489305059586799906e+01 1.784770300738560422e+01 2.814186999921678378e+01 3.659690650280152369e+01 2.716089300451460886e+01 1.917530246533335969e+01 1.392219444481708202e+01 2.419424827648985499e+01 2.927958531199484682e+01 2.956577054868120058e+01 2.330789315078165558e+01 3.360438816333254408e+01 4.225388171909516188e+01 4.643481710031257137e+01 4.016511208818730694e+01 3.597427229887099998e+01 3.060441498633704427e+01 3.779952176963640653e+01
3.655886511028102603e+01 2.648276324115858671e+01 2.391682307345350722e+01 1.381743334966980896e+01 2.146732242394852008e+01 1.285327114497627576e+01 2.295704219160461435e+01 2.869277999318778072e+01 2.903226156410759984e+01 3.613183608600526497e+01 4.180760925906842829e+01 4.599047554853988373e+01 4.628645530597374602e+01 4.210398895681335318e+01 3.830017315957671542e+01 2.808243456534421867e+01 2.076300278018822354e+01 2.742924951071681150e+01 2.422911954062062279e+01 1.389537359154589069e+01 1.879716113630758301e+01 2.591627706029152378e+01 2.679488931493051851e+01 2.255403354735199528e+01 1.311885802324461103e+01 2.337006044878655331e+01 1.848499910032264992e+01 2.240491889401191017e+01 3.270691727362124368e+01 3.360438816333254408e+01 2.820948331685850619e+01 3.209873135382460418e+01 3.929128820376170239e+01 4.940621516327936291e+01 4.494522385167989142e+01 4.076303864088370688e+01 3.779952176963640653e+01
3.046639641896041439e+01 3.030242260558181044e+01 2.021173948312508273e+01 2.021173948312501523e+01 1.134453019493000703e+01 2.146732242394852008e+01 2.000007079321035164e+01 3.009580264515735237e+01 3.908419979475961270e+01 4.012902748637220895e+01 3.163291864240377649e+01 4.012902748637220895e+01 4.042534789462686717e+01 3.192973282052909667e+01 3.754881709076581586e+01 3.528640900654099966e+01 2.742924951071681150e+01 1.711327925379156056e+01 2.416705330039695454e+01 2.273352022616423795e+01 1.250064860576080328e+01 2.174600214994799430e+01 2.174600229479006330e+01 1.232322847332929427e+01 2.255403354735199528e+01 2.761076781275892245e+01 2.580977441571820208e+01 3.270691727362124368e+01 2.971967718713881013e+01 3.991875280447175811e+01 3.841559566297456740e+01 4.225388171909516188e+01 4.643481710031257137e+01 4.464871480031661122e+01 4.039819281003670426e+01 4.464859650961350468e+01 4.791790790713861981e+01
2.173397641821732407e+01 2.334398347390318662e+01 1.900459835843710010e+01 1.011306547432995373e+01 2.021173948312509339e+01 2.563974453689218791e+01 3.009580264515735237e+01 3.425590218654797070e+01 3.735013473426715791e+01 3.314510385110127544e+01 2.569232939411950767e+01 3.593324889261593569e+01 3.622987943772542963e+01 2.598872868721493745e+01 2.732169300135432977e+01 3.297510815511586912e+01 3.165555744995281628e+01 2.416705330039695454e+01 1.390007019641764252e+01 2.113948516998793892e+01 1.153379975937002655e+01 1.153379975937002655e+01 1.153379975937002655e+01 2.174600229479006330e+01 2.679488931493051851e+01 2.860184303212562895e+01 3.282340708318248090e+01 4.026070798578694365e+01 3.991875280447175811e+01 4.410547387429628685e+01 4.306150099987349478e+01 3.881335098335611633e+01 4.306150099987348767e+01 3.953229197456868604e+01 3.017874694068543917e+01 3.869692207636992265e+01 4.294333861449963052e+01
1.152319739361834472e+01 1.784944630583403224e+01 8.952482107226364505e+00 1.887740145656686153e+01 2.016151299679604492e+01 3.003259249593703117e+01 3.351380382227169008e+01 3.771932024325548838e+01 3.144044996126162417e+01 2.287442249970817798e+01 2.178003463354083280e+01 3.206254515123681870e+01 3.561434661118001088e+01 3.031714829510665865e+01 2.001571885997062950e+01 2.270098923874120800e+01 2.994129091378959373e+01 2.478709962023831181e+01 2.054764007761984956e+01 1.093981153958234209e+01 2.113948516998793892e+01 1.153379975937002655e+01 1.153379975937002655e+01 1.242125783356762980e+01 2.265401255813784687e+01 1.829986589792308038e+01 2.689440099141497242e+01 3.282421334674693014e+01 3.831633339408122652e+01 3.941070482099326000e+01 3.793669850999461346e+01 2.856637062853325304e+01 3.578166573099817072e+01 3.153401062696085333e+01 2.500651256601367578e+01 2.847149335426712113e+01 3.359325411181002607e+01
1.704562879295274058e+01 7.800985612087438348e+00 1.669800506165151077e+01 1.727513978533971795e+01 2.144256806642446023e+01 2.846180742403921826e+01 2.325719599218134448e+01 2.781041974897541280e+01 2.357549313933619928e+01 1.692032911211681068e+01 2.721532320811360250e+01 3.259114817939661179e+01 2.536903281186715020e+01 3.259114817939661179e+01 2.571020899863037457e+01 1.542282837396588135e+01 2.195379554224606977e+01 1.995942768369262055e+01 1.035949801183759966e+01 2.054764007754729960e+01 2.537956963872971272e+01 1.873352817520067148e+01 1.873352830851177231e+01 2.265401255813784687e+01 1.242125783356762980e+01 1.242125783356762980e+01 1.829986590192359230e+01 2.860188813326968216e+01 2.809284746231941199e+01 2.920310266394115928e+01 3.368986080589467491e+01 2.337156720055053327e+01 2.817450087911996803e+01 2.117931487406053392e+01 3.153401062696085333e+01 3.869692207636992265e+01 4.294333861449963052e+01
7.007040684592504398e+00 7.007040684592504398e+00 7.007040684592504398e+00 7.236759278362248970e+00 1.431487470328757183e+01 2.176383431845792771e+01 1.732751932345633250e+01 2.033395961186222323e+01 1.332486408071845574e+01 2.357549313933619928e+01 3.144044996126162417e+01 2.800272714254302642e+01 1.808128683910791423e+01 2.800272714254302642e+01 2.643916832757557245e+01 2.195378072040519868e+01 1.173402325682894620e+01 9.782118662100415918e+00 1.995942271904024423e+01 2.054763828587734409e+01 3.080635960823559572e+01 2.901875784434725958e+01 2.901875784875923969e+01 2.689467319896129638e+01 1.963933306809671109e+01 1.242125783356762980e+01 2.265401923107028992e+01 2.405794496274598160e+01 2.077180198183118875e+01 2.188046677665092332e+01 2.624787956484507134e+01 2.624787969820831890e+01 1.779933474120606007e+01 2.817450087911996803e+01 3.200651979095963640e+01 3.543225015700838298e+01 3.967560345766985108e+01
1.699519942226388380e+01 7.007040684592504398e+00 7.007040684592504398e+00 1.704550739727846675e+01 7.562059302682778039e+00 1.760171076166767534e+01 1.770334319967390968e+01 1.014562605719696542e+01 1.599485490315002600e+01 2.626128687364376546e+01 3.103250298996396594e+01 2.075985755533942267e+01 1.352220941634543472e+01 1.918630011197256380e+01 1.618237139504702427e+01 1.954488527533798248e+01 9.374880042276908299e+00 9.374880042276908299e+00 1.954497532402078974e+01 2.456305368041234871e+01 2.656691522220383561e+01 2.656691519866389584e+01 3.682463218248010861e+01 3.415001332982589588e+01 2.689488913006925586e+01 1.963933324385941859e+01 1.378911590197592041e+01 1.378911590197592041e+01 1.483331078231290334e+01 1.591012414114713636e+01 1.591012414114713636e+01 1.591012414114713636e+01 1.591012414114713636e+01 1.864757508396330721e+01 2.166103938711966492e+01 2.515505905886210769e+01 3.032384120695671115e+01
1.851377431026012488e+01 1.200642816886578856e+01 1.704562943869738589e+01 2.123466306963101502e+01 1.760171076166767534e+01 7.562059302682778039e+00 7.562059302682778039e+00 1.770334319967390968e+01 2.457135103236741003e+01 3.048825811771842353e+01 3.016302283005910212e+01 2.593589306477754874e+01 1.918630011197256380e+01 9.022204801194797952e+00 9.022204801194797952e+00 9.374880042276908299e+00 1.954491908036863634e+01 9.374880042276908299e+00 1.013083786215000615e+01 2.031691382992082495e+01 1.627496805537667868e+01 2.505699285796740838e+01 2.930051315813305379e+01 3.523248797545734590e+01 3.415044501627908602e+01 2.717252439319101143e+01 1.684263260042940402e+01 2.405794496274598160e+01 2.513161788492189430e+01 2.188046677665092332e+01 2.624787956484507134e+01 1.776703900801295077e+01 2.624787983154165261e+01 2.902003684293312347e+01 3.200651979095963640e+01 3.543225015700838298e+01 3.967560345766985108e+01
2.163662991170898309e+01 2.208482968370636002e+01 2.208482968370635646e+01 2.361050553719751477e+01 1.337900024004929023e+01 7.562059302682778039e+00 7.562059302682778039e+00 1.770334319967390968e+01 2.494183293231337117e+01 2.917010965478830187e+01 2.593589297951007921e+01 1.568619699769179299e+01 1.868826342372907945e+01 9.022204801194797952e+00 9.022204801194797952e+00 1.256999154831060217e+01 2.280486236832331670e+01 1.957765312799726232e+01 2.031691386285868006e+01 1.121241617820717984e+01 1.121241617820717984e+01 1.477268701653565586e+01 2.070217650597334469e+01 3.100578269922326058e+01 3.555127207258271937e+01 2.528944382356354481e+01 2.416298631443472189e+01 2.416298631443472189e+01 3.443819203940270057e+01 2.920310266394116638e+01 2.814209756772340754e+01 2.814209756772340754e+01 2.065194724517538205e+01 3.101678684867574631e+01 3.711452620464508811e+01 4.019059492149642665e+01 4.443871260522036692e+01
1.875917805229233082e+01 2.878058043357711782e+01 3.222639471526309762e+01 2.784213682583983029e+01 2.193758603994525558e+01 1.770334319967390968e+01 7.562059302682778039e+00 1.770334333300724339e+01 1.470506295843986067e+01 2.494183293231337117e+01 2.243006047565544847e+01 1.819474931049888866e+01 8.532207499197713929e+00 1.868826342372907945e+01 1.918630011197256380e+01 1.918630011197256380e+01 1.845782801103066362e+01 2.874307458058904885e+01 2.223972204657154350e+01 1.201315673531789052e+01 2.142094166841122771e+01 2.505699288987801765e+01 2.930051315813305379e+01 3.191266581337437103e+01 3.613759607700514920e+01 3.555127207258271937e+01 3.443819203940270057e+01 3.443819203940270057e+01 3.863983575324262887e+01 3.941070482147926413e+01 3.842700319098121042e+01 3.526516507748204532e+01 2.667799184623504161e+01 2.397351778885042251e+01 2.687331325737486054e+01 2.998842915835062684e+01 3.587439389179628080e+01
2.878058043357711782e+01 3.294926914129356277e+01 3.352968239775486126e+01 2.894197571668558666e+01 2.033417386156766682e+01 1.014562632596212666e+01 7.562059302682778039e+00 7.562059302682778039e+00 1.770334346634057709e+01 1.770334373300724451e+01 1.770334386634057822e+01 8.046277754114601777e+00 1.819475067522856904e+01 1.391966990943818239e+01 2.416418945889920522e+01 2.943491110246213793e+01 2.574332934374521287e+01 2.874307458174636665e+01 2.648803346454045737e+01 2.223972204661045993e+01 1.316058581303848207e+01 2.341611152537218032e+01 2.462436477813239932e+01 2.160545164267729135e+01 3.191266581337437103e+01 3.821982177800843772e+01 4.150412652330950891e+01 3.729666614177049411e+01 3.729666614177049411e+01 4.150412652330950891e+01 4.579727903976682057e+01 4.118943827361977128e+01 3.694369104382271018e+01 2.995319708142427473e+01 3.239740944435759218e+01 4.019059492149642665e+01 3.719652889746208757e+01
3.500996488208009794e+01 3.654934549816880462e+01 2.631356219702523447e+01 1.902208004880425918e+01 1.444783025169863855e+01 1.732757637936439465e+01 1.770334346634057709e+01 1.770334346634057709e+01 7.562059302682778039e+00 7.562059302682778039e+00 7.562059302682778039e+00 1.770331320695182242e+01 1.819474749368321298e+01 2.416418945889920522e+01 2.115742735477426706e+01 3.142315530950711633e+01 3.598510021899286926e+01 3.895953295516368797e+01 3.070214476646068746e+01 2.039813774101213184e+01 2.341611152537218032e+01 1.433646004552098674e+01 1.433646004552098674e+01 2.462436477813239932e+01 2.370562864478672793e+01 3.400008329491743098e+01 3.560799212446845985e+01 2.706160579127729449e+01 2.706160579127729449e+01 3.138745129324119176e+01 3.978430250702715654e+01 4.487064347975874767e+01 4.442555613819138216e+01 4.017662180529301708e+01 4.262455046471530551e+01 4.687708470215430623e+01 4.741890972336059207e+01
2.882016600213930957e+01 3.300115272302448233e+01 3.352968239775486126e+01 2.894197571668558666e+01 2.036498718478419434e+01 2.759268353716013067e+01 2.077784817585679988e+01 1.058087052264414574e+01 7.562059302682778039e+00 7.562059302682778039e+00 7.562059302682778039e+00 1.337900090685313970e+01 2.361050815937241154e+01 3.265475456883139316e+01 3.142315530950711633e+01 3.563504031539805084e+01 3.941447370031490749e+01 4.367434584269571474e+01 3.493076703581823494e+01 3.070214476646068746e+01 2.462436477813239932e+01 1.433646004552098674e+01 1.433646004552098674e+01 1.527993101926806396e+01 2.559469627057018926e+01 3.124404711852754701e+01 3.138745129324119176e+01 2.102628098623541675e+01 2.102628098623541675e+01 2.531713896548905041e+01 3.048429870677678011e+01 3.769061459391613056e+01 4.785056756883723494e+01 4.671270674987458449e+01 5.091512564998257062e+01 5.160675527992886913e+01 5.580494823914404634e+01
1.879019824029933616e+01 2.456975394227441711e+01 3.462633685246648696e+01 3.485922250963812985e+01 3.064530608601629069e+01 2.591229692732252232e+01 1.564339942439106323e+01 2.077784817585679988e+01 1.770334373300724451e+01 1.770334373300716635e+01 7.888224272611955357e+00 1.803427140789306193e+01 2.784218624577697554e+01 3.228316900269983591e+01 2.904351874576934733e+01 3.215431177528122930e+01 2.914705424090753638e+01 3.941447370031490749e+01 3.571736002164711721e+01 2.544847506263970516e+01 1.946011302997790438e+01 2.462436477813239932e+01 1.433646004552098674e+01 2.462436491146573303e+01 1.665326511343064197e+01 2.700313519269820262e+01 2.964847098793073599e+01 2.102628098623541675e+01 2.102628098623541675e+01 3.138745129324119176e+01 3.511238031127984272e+01 3.683795956421586482e+01 3.863597066104056665e+01 3.655905971737799121e+01 4.331086308691114084e+01 4.144640386291288081e+01 4.690149517805687651e+01
2.717504484667246345e+01 3.300115272302448233e+01 3.881795744532687564e+01 3.962157234557447794e+01 2.941655968019292899e+01 2.213882200719146809e+01 2.591229692732252232e+01 2.896742257385749753e+01 2.088144953253828007e+01 1.079738156445425012e+01 8.214735847585789230e+00 1.536491245762085889e+01 2.561051417934592322e+01 2.197493368421392290e+01 1.871960318424661907e+01 2.183697849593736251e+01 2.781404721161779392e+01 3.808322342839087327e+01 3.993144175212005109e+01 3.401879536029461093e+01 2.544847506263970516e+01 2.789484138818641767e+01 1.755268668774639806e+01 2.789484138818641767e+01 2.700313519269820262e+01 1.806799956336964996e+01 1.926752041415704042e+01 2.964847098793073599e+01 3.138745129324119176e+01 2.316238443926755508e+01 2.485496811384586735e+01 2.662929503178490975e+01 2.846488394733333394e+01 3.070226635545778038e+01 3.316650930739381664e+01 3.674565397647614162e+01 4.181750602438275166e+01
