output/example/elevation_000016.asc
nrows	75
cellsize	13.33333333
xllcorner	0
ncols	75
yllcorner	0
NODATA_value	-9999
[rows 51 to 67 of 75, columns 0 to 36 of 75]
1.369999999999999864e-02 2.787200981126147337e+00 5.673952327074279545e+00 9.007285660407623240e+00 1.400728566040763923e+01 2.400728566042027268e+01 3.058610522110782171e+01 2.068488701949565822e+01 1.070179885602515135e+01 1.703957863236523451e+01 1.811407043396454242e+01 1.398996583830161811e+01 7.795302454617091037e+00 1.330720939717683571e+01 3.501940550463932489e+00 1.105873631399730606e+01 3.988947698750668902e+00 1.383852004458114315e+01 2.109566772618083874e+01 2.311817548861785809e+01 1.662944551603818866e+01 6.422749729593104639e+00 1.654359206210627775e+01 1.374473091512902378e+01 4.640152012577756224e+00 5.117907746464396723e+00 1.546324198758629009e+01 2.125275350675748598e+01 2.150141117582166217e+01 1.481628460822641458e+01 2.202587263314666188e+01 3.169490325549799081e+01 3.104806487296869477e+01 3.018697061056116127e+01 2.041505078791671579e+01 2.326863356821352724e+01 1.491231464552183184e+01
1.290000000000000001e-02 1.001289999999996283e+01 1.567395232707578678e+01 1.900728566041102496e+01 2.314942129046933772e+01 2.814942130464337211e+01 2.645323123347349892e+01 1.646216597931789849e+01 1.516095819538121603e+01 2.482003117103461065e+01 2.750873980345891923e+01 1.771960326114953332e+01 1.077930637716586482e+01 1.496443168362914200e+01 4.979034312148363561e+00 1.497293560300797388e+01 1.383852004455278362e+01 6.775597771987424522e+00 1.687653164743816347e+01 2.448175313051190116e+01 2.118391292170426610e+01 1.141487072092671262e+01 2.106213259971649876e+01 1.852522848755808127e+01 1.388099310471918280e+01 1.358317394268286193e+01 5.786603780964119537e+00 1.635446153715308526e+01 1.112438590440021535e+01 2.149258383842516906e+01 2.746299267690150714e+01 2.834209349738716455e+01 2.161151576612533276e+01 2.584024648273309666e+01 2.180142998733006010e+01 1.324630256487258073e+01 2.327634242103265549e+01
1.329999999999999932e-02 1.001329999999996190e+01 1.524288611882102273e+01 1.839446051133457516e+01 2.254617099429675520e+01 2.703797461763034349e+01 3.058610522110782171e+01 2.352969639966337212e+01 2.093375569379401924e+01 2.928711380042329537e+01 2.545875208220497043e+01 1.548145916300095770e+01 2.078132057904253216e+01 1.918563960282743253e+01 1.196598511278947186e+01 7.418564301283455897e+00 1.760246963513754892e+01 1.687653164743816347e+01 1.003303980285894781e+01 2.028281604454150511e+01 2.660056485431287498e+01 2.240826304899031385e+01 2.682088355189696216e+01 2.478804766864409714e+01 1.775280321878925349e+01 6.749774617890755835e+00 6.266509494815569958e+00 1.621936189379407267e+01 9.210401887137496857e+00 1.757859245386291391e+01 1.756745939021439540e+01 1.907796229602637439e+01 1.470396884677916916e+01 2.034057180979700874e+01 1.167473939016344175e+01 2.180223835457854875e+01 2.263300339654973214e+01
1.369999999999999864e-02 2.526006093664403984e+00 5.147851726191423616e+00 8.251314452830095902e+00 1.283364436571781297e+01 1.996092241688307567e+01 2.997253303296124827e+01 3.351126867932811848e+01 2.799668530400706956e+01 3.247447336875868018e+01 2.255274517548481228e+01 2.255274517548481228e+01 2.953352049190743145e+01 2.642752987288757893e+01 1.954984368508300108e+01 9.245564518193402748e+00 1.954984368648491611e+01 2.448175313051190116e+01 2.028281604454150511e+01 1.402797085703530122e+01 2.133254275822250179e+01 3.143663499055755395e+01 2.653630066757439465e+01 1.700524810805156051e+01 1.097679309038496065e+01 1.788410138197519217e+01 1.622479942468820724e+01 6.953625488187975101e+00 7.458631554940137853e+00 7.458631554940137853e+00 1.753665922154505452e+01 8.908099116680034513e+00 9.532641996873598700e+00 1.016948612408442720e+01 2.033993493985757439e+01 2.548858604043804732e+01 2.386430111332147064e+01
1.319999999999999993e-02 1.001319999999996213e+01 1.230533978834526643e+01 1.698545869264501817e+01 2.254617099428533322e+01 2.703797461762982834e+01 3.317942318403299851e+01 3.728566727467568853e+01 3.797266034686041536e+01 3.651431530210471266e+01 3.247447336875868018e+01 3.247447336875868018e+01 3.035223746975285763e+01 2.011019336895812870e+01 1.406754358736152888e+01 1.954984368648491611e+01 1.295325401648202224e+01 2.334431043330181410e+01 2.845023306448313605e+01 2.001100524425578442e+01 2.001100524425578442e+01 3.013985970460328900e+01 3.050907260059197057e+01 2.361004743280604501e+01 1.390517913095683333e+01 2.360913965213815757e+01 1.700817331112148878e+01 1.701164402981468982e+01 1.757845714476426124e+01 7.458631554940137853e+00 8.040209743473043957e+00 1.773143469729718902e+01 1.628357606747901087e+01 2.033658110526958041e+01 1.134027234263265704e+01 2.149999657180602242e+01 1.255555329000439713e+01
1.349999999999999985e-02 7.084567811865341902e+00 1.708456780397291652e+01 2.647813987387512569e+01 3.220043349822820744e+01 3.161229336713099869e+01 2.338879608124614862e+01 3.161229336716158400e+01 3.665032204503333446e+01 3.377846475707494989e+01 3.377846475707494989e+01 3.783791672648146687e+01 3.449067137745193889e+01 2.861985985343848782e+01 1.930737135809063787e+01 2.725219393870419893e+01 1.691486785415451166e+01 1.900187692851411114e+01 2.927618491689055702e+01 2.721271037132058979e+01 2.591245068616601444e+01 3.427243902511821005e+01 2.907930627901900422e+01 1.952339736822359839e+01 1.829110082431800777e+01 2.765249891204274846e+01 2.694749277226472728e+01 2.060123580584488323e+01 1.035367683914258841e+01 1.757903724066114748e+01 1.396959006192389197e+01 2.233104999412927327e+01 2.561673989523555761e+01 2.546787020181121974e+01 2.149999657180602597e+01 1.255555329000439713e+01 2.266893858589341448e+01
1.369999999999999864e-02 1.001369694352915651e+01 1.959254461023988370e+01 2.875389028594754492e+01 2.378979881637043547e+01 2.269927922934968834e+01 1.787175646799629902e+01 2.752680199070376688e+01 2.678517119048154882e+01 2.388845414954205282e+01 2.388845414954205282e+01 3.377846475707494989e+01 3.877154829861994045e+01 3.371299808283389865e+01 2.661698907585962814e+01 3.141861613198139835e+01 2.216350582868521002e+01 2.500142442686281541e+01 3.342289860797101397e+01 3.720662332410579154e+01 3.591460781597606911e+01 4.003997783025468493e+01 3.311309929278393582e+01 2.500838818442205636e+01 2.395509366180882793e+01 3.234443542170551922e+01 2.869485856976812244e+01 1.859426464797465073e+01 1.256735180219100378e+01 2.291230542936924408e+01 2.398353527845295829e+01 2.812004427104751514e+01 3.272271245685001162e+01 2.558467426627706587e+01 1.569037421963143686e+01 2.266893858591309652e+01 1.394656642454533291e+01
1.379999999999999977e-02 5.064828512488325885e+00 1.536709658292368452e+01 1.903894960006792658e+01 1.903894963367812210e+01 1.314473018130601467e+01 2.269927922934968834e+01 3.161229336301633097e+01 2.678517119048155237e+01 1.692775501248046410e+01 2.484846131882181197e+01 2.484846067099162070e+01 3.208842930586236974e+01 3.614950909520261035e+01 3.670127634138464146e+01 3.649374899109784565e+01 2.940247788949654506e+01 3.511561634575956958e+01 3.923285692752079257e+01 3.885820653575915173e+01 3.885820654148912467e+01 4.298063231645990356e+01 3.842340289524728547e+01 3.443463905057511454e+01 3.462922478148665562e+01 3.928297385552983911e+01 3.286656745950779168e+01 2.465301675502469436e+01 1.833457251645750219e+01 1.688662593458979799e+01 2.734435224962315303e+01 3.430368078597016535e+01 2.453852424578800751e+01 1.892114585395569293e+01 2.558467426627706587e+01 2.803938968362642825e+01 2.397199656763903519e+01
1.309999999999999880e-02 1.001309992392572390e+01 1.942325104801694380e+01 1.588340833933480845e+01 9.409511982466602475e+00 1.903894963367675786e+01 2.675417112232145556e+01 2.924637892960354080e+01 2.366796821031447351e+01 1.394347620984476066e+01 1.508062265828449178e+01 1.846068157870635318e+01 2.217644038946814788e+01 2.921053589163513919e+01 3.903633244462000107e+01 4.112498453784468211e+01 3.946150502636365331e+01 3.710064072339280727e+01 3.302141288869754732e+01 2.915473356648703884e+01 2.915473356648733727e+01 3.885820654148912467e+01 4.338305246263102077e+01 3.899950917417191221e+01 4.136755621433176344e+01 3.733992935957928694e+01 4.025584893762979277e+01 3.299228402409117678e+01 2.801737589747849810e+01 2.018850181896788598e+01 3.090398573636144519e+01 3.837417393562368062e+01 3.117200411759698042e+01 2.146342587071258379e+01 3.117200411759698042e+01 3.509037232285754015e+01 2.528507863415936541e+01
1.349999999999999985e-02 1.001347978197958177e+01 1.309196240225720409e+01 6.164979921142841768e+00 1.304649321909349702e+01 2.273044621636826079e+01 2.566467662230618174e+01 2.234050687973806859e+01 1.543330462450699159e+01 1.123161383135709990e+01 1.798635852287456771e+01 2.780013780431522363e+01 3.208842897574400865e+01 3.614946918134095455e+01 3.468916782596009085e+01 3.211940892993048635e+01 3.554459525659039798e+01 3.055413040965123983e+01 2.338796781108251110e+01 2.237179743767930873e+01 2.915473356648733727e+01 3.885820654148913889e+01 3.755038224965132088e+01 2.909598655781659815e+01 3.670384254491252563e+01 2.871057637994201883e+01 3.670384254491260378e+01 4.053129793326658614e+01 3.537198001618581600e+01 2.404988409126804427e+01 3.537200649398040753e+01 3.919895320946980632e+01 2.936798847627718700e+01 2.466516748111773438e+01 3.442391313801437036e+01 3.437692815710431660e+01 2.459816208410541449e+01
1.369999999999999864e-02 9.992456294044931298e+00 3.188881618203550872e+00 1.262823820204833680e+01 1.701667311799516824e+01 2.089755768117753121e+01 1.594891692121397675e+01 1.595218139207297448e+01 8.661703908408597385e+00 1.828725795456913161e+01 2.492931713130907312e+01 2.880267816395960878e+01 3.293514382238284810e+01 3.202740052333175669e+01 2.533487846114057263e+01 2.604018707395413657e+01 3.111157462174172039e+01 2.149136739511107308e+01 1.775019427980276987e+01 2.745954077811854432e+01 3.342084579408301437e+01 4.026702377025360846e+01 3.034827590849228685e+01 2.370842750261875054e+01 2.813879321619181795e+01 2.364351788660064102e+01 3.282339408688034865e+01 3.304444448358650277e+01 3.795756478126179445e+01 3.102750218249194347e+01 4.160951900346974952e+01 4.325663490639929165e+01 3.442391313807441122e+01 2.949125442469416214e+01 3.848069587254710200e+01 3.437692879155927983e+01 3.147717548188027692e+01
1.290000000000000001e-02 3.716479852242554616e-01 9.512550503661939771e+00 1.118489901659463293e+01 8.051567409052857727e+00 1.681122359237727792e+01 1.546343644975317133e+01 6.268995238675607595e+00 1.595218138395670948e+01 2.165290107874887227e+01 2.205786452689255839e+01 1.926788164387225066e+01 2.880268368055995509e+01 2.807468753662635663e+01 1.874691057676427164e+01 2.353217400148012928e+01 2.509953171357873458e+01 2.209615267386739035e+01 1.508303603091515654e+01 1.952288905229129767e+01 2.646012538580791329e+01 3.659729514475958467e+01 3.444731722965275367e+01 2.529706942736279629e+01 1.866946935095215565e+01 2.160379054304383573e+01 2.454198674492697307e+01 3.105644916440887471e+01 4.125122586054731499e+01 4.365693600916973338e+01 4.879763887614994644e+01 4.831183804179953967e+01 4.338033036019526634e+01 3.933406635754101899e+01 4.338033036019537292e+01 4.429395920313721291e+01 4.137755266286237088e+01
1.359999999999999924e-02 1.001359992781511110e+01 8.880402991715810046e-01 1.253664169651227844e+00 9.871564233391174170e+00 1.192214394855826143e+01 1.073270683116646573e+01 4.691415324920259700e+00 1.499676899460842527e+01 1.700016861732972373e+01 1.282834701994481463e+01 2.206025040985903374e+01 2.450744283063091089e+01 2.817215098483800162e+01 2.353217263227879741e+01 1.390357704176202880e+01 1.732446741107080257e+01 1.225386992195890201e+01 2.209615267386739035e+01 2.896484322472963058e+01 3.342067518191216635e+01 3.456791864911029677e+01 2.984783324836807950e+01 2.582488537522358385e+01 1.866946935095215565e+01 2.531829303612574833e+01 3.350331922874997304e+01 3.056837504040050035e+01 3.678779972414197630e+01 4.628959675049570421e+01 4.323889415714212703e+01 4.224008501276944827e+01 3.808389134666509790e+01 4.219366540837462054e+01 4.201338185678281434e+01 3.785086420860388756e+01 4.200857016123713095e+01
1.379999999999999977e-02 1.000817512061469117e+01 1.129244904338505506e+01 1.083791204960027521e+01 1.773461622128688520e+00 2.141712078368469552e+00 2.511410225125933593e+00 9.632000583187251053e+00 1.315201325308249736e+01 7.827705025856807275e+00 1.694919820355239537e+01 2.048415942353292607e+01 1.568099165906758863e+01 2.142953067217765906e+01 2.133666627084160794e+01 1.744200417635462586e+01 9.674735669063453614e+00 1.951744004380806885e+01 2.613609835812915350e+01 3.129607718248079706e+01 3.510902854049232502e+01 2.770619691164781173e+01 2.084447549244299935e+01 1.625360215106227102e+01 2.582488537756660207e+01 3.211036470013002031e+01 3.890450813389536222e+01 3.957080434499562216e+01 4.096727530523171623e+01 4.035739687554513466e+01 3.330779139965341784e+01 3.722013818717546485e+01 2.822829613156931572e+01 3.726933953972533686e+01 3.702912806260866319e+01 2.804170031240366967e+01 3.681784882128822289e+01
1.349999999999999985e-02 1.001349999999996321e+01 1.861651942474316712e+01 1.662607610029314031e+01 1.247869664203608941e+01 7.057664039879828266e+00 1.254184247108612915e+01 3.051420371484895977e+00 3.434360073196280005e+00 1.176550418397192921e+01 1.363214560760639849e+01 1.166445282677119266e+01 1.012363129838779052e+01 1.241229391715973485e+01 1.529290850536718693e+01 7.570504659997801866e+00 1.743662543680400034e+01 2.347333261496471835e+01 2.473445452968958236e+01 2.201657467186138462e+01 3.129585851651054185e+01 2.366694462532936427e+01 1.398443706253531538e+01 2.366694462660864673e+01 2.984783347674216003e+01 3.613884939764707127e+01 3.318188932805434632e+01 3.448552162255360543e+01 2.811567945727082574e+01 3.420357067286752795e+01 2.657666268583745861e+01 3.315272043891275899e+01 2.348185411869418360e+01 3.315272043891275899e+01 3.292694728964475814e+01 2.290571716614572040e+01 3.250217428884579363e+01
1.359999999999999924e-02 4.485734847110151691e+00 1.155600783184937086e+01 2.153410914940036136e+01 2.101710929875914147e+01 1.383753166832832093e+01 1.402764576936321816e+01 1.438680525106464181e+01 1.039333111747393090e+01 3.981963249222811196e+00 4.372693619781918173e+00 4.764548982643482589e+00 5.157491712615132506e+00 5.552213027709161253e+00 5.552213027709161253e+00 1.476471324093690107e+01 1.769545190750546126e+01 1.970210117338720579e+01 1.541348156851562123e+01 2.465935483934650563e+01 2.362819302611339722e+01 2.026460187817279035e+01 1.249548252685861449e+01 1.939181407007580304e+01 2.907962188736214415e+01 2.608481812094925090e+01 2.314533726515099588e+01 2.749537299814236135e+01 2.003541739671207367e+01 2.931799641796839850e+01 2.201370117121339121e+01 2.568400132189509222e+01 2.039494755031657292e+01 2.949632388839366115e+01 2.587303581164422539e+01 1.943884476924004900e+01 2.395578116988695427e+01
1.290000000000000001e-02 1.001289999999996283e+01 1.861728503089549136e+01 1.984367433203604492e+01 2.398107175364287968e+01 2.378983681334832312e+01 2.540067177560062817e+01 2.403047512053675305e+01 1.620193919100770685e+01 7.186179813627770585e+00 1.148978729421962086e+01 1.478084780710218560e+01 1.508041320202135083e+01 7.912207499262879473e+00 1.547071075072406465e+01 6.142812420406645657e+00 1.538625902229510167e+01 7.157767514782608309e+00 1.743805492525308409e+01 1.775255882975605459e+01 1.707902715876316080e+01 1.046524327035866442e+01 2.021734150077410774e+01 2.573340249655308298e+01 2.864811365399211240e+01 2.527009178009897639e+01 1.594878097620264334e+01 2.204231406524267456e+01 1.645622609910430612e+01 2.302035285965519051e+01 2.306659258719843564e+01 1.617570417972149599e+01 2.412523736140836306e+01 2.435786546035792099e+01 1.567099339900920185e+01 2.255420256602779361e+01 2.619874057191658423e+01
