output/example/elevation_000261.asc
nrows	75
cellsize	13.33333333
xllcorner	0
ncols	75
yllcorner	0
NODATA_value	-9999
[rows 34 to 50 of 75, columns 37 to 73 of 75]
1.619955945644421647e+01 2.597313068488357146e+01 3.237742198612457400e+01 3.811126535004625282e+01 2.798860951805055564e+01 1.674849264561152040e+01 2.129336926390980977e+01 2.205027066125983737e+01 1.208064807257617979e+01 1.208064807257617979e+01 1.413388902374575906e+01 1.622771747598755709e+01 2.319701965408552269e+01 2.877588168506328614e+01 3.448238687367241084e+01 3.801638983338516198e+01 4.230304488912414485e+01 4.743690620207460995e+01 4.580972518452922060e+01 3.553102594750266263e+01 2.968917073150062080e+01 2.534979304338249051e+01 2.269632599119920968e+01 2.032958949846074859e+01 2.983691366370513620e+01 2.737265331268166690e+01 1.596359601541191431e+01 1.134393387989894997e+01 1.879309640632061829e+01 2.194508639109247383e+01 1.469016941947845112e+01 1.617761461950053459e+01 1.763772356524198770e+01 1.991105782895046517e+01 2.978317082715951258e+01 2.911795788876299440e+01 3.643892779473673471e+01
2.385288932098375980e+01 3.011779535300013322e+01 3.233916750614746860e+01 3.655838500542170522e+01 2.915793503065112091e+01 1.803575663578842381e+01 1.080862586175434892e+01 2.072576107995381278e+01 1.208064807257617979e+01 2.048621918526555064e+01 1.584370335992475098e+01 2.565163739487428529e+01 3.029382907915320544e+01 3.739061258543060262e+01 4.314087648520531104e+01 4.295654885567027748e+01 3.873030253170982462e+01 4.295654885566974457e+01 4.325559828396223594e+01 4.410913690581443802e+01 3.955027202689134214e+01 3.532043779538966533e+01 3.244236216641695592e+01 2.983711996894099983e+01 3.401860259982139922e+01 3.042172902432925952e+01 2.291990309801570547e+01 1.958586787035917354e+01 1.067263151124151754e+01 1.242307896259577937e+01 2.212228276845278430e+01 2.272687760901565568e+01 2.722724198647359728e+01 2.052967486901431826e+01 2.743999799619976443e+01 3.769570346016151063e+01 3.951154522479698272e+01
2.108522491578914781e+01 2.422749682734562171e+01 2.240443326172596983e+01 2.983457643422335792e+01 2.565030217019832648e+01 2.364532745070676611e+01 1.949051021461989563e+01 1.080862586175434892e+01 2.072576107995381278e+01 2.563887763513468698e+01 1.866359771052830752e+01 2.846036998586723854e+01 3.747780624326964727e+01 4.263447315263904613e+01 4.446042462377604210e+01 3.779493706077757764e+01 2.835730604758782292e+01 3.779493706077757764e+01 3.293940939609661456e+01 4.018796283674117831e+01 4.038148107793200836e+01 3.459852228185690137e+01 3.039355845246475596e+01 2.708791474197051485e+01 3.120984004312094484e+01 3.012793527765391133e+01 1.999398639451292681e+01 1.916519442620440117e+01 1.024171792816924409e+01 2.024519170639196375e+01 2.608362373912203580e+01 3.270301015919994114e+01 3.470705992018631747e+01 3.044382458073271991e+01 2.412022633795772464e+01 3.428620234629643448e+01 4.319049346078230656e+01
1.119363813368663507e+01 1.438605475692553703e+01 2.397337474969744164e+01 2.565029667933916357e+01 1.573694626970133470e+01 1.864050062404189134e+01 9.691937796288980778e+00 1.949050963895067667e+01 1.889603049097626908e+01 2.886712048990427348e+01 2.846094011654454192e+01 2.317887976390733940e+01 2.804935704249561468e+01 3.829366753971520154e+01 4.015777026377752179e+01 3.004619119991235721e+01 2.302350750642122890e+01 3.196530096762127116e+01 2.537496106351610337e+01 3.522983729047127355e+01 3.609998554395934178e+01 2.621616378520289459e+01 2.104378607225459419e+01 1.807861209835940031e+01 2.324633520127829200e+01 2.720233791723747885e+01 2.043888836336819992e+01 9.685045766222028618e+00 1.876915287799446830e+01 2.006885686511810718e+01 2.727842989818509878e+01 3.497688621266861730e+01 3.863290862229849409e+01 3.856977548479839157e+01 3.428620234629643448e+01 2.857850341921565374e+01 3.450020935471334127e+01
1.986648496618263593e+01 1.005629248765242600e+01 1.869702228358738694e+01 8.953156839898781527e+00 1.864000859009329503e+01 8.953156839898781527e+00 8.953156839898781527e+00 8.953156839898781527e+00 2.489936922115049356e+01 3.307968211906374023e+01 3.747787512414646471e+01 3.317151220864008110e+01 3.747787452566763022e+01 4.263451470464431736e+01 3.593846641161702138e+01 2.601266423954443141e+01 2.112625662097682522e+01 1.834038738044187156e+01 2.156962970485530562e+01 2.809959223136612394e+01 3.817310049970776475e+01 3.459852221915006254e+01 3.039355845177713888e+01 2.324633520127829200e+01 1.432902287305400080e+01 2.009091935969723863e+01 1.861995461201662039e+01 9.348073029955807911e+00 1.942009076589404870e+01 1.512105304602539313e+01 2.184698666098829278e+01 2.963029901579436043e+01 2.935593464689510412e+01 3.591339126250149860e+01 4.007418185995779680e+01 3.890382777708046547e+01 3.585297794625279977e+01
2.399955651534486734e+01 1.869702185300830877e+01 9.013420869130191804e+00 1.759268765987064498e+01 8.953156839898781527e+00 1.864001565526132964e+01 8.953156839898781527e+00 1.088043354356759451e+01 2.074326656419292547e+01 2.690794118358367726e+01 3.021469836068694548e+01 3.442805821624747153e+01 3.946568661917921617e+01 3.809561732460146999e+01 3.387698961664852249e+01 2.785766619542233613e+01 2.370377271677411812e+01 1.660404993105168359e+01 2.635609160797395489e+01 3.481275629522327364e+01 3.858283560966341952e+01 3.210992545096632256e+01 2.781886888339895236e+01 2.725062775142594518e+01 2.009091936395228117e+01 1.078074310720457341e+01 8.924261970786265152e+00 1.794053057515351313e+01 1.205162073181692683e+01 2.221162054552533860e+01 1.818736747736790349e+01 2.055658978034071893e+01 2.302771638587371328e+01 2.671358233028330886e+01 3.196486756606746482e+01 4.155619416585277293e+01 4.626923081542824434e+01
1.662910487686605521e+01 1.321139448531956617e+01 1.667142983595973860e+01 8.022841676545539258e+00 1.743732330597196167e+01 2.257778874945577385e+01 1.573694641768466163e+01 2.074326656418940473e+01 1.413419960099339079e+01 1.700012165378496221e+01 2.029442682937711950e+01 2.521712179993522085e+01 3.521227492143866300e+01 3.387698961664859354e+01 2.385774617269186137e+01 2.370377492405860309e+01 1.384188767418421406e+01 2.370375969057766241e+01 3.053121754538344135e+01 3.615054517343062912e+01 3.415643453715089350e+01 2.340462143713666165e+01 1.646398105501027942e+01 2.121791493150057306e+01 1.949892389583945729e+01 8.536073862177929072e+00 1.542358271612442167e+01 1.618775622168240602e+01 1.617861240331968986e+01 2.517780594155658846e+01 2.737060978999097927e+01 2.428583528855169149e+01 3.181789347482692420e+01 2.935593464690109400e+01 3.863290867184722543e+01 4.566878115551375572e+01 4.724823474060574569e+01
2.630766621533911476e+01 2.273731583492003239e+01 1.677416487798429756e+01 7.515789778547431688e+00 1.416310305686953619e+01 2.377766329592013506e+01 2.565031066385544278e+01 2.821926828037688750e+01 1.908598408417886816e+01 2.690794115703900147e+01 3.021469836068694548e+01 3.442805821624747153e+01 3.946568661917921617e+01 3.387698961664846564e+01 2.385774617269186137e+01 1.702548028448197215e+01 1.384188767418421406e+01 2.157783371817814455e+01 2.569145458882954713e+01 2.641008874226477943e+01 3.153817779218656270e+01 2.734148714681252557e+01 2.121884958422250023e+01 8.990497867009255017e+00 8.161091115332492762e+00 1.497794546774221303e+01 1.428833971538896108e+01 1.728741558178695570e+01 2.254158284785957989e+01 2.245669383172016609e+01 3.184244912038611020e+01 3.299446698230724451e+01 3.726703629917113858e+01 3.863290867184722543e+01 4.268657611369267357e+01 4.254687789199270753e+01 3.683675816059336938e+01
2.902011504891543936e+01 1.920703356365679682e+01 1.238717821132244445e+01 6.991342716201083718e+00 1.611798169472269393e+01 1.997381561239818737e+01 2.921928274377543389e+01 3.321441290616944997e+01 2.900961599462531382e+01 3.321442706668278788e+01 3.382911957406178516e+01 2.965371663175250205e+01 3.382911957406178516e+01 3.686639154083869840e+01 2.679231463506789623e+01 2.679231463506789623e+01 2.157783371817816587e+01 1.150623477043073883e+01 1.665346254457436004e+01 2.645977081388877394e+01 2.733576233217043239e+01 1.755782883619865586e+01 1.876188308806700178e+01 7.791032257519289850e+00 1.301423766159132533e+01 9.482249287825952777e+00 1.911037951507873345e+01 2.219823767980011553e+01 2.741078792756207960e+01 3.184229339385668922e+01 3.599451088314857117e+01 3.766244511800947947e+01 3.342027362807525748e+01 3.751227422848177895e+01 3.770801231623090644e+01 3.240448376763954741e+01 3.111277838245489846e+01
2.340961882415207285e+01 1.686235746233861832e+01 1.595320659089938431e+01 6.463869340003642883e+00 1.062608848757816737e+01 1.742074601790264765e+01 2.766386809865475982e+01 3.338257505618645382e+01 3.758734284044557938e+01 3.196371596996713293e+01 2.777997879164286132e+01 1.965240037101681736e+01 2.881640322007491406e+01 3.004916250046539261e+01 2.705026030875814058e+01 2.718420621962594552e+01 1.725916449503237970e+01 1.008012101897950608e+01 2.016802155615847880e+01 2.807994047011871075e+01 2.275822986152808625e+01 1.820141582255506307e+01 1.114870726485695585e+01 7.527813021447044228e+00 1.724827699361503619e+01 1.856895792432109005e+01 1.106924422954416798e+01 2.068835607079586580e+01 2.619043199739880379e+01 2.920596213786965833e+01 3.331008294358692723e+01 3.244643399558084695e+01 2.349601037059747455e+01 3.127015873322671879e+01 2.821333370161020682e+01 2.552083706914724459e+01 3.240864333020275723e+01
2.776912227789419063e+01 1.653501467287884097e+01 9.244521136153842633e+00 5.953609482993393875e+00 1.551324402151059090e+01 2.164046364446810244e+01 2.636203427364182517e+01 2.345403106808932137e+01 3.338257505618645382e+01 2.777997977654401396e+01 1.735505813312639134e+01 1.402098295055097843e+01 2.431865259897399412e+01 1.996702455835213641e+01 1.703821512031935370e+01 2.113206586500835726e+01 1.728520651726488211e+01 8.653768263374923109e+00 1.871792728377048931e+01 2.360862999042464594e+01 1.304459244423804520e+01 7.227023095396564401e+00 7.227023095396564401e+00 7.227023095396564401e+00 1.393830245647594523e+01 2.273481710489777896e+01 2.068859207029947811e+01 1.276625871886202646e+01 2.217645953354715260e+01 1.970718555551592743e+01 2.491720220342126169e+01 2.629148323302229784e+01 1.884297985567140543e+01 2.803230831688894753e+01 2.146564248350697923e+01 2.446134595821333590e+01 3.135726304945563214e+01
2.887851272807442982e+01 1.890569062084540874e+01 1.550920491719968197e+01 5.953609482993393875e+00 7.567292325750671900e+00 1.746194310350666967e+01 1.635114627672734500e+01 2.345403106808932137e+01 3.338257505618645382e+01 2.777997751020113171e+01 1.735505812742734832e+01 9.835728310580778455e+00 1.648934696267815525e+01 1.960666239048750015e+01 1.013353583725714735e+01 1.497658969196934997e+01 6.163051505184798273e+00 6.705564984343078905e+00 1.602616294967762300e+01 1.653661514819136968e+01 1.655347850981999613e+01 7.227023095396564401e+00 1.704445647246328477e+01 1.700566441679062279e+01 1.421975382660223275e+01 2.454928956112229699e+01 2.616611343611491236e+01 1.747552853203979950e+01 1.444758224849975115e+01 1.444758224849975115e+01 1.566080939618110968e+01 1.696475838874788522e+01 2.629148322771829172e+01 1.884297985567140543e+01 2.845967389379950419e+01 3.436613101416908478e+01 3.005340172160176948e+01
2.505003799937612285e+01 2.292529053832646824e+01 1.467467939576432201e+01 5.480995361585636161e+00 1.501617916952668885e+01 1.105232188062140786e+01 1.713146367791032176e+01 2.712821732229038219e+01 2.811883000724228054e+01 2.402116063652891853e+01 2.337108102744921823e+01 1.612176049890443252e+01 7.421526017528698560e+00 1.526150392024891467e+01 5.886222364600415702e+00 5.886222364600415702e+00 6.163051505184798273e+00 6.463624385755961654e+00 6.760949883037193686e+00 6.760949883037193686e+00 7.026606957485583393e+00 1.639859055087548256e+01 1.680136713056472786e+01 2.581972137947202128e+01 2.474182300758991460e+01 2.950961919078151396e+01 2.687657902928087239e+01 2.687662365455782876e+01 1.814744777511269547e+01 2.372221435313277027e+01 2.483515779056200046e+01 1.946443775489173689e+01 2.892486213253791405e+01 2.231361007807952035e+01 2.845967389185919316e+01 3.874382453798896364e+01 3.580343982700236438e+01
1.764030314685511058e+01 1.954345496453329289e+01 1.034818348138743183e+01 5.020511717649414507e+00 1.455213765629028977e+01 2.135659022946705932e+01 2.551099764194963271e+01 3.129196206323846141e+01 2.401982674002182705e+01 1.398542501057763232e+01 1.653446344161886117e+01 1.249321062476520616e+01 7.618498332575277310e+00 5.559255930869943185e+00 1.518754310089411597e+01 8.536948647934044843e+00 1.230539642512319887e+01 1.603280969300396208e+01 7.357529721905426534e+00 7.363434245548982737e+00 7.327995495753132360e+00 7.321415592332533251e+00 1.703508951166414320e+01 2.178992271385512680e+01 2.646714770337264255e+01 3.083030991957548039e+01 3.664264065658168334e+01 3.165766258022319235e+01 2.347271645569584564e+01 3.165766097244954480e+01 3.211092579756444820e+01 2.251834821395239672e+01 3.213897154643343868e+01 2.916348817555677542e+01 2.916348817555677542e+01 3.951090794631541314e+01 4.634169085562717783e+01
8.056133980947956630e+00 1.460845117974668739e+01 1.328667145199876387e+01 4.573316032770420314e+00 1.119416706563744590e+01 2.102697242021636725e+01 2.929606011313333624e+01 2.496081497020090723e+01 2.443264691475938832e+01 1.647269392437524971e+01 8.018564790243376095e+00 7.284626043344430535e+00 5.300103102055858884e+00 1.422124430250132932e+01 1.661138484087442890e+01 1.909925720164926943e+01 1.250489146247368488e+01 2.141137173335635069e+01 2.040166161294257918e+01 1.222879234343296240e+01 1.670459464107184644e+01 1.703792154980250118e+01 7.791447348700168085e+00 1.767830651139500375e+01 1.560960470643852105e+01 2.646714770469906952e+01 2.925757323610783800e+01 3.345885031833273615e+01 3.315955200038551709e+01 3.729464336669157376e+01 3.627809957110631700e+01 2.726193898433760410e+01 3.627809957124726026e+01 3.951090794630746217e+01 3.951090794631540604e+01 4.407133184802931680e+01 4.624382368799692244e+01
1.450872091721516988e+01 5.187450945476797415e+00 3.947758863869117896e+00 1.336665222780048623e+01 1.405985333942220272e+01 2.390671729089533315e+01 2.414015661908219457e+01 1.505173392807271071e+01 1.911090137704749026e+01 1.247918087131368559e+01 5.102162894049508957e+00 5.102162894049508957e+00 5.102162894049508957e+00 7.345230000024875139e+00 1.705330367274273584e+01 2.435378335349041734e+01 2.166683851601479560e+01 1.785901774761209282e+01 2.675428776058894087e+01 2.141769466795972932e+01 2.269871871742937586e+01 1.520881197675289975e+01 1.643948147755428835e+01 8.286317445064694809e+00 1.855034384058067332e+01 2.391728212673154630e+01 1.943581524050972220e+01 2.686195308588569475e+01 3.103130427939406744e+01 3.600353288965087017e+01 4.120920133640737504e+01 3.702128756461014092e+01 4.120920133642637495e+01 4.371876895568828303e+01 3.948235481180311979e+01 3.904794053108933127e+01 3.606730813424609039e+01
3.809078861713570685e+00 3.332770298596165581e+00 1.264031846193128850e+01 1.330868519238234526e+01 2.284612535761935703e+01 2.345542507029339063e+01 1.886363034459168375e+01 1.059573844781845509e+01 1.145581697174680080e+01 1.322558532152037358e+01 5.102162894049508957e+00 5.102162894049508957e+00 5.102162894049508957e+00 1.545110766427682059e+01 1.087132288304390926e+01 2.089190926537163051e+01 2.983754409047598344e+01 2.425350215154042033e+01 2.704866538621124050e+01 3.309563324401800344e+01 2.786609711658761057e+01 2.143325546554647687e+01 1.191081386448860080e+01 1.704611434440963436e+01 8.826606527202892849e+00 1.906049612317357855e+01 1.361989910010243321e+01 1.705722888677478011e+01 2.193994624254449732e+01 3.178395992928279057e+01 3.912955471390375806e+01 3.493514584816760760e+01 3.912955471385693329e+01 3.794367758978851413e+01 2.957274189137675080e+01 2.915704993911982257e+01 3.904794053108933127e+01
