output/example/elevation_000025.asc
nrows	75
cellsize	13.33333333
xllcorner	0
ncols	75
yllcorner	0
NODATA_value	-9999
[rows 51 to 67 of 75, columns 37 to 73 of 75]
1.612306193134083543e+01 2.616190811273314054e+01 2.992593899490212905e+01 2.219268969750971721e+01 3.222825574434283880e+01 3.947288488387719241e+01 4.751779824947567477e+01 5.166470583904048652e+01 5.029639996615871667e+01 4.448092021594045775e+01 4.031663091950121469e+01 4.162481775022652641e+01 4.103706183998796320e+01 3.849650097360716927e+01 3.893847040681816907e+01 3.174776890619602909e+01 2.581489699474052557e+01 1.568125096185717027e+01 2.414893584922354108e+01 2.718032333323454353e+01 2.297775145648793682e+01 1.349198704283686823e+01 1.730621195631396603e+01 2.748332273297611295e+01 3.013936706797209553e+01 2.593454839235508302e+01 1.683066820768215166e+01 2.697233390814403720e+01 2.802573807301259379e+01 1.990628819628974355e+01 3.010819321475469934e+01 3.656472428481621506e+01 4.200262080500972672e+01 4.616131971795824285e+01 4.517371513952853945e+01 3.806936558766185641e+01 3.806936558766185641e+01
2.616190811273314054e+01 3.031544533808658315e+01 3.637868864785581735e+01 3.222825574434283880e+01 2.529349641726185283e+01 3.532361867375543341e+01 4.301662907244871548e+01 4.879939999592839683e+01 4.938733644004719281e+01 4.435406552834244565e+01 4.019360464222940266e+01 3.680429180260305344e+01 3.087481837446468802e+01 2.830372186054982109e+01 3.357533451154927207e+01 2.455706740557389978e+01 1.738787972382329983e+01 2.581489699474052557e+01 3.001904139675898264e+01 2.816135342558976618e+01 1.799948028075892381e+01 2.361682559947549365e+01 1.414942006276308106e+01 2.426794180043643223e+01 2.492177382542991282e+01 1.580680276451376187e+01 2.593454839235508302e+01 3.117746535008958375e+01 3.430959234359185928e+01 3.010819321475469934e+01 2.212483454619419732e+01 3.237124718357139130e+01 3.185157248939562180e+01 4.200262080500972672e+01 4.890454584662370507e+01 4.812902983470814178e+01 4.812902983470814178e+01
2.910692845337372248e+01 3.130428322329501256e+01 3.544749367020845909e+01 3.947288488387719241e+01 3.532361867375543341e+01 2.884165231816257702e+01 3.463456193400012495e+01 4.465269645029233914e+01 4.523611281727322364e+01 3.515109646718556036e+01 3.002566612335034790e+01 2.657472619315021944e+01 2.360265925416749511e+01 2.106501645371912801e+01 2.937396799440950090e+01 1.918506854472461498e+01 2.455706740557389978e+01 3.174776890619602909e+01 3.361123960984376424e+01 2.341543616064813804e+01 2.816135342558976618e+01 2.847148152858646242e+01 2.426794180043643223e+01 1.480321019068387933e+01 1.480321019068387933e+01 2.492177382957061127e+01 2.218818219459809882e+01 2.807774001700672883e+01 3.825969975070442075e+01 3.656472428481621506e+01 2.938691760254076257e+01 2.456102501516174996e+01 3.482474570488671617e+01 3.465032475212647967e+01 4.181217594585465491e+01 5.184912185873093904e+01 5.381792245493316074e+01
1.912009620202399418e+01 2.131007282083951182e+01 2.837613465114517197e+01 3.837345921882256761e+01 4.301662907244871548e+01 3.593494798169844984e+01 3.385905224143573378e+01 4.387839533963056482e+01 4.938733644004719281e+01 4.435406552834244565e+01 4.019360464222940266e+01 3.680429180260305344e+01 3.385127057344777768e+01 3.128911761029436889e+01 2.106501645371912801e+01 2.937396799440950090e+01 3.357533451154927207e+01 3.893847040681816907e+01 3.361123960984376424e+01 3.063721541970224038e+01 3.779729420750199154e+01 3.212122342841628608e+01 2.193966416410720655e+01 1.480321019068387933e+01 1.480321019068387933e+01 2.492177382957061127e+01 3.011257155065284863e+01 3.657201021240962291e+01 4.243218227160656397e+01 4.374253850348218720e+01 3.900644610367694298e+01 3.482474570488671617e+01 2.737895307685414892e+01 3.760901623544009453e+01 4.370325423657214259e+01 4.673384689709435236e+01 4.379952672416175830e+01
2.789623490992932631e+01 3.130428322329501256e+01 2.496567257134422846e+01 3.206676117976792284e+01 4.212090237463267783e+01 4.595148513718401517e+01 3.834421902695836337e+01 4.802507414913407047e+01 5.122256401330382403e+01 4.118853502556318347e+01 3.534760705990235152e+01 3.076630050602337718e+01 2.685809595908357394e+01 2.388417041992012457e+01 2.106501645371912801e+01 2.106501645371912801e+01 2.830372186054982109e+01 3.849650097360716927e+01 4.374101823589526816e+01 4.079116914450911224e+01 3.827300764819864298e+01 3.239447041071827016e+01 2.625220347026990098e+01 1.611995319338815946e+01 2.492177382957061127e+01 1.578037125333360358e+01 2.590776107590799882e+01 3.111208839588053010e+01 4.044069881031142444e+01 4.049703120950244539e+01 4.453446931112450358e+01 4.177743529937507816e+01 3.760901623544009453e+01 3.074904982073611848e+01 3.360888985803095608e+01 3.668250814973729490e+01 4.249860357456337567e+01
3.493637225990418216e+01 3.907043010632097690e+01 3.501155095673679796e+01 2.945064654772681578e+01 3.526334701406529604e+01 4.531202279462705462e+01 4.412637122016865732e+01 5.250223048317390351e+01 5.536983031958831702e+01 4.958034075923933415e+01 4.507955517718542637e+01 3.522889800524304604e+01 3.708269354341688739e+01 2.753932968490916267e+01 3.128911774362838116e+01 2.413313298469219248e+01 3.128911774322645911e+01 4.145049338955239904e+01 4.546439528393788976e+01 4.040340693304771946e+01 3.408731922786142832e+01 2.387359098242148647e+01 1.802632474989185596e+01 2.625220347026990098e+01 3.011257155065284863e+01 2.590776107590799882e+01 1.676632329375781083e+01 2.690694635640434385e+01 3.047762065577095214e+01 3.048145937657729476e+01 4.049703343345818496e+01 4.746384455041086881e+01 4.506076881551048530e+01 4.090358128579926245e+01 3.905907243102406312e+01 4.673384689709435236e+01 5.088189829557468613e+01
2.802395432898446614e+01 3.774750643605712952e+01 4.366596365725339979e+01 3.526334701406529604e+01 3.951041712772044434e+01 4.946291164189669587e+01 5.413292392321182689e+01 5.828071860612028843e+01 5.593268116017363667e+01 5.176929445098149074e+01 4.948486107226344899e+01 4.533113777573858272e+01 4.191382478744358764e+01 3.346211425490633928e+01 3.856149132944567270e+01 2.928675946459613399e+01 3.064259297191151532e+01 4.080597514118041858e+01 4.130386723660084414e+01 3.114975855425564433e+01 2.600505189788535532e+01 2.183226476632211188e+01 1.802632474989185596e+01 2.819042060926033244e+01 3.466941757371190391e+01 2.462015288610683683e+01 1.746801887971111356e+01 2.740599682187650643e+01 2.325005374948198522e+01 3.048152445980361236e+01 4.050131269489725838e+01 3.750260367806923512e+01 4.453226549412591595e+01 5.027873316420784988e+01 4.911070451559428562e+01 5.325923854251830392e+01 5.487782774679161690e+01
2.606547458853929200e+01 3.146445782495425192e+01 4.143465509984069683e+01 4.531202279462705462e+01 4.946291164189669587e+01 5.369834044792430205e+01 5.205147546793770630e+01 5.072801157565977093e+01 5.176929445098149074e+01 4.184302138960978823e+01 4.475035945737621290e+01 4.888785127489172311e+01 4.774464254563553567e+01 4.358748652431094683e+01 4.363401062175104528e+01 3.651564922234957322e+01 3.785523881786993172e+01 4.496801467741863689e+01 4.546439528393788976e+01 3.721470154257832519e+01 3.050237682960599983e+01 2.029305459384995203e+01 2.819042060926033244e+01 3.239447054405169268e+01 3.364184769058226010e+01 2.330636680418825435e+01 2.762473797236704698e+01 1.848766967170154985e+01 2.864106283707603495e+01 3.385926296051371764e+01 3.501129065369860172e+01 3.030126466439759980e+01 3.620281954910705480e+01 4.618120994523489031e+01 4.636529099994586289e+01 5.042481419145333632e+01 4.516841407206386805e+01
3.146445782495425192e+01 3.983093094472239670e+01 4.560294358670466863e+01 4.488657148391795459e+01 4.902312986317399890e+01 4.916726903983835228e+01 4.212049011993952519e+01 4.081312611644201382e+01 4.785012734437201232e+01 4.475035945737621290e+01 3.490530426533987907e+01 4.475035945737621290e+01 4.711939510435477274e+01 4.420491920700865052e+01 4.711939510435477274e+01 4.660044071437572200e+01 4.792968279190348824e+01 4.642374568321430672e+01 4.136998291929722882e+01 3.302481947271618168e+01 2.277860901965693685e+01 3.050237682960599983e+01 2.863282809337136925e+01 3.882091475511522560e+01 3.801419292282535167e+01 2.923703508939655293e+01 3.281896561413543623e+01 2.864148617703724753e+01 1.954263747255944139e+01 2.971689594906038678e+01 2.476711255064786599e+01 3.499744745633536525e+01 3.605197908179945188e+01 3.827135804400551677e+01 3.644537107507022711e+01 4.361322325626333907e+01 3.947064151797835052e+01
4.143465509984069683e+01 4.560294358670466863e+01 4.330239485613622463e+01 3.501024814225432635e+01 4.330239485613622463e+01 4.502920838450392438e+01 3.517058157600301627e+01 3.387100180966507423e+01 4.290776011404737034e+01 4.146867439336410399e+01 3.163153734490829549e+01 3.745268001027329063e+01 3.723481276945855001e+01 3.434770015184125924e+01 3.723481276945855001e+01 4.382272708443385767e+01 4.795612849455502413e+01 4.226669010099588775e+01 3.212954599971903491e+01 2.697566599085351058e+01 3.302481947271618168e+01 2.630112551526134013e+01 3.653501440181555893e+01 4.299193413140358899e+01 4.406952945229224383e+01 3.967450985510503614e+01 3.842777207212231616e+01 3.155142984041768273e+01 2.133630019719261739e+01 2.071351938333650011e+01 2.154706257173699058e+01 3.169294313867669288e+01 2.582121779598835332e+01 2.810102888924889442e+01 3.080050629170355947e+01 3.366297258122558134e+01 3.947064151797838605e+01
4.855526158873222187e+01 4.830855801338677935e+01 3.918447354400468896e+01 2.931913697732854018e+01 3.545572680752227512e+01 4.535009160997964273e+01 3.879406532121203099e+01 2.894810094138614076e+01 3.879406532121203099e+01 4.559213333865380235e+01 3.745268001027329063e+01 2.759707725147359270e+01 3.385392271107012618e+01 2.737790912334677529e+01 3.050982493725869915e+01 3.398609795832208391e+01 4.382272708443385767e+01 4.642374568321430672e+01 4.136998291929722882e+01 3.159019877339045834e+01 3.947525964225647499e+01 2.928995135594403720e+01 3.467949325729986754e+01 4.479113670185540030e+01 4.868766065354849104e+01 4.293768110889455869e+01 3.428861934428451974e+01 2.404699402251607765e+01 3.155142984041768273e+01 3.091499126081910731e+01 3.176986513032740334e+01 2.278845456513166923e+01 3.304295812300034640e+01 3.827135804400551677e+01 4.085352025253366293e+01 4.361322325626333907e+01 4.766337599205557041e+01
4.284687590551687464e+01 3.841703120948007211e+01 3.545572680752227512e+01 2.556695000281283114e+01 3.545572680752227512e+01 4.214818480283584989e+01 3.606328613445401032e+01 2.619345975588243647e+01 3.606328613445401032e+01 3.919237495597570131e+01 3.562382900155298415e+01 3.152223334231711505e+01 2.396140252547510130e+01 3.385392271107012618e+01 4.034495350488849397e+01 4.382272708443385767e+01 4.200113999303054868e+01 5.192786016321908704e+01 4.589289148282797015e+01 3.748044800250112729e+01 4.305125882319762098e+01 3.293680574175348141e+01 3.947525964225647499e+01 4.894584791701494453e+01 4.460219399836687160e+01 3.460314866719945570e+01 2.867610053144627003e+01 2.671552686653636144e+01 3.692458745263318320e+01 3.578230198608567747e+01 2.553261578418958067e+01 3.304295812300034640e+01 2.443734582062734617e+01 3.470928702358209250e+01 4.053380553328581470e+01 4.350854249493915660e+01 4.760200875614455640e+01
3.561061377921713245e+01 3.143530449211491273e+01 3.260108283244471039e+01 2.268468332859943004e+01 2.813505986284252813e+01 3.802999115123230922e+01 3.359582953981112041e+01 2.370020933476520497e+01 3.038526639454544309e+01 2.930452380339586682e+01 2.930452380339586682e+01 2.160433477547443459e+01 3.152223334231711505e+01 3.795631429676857493e+01 4.332520588400826966e+01 4.826952421808414329e+01 5.192786016321908704e+01 5.394743078510892076e+01 5.169661898225412955e+01 4.754687354558124213e+01 4.720497659676856017e+01 3.802532848954226807e+01 4.720497659676856017e+01 5.368751849079468030e+01 4.588367790058612172e+01 3.590719962327177228e+01 3.882924245765359927e+01 2.960637944368587782e+01 3.973328597119712668e+01 3.778324397107304833e+01 2.758040174405536149e+01 3.778324397107304833e+01 3.470928702358209250e+01 2.615415807773326762e+01 3.640622046489423980e+01 3.349231151389811600e+01 3.855275714862196423e+01
2.570752068756389264e+01 2.570752068756389264e+01 2.995081358574726949e+01 1.999949455224867734e+01 2.705283055508442658e+01 3.694716352190059894e+01 3.769931103289148666e+01 3.038526639454544309e+01 2.045411223011561930e+01 2.739091074921914881e+01 1.936109869581948573e+01 2.252974510091946314e+01 2.585545380916946456e+01 2.936403750117595379e+01 3.428488012860400147e+01 4.413476067662757174e+01 5.104223407318168881e+01 4.396428608803445570e+01 4.895585843657168112e+01 5.311531704114565855e+01 5.222549285524426210e+01 4.807718915685296679e+01 5.222549285524426210e+01 5.685966795230835658e+01 4.996816371173426319e+01 4.588367790058612172e+01 4.275734712922508862e+01 3.272767092495866592e+01 4.275734712922508862e+01 3.989445304388416957e+01 2.976945002019280651e+01 3.989445304388416957e+01 4.053380460189046630e+01 3.640622045299333109e+01 2.795968089560372860e+01 3.815464184432305217e+01 4.460319426414055499e+01
1.860883828613346935e+01 2.482873071457429148e+01 2.777925774119171010e+01 1.777078607915701980e+01 2.482792046124932384e+01 2.894461290103785700e+01 3.048078027149741942e+01 3.001077445711541003e+01 2.590278117011816406e+01 1.740823405462525031e+01 2.739091074921914881e+01 3.070013750224971361e+01 3.480268234159066054e+01 3.920982040250132172e+01 4.332520588400826966e+01 4.826952421808414329e+01 4.608027227911036761e+01 3.700768674287603943e+01 3.904522751707504113e+01 4.895585843657168112e+01 5.370953428248128603e+01 5.286230265788490357e+01 4.871219554856553202e+01 4.688109291101984155e+01 5.685966795230835658e+01 4.974978244625700086e+01 3.986098558689385385e+01 3.857162141186882565e+01 4.684350345094849644e+01 4.213992031976542307e+01 3.209788537952191945e+01 4.213992031976542307e+01 4.126291851955609502e+01 3.119095097144441908e+01 3.815464184425611194e+01 3.040529150180409346e+01 4.050210278422740373e+01
2.175907797565795221e+01 1.465863227401641211e+01 2.228621536243566936e+01 2.228702473246724480e+01 1.466537075032442594e+01 2.283481432379298326e+01 2.049364545843729246e+01 2.444386494405753041e+01 1.584789497750050380e+01 2.590278117011816406e+01 1.740823405462525031e+01 2.077245764309913412e+01 2.576012518635733883e+01 3.275021061697142244e+01 4.261708023171544113e+01 5.035594546242121794e+01 4.194798410755854690e+01 3.213772019089845600e+01 3.904522751707504113e+01 4.895585843657166691e+01 4.378155606581768211e+01 4.378155606581768211e+01 3.885091658306983220e+01 4.579292546796980901e+01 5.575993696936974686e+01 5.382602131500313192e+01 4.974978244625700086e+01 4.559799825837991705e+01 5.022020693800802604e+01 4.032391734260831839e+01 3.483616707236225807e+01 4.480391228358512024e+01 4.355634193276877397e+01 3.355954107820959820e+01 4.355634193276877397e+01 4.050210278422740373e+01 3.295603543328008556e+01
1.143129197226031657e+01 1.195647516124455478e+01 1.195647516124455478e+01 1.195647516124455478e+01 1.251604403533552023e+01 1.251604403533552023e+01 1.313280807447527110e+01 1.426349011272187361e+01 2.444386494405753041e+01 3.001077445711541003e+01 2.739091088255248252e+01 3.070013750226039306e+01 3.480268234857192766e+01 3.974822100035693495e+01 4.473265136551209054e+01 4.060708641565797450e+01 3.633588023657814858e+01 2.941645280972719334e+01 3.922710644776221756e+01 4.120393667505985746e+01 4.355168104596801015e+01 3.395564842774912506e+01 4.378155606581768211e+01 4.575177728698155022e+01 4.989936359606954852e+01 4.772847690297858492e+01 5.188492095468320997e+01 5.542122511792769046e+01 5.430964716977227624e+01 4.480391228277741789e+01 3.802990348422202516e+01 4.793672400369930386e+01 4.604113495777379939e+01 3.610196290394183904e+01 4.604113495777379939e+01 4.478532125171910394e+01 3.482329091750244743e+01
