output/example/elevation_000005.asc
nrows	75
cellsize	133.333333333
xllcorner	0
ncols	75
yllcorner	0
NODATA_value	-9999
[rows 17 to 33 of 75, columns 0 to 36 of 75]
7.609710050078062338e-01 1.007609710050070930e+02 1.999516783772232031e+02 2.758070429688896752e+02 2.343856867315961097e+02 2.758070429688875151e+02 2.450870663491163839e+02 2.190639769423432881e+02 1.353498283916093214e+02 1.649052366420322073e+02 1.865436327690775613e+02 1.158024365347752536e+02 8.590821714702467204e+01 1.566386996447478737e+02 2.566824063240528631e+02 2.319434338590486107e+02 1.646427374184048631e+02 2.561274415196376708e+02 2.561166137097710589e+02 1.646132186795789210e+02 2.561166137092703821e+02 1.893735747285648188e+02 2.731499317967352454e+02 2.615506606315743738e+02 3.030266557084374313e+02 3.644446421450688831e+02 3.052703693701396332e+02 2.344462875311830601e+02 2.885649171745584454e+02 2.691092971269208078e+02 1.982848775423686334e+02 2.023978027720895625e+02 1.935320765586157279e+02 2.773596609671749889e+02 2.529240803434530562e+02 2.952719661169800247e+02 3.833093190412391777e+02
7.952952209533322714e-01 5.853032213991569677e+01 1.585303221399142899e+02 1.843856867315968202e+02 1.343856867315975308e+02 1.921207136505593098e+02 2.921207136505564677e+02 2.768181962926523738e+02 2.353788026835338485e+02 2.649419421485118278e+02 2.572848290033802527e+02 1.859408229160783890e+02 1.436584691447465616e+02 1.566386996447479021e+02 2.566824063240528631e+02 3.061620876168402106e+02 2.647041636732112693e+02 3.061620876168818199e+02 3.061614822216676544e+02 2.646918466929657257e+02 3.061614822178170243e+02 2.894702630264624190e+02 3.309470686705860203e+02 3.394389198950245259e+02 2.980196519538429243e+02 2.644490072121608364e+02 3.351563367780447038e+02 3.345949351773676312e+02 3.566813613975990052e+02 3.152626085240219140e+02 2.984290624819466871e+02 3.025489047633079167e+02 2.936822909373998982e+02 3.351921435246684950e+02 3.531202538778240410e+02 3.946423262886311818e+02 4.370100709518729900e+02
6.556502543158627683e-01 1.006556502543151481e+02 1.465892394306743540e+02 8.438568673159824129e+01 1.843856867315968202e+02 2.758070429688875151e+02 3.335420698878261874e+02 3.016238839232156579e+02 2.602035191490634816e+02 3.016238839232316309e+02 3.274375125933989352e+02 2.851464839880003979e+02 2.436995922995185708e+02 2.566824063240528631e+02 2.981297879694924404e+02 3.089995561033827016e+02 3.189205399653523045e+02 2.775009409532411269e+02 2.904760921828436722e+02 3.318956616115970633e+02 3.312537408778821941e+02 2.898343623106646305e+02 3.002170347157034485e+02 2.587975034891060204e+02 1.980224017604799087e+02 1.937396892566668782e+02 2.644490072121608364e+02 3.644446421450688831e+02 2.989486895502180914e+02 2.152657738839725994e+02 2.764272489811867217e+02 2.964267436445109638e+02 2.780772900156289893e+02 3.487849117705832782e+02 4.487788197698100703e+02 4.844366134918319062e+02 5.038814531088586364e+02
7.744000406814488535e-02 2.301901339112428246e+01 4.658923943067578222e+01 1.465892394306743540e+02 1.660353448243697017e+02 2.367460229430234619e+02 3.367460229430206482e+02 2.516246856613049090e+02 1.602047953436526768e+02 2.516246856613059037e+02 3.000385407607234924e+02 2.707500076597908105e+02 2.707500076597908105e+02 3.121702706429332466e+02 2.797108153831918003e+02 2.090025419768807069e+02 2.611871723636178899e+02 1.775032482085794925e+02 1.904786831134203169e+02 2.904760921828437858e+02 2.735205814192955245e+02 1.898369589658774146e+02 2.424835111936474163e+02 1.587993610337094594e+02 1.402876490689676530e+02 2.402862126364821904e+02 3.351563367785386163e+02 2.743310885675432473e+02 2.329115169650740143e+02 1.575310548085573998e+02 1.764292755704789499e+02 1.964292655989863192e+02 2.964267436445109638e+02 3.555775863382190209e+02 3.844434794572213718e+02 3.844434793934027539e+02 4.038883263149507457e+02
2.538944651175371048e-01 1.002538944651168293e+02 1.465892394306743540e+02 1.649478702372327064e+02 2.063689861137599735e+02 2.154749577118697346e+02 2.568957748307656743e+02 2.102041572463579939e+02 1.102048658123359388e+02 2.102041572463579939e+02 2.000404651208734776e+02 1.707516136120567012e+02 1.707516136120567012e+02 2.707500076597908105e+02 2.382909893161262005e+02 1.382925455200765157e+02 1.750464203425559333e+02 1.197684396608707829e+02 2.197672461287692727e+02 2.324352280670416633e+02 2.321008345712882601e+02 1.321022513050227474e+02 1.743666256039285827e+02 1.010644314377433375e+02 2.010635490240202898e+02 2.817058681232442723e+02 2.516860710930124014e+02 2.102662579661659947e+02 1.329127577506295097e+02 2.329115169650740143e+02 2.764272489833274449e+02 2.964267436445109638e+02 2.297624766768715290e+02 2.555821354243803682e+02 2.844490832578099457e+02 3.222440215659621572e+02 3.929500752724111408e+02
2.708598347245305682e-02 1.000270859834717356e+02 1.048142791930577715e+02 6.494805005156621291e+01 1.486341307305443991e+02 1.154755194619033603e+02 1.991611973394609834e+02 1.768710601016839519e+02 7.687153523867675631e+01 1.768710601016839519e+02 1.592159331656612267e+02 1.000411928426571109e+02 1.707516136120567012e+02 2.707500076597908105e+02 1.886282635858791821e+02 1.472078662140213510e+02 7.504709280367063684e+01 1.544299657732135529e+02 1.580741475591166250e+02 1.324367266998534944e+02 1.654016601307615986e+02 1.690851839365164153e+02 7.436727922990904460e+01 7.812285806085240836e+01 1.781221780765559686e+02 1.873384733834030555e+02 1.911732675284249865e+02 1.102672171267950318e+02 2.102662579661659947e+02 2.329115169650740143e+02 3.329080317409595864e+02 3.711771562900146364e+02 3.297588738977787557e+02 3.555775852310744654e+02 3.844434794572213718e+02 4.222374288916935257e+02 3.940527892247926616e+02
2.176427478338760491e-02 2.417704200697154526e+00 4.814332120860826514e+00 7.213027585265376018e+00 1.072129471341240219e+02 5.774052517842122256e+01 1.154316031419555060e+02 1.178470026380058613e+02 4.800402195871122046e+01 1.227012556072445051e+02 5.921637027179863821e+01 1.592159331656612267e+02 2.414609421274947465e+02 1.835678749005049042e+02 1.421474380410404876e+02 4.720835660954998758e+01 5.079353030646032607e+01 5.443049514372683007e+01 5.807469772912181583e+01 6.172618144582288835e+01 6.540225455629189355e+01 6.908580189971064556e+01 1.690851839365164153e+02 1.781221780765559686e+02 8.351841933970260357e+01 8.733922293920691970e+01 9.117404788344373401e+01 9.501736009356413604e+01 1.950165476333907009e+02 2.420662927565474831e+02 2.879462838576295667e+02 3.293654605201593881e+02 3.361744946567065426e+02 3.775933012423217292e+02 4.067437073021641822e+02 3.777401436677297397e+02 2.940584150481058714e+02
2.348621993167819832e-01 1.002348621993160691e+02 1.048142791930577715e+02 1.072129471341240219e+02 1.061214732723081333e+01 1.301916680322625730e+01 1.543178400649312643e+01 1.784721475847494077e+01 2.026901215695732006e+01 2.270153343400988533e+01 1.227012556072445051e+02 1.675814966613432091e+02 1.785300102543935168e+02 1.371095352185279808e+02 4.214790261585746123e+01 1.421474380410404876e+02 1.007935166654180250e+02 1.544299657732135529e+02 1.580741475591166250e+02 9.952262695067213372e+01 1.654016601307615986e+02 1.397963321224449373e+02 1.056006374601282118e+02 2.055996665929631320e+02 1.835176992873819017e+02 1.450741805606172647e+02 1.911732675284249865e+02 1.950165476333907009e+02 1.006472553925598419e+02 2.006463930096908541e+02 1.879487924954504479e+02 2.654664508360266382e+02 2.361782201481905759e+02 3.361744946570481716e+02 3.067492585671607799e+02 3.363210020908803699e+02 2.363248242791219980e+02
8.177852555346964980e-02 1.000817785255527639e+02 1.922441671450534386e+02 1.520331251562678574e+02 6.834716745064199017e+01 8.372981521386797965e+01 8.614242622312906406e+01 5.564366171501404779e+01 1.202687677788521512e+02 1.227012556072445051e+02 2.616114047956211053e+01 1.261608129297289196e+02 1.320843692457125087e+02 3.710997539725872940e+01 1.371095352185279808e+02 1.237973591250399608e+02 2.007925252039807447e+02 2.007925252039807447e+02 2.409417331794030304e+02 1.495225641737928584e+02 2.409417331793374899e+02 2.397947272123838900e+02 1.503219572050655302e+02 1.556005694609298473e+02 2.555987637249962745e+02 2.450725710523123553e+02 2.864921605097047177e+02 2.420662927565472557e+02 2.006463930096908541e+02 1.062995895820019996e+02 2.062986740630601048e+02 1.654683854432058183e+02 2.654664508372557066e+02 3.197232241507500135e+02 2.360407465333460948e+02 3.009670109715653439e+02 2.009696524260876060e+02
8.228109077461380760e-01 5.082281090774595356e+01 1.508228109077445254e+02 2.097678957003748224e+02 1.683468972931107146e+02 1.837294029417048478e+02 1.861419312901317369e+02 1.003650124337402048e+02 1.970641228288889408e+02 1.675814966613434081e+02 1.261608129297289196e+02 2.962593512293824460e+01 3.208478632096272065e+01 1.320843692457125087e+02 1.783325498123248565e+02 2.237959259570470181e+02 2.652159178470890311e+02 3.007898004071028026e+02 2.909405369426856964e+02 2.495208570092772788e+02 2.909405369426825700e+02 2.917399022941373232e+02 2.080565786914610555e+02 2.263104469462009831e+02 2.263104469462009831e+02 3.263070153114434788e+02 3.140309982187043829e+02 2.140341693814033022e+02 1.562995459547408359e+02 2.062986740630601048e+02 1.120162090867522409e+02 2.120152365350259629e+02 2.592083827493783588e+02 2.750032196018675563e+02 1.783062490440433976e+02 2.377612157091970175e+02 1.708185410164735458e+02
7.025056818362371835e-01 1.007025056818355324e+02 1.922441671450498575e+02 2.130785548736573389e+02 2.544999111109425485e+02 2.817145455974606989e+02 2.417850724906559208e+02 1.710754691437064423e+02 2.417850724906559776e+02 1.743466112956025995e+02 7.434729133580947291e+01 1.296255558688325777e+02 1.320843692457125087e+02 3.691283181681534131e+01 1.369122849518663543e+02 1.831885825017418483e+02 2.538973695655801066e+02 2.911729037484749938e+02 2.497546087058611874e+02 2.911729037484752780e+02 3.489040781398100535e+02 3.494728555760276549e+02 3.080535528416532429e+02 3.263070153114434788e+02 3.263070153114434788e+02 3.677262754645950622e+02 3.554499580147351026e+02 2.977172040565533280e+02 2.140341693814033022e+02 2.534350089831095545e+02 1.827266093265095321e+02 1.177897117786484529e+02 2.177886780665991751e+02 2.277115811946189297e+02 1.335849307228035627e+02 1.377624906542470740e+02 1.419510297371639638e+02
7.369084419488043380e-01 1.007369084419480885e+02 1.967648841919895233e+02 1.130785548736587600e+02 1.967648841919901486e+02 1.817145455974635126e+02 2.817145455974606989e+02 2.710741768395437248e+02 2.450561368892646499e+02 1.450577668057404992e+02 1.243472447867887496e+02 1.946466112934977843e+02 9.464782472903004873e+01 1.369122849518663543e+02 4.176926112860161311e+01 1.124797954379021405e+02 1.880618696360239142e+02 1.963041978417465145e+02 1.497580463879530441e+02 2.074921586294048552e+02 3.074861891364723192e+02 2.915898898287143766e+02 3.025275846691487232e+02 3.439441837416525800e+02 3.593739679774520255e+02 3.179587268484509082e+02 3.593739679746825573e+02 3.554499580080224632e+02 3.140309982187038713e+02 3.241434086397095484e+02 2.592083827493817694e+02 1.885000872707355768e+02 1.235923003105049958e+02 1.277127285276566084e+02 2.277115811946189297e+02 2.377612157091970175e+02 1.919509370853861299e+02
4.193901345211252796e-01 1.004193901345204125e+02 1.310899654510619712e+02 5.534352795469659014e+01 1.000648875046920665e+02 2.000648875046906596e+02 2.969639535415734599e+02 3.430960923865396239e+02 2.864761704753219647e+02 2.450561368892645930e+02 1.820819666824532135e+02 2.360664699739114099e+02 1.523826279095587211e+02 1.831885825017245963e+02 1.417685757610407506e+02 4.664296291688735607e+01 1.466421306438938927e+02 9.630597459123825388e+01 1.963041978417465145e+02 2.345120976923722367e+02 2.381414560392889825e+02 1.915970262788634955e+02 2.025353389771585739e+02 3.016455902810030238e+02 2.602295727893916819e+02 2.179688989401895469e+02 2.886739703413604161e+02 3.886583831786620067e+02 3.641111996985270594e+02 3.933941638585289411e+02 3.299166782280292978e+02 2.650108359583018114e+02 1.813271932939237274e+02 1.984230564915105219e+02 1.984230564915105219e+02 2.984203347547624503e+02 2.626604582641254524e+02
4.225426599364989766e-02 1.547258926220281694e+01 3.108996545106338871e+01 1.310899654510619712e+02 8.483191918567581524e+01 1.555425973043295755e+02 2.430960923865424377e+02 2.430960923865424377e+02 3.142258730207960866e+02 3.234995711028323058e+02 2.820796906628465877e+02 2.937997809414593462e+02 2.523802862610818352e+02 1.790860153269609896e+02 7.908724680160582921e+01 1.466421306438938927e+02 5.158462502796131588e+01 1.515836328782792464e+02 1.601840208701281085e+02 1.345159234146693166e+02 1.381456585420187366e+02 1.208875131448871230e+02 2.208842579423536847e+02 2.155107156119515821e+02 1.602351682645311826e+02 2.602295727893916819e+02 3.348265487565125795e+02 2.934126942386784549e+02 2.641284144377004282e+02 2.934126942386781707e+02 3.424250772980657302e+02 3.227440093602190245e+02 2.813249099674583249e+02 2.984203347547624503e+02 2.984203347547624503e+02 3.398392736630671607e+02 3.626559464616427704e+02
9.365951738891695744e-01 1.009365951738884633e+02 8.882499237002555503e+01 1.725113216883652854e+02 1.848319191856743942e+02 1.172762034118280923e+02 1.430960923865438588e+02 1.764294257198767184e+02 2.142258730207989288e+02 2.719608999397598836e+02 3.719608999397570415e+02 2.721735279150787505e+02 1.721773097852007197e+02 1.144425792981762271e+02 1.790860153266913812e+02 1.515836328782792464e+02 1.515836328782792464e+02 5.657217170849943244e+01 6.018531857614902236e+01 6.380556164742897352e+01 6.743533169063206856e+01 1.674337495388123216e+02 1.762887527302995352e+02 1.155139385644733920e+02 2.155107156119515821e+02 2.599080011756860245e+02 2.770985795834324108e+02 1.934224803997204276e+02 1.934224803997204276e+02 2.934126942386781707e+02 2.424425899226711749e+02 3.131395792151576529e+02 3.518878407745769437e+02 3.104787439891526333e+02 3.518878407746126413e+02 3.440750928823375148e+02 3.440750928823375148e+02
8.360776699101040155e-01 1.008360776699094004e+02 1.888249923700241482e+02 2.302463486073205274e+02 2.586975596490771636e+02 1.879868815304818384e+02 2.138067705051976191e+02 2.764294257198739047e+02 3.142258730207960866e+02 3.556472292579082932e+02 4.133822561766899639e+02 3.135920207183092430e+02 2.433074370115590739e+02 1.433100728734048630e+02 2.433074370116737271e+02 2.515799574421415343e+02 1.730106772219108109e+02 7.301207043902479654e+01 1.601840208701281085e+02 1.638041247678967522e+02 1.674337495388123216e+02 7.260966852867422006e+01 7.629071939783572986e+01 1.762887527302995352e+02 1.853703522661675720e+02 1.599148374582483996e+02 1.930452562995560868e+02 1.356882005736243286e+02 2.043632613900977049e+02 2.084869023554787191e+02 1.717357524081405415e+02 2.717267824750258569e+02 3.018973785650488821e+02 2.104934614827402015e+02 2.906338192757061734e+02 2.440956248079077966e+02 3.147954014890901817e+02
2.223838478725482792e-01 1.002223838478718392e+02 1.649805165779801541e+02 2.064018728440259736e+02 2.511232324474638915e+02 2.879868815304790246e+02 3.138067705051947769e+02 3.521893218113318653e+02 3.107679657054223412e+02 3.521893218113314674e+02 4.021893217931350932e+02 3.140142716009901278e+02 2.140197071725683031e+02 1.933097296363262387e+02 2.847261409056436037e+02 2.606211521157932793e+02 1.606254017135371726e+02 8.991515553328608235e+01 1.899134789165268842e+02 2.260581342803799885e+02 1.260618384686633959e+02 1.726078658698583581e+02 1.762887527302995352e+02 8.155752592933289691e+01 8.537276389791543352e+01 8.920477222411213347e+01 9.304808443423253550e+01 1.930452562995560868e+02 1.043668066309213742e+02 1.084907371251329522e+02 2.084869023554787191e+02 2.557780404497359825e+02 2.261891228633719209e+02 1.604940828482166637e+02 1.906451552273316565e+02 2.906338192757061734e+02 3.854830654309326974e+02
