output/example/elevation_000006.asc
nrows	100
cellsize	10.0
xllcorner	0
ncols	100
yllcorner	0
NODATA_value	-9999
[rows 0 to 16 of 100, columns 37 to 73 of 100]
7.982586371435578254e-01 9.856811855948701684e-01 6.909226510552872735e-01 5.542263583182457376e-01 7.484114914175454825e-01 1.348537611989651941e-01 6.768215650986808551e-01 4.433999548552627346e-01 1.766337476172118448e-01 2.026266320005949417e-01 5.226933014113341880e-01 2.533117560380147015e-01 4.594590236377885661e-01 6.054987779269863646e-01 3.957573688720720240e-01 1.307809619397111156e-01 4.908571358772104709e-01 2.354469937485197395e-01 2.356783292190818280e-01 1.944689504917441747e-01 3.664399097196859856e-01 7.327577792391803957e-02 6.512317704341258340e-01 9.536660422656937364e-01 3.896887600584403311e-01 7.188819901966700954e-01 9.329778169654615594e-01 4.320854116160266489e-02 1.417455635817888027e-01 8.060952775041057006e-01 8.381453785681514113e-01 6.390555147357233068e-01 1.597567180778949325e-01 4.134909043927144090e-01 8.682415206080505987e-01 8.861924242970313781e-01 8.031721215739204833e-01
1.005510201138693134e+02 1.007375820878686312e+02 4.661072019281487400e+00 1.003076324491847799e+02 2.656816983749279260e+01 9.988857633200763075e+01 1.004293793527744469e+02 5.817597717861558237e+01 4.489625270475739427e+01 9.995606843155204047e+01 1.002252653142924288e+02 1.000076872241764931e+02 1.636949610871738869e+01 1.003589016903173530e+02 5.039474660559169905e+01 9.986934496498210478e+01 1.002434669312193307e+02 4.277449471512504431e+00 9.998827982938107084e+01 9.994654137483681211e+01 1.525154559674393617e+01 9.982812840165937018e+01 1.004049299768385595e+02 2.327041997935056727e+01 1.001429138465151283e+02 1.003687390790418021e+02 1.006855055786445519e+02 5.003861432368238837e+01 9.989646969057027093e+01 1.005583039333081530e+02 2.509170255865902277e+01 1.003719098040762816e+02 7.085771252650815200e+01 1.001674808494757229e+02 7.106462836957768481e+00 1.006380460443929508e+02 1.005549598444954569e+02
1.118323012366767699e+02 1.028909401533314494e+01 1.051293188975563737e+02 1.451839394613241438e+02 5.329265180629057141e+01 1.522223433202976537e+02 1.959480381603174521e+02 1.575518836746753095e+02 1.025650826112479166e+02 1.828004386079909409e+02 1.385374624669310037e+02 3.956376369211876920e+01 1.157851337822807523e+02 1.552300065165340470e+02 1.081047827506508696e+02 1.111859936245665494e+02 1.003571205558600177e+01 1.045874663021989477e+02 8.623780723090293066e+01 1.540555030534223988e+02 1.145668586070575259e+02 3.689817796758138257e+01 1.354462162795459221e+02 1.223215879359459848e+02 5.623109017251325525e+01 1.540235773521395970e+02 1.876327757313339646e+02 1.205233337655336783e+02 1.651608826360836417e+02 6.591377431616501781e+01 8.281730680343255813e+01 1.640365932886012672e+02 1.701020693536350166e+02 1.030319117194423058e+02 1.335849466993631474e+01 1.136604997329848743e+02 1.937876666247798028e+02
1.166332324477733096e+02 1.427421797627463995e+01 1.166174232196966187e+02 1.907110062178535088e+02 1.107477404388888544e+02 1.031830002645373554e+02 2.006387895238550527e+02 2.371150810135807774e+02 2.000956461337872270e+02 2.193207757165857856e+02 1.549954261753831020e+02 5.634925269685790994e+01 1.550053474441184846e+02 2.436167623414148125e+02 2.065597229553552836e+02 1.158771615287322163e+02 1.412197785039507814e+01 1.158768978343806282e+02 1.860207000848959638e+02 2.242103534210079658e+02 1.501648059650630955e+02 5.248948712774302550e+01 1.218487641653203752e+02 1.923982297842775893e+02 1.540524183408392673e+02 9.304968838930571451e+01 1.891010823554138369e+02 2.172212715755755426e+02 1.963553226920199393e+02 9.752869058386201573e+01 1.820150027474371370e+02 2.200817566468316784e+02 2.069567351475720898e+02 9.758184793180926420e+01 1.965109164458597135e+01 9.079866302607563000e+01 1.926618513459560518e+02
1.214985922406945349e+02 1.826815714248578004e+01 9.193553500481696972e+01 2.005396710934876978e+02 1.798955371824890790e+02 1.828947485870964442e+02 1.701382405934696465e+02 2.609796281489855687e+02 2.502904485561639945e+02 1.818150126948617071e+02 8.377819294524405791e+01 1.550015094422869026e+02 1.188302571130495551e+02 2.163699525323284547e+02 1.804544312626309193e+02 7.688546322826873336e+01 1.822597851137207314e+01 7.688127230702896497e+01 1.802985633692922249e+02 2.228402101375072846e+02 1.250927009739009321e+02 6.881864449345617629e+01 1.663062718054117965e+02 2.550614465982751540e+02 2.152898600463983598e+02 1.208078971026461659e+02 2.152897567192334805e+02 2.621380851997242303e+02 1.673086069331399131e+02 1.704072758320822913e+02 1.965310691832042664e+02 2.408506670746543534e+02 1.372592833260731879e+02 1.270027916810243624e+02 2.601242093969076308e+01 1.269978276255088616e+02 2.178171796032449095e+02
2.434295031570854562e+01 2.948482524210769284e+01 1.330106718546200000e+02 1.916342885927030011e+02 2.737786146697112031e+02 2.846298135091145127e+02 2.352953253937539841e+02 2.830587388529332316e+02 2.135426928502837143e+02 1.165184479831534077e+02 1.328713381205789972e+02 2.199946145070921943e+02 1.884116066368726763e+02 2.496416658912827131e+02 2.210915166385715906e+02 1.253812491132044329e+02 2.236172993909664797e+01 1.254712788830864838e+02 2.205766214683391411e+02 2.606239616526834766e+02 1.830460726882495237e+02 8.628485812398459132e+01 1.830469259237157189e+02 2.466316224346945489e+02 2.507051886589457297e+02 2.153694528334055462e+02 1.703763695862288046e+02 2.607454663335053056e+02 2.352853095423022580e+02 2.746743241508445408e+02 2.919154252587680389e+02 1.983532148479145292e+02 1.366675497817890061e+02 3.511426930320321560e+01 1.270232836704202413e+02 1.670211406034413528e+02 2.554734110836892000e+02
1.295144061302979139e+02 1.330678901393236231e+02 4.581557654554568160e+01 1.497512428818906756e+02 2.089527143950113839e+02 2.684276494988156969e+02 3.237685563492364622e+02 2.487599455332853040e+02 1.531628415525310345e+02 2.135433919761059940e+02 2.294734693977033828e+02 2.279387175068414990e+02 2.838737998052613989e+02 2.639313677363362558e+02 1.851135444128261440e+02 1.303399831005725105e+02 2.651575306799238874e+01 1.302439542295816182e+02 1.825314837562467858e+02 2.620562817694850537e+02 1.653059640406028450e+02 1.831308104497255158e+02 1.138977219661516500e+02 2.092925594384465739e+02 2.746413190815730445e+02 2.947103029223713406e+02 2.200456704401526622e+02 2.929339768757026832e+02 3.256229278166254062e+02 2.944549160151304363e+02 2.199815327934556421e+02 1.572673232742556877e+02 5.539852539377436358e+01 1.366609125340386299e+02 4.545014032376948876e+01 1.478441790243200842e+02 2.012584403921375156e+02
1.435824127422348226e+02 1.917471901789619437e+02 1.490863071342006947e+02 6.280542498208880176e+01 1.222415995166385585e+02 2.294123767617555814e+02 3.104049200914501512e+02 2.186533999579310148e+02 2.487630816634842574e+02 2.082359376710514596e+02 3.011783114533554340e+02 3.155338679233208268e+02 2.768704479577629058e+02 1.978259443454980158e+02 1.115243871269981213e+02 3.775866253911773640e+01 1.303911807471907593e+02 3.346899175593687659e+01 1.391977782111625572e+02 1.925547660062903219e+02 2.620182405405255395e+02 2.471499249139763776e+02 2.002415714769206545e+02 1.441922087005082460e+02 2.380652546978361670e+02 3.048658649982621682e+02 2.878498432977431776e+02 3.347068046536777501e+02 2.988235890932511438e+02 2.431155329279498858e+02 1.486162383132755167e+02 7.652719630349322699e+01 1.572560686115566568e+02 1.896012663799908466e+02 1.477221593245643874e+02 5.590908980638560877e+01 1.592480917537599225e+02
1.496503191165420503e+02 2.043616812098585456e+02 1.795187739851245112e+02 7.527301159642578909e+01 1.792991016769128407e+02 2.514223780226277540e+02 3.410708389199429575e+02 2.872077837683639245e+02 3.324545110993944377e+02 2.739071936926146122e+02 3.346161295533107136e+02 2.892241330344570542e+02 2.107786235791242007e+02 1.233724426476959053e+02 4.916690170037825425e+01 1.313743113243687617e+02 1.824467230379811156e+02 1.392067002692720052e+02 4.050241705795712477e+01 1.482315243275019156e+02 2.032632160606325158e+02 2.928740764118806510e+02 2.618564655462106430e+02 2.380659203270622015e+02 1.783553039784535486e+02 2.554641948850586175e+02 3.472636219004027112e+02 3.440029590833678981e+02 2.315263629704485311e+02 1.501693630629237930e+02 9.915944369719517226e+01 1.724911108848717731e+02 2.200228415445725147e+02 1.714495121638070998e+02 6.683016861864921054e+01 1.592494678170297959e+02 9.891596311253793772e+01
4.559681259140445775e+01 1.587848939417568772e+02 1.956718448619426454e+02 9.169189858696036310e+01 1.040618546825812274e+02 1.959568155521263861e+02 2.842897684276048835e+02 3.767058497937069887e+02 3.879074411932346038e+02 3.204572840723936906e+02 2.697407817679334130e+02 2.212093465758003390e+02 1.350058578692455740e+02 6.079159110388565779e+01 1.294880782528333896e+02 1.978295727972204929e+02 2.499282852240909563e+02 1.332651286974888194e+02 1.436945244253826104e+02 4.764044596565707934e+01 1.308907661130960207e+02 2.141752794581892658e+02 3.059094775164846851e+02 2.956321912094776394e+02 2.059077617147822252e+02 2.956344271133359030e+02 3.689049459856591966e+02 3.447811563704330524e+02 2.359800842823030393e+02 1.590615745125299725e+02 1.165268896762093220e+02 2.197791902625007765e+02 2.839056177375047696e+02 1.800956174467088147e+02 7.460355872207247785e+01 1.800718453045890044e+02 2.033600586111566315e+02
5.014502940334922698e+01 1.652264905671772794e+02 2.122239157650460015e+02 1.083952487946577179e+02 2.098074584707650843e+02 1.365736361858201349e+02 2.382670615994608170e+02 3.198091493640117733e+02 3.726357838944843479e+02 2.880554389759826677e+02 1.665998697172100833e+02 1.116110092521049495e+02 7.273081705797363838e+01 1.670626760773223509e+02 1.611174433486697239e+02 2.723966600412326216e+02 2.941453174872657996e+02 2.112573477652026668e+02 1.003894161574804116e+02 1.578074428535512084e+02 5.494696047286900864e+01 1.384553817955495276e+02 2.255764489502968786e+02 2.909750739503326713e+02 2.958620728138021150e+02 2.520381445520260968e+02 3.379516686303998654e+02 3.681037363852532280e+02 2.589776078935159376e+02 2.387005452349176835e+02 1.364163913758025330e+02 2.399766691898572901e+02 2.457121515624076835e+02 1.342347943380816844e+02 1.802151153065034066e+02 8.595340211702657029e+01 1.931033436568214654e+02
1.297704969528695642e+02 2.124814124773726292e+02 2.543346054878230973e+02 1.944049741638105502e+02 1.330893864698221307e+02 2.366719069840569318e+02 1.724696714234976866e+02 2.260369354610498078e+02 3.371169247586593087e+02 3.303801986094126164e+02 2.644130959271021197e+02 1.552293404350751587e+02 8.141602611797912914e+01 1.894762377239083548e+02 2.474470963839740421e+02 3.129803548789982415e+02 2.805482258611120301e+02 1.694053841882085578e+02 2.116992405415077769e+02 1.026539059320523393e+02 1.677431711429171912e+02 6.245669550242415369e+01 1.209845364467737454e+02 2.296649479094392063e+02 3.539830961362836774e+02 3.379573986079947190e+02 3.184372444212855839e+02 3.913668528375009146e+02 3.362194700110077861e+02 2.613712016089710346e+02 1.575088760536862651e+02 2.614848320076573600e+02 2.457189269842994861e+02 2.453779014465868329e+02 2.022851670529786077e+02 9.403896938118263904e+01 1.694280856275276221e+02
2.207793165460717262e+02 2.951922506541917528e+02 3.250845341299498727e+02 2.146561803393886407e+02 1.509298022975449101e+02 2.550701153157970396e+02 2.042227154534330111e+02 3.100925590711523796e+02 3.734412245664100283e+02 3.299712974434381749e+02 2.129632269886416225e+02 1.332472711098766922e+02 1.889466205849794278e+02 9.432747599331612776e+01 2.038766604263359170e+02 2.637614898443103471e+02 3.198712921921533052e+02 2.475126316884423261e+02 2.565234982782383781e+02 1.391905354973420401e+02 1.855289660598859598e+02 6.784272063303330924e+01 1.855388850220642212e+02 2.451248057708598935e+02 3.060264849161633833e+02 3.779884468478063013e+02 3.793650171044837975e+02 3.806884490471164213e+02 2.701192050349220608e+02 1.934096531882510988e+02 2.163122094949084158e+02 3.013555051103785445e+02 3.554228762648864404e+02 2.747365061088526659e+02 2.117449942727534165e+02 1.022410722146059783e+02 2.116034136072959768e+02
2.005842797659878727e+02 2.671129372412194698e+02 3.665232341284278164e+02 2.738067689345079430e+02 1.702053480428752721e+02 2.744168176609161947e+02 3.135575744601172232e+02 2.589238763173225379e+02 3.675831105416971241e+02 3.339831439648896207e+02 2.138039181217941120e+02 2.481891485690146624e+02 1.606126453212590377e+02 2.038583637759531939e+02 1.077346448454774190e+02 2.188901518475082923e+02 3.218640689973829581e+02 3.485857267522863481e+02 3.013902614912398121e+02 1.842465627192831050e+02 2.337629024553003774e+02 1.856738885647310724e+02 7.558564297397491316e+01 1.221583686531544544e+02 1.963289452007742568e+02 3.275480538560432819e+02 4.389373859675341691e+02 3.845148841379615874e+02 2.793013026969341581e+02 2.279204127472504808e+02 3.222848403630155190e+02 3.597204433709132445e+02 2.939296779990282289e+02 2.298750569069181324e+02 1.173468063950378166e+02 2.118976583780756187e+02 1.211582271615608448e+02
8.640786617261633751e+01 2.172145059988242224e+02 2.853259001773726027e+02 2.948316425921471478e+02 1.904302770533408022e+02 2.622906607837819024e+02 3.685374401175110961e+02 3.643964971961651713e+02 3.312635404409191437e+02 3.728320336187266548e+02 3.342410875293808772e+02 2.518645768452930440e+02 2.743957862516402884e+02 2.269280603256283371e+02 1.173396481420891888e+02 1.598099134540475177e+02 2.456459222595626670e+02 3.714099312573861198e+02 3.468565246301544107e+02 2.461179833536411934e+02 3.071797596209672747e+02 1.693931928807883764e+02 8.116119256180351726e+01 2.044287197247774372e+02 2.659712904136042653e+02 3.456690516106799578e+02 3.896929304338253814e+02 4.166297171975770084e+02 3.451783885615156464e+02 2.719635566083584308e+02 3.685885986679736561e+02 3.465113849019769532e+02 2.486376197513501722e+02 1.328380469333638985e+02 2.298676198923447487e+02 2.491992341722777837e+02 1.353718275202227801e+02
1.764216703156274946e+02 9.853314695251154376e+01 2.346870976407426497e+02 3.172123677600037013e+02 2.124080272257678246e+02 3.170429373749517481e+02 3.928246762240844419e+02 4.578584387135976499e+02 4.066889675554763244e+02 4.579998024502703515e+02 3.920133481023646596e+02 3.628225777686049014e+02 3.013413339081799904e+02 2.411299558957034037e+02 1.273104591296958006e+02 2.410047952145492616e+02 2.789185647415949347e+02 3.941367360117397425e+02 3.659478236474546975e+02 3.653372628789158512e+02 3.275873644154817157e+02 2.025262822458526841e+02 2.045698654674766601e+02 8.921676350913604381e+01 2.005152320817553573e+02 2.057617662131053464e+02 3.495194270281441504e+02 4.509139833861087823e+02 4.053567242886103941e+02 3.308639047328192646e+02 4.011968106106775735e+02 3.034553362408662451e+02 1.776219247227081155e+02 1.440195304748726528e+02 2.622086842266126041e+02 2.941797196894420949e+02 2.142579740586477328e+02
2.425246267642165208e+02 1.072867202837716150e+02 2.471002427737836058e+02 3.107137840679588408e+02 2.760671960403863068e+02 2.486739792882060840e+02 3.572648223477595479e+02 4.356689462591906477e+02 4.898937906736318268e+02 4.495841928886691790e+02 3.970910911077016294e+02 2.778561295093749095e+02 2.593650819543703960e+02 1.425828559294911599e+02 2.413134641750523599e+02 1.705593496112336993e+02 2.875787697012188460e+02 3.801367392327638868e+02 4.634458557840737853e+02 3.782309943722801222e+02 2.432891354899182090e+02 2.298466804382921680e+02 9.816177028350722367e+01 2.161796692937658122e+02 1.103092425888495995e+02 2.418676924978678926e+02 2.967730341851148523e+02 4.096453994410010182e+02 4.530949012416014057e+02 4.226445900648740235e+02 3.781870140639678084e+02 2.450749315366902579e+02 2.754098774897976796e+02 1.561745137025269514e+02 2.773975100867049832e+02 3.741264356972245082e+02 2.794589220056141698e+02
