output/example/elevation_000411.asc
nrows	75
cellsize	13.33333333
xllcorner	0
ncols	75
yllcorner	0
NODATA_value	-9999
[rows 0 to 16 of 75, columns 0 to 36 of 75]
1.369999999999999864e-02 4.096182904638623334e+00 9.096182904638604683e+00 1.616725071650402867e+01 2.616725071650395762e+01 3.189018654621947491e+01 3.290328682345894151e+01 3.008257129180506340e+01 2.875611349076170598e+01 3.299003288391796218e+01 3.888657820066255510e+01 4.155425389091494282e+01 4.003438856008580160e+01 3.810095244765705047e+01 3.394831832675489380e+01 3.810095420666365129e+01 4.603098873238162980e+01 5.019836985335598456e+01 4.844443391197570747e+01 4.430680136921513679e+01 4.299758259608638866e+01 4.714168143425493440e+01 4.679715437837349867e+01 4.265809326106293042e+01 4.134752529033994506e+01 4.549349899947772258e+01 4.543525030759568040e+01 4.543525030759568750e+01 4.956475332134372991e+01 5.043958688515220246e+01 4.624285845512221016e+01 4.624285845512221016e+01 4.624285845512221016e+01 5.043958688515220956e+01 5.011933774250957185e+01 4.591606090855903943e+01 4.723748394519042648e+01
1.279999999999999888e-02 1.001279999999996306e+01 1.823831852836947576e+01 2.323831852836945444e+01 2.915999503212498212e+01 2.260698564247118725e+01 2.289839763799733419e+01 1.997714992962026059e+01 1.867704282242557667e+01 2.444306396200025588e+01 3.464784874028832462e+01 3.154526531234463960e+01 3.002491820382335064e+01 3.002491820195678329e+01 2.394557143271552135e+01 3.394831832539274075e+01 3.601650248341567107e+01 4.603098873238162980e+01 4.430680136921513679e+01 3.415356453411948223e+01 3.283009128756080486e+01 4.129899922304758775e+01 4.265809326106293042e+01 3.249128497555301465e+01 3.116574929630482416e+01 3.964421967696326021e+01 3.529709604094293240e+01 3.529709604094293240e+01 4.543525030759568750e+01 4.624285845512221016e+01 3.594530178129682696e+01 3.594530178129682696e+01 3.594530178129682696e+01 4.624285845512221016e+01 4.422394186459376186e+01 3.567862600990857658e+01 3.700987897293579465e+01
1.299999999999999940e-02 7.084404270662601810e+00 1.709912345685322776e+01 2.163615264460788978e+01 2.070282242116008575e+01 1.583420758417145002e+01 1.882354769206488854e+01 1.293500012367673335e+01 2.293695931985663705e+01 2.894748965658121875e+01 3.285098987470352938e+01 2.447346944379795985e+01 2.669041503389068382e+01 2.002140869184619021e+01 3.002491819918925486e+01 2.894695904556355259e+01 3.894967757761519067e+01 4.529641696312587129e+01 4.022614078456708597e+01 3.604958261681571940e+01 2.689502265919400870e+01 3.712737875212595640e+01 4.348314730174678289e+01 3.546907417935528883e+01 2.521716216843134362e+01 3.315681225364326679e+01 2.804713183035633506e+01 3.826649267693021272e+01 4.537022643888737150e+01 3.943263189157737258e+01 3.518917250521074891e+01 2.863075336186172137e+01 3.460389764214933450e+01 4.491382650665669019e+01 4.000547511401195067e+01 2.978580600579005377e+01 2.978580600579005022e+01
1.369999999999999864e-02 1.001369999999996274e+01 1.763159635459054897e+01 1.089934026231401099e+01 1.145835478151429854e+01 1.551840805424564351e+01 8.860375567434736865e+00 1.775418490844852926e+01 1.894329312202263793e+01 1.894329317578952399e+01 2.837553023639739891e+01 1.869834139145380547e+01 1.668758122197924365e+01 2.376033733359149380e+01 3.376424834473338876e+01 3.894967759563838428e+01 4.310743616838584558e+01 4.114365889465420167e+01 3.095550635033676556e+01 2.579870190981975853e+01 2.361196659543336196e+01 3.389162364089378343e+01 3.689112474837273226e+01 2.911934076114202341e+01 2.192030078710127938e+01 2.286441647972357316e+01 3.017059718427737636e+01 4.036617317426929219e+01 4.114917276974716742e+01 3.082614949844612440e+01 2.484009148432167180e+01 3.518917250521074891e+01 4.319244433322446497e+01 4.911766507648009394e+01 4.343000026567841587e+01 3.410514640335112091e+01 2.392502157395047391e+01
1.290000000000000001e-02 1.001289999999337965e+01 1.222667488229646260e+01 3.575241467334620005e+00 4.537491915978224988e+00 5.527639458759768587e+00 6.638750563055535459e+00 7.763838392479941675e+00 8.942349156569751045e+00 1.894329317116113032e+01 2.204528787570766468e+01 1.422594879526972456e+01 2.422788911466267336e+01 2.095251839619318446e+01 3.095583663465422930e+01 4.011123906753257984e+01 4.511908080395404852e+01 4.529642136173180234e+01 4.022614078456708597e+01 3.092414226083246831e+01 2.058908984803046494e+01 2.787636692620778689e+01 2.664052925426975094e+01 2.664052970520580388e+01 1.874826038111374515e+01 2.911980246974390951e+01 3.734543209717612910e+01 4.386919265752887043e+01 4.111825033307219712e+01 3.298274101793492719e+01 2.260807029841514648e+01 3.298274101793492719e+01 4.002157661888027462e+01 4.424415319616447562e+01 3.921298390592829008e+01 2.899706685049867971e+01 2.392502157395047391e+01
1.299999999999999940e-02 1.001299999999996260e+01 2.238935257772498577e+00 1.218096526042632632e+01 1.030440472852599854e+01 1.553145333317013588e+01 1.628328433511387274e+01 1.222611328843904310e+01 1.893582153578091010e+01 1.068311398420894598e+01 1.204391487041420561e+01 2.204528787676426305e+01 2.837553159416425075e+01 3.095583663465422930e+01 2.595445001282475417e+01 3.095475639956786296e+01 4.095964196896501619e+01 4.659001797422504865e+01 4.081076007708462328e+01 3.512397633755406900e+01 2.787636692626155721e+01 1.748237190409870578e+01 2.499347445996704309e+01 1.622364000348707336e+01 2.664052970520580388e+01 2.433846550829406041e+01 2.950886541489820303e+01 3.971185747524666709e+01 3.688176766674060048e+01 2.653456405134285134e+01 2.050160210211447875e+01 3.090780687403096394e+01 2.969160259098818955e+01 4.002157661887708429e+01 4.342999484166790580e+01 3.832717232369795113e+01 3.133437919094640733e+01
1.299999999999999940e-02 9.258709291752755810e-01 7.996938247912619424e+00 1.637975828251394006e+01 2.021702129191300301e+01 2.422138652141974546e+01 2.171788066984803578e+01 1.918276170771025946e+01 2.068427437077332343e+01 1.068311398420894598e+01 2.068427447130057573e+01 1.675799260400291857e+01 2.383040122066638133e+01 3.383448088600096071e+01 3.595707868301457921e+01 4.011123906753257984e+01 4.511908080395404852e+01 4.252295330704917120e+01 3.243379837348419414e+01 2.649798981786783614e+01 2.225199587712628357e+01 1.828416812045137974e+01 1.456258443465684138e+01 1.456258443465684138e+01 2.499347503730244213e+01 3.461036159128271095e+01 3.879204710219225660e+01 4.386919266027430098e+01 3.723887430447867786e+01 2.900549202787259162e+01 1.858142645945557092e+01 2.232936676902356510e+01 2.969160259094293863e+01 4.002157650730492122e+01 4.391739398737889388e+01 3.970339069774164642e+01 3.551418289175887821e+01
1.290000000000000001e-02 1.001289999999996283e+01 1.506791706323206625e+01 2.213863912978010262e+01 2.488301528783797067e+01 2.902492587369912158e+01 3.069575136078066180e+01 2.909115649693856653e+01 2.422094884119237435e+01 1.421852776718558964e+01 2.422080818731547680e+01 2.383040122066638133e+01 2.383040122066638133e+01 3.383448088600096071e+01 4.322716985254798772e+01 3.910903311089687406e+01 3.911726304656052378e+01 4.046057763801660911e+01 4.081076007708474407e+01 3.404526964712268722e+01 2.804009096673027202e+01 2.382925378327979260e+01 1.456258443465684138e+01 2.499284507309193515e+01 2.710940233043749359e+01 3.091446959660856564e+01 3.506393295194637716e+01 4.086111051697861996e+01 3.306997587844070807e+01 2.277353022309597819e+01 1.675198370369597001e+01 2.277576649575557255e+01 3.013535105506567646e+01 4.046215564768005635e+01 3.970339491083552730e+01 2.937548391616385501e+01 3.239093765332898300e+01
1.349999999999999985e-02 1.903322365046135944e+00 1.190332185087483907e+01 1.671806195539112494e+01 1.488303037253426453e+01 2.223316895645394808e+01 2.601318403517796796e+01 3.015792286570896863e+01 2.837365970571310214e+01 1.999275284960787147e+01 2.837365399641486263e+01 3.383448088600096071e+01 3.383448088600096071e+01 3.798825309377544812e+01 3.910858109642609293e+01 2.908524474514250358e+01 2.908536183124853380e+01 3.110725958174710826e+01 3.947694157705704043e+01 2.778176826623716522e+01 1.884313053637063717e+01 1.338983218980963663e+01 1.338983218980963663e+01 2.228678993593116076e+01 1.679435665922353849e+01 2.074042955502824270e+01 2.666098375768720885e+01 3.672515026963624507e+01 3.284824637574322992e+01 2.258011395494478180e+01 1.526566704477429681e+01 2.562764448916442461e+01 3.374255105523606346e+01 3.900883776794698576e+01 3.970339339822371016e+01 2.937548391357458044e+01 2.207178743852070468e+01
1.379999999999999977e-02 1.001379999999996251e+01 4.676823346172277240e+00 6.718064798491589329e+00 9.218064798491580447e+00 1.223317824426920630e+01 1.601282297703391322e+01 2.178633105366352751e+01 3.178748593580358417e+01 2.999775440730736875e+01 3.415625363095766431e+01 3.713564043925729408e+01 3.713473042931614998e+01 4.135114344139076081e+01 3.882107183383480731e+01 2.866480298873063148e+01 2.169699371136723443e+01 2.866476380595802453e+01 3.882059502181103028e+01 3.218395718292868679e+01 2.100295698217079376e+01 2.382322549507527398e+01 2.228729145365203479e+01 1.183365115228030362e+01 2.227422822944885894e+01 3.018964457294920933e+01 3.505011396224983855e+01 3.385446218924810324e+01 3.146986144519379636e+01 2.112264617760046548e+01 1.384309845492891533e+01 1.914221425766136875e+01 2.646480331828654897e+01 2.870734935683956124e+01 3.601362531378114795e+01 3.591594519298968891e+01 3.140211621906350814e+01
1.290000000000000001e-02 1.001289999999996283e+01 1.467682172527109685e+01 1.249156748949353535e+01 1.921805995246402787e+01 1.738303018190926608e+01 2.223316901871359264e+01 3.015792286570896863e+01 3.593340166667772451e+01 3.703791779515708527e+01 3.279044430769430818e+01 2.662619341248882776e+01 2.662618768604658470e+01 3.713473042931614998e+01 3.624974418475666482e+01 2.866566518912568284e+01 1.801861474199139579e+01 2.866566518912568640e+01 3.558396861049409665e+01 3.668370379785864088e+01 3.194704201938769472e+01 2.565151439711146963e+01 1.605369284535990815e+01 1.077078701328619736e+01 1.659386929544600164e+01 2.643055965304419530e+01 3.089830424522087426e+01 2.377344463991058987e+01 3.089830139608111637e+01 2.840152002001250509e+01 2.217039510831316917e+01 1.175364148166707245e+01 2.217842058840548347e+01 2.172152823284490708e+01 3.096061652298001121e+01 3.355827678570675232e+01 2.507382082555245617e+01
1.359999999999999924e-02 7.084667811865485554e+00 1.708466781186555394e+01 2.249156112022001608e+01 2.663358368625557304e+01 2.738300609424923948e+01 3.152487883075657393e+01 3.637459839911667103e+01 3.674661529280431438e+01 3.100728222365922093e+01 2.225895709994551197e+01 1.917342005793492987e+01 2.970406859516155151e+01 3.552056784880154083e+01 3.209156164040022219e+01 2.161352935176734036e+01 1.525417031383430810e+01 2.604211204636804311e+01 2.563471928790722743e+01 3.558396861049453719e+01 3.621190164695372005e+01 2.623719087928338212e+01 2.028444802018320559e+01 9.726961314927114799e+00 1.890050937370041240e+01 2.317029363729353975e+01 2.672594259646845316e+01 1.666690855378787717e+01 2.092093247929603095e+01 2.318980481424767959e+01 1.890936796869982572e+01 1.004500221294609652e+01 2.080288613238414897e+01 1.676741298720423146e+01 2.535029891382590961e+01 2.507369241389671544e+01 2.024024371484908258e+01
1.349999999999999985e-02 1.001349999999996321e+01 1.509518889735848290e+01 1.798194024326068785e+01 2.131527357651450671e+01 2.545740910837558246e+01 3.045740905799979004e+01 3.679106664281903960e+01 3.077643902663237441e+01 2.206741509536262669e+01 1.632790062762943606e+01 1.562683148730725691e+01 2.071070885374641435e+01 3.125108810062183551e+01 3.213802313486673512e+01 2.371429730914360334e+01 1.291819064448703358e+01 1.695468239406165267e+01 2.457566896785735722e+01 3.481555997845634209e+01 3.155321758116387798e+01 2.696033833360379361e+01 2.451258488658510259e+01 1.890050892545830052e+01 8.285764727963032428e+00 1.753283897871124353e+01 2.152439939920193979e+01 1.985169774023125555e+01 1.066166688360893211e+01 1.747392448625982908e+01 7.860704411985026674e+00 1.815745177078574812e+01 1.776353352188289136e+01 1.254685003777345464e+01 1.598472091665901118e+01 1.941075291784245849e+01 1.006128459921043117e+01
1.319999999999999993e-02 2.513199999999997658e+00 5.095188897471603973e+00 7.981940243419726855e+00 1.131527357675304835e+01 1.631527357675301459e+01 2.631527357627592068e+01 3.253651420541325479e+01 2.205829407318884350e+01 1.615741071080229219e+01 1.193160283678297517e+01 2.206741510163050890e+01 3.028449198685904520e+01 3.552056784878169537e+01 2.782589014146711293e+01 1.699207843981359645e+01 1.077748900895880624e+01 1.836969837818176643e+01 2.900783322670426401e+01 3.556092070504690383e+01 2.696033833360421994e+01 1.576531437384467793e+01 1.900156261411129321e+01 1.650986719725404583e+01 1.658209740283271216e+01 6.984482293001593511e+00 1.652285698144755699e+01 1.447442454314690963e+01 6.901953971113065300e+00 6.901953971113065300e+00 7.233404667370347596e+00 7.596602268095038468e+00 7.982516580836218623e+00 8.382900128279864305e+00 8.825557147568936500e+00 9.298964728582946648e+00 1.842739150920676039e+01
1.299999999999999940e-02 1.001299999999996260e+01 1.509518889600445668e+01 1.798194024326068785e+01 2.131527357651450671e+01 2.545740910837558246e+01 3.045740905799979004e+01 2.518783707219726864e+01 2.091166339865076651e+01 1.743889939621544016e+01 9.893681395041982185e+00 1.692427151048396539e+01 2.726827986150714622e+01 3.284496168483905620e+01 2.648088945566333763e+01 1.644019481084824008e+01 9.099176974180471333e+00 1.968915337728077830e+01 2.110214622798395467e+01 3.138869628738194351e+01 2.708019706229028145e+01 1.904130618481563531e+01 8.744427312735234992e+00 6.226551376041563834e+00 6.226551376041563834e+00 6.226551376041563834e+00 6.226551376041563834e+00 6.500225531868301765e+00 1.573404446855110805e+01 1.736719764327428095e+01 1.558557227424350522e+01 1.822144853267132802e+01 8.191678179827553308e+00 1.863793822751877727e+01 1.606208838137121120e+01 1.952962093684898903e+01 1.059216816753568935e+01
1.349999999999999985e-02 6.299165817542592194e+00 1.527506077286885500e+01 2.612478777454070311e+01 2.291136086777859759e+01 2.657205485748448126e+01 2.625547575648671739e+01 1.931452382544875945e+01 1.080121649643901094e+01 7.437084737539890078e+00 1.743889766755961190e+01 2.423856212075603977e+01 2.598732561414716358e+01 2.271700403486694242e+01 2.614045286846948102e+01 1.499213140624931029e+01 7.504406477730919178e+00 1.259283555064586047e+01 1.940223443332497411e+01 2.271702535183635518e+01 1.969847220073748062e+01 1.238764662953226470e+01 5.820213839158818736e+00 1.508957947437885316e+01 1.648112224458239083e+01 1.656238705936656785e+01 1.215495829691218788e+01 1.787415248369562804e+01 1.424542003014350833e+01 2.533181204827831223e+01 2.112803375747255785e+01 1.219723505673870712e+01 2.035841412696635899e+01 2.464331976528155366e+01 2.562727229376167770e+01 2.487551161368560670e+01 2.084692036665891024e+01
1.369999999999999864e-02 1.001369999999996274e+01 1.508531166953973468e+01 1.906108939982311412e+01 1.420158154975332110e+01 2.131200044870237420e+01 1.630082500265346823e+01 1.502011986530689747e+01 5.146951817047845879e+00 1.488850523642717505e+01 2.059990813484038696e+01 2.225290035703102376e+01 1.541094970976325840e+01 1.538778134669090569e+01 2.568010740269100012e+01 1.645633712372081447e+01 5.958856758947743693e+00 1.429007028219528763e+01 9.764742593237679458e+00 1.428080187066835727e+01 1.488578069109423829e+01 5.319244305135189421e+00 1.523559349758674664e+01 8.795921550884841622e+00 1.889302339212504833e+01 2.500864851479924411e+01 2.264613865436679774e+01 2.692688201845274421e+01 2.470079077218569452e+01 3.076327002959761714e+01 2.423150213522655250e+01 1.418169061612825921e+01 2.129080367996693468e+01 3.133608038702651299e+01 3.316061214464894391e+01 2.351291642489620060e+01 1.656342955676901596e+01
