output/example/elevation_000000.asc
nrows	100
cellsize	10.0
xllcorner	0
ncols	100
yllcorner	0
NODATA_value	-9999
[rows 34 to 50 of 100, columns 37 to 73 of 100]
5.259082680868676363e-01 5.259407085292761019e-01 5.255868101473593068e-01 8.090073971091076288e-01 5.279315537698019423e-01 5.289465663936524509e-01 6.509133601586910567e-01 5.399465663936524606e-01 5.399433880212004544e-01 5.398612097855655101e-01 5.592751836001178534e-01 5.419465663936524624e-01 5.416734803969492917e-01 1.064245994811620522e+00 1.072298214330414279e+00 5.425686626135979296e-01 7.431381536499725993e-01 5.509507085292761897e-01 5.499433880212004633e-01 5.624221500011541419e-01 5.496858449267384428e-01 5.509207085292762152e-01 5.519465663936524713e-01 8.064081463042718223e-01 6.435638315055959291e-01 7.068917202833076008e-01 8.954615365890264966e-01 5.569484610805622848e-01 1.079205793178179107e+00 1.079215793178179172e+00 1.072384889886252246e+00 7.263045701914698782e-01 5.639507085292762012e-01 5.838170057765363907e-01 8.405146402373772085e-01 5.901571556544733532e-01 5.656992702000280815e-01
6.825704197990475341e-01 5.245827535054968793e-01 1.026965719547805911e+00 5.265874124001775902e-01 5.922858345483470455e-01 5.289507085292761701e-01 8.144090373552540507e-01 5.389484610805622689e-01 5.389407085292761135e-01 5.388602097730649243e-01 9.871478858846031157e-01 5.409433880212004553e-01 5.407574845149470955e-01 5.409465663936524615e-01 5.422322345567951452e-01 5.416833098991425954e-01 8.831819895080497140e-01 5.509507085292761897e-01 5.509465663936524704e-01 6.551650992714008748e-01 5.509107085292761496e-01 8.592584597122128187e-01 5.519362136318483048e-01 7.664861769782455037e-01 5.539448971409752787e-01 5.549433880212004677e-01 9.959828647422432901e-01 6.577816598101622336e-01 5.579507085292761959e-01 5.579448971409752822e-01 5.589433880212004713e-01 9.336265206495091284e-01 8.644254564345206227e-01 8.983380117143177079e-01 5.689507085292762056e-01 7.685131013872550376e-01 5.669023990103276844e-01
5.235824890162945611e-01 5.249465663936524473e-01 9.267959159076029074e-01 7.733729955715866744e-01 5.275887542310082612e-01 5.289433880212004446e-01 7.489492468752121379e-01 7.628704784983658671e-01 5.379307085292761581e-01 5.378889450288041330e-01 7.387950444979407560e-01 5.399465663936524606e-01 9.625776832073554834e-01 5.396163976232624115e-01 5.405682801918691993e-01 5.419465663936524624e-01 6.115221055980243348e-01 5.621994758892810973e-01 7.024856437853016500e-01 5.519433880212004651e-01 5.519194774730199482e-01 8.248476307125175433e-01 5.529465663936524722e-01 5.529407085292761259e-01 5.539507085292761923e-01 5.549507085292761932e-01 1.065067494249289037e+00 1.061558775270680988e+00 5.569298864592613363e-01 5.579260675131247904e-01 5.589275422813726468e-01 9.393508957884270094e-01 5.609484610805622884e-01 5.778720545514967055e-01 6.593760057765605254e-01 5.679362136318483190e-01 5.679159871697261330e-01
5.239383478495011071e-01 6.435467258382097100e-01 9.286668576782149964e-01 5.289484610805622600e-01 5.284353515078136221e-01 6.949256209633697390e-01 6.121492310687921545e-01 7.282371587425289228e-01 5.368852101849234115e-01 6.399392699499117931e-01 6.882657266612532965e-01 7.920361727292238863e-01 5.384731636595462279e-01 9.176979494020840455e-01 7.799990804583271098e-01 5.409465663936524615e-01 7.217798946824737216e-01 5.539507085292761923e-01 5.529465663936524722e-01 8.988525112070495648e-01 5.529219786958140537e-01 7.009334035791661144e-01 1.003659413239817111e+00 7.180996940951026586e-01 5.893895291913999746e-01 5.538951341440331300e-01 5.548690570153770318e-01 5.559127502140430721e-01 5.569465663936524757e-01 8.685838488243359246e-01 8.570161096388606570e-01 5.599407085292761321e-01 5.609465663936524793e-01 8.270191506420290217e-01 5.689448971409752920e-01 5.689433880212004802e-01 9.895037726847686343e-01
6.643562282923596296e-01 5.249507085292761666e-01 8.864672798749926308e-01 5.601323394847302906e-01 5.294354466898093525e-01 1.029281954427246903e+00 5.319484610805622626e-01 9.380873460760669191e-01 9.328950347980667912e-01 5.358516214081298079e-01 6.877904496584900107e-01 5.379465663936524589e-01 5.376142262064947941e-01 5.389290857526745082e-01 5.399324242580286759e-01 5.409465663936524615e-01 1.016285848000870518e+00 9.535109606687665051e-01 5.539465663936524731e-01 5.539484610805622822e-01 5.539290857526744105e-01 9.273010531102743315e-01 5.559536374614643117e-01 1.071739268861646721e+00 5.528658401994710481e-01 6.605930218948146138e-01 8.240907101716518079e-01 5.559068568812047806e-01 5.568928852294449117e-01 5.578936264899512221e-01 5.588943760334690314e-01 1.079225793178179016e+00 5.609507085292761985e-01 7.014627380341800222e-01 5.699407085292761410e-01 5.699465663936524873e-01 5.699342510161655717e-01
9.874176005579065052e-01 5.249507085292761666e-01 7.665778220402030829e-01 5.309507085292761719e-01 5.309465663936524527e-01 5.305896964000943461e-01 1.028050934158142304e+00 1.020893576125727176e+00 6.917910557830631024e-01 5.348829267833455914e-01 1.004858633801710699e+00 5.366139377115881626e-01 8.138914923428238746e-01 5.389352134317081378e-01 5.399275422813726300e-01 5.409342510161654349e-01 5.419362136318482959e-01 6.157002250904530793e-01 5.633763631968918828e-01 5.549465663936524740e-01 9.101295927828845223e-01 5.549420002423423037e-01 5.559507085292761941e-01 6.385608536868108143e-01 5.518642720216662134e-01 1.024455726684349255e+00 5.569507085292761950e-01 5.569465663936524757e-01 5.569420002423423055e-01 5.579433880212004704e-01 8.153083329837955695e-01 5.599148827723265942e-01 8.405921267730153135e-01 6.734173726423340334e-01 5.709433880212004819e-01 8.767333550799185637e-01 5.709407085292761419e-01
5.237599599302772413e-01 5.249465663936524473e-01 8.887306449619163384e-01 9.082019760491301108e-01 5.449105186526737032e-01 7.091449979575353835e-01 5.315901009200720839e-01 5.324367810533789935e-01 5.334370674308126503e-01 5.344498269382983446e-01 5.354499248177112536e-01 8.603251970558034589e-01 9.274147889000230460e-01 7.633187336562385905e-01 6.311603465758781617e-01 5.409507085292761808e-01 1.065012602768460770e+00 5.429465663936524633e-01 9.122172683695615181e-01 5.559507085292761941e-01 5.559507085292761941e-01 7.786182612811440862e-01 5.559536374614643117e-01 1.019626336034848091e+00 5.508632405858280290e-01 7.191428633825649452e-01 6.665676801482964819e-01 8.907120158327243020e-01 5.579433880212004704e-01 8.360466163314617116e-01 1.079265793178179056e+00 7.353959600790900275e-01 5.609165497249445353e-01 9.257604354704688232e-01 8.707496029478365429e-01 5.719507085292762083e-01 7.615996665088380357e-01
6.212922854119047322e-01 5.248199960564814415e-01 5.259465663936524482e-01 6.688521884798960260e-01 5.309536374614642895e-01 6.596738357268776554e-01 7.695184077380458065e-01 8.647994273149793854e-01 9.903666710918701543e-01 5.349407085292761099e-01 9.117785321615000660e-01 5.368602097730649225e-01 6.497750031571145612e-01 5.389407085292761135e-01 5.399342510161655451e-01 5.409433880212004553e-01 5.419465663936524624e-01 7.292794505086460655e-01 9.305679547219910530e-01 7.410753222379945493e-01 9.849989865098046637e-01 1.063309272572596775e+00 8.245401033072604635e-01 9.837459803332433417e-01 5.498903522928788590e-01 5.509433880212004642e-01 6.947475227985064894e-01 6.835055824919780143e-01 7.466456679984122546e-01 9.791213342462029567e-01 5.629433880212004748e-01 5.619383478495011408e-01 5.619087470050491140e-01 9.238838688067534388e-01 1.079275793178179121e+00 7.906927335331755957e-01 9.771240862684980044e-01
6.764959234993637160e-01 8.575367922281651456e-01 5.258207085292760929e-01 8.920934096639996369e-01 7.354582706717390783e-01 5.299383478495011124e-01 7.795366896511155552e-01 5.366043643791720275e-01 5.359536374614642940e-01 5.359507085292761763e-01 5.359465663936524571e-01 1.074563938957292297e+00 5.378609588425597998e-01 1.079015793178179194e+00 7.243385493172443956e-01 5.409507085292761808e-01 8.227328444657995288e-01 8.730695242600522432e-01 8.376656889915241599e-01 5.448752684918229949e-01 9.278890004695031779e-01 6.488066576029656307e-01 5.478845507982175178e-01 5.488539377467558378e-01 5.499260675131247833e-01 5.509290857526745189e-01 6.718237130182842520e-01 6.760942087581757187e-01 6.770983508937994388e-01 6.884323422710763030e-01 5.629465663936524811e-01 5.629465663936524811e-01 8.832908923090013742e-01 5.629260675131247948e-01 5.639433880212004757e-01 9.654448062728159252e-01 7.070086307440482942e-01
5.349507085292761754e-01 8.634389330416233355e-01 5.267912977858151269e-01 5.268889450288041232e-01 8.684201182826035703e-01 5.289420002423422806e-01 9.210073090111321470e-01 5.355578278206730714e-01 9.351706678724271971e-01 5.359536374614642940e-01 9.153059069049647167e-01 7.374159420841974732e-01 7.066400764783302701e-01 5.388637549321277920e-01 5.398246938241888504e-01 5.408254310366914508e-01 5.418370153605076567e-01 5.428374202492167733e-01 5.438382340421370476e-01 7.239282467645018482e-01 5.458761508566497556e-01 5.468419651084057698e-01 6.890698541602749971e-01 9.144314000411143395e-01 9.216163312784305672e-01 9.546994050282148203e-01 8.609473690052891204e-01 6.760942087581757187e-01 6.770983508937994388e-01 7.239546392961342391e-01 7.265142721085593447e-01 6.601124272411116323e-01 5.639394953258405341e-01 5.639465663936524820e-01 5.639394953258405341e-01 7.349478440094860954e-01 5.799507085292762154e-01
5.501574962129521795e-01 9.644583913837135869e-01 5.277918890991147860e-01 5.279362136318482834e-01 5.278917882855156396e-01 5.288872238369926038e-01 5.299407085292761055e-01 6.913550308771453379e-01 5.349407085292761099e-01 9.507990574764121350e-01 1.011673146982084548e+00 9.547439393503737159e-01 6.942239825600482472e-01 6.724315017784971982e-01 7.947127211657035728e-01 5.725764937167623359e-01 5.419232919554084482e-01 5.701425516386730008e-01 8.921575771058076754e-01 9.365297766717757266e-01 8.504983205830070059e-01 6.969290539366538306e-01 5.479290857526744052e-01 7.225753848889914233e-01 8.066190579873716571e-01 6.253588045930137396e-01 1.054093742216973606e+00 8.078079746610145051e-01 6.771012798259875565e-01 7.043212620067570429e-01 5.659407085292761375e-01 5.649433880212004766e-01 5.649465663936524829e-01 1.007547263629505530e+00 5.649342510161654562e-01 9.924084475025732877e-01 5.799465663936524962e-01
7.557186657655474704e-01 5.288419651084057538e-01 6.603281325977383709e-01 5.289383478495011115e-01 5.289032629028107557e-01 9.912286174177792342e-01 5.299117187344204449e-01 7.619761708600952810e-01 5.339362136318482888e-01 9.478011556898390255e-01 5.807897028523795191e-01 5.605853035862563560e-01 9.437977036712811296e-01 5.625875510349702679e-01 9.628323910309996014e-01 1.029889998836610587e+00 5.429260675131247771e-01 5.429342510161654367e-01 5.439407085292761179e-01 5.449433880212004588e-01 7.191251364188858686e-01 8.831992672090873686e-01 5.489182821224050102e-01 9.458737289314826935e-01 6.243629467286374579e-01 6.243556262205617324e-01 6.908053353270042773e-01 7.006294453293909763e-01 1.079408665058232852e+00 9.593997547573822615e-01 8.362325552640306192e-01 6.559566193174857229e-01 8.212122936584376198e-01 5.659507085292762030e-01 5.659433880212004775e-01 8.753565731430080765e-01 8.238267483143996150e-01
8.623238751976186611e-01 5.297933765239692949e-01 5.299484610805622609e-01 6.533296069082807911e-01 7.389947078445222584e-01 5.299213384899060797e-01 5.308928852294448886e-01 9.695572733441341073e-01 5.329407085292761082e-01 8.779609242101192867e-01 5.595683962754960383e-01 5.605730561375423804e-01 5.615751903551952084e-01 5.625834088993465487e-01 6.833460925349883475e-01 7.168190957386705309e-01 5.439290857526744016e-01 5.439465663936524642e-01 5.439420002423422940e-01 5.449465663936524651e-01 9.818243235909550615e-01 5.499352134317081475e-01 5.752470359936999733e-01 7.044135620028255662e-01 8.693190218020860893e-01 6.233484518312095712e-01 6.357639268041948011e-01 5.772278965346622215e-01 5.772356490859483769e-01 7.617200840540008233e-01 6.319489830065623259e-01 7.356470887354503718e-01 1.034882237350496670e+00 1.003077876616805808e+00 1.053592810236519295e+00 9.356588028479069230e-01 9.018360125011162243e-01
5.308432351280314432e-01 5.309465663936524527e-01 5.309465663936524527e-01 5.336607217057243169e-01 5.309226296637468145e-01 8.657221292965926462e-01 8.936214113826834726e-01 5.319143404367986383e-01 5.329032629028107593e-01 5.571701520541832986e-01 8.639348300699707384e-01 5.605817396466693525e-01 5.615834088993465478e-01 9.058811914590900738e-01 9.169910574869268860e-01 6.953757253691826845e-01 5.449324242580286803e-01 6.079465995621184948e-01 6.381947272862525944e-01 5.449484610805622742e-01 1.043554713254296828e+00 7.987954486593340508e-01 5.509372564504770864e-01 6.702015879866545234e-01 6.223629467286374561e-01 6.223464892155268213e-01 1.070379281165438679e+00 5.762178965346622661e-01 7.527394208176074741e-01 9.156177468807799036e-01 6.297356059218218727e-01 6.319389830065622604e-01 6.329448408709386076e-01 7.185072635753205761e-01 5.944451735832150252e-01 5.849484610805623097e-01 1.070539078020815493e+00
5.651771244631554891e-01 7.337939434762827950e-01 8.878702525789500255e-01 5.319507085292761728e-01 6.086419837612682127e-01 5.319267968793605084e-01 5.329148827723265702e-01 6.055934308122613574e-01 9.564933200566970717e-01 8.024737212962699262e-01 5.595740989561711620e-01 8.429424357100890886e-01 5.615875510349702671e-01 8.155132111660865490e-01 5.635875510349702688e-01 5.825199024708799245e-01 5.459433880212004597e-01 5.459484610805622751e-01 1.079095793178179052e+00 8.464624587172211445e-01 6.271350146667638015e-01 5.519420002423423011e-01 6.799478637460014685e-01 6.244335203727268135e-01 1.073537924609588190e+00 6.213494946498383520e-01 8.438389139099665703e-01 5.752147302867587353e-01 5.752378965346622852e-01 5.762118410219075892e-01 7.565398853748790398e-01 6.319448408709386067e-01 6.329489830065623268e-01 7.534899587620889072e-01 5.842278965346622277e-01 7.829547937937509916e-01 5.839383478495011603e-01
5.677389656168219112e-01 5.677667181681079756e-01 8.414576646167547525e-01 7.361052303740627245e-01 8.012363837416900392e-01 1.036088009805389731e+00 9.040858723439226807e-01 5.339298864592613159e-01 5.349407085292761099e-01 1.066265342519796544e+00 5.605834088993465469e-01 5.605788427480363767e-01 5.615730561375423813e-01 5.625751903551952093e-01 8.373497505127287521e-01 7.498273389197172012e-01 9.231439228575150091e-01 8.718681434220940663e-01 9.728086264075936906e-01 5.705551204252696795e-01 8.314499584656247499e-01 7.539376654005497391e-01 5.529465663936524722e-01 9.558850475125879598e-01 8.997083165270577387e-01 7.571437524056618962e-01 6.187404871037334164e-01 5.742205104067870103e-01 7.506159352255918904e-01 5.752104799607945518e-01 9.603090159297735795e-01 6.856401539171368409e-01 6.329489830065623268e-01 8.110933029330783528e-01 5.832305760265865668e-01 5.832337543990385731e-01 5.832378965346622923e-01
5.687648234811981673e-01 8.332401108311251470e-01 1.044301527187890599e+00 8.565646362200047825e-01 7.178001745762209174e-01 7.168001745762209165e-01 9.166214446863999443e-01 5.676184341340043682e-01 9.308028091687161609e-01 7.129792253585494066e-01 7.698146945456566526e-01 5.612337543990385536e-01 8.045840660908580855e-01 7.777753506782455473e-01 1.007620644917474717e+00 5.662305760265865517e-01 5.662408254668503949e-01 9.991099926751287885e-01 5.652337543990385571e-01 9.226825901203250524e-01 5.652337543990385571e-01 7.072868289796080399e-01 1.010188769718165736e+00 1.080722580056955096e+00 9.526740208537821664e-01 5.732305760265865580e-01 5.732098176691329261e-01 1.054651994844981289e+00 5.752378965346622852e-01 5.742196122634147804e-01 5.742278965346622188e-01 8.530393653700412138e-01 6.371570070940411057e-01 8.629676231409230125e-01 5.832305760265865668e-01 5.822234016372344056e-01 5.822337543990385722e-01
