output/example/elevation_000007.asc
nrows	50
cellsize	20.0
xllcorner	0
ncols	50
yllcorner	0
NODATA_value	-9999
[rows 0 to 16 of 50, columns 0 to 36 of 50]
2.590084917154735766e-01 1.015784890755696424e+01 1.513284281607995396e+01 1.932419895505161378e+01 2.156461357594487538e+01 1.472460593238940696e+01 1.670929664256824765e+01 1.036958634221395137e+01 1.262946398739068421e+01 1.856099497335743820e+01 2.559263583742442094e+01 3.570658550373669726e+01 3.395381563080320575e+01 2.479000770719551028e+01 1.995406845054504430e+01 1.637199944013155317e+01 1.470293509128634390e+01 1.545619749790090935e+01 1.047806632163661078e+01 8.861931893427895446e+00 9.076268860065610511e+00 2.149541039730038605e+01 2.670132739077434891e+01 2.268300528452910569e+01 2.662394782902741142e+01 2.732714507929386016e+01 2.682136378624830542e+01 2.921042414764915662e+01 2.334172389380740142e+01 3.322605673125772796e+01 3.484720887375586074e+01 4.063381780569270063e+01 4.401164618550347996e+01 3.579526093929417385e+01 2.545675148802246568e+01 2.068081023950058750e+01 2.000415455438004741e+01
6.054987779269863646e-01 1.058382837298501755e+01 1.704244972763515875e+01 1.019325873294665818e+01 1.412521992619144129e+01 8.499804562399054575e+00 7.800431920327526747e+00 8.500730635092885734e+00 1.495138804661007725e+01 2.437690243593091566e+01 2.879433503725172372e+01 3.456965649362317095e+01 3.401428277209173245e+01 2.447829109441093109e+01 1.922158658388011077e+01 1.671819970883759510e+01 1.678351016383906824e+01 1.264868748663393205e+01 1.466114425615508132e+01 8.208009781928923942e+00 8.179492150806794371e+00 1.758276350009132827e+01 2.477923118698799954e+01 2.911836098650574201e+01 3.000183898484953815e+01 3.379614009045849343e+01 3.551163703973281827e+01 3.737572320398744097e+01 3.132076709728166364e+01 3.846329461710408282e+01 4.471543199988998651e+01 3.944021479060492652e+01 3.549739084272429324e+01 3.434506826277328884e+01 3.119066363308675705e+01 2.108558835485620619e+01 1.703558266948514088e+01
3.430590528629120506e-01 9.582571404933785786e+00 8.913997156383796749e+00 7.516012214421118109e+00 4.898247222940742773e+00 7.177651528093583977e+00 6.687214529145506958e+00 8.517031601723456191e+00 1.125064490444108145e+01 1.431594965888299242e+01 2.035635242512999454e+01 3.071591933115591289e+01 3.518612710023186452e+01 2.561463681055008124e+01 2.274875461865357096e+01 2.485768915335619056e+01 1.924197590479679576e+01 2.055519110591269794e+01 1.420341757958483520e+01 9.383711184038284969e+00 7.561924122508975721e+00 7.411831385354796353e+00 1.530647231143256981e+01 2.147923488488841670e+01 2.008801133276048745e+01 2.997119830666115448e+01 3.213427774170467899e+01 3.632641600172152607e+01 4.191057193540122938e+01 4.305620652916731217e+01 3.937012963628504281e+01 3.550562493062972891e+01 2.469776606089999405e+01 2.356160509638386813e+01 2.814212296904371158e+01 2.608131510910741113e+01 1.749084062592332955e+01
8.235039275605838816e-01 6.668025454787393613e+00 2.572264494124235412e+00 3.415977297506095134e+00 5.325582196439533789e+00 3.601678055388080502e+00 7.346948563970353341e+00 1.345463479306463483e+01 1.689659422691010349e+01 1.494910545747759656e+01 2.122005315726704211e+01 3.213636483134602173e+01 3.880412931612849547e+01 3.495025450170673764e+01 3.140512103850773329e+01 3.169270038959756874e+01 2.791668054151818978e+01 2.680170058103122699e+01 1.906054365372325776e+01 1.481727220650837573e+01 7.002049579917753341e+00 -1.929685805282324473e+00 1.521827464520100115e+01 1.342351526987633648e+01 2.065331242149568780e+01 2.323863228319279983e+01 2.103352445419211136e+01 2.908465493183533823e+01 3.997805015547687191e+01 3.687169573750986018e+01 2.826300208534735603e+01 3.177350098813242596e+01 2.600341247967144653e+01 1.714155585550847505e+01 1.770656529636407939e+01 2.295429081238073010e+01 1.687641745420728867e+01
7.161369641965544819e-01 1.701466242360784475e+00 2.202004071650932371e+00 3.189584316690318389e+00 1.222978789929823940e+01 9.576035724180279374e+00 7.603930428298483868e+00 1.173156408808387852e+01 2.008816452736175151e+01 2.478037993909732606e+01 3.026036219216985756e+01 3.606427889873259574e+01 3.713751602141270780e+01 3.253873065196633263e+01 2.873964356340853499e+01 2.537568959881717134e+01 2.141725979160526805e+01 2.524335409400141828e+01 1.939857224742808484e+01 1.550184524873895953e+01 7.198791192800265470e+00 6.747984914544541191e+00 8.316080659087569771e+00 1.110239357634268664e+01 1.168964330486038783e+01 1.434494860848989362e+01 1.869633544013534632e+01 2.730116186947246248e+01 3.942734687530460747e+01 3.255158512582221420e+01 2.220761378280306531e+01 2.101160551729808645e+01 2.740381589132017126e+01 1.996205340195087530e+01 1.186435760798704386e+01 1.465797238900990784e+01 1.480714404017438746e+01
6.490390650280113416e-01 9.481296873638539680e+00 1.264902588432369157e+01 1.024134396602062580e+01 1.943458742393811534e+01 1.918324163264007964e+01 1.086465171956339937e+01 1.078682519026578035e+01 1.349838310497647420e+01 1.961831892596616811e+01 2.732997458713805727e+01 3.741799817083796142e+01 3.335217107462277397e+01 2.305281504464751663e+01 1.893618484549564585e+01 1.902983277082939040e+01 1.160585661978636729e+01 1.748108620936129398e+01 1.581357999262591640e+01 6.607597271282614759e-01 5.998228375389439648e+00 6.133549695987974282e+00 1.177709373426380957e+01 7.683197848883049019e+00 9.973858475600376750e+00 1.158724868191401569e+01 1.918156089150260613e+01 3.148412604625963596e+01 3.901706743163740754e+01 3.334529779170522090e+01 2.233165052782444704e+01 1.673707470939532627e+01 1.748039749981133895e+01 2.144443666086935707e+01 1.500254166610316808e+01 -6.410690327509499298e+00 8.431038714519207389e+00
9.330058981412470143e-01 8.003755064211109271e+00 1.797531998214035198e+01 2.168574521335740712e+01 2.580862212170288217e+01 2.126672142299360146e+01 2.139343072263456946e+01 1.409340456953384013e+01 1.486825326755738530e+01 1.902946599064706490e+01 2.648152792631182706e+01 3.691510053762927868e+01 3.183747495906350622e+01 2.019965045749707144e+01 1.458423548282598858e+01 1.216070567669449431e+01 1.473931147299822797e+01 8.911455337548611411e+00 1.644019700320187383e+01 1.200846888474504226e+01 5.477298920166694174e+00 8.050124479731813665e+00 1.832277603624010354e+01 1.412630634251690331e+01 1.461261285525388764e+01 1.496143715401630914e+01 1.734257832333746663e+01 2.388176115804441579e+01 3.516463546117621775e+01 3.147162478048550938e+01 2.169438002566854351e+01 1.644191785492296631e+01 1.368975298956221032e+01 1.435852067158282885e+01 1.710338071045657315e+01 9.480823049106643197e+00 8.179038772681582969e+00
5.188205228764638521e-01 8.584251255880785081e+00 1.660523113989813737e+01 1.814233801188214557e+01 2.799792377787342446e+01 3.156545989759112913e+01 2.896263506316395464e+01 2.453400064401969871e+01 1.933838061152432530e+01 2.497049268934473432e+01 3.364705298920684129e+01 3.683850924481739497e+01 2.678873067162242094e+01 2.054458596228511524e+01 1.905509175831502588e+01 1.423952174209860644e+01 9.512628122390168528e+00 1.201020959592059967e+01 7.874855067054394198e+00 4.453489298856833756e+00 4.919519197126145826e+00 -3.226071003092832967e+01 1.250885607611257910e+01 2.280389884489757790e+01 2.479993505231047024e+01 1.998275860113465896e+01 2.691638913591139470e+01 3.285109354822834149e+01 3.591455999976464852e+01 3.529922647274134562e+01 3.000182426830440008e+01 2.269546734042942049e+01 1.398963421477464486e+01 1.120452747062353538e+01 1.135078523181370613e+01 4.773064437437618324e+00 1.250225074188379715e+01
7.467319160170617920e-01 4.080065249693923590e+00 8.162548037525588995e+00 1.523253660958249789e+01 2.516927496823998567e+01 3.329334952398986758e+01 3.681519061592559439e+01 3.386848811286566985e+01 2.685136950886515095e+01 3.386722343821609371e+01 3.898847912707432783e+01 4.040988585741153116e+01 3.484031598733508872e+01 2.766086018801213342e+01 2.347470966757678923e+01 1.506420017751795193e+01 1.407104150181374003e+01 7.004389735657760241e+00 5.671021010074897006e+00 4.736872404428409844e+00 1.169476919717145336e+01 1.523616627955824221e+01 1.941064308985338016e+01 1.991407082138020712e+01 2.431811728379582149e+01 2.987645916659332457e+01 3.382731708419846939e+01 3.292913511890974121e+01 2.635512582407595161e+01 2.759457067084611026e+01 3.142205236211171027e+01 2.715660759710037198e+01 2.154293960374530670e+01 1.239816469591947623e+01 9.199778023527668935e+00 7.949311735504306142e+00 1.263423570842925869e+01
7.351574092455022136e-01 8.815129568263055049e+00 1.785144502609131933e+01 2.212576995943375735e+01 2.520561604376696963e+01 2.390160326602443064e+01 3.329316660298781017e+01 3.785704116467351810e+01 3.752852077884524817e+01 3.916716973210450448e+01 3.538763138562718780e+01 3.916663375918852807e+01 4.040801812764543399e+01 3.276845306998416874e+01 2.314305332391883141e+01 2.383781241209888435e+01 1.614921594888419776e+01 6.709606577665165439e+00 -3.772274936795982914e-01 4.731884790999196788e+00 4.588824934173386438e+00 1.209071398315987977e+01 1.202770691700355243e+01 1.046573960523120839e+01 1.707024955775232300e+01 2.746328730333431523e+01 3.437931643474384913e+01 2.897581539717149468e+01 1.970233890459651604e+01 1.818474052712271671e+01 2.700481408023284047e+01 2.846472971287462528e+01 1.743831731948393227e+01 1.028017007643301284e+01 1.180010924147232565e+01 7.519099418732373863e+00 7.482523710312078968e+00
5.269872374626074496e-01 7.597744383727714101e+00 1.756946916432971406e+01 2.088805638835762224e+01 1.707087162496064181e+01 2.131890589538982894e+01 2.443382082219633133e+01 3.276822266997435662e+01 3.467664878704012921e+01 3.085527309134067409e+01 2.517910067890691650e+01 3.422036366933556906e+01 3.711080586738152221e+01 3.316775107395987021e+01 3.276555394096624241e+01 2.637622067428442918e+01 1.630598260538841515e+01 1.144985887639631272e+01 1.376512250137191096e+01 9.229220563926991971e+00 4.748791033556837071e+00 4.304279367787598787e+00 5.632286202916405138e+00 1.005471380201003129e+01 2.019012283144348530e+01 2.639667065704443871e+01 3.050742752691645165e+01 2.078614706960758696e+01 1.847522424033774868e+01 1.398440622909894948e+01 2.171438874433161104e+01 2.557980434163701844e+01 2.448158494933084128e+01 1.914996378477351158e+01 1.300148180844188950e+01 8.169138918024671625e+00 6.671530868641060152e+00
1.383962708379395945e-01 1.013066978652022598e+01 1.769434411576489907e+01 1.141273046549985182e+01 1.509125441910111221e+01 1.428957367624039243e+01 1.932174215287090391e+01 2.932518104173157525e+01 2.995778818770811114e+01 2.080758987197249610e+01 1.993872082379886024e+01 2.799384901399845305e+01 3.225691514419904138e+01 2.302205975431758489e+01 2.454274002926175058e+01 2.869607353567408481e+01 2.551329461051467362e+01 2.132126851997673356e+01 1.749636139667014234e+01 9.153755756794392795e+00 6.328298892269229370e+00 4.803458282334511331e+00 3.904339072146092438e+00 1.024280445996859434e+01 1.190509764491800304e+01 2.226640191603107155e+01 2.778151607297419190e+01 2.233303642850210480e+01 1.316268259432556498e+01 1.118891612374701872e+01 1.282613853308380847e+01 2.177066241748331876e+01 2.868213217633715573e+01 2.198053032048150968e+01 1.732456133686604005e+01 1.492531716353157201e+01 6.121687244577240783e+00
6.756183529128325649e-01 1.066613288494971989e+01 7.173302192012522838e+00 7.915248133325100355e+00 9.970189326172047117e+00 1.347523680994717488e+01 2.362041274220061737e+01 3.309978203037500322e+01 2.581269535907938462e+01 1.566130681760231091e+01 1.556990524639114071e+01 2.568173699302867163e+01 2.830031192066312329e+01 1.832131233683393390e+01 1.491308488972098978e+01 1.983683940468158724e+01 2.387377248720134659e+01 2.720119820058540938e+01 1.696176729227163449e+01 1.733768088043983013e+01 9.580355504316456106e+00 9.905675099567984532e+00 3.649068019856231526e+00 3.294193182700128730e+00 1.236117953136306546e+01 1.728190423426899258e+01 1.761379310015352928e+01 1.763240787203670834e+01 1.709780769076973073e+01 8.738448849911714333e+00 8.448901820568812226e+00 1.373672827097482063e+01 2.074758318198619023e+01 2.680214351073125556e+01 2.128815998909864149e+01 1.222261650610455241e+01 6.948858802049079131e+00
1.053743069371424479e-01 8.103984429455358907e+00 4.823541883685699361e+00 5.966100185286777879e+00 1.566052152809721854e+01 2.355718704198570279e+01 2.747361263634023487e+01 3.132264854094978190e+01 2.550824713915856279e+01 1.683804805188243847e+01 1.279326205640532521e+01 2.037458392770173177e+01 2.520502649770857673e+01 1.931462643826735714e+01 1.136243376342051192e+01 9.947774534176419436e+00 1.982837991934442101e+01 2.680158261877612702e+01 2.720094084566817827e+01 2.527032592555995194e+01 1.947270974165613566e+01 1.015790399175826231e+01 4.479955858333058316e+00 3.496959059177858542e+00 3.831829658098938385e+00 1.125771232910120467e+01 1.518736233885703868e+01 7.537120706373599432e+00 1.659668771523196185e+01 1.205159191396771945e+01 5.187001246834841872e+00 1.706322404878278798e-01 1.212851956445585344e+01 1.862232970816287292e+01 2.484041151454771068e+01 1.907106250880870135e+01 1.336981205429811226e+01
4.388850927889174081e-01 2.063392293452052328e+00 2.868670234371814232e+00 1.345058184104678567e+01 2.039541318093227318e+01 2.046530478503719763e+01 2.173263054808382932e+01 2.178177410811501247e+01 2.706652712227934998e+01 1.738704555746353364e+01 1.045785910885994774e+01 9.551890825956448339e+00 2.048531541477251494e+01 1.781346865646884581e+01 8.846359775116185986e+00 7.976072030963381465e+00 1.341185055596907105e+01 2.299788998740332602e+01 2.132187665290991063e+01 2.544038150654435171e+01 2.334529791741953986e+01 1.704062384336836189e+01 9.507372842890150721e+00 3.546852869757987303e+00 3.180938574321834356e+00 -3.057805584351968164e+01 1.188931654660825643e+01 -1.043163920577633696e+01 9.669802724594912746e+00 1.396802970829684121e+01 8.734984507127702358e+00 2.923315037981741860e+00 3.670939060932579601e+00 1.335296215443150736e+01 1.746287627287307131e+01 1.497633303140644756e+01 1.519482812349170864e+01
8.953435393330821945e-01 -3.460611538499528406e-01 9.633922732246231746e+00 9.461955154401213264e+00 1.200663426255024646e+01 1.040435137458928416e+01 1.184512911130910950e+01 2.089676448236227913e+01 2.581349099539989211e+01 1.556251915460044088e+01 8.614851106578257145e+00 8.271449837751738698e+00 1.786743225789262723e+01 1.627340095831711153e+01 7.300589040378307359e+00 6.245429974772988224e+00 1.528377018205550542e+01 1.662728354524621110e+01 9.021658912672041453e+00 1.600961316264320189e+01 2.157422882708181788e+01 2.283023001740681579e+01 1.644711338672287582e+01 1.201788123709772549e+01 7.658301121551843949e+00 1.686583445753687016e+00 3.108439244654292999e+00 3.190323546754400219e+00 3.271996843083896156e+00 8.116100053141099835e+00 3.577638303626057059e+00 2.235539010797867210e+00 5.610342999087420068e+00 -3.133602193134142677e+00 1.120947979426909669e+01 6.974867165854973905e+00 4.676809788824972891e+00
1.994484013391750743e-02 9.215903885191555345e-01 -9.042266712808904572e+01 -3.010222325141419120e+01 2.284385307170784696e+00 5.588374836593642314e+00 1.137918021919061040e+01 2.138878745958111338e+01 2.675225166722086101e+01 1.761370476705882737e+01 1.088210222077910672e+01 6.657090588310308199e+00 9.466959212187417094e+00 1.208263316069755255e+01 4.113930766883613366e+00 9.733276824611925448e+00 1.410809184063287169e+01 7.377324154701096148e+00 -1.847639893139874756e+00 -3.061480238415457134e+00 1.071060577884899701e+01 1.717153055597748335e+01 1.608231820040094462e+01 1.138429505928370133e+01 1.107194087584149322e+01 8.131153084806738152e-01 8.657125508344401865e+00 -3.872191310748618065e+01 9.492388060687140694e+00 -1.829434669996101803e+01 3.448894189736029237e+00 7.812828460062296365e+00 1.143717594837477947e+01 3.768240567374523842e+00 3.923409523431895973e+00 3.818757949305166211e+00 4.357487112305278742e+00
